,R513A_UNIT,R513A_UNIT,R513A_UNIT,R513A_UNIT,R513A_UNIT,R513A_UNIT,R513A_UNIT,R513A_UNIT,R513A_UNIT,R513A_UNIT,R513A_UNIT,R513A_UNIT,R513A_UNIT,R513A_UNIT,R513A_UNIT,R513A_UNIT,R513A_UNIT,R513A_UNIT,R513A_UNIT,R513A_UNIT,R513A_UNIT,R513A_UNIT,R513A_UNIT,R513A_UNIT,R513A_UNIT,R513A_UNIT,R513A_UNIT,R513A_UNIT,R513A_UNIT,R513A_UNIT,R513A_UNIT,R513A_UNIT,R513A_UNIT,R513A_UNIT,R513A_UNIT,R513A_UNIT,R513A_UNIT,R513A_UNIT,R513A_UNIT,R513A_UNIT,R513A_UNIT,R513A_UNIT,R513A_UNIT,R513A_UNIT,R513A_UNIT,R513A_UNIT,R513A_UNIT,R513A_UNIT,R513A_UNIT,R513A_UNIT,R513A_UNIT,R513A_UNIT,R513A_UNIT,R513A_UNIT,R513A_UNIT,R513A_UNIT,R513A_UNIT,R513A_UNIT,R513A_UNIT,R513A_UNIT,R513A_UNIT,R513A_UNIT,R513A_UNIT,R513A_UNIT,R513A_UNIT,R513A_UNIT,R513A_UNIT,R513A_UNIT,R513A_UNIT,R513A_UNIT,R513A_UNIT,R513A_UNIT,R513A_UNIT,R513A_UNIT,R513A_UNIT,R513A_UNIT,R513A_UNIT,R513A_UNIT,R513A_UNIT,R513A_UNIT,R513A_UNIT,R513A_UNIT,R513A_UNIT,R513A_UNIT,R513A_UNIT,R513A_UNIT,R513A_UNIT,R513A_UNIT,R513A_UNIT,R513A_UNIT,R513A_UNIT,R513A_UNIT,R513A_UNIT,R513A_UNIT,R513A_UNIT,R513A_UNIT,R513A_UNIT,R513A_UNIT,R513A_UNIT,R513A_UNIT,R513A_UNIT,R513A_UNIT,R513A_UNIT,R513A_UNIT,R513A_UNIT,R513A_UNIT,R513A_UNIT,R513A_UNIT,R513A_UNIT,R513A_UNIT,R513A_UNIT,R513A_UNIT,R513A_UNIT,R513A_UNIT,R513A_UNIT,R513A_UNIT,R513A_UNIT,R513A_UNIT,R513A_UNIT,R513A_UNIT,R513A_UNIT,R513A_UNIT,R513A_UNIT,R513A_UNIT,R513A_UNIT,LOGGER,LOGGER,LOGGER,LOGGER,LOGGER,LOGGER,LOGGER,LOGGER,LOGGER,LOGGER,LOGGER,LOGGER,LOGGER,LOGGER,LOGGER,LOGGER,LOGGER,LOGGER,LOGGER,LOGGER,LOGGER,LOGGER,LOGGER,LOGGER,LOGGER,LOGGER,LOGGER,LOGGER,LOGGER,LOGGER,LOGGER,LOGGER,LOGGER,LOGGER,LOGGER,LOGGER,LOGGER,LOGGER,LOGGER,LOGGER,LOGGER,LOGGER,LOGGER,LOGGER,LOGGER,LOGGER,LOGGER,LOGGER,LOGGER,LOGGER,LOGGER,LOGGER,LOGGER,LOGGER,LOGGER,LOGGER,LOGGER,LOGGER,LOGGER,LOGGER,LOGGER,LOGGER,LOGGER,LOGGER,LOGGER,LOGGER,LOGGER,LOGGER,LOGGER,LOGGER,LOGGER,LOGGER,LOGGER,LOGGER,LOGGER,LOGGER,LOGGER,LOGGER,LOGGER,LOGGER,LOGGER,LOGGER,LOGGER,LOGGER,LOGGER,LOGGER,LOGGER,LOGGER,LOGGER,LOGGER,LOGGER,LOGGER,LOGGER,LOGGER,LOGGER,LOGGER,LOGGER,LOGGER,LOGGER,LOGGER,LOGGER,LOGGER,LOGGER,LOGGER,LOGGER,LOGGER,LOGGER,LOGGER,LOGGER,LOGGER,LOGGER,LOGGER,LOGGER,LOGGER,LOGGER,LOGGER,LOGGER,LOGGER,LOGGER,LOGGER,LOGGER,LOGGER,LOGGER,LOGGER,LOGGER,LOGGER,LOGGER,LOGGER,LOGGER,LOGGER,LOGGER,LOGGER,LOGGER,LOGGER,LOGGER,LOGGER,LOGGER,LOGGER,LOGGER,LOGGER,LOGGER,LOGGER,LOGGER,LOGGER,LOGGER,LOGGER,TEST_STATION,TEST_STATION,TEST_STATION,TEST_STATION,TEST_STATION,TEST_STATION,TEST_STATION,TEST_STATION,TEST_STATION,TEST_STATION,TEST_STATION,TEST_STATION,TEST_STATION,TEST_STATION,TEST_STATION,TEST_STATION,TEST_STATION,TEST_STATION,TEST_STATION,TEST_STATION,TEST_STATION,TEST_STATION,TEST_STATION,TEST_STATION,TEST_STATION,TEST_STATION,TEST_STATION,TEST_STATION,TEST_STATION,TEST_STATION,TEST_STATION,TEST_STATION,TEST_STATION,TEST_STATION,TEST_STATION,TEST_STATION,TEST_STATION,TEST_STATION,TEST_STATION,TEST_STATION,TEST_STATION,TEST_STATION,TEST_STATION,TEST_STATION,TEST_STATION,TEST_STATION,TEST_STATION,TEST_STATION,TEST_STATION,TEST_STATION,TEST_STATION,TEST_STATION,TEST_STATION,TEST_STATION,TEST_STATION,TEST_STATION,TEST_STATION,TEST_STATION,TEST_STATION,TEST_STATION,TEST_STATION,TEST_STATION,TEST_STATION,TEST_STATION,TEST_STATION,TEST_STATION,TEST_STATION,CHAMBER,CHAMBER,CHAMBER,CHAMBER,CHAMBER,CHAMBER,CHAMBER,CHAMBER,CHAMBER,CHAMBER,CHAMBER,CHAMBER,CHAMBER,CHAMBER,CHAMBER,CHAMBER,CHAMBER,CHAMBER,CHAMBER,CHAMBER,CHAMBER,CHAMBER,CHAMBER,CHAMBER,CHAMBER,CHAMBER,CHAMBER,CHAMBER,CHAMBER,CHAMBER,CHAMBER,CHAMBER,CHAMBER,CHAMBER,CHAMBER,CHAMBER,CHAMBER,CHAMBER,CHAMBER,CHAMBER,CHAMBER
TIME,Cycle_Status,Unit_SN,Heat_Call,Defrost,Alarm_Register_1,Alarm_Register_2,Alarm_Register_3,AMB_Fahr_W,Cond_LWT_Fahr_W,Cond_EWT_Fahr_W,Cond_Flow_F,Evap1_Fahr_W,Evap2_Fahr_W,Cold_Sensor_Fahr_W,Warm_Sensor_Fahr_W,SLT_Fahr_W,SH_F,DLP_W,SLP_W,Flow_Percent_Set_W,VFP_Head_ft_F,Circ_Pump_Output,Evap_Flow_Output,LLSV_Output,Comp_Output,HGBV_Output,AOTS,Remote_Enable,Comp_Feedback,MMP_Aux,Voltage_Monitor,O.P.S.S.,F.C._Aux,Evap_Flow,Pan_Sensor,Damper_Switch,TT_High,TT_ODR,Cond_Heat_Output,Defrost_Heat_Output,Pan_Heat_Output,PD_ctl,SP_HC_Cut_In,EWT_Block,MP_HC_Cut_In,MP_HC_Cut_Out,BMS_Heat_Call,MCP6_HC_Rgstr,Master_Comm_Status,Member_Unit_Status,MCPLA_HeatCall,mqtt_member_status,Cond_Flow_Verif,Flow_Valve_Verif,PID_Start,Pump_OFF_Delay,HGBV_Max,Post_HGBV_Fan,Defrost_Enable,VFP_Setpoint_W,Hardware_IO_Map_W,K2_EEV_POS,Tank_Storage_Temp,Demand_Diff,Cold_Sensor_Cut_In_F,Hot_Sensor_Cut_In_F,Cond_LWT_Input_F,Startup_GPM_F,CFlow_Low_Limit_F,Start_Valve_Pos_F,Min_Valve_Pos_F,Defrost_Cut_In_F,Defrost_Cut_Out_F,HGBV_PSIG_Cut_In_F,HGBV_PSIG_Cut_Out_F,Freeze_Po_1_Cut_In,Freeze_Po_1_Cut_Out,Freeze_Pro_2_Cut_In,Freeze_Pro_2_Cut_Out,WS_FrzPro2_Cut_In,WS_FrzPro2_Cut_Out,Purge_Cut_Out_Fahr_F,Kp_Input,Ki_Input,Kd_Input,PID_Start_Diff_F,Pump_Delay_Time,Max_Pump_Duration,CFlow_VerifFail_Time,Manual_EvapFlow_TIME,EFlow_VerifFail_Time,Defr_Cut_In_Delay_W,Def_Enable_Time_W,Def_Max_Dur_Time_W,Post_Def_Fan_Time_W,HGBV_Duration_W,PostHGBVFan_Time_W,Max_Purge_Time,SinglePass_Config,Glycol_Source_Config,CWP_Config,K2_Config,Standby_Valve_Pos,HGBV_Defrost_Enable,HGBV_Disable,Unit_Model,Pump_Down_PSIG_F,Amb_Range_LOW,InitSV_Max_F,SrcTemp_SwitchTemp_F,EWT_Cut_Out_F,Demand_Mode,Unit_number,StaticIP_Status,ODR_LWT_Min_F,ODR_LWT_Max_F,ODR_Amb_Min_F,ODR_Amb_Max_F,HPB_WWSD_F,Password_Lock,Dev_psswrd_Lock,Service_Lock,Manual_Ctl_Status_W,Ducted_Config,Fans_Adj_Input_F,EWT_float,LWT_float,dT_float,GPM_float,Capacity,KW_float,KWX3412_float,COP,VFD_Hz_W,CompVFD_ErrorCode,CompVFD_Status,GPMXdT,VFD_Hz_Setpoint_W,FlowValve_FB%,FlowValve_SetPont,GPM_ps_1X10_float,GPM_ps_2X100_float,GPM_ps_1_float,GPM_ps_2_float,Amb_unit,VFP_ctl_Word_1_W,VFP_Ctl_Mode_W,VFP_Operation_Mode_W,VFP_Ctl_Setpoint_W,Fans_Spd_Disp_F,VFP_Status_Word_1_W,VFP_ProcFB_Status_W,VFP_CtlMode_Status_W,VFP_OpMode_Status_W,VFP_Alarm_Code_W,VFP_Warning_Code_W,VFP_Head_W,VFP_Flow_W,VFP_Performance_W,VFP_Speed_W,VFP_Freq_W,VFP_Dig_Inputs_W,VFP_Dig_Outputs_W,VFP_Pwr_Lo_W,VFP_RemoteFlow_W,VFP_InletPress_W,VFP_RemotePress1_W,VFP_FeedTankLvl_W,VFP_PwrEleTemp_W,VFP_MotorTemp_W,VFP_RemoteTemp1_W,VFP_EleTemp_W,VFP_LiquidTemp_W,CMRC_Alarm_1,CMRC_Alarm_2,CMRC_Alarm_3,CMRC_Alarm_4,CMRC_Alarm_5,CMRC_Alarm_6,CMRC_Alarm_7,CMRC_Alarm_8,CMRC_Alarm_9,CMRC_Alarm_10,K2_SuperHeat,K2_SLP,K2_SatT,K2_SLT,K2_NA1,K2_EEV_POS,K2_DLT,K2_Relay,K2_Alarm,K2_System,K2_Firm,VFP_head_F_feet,GPM_vfp,VFP_SetPoint_F,EWT_Raw,LWT_Raw,LLT_Raw,DLT_Raw,GPM_prosense_1X10,GPM_prosense_2X100,Temp_prosense_1,Temp_prosense_2,LLP,Water_Pressure_Out,LLT_Raw_C270,DLT_Raw_C270,SourceWater_EWT_C270,SourceWater_LWT_C270,Tekmar_Loop_LWT_C270,Compressor_head_Temp,LWT_SM_3_Raw,Compressor_head_X10,Compressor_head_F,EWT_Float,LWT_Float,LLT_Float,DLT_Float,LLP_SM_I_Float,LWT_SM_I_Float,LWT_SM_2_Float,LWT_SM_3_Float,AIR_TEMP_F_FL_ub,RH_FL,RH_FL_UB,EWT_Thermowell_ANSI,LWT_Thermowell_ANSI,LLT,DLT,EWT_SM_Internal,LWT_SM_Internal,LWT_SM_2,LWT_SM_3,DLP_Word,Ambient_air_temp,RH,DefrostCutOut,DefrostDelayTimer,DefrostMaxDurTimer,DefrostEnableTimer,DefrostEnableTC,LWTSet,Voltage_monitor,AlarmReg_1,AlarmReg_2,AlarmReg_3,PhAVolt_C90,PhAAmps_C90,PhBVolt_C90,PhBAmp_C90,PhCVolt_C90,PhCAmp_C90,TruPwr3Ph_C90,ReacPwr3Ph_C90,AprntPwr3Ph_C90,NetEnergy_C90,UnsignedEnergy_C90,PositiveEng_C90,NegativeEng_C90,NetReactiveEng_C90,NetApparentEng_C90,PowFac3ph_C90,PSIG_Table_START,SSLT_Table_START,Fist_Match_LLP_W,x2_LLP_First_Match_D,SLLT_Lookup_I,SLLT_F,SubCooling_F,CondFlowLoss_Fault,HotTankT_lo,HotTankT_hi,Cooler_EWT_lo,Cooler_EWT_hi,Cooler_LWT_lo,Cooler_LWT_hi,CoolFlowRt_lo,CoolFlowRt_hi,HW_Pump_set,HTank_cutIn,HTank_cutOut,ChillerFanPercent,ColdTankT_lo,ColdTankT_hi,EvapHeadrRetT_lo,EvapHeadrRetT_hi,EvapHeadrSupT_lo,EvapHeadrSupT_hi,Evap_Pump_set,CTank_cutIn,CTank_cutOut,HeatingEnable,Cond_hd_Sply,condReturnT_hi,EvapHeadrFlowIn_l,EvapHeadrFlowIn_h,CoolerFanFreq,condPumpFreq,evapPumpFreq_l,evapPumpFreq_h,AMTemp_low,AMTemp_high,Cooling_Cap,AMB_RH,HTank_cutIn_F,SupplyHeaderInletR,SupplyHeaderInletS,ReturnHeaderOutletR,ReturnHeaderOutletS,BoilerControlVR,BoilerControlVS,HotTankR,HotTankS,FluidCoolerInletR,FluidCoolerInletS,FluidCoolerOutletR,FluidCoolerOutletS,EvapInletR,EvapInletS,EvapOutletR,EvapOutletS,ColdTankR,ColdTankS,AuxTempRaw,HeatedTank_Float,SourceTank_Float,AuxTmpFlot,AuxTmpScld,TempC1,TempC1_ub,TempF,RH1,ABS_H1,DPC1,DPF1,MR1,Amb_temp_set_epic_F,RH_set_epic_F,Hum_manual_override,TempF1,RH1,ABS_H1,DPF1,TempF2,RH2,ABS_H2,DPF2,TempF3,RH3,DPC3,DPF3,TempF4,RH4,ABS_H4,DPF4,FloorTC,K2_SUP1_In,K2_SLP1_In,K2_ET1_In,K2_SAT1_In,K2_RT1_In,K2_ValvePos1_In,K2_AUX1a_In,K2_RLY1,K2_Alarm1,K2_System1,K2_Firmware1,K2_AUX1b_In,K2_SLP2_In,K2_ET2_In,TempC1,TempF,RH1,ABS_H1,DPC1,DPF1,MR1
2026-07-09T15:00:00,ERR,ERR,ERR,ERR,ERR,ERR,ERR,ERR,ERR,ERR,ERR,ERR,ERR,ERR,ERR,ERR,ERR,ERR,ERR,ERR,ERR,ERR,ERR,ERR,ERR,ERR,ERR,ERR,ERR,ERR,ERR,ERR,ERR,ERR,ERR,ERR,ERR,ERR,ERR,ERR,ERR,ERR,ERR,ERR,ERR,ERR,ERR,ERR,ERR,ERR,ERR,ERR,ERR,ERR,ERR,ERR,ERR,ERR,ERR,ERR,ERR,ERR,ERR,ERR,ERR,ERR,ERR,ERR,ERR,ERR,ERR,ERR,ERR,ERR,ERR,ERR,ERR,ERR,ERR,ERR,ERR,ERR,ERR,ERR,ERR,ERR,ERR,ERR,ERR,ERR,ERR,ERR,ERR,ERR,ERR,ERR,ERR,ERR,ERR,ERR,ERR,ERR,ERR,ERR,ERR,ERR,ERR,ERR,ERR,ERR,ERR,ERR,ERR,ERR,ERR,ERR,ERR,ERR,ERR,ERR,ERR,ERR,ERR,ERR,ERR,0.0,-107615888.0,-0.0,-0.0,2.720216463179776e+16,-0.0,1.441261882382819e+28,-9.903656681115495e+31,0,0,4,17410,7116,0.0,100,0.0,0.0,0.0,0.0,0.0,0,0,0,0,0.0,0,0,0,0,0,0,0,0,0,0,0,0,0,0,0,0,0,0,0,0,0,0,0,0,0,0,0,0,0,0,0,0,0,31,40,40,71,65476,0,300,0,0,8,21553,0.0,-107605600.0,0.0,0.0,0.0,0.0,0.0,0.0,0.0,0.0,0.0,0.0,0.0,0.0,-2.596148429267414e+33,0.0,0.0,0.0,0.0,0.0,0.0,0.0,2.004,0.0,0.0,0.0,0.0,0.0,0.0,0.0,5145.0,0.0,6918.0,0.0,2.718442450803063e+23,2.004,2.004,0.0,0.0,0.0,0.0,69,2.3088398381063602e+20,0.0,0.0,0.0,0.0,0.0,0.0,0.0,0.0,0,0,0,0.0,0.0,0.0,0.0,0.0,0.0,0.0,0.0,0.0,0.0,0.0,0.0,0.0,0.0,0.0,0.0,0,-107875648.0,69,0.0,138,0.0,2.012,ERR,ERR,ERR,ERR,ERR,ERR,ERR,ERR,ERR,ERR,ERR,ERR,ERR,ERR,ERR,ERR,ERR,ERR,ERR,ERR,ERR,ERR,ERR,ERR,ERR,ERR,ERR,ERR,ERR,ERR,ERR,ERR,ERR,ERR,ERR,ERR,ERR,ERR,ERR,ERR,ERR,ERR,ERR,ERR,ERR,ERR,ERR,ERR,ERR,ERR,ERR,ERR,ERR,ERR,ERR,ERR,ERR,ERR,ERR,ERR,ERR,ERR,ERR,ERR,ERR,ERR,ERR,60.0,60.0,35,0.0,0.0,0.0,0.0,0.0,0.0,0.0,0.0,0.0,0.0,0.0,0.0,0.0,0.0,0.0,0.0,65.6,0,150,71,54,65476,0,65476,1,4,4,20529,65476,0,0,2621,60.0,0.0,0.0,0.0,0.0,0.0
2026-07-09T15:00:01,ERR,ERR,ERR,ERR,ERR,ERR,ERR,ERR,ERR,ERR,ERR,ERR,ERR,ERR,ERR,ERR,ERR,ERR,ERR,ERR,ERR,ERR,ERR,ERR,ERR,ERR,ERR,ERR,ERR,ERR,ERR,ERR,ERR,ERR,ERR,ERR,ERR,ERR,ERR,ERR,ERR,ERR,ERR,ERR,ERR,ERR,ERR,ERR,ERR,ERR,ERR,ERR,ERR,ERR,ERR,ERR,ERR,ERR,ERR,ERR,ERR,ERR,ERR,ERR,ERR,ERR,ERR,ERR,ERR,ERR,ERR,ERR,ERR,ERR,ERR,ERR,ERR,ERR,ERR,ERR,ERR,ERR,ERR,ERR,ERR,ERR,ERR,ERR,ERR,ERR,ERR,ERR,ERR,ERR,ERR,ERR,ERR,ERR,ERR,ERR,ERR,ERR,ERR,ERR,ERR,ERR,ERR,ERR,ERR,ERR,ERR,ERR,ERR,ERR,ERR,ERR,ERR,ERR,ERR,ERR,ERR,ERR,ERR,ERR,ERR,-0.0,0.0,-107090352.0,2.718368051337219e+23,1.1680624658165782e+21,144156196864.0,6.626593898377432e+30,-0.0,0,0,4,17410,7116,0.0,100,0.0,0.0,0.0,0.0,0.0,0,0,0,0,0.0,0,0,0,0,0,0,0,0,0,0,0,0,0,0,0,0,0,0,0,0,0,0,0,0,0,0,0,0,0,0,0,0,0,31,40,40,71,65476,0,300,0,0,8,21553,0.0,-107605600.0,0.0,0.0,0.0,0.0,0.0,0.0,0.0,0.0,0.0,0.0,0.0,0.0,0.0,0.0,0.0,0.0,0.0,0.0,0.0,0.0,0.0,-2.004,0.0,0.0,0.0,0.0,0.0,0.0,5119.0,-564146034704384.0,6939.0,0.0,2.7184426309470482e+23,2.004,2.004,0.0,0.0,0.0,0.0,69,-0.0,-0.0,0.0,0.0,0.0,0.0,0.0,0.0,0.0,0,0,0,0.0,0.0,0.0,0.0,0.0,0.0,0.0,0.0,0.0,0.0,0.0,0.0,0.0,0.0,0.0,0.0,0,-107875648.0,69,0.0,138,0.0,2.012,ERR,ERR,ERR,ERR,ERR,ERR,ERR,ERR,ERR,ERR,ERR,ERR,ERR,ERR,ERR,ERR,ERR,ERR,ERR,ERR,ERR,ERR,ERR,ERR,ERR,ERR,ERR,ERR,ERR,ERR,ERR,ERR,ERR,ERR,ERR,ERR,ERR,ERR,ERR,ERR,ERR,ERR,ERR,ERR,ERR,ERR,ERR,ERR,ERR,ERR,ERR,ERR,ERR,ERR,ERR,ERR,ERR,ERR,ERR,ERR,ERR,ERR,ERR,ERR,ERR,ERR,ERR,60.0,60.0,35,0.0,0.0,0.0,0.0,0.0,0.0,0.0,0.0,0.0,0.0,0.0,0.0,0.0,0.0,0.0,0.0,65.2,0,150,71,54,65476,0,65476,1,4,4,20529,65476,0,0,2621,60.0,0.0,0.0,0.0,0.0,0.0
2026-07-09T15:00:02,ERR,ERR,ERR,ERR,ERR,ERR,ERR,ERR,ERR,ERR,ERR,ERR,ERR,ERR,ERR,ERR,ERR,ERR,ERR,ERR,ERR,ERR,ERR,ERR,ERR,ERR,ERR,ERR,ERR,ERR,ERR,ERR,ERR,ERR,ERR,ERR,ERR,ERR,ERR,ERR,ERR,ERR,ERR,ERR,ERR,ERR,ERR,ERR,ERR,ERR,ERR,ERR,ERR,ERR,ERR,ERR,ERR,ERR,ERR,ERR,ERR,ERR,ERR,ERR,ERR,ERR,ERR,ERR,ERR,ERR,ERR,ERR,ERR,ERR,ERR,ERR,ERR,ERR,ERR,ERR,ERR,ERR,ERR,ERR,ERR,ERR,ERR,ERR,ERR,ERR,ERR,ERR,ERR,ERR,ERR,ERR,ERR,ERR,ERR,ERR,ERR,ERR,ERR,ERR,ERR,ERR,ERR,ERR,ERR,ERR,ERR,ERR,ERR,ERR,ERR,ERR,ERR,ERR,ERR,ERR,ERR,ERR,ERR,ERR,ERR,-0.0,0.0,-107090352.0,2.718368051337219e+23,1.1680624658165782e+21,144156196864.0,6.626593898377432e+30,-0.0,0,0,4,17410,7116,0.0,100,0.0,0.0,0.0,0.0,0.0,0,0,0,0,0.0,0,0,0,0,0,0,0,0,0,0,0,0,0,0,0,0,0,0,0,0,0,0,0,0,0,0,0,0,0,0,0,0,0,31,40,40,71,65476,0,300,0,0,8,21553,0.0,-107605600.0,0.0,0.0,0.0,0.0,0.0,0.0,0.0,0.0,0.0,0.0,0.0,0.0,0.0,0.0,0.0,0.0,0.0,0.0,0.0,0.0,0.0,-2.004,0.0,0.0,0.0,0.0,0.0,0.0,5119.0,-564146034704384.0,6939.0,0.0,2.7184426309470482e+23,2.004,2.004,0.0,0.0,0.0,0.0,69,-0.0,-0.0,0.0,0.0,0.0,0.0,0.0,0.0,0.0,0,0,0,0.0,0.0,0.0,0.0,0.0,0.0,0.0,0.0,0.0,0.0,0.0,0.0,0.0,0.0,0.0,0.0,0,-107875648.0,69,0.0,138,0.0,2.012,ERR,ERR,ERR,ERR,ERR,ERR,ERR,ERR,ERR,ERR,ERR,ERR,ERR,ERR,ERR,ERR,ERR,ERR,ERR,ERR,ERR,ERR,ERR,ERR,ERR,ERR,ERR,ERR,ERR,ERR,ERR,ERR,ERR,ERR,ERR,ERR,ERR,ERR,ERR,ERR,ERR,ERR,ERR,ERR,ERR,ERR,ERR,ERR,ERR,ERR,ERR,ERR,ERR,ERR,ERR,ERR,ERR,ERR,ERR,ERR,ERR,ERR,ERR,ERR,ERR,ERR,ERR,60.0,60.0,35,0.0,0.0,0.0,0.0,0.0,0.0,0.0,0.0,0.0,0.0,0.0,0.0,0.0,0.0,0.0,0.0,65.2,0,150,71,54,65476,0,65476,1,4,4,20529,65476,0,0,2621,60.0,0.0,0.0,0.0,0.0,0.0
2026-07-09T15:00:03,ERR,ERR,ERR,ERR,ERR,ERR,ERR,ERR,ERR,ERR,ERR,ERR,ERR,ERR,ERR,ERR,ERR,ERR,ERR,ERR,ERR,ERR,ERR,ERR,ERR,ERR,ERR,ERR,ERR,ERR,ERR,ERR,ERR,ERR,ERR,ERR,ERR,ERR,ERR,ERR,ERR,ERR,ERR,ERR,ERR,ERR,ERR,ERR,ERR,ERR,ERR,ERR,ERR,ERR,ERR,ERR,ERR,ERR,ERR,ERR,ERR,ERR,ERR,ERR,ERR,ERR,ERR,ERR,ERR,ERR,ERR,ERR,ERR,ERR,ERR,ERR,ERR,ERR,ERR,ERR,ERR,ERR,ERR,ERR,ERR,ERR,ERR,ERR,ERR,ERR,ERR,ERR,ERR,ERR,ERR,ERR,ERR,ERR,ERR,ERR,ERR,ERR,ERR,ERR,ERR,ERR,ERR,ERR,ERR,ERR,ERR,ERR,ERR,ERR,ERR,ERR,ERR,ERR,ERR,ERR,ERR,ERR,ERR,ERR,ERR,-0.0,0.0,-107090352.0,2.718368051337219e+23,1.1680624658165782e+21,144156196864.0,6.626593898377432e+30,-0.0,0,0,4,17410,7116,0.0,100,0.0,0.0,0.0,0.0,0.0,0,0,0,0,0.0,0,0,0,0,0,0,0,0,0,0,0,0,0,0,0,0,0,0,0,0,0,0,0,0,0,0,0,0,0,0,0,0,0,31,40,40,71,65476,0,300,0,0,8,21553,0.0,-107605600.0,0.0,0.0,0.0,0.0,0.0,0.0,0.0,0.0,0.0,0.0,0.0,0.0,0.0,0.0,0.0,0.0,0.0,0.0,0.0,0.0,0.0,-2.004,0.0,0.0,0.0,0.0,0.0,0.0,5119.0,-564146034704384.0,6939.0,0.0,2.7184426309470482e+23,2.004,2.004,0.0,0.0,0.0,0.0,69,-0.0,-0.0,0.0,0.0,0.0,0.0,0.0,0.0,0.0,0,0,0,0.0,0.0,0.0,0.0,0.0,0.0,0.0,0.0,0.0,0.0,0.0,0.0,0.0,0.0,0.0,0.0,0,-107875648.0,69,0.0,138,0.0,2.012,ERR,ERR,ERR,ERR,ERR,ERR,ERR,ERR,ERR,ERR,ERR,ERR,ERR,ERR,ERR,ERR,ERR,ERR,ERR,ERR,ERR,ERR,ERR,ERR,ERR,ERR,ERR,ERR,ERR,ERR,ERR,ERR,ERR,ERR,ERR,ERR,ERR,ERR,ERR,ERR,ERR,ERR,ERR,ERR,ERR,ERR,ERR,ERR,ERR,ERR,ERR,ERR,ERR,ERR,ERR,ERR,ERR,ERR,ERR,ERR,ERR,ERR,ERR,ERR,ERR,ERR,ERR,60.0,60.0,35,0.0,0.0,0.0,0.0,0.0,0.0,0.0,0.0,0.0,0.0,0.0,0.0,0.0,0.0,0.0,0.0,66.0,0,150,71,54,65476,0,65476,1,4,4,20529,65476,0,0,2621,60.0,0.0,0.0,0.0,0.0,0.0
2026-07-09T15:00:04,ERR,ERR,ERR,ERR,ERR,ERR,ERR,ERR,ERR,ERR,ERR,ERR,ERR,ERR,ERR,ERR,ERR,ERR,ERR,ERR,ERR,ERR,ERR,ERR,ERR,ERR,ERR,ERR,ERR,ERR,ERR,ERR,ERR,ERR,ERR,ERR,ERR,ERR,ERR,ERR,ERR,ERR,ERR,ERR,ERR,ERR,ERR,ERR,ERR,ERR,ERR,ERR,ERR,ERR,ERR,ERR,ERR,ERR,ERR,ERR,ERR,ERR,ERR,ERR,ERR,ERR,ERR,ERR,ERR,ERR,ERR,ERR,ERR,ERR,ERR,ERR,ERR,ERR,ERR,ERR,ERR,ERR,ERR,ERR,ERR,ERR,ERR,ERR,ERR,ERR,ERR,ERR,ERR,ERR,ERR,ERR,ERR,ERR,ERR,ERR,ERR,ERR,ERR,ERR,ERR,ERR,ERR,ERR,ERR,ERR,ERR,ERR,ERR,ERR,ERR,ERR,ERR,ERR,ERR,ERR,ERR,ERR,ERR,ERR,ERR,-0.0,0.0,-107090352.0,2.718368051337219e+23,1.1680624658165782e+21,144156196864.0,6.626593898377432e+30,-0.0,0,0,4,17410,7116,0.0,100,0.0,0.0,0.0,0.0,0.0,0,0,0,0,0.0,0,0,0,0,0,0,0,0,0,0,0,0,0,0,0,0,0,0,0,0,0,0,0,0,0,0,0,0,0,0,0,0,0,31,40,40,71,65476,0,300,0,0,8,21553,0.0,-107605600.0,0.0,0.0,0.0,0.0,0.0,0.0,0.0,0.0,0.0,0.0,0.0,0.0,0.0,0.0,0.0,0.0,0.0,0.0,0.0,0.0,0.0,-2.004,0.0,0.0,0.0,0.0,0.0,0.0,5119.0,-564146034704384.0,6939.0,0.0,2.7184426309470482e+23,2.004,2.004,0.0,0.0,0.0,0.0,69,-0.0,-0.0,0.0,0.0,0.0,0.0,0.0,0.0,0.0,0,0,0,0.0,0.0,0.0,0.0,0.0,0.0,0.0,0.0,0.0,0.0,0.0,0.0,0.0,0.0,0.0,0.0,0,-107875648.0,69,0.0,138,0.0,2.012,ERR,ERR,ERR,ERR,ERR,ERR,ERR,ERR,ERR,ERR,ERR,ERR,ERR,ERR,ERR,ERR,ERR,ERR,ERR,ERR,ERR,ERR,ERR,ERR,ERR,ERR,ERR,ERR,ERR,ERR,ERR,ERR,ERR,ERR,ERR,ERR,ERR,ERR,ERR,ERR,ERR,ERR,ERR,ERR,ERR,ERR,ERR,ERR,ERR,ERR,ERR,ERR,ERR,ERR,ERR,ERR,ERR,ERR,ERR,ERR,ERR,ERR,ERR,ERR,ERR,ERR,ERR,60.0,60.0,35,0.0,0.0,0.0,0.0,0.0,0.0,0.0,0.0,0.0,0.0,0.0,0.0,0.0,0.0,0.0,0.0,65.6,0,150,71,54,65476,0,65476,1,4,4,20529,65476,0,0,2621,60.0,0.0,0.0,0.0,0.0,0.0
2026-07-09T15:00:05,ERR,ERR,ERR,ERR,ERR,ERR,ERR,ERR,ERR,ERR,ERR,ERR,ERR,ERR,ERR,ERR,ERR,ERR,ERR,ERR,ERR,ERR,ERR,ERR,ERR,ERR,ERR,ERR,ERR,ERR,ERR,ERR,ERR,ERR,ERR,ERR,ERR,ERR,ERR,ERR,ERR,ERR,ERR,ERR,ERR,ERR,ERR,ERR,ERR,ERR,ERR,ERR,ERR,ERR,ERR,ERR,ERR,ERR,ERR,ERR,ERR,ERR,ERR,ERR,ERR,ERR,ERR,ERR,ERR,ERR,ERR,ERR,ERR,ERR,ERR,ERR,ERR,ERR,ERR,ERR,ERR,ERR,ERR,ERR,ERR,ERR,ERR,ERR,ERR,ERR,ERR,ERR,ERR,ERR,ERR,ERR,ERR,ERR,ERR,ERR,ERR,ERR,ERR,ERR,ERR,ERR,ERR,ERR,ERR,ERR,ERR,ERR,ERR,ERR,ERR,ERR,ERR,ERR,ERR,ERR,ERR,ERR,ERR,ERR,ERR,-0.0,0.0,-107090352.0,2.718368051337219e+23,1.1680624658165782e+21,144156196864.0,6.626593898377432e+30,-0.0,0,0,4,17410,7116,0.0,100,0.0,0.0,0.0,0.0,0.0,0,0,0,0,0.0,0,0,0,0,0,0,0,0,0,0,0,0,0,0,0,0,0,0,0,0,0,0,0,0,0,0,0,0,0,0,0,0,0,31,40,40,71,65476,0,300,0,0,8,21553,0.0,-107605600.0,0.0,0.0,0.0,0.0,0.0,0.0,0.0,0.0,0.0,0.0,0.0,0.0,0.0,0.0,0.0,0.0,0.0,0.0,0.0,0.0,0.0,-2.004,0.0,0.0,0.0,0.0,0.0,0.0,5119.0,-564146034704384.0,6939.0,0.0,2.7184426309470482e+23,2.004,2.004,0.0,0.0,0.0,0.0,69,-0.0,-0.0,0.0,0.0,0.0,0.0,0.0,0.0,0.0,0,0,0,0.0,0.0,0.0,0.0,0.0,0.0,0.0,0.0,0.0,0.0,0.0,0.0,0.0,0.0,0.0,0.0,0,-107875648.0,69,0.0,138,0.0,2.012,ERR,ERR,ERR,ERR,ERR,ERR,ERR,ERR,ERR,ERR,ERR,ERR,ERR,ERR,ERR,ERR,ERR,ERR,ERR,ERR,ERR,ERR,ERR,ERR,ERR,ERR,ERR,ERR,ERR,ERR,ERR,ERR,ERR,ERR,ERR,ERR,ERR,ERR,ERR,ERR,ERR,ERR,ERR,ERR,ERR,ERR,ERR,ERR,ERR,ERR,ERR,ERR,ERR,ERR,ERR,ERR,ERR,ERR,ERR,ERR,ERR,ERR,ERR,ERR,ERR,ERR,ERR,60.0,60.0,35,0.0,0.0,0.0,0.0,0.0,0.0,0.0,0.0,0.0,0.0,0.0,0.0,0.0,0.0,0.0,0.0,65.6,0,150,71,54,65476,0,65476,1,4,4,20529,65476,0,0,2621,60.0,0.0,0.0,0.0,0.0,0.0
2026-07-09T15:00:06,ERR,ERR,ERR,ERR,ERR,ERR,ERR,ERR,ERR,ERR,ERR,ERR,ERR,ERR,ERR,ERR,ERR,ERR,ERR,ERR,ERR,ERR,ERR,ERR,ERR,ERR,ERR,ERR,ERR,ERR,ERR,ERR,ERR,ERR,ERR,ERR,ERR,ERR,ERR,ERR,ERR,ERR,ERR,ERR,ERR,ERR,ERR,ERR,ERR,ERR,ERR,ERR,ERR,ERR,ERR,ERR,ERR,ERR,ERR,ERR,ERR,ERR,ERR,ERR,ERR,ERR,ERR,ERR,ERR,ERR,ERR,ERR,ERR,ERR,ERR,ERR,ERR,ERR,ERR,ERR,ERR,ERR,ERR,ERR,ERR,ERR,ERR,ERR,ERR,ERR,ERR,ERR,ERR,ERR,ERR,ERR,ERR,ERR,ERR,ERR,ERR,ERR,ERR,ERR,ERR,ERR,ERR,ERR,ERR,ERR,ERR,ERR,ERR,ERR,ERR,ERR,ERR,ERR,ERR,ERR,ERR,ERR,ERR,ERR,ERR,-107615104.0,-107615904.0,-107614656.0,2.718368051337219e+23,-0.0,-4.9146864091529216e+17,8489241768099840.0,-0.0,0,0,4,17409,7116,0.0,100,0.0,0.0,2.718368051337219e+23,0.0,0.0,0,0,0,0,0.0,0,0,0,0,0,0,0,0,0,0,0,0,0,0,0,0,0,0,0,0,0,0,0,0,0,0,0,0,0,0,0,0,0,31,40,40,71,65476,0,300,0,0,8,21553,0.0,-107605600.0,0.0,0.0,0.0,0.0,0.0,0.0,0.0,0.0,0.0,0.0,0.0,0.0,0.0,0.0,0.0,0.0,0.0,0.0,0.0,0.0,2.004,0.0,0.0,0.0,0.0,0.0,0.0,0.0,5089.0,-0.0,6930.0,2.7184246165485387e+23,0.0,2.004,2.004,0.0,0.0,0.0,0.0,69,-0.0,0.059,0.0,0.0,0.0,0.0,0.0,0.0,0.0,0,0,0,0.0,0.0,0.0,0.0,0.0,0.0,0.0,0.0,0.0,0.0,0.0,0.0,0.0,0.0,0.0,0.0,0,-107875648.0,69,0.0,138,0.0,2.012,ERR,ERR,ERR,ERR,ERR,ERR,ERR,ERR,ERR,ERR,ERR,ERR,ERR,ERR,ERR,ERR,ERR,ERR,ERR,ERR,ERR,ERR,ERR,ERR,ERR,ERR,ERR,ERR,ERR,ERR,ERR,ERR,ERR,ERR,ERR,ERR,ERR,ERR,ERR,ERR,ERR,ERR,ERR,ERR,ERR,ERR,ERR,ERR,ERR,ERR,ERR,ERR,ERR,ERR,ERR,ERR,ERR,ERR,ERR,ERR,ERR,ERR,ERR,ERR,ERR,ERR,ERR,60.0,60.0,35,0.0,0.0,0.0,0.0,0.0,0.0,0.0,0.0,0.0,0.0,0.0,0.0,0.0,0.0,0.0,0.0,65.6,0,150,71,54,65476,0,65476,1,4,4,20529,65476,0,0,2621,60.0,0.0,0.0,0.0,0.0,0.0
2026-07-09T15:00:07,ERR,ERR,ERR,ERR,ERR,ERR,ERR,ERR,ERR,ERR,ERR,ERR,ERR,ERR,ERR,ERR,ERR,ERR,ERR,ERR,ERR,ERR,ERR,ERR,ERR,ERR,ERR,ERR,ERR,ERR,ERR,ERR,ERR,ERR,ERR,ERR,ERR,ERR,ERR,ERR,ERR,ERR,ERR,ERR,ERR,ERR,ERR,ERR,ERR,ERR,ERR,ERR,ERR,ERR,ERR,ERR,ERR,ERR,ERR,ERR,ERR,ERR,ERR,ERR,ERR,ERR,ERR,ERR,ERR,ERR,ERR,ERR,ERR,ERR,ERR,ERR,ERR,ERR,ERR,ERR,ERR,ERR,ERR,ERR,ERR,ERR,ERR,ERR,ERR,ERR,ERR,ERR,ERR,ERR,ERR,ERR,ERR,ERR,ERR,ERR,ERR,ERR,ERR,ERR,ERR,ERR,ERR,ERR,ERR,ERR,ERR,ERR,ERR,ERR,ERR,ERR,ERR,ERR,ERR,ERR,ERR,ERR,ERR,ERR,ERR,-107615104.0,-107615904.0,-107614656.0,2.718368051337219e+23,-0.0,-4.9146864091529216e+17,8489241768099840.0,-0.0,0,0,4,17409,7116,0.0,100,0.0,0.0,2.718368051337219e+23,0.0,0.0,0,0,0,0,0.0,0,0,0,0,0,0,0,0,0,0,0,0,0,0,0,0,0,0,0,0,0,0,0,0,0,0,0,0,0,0,0,0,0,31,40,40,71,65476,0,300,0,0,8,21553,0.0,-107605600.0,0.0,0.0,0.0,0.0,0.0,0.0,0.0,0.0,0.0,0.0,0.0,0.0,0.0,0.0,0.0,0.0,0.0,0.0,0.0,0.0,2.004,0.0,0.0,0.0,0.0,0.0,0.0,0.0,5089.0,-0.0,6930.0,2.7184246165485387e+23,0.0,2.004,2.004,0.0,0.0,0.0,0.0,69,-0.0,0.059,0.0,0.0,0.0,0.0,0.0,0.0,0.0,0,0,0,0.0,0.0,0.0,0.0,0.0,0.0,0.0,0.0,0.0,0.0,0.0,0.0,0.0,0.0,0.0,0.0,0,-107875648.0,69,0.0,138,0.0,2.012,ERR,ERR,ERR,ERR,ERR,ERR,ERR,ERR,ERR,ERR,ERR,ERR,ERR,ERR,ERR,ERR,ERR,ERR,ERR,ERR,ERR,ERR,ERR,ERR,ERR,ERR,ERR,ERR,ERR,ERR,ERR,ERR,ERR,ERR,ERR,ERR,ERR,ERR,ERR,ERR,ERR,ERR,ERR,ERR,ERR,ERR,ERR,ERR,ERR,ERR,ERR,ERR,ERR,ERR,ERR,ERR,ERR,ERR,ERR,ERR,ERR,ERR,ERR,ERR,ERR,ERR,ERR,60.0,60.0,35,0.0,0.0,0.0,0.0,0.0,0.0,0.0,0.0,0.0,0.0,0.0,0.0,0.0,0.0,0.0,0.0,65.6,0,150,71,54,65476,0,65476,1,4,4,20529,65476,0,0,2621,60.0,0.0,0.0,0.0,0.0,0.0
2026-07-09T15:00:08,ERR,ERR,ERR,ERR,ERR,ERR,ERR,ERR,ERR,ERR,ERR,ERR,ERR,ERR,ERR,ERR,ERR,ERR,ERR,ERR,ERR,ERR,ERR,ERR,ERR,ERR,ERR,ERR,ERR,ERR,ERR,ERR,ERR,ERR,ERR,ERR,ERR,ERR,ERR,ERR,ERR,ERR,ERR,ERR,ERR,ERR,ERR,ERR,ERR,ERR,ERR,ERR,ERR,ERR,ERR,ERR,ERR,ERR,ERR,ERR,ERR,ERR,ERR,ERR,ERR,ERR,ERR,ERR,ERR,ERR,ERR,ERR,ERR,ERR,ERR,ERR,ERR,ERR,ERR,ERR,ERR,ERR,ERR,ERR,ERR,ERR,ERR,ERR,ERR,ERR,ERR,ERR,ERR,ERR,ERR,ERR,ERR,ERR,ERR,ERR,ERR,ERR,ERR,ERR,ERR,ERR,ERR,ERR,ERR,ERR,ERR,ERR,ERR,ERR,ERR,ERR,ERR,ERR,ERR,ERR,ERR,ERR,ERR,ERR,ERR,-107615104.0,-107615904.0,-107614656.0,2.718368051337219e+23,-0.0,-4.9146864091529216e+17,8489241768099840.0,-0.0,0,0,4,17409,7116,0.0,100,0.0,0.0,2.718368051337219e+23,0.0,0.0,0,0,0,0,0.0,0,0,0,0,0,0,0,0,0,0,0,0,0,0,0,0,0,0,0,0,0,0,0,0,0,0,0,0,0,0,0,0,0,31,40,40,71,65476,0,300,0,0,8,21553,0.0,-107605600.0,0.0,0.0,0.0,0.0,0.0,0.0,0.0,0.0,0.0,0.0,0.0,0.0,0.0,0.0,0.0,0.0,0.0,0.0,0.0,0.0,2.004,0.0,0.0,0.0,0.0,0.0,0.0,0.0,5089.0,-0.0,6930.0,2.7184246165485387e+23,0.0,2.004,2.004,0.0,0.0,0.0,0.0,69,-0.0,0.059,0.0,0.0,0.0,0.0,0.0,0.0,0.0,0,0,0,0.0,0.0,0.0,0.0,0.0,0.0,0.0,0.0,0.0,0.0,0.0,0.0,0.0,0.0,0.0,0.0,0,-107875648.0,69,0.0,138,0.0,2.012,ERR,ERR,ERR,ERR,ERR,ERR,ERR,ERR,ERR,ERR,ERR,ERR,ERR,ERR,ERR,ERR,ERR,ERR,ERR,ERR,ERR,ERR,ERR,ERR,ERR,ERR,ERR,ERR,ERR,ERR,ERR,ERR,ERR,ERR,ERR,ERR,ERR,ERR,ERR,ERR,ERR,ERR,ERR,ERR,ERR,ERR,ERR,ERR,ERR,ERR,ERR,ERR,ERR,ERR,ERR,ERR,ERR,ERR,ERR,ERR,ERR,ERR,ERR,ERR,ERR,ERR,ERR,60.0,60.0,35,0.0,0.0,0.0,0.0,0.0,0.0,0.0,0.0,0.0,0.0,0.0,0.0,0.0,0.0,0.0,0.0,65.2,0,150,71,54,65476,0,65476,1,4,4,20529,65476,0,0,2621,60.0,0.0,0.0,0.0,0.0,0.0
2026-07-09T15:00:09,ERR,ERR,ERR,ERR,ERR,ERR,ERR,ERR,ERR,ERR,ERR,ERR,ERR,ERR,ERR,ERR,ERR,ERR,ERR,ERR,ERR,ERR,ERR,ERR,ERR,ERR,ERR,ERR,ERR,ERR,ERR,ERR,ERR,ERR,ERR,ERR,ERR,ERR,ERR,ERR,ERR,ERR,ERR,ERR,ERR,ERR,ERR,ERR,ERR,ERR,ERR,ERR,ERR,ERR,ERR,ERR,ERR,ERR,ERR,ERR,ERR,ERR,ERR,ERR,ERR,ERR,ERR,ERR,ERR,ERR,ERR,ERR,ERR,ERR,ERR,ERR,ERR,ERR,ERR,ERR,ERR,ERR,ERR,ERR,ERR,ERR,ERR,ERR,ERR,ERR,ERR,ERR,ERR,ERR,ERR,ERR,ERR,ERR,ERR,ERR,ERR,ERR,ERR,ERR,ERR,ERR,ERR,ERR,ERR,ERR,ERR,ERR,ERR,ERR,ERR,ERR,ERR,ERR,ERR,ERR,ERR,ERR,ERR,ERR,ERR,-107615104.0,-107615904.0,-107614656.0,2.718368051337219e+23,-0.0,-4.9146864091529216e+17,8489241768099840.0,-0.0,0,0,4,17409,7116,0.0,100,0.0,0.0,2.718368051337219e+23,0.0,0.0,0,0,0,0,0.0,0,0,0,0,0,0,0,0,0,0,0,0,0,0,0,0,0,0,0,0,0,0,0,0,0,0,0,0,0,0,0,0,0,31,40,40,71,65476,0,300,0,0,8,21553,0.0,-107605600.0,0.0,0.0,0.0,0.0,0.0,0.0,0.0,0.0,0.0,0.0,0.0,0.0,0.0,0.0,0.0,0.0,0.0,0.0,0.0,0.0,2.004,0.0,0.0,0.0,0.0,0.0,0.0,0.0,5089.0,-0.0,6930.0,2.7184246165485387e+23,0.0,2.004,2.004,0.0,0.0,0.0,0.0,69,-0.0,0.059,0.0,0.0,0.0,0.0,0.0,0.0,0.0,0,0,0,0.0,0.0,0.0,0.0,0.0,0.0,0.0,0.0,0.0,0.0,0.0,0.0,0.0,0.0,0.0,0.0,0,-107875648.0,69,0.0,138,0.0,2.012,ERR,ERR,ERR,ERR,ERR,ERR,ERR,ERR,ERR,ERR,ERR,ERR,ERR,ERR,ERR,ERR,ERR,ERR,ERR,ERR,ERR,ERR,ERR,ERR,ERR,ERR,ERR,ERR,ERR,ERR,ERR,ERR,ERR,ERR,ERR,ERR,ERR,ERR,ERR,ERR,ERR,ERR,ERR,ERR,ERR,ERR,ERR,ERR,ERR,ERR,ERR,ERR,ERR,ERR,ERR,ERR,ERR,ERR,ERR,ERR,ERR,ERR,ERR,ERR,ERR,ERR,ERR,60.0,60.0,35,0.0,0.0,0.0,0.0,0.0,0.0,0.0,0.0,0.0,0.0,0.0,0.0,0.0,0.0,0.0,0.0,65.6,0,150,71,54,65476,0,65476,1,4,4,20529,65476,0,0,2621,60.0,0.0,0.0,0.0,0.0,0.0
2026-07-09T15:00:10,ERR,ERR,ERR,ERR,ERR,ERR,ERR,ERR,ERR,ERR,ERR,ERR,ERR,ERR,ERR,ERR,ERR,ERR,ERR,ERR,ERR,ERR,ERR,ERR,ERR,ERR,ERR,ERR,ERR,ERR,ERR,ERR,ERR,ERR,ERR,ERR,ERR,ERR,ERR,ERR,ERR,ERR,ERR,ERR,ERR,ERR,ERR,ERR,ERR,ERR,ERR,ERR,ERR,ERR,ERR,ERR,ERR,ERR,ERR,ERR,ERR,ERR,ERR,ERR,ERR,ERR,ERR,ERR,ERR,ERR,ERR,ERR,ERR,ERR,ERR,ERR,ERR,ERR,ERR,ERR,ERR,ERR,ERR,ERR,ERR,ERR,ERR,ERR,ERR,ERR,ERR,ERR,ERR,ERR,ERR,ERR,ERR,ERR,ERR,ERR,ERR,ERR,ERR,ERR,ERR,ERR,ERR,ERR,ERR,ERR,ERR,ERR,ERR,ERR,ERR,ERR,ERR,ERR,ERR,ERR,ERR,ERR,ERR,ERR,ERR,-107615104.0,-107615904.0,-107614656.0,2.718368051337219e+23,-0.0,-4.9146864091529216e+17,8489241768099840.0,-0.0,0,0,4,17409,7116,0.0,100,0.0,0.0,2.718368051337219e+23,0.0,0.0,0,0,0,0,0.0,0,0,0,0,0,0,0,0,0,0,0,0,0,0,0,0,0,0,0,0,0,0,0,0,0,0,0,0,0,0,0,0,0,31,40,40,71,65476,0,300,0,0,8,21553,0.0,-107605600.0,0.0,0.0,0.0,0.0,0.0,0.0,0.0,0.0,0.0,0.0,0.0,0.0,0.0,0.0,0.0,0.0,0.0,0.0,0.0,0.0,2.004,0.0,0.0,0.0,0.0,0.0,0.0,0.0,5089.0,-0.0,6930.0,2.7184246165485387e+23,0.0,2.004,2.004,0.0,0.0,0.0,0.0,69,-0.0,0.059,0.0,0.0,0.0,0.0,0.0,0.0,0.0,0,0,0,0.0,0.0,0.0,0.0,0.0,0.0,0.0,0.0,0.0,0.0,0.0,0.0,0.0,0.0,0.0,0.0,0,-107875648.0,69,0.0,138,0.0,2.012,ERR,ERR,ERR,ERR,ERR,ERR,ERR,ERR,ERR,ERR,ERR,ERR,ERR,ERR,ERR,ERR,ERR,ERR,ERR,ERR,ERR,ERR,ERR,ERR,ERR,ERR,ERR,ERR,ERR,ERR,ERR,ERR,ERR,ERR,ERR,ERR,ERR,ERR,ERR,ERR,ERR,ERR,ERR,ERR,ERR,ERR,ERR,ERR,ERR,ERR,ERR,ERR,ERR,ERR,ERR,ERR,ERR,ERR,ERR,ERR,ERR,ERR,ERR,ERR,ERR,ERR,ERR,60.0,60.0,35,0.0,0.0,0.0,0.0,0.0,0.0,0.0,0.0,0.0,0.0,0.0,0.0,0.0,0.0,0.0,0.0,65.6,0,150,71,54,65476,0,65476,1,4,4,20529,65476,0,0,2621,60.0,0.0,0.0,0.0,0.0,0.0
2026-07-09T15:00:11,ERR,ERR,ERR,ERR,ERR,ERR,ERR,ERR,ERR,ERR,ERR,ERR,ERR,ERR,ERR,ERR,ERR,ERR,ERR,ERR,ERR,ERR,ERR,ERR,ERR,ERR,ERR,ERR,ERR,ERR,ERR,ERR,ERR,ERR,ERR,ERR,ERR,ERR,ERR,ERR,ERR,ERR,ERR,ERR,ERR,ERR,ERR,ERR,ERR,ERR,ERR,ERR,ERR,ERR,ERR,ERR,ERR,ERR,ERR,ERR,ERR,ERR,ERR,ERR,ERR,ERR,ERR,ERR,ERR,ERR,ERR,ERR,ERR,ERR,ERR,ERR,ERR,ERR,ERR,ERR,ERR,ERR,ERR,ERR,ERR,ERR,ERR,ERR,ERR,ERR,ERR,ERR,ERR,ERR,ERR,ERR,ERR,ERR,ERR,ERR,ERR,ERR,ERR,ERR,ERR,ERR,ERR,ERR,ERR,ERR,ERR,ERR,ERR,ERR,ERR,ERR,ERR,ERR,ERR,ERR,ERR,ERR,ERR,ERR,ERR,0.0,2.7184428110910333e+23,-107090384.0,0.0,9.418287265777417e+21,0.0,-734325.812,3.619284288719075e+22,0,0,4,17411,7116,0.0,100,0.0,0.0,0.0,0.0,0.0,0,0,0,0,0.0,0,0,0,0,0,0,0,0,0,0,0,0,0,0,0,0,0,0,0,0,0,0,0,0,0,0,0,0,0,0,0,0,0,31,40,40,71,65476,0,300,0,0,8,21553,0.0,-107605600.0,0.0,0.0,0.0,0.0,0.0,0.0,0.0,0.0,0.0,0.0,0.0,0.0,0.0,0.0,0.0,0.0,0.0,0.0,0.0,0.0,0.0,-0.0,0.0,0.0,0.0,0.0,0.0,0.0,5089.0,0.0,6917.0,0.0,-0.0,2.004,2.004,0.0,0.0,0.0,0.0,69,-0.0,-0.0,0.0,0.0,0.0,0.0,0.0,0.0,0.0,0,0,0,0.0,0.0,0.0,0.0,0.0,0.0,0.0,0.0,0.0,0.0,0.0,0.0,0.0,0.0,0.0,0.0,0,-107875648.0,69,0.0,138,0.0,2.012,ERR,ERR,ERR,ERR,ERR,ERR,ERR,ERR,ERR,ERR,ERR,ERR,ERR,ERR,ERR,ERR,ERR,ERR,ERR,ERR,ERR,ERR,ERR,ERR,ERR,ERR,ERR,ERR,ERR,ERR,ERR,ERR,ERR,ERR,ERR,ERR,ERR,ERR,ERR,ERR,ERR,ERR,ERR,ERR,ERR,ERR,ERR,ERR,ERR,ERR,ERR,ERR,ERR,ERR,ERR,ERR,ERR,ERR,ERR,ERR,ERR,ERR,ERR,ERR,ERR,ERR,ERR,60.0,60.0,35,0.0,0.0,0.0,0.0,0.0,0.0,0.0,0.0,0.0,0.0,0.0,0.0,0.0,0.0,0.0,0.0,65.6,0,150,71,54,65476,0,65476,1,4,4,20529,65476,0,0,2621,60.0,0.0,0.0,0.0,0.0,0.0
2026-07-09T15:00:12,ERR,ERR,ERR,ERR,ERR,ERR,ERR,ERR,ERR,ERR,ERR,ERR,ERR,ERR,ERR,ERR,ERR,ERR,ERR,ERR,ERR,ERR,ERR,ERR,ERR,ERR,ERR,ERR,ERR,ERR,ERR,ERR,ERR,ERR,ERR,ERR,ERR,ERR,ERR,ERR,ERR,ERR,ERR,ERR,ERR,ERR,ERR,ERR,ERR,ERR,ERR,ERR,ERR,ERR,ERR,ERR,ERR,ERR,ERR,ERR,ERR,ERR,ERR,ERR,ERR,ERR,ERR,ERR,ERR,ERR,ERR,ERR,ERR,ERR,ERR,ERR,ERR,ERR,ERR,ERR,ERR,ERR,ERR,ERR,ERR,ERR,ERR,ERR,ERR,ERR,ERR,ERR,ERR,ERR,ERR,ERR,ERR,ERR,ERR,ERR,ERR,ERR,ERR,ERR,ERR,ERR,ERR,ERR,ERR,ERR,ERR,ERR,ERR,ERR,ERR,ERR,ERR,ERR,ERR,ERR,ERR,ERR,ERR,ERR,ERR,0.0,2.7184428110910333e+23,-107090384.0,0.0,9.418287265777417e+21,0.0,-734325.812,3.619284288719075e+22,0,0,4,17411,7116,0.0,100,0.0,0.0,0.0,0.0,0.0,0,0,0,0,0.0,0,0,0,0,0,0,0,0,0,0,0,0,0,0,0,0,0,0,0,0,0,0,0,0,0,0,0,0,0,0,0,0,0,31,40,40,71,65476,0,300,0,0,8,21553,0.0,-107605600.0,0.0,0.0,0.0,0.0,0.0,0.0,0.0,0.0,0.0,0.0,0.0,0.0,0.0,0.0,0.0,0.0,0.0,0.0,0.0,0.0,0.0,-0.0,0.0,0.0,0.0,0.0,0.0,0.0,5089.0,0.0,6917.0,0.0,-0.0,2.004,2.004,0.0,0.0,0.0,0.0,69,-0.0,-0.0,0.0,0.0,0.0,0.0,0.0,0.0,0.0,0,0,0,0.0,0.0,0.0,0.0,0.0,0.0,0.0,0.0,0.0,0.0,0.0,0.0,0.0,0.0,0.0,0.0,0,-107875648.0,69,0.0,138,0.0,2.012,ERR,ERR,ERR,ERR,ERR,ERR,ERR,ERR,ERR,ERR,ERR,ERR,ERR,ERR,ERR,ERR,ERR,ERR,ERR,ERR,ERR,ERR,ERR,ERR,ERR,ERR,ERR,ERR,ERR,ERR,ERR,ERR,ERR,ERR,ERR,ERR,ERR,ERR,ERR,ERR,ERR,ERR,ERR,ERR,ERR,ERR,ERR,ERR,ERR,ERR,ERR,ERR,ERR,ERR,ERR,ERR,ERR,ERR,ERR,ERR,ERR,ERR,ERR,ERR,ERR,ERR,ERR,60.0,60.0,35,0.0,0.0,0.0,0.0,0.0,0.0,0.0,0.0,0.0,0.0,0.0,0.0,0.0,0.0,0.0,0.0,65.6,0,150,71,54,65476,0,65476,1,4,4,20529,65476,0,0,2621,60.0,0.0,0.0,0.0,0.0,0.0
2026-07-09T15:00:13,ERR,ERR,ERR,ERR,ERR,ERR,ERR,ERR,ERR,ERR,ERR,ERR,ERR,ERR,ERR,ERR,ERR,ERR,ERR,ERR,ERR,ERR,ERR,ERR,ERR,ERR,ERR,ERR,ERR,ERR,ERR,ERR,ERR,ERR,ERR,ERR,ERR,ERR,ERR,ERR,ERR,ERR,ERR,ERR,ERR,ERR,ERR,ERR,ERR,ERR,ERR,ERR,ERR,ERR,ERR,ERR,ERR,ERR,ERR,ERR,ERR,ERR,ERR,ERR,ERR,ERR,ERR,ERR,ERR,ERR,ERR,ERR,ERR,ERR,ERR,ERR,ERR,ERR,ERR,ERR,ERR,ERR,ERR,ERR,ERR,ERR,ERR,ERR,ERR,ERR,ERR,ERR,ERR,ERR,ERR,ERR,ERR,ERR,ERR,ERR,ERR,ERR,ERR,ERR,ERR,ERR,ERR,ERR,ERR,ERR,ERR,ERR,ERR,ERR,ERR,ERR,ERR,ERR,ERR,ERR,ERR,ERR,ERR,ERR,ERR,0.0,2.7184428110910333e+23,-107090384.0,0.0,9.418287265777417e+21,0.0,-734325.812,3.619284288719075e+22,0,0,4,17411,7116,0.0,100,0.0,0.0,0.0,0.0,0.0,0,0,0,0,0.0,0,0,0,0,0,0,0,0,0,0,0,0,0,0,0,0,0,0,0,0,0,0,0,0,0,0,0,0,0,0,0,0,0,31,40,40,71,65476,0,300,0,0,8,21553,0.0,-107605600.0,0.0,0.0,0.0,0.0,0.0,0.0,0.0,0.0,0.0,0.0,0.0,0.0,0.0,0.0,0.0,0.0,0.0,0.0,0.0,0.0,0.0,-0.0,0.0,0.0,0.0,0.0,0.0,0.0,5089.0,0.0,6917.0,0.0,-0.0,2.004,2.004,0.0,0.0,0.0,0.0,69,-0.0,-0.0,0.0,0.0,0.0,0.0,0.0,0.0,0.0,0,0,0,0.0,0.0,0.0,0.0,0.0,0.0,0.0,0.0,0.0,0.0,0.0,0.0,0.0,0.0,0.0,0.0,0,-107875648.0,69,0.0,138,0.0,2.012,ERR,ERR,ERR,ERR,ERR,ERR,ERR,ERR,ERR,ERR,ERR,ERR,ERR,ERR,ERR,ERR,ERR,ERR,ERR,ERR,ERR,ERR,ERR,ERR,ERR,ERR,ERR,ERR,ERR,ERR,ERR,ERR,ERR,ERR,ERR,ERR,ERR,ERR,ERR,ERR,ERR,ERR,ERR,ERR,ERR,ERR,ERR,ERR,ERR,ERR,ERR,ERR,ERR,ERR,ERR,ERR,ERR,ERR,ERR,ERR,ERR,ERR,ERR,ERR,ERR,ERR,ERR,60.0,60.0,35,0.0,0.0,0.0,0.0,0.0,0.0,0.0,0.0,0.0,0.0,0.0,0.0,0.0,0.0,0.0,0.0,65.6,0,150,71,54,65476,0,65476,1,4,4,20529,65476,0,0,2621,60.0,0.0,0.0,0.0,0.0,0.0
2026-07-09T15:00:14,ERR,ERR,ERR,ERR,ERR,ERR,ERR,ERR,ERR,ERR,ERR,ERR,ERR,ERR,ERR,ERR,ERR,ERR,ERR,ERR,ERR,ERR,ERR,ERR,ERR,ERR,ERR,ERR,ERR,ERR,ERR,ERR,ERR,ERR,ERR,ERR,ERR,ERR,ERR,ERR,ERR,ERR,ERR,ERR,ERR,ERR,ERR,ERR,ERR,ERR,ERR,ERR,ERR,ERR,ERR,ERR,ERR,ERR,ERR,ERR,ERR,ERR,ERR,ERR,ERR,ERR,ERR,ERR,ERR,ERR,ERR,ERR,ERR,ERR,ERR,ERR,ERR,ERR,ERR,ERR,ERR,ERR,ERR,ERR,ERR,ERR,ERR,ERR,ERR,ERR,ERR,ERR,ERR,ERR,ERR,ERR,ERR,ERR,ERR,ERR,ERR,ERR,ERR,ERR,ERR,ERR,ERR,ERR,ERR,ERR,ERR,ERR,ERR,ERR,ERR,ERR,ERR,ERR,ERR,ERR,ERR,ERR,ERR,ERR,ERR,0.0,2.7184428110910333e+23,-107090384.0,0.0,9.418287265777417e+21,0.0,-734325.812,3.619284288719075e+22,0,0,4,17411,7116,0.0,100,0.0,0.0,0.0,0.0,0.0,0,0,0,0,0.0,0,0,0,0,0,0,0,0,0,0,0,0,0,0,0,0,0,0,0,0,0,0,0,0,0,0,0,0,0,0,0,0,0,31,40,40,71,65476,0,300,0,0,8,21553,0.0,-107605600.0,0.0,0.0,0.0,0.0,0.0,0.0,0.0,0.0,0.0,0.0,0.0,0.0,0.0,0.0,0.0,0.0,0.0,0.0,0.0,0.0,0.0,-0.0,0.0,0.0,0.0,0.0,0.0,0.0,5089.0,0.0,6917.0,0.0,-0.0,2.004,2.004,0.0,0.0,0.0,0.0,69,-0.0,-0.0,0.0,0.0,0.0,0.0,0.0,0.0,0.0,0,0,0,0.0,0.0,0.0,0.0,0.0,0.0,0.0,0.0,0.0,0.0,0.0,0.0,0.0,0.0,0.0,0.0,0,-107875648.0,69,0.0,138,0.0,2.012,ERR,ERR,ERR,ERR,ERR,ERR,ERR,ERR,ERR,ERR,ERR,ERR,ERR,ERR,ERR,ERR,ERR,ERR,ERR,ERR,ERR,ERR,ERR,ERR,ERR,ERR,ERR,ERR,ERR,ERR,ERR,ERR,ERR,ERR,ERR,ERR,ERR,ERR,ERR,ERR,ERR,ERR,ERR,ERR,ERR,ERR,ERR,ERR,ERR,ERR,ERR,ERR,ERR,ERR,ERR,ERR,ERR,ERR,ERR,ERR,ERR,ERR,ERR,ERR,ERR,ERR,ERR,60.0,60.0,35,0.0,0.0,0.0,0.0,0.0,0.0,0.0,0.0,0.0,0.0,0.0,0.0,0.0,0.0,0.0,0.0,65.2,0,150,71,54,65476,0,65476,1,4,4,20529,65476,0,0,2621,60.0,0.0,0.0,0.0,0.0,0.0
2026-07-09T15:00:15,ERR,ERR,ERR,ERR,ERR,ERR,ERR,ERR,ERR,ERR,ERR,ERR,ERR,ERR,ERR,ERR,ERR,ERR,ERR,ERR,ERR,ERR,ERR,ERR,ERR,ERR,ERR,ERR,ERR,ERR,ERR,ERR,ERR,ERR,ERR,ERR,ERR,ERR,ERR,ERR,ERR,ERR,ERR,ERR,ERR,ERR,ERR,ERR,ERR,ERR,ERR,ERR,ERR,ERR,ERR,ERR,ERR,ERR,ERR,ERR,ERR,ERR,ERR,ERR,ERR,ERR,ERR,ERR,ERR,ERR,ERR,ERR,ERR,ERR,ERR,ERR,ERR,ERR,ERR,ERR,ERR,ERR,ERR,ERR,ERR,ERR,ERR,ERR,ERR,ERR,ERR,ERR,ERR,ERR,ERR,ERR,ERR,ERR,ERR,ERR,ERR,ERR,ERR,ERR,ERR,ERR,ERR,ERR,ERR,ERR,ERR,ERR,ERR,ERR,ERR,ERR,ERR,ERR,ERR,ERR,ERR,ERR,ERR,ERR,ERR,0.0,2.7184428110910333e+23,-107090384.0,0.0,9.418287265777417e+21,0.0,-734325.812,3.619284288719075e+22,0,0,4,17411,7116,0.0,100,0.0,0.0,0.0,0.0,0.0,0,0,0,0,0.0,0,0,0,0,0,0,0,0,0,0,0,0,0,0,0,0,0,0,0,0,0,0,0,0,0,0,0,0,0,0,0,0,0,31,40,40,71,65476,0,300,0,0,8,21553,0.0,-107605600.0,0.0,0.0,0.0,0.0,0.0,0.0,0.0,0.0,0.0,0.0,0.0,0.0,0.0,0.0,0.0,0.0,0.0,0.0,0.0,0.0,0.0,-0.0,0.0,0.0,0.0,0.0,0.0,0.0,5089.0,0.0,6917.0,0.0,-0.0,2.004,2.004,0.0,0.0,0.0,0.0,69,-0.0,-0.0,0.0,0.0,0.0,0.0,0.0,0.0,0.0,0,0,0,0.0,0.0,0.0,0.0,0.0,0.0,0.0,0.0,0.0,0.0,0.0,0.0,0.0,0.0,0.0,0.0,0,-107875648.0,69,0.0,138,0.0,2.012,ERR,ERR,ERR,ERR,ERR,ERR,ERR,ERR,ERR,ERR,ERR,ERR,ERR,ERR,ERR,ERR,ERR,ERR,ERR,ERR,ERR,ERR,ERR,ERR,ERR,ERR,ERR,ERR,ERR,ERR,ERR,ERR,ERR,ERR,ERR,ERR,ERR,ERR,ERR,ERR,ERR,ERR,ERR,ERR,ERR,ERR,ERR,ERR,ERR,ERR,ERR,ERR,ERR,ERR,ERR,ERR,ERR,ERR,ERR,ERR,ERR,ERR,ERR,ERR,ERR,ERR,ERR,60.0,60.0,35,0.0,0.0,0.0,0.0,0.0,0.0,0.0,0.0,0.0,0.0,0.0,0.0,0.0,0.0,0.0,0.0,65.2,0,150,71,54,65476,0,65476,1,4,4,20529,65476,0,0,2621,60.0,0.0,0.0,0.0,0.0,0.0
2026-07-09T15:00:16,ERR,ERR,ERR,ERR,ERR,ERR,ERR,ERR,ERR,ERR,ERR,ERR,ERR,ERR,ERR,ERR,ERR,ERR,ERR,ERR,ERR,ERR,ERR,ERR,ERR,ERR,ERR,ERR,ERR,ERR,ERR,ERR,ERR,ERR,ERR,ERR,ERR,ERR,ERR,ERR,ERR,ERR,ERR,ERR,ERR,ERR,ERR,ERR,ERR,ERR,ERR,ERR,ERR,ERR,ERR,ERR,ERR,ERR,ERR,ERR,ERR,ERR,ERR,ERR,ERR,ERR,ERR,ERR,ERR,ERR,ERR,ERR,ERR,ERR,ERR,ERR,ERR,ERR,ERR,ERR,ERR,ERR,ERR,ERR,ERR,ERR,ERR,ERR,ERR,ERR,ERR,ERR,ERR,ERR,ERR,ERR,ERR,ERR,ERR,ERR,ERR,ERR,ERR,ERR,ERR,ERR,ERR,ERR,ERR,ERR,ERR,ERR,ERR,ERR,ERR,ERR,ERR,ERR,ERR,ERR,ERR,ERR,ERR,ERR,ERR,-0.0,0.0,2.7184152490613138e+23,0.0,-3.3137646417749893e+35,-1.6072271835674266e+21,6.171497053318044e+21,280.504,0,0,4,17409,7116,0.0,100,0.0,0.0,0.0,0.0,0.0,0,0,0,0,0.0,0,0,0,0,0,0,0,0,0,0,0,0,0,0,0,0,0,0,0,0,0,0,0,0,0,0,0,0,0,0,0,0,0,31,40,40,71,65476,0,300,0,0,8,21553,0.0,-107605600.0,0.0,0.0,0.0,0.0,0.0,0.0,0.0,0.0,0.0,0.0,0.0,0.0,0.0,0.0,0.0,0.0,0.0,0.0,0.0,0.0,-2.004,-2.004,0.0,0.0,0.0,0.0,0.0,0.0,5059.0,-2.004,6936.0,-0.0,0.0,2.004,2.004,0.0,0.0,0.0,0.0,69,-0.0,0.0,0.0,0.0,0.0,0.0,0.0,0.0,0.0,0,0,0,0.0,0.0,0.0,0.0,0.0,0.0,0.0,0.0,0.0,0.0,0.0,0.0,0.0,0.0,0.0,0.0,0,-107875648.0,69,0.0,138,0.0,2.012,ERR,ERR,ERR,ERR,ERR,ERR,ERR,ERR,ERR,ERR,ERR,ERR,ERR,ERR,ERR,ERR,ERR,ERR,ERR,ERR,ERR,ERR,ERR,ERR,ERR,ERR,ERR,ERR,ERR,ERR,ERR,ERR,ERR,ERR,ERR,ERR,ERR,ERR,ERR,ERR,ERR,ERR,ERR,ERR,ERR,ERR,ERR,ERR,ERR,ERR,ERR,ERR,ERR,ERR,ERR,ERR,ERR,ERR,ERR,ERR,ERR,ERR,ERR,ERR,ERR,ERR,ERR,60.0,60.0,35,0.0,0.0,0.0,0.0,0.0,0.0,0.0,0.0,0.0,0.0,0.0,0.0,0.0,0.0,0.0,0.0,65.2,0,150,71,54,65476,0,65476,1,4,4,20529,65476,0,0,2621,60.0,0.0,0.0,0.0,0.0,0.0
2026-07-09T15:00:17,ERR,ERR,ERR,ERR,ERR,ERR,ERR,ERR,ERR,ERR,ERR,ERR,ERR,ERR,ERR,ERR,ERR,ERR,ERR,ERR,ERR,ERR,ERR,ERR,ERR,ERR,ERR,ERR,ERR,ERR,ERR,ERR,ERR,ERR,ERR,ERR,ERR,ERR,ERR,ERR,ERR,ERR,ERR,ERR,ERR,ERR,ERR,ERR,ERR,ERR,ERR,ERR,ERR,ERR,ERR,ERR,ERR,ERR,ERR,ERR,ERR,ERR,ERR,ERR,ERR,ERR,ERR,ERR,ERR,ERR,ERR,ERR,ERR,ERR,ERR,ERR,ERR,ERR,ERR,ERR,ERR,ERR,ERR,ERR,ERR,ERR,ERR,ERR,ERR,ERR,ERR,ERR,ERR,ERR,ERR,ERR,ERR,ERR,ERR,ERR,ERR,ERR,ERR,ERR,ERR,ERR,ERR,ERR,ERR,ERR,ERR,ERR,ERR,ERR,ERR,ERR,ERR,ERR,ERR,ERR,ERR,ERR,ERR,ERR,ERR,-0.0,0.0,2.7184152490613138e+23,0.0,-3.3137646417749893e+35,-1.6072271835674266e+21,6.171497053318044e+21,280.504,0,0,4,17409,7116,0.0,100,0.0,0.0,0.0,0.0,0.0,0,0,0,0,0.0,0,0,0,0,0,0,0,0,0,0,0,0,0,0,0,0,0,0,0,0,0,0,0,0,0,0,0,0,0,0,0,0,0,31,40,40,71,65476,0,300,0,0,8,21553,0.0,-107605600.0,0.0,0.0,0.0,0.0,0.0,0.0,0.0,0.0,0.0,0.0,0.0,0.0,0.0,0.0,0.0,0.0,0.0,0.0,0.0,0.0,-2.004,-2.004,0.0,0.0,0.0,0.0,0.0,0.0,5059.0,-2.004,6936.0,-0.0,0.0,2.004,2.004,0.0,0.0,0.0,0.0,69,-0.0,0.0,0.0,0.0,0.0,0.0,0.0,0.0,0.0,0,0,0,0.0,0.0,0.0,0.0,0.0,0.0,0.0,0.0,0.0,0.0,0.0,0.0,0.0,0.0,0.0,0.0,0,-107875648.0,69,0.0,138,0.0,2.012,ERR,ERR,ERR,ERR,ERR,ERR,ERR,ERR,ERR,ERR,ERR,ERR,ERR,ERR,ERR,ERR,ERR,ERR,ERR,ERR,ERR,ERR,ERR,ERR,ERR,ERR,ERR,ERR,ERR,ERR,ERR,ERR,ERR,ERR,ERR,ERR,ERR,ERR,ERR,ERR,ERR,ERR,ERR,ERR,ERR,ERR,ERR,ERR,ERR,ERR,ERR,ERR,ERR,ERR,ERR,ERR,ERR,ERR,ERR,ERR,ERR,ERR,ERR,ERR,ERR,ERR,ERR,60.0,60.0,35,0.0,0.0,0.0,0.0,0.0,0.0,0.0,0.0,0.0,0.0,0.0,0.0,0.0,0.0,0.0,0.0,65.2,0,150,71,54,65476,0,65476,1,4,4,20529,65476,0,0,2621,60.0,0.0,0.0,0.0,0.0,0.0
2026-07-09T15:00:18,ERR,ERR,ERR,ERR,ERR,ERR,ERR,ERR,ERR,ERR,ERR,ERR,ERR,ERR,ERR,ERR,ERR,ERR,ERR,ERR,ERR,ERR,ERR,ERR,ERR,ERR,ERR,ERR,ERR,ERR,ERR,ERR,ERR,ERR,ERR,ERR,ERR,ERR,ERR,ERR,ERR,ERR,ERR,ERR,ERR,ERR,ERR,ERR,ERR,ERR,ERR,ERR,ERR,ERR,ERR,ERR,ERR,ERR,ERR,ERR,ERR,ERR,ERR,ERR,ERR,ERR,ERR,ERR,ERR,ERR,ERR,ERR,ERR,ERR,ERR,ERR,ERR,ERR,ERR,ERR,ERR,ERR,ERR,ERR,ERR,ERR,ERR,ERR,ERR,ERR,ERR,ERR,ERR,ERR,ERR,ERR,ERR,ERR,ERR,ERR,ERR,ERR,ERR,ERR,ERR,ERR,ERR,ERR,ERR,ERR,ERR,ERR,ERR,ERR,ERR,ERR,ERR,ERR,ERR,ERR,ERR,ERR,ERR,ERR,ERR,-0.0,0.0,2.7184152490613138e+23,0.0,-3.3137646417749893e+35,-1.6072271835674266e+21,6.171497053318044e+21,280.504,0,0,4,17409,7116,0.0,100,0.0,0.0,0.0,0.0,0.0,0,0,0,0,0.0,0,0,0,0,0,0,0,0,0,0,0,0,0,0,0,0,0,0,0,0,0,0,0,0,0,0,0,0,0,0,0,0,0,31,40,40,71,65476,0,300,0,0,8,21553,0.0,-107605600.0,0.0,0.0,0.0,0.0,0.0,0.0,0.0,0.0,0.0,0.0,0.0,0.0,0.0,0.0,0.0,0.0,0.0,0.0,0.0,0.0,-2.004,-2.004,0.0,0.0,0.0,0.0,0.0,0.0,5059.0,-2.004,6936.0,-0.0,0.0,2.004,2.004,0.0,0.0,0.0,0.0,69,-0.0,0.0,0.0,0.0,0.0,0.0,0.0,0.0,0.0,0,0,0,0.0,0.0,0.0,0.0,0.0,0.0,0.0,0.0,0.0,0.0,0.0,0.0,0.0,0.0,0.0,0.0,0,-107875648.0,69,0.0,138,0.0,2.012,ERR,ERR,ERR,ERR,ERR,ERR,ERR,ERR,ERR,ERR,ERR,ERR,ERR,ERR,ERR,ERR,ERR,ERR,ERR,ERR,ERR,ERR,ERR,ERR,ERR,ERR,ERR,ERR,ERR,ERR,ERR,ERR,ERR,ERR,ERR,ERR,ERR,ERR,ERR,ERR,ERR,ERR,ERR,ERR,ERR,ERR,ERR,ERR,ERR,ERR,ERR,ERR,ERR,ERR,ERR,ERR,ERR,ERR,ERR,ERR,ERR,ERR,ERR,ERR,ERR,ERR,ERR,60.0,60.0,35,0.0,0.0,0.0,0.0,0.0,0.0,0.0,0.0,0.0,0.0,0.0,0.0,0.0,0.0,0.0,0.0,65.6,0,150,71,54,65476,0,65476,1,4,4,20529,65476,0,0,2621,60.0,0.0,0.0,0.0,0.0,0.0
2026-07-09T15:00:19,ERR,ERR,ERR,ERR,ERR,ERR,ERR,ERR,ERR,ERR,ERR,ERR,ERR,ERR,ERR,ERR,ERR,ERR,ERR,ERR,ERR,ERR,ERR,ERR,ERR,ERR,ERR,ERR,ERR,ERR,ERR,ERR,ERR,ERR,ERR,ERR,ERR,ERR,ERR,ERR,ERR,ERR,ERR,ERR,ERR,ERR,ERR,ERR,ERR,ERR,ERR,ERR,ERR,ERR,ERR,ERR,ERR,ERR,ERR,ERR,ERR,ERR,ERR,ERR,ERR,ERR,ERR,ERR,ERR,ERR,ERR,ERR,ERR,ERR,ERR,ERR,ERR,ERR,ERR,ERR,ERR,ERR,ERR,ERR,ERR,ERR,ERR,ERR,ERR,ERR,ERR,ERR,ERR,ERR,ERR,ERR,ERR,ERR,ERR,ERR,ERR,ERR,ERR,ERR,ERR,ERR,ERR,ERR,ERR,ERR,ERR,ERR,ERR,ERR,ERR,ERR,ERR,ERR,ERR,ERR,ERR,ERR,ERR,ERR,ERR,-0.0,0.0,2.7184152490613138e+23,0.0,-3.3137646417749893e+35,-1.6072271835674266e+21,6.171497053318044e+21,280.504,0,0,4,17409,7116,0.0,100,0.0,0.0,0.0,0.0,0.0,0,0,0,0,0.0,0,0,0,0,0,0,0,0,0,0,0,0,0,0,0,0,0,0,0,0,0,0,0,0,0,0,0,0,0,0,0,0,0,31,40,40,71,65476,0,300,0,0,8,21553,0.0,-107605600.0,0.0,0.0,0.0,0.0,0.0,0.0,0.0,0.0,0.0,0.0,0.0,0.0,0.0,0.0,0.0,0.0,0.0,0.0,0.0,0.0,-2.004,-2.004,0.0,0.0,0.0,0.0,0.0,0.0,5059.0,-2.004,6936.0,-0.0,0.0,2.004,2.004,0.0,0.0,0.0,0.0,69,-0.0,0.0,0.0,0.0,0.0,0.0,0.0,0.0,0.0,0,0,0,0.0,0.0,0.0,0.0,0.0,0.0,0.0,0.0,0.0,0.0,0.0,0.0,0.0,0.0,0.0,0.0,0,-107875648.0,69,0.0,138,0.0,2.012,ERR,ERR,ERR,ERR,ERR,ERR,ERR,ERR,ERR,ERR,ERR,ERR,ERR,ERR,ERR,ERR,ERR,ERR,ERR,ERR,ERR,ERR,ERR,ERR,ERR,ERR,ERR,ERR,ERR,ERR,ERR,ERR,ERR,ERR,ERR,ERR,ERR,ERR,ERR,ERR,ERR,ERR,ERR,ERR,ERR,ERR,ERR,ERR,ERR,ERR,ERR,ERR,ERR,ERR,ERR,ERR,ERR,ERR,ERR,ERR,ERR,ERR,ERR,ERR,ERR,ERR,ERR,60.0,60.0,35,0.0,0.0,0.0,0.0,0.0,0.0,0.0,0.0,0.0,0.0,0.0,0.0,0.0,0.0,0.0,0.0,65.6,0,150,71,54,65476,0,65476,1,4,4,20529,65476,0,0,2621,60.0,0.0,0.0,0.0,0.0,0.0
2026-07-09T15:00:20,ERR,ERR,ERR,ERR,ERR,ERR,ERR,ERR,ERR,ERR,ERR,ERR,ERR,ERR,ERR,ERR,ERR,ERR,ERR,ERR,ERR,ERR,ERR,ERR,ERR,ERR,ERR,ERR,ERR,ERR,ERR,ERR,ERR,ERR,ERR,ERR,ERR,ERR,ERR,ERR,ERR,ERR,ERR,ERR,ERR,ERR,ERR,ERR,ERR,ERR,ERR,ERR,ERR,ERR,ERR,ERR,ERR,ERR,ERR,ERR,ERR,ERR,ERR,ERR,ERR,ERR,ERR,ERR,ERR,ERR,ERR,ERR,ERR,ERR,ERR,ERR,ERR,ERR,ERR,ERR,ERR,ERR,ERR,ERR,ERR,ERR,ERR,ERR,ERR,ERR,ERR,ERR,ERR,ERR,ERR,ERR,ERR,ERR,ERR,ERR,ERR,ERR,ERR,ERR,ERR,ERR,ERR,ERR,ERR,ERR,ERR,ERR,ERR,ERR,ERR,ERR,ERR,ERR,ERR,ERR,ERR,ERR,ERR,ERR,ERR,-0.0,0.0,2.7184152490613138e+23,0.0,-3.3137646417749893e+35,-1.6072271835674266e+21,6.171497053318044e+21,280.504,0,0,4,17409,7116,0.0,100,0.0,0.0,0.0,0.0,0.0,0,0,0,0,0.0,0,0,0,0,0,0,0,0,0,0,0,0,0,0,0,0,0,0,0,0,0,0,0,0,0,0,0,0,0,0,0,0,0,31,40,40,71,65476,0,300,0,0,8,21553,0.0,-107605600.0,0.0,0.0,0.0,0.0,0.0,0.0,0.0,0.0,0.0,0.0,0.0,0.0,0.0,0.0,0.0,0.0,0.0,0.0,0.0,0.0,-2.004,-2.004,0.0,0.0,0.0,0.0,0.0,0.0,5059.0,-2.004,6936.0,-0.0,0.0,2.004,2.004,0.0,0.0,0.0,0.0,69,-0.0,0.0,0.0,0.0,0.0,0.0,0.0,0.0,0.0,0,0,0,0.0,0.0,0.0,0.0,0.0,0.0,0.0,0.0,0.0,0.0,0.0,0.0,0.0,0.0,0.0,0.0,0,-107875648.0,69,0.0,138,0.0,2.012,ERR,ERR,ERR,ERR,ERR,ERR,ERR,ERR,ERR,ERR,ERR,ERR,ERR,ERR,ERR,ERR,ERR,ERR,ERR,ERR,ERR,ERR,ERR,ERR,ERR,ERR,ERR,ERR,ERR,ERR,ERR,ERR,ERR,ERR,ERR,ERR,ERR,ERR,ERR,ERR,ERR,ERR,ERR,ERR,ERR,ERR,ERR,ERR,ERR,ERR,ERR,ERR,ERR,ERR,ERR,ERR,ERR,ERR,ERR,ERR,ERR,ERR,ERR,ERR,ERR,ERR,ERR,60.0,60.0,35,0.0,0.0,0.0,0.0,0.0,0.0,0.0,0.0,0.0,0.0,0.0,0.0,0.0,0.0,0.0,0.0,65.6,0,150,71,54,65476,0,65476,1,4,4,20529,65476,0,0,2621,60.0,0.0,0.0,0.0,0.0,0.0
2026-07-09T15:00:21,ERR,ERR,ERR,ERR,ERR,ERR,ERR,ERR,ERR,ERR,ERR,ERR,ERR,ERR,ERR,ERR,ERR,ERR,ERR,ERR,ERR,ERR,ERR,ERR,ERR,ERR,ERR,ERR,ERR,ERR,ERR,ERR,ERR,ERR,ERR,ERR,ERR,ERR,ERR,ERR,ERR,ERR,ERR,ERR,ERR,ERR,ERR,ERR,ERR,ERR,ERR,ERR,ERR,ERR,ERR,ERR,ERR,ERR,ERR,ERR,ERR,ERR,ERR,ERR,ERR,ERR,ERR,ERR,ERR,ERR,ERR,ERR,ERR,ERR,ERR,ERR,ERR,ERR,ERR,ERR,ERR,ERR,ERR,ERR,ERR,ERR,ERR,ERR,ERR,ERR,ERR,ERR,ERR,ERR,ERR,ERR,ERR,ERR,ERR,ERR,ERR,ERR,ERR,ERR,ERR,ERR,ERR,ERR,ERR,ERR,ERR,ERR,ERR,ERR,ERR,ERR,ERR,ERR,ERR,ERR,ERR,ERR,ERR,ERR,ERR,-0.0,2.7184429912350184e+23,0.0,0.0,0.0,-0.45,0.0,0.0,0,0,4,17409,7116,0.0,100,0.0,0.0,0.0,0.0,0.0,0,0,0,0,0.0,0,0,0,0,0,0,0,0,0,0,0,0,0,0,0,0,0,0,0,0,0,0,0,0,0,0,0,0,0,0,0,0,0,31,40,40,71,65476,0,300,0,0,8,21553,0.0,-107605600.0,0.0,0.0,0.0,0.0,0.0,0.0,0.0,0.0,0.0,0.0,0.0,0.0,0.0,0.0,0.0,0.0,0.0,0.0,0.0,0.0,-2.004,0.0,0.0,0.0,0.0,0.0,0.0,0.0,5058.0,0.0,6914.0,-0.0,-0.0,2.004,2.004,0.0,0.0,0.0,0.0,69,-0.0,126840553472.0,0.0,0.0,0.0,0.0,0.0,0.0,0.0,0,0,0,0.0,0.0,0.0,0.0,0.0,0.0,0.0,0.0,0.0,0.0,0.0,0.0,0.0,0.0,0.0,0.0,0,-107875648.0,69,0.0,138,0.0,2.012,ERR,ERR,ERR,ERR,ERR,ERR,ERR,ERR,ERR,ERR,ERR,ERR,ERR,ERR,ERR,ERR,ERR,ERR,ERR,ERR,ERR,ERR,ERR,ERR,ERR,ERR,ERR,ERR,ERR,ERR,ERR,ERR,ERR,ERR,ERR,ERR,ERR,ERR,ERR,ERR,ERR,ERR,ERR,ERR,ERR,ERR,ERR,ERR,ERR,ERR,ERR,ERR,ERR,ERR,ERR,ERR,ERR,ERR,ERR,ERR,ERR,ERR,ERR,ERR,ERR,ERR,ERR,60.0,60.0,35,0.0,0.0,0.0,0.0,0.0,0.0,0.0,0.0,0.0,0.0,0.0,0.0,0.0,0.0,0.0,0.0,66.0,0,149,71,54,65476,0,65476,1,4,4,20529,65476,0,0,2621,60.0,0.0,0.0,0.0,0.0,0.0
2026-07-09T15:00:22,ERR,ERR,ERR,ERR,ERR,ERR,ERR,ERR,ERR,ERR,ERR,ERR,ERR,ERR,ERR,ERR,ERR,ERR,ERR,ERR,ERR,ERR,ERR,ERR,ERR,ERR,ERR,ERR,ERR,ERR,ERR,ERR,ERR,ERR,ERR,ERR,ERR,ERR,ERR,ERR,ERR,ERR,ERR,ERR,ERR,ERR,ERR,ERR,ERR,ERR,ERR,ERR,ERR,ERR,ERR,ERR,ERR,ERR,ERR,ERR,ERR,ERR,ERR,ERR,ERR,ERR,ERR,ERR,ERR,ERR,ERR,ERR,ERR,ERR,ERR,ERR,ERR,ERR,ERR,ERR,ERR,ERR,ERR,ERR,ERR,ERR,ERR,ERR,ERR,ERR,ERR,ERR,ERR,ERR,ERR,ERR,ERR,ERR,ERR,ERR,ERR,ERR,ERR,ERR,ERR,ERR,ERR,ERR,ERR,ERR,ERR,ERR,ERR,ERR,ERR,ERR,ERR,ERR,ERR,ERR,ERR,ERR,ERR,ERR,ERR,-0.0,2.7184429912350184e+23,0.0,0.0,0.0,-0.45,0.0,0.0,0,0,4,17409,7116,0.0,100,0.0,0.0,0.0,0.0,0.0,0,0,0,0,0.0,0,0,0,0,0,0,0,0,0,0,0,0,0,0,0,0,0,0,0,0,0,0,0,0,0,0,0,0,0,0,0,0,0,31,40,40,71,65476,0,300,0,0,8,21553,0.0,-107605600.0,0.0,0.0,0.0,0.0,0.0,0.0,0.0,0.0,0.0,0.0,0.0,0.0,0.0,0.0,0.0,0.0,0.0,0.0,0.0,0.0,-2.004,0.0,0.0,0.0,0.0,0.0,0.0,0.0,5058.0,0.0,6914.0,-0.0,-0.0,2.004,2.004,0.0,0.0,0.0,0.0,69,-0.0,126840553472.0,0.0,0.0,0.0,0.0,0.0,0.0,0.0,0,0,0,0.0,0.0,0.0,0.0,0.0,0.0,0.0,0.0,0.0,0.0,0.0,0.0,0.0,0.0,0.0,0.0,0,-107875648.0,69,0.0,138,0.0,2.012,ERR,ERR,ERR,ERR,ERR,ERR,ERR,ERR,ERR,ERR,ERR,ERR,ERR,ERR,ERR,ERR,ERR,ERR,ERR,ERR,ERR,ERR,ERR,ERR,ERR,ERR,ERR,ERR,ERR,ERR,ERR,ERR,ERR,ERR,ERR,ERR,ERR,ERR,ERR,ERR,ERR,ERR,ERR,ERR,ERR,ERR,ERR,ERR,ERR,ERR,ERR,ERR,ERR,ERR,ERR,ERR,ERR,ERR,ERR,ERR,ERR,ERR,ERR,ERR,ERR,ERR,ERR,60.0,60.0,35,0.0,0.0,0.0,0.0,0.0,0.0,0.0,0.0,0.0,0.0,0.0,0.0,0.0,0.0,0.0,0.0,66.0,0,149,71,54,65476,0,65476,1,4,4,20529,65476,0,0,2621,60.0,0.0,0.0,0.0,0.0,0.0
2026-07-09T15:00:23,ERR,ERR,ERR,ERR,ERR,ERR,ERR,ERR,ERR,ERR,ERR,ERR,ERR,ERR,ERR,ERR,ERR,ERR,ERR,ERR,ERR,ERR,ERR,ERR,ERR,ERR,ERR,ERR,ERR,ERR,ERR,ERR,ERR,ERR,ERR,ERR,ERR,ERR,ERR,ERR,ERR,ERR,ERR,ERR,ERR,ERR,ERR,ERR,ERR,ERR,ERR,ERR,ERR,ERR,ERR,ERR,ERR,ERR,ERR,ERR,ERR,ERR,ERR,ERR,ERR,ERR,ERR,ERR,ERR,ERR,ERR,ERR,ERR,ERR,ERR,ERR,ERR,ERR,ERR,ERR,ERR,ERR,ERR,ERR,ERR,ERR,ERR,ERR,ERR,ERR,ERR,ERR,ERR,ERR,ERR,ERR,ERR,ERR,ERR,ERR,ERR,ERR,ERR,ERR,ERR,ERR,ERR,ERR,ERR,ERR,ERR,ERR,ERR,ERR,ERR,ERR,ERR,ERR,ERR,ERR,ERR,ERR,ERR,ERR,ERR,-0.0,2.7184429912350184e+23,0.0,0.0,0.0,-0.45,0.0,0.0,0,0,4,17409,7116,0.0,100,0.0,0.0,0.0,0.0,0.0,0,0,0,0,0.0,0,0,0,0,0,0,0,0,0,0,0,0,0,0,0,0,0,0,0,0,0,0,0,0,0,0,0,0,0,0,0,0,0,31,40,40,71,65476,0,300,0,0,8,21553,0.0,-107605600.0,0.0,0.0,0.0,0.0,0.0,0.0,0.0,0.0,0.0,0.0,0.0,0.0,0.0,0.0,0.0,0.0,0.0,0.0,0.0,0.0,-2.004,0.0,0.0,0.0,0.0,0.0,0.0,0.0,5058.0,0.0,6914.0,-0.0,-0.0,2.004,2.004,0.0,0.0,0.0,0.0,69,-0.0,126840553472.0,0.0,0.0,0.0,0.0,0.0,0.0,0.0,0,0,0,0.0,0.0,0.0,0.0,0.0,0.0,0.0,0.0,0.0,0.0,0.0,0.0,0.0,0.0,0.0,0.0,0,-107875648.0,69,0.0,138,0.0,2.012,ERR,ERR,ERR,ERR,ERR,ERR,ERR,ERR,ERR,ERR,ERR,ERR,ERR,ERR,ERR,ERR,ERR,ERR,ERR,ERR,ERR,ERR,ERR,ERR,ERR,ERR,ERR,ERR,ERR,ERR,ERR,ERR,ERR,ERR,ERR,ERR,ERR,ERR,ERR,ERR,ERR,ERR,ERR,ERR,ERR,ERR,ERR,ERR,ERR,ERR,ERR,ERR,ERR,ERR,ERR,ERR,ERR,ERR,ERR,ERR,ERR,ERR,ERR,ERR,ERR,ERR,ERR,60.0,60.0,35,0.0,0.0,0.0,0.0,0.0,0.0,0.0,0.0,0.0,0.0,0.0,0.0,0.0,0.0,0.0,0.0,65.6,0,149,71,54,65476,0,65476,1,4,4,20529,65476,0,0,2621,60.0,0.0,0.0,0.0,0.0,0.0
2026-07-09T15:00:24,ERR,ERR,ERR,ERR,ERR,ERR,ERR,ERR,ERR,ERR,ERR,ERR,ERR,ERR,ERR,ERR,ERR,ERR,ERR,ERR,ERR,ERR,ERR,ERR,ERR,ERR,ERR,ERR,ERR,ERR,ERR,ERR,ERR,ERR,ERR,ERR,ERR,ERR,ERR,ERR,ERR,ERR,ERR,ERR,ERR,ERR,ERR,ERR,ERR,ERR,ERR,ERR,ERR,ERR,ERR,ERR,ERR,ERR,ERR,ERR,ERR,ERR,ERR,ERR,ERR,ERR,ERR,ERR,ERR,ERR,ERR,ERR,ERR,ERR,ERR,ERR,ERR,ERR,ERR,ERR,ERR,ERR,ERR,ERR,ERR,ERR,ERR,ERR,ERR,ERR,ERR,ERR,ERR,ERR,ERR,ERR,ERR,ERR,ERR,ERR,ERR,ERR,ERR,ERR,ERR,ERR,ERR,ERR,ERR,ERR,ERR,ERR,ERR,ERR,ERR,ERR,ERR,ERR,ERR,ERR,ERR,ERR,ERR,ERR,ERR,-0.0,2.7184429912350184e+23,0.0,0.0,0.0,-0.45,0.0,0.0,0,0,4,17409,7116,0.0,100,0.0,0.0,0.0,0.0,0.0,0,0,0,0,0.0,0,0,0,0,0,0,0,0,0,0,0,0,0,0,0,0,0,0,0,0,0,0,0,0,0,0,0,0,0,0,0,0,0,31,40,40,71,65476,0,300,0,0,8,21553,0.0,-107605600.0,0.0,0.0,0.0,0.0,0.0,0.0,0.0,0.0,0.0,0.0,0.0,0.0,0.0,0.0,0.0,0.0,0.0,0.0,0.0,0.0,-2.004,0.0,0.0,0.0,0.0,0.0,0.0,0.0,5058.0,0.0,6914.0,-0.0,-0.0,2.004,2.004,0.0,0.0,0.0,0.0,69,-0.0,126840553472.0,0.0,0.0,0.0,0.0,0.0,0.0,0.0,0,0,0,0.0,0.0,0.0,0.0,0.0,0.0,0.0,0.0,0.0,0.0,0.0,0.0,0.0,0.0,0.0,0.0,0,-107875648.0,69,0.0,138,0.0,2.012,ERR,ERR,ERR,ERR,ERR,ERR,ERR,ERR,ERR,ERR,ERR,ERR,ERR,ERR,ERR,ERR,ERR,ERR,ERR,ERR,ERR,ERR,ERR,ERR,ERR,ERR,ERR,ERR,ERR,ERR,ERR,ERR,ERR,ERR,ERR,ERR,ERR,ERR,ERR,ERR,ERR,ERR,ERR,ERR,ERR,ERR,ERR,ERR,ERR,ERR,ERR,ERR,ERR,ERR,ERR,ERR,ERR,ERR,ERR,ERR,ERR,ERR,ERR,ERR,ERR,ERR,ERR,60.0,60.0,35,0.0,0.0,0.0,0.0,0.0,0.0,0.0,0.0,0.0,0.0,0.0,0.0,0.0,0.0,0.0,0.0,65.2,0,149,71,54,65476,0,65476,1,4,4,20529,65476,0,0,2621,60.0,0.0,0.0,0.0,0.0,0.0
2026-07-09T15:00:25,ERR,ERR,ERR,ERR,ERR,ERR,ERR,ERR,ERR,ERR,ERR,ERR,ERR,ERR,ERR,ERR,ERR,ERR,ERR,ERR,ERR,ERR,ERR,ERR,ERR,ERR,ERR,ERR,ERR,ERR,ERR,ERR,ERR,ERR,ERR,ERR,ERR,ERR,ERR,ERR,ERR,ERR,ERR,ERR,ERR,ERR,ERR,ERR,ERR,ERR,ERR,ERR,ERR,ERR,ERR,ERR,ERR,ERR,ERR,ERR,ERR,ERR,ERR,ERR,ERR,ERR,ERR,ERR,ERR,ERR,ERR,ERR,ERR,ERR,ERR,ERR,ERR,ERR,ERR,ERR,ERR,ERR,ERR,ERR,ERR,ERR,ERR,ERR,ERR,ERR,ERR,ERR,ERR,ERR,ERR,ERR,ERR,ERR,ERR,ERR,ERR,ERR,ERR,ERR,ERR,ERR,ERR,ERR,ERR,ERR,ERR,ERR,ERR,ERR,ERR,ERR,ERR,ERR,ERR,ERR,ERR,ERR,ERR,ERR,ERR,-0.0,2.7184429912350184e+23,0.0,0.0,0.0,-0.45,0.0,0.0,0,0,4,17409,7116,0.0,100,0.0,0.0,0.0,0.0,0.0,0,0,0,0,0.0,0,0,0,0,0,0,0,0,0,0,0,0,0,0,0,0,0,0,0,0,0,0,0,0,0,0,0,0,0,0,0,0,0,31,40,40,71,65476,0,300,0,0,8,21553,0.0,-107605600.0,0.0,0.0,0.0,0.0,0.0,0.0,0.0,0.0,0.0,0.0,0.0,0.0,0.0,0.0,0.0,0.0,0.0,0.0,0.0,0.0,-2.004,0.0,0.0,0.0,0.0,0.0,0.0,0.0,5058.0,0.0,6914.0,-0.0,-0.0,2.004,2.004,0.0,0.0,0.0,0.0,69,-0.0,126840553472.0,0.0,0.0,0.0,0.0,0.0,0.0,0.0,0,0,0,0.0,0.0,0.0,0.0,0.0,0.0,0.0,0.0,0.0,0.0,0.0,0.0,0.0,0.0,0.0,0.0,0,-107875648.0,69,0.0,138,0.0,2.012,ERR,ERR,ERR,ERR,ERR,ERR,ERR,ERR,ERR,ERR,ERR,ERR,ERR,ERR,ERR,ERR,ERR,ERR,ERR,ERR,ERR,ERR,ERR,ERR,ERR,ERR,ERR,ERR,ERR,ERR,ERR,ERR,ERR,ERR,ERR,ERR,ERR,ERR,ERR,ERR,ERR,ERR,ERR,ERR,ERR,ERR,ERR,ERR,ERR,ERR,ERR,ERR,ERR,ERR,ERR,ERR,ERR,ERR,ERR,ERR,ERR,ERR,ERR,ERR,ERR,ERR,ERR,60.0,60.0,35,0.0,0.0,0.0,0.0,0.0,0.0,0.0,0.0,0.0,0.0,0.0,0.0,0.0,0.0,0.0,0.0,65.2,0,149,71,54,65476,0,65476,1,4,4,20529,65476,0,0,2621,60.0,0.0,0.0,0.0,0.0,0.0
2026-07-09T15:00:26,ERR,ERR,ERR,ERR,ERR,ERR,ERR,ERR,ERR,ERR,ERR,ERR,ERR,ERR,ERR,ERR,ERR,ERR,ERR,ERR,ERR,ERR,ERR,ERR,ERR,ERR,ERR,ERR,ERR,ERR,ERR,ERR,ERR,ERR,ERR,ERR,ERR,ERR,ERR,ERR,ERR,ERR,ERR,ERR,ERR,ERR,ERR,ERR,ERR,ERR,ERR,ERR,ERR,ERR,ERR,ERR,ERR,ERR,ERR,ERR,ERR,ERR,ERR,ERR,ERR,ERR,ERR,ERR,ERR,ERR,ERR,ERR,ERR,ERR,ERR,ERR,ERR,ERR,ERR,ERR,ERR,ERR,ERR,ERR,ERR,ERR,ERR,ERR,ERR,ERR,ERR,ERR,ERR,ERR,ERR,ERR,ERR,ERR,ERR,ERR,ERR,ERR,ERR,ERR,ERR,ERR,ERR,ERR,ERR,ERR,ERR,ERR,ERR,ERR,ERR,ERR,ERR,ERR,ERR,ERR,ERR,ERR,ERR,ERR,ERR,0.0,0.0,0.0,2.718366610185338e+23,1.2055406979619154e+24,4.6348536608104886e+21,-0.0,-0.0,0,0,4,17412,7116,0.0,100,0.0,0.0,2.718366610185338e+23,0.0,0.0,0,0,0,0,0.0,0,0,0,0,0,0,0,0,0,0,0,0,0,0,0,0,0,0,0,0,0,0,0,0,0,0,0,0,0,0,0,0,0,31,40,40,71,65476,0,300,0,0,8,21553,0.0,-107605600.0,0.0,0.0,0.0,0.0,0.0,0.0,0.0,0.0,0.0,0.0,0.0,0.0,0.0,0.0,0.0,0.0,0.0,0.0,0.0,0.0,-0.0,-0.0,0.0,0.0,0.0,0.0,0.0,0.0,5025.0,-0.0,6931.0,0.0,2.7184431713790035e+23,2.004,2.004,0.0,0.0,0.0,0.0,69,-0.0,-0.0,0.0,0.0,0.0,0.0,0.0,0.0,0.0,0,0,0,0.0,0.0,0.0,0.0,0.0,0.0,0.0,0.0,0.0,0.0,0.0,0.0,0.0,0.0,0.0,0.0,0,-107875648.0,69,0.0,138,0.0,2.012,ERR,ERR,ERR,ERR,ERR,ERR,ERR,ERR,ERR,ERR,ERR,ERR,ERR,ERR,ERR,ERR,ERR,ERR,ERR,ERR,ERR,ERR,ERR,ERR,ERR,ERR,ERR,ERR,ERR,ERR,ERR,ERR,ERR,ERR,ERR,ERR,ERR,ERR,ERR,ERR,ERR,ERR,ERR,ERR,ERR,ERR,ERR,ERR,ERR,ERR,ERR,ERR,ERR,ERR,ERR,ERR,ERR,ERR,ERR,ERR,ERR,ERR,ERR,ERR,ERR,ERR,ERR,60.0,60.0,35,0.0,0.0,0.0,0.0,0.0,0.0,0.0,0.0,0.0,0.0,0.0,0.0,0.0,0.0,0.0,0.0,65.6,0,149,71,54,65476,0,65476,1,4,4,20529,65476,0,0,2621,60.0,0.0,0.0,0.0,0.0,0.0
2026-07-09T15:00:27,ERR,ERR,ERR,ERR,ERR,ERR,ERR,ERR,ERR,ERR,ERR,ERR,ERR,ERR,ERR,ERR,ERR,ERR,ERR,ERR,ERR,ERR,ERR,ERR,ERR,ERR,ERR,ERR,ERR,ERR,ERR,ERR,ERR,ERR,ERR,ERR,ERR,ERR,ERR,ERR,ERR,ERR,ERR,ERR,ERR,ERR,ERR,ERR,ERR,ERR,ERR,ERR,ERR,ERR,ERR,ERR,ERR,ERR,ERR,ERR,ERR,ERR,ERR,ERR,ERR,ERR,ERR,ERR,ERR,ERR,ERR,ERR,ERR,ERR,ERR,ERR,ERR,ERR,ERR,ERR,ERR,ERR,ERR,ERR,ERR,ERR,ERR,ERR,ERR,ERR,ERR,ERR,ERR,ERR,ERR,ERR,ERR,ERR,ERR,ERR,ERR,ERR,ERR,ERR,ERR,ERR,ERR,ERR,ERR,ERR,ERR,ERR,ERR,ERR,ERR,ERR,ERR,ERR,ERR,ERR,ERR,ERR,ERR,ERR,ERR,0.0,0.0,0.0,2.718366610185338e+23,1.2055406979619154e+24,4.6348536608104886e+21,-0.0,-0.0,0,0,4,17412,7116,0.0,100,0.0,0.0,2.718366610185338e+23,0.0,0.0,0,0,0,0,0.0,0,0,0,0,0,0,0,0,0,0,0,0,0,0,0,0,0,0,0,0,0,0,0,0,0,0,0,0,0,0,0,0,0,31,40,40,71,65476,0,300,0,0,8,21553,0.0,-107605600.0,0.0,0.0,0.0,0.0,0.0,0.0,0.0,0.0,0.0,0.0,0.0,0.0,0.0,0.0,0.0,0.0,0.0,0.0,0.0,0.0,-0.0,-0.0,0.0,0.0,0.0,0.0,0.0,0.0,5025.0,-0.0,6931.0,0.0,2.7184431713790035e+23,2.004,2.004,0.0,0.0,0.0,0.0,69,-0.0,-0.0,0.0,0.0,0.0,0.0,0.0,0.0,0.0,0,0,0,0.0,0.0,0.0,0.0,0.0,0.0,0.0,0.0,0.0,0.0,0.0,0.0,0.0,0.0,0.0,0.0,0,-107875648.0,69,0.0,138,0.0,2.012,ERR,ERR,ERR,ERR,ERR,ERR,ERR,ERR,ERR,ERR,ERR,ERR,ERR,ERR,ERR,ERR,ERR,ERR,ERR,ERR,ERR,ERR,ERR,ERR,ERR,ERR,ERR,ERR,ERR,ERR,ERR,ERR,ERR,ERR,ERR,ERR,ERR,ERR,ERR,ERR,ERR,ERR,ERR,ERR,ERR,ERR,ERR,ERR,ERR,ERR,ERR,ERR,ERR,ERR,ERR,ERR,ERR,ERR,ERR,ERR,ERR,ERR,ERR,ERR,ERR,ERR,ERR,60.0,60.0,35,0.0,0.0,0.0,0.0,0.0,0.0,0.0,0.0,0.0,0.0,0.0,0.0,0.0,0.0,0.0,0.0,65.6,0,149,71,54,65476,0,65476,1,4,4,20529,65476,0,0,2621,60.0,0.0,0.0,0.0,0.0,0.0
2026-07-09T15:00:28,ERR,ERR,ERR,ERR,ERR,ERR,ERR,ERR,ERR,ERR,ERR,ERR,ERR,ERR,ERR,ERR,ERR,ERR,ERR,ERR,ERR,ERR,ERR,ERR,ERR,ERR,ERR,ERR,ERR,ERR,ERR,ERR,ERR,ERR,ERR,ERR,ERR,ERR,ERR,ERR,ERR,ERR,ERR,ERR,ERR,ERR,ERR,ERR,ERR,ERR,ERR,ERR,ERR,ERR,ERR,ERR,ERR,ERR,ERR,ERR,ERR,ERR,ERR,ERR,ERR,ERR,ERR,ERR,ERR,ERR,ERR,ERR,ERR,ERR,ERR,ERR,ERR,ERR,ERR,ERR,ERR,ERR,ERR,ERR,ERR,ERR,ERR,ERR,ERR,ERR,ERR,ERR,ERR,ERR,ERR,ERR,ERR,ERR,ERR,ERR,ERR,ERR,ERR,ERR,ERR,ERR,ERR,ERR,ERR,ERR,ERR,ERR,ERR,ERR,ERR,ERR,ERR,ERR,ERR,ERR,ERR,ERR,ERR,ERR,ERR,0.0,0.0,0.0,2.718366610185338e+23,1.2055406979619154e+24,4.6348536608104886e+21,-0.0,-0.0,0,0,4,17412,7116,0.0,100,0.0,0.0,2.718366610185338e+23,0.0,0.0,0,0,0,0,0.0,0,0,0,0,0,0,0,0,0,0,0,0,0,0,0,0,0,0,0,0,0,0,0,0,0,0,0,0,0,0,0,0,0,31,40,40,71,65476,0,300,0,0,8,21553,0.0,-107605600.0,0.0,0.0,0.0,0.0,0.0,0.0,0.0,0.0,0.0,0.0,0.0,0.0,0.0,0.0,0.0,0.0,0.0,0.0,0.0,0.0,-0.0,-0.0,0.0,0.0,0.0,0.0,0.0,0.0,5025.0,-0.0,6931.0,0.0,2.7184431713790035e+23,2.004,2.004,0.0,0.0,0.0,0.0,69,-0.0,-0.0,0.0,0.0,0.0,0.0,0.0,0.0,0.0,0,0,0,0.0,0.0,0.0,0.0,0.0,0.0,0.0,0.0,0.0,0.0,0.0,0.0,0.0,0.0,0.0,0.0,0,-107875648.0,69,0.0,138,0.0,2.012,ERR,ERR,ERR,ERR,ERR,ERR,ERR,ERR,ERR,ERR,ERR,ERR,ERR,ERR,ERR,ERR,ERR,ERR,ERR,ERR,ERR,ERR,ERR,ERR,ERR,ERR,ERR,ERR,ERR,ERR,ERR,ERR,ERR,ERR,ERR,ERR,ERR,ERR,ERR,ERR,ERR,ERR,ERR,ERR,ERR,ERR,ERR,ERR,ERR,ERR,ERR,ERR,ERR,ERR,ERR,ERR,ERR,ERR,ERR,ERR,ERR,ERR,ERR,ERR,ERR,ERR,ERR,60.0,60.0,35,0.0,0.0,0.0,0.0,0.0,0.0,0.0,0.0,0.0,0.0,0.0,0.0,0.0,0.0,0.0,0.0,65.2,0,149,70,54,65476,0,65476,1,4,4,20529,65476,0,0,2621,60.0,0.0,0.0,0.0,0.0,0.0
2026-07-09T15:00:29,ERR,ERR,ERR,ERR,ERR,ERR,ERR,ERR,ERR,ERR,ERR,ERR,ERR,ERR,ERR,ERR,ERR,ERR,ERR,ERR,ERR,ERR,ERR,ERR,ERR,ERR,ERR,ERR,ERR,ERR,ERR,ERR,ERR,ERR,ERR,ERR,ERR,ERR,ERR,ERR,ERR,ERR,ERR,ERR,ERR,ERR,ERR,ERR,ERR,ERR,ERR,ERR,ERR,ERR,ERR,ERR,ERR,ERR,ERR,ERR,ERR,ERR,ERR,ERR,ERR,ERR,ERR,ERR,ERR,ERR,ERR,ERR,ERR,ERR,ERR,ERR,ERR,ERR,ERR,ERR,ERR,ERR,ERR,ERR,ERR,ERR,ERR,ERR,ERR,ERR,ERR,ERR,ERR,ERR,ERR,ERR,ERR,ERR,ERR,ERR,ERR,ERR,ERR,ERR,ERR,ERR,ERR,ERR,ERR,ERR,ERR,ERR,ERR,ERR,ERR,ERR,ERR,ERR,ERR,ERR,ERR,ERR,ERR,ERR,ERR,0.0,0.0,0.0,2.718366610185338e+23,1.2055406979619154e+24,4.6348536608104886e+21,-0.0,-0.0,0,0,4,17412,7116,0.0,100,0.0,0.0,2.718366610185338e+23,0.0,0.0,0,0,0,0,0.0,0,0,0,0,0,0,0,0,0,0,0,0,0,0,0,0,0,0,0,0,0,0,0,0,0,0,0,0,0,0,0,0,0,31,40,40,71,65476,0,300,0,0,8,21553,0.0,-107605600.0,0.0,0.0,0.0,0.0,0.0,0.0,0.0,0.0,0.0,0.0,0.0,0.0,0.0,0.0,0.0,0.0,0.0,0.0,0.0,0.0,-0.0,-0.0,0.0,0.0,0.0,0.0,0.0,0.0,5025.0,-0.0,6931.0,0.0,2.7184431713790035e+23,2.004,2.004,0.0,0.0,0.0,0.0,69,-0.0,-0.0,0.0,0.0,0.0,0.0,0.0,0.0,0.0,0,0,0,0.0,0.0,0.0,0.0,0.0,0.0,0.0,0.0,0.0,0.0,0.0,0.0,0.0,0.0,0.0,0.0,0,-107875648.0,69,0.0,138,0.0,2.012,ERR,ERR,ERR,ERR,ERR,ERR,ERR,ERR,ERR,ERR,ERR,ERR,ERR,ERR,ERR,ERR,ERR,ERR,ERR,ERR,ERR,ERR,ERR,ERR,ERR,ERR,ERR,ERR,ERR,ERR,ERR,ERR,ERR,ERR,ERR,ERR,ERR,ERR,ERR,ERR,ERR,ERR,ERR,ERR,ERR,ERR,ERR,ERR,ERR,ERR,ERR,ERR,ERR,ERR,ERR,ERR,ERR,ERR,ERR,ERR,ERR,ERR,ERR,ERR,ERR,ERR,ERR,60.0,60.0,35,0.0,0.0,0.0,0.0,0.0,0.0,0.0,0.0,0.0,0.0,0.0,0.0,0.0,0.0,0.0,0.0,65.6,0,149,70,54,65476,0,65476,1,4,4,20529,65476,0,0,2621,60.0,0.0,0.0,0.0,0.0,0.0
2026-07-09T15:00:30,ERR,ERR,ERR,ERR,ERR,ERR,ERR,ERR,ERR,ERR,ERR,ERR,ERR,ERR,ERR,ERR,ERR,ERR,ERR,ERR,ERR,ERR,ERR,ERR,ERR,ERR,ERR,ERR,ERR,ERR,ERR,ERR,ERR,ERR,ERR,ERR,ERR,ERR,ERR,ERR,ERR,ERR,ERR,ERR,ERR,ERR,ERR,ERR,ERR,ERR,ERR,ERR,ERR,ERR,ERR,ERR,ERR,ERR,ERR,ERR,ERR,ERR,ERR,ERR,ERR,ERR,ERR,ERR,ERR,ERR,ERR,ERR,ERR,ERR,ERR,ERR,ERR,ERR,ERR,ERR,ERR,ERR,ERR,ERR,ERR,ERR,ERR,ERR,ERR,ERR,ERR,ERR,ERR,ERR,ERR,ERR,ERR,ERR,ERR,ERR,ERR,ERR,ERR,ERR,ERR,ERR,ERR,ERR,ERR,ERR,ERR,ERR,ERR,ERR,ERR,ERR,ERR,ERR,ERR,ERR,ERR,ERR,ERR,ERR,ERR,0.0,0.0,0.0,2.718366610185338e+23,1.2055406979619154e+24,4.6348536608104886e+21,-0.0,-0.0,0,0,4,17412,7116,0.0,100,0.0,0.0,2.718366610185338e+23,0.0,0.0,0,0,0,0,0.0,0,0,0,0,0,0,0,0,0,0,0,0,0,0,0,0,0,0,0,0,0,0,0,0,0,0,0,0,0,0,0,0,0,31,40,40,71,65476,0,300,0,0,8,21553,0.0,-107605600.0,0.0,0.0,0.0,0.0,0.0,0.0,0.0,0.0,0.0,0.0,0.0,0.0,0.0,0.0,0.0,0.0,0.0,0.0,0.0,0.0,-0.0,-0.0,0.0,0.0,0.0,0.0,0.0,0.0,5025.0,-0.0,6931.0,0.0,2.7184431713790035e+23,2.004,2.004,0.0,0.0,0.0,0.0,69,-0.0,-0.0,0.0,0.0,0.0,0.0,0.0,0.0,0.0,0,0,0,0.0,0.0,0.0,0.0,0.0,0.0,0.0,0.0,0.0,0.0,0.0,0.0,0.0,0.0,0.0,0.0,0,-107875648.0,69,0.0,138,0.0,2.012,ERR,ERR,ERR,ERR,ERR,ERR,ERR,ERR,ERR,ERR,ERR,ERR,ERR,ERR,ERR,ERR,ERR,ERR,ERR,ERR,ERR,ERR,ERR,ERR,ERR,ERR,ERR,ERR,ERR,ERR,ERR,ERR,ERR,ERR,ERR,ERR,ERR,ERR,ERR,ERR,ERR,ERR,ERR,ERR,ERR,ERR,ERR,ERR,ERR,ERR,ERR,ERR,ERR,ERR,ERR,ERR,ERR,ERR,ERR,ERR,ERR,ERR,ERR,ERR,ERR,ERR,ERR,60.0,60.0,35,0.0,0.0,0.0,0.0,0.0,0.0,0.0,0.0,0.0,0.0,0.0,0.0,0.0,0.0,0.0,0.0,65.6,0,149,70,54,65476,0,65476,1,4,4,20529,65476,0,0,2621,60.0,0.0,0.0,0.0,0.0,0.0
2026-07-09T15:00:31,ERR,ERR,ERR,ERR,ERR,ERR,ERR,ERR,ERR,ERR,ERR,ERR,ERR,ERR,ERR,ERR,ERR,ERR,ERR,ERR,ERR,ERR,ERR,ERR,ERR,ERR,ERR,ERR,ERR,ERR,ERR,ERR,ERR,ERR,ERR,ERR,ERR,ERR,ERR,ERR,ERR,ERR,ERR,ERR,ERR,ERR,ERR,ERR,ERR,ERR,ERR,ERR,ERR,ERR,ERR,ERR,ERR,ERR,ERR,ERR,ERR,ERR,ERR,ERR,ERR,ERR,ERR,ERR,ERR,ERR,ERR,ERR,ERR,ERR,ERR,ERR,ERR,ERR,ERR,ERR,ERR,ERR,ERR,ERR,ERR,ERR,ERR,ERR,ERR,ERR,ERR,ERR,ERR,ERR,ERR,ERR,ERR,ERR,ERR,ERR,ERR,ERR,ERR,ERR,ERR,ERR,ERR,ERR,ERR,ERR,ERR,ERR,ERR,ERR,ERR,ERR,ERR,ERR,ERR,ERR,ERR,ERR,ERR,ERR,ERR,-107615088.0,-107615928.0,-107614720.0,2.718366610185338e+23,769.133,0.0,-3729217536.0,2.586836015650483e+31,0,0,4,17413,7116,0.0,100,0.0,0.0,2.718366610185338e+23,0.0,0.0,0,0,0,0,0.0,0,0,0,0,0,0,0,0,0,0,0,0,0,0,0,0,0,0,0,0,0,0,0,0,0,0,0,0,0,0,0,0,0,31,40,40,71,65476,0,300,0,0,8,21553,0.0,-107605600.0,0.0,0.0,0.0,0.0,0.0,0.0,0.0,0.0,0.0,0.0,0.0,0.0,0.0,0.0,0.0,0.0,0.0,0.0,0.0,0.0,2.004,-3.697063867931689e+19,0.0,0.0,0.0,0.0,0.0,0.0,5052.0,0.0,6913.0,2.7184242562605685e+23,0.0,2.004,2.004,0.0,0.0,0.0,0.0,69,5.8480822245938335e+35,0.0,0.0,0.0,0.0,0.0,0.0,0.0,0.0,0,0,0,0.0,0.0,0.0,0.0,0.0,0.0,0.0,0.0,0.0,0.0,0.0,0.0,0.0,0.0,0.0,0.0,0,-107875648.0,69,0.0,138,0.0,2.012,ERR,ERR,ERR,ERR,ERR,ERR,ERR,ERR,ERR,ERR,ERR,ERR,ERR,ERR,ERR,ERR,ERR,ERR,ERR,ERR,ERR,ERR,ERR,ERR,ERR,ERR,ERR,ERR,ERR,ERR,ERR,ERR,ERR,ERR,ERR,ERR,ERR,ERR,ERR,ERR,ERR,ERR,ERR,ERR,ERR,ERR,ERR,ERR,ERR,ERR,ERR,ERR,ERR,ERR,ERR,ERR,ERR,ERR,ERR,ERR,ERR,ERR,ERR,ERR,ERR,ERR,ERR,60.0,60.0,35,0.0,0.0,0.0,0.0,0.0,0.0,0.0,0.0,0.0,0.0,0.0,0.0,0.0,0.0,0.0,0.0,65.2,0,149,70,54,65476,0,65476,1,4,4,20529,65476,0,0,2621,60.0,0.0,0.0,0.0,0.0,0.0
2026-07-09T15:00:32,ERR,ERR,ERR,ERR,ERR,ERR,ERR,ERR,ERR,ERR,ERR,ERR,ERR,ERR,ERR,ERR,ERR,ERR,ERR,ERR,ERR,ERR,ERR,ERR,ERR,ERR,ERR,ERR,ERR,ERR,ERR,ERR,ERR,ERR,ERR,ERR,ERR,ERR,ERR,ERR,ERR,ERR,ERR,ERR,ERR,ERR,ERR,ERR,ERR,ERR,ERR,ERR,ERR,ERR,ERR,ERR,ERR,ERR,ERR,ERR,ERR,ERR,ERR,ERR,ERR,ERR,ERR,ERR,ERR,ERR,ERR,ERR,ERR,ERR,ERR,ERR,ERR,ERR,ERR,ERR,ERR,ERR,ERR,ERR,ERR,ERR,ERR,ERR,ERR,ERR,ERR,ERR,ERR,ERR,ERR,ERR,ERR,ERR,ERR,ERR,ERR,ERR,ERR,ERR,ERR,ERR,ERR,ERR,ERR,ERR,ERR,ERR,ERR,ERR,ERR,ERR,ERR,ERR,ERR,ERR,ERR,ERR,ERR,ERR,ERR,-107615088.0,-107615928.0,-107614720.0,2.718366610185338e+23,769.133,0.0,-3729217536.0,2.586836015650483e+31,0,0,4,17413,7116,0.0,100,0.0,0.0,2.718366610185338e+23,0.0,0.0,0,0,0,0,0.0,0,0,0,0,0,0,0,0,0,0,0,0,0,0,0,0,0,0,0,0,0,0,0,0,0,0,0,0,0,0,0,0,0,31,40,40,71,65476,0,300,0,0,8,21553,0.0,-107605600.0,0.0,0.0,0.0,0.0,0.0,0.0,0.0,0.0,0.0,0.0,0.0,0.0,0.0,0.0,0.0,0.0,0.0,0.0,0.0,0.0,2.004,-3.697063867931689e+19,0.0,0.0,0.0,0.0,0.0,0.0,5052.0,0.0,6913.0,2.7184242562605685e+23,0.0,2.004,2.004,0.0,0.0,0.0,0.0,69,5.8480822245938335e+35,0.0,0.0,0.0,0.0,0.0,0.0,0.0,0.0,0,0,0,0.0,0.0,0.0,0.0,0.0,0.0,0.0,0.0,0.0,0.0,0.0,0.0,0.0,0.0,0.0,0.0,0,-107875648.0,69,0.0,138,0.0,2.012,ERR,ERR,ERR,ERR,ERR,ERR,ERR,ERR,ERR,ERR,ERR,ERR,ERR,ERR,ERR,ERR,ERR,ERR,ERR,ERR,ERR,ERR,ERR,ERR,ERR,ERR,ERR,ERR,ERR,ERR,ERR,ERR,ERR,ERR,ERR,ERR,ERR,ERR,ERR,ERR,ERR,ERR,ERR,ERR,ERR,ERR,ERR,ERR,ERR,ERR,ERR,ERR,ERR,ERR,ERR,ERR,ERR,ERR,ERR,ERR,ERR,ERR,ERR,ERR,ERR,ERR,ERR,60.0,60.0,35,0.0,0.0,0.0,0.0,0.0,0.0,0.0,0.0,0.0,0.0,0.0,0.0,0.0,0.0,0.0,0.0,65.2,0,149,70,54,65476,0,65476,1,4,4,20529,65476,0,0,2621,60.0,0.0,0.0,0.0,0.0,0.0
2026-07-09T15:00:33,ERR,ERR,ERR,ERR,ERR,ERR,ERR,ERR,ERR,ERR,ERR,ERR,ERR,ERR,ERR,ERR,ERR,ERR,ERR,ERR,ERR,ERR,ERR,ERR,ERR,ERR,ERR,ERR,ERR,ERR,ERR,ERR,ERR,ERR,ERR,ERR,ERR,ERR,ERR,ERR,ERR,ERR,ERR,ERR,ERR,ERR,ERR,ERR,ERR,ERR,ERR,ERR,ERR,ERR,ERR,ERR,ERR,ERR,ERR,ERR,ERR,ERR,ERR,ERR,ERR,ERR,ERR,ERR,ERR,ERR,ERR,ERR,ERR,ERR,ERR,ERR,ERR,ERR,ERR,ERR,ERR,ERR,ERR,ERR,ERR,ERR,ERR,ERR,ERR,ERR,ERR,ERR,ERR,ERR,ERR,ERR,ERR,ERR,ERR,ERR,ERR,ERR,ERR,ERR,ERR,ERR,ERR,ERR,ERR,ERR,ERR,ERR,ERR,ERR,ERR,ERR,ERR,ERR,ERR,ERR,ERR,ERR,ERR,ERR,ERR,-107615088.0,-107615928.0,-107614720.0,2.718366610185338e+23,769.133,0.0,-3729217536.0,2.586836015650483e+31,0,0,4,17413,7116,0.0,100,0.0,0.0,2.718366610185338e+23,0.0,0.0,0,0,0,0,0.0,0,0,0,0,0,0,0,0,0,0,0,0,0,0,0,0,0,0,0,0,0,0,0,0,0,0,0,0,0,0,0,0,0,31,40,40,71,65476,0,300,0,0,8,21553,0.0,-107605600.0,0.0,0.0,0.0,0.0,0.0,0.0,0.0,0.0,0.0,0.0,0.0,0.0,0.0,0.0,0.0,0.0,0.0,0.0,0.0,0.0,2.004,-3.697063867931689e+19,0.0,0.0,0.0,0.0,0.0,0.0,5052.0,0.0,6913.0,2.7184242562605685e+23,0.0,2.004,2.004,0.0,0.0,0.0,0.0,69,5.8480822245938335e+35,0.0,0.0,0.0,0.0,0.0,0.0,0.0,0.0,0,0,0,0.0,0.0,0.0,0.0,0.0,0.0,0.0,0.0,0.0,0.0,0.0,0.0,0.0,0.0,0.0,0.0,0,-107875648.0,69,0.0,138,0.0,2.012,ERR,ERR,ERR,ERR,ERR,ERR,ERR,ERR,ERR,ERR,ERR,ERR,ERR,ERR,ERR,ERR,ERR,ERR,ERR,ERR,ERR,ERR,ERR,ERR,ERR,ERR,ERR,ERR,ERR,ERR,ERR,ERR,ERR,ERR,ERR,ERR,ERR,ERR,ERR,ERR,ERR,ERR,ERR,ERR,ERR,ERR,ERR,ERR,ERR,ERR,ERR,ERR,ERR,ERR,ERR,ERR,ERR,ERR,ERR,ERR,ERR,ERR,ERR,ERR,ERR,ERR,ERR,60.0,60.0,35,0.0,0.0,0.0,0.0,0.0,0.0,0.0,0.0,0.0,0.0,0.0,0.0,0.0,0.0,0.0,0.0,65.2,0,148,70,54,65476,0,65476,1,4,4,20529,65476,0,0,2621,60.0,0.0,0.0,0.0,0.0,0.0
2026-07-09T15:00:34,ERR,ERR,ERR,ERR,ERR,ERR,ERR,ERR,ERR,ERR,ERR,ERR,ERR,ERR,ERR,ERR,ERR,ERR,ERR,ERR,ERR,ERR,ERR,ERR,ERR,ERR,ERR,ERR,ERR,ERR,ERR,ERR,ERR,ERR,ERR,ERR,ERR,ERR,ERR,ERR,ERR,ERR,ERR,ERR,ERR,ERR,ERR,ERR,ERR,ERR,ERR,ERR,ERR,ERR,ERR,ERR,ERR,ERR,ERR,ERR,ERR,ERR,ERR,ERR,ERR,ERR,ERR,ERR,ERR,ERR,ERR,ERR,ERR,ERR,ERR,ERR,ERR,ERR,ERR,ERR,ERR,ERR,ERR,ERR,ERR,ERR,ERR,ERR,ERR,ERR,ERR,ERR,ERR,ERR,ERR,ERR,ERR,ERR,ERR,ERR,ERR,ERR,ERR,ERR,ERR,ERR,ERR,ERR,ERR,ERR,ERR,ERR,ERR,ERR,ERR,ERR,ERR,ERR,ERR,ERR,ERR,ERR,ERR,ERR,ERR,-107615088.0,-107615928.0,-107614720.0,2.718366610185338e+23,769.133,0.0,-3729217536.0,2.586836015650483e+31,0,0,4,17413,7116,0.0,100,0.0,0.0,2.718366610185338e+23,0.0,0.0,0,0,0,0,0.0,0,0,0,0,0,0,0,0,0,0,0,0,0,0,0,0,0,0,0,0,0,0,0,0,0,0,0,0,0,0,0,0,0,31,40,40,71,65476,0,300,0,0,8,21553,0.0,-107605600.0,0.0,0.0,0.0,0.0,0.0,0.0,0.0,0.0,0.0,0.0,0.0,0.0,0.0,0.0,0.0,0.0,0.0,0.0,0.0,0.0,2.004,-3.697063867931689e+19,0.0,0.0,0.0,0.0,0.0,0.0,5052.0,0.0,6913.0,2.7184242562605685e+23,0.0,2.004,2.004,0.0,0.0,0.0,0.0,69,5.8480822245938335e+35,0.0,0.0,0.0,0.0,0.0,0.0,0.0,0.0,0,0,0,0.0,0.0,0.0,0.0,0.0,0.0,0.0,0.0,0.0,0.0,0.0,0.0,0.0,0.0,0.0,0.0,0,-107875648.0,69,0.0,138,0.0,2.012,ERR,ERR,ERR,ERR,ERR,ERR,ERR,ERR,ERR,ERR,ERR,ERR,ERR,ERR,ERR,ERR,ERR,ERR,ERR,ERR,ERR,ERR,ERR,ERR,ERR,ERR,ERR,ERR,ERR,ERR,ERR,ERR,ERR,ERR,ERR,ERR,ERR,ERR,ERR,ERR,ERR,ERR,ERR,ERR,ERR,ERR,ERR,ERR,ERR,ERR,ERR,ERR,ERR,ERR,ERR,ERR,ERR,ERR,ERR,ERR,ERR,ERR,ERR,ERR,ERR,ERR,ERR,60.0,60.0,35,0.0,0.0,0.0,0.0,0.0,0.0,0.0,0.0,0.0,0.0,0.0,0.0,0.0,0.0,0.0,0.0,65.2,0,148,70,54,65476,0,65476,1,4,4,20529,65476,0,0,2621,60.0,0.0,0.0,0.0,0.0,0.0
2026-07-09T15:00:35,ERR,ERR,ERR,ERR,ERR,ERR,ERR,ERR,ERR,ERR,ERR,ERR,ERR,ERR,ERR,ERR,ERR,ERR,ERR,ERR,ERR,ERR,ERR,ERR,ERR,ERR,ERR,ERR,ERR,ERR,ERR,ERR,ERR,ERR,ERR,ERR,ERR,ERR,ERR,ERR,ERR,ERR,ERR,ERR,ERR,ERR,ERR,ERR,ERR,ERR,ERR,ERR,ERR,ERR,ERR,ERR,ERR,ERR,ERR,ERR,ERR,ERR,ERR,ERR,ERR,ERR,ERR,ERR,ERR,ERR,ERR,ERR,ERR,ERR,ERR,ERR,ERR,ERR,ERR,ERR,ERR,ERR,ERR,ERR,ERR,ERR,ERR,ERR,ERR,ERR,ERR,ERR,ERR,ERR,ERR,ERR,ERR,ERR,ERR,ERR,ERR,ERR,ERR,ERR,ERR,ERR,ERR,ERR,ERR,ERR,ERR,ERR,ERR,ERR,ERR,ERR,ERR,ERR,ERR,ERR,ERR,ERR,ERR,ERR,ERR,-107615088.0,-107615928.0,-107614720.0,2.718366610185338e+23,769.133,0.0,-3729217536.0,2.586836015650483e+31,0,0,4,17413,7116,0.0,100,0.0,0.0,2.718366610185338e+23,0.0,0.0,0,0,0,0,0.0,0,0,0,0,0,0,0,0,0,0,0,0,0,0,0,0,0,0,0,0,0,0,0,0,0,0,0,0,0,0,0,0,0,31,40,40,71,65476,0,300,0,0,8,21553,0.0,-107605600.0,0.0,0.0,0.0,0.0,0.0,0.0,0.0,0.0,0.0,0.0,0.0,0.0,0.0,0.0,0.0,0.0,0.0,0.0,0.0,0.0,2.004,-3.697063867931689e+19,0.0,0.0,0.0,0.0,0.0,0.0,5052.0,0.0,6913.0,2.7184242562605685e+23,0.0,2.004,2.004,0.0,0.0,0.0,0.0,69,5.8480822245938335e+35,0.0,0.0,0.0,0.0,0.0,0.0,0.0,0.0,0,0,0,0.0,0.0,0.0,0.0,0.0,0.0,0.0,0.0,0.0,0.0,0.0,0.0,0.0,0.0,0.0,0.0,0,-107875648.0,69,0.0,138,0.0,2.012,ERR,ERR,ERR,ERR,ERR,ERR,ERR,ERR,ERR,ERR,ERR,ERR,ERR,ERR,ERR,ERR,ERR,ERR,ERR,ERR,ERR,ERR,ERR,ERR,ERR,ERR,ERR,ERR,ERR,ERR,ERR,ERR,ERR,ERR,ERR,ERR,ERR,ERR,ERR,ERR,ERR,ERR,ERR,ERR,ERR,ERR,ERR,ERR,ERR,ERR,ERR,ERR,ERR,ERR,ERR,ERR,ERR,ERR,ERR,ERR,ERR,ERR,ERR,ERR,ERR,ERR,ERR,60.0,60.0,35,0.0,0.0,0.0,0.0,0.0,0.0,0.0,0.0,0.0,0.0,0.0,0.0,0.0,0.0,0.0,0.0,65.2,0,148,70,54,65476,0,65476,1,4,4,20529,65476,0,0,2621,60.0,0.0,0.0,0.0,0.0,0.0
2026-07-09T15:00:36,ERR,ERR,ERR,ERR,ERR,ERR,ERR,ERR,ERR,ERR,ERR,ERR,ERR,ERR,ERR,ERR,ERR,ERR,ERR,ERR,ERR,ERR,ERR,ERR,ERR,ERR,ERR,ERR,ERR,ERR,ERR,ERR,ERR,ERR,ERR,ERR,ERR,ERR,ERR,ERR,ERR,ERR,ERR,ERR,ERR,ERR,ERR,ERR,ERR,ERR,ERR,ERR,ERR,ERR,ERR,ERR,ERR,ERR,ERR,ERR,ERR,ERR,ERR,ERR,ERR,ERR,ERR,ERR,ERR,ERR,ERR,ERR,ERR,ERR,ERR,ERR,ERR,ERR,ERR,ERR,ERR,ERR,ERR,ERR,ERR,ERR,ERR,ERR,ERR,ERR,ERR,ERR,ERR,ERR,ERR,ERR,ERR,ERR,ERR,ERR,ERR,ERR,ERR,ERR,ERR,ERR,ERR,ERR,ERR,ERR,ERR,ERR,ERR,ERR,ERR,ERR,ERR,ERR,ERR,ERR,ERR,ERR,ERR,ERR,ERR,2.7184242562605685e+23,0.0,0.0,0.0,1.502,1.1280562030776342e+36,0.0,-0.11,0,0,4,17413,7116,0.0,100,0.0,0.0,2.718366610185338e+23,0.0,0.0,0,0,0,0,0.0,0,0,0,0,0,0,0,0,0,0,0,0,0,0,0,0,0,0,0,0,0,0,0,0,0,0,0,0,0,0,0,0,0,31,40,40,71,65476,0,300,0,0,8,21553,0.0,-107605600.0,0.0,0.0,0.0,0.0,0.0,0.0,0.0,0.0,0.0,0.0,0.0,0.0,-2.596148429267414e+33,0.0,0.0,0.0,0.0,0.0,0.0,0.0,0.0,0.0,0.0,0.0,0.0,0.0,0.0,0.0,5052.0,0.0,6912.0,2.7184242562605685e+23,0.0,2.004,2.004,0.0,0.0,0.0,0.0,69,5.8480822245938335e+35,-4.9504015179484054e+32,0.0,0.0,0.0,0.0,0.0,0.0,0.0,0,0,0,0.0,0.0,0.0,0.0,0.0,0.0,0.0,0.0,0.0,0.0,0.0,0.0,0.0,0.0,0.0,0.0,0,-107875648.0,69,0.0,138,0.0,2.012,ERR,ERR,ERR,ERR,ERR,ERR,ERR,ERR,ERR,ERR,ERR,ERR,ERR,ERR,ERR,ERR,ERR,ERR,ERR,ERR,ERR,ERR,ERR,ERR,ERR,ERR,ERR,ERR,ERR,ERR,ERR,ERR,ERR,ERR,ERR,ERR,ERR,ERR,ERR,ERR,ERR,ERR,ERR,ERR,ERR,ERR,ERR,ERR,ERR,ERR,ERR,ERR,ERR,ERR,ERR,ERR,ERR,ERR,ERR,ERR,ERR,ERR,ERR,ERR,ERR,ERR,ERR,60.0,60.0,35,0.0,0.0,0.0,0.0,0.0,0.0,0.0,0.0,0.0,0.0,0.0,0.0,0.0,0.0,0.0,0.0,65.6,0,148,70,54,65476,0,65476,1,4,4,20529,65476,0,0,2621,60.0,0.0,0.0,0.0,0.0,0.0
2026-07-09T15:00:37,ERR,ERR,ERR,ERR,ERR,ERR,ERR,ERR,ERR,ERR,ERR,ERR,ERR,ERR,ERR,ERR,ERR,ERR,ERR,ERR,ERR,ERR,ERR,ERR,ERR,ERR,ERR,ERR,ERR,ERR,ERR,ERR,ERR,ERR,ERR,ERR,ERR,ERR,ERR,ERR,ERR,ERR,ERR,ERR,ERR,ERR,ERR,ERR,ERR,ERR,ERR,ERR,ERR,ERR,ERR,ERR,ERR,ERR,ERR,ERR,ERR,ERR,ERR,ERR,ERR,ERR,ERR,ERR,ERR,ERR,ERR,ERR,ERR,ERR,ERR,ERR,ERR,ERR,ERR,ERR,ERR,ERR,ERR,ERR,ERR,ERR,ERR,ERR,ERR,ERR,ERR,ERR,ERR,ERR,ERR,ERR,ERR,ERR,ERR,ERR,ERR,ERR,ERR,ERR,ERR,ERR,ERR,ERR,ERR,ERR,ERR,ERR,ERR,ERR,ERR,ERR,ERR,ERR,ERR,ERR,ERR,ERR,ERR,ERR,ERR,2.7184242562605685e+23,0.0,0.0,0.0,1.502,1.1280562030776342e+36,0.0,-0.11,0,0,4,17413,7116,0.0,100,0.0,0.0,2.718366610185338e+23,0.0,0.0,0,0,0,0,0.0,0,0,0,0,0,0,0,0,0,0,0,0,0,0,0,0,0,0,0,0,0,0,0,0,0,0,0,0,0,0,0,0,0,31,40,40,71,65476,0,300,0,0,8,21553,0.0,-107605600.0,0.0,0.0,0.0,0.0,0.0,0.0,0.0,0.0,0.0,0.0,0.0,0.0,-2.596148429267414e+33,0.0,0.0,0.0,0.0,0.0,0.0,0.0,0.0,0.0,0.0,0.0,0.0,0.0,0.0,0.0,5052.0,0.0,6912.0,2.7184242562605685e+23,0.0,2.004,2.004,0.0,0.0,0.0,0.0,69,5.8480822245938335e+35,-4.9504015179484054e+32,0.0,0.0,0.0,0.0,0.0,0.0,0.0,0,0,0,0.0,0.0,0.0,0.0,0.0,0.0,0.0,0.0,0.0,0.0,0.0,0.0,0.0,0.0,0.0,0.0,0,-107875648.0,69,0.0,138,0.0,2.012,ERR,ERR,ERR,ERR,ERR,ERR,ERR,ERR,ERR,ERR,ERR,ERR,ERR,ERR,ERR,ERR,ERR,ERR,ERR,ERR,ERR,ERR,ERR,ERR,ERR,ERR,ERR,ERR,ERR,ERR,ERR,ERR,ERR,ERR,ERR,ERR,ERR,ERR,ERR,ERR,ERR,ERR,ERR,ERR,ERR,ERR,ERR,ERR,ERR,ERR,ERR,ERR,ERR,ERR,ERR,ERR,ERR,ERR,ERR,ERR,ERR,ERR,ERR,ERR,ERR,ERR,ERR,60.0,60.0,35,0.0,0.0,0.0,0.0,0.0,0.0,0.0,0.0,0.0,0.0,0.0,0.0,0.0,0.0,0.0,0.0,65.6,0,148,70,54,65476,0,65476,1,4,4,20529,65476,0,0,2621,60.0,0.0,0.0,0.0,0.0,0.0
2026-07-09T15:00:38,ERR,ERR,ERR,ERR,ERR,ERR,ERR,ERR,ERR,ERR,ERR,ERR,ERR,ERR,ERR,ERR,ERR,ERR,ERR,ERR,ERR,ERR,ERR,ERR,ERR,ERR,ERR,ERR,ERR,ERR,ERR,ERR,ERR,ERR,ERR,ERR,ERR,ERR,ERR,ERR,ERR,ERR,ERR,ERR,ERR,ERR,ERR,ERR,ERR,ERR,ERR,ERR,ERR,ERR,ERR,ERR,ERR,ERR,ERR,ERR,ERR,ERR,ERR,ERR,ERR,ERR,ERR,ERR,ERR,ERR,ERR,ERR,ERR,ERR,ERR,ERR,ERR,ERR,ERR,ERR,ERR,ERR,ERR,ERR,ERR,ERR,ERR,ERR,ERR,ERR,ERR,ERR,ERR,ERR,ERR,ERR,ERR,ERR,ERR,ERR,ERR,ERR,ERR,ERR,ERR,ERR,ERR,ERR,ERR,ERR,ERR,ERR,ERR,ERR,ERR,ERR,ERR,ERR,ERR,ERR,ERR,ERR,ERR,ERR,ERR,2.7184242562605685e+23,0.0,0.0,0.0,1.502,1.1280562030776342e+36,0.0,-0.11,0,0,4,17413,7116,0.0,100,0.0,0.0,2.718366610185338e+23,0.0,0.0,0,0,0,0,0.0,0,0,0,0,0,0,0,0,0,0,0,0,0,0,0,0,0,0,0,0,0,0,0,0,0,0,0,0,0,0,0,0,0,31,40,40,71,65476,0,300,0,0,8,21553,0.0,-107605600.0,0.0,0.0,0.0,0.0,0.0,0.0,0.0,0.0,0.0,0.0,0.0,0.0,-2.596148429267414e+33,0.0,0.0,0.0,0.0,0.0,0.0,0.0,0.0,0.0,0.0,0.0,0.0,0.0,0.0,0.0,5052.0,0.0,6912.0,2.7184242562605685e+23,0.0,2.004,2.004,0.0,0.0,0.0,0.0,69,5.8480822245938335e+35,-4.9504015179484054e+32,0.0,0.0,0.0,0.0,0.0,0.0,0.0,0,0,0,0.0,0.0,0.0,0.0,0.0,0.0,0.0,0.0,0.0,0.0,0.0,0.0,0.0,0.0,0.0,0.0,0,-107875648.0,69,0.0,138,0.0,2.012,ERR,ERR,ERR,ERR,ERR,ERR,ERR,ERR,ERR,ERR,ERR,ERR,ERR,ERR,ERR,ERR,ERR,ERR,ERR,ERR,ERR,ERR,ERR,ERR,ERR,ERR,ERR,ERR,ERR,ERR,ERR,ERR,ERR,ERR,ERR,ERR,ERR,ERR,ERR,ERR,ERR,ERR,ERR,ERR,ERR,ERR,ERR,ERR,ERR,ERR,ERR,ERR,ERR,ERR,ERR,ERR,ERR,ERR,ERR,ERR,ERR,ERR,ERR,ERR,ERR,ERR,ERR,60.0,60.0,35,0.0,0.0,0.0,0.0,0.0,0.0,0.0,0.0,0.0,0.0,0.0,0.0,0.0,0.0,0.0,0.0,65.6,0,148,70,54,65476,0,65476,1,4,4,20529,65476,0,0,2621,60.0,0.0,0.0,0.0,0.0,0.0
2026-07-09T15:00:39,ERR,ERR,ERR,ERR,ERR,ERR,ERR,ERR,ERR,ERR,ERR,ERR,ERR,ERR,ERR,ERR,ERR,ERR,ERR,ERR,ERR,ERR,ERR,ERR,ERR,ERR,ERR,ERR,ERR,ERR,ERR,ERR,ERR,ERR,ERR,ERR,ERR,ERR,ERR,ERR,ERR,ERR,ERR,ERR,ERR,ERR,ERR,ERR,ERR,ERR,ERR,ERR,ERR,ERR,ERR,ERR,ERR,ERR,ERR,ERR,ERR,ERR,ERR,ERR,ERR,ERR,ERR,ERR,ERR,ERR,ERR,ERR,ERR,ERR,ERR,ERR,ERR,ERR,ERR,ERR,ERR,ERR,ERR,ERR,ERR,ERR,ERR,ERR,ERR,ERR,ERR,ERR,ERR,ERR,ERR,ERR,ERR,ERR,ERR,ERR,ERR,ERR,ERR,ERR,ERR,ERR,ERR,ERR,ERR,ERR,ERR,ERR,ERR,ERR,ERR,ERR,ERR,ERR,ERR,ERR,ERR,ERR,ERR,ERR,ERR,2.7184242562605685e+23,0.0,0.0,0.0,1.502,1.1280562030776342e+36,0.0,-0.11,0,0,4,17413,7116,0.0,100,0.0,0.0,2.718366610185338e+23,0.0,0.0,0,0,0,0,0.0,0,0,0,0,0,0,0,0,0,0,0,0,0,0,0,0,0,0,0,0,0,0,0,0,0,0,0,0,0,0,0,0,0,31,40,40,71,65476,0,300,0,0,8,21553,0.0,-107605600.0,0.0,0.0,0.0,0.0,0.0,0.0,0.0,0.0,0.0,0.0,0.0,0.0,-2.596148429267414e+33,0.0,0.0,0.0,0.0,0.0,0.0,0.0,0.0,0.0,0.0,0.0,0.0,0.0,0.0,0.0,5052.0,0.0,6912.0,2.7184242562605685e+23,0.0,2.004,2.004,0.0,0.0,0.0,0.0,69,5.8480822245938335e+35,-4.9504015179484054e+32,0.0,0.0,0.0,0.0,0.0,0.0,0.0,0,0,0,0.0,0.0,0.0,0.0,0.0,0.0,0.0,0.0,0.0,0.0,0.0,0.0,0.0,0.0,0.0,0.0,0,-107875648.0,69,0.0,138,0.0,2.012,ERR,ERR,ERR,ERR,ERR,ERR,ERR,ERR,ERR,ERR,ERR,ERR,ERR,ERR,ERR,ERR,ERR,ERR,ERR,ERR,ERR,ERR,ERR,ERR,ERR,ERR,ERR,ERR,ERR,ERR,ERR,ERR,ERR,ERR,ERR,ERR,ERR,ERR,ERR,ERR,ERR,ERR,ERR,ERR,ERR,ERR,ERR,ERR,ERR,ERR,ERR,ERR,ERR,ERR,ERR,ERR,ERR,ERR,ERR,ERR,ERR,ERR,ERR,ERR,ERR,ERR,ERR,60.0,60.0,35,0.0,0.0,0.0,0.0,0.0,0.0,0.0,0.0,0.0,0.0,0.0,0.0,0.0,0.0,0.0,0.0,65.2,0,148,70,54,65476,0,65476,1,4,4,20529,65476,0,0,2621,60.0,0.0,0.0,0.0,0.0,0.0
2026-07-09T15:00:40,ERR,ERR,ERR,ERR,ERR,ERR,ERR,ERR,ERR,ERR,ERR,ERR,ERR,ERR,ERR,ERR,ERR,ERR,ERR,ERR,ERR,ERR,ERR,ERR,ERR,ERR,ERR,ERR,ERR,ERR,ERR,ERR,ERR,ERR,ERR,ERR,ERR,ERR,ERR,ERR,ERR,ERR,ERR,ERR,ERR,ERR,ERR,ERR,ERR,ERR,ERR,ERR,ERR,ERR,ERR,ERR,ERR,ERR,ERR,ERR,ERR,ERR,ERR,ERR,ERR,ERR,ERR,ERR,ERR,ERR,ERR,ERR,ERR,ERR,ERR,ERR,ERR,ERR,ERR,ERR,ERR,ERR,ERR,ERR,ERR,ERR,ERR,ERR,ERR,ERR,ERR,ERR,ERR,ERR,ERR,ERR,ERR,ERR,ERR,ERR,ERR,ERR,ERR,ERR,ERR,ERR,ERR,ERR,ERR,ERR,ERR,ERR,ERR,ERR,ERR,ERR,ERR,ERR,ERR,ERR,ERR,ERR,ERR,ERR,ERR,2.7184242562605685e+23,0.0,0.0,0.0,1.502,1.1280562030776342e+36,0.0,-0.11,0,0,4,17413,7116,0.0,100,0.0,0.0,2.718366610185338e+23,0.0,0.0,0,0,0,0,0.0,0,0,0,0,0,0,0,0,0,0,0,0,0,0,0,0,0,0,0,0,0,0,0,0,0,0,0,0,0,0,0,0,0,31,40,40,71,65476,0,300,0,0,8,21553,0.0,-107605600.0,0.0,0.0,0.0,0.0,0.0,0.0,0.0,0.0,0.0,0.0,0.0,0.0,-2.596148429267414e+33,0.0,0.0,0.0,0.0,0.0,0.0,0.0,0.0,0.0,0.0,0.0,0.0,0.0,0.0,0.0,5052.0,0.0,6912.0,2.7184242562605685e+23,0.0,2.004,2.004,0.0,0.0,0.0,0.0,69,5.8480822245938335e+35,-4.9504015179484054e+32,0.0,0.0,0.0,0.0,0.0,0.0,0.0,0,0,0,0.0,0.0,0.0,0.0,0.0,0.0,0.0,0.0,0.0,0.0,0.0,0.0,0.0,0.0,0.0,0.0,0,-107875648.0,69,0.0,138,0.0,2.012,ERR,ERR,ERR,ERR,ERR,ERR,ERR,ERR,ERR,ERR,ERR,ERR,ERR,ERR,ERR,ERR,ERR,ERR,ERR,ERR,ERR,ERR,ERR,ERR,ERR,ERR,ERR,ERR,ERR,ERR,ERR,ERR,ERR,ERR,ERR,ERR,ERR,ERR,ERR,ERR,ERR,ERR,ERR,ERR,ERR,ERR,ERR,ERR,ERR,ERR,ERR,ERR,ERR,ERR,ERR,ERR,ERR,ERR,ERR,ERR,ERR,ERR,ERR,ERR,ERR,ERR,ERR,60.0,60.0,35,0.0,0.0,0.0,0.0,0.0,0.0,0.0,0.0,0.0,0.0,0.0,0.0,0.0,0.0,0.0,0.0,65.2,0,148,70,54,65476,0,65476,1,4,4,20529,65476,0,0,2621,60.0,0.0,0.0,0.0,0.0,0.0
2026-07-09T15:00:41,ERR,ERR,ERR,ERR,ERR,ERR,ERR,ERR,ERR,ERR,ERR,ERR,ERR,ERR,ERR,ERR,ERR,ERR,ERR,ERR,ERR,ERR,ERR,ERR,ERR,ERR,ERR,ERR,ERR,ERR,ERR,ERR,ERR,ERR,ERR,ERR,ERR,ERR,ERR,ERR,ERR,ERR,ERR,ERR,ERR,ERR,ERR,ERR,ERR,ERR,ERR,ERR,ERR,ERR,ERR,ERR,ERR,ERR,ERR,ERR,ERR,ERR,ERR,ERR,ERR,ERR,ERR,ERR,ERR,ERR,ERR,ERR,ERR,ERR,ERR,ERR,ERR,ERR,ERR,ERR,ERR,ERR,ERR,ERR,ERR,ERR,ERR,ERR,ERR,ERR,ERR,ERR,ERR,ERR,ERR,ERR,ERR,ERR,ERR,ERR,ERR,ERR,ERR,ERR,ERR,ERR,ERR,ERR,ERR,ERR,ERR,ERR,ERR,ERR,ERR,ERR,ERR,ERR,ERR,ERR,ERR,ERR,ERR,ERR,ERR,0.0,0.0,2.7184163299252243e+23,0.0,-0.0,9949263872.0,-0.0,5310074880.0,0,0,4,17414,7116,0.0,100,0.0,0.0,0.0,0.0,0.0,0,0,0,0,0.0,0,0,0,0,0,0,0,0,0,0,0,0,0,0,0,0,0,0,0,0,0,0,0,0,0,0,0,0,0,0,0,0,0,31,40,40,71,65476,0,300,0,0,8,21553,0.0,-107605600.0,0.0,0.0,0.0,0.0,0.0,0.0,0.0,0.0,0.0,0.0,0.0,0.0,0.0,0.0,0.0,0.0,0.0,0.0,0.0,0.0,-2.004,0.0,0.0,0.0,0.0,0.0,0.0,0.0,5015.0,-2.004,6936.0,0.0,2.7184433515229886e+23,2.004,2.004,0.0,0.0,0.0,0.0,69,107615320.0,4.066853658014554e+29,0.0,0.0,0.0,0.0,0.0,0.0,0.0,0,0,0,0.0,0.0,0.0,0.0,0.0,0.0,0.0,0.0,0.0,0.0,0.0,0.0,0.0,0.0,0.0,0.0,0,-107875648.0,69,0.0,138,0.0,2.012,ERR,ERR,ERR,ERR,ERR,ERR,ERR,ERR,ERR,ERR,ERR,ERR,ERR,ERR,ERR,ERR,ERR,ERR,ERR,ERR,ERR,ERR,ERR,ERR,ERR,ERR,ERR,ERR,ERR,ERR,ERR,ERR,ERR,ERR,ERR,ERR,ERR,ERR,ERR,ERR,ERR,ERR,ERR,ERR,ERR,ERR,ERR,ERR,ERR,ERR,ERR,ERR,ERR,ERR,ERR,ERR,ERR,ERR,ERR,ERR,ERR,ERR,ERR,ERR,ERR,ERR,ERR,60.0,60.0,35,0.0,0.0,0.0,0.0,0.0,0.0,0.0,0.0,0.0,0.0,0.0,0.0,0.0,0.0,0.0,0.0,65.2,0,148,70,54,65476,0,65476,1,4,4,20529,65476,0,0,2621,60.0,0.0,0.0,0.0,0.0,0.0
2026-07-09T15:00:42,ERR,ERR,ERR,ERR,ERR,ERR,ERR,ERR,ERR,ERR,ERR,ERR,ERR,ERR,ERR,ERR,ERR,ERR,ERR,ERR,ERR,ERR,ERR,ERR,ERR,ERR,ERR,ERR,ERR,ERR,ERR,ERR,ERR,ERR,ERR,ERR,ERR,ERR,ERR,ERR,ERR,ERR,ERR,ERR,ERR,ERR,ERR,ERR,ERR,ERR,ERR,ERR,ERR,ERR,ERR,ERR,ERR,ERR,ERR,ERR,ERR,ERR,ERR,ERR,ERR,ERR,ERR,ERR,ERR,ERR,ERR,ERR,ERR,ERR,ERR,ERR,ERR,ERR,ERR,ERR,ERR,ERR,ERR,ERR,ERR,ERR,ERR,ERR,ERR,ERR,ERR,ERR,ERR,ERR,ERR,ERR,ERR,ERR,ERR,ERR,ERR,ERR,ERR,ERR,ERR,ERR,ERR,ERR,ERR,ERR,ERR,ERR,ERR,ERR,ERR,ERR,ERR,ERR,ERR,ERR,ERR,ERR,ERR,ERR,ERR,0.0,0.0,2.7184163299252243e+23,0.0,-0.0,9949263872.0,-0.0,5310074880.0,0,0,4,17414,7116,0.0,100,0.0,0.0,0.0,0.0,0.0,0,0,0,0,0.0,0,0,0,0,0,0,0,0,0,0,0,0,0,0,0,0,0,0,0,0,0,0,0,0,0,0,0,0,0,0,0,0,0,31,40,40,71,65476,0,300,0,0,8,21553,0.0,-107605600.0,0.0,0.0,0.0,0.0,0.0,0.0,0.0,0.0,0.0,0.0,0.0,0.0,0.0,0.0,0.0,0.0,0.0,0.0,0.0,0.0,-2.004,0.0,0.0,0.0,0.0,0.0,0.0,0.0,5015.0,-2.004,6936.0,0.0,2.7184433515229886e+23,2.004,2.004,0.0,0.0,0.0,0.0,69,107615320.0,4.066853658014554e+29,0.0,0.0,0.0,0.0,0.0,0.0,0.0,0,0,0,0.0,0.0,0.0,0.0,0.0,0.0,0.0,0.0,0.0,0.0,0.0,0.0,0.0,0.0,0.0,0.0,0,-107875648.0,69,0.0,138,0.0,2.012,ERR,ERR,ERR,ERR,ERR,ERR,ERR,ERR,ERR,ERR,ERR,ERR,ERR,ERR,ERR,ERR,ERR,ERR,ERR,ERR,ERR,ERR,ERR,ERR,ERR,ERR,ERR,ERR,ERR,ERR,ERR,ERR,ERR,ERR,ERR,ERR,ERR,ERR,ERR,ERR,ERR,ERR,ERR,ERR,ERR,ERR,ERR,ERR,ERR,ERR,ERR,ERR,ERR,ERR,ERR,ERR,ERR,ERR,ERR,ERR,ERR,ERR,ERR,ERR,ERR,ERR,ERR,60.0,60.0,35,0.0,0.0,0.0,0.0,0.0,0.0,0.0,0.0,0.0,0.0,0.0,0.0,0.0,0.0,0.0,0.0,65.2,0,147,70,54,65476,0,65476,1,4,4,20529,65476,0,0,2621,60.0,0.0,0.0,0.0,0.0,0.0
2026-07-09T15:00:43,ERR,ERR,ERR,ERR,ERR,ERR,ERR,ERR,ERR,ERR,ERR,ERR,ERR,ERR,ERR,ERR,ERR,ERR,ERR,ERR,ERR,ERR,ERR,ERR,ERR,ERR,ERR,ERR,ERR,ERR,ERR,ERR,ERR,ERR,ERR,ERR,ERR,ERR,ERR,ERR,ERR,ERR,ERR,ERR,ERR,ERR,ERR,ERR,ERR,ERR,ERR,ERR,ERR,ERR,ERR,ERR,ERR,ERR,ERR,ERR,ERR,ERR,ERR,ERR,ERR,ERR,ERR,ERR,ERR,ERR,ERR,ERR,ERR,ERR,ERR,ERR,ERR,ERR,ERR,ERR,ERR,ERR,ERR,ERR,ERR,ERR,ERR,ERR,ERR,ERR,ERR,ERR,ERR,ERR,ERR,ERR,ERR,ERR,ERR,ERR,ERR,ERR,ERR,ERR,ERR,ERR,ERR,ERR,ERR,ERR,ERR,ERR,ERR,ERR,ERR,ERR,ERR,ERR,ERR,ERR,ERR,ERR,ERR,ERR,ERR,0.0,0.0,2.7184163299252243e+23,0.0,-0.0,9949263872.0,-0.0,5310074880.0,0,0,4,17414,7116,0.0,100,0.0,0.0,0.0,0.0,0.0,0,0,0,0,0.0,0,0,0,0,0,0,0,0,0,0,0,0,0,0,0,0,0,0,0,0,0,0,0,0,0,0,0,0,0,0,0,0,0,31,40,40,71,65476,0,300,0,0,8,21553,0.0,-107605600.0,0.0,0.0,0.0,0.0,0.0,0.0,0.0,0.0,0.0,0.0,0.0,0.0,0.0,0.0,0.0,0.0,0.0,0.0,0.0,0.0,-2.004,0.0,0.0,0.0,0.0,0.0,0.0,0.0,5015.0,-2.004,6936.0,0.0,2.7184433515229886e+23,2.004,2.004,0.0,0.0,0.0,0.0,69,107615320.0,4.066853658014554e+29,0.0,0.0,0.0,0.0,0.0,0.0,0.0,0,0,0,0.0,0.0,0.0,0.0,0.0,0.0,0.0,0.0,0.0,0.0,0.0,0.0,0.0,0.0,0.0,0.0,0,-107875648.0,69,0.0,138,0.0,2.012,ERR,ERR,ERR,ERR,ERR,ERR,ERR,ERR,ERR,ERR,ERR,ERR,ERR,ERR,ERR,ERR,ERR,ERR,ERR,ERR,ERR,ERR,ERR,ERR,ERR,ERR,ERR,ERR,ERR,ERR,ERR,ERR,ERR,ERR,ERR,ERR,ERR,ERR,ERR,ERR,ERR,ERR,ERR,ERR,ERR,ERR,ERR,ERR,ERR,ERR,ERR,ERR,ERR,ERR,ERR,ERR,ERR,ERR,ERR,ERR,ERR,ERR,ERR,ERR,ERR,ERR,ERR,60.0,60.0,35,0.0,0.0,0.0,0.0,0.0,0.0,0.0,0.0,0.0,0.0,0.0,0.0,0.0,0.0,0.0,0.0,65.2,0,147,70,54,65476,0,65476,1,4,4,20529,65476,0,0,2621,60.0,0.0,0.0,0.0,0.0,0.0
2026-07-09T15:00:44,ERR,ERR,ERR,ERR,ERR,ERR,ERR,ERR,ERR,ERR,ERR,ERR,ERR,ERR,ERR,ERR,ERR,ERR,ERR,ERR,ERR,ERR,ERR,ERR,ERR,ERR,ERR,ERR,ERR,ERR,ERR,ERR,ERR,ERR,ERR,ERR,ERR,ERR,ERR,ERR,ERR,ERR,ERR,ERR,ERR,ERR,ERR,ERR,ERR,ERR,ERR,ERR,ERR,ERR,ERR,ERR,ERR,ERR,ERR,ERR,ERR,ERR,ERR,ERR,ERR,ERR,ERR,ERR,ERR,ERR,ERR,ERR,ERR,ERR,ERR,ERR,ERR,ERR,ERR,ERR,ERR,ERR,ERR,ERR,ERR,ERR,ERR,ERR,ERR,ERR,ERR,ERR,ERR,ERR,ERR,ERR,ERR,ERR,ERR,ERR,ERR,ERR,ERR,ERR,ERR,ERR,ERR,ERR,ERR,ERR,ERR,ERR,ERR,ERR,ERR,ERR,ERR,ERR,ERR,ERR,ERR,ERR,ERR,ERR,ERR,0.0,0.0,2.7184163299252243e+23,0.0,-0.0,9949263872.0,-0.0,5310074880.0,0,0,4,17414,7116,0.0,100,0.0,0.0,0.0,0.0,0.0,0,0,0,0,0.0,0,0,0,0,0,0,0,0,0,0,0,0,0,0,0,0,0,0,0,0,0,0,0,0,0,0,0,0,0,0,0,0,0,31,40,40,71,65476,0,300,0,0,8,21553,0.0,-107605600.0,0.0,0.0,0.0,0.0,0.0,0.0,0.0,0.0,0.0,0.0,0.0,0.0,0.0,0.0,0.0,0.0,0.0,0.0,0.0,0.0,-2.004,0.0,0.0,0.0,0.0,0.0,0.0,0.0,5015.0,-2.004,6936.0,0.0,2.7184433515229886e+23,2.004,2.004,0.0,0.0,0.0,0.0,69,107615320.0,4.066853658014554e+29,0.0,0.0,0.0,0.0,0.0,0.0,0.0,0,0,0,0.0,0.0,0.0,0.0,0.0,0.0,0.0,0.0,0.0,0.0,0.0,0.0,0.0,0.0,0.0,0.0,0,-107875648.0,69,0.0,138,0.0,2.012,ERR,ERR,ERR,ERR,ERR,ERR,ERR,ERR,ERR,ERR,ERR,ERR,ERR,ERR,ERR,ERR,ERR,ERR,ERR,ERR,ERR,ERR,ERR,ERR,ERR,ERR,ERR,ERR,ERR,ERR,ERR,ERR,ERR,ERR,ERR,ERR,ERR,ERR,ERR,ERR,ERR,ERR,ERR,ERR,ERR,ERR,ERR,ERR,ERR,ERR,ERR,ERR,ERR,ERR,ERR,ERR,ERR,ERR,ERR,ERR,ERR,ERR,ERR,ERR,ERR,ERR,ERR,60.0,60.0,35,0.0,0.0,0.0,0.0,0.0,0.0,0.0,0.0,0.0,0.0,0.0,0.0,0.0,0.0,0.0,0.0,65.2,0,147,70,54,65476,0,65476,1,4,4,20529,65476,0,0,2621,60.0,0.0,0.0,0.0,0.0,0.0
2026-07-09T15:00:45,ERR,ERR,ERR,ERR,ERR,ERR,ERR,ERR,ERR,ERR,ERR,ERR,ERR,ERR,ERR,ERR,ERR,ERR,ERR,ERR,ERR,ERR,ERR,ERR,ERR,ERR,ERR,ERR,ERR,ERR,ERR,ERR,ERR,ERR,ERR,ERR,ERR,ERR,ERR,ERR,ERR,ERR,ERR,ERR,ERR,ERR,ERR,ERR,ERR,ERR,ERR,ERR,ERR,ERR,ERR,ERR,ERR,ERR,ERR,ERR,ERR,ERR,ERR,ERR,ERR,ERR,ERR,ERR,ERR,ERR,ERR,ERR,ERR,ERR,ERR,ERR,ERR,ERR,ERR,ERR,ERR,ERR,ERR,ERR,ERR,ERR,ERR,ERR,ERR,ERR,ERR,ERR,ERR,ERR,ERR,ERR,ERR,ERR,ERR,ERR,ERR,ERR,ERR,ERR,ERR,ERR,ERR,ERR,ERR,ERR,ERR,ERR,ERR,ERR,ERR,ERR,ERR,ERR,ERR,ERR,ERR,ERR,ERR,ERR,ERR,0.0,0.0,2.7184163299252243e+23,0.0,-0.0,9949263872.0,-0.0,5310074880.0,0,0,4,17414,7116,0.0,100,0.0,0.0,0.0,0.0,0.0,0,0,0,0,0.0,0,0,0,0,0,0,0,0,0,0,0,0,0,0,0,0,0,0,0,0,0,0,0,0,0,0,0,0,0,0,0,0,0,31,40,40,71,65476,0,300,0,0,8,21553,0.0,-107605600.0,0.0,0.0,0.0,0.0,0.0,0.0,0.0,0.0,0.0,0.0,0.0,0.0,0.0,0.0,0.0,0.0,0.0,0.0,0.0,0.0,-2.004,0.0,0.0,0.0,0.0,0.0,0.0,0.0,5015.0,-2.004,6936.0,0.0,2.7184433515229886e+23,2.004,2.004,0.0,0.0,0.0,0.0,69,107615320.0,4.066853658014554e+29,0.0,0.0,0.0,0.0,0.0,0.0,0.0,0,0,0,0.0,0.0,0.0,0.0,0.0,0.0,0.0,0.0,0.0,0.0,0.0,0.0,0.0,0.0,0.0,0.0,0,-107875648.0,69,0.0,138,0.0,2.012,ERR,ERR,ERR,ERR,ERR,ERR,ERR,ERR,ERR,ERR,ERR,ERR,ERR,ERR,ERR,ERR,ERR,ERR,ERR,ERR,ERR,ERR,ERR,ERR,ERR,ERR,ERR,ERR,ERR,ERR,ERR,ERR,ERR,ERR,ERR,ERR,ERR,ERR,ERR,ERR,ERR,ERR,ERR,ERR,ERR,ERR,ERR,ERR,ERR,ERR,ERR,ERR,ERR,ERR,ERR,ERR,ERR,ERR,ERR,ERR,ERR,ERR,ERR,ERR,ERR,ERR,ERR,60.0,60.0,35,0.0,0.0,0.0,0.0,0.0,0.0,0.0,0.0,0.0,0.0,0.0,0.0,0.0,0.0,0.0,0.0,65.2,0,147,70,54,65476,0,65476,1,4,4,20529,65476,0,0,2621,60.0,0.0,0.0,0.0,0.0,0.0
2026-07-09T15:00:46,ERR,ERR,ERR,ERR,ERR,ERR,ERR,ERR,ERR,ERR,ERR,ERR,ERR,ERR,ERR,ERR,ERR,ERR,ERR,ERR,ERR,ERR,ERR,ERR,ERR,ERR,ERR,ERR,ERR,ERR,ERR,ERR,ERR,ERR,ERR,ERR,ERR,ERR,ERR,ERR,ERR,ERR,ERR,ERR,ERR,ERR,ERR,ERR,ERR,ERR,ERR,ERR,ERR,ERR,ERR,ERR,ERR,ERR,ERR,ERR,ERR,ERR,ERR,ERR,ERR,ERR,ERR,ERR,ERR,ERR,ERR,ERR,ERR,ERR,ERR,ERR,ERR,ERR,ERR,ERR,ERR,ERR,ERR,ERR,ERR,ERR,ERR,ERR,ERR,ERR,ERR,ERR,ERR,ERR,ERR,ERR,ERR,ERR,ERR,ERR,ERR,ERR,ERR,ERR,ERR,ERR,ERR,ERR,ERR,ERR,ERR,ERR,ERR,ERR,ERR,ERR,ERR,ERR,ERR,ERR,ERR,ERR,ERR,ERR,ERR,0.0,0.0,2.7184163299252243e+23,0.0,-0.0,0.0,-7400.908,-233048720.0,0,0,4,17413,7116,0.0,100,0.0,0.0,0.0,0.0,0.0,0,0,0,0,0.0,0,0,0,0,0,0,0,0,0,0,0,0,0,0,0,0,0,0,0,0,0,0,0,0,0,0,0,0,0,0,0,0,0,31,40,40,71,65476,0,300,0,0,8,21553,0.0,-107605600.0,0.0,0.0,0.0,0.0,0.0,0.0,0.0,0.0,0.0,0.0,0.0,0.0,0.0,0.0,0.0,0.0,0.0,0.0,0.0,0.0,-2.004,0.0,0.0,0.0,0.0,0.0,0.0,0.0,5016.0,2.004,6920.0,0.0,0.0,2.004,2.004,0.0,0.0,0.0,0.0,69,2.3088398381063602e+20,-152017263656960.0,0.0,0.0,0.0,0.0,0.0,0.0,0.0,0,0,0,0.0,0.0,0.0,0.0,0.0,0.0,0.0,0.0,0.0,0.0,0.0,0.0,0.0,0.0,0.0,0.0,0,-107875648.0,69,0.0,138,0.0,2.012,ERR,ERR,ERR,ERR,ERR,ERR,ERR,ERR,ERR,ERR,ERR,ERR,ERR,ERR,ERR,ERR,ERR,ERR,ERR,ERR,ERR,ERR,ERR,ERR,ERR,ERR,ERR,ERR,ERR,ERR,ERR,ERR,ERR,ERR,ERR,ERR,ERR,ERR,ERR,ERR,ERR,ERR,ERR,ERR,ERR,ERR,ERR,ERR,ERR,ERR,ERR,ERR,ERR,ERR,ERR,ERR,ERR,ERR,ERR,ERR,ERR,ERR,ERR,ERR,ERR,ERR,ERR,60.0,60.0,35,0.0,0.0,0.0,0.0,0.0,0.0,0.0,0.0,0.0,0.0,0.0,0.0,0.0,0.0,0.0,0.0,65.2,0,147,70,54,65476,0,65476,1,4,4,20529,65476,0,0,2621,60.0,0.0,0.0,0.0,0.0,0.0
2026-07-09T15:00:47,ERR,ERR,ERR,ERR,ERR,ERR,ERR,ERR,ERR,ERR,ERR,ERR,ERR,ERR,ERR,ERR,ERR,ERR,ERR,ERR,ERR,ERR,ERR,ERR,ERR,ERR,ERR,ERR,ERR,ERR,ERR,ERR,ERR,ERR,ERR,ERR,ERR,ERR,ERR,ERR,ERR,ERR,ERR,ERR,ERR,ERR,ERR,ERR,ERR,ERR,ERR,ERR,ERR,ERR,ERR,ERR,ERR,ERR,ERR,ERR,ERR,ERR,ERR,ERR,ERR,ERR,ERR,ERR,ERR,ERR,ERR,ERR,ERR,ERR,ERR,ERR,ERR,ERR,ERR,ERR,ERR,ERR,ERR,ERR,ERR,ERR,ERR,ERR,ERR,ERR,ERR,ERR,ERR,ERR,ERR,ERR,ERR,ERR,ERR,ERR,ERR,ERR,ERR,ERR,ERR,ERR,ERR,ERR,ERR,ERR,ERR,ERR,ERR,ERR,ERR,ERR,ERR,ERR,ERR,ERR,ERR,ERR,ERR,ERR,ERR,0.0,0.0,2.7184163299252243e+23,0.0,-0.0,0.0,-7400.908,-233048720.0,0,0,4,17413,7116,0.0,100,0.0,0.0,0.0,0.0,0.0,0,0,0,0,0.0,0,0,0,0,0,0,0,0,0,0,0,0,0,0,0,0,0,0,0,0,0,0,0,0,0,0,0,0,0,0,0,0,0,31,40,40,71,65476,0,300,0,0,8,21553,0.0,-107605600.0,0.0,0.0,0.0,0.0,0.0,0.0,0.0,0.0,0.0,0.0,0.0,0.0,0.0,0.0,0.0,0.0,0.0,0.0,0.0,0.0,-2.004,0.0,0.0,0.0,0.0,0.0,0.0,0.0,5016.0,2.004,6920.0,0.0,0.0,2.004,2.004,0.0,0.0,0.0,0.0,69,2.3088398381063602e+20,-152017263656960.0,0.0,0.0,0.0,0.0,0.0,0.0,0.0,0,0,0,0.0,0.0,0.0,0.0,0.0,0.0,0.0,0.0,0.0,0.0,0.0,0.0,0.0,0.0,0.0,0.0,0,-107875648.0,69,0.0,138,0.0,2.012,ERR,ERR,ERR,ERR,ERR,ERR,ERR,ERR,ERR,ERR,ERR,ERR,ERR,ERR,ERR,ERR,ERR,ERR,ERR,ERR,ERR,ERR,ERR,ERR,ERR,ERR,ERR,ERR,ERR,ERR,ERR,ERR,ERR,ERR,ERR,ERR,ERR,ERR,ERR,ERR,ERR,ERR,ERR,ERR,ERR,ERR,ERR,ERR,ERR,ERR,ERR,ERR,ERR,ERR,ERR,ERR,ERR,ERR,ERR,ERR,ERR,ERR,ERR,ERR,ERR,ERR,ERR,60.0,60.0,35,0.0,0.0,0.0,0.0,0.0,0.0,0.0,0.0,0.0,0.0,0.0,0.0,0.0,0.0,0.0,0.0,65.2,0,147,70,54,65476,0,65476,1,4,4,20529,65476,0,0,2621,60.0,0.0,0.0,0.0,0.0,0.0
2026-07-09T15:00:48,ERR,ERR,ERR,ERR,ERR,ERR,ERR,ERR,ERR,ERR,ERR,ERR,ERR,ERR,ERR,ERR,ERR,ERR,ERR,ERR,ERR,ERR,ERR,ERR,ERR,ERR,ERR,ERR,ERR,ERR,ERR,ERR,ERR,ERR,ERR,ERR,ERR,ERR,ERR,ERR,ERR,ERR,ERR,ERR,ERR,ERR,ERR,ERR,ERR,ERR,ERR,ERR,ERR,ERR,ERR,ERR,ERR,ERR,ERR,ERR,ERR,ERR,ERR,ERR,ERR,ERR,ERR,ERR,ERR,ERR,ERR,ERR,ERR,ERR,ERR,ERR,ERR,ERR,ERR,ERR,ERR,ERR,ERR,ERR,ERR,ERR,ERR,ERR,ERR,ERR,ERR,ERR,ERR,ERR,ERR,ERR,ERR,ERR,ERR,ERR,ERR,ERR,ERR,ERR,ERR,ERR,ERR,ERR,ERR,ERR,ERR,ERR,ERR,ERR,ERR,ERR,ERR,ERR,ERR,ERR,ERR,ERR,ERR,ERR,ERR,0.0,0.0,2.7184163299252243e+23,0.0,-0.0,0.0,-7400.908,-233048720.0,0,0,4,17413,7116,0.0,100,0.0,0.0,0.0,0.0,0.0,0,0,0,0,0.0,0,0,0,0,0,0,0,0,0,0,0,0,0,0,0,0,0,0,0,0,0,0,0,0,0,0,0,0,0,0,0,0,0,31,40,40,71,65476,0,300,0,0,8,21553,0.0,-107605600.0,0.0,0.0,0.0,0.0,0.0,0.0,0.0,0.0,0.0,0.0,0.0,0.0,0.0,0.0,0.0,0.0,0.0,0.0,0.0,0.0,-2.004,0.0,0.0,0.0,0.0,0.0,0.0,0.0,5016.0,2.004,6920.0,0.0,0.0,2.004,2.004,0.0,0.0,0.0,0.0,69,2.3088398381063602e+20,-152017263656960.0,0.0,0.0,0.0,0.0,0.0,0.0,0.0,0,0,0,0.0,0.0,0.0,0.0,0.0,0.0,0.0,0.0,0.0,0.0,0.0,0.0,0.0,0.0,0.0,0.0,0,-107875648.0,69,0.0,138,0.0,2.012,ERR,ERR,ERR,ERR,ERR,ERR,ERR,ERR,ERR,ERR,ERR,ERR,ERR,ERR,ERR,ERR,ERR,ERR,ERR,ERR,ERR,ERR,ERR,ERR,ERR,ERR,ERR,ERR,ERR,ERR,ERR,ERR,ERR,ERR,ERR,ERR,ERR,ERR,ERR,ERR,ERR,ERR,ERR,ERR,ERR,ERR,ERR,ERR,ERR,ERR,ERR,ERR,ERR,ERR,ERR,ERR,ERR,ERR,ERR,ERR,ERR,ERR,ERR,ERR,ERR,ERR,ERR,60.0,60.0,35,0.0,0.0,0.0,0.0,0.0,0.0,0.0,0.0,0.0,0.0,0.0,0.0,0.0,0.0,0.0,0.0,65.2,0,147,70,54,65476,0,65476,1,4,4,20529,65476,0,0,2621,60.0,0.0,0.0,0.0,0.0,0.0
2026-07-09T15:00:49,ERR,ERR,ERR,ERR,ERR,ERR,ERR,ERR,ERR,ERR,ERR,ERR,ERR,ERR,ERR,ERR,ERR,ERR,ERR,ERR,ERR,ERR,ERR,ERR,ERR,ERR,ERR,ERR,ERR,ERR,ERR,ERR,ERR,ERR,ERR,ERR,ERR,ERR,ERR,ERR,ERR,ERR,ERR,ERR,ERR,ERR,ERR,ERR,ERR,ERR,ERR,ERR,ERR,ERR,ERR,ERR,ERR,ERR,ERR,ERR,ERR,ERR,ERR,ERR,ERR,ERR,ERR,ERR,ERR,ERR,ERR,ERR,ERR,ERR,ERR,ERR,ERR,ERR,ERR,ERR,ERR,ERR,ERR,ERR,ERR,ERR,ERR,ERR,ERR,ERR,ERR,ERR,ERR,ERR,ERR,ERR,ERR,ERR,ERR,ERR,ERR,ERR,ERR,ERR,ERR,ERR,ERR,ERR,ERR,ERR,ERR,ERR,ERR,ERR,ERR,ERR,ERR,ERR,ERR,ERR,ERR,ERR,ERR,ERR,ERR,0.0,0.0,2.7184163299252243e+23,0.0,-0.0,0.0,-7400.908,-233048720.0,0,0,4,17413,7116,0.0,100,0.0,0.0,0.0,0.0,0.0,0,0,0,0,0.0,0,0,0,0,0,0,0,0,0,0,0,0,0,0,0,0,0,0,0,0,0,0,0,0,0,0,0,0,0,0,0,0,0,31,40,40,71,65476,0,300,0,0,8,21553,0.0,-107605600.0,0.0,0.0,0.0,0.0,0.0,0.0,0.0,0.0,0.0,0.0,0.0,0.0,0.0,0.0,0.0,0.0,0.0,0.0,0.0,0.0,-2.004,0.0,0.0,0.0,0.0,0.0,0.0,0.0,5016.0,2.004,6920.0,0.0,0.0,2.004,2.004,0.0,0.0,0.0,0.0,69,2.3088398381063602e+20,-152017263656960.0,0.0,0.0,0.0,0.0,0.0,0.0,0.0,0,0,0,0.0,0.0,0.0,0.0,0.0,0.0,0.0,0.0,0.0,0.0,0.0,0.0,0.0,0.0,0.0,0.0,0,-107875648.0,69,0.0,138,0.0,2.012,ERR,ERR,ERR,ERR,ERR,ERR,ERR,ERR,ERR,ERR,ERR,ERR,ERR,ERR,ERR,ERR,ERR,ERR,ERR,ERR,ERR,ERR,ERR,ERR,ERR,ERR,ERR,ERR,ERR,ERR,ERR,ERR,ERR,ERR,ERR,ERR,ERR,ERR,ERR,ERR,ERR,ERR,ERR,ERR,ERR,ERR,ERR,ERR,ERR,ERR,ERR,ERR,ERR,ERR,ERR,ERR,ERR,ERR,ERR,ERR,ERR,ERR,ERR,ERR,ERR,ERR,ERR,60.0,60.0,35,0.0,0.0,0.0,0.0,0.0,0.0,0.0,0.0,0.0,0.0,0.0,0.0,0.0,0.0,0.0,0.0,65.2,0,146,70,54,65476,0,65476,1,4,4,20529,65476,0,0,2621,60.0,0.0,0.0,0.0,0.0,0.0
2026-07-09T15:00:50,ERR,ERR,ERR,ERR,ERR,ERR,ERR,ERR,ERR,ERR,ERR,ERR,ERR,ERR,ERR,ERR,ERR,ERR,ERR,ERR,ERR,ERR,ERR,ERR,ERR,ERR,ERR,ERR,ERR,ERR,ERR,ERR,ERR,ERR,ERR,ERR,ERR,ERR,ERR,ERR,ERR,ERR,ERR,ERR,ERR,ERR,ERR,ERR,ERR,ERR,ERR,ERR,ERR,ERR,ERR,ERR,ERR,ERR,ERR,ERR,ERR,ERR,ERR,ERR,ERR,ERR,ERR,ERR,ERR,ERR,ERR,ERR,ERR,ERR,ERR,ERR,ERR,ERR,ERR,ERR,ERR,ERR,ERR,ERR,ERR,ERR,ERR,ERR,ERR,ERR,ERR,ERR,ERR,ERR,ERR,ERR,ERR,ERR,ERR,ERR,ERR,ERR,ERR,ERR,ERR,ERR,ERR,ERR,ERR,ERR,ERR,ERR,ERR,ERR,ERR,ERR,ERR,ERR,ERR,ERR,ERR,ERR,ERR,ERR,ERR,0.0,0.0,2.7184163299252243e+23,0.0,-0.0,0.0,-7400.908,-233048720.0,0,0,4,17413,7116,0.0,100,0.0,0.0,0.0,0.0,0.0,0,0,0,0,0.0,0,0,0,0,0,0,0,0,0,0,0,0,0,0,0,0,0,0,0,0,0,0,0,0,0,0,0,0,0,0,0,0,0,31,40,40,71,65476,0,300,0,0,8,21553,0.0,-107605600.0,0.0,0.0,0.0,0.0,0.0,0.0,0.0,0.0,0.0,0.0,0.0,0.0,0.0,0.0,0.0,0.0,0.0,0.0,0.0,0.0,-2.004,0.0,0.0,0.0,0.0,0.0,0.0,0.0,5016.0,2.004,6920.0,0.0,0.0,2.004,2.004,0.0,0.0,0.0,0.0,69,2.3088398381063602e+20,-152017263656960.0,0.0,0.0,0.0,0.0,0.0,0.0,0.0,0,0,0,0.0,0.0,0.0,0.0,0.0,0.0,0.0,0.0,0.0,0.0,0.0,0.0,0.0,0.0,0.0,0.0,0,-107875648.0,69,0.0,138,0.0,2.012,ERR,ERR,ERR,ERR,ERR,ERR,ERR,ERR,ERR,ERR,ERR,ERR,ERR,ERR,ERR,ERR,ERR,ERR,ERR,ERR,ERR,ERR,ERR,ERR,ERR,ERR,ERR,ERR,ERR,ERR,ERR,ERR,ERR,ERR,ERR,ERR,ERR,ERR,ERR,ERR,ERR,ERR,ERR,ERR,ERR,ERR,ERR,ERR,ERR,ERR,ERR,ERR,ERR,ERR,ERR,ERR,ERR,ERR,ERR,ERR,ERR,ERR,ERR,ERR,ERR,ERR,ERR,60.0,60.0,35,0.0,0.0,0.0,0.0,0.0,0.0,0.0,0.0,0.0,0.0,0.0,0.0,0.0,0.0,0.0,0.0,65.2,0,146,70,54,65476,0,65476,1,4,4,20529,65476,0,0,2621,60.0,0.0,0.0,0.0,0.0,0.0
2026-07-09T15:00:51,ERR,ERR,ERR,ERR,ERR,ERR,ERR,ERR,ERR,ERR,ERR,ERR,ERR,ERR,ERR,ERR,ERR,ERR,ERR,ERR,ERR,ERR,ERR,ERR,ERR,ERR,ERR,ERR,ERR,ERR,ERR,ERR,ERR,ERR,ERR,ERR,ERR,ERR,ERR,ERR,ERR,ERR,ERR,ERR,ERR,ERR,ERR,ERR,ERR,ERR,ERR,ERR,ERR,ERR,ERR,ERR,ERR,ERR,ERR,ERR,ERR,ERR,ERR,ERR,ERR,ERR,ERR,ERR,ERR,ERR,ERR,ERR,ERR,ERR,ERR,ERR,ERR,ERR,ERR,ERR,ERR,ERR,ERR,ERR,ERR,ERR,ERR,ERR,ERR,ERR,ERR,ERR,ERR,ERR,ERR,ERR,ERR,ERR,ERR,ERR,ERR,ERR,ERR,ERR,ERR,ERR,ERR,ERR,ERR,ERR,ERR,ERR,ERR,ERR,ERR,ERR,ERR,ERR,ERR,ERR,ERR,ERR,ERR,ERR,ERR,0.0,0.0,0.0,0.0,1.502,0.0,-1.8646186233011156e+30,0.0,0,0,4,17414,7116,0.0,100,0.0,0.0,0.0,0.0,0.0,0,0,0,0,0.0,0,0,0,0,0,0,0,0,0,0,0,0,0,0,0,0,0,0,0,0,0,0,0,0,0,0,0,0,0,0,0,0,0,31,40,40,71,65476,0,300,0,0,8,21553,0.0,-107605600.0,0.0,0.0,0.0,0.0,0.0,0.0,0.0,0.0,0.0,0.0,0.0,0.0,0.0,0.0,0.0,0.0,0.0,0.0,0.0,0.0,-2.004,-3.697063867931689e+19,0.0,0.0,0.0,0.0,0.0,0.0,4977.0,-2.4229876163019057e+24,6940.0,0.0,-107615928.0,2.004,2.004,0.0,0.0,0.0,0.0,69,0.0,-0.0,0.0,0.0,0.0,0.0,0.0,0.0,0.0,0,0,0,0.0,0.0,0.0,0.0,0.0,0.0,0.0,0.0,0.0,0.0,0.0,0.0,0.0,0.0,0.0,0.0,0,-107875648.0,69,0.0,138,0.0,2.012,ERR,ERR,ERR,ERR,ERR,ERR,ERR,ERR,ERR,ERR,ERR,ERR,ERR,ERR,ERR,ERR,ERR,ERR,ERR,ERR,ERR,ERR,ERR,ERR,ERR,ERR,ERR,ERR,ERR,ERR,ERR,ERR,ERR,ERR,ERR,ERR,ERR,ERR,ERR,ERR,ERR,ERR,ERR,ERR,ERR,ERR,ERR,ERR,ERR,ERR,ERR,ERR,ERR,ERR,ERR,ERR,ERR,ERR,ERR,ERR,ERR,ERR,ERR,ERR,ERR,ERR,ERR,60.0,60.0,35,0.0,0.0,0.0,0.0,0.0,0.0,0.0,0.0,0.0,0.0,0.0,0.0,0.0,0.0,0.0,0.0,65.2,0,146,69,54,65476,0,65476,1,4,4,20529,65476,0,0,2621,60.0,0.0,0.0,0.0,0.0,0.0
2026-07-09T15:00:52,ERR,ERR,ERR,ERR,ERR,ERR,ERR,ERR,ERR,ERR,ERR,ERR,ERR,ERR,ERR,ERR,ERR,ERR,ERR,ERR,ERR,ERR,ERR,ERR,ERR,ERR,ERR,ERR,ERR,ERR,ERR,ERR,ERR,ERR,ERR,ERR,ERR,ERR,ERR,ERR,ERR,ERR,ERR,ERR,ERR,ERR,ERR,ERR,ERR,ERR,ERR,ERR,ERR,ERR,ERR,ERR,ERR,ERR,ERR,ERR,ERR,ERR,ERR,ERR,ERR,ERR,ERR,ERR,ERR,ERR,ERR,ERR,ERR,ERR,ERR,ERR,ERR,ERR,ERR,ERR,ERR,ERR,ERR,ERR,ERR,ERR,ERR,ERR,ERR,ERR,ERR,ERR,ERR,ERR,ERR,ERR,ERR,ERR,ERR,ERR,ERR,ERR,ERR,ERR,ERR,ERR,ERR,ERR,ERR,ERR,ERR,ERR,ERR,ERR,ERR,ERR,ERR,ERR,ERR,ERR,ERR,ERR,ERR,ERR,ERR,0.0,0.0,0.0,0.0,1.502,0.0,-1.8646186233011156e+30,0.0,0,0,4,17414,7116,0.0,100,0.0,0.0,0.0,0.0,0.0,0,0,0,0,0.0,0,0,0,0,0,0,0,0,0,0,0,0,0,0,0,0,0,0,0,0,0,0,0,0,0,0,0,0,0,0,0,0,0,31,40,40,71,65476,0,300,0,0,8,21553,0.0,-107605600.0,0.0,0.0,0.0,0.0,0.0,0.0,0.0,0.0,0.0,0.0,0.0,0.0,0.0,0.0,0.0,0.0,0.0,0.0,0.0,0.0,-2.004,-3.697063867931689e+19,0.0,0.0,0.0,0.0,0.0,0.0,4977.0,-2.4229876163019057e+24,6940.0,0.0,-107615928.0,2.004,2.004,0.0,0.0,0.0,0.0,69,0.0,-0.0,0.0,0.0,0.0,0.0,0.0,0.0,0.0,0,0,0,0.0,0.0,0.0,0.0,0.0,0.0,0.0,0.0,0.0,0.0,0.0,0.0,0.0,0.0,0.0,0.0,0,-107875648.0,69,0.0,138,0.0,2.012,ERR,ERR,ERR,ERR,ERR,ERR,ERR,ERR,ERR,ERR,ERR,ERR,ERR,ERR,ERR,ERR,ERR,ERR,ERR,ERR,ERR,ERR,ERR,ERR,ERR,ERR,ERR,ERR,ERR,ERR,ERR,ERR,ERR,ERR,ERR,ERR,ERR,ERR,ERR,ERR,ERR,ERR,ERR,ERR,ERR,ERR,ERR,ERR,ERR,ERR,ERR,ERR,ERR,ERR,ERR,ERR,ERR,ERR,ERR,ERR,ERR,ERR,ERR,ERR,ERR,ERR,ERR,60.0,60.0,35,0.0,0.0,0.0,0.0,0.0,0.0,0.0,0.0,0.0,0.0,0.0,0.0,0.0,0.0,0.0,0.0,65.2,0,146,69,54,65476,0,65476,1,4,4,20529,65476,0,0,2621,60.0,0.0,0.0,0.0,0.0,0.0
2026-07-09T15:00:53,ERR,ERR,ERR,ERR,ERR,ERR,ERR,ERR,ERR,ERR,ERR,ERR,ERR,ERR,ERR,ERR,ERR,ERR,ERR,ERR,ERR,ERR,ERR,ERR,ERR,ERR,ERR,ERR,ERR,ERR,ERR,ERR,ERR,ERR,ERR,ERR,ERR,ERR,ERR,ERR,ERR,ERR,ERR,ERR,ERR,ERR,ERR,ERR,ERR,ERR,ERR,ERR,ERR,ERR,ERR,ERR,ERR,ERR,ERR,ERR,ERR,ERR,ERR,ERR,ERR,ERR,ERR,ERR,ERR,ERR,ERR,ERR,ERR,ERR,ERR,ERR,ERR,ERR,ERR,ERR,ERR,ERR,ERR,ERR,ERR,ERR,ERR,ERR,ERR,ERR,ERR,ERR,ERR,ERR,ERR,ERR,ERR,ERR,ERR,ERR,ERR,ERR,ERR,ERR,ERR,ERR,ERR,ERR,ERR,ERR,ERR,ERR,ERR,ERR,ERR,ERR,ERR,ERR,ERR,ERR,ERR,ERR,ERR,ERR,ERR,0.0,0.0,0.0,0.0,1.502,0.0,-1.8646186233011156e+30,0.0,0,0,4,17414,7116,0.0,100,0.0,0.0,0.0,0.0,0.0,0,0,0,0,0.0,0,0,0,0,0,0,0,0,0,0,0,0,0,0,0,0,0,0,0,0,0,0,0,0,0,0,0,0,0,0,0,0,0,31,40,40,71,65476,0,300,0,0,8,21553,0.0,-107605600.0,0.0,0.0,0.0,0.0,0.0,0.0,0.0,0.0,0.0,0.0,0.0,0.0,0.0,0.0,0.0,0.0,0.0,0.0,0.0,0.0,-2.004,-3.697063867931689e+19,0.0,0.0,0.0,0.0,0.0,0.0,4977.0,-2.4229876163019057e+24,6940.0,0.0,-107615928.0,2.004,2.004,0.0,0.0,0.0,0.0,69,0.0,-0.0,0.0,0.0,0.0,0.0,0.0,0.0,0.0,0,0,0,0.0,0.0,0.0,0.0,0.0,0.0,0.0,0.0,0.0,0.0,0.0,0.0,0.0,0.0,0.0,0.0,0,-107875648.0,69,0.0,138,0.0,2.012,ERR,ERR,ERR,ERR,ERR,ERR,ERR,ERR,ERR,ERR,ERR,ERR,ERR,ERR,ERR,ERR,ERR,ERR,ERR,ERR,ERR,ERR,ERR,ERR,ERR,ERR,ERR,ERR,ERR,ERR,ERR,ERR,ERR,ERR,ERR,ERR,ERR,ERR,ERR,ERR,ERR,ERR,ERR,ERR,ERR,ERR,ERR,ERR,ERR,ERR,ERR,ERR,ERR,ERR,ERR,ERR,ERR,ERR,ERR,ERR,ERR,ERR,ERR,ERR,ERR,ERR,ERR,60.0,60.0,35,0.0,0.0,0.0,0.0,0.0,0.0,0.0,0.0,0.0,0.0,0.0,0.0,0.0,0.0,0.0,0.0,65.2,0,146,69,54,65476,0,65476,1,4,4,20529,65476,0,0,2621,60.0,0.0,0.0,0.0,0.0,0.0
2026-07-09T15:00:54,ERR,ERR,ERR,ERR,ERR,ERR,ERR,ERR,ERR,ERR,ERR,ERR,ERR,ERR,ERR,ERR,ERR,ERR,ERR,ERR,ERR,ERR,ERR,ERR,ERR,ERR,ERR,ERR,ERR,ERR,ERR,ERR,ERR,ERR,ERR,ERR,ERR,ERR,ERR,ERR,ERR,ERR,ERR,ERR,ERR,ERR,ERR,ERR,ERR,ERR,ERR,ERR,ERR,ERR,ERR,ERR,ERR,ERR,ERR,ERR,ERR,ERR,ERR,ERR,ERR,ERR,ERR,ERR,ERR,ERR,ERR,ERR,ERR,ERR,ERR,ERR,ERR,ERR,ERR,ERR,ERR,ERR,ERR,ERR,ERR,ERR,ERR,ERR,ERR,ERR,ERR,ERR,ERR,ERR,ERR,ERR,ERR,ERR,ERR,ERR,ERR,ERR,ERR,ERR,ERR,ERR,ERR,ERR,ERR,ERR,ERR,ERR,ERR,ERR,ERR,ERR,ERR,ERR,ERR,ERR,ERR,ERR,ERR,ERR,ERR,0.0,0.0,0.0,0.0,1.502,0.0,-1.8646186233011156e+30,0.0,0,0,4,17414,7116,0.0,100,0.0,0.0,0.0,0.0,0.0,0,0,0,0,0.0,0,0,0,0,0,0,0,0,0,0,0,0,0,0,0,0,0,0,0,0,0,0,0,0,0,0,0,0,0,0,0,0,0,31,40,40,71,65476,0,300,0,0,8,21553,0.0,-107605600.0,0.0,0.0,0.0,0.0,0.0,0.0,0.0,0.0,0.0,0.0,0.0,0.0,0.0,0.0,0.0,0.0,0.0,0.0,0.0,0.0,-2.004,-3.697063867931689e+19,0.0,0.0,0.0,0.0,0.0,0.0,4977.0,-2.4229876163019057e+24,6940.0,0.0,-107615928.0,2.004,2.004,0.0,0.0,0.0,0.0,69,0.0,-0.0,0.0,0.0,0.0,0.0,0.0,0.0,0.0,0,0,0,0.0,0.0,0.0,0.0,0.0,0.0,0.0,0.0,0.0,0.0,0.0,0.0,0.0,0.0,0.0,0.0,0,-107875648.0,69,0.0,138,0.0,2.012,ERR,ERR,ERR,ERR,ERR,ERR,ERR,ERR,ERR,ERR,ERR,ERR,ERR,ERR,ERR,ERR,ERR,ERR,ERR,ERR,ERR,ERR,ERR,ERR,ERR,ERR,ERR,ERR,ERR,ERR,ERR,ERR,ERR,ERR,ERR,ERR,ERR,ERR,ERR,ERR,ERR,ERR,ERR,ERR,ERR,ERR,ERR,ERR,ERR,ERR,ERR,ERR,ERR,ERR,ERR,ERR,ERR,ERR,ERR,ERR,ERR,ERR,ERR,ERR,ERR,ERR,ERR,60.0,60.0,35,0.0,0.0,0.0,0.0,0.0,0.0,0.0,0.0,0.0,0.0,0.0,0.0,0.0,0.0,0.0,0.0,65.2,0,146,69,54,65476,0,65476,1,4,4,20529,65476,0,0,2621,60.0,0.0,0.0,0.0,0.0,0.0
2026-07-09T15:00:55,ERR,ERR,ERR,ERR,ERR,ERR,ERR,ERR,ERR,ERR,ERR,ERR,ERR,ERR,ERR,ERR,ERR,ERR,ERR,ERR,ERR,ERR,ERR,ERR,ERR,ERR,ERR,ERR,ERR,ERR,ERR,ERR,ERR,ERR,ERR,ERR,ERR,ERR,ERR,ERR,ERR,ERR,ERR,ERR,ERR,ERR,ERR,ERR,ERR,ERR,ERR,ERR,ERR,ERR,ERR,ERR,ERR,ERR,ERR,ERR,ERR,ERR,ERR,ERR,ERR,ERR,ERR,ERR,ERR,ERR,ERR,ERR,ERR,ERR,ERR,ERR,ERR,ERR,ERR,ERR,ERR,ERR,ERR,ERR,ERR,ERR,ERR,ERR,ERR,ERR,ERR,ERR,ERR,ERR,ERR,ERR,ERR,ERR,ERR,ERR,ERR,ERR,ERR,ERR,ERR,ERR,ERR,ERR,ERR,ERR,ERR,ERR,ERR,ERR,ERR,ERR,ERR,ERR,ERR,ERR,ERR,ERR,ERR,ERR,ERR,0.0,0.0,0.0,0.0,1.502,0.0,-1.8646186233011156e+30,0.0,0,0,4,17414,7116,0.0,100,0.0,0.0,0.0,0.0,0.0,0,0,0,0,0.0,0,0,0,0,0,0,0,0,0,0,0,0,0,0,0,0,0,0,0,0,0,0,0,0,0,0,0,0,0,0,0,0,0,31,40,40,71,65476,0,300,0,0,8,21553,0.0,-107605600.0,0.0,0.0,0.0,0.0,0.0,0.0,0.0,0.0,0.0,0.0,0.0,0.0,0.0,0.0,0.0,0.0,0.0,0.0,0.0,0.0,-2.004,-3.697063867931689e+19,0.0,0.0,0.0,0.0,0.0,0.0,4977.0,-2.4229876163019057e+24,6940.0,0.0,-107615928.0,2.004,2.004,0.0,0.0,0.0,0.0,69,0.0,-0.0,0.0,0.0,0.0,0.0,0.0,0.0,0.0,0,0,0,0.0,0.0,0.0,0.0,0.0,0.0,0.0,0.0,0.0,0.0,0.0,0.0,0.0,0.0,0.0,0.0,0,-107875648.0,69,0.0,138,0.0,2.012,ERR,ERR,ERR,ERR,ERR,ERR,ERR,ERR,ERR,ERR,ERR,ERR,ERR,ERR,ERR,ERR,ERR,ERR,ERR,ERR,ERR,ERR,ERR,ERR,ERR,ERR,ERR,ERR,ERR,ERR,ERR,ERR,ERR,ERR,ERR,ERR,ERR,ERR,ERR,ERR,ERR,ERR,ERR,ERR,ERR,ERR,ERR,ERR,ERR,ERR,ERR,ERR,ERR,ERR,ERR,ERR,ERR,ERR,ERR,ERR,ERR,ERR,ERR,ERR,ERR,ERR,ERR,60.0,60.0,35,0.0,0.0,0.0,0.0,0.0,0.0,0.0,0.0,0.0,0.0,0.0,0.0,0.0,0.0,0.0,0.0,65.2,0,146,69,54,65476,0,65476,1,4,4,20529,65476,0,0,2621,60.0,0.0,0.0,0.0,0.0,0.0
2026-07-09T15:00:56,ERR,ERR,ERR,ERR,ERR,ERR,ERR,ERR,ERR,ERR,ERR,ERR,ERR,ERR,ERR,ERR,ERR,ERR,ERR,ERR,ERR,ERR,ERR,ERR,ERR,ERR,ERR,ERR,ERR,ERR,ERR,ERR,ERR,ERR,ERR,ERR,ERR,ERR,ERR,ERR,ERR,ERR,ERR,ERR,ERR,ERR,ERR,ERR,ERR,ERR,ERR,ERR,ERR,ERR,ERR,ERR,ERR,ERR,ERR,ERR,ERR,ERR,ERR,ERR,ERR,ERR,ERR,ERR,ERR,ERR,ERR,ERR,ERR,ERR,ERR,ERR,ERR,ERR,ERR,ERR,ERR,ERR,ERR,ERR,ERR,ERR,ERR,ERR,ERR,ERR,ERR,ERR,ERR,ERR,ERR,ERR,ERR,ERR,ERR,ERR,ERR,ERR,ERR,ERR,ERR,ERR,ERR,ERR,ERR,ERR,ERR,ERR,ERR,ERR,ERR,ERR,ERR,ERR,ERR,ERR,ERR,ERR,ERR,ERR,ERR,-0.0,0.0,-107090432.0,-0.0,-0.0,-2.3495715312203448e+36,-1.105247969807053e+25,-0.0,0,0,4,17411,7116,0.0,100,0.0,0.0,-0.0,0.0,0.0,0,0,0,0,0.0,0,0,0,0,0,0,0,0,0,0,0,0,0,0,0,0,0,0,0,0,0,0,0,0,0,0,0,0,0,0,0,0,0,31,40,40,71,65476,0,300,0,0,8,21553,0.0,-107605600.0,0.0,0.0,0.0,0.0,0.0,0.0,0.0,0.0,0.0,0.0,0.0,0.0,0.0,0.0,0.0,0.0,0.0,0.0,0.0,0.0,-0.0,2.004,0.0,0.0,0.0,0.0,0.0,0.0,4975.0,-3.6971856938200465e+19,6940.0,-0.0,-107615920.0,2.004,2.004,0.0,0.0,0.0,0.0,69,0.0,-0.0,0.0,0.0,0.0,0.0,0.0,0.0,0.0,0,0,0,0.0,0.0,0.0,0.0,0.0,0.0,0.0,0.0,0.0,0.0,0.0,0.0,0.0,0.0,0.0,0.0,0,-107875648.0,69,0.0,138,0.0,2.012,ERR,ERR,ERR,ERR,ERR,ERR,ERR,ERR,ERR,ERR,ERR,ERR,ERR,ERR,ERR,ERR,ERR,ERR,ERR,ERR,ERR,ERR,ERR,ERR,ERR,ERR,ERR,ERR,ERR,ERR,ERR,ERR,ERR,ERR,ERR,ERR,ERR,ERR,ERR,ERR,ERR,ERR,ERR,ERR,ERR,ERR,ERR,ERR,ERR,ERR,ERR,ERR,ERR,ERR,ERR,ERR,ERR,ERR,ERR,ERR,ERR,ERR,ERR,ERR,ERR,ERR,ERR,60.0,60.0,35,0.0,0.0,0.0,0.0,0.0,0.0,0.0,0.0,0.0,0.0,0.0,0.0,0.0,0.0,0.0,0.0,65.2,0,146,69,54,65476,0,65476,1,4,4,20529,65476,0,0,2621,60.0,0.0,0.0,0.0,0.0,0.0
2026-07-09T15:00:57,ERR,ERR,ERR,ERR,ERR,ERR,ERR,ERR,ERR,ERR,ERR,ERR,ERR,ERR,ERR,ERR,ERR,ERR,ERR,ERR,ERR,ERR,ERR,ERR,ERR,ERR,ERR,ERR,ERR,ERR,ERR,ERR,ERR,ERR,ERR,ERR,ERR,ERR,ERR,ERR,ERR,ERR,ERR,ERR,ERR,ERR,ERR,ERR,ERR,ERR,ERR,ERR,ERR,ERR,ERR,ERR,ERR,ERR,ERR,ERR,ERR,ERR,ERR,ERR,ERR,ERR,ERR,ERR,ERR,ERR,ERR,ERR,ERR,ERR,ERR,ERR,ERR,ERR,ERR,ERR,ERR,ERR,ERR,ERR,ERR,ERR,ERR,ERR,ERR,ERR,ERR,ERR,ERR,ERR,ERR,ERR,ERR,ERR,ERR,ERR,ERR,ERR,ERR,ERR,ERR,ERR,ERR,ERR,ERR,ERR,ERR,ERR,ERR,ERR,ERR,ERR,ERR,ERR,ERR,ERR,ERR,ERR,ERR,ERR,ERR,-0.0,0.0,-107090432.0,-0.0,-0.0,-2.3495715312203448e+36,-1.105247969807053e+25,-0.0,0,0,4,17411,7116,0.0,100,0.0,0.0,-0.0,0.0,0.0,0,0,0,0,0.0,0,0,0,0,0,0,0,0,0,0,0,0,0,0,0,0,0,0,0,0,0,0,0,0,0,0,0,0,0,0,0,0,0,31,40,40,71,65476,0,300,0,0,8,21553,0.0,-107605600.0,0.0,0.0,0.0,0.0,0.0,0.0,0.0,0.0,0.0,0.0,0.0,0.0,0.0,0.0,0.0,0.0,0.0,0.0,0.0,0.0,-0.0,2.004,0.0,0.0,0.0,0.0,0.0,0.0,4975.0,-3.6971856938200465e+19,6940.0,-0.0,-107615920.0,2.004,2.004,0.0,0.0,0.0,0.0,69,0.0,-0.0,0.0,0.0,0.0,0.0,0.0,0.0,0.0,0,0,0,0.0,0.0,0.0,0.0,0.0,0.0,0.0,0.0,0.0,0.0,0.0,0.0,0.0,0.0,0.0,0.0,0,-107875648.0,69,0.0,138,0.0,2.012,ERR,ERR,ERR,ERR,ERR,ERR,ERR,ERR,ERR,ERR,ERR,ERR,ERR,ERR,ERR,ERR,ERR,ERR,ERR,ERR,ERR,ERR,ERR,ERR,ERR,ERR,ERR,ERR,ERR,ERR,ERR,ERR,ERR,ERR,ERR,ERR,ERR,ERR,ERR,ERR,ERR,ERR,ERR,ERR,ERR,ERR,ERR,ERR,ERR,ERR,ERR,ERR,ERR,ERR,ERR,ERR,ERR,ERR,ERR,ERR,ERR,ERR,ERR,ERR,ERR,ERR,ERR,60.0,60.0,35,0.0,0.0,0.0,0.0,0.0,0.0,0.0,0.0,0.0,0.0,0.0,0.0,0.0,0.0,0.0,0.0,65.6,0,146,69,54,65476,0,65476,1,4,4,20529,65476,0,0,2621,60.0,0.0,0.0,0.0,0.0,0.0
2026-07-09T15:00:58,ERR,ERR,ERR,ERR,ERR,ERR,ERR,ERR,ERR,ERR,ERR,ERR,ERR,ERR,ERR,ERR,ERR,ERR,ERR,ERR,ERR,ERR,ERR,ERR,ERR,ERR,ERR,ERR,ERR,ERR,ERR,ERR,ERR,ERR,ERR,ERR,ERR,ERR,ERR,ERR,ERR,ERR,ERR,ERR,ERR,ERR,ERR,ERR,ERR,ERR,ERR,ERR,ERR,ERR,ERR,ERR,ERR,ERR,ERR,ERR,ERR,ERR,ERR,ERR,ERR,ERR,ERR,ERR,ERR,ERR,ERR,ERR,ERR,ERR,ERR,ERR,ERR,ERR,ERR,ERR,ERR,ERR,ERR,ERR,ERR,ERR,ERR,ERR,ERR,ERR,ERR,ERR,ERR,ERR,ERR,ERR,ERR,ERR,ERR,ERR,ERR,ERR,ERR,ERR,ERR,ERR,ERR,ERR,ERR,ERR,ERR,ERR,ERR,ERR,ERR,ERR,ERR,ERR,ERR,ERR,ERR,ERR,ERR,ERR,ERR,-0.0,0.0,-107090432.0,-0.0,-0.0,-2.3495715312203448e+36,-1.105247969807053e+25,-0.0,0,0,4,17411,7116,0.0,100,0.0,0.0,-0.0,0.0,0.0,0,0,0,0,0.0,0,0,0,0,0,0,0,0,0,0,0,0,0,0,0,0,0,0,0,0,0,0,0,0,0,0,0,0,0,0,0,0,0,31,40,40,71,65476,0,300,0,0,8,21553,0.0,-107605600.0,0.0,0.0,0.0,0.0,0.0,0.0,0.0,0.0,0.0,0.0,0.0,0.0,0.0,0.0,0.0,0.0,0.0,0.0,0.0,0.0,-0.0,2.004,0.0,0.0,0.0,0.0,0.0,0.0,4975.0,-3.6971856938200465e+19,6940.0,-0.0,-107615920.0,2.004,2.004,0.0,0.0,0.0,0.0,69,0.0,-0.0,0.0,0.0,0.0,0.0,0.0,0.0,0.0,0,0,0,0.0,0.0,0.0,0.0,0.0,0.0,0.0,0.0,0.0,0.0,0.0,0.0,0.0,0.0,0.0,0.0,0,-107875648.0,69,0.0,138,0.0,2.012,ERR,ERR,ERR,ERR,ERR,ERR,ERR,ERR,ERR,ERR,ERR,ERR,ERR,ERR,ERR,ERR,ERR,ERR,ERR,ERR,ERR,ERR,ERR,ERR,ERR,ERR,ERR,ERR,ERR,ERR,ERR,ERR,ERR,ERR,ERR,ERR,ERR,ERR,ERR,ERR,ERR,ERR,ERR,ERR,ERR,ERR,ERR,ERR,ERR,ERR,ERR,ERR,ERR,ERR,ERR,ERR,ERR,ERR,ERR,ERR,ERR,ERR,ERR,ERR,ERR,ERR,ERR,60.0,60.0,35,0.0,0.0,0.0,0.0,0.0,0.0,0.0,0.0,0.0,0.0,0.0,0.0,0.0,0.0,0.0,0.0,65.6,0,146,69,54,65476,0,65476,1,4,4,20529,65476,0,0,2621,60.0,0.0,0.0,0.0,0.0,0.0
2026-07-09T15:00:59,ERR,ERR,ERR,ERR,ERR,ERR,ERR,ERR,ERR,ERR,ERR,ERR,ERR,ERR,ERR,ERR,ERR,ERR,ERR,ERR,ERR,ERR,ERR,ERR,ERR,ERR,ERR,ERR,ERR,ERR,ERR,ERR,ERR,ERR,ERR,ERR,ERR,ERR,ERR,ERR,ERR,ERR,ERR,ERR,ERR,ERR,ERR,ERR,ERR,ERR,ERR,ERR,ERR,ERR,ERR,ERR,ERR,ERR,ERR,ERR,ERR,ERR,ERR,ERR,ERR,ERR,ERR,ERR,ERR,ERR,ERR,ERR,ERR,ERR,ERR,ERR,ERR,ERR,ERR,ERR,ERR,ERR,ERR,ERR,ERR,ERR,ERR,ERR,ERR,ERR,ERR,ERR,ERR,ERR,ERR,ERR,ERR,ERR,ERR,ERR,ERR,ERR,ERR,ERR,ERR,ERR,ERR,ERR,ERR,ERR,ERR,ERR,ERR,ERR,ERR,ERR,ERR,ERR,ERR,ERR,ERR,ERR,ERR,ERR,ERR,-0.0,0.0,-107090432.0,-0.0,-0.0,-2.3495715312203448e+36,-1.105247969807053e+25,-0.0,0,0,4,17411,7116,0.0,100,0.0,0.0,-0.0,0.0,0.0,0,0,0,0,0.0,0,0,0,0,0,0,0,0,0,0,0,0,0,0,0,0,0,0,0,0,0,0,0,0,0,0,0,0,0,0,0,0,0,31,40,40,71,65476,0,300,0,0,8,21553,0.0,-107605600.0,0.0,0.0,0.0,0.0,0.0,0.0,0.0,0.0,0.0,0.0,0.0,0.0,0.0,0.0,0.0,0.0,0.0,0.0,0.0,0.0,-0.0,2.004,0.0,0.0,0.0,0.0,0.0,0.0,4975.0,-3.6971856938200465e+19,6940.0,-0.0,-107615920.0,2.004,2.004,0.0,0.0,0.0,0.0,69,0.0,-0.0,0.0,0.0,0.0,0.0,0.0,0.0,0.0,0,0,0,0.0,0.0,0.0,0.0,0.0,0.0,0.0,0.0,0.0,0.0,0.0,0.0,0.0,0.0,0.0,0.0,0,-107875648.0,69,0.0,138,0.0,2.012,ERR,ERR,ERR,ERR,ERR,ERR,ERR,ERR,ERR,ERR,ERR,ERR,ERR,ERR,ERR,ERR,ERR,ERR,ERR,ERR,ERR,ERR,ERR,ERR,ERR,ERR,ERR,ERR,ERR,ERR,ERR,ERR,ERR,ERR,ERR,ERR,ERR,ERR,ERR,ERR,ERR,ERR,ERR,ERR,ERR,ERR,ERR,ERR,ERR,ERR,ERR,ERR,ERR,ERR,ERR,ERR,ERR,ERR,ERR,ERR,ERR,ERR,ERR,ERR,ERR,ERR,ERR,60.0,60.0,35,0.0,0.0,0.0,0.0,0.0,0.0,0.0,0.0,0.0,0.0,0.0,0.0,0.0,0.0,0.0,0.0,65.2,0,146,69,54,65476,0,65476,1,4,4,20529,65476,0,0,2621,60.0,0.0,0.0,0.0,0.0,0.0
2026-07-09T15:01:00,ERR,ERR,ERR,ERR,ERR,ERR,ERR,ERR,ERR,ERR,ERR,ERR,ERR,ERR,ERR,ERR,ERR,ERR,ERR,ERR,ERR,ERR,ERR,ERR,ERR,ERR,ERR,ERR,ERR,ERR,ERR,ERR,ERR,ERR,ERR,ERR,ERR,ERR,ERR,ERR,ERR,ERR,ERR,ERR,ERR,ERR,ERR,ERR,ERR,ERR,ERR,ERR,ERR,ERR,ERR,ERR,ERR,ERR,ERR,ERR,ERR,ERR,ERR,ERR,ERR,ERR,ERR,ERR,ERR,ERR,ERR,ERR,ERR,ERR,ERR,ERR,ERR,ERR,ERR,ERR,ERR,ERR,ERR,ERR,ERR,ERR,ERR,ERR,ERR,ERR,ERR,ERR,ERR,ERR,ERR,ERR,ERR,ERR,ERR,ERR,ERR,ERR,ERR,ERR,ERR,ERR,ERR,ERR,ERR,ERR,ERR,ERR,ERR,ERR,ERR,ERR,ERR,ERR,ERR,ERR,ERR,ERR,ERR,ERR,ERR,0.0,0.0,0.0,0.0,-0.0,-1443885.125,-0.759,-8942431232.0,0,0,4,17410,7116,0.0,100,0.0,0.0,0.0,0.0,0.0,0,0,0,0,0.0,0,0,0,0,0,0,0,0,0,0,0,0,0,0,0,0,0,0,0,0,0,0,0,0,0,0,0,0,0,0,0,0,0,31,40,40,71,65476,0,300,0,0,8,21553,0.0,-107605600.0,0.0,0.0,0.0,0.0,0.0,0.0,0.0,0.0,0.0,0.0,0.0,0.0,0.0,0.0,0.0,0.0,0.0,0.0,0.0,0.0,2.004,-0.0,0.0,0.0,0.0,0.0,0.0,0.0,4969.0,1.0406652570629681e+34,6927.0,0.0,-107615912.0,2.004,2.004,0.0,0.0,0.0,0.0,69,0.0,0.0,0.0,0.0,0.0,0.0,0.0,0.0,0.0,0,0,0,0.0,0.0,0.0,0.0,0.0,0.0,0.0,0.0,0.0,0.0,0.0,0.0,0.0,0.0,0.0,0.0,0,-107875648.0,69,0.0,138,0.0,2.012,ERR,ERR,ERR,ERR,ERR,ERR,ERR,ERR,ERR,ERR,ERR,ERR,ERR,ERR,ERR,ERR,ERR,ERR,ERR,ERR,ERR,ERR,ERR,ERR,ERR,ERR,ERR,ERR,ERR,ERR,ERR,ERR,ERR,ERR,ERR,ERR,ERR,ERR,ERR,ERR,ERR,ERR,ERR,ERR,ERR,ERR,ERR,ERR,ERR,ERR,ERR,ERR,ERR,ERR,ERR,ERR,ERR,ERR,ERR,ERR,ERR,ERR,ERR,ERR,ERR,ERR,ERR,60.0,60.0,35,0.0,0.0,0.0,0.0,0.0,0.0,0.0,0.0,0.0,0.0,0.0,0.0,0.0,0.0,0.0,0.0,65.2,0,146,69,54,65476,0,65476,1,4,4,20529,65476,0,0,2621,60.0,0.0,0.0,0.0,0.0,0.0
2026-07-09T15:01:01,ERR,ERR,ERR,ERR,ERR,ERR,ERR,ERR,ERR,ERR,ERR,ERR,ERR,ERR,ERR,ERR,ERR,ERR,ERR,ERR,ERR,ERR,ERR,ERR,ERR,ERR,ERR,ERR,ERR,ERR,ERR,ERR,ERR,ERR,ERR,ERR,ERR,ERR,ERR,ERR,ERR,ERR,ERR,ERR,ERR,ERR,ERR,ERR,ERR,ERR,ERR,ERR,ERR,ERR,ERR,ERR,ERR,ERR,ERR,ERR,ERR,ERR,ERR,ERR,ERR,ERR,ERR,ERR,ERR,ERR,ERR,ERR,ERR,ERR,ERR,ERR,ERR,ERR,ERR,ERR,ERR,ERR,ERR,ERR,ERR,ERR,ERR,ERR,ERR,ERR,ERR,ERR,ERR,ERR,ERR,ERR,ERR,ERR,ERR,ERR,ERR,ERR,ERR,ERR,ERR,ERR,ERR,ERR,ERR,ERR,ERR,ERR,ERR,ERR,ERR,ERR,ERR,ERR,ERR,ERR,ERR,ERR,ERR,ERR,ERR,0.0,0.0,0.0,0.0,-0.0,-1443885.125,-0.759,-8942431232.0,0,0,4,17410,7116,0.0,100,0.0,0.0,0.0,0.0,0.0,0,0,0,0,0.0,0,0,0,0,0,0,0,0,0,0,0,0,0,0,0,0,0,0,0,0,0,0,0,0,0,0,0,0,0,0,0,0,0,31,40,40,71,65476,0,300,0,0,8,21553,0.0,-107605600.0,0.0,0.0,0.0,0.0,0.0,0.0,0.0,0.0,0.0,0.0,0.0,0.0,0.0,0.0,0.0,0.0,0.0,0.0,0.0,0.0,2.004,-0.0,0.0,0.0,0.0,0.0,0.0,0.0,4969.0,1.0406652570629681e+34,6927.0,0.0,-107615912.0,2.004,2.004,0.0,0.0,0.0,0.0,69,0.0,0.0,0.0,0.0,0.0,0.0,0.0,0.0,0.0,0,0,0,0.0,0.0,0.0,0.0,0.0,0.0,0.0,0.0,0.0,0.0,0.0,0.0,0.0,0.0,0.0,0.0,0,-107875648.0,69,0.0,138,0.0,2.012,ERR,ERR,ERR,ERR,ERR,ERR,ERR,ERR,ERR,ERR,ERR,ERR,ERR,ERR,ERR,ERR,ERR,ERR,ERR,ERR,ERR,ERR,ERR,ERR,ERR,ERR,ERR,ERR,ERR,ERR,ERR,ERR,ERR,ERR,ERR,ERR,ERR,ERR,ERR,ERR,ERR,ERR,ERR,ERR,ERR,ERR,ERR,ERR,ERR,ERR,ERR,ERR,ERR,ERR,ERR,ERR,ERR,ERR,ERR,ERR,ERR,ERR,ERR,ERR,ERR,ERR,ERR,60.0,60.0,35,0.0,0.0,0.0,0.0,0.0,0.0,0.0,0.0,0.0,0.0,0.0,0.0,0.0,0.0,0.0,0.0,65.6,0,146,69,54,65476,0,65476,1,4,4,20529,65476,0,0,2621,60.0,0.0,0.0,0.0,0.0,0.0
2026-07-09T15:01:02,ERR,ERR,ERR,ERR,ERR,ERR,ERR,ERR,ERR,ERR,ERR,ERR,ERR,ERR,ERR,ERR,ERR,ERR,ERR,ERR,ERR,ERR,ERR,ERR,ERR,ERR,ERR,ERR,ERR,ERR,ERR,ERR,ERR,ERR,ERR,ERR,ERR,ERR,ERR,ERR,ERR,ERR,ERR,ERR,ERR,ERR,ERR,ERR,ERR,ERR,ERR,ERR,ERR,ERR,ERR,ERR,ERR,ERR,ERR,ERR,ERR,ERR,ERR,ERR,ERR,ERR,ERR,ERR,ERR,ERR,ERR,ERR,ERR,ERR,ERR,ERR,ERR,ERR,ERR,ERR,ERR,ERR,ERR,ERR,ERR,ERR,ERR,ERR,ERR,ERR,ERR,ERR,ERR,ERR,ERR,ERR,ERR,ERR,ERR,ERR,ERR,ERR,ERR,ERR,ERR,ERR,ERR,ERR,ERR,ERR,ERR,ERR,ERR,ERR,ERR,ERR,ERR,ERR,ERR,ERR,ERR,ERR,ERR,ERR,ERR,0.0,0.0,0.0,0.0,-0.0,-1443885.125,-0.759,-8942431232.0,0,0,4,17410,7116,0.0,100,0.0,0.0,0.0,0.0,0.0,0,0,0,0,0.0,0,0,0,0,0,0,0,0,0,0,0,0,0,0,0,0,0,0,0,0,0,0,0,0,0,0,0,0,0,0,0,0,0,31,40,40,71,65476,0,300,0,0,8,21553,0.0,-107605600.0,0.0,0.0,0.0,0.0,0.0,0.0,0.0,0.0,0.0,0.0,0.0,0.0,0.0,0.0,0.0,0.0,0.0,0.0,0.0,0.0,2.004,-0.0,0.0,0.0,0.0,0.0,0.0,0.0,4969.0,1.0406652570629681e+34,6927.0,0.0,-107615912.0,2.004,2.004,0.0,0.0,0.0,0.0,69,0.0,0.0,0.0,0.0,0.0,0.0,0.0,0.0,0.0,0,0,0,0.0,0.0,0.0,0.0,0.0,0.0,0.0,0.0,0.0,0.0,0.0,0.0,0.0,0.0,0.0,0.0,0,-107875648.0,69,0.0,138,0.0,2.012,ERR,ERR,ERR,ERR,ERR,ERR,ERR,ERR,ERR,ERR,ERR,ERR,ERR,ERR,ERR,ERR,ERR,ERR,ERR,ERR,ERR,ERR,ERR,ERR,ERR,ERR,ERR,ERR,ERR,ERR,ERR,ERR,ERR,ERR,ERR,ERR,ERR,ERR,ERR,ERR,ERR,ERR,ERR,ERR,ERR,ERR,ERR,ERR,ERR,ERR,ERR,ERR,ERR,ERR,ERR,ERR,ERR,ERR,ERR,ERR,ERR,ERR,ERR,ERR,ERR,ERR,ERR,60.0,60.0,35,0.0,0.0,0.0,0.0,0.0,0.0,0.0,0.0,0.0,0.0,0.0,0.0,0.0,0.0,0.0,0.0,65.6,0,146,69,54,65476,0,65476,1,4,4,20529,65476,0,0,2621,60.0,0.0,0.0,0.0,0.0,0.0
2026-07-09T15:01:03,ERR,ERR,ERR,ERR,ERR,ERR,ERR,ERR,ERR,ERR,ERR,ERR,ERR,ERR,ERR,ERR,ERR,ERR,ERR,ERR,ERR,ERR,ERR,ERR,ERR,ERR,ERR,ERR,ERR,ERR,ERR,ERR,ERR,ERR,ERR,ERR,ERR,ERR,ERR,ERR,ERR,ERR,ERR,ERR,ERR,ERR,ERR,ERR,ERR,ERR,ERR,ERR,ERR,ERR,ERR,ERR,ERR,ERR,ERR,ERR,ERR,ERR,ERR,ERR,ERR,ERR,ERR,ERR,ERR,ERR,ERR,ERR,ERR,ERR,ERR,ERR,ERR,ERR,ERR,ERR,ERR,ERR,ERR,ERR,ERR,ERR,ERR,ERR,ERR,ERR,ERR,ERR,ERR,ERR,ERR,ERR,ERR,ERR,ERR,ERR,ERR,ERR,ERR,ERR,ERR,ERR,ERR,ERR,ERR,ERR,ERR,ERR,ERR,ERR,ERR,ERR,ERR,ERR,ERR,ERR,ERR,ERR,ERR,ERR,ERR,0.0,0.0,0.0,0.0,-0.0,-1443885.125,-0.759,-8942431232.0,0,0,4,17410,7116,0.0,100,0.0,0.0,0.0,0.0,0.0,0,0,0,0,0.0,0,0,0,0,0,0,0,0,0,0,0,0,0,0,0,0,0,0,0,0,0,0,0,0,0,0,0,0,0,0,0,0,0,31,40,40,71,65476,0,300,0,0,8,21553,0.0,-107605600.0,0.0,0.0,0.0,0.0,0.0,0.0,0.0,0.0,0.0,0.0,0.0,0.0,0.0,0.0,0.0,0.0,0.0,0.0,0.0,0.0,2.004,-0.0,0.0,0.0,0.0,0.0,0.0,0.0,4969.0,1.0406652570629681e+34,6927.0,0.0,-107615912.0,2.004,2.004,0.0,0.0,0.0,0.0,69,0.0,0.0,0.0,0.0,0.0,0.0,0.0,0.0,0.0,0,0,0,0.0,0.0,0.0,0.0,0.0,0.0,0.0,0.0,0.0,0.0,0.0,0.0,0.0,0.0,0.0,0.0,0,-107875648.0,69,0.0,138,0.0,2.012,ERR,ERR,ERR,ERR,ERR,ERR,ERR,ERR,ERR,ERR,ERR,ERR,ERR,ERR,ERR,ERR,ERR,ERR,ERR,ERR,ERR,ERR,ERR,ERR,ERR,ERR,ERR,ERR,ERR,ERR,ERR,ERR,ERR,ERR,ERR,ERR,ERR,ERR,ERR,ERR,ERR,ERR,ERR,ERR,ERR,ERR,ERR,ERR,ERR,ERR,ERR,ERR,ERR,ERR,ERR,ERR,ERR,ERR,ERR,ERR,ERR,ERR,ERR,ERR,ERR,ERR,ERR,60.0,60.0,35,0.0,0.0,0.0,0.0,0.0,0.0,0.0,0.0,0.0,0.0,0.0,0.0,0.0,0.0,0.0,0.0,65.2,0,146,69,54,65476,0,65476,1,4,4,20529,65476,0,0,2621,60.0,0.0,0.0,0.0,0.0,0.0
2026-07-09T15:01:04,ERR,ERR,ERR,ERR,ERR,ERR,ERR,ERR,ERR,ERR,ERR,ERR,ERR,ERR,ERR,ERR,ERR,ERR,ERR,ERR,ERR,ERR,ERR,ERR,ERR,ERR,ERR,ERR,ERR,ERR,ERR,ERR,ERR,ERR,ERR,ERR,ERR,ERR,ERR,ERR,ERR,ERR,ERR,ERR,ERR,ERR,ERR,ERR,ERR,ERR,ERR,ERR,ERR,ERR,ERR,ERR,ERR,ERR,ERR,ERR,ERR,ERR,ERR,ERR,ERR,ERR,ERR,ERR,ERR,ERR,ERR,ERR,ERR,ERR,ERR,ERR,ERR,ERR,ERR,ERR,ERR,ERR,ERR,ERR,ERR,ERR,ERR,ERR,ERR,ERR,ERR,ERR,ERR,ERR,ERR,ERR,ERR,ERR,ERR,ERR,ERR,ERR,ERR,ERR,ERR,ERR,ERR,ERR,ERR,ERR,ERR,ERR,ERR,ERR,ERR,ERR,ERR,ERR,ERR,ERR,ERR,ERR,ERR,ERR,ERR,0.0,0.0,0.0,0.0,-0.0,-1443885.125,-0.759,-8942431232.0,0,0,4,17410,7116,0.0,100,0.0,0.0,0.0,0.0,0.0,0,0,0,0,0.0,0,0,0,0,0,0,0,0,0,0,0,0,0,0,0,0,0,0,0,0,0,0,0,0,0,0,0,0,0,0,0,0,0,31,40,40,71,65476,0,300,0,0,8,21553,0.0,-107605600.0,0.0,0.0,0.0,0.0,0.0,0.0,0.0,0.0,0.0,0.0,0.0,0.0,0.0,0.0,0.0,0.0,0.0,0.0,0.0,0.0,2.004,-0.0,0.0,0.0,0.0,0.0,0.0,0.0,4969.0,1.0406652570629681e+34,6927.0,0.0,-107615912.0,2.004,2.004,0.0,0.0,0.0,0.0,69,0.0,0.0,0.0,0.0,0.0,0.0,0.0,0.0,0.0,0,0,0,0.0,0.0,0.0,0.0,0.0,0.0,0.0,0.0,0.0,0.0,0.0,0.0,0.0,0.0,0.0,0.0,0,-107875648.0,69,0.0,138,0.0,2.012,ERR,ERR,ERR,ERR,ERR,ERR,ERR,ERR,ERR,ERR,ERR,ERR,ERR,ERR,ERR,ERR,ERR,ERR,ERR,ERR,ERR,ERR,ERR,ERR,ERR,ERR,ERR,ERR,ERR,ERR,ERR,ERR,ERR,ERR,ERR,ERR,ERR,ERR,ERR,ERR,ERR,ERR,ERR,ERR,ERR,ERR,ERR,ERR,ERR,ERR,ERR,ERR,ERR,ERR,ERR,ERR,ERR,ERR,ERR,ERR,ERR,ERR,ERR,ERR,ERR,ERR,ERR,60.0,60.0,35,0.0,0.0,0.0,0.0,0.0,0.0,0.0,0.0,0.0,0.0,0.0,0.0,0.0,0.0,0.0,0.0,65.2,0,146,69,54,65476,0,65476,1,4,4,20529,65476,0,0,2621,60.0,0.0,0.0,0.0,0.0,0.0
2026-07-09T15:01:05,ERR,ERR,ERR,ERR,ERR,ERR,ERR,ERR,ERR,ERR,ERR,ERR,ERR,ERR,ERR,ERR,ERR,ERR,ERR,ERR,ERR,ERR,ERR,ERR,ERR,ERR,ERR,ERR,ERR,ERR,ERR,ERR,ERR,ERR,ERR,ERR,ERR,ERR,ERR,ERR,ERR,ERR,ERR,ERR,ERR,ERR,ERR,ERR,ERR,ERR,ERR,ERR,ERR,ERR,ERR,ERR,ERR,ERR,ERR,ERR,ERR,ERR,ERR,ERR,ERR,ERR,ERR,ERR,ERR,ERR,ERR,ERR,ERR,ERR,ERR,ERR,ERR,ERR,ERR,ERR,ERR,ERR,ERR,ERR,ERR,ERR,ERR,ERR,ERR,ERR,ERR,ERR,ERR,ERR,ERR,ERR,ERR,ERR,ERR,ERR,ERR,ERR,ERR,ERR,ERR,ERR,ERR,ERR,ERR,ERR,ERR,ERR,ERR,ERR,ERR,ERR,ERR,ERR,ERR,ERR,ERR,ERR,ERR,ERR,ERR,0.0,-107615904.0,2.730221165268488e+23,-0.0,49736.496,-13438918656.0,-7.940044388829239e+28,7.321245053184526e+36,0,0,4,17408,7116,0.0,100,0.0,0.0,-0.0,0.0,0.0,0,0,0,0,0.0,0,0,0,0,0,0,0,0,0,0,0,0,0,0,0,0,0,0,0,0,0,0,0,0,0,0,0,0,0,0,0,0,0,31,40,40,71,65476,0,300,0,0,8,21553,0.0,-107605600.0,0.0,0.0,0.0,0.0,0.0,0.0,0.0,0.0,0.0,0.0,0.0,0.0,0.0,0.0,0.0,0.0,0.0,0.0,0.0,0.0,2.004,-3.697062988322387e+19,0.0,0.0,0.0,0.0,0.0,0.0,4970.0,564145766268928.0,6923.0,0.0,-0.0,2.004,2.004,0.0,0.0,0.0,0.0,69,0.0,-152017246879744.0,0.0,0.0,0.0,0.0,0.0,0.0,0.0,0,0,0,0.0,0.0,0.0,0.0,0.0,0.0,0.0,0.0,0.0,0.0,0.0,0.0,0.0,0.0,0.0,0.0,0,-107875648.0,69,0.0,138,0.0,2.012,ERR,ERR,ERR,ERR,ERR,ERR,ERR,ERR,ERR,ERR,ERR,ERR,ERR,ERR,ERR,ERR,ERR,ERR,ERR,ERR,ERR,ERR,ERR,ERR,ERR,ERR,ERR,ERR,ERR,ERR,ERR,ERR,ERR,ERR,ERR,ERR,ERR,ERR,ERR,ERR,ERR,ERR,ERR,ERR,ERR,ERR,ERR,ERR,ERR,ERR,ERR,ERR,ERR,ERR,ERR,ERR,ERR,ERR,ERR,ERR,ERR,ERR,ERR,ERR,ERR,ERR,ERR,60.0,60.0,35,0.0,0.0,0.0,0.0,0.0,0.0,0.0,0.0,0.0,0.0,0.0,0.0,0.0,0.0,0.0,0.0,65.2,0,146,69,54,65476,0,65476,1,4,4,20529,65476,0,0,2621,60.0,0.0,0.0,0.0,0.0,0.0
2026-07-09T15:01:06,ERR,ERR,ERR,ERR,ERR,ERR,ERR,ERR,ERR,ERR,ERR,ERR,ERR,ERR,ERR,ERR,ERR,ERR,ERR,ERR,ERR,ERR,ERR,ERR,ERR,ERR,ERR,ERR,ERR,ERR,ERR,ERR,ERR,ERR,ERR,ERR,ERR,ERR,ERR,ERR,ERR,ERR,ERR,ERR,ERR,ERR,ERR,ERR,ERR,ERR,ERR,ERR,ERR,ERR,ERR,ERR,ERR,ERR,ERR,ERR,ERR,ERR,ERR,ERR,ERR,ERR,ERR,ERR,ERR,ERR,ERR,ERR,ERR,ERR,ERR,ERR,ERR,ERR,ERR,ERR,ERR,ERR,ERR,ERR,ERR,ERR,ERR,ERR,ERR,ERR,ERR,ERR,ERR,ERR,ERR,ERR,ERR,ERR,ERR,ERR,ERR,ERR,ERR,ERR,ERR,ERR,ERR,ERR,ERR,ERR,ERR,ERR,ERR,ERR,ERR,ERR,ERR,ERR,ERR,ERR,ERR,ERR,ERR,ERR,ERR,0.0,-107615904.0,2.730221165268488e+23,-0.0,49736.496,-13438918656.0,-7.940044388829239e+28,7.321245053184526e+36,0,0,4,17408,7116,0.0,100,0.0,0.0,-0.0,0.0,0.0,0,0,0,0,0.0,0,0,0,0,0,0,0,0,0,0,0,0,0,0,0,0,0,0,0,0,0,0,0,0,0,0,0,0,0,0,0,0,0,31,40,40,71,65476,0,300,0,0,8,21553,0.0,-107605600.0,0.0,0.0,0.0,0.0,0.0,0.0,0.0,0.0,0.0,0.0,0.0,0.0,0.0,0.0,0.0,0.0,0.0,0.0,0.0,0.0,2.004,-3.697062988322387e+19,0.0,0.0,0.0,0.0,0.0,0.0,4970.0,564145766268928.0,6923.0,0.0,-0.0,2.004,2.004,0.0,0.0,0.0,0.0,69,0.0,-152017246879744.0,0.0,0.0,0.0,0.0,0.0,0.0,0.0,0,0,0,0.0,0.0,0.0,0.0,0.0,0.0,0.0,0.0,0.0,0.0,0.0,0.0,0.0,0.0,0.0,0.0,0,-107875648.0,69,0.0,138,0.0,2.012,ERR,ERR,ERR,ERR,ERR,ERR,ERR,ERR,ERR,ERR,ERR,ERR,ERR,ERR,ERR,ERR,ERR,ERR,ERR,ERR,ERR,ERR,ERR,ERR,ERR,ERR,ERR,ERR,ERR,ERR,ERR,ERR,ERR,ERR,ERR,ERR,ERR,ERR,ERR,ERR,ERR,ERR,ERR,ERR,ERR,ERR,ERR,ERR,ERR,ERR,ERR,ERR,ERR,ERR,ERR,ERR,ERR,ERR,ERR,ERR,ERR,ERR,ERR,ERR,ERR,ERR,ERR,60.0,60.0,35,0.0,0.0,0.0,0.0,0.0,0.0,0.0,0.0,0.0,0.0,0.0,0.0,0.0,0.0,0.0,0.0,65.2,0,146,69,53,65476,0,65476,1,4,4,20529,65476,0,0,2621,60.0,0.0,0.0,0.0,0.0,0.0
2026-07-09T15:01:07,ERR,ERR,ERR,ERR,ERR,ERR,ERR,ERR,ERR,ERR,ERR,ERR,ERR,ERR,ERR,ERR,ERR,ERR,ERR,ERR,ERR,ERR,ERR,ERR,ERR,ERR,ERR,ERR,ERR,ERR,ERR,ERR,ERR,ERR,ERR,ERR,ERR,ERR,ERR,ERR,ERR,ERR,ERR,ERR,ERR,ERR,ERR,ERR,ERR,ERR,ERR,ERR,ERR,ERR,ERR,ERR,ERR,ERR,ERR,ERR,ERR,ERR,ERR,ERR,ERR,ERR,ERR,ERR,ERR,ERR,ERR,ERR,ERR,ERR,ERR,ERR,ERR,ERR,ERR,ERR,ERR,ERR,ERR,ERR,ERR,ERR,ERR,ERR,ERR,ERR,ERR,ERR,ERR,ERR,ERR,ERR,ERR,ERR,ERR,ERR,ERR,ERR,ERR,ERR,ERR,ERR,ERR,ERR,ERR,ERR,ERR,ERR,ERR,ERR,ERR,ERR,ERR,ERR,ERR,ERR,ERR,ERR,ERR,ERR,ERR,0.0,-107615904.0,2.730221165268488e+23,-0.0,49736.496,-13438918656.0,-7.940044388829239e+28,7.321245053184526e+36,0,0,4,17408,7116,0.0,100,0.0,0.0,-0.0,0.0,0.0,0,0,0,0,0.0,0,0,0,0,0,0,0,0,0,0,0,0,0,0,0,0,0,0,0,0,0,0,0,0,0,0,0,0,0,0,0,0,0,31,40,40,71,65476,0,300,0,0,8,21553,0.0,-107605600.0,0.0,0.0,0.0,0.0,0.0,0.0,0.0,0.0,0.0,0.0,0.0,0.0,0.0,0.0,0.0,0.0,0.0,0.0,0.0,0.0,2.004,-3.697062988322387e+19,0.0,0.0,0.0,0.0,0.0,0.0,4970.0,564145766268928.0,6923.0,0.0,-0.0,2.004,2.004,0.0,0.0,0.0,0.0,69,0.0,-152017246879744.0,0.0,0.0,0.0,0.0,0.0,0.0,0.0,0,0,0,0.0,0.0,0.0,0.0,0.0,0.0,0.0,0.0,0.0,0.0,0.0,0.0,0.0,0.0,0.0,0.0,0,-107875648.0,69,0.0,138,0.0,2.012,ERR,ERR,ERR,ERR,ERR,ERR,ERR,ERR,ERR,ERR,ERR,ERR,ERR,ERR,ERR,ERR,ERR,ERR,ERR,ERR,ERR,ERR,ERR,ERR,ERR,ERR,ERR,ERR,ERR,ERR,ERR,ERR,ERR,ERR,ERR,ERR,ERR,ERR,ERR,ERR,ERR,ERR,ERR,ERR,ERR,ERR,ERR,ERR,ERR,ERR,ERR,ERR,ERR,ERR,ERR,ERR,ERR,ERR,ERR,ERR,ERR,ERR,ERR,ERR,ERR,ERR,ERR,60.0,60.0,35,0.0,0.0,0.0,0.0,0.0,0.0,0.0,0.0,0.0,0.0,0.0,0.0,0.0,0.0,0.0,0.0,65.2,0,146,69,53,65476,0,65476,1,4,4,20529,65476,0,0,2621,60.0,0.0,0.0,0.0,0.0,0.0
2026-07-09T15:01:08,ERR,ERR,ERR,ERR,ERR,ERR,ERR,ERR,ERR,ERR,ERR,ERR,ERR,ERR,ERR,ERR,ERR,ERR,ERR,ERR,ERR,ERR,ERR,ERR,ERR,ERR,ERR,ERR,ERR,ERR,ERR,ERR,ERR,ERR,ERR,ERR,ERR,ERR,ERR,ERR,ERR,ERR,ERR,ERR,ERR,ERR,ERR,ERR,ERR,ERR,ERR,ERR,ERR,ERR,ERR,ERR,ERR,ERR,ERR,ERR,ERR,ERR,ERR,ERR,ERR,ERR,ERR,ERR,ERR,ERR,ERR,ERR,ERR,ERR,ERR,ERR,ERR,ERR,ERR,ERR,ERR,ERR,ERR,ERR,ERR,ERR,ERR,ERR,ERR,ERR,ERR,ERR,ERR,ERR,ERR,ERR,ERR,ERR,ERR,ERR,ERR,ERR,ERR,ERR,ERR,ERR,ERR,ERR,ERR,ERR,ERR,ERR,ERR,ERR,ERR,ERR,ERR,ERR,ERR,ERR,ERR,ERR,ERR,ERR,ERR,0.0,-107615904.0,2.730221165268488e+23,-0.0,49736.496,-13438918656.0,-7.940044388829239e+28,7.321245053184526e+36,0,0,4,17408,7116,0.0,100,0.0,0.0,-0.0,0.0,0.0,0,0,0,0,0.0,0,0,0,0,0,0,0,0,0,0,0,0,0,0,0,0,0,0,0,0,0,0,0,0,0,0,0,0,0,0,0,0,0,31,40,40,71,65476,0,300,0,0,8,21553,0.0,-107605600.0,0.0,0.0,0.0,0.0,0.0,0.0,0.0,0.0,0.0,0.0,0.0,0.0,0.0,0.0,0.0,0.0,0.0,0.0,0.0,0.0,2.004,-3.697062988322387e+19,0.0,0.0,0.0,0.0,0.0,0.0,4970.0,564145766268928.0,6923.0,0.0,-0.0,2.004,2.004,0.0,0.0,0.0,0.0,69,0.0,-152017246879744.0,0.0,0.0,0.0,0.0,0.0,0.0,0.0,0,0,0,0.0,0.0,0.0,0.0,0.0,0.0,0.0,0.0,0.0,0.0,0.0,0.0,0.0,0.0,0.0,0.0,0,-107875648.0,69,0.0,138,0.0,2.012,ERR,ERR,ERR,ERR,ERR,ERR,ERR,ERR,ERR,ERR,ERR,ERR,ERR,ERR,ERR,ERR,ERR,ERR,ERR,ERR,ERR,ERR,ERR,ERR,ERR,ERR,ERR,ERR,ERR,ERR,ERR,ERR,ERR,ERR,ERR,ERR,ERR,ERR,ERR,ERR,ERR,ERR,ERR,ERR,ERR,ERR,ERR,ERR,ERR,ERR,ERR,ERR,ERR,ERR,ERR,ERR,ERR,ERR,ERR,ERR,ERR,ERR,ERR,ERR,ERR,ERR,ERR,60.0,60.0,35,0.0,0.0,0.0,0.0,0.0,0.0,0.0,0.0,0.0,0.0,0.0,0.0,0.0,0.0,0.0,0.0,65.2,0,146,69,53,65476,0,65476,1,4,4,20529,65476,0,0,2621,60.0,0.0,0.0,0.0,0.0,0.0
2026-07-09T15:01:09,ERR,ERR,ERR,ERR,ERR,ERR,ERR,ERR,ERR,ERR,ERR,ERR,ERR,ERR,ERR,ERR,ERR,ERR,ERR,ERR,ERR,ERR,ERR,ERR,ERR,ERR,ERR,ERR,ERR,ERR,ERR,ERR,ERR,ERR,ERR,ERR,ERR,ERR,ERR,ERR,ERR,ERR,ERR,ERR,ERR,ERR,ERR,ERR,ERR,ERR,ERR,ERR,ERR,ERR,ERR,ERR,ERR,ERR,ERR,ERR,ERR,ERR,ERR,ERR,ERR,ERR,ERR,ERR,ERR,ERR,ERR,ERR,ERR,ERR,ERR,ERR,ERR,ERR,ERR,ERR,ERR,ERR,ERR,ERR,ERR,ERR,ERR,ERR,ERR,ERR,ERR,ERR,ERR,ERR,ERR,ERR,ERR,ERR,ERR,ERR,ERR,ERR,ERR,ERR,ERR,ERR,ERR,ERR,ERR,ERR,ERR,ERR,ERR,ERR,ERR,ERR,ERR,ERR,ERR,ERR,ERR,ERR,ERR,ERR,ERR,0.0,-107615904.0,2.730221165268488e+23,-0.0,49736.496,-13438918656.0,-7.940044388829239e+28,7.321245053184526e+36,0,0,4,17408,7116,0.0,100,0.0,0.0,-0.0,0.0,0.0,0,0,0,0,0.0,0,0,0,0,0,0,0,0,0,0,0,0,0,0,0,0,0,0,0,0,0,0,0,0,0,0,0,0,0,0,0,0,0,31,40,40,71,65476,0,300,0,0,8,21553,0.0,-107605600.0,0.0,0.0,0.0,0.0,0.0,0.0,0.0,0.0,0.0,0.0,0.0,0.0,0.0,0.0,0.0,0.0,0.0,0.0,0.0,0.0,2.004,-3.697062988322387e+19,0.0,0.0,0.0,0.0,0.0,0.0,4970.0,564145766268928.0,6923.0,0.0,-0.0,2.004,2.004,0.0,0.0,0.0,0.0,69,0.0,-152017246879744.0,0.0,0.0,0.0,0.0,0.0,0.0,0.0,0,0,0,0.0,0.0,0.0,0.0,0.0,0.0,0.0,0.0,0.0,0.0,0.0,0.0,0.0,0.0,0.0,0.0,0,-107875648.0,69,0.0,138,0.0,2.012,ERR,ERR,ERR,ERR,ERR,ERR,ERR,ERR,ERR,ERR,ERR,ERR,ERR,ERR,ERR,ERR,ERR,ERR,ERR,ERR,ERR,ERR,ERR,ERR,ERR,ERR,ERR,ERR,ERR,ERR,ERR,ERR,ERR,ERR,ERR,ERR,ERR,ERR,ERR,ERR,ERR,ERR,ERR,ERR,ERR,ERR,ERR,ERR,ERR,ERR,ERR,ERR,ERR,ERR,ERR,ERR,ERR,ERR,ERR,ERR,ERR,ERR,ERR,ERR,ERR,ERR,ERR,60.0,60.0,35,0.0,0.0,0.0,0.0,0.0,0.0,0.0,0.0,0.0,0.0,0.0,0.0,0.0,0.0,0.0,0.0,65.6,0,146,69,53,65476,0,65476,1,4,4,20529,65476,0,0,2621,60.0,0.0,0.0,0.0,0.0,0.0
2026-07-09T15:01:10,ERR,ERR,ERR,ERR,ERR,ERR,ERR,ERR,ERR,ERR,ERR,ERR,ERR,ERR,ERR,ERR,ERR,ERR,ERR,ERR,ERR,ERR,ERR,ERR,ERR,ERR,ERR,ERR,ERR,ERR,ERR,ERR,ERR,ERR,ERR,ERR,ERR,ERR,ERR,ERR,ERR,ERR,ERR,ERR,ERR,ERR,ERR,ERR,ERR,ERR,ERR,ERR,ERR,ERR,ERR,ERR,ERR,ERR,ERR,ERR,ERR,ERR,ERR,ERR,ERR,ERR,ERR,ERR,ERR,ERR,ERR,ERR,ERR,ERR,ERR,ERR,ERR,ERR,ERR,ERR,ERR,ERR,ERR,ERR,ERR,ERR,ERR,ERR,ERR,ERR,ERR,ERR,ERR,ERR,ERR,ERR,ERR,ERR,ERR,ERR,ERR,ERR,ERR,ERR,ERR,ERR,ERR,ERR,ERR,ERR,ERR,ERR,ERR,ERR,ERR,ERR,ERR,ERR,ERR,ERR,ERR,ERR,ERR,ERR,ERR,0.0,-0.0,0.0,2.718366610185338e+23,4.0143322213600954e+36,0.0,9212593152.0,-6.458251475846955e+18,0,0,4,17402,7116,0.0,100,0.0,0.0,2.718366610185338e+23,0.0,0.0,0,0,0,0,0.0,0,0,0,0,0,0,0,0,0,0,0,0,0,0,0,0,0,0,0,0,0,0,0,0,0,0,0,0,0,0,0,0,0,31,40,40,71,65476,0,300,0,0,8,21553,0.0,-107605600.0,0.0,0.0,0.0,0.0,0.0,0.0,0.0,0.0,0.0,0.0,0.0,0.0,0.0,0.0,0.0,0.0,0.0,0.0,0.0,0.0,2.004,0.0,0.0,0.0,0.0,0.0,0.0,0.0,4960.0,0.0,6915.0,0.0,0.0,2.004,2.004,0.0,0.0,0.0,0.0,69,-2.3088396621844998e+20,-0.0,0.0,0.0,0.0,0.0,0.0,0.0,0.0,0,0,0,0.0,0.0,0.0,0.0,0.0,0.0,0.0,0.0,0.0,0.0,0.0,0.0,0.0,0.0,0.0,0.0,0,-107875648.0,69,0.0,138,0.0,2.012,ERR,ERR,ERR,ERR,ERR,ERR,ERR,ERR,ERR,ERR,ERR,ERR,ERR,ERR,ERR,ERR,ERR,ERR,ERR,ERR,ERR,ERR,ERR,ERR,ERR,ERR,ERR,ERR,ERR,ERR,ERR,ERR,ERR,ERR,ERR,ERR,ERR,ERR,ERR,ERR,ERR,ERR,ERR,ERR,ERR,ERR,ERR,ERR,ERR,ERR,ERR,ERR,ERR,ERR,ERR,ERR,ERR,ERR,ERR,ERR,ERR,ERR,ERR,ERR,ERR,ERR,ERR,60.0,60.0,35,0.0,0.0,0.0,0.0,0.0,0.0,0.0,0.0,0.0,0.0,0.0,0.0,0.0,0.0,0.0,0.0,65.6,0,146,69,53,65476,0,65476,1,4,4,20529,65476,0,0,2621,60.0,0.0,0.0,0.0,0.0,0.0
2026-07-09T15:01:11,ERR,ERR,ERR,ERR,ERR,ERR,ERR,ERR,ERR,ERR,ERR,ERR,ERR,ERR,ERR,ERR,ERR,ERR,ERR,ERR,ERR,ERR,ERR,ERR,ERR,ERR,ERR,ERR,ERR,ERR,ERR,ERR,ERR,ERR,ERR,ERR,ERR,ERR,ERR,ERR,ERR,ERR,ERR,ERR,ERR,ERR,ERR,ERR,ERR,ERR,ERR,ERR,ERR,ERR,ERR,ERR,ERR,ERR,ERR,ERR,ERR,ERR,ERR,ERR,ERR,ERR,ERR,ERR,ERR,ERR,ERR,ERR,ERR,ERR,ERR,ERR,ERR,ERR,ERR,ERR,ERR,ERR,ERR,ERR,ERR,ERR,ERR,ERR,ERR,ERR,ERR,ERR,ERR,ERR,ERR,ERR,ERR,ERR,ERR,ERR,ERR,ERR,ERR,ERR,ERR,ERR,ERR,ERR,ERR,ERR,ERR,ERR,ERR,ERR,ERR,ERR,ERR,ERR,ERR,ERR,ERR,ERR,ERR,ERR,ERR,0.0,-0.0,0.0,2.718366610185338e+23,4.0143322213600954e+36,0.0,9212593152.0,-6.458251475846955e+18,0,0,4,17402,7116,0.0,100,0.0,0.0,2.718366610185338e+23,0.0,0.0,0,0,0,0,0.0,0,0,0,0,0,0,0,0,0,0,0,0,0,0,0,0,0,0,0,0,0,0,0,0,0,0,0,0,0,0,0,0,0,31,40,40,71,65476,0,300,0,0,8,21553,0.0,-107605600.0,0.0,0.0,0.0,0.0,0.0,0.0,0.0,0.0,0.0,0.0,0.0,0.0,0.0,0.0,0.0,0.0,0.0,0.0,0.0,0.0,2.004,0.0,0.0,0.0,0.0,0.0,0.0,0.0,4960.0,0.0,6915.0,0.0,0.0,2.004,2.004,0.0,0.0,0.0,0.0,69,-2.3088396621844998e+20,-0.0,0.0,0.0,0.0,0.0,0.0,0.0,0.0,0,0,0,0.0,0.0,0.0,0.0,0.0,0.0,0.0,0.0,0.0,0.0,0.0,0.0,0.0,0.0,0.0,0.0,0,-107875648.0,69,0.0,138,0.0,2.012,ERR,ERR,ERR,ERR,ERR,ERR,ERR,ERR,ERR,ERR,ERR,ERR,ERR,ERR,ERR,ERR,ERR,ERR,ERR,ERR,ERR,ERR,ERR,ERR,ERR,ERR,ERR,ERR,ERR,ERR,ERR,ERR,ERR,ERR,ERR,ERR,ERR,ERR,ERR,ERR,ERR,ERR,ERR,ERR,ERR,ERR,ERR,ERR,ERR,ERR,ERR,ERR,ERR,ERR,ERR,ERR,ERR,ERR,ERR,ERR,ERR,ERR,ERR,ERR,ERR,ERR,ERR,60.0,60.0,35,0.0,0.0,0.0,0.0,0.0,0.0,0.0,0.0,0.0,0.0,0.0,0.0,0.0,0.0,0.0,0.0,65.2,0,146,69,53,65476,0,65476,1,4,4,20529,65476,0,0,2621,60.0,0.0,0.0,0.0,0.0,0.0
2026-07-09T15:01:12,ERR,ERR,ERR,ERR,ERR,ERR,ERR,ERR,ERR,ERR,ERR,ERR,ERR,ERR,ERR,ERR,ERR,ERR,ERR,ERR,ERR,ERR,ERR,ERR,ERR,ERR,ERR,ERR,ERR,ERR,ERR,ERR,ERR,ERR,ERR,ERR,ERR,ERR,ERR,ERR,ERR,ERR,ERR,ERR,ERR,ERR,ERR,ERR,ERR,ERR,ERR,ERR,ERR,ERR,ERR,ERR,ERR,ERR,ERR,ERR,ERR,ERR,ERR,ERR,ERR,ERR,ERR,ERR,ERR,ERR,ERR,ERR,ERR,ERR,ERR,ERR,ERR,ERR,ERR,ERR,ERR,ERR,ERR,ERR,ERR,ERR,ERR,ERR,ERR,ERR,ERR,ERR,ERR,ERR,ERR,ERR,ERR,ERR,ERR,ERR,ERR,ERR,ERR,ERR,ERR,ERR,ERR,ERR,ERR,ERR,ERR,ERR,ERR,ERR,ERR,ERR,ERR,ERR,ERR,ERR,ERR,ERR,ERR,ERR,ERR,0.0,-0.0,0.0,2.718366610185338e+23,4.0143322213600954e+36,0.0,9212593152.0,-6.458251475846955e+18,0,0,4,17402,7116,0.0,100,0.0,0.0,2.718366610185338e+23,0.0,0.0,0,0,0,0,0.0,0,0,0,0,0,0,0,0,0,0,0,0,0,0,0,0,0,0,0,0,0,0,0,0,0,0,0,0,0,0,0,0,0,31,40,40,71,65476,0,300,0,0,8,21553,0.0,-107605600.0,0.0,0.0,0.0,0.0,0.0,0.0,0.0,0.0,0.0,0.0,0.0,0.0,0.0,0.0,0.0,0.0,0.0,0.0,0.0,0.0,2.004,0.0,0.0,0.0,0.0,0.0,0.0,0.0,4960.0,0.0,6915.0,0.0,0.0,2.004,2.004,0.0,0.0,0.0,0.0,69,-2.3088396621844998e+20,-0.0,0.0,0.0,0.0,0.0,0.0,0.0,0.0,0,0,0,0.0,0.0,0.0,0.0,0.0,0.0,0.0,0.0,0.0,0.0,0.0,0.0,0.0,0.0,0.0,0.0,0,-107875648.0,69,0.0,138,0.0,2.012,ERR,ERR,ERR,ERR,ERR,ERR,ERR,ERR,ERR,ERR,ERR,ERR,ERR,ERR,ERR,ERR,ERR,ERR,ERR,ERR,ERR,ERR,ERR,ERR,ERR,ERR,ERR,ERR,ERR,ERR,ERR,ERR,ERR,ERR,ERR,ERR,ERR,ERR,ERR,ERR,ERR,ERR,ERR,ERR,ERR,ERR,ERR,ERR,ERR,ERR,ERR,ERR,ERR,ERR,ERR,ERR,ERR,ERR,ERR,ERR,ERR,ERR,ERR,ERR,ERR,ERR,ERR,60.0,60.0,35,0.0,0.0,0.0,0.0,0.0,0.0,0.0,0.0,0.0,0.0,0.0,0.0,0.0,0.0,0.0,0.0,65.2,0,146,69,53,65476,0,65476,1,4,4,20529,65476,0,0,2621,60.0,0.0,0.0,0.0,0.0,0.0
2026-07-09T15:01:13,ERR,ERR,ERR,ERR,ERR,ERR,ERR,ERR,ERR,ERR,ERR,ERR,ERR,ERR,ERR,ERR,ERR,ERR,ERR,ERR,ERR,ERR,ERR,ERR,ERR,ERR,ERR,ERR,ERR,ERR,ERR,ERR,ERR,ERR,ERR,ERR,ERR,ERR,ERR,ERR,ERR,ERR,ERR,ERR,ERR,ERR,ERR,ERR,ERR,ERR,ERR,ERR,ERR,ERR,ERR,ERR,ERR,ERR,ERR,ERR,ERR,ERR,ERR,ERR,ERR,ERR,ERR,ERR,ERR,ERR,ERR,ERR,ERR,ERR,ERR,ERR,ERR,ERR,ERR,ERR,ERR,ERR,ERR,ERR,ERR,ERR,ERR,ERR,ERR,ERR,ERR,ERR,ERR,ERR,ERR,ERR,ERR,ERR,ERR,ERR,ERR,ERR,ERR,ERR,ERR,ERR,ERR,ERR,ERR,ERR,ERR,ERR,ERR,ERR,ERR,ERR,ERR,ERR,ERR,ERR,ERR,ERR,ERR,ERR,ERR,0.0,-0.0,0.0,2.718366610185338e+23,4.0143322213600954e+36,0.0,9212593152.0,-6.458251475846955e+18,0,0,4,17402,7116,0.0,100,0.0,0.0,2.718366610185338e+23,0.0,0.0,0,0,0,0,0.0,0,0,0,0,0,0,0,0,0,0,0,0,0,0,0,0,0,0,0,0,0,0,0,0,0,0,0,0,0,0,0,0,0,31,40,40,71,65476,0,300,0,0,8,21553,0.0,-107605600.0,0.0,0.0,0.0,0.0,0.0,0.0,0.0,0.0,0.0,0.0,0.0,0.0,0.0,0.0,0.0,0.0,0.0,0.0,0.0,0.0,2.004,0.0,0.0,0.0,0.0,0.0,0.0,0.0,4960.0,0.0,6915.0,0.0,0.0,2.004,2.004,0.0,0.0,0.0,0.0,69,-2.3088396621844998e+20,-0.0,0.0,0.0,0.0,0.0,0.0,0.0,0.0,0,0,0,0.0,0.0,0.0,0.0,0.0,0.0,0.0,0.0,0.0,0.0,0.0,0.0,0.0,0.0,0.0,0.0,0,-107875648.0,69,0.0,138,0.0,2.012,ERR,ERR,ERR,ERR,ERR,ERR,ERR,ERR,ERR,ERR,ERR,ERR,ERR,ERR,ERR,ERR,ERR,ERR,ERR,ERR,ERR,ERR,ERR,ERR,ERR,ERR,ERR,ERR,ERR,ERR,ERR,ERR,ERR,ERR,ERR,ERR,ERR,ERR,ERR,ERR,ERR,ERR,ERR,ERR,ERR,ERR,ERR,ERR,ERR,ERR,ERR,ERR,ERR,ERR,ERR,ERR,ERR,ERR,ERR,ERR,ERR,ERR,ERR,ERR,ERR,ERR,ERR,60.0,60.0,35,0.0,0.0,0.0,0.0,0.0,0.0,0.0,0.0,0.0,0.0,0.0,0.0,0.0,0.0,0.0,0.0,65.2,0,146,69,53,65476,0,65476,1,4,4,20529,65476,0,0,2621,60.0,0.0,0.0,0.0,0.0,0.0
2026-07-09T15:01:14,ERR,ERR,ERR,ERR,ERR,ERR,ERR,ERR,ERR,ERR,ERR,ERR,ERR,ERR,ERR,ERR,ERR,ERR,ERR,ERR,ERR,ERR,ERR,ERR,ERR,ERR,ERR,ERR,ERR,ERR,ERR,ERR,ERR,ERR,ERR,ERR,ERR,ERR,ERR,ERR,ERR,ERR,ERR,ERR,ERR,ERR,ERR,ERR,ERR,ERR,ERR,ERR,ERR,ERR,ERR,ERR,ERR,ERR,ERR,ERR,ERR,ERR,ERR,ERR,ERR,ERR,ERR,ERR,ERR,ERR,ERR,ERR,ERR,ERR,ERR,ERR,ERR,ERR,ERR,ERR,ERR,ERR,ERR,ERR,ERR,ERR,ERR,ERR,ERR,ERR,ERR,ERR,ERR,ERR,ERR,ERR,ERR,ERR,ERR,ERR,ERR,ERR,ERR,ERR,ERR,ERR,ERR,ERR,ERR,ERR,ERR,ERR,ERR,ERR,ERR,ERR,ERR,ERR,ERR,ERR,ERR,ERR,ERR,ERR,ERR,0.0,-0.0,0.0,2.718366610185338e+23,4.0143322213600954e+36,0.0,9212593152.0,-6.458251475846955e+18,0,0,4,17402,7116,0.0,100,0.0,0.0,2.718366610185338e+23,0.0,0.0,0,0,0,0,0.0,0,0,0,0,0,0,0,0,0,0,0,0,0,0,0,0,0,0,0,0,0,0,0,0,0,0,0,0,0,0,0,0,0,31,40,40,71,65476,0,300,0,0,8,21553,0.0,-107605600.0,0.0,0.0,0.0,0.0,0.0,0.0,0.0,0.0,0.0,0.0,0.0,0.0,0.0,0.0,0.0,0.0,0.0,0.0,0.0,0.0,2.004,0.0,0.0,0.0,0.0,0.0,0.0,0.0,4960.0,0.0,6915.0,0.0,0.0,2.004,2.004,0.0,0.0,0.0,0.0,69,-2.3088396621844998e+20,-0.0,0.0,0.0,0.0,0.0,0.0,0.0,0.0,0,0,0,0.0,0.0,0.0,0.0,0.0,0.0,0.0,0.0,0.0,0.0,0.0,0.0,0.0,0.0,0.0,0.0,0,-107875648.0,69,0.0,138,0.0,2.012,ERR,ERR,ERR,ERR,ERR,ERR,ERR,ERR,ERR,ERR,ERR,ERR,ERR,ERR,ERR,ERR,ERR,ERR,ERR,ERR,ERR,ERR,ERR,ERR,ERR,ERR,ERR,ERR,ERR,ERR,ERR,ERR,ERR,ERR,ERR,ERR,ERR,ERR,ERR,ERR,ERR,ERR,ERR,ERR,ERR,ERR,ERR,ERR,ERR,ERR,ERR,ERR,ERR,ERR,ERR,ERR,ERR,ERR,ERR,ERR,ERR,ERR,ERR,ERR,ERR,ERR,ERR,60.0,60.0,35,0.0,0.0,0.0,0.0,0.0,0.0,0.0,0.0,0.0,0.0,0.0,0.0,0.0,0.0,0.0,0.0,65.2,0,146,69,53,65476,0,65476,1,4,4,20529,65476,0,0,2621,60.0,0.0,0.0,0.0,0.0,0.0
2026-07-09T15:01:15,ERR,ERR,ERR,ERR,ERR,ERR,ERR,ERR,ERR,ERR,ERR,ERR,ERR,ERR,ERR,ERR,ERR,ERR,ERR,ERR,ERR,ERR,ERR,ERR,ERR,ERR,ERR,ERR,ERR,ERR,ERR,ERR,ERR,ERR,ERR,ERR,ERR,ERR,ERR,ERR,ERR,ERR,ERR,ERR,ERR,ERR,ERR,ERR,ERR,ERR,ERR,ERR,ERR,ERR,ERR,ERR,ERR,ERR,ERR,ERR,ERR,ERR,ERR,ERR,ERR,ERR,ERR,ERR,ERR,ERR,ERR,ERR,ERR,ERR,ERR,ERR,ERR,ERR,ERR,ERR,ERR,ERR,ERR,ERR,ERR,ERR,ERR,ERR,ERR,ERR,ERR,ERR,ERR,ERR,ERR,ERR,ERR,ERR,ERR,ERR,ERR,ERR,ERR,ERR,ERR,ERR,ERR,ERR,ERR,ERR,ERR,ERR,ERR,ERR,ERR,ERR,ERR,ERR,ERR,ERR,ERR,ERR,ERR,ERR,ERR,-0.0,-0.0,-0.0,-107612512.0,0.0,8.538369720084442e+25,-4168.906,-0.0,0,0,4,17402,7116,0.0,100,0.0,0.0,-107612512.0,0.0,0.0,0,0,0,0,0.0,0,0,0,0,0,0,0,0,0,0,0,0,0,0,0,0,0,0,0,0,0,0,0,0,0,0,0,0,0,0,0,0,0,31,40,40,71,65476,0,300,0,0,8,21553,0.0,-107605600.0,0.0,0.0,0.0,0.0,0.0,0.0,0.0,0.0,0.0,0.0,0.0,0.0,0.0,0.0,0.0,0.0,0.0,0.0,0.0,0.0,-0.0,-0.0,0.0,0.0,0.0,0.0,0.0,0.0,4986.0,0.0,6914.0,-0.0,0.0,2.004,2.004,0.0,0.0,0.0,0.0,69,-71.63,5.848054890877766e+35,0.0,0.0,0.0,0.0,0.0,0.0,0.0,0,0,0,0.0,0.0,0.0,0.0,0.0,0.0,0.0,0.0,0.0,0.0,0.0,0.0,0.0,0.0,0.0,0.0,0,-107875648.0,69,0.0,138,0.0,2.012,ERR,ERR,ERR,ERR,ERR,ERR,ERR,ERR,ERR,ERR,ERR,ERR,ERR,ERR,ERR,ERR,ERR,ERR,ERR,ERR,ERR,ERR,ERR,ERR,ERR,ERR,ERR,ERR,ERR,ERR,ERR,ERR,ERR,ERR,ERR,ERR,ERR,ERR,ERR,ERR,ERR,ERR,ERR,ERR,ERR,ERR,ERR,ERR,ERR,ERR,ERR,ERR,ERR,ERR,ERR,ERR,ERR,ERR,ERR,ERR,ERR,ERR,ERR,ERR,ERR,ERR,ERR,60.0,60.0,35,0.0,0.0,0.0,0.0,0.0,0.0,0.0,0.0,0.0,0.0,0.0,0.0,0.0,0.0,0.0,0.0,65.2,0,146,69,53,65476,0,65476,1,4,4,20529,65476,0,0,2621,60.0,0.0,0.0,0.0,0.0,0.0
2026-07-09T15:01:16,ERR,ERR,ERR,ERR,ERR,ERR,ERR,ERR,ERR,ERR,ERR,ERR,ERR,ERR,ERR,ERR,ERR,ERR,ERR,ERR,ERR,ERR,ERR,ERR,ERR,ERR,ERR,ERR,ERR,ERR,ERR,ERR,ERR,ERR,ERR,ERR,ERR,ERR,ERR,ERR,ERR,ERR,ERR,ERR,ERR,ERR,ERR,ERR,ERR,ERR,ERR,ERR,ERR,ERR,ERR,ERR,ERR,ERR,ERR,ERR,ERR,ERR,ERR,ERR,ERR,ERR,ERR,ERR,ERR,ERR,ERR,ERR,ERR,ERR,ERR,ERR,ERR,ERR,ERR,ERR,ERR,ERR,ERR,ERR,ERR,ERR,ERR,ERR,ERR,ERR,ERR,ERR,ERR,ERR,ERR,ERR,ERR,ERR,ERR,ERR,ERR,ERR,ERR,ERR,ERR,ERR,ERR,ERR,ERR,ERR,ERR,ERR,ERR,ERR,ERR,ERR,ERR,ERR,ERR,ERR,ERR,ERR,ERR,ERR,ERR,-0.0,-0.0,-0.0,-107612512.0,0.0,8.538369720084442e+25,-4168.906,-0.0,0,0,4,17402,7116,0.0,100,0.0,0.0,-107612512.0,0.0,0.0,0,0,0,0,0.0,0,0,0,0,0,0,0,0,0,0,0,0,0,0,0,0,0,0,0,0,0,0,0,0,0,0,0,0,0,0,0,0,0,31,40,40,71,65476,0,300,0,0,8,21553,0.0,-107605600.0,0.0,0.0,0.0,0.0,0.0,0.0,0.0,0.0,0.0,0.0,0.0,0.0,0.0,0.0,0.0,0.0,0.0,0.0,0.0,0.0,-0.0,-0.0,0.0,0.0,0.0,0.0,0.0,0.0,4986.0,0.0,6914.0,-0.0,0.0,2.004,2.004,0.0,0.0,0.0,0.0,69,-71.63,5.848054890877766e+35,0.0,0.0,0.0,0.0,0.0,0.0,0.0,0,0,0,0.0,0.0,0.0,0.0,0.0,0.0,0.0,0.0,0.0,0.0,0.0,0.0,0.0,0.0,0.0,0.0,0,-107875648.0,69,0.0,138,0.0,2.012,ERR,ERR,ERR,ERR,ERR,ERR,ERR,ERR,ERR,ERR,ERR,ERR,ERR,ERR,ERR,ERR,ERR,ERR,ERR,ERR,ERR,ERR,ERR,ERR,ERR,ERR,ERR,ERR,ERR,ERR,ERR,ERR,ERR,ERR,ERR,ERR,ERR,ERR,ERR,ERR,ERR,ERR,ERR,ERR,ERR,ERR,ERR,ERR,ERR,ERR,ERR,ERR,ERR,ERR,ERR,ERR,ERR,ERR,ERR,ERR,ERR,ERR,ERR,ERR,ERR,ERR,ERR,60.0,60.0,35,0.0,0.0,0.0,0.0,0.0,0.0,0.0,0.0,0.0,0.0,0.0,0.0,0.0,0.0,0.0,0.0,65.2,0,145,69,53,65476,0,65476,1,4,4,20529,65476,0,0,2621,60.0,0.0,0.0,0.0,0.0,0.0
2026-07-09T15:01:17,ERR,ERR,ERR,ERR,ERR,ERR,ERR,ERR,ERR,ERR,ERR,ERR,ERR,ERR,ERR,ERR,ERR,ERR,ERR,ERR,ERR,ERR,ERR,ERR,ERR,ERR,ERR,ERR,ERR,ERR,ERR,ERR,ERR,ERR,ERR,ERR,ERR,ERR,ERR,ERR,ERR,ERR,ERR,ERR,ERR,ERR,ERR,ERR,ERR,ERR,ERR,ERR,ERR,ERR,ERR,ERR,ERR,ERR,ERR,ERR,ERR,ERR,ERR,ERR,ERR,ERR,ERR,ERR,ERR,ERR,ERR,ERR,ERR,ERR,ERR,ERR,ERR,ERR,ERR,ERR,ERR,ERR,ERR,ERR,ERR,ERR,ERR,ERR,ERR,ERR,ERR,ERR,ERR,ERR,ERR,ERR,ERR,ERR,ERR,ERR,ERR,ERR,ERR,ERR,ERR,ERR,ERR,ERR,ERR,ERR,ERR,ERR,ERR,ERR,ERR,ERR,ERR,ERR,ERR,ERR,ERR,ERR,ERR,ERR,ERR,-0.0,-0.0,-0.0,-107612512.0,0.0,8.538369720084442e+25,-4168.906,-0.0,0,0,4,17402,7116,0.0,100,0.0,0.0,-107612512.0,0.0,0.0,0,0,0,0,0.0,0,0,0,0,0,0,0,0,0,0,0,0,0,0,0,0,0,0,0,0,0,0,0,0,0,0,0,0,0,0,0,0,0,31,40,40,71,65476,0,300,0,0,8,21553,0.0,-107605600.0,0.0,0.0,0.0,0.0,0.0,0.0,0.0,0.0,0.0,0.0,0.0,0.0,0.0,0.0,0.0,0.0,0.0,0.0,0.0,0.0,-0.0,-0.0,0.0,0.0,0.0,0.0,0.0,0.0,4986.0,0.0,6914.0,-0.0,0.0,2.004,2.004,0.0,0.0,0.0,0.0,69,-71.63,5.848054890877766e+35,0.0,0.0,0.0,0.0,0.0,0.0,0.0,0,0,0,0.0,0.0,0.0,0.0,0.0,0.0,0.0,0.0,0.0,0.0,0.0,0.0,0.0,0.0,0.0,0.0,0,-107875648.0,69,0.0,138,0.0,2.012,ERR,ERR,ERR,ERR,ERR,ERR,ERR,ERR,ERR,ERR,ERR,ERR,ERR,ERR,ERR,ERR,ERR,ERR,ERR,ERR,ERR,ERR,ERR,ERR,ERR,ERR,ERR,ERR,ERR,ERR,ERR,ERR,ERR,ERR,ERR,ERR,ERR,ERR,ERR,ERR,ERR,ERR,ERR,ERR,ERR,ERR,ERR,ERR,ERR,ERR,ERR,ERR,ERR,ERR,ERR,ERR,ERR,ERR,ERR,ERR,ERR,ERR,ERR,ERR,ERR,ERR,ERR,60.0,60.0,35,0.0,0.0,0.0,0.0,0.0,0.0,0.0,0.0,0.0,0.0,0.0,0.0,0.0,0.0,0.0,0.0,65.2,0,145,69,53,65476,0,65476,1,4,4,20529,65476,0,0,2621,60.0,0.0,0.0,0.0,0.0,0.0
2026-07-09T15:01:18,ERR,ERR,ERR,ERR,ERR,ERR,ERR,ERR,ERR,ERR,ERR,ERR,ERR,ERR,ERR,ERR,ERR,ERR,ERR,ERR,ERR,ERR,ERR,ERR,ERR,ERR,ERR,ERR,ERR,ERR,ERR,ERR,ERR,ERR,ERR,ERR,ERR,ERR,ERR,ERR,ERR,ERR,ERR,ERR,ERR,ERR,ERR,ERR,ERR,ERR,ERR,ERR,ERR,ERR,ERR,ERR,ERR,ERR,ERR,ERR,ERR,ERR,ERR,ERR,ERR,ERR,ERR,ERR,ERR,ERR,ERR,ERR,ERR,ERR,ERR,ERR,ERR,ERR,ERR,ERR,ERR,ERR,ERR,ERR,ERR,ERR,ERR,ERR,ERR,ERR,ERR,ERR,ERR,ERR,ERR,ERR,ERR,ERR,ERR,ERR,ERR,ERR,ERR,ERR,ERR,ERR,ERR,ERR,ERR,ERR,ERR,ERR,ERR,ERR,ERR,ERR,ERR,ERR,ERR,ERR,ERR,ERR,ERR,ERR,ERR,-0.0,-0.0,-0.0,-107612512.0,0.0,8.538369720084442e+25,-4168.906,-0.0,0,0,4,17402,7116,0.0,100,0.0,0.0,-107612512.0,0.0,0.0,0,0,0,0,0.0,0,0,0,0,0,0,0,0,0,0,0,0,0,0,0,0,0,0,0,0,0,0,0,0,0,0,0,0,0,0,0,0,0,31,40,40,71,65476,0,300,0,0,8,21553,0.0,-107605600.0,0.0,0.0,0.0,0.0,0.0,0.0,0.0,0.0,0.0,0.0,0.0,0.0,0.0,0.0,0.0,0.0,0.0,0.0,0.0,0.0,-0.0,-0.0,0.0,0.0,0.0,0.0,0.0,0.0,4986.0,0.0,6914.0,-0.0,0.0,2.004,2.004,0.0,0.0,0.0,0.0,69,-71.63,5.848054890877766e+35,0.0,0.0,0.0,0.0,0.0,0.0,0.0,0,0,0,0.0,0.0,0.0,0.0,0.0,0.0,0.0,0.0,0.0,0.0,0.0,0.0,0.0,0.0,0.0,0.0,0,-107875648.0,69,0.0,138,0.0,2.012,ERR,ERR,ERR,ERR,ERR,ERR,ERR,ERR,ERR,ERR,ERR,ERR,ERR,ERR,ERR,ERR,ERR,ERR,ERR,ERR,ERR,ERR,ERR,ERR,ERR,ERR,ERR,ERR,ERR,ERR,ERR,ERR,ERR,ERR,ERR,ERR,ERR,ERR,ERR,ERR,ERR,ERR,ERR,ERR,ERR,ERR,ERR,ERR,ERR,ERR,ERR,ERR,ERR,ERR,ERR,ERR,ERR,ERR,ERR,ERR,ERR,ERR,ERR,ERR,ERR,ERR,ERR,60.0,60.0,35,0.0,0.0,0.0,0.0,0.0,0.0,0.0,0.0,0.0,0.0,0.0,0.0,0.0,0.0,0.0,0.0,65.2,0,145,69,53,65476,0,65476,1,4,4,20529,65476,0,0,2621,60.0,0.0,0.0,0.0,0.0,0.0
2026-07-09T15:01:19,ERR,ERR,ERR,ERR,ERR,ERR,ERR,ERR,ERR,ERR,ERR,ERR,ERR,ERR,ERR,ERR,ERR,ERR,ERR,ERR,ERR,ERR,ERR,ERR,ERR,ERR,ERR,ERR,ERR,ERR,ERR,ERR,ERR,ERR,ERR,ERR,ERR,ERR,ERR,ERR,ERR,ERR,ERR,ERR,ERR,ERR,ERR,ERR,ERR,ERR,ERR,ERR,ERR,ERR,ERR,ERR,ERR,ERR,ERR,ERR,ERR,ERR,ERR,ERR,ERR,ERR,ERR,ERR,ERR,ERR,ERR,ERR,ERR,ERR,ERR,ERR,ERR,ERR,ERR,ERR,ERR,ERR,ERR,ERR,ERR,ERR,ERR,ERR,ERR,ERR,ERR,ERR,ERR,ERR,ERR,ERR,ERR,ERR,ERR,ERR,ERR,ERR,ERR,ERR,ERR,ERR,ERR,ERR,ERR,ERR,ERR,ERR,ERR,ERR,ERR,ERR,ERR,ERR,ERR,ERR,ERR,ERR,ERR,ERR,ERR,-0.0,-0.0,-0.0,-107612512.0,0.0,8.538369720084442e+25,-4168.906,-0.0,0,0,4,17402,7116,0.0,100,0.0,0.0,-107612512.0,0.0,0.0,0,0,0,0,0.0,0,0,0,0,0,0,0,0,0,0,0,0,0,0,0,0,0,0,0,0,0,0,0,0,0,0,0,0,0,0,0,0,0,31,40,40,71,65476,0,300,0,0,8,21553,0.0,-107605600.0,0.0,0.0,0.0,0.0,0.0,0.0,0.0,0.0,0.0,0.0,0.0,0.0,0.0,0.0,0.0,0.0,0.0,0.0,0.0,0.0,-0.0,-0.0,0.0,0.0,0.0,0.0,0.0,0.0,4986.0,0.0,6914.0,-0.0,0.0,2.004,2.004,0.0,0.0,0.0,0.0,69,-71.63,5.848054890877766e+35,0.0,0.0,0.0,0.0,0.0,0.0,0.0,0,0,0,0.0,0.0,0.0,0.0,0.0,0.0,0.0,0.0,0.0,0.0,0.0,0.0,0.0,0.0,0.0,0.0,0,-107875648.0,69,0.0,138,0.0,2.012,ERR,ERR,ERR,ERR,ERR,ERR,ERR,ERR,ERR,ERR,ERR,ERR,ERR,ERR,ERR,ERR,ERR,ERR,ERR,ERR,ERR,ERR,ERR,ERR,ERR,ERR,ERR,ERR,ERR,ERR,ERR,ERR,ERR,ERR,ERR,ERR,ERR,ERR,ERR,ERR,ERR,ERR,ERR,ERR,ERR,ERR,ERR,ERR,ERR,ERR,ERR,ERR,ERR,ERR,ERR,ERR,ERR,ERR,ERR,ERR,ERR,ERR,ERR,ERR,ERR,ERR,ERR,60.0,60.0,35,0.0,0.0,0.0,0.0,0.0,0.0,0.0,0.0,0.0,0.0,0.0,0.0,0.0,0.0,0.0,0.0,65.2,0,145,69,53,65476,0,65476,1,4,4,20529,65476,0,0,2621,60.0,0.0,0.0,0.0,0.0,0.0
2026-07-09T15:01:20,ERR,ERR,ERR,ERR,ERR,ERR,ERR,ERR,ERR,ERR,ERR,ERR,ERR,ERR,ERR,ERR,ERR,ERR,ERR,ERR,ERR,ERR,ERR,ERR,ERR,ERR,ERR,ERR,ERR,ERR,ERR,ERR,ERR,ERR,ERR,ERR,ERR,ERR,ERR,ERR,ERR,ERR,ERR,ERR,ERR,ERR,ERR,ERR,ERR,ERR,ERR,ERR,ERR,ERR,ERR,ERR,ERR,ERR,ERR,ERR,ERR,ERR,ERR,ERR,ERR,ERR,ERR,ERR,ERR,ERR,ERR,ERR,ERR,ERR,ERR,ERR,ERR,ERR,ERR,ERR,ERR,ERR,ERR,ERR,ERR,ERR,ERR,ERR,ERR,ERR,ERR,ERR,ERR,ERR,ERR,ERR,ERR,ERR,ERR,ERR,ERR,ERR,ERR,ERR,ERR,ERR,ERR,ERR,ERR,ERR,ERR,ERR,ERR,ERR,ERR,ERR,ERR,ERR,ERR,ERR,ERR,ERR,ERR,ERR,ERR,-0.0,2.718442090515093e+23,0.0,2.718366610185338e+23,0.0,-4.842471855432082e+21,9158816432128.0,7.67728631888467e+31,0,0,4,17400,7116,0.0,100,0.0,0.0,2.718366610185338e+23,0.0,0.0,0,0,0,0,0.0,0,0,0,0,0,0,0,0,0,0,0,0,0,0,0,0,0,0,0,0,0,0,0,0,0,0,0,0,0,0,0,0,0,31,40,40,71,65476,0,300,0,0,8,21553,0.0,-107605600.0,0.0,0.0,0.0,0.0,0.0,0.0,0.0,0.0,0.0,0.0,0.0,0.0,0.0,0.0,0.0,0.0,0.0,0.0,0.0,0.0,-0.0,-2.004,0.0,0.0,0.0,0.0,0.0,0.0,4950.0,-2.4229873280715295e+24,6941.0,-0.0,0.0,2.004,2.004,0.0,0.0,0.0,0.0,69,-0.0,89220.547,0.0,0.0,0.0,0.0,0.0,0.0,0.0,0,0,0,0.0,0.0,0.0,0.0,0.0,0.0,0.0,0.0,0.0,0.0,0.0,0.0,0.0,0.0,0.0,0.0,0,-107875648.0,69,0.0,138,0.0,2.012,ERR,ERR,ERR,ERR,ERR,ERR,ERR,ERR,ERR,ERR,ERR,ERR,ERR,ERR,ERR,ERR,ERR,ERR,ERR,ERR,ERR,ERR,ERR,ERR,ERR,ERR,ERR,ERR,ERR,ERR,ERR,ERR,ERR,ERR,ERR,ERR,ERR,ERR,ERR,ERR,ERR,ERR,ERR,ERR,ERR,ERR,ERR,ERR,ERR,ERR,ERR,ERR,ERR,ERR,ERR,ERR,ERR,ERR,ERR,ERR,ERR,ERR,ERR,ERR,ERR,ERR,ERR,60.0,60.0,35,0.0,0.0,0.0,0.0,0.0,0.0,0.0,0.0,0.0,0.0,0.0,0.0,0.0,0.0,0.0,0.0,65.2,0,145,69,53,65476,0,65476,1,4,4,20529,65476,0,0,2621,60.0,0.0,0.0,0.0,0.0,0.0
2026-07-09T15:01:21,ERR,ERR,ERR,ERR,ERR,ERR,ERR,ERR,ERR,ERR,ERR,ERR,ERR,ERR,ERR,ERR,ERR,ERR,ERR,ERR,ERR,ERR,ERR,ERR,ERR,ERR,ERR,ERR,ERR,ERR,ERR,ERR,ERR,ERR,ERR,ERR,ERR,ERR,ERR,ERR,ERR,ERR,ERR,ERR,ERR,ERR,ERR,ERR,ERR,ERR,ERR,ERR,ERR,ERR,ERR,ERR,ERR,ERR,ERR,ERR,ERR,ERR,ERR,ERR,ERR,ERR,ERR,ERR,ERR,ERR,ERR,ERR,ERR,ERR,ERR,ERR,ERR,ERR,ERR,ERR,ERR,ERR,ERR,ERR,ERR,ERR,ERR,ERR,ERR,ERR,ERR,ERR,ERR,ERR,ERR,ERR,ERR,ERR,ERR,ERR,ERR,ERR,ERR,ERR,ERR,ERR,ERR,ERR,ERR,ERR,ERR,ERR,ERR,ERR,ERR,ERR,ERR,ERR,ERR,ERR,ERR,ERR,ERR,ERR,ERR,-0.0,2.718442090515093e+23,0.0,2.718366610185338e+23,0.0,-4.842471855432082e+21,9158816432128.0,7.67728631888467e+31,0,0,4,17400,7116,0.0,100,0.0,0.0,2.718366610185338e+23,0.0,0.0,0,0,0,0,0.0,0,0,0,0,0,0,0,0,0,0,0,0,0,0,0,0,0,0,0,0,0,0,0,0,0,0,0,0,0,0,0,0,0,31,40,40,71,65476,0,300,0,0,8,21553,0.0,-107605600.0,0.0,0.0,0.0,0.0,0.0,0.0,0.0,0.0,0.0,0.0,0.0,0.0,0.0,0.0,0.0,0.0,0.0,0.0,0.0,0.0,-0.0,-2.004,0.0,0.0,0.0,0.0,0.0,0.0,4950.0,-2.4229873280715295e+24,6941.0,-0.0,0.0,2.004,2.004,0.0,0.0,0.0,0.0,69,-0.0,89220.547,0.0,0.0,0.0,0.0,0.0,0.0,0.0,0,0,0,0.0,0.0,0.0,0.0,0.0,0.0,0.0,0.0,0.0,0.0,0.0,0.0,0.0,0.0,0.0,0.0,0,-107875648.0,69,0.0,138,0.0,2.012,ERR,ERR,ERR,ERR,ERR,ERR,ERR,ERR,ERR,ERR,ERR,ERR,ERR,ERR,ERR,ERR,ERR,ERR,ERR,ERR,ERR,ERR,ERR,ERR,ERR,ERR,ERR,ERR,ERR,ERR,ERR,ERR,ERR,ERR,ERR,ERR,ERR,ERR,ERR,ERR,ERR,ERR,ERR,ERR,ERR,ERR,ERR,ERR,ERR,ERR,ERR,ERR,ERR,ERR,ERR,ERR,ERR,ERR,ERR,ERR,ERR,ERR,ERR,ERR,ERR,ERR,ERR,60.0,60.0,35,0.0,0.0,0.0,0.0,0.0,0.0,0.0,0.0,0.0,0.0,0.0,0.0,0.0,0.0,0.0,0.0,65.2,0,145,69,53,65476,0,65476,1,4,4,20529,65476,0,0,2621,60.0,0.0,0.0,0.0,0.0,0.0
2026-07-09T15:01:22,ERR,ERR,ERR,ERR,ERR,ERR,ERR,ERR,ERR,ERR,ERR,ERR,ERR,ERR,ERR,ERR,ERR,ERR,ERR,ERR,ERR,ERR,ERR,ERR,ERR,ERR,ERR,ERR,ERR,ERR,ERR,ERR,ERR,ERR,ERR,ERR,ERR,ERR,ERR,ERR,ERR,ERR,ERR,ERR,ERR,ERR,ERR,ERR,ERR,ERR,ERR,ERR,ERR,ERR,ERR,ERR,ERR,ERR,ERR,ERR,ERR,ERR,ERR,ERR,ERR,ERR,ERR,ERR,ERR,ERR,ERR,ERR,ERR,ERR,ERR,ERR,ERR,ERR,ERR,ERR,ERR,ERR,ERR,ERR,ERR,ERR,ERR,ERR,ERR,ERR,ERR,ERR,ERR,ERR,ERR,ERR,ERR,ERR,ERR,ERR,ERR,ERR,ERR,ERR,ERR,ERR,ERR,ERR,ERR,ERR,ERR,ERR,ERR,ERR,ERR,ERR,ERR,ERR,ERR,ERR,ERR,ERR,ERR,ERR,ERR,-0.0,2.718442090515093e+23,0.0,2.718366610185338e+23,0.0,-4.842471855432082e+21,9158816432128.0,7.67728631888467e+31,0,0,4,17400,7116,0.0,100,0.0,0.0,2.718366610185338e+23,0.0,0.0,0,0,0,0,0.0,0,0,0,0,0,0,0,0,0,0,0,0,0,0,0,0,0,0,0,0,0,0,0,0,0,0,0,0,0,0,0,0,0,31,40,40,71,65476,0,300,0,0,8,21553,0.0,-107605600.0,0.0,0.0,0.0,0.0,0.0,0.0,0.0,0.0,0.0,0.0,0.0,0.0,0.0,0.0,0.0,0.0,0.0,0.0,0.0,0.0,-0.0,-2.004,0.0,0.0,0.0,0.0,0.0,0.0,4950.0,-2.4229873280715295e+24,6941.0,-0.0,0.0,2.004,2.004,0.0,0.0,0.0,0.0,69,-0.0,89220.547,0.0,0.0,0.0,0.0,0.0,0.0,0.0,0,0,0,0.0,0.0,0.0,0.0,0.0,0.0,0.0,0.0,0.0,0.0,0.0,0.0,0.0,0.0,0.0,0.0,0,-107875648.0,69,0.0,138,0.0,2.012,ERR,ERR,ERR,ERR,ERR,ERR,ERR,ERR,ERR,ERR,ERR,ERR,ERR,ERR,ERR,ERR,ERR,ERR,ERR,ERR,ERR,ERR,ERR,ERR,ERR,ERR,ERR,ERR,ERR,ERR,ERR,ERR,ERR,ERR,ERR,ERR,ERR,ERR,ERR,ERR,ERR,ERR,ERR,ERR,ERR,ERR,ERR,ERR,ERR,ERR,ERR,ERR,ERR,ERR,ERR,ERR,ERR,ERR,ERR,ERR,ERR,ERR,ERR,ERR,ERR,ERR,ERR,60.0,60.0,35,0.0,0.0,0.0,0.0,0.0,0.0,0.0,0.0,0.0,0.0,0.0,0.0,0.0,0.0,0.0,0.0,65.2,0,145,69,53,65476,0,65476,1,4,4,20529,65476,0,0,2621,60.0,0.0,0.0,0.0,0.0,0.0
2026-07-09T15:01:23,ERR,ERR,ERR,ERR,ERR,ERR,ERR,ERR,ERR,ERR,ERR,ERR,ERR,ERR,ERR,ERR,ERR,ERR,ERR,ERR,ERR,ERR,ERR,ERR,ERR,ERR,ERR,ERR,ERR,ERR,ERR,ERR,ERR,ERR,ERR,ERR,ERR,ERR,ERR,ERR,ERR,ERR,ERR,ERR,ERR,ERR,ERR,ERR,ERR,ERR,ERR,ERR,ERR,ERR,ERR,ERR,ERR,ERR,ERR,ERR,ERR,ERR,ERR,ERR,ERR,ERR,ERR,ERR,ERR,ERR,ERR,ERR,ERR,ERR,ERR,ERR,ERR,ERR,ERR,ERR,ERR,ERR,ERR,ERR,ERR,ERR,ERR,ERR,ERR,ERR,ERR,ERR,ERR,ERR,ERR,ERR,ERR,ERR,ERR,ERR,ERR,ERR,ERR,ERR,ERR,ERR,ERR,ERR,ERR,ERR,ERR,ERR,ERR,ERR,ERR,ERR,ERR,ERR,ERR,ERR,ERR,ERR,ERR,ERR,ERR,-0.0,2.718442090515093e+23,0.0,2.718366610185338e+23,0.0,-4.842471855432082e+21,9158816432128.0,7.67728631888467e+31,0,0,4,17400,7116,0.0,100,0.0,0.0,2.718366610185338e+23,0.0,0.0,0,0,0,0,0.0,0,0,0,0,0,0,0,0,0,0,0,0,0,0,0,0,0,0,0,0,0,0,0,0,0,0,0,0,0,0,0,0,0,31,40,40,71,65476,0,300,0,0,8,21553,0.0,-107605600.0,0.0,0.0,0.0,0.0,0.0,0.0,0.0,0.0,0.0,0.0,0.0,0.0,0.0,0.0,0.0,0.0,0.0,0.0,0.0,0.0,-0.0,-2.004,0.0,0.0,0.0,0.0,0.0,0.0,4950.0,-2.4229873280715295e+24,6941.0,-0.0,0.0,2.004,2.004,0.0,0.0,0.0,0.0,69,-0.0,89220.547,0.0,0.0,0.0,0.0,0.0,0.0,0.0,0,0,0,0.0,0.0,0.0,0.0,0.0,0.0,0.0,0.0,0.0,0.0,0.0,0.0,0.0,0.0,0.0,0.0,0,-107875648.0,69,0.0,138,0.0,2.012,ERR,ERR,ERR,ERR,ERR,ERR,ERR,ERR,ERR,ERR,ERR,ERR,ERR,ERR,ERR,ERR,ERR,ERR,ERR,ERR,ERR,ERR,ERR,ERR,ERR,ERR,ERR,ERR,ERR,ERR,ERR,ERR,ERR,ERR,ERR,ERR,ERR,ERR,ERR,ERR,ERR,ERR,ERR,ERR,ERR,ERR,ERR,ERR,ERR,ERR,ERR,ERR,ERR,ERR,ERR,ERR,ERR,ERR,ERR,ERR,ERR,ERR,ERR,ERR,ERR,ERR,ERR,60.0,60.0,35,0.0,0.0,0.0,0.0,0.0,0.0,0.0,0.0,0.0,0.0,0.0,0.0,0.0,0.0,0.0,0.0,65.2,0,145,69,53,65476,0,65476,1,4,4,20529,65476,0,0,2621,60.0,0.0,0.0,0.0,0.0,0.0
2026-07-09T15:01:24,ERR,ERR,ERR,ERR,ERR,ERR,ERR,ERR,ERR,ERR,ERR,ERR,ERR,ERR,ERR,ERR,ERR,ERR,ERR,ERR,ERR,ERR,ERR,ERR,ERR,ERR,ERR,ERR,ERR,ERR,ERR,ERR,ERR,ERR,ERR,ERR,ERR,ERR,ERR,ERR,ERR,ERR,ERR,ERR,ERR,ERR,ERR,ERR,ERR,ERR,ERR,ERR,ERR,ERR,ERR,ERR,ERR,ERR,ERR,ERR,ERR,ERR,ERR,ERR,ERR,ERR,ERR,ERR,ERR,ERR,ERR,ERR,ERR,ERR,ERR,ERR,ERR,ERR,ERR,ERR,ERR,ERR,ERR,ERR,ERR,ERR,ERR,ERR,ERR,ERR,ERR,ERR,ERR,ERR,ERR,ERR,ERR,ERR,ERR,ERR,ERR,ERR,ERR,ERR,ERR,ERR,ERR,ERR,ERR,ERR,ERR,ERR,ERR,ERR,ERR,ERR,ERR,ERR,ERR,ERR,ERR,ERR,ERR,ERR,ERR,-0.0,2.718442090515093e+23,0.0,2.718366610185338e+23,0.0,-4.842471855432082e+21,9158816432128.0,7.67728631888467e+31,0,0,4,17400,7116,0.0,100,0.0,0.0,2.718366610185338e+23,0.0,0.0,0,0,0,0,0.0,0,0,0,0,0,0,0,0,0,0,0,0,0,0,0,0,0,0,0,0,0,0,0,0,0,0,0,0,0,0,0,0,0,31,40,40,71,65476,0,300,0,0,8,21553,0.0,-107605600.0,0.0,0.0,0.0,0.0,0.0,0.0,0.0,0.0,0.0,0.0,0.0,0.0,0.0,0.0,0.0,0.0,0.0,0.0,0.0,0.0,-0.0,-2.004,0.0,0.0,0.0,0.0,0.0,0.0,4950.0,-2.4229873280715295e+24,6941.0,-0.0,0.0,2.004,2.004,0.0,0.0,0.0,0.0,69,-0.0,89220.547,0.0,0.0,0.0,0.0,0.0,0.0,0.0,0,0,0,0.0,0.0,0.0,0.0,0.0,0.0,0.0,0.0,0.0,0.0,0.0,0.0,0.0,0.0,0.0,0.0,0,-107875648.0,69,0.0,138,0.0,2.012,ERR,ERR,ERR,ERR,ERR,ERR,ERR,ERR,ERR,ERR,ERR,ERR,ERR,ERR,ERR,ERR,ERR,ERR,ERR,ERR,ERR,ERR,ERR,ERR,ERR,ERR,ERR,ERR,ERR,ERR,ERR,ERR,ERR,ERR,ERR,ERR,ERR,ERR,ERR,ERR,ERR,ERR,ERR,ERR,ERR,ERR,ERR,ERR,ERR,ERR,ERR,ERR,ERR,ERR,ERR,ERR,ERR,ERR,ERR,ERR,ERR,ERR,ERR,ERR,ERR,ERR,ERR,60.0,60.0,35,0.0,0.0,0.0,0.0,0.0,0.0,0.0,0.0,0.0,0.0,0.0,0.0,0.0,0.0,0.0,0.0,65.2,0,144,69,53,65476,0,65476,1,4,4,20529,65476,0,0,2621,60.0,0.0,0.0,0.0,0.0,0.0
2026-07-09T15:01:25,ERR,ERR,ERR,ERR,ERR,ERR,ERR,ERR,ERR,ERR,ERR,ERR,ERR,ERR,ERR,ERR,ERR,ERR,ERR,ERR,ERR,ERR,ERR,ERR,ERR,ERR,ERR,ERR,ERR,ERR,ERR,ERR,ERR,ERR,ERR,ERR,ERR,ERR,ERR,ERR,ERR,ERR,ERR,ERR,ERR,ERR,ERR,ERR,ERR,ERR,ERR,ERR,ERR,ERR,ERR,ERR,ERR,ERR,ERR,ERR,ERR,ERR,ERR,ERR,ERR,ERR,ERR,ERR,ERR,ERR,ERR,ERR,ERR,ERR,ERR,ERR,ERR,ERR,ERR,ERR,ERR,ERR,ERR,ERR,ERR,ERR,ERR,ERR,ERR,ERR,ERR,ERR,ERR,ERR,ERR,ERR,ERR,ERR,ERR,ERR,ERR,ERR,ERR,ERR,ERR,ERR,ERR,ERR,ERR,ERR,ERR,ERR,ERR,ERR,ERR,ERR,ERR,ERR,ERR,ERR,ERR,ERR,ERR,ERR,ERR,-0.0,-0.0,-0.0,2.718366610185338e+23,-1.5599844459812912e+34,-0.0,0.0,218368496.0,0,0,4,17392,7116,0.0,100,0.0,0.0,2.718366610185338e+23,0.0,0.0,0,0,0,0,0.0,0,0,0,0,0,0,0,0,0,0,0,0,0,0,0,0,0,0,0,0,0,0,0,0,0,0,0,0,0,0,0,0,0,31,40,40,71,65476,0,300,0,0,8,21553,0.0,-107605600.0,0.0,0.0,0.0,0.0,0.0,0.0,0.0,0.0,0.0,0.0,0.0,0.0,0.0,0.0,0.0,0.0,0.0,0.0,0.0,0.0,-0.0,2.004,0.0,0.0,0.0,0.0,0.0,0.0,4949.0,-1.0406651332689642e+34,6943.0,-0.0,0.0,2.004,2.004,0.0,0.0,0.0,0.0,69,-0.0,1.905685579169792e+17,0.0,0.0,0.0,0.0,0.0,0.0,0.0,0,0,0,0.0,0.0,0.0,0.0,0.0,0.0,0.0,0.0,0.0,0.0,0.0,0.0,0.0,0.0,0.0,0.0,0,-107875648.0,69,0.0,138,0.0,2.012,ERR,ERR,ERR,ERR,ERR,ERR,ERR,ERR,ERR,ERR,ERR,ERR,ERR,ERR,ERR,ERR,ERR,ERR,ERR,ERR,ERR,ERR,ERR,ERR,ERR,ERR,ERR,ERR,ERR,ERR,ERR,ERR,ERR,ERR,ERR,ERR,ERR,ERR,ERR,ERR,ERR,ERR,ERR,ERR,ERR,ERR,ERR,ERR,ERR,ERR,ERR,ERR,ERR,ERR,ERR,ERR,ERR,ERR,ERR,ERR,ERR,ERR,ERR,ERR,ERR,ERR,ERR,60.0,60.0,35,0.0,0.0,0.0,0.0,0.0,0.0,0.0,0.0,0.0,0.0,0.0,0.0,0.0,0.0,0.0,0.0,65.2,0,144,69,53,65476,0,65476,1,4,4,20529,65476,0,0,2621,60.0,0.0,0.0,0.0,0.0,0.0
2026-07-09T15:01:26,ERR,ERR,ERR,ERR,ERR,ERR,ERR,ERR,ERR,ERR,ERR,ERR,ERR,ERR,ERR,ERR,ERR,ERR,ERR,ERR,ERR,ERR,ERR,ERR,ERR,ERR,ERR,ERR,ERR,ERR,ERR,ERR,ERR,ERR,ERR,ERR,ERR,ERR,ERR,ERR,ERR,ERR,ERR,ERR,ERR,ERR,ERR,ERR,ERR,ERR,ERR,ERR,ERR,ERR,ERR,ERR,ERR,ERR,ERR,ERR,ERR,ERR,ERR,ERR,ERR,ERR,ERR,ERR,ERR,ERR,ERR,ERR,ERR,ERR,ERR,ERR,ERR,ERR,ERR,ERR,ERR,ERR,ERR,ERR,ERR,ERR,ERR,ERR,ERR,ERR,ERR,ERR,ERR,ERR,ERR,ERR,ERR,ERR,ERR,ERR,ERR,ERR,ERR,ERR,ERR,ERR,ERR,ERR,ERR,ERR,ERR,ERR,ERR,ERR,ERR,ERR,ERR,ERR,ERR,ERR,ERR,ERR,ERR,ERR,ERR,-0.0,-0.0,-0.0,2.718366610185338e+23,-1.5599844459812912e+34,-0.0,0.0,218368496.0,0,0,4,17392,7116,0.0,100,0.0,0.0,2.718366610185338e+23,0.0,0.0,0,0,0,0,0.0,0,0,0,0,0,0,0,0,0,0,0,0,0,0,0,0,0,0,0,0,0,0,0,0,0,0,0,0,0,0,0,0,0,31,40,40,71,65476,0,300,0,0,8,21553,0.0,-107605600.0,0.0,0.0,0.0,0.0,0.0,0.0,0.0,0.0,0.0,0.0,0.0,0.0,0.0,0.0,0.0,0.0,0.0,0.0,0.0,0.0,-0.0,2.004,0.0,0.0,0.0,0.0,0.0,0.0,4949.0,-1.0406651332689642e+34,6943.0,-0.0,0.0,2.004,2.004,0.0,0.0,0.0,0.0,69,-0.0,1.905685579169792e+17,0.0,0.0,0.0,0.0,0.0,0.0,0.0,0,0,0,0.0,0.0,0.0,0.0,0.0,0.0,0.0,0.0,0.0,0.0,0.0,0.0,0.0,0.0,0.0,0.0,0,-107875648.0,69,0.0,138,0.0,2.012,ERR,ERR,ERR,ERR,ERR,ERR,ERR,ERR,ERR,ERR,ERR,ERR,ERR,ERR,ERR,ERR,ERR,ERR,ERR,ERR,ERR,ERR,ERR,ERR,ERR,ERR,ERR,ERR,ERR,ERR,ERR,ERR,ERR,ERR,ERR,ERR,ERR,ERR,ERR,ERR,ERR,ERR,ERR,ERR,ERR,ERR,ERR,ERR,ERR,ERR,ERR,ERR,ERR,ERR,ERR,ERR,ERR,ERR,ERR,ERR,ERR,ERR,ERR,ERR,ERR,ERR,ERR,60.0,60.0,35,0.0,0.0,0.0,0.0,0.0,0.0,0.0,0.0,0.0,0.0,0.0,0.0,0.0,0.0,0.0,0.0,65.2,0,144,69,53,65476,0,65476,1,4,4,20529,65476,0,0,2621,60.0,0.0,0.0,0.0,0.0,0.0
2026-07-09T15:01:27,ERR,ERR,ERR,ERR,ERR,ERR,ERR,ERR,ERR,ERR,ERR,ERR,ERR,ERR,ERR,ERR,ERR,ERR,ERR,ERR,ERR,ERR,ERR,ERR,ERR,ERR,ERR,ERR,ERR,ERR,ERR,ERR,ERR,ERR,ERR,ERR,ERR,ERR,ERR,ERR,ERR,ERR,ERR,ERR,ERR,ERR,ERR,ERR,ERR,ERR,ERR,ERR,ERR,ERR,ERR,ERR,ERR,ERR,ERR,ERR,ERR,ERR,ERR,ERR,ERR,ERR,ERR,ERR,ERR,ERR,ERR,ERR,ERR,ERR,ERR,ERR,ERR,ERR,ERR,ERR,ERR,ERR,ERR,ERR,ERR,ERR,ERR,ERR,ERR,ERR,ERR,ERR,ERR,ERR,ERR,ERR,ERR,ERR,ERR,ERR,ERR,ERR,ERR,ERR,ERR,ERR,ERR,ERR,ERR,ERR,ERR,ERR,ERR,ERR,ERR,ERR,ERR,ERR,ERR,ERR,ERR,ERR,ERR,ERR,ERR,-0.0,-0.0,-0.0,2.718366610185338e+23,-1.5599844459812912e+34,-0.0,0.0,218368496.0,0,0,4,17392,7116,0.0,100,0.0,0.0,2.718366610185338e+23,0.0,0.0,0,0,0,0,0.0,0,0,0,0,0,0,0,0,0,0,0,0,0,0,0,0,0,0,0,0,0,0,0,0,0,0,0,0,0,0,0,0,0,31,40,40,71,65476,0,300,0,0,8,21553,0.0,-107605600.0,0.0,0.0,0.0,0.0,0.0,0.0,0.0,0.0,0.0,0.0,0.0,0.0,0.0,0.0,0.0,0.0,0.0,0.0,0.0,0.0,-0.0,2.004,0.0,0.0,0.0,0.0,0.0,0.0,4949.0,-1.0406651332689642e+34,6943.0,-0.0,0.0,2.004,2.004,0.0,0.0,0.0,0.0,69,-0.0,1.905685579169792e+17,0.0,0.0,0.0,0.0,0.0,0.0,0.0,0,0,0,0.0,0.0,0.0,0.0,0.0,0.0,0.0,0.0,0.0,0.0,0.0,0.0,0.0,0.0,0.0,0.0,0,-107875648.0,69,0.0,138,0.0,2.012,ERR,ERR,ERR,ERR,ERR,ERR,ERR,ERR,ERR,ERR,ERR,ERR,ERR,ERR,ERR,ERR,ERR,ERR,ERR,ERR,ERR,ERR,ERR,ERR,ERR,ERR,ERR,ERR,ERR,ERR,ERR,ERR,ERR,ERR,ERR,ERR,ERR,ERR,ERR,ERR,ERR,ERR,ERR,ERR,ERR,ERR,ERR,ERR,ERR,ERR,ERR,ERR,ERR,ERR,ERR,ERR,ERR,ERR,ERR,ERR,ERR,ERR,ERR,ERR,ERR,ERR,ERR,60.0,60.0,35,0.0,0.0,0.0,0.0,0.0,0.0,0.0,0.0,0.0,0.0,0.0,0.0,0.0,0.0,0.0,0.0,65.2,0,144,69,53,65476,0,65476,1,4,4,20529,65476,0,0,2621,60.0,0.0,0.0,0.0,0.0,0.0
2026-07-09T15:01:28,ERR,ERR,ERR,ERR,ERR,ERR,ERR,ERR,ERR,ERR,ERR,ERR,ERR,ERR,ERR,ERR,ERR,ERR,ERR,ERR,ERR,ERR,ERR,ERR,ERR,ERR,ERR,ERR,ERR,ERR,ERR,ERR,ERR,ERR,ERR,ERR,ERR,ERR,ERR,ERR,ERR,ERR,ERR,ERR,ERR,ERR,ERR,ERR,ERR,ERR,ERR,ERR,ERR,ERR,ERR,ERR,ERR,ERR,ERR,ERR,ERR,ERR,ERR,ERR,ERR,ERR,ERR,ERR,ERR,ERR,ERR,ERR,ERR,ERR,ERR,ERR,ERR,ERR,ERR,ERR,ERR,ERR,ERR,ERR,ERR,ERR,ERR,ERR,ERR,ERR,ERR,ERR,ERR,ERR,ERR,ERR,ERR,ERR,ERR,ERR,ERR,ERR,ERR,ERR,ERR,ERR,ERR,ERR,ERR,ERR,ERR,ERR,ERR,ERR,ERR,ERR,ERR,ERR,ERR,ERR,ERR,ERR,ERR,ERR,ERR,-0.0,-0.0,-0.0,2.718366610185338e+23,-1.5599844459812912e+34,-0.0,0.0,218368496.0,0,0,4,17392,7116,0.0,100,0.0,0.0,2.718366610185338e+23,0.0,0.0,0,0,0,0,0.0,0,0,0,0,0,0,0,0,0,0,0,0,0,0,0,0,0,0,0,0,0,0,0,0,0,0,0,0,0,0,0,0,0,31,40,40,71,65476,0,300,0,0,8,21553,0.0,-107605600.0,0.0,0.0,0.0,0.0,0.0,0.0,0.0,0.0,0.0,0.0,0.0,0.0,0.0,0.0,0.0,0.0,0.0,0.0,0.0,0.0,-0.0,2.004,0.0,0.0,0.0,0.0,0.0,0.0,4949.0,-1.0406651332689642e+34,6943.0,-0.0,0.0,2.004,2.004,0.0,0.0,0.0,0.0,69,-0.0,1.905685579169792e+17,0.0,0.0,0.0,0.0,0.0,0.0,0.0,0,0,0,0.0,0.0,0.0,0.0,0.0,0.0,0.0,0.0,0.0,0.0,0.0,0.0,0.0,0.0,0.0,0.0,0,-107875648.0,69,0.0,138,0.0,2.012,ERR,ERR,ERR,ERR,ERR,ERR,ERR,ERR,ERR,ERR,ERR,ERR,ERR,ERR,ERR,ERR,ERR,ERR,ERR,ERR,ERR,ERR,ERR,ERR,ERR,ERR,ERR,ERR,ERR,ERR,ERR,ERR,ERR,ERR,ERR,ERR,ERR,ERR,ERR,ERR,ERR,ERR,ERR,ERR,ERR,ERR,ERR,ERR,ERR,ERR,ERR,ERR,ERR,ERR,ERR,ERR,ERR,ERR,ERR,ERR,ERR,ERR,ERR,ERR,ERR,ERR,ERR,60.0,60.0,35,0.0,0.0,0.0,0.0,0.0,0.0,0.0,0.0,0.0,0.0,0.0,0.0,0.0,0.0,0.0,0.0,65.2,0,144,69,53,65476,0,65476,1,4,4,20529,65476,0,0,2621,60.0,0.0,0.0,0.0,0.0,0.0
2026-07-09T15:01:29,ERR,ERR,ERR,ERR,ERR,ERR,ERR,ERR,ERR,ERR,ERR,ERR,ERR,ERR,ERR,ERR,ERR,ERR,ERR,ERR,ERR,ERR,ERR,ERR,ERR,ERR,ERR,ERR,ERR,ERR,ERR,ERR,ERR,ERR,ERR,ERR,ERR,ERR,ERR,ERR,ERR,ERR,ERR,ERR,ERR,ERR,ERR,ERR,ERR,ERR,ERR,ERR,ERR,ERR,ERR,ERR,ERR,ERR,ERR,ERR,ERR,ERR,ERR,ERR,ERR,ERR,ERR,ERR,ERR,ERR,ERR,ERR,ERR,ERR,ERR,ERR,ERR,ERR,ERR,ERR,ERR,ERR,ERR,ERR,ERR,ERR,ERR,ERR,ERR,ERR,ERR,ERR,ERR,ERR,ERR,ERR,ERR,ERR,ERR,ERR,ERR,ERR,ERR,ERR,ERR,ERR,ERR,ERR,ERR,ERR,ERR,ERR,ERR,ERR,ERR,ERR,ERR,ERR,ERR,ERR,ERR,ERR,ERR,ERR,ERR,-0.0,-0.0,-0.0,2.718366610185338e+23,-1.5599844459812912e+34,-0.0,0.0,218368496.0,0,0,4,17392,7116,0.0,100,0.0,0.0,2.718366610185338e+23,0.0,0.0,0,0,0,0,0.0,0,0,0,0,0,0,0,0,0,0,0,0,0,0,0,0,0,0,0,0,0,0,0,0,0,0,0,0,0,0,0,0,0,31,40,40,71,65476,0,300,0,0,8,21553,0.0,-107605600.0,0.0,0.0,0.0,0.0,0.0,0.0,0.0,0.0,0.0,0.0,0.0,0.0,0.0,0.0,0.0,0.0,0.0,0.0,0.0,0.0,-0.0,2.004,0.0,0.0,0.0,0.0,0.0,0.0,4949.0,-1.0406651332689642e+34,6943.0,-0.0,0.0,2.004,2.004,0.0,0.0,0.0,0.0,69,-0.0,1.905685579169792e+17,0.0,0.0,0.0,0.0,0.0,0.0,0.0,0,0,0,0.0,0.0,0.0,0.0,0.0,0.0,0.0,0.0,0.0,0.0,0.0,0.0,0.0,0.0,0.0,0.0,0,-107875648.0,69,0.0,138,0.0,2.012,ERR,ERR,ERR,ERR,ERR,ERR,ERR,ERR,ERR,ERR,ERR,ERR,ERR,ERR,ERR,ERR,ERR,ERR,ERR,ERR,ERR,ERR,ERR,ERR,ERR,ERR,ERR,ERR,ERR,ERR,ERR,ERR,ERR,ERR,ERR,ERR,ERR,ERR,ERR,ERR,ERR,ERR,ERR,ERR,ERR,ERR,ERR,ERR,ERR,ERR,ERR,ERR,ERR,ERR,ERR,ERR,ERR,ERR,ERR,ERR,ERR,ERR,ERR,ERR,ERR,ERR,ERR,60.0,60.0,35,0.0,0.0,0.0,0.0,0.0,0.0,0.0,0.0,0.0,0.0,0.0,0.0,0.0,0.0,0.0,0.0,65.2,0,144,69,53,65476,0,65476,1,4,4,20529,65476,0,0,2621,60.0,0.0,0.0,0.0,0.0,0.0
2026-07-09T15:01:30,ERR,ERR,ERR,ERR,ERR,ERR,ERR,ERR,ERR,ERR,ERR,ERR,ERR,ERR,ERR,ERR,ERR,ERR,ERR,ERR,ERR,ERR,ERR,ERR,ERR,ERR,ERR,ERR,ERR,ERR,ERR,ERR,ERR,ERR,ERR,ERR,ERR,ERR,ERR,ERR,ERR,ERR,ERR,ERR,ERR,ERR,ERR,ERR,ERR,ERR,ERR,ERR,ERR,ERR,ERR,ERR,ERR,ERR,ERR,ERR,ERR,ERR,ERR,ERR,ERR,ERR,ERR,ERR,ERR,ERR,ERR,ERR,ERR,ERR,ERR,ERR,ERR,ERR,ERR,ERR,ERR,ERR,ERR,ERR,ERR,ERR,ERR,ERR,ERR,ERR,ERR,ERR,ERR,ERR,ERR,ERR,ERR,ERR,ERR,ERR,ERR,ERR,ERR,ERR,ERR,ERR,ERR,ERR,ERR,ERR,ERR,ERR,ERR,ERR,ERR,ERR,ERR,ERR,ERR,ERR,ERR,ERR,ERR,ERR,ERR,-0.0,-0.0,-0.0,2.718366610185338e+23,2152229888.0,-0.112,0.0,2.2991091876883333e+18,0,0,4,17395,7116,0.0,100,0.0,0.0,2.718366610185338e+23,0.0,0.0,0,0,0,0,0.0,0,0,0,0,0,0,0,0,0,0,0,0,0,0,0,0,0,0,0,0,0,0,0,0,0,0,0,0,0,0,0,0,0,31,40,40,71,65476,0,300,0,0,8,21553,0.0,-107605600.0,0.0,0.0,0.0,0.0,0.0,0.0,0.0,0.0,0.0,0.0,0.0,0.0,0.0,0.0,0.0,0.0,0.0,0.0,0.0,0.0,-0.0,-0.0,0.0,0.0,0.0,0.0,0.0,0.0,4947.0,-8608180224.0,6938.0,-0.0,0.0,2.004,2.004,0.0,0.0,0.0,0.0,69,-0.0,0.0,0.0,0.0,0.0,0.0,0.0,0.0,0.0,0,0,0,0.0,0.0,0.0,0.0,0.0,0.0,0.0,0.0,0.0,0.0,0.0,0.0,0.0,0.0,0.0,0.0,0,-107875648.0,69,0.0,138,0.0,2.012,ERR,ERR,ERR,ERR,ERR,ERR,ERR,ERR,ERR,ERR,ERR,ERR,ERR,ERR,ERR,ERR,ERR,ERR,ERR,ERR,ERR,ERR,ERR,ERR,ERR,ERR,ERR,ERR,ERR,ERR,ERR,ERR,ERR,ERR,ERR,ERR,ERR,ERR,ERR,ERR,ERR,ERR,ERR,ERR,ERR,ERR,ERR,ERR,ERR,ERR,ERR,ERR,ERR,ERR,ERR,ERR,ERR,ERR,ERR,ERR,ERR,ERR,ERR,ERR,ERR,ERR,ERR,60.0,60.0,35,0.0,0.0,0.0,0.0,0.0,0.0,0.0,0.0,0.0,0.0,0.0,0.0,0.0,0.0,0.0,0.0,65.2,0,144,69,53,65476,0,65476,1,4,4,20529,65476,0,0,2621,60.0,0.0,0.0,0.0,0.0,0.0
2026-07-09T15:01:31,ERR,ERR,ERR,ERR,ERR,ERR,ERR,ERR,ERR,ERR,ERR,ERR,ERR,ERR,ERR,ERR,ERR,ERR,ERR,ERR,ERR,ERR,ERR,ERR,ERR,ERR,ERR,ERR,ERR,ERR,ERR,ERR,ERR,ERR,ERR,ERR,ERR,ERR,ERR,ERR,ERR,ERR,ERR,ERR,ERR,ERR,ERR,ERR,ERR,ERR,ERR,ERR,ERR,ERR,ERR,ERR,ERR,ERR,ERR,ERR,ERR,ERR,ERR,ERR,ERR,ERR,ERR,ERR,ERR,ERR,ERR,ERR,ERR,ERR,ERR,ERR,ERR,ERR,ERR,ERR,ERR,ERR,ERR,ERR,ERR,ERR,ERR,ERR,ERR,ERR,ERR,ERR,ERR,ERR,ERR,ERR,ERR,ERR,ERR,ERR,ERR,ERR,ERR,ERR,ERR,ERR,ERR,ERR,ERR,ERR,ERR,ERR,ERR,ERR,ERR,ERR,ERR,ERR,ERR,ERR,ERR,ERR,ERR,ERR,ERR,-0.0,-0.0,-0.0,2.718366610185338e+23,2152229888.0,-0.112,0.0,2.2991091876883333e+18,0,0,4,17395,7116,0.0,100,0.0,0.0,2.718366610185338e+23,0.0,0.0,0,0,0,0,0.0,0,0,0,0,0,0,0,0,0,0,0,0,0,0,0,0,0,0,0,0,0,0,0,0,0,0,0,0,0,0,0,0,0,31,40,40,71,65476,0,300,0,0,8,21553,0.0,-107605600.0,0.0,0.0,0.0,0.0,0.0,0.0,0.0,0.0,0.0,0.0,0.0,0.0,0.0,0.0,0.0,0.0,0.0,0.0,0.0,0.0,-0.0,-0.0,0.0,0.0,0.0,0.0,0.0,0.0,4947.0,-8608180224.0,6938.0,-0.0,0.0,2.004,2.004,0.0,0.0,0.0,0.0,69,-0.0,0.0,0.0,0.0,0.0,0.0,0.0,0.0,0.0,0,0,0,0.0,0.0,0.0,0.0,0.0,0.0,0.0,0.0,0.0,0.0,0.0,0.0,0.0,0.0,0.0,0.0,0,-107875648.0,69,0.0,138,0.0,2.012,ERR,ERR,ERR,ERR,ERR,ERR,ERR,ERR,ERR,ERR,ERR,ERR,ERR,ERR,ERR,ERR,ERR,ERR,ERR,ERR,ERR,ERR,ERR,ERR,ERR,ERR,ERR,ERR,ERR,ERR,ERR,ERR,ERR,ERR,ERR,ERR,ERR,ERR,ERR,ERR,ERR,ERR,ERR,ERR,ERR,ERR,ERR,ERR,ERR,ERR,ERR,ERR,ERR,ERR,ERR,ERR,ERR,ERR,ERR,ERR,ERR,ERR,ERR,ERR,ERR,ERR,ERR,60.0,60.0,35,0.0,0.0,0.0,0.0,0.0,0.0,0.0,0.0,0.0,0.0,0.0,0.0,0.0,0.0,0.0,0.0,65.2,0,144,69,53,65476,0,65476,1,4,4,20529,65476,0,0,2621,60.0,0.0,0.0,0.0,0.0,0.0
2026-07-09T15:01:32,ERR,ERR,ERR,ERR,ERR,ERR,ERR,ERR,ERR,ERR,ERR,ERR,ERR,ERR,ERR,ERR,ERR,ERR,ERR,ERR,ERR,ERR,ERR,ERR,ERR,ERR,ERR,ERR,ERR,ERR,ERR,ERR,ERR,ERR,ERR,ERR,ERR,ERR,ERR,ERR,ERR,ERR,ERR,ERR,ERR,ERR,ERR,ERR,ERR,ERR,ERR,ERR,ERR,ERR,ERR,ERR,ERR,ERR,ERR,ERR,ERR,ERR,ERR,ERR,ERR,ERR,ERR,ERR,ERR,ERR,ERR,ERR,ERR,ERR,ERR,ERR,ERR,ERR,ERR,ERR,ERR,ERR,ERR,ERR,ERR,ERR,ERR,ERR,ERR,ERR,ERR,ERR,ERR,ERR,ERR,ERR,ERR,ERR,ERR,ERR,ERR,ERR,ERR,ERR,ERR,ERR,ERR,ERR,ERR,ERR,ERR,ERR,ERR,ERR,ERR,ERR,ERR,ERR,ERR,ERR,ERR,ERR,ERR,ERR,ERR,-0.0,-0.0,-0.0,2.718366610185338e+23,2152229888.0,-0.112,0.0,2.2991091876883333e+18,0,0,4,17395,7116,0.0,100,0.0,0.0,2.718366610185338e+23,0.0,0.0,0,0,0,0,0.0,0,0,0,0,0,0,0,0,0,0,0,0,0,0,0,0,0,0,0,0,0,0,0,0,0,0,0,0,0,0,0,0,0,31,40,40,71,65476,0,300,0,0,8,21553,0.0,-107605600.0,0.0,0.0,0.0,0.0,0.0,0.0,0.0,0.0,0.0,0.0,0.0,0.0,0.0,0.0,0.0,0.0,0.0,0.0,0.0,0.0,-0.0,-0.0,0.0,0.0,0.0,0.0,0.0,0.0,4947.0,-8608180224.0,6938.0,-0.0,0.0,2.004,2.004,0.0,0.0,0.0,0.0,69,-0.0,0.0,0.0,0.0,0.0,0.0,0.0,0.0,0.0,0,0,0,0.0,0.0,0.0,0.0,0.0,0.0,0.0,0.0,0.0,0.0,0.0,0.0,0.0,0.0,0.0,0.0,0,-107875648.0,69,0.0,138,0.0,2.012,ERR,ERR,ERR,ERR,ERR,ERR,ERR,ERR,ERR,ERR,ERR,ERR,ERR,ERR,ERR,ERR,ERR,ERR,ERR,ERR,ERR,ERR,ERR,ERR,ERR,ERR,ERR,ERR,ERR,ERR,ERR,ERR,ERR,ERR,ERR,ERR,ERR,ERR,ERR,ERR,ERR,ERR,ERR,ERR,ERR,ERR,ERR,ERR,ERR,ERR,ERR,ERR,ERR,ERR,ERR,ERR,ERR,ERR,ERR,ERR,ERR,ERR,ERR,ERR,ERR,ERR,ERR,60.0,60.0,35,0.0,0.0,0.0,0.0,0.0,0.0,0.0,0.0,0.0,0.0,0.0,0.0,0.0,0.0,0.0,0.0,65.2,0,144,69,53,65476,0,65476,1,4,4,20529,65476,0,0,2621,60.0,0.0,0.0,0.0,0.0,0.0
2026-07-09T15:01:33,ERR,ERR,ERR,ERR,ERR,ERR,ERR,ERR,ERR,ERR,ERR,ERR,ERR,ERR,ERR,ERR,ERR,ERR,ERR,ERR,ERR,ERR,ERR,ERR,ERR,ERR,ERR,ERR,ERR,ERR,ERR,ERR,ERR,ERR,ERR,ERR,ERR,ERR,ERR,ERR,ERR,ERR,ERR,ERR,ERR,ERR,ERR,ERR,ERR,ERR,ERR,ERR,ERR,ERR,ERR,ERR,ERR,ERR,ERR,ERR,ERR,ERR,ERR,ERR,ERR,ERR,ERR,ERR,ERR,ERR,ERR,ERR,ERR,ERR,ERR,ERR,ERR,ERR,ERR,ERR,ERR,ERR,ERR,ERR,ERR,ERR,ERR,ERR,ERR,ERR,ERR,ERR,ERR,ERR,ERR,ERR,ERR,ERR,ERR,ERR,ERR,ERR,ERR,ERR,ERR,ERR,ERR,ERR,ERR,ERR,ERR,ERR,ERR,ERR,ERR,ERR,ERR,ERR,ERR,ERR,ERR,ERR,ERR,ERR,ERR,-0.0,-0.0,-0.0,2.718366610185338e+23,2152229888.0,-0.112,0.0,2.2991091876883333e+18,0,0,4,17395,7116,0.0,100,0.0,0.0,2.718366610185338e+23,0.0,0.0,0,0,0,0,0.0,0,0,0,0,0,0,0,0,0,0,0,0,0,0,0,0,0,0,0,0,0,0,0,0,0,0,0,0,0,0,0,0,0,31,40,40,71,65476,0,300,0,0,8,21553,0.0,-107605600.0,0.0,0.0,0.0,0.0,0.0,0.0,0.0,0.0,0.0,0.0,0.0,0.0,0.0,0.0,0.0,0.0,0.0,0.0,0.0,0.0,-0.0,-0.0,0.0,0.0,0.0,0.0,0.0,0.0,4947.0,-8608180224.0,6938.0,-0.0,0.0,2.004,2.004,0.0,0.0,0.0,0.0,69,-0.0,0.0,0.0,0.0,0.0,0.0,0.0,0.0,0.0,0,0,0,0.0,0.0,0.0,0.0,0.0,0.0,0.0,0.0,0.0,0.0,0.0,0.0,0.0,0.0,0.0,0.0,0,-107875648.0,69,0.0,138,0.0,2.012,ERR,ERR,ERR,ERR,ERR,ERR,ERR,ERR,ERR,ERR,ERR,ERR,ERR,ERR,ERR,ERR,ERR,ERR,ERR,ERR,ERR,ERR,ERR,ERR,ERR,ERR,ERR,ERR,ERR,ERR,ERR,ERR,ERR,ERR,ERR,ERR,ERR,ERR,ERR,ERR,ERR,ERR,ERR,ERR,ERR,ERR,ERR,ERR,ERR,ERR,ERR,ERR,ERR,ERR,ERR,ERR,ERR,ERR,ERR,ERR,ERR,ERR,ERR,ERR,ERR,ERR,ERR,60.0,60.0,35,0.0,0.0,0.0,0.0,0.0,0.0,0.0,0.0,0.0,0.0,0.0,0.0,0.0,0.0,0.0,0.0,65.2,0,144,69,53,65476,0,65476,1,4,4,20529,65476,0,0,2621,60.0,0.0,0.0,0.0,0.0,0.0
2026-07-09T15:01:34,ERR,ERR,ERR,ERR,ERR,ERR,ERR,ERR,ERR,ERR,ERR,ERR,ERR,ERR,ERR,ERR,ERR,ERR,ERR,ERR,ERR,ERR,ERR,ERR,ERR,ERR,ERR,ERR,ERR,ERR,ERR,ERR,ERR,ERR,ERR,ERR,ERR,ERR,ERR,ERR,ERR,ERR,ERR,ERR,ERR,ERR,ERR,ERR,ERR,ERR,ERR,ERR,ERR,ERR,ERR,ERR,ERR,ERR,ERR,ERR,ERR,ERR,ERR,ERR,ERR,ERR,ERR,ERR,ERR,ERR,ERR,ERR,ERR,ERR,ERR,ERR,ERR,ERR,ERR,ERR,ERR,ERR,ERR,ERR,ERR,ERR,ERR,ERR,ERR,ERR,ERR,ERR,ERR,ERR,ERR,ERR,ERR,ERR,ERR,ERR,ERR,ERR,ERR,ERR,ERR,ERR,ERR,ERR,ERR,ERR,ERR,ERR,ERR,ERR,ERR,ERR,ERR,ERR,ERR,ERR,ERR,ERR,ERR,ERR,ERR,-0.0,-0.0,-0.0,2.718366610185338e+23,2152229888.0,-0.112,0.0,2.2991091876883333e+18,0,0,4,17395,7116,0.0,100,0.0,0.0,2.718366610185338e+23,0.0,0.0,0,0,0,0,0.0,0,0,0,0,0,0,0,0,0,0,0,0,0,0,0,0,0,0,0,0,0,0,0,0,0,0,0,0,0,0,0,0,0,31,40,40,71,65476,0,300,0,0,8,21553,0.0,-107605600.0,0.0,0.0,0.0,0.0,0.0,0.0,0.0,0.0,0.0,0.0,0.0,0.0,0.0,0.0,0.0,0.0,0.0,0.0,0.0,0.0,-0.0,-0.0,0.0,0.0,0.0,0.0,0.0,0.0,4947.0,-8608180224.0,6938.0,-0.0,0.0,2.004,2.004,0.0,0.0,0.0,0.0,69,-0.0,0.0,0.0,0.0,0.0,0.0,0.0,0.0,0.0,0,0,0,0.0,0.0,0.0,0.0,0.0,0.0,0.0,0.0,0.0,0.0,0.0,0.0,0.0,0.0,0.0,0.0,0,-107875648.0,69,0.0,138,0.0,2.012,ERR,ERR,ERR,ERR,ERR,ERR,ERR,ERR,ERR,ERR,ERR,ERR,ERR,ERR,ERR,ERR,ERR,ERR,ERR,ERR,ERR,ERR,ERR,ERR,ERR,ERR,ERR,ERR,ERR,ERR,ERR,ERR,ERR,ERR,ERR,ERR,ERR,ERR,ERR,ERR,ERR,ERR,ERR,ERR,ERR,ERR,ERR,ERR,ERR,ERR,ERR,ERR,ERR,ERR,ERR,ERR,ERR,ERR,ERR,ERR,ERR,ERR,ERR,ERR,ERR,ERR,ERR,60.0,60.0,35,0.0,0.0,0.0,0.0,0.0,0.0,0.0,0.0,0.0,0.0,0.0,0.0,0.0,0.0,0.0,0.0,65.2,0,144,69,53,65476,0,65476,1,4,4,20529,65476,0,0,2621,60.0,0.0,0.0,0.0,0.0,0.0
2026-07-09T15:01:35,ERR,ERR,ERR,ERR,ERR,ERR,ERR,ERR,ERR,ERR,ERR,ERR,ERR,ERR,ERR,ERR,ERR,ERR,ERR,ERR,ERR,ERR,ERR,ERR,ERR,ERR,ERR,ERR,ERR,ERR,ERR,ERR,ERR,ERR,ERR,ERR,ERR,ERR,ERR,ERR,ERR,ERR,ERR,ERR,ERR,ERR,ERR,ERR,ERR,ERR,ERR,ERR,ERR,ERR,ERR,ERR,ERR,ERR,ERR,ERR,ERR,ERR,ERR,ERR,ERR,ERR,ERR,ERR,ERR,ERR,ERR,ERR,ERR,ERR,ERR,ERR,ERR,ERR,ERR,ERR,ERR,ERR,ERR,ERR,ERR,ERR,ERR,ERR,ERR,ERR,ERR,ERR,ERR,ERR,ERR,ERR,ERR,ERR,ERR,ERR,ERR,ERR,ERR,ERR,ERR,ERR,ERR,ERR,ERR,ERR,ERR,ERR,ERR,ERR,ERR,ERR,ERR,ERR,ERR,ERR,ERR,ERR,ERR,ERR,ERR,-0.0,0.0,2.7184130873334926e+23,2.718366610185338e+23,-0.0,-308.511,0.001,1951763.5,0,0,4,17390,7116,0.0,100,0.0,0.0,2.718366610185338e+23,0.0,0.0,0,0,0,0,0.0,0,0,0,0,0,0,0,0,0,0,0,0,0,0,0,0,0,0,0,0,0,0,0,0,0,0,0,0,0,0,0,0,0,31,40,40,71,65476,0,300,0,0,8,21553,0.0,-107605600.0,0.0,0.0,0.0,0.0,0.0,0.0,0.0,0.0,0.0,0.0,0.0,0.0,0.0,0.0,0.0,0.0,0.0,0.0,0.0,0.0,-2.004,2.004,0.0,0.0,0.0,0.0,0.0,0.0,4931.0,-131350.406,6937.0,0.0,-107615856.0,2.004,2.004,0.0,0.0,0.0,0.0,69,0.059,0.0,0.0,0.0,0.0,0.0,0.0,0.0,0.0,0,0,0,0.0,0.0,0.0,0.0,0.0,0.0,0.0,0.0,0.0,0.0,0.0,0.0,0.0,0.0,0.0,0.0,0,-107875648.0,69,0.0,138,0.0,2.012,ERR,ERR,ERR,ERR,ERR,ERR,ERR,ERR,ERR,ERR,ERR,ERR,ERR,ERR,ERR,ERR,ERR,ERR,ERR,ERR,ERR,ERR,ERR,ERR,ERR,ERR,ERR,ERR,ERR,ERR,ERR,ERR,ERR,ERR,ERR,ERR,ERR,ERR,ERR,ERR,ERR,ERR,ERR,ERR,ERR,ERR,ERR,ERR,ERR,ERR,ERR,ERR,ERR,ERR,ERR,ERR,ERR,ERR,ERR,ERR,ERR,ERR,ERR,ERR,ERR,ERR,ERR,60.0,60.0,35,0.0,0.0,0.0,0.0,0.0,0.0,0.0,0.0,0.0,0.0,0.0,0.0,0.0,0.0,0.0,0.0,65.2,0,144,69,53,65476,0,65476,1,4,4,20529,65476,0,0,2621,60.0,0.0,0.0,0.0,0.0,0.0
2026-07-09T15:01:36,ERR,ERR,ERR,ERR,ERR,ERR,ERR,ERR,ERR,ERR,ERR,ERR,ERR,ERR,ERR,ERR,ERR,ERR,ERR,ERR,ERR,ERR,ERR,ERR,ERR,ERR,ERR,ERR,ERR,ERR,ERR,ERR,ERR,ERR,ERR,ERR,ERR,ERR,ERR,ERR,ERR,ERR,ERR,ERR,ERR,ERR,ERR,ERR,ERR,ERR,ERR,ERR,ERR,ERR,ERR,ERR,ERR,ERR,ERR,ERR,ERR,ERR,ERR,ERR,ERR,ERR,ERR,ERR,ERR,ERR,ERR,ERR,ERR,ERR,ERR,ERR,ERR,ERR,ERR,ERR,ERR,ERR,ERR,ERR,ERR,ERR,ERR,ERR,ERR,ERR,ERR,ERR,ERR,ERR,ERR,ERR,ERR,ERR,ERR,ERR,ERR,ERR,ERR,ERR,ERR,ERR,ERR,ERR,ERR,ERR,ERR,ERR,ERR,ERR,ERR,ERR,ERR,ERR,ERR,ERR,ERR,ERR,ERR,ERR,ERR,-0.0,0.0,2.7184130873334926e+23,2.718366610185338e+23,-0.0,-308.511,0.001,1951763.5,0,0,4,17390,7116,0.0,100,0.0,0.0,2.718366610185338e+23,0.0,0.0,0,0,0,0,0.0,0,0,0,0,0,0,0,0,0,0,0,0,0,0,0,0,0,0,0,0,0,0,0,0,0,0,0,0,0,0,0,0,0,31,40,40,71,65476,0,300,0,0,8,21553,0.0,-107605600.0,0.0,0.0,0.0,0.0,0.0,0.0,0.0,0.0,0.0,0.0,0.0,0.0,0.0,0.0,0.0,0.0,0.0,0.0,0.0,0.0,-2.004,2.004,0.0,0.0,0.0,0.0,0.0,0.0,4931.0,-131350.406,6937.0,0.0,-107615856.0,2.004,2.004,0.0,0.0,0.0,0.0,69,0.059,0.0,0.0,0.0,0.0,0.0,0.0,0.0,0.0,0,0,0,0.0,0.0,0.0,0.0,0.0,0.0,0.0,0.0,0.0,0.0,0.0,0.0,0.0,0.0,0.0,0.0,0,-107875648.0,69,0.0,138,0.0,2.012,ERR,ERR,ERR,ERR,ERR,ERR,ERR,ERR,ERR,ERR,ERR,ERR,ERR,ERR,ERR,ERR,ERR,ERR,ERR,ERR,ERR,ERR,ERR,ERR,ERR,ERR,ERR,ERR,ERR,ERR,ERR,ERR,ERR,ERR,ERR,ERR,ERR,ERR,ERR,ERR,ERR,ERR,ERR,ERR,ERR,ERR,ERR,ERR,ERR,ERR,ERR,ERR,ERR,ERR,ERR,ERR,ERR,ERR,ERR,ERR,ERR,ERR,ERR,ERR,ERR,ERR,ERR,60.0,60.0,35,0.0,0.0,0.0,0.0,0.0,0.0,0.0,0.0,0.0,0.0,0.0,0.0,0.0,0.0,0.0,0.0,65.2,0,144,69,53,65476,0,65476,1,4,4,20529,65476,0,0,2621,60.0,0.0,0.0,0.0,0.0,0.0
2026-07-09T15:01:37,ERR,ERR,ERR,ERR,ERR,ERR,ERR,ERR,ERR,ERR,ERR,ERR,ERR,ERR,ERR,ERR,ERR,ERR,ERR,ERR,ERR,ERR,ERR,ERR,ERR,ERR,ERR,ERR,ERR,ERR,ERR,ERR,ERR,ERR,ERR,ERR,ERR,ERR,ERR,ERR,ERR,ERR,ERR,ERR,ERR,ERR,ERR,ERR,ERR,ERR,ERR,ERR,ERR,ERR,ERR,ERR,ERR,ERR,ERR,ERR,ERR,ERR,ERR,ERR,ERR,ERR,ERR,ERR,ERR,ERR,ERR,ERR,ERR,ERR,ERR,ERR,ERR,ERR,ERR,ERR,ERR,ERR,ERR,ERR,ERR,ERR,ERR,ERR,ERR,ERR,ERR,ERR,ERR,ERR,ERR,ERR,ERR,ERR,ERR,ERR,ERR,ERR,ERR,ERR,ERR,ERR,ERR,ERR,ERR,ERR,ERR,ERR,ERR,ERR,ERR,ERR,ERR,ERR,ERR,ERR,ERR,ERR,ERR,ERR,ERR,-0.0,0.0,2.7184130873334926e+23,2.718366610185338e+23,-0.0,-308.511,0.001,1951763.5,0,0,4,17390,7116,0.0,100,0.0,0.0,2.718366610185338e+23,0.0,0.0,0,0,0,0,0.0,0,0,0,0,0,0,0,0,0,0,0,0,0,0,0,0,0,0,0,0,0,0,0,0,0,0,0,0,0,0,0,0,0,31,40,40,71,65476,0,300,0,0,8,21553,0.0,-107605600.0,0.0,0.0,0.0,0.0,0.0,0.0,0.0,0.0,0.0,0.0,0.0,0.0,0.0,0.0,0.0,0.0,0.0,0.0,0.0,0.0,-2.004,2.004,0.0,0.0,0.0,0.0,0.0,0.0,4931.0,-131350.406,6937.0,0.0,-107615856.0,2.004,2.004,0.0,0.0,0.0,0.0,69,0.059,0.0,0.0,0.0,0.0,0.0,0.0,0.0,0.0,0,0,0,0.0,0.0,0.0,0.0,0.0,0.0,0.0,0.0,0.0,0.0,0.0,0.0,0.0,0.0,0.0,0.0,0,-107875648.0,69,0.0,138,0.0,2.012,ERR,ERR,ERR,ERR,ERR,ERR,ERR,ERR,ERR,ERR,ERR,ERR,ERR,ERR,ERR,ERR,ERR,ERR,ERR,ERR,ERR,ERR,ERR,ERR,ERR,ERR,ERR,ERR,ERR,ERR,ERR,ERR,ERR,ERR,ERR,ERR,ERR,ERR,ERR,ERR,ERR,ERR,ERR,ERR,ERR,ERR,ERR,ERR,ERR,ERR,ERR,ERR,ERR,ERR,ERR,ERR,ERR,ERR,ERR,ERR,ERR,ERR,ERR,ERR,ERR,ERR,ERR,60.0,60.0,35,0.0,0.0,0.0,0.0,0.0,0.0,0.0,0.0,0.0,0.0,0.0,0.0,0.0,0.0,0.0,0.0,65.6,0,144,69,53,65476,0,65476,1,4,4,20529,65476,0,0,2621,60.0,0.0,0.0,0.0,0.0,0.0
2026-07-09T15:01:38,ERR,ERR,ERR,ERR,ERR,ERR,ERR,ERR,ERR,ERR,ERR,ERR,ERR,ERR,ERR,ERR,ERR,ERR,ERR,ERR,ERR,ERR,ERR,ERR,ERR,ERR,ERR,ERR,ERR,ERR,ERR,ERR,ERR,ERR,ERR,ERR,ERR,ERR,ERR,ERR,ERR,ERR,ERR,ERR,ERR,ERR,ERR,ERR,ERR,ERR,ERR,ERR,ERR,ERR,ERR,ERR,ERR,ERR,ERR,ERR,ERR,ERR,ERR,ERR,ERR,ERR,ERR,ERR,ERR,ERR,ERR,ERR,ERR,ERR,ERR,ERR,ERR,ERR,ERR,ERR,ERR,ERR,ERR,ERR,ERR,ERR,ERR,ERR,ERR,ERR,ERR,ERR,ERR,ERR,ERR,ERR,ERR,ERR,ERR,ERR,ERR,ERR,ERR,ERR,ERR,ERR,ERR,ERR,ERR,ERR,ERR,ERR,ERR,ERR,ERR,ERR,ERR,ERR,ERR,ERR,ERR,ERR,ERR,ERR,ERR,-0.0,0.0,2.7184130873334926e+23,2.718366610185338e+23,-0.0,-308.511,0.001,1951763.5,0,0,4,17390,7116,0.0,100,0.0,0.0,2.718366610185338e+23,0.0,0.0,0,0,0,0,0.0,0,0,0,0,0,0,0,0,0,0,0,0,0,0,0,0,0,0,0,0,0,0,0,0,0,0,0,0,0,0,0,0,0,31,40,40,71,65476,0,300,0,0,8,21553,0.0,-107605600.0,0.0,0.0,0.0,0.0,0.0,0.0,0.0,0.0,0.0,0.0,0.0,0.0,0.0,0.0,0.0,0.0,0.0,0.0,0.0,0.0,-2.004,2.004,0.0,0.0,0.0,0.0,0.0,0.0,4931.0,-131350.406,6937.0,0.0,-107615856.0,2.004,2.004,0.0,0.0,0.0,0.0,69,0.059,0.0,0.0,0.0,0.0,0.0,0.0,0.0,0.0,0,0,0,0.0,0.0,0.0,0.0,0.0,0.0,0.0,0.0,0.0,0.0,0.0,0.0,0.0,0.0,0.0,0.0,0,-107875648.0,69,0.0,138,0.0,2.012,ERR,ERR,ERR,ERR,ERR,ERR,ERR,ERR,ERR,ERR,ERR,ERR,ERR,ERR,ERR,ERR,ERR,ERR,ERR,ERR,ERR,ERR,ERR,ERR,ERR,ERR,ERR,ERR,ERR,ERR,ERR,ERR,ERR,ERR,ERR,ERR,ERR,ERR,ERR,ERR,ERR,ERR,ERR,ERR,ERR,ERR,ERR,ERR,ERR,ERR,ERR,ERR,ERR,ERR,ERR,ERR,ERR,ERR,ERR,ERR,ERR,ERR,ERR,ERR,ERR,ERR,ERR,60.0,60.0,35,0.0,0.0,0.0,0.0,0.0,0.0,0.0,0.0,0.0,0.0,0.0,0.0,0.0,0.0,0.0,0.0,65.6,0,144,69,53,65476,0,65476,1,4,4,20529,65476,0,0,2621,60.0,0.0,0.0,0.0,0.0,0.0
2026-07-09T15:01:39,ERR,ERR,ERR,ERR,ERR,ERR,ERR,ERR,ERR,ERR,ERR,ERR,ERR,ERR,ERR,ERR,ERR,ERR,ERR,ERR,ERR,ERR,ERR,ERR,ERR,ERR,ERR,ERR,ERR,ERR,ERR,ERR,ERR,ERR,ERR,ERR,ERR,ERR,ERR,ERR,ERR,ERR,ERR,ERR,ERR,ERR,ERR,ERR,ERR,ERR,ERR,ERR,ERR,ERR,ERR,ERR,ERR,ERR,ERR,ERR,ERR,ERR,ERR,ERR,ERR,ERR,ERR,ERR,ERR,ERR,ERR,ERR,ERR,ERR,ERR,ERR,ERR,ERR,ERR,ERR,ERR,ERR,ERR,ERR,ERR,ERR,ERR,ERR,ERR,ERR,ERR,ERR,ERR,ERR,ERR,ERR,ERR,ERR,ERR,ERR,ERR,ERR,ERR,ERR,ERR,ERR,ERR,ERR,ERR,ERR,ERR,ERR,ERR,ERR,ERR,ERR,ERR,ERR,ERR,ERR,ERR,ERR,ERR,ERR,ERR,-0.0,0.0,2.7184130873334926e+23,2.718366610185338e+23,-0.0,-308.511,0.001,1951763.5,0,0,4,17390,7116,0.0,100,0.0,0.0,2.718366610185338e+23,0.0,0.0,0,0,0,0,0.0,0,0,0,0,0,0,0,0,0,0,0,0,0,0,0,0,0,0,0,0,0,0,0,0,0,0,0,0,0,0,0,0,0,31,40,40,71,65476,0,300,0,0,8,21553,0.0,-107605600.0,0.0,0.0,0.0,0.0,0.0,0.0,0.0,0.0,0.0,0.0,0.0,0.0,0.0,0.0,0.0,0.0,0.0,0.0,0.0,0.0,-2.004,2.004,0.0,0.0,0.0,0.0,0.0,0.0,4931.0,-131350.406,6937.0,0.0,-107615856.0,2.004,2.004,0.0,0.0,0.0,0.0,69,0.059,0.0,0.0,0.0,0.0,0.0,0.0,0.0,0.0,0,0,0,0.0,0.0,0.0,0.0,0.0,0.0,0.0,0.0,0.0,0.0,0.0,0.0,0.0,0.0,0.0,0.0,0,-107875648.0,69,0.0,138,0.0,2.012,ERR,ERR,ERR,ERR,ERR,ERR,ERR,ERR,ERR,ERR,ERR,ERR,ERR,ERR,ERR,ERR,ERR,ERR,ERR,ERR,ERR,ERR,ERR,ERR,ERR,ERR,ERR,ERR,ERR,ERR,ERR,ERR,ERR,ERR,ERR,ERR,ERR,ERR,ERR,ERR,ERR,ERR,ERR,ERR,ERR,ERR,ERR,ERR,ERR,ERR,ERR,ERR,ERR,ERR,ERR,ERR,ERR,ERR,ERR,ERR,ERR,ERR,ERR,ERR,ERR,ERR,ERR,60.0,60.0,35,0.0,0.0,0.0,0.0,0.0,0.0,0.0,0.0,0.0,0.0,0.0,0.0,0.0,0.0,0.0,0.0,65.6,0,144,69,53,65476,0,65476,1,4,4,20529,65476,0,0,2621,60.0,0.0,0.0,0.0,0.0,0.0
2026-07-09T15:01:40,ERR,ERR,ERR,ERR,ERR,ERR,ERR,ERR,ERR,ERR,ERR,ERR,ERR,ERR,ERR,ERR,ERR,ERR,ERR,ERR,ERR,ERR,ERR,ERR,ERR,ERR,ERR,ERR,ERR,ERR,ERR,ERR,ERR,ERR,ERR,ERR,ERR,ERR,ERR,ERR,ERR,ERR,ERR,ERR,ERR,ERR,ERR,ERR,ERR,ERR,ERR,ERR,ERR,ERR,ERR,ERR,ERR,ERR,ERR,ERR,ERR,ERR,ERR,ERR,ERR,ERR,ERR,ERR,ERR,ERR,ERR,ERR,ERR,ERR,ERR,ERR,ERR,ERR,ERR,ERR,ERR,ERR,ERR,ERR,ERR,ERR,ERR,ERR,ERR,ERR,ERR,ERR,ERR,ERR,ERR,ERR,ERR,ERR,ERR,ERR,ERR,ERR,ERR,ERR,ERR,ERR,ERR,ERR,ERR,ERR,ERR,ERR,ERR,ERR,ERR,ERR,ERR,ERR,ERR,ERR,ERR,ERR,ERR,ERR,ERR,0.0,2.7184415500831376e+23,-107090288.0,2.718366610185338e+23,-0.0,17616809984.0,-2.044610376577843e+16,0.0,0,0,4,17391,7116,0.0,100,0.0,0.0,0.0,0.0,0.0,0,0,0,0,0.0,0,0,0,0,0,0,0,0,0,0,0,0,0,0,0,0,0,0,0,0,0,0,0,0,0,0,0,0,0,0,0,0,0,31,40,40,71,65476,0,300,0,0,8,21553,0.0,-107605600.0,0.0,0.0,0.0,0.0,0.0,0.0,0.0,0.0,0.0,0.0,0.0,0.0,0.0,0.0,0.0,0.0,0.0,0.0,0.0,0.0,-2.004,-3.697061229103782e+19,0.0,0.0,0.0,0.0,0.0,0.0,4957.0,-0.0,6931.0,0.0,0.0,2.004,2.004,0.0,0.0,0.0,0.0,69,0.0,-2.308827523576129e+20,0.0,0.0,0.0,0.0,0.0,0.0,0.0,0,0,0,0.0,0.0,0.0,0.0,0.0,0.0,0.0,0.0,0.0,0.0,0.0,0.0,0.0,0.0,0.0,0.0,0,-107875648.0,69,0.0,138,0.0,2.012,ERR,ERR,ERR,ERR,ERR,ERR,ERR,ERR,ERR,ERR,ERR,ERR,ERR,ERR,ERR,ERR,ERR,ERR,ERR,ERR,ERR,ERR,ERR,ERR,ERR,ERR,ERR,ERR,ERR,ERR,ERR,ERR,ERR,ERR,ERR,ERR,ERR,ERR,ERR,ERR,ERR,ERR,ERR,ERR,ERR,ERR,ERR,ERR,ERR,ERR,ERR,ERR,ERR,ERR,ERR,ERR,ERR,ERR,ERR,ERR,ERR,ERR,ERR,ERR,ERR,ERR,ERR,60.0,60.0,35,0.0,0.0,0.0,0.0,0.0,0.0,0.0,0.0,0.0,0.0,0.0,0.0,0.0,0.0,0.0,0.0,65.6,0,144,69,53,65476,0,65476,1,4,4,20529,65476,0,0,2621,60.0,0.0,0.0,0.0,0.0,0.0
2026-07-09T15:01:41,ERR,ERR,ERR,ERR,ERR,ERR,ERR,ERR,ERR,ERR,ERR,ERR,ERR,ERR,ERR,ERR,ERR,ERR,ERR,ERR,ERR,ERR,ERR,ERR,ERR,ERR,ERR,ERR,ERR,ERR,ERR,ERR,ERR,ERR,ERR,ERR,ERR,ERR,ERR,ERR,ERR,ERR,ERR,ERR,ERR,ERR,ERR,ERR,ERR,ERR,ERR,ERR,ERR,ERR,ERR,ERR,ERR,ERR,ERR,ERR,ERR,ERR,ERR,ERR,ERR,ERR,ERR,ERR,ERR,ERR,ERR,ERR,ERR,ERR,ERR,ERR,ERR,ERR,ERR,ERR,ERR,ERR,ERR,ERR,ERR,ERR,ERR,ERR,ERR,ERR,ERR,ERR,ERR,ERR,ERR,ERR,ERR,ERR,ERR,ERR,ERR,ERR,ERR,ERR,ERR,ERR,ERR,ERR,ERR,ERR,ERR,ERR,ERR,ERR,ERR,ERR,ERR,ERR,ERR,ERR,ERR,ERR,ERR,ERR,ERR,0.0,2.7184415500831376e+23,-107090288.0,2.718366610185338e+23,-0.0,17616809984.0,-2.044610376577843e+16,0.0,0,0,4,17391,7116,0.0,100,0.0,0.0,0.0,0.0,0.0,0,0,0,0,0.0,0,0,0,0,0,0,0,0,0,0,0,0,0,0,0,0,0,0,0,0,0,0,0,0,0,0,0,0,0,0,0,0,0,31,40,40,71,65476,0,300,0,0,8,21553,0.0,-107605600.0,0.0,0.0,0.0,0.0,0.0,0.0,0.0,0.0,0.0,0.0,0.0,0.0,0.0,0.0,0.0,0.0,0.0,0.0,0.0,0.0,-2.004,-3.697061229103782e+19,0.0,0.0,0.0,0.0,0.0,0.0,4957.0,-0.0,6931.0,0.0,0.0,2.004,2.004,0.0,0.0,0.0,0.0,69,0.0,-2.308827523576129e+20,0.0,0.0,0.0,0.0,0.0,0.0,0.0,0,0,0,0.0,0.0,0.0,0.0,0.0,0.0,0.0,0.0,0.0,0.0,0.0,0.0,0.0,0.0,0.0,0.0,0,-107875648.0,69,0.0,138,0.0,2.012,ERR,ERR,ERR,ERR,ERR,ERR,ERR,ERR,ERR,ERR,ERR,ERR,ERR,ERR,ERR,ERR,ERR,ERR,ERR,ERR,ERR,ERR,ERR,ERR,ERR,ERR,ERR,ERR,ERR,ERR,ERR,ERR,ERR,ERR,ERR,ERR,ERR,ERR,ERR,ERR,ERR,ERR,ERR,ERR,ERR,ERR,ERR,ERR,ERR,ERR,ERR,ERR,ERR,ERR,ERR,ERR,ERR,ERR,ERR,ERR,ERR,ERR,ERR,ERR,ERR,ERR,ERR,60.0,60.0,35,0.0,0.0,0.0,0.0,0.0,0.0,0.0,0.0,0.0,0.0,0.0,0.0,0.0,0.0,0.0,0.0,65.2,0,144,69,53,65476,0,65476,1,4,4,20529,65476,0,0,2621,60.0,0.0,0.0,0.0,0.0,0.0
2026-07-09T15:01:42,ERR,ERR,ERR,ERR,ERR,ERR,ERR,ERR,ERR,ERR,ERR,ERR,ERR,ERR,ERR,ERR,ERR,ERR,ERR,ERR,ERR,ERR,ERR,ERR,ERR,ERR,ERR,ERR,ERR,ERR,ERR,ERR,ERR,ERR,ERR,ERR,ERR,ERR,ERR,ERR,ERR,ERR,ERR,ERR,ERR,ERR,ERR,ERR,ERR,ERR,ERR,ERR,ERR,ERR,ERR,ERR,ERR,ERR,ERR,ERR,ERR,ERR,ERR,ERR,ERR,ERR,ERR,ERR,ERR,ERR,ERR,ERR,ERR,ERR,ERR,ERR,ERR,ERR,ERR,ERR,ERR,ERR,ERR,ERR,ERR,ERR,ERR,ERR,ERR,ERR,ERR,ERR,ERR,ERR,ERR,ERR,ERR,ERR,ERR,ERR,ERR,ERR,ERR,ERR,ERR,ERR,ERR,ERR,ERR,ERR,ERR,ERR,ERR,ERR,ERR,ERR,ERR,ERR,ERR,ERR,ERR,ERR,ERR,ERR,ERR,0.0,2.7184415500831376e+23,-107090288.0,2.718366610185338e+23,-0.0,17616809984.0,-2.044610376577843e+16,0.0,0,0,4,17391,7116,0.0,100,0.0,0.0,0.0,0.0,0.0,0,0,0,0,0.0,0,0,0,0,0,0,0,0,0,0,0,0,0,0,0,0,0,0,0,0,0,0,0,0,0,0,0,0,0,0,0,0,0,31,40,40,71,65476,0,300,0,0,8,21553,0.0,-107605600.0,0.0,0.0,0.0,0.0,0.0,0.0,0.0,0.0,0.0,0.0,0.0,0.0,0.0,0.0,0.0,0.0,0.0,0.0,0.0,0.0,-2.004,-3.697061229103782e+19,0.0,0.0,0.0,0.0,0.0,0.0,4957.0,-0.0,6931.0,0.0,0.0,2.004,2.004,0.0,0.0,0.0,0.0,69,0.0,-2.308827523576129e+20,0.0,0.0,0.0,0.0,0.0,0.0,0.0,0,0,0,0.0,0.0,0.0,0.0,0.0,0.0,0.0,0.0,0.0,0.0,0.0,0.0,0.0,0.0,0.0,0.0,0,-107875648.0,69,0.0,138,0.0,2.012,ERR,ERR,ERR,ERR,ERR,ERR,ERR,ERR,ERR,ERR,ERR,ERR,ERR,ERR,ERR,ERR,ERR,ERR,ERR,ERR,ERR,ERR,ERR,ERR,ERR,ERR,ERR,ERR,ERR,ERR,ERR,ERR,ERR,ERR,ERR,ERR,ERR,ERR,ERR,ERR,ERR,ERR,ERR,ERR,ERR,ERR,ERR,ERR,ERR,ERR,ERR,ERR,ERR,ERR,ERR,ERR,ERR,ERR,ERR,ERR,ERR,ERR,ERR,ERR,ERR,ERR,ERR,60.0,60.0,35,0.0,0.0,0.0,0.0,0.0,0.0,0.0,0.0,0.0,0.0,0.0,0.0,0.0,0.0,0.0,0.0,65.2,0,144,68,53,65476,0,65476,1,4,4,20529,65476,0,0,2621,60.0,0.0,0.0,0.0,0.0,0.0
2026-07-09T15:01:43,ERR,ERR,ERR,ERR,ERR,ERR,ERR,ERR,ERR,ERR,ERR,ERR,ERR,ERR,ERR,ERR,ERR,ERR,ERR,ERR,ERR,ERR,ERR,ERR,ERR,ERR,ERR,ERR,ERR,ERR,ERR,ERR,ERR,ERR,ERR,ERR,ERR,ERR,ERR,ERR,ERR,ERR,ERR,ERR,ERR,ERR,ERR,ERR,ERR,ERR,ERR,ERR,ERR,ERR,ERR,ERR,ERR,ERR,ERR,ERR,ERR,ERR,ERR,ERR,ERR,ERR,ERR,ERR,ERR,ERR,ERR,ERR,ERR,ERR,ERR,ERR,ERR,ERR,ERR,ERR,ERR,ERR,ERR,ERR,ERR,ERR,ERR,ERR,ERR,ERR,ERR,ERR,ERR,ERR,ERR,ERR,ERR,ERR,ERR,ERR,ERR,ERR,ERR,ERR,ERR,ERR,ERR,ERR,ERR,ERR,ERR,ERR,ERR,ERR,ERR,ERR,ERR,ERR,ERR,ERR,ERR,ERR,ERR,ERR,ERR,0.0,2.7184415500831376e+23,-107090288.0,2.718366610185338e+23,-0.0,17616809984.0,-2.044610376577843e+16,0.0,0,0,4,17391,7116,0.0,100,0.0,0.0,0.0,0.0,0.0,0,0,0,0,0.0,0,0,0,0,0,0,0,0,0,0,0,0,0,0,0,0,0,0,0,0,0,0,0,0,0,0,0,0,0,0,0,0,0,31,40,40,71,65476,0,300,0,0,8,21553,0.0,-107605600.0,0.0,0.0,0.0,0.0,0.0,0.0,0.0,0.0,0.0,0.0,0.0,0.0,0.0,0.0,0.0,0.0,0.0,0.0,0.0,0.0,-2.004,-3.697061229103782e+19,0.0,0.0,0.0,0.0,0.0,0.0,4957.0,-0.0,6931.0,0.0,0.0,2.004,2.004,0.0,0.0,0.0,0.0,69,0.0,-2.308827523576129e+20,0.0,0.0,0.0,0.0,0.0,0.0,0.0,0,0,0,0.0,0.0,0.0,0.0,0.0,0.0,0.0,0.0,0.0,0.0,0.0,0.0,0.0,0.0,0.0,0.0,0,-107875648.0,69,0.0,138,0.0,2.012,ERR,ERR,ERR,ERR,ERR,ERR,ERR,ERR,ERR,ERR,ERR,ERR,ERR,ERR,ERR,ERR,ERR,ERR,ERR,ERR,ERR,ERR,ERR,ERR,ERR,ERR,ERR,ERR,ERR,ERR,ERR,ERR,ERR,ERR,ERR,ERR,ERR,ERR,ERR,ERR,ERR,ERR,ERR,ERR,ERR,ERR,ERR,ERR,ERR,ERR,ERR,ERR,ERR,ERR,ERR,ERR,ERR,ERR,ERR,ERR,ERR,ERR,ERR,ERR,ERR,ERR,ERR,60.0,60.0,35,0.0,0.0,0.0,0.0,0.0,0.0,0.0,0.0,0.0,0.0,0.0,0.0,0.0,0.0,0.0,0.0,65.2,0,144,68,53,65476,0,65476,1,4,4,20529,65476,0,0,2621,60.0,0.0,0.0,0.0,0.0,0.0
2026-07-09T15:01:44,ERR,ERR,ERR,ERR,ERR,ERR,ERR,ERR,ERR,ERR,ERR,ERR,ERR,ERR,ERR,ERR,ERR,ERR,ERR,ERR,ERR,ERR,ERR,ERR,ERR,ERR,ERR,ERR,ERR,ERR,ERR,ERR,ERR,ERR,ERR,ERR,ERR,ERR,ERR,ERR,ERR,ERR,ERR,ERR,ERR,ERR,ERR,ERR,ERR,ERR,ERR,ERR,ERR,ERR,ERR,ERR,ERR,ERR,ERR,ERR,ERR,ERR,ERR,ERR,ERR,ERR,ERR,ERR,ERR,ERR,ERR,ERR,ERR,ERR,ERR,ERR,ERR,ERR,ERR,ERR,ERR,ERR,ERR,ERR,ERR,ERR,ERR,ERR,ERR,ERR,ERR,ERR,ERR,ERR,ERR,ERR,ERR,ERR,ERR,ERR,ERR,ERR,ERR,ERR,ERR,ERR,ERR,ERR,ERR,ERR,ERR,ERR,ERR,ERR,ERR,ERR,ERR,ERR,ERR,ERR,ERR,ERR,ERR,ERR,ERR,0.0,2.7184415500831376e+23,-107090288.0,2.718366610185338e+23,-0.0,17616809984.0,-2.044610376577843e+16,0.0,0,0,4,17391,7116,0.0,100,0.0,0.0,0.0,0.0,0.0,0,0,0,0,0.0,0,0,0,0,0,0,0,0,0,0,0,0,0,0,0,0,0,0,0,0,0,0,0,0,0,0,0,0,0,0,0,0,0,31,40,40,71,65476,0,300,0,0,8,21553,0.0,-107605600.0,0.0,0.0,0.0,0.0,0.0,0.0,0.0,0.0,0.0,0.0,0.0,0.0,0.0,0.0,0.0,0.0,0.0,0.0,0.0,0.0,-2.004,-3.697061229103782e+19,0.0,0.0,0.0,0.0,0.0,0.0,4957.0,-0.0,6931.0,0.0,0.0,2.004,2.004,0.0,0.0,0.0,0.0,69,0.0,-2.308827523576129e+20,0.0,0.0,0.0,0.0,0.0,0.0,0.0,0,0,0,0.0,0.0,0.0,0.0,0.0,0.0,0.0,0.0,0.0,0.0,0.0,0.0,0.0,0.0,0.0,0.0,0,-107875648.0,69,0.0,138,0.0,2.012,ERR,ERR,ERR,ERR,ERR,ERR,ERR,ERR,ERR,ERR,ERR,ERR,ERR,ERR,ERR,ERR,ERR,ERR,ERR,ERR,ERR,ERR,ERR,ERR,ERR,ERR,ERR,ERR,ERR,ERR,ERR,ERR,ERR,ERR,ERR,ERR,ERR,ERR,ERR,ERR,ERR,ERR,ERR,ERR,ERR,ERR,ERR,ERR,ERR,ERR,ERR,ERR,ERR,ERR,ERR,ERR,ERR,ERR,ERR,ERR,ERR,ERR,ERR,ERR,ERR,ERR,ERR,60.0,60.0,35,0.0,0.0,0.0,0.0,0.0,0.0,0.0,0.0,0.0,0.0,0.0,0.0,0.0,0.0,0.0,0.0,65.2,0,144,68,53,65476,0,65476,1,4,4,20529,65476,0,0,2621,60.0,0.0,0.0,0.0,0.0,0.0
2026-07-09T15:01:45,ERR,ERR,ERR,ERR,ERR,ERR,ERR,ERR,ERR,ERR,ERR,ERR,ERR,ERR,ERR,ERR,ERR,ERR,ERR,ERR,ERR,ERR,ERR,ERR,ERR,ERR,ERR,ERR,ERR,ERR,ERR,ERR,ERR,ERR,ERR,ERR,ERR,ERR,ERR,ERR,ERR,ERR,ERR,ERR,ERR,ERR,ERR,ERR,ERR,ERR,ERR,ERR,ERR,ERR,ERR,ERR,ERR,ERR,ERR,ERR,ERR,ERR,ERR,ERR,ERR,ERR,ERR,ERR,ERR,ERR,ERR,ERR,ERR,ERR,ERR,ERR,ERR,ERR,ERR,ERR,ERR,ERR,ERR,ERR,ERR,ERR,ERR,ERR,ERR,ERR,ERR,ERR,ERR,ERR,ERR,ERR,ERR,ERR,ERR,ERR,ERR,ERR,ERR,ERR,ERR,ERR,ERR,ERR,ERR,ERR,ERR,ERR,ERR,ERR,ERR,ERR,ERR,ERR,ERR,ERR,ERR,ERR,ERR,ERR,ERR,2.7184242562605685e+23,-107615848.0,0.0,0.0,-0.0,0.0,-0.0,-0.0,0,0,4,17386,7116,0.0,100,0.0,0.0,0.0,0.0,0.0,0,0,0,0,0.0,0,0,0,0,0,0,0,0,0,0,0,0,0,0,0,0,0,0,0,0,0,0,0,0,0,0,0,0,0,0,0,0,0,31,40,40,71,65476,0,300,0,0,8,21553,0.0,-107605600.0,0.0,0.0,0.0,0.0,0.0,0.0,0.0,0.0,0.0,0.0,0.0,0.0,0.0,0.0,0.0,0.0,0.0,0.0,0.0,0.0,0.0,-0.0,0.0,0.0,0.0,0.0,0.0,0.0,4955.0,1.0406651332689642e+34,6927.0,2.7184242562605685e+23,-0.0,2.004,2.004,0.0,0.0,0.0,0.0,69,0.0,-0.0,0.0,0.0,0.0,0.0,0.0,0.0,0.0,0,0,0,0.0,0.0,0.0,0.0,0.0,0.0,0.0,0.0,0.0,0.0,0.0,0.0,0.0,0.0,0.0,0.0,0,-107875648.0,69,0.0,138,0.0,2.012,ERR,ERR,ERR,ERR,ERR,ERR,ERR,ERR,ERR,ERR,ERR,ERR,ERR,ERR,ERR,ERR,ERR,ERR,ERR,ERR,ERR,ERR,ERR,ERR,ERR,ERR,ERR,ERR,ERR,ERR,ERR,ERR,ERR,ERR,ERR,ERR,ERR,ERR,ERR,ERR,ERR,ERR,ERR,ERR,ERR,ERR,ERR,ERR,ERR,ERR,ERR,ERR,ERR,ERR,ERR,ERR,ERR,ERR,ERR,ERR,ERR,ERR,ERR,ERR,ERR,ERR,ERR,60.0,60.0,35,0.0,0.0,0.0,0.0,0.0,0.0,0.0,0.0,0.0,0.0,0.0,0.0,0.0,0.0,0.0,0.0,65.2,0,143,68,53,65476,0,65476,1,4,4,20529,65476,0,0,2621,60.0,0.0,0.0,0.0,0.0,0.0
2026-07-09T15:01:46,ERR,ERR,ERR,ERR,ERR,ERR,ERR,ERR,ERR,ERR,ERR,ERR,ERR,ERR,ERR,ERR,ERR,ERR,ERR,ERR,ERR,ERR,ERR,ERR,ERR,ERR,ERR,ERR,ERR,ERR,ERR,ERR,ERR,ERR,ERR,ERR,ERR,ERR,ERR,ERR,ERR,ERR,ERR,ERR,ERR,ERR,ERR,ERR,ERR,ERR,ERR,ERR,ERR,ERR,ERR,ERR,ERR,ERR,ERR,ERR,ERR,ERR,ERR,ERR,ERR,ERR,ERR,ERR,ERR,ERR,ERR,ERR,ERR,ERR,ERR,ERR,ERR,ERR,ERR,ERR,ERR,ERR,ERR,ERR,ERR,ERR,ERR,ERR,ERR,ERR,ERR,ERR,ERR,ERR,ERR,ERR,ERR,ERR,ERR,ERR,ERR,ERR,ERR,ERR,ERR,ERR,ERR,ERR,ERR,ERR,ERR,ERR,ERR,ERR,ERR,ERR,ERR,ERR,ERR,ERR,ERR,ERR,ERR,ERR,ERR,2.7184242562605685e+23,-107615848.0,0.0,0.0,-0.0,0.0,-0.0,-0.0,0,0,4,17386,7116,0.0,100,0.0,0.0,0.0,0.0,0.0,0,0,0,0,0.0,0,0,0,0,0,0,0,0,0,0,0,0,0,0,0,0,0,0,0,0,0,0,0,0,0,0,0,0,0,0,0,0,0,31,40,40,71,65476,0,300,0,0,8,21553,0.0,-107605600.0,0.0,0.0,0.0,0.0,0.0,0.0,0.0,0.0,0.0,0.0,0.0,0.0,0.0,0.0,0.0,0.0,0.0,0.0,0.0,0.0,0.0,-0.0,0.0,0.0,0.0,0.0,0.0,0.0,4955.0,1.0406651332689642e+34,6927.0,2.7184242562605685e+23,-0.0,2.004,2.004,0.0,0.0,0.0,0.0,69,0.0,-0.0,0.0,0.0,0.0,0.0,0.0,0.0,0.0,0,0,0,0.0,0.0,0.0,0.0,0.0,0.0,0.0,0.0,0.0,0.0,0.0,0.0,0.0,0.0,0.0,0.0,0,-107875648.0,69,0.0,138,0.0,2.012,ERR,ERR,ERR,ERR,ERR,ERR,ERR,ERR,ERR,ERR,ERR,ERR,ERR,ERR,ERR,ERR,ERR,ERR,ERR,ERR,ERR,ERR,ERR,ERR,ERR,ERR,ERR,ERR,ERR,ERR,ERR,ERR,ERR,ERR,ERR,ERR,ERR,ERR,ERR,ERR,ERR,ERR,ERR,ERR,ERR,ERR,ERR,ERR,ERR,ERR,ERR,ERR,ERR,ERR,ERR,ERR,ERR,ERR,ERR,ERR,ERR,ERR,ERR,ERR,ERR,ERR,ERR,60.0,60.0,35,0.0,0.0,0.0,0.0,0.0,0.0,0.0,0.0,0.0,0.0,0.0,0.0,0.0,0.0,0.0,0.0,65.2,0,143,68,53,65476,0,65476,1,4,4,20529,65476,0,0,2621,60.0,0.0,0.0,0.0,0.0,0.0
2026-07-09T15:01:47,ERR,ERR,ERR,ERR,ERR,ERR,ERR,ERR,ERR,ERR,ERR,ERR,ERR,ERR,ERR,ERR,ERR,ERR,ERR,ERR,ERR,ERR,ERR,ERR,ERR,ERR,ERR,ERR,ERR,ERR,ERR,ERR,ERR,ERR,ERR,ERR,ERR,ERR,ERR,ERR,ERR,ERR,ERR,ERR,ERR,ERR,ERR,ERR,ERR,ERR,ERR,ERR,ERR,ERR,ERR,ERR,ERR,ERR,ERR,ERR,ERR,ERR,ERR,ERR,ERR,ERR,ERR,ERR,ERR,ERR,ERR,ERR,ERR,ERR,ERR,ERR,ERR,ERR,ERR,ERR,ERR,ERR,ERR,ERR,ERR,ERR,ERR,ERR,ERR,ERR,ERR,ERR,ERR,ERR,ERR,ERR,ERR,ERR,ERR,ERR,ERR,ERR,ERR,ERR,ERR,ERR,ERR,ERR,ERR,ERR,ERR,ERR,ERR,ERR,ERR,ERR,ERR,ERR,ERR,ERR,ERR,ERR,ERR,ERR,ERR,2.7184242562605685e+23,-107615848.0,0.0,0.0,-0.0,0.0,-0.0,-0.0,0,0,4,17386,7116,0.0,100,0.0,0.0,0.0,0.0,0.0,0,0,0,0,0.0,0,0,0,0,0,0,0,0,0,0,0,0,0,0,0,0,0,0,0,0,0,0,0,0,0,0,0,0,0,0,0,0,0,31,40,40,71,65476,0,300,0,0,8,21553,0.0,-107605600.0,0.0,0.0,0.0,0.0,0.0,0.0,0.0,0.0,0.0,0.0,0.0,0.0,0.0,0.0,0.0,0.0,0.0,0.0,0.0,0.0,0.0,-0.0,0.0,0.0,0.0,0.0,0.0,0.0,4955.0,1.0406651332689642e+34,6927.0,2.7184242562605685e+23,-0.0,2.004,2.004,0.0,0.0,0.0,0.0,69,0.0,-0.0,0.0,0.0,0.0,0.0,0.0,0.0,0.0,0,0,0,0.0,0.0,0.0,0.0,0.0,0.0,0.0,0.0,0.0,0.0,0.0,0.0,0.0,0.0,0.0,0.0,0,-107875648.0,69,0.0,138,0.0,2.012,ERR,ERR,ERR,ERR,ERR,ERR,ERR,ERR,ERR,ERR,ERR,ERR,ERR,ERR,ERR,ERR,ERR,ERR,ERR,ERR,ERR,ERR,ERR,ERR,ERR,ERR,ERR,ERR,ERR,ERR,ERR,ERR,ERR,ERR,ERR,ERR,ERR,ERR,ERR,ERR,ERR,ERR,ERR,ERR,ERR,ERR,ERR,ERR,ERR,ERR,ERR,ERR,ERR,ERR,ERR,ERR,ERR,ERR,ERR,ERR,ERR,ERR,ERR,ERR,ERR,ERR,ERR,60.0,60.0,35,0.0,0.0,0.0,0.0,0.0,0.0,0.0,0.0,0.0,0.0,0.0,0.0,0.0,0.0,0.0,0.0,65.2,0,143,68,52,65476,0,65476,1,4,4,20529,65476,0,0,2621,60.0,0.0,0.0,0.0,0.0,0.0
2026-07-09T15:01:48,ERR,ERR,ERR,ERR,ERR,ERR,ERR,ERR,ERR,ERR,ERR,ERR,ERR,ERR,ERR,ERR,ERR,ERR,ERR,ERR,ERR,ERR,ERR,ERR,ERR,ERR,ERR,ERR,ERR,ERR,ERR,ERR,ERR,ERR,ERR,ERR,ERR,ERR,ERR,ERR,ERR,ERR,ERR,ERR,ERR,ERR,ERR,ERR,ERR,ERR,ERR,ERR,ERR,ERR,ERR,ERR,ERR,ERR,ERR,ERR,ERR,ERR,ERR,ERR,ERR,ERR,ERR,ERR,ERR,ERR,ERR,ERR,ERR,ERR,ERR,ERR,ERR,ERR,ERR,ERR,ERR,ERR,ERR,ERR,ERR,ERR,ERR,ERR,ERR,ERR,ERR,ERR,ERR,ERR,ERR,ERR,ERR,ERR,ERR,ERR,ERR,ERR,ERR,ERR,ERR,ERR,ERR,ERR,ERR,ERR,ERR,ERR,ERR,ERR,ERR,ERR,ERR,ERR,ERR,ERR,ERR,ERR,ERR,ERR,ERR,2.7184242562605685e+23,-107615848.0,0.0,0.0,-0.0,0.0,-0.0,-0.0,0,0,4,17386,7116,0.0,100,0.0,0.0,0.0,0.0,0.0,0,0,0,0,0.0,0,0,0,0,0,0,0,0,0,0,0,0,0,0,0,0,0,0,0,0,0,0,0,0,0,0,0,0,0,0,0,0,0,31,40,40,71,65476,0,300,0,0,8,21553,0.0,-107605600.0,0.0,0.0,0.0,0.0,0.0,0.0,0.0,0.0,0.0,0.0,0.0,0.0,0.0,0.0,0.0,0.0,0.0,0.0,0.0,0.0,0.0,-0.0,0.0,0.0,0.0,0.0,0.0,0.0,4955.0,1.0406651332689642e+34,6927.0,2.7184242562605685e+23,-0.0,2.004,2.004,0.0,0.0,0.0,0.0,69,0.0,-0.0,0.0,0.0,0.0,0.0,0.0,0.0,0.0,0,0,0,0.0,0.0,0.0,0.0,0.0,0.0,0.0,0.0,0.0,0.0,0.0,0.0,0.0,0.0,0.0,0.0,0,-107875648.0,69,0.0,138,0.0,2.012,ERR,ERR,ERR,ERR,ERR,ERR,ERR,ERR,ERR,ERR,ERR,ERR,ERR,ERR,ERR,ERR,ERR,ERR,ERR,ERR,ERR,ERR,ERR,ERR,ERR,ERR,ERR,ERR,ERR,ERR,ERR,ERR,ERR,ERR,ERR,ERR,ERR,ERR,ERR,ERR,ERR,ERR,ERR,ERR,ERR,ERR,ERR,ERR,ERR,ERR,ERR,ERR,ERR,ERR,ERR,ERR,ERR,ERR,ERR,ERR,ERR,ERR,ERR,ERR,ERR,ERR,ERR,60.0,60.0,35,0.0,0.0,0.0,0.0,0.0,0.0,0.0,0.0,0.0,0.0,0.0,0.0,0.0,0.0,0.0,0.0,65.2,0,143,68,52,65476,0,65476,1,4,4,20529,65476,0,0,2621,60.0,0.0,0.0,0.0,0.0,0.0
2026-07-09T15:01:49,ERR,ERR,ERR,ERR,ERR,ERR,ERR,ERR,ERR,ERR,ERR,ERR,ERR,ERR,ERR,ERR,ERR,ERR,ERR,ERR,ERR,ERR,ERR,ERR,ERR,ERR,ERR,ERR,ERR,ERR,ERR,ERR,ERR,ERR,ERR,ERR,ERR,ERR,ERR,ERR,ERR,ERR,ERR,ERR,ERR,ERR,ERR,ERR,ERR,ERR,ERR,ERR,ERR,ERR,ERR,ERR,ERR,ERR,ERR,ERR,ERR,ERR,ERR,ERR,ERR,ERR,ERR,ERR,ERR,ERR,ERR,ERR,ERR,ERR,ERR,ERR,ERR,ERR,ERR,ERR,ERR,ERR,ERR,ERR,ERR,ERR,ERR,ERR,ERR,ERR,ERR,ERR,ERR,ERR,ERR,ERR,ERR,ERR,ERR,ERR,ERR,ERR,ERR,ERR,ERR,ERR,ERR,ERR,ERR,ERR,ERR,ERR,ERR,ERR,ERR,ERR,ERR,ERR,ERR,ERR,ERR,ERR,ERR,ERR,ERR,-107615088.0,2.7184413699391525e+23,nan,2.718366610185338e+23,-7.15742384184361e+16,-1.7382468212863546e+34,2.6241992242807826e+23,10.453,0,0,4,17385,7116,0.0,100,0.0,0.0,0.0,0.0,0.0,0,0,0,0,0.0,0,0,0,0,0,0,0,0,0,0,0,0,0,0,0,0,0,0,0,0,0,0,0,0,0,0,0,0,0,0,0,0,0,31,40,40,71,65476,0,300,0,0,8,21553,0.0,-107605600.0,0.0,0.0,0.0,0.0,0.0,0.0,0.0,0.0,0.0,0.0,0.0,0.0,0.0,0.0,0.0,0.0,0.0,0.0,0.0,0.0,2.004,3.697061229103782e+19,0.0,0.0,0.0,0.0,0.0,0.0,4946.0,1.0406651332689642e+34,6927.0,-107615088.0,2.7184413699391525e+23,2.004,2.004,0.0,0.0,0.0,0.0,69,-4.9504266636054534e+32,-0.0,0.0,0.0,0.0,0.0,0.0,0.0,0.0,0,0,0,0.0,0.0,0.0,0.0,0.0,0.0,0.0,0.0,0.0,0.0,0.0,0.0,0.0,0.0,0.0,0.0,0,-107875648.0,69,0.0,138,0.0,2.012,ERR,ERR,ERR,ERR,ERR,ERR,ERR,ERR,ERR,ERR,ERR,ERR,ERR,ERR,ERR,ERR,ERR,ERR,ERR,ERR,ERR,ERR,ERR,ERR,ERR,ERR,ERR,ERR,ERR,ERR,ERR,ERR,ERR,ERR,ERR,ERR,ERR,ERR,ERR,ERR,ERR,ERR,ERR,ERR,ERR,ERR,ERR,ERR,ERR,ERR,ERR,ERR,ERR,ERR,ERR,ERR,ERR,ERR,ERR,ERR,ERR,ERR,ERR,ERR,ERR,ERR,ERR,60.0,60.0,35,0.0,0.0,0.0,0.0,0.0,0.0,0.0,0.0,0.0,0.0,0.0,0.0,0.0,0.0,0.0,0.0,65.2,0,143,68,52,65476,0,65476,1,4,4,20529,65476,0,0,2621,60.0,0.0,0.0,0.0,0.0,0.0
2026-07-09T15:01:50,ERR,ERR,ERR,ERR,ERR,ERR,ERR,ERR,ERR,ERR,ERR,ERR,ERR,ERR,ERR,ERR,ERR,ERR,ERR,ERR,ERR,ERR,ERR,ERR,ERR,ERR,ERR,ERR,ERR,ERR,ERR,ERR,ERR,ERR,ERR,ERR,ERR,ERR,ERR,ERR,ERR,ERR,ERR,ERR,ERR,ERR,ERR,ERR,ERR,ERR,ERR,ERR,ERR,ERR,ERR,ERR,ERR,ERR,ERR,ERR,ERR,ERR,ERR,ERR,ERR,ERR,ERR,ERR,ERR,ERR,ERR,ERR,ERR,ERR,ERR,ERR,ERR,ERR,ERR,ERR,ERR,ERR,ERR,ERR,ERR,ERR,ERR,ERR,ERR,ERR,ERR,ERR,ERR,ERR,ERR,ERR,ERR,ERR,ERR,ERR,ERR,ERR,ERR,ERR,ERR,ERR,ERR,ERR,ERR,ERR,ERR,ERR,ERR,ERR,ERR,ERR,ERR,ERR,ERR,ERR,ERR,ERR,ERR,ERR,ERR,-107615088.0,2.7184413699391525e+23,nan,2.718366610185338e+23,-7.15742384184361e+16,-1.7382468212863546e+34,2.6241992242807826e+23,10.453,0,0,4,17385,7116,0.0,100,0.0,0.0,0.0,0.0,0.0,0,0,0,0,0.0,0,0,0,0,0,0,0,0,0,0,0,0,0,0,0,0,0,0,0,0,0,0,0,0,0,0,0,0,0,0,0,0,0,31,40,40,71,65476,0,300,0,0,8,21553,0.0,-107605600.0,0.0,0.0,0.0,0.0,0.0,0.0,0.0,0.0,0.0,0.0,0.0,0.0,0.0,0.0,0.0,0.0,0.0,0.0,0.0,0.0,2.004,3.697061229103782e+19,0.0,0.0,0.0,0.0,0.0,0.0,4946.0,1.0406651332689642e+34,6927.0,-107615088.0,2.7184413699391525e+23,2.004,2.004,0.0,0.0,0.0,0.0,69,-4.9504266636054534e+32,-0.0,0.0,0.0,0.0,0.0,0.0,0.0,0.0,0,0,0,0.0,0.0,0.0,0.0,0.0,0.0,0.0,0.0,0.0,0.0,0.0,0.0,0.0,0.0,0.0,0.0,0,-107875648.0,69,0.0,138,0.0,2.012,ERR,ERR,ERR,ERR,ERR,ERR,ERR,ERR,ERR,ERR,ERR,ERR,ERR,ERR,ERR,ERR,ERR,ERR,ERR,ERR,ERR,ERR,ERR,ERR,ERR,ERR,ERR,ERR,ERR,ERR,ERR,ERR,ERR,ERR,ERR,ERR,ERR,ERR,ERR,ERR,ERR,ERR,ERR,ERR,ERR,ERR,ERR,ERR,ERR,ERR,ERR,ERR,ERR,ERR,ERR,ERR,ERR,ERR,ERR,ERR,ERR,ERR,ERR,ERR,ERR,ERR,ERR,60.0,60.0,35,0.0,0.0,0.0,0.0,0.0,0.0,0.0,0.0,0.0,0.0,0.0,0.0,0.0,0.0,0.0,0.0,65.2,0,143,68,52,65476,0,65476,1,4,4,20529,65476,0,0,2621,60.0,0.0,0.0,0.0,0.0,0.0
2026-07-09T15:01:51,ERR,ERR,ERR,ERR,ERR,ERR,ERR,ERR,ERR,ERR,ERR,ERR,ERR,ERR,ERR,ERR,ERR,ERR,ERR,ERR,ERR,ERR,ERR,ERR,ERR,ERR,ERR,ERR,ERR,ERR,ERR,ERR,ERR,ERR,ERR,ERR,ERR,ERR,ERR,ERR,ERR,ERR,ERR,ERR,ERR,ERR,ERR,ERR,ERR,ERR,ERR,ERR,ERR,ERR,ERR,ERR,ERR,ERR,ERR,ERR,ERR,ERR,ERR,ERR,ERR,ERR,ERR,ERR,ERR,ERR,ERR,ERR,ERR,ERR,ERR,ERR,ERR,ERR,ERR,ERR,ERR,ERR,ERR,ERR,ERR,ERR,ERR,ERR,ERR,ERR,ERR,ERR,ERR,ERR,ERR,ERR,ERR,ERR,ERR,ERR,ERR,ERR,ERR,ERR,ERR,ERR,ERR,ERR,ERR,ERR,ERR,ERR,ERR,ERR,ERR,ERR,ERR,ERR,ERR,ERR,ERR,ERR,ERR,ERR,ERR,-107615088.0,2.7184413699391525e+23,nan,2.718366610185338e+23,-7.15742384184361e+16,-1.7382468212863546e+34,2.6241992242807826e+23,10.453,0,0,4,17385,7116,0.0,100,0.0,0.0,0.0,0.0,0.0,0,0,0,0,0.0,0,0,0,0,0,0,0,0,0,0,0,0,0,0,0,0,0,0,0,0,0,0,0,0,0,0,0,0,0,0,0,0,0,31,40,40,71,65476,0,300,0,0,8,21553,0.0,-107605600.0,0.0,0.0,0.0,0.0,0.0,0.0,0.0,0.0,0.0,0.0,0.0,0.0,0.0,0.0,0.0,0.0,0.0,0.0,0.0,0.0,2.004,3.697061229103782e+19,0.0,0.0,0.0,0.0,0.0,0.0,4946.0,1.0406651332689642e+34,6927.0,-107615088.0,2.7184413699391525e+23,2.004,2.004,0.0,0.0,0.0,0.0,69,-4.9504266636054534e+32,-0.0,0.0,0.0,0.0,0.0,0.0,0.0,0.0,0,0,0,0.0,0.0,0.0,0.0,0.0,0.0,0.0,0.0,0.0,0.0,0.0,0.0,0.0,0.0,0.0,0.0,0,-107875648.0,69,0.0,138,0.0,2.012,ERR,ERR,ERR,ERR,ERR,ERR,ERR,ERR,ERR,ERR,ERR,ERR,ERR,ERR,ERR,ERR,ERR,ERR,ERR,ERR,ERR,ERR,ERR,ERR,ERR,ERR,ERR,ERR,ERR,ERR,ERR,ERR,ERR,ERR,ERR,ERR,ERR,ERR,ERR,ERR,ERR,ERR,ERR,ERR,ERR,ERR,ERR,ERR,ERR,ERR,ERR,ERR,ERR,ERR,ERR,ERR,ERR,ERR,ERR,ERR,ERR,ERR,ERR,ERR,ERR,ERR,ERR,60.0,60.0,35,0.0,0.0,0.0,0.0,0.0,0.0,0.0,0.0,0.0,0.0,0.0,0.0,0.0,0.0,0.0,0.0,65.2,0,143,68,52,65476,0,65476,1,4,4,20529,65476,0,0,2621,60.0,0.0,0.0,0.0,0.0,0.0
2026-07-09T15:01:52,ERR,ERR,ERR,ERR,ERR,ERR,ERR,ERR,ERR,ERR,ERR,ERR,ERR,ERR,ERR,ERR,ERR,ERR,ERR,ERR,ERR,ERR,ERR,ERR,ERR,ERR,ERR,ERR,ERR,ERR,ERR,ERR,ERR,ERR,ERR,ERR,ERR,ERR,ERR,ERR,ERR,ERR,ERR,ERR,ERR,ERR,ERR,ERR,ERR,ERR,ERR,ERR,ERR,ERR,ERR,ERR,ERR,ERR,ERR,ERR,ERR,ERR,ERR,ERR,ERR,ERR,ERR,ERR,ERR,ERR,ERR,ERR,ERR,ERR,ERR,ERR,ERR,ERR,ERR,ERR,ERR,ERR,ERR,ERR,ERR,ERR,ERR,ERR,ERR,ERR,ERR,ERR,ERR,ERR,ERR,ERR,ERR,ERR,ERR,ERR,ERR,ERR,ERR,ERR,ERR,ERR,ERR,ERR,ERR,ERR,ERR,ERR,ERR,ERR,ERR,ERR,ERR,ERR,ERR,ERR,ERR,ERR,ERR,ERR,ERR,-107615088.0,2.7184413699391525e+23,nan,2.718366610185338e+23,-7.15742384184361e+16,-1.7382468212863546e+34,2.6241992242807826e+23,10.453,0,0,4,17385,7116,0.0,100,0.0,0.0,0.0,0.0,0.0,0,0,0,0,0.0,0,0,0,0,0,0,0,0,0,0,0,0,0,0,0,0,0,0,0,0,0,0,0,0,0,0,0,0,0,0,0,0,0,31,40,40,71,65476,0,300,0,0,8,21553,0.0,-107605600.0,0.0,0.0,0.0,0.0,0.0,0.0,0.0,0.0,0.0,0.0,0.0,0.0,0.0,0.0,0.0,0.0,0.0,0.0,0.0,0.0,2.004,3.697061229103782e+19,0.0,0.0,0.0,0.0,0.0,0.0,4946.0,1.0406651332689642e+34,6927.0,-107615088.0,2.7184413699391525e+23,2.004,2.004,0.0,0.0,0.0,0.0,69,-4.9504266636054534e+32,-0.0,0.0,0.0,0.0,0.0,0.0,0.0,0.0,0,0,0,0.0,0.0,0.0,0.0,0.0,0.0,0.0,0.0,0.0,0.0,0.0,0.0,0.0,0.0,0.0,0.0,0,-107875648.0,69,0.0,138,0.0,2.012,ERR,ERR,ERR,ERR,ERR,ERR,ERR,ERR,ERR,ERR,ERR,ERR,ERR,ERR,ERR,ERR,ERR,ERR,ERR,ERR,ERR,ERR,ERR,ERR,ERR,ERR,ERR,ERR,ERR,ERR,ERR,ERR,ERR,ERR,ERR,ERR,ERR,ERR,ERR,ERR,ERR,ERR,ERR,ERR,ERR,ERR,ERR,ERR,ERR,ERR,ERR,ERR,ERR,ERR,ERR,ERR,ERR,ERR,ERR,ERR,ERR,ERR,ERR,ERR,ERR,ERR,ERR,60.0,60.0,35,0.0,0.0,0.0,0.0,0.0,0.0,0.0,0.0,0.0,0.0,0.0,0.0,0.0,0.0,0.0,0.0,65.2,0,143,68,52,65476,0,65476,1,4,4,20529,65476,0,0,2621,60.0,0.0,0.0,0.0,0.0,0.0
2026-07-09T15:01:53,ERR,ERR,ERR,ERR,ERR,ERR,ERR,ERR,ERR,ERR,ERR,ERR,ERR,ERR,ERR,ERR,ERR,ERR,ERR,ERR,ERR,ERR,ERR,ERR,ERR,ERR,ERR,ERR,ERR,ERR,ERR,ERR,ERR,ERR,ERR,ERR,ERR,ERR,ERR,ERR,ERR,ERR,ERR,ERR,ERR,ERR,ERR,ERR,ERR,ERR,ERR,ERR,ERR,ERR,ERR,ERR,ERR,ERR,ERR,ERR,ERR,ERR,ERR,ERR,ERR,ERR,ERR,ERR,ERR,ERR,ERR,ERR,ERR,ERR,ERR,ERR,ERR,ERR,ERR,ERR,ERR,ERR,ERR,ERR,ERR,ERR,ERR,ERR,ERR,ERR,ERR,ERR,ERR,ERR,ERR,ERR,ERR,ERR,ERR,ERR,ERR,ERR,ERR,ERR,ERR,ERR,ERR,ERR,ERR,ERR,ERR,ERR,ERR,ERR,ERR,ERR,ERR,ERR,ERR,ERR,ERR,ERR,ERR,ERR,ERR,-107615088.0,2.7184413699391525e+23,nan,2.718366610185338e+23,-7.15742384184361e+16,-1.7382468212863546e+34,2.6241992242807826e+23,10.453,0,0,4,17385,7116,0.0,100,0.0,0.0,0.0,0.0,0.0,0,0,0,0,0.0,0,0,0,0,0,0,0,0,0,0,0,0,0,0,0,0,0,0,0,0,0,0,0,0,0,0,0,0,0,0,0,0,0,31,40,40,71,65476,0,300,0,0,8,21553,0.0,-107605600.0,0.0,0.0,0.0,0.0,0.0,0.0,0.0,0.0,0.0,0.0,0.0,0.0,0.0,0.0,0.0,0.0,0.0,0.0,0.0,0.0,2.004,3.697061229103782e+19,0.0,0.0,0.0,0.0,0.0,0.0,4946.0,1.0406651332689642e+34,6927.0,-107615088.0,2.7184413699391525e+23,2.004,2.004,0.0,0.0,0.0,0.0,69,-4.9504266636054534e+32,-0.0,0.0,0.0,0.0,0.0,0.0,0.0,0.0,0,0,0,0.0,0.0,0.0,0.0,0.0,0.0,0.0,0.0,0.0,0.0,0.0,0.0,0.0,0.0,0.0,0.0,0,-107875648.0,69,0.0,138,0.0,2.012,ERR,ERR,ERR,ERR,ERR,ERR,ERR,ERR,ERR,ERR,ERR,ERR,ERR,ERR,ERR,ERR,ERR,ERR,ERR,ERR,ERR,ERR,ERR,ERR,ERR,ERR,ERR,ERR,ERR,ERR,ERR,ERR,ERR,ERR,ERR,ERR,ERR,ERR,ERR,ERR,ERR,ERR,ERR,ERR,ERR,ERR,ERR,ERR,ERR,ERR,ERR,ERR,ERR,ERR,ERR,ERR,ERR,ERR,ERR,ERR,ERR,ERR,ERR,ERR,ERR,ERR,ERR,60.0,60.0,35,0.0,0.0,0.0,0.0,0.0,0.0,0.0,0.0,0.0,0.0,0.0,0.0,0.0,0.0,0.0,0.0,65.2,0,143,68,52,65476,0,65476,1,4,4,20529,65476,0,0,2621,60.0,0.0,0.0,0.0,0.0,0.0
2026-07-09T15:01:54,ERR,ERR,ERR,ERR,ERR,ERR,ERR,ERR,ERR,ERR,ERR,ERR,ERR,ERR,ERR,ERR,ERR,ERR,ERR,ERR,ERR,ERR,ERR,ERR,ERR,ERR,ERR,ERR,ERR,ERR,ERR,ERR,ERR,ERR,ERR,ERR,ERR,ERR,ERR,ERR,ERR,ERR,ERR,ERR,ERR,ERR,ERR,ERR,ERR,ERR,ERR,ERR,ERR,ERR,ERR,ERR,ERR,ERR,ERR,ERR,ERR,ERR,ERR,ERR,ERR,ERR,ERR,ERR,ERR,ERR,ERR,ERR,ERR,ERR,ERR,ERR,ERR,ERR,ERR,ERR,ERR,ERR,ERR,ERR,ERR,ERR,ERR,ERR,ERR,ERR,ERR,ERR,ERR,ERR,ERR,ERR,ERR,ERR,ERR,ERR,ERR,ERR,ERR,ERR,ERR,ERR,ERR,ERR,ERR,ERR,ERR,ERR,ERR,ERR,ERR,ERR,ERR,ERR,ERR,ERR,ERR,ERR,ERR,ERR,ERR,-107615088.0,2.7184413699391525e+23,nan,2.718366610185338e+23,-7.15742384184361e+16,-1.7382468212863546e+34,2.6241992242807826e+23,10.453,0,0,4,17385,7116,0.0,100,0.0,0.0,0.0,0.0,0.0,0,0,0,0,0.0,0,0,0,0,0,0,0,0,0,0,0,0,0,0,0,0,0,0,0,0,0,0,0,0,0,0,0,0,0,0,0,0,0,31,40,40,71,65476,0,300,0,0,8,21553,0.0,-107605600.0,0.0,0.0,0.0,0.0,0.0,0.0,0.0,0.0,0.0,0.0,0.0,0.0,0.0,0.0,0.0,0.0,0.0,0.0,0.0,0.0,2.004,3.697061229103782e+19,0.0,0.0,0.0,0.0,0.0,0.0,4946.0,1.0406651332689642e+34,6927.0,-107615088.0,2.7184413699391525e+23,2.004,2.004,0.0,0.0,0.0,0.0,69,-4.9504266636054534e+32,-0.0,0.0,0.0,0.0,0.0,0.0,0.0,0.0,0,0,0,0.0,0.0,0.0,0.0,0.0,0.0,0.0,0.0,0.0,0.0,0.0,0.0,0.0,0.0,0.0,0.0,0,-107875648.0,69,0.0,138,0.0,2.012,ERR,ERR,ERR,ERR,ERR,ERR,ERR,ERR,ERR,ERR,ERR,ERR,ERR,ERR,ERR,ERR,ERR,ERR,ERR,ERR,ERR,ERR,ERR,ERR,ERR,ERR,ERR,ERR,ERR,ERR,ERR,ERR,ERR,ERR,ERR,ERR,ERR,ERR,ERR,ERR,ERR,ERR,ERR,ERR,ERR,ERR,ERR,ERR,ERR,ERR,ERR,ERR,ERR,ERR,ERR,ERR,ERR,ERR,ERR,ERR,ERR,ERR,ERR,ERR,ERR,ERR,ERR,60.0,60.0,35,0.0,0.0,0.0,0.0,0.0,0.0,0.0,0.0,0.0,0.0,0.0,0.0,0.0,0.0,0.0,0.0,65.2,0,142,68,52,65476,0,65476,1,4,4,20529,65476,0,0,2621,60.0,0.0,0.0,0.0,0.0,0.0
2026-07-09T15:01:55,ERR,ERR,ERR,ERR,ERR,ERR,ERR,ERR,ERR,ERR,ERR,ERR,ERR,ERR,ERR,ERR,ERR,ERR,ERR,ERR,ERR,ERR,ERR,ERR,ERR,ERR,ERR,ERR,ERR,ERR,ERR,ERR,ERR,ERR,ERR,ERR,ERR,ERR,ERR,ERR,ERR,ERR,ERR,ERR,ERR,ERR,ERR,ERR,ERR,ERR,ERR,ERR,ERR,ERR,ERR,ERR,ERR,ERR,ERR,ERR,ERR,ERR,ERR,ERR,ERR,ERR,ERR,ERR,ERR,ERR,ERR,ERR,ERR,ERR,ERR,ERR,ERR,ERR,ERR,ERR,ERR,ERR,ERR,ERR,ERR,ERR,ERR,ERR,ERR,ERR,ERR,ERR,ERR,ERR,ERR,ERR,ERR,ERR,ERR,ERR,ERR,ERR,ERR,ERR,ERR,ERR,ERR,ERR,ERR,ERR,ERR,ERR,ERR,ERR,ERR,ERR,ERR,ERR,ERR,ERR,ERR,ERR,ERR,ERR,ERR,-107615088.0,0.0,0.0,0.0,-0.0,8.598816011065173e+25,-4200.906,3.952694612399898e+35,0,0,4,17390,7116,0.0,100,0.0,0.0,0.0,0.0,0.0,0,0,0,0,0.0,0,0,0,0,0,0,0,0,0,0,0,0,0,0,0,0,0,0,0,0,0,0,0,0,0,0,0,0,0,0,0,0,0,31,40,40,71,65476,0,300,0,0,8,21553,0.0,-107605600.0,0.0,0.0,0.0,0.0,0.0,0.0,0.0,0.0,0.0,0.0,0.0,0.0,0.0,0.0,0.0,0.0,0.0,0.0,0.0,0.0,-0.0,0.0,0.0,0.0,0.0,0.0,0.0,0.0,4936.0,-0.0,6929.0,0.0,-107615840.0,2.004,2.004,0.0,0.0,0.0,0.0,69,-71.63,-107614760.0,0.0,0.0,0.0,0.0,0.0,0.0,0.0,0,0,0,0.0,0.0,0.0,0.0,0.0,0.0,0.0,0.0,0.0,0.0,0.0,0.0,0.0,0.0,0.0,0.0,0,-107875648.0,69,0.0,138,0.0,2.012,ERR,ERR,ERR,ERR,ERR,ERR,ERR,ERR,ERR,ERR,ERR,ERR,ERR,ERR,ERR,ERR,ERR,ERR,ERR,ERR,ERR,ERR,ERR,ERR,ERR,ERR,ERR,ERR,ERR,ERR,ERR,ERR,ERR,ERR,ERR,ERR,ERR,ERR,ERR,ERR,ERR,ERR,ERR,ERR,ERR,ERR,ERR,ERR,ERR,ERR,ERR,ERR,ERR,ERR,ERR,ERR,ERR,ERR,ERR,ERR,ERR,ERR,ERR,ERR,ERR,ERR,ERR,60.0,60.0,35,0.0,0.0,0.0,0.0,0.0,0.0,0.0,0.0,0.0,0.0,0.0,0.0,0.0,0.0,0.0,0.0,65.2,0,142,68,52,65476,0,65476,1,4,4,20529,65476,0,0,2621,60.0,0.0,0.0,0.0,0.0,0.0
2026-07-09T15:01:56,ERR,ERR,ERR,ERR,ERR,ERR,ERR,ERR,ERR,ERR,ERR,ERR,ERR,ERR,ERR,ERR,ERR,ERR,ERR,ERR,ERR,ERR,ERR,ERR,ERR,ERR,ERR,ERR,ERR,ERR,ERR,ERR,ERR,ERR,ERR,ERR,ERR,ERR,ERR,ERR,ERR,ERR,ERR,ERR,ERR,ERR,ERR,ERR,ERR,ERR,ERR,ERR,ERR,ERR,ERR,ERR,ERR,ERR,ERR,ERR,ERR,ERR,ERR,ERR,ERR,ERR,ERR,ERR,ERR,ERR,ERR,ERR,ERR,ERR,ERR,ERR,ERR,ERR,ERR,ERR,ERR,ERR,ERR,ERR,ERR,ERR,ERR,ERR,ERR,ERR,ERR,ERR,ERR,ERR,ERR,ERR,ERR,ERR,ERR,ERR,ERR,ERR,ERR,ERR,ERR,ERR,ERR,ERR,ERR,ERR,ERR,ERR,ERR,ERR,ERR,ERR,ERR,ERR,ERR,ERR,ERR,ERR,ERR,ERR,ERR,-107615088.0,0.0,0.0,0.0,-0.0,8.598816011065173e+25,-4200.906,3.952694612399898e+35,0,0,4,17390,7116,0.0,100,0.0,0.0,0.0,0.0,0.0,0,0,0,0,0.0,0,0,0,0,0,0,0,0,0,0,0,0,0,0,0,0,0,0,0,0,0,0,0,0,0,0,0,0,0,0,0,0,0,31,40,40,71,65476,0,300,0,0,8,21553,0.0,-107605600.0,0.0,0.0,0.0,0.0,0.0,0.0,0.0,0.0,0.0,0.0,0.0,0.0,0.0,0.0,0.0,0.0,0.0,0.0,0.0,0.0,-0.0,0.0,0.0,0.0,0.0,0.0,0.0,0.0,4936.0,-0.0,6929.0,0.0,-107615840.0,2.004,2.004,0.0,0.0,0.0,0.0,69,-71.63,-107614760.0,0.0,0.0,0.0,0.0,0.0,0.0,0.0,0,0,0,0.0,0.0,0.0,0.0,0.0,0.0,0.0,0.0,0.0,0.0,0.0,0.0,0.0,0.0,0.0,0.0,0,-107875648.0,69,0.0,138,0.0,2.012,ERR,ERR,ERR,ERR,ERR,ERR,ERR,ERR,ERR,ERR,ERR,ERR,ERR,ERR,ERR,ERR,ERR,ERR,ERR,ERR,ERR,ERR,ERR,ERR,ERR,ERR,ERR,ERR,ERR,ERR,ERR,ERR,ERR,ERR,ERR,ERR,ERR,ERR,ERR,ERR,ERR,ERR,ERR,ERR,ERR,ERR,ERR,ERR,ERR,ERR,ERR,ERR,ERR,ERR,ERR,ERR,ERR,ERR,ERR,ERR,ERR,ERR,ERR,ERR,ERR,ERR,ERR,60.0,60.0,35,0.0,0.0,0.0,0.0,0.0,0.0,0.0,0.0,0.0,0.0,0.0,0.0,0.0,0.0,0.0,0.0,65.6,0,142,68,52,65476,0,65476,1,4,4,20529,65476,0,0,2621,60.0,0.0,0.0,0.0,0.0,0.0
2026-07-09T15:01:57,ERR,ERR,ERR,ERR,ERR,ERR,ERR,ERR,ERR,ERR,ERR,ERR,ERR,ERR,ERR,ERR,ERR,ERR,ERR,ERR,ERR,ERR,ERR,ERR,ERR,ERR,ERR,ERR,ERR,ERR,ERR,ERR,ERR,ERR,ERR,ERR,ERR,ERR,ERR,ERR,ERR,ERR,ERR,ERR,ERR,ERR,ERR,ERR,ERR,ERR,ERR,ERR,ERR,ERR,ERR,ERR,ERR,ERR,ERR,ERR,ERR,ERR,ERR,ERR,ERR,ERR,ERR,ERR,ERR,ERR,ERR,ERR,ERR,ERR,ERR,ERR,ERR,ERR,ERR,ERR,ERR,ERR,ERR,ERR,ERR,ERR,ERR,ERR,ERR,ERR,ERR,ERR,ERR,ERR,ERR,ERR,ERR,ERR,ERR,ERR,ERR,ERR,ERR,ERR,ERR,ERR,ERR,ERR,ERR,ERR,ERR,ERR,ERR,ERR,ERR,ERR,ERR,ERR,ERR,ERR,ERR,ERR,ERR,ERR,ERR,-107615088.0,0.0,0.0,0.0,-0.0,8.598816011065173e+25,-4200.906,3.952694612399898e+35,0,0,4,17390,7116,0.0,100,0.0,0.0,0.0,0.0,0.0,0,0,0,0,0.0,0,0,0,0,0,0,0,0,0,0,0,0,0,0,0,0,0,0,0,0,0,0,0,0,0,0,0,0,0,0,0,0,0,31,40,40,71,65476,0,300,0,0,8,21553,0.0,-107605600.0,0.0,0.0,0.0,0.0,0.0,0.0,0.0,0.0,0.0,0.0,0.0,0.0,0.0,0.0,0.0,0.0,0.0,0.0,0.0,0.0,-0.0,0.0,0.0,0.0,0.0,0.0,0.0,0.0,4936.0,-0.0,6929.0,0.0,-107615840.0,2.004,2.004,0.0,0.0,0.0,0.0,69,-71.63,-107614760.0,0.0,0.0,0.0,0.0,0.0,0.0,0.0,0,0,0,0.0,0.0,0.0,0.0,0.0,0.0,0.0,0.0,0.0,0.0,0.0,0.0,0.0,0.0,0.0,0.0,0,-107875648.0,69,0.0,138,0.0,2.012,ERR,ERR,ERR,ERR,ERR,ERR,ERR,ERR,ERR,ERR,ERR,ERR,ERR,ERR,ERR,ERR,ERR,ERR,ERR,ERR,ERR,ERR,ERR,ERR,ERR,ERR,ERR,ERR,ERR,ERR,ERR,ERR,ERR,ERR,ERR,ERR,ERR,ERR,ERR,ERR,ERR,ERR,ERR,ERR,ERR,ERR,ERR,ERR,ERR,ERR,ERR,ERR,ERR,ERR,ERR,ERR,ERR,ERR,ERR,ERR,ERR,ERR,ERR,ERR,ERR,ERR,ERR,60.0,60.0,35,0.0,0.0,0.0,0.0,0.0,0.0,0.0,0.0,0.0,0.0,0.0,0.0,0.0,0.0,0.0,0.0,65.2,0,142,68,52,65476,0,65476,1,4,4,20529,65476,0,0,2621,60.0,0.0,0.0,0.0,0.0,0.0
2026-07-09T15:01:58,ERR,ERR,ERR,ERR,ERR,ERR,ERR,ERR,ERR,ERR,ERR,ERR,ERR,ERR,ERR,ERR,ERR,ERR,ERR,ERR,ERR,ERR,ERR,ERR,ERR,ERR,ERR,ERR,ERR,ERR,ERR,ERR,ERR,ERR,ERR,ERR,ERR,ERR,ERR,ERR,ERR,ERR,ERR,ERR,ERR,ERR,ERR,ERR,ERR,ERR,ERR,ERR,ERR,ERR,ERR,ERR,ERR,ERR,ERR,ERR,ERR,ERR,ERR,ERR,ERR,ERR,ERR,ERR,ERR,ERR,ERR,ERR,ERR,ERR,ERR,ERR,ERR,ERR,ERR,ERR,ERR,ERR,ERR,ERR,ERR,ERR,ERR,ERR,ERR,ERR,ERR,ERR,ERR,ERR,ERR,ERR,ERR,ERR,ERR,ERR,ERR,ERR,ERR,ERR,ERR,ERR,ERR,ERR,ERR,ERR,ERR,ERR,ERR,ERR,ERR,ERR,ERR,ERR,ERR,ERR,ERR,ERR,ERR,ERR,ERR,-107615088.0,0.0,0.0,0.0,-0.0,8.598816011065173e+25,-4200.906,3.952694612399898e+35,0,0,4,17390,7116,0.0,100,0.0,0.0,0.0,0.0,0.0,0,0,0,0,0.0,0,0,0,0,0,0,0,0,0,0,0,0,0,0,0,0,0,0,0,0,0,0,0,0,0,0,0,0,0,0,0,0,0,31,40,40,71,65476,0,300,0,0,8,21553,0.0,-107605600.0,0.0,0.0,0.0,0.0,0.0,0.0,0.0,0.0,0.0,0.0,0.0,0.0,0.0,0.0,0.0,0.0,0.0,0.0,0.0,0.0,-0.0,0.0,0.0,0.0,0.0,0.0,0.0,0.0,4936.0,-0.0,6929.0,0.0,-107615840.0,2.004,2.004,0.0,0.0,0.0,0.0,69,-71.63,-107614760.0,0.0,0.0,0.0,0.0,0.0,0.0,0.0,0,0,0,0.0,0.0,0.0,0.0,0.0,0.0,0.0,0.0,0.0,0.0,0.0,0.0,0.0,0.0,0.0,0.0,0,-107875648.0,69,0.0,138,0.0,2.012,ERR,ERR,ERR,ERR,ERR,ERR,ERR,ERR,ERR,ERR,ERR,ERR,ERR,ERR,ERR,ERR,ERR,ERR,ERR,ERR,ERR,ERR,ERR,ERR,ERR,ERR,ERR,ERR,ERR,ERR,ERR,ERR,ERR,ERR,ERR,ERR,ERR,ERR,ERR,ERR,ERR,ERR,ERR,ERR,ERR,ERR,ERR,ERR,ERR,ERR,ERR,ERR,ERR,ERR,ERR,ERR,ERR,ERR,ERR,ERR,ERR,ERR,ERR,ERR,ERR,ERR,ERR,60.0,60.0,35,0.0,0.0,0.0,0.0,0.0,0.0,0.0,0.0,0.0,0.0,0.0,0.0,0.0,0.0,0.0,0.0,65.2,0,142,68,52,65476,0,65476,1,4,4,20529,65476,0,0,2621,60.0,0.0,0.0,0.0,0.0,0.0
2026-07-09T15:01:59,ERR,ERR,ERR,ERR,ERR,ERR,ERR,ERR,ERR,ERR,ERR,ERR,ERR,ERR,ERR,ERR,ERR,ERR,ERR,ERR,ERR,ERR,ERR,ERR,ERR,ERR,ERR,ERR,ERR,ERR,ERR,ERR,ERR,ERR,ERR,ERR,ERR,ERR,ERR,ERR,ERR,ERR,ERR,ERR,ERR,ERR,ERR,ERR,ERR,ERR,ERR,ERR,ERR,ERR,ERR,ERR,ERR,ERR,ERR,ERR,ERR,ERR,ERR,ERR,ERR,ERR,ERR,ERR,ERR,ERR,ERR,ERR,ERR,ERR,ERR,ERR,ERR,ERR,ERR,ERR,ERR,ERR,ERR,ERR,ERR,ERR,ERR,ERR,ERR,ERR,ERR,ERR,ERR,ERR,ERR,ERR,ERR,ERR,ERR,ERR,ERR,ERR,ERR,ERR,ERR,ERR,ERR,ERR,ERR,ERR,ERR,ERR,ERR,ERR,ERR,ERR,ERR,ERR,ERR,ERR,ERR,ERR,ERR,ERR,ERR,0.0,2.7184411897951674e+23,-0.0,0.0,-0.008,13692732178432.0,-0.0,2132.037,0,0,4,17385,7116,0.0,100,0.0,0.0,0.0,0.0,0.0,0,0,0,0,0.0,0,0,0,0,0,0,0,0,0,0,0,0,0,0,0,0,0,0,0,0,0,0,0,0,0,0,0,0,0,0,0,0,0,31,40,40,71,65476,0,300,0,0,8,21553,0.0,-107605600.0,0.0,0.0,0.0,0.0,0.0,0.0,0.0,0.0,0.0,0.0,0.0,0.0,0.0,0.0,0.0,0.0,0.0,0.0,0.0,0.0,-2.004,-0.0,0.0,0.0,0.0,0.0,0.0,0.0,4958.0,1.5879289753249576e+29,6926.0,-0.0,2.7184411897951674e+23,2.004,2.004,0.0,0.0,0.0,0.0,69,-0.0,-0.0,0.0,0.0,0.0,0.0,0.0,0.0,0.0,0,0,0,0.0,0.0,0.0,0.0,0.0,0.0,0.0,0.0,0.0,0.0,0.0,0.0,0.0,0.0,0.0,0.0,0,-107875648.0,69,0.0,138,0.0,2.012,ERR,ERR,ERR,ERR,ERR,ERR,ERR,ERR,ERR,ERR,ERR,ERR,ERR,ERR,ERR,ERR,ERR,ERR,ERR,ERR,ERR,ERR,ERR,ERR,ERR,ERR,ERR,ERR,ERR,ERR,ERR,ERR,ERR,ERR,ERR,ERR,ERR,ERR,ERR,ERR,ERR,ERR,ERR,ERR,ERR,ERR,ERR,ERR,ERR,ERR,ERR,ERR,ERR,ERR,ERR,ERR,ERR,ERR,ERR,ERR,ERR,ERR,ERR,ERR,ERR,ERR,ERR,60.0,60.0,35,0.0,0.0,0.0,0.0,0.0,0.0,0.0,0.0,0.0,0.0,0.0,0.0,0.0,0.0,0.0,0.0,65.6,0,142,68,52,65476,0,65476,1,4,4,20529,65476,0,0,2621,60.0,0.0,0.0,0.0,0.0,0.0
2026-07-09T15:02:00,ERR,ERR,ERR,ERR,ERR,ERR,ERR,ERR,ERR,ERR,ERR,ERR,ERR,ERR,ERR,ERR,ERR,ERR,ERR,ERR,ERR,ERR,ERR,ERR,ERR,ERR,ERR,ERR,ERR,ERR,ERR,ERR,ERR,ERR,ERR,ERR,ERR,ERR,ERR,ERR,ERR,ERR,ERR,ERR,ERR,ERR,ERR,ERR,ERR,ERR,ERR,ERR,ERR,ERR,ERR,ERR,ERR,ERR,ERR,ERR,ERR,ERR,ERR,ERR,ERR,ERR,ERR,ERR,ERR,ERR,ERR,ERR,ERR,ERR,ERR,ERR,ERR,ERR,ERR,ERR,ERR,ERR,ERR,ERR,ERR,ERR,ERR,ERR,ERR,ERR,ERR,ERR,ERR,ERR,ERR,ERR,ERR,ERR,ERR,ERR,ERR,ERR,ERR,ERR,ERR,ERR,ERR,ERR,ERR,ERR,ERR,ERR,ERR,ERR,ERR,ERR,ERR,ERR,ERR,ERR,ERR,ERR,ERR,ERR,ERR,0.0,2.7184411897951674e+23,-0.0,0.0,-0.008,13692732178432.0,-0.0,2132.037,0,0,4,17385,7116,0.0,100,0.0,0.0,0.0,0.0,0.0,0,0,0,0,0.0,0,0,0,0,0,0,0,0,0,0,0,0,0,0,0,0,0,0,0,0,0,0,0,0,0,0,0,0,0,0,0,0,0,31,40,40,71,65476,0,300,0,0,8,21553,0.0,-107605600.0,0.0,0.0,0.0,0.0,0.0,0.0,0.0,0.0,0.0,0.0,0.0,0.0,0.0,0.0,0.0,0.0,0.0,0.0,0.0,0.0,-2.004,-0.0,0.0,0.0,0.0,0.0,0.0,0.0,4958.0,1.5879289753249576e+29,6926.0,-0.0,2.7184411897951674e+23,2.004,2.004,0.0,0.0,0.0,0.0,69,-0.0,-0.0,0.0,0.0,0.0,0.0,0.0,0.0,0.0,0,0,0,0.0,0.0,0.0,0.0,0.0,0.0,0.0,0.0,0.0,0.0,0.0,0.0,0.0,0.0,0.0,0.0,0,-107875648.0,69,0.0,138,0.0,2.012,ERR,ERR,ERR,ERR,ERR,ERR,ERR,ERR,ERR,ERR,ERR,ERR,ERR,ERR,ERR,ERR,ERR,ERR,ERR,ERR,ERR,ERR,ERR,ERR,ERR,ERR,ERR,ERR,ERR,ERR,ERR,ERR,ERR,ERR,ERR,ERR,ERR,ERR,ERR,ERR,ERR,ERR,ERR,ERR,ERR,ERR,ERR,ERR,ERR,ERR,ERR,ERR,ERR,ERR,ERR,ERR,ERR,ERR,ERR,ERR,ERR,ERR,ERR,ERR,ERR,ERR,ERR,60.0,60.0,35,0.0,0.0,0.0,0.0,0.0,0.0,0.0,0.0,0.0,0.0,0.0,0.0,0.0,0.0,0.0,0.0,65.2,0,142,68,52,65476,0,65476,1,4,4,20529,65476,0,0,2621,60.0,0.0,0.0,0.0,0.0,0.0
2026-07-09T15:02:01,ERR,ERR,ERR,ERR,ERR,ERR,ERR,ERR,ERR,ERR,ERR,ERR,ERR,ERR,ERR,ERR,ERR,ERR,ERR,ERR,ERR,ERR,ERR,ERR,ERR,ERR,ERR,ERR,ERR,ERR,ERR,ERR,ERR,ERR,ERR,ERR,ERR,ERR,ERR,ERR,ERR,ERR,ERR,ERR,ERR,ERR,ERR,ERR,ERR,ERR,ERR,ERR,ERR,ERR,ERR,ERR,ERR,ERR,ERR,ERR,ERR,ERR,ERR,ERR,ERR,ERR,ERR,ERR,ERR,ERR,ERR,ERR,ERR,ERR,ERR,ERR,ERR,ERR,ERR,ERR,ERR,ERR,ERR,ERR,ERR,ERR,ERR,ERR,ERR,ERR,ERR,ERR,ERR,ERR,ERR,ERR,ERR,ERR,ERR,ERR,ERR,ERR,ERR,ERR,ERR,ERR,ERR,ERR,ERR,ERR,ERR,ERR,ERR,ERR,ERR,ERR,ERR,ERR,ERR,ERR,ERR,ERR,ERR,ERR,ERR,0.0,2.7184411897951674e+23,-0.0,0.0,-0.008,13692732178432.0,-0.0,2132.037,0,0,4,17385,7116,0.0,100,0.0,0.0,0.0,0.0,0.0,0,0,0,0,0.0,0,0,0,0,0,0,0,0,0,0,0,0,0,0,0,0,0,0,0,0,0,0,0,0,0,0,0,0,0,0,0,0,0,31,40,40,71,65476,0,300,0,0,8,21553,0.0,-107605600.0,0.0,0.0,0.0,0.0,0.0,0.0,0.0,0.0,0.0,0.0,0.0,0.0,0.0,0.0,0.0,0.0,0.0,0.0,0.0,0.0,-2.004,-0.0,0.0,0.0,0.0,0.0,0.0,0.0,4958.0,1.5879289753249576e+29,6926.0,-0.0,2.7184411897951674e+23,2.004,2.004,0.0,0.0,0.0,0.0,69,-0.0,-0.0,0.0,0.0,0.0,0.0,0.0,0.0,0.0,0,0,0,0.0,0.0,0.0,0.0,0.0,0.0,0.0,0.0,0.0,0.0,0.0,0.0,0.0,0.0,0.0,0.0,0,-107875648.0,69,0.0,138,0.0,2.012,ERR,ERR,ERR,ERR,ERR,ERR,ERR,ERR,ERR,ERR,ERR,ERR,ERR,ERR,ERR,ERR,ERR,ERR,ERR,ERR,ERR,ERR,ERR,ERR,ERR,ERR,ERR,ERR,ERR,ERR,ERR,ERR,ERR,ERR,ERR,ERR,ERR,ERR,ERR,ERR,ERR,ERR,ERR,ERR,ERR,ERR,ERR,ERR,ERR,ERR,ERR,ERR,ERR,ERR,ERR,ERR,ERR,ERR,ERR,ERR,ERR,ERR,ERR,ERR,ERR,ERR,ERR,60.0,60.0,35,0.0,0.0,0.0,0.0,0.0,0.0,0.0,0.0,0.0,0.0,0.0,0.0,0.0,0.0,0.0,0.0,65.2,0,142,68,52,65476,0,65476,1,4,4,20529,65476,0,0,2621,60.0,0.0,0.0,0.0,0.0,0.0
2026-07-09T15:02:02,ERR,ERR,ERR,ERR,ERR,ERR,ERR,ERR,ERR,ERR,ERR,ERR,ERR,ERR,ERR,ERR,ERR,ERR,ERR,ERR,ERR,ERR,ERR,ERR,ERR,ERR,ERR,ERR,ERR,ERR,ERR,ERR,ERR,ERR,ERR,ERR,ERR,ERR,ERR,ERR,ERR,ERR,ERR,ERR,ERR,ERR,ERR,ERR,ERR,ERR,ERR,ERR,ERR,ERR,ERR,ERR,ERR,ERR,ERR,ERR,ERR,ERR,ERR,ERR,ERR,ERR,ERR,ERR,ERR,ERR,ERR,ERR,ERR,ERR,ERR,ERR,ERR,ERR,ERR,ERR,ERR,ERR,ERR,ERR,ERR,ERR,ERR,ERR,ERR,ERR,ERR,ERR,ERR,ERR,ERR,ERR,ERR,ERR,ERR,ERR,ERR,ERR,ERR,ERR,ERR,ERR,ERR,ERR,ERR,ERR,ERR,ERR,ERR,ERR,ERR,ERR,ERR,ERR,ERR,ERR,ERR,ERR,ERR,ERR,ERR,0.0,2.7184411897951674e+23,-0.0,0.0,-0.008,13692732178432.0,-0.0,2132.037,0,0,4,17385,7116,0.0,100,0.0,0.0,0.0,0.0,0.0,0,0,0,0,0.0,0,0,0,0,0,0,0,0,0,0,0,0,0,0,0,0,0,0,0,0,0,0,0,0,0,0,0,0,0,0,0,0,0,31,40,40,71,65476,0,300,0,0,8,21553,0.0,-107605600.0,0.0,0.0,0.0,0.0,0.0,0.0,0.0,0.0,0.0,0.0,0.0,0.0,0.0,0.0,0.0,0.0,0.0,0.0,0.0,0.0,-2.004,-0.0,0.0,0.0,0.0,0.0,0.0,0.0,4958.0,1.5879289753249576e+29,6926.0,-0.0,2.7184411897951674e+23,2.004,2.004,0.0,0.0,0.0,0.0,69,-0.0,-0.0,0.0,0.0,0.0,0.0,0.0,0.0,0.0,0,0,0,0.0,0.0,0.0,0.0,0.0,0.0,0.0,0.0,0.0,0.0,0.0,0.0,0.0,0.0,0.0,0.0,0,-107875648.0,69,0.0,138,0.0,2.012,ERR,ERR,ERR,ERR,ERR,ERR,ERR,ERR,ERR,ERR,ERR,ERR,ERR,ERR,ERR,ERR,ERR,ERR,ERR,ERR,ERR,ERR,ERR,ERR,ERR,ERR,ERR,ERR,ERR,ERR,ERR,ERR,ERR,ERR,ERR,ERR,ERR,ERR,ERR,ERR,ERR,ERR,ERR,ERR,ERR,ERR,ERR,ERR,ERR,ERR,ERR,ERR,ERR,ERR,ERR,ERR,ERR,ERR,ERR,ERR,ERR,ERR,ERR,ERR,ERR,ERR,ERR,60.0,60.0,35,0.0,0.0,0.0,0.0,0.0,0.0,0.0,0.0,0.0,0.0,0.0,0.0,0.0,0.0,0.0,0.0,65.2,0,142,68,52,65476,0,65476,1,4,4,20529,65476,0,0,2621,60.0,0.0,0.0,0.0,0.0,0.0
2026-07-09T15:02:03,ERR,ERR,ERR,ERR,ERR,ERR,ERR,ERR,ERR,ERR,ERR,ERR,ERR,ERR,ERR,ERR,ERR,ERR,ERR,ERR,ERR,ERR,ERR,ERR,ERR,ERR,ERR,ERR,ERR,ERR,ERR,ERR,ERR,ERR,ERR,ERR,ERR,ERR,ERR,ERR,ERR,ERR,ERR,ERR,ERR,ERR,ERR,ERR,ERR,ERR,ERR,ERR,ERR,ERR,ERR,ERR,ERR,ERR,ERR,ERR,ERR,ERR,ERR,ERR,ERR,ERR,ERR,ERR,ERR,ERR,ERR,ERR,ERR,ERR,ERR,ERR,ERR,ERR,ERR,ERR,ERR,ERR,ERR,ERR,ERR,ERR,ERR,ERR,ERR,ERR,ERR,ERR,ERR,ERR,ERR,ERR,ERR,ERR,ERR,ERR,ERR,ERR,ERR,ERR,ERR,ERR,ERR,ERR,ERR,ERR,ERR,ERR,ERR,ERR,ERR,ERR,ERR,ERR,ERR,ERR,ERR,ERR,ERR,ERR,ERR,0.0,2.7184411897951674e+23,-0.0,0.0,-0.008,13692732178432.0,-0.0,2132.037,0,0,4,17385,7116,0.0,100,0.0,0.0,0.0,0.0,0.0,0,0,0,0,0.0,0,0,0,0,0,0,0,0,0,0,0,0,0,0,0,0,0,0,0,0,0,0,0,0,0,0,0,0,0,0,0,0,0,31,40,40,71,65476,0,300,0,0,8,21553,0.0,-107605600.0,0.0,0.0,0.0,0.0,0.0,0.0,0.0,0.0,0.0,0.0,0.0,0.0,0.0,0.0,0.0,0.0,0.0,0.0,0.0,0.0,-2.004,-0.0,0.0,0.0,0.0,0.0,0.0,0.0,4958.0,1.5879289753249576e+29,6926.0,-0.0,2.7184411897951674e+23,2.004,2.004,0.0,0.0,0.0,0.0,69,-0.0,-0.0,0.0,0.0,0.0,0.0,0.0,0.0,0.0,0,0,0,0.0,0.0,0.0,0.0,0.0,0.0,0.0,0.0,0.0,0.0,0.0,0.0,0.0,0.0,0.0,0.0,0,-107875648.0,69,0.0,138,0.0,2.012,ERR,ERR,ERR,ERR,ERR,ERR,ERR,ERR,ERR,ERR,ERR,ERR,ERR,ERR,ERR,ERR,ERR,ERR,ERR,ERR,ERR,ERR,ERR,ERR,ERR,ERR,ERR,ERR,ERR,ERR,ERR,ERR,ERR,ERR,ERR,ERR,ERR,ERR,ERR,ERR,ERR,ERR,ERR,ERR,ERR,ERR,ERR,ERR,ERR,ERR,ERR,ERR,ERR,ERR,ERR,ERR,ERR,ERR,ERR,ERR,ERR,ERR,ERR,ERR,ERR,ERR,ERR,60.0,60.0,35,0.0,0.0,0.0,0.0,0.0,0.0,0.0,0.0,0.0,0.0,0.0,0.0,0.0,0.0,0.0,0.0,65.2,0,142,68,52,65476,0,65476,1,4,4,20529,65476,0,0,2621,60.0,0.0,0.0,0.0,0.0,0.0
2026-07-09T15:02:04,ERR,ERR,ERR,ERR,ERR,ERR,ERR,ERR,ERR,ERR,ERR,ERR,ERR,ERR,ERR,ERR,ERR,ERR,ERR,ERR,ERR,ERR,ERR,ERR,ERR,ERR,ERR,ERR,ERR,ERR,ERR,ERR,ERR,ERR,ERR,ERR,ERR,ERR,ERR,ERR,ERR,ERR,ERR,ERR,ERR,ERR,ERR,ERR,ERR,ERR,ERR,ERR,ERR,ERR,ERR,ERR,ERR,ERR,ERR,ERR,ERR,ERR,ERR,ERR,ERR,ERR,ERR,ERR,ERR,ERR,ERR,ERR,ERR,ERR,ERR,ERR,ERR,ERR,ERR,ERR,ERR,ERR,ERR,ERR,ERR,ERR,ERR,ERR,ERR,ERR,ERR,ERR,ERR,ERR,ERR,ERR,ERR,ERR,ERR,ERR,ERR,ERR,ERR,ERR,ERR,ERR,ERR,ERR,ERR,ERR,ERR,ERR,ERR,ERR,ERR,ERR,ERR,ERR,ERR,ERR,ERR,ERR,ERR,ERR,ERR,0.0,0.0,0.0,0.0,-0.0,-0.0,0.0,9.021401852595405e+16,0,0,4,17380,7116,0.0,100,0.0,0.0,0.0,0.0,0.0,0,0,0,0,0.0,0,0,0,0,0,0,0,0,0,0,0,0,0,0,0,0,0,0,0,0,0,0,0,0,0,0,0,0,0,0,0,0,0,31,40,40,71,65476,0,300,0,0,8,21553,0.0,-107605600.0,0.0,0.0,0.0,0.0,0.0,0.0,0.0,0.0,0.0,0.0,0.0,0.0,0.0,0.0,0.0,0.0,0.0,0.0,0.0,0.0,2.004,0.0,0.0,0.0,0.0,0.0,0.0,0.0,4950.0,2.4229873280715295e+24,6925.0,2.7184246165485387e+23,0.0,2.004,2.004,0.0,0.0,0.0,0.0,69,2.718429120148166e+23,-0.0,0.0,0.0,0.0,0.0,0.0,0.0,0.0,0,0,0,0.0,0.0,0.0,0.0,0.0,0.0,0.0,0.0,0.0,0.0,0.0,0.0,0.0,0.0,0.0,0.0,0,-107875648.0,69,0.0,138,0.0,2.012,ERR,ERR,ERR,ERR,ERR,ERR,ERR,ERR,ERR,ERR,ERR,ERR,ERR,ERR,ERR,ERR,ERR,ERR,ERR,ERR,ERR,ERR,ERR,ERR,ERR,ERR,ERR,ERR,ERR,ERR,ERR,ERR,ERR,ERR,ERR,ERR,ERR,ERR,ERR,ERR,ERR,ERR,ERR,ERR,ERR,ERR,ERR,ERR,ERR,ERR,ERR,ERR,ERR,ERR,ERR,ERR,ERR,ERR,ERR,ERR,ERR,ERR,ERR,ERR,ERR,ERR,ERR,60.0,60.0,35,0.0,0.0,0.0,0.0,0.0,0.0,0.0,0.0,0.0,0.0,0.0,0.0,0.0,0.0,0.0,0.0,65.2,0,142,68,52,65476,0,65476,1,4,4,20529,65476,0,0,2621,60.0,0.0,0.0,0.0,0.0,0.0
2026-07-09T15:02:05,ERR,ERR,ERR,ERR,ERR,ERR,ERR,ERR,ERR,ERR,ERR,ERR,ERR,ERR,ERR,ERR,ERR,ERR,ERR,ERR,ERR,ERR,ERR,ERR,ERR,ERR,ERR,ERR,ERR,ERR,ERR,ERR,ERR,ERR,ERR,ERR,ERR,ERR,ERR,ERR,ERR,ERR,ERR,ERR,ERR,ERR,ERR,ERR,ERR,ERR,ERR,ERR,ERR,ERR,ERR,ERR,ERR,ERR,ERR,ERR,ERR,ERR,ERR,ERR,ERR,ERR,ERR,ERR,ERR,ERR,ERR,ERR,ERR,ERR,ERR,ERR,ERR,ERR,ERR,ERR,ERR,ERR,ERR,ERR,ERR,ERR,ERR,ERR,ERR,ERR,ERR,ERR,ERR,ERR,ERR,ERR,ERR,ERR,ERR,ERR,ERR,ERR,ERR,ERR,ERR,ERR,ERR,ERR,ERR,ERR,ERR,ERR,ERR,ERR,ERR,ERR,ERR,ERR,ERR,ERR,ERR,ERR,ERR,ERR,ERR,0.0,0.0,0.0,0.0,-0.0,-0.0,0.0,9.021401852595405e+16,0,0,4,17380,7116,0.0,100,0.0,0.0,0.0,0.0,0.0,0,0,0,0,0.0,0,0,0,0,0,0,0,0,0,0,0,0,0,0,0,0,0,0,0,0,0,0,0,0,0,0,0,0,0,0,0,0,0,31,40,40,71,65476,0,300,0,0,8,21553,0.0,-107605600.0,0.0,0.0,0.0,0.0,0.0,0.0,0.0,0.0,0.0,0.0,0.0,0.0,0.0,0.0,0.0,0.0,0.0,0.0,0.0,0.0,2.004,0.0,0.0,0.0,0.0,0.0,0.0,0.0,4950.0,2.4229873280715295e+24,6925.0,2.7184246165485387e+23,0.0,2.004,2.004,0.0,0.0,0.0,0.0,69,2.718429120148166e+23,-0.0,0.0,0.0,0.0,0.0,0.0,0.0,0.0,0,0,0,0.0,0.0,0.0,0.0,0.0,0.0,0.0,0.0,0.0,0.0,0.0,0.0,0.0,0.0,0.0,0.0,0,-107875648.0,69,0.0,138,0.0,2.012,ERR,ERR,ERR,ERR,ERR,ERR,ERR,ERR,ERR,ERR,ERR,ERR,ERR,ERR,ERR,ERR,ERR,ERR,ERR,ERR,ERR,ERR,ERR,ERR,ERR,ERR,ERR,ERR,ERR,ERR,ERR,ERR,ERR,ERR,ERR,ERR,ERR,ERR,ERR,ERR,ERR,ERR,ERR,ERR,ERR,ERR,ERR,ERR,ERR,ERR,ERR,ERR,ERR,ERR,ERR,ERR,ERR,ERR,ERR,ERR,ERR,ERR,ERR,ERR,ERR,ERR,ERR,60.0,60.0,35,0.0,0.0,0.0,0.0,0.0,0.0,0.0,0.0,0.0,0.0,0.0,0.0,0.0,0.0,0.0,0.0,65.6,0,142,68,52,65476,0,65476,1,4,4,20529,65476,0,0,2621,60.0,0.0,0.0,0.0,0.0,0.0
2026-07-09T15:02:06,ERR,ERR,ERR,ERR,ERR,ERR,ERR,ERR,ERR,ERR,ERR,ERR,ERR,ERR,ERR,ERR,ERR,ERR,ERR,ERR,ERR,ERR,ERR,ERR,ERR,ERR,ERR,ERR,ERR,ERR,ERR,ERR,ERR,ERR,ERR,ERR,ERR,ERR,ERR,ERR,ERR,ERR,ERR,ERR,ERR,ERR,ERR,ERR,ERR,ERR,ERR,ERR,ERR,ERR,ERR,ERR,ERR,ERR,ERR,ERR,ERR,ERR,ERR,ERR,ERR,ERR,ERR,ERR,ERR,ERR,ERR,ERR,ERR,ERR,ERR,ERR,ERR,ERR,ERR,ERR,ERR,ERR,ERR,ERR,ERR,ERR,ERR,ERR,ERR,ERR,ERR,ERR,ERR,ERR,ERR,ERR,ERR,ERR,ERR,ERR,ERR,ERR,ERR,ERR,ERR,ERR,ERR,ERR,ERR,ERR,ERR,ERR,ERR,ERR,ERR,ERR,ERR,ERR,ERR,ERR,ERR,ERR,ERR,ERR,ERR,0.0,0.0,0.0,0.0,-0.0,-0.0,0.0,9.021401852595405e+16,0,0,4,17380,7116,0.0,100,0.0,0.0,0.0,0.0,0.0,0,0,0,0,0.0,0,0,0,0,0,0,0,0,0,0,0,0,0,0,0,0,0,0,0,0,0,0,0,0,0,0,0,0,0,0,0,0,0,31,40,40,71,65476,0,300,0,0,8,21553,0.0,-107605600.0,0.0,0.0,0.0,0.0,0.0,0.0,0.0,0.0,0.0,0.0,0.0,0.0,0.0,0.0,0.0,0.0,0.0,0.0,0.0,0.0,2.004,0.0,0.0,0.0,0.0,0.0,0.0,0.0,4950.0,2.4229873280715295e+24,6925.0,2.7184246165485387e+23,0.0,2.004,2.004,0.0,0.0,0.0,0.0,69,2.718429120148166e+23,-0.0,0.0,0.0,0.0,0.0,0.0,0.0,0.0,0,0,0,0.0,0.0,0.0,0.0,0.0,0.0,0.0,0.0,0.0,0.0,0.0,0.0,0.0,0.0,0.0,0.0,0,-107875648.0,69,0.0,138,0.0,2.012,ERR,ERR,ERR,ERR,ERR,ERR,ERR,ERR,ERR,ERR,ERR,ERR,ERR,ERR,ERR,ERR,ERR,ERR,ERR,ERR,ERR,ERR,ERR,ERR,ERR,ERR,ERR,ERR,ERR,ERR,ERR,ERR,ERR,ERR,ERR,ERR,ERR,ERR,ERR,ERR,ERR,ERR,ERR,ERR,ERR,ERR,ERR,ERR,ERR,ERR,ERR,ERR,ERR,ERR,ERR,ERR,ERR,ERR,ERR,ERR,ERR,ERR,ERR,ERR,ERR,ERR,ERR,60.0,60.0,35,0.0,0.0,0.0,0.0,0.0,0.0,0.0,0.0,0.0,0.0,0.0,0.0,0.0,0.0,0.0,0.0,65.6,0,142,68,52,65476,0,65476,1,4,4,20529,65476,0,0,2621,60.0,0.0,0.0,0.0,0.0,0.0
2026-07-09T15:02:07,ERR,ERR,ERR,ERR,ERR,ERR,ERR,ERR,ERR,ERR,ERR,ERR,ERR,ERR,ERR,ERR,ERR,ERR,ERR,ERR,ERR,ERR,ERR,ERR,ERR,ERR,ERR,ERR,ERR,ERR,ERR,ERR,ERR,ERR,ERR,ERR,ERR,ERR,ERR,ERR,ERR,ERR,ERR,ERR,ERR,ERR,ERR,ERR,ERR,ERR,ERR,ERR,ERR,ERR,ERR,ERR,ERR,ERR,ERR,ERR,ERR,ERR,ERR,ERR,ERR,ERR,ERR,ERR,ERR,ERR,ERR,ERR,ERR,ERR,ERR,ERR,ERR,ERR,ERR,ERR,ERR,ERR,ERR,ERR,ERR,ERR,ERR,ERR,ERR,ERR,ERR,ERR,ERR,ERR,ERR,ERR,ERR,ERR,ERR,ERR,ERR,ERR,ERR,ERR,ERR,ERR,ERR,ERR,ERR,ERR,ERR,ERR,ERR,ERR,ERR,ERR,ERR,ERR,ERR,ERR,ERR,ERR,ERR,ERR,ERR,0.0,0.0,0.0,0.0,-0.0,-0.0,0.0,9.021401852595405e+16,0,0,4,17380,7116,0.0,100,0.0,0.0,0.0,0.0,0.0,0,0,0,0,0.0,0,0,0,0,0,0,0,0,0,0,0,0,0,0,0,0,0,0,0,0,0,0,0,0,0,0,0,0,0,0,0,0,0,31,40,40,71,65476,0,300,0,0,8,21553,0.0,-107605600.0,0.0,0.0,0.0,0.0,0.0,0.0,0.0,0.0,0.0,0.0,0.0,0.0,0.0,0.0,0.0,0.0,0.0,0.0,0.0,0.0,2.004,0.0,0.0,0.0,0.0,0.0,0.0,0.0,4950.0,2.4229873280715295e+24,6925.0,2.7184246165485387e+23,0.0,2.004,2.004,0.0,0.0,0.0,0.0,69,2.718429120148166e+23,-0.0,0.0,0.0,0.0,0.0,0.0,0.0,0.0,0,0,0,0.0,0.0,0.0,0.0,0.0,0.0,0.0,0.0,0.0,0.0,0.0,0.0,0.0,0.0,0.0,0.0,0,-107875648.0,69,0.0,138,0.0,2.012,ERR,ERR,ERR,ERR,ERR,ERR,ERR,ERR,ERR,ERR,ERR,ERR,ERR,ERR,ERR,ERR,ERR,ERR,ERR,ERR,ERR,ERR,ERR,ERR,ERR,ERR,ERR,ERR,ERR,ERR,ERR,ERR,ERR,ERR,ERR,ERR,ERR,ERR,ERR,ERR,ERR,ERR,ERR,ERR,ERR,ERR,ERR,ERR,ERR,ERR,ERR,ERR,ERR,ERR,ERR,ERR,ERR,ERR,ERR,ERR,ERR,ERR,ERR,ERR,ERR,ERR,ERR,60.0,60.0,35,0.0,0.0,0.0,0.0,0.0,0.0,0.0,0.0,0.0,0.0,0.0,0.0,0.0,0.0,0.0,0.0,65.2,0,142,68,52,65476,0,65476,1,4,4,20529,65476,0,0,2621,60.0,0.0,0.0,0.0,0.0,0.0
2026-07-09T15:02:08,ERR,ERR,ERR,ERR,ERR,ERR,ERR,ERR,ERR,ERR,ERR,ERR,ERR,ERR,ERR,ERR,ERR,ERR,ERR,ERR,ERR,ERR,ERR,ERR,ERR,ERR,ERR,ERR,ERR,ERR,ERR,ERR,ERR,ERR,ERR,ERR,ERR,ERR,ERR,ERR,ERR,ERR,ERR,ERR,ERR,ERR,ERR,ERR,ERR,ERR,ERR,ERR,ERR,ERR,ERR,ERR,ERR,ERR,ERR,ERR,ERR,ERR,ERR,ERR,ERR,ERR,ERR,ERR,ERR,ERR,ERR,ERR,ERR,ERR,ERR,ERR,ERR,ERR,ERR,ERR,ERR,ERR,ERR,ERR,ERR,ERR,ERR,ERR,ERR,ERR,ERR,ERR,ERR,ERR,ERR,ERR,ERR,ERR,ERR,ERR,ERR,ERR,ERR,ERR,ERR,ERR,ERR,ERR,ERR,ERR,ERR,ERR,ERR,ERR,ERR,ERR,ERR,ERR,ERR,ERR,ERR,ERR,ERR,ERR,ERR,0.0,0.0,0.0,0.0,-0.0,-0.0,0.0,9.021401852595405e+16,0,0,4,17380,7116,0.0,100,0.0,0.0,0.0,0.0,0.0,0,0,0,0,0.0,0,0,0,0,0,0,0,0,0,0,0,0,0,0,0,0,0,0,0,0,0,0,0,0,0,0,0,0,0,0,0,0,0,31,40,40,71,65476,0,300,0,0,8,21553,0.0,-107605600.0,0.0,0.0,0.0,0.0,0.0,0.0,0.0,0.0,0.0,0.0,0.0,0.0,0.0,0.0,0.0,0.0,0.0,0.0,0.0,0.0,2.004,0.0,0.0,0.0,0.0,0.0,0.0,0.0,4950.0,2.4229873280715295e+24,6925.0,2.7184246165485387e+23,0.0,2.004,2.004,0.0,0.0,0.0,0.0,69,2.718429120148166e+23,-0.0,0.0,0.0,0.0,0.0,0.0,0.0,0.0,0,0,0,0.0,0.0,0.0,0.0,0.0,0.0,0.0,0.0,0.0,0.0,0.0,0.0,0.0,0.0,0.0,0.0,0,-107875648.0,69,0.0,138,0.0,2.012,ERR,ERR,ERR,ERR,ERR,ERR,ERR,ERR,ERR,ERR,ERR,ERR,ERR,ERR,ERR,ERR,ERR,ERR,ERR,ERR,ERR,ERR,ERR,ERR,ERR,ERR,ERR,ERR,ERR,ERR,ERR,ERR,ERR,ERR,ERR,ERR,ERR,ERR,ERR,ERR,ERR,ERR,ERR,ERR,ERR,ERR,ERR,ERR,ERR,ERR,ERR,ERR,ERR,ERR,ERR,ERR,ERR,ERR,ERR,ERR,ERR,ERR,ERR,ERR,ERR,ERR,ERR,60.0,60.0,35,0.0,0.0,0.0,0.0,0.0,0.0,0.0,0.0,0.0,0.0,0.0,0.0,0.0,0.0,0.0,0.0,65.2,0,142,68,52,65476,0,65476,1,4,4,20529,65476,0,0,2621,60.0,0.0,0.0,0.0,0.0,0.0
2026-07-09T15:02:09,ERR,ERR,ERR,ERR,ERR,ERR,ERR,ERR,ERR,ERR,ERR,ERR,ERR,ERR,ERR,ERR,ERR,ERR,ERR,ERR,ERR,ERR,ERR,ERR,ERR,ERR,ERR,ERR,ERR,ERR,ERR,ERR,ERR,ERR,ERR,ERR,ERR,ERR,ERR,ERR,ERR,ERR,ERR,ERR,ERR,ERR,ERR,ERR,ERR,ERR,ERR,ERR,ERR,ERR,ERR,ERR,ERR,ERR,ERR,ERR,ERR,ERR,ERR,ERR,ERR,ERR,ERR,ERR,ERR,ERR,ERR,ERR,ERR,ERR,ERR,ERR,ERR,ERR,ERR,ERR,ERR,ERR,ERR,ERR,ERR,ERR,ERR,ERR,ERR,ERR,ERR,ERR,ERR,ERR,ERR,ERR,ERR,ERR,ERR,ERR,ERR,ERR,ERR,ERR,ERR,ERR,ERR,ERR,ERR,ERR,ERR,ERR,ERR,ERR,ERR,ERR,ERR,ERR,ERR,ERR,ERR,ERR,ERR,ERR,ERR,-107615104.0,0.0,0.0,0.0,-0.0,0.0,7.095820321373556e+28,36902983958528.0,0,0,4,17376,7116,0.0,100,0.0,0.0,0.0,0.0,0.0,0,0,0,0,0.0,0,0,0,0,0,0,0,0,0,0,0,0,0,0,0,0,0,0,0,0,0,0,0,0,0,0,0,0,0,0,0,0,0,31,40,40,71,65476,0,300,0,0,8,21553,0.0,-107605600.0,0.0,0.0,0.0,0.0,0.0,0.0,0.0,0.0,0.0,0.0,0.0,0.0,0.0,0.0,0.0,0.0,0.0,0.0,0.0,0.0,-0.0,0.0,0.0,0.0,0.0,0.0,0.0,0.0,4944.0,3.6971852540153954e+19,6924.0,-107615104.0,0.0,2.004,2.004,0.0,0.0,0.0,0.0,69,89221.07,-0.0,0.0,0.0,0.0,0.0,0.0,0.0,0.0,0,0,0,0.0,0.0,0.0,0.0,0.0,0.0,0.0,0.0,0.0,0.0,0.0,0.0,0.0,0.0,0.0,0.0,0,-107875648.0,69,0.0,138,0.0,2.012,ERR,ERR,ERR,ERR,ERR,ERR,ERR,ERR,ERR,ERR,ERR,ERR,ERR,ERR,ERR,ERR,ERR,ERR,ERR,ERR,ERR,ERR,ERR,ERR,ERR,ERR,ERR,ERR,ERR,ERR,ERR,ERR,ERR,ERR,ERR,ERR,ERR,ERR,ERR,ERR,ERR,ERR,ERR,ERR,ERR,ERR,ERR,ERR,ERR,ERR,ERR,ERR,ERR,ERR,ERR,ERR,ERR,ERR,ERR,ERR,ERR,ERR,ERR,ERR,ERR,ERR,ERR,60.0,60.0,35,0.0,0.0,0.0,0.0,0.0,0.0,0.0,0.0,0.0,0.0,0.0,0.0,0.0,0.0,0.0,0.0,65.6,0,142,68,52,65476,0,65476,1,4,4,20529,65476,0,0,2621,60.0,0.0,0.0,0.0,0.0,0.0
2026-07-09T15:02:10,ERR,ERR,ERR,ERR,ERR,ERR,ERR,ERR,ERR,ERR,ERR,ERR,ERR,ERR,ERR,ERR,ERR,ERR,ERR,ERR,ERR,ERR,ERR,ERR,ERR,ERR,ERR,ERR,ERR,ERR,ERR,ERR,ERR,ERR,ERR,ERR,ERR,ERR,ERR,ERR,ERR,ERR,ERR,ERR,ERR,ERR,ERR,ERR,ERR,ERR,ERR,ERR,ERR,ERR,ERR,ERR,ERR,ERR,ERR,ERR,ERR,ERR,ERR,ERR,ERR,ERR,ERR,ERR,ERR,ERR,ERR,ERR,ERR,ERR,ERR,ERR,ERR,ERR,ERR,ERR,ERR,ERR,ERR,ERR,ERR,ERR,ERR,ERR,ERR,ERR,ERR,ERR,ERR,ERR,ERR,ERR,ERR,ERR,ERR,ERR,ERR,ERR,ERR,ERR,ERR,ERR,ERR,ERR,ERR,ERR,ERR,ERR,ERR,ERR,ERR,ERR,ERR,ERR,ERR,ERR,ERR,ERR,ERR,ERR,ERR,-107615104.0,0.0,0.0,0.0,-0.0,0.0,7.095820321373556e+28,36902983958528.0,0,0,4,17376,7116,0.0,100,0.0,0.0,0.0,0.0,0.0,0,0,0,0,0.0,0,0,0,0,0,0,0,0,0,0,0,0,0,0,0,0,0,0,0,0,0,0,0,0,0,0,0,0,0,0,0,0,0,31,40,40,71,65476,0,300,0,0,8,21553,0.0,-107605600.0,0.0,0.0,0.0,0.0,0.0,0.0,0.0,0.0,0.0,0.0,0.0,0.0,0.0,0.0,0.0,0.0,0.0,0.0,0.0,0.0,-0.0,0.0,0.0,0.0,0.0,0.0,0.0,0.0,4944.0,3.6971852540153954e+19,6924.0,-107615104.0,0.0,2.004,2.004,0.0,0.0,0.0,0.0,69,89221.07,-0.0,0.0,0.0,0.0,0.0,0.0,0.0,0.0,0,0,0,0.0,0.0,0.0,0.0,0.0,0.0,0.0,0.0,0.0,0.0,0.0,0.0,0.0,0.0,0.0,0.0,0,-107875648.0,69,0.0,138,0.0,2.012,ERR,ERR,ERR,ERR,ERR,ERR,ERR,ERR,ERR,ERR,ERR,ERR,ERR,ERR,ERR,ERR,ERR,ERR,ERR,ERR,ERR,ERR,ERR,ERR,ERR,ERR,ERR,ERR,ERR,ERR,ERR,ERR,ERR,ERR,ERR,ERR,ERR,ERR,ERR,ERR,ERR,ERR,ERR,ERR,ERR,ERR,ERR,ERR,ERR,ERR,ERR,ERR,ERR,ERR,ERR,ERR,ERR,ERR,ERR,ERR,ERR,ERR,ERR,ERR,ERR,ERR,ERR,60.0,60.0,35,0.0,0.0,0.0,0.0,0.0,0.0,0.0,0.0,0.0,0.0,0.0,0.0,0.0,0.0,0.0,0.0,65.6,0,142,68,52,65476,0,65476,1,4,4,20529,65476,0,0,2621,60.0,0.0,0.0,0.0,0.0,0.0
2026-07-09T15:02:11,ERR,ERR,ERR,ERR,ERR,ERR,ERR,ERR,ERR,ERR,ERR,ERR,ERR,ERR,ERR,ERR,ERR,ERR,ERR,ERR,ERR,ERR,ERR,ERR,ERR,ERR,ERR,ERR,ERR,ERR,ERR,ERR,ERR,ERR,ERR,ERR,ERR,ERR,ERR,ERR,ERR,ERR,ERR,ERR,ERR,ERR,ERR,ERR,ERR,ERR,ERR,ERR,ERR,ERR,ERR,ERR,ERR,ERR,ERR,ERR,ERR,ERR,ERR,ERR,ERR,ERR,ERR,ERR,ERR,ERR,ERR,ERR,ERR,ERR,ERR,ERR,ERR,ERR,ERR,ERR,ERR,ERR,ERR,ERR,ERR,ERR,ERR,ERR,ERR,ERR,ERR,ERR,ERR,ERR,ERR,ERR,ERR,ERR,ERR,ERR,ERR,ERR,ERR,ERR,ERR,ERR,ERR,ERR,ERR,ERR,ERR,ERR,ERR,ERR,ERR,ERR,ERR,ERR,ERR,ERR,ERR,ERR,ERR,ERR,ERR,-107615104.0,0.0,0.0,0.0,-0.0,0.0,7.095820321373556e+28,36902983958528.0,0,0,4,17376,7116,0.0,100,0.0,0.0,0.0,0.0,0.0,0,0,0,0,0.0,0,0,0,0,0,0,0,0,0,0,0,0,0,0,0,0,0,0,0,0,0,0,0,0,0,0,0,0,0,0,0,0,0,31,40,40,71,65476,0,300,0,0,8,21553,0.0,-107605600.0,0.0,0.0,0.0,0.0,0.0,0.0,0.0,0.0,0.0,0.0,0.0,0.0,0.0,0.0,0.0,0.0,0.0,0.0,0.0,0.0,-0.0,0.0,0.0,0.0,0.0,0.0,0.0,0.0,4944.0,3.6971852540153954e+19,6924.0,-107615104.0,0.0,2.004,2.004,0.0,0.0,0.0,0.0,69,89221.07,-0.0,0.0,0.0,0.0,0.0,0.0,0.0,0.0,0,0,0,0.0,0.0,0.0,0.0,0.0,0.0,0.0,0.0,0.0,0.0,0.0,0.0,0.0,0.0,0.0,0.0,0,-107875648.0,69,0.0,138,0.0,2.012,ERR,ERR,ERR,ERR,ERR,ERR,ERR,ERR,ERR,ERR,ERR,ERR,ERR,ERR,ERR,ERR,ERR,ERR,ERR,ERR,ERR,ERR,ERR,ERR,ERR,ERR,ERR,ERR,ERR,ERR,ERR,ERR,ERR,ERR,ERR,ERR,ERR,ERR,ERR,ERR,ERR,ERR,ERR,ERR,ERR,ERR,ERR,ERR,ERR,ERR,ERR,ERR,ERR,ERR,ERR,ERR,ERR,ERR,ERR,ERR,ERR,ERR,ERR,ERR,ERR,ERR,ERR,60.0,60.0,35,0.0,0.0,0.0,0.0,0.0,0.0,0.0,0.0,0.0,0.0,0.0,0.0,0.0,0.0,0.0,0.0,65.2,0,142,68,52,65476,0,65476,1,4,4,20529,65476,0,0,2621,60.0,0.0,0.0,0.0,0.0,0.0
2026-07-09T15:02:12,ERR,ERR,ERR,ERR,ERR,ERR,ERR,ERR,ERR,ERR,ERR,ERR,ERR,ERR,ERR,ERR,ERR,ERR,ERR,ERR,ERR,ERR,ERR,ERR,ERR,ERR,ERR,ERR,ERR,ERR,ERR,ERR,ERR,ERR,ERR,ERR,ERR,ERR,ERR,ERR,ERR,ERR,ERR,ERR,ERR,ERR,ERR,ERR,ERR,ERR,ERR,ERR,ERR,ERR,ERR,ERR,ERR,ERR,ERR,ERR,ERR,ERR,ERR,ERR,ERR,ERR,ERR,ERR,ERR,ERR,ERR,ERR,ERR,ERR,ERR,ERR,ERR,ERR,ERR,ERR,ERR,ERR,ERR,ERR,ERR,ERR,ERR,ERR,ERR,ERR,ERR,ERR,ERR,ERR,ERR,ERR,ERR,ERR,ERR,ERR,ERR,ERR,ERR,ERR,ERR,ERR,ERR,ERR,ERR,ERR,ERR,ERR,ERR,ERR,ERR,ERR,ERR,ERR,ERR,ERR,ERR,ERR,ERR,ERR,ERR,-107615104.0,0.0,0.0,0.0,-0.0,0.0,7.095820321373556e+28,36902983958528.0,0,0,4,17376,7116,0.0,100,0.0,0.0,0.0,0.0,0.0,0,0,0,0,0.0,0,0,0,0,0,0,0,0,0,0,0,0,0,0,0,0,0,0,0,0,0,0,0,0,0,0,0,0,0,0,0,0,0,31,40,40,71,65476,0,300,0,0,8,21553,0.0,-107605600.0,0.0,0.0,0.0,0.0,0.0,0.0,0.0,0.0,0.0,0.0,0.0,0.0,0.0,0.0,0.0,0.0,0.0,0.0,0.0,0.0,-0.0,0.0,0.0,0.0,0.0,0.0,0.0,0.0,4944.0,3.6971852540153954e+19,6924.0,-107615104.0,0.0,2.004,2.004,0.0,0.0,0.0,0.0,69,89221.07,-0.0,0.0,0.0,0.0,0.0,0.0,0.0,0.0,0,0,0,0.0,0.0,0.0,0.0,0.0,0.0,0.0,0.0,0.0,0.0,0.0,0.0,0.0,0.0,0.0,0.0,0,-107875648.0,69,0.0,138,0.0,2.012,ERR,ERR,ERR,ERR,ERR,ERR,ERR,ERR,ERR,ERR,ERR,ERR,ERR,ERR,ERR,ERR,ERR,ERR,ERR,ERR,ERR,ERR,ERR,ERR,ERR,ERR,ERR,ERR,ERR,ERR,ERR,ERR,ERR,ERR,ERR,ERR,ERR,ERR,ERR,ERR,ERR,ERR,ERR,ERR,ERR,ERR,ERR,ERR,ERR,ERR,ERR,ERR,ERR,ERR,ERR,ERR,ERR,ERR,ERR,ERR,ERR,ERR,ERR,ERR,ERR,ERR,ERR,60.0,60.0,35,0.0,0.0,0.0,0.0,0.0,0.0,0.0,0.0,0.0,0.0,0.0,0.0,0.0,0.0,0.0,0.0,65.2,0,142,68,52,65476,0,65476,1,4,4,20529,65476,0,0,2621,60.0,0.0,0.0,0.0,0.0,0.0
2026-07-09T15:02:13,ERR,ERR,ERR,ERR,ERR,ERR,ERR,ERR,ERR,ERR,ERR,ERR,ERR,ERR,ERR,ERR,ERR,ERR,ERR,ERR,ERR,ERR,ERR,ERR,ERR,ERR,ERR,ERR,ERR,ERR,ERR,ERR,ERR,ERR,ERR,ERR,ERR,ERR,ERR,ERR,ERR,ERR,ERR,ERR,ERR,ERR,ERR,ERR,ERR,ERR,ERR,ERR,ERR,ERR,ERR,ERR,ERR,ERR,ERR,ERR,ERR,ERR,ERR,ERR,ERR,ERR,ERR,ERR,ERR,ERR,ERR,ERR,ERR,ERR,ERR,ERR,ERR,ERR,ERR,ERR,ERR,ERR,ERR,ERR,ERR,ERR,ERR,ERR,ERR,ERR,ERR,ERR,ERR,ERR,ERR,ERR,ERR,ERR,ERR,ERR,ERR,ERR,ERR,ERR,ERR,ERR,ERR,ERR,ERR,ERR,ERR,ERR,ERR,ERR,ERR,ERR,ERR,ERR,ERR,ERR,ERR,ERR,ERR,ERR,ERR,-107615104.0,0.0,0.0,0.0,-0.0,0.0,7.095820321373556e+28,36902983958528.0,0,0,4,17376,7116,0.0,100,0.0,0.0,0.0,0.0,0.0,0,0,0,0,0.0,0,0,0,0,0,0,0,0,0,0,0,0,0,0,0,0,0,0,0,0,0,0,0,0,0,0,0,0,0,0,0,0,0,31,40,40,71,65476,0,300,0,0,8,21553,0.0,-107605600.0,0.0,0.0,0.0,0.0,0.0,0.0,0.0,0.0,0.0,0.0,0.0,0.0,0.0,0.0,0.0,0.0,0.0,0.0,0.0,0.0,-0.0,0.0,0.0,0.0,0.0,0.0,0.0,0.0,4944.0,3.6971852540153954e+19,6924.0,-107615104.0,0.0,2.004,2.004,0.0,0.0,0.0,0.0,69,89221.07,-0.0,0.0,0.0,0.0,0.0,0.0,0.0,0.0,0,0,0,0.0,0.0,0.0,0.0,0.0,0.0,0.0,0.0,0.0,0.0,0.0,0.0,0.0,0.0,0.0,0.0,0,-107875648.0,69,0.0,138,0.0,2.012,ERR,ERR,ERR,ERR,ERR,ERR,ERR,ERR,ERR,ERR,ERR,ERR,ERR,ERR,ERR,ERR,ERR,ERR,ERR,ERR,ERR,ERR,ERR,ERR,ERR,ERR,ERR,ERR,ERR,ERR,ERR,ERR,ERR,ERR,ERR,ERR,ERR,ERR,ERR,ERR,ERR,ERR,ERR,ERR,ERR,ERR,ERR,ERR,ERR,ERR,ERR,ERR,ERR,ERR,ERR,ERR,ERR,ERR,ERR,ERR,ERR,ERR,ERR,ERR,ERR,ERR,ERR,60.0,60.0,35,0.0,0.0,0.0,0.0,0.0,0.0,0.0,0.0,0.0,0.0,0.0,0.0,0.0,0.0,0.0,0.0,65.2,0,142,68,52,65476,0,65476,1,4,4,20529,65476,0,0,2621,60.0,0.0,0.0,0.0,0.0,0.0
2026-07-09T15:02:14,ERR,ERR,ERR,ERR,ERR,ERR,ERR,ERR,ERR,ERR,ERR,ERR,ERR,ERR,ERR,ERR,ERR,ERR,ERR,ERR,ERR,ERR,ERR,ERR,ERR,ERR,ERR,ERR,ERR,ERR,ERR,ERR,ERR,ERR,ERR,ERR,ERR,ERR,ERR,ERR,ERR,ERR,ERR,ERR,ERR,ERR,ERR,ERR,ERR,ERR,ERR,ERR,ERR,ERR,ERR,ERR,ERR,ERR,ERR,ERR,ERR,ERR,ERR,ERR,ERR,ERR,ERR,ERR,ERR,ERR,ERR,ERR,ERR,ERR,ERR,ERR,ERR,ERR,ERR,ERR,ERR,ERR,ERR,ERR,ERR,ERR,ERR,ERR,ERR,ERR,ERR,ERR,ERR,ERR,ERR,ERR,ERR,ERR,ERR,ERR,ERR,ERR,ERR,ERR,ERR,ERR,ERR,ERR,ERR,ERR,ERR,ERR,ERR,ERR,ERR,ERR,ERR,ERR,ERR,ERR,ERR,ERR,ERR,ERR,ERR,-0.0,-107615832.0,0.0,-0.0,-3.738631431357138e+27,0.0,2.6664776307950555e+31,-5142290944.0,0,0,4,17381,7116,0.0,100,0.0,0.0,0.0,0.0,0.0,0,0,0,0,0.0,0,0,0,0,0,0,0,0,0,0,0,0,0,0,0,0,0,0,0,0,0,0,0,0,0,0,0,0,0,0,0,0,0,31,40,40,71,65476,0,300,0,0,8,21553,0.0,-107605600.0,0.0,0.0,0.0,0.0,0.0,0.0,0.0,0.0,0.0,0.0,0.0,0.0,0.0,0.0,0.0,0.0,0.0,0.0,0.0,0.0,0.0,-2.004,0.0,0.0,0.0,0.0,0.0,0.0,4936.0,131350.406,6921.0,-0.0,-0.0,2.004,2.004,0.0,0.0,0.0,0.0,69,0.0,5.8480544947369536e+35,0.0,0.0,0.0,0.0,0.0,0.0,0.0,0,0,0,0.0,0.0,0.0,0.0,0.0,0.0,0.0,0.0,0.0,0.0,0.0,0.0,0.0,0.0,0.0,0.0,0,-107875648.0,69,0.0,138,0.0,2.012,ERR,ERR,ERR,ERR,ERR,ERR,ERR,ERR,ERR,ERR,ERR,ERR,ERR,ERR,ERR,ERR,ERR,ERR,ERR,ERR,ERR,ERR,ERR,ERR,ERR,ERR,ERR,ERR,ERR,ERR,ERR,ERR,ERR,ERR,ERR,ERR,ERR,ERR,ERR,ERR,ERR,ERR,ERR,ERR,ERR,ERR,ERR,ERR,ERR,ERR,ERR,ERR,ERR,ERR,ERR,ERR,ERR,ERR,ERR,ERR,ERR,ERR,ERR,ERR,ERR,ERR,ERR,60.0,60.0,35,0.0,0.0,0.0,0.0,0.0,0.0,0.0,0.0,0.0,0.0,0.0,0.0,0.0,0.0,0.0,0.0,65.2,0,142,68,52,65476,0,65476,1,4,4,20529,65476,0,0,2621,60.0,0.0,0.0,0.0,0.0,0.0
2026-07-09T15:02:15,ERR,ERR,ERR,ERR,ERR,ERR,ERR,ERR,ERR,ERR,ERR,ERR,ERR,ERR,ERR,ERR,ERR,ERR,ERR,ERR,ERR,ERR,ERR,ERR,ERR,ERR,ERR,ERR,ERR,ERR,ERR,ERR,ERR,ERR,ERR,ERR,ERR,ERR,ERR,ERR,ERR,ERR,ERR,ERR,ERR,ERR,ERR,ERR,ERR,ERR,ERR,ERR,ERR,ERR,ERR,ERR,ERR,ERR,ERR,ERR,ERR,ERR,ERR,ERR,ERR,ERR,ERR,ERR,ERR,ERR,ERR,ERR,ERR,ERR,ERR,ERR,ERR,ERR,ERR,ERR,ERR,ERR,ERR,ERR,ERR,ERR,ERR,ERR,ERR,ERR,ERR,ERR,ERR,ERR,ERR,ERR,ERR,ERR,ERR,ERR,ERR,ERR,ERR,ERR,ERR,ERR,ERR,ERR,ERR,ERR,ERR,ERR,ERR,ERR,ERR,ERR,ERR,ERR,ERR,ERR,ERR,ERR,ERR,ERR,ERR,-0.0,-107615832.0,0.0,-0.0,-3.738631431357138e+27,0.0,2.6664776307950555e+31,-5142290944.0,0,0,4,17381,7116,0.0,100,0.0,0.0,0.0,0.0,0.0,0,0,0,0,0.0,0,0,0,0,0,0,0,0,0,0,0,0,0,0,0,0,0,0,0,0,0,0,0,0,0,0,0,0,0,0,0,0,0,31,40,40,71,65476,0,300,0,0,8,21553,0.0,-107605600.0,0.0,0.0,0.0,0.0,0.0,0.0,0.0,0.0,0.0,0.0,0.0,0.0,0.0,0.0,0.0,0.0,0.0,0.0,0.0,0.0,0.0,-2.004,0.0,0.0,0.0,0.0,0.0,0.0,4936.0,131350.406,6921.0,-0.0,-0.0,2.004,2.004,0.0,0.0,0.0,0.0,69,0.0,5.8480544947369536e+35,0.0,0.0,0.0,0.0,0.0,0.0,0.0,0,0,0,0.0,0.0,0.0,0.0,0.0,0.0,0.0,0.0,0.0,0.0,0.0,0.0,0.0,0.0,0.0,0.0,0,-107875648.0,69,0.0,138,0.0,2.012,ERR,ERR,ERR,ERR,ERR,ERR,ERR,ERR,ERR,ERR,ERR,ERR,ERR,ERR,ERR,ERR,ERR,ERR,ERR,ERR,ERR,ERR,ERR,ERR,ERR,ERR,ERR,ERR,ERR,ERR,ERR,ERR,ERR,ERR,ERR,ERR,ERR,ERR,ERR,ERR,ERR,ERR,ERR,ERR,ERR,ERR,ERR,ERR,ERR,ERR,ERR,ERR,ERR,ERR,ERR,ERR,ERR,ERR,ERR,ERR,ERR,ERR,ERR,ERR,ERR,ERR,ERR,60.0,60.0,35,0.0,0.0,0.0,0.0,0.0,0.0,0.0,0.0,0.0,0.0,0.0,0.0,0.0,0.0,0.0,0.0,65.2,0,142,68,52,65476,0,65476,1,4,4,20529,65476,0,0,2621,60.0,0.0,0.0,0.0,0.0,0.0
2026-07-09T15:02:16,ERR,ERR,ERR,ERR,ERR,ERR,ERR,ERR,ERR,ERR,ERR,ERR,ERR,ERR,ERR,ERR,ERR,ERR,ERR,ERR,ERR,ERR,ERR,ERR,ERR,ERR,ERR,ERR,ERR,ERR,ERR,ERR,ERR,ERR,ERR,ERR,ERR,ERR,ERR,ERR,ERR,ERR,ERR,ERR,ERR,ERR,ERR,ERR,ERR,ERR,ERR,ERR,ERR,ERR,ERR,ERR,ERR,ERR,ERR,ERR,ERR,ERR,ERR,ERR,ERR,ERR,ERR,ERR,ERR,ERR,ERR,ERR,ERR,ERR,ERR,ERR,ERR,ERR,ERR,ERR,ERR,ERR,ERR,ERR,ERR,ERR,ERR,ERR,ERR,ERR,ERR,ERR,ERR,ERR,ERR,ERR,ERR,ERR,ERR,ERR,ERR,ERR,ERR,ERR,ERR,ERR,ERR,ERR,ERR,ERR,ERR,ERR,ERR,ERR,ERR,ERR,ERR,ERR,ERR,ERR,ERR,ERR,ERR,ERR,ERR,-0.0,-107615832.0,0.0,-0.0,-3.738631431357138e+27,0.0,2.6664776307950555e+31,-5142290944.0,0,0,4,17381,7116,0.0,100,0.0,0.0,0.0,0.0,0.0,0,0,0,0,0.0,0,0,0,0,0,0,0,0,0,0,0,0,0,0,0,0,0,0,0,0,0,0,0,0,0,0,0,0,0,0,0,0,0,31,40,40,71,65476,0,300,0,0,8,21553,0.0,-107605600.0,0.0,0.0,0.0,0.0,0.0,0.0,0.0,0.0,0.0,0.0,0.0,0.0,0.0,0.0,0.0,0.0,0.0,0.0,0.0,0.0,0.0,-2.004,0.0,0.0,0.0,0.0,0.0,0.0,4936.0,131350.406,6921.0,-0.0,-0.0,2.004,2.004,0.0,0.0,0.0,0.0,69,0.0,5.8480544947369536e+35,0.0,0.0,0.0,0.0,0.0,0.0,0.0,0,0,0,0.0,0.0,0.0,0.0,0.0,0.0,0.0,0.0,0.0,0.0,0.0,0.0,0.0,0.0,0.0,0.0,0,-107875648.0,69,0.0,138,0.0,2.012,ERR,ERR,ERR,ERR,ERR,ERR,ERR,ERR,ERR,ERR,ERR,ERR,ERR,ERR,ERR,ERR,ERR,ERR,ERR,ERR,ERR,ERR,ERR,ERR,ERR,ERR,ERR,ERR,ERR,ERR,ERR,ERR,ERR,ERR,ERR,ERR,ERR,ERR,ERR,ERR,ERR,ERR,ERR,ERR,ERR,ERR,ERR,ERR,ERR,ERR,ERR,ERR,ERR,ERR,ERR,ERR,ERR,ERR,ERR,ERR,ERR,ERR,ERR,ERR,ERR,ERR,ERR,60.0,60.0,35,0.0,0.0,0.0,0.0,0.0,0.0,0.0,0.0,0.0,0.0,0.0,0.0,0.0,0.0,0.0,0.0,65.2,0,142,68,51,65476,0,65476,1,4,4,20529,65476,0,0,2621,60.0,0.0,0.0,0.0,0.0,0.0
2026-07-09T15:02:17,ERR,ERR,ERR,ERR,ERR,ERR,ERR,ERR,ERR,ERR,ERR,ERR,ERR,ERR,ERR,ERR,ERR,ERR,ERR,ERR,ERR,ERR,ERR,ERR,ERR,ERR,ERR,ERR,ERR,ERR,ERR,ERR,ERR,ERR,ERR,ERR,ERR,ERR,ERR,ERR,ERR,ERR,ERR,ERR,ERR,ERR,ERR,ERR,ERR,ERR,ERR,ERR,ERR,ERR,ERR,ERR,ERR,ERR,ERR,ERR,ERR,ERR,ERR,ERR,ERR,ERR,ERR,ERR,ERR,ERR,ERR,ERR,ERR,ERR,ERR,ERR,ERR,ERR,ERR,ERR,ERR,ERR,ERR,ERR,ERR,ERR,ERR,ERR,ERR,ERR,ERR,ERR,ERR,ERR,ERR,ERR,ERR,ERR,ERR,ERR,ERR,ERR,ERR,ERR,ERR,ERR,ERR,ERR,ERR,ERR,ERR,ERR,ERR,ERR,ERR,ERR,ERR,ERR,ERR,ERR,ERR,ERR,ERR,ERR,ERR,-0.0,-107615832.0,0.0,-0.0,-3.738631431357138e+27,0.0,2.6664776307950555e+31,-5142290944.0,0,0,4,17381,7116,0.0,100,0.0,0.0,0.0,0.0,0.0,0,0,0,0,0.0,0,0,0,0,0,0,0,0,0,0,0,0,0,0,0,0,0,0,0,0,0,0,0,0,0,0,0,0,0,0,0,0,0,31,40,40,71,65476,0,300,0,0,8,21553,0.0,-107605600.0,0.0,0.0,0.0,0.0,0.0,0.0,0.0,0.0,0.0,0.0,0.0,0.0,0.0,0.0,0.0,0.0,0.0,0.0,0.0,0.0,0.0,-2.004,0.0,0.0,0.0,0.0,0.0,0.0,4936.0,131350.406,6921.0,-0.0,-0.0,2.004,2.004,0.0,0.0,0.0,0.0,69,0.0,5.8480544947369536e+35,0.0,0.0,0.0,0.0,0.0,0.0,0.0,0,0,0,0.0,0.0,0.0,0.0,0.0,0.0,0.0,0.0,0.0,0.0,0.0,0.0,0.0,0.0,0.0,0.0,0,-107875648.0,69,0.0,138,0.0,2.012,ERR,ERR,ERR,ERR,ERR,ERR,ERR,ERR,ERR,ERR,ERR,ERR,ERR,ERR,ERR,ERR,ERR,ERR,ERR,ERR,ERR,ERR,ERR,ERR,ERR,ERR,ERR,ERR,ERR,ERR,ERR,ERR,ERR,ERR,ERR,ERR,ERR,ERR,ERR,ERR,ERR,ERR,ERR,ERR,ERR,ERR,ERR,ERR,ERR,ERR,ERR,ERR,ERR,ERR,ERR,ERR,ERR,ERR,ERR,ERR,ERR,ERR,ERR,ERR,ERR,ERR,ERR,60.0,60.0,35,0.0,0.0,0.0,0.0,0.0,0.0,0.0,0.0,0.0,0.0,0.0,0.0,0.0,0.0,0.0,0.0,65.2,0,142,68,51,65476,0,65476,1,4,4,20529,65476,0,0,2621,60.0,0.0,0.0,0.0,0.0,0.0
2026-07-09T15:02:18,ERR,ERR,ERR,ERR,ERR,ERR,ERR,ERR,ERR,ERR,ERR,ERR,ERR,ERR,ERR,ERR,ERR,ERR,ERR,ERR,ERR,ERR,ERR,ERR,ERR,ERR,ERR,ERR,ERR,ERR,ERR,ERR,ERR,ERR,ERR,ERR,ERR,ERR,ERR,ERR,ERR,ERR,ERR,ERR,ERR,ERR,ERR,ERR,ERR,ERR,ERR,ERR,ERR,ERR,ERR,ERR,ERR,ERR,ERR,ERR,ERR,ERR,ERR,ERR,ERR,ERR,ERR,ERR,ERR,ERR,ERR,ERR,ERR,ERR,ERR,ERR,ERR,ERR,ERR,ERR,ERR,ERR,ERR,ERR,ERR,ERR,ERR,ERR,ERR,ERR,ERR,ERR,ERR,ERR,ERR,ERR,ERR,ERR,ERR,ERR,ERR,ERR,ERR,ERR,ERR,ERR,ERR,ERR,ERR,ERR,ERR,ERR,ERR,ERR,ERR,ERR,ERR,ERR,ERR,ERR,ERR,ERR,ERR,ERR,ERR,-0.0,-107615832.0,0.0,-0.0,-3.738631431357138e+27,0.0,2.6664776307950555e+31,-5142290944.0,0,0,4,17381,7116,0.0,100,0.0,0.0,0.0,0.0,0.0,0,0,0,0,0.0,0,0,0,0,0,0,0,0,0,0,0,0,0,0,0,0,0,0,0,0,0,0,0,0,0,0,0,0,0,0,0,0,0,31,40,40,71,65476,0,300,0,0,8,21553,0.0,-107605600.0,0.0,0.0,0.0,0.0,0.0,0.0,0.0,0.0,0.0,0.0,0.0,0.0,0.0,0.0,0.0,0.0,0.0,0.0,0.0,0.0,0.0,-2.004,0.0,0.0,0.0,0.0,0.0,0.0,4936.0,131350.406,6921.0,-0.0,-0.0,2.004,2.004,0.0,0.0,0.0,0.0,69,0.0,5.8480544947369536e+35,0.0,0.0,0.0,0.0,0.0,0.0,0.0,0,0,0,0.0,0.0,0.0,0.0,0.0,0.0,0.0,0.0,0.0,0.0,0.0,0.0,0.0,0.0,0.0,0.0,0,-107875648.0,69,0.0,138,0.0,2.012,ERR,ERR,ERR,ERR,ERR,ERR,ERR,ERR,ERR,ERR,ERR,ERR,ERR,ERR,ERR,ERR,ERR,ERR,ERR,ERR,ERR,ERR,ERR,ERR,ERR,ERR,ERR,ERR,ERR,ERR,ERR,ERR,ERR,ERR,ERR,ERR,ERR,ERR,ERR,ERR,ERR,ERR,ERR,ERR,ERR,ERR,ERR,ERR,ERR,ERR,ERR,ERR,ERR,ERR,ERR,ERR,ERR,ERR,ERR,ERR,ERR,ERR,ERR,ERR,ERR,ERR,ERR,60.0,60.0,35,0.0,0.0,0.0,0.0,0.0,0.0,0.0,0.0,0.0,0.0,0.0,0.0,0.0,0.0,0.0,0.0,65.2,0,142,68,51,65476,0,65476,1,4,4,20529,65476,0,0,2621,60.0,0.0,0.0,0.0,0.0,0.0
2026-07-09T15:02:19,ERR,ERR,ERR,ERR,ERR,ERR,ERR,ERR,ERR,ERR,ERR,ERR,ERR,ERR,ERR,ERR,ERR,ERR,ERR,ERR,ERR,ERR,ERR,ERR,ERR,ERR,ERR,ERR,ERR,ERR,ERR,ERR,ERR,ERR,ERR,ERR,ERR,ERR,ERR,ERR,ERR,ERR,ERR,ERR,ERR,ERR,ERR,ERR,ERR,ERR,ERR,ERR,ERR,ERR,ERR,ERR,ERR,ERR,ERR,ERR,ERR,ERR,ERR,ERR,ERR,ERR,ERR,ERR,ERR,ERR,ERR,ERR,ERR,ERR,ERR,ERR,ERR,ERR,ERR,ERR,ERR,ERR,ERR,ERR,ERR,ERR,ERR,ERR,ERR,ERR,ERR,ERR,ERR,ERR,ERR,ERR,ERR,ERR,ERR,ERR,ERR,ERR,ERR,ERR,ERR,ERR,ERR,ERR,ERR,ERR,ERR,ERR,ERR,ERR,ERR,ERR,ERR,ERR,ERR,ERR,ERR,ERR,ERR,ERR,ERR,-0.0,-107615832.0,0.0,-0.0,-3.738631431357138e+27,0.0,2.6664776307950555e+31,-5142290944.0,0,0,4,17381,7116,0.0,100,0.0,0.0,0.0,0.0,0.0,0,0,0,0,0.0,0,0,0,0,0,0,0,0,0,0,0,0,0,0,0,0,0,0,0,0,0,0,0,0,0,0,0,0,0,0,0,0,0,31,40,40,71,65476,0,300,0,0,8,21553,0.0,-107605600.0,0.0,0.0,0.0,0.0,0.0,0.0,0.0,0.0,0.0,0.0,0.0,0.0,0.0,0.0,0.0,0.0,0.0,0.0,0.0,0.0,0.0,-2.004,0.0,0.0,0.0,0.0,0.0,0.0,4936.0,131350.406,6921.0,-0.0,-0.0,2.004,2.004,0.0,0.0,0.0,0.0,69,0.0,5.8480544947369536e+35,0.0,0.0,0.0,0.0,0.0,0.0,0.0,0,0,0,0.0,0.0,0.0,0.0,0.0,0.0,0.0,0.0,0.0,0.0,0.0,0.0,0.0,0.0,0.0,0.0,0,-107875648.0,69,0.0,138,0.0,2.012,ERR,ERR,ERR,ERR,ERR,ERR,ERR,ERR,ERR,ERR,ERR,ERR,ERR,ERR,ERR,ERR,ERR,ERR,ERR,ERR,ERR,ERR,ERR,ERR,ERR,ERR,ERR,ERR,ERR,ERR,ERR,ERR,ERR,ERR,ERR,ERR,ERR,ERR,ERR,ERR,ERR,ERR,ERR,ERR,ERR,ERR,ERR,ERR,ERR,ERR,ERR,ERR,ERR,ERR,ERR,ERR,ERR,ERR,ERR,ERR,ERR,ERR,ERR,ERR,ERR,ERR,ERR,60.0,60.0,35,0.0,0.0,0.0,0.0,0.0,0.0,0.0,0.0,0.0,0.0,0.0,0.0,0.0,0.0,0.0,0.0,65.2,0,142,68,51,65476,0,65476,1,4,4,20529,65476,0,0,2621,60.0,0.0,0.0,0.0,0.0,0.0
2026-07-09T15:02:20,ERR,ERR,ERR,ERR,ERR,ERR,ERR,ERR,ERR,ERR,ERR,ERR,ERR,ERR,ERR,ERR,ERR,ERR,ERR,ERR,ERR,ERR,ERR,ERR,ERR,ERR,ERR,ERR,ERR,ERR,ERR,ERR,ERR,ERR,ERR,ERR,ERR,ERR,ERR,ERR,ERR,ERR,ERR,ERR,ERR,ERR,ERR,ERR,ERR,ERR,ERR,ERR,ERR,ERR,ERR,ERR,ERR,ERR,ERR,ERR,ERR,ERR,ERR,ERR,ERR,ERR,ERR,ERR,ERR,ERR,ERR,ERR,ERR,ERR,ERR,ERR,ERR,ERR,ERR,ERR,ERR,ERR,ERR,ERR,ERR,ERR,ERR,ERR,ERR,ERR,ERR,ERR,ERR,ERR,ERR,ERR,ERR,ERR,ERR,ERR,ERR,ERR,ERR,ERR,ERR,ERR,ERR,ERR,ERR,ERR,ERR,ERR,ERR,ERR,ERR,ERR,ERR,ERR,ERR,ERR,ERR,ERR,ERR,ERR,ERR,-0.0,-0.0,-0.0,-0.0,1.1924225769385136e+21,0.0,-0.0,-111281256.0,0,0,4,17376,7116,0.0,100,0.0,0.0,-0.0,0.0,0.0,0,0,0,0,0.0,0,0,0,0,0,0,0,0,0,0,0,0,0,0,0,0,0,0,0,0,0,0,0,0,0,0,0,0,0,0,0,0,0,31,40,40,71,65476,0,300,0,0,8,21553,0.0,-107605600.0,0.0,0.0,0.0,0.0,0.0,0.0,0.0,0.0,0.0,0.0,0.0,0.0,0.0,0.0,0.0,0.0,0.0,0.0,0.0,0.0,0.0,2.004,0.0,0.0,0.0,0.0,0.0,0.0,4958.0,0.0,6916.0,-0.0,2.7184410096511823e+23,2.004,2.004,0.0,0.0,0.0,0.0,69,-3.222026379076182e+26,89220.539,0.0,0.0,0.0,0.0,0.0,0.0,0.0,0,0,0,0.0,0.0,0.0,0.0,0.0,0.0,0.0,0.0,0.0,0.0,0.0,0.0,0.0,0.0,0.0,0.0,0,-107875648.0,69,0.0,138,0.0,2.012,ERR,ERR,ERR,ERR,ERR,ERR,ERR,ERR,ERR,ERR,ERR,ERR,ERR,ERR,ERR,ERR,ERR,ERR,ERR,ERR,ERR,ERR,ERR,ERR,ERR,ERR,ERR,ERR,ERR,ERR,ERR,ERR,ERR,ERR,ERR,ERR,ERR,ERR,ERR,ERR,ERR,ERR,ERR,ERR,ERR,ERR,ERR,ERR,ERR,ERR,ERR,ERR,ERR,ERR,ERR,ERR,ERR,ERR,ERR,ERR,ERR,ERR,ERR,ERR,ERR,ERR,ERR,60.0,60.0,35,0.0,0.0,0.0,0.0,0.0,0.0,0.0,0.0,0.0,0.0,0.0,0.0,0.0,0.0,0.0,0.0,65.2,0,142,68,51,65476,0,65476,1,4,4,20529,65476,0,0,2621,60.0,0.0,0.0,0.0,0.0,0.0
2026-07-09T15:02:21,ERR,ERR,ERR,ERR,ERR,ERR,ERR,ERR,ERR,ERR,ERR,ERR,ERR,ERR,ERR,ERR,ERR,ERR,ERR,ERR,ERR,ERR,ERR,ERR,ERR,ERR,ERR,ERR,ERR,ERR,ERR,ERR,ERR,ERR,ERR,ERR,ERR,ERR,ERR,ERR,ERR,ERR,ERR,ERR,ERR,ERR,ERR,ERR,ERR,ERR,ERR,ERR,ERR,ERR,ERR,ERR,ERR,ERR,ERR,ERR,ERR,ERR,ERR,ERR,ERR,ERR,ERR,ERR,ERR,ERR,ERR,ERR,ERR,ERR,ERR,ERR,ERR,ERR,ERR,ERR,ERR,ERR,ERR,ERR,ERR,ERR,ERR,ERR,ERR,ERR,ERR,ERR,ERR,ERR,ERR,ERR,ERR,ERR,ERR,ERR,ERR,ERR,ERR,ERR,ERR,ERR,ERR,ERR,ERR,ERR,ERR,ERR,ERR,ERR,ERR,ERR,ERR,ERR,ERR,ERR,ERR,ERR,ERR,ERR,ERR,-0.0,-0.0,-0.0,-0.0,1.1924225769385136e+21,0.0,-0.0,-111281256.0,0,0,4,17376,7116,0.0,100,0.0,0.0,-0.0,0.0,0.0,0,0,0,0,0.0,0,0,0,0,0,0,0,0,0,0,0,0,0,0,0,0,0,0,0,0,0,0,0,0,0,0,0,0,0,0,0,0,0,31,40,40,71,65476,0,300,0,0,8,21553,0.0,-107605600.0,0.0,0.0,0.0,0.0,0.0,0.0,0.0,0.0,0.0,0.0,0.0,0.0,0.0,0.0,0.0,0.0,0.0,0.0,0.0,0.0,0.0,2.004,0.0,0.0,0.0,0.0,0.0,0.0,4958.0,0.0,6916.0,-0.0,2.7184410096511823e+23,2.004,2.004,0.0,0.0,0.0,0.0,69,-3.222026379076182e+26,89220.539,0.0,0.0,0.0,0.0,0.0,0.0,0.0,0,0,0,0.0,0.0,0.0,0.0,0.0,0.0,0.0,0.0,0.0,0.0,0.0,0.0,0.0,0.0,0.0,0.0,0,-107875648.0,69,0.0,138,0.0,2.012,ERR,ERR,ERR,ERR,ERR,ERR,ERR,ERR,ERR,ERR,ERR,ERR,ERR,ERR,ERR,ERR,ERR,ERR,ERR,ERR,ERR,ERR,ERR,ERR,ERR,ERR,ERR,ERR,ERR,ERR,ERR,ERR,ERR,ERR,ERR,ERR,ERR,ERR,ERR,ERR,ERR,ERR,ERR,ERR,ERR,ERR,ERR,ERR,ERR,ERR,ERR,ERR,ERR,ERR,ERR,ERR,ERR,ERR,ERR,ERR,ERR,ERR,ERR,ERR,ERR,ERR,ERR,60.0,60.0,35,0.0,0.0,0.0,0.0,0.0,0.0,0.0,0.0,0.0,0.0,0.0,0.0,0.0,0.0,0.0,0.0,65.6,0,141,68,51,65476,0,65476,1,4,4,20529,65476,0,0,2621,60.0,0.0,0.0,0.0,0.0,0.0
2026-07-09T15:02:22,ERR,ERR,ERR,ERR,ERR,ERR,ERR,ERR,ERR,ERR,ERR,ERR,ERR,ERR,ERR,ERR,ERR,ERR,ERR,ERR,ERR,ERR,ERR,ERR,ERR,ERR,ERR,ERR,ERR,ERR,ERR,ERR,ERR,ERR,ERR,ERR,ERR,ERR,ERR,ERR,ERR,ERR,ERR,ERR,ERR,ERR,ERR,ERR,ERR,ERR,ERR,ERR,ERR,ERR,ERR,ERR,ERR,ERR,ERR,ERR,ERR,ERR,ERR,ERR,ERR,ERR,ERR,ERR,ERR,ERR,ERR,ERR,ERR,ERR,ERR,ERR,ERR,ERR,ERR,ERR,ERR,ERR,ERR,ERR,ERR,ERR,ERR,ERR,ERR,ERR,ERR,ERR,ERR,ERR,ERR,ERR,ERR,ERR,ERR,ERR,ERR,ERR,ERR,ERR,ERR,ERR,ERR,ERR,ERR,ERR,ERR,ERR,ERR,ERR,ERR,ERR,ERR,ERR,ERR,ERR,ERR,ERR,ERR,ERR,ERR,-0.0,-0.0,-0.0,-0.0,1.1924225769385136e+21,0.0,-0.0,-111281256.0,0,0,4,17376,7116,0.0,100,0.0,0.0,-0.0,0.0,0.0,0,0,0,0,0.0,0,0,0,0,0,0,0,0,0,0,0,0,0,0,0,0,0,0,0,0,0,0,0,0,0,0,0,0,0,0,0,0,0,31,40,40,71,65476,0,300,0,0,8,21553,0.0,-107605600.0,0.0,0.0,0.0,0.0,0.0,0.0,0.0,0.0,0.0,0.0,0.0,0.0,0.0,0.0,0.0,0.0,0.0,0.0,0.0,0.0,0.0,2.004,0.0,0.0,0.0,0.0,0.0,0.0,4958.0,0.0,6916.0,-0.0,2.7184410096511823e+23,2.004,2.004,0.0,0.0,0.0,0.0,69,-3.222026379076182e+26,89220.539,0.0,0.0,0.0,0.0,0.0,0.0,0.0,0,0,0,0.0,0.0,0.0,0.0,0.0,0.0,0.0,0.0,0.0,0.0,0.0,0.0,0.0,0.0,0.0,0.0,0,-107875648.0,69,0.0,138,0.0,2.012,ERR,ERR,ERR,ERR,ERR,ERR,ERR,ERR,ERR,ERR,ERR,ERR,ERR,ERR,ERR,ERR,ERR,ERR,ERR,ERR,ERR,ERR,ERR,ERR,ERR,ERR,ERR,ERR,ERR,ERR,ERR,ERR,ERR,ERR,ERR,ERR,ERR,ERR,ERR,ERR,ERR,ERR,ERR,ERR,ERR,ERR,ERR,ERR,ERR,ERR,ERR,ERR,ERR,ERR,ERR,ERR,ERR,ERR,ERR,ERR,ERR,ERR,ERR,ERR,ERR,ERR,ERR,60.0,60.0,35,0.0,0.0,0.0,0.0,0.0,0.0,0.0,0.0,0.0,0.0,0.0,0.0,0.0,0.0,0.0,0.0,65.6,0,141,68,51,65476,0,65476,1,4,4,20529,65476,0,0,2621,60.0,0.0,0.0,0.0,0.0,0.0
2026-07-09T15:02:23,ERR,ERR,ERR,ERR,ERR,ERR,ERR,ERR,ERR,ERR,ERR,ERR,ERR,ERR,ERR,ERR,ERR,ERR,ERR,ERR,ERR,ERR,ERR,ERR,ERR,ERR,ERR,ERR,ERR,ERR,ERR,ERR,ERR,ERR,ERR,ERR,ERR,ERR,ERR,ERR,ERR,ERR,ERR,ERR,ERR,ERR,ERR,ERR,ERR,ERR,ERR,ERR,ERR,ERR,ERR,ERR,ERR,ERR,ERR,ERR,ERR,ERR,ERR,ERR,ERR,ERR,ERR,ERR,ERR,ERR,ERR,ERR,ERR,ERR,ERR,ERR,ERR,ERR,ERR,ERR,ERR,ERR,ERR,ERR,ERR,ERR,ERR,ERR,ERR,ERR,ERR,ERR,ERR,ERR,ERR,ERR,ERR,ERR,ERR,ERR,ERR,ERR,ERR,ERR,ERR,ERR,ERR,ERR,ERR,ERR,ERR,ERR,ERR,ERR,ERR,ERR,ERR,ERR,ERR,ERR,ERR,ERR,ERR,ERR,ERR,-0.0,-0.0,-0.0,-0.0,1.1924225769385136e+21,0.0,-0.0,-111281256.0,0,0,4,17376,7116,0.0,100,0.0,0.0,-0.0,0.0,0.0,0,0,0,0,0.0,0,0,0,0,0,0,0,0,0,0,0,0,0,0,0,0,0,0,0,0,0,0,0,0,0,0,0,0,0,0,0,0,0,31,40,40,71,65476,0,300,0,0,8,21553,0.0,-107605600.0,0.0,0.0,0.0,0.0,0.0,0.0,0.0,0.0,0.0,0.0,0.0,0.0,0.0,0.0,0.0,0.0,0.0,0.0,0.0,0.0,0.0,2.004,0.0,0.0,0.0,0.0,0.0,0.0,4958.0,0.0,6916.0,-0.0,2.7184410096511823e+23,2.004,2.004,0.0,0.0,0.0,0.0,69,-3.222026379076182e+26,89220.539,0.0,0.0,0.0,0.0,0.0,0.0,0.0,0,0,0,0.0,0.0,0.0,0.0,0.0,0.0,0.0,0.0,0.0,0.0,0.0,0.0,0.0,0.0,0.0,0.0,0,-107875648.0,69,0.0,138,0.0,2.012,ERR,ERR,ERR,ERR,ERR,ERR,ERR,ERR,ERR,ERR,ERR,ERR,ERR,ERR,ERR,ERR,ERR,ERR,ERR,ERR,ERR,ERR,ERR,ERR,ERR,ERR,ERR,ERR,ERR,ERR,ERR,ERR,ERR,ERR,ERR,ERR,ERR,ERR,ERR,ERR,ERR,ERR,ERR,ERR,ERR,ERR,ERR,ERR,ERR,ERR,ERR,ERR,ERR,ERR,ERR,ERR,ERR,ERR,ERR,ERR,ERR,ERR,ERR,ERR,ERR,ERR,ERR,60.0,60.0,35,0.0,0.0,0.0,0.0,0.0,0.0,0.0,0.0,0.0,0.0,0.0,0.0,0.0,0.0,0.0,0.0,65.2,0,141,68,51,65476,0,65476,1,4,4,20529,65476,0,0,2621,60.0,0.0,0.0,0.0,0.0,0.0
2026-07-09T15:02:24,ERR,ERR,ERR,ERR,ERR,ERR,ERR,ERR,ERR,ERR,ERR,ERR,ERR,ERR,ERR,ERR,ERR,ERR,ERR,ERR,ERR,ERR,ERR,ERR,ERR,ERR,ERR,ERR,ERR,ERR,ERR,ERR,ERR,ERR,ERR,ERR,ERR,ERR,ERR,ERR,ERR,ERR,ERR,ERR,ERR,ERR,ERR,ERR,ERR,ERR,ERR,ERR,ERR,ERR,ERR,ERR,ERR,ERR,ERR,ERR,ERR,ERR,ERR,ERR,ERR,ERR,ERR,ERR,ERR,ERR,ERR,ERR,ERR,ERR,ERR,ERR,ERR,ERR,ERR,ERR,ERR,ERR,ERR,ERR,ERR,ERR,ERR,ERR,ERR,ERR,ERR,ERR,ERR,ERR,ERR,ERR,ERR,ERR,ERR,ERR,ERR,ERR,ERR,ERR,ERR,ERR,ERR,ERR,ERR,ERR,ERR,ERR,ERR,ERR,ERR,ERR,ERR,ERR,ERR,ERR,ERR,ERR,ERR,ERR,ERR,-0.0,-0.0,-0.0,-0.0,1.1924225769385136e+21,0.0,-0.0,-111281256.0,0,0,4,17376,7116,0.0,100,0.0,0.0,-0.0,0.0,0.0,0,0,0,0,0.0,0,0,0,0,0,0,0,0,0,0,0,0,0,0,0,0,0,0,0,0,0,0,0,0,0,0,0,0,0,0,0,0,0,31,40,40,71,65476,0,300,0,0,8,21553,0.0,-107605600.0,0.0,0.0,0.0,0.0,0.0,0.0,0.0,0.0,0.0,0.0,0.0,0.0,0.0,0.0,0.0,0.0,0.0,0.0,0.0,0.0,0.0,2.004,0.0,0.0,0.0,0.0,0.0,0.0,4958.0,0.0,6916.0,-0.0,2.7184410096511823e+23,2.004,2.004,0.0,0.0,0.0,0.0,69,-3.222026379076182e+26,89220.539,0.0,0.0,0.0,0.0,0.0,0.0,0.0,0,0,0,0.0,0.0,0.0,0.0,0.0,0.0,0.0,0.0,0.0,0.0,0.0,0.0,0.0,0.0,0.0,0.0,0,-107875648.0,69,0.0,138,0.0,2.012,ERR,ERR,ERR,ERR,ERR,ERR,ERR,ERR,ERR,ERR,ERR,ERR,ERR,ERR,ERR,ERR,ERR,ERR,ERR,ERR,ERR,ERR,ERR,ERR,ERR,ERR,ERR,ERR,ERR,ERR,ERR,ERR,ERR,ERR,ERR,ERR,ERR,ERR,ERR,ERR,ERR,ERR,ERR,ERR,ERR,ERR,ERR,ERR,ERR,ERR,ERR,ERR,ERR,ERR,ERR,ERR,ERR,ERR,ERR,ERR,ERR,ERR,ERR,ERR,ERR,ERR,ERR,60.0,60.0,35,0.0,0.0,0.0,0.0,0.0,0.0,0.0,0.0,0.0,0.0,0.0,0.0,0.0,0.0,0.0,0.0,65.2,0,141,68,51,65476,0,65476,1,4,4,20529,65476,0,0,2621,60.0,0.0,0.0,0.0,0.0,0.0
2026-07-09T15:02:25,ERR,ERR,ERR,ERR,ERR,ERR,ERR,ERR,ERR,ERR,ERR,ERR,ERR,ERR,ERR,ERR,ERR,ERR,ERR,ERR,ERR,ERR,ERR,ERR,ERR,ERR,ERR,ERR,ERR,ERR,ERR,ERR,ERR,ERR,ERR,ERR,ERR,ERR,ERR,ERR,ERR,ERR,ERR,ERR,ERR,ERR,ERR,ERR,ERR,ERR,ERR,ERR,ERR,ERR,ERR,ERR,ERR,ERR,ERR,ERR,ERR,ERR,ERR,ERR,ERR,ERR,ERR,ERR,ERR,ERR,ERR,ERR,ERR,ERR,ERR,ERR,ERR,ERR,ERR,ERR,ERR,ERR,ERR,ERR,ERR,ERR,ERR,ERR,ERR,ERR,ERR,ERR,ERR,ERR,ERR,ERR,ERR,ERR,ERR,ERR,ERR,ERR,ERR,ERR,ERR,ERR,ERR,ERR,ERR,ERR,ERR,ERR,ERR,ERR,ERR,ERR,ERR,ERR,ERR,ERR,ERR,ERR,ERR,ERR,ERR,-0.0,-0.0,-0.0,-0.0,1.1924225769385136e+21,0.0,-0.0,-111281256.0,0,0,4,17376,7116,0.0,100,0.0,0.0,-0.0,0.0,0.0,0,0,0,0,0.0,0,0,0,0,0,0,0,0,0,0,0,0,0,0,0,0,0,0,0,0,0,0,0,0,0,0,0,0,0,0,0,0,0,31,40,40,71,65476,0,300,0,0,8,21553,0.0,-107605600.0,0.0,0.0,0.0,0.0,0.0,0.0,0.0,0.0,0.0,0.0,0.0,0.0,0.0,0.0,0.0,0.0,0.0,0.0,0.0,0.0,0.0,2.004,0.0,0.0,0.0,0.0,0.0,0.0,4958.0,0.0,6916.0,-0.0,2.7184410096511823e+23,2.004,2.004,0.0,0.0,0.0,0.0,69,-3.222026379076182e+26,89220.539,0.0,0.0,0.0,0.0,0.0,0.0,0.0,0,0,0,0.0,0.0,0.0,0.0,0.0,0.0,0.0,0.0,0.0,0.0,0.0,0.0,0.0,0.0,0.0,0.0,0,-107875648.0,69,0.0,138,0.0,2.012,ERR,ERR,ERR,ERR,ERR,ERR,ERR,ERR,ERR,ERR,ERR,ERR,ERR,ERR,ERR,ERR,ERR,ERR,ERR,ERR,ERR,ERR,ERR,ERR,ERR,ERR,ERR,ERR,ERR,ERR,ERR,ERR,ERR,ERR,ERR,ERR,ERR,ERR,ERR,ERR,ERR,ERR,ERR,ERR,ERR,ERR,ERR,ERR,ERR,ERR,ERR,ERR,ERR,ERR,ERR,ERR,ERR,ERR,ERR,ERR,ERR,ERR,ERR,ERR,ERR,ERR,ERR,60.0,60.0,35,0.0,0.0,0.0,0.0,0.0,0.0,0.0,0.0,0.0,0.0,0.0,0.0,0.0,0.0,0.0,0.0,65.2,0,141,68,51,65476,0,65476,1,4,4,20529,65476,0,0,2621,60.0,0.0,0.0,0.0,0.0,0.0
2026-07-09T15:02:26,ERR,ERR,ERR,ERR,ERR,ERR,ERR,ERR,ERR,ERR,ERR,ERR,ERR,ERR,ERR,ERR,ERR,ERR,ERR,ERR,ERR,ERR,ERR,ERR,ERR,ERR,ERR,ERR,ERR,ERR,ERR,ERR,ERR,ERR,ERR,ERR,ERR,ERR,ERR,ERR,ERR,ERR,ERR,ERR,ERR,ERR,ERR,ERR,ERR,ERR,ERR,ERR,ERR,ERR,ERR,ERR,ERR,ERR,ERR,ERR,ERR,ERR,ERR,ERR,ERR,ERR,ERR,ERR,ERR,ERR,ERR,ERR,ERR,ERR,ERR,ERR,ERR,ERR,ERR,ERR,ERR,ERR,ERR,ERR,ERR,ERR,ERR,ERR,ERR,ERR,ERR,ERR,ERR,ERR,ERR,ERR,ERR,ERR,ERR,ERR,ERR,ERR,ERR,ERR,ERR,ERR,ERR,ERR,ERR,ERR,ERR,ERR,ERR,ERR,ERR,ERR,ERR,ERR,ERR,ERR,ERR,ERR,ERR,ERR,ERR,0.0,2.7184410096511823e+23,-107090208.0,0.0,2083083.625,0.0,0.0,-0.0,0,0,4,17373,7116,0.0,100,0.0,0.0,0.0,0.0,0.0,0,0,0,0,0.0,0,0,0,0,0,0,0,0,0,0,0,0,0,0,0,0,0,0,0,0,0,0,0,0,0,0,0,0,0,0,0,0,0,31,40,40,71,65476,0,300,0,0,8,21553,0.0,-107605600.0,0.0,0.0,0.0,0.0,0.0,0.0,0.0,0.0,0.0,0.0,0.0,0.0,0.0,0.0,0.0,0.0,0.0,0.0,0.0,0.0,2.004,2.004,0.0,0.0,0.0,0.0,0.0,0.0,4952.0,0.0,6915.0,0.0,2.7184410096511823e+23,2.004,2.004,0.0,0.0,0.0,0.0,69,-107615296.0,0.059,0.0,0.0,0.0,0.0,0.0,0.0,0.0,0,0,0,0.0,0.0,0.0,0.0,0.0,0.0,0.0,0.0,0.0,0.0,0.0,0.0,0.0,0.0,0.0,0.0,0,-107875648.0,69,0.0,138,0.0,2.012,ERR,ERR,ERR,ERR,ERR,ERR,ERR,ERR,ERR,ERR,ERR,ERR,ERR,ERR,ERR,ERR,ERR,ERR,ERR,ERR,ERR,ERR,ERR,ERR,ERR,ERR,ERR,ERR,ERR,ERR,ERR,ERR,ERR,ERR,ERR,ERR,ERR,ERR,ERR,ERR,ERR,ERR,ERR,ERR,ERR,ERR,ERR,ERR,ERR,ERR,ERR,ERR,ERR,ERR,ERR,ERR,ERR,ERR,ERR,ERR,ERR,ERR,ERR,ERR,ERR,ERR,ERR,60.0,60.0,35,0.0,0.0,0.0,0.0,0.0,0.0,0.0,0.0,0.0,0.0,0.0,0.0,0.0,0.0,0.0,0.0,65.2,0,141,67,51,65476,0,65476,1,4,4,20529,65476,0,0,2621,60.0,0.0,0.0,0.0,0.0,0.0
2026-07-09T15:02:27,ERR,ERR,ERR,ERR,ERR,ERR,ERR,ERR,ERR,ERR,ERR,ERR,ERR,ERR,ERR,ERR,ERR,ERR,ERR,ERR,ERR,ERR,ERR,ERR,ERR,ERR,ERR,ERR,ERR,ERR,ERR,ERR,ERR,ERR,ERR,ERR,ERR,ERR,ERR,ERR,ERR,ERR,ERR,ERR,ERR,ERR,ERR,ERR,ERR,ERR,ERR,ERR,ERR,ERR,ERR,ERR,ERR,ERR,ERR,ERR,ERR,ERR,ERR,ERR,ERR,ERR,ERR,ERR,ERR,ERR,ERR,ERR,ERR,ERR,ERR,ERR,ERR,ERR,ERR,ERR,ERR,ERR,ERR,ERR,ERR,ERR,ERR,ERR,ERR,ERR,ERR,ERR,ERR,ERR,ERR,ERR,ERR,ERR,ERR,ERR,ERR,ERR,ERR,ERR,ERR,ERR,ERR,ERR,ERR,ERR,ERR,ERR,ERR,ERR,ERR,ERR,ERR,ERR,ERR,ERR,ERR,ERR,ERR,ERR,ERR,0.0,2.7184410096511823e+23,-107090208.0,0.0,2083083.625,0.0,0.0,-0.0,0,0,4,17373,7116,0.0,100,0.0,0.0,0.0,0.0,0.0,0,0,0,0,0.0,0,0,0,0,0,0,0,0,0,0,0,0,0,0,0,0,0,0,0,0,0,0,0,0,0,0,0,0,0,0,0,0,0,31,40,40,71,65476,0,300,0,0,8,21553,0.0,-107605600.0,0.0,0.0,0.0,0.0,0.0,0.0,0.0,0.0,0.0,0.0,0.0,0.0,0.0,0.0,0.0,0.0,0.0,0.0,0.0,0.0,2.004,2.004,0.0,0.0,0.0,0.0,0.0,0.0,4952.0,0.0,6915.0,0.0,2.7184410096511823e+23,2.004,2.004,0.0,0.0,0.0,0.0,69,-107615296.0,0.059,0.0,0.0,0.0,0.0,0.0,0.0,0.0,0,0,0,0.0,0.0,0.0,0.0,0.0,0.0,0.0,0.0,0.0,0.0,0.0,0.0,0.0,0.0,0.0,0.0,0,-107875648.0,69,0.0,138,0.0,2.012,ERR,ERR,ERR,ERR,ERR,ERR,ERR,ERR,ERR,ERR,ERR,ERR,ERR,ERR,ERR,ERR,ERR,ERR,ERR,ERR,ERR,ERR,ERR,ERR,ERR,ERR,ERR,ERR,ERR,ERR,ERR,ERR,ERR,ERR,ERR,ERR,ERR,ERR,ERR,ERR,ERR,ERR,ERR,ERR,ERR,ERR,ERR,ERR,ERR,ERR,ERR,ERR,ERR,ERR,ERR,ERR,ERR,ERR,ERR,ERR,ERR,ERR,ERR,ERR,ERR,ERR,ERR,60.0,60.0,35,0.0,0.0,0.0,0.0,0.0,0.0,0.0,0.0,0.0,0.0,0.0,0.0,0.0,0.0,0.0,0.0,65.2,0,141,67,51,65476,0,65476,1,4,4,20529,65476,0,0,2621,60.0,0.0,0.0,0.0,0.0,0.0
2026-07-09T15:02:28,ERR,ERR,ERR,ERR,ERR,ERR,ERR,ERR,ERR,ERR,ERR,ERR,ERR,ERR,ERR,ERR,ERR,ERR,ERR,ERR,ERR,ERR,ERR,ERR,ERR,ERR,ERR,ERR,ERR,ERR,ERR,ERR,ERR,ERR,ERR,ERR,ERR,ERR,ERR,ERR,ERR,ERR,ERR,ERR,ERR,ERR,ERR,ERR,ERR,ERR,ERR,ERR,ERR,ERR,ERR,ERR,ERR,ERR,ERR,ERR,ERR,ERR,ERR,ERR,ERR,ERR,ERR,ERR,ERR,ERR,ERR,ERR,ERR,ERR,ERR,ERR,ERR,ERR,ERR,ERR,ERR,ERR,ERR,ERR,ERR,ERR,ERR,ERR,ERR,ERR,ERR,ERR,ERR,ERR,ERR,ERR,ERR,ERR,ERR,ERR,ERR,ERR,ERR,ERR,ERR,ERR,ERR,ERR,ERR,ERR,ERR,ERR,ERR,ERR,ERR,ERR,ERR,ERR,ERR,ERR,ERR,ERR,ERR,ERR,ERR,0.0,2.7184410096511823e+23,-107090208.0,0.0,2083083.625,0.0,0.0,-0.0,0,0,4,17373,7116,0.0,100,0.0,0.0,0.0,0.0,0.0,0,0,0,0,0.0,0,0,0,0,0,0,0,0,0,0,0,0,0,0,0,0,0,0,0,0,0,0,0,0,0,0,0,0,0,0,0,0,0,31,40,40,71,65476,0,300,0,0,8,21553,0.0,-107605600.0,0.0,0.0,0.0,0.0,0.0,0.0,0.0,0.0,0.0,0.0,0.0,0.0,0.0,0.0,0.0,0.0,0.0,0.0,0.0,0.0,2.004,2.004,0.0,0.0,0.0,0.0,0.0,0.0,4952.0,0.0,6915.0,0.0,2.7184410096511823e+23,2.004,2.004,0.0,0.0,0.0,0.0,69,-107615296.0,0.059,0.0,0.0,0.0,0.0,0.0,0.0,0.0,0,0,0,0.0,0.0,0.0,0.0,0.0,0.0,0.0,0.0,0.0,0.0,0.0,0.0,0.0,0.0,0.0,0.0,0,-107875648.0,69,0.0,138,0.0,2.012,ERR,ERR,ERR,ERR,ERR,ERR,ERR,ERR,ERR,ERR,ERR,ERR,ERR,ERR,ERR,ERR,ERR,ERR,ERR,ERR,ERR,ERR,ERR,ERR,ERR,ERR,ERR,ERR,ERR,ERR,ERR,ERR,ERR,ERR,ERR,ERR,ERR,ERR,ERR,ERR,ERR,ERR,ERR,ERR,ERR,ERR,ERR,ERR,ERR,ERR,ERR,ERR,ERR,ERR,ERR,ERR,ERR,ERR,ERR,ERR,ERR,ERR,ERR,ERR,ERR,ERR,ERR,60.0,60.0,35,0.0,0.0,0.0,0.0,0.0,0.0,0.0,0.0,0.0,0.0,0.0,0.0,0.0,0.0,0.0,0.0,65.2,0,141,67,51,65476,0,65476,1,4,4,20529,65476,0,0,2621,60.0,0.0,0.0,0.0,0.0,0.0
2026-07-09T15:02:29,ERR,ERR,ERR,ERR,ERR,ERR,ERR,ERR,ERR,ERR,ERR,ERR,ERR,ERR,ERR,ERR,ERR,ERR,ERR,ERR,ERR,ERR,ERR,ERR,ERR,ERR,ERR,ERR,ERR,ERR,ERR,ERR,ERR,ERR,ERR,ERR,ERR,ERR,ERR,ERR,ERR,ERR,ERR,ERR,ERR,ERR,ERR,ERR,ERR,ERR,ERR,ERR,ERR,ERR,ERR,ERR,ERR,ERR,ERR,ERR,ERR,ERR,ERR,ERR,ERR,ERR,ERR,ERR,ERR,ERR,ERR,ERR,ERR,ERR,ERR,ERR,ERR,ERR,ERR,ERR,ERR,ERR,ERR,ERR,ERR,ERR,ERR,ERR,ERR,ERR,ERR,ERR,ERR,ERR,ERR,ERR,ERR,ERR,ERR,ERR,ERR,ERR,ERR,ERR,ERR,ERR,ERR,ERR,ERR,ERR,ERR,ERR,ERR,ERR,ERR,ERR,ERR,ERR,ERR,ERR,ERR,ERR,ERR,ERR,ERR,0.0,2.7184410096511823e+23,-107090208.0,0.0,2083083.625,0.0,0.0,-0.0,0,0,4,17373,7116,0.0,100,0.0,0.0,0.0,0.0,0.0,0,0,0,0,0.0,0,0,0,0,0,0,0,0,0,0,0,0,0,0,0,0,0,0,0,0,0,0,0,0,0,0,0,0,0,0,0,0,0,31,40,40,71,65476,0,300,0,0,8,21553,0.0,-107605600.0,0.0,0.0,0.0,0.0,0.0,0.0,0.0,0.0,0.0,0.0,0.0,0.0,0.0,0.0,0.0,0.0,0.0,0.0,0.0,0.0,2.004,2.004,0.0,0.0,0.0,0.0,0.0,0.0,4952.0,0.0,6915.0,0.0,2.7184410096511823e+23,2.004,2.004,0.0,0.0,0.0,0.0,69,-107615296.0,0.059,0.0,0.0,0.0,0.0,0.0,0.0,0.0,0,0,0,0.0,0.0,0.0,0.0,0.0,0.0,0.0,0.0,0.0,0.0,0.0,0.0,0.0,0.0,0.0,0.0,0,-107875648.0,69,0.0,138,0.0,2.012,ERR,ERR,ERR,ERR,ERR,ERR,ERR,ERR,ERR,ERR,ERR,ERR,ERR,ERR,ERR,ERR,ERR,ERR,ERR,ERR,ERR,ERR,ERR,ERR,ERR,ERR,ERR,ERR,ERR,ERR,ERR,ERR,ERR,ERR,ERR,ERR,ERR,ERR,ERR,ERR,ERR,ERR,ERR,ERR,ERR,ERR,ERR,ERR,ERR,ERR,ERR,ERR,ERR,ERR,ERR,ERR,ERR,ERR,ERR,ERR,ERR,ERR,ERR,ERR,ERR,ERR,ERR,60.0,60.0,35,0.0,0.0,0.0,0.0,0.0,0.0,0.0,0.0,0.0,0.0,0.0,0.0,0.0,0.0,0.0,0.0,65.2,0,141,67,51,65476,0,65476,1,4,4,20529,65476,0,0,2621,60.0,0.0,0.0,0.0,0.0,0.0
2026-07-09T15:02:30,ERR,ERR,ERR,ERR,ERR,ERR,ERR,ERR,ERR,ERR,ERR,ERR,ERR,ERR,ERR,ERR,ERR,ERR,ERR,ERR,ERR,ERR,ERR,ERR,ERR,ERR,ERR,ERR,ERR,ERR,ERR,ERR,ERR,ERR,ERR,ERR,ERR,ERR,ERR,ERR,ERR,ERR,ERR,ERR,ERR,ERR,ERR,ERR,ERR,ERR,ERR,ERR,ERR,ERR,ERR,ERR,ERR,ERR,ERR,ERR,ERR,ERR,ERR,ERR,ERR,ERR,ERR,ERR,ERR,ERR,ERR,ERR,ERR,ERR,ERR,ERR,ERR,ERR,ERR,ERR,ERR,ERR,ERR,ERR,ERR,ERR,ERR,ERR,ERR,ERR,ERR,ERR,ERR,ERR,ERR,ERR,ERR,ERR,ERR,ERR,ERR,ERR,ERR,ERR,ERR,ERR,ERR,ERR,ERR,ERR,ERR,ERR,ERR,ERR,ERR,ERR,ERR,ERR,ERR,ERR,ERR,ERR,ERR,ERR,ERR,0.0,2.7184410096511823e+23,-107090208.0,0.0,2083083.625,0.0,0.0,-0.0,0,0,4,17373,7116,0.0,100,0.0,0.0,0.0,0.0,0.0,0,0,0,0,0.0,0,0,0,0,0,0,0,0,0,0,0,0,0,0,0,0,0,0,0,0,0,0,0,0,0,0,0,0,0,0,0,0,0,31,40,40,71,65476,0,300,0,0,8,21553,0.0,-107605600.0,0.0,0.0,0.0,0.0,0.0,0.0,0.0,0.0,0.0,0.0,0.0,0.0,0.0,0.0,0.0,0.0,0.0,0.0,0.0,0.0,2.004,2.004,0.0,0.0,0.0,0.0,0.0,0.0,4952.0,0.0,6915.0,0.0,2.7184410096511823e+23,2.004,2.004,0.0,0.0,0.0,0.0,69,-107615296.0,0.059,0.0,0.0,0.0,0.0,0.0,0.0,0.0,0,0,0,0.0,0.0,0.0,0.0,0.0,0.0,0.0,0.0,0.0,0.0,0.0,0.0,0.0,0.0,0.0,0.0,0,-107875648.0,69,0.0,138,0.0,2.012,ERR,ERR,ERR,ERR,ERR,ERR,ERR,ERR,ERR,ERR,ERR,ERR,ERR,ERR,ERR,ERR,ERR,ERR,ERR,ERR,ERR,ERR,ERR,ERR,ERR,ERR,ERR,ERR,ERR,ERR,ERR,ERR,ERR,ERR,ERR,ERR,ERR,ERR,ERR,ERR,ERR,ERR,ERR,ERR,ERR,ERR,ERR,ERR,ERR,ERR,ERR,ERR,ERR,ERR,ERR,ERR,ERR,ERR,ERR,ERR,ERR,ERR,ERR,ERR,ERR,ERR,ERR,60.0,60.0,35,0.0,0.0,0.0,0.0,0.0,0.0,0.0,0.0,0.0,0.0,0.0,0.0,0.0,0.0,0.0,0.0,65.2,0,141,67,51,65476,0,65476,1,4,4,20529,65476,0,0,2621,60.0,0.0,0.0,0.0,0.0,0.0
2026-07-09T15:02:31,ERR,ERR,ERR,ERR,ERR,ERR,ERR,ERR,ERR,ERR,ERR,ERR,ERR,ERR,ERR,ERR,ERR,ERR,ERR,ERR,ERR,ERR,ERR,ERR,ERR,ERR,ERR,ERR,ERR,ERR,ERR,ERR,ERR,ERR,ERR,ERR,ERR,ERR,ERR,ERR,ERR,ERR,ERR,ERR,ERR,ERR,ERR,ERR,ERR,ERR,ERR,ERR,ERR,ERR,ERR,ERR,ERR,ERR,ERR,ERR,ERR,ERR,ERR,ERR,ERR,ERR,ERR,ERR,ERR,ERR,ERR,ERR,ERR,ERR,ERR,ERR,ERR,ERR,ERR,ERR,ERR,ERR,ERR,ERR,ERR,ERR,ERR,ERR,ERR,ERR,ERR,ERR,ERR,ERR,ERR,ERR,ERR,ERR,ERR,ERR,ERR,ERR,ERR,ERR,ERR,ERR,ERR,ERR,ERR,ERR,ERR,ERR,ERR,ERR,ERR,ERR,ERR,ERR,ERR,ERR,ERR,ERR,ERR,ERR,ERR,0.0,2.7184410096511823e+23,-107090208.0,0.0,2083083.625,0.0,0.0,-0.0,0,0,4,17373,7116,0.0,100,0.0,0.0,0.0,0.0,0.0,0,0,0,0,0.0,0,0,0,0,0,0,0,0,0,0,0,0,0,0,0,0,0,0,0,0,0,0,0,0,0,0,0,0,0,0,0,0,0,31,40,40,71,65476,0,300,0,0,8,21553,0.0,-107605600.0,0.0,0.0,0.0,0.0,0.0,0.0,0.0,0.0,0.0,0.0,0.0,0.0,0.0,0.0,0.0,0.0,0.0,0.0,0.0,0.0,2.004,2.004,0.0,0.0,0.0,0.0,0.0,0.0,4952.0,0.0,6915.0,0.0,2.7184410096511823e+23,2.004,2.004,0.0,0.0,0.0,0.0,69,-107615296.0,0.059,0.0,0.0,0.0,0.0,0.0,0.0,0.0,0,0,0,0.0,0.0,0.0,0.0,0.0,0.0,0.0,0.0,0.0,0.0,0.0,0.0,0.0,0.0,0.0,0.0,0,-107875648.0,69,0.0,138,0.0,2.012,ERR,ERR,ERR,ERR,ERR,ERR,ERR,ERR,ERR,ERR,ERR,ERR,ERR,ERR,ERR,ERR,ERR,ERR,ERR,ERR,ERR,ERR,ERR,ERR,ERR,ERR,ERR,ERR,ERR,ERR,ERR,ERR,ERR,ERR,ERR,ERR,ERR,ERR,ERR,ERR,ERR,ERR,ERR,ERR,ERR,ERR,ERR,ERR,ERR,ERR,ERR,ERR,ERR,ERR,ERR,ERR,ERR,ERR,ERR,ERR,ERR,ERR,ERR,ERR,ERR,ERR,ERR,60.0,60.0,35,0.0,0.0,0.0,0.0,0.0,0.0,0.0,0.0,0.0,0.0,0.0,0.0,0.0,0.0,0.0,0.0,65.2,0,141,67,51,65476,0,65476,1,4,4,20529,65476,0,0,2621,60.0,0.0,0.0,0.0,0.0,0.0
2026-07-09T15:02:32,ERR,ERR,ERR,ERR,ERR,ERR,ERR,ERR,ERR,ERR,ERR,ERR,ERR,ERR,ERR,ERR,ERR,ERR,ERR,ERR,ERR,ERR,ERR,ERR,ERR,ERR,ERR,ERR,ERR,ERR,ERR,ERR,ERR,ERR,ERR,ERR,ERR,ERR,ERR,ERR,ERR,ERR,ERR,ERR,ERR,ERR,ERR,ERR,ERR,ERR,ERR,ERR,ERR,ERR,ERR,ERR,ERR,ERR,ERR,ERR,ERR,ERR,ERR,ERR,ERR,ERR,ERR,ERR,ERR,ERR,ERR,ERR,ERR,ERR,ERR,ERR,ERR,ERR,ERR,ERR,ERR,ERR,ERR,ERR,ERR,ERR,ERR,ERR,ERR,ERR,ERR,ERR,ERR,ERR,ERR,ERR,ERR,ERR,ERR,ERR,ERR,ERR,ERR,ERR,ERR,ERR,ERR,ERR,ERR,ERR,ERR,ERR,ERR,ERR,ERR,ERR,ERR,ERR,ERR,ERR,ERR,ERR,ERR,ERR,ERR,2.718424976836509e+23,0.0,0.0,0.0,0.0,-0.0,5.108405554383861e+26,-0.0,0,0,4,17375,7116,0.0,100,0.0,0.0,2.718366610185338e+23,0.0,0.0,0,0,0,0,0.0,0,0,0,0,0,0,0,0,0,0,0,0,0,0,0,0,0,0,0,0,0,0,0,0,0,0,0,0,0,0,0,0,0,31,40,40,71,65476,0,300,0,0,8,21553,0.0,-107605600.0,0.0,0.0,0.0,0.0,0.0,0.0,0.0,0.0,0.0,0.0,0.0,0.0,0.0,0.0,0.0,0.0,0.0,0.0,0.0,0.0,-2.004,2.004,0.0,0.0,0.0,0.0,0.0,0.0,4905.0,-131350.391,6937.0,-107615120.0,2.7184410096511823e+23,2.004,2.004,0.0,0.0,0.0,0.0,69,-0.0,-152017213325312.0,0.0,0.0,0.0,0.0,0.0,0.0,0.0,0,0,0,0.0,0.0,0.0,0.0,0.0,0.0,0.0,0.0,0.0,0.0,0.0,0.0,0.0,0.0,0.0,0.0,0,-107875648.0,69,0.0,138,0.0,2.012,ERR,ERR,ERR,ERR,ERR,ERR,ERR,ERR,ERR,ERR,ERR,ERR,ERR,ERR,ERR,ERR,ERR,ERR,ERR,ERR,ERR,ERR,ERR,ERR,ERR,ERR,ERR,ERR,ERR,ERR,ERR,ERR,ERR,ERR,ERR,ERR,ERR,ERR,ERR,ERR,ERR,ERR,ERR,ERR,ERR,ERR,ERR,ERR,ERR,ERR,ERR,ERR,ERR,ERR,ERR,ERR,ERR,ERR,ERR,ERR,ERR,ERR,ERR,ERR,ERR,ERR,ERR,60.0,60.0,35,0.0,0.0,0.0,0.0,0.0,0.0,0.0,0.0,0.0,0.0,0.0,0.0,0.0,0.0,0.0,0.0,65.2,0,141,67,51,65476,0,65476,1,4,4,20529,65476,0,0,2621,60.0,0.0,0.0,0.0,0.0,0.0
2026-07-09T15:02:33,ERR,ERR,ERR,ERR,ERR,ERR,ERR,ERR,ERR,ERR,ERR,ERR,ERR,ERR,ERR,ERR,ERR,ERR,ERR,ERR,ERR,ERR,ERR,ERR,ERR,ERR,ERR,ERR,ERR,ERR,ERR,ERR,ERR,ERR,ERR,ERR,ERR,ERR,ERR,ERR,ERR,ERR,ERR,ERR,ERR,ERR,ERR,ERR,ERR,ERR,ERR,ERR,ERR,ERR,ERR,ERR,ERR,ERR,ERR,ERR,ERR,ERR,ERR,ERR,ERR,ERR,ERR,ERR,ERR,ERR,ERR,ERR,ERR,ERR,ERR,ERR,ERR,ERR,ERR,ERR,ERR,ERR,ERR,ERR,ERR,ERR,ERR,ERR,ERR,ERR,ERR,ERR,ERR,ERR,ERR,ERR,ERR,ERR,ERR,ERR,ERR,ERR,ERR,ERR,ERR,ERR,ERR,ERR,ERR,ERR,ERR,ERR,ERR,ERR,ERR,ERR,ERR,ERR,ERR,ERR,ERR,ERR,ERR,ERR,ERR,2.718424976836509e+23,0.0,0.0,0.0,0.0,-0.0,5.108405554383861e+26,-0.0,0,0,4,17375,7116,0.0,100,0.0,0.0,2.718366610185338e+23,0.0,0.0,0,0,0,0,0.0,0,0,0,0,0,0,0,0,0,0,0,0,0,0,0,0,0,0,0,0,0,0,0,0,0,0,0,0,0,0,0,0,0,31,40,40,71,65476,0,300,0,0,8,21553,0.0,-107605600.0,0.0,0.0,0.0,0.0,0.0,0.0,0.0,0.0,0.0,0.0,0.0,0.0,0.0,0.0,0.0,0.0,0.0,0.0,0.0,0.0,-2.004,2.004,0.0,0.0,0.0,0.0,0.0,0.0,4905.0,-131350.391,6937.0,-107615120.0,2.7184410096511823e+23,2.004,2.004,0.0,0.0,0.0,0.0,69,-0.0,-152017213325312.0,0.0,0.0,0.0,0.0,0.0,0.0,0.0,0,0,0,0.0,0.0,0.0,0.0,0.0,0.0,0.0,0.0,0.0,0.0,0.0,0.0,0.0,0.0,0.0,0.0,0,-107875648.0,69,0.0,138,0.0,2.012,ERR,ERR,ERR,ERR,ERR,ERR,ERR,ERR,ERR,ERR,ERR,ERR,ERR,ERR,ERR,ERR,ERR,ERR,ERR,ERR,ERR,ERR,ERR,ERR,ERR,ERR,ERR,ERR,ERR,ERR,ERR,ERR,ERR,ERR,ERR,ERR,ERR,ERR,ERR,ERR,ERR,ERR,ERR,ERR,ERR,ERR,ERR,ERR,ERR,ERR,ERR,ERR,ERR,ERR,ERR,ERR,ERR,ERR,ERR,ERR,ERR,ERR,ERR,ERR,ERR,ERR,ERR,60.0,60.0,35,0.0,0.0,0.0,0.0,0.0,0.0,0.0,0.0,0.0,0.0,0.0,0.0,0.0,0.0,0.0,0.0,65.2,0,141,67,51,65476,0,65476,1,4,4,20529,65476,0,0,2621,60.0,0.0,0.0,0.0,0.0,0.0
2026-07-09T15:02:34,ERR,ERR,ERR,ERR,ERR,ERR,ERR,ERR,ERR,ERR,ERR,ERR,ERR,ERR,ERR,ERR,ERR,ERR,ERR,ERR,ERR,ERR,ERR,ERR,ERR,ERR,ERR,ERR,ERR,ERR,ERR,ERR,ERR,ERR,ERR,ERR,ERR,ERR,ERR,ERR,ERR,ERR,ERR,ERR,ERR,ERR,ERR,ERR,ERR,ERR,ERR,ERR,ERR,ERR,ERR,ERR,ERR,ERR,ERR,ERR,ERR,ERR,ERR,ERR,ERR,ERR,ERR,ERR,ERR,ERR,ERR,ERR,ERR,ERR,ERR,ERR,ERR,ERR,ERR,ERR,ERR,ERR,ERR,ERR,ERR,ERR,ERR,ERR,ERR,ERR,ERR,ERR,ERR,ERR,ERR,ERR,ERR,ERR,ERR,ERR,ERR,ERR,ERR,ERR,ERR,ERR,ERR,ERR,ERR,ERR,ERR,ERR,ERR,ERR,ERR,ERR,ERR,ERR,ERR,ERR,ERR,ERR,ERR,ERR,ERR,2.718424976836509e+23,0.0,0.0,0.0,0.0,-0.0,5.108405554383861e+26,-0.0,0,0,4,17375,7116,0.0,100,0.0,0.0,2.718366610185338e+23,0.0,0.0,0,0,0,0,0.0,0,0,0,0,0,0,0,0,0,0,0,0,0,0,0,0,0,0,0,0,0,0,0,0,0,0,0,0,0,0,0,0,0,31,40,40,71,65476,0,300,0,0,8,21553,0.0,-107605600.0,0.0,0.0,0.0,0.0,0.0,0.0,0.0,0.0,0.0,0.0,0.0,0.0,0.0,0.0,0.0,0.0,0.0,0.0,0.0,0.0,-2.004,2.004,0.0,0.0,0.0,0.0,0.0,0.0,4905.0,-131350.391,6937.0,-107615120.0,2.7184410096511823e+23,2.004,2.004,0.0,0.0,0.0,0.0,69,-0.0,-152017213325312.0,0.0,0.0,0.0,0.0,0.0,0.0,0.0,0,0,0,0.0,0.0,0.0,0.0,0.0,0.0,0.0,0.0,0.0,0.0,0.0,0.0,0.0,0.0,0.0,0.0,0,-107875648.0,69,0.0,138,0.0,2.012,ERR,ERR,ERR,ERR,ERR,ERR,ERR,ERR,ERR,ERR,ERR,ERR,ERR,ERR,ERR,ERR,ERR,ERR,ERR,ERR,ERR,ERR,ERR,ERR,ERR,ERR,ERR,ERR,ERR,ERR,ERR,ERR,ERR,ERR,ERR,ERR,ERR,ERR,ERR,ERR,ERR,ERR,ERR,ERR,ERR,ERR,ERR,ERR,ERR,ERR,ERR,ERR,ERR,ERR,ERR,ERR,ERR,ERR,ERR,ERR,ERR,ERR,ERR,ERR,ERR,ERR,ERR,60.0,60.0,35,0.0,0.0,0.0,0.0,0.0,0.0,0.0,0.0,0.0,0.0,0.0,0.0,0.0,0.0,0.0,0.0,65.2,0,141,67,51,65476,0,65476,1,4,4,20529,65476,0,0,2621,60.0,0.0,0.0,0.0,0.0,0.0
2026-07-09T15:02:35,ERR,ERR,ERR,ERR,ERR,ERR,ERR,ERR,ERR,ERR,ERR,ERR,ERR,ERR,ERR,ERR,ERR,ERR,ERR,ERR,ERR,ERR,ERR,ERR,ERR,ERR,ERR,ERR,ERR,ERR,ERR,ERR,ERR,ERR,ERR,ERR,ERR,ERR,ERR,ERR,ERR,ERR,ERR,ERR,ERR,ERR,ERR,ERR,ERR,ERR,ERR,ERR,ERR,ERR,ERR,ERR,ERR,ERR,ERR,ERR,ERR,ERR,ERR,ERR,ERR,ERR,ERR,ERR,ERR,ERR,ERR,ERR,ERR,ERR,ERR,ERR,ERR,ERR,ERR,ERR,ERR,ERR,ERR,ERR,ERR,ERR,ERR,ERR,ERR,ERR,ERR,ERR,ERR,ERR,ERR,ERR,ERR,ERR,ERR,ERR,ERR,ERR,ERR,ERR,ERR,ERR,ERR,ERR,ERR,ERR,ERR,ERR,ERR,ERR,ERR,ERR,ERR,ERR,ERR,ERR,ERR,ERR,ERR,ERR,ERR,2.718424976836509e+23,0.0,0.0,0.0,0.0,-0.0,5.108405554383861e+26,-0.0,0,0,4,17375,7116,0.0,100,0.0,0.0,2.718366610185338e+23,0.0,0.0,0,0,0,0,0.0,0,0,0,0,0,0,0,0,0,0,0,0,0,0,0,0,0,0,0,0,0,0,0,0,0,0,0,0,0,0,0,0,0,31,40,40,71,65476,0,300,0,0,8,21553,0.0,-107605600.0,0.0,0.0,0.0,0.0,0.0,0.0,0.0,0.0,0.0,0.0,0.0,0.0,0.0,0.0,0.0,0.0,0.0,0.0,0.0,0.0,-2.004,2.004,0.0,0.0,0.0,0.0,0.0,0.0,4905.0,-131350.391,6937.0,-107615120.0,2.7184410096511823e+23,2.004,2.004,0.0,0.0,0.0,0.0,69,-0.0,-152017213325312.0,0.0,0.0,0.0,0.0,0.0,0.0,0.0,0,0,0,0.0,0.0,0.0,0.0,0.0,0.0,0.0,0.0,0.0,0.0,0.0,0.0,0.0,0.0,0.0,0.0,0,-107875648.0,69,0.0,138,0.0,2.012,ERR,ERR,ERR,ERR,ERR,ERR,ERR,ERR,ERR,ERR,ERR,ERR,ERR,ERR,ERR,ERR,ERR,ERR,ERR,ERR,ERR,ERR,ERR,ERR,ERR,ERR,ERR,ERR,ERR,ERR,ERR,ERR,ERR,ERR,ERR,ERR,ERR,ERR,ERR,ERR,ERR,ERR,ERR,ERR,ERR,ERR,ERR,ERR,ERR,ERR,ERR,ERR,ERR,ERR,ERR,ERR,ERR,ERR,ERR,ERR,ERR,ERR,ERR,ERR,ERR,ERR,ERR,60.0,60.0,35,0.0,0.0,0.0,0.0,0.0,0.0,0.0,0.0,0.0,0.0,0.0,0.0,0.0,0.0,0.0,0.0,65.2,0,141,67,51,65476,0,65476,1,4,4,20529,65476,0,0,2621,60.0,0.0,0.0,0.0,0.0,0.0
2026-07-09T15:02:36,ERR,ERR,ERR,ERR,ERR,ERR,ERR,ERR,ERR,ERR,ERR,ERR,ERR,ERR,ERR,ERR,ERR,ERR,ERR,ERR,ERR,ERR,ERR,ERR,ERR,ERR,ERR,ERR,ERR,ERR,ERR,ERR,ERR,ERR,ERR,ERR,ERR,ERR,ERR,ERR,ERR,ERR,ERR,ERR,ERR,ERR,ERR,ERR,ERR,ERR,ERR,ERR,ERR,ERR,ERR,ERR,ERR,ERR,ERR,ERR,ERR,ERR,ERR,ERR,ERR,ERR,ERR,ERR,ERR,ERR,ERR,ERR,ERR,ERR,ERR,ERR,ERR,ERR,ERR,ERR,ERR,ERR,ERR,ERR,ERR,ERR,ERR,ERR,ERR,ERR,ERR,ERR,ERR,ERR,ERR,ERR,ERR,ERR,ERR,ERR,ERR,ERR,ERR,ERR,ERR,ERR,ERR,ERR,ERR,ERR,ERR,ERR,ERR,ERR,ERR,ERR,ERR,ERR,ERR,ERR,ERR,ERR,ERR,ERR,ERR,2.718424976836509e+23,0.0,0.0,0.0,0.0,-0.0,5.108405554383861e+26,-0.0,0,0,4,17375,7116,0.0,100,0.0,0.0,2.718366610185338e+23,0.0,0.0,0,0,0,0,0.0,0,0,0,0,0,0,0,0,0,0,0,0,0,0,0,0,0,0,0,0,0,0,0,0,0,0,0,0,0,0,0,0,0,31,40,40,71,65476,0,300,0,0,8,21553,0.0,-107605600.0,0.0,0.0,0.0,0.0,0.0,0.0,0.0,0.0,0.0,0.0,0.0,0.0,0.0,0.0,0.0,0.0,0.0,0.0,0.0,0.0,-2.004,2.004,0.0,0.0,0.0,0.0,0.0,0.0,4905.0,-131350.391,6937.0,-107615120.0,2.7184410096511823e+23,2.004,2.004,0.0,0.0,0.0,0.0,69,-0.0,-152017213325312.0,0.0,0.0,0.0,0.0,0.0,0.0,0.0,0,0,0,0.0,0.0,0.0,0.0,0.0,0.0,0.0,0.0,0.0,0.0,0.0,0.0,0.0,0.0,0.0,0.0,0,-107875648.0,69,0.0,138,0.0,2.012,ERR,ERR,ERR,ERR,ERR,ERR,ERR,ERR,ERR,ERR,ERR,ERR,ERR,ERR,ERR,ERR,ERR,ERR,ERR,ERR,ERR,ERR,ERR,ERR,ERR,ERR,ERR,ERR,ERR,ERR,ERR,ERR,ERR,ERR,ERR,ERR,ERR,ERR,ERR,ERR,ERR,ERR,ERR,ERR,ERR,ERR,ERR,ERR,ERR,ERR,ERR,ERR,ERR,ERR,ERR,ERR,ERR,ERR,ERR,ERR,ERR,ERR,ERR,ERR,ERR,ERR,ERR,60.0,60.0,35,0.0,0.0,0.0,0.0,0.0,0.0,0.0,0.0,0.0,0.0,0.0,0.0,0.0,0.0,0.0,0.0,65.6,0,141,67,51,65476,0,65476,1,4,4,20529,65476,0,0,2621,60.0,0.0,0.0,0.0,0.0,0.0
2026-07-09T15:02:37,ERR,ERR,ERR,ERR,ERR,ERR,ERR,ERR,ERR,ERR,ERR,ERR,ERR,ERR,ERR,ERR,ERR,ERR,ERR,ERR,ERR,ERR,ERR,ERR,ERR,ERR,ERR,ERR,ERR,ERR,ERR,ERR,ERR,ERR,ERR,ERR,ERR,ERR,ERR,ERR,ERR,ERR,ERR,ERR,ERR,ERR,ERR,ERR,ERR,ERR,ERR,ERR,ERR,ERR,ERR,ERR,ERR,ERR,ERR,ERR,ERR,ERR,ERR,ERR,ERR,ERR,ERR,ERR,ERR,ERR,ERR,ERR,ERR,ERR,ERR,ERR,ERR,ERR,ERR,ERR,ERR,ERR,ERR,ERR,ERR,ERR,ERR,ERR,ERR,ERR,ERR,ERR,ERR,ERR,ERR,ERR,ERR,ERR,ERR,ERR,ERR,ERR,ERR,ERR,ERR,ERR,ERR,ERR,ERR,ERR,ERR,ERR,ERR,ERR,ERR,ERR,ERR,ERR,ERR,ERR,ERR,ERR,ERR,ERR,ERR,2.718424976836509e+23,0.0,0.0,0.0,0.0,-0.0,5.108405554383861e+26,-0.0,0,0,4,17375,7116,0.0,100,0.0,0.0,2.718366610185338e+23,0.0,0.0,0,0,0,0,0.0,0,0,0,0,0,0,0,0,0,0,0,0,0,0,0,0,0,0,0,0,0,0,0,0,0,0,0,0,0,0,0,0,0,31,40,40,71,65476,0,300,0,0,8,21553,0.0,-107605600.0,0.0,0.0,0.0,0.0,0.0,0.0,0.0,0.0,0.0,0.0,0.0,0.0,0.0,0.0,0.0,0.0,0.0,0.0,0.0,0.0,-2.004,2.004,0.0,0.0,0.0,0.0,0.0,0.0,4905.0,-131350.391,6937.0,-107615120.0,2.7184410096511823e+23,2.004,2.004,0.0,0.0,0.0,0.0,69,-0.0,-152017213325312.0,0.0,0.0,0.0,0.0,0.0,0.0,0.0,0,0,0,0.0,0.0,0.0,0.0,0.0,0.0,0.0,0.0,0.0,0.0,0.0,0.0,0.0,0.0,0.0,0.0,0,-107875648.0,69,0.0,138,0.0,2.012,ERR,ERR,ERR,ERR,ERR,ERR,ERR,ERR,ERR,ERR,ERR,ERR,ERR,ERR,ERR,ERR,ERR,ERR,ERR,ERR,ERR,ERR,ERR,ERR,ERR,ERR,ERR,ERR,ERR,ERR,ERR,ERR,ERR,ERR,ERR,ERR,ERR,ERR,ERR,ERR,ERR,ERR,ERR,ERR,ERR,ERR,ERR,ERR,ERR,ERR,ERR,ERR,ERR,ERR,ERR,ERR,ERR,ERR,ERR,ERR,ERR,ERR,ERR,ERR,ERR,ERR,ERR,60.0,60.0,35,0.0,0.0,0.0,0.0,0.0,0.0,0.0,0.0,0.0,0.0,0.0,0.0,0.0,0.0,0.0,0.0,65.2,0,140,67,51,65476,0,65476,1,4,4,20529,65476,0,0,2621,60.0,0.0,0.0,0.0,0.0,0.0
2026-07-09T15:02:38,ERR,ERR,ERR,ERR,ERR,ERR,ERR,ERR,ERR,ERR,ERR,ERR,ERR,ERR,ERR,ERR,ERR,ERR,ERR,ERR,ERR,ERR,ERR,ERR,ERR,ERR,ERR,ERR,ERR,ERR,ERR,ERR,ERR,ERR,ERR,ERR,ERR,ERR,ERR,ERR,ERR,ERR,ERR,ERR,ERR,ERR,ERR,ERR,ERR,ERR,ERR,ERR,ERR,ERR,ERR,ERR,ERR,ERR,ERR,ERR,ERR,ERR,ERR,ERR,ERR,ERR,ERR,ERR,ERR,ERR,ERR,ERR,ERR,ERR,ERR,ERR,ERR,ERR,ERR,ERR,ERR,ERR,ERR,ERR,ERR,ERR,ERR,ERR,ERR,ERR,ERR,ERR,ERR,ERR,ERR,ERR,ERR,ERR,ERR,ERR,ERR,ERR,ERR,ERR,ERR,ERR,ERR,ERR,ERR,ERR,ERR,ERR,ERR,ERR,ERR,ERR,ERR,ERR,ERR,ERR,ERR,ERR,ERR,ERR,ERR,-0.0,-0.0,-0.0,0.0,-0.0,3.3524585899578575e+30,-2.94554792184688e+37,-76678088.0,0,0,4,17375,7116,0.0,100,0.0,0.0,0.0,0.0,0.0,0,0,0,0,0.0,0,0,0,0,0,0,0,0,0,0,0,0,0,0,0,0,0,0,0,0,0,0,0,0,0,0,0,0,0,0,0,0,0,31,40,40,71,65476,0,300,0,0,8,21553,0.0,-107605600.0,0.0,0.0,0.0,0.0,0.0,0.0,0.0,0.0,0.0,0.0,0.0,0.0,0.0,0.0,0.0,0.0,0.0,0.0,0.0,0.0,0.0,-2.004,0.0,0.0,0.0,0.0,0.0,0.0,4900.0,1.0406650094749603e+34,6927.0,-0.0,-107615832.0,2.004,2.004,0.0,0.0,0.0,0.0,69,2.718428940004181e+23,4.0668521468572794e+29,0.0,0.0,0.0,0.0,0.0,0.0,0.0,0,0,0,0.0,0.0,0.0,0.0,0.0,0.0,0.0,0.0,0.0,0.0,0.0,0.0,0.0,0.0,0.0,0.0,0,-107875648.0,69,0.0,138,0.0,2.012,ERR,ERR,ERR,ERR,ERR,ERR,ERR,ERR,ERR,ERR,ERR,ERR,ERR,ERR,ERR,ERR,ERR,ERR,ERR,ERR,ERR,ERR,ERR,ERR,ERR,ERR,ERR,ERR,ERR,ERR,ERR,ERR,ERR,ERR,ERR,ERR,ERR,ERR,ERR,ERR,ERR,ERR,ERR,ERR,ERR,ERR,ERR,ERR,ERR,ERR,ERR,ERR,ERR,ERR,ERR,ERR,ERR,ERR,ERR,ERR,ERR,ERR,ERR,ERR,ERR,ERR,ERR,60.0,60.0,35,0.0,0.0,0.0,0.0,0.0,0.0,0.0,0.0,0.0,0.0,0.0,0.0,0.0,0.0,0.0,0.0,65.2,0,140,67,51,65476,0,65476,1,4,4,20529,65476,0,0,2621,60.0,0.0,0.0,0.0,0.0,0.0
2026-07-09T15:02:39,ERR,ERR,ERR,ERR,ERR,ERR,ERR,ERR,ERR,ERR,ERR,ERR,ERR,ERR,ERR,ERR,ERR,ERR,ERR,ERR,ERR,ERR,ERR,ERR,ERR,ERR,ERR,ERR,ERR,ERR,ERR,ERR,ERR,ERR,ERR,ERR,ERR,ERR,ERR,ERR,ERR,ERR,ERR,ERR,ERR,ERR,ERR,ERR,ERR,ERR,ERR,ERR,ERR,ERR,ERR,ERR,ERR,ERR,ERR,ERR,ERR,ERR,ERR,ERR,ERR,ERR,ERR,ERR,ERR,ERR,ERR,ERR,ERR,ERR,ERR,ERR,ERR,ERR,ERR,ERR,ERR,ERR,ERR,ERR,ERR,ERR,ERR,ERR,ERR,ERR,ERR,ERR,ERR,ERR,ERR,ERR,ERR,ERR,ERR,ERR,ERR,ERR,ERR,ERR,ERR,ERR,ERR,ERR,ERR,ERR,ERR,ERR,ERR,ERR,ERR,ERR,ERR,ERR,ERR,ERR,ERR,ERR,ERR,ERR,ERR,-0.0,-0.0,-0.0,0.0,-0.0,3.3524585899578575e+30,-2.94554792184688e+37,-76678088.0,0,0,4,17375,7116,0.0,100,0.0,0.0,0.0,0.0,0.0,0,0,0,0,0.0,0,0,0,0,0,0,0,0,0,0,0,0,0,0,0,0,0,0,0,0,0,0,0,0,0,0,0,0,0,0,0,0,0,31,40,40,71,65476,0,300,0,0,8,21553,0.0,-107605600.0,0.0,0.0,0.0,0.0,0.0,0.0,0.0,0.0,0.0,0.0,0.0,0.0,0.0,0.0,0.0,0.0,0.0,0.0,0.0,0.0,0.0,-2.004,0.0,0.0,0.0,0.0,0.0,0.0,4900.0,1.0406650094749603e+34,6927.0,-0.0,-107615832.0,2.004,2.004,0.0,0.0,0.0,0.0,69,2.718428940004181e+23,4.0668521468572794e+29,0.0,0.0,0.0,0.0,0.0,0.0,0.0,0,0,0,0.0,0.0,0.0,0.0,0.0,0.0,0.0,0.0,0.0,0.0,0.0,0.0,0.0,0.0,0.0,0.0,0,-107875648.0,69,0.0,138,0.0,2.012,ERR,ERR,ERR,ERR,ERR,ERR,ERR,ERR,ERR,ERR,ERR,ERR,ERR,ERR,ERR,ERR,ERR,ERR,ERR,ERR,ERR,ERR,ERR,ERR,ERR,ERR,ERR,ERR,ERR,ERR,ERR,ERR,ERR,ERR,ERR,ERR,ERR,ERR,ERR,ERR,ERR,ERR,ERR,ERR,ERR,ERR,ERR,ERR,ERR,ERR,ERR,ERR,ERR,ERR,ERR,ERR,ERR,ERR,ERR,ERR,ERR,ERR,ERR,ERR,ERR,ERR,ERR,60.0,60.0,35,0.0,0.0,0.0,0.0,0.0,0.0,0.0,0.0,0.0,0.0,0.0,0.0,0.0,0.0,0.0,0.0,65.2,0,140,67,51,65476,0,65476,1,4,4,20529,65476,0,0,2621,60.0,0.0,0.0,0.0,0.0,0.0
2026-07-09T15:02:40,ERR,ERR,ERR,ERR,ERR,ERR,ERR,ERR,ERR,ERR,ERR,ERR,ERR,ERR,ERR,ERR,ERR,ERR,ERR,ERR,ERR,ERR,ERR,ERR,ERR,ERR,ERR,ERR,ERR,ERR,ERR,ERR,ERR,ERR,ERR,ERR,ERR,ERR,ERR,ERR,ERR,ERR,ERR,ERR,ERR,ERR,ERR,ERR,ERR,ERR,ERR,ERR,ERR,ERR,ERR,ERR,ERR,ERR,ERR,ERR,ERR,ERR,ERR,ERR,ERR,ERR,ERR,ERR,ERR,ERR,ERR,ERR,ERR,ERR,ERR,ERR,ERR,ERR,ERR,ERR,ERR,ERR,ERR,ERR,ERR,ERR,ERR,ERR,ERR,ERR,ERR,ERR,ERR,ERR,ERR,ERR,ERR,ERR,ERR,ERR,ERR,ERR,ERR,ERR,ERR,ERR,ERR,ERR,ERR,ERR,ERR,ERR,ERR,ERR,ERR,ERR,ERR,ERR,ERR,ERR,ERR,ERR,ERR,ERR,ERR,-0.0,-0.0,-0.0,0.0,-0.0,3.3524585899578575e+30,-2.94554792184688e+37,-76678088.0,0,0,4,17375,7116,0.0,100,0.0,0.0,0.0,0.0,0.0,0,0,0,0,0.0,0,0,0,0,0,0,0,0,0,0,0,0,0,0,0,0,0,0,0,0,0,0,0,0,0,0,0,0,0,0,0,0,0,31,40,40,71,65476,0,300,0,0,8,21553,0.0,-107605600.0,0.0,0.0,0.0,0.0,0.0,0.0,0.0,0.0,0.0,0.0,0.0,0.0,0.0,0.0,0.0,0.0,0.0,0.0,0.0,0.0,0.0,-2.004,0.0,0.0,0.0,0.0,0.0,0.0,4900.0,1.0406650094749603e+34,6927.0,-0.0,-107615832.0,2.004,2.004,0.0,0.0,0.0,0.0,69,2.718428940004181e+23,4.0668521468572794e+29,0.0,0.0,0.0,0.0,0.0,0.0,0.0,0,0,0,0.0,0.0,0.0,0.0,0.0,0.0,0.0,0.0,0.0,0.0,0.0,0.0,0.0,0.0,0.0,0.0,0,-107875648.0,69,0.0,138,0.0,2.012,ERR,ERR,ERR,ERR,ERR,ERR,ERR,ERR,ERR,ERR,ERR,ERR,ERR,ERR,ERR,ERR,ERR,ERR,ERR,ERR,ERR,ERR,ERR,ERR,ERR,ERR,ERR,ERR,ERR,ERR,ERR,ERR,ERR,ERR,ERR,ERR,ERR,ERR,ERR,ERR,ERR,ERR,ERR,ERR,ERR,ERR,ERR,ERR,ERR,ERR,ERR,ERR,ERR,ERR,ERR,ERR,ERR,ERR,ERR,ERR,ERR,ERR,ERR,ERR,ERR,ERR,ERR,60.0,60.0,35,0.0,0.0,0.0,0.0,0.0,0.0,0.0,0.0,0.0,0.0,0.0,0.0,0.0,0.0,0.0,0.0,65.2,0,140,67,51,65476,0,65476,1,4,4,20529,65476,0,0,2621,60.0,0.0,0.0,0.0,0.0,0.0
2026-07-09T15:02:41,ERR,ERR,ERR,ERR,ERR,ERR,ERR,ERR,ERR,ERR,ERR,ERR,ERR,ERR,ERR,ERR,ERR,ERR,ERR,ERR,ERR,ERR,ERR,ERR,ERR,ERR,ERR,ERR,ERR,ERR,ERR,ERR,ERR,ERR,ERR,ERR,ERR,ERR,ERR,ERR,ERR,ERR,ERR,ERR,ERR,ERR,ERR,ERR,ERR,ERR,ERR,ERR,ERR,ERR,ERR,ERR,ERR,ERR,ERR,ERR,ERR,ERR,ERR,ERR,ERR,ERR,ERR,ERR,ERR,ERR,ERR,ERR,ERR,ERR,ERR,ERR,ERR,ERR,ERR,ERR,ERR,ERR,ERR,ERR,ERR,ERR,ERR,ERR,ERR,ERR,ERR,ERR,ERR,ERR,ERR,ERR,ERR,ERR,ERR,ERR,ERR,ERR,ERR,ERR,ERR,ERR,ERR,ERR,ERR,ERR,ERR,ERR,ERR,ERR,ERR,ERR,ERR,ERR,ERR,ERR,ERR,ERR,ERR,ERR,ERR,-0.0,-0.0,-0.0,0.0,-0.0,3.3524585899578575e+30,-2.94554792184688e+37,-76678088.0,0,0,4,17375,7116,0.0,100,0.0,0.0,0.0,0.0,0.0,0,0,0,0,0.0,0,0,0,0,0,0,0,0,0,0,0,0,0,0,0,0,0,0,0,0,0,0,0,0,0,0,0,0,0,0,0,0,0,31,40,40,71,65476,0,300,0,0,8,21553,0.0,-107605600.0,0.0,0.0,0.0,0.0,0.0,0.0,0.0,0.0,0.0,0.0,0.0,0.0,0.0,0.0,0.0,0.0,0.0,0.0,0.0,0.0,0.0,-2.004,0.0,0.0,0.0,0.0,0.0,0.0,4900.0,1.0406650094749603e+34,6927.0,-0.0,-107615832.0,2.004,2.004,0.0,0.0,0.0,0.0,69,2.718428940004181e+23,4.0668521468572794e+29,0.0,0.0,0.0,0.0,0.0,0.0,0.0,0,0,0,0.0,0.0,0.0,0.0,0.0,0.0,0.0,0.0,0.0,0.0,0.0,0.0,0.0,0.0,0.0,0.0,0,-107875648.0,69,0.0,138,0.0,2.012,ERR,ERR,ERR,ERR,ERR,ERR,ERR,ERR,ERR,ERR,ERR,ERR,ERR,ERR,ERR,ERR,ERR,ERR,ERR,ERR,ERR,ERR,ERR,ERR,ERR,ERR,ERR,ERR,ERR,ERR,ERR,ERR,ERR,ERR,ERR,ERR,ERR,ERR,ERR,ERR,ERR,ERR,ERR,ERR,ERR,ERR,ERR,ERR,ERR,ERR,ERR,ERR,ERR,ERR,ERR,ERR,ERR,ERR,ERR,ERR,ERR,ERR,ERR,ERR,ERR,ERR,ERR,60.0,60.0,35,0.0,0.0,0.0,0.0,0.0,0.0,0.0,0.0,0.0,0.0,0.0,0.0,0.0,0.0,0.0,0.0,65.2,0,140,67,51,65476,0,65476,1,4,4,20529,65476,0,0,2621,60.0,0.0,0.0,0.0,0.0,0.0
2026-07-09T15:02:42,ERR,ERR,ERR,ERR,ERR,ERR,ERR,ERR,ERR,ERR,ERR,ERR,ERR,ERR,ERR,ERR,ERR,ERR,ERR,ERR,ERR,ERR,ERR,ERR,ERR,ERR,ERR,ERR,ERR,ERR,ERR,ERR,ERR,ERR,ERR,ERR,ERR,ERR,ERR,ERR,ERR,ERR,ERR,ERR,ERR,ERR,ERR,ERR,ERR,ERR,ERR,ERR,ERR,ERR,ERR,ERR,ERR,ERR,ERR,ERR,ERR,ERR,ERR,ERR,ERR,ERR,ERR,ERR,ERR,ERR,ERR,ERR,ERR,ERR,ERR,ERR,ERR,ERR,ERR,ERR,ERR,ERR,ERR,ERR,ERR,ERR,ERR,ERR,ERR,ERR,ERR,ERR,ERR,ERR,ERR,ERR,ERR,ERR,ERR,ERR,ERR,ERR,ERR,ERR,ERR,ERR,ERR,ERR,ERR,ERR,ERR,ERR,ERR,ERR,ERR,ERR,ERR,ERR,ERR,ERR,ERR,ERR,ERR,ERR,ERR,-0.0,-0.0,-0.0,0.0,-0.0,3.3524585899578575e+30,-2.94554792184688e+37,-76678088.0,0,0,4,17375,7116,0.0,100,0.0,0.0,0.0,0.0,0.0,0,0,0,0,0.0,0,0,0,0,0,0,0,0,0,0,0,0,0,0,0,0,0,0,0,0,0,0,0,0,0,0,0,0,0,0,0,0,0,31,40,40,71,65476,0,300,0,0,8,21553,0.0,-107605600.0,0.0,0.0,0.0,0.0,0.0,0.0,0.0,0.0,0.0,0.0,0.0,0.0,0.0,0.0,0.0,0.0,0.0,0.0,0.0,0.0,0.0,-2.004,0.0,0.0,0.0,0.0,0.0,0.0,4900.0,1.0406650094749603e+34,6927.0,-0.0,-107615832.0,2.004,2.004,0.0,0.0,0.0,0.0,69,2.718428940004181e+23,4.0668521468572794e+29,0.0,0.0,0.0,0.0,0.0,0.0,0.0,0,0,0,0.0,0.0,0.0,0.0,0.0,0.0,0.0,0.0,0.0,0.0,0.0,0.0,0.0,0.0,0.0,0.0,0,-107875648.0,69,0.0,138,0.0,2.012,ERR,ERR,ERR,ERR,ERR,ERR,ERR,ERR,ERR,ERR,ERR,ERR,ERR,ERR,ERR,ERR,ERR,ERR,ERR,ERR,ERR,ERR,ERR,ERR,ERR,ERR,ERR,ERR,ERR,ERR,ERR,ERR,ERR,ERR,ERR,ERR,ERR,ERR,ERR,ERR,ERR,ERR,ERR,ERR,ERR,ERR,ERR,ERR,ERR,ERR,ERR,ERR,ERR,ERR,ERR,ERR,ERR,ERR,ERR,ERR,ERR,ERR,ERR,ERR,ERR,ERR,ERR,60.0,60.0,35,0.0,0.0,0.0,0.0,0.0,0.0,0.0,0.0,0.0,0.0,0.0,0.0,0.0,0.0,0.0,0.0,65.2,0,140,67,51,65476,0,65476,1,4,4,20529,65476,0,0,2621,60.0,0.0,0.0,0.0,0.0,0.0
2026-07-09T15:02:43,ERR,ERR,ERR,ERR,ERR,ERR,ERR,ERR,ERR,ERR,ERR,ERR,ERR,ERR,ERR,ERR,ERR,ERR,ERR,ERR,ERR,ERR,ERR,ERR,ERR,ERR,ERR,ERR,ERR,ERR,ERR,ERR,ERR,ERR,ERR,ERR,ERR,ERR,ERR,ERR,ERR,ERR,ERR,ERR,ERR,ERR,ERR,ERR,ERR,ERR,ERR,ERR,ERR,ERR,ERR,ERR,ERR,ERR,ERR,ERR,ERR,ERR,ERR,ERR,ERR,ERR,ERR,ERR,ERR,ERR,ERR,ERR,ERR,ERR,ERR,ERR,ERR,ERR,ERR,ERR,ERR,ERR,ERR,ERR,ERR,ERR,ERR,ERR,ERR,ERR,ERR,ERR,ERR,ERR,ERR,ERR,ERR,ERR,ERR,ERR,ERR,ERR,ERR,ERR,ERR,ERR,ERR,ERR,ERR,ERR,ERR,ERR,ERR,ERR,ERR,ERR,ERR,ERR,ERR,ERR,ERR,ERR,ERR,ERR,ERR,-0.0,-107615840.0,0.0,2.718366610185338e+23,-2.7566735629274317e+19,-1.1302684967608141e+30,-90880827392.0,-0.0,0,0,4,17381,7116,0.0,100,0.0,0.0,2.718366610185338e+23,0.0,0.0,0,0,0,0,0.0,0,0,0,0,0,0,0,0,0,0,0,0,0,0,0,0,0,0,0,0,0,0,0,0,0,0,0,0,0,0,0,0,0,31,40,40,71,65476,0,300,0,0,8,21553,0.0,-107605600.0,0.0,0.0,0.0,0.0,0.0,0.0,0.0,0.0,0.0,0.0,0.0,0.0,0.0,0.0,0.0,0.0,0.0,0.0,0.0,0.0,2.004,0.0,0.0,0.0,0.0,0.0,0.0,0.0,4921.0,0.0,6916.0,-0.0,0.0,2.004,2.004,0.0,0.0,0.0,0.0,69,0.0,0.0,0.0,0.0,0.0,0.0,0.0,0.0,0.0,0,0,0,0.0,0.0,0.0,0.0,0.0,0.0,0.0,0.0,0.0,0.0,0.0,0.0,0.0,0.0,0.0,0.0,0,-107875648.0,69,0.0,138,0.0,2.012,ERR,ERR,ERR,ERR,ERR,ERR,ERR,ERR,ERR,ERR,ERR,ERR,ERR,ERR,ERR,ERR,ERR,ERR,ERR,ERR,ERR,ERR,ERR,ERR,ERR,ERR,ERR,ERR,ERR,ERR,ERR,ERR,ERR,ERR,ERR,ERR,ERR,ERR,ERR,ERR,ERR,ERR,ERR,ERR,ERR,ERR,ERR,ERR,ERR,ERR,ERR,ERR,ERR,ERR,ERR,ERR,ERR,ERR,ERR,ERR,ERR,ERR,ERR,ERR,ERR,ERR,ERR,60.0,60.0,35,0.0,0.0,0.0,0.0,0.0,0.0,0.0,0.0,0.0,0.0,0.0,0.0,0.0,0.0,0.0,0.0,65.2,0,140,67,51,65476,0,65476,1,4,4,20529,65476,0,0,2621,60.0,0.0,0.0,0.0,0.0,0.0
2026-07-09T15:02:44,ERR,ERR,ERR,ERR,ERR,ERR,ERR,ERR,ERR,ERR,ERR,ERR,ERR,ERR,ERR,ERR,ERR,ERR,ERR,ERR,ERR,ERR,ERR,ERR,ERR,ERR,ERR,ERR,ERR,ERR,ERR,ERR,ERR,ERR,ERR,ERR,ERR,ERR,ERR,ERR,ERR,ERR,ERR,ERR,ERR,ERR,ERR,ERR,ERR,ERR,ERR,ERR,ERR,ERR,ERR,ERR,ERR,ERR,ERR,ERR,ERR,ERR,ERR,ERR,ERR,ERR,ERR,ERR,ERR,ERR,ERR,ERR,ERR,ERR,ERR,ERR,ERR,ERR,ERR,ERR,ERR,ERR,ERR,ERR,ERR,ERR,ERR,ERR,ERR,ERR,ERR,ERR,ERR,ERR,ERR,ERR,ERR,ERR,ERR,ERR,ERR,ERR,ERR,ERR,ERR,ERR,ERR,ERR,ERR,ERR,ERR,ERR,ERR,ERR,ERR,ERR,ERR,ERR,ERR,ERR,ERR,ERR,ERR,ERR,ERR,-0.0,-107615840.0,0.0,2.718366610185338e+23,-2.7566735629274317e+19,-1.1302684967608141e+30,-90880827392.0,-0.0,0,0,4,17381,7116,0.0,100,0.0,0.0,2.718366610185338e+23,0.0,0.0,0,0,0,0,0.0,0,0,0,0,0,0,0,0,0,0,0,0,0,0,0,0,0,0,0,0,0,0,0,0,0,0,0,0,0,0,0,0,0,31,40,40,71,65476,0,300,0,0,8,21553,0.0,-107605600.0,0.0,0.0,0.0,0.0,0.0,0.0,0.0,0.0,0.0,0.0,0.0,0.0,0.0,0.0,0.0,0.0,0.0,0.0,0.0,0.0,2.004,0.0,0.0,0.0,0.0,0.0,0.0,0.0,4921.0,0.0,6916.0,-0.0,0.0,2.004,2.004,0.0,0.0,0.0,0.0,69,0.0,0.0,0.0,0.0,0.0,0.0,0.0,0.0,0.0,0,0,0,0.0,0.0,0.0,0.0,0.0,0.0,0.0,0.0,0.0,0.0,0.0,0.0,0.0,0.0,0.0,0.0,0,-107875648.0,69,0.0,138,0.0,2.012,ERR,ERR,ERR,ERR,ERR,ERR,ERR,ERR,ERR,ERR,ERR,ERR,ERR,ERR,ERR,ERR,ERR,ERR,ERR,ERR,ERR,ERR,ERR,ERR,ERR,ERR,ERR,ERR,ERR,ERR,ERR,ERR,ERR,ERR,ERR,ERR,ERR,ERR,ERR,ERR,ERR,ERR,ERR,ERR,ERR,ERR,ERR,ERR,ERR,ERR,ERR,ERR,ERR,ERR,ERR,ERR,ERR,ERR,ERR,ERR,ERR,ERR,ERR,ERR,ERR,ERR,ERR,60.0,60.0,35,0.0,0.0,0.0,0.0,0.0,0.0,0.0,0.0,0.0,0.0,0.0,0.0,0.0,0.0,0.0,0.0,65.6,0,139,67,51,65476,0,65476,1,4,4,20529,65476,0,0,2621,60.0,0.0,0.0,0.0,0.0,0.0
2026-07-09T15:02:45,ERR,ERR,ERR,ERR,ERR,ERR,ERR,ERR,ERR,ERR,ERR,ERR,ERR,ERR,ERR,ERR,ERR,ERR,ERR,ERR,ERR,ERR,ERR,ERR,ERR,ERR,ERR,ERR,ERR,ERR,ERR,ERR,ERR,ERR,ERR,ERR,ERR,ERR,ERR,ERR,ERR,ERR,ERR,ERR,ERR,ERR,ERR,ERR,ERR,ERR,ERR,ERR,ERR,ERR,ERR,ERR,ERR,ERR,ERR,ERR,ERR,ERR,ERR,ERR,ERR,ERR,ERR,ERR,ERR,ERR,ERR,ERR,ERR,ERR,ERR,ERR,ERR,ERR,ERR,ERR,ERR,ERR,ERR,ERR,ERR,ERR,ERR,ERR,ERR,ERR,ERR,ERR,ERR,ERR,ERR,ERR,ERR,ERR,ERR,ERR,ERR,ERR,ERR,ERR,ERR,ERR,ERR,ERR,ERR,ERR,ERR,ERR,ERR,ERR,ERR,ERR,ERR,ERR,ERR,ERR,ERR,ERR,ERR,ERR,ERR,-0.0,-107615840.0,0.0,2.718366610185338e+23,-2.7566735629274317e+19,-1.1302684967608141e+30,-90880827392.0,-0.0,0,0,4,17381,7116,0.0,100,0.0,0.0,2.718366610185338e+23,0.0,0.0,0,0,0,0,0.0,0,0,0,0,0,0,0,0,0,0,0,0,0,0,0,0,0,0,0,0,0,0,0,0,0,0,0,0,0,0,0,0,0,31,40,40,71,65476,0,300,0,0,8,21553,0.0,-107605600.0,0.0,0.0,0.0,0.0,0.0,0.0,0.0,0.0,0.0,0.0,0.0,0.0,0.0,0.0,0.0,0.0,0.0,0.0,0.0,0.0,2.004,0.0,0.0,0.0,0.0,0.0,0.0,0.0,4921.0,0.0,6916.0,-0.0,0.0,2.004,2.004,0.0,0.0,0.0,0.0,69,0.0,0.0,0.0,0.0,0.0,0.0,0.0,0.0,0.0,0,0,0,0.0,0.0,0.0,0.0,0.0,0.0,0.0,0.0,0.0,0.0,0.0,0.0,0.0,0.0,0.0,0.0,0,-107875648.0,69,0.0,138,0.0,2.012,ERR,ERR,ERR,ERR,ERR,ERR,ERR,ERR,ERR,ERR,ERR,ERR,ERR,ERR,ERR,ERR,ERR,ERR,ERR,ERR,ERR,ERR,ERR,ERR,ERR,ERR,ERR,ERR,ERR,ERR,ERR,ERR,ERR,ERR,ERR,ERR,ERR,ERR,ERR,ERR,ERR,ERR,ERR,ERR,ERR,ERR,ERR,ERR,ERR,ERR,ERR,ERR,ERR,ERR,ERR,ERR,ERR,ERR,ERR,ERR,ERR,ERR,ERR,ERR,ERR,ERR,ERR,60.0,60.0,35,0.0,0.0,0.0,0.0,0.0,0.0,0.0,0.0,0.0,0.0,0.0,0.0,0.0,0.0,0.0,0.0,65.6,0,139,67,51,65476,0,65476,1,4,4,20529,65476,0,0,2621,60.0,0.0,0.0,0.0,0.0,0.0
2026-07-09T15:02:46,ERR,ERR,ERR,ERR,ERR,ERR,ERR,ERR,ERR,ERR,ERR,ERR,ERR,ERR,ERR,ERR,ERR,ERR,ERR,ERR,ERR,ERR,ERR,ERR,ERR,ERR,ERR,ERR,ERR,ERR,ERR,ERR,ERR,ERR,ERR,ERR,ERR,ERR,ERR,ERR,ERR,ERR,ERR,ERR,ERR,ERR,ERR,ERR,ERR,ERR,ERR,ERR,ERR,ERR,ERR,ERR,ERR,ERR,ERR,ERR,ERR,ERR,ERR,ERR,ERR,ERR,ERR,ERR,ERR,ERR,ERR,ERR,ERR,ERR,ERR,ERR,ERR,ERR,ERR,ERR,ERR,ERR,ERR,ERR,ERR,ERR,ERR,ERR,ERR,ERR,ERR,ERR,ERR,ERR,ERR,ERR,ERR,ERR,ERR,ERR,ERR,ERR,ERR,ERR,ERR,ERR,ERR,ERR,ERR,ERR,ERR,ERR,ERR,ERR,ERR,ERR,ERR,ERR,ERR,ERR,ERR,ERR,ERR,ERR,ERR,-0.0,-107615840.0,0.0,2.718366610185338e+23,-2.7566735629274317e+19,-1.1302684967608141e+30,-90880827392.0,-0.0,0,0,4,17381,7116,0.0,100,0.0,0.0,2.718366610185338e+23,0.0,0.0,0,0,0,0,0.0,0,0,0,0,0,0,0,0,0,0,0,0,0,0,0,0,0,0,0,0,0,0,0,0,0,0,0,0,0,0,0,0,0,31,40,40,71,65476,0,300,0,0,8,21553,0.0,-107605600.0,0.0,0.0,0.0,0.0,0.0,0.0,0.0,0.0,0.0,0.0,0.0,0.0,0.0,0.0,0.0,0.0,0.0,0.0,0.0,0.0,2.004,0.0,0.0,0.0,0.0,0.0,0.0,0.0,4921.0,0.0,6916.0,-0.0,0.0,2.004,2.004,0.0,0.0,0.0,0.0,69,0.0,0.0,0.0,0.0,0.0,0.0,0.0,0.0,0.0,0,0,0,0.0,0.0,0.0,0.0,0.0,0.0,0.0,0.0,0.0,0.0,0.0,0.0,0.0,0.0,0.0,0.0,0,-107875648.0,69,0.0,138,0.0,2.012,ERR,ERR,ERR,ERR,ERR,ERR,ERR,ERR,ERR,ERR,ERR,ERR,ERR,ERR,ERR,ERR,ERR,ERR,ERR,ERR,ERR,ERR,ERR,ERR,ERR,ERR,ERR,ERR,ERR,ERR,ERR,ERR,ERR,ERR,ERR,ERR,ERR,ERR,ERR,ERR,ERR,ERR,ERR,ERR,ERR,ERR,ERR,ERR,ERR,ERR,ERR,ERR,ERR,ERR,ERR,ERR,ERR,ERR,ERR,ERR,ERR,ERR,ERR,ERR,ERR,ERR,ERR,60.0,60.0,35,0.0,0.0,0.0,0.0,0.0,0.0,0.0,0.0,0.0,0.0,0.0,0.0,0.0,0.0,0.0,0.0,65.2,0,139,67,51,65476,0,65476,1,4,4,20529,65476,0,0,2621,60.0,0.0,0.0,0.0,0.0,0.0
2026-07-09T15:02:47,ERR,ERR,ERR,ERR,ERR,ERR,ERR,ERR,ERR,ERR,ERR,ERR,ERR,ERR,ERR,ERR,ERR,ERR,ERR,ERR,ERR,ERR,ERR,ERR,ERR,ERR,ERR,ERR,ERR,ERR,ERR,ERR,ERR,ERR,ERR,ERR,ERR,ERR,ERR,ERR,ERR,ERR,ERR,ERR,ERR,ERR,ERR,ERR,ERR,ERR,ERR,ERR,ERR,ERR,ERR,ERR,ERR,ERR,ERR,ERR,ERR,ERR,ERR,ERR,ERR,ERR,ERR,ERR,ERR,ERR,ERR,ERR,ERR,ERR,ERR,ERR,ERR,ERR,ERR,ERR,ERR,ERR,ERR,ERR,ERR,ERR,ERR,ERR,ERR,ERR,ERR,ERR,ERR,ERR,ERR,ERR,ERR,ERR,ERR,ERR,ERR,ERR,ERR,ERR,ERR,ERR,ERR,ERR,ERR,ERR,ERR,ERR,ERR,ERR,ERR,ERR,ERR,ERR,ERR,ERR,ERR,ERR,ERR,ERR,ERR,-0.0,-107615840.0,0.0,2.718366610185338e+23,-2.7566735629274317e+19,-1.1302684967608141e+30,-90880827392.0,-0.0,0,0,4,17381,7116,0.0,100,0.0,0.0,2.718366610185338e+23,0.0,0.0,0,0,0,0,0.0,0,0,0,0,0,0,0,0,0,0,0,0,0,0,0,0,0,0,0,0,0,0,0,0,0,0,0,0,0,0,0,0,0,31,40,40,71,65476,0,300,0,0,8,21553,0.0,-107605600.0,0.0,0.0,0.0,0.0,0.0,0.0,0.0,0.0,0.0,0.0,0.0,0.0,0.0,0.0,0.0,0.0,0.0,0.0,0.0,0.0,2.004,0.0,0.0,0.0,0.0,0.0,0.0,0.0,4921.0,0.0,6916.0,-0.0,0.0,2.004,2.004,0.0,0.0,0.0,0.0,69,0.0,0.0,0.0,0.0,0.0,0.0,0.0,0.0,0.0,0,0,0,0.0,0.0,0.0,0.0,0.0,0.0,0.0,0.0,0.0,0.0,0.0,0.0,0.0,0.0,0.0,0.0,0,-107875648.0,69,0.0,138,0.0,2.012,ERR,ERR,ERR,ERR,ERR,ERR,ERR,ERR,ERR,ERR,ERR,ERR,ERR,ERR,ERR,ERR,ERR,ERR,ERR,ERR,ERR,ERR,ERR,ERR,ERR,ERR,ERR,ERR,ERR,ERR,ERR,ERR,ERR,ERR,ERR,ERR,ERR,ERR,ERR,ERR,ERR,ERR,ERR,ERR,ERR,ERR,ERR,ERR,ERR,ERR,ERR,ERR,ERR,ERR,ERR,ERR,ERR,ERR,ERR,ERR,ERR,ERR,ERR,ERR,ERR,ERR,ERR,60.0,60.0,35,0.0,0.0,0.0,0.0,0.0,0.0,0.0,0.0,0.0,0.0,0.0,0.0,0.0,0.0,0.0,0.0,65.2,0,139,67,51,65476,0,65476,1,4,4,20529,65476,0,0,2621,60.0,0.0,0.0,0.0,0.0,0.0
2026-07-09T15:02:48,ERR,ERR,ERR,ERR,ERR,ERR,ERR,ERR,ERR,ERR,ERR,ERR,ERR,ERR,ERR,ERR,ERR,ERR,ERR,ERR,ERR,ERR,ERR,ERR,ERR,ERR,ERR,ERR,ERR,ERR,ERR,ERR,ERR,ERR,ERR,ERR,ERR,ERR,ERR,ERR,ERR,ERR,ERR,ERR,ERR,ERR,ERR,ERR,ERR,ERR,ERR,ERR,ERR,ERR,ERR,ERR,ERR,ERR,ERR,ERR,ERR,ERR,ERR,ERR,ERR,ERR,ERR,ERR,ERR,ERR,ERR,ERR,ERR,ERR,ERR,ERR,ERR,ERR,ERR,ERR,ERR,ERR,ERR,ERR,ERR,ERR,ERR,ERR,ERR,ERR,ERR,ERR,ERR,ERR,ERR,ERR,ERR,ERR,ERR,ERR,ERR,ERR,ERR,ERR,ERR,ERR,ERR,ERR,ERR,ERR,ERR,ERR,ERR,ERR,ERR,ERR,ERR,ERR,ERR,ERR,ERR,ERR,ERR,ERR,ERR,-0.0,-0.0,-0.0,0.0,0.0,0.0,849013.75,-953.008,0,0,4,17383,7116,0.0,100,0.0,0.0,0.0,0.0,0.0,0,0,0,0,0.0,0,0,0,0,0,0,0,0,0,0,0,0,0,0,0,0,0,0,0,0,0,0,0,0,0,0,0,0,0,0,0,0,0,31,40,40,71,65476,0,300,0,0,8,21553,0.0,-107605600.0,0.0,0.0,0.0,0.0,0.0,0.0,0.0,0.0,0.0,0.0,0.0,0.0,0.0,0.0,0.0,0.0,0.0,0.0,0.0,0.0,2.004,-2.004,0.0,0.0,0.0,0.0,0.0,0.0,4878.0,-2.004,6936.0,-0.0,0.0,2.004,2.004,0.0,0.0,0.0,0.0,69,-2.718428759860196e+23,126840496128.0,0.0,0.0,0.0,0.0,0.0,0.0,0.0,0,0,0,0.0,0.0,0.0,0.0,0.0,0.0,0.0,0.0,0.0,0.0,0.0,0.0,0.0,0.0,0.0,0.0,0,-107875648.0,69,0.0,138,0.0,2.012,ERR,ERR,ERR,ERR,ERR,ERR,ERR,ERR,ERR,ERR,ERR,ERR,ERR,ERR,ERR,ERR,ERR,ERR,ERR,ERR,ERR,ERR,ERR,ERR,ERR,ERR,ERR,ERR,ERR,ERR,ERR,ERR,ERR,ERR,ERR,ERR,ERR,ERR,ERR,ERR,ERR,ERR,ERR,ERR,ERR,ERR,ERR,ERR,ERR,ERR,ERR,ERR,ERR,ERR,ERR,ERR,ERR,ERR,ERR,ERR,ERR,ERR,ERR,ERR,ERR,ERR,ERR,60.0,60.0,35,0.0,0.0,0.0,0.0,0.0,0.0,0.0,0.0,0.0,0.0,0.0,0.0,0.0,0.0,0.0,0.0,65.2,0,139,67,51,65476,0,65476,1,4,4,20529,65476,0,0,2621,60.0,0.0,0.0,0.0,0.0,0.0
2026-07-09T15:02:49,ERR,ERR,ERR,ERR,ERR,ERR,ERR,ERR,ERR,ERR,ERR,ERR,ERR,ERR,ERR,ERR,ERR,ERR,ERR,ERR,ERR,ERR,ERR,ERR,ERR,ERR,ERR,ERR,ERR,ERR,ERR,ERR,ERR,ERR,ERR,ERR,ERR,ERR,ERR,ERR,ERR,ERR,ERR,ERR,ERR,ERR,ERR,ERR,ERR,ERR,ERR,ERR,ERR,ERR,ERR,ERR,ERR,ERR,ERR,ERR,ERR,ERR,ERR,ERR,ERR,ERR,ERR,ERR,ERR,ERR,ERR,ERR,ERR,ERR,ERR,ERR,ERR,ERR,ERR,ERR,ERR,ERR,ERR,ERR,ERR,ERR,ERR,ERR,ERR,ERR,ERR,ERR,ERR,ERR,ERR,ERR,ERR,ERR,ERR,ERR,ERR,ERR,ERR,ERR,ERR,ERR,ERR,ERR,ERR,ERR,ERR,ERR,ERR,ERR,ERR,ERR,ERR,ERR,ERR,ERR,ERR,ERR,ERR,ERR,ERR,-0.0,-0.0,-0.0,0.0,0.0,0.0,849013.75,-953.008,0,0,4,17383,7116,0.0,100,0.0,0.0,0.0,0.0,0.0,0,0,0,0,0.0,0,0,0,0,0,0,0,0,0,0,0,0,0,0,0,0,0,0,0,0,0,0,0,0,0,0,0,0,0,0,0,0,0,31,40,40,71,65476,0,300,0,0,8,21553,0.0,-107605600.0,0.0,0.0,0.0,0.0,0.0,0.0,0.0,0.0,0.0,0.0,0.0,0.0,0.0,0.0,0.0,0.0,0.0,0.0,0.0,0.0,2.004,-2.004,0.0,0.0,0.0,0.0,0.0,0.0,4878.0,-2.004,6936.0,-0.0,0.0,2.004,2.004,0.0,0.0,0.0,0.0,69,-2.718428759860196e+23,126840496128.0,0.0,0.0,0.0,0.0,0.0,0.0,0.0,0,0,0,0.0,0.0,0.0,0.0,0.0,0.0,0.0,0.0,0.0,0.0,0.0,0.0,0.0,0.0,0.0,0.0,0,-107875648.0,69,0.0,138,0.0,2.012,ERR,ERR,ERR,ERR,ERR,ERR,ERR,ERR,ERR,ERR,ERR,ERR,ERR,ERR,ERR,ERR,ERR,ERR,ERR,ERR,ERR,ERR,ERR,ERR,ERR,ERR,ERR,ERR,ERR,ERR,ERR,ERR,ERR,ERR,ERR,ERR,ERR,ERR,ERR,ERR,ERR,ERR,ERR,ERR,ERR,ERR,ERR,ERR,ERR,ERR,ERR,ERR,ERR,ERR,ERR,ERR,ERR,ERR,ERR,ERR,ERR,ERR,ERR,ERR,ERR,ERR,ERR,60.0,60.0,35,0.0,0.0,0.0,0.0,0.0,0.0,0.0,0.0,0.0,0.0,0.0,0.0,0.0,0.0,0.0,0.0,65.2,0,139,67,51,65476,0,65476,1,4,4,20529,65476,0,0,2621,60.0,0.0,0.0,0.0,0.0,0.0
2026-07-09T15:02:50,ERR,ERR,ERR,ERR,ERR,ERR,ERR,ERR,ERR,ERR,ERR,ERR,ERR,ERR,ERR,ERR,ERR,ERR,ERR,ERR,ERR,ERR,ERR,ERR,ERR,ERR,ERR,ERR,ERR,ERR,ERR,ERR,ERR,ERR,ERR,ERR,ERR,ERR,ERR,ERR,ERR,ERR,ERR,ERR,ERR,ERR,ERR,ERR,ERR,ERR,ERR,ERR,ERR,ERR,ERR,ERR,ERR,ERR,ERR,ERR,ERR,ERR,ERR,ERR,ERR,ERR,ERR,ERR,ERR,ERR,ERR,ERR,ERR,ERR,ERR,ERR,ERR,ERR,ERR,ERR,ERR,ERR,ERR,ERR,ERR,ERR,ERR,ERR,ERR,ERR,ERR,ERR,ERR,ERR,ERR,ERR,ERR,ERR,ERR,ERR,ERR,ERR,ERR,ERR,ERR,ERR,ERR,ERR,ERR,ERR,ERR,ERR,ERR,ERR,ERR,ERR,ERR,ERR,ERR,ERR,ERR,ERR,ERR,ERR,ERR,-0.0,-0.0,-0.0,0.0,0.0,0.0,849013.75,-953.008,0,0,4,17383,7116,0.0,100,0.0,0.0,0.0,0.0,0.0,0,0,0,0,0.0,0,0,0,0,0,0,0,0,0,0,0,0,0,0,0,0,0,0,0,0,0,0,0,0,0,0,0,0,0,0,0,0,0,31,40,40,71,65476,0,300,0,0,8,21553,0.0,-107605600.0,0.0,0.0,0.0,0.0,0.0,0.0,0.0,0.0,0.0,0.0,0.0,0.0,0.0,0.0,0.0,0.0,0.0,0.0,0.0,0.0,2.004,-2.004,0.0,0.0,0.0,0.0,0.0,0.0,4878.0,-2.004,6936.0,-0.0,0.0,2.004,2.004,0.0,0.0,0.0,0.0,69,-2.718428759860196e+23,126840496128.0,0.0,0.0,0.0,0.0,0.0,0.0,0.0,0,0,0,0.0,0.0,0.0,0.0,0.0,0.0,0.0,0.0,0.0,0.0,0.0,0.0,0.0,0.0,0.0,0.0,0,-107875648.0,69,0.0,138,0.0,2.012,ERR,ERR,ERR,ERR,ERR,ERR,ERR,ERR,ERR,ERR,ERR,ERR,ERR,ERR,ERR,ERR,ERR,ERR,ERR,ERR,ERR,ERR,ERR,ERR,ERR,ERR,ERR,ERR,ERR,ERR,ERR,ERR,ERR,ERR,ERR,ERR,ERR,ERR,ERR,ERR,ERR,ERR,ERR,ERR,ERR,ERR,ERR,ERR,ERR,ERR,ERR,ERR,ERR,ERR,ERR,ERR,ERR,ERR,ERR,ERR,ERR,ERR,ERR,ERR,ERR,ERR,ERR,60.0,60.0,35,0.0,0.0,0.0,0.0,0.0,0.0,0.0,0.0,0.0,0.0,0.0,0.0,0.0,0.0,0.0,0.0,65.2,0,139,66,51,65476,0,65476,1,4,4,20529,65476,0,0,2621,60.0,0.0,0.0,0.0,0.0,0.0
2026-07-09T15:02:51,ERR,ERR,ERR,ERR,ERR,ERR,ERR,ERR,ERR,ERR,ERR,ERR,ERR,ERR,ERR,ERR,ERR,ERR,ERR,ERR,ERR,ERR,ERR,ERR,ERR,ERR,ERR,ERR,ERR,ERR,ERR,ERR,ERR,ERR,ERR,ERR,ERR,ERR,ERR,ERR,ERR,ERR,ERR,ERR,ERR,ERR,ERR,ERR,ERR,ERR,ERR,ERR,ERR,ERR,ERR,ERR,ERR,ERR,ERR,ERR,ERR,ERR,ERR,ERR,ERR,ERR,ERR,ERR,ERR,ERR,ERR,ERR,ERR,ERR,ERR,ERR,ERR,ERR,ERR,ERR,ERR,ERR,ERR,ERR,ERR,ERR,ERR,ERR,ERR,ERR,ERR,ERR,ERR,ERR,ERR,ERR,ERR,ERR,ERR,ERR,ERR,ERR,ERR,ERR,ERR,ERR,ERR,ERR,ERR,ERR,ERR,ERR,ERR,ERR,ERR,ERR,ERR,ERR,ERR,ERR,ERR,ERR,ERR,ERR,ERR,-0.0,-0.0,-0.0,0.0,0.0,0.0,849013.75,-953.008,0,0,4,17383,7116,0.0,100,0.0,0.0,0.0,0.0,0.0,0,0,0,0,0.0,0,0,0,0,0,0,0,0,0,0,0,0,0,0,0,0,0,0,0,0,0,0,0,0,0,0,0,0,0,0,0,0,0,31,40,40,71,65476,0,300,0,0,8,21553,0.0,-107605600.0,0.0,0.0,0.0,0.0,0.0,0.0,0.0,0.0,0.0,0.0,0.0,0.0,0.0,0.0,0.0,0.0,0.0,0.0,0.0,0.0,2.004,-2.004,0.0,0.0,0.0,0.0,0.0,0.0,4878.0,-2.004,6936.0,-0.0,0.0,2.004,2.004,0.0,0.0,0.0,0.0,69,-2.718428759860196e+23,126840496128.0,0.0,0.0,0.0,0.0,0.0,0.0,0.0,0,0,0,0.0,0.0,0.0,0.0,0.0,0.0,0.0,0.0,0.0,0.0,0.0,0.0,0.0,0.0,0.0,0.0,0,-107875648.0,69,0.0,138,0.0,2.012,ERR,ERR,ERR,ERR,ERR,ERR,ERR,ERR,ERR,ERR,ERR,ERR,ERR,ERR,ERR,ERR,ERR,ERR,ERR,ERR,ERR,ERR,ERR,ERR,ERR,ERR,ERR,ERR,ERR,ERR,ERR,ERR,ERR,ERR,ERR,ERR,ERR,ERR,ERR,ERR,ERR,ERR,ERR,ERR,ERR,ERR,ERR,ERR,ERR,ERR,ERR,ERR,ERR,ERR,ERR,ERR,ERR,ERR,ERR,ERR,ERR,ERR,ERR,ERR,ERR,ERR,ERR,60.0,60.0,35,0.0,0.0,0.0,0.0,0.0,0.0,0.0,0.0,0.0,0.0,0.0,0.0,0.0,0.0,0.0,0.0,65.2,0,139,66,51,65476,0,65476,1,4,4,20529,65476,0,0,2621,60.0,0.0,0.0,0.0,0.0,0.0
2026-07-09T15:02:52,ERR,ERR,ERR,ERR,ERR,ERR,ERR,ERR,ERR,ERR,ERR,ERR,ERR,ERR,ERR,ERR,ERR,ERR,ERR,ERR,ERR,ERR,ERR,ERR,ERR,ERR,ERR,ERR,ERR,ERR,ERR,ERR,ERR,ERR,ERR,ERR,ERR,ERR,ERR,ERR,ERR,ERR,ERR,ERR,ERR,ERR,ERR,ERR,ERR,ERR,ERR,ERR,ERR,ERR,ERR,ERR,ERR,ERR,ERR,ERR,ERR,ERR,ERR,ERR,ERR,ERR,ERR,ERR,ERR,ERR,ERR,ERR,ERR,ERR,ERR,ERR,ERR,ERR,ERR,ERR,ERR,ERR,ERR,ERR,ERR,ERR,ERR,ERR,ERR,ERR,ERR,ERR,ERR,ERR,ERR,ERR,ERR,ERR,ERR,ERR,ERR,ERR,ERR,ERR,ERR,ERR,ERR,ERR,ERR,ERR,ERR,ERR,ERR,ERR,ERR,ERR,ERR,ERR,ERR,ERR,ERR,ERR,ERR,ERR,ERR,-0.0,-0.0,-0.0,0.0,0.0,0.0,849013.75,-953.008,0,0,4,17383,7116,0.0,100,0.0,0.0,0.0,0.0,0.0,0,0,0,0,0.0,0,0,0,0,0,0,0,0,0,0,0,0,0,0,0,0,0,0,0,0,0,0,0,0,0,0,0,0,0,0,0,0,0,31,40,40,71,65476,0,300,0,0,8,21553,0.0,-107605600.0,0.0,0.0,0.0,0.0,0.0,0.0,0.0,0.0,0.0,0.0,0.0,0.0,0.0,0.0,0.0,0.0,0.0,0.0,0.0,0.0,2.004,-2.004,0.0,0.0,0.0,0.0,0.0,0.0,4878.0,-2.004,6936.0,-0.0,0.0,2.004,2.004,0.0,0.0,0.0,0.0,69,-2.718428759860196e+23,126840496128.0,0.0,0.0,0.0,0.0,0.0,0.0,0.0,0,0,0,0.0,0.0,0.0,0.0,0.0,0.0,0.0,0.0,0.0,0.0,0.0,0.0,0.0,0.0,0.0,0.0,0,-107875648.0,69,0.0,138,0.0,2.012,ERR,ERR,ERR,ERR,ERR,ERR,ERR,ERR,ERR,ERR,ERR,ERR,ERR,ERR,ERR,ERR,ERR,ERR,ERR,ERR,ERR,ERR,ERR,ERR,ERR,ERR,ERR,ERR,ERR,ERR,ERR,ERR,ERR,ERR,ERR,ERR,ERR,ERR,ERR,ERR,ERR,ERR,ERR,ERR,ERR,ERR,ERR,ERR,ERR,ERR,ERR,ERR,ERR,ERR,ERR,ERR,ERR,ERR,ERR,ERR,ERR,ERR,ERR,ERR,ERR,ERR,ERR,60.0,60.0,35,0.0,0.0,0.0,0.0,0.0,0.0,0.0,0.0,0.0,0.0,0.0,0.0,0.0,0.0,0.0,0.0,65.2,0,139,66,51,65476,0,65476,1,4,4,20529,65476,0,0,2621,60.0,0.0,0.0,0.0,0.0,0.0
2026-07-09T15:02:53,ERR,ERR,ERR,ERR,ERR,ERR,ERR,ERR,ERR,ERR,ERR,ERR,ERR,ERR,ERR,ERR,ERR,ERR,ERR,ERR,ERR,ERR,ERR,ERR,ERR,ERR,ERR,ERR,ERR,ERR,ERR,ERR,ERR,ERR,ERR,ERR,ERR,ERR,ERR,ERR,ERR,ERR,ERR,ERR,ERR,ERR,ERR,ERR,ERR,ERR,ERR,ERR,ERR,ERR,ERR,ERR,ERR,ERR,ERR,ERR,ERR,ERR,ERR,ERR,ERR,ERR,ERR,ERR,ERR,ERR,ERR,ERR,ERR,ERR,ERR,ERR,ERR,ERR,ERR,ERR,ERR,ERR,ERR,ERR,ERR,ERR,ERR,ERR,ERR,ERR,ERR,ERR,ERR,ERR,ERR,ERR,ERR,ERR,ERR,ERR,ERR,ERR,ERR,ERR,ERR,ERR,ERR,ERR,ERR,ERR,ERR,ERR,ERR,ERR,ERR,ERR,ERR,ERR,ERR,ERR,ERR,ERR,ERR,ERR,ERR,-0.0,0.0,2.718412006469582e+23,2.718366610185338e+23,-0.001,-0.0,-44113264.0,2.243791066405122e+29,0,0,4,17387,7116,0.0,100,0.0,0.0,0.0,0.0,0.0,0,0,0,0,0.0,0,0,0,0,0,0,0,0,0,0,0,0,0,0,0,0,0,0,0,0,0,0,0,0,0,0,0,0,0,0,0,0,0,31,40,40,71,65476,0,300,0,0,8,21553,0.0,-107605600.0,0.0,0.0,0.0,0.0,0.0,0.0,0.0,0.0,0.0,0.0,0.0,0.0,0.0,0.0,0.0,0.0,0.0,0.0,0.0,0.0,-0.0,-0.0,0.0,0.0,0.0,0.0,0.0,0.0,4870.0,2.422986751610777e+24,6925.0,0.0,0.0,2.004,2.004,0.0,0.0,0.0,0.0,69,-0.0,0.0,0.0,0.0,0.0,0.0,0.0,0.0,0.0,0,0,0,0.0,0.0,0.0,0.0,0.0,0.0,0.0,0.0,0.0,0.0,0.0,0.0,0.0,0.0,0.0,0.0,0,-107875648.0,69,0.0,138,0.0,2.012,ERR,ERR,ERR,ERR,ERR,ERR,ERR,ERR,ERR,ERR,ERR,ERR,ERR,ERR,ERR,ERR,ERR,ERR,ERR,ERR,ERR,ERR,ERR,ERR,ERR,ERR,ERR,ERR,ERR,ERR,ERR,ERR,ERR,ERR,ERR,ERR,ERR,ERR,ERR,ERR,ERR,ERR,ERR,ERR,ERR,ERR,ERR,ERR,ERR,ERR,ERR,ERR,ERR,ERR,ERR,ERR,ERR,ERR,ERR,ERR,ERR,ERR,ERR,ERR,ERR,ERR,ERR,60.0,60.0,35,0.0,0.0,0.0,0.0,0.0,0.0,0.0,0.0,0.0,0.0,0.0,0.0,0.0,0.0,0.0,0.0,65.2,0,139,66,51,65476,0,65476,1,4,4,20529,65476,0,0,2621,60.0,0.0,0.0,0.0,0.0,0.0
2026-07-09T15:02:54,ERR,ERR,ERR,ERR,ERR,ERR,ERR,ERR,ERR,ERR,ERR,ERR,ERR,ERR,ERR,ERR,ERR,ERR,ERR,ERR,ERR,ERR,ERR,ERR,ERR,ERR,ERR,ERR,ERR,ERR,ERR,ERR,ERR,ERR,ERR,ERR,ERR,ERR,ERR,ERR,ERR,ERR,ERR,ERR,ERR,ERR,ERR,ERR,ERR,ERR,ERR,ERR,ERR,ERR,ERR,ERR,ERR,ERR,ERR,ERR,ERR,ERR,ERR,ERR,ERR,ERR,ERR,ERR,ERR,ERR,ERR,ERR,ERR,ERR,ERR,ERR,ERR,ERR,ERR,ERR,ERR,ERR,ERR,ERR,ERR,ERR,ERR,ERR,ERR,ERR,ERR,ERR,ERR,ERR,ERR,ERR,ERR,ERR,ERR,ERR,ERR,ERR,ERR,ERR,ERR,ERR,ERR,ERR,ERR,ERR,ERR,ERR,ERR,ERR,ERR,ERR,ERR,ERR,ERR,ERR,ERR,ERR,ERR,ERR,ERR,-0.0,0.0,2.718412006469582e+23,2.718366610185338e+23,-0.001,-0.0,-44113264.0,2.243791066405122e+29,0,0,4,17387,7116,0.0,100,0.0,0.0,0.0,0.0,0.0,0,0,0,0,0.0,0,0,0,0,0,0,0,0,0,0,0,0,0,0,0,0,0,0,0,0,0,0,0,0,0,0,0,0,0,0,0,0,0,31,40,40,71,65476,0,300,0,0,8,21553,0.0,-107605600.0,0.0,0.0,0.0,0.0,0.0,0.0,0.0,0.0,0.0,0.0,0.0,0.0,0.0,0.0,0.0,0.0,0.0,0.0,0.0,0.0,-0.0,-0.0,0.0,0.0,0.0,0.0,0.0,0.0,4870.0,2.422986751610777e+24,6925.0,0.0,0.0,2.004,2.004,0.0,0.0,0.0,0.0,69,-0.0,0.0,0.0,0.0,0.0,0.0,0.0,0.0,0.0,0,0,0,0.0,0.0,0.0,0.0,0.0,0.0,0.0,0.0,0.0,0.0,0.0,0.0,0.0,0.0,0.0,0.0,0,-107875648.0,69,0.0,138,0.0,2.012,ERR,ERR,ERR,ERR,ERR,ERR,ERR,ERR,ERR,ERR,ERR,ERR,ERR,ERR,ERR,ERR,ERR,ERR,ERR,ERR,ERR,ERR,ERR,ERR,ERR,ERR,ERR,ERR,ERR,ERR,ERR,ERR,ERR,ERR,ERR,ERR,ERR,ERR,ERR,ERR,ERR,ERR,ERR,ERR,ERR,ERR,ERR,ERR,ERR,ERR,ERR,ERR,ERR,ERR,ERR,ERR,ERR,ERR,ERR,ERR,ERR,ERR,ERR,ERR,ERR,ERR,ERR,60.0,60.0,35,0.0,0.0,0.0,0.0,0.0,0.0,0.0,0.0,0.0,0.0,0.0,0.0,0.0,0.0,0.0,0.0,65.2,0,139,66,51,65476,0,65476,1,4,4,20529,65476,0,0,2621,60.0,0.0,0.0,0.0,0.0,0.0
2026-07-09T15:02:55,ERR,ERR,ERR,ERR,ERR,ERR,ERR,ERR,ERR,ERR,ERR,ERR,ERR,ERR,ERR,ERR,ERR,ERR,ERR,ERR,ERR,ERR,ERR,ERR,ERR,ERR,ERR,ERR,ERR,ERR,ERR,ERR,ERR,ERR,ERR,ERR,ERR,ERR,ERR,ERR,ERR,ERR,ERR,ERR,ERR,ERR,ERR,ERR,ERR,ERR,ERR,ERR,ERR,ERR,ERR,ERR,ERR,ERR,ERR,ERR,ERR,ERR,ERR,ERR,ERR,ERR,ERR,ERR,ERR,ERR,ERR,ERR,ERR,ERR,ERR,ERR,ERR,ERR,ERR,ERR,ERR,ERR,ERR,ERR,ERR,ERR,ERR,ERR,ERR,ERR,ERR,ERR,ERR,ERR,ERR,ERR,ERR,ERR,ERR,ERR,ERR,ERR,ERR,ERR,ERR,ERR,ERR,ERR,ERR,ERR,ERR,ERR,ERR,ERR,ERR,ERR,ERR,ERR,ERR,ERR,ERR,ERR,ERR,ERR,ERR,-0.0,0.0,2.718412006469582e+23,2.718366610185338e+23,-0.001,-0.0,-44113264.0,2.243791066405122e+29,0,0,4,17387,7116,0.0,100,0.0,0.0,0.0,0.0,0.0,0,0,0,0,0.0,0,0,0,0,0,0,0,0,0,0,0,0,0,0,0,0,0,0,0,0,0,0,0,0,0,0,0,0,0,0,0,0,0,31,40,40,71,65476,0,300,0,0,8,21553,0.0,-107605600.0,0.0,0.0,0.0,0.0,0.0,0.0,0.0,0.0,0.0,0.0,0.0,0.0,0.0,0.0,0.0,0.0,0.0,0.0,0.0,0.0,-0.0,-0.0,0.0,0.0,0.0,0.0,0.0,0.0,4870.0,2.422986751610777e+24,6925.0,0.0,0.0,2.004,2.004,0.0,0.0,0.0,0.0,69,-0.0,0.0,0.0,0.0,0.0,0.0,0.0,0.0,0.0,0,0,0,0.0,0.0,0.0,0.0,0.0,0.0,0.0,0.0,0.0,0.0,0.0,0.0,0.0,0.0,0.0,0.0,0,-107875648.0,69,0.0,138,0.0,2.012,ERR,ERR,ERR,ERR,ERR,ERR,ERR,ERR,ERR,ERR,ERR,ERR,ERR,ERR,ERR,ERR,ERR,ERR,ERR,ERR,ERR,ERR,ERR,ERR,ERR,ERR,ERR,ERR,ERR,ERR,ERR,ERR,ERR,ERR,ERR,ERR,ERR,ERR,ERR,ERR,ERR,ERR,ERR,ERR,ERR,ERR,ERR,ERR,ERR,ERR,ERR,ERR,ERR,ERR,ERR,ERR,ERR,ERR,ERR,ERR,ERR,ERR,ERR,ERR,ERR,ERR,ERR,60.0,60.0,35,0.0,0.0,0.0,0.0,0.0,0.0,0.0,0.0,0.0,0.0,0.0,0.0,0.0,0.0,0.0,0.0,65.2,0,138,66,51,65476,0,65476,1,4,4,20529,65476,0,0,2621,60.0,0.0,0.0,0.0,0.0,0.0
2026-07-09T15:02:56,ERR,ERR,ERR,ERR,ERR,ERR,ERR,ERR,ERR,ERR,ERR,ERR,ERR,ERR,ERR,ERR,ERR,ERR,ERR,ERR,ERR,ERR,ERR,ERR,ERR,ERR,ERR,ERR,ERR,ERR,ERR,ERR,ERR,ERR,ERR,ERR,ERR,ERR,ERR,ERR,ERR,ERR,ERR,ERR,ERR,ERR,ERR,ERR,ERR,ERR,ERR,ERR,ERR,ERR,ERR,ERR,ERR,ERR,ERR,ERR,ERR,ERR,ERR,ERR,ERR,ERR,ERR,ERR,ERR,ERR,ERR,ERR,ERR,ERR,ERR,ERR,ERR,ERR,ERR,ERR,ERR,ERR,ERR,ERR,ERR,ERR,ERR,ERR,ERR,ERR,ERR,ERR,ERR,ERR,ERR,ERR,ERR,ERR,ERR,ERR,ERR,ERR,ERR,ERR,ERR,ERR,ERR,ERR,ERR,ERR,ERR,ERR,ERR,ERR,ERR,ERR,ERR,ERR,ERR,ERR,ERR,ERR,ERR,ERR,ERR,-0.0,0.0,2.718412006469582e+23,2.718366610185338e+23,-0.001,-0.0,-44113264.0,2.243791066405122e+29,0,0,4,17387,7116,0.0,100,0.0,0.0,0.0,0.0,0.0,0,0,0,0,0.0,0,0,0,0,0,0,0,0,0,0,0,0,0,0,0,0,0,0,0,0,0,0,0,0,0,0,0,0,0,0,0,0,0,31,40,40,71,65476,0,300,0,0,8,21553,0.0,-107605600.0,0.0,0.0,0.0,0.0,0.0,0.0,0.0,0.0,0.0,0.0,0.0,0.0,0.0,0.0,0.0,0.0,0.0,0.0,0.0,0.0,-0.0,-0.0,0.0,0.0,0.0,0.0,0.0,0.0,4870.0,2.422986751610777e+24,6925.0,0.0,0.0,2.004,2.004,0.0,0.0,0.0,0.0,69,-0.0,0.0,0.0,0.0,0.0,0.0,0.0,0.0,0.0,0,0,0,0.0,0.0,0.0,0.0,0.0,0.0,0.0,0.0,0.0,0.0,0.0,0.0,0.0,0.0,0.0,0.0,0,-107875648.0,69,0.0,138,0.0,2.012,ERR,ERR,ERR,ERR,ERR,ERR,ERR,ERR,ERR,ERR,ERR,ERR,ERR,ERR,ERR,ERR,ERR,ERR,ERR,ERR,ERR,ERR,ERR,ERR,ERR,ERR,ERR,ERR,ERR,ERR,ERR,ERR,ERR,ERR,ERR,ERR,ERR,ERR,ERR,ERR,ERR,ERR,ERR,ERR,ERR,ERR,ERR,ERR,ERR,ERR,ERR,ERR,ERR,ERR,ERR,ERR,ERR,ERR,ERR,ERR,ERR,ERR,ERR,ERR,ERR,ERR,ERR,60.0,60.0,35,0.0,0.0,0.0,0.0,0.0,0.0,0.0,0.0,0.0,0.0,0.0,0.0,0.0,0.0,0.0,0.0,65.2,0,138,66,51,65476,0,65476,1,4,4,20529,65476,0,0,2621,60.0,0.0,0.0,0.0,0.0,0.0
2026-07-09T15:02:57,ERR,ERR,ERR,ERR,ERR,ERR,ERR,ERR,ERR,ERR,ERR,ERR,ERR,ERR,ERR,ERR,ERR,ERR,ERR,ERR,ERR,ERR,ERR,ERR,ERR,ERR,ERR,ERR,ERR,ERR,ERR,ERR,ERR,ERR,ERR,ERR,ERR,ERR,ERR,ERR,ERR,ERR,ERR,ERR,ERR,ERR,ERR,ERR,ERR,ERR,ERR,ERR,ERR,ERR,ERR,ERR,ERR,ERR,ERR,ERR,ERR,ERR,ERR,ERR,ERR,ERR,ERR,ERR,ERR,ERR,ERR,ERR,ERR,ERR,ERR,ERR,ERR,ERR,ERR,ERR,ERR,ERR,ERR,ERR,ERR,ERR,ERR,ERR,ERR,ERR,ERR,ERR,ERR,ERR,ERR,ERR,ERR,ERR,ERR,ERR,ERR,ERR,ERR,ERR,ERR,ERR,ERR,ERR,ERR,ERR,ERR,ERR,ERR,ERR,ERR,ERR,ERR,ERR,ERR,ERR,ERR,ERR,ERR,ERR,ERR,-0.0,0.0,2.718412006469582e+23,2.718366610185338e+23,-0.001,-0.0,-44113264.0,2.243791066405122e+29,0,0,4,17387,7116,0.0,100,0.0,0.0,0.0,0.0,0.0,0,0,0,0,0.0,0,0,0,0,0,0,0,0,0,0,0,0,0,0,0,0,0,0,0,0,0,0,0,0,0,0,0,0,0,0,0,0,0,31,40,40,71,65476,0,300,0,0,8,21553,0.0,-107605600.0,0.0,0.0,0.0,0.0,0.0,0.0,0.0,0.0,0.0,0.0,0.0,0.0,0.0,0.0,0.0,0.0,0.0,0.0,0.0,0.0,-0.0,-0.0,0.0,0.0,0.0,0.0,0.0,0.0,4870.0,2.422986751610777e+24,6925.0,0.0,0.0,2.004,2.004,0.0,0.0,0.0,0.0,69,-0.0,0.0,0.0,0.0,0.0,0.0,0.0,0.0,0.0,0,0,0,0.0,0.0,0.0,0.0,0.0,0.0,0.0,0.0,0.0,0.0,0.0,0.0,0.0,0.0,0.0,0.0,0,-107875648.0,69,0.0,138,0.0,2.012,ERR,ERR,ERR,ERR,ERR,ERR,ERR,ERR,ERR,ERR,ERR,ERR,ERR,ERR,ERR,ERR,ERR,ERR,ERR,ERR,ERR,ERR,ERR,ERR,ERR,ERR,ERR,ERR,ERR,ERR,ERR,ERR,ERR,ERR,ERR,ERR,ERR,ERR,ERR,ERR,ERR,ERR,ERR,ERR,ERR,ERR,ERR,ERR,ERR,ERR,ERR,ERR,ERR,ERR,ERR,ERR,ERR,ERR,ERR,ERR,ERR,ERR,ERR,ERR,ERR,ERR,ERR,60.0,60.0,35,0.0,0.0,0.0,0.0,0.0,0.0,0.0,0.0,0.0,0.0,0.0,0.0,0.0,0.0,0.0,0.0,65.2,0,138,66,51,65476,0,65476,1,4,4,20529,65476,0,0,2621,60.0,0.0,0.0,0.0,0.0,0.0
2026-07-09T15:02:58,ERR,ERR,ERR,ERR,ERR,ERR,ERR,ERR,ERR,ERR,ERR,ERR,ERR,ERR,ERR,ERR,ERR,ERR,ERR,ERR,ERR,ERR,ERR,ERR,ERR,ERR,ERR,ERR,ERR,ERR,ERR,ERR,ERR,ERR,ERR,ERR,ERR,ERR,ERR,ERR,ERR,ERR,ERR,ERR,ERR,ERR,ERR,ERR,ERR,ERR,ERR,ERR,ERR,ERR,ERR,ERR,ERR,ERR,ERR,ERR,ERR,ERR,ERR,ERR,ERR,ERR,ERR,ERR,ERR,ERR,ERR,ERR,ERR,ERR,ERR,ERR,ERR,ERR,ERR,ERR,ERR,ERR,ERR,ERR,ERR,ERR,ERR,ERR,ERR,ERR,ERR,ERR,ERR,ERR,ERR,ERR,ERR,ERR,ERR,ERR,ERR,ERR,ERR,ERR,ERR,ERR,ERR,ERR,ERR,ERR,ERR,ERR,ERR,ERR,ERR,ERR,ERR,ERR,ERR,ERR,ERR,ERR,ERR,ERR,ERR,2.718425337124479e+23,0.0,-0.0,0.0,3.125866453698986e+26,-0.063,0.0,2.191019498096558e+18,0,0,4,17387,7116,0.0,100,0.0,0.0,2.718366610185338e+23,0.0,0.0,0,0,0,0,0.0,0,0,0,0,0,0,0,0,0,0,0,0,0,0,0,0,0,0,0,0,0,0,0,0,0,0,0,0,0,0,0,0,0,31,40,40,71,65476,0,300,0,0,8,21553,0.0,-107605600.0,0.0,0.0,0.0,0.0,0.0,0.0,0.0,0.0,0.0,0.0,0.0,0.0,0.0,0.0,0.0,0.0,0.0,0.0,0.0,0.0,-2.004,0.0,0.0,0.0,0.0,0.0,0.0,0.0,4889.0,0.0,6914.0,2.718425337124479e+23,2.7184419103711078e+23,2.004,2.004,0.0,0.0,0.0,0.0,69,4.950425889892929e+32,-0.0,0.0,0.0,0.0,0.0,0.0,0.0,0.0,0,0,0,0.0,0.0,0.0,0.0,0.0,0.0,0.0,0.0,0.0,0.0,0.0,0.0,0.0,0.0,0.0,0.0,0,-107875648.0,69,0.0,138,0.0,2.012,ERR,ERR,ERR,ERR,ERR,ERR,ERR,ERR,ERR,ERR,ERR,ERR,ERR,ERR,ERR,ERR,ERR,ERR,ERR,ERR,ERR,ERR,ERR,ERR,ERR,ERR,ERR,ERR,ERR,ERR,ERR,ERR,ERR,ERR,ERR,ERR,ERR,ERR,ERR,ERR,ERR,ERR,ERR,ERR,ERR,ERR,ERR,ERR,ERR,ERR,ERR,ERR,ERR,ERR,ERR,ERR,ERR,ERR,ERR,ERR,ERR,ERR,ERR,ERR,ERR,ERR,ERR,60.0,60.0,35,0.0,0.0,0.0,0.0,0.0,0.0,0.0,0.0,0.0,0.0,0.0,0.0,0.0,0.0,0.0,0.0,65.6,0,138,66,51,65476,0,65476,1,4,4,20529,65476,0,0,2621,60.0,0.0,0.0,0.0,0.0,0.0
2026-07-09T15:02:59,ERR,ERR,ERR,ERR,ERR,ERR,ERR,ERR,ERR,ERR,ERR,ERR,ERR,ERR,ERR,ERR,ERR,ERR,ERR,ERR,ERR,ERR,ERR,ERR,ERR,ERR,ERR,ERR,ERR,ERR,ERR,ERR,ERR,ERR,ERR,ERR,ERR,ERR,ERR,ERR,ERR,ERR,ERR,ERR,ERR,ERR,ERR,ERR,ERR,ERR,ERR,ERR,ERR,ERR,ERR,ERR,ERR,ERR,ERR,ERR,ERR,ERR,ERR,ERR,ERR,ERR,ERR,ERR,ERR,ERR,ERR,ERR,ERR,ERR,ERR,ERR,ERR,ERR,ERR,ERR,ERR,ERR,ERR,ERR,ERR,ERR,ERR,ERR,ERR,ERR,ERR,ERR,ERR,ERR,ERR,ERR,ERR,ERR,ERR,ERR,ERR,ERR,ERR,ERR,ERR,ERR,ERR,ERR,ERR,ERR,ERR,ERR,ERR,ERR,ERR,ERR,ERR,ERR,ERR,ERR,ERR,ERR,ERR,ERR,ERR,2.718425337124479e+23,0.0,-0.0,0.0,3.125866453698986e+26,-0.063,0.0,2.191019498096558e+18,0,0,4,17387,7116,0.0,100,0.0,0.0,2.718366610185338e+23,0.0,0.0,0,0,0,0,0.0,0,0,0,0,0,0,0,0,0,0,0,0,0,0,0,0,0,0,0,0,0,0,0,0,0,0,0,0,0,0,0,0,0,31,40,40,71,65476,0,300,0,0,8,21553,0.0,-107605600.0,0.0,0.0,0.0,0.0,0.0,0.0,0.0,0.0,0.0,0.0,0.0,0.0,0.0,0.0,0.0,0.0,0.0,0.0,0.0,0.0,-2.004,0.0,0.0,0.0,0.0,0.0,0.0,0.0,4889.0,0.0,6914.0,2.718425337124479e+23,2.7184419103711078e+23,2.004,2.004,0.0,0.0,0.0,0.0,69,4.950425889892929e+32,-0.0,0.0,0.0,0.0,0.0,0.0,0.0,0.0,0,0,0,0.0,0.0,0.0,0.0,0.0,0.0,0.0,0.0,0.0,0.0,0.0,0.0,0.0,0.0,0.0,0.0,0,-107875648.0,69,0.0,138,0.0,2.012,ERR,ERR,ERR,ERR,ERR,ERR,ERR,ERR,ERR,ERR,ERR,ERR,ERR,ERR,ERR,ERR,ERR,ERR,ERR,ERR,ERR,ERR,ERR,ERR,ERR,ERR,ERR,ERR,ERR,ERR,ERR,ERR,ERR,ERR,ERR,ERR,ERR,ERR,ERR,ERR,ERR,ERR,ERR,ERR,ERR,ERR,ERR,ERR,ERR,ERR,ERR,ERR,ERR,ERR,ERR,ERR,ERR,ERR,ERR,ERR,ERR,ERR,ERR,ERR,ERR,ERR,ERR,60.0,60.0,35,0.0,0.0,0.0,0.0,0.0,0.0,0.0,0.0,0.0,0.0,0.0,0.0,0.0,0.0,0.0,0.0,65.6,0,138,66,51,65476,0,65476,1,4,4,20529,65476,0,0,2621,60.0,0.0,0.0,0.0,0.0,0.0
2026-07-09T15:03:00,ERR,ERR,ERR,ERR,ERR,ERR,ERR,ERR,ERR,ERR,ERR,ERR,ERR,ERR,ERR,ERR,ERR,ERR,ERR,ERR,ERR,ERR,ERR,ERR,ERR,ERR,ERR,ERR,ERR,ERR,ERR,ERR,ERR,ERR,ERR,ERR,ERR,ERR,ERR,ERR,ERR,ERR,ERR,ERR,ERR,ERR,ERR,ERR,ERR,ERR,ERR,ERR,ERR,ERR,ERR,ERR,ERR,ERR,ERR,ERR,ERR,ERR,ERR,ERR,ERR,ERR,ERR,ERR,ERR,ERR,ERR,ERR,ERR,ERR,ERR,ERR,ERR,ERR,ERR,ERR,ERR,ERR,ERR,ERR,ERR,ERR,ERR,ERR,ERR,ERR,ERR,ERR,ERR,ERR,ERR,ERR,ERR,ERR,ERR,ERR,ERR,ERR,ERR,ERR,ERR,ERR,ERR,ERR,ERR,ERR,ERR,ERR,ERR,ERR,ERR,ERR,ERR,ERR,ERR,ERR,ERR,ERR,ERR,ERR,ERR,2.718425337124479e+23,0.0,-0.0,0.0,3.125866453698986e+26,-0.063,0.0,2.191019498096558e+18,0,0,4,17387,7116,0.0,100,0.0,0.0,2.718366610185338e+23,0.0,0.0,0,0,0,0,0.0,0,0,0,0,0,0,0,0,0,0,0,0,0,0,0,0,0,0,0,0,0,0,0,0,0,0,0,0,0,0,0,0,0,31,40,40,71,65476,0,300,0,0,8,21553,0.0,-107605600.0,0.0,0.0,0.0,0.0,0.0,0.0,0.0,0.0,0.0,0.0,0.0,0.0,0.0,0.0,0.0,0.0,0.0,0.0,0.0,0.0,-2.004,0.0,0.0,0.0,0.0,0.0,0.0,0.0,4889.0,0.0,6914.0,2.718425337124479e+23,2.7184419103711078e+23,2.004,2.004,0.0,0.0,0.0,0.0,69,4.950425889892929e+32,-0.0,0.0,0.0,0.0,0.0,0.0,0.0,0.0,0,0,0,0.0,0.0,0.0,0.0,0.0,0.0,0.0,0.0,0.0,0.0,0.0,0.0,0.0,0.0,0.0,0.0,0,-107875648.0,69,0.0,138,0.0,2.012,ERR,ERR,ERR,ERR,ERR,ERR,ERR,ERR,ERR,ERR,ERR,ERR,ERR,ERR,ERR,ERR,ERR,ERR,ERR,ERR,ERR,ERR,ERR,ERR,ERR,ERR,ERR,ERR,ERR,ERR,ERR,ERR,ERR,ERR,ERR,ERR,ERR,ERR,ERR,ERR,ERR,ERR,ERR,ERR,ERR,ERR,ERR,ERR,ERR,ERR,ERR,ERR,ERR,ERR,ERR,ERR,ERR,ERR,ERR,ERR,ERR,ERR,ERR,ERR,ERR,ERR,ERR,60.0,60.0,35,0.0,0.0,0.0,0.0,0.0,0.0,0.0,0.0,0.0,0.0,0.0,0.0,0.0,0.0,0.0,0.0,65.2,0,138,66,51,65476,0,65476,1,4,4,20529,65476,0,0,2621,60.0,0.0,0.0,0.0,0.0,0.0
2026-07-09T15:03:01,ERR,ERR,ERR,ERR,ERR,ERR,ERR,ERR,ERR,ERR,ERR,ERR,ERR,ERR,ERR,ERR,ERR,ERR,ERR,ERR,ERR,ERR,ERR,ERR,ERR,ERR,ERR,ERR,ERR,ERR,ERR,ERR,ERR,ERR,ERR,ERR,ERR,ERR,ERR,ERR,ERR,ERR,ERR,ERR,ERR,ERR,ERR,ERR,ERR,ERR,ERR,ERR,ERR,ERR,ERR,ERR,ERR,ERR,ERR,ERR,ERR,ERR,ERR,ERR,ERR,ERR,ERR,ERR,ERR,ERR,ERR,ERR,ERR,ERR,ERR,ERR,ERR,ERR,ERR,ERR,ERR,ERR,ERR,ERR,ERR,ERR,ERR,ERR,ERR,ERR,ERR,ERR,ERR,ERR,ERR,ERR,ERR,ERR,ERR,ERR,ERR,ERR,ERR,ERR,ERR,ERR,ERR,ERR,ERR,ERR,ERR,ERR,ERR,ERR,ERR,ERR,ERR,ERR,ERR,ERR,ERR,ERR,ERR,ERR,ERR,2.718425337124479e+23,0.0,-0.0,0.0,3.125866453698986e+26,-0.063,0.0,2.191019498096558e+18,0,0,4,17387,7116,0.0,100,0.0,0.0,2.718366610185338e+23,0.0,0.0,0,0,0,0,0.0,0,0,0,0,0,0,0,0,0,0,0,0,0,0,0,0,0,0,0,0,0,0,0,0,0,0,0,0,0,0,0,0,0,31,40,40,71,65476,0,300,0,0,8,21553,0.0,-107605600.0,0.0,0.0,0.0,0.0,0.0,0.0,0.0,0.0,0.0,0.0,0.0,0.0,0.0,0.0,0.0,0.0,0.0,0.0,0.0,0.0,-2.004,0.0,0.0,0.0,0.0,0.0,0.0,0.0,4889.0,0.0,6914.0,2.718425337124479e+23,2.7184419103711078e+23,2.004,2.004,0.0,0.0,0.0,0.0,69,4.950425889892929e+32,-0.0,0.0,0.0,0.0,0.0,0.0,0.0,0.0,0,0,0,0.0,0.0,0.0,0.0,0.0,0.0,0.0,0.0,0.0,0.0,0.0,0.0,0.0,0.0,0.0,0.0,0,-107875648.0,69,0.0,138,0.0,2.012,ERR,ERR,ERR,ERR,ERR,ERR,ERR,ERR,ERR,ERR,ERR,ERR,ERR,ERR,ERR,ERR,ERR,ERR,ERR,ERR,ERR,ERR,ERR,ERR,ERR,ERR,ERR,ERR,ERR,ERR,ERR,ERR,ERR,ERR,ERR,ERR,ERR,ERR,ERR,ERR,ERR,ERR,ERR,ERR,ERR,ERR,ERR,ERR,ERR,ERR,ERR,ERR,ERR,ERR,ERR,ERR,ERR,ERR,ERR,ERR,ERR,ERR,ERR,ERR,ERR,ERR,ERR,60.0,60.0,35,0.0,0.0,0.0,0.0,0.0,0.0,0.0,0.0,0.0,0.0,0.0,0.0,0.0,0.0,0.0,0.0,65.2,0,138,66,50,65476,0,65476,1,4,4,20529,65476,0,0,2621,60.0,0.0,0.0,0.0,0.0,0.0
2026-07-09T15:03:02,ERR,ERR,ERR,ERR,ERR,ERR,ERR,ERR,ERR,ERR,ERR,ERR,ERR,ERR,ERR,ERR,ERR,ERR,ERR,ERR,ERR,ERR,ERR,ERR,ERR,ERR,ERR,ERR,ERR,ERR,ERR,ERR,ERR,ERR,ERR,ERR,ERR,ERR,ERR,ERR,ERR,ERR,ERR,ERR,ERR,ERR,ERR,ERR,ERR,ERR,ERR,ERR,ERR,ERR,ERR,ERR,ERR,ERR,ERR,ERR,ERR,ERR,ERR,ERR,ERR,ERR,ERR,ERR,ERR,ERR,ERR,ERR,ERR,ERR,ERR,ERR,ERR,ERR,ERR,ERR,ERR,ERR,ERR,ERR,ERR,ERR,ERR,ERR,ERR,ERR,ERR,ERR,ERR,ERR,ERR,ERR,ERR,ERR,ERR,ERR,ERR,ERR,ERR,ERR,ERR,ERR,ERR,ERR,ERR,ERR,ERR,ERR,ERR,ERR,ERR,ERR,ERR,ERR,ERR,ERR,ERR,ERR,ERR,ERR,ERR,2.718425337124479e+23,0.0,-0.0,0.0,3.125866453698986e+26,-0.063,0.0,2.191019498096558e+18,0,0,4,17387,7116,0.0,100,0.0,0.0,2.718366610185338e+23,0.0,0.0,0,0,0,0,0.0,0,0,0,0,0,0,0,0,0,0,0,0,0,0,0,0,0,0,0,0,0,0,0,0,0,0,0,0,0,0,0,0,0,31,40,40,71,65476,0,300,0,0,8,21553,0.0,-107605600.0,0.0,0.0,0.0,0.0,0.0,0.0,0.0,0.0,0.0,0.0,0.0,0.0,0.0,0.0,0.0,0.0,0.0,0.0,0.0,0.0,-2.004,0.0,0.0,0.0,0.0,0.0,0.0,0.0,4889.0,0.0,6914.0,2.718425337124479e+23,2.7184419103711078e+23,2.004,2.004,0.0,0.0,0.0,0.0,69,4.950425889892929e+32,-0.0,0.0,0.0,0.0,0.0,0.0,0.0,0.0,0,0,0,0.0,0.0,0.0,0.0,0.0,0.0,0.0,0.0,0.0,0.0,0.0,0.0,0.0,0.0,0.0,0.0,0,-107875648.0,69,0.0,138,0.0,2.012,ERR,ERR,ERR,ERR,ERR,ERR,ERR,ERR,ERR,ERR,ERR,ERR,ERR,ERR,ERR,ERR,ERR,ERR,ERR,ERR,ERR,ERR,ERR,ERR,ERR,ERR,ERR,ERR,ERR,ERR,ERR,ERR,ERR,ERR,ERR,ERR,ERR,ERR,ERR,ERR,ERR,ERR,ERR,ERR,ERR,ERR,ERR,ERR,ERR,ERR,ERR,ERR,ERR,ERR,ERR,ERR,ERR,ERR,ERR,ERR,ERR,ERR,ERR,ERR,ERR,ERR,ERR,60.0,60.0,35,0.0,0.0,0.0,0.0,0.0,0.0,0.0,0.0,0.0,0.0,0.0,0.0,0.0,0.0,0.0,0.0,65.2,0,138,66,50,65476,0,65476,1,4,4,20529,65476,0,0,2621,60.0,0.0,0.0,0.0,0.0,0.0
2026-07-09T15:03:03,ERR,ERR,ERR,ERR,ERR,ERR,ERR,ERR,ERR,ERR,ERR,ERR,ERR,ERR,ERR,ERR,ERR,ERR,ERR,ERR,ERR,ERR,ERR,ERR,ERR,ERR,ERR,ERR,ERR,ERR,ERR,ERR,ERR,ERR,ERR,ERR,ERR,ERR,ERR,ERR,ERR,ERR,ERR,ERR,ERR,ERR,ERR,ERR,ERR,ERR,ERR,ERR,ERR,ERR,ERR,ERR,ERR,ERR,ERR,ERR,ERR,ERR,ERR,ERR,ERR,ERR,ERR,ERR,ERR,ERR,ERR,ERR,ERR,ERR,ERR,ERR,ERR,ERR,ERR,ERR,ERR,ERR,ERR,ERR,ERR,ERR,ERR,ERR,ERR,ERR,ERR,ERR,ERR,ERR,ERR,ERR,ERR,ERR,ERR,ERR,ERR,ERR,ERR,ERR,ERR,ERR,ERR,ERR,ERR,ERR,ERR,ERR,ERR,ERR,ERR,ERR,ERR,ERR,ERR,ERR,ERR,ERR,ERR,ERR,ERR,2.718425337124479e+23,-107615872.0,0.0,0.0,-0.0,-1.154018717336421e+36,-0.0,1.54250128919416e+18,0,0,4,17389,7116,0.0,100,0.0,0.0,0.0,0.0,0.0,0,0,0,0,0.0,0,0,0,0,0,0,0,0,0,0,0,0,0,0,0,0,0,0,0,0,0,0,0,0,0,0,0,0,0,0,0,0,0,31,40,40,71,65476,0,300,0,0,8,21553,0.0,-107605600.0,0.0,0.0,0.0,0.0,0.0,0.0,0.0,0.0,0.0,0.0,0.0,0.0,0.0,0.0,0.0,0.0,0.0,0.0,0.0,0.0,-2.004,-0.0,0.0,0.0,0.0,0.0,0.0,0.0,4848.0,-0.0,6931.0,2.718425337124479e+23,0.0,2.004,2.004,0.0,0.0,0.0,0.0,69,126841053184.0,0.0,0.0,0.0,0.0,0.0,0.0,0.0,0.0,0,0,0,0.0,0.0,0.0,0.0,0.0,0.0,0.0,0.0,0.0,0.0,0.0,0.0,0.0,0.0,0.0,0.0,0,-107875648.0,69,0.0,138,0.0,2.012,ERR,ERR,ERR,ERR,ERR,ERR,ERR,ERR,ERR,ERR,ERR,ERR,ERR,ERR,ERR,ERR,ERR,ERR,ERR,ERR,ERR,ERR,ERR,ERR,ERR,ERR,ERR,ERR,ERR,ERR,ERR,ERR,ERR,ERR,ERR,ERR,ERR,ERR,ERR,ERR,ERR,ERR,ERR,ERR,ERR,ERR,ERR,ERR,ERR,ERR,ERR,ERR,ERR,ERR,ERR,ERR,ERR,ERR,ERR,ERR,ERR,ERR,ERR,ERR,ERR,ERR,ERR,60.0,60.0,35,0.0,0.0,0.0,0.0,0.0,0.0,0.0,0.0,0.0,0.0,0.0,0.0,0.0,0.0,0.0,0.0,65.2,0,138,66,50,65476,0,65476,1,4,4,20529,65476,0,0,2621,60.0,0.0,0.0,0.0,0.0,0.0
2026-07-09T15:03:04,ERR,ERR,ERR,ERR,ERR,ERR,ERR,ERR,ERR,ERR,ERR,ERR,ERR,ERR,ERR,ERR,ERR,ERR,ERR,ERR,ERR,ERR,ERR,ERR,ERR,ERR,ERR,ERR,ERR,ERR,ERR,ERR,ERR,ERR,ERR,ERR,ERR,ERR,ERR,ERR,ERR,ERR,ERR,ERR,ERR,ERR,ERR,ERR,ERR,ERR,ERR,ERR,ERR,ERR,ERR,ERR,ERR,ERR,ERR,ERR,ERR,ERR,ERR,ERR,ERR,ERR,ERR,ERR,ERR,ERR,ERR,ERR,ERR,ERR,ERR,ERR,ERR,ERR,ERR,ERR,ERR,ERR,ERR,ERR,ERR,ERR,ERR,ERR,ERR,ERR,ERR,ERR,ERR,ERR,ERR,ERR,ERR,ERR,ERR,ERR,ERR,ERR,ERR,ERR,ERR,ERR,ERR,ERR,ERR,ERR,ERR,ERR,ERR,ERR,ERR,ERR,ERR,ERR,ERR,ERR,ERR,ERR,ERR,ERR,ERR,2.718425337124479e+23,-107615872.0,0.0,0.0,-0.0,-1.154018717336421e+36,-0.0,1.54250128919416e+18,0,0,4,17389,7116,0.0,100,0.0,0.0,0.0,0.0,0.0,0,0,0,0,0.0,0,0,0,0,0,0,0,0,0,0,0,0,0,0,0,0,0,0,0,0,0,0,0,0,0,0,0,0,0,0,0,0,0,31,40,40,71,65476,0,300,0,0,8,21553,0.0,-107605600.0,0.0,0.0,0.0,0.0,0.0,0.0,0.0,0.0,0.0,0.0,0.0,0.0,0.0,0.0,0.0,0.0,0.0,0.0,0.0,0.0,-2.004,-0.0,0.0,0.0,0.0,0.0,0.0,0.0,4848.0,-0.0,6931.0,2.718425337124479e+23,0.0,2.004,2.004,0.0,0.0,0.0,0.0,69,126841053184.0,0.0,0.0,0.0,0.0,0.0,0.0,0.0,0.0,0,0,0,0.0,0.0,0.0,0.0,0.0,0.0,0.0,0.0,0.0,0.0,0.0,0.0,0.0,0.0,0.0,0.0,0,-107875648.0,69,0.0,138,0.0,2.012,ERR,ERR,ERR,ERR,ERR,ERR,ERR,ERR,ERR,ERR,ERR,ERR,ERR,ERR,ERR,ERR,ERR,ERR,ERR,ERR,ERR,ERR,ERR,ERR,ERR,ERR,ERR,ERR,ERR,ERR,ERR,ERR,ERR,ERR,ERR,ERR,ERR,ERR,ERR,ERR,ERR,ERR,ERR,ERR,ERR,ERR,ERR,ERR,ERR,ERR,ERR,ERR,ERR,ERR,ERR,ERR,ERR,ERR,ERR,ERR,ERR,ERR,ERR,ERR,ERR,ERR,ERR,60.0,60.0,35,0.0,0.0,0.0,0.0,0.0,0.0,0.0,0.0,0.0,0.0,0.0,0.0,0.0,0.0,0.0,0.0,65.2,0,138,66,50,65476,0,65476,1,4,4,20529,65476,0,0,2621,60.0,0.0,0.0,0.0,0.0,0.0
2026-07-09T15:03:05,ERR,ERR,ERR,ERR,ERR,ERR,ERR,ERR,ERR,ERR,ERR,ERR,ERR,ERR,ERR,ERR,ERR,ERR,ERR,ERR,ERR,ERR,ERR,ERR,ERR,ERR,ERR,ERR,ERR,ERR,ERR,ERR,ERR,ERR,ERR,ERR,ERR,ERR,ERR,ERR,ERR,ERR,ERR,ERR,ERR,ERR,ERR,ERR,ERR,ERR,ERR,ERR,ERR,ERR,ERR,ERR,ERR,ERR,ERR,ERR,ERR,ERR,ERR,ERR,ERR,ERR,ERR,ERR,ERR,ERR,ERR,ERR,ERR,ERR,ERR,ERR,ERR,ERR,ERR,ERR,ERR,ERR,ERR,ERR,ERR,ERR,ERR,ERR,ERR,ERR,ERR,ERR,ERR,ERR,ERR,ERR,ERR,ERR,ERR,ERR,ERR,ERR,ERR,ERR,ERR,ERR,ERR,ERR,ERR,ERR,ERR,ERR,ERR,ERR,ERR,ERR,ERR,ERR,ERR,ERR,ERR,ERR,ERR,ERR,ERR,2.718425337124479e+23,-107615872.0,0.0,0.0,-0.0,-1.154018717336421e+36,-0.0,1.54250128919416e+18,0,0,4,17389,7116,0.0,100,0.0,0.0,0.0,0.0,0.0,0,0,0,0,0.0,0,0,0,0,0,0,0,0,0,0,0,0,0,0,0,0,0,0,0,0,0,0,0,0,0,0,0,0,0,0,0,0,0,31,40,40,71,65476,0,300,0,0,8,21553,0.0,-107605600.0,0.0,0.0,0.0,0.0,0.0,0.0,0.0,0.0,0.0,0.0,0.0,0.0,0.0,0.0,0.0,0.0,0.0,0.0,0.0,0.0,-2.004,-0.0,0.0,0.0,0.0,0.0,0.0,0.0,4848.0,-0.0,6931.0,2.718425337124479e+23,0.0,2.004,2.004,0.0,0.0,0.0,0.0,69,126841053184.0,0.0,0.0,0.0,0.0,0.0,0.0,0.0,0.0,0,0,0,0.0,0.0,0.0,0.0,0.0,0.0,0.0,0.0,0.0,0.0,0.0,0.0,0.0,0.0,0.0,0.0,0,-107875648.0,69,0.0,138,0.0,2.012,ERR,ERR,ERR,ERR,ERR,ERR,ERR,ERR,ERR,ERR,ERR,ERR,ERR,ERR,ERR,ERR,ERR,ERR,ERR,ERR,ERR,ERR,ERR,ERR,ERR,ERR,ERR,ERR,ERR,ERR,ERR,ERR,ERR,ERR,ERR,ERR,ERR,ERR,ERR,ERR,ERR,ERR,ERR,ERR,ERR,ERR,ERR,ERR,ERR,ERR,ERR,ERR,ERR,ERR,ERR,ERR,ERR,ERR,ERR,ERR,ERR,ERR,ERR,ERR,ERR,ERR,ERR,60.0,60.0,35,0.0,0.0,0.0,0.0,0.0,0.0,0.0,0.0,0.0,0.0,0.0,0.0,0.0,0.0,0.0,0.0,65.2,0,138,66,50,65476,0,65476,1,4,4,20529,65476,0,0,2621,60.0,0.0,0.0,0.0,0.0,0.0
2026-07-09T15:03:06,ERR,ERR,ERR,ERR,ERR,ERR,ERR,ERR,ERR,ERR,ERR,ERR,ERR,ERR,ERR,ERR,ERR,ERR,ERR,ERR,ERR,ERR,ERR,ERR,ERR,ERR,ERR,ERR,ERR,ERR,ERR,ERR,ERR,ERR,ERR,ERR,ERR,ERR,ERR,ERR,ERR,ERR,ERR,ERR,ERR,ERR,ERR,ERR,ERR,ERR,ERR,ERR,ERR,ERR,ERR,ERR,ERR,ERR,ERR,ERR,ERR,ERR,ERR,ERR,ERR,ERR,ERR,ERR,ERR,ERR,ERR,ERR,ERR,ERR,ERR,ERR,ERR,ERR,ERR,ERR,ERR,ERR,ERR,ERR,ERR,ERR,ERR,ERR,ERR,ERR,ERR,ERR,ERR,ERR,ERR,ERR,ERR,ERR,ERR,ERR,ERR,ERR,ERR,ERR,ERR,ERR,ERR,ERR,ERR,ERR,ERR,ERR,ERR,ERR,ERR,ERR,ERR,ERR,ERR,ERR,ERR,ERR,ERR,ERR,ERR,2.718425337124479e+23,-107615872.0,0.0,0.0,-0.0,-1.154018717336421e+36,-0.0,1.54250128919416e+18,0,0,4,17389,7116,0.0,100,0.0,0.0,0.0,0.0,0.0,0,0,0,0,0.0,0,0,0,0,0,0,0,0,0,0,0,0,0,0,0,0,0,0,0,0,0,0,0,0,0,0,0,0,0,0,0,0,0,31,40,40,71,65476,0,300,0,0,8,21553,0.0,-107605600.0,0.0,0.0,0.0,0.0,0.0,0.0,0.0,0.0,0.0,0.0,0.0,0.0,0.0,0.0,0.0,0.0,0.0,0.0,0.0,0.0,-2.004,-0.0,0.0,0.0,0.0,0.0,0.0,0.0,4848.0,-0.0,6931.0,2.718425337124479e+23,0.0,2.004,2.004,0.0,0.0,0.0,0.0,69,126841053184.0,0.0,0.0,0.0,0.0,0.0,0.0,0.0,0.0,0,0,0,0.0,0.0,0.0,0.0,0.0,0.0,0.0,0.0,0.0,0.0,0.0,0.0,0.0,0.0,0.0,0.0,0,-107875648.0,69,0.0,138,0.0,2.012,ERR,ERR,ERR,ERR,ERR,ERR,ERR,ERR,ERR,ERR,ERR,ERR,ERR,ERR,ERR,ERR,ERR,ERR,ERR,ERR,ERR,ERR,ERR,ERR,ERR,ERR,ERR,ERR,ERR,ERR,ERR,ERR,ERR,ERR,ERR,ERR,ERR,ERR,ERR,ERR,ERR,ERR,ERR,ERR,ERR,ERR,ERR,ERR,ERR,ERR,ERR,ERR,ERR,ERR,ERR,ERR,ERR,ERR,ERR,ERR,ERR,ERR,ERR,ERR,ERR,ERR,ERR,60.0,60.0,35,0.0,0.0,0.0,0.0,0.0,0.0,0.0,0.0,0.0,0.0,0.0,0.0,0.0,0.0,0.0,0.0,65.2,0,138,66,50,65476,0,65476,1,4,4,20529,65476,0,0,2621,60.0,0.0,0.0,0.0,0.0,0.0
2026-07-09T15:03:07,ERR,ERR,ERR,ERR,ERR,ERR,ERR,ERR,ERR,ERR,ERR,ERR,ERR,ERR,ERR,ERR,ERR,ERR,ERR,ERR,ERR,ERR,ERR,ERR,ERR,ERR,ERR,ERR,ERR,ERR,ERR,ERR,ERR,ERR,ERR,ERR,ERR,ERR,ERR,ERR,ERR,ERR,ERR,ERR,ERR,ERR,ERR,ERR,ERR,ERR,ERR,ERR,ERR,ERR,ERR,ERR,ERR,ERR,ERR,ERR,ERR,ERR,ERR,ERR,ERR,ERR,ERR,ERR,ERR,ERR,ERR,ERR,ERR,ERR,ERR,ERR,ERR,ERR,ERR,ERR,ERR,ERR,ERR,ERR,ERR,ERR,ERR,ERR,ERR,ERR,ERR,ERR,ERR,ERR,ERR,ERR,ERR,ERR,ERR,ERR,ERR,ERR,ERR,ERR,ERR,ERR,ERR,ERR,ERR,ERR,ERR,ERR,ERR,ERR,ERR,ERR,ERR,ERR,ERR,ERR,ERR,ERR,ERR,ERR,ERR,2.718425337124479e+23,-107615872.0,0.0,0.0,-0.0,-1.154018717336421e+36,-0.0,1.54250128919416e+18,0,0,4,17389,7116,0.0,100,0.0,0.0,0.0,0.0,0.0,0,0,0,0,0.0,0,0,0,0,0,0,0,0,0,0,0,0,0,0,0,0,0,0,0,0,0,0,0,0,0,0,0,0,0,0,0,0,0,31,40,40,71,65476,0,300,0,0,8,21553,0.0,-107605600.0,0.0,0.0,0.0,0.0,0.0,0.0,0.0,0.0,0.0,0.0,0.0,0.0,0.0,0.0,0.0,0.0,0.0,0.0,0.0,0.0,-2.004,-0.0,0.0,0.0,0.0,0.0,0.0,0.0,4848.0,-0.0,6931.0,2.718425337124479e+23,0.0,2.004,2.004,0.0,0.0,0.0,0.0,69,126841053184.0,0.0,0.0,0.0,0.0,0.0,0.0,0.0,0.0,0,0,0,0.0,0.0,0.0,0.0,0.0,0.0,0.0,0.0,0.0,0.0,0.0,0.0,0.0,0.0,0.0,0.0,0,-107875648.0,69,0.0,138,0.0,2.012,ERR,ERR,ERR,ERR,ERR,ERR,ERR,ERR,ERR,ERR,ERR,ERR,ERR,ERR,ERR,ERR,ERR,ERR,ERR,ERR,ERR,ERR,ERR,ERR,ERR,ERR,ERR,ERR,ERR,ERR,ERR,ERR,ERR,ERR,ERR,ERR,ERR,ERR,ERR,ERR,ERR,ERR,ERR,ERR,ERR,ERR,ERR,ERR,ERR,ERR,ERR,ERR,ERR,ERR,ERR,ERR,ERR,ERR,ERR,ERR,ERR,ERR,ERR,ERR,ERR,ERR,ERR,60.0,60.0,35,0.0,0.0,0.0,0.0,0.0,0.0,0.0,0.0,0.0,0.0,0.0,0.0,0.0,0.0,0.0,0.0,65.2,0,138,66,50,65476,0,65476,1,4,4,20529,65476,0,0,2621,60.0,0.0,0.0,0.0,0.0,0.0
2026-07-09T15:03:08,ERR,ERR,ERR,ERR,ERR,ERR,ERR,ERR,ERR,ERR,ERR,ERR,ERR,ERR,ERR,ERR,ERR,ERR,ERR,ERR,ERR,ERR,ERR,ERR,ERR,ERR,ERR,ERR,ERR,ERR,ERR,ERR,ERR,ERR,ERR,ERR,ERR,ERR,ERR,ERR,ERR,ERR,ERR,ERR,ERR,ERR,ERR,ERR,ERR,ERR,ERR,ERR,ERR,ERR,ERR,ERR,ERR,ERR,ERR,ERR,ERR,ERR,ERR,ERR,ERR,ERR,ERR,ERR,ERR,ERR,ERR,ERR,ERR,ERR,ERR,ERR,ERR,ERR,ERR,ERR,ERR,ERR,ERR,ERR,ERR,ERR,ERR,ERR,ERR,ERR,ERR,ERR,ERR,ERR,ERR,ERR,ERR,ERR,ERR,ERR,ERR,ERR,ERR,ERR,ERR,ERR,ERR,ERR,ERR,ERR,ERR,ERR,ERR,ERR,ERR,ERR,ERR,ERR,ERR,ERR,ERR,ERR,ERR,ERR,ERR,2.718425337124479e+23,2.718442090515093e+23,2.7184127270455224e+23,0.0,0.0,0.0,-0.0,549.008,0,0,4,17392,7116,0.0,100,0.0,0.0,0.0,0.0,0.0,0,0,0,0,0.0,0,0,0,0,0,0,0,0,0,0,0,0,0,0,0,0,0,0,0,0,0,0,0,0,0,0,0,0,0,0,0,0,0,31,40,40,71,65476,0,300,0,0,8,21553,0.0,-107605600.0,0.0,0.0,0.0,0.0,0.0,0.0,0.0,0.0,0.0,0.0,0.0,0.0,0.0,0.0,0.0,0.0,0.0,0.0,0.0,0.0,0.0,0.0,0.0,0.0,0.0,0.0,0.0,0.0,4838.0,8608177152.0,6922.0,-107615136.0,-0.0,2.004,2.004,0.0,0.0,0.0,0.0,69,0.0,-0.0,0.0,0.0,0.0,0.0,0.0,0.0,0.0,0,0,0,0.0,0.0,0.0,0.0,0.0,0.0,0.0,0.0,0.0,0.0,0.0,0.0,0.0,0.0,0.0,0.0,0,-107875648.0,69,0.0,138,0.0,2.012,ERR,ERR,ERR,ERR,ERR,ERR,ERR,ERR,ERR,ERR,ERR,ERR,ERR,ERR,ERR,ERR,ERR,ERR,ERR,ERR,ERR,ERR,ERR,ERR,ERR,ERR,ERR,ERR,ERR,ERR,ERR,ERR,ERR,ERR,ERR,ERR,ERR,ERR,ERR,ERR,ERR,ERR,ERR,ERR,ERR,ERR,ERR,ERR,ERR,ERR,ERR,ERR,ERR,ERR,ERR,ERR,ERR,ERR,ERR,ERR,ERR,ERR,ERR,ERR,ERR,ERR,ERR,60.0,60.0,35,0.0,0.0,0.0,0.0,0.0,0.0,0.0,0.0,0.0,0.0,0.0,0.0,0.0,0.0,0.0,0.0,65.6,0,137,66,50,65476,0,65476,1,4,4,20529,65476,0,0,2621,60.0,0.0,0.0,0.0,0.0,0.0
2026-07-09T15:03:09,ERR,ERR,ERR,ERR,ERR,ERR,ERR,ERR,ERR,ERR,ERR,ERR,ERR,ERR,ERR,ERR,ERR,ERR,ERR,ERR,ERR,ERR,ERR,ERR,ERR,ERR,ERR,ERR,ERR,ERR,ERR,ERR,ERR,ERR,ERR,ERR,ERR,ERR,ERR,ERR,ERR,ERR,ERR,ERR,ERR,ERR,ERR,ERR,ERR,ERR,ERR,ERR,ERR,ERR,ERR,ERR,ERR,ERR,ERR,ERR,ERR,ERR,ERR,ERR,ERR,ERR,ERR,ERR,ERR,ERR,ERR,ERR,ERR,ERR,ERR,ERR,ERR,ERR,ERR,ERR,ERR,ERR,ERR,ERR,ERR,ERR,ERR,ERR,ERR,ERR,ERR,ERR,ERR,ERR,ERR,ERR,ERR,ERR,ERR,ERR,ERR,ERR,ERR,ERR,ERR,ERR,ERR,ERR,ERR,ERR,ERR,ERR,ERR,ERR,ERR,ERR,ERR,ERR,ERR,ERR,ERR,ERR,ERR,ERR,ERR,2.718425337124479e+23,2.718442090515093e+23,2.7184127270455224e+23,0.0,0.0,0.0,-0.0,549.008,0,0,4,17392,7116,0.0,100,0.0,0.0,0.0,0.0,0.0,0,0,0,0,0.0,0,0,0,0,0,0,0,0,0,0,0,0,0,0,0,0,0,0,0,0,0,0,0,0,0,0,0,0,0,0,0,0,0,31,40,40,71,65476,0,300,0,0,8,21553,0.0,-107605600.0,0.0,0.0,0.0,0.0,0.0,0.0,0.0,0.0,0.0,0.0,0.0,0.0,0.0,0.0,0.0,0.0,0.0,0.0,0.0,0.0,0.0,0.0,0.0,0.0,0.0,0.0,0.0,0.0,4838.0,8608177152.0,6922.0,-107615136.0,-0.0,2.004,2.004,0.0,0.0,0.0,0.0,69,0.0,-0.0,0.0,0.0,0.0,0.0,0.0,0.0,0.0,0,0,0,0.0,0.0,0.0,0.0,0.0,0.0,0.0,0.0,0.0,0.0,0.0,0.0,0.0,0.0,0.0,0.0,0,-107875648.0,69,0.0,138,0.0,2.012,ERR,ERR,ERR,ERR,ERR,ERR,ERR,ERR,ERR,ERR,ERR,ERR,ERR,ERR,ERR,ERR,ERR,ERR,ERR,ERR,ERR,ERR,ERR,ERR,ERR,ERR,ERR,ERR,ERR,ERR,ERR,ERR,ERR,ERR,ERR,ERR,ERR,ERR,ERR,ERR,ERR,ERR,ERR,ERR,ERR,ERR,ERR,ERR,ERR,ERR,ERR,ERR,ERR,ERR,ERR,ERR,ERR,ERR,ERR,ERR,ERR,ERR,ERR,ERR,ERR,ERR,ERR,60.0,60.0,35,0.0,0.0,0.0,0.0,0.0,0.0,0.0,0.0,0.0,0.0,0.0,0.0,0.0,0.0,0.0,0.0,65.6,0,137,66,50,65476,0,65476,1,4,4,20529,65476,0,0,2621,60.0,0.0,0.0,0.0,0.0,0.0
2026-07-09T15:03:10,ERR,ERR,ERR,ERR,ERR,ERR,ERR,ERR,ERR,ERR,ERR,ERR,ERR,ERR,ERR,ERR,ERR,ERR,ERR,ERR,ERR,ERR,ERR,ERR,ERR,ERR,ERR,ERR,ERR,ERR,ERR,ERR,ERR,ERR,ERR,ERR,ERR,ERR,ERR,ERR,ERR,ERR,ERR,ERR,ERR,ERR,ERR,ERR,ERR,ERR,ERR,ERR,ERR,ERR,ERR,ERR,ERR,ERR,ERR,ERR,ERR,ERR,ERR,ERR,ERR,ERR,ERR,ERR,ERR,ERR,ERR,ERR,ERR,ERR,ERR,ERR,ERR,ERR,ERR,ERR,ERR,ERR,ERR,ERR,ERR,ERR,ERR,ERR,ERR,ERR,ERR,ERR,ERR,ERR,ERR,ERR,ERR,ERR,ERR,ERR,ERR,ERR,ERR,ERR,ERR,ERR,ERR,ERR,ERR,ERR,ERR,ERR,ERR,ERR,ERR,ERR,ERR,ERR,ERR,ERR,ERR,ERR,ERR,ERR,ERR,2.718425337124479e+23,2.718442090515093e+23,2.7184127270455224e+23,0.0,0.0,0.0,-0.0,549.008,0,0,4,17392,7116,0.0,100,0.0,0.0,0.0,0.0,0.0,0,0,0,0,0.0,0,0,0,0,0,0,0,0,0,0,0,0,0,0,0,0,0,0,0,0,0,0,0,0,0,0,0,0,0,0,0,0,0,31,40,40,71,65476,0,300,0,0,8,21553,0.0,-107605600.0,0.0,0.0,0.0,0.0,0.0,0.0,0.0,0.0,0.0,0.0,0.0,0.0,0.0,0.0,0.0,0.0,0.0,0.0,0.0,0.0,0.0,0.0,0.0,0.0,0.0,0.0,0.0,0.0,4838.0,8608177152.0,6922.0,-107615136.0,-0.0,2.004,2.004,0.0,0.0,0.0,0.0,69,0.0,-0.0,0.0,0.0,0.0,0.0,0.0,0.0,0.0,0,0,0,0.0,0.0,0.0,0.0,0.0,0.0,0.0,0.0,0.0,0.0,0.0,0.0,0.0,0.0,0.0,0.0,0,-107875648.0,69,0.0,138,0.0,2.012,ERR,ERR,ERR,ERR,ERR,ERR,ERR,ERR,ERR,ERR,ERR,ERR,ERR,ERR,ERR,ERR,ERR,ERR,ERR,ERR,ERR,ERR,ERR,ERR,ERR,ERR,ERR,ERR,ERR,ERR,ERR,ERR,ERR,ERR,ERR,ERR,ERR,ERR,ERR,ERR,ERR,ERR,ERR,ERR,ERR,ERR,ERR,ERR,ERR,ERR,ERR,ERR,ERR,ERR,ERR,ERR,ERR,ERR,ERR,ERR,ERR,ERR,ERR,ERR,ERR,ERR,ERR,60.0,60.0,35,0.0,0.0,0.0,0.0,0.0,0.0,0.0,0.0,0.0,0.0,0.0,0.0,0.0,0.0,0.0,0.0,65.2,0,137,66,50,65476,0,65476,1,4,4,20529,65476,0,0,2621,60.0,0.0,0.0,0.0,0.0,0.0
2026-07-09T15:03:11,ERR,ERR,ERR,ERR,ERR,ERR,ERR,ERR,ERR,ERR,ERR,ERR,ERR,ERR,ERR,ERR,ERR,ERR,ERR,ERR,ERR,ERR,ERR,ERR,ERR,ERR,ERR,ERR,ERR,ERR,ERR,ERR,ERR,ERR,ERR,ERR,ERR,ERR,ERR,ERR,ERR,ERR,ERR,ERR,ERR,ERR,ERR,ERR,ERR,ERR,ERR,ERR,ERR,ERR,ERR,ERR,ERR,ERR,ERR,ERR,ERR,ERR,ERR,ERR,ERR,ERR,ERR,ERR,ERR,ERR,ERR,ERR,ERR,ERR,ERR,ERR,ERR,ERR,ERR,ERR,ERR,ERR,ERR,ERR,ERR,ERR,ERR,ERR,ERR,ERR,ERR,ERR,ERR,ERR,ERR,ERR,ERR,ERR,ERR,ERR,ERR,ERR,ERR,ERR,ERR,ERR,ERR,ERR,ERR,ERR,ERR,ERR,ERR,ERR,ERR,ERR,ERR,ERR,ERR,ERR,ERR,ERR,ERR,ERR,ERR,2.718425337124479e+23,2.718442090515093e+23,2.7184127270455224e+23,0.0,0.0,0.0,-0.0,549.008,0,0,4,17392,7116,0.0,100,0.0,0.0,0.0,0.0,0.0,0,0,0,0,0.0,0,0,0,0,0,0,0,0,0,0,0,0,0,0,0,0,0,0,0,0,0,0,0,0,0,0,0,0,0,0,0,0,0,31,40,40,71,65476,0,300,0,0,8,21553,0.0,-107605600.0,0.0,0.0,0.0,0.0,0.0,0.0,0.0,0.0,0.0,0.0,0.0,0.0,0.0,0.0,0.0,0.0,0.0,0.0,0.0,0.0,0.0,0.0,0.0,0.0,0.0,0.0,0.0,0.0,4838.0,8608177152.0,6922.0,-107615136.0,-0.0,2.004,2.004,0.0,0.0,0.0,0.0,69,0.0,-0.0,0.0,0.0,0.0,0.0,0.0,0.0,0.0,0,0,0,0.0,0.0,0.0,0.0,0.0,0.0,0.0,0.0,0.0,0.0,0.0,0.0,0.0,0.0,0.0,0.0,0,-107875648.0,69,0.0,138,0.0,2.012,ERR,ERR,ERR,ERR,ERR,ERR,ERR,ERR,ERR,ERR,ERR,ERR,ERR,ERR,ERR,ERR,ERR,ERR,ERR,ERR,ERR,ERR,ERR,ERR,ERR,ERR,ERR,ERR,ERR,ERR,ERR,ERR,ERR,ERR,ERR,ERR,ERR,ERR,ERR,ERR,ERR,ERR,ERR,ERR,ERR,ERR,ERR,ERR,ERR,ERR,ERR,ERR,ERR,ERR,ERR,ERR,ERR,ERR,ERR,ERR,ERR,ERR,ERR,ERR,ERR,ERR,ERR,60.0,60.0,35,0.0,0.0,0.0,0.0,0.0,0.0,0.0,0.0,0.0,0.0,0.0,0.0,0.0,0.0,0.0,0.0,65.2,0,137,66,50,65476,0,65476,1,4,4,20529,65476,0,0,2621,60.0,0.0,0.0,0.0,0.0,0.0
2026-07-09T15:03:12,ERR,ERR,ERR,ERR,ERR,ERR,ERR,ERR,ERR,ERR,ERR,ERR,ERR,ERR,ERR,ERR,ERR,ERR,ERR,ERR,ERR,ERR,ERR,ERR,ERR,ERR,ERR,ERR,ERR,ERR,ERR,ERR,ERR,ERR,ERR,ERR,ERR,ERR,ERR,ERR,ERR,ERR,ERR,ERR,ERR,ERR,ERR,ERR,ERR,ERR,ERR,ERR,ERR,ERR,ERR,ERR,ERR,ERR,ERR,ERR,ERR,ERR,ERR,ERR,ERR,ERR,ERR,ERR,ERR,ERR,ERR,ERR,ERR,ERR,ERR,ERR,ERR,ERR,ERR,ERR,ERR,ERR,ERR,ERR,ERR,ERR,ERR,ERR,ERR,ERR,ERR,ERR,ERR,ERR,ERR,ERR,ERR,ERR,ERR,ERR,ERR,ERR,ERR,ERR,ERR,ERR,ERR,ERR,ERR,ERR,ERR,ERR,ERR,ERR,ERR,ERR,ERR,ERR,ERR,ERR,ERR,ERR,ERR,ERR,ERR,2.718425337124479e+23,2.718442090515093e+23,2.7184127270455224e+23,0.0,0.0,0.0,-0.0,549.008,0,0,4,17392,7116,0.0,100,0.0,0.0,0.0,0.0,0.0,0,0,0,0,0.0,0,0,0,0,0,0,0,0,0,0,0,0,0,0,0,0,0,0,0,0,0,0,0,0,0,0,0,0,0,0,0,0,0,31,40,40,71,65476,0,300,0,0,8,21553,0.0,-107605600.0,0.0,0.0,0.0,0.0,0.0,0.0,0.0,0.0,0.0,0.0,0.0,0.0,0.0,0.0,0.0,0.0,0.0,0.0,0.0,0.0,0.0,0.0,0.0,0.0,0.0,0.0,0.0,0.0,4838.0,8608177152.0,6922.0,-107615136.0,-0.0,2.004,2.004,0.0,0.0,0.0,0.0,69,0.0,-0.0,0.0,0.0,0.0,0.0,0.0,0.0,0.0,0,0,0,0.0,0.0,0.0,0.0,0.0,0.0,0.0,0.0,0.0,0.0,0.0,0.0,0.0,0.0,0.0,0.0,0,-107875648.0,69,0.0,138,0.0,2.012,ERR,ERR,ERR,ERR,ERR,ERR,ERR,ERR,ERR,ERR,ERR,ERR,ERR,ERR,ERR,ERR,ERR,ERR,ERR,ERR,ERR,ERR,ERR,ERR,ERR,ERR,ERR,ERR,ERR,ERR,ERR,ERR,ERR,ERR,ERR,ERR,ERR,ERR,ERR,ERR,ERR,ERR,ERR,ERR,ERR,ERR,ERR,ERR,ERR,ERR,ERR,ERR,ERR,ERR,ERR,ERR,ERR,ERR,ERR,ERR,ERR,ERR,ERR,ERR,ERR,ERR,ERR,60.0,60.0,35,0.0,0.0,0.0,0.0,0.0,0.0,0.0,0.0,0.0,0.0,0.0,0.0,0.0,0.0,0.0,0.0,65.2,0,137,66,50,65476,0,65476,1,4,4,20529,65476,0,0,2621,60.0,0.0,0.0,0.0,0.0,0.0
2026-07-09T15:03:13,ERR,ERR,ERR,ERR,ERR,ERR,ERR,ERR,ERR,ERR,ERR,ERR,ERR,ERR,ERR,ERR,ERR,ERR,ERR,ERR,ERR,ERR,ERR,ERR,ERR,ERR,ERR,ERR,ERR,ERR,ERR,ERR,ERR,ERR,ERR,ERR,ERR,ERR,ERR,ERR,ERR,ERR,ERR,ERR,ERR,ERR,ERR,ERR,ERR,ERR,ERR,ERR,ERR,ERR,ERR,ERR,ERR,ERR,ERR,ERR,ERR,ERR,ERR,ERR,ERR,ERR,ERR,ERR,ERR,ERR,ERR,ERR,ERR,ERR,ERR,ERR,ERR,ERR,ERR,ERR,ERR,ERR,ERR,ERR,ERR,ERR,ERR,ERR,ERR,ERR,ERR,ERR,ERR,ERR,ERR,ERR,ERR,ERR,ERR,ERR,ERR,ERR,ERR,ERR,ERR,ERR,ERR,ERR,ERR,ERR,ERR,ERR,ERR,ERR,ERR,ERR,ERR,ERR,ERR,ERR,ERR,ERR,ERR,ERR,ERR,-107615136.0,-107615880.0,-107614576.0,0.0,-0.0,-8195868672.0,977.115,-98945.055,0,0,4,17393,7116,0.0,100,0.0,0.0,0.0,0.0,0.0,0,0,0,0,0.0,0,0,0,0,0,0,0,0,0,0,0,0,0,0,0,0,0,0,0,0,0,0,0,0,0,0,0,0,0,0,0,0,0,31,40,40,71,65476,0,300,0,0,8,21553,0.0,-107605600.0,0.0,0.0,0.0,0.0,0.0,0.0,0.0,0.0,0.0,0.0,0.0,0.0,0.0,0.0,0.0,0.0,0.0,0.0,0.0,0.0,0.0,2.004,0.0,0.0,0.0,0.0,0.0,0.0,4825.0,-2.422986175150025e+24,6941.0,-107615136.0,0.0,2.004,2.004,0.0,0.0,0.0,0.0,69,-3.222025641206419e+26,0.0,0.0,0.0,0.0,0.0,0.0,0.0,0.0,0,0,0,0.0,0.0,0.0,0.0,0.0,0.0,0.0,0.0,0.0,0.0,0.0,0.0,0.0,0.0,0.0,0.0,0,-107875648.0,69,0.0,138,0.0,2.012,ERR,ERR,ERR,ERR,ERR,ERR,ERR,ERR,ERR,ERR,ERR,ERR,ERR,ERR,ERR,ERR,ERR,ERR,ERR,ERR,ERR,ERR,ERR,ERR,ERR,ERR,ERR,ERR,ERR,ERR,ERR,ERR,ERR,ERR,ERR,ERR,ERR,ERR,ERR,ERR,ERR,ERR,ERR,ERR,ERR,ERR,ERR,ERR,ERR,ERR,ERR,ERR,ERR,ERR,ERR,ERR,ERR,ERR,ERR,ERR,ERR,ERR,ERR,ERR,ERR,ERR,ERR,60.0,60.0,35,0.0,0.0,0.0,0.0,0.0,0.0,0.0,0.0,0.0,0.0,0.0,0.0,0.0,0.0,0.0,0.0,65.6,0,137,66,50,65476,0,65476,1,4,4,20529,65476,0,0,2621,60.0,0.0,0.0,0.0,0.0,0.0
2026-07-09T15:03:14,ERR,ERR,ERR,ERR,ERR,ERR,ERR,ERR,ERR,ERR,ERR,ERR,ERR,ERR,ERR,ERR,ERR,ERR,ERR,ERR,ERR,ERR,ERR,ERR,ERR,ERR,ERR,ERR,ERR,ERR,ERR,ERR,ERR,ERR,ERR,ERR,ERR,ERR,ERR,ERR,ERR,ERR,ERR,ERR,ERR,ERR,ERR,ERR,ERR,ERR,ERR,ERR,ERR,ERR,ERR,ERR,ERR,ERR,ERR,ERR,ERR,ERR,ERR,ERR,ERR,ERR,ERR,ERR,ERR,ERR,ERR,ERR,ERR,ERR,ERR,ERR,ERR,ERR,ERR,ERR,ERR,ERR,ERR,ERR,ERR,ERR,ERR,ERR,ERR,ERR,ERR,ERR,ERR,ERR,ERR,ERR,ERR,ERR,ERR,ERR,ERR,ERR,ERR,ERR,ERR,ERR,ERR,ERR,ERR,ERR,ERR,ERR,ERR,ERR,ERR,ERR,ERR,ERR,ERR,ERR,ERR,ERR,ERR,ERR,ERR,-107615136.0,-107615880.0,-107614576.0,0.0,-0.0,-8195868672.0,977.115,-98945.055,0,0,4,17393,7116,0.0,100,0.0,0.0,0.0,0.0,0.0,0,0,0,0,0.0,0,0,0,0,0,0,0,0,0,0,0,0,0,0,0,0,0,0,0,0,0,0,0,0,0,0,0,0,0,0,0,0,0,31,40,40,71,65476,0,300,0,0,8,21553,0.0,-107605600.0,0.0,0.0,0.0,0.0,0.0,0.0,0.0,0.0,0.0,0.0,0.0,0.0,0.0,0.0,0.0,0.0,0.0,0.0,0.0,0.0,0.0,2.004,0.0,0.0,0.0,0.0,0.0,0.0,4825.0,-2.422986175150025e+24,6941.0,-107615136.0,0.0,2.004,2.004,0.0,0.0,0.0,0.0,69,-3.222025641206419e+26,0.0,0.0,0.0,0.0,0.0,0.0,0.0,0.0,0,0,0,0.0,0.0,0.0,0.0,0.0,0.0,0.0,0.0,0.0,0.0,0.0,0.0,0.0,0.0,0.0,0.0,0,-107875648.0,69,0.0,138,0.0,2.012,ERR,ERR,ERR,ERR,ERR,ERR,ERR,ERR,ERR,ERR,ERR,ERR,ERR,ERR,ERR,ERR,ERR,ERR,ERR,ERR,ERR,ERR,ERR,ERR,ERR,ERR,ERR,ERR,ERR,ERR,ERR,ERR,ERR,ERR,ERR,ERR,ERR,ERR,ERR,ERR,ERR,ERR,ERR,ERR,ERR,ERR,ERR,ERR,ERR,ERR,ERR,ERR,ERR,ERR,ERR,ERR,ERR,ERR,ERR,ERR,ERR,ERR,ERR,ERR,ERR,ERR,ERR,60.0,60.0,35,0.0,0.0,0.0,0.0,0.0,0.0,0.0,0.0,0.0,0.0,0.0,0.0,0.0,0.0,0.0,0.0,65.6,0,137,66,50,65476,0,65476,1,4,4,20529,65476,0,0,2621,60.0,0.0,0.0,0.0,0.0,0.0
2026-07-09T15:03:15,ERR,ERR,ERR,ERR,ERR,ERR,ERR,ERR,ERR,ERR,ERR,ERR,ERR,ERR,ERR,ERR,ERR,ERR,ERR,ERR,ERR,ERR,ERR,ERR,ERR,ERR,ERR,ERR,ERR,ERR,ERR,ERR,ERR,ERR,ERR,ERR,ERR,ERR,ERR,ERR,ERR,ERR,ERR,ERR,ERR,ERR,ERR,ERR,ERR,ERR,ERR,ERR,ERR,ERR,ERR,ERR,ERR,ERR,ERR,ERR,ERR,ERR,ERR,ERR,ERR,ERR,ERR,ERR,ERR,ERR,ERR,ERR,ERR,ERR,ERR,ERR,ERR,ERR,ERR,ERR,ERR,ERR,ERR,ERR,ERR,ERR,ERR,ERR,ERR,ERR,ERR,ERR,ERR,ERR,ERR,ERR,ERR,ERR,ERR,ERR,ERR,ERR,ERR,ERR,ERR,ERR,ERR,ERR,ERR,ERR,ERR,ERR,ERR,ERR,ERR,ERR,ERR,ERR,ERR,ERR,ERR,ERR,ERR,ERR,ERR,-107615136.0,-107615880.0,-107614576.0,0.0,-0.0,-8195868672.0,977.115,-98945.055,0,0,4,17393,7116,0.0,100,0.0,0.0,0.0,0.0,0.0,0,0,0,0,0.0,0,0,0,0,0,0,0,0,0,0,0,0,0,0,0,0,0,0,0,0,0,0,0,0,0,0,0,0,0,0,0,0,0,31,40,40,71,65476,0,300,0,0,8,21553,0.0,-107605600.0,0.0,0.0,0.0,0.0,0.0,0.0,0.0,0.0,0.0,0.0,0.0,0.0,0.0,0.0,0.0,0.0,0.0,0.0,0.0,0.0,0.0,2.004,0.0,0.0,0.0,0.0,0.0,0.0,4825.0,-2.422986175150025e+24,6941.0,-107615136.0,0.0,2.004,2.004,0.0,0.0,0.0,0.0,69,-3.222025641206419e+26,0.0,0.0,0.0,0.0,0.0,0.0,0.0,0.0,0,0,0,0.0,0.0,0.0,0.0,0.0,0.0,0.0,0.0,0.0,0.0,0.0,0.0,0.0,0.0,0.0,0.0,0,-107875648.0,69,0.0,138,0.0,2.012,ERR,ERR,ERR,ERR,ERR,ERR,ERR,ERR,ERR,ERR,ERR,ERR,ERR,ERR,ERR,ERR,ERR,ERR,ERR,ERR,ERR,ERR,ERR,ERR,ERR,ERR,ERR,ERR,ERR,ERR,ERR,ERR,ERR,ERR,ERR,ERR,ERR,ERR,ERR,ERR,ERR,ERR,ERR,ERR,ERR,ERR,ERR,ERR,ERR,ERR,ERR,ERR,ERR,ERR,ERR,ERR,ERR,ERR,ERR,ERR,ERR,ERR,ERR,ERR,ERR,ERR,ERR,60.0,60.0,35,0.0,0.0,0.0,0.0,0.0,0.0,0.0,0.0,0.0,0.0,0.0,0.0,0.0,0.0,0.0,0.0,65.6,0,137,66,50,65476,0,65476,1,4,4,20529,65476,0,0,2621,60.0,0.0,0.0,0.0,0.0,0.0
2026-07-09T15:03:16,ERR,ERR,ERR,ERR,ERR,ERR,ERR,ERR,ERR,ERR,ERR,ERR,ERR,ERR,ERR,ERR,ERR,ERR,ERR,ERR,ERR,ERR,ERR,ERR,ERR,ERR,ERR,ERR,ERR,ERR,ERR,ERR,ERR,ERR,ERR,ERR,ERR,ERR,ERR,ERR,ERR,ERR,ERR,ERR,ERR,ERR,ERR,ERR,ERR,ERR,ERR,ERR,ERR,ERR,ERR,ERR,ERR,ERR,ERR,ERR,ERR,ERR,ERR,ERR,ERR,ERR,ERR,ERR,ERR,ERR,ERR,ERR,ERR,ERR,ERR,ERR,ERR,ERR,ERR,ERR,ERR,ERR,ERR,ERR,ERR,ERR,ERR,ERR,ERR,ERR,ERR,ERR,ERR,ERR,ERR,ERR,ERR,ERR,ERR,ERR,ERR,ERR,ERR,ERR,ERR,ERR,ERR,ERR,ERR,ERR,ERR,ERR,ERR,ERR,ERR,ERR,ERR,ERR,ERR,ERR,ERR,ERR,ERR,ERR,ERR,-107615136.0,-107615880.0,-107614576.0,0.0,-0.0,-8195868672.0,977.115,-98945.055,0,0,4,17393,7116,0.0,100,0.0,0.0,0.0,0.0,0.0,0,0,0,0,0.0,0,0,0,0,0,0,0,0,0,0,0,0,0,0,0,0,0,0,0,0,0,0,0,0,0,0,0,0,0,0,0,0,0,31,40,40,71,65476,0,300,0,0,8,21553,0.0,-107605600.0,0.0,0.0,0.0,0.0,0.0,0.0,0.0,0.0,0.0,0.0,0.0,0.0,0.0,0.0,0.0,0.0,0.0,0.0,0.0,0.0,0.0,2.004,0.0,0.0,0.0,0.0,0.0,0.0,4825.0,-2.422986175150025e+24,6941.0,-107615136.0,0.0,2.004,2.004,0.0,0.0,0.0,0.0,69,-3.222025641206419e+26,0.0,0.0,0.0,0.0,0.0,0.0,0.0,0.0,0,0,0,0.0,0.0,0.0,0.0,0.0,0.0,0.0,0.0,0.0,0.0,0.0,0.0,0.0,0.0,0.0,0.0,0,-107875648.0,69,0.0,138,0.0,2.012,ERR,ERR,ERR,ERR,ERR,ERR,ERR,ERR,ERR,ERR,ERR,ERR,ERR,ERR,ERR,ERR,ERR,ERR,ERR,ERR,ERR,ERR,ERR,ERR,ERR,ERR,ERR,ERR,ERR,ERR,ERR,ERR,ERR,ERR,ERR,ERR,ERR,ERR,ERR,ERR,ERR,ERR,ERR,ERR,ERR,ERR,ERR,ERR,ERR,ERR,ERR,ERR,ERR,ERR,ERR,ERR,ERR,ERR,ERR,ERR,ERR,ERR,ERR,ERR,ERR,ERR,ERR,60.0,60.0,35,0.0,0.0,0.0,0.0,0.0,0.0,0.0,0.0,0.0,0.0,0.0,0.0,0.0,0.0,0.0,0.0,65.6,0,137,66,50,65476,0,65476,1,4,4,20529,65476,0,0,2621,60.0,0.0,0.0,0.0,0.0,0.0
2026-07-09T15:03:17,ERR,ERR,ERR,ERR,ERR,ERR,ERR,ERR,ERR,ERR,ERR,ERR,ERR,ERR,ERR,ERR,ERR,ERR,ERR,ERR,ERR,ERR,ERR,ERR,ERR,ERR,ERR,ERR,ERR,ERR,ERR,ERR,ERR,ERR,ERR,ERR,ERR,ERR,ERR,ERR,ERR,ERR,ERR,ERR,ERR,ERR,ERR,ERR,ERR,ERR,ERR,ERR,ERR,ERR,ERR,ERR,ERR,ERR,ERR,ERR,ERR,ERR,ERR,ERR,ERR,ERR,ERR,ERR,ERR,ERR,ERR,ERR,ERR,ERR,ERR,ERR,ERR,ERR,ERR,ERR,ERR,ERR,ERR,ERR,ERR,ERR,ERR,ERR,ERR,ERR,ERR,ERR,ERR,ERR,ERR,ERR,ERR,ERR,ERR,ERR,ERR,ERR,ERR,ERR,ERR,ERR,ERR,ERR,ERR,ERR,ERR,ERR,ERR,ERR,ERR,ERR,ERR,ERR,ERR,ERR,ERR,ERR,ERR,ERR,ERR,-107615136.0,-107615880.0,-107614576.0,0.0,-0.0,-8195868672.0,977.115,-98945.055,0,0,4,17393,7116,0.0,100,0.0,0.0,0.0,0.0,0.0,0,0,0,0,0.0,0,0,0,0,0,0,0,0,0,0,0,0,0,0,0,0,0,0,0,0,0,0,0,0,0,0,0,0,0,0,0,0,0,31,40,40,71,65476,0,300,0,0,8,21553,0.0,-107605600.0,0.0,0.0,0.0,0.0,0.0,0.0,0.0,0.0,0.0,0.0,0.0,0.0,0.0,0.0,0.0,0.0,0.0,0.0,0.0,0.0,0.0,2.004,0.0,0.0,0.0,0.0,0.0,0.0,4825.0,-2.422986175150025e+24,6941.0,-107615136.0,0.0,2.004,2.004,0.0,0.0,0.0,0.0,69,-3.222025641206419e+26,0.0,0.0,0.0,0.0,0.0,0.0,0.0,0.0,0,0,0,0.0,0.0,0.0,0.0,0.0,0.0,0.0,0.0,0.0,0.0,0.0,0.0,0.0,0.0,0.0,0.0,0,-107875648.0,69,0.0,138,0.0,2.012,ERR,ERR,ERR,ERR,ERR,ERR,ERR,ERR,ERR,ERR,ERR,ERR,ERR,ERR,ERR,ERR,ERR,ERR,ERR,ERR,ERR,ERR,ERR,ERR,ERR,ERR,ERR,ERR,ERR,ERR,ERR,ERR,ERR,ERR,ERR,ERR,ERR,ERR,ERR,ERR,ERR,ERR,ERR,ERR,ERR,ERR,ERR,ERR,ERR,ERR,ERR,ERR,ERR,ERR,ERR,ERR,ERR,ERR,ERR,ERR,ERR,ERR,ERR,ERR,ERR,ERR,ERR,60.0,60.0,35,0.0,0.0,0.0,0.0,0.0,0.0,0.0,0.0,0.0,0.0,0.0,0.0,0.0,0.0,0.0,0.0,65.2,0,137,66,50,65476,0,65476,1,4,4,20529,65476,0,0,2621,60.0,0.0,0.0,0.0,0.0,0.0
2026-07-09T15:03:18,ERR,ERR,ERR,ERR,ERR,ERR,ERR,ERR,ERR,ERR,ERR,ERR,ERR,ERR,ERR,ERR,ERR,ERR,ERR,ERR,ERR,ERR,ERR,ERR,ERR,ERR,ERR,ERR,ERR,ERR,ERR,ERR,ERR,ERR,ERR,ERR,ERR,ERR,ERR,ERR,ERR,ERR,ERR,ERR,ERR,ERR,ERR,ERR,ERR,ERR,ERR,ERR,ERR,ERR,ERR,ERR,ERR,ERR,ERR,ERR,ERR,ERR,ERR,ERR,ERR,ERR,ERR,ERR,ERR,ERR,ERR,ERR,ERR,ERR,ERR,ERR,ERR,ERR,ERR,ERR,ERR,ERR,ERR,ERR,ERR,ERR,ERR,ERR,ERR,ERR,ERR,ERR,ERR,ERR,ERR,ERR,ERR,ERR,ERR,ERR,ERR,ERR,ERR,ERR,ERR,ERR,ERR,ERR,ERR,ERR,ERR,ERR,ERR,ERR,ERR,ERR,ERR,ERR,ERR,ERR,ERR,ERR,ERR,ERR,ERR,-107615136.0,2.718442270659078e+23,nan,2.718366610185338e+23,0.0,-4.066940974570822e+27,2.8557475890412825e+32,1.4021117232545792e+16,0,0,4,17395,7116,0.0,100,0.0,0.0,2.718366610185338e+23,0.0,0.0,0,0,0,0,0.0,0,0,0,0,0,0,0,0,0,0,0,0,0,0,0,0,0,0,0,0,0,0,0,0,0,0,0,0,0,0,0,0,0,31,40,40,71,65476,0,300,0,0,8,21553,0.0,-107605600.0,0.0,0.0,0.0,0.0,0.0,0.0,0.0,0.0,0.0,0.0,0.0,0.0,0.0,0.0,0.0,0.0,0.0,0.0,0.0,0.0,0.0,-0.0,0.0,0.0,0.0,0.0,0.0,0.0,4811.0,-0.0,6929.0,-107615136.0,-0.0,2.004,2.004,0.0,0.0,0.0,0.0,69,-0.0,-0.0,0.0,0.0,0.0,0.0,0.0,0.0,0.0,0,0,0,0.0,0.0,0.0,0.0,0.0,0.0,0.0,0.0,0.0,0.0,0.0,0.0,0.0,0.0,0.0,0.0,0,-107875648.0,69,0.0,138,0.0,2.012,ERR,ERR,ERR,ERR,ERR,ERR,ERR,ERR,ERR,ERR,ERR,ERR,ERR,ERR,ERR,ERR,ERR,ERR,ERR,ERR,ERR,ERR,ERR,ERR,ERR,ERR,ERR,ERR,ERR,ERR,ERR,ERR,ERR,ERR,ERR,ERR,ERR,ERR,ERR,ERR,ERR,ERR,ERR,ERR,ERR,ERR,ERR,ERR,ERR,ERR,ERR,ERR,ERR,ERR,ERR,ERR,ERR,ERR,ERR,ERR,ERR,ERR,ERR,ERR,ERR,ERR,ERR,60.0,60.0,35,0.0,0.0,0.0,0.0,0.0,0.0,0.0,0.0,0.0,0.0,0.0,0.0,0.0,0.0,0.0,0.0,65.2,0,137,65,50,65476,0,65476,1,4,4,20529,65476,0,0,2621,60.0,0.0,0.0,0.0,0.0,0.0
2026-07-09T15:03:19,ERR,ERR,ERR,ERR,ERR,ERR,ERR,ERR,ERR,ERR,ERR,ERR,ERR,ERR,ERR,ERR,ERR,ERR,ERR,ERR,ERR,ERR,ERR,ERR,ERR,ERR,ERR,ERR,ERR,ERR,ERR,ERR,ERR,ERR,ERR,ERR,ERR,ERR,ERR,ERR,ERR,ERR,ERR,ERR,ERR,ERR,ERR,ERR,ERR,ERR,ERR,ERR,ERR,ERR,ERR,ERR,ERR,ERR,ERR,ERR,ERR,ERR,ERR,ERR,ERR,ERR,ERR,ERR,ERR,ERR,ERR,ERR,ERR,ERR,ERR,ERR,ERR,ERR,ERR,ERR,ERR,ERR,ERR,ERR,ERR,ERR,ERR,ERR,ERR,ERR,ERR,ERR,ERR,ERR,ERR,ERR,ERR,ERR,ERR,ERR,ERR,ERR,ERR,ERR,ERR,ERR,ERR,ERR,ERR,ERR,ERR,ERR,ERR,ERR,ERR,ERR,ERR,ERR,ERR,ERR,ERR,ERR,ERR,ERR,ERR,-107615136.0,2.718442270659078e+23,nan,2.718366610185338e+23,0.0,-4.066940974570822e+27,2.8557475890412825e+32,1.4021117232545792e+16,0,0,4,17395,7116,0.0,100,0.0,0.0,2.718366610185338e+23,0.0,0.0,0,0,0,0,0.0,0,0,0,0,0,0,0,0,0,0,0,0,0,0,0,0,0,0,0,0,0,0,0,0,0,0,0,0,0,0,0,0,0,31,40,40,71,65476,0,300,0,0,8,21553,0.0,-107605600.0,0.0,0.0,0.0,0.0,0.0,0.0,0.0,0.0,0.0,0.0,0.0,0.0,0.0,0.0,0.0,0.0,0.0,0.0,0.0,0.0,0.0,-0.0,0.0,0.0,0.0,0.0,0.0,0.0,4811.0,-0.0,6929.0,-107615136.0,-0.0,2.004,2.004,0.0,0.0,0.0,0.0,69,-0.0,-0.0,0.0,0.0,0.0,0.0,0.0,0.0,0.0,0,0,0,0.0,0.0,0.0,0.0,0.0,0.0,0.0,0.0,0.0,0.0,0.0,0.0,0.0,0.0,0.0,0.0,0,-107875648.0,69,0.0,138,0.0,2.012,ERR,ERR,ERR,ERR,ERR,ERR,ERR,ERR,ERR,ERR,ERR,ERR,ERR,ERR,ERR,ERR,ERR,ERR,ERR,ERR,ERR,ERR,ERR,ERR,ERR,ERR,ERR,ERR,ERR,ERR,ERR,ERR,ERR,ERR,ERR,ERR,ERR,ERR,ERR,ERR,ERR,ERR,ERR,ERR,ERR,ERR,ERR,ERR,ERR,ERR,ERR,ERR,ERR,ERR,ERR,ERR,ERR,ERR,ERR,ERR,ERR,ERR,ERR,ERR,ERR,ERR,ERR,60.0,60.0,35,0.0,0.0,0.0,0.0,0.0,0.0,0.0,0.0,0.0,0.0,0.0,0.0,0.0,0.0,0.0,0.0,65.2,0,137,65,50,65476,0,65476,1,4,4,20529,65476,0,0,2621,60.0,0.0,0.0,0.0,0.0,0.0
2026-07-09T15:03:20,ERR,ERR,ERR,ERR,ERR,ERR,ERR,ERR,ERR,ERR,ERR,ERR,ERR,ERR,ERR,ERR,ERR,ERR,ERR,ERR,ERR,ERR,ERR,ERR,ERR,ERR,ERR,ERR,ERR,ERR,ERR,ERR,ERR,ERR,ERR,ERR,ERR,ERR,ERR,ERR,ERR,ERR,ERR,ERR,ERR,ERR,ERR,ERR,ERR,ERR,ERR,ERR,ERR,ERR,ERR,ERR,ERR,ERR,ERR,ERR,ERR,ERR,ERR,ERR,ERR,ERR,ERR,ERR,ERR,ERR,ERR,ERR,ERR,ERR,ERR,ERR,ERR,ERR,ERR,ERR,ERR,ERR,ERR,ERR,ERR,ERR,ERR,ERR,ERR,ERR,ERR,ERR,ERR,ERR,ERR,ERR,ERR,ERR,ERR,ERR,ERR,ERR,ERR,ERR,ERR,ERR,ERR,ERR,ERR,ERR,ERR,ERR,ERR,ERR,ERR,ERR,ERR,ERR,ERR,ERR,ERR,ERR,ERR,ERR,ERR,-107615136.0,2.718442270659078e+23,nan,2.718366610185338e+23,0.0,-4.066940974570822e+27,2.8557475890412825e+32,1.4021117232545792e+16,0,0,4,17395,7116,0.0,100,0.0,0.0,2.718366610185338e+23,0.0,0.0,0,0,0,0,0.0,0,0,0,0,0,0,0,0,0,0,0,0,0,0,0,0,0,0,0,0,0,0,0,0,0,0,0,0,0,0,0,0,0,31,40,40,71,65476,0,300,0,0,8,21553,0.0,-107605600.0,0.0,0.0,0.0,0.0,0.0,0.0,0.0,0.0,0.0,0.0,0.0,0.0,0.0,0.0,0.0,0.0,0.0,0.0,0.0,0.0,0.0,-0.0,0.0,0.0,0.0,0.0,0.0,0.0,4811.0,-0.0,6929.0,-107615136.0,-0.0,2.004,2.004,0.0,0.0,0.0,0.0,69,-0.0,-0.0,0.0,0.0,0.0,0.0,0.0,0.0,0.0,0,0,0,0.0,0.0,0.0,0.0,0.0,0.0,0.0,0.0,0.0,0.0,0.0,0.0,0.0,0.0,0.0,0.0,0,-107875648.0,69,0.0,138,0.0,2.012,ERR,ERR,ERR,ERR,ERR,ERR,ERR,ERR,ERR,ERR,ERR,ERR,ERR,ERR,ERR,ERR,ERR,ERR,ERR,ERR,ERR,ERR,ERR,ERR,ERR,ERR,ERR,ERR,ERR,ERR,ERR,ERR,ERR,ERR,ERR,ERR,ERR,ERR,ERR,ERR,ERR,ERR,ERR,ERR,ERR,ERR,ERR,ERR,ERR,ERR,ERR,ERR,ERR,ERR,ERR,ERR,ERR,ERR,ERR,ERR,ERR,ERR,ERR,ERR,ERR,ERR,ERR,60.0,60.0,35,0.0,0.0,0.0,0.0,0.0,0.0,0.0,0.0,0.0,0.0,0.0,0.0,0.0,0.0,0.0,0.0,65.2,0,137,65,50,65476,0,65476,1,4,4,20529,65476,0,0,2621,60.0,0.0,0.0,0.0,0.0,0.0
2026-07-09T15:03:21,ERR,ERR,ERR,ERR,ERR,ERR,ERR,ERR,ERR,ERR,ERR,ERR,ERR,ERR,ERR,ERR,ERR,ERR,ERR,ERR,ERR,ERR,ERR,ERR,ERR,ERR,ERR,ERR,ERR,ERR,ERR,ERR,ERR,ERR,ERR,ERR,ERR,ERR,ERR,ERR,ERR,ERR,ERR,ERR,ERR,ERR,ERR,ERR,ERR,ERR,ERR,ERR,ERR,ERR,ERR,ERR,ERR,ERR,ERR,ERR,ERR,ERR,ERR,ERR,ERR,ERR,ERR,ERR,ERR,ERR,ERR,ERR,ERR,ERR,ERR,ERR,ERR,ERR,ERR,ERR,ERR,ERR,ERR,ERR,ERR,ERR,ERR,ERR,ERR,ERR,ERR,ERR,ERR,ERR,ERR,ERR,ERR,ERR,ERR,ERR,ERR,ERR,ERR,ERR,ERR,ERR,ERR,ERR,ERR,ERR,ERR,ERR,ERR,ERR,ERR,ERR,ERR,ERR,ERR,ERR,ERR,ERR,ERR,ERR,ERR,-107615136.0,2.718442270659078e+23,nan,2.718366610185338e+23,0.0,-4.066940974570822e+27,2.8557475890412825e+32,1.4021117232545792e+16,0,0,4,17395,7116,0.0,100,0.0,0.0,2.718366610185338e+23,0.0,0.0,0,0,0,0,0.0,0,0,0,0,0,0,0,0,0,0,0,0,0,0,0,0,0,0,0,0,0,0,0,0,0,0,0,0,0,0,0,0,0,31,40,40,71,65476,0,300,0,0,8,21553,0.0,-107605600.0,0.0,0.0,0.0,0.0,0.0,0.0,0.0,0.0,0.0,0.0,0.0,0.0,0.0,0.0,0.0,0.0,0.0,0.0,0.0,0.0,0.0,-0.0,0.0,0.0,0.0,0.0,0.0,0.0,4811.0,-0.0,6929.0,-107615136.0,-0.0,2.004,2.004,0.0,0.0,0.0,0.0,69,-0.0,-0.0,0.0,0.0,0.0,0.0,0.0,0.0,0.0,0,0,0,0.0,0.0,0.0,0.0,0.0,0.0,0.0,0.0,0.0,0.0,0.0,0.0,0.0,0.0,0.0,0.0,0,-107875648.0,69,0.0,138,0.0,2.012,ERR,ERR,ERR,ERR,ERR,ERR,ERR,ERR,ERR,ERR,ERR,ERR,ERR,ERR,ERR,ERR,ERR,ERR,ERR,ERR,ERR,ERR,ERR,ERR,ERR,ERR,ERR,ERR,ERR,ERR,ERR,ERR,ERR,ERR,ERR,ERR,ERR,ERR,ERR,ERR,ERR,ERR,ERR,ERR,ERR,ERR,ERR,ERR,ERR,ERR,ERR,ERR,ERR,ERR,ERR,ERR,ERR,ERR,ERR,ERR,ERR,ERR,ERR,ERR,ERR,ERR,ERR,60.0,60.0,35,0.0,0.0,0.0,0.0,0.0,0.0,0.0,0.0,0.0,0.0,0.0,0.0,0.0,0.0,0.0,0.0,65.2,0,137,65,50,65476,0,65476,1,4,4,20529,65476,0,0,2621,60.0,0.0,0.0,0.0,0.0,0.0
2026-07-09T15:03:22,ERR,ERR,ERR,ERR,ERR,ERR,ERR,ERR,ERR,ERR,ERR,ERR,ERR,ERR,ERR,ERR,ERR,ERR,ERR,ERR,ERR,ERR,ERR,ERR,ERR,ERR,ERR,ERR,ERR,ERR,ERR,ERR,ERR,ERR,ERR,ERR,ERR,ERR,ERR,ERR,ERR,ERR,ERR,ERR,ERR,ERR,ERR,ERR,ERR,ERR,ERR,ERR,ERR,ERR,ERR,ERR,ERR,ERR,ERR,ERR,ERR,ERR,ERR,ERR,ERR,ERR,ERR,ERR,ERR,ERR,ERR,ERR,ERR,ERR,ERR,ERR,ERR,ERR,ERR,ERR,ERR,ERR,ERR,ERR,ERR,ERR,ERR,ERR,ERR,ERR,ERR,ERR,ERR,ERR,ERR,ERR,ERR,ERR,ERR,ERR,ERR,ERR,ERR,ERR,ERR,ERR,ERR,ERR,ERR,ERR,ERR,ERR,ERR,ERR,ERR,ERR,ERR,ERR,ERR,ERR,ERR,ERR,ERR,ERR,ERR,-107615136.0,2.718442270659078e+23,nan,2.718366610185338e+23,0.0,-4.066940974570822e+27,2.8557475890412825e+32,1.4021117232545792e+16,0,0,4,17395,7116,0.0,100,0.0,0.0,2.718366610185338e+23,0.0,0.0,0,0,0,0,0.0,0,0,0,0,0,0,0,0,0,0,0,0,0,0,0,0,0,0,0,0,0,0,0,0,0,0,0,0,0,0,0,0,0,31,40,40,71,65476,0,300,0,0,8,21553,0.0,-107605600.0,0.0,0.0,0.0,0.0,0.0,0.0,0.0,0.0,0.0,0.0,0.0,0.0,0.0,0.0,0.0,0.0,0.0,0.0,0.0,0.0,0.0,-0.0,0.0,0.0,0.0,0.0,0.0,0.0,4811.0,-0.0,6929.0,-107615136.0,-0.0,2.004,2.004,0.0,0.0,0.0,0.0,69,-0.0,-0.0,0.0,0.0,0.0,0.0,0.0,0.0,0.0,0,0,0,0.0,0.0,0.0,0.0,0.0,0.0,0.0,0.0,0.0,0.0,0.0,0.0,0.0,0.0,0.0,0.0,0,-107875648.0,69,0.0,138,0.0,2.012,ERR,ERR,ERR,ERR,ERR,ERR,ERR,ERR,ERR,ERR,ERR,ERR,ERR,ERR,ERR,ERR,ERR,ERR,ERR,ERR,ERR,ERR,ERR,ERR,ERR,ERR,ERR,ERR,ERR,ERR,ERR,ERR,ERR,ERR,ERR,ERR,ERR,ERR,ERR,ERR,ERR,ERR,ERR,ERR,ERR,ERR,ERR,ERR,ERR,ERR,ERR,ERR,ERR,ERR,ERR,ERR,ERR,ERR,ERR,ERR,ERR,ERR,ERR,ERR,ERR,ERR,ERR,60.0,60.0,35,0.0,0.0,0.0,0.0,0.0,0.0,0.0,0.0,0.0,0.0,0.0,0.0,0.0,0.0,0.0,0.0,65.6,0,136,65,50,65476,0,65476,1,4,4,20529,65476,0,0,2621,60.0,0.0,0.0,0.0,0.0,0.0
2026-07-09T15:03:23,ERR,ERR,ERR,ERR,ERR,ERR,ERR,ERR,ERR,ERR,ERR,ERR,ERR,ERR,ERR,ERR,ERR,ERR,ERR,ERR,ERR,ERR,ERR,ERR,ERR,ERR,ERR,ERR,ERR,ERR,ERR,ERR,ERR,ERR,ERR,ERR,ERR,ERR,ERR,ERR,ERR,ERR,ERR,ERR,ERR,ERR,ERR,ERR,ERR,ERR,ERR,ERR,ERR,ERR,ERR,ERR,ERR,ERR,ERR,ERR,ERR,ERR,ERR,ERR,ERR,ERR,ERR,ERR,ERR,ERR,ERR,ERR,ERR,ERR,ERR,ERR,ERR,ERR,ERR,ERR,ERR,ERR,ERR,ERR,ERR,ERR,ERR,ERR,ERR,ERR,ERR,ERR,ERR,ERR,ERR,ERR,ERR,ERR,ERR,ERR,ERR,ERR,ERR,ERR,ERR,ERR,ERR,ERR,ERR,ERR,ERR,ERR,ERR,ERR,ERR,ERR,ERR,ERR,ERR,ERR,ERR,ERR,ERR,ERR,ERR,-107615136.0,-107615888.0,-107614592.0,-0.0,-0.0,-824344.312,-7.979278535491534e+21,-0.0,0,0,4,17393,7116,0.0,100,0.0,0.0,0.0,0.0,0.0,0,0,0,0,0.0,0,0,0,0,0,0,0,0,0,0,0,0,0,0,0,0,0,0,0,0,0,0,0,0,0,0,0,0,0,0,0,0,0,31,40,40,71,65476,0,300,0,0,8,21553,0.0,-107605600.0,0.0,0.0,0.0,0.0,0.0,0.0,0.0,0.0,0.0,0.0,0.0,0.0,0.0,0.0,0.0,0.0,0.0,0.0,0.0,0.0,0.0,-2.004,0.0,0.0,0.0,0.0,0.0,0.0,4804.0,2.422986175150025e+24,6923.0,-107615136.0,-107615888.0,2.004,2.004,0.0,0.0,0.0,0.0,69,2.308838958497058e+20,4.066850635700005e+29,0.0,0.0,0.0,0.0,0.0,0.0,0.0,0,0,0,0.0,0.0,0.0,0.0,0.0,0.0,0.0,0.0,0.0,0.0,0.0,0.0,0.0,0.0,0.0,0.0,0,-107875648.0,69,0.0,138,0.0,2.012,ERR,ERR,ERR,ERR,ERR,ERR,ERR,ERR,ERR,ERR,ERR,ERR,ERR,ERR,ERR,ERR,ERR,ERR,ERR,ERR,ERR,ERR,ERR,ERR,ERR,ERR,ERR,ERR,ERR,ERR,ERR,ERR,ERR,ERR,ERR,ERR,ERR,ERR,ERR,ERR,ERR,ERR,ERR,ERR,ERR,ERR,ERR,ERR,ERR,ERR,ERR,ERR,ERR,ERR,ERR,ERR,ERR,ERR,ERR,ERR,ERR,ERR,ERR,ERR,ERR,ERR,ERR,60.0,60.0,35,0.0,0.0,0.0,0.0,0.0,0.0,0.0,0.0,0.0,0.0,0.0,0.0,0.0,0.0,0.0,0.0,65.2,0,136,65,50,65476,0,65476,1,4,4,20529,65476,0,0,2621,60.0,0.0,0.0,0.0,0.0,0.0
2026-07-09T15:03:24,ERR,ERR,ERR,ERR,ERR,ERR,ERR,ERR,ERR,ERR,ERR,ERR,ERR,ERR,ERR,ERR,ERR,ERR,ERR,ERR,ERR,ERR,ERR,ERR,ERR,ERR,ERR,ERR,ERR,ERR,ERR,ERR,ERR,ERR,ERR,ERR,ERR,ERR,ERR,ERR,ERR,ERR,ERR,ERR,ERR,ERR,ERR,ERR,ERR,ERR,ERR,ERR,ERR,ERR,ERR,ERR,ERR,ERR,ERR,ERR,ERR,ERR,ERR,ERR,ERR,ERR,ERR,ERR,ERR,ERR,ERR,ERR,ERR,ERR,ERR,ERR,ERR,ERR,ERR,ERR,ERR,ERR,ERR,ERR,ERR,ERR,ERR,ERR,ERR,ERR,ERR,ERR,ERR,ERR,ERR,ERR,ERR,ERR,ERR,ERR,ERR,ERR,ERR,ERR,ERR,ERR,ERR,ERR,ERR,ERR,ERR,ERR,ERR,ERR,ERR,ERR,ERR,ERR,ERR,ERR,ERR,ERR,ERR,ERR,ERR,-107615136.0,-107615888.0,-107614592.0,-0.0,-0.0,-824344.312,-7.979278535491534e+21,-0.0,0,0,4,17393,7116,0.0,100,0.0,0.0,0.0,0.0,0.0,0,0,0,0,0.0,0,0,0,0,0,0,0,0,0,0,0,0,0,0,0,0,0,0,0,0,0,0,0,0,0,0,0,0,0,0,0,0,0,31,40,40,71,65476,0,300,0,0,8,21553,0.0,-107605600.0,0.0,0.0,0.0,0.0,0.0,0.0,0.0,0.0,0.0,0.0,0.0,0.0,0.0,0.0,0.0,0.0,0.0,0.0,0.0,0.0,0.0,-2.004,0.0,0.0,0.0,0.0,0.0,0.0,4804.0,2.422986175150025e+24,6923.0,-107615136.0,-107615888.0,2.004,2.004,0.0,0.0,0.0,0.0,69,2.308838958497058e+20,4.066850635700005e+29,0.0,0.0,0.0,0.0,0.0,0.0,0.0,0,0,0,0.0,0.0,0.0,0.0,0.0,0.0,0.0,0.0,0.0,0.0,0.0,0.0,0.0,0.0,0.0,0.0,0,-107875648.0,69,0.0,138,0.0,2.012,ERR,ERR,ERR,ERR,ERR,ERR,ERR,ERR,ERR,ERR,ERR,ERR,ERR,ERR,ERR,ERR,ERR,ERR,ERR,ERR,ERR,ERR,ERR,ERR,ERR,ERR,ERR,ERR,ERR,ERR,ERR,ERR,ERR,ERR,ERR,ERR,ERR,ERR,ERR,ERR,ERR,ERR,ERR,ERR,ERR,ERR,ERR,ERR,ERR,ERR,ERR,ERR,ERR,ERR,ERR,ERR,ERR,ERR,ERR,ERR,ERR,ERR,ERR,ERR,ERR,ERR,ERR,60.0,60.0,35,0.0,0.0,0.0,0.0,0.0,0.0,0.0,0.0,0.0,0.0,0.0,0.0,0.0,0.0,0.0,0.0,65.2,0,136,65,50,65476,0,65476,1,4,4,20529,65476,0,0,2621,60.0,0.0,0.0,0.0,0.0,0.0
2026-07-09T15:03:25,ERR,ERR,ERR,ERR,ERR,ERR,ERR,ERR,ERR,ERR,ERR,ERR,ERR,ERR,ERR,ERR,ERR,ERR,ERR,ERR,ERR,ERR,ERR,ERR,ERR,ERR,ERR,ERR,ERR,ERR,ERR,ERR,ERR,ERR,ERR,ERR,ERR,ERR,ERR,ERR,ERR,ERR,ERR,ERR,ERR,ERR,ERR,ERR,ERR,ERR,ERR,ERR,ERR,ERR,ERR,ERR,ERR,ERR,ERR,ERR,ERR,ERR,ERR,ERR,ERR,ERR,ERR,ERR,ERR,ERR,ERR,ERR,ERR,ERR,ERR,ERR,ERR,ERR,ERR,ERR,ERR,ERR,ERR,ERR,ERR,ERR,ERR,ERR,ERR,ERR,ERR,ERR,ERR,ERR,ERR,ERR,ERR,ERR,ERR,ERR,ERR,ERR,ERR,ERR,ERR,ERR,ERR,ERR,ERR,ERR,ERR,ERR,ERR,ERR,ERR,ERR,ERR,ERR,ERR,ERR,ERR,ERR,ERR,ERR,ERR,-107615136.0,-107615888.0,-107614592.0,-0.0,-0.0,-824344.312,-7.979278535491534e+21,-0.0,0,0,4,17393,7116,0.0,100,0.0,0.0,0.0,0.0,0.0,0,0,0,0,0.0,0,0,0,0,0,0,0,0,0,0,0,0,0,0,0,0,0,0,0,0,0,0,0,0,0,0,0,0,0,0,0,0,0,31,40,40,71,65476,0,300,0,0,8,21553,0.0,-107605600.0,0.0,0.0,0.0,0.0,0.0,0.0,0.0,0.0,0.0,0.0,0.0,0.0,0.0,0.0,0.0,0.0,0.0,0.0,0.0,0.0,0.0,-2.004,0.0,0.0,0.0,0.0,0.0,0.0,4804.0,2.422986175150025e+24,6923.0,-107615136.0,-107615888.0,2.004,2.004,0.0,0.0,0.0,0.0,69,2.308838958497058e+20,4.066850635700005e+29,0.0,0.0,0.0,0.0,0.0,0.0,0.0,0,0,0,0.0,0.0,0.0,0.0,0.0,0.0,0.0,0.0,0.0,0.0,0.0,0.0,0.0,0.0,0.0,0.0,0,-107875648.0,69,0.0,138,0.0,2.012,ERR,ERR,ERR,ERR,ERR,ERR,ERR,ERR,ERR,ERR,ERR,ERR,ERR,ERR,ERR,ERR,ERR,ERR,ERR,ERR,ERR,ERR,ERR,ERR,ERR,ERR,ERR,ERR,ERR,ERR,ERR,ERR,ERR,ERR,ERR,ERR,ERR,ERR,ERR,ERR,ERR,ERR,ERR,ERR,ERR,ERR,ERR,ERR,ERR,ERR,ERR,ERR,ERR,ERR,ERR,ERR,ERR,ERR,ERR,ERR,ERR,ERR,ERR,ERR,ERR,ERR,ERR,60.0,60.0,35,0.0,0.0,0.0,0.0,0.0,0.0,0.0,0.0,0.0,0.0,0.0,0.0,0.0,0.0,0.0,0.0,65.2,0,136,65,50,65476,0,65476,1,4,4,20529,65476,0,0,2621,60.0,0.0,0.0,0.0,0.0,0.0
2026-07-09T15:03:26,ERR,ERR,ERR,ERR,ERR,ERR,ERR,ERR,ERR,ERR,ERR,ERR,ERR,ERR,ERR,ERR,ERR,ERR,ERR,ERR,ERR,ERR,ERR,ERR,ERR,ERR,ERR,ERR,ERR,ERR,ERR,ERR,ERR,ERR,ERR,ERR,ERR,ERR,ERR,ERR,ERR,ERR,ERR,ERR,ERR,ERR,ERR,ERR,ERR,ERR,ERR,ERR,ERR,ERR,ERR,ERR,ERR,ERR,ERR,ERR,ERR,ERR,ERR,ERR,ERR,ERR,ERR,ERR,ERR,ERR,ERR,ERR,ERR,ERR,ERR,ERR,ERR,ERR,ERR,ERR,ERR,ERR,ERR,ERR,ERR,ERR,ERR,ERR,ERR,ERR,ERR,ERR,ERR,ERR,ERR,ERR,ERR,ERR,ERR,ERR,ERR,ERR,ERR,ERR,ERR,ERR,ERR,ERR,ERR,ERR,ERR,ERR,ERR,ERR,ERR,ERR,ERR,ERR,ERR,ERR,ERR,ERR,ERR,ERR,ERR,-107615136.0,-107615888.0,-107614592.0,-0.0,-0.0,-824344.312,-7.979278535491534e+21,-0.0,0,0,4,17393,7116,0.0,100,0.0,0.0,0.0,0.0,0.0,0,0,0,0,0.0,0,0,0,0,0,0,0,0,0,0,0,0,0,0,0,0,0,0,0,0,0,0,0,0,0,0,0,0,0,0,0,0,0,31,40,40,71,65476,0,300,0,0,8,21553,0.0,-107605600.0,0.0,0.0,0.0,0.0,0.0,0.0,0.0,0.0,0.0,0.0,0.0,0.0,0.0,0.0,0.0,0.0,0.0,0.0,0.0,0.0,0.0,-2.004,0.0,0.0,0.0,0.0,0.0,0.0,4804.0,2.422986175150025e+24,6923.0,-107615136.0,-107615888.0,2.004,2.004,0.0,0.0,0.0,0.0,69,2.308838958497058e+20,4.066850635700005e+29,0.0,0.0,0.0,0.0,0.0,0.0,0.0,0,0,0,0.0,0.0,0.0,0.0,0.0,0.0,0.0,0.0,0.0,0.0,0.0,0.0,0.0,0.0,0.0,0.0,0,-107875648.0,69,0.0,138,0.0,2.012,ERR,ERR,ERR,ERR,ERR,ERR,ERR,ERR,ERR,ERR,ERR,ERR,ERR,ERR,ERR,ERR,ERR,ERR,ERR,ERR,ERR,ERR,ERR,ERR,ERR,ERR,ERR,ERR,ERR,ERR,ERR,ERR,ERR,ERR,ERR,ERR,ERR,ERR,ERR,ERR,ERR,ERR,ERR,ERR,ERR,ERR,ERR,ERR,ERR,ERR,ERR,ERR,ERR,ERR,ERR,ERR,ERR,ERR,ERR,ERR,ERR,ERR,ERR,ERR,ERR,ERR,ERR,60.0,60.0,35,0.0,0.0,0.0,0.0,0.0,0.0,0.0,0.0,0.0,0.0,0.0,0.0,0.0,0.0,0.0,0.0,65.2,0,136,65,50,65476,0,65476,1,4,4,20529,65476,0,0,2621,60.0,0.0,0.0,0.0,0.0,0.0
2026-07-09T15:03:27,ERR,ERR,ERR,ERR,ERR,ERR,ERR,ERR,ERR,ERR,ERR,ERR,ERR,ERR,ERR,ERR,ERR,ERR,ERR,ERR,ERR,ERR,ERR,ERR,ERR,ERR,ERR,ERR,ERR,ERR,ERR,ERR,ERR,ERR,ERR,ERR,ERR,ERR,ERR,ERR,ERR,ERR,ERR,ERR,ERR,ERR,ERR,ERR,ERR,ERR,ERR,ERR,ERR,ERR,ERR,ERR,ERR,ERR,ERR,ERR,ERR,ERR,ERR,ERR,ERR,ERR,ERR,ERR,ERR,ERR,ERR,ERR,ERR,ERR,ERR,ERR,ERR,ERR,ERR,ERR,ERR,ERR,ERR,ERR,ERR,ERR,ERR,ERR,ERR,ERR,ERR,ERR,ERR,ERR,ERR,ERR,ERR,ERR,ERR,ERR,ERR,ERR,ERR,ERR,ERR,ERR,ERR,ERR,ERR,ERR,ERR,ERR,ERR,ERR,ERR,ERR,ERR,ERR,ERR,ERR,ERR,ERR,ERR,ERR,ERR,-107615136.0,-107615888.0,-107614592.0,-0.0,-0.0,-824344.312,-7.979278535491534e+21,-0.0,0,0,4,17393,7116,0.0,100,0.0,0.0,0.0,0.0,0.0,0,0,0,0,0.0,0,0,0,0,0,0,0,0,0,0,0,0,0,0,0,0,0,0,0,0,0,0,0,0,0,0,0,0,0,0,0,0,0,31,40,40,71,65476,0,300,0,0,8,21553,0.0,-107605600.0,0.0,0.0,0.0,0.0,0.0,0.0,0.0,0.0,0.0,0.0,0.0,0.0,0.0,0.0,0.0,0.0,0.0,0.0,0.0,0.0,0.0,-2.004,0.0,0.0,0.0,0.0,0.0,0.0,4804.0,2.422986175150025e+24,6923.0,-107615136.0,-107615888.0,2.004,2.004,0.0,0.0,0.0,0.0,69,2.308838958497058e+20,4.066850635700005e+29,0.0,0.0,0.0,0.0,0.0,0.0,0.0,0,0,0,0.0,0.0,0.0,0.0,0.0,0.0,0.0,0.0,0.0,0.0,0.0,0.0,0.0,0.0,0.0,0.0,0,-107875648.0,69,0.0,138,0.0,2.012,ERR,ERR,ERR,ERR,ERR,ERR,ERR,ERR,ERR,ERR,ERR,ERR,ERR,ERR,ERR,ERR,ERR,ERR,ERR,ERR,ERR,ERR,ERR,ERR,ERR,ERR,ERR,ERR,ERR,ERR,ERR,ERR,ERR,ERR,ERR,ERR,ERR,ERR,ERR,ERR,ERR,ERR,ERR,ERR,ERR,ERR,ERR,ERR,ERR,ERR,ERR,ERR,ERR,ERR,ERR,ERR,ERR,ERR,ERR,ERR,ERR,ERR,ERR,ERR,ERR,ERR,ERR,60.0,60.0,35,0.0,0.0,0.0,0.0,0.0,0.0,0.0,0.0,0.0,0.0,0.0,0.0,0.0,0.0,0.0,0.0,65.2,0,136,65,50,65476,0,65476,1,4,4,20529,65476,0,0,2621,60.0,0.0,0.0,0.0,0.0,0.0
2026-07-09T15:03:28,ERR,ERR,ERR,ERR,ERR,ERR,ERR,ERR,ERR,ERR,ERR,ERR,ERR,ERR,ERR,ERR,ERR,ERR,ERR,ERR,ERR,ERR,ERR,ERR,ERR,ERR,ERR,ERR,ERR,ERR,ERR,ERR,ERR,ERR,ERR,ERR,ERR,ERR,ERR,ERR,ERR,ERR,ERR,ERR,ERR,ERR,ERR,ERR,ERR,ERR,ERR,ERR,ERR,ERR,ERR,ERR,ERR,ERR,ERR,ERR,ERR,ERR,ERR,ERR,ERR,ERR,ERR,ERR,ERR,ERR,ERR,ERR,ERR,ERR,ERR,ERR,ERR,ERR,ERR,ERR,ERR,ERR,ERR,ERR,ERR,ERR,ERR,ERR,ERR,ERR,ERR,ERR,ERR,ERR,ERR,ERR,ERR,ERR,ERR,ERR,ERR,ERR,ERR,ERR,ERR,ERR,ERR,ERR,ERR,ERR,ERR,ERR,ERR,ERR,ERR,ERR,ERR,ERR,ERR,ERR,ERR,ERR,ERR,ERR,ERR,-107615136.0,0.0,0.0,2.718366610185338e+23,-24484.209,-0.0,-0.0,-0.0,0,0,4,17395,7116,0.0,100,0.0,0.0,2.718366610185338e+23,0.0,0.0,0,0,0,0,0.0,0,0,0,0,0,0,0,0,0,0,0,0,0,0,0,0,0,0,0,0,0,0,0,0,0,0,0,0,0,0,0,0,0,31,40,40,71,65476,0,300,0,0,8,21553,0.0,-107605600.0,0.0,0.0,0.0,0.0,0.0,0.0,0.0,0.0,0.0,0.0,0.0,0.0,0.0,0.0,0.0,0.0,0.0,0.0,0.0,0.0,0.0,0.0,0.0,0.0,0.0,0.0,0.0,0.0,4793.0,-1.0406645142989446e+34,6943.0,0.0,0.0,2.004,2.004,0.0,0.0,0.0,0.0,69,0.0,-107614712.0,0.0,0.0,0.0,0.0,0.0,0.0,0.0,0,0,0,0.0,0.0,0.0,0.0,0.0,0.0,0.0,0.0,0.0,0.0,0.0,0.0,0.0,0.0,0.0,0.0,0,-107875648.0,69,0.0,138,0.0,2.012,ERR,ERR,ERR,ERR,ERR,ERR,ERR,ERR,ERR,ERR,ERR,ERR,ERR,ERR,ERR,ERR,ERR,ERR,ERR,ERR,ERR,ERR,ERR,ERR,ERR,ERR,ERR,ERR,ERR,ERR,ERR,ERR,ERR,ERR,ERR,ERR,ERR,ERR,ERR,ERR,ERR,ERR,ERR,ERR,ERR,ERR,ERR,ERR,ERR,ERR,ERR,ERR,ERR,ERR,ERR,ERR,ERR,ERR,ERR,ERR,ERR,ERR,ERR,ERR,ERR,ERR,ERR,60.0,60.0,35,0.0,0.0,0.0,0.0,0.0,0.0,0.0,0.0,0.0,0.0,0.0,0.0,0.0,0.0,0.0,0.0,65.2,0,136,65,50,65476,0,65476,1,4,4,20529,65476,0,0,2621,60.0,0.0,0.0,0.0,0.0,0.0
2026-07-09T15:03:29,ERR,ERR,ERR,ERR,ERR,ERR,ERR,ERR,ERR,ERR,ERR,ERR,ERR,ERR,ERR,ERR,ERR,ERR,ERR,ERR,ERR,ERR,ERR,ERR,ERR,ERR,ERR,ERR,ERR,ERR,ERR,ERR,ERR,ERR,ERR,ERR,ERR,ERR,ERR,ERR,ERR,ERR,ERR,ERR,ERR,ERR,ERR,ERR,ERR,ERR,ERR,ERR,ERR,ERR,ERR,ERR,ERR,ERR,ERR,ERR,ERR,ERR,ERR,ERR,ERR,ERR,ERR,ERR,ERR,ERR,ERR,ERR,ERR,ERR,ERR,ERR,ERR,ERR,ERR,ERR,ERR,ERR,ERR,ERR,ERR,ERR,ERR,ERR,ERR,ERR,ERR,ERR,ERR,ERR,ERR,ERR,ERR,ERR,ERR,ERR,ERR,ERR,ERR,ERR,ERR,ERR,ERR,ERR,ERR,ERR,ERR,ERR,ERR,ERR,ERR,ERR,ERR,ERR,ERR,ERR,ERR,ERR,ERR,ERR,ERR,-107615136.0,0.0,0.0,2.718366610185338e+23,-24484.209,-0.0,-0.0,-0.0,0,0,4,17395,7116,0.0,100,0.0,0.0,2.718366610185338e+23,0.0,0.0,0,0,0,0,0.0,0,0,0,0,0,0,0,0,0,0,0,0,0,0,0,0,0,0,0,0,0,0,0,0,0,0,0,0,0,0,0,0,0,31,40,40,71,65476,0,300,0,0,8,21553,0.0,-107605600.0,0.0,0.0,0.0,0.0,0.0,0.0,0.0,0.0,0.0,0.0,0.0,0.0,0.0,0.0,0.0,0.0,0.0,0.0,0.0,0.0,0.0,0.0,0.0,0.0,0.0,0.0,0.0,0.0,4793.0,-1.0406645142989446e+34,6943.0,0.0,0.0,2.004,2.004,0.0,0.0,0.0,0.0,69,0.0,-107614712.0,0.0,0.0,0.0,0.0,0.0,0.0,0.0,0,0,0,0.0,0.0,0.0,0.0,0.0,0.0,0.0,0.0,0.0,0.0,0.0,0.0,0.0,0.0,0.0,0.0,0,-107875648.0,69,0.0,138,0.0,2.012,ERR,ERR,ERR,ERR,ERR,ERR,ERR,ERR,ERR,ERR,ERR,ERR,ERR,ERR,ERR,ERR,ERR,ERR,ERR,ERR,ERR,ERR,ERR,ERR,ERR,ERR,ERR,ERR,ERR,ERR,ERR,ERR,ERR,ERR,ERR,ERR,ERR,ERR,ERR,ERR,ERR,ERR,ERR,ERR,ERR,ERR,ERR,ERR,ERR,ERR,ERR,ERR,ERR,ERR,ERR,ERR,ERR,ERR,ERR,ERR,ERR,ERR,ERR,ERR,ERR,ERR,ERR,60.0,60.0,35,0.0,0.0,0.0,0.0,0.0,0.0,0.0,0.0,0.0,0.0,0.0,0.0,0.0,0.0,0.0,0.0,65.2,0,136,65,50,65476,0,65476,1,4,4,20529,65476,0,0,2621,60.0,0.0,0.0,0.0,0.0,0.0
2026-07-09T15:03:30,ERR,ERR,ERR,ERR,ERR,ERR,ERR,ERR,ERR,ERR,ERR,ERR,ERR,ERR,ERR,ERR,ERR,ERR,ERR,ERR,ERR,ERR,ERR,ERR,ERR,ERR,ERR,ERR,ERR,ERR,ERR,ERR,ERR,ERR,ERR,ERR,ERR,ERR,ERR,ERR,ERR,ERR,ERR,ERR,ERR,ERR,ERR,ERR,ERR,ERR,ERR,ERR,ERR,ERR,ERR,ERR,ERR,ERR,ERR,ERR,ERR,ERR,ERR,ERR,ERR,ERR,ERR,ERR,ERR,ERR,ERR,ERR,ERR,ERR,ERR,ERR,ERR,ERR,ERR,ERR,ERR,ERR,ERR,ERR,ERR,ERR,ERR,ERR,ERR,ERR,ERR,ERR,ERR,ERR,ERR,ERR,ERR,ERR,ERR,ERR,ERR,ERR,ERR,ERR,ERR,ERR,ERR,ERR,ERR,ERR,ERR,ERR,ERR,ERR,ERR,ERR,ERR,ERR,ERR,ERR,ERR,ERR,ERR,ERR,ERR,-107615136.0,0.0,0.0,2.718366610185338e+23,-24484.209,-0.0,-0.0,-0.0,0,0,4,17395,7116,0.0,100,0.0,0.0,2.718366610185338e+23,0.0,0.0,0,0,0,0,0.0,0,0,0,0,0,0,0,0,0,0,0,0,0,0,0,0,0,0,0,0,0,0,0,0,0,0,0,0,0,0,0,0,0,31,40,40,71,65476,0,300,0,0,8,21553,0.0,-107605600.0,0.0,0.0,0.0,0.0,0.0,0.0,0.0,0.0,0.0,0.0,0.0,0.0,0.0,0.0,0.0,0.0,0.0,0.0,0.0,0.0,0.0,0.0,0.0,0.0,0.0,0.0,0.0,0.0,4793.0,-1.0406645142989446e+34,6943.0,0.0,0.0,2.004,2.004,0.0,0.0,0.0,0.0,69,0.0,-107614712.0,0.0,0.0,0.0,0.0,0.0,0.0,0.0,0,0,0,0.0,0.0,0.0,0.0,0.0,0.0,0.0,0.0,0.0,0.0,0.0,0.0,0.0,0.0,0.0,0.0,0,-107875648.0,69,0.0,138,0.0,2.012,ERR,ERR,ERR,ERR,ERR,ERR,ERR,ERR,ERR,ERR,ERR,ERR,ERR,ERR,ERR,ERR,ERR,ERR,ERR,ERR,ERR,ERR,ERR,ERR,ERR,ERR,ERR,ERR,ERR,ERR,ERR,ERR,ERR,ERR,ERR,ERR,ERR,ERR,ERR,ERR,ERR,ERR,ERR,ERR,ERR,ERR,ERR,ERR,ERR,ERR,ERR,ERR,ERR,ERR,ERR,ERR,ERR,ERR,ERR,ERR,ERR,ERR,ERR,ERR,ERR,ERR,ERR,60.0,60.0,35,0.0,0.0,0.0,0.0,0.0,0.0,0.0,0.0,0.0,0.0,0.0,0.0,0.0,0.0,0.0,0.0,65.2,0,135,65,50,65476,0,65476,1,4,4,20529,65476,0,0,2621,60.0,0.0,0.0,0.0,0.0,0.0
2026-07-09T15:03:31,ERR,ERR,ERR,ERR,ERR,ERR,ERR,ERR,ERR,ERR,ERR,ERR,ERR,ERR,ERR,ERR,ERR,ERR,ERR,ERR,ERR,ERR,ERR,ERR,ERR,ERR,ERR,ERR,ERR,ERR,ERR,ERR,ERR,ERR,ERR,ERR,ERR,ERR,ERR,ERR,ERR,ERR,ERR,ERR,ERR,ERR,ERR,ERR,ERR,ERR,ERR,ERR,ERR,ERR,ERR,ERR,ERR,ERR,ERR,ERR,ERR,ERR,ERR,ERR,ERR,ERR,ERR,ERR,ERR,ERR,ERR,ERR,ERR,ERR,ERR,ERR,ERR,ERR,ERR,ERR,ERR,ERR,ERR,ERR,ERR,ERR,ERR,ERR,ERR,ERR,ERR,ERR,ERR,ERR,ERR,ERR,ERR,ERR,ERR,ERR,ERR,ERR,ERR,ERR,ERR,ERR,ERR,ERR,ERR,ERR,ERR,ERR,ERR,ERR,ERR,ERR,ERR,ERR,ERR,ERR,ERR,ERR,ERR,ERR,ERR,-107615136.0,0.0,0.0,2.718366610185338e+23,-24484.209,-0.0,-0.0,-0.0,0,0,4,17395,7116,0.0,100,0.0,0.0,2.718366610185338e+23,0.0,0.0,0,0,0,0,0.0,0,0,0,0,0,0,0,0,0,0,0,0,0,0,0,0,0,0,0,0,0,0,0,0,0,0,0,0,0,0,0,0,0,31,40,40,71,65476,0,300,0,0,8,21553,0.0,-107605600.0,0.0,0.0,0.0,0.0,0.0,0.0,0.0,0.0,0.0,0.0,0.0,0.0,0.0,0.0,0.0,0.0,0.0,0.0,0.0,0.0,0.0,0.0,0.0,0.0,0.0,0.0,0.0,0.0,4793.0,-1.0406645142989446e+34,6943.0,0.0,0.0,2.004,2.004,0.0,0.0,0.0,0.0,69,0.0,-107614712.0,0.0,0.0,0.0,0.0,0.0,0.0,0.0,0,0,0,0.0,0.0,0.0,0.0,0.0,0.0,0.0,0.0,0.0,0.0,0.0,0.0,0.0,0.0,0.0,0.0,0,-107875648.0,69,0.0,138,0.0,2.012,ERR,ERR,ERR,ERR,ERR,ERR,ERR,ERR,ERR,ERR,ERR,ERR,ERR,ERR,ERR,ERR,ERR,ERR,ERR,ERR,ERR,ERR,ERR,ERR,ERR,ERR,ERR,ERR,ERR,ERR,ERR,ERR,ERR,ERR,ERR,ERR,ERR,ERR,ERR,ERR,ERR,ERR,ERR,ERR,ERR,ERR,ERR,ERR,ERR,ERR,ERR,ERR,ERR,ERR,ERR,ERR,ERR,ERR,ERR,ERR,ERR,ERR,ERR,ERR,ERR,ERR,ERR,60.0,60.0,35,0.0,0.0,0.0,0.0,0.0,0.0,0.0,0.0,0.0,0.0,0.0,0.0,0.0,0.0,0.0,0.0,65.2,0,135,65,50,65476,0,65476,1,4,4,20529,65476,0,0,2621,60.0,0.0,0.0,0.0,0.0,0.0
2026-07-09T15:03:32,ERR,ERR,ERR,ERR,ERR,ERR,ERR,ERR,ERR,ERR,ERR,ERR,ERR,ERR,ERR,ERR,ERR,ERR,ERR,ERR,ERR,ERR,ERR,ERR,ERR,ERR,ERR,ERR,ERR,ERR,ERR,ERR,ERR,ERR,ERR,ERR,ERR,ERR,ERR,ERR,ERR,ERR,ERR,ERR,ERR,ERR,ERR,ERR,ERR,ERR,ERR,ERR,ERR,ERR,ERR,ERR,ERR,ERR,ERR,ERR,ERR,ERR,ERR,ERR,ERR,ERR,ERR,ERR,ERR,ERR,ERR,ERR,ERR,ERR,ERR,ERR,ERR,ERR,ERR,ERR,ERR,ERR,ERR,ERR,ERR,ERR,ERR,ERR,ERR,ERR,ERR,ERR,ERR,ERR,ERR,ERR,ERR,ERR,ERR,ERR,ERR,ERR,ERR,ERR,ERR,ERR,ERR,ERR,ERR,ERR,ERR,ERR,ERR,ERR,ERR,ERR,ERR,ERR,ERR,ERR,ERR,ERR,ERR,ERR,ERR,-107615136.0,0.0,0.0,2.718366610185338e+23,-24484.209,-0.0,-0.0,-0.0,0,0,4,17395,7116,0.0,100,0.0,0.0,2.718366610185338e+23,0.0,0.0,0,0,0,0,0.0,0,0,0,0,0,0,0,0,0,0,0,0,0,0,0,0,0,0,0,0,0,0,0,0,0,0,0,0,0,0,0,0,0,31,40,40,71,65476,0,300,0,0,8,21553,0.0,-107605600.0,0.0,0.0,0.0,0.0,0.0,0.0,0.0,0.0,0.0,0.0,0.0,0.0,0.0,0.0,0.0,0.0,0.0,0.0,0.0,0.0,0.0,0.0,0.0,0.0,0.0,0.0,0.0,0.0,4793.0,-1.0406645142989446e+34,6943.0,0.0,0.0,2.004,2.004,0.0,0.0,0.0,0.0,69,0.0,-107614712.0,0.0,0.0,0.0,0.0,0.0,0.0,0.0,0,0,0,0.0,0.0,0.0,0.0,0.0,0.0,0.0,0.0,0.0,0.0,0.0,0.0,0.0,0.0,0.0,0.0,0,-107875648.0,69,0.0,138,0.0,2.012,ERR,ERR,ERR,ERR,ERR,ERR,ERR,ERR,ERR,ERR,ERR,ERR,ERR,ERR,ERR,ERR,ERR,ERR,ERR,ERR,ERR,ERR,ERR,ERR,ERR,ERR,ERR,ERR,ERR,ERR,ERR,ERR,ERR,ERR,ERR,ERR,ERR,ERR,ERR,ERR,ERR,ERR,ERR,ERR,ERR,ERR,ERR,ERR,ERR,ERR,ERR,ERR,ERR,ERR,ERR,ERR,ERR,ERR,ERR,ERR,ERR,ERR,ERR,ERR,ERR,ERR,ERR,60.0,60.0,35,0.0,0.0,0.0,0.0,0.0,0.0,0.0,0.0,0.0,0.0,0.0,0.0,0.0,0.0,0.0,0.0,65.6,0,135,65,50,65476,0,65476,1,4,4,20529,65476,0,0,2621,60.0,0.0,0.0,0.0,0.0,0.0
2026-07-09T15:03:33,ERR,ERR,ERR,ERR,ERR,ERR,ERR,ERR,ERR,ERR,ERR,ERR,ERR,ERR,ERR,ERR,ERR,ERR,ERR,ERR,ERR,ERR,ERR,ERR,ERR,ERR,ERR,ERR,ERR,ERR,ERR,ERR,ERR,ERR,ERR,ERR,ERR,ERR,ERR,ERR,ERR,ERR,ERR,ERR,ERR,ERR,ERR,ERR,ERR,ERR,ERR,ERR,ERR,ERR,ERR,ERR,ERR,ERR,ERR,ERR,ERR,ERR,ERR,ERR,ERR,ERR,ERR,ERR,ERR,ERR,ERR,ERR,ERR,ERR,ERR,ERR,ERR,ERR,ERR,ERR,ERR,ERR,ERR,ERR,ERR,ERR,ERR,ERR,ERR,ERR,ERR,ERR,ERR,ERR,ERR,ERR,ERR,ERR,ERR,ERR,ERR,ERR,ERR,ERR,ERR,ERR,ERR,ERR,ERR,ERR,ERR,ERR,ERR,ERR,ERR,ERR,ERR,ERR,ERR,ERR,ERR,ERR,ERR,ERR,ERR,0.0,0.0,0.0,0.0,-3.1761310923272844e+29,9104.386,0.0,48.063,0,0,4,17393,7116,0.0,100,0.0,0.0,0.0,0.0,0.0,0,0,0,0,0.0,0,0,0,0,0,0,0,0,0,0,0,0,0,0,0,0,0,0,0,0,0,0,0,0,0,0,0,0,0,0,0,0,0,31,40,40,71,65476,0,300,0,0,8,21553,0.0,-107605600.0,0.0,0.0,0.0,0.0,0.0,0.0,0.0,0.0,0.0,0.0,0.0,0.0,0.0,0.0,0.0,0.0,0.0,0.0,0.0,0.0,2.004,0.0,0.0,0.0,0.0,0.0,0.0,0.0,4776.0,-0.0,6931.0,0.0,2.718442450803063e+23,2.004,2.004,0.0,0.0,0.0,0.0,69,-3.2220252722715376e+26,5.848052117892078e+35,0.0,0.0,0.0,0.0,0.0,0.0,0.0,0,0,0,0.0,0.0,0.0,0.0,0.0,0.0,0.0,0.0,0.0,0.0,0.0,0.0,0.0,0.0,0.0,0.0,0,-107875648.0,69,0.0,138,0.0,2.012,ERR,ERR,ERR,ERR,ERR,ERR,ERR,ERR,ERR,ERR,ERR,ERR,ERR,ERR,ERR,ERR,ERR,ERR,ERR,ERR,ERR,ERR,ERR,ERR,ERR,ERR,ERR,ERR,ERR,ERR,ERR,ERR,ERR,ERR,ERR,ERR,ERR,ERR,ERR,ERR,ERR,ERR,ERR,ERR,ERR,ERR,ERR,ERR,ERR,ERR,ERR,ERR,ERR,ERR,ERR,ERR,ERR,ERR,ERR,ERR,ERR,ERR,ERR,ERR,ERR,ERR,ERR,60.0,60.0,35,0.0,0.0,0.0,0.0,0.0,0.0,0.0,0.0,0.0,0.0,0.0,0.0,0.0,0.0,0.0,0.0,65.6,0,135,65,50,65476,0,65476,1,4,4,20529,65476,0,0,2621,60.0,0.0,0.0,0.0,0.0,0.0
2026-07-09T15:03:34,ERR,ERR,ERR,ERR,ERR,ERR,ERR,ERR,ERR,ERR,ERR,ERR,ERR,ERR,ERR,ERR,ERR,ERR,ERR,ERR,ERR,ERR,ERR,ERR,ERR,ERR,ERR,ERR,ERR,ERR,ERR,ERR,ERR,ERR,ERR,ERR,ERR,ERR,ERR,ERR,ERR,ERR,ERR,ERR,ERR,ERR,ERR,ERR,ERR,ERR,ERR,ERR,ERR,ERR,ERR,ERR,ERR,ERR,ERR,ERR,ERR,ERR,ERR,ERR,ERR,ERR,ERR,ERR,ERR,ERR,ERR,ERR,ERR,ERR,ERR,ERR,ERR,ERR,ERR,ERR,ERR,ERR,ERR,ERR,ERR,ERR,ERR,ERR,ERR,ERR,ERR,ERR,ERR,ERR,ERR,ERR,ERR,ERR,ERR,ERR,ERR,ERR,ERR,ERR,ERR,ERR,ERR,ERR,ERR,ERR,ERR,ERR,ERR,ERR,ERR,ERR,ERR,ERR,ERR,ERR,ERR,ERR,ERR,ERR,ERR,0.0,0.0,0.0,0.0,-3.1761310923272844e+29,9104.386,0.0,48.063,0,0,4,17393,7116,0.0,100,0.0,0.0,0.0,0.0,0.0,0,0,0,0,0.0,0,0,0,0,0,0,0,0,0,0,0,0,0,0,0,0,0,0,0,0,0,0,0,0,0,0,0,0,0,0,0,0,0,31,40,40,71,65476,0,300,0,0,8,21553,0.0,-107605600.0,0.0,0.0,0.0,0.0,0.0,0.0,0.0,0.0,0.0,0.0,0.0,0.0,0.0,0.0,0.0,0.0,0.0,0.0,0.0,0.0,2.004,0.0,0.0,0.0,0.0,0.0,0.0,0.0,4776.0,-0.0,6931.0,0.0,2.718442450803063e+23,2.004,2.004,0.0,0.0,0.0,0.0,69,-3.2220252722715376e+26,5.848052117892078e+35,0.0,0.0,0.0,0.0,0.0,0.0,0.0,0,0,0,0.0,0.0,0.0,0.0,0.0,0.0,0.0,0.0,0.0,0.0,0.0,0.0,0.0,0.0,0.0,0.0,0,-107875648.0,69,0.0,138,0.0,2.012,ERR,ERR,ERR,ERR,ERR,ERR,ERR,ERR,ERR,ERR,ERR,ERR,ERR,ERR,ERR,ERR,ERR,ERR,ERR,ERR,ERR,ERR,ERR,ERR,ERR,ERR,ERR,ERR,ERR,ERR,ERR,ERR,ERR,ERR,ERR,ERR,ERR,ERR,ERR,ERR,ERR,ERR,ERR,ERR,ERR,ERR,ERR,ERR,ERR,ERR,ERR,ERR,ERR,ERR,ERR,ERR,ERR,ERR,ERR,ERR,ERR,ERR,ERR,ERR,ERR,ERR,ERR,60.0,60.0,35,0.0,0.0,0.0,0.0,0.0,0.0,0.0,0.0,0.0,0.0,0.0,0.0,0.0,0.0,0.0,0.0,65.6,0,135,65,50,65476,0,65476,1,4,4,20529,65476,0,0,2621,60.0,0.0,0.0,0.0,0.0,0.0
2026-07-09T15:03:35,ERR,ERR,ERR,ERR,ERR,ERR,ERR,ERR,ERR,ERR,ERR,ERR,ERR,ERR,ERR,ERR,ERR,ERR,ERR,ERR,ERR,ERR,ERR,ERR,ERR,ERR,ERR,ERR,ERR,ERR,ERR,ERR,ERR,ERR,ERR,ERR,ERR,ERR,ERR,ERR,ERR,ERR,ERR,ERR,ERR,ERR,ERR,ERR,ERR,ERR,ERR,ERR,ERR,ERR,ERR,ERR,ERR,ERR,ERR,ERR,ERR,ERR,ERR,ERR,ERR,ERR,ERR,ERR,ERR,ERR,ERR,ERR,ERR,ERR,ERR,ERR,ERR,ERR,ERR,ERR,ERR,ERR,ERR,ERR,ERR,ERR,ERR,ERR,ERR,ERR,ERR,ERR,ERR,ERR,ERR,ERR,ERR,ERR,ERR,ERR,ERR,ERR,ERR,ERR,ERR,ERR,ERR,ERR,ERR,ERR,ERR,ERR,ERR,ERR,ERR,ERR,ERR,ERR,ERR,ERR,ERR,ERR,ERR,ERR,ERR,0.0,0.0,0.0,0.0,-3.1761310923272844e+29,9104.386,0.0,48.063,0,0,4,17393,7116,0.0,100,0.0,0.0,0.0,0.0,0.0,0,0,0,0,0.0,0,0,0,0,0,0,0,0,0,0,0,0,0,0,0,0,0,0,0,0,0,0,0,0,0,0,0,0,0,0,0,0,0,31,40,40,71,65476,0,300,0,0,8,21553,0.0,-107605600.0,0.0,0.0,0.0,0.0,0.0,0.0,0.0,0.0,0.0,0.0,0.0,0.0,0.0,0.0,0.0,0.0,0.0,0.0,0.0,0.0,2.004,0.0,0.0,0.0,0.0,0.0,0.0,0.0,4776.0,-0.0,6931.0,0.0,2.718442450803063e+23,2.004,2.004,0.0,0.0,0.0,0.0,69,-3.2220252722715376e+26,5.848052117892078e+35,0.0,0.0,0.0,0.0,0.0,0.0,0.0,0,0,0,0.0,0.0,0.0,0.0,0.0,0.0,0.0,0.0,0.0,0.0,0.0,0.0,0.0,0.0,0.0,0.0,0,-107875648.0,69,0.0,138,0.0,2.012,ERR,ERR,ERR,ERR,ERR,ERR,ERR,ERR,ERR,ERR,ERR,ERR,ERR,ERR,ERR,ERR,ERR,ERR,ERR,ERR,ERR,ERR,ERR,ERR,ERR,ERR,ERR,ERR,ERR,ERR,ERR,ERR,ERR,ERR,ERR,ERR,ERR,ERR,ERR,ERR,ERR,ERR,ERR,ERR,ERR,ERR,ERR,ERR,ERR,ERR,ERR,ERR,ERR,ERR,ERR,ERR,ERR,ERR,ERR,ERR,ERR,ERR,ERR,ERR,ERR,ERR,ERR,60.0,60.0,35,0.0,0.0,0.0,0.0,0.0,0.0,0.0,0.0,0.0,0.0,0.0,0.0,0.0,0.0,0.0,0.0,65.2,0,135,65,50,65476,0,65476,1,4,4,20529,65476,0,0,2621,60.0,0.0,0.0,0.0,0.0,0.0
2026-07-09T15:03:36,ERR,ERR,ERR,ERR,ERR,ERR,ERR,ERR,ERR,ERR,ERR,ERR,ERR,ERR,ERR,ERR,ERR,ERR,ERR,ERR,ERR,ERR,ERR,ERR,ERR,ERR,ERR,ERR,ERR,ERR,ERR,ERR,ERR,ERR,ERR,ERR,ERR,ERR,ERR,ERR,ERR,ERR,ERR,ERR,ERR,ERR,ERR,ERR,ERR,ERR,ERR,ERR,ERR,ERR,ERR,ERR,ERR,ERR,ERR,ERR,ERR,ERR,ERR,ERR,ERR,ERR,ERR,ERR,ERR,ERR,ERR,ERR,ERR,ERR,ERR,ERR,ERR,ERR,ERR,ERR,ERR,ERR,ERR,ERR,ERR,ERR,ERR,ERR,ERR,ERR,ERR,ERR,ERR,ERR,ERR,ERR,ERR,ERR,ERR,ERR,ERR,ERR,ERR,ERR,ERR,ERR,ERR,ERR,ERR,ERR,ERR,ERR,ERR,ERR,ERR,ERR,ERR,ERR,ERR,ERR,ERR,ERR,ERR,ERR,ERR,0.0,0.0,0.0,0.0,-3.1761310923272844e+29,9104.386,0.0,48.063,0,0,4,17393,7116,0.0,100,0.0,0.0,0.0,0.0,0.0,0,0,0,0,0.0,0,0,0,0,0,0,0,0,0,0,0,0,0,0,0,0,0,0,0,0,0,0,0,0,0,0,0,0,0,0,0,0,0,31,40,40,71,65476,0,300,0,0,8,21553,0.0,-107605600.0,0.0,0.0,0.0,0.0,0.0,0.0,0.0,0.0,0.0,0.0,0.0,0.0,0.0,0.0,0.0,0.0,0.0,0.0,0.0,0.0,2.004,0.0,0.0,0.0,0.0,0.0,0.0,0.0,4776.0,-0.0,6931.0,0.0,2.718442450803063e+23,2.004,2.004,0.0,0.0,0.0,0.0,69,-3.2220252722715376e+26,5.848052117892078e+35,0.0,0.0,0.0,0.0,0.0,0.0,0.0,0,0,0,0.0,0.0,0.0,0.0,0.0,0.0,0.0,0.0,0.0,0.0,0.0,0.0,0.0,0.0,0.0,0.0,0,-107875648.0,69,0.0,138,0.0,2.012,ERR,ERR,ERR,ERR,ERR,ERR,ERR,ERR,ERR,ERR,ERR,ERR,ERR,ERR,ERR,ERR,ERR,ERR,ERR,ERR,ERR,ERR,ERR,ERR,ERR,ERR,ERR,ERR,ERR,ERR,ERR,ERR,ERR,ERR,ERR,ERR,ERR,ERR,ERR,ERR,ERR,ERR,ERR,ERR,ERR,ERR,ERR,ERR,ERR,ERR,ERR,ERR,ERR,ERR,ERR,ERR,ERR,ERR,ERR,ERR,ERR,ERR,ERR,ERR,ERR,ERR,ERR,60.0,60.0,35,0.0,0.0,0.0,0.0,0.0,0.0,0.0,0.0,0.0,0.0,0.0,0.0,0.0,0.0,0.0,0.0,65.2,0,135,65,50,65476,0,65476,1,4,4,20529,65476,0,0,2621,60.0,0.0,0.0,0.0,0.0,0.0
2026-07-09T15:03:37,ERR,ERR,ERR,ERR,ERR,ERR,ERR,ERR,ERR,ERR,ERR,ERR,ERR,ERR,ERR,ERR,ERR,ERR,ERR,ERR,ERR,ERR,ERR,ERR,ERR,ERR,ERR,ERR,ERR,ERR,ERR,ERR,ERR,ERR,ERR,ERR,ERR,ERR,ERR,ERR,ERR,ERR,ERR,ERR,ERR,ERR,ERR,ERR,ERR,ERR,ERR,ERR,ERR,ERR,ERR,ERR,ERR,ERR,ERR,ERR,ERR,ERR,ERR,ERR,ERR,ERR,ERR,ERR,ERR,ERR,ERR,ERR,ERR,ERR,ERR,ERR,ERR,ERR,ERR,ERR,ERR,ERR,ERR,ERR,ERR,ERR,ERR,ERR,ERR,ERR,ERR,ERR,ERR,ERR,ERR,ERR,ERR,ERR,ERR,ERR,ERR,ERR,ERR,ERR,ERR,ERR,ERR,ERR,ERR,ERR,ERR,ERR,ERR,ERR,ERR,ERR,ERR,ERR,ERR,ERR,ERR,ERR,ERR,ERR,ERR,0.0,0.0,0.0,0.0,-3.1761310923272844e+29,9104.386,0.0,48.063,0,0,4,17393,7116,0.0,100,0.0,0.0,0.0,0.0,0.0,0,0,0,0,0.0,0,0,0,0,0,0,0,0,0,0,0,0,0,0,0,0,0,0,0,0,0,0,0,0,0,0,0,0,0,0,0,0,0,31,40,40,71,65476,0,300,0,0,8,21553,0.0,-107605600.0,0.0,0.0,0.0,0.0,0.0,0.0,0.0,0.0,0.0,0.0,0.0,0.0,0.0,0.0,0.0,0.0,0.0,0.0,0.0,0.0,2.004,0.0,0.0,0.0,0.0,0.0,0.0,0.0,4776.0,-0.0,6931.0,0.0,2.718442450803063e+23,2.004,2.004,0.0,0.0,0.0,0.0,69,-3.2220252722715376e+26,5.848052117892078e+35,0.0,0.0,0.0,0.0,0.0,0.0,0.0,0,0,0,0.0,0.0,0.0,0.0,0.0,0.0,0.0,0.0,0.0,0.0,0.0,0.0,0.0,0.0,0.0,0.0,0,-107875648.0,69,0.0,138,0.0,2.012,ERR,ERR,ERR,ERR,ERR,ERR,ERR,ERR,ERR,ERR,ERR,ERR,ERR,ERR,ERR,ERR,ERR,ERR,ERR,ERR,ERR,ERR,ERR,ERR,ERR,ERR,ERR,ERR,ERR,ERR,ERR,ERR,ERR,ERR,ERR,ERR,ERR,ERR,ERR,ERR,ERR,ERR,ERR,ERR,ERR,ERR,ERR,ERR,ERR,ERR,ERR,ERR,ERR,ERR,ERR,ERR,ERR,ERR,ERR,ERR,ERR,ERR,ERR,ERR,ERR,ERR,ERR,60.0,60.0,35,0.0,0.0,0.0,0.0,0.0,0.0,0.0,0.0,0.0,0.0,0.0,0.0,0.0,0.0,0.0,0.0,65.2,0,135,65,50,65476,0,65476,1,4,4,20529,65476,0,0,2621,60.0,0.0,0.0,0.0,0.0,0.0
2026-07-09T15:03:38,ERR,ERR,ERR,ERR,ERR,ERR,ERR,ERR,ERR,ERR,ERR,ERR,ERR,ERR,ERR,ERR,ERR,ERR,ERR,ERR,ERR,ERR,ERR,ERR,ERR,ERR,ERR,ERR,ERR,ERR,ERR,ERR,ERR,ERR,ERR,ERR,ERR,ERR,ERR,ERR,ERR,ERR,ERR,ERR,ERR,ERR,ERR,ERR,ERR,ERR,ERR,ERR,ERR,ERR,ERR,ERR,ERR,ERR,ERR,ERR,ERR,ERR,ERR,ERR,ERR,ERR,ERR,ERR,ERR,ERR,ERR,ERR,ERR,ERR,ERR,ERR,ERR,ERR,ERR,ERR,ERR,ERR,ERR,ERR,ERR,ERR,ERR,ERR,ERR,ERR,ERR,ERR,ERR,ERR,ERR,ERR,ERR,ERR,ERR,ERR,ERR,ERR,ERR,ERR,ERR,ERR,ERR,ERR,ERR,ERR,ERR,ERR,ERR,ERR,ERR,ERR,ERR,ERR,ERR,ERR,ERR,ERR,ERR,ERR,ERR,0.0,-0.0,0.0,0.0,0.0,-0.521,-102155223040.0,1.995218718102063e+24,0,0,4,17394,7116,0.0,100,0.0,0.0,0.0,0.0,0.0,0,0,0,0,0.0,0,0,0,0,0,0,0,0,0,0,0,0,0,0,0,0,0,0,0,0,0,0,0,0,0,0,0,0,0,0,0,0,0,31,40,40,71,65476,0,300,0,0,8,21553,0.0,-107605600.0,0.0,0.0,0.0,0.0,0.0,0.0,0.0,0.0,0.0,0.0,0.0,0.0,0.0,0.0,0.0,0.0,0.0,0.0,0.0,0.0,2.004,2.004,0.0,0.0,0.0,0.0,0.0,0.0,4796.0,8608175104.0,6922.0,0.0,-0.0,2.004,2.004,0.0,0.0,0.0,0.0,69,-0.0,0.0,0.0,0.0,0.0,0.0,0.0,0.0,0.0,0,0,0,0.0,0.0,0.0,0.0,0.0,0.0,0.0,0.0,0.0,0.0,0.0,0.0,0.0,0.0,0.0,0.0,0,-107875648.0,69,0.0,138,0.0,2.012,ERR,ERR,ERR,ERR,ERR,ERR,ERR,ERR,ERR,ERR,ERR,ERR,ERR,ERR,ERR,ERR,ERR,ERR,ERR,ERR,ERR,ERR,ERR,ERR,ERR,ERR,ERR,ERR,ERR,ERR,ERR,ERR,ERR,ERR,ERR,ERR,ERR,ERR,ERR,ERR,ERR,ERR,ERR,ERR,ERR,ERR,ERR,ERR,ERR,ERR,ERR,ERR,ERR,ERR,ERR,ERR,ERR,ERR,ERR,ERR,ERR,ERR,ERR,ERR,ERR,ERR,ERR,60.0,60.0,35,0.0,0.0,0.0,0.0,0.0,0.0,0.0,0.0,0.0,0.0,0.0,0.0,0.0,0.0,0.0,0.0,65.2,0,135,65,50,65476,0,65476,1,4,4,20529,65476,0,0,2621,60.0,0.0,0.0,0.0,0.0,0.0
2026-07-09T15:03:39,ERR,ERR,ERR,ERR,ERR,ERR,ERR,ERR,ERR,ERR,ERR,ERR,ERR,ERR,ERR,ERR,ERR,ERR,ERR,ERR,ERR,ERR,ERR,ERR,ERR,ERR,ERR,ERR,ERR,ERR,ERR,ERR,ERR,ERR,ERR,ERR,ERR,ERR,ERR,ERR,ERR,ERR,ERR,ERR,ERR,ERR,ERR,ERR,ERR,ERR,ERR,ERR,ERR,ERR,ERR,ERR,ERR,ERR,ERR,ERR,ERR,ERR,ERR,ERR,ERR,ERR,ERR,ERR,ERR,ERR,ERR,ERR,ERR,ERR,ERR,ERR,ERR,ERR,ERR,ERR,ERR,ERR,ERR,ERR,ERR,ERR,ERR,ERR,ERR,ERR,ERR,ERR,ERR,ERR,ERR,ERR,ERR,ERR,ERR,ERR,ERR,ERR,ERR,ERR,ERR,ERR,ERR,ERR,ERR,ERR,ERR,ERR,ERR,ERR,ERR,ERR,ERR,ERR,ERR,ERR,ERR,ERR,ERR,ERR,ERR,0.0,-0.0,0.0,0.0,0.0,-0.521,-102155223040.0,1.995218718102063e+24,0,0,4,17394,7116,0.0,100,0.0,0.0,0.0,0.0,0.0,0,0,0,0,0.0,0,0,0,0,0,0,0,0,0,0,0,0,0,0,0,0,0,0,0,0,0,0,0,0,0,0,0,0,0,0,0,0,0,31,40,40,71,65476,0,300,0,0,8,21553,0.0,-107605600.0,0.0,0.0,0.0,0.0,0.0,0.0,0.0,0.0,0.0,0.0,0.0,0.0,0.0,0.0,0.0,0.0,0.0,0.0,0.0,0.0,2.004,2.004,0.0,0.0,0.0,0.0,0.0,0.0,4796.0,8608175104.0,6922.0,0.0,-0.0,2.004,2.004,0.0,0.0,0.0,0.0,69,-0.0,0.0,0.0,0.0,0.0,0.0,0.0,0.0,0.0,0,0,0,0.0,0.0,0.0,0.0,0.0,0.0,0.0,0.0,0.0,0.0,0.0,0.0,0.0,0.0,0.0,0.0,0,-107875648.0,69,0.0,138,0.0,2.012,ERR,ERR,ERR,ERR,ERR,ERR,ERR,ERR,ERR,ERR,ERR,ERR,ERR,ERR,ERR,ERR,ERR,ERR,ERR,ERR,ERR,ERR,ERR,ERR,ERR,ERR,ERR,ERR,ERR,ERR,ERR,ERR,ERR,ERR,ERR,ERR,ERR,ERR,ERR,ERR,ERR,ERR,ERR,ERR,ERR,ERR,ERR,ERR,ERR,ERR,ERR,ERR,ERR,ERR,ERR,ERR,ERR,ERR,ERR,ERR,ERR,ERR,ERR,ERR,ERR,ERR,ERR,60.0,60.0,35,0.0,0.0,0.0,0.0,0.0,0.0,0.0,0.0,0.0,0.0,0.0,0.0,0.0,0.0,0.0,0.0,65.2,0,135,65,50,65476,0,65476,1,4,4,20529,65476,0,0,2621,60.0,0.0,0.0,0.0,0.0,0.0
2026-07-09T15:03:40,ERR,ERR,ERR,ERR,ERR,ERR,ERR,ERR,ERR,ERR,ERR,ERR,ERR,ERR,ERR,ERR,ERR,ERR,ERR,ERR,ERR,ERR,ERR,ERR,ERR,ERR,ERR,ERR,ERR,ERR,ERR,ERR,ERR,ERR,ERR,ERR,ERR,ERR,ERR,ERR,ERR,ERR,ERR,ERR,ERR,ERR,ERR,ERR,ERR,ERR,ERR,ERR,ERR,ERR,ERR,ERR,ERR,ERR,ERR,ERR,ERR,ERR,ERR,ERR,ERR,ERR,ERR,ERR,ERR,ERR,ERR,ERR,ERR,ERR,ERR,ERR,ERR,ERR,ERR,ERR,ERR,ERR,ERR,ERR,ERR,ERR,ERR,ERR,ERR,ERR,ERR,ERR,ERR,ERR,ERR,ERR,ERR,ERR,ERR,ERR,ERR,ERR,ERR,ERR,ERR,ERR,ERR,ERR,ERR,ERR,ERR,ERR,ERR,ERR,ERR,ERR,ERR,ERR,ERR,ERR,ERR,ERR,ERR,ERR,ERR,0.0,-0.0,0.0,0.0,0.0,-0.521,-102155223040.0,1.995218718102063e+24,0,0,4,17394,7116,0.0,100,0.0,0.0,0.0,0.0,0.0,0,0,0,0,0.0,0,0,0,0,0,0,0,0,0,0,0,0,0,0,0,0,0,0,0,0,0,0,0,0,0,0,0,0,0,0,0,0,0,31,40,40,71,65476,0,300,0,0,8,21553,0.0,-107605600.0,0.0,0.0,0.0,0.0,0.0,0.0,0.0,0.0,0.0,0.0,0.0,0.0,0.0,0.0,0.0,0.0,0.0,0.0,0.0,0.0,2.004,2.004,0.0,0.0,0.0,0.0,0.0,0.0,4796.0,8608175104.0,6922.0,0.0,-0.0,2.004,2.004,0.0,0.0,0.0,0.0,69,-0.0,0.0,0.0,0.0,0.0,0.0,0.0,0.0,0.0,0,0,0,0.0,0.0,0.0,0.0,0.0,0.0,0.0,0.0,0.0,0.0,0.0,0.0,0.0,0.0,0.0,0.0,0,-107875648.0,69,0.0,138,0.0,2.012,ERR,ERR,ERR,ERR,ERR,ERR,ERR,ERR,ERR,ERR,ERR,ERR,ERR,ERR,ERR,ERR,ERR,ERR,ERR,ERR,ERR,ERR,ERR,ERR,ERR,ERR,ERR,ERR,ERR,ERR,ERR,ERR,ERR,ERR,ERR,ERR,ERR,ERR,ERR,ERR,ERR,ERR,ERR,ERR,ERR,ERR,ERR,ERR,ERR,ERR,ERR,ERR,ERR,ERR,ERR,ERR,ERR,ERR,ERR,ERR,ERR,ERR,ERR,ERR,ERR,ERR,ERR,60.0,60.0,35,0.0,0.0,0.0,0.0,0.0,0.0,0.0,0.0,0.0,0.0,0.0,0.0,0.0,0.0,0.0,0.0,65.6,0,135,65,50,65476,0,65476,1,4,4,20529,65476,0,0,2621,60.0,0.0,0.0,0.0,0.0,0.0
2026-07-09T15:03:41,ERR,ERR,ERR,ERR,ERR,ERR,ERR,ERR,ERR,ERR,ERR,ERR,ERR,ERR,ERR,ERR,ERR,ERR,ERR,ERR,ERR,ERR,ERR,ERR,ERR,ERR,ERR,ERR,ERR,ERR,ERR,ERR,ERR,ERR,ERR,ERR,ERR,ERR,ERR,ERR,ERR,ERR,ERR,ERR,ERR,ERR,ERR,ERR,ERR,ERR,ERR,ERR,ERR,ERR,ERR,ERR,ERR,ERR,ERR,ERR,ERR,ERR,ERR,ERR,ERR,ERR,ERR,ERR,ERR,ERR,ERR,ERR,ERR,ERR,ERR,ERR,ERR,ERR,ERR,ERR,ERR,ERR,ERR,ERR,ERR,ERR,ERR,ERR,ERR,ERR,ERR,ERR,ERR,ERR,ERR,ERR,ERR,ERR,ERR,ERR,ERR,ERR,ERR,ERR,ERR,ERR,ERR,ERR,ERR,ERR,ERR,ERR,ERR,ERR,ERR,ERR,ERR,ERR,ERR,ERR,ERR,ERR,ERR,ERR,ERR,0.0,-0.0,0.0,0.0,0.0,-0.521,-102155223040.0,1.995218718102063e+24,0,0,4,17394,7116,0.0,100,0.0,0.0,0.0,0.0,0.0,0,0,0,0,0.0,0,0,0,0,0,0,0,0,0,0,0,0,0,0,0,0,0,0,0,0,0,0,0,0,0,0,0,0,0,0,0,0,0,31,40,40,71,65476,0,300,0,0,8,21553,0.0,-107605600.0,0.0,0.0,0.0,0.0,0.0,0.0,0.0,0.0,0.0,0.0,0.0,0.0,0.0,0.0,0.0,0.0,0.0,0.0,0.0,0.0,2.004,2.004,0.0,0.0,0.0,0.0,0.0,0.0,4796.0,8608175104.0,6922.0,0.0,-0.0,2.004,2.004,0.0,0.0,0.0,0.0,69,-0.0,0.0,0.0,0.0,0.0,0.0,0.0,0.0,0.0,0,0,0,0.0,0.0,0.0,0.0,0.0,0.0,0.0,0.0,0.0,0.0,0.0,0.0,0.0,0.0,0.0,0.0,0,-107875648.0,69,0.0,138,0.0,2.012,ERR,ERR,ERR,ERR,ERR,ERR,ERR,ERR,ERR,ERR,ERR,ERR,ERR,ERR,ERR,ERR,ERR,ERR,ERR,ERR,ERR,ERR,ERR,ERR,ERR,ERR,ERR,ERR,ERR,ERR,ERR,ERR,ERR,ERR,ERR,ERR,ERR,ERR,ERR,ERR,ERR,ERR,ERR,ERR,ERR,ERR,ERR,ERR,ERR,ERR,ERR,ERR,ERR,ERR,ERR,ERR,ERR,ERR,ERR,ERR,ERR,ERR,ERR,ERR,ERR,ERR,ERR,60.0,60.0,35,0.0,0.0,0.0,0.0,0.0,0.0,0.0,0.0,0.0,0.0,0.0,0.0,0.0,0.0,0.0,0.0,65.6,0,135,65,50,65476,0,65476,1,4,4,20529,65476,0,0,2621,60.0,0.0,0.0,0.0,0.0,0.0
2026-07-09T15:03:42,ERR,ERR,ERR,ERR,ERR,ERR,ERR,ERR,ERR,ERR,ERR,ERR,ERR,ERR,ERR,ERR,ERR,ERR,ERR,ERR,ERR,ERR,ERR,ERR,ERR,ERR,ERR,ERR,ERR,ERR,ERR,ERR,ERR,ERR,ERR,ERR,ERR,ERR,ERR,ERR,ERR,ERR,ERR,ERR,ERR,ERR,ERR,ERR,ERR,ERR,ERR,ERR,ERR,ERR,ERR,ERR,ERR,ERR,ERR,ERR,ERR,ERR,ERR,ERR,ERR,ERR,ERR,ERR,ERR,ERR,ERR,ERR,ERR,ERR,ERR,ERR,ERR,ERR,ERR,ERR,ERR,ERR,ERR,ERR,ERR,ERR,ERR,ERR,ERR,ERR,ERR,ERR,ERR,ERR,ERR,ERR,ERR,ERR,ERR,ERR,ERR,ERR,ERR,ERR,ERR,ERR,ERR,ERR,ERR,ERR,ERR,ERR,ERR,ERR,ERR,ERR,ERR,ERR,ERR,ERR,ERR,ERR,ERR,ERR,ERR,0.0,-0.0,0.0,0.0,0.0,-0.521,-102155223040.0,1.995218718102063e+24,0,0,4,17394,7116,0.0,100,0.0,0.0,0.0,0.0,0.0,0,0,0,0,0.0,0,0,0,0,0,0,0,0,0,0,0,0,0,0,0,0,0,0,0,0,0,0,0,0,0,0,0,0,0,0,0,0,0,31,40,40,71,65476,0,300,0,0,8,21553,0.0,-107605600.0,0.0,0.0,0.0,0.0,0.0,0.0,0.0,0.0,0.0,0.0,0.0,0.0,0.0,0.0,0.0,0.0,0.0,0.0,0.0,0.0,2.004,2.004,0.0,0.0,0.0,0.0,0.0,0.0,4796.0,8608175104.0,6922.0,0.0,-0.0,2.004,2.004,0.0,0.0,0.0,0.0,69,-0.0,0.0,0.0,0.0,0.0,0.0,0.0,0.0,0.0,0,0,0,0.0,0.0,0.0,0.0,0.0,0.0,0.0,0.0,0.0,0.0,0.0,0.0,0.0,0.0,0.0,0.0,0,-107875648.0,69,0.0,138,0.0,2.012,ERR,ERR,ERR,ERR,ERR,ERR,ERR,ERR,ERR,ERR,ERR,ERR,ERR,ERR,ERR,ERR,ERR,ERR,ERR,ERR,ERR,ERR,ERR,ERR,ERR,ERR,ERR,ERR,ERR,ERR,ERR,ERR,ERR,ERR,ERR,ERR,ERR,ERR,ERR,ERR,ERR,ERR,ERR,ERR,ERR,ERR,ERR,ERR,ERR,ERR,ERR,ERR,ERR,ERR,ERR,ERR,ERR,ERR,ERR,ERR,ERR,ERR,ERR,ERR,ERR,ERR,ERR,60.0,60.0,35,0.0,0.0,0.0,0.0,0.0,0.0,0.0,0.0,0.0,0.0,0.0,0.0,0.0,0.0,0.0,0.0,65.2,0,135,65,50,65476,0,65476,1,4,4,20529,65476,0,0,2621,60.0,0.0,0.0,0.0,0.0,0.0
2026-07-09T15:03:43,ERR,ERR,ERR,ERR,ERR,ERR,ERR,ERR,ERR,ERR,ERR,ERR,ERR,ERR,ERR,ERR,ERR,ERR,ERR,ERR,ERR,ERR,ERR,ERR,ERR,ERR,ERR,ERR,ERR,ERR,ERR,ERR,ERR,ERR,ERR,ERR,ERR,ERR,ERR,ERR,ERR,ERR,ERR,ERR,ERR,ERR,ERR,ERR,ERR,ERR,ERR,ERR,ERR,ERR,ERR,ERR,ERR,ERR,ERR,ERR,ERR,ERR,ERR,ERR,ERR,ERR,ERR,ERR,ERR,ERR,ERR,ERR,ERR,ERR,ERR,ERR,ERR,ERR,ERR,ERR,ERR,ERR,ERR,ERR,ERR,ERR,ERR,ERR,ERR,ERR,ERR,ERR,ERR,ERR,ERR,ERR,ERR,ERR,ERR,ERR,ERR,ERR,ERR,ERR,ERR,ERR,ERR,ERR,ERR,ERR,ERR,ERR,ERR,ERR,ERR,ERR,ERR,ERR,ERR,ERR,ERR,ERR,ERR,ERR,ERR,0.0,-107615896.0,2.730219363828637e+23,2.718366610185338e+23,1.848751616389074e+19,-1.872458922809567e+29,0.0,718341799936.0,0,0,4,17395,7116,0.0,100,0.0,0.0,2.718366610185338e+23,0.0,0.0,0,0,0,0,0.0,0,0,0,0,0,0,0,0,0,0,0,0,0,0,0,0,0,0,0,0,0,0,0,0,0,0,0,0,0,0,0,0,0,31,40,40,71,65476,0,300,0,0,8,21553,0.0,-107605600.0,0.0,0.0,0.0,0.0,0.0,0.0,0.0,0.0,0.0,0.0,0.0,0.0,0.0,0.0,0.0,0.0,0.0,0.0,0.0,0.0,2.004,3.697062988322387e+19,0.0,0.0,0.0,0.0,0.0,0.0,4756.0,-564145296506880.0,6939.0,0.0,-107615896.0,2.004,2.004,0.0,0.0,0.0,0.0,69,-0.0,-0.0,0.0,0.0,0.0,0.0,0.0,0.0,0.0,0,0,0,0.0,0.0,0.0,0.0,0.0,0.0,0.0,0.0,0.0,0.0,0.0,0.0,0.0,0.0,0.0,0.0,0,-107875648.0,69,0.0,138,0.0,2.012,ERR,ERR,ERR,ERR,ERR,ERR,ERR,ERR,ERR,ERR,ERR,ERR,ERR,ERR,ERR,ERR,ERR,ERR,ERR,ERR,ERR,ERR,ERR,ERR,ERR,ERR,ERR,ERR,ERR,ERR,ERR,ERR,ERR,ERR,ERR,ERR,ERR,ERR,ERR,ERR,ERR,ERR,ERR,ERR,ERR,ERR,ERR,ERR,ERR,ERR,ERR,ERR,ERR,ERR,ERR,ERR,ERR,ERR,ERR,ERR,ERR,ERR,ERR,ERR,ERR,ERR,ERR,60.0,60.0,35,0.0,0.0,0.0,0.0,0.0,0.0,0.0,0.0,0.0,0.0,0.0,0.0,0.0,0.0,0.0,0.0,65.6,0,135,65,50,65476,0,65476,1,4,4,20529,65476,0,0,2621,60.0,0.0,0.0,0.0,0.0,0.0
2026-07-09T15:03:44,ERR,ERR,ERR,ERR,ERR,ERR,ERR,ERR,ERR,ERR,ERR,ERR,ERR,ERR,ERR,ERR,ERR,ERR,ERR,ERR,ERR,ERR,ERR,ERR,ERR,ERR,ERR,ERR,ERR,ERR,ERR,ERR,ERR,ERR,ERR,ERR,ERR,ERR,ERR,ERR,ERR,ERR,ERR,ERR,ERR,ERR,ERR,ERR,ERR,ERR,ERR,ERR,ERR,ERR,ERR,ERR,ERR,ERR,ERR,ERR,ERR,ERR,ERR,ERR,ERR,ERR,ERR,ERR,ERR,ERR,ERR,ERR,ERR,ERR,ERR,ERR,ERR,ERR,ERR,ERR,ERR,ERR,ERR,ERR,ERR,ERR,ERR,ERR,ERR,ERR,ERR,ERR,ERR,ERR,ERR,ERR,ERR,ERR,ERR,ERR,ERR,ERR,ERR,ERR,ERR,ERR,ERR,ERR,ERR,ERR,ERR,ERR,ERR,ERR,ERR,ERR,ERR,ERR,ERR,ERR,ERR,ERR,ERR,ERR,ERR,0.0,-107615896.0,2.730219363828637e+23,2.718366610185338e+23,1.848751616389074e+19,-1.872458922809567e+29,0.0,718341799936.0,0,0,4,17395,7116,0.0,100,0.0,0.0,2.718366610185338e+23,0.0,0.0,0,0,0,0,0.0,0,0,0,0,0,0,0,0,0,0,0,0,0,0,0,0,0,0,0,0,0,0,0,0,0,0,0,0,0,0,0,0,0,31,40,40,71,65476,0,300,0,0,8,21553,0.0,-107605600.0,0.0,0.0,0.0,0.0,0.0,0.0,0.0,0.0,0.0,0.0,0.0,0.0,0.0,0.0,0.0,0.0,0.0,0.0,0.0,0.0,2.004,3.697062988322387e+19,0.0,0.0,0.0,0.0,0.0,0.0,4756.0,-564145296506880.0,6939.0,0.0,-107615896.0,2.004,2.004,0.0,0.0,0.0,0.0,69,-0.0,-0.0,0.0,0.0,0.0,0.0,0.0,0.0,0.0,0,0,0,0.0,0.0,0.0,0.0,0.0,0.0,0.0,0.0,0.0,0.0,0.0,0.0,0.0,0.0,0.0,0.0,0,-107875648.0,69,0.0,138,0.0,2.012,ERR,ERR,ERR,ERR,ERR,ERR,ERR,ERR,ERR,ERR,ERR,ERR,ERR,ERR,ERR,ERR,ERR,ERR,ERR,ERR,ERR,ERR,ERR,ERR,ERR,ERR,ERR,ERR,ERR,ERR,ERR,ERR,ERR,ERR,ERR,ERR,ERR,ERR,ERR,ERR,ERR,ERR,ERR,ERR,ERR,ERR,ERR,ERR,ERR,ERR,ERR,ERR,ERR,ERR,ERR,ERR,ERR,ERR,ERR,ERR,ERR,ERR,ERR,ERR,ERR,ERR,ERR,60.0,60.0,35,0.0,0.0,0.0,0.0,0.0,0.0,0.0,0.0,0.0,0.0,0.0,0.0,0.0,0.0,0.0,0.0,65.6,0,135,65,50,65476,0,65476,1,4,4,20529,65476,0,0,2621,60.0,0.0,0.0,0.0,0.0,0.0
2026-07-09T15:03:45,ERR,ERR,ERR,ERR,ERR,ERR,ERR,ERR,ERR,ERR,ERR,ERR,ERR,ERR,ERR,ERR,ERR,ERR,ERR,ERR,ERR,ERR,ERR,ERR,ERR,ERR,ERR,ERR,ERR,ERR,ERR,ERR,ERR,ERR,ERR,ERR,ERR,ERR,ERR,ERR,ERR,ERR,ERR,ERR,ERR,ERR,ERR,ERR,ERR,ERR,ERR,ERR,ERR,ERR,ERR,ERR,ERR,ERR,ERR,ERR,ERR,ERR,ERR,ERR,ERR,ERR,ERR,ERR,ERR,ERR,ERR,ERR,ERR,ERR,ERR,ERR,ERR,ERR,ERR,ERR,ERR,ERR,ERR,ERR,ERR,ERR,ERR,ERR,ERR,ERR,ERR,ERR,ERR,ERR,ERR,ERR,ERR,ERR,ERR,ERR,ERR,ERR,ERR,ERR,ERR,ERR,ERR,ERR,ERR,ERR,ERR,ERR,ERR,ERR,ERR,ERR,ERR,ERR,ERR,ERR,ERR,ERR,ERR,ERR,ERR,0.0,-107615896.0,2.730219363828637e+23,2.718366610185338e+23,1.848751616389074e+19,-1.872458922809567e+29,0.0,718341799936.0,0,0,4,17395,7116,0.0,100,0.0,0.0,2.718366610185338e+23,0.0,0.0,0,0,0,0,0.0,0,0,0,0,0,0,0,0,0,0,0,0,0,0,0,0,0,0,0,0,0,0,0,0,0,0,0,0,0,0,0,0,0,31,40,40,71,65476,0,300,0,0,8,21553,0.0,-107605600.0,0.0,0.0,0.0,0.0,0.0,0.0,0.0,0.0,0.0,0.0,0.0,0.0,0.0,0.0,0.0,0.0,0.0,0.0,0.0,0.0,2.004,3.697062988322387e+19,0.0,0.0,0.0,0.0,0.0,0.0,4756.0,-564145296506880.0,6939.0,0.0,-107615896.0,2.004,2.004,0.0,0.0,0.0,0.0,69,-0.0,-0.0,0.0,0.0,0.0,0.0,0.0,0.0,0.0,0,0,0,0.0,0.0,0.0,0.0,0.0,0.0,0.0,0.0,0.0,0.0,0.0,0.0,0.0,0.0,0.0,0.0,0,-107875648.0,69,0.0,138,0.0,2.012,ERR,ERR,ERR,ERR,ERR,ERR,ERR,ERR,ERR,ERR,ERR,ERR,ERR,ERR,ERR,ERR,ERR,ERR,ERR,ERR,ERR,ERR,ERR,ERR,ERR,ERR,ERR,ERR,ERR,ERR,ERR,ERR,ERR,ERR,ERR,ERR,ERR,ERR,ERR,ERR,ERR,ERR,ERR,ERR,ERR,ERR,ERR,ERR,ERR,ERR,ERR,ERR,ERR,ERR,ERR,ERR,ERR,ERR,ERR,ERR,ERR,ERR,ERR,ERR,ERR,ERR,ERR,60.0,60.0,35,0.0,0.0,0.0,0.0,0.0,0.0,0.0,0.0,0.0,0.0,0.0,0.0,0.0,0.0,0.0,0.0,65.6,0,135,65,50,65476,0,65476,1,4,4,20529,65476,0,0,2621,60.0,0.0,0.0,0.0,0.0,0.0
2026-07-09T15:03:46,ERR,ERR,ERR,ERR,ERR,ERR,ERR,ERR,ERR,ERR,ERR,ERR,ERR,ERR,ERR,ERR,ERR,ERR,ERR,ERR,ERR,ERR,ERR,ERR,ERR,ERR,ERR,ERR,ERR,ERR,ERR,ERR,ERR,ERR,ERR,ERR,ERR,ERR,ERR,ERR,ERR,ERR,ERR,ERR,ERR,ERR,ERR,ERR,ERR,ERR,ERR,ERR,ERR,ERR,ERR,ERR,ERR,ERR,ERR,ERR,ERR,ERR,ERR,ERR,ERR,ERR,ERR,ERR,ERR,ERR,ERR,ERR,ERR,ERR,ERR,ERR,ERR,ERR,ERR,ERR,ERR,ERR,ERR,ERR,ERR,ERR,ERR,ERR,ERR,ERR,ERR,ERR,ERR,ERR,ERR,ERR,ERR,ERR,ERR,ERR,ERR,ERR,ERR,ERR,ERR,ERR,ERR,ERR,ERR,ERR,ERR,ERR,ERR,ERR,ERR,ERR,ERR,ERR,ERR,ERR,ERR,ERR,ERR,ERR,ERR,0.0,-107615896.0,2.730219363828637e+23,2.718366610185338e+23,1.848751616389074e+19,-1.872458922809567e+29,0.0,718341799936.0,0,0,4,17395,7116,0.0,100,0.0,0.0,2.718366610185338e+23,0.0,0.0,0,0,0,0,0.0,0,0,0,0,0,0,0,0,0,0,0,0,0,0,0,0,0,0,0,0,0,0,0,0,0,0,0,0,0,0,0,0,0,31,40,40,71,65476,0,300,0,0,8,21553,0.0,-107605600.0,0.0,0.0,0.0,0.0,0.0,0.0,0.0,0.0,0.0,0.0,0.0,0.0,0.0,0.0,0.0,0.0,0.0,0.0,0.0,0.0,2.004,3.697062988322387e+19,0.0,0.0,0.0,0.0,0.0,0.0,4756.0,-564145296506880.0,6939.0,0.0,-107615896.0,2.004,2.004,0.0,0.0,0.0,0.0,69,-0.0,-0.0,0.0,0.0,0.0,0.0,0.0,0.0,0.0,0,0,0,0.0,0.0,0.0,0.0,0.0,0.0,0.0,0.0,0.0,0.0,0.0,0.0,0.0,0.0,0.0,0.0,0,-107875648.0,69,0.0,138,0.0,2.012,ERR,ERR,ERR,ERR,ERR,ERR,ERR,ERR,ERR,ERR,ERR,ERR,ERR,ERR,ERR,ERR,ERR,ERR,ERR,ERR,ERR,ERR,ERR,ERR,ERR,ERR,ERR,ERR,ERR,ERR,ERR,ERR,ERR,ERR,ERR,ERR,ERR,ERR,ERR,ERR,ERR,ERR,ERR,ERR,ERR,ERR,ERR,ERR,ERR,ERR,ERR,ERR,ERR,ERR,ERR,ERR,ERR,ERR,ERR,ERR,ERR,ERR,ERR,ERR,ERR,ERR,ERR,60.0,60.0,35,0.0,0.0,0.0,0.0,0.0,0.0,0.0,0.0,0.0,0.0,0.0,0.0,0.0,0.0,0.0,0.0,65.6,0,135,65,50,65476,0,65476,1,4,4,20529,65476,0,0,2621,60.0,0.0,0.0,0.0,0.0,0.0
2026-07-09T15:03:47,ERR,ERR,ERR,ERR,ERR,ERR,ERR,ERR,ERR,ERR,ERR,ERR,ERR,ERR,ERR,ERR,ERR,ERR,ERR,ERR,ERR,ERR,ERR,ERR,ERR,ERR,ERR,ERR,ERR,ERR,ERR,ERR,ERR,ERR,ERR,ERR,ERR,ERR,ERR,ERR,ERR,ERR,ERR,ERR,ERR,ERR,ERR,ERR,ERR,ERR,ERR,ERR,ERR,ERR,ERR,ERR,ERR,ERR,ERR,ERR,ERR,ERR,ERR,ERR,ERR,ERR,ERR,ERR,ERR,ERR,ERR,ERR,ERR,ERR,ERR,ERR,ERR,ERR,ERR,ERR,ERR,ERR,ERR,ERR,ERR,ERR,ERR,ERR,ERR,ERR,ERR,ERR,ERR,ERR,ERR,ERR,ERR,ERR,ERR,ERR,ERR,ERR,ERR,ERR,ERR,ERR,ERR,ERR,ERR,ERR,ERR,ERR,ERR,ERR,ERR,ERR,ERR,ERR,ERR,ERR,ERR,ERR,ERR,ERR,ERR,0.0,-107615896.0,2.730219363828637e+23,2.718366610185338e+23,1.848751616389074e+19,-1.872458922809567e+29,0.0,718341799936.0,0,0,4,17395,7116,0.0,100,0.0,0.0,2.718366610185338e+23,0.0,0.0,0,0,0,0,0.0,0,0,0,0,0,0,0,0,0,0,0,0,0,0,0,0,0,0,0,0,0,0,0,0,0,0,0,0,0,0,0,0,0,31,40,40,71,65476,0,300,0,0,8,21553,0.0,-107605600.0,0.0,0.0,0.0,0.0,0.0,0.0,0.0,0.0,0.0,0.0,0.0,0.0,0.0,0.0,0.0,0.0,0.0,0.0,0.0,0.0,2.004,3.697062988322387e+19,0.0,0.0,0.0,0.0,0.0,0.0,4756.0,-564145296506880.0,6939.0,0.0,-107615896.0,2.004,2.004,0.0,0.0,0.0,0.0,69,-0.0,-0.0,0.0,0.0,0.0,0.0,0.0,0.0,0.0,0,0,0,0.0,0.0,0.0,0.0,0.0,0.0,0.0,0.0,0.0,0.0,0.0,0.0,0.0,0.0,0.0,0.0,0,-107875648.0,69,0.0,138,0.0,2.012,ERR,ERR,ERR,ERR,ERR,ERR,ERR,ERR,ERR,ERR,ERR,ERR,ERR,ERR,ERR,ERR,ERR,ERR,ERR,ERR,ERR,ERR,ERR,ERR,ERR,ERR,ERR,ERR,ERR,ERR,ERR,ERR,ERR,ERR,ERR,ERR,ERR,ERR,ERR,ERR,ERR,ERR,ERR,ERR,ERR,ERR,ERR,ERR,ERR,ERR,ERR,ERR,ERR,ERR,ERR,ERR,ERR,ERR,ERR,ERR,ERR,ERR,ERR,ERR,ERR,ERR,ERR,60.0,60.0,35,0.0,0.0,0.0,0.0,0.0,0.0,0.0,0.0,0.0,0.0,0.0,0.0,0.0,0.0,0.0,0.0,65.6,0,135,65,50,65476,0,65476,1,4,4,20529,65476,0,0,2621,60.0,0.0,0.0,0.0,0.0,0.0
2026-07-09T15:03:48,ERR,ERR,ERR,ERR,ERR,ERR,ERR,ERR,ERR,ERR,ERR,ERR,ERR,ERR,ERR,ERR,ERR,ERR,ERR,ERR,ERR,ERR,ERR,ERR,ERR,ERR,ERR,ERR,ERR,ERR,ERR,ERR,ERR,ERR,ERR,ERR,ERR,ERR,ERR,ERR,ERR,ERR,ERR,ERR,ERR,ERR,ERR,ERR,ERR,ERR,ERR,ERR,ERR,ERR,ERR,ERR,ERR,ERR,ERR,ERR,ERR,ERR,ERR,ERR,ERR,ERR,ERR,ERR,ERR,ERR,ERR,ERR,ERR,ERR,ERR,ERR,ERR,ERR,ERR,ERR,ERR,ERR,ERR,ERR,ERR,ERR,ERR,ERR,ERR,ERR,ERR,ERR,ERR,ERR,ERR,ERR,ERR,ERR,ERR,ERR,ERR,ERR,ERR,ERR,ERR,ERR,ERR,ERR,ERR,ERR,ERR,ERR,ERR,ERR,ERR,ERR,ERR,ERR,ERR,ERR,ERR,ERR,ERR,ERR,ERR,0.0,0.0,-107614608.0,2.718366610185338e+23,-1.806616036158319e+24,0.0,1.6794922305178698e+25,2.213338064524127e+33,0,0,4,17398,7116,0.0,100,0.0,0.0,2.718366610185338e+23,0.0,0.0,0,0,0,0,0.0,0,0,0,0,0,0,0,0,0,0,0,0,0,0,0,0,0,0,0,0,0,0,0,0,0,0,0,0,0,0,0,0,0,31,40,40,71,65476,0,300,0,0,8,21553,0.0,-107605600.0,0.0,0.0,0.0,0.0,0.0,0.0,0.0,0.0,0.0,0.0,0.0,0.0,0.0,0.0,0.0,0.0,0.0,0.0,0.0,0.0,2.004,-0.0,0.0,0.0,0.0,0.0,0.0,0.0,4744.0,1.0406643905049406e+34,6927.0,0.0,0.0,2.004,2.004,0.0,0.0,0.0,0.0,69,89221.039,0.0,0.0,0.0,0.0,0.0,0.0,0.0,0.0,0,0,0,0.0,0.0,0.0,0.0,0.0,0.0,0.0,0.0,0.0,0.0,0.0,0.0,0.0,0.0,0.0,0.0,0,-107875648.0,69,0.0,138,0.0,2.012,ERR,ERR,ERR,ERR,ERR,ERR,ERR,ERR,ERR,ERR,ERR,ERR,ERR,ERR,ERR,ERR,ERR,ERR,ERR,ERR,ERR,ERR,ERR,ERR,ERR,ERR,ERR,ERR,ERR,ERR,ERR,ERR,ERR,ERR,ERR,ERR,ERR,ERR,ERR,ERR,ERR,ERR,ERR,ERR,ERR,ERR,ERR,ERR,ERR,ERR,ERR,ERR,ERR,ERR,ERR,ERR,ERR,ERR,ERR,ERR,ERR,ERR,ERR,ERR,ERR,ERR,ERR,60.0,60.0,35,0.0,0.0,0.0,0.0,0.0,0.0,0.0,0.0,0.0,0.0,0.0,0.0,0.0,0.0,0.0,0.0,65.2,0,135,65,50,65476,0,65476,1,4,4,20529,65476,0,0,2621,60.0,0.0,0.0,0.0,0.0,0.0
2026-07-09T15:03:49,ERR,ERR,ERR,ERR,ERR,ERR,ERR,ERR,ERR,ERR,ERR,ERR,ERR,ERR,ERR,ERR,ERR,ERR,ERR,ERR,ERR,ERR,ERR,ERR,ERR,ERR,ERR,ERR,ERR,ERR,ERR,ERR,ERR,ERR,ERR,ERR,ERR,ERR,ERR,ERR,ERR,ERR,ERR,ERR,ERR,ERR,ERR,ERR,ERR,ERR,ERR,ERR,ERR,ERR,ERR,ERR,ERR,ERR,ERR,ERR,ERR,ERR,ERR,ERR,ERR,ERR,ERR,ERR,ERR,ERR,ERR,ERR,ERR,ERR,ERR,ERR,ERR,ERR,ERR,ERR,ERR,ERR,ERR,ERR,ERR,ERR,ERR,ERR,ERR,ERR,ERR,ERR,ERR,ERR,ERR,ERR,ERR,ERR,ERR,ERR,ERR,ERR,ERR,ERR,ERR,ERR,ERR,ERR,ERR,ERR,ERR,ERR,ERR,ERR,ERR,ERR,ERR,ERR,ERR,ERR,ERR,ERR,ERR,ERR,ERR,0.0,0.0,-107614608.0,2.718366610185338e+23,-1.806616036158319e+24,0.0,1.6794922305178698e+25,2.213338064524127e+33,0,0,4,17398,7116,0.0,100,0.0,0.0,2.718366610185338e+23,0.0,0.0,0,0,0,0,0.0,0,0,0,0,0,0,0,0,0,0,0,0,0,0,0,0,0,0,0,0,0,0,0,0,0,0,0,0,0,0,0,0,0,31,40,40,71,65476,0,300,0,0,8,21553,0.0,-107605600.0,0.0,0.0,0.0,0.0,0.0,0.0,0.0,0.0,0.0,0.0,0.0,0.0,0.0,0.0,0.0,0.0,0.0,0.0,0.0,0.0,2.004,-0.0,0.0,0.0,0.0,0.0,0.0,0.0,4744.0,1.0406643905049406e+34,6927.0,0.0,0.0,2.004,2.004,0.0,0.0,0.0,0.0,69,89221.039,0.0,0.0,0.0,0.0,0.0,0.0,0.0,0.0,0,0,0,0.0,0.0,0.0,0.0,0.0,0.0,0.0,0.0,0.0,0.0,0.0,0.0,0.0,0.0,0.0,0.0,0,-107875648.0,69,0.0,138,0.0,2.012,ERR,ERR,ERR,ERR,ERR,ERR,ERR,ERR,ERR,ERR,ERR,ERR,ERR,ERR,ERR,ERR,ERR,ERR,ERR,ERR,ERR,ERR,ERR,ERR,ERR,ERR,ERR,ERR,ERR,ERR,ERR,ERR,ERR,ERR,ERR,ERR,ERR,ERR,ERR,ERR,ERR,ERR,ERR,ERR,ERR,ERR,ERR,ERR,ERR,ERR,ERR,ERR,ERR,ERR,ERR,ERR,ERR,ERR,ERR,ERR,ERR,ERR,ERR,ERR,ERR,ERR,ERR,60.0,60.0,35,0.0,0.0,0.0,0.0,0.0,0.0,0.0,0.0,0.0,0.0,0.0,0.0,0.0,0.0,0.0,0.0,65.2,0,135,65,50,65476,0,65476,1,4,4,20529,65476,0,0,2621,60.0,0.0,0.0,0.0,0.0,0.0
2026-07-09T15:03:50,ERR,ERR,ERR,ERR,ERR,ERR,ERR,ERR,ERR,ERR,ERR,ERR,ERR,ERR,ERR,ERR,ERR,ERR,ERR,ERR,ERR,ERR,ERR,ERR,ERR,ERR,ERR,ERR,ERR,ERR,ERR,ERR,ERR,ERR,ERR,ERR,ERR,ERR,ERR,ERR,ERR,ERR,ERR,ERR,ERR,ERR,ERR,ERR,ERR,ERR,ERR,ERR,ERR,ERR,ERR,ERR,ERR,ERR,ERR,ERR,ERR,ERR,ERR,ERR,ERR,ERR,ERR,ERR,ERR,ERR,ERR,ERR,ERR,ERR,ERR,ERR,ERR,ERR,ERR,ERR,ERR,ERR,ERR,ERR,ERR,ERR,ERR,ERR,ERR,ERR,ERR,ERR,ERR,ERR,ERR,ERR,ERR,ERR,ERR,ERR,ERR,ERR,ERR,ERR,ERR,ERR,ERR,ERR,ERR,ERR,ERR,ERR,ERR,ERR,ERR,ERR,ERR,ERR,ERR,ERR,ERR,ERR,ERR,ERR,ERR,0.0,0.0,-107614608.0,2.718366610185338e+23,-1.806616036158319e+24,0.0,1.6794922305178698e+25,2.213338064524127e+33,0,0,4,17398,7116,0.0,100,0.0,0.0,2.718366610185338e+23,0.0,0.0,0,0,0,0,0.0,0,0,0,0,0,0,0,0,0,0,0,0,0,0,0,0,0,0,0,0,0,0,0,0,0,0,0,0,0,0,0,0,0,31,40,40,71,65476,0,300,0,0,8,21553,0.0,-107605600.0,0.0,0.0,0.0,0.0,0.0,0.0,0.0,0.0,0.0,0.0,0.0,0.0,0.0,0.0,0.0,0.0,0.0,0.0,0.0,0.0,2.004,-0.0,0.0,0.0,0.0,0.0,0.0,0.0,4744.0,1.0406643905049406e+34,6927.0,0.0,0.0,2.004,2.004,0.0,0.0,0.0,0.0,69,89221.039,0.0,0.0,0.0,0.0,0.0,0.0,0.0,0.0,0,0,0,0.0,0.0,0.0,0.0,0.0,0.0,0.0,0.0,0.0,0.0,0.0,0.0,0.0,0.0,0.0,0.0,0,-107875648.0,69,0.0,138,0.0,2.012,ERR,ERR,ERR,ERR,ERR,ERR,ERR,ERR,ERR,ERR,ERR,ERR,ERR,ERR,ERR,ERR,ERR,ERR,ERR,ERR,ERR,ERR,ERR,ERR,ERR,ERR,ERR,ERR,ERR,ERR,ERR,ERR,ERR,ERR,ERR,ERR,ERR,ERR,ERR,ERR,ERR,ERR,ERR,ERR,ERR,ERR,ERR,ERR,ERR,ERR,ERR,ERR,ERR,ERR,ERR,ERR,ERR,ERR,ERR,ERR,ERR,ERR,ERR,ERR,ERR,ERR,ERR,60.0,60.0,35,0.0,0.0,0.0,0.0,0.0,0.0,0.0,0.0,0.0,0.0,0.0,0.0,0.0,0.0,0.0,0.0,65.2,0,134,64,50,65476,0,65476,1,4,4,20529,65476,0,0,2621,60.0,0.0,0.0,0.0,0.0,0.0
2026-07-09T15:03:51,ERR,ERR,ERR,ERR,ERR,ERR,ERR,ERR,ERR,ERR,ERR,ERR,ERR,ERR,ERR,ERR,ERR,ERR,ERR,ERR,ERR,ERR,ERR,ERR,ERR,ERR,ERR,ERR,ERR,ERR,ERR,ERR,ERR,ERR,ERR,ERR,ERR,ERR,ERR,ERR,ERR,ERR,ERR,ERR,ERR,ERR,ERR,ERR,ERR,ERR,ERR,ERR,ERR,ERR,ERR,ERR,ERR,ERR,ERR,ERR,ERR,ERR,ERR,ERR,ERR,ERR,ERR,ERR,ERR,ERR,ERR,ERR,ERR,ERR,ERR,ERR,ERR,ERR,ERR,ERR,ERR,ERR,ERR,ERR,ERR,ERR,ERR,ERR,ERR,ERR,ERR,ERR,ERR,ERR,ERR,ERR,ERR,ERR,ERR,ERR,ERR,ERR,ERR,ERR,ERR,ERR,ERR,ERR,ERR,ERR,ERR,ERR,ERR,ERR,ERR,ERR,ERR,ERR,ERR,ERR,ERR,ERR,ERR,ERR,ERR,0.0,0.0,-107614608.0,2.718366610185338e+23,-1.806616036158319e+24,0.0,1.6794922305178698e+25,2.213338064524127e+33,0,0,4,17398,7116,0.0,100,0.0,0.0,2.718366610185338e+23,0.0,0.0,0,0,0,0,0.0,0,0,0,0,0,0,0,0,0,0,0,0,0,0,0,0,0,0,0,0,0,0,0,0,0,0,0,0,0,0,0,0,0,31,40,40,71,65476,0,300,0,0,8,21553,0.0,-107605600.0,0.0,0.0,0.0,0.0,0.0,0.0,0.0,0.0,0.0,0.0,0.0,0.0,0.0,0.0,0.0,0.0,0.0,0.0,0.0,0.0,2.004,-0.0,0.0,0.0,0.0,0.0,0.0,0.0,4744.0,1.0406643905049406e+34,6927.0,0.0,0.0,2.004,2.004,0.0,0.0,0.0,0.0,69,89221.039,0.0,0.0,0.0,0.0,0.0,0.0,0.0,0.0,0,0,0,0.0,0.0,0.0,0.0,0.0,0.0,0.0,0.0,0.0,0.0,0.0,0.0,0.0,0.0,0.0,0.0,0,-107875648.0,69,0.0,138,0.0,2.012,ERR,ERR,ERR,ERR,ERR,ERR,ERR,ERR,ERR,ERR,ERR,ERR,ERR,ERR,ERR,ERR,ERR,ERR,ERR,ERR,ERR,ERR,ERR,ERR,ERR,ERR,ERR,ERR,ERR,ERR,ERR,ERR,ERR,ERR,ERR,ERR,ERR,ERR,ERR,ERR,ERR,ERR,ERR,ERR,ERR,ERR,ERR,ERR,ERR,ERR,ERR,ERR,ERR,ERR,ERR,ERR,ERR,ERR,ERR,ERR,ERR,ERR,ERR,ERR,ERR,ERR,ERR,60.0,60.0,35,0.0,0.0,0.0,0.0,0.0,0.0,0.0,0.0,0.0,0.0,0.0,0.0,0.0,0.0,0.0,0.0,65.2,0,134,64,50,65476,0,65476,1,4,4,20529,65476,0,0,2621,60.0,0.0,0.0,0.0,0.0,0.0
2026-07-09T15:03:52,ERR,ERR,ERR,ERR,ERR,ERR,ERR,ERR,ERR,ERR,ERR,ERR,ERR,ERR,ERR,ERR,ERR,ERR,ERR,ERR,ERR,ERR,ERR,ERR,ERR,ERR,ERR,ERR,ERR,ERR,ERR,ERR,ERR,ERR,ERR,ERR,ERR,ERR,ERR,ERR,ERR,ERR,ERR,ERR,ERR,ERR,ERR,ERR,ERR,ERR,ERR,ERR,ERR,ERR,ERR,ERR,ERR,ERR,ERR,ERR,ERR,ERR,ERR,ERR,ERR,ERR,ERR,ERR,ERR,ERR,ERR,ERR,ERR,ERR,ERR,ERR,ERR,ERR,ERR,ERR,ERR,ERR,ERR,ERR,ERR,ERR,ERR,ERR,ERR,ERR,ERR,ERR,ERR,ERR,ERR,ERR,ERR,ERR,ERR,ERR,ERR,ERR,ERR,ERR,ERR,ERR,ERR,ERR,ERR,ERR,ERR,ERR,ERR,ERR,ERR,ERR,ERR,ERR,ERR,ERR,ERR,ERR,ERR,ERR,ERR,0.0,0.0,-107614608.0,2.718366610185338e+23,-1.806616036158319e+24,0.0,1.6794922305178698e+25,2.213338064524127e+33,0,0,4,17398,7116,0.0,100,0.0,0.0,2.718366610185338e+23,0.0,0.0,0,0,0,0,0.0,0,0,0,0,0,0,0,0,0,0,0,0,0,0,0,0,0,0,0,0,0,0,0,0,0,0,0,0,0,0,0,0,0,31,40,40,71,65476,0,300,0,0,8,21553,0.0,-107605600.0,0.0,0.0,0.0,0.0,0.0,0.0,0.0,0.0,0.0,0.0,0.0,0.0,0.0,0.0,0.0,0.0,0.0,0.0,0.0,0.0,2.004,-0.0,0.0,0.0,0.0,0.0,0.0,0.0,4744.0,1.0406643905049406e+34,6927.0,0.0,0.0,2.004,2.004,0.0,0.0,0.0,0.0,69,89221.039,0.0,0.0,0.0,0.0,0.0,0.0,0.0,0.0,0,0,0,0.0,0.0,0.0,0.0,0.0,0.0,0.0,0.0,0.0,0.0,0.0,0.0,0.0,0.0,0.0,0.0,0,-107875648.0,69,0.0,138,0.0,2.012,ERR,ERR,ERR,ERR,ERR,ERR,ERR,ERR,ERR,ERR,ERR,ERR,ERR,ERR,ERR,ERR,ERR,ERR,ERR,ERR,ERR,ERR,ERR,ERR,ERR,ERR,ERR,ERR,ERR,ERR,ERR,ERR,ERR,ERR,ERR,ERR,ERR,ERR,ERR,ERR,ERR,ERR,ERR,ERR,ERR,ERR,ERR,ERR,ERR,ERR,ERR,ERR,ERR,ERR,ERR,ERR,ERR,ERR,ERR,ERR,ERR,ERR,ERR,ERR,ERR,ERR,ERR,60.0,60.0,35,0.0,0.0,0.0,0.0,0.0,0.0,0.0,0.0,0.0,0.0,0.0,0.0,0.0,0.0,0.0,0.0,65.2,0,134,64,50,65476,0,65476,1,4,4,20529,65476,0,0,2621,60.0,0.0,0.0,0.0,0.0,0.0
2026-07-09T15:03:53,ERR,ERR,ERR,ERR,ERR,ERR,ERR,ERR,ERR,ERR,ERR,ERR,ERR,ERR,ERR,ERR,ERR,ERR,ERR,ERR,ERR,ERR,ERR,ERR,ERR,ERR,ERR,ERR,ERR,ERR,ERR,ERR,ERR,ERR,ERR,ERR,ERR,ERR,ERR,ERR,ERR,ERR,ERR,ERR,ERR,ERR,ERR,ERR,ERR,ERR,ERR,ERR,ERR,ERR,ERR,ERR,ERR,ERR,ERR,ERR,ERR,ERR,ERR,ERR,ERR,ERR,ERR,ERR,ERR,ERR,ERR,ERR,ERR,ERR,ERR,ERR,ERR,ERR,ERR,ERR,ERR,ERR,ERR,ERR,ERR,ERR,ERR,ERR,ERR,ERR,ERR,ERR,ERR,ERR,ERR,ERR,ERR,ERR,ERR,ERR,ERR,ERR,ERR,ERR,ERR,ERR,ERR,ERR,ERR,ERR,ERR,ERR,ERR,ERR,ERR,ERR,ERR,ERR,ERR,ERR,ERR,ERR,ERR,ERR,ERR,0.0,-0.0,0.0,-0.0,-7.690551187120942e+22,0.0,-0.0,-0.0,0,0,4,17402,7116,0.0,100,0.0,0.0,-0.0,0.0,0.0,0,0,0,0,0.0,0,0,0,0,0,0,0,0,0,0,0,0,0,0,0,0,0,0,0,0,0,0,0,0,0,0,0,0,0,0,0,0,0,31,40,40,71,65476,0,300,0,0,8,21553,0.0,-107605600.0,0.0,0.0,0.0,0.0,0.0,0.0,0.0,0.0,0.0,0.0,0.0,0.0,0.0,0.0,0.0,0.0,0.0,0.0,0.0,0.0,2.004,-3.697062988322387e+19,0.0,0.0,0.0,0.0,0.0,0.0,4757.0,0.0,6915.0,0.0,-0.0,2.004,2.004,0.0,0.0,0.0,0.0,69,-2.7184282194282406e+23,-0.0,0.0,0.0,0.0,0.0,0.0,0.0,0.0,0,0,0,0.0,0.0,0.0,0.0,0.0,0.0,0.0,0.0,0.0,0.0,0.0,0.0,0.0,0.0,0.0,0.0,0,-107875648.0,69,0.0,138,0.0,2.012,ERR,ERR,ERR,ERR,ERR,ERR,ERR,ERR,ERR,ERR,ERR,ERR,ERR,ERR,ERR,ERR,ERR,ERR,ERR,ERR,ERR,ERR,ERR,ERR,ERR,ERR,ERR,ERR,ERR,ERR,ERR,ERR,ERR,ERR,ERR,ERR,ERR,ERR,ERR,ERR,ERR,ERR,ERR,ERR,ERR,ERR,ERR,ERR,ERR,ERR,ERR,ERR,ERR,ERR,ERR,ERR,ERR,ERR,ERR,ERR,ERR,ERR,ERR,ERR,ERR,ERR,ERR,60.0,60.0,35,0.0,0.0,0.0,0.0,0.0,0.0,0.0,0.0,0.0,0.0,0.0,0.0,0.0,0.0,0.0,0.0,65.2,0,134,64,50,65476,0,65476,1,4,4,20529,65476,0,0,2621,60.0,0.0,0.0,0.0,0.0,0.0
2026-07-09T15:03:54,ERR,ERR,ERR,ERR,ERR,ERR,ERR,ERR,ERR,ERR,ERR,ERR,ERR,ERR,ERR,ERR,ERR,ERR,ERR,ERR,ERR,ERR,ERR,ERR,ERR,ERR,ERR,ERR,ERR,ERR,ERR,ERR,ERR,ERR,ERR,ERR,ERR,ERR,ERR,ERR,ERR,ERR,ERR,ERR,ERR,ERR,ERR,ERR,ERR,ERR,ERR,ERR,ERR,ERR,ERR,ERR,ERR,ERR,ERR,ERR,ERR,ERR,ERR,ERR,ERR,ERR,ERR,ERR,ERR,ERR,ERR,ERR,ERR,ERR,ERR,ERR,ERR,ERR,ERR,ERR,ERR,ERR,ERR,ERR,ERR,ERR,ERR,ERR,ERR,ERR,ERR,ERR,ERR,ERR,ERR,ERR,ERR,ERR,ERR,ERR,ERR,ERR,ERR,ERR,ERR,ERR,ERR,ERR,ERR,ERR,ERR,ERR,ERR,ERR,ERR,ERR,ERR,ERR,ERR,ERR,ERR,ERR,ERR,ERR,ERR,0.0,-0.0,0.0,-0.0,-7.690551187120942e+22,0.0,-0.0,-0.0,0,0,4,17402,7116,0.0,100,0.0,0.0,-0.0,0.0,0.0,0,0,0,0,0.0,0,0,0,0,0,0,0,0,0,0,0,0,0,0,0,0,0,0,0,0,0,0,0,0,0,0,0,0,0,0,0,0,0,31,40,40,71,65476,0,300,0,0,8,21553,0.0,-107605600.0,0.0,0.0,0.0,0.0,0.0,0.0,0.0,0.0,0.0,0.0,0.0,0.0,0.0,0.0,0.0,0.0,0.0,0.0,0.0,0.0,2.004,-3.697062988322387e+19,0.0,0.0,0.0,0.0,0.0,0.0,4757.0,0.0,6915.0,0.0,-0.0,2.004,2.004,0.0,0.0,0.0,0.0,69,-2.7184282194282406e+23,-0.0,0.0,0.0,0.0,0.0,0.0,0.0,0.0,0,0,0,0.0,0.0,0.0,0.0,0.0,0.0,0.0,0.0,0.0,0.0,0.0,0.0,0.0,0.0,0.0,0.0,0,-107875648.0,69,0.0,138,0.0,2.012,ERR,ERR,ERR,ERR,ERR,ERR,ERR,ERR,ERR,ERR,ERR,ERR,ERR,ERR,ERR,ERR,ERR,ERR,ERR,ERR,ERR,ERR,ERR,ERR,ERR,ERR,ERR,ERR,ERR,ERR,ERR,ERR,ERR,ERR,ERR,ERR,ERR,ERR,ERR,ERR,ERR,ERR,ERR,ERR,ERR,ERR,ERR,ERR,ERR,ERR,ERR,ERR,ERR,ERR,ERR,ERR,ERR,ERR,ERR,ERR,ERR,ERR,ERR,ERR,ERR,ERR,ERR,60.0,60.0,35,0.0,0.0,0.0,0.0,0.0,0.0,0.0,0.0,0.0,0.0,0.0,0.0,0.0,0.0,0.0,0.0,65.2,0,134,64,50,65476,0,65476,1,4,4,20529,65476,0,0,2621,60.0,0.0,0.0,0.0,0.0,0.0
2026-07-09T15:03:55,ERR,ERR,ERR,ERR,ERR,ERR,ERR,ERR,ERR,ERR,ERR,ERR,ERR,ERR,ERR,ERR,ERR,ERR,ERR,ERR,ERR,ERR,ERR,ERR,ERR,ERR,ERR,ERR,ERR,ERR,ERR,ERR,ERR,ERR,ERR,ERR,ERR,ERR,ERR,ERR,ERR,ERR,ERR,ERR,ERR,ERR,ERR,ERR,ERR,ERR,ERR,ERR,ERR,ERR,ERR,ERR,ERR,ERR,ERR,ERR,ERR,ERR,ERR,ERR,ERR,ERR,ERR,ERR,ERR,ERR,ERR,ERR,ERR,ERR,ERR,ERR,ERR,ERR,ERR,ERR,ERR,ERR,ERR,ERR,ERR,ERR,ERR,ERR,ERR,ERR,ERR,ERR,ERR,ERR,ERR,ERR,ERR,ERR,ERR,ERR,ERR,ERR,ERR,ERR,ERR,ERR,ERR,ERR,ERR,ERR,ERR,ERR,ERR,ERR,ERR,ERR,ERR,ERR,ERR,ERR,ERR,ERR,ERR,ERR,ERR,0.0,-0.0,0.0,-0.0,-7.690551187120942e+22,0.0,-0.0,-0.0,0,0,4,17402,7116,0.0,100,0.0,0.0,-0.0,0.0,0.0,0,0,0,0,0.0,0,0,0,0,0,0,0,0,0,0,0,0,0,0,0,0,0,0,0,0,0,0,0,0,0,0,0,0,0,0,0,0,0,31,40,40,71,65476,0,300,0,0,8,21553,0.0,-107605600.0,0.0,0.0,0.0,0.0,0.0,0.0,0.0,0.0,0.0,0.0,0.0,0.0,0.0,0.0,0.0,0.0,0.0,0.0,0.0,0.0,2.004,-3.697062988322387e+19,0.0,0.0,0.0,0.0,0.0,0.0,4757.0,0.0,6915.0,0.0,-0.0,2.004,2.004,0.0,0.0,0.0,0.0,69,-2.7184282194282406e+23,-0.0,0.0,0.0,0.0,0.0,0.0,0.0,0.0,0,0,0,0.0,0.0,0.0,0.0,0.0,0.0,0.0,0.0,0.0,0.0,0.0,0.0,0.0,0.0,0.0,0.0,0,-107875648.0,69,0.0,138,0.0,2.012,ERR,ERR,ERR,ERR,ERR,ERR,ERR,ERR,ERR,ERR,ERR,ERR,ERR,ERR,ERR,ERR,ERR,ERR,ERR,ERR,ERR,ERR,ERR,ERR,ERR,ERR,ERR,ERR,ERR,ERR,ERR,ERR,ERR,ERR,ERR,ERR,ERR,ERR,ERR,ERR,ERR,ERR,ERR,ERR,ERR,ERR,ERR,ERR,ERR,ERR,ERR,ERR,ERR,ERR,ERR,ERR,ERR,ERR,ERR,ERR,ERR,ERR,ERR,ERR,ERR,ERR,ERR,60.0,60.0,35,0.0,0.0,0.0,0.0,0.0,0.0,0.0,0.0,0.0,0.0,0.0,0.0,0.0,0.0,0.0,0.0,65.2,0,134,64,50,65476,0,65476,1,4,4,20529,65476,0,0,2621,60.0,0.0,0.0,0.0,0.0,0.0
2026-07-09T15:03:56,ERR,ERR,ERR,ERR,ERR,ERR,ERR,ERR,ERR,ERR,ERR,ERR,ERR,ERR,ERR,ERR,ERR,ERR,ERR,ERR,ERR,ERR,ERR,ERR,ERR,ERR,ERR,ERR,ERR,ERR,ERR,ERR,ERR,ERR,ERR,ERR,ERR,ERR,ERR,ERR,ERR,ERR,ERR,ERR,ERR,ERR,ERR,ERR,ERR,ERR,ERR,ERR,ERR,ERR,ERR,ERR,ERR,ERR,ERR,ERR,ERR,ERR,ERR,ERR,ERR,ERR,ERR,ERR,ERR,ERR,ERR,ERR,ERR,ERR,ERR,ERR,ERR,ERR,ERR,ERR,ERR,ERR,ERR,ERR,ERR,ERR,ERR,ERR,ERR,ERR,ERR,ERR,ERR,ERR,ERR,ERR,ERR,ERR,ERR,ERR,ERR,ERR,ERR,ERR,ERR,ERR,ERR,ERR,ERR,ERR,ERR,ERR,ERR,ERR,ERR,ERR,ERR,ERR,ERR,ERR,ERR,ERR,ERR,ERR,ERR,0.0,-0.0,0.0,-0.0,-7.690551187120942e+22,0.0,-0.0,-0.0,0,0,4,17402,7116,0.0,100,0.0,0.0,-0.0,0.0,0.0,0,0,0,0,0.0,0,0,0,0,0,0,0,0,0,0,0,0,0,0,0,0,0,0,0,0,0,0,0,0,0,0,0,0,0,0,0,0,0,31,40,40,71,65476,0,300,0,0,8,21553,0.0,-107605600.0,0.0,0.0,0.0,0.0,0.0,0.0,0.0,0.0,0.0,0.0,0.0,0.0,0.0,0.0,0.0,0.0,0.0,0.0,0.0,0.0,2.004,-3.697062988322387e+19,0.0,0.0,0.0,0.0,0.0,0.0,4757.0,0.0,6915.0,0.0,-0.0,2.004,2.004,0.0,0.0,0.0,0.0,69,-2.7184282194282406e+23,-0.0,0.0,0.0,0.0,0.0,0.0,0.0,0.0,0,0,0,0.0,0.0,0.0,0.0,0.0,0.0,0.0,0.0,0.0,0.0,0.0,0.0,0.0,0.0,0.0,0.0,0,-107875648.0,69,0.0,138,0.0,2.012,ERR,ERR,ERR,ERR,ERR,ERR,ERR,ERR,ERR,ERR,ERR,ERR,ERR,ERR,ERR,ERR,ERR,ERR,ERR,ERR,ERR,ERR,ERR,ERR,ERR,ERR,ERR,ERR,ERR,ERR,ERR,ERR,ERR,ERR,ERR,ERR,ERR,ERR,ERR,ERR,ERR,ERR,ERR,ERR,ERR,ERR,ERR,ERR,ERR,ERR,ERR,ERR,ERR,ERR,ERR,ERR,ERR,ERR,ERR,ERR,ERR,ERR,ERR,ERR,ERR,ERR,ERR,60.0,60.0,35,0.0,0.0,0.0,0.0,0.0,0.0,0.0,0.0,0.0,0.0,0.0,0.0,0.0,0.0,0.0,0.0,65.2,0,134,64,50,65476,0,65476,1,4,4,20529,65476,0,0,2621,60.0,0.0,0.0,0.0,0.0,0.0
2026-07-09T15:03:57,ERR,ERR,ERR,ERR,ERR,ERR,ERR,ERR,ERR,ERR,ERR,ERR,ERR,ERR,ERR,ERR,ERR,ERR,ERR,ERR,ERR,ERR,ERR,ERR,ERR,ERR,ERR,ERR,ERR,ERR,ERR,ERR,ERR,ERR,ERR,ERR,ERR,ERR,ERR,ERR,ERR,ERR,ERR,ERR,ERR,ERR,ERR,ERR,ERR,ERR,ERR,ERR,ERR,ERR,ERR,ERR,ERR,ERR,ERR,ERR,ERR,ERR,ERR,ERR,ERR,ERR,ERR,ERR,ERR,ERR,ERR,ERR,ERR,ERR,ERR,ERR,ERR,ERR,ERR,ERR,ERR,ERR,ERR,ERR,ERR,ERR,ERR,ERR,ERR,ERR,ERR,ERR,ERR,ERR,ERR,ERR,ERR,ERR,ERR,ERR,ERR,ERR,ERR,ERR,ERR,ERR,ERR,ERR,ERR,ERR,ERR,ERR,ERR,ERR,ERR,ERR,ERR,ERR,ERR,ERR,ERR,ERR,ERR,ERR,ERR,0.0,-0.0,0.0,-0.0,-7.690551187120942e+22,0.0,-0.0,-0.0,0,0,4,17402,7116,0.0,100,0.0,0.0,-0.0,0.0,0.0,0,0,0,0,0.0,0,0,0,0,0,0,0,0,0,0,0,0,0,0,0,0,0,0,0,0,0,0,0,0,0,0,0,0,0,0,0,0,0,31,40,40,71,65476,0,300,0,0,8,21553,0.0,-107605600.0,0.0,0.0,0.0,0.0,0.0,0.0,0.0,0.0,0.0,0.0,0.0,0.0,0.0,0.0,0.0,0.0,0.0,0.0,0.0,0.0,2.004,-3.697062988322387e+19,0.0,0.0,0.0,0.0,0.0,0.0,4757.0,0.0,6915.0,0.0,-0.0,2.004,2.004,0.0,0.0,0.0,0.0,69,-2.7184282194282406e+23,-0.0,0.0,0.0,0.0,0.0,0.0,0.0,0.0,0,0,0,0.0,0.0,0.0,0.0,0.0,0.0,0.0,0.0,0.0,0.0,0.0,0.0,0.0,0.0,0.0,0.0,0,-107875648.0,69,0.0,138,0.0,2.012,ERR,ERR,ERR,ERR,ERR,ERR,ERR,ERR,ERR,ERR,ERR,ERR,ERR,ERR,ERR,ERR,ERR,ERR,ERR,ERR,ERR,ERR,ERR,ERR,ERR,ERR,ERR,ERR,ERR,ERR,ERR,ERR,ERR,ERR,ERR,ERR,ERR,ERR,ERR,ERR,ERR,ERR,ERR,ERR,ERR,ERR,ERR,ERR,ERR,ERR,ERR,ERR,ERR,ERR,ERR,ERR,ERR,ERR,ERR,ERR,ERR,ERR,ERR,ERR,ERR,ERR,ERR,60.0,60.0,35,0.0,0.0,0.0,0.0,0.0,0.0,0.0,0.0,0.0,0.0,0.0,0.0,0.0,0.0,0.0,0.0,65.2,0,134,64,49,65476,0,65476,1,4,4,20529,65476,0,0,2621,60.0,0.0,0.0,0.0,0.0,0.0
2026-07-09T15:03:58,ERR,ERR,ERR,ERR,ERR,ERR,ERR,ERR,ERR,ERR,ERR,ERR,ERR,ERR,ERR,ERR,ERR,ERR,ERR,ERR,ERR,ERR,ERR,ERR,ERR,ERR,ERR,ERR,ERR,ERR,ERR,ERR,ERR,ERR,ERR,ERR,ERR,ERR,ERR,ERR,ERR,ERR,ERR,ERR,ERR,ERR,ERR,ERR,ERR,ERR,ERR,ERR,ERR,ERR,ERR,ERR,ERR,ERR,ERR,ERR,ERR,ERR,ERR,ERR,ERR,ERR,ERR,ERR,ERR,ERR,ERR,ERR,ERR,ERR,ERR,ERR,ERR,ERR,ERR,ERR,ERR,ERR,ERR,ERR,ERR,ERR,ERR,ERR,ERR,ERR,ERR,ERR,ERR,ERR,ERR,ERR,ERR,ERR,ERR,ERR,ERR,ERR,ERR,ERR,ERR,ERR,ERR,ERR,ERR,ERR,ERR,ERR,ERR,ERR,ERR,ERR,ERR,ERR,ERR,ERR,ERR,ERR,ERR,ERR,ERR,0.0,0.0,0.0,0.0,4304463360.0,0.0,21027.705,-0.0,0,0,4,17401,7116,0.0,100,0.0,0.0,0.0,0.0,0.0,0,0,0,0,0.0,0,0,0,0,0,0,0,0,0,0,0,0,0,0,0,0,0,0,0,0,0,0,0,0,0,0,0,0,0,0,0,0,0,31,40,40,71,65476,0,300,0,0,8,21553,0.0,-107605600.0,0.0,0.0,0.0,0.0,0.0,0.0,0.0,0.0,0.0,0.0,0.0,0.0,0.0,0.0,0.0,0.0,0.0,0.0,0.0,0.0,2.004,2.004,0.0,0.0,0.0,0.0,0.0,0.0,4710.0,-0.0,6933.0,0.0,2.7184428110910333e+23,2.004,2.004,0.0,0.0,0.0,0.0,69,-0.0,0.0,0.0,0.0,0.0,0.0,0.0,0.0,0.0,0,0,0,0.0,0.0,0.0,0.0,0.0,0.0,0.0,0.0,0.0,0.0,0.0,0.0,0.0,0.0,0.0,0.0,0,-107875648.0,69,0.0,138,0.0,2.012,ERR,ERR,ERR,ERR,ERR,ERR,ERR,ERR,ERR,ERR,ERR,ERR,ERR,ERR,ERR,ERR,ERR,ERR,ERR,ERR,ERR,ERR,ERR,ERR,ERR,ERR,ERR,ERR,ERR,ERR,ERR,ERR,ERR,ERR,ERR,ERR,ERR,ERR,ERR,ERR,ERR,ERR,ERR,ERR,ERR,ERR,ERR,ERR,ERR,ERR,ERR,ERR,ERR,ERR,ERR,ERR,ERR,ERR,ERR,ERR,ERR,ERR,ERR,ERR,ERR,ERR,ERR,60.0,60.0,35,0.0,0.0,0.0,0.0,0.0,0.0,0.0,0.0,0.0,0.0,0.0,0.0,0.0,0.0,0.0,0.0,65.6,0,134,64,49,65476,0,65476,1,4,4,20529,65476,0,0,2621,60.0,0.0,0.0,0.0,0.0,0.0
2026-07-09T15:03:59,ERR,ERR,ERR,ERR,ERR,ERR,ERR,ERR,ERR,ERR,ERR,ERR,ERR,ERR,ERR,ERR,ERR,ERR,ERR,ERR,ERR,ERR,ERR,ERR,ERR,ERR,ERR,ERR,ERR,ERR,ERR,ERR,ERR,ERR,ERR,ERR,ERR,ERR,ERR,ERR,ERR,ERR,ERR,ERR,ERR,ERR,ERR,ERR,ERR,ERR,ERR,ERR,ERR,ERR,ERR,ERR,ERR,ERR,ERR,ERR,ERR,ERR,ERR,ERR,ERR,ERR,ERR,ERR,ERR,ERR,ERR,ERR,ERR,ERR,ERR,ERR,ERR,ERR,ERR,ERR,ERR,ERR,ERR,ERR,ERR,ERR,ERR,ERR,ERR,ERR,ERR,ERR,ERR,ERR,ERR,ERR,ERR,ERR,ERR,ERR,ERR,ERR,ERR,ERR,ERR,ERR,ERR,ERR,ERR,ERR,ERR,ERR,ERR,ERR,ERR,ERR,ERR,ERR,ERR,ERR,ERR,ERR,ERR,ERR,ERR,0.0,0.0,0.0,0.0,4304463360.0,0.0,21027.705,-0.0,0,0,4,17401,7116,0.0,100,0.0,0.0,0.0,0.0,0.0,0,0,0,0,0.0,0,0,0,0,0,0,0,0,0,0,0,0,0,0,0,0,0,0,0,0,0,0,0,0,0,0,0,0,0,0,0,0,0,31,40,40,71,65476,0,300,0,0,8,21553,0.0,-107605600.0,0.0,0.0,0.0,0.0,0.0,0.0,0.0,0.0,0.0,0.0,0.0,0.0,0.0,0.0,0.0,0.0,0.0,0.0,0.0,0.0,2.004,2.004,0.0,0.0,0.0,0.0,0.0,0.0,4710.0,-0.0,6933.0,0.0,2.7184428110910333e+23,2.004,2.004,0.0,0.0,0.0,0.0,69,-0.0,0.0,0.0,0.0,0.0,0.0,0.0,0.0,0.0,0,0,0,0.0,0.0,0.0,0.0,0.0,0.0,0.0,0.0,0.0,0.0,0.0,0.0,0.0,0.0,0.0,0.0,0,-107875648.0,69,0.0,138,0.0,2.012,ERR,ERR,ERR,ERR,ERR,ERR,ERR,ERR,ERR,ERR,ERR,ERR,ERR,ERR,ERR,ERR,ERR,ERR,ERR,ERR,ERR,ERR,ERR,ERR,ERR,ERR,ERR,ERR,ERR,ERR,ERR,ERR,ERR,ERR,ERR,ERR,ERR,ERR,ERR,ERR,ERR,ERR,ERR,ERR,ERR,ERR,ERR,ERR,ERR,ERR,ERR,ERR,ERR,ERR,ERR,ERR,ERR,ERR,ERR,ERR,ERR,ERR,ERR,ERR,ERR,ERR,ERR,60.0,60.0,35,0.0,0.0,0.0,0.0,0.0,0.0,0.0,0.0,0.0,0.0,0.0,0.0,0.0,0.0,0.0,0.0,65.6,0,134,64,49,65476,0,65476,1,4,4,20529,65476,0,0,2621,60.0,0.0,0.0,0.0,0.0,0.0
2026-07-09T15:04:00,ERR,ERR,ERR,ERR,ERR,ERR,ERR,ERR,ERR,ERR,ERR,ERR,ERR,ERR,ERR,ERR,ERR,ERR,ERR,ERR,ERR,ERR,ERR,ERR,ERR,ERR,ERR,ERR,ERR,ERR,ERR,ERR,ERR,ERR,ERR,ERR,ERR,ERR,ERR,ERR,ERR,ERR,ERR,ERR,ERR,ERR,ERR,ERR,ERR,ERR,ERR,ERR,ERR,ERR,ERR,ERR,ERR,ERR,ERR,ERR,ERR,ERR,ERR,ERR,ERR,ERR,ERR,ERR,ERR,ERR,ERR,ERR,ERR,ERR,ERR,ERR,ERR,ERR,ERR,ERR,ERR,ERR,ERR,ERR,ERR,ERR,ERR,ERR,ERR,ERR,ERR,ERR,ERR,ERR,ERR,ERR,ERR,ERR,ERR,ERR,ERR,ERR,ERR,ERR,ERR,ERR,ERR,ERR,ERR,ERR,ERR,ERR,ERR,ERR,ERR,ERR,ERR,ERR,ERR,ERR,ERR,ERR,ERR,ERR,ERR,0.0,0.0,0.0,0.0,4304463360.0,0.0,21027.705,-0.0,0,0,4,17401,7116,0.0,100,0.0,0.0,0.0,0.0,0.0,0,0,0,0,0.0,0,0,0,0,0,0,0,0,0,0,0,0,0,0,0,0,0,0,0,0,0,0,0,0,0,0,0,0,0,0,0,0,0,31,40,40,71,65476,0,300,0,0,8,21553,0.0,-107605600.0,0.0,0.0,0.0,0.0,0.0,0.0,0.0,0.0,0.0,0.0,0.0,0.0,0.0,0.0,0.0,0.0,0.0,0.0,0.0,0.0,2.004,2.004,0.0,0.0,0.0,0.0,0.0,0.0,4710.0,-0.0,6933.0,0.0,2.7184428110910333e+23,2.004,2.004,0.0,0.0,0.0,0.0,69,-0.0,0.0,0.0,0.0,0.0,0.0,0.0,0.0,0.0,0,0,0,0.0,0.0,0.0,0.0,0.0,0.0,0.0,0.0,0.0,0.0,0.0,0.0,0.0,0.0,0.0,0.0,0,-107875648.0,69,0.0,138,0.0,2.012,ERR,ERR,ERR,ERR,ERR,ERR,ERR,ERR,ERR,ERR,ERR,ERR,ERR,ERR,ERR,ERR,ERR,ERR,ERR,ERR,ERR,ERR,ERR,ERR,ERR,ERR,ERR,ERR,ERR,ERR,ERR,ERR,ERR,ERR,ERR,ERR,ERR,ERR,ERR,ERR,ERR,ERR,ERR,ERR,ERR,ERR,ERR,ERR,ERR,ERR,ERR,ERR,ERR,ERR,ERR,ERR,ERR,ERR,ERR,ERR,ERR,ERR,ERR,ERR,ERR,ERR,ERR,60.0,60.0,35,0.0,0.0,0.0,0.0,0.0,0.0,0.0,0.0,0.0,0.0,0.0,0.0,0.0,0.0,0.0,0.0,65.2,0,133,64,49,65476,0,65476,1,4,4,20529,65476,0,0,2621,60.0,0.0,0.0,0.0,0.0,0.0
2026-07-09T15:04:01,ERR,ERR,ERR,ERR,ERR,ERR,ERR,ERR,ERR,ERR,ERR,ERR,ERR,ERR,ERR,ERR,ERR,ERR,ERR,ERR,ERR,ERR,ERR,ERR,ERR,ERR,ERR,ERR,ERR,ERR,ERR,ERR,ERR,ERR,ERR,ERR,ERR,ERR,ERR,ERR,ERR,ERR,ERR,ERR,ERR,ERR,ERR,ERR,ERR,ERR,ERR,ERR,ERR,ERR,ERR,ERR,ERR,ERR,ERR,ERR,ERR,ERR,ERR,ERR,ERR,ERR,ERR,ERR,ERR,ERR,ERR,ERR,ERR,ERR,ERR,ERR,ERR,ERR,ERR,ERR,ERR,ERR,ERR,ERR,ERR,ERR,ERR,ERR,ERR,ERR,ERR,ERR,ERR,ERR,ERR,ERR,ERR,ERR,ERR,ERR,ERR,ERR,ERR,ERR,ERR,ERR,ERR,ERR,ERR,ERR,ERR,ERR,ERR,ERR,ERR,ERR,ERR,ERR,ERR,ERR,ERR,ERR,ERR,ERR,ERR,0.0,0.0,0.0,0.0,4304463360.0,0.0,21027.705,-0.0,0,0,4,17401,7116,0.0,100,0.0,0.0,0.0,0.0,0.0,0,0,0,0,0.0,0,0,0,0,0,0,0,0,0,0,0,0,0,0,0,0,0,0,0,0,0,0,0,0,0,0,0,0,0,0,0,0,0,31,40,40,71,65476,0,300,0,0,8,21553,0.0,-107605600.0,0.0,0.0,0.0,0.0,0.0,0.0,0.0,0.0,0.0,0.0,0.0,0.0,0.0,0.0,0.0,0.0,0.0,0.0,0.0,0.0,2.004,2.004,0.0,0.0,0.0,0.0,0.0,0.0,4710.0,-0.0,6933.0,0.0,2.7184428110910333e+23,2.004,2.004,0.0,0.0,0.0,0.0,69,-0.0,0.0,0.0,0.0,0.0,0.0,0.0,0.0,0.0,0,0,0,0.0,0.0,0.0,0.0,0.0,0.0,0.0,0.0,0.0,0.0,0.0,0.0,0.0,0.0,0.0,0.0,0,-107875648.0,69,0.0,138,0.0,2.012,ERR,ERR,ERR,ERR,ERR,ERR,ERR,ERR,ERR,ERR,ERR,ERR,ERR,ERR,ERR,ERR,ERR,ERR,ERR,ERR,ERR,ERR,ERR,ERR,ERR,ERR,ERR,ERR,ERR,ERR,ERR,ERR,ERR,ERR,ERR,ERR,ERR,ERR,ERR,ERR,ERR,ERR,ERR,ERR,ERR,ERR,ERR,ERR,ERR,ERR,ERR,ERR,ERR,ERR,ERR,ERR,ERR,ERR,ERR,ERR,ERR,ERR,ERR,ERR,ERR,ERR,ERR,60.0,60.0,35,0.0,0.0,0.0,0.0,0.0,0.0,0.0,0.0,0.0,0.0,0.0,0.0,0.0,0.0,0.0,0.0,65.2,0,133,64,49,65476,0,65476,1,4,4,20529,65476,0,0,2621,60.0,0.0,0.0,0.0,0.0,0.0
2026-07-09T15:04:02,ERR,ERR,ERR,ERR,ERR,ERR,ERR,ERR,ERR,ERR,ERR,ERR,ERR,ERR,ERR,ERR,ERR,ERR,ERR,ERR,ERR,ERR,ERR,ERR,ERR,ERR,ERR,ERR,ERR,ERR,ERR,ERR,ERR,ERR,ERR,ERR,ERR,ERR,ERR,ERR,ERR,ERR,ERR,ERR,ERR,ERR,ERR,ERR,ERR,ERR,ERR,ERR,ERR,ERR,ERR,ERR,ERR,ERR,ERR,ERR,ERR,ERR,ERR,ERR,ERR,ERR,ERR,ERR,ERR,ERR,ERR,ERR,ERR,ERR,ERR,ERR,ERR,ERR,ERR,ERR,ERR,ERR,ERR,ERR,ERR,ERR,ERR,ERR,ERR,ERR,ERR,ERR,ERR,ERR,ERR,ERR,ERR,ERR,ERR,ERR,ERR,ERR,ERR,ERR,ERR,ERR,ERR,ERR,ERR,ERR,ERR,ERR,ERR,ERR,ERR,ERR,ERR,ERR,ERR,ERR,ERR,ERR,ERR,ERR,ERR,0.0,0.0,0.0,0.0,4304463360.0,0.0,21027.705,-0.0,0,0,4,17401,7116,0.0,100,0.0,0.0,0.0,0.0,0.0,0,0,0,0,0.0,0,0,0,0,0,0,0,0,0,0,0,0,0,0,0,0,0,0,0,0,0,0,0,0,0,0,0,0,0,0,0,0,0,31,40,40,71,65476,0,300,0,0,8,21553,0.0,-107605600.0,0.0,0.0,0.0,0.0,0.0,0.0,0.0,0.0,0.0,0.0,0.0,0.0,0.0,0.0,0.0,0.0,0.0,0.0,0.0,0.0,2.004,2.004,0.0,0.0,0.0,0.0,0.0,0.0,4710.0,-0.0,6933.0,0.0,2.7184428110910333e+23,2.004,2.004,0.0,0.0,0.0,0.0,69,-0.0,0.0,0.0,0.0,0.0,0.0,0.0,0.0,0.0,0,0,0,0.0,0.0,0.0,0.0,0.0,0.0,0.0,0.0,0.0,0.0,0.0,0.0,0.0,0.0,0.0,0.0,0,-107875648.0,69,0.0,138,0.0,2.012,ERR,ERR,ERR,ERR,ERR,ERR,ERR,ERR,ERR,ERR,ERR,ERR,ERR,ERR,ERR,ERR,ERR,ERR,ERR,ERR,ERR,ERR,ERR,ERR,ERR,ERR,ERR,ERR,ERR,ERR,ERR,ERR,ERR,ERR,ERR,ERR,ERR,ERR,ERR,ERR,ERR,ERR,ERR,ERR,ERR,ERR,ERR,ERR,ERR,ERR,ERR,ERR,ERR,ERR,ERR,ERR,ERR,ERR,ERR,ERR,ERR,ERR,ERR,ERR,ERR,ERR,ERR,60.0,60.0,35,0.0,0.0,0.0,0.0,0.0,0.0,0.0,0.0,0.0,0.0,0.0,0.0,0.0,0.0,0.0,0.0,65.2,0,133,64,49,65476,0,65476,1,4,4,20529,65476,0,0,2621,60.0,0.0,0.0,0.0,0.0,0.0
2026-07-09T15:04:03,ERR,ERR,ERR,ERR,ERR,ERR,ERR,ERR,ERR,ERR,ERR,ERR,ERR,ERR,ERR,ERR,ERR,ERR,ERR,ERR,ERR,ERR,ERR,ERR,ERR,ERR,ERR,ERR,ERR,ERR,ERR,ERR,ERR,ERR,ERR,ERR,ERR,ERR,ERR,ERR,ERR,ERR,ERR,ERR,ERR,ERR,ERR,ERR,ERR,ERR,ERR,ERR,ERR,ERR,ERR,ERR,ERR,ERR,ERR,ERR,ERR,ERR,ERR,ERR,ERR,ERR,ERR,ERR,ERR,ERR,ERR,ERR,ERR,ERR,ERR,ERR,ERR,ERR,ERR,ERR,ERR,ERR,ERR,ERR,ERR,ERR,ERR,ERR,ERR,ERR,ERR,ERR,ERR,ERR,ERR,ERR,ERR,ERR,ERR,ERR,ERR,ERR,ERR,ERR,ERR,ERR,ERR,ERR,ERR,ERR,ERR,ERR,ERR,ERR,ERR,ERR,ERR,ERR,ERR,ERR,ERR,ERR,ERR,ERR,ERR,-0.0,-0.0,-0.0,2.718366610185338e+23,-0.0,0.0,11628553216.0,-0.0,0,0,4,17402,7116,0.0,100,0.0,0.0,2.718366610185338e+23,0.0,0.0,0,0,0,0,0.0,0,0,0,0,0,0,0,0,0,0,0,0,0,0,0,0,0,0,0,0,0,0,0,0,0,0,0,0,0,0,0,0,0,31,40,40,71,65476,0,300,0,0,8,21553,0.0,-107605600.0,0.0,0.0,0.0,0.0,0.0,0.0,0.0,0.0,0.0,0.0,0.0,0.0,-2.596148429267414e+33,0.0,0.0,0.0,0.0,0.0,0.0,0.0,-0.0,-0.0,0.0,0.0,0.0,0.0,0.0,0.0,4728.0,1.5879276530623424e+29,6926.0,-0.0,-107615912.0,2.004,2.004,0.0,0.0,0.0,0.0,69,126841028608.0,-0.0,0.0,0.0,0.0,0.0,0.0,0.0,0.0,0,0,0,0.0,0.0,0.0,0.0,0.0,0.0,0.0,0.0,0.0,0.0,0.0,0.0,0.0,0.0,0.0,0.0,0,-107875648.0,69,0.0,138,0.0,2.012,ERR,ERR,ERR,ERR,ERR,ERR,ERR,ERR,ERR,ERR,ERR,ERR,ERR,ERR,ERR,ERR,ERR,ERR,ERR,ERR,ERR,ERR,ERR,ERR,ERR,ERR,ERR,ERR,ERR,ERR,ERR,ERR,ERR,ERR,ERR,ERR,ERR,ERR,ERR,ERR,ERR,ERR,ERR,ERR,ERR,ERR,ERR,ERR,ERR,ERR,ERR,ERR,ERR,ERR,ERR,ERR,ERR,ERR,ERR,ERR,ERR,ERR,ERR,ERR,ERR,ERR,ERR,60.0,60.0,35,0.0,0.0,0.0,0.0,0.0,0.0,0.0,0.0,0.0,0.0,0.0,0.0,0.0,0.0,0.0,0.0,65.2,0,133,64,49,65476,0,65476,1,4,4,20529,65476,0,0,2621,60.0,0.0,0.0,0.0,0.0,0.0
2026-07-09T15:04:04,ERR,ERR,ERR,ERR,ERR,ERR,ERR,ERR,ERR,ERR,ERR,ERR,ERR,ERR,ERR,ERR,ERR,ERR,ERR,ERR,ERR,ERR,ERR,ERR,ERR,ERR,ERR,ERR,ERR,ERR,ERR,ERR,ERR,ERR,ERR,ERR,ERR,ERR,ERR,ERR,ERR,ERR,ERR,ERR,ERR,ERR,ERR,ERR,ERR,ERR,ERR,ERR,ERR,ERR,ERR,ERR,ERR,ERR,ERR,ERR,ERR,ERR,ERR,ERR,ERR,ERR,ERR,ERR,ERR,ERR,ERR,ERR,ERR,ERR,ERR,ERR,ERR,ERR,ERR,ERR,ERR,ERR,ERR,ERR,ERR,ERR,ERR,ERR,ERR,ERR,ERR,ERR,ERR,ERR,ERR,ERR,ERR,ERR,ERR,ERR,ERR,ERR,ERR,ERR,ERR,ERR,ERR,ERR,ERR,ERR,ERR,ERR,ERR,ERR,ERR,ERR,ERR,ERR,ERR,ERR,ERR,ERR,ERR,ERR,ERR,-0.0,-0.0,-0.0,2.718366610185338e+23,-0.0,0.0,11628553216.0,-0.0,0,0,4,17402,7116,0.0,100,0.0,0.0,2.718366610185338e+23,0.0,0.0,0,0,0,0,0.0,0,0,0,0,0,0,0,0,0,0,0,0,0,0,0,0,0,0,0,0,0,0,0,0,0,0,0,0,0,0,0,0,0,31,40,40,71,65476,0,300,0,0,8,21553,0.0,-107605600.0,0.0,0.0,0.0,0.0,0.0,0.0,0.0,0.0,0.0,0.0,0.0,0.0,-2.596148429267414e+33,0.0,0.0,0.0,0.0,0.0,0.0,0.0,-0.0,-0.0,0.0,0.0,0.0,0.0,0.0,0.0,4728.0,1.5879276530623424e+29,6926.0,-0.0,-107615912.0,2.004,2.004,0.0,0.0,0.0,0.0,69,126841028608.0,-0.0,0.0,0.0,0.0,0.0,0.0,0.0,0.0,0,0,0,0.0,0.0,0.0,0.0,0.0,0.0,0.0,0.0,0.0,0.0,0.0,0.0,0.0,0.0,0.0,0.0,0,-107875648.0,69,0.0,138,0.0,2.012,ERR,ERR,ERR,ERR,ERR,ERR,ERR,ERR,ERR,ERR,ERR,ERR,ERR,ERR,ERR,ERR,ERR,ERR,ERR,ERR,ERR,ERR,ERR,ERR,ERR,ERR,ERR,ERR,ERR,ERR,ERR,ERR,ERR,ERR,ERR,ERR,ERR,ERR,ERR,ERR,ERR,ERR,ERR,ERR,ERR,ERR,ERR,ERR,ERR,ERR,ERR,ERR,ERR,ERR,ERR,ERR,ERR,ERR,ERR,ERR,ERR,ERR,ERR,ERR,ERR,ERR,ERR,60.0,60.0,35,0.0,0.0,0.0,0.0,0.0,0.0,0.0,0.0,0.0,0.0,0.0,0.0,0.0,0.0,0.0,0.0,65.2,0,133,64,49,65476,0,65476,1,4,4,20529,65476,0,0,2621,60.0,0.0,0.0,0.0,0.0,0.0
2026-07-09T15:04:05,ERR,ERR,ERR,ERR,ERR,ERR,ERR,ERR,ERR,ERR,ERR,ERR,ERR,ERR,ERR,ERR,ERR,ERR,ERR,ERR,ERR,ERR,ERR,ERR,ERR,ERR,ERR,ERR,ERR,ERR,ERR,ERR,ERR,ERR,ERR,ERR,ERR,ERR,ERR,ERR,ERR,ERR,ERR,ERR,ERR,ERR,ERR,ERR,ERR,ERR,ERR,ERR,ERR,ERR,ERR,ERR,ERR,ERR,ERR,ERR,ERR,ERR,ERR,ERR,ERR,ERR,ERR,ERR,ERR,ERR,ERR,ERR,ERR,ERR,ERR,ERR,ERR,ERR,ERR,ERR,ERR,ERR,ERR,ERR,ERR,ERR,ERR,ERR,ERR,ERR,ERR,ERR,ERR,ERR,ERR,ERR,ERR,ERR,ERR,ERR,ERR,ERR,ERR,ERR,ERR,ERR,ERR,ERR,ERR,ERR,ERR,ERR,ERR,ERR,ERR,ERR,ERR,ERR,ERR,ERR,ERR,ERR,ERR,ERR,ERR,-0.0,-0.0,-0.0,2.718366610185338e+23,-0.0,0.0,11628553216.0,-0.0,0,0,4,17402,7116,0.0,100,0.0,0.0,2.718366610185338e+23,0.0,0.0,0,0,0,0,0.0,0,0,0,0,0,0,0,0,0,0,0,0,0,0,0,0,0,0,0,0,0,0,0,0,0,0,0,0,0,0,0,0,0,31,40,40,71,65476,0,300,0,0,8,21553,0.0,-107605600.0,0.0,0.0,0.0,0.0,0.0,0.0,0.0,0.0,0.0,0.0,0.0,0.0,-2.596148429267414e+33,0.0,0.0,0.0,0.0,0.0,0.0,0.0,-0.0,-0.0,0.0,0.0,0.0,0.0,0.0,0.0,4728.0,1.5879276530623424e+29,6926.0,-0.0,-107615912.0,2.004,2.004,0.0,0.0,0.0,0.0,69,126841028608.0,-0.0,0.0,0.0,0.0,0.0,0.0,0.0,0.0,0,0,0,0.0,0.0,0.0,0.0,0.0,0.0,0.0,0.0,0.0,0.0,0.0,0.0,0.0,0.0,0.0,0.0,0,-107875648.0,69,0.0,138,0.0,2.012,ERR,ERR,ERR,ERR,ERR,ERR,ERR,ERR,ERR,ERR,ERR,ERR,ERR,ERR,ERR,ERR,ERR,ERR,ERR,ERR,ERR,ERR,ERR,ERR,ERR,ERR,ERR,ERR,ERR,ERR,ERR,ERR,ERR,ERR,ERR,ERR,ERR,ERR,ERR,ERR,ERR,ERR,ERR,ERR,ERR,ERR,ERR,ERR,ERR,ERR,ERR,ERR,ERR,ERR,ERR,ERR,ERR,ERR,ERR,ERR,ERR,ERR,ERR,ERR,ERR,ERR,ERR,60.0,60.0,35,0.0,0.0,0.0,0.0,0.0,0.0,0.0,0.0,0.0,0.0,0.0,0.0,0.0,0.0,0.0,0.0,65.2,0,133,64,49,65476,0,65476,1,4,4,20529,65476,0,0,2621,60.0,0.0,0.0,0.0,0.0,0.0
2026-07-09T15:04:06,ERR,ERR,ERR,ERR,ERR,ERR,ERR,ERR,ERR,ERR,ERR,ERR,ERR,ERR,ERR,ERR,ERR,ERR,ERR,ERR,ERR,ERR,ERR,ERR,ERR,ERR,ERR,ERR,ERR,ERR,ERR,ERR,ERR,ERR,ERR,ERR,ERR,ERR,ERR,ERR,ERR,ERR,ERR,ERR,ERR,ERR,ERR,ERR,ERR,ERR,ERR,ERR,ERR,ERR,ERR,ERR,ERR,ERR,ERR,ERR,ERR,ERR,ERR,ERR,ERR,ERR,ERR,ERR,ERR,ERR,ERR,ERR,ERR,ERR,ERR,ERR,ERR,ERR,ERR,ERR,ERR,ERR,ERR,ERR,ERR,ERR,ERR,ERR,ERR,ERR,ERR,ERR,ERR,ERR,ERR,ERR,ERR,ERR,ERR,ERR,ERR,ERR,ERR,ERR,ERR,ERR,ERR,ERR,ERR,ERR,ERR,ERR,ERR,ERR,ERR,ERR,ERR,ERR,ERR,ERR,ERR,ERR,ERR,ERR,ERR,-0.0,-0.0,-0.0,2.718366610185338e+23,-0.0,0.0,11628553216.0,-0.0,0,0,4,17402,7116,0.0,100,0.0,0.0,2.718366610185338e+23,0.0,0.0,0,0,0,0,0.0,0,0,0,0,0,0,0,0,0,0,0,0,0,0,0,0,0,0,0,0,0,0,0,0,0,0,0,0,0,0,0,0,0,31,40,40,71,65476,0,300,0,0,8,21553,0.0,-107605600.0,0.0,0.0,0.0,0.0,0.0,0.0,0.0,0.0,0.0,0.0,0.0,0.0,-2.596148429267414e+33,0.0,0.0,0.0,0.0,0.0,0.0,0.0,-0.0,-0.0,0.0,0.0,0.0,0.0,0.0,0.0,4728.0,1.5879276530623424e+29,6926.0,-0.0,-107615912.0,2.004,2.004,0.0,0.0,0.0,0.0,69,126841028608.0,-0.0,0.0,0.0,0.0,0.0,0.0,0.0,0.0,0,0,0,0.0,0.0,0.0,0.0,0.0,0.0,0.0,0.0,0.0,0.0,0.0,0.0,0.0,0.0,0.0,0.0,0,-107875648.0,69,0.0,138,0.0,2.012,ERR,ERR,ERR,ERR,ERR,ERR,ERR,ERR,ERR,ERR,ERR,ERR,ERR,ERR,ERR,ERR,ERR,ERR,ERR,ERR,ERR,ERR,ERR,ERR,ERR,ERR,ERR,ERR,ERR,ERR,ERR,ERR,ERR,ERR,ERR,ERR,ERR,ERR,ERR,ERR,ERR,ERR,ERR,ERR,ERR,ERR,ERR,ERR,ERR,ERR,ERR,ERR,ERR,ERR,ERR,ERR,ERR,ERR,ERR,ERR,ERR,ERR,ERR,ERR,ERR,ERR,ERR,60.0,60.0,35,0.0,0.0,0.0,0.0,0.0,0.0,0.0,0.0,0.0,0.0,0.0,0.0,0.0,0.0,0.0,0.0,65.2,0,133,64,49,65476,0,65476,1,4,4,20529,65476,0,0,2621,60.0,0.0,0.0,0.0,0.0,0.0
2026-07-09T15:04:07,ERR,ERR,ERR,ERR,ERR,ERR,ERR,ERR,ERR,ERR,ERR,ERR,ERR,ERR,ERR,ERR,ERR,ERR,ERR,ERR,ERR,ERR,ERR,ERR,ERR,ERR,ERR,ERR,ERR,ERR,ERR,ERR,ERR,ERR,ERR,ERR,ERR,ERR,ERR,ERR,ERR,ERR,ERR,ERR,ERR,ERR,ERR,ERR,ERR,ERR,ERR,ERR,ERR,ERR,ERR,ERR,ERR,ERR,ERR,ERR,ERR,ERR,ERR,ERR,ERR,ERR,ERR,ERR,ERR,ERR,ERR,ERR,ERR,ERR,ERR,ERR,ERR,ERR,ERR,ERR,ERR,ERR,ERR,ERR,ERR,ERR,ERR,ERR,ERR,ERR,ERR,ERR,ERR,ERR,ERR,ERR,ERR,ERR,ERR,ERR,ERR,ERR,ERR,ERR,ERR,ERR,ERR,ERR,ERR,ERR,ERR,ERR,ERR,ERR,ERR,ERR,ERR,ERR,ERR,ERR,ERR,ERR,ERR,ERR,ERR,-0.0,-0.0,-0.0,2.718366610185338e+23,-0.0,0.0,11628553216.0,-0.0,0,0,4,17402,7116,0.0,100,0.0,0.0,2.718366610185338e+23,0.0,0.0,0,0,0,0,0.0,0,0,0,0,0,0,0,0,0,0,0,0,0,0,0,0,0,0,0,0,0,0,0,0,0,0,0,0,0,0,0,0,0,31,40,40,71,65476,0,300,0,0,8,21553,0.0,-107605600.0,0.0,0.0,0.0,0.0,0.0,0.0,0.0,0.0,0.0,0.0,0.0,0.0,-2.596148429267414e+33,0.0,0.0,0.0,0.0,0.0,0.0,0.0,-0.0,-0.0,0.0,0.0,0.0,0.0,0.0,0.0,4728.0,1.5879276530623424e+29,6926.0,-0.0,-107615912.0,2.004,2.004,0.0,0.0,0.0,0.0,69,126841028608.0,-0.0,0.0,0.0,0.0,0.0,0.0,0.0,0.0,0,0,0,0.0,0.0,0.0,0.0,0.0,0.0,0.0,0.0,0.0,0.0,0.0,0.0,0.0,0.0,0.0,0.0,0,-107875648.0,69,0.0,138,0.0,2.012,ERR,ERR,ERR,ERR,ERR,ERR,ERR,ERR,ERR,ERR,ERR,ERR,ERR,ERR,ERR,ERR,ERR,ERR,ERR,ERR,ERR,ERR,ERR,ERR,ERR,ERR,ERR,ERR,ERR,ERR,ERR,ERR,ERR,ERR,ERR,ERR,ERR,ERR,ERR,ERR,ERR,ERR,ERR,ERR,ERR,ERR,ERR,ERR,ERR,ERR,ERR,ERR,ERR,ERR,ERR,ERR,ERR,ERR,ERR,ERR,ERR,ERR,ERR,ERR,ERR,ERR,ERR,60.0,60.0,35,0.0,0.0,0.0,0.0,0.0,0.0,0.0,0.0,0.0,0.0,0.0,0.0,0.0,0.0,0.0,0.0,65.2,0,133,64,49,65476,0,65476,1,4,4,20529,65476,0,0,2621,60.0,0.0,0.0,0.0,0.0,0.0
2026-07-09T15:04:08,ERR,ERR,ERR,ERR,ERR,ERR,ERR,ERR,ERR,ERR,ERR,ERR,ERR,ERR,ERR,ERR,ERR,ERR,ERR,ERR,ERR,ERR,ERR,ERR,ERR,ERR,ERR,ERR,ERR,ERR,ERR,ERR,ERR,ERR,ERR,ERR,ERR,ERR,ERR,ERR,ERR,ERR,ERR,ERR,ERR,ERR,ERR,ERR,ERR,ERR,ERR,ERR,ERR,ERR,ERR,ERR,ERR,ERR,ERR,ERR,ERR,ERR,ERR,ERR,ERR,ERR,ERR,ERR,ERR,ERR,ERR,ERR,ERR,ERR,ERR,ERR,ERR,ERR,ERR,ERR,ERR,ERR,ERR,ERR,ERR,ERR,ERR,ERR,ERR,ERR,ERR,ERR,ERR,ERR,ERR,ERR,ERR,ERR,ERR,ERR,ERR,ERR,ERR,ERR,ERR,ERR,ERR,ERR,ERR,ERR,ERR,ERR,ERR,ERR,ERR,ERR,ERR,ERR,ERR,ERR,ERR,ERR,ERR,ERR,ERR,-0.0,0.0,-107090352.0,-0.0,-0.0,0.0,3762776320.0,-6.613233748668586e+21,0,0,4,17401,7116,0.0,100,0.0,0.0,-0.0,0.0,0.0,0,0,0,0,0.0,0,0,0,0,0,0,0,0,0,0,0,0,0,0,0,0,0,0,0,0,0,0,0,0,0,0,0,0,0,0,0,0,0,31,40,40,71,65476,0,300,0,0,8,21553,0.0,-107605600.0,0.0,0.0,0.0,0.0,0.0,0.0,0.0,0.0,0.0,0.0,0.0,0.0,0.0,0.0,0.0,0.0,0.0,0.0,0.0,0.0,-0.0,0.0,0.0,0.0,0.0,0.0,0.0,0.0,4684.0,-2.4229850222285203e+24,6941.0,-0.0,2.7184429912350184e+23,2.004,2.004,0.0,0.0,0.0,0.0,69,0.0,0.0,0.0,0.0,0.0,0.0,0.0,0.0,0.0,0,0,0,0.0,0.0,0.0,0.0,0.0,0.0,0.0,0.0,0.0,0.0,0.0,0.0,0.0,0.0,0.0,0.0,0,-107875648.0,69,0.0,138,0.0,2.012,ERR,ERR,ERR,ERR,ERR,ERR,ERR,ERR,ERR,ERR,ERR,ERR,ERR,ERR,ERR,ERR,ERR,ERR,ERR,ERR,ERR,ERR,ERR,ERR,ERR,ERR,ERR,ERR,ERR,ERR,ERR,ERR,ERR,ERR,ERR,ERR,ERR,ERR,ERR,ERR,ERR,ERR,ERR,ERR,ERR,ERR,ERR,ERR,ERR,ERR,ERR,ERR,ERR,ERR,ERR,ERR,ERR,ERR,ERR,ERR,ERR,ERR,ERR,ERR,ERR,ERR,ERR,60.0,60.0,35,0.0,0.0,0.0,0.0,0.0,0.0,0.0,0.0,0.0,0.0,0.0,0.0,0.0,0.0,0.0,0.0,65.2,0,133,64,49,65476,0,65476,1,4,4,20529,65476,0,0,2621,60.0,0.0,0.0,0.0,0.0,0.0
2026-07-09T15:04:09,ERR,ERR,ERR,ERR,ERR,ERR,ERR,ERR,ERR,ERR,ERR,ERR,ERR,ERR,ERR,ERR,ERR,ERR,ERR,ERR,ERR,ERR,ERR,ERR,ERR,ERR,ERR,ERR,ERR,ERR,ERR,ERR,ERR,ERR,ERR,ERR,ERR,ERR,ERR,ERR,ERR,ERR,ERR,ERR,ERR,ERR,ERR,ERR,ERR,ERR,ERR,ERR,ERR,ERR,ERR,ERR,ERR,ERR,ERR,ERR,ERR,ERR,ERR,ERR,ERR,ERR,ERR,ERR,ERR,ERR,ERR,ERR,ERR,ERR,ERR,ERR,ERR,ERR,ERR,ERR,ERR,ERR,ERR,ERR,ERR,ERR,ERR,ERR,ERR,ERR,ERR,ERR,ERR,ERR,ERR,ERR,ERR,ERR,ERR,ERR,ERR,ERR,ERR,ERR,ERR,ERR,ERR,ERR,ERR,ERR,ERR,ERR,ERR,ERR,ERR,ERR,ERR,ERR,ERR,ERR,ERR,ERR,ERR,ERR,ERR,-0.0,0.0,-107090352.0,-0.0,-0.0,0.0,3762776320.0,-6.613233748668586e+21,0,0,4,17401,7116,0.0,100,0.0,0.0,-0.0,0.0,0.0,0,0,0,0,0.0,0,0,0,0,0,0,0,0,0,0,0,0,0,0,0,0,0,0,0,0,0,0,0,0,0,0,0,0,0,0,0,0,0,31,40,40,71,65476,0,300,0,0,8,21553,0.0,-107605600.0,0.0,0.0,0.0,0.0,0.0,0.0,0.0,0.0,0.0,0.0,0.0,0.0,0.0,0.0,0.0,0.0,0.0,0.0,0.0,0.0,-0.0,0.0,0.0,0.0,0.0,0.0,0.0,0.0,4684.0,-2.4229850222285203e+24,6941.0,-0.0,2.7184429912350184e+23,2.004,2.004,0.0,0.0,0.0,0.0,69,0.0,0.0,0.0,0.0,0.0,0.0,0.0,0.0,0.0,0,0,0,0.0,0.0,0.0,0.0,0.0,0.0,0.0,0.0,0.0,0.0,0.0,0.0,0.0,0.0,0.0,0.0,0,-107875648.0,69,0.0,138,0.0,2.012,ERR,ERR,ERR,ERR,ERR,ERR,ERR,ERR,ERR,ERR,ERR,ERR,ERR,ERR,ERR,ERR,ERR,ERR,ERR,ERR,ERR,ERR,ERR,ERR,ERR,ERR,ERR,ERR,ERR,ERR,ERR,ERR,ERR,ERR,ERR,ERR,ERR,ERR,ERR,ERR,ERR,ERR,ERR,ERR,ERR,ERR,ERR,ERR,ERR,ERR,ERR,ERR,ERR,ERR,ERR,ERR,ERR,ERR,ERR,ERR,ERR,ERR,ERR,ERR,ERR,ERR,ERR,60.0,60.0,35,0.0,0.0,0.0,0.0,0.0,0.0,0.0,0.0,0.0,0.0,0.0,0.0,0.0,0.0,0.0,0.0,65.2,0,133,64,49,65476,0,65476,1,4,4,20529,65476,0,0,2621,60.0,0.0,0.0,0.0,0.0,0.0
2026-07-09T15:04:10,ERR,ERR,ERR,ERR,ERR,ERR,ERR,ERR,ERR,ERR,ERR,ERR,ERR,ERR,ERR,ERR,ERR,ERR,ERR,ERR,ERR,ERR,ERR,ERR,ERR,ERR,ERR,ERR,ERR,ERR,ERR,ERR,ERR,ERR,ERR,ERR,ERR,ERR,ERR,ERR,ERR,ERR,ERR,ERR,ERR,ERR,ERR,ERR,ERR,ERR,ERR,ERR,ERR,ERR,ERR,ERR,ERR,ERR,ERR,ERR,ERR,ERR,ERR,ERR,ERR,ERR,ERR,ERR,ERR,ERR,ERR,ERR,ERR,ERR,ERR,ERR,ERR,ERR,ERR,ERR,ERR,ERR,ERR,ERR,ERR,ERR,ERR,ERR,ERR,ERR,ERR,ERR,ERR,ERR,ERR,ERR,ERR,ERR,ERR,ERR,ERR,ERR,ERR,ERR,ERR,ERR,ERR,ERR,ERR,ERR,ERR,ERR,ERR,ERR,ERR,ERR,ERR,ERR,ERR,ERR,ERR,ERR,ERR,ERR,ERR,-0.0,0.0,-107090352.0,-0.0,-0.0,0.0,3762776320.0,-6.613233748668586e+21,0,0,4,17401,7116,0.0,100,0.0,0.0,-0.0,0.0,0.0,0,0,0,0,0.0,0,0,0,0,0,0,0,0,0,0,0,0,0,0,0,0,0,0,0,0,0,0,0,0,0,0,0,0,0,0,0,0,0,31,40,40,71,65476,0,300,0,0,8,21553,0.0,-107605600.0,0.0,0.0,0.0,0.0,0.0,0.0,0.0,0.0,0.0,0.0,0.0,0.0,0.0,0.0,0.0,0.0,0.0,0.0,0.0,0.0,-0.0,0.0,0.0,0.0,0.0,0.0,0.0,0.0,4684.0,-2.4229850222285203e+24,6941.0,-0.0,2.7184429912350184e+23,2.004,2.004,0.0,0.0,0.0,0.0,69,0.0,0.0,0.0,0.0,0.0,0.0,0.0,0.0,0.0,0,0,0,0.0,0.0,0.0,0.0,0.0,0.0,0.0,0.0,0.0,0.0,0.0,0.0,0.0,0.0,0.0,0.0,0,-107875648.0,69,0.0,138,0.0,2.012,ERR,ERR,ERR,ERR,ERR,ERR,ERR,ERR,ERR,ERR,ERR,ERR,ERR,ERR,ERR,ERR,ERR,ERR,ERR,ERR,ERR,ERR,ERR,ERR,ERR,ERR,ERR,ERR,ERR,ERR,ERR,ERR,ERR,ERR,ERR,ERR,ERR,ERR,ERR,ERR,ERR,ERR,ERR,ERR,ERR,ERR,ERR,ERR,ERR,ERR,ERR,ERR,ERR,ERR,ERR,ERR,ERR,ERR,ERR,ERR,ERR,ERR,ERR,ERR,ERR,ERR,ERR,60.0,60.0,35,0.0,0.0,0.0,0.0,0.0,0.0,0.0,0.0,0.0,0.0,0.0,0.0,0.0,0.0,0.0,0.0,65.2,0,133,64,49,65476,0,65476,1,4,4,20529,65476,0,0,2621,60.0,0.0,0.0,0.0,0.0,0.0
2026-07-09T15:04:11,ERR,ERR,ERR,ERR,ERR,ERR,ERR,ERR,ERR,ERR,ERR,ERR,ERR,ERR,ERR,ERR,ERR,ERR,ERR,ERR,ERR,ERR,ERR,ERR,ERR,ERR,ERR,ERR,ERR,ERR,ERR,ERR,ERR,ERR,ERR,ERR,ERR,ERR,ERR,ERR,ERR,ERR,ERR,ERR,ERR,ERR,ERR,ERR,ERR,ERR,ERR,ERR,ERR,ERR,ERR,ERR,ERR,ERR,ERR,ERR,ERR,ERR,ERR,ERR,ERR,ERR,ERR,ERR,ERR,ERR,ERR,ERR,ERR,ERR,ERR,ERR,ERR,ERR,ERR,ERR,ERR,ERR,ERR,ERR,ERR,ERR,ERR,ERR,ERR,ERR,ERR,ERR,ERR,ERR,ERR,ERR,ERR,ERR,ERR,ERR,ERR,ERR,ERR,ERR,ERR,ERR,ERR,ERR,ERR,ERR,ERR,ERR,ERR,ERR,ERR,ERR,ERR,ERR,ERR,ERR,ERR,ERR,ERR,ERR,ERR,-0.0,0.0,-107090352.0,-0.0,-0.0,0.0,3762776320.0,-6.613233748668586e+21,0,0,4,17401,7116,0.0,100,0.0,0.0,-0.0,0.0,0.0,0,0,0,0,0.0,0,0,0,0,0,0,0,0,0,0,0,0,0,0,0,0,0,0,0,0,0,0,0,0,0,0,0,0,0,0,0,0,0,31,40,40,71,65476,0,300,0,0,8,21553,0.0,-107605600.0,0.0,0.0,0.0,0.0,0.0,0.0,0.0,0.0,0.0,0.0,0.0,0.0,0.0,0.0,0.0,0.0,0.0,0.0,0.0,0.0,-0.0,0.0,0.0,0.0,0.0,0.0,0.0,0.0,4684.0,-2.4229850222285203e+24,6941.0,-0.0,2.7184429912350184e+23,2.004,2.004,0.0,0.0,0.0,0.0,69,0.0,0.0,0.0,0.0,0.0,0.0,0.0,0.0,0.0,0,0,0,0.0,0.0,0.0,0.0,0.0,0.0,0.0,0.0,0.0,0.0,0.0,0.0,0.0,0.0,0.0,0.0,0,-107875648.0,69,0.0,138,0.0,2.012,ERR,ERR,ERR,ERR,ERR,ERR,ERR,ERR,ERR,ERR,ERR,ERR,ERR,ERR,ERR,ERR,ERR,ERR,ERR,ERR,ERR,ERR,ERR,ERR,ERR,ERR,ERR,ERR,ERR,ERR,ERR,ERR,ERR,ERR,ERR,ERR,ERR,ERR,ERR,ERR,ERR,ERR,ERR,ERR,ERR,ERR,ERR,ERR,ERR,ERR,ERR,ERR,ERR,ERR,ERR,ERR,ERR,ERR,ERR,ERR,ERR,ERR,ERR,ERR,ERR,ERR,ERR,60.0,60.0,35,0.0,0.0,0.0,0.0,0.0,0.0,0.0,0.0,0.0,0.0,0.0,0.0,0.0,0.0,0.0,0.0,65.2,0,133,64,49,65476,0,65476,1,4,4,20529,65476,0,0,2621,60.0,0.0,0.0,0.0,0.0,0.0
2026-07-09T15:04:12,ERR,ERR,ERR,ERR,ERR,ERR,ERR,ERR,ERR,ERR,ERR,ERR,ERR,ERR,ERR,ERR,ERR,ERR,ERR,ERR,ERR,ERR,ERR,ERR,ERR,ERR,ERR,ERR,ERR,ERR,ERR,ERR,ERR,ERR,ERR,ERR,ERR,ERR,ERR,ERR,ERR,ERR,ERR,ERR,ERR,ERR,ERR,ERR,ERR,ERR,ERR,ERR,ERR,ERR,ERR,ERR,ERR,ERR,ERR,ERR,ERR,ERR,ERR,ERR,ERR,ERR,ERR,ERR,ERR,ERR,ERR,ERR,ERR,ERR,ERR,ERR,ERR,ERR,ERR,ERR,ERR,ERR,ERR,ERR,ERR,ERR,ERR,ERR,ERR,ERR,ERR,ERR,ERR,ERR,ERR,ERR,ERR,ERR,ERR,ERR,ERR,ERR,ERR,ERR,ERR,ERR,ERR,ERR,ERR,ERR,ERR,ERR,ERR,ERR,ERR,ERR,ERR,ERR,ERR,ERR,ERR,ERR,ERR,ERR,ERR,-0.0,0.0,-107090352.0,-0.0,-0.0,0.0,3762776320.0,-6.613233748668586e+21,0,0,4,17401,7116,0.0,100,0.0,0.0,-0.0,0.0,0.0,0,0,0,0,0.0,0,0,0,0,0,0,0,0,0,0,0,0,0,0,0,0,0,0,0,0,0,0,0,0,0,0,0,0,0,0,0,0,0,31,40,40,71,65476,0,300,0,0,8,21553,0.0,-107605600.0,0.0,0.0,0.0,0.0,0.0,0.0,0.0,0.0,0.0,0.0,0.0,0.0,0.0,0.0,0.0,0.0,0.0,0.0,0.0,0.0,-0.0,0.0,0.0,0.0,0.0,0.0,0.0,0.0,4684.0,-2.4229850222285203e+24,6941.0,-0.0,2.7184429912350184e+23,2.004,2.004,0.0,0.0,0.0,0.0,69,0.0,0.0,0.0,0.0,0.0,0.0,0.0,0.0,0.0,0,0,0,0.0,0.0,0.0,0.0,0.0,0.0,0.0,0.0,0.0,0.0,0.0,0.0,0.0,0.0,0.0,0.0,0,-107875648.0,69,0.0,138,0.0,2.012,ERR,ERR,ERR,ERR,ERR,ERR,ERR,ERR,ERR,ERR,ERR,ERR,ERR,ERR,ERR,ERR,ERR,ERR,ERR,ERR,ERR,ERR,ERR,ERR,ERR,ERR,ERR,ERR,ERR,ERR,ERR,ERR,ERR,ERR,ERR,ERR,ERR,ERR,ERR,ERR,ERR,ERR,ERR,ERR,ERR,ERR,ERR,ERR,ERR,ERR,ERR,ERR,ERR,ERR,ERR,ERR,ERR,ERR,ERR,ERR,ERR,ERR,ERR,ERR,ERR,ERR,ERR,60.0,60.0,35,0.0,0.0,0.0,0.0,0.0,0.0,0.0,0.0,0.0,0.0,0.0,0.0,0.0,0.0,0.0,0.0,65.2,0,133,64,49,65476,0,65476,1,4,4,20529,65476,0,0,2621,60.0,0.0,0.0,0.0,0.0,0.0
2026-07-09T15:04:13,ERR,ERR,ERR,ERR,ERR,ERR,ERR,ERR,ERR,ERR,ERR,ERR,ERR,ERR,ERR,ERR,ERR,ERR,ERR,ERR,ERR,ERR,ERR,ERR,ERR,ERR,ERR,ERR,ERR,ERR,ERR,ERR,ERR,ERR,ERR,ERR,ERR,ERR,ERR,ERR,ERR,ERR,ERR,ERR,ERR,ERR,ERR,ERR,ERR,ERR,ERR,ERR,ERR,ERR,ERR,ERR,ERR,ERR,ERR,ERR,ERR,ERR,ERR,ERR,ERR,ERR,ERR,ERR,ERR,ERR,ERR,ERR,ERR,ERR,ERR,ERR,ERR,ERR,ERR,ERR,ERR,ERR,ERR,ERR,ERR,ERR,ERR,ERR,ERR,ERR,ERR,ERR,ERR,ERR,ERR,ERR,ERR,ERR,ERR,ERR,ERR,ERR,ERR,ERR,ERR,ERR,ERR,ERR,ERR,ERR,ERR,ERR,ERR,ERR,ERR,ERR,ERR,ERR,ERR,ERR,ERR,ERR,ERR,ERR,ERR,-0.0,2.7184429912350184e+23,0.0,0.0,-1.6966467867044584e+38,-0.0,-0.123,2265121.75,0,0,4,17403,7116,0.0,100,0.0,0.0,0.0,0.0,0.0,0,0,0,0,0.0,0,0,0,0,0,0,0,0,0,0,0,0,0,0,0,0,0,0,0,0,0,0,0,0,0,0,0,0,0,0,0,0,0,31,40,40,71,65476,0,300,0,0,8,21553,0.0,-107605600.0,0.0,0.0,0.0,0.0,0.0,0.0,0.0,0.0,0.0,0.0,0.0,0.0,0.0,0.0,0.0,0.0,0.0,0.0,0.0,0.0,-0.0,0.0,0.0,0.0,0.0,0.0,0.0,0.0,4699.0,-0.0,6932.0,-0.0,2.7184429912350184e+23,2.004,2.004,0.0,0.0,0.0,0.0,69,-0.059,-0.0,0.0,0.0,0.0,0.0,0.0,0.0,0.0,0,0,0,0.0,0.0,0.0,0.0,0.0,0.0,0.0,0.0,0.0,0.0,0.0,0.0,0.0,0.0,0.0,0.0,0,-107875648.0,69,0.0,138,0.0,2.012,ERR,ERR,ERR,ERR,ERR,ERR,ERR,ERR,ERR,ERR,ERR,ERR,ERR,ERR,ERR,ERR,ERR,ERR,ERR,ERR,ERR,ERR,ERR,ERR,ERR,ERR,ERR,ERR,ERR,ERR,ERR,ERR,ERR,ERR,ERR,ERR,ERR,ERR,ERR,ERR,ERR,ERR,ERR,ERR,ERR,ERR,ERR,ERR,ERR,ERR,ERR,ERR,ERR,ERR,ERR,ERR,ERR,ERR,ERR,ERR,ERR,ERR,ERR,ERR,ERR,ERR,ERR,60.0,60.0,35,0.0,0.0,0.0,0.0,0.0,0.0,0.0,0.0,0.0,0.0,0.0,0.0,0.0,0.0,0.0,0.0,65.2,0,133,64,49,65476,0,65476,1,4,4,20529,65476,0,0,2621,60.0,0.0,0.0,0.0,0.0,0.0
2026-07-09T15:04:14,ERR,ERR,ERR,ERR,ERR,ERR,ERR,ERR,ERR,ERR,ERR,ERR,ERR,ERR,ERR,ERR,ERR,ERR,ERR,ERR,ERR,ERR,ERR,ERR,ERR,ERR,ERR,ERR,ERR,ERR,ERR,ERR,ERR,ERR,ERR,ERR,ERR,ERR,ERR,ERR,ERR,ERR,ERR,ERR,ERR,ERR,ERR,ERR,ERR,ERR,ERR,ERR,ERR,ERR,ERR,ERR,ERR,ERR,ERR,ERR,ERR,ERR,ERR,ERR,ERR,ERR,ERR,ERR,ERR,ERR,ERR,ERR,ERR,ERR,ERR,ERR,ERR,ERR,ERR,ERR,ERR,ERR,ERR,ERR,ERR,ERR,ERR,ERR,ERR,ERR,ERR,ERR,ERR,ERR,ERR,ERR,ERR,ERR,ERR,ERR,ERR,ERR,ERR,ERR,ERR,ERR,ERR,ERR,ERR,ERR,ERR,ERR,ERR,ERR,ERR,ERR,ERR,ERR,ERR,ERR,ERR,ERR,ERR,ERR,ERR,-0.0,2.7184429912350184e+23,0.0,0.0,-1.6966467867044584e+38,-0.0,-0.123,2265121.75,0,0,4,17403,7116,0.0,100,0.0,0.0,0.0,0.0,0.0,0,0,0,0,0.0,0,0,0,0,0,0,0,0,0,0,0,0,0,0,0,0,0,0,0,0,0,0,0,0,0,0,0,0,0,0,0,0,0,31,40,40,71,65476,0,300,0,0,8,21553,0.0,-107605600.0,0.0,0.0,0.0,0.0,0.0,0.0,0.0,0.0,0.0,0.0,0.0,0.0,0.0,0.0,0.0,0.0,0.0,0.0,0.0,0.0,-0.0,0.0,0.0,0.0,0.0,0.0,0.0,0.0,4699.0,-0.0,6932.0,-0.0,2.7184429912350184e+23,2.004,2.004,0.0,0.0,0.0,0.0,69,-0.059,-0.0,0.0,0.0,0.0,0.0,0.0,0.0,0.0,0,0,0,0.0,0.0,0.0,0.0,0.0,0.0,0.0,0.0,0.0,0.0,0.0,0.0,0.0,0.0,0.0,0.0,0,-107875648.0,69,0.0,138,0.0,2.012,ERR,ERR,ERR,ERR,ERR,ERR,ERR,ERR,ERR,ERR,ERR,ERR,ERR,ERR,ERR,ERR,ERR,ERR,ERR,ERR,ERR,ERR,ERR,ERR,ERR,ERR,ERR,ERR,ERR,ERR,ERR,ERR,ERR,ERR,ERR,ERR,ERR,ERR,ERR,ERR,ERR,ERR,ERR,ERR,ERR,ERR,ERR,ERR,ERR,ERR,ERR,ERR,ERR,ERR,ERR,ERR,ERR,ERR,ERR,ERR,ERR,ERR,ERR,ERR,ERR,ERR,ERR,60.0,60.0,35,0.0,0.0,0.0,0.0,0.0,0.0,0.0,0.0,0.0,0.0,0.0,0.0,0.0,0.0,0.0,0.0,65.2,0,133,64,49,65476,0,65476,1,4,4,20529,65476,0,0,2621,60.0,0.0,0.0,0.0,0.0,0.0
2026-07-09T15:04:15,ERR,ERR,ERR,ERR,ERR,ERR,ERR,ERR,ERR,ERR,ERR,ERR,ERR,ERR,ERR,ERR,ERR,ERR,ERR,ERR,ERR,ERR,ERR,ERR,ERR,ERR,ERR,ERR,ERR,ERR,ERR,ERR,ERR,ERR,ERR,ERR,ERR,ERR,ERR,ERR,ERR,ERR,ERR,ERR,ERR,ERR,ERR,ERR,ERR,ERR,ERR,ERR,ERR,ERR,ERR,ERR,ERR,ERR,ERR,ERR,ERR,ERR,ERR,ERR,ERR,ERR,ERR,ERR,ERR,ERR,ERR,ERR,ERR,ERR,ERR,ERR,ERR,ERR,ERR,ERR,ERR,ERR,ERR,ERR,ERR,ERR,ERR,ERR,ERR,ERR,ERR,ERR,ERR,ERR,ERR,ERR,ERR,ERR,ERR,ERR,ERR,ERR,ERR,ERR,ERR,ERR,ERR,ERR,ERR,ERR,ERR,ERR,ERR,ERR,ERR,ERR,ERR,ERR,ERR,ERR,ERR,ERR,ERR,ERR,ERR,-0.0,2.7184429912350184e+23,0.0,0.0,-1.6966467867044584e+38,-0.0,-0.123,2265121.75,0,0,4,17403,7116,0.0,100,0.0,0.0,0.0,0.0,0.0,0,0,0,0,0.0,0,0,0,0,0,0,0,0,0,0,0,0,0,0,0,0,0,0,0,0,0,0,0,0,0,0,0,0,0,0,0,0,0,31,40,40,71,65476,0,300,0,0,8,21553,0.0,-107605600.0,0.0,0.0,0.0,0.0,0.0,0.0,0.0,0.0,0.0,0.0,0.0,0.0,0.0,0.0,0.0,0.0,0.0,0.0,0.0,0.0,-0.0,0.0,0.0,0.0,0.0,0.0,0.0,0.0,4699.0,-0.0,6932.0,-0.0,2.7184429912350184e+23,2.004,2.004,0.0,0.0,0.0,0.0,69,-0.059,-0.0,0.0,0.0,0.0,0.0,0.0,0.0,0.0,0,0,0,0.0,0.0,0.0,0.0,0.0,0.0,0.0,0.0,0.0,0.0,0.0,0.0,0.0,0.0,0.0,0.0,0,-107875648.0,69,0.0,138,0.0,2.012,ERR,ERR,ERR,ERR,ERR,ERR,ERR,ERR,ERR,ERR,ERR,ERR,ERR,ERR,ERR,ERR,ERR,ERR,ERR,ERR,ERR,ERR,ERR,ERR,ERR,ERR,ERR,ERR,ERR,ERR,ERR,ERR,ERR,ERR,ERR,ERR,ERR,ERR,ERR,ERR,ERR,ERR,ERR,ERR,ERR,ERR,ERR,ERR,ERR,ERR,ERR,ERR,ERR,ERR,ERR,ERR,ERR,ERR,ERR,ERR,ERR,ERR,ERR,ERR,ERR,ERR,ERR,60.0,60.0,35,0.0,0.0,0.0,0.0,0.0,0.0,0.0,0.0,0.0,0.0,0.0,0.0,0.0,0.0,0.0,0.0,65.2,0,132,64,49,65476,0,65476,1,4,4,20529,65476,0,0,2621,60.0,0.0,0.0,0.0,0.0,0.0
2026-07-09T15:04:16,ERR,ERR,ERR,ERR,ERR,ERR,ERR,ERR,ERR,ERR,ERR,ERR,ERR,ERR,ERR,ERR,ERR,ERR,ERR,ERR,ERR,ERR,ERR,ERR,ERR,ERR,ERR,ERR,ERR,ERR,ERR,ERR,ERR,ERR,ERR,ERR,ERR,ERR,ERR,ERR,ERR,ERR,ERR,ERR,ERR,ERR,ERR,ERR,ERR,ERR,ERR,ERR,ERR,ERR,ERR,ERR,ERR,ERR,ERR,ERR,ERR,ERR,ERR,ERR,ERR,ERR,ERR,ERR,ERR,ERR,ERR,ERR,ERR,ERR,ERR,ERR,ERR,ERR,ERR,ERR,ERR,ERR,ERR,ERR,ERR,ERR,ERR,ERR,ERR,ERR,ERR,ERR,ERR,ERR,ERR,ERR,ERR,ERR,ERR,ERR,ERR,ERR,ERR,ERR,ERR,ERR,ERR,ERR,ERR,ERR,ERR,ERR,ERR,ERR,ERR,ERR,ERR,ERR,ERR,ERR,ERR,ERR,ERR,ERR,ERR,-0.0,2.7184429912350184e+23,0.0,0.0,-1.6966467867044584e+38,-0.0,-0.123,2265121.75,0,0,4,17403,7116,0.0,100,0.0,0.0,0.0,0.0,0.0,0,0,0,0,0.0,0,0,0,0,0,0,0,0,0,0,0,0,0,0,0,0,0,0,0,0,0,0,0,0,0,0,0,0,0,0,0,0,0,31,40,40,71,65476,0,300,0,0,8,21553,0.0,-107605600.0,0.0,0.0,0.0,0.0,0.0,0.0,0.0,0.0,0.0,0.0,0.0,0.0,0.0,0.0,0.0,0.0,0.0,0.0,0.0,0.0,-0.0,0.0,0.0,0.0,0.0,0.0,0.0,0.0,4699.0,-0.0,6932.0,-0.0,2.7184429912350184e+23,2.004,2.004,0.0,0.0,0.0,0.0,69,-0.059,-0.0,0.0,0.0,0.0,0.0,0.0,0.0,0.0,0,0,0,0.0,0.0,0.0,0.0,0.0,0.0,0.0,0.0,0.0,0.0,0.0,0.0,0.0,0.0,0.0,0.0,0,-107875648.0,69,0.0,138,0.0,2.012,ERR,ERR,ERR,ERR,ERR,ERR,ERR,ERR,ERR,ERR,ERR,ERR,ERR,ERR,ERR,ERR,ERR,ERR,ERR,ERR,ERR,ERR,ERR,ERR,ERR,ERR,ERR,ERR,ERR,ERR,ERR,ERR,ERR,ERR,ERR,ERR,ERR,ERR,ERR,ERR,ERR,ERR,ERR,ERR,ERR,ERR,ERR,ERR,ERR,ERR,ERR,ERR,ERR,ERR,ERR,ERR,ERR,ERR,ERR,ERR,ERR,ERR,ERR,ERR,ERR,ERR,ERR,60.0,60.0,35,0.0,0.0,0.0,0.0,0.0,0.0,0.0,0.0,0.0,0.0,0.0,0.0,0.0,0.0,0.0,0.0,65.2,0,132,64,49,65476,0,65476,1,4,4,20529,65476,0,0,2621,60.0,0.0,0.0,0.0,0.0,0.0
2026-07-09T15:04:17,ERR,ERR,ERR,ERR,ERR,ERR,ERR,ERR,ERR,ERR,ERR,ERR,ERR,ERR,ERR,ERR,ERR,ERR,ERR,ERR,ERR,ERR,ERR,ERR,ERR,ERR,ERR,ERR,ERR,ERR,ERR,ERR,ERR,ERR,ERR,ERR,ERR,ERR,ERR,ERR,ERR,ERR,ERR,ERR,ERR,ERR,ERR,ERR,ERR,ERR,ERR,ERR,ERR,ERR,ERR,ERR,ERR,ERR,ERR,ERR,ERR,ERR,ERR,ERR,ERR,ERR,ERR,ERR,ERR,ERR,ERR,ERR,ERR,ERR,ERR,ERR,ERR,ERR,ERR,ERR,ERR,ERR,ERR,ERR,ERR,ERR,ERR,ERR,ERR,ERR,ERR,ERR,ERR,ERR,ERR,ERR,ERR,ERR,ERR,ERR,ERR,ERR,ERR,ERR,ERR,ERR,ERR,ERR,ERR,ERR,ERR,ERR,ERR,ERR,ERR,ERR,ERR,ERR,ERR,ERR,ERR,ERR,ERR,ERR,ERR,-0.0,2.7184429912350184e+23,0.0,0.0,-1.6966467867044584e+38,-0.0,-0.123,2265121.75,0,0,4,17403,7116,0.0,100,0.0,0.0,0.0,0.0,0.0,0,0,0,0,0.0,0,0,0,0,0,0,0,0,0,0,0,0,0,0,0,0,0,0,0,0,0,0,0,0,0,0,0,0,0,0,0,0,0,31,40,40,71,65476,0,300,0,0,8,21553,0.0,-107605600.0,0.0,0.0,0.0,0.0,0.0,0.0,0.0,0.0,0.0,0.0,0.0,0.0,0.0,0.0,0.0,0.0,0.0,0.0,0.0,0.0,-0.0,0.0,0.0,0.0,0.0,0.0,0.0,0.0,4699.0,-0.0,6932.0,-0.0,2.7184429912350184e+23,2.004,2.004,0.0,0.0,0.0,0.0,69,-0.059,-0.0,0.0,0.0,0.0,0.0,0.0,0.0,0.0,0,0,0,0.0,0.0,0.0,0.0,0.0,0.0,0.0,0.0,0.0,0.0,0.0,0.0,0.0,0.0,0.0,0.0,0,-107875648.0,69,0.0,138,0.0,2.012,ERR,ERR,ERR,ERR,ERR,ERR,ERR,ERR,ERR,ERR,ERR,ERR,ERR,ERR,ERR,ERR,ERR,ERR,ERR,ERR,ERR,ERR,ERR,ERR,ERR,ERR,ERR,ERR,ERR,ERR,ERR,ERR,ERR,ERR,ERR,ERR,ERR,ERR,ERR,ERR,ERR,ERR,ERR,ERR,ERR,ERR,ERR,ERR,ERR,ERR,ERR,ERR,ERR,ERR,ERR,ERR,ERR,ERR,ERR,ERR,ERR,ERR,ERR,ERR,ERR,ERR,ERR,60.0,60.0,35,0.0,0.0,0.0,0.0,0.0,0.0,0.0,0.0,0.0,0.0,0.0,0.0,0.0,0.0,0.0,0.0,65.2,0,132,64,49,65476,0,65476,1,4,4,20529,65476,0,0,2621,60.0,0.0,0.0,0.0,0.0,0.0
2026-07-09T15:04:18,ERR,ERR,ERR,ERR,ERR,ERR,ERR,ERR,ERR,ERR,ERR,ERR,ERR,ERR,ERR,ERR,ERR,ERR,ERR,ERR,ERR,ERR,ERR,ERR,ERR,ERR,ERR,ERR,ERR,ERR,ERR,ERR,ERR,ERR,ERR,ERR,ERR,ERR,ERR,ERR,ERR,ERR,ERR,ERR,ERR,ERR,ERR,ERR,ERR,ERR,ERR,ERR,ERR,ERR,ERR,ERR,ERR,ERR,ERR,ERR,ERR,ERR,ERR,ERR,ERR,ERR,ERR,ERR,ERR,ERR,ERR,ERR,ERR,ERR,ERR,ERR,ERR,ERR,ERR,ERR,ERR,ERR,ERR,ERR,ERR,ERR,ERR,ERR,ERR,ERR,ERR,ERR,ERR,ERR,ERR,ERR,ERR,ERR,ERR,ERR,ERR,ERR,ERR,ERR,ERR,ERR,ERR,ERR,ERR,ERR,ERR,ERR,ERR,ERR,ERR,ERR,ERR,ERR,ERR,ERR,ERR,ERR,ERR,ERR,ERR,-0.0,2.7184429912350184e+23,0.0,0.0,-1.6966467867044584e+38,9.023655484448684e+27,5153716.0,-0.0,0,0,4,17404,7116,0.0,100,0.0,0.0,0.0,0.0,0.0,0,0,0,0,0.0,0,0,0,0,0,0,0,0,0,0,0,0,0,0,0,0,0,0,0,0,0,0,0,0,0,0,0,0,0,0,0,0,0,31,40,40,71,65476,0,300,0,0,8,21553,0.0,-107605600.0,0.0,0.0,0.0,0.0,0.0,0.0,0.0,0.0,0.0,0.0,0.0,0.0,0.0,0.0,0.0,0.0,0.0,0.0,0.0,0.0,-0.0,0.0,0.0,0.0,0.0,0.0,0.0,0.0,4685.0,0.0,6919.0,-0.0,-0.0,2.004,2.004,0.0,0.0,0.0,0.0,69,4.95042434246788e+32,0.0,0.0,0.0,0.0,0.0,0.0,0.0,0.0,0,0,0,0.0,0.0,0.0,0.0,0.0,0.0,0.0,0.0,0.0,0.0,0.0,0.0,0.0,0.0,0.0,0.0,0,-107875648.0,69,0.0,138,0.0,2.012,ERR,ERR,ERR,ERR,ERR,ERR,ERR,ERR,ERR,ERR,ERR,ERR,ERR,ERR,ERR,ERR,ERR,ERR,ERR,ERR,ERR,ERR,ERR,ERR,ERR,ERR,ERR,ERR,ERR,ERR,ERR,ERR,ERR,ERR,ERR,ERR,ERR,ERR,ERR,ERR,ERR,ERR,ERR,ERR,ERR,ERR,ERR,ERR,ERR,ERR,ERR,ERR,ERR,ERR,ERR,ERR,ERR,ERR,ERR,ERR,ERR,ERR,ERR,ERR,ERR,ERR,ERR,60.0,60.0,35,0.0,0.0,0.0,0.0,0.0,0.0,0.0,0.0,0.0,0.0,0.0,0.0,0.0,0.0,0.0,0.0,65.2,0,132,64,49,65476,0,65476,1,4,4,20529,65476,0,0,2621,60.0,0.0,0.0,0.0,0.0,0.0
2026-07-09T15:04:19,ERR,ERR,ERR,ERR,ERR,ERR,ERR,ERR,ERR,ERR,ERR,ERR,ERR,ERR,ERR,ERR,ERR,ERR,ERR,ERR,ERR,ERR,ERR,ERR,ERR,ERR,ERR,ERR,ERR,ERR,ERR,ERR,ERR,ERR,ERR,ERR,ERR,ERR,ERR,ERR,ERR,ERR,ERR,ERR,ERR,ERR,ERR,ERR,ERR,ERR,ERR,ERR,ERR,ERR,ERR,ERR,ERR,ERR,ERR,ERR,ERR,ERR,ERR,ERR,ERR,ERR,ERR,ERR,ERR,ERR,ERR,ERR,ERR,ERR,ERR,ERR,ERR,ERR,ERR,ERR,ERR,ERR,ERR,ERR,ERR,ERR,ERR,ERR,ERR,ERR,ERR,ERR,ERR,ERR,ERR,ERR,ERR,ERR,ERR,ERR,ERR,ERR,ERR,ERR,ERR,ERR,ERR,ERR,ERR,ERR,ERR,ERR,ERR,ERR,ERR,ERR,ERR,ERR,ERR,ERR,ERR,ERR,ERR,ERR,ERR,-0.0,2.7184429912350184e+23,0.0,0.0,-1.6966467867044584e+38,9.023655484448684e+27,5153716.0,-0.0,0,0,4,17404,7116,0.0,100,0.0,0.0,0.0,0.0,0.0,0,0,0,0,0.0,0,0,0,0,0,0,0,0,0,0,0,0,0,0,0,0,0,0,0,0,0,0,0,0,0,0,0,0,0,0,0,0,0,31,40,40,71,65476,0,300,0,0,8,21553,0.0,-107605600.0,0.0,0.0,0.0,0.0,0.0,0.0,0.0,0.0,0.0,0.0,0.0,0.0,0.0,0.0,0.0,0.0,0.0,0.0,0.0,0.0,-0.0,0.0,0.0,0.0,0.0,0.0,0.0,0.0,4685.0,0.0,6919.0,-0.0,-0.0,2.004,2.004,0.0,0.0,0.0,0.0,69,4.95042434246788e+32,0.0,0.0,0.0,0.0,0.0,0.0,0.0,0.0,0,0,0,0.0,0.0,0.0,0.0,0.0,0.0,0.0,0.0,0.0,0.0,0.0,0.0,0.0,0.0,0.0,0.0,0,-107875648.0,69,0.0,138,0.0,2.012,ERR,ERR,ERR,ERR,ERR,ERR,ERR,ERR,ERR,ERR,ERR,ERR,ERR,ERR,ERR,ERR,ERR,ERR,ERR,ERR,ERR,ERR,ERR,ERR,ERR,ERR,ERR,ERR,ERR,ERR,ERR,ERR,ERR,ERR,ERR,ERR,ERR,ERR,ERR,ERR,ERR,ERR,ERR,ERR,ERR,ERR,ERR,ERR,ERR,ERR,ERR,ERR,ERR,ERR,ERR,ERR,ERR,ERR,ERR,ERR,ERR,ERR,ERR,ERR,ERR,ERR,ERR,60.0,60.0,35,0.0,0.0,0.0,0.0,0.0,0.0,0.0,0.0,0.0,0.0,0.0,0.0,0.0,0.0,0.0,0.0,65.2,0,132,63,49,65476,0,65476,1,4,4,20529,65476,0,0,2621,60.0,0.0,0.0,0.0,0.0,0.0
2026-07-09T15:04:20,ERR,ERR,ERR,ERR,ERR,ERR,ERR,ERR,ERR,ERR,ERR,ERR,ERR,ERR,ERR,ERR,ERR,ERR,ERR,ERR,ERR,ERR,ERR,ERR,ERR,ERR,ERR,ERR,ERR,ERR,ERR,ERR,ERR,ERR,ERR,ERR,ERR,ERR,ERR,ERR,ERR,ERR,ERR,ERR,ERR,ERR,ERR,ERR,ERR,ERR,ERR,ERR,ERR,ERR,ERR,ERR,ERR,ERR,ERR,ERR,ERR,ERR,ERR,ERR,ERR,ERR,ERR,ERR,ERR,ERR,ERR,ERR,ERR,ERR,ERR,ERR,ERR,ERR,ERR,ERR,ERR,ERR,ERR,ERR,ERR,ERR,ERR,ERR,ERR,ERR,ERR,ERR,ERR,ERR,ERR,ERR,ERR,ERR,ERR,ERR,ERR,ERR,ERR,ERR,ERR,ERR,ERR,ERR,ERR,ERR,ERR,ERR,ERR,ERR,ERR,ERR,ERR,ERR,ERR,ERR,ERR,ERR,ERR,ERR,ERR,-0.0,2.7184429912350184e+23,0.0,0.0,-1.6966467867044584e+38,9.023655484448684e+27,5153716.0,-0.0,0,0,4,17404,7116,0.0,100,0.0,0.0,0.0,0.0,0.0,0,0,0,0,0.0,0,0,0,0,0,0,0,0,0,0,0,0,0,0,0,0,0,0,0,0,0,0,0,0,0,0,0,0,0,0,0,0,0,31,40,40,71,65476,0,300,0,0,8,21553,0.0,-107605600.0,0.0,0.0,0.0,0.0,0.0,0.0,0.0,0.0,0.0,0.0,0.0,0.0,0.0,0.0,0.0,0.0,0.0,0.0,0.0,0.0,-0.0,0.0,0.0,0.0,0.0,0.0,0.0,0.0,4685.0,0.0,6919.0,-0.0,-0.0,2.004,2.004,0.0,0.0,0.0,0.0,69,4.95042434246788e+32,0.0,0.0,0.0,0.0,0.0,0.0,0.0,0.0,0,0,0,0.0,0.0,0.0,0.0,0.0,0.0,0.0,0.0,0.0,0.0,0.0,0.0,0.0,0.0,0.0,0.0,0,-107875648.0,69,0.0,138,0.0,2.012,ERR,ERR,ERR,ERR,ERR,ERR,ERR,ERR,ERR,ERR,ERR,ERR,ERR,ERR,ERR,ERR,ERR,ERR,ERR,ERR,ERR,ERR,ERR,ERR,ERR,ERR,ERR,ERR,ERR,ERR,ERR,ERR,ERR,ERR,ERR,ERR,ERR,ERR,ERR,ERR,ERR,ERR,ERR,ERR,ERR,ERR,ERR,ERR,ERR,ERR,ERR,ERR,ERR,ERR,ERR,ERR,ERR,ERR,ERR,ERR,ERR,ERR,ERR,ERR,ERR,ERR,ERR,60.0,60.0,35,0.0,0.0,0.0,0.0,0.0,0.0,0.0,0.0,0.0,0.0,0.0,0.0,0.0,0.0,0.0,0.0,65.2,0,132,63,49,65476,0,65476,1,4,4,20529,65476,0,0,2621,60.0,0.0,0.0,0.0,0.0,0.0
2026-07-09T15:04:21,ERR,ERR,ERR,ERR,ERR,ERR,ERR,ERR,ERR,ERR,ERR,ERR,ERR,ERR,ERR,ERR,ERR,ERR,ERR,ERR,ERR,ERR,ERR,ERR,ERR,ERR,ERR,ERR,ERR,ERR,ERR,ERR,ERR,ERR,ERR,ERR,ERR,ERR,ERR,ERR,ERR,ERR,ERR,ERR,ERR,ERR,ERR,ERR,ERR,ERR,ERR,ERR,ERR,ERR,ERR,ERR,ERR,ERR,ERR,ERR,ERR,ERR,ERR,ERR,ERR,ERR,ERR,ERR,ERR,ERR,ERR,ERR,ERR,ERR,ERR,ERR,ERR,ERR,ERR,ERR,ERR,ERR,ERR,ERR,ERR,ERR,ERR,ERR,ERR,ERR,ERR,ERR,ERR,ERR,ERR,ERR,ERR,ERR,ERR,ERR,ERR,ERR,ERR,ERR,ERR,ERR,ERR,ERR,ERR,ERR,ERR,ERR,ERR,ERR,ERR,ERR,ERR,ERR,ERR,ERR,ERR,ERR,ERR,ERR,ERR,-0.0,2.7184429912350184e+23,0.0,0.0,-1.6966467867044584e+38,9.023655484448684e+27,5153716.0,-0.0,0,0,4,17404,7116,0.0,100,0.0,0.0,0.0,0.0,0.0,0,0,0,0,0.0,0,0,0,0,0,0,0,0,0,0,0,0,0,0,0,0,0,0,0,0,0,0,0,0,0,0,0,0,0,0,0,0,0,31,40,40,71,65476,0,300,0,0,8,21553,0.0,-107605600.0,0.0,0.0,0.0,0.0,0.0,0.0,0.0,0.0,0.0,0.0,0.0,0.0,0.0,0.0,0.0,0.0,0.0,0.0,0.0,0.0,-0.0,0.0,0.0,0.0,0.0,0.0,0.0,0.0,4685.0,0.0,6919.0,-0.0,-0.0,2.004,2.004,0.0,0.0,0.0,0.0,69,4.95042434246788e+32,0.0,0.0,0.0,0.0,0.0,0.0,0.0,0.0,0,0,0,0.0,0.0,0.0,0.0,0.0,0.0,0.0,0.0,0.0,0.0,0.0,0.0,0.0,0.0,0.0,0.0,0,-107875648.0,69,0.0,138,0.0,2.012,ERR,ERR,ERR,ERR,ERR,ERR,ERR,ERR,ERR,ERR,ERR,ERR,ERR,ERR,ERR,ERR,ERR,ERR,ERR,ERR,ERR,ERR,ERR,ERR,ERR,ERR,ERR,ERR,ERR,ERR,ERR,ERR,ERR,ERR,ERR,ERR,ERR,ERR,ERR,ERR,ERR,ERR,ERR,ERR,ERR,ERR,ERR,ERR,ERR,ERR,ERR,ERR,ERR,ERR,ERR,ERR,ERR,ERR,ERR,ERR,ERR,ERR,ERR,ERR,ERR,ERR,ERR,60.0,60.0,35,0.0,0.0,0.0,0.0,0.0,0.0,0.0,0.0,0.0,0.0,0.0,0.0,0.0,0.0,0.0,0.0,65.2,0,132,63,49,65476,0,65476,1,4,4,20529,65476,0,0,2621,60.0,0.0,0.0,0.0,0.0,0.0
2026-07-09T15:04:22,ERR,ERR,ERR,ERR,ERR,ERR,ERR,ERR,ERR,ERR,ERR,ERR,ERR,ERR,ERR,ERR,ERR,ERR,ERR,ERR,ERR,ERR,ERR,ERR,ERR,ERR,ERR,ERR,ERR,ERR,ERR,ERR,ERR,ERR,ERR,ERR,ERR,ERR,ERR,ERR,ERR,ERR,ERR,ERR,ERR,ERR,ERR,ERR,ERR,ERR,ERR,ERR,ERR,ERR,ERR,ERR,ERR,ERR,ERR,ERR,ERR,ERR,ERR,ERR,ERR,ERR,ERR,ERR,ERR,ERR,ERR,ERR,ERR,ERR,ERR,ERR,ERR,ERR,ERR,ERR,ERR,ERR,ERR,ERR,ERR,ERR,ERR,ERR,ERR,ERR,ERR,ERR,ERR,ERR,ERR,ERR,ERR,ERR,ERR,ERR,ERR,ERR,ERR,ERR,ERR,ERR,ERR,ERR,ERR,ERR,ERR,ERR,ERR,ERR,ERR,ERR,ERR,ERR,ERR,ERR,ERR,ERR,ERR,ERR,ERR,-0.0,2.7184429912350184e+23,0.0,0.0,-1.6966467867044584e+38,9.023655484448684e+27,5153716.0,-0.0,0,0,4,17404,7116,0.0,100,0.0,0.0,0.0,0.0,0.0,0,0,0,0,0.0,0,0,0,0,0,0,0,0,0,0,0,0,0,0,0,0,0,0,0,0,0,0,0,0,0,0,0,0,0,0,0,0,0,31,40,40,71,65476,0,300,0,0,8,21553,0.0,-107605600.0,0.0,0.0,0.0,0.0,0.0,0.0,0.0,0.0,0.0,0.0,0.0,0.0,0.0,0.0,0.0,0.0,0.0,0.0,0.0,0.0,-0.0,0.0,0.0,0.0,0.0,0.0,0.0,0.0,4685.0,0.0,6919.0,-0.0,-0.0,2.004,2.004,0.0,0.0,0.0,0.0,69,4.95042434246788e+32,0.0,0.0,0.0,0.0,0.0,0.0,0.0,0.0,0,0,0,0.0,0.0,0.0,0.0,0.0,0.0,0.0,0.0,0.0,0.0,0.0,0.0,0.0,0.0,0.0,0.0,0,-107875648.0,69,0.0,138,0.0,2.012,ERR,ERR,ERR,ERR,ERR,ERR,ERR,ERR,ERR,ERR,ERR,ERR,ERR,ERR,ERR,ERR,ERR,ERR,ERR,ERR,ERR,ERR,ERR,ERR,ERR,ERR,ERR,ERR,ERR,ERR,ERR,ERR,ERR,ERR,ERR,ERR,ERR,ERR,ERR,ERR,ERR,ERR,ERR,ERR,ERR,ERR,ERR,ERR,ERR,ERR,ERR,ERR,ERR,ERR,ERR,ERR,ERR,ERR,ERR,ERR,ERR,ERR,ERR,ERR,ERR,ERR,ERR,60.0,60.0,35,0.0,0.0,0.0,0.0,0.0,0.0,0.0,0.0,0.0,0.0,0.0,0.0,0.0,0.0,0.0,0.0,65.6,0,132,63,49,65476,0,65476,1,4,4,20529,65476,0,0,2621,60.0,0.0,0.0,0.0,0.0,0.0
2026-07-09T15:04:23,ERR,ERR,ERR,ERR,ERR,ERR,ERR,ERR,ERR,ERR,ERR,ERR,ERR,ERR,ERR,ERR,ERR,ERR,ERR,ERR,ERR,ERR,ERR,ERR,ERR,ERR,ERR,ERR,ERR,ERR,ERR,ERR,ERR,ERR,ERR,ERR,ERR,ERR,ERR,ERR,ERR,ERR,ERR,ERR,ERR,ERR,ERR,ERR,ERR,ERR,ERR,ERR,ERR,ERR,ERR,ERR,ERR,ERR,ERR,ERR,ERR,ERR,ERR,ERR,ERR,ERR,ERR,ERR,ERR,ERR,ERR,ERR,ERR,ERR,ERR,ERR,ERR,ERR,ERR,ERR,ERR,ERR,ERR,ERR,ERR,ERR,ERR,ERR,ERR,ERR,ERR,ERR,ERR,ERR,ERR,ERR,ERR,ERR,ERR,ERR,ERR,ERR,ERR,ERR,ERR,ERR,ERR,ERR,ERR,ERR,ERR,ERR,ERR,ERR,ERR,ERR,ERR,ERR,ERR,ERR,ERR,ERR,ERR,ERR,ERR,-0.0,-107615920.0,0.0,2.718366610185338e+23,-550971375616.0,1.5639877521506304e+16,0.0,-5.614224061159667e+35,0,0,4,17403,7116,0.0,100,0.0,0.0,2.718366610185338e+23,0.0,0.0,0,0,0,0,0.0,0,0,0,0,0,0,0,0,0,0,0,0,0,0,0,0,0,0,0,0,0,0,0,0,0,0,0,0,0,0,0,0,0,31,40,40,71,65476,0,300,0,0,8,21553,0.0,-107605600.0,0.0,0.0,0.0,0.0,0.0,0.0,0.0,0.0,0.0,0.0,0.0,0.0,0.0,0.0,0.0,0.0,0.0,0.0,0.0,0.0,-0.0,2.004,0.0,0.0,0.0,0.0,0.0,0.0,4678.0,0.0,6914.0,-0.0,-107615920.0,2.004,2.004,0.0,0.0,0.0,0.0,69,126841020416.0,-4.9503961019607335e+32,0.0,0.0,0.0,0.0,0.0,0.0,0.0,0,0,0,0.0,0.0,0.0,0.0,0.0,0.0,0.0,0.0,0.0,0.0,0.0,0.0,0.0,0.0,0.0,0.0,0,-107875648.0,69,0.0,138,0.0,2.012,ERR,ERR,ERR,ERR,ERR,ERR,ERR,ERR,ERR,ERR,ERR,ERR,ERR,ERR,ERR,ERR,ERR,ERR,ERR,ERR,ERR,ERR,ERR,ERR,ERR,ERR,ERR,ERR,ERR,ERR,ERR,ERR,ERR,ERR,ERR,ERR,ERR,ERR,ERR,ERR,ERR,ERR,ERR,ERR,ERR,ERR,ERR,ERR,ERR,ERR,ERR,ERR,ERR,ERR,ERR,ERR,ERR,ERR,ERR,ERR,ERR,ERR,ERR,ERR,ERR,ERR,ERR,60.0,60.0,35,0.0,0.0,0.0,0.0,0.0,0.0,0.0,0.0,0.0,0.0,0.0,0.0,0.0,0.0,0.0,0.0,65.6,0,132,63,49,65476,0,65476,1,4,4,20529,65476,0,0,2621,60.0,0.0,0.0,0.0,0.0,0.0
2026-07-09T15:04:24,ERR,ERR,ERR,ERR,ERR,ERR,ERR,ERR,ERR,ERR,ERR,ERR,ERR,ERR,ERR,ERR,ERR,ERR,ERR,ERR,ERR,ERR,ERR,ERR,ERR,ERR,ERR,ERR,ERR,ERR,ERR,ERR,ERR,ERR,ERR,ERR,ERR,ERR,ERR,ERR,ERR,ERR,ERR,ERR,ERR,ERR,ERR,ERR,ERR,ERR,ERR,ERR,ERR,ERR,ERR,ERR,ERR,ERR,ERR,ERR,ERR,ERR,ERR,ERR,ERR,ERR,ERR,ERR,ERR,ERR,ERR,ERR,ERR,ERR,ERR,ERR,ERR,ERR,ERR,ERR,ERR,ERR,ERR,ERR,ERR,ERR,ERR,ERR,ERR,ERR,ERR,ERR,ERR,ERR,ERR,ERR,ERR,ERR,ERR,ERR,ERR,ERR,ERR,ERR,ERR,ERR,ERR,ERR,ERR,ERR,ERR,ERR,ERR,ERR,ERR,ERR,ERR,ERR,ERR,ERR,ERR,ERR,ERR,ERR,ERR,-0.0,-107615920.0,0.0,2.718366610185338e+23,-550971375616.0,1.5639877521506304e+16,0.0,-5.614224061159667e+35,0,0,4,17403,7116,0.0,100,0.0,0.0,2.718366610185338e+23,0.0,0.0,0,0,0,0,0.0,0,0,0,0,0,0,0,0,0,0,0,0,0,0,0,0,0,0,0,0,0,0,0,0,0,0,0,0,0,0,0,0,0,31,40,40,71,65476,0,300,0,0,8,21553,0.0,-107605600.0,0.0,0.0,0.0,0.0,0.0,0.0,0.0,0.0,0.0,0.0,0.0,0.0,0.0,0.0,0.0,0.0,0.0,0.0,0.0,0.0,-0.0,2.004,0.0,0.0,0.0,0.0,0.0,0.0,4678.0,0.0,6914.0,-0.0,-107615920.0,2.004,2.004,0.0,0.0,0.0,0.0,69,126841020416.0,-4.9503961019607335e+32,0.0,0.0,0.0,0.0,0.0,0.0,0.0,0,0,0,0.0,0.0,0.0,0.0,0.0,0.0,0.0,0.0,0.0,0.0,0.0,0.0,0.0,0.0,0.0,0.0,0,-107875648.0,69,0.0,138,0.0,2.012,ERR,ERR,ERR,ERR,ERR,ERR,ERR,ERR,ERR,ERR,ERR,ERR,ERR,ERR,ERR,ERR,ERR,ERR,ERR,ERR,ERR,ERR,ERR,ERR,ERR,ERR,ERR,ERR,ERR,ERR,ERR,ERR,ERR,ERR,ERR,ERR,ERR,ERR,ERR,ERR,ERR,ERR,ERR,ERR,ERR,ERR,ERR,ERR,ERR,ERR,ERR,ERR,ERR,ERR,ERR,ERR,ERR,ERR,ERR,ERR,ERR,ERR,ERR,ERR,ERR,ERR,ERR,60.0,60.0,35,0.0,0.0,0.0,0.0,0.0,0.0,0.0,0.0,0.0,0.0,0.0,0.0,0.0,0.0,0.0,0.0,65.2,0,131,63,49,65476,0,65476,1,4,4,20529,65476,0,0,2621,60.0,0.0,0.0,0.0,0.0,0.0
2026-07-09T15:04:25,ERR,ERR,ERR,ERR,ERR,ERR,ERR,ERR,ERR,ERR,ERR,ERR,ERR,ERR,ERR,ERR,ERR,ERR,ERR,ERR,ERR,ERR,ERR,ERR,ERR,ERR,ERR,ERR,ERR,ERR,ERR,ERR,ERR,ERR,ERR,ERR,ERR,ERR,ERR,ERR,ERR,ERR,ERR,ERR,ERR,ERR,ERR,ERR,ERR,ERR,ERR,ERR,ERR,ERR,ERR,ERR,ERR,ERR,ERR,ERR,ERR,ERR,ERR,ERR,ERR,ERR,ERR,ERR,ERR,ERR,ERR,ERR,ERR,ERR,ERR,ERR,ERR,ERR,ERR,ERR,ERR,ERR,ERR,ERR,ERR,ERR,ERR,ERR,ERR,ERR,ERR,ERR,ERR,ERR,ERR,ERR,ERR,ERR,ERR,ERR,ERR,ERR,ERR,ERR,ERR,ERR,ERR,ERR,ERR,ERR,ERR,ERR,ERR,ERR,ERR,ERR,ERR,ERR,ERR,ERR,ERR,ERR,ERR,ERR,ERR,-0.0,-107615920.0,0.0,2.718366610185338e+23,-550971375616.0,1.5639877521506304e+16,0.0,-5.614224061159667e+35,0,0,4,17403,7116,0.0,100,0.0,0.0,2.718366610185338e+23,0.0,0.0,0,0,0,0,0.0,0,0,0,0,0,0,0,0,0,0,0,0,0,0,0,0,0,0,0,0,0,0,0,0,0,0,0,0,0,0,0,0,0,31,40,40,71,65476,0,300,0,0,8,21553,0.0,-107605600.0,0.0,0.0,0.0,0.0,0.0,0.0,0.0,0.0,0.0,0.0,0.0,0.0,0.0,0.0,0.0,0.0,0.0,0.0,0.0,0.0,-0.0,2.004,0.0,0.0,0.0,0.0,0.0,0.0,4678.0,0.0,6914.0,-0.0,-107615920.0,2.004,2.004,0.0,0.0,0.0,0.0,69,126841020416.0,-4.9503961019607335e+32,0.0,0.0,0.0,0.0,0.0,0.0,0.0,0,0,0,0.0,0.0,0.0,0.0,0.0,0.0,0.0,0.0,0.0,0.0,0.0,0.0,0.0,0.0,0.0,0.0,0,-107875648.0,69,0.0,138,0.0,2.012,ERR,ERR,ERR,ERR,ERR,ERR,ERR,ERR,ERR,ERR,ERR,ERR,ERR,ERR,ERR,ERR,ERR,ERR,ERR,ERR,ERR,ERR,ERR,ERR,ERR,ERR,ERR,ERR,ERR,ERR,ERR,ERR,ERR,ERR,ERR,ERR,ERR,ERR,ERR,ERR,ERR,ERR,ERR,ERR,ERR,ERR,ERR,ERR,ERR,ERR,ERR,ERR,ERR,ERR,ERR,ERR,ERR,ERR,ERR,ERR,ERR,ERR,ERR,ERR,ERR,ERR,ERR,60.0,60.0,35,0.0,0.0,0.0,0.0,0.0,0.0,0.0,0.0,0.0,0.0,0.0,0.0,0.0,0.0,0.0,0.0,65.2,0,131,63,49,65476,0,65476,1,4,4,20529,65476,0,0,2621,60.0,0.0,0.0,0.0,0.0,0.0
2026-07-09T15:04:26,ERR,ERR,ERR,ERR,ERR,ERR,ERR,ERR,ERR,ERR,ERR,ERR,ERR,ERR,ERR,ERR,ERR,ERR,ERR,ERR,ERR,ERR,ERR,ERR,ERR,ERR,ERR,ERR,ERR,ERR,ERR,ERR,ERR,ERR,ERR,ERR,ERR,ERR,ERR,ERR,ERR,ERR,ERR,ERR,ERR,ERR,ERR,ERR,ERR,ERR,ERR,ERR,ERR,ERR,ERR,ERR,ERR,ERR,ERR,ERR,ERR,ERR,ERR,ERR,ERR,ERR,ERR,ERR,ERR,ERR,ERR,ERR,ERR,ERR,ERR,ERR,ERR,ERR,ERR,ERR,ERR,ERR,ERR,ERR,ERR,ERR,ERR,ERR,ERR,ERR,ERR,ERR,ERR,ERR,ERR,ERR,ERR,ERR,ERR,ERR,ERR,ERR,ERR,ERR,ERR,ERR,ERR,ERR,ERR,ERR,ERR,ERR,ERR,ERR,ERR,ERR,ERR,ERR,ERR,ERR,ERR,ERR,ERR,ERR,ERR,-0.0,-107615920.0,0.0,2.718366610185338e+23,-550971375616.0,1.5639877521506304e+16,0.0,-5.614224061159667e+35,0,0,4,17403,7116,0.0,100,0.0,0.0,2.718366610185338e+23,0.0,0.0,0,0,0,0,0.0,0,0,0,0,0,0,0,0,0,0,0,0,0,0,0,0,0,0,0,0,0,0,0,0,0,0,0,0,0,0,0,0,0,31,40,40,71,65476,0,300,0,0,8,21553,0.0,-107605600.0,0.0,0.0,0.0,0.0,0.0,0.0,0.0,0.0,0.0,0.0,0.0,0.0,0.0,0.0,0.0,0.0,0.0,0.0,0.0,0.0,-0.0,2.004,0.0,0.0,0.0,0.0,0.0,0.0,4678.0,0.0,6914.0,-0.0,-107615920.0,2.004,2.004,0.0,0.0,0.0,0.0,69,126841020416.0,-4.9503961019607335e+32,0.0,0.0,0.0,0.0,0.0,0.0,0.0,0,0,0,0.0,0.0,0.0,0.0,0.0,0.0,0.0,0.0,0.0,0.0,0.0,0.0,0.0,0.0,0.0,0.0,0,-107875648.0,69,0.0,138,0.0,2.012,ERR,ERR,ERR,ERR,ERR,ERR,ERR,ERR,ERR,ERR,ERR,ERR,ERR,ERR,ERR,ERR,ERR,ERR,ERR,ERR,ERR,ERR,ERR,ERR,ERR,ERR,ERR,ERR,ERR,ERR,ERR,ERR,ERR,ERR,ERR,ERR,ERR,ERR,ERR,ERR,ERR,ERR,ERR,ERR,ERR,ERR,ERR,ERR,ERR,ERR,ERR,ERR,ERR,ERR,ERR,ERR,ERR,ERR,ERR,ERR,ERR,ERR,ERR,ERR,ERR,ERR,ERR,60.0,60.0,35,0.0,0.0,0.0,0.0,0.0,0.0,0.0,0.0,0.0,0.0,0.0,0.0,0.0,0.0,0.0,0.0,65.2,0,131,63,49,65476,0,65476,1,4,4,20529,65476,0,0,2621,60.0,0.0,0.0,0.0,0.0,0.0
2026-07-09T15:04:27,ERR,ERR,ERR,ERR,ERR,ERR,ERR,ERR,ERR,ERR,ERR,ERR,ERR,ERR,ERR,ERR,ERR,ERR,ERR,ERR,ERR,ERR,ERR,ERR,ERR,ERR,ERR,ERR,ERR,ERR,ERR,ERR,ERR,ERR,ERR,ERR,ERR,ERR,ERR,ERR,ERR,ERR,ERR,ERR,ERR,ERR,ERR,ERR,ERR,ERR,ERR,ERR,ERR,ERR,ERR,ERR,ERR,ERR,ERR,ERR,ERR,ERR,ERR,ERR,ERR,ERR,ERR,ERR,ERR,ERR,ERR,ERR,ERR,ERR,ERR,ERR,ERR,ERR,ERR,ERR,ERR,ERR,ERR,ERR,ERR,ERR,ERR,ERR,ERR,ERR,ERR,ERR,ERR,ERR,ERR,ERR,ERR,ERR,ERR,ERR,ERR,ERR,ERR,ERR,ERR,ERR,ERR,ERR,ERR,ERR,ERR,ERR,ERR,ERR,ERR,ERR,ERR,ERR,ERR,ERR,ERR,ERR,ERR,ERR,ERR,-0.0,-107615920.0,0.0,2.718366610185338e+23,-550971375616.0,1.5639877521506304e+16,0.0,-5.614224061159667e+35,0,0,4,17403,7116,0.0,100,0.0,0.0,2.718366610185338e+23,0.0,0.0,0,0,0,0,0.0,0,0,0,0,0,0,0,0,0,0,0,0,0,0,0,0,0,0,0,0,0,0,0,0,0,0,0,0,0,0,0,0,0,31,40,40,71,65476,0,300,0,0,8,21553,0.0,-107605600.0,0.0,0.0,0.0,0.0,0.0,0.0,0.0,0.0,0.0,0.0,0.0,0.0,0.0,0.0,0.0,0.0,0.0,0.0,0.0,0.0,-0.0,2.004,0.0,0.0,0.0,0.0,0.0,0.0,4678.0,0.0,6914.0,-0.0,-107615920.0,2.004,2.004,0.0,0.0,0.0,0.0,69,126841020416.0,-4.9503961019607335e+32,0.0,0.0,0.0,0.0,0.0,0.0,0.0,0,0,0,0.0,0.0,0.0,0.0,0.0,0.0,0.0,0.0,0.0,0.0,0.0,0.0,0.0,0.0,0.0,0.0,0,-107875648.0,69,0.0,138,0.0,2.012,ERR,ERR,ERR,ERR,ERR,ERR,ERR,ERR,ERR,ERR,ERR,ERR,ERR,ERR,ERR,ERR,ERR,ERR,ERR,ERR,ERR,ERR,ERR,ERR,ERR,ERR,ERR,ERR,ERR,ERR,ERR,ERR,ERR,ERR,ERR,ERR,ERR,ERR,ERR,ERR,ERR,ERR,ERR,ERR,ERR,ERR,ERR,ERR,ERR,ERR,ERR,ERR,ERR,ERR,ERR,ERR,ERR,ERR,ERR,ERR,ERR,ERR,ERR,ERR,ERR,ERR,ERR,60.0,60.0,35,0.0,0.0,0.0,0.0,0.0,0.0,0.0,0.0,0.0,0.0,0.0,0.0,0.0,0.0,0.0,0.0,65.2,0,131,63,49,65476,0,65476,1,4,4,20529,65476,0,0,2621,60.0,0.0,0.0,0.0,0.0,0.0
2026-07-09T15:04:28,ERR,ERR,ERR,ERR,ERR,ERR,ERR,ERR,ERR,ERR,ERR,ERR,ERR,ERR,ERR,ERR,ERR,ERR,ERR,ERR,ERR,ERR,ERR,ERR,ERR,ERR,ERR,ERR,ERR,ERR,ERR,ERR,ERR,ERR,ERR,ERR,ERR,ERR,ERR,ERR,ERR,ERR,ERR,ERR,ERR,ERR,ERR,ERR,ERR,ERR,ERR,ERR,ERR,ERR,ERR,ERR,ERR,ERR,ERR,ERR,ERR,ERR,ERR,ERR,ERR,ERR,ERR,ERR,ERR,ERR,ERR,ERR,ERR,ERR,ERR,ERR,ERR,ERR,ERR,ERR,ERR,ERR,ERR,ERR,ERR,ERR,ERR,ERR,ERR,ERR,ERR,ERR,ERR,ERR,ERR,ERR,ERR,ERR,ERR,ERR,ERR,ERR,ERR,ERR,ERR,ERR,ERR,ERR,ERR,ERR,ERR,ERR,ERR,ERR,ERR,ERR,ERR,ERR,ERR,ERR,ERR,ERR,ERR,ERR,ERR,0.0,-107615920.0,2.7302204446925475e+23,0.0,-0.0,0.0,-5.16087954095555e+30,-0.0,0,0,4,17406,7116,0.0,100,0.0,0.0,0.0,0.0,0.0,0,0,0,0,0.0,0,0,0,0,0,0,0,0,0,0,0,0,0,0,0,0,0,0,0,0,0,0,0,0,0,0,0,0,0,0,0,0,0,31,40,40,71,65476,0,300,0,0,8,21553,0.0,-107605600.0,0.0,0.0,0.0,0.0,0.0,0.0,0.0,0.0,0.0,0.0,0.0,0.0,0.0,0.0,0.0,0.0,0.0,0.0,0.0,0.0,2.004,2.004,0.0,0.0,0.0,0.0,0.0,0.0,4668.0,-0.0,6930.0,0.0,-107615920.0,2.004,2.004,0.0,0.0,0.0,0.0,69,0.0,126840422400.0,0.0,0.0,0.0,0.0,0.0,0.0,0.0,0,0,0,0.0,0.0,0.0,0.0,0.0,0.0,0.0,0.0,0.0,0.0,0.0,0.0,0.0,0.0,0.0,0.0,0,-107875648.0,69,0.0,138,0.0,2.012,ERR,ERR,ERR,ERR,ERR,ERR,ERR,ERR,ERR,ERR,ERR,ERR,ERR,ERR,ERR,ERR,ERR,ERR,ERR,ERR,ERR,ERR,ERR,ERR,ERR,ERR,ERR,ERR,ERR,ERR,ERR,ERR,ERR,ERR,ERR,ERR,ERR,ERR,ERR,ERR,ERR,ERR,ERR,ERR,ERR,ERR,ERR,ERR,ERR,ERR,ERR,ERR,ERR,ERR,ERR,ERR,ERR,ERR,ERR,ERR,ERR,ERR,ERR,ERR,ERR,ERR,ERR,60.0,60.0,35,0.0,0.0,0.0,0.0,0.0,0.0,0.0,0.0,0.0,0.0,0.0,0.0,0.0,0.0,0.0,0.0,65.2,0,131,63,49,65476,0,65476,1,4,4,20529,65476,0,0,2621,60.0,0.0,0.0,0.0,0.0,0.0
2026-07-09T15:04:29,ERR,ERR,ERR,ERR,ERR,ERR,ERR,ERR,ERR,ERR,ERR,ERR,ERR,ERR,ERR,ERR,ERR,ERR,ERR,ERR,ERR,ERR,ERR,ERR,ERR,ERR,ERR,ERR,ERR,ERR,ERR,ERR,ERR,ERR,ERR,ERR,ERR,ERR,ERR,ERR,ERR,ERR,ERR,ERR,ERR,ERR,ERR,ERR,ERR,ERR,ERR,ERR,ERR,ERR,ERR,ERR,ERR,ERR,ERR,ERR,ERR,ERR,ERR,ERR,ERR,ERR,ERR,ERR,ERR,ERR,ERR,ERR,ERR,ERR,ERR,ERR,ERR,ERR,ERR,ERR,ERR,ERR,ERR,ERR,ERR,ERR,ERR,ERR,ERR,ERR,ERR,ERR,ERR,ERR,ERR,ERR,ERR,ERR,ERR,ERR,ERR,ERR,ERR,ERR,ERR,ERR,ERR,ERR,ERR,ERR,ERR,ERR,ERR,ERR,ERR,ERR,ERR,ERR,ERR,ERR,ERR,ERR,ERR,ERR,ERR,0.0,-107615920.0,2.7302204446925475e+23,0.0,-0.0,0.0,-5.16087954095555e+30,-0.0,0,0,4,17406,7116,0.0,100,0.0,0.0,0.0,0.0,0.0,0,0,0,0,0.0,0,0,0,0,0,0,0,0,0,0,0,0,0,0,0,0,0,0,0,0,0,0,0,0,0,0,0,0,0,0,0,0,0,31,40,40,71,65476,0,300,0,0,8,21553,0.0,-107605600.0,0.0,0.0,0.0,0.0,0.0,0.0,0.0,0.0,0.0,0.0,0.0,0.0,0.0,0.0,0.0,0.0,0.0,0.0,0.0,0.0,2.004,2.004,0.0,0.0,0.0,0.0,0.0,0.0,4668.0,-0.0,6930.0,0.0,-107615920.0,2.004,2.004,0.0,0.0,0.0,0.0,69,0.0,126840422400.0,0.0,0.0,0.0,0.0,0.0,0.0,0.0,0,0,0,0.0,0.0,0.0,0.0,0.0,0.0,0.0,0.0,0.0,0.0,0.0,0.0,0.0,0.0,0.0,0.0,0,-107875648.0,69,0.0,138,0.0,2.012,ERR,ERR,ERR,ERR,ERR,ERR,ERR,ERR,ERR,ERR,ERR,ERR,ERR,ERR,ERR,ERR,ERR,ERR,ERR,ERR,ERR,ERR,ERR,ERR,ERR,ERR,ERR,ERR,ERR,ERR,ERR,ERR,ERR,ERR,ERR,ERR,ERR,ERR,ERR,ERR,ERR,ERR,ERR,ERR,ERR,ERR,ERR,ERR,ERR,ERR,ERR,ERR,ERR,ERR,ERR,ERR,ERR,ERR,ERR,ERR,ERR,ERR,ERR,ERR,ERR,ERR,ERR,60.0,60.0,35,0.0,0.0,0.0,0.0,0.0,0.0,0.0,0.0,0.0,0.0,0.0,0.0,0.0,0.0,0.0,0.0,65.2,0,131,63,49,65476,0,65476,1,4,4,20529,65476,0,0,2621,60.0,0.0,0.0,0.0,0.0,0.0
2026-07-09T15:04:30,ERR,ERR,ERR,ERR,ERR,ERR,ERR,ERR,ERR,ERR,ERR,ERR,ERR,ERR,ERR,ERR,ERR,ERR,ERR,ERR,ERR,ERR,ERR,ERR,ERR,ERR,ERR,ERR,ERR,ERR,ERR,ERR,ERR,ERR,ERR,ERR,ERR,ERR,ERR,ERR,ERR,ERR,ERR,ERR,ERR,ERR,ERR,ERR,ERR,ERR,ERR,ERR,ERR,ERR,ERR,ERR,ERR,ERR,ERR,ERR,ERR,ERR,ERR,ERR,ERR,ERR,ERR,ERR,ERR,ERR,ERR,ERR,ERR,ERR,ERR,ERR,ERR,ERR,ERR,ERR,ERR,ERR,ERR,ERR,ERR,ERR,ERR,ERR,ERR,ERR,ERR,ERR,ERR,ERR,ERR,ERR,ERR,ERR,ERR,ERR,ERR,ERR,ERR,ERR,ERR,ERR,ERR,ERR,ERR,ERR,ERR,ERR,ERR,ERR,ERR,ERR,ERR,ERR,ERR,ERR,ERR,ERR,ERR,ERR,ERR,0.0,-107615920.0,2.7302204446925475e+23,0.0,-0.0,0.0,-5.16087954095555e+30,-0.0,0,0,4,17406,7116,0.0,100,0.0,0.0,0.0,0.0,0.0,0,0,0,0,0.0,0,0,0,0,0,0,0,0,0,0,0,0,0,0,0,0,0,0,0,0,0,0,0,0,0,0,0,0,0,0,0,0,0,31,40,40,71,65476,0,300,0,0,8,21553,0.0,-107605600.0,0.0,0.0,0.0,0.0,0.0,0.0,0.0,0.0,0.0,0.0,0.0,0.0,0.0,0.0,0.0,0.0,0.0,0.0,0.0,0.0,2.004,2.004,0.0,0.0,0.0,0.0,0.0,0.0,4668.0,-0.0,6930.0,0.0,-107615920.0,2.004,2.004,0.0,0.0,0.0,0.0,69,0.0,126840422400.0,0.0,0.0,0.0,0.0,0.0,0.0,0.0,0,0,0,0.0,0.0,0.0,0.0,0.0,0.0,0.0,0.0,0.0,0.0,0.0,0.0,0.0,0.0,0.0,0.0,0,-107875648.0,69,0.0,138,0.0,2.012,ERR,ERR,ERR,ERR,ERR,ERR,ERR,ERR,ERR,ERR,ERR,ERR,ERR,ERR,ERR,ERR,ERR,ERR,ERR,ERR,ERR,ERR,ERR,ERR,ERR,ERR,ERR,ERR,ERR,ERR,ERR,ERR,ERR,ERR,ERR,ERR,ERR,ERR,ERR,ERR,ERR,ERR,ERR,ERR,ERR,ERR,ERR,ERR,ERR,ERR,ERR,ERR,ERR,ERR,ERR,ERR,ERR,ERR,ERR,ERR,ERR,ERR,ERR,ERR,ERR,ERR,ERR,60.0,60.0,35,0.0,0.0,0.0,0.0,0.0,0.0,0.0,0.0,0.0,0.0,0.0,0.0,0.0,0.0,0.0,0.0,65.2,0,131,63,49,65476,0,65476,1,4,4,20529,65476,0,0,2621,60.0,0.0,0.0,0.0,0.0,0.0
2026-07-09T15:04:31,ERR,ERR,ERR,ERR,ERR,ERR,ERR,ERR,ERR,ERR,ERR,ERR,ERR,ERR,ERR,ERR,ERR,ERR,ERR,ERR,ERR,ERR,ERR,ERR,ERR,ERR,ERR,ERR,ERR,ERR,ERR,ERR,ERR,ERR,ERR,ERR,ERR,ERR,ERR,ERR,ERR,ERR,ERR,ERR,ERR,ERR,ERR,ERR,ERR,ERR,ERR,ERR,ERR,ERR,ERR,ERR,ERR,ERR,ERR,ERR,ERR,ERR,ERR,ERR,ERR,ERR,ERR,ERR,ERR,ERR,ERR,ERR,ERR,ERR,ERR,ERR,ERR,ERR,ERR,ERR,ERR,ERR,ERR,ERR,ERR,ERR,ERR,ERR,ERR,ERR,ERR,ERR,ERR,ERR,ERR,ERR,ERR,ERR,ERR,ERR,ERR,ERR,ERR,ERR,ERR,ERR,ERR,ERR,ERR,ERR,ERR,ERR,ERR,ERR,ERR,ERR,ERR,ERR,ERR,ERR,ERR,ERR,ERR,ERR,ERR,0.0,-107615920.0,2.7302204446925475e+23,0.0,-0.0,0.0,-5.16087954095555e+30,-0.0,0,0,4,17406,7116,0.0,100,0.0,0.0,0.0,0.0,0.0,0,0,0,0,0.0,0,0,0,0,0,0,0,0,0,0,0,0,0,0,0,0,0,0,0,0,0,0,0,0,0,0,0,0,0,0,0,0,0,31,40,40,71,65476,0,300,0,0,8,21553,0.0,-107605600.0,0.0,0.0,0.0,0.0,0.0,0.0,0.0,0.0,0.0,0.0,0.0,0.0,0.0,0.0,0.0,0.0,0.0,0.0,0.0,0.0,2.004,2.004,0.0,0.0,0.0,0.0,0.0,0.0,4668.0,-0.0,6930.0,0.0,-107615920.0,2.004,2.004,0.0,0.0,0.0,0.0,69,0.0,126840422400.0,0.0,0.0,0.0,0.0,0.0,0.0,0.0,0,0,0,0.0,0.0,0.0,0.0,0.0,0.0,0.0,0.0,0.0,0.0,0.0,0.0,0.0,0.0,0.0,0.0,0,-107875648.0,69,0.0,138,0.0,2.012,ERR,ERR,ERR,ERR,ERR,ERR,ERR,ERR,ERR,ERR,ERR,ERR,ERR,ERR,ERR,ERR,ERR,ERR,ERR,ERR,ERR,ERR,ERR,ERR,ERR,ERR,ERR,ERR,ERR,ERR,ERR,ERR,ERR,ERR,ERR,ERR,ERR,ERR,ERR,ERR,ERR,ERR,ERR,ERR,ERR,ERR,ERR,ERR,ERR,ERR,ERR,ERR,ERR,ERR,ERR,ERR,ERR,ERR,ERR,ERR,ERR,ERR,ERR,ERR,ERR,ERR,ERR,60.0,60.0,35,0.0,0.0,0.0,0.0,0.0,0.0,0.0,0.0,0.0,0.0,0.0,0.0,0.0,0.0,0.0,0.0,65.6,0,130,63,49,65476,0,65476,1,4,4,20529,65476,0,0,2621,60.0,0.0,0.0,0.0,0.0,0.0
2026-07-09T15:04:32,ERR,ERR,ERR,ERR,ERR,ERR,ERR,ERR,ERR,ERR,ERR,ERR,ERR,ERR,ERR,ERR,ERR,ERR,ERR,ERR,ERR,ERR,ERR,ERR,ERR,ERR,ERR,ERR,ERR,ERR,ERR,ERR,ERR,ERR,ERR,ERR,ERR,ERR,ERR,ERR,ERR,ERR,ERR,ERR,ERR,ERR,ERR,ERR,ERR,ERR,ERR,ERR,ERR,ERR,ERR,ERR,ERR,ERR,ERR,ERR,ERR,ERR,ERR,ERR,ERR,ERR,ERR,ERR,ERR,ERR,ERR,ERR,ERR,ERR,ERR,ERR,ERR,ERR,ERR,ERR,ERR,ERR,ERR,ERR,ERR,ERR,ERR,ERR,ERR,ERR,ERR,ERR,ERR,ERR,ERR,ERR,ERR,ERR,ERR,ERR,ERR,ERR,ERR,ERR,ERR,ERR,ERR,ERR,ERR,ERR,ERR,ERR,ERR,ERR,ERR,ERR,ERR,ERR,ERR,ERR,ERR,ERR,ERR,ERR,ERR,0.0,-107615920.0,2.7302204446925475e+23,0.0,-0.0,0.0,-5.16087954095555e+30,-0.0,0,0,4,17406,7116,0.0,100,0.0,0.0,0.0,0.0,0.0,0,0,0,0,0.0,0,0,0,0,0,0,0,0,0,0,0,0,0,0,0,0,0,0,0,0,0,0,0,0,0,0,0,0,0,0,0,0,0,31,40,40,71,65476,0,300,0,0,8,21553,0.0,-107605600.0,0.0,0.0,0.0,0.0,0.0,0.0,0.0,0.0,0.0,0.0,0.0,0.0,0.0,0.0,0.0,0.0,0.0,0.0,0.0,0.0,2.004,2.004,0.0,0.0,0.0,0.0,0.0,0.0,4668.0,-0.0,6930.0,0.0,-107615920.0,2.004,2.004,0.0,0.0,0.0,0.0,69,0.0,126840422400.0,0.0,0.0,0.0,0.0,0.0,0.0,0.0,0,0,0,0.0,0.0,0.0,0.0,0.0,0.0,0.0,0.0,0.0,0.0,0.0,0.0,0.0,0.0,0.0,0.0,0,-107875648.0,69,0.0,138,0.0,2.012,ERR,ERR,ERR,ERR,ERR,ERR,ERR,ERR,ERR,ERR,ERR,ERR,ERR,ERR,ERR,ERR,ERR,ERR,ERR,ERR,ERR,ERR,ERR,ERR,ERR,ERR,ERR,ERR,ERR,ERR,ERR,ERR,ERR,ERR,ERR,ERR,ERR,ERR,ERR,ERR,ERR,ERR,ERR,ERR,ERR,ERR,ERR,ERR,ERR,ERR,ERR,ERR,ERR,ERR,ERR,ERR,ERR,ERR,ERR,ERR,ERR,ERR,ERR,ERR,ERR,ERR,ERR,60.0,60.0,35,0.0,0.0,0.0,0.0,0.0,0.0,0.0,0.0,0.0,0.0,0.0,0.0,0.0,0.0,0.0,0.0,65.2,0,130,63,49,65476,0,65476,1,4,4,20529,65476,0,0,2621,60.0,0.0,0.0,0.0,0.0,0.0
2026-07-09T15:04:33,ERR,ERR,ERR,ERR,ERR,ERR,ERR,ERR,ERR,ERR,ERR,ERR,ERR,ERR,ERR,ERR,ERR,ERR,ERR,ERR,ERR,ERR,ERR,ERR,ERR,ERR,ERR,ERR,ERR,ERR,ERR,ERR,ERR,ERR,ERR,ERR,ERR,ERR,ERR,ERR,ERR,ERR,ERR,ERR,ERR,ERR,ERR,ERR,ERR,ERR,ERR,ERR,ERR,ERR,ERR,ERR,ERR,ERR,ERR,ERR,ERR,ERR,ERR,ERR,ERR,ERR,ERR,ERR,ERR,ERR,ERR,ERR,ERR,ERR,ERR,ERR,ERR,ERR,ERR,ERR,ERR,ERR,ERR,ERR,ERR,ERR,ERR,ERR,ERR,ERR,ERR,ERR,ERR,ERR,ERR,ERR,ERR,ERR,ERR,ERR,ERR,ERR,ERR,ERR,ERR,ERR,ERR,ERR,ERR,ERR,ERR,ERR,ERR,ERR,ERR,ERR,ERR,ERR,ERR,ERR,ERR,ERR,ERR,ERR,ERR,0.0,-107615920.0,2.7302204446925475e+23,0.0,-0.0,0.0,-1269090761048064.0,-0.0,0,0,4,17407,7116,0.0,100,0.0,0.0,0.0,0.0,0.0,0,0,0,0,0.0,0,0,0,0,0,0,0,0,0,0,0,0,0,0,0,0,0,0,0,0,0,0,0,0,0,0,0,0,0,0,0,0,0,31,40,40,71,65476,0,300,0,0,8,21553,0.0,-107605600.0,0.0,0.0,0.0,0.0,0.0,0.0,0.0,0.0,0.0,0.0,0.0,0.0,0.0,0.0,0.0,0.0,0.0,0.0,0.0,0.0,2.004,2.004,0.0,0.0,0.0,0.0,0.0,0.0,4649.0,8608171008.0,6922.0,-0.0,-107615920.0,2.004,2.004,0.0,0.0,0.0,0.0,69,-0.059,0.0,0.0,0.0,0.0,0.0,0.0,0.0,0.0,0,0,0,0.0,0.0,0.0,0.0,0.0,0.0,0.0,0.0,0.0,0.0,0.0,0.0,0.0,0.0,0.0,0.0,0,-107875648.0,69,0.0,138,0.0,2.012,ERR,ERR,ERR,ERR,ERR,ERR,ERR,ERR,ERR,ERR,ERR,ERR,ERR,ERR,ERR,ERR,ERR,ERR,ERR,ERR,ERR,ERR,ERR,ERR,ERR,ERR,ERR,ERR,ERR,ERR,ERR,ERR,ERR,ERR,ERR,ERR,ERR,ERR,ERR,ERR,ERR,ERR,ERR,ERR,ERR,ERR,ERR,ERR,ERR,ERR,ERR,ERR,ERR,ERR,ERR,ERR,ERR,ERR,ERR,ERR,ERR,ERR,ERR,ERR,ERR,ERR,ERR,60.0,60.0,35,0.0,0.0,0.0,0.0,0.0,0.0,0.0,0.0,0.0,0.0,0.0,0.0,0.0,0.0,0.0,0.0,65.2,0,130,63,49,65476,0,65476,1,4,4,20529,65476,0,0,2621,60.0,0.0,0.0,0.0,0.0,0.0
2026-07-09T15:04:34,ERR,ERR,ERR,ERR,ERR,ERR,ERR,ERR,ERR,ERR,ERR,ERR,ERR,ERR,ERR,ERR,ERR,ERR,ERR,ERR,ERR,ERR,ERR,ERR,ERR,ERR,ERR,ERR,ERR,ERR,ERR,ERR,ERR,ERR,ERR,ERR,ERR,ERR,ERR,ERR,ERR,ERR,ERR,ERR,ERR,ERR,ERR,ERR,ERR,ERR,ERR,ERR,ERR,ERR,ERR,ERR,ERR,ERR,ERR,ERR,ERR,ERR,ERR,ERR,ERR,ERR,ERR,ERR,ERR,ERR,ERR,ERR,ERR,ERR,ERR,ERR,ERR,ERR,ERR,ERR,ERR,ERR,ERR,ERR,ERR,ERR,ERR,ERR,ERR,ERR,ERR,ERR,ERR,ERR,ERR,ERR,ERR,ERR,ERR,ERR,ERR,ERR,ERR,ERR,ERR,ERR,ERR,ERR,ERR,ERR,ERR,ERR,ERR,ERR,ERR,ERR,ERR,ERR,ERR,ERR,ERR,ERR,ERR,ERR,ERR,0.0,-107615920.0,2.7302204446925475e+23,0.0,-0.0,0.0,-1269090761048064.0,-0.0,0,0,4,17407,7116,0.0,100,0.0,0.0,0.0,0.0,0.0,0,0,0,0,0.0,0,0,0,0,0,0,0,0,0,0,0,0,0,0,0,0,0,0,0,0,0,0,0,0,0,0,0,0,0,0,0,0,0,31,40,40,71,65476,0,300,0,0,8,21553,0.0,-107605600.0,0.0,0.0,0.0,0.0,0.0,0.0,0.0,0.0,0.0,0.0,0.0,0.0,0.0,0.0,0.0,0.0,0.0,0.0,0.0,0.0,2.004,2.004,0.0,0.0,0.0,0.0,0.0,0.0,4649.0,8608171008.0,6922.0,-0.0,-107615920.0,2.004,2.004,0.0,0.0,0.0,0.0,69,-0.059,0.0,0.0,0.0,0.0,0.0,0.0,0.0,0.0,0,0,0,0.0,0.0,0.0,0.0,0.0,0.0,0.0,0.0,0.0,0.0,0.0,0.0,0.0,0.0,0.0,0.0,0,-107875648.0,69,0.0,138,0.0,2.012,ERR,ERR,ERR,ERR,ERR,ERR,ERR,ERR,ERR,ERR,ERR,ERR,ERR,ERR,ERR,ERR,ERR,ERR,ERR,ERR,ERR,ERR,ERR,ERR,ERR,ERR,ERR,ERR,ERR,ERR,ERR,ERR,ERR,ERR,ERR,ERR,ERR,ERR,ERR,ERR,ERR,ERR,ERR,ERR,ERR,ERR,ERR,ERR,ERR,ERR,ERR,ERR,ERR,ERR,ERR,ERR,ERR,ERR,ERR,ERR,ERR,ERR,ERR,ERR,ERR,ERR,ERR,60.0,60.0,35,0.0,0.0,0.0,0.0,0.0,0.0,0.0,0.0,0.0,0.0,0.0,0.0,0.0,0.0,0.0,0.0,65.2,0,130,63,49,65476,0,65476,1,4,4,20529,65476,0,0,2621,60.0,0.0,0.0,0.0,0.0,0.0
2026-07-09T15:04:35,ERR,ERR,ERR,ERR,ERR,ERR,ERR,ERR,ERR,ERR,ERR,ERR,ERR,ERR,ERR,ERR,ERR,ERR,ERR,ERR,ERR,ERR,ERR,ERR,ERR,ERR,ERR,ERR,ERR,ERR,ERR,ERR,ERR,ERR,ERR,ERR,ERR,ERR,ERR,ERR,ERR,ERR,ERR,ERR,ERR,ERR,ERR,ERR,ERR,ERR,ERR,ERR,ERR,ERR,ERR,ERR,ERR,ERR,ERR,ERR,ERR,ERR,ERR,ERR,ERR,ERR,ERR,ERR,ERR,ERR,ERR,ERR,ERR,ERR,ERR,ERR,ERR,ERR,ERR,ERR,ERR,ERR,ERR,ERR,ERR,ERR,ERR,ERR,ERR,ERR,ERR,ERR,ERR,ERR,ERR,ERR,ERR,ERR,ERR,ERR,ERR,ERR,ERR,ERR,ERR,ERR,ERR,ERR,ERR,ERR,ERR,ERR,ERR,ERR,ERR,ERR,ERR,ERR,ERR,ERR,ERR,ERR,ERR,ERR,ERR,0.0,-107615920.0,2.7302204446925475e+23,0.0,-0.0,0.0,-1269090761048064.0,-0.0,0,0,4,17407,7116,0.0,100,0.0,0.0,0.0,0.0,0.0,0,0,0,0,0.0,0,0,0,0,0,0,0,0,0,0,0,0,0,0,0,0,0,0,0,0,0,0,0,0,0,0,0,0,0,0,0,0,0,31,40,40,71,65476,0,300,0,0,8,21553,0.0,-107605600.0,0.0,0.0,0.0,0.0,0.0,0.0,0.0,0.0,0.0,0.0,0.0,0.0,0.0,0.0,0.0,0.0,0.0,0.0,0.0,0.0,2.004,2.004,0.0,0.0,0.0,0.0,0.0,0.0,4649.0,8608171008.0,6922.0,-0.0,-107615920.0,2.004,2.004,0.0,0.0,0.0,0.0,69,-0.059,0.0,0.0,0.0,0.0,0.0,0.0,0.0,0.0,0,0,0,0.0,0.0,0.0,0.0,0.0,0.0,0.0,0.0,0.0,0.0,0.0,0.0,0.0,0.0,0.0,0.0,0,-107875648.0,69,0.0,138,0.0,2.012,ERR,ERR,ERR,ERR,ERR,ERR,ERR,ERR,ERR,ERR,ERR,ERR,ERR,ERR,ERR,ERR,ERR,ERR,ERR,ERR,ERR,ERR,ERR,ERR,ERR,ERR,ERR,ERR,ERR,ERR,ERR,ERR,ERR,ERR,ERR,ERR,ERR,ERR,ERR,ERR,ERR,ERR,ERR,ERR,ERR,ERR,ERR,ERR,ERR,ERR,ERR,ERR,ERR,ERR,ERR,ERR,ERR,ERR,ERR,ERR,ERR,ERR,ERR,ERR,ERR,ERR,ERR,60.0,60.0,35,0.0,0.0,0.0,0.0,0.0,0.0,0.0,0.0,0.0,0.0,0.0,0.0,0.0,0.0,0.0,0.0,65.2,0,130,63,49,65476,0,65476,1,4,4,20529,65476,0,0,2621,60.0,0.0,0.0,0.0,0.0,0.0
2026-07-09T15:04:36,ERR,ERR,ERR,ERR,ERR,ERR,ERR,ERR,ERR,ERR,ERR,ERR,ERR,ERR,ERR,ERR,ERR,ERR,ERR,ERR,ERR,ERR,ERR,ERR,ERR,ERR,ERR,ERR,ERR,ERR,ERR,ERR,ERR,ERR,ERR,ERR,ERR,ERR,ERR,ERR,ERR,ERR,ERR,ERR,ERR,ERR,ERR,ERR,ERR,ERR,ERR,ERR,ERR,ERR,ERR,ERR,ERR,ERR,ERR,ERR,ERR,ERR,ERR,ERR,ERR,ERR,ERR,ERR,ERR,ERR,ERR,ERR,ERR,ERR,ERR,ERR,ERR,ERR,ERR,ERR,ERR,ERR,ERR,ERR,ERR,ERR,ERR,ERR,ERR,ERR,ERR,ERR,ERR,ERR,ERR,ERR,ERR,ERR,ERR,ERR,ERR,ERR,ERR,ERR,ERR,ERR,ERR,ERR,ERR,ERR,ERR,ERR,ERR,ERR,ERR,ERR,ERR,ERR,ERR,ERR,ERR,ERR,ERR,ERR,ERR,0.0,-107615920.0,2.7302204446925475e+23,0.0,-0.0,0.0,-1269090761048064.0,-0.0,0,0,4,17407,7116,0.0,100,0.0,0.0,0.0,0.0,0.0,0,0,0,0,0.0,0,0,0,0,0,0,0,0,0,0,0,0,0,0,0,0,0,0,0,0,0,0,0,0,0,0,0,0,0,0,0,0,0,31,40,40,71,65476,0,300,0,0,8,21553,0.0,-107605600.0,0.0,0.0,0.0,0.0,0.0,0.0,0.0,0.0,0.0,0.0,0.0,0.0,0.0,0.0,0.0,0.0,0.0,0.0,0.0,0.0,2.004,2.004,0.0,0.0,0.0,0.0,0.0,0.0,4649.0,8608171008.0,6922.0,-0.0,-107615920.0,2.004,2.004,0.0,0.0,0.0,0.0,69,-0.059,0.0,0.0,0.0,0.0,0.0,0.0,0.0,0.0,0,0,0,0.0,0.0,0.0,0.0,0.0,0.0,0.0,0.0,0.0,0.0,0.0,0.0,0.0,0.0,0.0,0.0,0,-107875648.0,69,0.0,138,0.0,2.012,ERR,ERR,ERR,ERR,ERR,ERR,ERR,ERR,ERR,ERR,ERR,ERR,ERR,ERR,ERR,ERR,ERR,ERR,ERR,ERR,ERR,ERR,ERR,ERR,ERR,ERR,ERR,ERR,ERR,ERR,ERR,ERR,ERR,ERR,ERR,ERR,ERR,ERR,ERR,ERR,ERR,ERR,ERR,ERR,ERR,ERR,ERR,ERR,ERR,ERR,ERR,ERR,ERR,ERR,ERR,ERR,ERR,ERR,ERR,ERR,ERR,ERR,ERR,ERR,ERR,ERR,ERR,60.0,60.0,35,0.0,0.0,0.0,0.0,0.0,0.0,0.0,0.0,0.0,0.0,0.0,0.0,0.0,0.0,0.0,0.0,65.2,0,130,63,49,65476,0,65476,1,4,4,20529,65476,0,0,2621,60.0,0.0,0.0,0.0,0.0,0.0
2026-07-09T15:04:37,ERR,ERR,ERR,ERR,ERR,ERR,ERR,ERR,ERR,ERR,ERR,ERR,ERR,ERR,ERR,ERR,ERR,ERR,ERR,ERR,ERR,ERR,ERR,ERR,ERR,ERR,ERR,ERR,ERR,ERR,ERR,ERR,ERR,ERR,ERR,ERR,ERR,ERR,ERR,ERR,ERR,ERR,ERR,ERR,ERR,ERR,ERR,ERR,ERR,ERR,ERR,ERR,ERR,ERR,ERR,ERR,ERR,ERR,ERR,ERR,ERR,ERR,ERR,ERR,ERR,ERR,ERR,ERR,ERR,ERR,ERR,ERR,ERR,ERR,ERR,ERR,ERR,ERR,ERR,ERR,ERR,ERR,ERR,ERR,ERR,ERR,ERR,ERR,ERR,ERR,ERR,ERR,ERR,ERR,ERR,ERR,ERR,ERR,ERR,ERR,ERR,ERR,ERR,ERR,ERR,ERR,ERR,ERR,ERR,ERR,ERR,ERR,ERR,ERR,ERR,ERR,ERR,ERR,ERR,ERR,ERR,ERR,ERR,ERR,ERR,0.0,-107615920.0,2.7302204446925475e+23,0.0,-0.0,0.0,-1269090761048064.0,-0.0,0,0,4,17407,7116,0.0,100,0.0,0.0,0.0,0.0,0.0,0,0,0,0,0.0,0,0,0,0,0,0,0,0,0,0,0,0,0,0,0,0,0,0,0,0,0,0,0,0,0,0,0,0,0,0,0,0,0,31,40,40,71,65476,0,300,0,0,8,21553,0.0,-107605600.0,0.0,0.0,0.0,0.0,0.0,0.0,0.0,0.0,0.0,0.0,0.0,0.0,0.0,0.0,0.0,0.0,0.0,0.0,0.0,0.0,2.004,2.004,0.0,0.0,0.0,0.0,0.0,0.0,4649.0,8608171008.0,6922.0,-0.0,-107615920.0,2.004,2.004,0.0,0.0,0.0,0.0,69,-0.059,0.0,0.0,0.0,0.0,0.0,0.0,0.0,0.0,0,0,0,0.0,0.0,0.0,0.0,0.0,0.0,0.0,0.0,0.0,0.0,0.0,0.0,0.0,0.0,0.0,0.0,0,-107875648.0,69,0.0,138,0.0,2.012,ERR,ERR,ERR,ERR,ERR,ERR,ERR,ERR,ERR,ERR,ERR,ERR,ERR,ERR,ERR,ERR,ERR,ERR,ERR,ERR,ERR,ERR,ERR,ERR,ERR,ERR,ERR,ERR,ERR,ERR,ERR,ERR,ERR,ERR,ERR,ERR,ERR,ERR,ERR,ERR,ERR,ERR,ERR,ERR,ERR,ERR,ERR,ERR,ERR,ERR,ERR,ERR,ERR,ERR,ERR,ERR,ERR,ERR,ERR,ERR,ERR,ERR,ERR,ERR,ERR,ERR,ERR,60.0,60.0,35,0.0,0.0,0.0,0.0,0.0,0.0,0.0,0.0,0.0,0.0,0.0,0.0,0.0,0.0,0.0,0.0,65.6,0,130,63,49,65476,0,65476,1,4,4,20529,65476,0,0,2621,60.0,0.0,0.0,0.0,0.0,0.0
2026-07-09T15:04:38,ERR,ERR,ERR,ERR,ERR,ERR,ERR,ERR,ERR,ERR,ERR,ERR,ERR,ERR,ERR,ERR,ERR,ERR,ERR,ERR,ERR,ERR,ERR,ERR,ERR,ERR,ERR,ERR,ERR,ERR,ERR,ERR,ERR,ERR,ERR,ERR,ERR,ERR,ERR,ERR,ERR,ERR,ERR,ERR,ERR,ERR,ERR,ERR,ERR,ERR,ERR,ERR,ERR,ERR,ERR,ERR,ERR,ERR,ERR,ERR,ERR,ERR,ERR,ERR,ERR,ERR,ERR,ERR,ERR,ERR,ERR,ERR,ERR,ERR,ERR,ERR,ERR,ERR,ERR,ERR,ERR,ERR,ERR,ERR,ERR,ERR,ERR,ERR,ERR,ERR,ERR,ERR,ERR,ERR,ERR,ERR,ERR,ERR,ERR,ERR,ERR,ERR,ERR,ERR,ERR,ERR,ERR,ERR,ERR,ERR,ERR,ERR,ERR,ERR,ERR,ERR,ERR,ERR,ERR,ERR,ERR,ERR,ERR,ERR,ERR,-0.0,-107615920.0,0.0,-0.0,34435731456.0,-148117712.0,0.155,0.0,0,0,4,17405,7116,0.0,100,0.0,0.0,-0.0,0.0,0.0,0,0,0,0,0.0,0,0,0,0,0,0,0,0,0,0,0,0,0,0,0,0,0,0,0,0,0,0,0,0,0,0,0,0,0,0,0,0,0,31,40,40,71,65476,0,300,0,0,8,21553,0.0,-107605600.0,0.0,0.0,0.0,0.0,0.0,0.0,0.0,0.0,0.0,0.0,0.0,0.0,0.0,0.0,0.0,0.0,0.0,0.0,0.0,0.0,-0.0,2.004,0.0,0.0,0.0,0.0,0.0,0.0,4669.0,0.0,6915.0,-0.0,-107615920.0,2.004,2.004,0.0,0.0,0.0,0.0,69,3.222024165466893e+26,-0.0,0.0,0.0,0.0,0.0,0.0,0.0,0.0,0,0,0,0.0,0.0,0.0,0.0,0.0,0.0,0.0,0.0,0.0,0.0,0.0,0.0,0.0,0.0,0.0,0.0,0,-107875648.0,69,0.0,138,0.0,2.012,ERR,ERR,ERR,ERR,ERR,ERR,ERR,ERR,ERR,ERR,ERR,ERR,ERR,ERR,ERR,ERR,ERR,ERR,ERR,ERR,ERR,ERR,ERR,ERR,ERR,ERR,ERR,ERR,ERR,ERR,ERR,ERR,ERR,ERR,ERR,ERR,ERR,ERR,ERR,ERR,ERR,ERR,ERR,ERR,ERR,ERR,ERR,ERR,ERR,ERR,ERR,ERR,ERR,ERR,ERR,ERR,ERR,ERR,ERR,ERR,ERR,ERR,ERR,ERR,ERR,ERR,ERR,60.0,60.0,35,0.0,0.0,0.0,0.0,0.0,0.0,0.0,0.0,0.0,0.0,0.0,0.0,0.0,0.0,0.0,0.0,65.6,0,130,63,49,65476,0,65476,1,4,4,20529,65476,0,0,2621,60.0,0.0,0.0,0.0,0.0,0.0
2026-07-09T15:04:39,ERR,ERR,ERR,ERR,ERR,ERR,ERR,ERR,ERR,ERR,ERR,ERR,ERR,ERR,ERR,ERR,ERR,ERR,ERR,ERR,ERR,ERR,ERR,ERR,ERR,ERR,ERR,ERR,ERR,ERR,ERR,ERR,ERR,ERR,ERR,ERR,ERR,ERR,ERR,ERR,ERR,ERR,ERR,ERR,ERR,ERR,ERR,ERR,ERR,ERR,ERR,ERR,ERR,ERR,ERR,ERR,ERR,ERR,ERR,ERR,ERR,ERR,ERR,ERR,ERR,ERR,ERR,ERR,ERR,ERR,ERR,ERR,ERR,ERR,ERR,ERR,ERR,ERR,ERR,ERR,ERR,ERR,ERR,ERR,ERR,ERR,ERR,ERR,ERR,ERR,ERR,ERR,ERR,ERR,ERR,ERR,ERR,ERR,ERR,ERR,ERR,ERR,ERR,ERR,ERR,ERR,ERR,ERR,ERR,ERR,ERR,ERR,ERR,ERR,ERR,ERR,ERR,ERR,ERR,ERR,ERR,ERR,ERR,ERR,ERR,-0.0,-107615920.0,0.0,-0.0,34435731456.0,-148117712.0,0.155,0.0,0,0,4,17405,7116,0.0,100,0.0,0.0,-0.0,0.0,0.0,0,0,0,0,0.0,0,0,0,0,0,0,0,0,0,0,0,0,0,0,0,0,0,0,0,0,0,0,0,0,0,0,0,0,0,0,0,0,0,31,40,40,71,65476,0,300,0,0,8,21553,0.0,-107605600.0,0.0,0.0,0.0,0.0,0.0,0.0,0.0,0.0,0.0,0.0,0.0,0.0,0.0,0.0,0.0,0.0,0.0,0.0,0.0,0.0,-0.0,2.004,0.0,0.0,0.0,0.0,0.0,0.0,4669.0,0.0,6915.0,-0.0,-107615920.0,2.004,2.004,0.0,0.0,0.0,0.0,69,3.222024165466893e+26,-0.0,0.0,0.0,0.0,0.0,0.0,0.0,0.0,0,0,0,0.0,0.0,0.0,0.0,0.0,0.0,0.0,0.0,0.0,0.0,0.0,0.0,0.0,0.0,0.0,0.0,0,-107875648.0,69,0.0,138,0.0,2.012,ERR,ERR,ERR,ERR,ERR,ERR,ERR,ERR,ERR,ERR,ERR,ERR,ERR,ERR,ERR,ERR,ERR,ERR,ERR,ERR,ERR,ERR,ERR,ERR,ERR,ERR,ERR,ERR,ERR,ERR,ERR,ERR,ERR,ERR,ERR,ERR,ERR,ERR,ERR,ERR,ERR,ERR,ERR,ERR,ERR,ERR,ERR,ERR,ERR,ERR,ERR,ERR,ERR,ERR,ERR,ERR,ERR,ERR,ERR,ERR,ERR,ERR,ERR,ERR,ERR,ERR,ERR,60.0,60.0,35,0.0,0.0,0.0,0.0,0.0,0.0,0.0,0.0,0.0,0.0,0.0,0.0,0.0,0.0,0.0,0.0,65.2,0,130,62,49,65476,0,65476,1,4,4,20529,65476,0,0,2621,60.0,0.0,0.0,0.0,0.0,0.0
2026-07-09T15:04:40,ERR,ERR,ERR,ERR,ERR,ERR,ERR,ERR,ERR,ERR,ERR,ERR,ERR,ERR,ERR,ERR,ERR,ERR,ERR,ERR,ERR,ERR,ERR,ERR,ERR,ERR,ERR,ERR,ERR,ERR,ERR,ERR,ERR,ERR,ERR,ERR,ERR,ERR,ERR,ERR,ERR,ERR,ERR,ERR,ERR,ERR,ERR,ERR,ERR,ERR,ERR,ERR,ERR,ERR,ERR,ERR,ERR,ERR,ERR,ERR,ERR,ERR,ERR,ERR,ERR,ERR,ERR,ERR,ERR,ERR,ERR,ERR,ERR,ERR,ERR,ERR,ERR,ERR,ERR,ERR,ERR,ERR,ERR,ERR,ERR,ERR,ERR,ERR,ERR,ERR,ERR,ERR,ERR,ERR,ERR,ERR,ERR,ERR,ERR,ERR,ERR,ERR,ERR,ERR,ERR,ERR,ERR,ERR,ERR,ERR,ERR,ERR,ERR,ERR,ERR,ERR,ERR,ERR,ERR,ERR,ERR,ERR,ERR,ERR,ERR,-0.0,-107615920.0,0.0,-0.0,34435731456.0,-148117712.0,0.155,0.0,0,0,4,17405,7116,0.0,100,0.0,0.0,-0.0,0.0,0.0,0,0,0,0,0.0,0,0,0,0,0,0,0,0,0,0,0,0,0,0,0,0,0,0,0,0,0,0,0,0,0,0,0,0,0,0,0,0,0,31,40,40,71,65476,0,300,0,0,8,21553,0.0,-107605600.0,0.0,0.0,0.0,0.0,0.0,0.0,0.0,0.0,0.0,0.0,0.0,0.0,0.0,0.0,0.0,0.0,0.0,0.0,0.0,0.0,-0.0,2.004,0.0,0.0,0.0,0.0,0.0,0.0,4669.0,0.0,6915.0,-0.0,-107615920.0,2.004,2.004,0.0,0.0,0.0,0.0,69,3.222024165466893e+26,-0.0,0.0,0.0,0.0,0.0,0.0,0.0,0.0,0,0,0,0.0,0.0,0.0,0.0,0.0,0.0,0.0,0.0,0.0,0.0,0.0,0.0,0.0,0.0,0.0,0.0,0,-107875648.0,69,0.0,138,0.0,2.012,ERR,ERR,ERR,ERR,ERR,ERR,ERR,ERR,ERR,ERR,ERR,ERR,ERR,ERR,ERR,ERR,ERR,ERR,ERR,ERR,ERR,ERR,ERR,ERR,ERR,ERR,ERR,ERR,ERR,ERR,ERR,ERR,ERR,ERR,ERR,ERR,ERR,ERR,ERR,ERR,ERR,ERR,ERR,ERR,ERR,ERR,ERR,ERR,ERR,ERR,ERR,ERR,ERR,ERR,ERR,ERR,ERR,ERR,ERR,ERR,ERR,ERR,ERR,ERR,ERR,ERR,ERR,60.0,60.0,35,0.0,0.0,0.0,0.0,0.0,0.0,0.0,0.0,0.0,0.0,0.0,0.0,0.0,0.0,0.0,0.0,65.2,0,130,62,49,65476,0,65476,1,4,4,20529,65476,0,0,2621,60.0,0.0,0.0,0.0,0.0,0.0
2026-07-09T15:04:41,ERR,ERR,ERR,ERR,ERR,ERR,ERR,ERR,ERR,ERR,ERR,ERR,ERR,ERR,ERR,ERR,ERR,ERR,ERR,ERR,ERR,ERR,ERR,ERR,ERR,ERR,ERR,ERR,ERR,ERR,ERR,ERR,ERR,ERR,ERR,ERR,ERR,ERR,ERR,ERR,ERR,ERR,ERR,ERR,ERR,ERR,ERR,ERR,ERR,ERR,ERR,ERR,ERR,ERR,ERR,ERR,ERR,ERR,ERR,ERR,ERR,ERR,ERR,ERR,ERR,ERR,ERR,ERR,ERR,ERR,ERR,ERR,ERR,ERR,ERR,ERR,ERR,ERR,ERR,ERR,ERR,ERR,ERR,ERR,ERR,ERR,ERR,ERR,ERR,ERR,ERR,ERR,ERR,ERR,ERR,ERR,ERR,ERR,ERR,ERR,ERR,ERR,ERR,ERR,ERR,ERR,ERR,ERR,ERR,ERR,ERR,ERR,ERR,ERR,ERR,ERR,ERR,ERR,ERR,ERR,ERR,ERR,ERR,ERR,ERR,-0.0,-107615920.0,0.0,-0.0,34435731456.0,-148117712.0,0.155,0.0,0,0,4,17405,7116,0.0,100,0.0,0.0,-0.0,0.0,0.0,0,0,0,0,0.0,0,0,0,0,0,0,0,0,0,0,0,0,0,0,0,0,0,0,0,0,0,0,0,0,0,0,0,0,0,0,0,0,0,31,40,40,71,65476,0,300,0,0,8,21553,0.0,-107605600.0,0.0,0.0,0.0,0.0,0.0,0.0,0.0,0.0,0.0,0.0,0.0,0.0,0.0,0.0,0.0,0.0,0.0,0.0,0.0,0.0,-0.0,2.004,0.0,0.0,0.0,0.0,0.0,0.0,4669.0,0.0,6915.0,-0.0,-107615920.0,2.004,2.004,0.0,0.0,0.0,0.0,69,3.222024165466893e+26,-0.0,0.0,0.0,0.0,0.0,0.0,0.0,0.0,0,0,0,0.0,0.0,0.0,0.0,0.0,0.0,0.0,0.0,0.0,0.0,0.0,0.0,0.0,0.0,0.0,0.0,0,-107875648.0,69,0.0,138,0.0,2.012,ERR,ERR,ERR,ERR,ERR,ERR,ERR,ERR,ERR,ERR,ERR,ERR,ERR,ERR,ERR,ERR,ERR,ERR,ERR,ERR,ERR,ERR,ERR,ERR,ERR,ERR,ERR,ERR,ERR,ERR,ERR,ERR,ERR,ERR,ERR,ERR,ERR,ERR,ERR,ERR,ERR,ERR,ERR,ERR,ERR,ERR,ERR,ERR,ERR,ERR,ERR,ERR,ERR,ERR,ERR,ERR,ERR,ERR,ERR,ERR,ERR,ERR,ERR,ERR,ERR,ERR,ERR,60.0,60.0,35,0.0,0.0,0.0,0.0,0.0,0.0,0.0,0.0,0.0,0.0,0.0,0.0,0.0,0.0,0.0,0.0,65.2,0,130,62,49,65476,0,65476,1,4,4,20529,65476,0,0,2621,60.0,0.0,0.0,0.0,0.0,0.0
2026-07-09T15:04:42,ERR,ERR,ERR,ERR,ERR,ERR,ERR,ERR,ERR,ERR,ERR,ERR,ERR,ERR,ERR,ERR,ERR,ERR,ERR,ERR,ERR,ERR,ERR,ERR,ERR,ERR,ERR,ERR,ERR,ERR,ERR,ERR,ERR,ERR,ERR,ERR,ERR,ERR,ERR,ERR,ERR,ERR,ERR,ERR,ERR,ERR,ERR,ERR,ERR,ERR,ERR,ERR,ERR,ERR,ERR,ERR,ERR,ERR,ERR,ERR,ERR,ERR,ERR,ERR,ERR,ERR,ERR,ERR,ERR,ERR,ERR,ERR,ERR,ERR,ERR,ERR,ERR,ERR,ERR,ERR,ERR,ERR,ERR,ERR,ERR,ERR,ERR,ERR,ERR,ERR,ERR,ERR,ERR,ERR,ERR,ERR,ERR,ERR,ERR,ERR,ERR,ERR,ERR,ERR,ERR,ERR,ERR,ERR,ERR,ERR,ERR,ERR,ERR,ERR,ERR,ERR,ERR,ERR,ERR,ERR,ERR,ERR,ERR,ERR,ERR,-0.0,-107615920.0,0.0,-0.0,34435731456.0,-148117712.0,0.155,0.0,0,0,4,17405,7116,0.0,100,0.0,0.0,-0.0,0.0,0.0,0,0,0,0,0.0,0,0,0,0,0,0,0,0,0,0,0,0,0,0,0,0,0,0,0,0,0,0,0,0,0,0,0,0,0,0,0,0,0,31,40,40,71,65476,0,300,0,0,8,21553,0.0,-107605600.0,0.0,0.0,0.0,0.0,0.0,0.0,0.0,0.0,0.0,0.0,0.0,0.0,0.0,0.0,0.0,0.0,0.0,0.0,0.0,0.0,-0.0,2.004,0.0,0.0,0.0,0.0,0.0,0.0,4669.0,0.0,6915.0,-0.0,-107615920.0,2.004,2.004,0.0,0.0,0.0,0.0,69,3.222024165466893e+26,-0.0,0.0,0.0,0.0,0.0,0.0,0.0,0.0,0,0,0,0.0,0.0,0.0,0.0,0.0,0.0,0.0,0.0,0.0,0.0,0.0,0.0,0.0,0.0,0.0,0.0,0,-107875648.0,69,0.0,138,0.0,2.012,ERR,ERR,ERR,ERR,ERR,ERR,ERR,ERR,ERR,ERR,ERR,ERR,ERR,ERR,ERR,ERR,ERR,ERR,ERR,ERR,ERR,ERR,ERR,ERR,ERR,ERR,ERR,ERR,ERR,ERR,ERR,ERR,ERR,ERR,ERR,ERR,ERR,ERR,ERR,ERR,ERR,ERR,ERR,ERR,ERR,ERR,ERR,ERR,ERR,ERR,ERR,ERR,ERR,ERR,ERR,ERR,ERR,ERR,ERR,ERR,ERR,ERR,ERR,ERR,ERR,ERR,ERR,60.0,60.0,35,0.0,0.0,0.0,0.0,0.0,0.0,0.0,0.0,0.0,0.0,0.0,0.0,0.0,0.0,0.0,0.0,65.2,0,130,62,49,65476,0,65476,1,4,4,20529,65476,0,0,2621,60.0,0.0,0.0,0.0,0.0,0.0
2026-07-09T15:04:43,ERR,ERR,ERR,ERR,ERR,ERR,ERR,ERR,ERR,ERR,ERR,ERR,ERR,ERR,ERR,ERR,ERR,ERR,ERR,ERR,ERR,ERR,ERR,ERR,ERR,ERR,ERR,ERR,ERR,ERR,ERR,ERR,ERR,ERR,ERR,ERR,ERR,ERR,ERR,ERR,ERR,ERR,ERR,ERR,ERR,ERR,ERR,ERR,ERR,ERR,ERR,ERR,ERR,ERR,ERR,ERR,ERR,ERR,ERR,ERR,ERR,ERR,ERR,ERR,ERR,ERR,ERR,ERR,ERR,ERR,ERR,ERR,ERR,ERR,ERR,ERR,ERR,ERR,ERR,ERR,ERR,ERR,ERR,ERR,ERR,ERR,ERR,ERR,ERR,ERR,ERR,ERR,ERR,ERR,ERR,ERR,ERR,ERR,ERR,ERR,ERR,ERR,ERR,ERR,ERR,ERR,ERR,ERR,ERR,ERR,ERR,ERR,ERR,ERR,ERR,ERR,ERR,ERR,ERR,ERR,ERR,ERR,ERR,ERR,ERR,-0.0,-107615920.0,0.0,0.0,0.0,2.348412191577712e+26,-0.0,3.8933709139532614e+29,0,0,4,17407,7116,0.0,100,0.0,0.0,0.0,0.0,0.0,0,0,0,0,0.0,0,0,0,0,0,0,0,0,0,0,0,0,0,0,0,0,0,0,0,0,0,0,0,0,0,0,0,0,0,0,0,0,0,31,40,40,71,65476,0,300,0,0,8,21553,0.0,-107605600.0,0.0,0.0,0.0,0.0,0.0,0.0,0.0,0.0,0.0,0.0,0.0,0.0,0.0,0.0,0.0,0.0,0.0,0.0,0.0,0.0,-0.0,2.004,0.0,0.0,0.0,0.0,0.0,0.0,4615.0,-8608169984.0,6938.0,-0.0,-107615920.0,2.004,2.004,0.0,0.0,0.0,0.0,69,0.0,1.905683345786798e+17,0.0,0.0,0.0,0.0,0.0,0.0,0.0,0,0,0,0.0,0.0,0.0,0.0,0.0,0.0,0.0,0.0,0.0,0.0,0.0,0.0,0.0,0.0,0.0,0.0,0,-107875648.0,69,0.0,138,0.0,2.012,ERR,ERR,ERR,ERR,ERR,ERR,ERR,ERR,ERR,ERR,ERR,ERR,ERR,ERR,ERR,ERR,ERR,ERR,ERR,ERR,ERR,ERR,ERR,ERR,ERR,ERR,ERR,ERR,ERR,ERR,ERR,ERR,ERR,ERR,ERR,ERR,ERR,ERR,ERR,ERR,ERR,ERR,ERR,ERR,ERR,ERR,ERR,ERR,ERR,ERR,ERR,ERR,ERR,ERR,ERR,ERR,ERR,ERR,ERR,ERR,ERR,ERR,ERR,ERR,ERR,ERR,ERR,60.0,60.0,35,0.0,0.0,0.0,0.0,0.0,0.0,0.0,0.0,0.0,0.0,0.0,0.0,0.0,0.0,0.0,0.0,65.6,0,129,62,48,65476,0,65476,1,4,4,20529,65476,0,0,2621,60.0,0.0,0.0,0.0,0.0,0.0
2026-07-09T15:04:44,ERR,ERR,ERR,ERR,ERR,ERR,ERR,ERR,ERR,ERR,ERR,ERR,ERR,ERR,ERR,ERR,ERR,ERR,ERR,ERR,ERR,ERR,ERR,ERR,ERR,ERR,ERR,ERR,ERR,ERR,ERR,ERR,ERR,ERR,ERR,ERR,ERR,ERR,ERR,ERR,ERR,ERR,ERR,ERR,ERR,ERR,ERR,ERR,ERR,ERR,ERR,ERR,ERR,ERR,ERR,ERR,ERR,ERR,ERR,ERR,ERR,ERR,ERR,ERR,ERR,ERR,ERR,ERR,ERR,ERR,ERR,ERR,ERR,ERR,ERR,ERR,ERR,ERR,ERR,ERR,ERR,ERR,ERR,ERR,ERR,ERR,ERR,ERR,ERR,ERR,ERR,ERR,ERR,ERR,ERR,ERR,ERR,ERR,ERR,ERR,ERR,ERR,ERR,ERR,ERR,ERR,ERR,ERR,ERR,ERR,ERR,ERR,ERR,ERR,ERR,ERR,ERR,ERR,ERR,ERR,ERR,ERR,ERR,ERR,ERR,-0.0,-107615920.0,0.0,0.0,0.0,2.348412191577712e+26,-0.0,3.8933709139532614e+29,0,0,4,17407,7116,0.0,100,0.0,0.0,0.0,0.0,0.0,0,0,0,0,0.0,0,0,0,0,0,0,0,0,0,0,0,0,0,0,0,0,0,0,0,0,0,0,0,0,0,0,0,0,0,0,0,0,0,31,40,40,71,65476,0,300,0,0,8,21553,0.0,-107605600.0,0.0,0.0,0.0,0.0,0.0,0.0,0.0,0.0,0.0,0.0,0.0,0.0,0.0,0.0,0.0,0.0,0.0,0.0,0.0,0.0,-0.0,2.004,0.0,0.0,0.0,0.0,0.0,0.0,4615.0,-8608169984.0,6938.0,-0.0,-107615920.0,2.004,2.004,0.0,0.0,0.0,0.0,69,0.0,1.905683345786798e+17,0.0,0.0,0.0,0.0,0.0,0.0,0.0,0,0,0,0.0,0.0,0.0,0.0,0.0,0.0,0.0,0.0,0.0,0.0,0.0,0.0,0.0,0.0,0.0,0.0,0,-107875648.0,69,0.0,138,0.0,2.012,ERR,ERR,ERR,ERR,ERR,ERR,ERR,ERR,ERR,ERR,ERR,ERR,ERR,ERR,ERR,ERR,ERR,ERR,ERR,ERR,ERR,ERR,ERR,ERR,ERR,ERR,ERR,ERR,ERR,ERR,ERR,ERR,ERR,ERR,ERR,ERR,ERR,ERR,ERR,ERR,ERR,ERR,ERR,ERR,ERR,ERR,ERR,ERR,ERR,ERR,ERR,ERR,ERR,ERR,ERR,ERR,ERR,ERR,ERR,ERR,ERR,ERR,ERR,ERR,ERR,ERR,ERR,60.0,60.0,35,0.0,0.0,0.0,0.0,0.0,0.0,0.0,0.0,0.0,0.0,0.0,0.0,0.0,0.0,0.0,0.0,65.2,0,129,62,48,65476,0,65476,1,4,4,20529,65476,0,0,2621,60.0,0.0,0.0,0.0,0.0,0.0
2026-07-09T15:04:45,ERR,ERR,ERR,ERR,ERR,ERR,ERR,ERR,ERR,ERR,ERR,ERR,ERR,ERR,ERR,ERR,ERR,ERR,ERR,ERR,ERR,ERR,ERR,ERR,ERR,ERR,ERR,ERR,ERR,ERR,ERR,ERR,ERR,ERR,ERR,ERR,ERR,ERR,ERR,ERR,ERR,ERR,ERR,ERR,ERR,ERR,ERR,ERR,ERR,ERR,ERR,ERR,ERR,ERR,ERR,ERR,ERR,ERR,ERR,ERR,ERR,ERR,ERR,ERR,ERR,ERR,ERR,ERR,ERR,ERR,ERR,ERR,ERR,ERR,ERR,ERR,ERR,ERR,ERR,ERR,ERR,ERR,ERR,ERR,ERR,ERR,ERR,ERR,ERR,ERR,ERR,ERR,ERR,ERR,ERR,ERR,ERR,ERR,ERR,ERR,ERR,ERR,ERR,ERR,ERR,ERR,ERR,ERR,ERR,ERR,ERR,ERR,ERR,ERR,ERR,ERR,ERR,ERR,ERR,ERR,ERR,ERR,ERR,ERR,ERR,-0.0,-107615920.0,0.0,0.0,0.0,2.348412191577712e+26,-0.0,3.8933709139532614e+29,0,0,4,17407,7116,0.0,100,0.0,0.0,0.0,0.0,0.0,0,0,0,0,0.0,0,0,0,0,0,0,0,0,0,0,0,0,0,0,0,0,0,0,0,0,0,0,0,0,0,0,0,0,0,0,0,0,0,31,40,40,71,65476,0,300,0,0,8,21553,0.0,-107605600.0,0.0,0.0,0.0,0.0,0.0,0.0,0.0,0.0,0.0,0.0,0.0,0.0,0.0,0.0,0.0,0.0,0.0,0.0,0.0,0.0,-0.0,2.004,0.0,0.0,0.0,0.0,0.0,0.0,4615.0,-8608169984.0,6938.0,-0.0,-107615920.0,2.004,2.004,0.0,0.0,0.0,0.0,69,0.0,1.905683345786798e+17,0.0,0.0,0.0,0.0,0.0,0.0,0.0,0,0,0,0.0,0.0,0.0,0.0,0.0,0.0,0.0,0.0,0.0,0.0,0.0,0.0,0.0,0.0,0.0,0.0,0,-107875648.0,69,0.0,138,0.0,2.012,ERR,ERR,ERR,ERR,ERR,ERR,ERR,ERR,ERR,ERR,ERR,ERR,ERR,ERR,ERR,ERR,ERR,ERR,ERR,ERR,ERR,ERR,ERR,ERR,ERR,ERR,ERR,ERR,ERR,ERR,ERR,ERR,ERR,ERR,ERR,ERR,ERR,ERR,ERR,ERR,ERR,ERR,ERR,ERR,ERR,ERR,ERR,ERR,ERR,ERR,ERR,ERR,ERR,ERR,ERR,ERR,ERR,ERR,ERR,ERR,ERR,ERR,ERR,ERR,ERR,ERR,ERR,60.0,60.0,35,0.0,0.0,0.0,0.0,0.0,0.0,0.0,0.0,0.0,0.0,0.0,0.0,0.0,0.0,0.0,0.0,65.2,0,129,62,48,65476,0,65476,1,4,4,20529,65476,0,0,2621,60.0,0.0,0.0,0.0,0.0,0.0
2026-07-09T15:04:46,ERR,ERR,ERR,ERR,ERR,ERR,ERR,ERR,ERR,ERR,ERR,ERR,ERR,ERR,ERR,ERR,ERR,ERR,ERR,ERR,ERR,ERR,ERR,ERR,ERR,ERR,ERR,ERR,ERR,ERR,ERR,ERR,ERR,ERR,ERR,ERR,ERR,ERR,ERR,ERR,ERR,ERR,ERR,ERR,ERR,ERR,ERR,ERR,ERR,ERR,ERR,ERR,ERR,ERR,ERR,ERR,ERR,ERR,ERR,ERR,ERR,ERR,ERR,ERR,ERR,ERR,ERR,ERR,ERR,ERR,ERR,ERR,ERR,ERR,ERR,ERR,ERR,ERR,ERR,ERR,ERR,ERR,ERR,ERR,ERR,ERR,ERR,ERR,ERR,ERR,ERR,ERR,ERR,ERR,ERR,ERR,ERR,ERR,ERR,ERR,ERR,ERR,ERR,ERR,ERR,ERR,ERR,ERR,ERR,ERR,ERR,ERR,ERR,ERR,ERR,ERR,ERR,ERR,ERR,ERR,ERR,ERR,ERR,ERR,ERR,-0.0,-107615920.0,0.0,0.0,0.0,2.348412191577712e+26,-0.0,3.8933709139532614e+29,0,0,4,17407,7116,0.0,100,0.0,0.0,0.0,0.0,0.0,0,0,0,0,0.0,0,0,0,0,0,0,0,0,0,0,0,0,0,0,0,0,0,0,0,0,0,0,0,0,0,0,0,0,0,0,0,0,0,31,40,40,71,65476,0,300,0,0,8,21553,0.0,-107605600.0,0.0,0.0,0.0,0.0,0.0,0.0,0.0,0.0,0.0,0.0,0.0,0.0,0.0,0.0,0.0,0.0,0.0,0.0,0.0,0.0,-0.0,2.004,0.0,0.0,0.0,0.0,0.0,0.0,4615.0,-8608169984.0,6938.0,-0.0,-107615920.0,2.004,2.004,0.0,0.0,0.0,0.0,69,0.0,1.905683345786798e+17,0.0,0.0,0.0,0.0,0.0,0.0,0.0,0,0,0,0.0,0.0,0.0,0.0,0.0,0.0,0.0,0.0,0.0,0.0,0.0,0.0,0.0,0.0,0.0,0.0,0,-107875648.0,69,0.0,138,0.0,2.012,ERR,ERR,ERR,ERR,ERR,ERR,ERR,ERR,ERR,ERR,ERR,ERR,ERR,ERR,ERR,ERR,ERR,ERR,ERR,ERR,ERR,ERR,ERR,ERR,ERR,ERR,ERR,ERR,ERR,ERR,ERR,ERR,ERR,ERR,ERR,ERR,ERR,ERR,ERR,ERR,ERR,ERR,ERR,ERR,ERR,ERR,ERR,ERR,ERR,ERR,ERR,ERR,ERR,ERR,ERR,ERR,ERR,ERR,ERR,ERR,ERR,ERR,ERR,ERR,ERR,ERR,ERR,60.0,60.0,35,0.0,0.0,0.0,0.0,0.0,0.0,0.0,0.0,0.0,0.0,0.0,0.0,0.0,0.0,0.0,0.0,65.6,0,129,62,48,65476,0,65476,1,4,4,20529,65476,0,0,2621,60.0,0.0,0.0,0.0,0.0,0.0
2026-07-09T15:04:47,ERR,ERR,ERR,ERR,ERR,ERR,ERR,ERR,ERR,ERR,ERR,ERR,ERR,ERR,ERR,ERR,ERR,ERR,ERR,ERR,ERR,ERR,ERR,ERR,ERR,ERR,ERR,ERR,ERR,ERR,ERR,ERR,ERR,ERR,ERR,ERR,ERR,ERR,ERR,ERR,ERR,ERR,ERR,ERR,ERR,ERR,ERR,ERR,ERR,ERR,ERR,ERR,ERR,ERR,ERR,ERR,ERR,ERR,ERR,ERR,ERR,ERR,ERR,ERR,ERR,ERR,ERR,ERR,ERR,ERR,ERR,ERR,ERR,ERR,ERR,ERR,ERR,ERR,ERR,ERR,ERR,ERR,ERR,ERR,ERR,ERR,ERR,ERR,ERR,ERR,ERR,ERR,ERR,ERR,ERR,ERR,ERR,ERR,ERR,ERR,ERR,ERR,ERR,ERR,ERR,ERR,ERR,ERR,ERR,ERR,ERR,ERR,ERR,ERR,ERR,ERR,ERR,ERR,ERR,ERR,ERR,ERR,ERR,ERR,ERR,-0.0,-107615920.0,0.0,0.0,0.0,2.348412191577712e+26,-0.0,3.8933709139532614e+29,0,0,4,17407,7116,0.0,100,0.0,0.0,0.0,0.0,0.0,0,0,0,0,0.0,0,0,0,0,0,0,0,0,0,0,0,0,0,0,0,0,0,0,0,0,0,0,0,0,0,0,0,0,0,0,0,0,0,31,40,40,71,65476,0,300,0,0,8,21553,0.0,-107605600.0,0.0,0.0,0.0,0.0,0.0,0.0,0.0,0.0,0.0,0.0,0.0,0.0,0.0,0.0,0.0,0.0,0.0,0.0,0.0,0.0,-0.0,2.004,0.0,0.0,0.0,0.0,0.0,0.0,4615.0,-8608169984.0,6938.0,-0.0,-107615920.0,2.004,2.004,0.0,0.0,0.0,0.0,69,0.0,1.905683345786798e+17,0.0,0.0,0.0,0.0,0.0,0.0,0.0,0,0,0,0.0,0.0,0.0,0.0,0.0,0.0,0.0,0.0,0.0,0.0,0.0,0.0,0.0,0.0,0.0,0.0,0,-107875648.0,69,0.0,138,0.0,2.012,ERR,ERR,ERR,ERR,ERR,ERR,ERR,ERR,ERR,ERR,ERR,ERR,ERR,ERR,ERR,ERR,ERR,ERR,ERR,ERR,ERR,ERR,ERR,ERR,ERR,ERR,ERR,ERR,ERR,ERR,ERR,ERR,ERR,ERR,ERR,ERR,ERR,ERR,ERR,ERR,ERR,ERR,ERR,ERR,ERR,ERR,ERR,ERR,ERR,ERR,ERR,ERR,ERR,ERR,ERR,ERR,ERR,ERR,ERR,ERR,ERR,ERR,ERR,ERR,ERR,ERR,ERR,60.0,60.0,35,0.0,0.0,0.0,0.0,0.0,0.0,0.0,0.0,0.0,0.0,0.0,0.0,0.0,0.0,0.0,0.0,65.6,0,129,62,48,65476,0,65476,1,4,4,20529,65476,0,0,2621,60.0,0.0,0.0,0.0,0.0,0.0
2026-07-09T15:04:48,ERR,ERR,ERR,ERR,ERR,ERR,ERR,ERR,ERR,ERR,ERR,ERR,ERR,ERR,ERR,ERR,ERR,ERR,ERR,ERR,ERR,ERR,ERR,ERR,ERR,ERR,ERR,ERR,ERR,ERR,ERR,ERR,ERR,ERR,ERR,ERR,ERR,ERR,ERR,ERR,ERR,ERR,ERR,ERR,ERR,ERR,ERR,ERR,ERR,ERR,ERR,ERR,ERR,ERR,ERR,ERR,ERR,ERR,ERR,ERR,ERR,ERR,ERR,ERR,ERR,ERR,ERR,ERR,ERR,ERR,ERR,ERR,ERR,ERR,ERR,ERR,ERR,ERR,ERR,ERR,ERR,ERR,ERR,ERR,ERR,ERR,ERR,ERR,ERR,ERR,ERR,ERR,ERR,ERR,ERR,ERR,ERR,ERR,ERR,ERR,ERR,ERR,ERR,ERR,ERR,ERR,ERR,ERR,ERR,ERR,ERR,ERR,ERR,ERR,ERR,ERR,ERR,ERR,ERR,ERR,ERR,ERR,ERR,ERR,ERR,-0.0,-107615920.0,0.0,0.0,0.0,1.767166833720116e+33,-0.0,2.1752636600338777e+23,0,0,4,17405,7116,0.0,100,0.0,0.0,-0.0,0.0,0.0,0,0,0,0,0.0,0,0,0,0,0,0,0,0,0,0,0,0,0,0,0,0,0,0,0,0,0,0,0,0,0,0,0,0,0,0,0,0,0,31,40,40,71,65476,0,300,0,0,8,21553,0.0,-107605600.0,0.0,0.0,0.0,0.0,0.0,0.0,0.0,0.0,0.0,0.0,0.0,0.0,0.0,0.0,0.0,0.0,0.0,0.0,0.0,0.0,-0.0,2.004,0.0,0.0,0.0,0.0,0.0,0.0,4636.0,-0.0,6929.0,-0.0,-107615920.0,2.004,2.004,0.0,0.0,0.0,0.0,69,-152018236735488.0,0.0,0.0,0.0,0.0,0.0,0.0,0.0,0.0,0,0,0,0.0,0.0,0.0,0.0,0.0,0.0,0.0,0.0,0.0,0.0,0.0,0.0,0.0,0.0,0.0,0.0,0,-107875648.0,69,0.0,138,0.0,2.012,ERR,ERR,ERR,ERR,ERR,ERR,ERR,ERR,ERR,ERR,ERR,ERR,ERR,ERR,ERR,ERR,ERR,ERR,ERR,ERR,ERR,ERR,ERR,ERR,ERR,ERR,ERR,ERR,ERR,ERR,ERR,ERR,ERR,ERR,ERR,ERR,ERR,ERR,ERR,ERR,ERR,ERR,ERR,ERR,ERR,ERR,ERR,ERR,ERR,ERR,ERR,ERR,ERR,ERR,ERR,ERR,ERR,ERR,ERR,ERR,ERR,ERR,ERR,ERR,ERR,ERR,ERR,60.0,60.0,35,0.0,0.0,0.0,0.0,0.0,0.0,0.0,0.0,0.0,0.0,0.0,0.0,0.0,0.0,0.0,0.0,65.2,0,129,62,48,65476,0,65476,1,4,4,20529,65476,0,0,2621,60.0,0.0,0.0,0.0,0.0,0.0
2026-07-09T15:04:49,ERR,ERR,ERR,ERR,ERR,ERR,ERR,ERR,ERR,ERR,ERR,ERR,ERR,ERR,ERR,ERR,ERR,ERR,ERR,ERR,ERR,ERR,ERR,ERR,ERR,ERR,ERR,ERR,ERR,ERR,ERR,ERR,ERR,ERR,ERR,ERR,ERR,ERR,ERR,ERR,ERR,ERR,ERR,ERR,ERR,ERR,ERR,ERR,ERR,ERR,ERR,ERR,ERR,ERR,ERR,ERR,ERR,ERR,ERR,ERR,ERR,ERR,ERR,ERR,ERR,ERR,ERR,ERR,ERR,ERR,ERR,ERR,ERR,ERR,ERR,ERR,ERR,ERR,ERR,ERR,ERR,ERR,ERR,ERR,ERR,ERR,ERR,ERR,ERR,ERR,ERR,ERR,ERR,ERR,ERR,ERR,ERR,ERR,ERR,ERR,ERR,ERR,ERR,ERR,ERR,ERR,ERR,ERR,ERR,ERR,ERR,ERR,ERR,ERR,ERR,ERR,ERR,ERR,ERR,ERR,ERR,ERR,ERR,ERR,ERR,-0.0,-107615920.0,0.0,0.0,0.0,1.767166833720116e+33,-0.0,2.1752636600338777e+23,0,0,4,17405,7116,0.0,100,0.0,0.0,-0.0,0.0,0.0,0,0,0,0,0.0,0,0,0,0,0,0,0,0,0,0,0,0,0,0,0,0,0,0,0,0,0,0,0,0,0,0,0,0,0,0,0,0,0,31,40,40,71,65476,0,300,0,0,8,21553,0.0,-107605600.0,0.0,0.0,0.0,0.0,0.0,0.0,0.0,0.0,0.0,0.0,0.0,0.0,0.0,0.0,0.0,0.0,0.0,0.0,0.0,0.0,-0.0,2.004,0.0,0.0,0.0,0.0,0.0,0.0,4636.0,-0.0,6929.0,-0.0,-107615920.0,2.004,2.004,0.0,0.0,0.0,0.0,69,-152018236735488.0,0.0,0.0,0.0,0.0,0.0,0.0,0.0,0.0,0,0,0,0.0,0.0,0.0,0.0,0.0,0.0,0.0,0.0,0.0,0.0,0.0,0.0,0.0,0.0,0.0,0.0,0,-107875648.0,69,0.0,138,0.0,2.012,ERR,ERR,ERR,ERR,ERR,ERR,ERR,ERR,ERR,ERR,ERR,ERR,ERR,ERR,ERR,ERR,ERR,ERR,ERR,ERR,ERR,ERR,ERR,ERR,ERR,ERR,ERR,ERR,ERR,ERR,ERR,ERR,ERR,ERR,ERR,ERR,ERR,ERR,ERR,ERR,ERR,ERR,ERR,ERR,ERR,ERR,ERR,ERR,ERR,ERR,ERR,ERR,ERR,ERR,ERR,ERR,ERR,ERR,ERR,ERR,ERR,ERR,ERR,ERR,ERR,ERR,ERR,60.0,60.0,35,0.0,0.0,0.0,0.0,0.0,0.0,0.0,0.0,0.0,0.0,0.0,0.0,0.0,0.0,0.0,0.0,65.2,0,129,62,48,65476,0,65476,1,4,4,20529,65476,0,0,2621,60.0,0.0,0.0,0.0,0.0,0.0
2026-07-09T15:04:50,ERR,ERR,ERR,ERR,ERR,ERR,ERR,ERR,ERR,ERR,ERR,ERR,ERR,ERR,ERR,ERR,ERR,ERR,ERR,ERR,ERR,ERR,ERR,ERR,ERR,ERR,ERR,ERR,ERR,ERR,ERR,ERR,ERR,ERR,ERR,ERR,ERR,ERR,ERR,ERR,ERR,ERR,ERR,ERR,ERR,ERR,ERR,ERR,ERR,ERR,ERR,ERR,ERR,ERR,ERR,ERR,ERR,ERR,ERR,ERR,ERR,ERR,ERR,ERR,ERR,ERR,ERR,ERR,ERR,ERR,ERR,ERR,ERR,ERR,ERR,ERR,ERR,ERR,ERR,ERR,ERR,ERR,ERR,ERR,ERR,ERR,ERR,ERR,ERR,ERR,ERR,ERR,ERR,ERR,ERR,ERR,ERR,ERR,ERR,ERR,ERR,ERR,ERR,ERR,ERR,ERR,ERR,ERR,ERR,ERR,ERR,ERR,ERR,ERR,ERR,ERR,ERR,ERR,ERR,ERR,ERR,ERR,ERR,ERR,ERR,-0.0,-107615920.0,0.0,0.0,0.0,1.767166833720116e+33,-0.0,2.1752636600338777e+23,0,0,4,17405,7116,0.0,100,0.0,0.0,-0.0,0.0,0.0,0,0,0,0,0.0,0,0,0,0,0,0,0,0,0,0,0,0,0,0,0,0,0,0,0,0,0,0,0,0,0,0,0,0,0,0,0,0,0,31,40,40,71,65476,0,300,0,0,8,21553,0.0,-107605600.0,0.0,0.0,0.0,0.0,0.0,0.0,0.0,0.0,0.0,0.0,0.0,0.0,0.0,0.0,0.0,0.0,0.0,0.0,0.0,0.0,-0.0,2.004,0.0,0.0,0.0,0.0,0.0,0.0,4636.0,-0.0,6929.0,-0.0,-107615920.0,2.004,2.004,0.0,0.0,0.0,0.0,69,-152018236735488.0,0.0,0.0,0.0,0.0,0.0,0.0,0.0,0.0,0,0,0,0.0,0.0,0.0,0.0,0.0,0.0,0.0,0.0,0.0,0.0,0.0,0.0,0.0,0.0,0.0,0.0,0,-107875648.0,69,0.0,138,0.0,2.012,ERR,ERR,ERR,ERR,ERR,ERR,ERR,ERR,ERR,ERR,ERR,ERR,ERR,ERR,ERR,ERR,ERR,ERR,ERR,ERR,ERR,ERR,ERR,ERR,ERR,ERR,ERR,ERR,ERR,ERR,ERR,ERR,ERR,ERR,ERR,ERR,ERR,ERR,ERR,ERR,ERR,ERR,ERR,ERR,ERR,ERR,ERR,ERR,ERR,ERR,ERR,ERR,ERR,ERR,ERR,ERR,ERR,ERR,ERR,ERR,ERR,ERR,ERR,ERR,ERR,ERR,ERR,60.0,60.0,35,0.0,0.0,0.0,0.0,0.0,0.0,0.0,0.0,0.0,0.0,0.0,0.0,0.0,0.0,0.0,0.0,65.2,0,129,62,48,65476,0,65476,1,4,4,20529,65476,0,0,2621,60.0,0.0,0.0,0.0,0.0,0.0
2026-07-09T15:04:51,ERR,ERR,ERR,ERR,ERR,ERR,ERR,ERR,ERR,ERR,ERR,ERR,ERR,ERR,ERR,ERR,ERR,ERR,ERR,ERR,ERR,ERR,ERR,ERR,ERR,ERR,ERR,ERR,ERR,ERR,ERR,ERR,ERR,ERR,ERR,ERR,ERR,ERR,ERR,ERR,ERR,ERR,ERR,ERR,ERR,ERR,ERR,ERR,ERR,ERR,ERR,ERR,ERR,ERR,ERR,ERR,ERR,ERR,ERR,ERR,ERR,ERR,ERR,ERR,ERR,ERR,ERR,ERR,ERR,ERR,ERR,ERR,ERR,ERR,ERR,ERR,ERR,ERR,ERR,ERR,ERR,ERR,ERR,ERR,ERR,ERR,ERR,ERR,ERR,ERR,ERR,ERR,ERR,ERR,ERR,ERR,ERR,ERR,ERR,ERR,ERR,ERR,ERR,ERR,ERR,ERR,ERR,ERR,ERR,ERR,ERR,ERR,ERR,ERR,ERR,ERR,ERR,ERR,ERR,ERR,ERR,ERR,ERR,ERR,ERR,-0.0,-107615920.0,0.0,0.0,0.0,1.767166833720116e+33,-0.0,2.1752636600338777e+23,0,0,4,17405,7116,0.0,100,0.0,0.0,-0.0,0.0,0.0,0,0,0,0,0.0,0,0,0,0,0,0,0,0,0,0,0,0,0,0,0,0,0,0,0,0,0,0,0,0,0,0,0,0,0,0,0,0,0,31,40,40,71,65476,0,300,0,0,8,21553,0.0,-107605600.0,0.0,0.0,0.0,0.0,0.0,0.0,0.0,0.0,0.0,0.0,0.0,0.0,0.0,0.0,0.0,0.0,0.0,0.0,0.0,0.0,-0.0,2.004,0.0,0.0,0.0,0.0,0.0,0.0,4636.0,-0.0,6929.0,-0.0,-107615920.0,2.004,2.004,0.0,0.0,0.0,0.0,69,-152018236735488.0,0.0,0.0,0.0,0.0,0.0,0.0,0.0,0.0,0,0,0,0.0,0.0,0.0,0.0,0.0,0.0,0.0,0.0,0.0,0.0,0.0,0.0,0.0,0.0,0.0,0.0,0,-107875648.0,69,0.0,138,0.0,2.012,ERR,ERR,ERR,ERR,ERR,ERR,ERR,ERR,ERR,ERR,ERR,ERR,ERR,ERR,ERR,ERR,ERR,ERR,ERR,ERR,ERR,ERR,ERR,ERR,ERR,ERR,ERR,ERR,ERR,ERR,ERR,ERR,ERR,ERR,ERR,ERR,ERR,ERR,ERR,ERR,ERR,ERR,ERR,ERR,ERR,ERR,ERR,ERR,ERR,ERR,ERR,ERR,ERR,ERR,ERR,ERR,ERR,ERR,ERR,ERR,ERR,ERR,ERR,ERR,ERR,ERR,ERR,60.0,60.0,35,0.0,0.0,0.0,0.0,0.0,0.0,0.0,0.0,0.0,0.0,0.0,0.0,0.0,0.0,0.0,0.0,65.2,0,129,62,48,65476,0,65476,1,4,4,20529,65476,0,0,2621,60.0,0.0,0.0,0.0,0.0,0.0
2026-07-09T15:04:52,ERR,ERR,ERR,ERR,ERR,ERR,ERR,ERR,ERR,ERR,ERR,ERR,ERR,ERR,ERR,ERR,ERR,ERR,ERR,ERR,ERR,ERR,ERR,ERR,ERR,ERR,ERR,ERR,ERR,ERR,ERR,ERR,ERR,ERR,ERR,ERR,ERR,ERR,ERR,ERR,ERR,ERR,ERR,ERR,ERR,ERR,ERR,ERR,ERR,ERR,ERR,ERR,ERR,ERR,ERR,ERR,ERR,ERR,ERR,ERR,ERR,ERR,ERR,ERR,ERR,ERR,ERR,ERR,ERR,ERR,ERR,ERR,ERR,ERR,ERR,ERR,ERR,ERR,ERR,ERR,ERR,ERR,ERR,ERR,ERR,ERR,ERR,ERR,ERR,ERR,ERR,ERR,ERR,ERR,ERR,ERR,ERR,ERR,ERR,ERR,ERR,ERR,ERR,ERR,ERR,ERR,ERR,ERR,ERR,ERR,ERR,ERR,ERR,ERR,ERR,ERR,ERR,ERR,ERR,ERR,ERR,ERR,ERR,ERR,ERR,-0.0,-107615920.0,0.0,0.0,0.0,1.767166833720116e+33,-0.0,2.1752636600338777e+23,0,0,4,17405,7116,0.0,100,0.0,0.0,-0.0,0.0,0.0,0,0,0,0,0.0,0,0,0,0,0,0,0,0,0,0,0,0,0,0,0,0,0,0,0,0,0,0,0,0,0,0,0,0,0,0,0,0,0,31,40,40,71,65476,0,300,0,0,8,21553,0.0,-107605600.0,0.0,0.0,0.0,0.0,0.0,0.0,0.0,0.0,0.0,0.0,0.0,0.0,0.0,0.0,0.0,0.0,0.0,0.0,0.0,0.0,-0.0,2.004,0.0,0.0,0.0,0.0,0.0,0.0,4636.0,-0.0,6929.0,-0.0,-107615920.0,2.004,2.004,0.0,0.0,0.0,0.0,69,-152018236735488.0,0.0,0.0,0.0,0.0,0.0,0.0,0.0,0.0,0,0,0,0.0,0.0,0.0,0.0,0.0,0.0,0.0,0.0,0.0,0.0,0.0,0.0,0.0,0.0,0.0,0.0,0,-107875648.0,69,0.0,138,0.0,2.012,ERR,ERR,ERR,ERR,ERR,ERR,ERR,ERR,ERR,ERR,ERR,ERR,ERR,ERR,ERR,ERR,ERR,ERR,ERR,ERR,ERR,ERR,ERR,ERR,ERR,ERR,ERR,ERR,ERR,ERR,ERR,ERR,ERR,ERR,ERR,ERR,ERR,ERR,ERR,ERR,ERR,ERR,ERR,ERR,ERR,ERR,ERR,ERR,ERR,ERR,ERR,ERR,ERR,ERR,ERR,ERR,ERR,ERR,ERR,ERR,ERR,ERR,ERR,ERR,ERR,ERR,ERR,60.0,60.0,35,0.0,0.0,0.0,0.0,0.0,0.0,0.0,0.0,0.0,0.0,0.0,0.0,0.0,0.0,0.0,0.0,65.2,0,129,62,48,65476,0,65476,1,4,4,20529,65476,0,0,2621,60.0,0.0,0.0,0.0,0.0,0.0
2026-07-09T15:04:53,ERR,ERR,ERR,ERR,ERR,ERR,ERR,ERR,ERR,ERR,ERR,ERR,ERR,ERR,ERR,ERR,ERR,ERR,ERR,ERR,ERR,ERR,ERR,ERR,ERR,ERR,ERR,ERR,ERR,ERR,ERR,ERR,ERR,ERR,ERR,ERR,ERR,ERR,ERR,ERR,ERR,ERR,ERR,ERR,ERR,ERR,ERR,ERR,ERR,ERR,ERR,ERR,ERR,ERR,ERR,ERR,ERR,ERR,ERR,ERR,ERR,ERR,ERR,ERR,ERR,ERR,ERR,ERR,ERR,ERR,ERR,ERR,ERR,ERR,ERR,ERR,ERR,ERR,ERR,ERR,ERR,ERR,ERR,ERR,ERR,ERR,ERR,ERR,ERR,ERR,ERR,ERR,ERR,ERR,ERR,ERR,ERR,ERR,ERR,ERR,ERR,ERR,ERR,ERR,ERR,ERR,ERR,ERR,ERR,ERR,ERR,ERR,ERR,ERR,ERR,ERR,ERR,ERR,ERR,ERR,ERR,ERR,ERR,ERR,ERR,-0.0,-0.0,-0.0,2.718366610185338e+23,6300730.0,-0.0,-6.4456927277634906e+35,-52.063,0,0,4,17402,7116,0.0,100,0.0,0.0,2.718366610185338e+23,0.0,0.0,0,0,0,0,0.0,0,0,0,0,0,0,0,0,0,0,0,0,0,0,0,0,0,0,0,0,0,0,0,0,0,0,0,0,0,0,0,0,0,31,40,40,71,65476,0,300,0,0,8,21553,0.0,-107605600.0,0.0,0.0,0.0,0.0,0.0,0.0,0.0,0.0,0.0,0.0,0.0,0.0,0.0,0.0,0.0,0.0,0.0,0.0,0.0,0.0,-0.0,0.0,0.0,0.0,0.0,0.0,0.0,0.0,4618.0,3.697180855968884e+19,6924.0,-0.0,-0.0,2.004,2.004,0.0,0.0,0.0,0.0,69,5.848078263185708e+35,-107614656.0,0.0,0.0,0.0,0.0,0.0,0.0,0.0,0,0,0,0.0,0.0,0.0,0.0,0.0,0.0,0.0,0.0,0.0,0.0,0.0,0.0,0.0,0.0,0.0,0.0,0,-107875648.0,69,0.0,138,0.0,2.012,ERR,ERR,ERR,ERR,ERR,ERR,ERR,ERR,ERR,ERR,ERR,ERR,ERR,ERR,ERR,ERR,ERR,ERR,ERR,ERR,ERR,ERR,ERR,ERR,ERR,ERR,ERR,ERR,ERR,ERR,ERR,ERR,ERR,ERR,ERR,ERR,ERR,ERR,ERR,ERR,ERR,ERR,ERR,ERR,ERR,ERR,ERR,ERR,ERR,ERR,ERR,ERR,ERR,ERR,ERR,ERR,ERR,ERR,ERR,ERR,ERR,ERR,ERR,ERR,ERR,ERR,ERR,60.0,60.0,35,0.0,0.0,0.0,0.0,0.0,0.0,0.0,0.0,0.0,0.0,0.0,0.0,0.0,0.0,0.0,0.0,65.2,0,129,62,48,65476,0,65476,1,4,4,20529,65476,0,0,2621,60.0,0.0,0.0,0.0,0.0,0.0
2026-07-09T15:04:54,ERR,ERR,ERR,ERR,ERR,ERR,ERR,ERR,ERR,ERR,ERR,ERR,ERR,ERR,ERR,ERR,ERR,ERR,ERR,ERR,ERR,ERR,ERR,ERR,ERR,ERR,ERR,ERR,ERR,ERR,ERR,ERR,ERR,ERR,ERR,ERR,ERR,ERR,ERR,ERR,ERR,ERR,ERR,ERR,ERR,ERR,ERR,ERR,ERR,ERR,ERR,ERR,ERR,ERR,ERR,ERR,ERR,ERR,ERR,ERR,ERR,ERR,ERR,ERR,ERR,ERR,ERR,ERR,ERR,ERR,ERR,ERR,ERR,ERR,ERR,ERR,ERR,ERR,ERR,ERR,ERR,ERR,ERR,ERR,ERR,ERR,ERR,ERR,ERR,ERR,ERR,ERR,ERR,ERR,ERR,ERR,ERR,ERR,ERR,ERR,ERR,ERR,ERR,ERR,ERR,ERR,ERR,ERR,ERR,ERR,ERR,ERR,ERR,ERR,ERR,ERR,ERR,ERR,ERR,ERR,ERR,ERR,ERR,ERR,ERR,-0.0,-0.0,-0.0,2.718366610185338e+23,6300730.0,-0.0,-6.4456927277634906e+35,-52.063,0,0,4,17402,7116,0.0,100,0.0,0.0,2.718366610185338e+23,0.0,0.0,0,0,0,0,0.0,0,0,0,0,0,0,0,0,0,0,0,0,0,0,0,0,0,0,0,0,0,0,0,0,0,0,0,0,0,0,0,0,0,31,40,40,71,65476,0,300,0,0,8,21553,0.0,-107605600.0,0.0,0.0,0.0,0.0,0.0,0.0,0.0,0.0,0.0,0.0,0.0,0.0,0.0,0.0,0.0,0.0,0.0,0.0,0.0,0.0,-0.0,0.0,0.0,0.0,0.0,0.0,0.0,0.0,4618.0,3.697180855968884e+19,6924.0,-0.0,-0.0,2.004,2.004,0.0,0.0,0.0,0.0,69,5.848078263185708e+35,-107614656.0,0.0,0.0,0.0,0.0,0.0,0.0,0.0,0,0,0,0.0,0.0,0.0,0.0,0.0,0.0,0.0,0.0,0.0,0.0,0.0,0.0,0.0,0.0,0.0,0.0,0,-107875648.0,69,0.0,138,0.0,2.012,ERR,ERR,ERR,ERR,ERR,ERR,ERR,ERR,ERR,ERR,ERR,ERR,ERR,ERR,ERR,ERR,ERR,ERR,ERR,ERR,ERR,ERR,ERR,ERR,ERR,ERR,ERR,ERR,ERR,ERR,ERR,ERR,ERR,ERR,ERR,ERR,ERR,ERR,ERR,ERR,ERR,ERR,ERR,ERR,ERR,ERR,ERR,ERR,ERR,ERR,ERR,ERR,ERR,ERR,ERR,ERR,ERR,ERR,ERR,ERR,ERR,ERR,ERR,ERR,ERR,ERR,ERR,60.0,60.0,35,0.0,0.0,0.0,0.0,0.0,0.0,0.0,0.0,0.0,0.0,0.0,0.0,0.0,0.0,0.0,0.0,65.2,0,129,62,48,65476,0,65476,1,4,4,20529,65476,0,0,2621,60.0,0.0,0.0,0.0,0.0,0.0
2026-07-09T15:04:55,ERR,ERR,ERR,ERR,ERR,ERR,ERR,ERR,ERR,ERR,ERR,ERR,ERR,ERR,ERR,ERR,ERR,ERR,ERR,ERR,ERR,ERR,ERR,ERR,ERR,ERR,ERR,ERR,ERR,ERR,ERR,ERR,ERR,ERR,ERR,ERR,ERR,ERR,ERR,ERR,ERR,ERR,ERR,ERR,ERR,ERR,ERR,ERR,ERR,ERR,ERR,ERR,ERR,ERR,ERR,ERR,ERR,ERR,ERR,ERR,ERR,ERR,ERR,ERR,ERR,ERR,ERR,ERR,ERR,ERR,ERR,ERR,ERR,ERR,ERR,ERR,ERR,ERR,ERR,ERR,ERR,ERR,ERR,ERR,ERR,ERR,ERR,ERR,ERR,ERR,ERR,ERR,ERR,ERR,ERR,ERR,ERR,ERR,ERR,ERR,ERR,ERR,ERR,ERR,ERR,ERR,ERR,ERR,ERR,ERR,ERR,ERR,ERR,ERR,ERR,ERR,ERR,ERR,ERR,ERR,ERR,ERR,ERR,ERR,ERR,-0.0,-0.0,-0.0,2.718366610185338e+23,6300730.0,-0.0,-6.4456927277634906e+35,-52.063,0,0,4,17402,7116,0.0,100,0.0,0.0,2.718366610185338e+23,0.0,0.0,0,0,0,0,0.0,0,0,0,0,0,0,0,0,0,0,0,0,0,0,0,0,0,0,0,0,0,0,0,0,0,0,0,0,0,0,0,0,0,31,40,40,71,65476,0,300,0,0,8,21553,0.0,-107605600.0,0.0,0.0,0.0,0.0,0.0,0.0,0.0,0.0,0.0,0.0,0.0,0.0,0.0,0.0,0.0,0.0,0.0,0.0,0.0,0.0,-0.0,0.0,0.0,0.0,0.0,0.0,0.0,0.0,4618.0,3.697180855968884e+19,6924.0,-0.0,-0.0,2.004,2.004,0.0,0.0,0.0,0.0,69,5.848078263185708e+35,-107614656.0,0.0,0.0,0.0,0.0,0.0,0.0,0.0,0,0,0,0.0,0.0,0.0,0.0,0.0,0.0,0.0,0.0,0.0,0.0,0.0,0.0,0.0,0.0,0.0,0.0,0,-107875648.0,69,0.0,138,0.0,2.012,ERR,ERR,ERR,ERR,ERR,ERR,ERR,ERR,ERR,ERR,ERR,ERR,ERR,ERR,ERR,ERR,ERR,ERR,ERR,ERR,ERR,ERR,ERR,ERR,ERR,ERR,ERR,ERR,ERR,ERR,ERR,ERR,ERR,ERR,ERR,ERR,ERR,ERR,ERR,ERR,ERR,ERR,ERR,ERR,ERR,ERR,ERR,ERR,ERR,ERR,ERR,ERR,ERR,ERR,ERR,ERR,ERR,ERR,ERR,ERR,ERR,ERR,ERR,ERR,ERR,ERR,ERR,60.0,60.0,35,0.0,0.0,0.0,0.0,0.0,0.0,0.0,0.0,0.0,0.0,0.0,0.0,0.0,0.0,0.0,0.0,65.2,0,129,62,48,65476,0,65476,1,4,4,20529,65476,0,0,2621,60.0,0.0,0.0,0.0,0.0,0.0
2026-07-09T15:04:56,ERR,ERR,ERR,ERR,ERR,ERR,ERR,ERR,ERR,ERR,ERR,ERR,ERR,ERR,ERR,ERR,ERR,ERR,ERR,ERR,ERR,ERR,ERR,ERR,ERR,ERR,ERR,ERR,ERR,ERR,ERR,ERR,ERR,ERR,ERR,ERR,ERR,ERR,ERR,ERR,ERR,ERR,ERR,ERR,ERR,ERR,ERR,ERR,ERR,ERR,ERR,ERR,ERR,ERR,ERR,ERR,ERR,ERR,ERR,ERR,ERR,ERR,ERR,ERR,ERR,ERR,ERR,ERR,ERR,ERR,ERR,ERR,ERR,ERR,ERR,ERR,ERR,ERR,ERR,ERR,ERR,ERR,ERR,ERR,ERR,ERR,ERR,ERR,ERR,ERR,ERR,ERR,ERR,ERR,ERR,ERR,ERR,ERR,ERR,ERR,ERR,ERR,ERR,ERR,ERR,ERR,ERR,ERR,ERR,ERR,ERR,ERR,ERR,ERR,ERR,ERR,ERR,ERR,ERR,ERR,ERR,ERR,ERR,ERR,ERR,-0.0,-0.0,-0.0,2.718366610185338e+23,6300730.0,-0.0,-6.4456927277634906e+35,-52.063,0,0,4,17402,7116,0.0,100,0.0,0.0,2.718366610185338e+23,0.0,0.0,0,0,0,0,0.0,0,0,0,0,0,0,0,0,0,0,0,0,0,0,0,0,0,0,0,0,0,0,0,0,0,0,0,0,0,0,0,0,0,31,40,40,71,65476,0,300,0,0,8,21553,0.0,-107605600.0,0.0,0.0,0.0,0.0,0.0,0.0,0.0,0.0,0.0,0.0,0.0,0.0,0.0,0.0,0.0,0.0,0.0,0.0,0.0,0.0,-0.0,0.0,0.0,0.0,0.0,0.0,0.0,0.0,4618.0,3.697180855968884e+19,6924.0,-0.0,-0.0,2.004,2.004,0.0,0.0,0.0,0.0,69,5.848078263185708e+35,-107614656.0,0.0,0.0,0.0,0.0,0.0,0.0,0.0,0,0,0,0.0,0.0,0.0,0.0,0.0,0.0,0.0,0.0,0.0,0.0,0.0,0.0,0.0,0.0,0.0,0.0,0,-107875648.0,69,0.0,138,0.0,2.012,ERR,ERR,ERR,ERR,ERR,ERR,ERR,ERR,ERR,ERR,ERR,ERR,ERR,ERR,ERR,ERR,ERR,ERR,ERR,ERR,ERR,ERR,ERR,ERR,ERR,ERR,ERR,ERR,ERR,ERR,ERR,ERR,ERR,ERR,ERR,ERR,ERR,ERR,ERR,ERR,ERR,ERR,ERR,ERR,ERR,ERR,ERR,ERR,ERR,ERR,ERR,ERR,ERR,ERR,ERR,ERR,ERR,ERR,ERR,ERR,ERR,ERR,ERR,ERR,ERR,ERR,ERR,60.0,60.0,35,0.0,0.0,0.0,0.0,0.0,0.0,0.0,0.0,0.0,0.0,0.0,0.0,0.0,0.0,0.0,0.0,65.6,0,129,62,48,65476,0,65476,1,4,4,20529,65476,0,0,2621,60.0,0.0,0.0,0.0,0.0,0.0
2026-07-09T15:04:57,ERR,ERR,ERR,ERR,ERR,ERR,ERR,ERR,ERR,ERR,ERR,ERR,ERR,ERR,ERR,ERR,ERR,ERR,ERR,ERR,ERR,ERR,ERR,ERR,ERR,ERR,ERR,ERR,ERR,ERR,ERR,ERR,ERR,ERR,ERR,ERR,ERR,ERR,ERR,ERR,ERR,ERR,ERR,ERR,ERR,ERR,ERR,ERR,ERR,ERR,ERR,ERR,ERR,ERR,ERR,ERR,ERR,ERR,ERR,ERR,ERR,ERR,ERR,ERR,ERR,ERR,ERR,ERR,ERR,ERR,ERR,ERR,ERR,ERR,ERR,ERR,ERR,ERR,ERR,ERR,ERR,ERR,ERR,ERR,ERR,ERR,ERR,ERR,ERR,ERR,ERR,ERR,ERR,ERR,ERR,ERR,ERR,ERR,ERR,ERR,ERR,ERR,ERR,ERR,ERR,ERR,ERR,ERR,ERR,ERR,ERR,ERR,ERR,ERR,ERR,ERR,ERR,ERR,ERR,ERR,ERR,ERR,ERR,ERR,ERR,-0.0,-0.0,-0.0,2.718366610185338e+23,6300730.0,-0.0,-6.4456927277634906e+35,-52.063,0,0,4,17402,7116,0.0,100,0.0,0.0,2.718366610185338e+23,0.0,0.0,0,0,0,0,0.0,0,0,0,0,0,0,0,0,0,0,0,0,0,0,0,0,0,0,0,0,0,0,0,0,0,0,0,0,0,0,0,0,0,31,40,40,71,65476,0,300,0,0,8,21553,0.0,-107605600.0,0.0,0.0,0.0,0.0,0.0,0.0,0.0,0.0,0.0,0.0,0.0,0.0,0.0,0.0,0.0,0.0,0.0,0.0,0.0,0.0,-0.0,0.0,0.0,0.0,0.0,0.0,0.0,0.0,4618.0,3.697180855968884e+19,6924.0,-0.0,-0.0,2.004,2.004,0.0,0.0,0.0,0.0,69,5.848078263185708e+35,-107614656.0,0.0,0.0,0.0,0.0,0.0,0.0,0.0,0,0,0,0.0,0.0,0.0,0.0,0.0,0.0,0.0,0.0,0.0,0.0,0.0,0.0,0.0,0.0,0.0,0.0,0,-107875648.0,69,0.0,138,0.0,2.012,ERR,ERR,ERR,ERR,ERR,ERR,ERR,ERR,ERR,ERR,ERR,ERR,ERR,ERR,ERR,ERR,ERR,ERR,ERR,ERR,ERR,ERR,ERR,ERR,ERR,ERR,ERR,ERR,ERR,ERR,ERR,ERR,ERR,ERR,ERR,ERR,ERR,ERR,ERR,ERR,ERR,ERR,ERR,ERR,ERR,ERR,ERR,ERR,ERR,ERR,ERR,ERR,ERR,ERR,ERR,ERR,ERR,ERR,ERR,ERR,ERR,ERR,ERR,ERR,ERR,ERR,ERR,60.0,60.0,35,0.0,0.0,0.0,0.0,0.0,0.0,0.0,0.0,0.0,0.0,0.0,0.0,0.0,0.0,0.0,0.0,65.6,0,129,62,48,65476,0,65476,1,4,4,20529,65476,0,0,2621,60.0,0.0,0.0,0.0,0.0,0.0
2026-07-09T15:04:58,ERR,ERR,ERR,ERR,ERR,ERR,ERR,ERR,ERR,ERR,ERR,ERR,ERR,ERR,ERR,ERR,ERR,ERR,ERR,ERR,ERR,ERR,ERR,ERR,ERR,ERR,ERR,ERR,ERR,ERR,ERR,ERR,ERR,ERR,ERR,ERR,ERR,ERR,ERR,ERR,ERR,ERR,ERR,ERR,ERR,ERR,ERR,ERR,ERR,ERR,ERR,ERR,ERR,ERR,ERR,ERR,ERR,ERR,ERR,ERR,ERR,ERR,ERR,ERR,ERR,ERR,ERR,ERR,ERR,ERR,ERR,ERR,ERR,ERR,ERR,ERR,ERR,ERR,ERR,ERR,ERR,ERR,ERR,ERR,ERR,ERR,ERR,ERR,ERR,ERR,ERR,ERR,ERR,ERR,ERR,ERR,ERR,ERR,ERR,ERR,ERR,ERR,ERR,ERR,ERR,ERR,ERR,ERR,ERR,ERR,ERR,ERR,ERR,ERR,ERR,ERR,ERR,ERR,ERR,ERR,ERR,ERR,ERR,ERR,ERR,-0.0,-107615920.0,0.0,2.718366610185338e+23,-550971375616.0,-3.7131047623443344e+23,3.424264778947062e+24,-7189103104.0,0,0,4,17407,7116,0.0,100,0.0,0.0,2.718366610185338e+23,0.0,0.0,0,0,0,0,0.0,0,0,0,0,0,0,0,0,0,0,0,0,0,0,0,0,0,0,0,0,0,0,0,0,0,0,0,0,0,0,0,0,0,31,40,40,71,65476,0,300,0,0,8,21553,0.0,-107605600.0,0.0,0.0,0.0,0.0,0.0,0.0,0.0,0.0,0.0,0.0,0.0,0.0,0.0,0.0,0.0,0.0,0.0,0.0,0.0,0.0,-0.0,2.004,0.0,0.0,0.0,0.0,0.0,0.0,4636.0,0.0,6915.0,-0.0,-107615920.0,2.004,2.004,0.0,0.0,0.0,0.0,69,0.0,4.066847613385456e+29,0.0,0.0,0.0,0.0,0.0,0.0,0.0,0,0,0,0.0,0.0,0.0,0.0,0.0,0.0,0.0,0.0,0.0,0.0,0.0,0.0,0.0,0.0,0.0,0.0,0,-107875648.0,69,0.0,138,0.0,2.012,ERR,ERR,ERR,ERR,ERR,ERR,ERR,ERR,ERR,ERR,ERR,ERR,ERR,ERR,ERR,ERR,ERR,ERR,ERR,ERR,ERR,ERR,ERR,ERR,ERR,ERR,ERR,ERR,ERR,ERR,ERR,ERR,ERR,ERR,ERR,ERR,ERR,ERR,ERR,ERR,ERR,ERR,ERR,ERR,ERR,ERR,ERR,ERR,ERR,ERR,ERR,ERR,ERR,ERR,ERR,ERR,ERR,ERR,ERR,ERR,ERR,ERR,ERR,ERR,ERR,ERR,ERR,60.0,60.0,35,0.0,0.0,0.0,0.0,0.0,0.0,0.0,0.0,0.0,0.0,0.0,0.0,0.0,0.0,0.0,0.0,65.2,0,129,62,48,65476,0,65476,1,4,4,20529,65476,0,0,2621,60.0,0.0,0.0,0.0,0.0,0.0
2026-07-09T15:04:59,ERR,ERR,ERR,ERR,ERR,ERR,ERR,ERR,ERR,ERR,ERR,ERR,ERR,ERR,ERR,ERR,ERR,ERR,ERR,ERR,ERR,ERR,ERR,ERR,ERR,ERR,ERR,ERR,ERR,ERR,ERR,ERR,ERR,ERR,ERR,ERR,ERR,ERR,ERR,ERR,ERR,ERR,ERR,ERR,ERR,ERR,ERR,ERR,ERR,ERR,ERR,ERR,ERR,ERR,ERR,ERR,ERR,ERR,ERR,ERR,ERR,ERR,ERR,ERR,ERR,ERR,ERR,ERR,ERR,ERR,ERR,ERR,ERR,ERR,ERR,ERR,ERR,ERR,ERR,ERR,ERR,ERR,ERR,ERR,ERR,ERR,ERR,ERR,ERR,ERR,ERR,ERR,ERR,ERR,ERR,ERR,ERR,ERR,ERR,ERR,ERR,ERR,ERR,ERR,ERR,ERR,ERR,ERR,ERR,ERR,ERR,ERR,ERR,ERR,ERR,ERR,ERR,ERR,ERR,ERR,ERR,ERR,ERR,ERR,ERR,-0.0,-107615920.0,0.0,2.718366610185338e+23,-550971375616.0,-3.7131047623443344e+23,3.424264778947062e+24,-7189103104.0,0,0,4,17407,7116,0.0,100,0.0,0.0,2.718366610185338e+23,0.0,0.0,0,0,0,0,0.0,0,0,0,0,0,0,0,0,0,0,0,0,0,0,0,0,0,0,0,0,0,0,0,0,0,0,0,0,0,0,0,0,0,31,40,40,71,65476,0,300,0,0,8,21553,0.0,-107605600.0,0.0,0.0,0.0,0.0,0.0,0.0,0.0,0.0,0.0,0.0,0.0,0.0,0.0,0.0,0.0,0.0,0.0,0.0,0.0,0.0,-0.0,2.004,0.0,0.0,0.0,0.0,0.0,0.0,4636.0,0.0,6915.0,-0.0,-107615920.0,2.004,2.004,0.0,0.0,0.0,0.0,69,0.0,4.066847613385456e+29,0.0,0.0,0.0,0.0,0.0,0.0,0.0,0,0,0,0.0,0.0,0.0,0.0,0.0,0.0,0.0,0.0,0.0,0.0,0.0,0.0,0.0,0.0,0.0,0.0,0,-107875648.0,69,0.0,138,0.0,2.012,ERR,ERR,ERR,ERR,ERR,ERR,ERR,ERR,ERR,ERR,ERR,ERR,ERR,ERR,ERR,ERR,ERR,ERR,ERR,ERR,ERR,ERR,ERR,ERR,ERR,ERR,ERR,ERR,ERR,ERR,ERR,ERR,ERR,ERR,ERR,ERR,ERR,ERR,ERR,ERR,ERR,ERR,ERR,ERR,ERR,ERR,ERR,ERR,ERR,ERR,ERR,ERR,ERR,ERR,ERR,ERR,ERR,ERR,ERR,ERR,ERR,ERR,ERR,ERR,ERR,ERR,ERR,60.0,60.0,35,0.0,0.0,0.0,0.0,0.0,0.0,0.0,0.0,0.0,0.0,0.0,0.0,0.0,0.0,0.0,0.0,65.2,0,129,62,48,65476,0,65476,1,4,4,20529,65476,0,0,2621,60.0,0.0,0.0,0.0,0.0,0.0
2026-07-09T15:05:00,ERR,ERR,ERR,ERR,ERR,ERR,ERR,ERR,ERR,ERR,ERR,ERR,ERR,ERR,ERR,ERR,ERR,ERR,ERR,ERR,ERR,ERR,ERR,ERR,ERR,ERR,ERR,ERR,ERR,ERR,ERR,ERR,ERR,ERR,ERR,ERR,ERR,ERR,ERR,ERR,ERR,ERR,ERR,ERR,ERR,ERR,ERR,ERR,ERR,ERR,ERR,ERR,ERR,ERR,ERR,ERR,ERR,ERR,ERR,ERR,ERR,ERR,ERR,ERR,ERR,ERR,ERR,ERR,ERR,ERR,ERR,ERR,ERR,ERR,ERR,ERR,ERR,ERR,ERR,ERR,ERR,ERR,ERR,ERR,ERR,ERR,ERR,ERR,ERR,ERR,ERR,ERR,ERR,ERR,ERR,ERR,ERR,ERR,ERR,ERR,ERR,ERR,ERR,ERR,ERR,ERR,ERR,ERR,ERR,ERR,ERR,ERR,ERR,ERR,ERR,ERR,ERR,ERR,ERR,ERR,ERR,ERR,ERR,ERR,ERR,-0.0,-107615920.0,0.0,2.718366610185338e+23,-550971375616.0,-3.7131047623443344e+23,3.424264778947062e+24,-7189103104.0,0,0,4,17407,7116,0.0,100,0.0,0.0,2.718366610185338e+23,0.0,0.0,0,0,0,0,0.0,0,0,0,0,0,0,0,0,0,0,0,0,0,0,0,0,0,0,0,0,0,0,0,0,0,0,0,0,0,0,0,0,0,31,40,40,71,65476,0,300,0,0,8,21553,0.0,-107605600.0,0.0,0.0,0.0,0.0,0.0,0.0,0.0,0.0,0.0,0.0,0.0,0.0,0.0,0.0,0.0,0.0,0.0,0.0,0.0,0.0,-0.0,2.004,0.0,0.0,0.0,0.0,0.0,0.0,4636.0,0.0,6915.0,-0.0,-107615920.0,2.004,2.004,0.0,0.0,0.0,0.0,69,0.0,4.066847613385456e+29,0.0,0.0,0.0,0.0,0.0,0.0,0.0,0,0,0,0.0,0.0,0.0,0.0,0.0,0.0,0.0,0.0,0.0,0.0,0.0,0.0,0.0,0.0,0.0,0.0,0,-107875648.0,69,0.0,138,0.0,2.012,ERR,ERR,ERR,ERR,ERR,ERR,ERR,ERR,ERR,ERR,ERR,ERR,ERR,ERR,ERR,ERR,ERR,ERR,ERR,ERR,ERR,ERR,ERR,ERR,ERR,ERR,ERR,ERR,ERR,ERR,ERR,ERR,ERR,ERR,ERR,ERR,ERR,ERR,ERR,ERR,ERR,ERR,ERR,ERR,ERR,ERR,ERR,ERR,ERR,ERR,ERR,ERR,ERR,ERR,ERR,ERR,ERR,ERR,ERR,ERR,ERR,ERR,ERR,ERR,ERR,ERR,ERR,60.0,60.0,35,0.0,0.0,0.0,0.0,0.0,0.0,0.0,0.0,0.0,0.0,0.0,0.0,0.0,0.0,0.0,0.0,65.2,0,129,62,48,65476,0,65476,1,4,4,20529,65476,0,0,2621,60.0,0.0,0.0,0.0,0.0,0.0
2026-07-09T15:05:01,ERR,ERR,ERR,ERR,ERR,ERR,ERR,ERR,ERR,ERR,ERR,ERR,ERR,ERR,ERR,ERR,ERR,ERR,ERR,ERR,ERR,ERR,ERR,ERR,ERR,ERR,ERR,ERR,ERR,ERR,ERR,ERR,ERR,ERR,ERR,ERR,ERR,ERR,ERR,ERR,ERR,ERR,ERR,ERR,ERR,ERR,ERR,ERR,ERR,ERR,ERR,ERR,ERR,ERR,ERR,ERR,ERR,ERR,ERR,ERR,ERR,ERR,ERR,ERR,ERR,ERR,ERR,ERR,ERR,ERR,ERR,ERR,ERR,ERR,ERR,ERR,ERR,ERR,ERR,ERR,ERR,ERR,ERR,ERR,ERR,ERR,ERR,ERR,ERR,ERR,ERR,ERR,ERR,ERR,ERR,ERR,ERR,ERR,ERR,ERR,ERR,ERR,ERR,ERR,ERR,ERR,ERR,ERR,ERR,ERR,ERR,ERR,ERR,ERR,ERR,ERR,ERR,ERR,ERR,ERR,ERR,ERR,ERR,ERR,ERR,-0.0,-107615920.0,0.0,2.718366610185338e+23,-550971375616.0,-3.7131047623443344e+23,3.424264778947062e+24,-7189103104.0,0,0,4,17407,7116,0.0,100,0.0,0.0,2.718366610185338e+23,0.0,0.0,0,0,0,0,0.0,0,0,0,0,0,0,0,0,0,0,0,0,0,0,0,0,0,0,0,0,0,0,0,0,0,0,0,0,0,0,0,0,0,31,40,40,71,65476,0,300,0,0,8,21553,0.0,-107605600.0,0.0,0.0,0.0,0.0,0.0,0.0,0.0,0.0,0.0,0.0,0.0,0.0,0.0,0.0,0.0,0.0,0.0,0.0,0.0,0.0,-0.0,2.004,0.0,0.0,0.0,0.0,0.0,0.0,4636.0,0.0,6915.0,-0.0,-107615920.0,2.004,2.004,0.0,0.0,0.0,0.0,69,0.0,4.066847613385456e+29,0.0,0.0,0.0,0.0,0.0,0.0,0.0,0,0,0,0.0,0.0,0.0,0.0,0.0,0.0,0.0,0.0,0.0,0.0,0.0,0.0,0.0,0.0,0.0,0.0,0,-107875648.0,69,0.0,138,0.0,2.012,ERR,ERR,ERR,ERR,ERR,ERR,ERR,ERR,ERR,ERR,ERR,ERR,ERR,ERR,ERR,ERR,ERR,ERR,ERR,ERR,ERR,ERR,ERR,ERR,ERR,ERR,ERR,ERR,ERR,ERR,ERR,ERR,ERR,ERR,ERR,ERR,ERR,ERR,ERR,ERR,ERR,ERR,ERR,ERR,ERR,ERR,ERR,ERR,ERR,ERR,ERR,ERR,ERR,ERR,ERR,ERR,ERR,ERR,ERR,ERR,ERR,ERR,ERR,ERR,ERR,ERR,ERR,60.0,60.0,35,0.0,0.0,0.0,0.0,0.0,0.0,0.0,0.0,0.0,0.0,0.0,0.0,0.0,0.0,0.0,0.0,65.6,0,128,62,48,65476,0,65476,1,4,4,20529,65476,0,0,2621,60.0,0.0,0.0,0.0,0.0,0.0
2026-07-09T15:05:02,ERR,ERR,ERR,ERR,ERR,ERR,ERR,ERR,ERR,ERR,ERR,ERR,ERR,ERR,ERR,ERR,ERR,ERR,ERR,ERR,ERR,ERR,ERR,ERR,ERR,ERR,ERR,ERR,ERR,ERR,ERR,ERR,ERR,ERR,ERR,ERR,ERR,ERR,ERR,ERR,ERR,ERR,ERR,ERR,ERR,ERR,ERR,ERR,ERR,ERR,ERR,ERR,ERR,ERR,ERR,ERR,ERR,ERR,ERR,ERR,ERR,ERR,ERR,ERR,ERR,ERR,ERR,ERR,ERR,ERR,ERR,ERR,ERR,ERR,ERR,ERR,ERR,ERR,ERR,ERR,ERR,ERR,ERR,ERR,ERR,ERR,ERR,ERR,ERR,ERR,ERR,ERR,ERR,ERR,ERR,ERR,ERR,ERR,ERR,ERR,ERR,ERR,ERR,ERR,ERR,ERR,ERR,ERR,ERR,ERR,ERR,ERR,ERR,ERR,ERR,ERR,ERR,ERR,ERR,ERR,ERR,ERR,ERR,ERR,ERR,-0.0,-107615920.0,0.0,2.718366610185338e+23,-550971375616.0,-3.7131047623443344e+23,3.424264778947062e+24,-7189103104.0,0,0,4,17407,7116,0.0,100,0.0,0.0,2.718366610185338e+23,0.0,0.0,0,0,0,0,0.0,0,0,0,0,0,0,0,0,0,0,0,0,0,0,0,0,0,0,0,0,0,0,0,0,0,0,0,0,0,0,0,0,0,31,40,40,71,65476,0,300,0,0,8,21553,0.0,-107605600.0,0.0,0.0,0.0,0.0,0.0,0.0,0.0,0.0,0.0,0.0,0.0,0.0,0.0,0.0,0.0,0.0,0.0,0.0,0.0,0.0,-0.0,2.004,0.0,0.0,0.0,0.0,0.0,0.0,4636.0,0.0,6915.0,-0.0,-107615920.0,2.004,2.004,0.0,0.0,0.0,0.0,69,0.0,4.066847613385456e+29,0.0,0.0,0.0,0.0,0.0,0.0,0.0,0,0,0,0.0,0.0,0.0,0.0,0.0,0.0,0.0,0.0,0.0,0.0,0.0,0.0,0.0,0.0,0.0,0.0,0,-107875648.0,69,0.0,138,0.0,2.012,ERR,ERR,ERR,ERR,ERR,ERR,ERR,ERR,ERR,ERR,ERR,ERR,ERR,ERR,ERR,ERR,ERR,ERR,ERR,ERR,ERR,ERR,ERR,ERR,ERR,ERR,ERR,ERR,ERR,ERR,ERR,ERR,ERR,ERR,ERR,ERR,ERR,ERR,ERR,ERR,ERR,ERR,ERR,ERR,ERR,ERR,ERR,ERR,ERR,ERR,ERR,ERR,ERR,ERR,ERR,ERR,ERR,ERR,ERR,ERR,ERR,ERR,ERR,ERR,ERR,ERR,ERR,60.0,60.0,35,0.0,0.0,0.0,0.0,0.0,0.0,0.0,0.0,0.0,0.0,0.0,0.0,0.0,0.0,0.0,0.0,65.6,0,128,62,48,65476,0,65476,1,4,4,20529,65476,0,0,2621,60.0,0.0,0.0,0.0,0.0,0.0
2026-07-09T15:05:03,ERR,ERR,ERR,ERR,ERR,ERR,ERR,ERR,ERR,ERR,ERR,ERR,ERR,ERR,ERR,ERR,ERR,ERR,ERR,ERR,ERR,ERR,ERR,ERR,ERR,ERR,ERR,ERR,ERR,ERR,ERR,ERR,ERR,ERR,ERR,ERR,ERR,ERR,ERR,ERR,ERR,ERR,ERR,ERR,ERR,ERR,ERR,ERR,ERR,ERR,ERR,ERR,ERR,ERR,ERR,ERR,ERR,ERR,ERR,ERR,ERR,ERR,ERR,ERR,ERR,ERR,ERR,ERR,ERR,ERR,ERR,ERR,ERR,ERR,ERR,ERR,ERR,ERR,ERR,ERR,ERR,ERR,ERR,ERR,ERR,ERR,ERR,ERR,ERR,ERR,ERR,ERR,ERR,ERR,ERR,ERR,ERR,ERR,ERR,ERR,ERR,ERR,ERR,ERR,ERR,ERR,ERR,ERR,ERR,ERR,ERR,ERR,ERR,ERR,ERR,ERR,ERR,ERR,ERR,ERR,ERR,ERR,ERR,ERR,ERR,-0.0,-107615920.0,0.0,0.0,0.0,0.0,-0.064,-271927246848.0,0,0,4,17403,7116,0.0,100,0.0,0.0,0.0,0.0,0.0,0,0,0,0,0.0,0,0,0,0,0,0,0,0,0,0,0,0,0,0,0,0,0,0,0,0,0,0,0,0,0,0,0,0,0,0,0,0,0,31,40,40,71,65476,0,300,0,0,8,21553,0.0,-107605600.0,0.0,0.0,0.0,0.0,0.0,0.0,0.0,0.0,0.0,0.0,0.0,0.0,0.0,0.0,0.0,0.0,0.0,0.0,0.0,0.0,2.004,2.004,0.0,0.0,0.0,0.0,0.0,0.0,4588.0,-131350.234,6937.0,0.0,-107615920.0,2.004,2.004,0.0,0.0,0.0,0.0,69,-2.3088379029658953e+20,0.0,0.0,0.0,0.0,0.0,0.0,0.0,0.0,0,0,0,0.0,0.0,0.0,0.0,0.0,0.0,0.0,0.0,0.0,0.0,0.0,0.0,0.0,0.0,0.0,0.0,0,-107875648.0,69,0.0,138,0.0,2.012,ERR,ERR,ERR,ERR,ERR,ERR,ERR,ERR,ERR,ERR,ERR,ERR,ERR,ERR,ERR,ERR,ERR,ERR,ERR,ERR,ERR,ERR,ERR,ERR,ERR,ERR,ERR,ERR,ERR,ERR,ERR,ERR,ERR,ERR,ERR,ERR,ERR,ERR,ERR,ERR,ERR,ERR,ERR,ERR,ERR,ERR,ERR,ERR,ERR,ERR,ERR,ERR,ERR,ERR,ERR,ERR,ERR,ERR,ERR,ERR,ERR,ERR,ERR,ERR,ERR,ERR,ERR,60.0,60.0,35,0.0,0.0,0.0,0.0,0.0,0.0,0.0,0.0,0.0,0.0,0.0,0.0,0.0,0.0,0.0,0.0,65.2,0,128,62,48,65476,0,65476,1,4,4,20529,65476,0,0,2621,60.0,0.0,0.0,0.0,0.0,0.0
2026-07-09T15:05:04,ERR,ERR,ERR,ERR,ERR,ERR,ERR,ERR,ERR,ERR,ERR,ERR,ERR,ERR,ERR,ERR,ERR,ERR,ERR,ERR,ERR,ERR,ERR,ERR,ERR,ERR,ERR,ERR,ERR,ERR,ERR,ERR,ERR,ERR,ERR,ERR,ERR,ERR,ERR,ERR,ERR,ERR,ERR,ERR,ERR,ERR,ERR,ERR,ERR,ERR,ERR,ERR,ERR,ERR,ERR,ERR,ERR,ERR,ERR,ERR,ERR,ERR,ERR,ERR,ERR,ERR,ERR,ERR,ERR,ERR,ERR,ERR,ERR,ERR,ERR,ERR,ERR,ERR,ERR,ERR,ERR,ERR,ERR,ERR,ERR,ERR,ERR,ERR,ERR,ERR,ERR,ERR,ERR,ERR,ERR,ERR,ERR,ERR,ERR,ERR,ERR,ERR,ERR,ERR,ERR,ERR,ERR,ERR,ERR,ERR,ERR,ERR,ERR,ERR,ERR,ERR,ERR,ERR,ERR,ERR,ERR,ERR,ERR,ERR,ERR,-0.0,-107615920.0,0.0,0.0,0.0,0.0,-0.064,-271927246848.0,0,0,4,17403,7116,0.0,100,0.0,0.0,0.0,0.0,0.0,0,0,0,0,0.0,0,0,0,0,0,0,0,0,0,0,0,0,0,0,0,0,0,0,0,0,0,0,0,0,0,0,0,0,0,0,0,0,0,31,40,40,71,65476,0,300,0,0,8,21553,0.0,-107605600.0,0.0,0.0,0.0,0.0,0.0,0.0,0.0,0.0,0.0,0.0,0.0,0.0,0.0,0.0,0.0,0.0,0.0,0.0,0.0,0.0,2.004,2.004,0.0,0.0,0.0,0.0,0.0,0.0,4588.0,-131350.234,6937.0,0.0,-107615920.0,2.004,2.004,0.0,0.0,0.0,0.0,69,-2.3088379029658953e+20,0.0,0.0,0.0,0.0,0.0,0.0,0.0,0.0,0,0,0,0.0,0.0,0.0,0.0,0.0,0.0,0.0,0.0,0.0,0.0,0.0,0.0,0.0,0.0,0.0,0.0,0,-107875648.0,69,0.0,138,0.0,2.012,ERR,ERR,ERR,ERR,ERR,ERR,ERR,ERR,ERR,ERR,ERR,ERR,ERR,ERR,ERR,ERR,ERR,ERR,ERR,ERR,ERR,ERR,ERR,ERR,ERR,ERR,ERR,ERR,ERR,ERR,ERR,ERR,ERR,ERR,ERR,ERR,ERR,ERR,ERR,ERR,ERR,ERR,ERR,ERR,ERR,ERR,ERR,ERR,ERR,ERR,ERR,ERR,ERR,ERR,ERR,ERR,ERR,ERR,ERR,ERR,ERR,ERR,ERR,ERR,ERR,ERR,ERR,60.0,60.0,35,0.0,0.0,0.0,0.0,0.0,0.0,0.0,0.0,0.0,0.0,0.0,0.0,0.0,0.0,0.0,0.0,65.2,0,128,62,48,65476,0,65476,1,4,4,20529,65476,0,0,2621,60.0,0.0,0.0,0.0,0.0,0.0
2026-07-09T15:05:05,ERR,ERR,ERR,ERR,ERR,ERR,ERR,ERR,ERR,ERR,ERR,ERR,ERR,ERR,ERR,ERR,ERR,ERR,ERR,ERR,ERR,ERR,ERR,ERR,ERR,ERR,ERR,ERR,ERR,ERR,ERR,ERR,ERR,ERR,ERR,ERR,ERR,ERR,ERR,ERR,ERR,ERR,ERR,ERR,ERR,ERR,ERR,ERR,ERR,ERR,ERR,ERR,ERR,ERR,ERR,ERR,ERR,ERR,ERR,ERR,ERR,ERR,ERR,ERR,ERR,ERR,ERR,ERR,ERR,ERR,ERR,ERR,ERR,ERR,ERR,ERR,ERR,ERR,ERR,ERR,ERR,ERR,ERR,ERR,ERR,ERR,ERR,ERR,ERR,ERR,ERR,ERR,ERR,ERR,ERR,ERR,ERR,ERR,ERR,ERR,ERR,ERR,ERR,ERR,ERR,ERR,ERR,ERR,ERR,ERR,ERR,ERR,ERR,ERR,ERR,ERR,ERR,ERR,ERR,ERR,ERR,ERR,ERR,ERR,ERR,-0.0,-107615920.0,0.0,0.0,0.0,0.0,-0.064,-271927246848.0,0,0,4,17403,7116,0.0,100,0.0,0.0,0.0,0.0,0.0,0,0,0,0,0.0,0,0,0,0,0,0,0,0,0,0,0,0,0,0,0,0,0,0,0,0,0,0,0,0,0,0,0,0,0,0,0,0,0,31,40,40,71,65476,0,300,0,0,8,21553,0.0,-107605600.0,0.0,0.0,0.0,0.0,0.0,0.0,0.0,0.0,0.0,0.0,0.0,0.0,0.0,0.0,0.0,0.0,0.0,0.0,0.0,0.0,2.004,2.004,0.0,0.0,0.0,0.0,0.0,0.0,4588.0,-131350.234,6937.0,0.0,-107615920.0,2.004,2.004,0.0,0.0,0.0,0.0,69,-2.3088379029658953e+20,0.0,0.0,0.0,0.0,0.0,0.0,0.0,0.0,0,0,0,0.0,0.0,0.0,0.0,0.0,0.0,0.0,0.0,0.0,0.0,0.0,0.0,0.0,0.0,0.0,0.0,0,-107875648.0,69,0.0,138,0.0,2.012,ERR,ERR,ERR,ERR,ERR,ERR,ERR,ERR,ERR,ERR,ERR,ERR,ERR,ERR,ERR,ERR,ERR,ERR,ERR,ERR,ERR,ERR,ERR,ERR,ERR,ERR,ERR,ERR,ERR,ERR,ERR,ERR,ERR,ERR,ERR,ERR,ERR,ERR,ERR,ERR,ERR,ERR,ERR,ERR,ERR,ERR,ERR,ERR,ERR,ERR,ERR,ERR,ERR,ERR,ERR,ERR,ERR,ERR,ERR,ERR,ERR,ERR,ERR,ERR,ERR,ERR,ERR,60.0,60.0,35,0.0,0.0,0.0,0.0,0.0,0.0,0.0,0.0,0.0,0.0,0.0,0.0,0.0,0.0,0.0,0.0,65.2,0,128,62,48,65476,0,65476,1,4,4,20529,65476,0,0,2621,60.0,0.0,0.0,0.0,0.0,0.0
2026-07-09T15:05:06,ERR,ERR,ERR,ERR,ERR,ERR,ERR,ERR,ERR,ERR,ERR,ERR,ERR,ERR,ERR,ERR,ERR,ERR,ERR,ERR,ERR,ERR,ERR,ERR,ERR,ERR,ERR,ERR,ERR,ERR,ERR,ERR,ERR,ERR,ERR,ERR,ERR,ERR,ERR,ERR,ERR,ERR,ERR,ERR,ERR,ERR,ERR,ERR,ERR,ERR,ERR,ERR,ERR,ERR,ERR,ERR,ERR,ERR,ERR,ERR,ERR,ERR,ERR,ERR,ERR,ERR,ERR,ERR,ERR,ERR,ERR,ERR,ERR,ERR,ERR,ERR,ERR,ERR,ERR,ERR,ERR,ERR,ERR,ERR,ERR,ERR,ERR,ERR,ERR,ERR,ERR,ERR,ERR,ERR,ERR,ERR,ERR,ERR,ERR,ERR,ERR,ERR,ERR,ERR,ERR,ERR,ERR,ERR,ERR,ERR,ERR,ERR,ERR,ERR,ERR,ERR,ERR,ERR,ERR,ERR,ERR,ERR,ERR,ERR,ERR,-0.0,-107615920.0,0.0,0.0,0.0,0.0,-0.064,-271927246848.0,0,0,4,17403,7116,0.0,100,0.0,0.0,0.0,0.0,0.0,0,0,0,0,0.0,0,0,0,0,0,0,0,0,0,0,0,0,0,0,0,0,0,0,0,0,0,0,0,0,0,0,0,0,0,0,0,0,0,31,40,40,71,65476,0,300,0,0,8,21553,0.0,-107605600.0,0.0,0.0,0.0,0.0,0.0,0.0,0.0,0.0,0.0,0.0,0.0,0.0,0.0,0.0,0.0,0.0,0.0,0.0,0.0,0.0,2.004,2.004,0.0,0.0,0.0,0.0,0.0,0.0,4588.0,-131350.234,6937.0,0.0,-107615920.0,2.004,2.004,0.0,0.0,0.0,0.0,69,-2.3088379029658953e+20,0.0,0.0,0.0,0.0,0.0,0.0,0.0,0.0,0,0,0,0.0,0.0,0.0,0.0,0.0,0.0,0.0,0.0,0.0,0.0,0.0,0.0,0.0,0.0,0.0,0.0,0,-107875648.0,69,0.0,138,0.0,2.012,ERR,ERR,ERR,ERR,ERR,ERR,ERR,ERR,ERR,ERR,ERR,ERR,ERR,ERR,ERR,ERR,ERR,ERR,ERR,ERR,ERR,ERR,ERR,ERR,ERR,ERR,ERR,ERR,ERR,ERR,ERR,ERR,ERR,ERR,ERR,ERR,ERR,ERR,ERR,ERR,ERR,ERR,ERR,ERR,ERR,ERR,ERR,ERR,ERR,ERR,ERR,ERR,ERR,ERR,ERR,ERR,ERR,ERR,ERR,ERR,ERR,ERR,ERR,ERR,ERR,ERR,ERR,60.0,60.0,35,0.0,0.0,0.0,0.0,0.0,0.0,0.0,0.0,0.0,0.0,0.0,0.0,0.0,0.0,0.0,0.0,65.2,0,128,62,48,65476,0,65476,1,4,4,20529,65476,0,0,2621,60.0,0.0,0.0,0.0,0.0,0.0
2026-07-09T15:05:07,ERR,ERR,ERR,ERR,ERR,ERR,ERR,ERR,ERR,ERR,ERR,ERR,ERR,ERR,ERR,ERR,ERR,ERR,ERR,ERR,ERR,ERR,ERR,ERR,ERR,ERR,ERR,ERR,ERR,ERR,ERR,ERR,ERR,ERR,ERR,ERR,ERR,ERR,ERR,ERR,ERR,ERR,ERR,ERR,ERR,ERR,ERR,ERR,ERR,ERR,ERR,ERR,ERR,ERR,ERR,ERR,ERR,ERR,ERR,ERR,ERR,ERR,ERR,ERR,ERR,ERR,ERR,ERR,ERR,ERR,ERR,ERR,ERR,ERR,ERR,ERR,ERR,ERR,ERR,ERR,ERR,ERR,ERR,ERR,ERR,ERR,ERR,ERR,ERR,ERR,ERR,ERR,ERR,ERR,ERR,ERR,ERR,ERR,ERR,ERR,ERR,ERR,ERR,ERR,ERR,ERR,ERR,ERR,ERR,ERR,ERR,ERR,ERR,ERR,ERR,ERR,ERR,ERR,ERR,ERR,ERR,ERR,ERR,ERR,ERR,-0.0,-107615920.0,0.0,0.0,0.0,0.0,-0.064,-271927246848.0,0,0,4,17403,7116,0.0,100,0.0,0.0,0.0,0.0,0.0,0,0,0,0,0.0,0,0,0,0,0,0,0,0,0,0,0,0,0,0,0,0,0,0,0,0,0,0,0,0,0,0,0,0,0,0,0,0,0,31,40,40,71,65476,0,300,0,0,8,21553,0.0,-107605600.0,0.0,0.0,0.0,0.0,0.0,0.0,0.0,0.0,0.0,0.0,0.0,0.0,0.0,0.0,0.0,0.0,0.0,0.0,0.0,0.0,2.004,2.004,0.0,0.0,0.0,0.0,0.0,0.0,4588.0,-131350.234,6937.0,0.0,-107615920.0,2.004,2.004,0.0,0.0,0.0,0.0,69,-2.3088379029658953e+20,0.0,0.0,0.0,0.0,0.0,0.0,0.0,0.0,0,0,0,0.0,0.0,0.0,0.0,0.0,0.0,0.0,0.0,0.0,0.0,0.0,0.0,0.0,0.0,0.0,0.0,0,-107875648.0,69,0.0,138,0.0,2.012,ERR,ERR,ERR,ERR,ERR,ERR,ERR,ERR,ERR,ERR,ERR,ERR,ERR,ERR,ERR,ERR,ERR,ERR,ERR,ERR,ERR,ERR,ERR,ERR,ERR,ERR,ERR,ERR,ERR,ERR,ERR,ERR,ERR,ERR,ERR,ERR,ERR,ERR,ERR,ERR,ERR,ERR,ERR,ERR,ERR,ERR,ERR,ERR,ERR,ERR,ERR,ERR,ERR,ERR,ERR,ERR,ERR,ERR,ERR,ERR,ERR,ERR,ERR,ERR,ERR,ERR,ERR,60.0,60.0,35,0.0,0.0,0.0,0.0,0.0,0.0,0.0,0.0,0.0,0.0,0.0,0.0,0.0,0.0,0.0,0.0,65.2,0,128,62,48,65476,0,65476,1,4,4,20529,65476,0,0,2621,60.0,0.0,0.0,0.0,0.0,0.0
2026-07-09T15:05:08,ERR,ERR,ERR,ERR,ERR,ERR,ERR,ERR,ERR,ERR,ERR,ERR,ERR,ERR,ERR,ERR,ERR,ERR,ERR,ERR,ERR,ERR,ERR,ERR,ERR,ERR,ERR,ERR,ERR,ERR,ERR,ERR,ERR,ERR,ERR,ERR,ERR,ERR,ERR,ERR,ERR,ERR,ERR,ERR,ERR,ERR,ERR,ERR,ERR,ERR,ERR,ERR,ERR,ERR,ERR,ERR,ERR,ERR,ERR,ERR,ERR,ERR,ERR,ERR,ERR,ERR,ERR,ERR,ERR,ERR,ERR,ERR,ERR,ERR,ERR,ERR,ERR,ERR,ERR,ERR,ERR,ERR,ERR,ERR,ERR,ERR,ERR,ERR,ERR,ERR,ERR,ERR,ERR,ERR,ERR,ERR,ERR,ERR,ERR,ERR,ERR,ERR,ERR,ERR,ERR,ERR,ERR,ERR,ERR,ERR,ERR,ERR,ERR,ERR,ERR,ERR,ERR,ERR,ERR,ERR,ERR,ERR,ERR,ERR,ERR,0.0,0.0,-107614656.0,-0.0,3.0289993320354715e+23,8.776967677149813e+19,0.0,14654566825984.0,0,0,4,17408,7116,0.0,100,0.0,0.0,-0.0,0.0,0.0,0,0,0,0,0.0,0,0,0,0,0,0,0,0,0,0,0,0,0,0,0,0,0,0,0,0,0,0,0,0,0,0,0,0,0,0,0,0,0,31,40,40,71,65476,0,300,0,0,8,21553,0.0,-107605600.0,0.0,0.0,0.0,0.0,0.0,0.0,0.0,0.0,0.0,0.0,0.0,0.0,0.0,0.0,0.0,0.0,0.0,0.0,0.0,0.0,2.004,-0.0,0.0,0.0,0.0,0.0,0.0,0.0,4578.0,-0.0,6931.0,0.0,0.0,2.004,2.004,0.0,0.0,0.0,0.0,69,-0.0,-107614648.0,0.0,0.0,0.0,0.0,0.0,0.0,0.0,0,0,0,0.0,0.0,0.0,0.0,0.0,0.0,0.0,0.0,0.0,0.0,0.0,0.0,0.0,0.0,0.0,0.0,0,-107875648.0,69,0.0,138,0.0,2.012,ERR,ERR,ERR,ERR,ERR,ERR,ERR,ERR,ERR,ERR,ERR,ERR,ERR,ERR,ERR,ERR,ERR,ERR,ERR,ERR,ERR,ERR,ERR,ERR,ERR,ERR,ERR,ERR,ERR,ERR,ERR,ERR,ERR,ERR,ERR,ERR,ERR,ERR,ERR,ERR,ERR,ERR,ERR,ERR,ERR,ERR,ERR,ERR,ERR,ERR,ERR,ERR,ERR,ERR,ERR,ERR,ERR,ERR,ERR,ERR,ERR,ERR,ERR,ERR,ERR,ERR,ERR,60.0,60.0,35,0.0,0.0,0.0,0.0,0.0,0.0,0.0,0.0,0.0,0.0,0.0,0.0,0.0,0.0,0.0,0.0,65.2,0,128,62,48,65476,0,65476,1,4,4,20529,65476,0,0,2621,60.0,0.0,0.0,0.0,0.0,0.0
2026-07-09T15:05:09,ERR,ERR,ERR,ERR,ERR,ERR,ERR,ERR,ERR,ERR,ERR,ERR,ERR,ERR,ERR,ERR,ERR,ERR,ERR,ERR,ERR,ERR,ERR,ERR,ERR,ERR,ERR,ERR,ERR,ERR,ERR,ERR,ERR,ERR,ERR,ERR,ERR,ERR,ERR,ERR,ERR,ERR,ERR,ERR,ERR,ERR,ERR,ERR,ERR,ERR,ERR,ERR,ERR,ERR,ERR,ERR,ERR,ERR,ERR,ERR,ERR,ERR,ERR,ERR,ERR,ERR,ERR,ERR,ERR,ERR,ERR,ERR,ERR,ERR,ERR,ERR,ERR,ERR,ERR,ERR,ERR,ERR,ERR,ERR,ERR,ERR,ERR,ERR,ERR,ERR,ERR,ERR,ERR,ERR,ERR,ERR,ERR,ERR,ERR,ERR,ERR,ERR,ERR,ERR,ERR,ERR,ERR,ERR,ERR,ERR,ERR,ERR,ERR,ERR,ERR,ERR,ERR,ERR,ERR,ERR,ERR,ERR,ERR,ERR,ERR,0.0,0.0,-107614656.0,-0.0,3.0289993320354715e+23,8.776967677149813e+19,0.0,14654566825984.0,0,0,4,17408,7116,0.0,100,0.0,0.0,-0.0,0.0,0.0,0,0,0,0,0.0,0,0,0,0,0,0,0,0,0,0,0,0,0,0,0,0,0,0,0,0,0,0,0,0,0,0,0,0,0,0,0,0,0,31,40,40,71,65476,0,300,0,0,8,21553,0.0,-107605600.0,0.0,0.0,0.0,0.0,0.0,0.0,0.0,0.0,0.0,0.0,0.0,0.0,0.0,0.0,0.0,0.0,0.0,0.0,0.0,0.0,2.004,-0.0,0.0,0.0,0.0,0.0,0.0,0.0,4578.0,-0.0,6931.0,0.0,0.0,2.004,2.004,0.0,0.0,0.0,0.0,69,-0.0,-107614648.0,0.0,0.0,0.0,0.0,0.0,0.0,0.0,0,0,0,0.0,0.0,0.0,0.0,0.0,0.0,0.0,0.0,0.0,0.0,0.0,0.0,0.0,0.0,0.0,0.0,0,-107875648.0,69,0.0,138,0.0,2.012,ERR,ERR,ERR,ERR,ERR,ERR,ERR,ERR,ERR,ERR,ERR,ERR,ERR,ERR,ERR,ERR,ERR,ERR,ERR,ERR,ERR,ERR,ERR,ERR,ERR,ERR,ERR,ERR,ERR,ERR,ERR,ERR,ERR,ERR,ERR,ERR,ERR,ERR,ERR,ERR,ERR,ERR,ERR,ERR,ERR,ERR,ERR,ERR,ERR,ERR,ERR,ERR,ERR,ERR,ERR,ERR,ERR,ERR,ERR,ERR,ERR,ERR,ERR,ERR,ERR,ERR,ERR,60.0,60.0,35,0.0,0.0,0.0,0.0,0.0,0.0,0.0,0.0,0.0,0.0,0.0,0.0,0.0,0.0,0.0,0.0,65.2,0,128,62,48,65476,0,65476,1,4,4,20529,65476,0,0,2621,60.0,0.0,0.0,0.0,0.0,0.0
2026-07-09T15:05:10,ERR,ERR,ERR,ERR,ERR,ERR,ERR,ERR,ERR,ERR,ERR,ERR,ERR,ERR,ERR,ERR,ERR,ERR,ERR,ERR,ERR,ERR,ERR,ERR,ERR,ERR,ERR,ERR,ERR,ERR,ERR,ERR,ERR,ERR,ERR,ERR,ERR,ERR,ERR,ERR,ERR,ERR,ERR,ERR,ERR,ERR,ERR,ERR,ERR,ERR,ERR,ERR,ERR,ERR,ERR,ERR,ERR,ERR,ERR,ERR,ERR,ERR,ERR,ERR,ERR,ERR,ERR,ERR,ERR,ERR,ERR,ERR,ERR,ERR,ERR,ERR,ERR,ERR,ERR,ERR,ERR,ERR,ERR,ERR,ERR,ERR,ERR,ERR,ERR,ERR,ERR,ERR,ERR,ERR,ERR,ERR,ERR,ERR,ERR,ERR,ERR,ERR,ERR,ERR,ERR,ERR,ERR,ERR,ERR,ERR,ERR,ERR,ERR,ERR,ERR,ERR,ERR,ERR,ERR,ERR,ERR,ERR,ERR,ERR,ERR,0.0,0.0,-107614656.0,-0.0,3.0289993320354715e+23,8.776967677149813e+19,0.0,14654566825984.0,0,0,4,17408,7116,0.0,100,0.0,0.0,-0.0,0.0,0.0,0,0,0,0,0.0,0,0,0,0,0,0,0,0,0,0,0,0,0,0,0,0,0,0,0,0,0,0,0,0,0,0,0,0,0,0,0,0,0,31,40,40,71,65476,0,300,0,0,8,21553,0.0,-107605600.0,0.0,0.0,0.0,0.0,0.0,0.0,0.0,0.0,0.0,0.0,0.0,0.0,0.0,0.0,0.0,0.0,0.0,0.0,0.0,0.0,2.004,-0.0,0.0,0.0,0.0,0.0,0.0,0.0,4578.0,-0.0,6931.0,0.0,0.0,2.004,2.004,0.0,0.0,0.0,0.0,69,-0.0,-107614648.0,0.0,0.0,0.0,0.0,0.0,0.0,0.0,0,0,0,0.0,0.0,0.0,0.0,0.0,0.0,0.0,0.0,0.0,0.0,0.0,0.0,0.0,0.0,0.0,0.0,0,-107875648.0,69,0.0,138,0.0,2.012,ERR,ERR,ERR,ERR,ERR,ERR,ERR,ERR,ERR,ERR,ERR,ERR,ERR,ERR,ERR,ERR,ERR,ERR,ERR,ERR,ERR,ERR,ERR,ERR,ERR,ERR,ERR,ERR,ERR,ERR,ERR,ERR,ERR,ERR,ERR,ERR,ERR,ERR,ERR,ERR,ERR,ERR,ERR,ERR,ERR,ERR,ERR,ERR,ERR,ERR,ERR,ERR,ERR,ERR,ERR,ERR,ERR,ERR,ERR,ERR,ERR,ERR,ERR,ERR,ERR,ERR,ERR,60.0,60.0,35,0.0,0.0,0.0,0.0,0.0,0.0,0.0,0.0,0.0,0.0,0.0,0.0,0.0,0.0,0.0,0.0,65.2,0,128,62,48,65476,0,65476,1,4,4,20529,65476,0,0,2621,60.0,0.0,0.0,0.0,0.0,0.0
2026-07-09T15:05:11,ERR,ERR,ERR,ERR,ERR,ERR,ERR,ERR,ERR,ERR,ERR,ERR,ERR,ERR,ERR,ERR,ERR,ERR,ERR,ERR,ERR,ERR,ERR,ERR,ERR,ERR,ERR,ERR,ERR,ERR,ERR,ERR,ERR,ERR,ERR,ERR,ERR,ERR,ERR,ERR,ERR,ERR,ERR,ERR,ERR,ERR,ERR,ERR,ERR,ERR,ERR,ERR,ERR,ERR,ERR,ERR,ERR,ERR,ERR,ERR,ERR,ERR,ERR,ERR,ERR,ERR,ERR,ERR,ERR,ERR,ERR,ERR,ERR,ERR,ERR,ERR,ERR,ERR,ERR,ERR,ERR,ERR,ERR,ERR,ERR,ERR,ERR,ERR,ERR,ERR,ERR,ERR,ERR,ERR,ERR,ERR,ERR,ERR,ERR,ERR,ERR,ERR,ERR,ERR,ERR,ERR,ERR,ERR,ERR,ERR,ERR,ERR,ERR,ERR,ERR,ERR,ERR,ERR,ERR,ERR,ERR,ERR,ERR,ERR,ERR,0.0,0.0,-107614656.0,-0.0,3.0289993320354715e+23,8.776967677149813e+19,0.0,14654566825984.0,0,0,4,17408,7116,0.0,100,0.0,0.0,-0.0,0.0,0.0,0,0,0,0,0.0,0,0,0,0,0,0,0,0,0,0,0,0,0,0,0,0,0,0,0,0,0,0,0,0,0,0,0,0,0,0,0,0,0,31,40,40,71,65476,0,300,0,0,8,21553,0.0,-107605600.0,0.0,0.0,0.0,0.0,0.0,0.0,0.0,0.0,0.0,0.0,0.0,0.0,0.0,0.0,0.0,0.0,0.0,0.0,0.0,0.0,2.004,-0.0,0.0,0.0,0.0,0.0,0.0,0.0,4578.0,-0.0,6931.0,0.0,0.0,2.004,2.004,0.0,0.0,0.0,0.0,69,-0.0,-107614648.0,0.0,0.0,0.0,0.0,0.0,0.0,0.0,0,0,0,0.0,0.0,0.0,0.0,0.0,0.0,0.0,0.0,0.0,0.0,0.0,0.0,0.0,0.0,0.0,0.0,0,-107875648.0,69,0.0,138,0.0,2.012,ERR,ERR,ERR,ERR,ERR,ERR,ERR,ERR,ERR,ERR,ERR,ERR,ERR,ERR,ERR,ERR,ERR,ERR,ERR,ERR,ERR,ERR,ERR,ERR,ERR,ERR,ERR,ERR,ERR,ERR,ERR,ERR,ERR,ERR,ERR,ERR,ERR,ERR,ERR,ERR,ERR,ERR,ERR,ERR,ERR,ERR,ERR,ERR,ERR,ERR,ERR,ERR,ERR,ERR,ERR,ERR,ERR,ERR,ERR,ERR,ERR,ERR,ERR,ERR,ERR,ERR,ERR,60.0,60.0,35,0.0,0.0,0.0,0.0,0.0,0.0,0.0,0.0,0.0,0.0,0.0,0.0,0.0,0.0,0.0,0.0,65.6,0,128,62,48,65476,0,65476,1,4,4,20529,65476,0,0,2621,60.0,0.0,0.0,0.0,0.0,0.0
2026-07-09T15:05:12,ERR,ERR,ERR,ERR,ERR,ERR,ERR,ERR,ERR,ERR,ERR,ERR,ERR,ERR,ERR,ERR,ERR,ERR,ERR,ERR,ERR,ERR,ERR,ERR,ERR,ERR,ERR,ERR,ERR,ERR,ERR,ERR,ERR,ERR,ERR,ERR,ERR,ERR,ERR,ERR,ERR,ERR,ERR,ERR,ERR,ERR,ERR,ERR,ERR,ERR,ERR,ERR,ERR,ERR,ERR,ERR,ERR,ERR,ERR,ERR,ERR,ERR,ERR,ERR,ERR,ERR,ERR,ERR,ERR,ERR,ERR,ERR,ERR,ERR,ERR,ERR,ERR,ERR,ERR,ERR,ERR,ERR,ERR,ERR,ERR,ERR,ERR,ERR,ERR,ERR,ERR,ERR,ERR,ERR,ERR,ERR,ERR,ERR,ERR,ERR,ERR,ERR,ERR,ERR,ERR,ERR,ERR,ERR,ERR,ERR,ERR,ERR,ERR,ERR,ERR,ERR,ERR,ERR,ERR,ERR,ERR,ERR,ERR,ERR,ERR,0.0,0.0,-107614656.0,-0.0,3.0289993320354715e+23,8.776967677149813e+19,0.0,14654566825984.0,0,0,4,17408,7116,0.0,100,0.0,0.0,-0.0,0.0,0.0,0,0,0,0,0.0,0,0,0,0,0,0,0,0,0,0,0,0,0,0,0,0,0,0,0,0,0,0,0,0,0,0,0,0,0,0,0,0,0,31,40,40,71,65476,0,300,0,0,8,21553,0.0,-107605600.0,0.0,0.0,0.0,0.0,0.0,0.0,0.0,0.0,0.0,0.0,0.0,0.0,0.0,0.0,0.0,0.0,0.0,0.0,0.0,0.0,2.004,-0.0,0.0,0.0,0.0,0.0,0.0,0.0,4578.0,-0.0,6931.0,0.0,0.0,2.004,2.004,0.0,0.0,0.0,0.0,69,-0.0,-107614648.0,0.0,0.0,0.0,0.0,0.0,0.0,0.0,0,0,0,0.0,0.0,0.0,0.0,0.0,0.0,0.0,0.0,0.0,0.0,0.0,0.0,0.0,0.0,0.0,0.0,0,-107875648.0,69,0.0,138,0.0,2.012,ERR,ERR,ERR,ERR,ERR,ERR,ERR,ERR,ERR,ERR,ERR,ERR,ERR,ERR,ERR,ERR,ERR,ERR,ERR,ERR,ERR,ERR,ERR,ERR,ERR,ERR,ERR,ERR,ERR,ERR,ERR,ERR,ERR,ERR,ERR,ERR,ERR,ERR,ERR,ERR,ERR,ERR,ERR,ERR,ERR,ERR,ERR,ERR,ERR,ERR,ERR,ERR,ERR,ERR,ERR,ERR,ERR,ERR,ERR,ERR,ERR,ERR,ERR,ERR,ERR,ERR,ERR,60.0,60.0,35,0.0,0.0,0.0,0.0,0.0,0.0,0.0,0.0,0.0,0.0,0.0,0.0,0.0,0.0,0.0,0.0,65.2,0,128,61,48,65476,0,65476,1,4,4,20529,65476,0,0,2621,60.0,0.0,0.0,0.0,0.0,0.0
2026-07-09T15:05:13,ERR,ERR,ERR,ERR,ERR,ERR,ERR,ERR,ERR,ERR,ERR,ERR,ERR,ERR,ERR,ERR,ERR,ERR,ERR,ERR,ERR,ERR,ERR,ERR,ERR,ERR,ERR,ERR,ERR,ERR,ERR,ERR,ERR,ERR,ERR,ERR,ERR,ERR,ERR,ERR,ERR,ERR,ERR,ERR,ERR,ERR,ERR,ERR,ERR,ERR,ERR,ERR,ERR,ERR,ERR,ERR,ERR,ERR,ERR,ERR,ERR,ERR,ERR,ERR,ERR,ERR,ERR,ERR,ERR,ERR,ERR,ERR,ERR,ERR,ERR,ERR,ERR,ERR,ERR,ERR,ERR,ERR,ERR,ERR,ERR,ERR,ERR,ERR,ERR,ERR,ERR,ERR,ERR,ERR,ERR,ERR,ERR,ERR,ERR,ERR,ERR,ERR,ERR,ERR,ERR,ERR,ERR,ERR,ERR,ERR,ERR,ERR,ERR,ERR,ERR,ERR,ERR,ERR,ERR,ERR,ERR,ERR,ERR,ERR,ERR,0.0,0.0,0.0,0.0,-0.0,0.0,-6.546298102990466e+24,-0.0,0,0,4,17407,7116,0.0,100,0.0,0.0,-0.0,0.0,0.0,0,0,0,0,0.0,0,0,0,0,0,0,0,0,0,0,0,0,0,0,0,0,0,0,0,0,0,0,0,0,0,0,0,0,0,0,0,0,0,31,40,40,71,65476,0,300,0,0,8,21553,0.0,-107605600.0,0.0,0.0,0.0,0.0,0.0,0.0,0.0,0.0,0.0,0.0,0.0,0.0,0.0,0.0,0.0,0.0,0.0,0.0,0.0,0.0,2.004,-0.0,0.0,0.0,0.0,0.0,0.0,0.0,4594.0,2.004,6920.0,0.0,2.7184431713790035e+23,2.004,2.004,0.0,0.0,0.0,0.0,69,107615232.0,1.9056830021894144e+17,0.0,0.0,0.0,0.0,0.0,0.0,0.0,0,0,0,0.0,0.0,0.0,0.0,0.0,0.0,0.0,0.0,0.0,0.0,0.0,0.0,0.0,0.0,0.0,0.0,0,-107875648.0,69,0.0,138,0.0,2.012,ERR,ERR,ERR,ERR,ERR,ERR,ERR,ERR,ERR,ERR,ERR,ERR,ERR,ERR,ERR,ERR,ERR,ERR,ERR,ERR,ERR,ERR,ERR,ERR,ERR,ERR,ERR,ERR,ERR,ERR,ERR,ERR,ERR,ERR,ERR,ERR,ERR,ERR,ERR,ERR,ERR,ERR,ERR,ERR,ERR,ERR,ERR,ERR,ERR,ERR,ERR,ERR,ERR,ERR,ERR,ERR,ERR,ERR,ERR,ERR,ERR,ERR,ERR,ERR,ERR,ERR,ERR,60.0,60.0,35,0.0,0.0,0.0,0.0,0.0,0.0,0.0,0.0,0.0,0.0,0.0,0.0,0.0,0.0,0.0,0.0,65.2,0,128,61,48,65476,0,65476,1,4,4,20529,65476,0,0,2621,60.0,0.0,0.0,0.0,0.0,0.0
2026-07-09T15:05:14,ERR,ERR,ERR,ERR,ERR,ERR,ERR,ERR,ERR,ERR,ERR,ERR,ERR,ERR,ERR,ERR,ERR,ERR,ERR,ERR,ERR,ERR,ERR,ERR,ERR,ERR,ERR,ERR,ERR,ERR,ERR,ERR,ERR,ERR,ERR,ERR,ERR,ERR,ERR,ERR,ERR,ERR,ERR,ERR,ERR,ERR,ERR,ERR,ERR,ERR,ERR,ERR,ERR,ERR,ERR,ERR,ERR,ERR,ERR,ERR,ERR,ERR,ERR,ERR,ERR,ERR,ERR,ERR,ERR,ERR,ERR,ERR,ERR,ERR,ERR,ERR,ERR,ERR,ERR,ERR,ERR,ERR,ERR,ERR,ERR,ERR,ERR,ERR,ERR,ERR,ERR,ERR,ERR,ERR,ERR,ERR,ERR,ERR,ERR,ERR,ERR,ERR,ERR,ERR,ERR,ERR,ERR,ERR,ERR,ERR,ERR,ERR,ERR,ERR,ERR,ERR,ERR,ERR,ERR,ERR,ERR,ERR,ERR,ERR,ERR,0.0,0.0,0.0,0.0,-0.0,0.0,-6.546298102990466e+24,-0.0,0,0,4,17407,7116,0.0,100,0.0,0.0,-0.0,0.0,0.0,0,0,0,0,0.0,0,0,0,0,0,0,0,0,0,0,0,0,0,0,0,0,0,0,0,0,0,0,0,0,0,0,0,0,0,0,0,0,0,31,40,40,71,65476,0,300,0,0,8,21553,0.0,-107605600.0,0.0,0.0,0.0,0.0,0.0,0.0,0.0,0.0,0.0,0.0,0.0,0.0,0.0,0.0,0.0,0.0,0.0,0.0,0.0,0.0,2.004,-0.0,0.0,0.0,0.0,0.0,0.0,0.0,4594.0,2.004,6920.0,0.0,2.7184431713790035e+23,2.004,2.004,0.0,0.0,0.0,0.0,69,107615232.0,1.9056830021894144e+17,0.0,0.0,0.0,0.0,0.0,0.0,0.0,0,0,0,0.0,0.0,0.0,0.0,0.0,0.0,0.0,0.0,0.0,0.0,0.0,0.0,0.0,0.0,0.0,0.0,0,-107875648.0,69,0.0,138,0.0,2.012,ERR,ERR,ERR,ERR,ERR,ERR,ERR,ERR,ERR,ERR,ERR,ERR,ERR,ERR,ERR,ERR,ERR,ERR,ERR,ERR,ERR,ERR,ERR,ERR,ERR,ERR,ERR,ERR,ERR,ERR,ERR,ERR,ERR,ERR,ERR,ERR,ERR,ERR,ERR,ERR,ERR,ERR,ERR,ERR,ERR,ERR,ERR,ERR,ERR,ERR,ERR,ERR,ERR,ERR,ERR,ERR,ERR,ERR,ERR,ERR,ERR,ERR,ERR,ERR,ERR,ERR,ERR,60.0,60.0,35,0.0,0.0,0.0,0.0,0.0,0.0,0.0,0.0,0.0,0.0,0.0,0.0,0.0,0.0,0.0,0.0,65.2,0,128,61,48,65476,0,65476,1,4,4,20529,65476,0,0,2621,60.0,0.0,0.0,0.0,0.0,0.0
2026-07-09T15:05:15,ERR,ERR,ERR,ERR,ERR,ERR,ERR,ERR,ERR,ERR,ERR,ERR,ERR,ERR,ERR,ERR,ERR,ERR,ERR,ERR,ERR,ERR,ERR,ERR,ERR,ERR,ERR,ERR,ERR,ERR,ERR,ERR,ERR,ERR,ERR,ERR,ERR,ERR,ERR,ERR,ERR,ERR,ERR,ERR,ERR,ERR,ERR,ERR,ERR,ERR,ERR,ERR,ERR,ERR,ERR,ERR,ERR,ERR,ERR,ERR,ERR,ERR,ERR,ERR,ERR,ERR,ERR,ERR,ERR,ERR,ERR,ERR,ERR,ERR,ERR,ERR,ERR,ERR,ERR,ERR,ERR,ERR,ERR,ERR,ERR,ERR,ERR,ERR,ERR,ERR,ERR,ERR,ERR,ERR,ERR,ERR,ERR,ERR,ERR,ERR,ERR,ERR,ERR,ERR,ERR,ERR,ERR,ERR,ERR,ERR,ERR,ERR,ERR,ERR,ERR,ERR,ERR,ERR,ERR,ERR,ERR,ERR,ERR,ERR,ERR,0.0,0.0,0.0,0.0,-0.0,0.0,-6.546298102990466e+24,-0.0,0,0,4,17407,7116,0.0,100,0.0,0.0,-0.0,0.0,0.0,0,0,0,0,0.0,0,0,0,0,0,0,0,0,0,0,0,0,0,0,0,0,0,0,0,0,0,0,0,0,0,0,0,0,0,0,0,0,0,31,40,40,71,65476,0,300,0,0,8,21553,0.0,-107605600.0,0.0,0.0,0.0,0.0,0.0,0.0,0.0,0.0,0.0,0.0,0.0,0.0,0.0,0.0,0.0,0.0,0.0,0.0,0.0,0.0,2.004,-0.0,0.0,0.0,0.0,0.0,0.0,0.0,4594.0,2.004,6920.0,0.0,2.7184431713790035e+23,2.004,2.004,0.0,0.0,0.0,0.0,69,107615232.0,1.9056830021894144e+17,0.0,0.0,0.0,0.0,0.0,0.0,0.0,0,0,0,0.0,0.0,0.0,0.0,0.0,0.0,0.0,0.0,0.0,0.0,0.0,0.0,0.0,0.0,0.0,0.0,0,-107875648.0,69,0.0,138,0.0,2.012,ERR,ERR,ERR,ERR,ERR,ERR,ERR,ERR,ERR,ERR,ERR,ERR,ERR,ERR,ERR,ERR,ERR,ERR,ERR,ERR,ERR,ERR,ERR,ERR,ERR,ERR,ERR,ERR,ERR,ERR,ERR,ERR,ERR,ERR,ERR,ERR,ERR,ERR,ERR,ERR,ERR,ERR,ERR,ERR,ERR,ERR,ERR,ERR,ERR,ERR,ERR,ERR,ERR,ERR,ERR,ERR,ERR,ERR,ERR,ERR,ERR,ERR,ERR,ERR,ERR,ERR,ERR,60.0,60.0,35,0.0,0.0,0.0,0.0,0.0,0.0,0.0,0.0,0.0,0.0,0.0,0.0,0.0,0.0,0.0,0.0,65.2,0,128,61,48,65476,0,65476,1,4,4,20529,65476,0,0,2621,60.0,0.0,0.0,0.0,0.0,0.0
2026-07-09T15:05:16,ERR,ERR,ERR,ERR,ERR,ERR,ERR,ERR,ERR,ERR,ERR,ERR,ERR,ERR,ERR,ERR,ERR,ERR,ERR,ERR,ERR,ERR,ERR,ERR,ERR,ERR,ERR,ERR,ERR,ERR,ERR,ERR,ERR,ERR,ERR,ERR,ERR,ERR,ERR,ERR,ERR,ERR,ERR,ERR,ERR,ERR,ERR,ERR,ERR,ERR,ERR,ERR,ERR,ERR,ERR,ERR,ERR,ERR,ERR,ERR,ERR,ERR,ERR,ERR,ERR,ERR,ERR,ERR,ERR,ERR,ERR,ERR,ERR,ERR,ERR,ERR,ERR,ERR,ERR,ERR,ERR,ERR,ERR,ERR,ERR,ERR,ERR,ERR,ERR,ERR,ERR,ERR,ERR,ERR,ERR,ERR,ERR,ERR,ERR,ERR,ERR,ERR,ERR,ERR,ERR,ERR,ERR,ERR,ERR,ERR,ERR,ERR,ERR,ERR,ERR,ERR,ERR,ERR,ERR,ERR,ERR,ERR,ERR,ERR,ERR,0.0,0.0,0.0,0.0,-0.0,0.0,-6.546298102990466e+24,-0.0,0,0,4,17407,7116,0.0,100,0.0,0.0,-0.0,0.0,0.0,0,0,0,0,0.0,0,0,0,0,0,0,0,0,0,0,0,0,0,0,0,0,0,0,0,0,0,0,0,0,0,0,0,0,0,0,0,0,0,31,40,40,71,65476,0,300,0,0,8,21553,0.0,-107605600.0,0.0,0.0,0.0,0.0,0.0,0.0,0.0,0.0,0.0,0.0,0.0,0.0,0.0,0.0,0.0,0.0,0.0,0.0,0.0,0.0,2.004,-0.0,0.0,0.0,0.0,0.0,0.0,0.0,4594.0,2.004,6920.0,0.0,2.7184431713790035e+23,2.004,2.004,0.0,0.0,0.0,0.0,69,107615232.0,1.9056830021894144e+17,0.0,0.0,0.0,0.0,0.0,0.0,0.0,0,0,0,0.0,0.0,0.0,0.0,0.0,0.0,0.0,0.0,0.0,0.0,0.0,0.0,0.0,0.0,0.0,0.0,0,-107875648.0,69,0.0,138,0.0,2.012,ERR,ERR,ERR,ERR,ERR,ERR,ERR,ERR,ERR,ERR,ERR,ERR,ERR,ERR,ERR,ERR,ERR,ERR,ERR,ERR,ERR,ERR,ERR,ERR,ERR,ERR,ERR,ERR,ERR,ERR,ERR,ERR,ERR,ERR,ERR,ERR,ERR,ERR,ERR,ERR,ERR,ERR,ERR,ERR,ERR,ERR,ERR,ERR,ERR,ERR,ERR,ERR,ERR,ERR,ERR,ERR,ERR,ERR,ERR,ERR,ERR,ERR,ERR,ERR,ERR,ERR,ERR,60.0,60.0,35,0.0,0.0,0.0,0.0,0.0,0.0,0.0,0.0,0.0,0.0,0.0,0.0,0.0,0.0,0.0,0.0,65.2,0,127,61,48,65476,0,65476,1,4,4,20529,65476,0,0,2621,60.0,0.0,0.0,0.0,0.0,0.0
2026-07-09T15:05:17,ERR,ERR,ERR,ERR,ERR,ERR,ERR,ERR,ERR,ERR,ERR,ERR,ERR,ERR,ERR,ERR,ERR,ERR,ERR,ERR,ERR,ERR,ERR,ERR,ERR,ERR,ERR,ERR,ERR,ERR,ERR,ERR,ERR,ERR,ERR,ERR,ERR,ERR,ERR,ERR,ERR,ERR,ERR,ERR,ERR,ERR,ERR,ERR,ERR,ERR,ERR,ERR,ERR,ERR,ERR,ERR,ERR,ERR,ERR,ERR,ERR,ERR,ERR,ERR,ERR,ERR,ERR,ERR,ERR,ERR,ERR,ERR,ERR,ERR,ERR,ERR,ERR,ERR,ERR,ERR,ERR,ERR,ERR,ERR,ERR,ERR,ERR,ERR,ERR,ERR,ERR,ERR,ERR,ERR,ERR,ERR,ERR,ERR,ERR,ERR,ERR,ERR,ERR,ERR,ERR,ERR,ERR,ERR,ERR,ERR,ERR,ERR,ERR,ERR,ERR,ERR,ERR,ERR,ERR,ERR,ERR,ERR,ERR,ERR,ERR,0.0,0.0,0.0,0.0,-0.0,0.0,-6.546298102990466e+24,-0.0,0,0,4,17407,7116,0.0,100,0.0,0.0,-0.0,0.0,0.0,0,0,0,0,0.0,0,0,0,0,0,0,0,0,0,0,0,0,0,0,0,0,0,0,0,0,0,0,0,0,0,0,0,0,0,0,0,0,0,31,40,40,71,65476,0,300,0,0,8,21553,0.0,-107605600.0,0.0,0.0,0.0,0.0,0.0,0.0,0.0,0.0,0.0,0.0,0.0,0.0,0.0,0.0,0.0,0.0,0.0,0.0,0.0,0.0,2.004,-0.0,0.0,0.0,0.0,0.0,0.0,0.0,4594.0,2.004,6920.0,0.0,2.7184431713790035e+23,2.004,2.004,0.0,0.0,0.0,0.0,69,107615232.0,1.9056830021894144e+17,0.0,0.0,0.0,0.0,0.0,0.0,0.0,0,0,0,0.0,0.0,0.0,0.0,0.0,0.0,0.0,0.0,0.0,0.0,0.0,0.0,0.0,0.0,0.0,0.0,0,-107875648.0,69,0.0,138,0.0,2.012,ERR,ERR,ERR,ERR,ERR,ERR,ERR,ERR,ERR,ERR,ERR,ERR,ERR,ERR,ERR,ERR,ERR,ERR,ERR,ERR,ERR,ERR,ERR,ERR,ERR,ERR,ERR,ERR,ERR,ERR,ERR,ERR,ERR,ERR,ERR,ERR,ERR,ERR,ERR,ERR,ERR,ERR,ERR,ERR,ERR,ERR,ERR,ERR,ERR,ERR,ERR,ERR,ERR,ERR,ERR,ERR,ERR,ERR,ERR,ERR,ERR,ERR,ERR,ERR,ERR,ERR,ERR,60.0,60.0,35,0.0,0.0,0.0,0.0,0.0,0.0,0.0,0.0,0.0,0.0,0.0,0.0,0.0,0.0,0.0,0.0,65.2,0,127,61,48,65476,0,65476,1,4,4,20529,65476,0,0,2621,60.0,0.0,0.0,0.0,0.0,0.0
2026-07-09T15:05:18,ERR,ERR,ERR,ERR,ERR,ERR,ERR,ERR,ERR,ERR,ERR,ERR,ERR,ERR,ERR,ERR,ERR,ERR,ERR,ERR,ERR,ERR,ERR,ERR,ERR,ERR,ERR,ERR,ERR,ERR,ERR,ERR,ERR,ERR,ERR,ERR,ERR,ERR,ERR,ERR,ERR,ERR,ERR,ERR,ERR,ERR,ERR,ERR,ERR,ERR,ERR,ERR,ERR,ERR,ERR,ERR,ERR,ERR,ERR,ERR,ERR,ERR,ERR,ERR,ERR,ERR,ERR,ERR,ERR,ERR,ERR,ERR,ERR,ERR,ERR,ERR,ERR,ERR,ERR,ERR,ERR,ERR,ERR,ERR,ERR,ERR,ERR,ERR,ERR,ERR,ERR,ERR,ERR,ERR,ERR,ERR,ERR,ERR,ERR,ERR,ERR,ERR,ERR,ERR,ERR,ERR,ERR,ERR,ERR,ERR,ERR,ERR,ERR,ERR,ERR,ERR,ERR,ERR,ERR,ERR,ERR,ERR,ERR,ERR,ERR,0.0,-0.0,0.0,0.0,-16.16,0.0,-1306.233,0.001,0,0,4,17409,7116,0.0,100,0.0,0.0,0.0,0.0,0.0,0,0,0,0,0.0,0,0,0,0,0,0,0,0,0,0,0,0,0,0,0,0,0,0,0,0,0,0,0,0,0,0,0,0,0,0,0,0,0,31,40,40,71,65476,0,300,0,0,8,21553,0.0,-107605600.0,0.0,0.0,0.0,0.0,0.0,0.0,0.0,0.0,0.0,0.0,0.0,0.0,0.0,0.0,0.0,0.0,0.0,0.0,0.0,0.0,2.004,-2.004,0.0,0.0,0.0,0.0,0.0,0.0,4580.0,0.0,6913.0,0.0,-0.0,2.004,2.004,0.0,0.0,0.0,0.0,69,0.0,0.0,0.0,0.0,0.0,0.0,0.0,0.0,0.0,0,0,0,0.0,0.0,0.0,0.0,0.0,0.0,0.0,0.0,0.0,0.0,0.0,0.0,0.0,0.0,0.0,0.0,0,-107875648.0,69,0.0,138,0.0,2.012,ERR,ERR,ERR,ERR,ERR,ERR,ERR,ERR,ERR,ERR,ERR,ERR,ERR,ERR,ERR,ERR,ERR,ERR,ERR,ERR,ERR,ERR,ERR,ERR,ERR,ERR,ERR,ERR,ERR,ERR,ERR,ERR,ERR,ERR,ERR,ERR,ERR,ERR,ERR,ERR,ERR,ERR,ERR,ERR,ERR,ERR,ERR,ERR,ERR,ERR,ERR,ERR,ERR,ERR,ERR,ERR,ERR,ERR,ERR,ERR,ERR,ERR,ERR,ERR,ERR,ERR,ERR,60.0,60.0,35,0.0,0.0,0.0,0.0,0.0,0.0,0.0,0.0,0.0,0.0,0.0,0.0,0.0,0.0,0.0,0.0,65.2,0,127,61,47,65476,0,65476,1,4,4,20529,65476,0,0,2621,60.0,0.0,0.0,0.0,0.0,0.0
2026-07-09T15:05:19,ERR,ERR,ERR,ERR,ERR,ERR,ERR,ERR,ERR,ERR,ERR,ERR,ERR,ERR,ERR,ERR,ERR,ERR,ERR,ERR,ERR,ERR,ERR,ERR,ERR,ERR,ERR,ERR,ERR,ERR,ERR,ERR,ERR,ERR,ERR,ERR,ERR,ERR,ERR,ERR,ERR,ERR,ERR,ERR,ERR,ERR,ERR,ERR,ERR,ERR,ERR,ERR,ERR,ERR,ERR,ERR,ERR,ERR,ERR,ERR,ERR,ERR,ERR,ERR,ERR,ERR,ERR,ERR,ERR,ERR,ERR,ERR,ERR,ERR,ERR,ERR,ERR,ERR,ERR,ERR,ERR,ERR,ERR,ERR,ERR,ERR,ERR,ERR,ERR,ERR,ERR,ERR,ERR,ERR,ERR,ERR,ERR,ERR,ERR,ERR,ERR,ERR,ERR,ERR,ERR,ERR,ERR,ERR,ERR,ERR,ERR,ERR,ERR,ERR,ERR,ERR,ERR,ERR,ERR,ERR,ERR,ERR,ERR,ERR,ERR,0.0,-0.0,0.0,0.0,-16.16,0.0,-1306.233,0.001,0,0,4,17409,7116,0.0,100,0.0,0.0,0.0,0.0,0.0,0,0,0,0,0.0,0,0,0,0,0,0,0,0,0,0,0,0,0,0,0,0,0,0,0,0,0,0,0,0,0,0,0,0,0,0,0,0,0,31,40,40,71,65476,0,300,0,0,8,21553,0.0,-107605600.0,0.0,0.0,0.0,0.0,0.0,0.0,0.0,0.0,0.0,0.0,0.0,0.0,0.0,0.0,0.0,0.0,0.0,0.0,0.0,0.0,2.004,-2.004,0.0,0.0,0.0,0.0,0.0,0.0,4580.0,0.0,6913.0,0.0,-0.0,2.004,2.004,0.0,0.0,0.0,0.0,69,0.0,0.0,0.0,0.0,0.0,0.0,0.0,0.0,0.0,0,0,0,0.0,0.0,0.0,0.0,0.0,0.0,0.0,0.0,0.0,0.0,0.0,0.0,0.0,0.0,0.0,0.0,0,-107875648.0,69,0.0,138,0.0,2.012,ERR,ERR,ERR,ERR,ERR,ERR,ERR,ERR,ERR,ERR,ERR,ERR,ERR,ERR,ERR,ERR,ERR,ERR,ERR,ERR,ERR,ERR,ERR,ERR,ERR,ERR,ERR,ERR,ERR,ERR,ERR,ERR,ERR,ERR,ERR,ERR,ERR,ERR,ERR,ERR,ERR,ERR,ERR,ERR,ERR,ERR,ERR,ERR,ERR,ERR,ERR,ERR,ERR,ERR,ERR,ERR,ERR,ERR,ERR,ERR,ERR,ERR,ERR,ERR,ERR,ERR,ERR,60.0,60.0,35,0.0,0.0,0.0,0.0,0.0,0.0,0.0,0.0,0.0,0.0,0.0,0.0,0.0,0.0,0.0,0.0,65.2,0,127,61,47,65476,0,65476,1,4,4,20529,65476,0,0,2621,60.0,0.0,0.0,0.0,0.0,0.0
2026-07-09T15:05:20,ERR,ERR,ERR,ERR,ERR,ERR,ERR,ERR,ERR,ERR,ERR,ERR,ERR,ERR,ERR,ERR,ERR,ERR,ERR,ERR,ERR,ERR,ERR,ERR,ERR,ERR,ERR,ERR,ERR,ERR,ERR,ERR,ERR,ERR,ERR,ERR,ERR,ERR,ERR,ERR,ERR,ERR,ERR,ERR,ERR,ERR,ERR,ERR,ERR,ERR,ERR,ERR,ERR,ERR,ERR,ERR,ERR,ERR,ERR,ERR,ERR,ERR,ERR,ERR,ERR,ERR,ERR,ERR,ERR,ERR,ERR,ERR,ERR,ERR,ERR,ERR,ERR,ERR,ERR,ERR,ERR,ERR,ERR,ERR,ERR,ERR,ERR,ERR,ERR,ERR,ERR,ERR,ERR,ERR,ERR,ERR,ERR,ERR,ERR,ERR,ERR,ERR,ERR,ERR,ERR,ERR,ERR,ERR,ERR,ERR,ERR,ERR,ERR,ERR,ERR,ERR,ERR,ERR,ERR,ERR,ERR,ERR,ERR,ERR,ERR,0.0,-0.0,0.0,0.0,-16.16,0.0,-1306.233,0.001,0,0,4,17409,7116,0.0,100,0.0,0.0,0.0,0.0,0.0,0,0,0,0,0.0,0,0,0,0,0,0,0,0,0,0,0,0,0,0,0,0,0,0,0,0,0,0,0,0,0,0,0,0,0,0,0,0,0,31,40,40,71,65476,0,300,0,0,8,21553,0.0,-107605600.0,0.0,0.0,0.0,0.0,0.0,0.0,0.0,0.0,0.0,0.0,0.0,0.0,0.0,0.0,0.0,0.0,0.0,0.0,0.0,0.0,2.004,-2.004,0.0,0.0,0.0,0.0,0.0,0.0,4580.0,0.0,6913.0,0.0,-0.0,2.004,2.004,0.0,0.0,0.0,0.0,69,0.0,0.0,0.0,0.0,0.0,0.0,0.0,0.0,0.0,0,0,0,0.0,0.0,0.0,0.0,0.0,0.0,0.0,0.0,0.0,0.0,0.0,0.0,0.0,0.0,0.0,0.0,0,-107875648.0,69,0.0,138,0.0,2.012,ERR,ERR,ERR,ERR,ERR,ERR,ERR,ERR,ERR,ERR,ERR,ERR,ERR,ERR,ERR,ERR,ERR,ERR,ERR,ERR,ERR,ERR,ERR,ERR,ERR,ERR,ERR,ERR,ERR,ERR,ERR,ERR,ERR,ERR,ERR,ERR,ERR,ERR,ERR,ERR,ERR,ERR,ERR,ERR,ERR,ERR,ERR,ERR,ERR,ERR,ERR,ERR,ERR,ERR,ERR,ERR,ERR,ERR,ERR,ERR,ERR,ERR,ERR,ERR,ERR,ERR,ERR,60.0,60.0,35,0.0,0.0,0.0,0.0,0.0,0.0,0.0,0.0,0.0,0.0,0.0,0.0,0.0,0.0,0.0,0.0,65.2,0,127,61,47,65476,0,65476,1,4,4,20529,65476,0,0,2621,60.0,0.0,0.0,0.0,0.0,0.0
2026-07-09T15:05:21,ERR,ERR,ERR,ERR,ERR,ERR,ERR,ERR,ERR,ERR,ERR,ERR,ERR,ERR,ERR,ERR,ERR,ERR,ERR,ERR,ERR,ERR,ERR,ERR,ERR,ERR,ERR,ERR,ERR,ERR,ERR,ERR,ERR,ERR,ERR,ERR,ERR,ERR,ERR,ERR,ERR,ERR,ERR,ERR,ERR,ERR,ERR,ERR,ERR,ERR,ERR,ERR,ERR,ERR,ERR,ERR,ERR,ERR,ERR,ERR,ERR,ERR,ERR,ERR,ERR,ERR,ERR,ERR,ERR,ERR,ERR,ERR,ERR,ERR,ERR,ERR,ERR,ERR,ERR,ERR,ERR,ERR,ERR,ERR,ERR,ERR,ERR,ERR,ERR,ERR,ERR,ERR,ERR,ERR,ERR,ERR,ERR,ERR,ERR,ERR,ERR,ERR,ERR,ERR,ERR,ERR,ERR,ERR,ERR,ERR,ERR,ERR,ERR,ERR,ERR,ERR,ERR,ERR,ERR,ERR,ERR,ERR,ERR,ERR,ERR,0.0,-0.0,0.0,0.0,-16.16,0.0,-1306.233,0.001,0,0,4,17409,7116,0.0,100,0.0,0.0,0.0,0.0,0.0,0,0,0,0,0.0,0,0,0,0,0,0,0,0,0,0,0,0,0,0,0,0,0,0,0,0,0,0,0,0,0,0,0,0,0,0,0,0,0,31,40,40,71,65476,0,300,0,0,8,21553,0.0,-107605600.0,0.0,0.0,0.0,0.0,0.0,0.0,0.0,0.0,0.0,0.0,0.0,0.0,0.0,0.0,0.0,0.0,0.0,0.0,0.0,0.0,2.004,-2.004,0.0,0.0,0.0,0.0,0.0,0.0,4580.0,0.0,6913.0,0.0,-0.0,2.004,2.004,0.0,0.0,0.0,0.0,69,0.0,0.0,0.0,0.0,0.0,0.0,0.0,0.0,0.0,0,0,0,0.0,0.0,0.0,0.0,0.0,0.0,0.0,0.0,0.0,0.0,0.0,0.0,0.0,0.0,0.0,0.0,0,-107875648.0,69,0.0,138,0.0,2.012,ERR,ERR,ERR,ERR,ERR,ERR,ERR,ERR,ERR,ERR,ERR,ERR,ERR,ERR,ERR,ERR,ERR,ERR,ERR,ERR,ERR,ERR,ERR,ERR,ERR,ERR,ERR,ERR,ERR,ERR,ERR,ERR,ERR,ERR,ERR,ERR,ERR,ERR,ERR,ERR,ERR,ERR,ERR,ERR,ERR,ERR,ERR,ERR,ERR,ERR,ERR,ERR,ERR,ERR,ERR,ERR,ERR,ERR,ERR,ERR,ERR,ERR,ERR,ERR,ERR,ERR,ERR,60.0,60.0,35,0.0,0.0,0.0,0.0,0.0,0.0,0.0,0.0,0.0,0.0,0.0,0.0,0.0,0.0,0.0,0.0,65.2,0,127,61,47,65476,0,65476,1,4,4,20529,65476,0,0,2621,60.0,0.0,0.0,0.0,0.0,0.0
2026-07-09T15:05:22,ERR,ERR,ERR,ERR,ERR,ERR,ERR,ERR,ERR,ERR,ERR,ERR,ERR,ERR,ERR,ERR,ERR,ERR,ERR,ERR,ERR,ERR,ERR,ERR,ERR,ERR,ERR,ERR,ERR,ERR,ERR,ERR,ERR,ERR,ERR,ERR,ERR,ERR,ERR,ERR,ERR,ERR,ERR,ERR,ERR,ERR,ERR,ERR,ERR,ERR,ERR,ERR,ERR,ERR,ERR,ERR,ERR,ERR,ERR,ERR,ERR,ERR,ERR,ERR,ERR,ERR,ERR,ERR,ERR,ERR,ERR,ERR,ERR,ERR,ERR,ERR,ERR,ERR,ERR,ERR,ERR,ERR,ERR,ERR,ERR,ERR,ERR,ERR,ERR,ERR,ERR,ERR,ERR,ERR,ERR,ERR,ERR,ERR,ERR,ERR,ERR,ERR,ERR,ERR,ERR,ERR,ERR,ERR,ERR,ERR,ERR,ERR,ERR,ERR,ERR,ERR,ERR,ERR,ERR,ERR,ERR,ERR,ERR,ERR,ERR,0.0,-0.0,0.0,0.0,-16.16,0.0,-1306.233,0.001,0,0,4,17409,7116,0.0,100,0.0,0.0,0.0,0.0,0.0,0,0,0,0,0.0,0,0,0,0,0,0,0,0,0,0,0,0,0,0,0,0,0,0,0,0,0,0,0,0,0,0,0,0,0,0,0,0,0,31,40,40,71,65476,0,300,0,0,8,21553,0.0,-107605600.0,0.0,0.0,0.0,0.0,0.0,0.0,0.0,0.0,0.0,0.0,0.0,0.0,0.0,0.0,0.0,0.0,0.0,0.0,0.0,0.0,2.004,-2.004,0.0,0.0,0.0,0.0,0.0,0.0,4580.0,0.0,6913.0,0.0,-0.0,2.004,2.004,0.0,0.0,0.0,0.0,69,0.0,0.0,0.0,0.0,0.0,0.0,0.0,0.0,0.0,0,0,0,0.0,0.0,0.0,0.0,0.0,0.0,0.0,0.0,0.0,0.0,0.0,0.0,0.0,0.0,0.0,0.0,0,-107875648.0,69,0.0,138,0.0,2.012,ERR,ERR,ERR,ERR,ERR,ERR,ERR,ERR,ERR,ERR,ERR,ERR,ERR,ERR,ERR,ERR,ERR,ERR,ERR,ERR,ERR,ERR,ERR,ERR,ERR,ERR,ERR,ERR,ERR,ERR,ERR,ERR,ERR,ERR,ERR,ERR,ERR,ERR,ERR,ERR,ERR,ERR,ERR,ERR,ERR,ERR,ERR,ERR,ERR,ERR,ERR,ERR,ERR,ERR,ERR,ERR,ERR,ERR,ERR,ERR,ERR,ERR,ERR,ERR,ERR,ERR,ERR,60.0,60.0,35,0.0,0.0,0.0,0.0,0.0,0.0,0.0,0.0,0.0,0.0,0.0,0.0,0.0,0.0,0.0,0.0,65.2,0,127,61,47,65476,0,65476,1,4,4,20529,65476,0,0,2621,60.0,0.0,0.0,0.0,0.0,0.0
2026-07-09T15:05:23,ERR,ERR,ERR,ERR,ERR,ERR,ERR,ERR,ERR,ERR,ERR,ERR,ERR,ERR,ERR,ERR,ERR,ERR,ERR,ERR,ERR,ERR,ERR,ERR,ERR,ERR,ERR,ERR,ERR,ERR,ERR,ERR,ERR,ERR,ERR,ERR,ERR,ERR,ERR,ERR,ERR,ERR,ERR,ERR,ERR,ERR,ERR,ERR,ERR,ERR,ERR,ERR,ERR,ERR,ERR,ERR,ERR,ERR,ERR,ERR,ERR,ERR,ERR,ERR,ERR,ERR,ERR,ERR,ERR,ERR,ERR,ERR,ERR,ERR,ERR,ERR,ERR,ERR,ERR,ERR,ERR,ERR,ERR,ERR,ERR,ERR,ERR,ERR,ERR,ERR,ERR,ERR,ERR,ERR,ERR,ERR,ERR,ERR,ERR,ERR,ERR,ERR,ERR,ERR,ERR,ERR,ERR,ERR,ERR,ERR,ERR,ERR,ERR,ERR,ERR,ERR,ERR,ERR,ERR,ERR,ERR,ERR,ERR,ERR,ERR,-0.0,-107615928.0,0.0,0.0,-16.035,-5.269171186867715e+28,1.2335714262579946e+33,7.061473078931098e+22,0,0,4,17405,7116,0.0,100,0.0,0.0,0.0,0.0,0.0,0,0,0,0,0.0,0,0,0,0,0,0,0,0,0,0,0,0,0,0,0,0,0,0,0,0,0,0,0,0,0,0,0,0,0,0,0,0,0,31,40,40,71,65476,0,300,0,0,8,21553,0.0,-107605600.0,0.0,0.0,0.0,0.0,0.0,0.0,0.0,0.0,0.0,0.0,0.0,0.0,0.0,0.0,0.0,0.0,0.0,0.0,0.0,0.0,-0.0,-3.697063867931689e+19,0.0,0.0,0.0,0.0,0.0,0.0,4560.0,-0.0,6934.0,-0.0,-107615928.0,2.004,2.004,0.0,0.0,0.0,0.0,69,0.0,-0.0,0.0,0.0,0.0,0.0,0.0,0.0,0.0,0,0,0,0.0,0.0,0.0,0.0,0.0,0.0,0.0,0.0,0.0,0.0,0.0,0.0,0.0,0.0,0.0,0.0,0,-107875648.0,69,0.0,138,0.0,2.012,ERR,ERR,ERR,ERR,ERR,ERR,ERR,ERR,ERR,ERR,ERR,ERR,ERR,ERR,ERR,ERR,ERR,ERR,ERR,ERR,ERR,ERR,ERR,ERR,ERR,ERR,ERR,ERR,ERR,ERR,ERR,ERR,ERR,ERR,ERR,ERR,ERR,ERR,ERR,ERR,ERR,ERR,ERR,ERR,ERR,ERR,ERR,ERR,ERR,ERR,ERR,ERR,ERR,ERR,ERR,ERR,ERR,ERR,ERR,ERR,ERR,ERR,ERR,ERR,ERR,ERR,ERR,60.0,60.0,35,0.0,0.0,0.0,0.0,0.0,0.0,0.0,0.0,0.0,0.0,0.0,0.0,0.0,0.0,0.0,0.0,65.2,0,127,61,47,65476,0,65476,1,4,4,20529,65476,0,0,2621,60.0,0.0,0.0,0.0,0.0,0.0
2026-07-09T15:05:24,ERR,ERR,ERR,ERR,ERR,ERR,ERR,ERR,ERR,ERR,ERR,ERR,ERR,ERR,ERR,ERR,ERR,ERR,ERR,ERR,ERR,ERR,ERR,ERR,ERR,ERR,ERR,ERR,ERR,ERR,ERR,ERR,ERR,ERR,ERR,ERR,ERR,ERR,ERR,ERR,ERR,ERR,ERR,ERR,ERR,ERR,ERR,ERR,ERR,ERR,ERR,ERR,ERR,ERR,ERR,ERR,ERR,ERR,ERR,ERR,ERR,ERR,ERR,ERR,ERR,ERR,ERR,ERR,ERR,ERR,ERR,ERR,ERR,ERR,ERR,ERR,ERR,ERR,ERR,ERR,ERR,ERR,ERR,ERR,ERR,ERR,ERR,ERR,ERR,ERR,ERR,ERR,ERR,ERR,ERR,ERR,ERR,ERR,ERR,ERR,ERR,ERR,ERR,ERR,ERR,ERR,ERR,ERR,ERR,ERR,ERR,ERR,ERR,ERR,ERR,ERR,ERR,ERR,ERR,ERR,ERR,ERR,ERR,ERR,ERR,-0.0,-107615928.0,0.0,0.0,-16.035,-5.269171186867715e+28,1.2335714262579946e+33,7.061473078931098e+22,0,0,4,17405,7116,0.0,100,0.0,0.0,0.0,0.0,0.0,0,0,0,0,0.0,0,0,0,0,0,0,0,0,0,0,0,0,0,0,0,0,0,0,0,0,0,0,0,0,0,0,0,0,0,0,0,0,0,31,40,40,71,65476,0,300,0,0,8,21553,0.0,-107605600.0,0.0,0.0,0.0,0.0,0.0,0.0,0.0,0.0,0.0,0.0,0.0,0.0,0.0,0.0,0.0,0.0,0.0,0.0,0.0,0.0,-0.0,-3.697063867931689e+19,0.0,0.0,0.0,0.0,0.0,0.0,4560.0,-0.0,6934.0,-0.0,-107615928.0,2.004,2.004,0.0,0.0,0.0,0.0,69,0.0,-0.0,0.0,0.0,0.0,0.0,0.0,0.0,0.0,0,0,0,0.0,0.0,0.0,0.0,0.0,0.0,0.0,0.0,0.0,0.0,0.0,0.0,0.0,0.0,0.0,0.0,0,-107875648.0,69,0.0,138,0.0,2.012,ERR,ERR,ERR,ERR,ERR,ERR,ERR,ERR,ERR,ERR,ERR,ERR,ERR,ERR,ERR,ERR,ERR,ERR,ERR,ERR,ERR,ERR,ERR,ERR,ERR,ERR,ERR,ERR,ERR,ERR,ERR,ERR,ERR,ERR,ERR,ERR,ERR,ERR,ERR,ERR,ERR,ERR,ERR,ERR,ERR,ERR,ERR,ERR,ERR,ERR,ERR,ERR,ERR,ERR,ERR,ERR,ERR,ERR,ERR,ERR,ERR,ERR,ERR,ERR,ERR,ERR,ERR,60.0,60.0,35,0.0,0.0,0.0,0.0,0.0,0.0,0.0,0.0,0.0,0.0,0.0,0.0,0.0,0.0,0.0,0.0,65.2,0,127,61,47,65476,0,65476,1,4,4,20529,65476,0,0,2621,60.0,0.0,0.0,0.0,0.0,0.0
2026-07-09T15:05:25,ERR,ERR,ERR,ERR,ERR,ERR,ERR,ERR,ERR,ERR,ERR,ERR,ERR,ERR,ERR,ERR,ERR,ERR,ERR,ERR,ERR,ERR,ERR,ERR,ERR,ERR,ERR,ERR,ERR,ERR,ERR,ERR,ERR,ERR,ERR,ERR,ERR,ERR,ERR,ERR,ERR,ERR,ERR,ERR,ERR,ERR,ERR,ERR,ERR,ERR,ERR,ERR,ERR,ERR,ERR,ERR,ERR,ERR,ERR,ERR,ERR,ERR,ERR,ERR,ERR,ERR,ERR,ERR,ERR,ERR,ERR,ERR,ERR,ERR,ERR,ERR,ERR,ERR,ERR,ERR,ERR,ERR,ERR,ERR,ERR,ERR,ERR,ERR,ERR,ERR,ERR,ERR,ERR,ERR,ERR,ERR,ERR,ERR,ERR,ERR,ERR,ERR,ERR,ERR,ERR,ERR,ERR,ERR,ERR,ERR,ERR,ERR,ERR,ERR,ERR,ERR,ERR,ERR,ERR,ERR,ERR,ERR,ERR,ERR,ERR,-0.0,-107615928.0,0.0,0.0,-16.035,-5.269171186867715e+28,1.2335714262579946e+33,7.061473078931098e+22,0,0,4,17405,7116,0.0,100,0.0,0.0,0.0,0.0,0.0,0,0,0,0,0.0,0,0,0,0,0,0,0,0,0,0,0,0,0,0,0,0,0,0,0,0,0,0,0,0,0,0,0,0,0,0,0,0,0,31,40,40,71,65476,0,300,0,0,8,21553,0.0,-107605600.0,0.0,0.0,0.0,0.0,0.0,0.0,0.0,0.0,0.0,0.0,0.0,0.0,0.0,0.0,0.0,0.0,0.0,0.0,0.0,0.0,-0.0,-3.697063867931689e+19,0.0,0.0,0.0,0.0,0.0,0.0,4560.0,-0.0,6934.0,-0.0,-107615928.0,2.004,2.004,0.0,0.0,0.0,0.0,69,0.0,-0.0,0.0,0.0,0.0,0.0,0.0,0.0,0.0,0,0,0,0.0,0.0,0.0,0.0,0.0,0.0,0.0,0.0,0.0,0.0,0.0,0.0,0.0,0.0,0.0,0.0,0,-107875648.0,69,0.0,138,0.0,2.012,ERR,ERR,ERR,ERR,ERR,ERR,ERR,ERR,ERR,ERR,ERR,ERR,ERR,ERR,ERR,ERR,ERR,ERR,ERR,ERR,ERR,ERR,ERR,ERR,ERR,ERR,ERR,ERR,ERR,ERR,ERR,ERR,ERR,ERR,ERR,ERR,ERR,ERR,ERR,ERR,ERR,ERR,ERR,ERR,ERR,ERR,ERR,ERR,ERR,ERR,ERR,ERR,ERR,ERR,ERR,ERR,ERR,ERR,ERR,ERR,ERR,ERR,ERR,ERR,ERR,ERR,ERR,60.0,60.0,35,0.0,0.0,0.0,0.0,0.0,0.0,0.0,0.0,0.0,0.0,0.0,0.0,0.0,0.0,0.0,0.0,65.2,0,127,61,47,65476,0,65476,1,4,4,20529,65476,0,0,2621,60.0,0.0,0.0,0.0,0.0,0.0
2026-07-09T15:05:26,ERR,ERR,ERR,ERR,ERR,ERR,ERR,ERR,ERR,ERR,ERR,ERR,ERR,ERR,ERR,ERR,ERR,ERR,ERR,ERR,ERR,ERR,ERR,ERR,ERR,ERR,ERR,ERR,ERR,ERR,ERR,ERR,ERR,ERR,ERR,ERR,ERR,ERR,ERR,ERR,ERR,ERR,ERR,ERR,ERR,ERR,ERR,ERR,ERR,ERR,ERR,ERR,ERR,ERR,ERR,ERR,ERR,ERR,ERR,ERR,ERR,ERR,ERR,ERR,ERR,ERR,ERR,ERR,ERR,ERR,ERR,ERR,ERR,ERR,ERR,ERR,ERR,ERR,ERR,ERR,ERR,ERR,ERR,ERR,ERR,ERR,ERR,ERR,ERR,ERR,ERR,ERR,ERR,ERR,ERR,ERR,ERR,ERR,ERR,ERR,ERR,ERR,ERR,ERR,ERR,ERR,ERR,ERR,ERR,ERR,ERR,ERR,ERR,ERR,ERR,ERR,ERR,ERR,ERR,ERR,ERR,ERR,ERR,ERR,ERR,-0.0,-107615928.0,0.0,0.0,-16.035,-5.269171186867715e+28,1.2335714262579946e+33,7.061473078931098e+22,0,0,4,17405,7116,0.0,100,0.0,0.0,0.0,0.0,0.0,0,0,0,0,0.0,0,0,0,0,0,0,0,0,0,0,0,0,0,0,0,0,0,0,0,0,0,0,0,0,0,0,0,0,0,0,0,0,0,31,40,40,71,65476,0,300,0,0,8,21553,0.0,-107605600.0,0.0,0.0,0.0,0.0,0.0,0.0,0.0,0.0,0.0,0.0,0.0,0.0,0.0,0.0,0.0,0.0,0.0,0.0,0.0,0.0,-0.0,-3.697063867931689e+19,0.0,0.0,0.0,0.0,0.0,0.0,4560.0,-0.0,6934.0,-0.0,-107615928.0,2.004,2.004,0.0,0.0,0.0,0.0,69,0.0,-0.0,0.0,0.0,0.0,0.0,0.0,0.0,0.0,0,0,0,0.0,0.0,0.0,0.0,0.0,0.0,0.0,0.0,0.0,0.0,0.0,0.0,0.0,0.0,0.0,0.0,0,-107875648.0,69,0.0,138,0.0,2.012,ERR,ERR,ERR,ERR,ERR,ERR,ERR,ERR,ERR,ERR,ERR,ERR,ERR,ERR,ERR,ERR,ERR,ERR,ERR,ERR,ERR,ERR,ERR,ERR,ERR,ERR,ERR,ERR,ERR,ERR,ERR,ERR,ERR,ERR,ERR,ERR,ERR,ERR,ERR,ERR,ERR,ERR,ERR,ERR,ERR,ERR,ERR,ERR,ERR,ERR,ERR,ERR,ERR,ERR,ERR,ERR,ERR,ERR,ERR,ERR,ERR,ERR,ERR,ERR,ERR,ERR,ERR,60.0,60.0,35,0.0,0.0,0.0,0.0,0.0,0.0,0.0,0.0,0.0,0.0,0.0,0.0,0.0,0.0,0.0,0.0,65.2,0,126,61,47,65476,0,65476,1,4,4,20529,65476,0,0,2621,60.0,0.0,0.0,0.0,0.0,0.0
2026-07-09T15:05:27,ERR,ERR,ERR,ERR,ERR,ERR,ERR,ERR,ERR,ERR,ERR,ERR,ERR,ERR,ERR,ERR,ERR,ERR,ERR,ERR,ERR,ERR,ERR,ERR,ERR,ERR,ERR,ERR,ERR,ERR,ERR,ERR,ERR,ERR,ERR,ERR,ERR,ERR,ERR,ERR,ERR,ERR,ERR,ERR,ERR,ERR,ERR,ERR,ERR,ERR,ERR,ERR,ERR,ERR,ERR,ERR,ERR,ERR,ERR,ERR,ERR,ERR,ERR,ERR,ERR,ERR,ERR,ERR,ERR,ERR,ERR,ERR,ERR,ERR,ERR,ERR,ERR,ERR,ERR,ERR,ERR,ERR,ERR,ERR,ERR,ERR,ERR,ERR,ERR,ERR,ERR,ERR,ERR,ERR,ERR,ERR,ERR,ERR,ERR,ERR,ERR,ERR,ERR,ERR,ERR,ERR,ERR,ERR,ERR,ERR,ERR,ERR,ERR,ERR,ERR,ERR,ERR,ERR,ERR,ERR,ERR,ERR,ERR,ERR,ERR,-0.0,-107615928.0,0.0,0.0,-16.035,-5.269171186867715e+28,1.2335714262579946e+33,7.061473078931098e+22,0,0,4,17405,7116,0.0,100,0.0,0.0,0.0,0.0,0.0,0,0,0,0,0.0,0,0,0,0,0,0,0,0,0,0,0,0,0,0,0,0,0,0,0,0,0,0,0,0,0,0,0,0,0,0,0,0,0,31,40,40,71,65476,0,300,0,0,8,21553,0.0,-107605600.0,0.0,0.0,0.0,0.0,0.0,0.0,0.0,0.0,0.0,0.0,0.0,0.0,0.0,0.0,0.0,0.0,0.0,0.0,0.0,0.0,-0.0,-3.697063867931689e+19,0.0,0.0,0.0,0.0,0.0,0.0,4560.0,-0.0,6934.0,-0.0,-107615928.0,2.004,2.004,0.0,0.0,0.0,0.0,69,0.0,-0.0,0.0,0.0,0.0,0.0,0.0,0.0,0.0,0,0,0,0.0,0.0,0.0,0.0,0.0,0.0,0.0,0.0,0.0,0.0,0.0,0.0,0.0,0.0,0.0,0.0,0,-107875648.0,69,0.0,138,0.0,2.012,ERR,ERR,ERR,ERR,ERR,ERR,ERR,ERR,ERR,ERR,ERR,ERR,ERR,ERR,ERR,ERR,ERR,ERR,ERR,ERR,ERR,ERR,ERR,ERR,ERR,ERR,ERR,ERR,ERR,ERR,ERR,ERR,ERR,ERR,ERR,ERR,ERR,ERR,ERR,ERR,ERR,ERR,ERR,ERR,ERR,ERR,ERR,ERR,ERR,ERR,ERR,ERR,ERR,ERR,ERR,ERR,ERR,ERR,ERR,ERR,ERR,ERR,ERR,ERR,ERR,ERR,ERR,60.0,60.0,35,0.0,0.0,0.0,0.0,0.0,0.0,0.0,0.0,0.0,0.0,0.0,0.0,0.0,0.0,0.0,0.0,65.2,0,126,61,47,65476,0,65476,1,4,4,20529,65476,0,0,2621,60.0,0.0,0.0,0.0,0.0,0.0
2026-07-09T15:05:28,ERR,ERR,ERR,ERR,ERR,ERR,ERR,ERR,ERR,ERR,ERR,ERR,ERR,ERR,ERR,ERR,ERR,ERR,ERR,ERR,ERR,ERR,ERR,ERR,ERR,ERR,ERR,ERR,ERR,ERR,ERR,ERR,ERR,ERR,ERR,ERR,ERR,ERR,ERR,ERR,ERR,ERR,ERR,ERR,ERR,ERR,ERR,ERR,ERR,ERR,ERR,ERR,ERR,ERR,ERR,ERR,ERR,ERR,ERR,ERR,ERR,ERR,ERR,ERR,ERR,ERR,ERR,ERR,ERR,ERR,ERR,ERR,ERR,ERR,ERR,ERR,ERR,ERR,ERR,ERR,ERR,ERR,ERR,ERR,ERR,ERR,ERR,ERR,ERR,ERR,ERR,ERR,ERR,ERR,ERR,ERR,ERR,ERR,ERR,ERR,ERR,ERR,ERR,ERR,ERR,ERR,ERR,ERR,ERR,ERR,ERR,ERR,ERR,ERR,ERR,ERR,ERR,ERR,ERR,ERR,ERR,ERR,ERR,ERR,ERR,-0.0,0.0,2.7184148887733436e+23,0.0,8365117.0,-0.0,0.0,-7.829759721417176e+24,0,0,4,17408,7116,0.0,100,0.0,0.0,0.0,0.0,0.0,0,0,0,0,0.0,0,0,0,0,0,0,0,0,0,0,0,0,0,0,0,0,0,0,0,0,0,0,0,0,0,0,0,0,0,0,0,0,0,31,40,40,71,65476,0,300,0,0,8,21553,0.0,-107605600.0,0.0,0.0,0.0,0.0,0.0,0.0,0.0,0.0,0.0,0.0,0.0,0.0,0.0,0.0,0.0,0.0,0.0,0.0,0.0,0.0,-0.0,0.0,0.0,0.0,0.0,0.0,0.0,0.0,4575.0,8608167936.0,6922.0,-0.0,0.0,2.004,2.004,0.0,0.0,0.0,0.0,69,-0.0,0.0,0.0,0.0,0.0,0.0,0.0,0.0,0.0,0,0,0,0.0,0.0,0.0,0.0,0.0,0.0,0.0,0.0,0.0,0.0,0.0,0.0,0.0,0.0,0.0,0.0,0,-107875648.0,69,0.0,138,0.0,2.012,ERR,ERR,ERR,ERR,ERR,ERR,ERR,ERR,ERR,ERR,ERR,ERR,ERR,ERR,ERR,ERR,ERR,ERR,ERR,ERR,ERR,ERR,ERR,ERR,ERR,ERR,ERR,ERR,ERR,ERR,ERR,ERR,ERR,ERR,ERR,ERR,ERR,ERR,ERR,ERR,ERR,ERR,ERR,ERR,ERR,ERR,ERR,ERR,ERR,ERR,ERR,ERR,ERR,ERR,ERR,ERR,ERR,ERR,ERR,ERR,ERR,ERR,ERR,ERR,ERR,ERR,ERR,60.0,60.0,35,0.0,0.0,0.0,0.0,0.0,0.0,0.0,0.0,0.0,0.0,0.0,0.0,0.0,0.0,0.0,0.0,65.2,0,126,61,47,65476,0,65476,1,4,4,20529,65476,0,0,2621,60.0,0.0,0.0,0.0,0.0,0.0
2026-07-09T15:05:29,ERR,ERR,ERR,ERR,ERR,ERR,ERR,ERR,ERR,ERR,ERR,ERR,ERR,ERR,ERR,ERR,ERR,ERR,ERR,ERR,ERR,ERR,ERR,ERR,ERR,ERR,ERR,ERR,ERR,ERR,ERR,ERR,ERR,ERR,ERR,ERR,ERR,ERR,ERR,ERR,ERR,ERR,ERR,ERR,ERR,ERR,ERR,ERR,ERR,ERR,ERR,ERR,ERR,ERR,ERR,ERR,ERR,ERR,ERR,ERR,ERR,ERR,ERR,ERR,ERR,ERR,ERR,ERR,ERR,ERR,ERR,ERR,ERR,ERR,ERR,ERR,ERR,ERR,ERR,ERR,ERR,ERR,ERR,ERR,ERR,ERR,ERR,ERR,ERR,ERR,ERR,ERR,ERR,ERR,ERR,ERR,ERR,ERR,ERR,ERR,ERR,ERR,ERR,ERR,ERR,ERR,ERR,ERR,ERR,ERR,ERR,ERR,ERR,ERR,ERR,ERR,ERR,ERR,ERR,ERR,ERR,ERR,ERR,ERR,ERR,-0.0,0.0,2.7184148887733436e+23,0.0,8365117.0,-0.0,0.0,-7.829759721417176e+24,0,0,4,17408,7116,0.0,100,0.0,0.0,0.0,0.0,0.0,0,0,0,0,0.0,0,0,0,0,0,0,0,0,0,0,0,0,0,0,0,0,0,0,0,0,0,0,0,0,0,0,0,0,0,0,0,0,0,31,40,40,71,65476,0,300,0,0,8,21553,0.0,-107605600.0,0.0,0.0,0.0,0.0,0.0,0.0,0.0,0.0,0.0,0.0,0.0,0.0,0.0,0.0,0.0,0.0,0.0,0.0,0.0,0.0,-0.0,0.0,0.0,0.0,0.0,0.0,0.0,0.0,4575.0,8608167936.0,6922.0,-0.0,0.0,2.004,2.004,0.0,0.0,0.0,0.0,69,-0.0,0.0,0.0,0.0,0.0,0.0,0.0,0.0,0.0,0,0,0,0.0,0.0,0.0,0.0,0.0,0.0,0.0,0.0,0.0,0.0,0.0,0.0,0.0,0.0,0.0,0.0,0,-107875648.0,69,0.0,138,0.0,2.012,ERR,ERR,ERR,ERR,ERR,ERR,ERR,ERR,ERR,ERR,ERR,ERR,ERR,ERR,ERR,ERR,ERR,ERR,ERR,ERR,ERR,ERR,ERR,ERR,ERR,ERR,ERR,ERR,ERR,ERR,ERR,ERR,ERR,ERR,ERR,ERR,ERR,ERR,ERR,ERR,ERR,ERR,ERR,ERR,ERR,ERR,ERR,ERR,ERR,ERR,ERR,ERR,ERR,ERR,ERR,ERR,ERR,ERR,ERR,ERR,ERR,ERR,ERR,ERR,ERR,ERR,ERR,60.0,60.0,35,0.0,0.0,0.0,0.0,0.0,0.0,0.0,0.0,0.0,0.0,0.0,0.0,0.0,0.0,0.0,0.0,65.2,0,126,61,47,65476,0,65476,1,4,4,20529,65476,0,0,2621,60.0,0.0,0.0,0.0,0.0,0.0
2026-07-09T15:05:30,ERR,ERR,ERR,ERR,ERR,ERR,ERR,ERR,ERR,ERR,ERR,ERR,ERR,ERR,ERR,ERR,ERR,ERR,ERR,ERR,ERR,ERR,ERR,ERR,ERR,ERR,ERR,ERR,ERR,ERR,ERR,ERR,ERR,ERR,ERR,ERR,ERR,ERR,ERR,ERR,ERR,ERR,ERR,ERR,ERR,ERR,ERR,ERR,ERR,ERR,ERR,ERR,ERR,ERR,ERR,ERR,ERR,ERR,ERR,ERR,ERR,ERR,ERR,ERR,ERR,ERR,ERR,ERR,ERR,ERR,ERR,ERR,ERR,ERR,ERR,ERR,ERR,ERR,ERR,ERR,ERR,ERR,ERR,ERR,ERR,ERR,ERR,ERR,ERR,ERR,ERR,ERR,ERR,ERR,ERR,ERR,ERR,ERR,ERR,ERR,ERR,ERR,ERR,ERR,ERR,ERR,ERR,ERR,ERR,ERR,ERR,ERR,ERR,ERR,ERR,ERR,ERR,ERR,ERR,ERR,ERR,ERR,ERR,ERR,ERR,-0.0,0.0,2.7184148887733436e+23,0.0,8365117.0,-0.0,0.0,-7.829759721417176e+24,0,0,4,17408,7116,0.0,100,0.0,0.0,0.0,0.0,0.0,0,0,0,0,0.0,0,0,0,0,0,0,0,0,0,0,0,0,0,0,0,0,0,0,0,0,0,0,0,0,0,0,0,0,0,0,0,0,0,31,40,40,71,65476,0,300,0,0,8,21553,0.0,-107605600.0,0.0,0.0,0.0,0.0,0.0,0.0,0.0,0.0,0.0,0.0,0.0,0.0,0.0,0.0,0.0,0.0,0.0,0.0,0.0,0.0,-0.0,0.0,0.0,0.0,0.0,0.0,0.0,0.0,4575.0,8608167936.0,6922.0,-0.0,0.0,2.004,2.004,0.0,0.0,0.0,0.0,69,-0.0,0.0,0.0,0.0,0.0,0.0,0.0,0.0,0.0,0,0,0,0.0,0.0,0.0,0.0,0.0,0.0,0.0,0.0,0.0,0.0,0.0,0.0,0.0,0.0,0.0,0.0,0,-107875648.0,69,0.0,138,0.0,2.012,ERR,ERR,ERR,ERR,ERR,ERR,ERR,ERR,ERR,ERR,ERR,ERR,ERR,ERR,ERR,ERR,ERR,ERR,ERR,ERR,ERR,ERR,ERR,ERR,ERR,ERR,ERR,ERR,ERR,ERR,ERR,ERR,ERR,ERR,ERR,ERR,ERR,ERR,ERR,ERR,ERR,ERR,ERR,ERR,ERR,ERR,ERR,ERR,ERR,ERR,ERR,ERR,ERR,ERR,ERR,ERR,ERR,ERR,ERR,ERR,ERR,ERR,ERR,ERR,ERR,ERR,ERR,60.0,60.0,35,0.0,0.0,0.0,0.0,0.0,0.0,0.0,0.0,0.0,0.0,0.0,0.0,0.0,0.0,0.0,0.0,65.2,0,126,61,47,65476,0,65476,1,4,4,20529,65476,0,0,2621,60.0,0.0,0.0,0.0,0.0,0.0
2026-07-09T15:05:31,ERR,ERR,ERR,ERR,ERR,ERR,ERR,ERR,ERR,ERR,ERR,ERR,ERR,ERR,ERR,ERR,ERR,ERR,ERR,ERR,ERR,ERR,ERR,ERR,ERR,ERR,ERR,ERR,ERR,ERR,ERR,ERR,ERR,ERR,ERR,ERR,ERR,ERR,ERR,ERR,ERR,ERR,ERR,ERR,ERR,ERR,ERR,ERR,ERR,ERR,ERR,ERR,ERR,ERR,ERR,ERR,ERR,ERR,ERR,ERR,ERR,ERR,ERR,ERR,ERR,ERR,ERR,ERR,ERR,ERR,ERR,ERR,ERR,ERR,ERR,ERR,ERR,ERR,ERR,ERR,ERR,ERR,ERR,ERR,ERR,ERR,ERR,ERR,ERR,ERR,ERR,ERR,ERR,ERR,ERR,ERR,ERR,ERR,ERR,ERR,ERR,ERR,ERR,ERR,ERR,ERR,ERR,ERR,ERR,ERR,ERR,ERR,ERR,ERR,ERR,ERR,ERR,ERR,ERR,ERR,ERR,ERR,ERR,ERR,ERR,-0.0,0.0,2.7184148887733436e+23,0.0,8365117.0,-0.0,0.0,-7.829759721417176e+24,0,0,4,17408,7116,0.0,100,0.0,0.0,0.0,0.0,0.0,0,0,0,0,0.0,0,0,0,0,0,0,0,0,0,0,0,0,0,0,0,0,0,0,0,0,0,0,0,0,0,0,0,0,0,0,0,0,0,31,40,40,71,65476,0,300,0,0,8,21553,0.0,-107605600.0,0.0,0.0,0.0,0.0,0.0,0.0,0.0,0.0,0.0,0.0,0.0,0.0,0.0,0.0,0.0,0.0,0.0,0.0,0.0,0.0,-0.0,0.0,0.0,0.0,0.0,0.0,0.0,0.0,4575.0,8608167936.0,6922.0,-0.0,0.0,2.004,2.004,0.0,0.0,0.0,0.0,69,-0.0,0.0,0.0,0.0,0.0,0.0,0.0,0.0,0.0,0,0,0,0.0,0.0,0.0,0.0,0.0,0.0,0.0,0.0,0.0,0.0,0.0,0.0,0.0,0.0,0.0,0.0,0,-107875648.0,69,0.0,138,0.0,2.012,ERR,ERR,ERR,ERR,ERR,ERR,ERR,ERR,ERR,ERR,ERR,ERR,ERR,ERR,ERR,ERR,ERR,ERR,ERR,ERR,ERR,ERR,ERR,ERR,ERR,ERR,ERR,ERR,ERR,ERR,ERR,ERR,ERR,ERR,ERR,ERR,ERR,ERR,ERR,ERR,ERR,ERR,ERR,ERR,ERR,ERR,ERR,ERR,ERR,ERR,ERR,ERR,ERR,ERR,ERR,ERR,ERR,ERR,ERR,ERR,ERR,ERR,ERR,ERR,ERR,ERR,ERR,60.0,60.0,35,0.0,0.0,0.0,0.0,0.0,0.0,0.0,0.0,0.0,0.0,0.0,0.0,0.0,0.0,0.0,0.0,65.6,0,126,61,47,65476,0,65476,1,4,4,20529,65476,0,0,2621,60.0,0.0,0.0,0.0,0.0,0.0
2026-07-09T15:05:32,ERR,ERR,ERR,ERR,ERR,ERR,ERR,ERR,ERR,ERR,ERR,ERR,ERR,ERR,ERR,ERR,ERR,ERR,ERR,ERR,ERR,ERR,ERR,ERR,ERR,ERR,ERR,ERR,ERR,ERR,ERR,ERR,ERR,ERR,ERR,ERR,ERR,ERR,ERR,ERR,ERR,ERR,ERR,ERR,ERR,ERR,ERR,ERR,ERR,ERR,ERR,ERR,ERR,ERR,ERR,ERR,ERR,ERR,ERR,ERR,ERR,ERR,ERR,ERR,ERR,ERR,ERR,ERR,ERR,ERR,ERR,ERR,ERR,ERR,ERR,ERR,ERR,ERR,ERR,ERR,ERR,ERR,ERR,ERR,ERR,ERR,ERR,ERR,ERR,ERR,ERR,ERR,ERR,ERR,ERR,ERR,ERR,ERR,ERR,ERR,ERR,ERR,ERR,ERR,ERR,ERR,ERR,ERR,ERR,ERR,ERR,ERR,ERR,ERR,ERR,ERR,ERR,ERR,ERR,ERR,ERR,ERR,ERR,ERR,ERR,-0.0,0.0,2.7184148887733436e+23,0.0,8365117.0,-0.0,0.0,-7.829759721417176e+24,0,0,4,17408,7116,0.0,100,0.0,0.0,0.0,0.0,0.0,0,0,0,0,0.0,0,0,0,0,0,0,0,0,0,0,0,0,0,0,0,0,0,0,0,0,0,0,0,0,0,0,0,0,0,0,0,0,0,31,40,40,71,65476,0,300,0,0,8,21553,0.0,-107605600.0,0.0,0.0,0.0,0.0,0.0,0.0,0.0,0.0,0.0,0.0,0.0,0.0,0.0,0.0,0.0,0.0,0.0,0.0,0.0,0.0,-0.0,0.0,0.0,0.0,0.0,0.0,0.0,0.0,4575.0,8608167936.0,6922.0,-0.0,0.0,2.004,2.004,0.0,0.0,0.0,0.0,69,-0.0,0.0,0.0,0.0,0.0,0.0,0.0,0.0,0.0,0,0,0,0.0,0.0,0.0,0.0,0.0,0.0,0.0,0.0,0.0,0.0,0.0,0.0,0.0,0.0,0.0,0.0,0,-107875648.0,69,0.0,138,0.0,2.012,ERR,ERR,ERR,ERR,ERR,ERR,ERR,ERR,ERR,ERR,ERR,ERR,ERR,ERR,ERR,ERR,ERR,ERR,ERR,ERR,ERR,ERR,ERR,ERR,ERR,ERR,ERR,ERR,ERR,ERR,ERR,ERR,ERR,ERR,ERR,ERR,ERR,ERR,ERR,ERR,ERR,ERR,ERR,ERR,ERR,ERR,ERR,ERR,ERR,ERR,ERR,ERR,ERR,ERR,ERR,ERR,ERR,ERR,ERR,ERR,ERR,ERR,ERR,ERR,ERR,ERR,ERR,60.0,60.0,35,0.0,0.0,0.0,0.0,0.0,0.0,0.0,0.0,0.0,0.0,0.0,0.0,0.0,0.0,0.0,0.0,65.6,0,126,61,47,65476,0,65476,1,4,4,20529,65476,0,0,2621,60.0,0.0,0.0,0.0,0.0,0.0
2026-07-09T15:05:33,ERR,ERR,ERR,ERR,ERR,ERR,ERR,ERR,ERR,ERR,ERR,ERR,ERR,ERR,ERR,ERR,ERR,ERR,ERR,ERR,ERR,ERR,ERR,ERR,ERR,ERR,ERR,ERR,ERR,ERR,ERR,ERR,ERR,ERR,ERR,ERR,ERR,ERR,ERR,ERR,ERR,ERR,ERR,ERR,ERR,ERR,ERR,ERR,ERR,ERR,ERR,ERR,ERR,ERR,ERR,ERR,ERR,ERR,ERR,ERR,ERR,ERR,ERR,ERR,ERR,ERR,ERR,ERR,ERR,ERR,ERR,ERR,ERR,ERR,ERR,ERR,ERR,ERR,ERR,ERR,ERR,ERR,ERR,ERR,ERR,ERR,ERR,ERR,ERR,ERR,ERR,ERR,ERR,ERR,ERR,ERR,ERR,ERR,ERR,ERR,ERR,ERR,ERR,ERR,ERR,ERR,ERR,ERR,ERR,ERR,ERR,ERR,ERR,ERR,ERR,ERR,ERR,ERR,ERR,ERR,ERR,ERR,ERR,ERR,ERR,-0.0,0.0,-107090384.0,0.0,-4368550592512.0,-2.179830180577542e+19,2.9111058122040934e+17,0.0,0,0,4,17408,7116,0.0,100,0.0,0.0,0.0,0.0,0.0,0,0,0,0,0.0,0,0,0,0,0,0,0,0,0,0,0,0,0,0,0,0,0,0,0,0,0,0,0,0,0,0,0,0,0,0,0,0,0,31,40,40,71,65476,0,300,0,0,8,21553,0.0,-107605600.0,0.0,0.0,0.0,0.0,0.0,0.0,0.0,0.0,0.0,0.0,0.0,0.0,0.0,0.0,0.0,0.0,0.0,0.0,0.0,0.0,-0.0,0.0,0.0,0.0,0.0,0.0,0.0,0.0,4561.0,131350.219,6921.0,-0.0,0.0,2.004,2.004,0.0,0.0,0.0,0.0,69,0.0,0.0,0.0,0.0,0.0,0.0,0.0,0.0,0.0,0,0,0,0.0,0.0,0.0,0.0,0.0,0.0,0.0,0.0,0.0,0.0,0.0,0.0,0.0,0.0,0.0,0.0,0,-107875648.0,69,0.0,138,0.0,2.012,ERR,ERR,ERR,ERR,ERR,ERR,ERR,ERR,ERR,ERR,ERR,ERR,ERR,ERR,ERR,ERR,ERR,ERR,ERR,ERR,ERR,ERR,ERR,ERR,ERR,ERR,ERR,ERR,ERR,ERR,ERR,ERR,ERR,ERR,ERR,ERR,ERR,ERR,ERR,ERR,ERR,ERR,ERR,ERR,ERR,ERR,ERR,ERR,ERR,ERR,ERR,ERR,ERR,ERR,ERR,ERR,ERR,ERR,ERR,ERR,ERR,ERR,ERR,ERR,ERR,ERR,ERR,60.0,60.0,35,0.0,0.0,0.0,0.0,0.0,0.0,0.0,0.0,0.0,0.0,0.0,0.0,0.0,0.0,0.0,0.0,65.6,0,126,61,47,65476,0,65476,1,4,4,20529,65476,0,0,2621,60.0,0.0,0.0,0.0,0.0,0.0
2026-07-09T15:05:34,ERR,ERR,ERR,ERR,ERR,ERR,ERR,ERR,ERR,ERR,ERR,ERR,ERR,ERR,ERR,ERR,ERR,ERR,ERR,ERR,ERR,ERR,ERR,ERR,ERR,ERR,ERR,ERR,ERR,ERR,ERR,ERR,ERR,ERR,ERR,ERR,ERR,ERR,ERR,ERR,ERR,ERR,ERR,ERR,ERR,ERR,ERR,ERR,ERR,ERR,ERR,ERR,ERR,ERR,ERR,ERR,ERR,ERR,ERR,ERR,ERR,ERR,ERR,ERR,ERR,ERR,ERR,ERR,ERR,ERR,ERR,ERR,ERR,ERR,ERR,ERR,ERR,ERR,ERR,ERR,ERR,ERR,ERR,ERR,ERR,ERR,ERR,ERR,ERR,ERR,ERR,ERR,ERR,ERR,ERR,ERR,ERR,ERR,ERR,ERR,ERR,ERR,ERR,ERR,ERR,ERR,ERR,ERR,ERR,ERR,ERR,ERR,ERR,ERR,ERR,ERR,ERR,ERR,ERR,ERR,ERR,ERR,ERR,ERR,ERR,-0.0,0.0,-107090384.0,0.0,-4368550592512.0,-2.179830180577542e+19,2.9111058122040934e+17,0.0,0,0,4,17408,7116,0.0,100,0.0,0.0,0.0,0.0,0.0,0,0,0,0,0.0,0,0,0,0,0,0,0,0,0,0,0,0,0,0,0,0,0,0,0,0,0,0,0,0,0,0,0,0,0,0,0,0,0,31,40,40,71,65476,0,300,0,0,8,21553,0.0,-107605600.0,0.0,0.0,0.0,0.0,0.0,0.0,0.0,0.0,0.0,0.0,0.0,0.0,0.0,0.0,0.0,0.0,0.0,0.0,0.0,0.0,-0.0,0.0,0.0,0.0,0.0,0.0,0.0,0.0,4561.0,131350.219,6921.0,-0.0,0.0,2.004,2.004,0.0,0.0,0.0,0.0,69,0.0,0.0,0.0,0.0,0.0,0.0,0.0,0.0,0.0,0,0,0,0.0,0.0,0.0,0.0,0.0,0.0,0.0,0.0,0.0,0.0,0.0,0.0,0.0,0.0,0.0,0.0,0,-107875648.0,69,0.0,138,0.0,2.012,ERR,ERR,ERR,ERR,ERR,ERR,ERR,ERR,ERR,ERR,ERR,ERR,ERR,ERR,ERR,ERR,ERR,ERR,ERR,ERR,ERR,ERR,ERR,ERR,ERR,ERR,ERR,ERR,ERR,ERR,ERR,ERR,ERR,ERR,ERR,ERR,ERR,ERR,ERR,ERR,ERR,ERR,ERR,ERR,ERR,ERR,ERR,ERR,ERR,ERR,ERR,ERR,ERR,ERR,ERR,ERR,ERR,ERR,ERR,ERR,ERR,ERR,ERR,ERR,ERR,ERR,ERR,60.0,60.0,35,0.0,0.0,0.0,0.0,0.0,0.0,0.0,0.0,0.0,0.0,0.0,0.0,0.0,0.0,0.0,0.0,65.6,0,126,61,47,65476,0,65476,1,4,4,20529,65476,0,0,2621,60.0,0.0,0.0,0.0,0.0,0.0
2026-07-09T15:05:35,ERR,ERR,ERR,ERR,ERR,ERR,ERR,ERR,ERR,ERR,ERR,ERR,ERR,ERR,ERR,ERR,ERR,ERR,ERR,ERR,ERR,ERR,ERR,ERR,ERR,ERR,ERR,ERR,ERR,ERR,ERR,ERR,ERR,ERR,ERR,ERR,ERR,ERR,ERR,ERR,ERR,ERR,ERR,ERR,ERR,ERR,ERR,ERR,ERR,ERR,ERR,ERR,ERR,ERR,ERR,ERR,ERR,ERR,ERR,ERR,ERR,ERR,ERR,ERR,ERR,ERR,ERR,ERR,ERR,ERR,ERR,ERR,ERR,ERR,ERR,ERR,ERR,ERR,ERR,ERR,ERR,ERR,ERR,ERR,ERR,ERR,ERR,ERR,ERR,ERR,ERR,ERR,ERR,ERR,ERR,ERR,ERR,ERR,ERR,ERR,ERR,ERR,ERR,ERR,ERR,ERR,ERR,ERR,ERR,ERR,ERR,ERR,ERR,ERR,ERR,ERR,ERR,ERR,ERR,ERR,ERR,ERR,ERR,ERR,ERR,-0.0,0.0,-107090384.0,0.0,-4368550592512.0,-2.179830180577542e+19,2.9111058122040934e+17,0.0,0,0,4,17408,7116,0.0,100,0.0,0.0,0.0,0.0,0.0,0,0,0,0,0.0,0,0,0,0,0,0,0,0,0,0,0,0,0,0,0,0,0,0,0,0,0,0,0,0,0,0,0,0,0,0,0,0,0,31,40,40,71,65476,0,300,0,0,8,21553,0.0,-107605600.0,0.0,0.0,0.0,0.0,0.0,0.0,0.0,0.0,0.0,0.0,0.0,0.0,0.0,0.0,0.0,0.0,0.0,0.0,0.0,0.0,-0.0,0.0,0.0,0.0,0.0,0.0,0.0,0.0,4561.0,131350.219,6921.0,-0.0,0.0,2.004,2.004,0.0,0.0,0.0,0.0,69,0.0,0.0,0.0,0.0,0.0,0.0,0.0,0.0,0.0,0,0,0,0.0,0.0,0.0,0.0,0.0,0.0,0.0,0.0,0.0,0.0,0.0,0.0,0.0,0.0,0.0,0.0,0,-107875648.0,69,0.0,138,0.0,2.012,ERR,ERR,ERR,ERR,ERR,ERR,ERR,ERR,ERR,ERR,ERR,ERR,ERR,ERR,ERR,ERR,ERR,ERR,ERR,ERR,ERR,ERR,ERR,ERR,ERR,ERR,ERR,ERR,ERR,ERR,ERR,ERR,ERR,ERR,ERR,ERR,ERR,ERR,ERR,ERR,ERR,ERR,ERR,ERR,ERR,ERR,ERR,ERR,ERR,ERR,ERR,ERR,ERR,ERR,ERR,ERR,ERR,ERR,ERR,ERR,ERR,ERR,ERR,ERR,ERR,ERR,ERR,60.0,60.0,35,0.0,0.0,0.0,0.0,0.0,0.0,0.0,0.0,0.0,0.0,0.0,0.0,0.0,0.0,0.0,0.0,65.2,0,126,61,47,65476,0,65476,1,4,4,20529,65476,0,0,2621,60.0,0.0,0.0,0.0,0.0,0.0
2026-07-09T15:05:36,ERR,ERR,ERR,ERR,ERR,ERR,ERR,ERR,ERR,ERR,ERR,ERR,ERR,ERR,ERR,ERR,ERR,ERR,ERR,ERR,ERR,ERR,ERR,ERR,ERR,ERR,ERR,ERR,ERR,ERR,ERR,ERR,ERR,ERR,ERR,ERR,ERR,ERR,ERR,ERR,ERR,ERR,ERR,ERR,ERR,ERR,ERR,ERR,ERR,ERR,ERR,ERR,ERR,ERR,ERR,ERR,ERR,ERR,ERR,ERR,ERR,ERR,ERR,ERR,ERR,ERR,ERR,ERR,ERR,ERR,ERR,ERR,ERR,ERR,ERR,ERR,ERR,ERR,ERR,ERR,ERR,ERR,ERR,ERR,ERR,ERR,ERR,ERR,ERR,ERR,ERR,ERR,ERR,ERR,ERR,ERR,ERR,ERR,ERR,ERR,ERR,ERR,ERR,ERR,ERR,ERR,ERR,ERR,ERR,ERR,ERR,ERR,ERR,ERR,ERR,ERR,ERR,ERR,ERR,ERR,ERR,ERR,ERR,ERR,ERR,-0.0,0.0,-107090384.0,0.0,-4368550592512.0,-2.179830180577542e+19,2.9111058122040934e+17,0.0,0,0,4,17408,7116,0.0,100,0.0,0.0,0.0,0.0,0.0,0,0,0,0,0.0,0,0,0,0,0,0,0,0,0,0,0,0,0,0,0,0,0,0,0,0,0,0,0,0,0,0,0,0,0,0,0,0,0,31,40,40,71,65476,0,300,0,0,8,21553,0.0,-107605600.0,0.0,0.0,0.0,0.0,0.0,0.0,0.0,0.0,0.0,0.0,0.0,0.0,0.0,0.0,0.0,0.0,0.0,0.0,0.0,0.0,-0.0,0.0,0.0,0.0,0.0,0.0,0.0,0.0,4561.0,131350.219,6921.0,-0.0,0.0,2.004,2.004,0.0,0.0,0.0,0.0,69,0.0,0.0,0.0,0.0,0.0,0.0,0.0,0.0,0.0,0,0,0,0.0,0.0,0.0,0.0,0.0,0.0,0.0,0.0,0.0,0.0,0.0,0.0,0.0,0.0,0.0,0.0,0,-107875648.0,69,0.0,138,0.0,2.012,ERR,ERR,ERR,ERR,ERR,ERR,ERR,ERR,ERR,ERR,ERR,ERR,ERR,ERR,ERR,ERR,ERR,ERR,ERR,ERR,ERR,ERR,ERR,ERR,ERR,ERR,ERR,ERR,ERR,ERR,ERR,ERR,ERR,ERR,ERR,ERR,ERR,ERR,ERR,ERR,ERR,ERR,ERR,ERR,ERR,ERR,ERR,ERR,ERR,ERR,ERR,ERR,ERR,ERR,ERR,ERR,ERR,ERR,ERR,ERR,ERR,ERR,ERR,ERR,ERR,ERR,ERR,60.0,60.0,35,0.0,0.0,0.0,0.0,0.0,0.0,0.0,0.0,0.0,0.0,0.0,0.0,0.0,0.0,0.0,0.0,65.2,0,126,61,47,65476,0,65476,1,4,4,20529,65476,0,0,2621,60.0,0.0,0.0,0.0,0.0,0.0
2026-07-09T15:05:37,ERR,ERR,ERR,ERR,ERR,ERR,ERR,ERR,ERR,ERR,ERR,ERR,ERR,ERR,ERR,ERR,ERR,ERR,ERR,ERR,ERR,ERR,ERR,ERR,ERR,ERR,ERR,ERR,ERR,ERR,ERR,ERR,ERR,ERR,ERR,ERR,ERR,ERR,ERR,ERR,ERR,ERR,ERR,ERR,ERR,ERR,ERR,ERR,ERR,ERR,ERR,ERR,ERR,ERR,ERR,ERR,ERR,ERR,ERR,ERR,ERR,ERR,ERR,ERR,ERR,ERR,ERR,ERR,ERR,ERR,ERR,ERR,ERR,ERR,ERR,ERR,ERR,ERR,ERR,ERR,ERR,ERR,ERR,ERR,ERR,ERR,ERR,ERR,ERR,ERR,ERR,ERR,ERR,ERR,ERR,ERR,ERR,ERR,ERR,ERR,ERR,ERR,ERR,ERR,ERR,ERR,ERR,ERR,ERR,ERR,ERR,ERR,ERR,ERR,ERR,ERR,ERR,ERR,ERR,ERR,ERR,ERR,ERR,ERR,ERR,-0.0,0.0,-107090384.0,0.0,-4368550592512.0,-2.179830180577542e+19,2.9111058122040934e+17,0.0,0,0,4,17408,7116,0.0,100,0.0,0.0,0.0,0.0,0.0,0,0,0,0,0.0,0,0,0,0,0,0,0,0,0,0,0,0,0,0,0,0,0,0,0,0,0,0,0,0,0,0,0,0,0,0,0,0,0,31,40,40,71,65476,0,300,0,0,8,21553,0.0,-107605600.0,0.0,0.0,0.0,0.0,0.0,0.0,0.0,0.0,0.0,0.0,0.0,0.0,0.0,0.0,0.0,0.0,0.0,0.0,0.0,0.0,-0.0,0.0,0.0,0.0,0.0,0.0,0.0,0.0,4561.0,131350.219,6921.0,-0.0,0.0,2.004,2.004,0.0,0.0,0.0,0.0,69,0.0,0.0,0.0,0.0,0.0,0.0,0.0,0.0,0.0,0,0,0,0.0,0.0,0.0,0.0,0.0,0.0,0.0,0.0,0.0,0.0,0.0,0.0,0.0,0.0,0.0,0.0,0,-107875648.0,69,0.0,138,0.0,2.012,ERR,ERR,ERR,ERR,ERR,ERR,ERR,ERR,ERR,ERR,ERR,ERR,ERR,ERR,ERR,ERR,ERR,ERR,ERR,ERR,ERR,ERR,ERR,ERR,ERR,ERR,ERR,ERR,ERR,ERR,ERR,ERR,ERR,ERR,ERR,ERR,ERR,ERR,ERR,ERR,ERR,ERR,ERR,ERR,ERR,ERR,ERR,ERR,ERR,ERR,ERR,ERR,ERR,ERR,ERR,ERR,ERR,ERR,ERR,ERR,ERR,ERR,ERR,ERR,ERR,ERR,ERR,60.0,60.0,35,0.0,0.0,0.0,0.0,0.0,0.0,0.0,0.0,0.0,0.0,0.0,0.0,0.0,0.0,0.0,0.0,65.2,0,126,61,47,65476,0,65476,1,4,4,20529,65476,0,0,2621,60.0,0.0,0.0,0.0,0.0,0.0
2026-07-09T15:05:38,ERR,ERR,ERR,ERR,ERR,ERR,ERR,ERR,ERR,ERR,ERR,ERR,ERR,ERR,ERR,ERR,ERR,ERR,ERR,ERR,ERR,ERR,ERR,ERR,ERR,ERR,ERR,ERR,ERR,ERR,ERR,ERR,ERR,ERR,ERR,ERR,ERR,ERR,ERR,ERR,ERR,ERR,ERR,ERR,ERR,ERR,ERR,ERR,ERR,ERR,ERR,ERR,ERR,ERR,ERR,ERR,ERR,ERR,ERR,ERR,ERR,ERR,ERR,ERR,ERR,ERR,ERR,ERR,ERR,ERR,ERR,ERR,ERR,ERR,ERR,ERR,ERR,ERR,ERR,ERR,ERR,ERR,ERR,ERR,ERR,ERR,ERR,ERR,ERR,ERR,ERR,ERR,ERR,ERR,ERR,ERR,ERR,ERR,ERR,ERR,ERR,ERR,ERR,ERR,ERR,ERR,ERR,ERR,ERR,ERR,ERR,ERR,ERR,ERR,ERR,ERR,ERR,ERR,ERR,ERR,ERR,ERR,ERR,ERR,ERR,-0.0,0.0,-107090384.0,0.0,-4368550592512.0,-1091634.0,0.0,0.0,0,0,4,17408,7116,0.0,100,0.0,0.0,0.0,0.0,0.0,0,0,0,0,0.0,0,0,0,0,0,0,0,0,0,0,0,0,0,0,0,0,0,0,0,0,0,0,0,0,0,0,0,0,0,0,0,0,0,31,40,40,71,65476,0,300,0,0,8,21553,0.0,-107605600.0,0.0,0.0,0.0,0.0,0.0,0.0,0.0,0.0,0.0,0.0,0.0,0.0,0.0,0.0,0.0,0.0,0.0,0.0,0.0,0.0,-0.0,0.0,0.0,0.0,0.0,0.0,0.0,0.0,4514.0,-1.0406635239469131e+34,6943.0,-0.0,0.0,2.004,2.004,0.0,0.0,0.0,0.0,69,-0.0,-0.0,0.0,0.0,0.0,0.0,0.0,0.0,0.0,0,0,0,0.0,0.0,0.0,0.0,0.0,0.0,0.0,0.0,0.0,0.0,0.0,0.0,0.0,0.0,0.0,0.0,0,-107875648.0,69,0.0,138,0.0,2.012,ERR,ERR,ERR,ERR,ERR,ERR,ERR,ERR,ERR,ERR,ERR,ERR,ERR,ERR,ERR,ERR,ERR,ERR,ERR,ERR,ERR,ERR,ERR,ERR,ERR,ERR,ERR,ERR,ERR,ERR,ERR,ERR,ERR,ERR,ERR,ERR,ERR,ERR,ERR,ERR,ERR,ERR,ERR,ERR,ERR,ERR,ERR,ERR,ERR,ERR,ERR,ERR,ERR,ERR,ERR,ERR,ERR,ERR,ERR,ERR,ERR,ERR,ERR,ERR,ERR,ERR,ERR,60.0,60.0,35,0.0,0.0,0.0,0.0,0.0,0.0,0.0,0.0,0.0,0.0,0.0,0.0,0.0,0.0,0.0,0.0,65.2,0,125,60,47,65476,0,65476,1,4,4,20529,65476,0,0,2621,60.0,0.0,0.0,0.0,0.0,0.0
2026-07-09T15:05:39,ERR,ERR,ERR,ERR,ERR,ERR,ERR,ERR,ERR,ERR,ERR,ERR,ERR,ERR,ERR,ERR,ERR,ERR,ERR,ERR,ERR,ERR,ERR,ERR,ERR,ERR,ERR,ERR,ERR,ERR,ERR,ERR,ERR,ERR,ERR,ERR,ERR,ERR,ERR,ERR,ERR,ERR,ERR,ERR,ERR,ERR,ERR,ERR,ERR,ERR,ERR,ERR,ERR,ERR,ERR,ERR,ERR,ERR,ERR,ERR,ERR,ERR,ERR,ERR,ERR,ERR,ERR,ERR,ERR,ERR,ERR,ERR,ERR,ERR,ERR,ERR,ERR,ERR,ERR,ERR,ERR,ERR,ERR,ERR,ERR,ERR,ERR,ERR,ERR,ERR,ERR,ERR,ERR,ERR,ERR,ERR,ERR,ERR,ERR,ERR,ERR,ERR,ERR,ERR,ERR,ERR,ERR,ERR,ERR,ERR,ERR,ERR,ERR,ERR,ERR,ERR,ERR,ERR,ERR,ERR,ERR,ERR,ERR,ERR,ERR,-0.0,0.0,-107090384.0,0.0,-4368550592512.0,-1091634.0,0.0,0.0,0,0,4,17408,7116,0.0,100,0.0,0.0,0.0,0.0,0.0,0,0,0,0,0.0,0,0,0,0,0,0,0,0,0,0,0,0,0,0,0,0,0,0,0,0,0,0,0,0,0,0,0,0,0,0,0,0,0,31,40,40,71,65476,0,300,0,0,8,21553,0.0,-107605600.0,0.0,0.0,0.0,0.0,0.0,0.0,0.0,0.0,0.0,0.0,0.0,0.0,0.0,0.0,0.0,0.0,0.0,0.0,0.0,0.0,-0.0,0.0,0.0,0.0,0.0,0.0,0.0,0.0,4514.0,-1.0406635239469131e+34,6943.0,-0.0,0.0,2.004,2.004,0.0,0.0,0.0,0.0,69,-0.0,-0.0,0.0,0.0,0.0,0.0,0.0,0.0,0.0,0,0,0,0.0,0.0,0.0,0.0,0.0,0.0,0.0,0.0,0.0,0.0,0.0,0.0,0.0,0.0,0.0,0.0,0,-107875648.0,69,0.0,138,0.0,2.012,ERR,ERR,ERR,ERR,ERR,ERR,ERR,ERR,ERR,ERR,ERR,ERR,ERR,ERR,ERR,ERR,ERR,ERR,ERR,ERR,ERR,ERR,ERR,ERR,ERR,ERR,ERR,ERR,ERR,ERR,ERR,ERR,ERR,ERR,ERR,ERR,ERR,ERR,ERR,ERR,ERR,ERR,ERR,ERR,ERR,ERR,ERR,ERR,ERR,ERR,ERR,ERR,ERR,ERR,ERR,ERR,ERR,ERR,ERR,ERR,ERR,ERR,ERR,ERR,ERR,ERR,ERR,60.0,60.0,35,0.0,0.0,0.0,0.0,0.0,0.0,0.0,0.0,0.0,0.0,0.0,0.0,0.0,0.0,0.0,0.0,65.2,0,125,60,47,65476,0,65476,1,4,4,20529,65476,0,0,2621,60.0,0.0,0.0,0.0,0.0,0.0
2026-07-09T15:05:40,ERR,ERR,ERR,ERR,ERR,ERR,ERR,ERR,ERR,ERR,ERR,ERR,ERR,ERR,ERR,ERR,ERR,ERR,ERR,ERR,ERR,ERR,ERR,ERR,ERR,ERR,ERR,ERR,ERR,ERR,ERR,ERR,ERR,ERR,ERR,ERR,ERR,ERR,ERR,ERR,ERR,ERR,ERR,ERR,ERR,ERR,ERR,ERR,ERR,ERR,ERR,ERR,ERR,ERR,ERR,ERR,ERR,ERR,ERR,ERR,ERR,ERR,ERR,ERR,ERR,ERR,ERR,ERR,ERR,ERR,ERR,ERR,ERR,ERR,ERR,ERR,ERR,ERR,ERR,ERR,ERR,ERR,ERR,ERR,ERR,ERR,ERR,ERR,ERR,ERR,ERR,ERR,ERR,ERR,ERR,ERR,ERR,ERR,ERR,ERR,ERR,ERR,ERR,ERR,ERR,ERR,ERR,ERR,ERR,ERR,ERR,ERR,ERR,ERR,ERR,ERR,ERR,ERR,ERR,ERR,ERR,ERR,ERR,ERR,ERR,-0.0,0.0,-107090384.0,0.0,-4368550592512.0,-1091634.0,0.0,0.0,0,0,4,17408,7116,0.0,100,0.0,0.0,0.0,0.0,0.0,0,0,0,0,0.0,0,0,0,0,0,0,0,0,0,0,0,0,0,0,0,0,0,0,0,0,0,0,0,0,0,0,0,0,0,0,0,0,0,31,40,40,71,65476,0,300,0,0,8,21553,0.0,-107605600.0,0.0,0.0,0.0,0.0,0.0,0.0,0.0,0.0,0.0,0.0,0.0,0.0,0.0,0.0,0.0,0.0,0.0,0.0,0.0,0.0,-0.0,0.0,0.0,0.0,0.0,0.0,0.0,0.0,4514.0,-1.0406635239469131e+34,6943.0,-0.0,0.0,2.004,2.004,0.0,0.0,0.0,0.0,69,-0.0,-0.0,0.0,0.0,0.0,0.0,0.0,0.0,0.0,0,0,0,0.0,0.0,0.0,0.0,0.0,0.0,0.0,0.0,0.0,0.0,0.0,0.0,0.0,0.0,0.0,0.0,0,-107875648.0,69,0.0,138,0.0,2.012,ERR,ERR,ERR,ERR,ERR,ERR,ERR,ERR,ERR,ERR,ERR,ERR,ERR,ERR,ERR,ERR,ERR,ERR,ERR,ERR,ERR,ERR,ERR,ERR,ERR,ERR,ERR,ERR,ERR,ERR,ERR,ERR,ERR,ERR,ERR,ERR,ERR,ERR,ERR,ERR,ERR,ERR,ERR,ERR,ERR,ERR,ERR,ERR,ERR,ERR,ERR,ERR,ERR,ERR,ERR,ERR,ERR,ERR,ERR,ERR,ERR,ERR,ERR,ERR,ERR,ERR,ERR,60.0,60.0,35,0.0,0.0,0.0,0.0,0.0,0.0,0.0,0.0,0.0,0.0,0.0,0.0,0.0,0.0,0.0,0.0,65.2,0,125,60,47,65476,0,65476,1,4,4,20529,65476,0,0,2621,60.0,0.0,0.0,0.0,0.0,0.0
2026-07-09T15:05:41,ERR,ERR,ERR,ERR,ERR,ERR,ERR,ERR,ERR,ERR,ERR,ERR,ERR,ERR,ERR,ERR,ERR,ERR,ERR,ERR,ERR,ERR,ERR,ERR,ERR,ERR,ERR,ERR,ERR,ERR,ERR,ERR,ERR,ERR,ERR,ERR,ERR,ERR,ERR,ERR,ERR,ERR,ERR,ERR,ERR,ERR,ERR,ERR,ERR,ERR,ERR,ERR,ERR,ERR,ERR,ERR,ERR,ERR,ERR,ERR,ERR,ERR,ERR,ERR,ERR,ERR,ERR,ERR,ERR,ERR,ERR,ERR,ERR,ERR,ERR,ERR,ERR,ERR,ERR,ERR,ERR,ERR,ERR,ERR,ERR,ERR,ERR,ERR,ERR,ERR,ERR,ERR,ERR,ERR,ERR,ERR,ERR,ERR,ERR,ERR,ERR,ERR,ERR,ERR,ERR,ERR,ERR,ERR,ERR,ERR,ERR,ERR,ERR,ERR,ERR,ERR,ERR,ERR,ERR,ERR,ERR,ERR,ERR,ERR,ERR,-0.0,0.0,-107090384.0,0.0,-4368550592512.0,-1091634.0,0.0,0.0,0,0,4,17408,7116,0.0,100,0.0,0.0,0.0,0.0,0.0,0,0,0,0,0.0,0,0,0,0,0,0,0,0,0,0,0,0,0,0,0,0,0,0,0,0,0,0,0,0,0,0,0,0,0,0,0,0,0,31,40,40,71,65476,0,300,0,0,8,21553,0.0,-107605600.0,0.0,0.0,0.0,0.0,0.0,0.0,0.0,0.0,0.0,0.0,0.0,0.0,0.0,0.0,0.0,0.0,0.0,0.0,0.0,0.0,-0.0,0.0,0.0,0.0,0.0,0.0,0.0,0.0,4514.0,-1.0406635239469131e+34,6943.0,-0.0,0.0,2.004,2.004,0.0,0.0,0.0,0.0,69,-0.0,-0.0,0.0,0.0,0.0,0.0,0.0,0.0,0.0,0,0,0,0.0,0.0,0.0,0.0,0.0,0.0,0.0,0.0,0.0,0.0,0.0,0.0,0.0,0.0,0.0,0.0,0,-107875648.0,69,0.0,138,0.0,2.012,ERR,ERR,ERR,ERR,ERR,ERR,ERR,ERR,ERR,ERR,ERR,ERR,ERR,ERR,ERR,ERR,ERR,ERR,ERR,ERR,ERR,ERR,ERR,ERR,ERR,ERR,ERR,ERR,ERR,ERR,ERR,ERR,ERR,ERR,ERR,ERR,ERR,ERR,ERR,ERR,ERR,ERR,ERR,ERR,ERR,ERR,ERR,ERR,ERR,ERR,ERR,ERR,ERR,ERR,ERR,ERR,ERR,ERR,ERR,ERR,ERR,ERR,ERR,ERR,ERR,ERR,ERR,60.0,60.0,35,0.0,0.0,0.0,0.0,0.0,0.0,0.0,0.0,0.0,0.0,0.0,0.0,0.0,0.0,0.0,0.0,65.2,0,125,60,47,65476,0,65476,1,4,4,20529,65476,0,0,2621,60.0,0.0,0.0,0.0,0.0,0.0
2026-07-09T15:05:42,ERR,ERR,ERR,ERR,ERR,ERR,ERR,ERR,ERR,ERR,ERR,ERR,ERR,ERR,ERR,ERR,ERR,ERR,ERR,ERR,ERR,ERR,ERR,ERR,ERR,ERR,ERR,ERR,ERR,ERR,ERR,ERR,ERR,ERR,ERR,ERR,ERR,ERR,ERR,ERR,ERR,ERR,ERR,ERR,ERR,ERR,ERR,ERR,ERR,ERR,ERR,ERR,ERR,ERR,ERR,ERR,ERR,ERR,ERR,ERR,ERR,ERR,ERR,ERR,ERR,ERR,ERR,ERR,ERR,ERR,ERR,ERR,ERR,ERR,ERR,ERR,ERR,ERR,ERR,ERR,ERR,ERR,ERR,ERR,ERR,ERR,ERR,ERR,ERR,ERR,ERR,ERR,ERR,ERR,ERR,ERR,ERR,ERR,ERR,ERR,ERR,ERR,ERR,ERR,ERR,ERR,ERR,ERR,ERR,ERR,ERR,ERR,ERR,ERR,ERR,ERR,ERR,ERR,ERR,ERR,ERR,ERR,ERR,ERR,ERR,-0.0,0.0,-107090384.0,0.0,-4368550592512.0,-1091634.0,0.0,0.0,0,0,4,17408,7116,0.0,100,0.0,0.0,0.0,0.0,0.0,0,0,0,0,0.0,0,0,0,0,0,0,0,0,0,0,0,0,0,0,0,0,0,0,0,0,0,0,0,0,0,0,0,0,0,0,0,0,0,31,40,40,71,65476,0,300,0,0,8,21553,0.0,-107605600.0,0.0,0.0,0.0,0.0,0.0,0.0,0.0,0.0,0.0,0.0,0.0,0.0,0.0,0.0,0.0,0.0,0.0,0.0,0.0,0.0,-0.0,0.0,0.0,0.0,0.0,0.0,0.0,0.0,4514.0,-1.0406635239469131e+34,6943.0,-0.0,0.0,2.004,2.004,0.0,0.0,0.0,0.0,69,-0.0,-0.0,0.0,0.0,0.0,0.0,0.0,0.0,0.0,0,0,0,0.0,0.0,0.0,0.0,0.0,0.0,0.0,0.0,0.0,0.0,0.0,0.0,0.0,0.0,0.0,0.0,0,-107875648.0,69,0.0,138,0.0,2.012,ERR,ERR,ERR,ERR,ERR,ERR,ERR,ERR,ERR,ERR,ERR,ERR,ERR,ERR,ERR,ERR,ERR,ERR,ERR,ERR,ERR,ERR,ERR,ERR,ERR,ERR,ERR,ERR,ERR,ERR,ERR,ERR,ERR,ERR,ERR,ERR,ERR,ERR,ERR,ERR,ERR,ERR,ERR,ERR,ERR,ERR,ERR,ERR,ERR,ERR,ERR,ERR,ERR,ERR,ERR,ERR,ERR,ERR,ERR,ERR,ERR,ERR,ERR,ERR,ERR,ERR,ERR,60.0,60.0,35,0.0,0.0,0.0,0.0,0.0,0.0,0.0,0.0,0.0,0.0,0.0,0.0,0.0,0.0,0.0,0.0,65.2,0,125,60,47,65476,0,65476,1,4,4,20529,65476,0,0,2621,60.0,0.0,0.0,0.0,0.0,0.0
2026-07-09T15:05:43,ERR,ERR,ERR,ERR,ERR,ERR,ERR,ERR,ERR,ERR,ERR,ERR,ERR,ERR,ERR,ERR,ERR,ERR,ERR,ERR,ERR,ERR,ERR,ERR,ERR,ERR,ERR,ERR,ERR,ERR,ERR,ERR,ERR,ERR,ERR,ERR,ERR,ERR,ERR,ERR,ERR,ERR,ERR,ERR,ERR,ERR,ERR,ERR,ERR,ERR,ERR,ERR,ERR,ERR,ERR,ERR,ERR,ERR,ERR,ERR,ERR,ERR,ERR,ERR,ERR,ERR,ERR,ERR,ERR,ERR,ERR,ERR,ERR,ERR,ERR,ERR,ERR,ERR,ERR,ERR,ERR,ERR,ERR,ERR,ERR,ERR,ERR,ERR,ERR,ERR,ERR,ERR,ERR,ERR,ERR,ERR,ERR,ERR,ERR,ERR,ERR,ERR,ERR,ERR,ERR,ERR,ERR,ERR,ERR,ERR,ERR,ERR,ERR,ERR,ERR,ERR,ERR,ERR,ERR,ERR,ERR,ERR,ERR,ERR,ERR,0.0,0.0,0.0,0.0,2.31094336877704e+18,-968696587616256.0,16460399616.0,10256521363456.0,0,0,4,17408,7116,0.0,100,0.0,0.0,0.0,0.0,0.0,0,0,0,0,0.0,0,0,0,0,0,0,0,0,0,0,0,0,0,0,0,0,0,0,0,0,0,0,0,0,0,0,0,0,0,0,0,0,0,31,40,40,71,65476,0,300,0,0,8,21553,0.0,-107605600.0,0.0,0.0,0.0,0.0,0.0,0.0,0.0,0.0,0.0,0.0,0.0,0.0,-2.596148429267414e+33,0.0,0.0,0.0,0.0,0.0,0.0,0.0,2.004,0.0,0.0,0.0,0.0,0.0,0.0,0.0,4531.0,-0.0,6935.0,-0.0,0.0,2.004,2.004,0.0,0.0,0.0,0.0,69,-107615200.0,2.718413988053418e+23,0.0,0.0,0.0,0.0,0.0,0.0,0.0,0,0,0,0.0,0.0,0.0,0.0,0.0,0.0,0.0,0.0,0.0,0.0,0.0,0.0,0.0,0.0,0.0,0.0,0,-107875648.0,69,0.0,138,0.0,2.012,ERR,ERR,ERR,ERR,ERR,ERR,ERR,ERR,ERR,ERR,ERR,ERR,ERR,ERR,ERR,ERR,ERR,ERR,ERR,ERR,ERR,ERR,ERR,ERR,ERR,ERR,ERR,ERR,ERR,ERR,ERR,ERR,ERR,ERR,ERR,ERR,ERR,ERR,ERR,ERR,ERR,ERR,ERR,ERR,ERR,ERR,ERR,ERR,ERR,ERR,ERR,ERR,ERR,ERR,ERR,ERR,ERR,ERR,ERR,ERR,ERR,ERR,ERR,ERR,ERR,ERR,ERR,60.0,60.0,35,0.0,0.0,0.0,0.0,0.0,0.0,0.0,0.0,0.0,0.0,0.0,0.0,0.0,0.0,0.0,0.0,65.6,0,125,60,47,65476,0,65476,1,4,4,20529,65476,0,0,2621,60.0,0.0,0.0,0.0,0.0,0.0
2026-07-09T15:05:44,ERR,ERR,ERR,ERR,ERR,ERR,ERR,ERR,ERR,ERR,ERR,ERR,ERR,ERR,ERR,ERR,ERR,ERR,ERR,ERR,ERR,ERR,ERR,ERR,ERR,ERR,ERR,ERR,ERR,ERR,ERR,ERR,ERR,ERR,ERR,ERR,ERR,ERR,ERR,ERR,ERR,ERR,ERR,ERR,ERR,ERR,ERR,ERR,ERR,ERR,ERR,ERR,ERR,ERR,ERR,ERR,ERR,ERR,ERR,ERR,ERR,ERR,ERR,ERR,ERR,ERR,ERR,ERR,ERR,ERR,ERR,ERR,ERR,ERR,ERR,ERR,ERR,ERR,ERR,ERR,ERR,ERR,ERR,ERR,ERR,ERR,ERR,ERR,ERR,ERR,ERR,ERR,ERR,ERR,ERR,ERR,ERR,ERR,ERR,ERR,ERR,ERR,ERR,ERR,ERR,ERR,ERR,ERR,ERR,ERR,ERR,ERR,ERR,ERR,ERR,ERR,ERR,ERR,ERR,ERR,ERR,ERR,ERR,ERR,ERR,0.0,0.0,0.0,0.0,2.31094336877704e+18,-968696587616256.0,16460399616.0,10256521363456.0,0,0,4,17408,7116,0.0,100,0.0,0.0,0.0,0.0,0.0,0,0,0,0,0.0,0,0,0,0,0,0,0,0,0,0,0,0,0,0,0,0,0,0,0,0,0,0,0,0,0,0,0,0,0,0,0,0,0,31,40,40,71,65476,0,300,0,0,8,21553,0.0,-107605600.0,0.0,0.0,0.0,0.0,0.0,0.0,0.0,0.0,0.0,0.0,0.0,0.0,-2.596148429267414e+33,0.0,0.0,0.0,0.0,0.0,0.0,0.0,2.004,0.0,0.0,0.0,0.0,0.0,0.0,0.0,4531.0,-0.0,6935.0,-0.0,0.0,2.004,2.004,0.0,0.0,0.0,0.0,69,-107615200.0,2.718413988053418e+23,0.0,0.0,0.0,0.0,0.0,0.0,0.0,0,0,0,0.0,0.0,0.0,0.0,0.0,0.0,0.0,0.0,0.0,0.0,0.0,0.0,0.0,0.0,0.0,0.0,0,-107875648.0,69,0.0,138,0.0,2.012,ERR,ERR,ERR,ERR,ERR,ERR,ERR,ERR,ERR,ERR,ERR,ERR,ERR,ERR,ERR,ERR,ERR,ERR,ERR,ERR,ERR,ERR,ERR,ERR,ERR,ERR,ERR,ERR,ERR,ERR,ERR,ERR,ERR,ERR,ERR,ERR,ERR,ERR,ERR,ERR,ERR,ERR,ERR,ERR,ERR,ERR,ERR,ERR,ERR,ERR,ERR,ERR,ERR,ERR,ERR,ERR,ERR,ERR,ERR,ERR,ERR,ERR,ERR,ERR,ERR,ERR,ERR,60.0,60.0,35,0.0,0.0,0.0,0.0,0.0,0.0,0.0,0.0,0.0,0.0,0.0,0.0,0.0,0.0,0.0,0.0,65.6,0,125,60,47,65476,0,65476,1,4,4,20529,65476,0,0,2621,60.0,0.0,0.0,0.0,0.0,0.0
2026-07-09T15:05:45,ERR,ERR,ERR,ERR,ERR,ERR,ERR,ERR,ERR,ERR,ERR,ERR,ERR,ERR,ERR,ERR,ERR,ERR,ERR,ERR,ERR,ERR,ERR,ERR,ERR,ERR,ERR,ERR,ERR,ERR,ERR,ERR,ERR,ERR,ERR,ERR,ERR,ERR,ERR,ERR,ERR,ERR,ERR,ERR,ERR,ERR,ERR,ERR,ERR,ERR,ERR,ERR,ERR,ERR,ERR,ERR,ERR,ERR,ERR,ERR,ERR,ERR,ERR,ERR,ERR,ERR,ERR,ERR,ERR,ERR,ERR,ERR,ERR,ERR,ERR,ERR,ERR,ERR,ERR,ERR,ERR,ERR,ERR,ERR,ERR,ERR,ERR,ERR,ERR,ERR,ERR,ERR,ERR,ERR,ERR,ERR,ERR,ERR,ERR,ERR,ERR,ERR,ERR,ERR,ERR,ERR,ERR,ERR,ERR,ERR,ERR,ERR,ERR,ERR,ERR,ERR,ERR,ERR,ERR,ERR,ERR,ERR,ERR,ERR,ERR,0.0,0.0,0.0,0.0,2.31094336877704e+18,-968696587616256.0,16460399616.0,10256521363456.0,0,0,4,17408,7116,0.0,100,0.0,0.0,0.0,0.0,0.0,0,0,0,0,0.0,0,0,0,0,0,0,0,0,0,0,0,0,0,0,0,0,0,0,0,0,0,0,0,0,0,0,0,0,0,0,0,0,0,31,40,40,71,65476,0,300,0,0,8,21553,0.0,-107605600.0,0.0,0.0,0.0,0.0,0.0,0.0,0.0,0.0,0.0,0.0,0.0,0.0,-2.596148429267414e+33,0.0,0.0,0.0,0.0,0.0,0.0,0.0,2.004,0.0,0.0,0.0,0.0,0.0,0.0,0.0,4531.0,-0.0,6935.0,-0.0,0.0,2.004,2.004,0.0,0.0,0.0,0.0,69,-107615200.0,2.718413988053418e+23,0.0,0.0,0.0,0.0,0.0,0.0,0.0,0,0,0,0.0,0.0,0.0,0.0,0.0,0.0,0.0,0.0,0.0,0.0,0.0,0.0,0.0,0.0,0.0,0.0,0,-107875648.0,69,0.0,138,0.0,2.012,ERR,ERR,ERR,ERR,ERR,ERR,ERR,ERR,ERR,ERR,ERR,ERR,ERR,ERR,ERR,ERR,ERR,ERR,ERR,ERR,ERR,ERR,ERR,ERR,ERR,ERR,ERR,ERR,ERR,ERR,ERR,ERR,ERR,ERR,ERR,ERR,ERR,ERR,ERR,ERR,ERR,ERR,ERR,ERR,ERR,ERR,ERR,ERR,ERR,ERR,ERR,ERR,ERR,ERR,ERR,ERR,ERR,ERR,ERR,ERR,ERR,ERR,ERR,ERR,ERR,ERR,ERR,60.0,60.0,35,0.0,0.0,0.0,0.0,0.0,0.0,0.0,0.0,0.0,0.0,0.0,0.0,0.0,0.0,0.0,0.0,65.6,0,125,60,47,65476,0,65476,1,4,4,20529,65476,0,0,2621,60.0,0.0,0.0,0.0,0.0,0.0
2026-07-09T15:05:46,ERR,ERR,ERR,ERR,ERR,ERR,ERR,ERR,ERR,ERR,ERR,ERR,ERR,ERR,ERR,ERR,ERR,ERR,ERR,ERR,ERR,ERR,ERR,ERR,ERR,ERR,ERR,ERR,ERR,ERR,ERR,ERR,ERR,ERR,ERR,ERR,ERR,ERR,ERR,ERR,ERR,ERR,ERR,ERR,ERR,ERR,ERR,ERR,ERR,ERR,ERR,ERR,ERR,ERR,ERR,ERR,ERR,ERR,ERR,ERR,ERR,ERR,ERR,ERR,ERR,ERR,ERR,ERR,ERR,ERR,ERR,ERR,ERR,ERR,ERR,ERR,ERR,ERR,ERR,ERR,ERR,ERR,ERR,ERR,ERR,ERR,ERR,ERR,ERR,ERR,ERR,ERR,ERR,ERR,ERR,ERR,ERR,ERR,ERR,ERR,ERR,ERR,ERR,ERR,ERR,ERR,ERR,ERR,ERR,ERR,ERR,ERR,ERR,ERR,ERR,ERR,ERR,ERR,ERR,ERR,ERR,ERR,ERR,ERR,ERR,0.0,0.0,0.0,0.0,2.31094336877704e+18,-968696587616256.0,16460399616.0,10256521363456.0,0,0,4,17408,7116,0.0,100,0.0,0.0,0.0,0.0,0.0,0,0,0,0,0.0,0,0,0,0,0,0,0,0,0,0,0,0,0,0,0,0,0,0,0,0,0,0,0,0,0,0,0,0,0,0,0,0,0,31,40,40,71,65476,0,300,0,0,8,21553,0.0,-107605600.0,0.0,0.0,0.0,0.0,0.0,0.0,0.0,0.0,0.0,0.0,0.0,0.0,-2.596148429267414e+33,0.0,0.0,0.0,0.0,0.0,0.0,0.0,2.004,0.0,0.0,0.0,0.0,0.0,0.0,0.0,4531.0,-0.0,6935.0,-0.0,0.0,2.004,2.004,0.0,0.0,0.0,0.0,69,-107615200.0,2.718413988053418e+23,0.0,0.0,0.0,0.0,0.0,0.0,0.0,0,0,0,0.0,0.0,0.0,0.0,0.0,0.0,0.0,0.0,0.0,0.0,0.0,0.0,0.0,0.0,0.0,0.0,0,-107875648.0,69,0.0,138,0.0,2.012,ERR,ERR,ERR,ERR,ERR,ERR,ERR,ERR,ERR,ERR,ERR,ERR,ERR,ERR,ERR,ERR,ERR,ERR,ERR,ERR,ERR,ERR,ERR,ERR,ERR,ERR,ERR,ERR,ERR,ERR,ERR,ERR,ERR,ERR,ERR,ERR,ERR,ERR,ERR,ERR,ERR,ERR,ERR,ERR,ERR,ERR,ERR,ERR,ERR,ERR,ERR,ERR,ERR,ERR,ERR,ERR,ERR,ERR,ERR,ERR,ERR,ERR,ERR,ERR,ERR,ERR,ERR,60.0,60.0,35,0.0,0.0,0.0,0.0,0.0,0.0,0.0,0.0,0.0,0.0,0.0,0.0,0.0,0.0,0.0,0.0,65.2,0,125,60,47,65476,0,65476,1,4,4,20529,65476,0,0,2621,60.0,0.0,0.0,0.0,0.0,0.0
2026-07-09T15:05:47,ERR,ERR,ERR,ERR,ERR,ERR,ERR,ERR,ERR,ERR,ERR,ERR,ERR,ERR,ERR,ERR,ERR,ERR,ERR,ERR,ERR,ERR,ERR,ERR,ERR,ERR,ERR,ERR,ERR,ERR,ERR,ERR,ERR,ERR,ERR,ERR,ERR,ERR,ERR,ERR,ERR,ERR,ERR,ERR,ERR,ERR,ERR,ERR,ERR,ERR,ERR,ERR,ERR,ERR,ERR,ERR,ERR,ERR,ERR,ERR,ERR,ERR,ERR,ERR,ERR,ERR,ERR,ERR,ERR,ERR,ERR,ERR,ERR,ERR,ERR,ERR,ERR,ERR,ERR,ERR,ERR,ERR,ERR,ERR,ERR,ERR,ERR,ERR,ERR,ERR,ERR,ERR,ERR,ERR,ERR,ERR,ERR,ERR,ERR,ERR,ERR,ERR,ERR,ERR,ERR,ERR,ERR,ERR,ERR,ERR,ERR,ERR,ERR,ERR,ERR,ERR,ERR,ERR,ERR,ERR,ERR,ERR,ERR,ERR,ERR,0.0,0.0,0.0,0.0,2.31094336877704e+18,-968696587616256.0,16460399616.0,10256521363456.0,0,0,4,17408,7116,0.0,100,0.0,0.0,0.0,0.0,0.0,0,0,0,0,0.0,0,0,0,0,0,0,0,0,0,0,0,0,0,0,0,0,0,0,0,0,0,0,0,0,0,0,0,0,0,0,0,0,0,31,40,40,71,65476,0,300,0,0,8,21553,0.0,-107605600.0,0.0,0.0,0.0,0.0,0.0,0.0,0.0,0.0,0.0,0.0,0.0,0.0,-2.596148429267414e+33,0.0,0.0,0.0,0.0,0.0,0.0,0.0,2.004,0.0,0.0,0.0,0.0,0.0,0.0,0.0,4531.0,-0.0,6935.0,-0.0,0.0,2.004,2.004,0.0,0.0,0.0,0.0,69,-107615200.0,2.718413988053418e+23,0.0,0.0,0.0,0.0,0.0,0.0,0.0,0,0,0,0.0,0.0,0.0,0.0,0.0,0.0,0.0,0.0,0.0,0.0,0.0,0.0,0.0,0.0,0.0,0.0,0,-107875648.0,69,0.0,138,0.0,2.012,ERR,ERR,ERR,ERR,ERR,ERR,ERR,ERR,ERR,ERR,ERR,ERR,ERR,ERR,ERR,ERR,ERR,ERR,ERR,ERR,ERR,ERR,ERR,ERR,ERR,ERR,ERR,ERR,ERR,ERR,ERR,ERR,ERR,ERR,ERR,ERR,ERR,ERR,ERR,ERR,ERR,ERR,ERR,ERR,ERR,ERR,ERR,ERR,ERR,ERR,ERR,ERR,ERR,ERR,ERR,ERR,ERR,ERR,ERR,ERR,ERR,ERR,ERR,ERR,ERR,ERR,ERR,60.0,60.0,35,0.0,0.0,0.0,0.0,0.0,0.0,0.0,0.0,0.0,0.0,0.0,0.0,0.0,0.0,0.0,0.0,65.2,0,125,60,47,65476,0,65476,1,4,4,20529,65476,0,0,2621,60.0,0.0,0.0,0.0,0.0,0.0
2026-07-09T15:05:48,ERR,ERR,ERR,ERR,ERR,ERR,ERR,ERR,ERR,ERR,ERR,ERR,ERR,ERR,ERR,ERR,ERR,ERR,ERR,ERR,ERR,ERR,ERR,ERR,ERR,ERR,ERR,ERR,ERR,ERR,ERR,ERR,ERR,ERR,ERR,ERR,ERR,ERR,ERR,ERR,ERR,ERR,ERR,ERR,ERR,ERR,ERR,ERR,ERR,ERR,ERR,ERR,ERR,ERR,ERR,ERR,ERR,ERR,ERR,ERR,ERR,ERR,ERR,ERR,ERR,ERR,ERR,ERR,ERR,ERR,ERR,ERR,ERR,ERR,ERR,ERR,ERR,ERR,ERR,ERR,ERR,ERR,ERR,ERR,ERR,ERR,ERR,ERR,ERR,ERR,ERR,ERR,ERR,ERR,ERR,ERR,ERR,ERR,ERR,ERR,ERR,ERR,ERR,ERR,ERR,ERR,ERR,ERR,ERR,ERR,ERR,ERR,ERR,ERR,ERR,ERR,ERR,ERR,ERR,ERR,ERR,ERR,ERR,ERR,ERR,0.0,0.0,-107614672.0,-107612512.0,2068.529,-0.0,4.650332280065865e+33,0.0,0,0,4,17406,7116,0.0,100,0.0,0.0,2.718366610185338e+23,0.0,0.0,0,0,0,0,0.0,0,0,0,0,0,0,0,0,0,0,0,0,0,0,0,0,0,0,0,0,0,0,0,0,0,0,0,0,0,0,0,0,0,31,40,40,71,65476,0,300,0,0,8,21553,0.0,-107605600.0,0.0,0.0,0.0,0.0,0.0,0.0,0.0,0.0,0.0,0.0,0.0,0.0,0.0,0.0,0.0,0.0,0.0,0.0,0.0,0.0,2.004,0.0,0.0,0.0,0.0,0.0,0.0,0.0,4514.0,-0.0,6933.0,0.0,0.0,2.004,2.004,0.0,0.0,0.0,0.0,69,89220.969,126840381440.0,0.0,0.0,0.0,0.0,0.0,0.0,0.0,0,0,0,0.0,0.0,0.0,0.0,0.0,0.0,0.0,0.0,0.0,0.0,0.0,0.0,0.0,0.0,0.0,0.0,0,-107875648.0,69,0.0,138,0.0,2.012,ERR,ERR,ERR,ERR,ERR,ERR,ERR,ERR,ERR,ERR,ERR,ERR,ERR,ERR,ERR,ERR,ERR,ERR,ERR,ERR,ERR,ERR,ERR,ERR,ERR,ERR,ERR,ERR,ERR,ERR,ERR,ERR,ERR,ERR,ERR,ERR,ERR,ERR,ERR,ERR,ERR,ERR,ERR,ERR,ERR,ERR,ERR,ERR,ERR,ERR,ERR,ERR,ERR,ERR,ERR,ERR,ERR,ERR,ERR,ERR,ERR,ERR,ERR,ERR,ERR,ERR,ERR,60.0,60.0,35,0.0,0.0,0.0,0.0,0.0,0.0,0.0,0.0,0.0,0.0,0.0,0.0,0.0,0.0,0.0,0.0,65.2,0,125,60,47,65476,0,65476,1,4,4,20529,65476,0,0,2621,60.0,0.0,0.0,0.0,0.0,0.0
2026-07-09T15:05:49,ERR,ERR,ERR,ERR,ERR,ERR,ERR,ERR,ERR,ERR,ERR,ERR,ERR,ERR,ERR,ERR,ERR,ERR,ERR,ERR,ERR,ERR,ERR,ERR,ERR,ERR,ERR,ERR,ERR,ERR,ERR,ERR,ERR,ERR,ERR,ERR,ERR,ERR,ERR,ERR,ERR,ERR,ERR,ERR,ERR,ERR,ERR,ERR,ERR,ERR,ERR,ERR,ERR,ERR,ERR,ERR,ERR,ERR,ERR,ERR,ERR,ERR,ERR,ERR,ERR,ERR,ERR,ERR,ERR,ERR,ERR,ERR,ERR,ERR,ERR,ERR,ERR,ERR,ERR,ERR,ERR,ERR,ERR,ERR,ERR,ERR,ERR,ERR,ERR,ERR,ERR,ERR,ERR,ERR,ERR,ERR,ERR,ERR,ERR,ERR,ERR,ERR,ERR,ERR,ERR,ERR,ERR,ERR,ERR,ERR,ERR,ERR,ERR,ERR,ERR,ERR,ERR,ERR,ERR,ERR,ERR,ERR,ERR,ERR,ERR,0.0,0.0,-107614672.0,-107612512.0,2068.529,-0.0,4.650332280065865e+33,0.0,0,0,4,17406,7116,0.0,100,0.0,0.0,2.718366610185338e+23,0.0,0.0,0,0,0,0,0.0,0,0,0,0,0,0,0,0,0,0,0,0,0,0,0,0,0,0,0,0,0,0,0,0,0,0,0,0,0,0,0,0,0,31,40,40,71,65476,0,300,0,0,8,21553,0.0,-107605600.0,0.0,0.0,0.0,0.0,0.0,0.0,0.0,0.0,0.0,0.0,0.0,0.0,0.0,0.0,0.0,0.0,0.0,0.0,0.0,0.0,2.004,0.0,0.0,0.0,0.0,0.0,0.0,0.0,4514.0,-0.0,6933.0,0.0,0.0,2.004,2.004,0.0,0.0,0.0,0.0,69,89220.969,126840381440.0,0.0,0.0,0.0,0.0,0.0,0.0,0.0,0,0,0,0.0,0.0,0.0,0.0,0.0,0.0,0.0,0.0,0.0,0.0,0.0,0.0,0.0,0.0,0.0,0.0,0,-107875648.0,69,0.0,138,0.0,2.012,ERR,ERR,ERR,ERR,ERR,ERR,ERR,ERR,ERR,ERR,ERR,ERR,ERR,ERR,ERR,ERR,ERR,ERR,ERR,ERR,ERR,ERR,ERR,ERR,ERR,ERR,ERR,ERR,ERR,ERR,ERR,ERR,ERR,ERR,ERR,ERR,ERR,ERR,ERR,ERR,ERR,ERR,ERR,ERR,ERR,ERR,ERR,ERR,ERR,ERR,ERR,ERR,ERR,ERR,ERR,ERR,ERR,ERR,ERR,ERR,ERR,ERR,ERR,ERR,ERR,ERR,ERR,60.0,60.0,35,0.0,0.0,0.0,0.0,0.0,0.0,0.0,0.0,0.0,0.0,0.0,0.0,0.0,0.0,0.0,0.0,65.2,0,125,60,47,65476,0,65476,1,4,4,20529,65476,0,0,2621,60.0,0.0,0.0,0.0,0.0,0.0
2026-07-09T15:05:50,ERR,ERR,ERR,ERR,ERR,ERR,ERR,ERR,ERR,ERR,ERR,ERR,ERR,ERR,ERR,ERR,ERR,ERR,ERR,ERR,ERR,ERR,ERR,ERR,ERR,ERR,ERR,ERR,ERR,ERR,ERR,ERR,ERR,ERR,ERR,ERR,ERR,ERR,ERR,ERR,ERR,ERR,ERR,ERR,ERR,ERR,ERR,ERR,ERR,ERR,ERR,ERR,ERR,ERR,ERR,ERR,ERR,ERR,ERR,ERR,ERR,ERR,ERR,ERR,ERR,ERR,ERR,ERR,ERR,ERR,ERR,ERR,ERR,ERR,ERR,ERR,ERR,ERR,ERR,ERR,ERR,ERR,ERR,ERR,ERR,ERR,ERR,ERR,ERR,ERR,ERR,ERR,ERR,ERR,ERR,ERR,ERR,ERR,ERR,ERR,ERR,ERR,ERR,ERR,ERR,ERR,ERR,ERR,ERR,ERR,ERR,ERR,ERR,ERR,ERR,ERR,ERR,ERR,ERR,ERR,ERR,ERR,ERR,ERR,ERR,0.0,0.0,-107614672.0,-107612512.0,2068.529,-0.0,4.650332280065865e+33,0.0,0,0,4,17406,7116,0.0,100,0.0,0.0,2.718366610185338e+23,0.0,0.0,0,0,0,0,0.0,0,0,0,0,0,0,0,0,0,0,0,0,0,0,0,0,0,0,0,0,0,0,0,0,0,0,0,0,0,0,0,0,0,31,40,40,71,65476,0,300,0,0,8,21553,0.0,-107605600.0,0.0,0.0,0.0,0.0,0.0,0.0,0.0,0.0,0.0,0.0,0.0,0.0,0.0,0.0,0.0,0.0,0.0,0.0,0.0,0.0,2.004,0.0,0.0,0.0,0.0,0.0,0.0,0.0,4514.0,-0.0,6933.0,0.0,0.0,2.004,2.004,0.0,0.0,0.0,0.0,69,89220.969,126840381440.0,0.0,0.0,0.0,0.0,0.0,0.0,0.0,0,0,0,0.0,0.0,0.0,0.0,0.0,0.0,0.0,0.0,0.0,0.0,0.0,0.0,0.0,0.0,0.0,0.0,0,-107875648.0,69,0.0,138,0.0,2.012,ERR,ERR,ERR,ERR,ERR,ERR,ERR,ERR,ERR,ERR,ERR,ERR,ERR,ERR,ERR,ERR,ERR,ERR,ERR,ERR,ERR,ERR,ERR,ERR,ERR,ERR,ERR,ERR,ERR,ERR,ERR,ERR,ERR,ERR,ERR,ERR,ERR,ERR,ERR,ERR,ERR,ERR,ERR,ERR,ERR,ERR,ERR,ERR,ERR,ERR,ERR,ERR,ERR,ERR,ERR,ERR,ERR,ERR,ERR,ERR,ERR,ERR,ERR,ERR,ERR,ERR,ERR,60.0,60.0,35,0.0,0.0,0.0,0.0,0.0,0.0,0.0,0.0,0.0,0.0,0.0,0.0,0.0,0.0,0.0,0.0,65.2,0,125,60,46,65476,0,65476,1,4,4,20529,65476,0,0,2621,60.0,0.0,0.0,0.0,0.0,0.0
2026-07-09T15:05:51,ERR,ERR,ERR,ERR,ERR,ERR,ERR,ERR,ERR,ERR,ERR,ERR,ERR,ERR,ERR,ERR,ERR,ERR,ERR,ERR,ERR,ERR,ERR,ERR,ERR,ERR,ERR,ERR,ERR,ERR,ERR,ERR,ERR,ERR,ERR,ERR,ERR,ERR,ERR,ERR,ERR,ERR,ERR,ERR,ERR,ERR,ERR,ERR,ERR,ERR,ERR,ERR,ERR,ERR,ERR,ERR,ERR,ERR,ERR,ERR,ERR,ERR,ERR,ERR,ERR,ERR,ERR,ERR,ERR,ERR,ERR,ERR,ERR,ERR,ERR,ERR,ERR,ERR,ERR,ERR,ERR,ERR,ERR,ERR,ERR,ERR,ERR,ERR,ERR,ERR,ERR,ERR,ERR,ERR,ERR,ERR,ERR,ERR,ERR,ERR,ERR,ERR,ERR,ERR,ERR,ERR,ERR,ERR,ERR,ERR,ERR,ERR,ERR,ERR,ERR,ERR,ERR,ERR,ERR,ERR,ERR,ERR,ERR,ERR,ERR,0.0,0.0,-107614672.0,-107612512.0,2068.529,-0.0,4.650332280065865e+33,0.0,0,0,4,17406,7116,0.0,100,0.0,0.0,2.718366610185338e+23,0.0,0.0,0,0,0,0,0.0,0,0,0,0,0,0,0,0,0,0,0,0,0,0,0,0,0,0,0,0,0,0,0,0,0,0,0,0,0,0,0,0,0,31,40,40,71,65476,0,300,0,0,8,21553,0.0,-107605600.0,0.0,0.0,0.0,0.0,0.0,0.0,0.0,0.0,0.0,0.0,0.0,0.0,0.0,0.0,0.0,0.0,0.0,0.0,0.0,0.0,2.004,0.0,0.0,0.0,0.0,0.0,0.0,0.0,4514.0,-0.0,6933.0,0.0,0.0,2.004,2.004,0.0,0.0,0.0,0.0,69,89220.969,126840381440.0,0.0,0.0,0.0,0.0,0.0,0.0,0.0,0,0,0,0.0,0.0,0.0,0.0,0.0,0.0,0.0,0.0,0.0,0.0,0.0,0.0,0.0,0.0,0.0,0.0,0,-107875648.0,69,0.0,138,0.0,2.012,ERR,ERR,ERR,ERR,ERR,ERR,ERR,ERR,ERR,ERR,ERR,ERR,ERR,ERR,ERR,ERR,ERR,ERR,ERR,ERR,ERR,ERR,ERR,ERR,ERR,ERR,ERR,ERR,ERR,ERR,ERR,ERR,ERR,ERR,ERR,ERR,ERR,ERR,ERR,ERR,ERR,ERR,ERR,ERR,ERR,ERR,ERR,ERR,ERR,ERR,ERR,ERR,ERR,ERR,ERR,ERR,ERR,ERR,ERR,ERR,ERR,ERR,ERR,ERR,ERR,ERR,ERR,60.0,60.0,35,0.0,0.0,0.0,0.0,0.0,0.0,0.0,0.0,0.0,0.0,0.0,0.0,0.0,0.0,0.0,0.0,65.6,0,125,60,46,65476,0,65476,1,4,4,20529,65476,0,0,2621,60.0,0.0,0.0,0.0,0.0,0.0
2026-07-09T15:05:52,ERR,ERR,ERR,ERR,ERR,ERR,ERR,ERR,ERR,ERR,ERR,ERR,ERR,ERR,ERR,ERR,ERR,ERR,ERR,ERR,ERR,ERR,ERR,ERR,ERR,ERR,ERR,ERR,ERR,ERR,ERR,ERR,ERR,ERR,ERR,ERR,ERR,ERR,ERR,ERR,ERR,ERR,ERR,ERR,ERR,ERR,ERR,ERR,ERR,ERR,ERR,ERR,ERR,ERR,ERR,ERR,ERR,ERR,ERR,ERR,ERR,ERR,ERR,ERR,ERR,ERR,ERR,ERR,ERR,ERR,ERR,ERR,ERR,ERR,ERR,ERR,ERR,ERR,ERR,ERR,ERR,ERR,ERR,ERR,ERR,ERR,ERR,ERR,ERR,ERR,ERR,ERR,ERR,ERR,ERR,ERR,ERR,ERR,ERR,ERR,ERR,ERR,ERR,ERR,ERR,ERR,ERR,ERR,ERR,ERR,ERR,ERR,ERR,ERR,ERR,ERR,ERR,ERR,ERR,ERR,ERR,ERR,ERR,ERR,ERR,0.0,0.0,-107614672.0,-107612512.0,2068.529,-0.0,4.650332280065865e+33,0.0,0,0,4,17406,7116,0.0,100,0.0,0.0,2.718366610185338e+23,0.0,0.0,0,0,0,0,0.0,0,0,0,0,0,0,0,0,0,0,0,0,0,0,0,0,0,0,0,0,0,0,0,0,0,0,0,0,0,0,0,0,0,31,40,40,71,65476,0,300,0,0,8,21553,0.0,-107605600.0,0.0,0.0,0.0,0.0,0.0,0.0,0.0,0.0,0.0,0.0,0.0,0.0,0.0,0.0,0.0,0.0,0.0,0.0,0.0,0.0,2.004,0.0,0.0,0.0,0.0,0.0,0.0,0.0,4514.0,-0.0,6933.0,0.0,0.0,2.004,2.004,0.0,0.0,0.0,0.0,69,89220.969,126840381440.0,0.0,0.0,0.0,0.0,0.0,0.0,0.0,0,0,0,0.0,0.0,0.0,0.0,0.0,0.0,0.0,0.0,0.0,0.0,0.0,0.0,0.0,0.0,0.0,0.0,0,-107875648.0,69,0.0,138,0.0,2.012,ERR,ERR,ERR,ERR,ERR,ERR,ERR,ERR,ERR,ERR,ERR,ERR,ERR,ERR,ERR,ERR,ERR,ERR,ERR,ERR,ERR,ERR,ERR,ERR,ERR,ERR,ERR,ERR,ERR,ERR,ERR,ERR,ERR,ERR,ERR,ERR,ERR,ERR,ERR,ERR,ERR,ERR,ERR,ERR,ERR,ERR,ERR,ERR,ERR,ERR,ERR,ERR,ERR,ERR,ERR,ERR,ERR,ERR,ERR,ERR,ERR,ERR,ERR,ERR,ERR,ERR,ERR,60.0,60.0,35,0.0,0.0,0.0,0.0,0.0,0.0,0.0,0.0,0.0,0.0,0.0,0.0,0.0,0.0,0.0,0.0,65.6,0,125,60,46,65476,0,65476,1,4,4,20529,65476,0,0,2621,60.0,0.0,0.0,0.0,0.0,0.0
2026-07-09T15:05:53,ERR,ERR,ERR,ERR,ERR,ERR,ERR,ERR,ERR,ERR,ERR,ERR,ERR,ERR,ERR,ERR,ERR,ERR,ERR,ERR,ERR,ERR,ERR,ERR,ERR,ERR,ERR,ERR,ERR,ERR,ERR,ERR,ERR,ERR,ERR,ERR,ERR,ERR,ERR,ERR,ERR,ERR,ERR,ERR,ERR,ERR,ERR,ERR,ERR,ERR,ERR,ERR,ERR,ERR,ERR,ERR,ERR,ERR,ERR,ERR,ERR,ERR,ERR,ERR,ERR,ERR,ERR,ERR,ERR,ERR,ERR,ERR,ERR,ERR,ERR,ERR,ERR,ERR,ERR,ERR,ERR,ERR,ERR,ERR,ERR,ERR,ERR,ERR,ERR,ERR,ERR,ERR,ERR,ERR,ERR,ERR,ERR,ERR,ERR,ERR,ERR,ERR,ERR,ERR,ERR,ERR,ERR,ERR,ERR,ERR,ERR,ERR,ERR,ERR,ERR,ERR,ERR,ERR,ERR,ERR,ERR,ERR,ERR,ERR,ERR,0.0,0.0,-107614672.0,0.0,-4407774150656.0,-0.0,3.560321954620285e+37,4.775540663813994e+23,0,0,4,17408,7116,0.0,100,0.0,0.0,0.0,0.0,0.0,0,0,0,0,0.0,0,0,0,0,0,0,0,0,0,0,0,0,0,0,0,0,0,0,0,0,0,0,0,0,0,0,0,0,0,0,0,0,0,31,40,40,71,65476,0,300,0,0,8,21553,0.0,-107605600.0,0.0,0.0,0.0,0.0,0.0,0.0,0.0,0.0,0.0,0.0,0.0,0.0,0.0,0.0,0.0,0.0,0.0,0.0,0.0,0.0,2.004,0.0,0.0,0.0,0.0,0.0,0.0,0.0,4539.0,1.5879265196943865e+29,6928.0,0.0,0.0,2.004,2.004,0.0,0.0,0.0,0.0,69,-0.0,0.0,0.0,0.0,0.0,0.0,0.0,0.0,0.0,0,0,0,0.0,0.0,0.0,0.0,0.0,0.0,0.0,0.0,0.0,0.0,0.0,0.0,0.0,0.0,0.0,0.0,0,-107875648.0,69,0.0,138,0.0,2.012,ERR,ERR,ERR,ERR,ERR,ERR,ERR,ERR,ERR,ERR,ERR,ERR,ERR,ERR,ERR,ERR,ERR,ERR,ERR,ERR,ERR,ERR,ERR,ERR,ERR,ERR,ERR,ERR,ERR,ERR,ERR,ERR,ERR,ERR,ERR,ERR,ERR,ERR,ERR,ERR,ERR,ERR,ERR,ERR,ERR,ERR,ERR,ERR,ERR,ERR,ERR,ERR,ERR,ERR,ERR,ERR,ERR,ERR,ERR,ERR,ERR,ERR,ERR,ERR,ERR,ERR,ERR,60.0,60.0,35,0.0,0.0,0.0,0.0,0.0,0.0,0.0,0.0,0.0,0.0,0.0,0.0,0.0,0.0,0.0,0.0,65.6,0,125,60,46,65476,0,65476,1,4,4,20529,65476,0,0,2621,60.0,0.0,0.0,0.0,0.0,0.0
2026-07-09T15:05:54,ERR,ERR,ERR,ERR,ERR,ERR,ERR,ERR,ERR,ERR,ERR,ERR,ERR,ERR,ERR,ERR,ERR,ERR,ERR,ERR,ERR,ERR,ERR,ERR,ERR,ERR,ERR,ERR,ERR,ERR,ERR,ERR,ERR,ERR,ERR,ERR,ERR,ERR,ERR,ERR,ERR,ERR,ERR,ERR,ERR,ERR,ERR,ERR,ERR,ERR,ERR,ERR,ERR,ERR,ERR,ERR,ERR,ERR,ERR,ERR,ERR,ERR,ERR,ERR,ERR,ERR,ERR,ERR,ERR,ERR,ERR,ERR,ERR,ERR,ERR,ERR,ERR,ERR,ERR,ERR,ERR,ERR,ERR,ERR,ERR,ERR,ERR,ERR,ERR,ERR,ERR,ERR,ERR,ERR,ERR,ERR,ERR,ERR,ERR,ERR,ERR,ERR,ERR,ERR,ERR,ERR,ERR,ERR,ERR,ERR,ERR,ERR,ERR,ERR,ERR,ERR,ERR,ERR,ERR,ERR,ERR,ERR,ERR,ERR,ERR,0.0,0.0,-107614672.0,0.0,-4407774150656.0,-0.0,3.560321954620285e+37,4.775540663813994e+23,0,0,4,17408,7116,0.0,100,0.0,0.0,0.0,0.0,0.0,0,0,0,0,0.0,0,0,0,0,0,0,0,0,0,0,0,0,0,0,0,0,0,0,0,0,0,0,0,0,0,0,0,0,0,0,0,0,0,31,40,40,71,65476,0,300,0,0,8,21553,0.0,-107605600.0,0.0,0.0,0.0,0.0,0.0,0.0,0.0,0.0,0.0,0.0,0.0,0.0,0.0,0.0,0.0,0.0,0.0,0.0,0.0,0.0,2.004,0.0,0.0,0.0,0.0,0.0,0.0,0.0,4539.0,1.5879265196943865e+29,6928.0,0.0,0.0,2.004,2.004,0.0,0.0,0.0,0.0,69,-0.0,0.0,0.0,0.0,0.0,0.0,0.0,0.0,0.0,0,0,0,0.0,0.0,0.0,0.0,0.0,0.0,0.0,0.0,0.0,0.0,0.0,0.0,0.0,0.0,0.0,0.0,0,-107875648.0,69,0.0,138,0.0,2.012,ERR,ERR,ERR,ERR,ERR,ERR,ERR,ERR,ERR,ERR,ERR,ERR,ERR,ERR,ERR,ERR,ERR,ERR,ERR,ERR,ERR,ERR,ERR,ERR,ERR,ERR,ERR,ERR,ERR,ERR,ERR,ERR,ERR,ERR,ERR,ERR,ERR,ERR,ERR,ERR,ERR,ERR,ERR,ERR,ERR,ERR,ERR,ERR,ERR,ERR,ERR,ERR,ERR,ERR,ERR,ERR,ERR,ERR,ERR,ERR,ERR,ERR,ERR,ERR,ERR,ERR,ERR,60.0,60.0,35,0.0,0.0,0.0,0.0,0.0,0.0,0.0,0.0,0.0,0.0,0.0,0.0,0.0,0.0,0.0,0.0,65.6,0,125,60,46,65476,0,65476,1,4,4,20529,65476,0,0,2621,60.0,0.0,0.0,0.0,0.0,0.0
2026-07-09T15:05:55,ERR,ERR,ERR,ERR,ERR,ERR,ERR,ERR,ERR,ERR,ERR,ERR,ERR,ERR,ERR,ERR,ERR,ERR,ERR,ERR,ERR,ERR,ERR,ERR,ERR,ERR,ERR,ERR,ERR,ERR,ERR,ERR,ERR,ERR,ERR,ERR,ERR,ERR,ERR,ERR,ERR,ERR,ERR,ERR,ERR,ERR,ERR,ERR,ERR,ERR,ERR,ERR,ERR,ERR,ERR,ERR,ERR,ERR,ERR,ERR,ERR,ERR,ERR,ERR,ERR,ERR,ERR,ERR,ERR,ERR,ERR,ERR,ERR,ERR,ERR,ERR,ERR,ERR,ERR,ERR,ERR,ERR,ERR,ERR,ERR,ERR,ERR,ERR,ERR,ERR,ERR,ERR,ERR,ERR,ERR,ERR,ERR,ERR,ERR,ERR,ERR,ERR,ERR,ERR,ERR,ERR,ERR,ERR,ERR,ERR,ERR,ERR,ERR,ERR,ERR,ERR,ERR,ERR,ERR,ERR,ERR,ERR,ERR,ERR,ERR,0.0,0.0,-107614672.0,0.0,-4407774150656.0,-0.0,3.560321954620285e+37,4.775540663813994e+23,0,0,4,17408,7116,0.0,100,0.0,0.0,0.0,0.0,0.0,0,0,0,0,0.0,0,0,0,0,0,0,0,0,0,0,0,0,0,0,0,0,0,0,0,0,0,0,0,0,0,0,0,0,0,0,0,0,0,31,40,40,71,65476,0,300,0,0,8,21553,0.0,-107605600.0,0.0,0.0,0.0,0.0,0.0,0.0,0.0,0.0,0.0,0.0,0.0,0.0,0.0,0.0,0.0,0.0,0.0,0.0,0.0,0.0,2.004,0.0,0.0,0.0,0.0,0.0,0.0,0.0,4539.0,1.5879265196943865e+29,6928.0,0.0,0.0,2.004,2.004,0.0,0.0,0.0,0.0,69,-0.0,0.0,0.0,0.0,0.0,0.0,0.0,0.0,0.0,0,0,0,0.0,0.0,0.0,0.0,0.0,0.0,0.0,0.0,0.0,0.0,0.0,0.0,0.0,0.0,0.0,0.0,0,-107875648.0,69,0.0,138,0.0,2.012,ERR,ERR,ERR,ERR,ERR,ERR,ERR,ERR,ERR,ERR,ERR,ERR,ERR,ERR,ERR,ERR,ERR,ERR,ERR,ERR,ERR,ERR,ERR,ERR,ERR,ERR,ERR,ERR,ERR,ERR,ERR,ERR,ERR,ERR,ERR,ERR,ERR,ERR,ERR,ERR,ERR,ERR,ERR,ERR,ERR,ERR,ERR,ERR,ERR,ERR,ERR,ERR,ERR,ERR,ERR,ERR,ERR,ERR,ERR,ERR,ERR,ERR,ERR,ERR,ERR,ERR,ERR,60.0,60.0,35,0.0,0.0,0.0,0.0,0.0,0.0,0.0,0.0,0.0,0.0,0.0,0.0,0.0,0.0,0.0,0.0,65.2,0,125,60,46,65476,0,65476,1,4,4,20529,65476,0,0,2621,60.0,0.0,0.0,0.0,0.0,0.0
2026-07-09T15:05:56,ERR,ERR,ERR,ERR,ERR,ERR,ERR,ERR,ERR,ERR,ERR,ERR,ERR,ERR,ERR,ERR,ERR,ERR,ERR,ERR,ERR,ERR,ERR,ERR,ERR,ERR,ERR,ERR,ERR,ERR,ERR,ERR,ERR,ERR,ERR,ERR,ERR,ERR,ERR,ERR,ERR,ERR,ERR,ERR,ERR,ERR,ERR,ERR,ERR,ERR,ERR,ERR,ERR,ERR,ERR,ERR,ERR,ERR,ERR,ERR,ERR,ERR,ERR,ERR,ERR,ERR,ERR,ERR,ERR,ERR,ERR,ERR,ERR,ERR,ERR,ERR,ERR,ERR,ERR,ERR,ERR,ERR,ERR,ERR,ERR,ERR,ERR,ERR,ERR,ERR,ERR,ERR,ERR,ERR,ERR,ERR,ERR,ERR,ERR,ERR,ERR,ERR,ERR,ERR,ERR,ERR,ERR,ERR,ERR,ERR,ERR,ERR,ERR,ERR,ERR,ERR,ERR,ERR,ERR,ERR,ERR,ERR,ERR,ERR,ERR,0.0,0.0,-107614672.0,0.0,-4407774150656.0,-0.0,3.560321954620285e+37,4.775540663813994e+23,0,0,4,17408,7116,0.0,100,0.0,0.0,0.0,0.0,0.0,0,0,0,0,0.0,0,0,0,0,0,0,0,0,0,0,0,0,0,0,0,0,0,0,0,0,0,0,0,0,0,0,0,0,0,0,0,0,0,31,40,40,71,65476,0,300,0,0,8,21553,0.0,-107605600.0,0.0,0.0,0.0,0.0,0.0,0.0,0.0,0.0,0.0,0.0,0.0,0.0,0.0,0.0,0.0,0.0,0.0,0.0,0.0,0.0,2.004,0.0,0.0,0.0,0.0,0.0,0.0,0.0,4539.0,1.5879265196943865e+29,6928.0,0.0,0.0,2.004,2.004,0.0,0.0,0.0,0.0,69,-0.0,0.0,0.0,0.0,0.0,0.0,0.0,0.0,0.0,0,0,0,0.0,0.0,0.0,0.0,0.0,0.0,0.0,0.0,0.0,0.0,0.0,0.0,0.0,0.0,0.0,0.0,0,-107875648.0,69,0.0,138,0.0,2.012,ERR,ERR,ERR,ERR,ERR,ERR,ERR,ERR,ERR,ERR,ERR,ERR,ERR,ERR,ERR,ERR,ERR,ERR,ERR,ERR,ERR,ERR,ERR,ERR,ERR,ERR,ERR,ERR,ERR,ERR,ERR,ERR,ERR,ERR,ERR,ERR,ERR,ERR,ERR,ERR,ERR,ERR,ERR,ERR,ERR,ERR,ERR,ERR,ERR,ERR,ERR,ERR,ERR,ERR,ERR,ERR,ERR,ERR,ERR,ERR,ERR,ERR,ERR,ERR,ERR,ERR,ERR,60.0,60.0,35,0.0,0.0,0.0,0.0,0.0,0.0,0.0,0.0,0.0,0.0,0.0,0.0,0.0,0.0,0.0,0.0,65.2,0,124,60,46,65476,0,65476,1,4,4,20529,65476,0,0,2621,60.0,0.0,0.0,0.0,0.0,0.0
2026-07-09T15:05:57,ERR,ERR,ERR,ERR,ERR,ERR,ERR,ERR,ERR,ERR,ERR,ERR,ERR,ERR,ERR,ERR,ERR,ERR,ERR,ERR,ERR,ERR,ERR,ERR,ERR,ERR,ERR,ERR,ERR,ERR,ERR,ERR,ERR,ERR,ERR,ERR,ERR,ERR,ERR,ERR,ERR,ERR,ERR,ERR,ERR,ERR,ERR,ERR,ERR,ERR,ERR,ERR,ERR,ERR,ERR,ERR,ERR,ERR,ERR,ERR,ERR,ERR,ERR,ERR,ERR,ERR,ERR,ERR,ERR,ERR,ERR,ERR,ERR,ERR,ERR,ERR,ERR,ERR,ERR,ERR,ERR,ERR,ERR,ERR,ERR,ERR,ERR,ERR,ERR,ERR,ERR,ERR,ERR,ERR,ERR,ERR,ERR,ERR,ERR,ERR,ERR,ERR,ERR,ERR,ERR,ERR,ERR,ERR,ERR,ERR,ERR,ERR,ERR,ERR,ERR,ERR,ERR,ERR,ERR,ERR,ERR,ERR,ERR,ERR,ERR,0.0,0.0,-107614672.0,0.0,-4407774150656.0,1.830768361546449e+18,0.0,-0.0,0,0,4,17408,7116,0.0,100,0.0,0.0,-0.0,0.0,0.0,0,0,0,0,0.0,0,0,0,0,0,0,0,0,0,0,0,0,0,0,0,0,0,0,0,0,0,0,0,0,0,0,0,0,0,0,0,0,0,31,40,40,71,65476,0,300,0,0,8,21553,0.0,-107605600.0,0.0,0.0,0.0,0.0,0.0,0.0,0.0,0.0,0.0,0.0,0.0,0.0,0.0,0.0,0.0,0.0,0.0,0.0,0.0,0.0,2.004,0.0,0.0,0.0,0.0,0.0,0.0,0.0,4515.0,3.697179536554931e+19,6924.0,0.0,0.0,2.004,2.004,0.0,0.0,0.0,0.0,69,0.0,-4.95039378082316e+32,0.0,0.0,0.0,0.0,0.0,0.0,0.0,0,0,0,0.0,0.0,0.0,0.0,0.0,0.0,0.0,0.0,0.0,0.0,0.0,0.0,0.0,0.0,0.0,0.0,0,-107875648.0,69,0.0,138,0.0,2.012,ERR,ERR,ERR,ERR,ERR,ERR,ERR,ERR,ERR,ERR,ERR,ERR,ERR,ERR,ERR,ERR,ERR,ERR,ERR,ERR,ERR,ERR,ERR,ERR,ERR,ERR,ERR,ERR,ERR,ERR,ERR,ERR,ERR,ERR,ERR,ERR,ERR,ERR,ERR,ERR,ERR,ERR,ERR,ERR,ERR,ERR,ERR,ERR,ERR,ERR,ERR,ERR,ERR,ERR,ERR,ERR,ERR,ERR,ERR,ERR,ERR,ERR,ERR,ERR,ERR,ERR,ERR,60.0,60.0,35,0.0,0.0,0.0,0.0,0.0,0.0,0.0,0.0,0.0,0.0,0.0,0.0,0.0,0.0,0.0,0.0,65.2,0,124,60,46,65476,0,65476,1,4,4,20529,65476,0,0,2621,60.0,0.0,0.0,0.0,0.0,0.0
2026-07-09T15:05:58,ERR,ERR,ERR,ERR,ERR,ERR,ERR,ERR,ERR,ERR,ERR,ERR,ERR,ERR,ERR,ERR,ERR,ERR,ERR,ERR,ERR,ERR,ERR,ERR,ERR,ERR,ERR,ERR,ERR,ERR,ERR,ERR,ERR,ERR,ERR,ERR,ERR,ERR,ERR,ERR,ERR,ERR,ERR,ERR,ERR,ERR,ERR,ERR,ERR,ERR,ERR,ERR,ERR,ERR,ERR,ERR,ERR,ERR,ERR,ERR,ERR,ERR,ERR,ERR,ERR,ERR,ERR,ERR,ERR,ERR,ERR,ERR,ERR,ERR,ERR,ERR,ERR,ERR,ERR,ERR,ERR,ERR,ERR,ERR,ERR,ERR,ERR,ERR,ERR,ERR,ERR,ERR,ERR,ERR,ERR,ERR,ERR,ERR,ERR,ERR,ERR,ERR,ERR,ERR,ERR,ERR,ERR,ERR,ERR,ERR,ERR,ERR,ERR,ERR,ERR,ERR,ERR,ERR,ERR,ERR,ERR,ERR,ERR,ERR,ERR,0.0,0.0,-107614672.0,0.0,-4407774150656.0,1.830768361546449e+18,0.0,-0.0,0,0,4,17408,7116,0.0,100,0.0,0.0,-0.0,0.0,0.0,0,0,0,0,0.0,0,0,0,0,0,0,0,0,0,0,0,0,0,0,0,0,0,0,0,0,0,0,0,0,0,0,0,0,0,0,0,0,0,31,40,40,71,65476,0,300,0,0,8,21553,0.0,-107605600.0,0.0,0.0,0.0,0.0,0.0,0.0,0.0,0.0,0.0,0.0,0.0,0.0,0.0,0.0,0.0,0.0,0.0,0.0,0.0,0.0,2.004,0.0,0.0,0.0,0.0,0.0,0.0,0.0,4515.0,3.697179536554931e+19,6924.0,0.0,0.0,2.004,2.004,0.0,0.0,0.0,0.0,69,0.0,-4.95039378082316e+32,0.0,0.0,0.0,0.0,0.0,0.0,0.0,0,0,0,0.0,0.0,0.0,0.0,0.0,0.0,0.0,0.0,0.0,0.0,0.0,0.0,0.0,0.0,0.0,0.0,0,-107875648.0,69,0.0,138,0.0,2.012,ERR,ERR,ERR,ERR,ERR,ERR,ERR,ERR,ERR,ERR,ERR,ERR,ERR,ERR,ERR,ERR,ERR,ERR,ERR,ERR,ERR,ERR,ERR,ERR,ERR,ERR,ERR,ERR,ERR,ERR,ERR,ERR,ERR,ERR,ERR,ERR,ERR,ERR,ERR,ERR,ERR,ERR,ERR,ERR,ERR,ERR,ERR,ERR,ERR,ERR,ERR,ERR,ERR,ERR,ERR,ERR,ERR,ERR,ERR,ERR,ERR,ERR,ERR,ERR,ERR,ERR,ERR,60.0,60.0,35,0.0,0.0,0.0,0.0,0.0,0.0,0.0,0.0,0.0,0.0,0.0,0.0,0.0,0.0,0.0,0.0,65.2,0,124,60,46,65476,0,65476,1,4,4,20529,65476,0,0,2621,60.0,0.0,0.0,0.0,0.0,0.0
2026-07-09T15:05:59,ERR,ERR,ERR,ERR,ERR,ERR,ERR,ERR,ERR,ERR,ERR,ERR,ERR,ERR,ERR,ERR,ERR,ERR,ERR,ERR,ERR,ERR,ERR,ERR,ERR,ERR,ERR,ERR,ERR,ERR,ERR,ERR,ERR,ERR,ERR,ERR,ERR,ERR,ERR,ERR,ERR,ERR,ERR,ERR,ERR,ERR,ERR,ERR,ERR,ERR,ERR,ERR,ERR,ERR,ERR,ERR,ERR,ERR,ERR,ERR,ERR,ERR,ERR,ERR,ERR,ERR,ERR,ERR,ERR,ERR,ERR,ERR,ERR,ERR,ERR,ERR,ERR,ERR,ERR,ERR,ERR,ERR,ERR,ERR,ERR,ERR,ERR,ERR,ERR,ERR,ERR,ERR,ERR,ERR,ERR,ERR,ERR,ERR,ERR,ERR,ERR,ERR,ERR,ERR,ERR,ERR,ERR,ERR,ERR,ERR,ERR,ERR,ERR,ERR,ERR,ERR,ERR,ERR,ERR,ERR,ERR,ERR,ERR,ERR,ERR,0.0,0.0,-107614672.0,0.0,-4407774150656.0,1.830768361546449e+18,0.0,-0.0,0,0,4,17408,7116,0.0,100,0.0,0.0,-0.0,0.0,0.0,0,0,0,0,0.0,0,0,0,0,0,0,0,0,0,0,0,0,0,0,0,0,0,0,0,0,0,0,0,0,0,0,0,0,0,0,0,0,0,31,40,40,71,65476,0,300,0,0,8,21553,0.0,-107605600.0,0.0,0.0,0.0,0.0,0.0,0.0,0.0,0.0,0.0,0.0,0.0,0.0,0.0,0.0,0.0,0.0,0.0,0.0,0.0,0.0,2.004,0.0,0.0,0.0,0.0,0.0,0.0,0.0,4515.0,3.697179536554931e+19,6924.0,0.0,0.0,2.004,2.004,0.0,0.0,0.0,0.0,69,0.0,-4.95039378082316e+32,0.0,0.0,0.0,0.0,0.0,0.0,0.0,0,0,0,0.0,0.0,0.0,0.0,0.0,0.0,0.0,0.0,0.0,0.0,0.0,0.0,0.0,0.0,0.0,0.0,0,-107875648.0,69,0.0,138,0.0,2.012,ERR,ERR,ERR,ERR,ERR,ERR,ERR,ERR,ERR,ERR,ERR,ERR,ERR,ERR,ERR,ERR,ERR,ERR,ERR,ERR,ERR,ERR,ERR,ERR,ERR,ERR,ERR,ERR,ERR,ERR,ERR,ERR,ERR,ERR,ERR,ERR,ERR,ERR,ERR,ERR,ERR,ERR,ERR,ERR,ERR,ERR,ERR,ERR,ERR,ERR,ERR,ERR,ERR,ERR,ERR,ERR,ERR,ERR,ERR,ERR,ERR,ERR,ERR,ERR,ERR,ERR,ERR,60.0,60.0,35,0.0,0.0,0.0,0.0,0.0,0.0,0.0,0.0,0.0,0.0,0.0,0.0,0.0,0.0,0.0,0.0,65.2,0,124,60,46,65476,0,65476,1,4,4,20529,65476,0,0,2621,60.0,0.0,0.0,0.0,0.0,0.0
2026-07-09T15:06:00,ERR,ERR,ERR,ERR,ERR,ERR,ERR,ERR,ERR,ERR,ERR,ERR,ERR,ERR,ERR,ERR,ERR,ERR,ERR,ERR,ERR,ERR,ERR,ERR,ERR,ERR,ERR,ERR,ERR,ERR,ERR,ERR,ERR,ERR,ERR,ERR,ERR,ERR,ERR,ERR,ERR,ERR,ERR,ERR,ERR,ERR,ERR,ERR,ERR,ERR,ERR,ERR,ERR,ERR,ERR,ERR,ERR,ERR,ERR,ERR,ERR,ERR,ERR,ERR,ERR,ERR,ERR,ERR,ERR,ERR,ERR,ERR,ERR,ERR,ERR,ERR,ERR,ERR,ERR,ERR,ERR,ERR,ERR,ERR,ERR,ERR,ERR,ERR,ERR,ERR,ERR,ERR,ERR,ERR,ERR,ERR,ERR,ERR,ERR,ERR,ERR,ERR,ERR,ERR,ERR,ERR,ERR,ERR,ERR,ERR,ERR,ERR,ERR,ERR,ERR,ERR,ERR,ERR,ERR,ERR,ERR,ERR,ERR,ERR,ERR,0.0,0.0,-107614672.0,0.0,-4407774150656.0,1.830768361546449e+18,0.0,-0.0,0,0,4,17408,7116,0.0,100,0.0,0.0,-0.0,0.0,0.0,0,0,0,0,0.0,0,0,0,0,0,0,0,0,0,0,0,0,0,0,0,0,0,0,0,0,0,0,0,0,0,0,0,0,0,0,0,0,0,31,40,40,71,65476,0,300,0,0,8,21553,0.0,-107605600.0,0.0,0.0,0.0,0.0,0.0,0.0,0.0,0.0,0.0,0.0,0.0,0.0,0.0,0.0,0.0,0.0,0.0,0.0,0.0,0.0,2.004,0.0,0.0,0.0,0.0,0.0,0.0,0.0,4515.0,3.697179536554931e+19,6924.0,0.0,0.0,2.004,2.004,0.0,0.0,0.0,0.0,69,0.0,-4.95039378082316e+32,0.0,0.0,0.0,0.0,0.0,0.0,0.0,0,0,0,0.0,0.0,0.0,0.0,0.0,0.0,0.0,0.0,0.0,0.0,0.0,0.0,0.0,0.0,0.0,0.0,0,-107875648.0,69,0.0,138,0.0,2.012,ERR,ERR,ERR,ERR,ERR,ERR,ERR,ERR,ERR,ERR,ERR,ERR,ERR,ERR,ERR,ERR,ERR,ERR,ERR,ERR,ERR,ERR,ERR,ERR,ERR,ERR,ERR,ERR,ERR,ERR,ERR,ERR,ERR,ERR,ERR,ERR,ERR,ERR,ERR,ERR,ERR,ERR,ERR,ERR,ERR,ERR,ERR,ERR,ERR,ERR,ERR,ERR,ERR,ERR,ERR,ERR,ERR,ERR,ERR,ERR,ERR,ERR,ERR,ERR,ERR,ERR,ERR,60.0,60.0,35,0.0,0.0,0.0,0.0,0.0,0.0,0.0,0.0,0.0,0.0,0.0,0.0,0.0,0.0,0.0,0.0,65.2,0,124,60,46,65476,0,65476,1,4,4,20529,65476,0,0,2621,60.0,0.0,0.0,0.0,0.0,0.0
2026-07-09T15:06:01,ERR,ERR,ERR,ERR,ERR,ERR,ERR,ERR,ERR,ERR,ERR,ERR,ERR,ERR,ERR,ERR,ERR,ERR,ERR,ERR,ERR,ERR,ERR,ERR,ERR,ERR,ERR,ERR,ERR,ERR,ERR,ERR,ERR,ERR,ERR,ERR,ERR,ERR,ERR,ERR,ERR,ERR,ERR,ERR,ERR,ERR,ERR,ERR,ERR,ERR,ERR,ERR,ERR,ERR,ERR,ERR,ERR,ERR,ERR,ERR,ERR,ERR,ERR,ERR,ERR,ERR,ERR,ERR,ERR,ERR,ERR,ERR,ERR,ERR,ERR,ERR,ERR,ERR,ERR,ERR,ERR,ERR,ERR,ERR,ERR,ERR,ERR,ERR,ERR,ERR,ERR,ERR,ERR,ERR,ERR,ERR,ERR,ERR,ERR,ERR,ERR,ERR,ERR,ERR,ERR,ERR,ERR,ERR,ERR,ERR,ERR,ERR,ERR,ERR,ERR,ERR,ERR,ERR,ERR,ERR,ERR,ERR,ERR,ERR,ERR,0.0,0.0,-107614672.0,0.0,-4407774150656.0,1.830768361546449e+18,0.0,-0.0,0,0,4,17408,7116,0.0,100,0.0,0.0,-0.0,0.0,0.0,0,0,0,0,0.0,0,0,0,0,0,0,0,0,0,0,0,0,0,0,0,0,0,0,0,0,0,0,0,0,0,0,0,0,0,0,0,0,0,31,40,40,71,65476,0,300,0,0,8,21553,0.0,-107605600.0,0.0,0.0,0.0,0.0,0.0,0.0,0.0,0.0,0.0,0.0,0.0,0.0,0.0,0.0,0.0,0.0,0.0,0.0,0.0,0.0,2.004,0.0,0.0,0.0,0.0,0.0,0.0,0.0,4515.0,3.697179536554931e+19,6924.0,0.0,0.0,2.004,2.004,0.0,0.0,0.0,0.0,69,0.0,-4.95039378082316e+32,0.0,0.0,0.0,0.0,0.0,0.0,0.0,0,0,0,0.0,0.0,0.0,0.0,0.0,0.0,0.0,0.0,0.0,0.0,0.0,0.0,0.0,0.0,0.0,0.0,0,-107875648.0,69,0.0,138,0.0,2.012,ERR,ERR,ERR,ERR,ERR,ERR,ERR,ERR,ERR,ERR,ERR,ERR,ERR,ERR,ERR,ERR,ERR,ERR,ERR,ERR,ERR,ERR,ERR,ERR,ERR,ERR,ERR,ERR,ERR,ERR,ERR,ERR,ERR,ERR,ERR,ERR,ERR,ERR,ERR,ERR,ERR,ERR,ERR,ERR,ERR,ERR,ERR,ERR,ERR,ERR,ERR,ERR,ERR,ERR,ERR,ERR,ERR,ERR,ERR,ERR,ERR,ERR,ERR,ERR,ERR,ERR,ERR,60.0,60.0,35,0.0,0.0,0.0,0.0,0.0,0.0,0.0,0.0,0.0,0.0,0.0,0.0,0.0,0.0,0.0,0.0,65.6,0,124,60,46,65476,0,65476,1,4,4,20529,65476,0,0,2621,60.0,0.0,0.0,0.0,0.0,0.0
2026-07-09T15:06:02,ERR,ERR,ERR,ERR,ERR,ERR,ERR,ERR,ERR,ERR,ERR,ERR,ERR,ERR,ERR,ERR,ERR,ERR,ERR,ERR,ERR,ERR,ERR,ERR,ERR,ERR,ERR,ERR,ERR,ERR,ERR,ERR,ERR,ERR,ERR,ERR,ERR,ERR,ERR,ERR,ERR,ERR,ERR,ERR,ERR,ERR,ERR,ERR,ERR,ERR,ERR,ERR,ERR,ERR,ERR,ERR,ERR,ERR,ERR,ERR,ERR,ERR,ERR,ERR,ERR,ERR,ERR,ERR,ERR,ERR,ERR,ERR,ERR,ERR,ERR,ERR,ERR,ERR,ERR,ERR,ERR,ERR,ERR,ERR,ERR,ERR,ERR,ERR,ERR,ERR,ERR,ERR,ERR,ERR,ERR,ERR,ERR,ERR,ERR,ERR,ERR,ERR,ERR,ERR,ERR,ERR,ERR,ERR,ERR,ERR,ERR,ERR,ERR,ERR,ERR,ERR,ERR,ERR,ERR,ERR,ERR,ERR,ERR,ERR,ERR,0.0,0.0,-107614672.0,0.0,-4407774150656.0,-0.0,-5416.931,1.236,0,0,4,17408,7116,0.0,100,0.0,0.0,0.0,0.0,0.0,0,0,0,0,0.0,0,0,0,0,0,0,0,0,0,0,0,0,0,0,0,0,0,0,0,0,0,0,0,0,0,0,0,0,0,0,0,0,0,31,40,40,71,65476,0,300,0,0,8,21553,0.0,-107605600.0,0.0,0.0,0.0,0.0,0.0,0.0,0.0,0.0,0.0,0.0,0.0,0.0,0.0,0.0,0.0,0.0,0.0,0.0,0.0,0.0,2.004,0.0,0.0,0.0,0.0,0.0,0.0,0.0,4530.0,0.0,6919.0,0.0,0.0,2.004,2.004,0.0,0.0,0.0,0.0,69,126840946688.0,-71.629,0.0,0.0,0.0,0.0,0.0,0.0,0.0,0,0,0,0.0,0.0,0.0,0.0,0.0,0.0,0.0,0.0,0.0,0.0,0.0,0.0,0.0,0.0,0.0,0.0,0,-107875648.0,69,0.0,138,0.0,2.012,ERR,ERR,ERR,ERR,ERR,ERR,ERR,ERR,ERR,ERR,ERR,ERR,ERR,ERR,ERR,ERR,ERR,ERR,ERR,ERR,ERR,ERR,ERR,ERR,ERR,ERR,ERR,ERR,ERR,ERR,ERR,ERR,ERR,ERR,ERR,ERR,ERR,ERR,ERR,ERR,ERR,ERR,ERR,ERR,ERR,ERR,ERR,ERR,ERR,ERR,ERR,ERR,ERR,ERR,ERR,ERR,ERR,ERR,ERR,ERR,ERR,ERR,ERR,ERR,ERR,ERR,ERR,60.0,60.0,35,0.0,0.0,0.0,0.0,0.0,0.0,0.0,0.0,0.0,0.0,0.0,0.0,0.0,0.0,0.0,0.0,65.6,0,124,60,46,65476,0,65476,1,4,4,20529,65476,0,0,2621,60.0,0.0,0.0,0.0,0.0,0.0
2026-07-09T15:06:03,ERR,ERR,ERR,ERR,ERR,ERR,ERR,ERR,ERR,ERR,ERR,ERR,ERR,ERR,ERR,ERR,ERR,ERR,ERR,ERR,ERR,ERR,ERR,ERR,ERR,ERR,ERR,ERR,ERR,ERR,ERR,ERR,ERR,ERR,ERR,ERR,ERR,ERR,ERR,ERR,ERR,ERR,ERR,ERR,ERR,ERR,ERR,ERR,ERR,ERR,ERR,ERR,ERR,ERR,ERR,ERR,ERR,ERR,ERR,ERR,ERR,ERR,ERR,ERR,ERR,ERR,ERR,ERR,ERR,ERR,ERR,ERR,ERR,ERR,ERR,ERR,ERR,ERR,ERR,ERR,ERR,ERR,ERR,ERR,ERR,ERR,ERR,ERR,ERR,ERR,ERR,ERR,ERR,ERR,ERR,ERR,ERR,ERR,ERR,ERR,ERR,ERR,ERR,ERR,ERR,ERR,ERR,ERR,ERR,ERR,ERR,ERR,ERR,ERR,ERR,ERR,ERR,ERR,ERR,ERR,ERR,ERR,ERR,ERR,ERR,0.0,0.0,-107614672.0,0.0,-4407774150656.0,-0.0,-5416.931,1.236,0,0,4,17408,7116,0.0,100,0.0,0.0,0.0,0.0,0.0,0,0,0,0,0.0,0,0,0,0,0,0,0,0,0,0,0,0,0,0,0,0,0,0,0,0,0,0,0,0,0,0,0,0,0,0,0,0,0,31,40,40,71,65476,0,300,0,0,8,21553,0.0,-107605600.0,0.0,0.0,0.0,0.0,0.0,0.0,0.0,0.0,0.0,0.0,0.0,0.0,0.0,0.0,0.0,0.0,0.0,0.0,0.0,0.0,2.004,0.0,0.0,0.0,0.0,0.0,0.0,0.0,4530.0,0.0,6919.0,0.0,0.0,2.004,2.004,0.0,0.0,0.0,0.0,69,126840946688.0,-71.629,0.0,0.0,0.0,0.0,0.0,0.0,0.0,0,0,0,0.0,0.0,0.0,0.0,0.0,0.0,0.0,0.0,0.0,0.0,0.0,0.0,0.0,0.0,0.0,0.0,0,-107875648.0,69,0.0,138,0.0,2.012,ERR,ERR,ERR,ERR,ERR,ERR,ERR,ERR,ERR,ERR,ERR,ERR,ERR,ERR,ERR,ERR,ERR,ERR,ERR,ERR,ERR,ERR,ERR,ERR,ERR,ERR,ERR,ERR,ERR,ERR,ERR,ERR,ERR,ERR,ERR,ERR,ERR,ERR,ERR,ERR,ERR,ERR,ERR,ERR,ERR,ERR,ERR,ERR,ERR,ERR,ERR,ERR,ERR,ERR,ERR,ERR,ERR,ERR,ERR,ERR,ERR,ERR,ERR,ERR,ERR,ERR,ERR,60.0,60.0,35,0.0,0.0,0.0,0.0,0.0,0.0,0.0,0.0,0.0,0.0,0.0,0.0,0.0,0.0,0.0,0.0,65.2,0,124,60,46,65476,0,65476,1,4,4,20529,65476,0,0,2621,60.0,0.0,0.0,0.0,0.0,0.0
2026-07-09T15:06:04,ERR,ERR,ERR,ERR,ERR,ERR,ERR,ERR,ERR,ERR,ERR,ERR,ERR,ERR,ERR,ERR,ERR,ERR,ERR,ERR,ERR,ERR,ERR,ERR,ERR,ERR,ERR,ERR,ERR,ERR,ERR,ERR,ERR,ERR,ERR,ERR,ERR,ERR,ERR,ERR,ERR,ERR,ERR,ERR,ERR,ERR,ERR,ERR,ERR,ERR,ERR,ERR,ERR,ERR,ERR,ERR,ERR,ERR,ERR,ERR,ERR,ERR,ERR,ERR,ERR,ERR,ERR,ERR,ERR,ERR,ERR,ERR,ERR,ERR,ERR,ERR,ERR,ERR,ERR,ERR,ERR,ERR,ERR,ERR,ERR,ERR,ERR,ERR,ERR,ERR,ERR,ERR,ERR,ERR,ERR,ERR,ERR,ERR,ERR,ERR,ERR,ERR,ERR,ERR,ERR,ERR,ERR,ERR,ERR,ERR,ERR,ERR,ERR,ERR,ERR,ERR,ERR,ERR,ERR,ERR,ERR,ERR,ERR,ERR,ERR,0.0,0.0,-107614672.0,0.0,-4407774150656.0,-0.0,-5416.931,1.236,0,0,4,17408,7116,0.0,100,0.0,0.0,0.0,0.0,0.0,0,0,0,0,0.0,0,0,0,0,0,0,0,0,0,0,0,0,0,0,0,0,0,0,0,0,0,0,0,0,0,0,0,0,0,0,0,0,0,31,40,40,71,65476,0,300,0,0,8,21553,0.0,-107605600.0,0.0,0.0,0.0,0.0,0.0,0.0,0.0,0.0,0.0,0.0,0.0,0.0,0.0,0.0,0.0,0.0,0.0,0.0,0.0,0.0,2.004,0.0,0.0,0.0,0.0,0.0,0.0,0.0,4530.0,0.0,6919.0,0.0,0.0,2.004,2.004,0.0,0.0,0.0,0.0,69,126840946688.0,-71.629,0.0,0.0,0.0,0.0,0.0,0.0,0.0,0,0,0,0.0,0.0,0.0,0.0,0.0,0.0,0.0,0.0,0.0,0.0,0.0,0.0,0.0,0.0,0.0,0.0,0,-107875648.0,69,0.0,138,0.0,2.012,ERR,ERR,ERR,ERR,ERR,ERR,ERR,ERR,ERR,ERR,ERR,ERR,ERR,ERR,ERR,ERR,ERR,ERR,ERR,ERR,ERR,ERR,ERR,ERR,ERR,ERR,ERR,ERR,ERR,ERR,ERR,ERR,ERR,ERR,ERR,ERR,ERR,ERR,ERR,ERR,ERR,ERR,ERR,ERR,ERR,ERR,ERR,ERR,ERR,ERR,ERR,ERR,ERR,ERR,ERR,ERR,ERR,ERR,ERR,ERR,ERR,ERR,ERR,ERR,ERR,ERR,ERR,60.0,60.0,35,0.0,0.0,0.0,0.0,0.0,0.0,0.0,0.0,0.0,0.0,0.0,0.0,0.0,0.0,0.0,0.0,65.2,0,124,60,46,65476,0,65476,1,4,4,20529,65476,0,0,2621,60.0,0.0,0.0,0.0,0.0,0.0
2026-07-09T15:06:05,ERR,ERR,ERR,ERR,ERR,ERR,ERR,ERR,ERR,ERR,ERR,ERR,ERR,ERR,ERR,ERR,ERR,ERR,ERR,ERR,ERR,ERR,ERR,ERR,ERR,ERR,ERR,ERR,ERR,ERR,ERR,ERR,ERR,ERR,ERR,ERR,ERR,ERR,ERR,ERR,ERR,ERR,ERR,ERR,ERR,ERR,ERR,ERR,ERR,ERR,ERR,ERR,ERR,ERR,ERR,ERR,ERR,ERR,ERR,ERR,ERR,ERR,ERR,ERR,ERR,ERR,ERR,ERR,ERR,ERR,ERR,ERR,ERR,ERR,ERR,ERR,ERR,ERR,ERR,ERR,ERR,ERR,ERR,ERR,ERR,ERR,ERR,ERR,ERR,ERR,ERR,ERR,ERR,ERR,ERR,ERR,ERR,ERR,ERR,ERR,ERR,ERR,ERR,ERR,ERR,ERR,ERR,ERR,ERR,ERR,ERR,ERR,ERR,ERR,ERR,ERR,ERR,ERR,ERR,ERR,ERR,ERR,ERR,ERR,ERR,0.0,0.0,-107614672.0,0.0,-4407774150656.0,-0.0,-5416.931,1.236,0,0,4,17408,7116,0.0,100,0.0,0.0,0.0,0.0,0.0,0,0,0,0,0.0,0,0,0,0,0,0,0,0,0,0,0,0,0,0,0,0,0,0,0,0,0,0,0,0,0,0,0,0,0,0,0,0,0,31,40,40,71,65476,0,300,0,0,8,21553,0.0,-107605600.0,0.0,0.0,0.0,0.0,0.0,0.0,0.0,0.0,0.0,0.0,0.0,0.0,0.0,0.0,0.0,0.0,0.0,0.0,0.0,0.0,2.004,0.0,0.0,0.0,0.0,0.0,0.0,0.0,4530.0,0.0,6919.0,0.0,0.0,2.004,2.004,0.0,0.0,0.0,0.0,69,126840946688.0,-71.629,0.0,0.0,0.0,0.0,0.0,0.0,0.0,0,0,0,0.0,0.0,0.0,0.0,0.0,0.0,0.0,0.0,0.0,0.0,0.0,0.0,0.0,0.0,0.0,0.0,0,-107875648.0,69,0.0,138,0.0,2.012,ERR,ERR,ERR,ERR,ERR,ERR,ERR,ERR,ERR,ERR,ERR,ERR,ERR,ERR,ERR,ERR,ERR,ERR,ERR,ERR,ERR,ERR,ERR,ERR,ERR,ERR,ERR,ERR,ERR,ERR,ERR,ERR,ERR,ERR,ERR,ERR,ERR,ERR,ERR,ERR,ERR,ERR,ERR,ERR,ERR,ERR,ERR,ERR,ERR,ERR,ERR,ERR,ERR,ERR,ERR,ERR,ERR,ERR,ERR,ERR,ERR,ERR,ERR,ERR,ERR,ERR,ERR,60.0,60.0,35,0.0,0.0,0.0,0.0,0.0,0.0,0.0,0.0,0.0,0.0,0.0,0.0,0.0,0.0,0.0,0.0,65.2,0,124,60,46,65476,0,65476,1,4,4,20529,65476,0,0,2621,60.0,0.0,0.0,0.0,0.0,0.0
2026-07-09T15:06:06,ERR,ERR,ERR,ERR,ERR,ERR,ERR,ERR,ERR,ERR,ERR,ERR,ERR,ERR,ERR,ERR,ERR,ERR,ERR,ERR,ERR,ERR,ERR,ERR,ERR,ERR,ERR,ERR,ERR,ERR,ERR,ERR,ERR,ERR,ERR,ERR,ERR,ERR,ERR,ERR,ERR,ERR,ERR,ERR,ERR,ERR,ERR,ERR,ERR,ERR,ERR,ERR,ERR,ERR,ERR,ERR,ERR,ERR,ERR,ERR,ERR,ERR,ERR,ERR,ERR,ERR,ERR,ERR,ERR,ERR,ERR,ERR,ERR,ERR,ERR,ERR,ERR,ERR,ERR,ERR,ERR,ERR,ERR,ERR,ERR,ERR,ERR,ERR,ERR,ERR,ERR,ERR,ERR,ERR,ERR,ERR,ERR,ERR,ERR,ERR,ERR,ERR,ERR,ERR,ERR,ERR,ERR,ERR,ERR,ERR,ERR,ERR,ERR,ERR,ERR,ERR,ERR,ERR,ERR,ERR,ERR,ERR,ERR,ERR,ERR,0.0,0.0,-107614672.0,0.0,-4407774150656.0,-0.0,-5416.931,1.236,0,0,4,17408,7116,0.0,100,0.0,0.0,0.0,0.0,0.0,0,0,0,0,0.0,0,0,0,0,0,0,0,0,0,0,0,0,0,0,0,0,0,0,0,0,0,0,0,0,0,0,0,0,0,0,0,0,0,31,40,40,71,65476,0,300,0,0,8,21553,0.0,-107605600.0,0.0,0.0,0.0,0.0,0.0,0.0,0.0,0.0,0.0,0.0,0.0,0.0,0.0,0.0,0.0,0.0,0.0,0.0,0.0,0.0,2.004,0.0,0.0,0.0,0.0,0.0,0.0,0.0,4530.0,0.0,6919.0,0.0,0.0,2.004,2.004,0.0,0.0,0.0,0.0,69,126840946688.0,-71.629,0.0,0.0,0.0,0.0,0.0,0.0,0.0,0,0,0,0.0,0.0,0.0,0.0,0.0,0.0,0.0,0.0,0.0,0.0,0.0,0.0,0.0,0.0,0.0,0.0,0,-107875648.0,69,0.0,138,0.0,2.012,ERR,ERR,ERR,ERR,ERR,ERR,ERR,ERR,ERR,ERR,ERR,ERR,ERR,ERR,ERR,ERR,ERR,ERR,ERR,ERR,ERR,ERR,ERR,ERR,ERR,ERR,ERR,ERR,ERR,ERR,ERR,ERR,ERR,ERR,ERR,ERR,ERR,ERR,ERR,ERR,ERR,ERR,ERR,ERR,ERR,ERR,ERR,ERR,ERR,ERR,ERR,ERR,ERR,ERR,ERR,ERR,ERR,ERR,ERR,ERR,ERR,ERR,ERR,ERR,ERR,ERR,ERR,60.0,60.0,35,0.0,0.0,0.0,0.0,0.0,0.0,0.0,0.0,0.0,0.0,0.0,0.0,0.0,0.0,0.0,0.0,65.2,0,124,60,46,65476,0,65476,1,4,4,20529,65476,0,0,2621,60.0,0.0,0.0,0.0,0.0,0.0
2026-07-09T15:06:07,ERR,ERR,ERR,ERR,ERR,ERR,ERR,ERR,ERR,ERR,ERR,ERR,ERR,ERR,ERR,ERR,ERR,ERR,ERR,ERR,ERR,ERR,ERR,ERR,ERR,ERR,ERR,ERR,ERR,ERR,ERR,ERR,ERR,ERR,ERR,ERR,ERR,ERR,ERR,ERR,ERR,ERR,ERR,ERR,ERR,ERR,ERR,ERR,ERR,ERR,ERR,ERR,ERR,ERR,ERR,ERR,ERR,ERR,ERR,ERR,ERR,ERR,ERR,ERR,ERR,ERR,ERR,ERR,ERR,ERR,ERR,ERR,ERR,ERR,ERR,ERR,ERR,ERR,ERR,ERR,ERR,ERR,ERR,ERR,ERR,ERR,ERR,ERR,ERR,ERR,ERR,ERR,ERR,ERR,ERR,ERR,ERR,ERR,ERR,ERR,ERR,ERR,ERR,ERR,ERR,ERR,ERR,ERR,ERR,ERR,ERR,ERR,ERR,ERR,ERR,ERR,ERR,ERR,ERR,ERR,ERR,ERR,ERR,ERR,ERR,0.0,0.0,-107614672.0,0.0,-4407774150656.0,1.4380183842242254e+24,0.591,-0.0,0,0,4,17404,7116,0.0,100,0.0,0.0,0.0,0.0,0.0,0,0,0,0,0.0,0,0,0,0,0,0,0,0,0,0,0,0,0,0,0,0,0,0,0,0,0,0,0,0,0,0,0,0,0,0,0,0,0,31,40,40,71,65476,0,300,0,0,8,21553,0.0,-107605600.0,0.0,0.0,0.0,0.0,0.0,0.0,0.0,0.0,0.0,0.0,0.0,0.0,0.0,0.0,0.0,0.0,0.0,0.0,0.0,0.0,2.004,0.0,0.0,0.0,0.0,0.0,0.0,0.0,4483.0,-1.5879263307997272e+29,6942.0,0.0,0.0,2.004,2.004,0.0,0.0,0.0,0.0,69,-0.0,2.718413807909433e+23,0.0,0.0,0.0,0.0,0.0,0.0,0.0,0,0,0,0.0,0.0,0.0,0.0,0.0,0.0,0.0,0.0,0.0,0.0,0.0,0.0,0.0,0.0,0.0,0.0,0,-107875648.0,69,0.0,138,0.0,2.012,ERR,ERR,ERR,ERR,ERR,ERR,ERR,ERR,ERR,ERR,ERR,ERR,ERR,ERR,ERR,ERR,ERR,ERR,ERR,ERR,ERR,ERR,ERR,ERR,ERR,ERR,ERR,ERR,ERR,ERR,ERR,ERR,ERR,ERR,ERR,ERR,ERR,ERR,ERR,ERR,ERR,ERR,ERR,ERR,ERR,ERR,ERR,ERR,ERR,ERR,ERR,ERR,ERR,ERR,ERR,ERR,ERR,ERR,ERR,ERR,ERR,ERR,ERR,ERR,ERR,ERR,ERR,60.0,60.0,35,0.0,0.0,0.0,0.0,0.0,0.0,0.0,0.0,0.0,0.0,0.0,0.0,0.0,0.0,0.0,0.0,65.2,0,124,60,46,65476,0,65476,1,4,4,20529,65476,0,0,2621,60.0,0.0,0.0,0.0,0.0,0.0
2026-07-09T15:06:08,ERR,ERR,ERR,ERR,ERR,ERR,ERR,ERR,ERR,ERR,ERR,ERR,ERR,ERR,ERR,ERR,ERR,ERR,ERR,ERR,ERR,ERR,ERR,ERR,ERR,ERR,ERR,ERR,ERR,ERR,ERR,ERR,ERR,ERR,ERR,ERR,ERR,ERR,ERR,ERR,ERR,ERR,ERR,ERR,ERR,ERR,ERR,ERR,ERR,ERR,ERR,ERR,ERR,ERR,ERR,ERR,ERR,ERR,ERR,ERR,ERR,ERR,ERR,ERR,ERR,ERR,ERR,ERR,ERR,ERR,ERR,ERR,ERR,ERR,ERR,ERR,ERR,ERR,ERR,ERR,ERR,ERR,ERR,ERR,ERR,ERR,ERR,ERR,ERR,ERR,ERR,ERR,ERR,ERR,ERR,ERR,ERR,ERR,ERR,ERR,ERR,ERR,ERR,ERR,ERR,ERR,ERR,ERR,ERR,ERR,ERR,ERR,ERR,ERR,ERR,ERR,ERR,ERR,ERR,ERR,ERR,ERR,ERR,ERR,ERR,0.0,0.0,-107614672.0,0.0,-4407774150656.0,1.4380183842242254e+24,0.591,-0.0,0,0,4,17404,7116,0.0,100,0.0,0.0,0.0,0.0,0.0,0,0,0,0,0.0,0,0,0,0,0,0,0,0,0,0,0,0,0,0,0,0,0,0,0,0,0,0,0,0,0,0,0,0,0,0,0,0,0,31,40,40,71,65476,0,300,0,0,8,21553,0.0,-107605600.0,0.0,0.0,0.0,0.0,0.0,0.0,0.0,0.0,0.0,0.0,0.0,0.0,0.0,0.0,0.0,0.0,0.0,0.0,0.0,0.0,2.004,0.0,0.0,0.0,0.0,0.0,0.0,0.0,4483.0,-1.5879263307997272e+29,6942.0,0.0,0.0,2.004,2.004,0.0,0.0,0.0,0.0,69,-0.0,2.718413807909433e+23,0.0,0.0,0.0,0.0,0.0,0.0,0.0,0,0,0,0.0,0.0,0.0,0.0,0.0,0.0,0.0,0.0,0.0,0.0,0.0,0.0,0.0,0.0,0.0,0.0,0,-107875648.0,69,0.0,138,0.0,2.012,ERR,ERR,ERR,ERR,ERR,ERR,ERR,ERR,ERR,ERR,ERR,ERR,ERR,ERR,ERR,ERR,ERR,ERR,ERR,ERR,ERR,ERR,ERR,ERR,ERR,ERR,ERR,ERR,ERR,ERR,ERR,ERR,ERR,ERR,ERR,ERR,ERR,ERR,ERR,ERR,ERR,ERR,ERR,ERR,ERR,ERR,ERR,ERR,ERR,ERR,ERR,ERR,ERR,ERR,ERR,ERR,ERR,ERR,ERR,ERR,ERR,ERR,ERR,ERR,ERR,ERR,ERR,60.0,60.0,35,0.0,0.0,0.0,0.0,0.0,0.0,0.0,0.0,0.0,0.0,0.0,0.0,0.0,0.0,0.0,0.0,65.2,0,124,60,46,65476,0,65476,1,4,4,20529,65476,0,0,2621,60.0,0.0,0.0,0.0,0.0,0.0
2026-07-09T15:06:09,ERR,ERR,ERR,ERR,ERR,ERR,ERR,ERR,ERR,ERR,ERR,ERR,ERR,ERR,ERR,ERR,ERR,ERR,ERR,ERR,ERR,ERR,ERR,ERR,ERR,ERR,ERR,ERR,ERR,ERR,ERR,ERR,ERR,ERR,ERR,ERR,ERR,ERR,ERR,ERR,ERR,ERR,ERR,ERR,ERR,ERR,ERR,ERR,ERR,ERR,ERR,ERR,ERR,ERR,ERR,ERR,ERR,ERR,ERR,ERR,ERR,ERR,ERR,ERR,ERR,ERR,ERR,ERR,ERR,ERR,ERR,ERR,ERR,ERR,ERR,ERR,ERR,ERR,ERR,ERR,ERR,ERR,ERR,ERR,ERR,ERR,ERR,ERR,ERR,ERR,ERR,ERR,ERR,ERR,ERR,ERR,ERR,ERR,ERR,ERR,ERR,ERR,ERR,ERR,ERR,ERR,ERR,ERR,ERR,ERR,ERR,ERR,ERR,ERR,ERR,ERR,ERR,ERR,ERR,ERR,ERR,ERR,ERR,ERR,ERR,0.0,0.0,-107614672.0,0.0,-4407774150656.0,1.4380183842242254e+24,0.591,-0.0,0,0,4,17404,7116,0.0,100,0.0,0.0,0.0,0.0,0.0,0,0,0,0,0.0,0,0,0,0,0,0,0,0,0,0,0,0,0,0,0,0,0,0,0,0,0,0,0,0,0,0,0,0,0,0,0,0,0,31,40,40,71,65476,0,300,0,0,8,21553,0.0,-107605600.0,0.0,0.0,0.0,0.0,0.0,0.0,0.0,0.0,0.0,0.0,0.0,0.0,0.0,0.0,0.0,0.0,0.0,0.0,0.0,0.0,2.004,0.0,0.0,0.0,0.0,0.0,0.0,0.0,4483.0,-1.5879263307997272e+29,6942.0,0.0,0.0,2.004,2.004,0.0,0.0,0.0,0.0,69,-0.0,2.718413807909433e+23,0.0,0.0,0.0,0.0,0.0,0.0,0.0,0,0,0,0.0,0.0,0.0,0.0,0.0,0.0,0.0,0.0,0.0,0.0,0.0,0.0,0.0,0.0,0.0,0.0,0,-107875648.0,69,0.0,138,0.0,2.012,ERR,ERR,ERR,ERR,ERR,ERR,ERR,ERR,ERR,ERR,ERR,ERR,ERR,ERR,ERR,ERR,ERR,ERR,ERR,ERR,ERR,ERR,ERR,ERR,ERR,ERR,ERR,ERR,ERR,ERR,ERR,ERR,ERR,ERR,ERR,ERR,ERR,ERR,ERR,ERR,ERR,ERR,ERR,ERR,ERR,ERR,ERR,ERR,ERR,ERR,ERR,ERR,ERR,ERR,ERR,ERR,ERR,ERR,ERR,ERR,ERR,ERR,ERR,ERR,ERR,ERR,ERR,60.0,60.0,35,0.0,0.0,0.0,0.0,0.0,0.0,0.0,0.0,0.0,0.0,0.0,0.0,0.0,0.0,0.0,0.0,65.2,0,123,60,46,65476,0,65476,1,4,4,20529,65476,0,0,2621,60.0,0.0,0.0,0.0,0.0,0.0
2026-07-09T15:06:10,ERR,ERR,ERR,ERR,ERR,ERR,ERR,ERR,ERR,ERR,ERR,ERR,ERR,ERR,ERR,ERR,ERR,ERR,ERR,ERR,ERR,ERR,ERR,ERR,ERR,ERR,ERR,ERR,ERR,ERR,ERR,ERR,ERR,ERR,ERR,ERR,ERR,ERR,ERR,ERR,ERR,ERR,ERR,ERR,ERR,ERR,ERR,ERR,ERR,ERR,ERR,ERR,ERR,ERR,ERR,ERR,ERR,ERR,ERR,ERR,ERR,ERR,ERR,ERR,ERR,ERR,ERR,ERR,ERR,ERR,ERR,ERR,ERR,ERR,ERR,ERR,ERR,ERR,ERR,ERR,ERR,ERR,ERR,ERR,ERR,ERR,ERR,ERR,ERR,ERR,ERR,ERR,ERR,ERR,ERR,ERR,ERR,ERR,ERR,ERR,ERR,ERR,ERR,ERR,ERR,ERR,ERR,ERR,ERR,ERR,ERR,ERR,ERR,ERR,ERR,ERR,ERR,ERR,ERR,ERR,ERR,ERR,ERR,ERR,ERR,0.0,0.0,-107614672.0,0.0,-4407774150656.0,1.4380183842242254e+24,0.591,-0.0,0,0,4,17404,7116,0.0,100,0.0,0.0,0.0,0.0,0.0,0,0,0,0,0.0,0,0,0,0,0,0,0,0,0,0,0,0,0,0,0,0,0,0,0,0,0,0,0,0,0,0,0,0,0,0,0,0,0,31,40,40,71,65476,0,300,0,0,8,21553,0.0,-107605600.0,0.0,0.0,0.0,0.0,0.0,0.0,0.0,0.0,0.0,0.0,0.0,0.0,0.0,0.0,0.0,0.0,0.0,0.0,0.0,0.0,2.004,0.0,0.0,0.0,0.0,0.0,0.0,0.0,4483.0,-1.5879263307997272e+29,6942.0,0.0,0.0,2.004,2.004,0.0,0.0,0.0,0.0,69,-0.0,2.718413807909433e+23,0.0,0.0,0.0,0.0,0.0,0.0,0.0,0,0,0,0.0,0.0,0.0,0.0,0.0,0.0,0.0,0.0,0.0,0.0,0.0,0.0,0.0,0.0,0.0,0.0,0,-107875648.0,69,0.0,138,0.0,2.012,ERR,ERR,ERR,ERR,ERR,ERR,ERR,ERR,ERR,ERR,ERR,ERR,ERR,ERR,ERR,ERR,ERR,ERR,ERR,ERR,ERR,ERR,ERR,ERR,ERR,ERR,ERR,ERR,ERR,ERR,ERR,ERR,ERR,ERR,ERR,ERR,ERR,ERR,ERR,ERR,ERR,ERR,ERR,ERR,ERR,ERR,ERR,ERR,ERR,ERR,ERR,ERR,ERR,ERR,ERR,ERR,ERR,ERR,ERR,ERR,ERR,ERR,ERR,ERR,ERR,ERR,ERR,60.0,60.0,35,0.0,0.0,0.0,0.0,0.0,0.0,0.0,0.0,0.0,0.0,0.0,0.0,0.0,0.0,0.0,0.0,65.2,0,123,60,46,65476,0,65476,1,4,4,20529,65476,0,0,2621,60.0,0.0,0.0,0.0,0.0,0.0
2026-07-09T15:06:11,ERR,ERR,ERR,ERR,ERR,ERR,ERR,ERR,ERR,ERR,ERR,ERR,ERR,ERR,ERR,ERR,ERR,ERR,ERR,ERR,ERR,ERR,ERR,ERR,ERR,ERR,ERR,ERR,ERR,ERR,ERR,ERR,ERR,ERR,ERR,ERR,ERR,ERR,ERR,ERR,ERR,ERR,ERR,ERR,ERR,ERR,ERR,ERR,ERR,ERR,ERR,ERR,ERR,ERR,ERR,ERR,ERR,ERR,ERR,ERR,ERR,ERR,ERR,ERR,ERR,ERR,ERR,ERR,ERR,ERR,ERR,ERR,ERR,ERR,ERR,ERR,ERR,ERR,ERR,ERR,ERR,ERR,ERR,ERR,ERR,ERR,ERR,ERR,ERR,ERR,ERR,ERR,ERR,ERR,ERR,ERR,ERR,ERR,ERR,ERR,ERR,ERR,ERR,ERR,ERR,ERR,ERR,ERR,ERR,ERR,ERR,ERR,ERR,ERR,ERR,ERR,ERR,ERR,ERR,ERR,ERR,ERR,ERR,ERR,ERR,0.0,0.0,-107614672.0,0.0,-4407774150656.0,1.4380183842242254e+24,0.591,-0.0,0,0,4,17404,7116,0.0,100,0.0,0.0,0.0,0.0,0.0,0,0,0,0,0.0,0,0,0,0,0,0,0,0,0,0,0,0,0,0,0,0,0,0,0,0,0,0,0,0,0,0,0,0,0,0,0,0,0,31,40,40,71,65476,0,300,0,0,8,21553,0.0,-107605600.0,0.0,0.0,0.0,0.0,0.0,0.0,0.0,0.0,0.0,0.0,0.0,0.0,0.0,0.0,0.0,0.0,0.0,0.0,0.0,0.0,2.004,0.0,0.0,0.0,0.0,0.0,0.0,0.0,4483.0,-1.5879263307997272e+29,6942.0,0.0,0.0,2.004,2.004,0.0,0.0,0.0,0.0,69,-0.0,2.718413807909433e+23,0.0,0.0,0.0,0.0,0.0,0.0,0.0,0,0,0,0.0,0.0,0.0,0.0,0.0,0.0,0.0,0.0,0.0,0.0,0.0,0.0,0.0,0.0,0.0,0.0,0,-107875648.0,69,0.0,138,0.0,2.012,ERR,ERR,ERR,ERR,ERR,ERR,ERR,ERR,ERR,ERR,ERR,ERR,ERR,ERR,ERR,ERR,ERR,ERR,ERR,ERR,ERR,ERR,ERR,ERR,ERR,ERR,ERR,ERR,ERR,ERR,ERR,ERR,ERR,ERR,ERR,ERR,ERR,ERR,ERR,ERR,ERR,ERR,ERR,ERR,ERR,ERR,ERR,ERR,ERR,ERR,ERR,ERR,ERR,ERR,ERR,ERR,ERR,ERR,ERR,ERR,ERR,ERR,ERR,ERR,ERR,ERR,ERR,60.0,60.0,35,0.0,0.0,0.0,0.0,0.0,0.0,0.0,0.0,0.0,0.0,0.0,0.0,0.0,0.0,0.0,0.0,65.2,0,123,59,46,65476,0,65476,1,4,4,20529,65476,0,0,2621,60.0,0.0,0.0,0.0,0.0,0.0
2026-07-09T15:06:12,ERR,ERR,ERR,ERR,ERR,ERR,ERR,ERR,ERR,ERR,ERR,ERR,ERR,ERR,ERR,ERR,ERR,ERR,ERR,ERR,ERR,ERR,ERR,ERR,ERR,ERR,ERR,ERR,ERR,ERR,ERR,ERR,ERR,ERR,ERR,ERR,ERR,ERR,ERR,ERR,ERR,ERR,ERR,ERR,ERR,ERR,ERR,ERR,ERR,ERR,ERR,ERR,ERR,ERR,ERR,ERR,ERR,ERR,ERR,ERR,ERR,ERR,ERR,ERR,ERR,ERR,ERR,ERR,ERR,ERR,ERR,ERR,ERR,ERR,ERR,ERR,ERR,ERR,ERR,ERR,ERR,ERR,ERR,ERR,ERR,ERR,ERR,ERR,ERR,ERR,ERR,ERR,ERR,ERR,ERR,ERR,ERR,ERR,ERR,ERR,ERR,ERR,ERR,ERR,ERR,ERR,ERR,ERR,ERR,ERR,ERR,ERR,ERR,ERR,ERR,ERR,ERR,ERR,ERR,ERR,ERR,ERR,ERR,ERR,ERR,0.0,0.0,-107614672.0,0.0,-4407774150656.0,-0.0,3.538007279265612e+35,5.751918468954532e+24,0,0,4,17408,7116,0.0,100,0.0,0.0,0.0,0.0,0.0,0,0,0,0,0.0,0,0,0,0,0,0,0,0,0,0,0,0,0,0,0,0,0,0,0,0,0,0,0,0,0,0,0,0,0,0,0,0,0,31,40,40,71,65476,0,300,0,0,8,21553,0.0,-107605600.0,0.0,0.0,0.0,0.0,0.0,0.0,0.0,0.0,0.0,0.0,0.0,0.0,0.0,0.0,0.0,0.0,0.0,0.0,0.0,0.0,2.004,0.0,0.0,0.0,0.0,0.0,0.0,0.0,4532.0,-1.0406634001529092e+34,6943.0,0.0,0.0,2.004,2.004,0.0,0.0,0.0,0.0,69,0.0,4.066846102228181e+29,0.0,0.0,0.0,0.0,0.0,0.0,0.0,0,0,0,0.0,0.0,0.0,0.0,0.0,0.0,0.0,0.0,0.0,0.0,0.0,0.0,0.0,0.0,0.0,0.0,0,-107875648.0,69,0.0,138,0.0,2.012,ERR,ERR,ERR,ERR,ERR,ERR,ERR,ERR,ERR,ERR,ERR,ERR,ERR,ERR,ERR,ERR,ERR,ERR,ERR,ERR,ERR,ERR,ERR,ERR,ERR,ERR,ERR,ERR,ERR,ERR,ERR,ERR,ERR,ERR,ERR,ERR,ERR,ERR,ERR,ERR,ERR,ERR,ERR,ERR,ERR,ERR,ERR,ERR,ERR,ERR,ERR,ERR,ERR,ERR,ERR,ERR,ERR,ERR,ERR,ERR,ERR,ERR,ERR,ERR,ERR,ERR,ERR,60.0,60.0,35,0.0,0.0,0.0,0.0,0.0,0.0,0.0,0.0,0.0,0.0,0.0,0.0,0.0,0.0,0.0,0.0,65.2,0,123,59,46,65476,0,65476,1,4,4,20529,65476,0,0,2621,60.0,0.0,0.0,0.0,0.0,0.0
2026-07-09T15:06:13,ERR,ERR,ERR,ERR,ERR,ERR,ERR,ERR,ERR,ERR,ERR,ERR,ERR,ERR,ERR,ERR,ERR,ERR,ERR,ERR,ERR,ERR,ERR,ERR,ERR,ERR,ERR,ERR,ERR,ERR,ERR,ERR,ERR,ERR,ERR,ERR,ERR,ERR,ERR,ERR,ERR,ERR,ERR,ERR,ERR,ERR,ERR,ERR,ERR,ERR,ERR,ERR,ERR,ERR,ERR,ERR,ERR,ERR,ERR,ERR,ERR,ERR,ERR,ERR,ERR,ERR,ERR,ERR,ERR,ERR,ERR,ERR,ERR,ERR,ERR,ERR,ERR,ERR,ERR,ERR,ERR,ERR,ERR,ERR,ERR,ERR,ERR,ERR,ERR,ERR,ERR,ERR,ERR,ERR,ERR,ERR,ERR,ERR,ERR,ERR,ERR,ERR,ERR,ERR,ERR,ERR,ERR,ERR,ERR,ERR,ERR,ERR,ERR,ERR,ERR,ERR,ERR,ERR,ERR,ERR,ERR,ERR,ERR,ERR,ERR,0.0,0.0,-107614672.0,0.0,-4407774150656.0,-0.0,3.538007279265612e+35,5.751918468954532e+24,0,0,4,17408,7116,0.0,100,0.0,0.0,0.0,0.0,0.0,0,0,0,0,0.0,0,0,0,0,0,0,0,0,0,0,0,0,0,0,0,0,0,0,0,0,0,0,0,0,0,0,0,0,0,0,0,0,0,31,40,40,71,65476,0,300,0,0,8,21553,0.0,-107605600.0,0.0,0.0,0.0,0.0,0.0,0.0,0.0,0.0,0.0,0.0,0.0,0.0,0.0,0.0,0.0,0.0,0.0,0.0,0.0,0.0,2.004,0.0,0.0,0.0,0.0,0.0,0.0,0.0,4532.0,-1.0406634001529092e+34,6943.0,0.0,0.0,2.004,2.004,0.0,0.0,0.0,0.0,69,0.0,4.066846102228181e+29,0.0,0.0,0.0,0.0,0.0,0.0,0.0,0,0,0,0.0,0.0,0.0,0.0,0.0,0.0,0.0,0.0,0.0,0.0,0.0,0.0,0.0,0.0,0.0,0.0,0,-107875648.0,69,0.0,138,0.0,2.012,ERR,ERR,ERR,ERR,ERR,ERR,ERR,ERR,ERR,ERR,ERR,ERR,ERR,ERR,ERR,ERR,ERR,ERR,ERR,ERR,ERR,ERR,ERR,ERR,ERR,ERR,ERR,ERR,ERR,ERR,ERR,ERR,ERR,ERR,ERR,ERR,ERR,ERR,ERR,ERR,ERR,ERR,ERR,ERR,ERR,ERR,ERR,ERR,ERR,ERR,ERR,ERR,ERR,ERR,ERR,ERR,ERR,ERR,ERR,ERR,ERR,ERR,ERR,ERR,ERR,ERR,ERR,60.0,60.0,35,0.0,0.0,0.0,0.0,0.0,0.0,0.0,0.0,0.0,0.0,0.0,0.0,0.0,0.0,0.0,0.0,65.2,0,123,59,46,65476,0,65476,1,4,4,20529,65476,0,0,2621,60.0,0.0,0.0,0.0,0.0,0.0
2026-07-09T15:06:14,ERR,ERR,ERR,ERR,ERR,ERR,ERR,ERR,ERR,ERR,ERR,ERR,ERR,ERR,ERR,ERR,ERR,ERR,ERR,ERR,ERR,ERR,ERR,ERR,ERR,ERR,ERR,ERR,ERR,ERR,ERR,ERR,ERR,ERR,ERR,ERR,ERR,ERR,ERR,ERR,ERR,ERR,ERR,ERR,ERR,ERR,ERR,ERR,ERR,ERR,ERR,ERR,ERR,ERR,ERR,ERR,ERR,ERR,ERR,ERR,ERR,ERR,ERR,ERR,ERR,ERR,ERR,ERR,ERR,ERR,ERR,ERR,ERR,ERR,ERR,ERR,ERR,ERR,ERR,ERR,ERR,ERR,ERR,ERR,ERR,ERR,ERR,ERR,ERR,ERR,ERR,ERR,ERR,ERR,ERR,ERR,ERR,ERR,ERR,ERR,ERR,ERR,ERR,ERR,ERR,ERR,ERR,ERR,ERR,ERR,ERR,ERR,ERR,ERR,ERR,ERR,ERR,ERR,ERR,ERR,ERR,ERR,ERR,ERR,ERR,0.0,0.0,-107614672.0,0.0,-4407774150656.0,-0.0,3.538007279265612e+35,5.751918468954532e+24,0,0,4,17408,7116,0.0,100,0.0,0.0,0.0,0.0,0.0,0,0,0,0,0.0,0,0,0,0,0,0,0,0,0,0,0,0,0,0,0,0,0,0,0,0,0,0,0,0,0,0,0,0,0,0,0,0,0,31,40,40,71,65476,0,300,0,0,8,21553,0.0,-107605600.0,0.0,0.0,0.0,0.0,0.0,0.0,0.0,0.0,0.0,0.0,0.0,0.0,0.0,0.0,0.0,0.0,0.0,0.0,0.0,0.0,2.004,0.0,0.0,0.0,0.0,0.0,0.0,0.0,4532.0,-1.0406634001529092e+34,6943.0,0.0,0.0,2.004,2.004,0.0,0.0,0.0,0.0,69,0.0,4.066846102228181e+29,0.0,0.0,0.0,0.0,0.0,0.0,0.0,0,0,0,0.0,0.0,0.0,0.0,0.0,0.0,0.0,0.0,0.0,0.0,0.0,0.0,0.0,0.0,0.0,0.0,0,-107875648.0,69,0.0,138,0.0,2.012,ERR,ERR,ERR,ERR,ERR,ERR,ERR,ERR,ERR,ERR,ERR,ERR,ERR,ERR,ERR,ERR,ERR,ERR,ERR,ERR,ERR,ERR,ERR,ERR,ERR,ERR,ERR,ERR,ERR,ERR,ERR,ERR,ERR,ERR,ERR,ERR,ERR,ERR,ERR,ERR,ERR,ERR,ERR,ERR,ERR,ERR,ERR,ERR,ERR,ERR,ERR,ERR,ERR,ERR,ERR,ERR,ERR,ERR,ERR,ERR,ERR,ERR,ERR,ERR,ERR,ERR,ERR,60.0,60.0,35,0.0,0.0,0.0,0.0,0.0,0.0,0.0,0.0,0.0,0.0,0.0,0.0,0.0,0.0,0.0,0.0,65.2,0,123,59,46,65476,0,65476,1,4,4,20529,65476,0,0,2621,60.0,0.0,0.0,0.0,0.0,0.0
2026-07-09T15:06:15,ERR,ERR,ERR,ERR,ERR,ERR,ERR,ERR,ERR,ERR,ERR,ERR,ERR,ERR,ERR,ERR,ERR,ERR,ERR,ERR,ERR,ERR,ERR,ERR,ERR,ERR,ERR,ERR,ERR,ERR,ERR,ERR,ERR,ERR,ERR,ERR,ERR,ERR,ERR,ERR,ERR,ERR,ERR,ERR,ERR,ERR,ERR,ERR,ERR,ERR,ERR,ERR,ERR,ERR,ERR,ERR,ERR,ERR,ERR,ERR,ERR,ERR,ERR,ERR,ERR,ERR,ERR,ERR,ERR,ERR,ERR,ERR,ERR,ERR,ERR,ERR,ERR,ERR,ERR,ERR,ERR,ERR,ERR,ERR,ERR,ERR,ERR,ERR,ERR,ERR,ERR,ERR,ERR,ERR,ERR,ERR,ERR,ERR,ERR,ERR,ERR,ERR,ERR,ERR,ERR,ERR,ERR,ERR,ERR,ERR,ERR,ERR,ERR,ERR,ERR,ERR,ERR,ERR,ERR,ERR,ERR,ERR,ERR,ERR,ERR,0.0,0.0,-107614672.0,0.0,-4407774150656.0,-0.0,3.538007279265612e+35,5.751918468954532e+24,0,0,4,17408,7116,0.0,100,0.0,0.0,0.0,0.0,0.0,0,0,0,0,0.0,0,0,0,0,0,0,0,0,0,0,0,0,0,0,0,0,0,0,0,0,0,0,0,0,0,0,0,0,0,0,0,0,0,31,40,40,71,65476,0,300,0,0,8,21553,0.0,-107605600.0,0.0,0.0,0.0,0.0,0.0,0.0,0.0,0.0,0.0,0.0,0.0,0.0,0.0,0.0,0.0,0.0,0.0,0.0,0.0,0.0,2.004,0.0,0.0,0.0,0.0,0.0,0.0,0.0,4532.0,-1.0406634001529092e+34,6943.0,0.0,0.0,2.004,2.004,0.0,0.0,0.0,0.0,69,0.0,4.066846102228181e+29,0.0,0.0,0.0,0.0,0.0,0.0,0.0,0,0,0,0.0,0.0,0.0,0.0,0.0,0.0,0.0,0.0,0.0,0.0,0.0,0.0,0.0,0.0,0.0,0.0,0,-107875648.0,69,0.0,138,0.0,2.012,ERR,ERR,ERR,ERR,ERR,ERR,ERR,ERR,ERR,ERR,ERR,ERR,ERR,ERR,ERR,ERR,ERR,ERR,ERR,ERR,ERR,ERR,ERR,ERR,ERR,ERR,ERR,ERR,ERR,ERR,ERR,ERR,ERR,ERR,ERR,ERR,ERR,ERR,ERR,ERR,ERR,ERR,ERR,ERR,ERR,ERR,ERR,ERR,ERR,ERR,ERR,ERR,ERR,ERR,ERR,ERR,ERR,ERR,ERR,ERR,ERR,ERR,ERR,ERR,ERR,ERR,ERR,60.0,60.0,35,0.0,0.0,0.0,0.0,0.0,0.0,0.0,0.0,0.0,0.0,0.0,0.0,0.0,0.0,0.0,0.0,65.2,0,123,59,46,65476,0,65476,1,4,4,20529,65476,0,0,2621,60.0,0.0,0.0,0.0,0.0,0.0
2026-07-09T15:06:16,ERR,ERR,ERR,ERR,ERR,ERR,ERR,ERR,ERR,ERR,ERR,ERR,ERR,ERR,ERR,ERR,ERR,ERR,ERR,ERR,ERR,ERR,ERR,ERR,ERR,ERR,ERR,ERR,ERR,ERR,ERR,ERR,ERR,ERR,ERR,ERR,ERR,ERR,ERR,ERR,ERR,ERR,ERR,ERR,ERR,ERR,ERR,ERR,ERR,ERR,ERR,ERR,ERR,ERR,ERR,ERR,ERR,ERR,ERR,ERR,ERR,ERR,ERR,ERR,ERR,ERR,ERR,ERR,ERR,ERR,ERR,ERR,ERR,ERR,ERR,ERR,ERR,ERR,ERR,ERR,ERR,ERR,ERR,ERR,ERR,ERR,ERR,ERR,ERR,ERR,ERR,ERR,ERR,ERR,ERR,ERR,ERR,ERR,ERR,ERR,ERR,ERR,ERR,ERR,ERR,ERR,ERR,ERR,ERR,ERR,ERR,ERR,ERR,ERR,ERR,ERR,ERR,ERR,ERR,ERR,ERR,ERR,ERR,ERR,ERR,0.0,0.0,-107614672.0,0.0,-4407774150656.0,-0.0,3.538007279265612e+35,5.751918468954532e+24,0,0,4,17408,7116,0.0,100,0.0,0.0,0.0,0.0,0.0,0,0,0,0,0.0,0,0,0,0,0,0,0,0,0,0,0,0,0,0,0,0,0,0,0,0,0,0,0,0,0,0,0,0,0,0,0,0,0,31,40,40,71,65476,0,300,0,0,8,21553,0.0,-107605600.0,0.0,0.0,0.0,0.0,0.0,0.0,0.0,0.0,0.0,0.0,0.0,0.0,0.0,0.0,0.0,0.0,0.0,0.0,0.0,0.0,2.004,0.0,0.0,0.0,0.0,0.0,0.0,0.0,4532.0,-1.0406634001529092e+34,6943.0,0.0,0.0,2.004,2.004,0.0,0.0,0.0,0.0,69,0.0,4.066846102228181e+29,0.0,0.0,0.0,0.0,0.0,0.0,0.0,0,0,0,0.0,0.0,0.0,0.0,0.0,0.0,0.0,0.0,0.0,0.0,0.0,0.0,0.0,0.0,0.0,0.0,0,-107875648.0,69,0.0,138,0.0,2.012,ERR,ERR,ERR,ERR,ERR,ERR,ERR,ERR,ERR,ERR,ERR,ERR,ERR,ERR,ERR,ERR,ERR,ERR,ERR,ERR,ERR,ERR,ERR,ERR,ERR,ERR,ERR,ERR,ERR,ERR,ERR,ERR,ERR,ERR,ERR,ERR,ERR,ERR,ERR,ERR,ERR,ERR,ERR,ERR,ERR,ERR,ERR,ERR,ERR,ERR,ERR,ERR,ERR,ERR,ERR,ERR,ERR,ERR,ERR,ERR,ERR,ERR,ERR,ERR,ERR,ERR,ERR,60.0,60.0,35,0.0,0.0,0.0,0.0,0.0,0.0,0.0,0.0,0.0,0.0,0.0,0.0,0.0,0.0,0.0,0.0,65.2,0,123,59,46,65476,0,65476,1,4,4,20529,65476,0,0,2621,60.0,0.0,0.0,0.0,0.0,0.0
2026-07-09T15:06:17,ERR,ERR,ERR,ERR,ERR,ERR,ERR,ERR,ERR,ERR,ERR,ERR,ERR,ERR,ERR,ERR,ERR,ERR,ERR,ERR,ERR,ERR,ERR,ERR,ERR,ERR,ERR,ERR,ERR,ERR,ERR,ERR,ERR,ERR,ERR,ERR,ERR,ERR,ERR,ERR,ERR,ERR,ERR,ERR,ERR,ERR,ERR,ERR,ERR,ERR,ERR,ERR,ERR,ERR,ERR,ERR,ERR,ERR,ERR,ERR,ERR,ERR,ERR,ERR,ERR,ERR,ERR,ERR,ERR,ERR,ERR,ERR,ERR,ERR,ERR,ERR,ERR,ERR,ERR,ERR,ERR,ERR,ERR,ERR,ERR,ERR,ERR,ERR,ERR,ERR,ERR,ERR,ERR,ERR,ERR,ERR,ERR,ERR,ERR,ERR,ERR,ERR,ERR,ERR,ERR,ERR,ERR,ERR,ERR,ERR,ERR,ERR,ERR,ERR,ERR,ERR,ERR,ERR,ERR,ERR,ERR,ERR,ERR,ERR,ERR,0.0,0.0,-107614672.0,-0.0,0.0,-0.0,-0.0,-0.0,0,0,4,17406,7116,0.0,100,0.0,0.0,-0.0,0.0,0.0,0,0,0,0,0.0,0,0,0,0,0,0,0,0,0,0,0,0,0,0,0,0,0,0,0,0,0,0,0,0,0,0,0,0,0,0,0,0,0,31,40,40,71,65476,0,300,0,0,8,21553,0.0,-107605600.0,0.0,0.0,0.0,0.0,0.0,0.0,0.0,0.0,0.0,0.0,0.0,0.0,0.0,0.0,0.0,0.0,0.0,0.0,0.0,0.0,2.004,0.0,0.0,0.0,0.0,0.0,0.0,0.0,4525.0,0.0,6943.0,0.0,0.0,2.004,2.004,0.0,0.0,0.0,0.0,69,-0.0,4.066846102228181e+29,0.0,0.0,0.0,0.0,0.0,0.0,0.0,0,0,0,0.0,0.0,0.0,0.0,0.0,0.0,0.0,0.0,0.0,0.0,0.0,0.0,0.0,0.0,0.0,0.0,0,-107875648.0,69,0.0,138,0.0,2.012,ERR,ERR,ERR,ERR,ERR,ERR,ERR,ERR,ERR,ERR,ERR,ERR,ERR,ERR,ERR,ERR,ERR,ERR,ERR,ERR,ERR,ERR,ERR,ERR,ERR,ERR,ERR,ERR,ERR,ERR,ERR,ERR,ERR,ERR,ERR,ERR,ERR,ERR,ERR,ERR,ERR,ERR,ERR,ERR,ERR,ERR,ERR,ERR,ERR,ERR,ERR,ERR,ERR,ERR,ERR,ERR,ERR,ERR,ERR,ERR,ERR,ERR,ERR,ERR,ERR,ERR,ERR,60.0,60.0,35,0.0,0.0,0.0,0.0,0.0,0.0,0.0,0.0,0.0,0.0,0.0,0.0,0.0,0.0,0.0,0.0,65.2,0,123,59,46,65476,0,65476,1,4,4,20529,65476,0,0,2621,60.0,0.0,0.0,0.0,0.0,0.0
2026-07-09T15:06:18,ERR,ERR,ERR,ERR,ERR,ERR,ERR,ERR,ERR,ERR,ERR,ERR,ERR,ERR,ERR,ERR,ERR,ERR,ERR,ERR,ERR,ERR,ERR,ERR,ERR,ERR,ERR,ERR,ERR,ERR,ERR,ERR,ERR,ERR,ERR,ERR,ERR,ERR,ERR,ERR,ERR,ERR,ERR,ERR,ERR,ERR,ERR,ERR,ERR,ERR,ERR,ERR,ERR,ERR,ERR,ERR,ERR,ERR,ERR,ERR,ERR,ERR,ERR,ERR,ERR,ERR,ERR,ERR,ERR,ERR,ERR,ERR,ERR,ERR,ERR,ERR,ERR,ERR,ERR,ERR,ERR,ERR,ERR,ERR,ERR,ERR,ERR,ERR,ERR,ERR,ERR,ERR,ERR,ERR,ERR,ERR,ERR,ERR,ERR,ERR,ERR,ERR,ERR,ERR,ERR,ERR,ERR,ERR,ERR,ERR,ERR,ERR,ERR,ERR,ERR,ERR,ERR,ERR,ERR,ERR,ERR,ERR,ERR,ERR,ERR,0.0,0.0,-107614672.0,-0.0,0.0,-0.0,-0.0,-0.0,0,0,4,17406,7116,0.0,100,0.0,0.0,-0.0,0.0,0.0,0,0,0,0,0.0,0,0,0,0,0,0,0,0,0,0,0,0,0,0,0,0,0,0,0,0,0,0,0,0,0,0,0,0,0,0,0,0,0,31,40,40,71,65476,0,300,0,0,8,21553,0.0,-107605600.0,0.0,0.0,0.0,0.0,0.0,0.0,0.0,0.0,0.0,0.0,0.0,0.0,0.0,0.0,0.0,0.0,0.0,0.0,0.0,0.0,2.004,0.0,0.0,0.0,0.0,0.0,0.0,0.0,4525.0,0.0,6943.0,0.0,0.0,2.004,2.004,0.0,0.0,0.0,0.0,69,-0.0,4.066846102228181e+29,0.0,0.0,0.0,0.0,0.0,0.0,0.0,0,0,0,0.0,0.0,0.0,0.0,0.0,0.0,0.0,0.0,0.0,0.0,0.0,0.0,0.0,0.0,0.0,0.0,0,-107875648.0,69,0.0,138,0.0,2.012,ERR,ERR,ERR,ERR,ERR,ERR,ERR,ERR,ERR,ERR,ERR,ERR,ERR,ERR,ERR,ERR,ERR,ERR,ERR,ERR,ERR,ERR,ERR,ERR,ERR,ERR,ERR,ERR,ERR,ERR,ERR,ERR,ERR,ERR,ERR,ERR,ERR,ERR,ERR,ERR,ERR,ERR,ERR,ERR,ERR,ERR,ERR,ERR,ERR,ERR,ERR,ERR,ERR,ERR,ERR,ERR,ERR,ERR,ERR,ERR,ERR,ERR,ERR,ERR,ERR,ERR,ERR,60.0,60.0,35,0.0,0.0,0.0,0.0,0.0,0.0,0.0,0.0,0.0,0.0,0.0,0.0,0.0,0.0,0.0,0.0,65.2,0,123,59,46,65476,0,65476,1,4,4,20529,65476,0,0,2621,60.0,0.0,0.0,0.0,0.0,0.0
2026-07-09T15:06:19,ERR,ERR,ERR,ERR,ERR,ERR,ERR,ERR,ERR,ERR,ERR,ERR,ERR,ERR,ERR,ERR,ERR,ERR,ERR,ERR,ERR,ERR,ERR,ERR,ERR,ERR,ERR,ERR,ERR,ERR,ERR,ERR,ERR,ERR,ERR,ERR,ERR,ERR,ERR,ERR,ERR,ERR,ERR,ERR,ERR,ERR,ERR,ERR,ERR,ERR,ERR,ERR,ERR,ERR,ERR,ERR,ERR,ERR,ERR,ERR,ERR,ERR,ERR,ERR,ERR,ERR,ERR,ERR,ERR,ERR,ERR,ERR,ERR,ERR,ERR,ERR,ERR,ERR,ERR,ERR,ERR,ERR,ERR,ERR,ERR,ERR,ERR,ERR,ERR,ERR,ERR,ERR,ERR,ERR,ERR,ERR,ERR,ERR,ERR,ERR,ERR,ERR,ERR,ERR,ERR,ERR,ERR,ERR,ERR,ERR,ERR,ERR,ERR,ERR,ERR,ERR,ERR,ERR,ERR,ERR,ERR,ERR,ERR,ERR,ERR,0.0,0.0,-107614672.0,-0.0,0.0,-0.0,-0.0,-0.0,0,0,4,17406,7116,0.0,100,0.0,0.0,-0.0,0.0,0.0,0,0,0,0,0.0,0,0,0,0,0,0,0,0,0,0,0,0,0,0,0,0,0,0,0,0,0,0,0,0,0,0,0,0,0,0,0,0,0,31,40,40,71,65476,0,300,0,0,8,21553,0.0,-107605600.0,0.0,0.0,0.0,0.0,0.0,0.0,0.0,0.0,0.0,0.0,0.0,0.0,0.0,0.0,0.0,0.0,0.0,0.0,0.0,0.0,2.004,0.0,0.0,0.0,0.0,0.0,0.0,0.0,4525.0,0.0,6943.0,0.0,0.0,2.004,2.004,0.0,0.0,0.0,0.0,69,-0.0,4.066846102228181e+29,0.0,0.0,0.0,0.0,0.0,0.0,0.0,0,0,0,0.0,0.0,0.0,0.0,0.0,0.0,0.0,0.0,0.0,0.0,0.0,0.0,0.0,0.0,0.0,0.0,0,-107875648.0,69,0.0,138,0.0,2.012,ERR,ERR,ERR,ERR,ERR,ERR,ERR,ERR,ERR,ERR,ERR,ERR,ERR,ERR,ERR,ERR,ERR,ERR,ERR,ERR,ERR,ERR,ERR,ERR,ERR,ERR,ERR,ERR,ERR,ERR,ERR,ERR,ERR,ERR,ERR,ERR,ERR,ERR,ERR,ERR,ERR,ERR,ERR,ERR,ERR,ERR,ERR,ERR,ERR,ERR,ERR,ERR,ERR,ERR,ERR,ERR,ERR,ERR,ERR,ERR,ERR,ERR,ERR,ERR,ERR,ERR,ERR,60.0,60.0,35,0.0,0.0,0.0,0.0,0.0,0.0,0.0,0.0,0.0,0.0,0.0,0.0,0.0,0.0,0.0,0.0,65.2,0,123,59,46,65476,0,65476,1,4,4,20529,65476,0,0,2621,60.0,0.0,0.0,0.0,0.0,0.0
2026-07-09T15:06:20,ERR,ERR,ERR,ERR,ERR,ERR,ERR,ERR,ERR,ERR,ERR,ERR,ERR,ERR,ERR,ERR,ERR,ERR,ERR,ERR,ERR,ERR,ERR,ERR,ERR,ERR,ERR,ERR,ERR,ERR,ERR,ERR,ERR,ERR,ERR,ERR,ERR,ERR,ERR,ERR,ERR,ERR,ERR,ERR,ERR,ERR,ERR,ERR,ERR,ERR,ERR,ERR,ERR,ERR,ERR,ERR,ERR,ERR,ERR,ERR,ERR,ERR,ERR,ERR,ERR,ERR,ERR,ERR,ERR,ERR,ERR,ERR,ERR,ERR,ERR,ERR,ERR,ERR,ERR,ERR,ERR,ERR,ERR,ERR,ERR,ERR,ERR,ERR,ERR,ERR,ERR,ERR,ERR,ERR,ERR,ERR,ERR,ERR,ERR,ERR,ERR,ERR,ERR,ERR,ERR,ERR,ERR,ERR,ERR,ERR,ERR,ERR,ERR,ERR,ERR,ERR,ERR,ERR,ERR,ERR,ERR,ERR,ERR,ERR,ERR,0.0,0.0,-107614672.0,-0.0,0.0,-0.0,-0.0,-0.0,0,0,4,17406,7116,0.0,100,0.0,0.0,-0.0,0.0,0.0,0,0,0,0,0.0,0,0,0,0,0,0,0,0,0,0,0,0,0,0,0,0,0,0,0,0,0,0,0,0,0,0,0,0,0,0,0,0,0,31,40,40,71,65476,0,300,0,0,8,21553,0.0,-107605600.0,0.0,0.0,0.0,0.0,0.0,0.0,0.0,0.0,0.0,0.0,0.0,0.0,0.0,0.0,0.0,0.0,0.0,0.0,0.0,0.0,2.004,0.0,0.0,0.0,0.0,0.0,0.0,0.0,4525.0,0.0,6943.0,0.0,0.0,2.004,2.004,0.0,0.0,0.0,0.0,69,-0.0,4.066846102228181e+29,0.0,0.0,0.0,0.0,0.0,0.0,0.0,0,0,0,0.0,0.0,0.0,0.0,0.0,0.0,0.0,0.0,0.0,0.0,0.0,0.0,0.0,0.0,0.0,0.0,0,-107875648.0,69,0.0,138,0.0,2.012,ERR,ERR,ERR,ERR,ERR,ERR,ERR,ERR,ERR,ERR,ERR,ERR,ERR,ERR,ERR,ERR,ERR,ERR,ERR,ERR,ERR,ERR,ERR,ERR,ERR,ERR,ERR,ERR,ERR,ERR,ERR,ERR,ERR,ERR,ERR,ERR,ERR,ERR,ERR,ERR,ERR,ERR,ERR,ERR,ERR,ERR,ERR,ERR,ERR,ERR,ERR,ERR,ERR,ERR,ERR,ERR,ERR,ERR,ERR,ERR,ERR,ERR,ERR,ERR,ERR,ERR,ERR,60.0,60.0,35,0.0,0.0,0.0,0.0,0.0,0.0,0.0,0.0,0.0,0.0,0.0,0.0,0.0,0.0,0.0,0.0,65.2,0,123,59,46,65476,0,65476,1,4,4,20529,65476,0,0,2621,60.0,0.0,0.0,0.0,0.0,0.0
2026-07-09T15:06:21,ERR,ERR,ERR,ERR,ERR,ERR,ERR,ERR,ERR,ERR,ERR,ERR,ERR,ERR,ERR,ERR,ERR,ERR,ERR,ERR,ERR,ERR,ERR,ERR,ERR,ERR,ERR,ERR,ERR,ERR,ERR,ERR,ERR,ERR,ERR,ERR,ERR,ERR,ERR,ERR,ERR,ERR,ERR,ERR,ERR,ERR,ERR,ERR,ERR,ERR,ERR,ERR,ERR,ERR,ERR,ERR,ERR,ERR,ERR,ERR,ERR,ERR,ERR,ERR,ERR,ERR,ERR,ERR,ERR,ERR,ERR,ERR,ERR,ERR,ERR,ERR,ERR,ERR,ERR,ERR,ERR,ERR,ERR,ERR,ERR,ERR,ERR,ERR,ERR,ERR,ERR,ERR,ERR,ERR,ERR,ERR,ERR,ERR,ERR,ERR,ERR,ERR,ERR,ERR,ERR,ERR,ERR,ERR,ERR,ERR,ERR,ERR,ERR,ERR,ERR,ERR,ERR,ERR,ERR,ERR,ERR,ERR,ERR,ERR,ERR,0.0,0.0,-107614672.0,-0.0,0.0,-0.0,-0.0,-0.0,0,0,4,17406,7116,0.0,100,0.0,0.0,-0.0,0.0,0.0,0,0,0,0,0.0,0,0,0,0,0,0,0,0,0,0,0,0,0,0,0,0,0,0,0,0,0,0,0,0,0,0,0,0,0,0,0,0,0,31,40,40,71,65476,0,300,0,0,8,21553,0.0,-107605600.0,0.0,0.0,0.0,0.0,0.0,0.0,0.0,0.0,0.0,0.0,0.0,0.0,0.0,0.0,0.0,0.0,0.0,0.0,0.0,0.0,2.004,0.0,0.0,0.0,0.0,0.0,0.0,0.0,4525.0,0.0,6943.0,0.0,0.0,2.004,2.004,0.0,0.0,0.0,0.0,69,-0.0,4.066846102228181e+29,0.0,0.0,0.0,0.0,0.0,0.0,0.0,0,0,0,0.0,0.0,0.0,0.0,0.0,0.0,0.0,0.0,0.0,0.0,0.0,0.0,0.0,0.0,0.0,0.0,0,-107875648.0,69,0.0,138,0.0,2.012,ERR,ERR,ERR,ERR,ERR,ERR,ERR,ERR,ERR,ERR,ERR,ERR,ERR,ERR,ERR,ERR,ERR,ERR,ERR,ERR,ERR,ERR,ERR,ERR,ERR,ERR,ERR,ERR,ERR,ERR,ERR,ERR,ERR,ERR,ERR,ERR,ERR,ERR,ERR,ERR,ERR,ERR,ERR,ERR,ERR,ERR,ERR,ERR,ERR,ERR,ERR,ERR,ERR,ERR,ERR,ERR,ERR,ERR,ERR,ERR,ERR,ERR,ERR,ERR,ERR,ERR,ERR,60.0,60.0,35,0.0,0.0,0.0,0.0,0.0,0.0,0.0,0.0,0.0,0.0,0.0,0.0,0.0,0.0,0.0,0.0,65.2,0,123,59,46,65476,0,65476,1,4,4,20529,65476,0,0,2621,60.0,0.0,0.0,0.0,0.0,0.0
2026-07-09T15:06:22,ERR,ERR,ERR,ERR,ERR,ERR,ERR,ERR,ERR,ERR,ERR,ERR,ERR,ERR,ERR,ERR,ERR,ERR,ERR,ERR,ERR,ERR,ERR,ERR,ERR,ERR,ERR,ERR,ERR,ERR,ERR,ERR,ERR,ERR,ERR,ERR,ERR,ERR,ERR,ERR,ERR,ERR,ERR,ERR,ERR,ERR,ERR,ERR,ERR,ERR,ERR,ERR,ERR,ERR,ERR,ERR,ERR,ERR,ERR,ERR,ERR,ERR,ERR,ERR,ERR,ERR,ERR,ERR,ERR,ERR,ERR,ERR,ERR,ERR,ERR,ERR,ERR,ERR,ERR,ERR,ERR,ERR,ERR,ERR,ERR,ERR,ERR,ERR,ERR,ERR,ERR,ERR,ERR,ERR,ERR,ERR,ERR,ERR,ERR,ERR,ERR,ERR,ERR,ERR,ERR,ERR,ERR,ERR,ERR,ERR,ERR,ERR,ERR,ERR,ERR,ERR,ERR,ERR,ERR,ERR,ERR,ERR,ERR,ERR,ERR,0.0,0.0,-107614672.0,-107612512.0,2068.529,-131.256,-250995506413568.0,-1252016256.0,0,0,4,17408,7116,0.0,100,0.0,0.0,-107612512.0,0.0,0.0,0,0,0,0,0.0,0,0,0,0,0,0,0,0,0,0,0,0,0,0,0,0,0,0,0,0,0,0,0,0,0,0,0,0,0,0,0,0,0,31,40,40,71,65476,0,300,0,0,8,21553,0.0,-107605600.0,0.0,0.0,0.0,0.0,0.0,0.0,0.0,0.0,0.0,0.0,0.0,0.0,-2.596148429267414e+33,0.0,0.0,0.0,0.0,0.0,0.0,0.0,2.004,0.0,0.0,0.0,0.0,0.0,0.0,0.0,4505.0,-1.0406634001529092e+34,6943.0,0.0,-107615928.0,2.004,2.004,0.0,0.0,0.0,0.0,69,-152018068963328.0,4.066846102228181e+29,0.0,0.0,0.0,0.0,0.0,0.0,0.0,0,0,0,0.0,0.0,0.0,0.0,0.0,0.0,0.0,0.0,0.0,0.0,0.0,0.0,0.0,0.0,0.0,0.0,0,-107875648.0,69,0.0,138,0.0,2.012,ERR,ERR,ERR,ERR,ERR,ERR,ERR,ERR,ERR,ERR,ERR,ERR,ERR,ERR,ERR,ERR,ERR,ERR,ERR,ERR,ERR,ERR,ERR,ERR,ERR,ERR,ERR,ERR,ERR,ERR,ERR,ERR,ERR,ERR,ERR,ERR,ERR,ERR,ERR,ERR,ERR,ERR,ERR,ERR,ERR,ERR,ERR,ERR,ERR,ERR,ERR,ERR,ERR,ERR,ERR,ERR,ERR,ERR,ERR,ERR,ERR,ERR,ERR,ERR,ERR,ERR,ERR,60.0,60.0,35,0.0,0.0,0.0,0.0,0.0,0.0,0.0,0.0,0.0,0.0,0.0,0.0,0.0,0.0,0.0,0.0,65.6,0,123,59,45,65476,0,65476,1,4,4,20529,65476,0,0,2621,60.0,0.0,0.0,0.0,0.0,0.0
2026-07-09T15:06:23,ERR,ERR,ERR,ERR,ERR,ERR,ERR,ERR,ERR,ERR,ERR,ERR,ERR,ERR,ERR,ERR,ERR,ERR,ERR,ERR,ERR,ERR,ERR,ERR,ERR,ERR,ERR,ERR,ERR,ERR,ERR,ERR,ERR,ERR,ERR,ERR,ERR,ERR,ERR,ERR,ERR,ERR,ERR,ERR,ERR,ERR,ERR,ERR,ERR,ERR,ERR,ERR,ERR,ERR,ERR,ERR,ERR,ERR,ERR,ERR,ERR,ERR,ERR,ERR,ERR,ERR,ERR,ERR,ERR,ERR,ERR,ERR,ERR,ERR,ERR,ERR,ERR,ERR,ERR,ERR,ERR,ERR,ERR,ERR,ERR,ERR,ERR,ERR,ERR,ERR,ERR,ERR,ERR,ERR,ERR,ERR,ERR,ERR,ERR,ERR,ERR,ERR,ERR,ERR,ERR,ERR,ERR,ERR,ERR,ERR,ERR,ERR,ERR,ERR,ERR,ERR,ERR,ERR,ERR,ERR,ERR,ERR,ERR,ERR,ERR,0.0,0.0,-107614672.0,-107612512.0,2068.529,-131.256,-250995506413568.0,-1252016256.0,0,0,4,17408,7116,0.0,100,0.0,0.0,-107612512.0,0.0,0.0,0,0,0,0,0.0,0,0,0,0,0,0,0,0,0,0,0,0,0,0,0,0,0,0,0,0,0,0,0,0,0,0,0,0,0,0,0,0,0,31,40,40,71,65476,0,300,0,0,8,21553,0.0,-107605600.0,0.0,0.0,0.0,0.0,0.0,0.0,0.0,0.0,0.0,0.0,0.0,0.0,-2.596148429267414e+33,0.0,0.0,0.0,0.0,0.0,0.0,0.0,2.004,0.0,0.0,0.0,0.0,0.0,0.0,0.0,4505.0,-1.0406634001529092e+34,6943.0,0.0,-107615928.0,2.004,2.004,0.0,0.0,0.0,0.0,69,-152018068963328.0,4.066846102228181e+29,0.0,0.0,0.0,0.0,0.0,0.0,0.0,0,0,0,0.0,0.0,0.0,0.0,0.0,0.0,0.0,0.0,0.0,0.0,0.0,0.0,0.0,0.0,0.0,0.0,0,-107875648.0,69,0.0,138,0.0,2.012,ERR,ERR,ERR,ERR,ERR,ERR,ERR,ERR,ERR,ERR,ERR,ERR,ERR,ERR,ERR,ERR,ERR,ERR,ERR,ERR,ERR,ERR,ERR,ERR,ERR,ERR,ERR,ERR,ERR,ERR,ERR,ERR,ERR,ERR,ERR,ERR,ERR,ERR,ERR,ERR,ERR,ERR,ERR,ERR,ERR,ERR,ERR,ERR,ERR,ERR,ERR,ERR,ERR,ERR,ERR,ERR,ERR,ERR,ERR,ERR,ERR,ERR,ERR,ERR,ERR,ERR,ERR,60.0,60.0,35,0.0,0.0,0.0,0.0,0.0,0.0,0.0,0.0,0.0,0.0,0.0,0.0,0.0,0.0,0.0,0.0,65.6,0,123,59,45,65476,0,65476,1,4,4,20529,65476,0,0,2621,60.0,0.0,0.0,0.0,0.0,0.0
2026-07-09T15:06:24,ERR,ERR,ERR,ERR,ERR,ERR,ERR,ERR,ERR,ERR,ERR,ERR,ERR,ERR,ERR,ERR,ERR,ERR,ERR,ERR,ERR,ERR,ERR,ERR,ERR,ERR,ERR,ERR,ERR,ERR,ERR,ERR,ERR,ERR,ERR,ERR,ERR,ERR,ERR,ERR,ERR,ERR,ERR,ERR,ERR,ERR,ERR,ERR,ERR,ERR,ERR,ERR,ERR,ERR,ERR,ERR,ERR,ERR,ERR,ERR,ERR,ERR,ERR,ERR,ERR,ERR,ERR,ERR,ERR,ERR,ERR,ERR,ERR,ERR,ERR,ERR,ERR,ERR,ERR,ERR,ERR,ERR,ERR,ERR,ERR,ERR,ERR,ERR,ERR,ERR,ERR,ERR,ERR,ERR,ERR,ERR,ERR,ERR,ERR,ERR,ERR,ERR,ERR,ERR,ERR,ERR,ERR,ERR,ERR,ERR,ERR,ERR,ERR,ERR,ERR,ERR,ERR,ERR,ERR,ERR,ERR,ERR,ERR,ERR,ERR,0.0,0.0,-107614672.0,-107612512.0,2068.529,-131.256,-250995506413568.0,-1252016256.0,0,0,4,17408,7116,0.0,100,0.0,0.0,-107612512.0,0.0,0.0,0,0,0,0,0.0,0,0,0,0,0,0,0,0,0,0,0,0,0,0,0,0,0,0,0,0,0,0,0,0,0,0,0,0,0,0,0,0,0,31,40,40,71,65476,0,300,0,0,8,21553,0.0,-107605600.0,0.0,0.0,0.0,0.0,0.0,0.0,0.0,0.0,0.0,0.0,0.0,0.0,-2.596148429267414e+33,0.0,0.0,0.0,0.0,0.0,0.0,0.0,2.004,0.0,0.0,0.0,0.0,0.0,0.0,0.0,4505.0,-1.0406634001529092e+34,6943.0,0.0,-107615928.0,2.004,2.004,0.0,0.0,0.0,0.0,69,-152018068963328.0,4.066846102228181e+29,0.0,0.0,0.0,0.0,0.0,0.0,0.0,0,0,0,0.0,0.0,0.0,0.0,0.0,0.0,0.0,0.0,0.0,0.0,0.0,0.0,0.0,0.0,0.0,0.0,0,-107875648.0,69,0.0,138,0.0,2.012,ERR,ERR,ERR,ERR,ERR,ERR,ERR,ERR,ERR,ERR,ERR,ERR,ERR,ERR,ERR,ERR,ERR,ERR,ERR,ERR,ERR,ERR,ERR,ERR,ERR,ERR,ERR,ERR,ERR,ERR,ERR,ERR,ERR,ERR,ERR,ERR,ERR,ERR,ERR,ERR,ERR,ERR,ERR,ERR,ERR,ERR,ERR,ERR,ERR,ERR,ERR,ERR,ERR,ERR,ERR,ERR,ERR,ERR,ERR,ERR,ERR,ERR,ERR,ERR,ERR,ERR,ERR,60.0,60.0,35,0.0,0.0,0.0,0.0,0.0,0.0,0.0,0.0,0.0,0.0,0.0,0.0,0.0,0.0,0.0,0.0,65.2,0,123,59,45,65476,0,65476,1,4,4,20529,65476,0,0,2621,60.0,0.0,0.0,0.0,0.0,0.0
2026-07-09T15:06:25,ERR,ERR,ERR,ERR,ERR,ERR,ERR,ERR,ERR,ERR,ERR,ERR,ERR,ERR,ERR,ERR,ERR,ERR,ERR,ERR,ERR,ERR,ERR,ERR,ERR,ERR,ERR,ERR,ERR,ERR,ERR,ERR,ERR,ERR,ERR,ERR,ERR,ERR,ERR,ERR,ERR,ERR,ERR,ERR,ERR,ERR,ERR,ERR,ERR,ERR,ERR,ERR,ERR,ERR,ERR,ERR,ERR,ERR,ERR,ERR,ERR,ERR,ERR,ERR,ERR,ERR,ERR,ERR,ERR,ERR,ERR,ERR,ERR,ERR,ERR,ERR,ERR,ERR,ERR,ERR,ERR,ERR,ERR,ERR,ERR,ERR,ERR,ERR,ERR,ERR,ERR,ERR,ERR,ERR,ERR,ERR,ERR,ERR,ERR,ERR,ERR,ERR,ERR,ERR,ERR,ERR,ERR,ERR,ERR,ERR,ERR,ERR,ERR,ERR,ERR,ERR,ERR,ERR,ERR,ERR,ERR,ERR,ERR,ERR,ERR,0.0,0.0,-107614672.0,-107612512.0,2068.529,-131.256,-250995506413568.0,-1252016256.0,0,0,4,17408,7116,0.0,100,0.0,0.0,-107612512.0,0.0,0.0,0,0,0,0,0.0,0,0,0,0,0,0,0,0,0,0,0,0,0,0,0,0,0,0,0,0,0,0,0,0,0,0,0,0,0,0,0,0,0,31,40,40,71,65476,0,300,0,0,8,21553,0.0,-107605600.0,0.0,0.0,0.0,0.0,0.0,0.0,0.0,0.0,0.0,0.0,0.0,0.0,-2.596148429267414e+33,0.0,0.0,0.0,0.0,0.0,0.0,0.0,2.004,0.0,0.0,0.0,0.0,0.0,0.0,0.0,4505.0,-1.0406634001529092e+34,6943.0,0.0,-107615928.0,2.004,2.004,0.0,0.0,0.0,0.0,69,-152018068963328.0,4.066846102228181e+29,0.0,0.0,0.0,0.0,0.0,0.0,0.0,0,0,0,0.0,0.0,0.0,0.0,0.0,0.0,0.0,0.0,0.0,0.0,0.0,0.0,0.0,0.0,0.0,0.0,0,-107875648.0,69,0.0,138,0.0,2.012,ERR,ERR,ERR,ERR,ERR,ERR,ERR,ERR,ERR,ERR,ERR,ERR,ERR,ERR,ERR,ERR,ERR,ERR,ERR,ERR,ERR,ERR,ERR,ERR,ERR,ERR,ERR,ERR,ERR,ERR,ERR,ERR,ERR,ERR,ERR,ERR,ERR,ERR,ERR,ERR,ERR,ERR,ERR,ERR,ERR,ERR,ERR,ERR,ERR,ERR,ERR,ERR,ERR,ERR,ERR,ERR,ERR,ERR,ERR,ERR,ERR,ERR,ERR,ERR,ERR,ERR,ERR,60.0,60.0,35,0.0,0.0,0.0,0.0,0.0,0.0,0.0,0.0,0.0,0.0,0.0,0.0,0.0,0.0,0.0,0.0,65.2,0,123,59,45,65476,0,65476,1,4,4,20529,65476,0,0,2621,60.0,0.0,0.0,0.0,0.0,0.0
2026-07-09T15:06:26,ERR,ERR,ERR,ERR,ERR,ERR,ERR,ERR,ERR,ERR,ERR,ERR,ERR,ERR,ERR,ERR,ERR,ERR,ERR,ERR,ERR,ERR,ERR,ERR,ERR,ERR,ERR,ERR,ERR,ERR,ERR,ERR,ERR,ERR,ERR,ERR,ERR,ERR,ERR,ERR,ERR,ERR,ERR,ERR,ERR,ERR,ERR,ERR,ERR,ERR,ERR,ERR,ERR,ERR,ERR,ERR,ERR,ERR,ERR,ERR,ERR,ERR,ERR,ERR,ERR,ERR,ERR,ERR,ERR,ERR,ERR,ERR,ERR,ERR,ERR,ERR,ERR,ERR,ERR,ERR,ERR,ERR,ERR,ERR,ERR,ERR,ERR,ERR,ERR,ERR,ERR,ERR,ERR,ERR,ERR,ERR,ERR,ERR,ERR,ERR,ERR,ERR,ERR,ERR,ERR,ERR,ERR,ERR,ERR,ERR,ERR,ERR,ERR,ERR,ERR,ERR,ERR,ERR,ERR,ERR,ERR,ERR,ERR,ERR,ERR,0.0,0.0,-107614672.0,-107612512.0,2068.529,-131.256,-250995506413568.0,-1252016256.0,0,0,4,17408,7116,0.0,100,0.0,0.0,-107612512.0,0.0,0.0,0,0,0,0,0.0,0,0,0,0,0,0,0,0,0,0,0,0,0,0,0,0,0,0,0,0,0,0,0,0,0,0,0,0,0,0,0,0,0,31,40,40,71,65476,0,300,0,0,8,21553,0.0,-107605600.0,0.0,0.0,0.0,0.0,0.0,0.0,0.0,0.0,0.0,0.0,0.0,0.0,-2.596148429267414e+33,0.0,0.0,0.0,0.0,0.0,0.0,0.0,2.004,0.0,0.0,0.0,0.0,0.0,0.0,0.0,4505.0,-1.0406634001529092e+34,6943.0,0.0,-107615928.0,2.004,2.004,0.0,0.0,0.0,0.0,69,-152018068963328.0,4.066846102228181e+29,0.0,0.0,0.0,0.0,0.0,0.0,0.0,0,0,0,0.0,0.0,0.0,0.0,0.0,0.0,0.0,0.0,0.0,0.0,0.0,0.0,0.0,0.0,0.0,0.0,0,-107875648.0,69,0.0,138,0.0,2.012,ERR,ERR,ERR,ERR,ERR,ERR,ERR,ERR,ERR,ERR,ERR,ERR,ERR,ERR,ERR,ERR,ERR,ERR,ERR,ERR,ERR,ERR,ERR,ERR,ERR,ERR,ERR,ERR,ERR,ERR,ERR,ERR,ERR,ERR,ERR,ERR,ERR,ERR,ERR,ERR,ERR,ERR,ERR,ERR,ERR,ERR,ERR,ERR,ERR,ERR,ERR,ERR,ERR,ERR,ERR,ERR,ERR,ERR,ERR,ERR,ERR,ERR,ERR,ERR,ERR,ERR,ERR,60.0,60.0,35,0.0,0.0,0.0,0.0,0.0,0.0,0.0,0.0,0.0,0.0,0.0,0.0,0.0,0.0,0.0,0.0,65.2,0,122,59,45,65476,0,65476,1,4,4,20529,65476,0,0,2621,60.0,0.0,0.0,0.0,0.0,0.0
2026-07-09T15:06:27,ERR,ERR,ERR,ERR,ERR,ERR,ERR,ERR,ERR,ERR,ERR,ERR,ERR,ERR,ERR,ERR,ERR,ERR,ERR,ERR,ERR,ERR,ERR,ERR,ERR,ERR,ERR,ERR,ERR,ERR,ERR,ERR,ERR,ERR,ERR,ERR,ERR,ERR,ERR,ERR,ERR,ERR,ERR,ERR,ERR,ERR,ERR,ERR,ERR,ERR,ERR,ERR,ERR,ERR,ERR,ERR,ERR,ERR,ERR,ERR,ERR,ERR,ERR,ERR,ERR,ERR,ERR,ERR,ERR,ERR,ERR,ERR,ERR,ERR,ERR,ERR,ERR,ERR,ERR,ERR,ERR,ERR,ERR,ERR,ERR,ERR,ERR,ERR,ERR,ERR,ERR,ERR,ERR,ERR,ERR,ERR,ERR,ERR,ERR,ERR,ERR,ERR,ERR,ERR,ERR,ERR,ERR,ERR,ERR,ERR,ERR,ERR,ERR,ERR,ERR,ERR,ERR,ERR,ERR,ERR,ERR,ERR,ERR,ERR,ERR,0.0,-107615928.0,2.7302208049805177e+23,0.0,8472698.0,-62.564,-70522171817984.0,-9.642469665997439e+27,0,0,4,17405,7116,0.0,100,0.0,0.0,0.0,0.0,0.0,0,0,0,0,0.0,0,0,0,0,0,0,0,0,0,0,0,0,0,0,0,0,0,0,0,0,0,0,0,0,0,0,0,0,0,0,0,0,0,31,40,40,71,65476,0,300,0,0,8,21553,0.0,-107605600.0,0.0,0.0,0.0,0.0,0.0,0.0,0.0,0.0,0.0,0.0,0.0,0.0,0.0,0.0,0.0,0.0,0.0,0.0,0.0,0.0,2.004,-3.697063867931689e+19,0.0,0.0,0.0,0.0,0.0,0.0,4487.0,-2.4229832928462634e+24,6941.0,0.0,-107615928.0,2.004,2.004,0.0,0.0,0.0,0.0,69,126840922112.0,1.905682486793339e+17,0.0,0.0,0.0,0.0,0.0,0.0,0.0,0,0,0,0.0,0.0,0.0,0.0,0.0,0.0,0.0,0.0,0.0,0.0,0.0,0.0,0.0,0.0,0.0,0.0,0,-107875648.0,69,0.0,138,0.0,2.012,ERR,ERR,ERR,ERR,ERR,ERR,ERR,ERR,ERR,ERR,ERR,ERR,ERR,ERR,ERR,ERR,ERR,ERR,ERR,ERR,ERR,ERR,ERR,ERR,ERR,ERR,ERR,ERR,ERR,ERR,ERR,ERR,ERR,ERR,ERR,ERR,ERR,ERR,ERR,ERR,ERR,ERR,ERR,ERR,ERR,ERR,ERR,ERR,ERR,ERR,ERR,ERR,ERR,ERR,ERR,ERR,ERR,ERR,ERR,ERR,ERR,ERR,ERR,ERR,ERR,ERR,ERR,60.0,60.0,35,0.0,0.0,0.0,0.0,0.0,0.0,0.0,0.0,0.0,0.0,0.0,0.0,0.0,0.0,0.0,0.0,65.2,0,122,59,45,65476,0,65476,1,4,4,20529,65476,0,0,2621,60.0,0.0,0.0,0.0,0.0,0.0
2026-07-09T15:06:28,ERR,ERR,ERR,ERR,ERR,ERR,ERR,ERR,ERR,ERR,ERR,ERR,ERR,ERR,ERR,ERR,ERR,ERR,ERR,ERR,ERR,ERR,ERR,ERR,ERR,ERR,ERR,ERR,ERR,ERR,ERR,ERR,ERR,ERR,ERR,ERR,ERR,ERR,ERR,ERR,ERR,ERR,ERR,ERR,ERR,ERR,ERR,ERR,ERR,ERR,ERR,ERR,ERR,ERR,ERR,ERR,ERR,ERR,ERR,ERR,ERR,ERR,ERR,ERR,ERR,ERR,ERR,ERR,ERR,ERR,ERR,ERR,ERR,ERR,ERR,ERR,ERR,ERR,ERR,ERR,ERR,ERR,ERR,ERR,ERR,ERR,ERR,ERR,ERR,ERR,ERR,ERR,ERR,ERR,ERR,ERR,ERR,ERR,ERR,ERR,ERR,ERR,ERR,ERR,ERR,ERR,ERR,ERR,ERR,ERR,ERR,ERR,ERR,ERR,ERR,ERR,ERR,ERR,ERR,ERR,ERR,ERR,ERR,ERR,ERR,0.0,-107615928.0,2.7302208049805177e+23,0.0,8472698.0,-62.564,-70522171817984.0,-9.642469665997439e+27,0,0,4,17405,7116,0.0,100,0.0,0.0,0.0,0.0,0.0,0,0,0,0,0.0,0,0,0,0,0,0,0,0,0,0,0,0,0,0,0,0,0,0,0,0,0,0,0,0,0,0,0,0,0,0,0,0,0,31,40,40,71,65476,0,300,0,0,8,21553,0.0,-107605600.0,0.0,0.0,0.0,0.0,0.0,0.0,0.0,0.0,0.0,0.0,0.0,0.0,0.0,0.0,0.0,0.0,0.0,0.0,0.0,0.0,2.004,-3.697063867931689e+19,0.0,0.0,0.0,0.0,0.0,0.0,4487.0,-2.4229832928462634e+24,6941.0,0.0,-107615928.0,2.004,2.004,0.0,0.0,0.0,0.0,69,126840922112.0,1.905682486793339e+17,0.0,0.0,0.0,0.0,0.0,0.0,0.0,0,0,0,0.0,0.0,0.0,0.0,0.0,0.0,0.0,0.0,0.0,0.0,0.0,0.0,0.0,0.0,0.0,0.0,0,-107875648.0,69,0.0,138,0.0,2.012,ERR,ERR,ERR,ERR,ERR,ERR,ERR,ERR,ERR,ERR,ERR,ERR,ERR,ERR,ERR,ERR,ERR,ERR,ERR,ERR,ERR,ERR,ERR,ERR,ERR,ERR,ERR,ERR,ERR,ERR,ERR,ERR,ERR,ERR,ERR,ERR,ERR,ERR,ERR,ERR,ERR,ERR,ERR,ERR,ERR,ERR,ERR,ERR,ERR,ERR,ERR,ERR,ERR,ERR,ERR,ERR,ERR,ERR,ERR,ERR,ERR,ERR,ERR,ERR,ERR,ERR,ERR,60.0,60.0,35,0.0,0.0,0.0,0.0,0.0,0.0,0.0,0.0,0.0,0.0,0.0,0.0,0.0,0.0,0.0,0.0,65.2,0,122,59,45,65476,0,65476,1,4,4,20529,65476,0,0,2621,60.0,0.0,0.0,0.0,0.0,0.0
2026-07-09T15:06:29,ERR,ERR,ERR,ERR,ERR,ERR,ERR,ERR,ERR,ERR,ERR,ERR,ERR,ERR,ERR,ERR,ERR,ERR,ERR,ERR,ERR,ERR,ERR,ERR,ERR,ERR,ERR,ERR,ERR,ERR,ERR,ERR,ERR,ERR,ERR,ERR,ERR,ERR,ERR,ERR,ERR,ERR,ERR,ERR,ERR,ERR,ERR,ERR,ERR,ERR,ERR,ERR,ERR,ERR,ERR,ERR,ERR,ERR,ERR,ERR,ERR,ERR,ERR,ERR,ERR,ERR,ERR,ERR,ERR,ERR,ERR,ERR,ERR,ERR,ERR,ERR,ERR,ERR,ERR,ERR,ERR,ERR,ERR,ERR,ERR,ERR,ERR,ERR,ERR,ERR,ERR,ERR,ERR,ERR,ERR,ERR,ERR,ERR,ERR,ERR,ERR,ERR,ERR,ERR,ERR,ERR,ERR,ERR,ERR,ERR,ERR,ERR,ERR,ERR,ERR,ERR,ERR,ERR,ERR,ERR,ERR,ERR,ERR,ERR,ERR,0.0,-107615928.0,2.7302208049805177e+23,0.0,8472698.0,-62.564,-70522171817984.0,-9.642469665997439e+27,0,0,4,17405,7116,0.0,100,0.0,0.0,0.0,0.0,0.0,0,0,0,0,0.0,0,0,0,0,0,0,0,0,0,0,0,0,0,0,0,0,0,0,0,0,0,0,0,0,0,0,0,0,0,0,0,0,0,31,40,40,71,65476,0,300,0,0,8,21553,0.0,-107605600.0,0.0,0.0,0.0,0.0,0.0,0.0,0.0,0.0,0.0,0.0,0.0,0.0,0.0,0.0,0.0,0.0,0.0,0.0,0.0,0.0,2.004,-3.697063867931689e+19,0.0,0.0,0.0,0.0,0.0,0.0,4487.0,-2.4229832928462634e+24,6941.0,0.0,-107615928.0,2.004,2.004,0.0,0.0,0.0,0.0,69,126840922112.0,1.905682486793339e+17,0.0,0.0,0.0,0.0,0.0,0.0,0.0,0,0,0,0.0,0.0,0.0,0.0,0.0,0.0,0.0,0.0,0.0,0.0,0.0,0.0,0.0,0.0,0.0,0.0,0,-107875648.0,69,0.0,138,0.0,2.012,ERR,ERR,ERR,ERR,ERR,ERR,ERR,ERR,ERR,ERR,ERR,ERR,ERR,ERR,ERR,ERR,ERR,ERR,ERR,ERR,ERR,ERR,ERR,ERR,ERR,ERR,ERR,ERR,ERR,ERR,ERR,ERR,ERR,ERR,ERR,ERR,ERR,ERR,ERR,ERR,ERR,ERR,ERR,ERR,ERR,ERR,ERR,ERR,ERR,ERR,ERR,ERR,ERR,ERR,ERR,ERR,ERR,ERR,ERR,ERR,ERR,ERR,ERR,ERR,ERR,ERR,ERR,60.0,60.0,35,0.0,0.0,0.0,0.0,0.0,0.0,0.0,0.0,0.0,0.0,0.0,0.0,0.0,0.0,0.0,0.0,65.2,0,122,59,45,65476,0,65476,1,4,4,20529,65476,0,0,2621,60.0,0.0,0.0,0.0,0.0,0.0
2026-07-09T15:06:30,ERR,ERR,ERR,ERR,ERR,ERR,ERR,ERR,ERR,ERR,ERR,ERR,ERR,ERR,ERR,ERR,ERR,ERR,ERR,ERR,ERR,ERR,ERR,ERR,ERR,ERR,ERR,ERR,ERR,ERR,ERR,ERR,ERR,ERR,ERR,ERR,ERR,ERR,ERR,ERR,ERR,ERR,ERR,ERR,ERR,ERR,ERR,ERR,ERR,ERR,ERR,ERR,ERR,ERR,ERR,ERR,ERR,ERR,ERR,ERR,ERR,ERR,ERR,ERR,ERR,ERR,ERR,ERR,ERR,ERR,ERR,ERR,ERR,ERR,ERR,ERR,ERR,ERR,ERR,ERR,ERR,ERR,ERR,ERR,ERR,ERR,ERR,ERR,ERR,ERR,ERR,ERR,ERR,ERR,ERR,ERR,ERR,ERR,ERR,ERR,ERR,ERR,ERR,ERR,ERR,ERR,ERR,ERR,ERR,ERR,ERR,ERR,ERR,ERR,ERR,ERR,ERR,ERR,ERR,ERR,ERR,ERR,ERR,ERR,ERR,0.0,-107615928.0,2.7302208049805177e+23,0.0,8472698.0,-62.564,-70522171817984.0,-9.642469665997439e+27,0,0,4,17405,7116,0.0,100,0.0,0.0,0.0,0.0,0.0,0,0,0,0,0.0,0,0,0,0,0,0,0,0,0,0,0,0,0,0,0,0,0,0,0,0,0,0,0,0,0,0,0,0,0,0,0,0,0,31,40,40,71,65476,0,300,0,0,8,21553,0.0,-107605600.0,0.0,0.0,0.0,0.0,0.0,0.0,0.0,0.0,0.0,0.0,0.0,0.0,0.0,0.0,0.0,0.0,0.0,0.0,0.0,0.0,2.004,-3.697063867931689e+19,0.0,0.0,0.0,0.0,0.0,0.0,4487.0,-2.4229832928462634e+24,6941.0,0.0,-107615928.0,2.004,2.004,0.0,0.0,0.0,0.0,69,126840922112.0,1.905682486793339e+17,0.0,0.0,0.0,0.0,0.0,0.0,0.0,0,0,0,0.0,0.0,0.0,0.0,0.0,0.0,0.0,0.0,0.0,0.0,0.0,0.0,0.0,0.0,0.0,0.0,0,-107875648.0,69,0.0,138,0.0,2.012,ERR,ERR,ERR,ERR,ERR,ERR,ERR,ERR,ERR,ERR,ERR,ERR,ERR,ERR,ERR,ERR,ERR,ERR,ERR,ERR,ERR,ERR,ERR,ERR,ERR,ERR,ERR,ERR,ERR,ERR,ERR,ERR,ERR,ERR,ERR,ERR,ERR,ERR,ERR,ERR,ERR,ERR,ERR,ERR,ERR,ERR,ERR,ERR,ERR,ERR,ERR,ERR,ERR,ERR,ERR,ERR,ERR,ERR,ERR,ERR,ERR,ERR,ERR,ERR,ERR,ERR,ERR,60.0,60.0,35,0.0,0.0,0.0,0.0,0.0,0.0,0.0,0.0,0.0,0.0,0.0,0.0,0.0,0.0,0.0,0.0,65.2,0,122,59,45,65476,0,65476,1,4,4,20529,65476,0,0,2621,60.0,0.0,0.0,0.0,0.0,0.0
2026-07-09T15:06:31,ERR,ERR,ERR,ERR,ERR,ERR,ERR,ERR,ERR,ERR,ERR,ERR,ERR,ERR,ERR,ERR,ERR,ERR,ERR,ERR,ERR,ERR,ERR,ERR,ERR,ERR,ERR,ERR,ERR,ERR,ERR,ERR,ERR,ERR,ERR,ERR,ERR,ERR,ERR,ERR,ERR,ERR,ERR,ERR,ERR,ERR,ERR,ERR,ERR,ERR,ERR,ERR,ERR,ERR,ERR,ERR,ERR,ERR,ERR,ERR,ERR,ERR,ERR,ERR,ERR,ERR,ERR,ERR,ERR,ERR,ERR,ERR,ERR,ERR,ERR,ERR,ERR,ERR,ERR,ERR,ERR,ERR,ERR,ERR,ERR,ERR,ERR,ERR,ERR,ERR,ERR,ERR,ERR,ERR,ERR,ERR,ERR,ERR,ERR,ERR,ERR,ERR,ERR,ERR,ERR,ERR,ERR,ERR,ERR,ERR,ERR,ERR,ERR,ERR,ERR,ERR,ERR,ERR,ERR,ERR,ERR,ERR,ERR,ERR,ERR,0.0,-107615928.0,2.7302208049805177e+23,2.718366610185338e+23,0.0,-0.0,-917.116,-1402.016,0,0,4,17405,7116,0.0,100,0.0,0.0,2.718366610185338e+23,0.0,0.0,0,0,0,0,0.0,0,0,0,0,0,0,0,0,0,0,0,0,0,0,0,0,0,0,0,0,0,0,0,0,0,0,0,0,0,0,0,0,0,31,40,40,71,65476,0,300,0,0,8,21553,0.0,-107605600.0,0.0,0.0,0.0,0.0,0.0,0.0,0.0,0.0,0.0,0.0,0.0,0.0,0.0,0.0,0.0,0.0,0.0,0.0,0.0,0.0,2.004,-3.697063867931689e+19,0.0,0.0,0.0,0.0,0.0,0.0,4502.0,-1.0406634001529092e+34,6943.0,0.0,-107615928.0,2.004,2.004,0.0,0.0,0.0,0.0,69,-0.0,4.066846102228181e+29,0.0,0.0,0.0,0.0,0.0,0.0,0.0,0,0,0,0.0,0.0,0.0,0.0,0.0,0.0,0.0,0.0,0.0,0.0,0.0,0.0,0.0,0.0,0.0,0.0,0,-107875648.0,69,0.0,138,0.0,2.012,ERR,ERR,ERR,ERR,ERR,ERR,ERR,ERR,ERR,ERR,ERR,ERR,ERR,ERR,ERR,ERR,ERR,ERR,ERR,ERR,ERR,ERR,ERR,ERR,ERR,ERR,ERR,ERR,ERR,ERR,ERR,ERR,ERR,ERR,ERR,ERR,ERR,ERR,ERR,ERR,ERR,ERR,ERR,ERR,ERR,ERR,ERR,ERR,ERR,ERR,ERR,ERR,ERR,ERR,ERR,ERR,ERR,ERR,ERR,ERR,ERR,ERR,ERR,ERR,ERR,ERR,ERR,60.0,60.0,35,0.0,0.0,0.0,0.0,0.0,0.0,0.0,0.0,0.0,0.0,0.0,0.0,0.0,0.0,0.0,0.0,65.2,0,122,59,45,65476,0,65476,1,4,4,20529,65476,0,0,2621,60.0,0.0,0.0,0.0,0.0,0.0
2026-07-09T15:06:32,ERR,ERR,ERR,ERR,ERR,ERR,ERR,ERR,ERR,ERR,ERR,ERR,ERR,ERR,ERR,ERR,ERR,ERR,ERR,ERR,ERR,ERR,ERR,ERR,ERR,ERR,ERR,ERR,ERR,ERR,ERR,ERR,ERR,ERR,ERR,ERR,ERR,ERR,ERR,ERR,ERR,ERR,ERR,ERR,ERR,ERR,ERR,ERR,ERR,ERR,ERR,ERR,ERR,ERR,ERR,ERR,ERR,ERR,ERR,ERR,ERR,ERR,ERR,ERR,ERR,ERR,ERR,ERR,ERR,ERR,ERR,ERR,ERR,ERR,ERR,ERR,ERR,ERR,ERR,ERR,ERR,ERR,ERR,ERR,ERR,ERR,ERR,ERR,ERR,ERR,ERR,ERR,ERR,ERR,ERR,ERR,ERR,ERR,ERR,ERR,ERR,ERR,ERR,ERR,ERR,ERR,ERR,ERR,ERR,ERR,ERR,ERR,ERR,ERR,ERR,ERR,ERR,ERR,ERR,ERR,ERR,ERR,ERR,ERR,ERR,0.0,-107615928.0,2.7302208049805177e+23,2.718366610185338e+23,0.0,-0.0,-917.116,-1402.016,0,0,4,17405,7116,0.0,100,0.0,0.0,2.718366610185338e+23,0.0,0.0,0,0,0,0,0.0,0,0,0,0,0,0,0,0,0,0,0,0,0,0,0,0,0,0,0,0,0,0,0,0,0,0,0,0,0,0,0,0,0,31,40,40,71,65476,0,300,0,0,8,21553,0.0,-107605600.0,0.0,0.0,0.0,0.0,0.0,0.0,0.0,0.0,0.0,0.0,0.0,0.0,0.0,0.0,0.0,0.0,0.0,0.0,0.0,0.0,2.004,-3.697063867931689e+19,0.0,0.0,0.0,0.0,0.0,0.0,4502.0,-1.0406634001529092e+34,6943.0,0.0,-107615928.0,2.004,2.004,0.0,0.0,0.0,0.0,69,-0.0,4.066846102228181e+29,0.0,0.0,0.0,0.0,0.0,0.0,0.0,0,0,0,0.0,0.0,0.0,0.0,0.0,0.0,0.0,0.0,0.0,0.0,0.0,0.0,0.0,0.0,0.0,0.0,0,-107875648.0,69,0.0,138,0.0,2.012,ERR,ERR,ERR,ERR,ERR,ERR,ERR,ERR,ERR,ERR,ERR,ERR,ERR,ERR,ERR,ERR,ERR,ERR,ERR,ERR,ERR,ERR,ERR,ERR,ERR,ERR,ERR,ERR,ERR,ERR,ERR,ERR,ERR,ERR,ERR,ERR,ERR,ERR,ERR,ERR,ERR,ERR,ERR,ERR,ERR,ERR,ERR,ERR,ERR,ERR,ERR,ERR,ERR,ERR,ERR,ERR,ERR,ERR,ERR,ERR,ERR,ERR,ERR,ERR,ERR,ERR,ERR,60.0,60.0,35,0.0,0.0,0.0,0.0,0.0,0.0,0.0,0.0,0.0,0.0,0.0,0.0,0.0,0.0,0.0,0.0,65.2,0,122,59,45,65476,0,65476,1,4,4,20529,65476,0,0,2621,60.0,0.0,0.0,0.0,0.0,0.0
2026-07-09T15:06:33,ERR,ERR,ERR,ERR,ERR,ERR,ERR,ERR,ERR,ERR,ERR,ERR,ERR,ERR,ERR,ERR,ERR,ERR,ERR,ERR,ERR,ERR,ERR,ERR,ERR,ERR,ERR,ERR,ERR,ERR,ERR,ERR,ERR,ERR,ERR,ERR,ERR,ERR,ERR,ERR,ERR,ERR,ERR,ERR,ERR,ERR,ERR,ERR,ERR,ERR,ERR,ERR,ERR,ERR,ERR,ERR,ERR,ERR,ERR,ERR,ERR,ERR,ERR,ERR,ERR,ERR,ERR,ERR,ERR,ERR,ERR,ERR,ERR,ERR,ERR,ERR,ERR,ERR,ERR,ERR,ERR,ERR,ERR,ERR,ERR,ERR,ERR,ERR,ERR,ERR,ERR,ERR,ERR,ERR,ERR,ERR,ERR,ERR,ERR,ERR,ERR,ERR,ERR,ERR,ERR,ERR,ERR,ERR,ERR,ERR,ERR,ERR,ERR,ERR,ERR,ERR,ERR,ERR,ERR,ERR,ERR,ERR,ERR,ERR,ERR,0.0,-107615928.0,2.7302208049805177e+23,2.718366610185338e+23,0.0,-0.0,-917.116,-1402.016,0,0,4,17405,7116,0.0,100,0.0,0.0,2.718366610185338e+23,0.0,0.0,0,0,0,0,0.0,0,0,0,0,0,0,0,0,0,0,0,0,0,0,0,0,0,0,0,0,0,0,0,0,0,0,0,0,0,0,0,0,0,31,40,40,71,65476,0,300,0,0,8,21553,0.0,-107605600.0,0.0,0.0,0.0,0.0,0.0,0.0,0.0,0.0,0.0,0.0,0.0,0.0,0.0,0.0,0.0,0.0,0.0,0.0,0.0,0.0,2.004,-3.697063867931689e+19,0.0,0.0,0.0,0.0,0.0,0.0,4502.0,-1.0406634001529092e+34,6943.0,0.0,-107615928.0,2.004,2.004,0.0,0.0,0.0,0.0,69,-0.0,4.066846102228181e+29,0.0,0.0,0.0,0.0,0.0,0.0,0.0,0,0,0,0.0,0.0,0.0,0.0,0.0,0.0,0.0,0.0,0.0,0.0,0.0,0.0,0.0,0.0,0.0,0.0,0,-107875648.0,69,0.0,138,0.0,2.012,ERR,ERR,ERR,ERR,ERR,ERR,ERR,ERR,ERR,ERR,ERR,ERR,ERR,ERR,ERR,ERR,ERR,ERR,ERR,ERR,ERR,ERR,ERR,ERR,ERR,ERR,ERR,ERR,ERR,ERR,ERR,ERR,ERR,ERR,ERR,ERR,ERR,ERR,ERR,ERR,ERR,ERR,ERR,ERR,ERR,ERR,ERR,ERR,ERR,ERR,ERR,ERR,ERR,ERR,ERR,ERR,ERR,ERR,ERR,ERR,ERR,ERR,ERR,ERR,ERR,ERR,ERR,60.0,60.0,35,0.0,0.0,0.0,0.0,0.0,0.0,0.0,0.0,0.0,0.0,0.0,0.0,0.0,0.0,0.0,0.0,65.2,0,122,59,45,65476,0,65476,1,4,4,20529,65476,0,0,2621,60.0,0.0,0.0,0.0,0.0,0.0
2026-07-09T15:06:34,ERR,ERR,ERR,ERR,ERR,ERR,ERR,ERR,ERR,ERR,ERR,ERR,ERR,ERR,ERR,ERR,ERR,ERR,ERR,ERR,ERR,ERR,ERR,ERR,ERR,ERR,ERR,ERR,ERR,ERR,ERR,ERR,ERR,ERR,ERR,ERR,ERR,ERR,ERR,ERR,ERR,ERR,ERR,ERR,ERR,ERR,ERR,ERR,ERR,ERR,ERR,ERR,ERR,ERR,ERR,ERR,ERR,ERR,ERR,ERR,ERR,ERR,ERR,ERR,ERR,ERR,ERR,ERR,ERR,ERR,ERR,ERR,ERR,ERR,ERR,ERR,ERR,ERR,ERR,ERR,ERR,ERR,ERR,ERR,ERR,ERR,ERR,ERR,ERR,ERR,ERR,ERR,ERR,ERR,ERR,ERR,ERR,ERR,ERR,ERR,ERR,ERR,ERR,ERR,ERR,ERR,ERR,ERR,ERR,ERR,ERR,ERR,ERR,ERR,ERR,ERR,ERR,ERR,ERR,ERR,ERR,ERR,ERR,ERR,ERR,0.0,-107615928.0,2.7302208049805177e+23,2.718366610185338e+23,0.0,-0.0,-917.116,-1402.016,0,0,4,17405,7116,0.0,100,0.0,0.0,2.718366610185338e+23,0.0,0.0,0,0,0,0,0.0,0,0,0,0,0,0,0,0,0,0,0,0,0,0,0,0,0,0,0,0,0,0,0,0,0,0,0,0,0,0,0,0,0,31,40,40,71,65476,0,300,0,0,8,21553,0.0,-107605600.0,0.0,0.0,0.0,0.0,0.0,0.0,0.0,0.0,0.0,0.0,0.0,0.0,0.0,0.0,0.0,0.0,0.0,0.0,0.0,0.0,2.004,-3.697063867931689e+19,0.0,0.0,0.0,0.0,0.0,0.0,4502.0,-1.0406634001529092e+34,6943.0,0.0,-107615928.0,2.004,2.004,0.0,0.0,0.0,0.0,69,-0.0,4.066846102228181e+29,0.0,0.0,0.0,0.0,0.0,0.0,0.0,0,0,0,0.0,0.0,0.0,0.0,0.0,0.0,0.0,0.0,0.0,0.0,0.0,0.0,0.0,0.0,0.0,0.0,0,-107875648.0,69,0.0,138,0.0,2.012,ERR,ERR,ERR,ERR,ERR,ERR,ERR,ERR,ERR,ERR,ERR,ERR,ERR,ERR,ERR,ERR,ERR,ERR,ERR,ERR,ERR,ERR,ERR,ERR,ERR,ERR,ERR,ERR,ERR,ERR,ERR,ERR,ERR,ERR,ERR,ERR,ERR,ERR,ERR,ERR,ERR,ERR,ERR,ERR,ERR,ERR,ERR,ERR,ERR,ERR,ERR,ERR,ERR,ERR,ERR,ERR,ERR,ERR,ERR,ERR,ERR,ERR,ERR,ERR,ERR,ERR,ERR,60.0,60.0,35,0.0,0.0,0.0,0.0,0.0,0.0,0.0,0.0,0.0,0.0,0.0,0.0,0.0,0.0,0.0,0.0,65.2,0,122,59,45,65476,0,65476,1,4,4,20529,65476,0,0,2621,60.0,0.0,0.0,0.0,0.0,0.0
2026-07-09T15:06:35,ERR,ERR,ERR,ERR,ERR,ERR,ERR,ERR,ERR,ERR,ERR,ERR,ERR,ERR,ERR,ERR,ERR,ERR,ERR,ERR,ERR,ERR,ERR,ERR,ERR,ERR,ERR,ERR,ERR,ERR,ERR,ERR,ERR,ERR,ERR,ERR,ERR,ERR,ERR,ERR,ERR,ERR,ERR,ERR,ERR,ERR,ERR,ERR,ERR,ERR,ERR,ERR,ERR,ERR,ERR,ERR,ERR,ERR,ERR,ERR,ERR,ERR,ERR,ERR,ERR,ERR,ERR,ERR,ERR,ERR,ERR,ERR,ERR,ERR,ERR,ERR,ERR,ERR,ERR,ERR,ERR,ERR,ERR,ERR,ERR,ERR,ERR,ERR,ERR,ERR,ERR,ERR,ERR,ERR,ERR,ERR,ERR,ERR,ERR,ERR,ERR,ERR,ERR,ERR,ERR,ERR,ERR,ERR,ERR,ERR,ERR,ERR,ERR,ERR,ERR,ERR,ERR,ERR,ERR,ERR,ERR,ERR,ERR,ERR,ERR,0.0,-107615928.0,2.7302208049805177e+23,2.718366610185338e+23,0.0,-0.0,-917.116,-1402.016,0,0,4,17405,7116,0.0,100,0.0,0.0,2.718366610185338e+23,0.0,0.0,0,0,0,0,0.0,0,0,0,0,0,0,0,0,0,0,0,0,0,0,0,0,0,0,0,0,0,0,0,0,0,0,0,0,0,0,0,0,0,31,40,40,71,65476,0,300,0,0,8,21553,0.0,-107605600.0,0.0,0.0,0.0,0.0,0.0,0.0,0.0,0.0,0.0,0.0,0.0,0.0,0.0,0.0,0.0,0.0,0.0,0.0,0.0,0.0,2.004,-3.697063867931689e+19,0.0,0.0,0.0,0.0,0.0,0.0,4502.0,-1.0406634001529092e+34,6943.0,0.0,-107615928.0,2.004,2.004,0.0,0.0,0.0,0.0,69,-0.0,4.066846102228181e+29,0.0,0.0,0.0,0.0,0.0,0.0,0.0,0,0,0,0.0,0.0,0.0,0.0,0.0,0.0,0.0,0.0,0.0,0.0,0.0,0.0,0.0,0.0,0.0,0.0,0,-107875648.0,69,0.0,138,0.0,2.012,ERR,ERR,ERR,ERR,ERR,ERR,ERR,ERR,ERR,ERR,ERR,ERR,ERR,ERR,ERR,ERR,ERR,ERR,ERR,ERR,ERR,ERR,ERR,ERR,ERR,ERR,ERR,ERR,ERR,ERR,ERR,ERR,ERR,ERR,ERR,ERR,ERR,ERR,ERR,ERR,ERR,ERR,ERR,ERR,ERR,ERR,ERR,ERR,ERR,ERR,ERR,ERR,ERR,ERR,ERR,ERR,ERR,ERR,ERR,ERR,ERR,ERR,ERR,ERR,ERR,ERR,ERR,60.0,60.0,35,0.0,0.0,0.0,0.0,0.0,0.0,0.0,0.0,0.0,0.0,0.0,0.0,0.0,0.0,0.0,0.0,65.2,0,122,59,45,65476,0,65476,1,4,4,20529,65476,0,0,2621,60.0,0.0,0.0,0.0,0.0,0.0
2026-07-09T15:06:36,ERR,ERR,ERR,ERR,ERR,ERR,ERR,ERR,ERR,ERR,ERR,ERR,ERR,ERR,ERR,ERR,ERR,ERR,ERR,ERR,ERR,ERR,ERR,ERR,ERR,ERR,ERR,ERR,ERR,ERR,ERR,ERR,ERR,ERR,ERR,ERR,ERR,ERR,ERR,ERR,ERR,ERR,ERR,ERR,ERR,ERR,ERR,ERR,ERR,ERR,ERR,ERR,ERR,ERR,ERR,ERR,ERR,ERR,ERR,ERR,ERR,ERR,ERR,ERR,ERR,ERR,ERR,ERR,ERR,ERR,ERR,ERR,ERR,ERR,ERR,ERR,ERR,ERR,ERR,ERR,ERR,ERR,ERR,ERR,ERR,ERR,ERR,ERR,ERR,ERR,ERR,ERR,ERR,ERR,ERR,ERR,ERR,ERR,ERR,ERR,ERR,ERR,ERR,ERR,ERR,ERR,ERR,ERR,ERR,ERR,ERR,ERR,ERR,ERR,ERR,ERR,ERR,ERR,ERR,ERR,ERR,ERR,ERR,ERR,ERR,0.0,-0.0,0.0,-0.0,0.0,-0.0,-0.0,-1.3082317602440513e+34,0,0,4,17407,7116,0.0,100,0.0,0.0,-0.0,0.0,0.0,0,0,0,0,0.0,0,0,0,0,0,0,0,0,0,0,0,0,0,0,0,0,0,0,0,0,0,0,0,0,0,0,0,0,0,0,0,0,0,31,40,40,71,65476,0,300,0,0,8,21553,0.0,-107605600.0,0.0,0.0,0.0,0.0,0.0,0.0,0.0,0.0,0.0,0.0,0.0,0.0,0.0,0.0,0.0,0.0,0.0,0.0,0.0,0.0,2.004,-2.004,0.0,0.0,0.0,0.0,0.0,0.0,4516.0,0.0,6913.0,-0.0,-0.0,2.004,2.004,0.0,0.0,0.0,0.0,69,-3.222019369313434e+26,-0.0,0.0,0.0,0.0,0.0,0.0,0.0,0.0,0,0,0,0.0,0.0,0.0,0.0,0.0,0.0,0.0,0.0,0.0,0.0,0.0,0.0,0.0,0.0,0.0,0.0,0,-107875648.0,69,0.0,138,0.0,2.012,ERR,ERR,ERR,ERR,ERR,ERR,ERR,ERR,ERR,ERR,ERR,ERR,ERR,ERR,ERR,ERR,ERR,ERR,ERR,ERR,ERR,ERR,ERR,ERR,ERR,ERR,ERR,ERR,ERR,ERR,ERR,ERR,ERR,ERR,ERR,ERR,ERR,ERR,ERR,ERR,ERR,ERR,ERR,ERR,ERR,ERR,ERR,ERR,ERR,ERR,ERR,ERR,ERR,ERR,ERR,ERR,ERR,ERR,ERR,ERR,ERR,ERR,ERR,ERR,ERR,ERR,ERR,60.0,60.0,35,0.0,0.0,0.0,0.0,0.0,0.0,0.0,0.0,0.0,0.0,0.0,0.0,0.0,0.0,0.0,0.0,65.2,0,122,59,45,65476,0,65476,1,4,4,20529,65476,0,0,2621,60.0,0.0,0.0,0.0,0.0,0.0
2026-07-09T15:06:37,ERR,ERR,ERR,ERR,ERR,ERR,ERR,ERR,ERR,ERR,ERR,ERR,ERR,ERR,ERR,ERR,ERR,ERR,ERR,ERR,ERR,ERR,ERR,ERR,ERR,ERR,ERR,ERR,ERR,ERR,ERR,ERR,ERR,ERR,ERR,ERR,ERR,ERR,ERR,ERR,ERR,ERR,ERR,ERR,ERR,ERR,ERR,ERR,ERR,ERR,ERR,ERR,ERR,ERR,ERR,ERR,ERR,ERR,ERR,ERR,ERR,ERR,ERR,ERR,ERR,ERR,ERR,ERR,ERR,ERR,ERR,ERR,ERR,ERR,ERR,ERR,ERR,ERR,ERR,ERR,ERR,ERR,ERR,ERR,ERR,ERR,ERR,ERR,ERR,ERR,ERR,ERR,ERR,ERR,ERR,ERR,ERR,ERR,ERR,ERR,ERR,ERR,ERR,ERR,ERR,ERR,ERR,ERR,ERR,ERR,ERR,ERR,ERR,ERR,ERR,ERR,ERR,ERR,ERR,ERR,ERR,ERR,ERR,ERR,ERR,0.0,-0.0,0.0,-0.0,0.0,-0.0,-0.0,-1.3082317602440513e+34,0,0,4,17407,7116,0.0,100,0.0,0.0,-0.0,0.0,0.0,0,0,0,0,0.0,0,0,0,0,0,0,0,0,0,0,0,0,0,0,0,0,0,0,0,0,0,0,0,0,0,0,0,0,0,0,0,0,0,31,40,40,71,65476,0,300,0,0,8,21553,0.0,-107605600.0,0.0,0.0,0.0,0.0,0.0,0.0,0.0,0.0,0.0,0.0,0.0,0.0,0.0,0.0,0.0,0.0,0.0,0.0,0.0,0.0,2.004,-2.004,0.0,0.0,0.0,0.0,0.0,0.0,4516.0,0.0,6913.0,-0.0,-0.0,2.004,2.004,0.0,0.0,0.0,0.0,69,-3.222019369313434e+26,-0.0,0.0,0.0,0.0,0.0,0.0,0.0,0.0,0,0,0,0.0,0.0,0.0,0.0,0.0,0.0,0.0,0.0,0.0,0.0,0.0,0.0,0.0,0.0,0.0,0.0,0,-107875648.0,69,0.0,138,0.0,2.012,ERR,ERR,ERR,ERR,ERR,ERR,ERR,ERR,ERR,ERR,ERR,ERR,ERR,ERR,ERR,ERR,ERR,ERR,ERR,ERR,ERR,ERR,ERR,ERR,ERR,ERR,ERR,ERR,ERR,ERR,ERR,ERR,ERR,ERR,ERR,ERR,ERR,ERR,ERR,ERR,ERR,ERR,ERR,ERR,ERR,ERR,ERR,ERR,ERR,ERR,ERR,ERR,ERR,ERR,ERR,ERR,ERR,ERR,ERR,ERR,ERR,ERR,ERR,ERR,ERR,ERR,ERR,60.0,60.0,35,0.0,0.0,0.0,0.0,0.0,0.0,0.0,0.0,0.0,0.0,0.0,0.0,0.0,0.0,0.0,0.0,65.2,0,122,59,45,65476,0,65476,1,4,4,20529,65476,0,0,2621,60.0,0.0,0.0,0.0,0.0,0.0
2026-07-09T15:06:38,ERR,ERR,ERR,ERR,ERR,ERR,ERR,ERR,ERR,ERR,ERR,ERR,ERR,ERR,ERR,ERR,ERR,ERR,ERR,ERR,ERR,ERR,ERR,ERR,ERR,ERR,ERR,ERR,ERR,ERR,ERR,ERR,ERR,ERR,ERR,ERR,ERR,ERR,ERR,ERR,ERR,ERR,ERR,ERR,ERR,ERR,ERR,ERR,ERR,ERR,ERR,ERR,ERR,ERR,ERR,ERR,ERR,ERR,ERR,ERR,ERR,ERR,ERR,ERR,ERR,ERR,ERR,ERR,ERR,ERR,ERR,ERR,ERR,ERR,ERR,ERR,ERR,ERR,ERR,ERR,ERR,ERR,ERR,ERR,ERR,ERR,ERR,ERR,ERR,ERR,ERR,ERR,ERR,ERR,ERR,ERR,ERR,ERR,ERR,ERR,ERR,ERR,ERR,ERR,ERR,ERR,ERR,ERR,ERR,ERR,ERR,ERR,ERR,ERR,ERR,ERR,ERR,ERR,ERR,ERR,ERR,ERR,ERR,ERR,ERR,0.0,-0.0,0.0,-0.0,0.0,-0.0,-0.0,-1.3082317602440513e+34,0,0,4,17407,7116,0.0,100,0.0,0.0,-0.0,0.0,0.0,0,0,0,0,0.0,0,0,0,0,0,0,0,0,0,0,0,0,0,0,0,0,0,0,0,0,0,0,0,0,0,0,0,0,0,0,0,0,0,31,40,40,71,65476,0,300,0,0,8,21553,0.0,-107605600.0,0.0,0.0,0.0,0.0,0.0,0.0,0.0,0.0,0.0,0.0,0.0,0.0,0.0,0.0,0.0,0.0,0.0,0.0,0.0,0.0,2.004,-2.004,0.0,0.0,0.0,0.0,0.0,0.0,4516.0,0.0,6913.0,-0.0,-0.0,2.004,2.004,0.0,0.0,0.0,0.0,69,-3.222019369313434e+26,-0.0,0.0,0.0,0.0,0.0,0.0,0.0,0.0,0,0,0,0.0,0.0,0.0,0.0,0.0,0.0,0.0,0.0,0.0,0.0,0.0,0.0,0.0,0.0,0.0,0.0,0,-107875648.0,69,0.0,138,0.0,2.012,ERR,ERR,ERR,ERR,ERR,ERR,ERR,ERR,ERR,ERR,ERR,ERR,ERR,ERR,ERR,ERR,ERR,ERR,ERR,ERR,ERR,ERR,ERR,ERR,ERR,ERR,ERR,ERR,ERR,ERR,ERR,ERR,ERR,ERR,ERR,ERR,ERR,ERR,ERR,ERR,ERR,ERR,ERR,ERR,ERR,ERR,ERR,ERR,ERR,ERR,ERR,ERR,ERR,ERR,ERR,ERR,ERR,ERR,ERR,ERR,ERR,ERR,ERR,ERR,ERR,ERR,ERR,60.0,60.0,35,0.0,0.0,0.0,0.0,0.0,0.0,0.0,0.0,0.0,0.0,0.0,0.0,0.0,0.0,0.0,0.0,65.2,0,122,59,45,65476,0,65476,1,4,4,20529,65476,0,0,2621,60.0,0.0,0.0,0.0,0.0,0.0
2026-07-09T15:06:39,ERR,ERR,ERR,ERR,ERR,ERR,ERR,ERR,ERR,ERR,ERR,ERR,ERR,ERR,ERR,ERR,ERR,ERR,ERR,ERR,ERR,ERR,ERR,ERR,ERR,ERR,ERR,ERR,ERR,ERR,ERR,ERR,ERR,ERR,ERR,ERR,ERR,ERR,ERR,ERR,ERR,ERR,ERR,ERR,ERR,ERR,ERR,ERR,ERR,ERR,ERR,ERR,ERR,ERR,ERR,ERR,ERR,ERR,ERR,ERR,ERR,ERR,ERR,ERR,ERR,ERR,ERR,ERR,ERR,ERR,ERR,ERR,ERR,ERR,ERR,ERR,ERR,ERR,ERR,ERR,ERR,ERR,ERR,ERR,ERR,ERR,ERR,ERR,ERR,ERR,ERR,ERR,ERR,ERR,ERR,ERR,ERR,ERR,ERR,ERR,ERR,ERR,ERR,ERR,ERR,ERR,ERR,ERR,ERR,ERR,ERR,ERR,ERR,ERR,ERR,ERR,ERR,ERR,ERR,ERR,ERR,ERR,ERR,ERR,ERR,0.0,-0.0,0.0,-0.0,0.0,-0.0,-0.0,-1.3082317602440513e+34,0,0,4,17407,7116,0.0,100,0.0,0.0,-0.0,0.0,0.0,0,0,0,0,0.0,0,0,0,0,0,0,0,0,0,0,0,0,0,0,0,0,0,0,0,0,0,0,0,0,0,0,0,0,0,0,0,0,0,31,40,40,71,65476,0,300,0,0,8,21553,0.0,-107605600.0,0.0,0.0,0.0,0.0,0.0,0.0,0.0,0.0,0.0,0.0,0.0,0.0,0.0,0.0,0.0,0.0,0.0,0.0,0.0,0.0,2.004,-2.004,0.0,0.0,0.0,0.0,0.0,0.0,4516.0,0.0,6913.0,-0.0,-0.0,2.004,2.004,0.0,0.0,0.0,0.0,69,-3.222019369313434e+26,-0.0,0.0,0.0,0.0,0.0,0.0,0.0,0.0,0,0,0,0.0,0.0,0.0,0.0,0.0,0.0,0.0,0.0,0.0,0.0,0.0,0.0,0.0,0.0,0.0,0.0,0,-107875648.0,69,0.0,138,0.0,2.012,ERR,ERR,ERR,ERR,ERR,ERR,ERR,ERR,ERR,ERR,ERR,ERR,ERR,ERR,ERR,ERR,ERR,ERR,ERR,ERR,ERR,ERR,ERR,ERR,ERR,ERR,ERR,ERR,ERR,ERR,ERR,ERR,ERR,ERR,ERR,ERR,ERR,ERR,ERR,ERR,ERR,ERR,ERR,ERR,ERR,ERR,ERR,ERR,ERR,ERR,ERR,ERR,ERR,ERR,ERR,ERR,ERR,ERR,ERR,ERR,ERR,ERR,ERR,ERR,ERR,ERR,ERR,60.0,60.0,35,0.0,0.0,0.0,0.0,0.0,0.0,0.0,0.0,0.0,0.0,0.0,0.0,0.0,0.0,0.0,0.0,65.2,0,122,59,45,65476,0,65476,1,4,4,20529,65476,0,0,2621,60.0,0.0,0.0,0.0,0.0,0.0
2026-07-09T15:06:40,ERR,ERR,ERR,ERR,ERR,ERR,ERR,ERR,ERR,ERR,ERR,ERR,ERR,ERR,ERR,ERR,ERR,ERR,ERR,ERR,ERR,ERR,ERR,ERR,ERR,ERR,ERR,ERR,ERR,ERR,ERR,ERR,ERR,ERR,ERR,ERR,ERR,ERR,ERR,ERR,ERR,ERR,ERR,ERR,ERR,ERR,ERR,ERR,ERR,ERR,ERR,ERR,ERR,ERR,ERR,ERR,ERR,ERR,ERR,ERR,ERR,ERR,ERR,ERR,ERR,ERR,ERR,ERR,ERR,ERR,ERR,ERR,ERR,ERR,ERR,ERR,ERR,ERR,ERR,ERR,ERR,ERR,ERR,ERR,ERR,ERR,ERR,ERR,ERR,ERR,ERR,ERR,ERR,ERR,ERR,ERR,ERR,ERR,ERR,ERR,ERR,ERR,ERR,ERR,ERR,ERR,ERR,ERR,ERR,ERR,ERR,ERR,ERR,ERR,ERR,ERR,ERR,ERR,ERR,ERR,ERR,ERR,ERR,ERR,ERR,0.0,-0.0,0.0,-0.0,0.0,-0.0,-0.0,-1.3082317602440513e+34,0,0,4,17407,7116,0.0,100,0.0,0.0,-0.0,0.0,0.0,0,0,0,0,0.0,0,0,0,0,0,0,0,0,0,0,0,0,0,0,0,0,0,0,0,0,0,0,0,0,0,0,0,0,0,0,0,0,0,31,40,40,71,65476,0,300,0,0,8,21553,0.0,-107605600.0,0.0,0.0,0.0,0.0,0.0,0.0,0.0,0.0,0.0,0.0,0.0,0.0,0.0,0.0,0.0,0.0,0.0,0.0,0.0,0.0,2.004,-2.004,0.0,0.0,0.0,0.0,0.0,0.0,4516.0,0.0,6913.0,-0.0,-0.0,2.004,2.004,0.0,0.0,0.0,0.0,69,-3.222019369313434e+26,-0.0,0.0,0.0,0.0,0.0,0.0,0.0,0.0,0,0,0,0.0,0.0,0.0,0.0,0.0,0.0,0.0,0.0,0.0,0.0,0.0,0.0,0.0,0.0,0.0,0.0,0,-107875648.0,69,0.0,138,0.0,2.012,ERR,ERR,ERR,ERR,ERR,ERR,ERR,ERR,ERR,ERR,ERR,ERR,ERR,ERR,ERR,ERR,ERR,ERR,ERR,ERR,ERR,ERR,ERR,ERR,ERR,ERR,ERR,ERR,ERR,ERR,ERR,ERR,ERR,ERR,ERR,ERR,ERR,ERR,ERR,ERR,ERR,ERR,ERR,ERR,ERR,ERR,ERR,ERR,ERR,ERR,ERR,ERR,ERR,ERR,ERR,ERR,ERR,ERR,ERR,ERR,ERR,ERR,ERR,ERR,ERR,ERR,ERR,60.0,60.0,35,0.0,0.0,0.0,0.0,0.0,0.0,0.0,0.0,0.0,0.0,0.0,0.0,0.0,0.0,0.0,0.0,65.2,0,122,59,45,65476,0,65476,1,4,4,20529,65476,0,0,2621,60.0,0.0,0.0,0.0,0.0,0.0
2026-07-09T15:06:41,ERR,ERR,ERR,ERR,ERR,ERR,ERR,ERR,ERR,ERR,ERR,ERR,ERR,ERR,ERR,ERR,ERR,ERR,ERR,ERR,ERR,ERR,ERR,ERR,ERR,ERR,ERR,ERR,ERR,ERR,ERR,ERR,ERR,ERR,ERR,ERR,ERR,ERR,ERR,ERR,ERR,ERR,ERR,ERR,ERR,ERR,ERR,ERR,ERR,ERR,ERR,ERR,ERR,ERR,ERR,ERR,ERR,ERR,ERR,ERR,ERR,ERR,ERR,ERR,ERR,ERR,ERR,ERR,ERR,ERR,ERR,ERR,ERR,ERR,ERR,ERR,ERR,ERR,ERR,ERR,ERR,ERR,ERR,ERR,ERR,ERR,ERR,ERR,ERR,ERR,ERR,ERR,ERR,ERR,ERR,ERR,ERR,ERR,ERR,ERR,ERR,ERR,ERR,ERR,ERR,ERR,ERR,ERR,ERR,ERR,ERR,ERR,ERR,ERR,ERR,ERR,ERR,ERR,ERR,ERR,ERR,ERR,ERR,ERR,ERR,0.0,-0.0,0.0,-0.0,0.0,-0.0,-0.0,-1.3082317602440513e+34,0,0,4,17407,7116,0.0,100,0.0,0.0,-0.0,0.0,0.0,0,0,0,0,0.0,0,0,0,0,0,0,0,0,0,0,0,0,0,0,0,0,0,0,0,0,0,0,0,0,0,0,0,0,0,0,0,0,0,31,40,40,71,65476,0,300,0,0,8,21553,0.0,-107605600.0,0.0,0.0,0.0,0.0,0.0,0.0,0.0,0.0,0.0,0.0,0.0,0.0,0.0,0.0,0.0,0.0,0.0,0.0,0.0,0.0,2.004,-2.004,0.0,0.0,0.0,0.0,0.0,0.0,4516.0,0.0,6913.0,-0.0,-0.0,2.004,2.004,0.0,0.0,0.0,0.0,69,-3.222019369313434e+26,-0.0,0.0,0.0,0.0,0.0,0.0,0.0,0.0,0,0,0,0.0,0.0,0.0,0.0,0.0,0.0,0.0,0.0,0.0,0.0,0.0,0.0,0.0,0.0,0.0,0.0,0,-107875648.0,69,0.0,138,0.0,2.012,ERR,ERR,ERR,ERR,ERR,ERR,ERR,ERR,ERR,ERR,ERR,ERR,ERR,ERR,ERR,ERR,ERR,ERR,ERR,ERR,ERR,ERR,ERR,ERR,ERR,ERR,ERR,ERR,ERR,ERR,ERR,ERR,ERR,ERR,ERR,ERR,ERR,ERR,ERR,ERR,ERR,ERR,ERR,ERR,ERR,ERR,ERR,ERR,ERR,ERR,ERR,ERR,ERR,ERR,ERR,ERR,ERR,ERR,ERR,ERR,ERR,ERR,ERR,ERR,ERR,ERR,ERR,60.0,60.0,35,0.0,0.0,0.0,0.0,0.0,0.0,0.0,0.0,0.0,0.0,0.0,0.0,0.0,0.0,0.0,0.0,65.2,0,122,59,45,65476,0,65476,1,4,4,20529,65476,0,0,2621,60.0,0.0,0.0,0.0,0.0,0.0
2026-07-09T15:06:42,ERR,ERR,ERR,ERR,ERR,ERR,ERR,ERR,ERR,ERR,ERR,ERR,ERR,ERR,ERR,ERR,ERR,ERR,ERR,ERR,ERR,ERR,ERR,ERR,ERR,ERR,ERR,ERR,ERR,ERR,ERR,ERR,ERR,ERR,ERR,ERR,ERR,ERR,ERR,ERR,ERR,ERR,ERR,ERR,ERR,ERR,ERR,ERR,ERR,ERR,ERR,ERR,ERR,ERR,ERR,ERR,ERR,ERR,ERR,ERR,ERR,ERR,ERR,ERR,ERR,ERR,ERR,ERR,ERR,ERR,ERR,ERR,ERR,ERR,ERR,ERR,ERR,ERR,ERR,ERR,ERR,ERR,ERR,ERR,ERR,ERR,ERR,ERR,ERR,ERR,ERR,ERR,ERR,ERR,ERR,ERR,ERR,ERR,ERR,ERR,ERR,ERR,ERR,ERR,ERR,ERR,ERR,ERR,ERR,ERR,ERR,ERR,ERR,ERR,ERR,ERR,ERR,ERR,ERR,ERR,ERR,ERR,ERR,ERR,ERR,-0.0,-0.0,-0.0,0.0,0.0,6.0313969826396635e+19,0.0,-0.0,0,0,4,17407,7116,0.0,100,0.0,0.0,0.0,0.0,0.0,0,0,0,0,0.0,0,0,0,0,0,0,0,0,0,0,0,0,0,0,0,0,0,0,0,0,0,0,0,0,0,0,0,0,0,0,0,0,0,31,40,40,71,65476,0,300,0,0,8,21553,0.0,-107605600.0,0.0,0.0,0.0,0.0,0.0,0.0,0.0,0.0,0.0,0.0,0.0,0.0,0.0,0.0,0.0,0.0,0.0,0.0,0.0,0.0,-0.0,-3.697063867931689e+19,0.0,0.0,0.0,0.0,0.0,0.0,4504.0,-3.69717909675028e+19,6940.0,-0.0,-107615928.0,2.004,2.004,0.0,0.0,0.0,0.0,69,4.066870658533892e+29,126840373248.0,0.0,0.0,0.0,0.0,0.0,0.0,0.0,0,0,0,0.0,0.0,0.0,0.0,0.0,0.0,0.0,0.0,0.0,0.0,0.0,0.0,0.0,0.0,0.0,0.0,0,-107875648.0,69,0.0,138,0.0,2.012,ERR,ERR,ERR,ERR,ERR,ERR,ERR,ERR,ERR,ERR,ERR,ERR,ERR,ERR,ERR,ERR,ERR,ERR,ERR,ERR,ERR,ERR,ERR,ERR,ERR,ERR,ERR,ERR,ERR,ERR,ERR,ERR,ERR,ERR,ERR,ERR,ERR,ERR,ERR,ERR,ERR,ERR,ERR,ERR,ERR,ERR,ERR,ERR,ERR,ERR,ERR,ERR,ERR,ERR,ERR,ERR,ERR,ERR,ERR,ERR,ERR,ERR,ERR,ERR,ERR,ERR,ERR,60.0,60.0,35,0.0,0.0,0.0,0.0,0.0,0.0,0.0,0.0,0.0,0.0,0.0,0.0,0.0,0.0,0.0,0.0,65.2,0,122,59,45,65476,0,65476,1,4,4,20529,65476,0,0,2621,60.0,0.0,0.0,0.0,0.0,0.0
2026-07-09T15:06:43,ERR,ERR,ERR,ERR,ERR,ERR,ERR,ERR,ERR,ERR,ERR,ERR,ERR,ERR,ERR,ERR,ERR,ERR,ERR,ERR,ERR,ERR,ERR,ERR,ERR,ERR,ERR,ERR,ERR,ERR,ERR,ERR,ERR,ERR,ERR,ERR,ERR,ERR,ERR,ERR,ERR,ERR,ERR,ERR,ERR,ERR,ERR,ERR,ERR,ERR,ERR,ERR,ERR,ERR,ERR,ERR,ERR,ERR,ERR,ERR,ERR,ERR,ERR,ERR,ERR,ERR,ERR,ERR,ERR,ERR,ERR,ERR,ERR,ERR,ERR,ERR,ERR,ERR,ERR,ERR,ERR,ERR,ERR,ERR,ERR,ERR,ERR,ERR,ERR,ERR,ERR,ERR,ERR,ERR,ERR,ERR,ERR,ERR,ERR,ERR,ERR,ERR,ERR,ERR,ERR,ERR,ERR,ERR,ERR,ERR,ERR,ERR,ERR,ERR,ERR,ERR,ERR,ERR,ERR,ERR,ERR,ERR,ERR,ERR,ERR,-0.0,-0.0,-0.0,0.0,0.0,6.0313969826396635e+19,0.0,-0.0,0,0,4,17407,7116,0.0,100,0.0,0.0,0.0,0.0,0.0,0,0,0,0,0.0,0,0,0,0,0,0,0,0,0,0,0,0,0,0,0,0,0,0,0,0,0,0,0,0,0,0,0,0,0,0,0,0,0,31,40,40,71,65476,0,300,0,0,8,21553,0.0,-107605600.0,0.0,0.0,0.0,0.0,0.0,0.0,0.0,0.0,0.0,0.0,0.0,0.0,0.0,0.0,0.0,0.0,0.0,0.0,0.0,0.0,-0.0,-3.697063867931689e+19,0.0,0.0,0.0,0.0,0.0,0.0,4504.0,-3.69717909675028e+19,6940.0,-0.0,-107615928.0,2.004,2.004,0.0,0.0,0.0,0.0,69,4.066870658533892e+29,126840373248.0,0.0,0.0,0.0,0.0,0.0,0.0,0.0,0,0,0,0.0,0.0,0.0,0.0,0.0,0.0,0.0,0.0,0.0,0.0,0.0,0.0,0.0,0.0,0.0,0.0,0,-107875648.0,69,0.0,138,0.0,2.012,ERR,ERR,ERR,ERR,ERR,ERR,ERR,ERR,ERR,ERR,ERR,ERR,ERR,ERR,ERR,ERR,ERR,ERR,ERR,ERR,ERR,ERR,ERR,ERR,ERR,ERR,ERR,ERR,ERR,ERR,ERR,ERR,ERR,ERR,ERR,ERR,ERR,ERR,ERR,ERR,ERR,ERR,ERR,ERR,ERR,ERR,ERR,ERR,ERR,ERR,ERR,ERR,ERR,ERR,ERR,ERR,ERR,ERR,ERR,ERR,ERR,ERR,ERR,ERR,ERR,ERR,ERR,60.0,60.0,35,0.0,0.0,0.0,0.0,0.0,0.0,0.0,0.0,0.0,0.0,0.0,0.0,0.0,0.0,0.0,0.0,65.2,0,122,59,45,65476,0,65476,1,4,4,20529,65476,0,0,2621,60.0,0.0,0.0,0.0,0.0,0.0
2026-07-09T15:06:44,ERR,ERR,ERR,ERR,ERR,ERR,ERR,ERR,ERR,ERR,ERR,ERR,ERR,ERR,ERR,ERR,ERR,ERR,ERR,ERR,ERR,ERR,ERR,ERR,ERR,ERR,ERR,ERR,ERR,ERR,ERR,ERR,ERR,ERR,ERR,ERR,ERR,ERR,ERR,ERR,ERR,ERR,ERR,ERR,ERR,ERR,ERR,ERR,ERR,ERR,ERR,ERR,ERR,ERR,ERR,ERR,ERR,ERR,ERR,ERR,ERR,ERR,ERR,ERR,ERR,ERR,ERR,ERR,ERR,ERR,ERR,ERR,ERR,ERR,ERR,ERR,ERR,ERR,ERR,ERR,ERR,ERR,ERR,ERR,ERR,ERR,ERR,ERR,ERR,ERR,ERR,ERR,ERR,ERR,ERR,ERR,ERR,ERR,ERR,ERR,ERR,ERR,ERR,ERR,ERR,ERR,ERR,ERR,ERR,ERR,ERR,ERR,ERR,ERR,ERR,ERR,ERR,ERR,ERR,ERR,ERR,ERR,ERR,ERR,ERR,-0.0,-0.0,-0.0,0.0,0.0,6.0313969826396635e+19,0.0,-0.0,0,0,4,17407,7116,0.0,100,0.0,0.0,0.0,0.0,0.0,0,0,0,0,0.0,0,0,0,0,0,0,0,0,0,0,0,0,0,0,0,0,0,0,0,0,0,0,0,0,0,0,0,0,0,0,0,0,0,31,40,40,71,65476,0,300,0,0,8,21553,0.0,-107605600.0,0.0,0.0,0.0,0.0,0.0,0.0,0.0,0.0,0.0,0.0,0.0,0.0,0.0,0.0,0.0,0.0,0.0,0.0,0.0,0.0,-0.0,-3.697063867931689e+19,0.0,0.0,0.0,0.0,0.0,0.0,4504.0,-3.69717909675028e+19,6940.0,-0.0,-107615928.0,2.004,2.004,0.0,0.0,0.0,0.0,69,4.066870658533892e+29,126840373248.0,0.0,0.0,0.0,0.0,0.0,0.0,0.0,0,0,0,0.0,0.0,0.0,0.0,0.0,0.0,0.0,0.0,0.0,0.0,0.0,0.0,0.0,0.0,0.0,0.0,0,-107875648.0,69,0.0,138,0.0,2.012,ERR,ERR,ERR,ERR,ERR,ERR,ERR,ERR,ERR,ERR,ERR,ERR,ERR,ERR,ERR,ERR,ERR,ERR,ERR,ERR,ERR,ERR,ERR,ERR,ERR,ERR,ERR,ERR,ERR,ERR,ERR,ERR,ERR,ERR,ERR,ERR,ERR,ERR,ERR,ERR,ERR,ERR,ERR,ERR,ERR,ERR,ERR,ERR,ERR,ERR,ERR,ERR,ERR,ERR,ERR,ERR,ERR,ERR,ERR,ERR,ERR,ERR,ERR,ERR,ERR,ERR,ERR,60.0,60.0,35,0.0,0.0,0.0,0.0,0.0,0.0,0.0,0.0,0.0,0.0,0.0,0.0,0.0,0.0,0.0,0.0,65.2,0,122,59,45,65476,0,65476,1,4,4,20529,65476,0,0,2621,60.0,0.0,0.0,0.0,0.0,0.0
2026-07-09T15:06:45,ERR,ERR,ERR,ERR,ERR,ERR,ERR,ERR,ERR,ERR,ERR,ERR,ERR,ERR,ERR,ERR,ERR,ERR,ERR,ERR,ERR,ERR,ERR,ERR,ERR,ERR,ERR,ERR,ERR,ERR,ERR,ERR,ERR,ERR,ERR,ERR,ERR,ERR,ERR,ERR,ERR,ERR,ERR,ERR,ERR,ERR,ERR,ERR,ERR,ERR,ERR,ERR,ERR,ERR,ERR,ERR,ERR,ERR,ERR,ERR,ERR,ERR,ERR,ERR,ERR,ERR,ERR,ERR,ERR,ERR,ERR,ERR,ERR,ERR,ERR,ERR,ERR,ERR,ERR,ERR,ERR,ERR,ERR,ERR,ERR,ERR,ERR,ERR,ERR,ERR,ERR,ERR,ERR,ERR,ERR,ERR,ERR,ERR,ERR,ERR,ERR,ERR,ERR,ERR,ERR,ERR,ERR,ERR,ERR,ERR,ERR,ERR,ERR,ERR,ERR,ERR,ERR,ERR,ERR,ERR,ERR,ERR,ERR,ERR,ERR,-0.0,-0.0,-0.0,0.0,0.0,6.0313969826396635e+19,0.0,-0.0,0,0,4,17407,7116,0.0,100,0.0,0.0,0.0,0.0,0.0,0,0,0,0,0.0,0,0,0,0,0,0,0,0,0,0,0,0,0,0,0,0,0,0,0,0,0,0,0,0,0,0,0,0,0,0,0,0,0,31,40,40,71,65476,0,300,0,0,8,21553,0.0,-107605600.0,0.0,0.0,0.0,0.0,0.0,0.0,0.0,0.0,0.0,0.0,0.0,0.0,0.0,0.0,0.0,0.0,0.0,0.0,0.0,0.0,-0.0,-3.697063867931689e+19,0.0,0.0,0.0,0.0,0.0,0.0,4504.0,-3.69717909675028e+19,6940.0,-0.0,-107615928.0,2.004,2.004,0.0,0.0,0.0,0.0,69,4.066870658533892e+29,126840373248.0,0.0,0.0,0.0,0.0,0.0,0.0,0.0,0,0,0,0.0,0.0,0.0,0.0,0.0,0.0,0.0,0.0,0.0,0.0,0.0,0.0,0.0,0.0,0.0,0.0,0,-107875648.0,69,0.0,138,0.0,2.012,ERR,ERR,ERR,ERR,ERR,ERR,ERR,ERR,ERR,ERR,ERR,ERR,ERR,ERR,ERR,ERR,ERR,ERR,ERR,ERR,ERR,ERR,ERR,ERR,ERR,ERR,ERR,ERR,ERR,ERR,ERR,ERR,ERR,ERR,ERR,ERR,ERR,ERR,ERR,ERR,ERR,ERR,ERR,ERR,ERR,ERR,ERR,ERR,ERR,ERR,ERR,ERR,ERR,ERR,ERR,ERR,ERR,ERR,ERR,ERR,ERR,ERR,ERR,ERR,ERR,ERR,ERR,60.0,60.0,35,0.0,0.0,0.0,0.0,0.0,0.0,0.0,0.0,0.0,0.0,0.0,0.0,0.0,0.0,0.0,0.0,65.2,0,122,59,45,65476,0,65476,1,4,4,20529,65476,0,0,2621,60.0,0.0,0.0,0.0,0.0,0.0
2026-07-09T15:06:46,ERR,ERR,ERR,ERR,ERR,ERR,ERR,ERR,ERR,ERR,ERR,ERR,ERR,ERR,ERR,ERR,ERR,ERR,ERR,ERR,ERR,ERR,ERR,ERR,ERR,ERR,ERR,ERR,ERR,ERR,ERR,ERR,ERR,ERR,ERR,ERR,ERR,ERR,ERR,ERR,ERR,ERR,ERR,ERR,ERR,ERR,ERR,ERR,ERR,ERR,ERR,ERR,ERR,ERR,ERR,ERR,ERR,ERR,ERR,ERR,ERR,ERR,ERR,ERR,ERR,ERR,ERR,ERR,ERR,ERR,ERR,ERR,ERR,ERR,ERR,ERR,ERR,ERR,ERR,ERR,ERR,ERR,ERR,ERR,ERR,ERR,ERR,ERR,ERR,ERR,ERR,ERR,ERR,ERR,ERR,ERR,ERR,ERR,ERR,ERR,ERR,ERR,ERR,ERR,ERR,ERR,ERR,ERR,ERR,ERR,ERR,ERR,ERR,ERR,ERR,ERR,ERR,ERR,ERR,ERR,ERR,ERR,ERR,ERR,ERR,-0.0,-0.0,-0.0,0.0,0.0,6.0313969826396635e+19,0.0,-0.0,0,0,4,17407,7116,0.0,100,0.0,0.0,0.0,0.0,0.0,0,0,0,0,0.0,0,0,0,0,0,0,0,0,0,0,0,0,0,0,0,0,0,0,0,0,0,0,0,0,0,0,0,0,0,0,0,0,0,31,40,40,71,65476,0,300,0,0,8,21553,0.0,-107605600.0,0.0,0.0,0.0,0.0,0.0,0.0,0.0,0.0,0.0,0.0,0.0,0.0,0.0,0.0,0.0,0.0,0.0,0.0,0.0,0.0,-0.0,-3.697063867931689e+19,0.0,0.0,0.0,0.0,0.0,0.0,4504.0,-3.69717909675028e+19,6940.0,-0.0,-107615928.0,2.004,2.004,0.0,0.0,0.0,0.0,69,4.066870658533892e+29,126840373248.0,0.0,0.0,0.0,0.0,0.0,0.0,0.0,0,0,0,0.0,0.0,0.0,0.0,0.0,0.0,0.0,0.0,0.0,0.0,0.0,0.0,0.0,0.0,0.0,0.0,0,-107875648.0,69,0.0,138,0.0,2.012,ERR,ERR,ERR,ERR,ERR,ERR,ERR,ERR,ERR,ERR,ERR,ERR,ERR,ERR,ERR,ERR,ERR,ERR,ERR,ERR,ERR,ERR,ERR,ERR,ERR,ERR,ERR,ERR,ERR,ERR,ERR,ERR,ERR,ERR,ERR,ERR,ERR,ERR,ERR,ERR,ERR,ERR,ERR,ERR,ERR,ERR,ERR,ERR,ERR,ERR,ERR,ERR,ERR,ERR,ERR,ERR,ERR,ERR,ERR,ERR,ERR,ERR,ERR,ERR,ERR,ERR,ERR,60.0,60.0,35,0.0,0.0,0.0,0.0,0.0,0.0,0.0,0.0,0.0,0.0,0.0,0.0,0.0,0.0,0.0,0.0,65.2,0,121,59,45,65476,0,65476,1,4,4,20529,65476,0,0,2621,60.0,0.0,0.0,0.0,0.0,0.0
2026-07-09T15:06:47,ERR,ERR,ERR,ERR,ERR,ERR,ERR,ERR,ERR,ERR,ERR,ERR,ERR,ERR,ERR,ERR,ERR,ERR,ERR,ERR,ERR,ERR,ERR,ERR,ERR,ERR,ERR,ERR,ERR,ERR,ERR,ERR,ERR,ERR,ERR,ERR,ERR,ERR,ERR,ERR,ERR,ERR,ERR,ERR,ERR,ERR,ERR,ERR,ERR,ERR,ERR,ERR,ERR,ERR,ERR,ERR,ERR,ERR,ERR,ERR,ERR,ERR,ERR,ERR,ERR,ERR,ERR,ERR,ERR,ERR,ERR,ERR,ERR,ERR,ERR,ERR,ERR,ERR,ERR,ERR,ERR,ERR,ERR,ERR,ERR,ERR,ERR,ERR,ERR,ERR,ERR,ERR,ERR,ERR,ERR,ERR,ERR,ERR,ERR,ERR,ERR,ERR,ERR,ERR,ERR,ERR,ERR,ERR,ERR,ERR,ERR,ERR,ERR,ERR,ERR,ERR,ERR,ERR,ERR,ERR,ERR,ERR,ERR,ERR,ERR,-0.0,-0.0,-0.0,0.0,0.0,-0.0,-0.0,-13385856.0,0,0,4,17405,7116,0.0,100,0.0,0.0,0.0,0.0,0.0,0,0,0,0,0.0,0,0,0,0,0,0,0,0,0,0,0,0,0,0,0,0,0,0,0,0,0,0,0,0,0,0,0,0,0,0,0,0,0,31,40,40,71,65476,0,300,0,0,8,21553,0.0,-107605600.0,0.0,0.0,0.0,0.0,0.0,0.0,0.0,0.0,0.0,0.0,0.0,0.0,0.0,0.0,0.0,0.0,0.0,0.0,0.0,0.0,-0.0,-2.004,0.0,0.0,0.0,0.0,0.0,0.0,4481.0,-1.5879263307997272e+29,6942.0,-0.0,-0.0,2.004,2.004,0.0,0.0,0.0,0.0,69,-0.0,2.718413807909433e+23,0.0,0.0,0.0,0.0,0.0,0.0,0.0,0,0,0,0.0,0.0,0.0,0.0,0.0,0.0,0.0,0.0,0.0,0.0,0.0,0.0,0.0,0.0,0.0,0.0,0,-107875648.0,69,0.0,138,0.0,2.012,ERR,ERR,ERR,ERR,ERR,ERR,ERR,ERR,ERR,ERR,ERR,ERR,ERR,ERR,ERR,ERR,ERR,ERR,ERR,ERR,ERR,ERR,ERR,ERR,ERR,ERR,ERR,ERR,ERR,ERR,ERR,ERR,ERR,ERR,ERR,ERR,ERR,ERR,ERR,ERR,ERR,ERR,ERR,ERR,ERR,ERR,ERR,ERR,ERR,ERR,ERR,ERR,ERR,ERR,ERR,ERR,ERR,ERR,ERR,ERR,ERR,ERR,ERR,ERR,ERR,ERR,ERR,60.0,60.0,35,0.0,0.0,0.0,0.0,0.0,0.0,0.0,0.0,0.0,0.0,0.0,0.0,0.0,0.0,0.0,0.0,65.2,0,121,59,45,65476,0,65476,1,4,4,20529,65476,0,0,2621,60.0,0.0,0.0,0.0,0.0,0.0
2026-07-09T15:06:48,ERR,ERR,ERR,ERR,ERR,ERR,ERR,ERR,ERR,ERR,ERR,ERR,ERR,ERR,ERR,ERR,ERR,ERR,ERR,ERR,ERR,ERR,ERR,ERR,ERR,ERR,ERR,ERR,ERR,ERR,ERR,ERR,ERR,ERR,ERR,ERR,ERR,ERR,ERR,ERR,ERR,ERR,ERR,ERR,ERR,ERR,ERR,ERR,ERR,ERR,ERR,ERR,ERR,ERR,ERR,ERR,ERR,ERR,ERR,ERR,ERR,ERR,ERR,ERR,ERR,ERR,ERR,ERR,ERR,ERR,ERR,ERR,ERR,ERR,ERR,ERR,ERR,ERR,ERR,ERR,ERR,ERR,ERR,ERR,ERR,ERR,ERR,ERR,ERR,ERR,ERR,ERR,ERR,ERR,ERR,ERR,ERR,ERR,ERR,ERR,ERR,ERR,ERR,ERR,ERR,ERR,ERR,ERR,ERR,ERR,ERR,ERR,ERR,ERR,ERR,ERR,ERR,ERR,ERR,ERR,ERR,ERR,ERR,ERR,ERR,-0.0,-0.0,-0.0,0.0,0.0,-0.0,-0.0,-13385856.0,0,0,4,17405,7116,0.0,100,0.0,0.0,0.0,0.0,0.0,0,0,0,0,0.0,0,0,0,0,0,0,0,0,0,0,0,0,0,0,0,0,0,0,0,0,0,0,0,0,0,0,0,0,0,0,0,0,0,31,40,40,71,65476,0,300,0,0,8,21553,0.0,-107605600.0,0.0,0.0,0.0,0.0,0.0,0.0,0.0,0.0,0.0,0.0,0.0,0.0,0.0,0.0,0.0,0.0,0.0,0.0,0.0,0.0,-0.0,-2.004,0.0,0.0,0.0,0.0,0.0,0.0,4481.0,-1.5879263307997272e+29,6942.0,-0.0,-0.0,2.004,2.004,0.0,0.0,0.0,0.0,69,-0.0,2.718413807909433e+23,0.0,0.0,0.0,0.0,0.0,0.0,0.0,0,0,0,0.0,0.0,0.0,0.0,0.0,0.0,0.0,0.0,0.0,0.0,0.0,0.0,0.0,0.0,0.0,0.0,0,-107875648.0,69,0.0,138,0.0,2.012,ERR,ERR,ERR,ERR,ERR,ERR,ERR,ERR,ERR,ERR,ERR,ERR,ERR,ERR,ERR,ERR,ERR,ERR,ERR,ERR,ERR,ERR,ERR,ERR,ERR,ERR,ERR,ERR,ERR,ERR,ERR,ERR,ERR,ERR,ERR,ERR,ERR,ERR,ERR,ERR,ERR,ERR,ERR,ERR,ERR,ERR,ERR,ERR,ERR,ERR,ERR,ERR,ERR,ERR,ERR,ERR,ERR,ERR,ERR,ERR,ERR,ERR,ERR,ERR,ERR,ERR,ERR,60.0,60.0,35,0.0,0.0,0.0,0.0,0.0,0.0,0.0,0.0,0.0,0.0,0.0,0.0,0.0,0.0,0.0,0.0,65.6,0,121,59,45,65476,0,65476,1,4,4,20529,65476,0,0,2621,60.0,0.0,0.0,0.0,0.0,0.0
2026-07-09T15:06:49,ERR,ERR,ERR,ERR,ERR,ERR,ERR,ERR,ERR,ERR,ERR,ERR,ERR,ERR,ERR,ERR,ERR,ERR,ERR,ERR,ERR,ERR,ERR,ERR,ERR,ERR,ERR,ERR,ERR,ERR,ERR,ERR,ERR,ERR,ERR,ERR,ERR,ERR,ERR,ERR,ERR,ERR,ERR,ERR,ERR,ERR,ERR,ERR,ERR,ERR,ERR,ERR,ERR,ERR,ERR,ERR,ERR,ERR,ERR,ERR,ERR,ERR,ERR,ERR,ERR,ERR,ERR,ERR,ERR,ERR,ERR,ERR,ERR,ERR,ERR,ERR,ERR,ERR,ERR,ERR,ERR,ERR,ERR,ERR,ERR,ERR,ERR,ERR,ERR,ERR,ERR,ERR,ERR,ERR,ERR,ERR,ERR,ERR,ERR,ERR,ERR,ERR,ERR,ERR,ERR,ERR,ERR,ERR,ERR,ERR,ERR,ERR,ERR,ERR,ERR,ERR,ERR,ERR,ERR,ERR,ERR,ERR,ERR,ERR,ERR,-0.0,-0.0,-0.0,0.0,0.0,-0.0,-0.0,-13385856.0,0,0,4,17405,7116,0.0,100,0.0,0.0,0.0,0.0,0.0,0,0,0,0,0.0,0,0,0,0,0,0,0,0,0,0,0,0,0,0,0,0,0,0,0,0,0,0,0,0,0,0,0,0,0,0,0,0,0,31,40,40,71,65476,0,300,0,0,8,21553,0.0,-107605600.0,0.0,0.0,0.0,0.0,0.0,0.0,0.0,0.0,0.0,0.0,0.0,0.0,0.0,0.0,0.0,0.0,0.0,0.0,0.0,0.0,-0.0,-2.004,0.0,0.0,0.0,0.0,0.0,0.0,4481.0,-1.5879263307997272e+29,6942.0,-0.0,-0.0,2.004,2.004,0.0,0.0,0.0,0.0,69,-0.0,2.718413807909433e+23,0.0,0.0,0.0,0.0,0.0,0.0,0.0,0,0,0,0.0,0.0,0.0,0.0,0.0,0.0,0.0,0.0,0.0,0.0,0.0,0.0,0.0,0.0,0.0,0.0,0,-107875648.0,69,0.0,138,0.0,2.012,ERR,ERR,ERR,ERR,ERR,ERR,ERR,ERR,ERR,ERR,ERR,ERR,ERR,ERR,ERR,ERR,ERR,ERR,ERR,ERR,ERR,ERR,ERR,ERR,ERR,ERR,ERR,ERR,ERR,ERR,ERR,ERR,ERR,ERR,ERR,ERR,ERR,ERR,ERR,ERR,ERR,ERR,ERR,ERR,ERR,ERR,ERR,ERR,ERR,ERR,ERR,ERR,ERR,ERR,ERR,ERR,ERR,ERR,ERR,ERR,ERR,ERR,ERR,ERR,ERR,ERR,ERR,60.0,60.0,35,0.0,0.0,0.0,0.0,0.0,0.0,0.0,0.0,0.0,0.0,0.0,0.0,0.0,0.0,0.0,0.0,65.6,0,121,59,45,65476,0,65476,1,4,4,20529,65476,0,0,2621,60.0,0.0,0.0,0.0,0.0,0.0
2026-07-09T15:06:50,ERR,ERR,ERR,ERR,ERR,ERR,ERR,ERR,ERR,ERR,ERR,ERR,ERR,ERR,ERR,ERR,ERR,ERR,ERR,ERR,ERR,ERR,ERR,ERR,ERR,ERR,ERR,ERR,ERR,ERR,ERR,ERR,ERR,ERR,ERR,ERR,ERR,ERR,ERR,ERR,ERR,ERR,ERR,ERR,ERR,ERR,ERR,ERR,ERR,ERR,ERR,ERR,ERR,ERR,ERR,ERR,ERR,ERR,ERR,ERR,ERR,ERR,ERR,ERR,ERR,ERR,ERR,ERR,ERR,ERR,ERR,ERR,ERR,ERR,ERR,ERR,ERR,ERR,ERR,ERR,ERR,ERR,ERR,ERR,ERR,ERR,ERR,ERR,ERR,ERR,ERR,ERR,ERR,ERR,ERR,ERR,ERR,ERR,ERR,ERR,ERR,ERR,ERR,ERR,ERR,ERR,ERR,ERR,ERR,ERR,ERR,ERR,ERR,ERR,ERR,ERR,ERR,ERR,ERR,ERR,ERR,ERR,ERR,ERR,ERR,-0.0,-0.0,-0.0,0.0,0.0,-0.0,-0.0,-13385856.0,0,0,4,17405,7116,0.0,100,0.0,0.0,0.0,0.0,0.0,0,0,0,0,0.0,0,0,0,0,0,0,0,0,0,0,0,0,0,0,0,0,0,0,0,0,0,0,0,0,0,0,0,0,0,0,0,0,0,31,40,40,71,65476,0,300,0,0,8,21553,0.0,-107605600.0,0.0,0.0,0.0,0.0,0.0,0.0,0.0,0.0,0.0,0.0,0.0,0.0,0.0,0.0,0.0,0.0,0.0,0.0,0.0,0.0,-0.0,-2.004,0.0,0.0,0.0,0.0,0.0,0.0,4481.0,-1.5879263307997272e+29,6942.0,-0.0,-0.0,2.004,2.004,0.0,0.0,0.0,0.0,69,-0.0,2.718413807909433e+23,0.0,0.0,0.0,0.0,0.0,0.0,0.0,0,0,0,0.0,0.0,0.0,0.0,0.0,0.0,0.0,0.0,0.0,0.0,0.0,0.0,0.0,0.0,0.0,0.0,0,-107875648.0,69,0.0,138,0.0,2.012,ERR,ERR,ERR,ERR,ERR,ERR,ERR,ERR,ERR,ERR,ERR,ERR,ERR,ERR,ERR,ERR,ERR,ERR,ERR,ERR,ERR,ERR,ERR,ERR,ERR,ERR,ERR,ERR,ERR,ERR,ERR,ERR,ERR,ERR,ERR,ERR,ERR,ERR,ERR,ERR,ERR,ERR,ERR,ERR,ERR,ERR,ERR,ERR,ERR,ERR,ERR,ERR,ERR,ERR,ERR,ERR,ERR,ERR,ERR,ERR,ERR,ERR,ERR,ERR,ERR,ERR,ERR,60.0,60.0,35,0.0,0.0,0.0,0.0,0.0,0.0,0.0,0.0,0.0,0.0,0.0,0.0,0.0,0.0,0.0,0.0,65.2,0,121,59,44,65476,0,65476,1,4,4,20529,65476,0,0,2621,60.0,0.0,0.0,0.0,0.0,0.0
2026-07-09T15:06:51,ERR,ERR,ERR,ERR,ERR,ERR,ERR,ERR,ERR,ERR,ERR,ERR,ERR,ERR,ERR,ERR,ERR,ERR,ERR,ERR,ERR,ERR,ERR,ERR,ERR,ERR,ERR,ERR,ERR,ERR,ERR,ERR,ERR,ERR,ERR,ERR,ERR,ERR,ERR,ERR,ERR,ERR,ERR,ERR,ERR,ERR,ERR,ERR,ERR,ERR,ERR,ERR,ERR,ERR,ERR,ERR,ERR,ERR,ERR,ERR,ERR,ERR,ERR,ERR,ERR,ERR,ERR,ERR,ERR,ERR,ERR,ERR,ERR,ERR,ERR,ERR,ERR,ERR,ERR,ERR,ERR,ERR,ERR,ERR,ERR,ERR,ERR,ERR,ERR,ERR,ERR,ERR,ERR,ERR,ERR,ERR,ERR,ERR,ERR,ERR,ERR,ERR,ERR,ERR,ERR,ERR,ERR,ERR,ERR,ERR,ERR,ERR,ERR,ERR,ERR,ERR,ERR,ERR,ERR,ERR,ERR,ERR,ERR,ERR,ERR,-0.0,-0.0,-0.0,0.0,0.0,-0.0,-0.0,-13385856.0,0,0,4,17405,7116,0.0,100,0.0,0.0,0.0,0.0,0.0,0,0,0,0,0.0,0,0,0,0,0,0,0,0,0,0,0,0,0,0,0,0,0,0,0,0,0,0,0,0,0,0,0,0,0,0,0,0,0,31,40,40,71,65476,0,300,0,0,8,21553,0.0,-107605600.0,0.0,0.0,0.0,0.0,0.0,0.0,0.0,0.0,0.0,0.0,0.0,0.0,0.0,0.0,0.0,0.0,0.0,0.0,0.0,0.0,-0.0,-2.004,0.0,0.0,0.0,0.0,0.0,0.0,4481.0,-1.5879263307997272e+29,6942.0,-0.0,-0.0,2.004,2.004,0.0,0.0,0.0,0.0,69,-0.0,2.718413807909433e+23,0.0,0.0,0.0,0.0,0.0,0.0,0.0,0,0,0,0.0,0.0,0.0,0.0,0.0,0.0,0.0,0.0,0.0,0.0,0.0,0.0,0.0,0.0,0.0,0.0,0,-107875648.0,69,0.0,138,0.0,2.012,ERR,ERR,ERR,ERR,ERR,ERR,ERR,ERR,ERR,ERR,ERR,ERR,ERR,ERR,ERR,ERR,ERR,ERR,ERR,ERR,ERR,ERR,ERR,ERR,ERR,ERR,ERR,ERR,ERR,ERR,ERR,ERR,ERR,ERR,ERR,ERR,ERR,ERR,ERR,ERR,ERR,ERR,ERR,ERR,ERR,ERR,ERR,ERR,ERR,ERR,ERR,ERR,ERR,ERR,ERR,ERR,ERR,ERR,ERR,ERR,ERR,ERR,ERR,ERR,ERR,ERR,ERR,60.0,60.0,35,0.0,0.0,0.0,0.0,0.0,0.0,0.0,0.0,0.0,0.0,0.0,0.0,0.0,0.0,0.0,0.0,65.2,0,121,59,44,65476,0,65476,1,4,4,20529,65476,0,0,2621,60.0,0.0,0.0,0.0,0.0,0.0
2026-07-09T15:06:52,ERR,ERR,ERR,ERR,ERR,ERR,ERR,ERR,ERR,ERR,ERR,ERR,ERR,ERR,ERR,ERR,ERR,ERR,ERR,ERR,ERR,ERR,ERR,ERR,ERR,ERR,ERR,ERR,ERR,ERR,ERR,ERR,ERR,ERR,ERR,ERR,ERR,ERR,ERR,ERR,ERR,ERR,ERR,ERR,ERR,ERR,ERR,ERR,ERR,ERR,ERR,ERR,ERR,ERR,ERR,ERR,ERR,ERR,ERR,ERR,ERR,ERR,ERR,ERR,ERR,ERR,ERR,ERR,ERR,ERR,ERR,ERR,ERR,ERR,ERR,ERR,ERR,ERR,ERR,ERR,ERR,ERR,ERR,ERR,ERR,ERR,ERR,ERR,ERR,ERR,ERR,ERR,ERR,ERR,ERR,ERR,ERR,ERR,ERR,ERR,ERR,ERR,ERR,ERR,ERR,ERR,ERR,ERR,ERR,ERR,ERR,ERR,ERR,ERR,ERR,ERR,ERR,ERR,ERR,ERR,ERR,ERR,ERR,ERR,ERR,0.0,-107615928.0,-0.0,0.0,0.0,-2.790183757039161e+21,0.0,-0.0,0,0,4,17404,7116,0.0,100,0.0,0.0,0.0,0.0,0.0,0,0,0,0,0.0,0,0,0,0,0,0,0,0,0,0,0,0,0,0,0,0,0,0,0,0,0,0,0,0,0,0,0,0,0,0,0,0,0,31,40,40,71,65476,0,300,0,0,8,21553,0.0,-107605600.0,0.0,0.0,0.0,0.0,0.0,0.0,0.0,0.0,0.0,0.0,0.0,0.0,0.0,0.0,0.0,0.0,0.0,0.0,0.0,0.0,-0.0,-2.004,0.0,0.0,0.0,0.0,0.0,0.0,4527.0,0.0,6914.0,0.0,-107615928.0,2.004,2.004,0.0,0.0,0.0,0.0,69,-0.0,-0.0,0.0,0.0,0.0,0.0,0.0,0.0,0.0,0,0,0,0.0,0.0,0.0,0.0,0.0,0.0,0.0,0.0,0.0,0.0,0.0,0.0,0.0,0.0,0.0,0.0,0,-107875648.0,69,0.0,138,0.0,2.012,ERR,ERR,ERR,ERR,ERR,ERR,ERR,ERR,ERR,ERR,ERR,ERR,ERR,ERR,ERR,ERR,ERR,ERR,ERR,ERR,ERR,ERR,ERR,ERR,ERR,ERR,ERR,ERR,ERR,ERR,ERR,ERR,ERR,ERR,ERR,ERR,ERR,ERR,ERR,ERR,ERR,ERR,ERR,ERR,ERR,ERR,ERR,ERR,ERR,ERR,ERR,ERR,ERR,ERR,ERR,ERR,ERR,ERR,ERR,ERR,ERR,ERR,ERR,ERR,ERR,ERR,ERR,60.0,60.0,35,0.0,0.0,0.0,0.0,0.0,0.0,0.0,0.0,0.0,0.0,0.0,0.0,0.0,0.0,0.0,0.0,65.2,0,121,59,44,65476,0,65476,1,4,4,20529,65476,0,0,2621,60.0,0.0,0.0,0.0,0.0,0.0
2026-07-09T15:06:53,ERR,ERR,ERR,ERR,ERR,ERR,ERR,ERR,ERR,ERR,ERR,ERR,ERR,ERR,ERR,ERR,ERR,ERR,ERR,ERR,ERR,ERR,ERR,ERR,ERR,ERR,ERR,ERR,ERR,ERR,ERR,ERR,ERR,ERR,ERR,ERR,ERR,ERR,ERR,ERR,ERR,ERR,ERR,ERR,ERR,ERR,ERR,ERR,ERR,ERR,ERR,ERR,ERR,ERR,ERR,ERR,ERR,ERR,ERR,ERR,ERR,ERR,ERR,ERR,ERR,ERR,ERR,ERR,ERR,ERR,ERR,ERR,ERR,ERR,ERR,ERR,ERR,ERR,ERR,ERR,ERR,ERR,ERR,ERR,ERR,ERR,ERR,ERR,ERR,ERR,ERR,ERR,ERR,ERR,ERR,ERR,ERR,ERR,ERR,ERR,ERR,ERR,ERR,ERR,ERR,ERR,ERR,ERR,ERR,ERR,ERR,ERR,ERR,ERR,ERR,ERR,ERR,ERR,ERR,ERR,ERR,ERR,ERR,ERR,ERR,0.0,-107615928.0,-0.0,0.0,0.0,-2.790183757039161e+21,0.0,-0.0,0,0,4,17404,7116,0.0,100,0.0,0.0,0.0,0.0,0.0,0,0,0,0,0.0,0,0,0,0,0,0,0,0,0,0,0,0,0,0,0,0,0,0,0,0,0,0,0,0,0,0,0,0,0,0,0,0,0,31,40,40,71,65476,0,300,0,0,8,21553,0.0,-107605600.0,0.0,0.0,0.0,0.0,0.0,0.0,0.0,0.0,0.0,0.0,0.0,0.0,0.0,0.0,0.0,0.0,0.0,0.0,0.0,0.0,-0.0,-2.004,0.0,0.0,0.0,0.0,0.0,0.0,4527.0,0.0,6914.0,0.0,-107615928.0,2.004,2.004,0.0,0.0,0.0,0.0,69,-0.0,-0.0,0.0,0.0,0.0,0.0,0.0,0.0,0.0,0,0,0,0.0,0.0,0.0,0.0,0.0,0.0,0.0,0.0,0.0,0.0,0.0,0.0,0.0,0.0,0.0,0.0,0,-107875648.0,69,0.0,138,0.0,2.012,ERR,ERR,ERR,ERR,ERR,ERR,ERR,ERR,ERR,ERR,ERR,ERR,ERR,ERR,ERR,ERR,ERR,ERR,ERR,ERR,ERR,ERR,ERR,ERR,ERR,ERR,ERR,ERR,ERR,ERR,ERR,ERR,ERR,ERR,ERR,ERR,ERR,ERR,ERR,ERR,ERR,ERR,ERR,ERR,ERR,ERR,ERR,ERR,ERR,ERR,ERR,ERR,ERR,ERR,ERR,ERR,ERR,ERR,ERR,ERR,ERR,ERR,ERR,ERR,ERR,ERR,ERR,60.0,60.0,35,0.0,0.0,0.0,0.0,0.0,0.0,0.0,0.0,0.0,0.0,0.0,0.0,0.0,0.0,0.0,0.0,65.6,0,121,59,44,65476,0,65476,1,4,4,20529,65476,0,0,2621,60.0,0.0,0.0,0.0,0.0,0.0
2026-07-09T15:06:54,ERR,ERR,ERR,ERR,ERR,ERR,ERR,ERR,ERR,ERR,ERR,ERR,ERR,ERR,ERR,ERR,ERR,ERR,ERR,ERR,ERR,ERR,ERR,ERR,ERR,ERR,ERR,ERR,ERR,ERR,ERR,ERR,ERR,ERR,ERR,ERR,ERR,ERR,ERR,ERR,ERR,ERR,ERR,ERR,ERR,ERR,ERR,ERR,ERR,ERR,ERR,ERR,ERR,ERR,ERR,ERR,ERR,ERR,ERR,ERR,ERR,ERR,ERR,ERR,ERR,ERR,ERR,ERR,ERR,ERR,ERR,ERR,ERR,ERR,ERR,ERR,ERR,ERR,ERR,ERR,ERR,ERR,ERR,ERR,ERR,ERR,ERR,ERR,ERR,ERR,ERR,ERR,ERR,ERR,ERR,ERR,ERR,ERR,ERR,ERR,ERR,ERR,ERR,ERR,ERR,ERR,ERR,ERR,ERR,ERR,ERR,ERR,ERR,ERR,ERR,ERR,ERR,ERR,ERR,ERR,ERR,ERR,ERR,ERR,ERR,0.0,-107615928.0,-0.0,0.0,0.0,-2.790183757039161e+21,0.0,-0.0,0,0,4,17404,7116,0.0,100,0.0,0.0,0.0,0.0,0.0,0,0,0,0,0.0,0,0,0,0,0,0,0,0,0,0,0,0,0,0,0,0,0,0,0,0,0,0,0,0,0,0,0,0,0,0,0,0,0,31,40,40,71,65476,0,300,0,0,8,21553,0.0,-107605600.0,0.0,0.0,0.0,0.0,0.0,0.0,0.0,0.0,0.0,0.0,0.0,0.0,0.0,0.0,0.0,0.0,0.0,0.0,0.0,0.0,-0.0,-2.004,0.0,0.0,0.0,0.0,0.0,0.0,4527.0,0.0,6914.0,0.0,-107615928.0,2.004,2.004,0.0,0.0,0.0,0.0,69,-0.0,-0.0,0.0,0.0,0.0,0.0,0.0,0.0,0.0,0,0,0,0.0,0.0,0.0,0.0,0.0,0.0,0.0,0.0,0.0,0.0,0.0,0.0,0.0,0.0,0.0,0.0,0,-107875648.0,69,0.0,138,0.0,2.012,ERR,ERR,ERR,ERR,ERR,ERR,ERR,ERR,ERR,ERR,ERR,ERR,ERR,ERR,ERR,ERR,ERR,ERR,ERR,ERR,ERR,ERR,ERR,ERR,ERR,ERR,ERR,ERR,ERR,ERR,ERR,ERR,ERR,ERR,ERR,ERR,ERR,ERR,ERR,ERR,ERR,ERR,ERR,ERR,ERR,ERR,ERR,ERR,ERR,ERR,ERR,ERR,ERR,ERR,ERR,ERR,ERR,ERR,ERR,ERR,ERR,ERR,ERR,ERR,ERR,ERR,ERR,60.0,60.0,35,0.0,0.0,0.0,0.0,0.0,0.0,0.0,0.0,0.0,0.0,0.0,0.0,0.0,0.0,0.0,0.0,65.6,0,121,59,44,65476,0,65476,1,4,4,20529,65476,0,0,2621,60.0,0.0,0.0,0.0,0.0,0.0
2026-07-09T15:06:55,ERR,ERR,ERR,ERR,ERR,ERR,ERR,ERR,ERR,ERR,ERR,ERR,ERR,ERR,ERR,ERR,ERR,ERR,ERR,ERR,ERR,ERR,ERR,ERR,ERR,ERR,ERR,ERR,ERR,ERR,ERR,ERR,ERR,ERR,ERR,ERR,ERR,ERR,ERR,ERR,ERR,ERR,ERR,ERR,ERR,ERR,ERR,ERR,ERR,ERR,ERR,ERR,ERR,ERR,ERR,ERR,ERR,ERR,ERR,ERR,ERR,ERR,ERR,ERR,ERR,ERR,ERR,ERR,ERR,ERR,ERR,ERR,ERR,ERR,ERR,ERR,ERR,ERR,ERR,ERR,ERR,ERR,ERR,ERR,ERR,ERR,ERR,ERR,ERR,ERR,ERR,ERR,ERR,ERR,ERR,ERR,ERR,ERR,ERR,ERR,ERR,ERR,ERR,ERR,ERR,ERR,ERR,ERR,ERR,ERR,ERR,ERR,ERR,ERR,ERR,ERR,ERR,ERR,ERR,ERR,ERR,ERR,ERR,ERR,ERR,0.0,-107615928.0,-0.0,0.0,0.0,-2.790183757039161e+21,0.0,-0.0,0,0,4,17404,7116,0.0,100,0.0,0.0,0.0,0.0,0.0,0,0,0,0,0.0,0,0,0,0,0,0,0,0,0,0,0,0,0,0,0,0,0,0,0,0,0,0,0,0,0,0,0,0,0,0,0,0,0,31,40,40,71,65476,0,300,0,0,8,21553,0.0,-107605600.0,0.0,0.0,0.0,0.0,0.0,0.0,0.0,0.0,0.0,0.0,0.0,0.0,0.0,0.0,0.0,0.0,0.0,0.0,0.0,0.0,-0.0,-2.004,0.0,0.0,0.0,0.0,0.0,0.0,4527.0,0.0,6914.0,0.0,-107615928.0,2.004,2.004,0.0,0.0,0.0,0.0,69,-0.0,-0.0,0.0,0.0,0.0,0.0,0.0,0.0,0.0,0,0,0,0.0,0.0,0.0,0.0,0.0,0.0,0.0,0.0,0.0,0.0,0.0,0.0,0.0,0.0,0.0,0.0,0,-107875648.0,69,0.0,138,0.0,2.012,ERR,ERR,ERR,ERR,ERR,ERR,ERR,ERR,ERR,ERR,ERR,ERR,ERR,ERR,ERR,ERR,ERR,ERR,ERR,ERR,ERR,ERR,ERR,ERR,ERR,ERR,ERR,ERR,ERR,ERR,ERR,ERR,ERR,ERR,ERR,ERR,ERR,ERR,ERR,ERR,ERR,ERR,ERR,ERR,ERR,ERR,ERR,ERR,ERR,ERR,ERR,ERR,ERR,ERR,ERR,ERR,ERR,ERR,ERR,ERR,ERR,ERR,ERR,ERR,ERR,ERR,ERR,60.0,60.0,35,0.0,0.0,0.0,0.0,0.0,0.0,0.0,0.0,0.0,0.0,0.0,0.0,0.0,0.0,0.0,0.0,65.2,0,121,58,44,65476,0,65476,1,4,4,20529,65476,0,0,2621,60.0,0.0,0.0,0.0,0.0,0.0
2026-07-09T15:06:56,ERR,ERR,ERR,ERR,ERR,ERR,ERR,ERR,ERR,ERR,ERR,ERR,ERR,ERR,ERR,ERR,ERR,ERR,ERR,ERR,ERR,ERR,ERR,ERR,ERR,ERR,ERR,ERR,ERR,ERR,ERR,ERR,ERR,ERR,ERR,ERR,ERR,ERR,ERR,ERR,ERR,ERR,ERR,ERR,ERR,ERR,ERR,ERR,ERR,ERR,ERR,ERR,ERR,ERR,ERR,ERR,ERR,ERR,ERR,ERR,ERR,ERR,ERR,ERR,ERR,ERR,ERR,ERR,ERR,ERR,ERR,ERR,ERR,ERR,ERR,ERR,ERR,ERR,ERR,ERR,ERR,ERR,ERR,ERR,ERR,ERR,ERR,ERR,ERR,ERR,ERR,ERR,ERR,ERR,ERR,ERR,ERR,ERR,ERR,ERR,ERR,ERR,ERR,ERR,ERR,ERR,ERR,ERR,ERR,ERR,ERR,ERR,ERR,ERR,ERR,ERR,ERR,ERR,ERR,ERR,ERR,ERR,ERR,ERR,ERR,0.0,-107615928.0,-0.0,0.0,0.0,-2.790183757039161e+21,0.0,-0.0,0,0,4,17404,7116,0.0,100,0.0,0.0,0.0,0.0,0.0,0,0,0,0,0.0,0,0,0,0,0,0,0,0,0,0,0,0,0,0,0,0,0,0,0,0,0,0,0,0,0,0,0,0,0,0,0,0,0,31,40,40,71,65476,0,300,0,0,8,21553,0.0,-107605600.0,0.0,0.0,0.0,0.0,0.0,0.0,0.0,0.0,0.0,0.0,0.0,0.0,0.0,0.0,0.0,0.0,0.0,0.0,0.0,0.0,-0.0,-2.004,0.0,0.0,0.0,0.0,0.0,0.0,4527.0,0.0,6914.0,0.0,-107615928.0,2.004,2.004,0.0,0.0,0.0,0.0,69,-0.0,-0.0,0.0,0.0,0.0,0.0,0.0,0.0,0.0,0,0,0,0.0,0.0,0.0,0.0,0.0,0.0,0.0,0.0,0.0,0.0,0.0,0.0,0.0,0.0,0.0,0.0,0,-107875648.0,69,0.0,138,0.0,2.012,ERR,ERR,ERR,ERR,ERR,ERR,ERR,ERR,ERR,ERR,ERR,ERR,ERR,ERR,ERR,ERR,ERR,ERR,ERR,ERR,ERR,ERR,ERR,ERR,ERR,ERR,ERR,ERR,ERR,ERR,ERR,ERR,ERR,ERR,ERR,ERR,ERR,ERR,ERR,ERR,ERR,ERR,ERR,ERR,ERR,ERR,ERR,ERR,ERR,ERR,ERR,ERR,ERR,ERR,ERR,ERR,ERR,ERR,ERR,ERR,ERR,ERR,ERR,ERR,ERR,ERR,ERR,60.0,60.0,35,0.0,0.0,0.0,0.0,0.0,0.0,0.0,0.0,0.0,0.0,0.0,0.0,0.0,0.0,0.0,0.0,65.2,0,121,58,44,65476,0,65476,1,4,4,20529,65476,0,0,2621,60.0,0.0,0.0,0.0,0.0,0.0
2026-07-09T15:06:57,ERR,ERR,ERR,ERR,ERR,ERR,ERR,ERR,ERR,ERR,ERR,ERR,ERR,ERR,ERR,ERR,ERR,ERR,ERR,ERR,ERR,ERR,ERR,ERR,ERR,ERR,ERR,ERR,ERR,ERR,ERR,ERR,ERR,ERR,ERR,ERR,ERR,ERR,ERR,ERR,ERR,ERR,ERR,ERR,ERR,ERR,ERR,ERR,ERR,ERR,ERR,ERR,ERR,ERR,ERR,ERR,ERR,ERR,ERR,ERR,ERR,ERR,ERR,ERR,ERR,ERR,ERR,ERR,ERR,ERR,ERR,ERR,ERR,ERR,ERR,ERR,ERR,ERR,ERR,ERR,ERR,ERR,ERR,ERR,ERR,ERR,ERR,ERR,ERR,ERR,ERR,ERR,ERR,ERR,ERR,ERR,ERR,ERR,ERR,ERR,ERR,ERR,ERR,ERR,ERR,ERR,ERR,ERR,ERR,ERR,ERR,ERR,ERR,ERR,ERR,ERR,ERR,ERR,ERR,ERR,ERR,ERR,ERR,ERR,ERR,0.0,-107615928.0,-0.0,0.0,0.0,-2.790183757039161e+21,0.0,-0.0,0,0,4,17404,7116,0.0,100,0.0,0.0,0.0,0.0,0.0,0,0,0,0,0.0,0,0,0,0,0,0,0,0,0,0,0,0,0,0,0,0,0,0,0,0,0,0,0,0,0,0,0,0,0,0,0,0,0,31,40,40,71,65476,0,300,0,0,8,21553,0.0,-107605600.0,0.0,0.0,0.0,0.0,0.0,0.0,0.0,0.0,0.0,0.0,0.0,0.0,0.0,0.0,0.0,0.0,0.0,0.0,0.0,0.0,-0.0,-2.004,0.0,0.0,0.0,0.0,0.0,0.0,4527.0,0.0,6914.0,0.0,-107615928.0,2.004,2.004,0.0,0.0,0.0,0.0,69,-0.0,-0.0,0.0,0.0,0.0,0.0,0.0,0.0,0.0,0,0,0,0.0,0.0,0.0,0.0,0.0,0.0,0.0,0.0,0.0,0.0,0.0,0.0,0.0,0.0,0.0,0.0,0,-107875648.0,69,0.0,138,0.0,2.012,ERR,ERR,ERR,ERR,ERR,ERR,ERR,ERR,ERR,ERR,ERR,ERR,ERR,ERR,ERR,ERR,ERR,ERR,ERR,ERR,ERR,ERR,ERR,ERR,ERR,ERR,ERR,ERR,ERR,ERR,ERR,ERR,ERR,ERR,ERR,ERR,ERR,ERR,ERR,ERR,ERR,ERR,ERR,ERR,ERR,ERR,ERR,ERR,ERR,ERR,ERR,ERR,ERR,ERR,ERR,ERR,ERR,ERR,ERR,ERR,ERR,ERR,ERR,ERR,ERR,ERR,ERR,60.0,60.0,35,0.0,0.0,0.0,0.0,0.0,0.0,0.0,0.0,0.0,0.0,0.0,0.0,0.0,0.0,0.0,0.0,65.2,0,121,58,44,65476,0,65476,1,4,4,20529,65476,0,0,2621,60.0,0.0,0.0,0.0,0.0,0.0
2026-07-09T15:06:58,ERR,ERR,ERR,ERR,ERR,ERR,ERR,ERR,ERR,ERR,ERR,ERR,ERR,ERR,ERR,ERR,ERR,ERR,ERR,ERR,ERR,ERR,ERR,ERR,ERR,ERR,ERR,ERR,ERR,ERR,ERR,ERR,ERR,ERR,ERR,ERR,ERR,ERR,ERR,ERR,ERR,ERR,ERR,ERR,ERR,ERR,ERR,ERR,ERR,ERR,ERR,ERR,ERR,ERR,ERR,ERR,ERR,ERR,ERR,ERR,ERR,ERR,ERR,ERR,ERR,ERR,ERR,ERR,ERR,ERR,ERR,ERR,ERR,ERR,ERR,ERR,ERR,ERR,ERR,ERR,ERR,ERR,ERR,ERR,ERR,ERR,ERR,ERR,ERR,ERR,ERR,ERR,ERR,ERR,ERR,ERR,ERR,ERR,ERR,ERR,ERR,ERR,ERR,ERR,ERR,ERR,ERR,ERR,ERR,ERR,ERR,ERR,ERR,ERR,ERR,ERR,ERR,ERR,ERR,ERR,ERR,ERR,ERR,ERR,ERR,0.0,-0.0,0.0,0.0,-0.0,-15876500.0,-3.5606519251703387e+22,2.800400217829847e+24,0,0,4,17406,7116,0.0,100,0.0,0.0,0.0,0.0,0.0,0,0,0,0,0.0,0,0,0,0,0,0,0,0,0,0,0,0,0,0,0,0,0,0,0,0,0,0,0,0,0,0,0,0,0,0,0,0,0,31,40,40,71,65476,0,300,0,0,8,21553,0.0,-107605600.0,0.0,0.0,0.0,0.0,0.0,0.0,0.0,0.0,0.0,0.0,0.0,0.0,0.0,0.0,0.0,0.0,0.0,0.0,0.0,0.0,-0.0,-2.004,0.0,0.0,0.0,0.0,0.0,0.0,4514.0,0.0,6915.0,0.0,-0.0,2.004,2.004,0.0,0.0,0.0,0.0,69,0.0,-0.0,0.0,0.0,0.0,0.0,0.0,0.0,0.0,0,0,0,0.0,0.0,0.0,0.0,0.0,0.0,0.0,0.0,0.0,0.0,0.0,0.0,0.0,0.0,0.0,0.0,0,-107875648.0,69,0.0,138,0.0,2.012,ERR,ERR,ERR,ERR,ERR,ERR,ERR,ERR,ERR,ERR,ERR,ERR,ERR,ERR,ERR,ERR,ERR,ERR,ERR,ERR,ERR,ERR,ERR,ERR,ERR,ERR,ERR,ERR,ERR,ERR,ERR,ERR,ERR,ERR,ERR,ERR,ERR,ERR,ERR,ERR,ERR,ERR,ERR,ERR,ERR,ERR,ERR,ERR,ERR,ERR,ERR,ERR,ERR,ERR,ERR,ERR,ERR,ERR,ERR,ERR,ERR,ERR,ERR,ERR,ERR,ERR,ERR,60.0,60.0,35,0.0,0.0,0.0,0.0,0.0,0.0,0.0,0.0,0.0,0.0,0.0,0.0,0.0,0.0,0.0,0.0,65.2,0,121,58,44,65476,0,65476,1,4,4,20529,65476,0,0,2621,60.0,0.0,0.0,0.0,0.0,0.0
2026-07-09T15:06:59,ERR,ERR,ERR,ERR,ERR,ERR,ERR,ERR,ERR,ERR,ERR,ERR,ERR,ERR,ERR,ERR,ERR,ERR,ERR,ERR,ERR,ERR,ERR,ERR,ERR,ERR,ERR,ERR,ERR,ERR,ERR,ERR,ERR,ERR,ERR,ERR,ERR,ERR,ERR,ERR,ERR,ERR,ERR,ERR,ERR,ERR,ERR,ERR,ERR,ERR,ERR,ERR,ERR,ERR,ERR,ERR,ERR,ERR,ERR,ERR,ERR,ERR,ERR,ERR,ERR,ERR,ERR,ERR,ERR,ERR,ERR,ERR,ERR,ERR,ERR,ERR,ERR,ERR,ERR,ERR,ERR,ERR,ERR,ERR,ERR,ERR,ERR,ERR,ERR,ERR,ERR,ERR,ERR,ERR,ERR,ERR,ERR,ERR,ERR,ERR,ERR,ERR,ERR,ERR,ERR,ERR,ERR,ERR,ERR,ERR,ERR,ERR,ERR,ERR,ERR,ERR,ERR,ERR,ERR,ERR,ERR,ERR,ERR,ERR,ERR,0.0,-0.0,0.0,0.0,-0.0,-15876500.0,-3.5606519251703387e+22,2.800400217829847e+24,0,0,4,17406,7116,0.0,100,0.0,0.0,0.0,0.0,0.0,0,0,0,0,0.0,0,0,0,0,0,0,0,0,0,0,0,0,0,0,0,0,0,0,0,0,0,0,0,0,0,0,0,0,0,0,0,0,0,31,40,40,71,65476,0,300,0,0,8,21553,0.0,-107605600.0,0.0,0.0,0.0,0.0,0.0,0.0,0.0,0.0,0.0,0.0,0.0,0.0,0.0,0.0,0.0,0.0,0.0,0.0,0.0,0.0,-0.0,-2.004,0.0,0.0,0.0,0.0,0.0,0.0,4514.0,0.0,6915.0,0.0,-0.0,2.004,2.004,0.0,0.0,0.0,0.0,69,0.0,-0.0,0.0,0.0,0.0,0.0,0.0,0.0,0.0,0,0,0,0.0,0.0,0.0,0.0,0.0,0.0,0.0,0.0,0.0,0.0,0.0,0.0,0.0,0.0,0.0,0.0,0,-107875648.0,69,0.0,138,0.0,2.012,ERR,ERR,ERR,ERR,ERR,ERR,ERR,ERR,ERR,ERR,ERR,ERR,ERR,ERR,ERR,ERR,ERR,ERR,ERR,ERR,ERR,ERR,ERR,ERR,ERR,ERR,ERR,ERR,ERR,ERR,ERR,ERR,ERR,ERR,ERR,ERR,ERR,ERR,ERR,ERR,ERR,ERR,ERR,ERR,ERR,ERR,ERR,ERR,ERR,ERR,ERR,ERR,ERR,ERR,ERR,ERR,ERR,ERR,ERR,ERR,ERR,ERR,ERR,ERR,ERR,ERR,ERR,60.0,60.0,35,0.0,0.0,0.0,0.0,0.0,0.0,0.0,0.0,0.0,0.0,0.0,0.0,0.0,0.0,0.0,0.0,65.2,0,120,58,44,65476,0,65476,1,4,4,20529,65476,0,0,2621,60.0,0.0,0.0,0.0,0.0,0.0
2026-07-09T15:07:00,ERR,ERR,ERR,ERR,ERR,ERR,ERR,ERR,ERR,ERR,ERR,ERR,ERR,ERR,ERR,ERR,ERR,ERR,ERR,ERR,ERR,ERR,ERR,ERR,ERR,ERR,ERR,ERR,ERR,ERR,ERR,ERR,ERR,ERR,ERR,ERR,ERR,ERR,ERR,ERR,ERR,ERR,ERR,ERR,ERR,ERR,ERR,ERR,ERR,ERR,ERR,ERR,ERR,ERR,ERR,ERR,ERR,ERR,ERR,ERR,ERR,ERR,ERR,ERR,ERR,ERR,ERR,ERR,ERR,ERR,ERR,ERR,ERR,ERR,ERR,ERR,ERR,ERR,ERR,ERR,ERR,ERR,ERR,ERR,ERR,ERR,ERR,ERR,ERR,ERR,ERR,ERR,ERR,ERR,ERR,ERR,ERR,ERR,ERR,ERR,ERR,ERR,ERR,ERR,ERR,ERR,ERR,ERR,ERR,ERR,ERR,ERR,ERR,ERR,ERR,ERR,ERR,ERR,ERR,ERR,ERR,ERR,ERR,ERR,ERR,0.0,-0.0,0.0,0.0,-0.0,-15876500.0,-3.5606519251703387e+22,2.800400217829847e+24,0,0,4,17406,7116,0.0,100,0.0,0.0,0.0,0.0,0.0,0,0,0,0,0.0,0,0,0,0,0,0,0,0,0,0,0,0,0,0,0,0,0,0,0,0,0,0,0,0,0,0,0,0,0,0,0,0,0,31,40,40,71,65476,0,300,0,0,8,21553,0.0,-107605600.0,0.0,0.0,0.0,0.0,0.0,0.0,0.0,0.0,0.0,0.0,0.0,0.0,0.0,0.0,0.0,0.0,0.0,0.0,0.0,0.0,-0.0,-2.004,0.0,0.0,0.0,0.0,0.0,0.0,4514.0,0.0,6915.0,0.0,-0.0,2.004,2.004,0.0,0.0,0.0,0.0,69,0.0,-0.0,0.0,0.0,0.0,0.0,0.0,0.0,0.0,0,0,0,0.0,0.0,0.0,0.0,0.0,0.0,0.0,0.0,0.0,0.0,0.0,0.0,0.0,0.0,0.0,0.0,0,-107875648.0,69,0.0,138,0.0,2.012,ERR,ERR,ERR,ERR,ERR,ERR,ERR,ERR,ERR,ERR,ERR,ERR,ERR,ERR,ERR,ERR,ERR,ERR,ERR,ERR,ERR,ERR,ERR,ERR,ERR,ERR,ERR,ERR,ERR,ERR,ERR,ERR,ERR,ERR,ERR,ERR,ERR,ERR,ERR,ERR,ERR,ERR,ERR,ERR,ERR,ERR,ERR,ERR,ERR,ERR,ERR,ERR,ERR,ERR,ERR,ERR,ERR,ERR,ERR,ERR,ERR,ERR,ERR,ERR,ERR,ERR,ERR,60.0,60.0,35,0.0,0.0,0.0,0.0,0.0,0.0,0.0,0.0,0.0,0.0,0.0,0.0,0.0,0.0,0.0,0.0,65.2,0,120,58,44,65476,0,65476,1,4,4,20529,65476,0,0,2621,60.0,0.0,0.0,0.0,0.0,0.0
2026-07-09T15:07:01,ERR,ERR,ERR,ERR,ERR,ERR,ERR,ERR,ERR,ERR,ERR,ERR,ERR,ERR,ERR,ERR,ERR,ERR,ERR,ERR,ERR,ERR,ERR,ERR,ERR,ERR,ERR,ERR,ERR,ERR,ERR,ERR,ERR,ERR,ERR,ERR,ERR,ERR,ERR,ERR,ERR,ERR,ERR,ERR,ERR,ERR,ERR,ERR,ERR,ERR,ERR,ERR,ERR,ERR,ERR,ERR,ERR,ERR,ERR,ERR,ERR,ERR,ERR,ERR,ERR,ERR,ERR,ERR,ERR,ERR,ERR,ERR,ERR,ERR,ERR,ERR,ERR,ERR,ERR,ERR,ERR,ERR,ERR,ERR,ERR,ERR,ERR,ERR,ERR,ERR,ERR,ERR,ERR,ERR,ERR,ERR,ERR,ERR,ERR,ERR,ERR,ERR,ERR,ERR,ERR,ERR,ERR,ERR,ERR,ERR,ERR,ERR,ERR,ERR,ERR,ERR,ERR,ERR,ERR,ERR,ERR,ERR,ERR,ERR,ERR,0.0,-0.0,0.0,0.0,-0.0,-15876500.0,-3.5606519251703387e+22,2.800400217829847e+24,0,0,4,17406,7116,0.0,100,0.0,0.0,0.0,0.0,0.0,0,0,0,0,0.0,0,0,0,0,0,0,0,0,0,0,0,0,0,0,0,0,0,0,0,0,0,0,0,0,0,0,0,0,0,0,0,0,0,31,40,40,71,65476,0,300,0,0,8,21553,0.0,-107605600.0,0.0,0.0,0.0,0.0,0.0,0.0,0.0,0.0,0.0,0.0,0.0,0.0,0.0,0.0,0.0,0.0,0.0,0.0,0.0,0.0,-0.0,-2.004,0.0,0.0,0.0,0.0,0.0,0.0,4514.0,0.0,6915.0,0.0,-0.0,2.004,2.004,0.0,0.0,0.0,0.0,69,0.0,-0.0,0.0,0.0,0.0,0.0,0.0,0.0,0.0,0,0,0,0.0,0.0,0.0,0.0,0.0,0.0,0.0,0.0,0.0,0.0,0.0,0.0,0.0,0.0,0.0,0.0,0,-107875648.0,69,0.0,138,0.0,2.012,ERR,ERR,ERR,ERR,ERR,ERR,ERR,ERR,ERR,ERR,ERR,ERR,ERR,ERR,ERR,ERR,ERR,ERR,ERR,ERR,ERR,ERR,ERR,ERR,ERR,ERR,ERR,ERR,ERR,ERR,ERR,ERR,ERR,ERR,ERR,ERR,ERR,ERR,ERR,ERR,ERR,ERR,ERR,ERR,ERR,ERR,ERR,ERR,ERR,ERR,ERR,ERR,ERR,ERR,ERR,ERR,ERR,ERR,ERR,ERR,ERR,ERR,ERR,ERR,ERR,ERR,ERR,60.0,60.0,35,0.0,0.0,0.0,0.0,0.0,0.0,0.0,0.0,0.0,0.0,0.0,0.0,0.0,0.0,0.0,0.0,65.2,0,120,58,44,65476,0,65476,1,4,4,20529,65476,0,0,2621,60.0,0.0,0.0,0.0,0.0,0.0
2026-07-09T15:07:02,ERR,ERR,ERR,ERR,ERR,ERR,ERR,ERR,ERR,ERR,ERR,ERR,ERR,ERR,ERR,ERR,ERR,ERR,ERR,ERR,ERR,ERR,ERR,ERR,ERR,ERR,ERR,ERR,ERR,ERR,ERR,ERR,ERR,ERR,ERR,ERR,ERR,ERR,ERR,ERR,ERR,ERR,ERR,ERR,ERR,ERR,ERR,ERR,ERR,ERR,ERR,ERR,ERR,ERR,ERR,ERR,ERR,ERR,ERR,ERR,ERR,ERR,ERR,ERR,ERR,ERR,ERR,ERR,ERR,ERR,ERR,ERR,ERR,ERR,ERR,ERR,ERR,ERR,ERR,ERR,ERR,ERR,ERR,ERR,ERR,ERR,ERR,ERR,ERR,ERR,ERR,ERR,ERR,ERR,ERR,ERR,ERR,ERR,ERR,ERR,ERR,ERR,ERR,ERR,ERR,ERR,ERR,ERR,ERR,ERR,ERR,ERR,ERR,ERR,ERR,ERR,ERR,ERR,ERR,ERR,ERR,ERR,ERR,ERR,ERR,0.0,-0.0,0.0,0.0,-0.0,-15876500.0,-3.5606519251703387e+22,2.800400217829847e+24,0,0,4,17406,7116,0.0,100,0.0,0.0,0.0,0.0,0.0,0,0,0,0,0.0,0,0,0,0,0,0,0,0,0,0,0,0,0,0,0,0,0,0,0,0,0,0,0,0,0,0,0,0,0,0,0,0,0,31,40,40,71,65476,0,300,0,0,8,21553,0.0,-107605600.0,0.0,0.0,0.0,0.0,0.0,0.0,0.0,0.0,0.0,0.0,0.0,0.0,0.0,0.0,0.0,0.0,0.0,0.0,0.0,0.0,-0.0,-2.004,0.0,0.0,0.0,0.0,0.0,0.0,4514.0,0.0,6915.0,0.0,-0.0,2.004,2.004,0.0,0.0,0.0,0.0,69,0.0,-0.0,0.0,0.0,0.0,0.0,0.0,0.0,0.0,0,0,0,0.0,0.0,0.0,0.0,0.0,0.0,0.0,0.0,0.0,0.0,0.0,0.0,0.0,0.0,0.0,0.0,0,-107875648.0,69,0.0,138,0.0,2.012,ERR,ERR,ERR,ERR,ERR,ERR,ERR,ERR,ERR,ERR,ERR,ERR,ERR,ERR,ERR,ERR,ERR,ERR,ERR,ERR,ERR,ERR,ERR,ERR,ERR,ERR,ERR,ERR,ERR,ERR,ERR,ERR,ERR,ERR,ERR,ERR,ERR,ERR,ERR,ERR,ERR,ERR,ERR,ERR,ERR,ERR,ERR,ERR,ERR,ERR,ERR,ERR,ERR,ERR,ERR,ERR,ERR,ERR,ERR,ERR,ERR,ERR,ERR,ERR,ERR,ERR,ERR,60.0,60.0,35,0.0,0.0,0.0,0.0,0.0,0.0,0.0,0.0,0.0,0.0,0.0,0.0,0.0,0.0,0.0,0.0,65.6,0,120,58,44,65476,0,65476,1,4,4,20529,65476,0,0,2621,60.0,0.0,0.0,0.0,0.0,0.0
2026-07-09T15:07:03,ERR,ERR,ERR,ERR,ERR,ERR,ERR,ERR,ERR,ERR,ERR,ERR,ERR,ERR,ERR,ERR,ERR,ERR,ERR,ERR,ERR,ERR,ERR,ERR,ERR,ERR,ERR,ERR,ERR,ERR,ERR,ERR,ERR,ERR,ERR,ERR,ERR,ERR,ERR,ERR,ERR,ERR,ERR,ERR,ERR,ERR,ERR,ERR,ERR,ERR,ERR,ERR,ERR,ERR,ERR,ERR,ERR,ERR,ERR,ERR,ERR,ERR,ERR,ERR,ERR,ERR,ERR,ERR,ERR,ERR,ERR,ERR,ERR,ERR,ERR,ERR,ERR,ERR,ERR,ERR,ERR,ERR,ERR,ERR,ERR,ERR,ERR,ERR,ERR,ERR,ERR,ERR,ERR,ERR,ERR,ERR,ERR,ERR,ERR,ERR,ERR,ERR,ERR,ERR,ERR,ERR,ERR,ERR,ERR,ERR,ERR,ERR,ERR,ERR,ERR,ERR,ERR,ERR,ERR,ERR,ERR,ERR,ERR,ERR,ERR,2.7184256974124493e+23,-0.0,-108138944.0,2.718366610185338e+23,-4.769702129703076e+21,0.0,10257.867,-0.0,0,0,4,17403,7116,0.0,100,0.0,0.0,2.718366610185338e+23,0.0,0.0,0,0,0,0,0.0,0,0,0,0,0,0,0,0,0,0,0,0,0,0,0,0,0,0,0,0,0,0,0,0,0,0,0,0,0,0,0,0,0,31,40,40,71,65476,0,300,0,0,8,21553,0.0,-107605600.0,0.0,0.0,0.0,0.0,0.0,0.0,0.0,0.0,0.0,0.0,0.0,0.0,0.0,0.0,0.0,0.0,0.0,0.0,0.0,0.0,0.0,-2.004,0.0,0.0,0.0,0.0,0.0,0.0,4524.0,0.0,6919.0,2.7184256974124493e+23,-0.0,2.004,2.004,0.0,0.0,0.0,0.0,69,2.718424976836509e+23,-71.629,0.0,0.0,0.0,0.0,0.0,0.0,0.0,0,0,0,0.0,0.0,0.0,0.0,0.0,0.0,0.0,0.0,0.0,0.0,0.0,0.0,0.0,0.0,0.0,0.0,0,-107875648.0,69,0.0,138,0.0,2.012,ERR,ERR,ERR,ERR,ERR,ERR,ERR,ERR,ERR,ERR,ERR,ERR,ERR,ERR,ERR,ERR,ERR,ERR,ERR,ERR,ERR,ERR,ERR,ERR,ERR,ERR,ERR,ERR,ERR,ERR,ERR,ERR,ERR,ERR,ERR,ERR,ERR,ERR,ERR,ERR,ERR,ERR,ERR,ERR,ERR,ERR,ERR,ERR,ERR,ERR,ERR,ERR,ERR,ERR,ERR,ERR,ERR,ERR,ERR,ERR,ERR,ERR,ERR,ERR,ERR,ERR,ERR,60.0,60.0,35,0.0,0.0,0.0,0.0,0.0,0.0,0.0,0.0,0.0,0.0,0.0,0.0,0.0,0.0,0.0,0.0,65.6,0,120,58,44,65476,0,65476,1,4,4,20529,65476,0,0,2621,60.0,0.0,0.0,0.0,0.0,0.0
2026-07-09T15:07:04,ERR,ERR,ERR,ERR,ERR,ERR,ERR,ERR,ERR,ERR,ERR,ERR,ERR,ERR,ERR,ERR,ERR,ERR,ERR,ERR,ERR,ERR,ERR,ERR,ERR,ERR,ERR,ERR,ERR,ERR,ERR,ERR,ERR,ERR,ERR,ERR,ERR,ERR,ERR,ERR,ERR,ERR,ERR,ERR,ERR,ERR,ERR,ERR,ERR,ERR,ERR,ERR,ERR,ERR,ERR,ERR,ERR,ERR,ERR,ERR,ERR,ERR,ERR,ERR,ERR,ERR,ERR,ERR,ERR,ERR,ERR,ERR,ERR,ERR,ERR,ERR,ERR,ERR,ERR,ERR,ERR,ERR,ERR,ERR,ERR,ERR,ERR,ERR,ERR,ERR,ERR,ERR,ERR,ERR,ERR,ERR,ERR,ERR,ERR,ERR,ERR,ERR,ERR,ERR,ERR,ERR,ERR,ERR,ERR,ERR,ERR,ERR,ERR,ERR,ERR,ERR,ERR,ERR,ERR,ERR,ERR,ERR,ERR,ERR,ERR,2.7184256974124493e+23,-0.0,-108138944.0,2.718366610185338e+23,-4.769702129703076e+21,0.0,10257.867,-0.0,0,0,4,17403,7116,0.0,100,0.0,0.0,2.718366610185338e+23,0.0,0.0,0,0,0,0,0.0,0,0,0,0,0,0,0,0,0,0,0,0,0,0,0,0,0,0,0,0,0,0,0,0,0,0,0,0,0,0,0,0,0,31,40,40,71,65476,0,300,0,0,8,21553,0.0,-107605600.0,0.0,0.0,0.0,0.0,0.0,0.0,0.0,0.0,0.0,0.0,0.0,0.0,0.0,0.0,0.0,0.0,0.0,0.0,0.0,0.0,0.0,-2.004,0.0,0.0,0.0,0.0,0.0,0.0,4524.0,0.0,6919.0,2.7184256974124493e+23,-0.0,2.004,2.004,0.0,0.0,0.0,0.0,69,2.718424976836509e+23,-71.629,0.0,0.0,0.0,0.0,0.0,0.0,0.0,0,0,0,0.0,0.0,0.0,0.0,0.0,0.0,0.0,0.0,0.0,0.0,0.0,0.0,0.0,0.0,0.0,0.0,0,-107875648.0,69,0.0,138,0.0,2.012,ERR,ERR,ERR,ERR,ERR,ERR,ERR,ERR,ERR,ERR,ERR,ERR,ERR,ERR,ERR,ERR,ERR,ERR,ERR,ERR,ERR,ERR,ERR,ERR,ERR,ERR,ERR,ERR,ERR,ERR,ERR,ERR,ERR,ERR,ERR,ERR,ERR,ERR,ERR,ERR,ERR,ERR,ERR,ERR,ERR,ERR,ERR,ERR,ERR,ERR,ERR,ERR,ERR,ERR,ERR,ERR,ERR,ERR,ERR,ERR,ERR,ERR,ERR,ERR,ERR,ERR,ERR,60.0,60.0,35,0.0,0.0,0.0,0.0,0.0,0.0,0.0,0.0,0.0,0.0,0.0,0.0,0.0,0.0,0.0,0.0,65.6,0,120,58,44,65476,0,65476,1,4,4,20529,65476,0,0,2621,60.0,0.0,0.0,0.0,0.0,0.0
2026-07-09T15:07:05,ERR,ERR,ERR,ERR,ERR,ERR,ERR,ERR,ERR,ERR,ERR,ERR,ERR,ERR,ERR,ERR,ERR,ERR,ERR,ERR,ERR,ERR,ERR,ERR,ERR,ERR,ERR,ERR,ERR,ERR,ERR,ERR,ERR,ERR,ERR,ERR,ERR,ERR,ERR,ERR,ERR,ERR,ERR,ERR,ERR,ERR,ERR,ERR,ERR,ERR,ERR,ERR,ERR,ERR,ERR,ERR,ERR,ERR,ERR,ERR,ERR,ERR,ERR,ERR,ERR,ERR,ERR,ERR,ERR,ERR,ERR,ERR,ERR,ERR,ERR,ERR,ERR,ERR,ERR,ERR,ERR,ERR,ERR,ERR,ERR,ERR,ERR,ERR,ERR,ERR,ERR,ERR,ERR,ERR,ERR,ERR,ERR,ERR,ERR,ERR,ERR,ERR,ERR,ERR,ERR,ERR,ERR,ERR,ERR,ERR,ERR,ERR,ERR,ERR,ERR,ERR,ERR,ERR,ERR,ERR,ERR,ERR,ERR,ERR,ERR,2.7184256974124493e+23,-0.0,-108138944.0,2.718366610185338e+23,-4.769702129703076e+21,0.0,10257.867,-0.0,0,0,4,17403,7116,0.0,100,0.0,0.0,2.718366610185338e+23,0.0,0.0,0,0,0,0,0.0,0,0,0,0,0,0,0,0,0,0,0,0,0,0,0,0,0,0,0,0,0,0,0,0,0,0,0,0,0,0,0,0,0,31,40,40,71,65476,0,300,0,0,8,21553,0.0,-107605600.0,0.0,0.0,0.0,0.0,0.0,0.0,0.0,0.0,0.0,0.0,0.0,0.0,0.0,0.0,0.0,0.0,0.0,0.0,0.0,0.0,0.0,-2.004,0.0,0.0,0.0,0.0,0.0,0.0,4524.0,0.0,6919.0,2.7184256974124493e+23,-0.0,2.004,2.004,0.0,0.0,0.0,0.0,69,2.718424976836509e+23,-71.629,0.0,0.0,0.0,0.0,0.0,0.0,0.0,0,0,0,0.0,0.0,0.0,0.0,0.0,0.0,0.0,0.0,0.0,0.0,0.0,0.0,0.0,0.0,0.0,0.0,0,-107875648.0,69,0.0,138,0.0,2.012,ERR,ERR,ERR,ERR,ERR,ERR,ERR,ERR,ERR,ERR,ERR,ERR,ERR,ERR,ERR,ERR,ERR,ERR,ERR,ERR,ERR,ERR,ERR,ERR,ERR,ERR,ERR,ERR,ERR,ERR,ERR,ERR,ERR,ERR,ERR,ERR,ERR,ERR,ERR,ERR,ERR,ERR,ERR,ERR,ERR,ERR,ERR,ERR,ERR,ERR,ERR,ERR,ERR,ERR,ERR,ERR,ERR,ERR,ERR,ERR,ERR,ERR,ERR,ERR,ERR,ERR,ERR,60.0,60.0,35,0.0,0.0,0.0,0.0,0.0,0.0,0.0,0.0,0.0,0.0,0.0,0.0,0.0,0.0,0.0,0.0,65.6,0,120,58,44,65476,0,65476,1,4,4,20529,65476,0,0,2621,60.0,0.0,0.0,0.0,0.0,0.0
2026-07-09T15:07:06,ERR,ERR,ERR,ERR,ERR,ERR,ERR,ERR,ERR,ERR,ERR,ERR,ERR,ERR,ERR,ERR,ERR,ERR,ERR,ERR,ERR,ERR,ERR,ERR,ERR,ERR,ERR,ERR,ERR,ERR,ERR,ERR,ERR,ERR,ERR,ERR,ERR,ERR,ERR,ERR,ERR,ERR,ERR,ERR,ERR,ERR,ERR,ERR,ERR,ERR,ERR,ERR,ERR,ERR,ERR,ERR,ERR,ERR,ERR,ERR,ERR,ERR,ERR,ERR,ERR,ERR,ERR,ERR,ERR,ERR,ERR,ERR,ERR,ERR,ERR,ERR,ERR,ERR,ERR,ERR,ERR,ERR,ERR,ERR,ERR,ERR,ERR,ERR,ERR,ERR,ERR,ERR,ERR,ERR,ERR,ERR,ERR,ERR,ERR,ERR,ERR,ERR,ERR,ERR,ERR,ERR,ERR,ERR,ERR,ERR,ERR,ERR,ERR,ERR,ERR,ERR,ERR,ERR,ERR,ERR,ERR,ERR,ERR,ERR,ERR,2.7184256974124493e+23,-0.0,-108138944.0,2.718366610185338e+23,-4.769702129703076e+21,0.0,10257.867,-0.0,0,0,4,17403,7116,0.0,100,0.0,0.0,2.718366610185338e+23,0.0,0.0,0,0,0,0,0.0,0,0,0,0,0,0,0,0,0,0,0,0,0,0,0,0,0,0,0,0,0,0,0,0,0,0,0,0,0,0,0,0,0,31,40,40,71,65476,0,300,0,0,8,21553,0.0,-107605600.0,0.0,0.0,0.0,0.0,0.0,0.0,0.0,0.0,0.0,0.0,0.0,0.0,0.0,0.0,0.0,0.0,0.0,0.0,0.0,0.0,0.0,-2.004,0.0,0.0,0.0,0.0,0.0,0.0,4524.0,0.0,6919.0,2.7184256974124493e+23,-0.0,2.004,2.004,0.0,0.0,0.0,0.0,69,2.718424976836509e+23,-71.629,0.0,0.0,0.0,0.0,0.0,0.0,0.0,0,0,0,0.0,0.0,0.0,0.0,0.0,0.0,0.0,0.0,0.0,0.0,0.0,0.0,0.0,0.0,0.0,0.0,0,-107875648.0,69,0.0,138,0.0,2.012,ERR,ERR,ERR,ERR,ERR,ERR,ERR,ERR,ERR,ERR,ERR,ERR,ERR,ERR,ERR,ERR,ERR,ERR,ERR,ERR,ERR,ERR,ERR,ERR,ERR,ERR,ERR,ERR,ERR,ERR,ERR,ERR,ERR,ERR,ERR,ERR,ERR,ERR,ERR,ERR,ERR,ERR,ERR,ERR,ERR,ERR,ERR,ERR,ERR,ERR,ERR,ERR,ERR,ERR,ERR,ERR,ERR,ERR,ERR,ERR,ERR,ERR,ERR,ERR,ERR,ERR,ERR,60.0,60.0,35,0.0,0.0,0.0,0.0,0.0,0.0,0.0,0.0,0.0,0.0,0.0,0.0,0.0,0.0,0.0,0.0,65.2,0,120,58,44,65476,0,65476,1,4,4,20529,65476,0,0,2621,60.0,0.0,0.0,0.0,0.0,0.0
2026-07-09T15:07:07,ERR,ERR,ERR,ERR,ERR,ERR,ERR,ERR,ERR,ERR,ERR,ERR,ERR,ERR,ERR,ERR,ERR,ERR,ERR,ERR,ERR,ERR,ERR,ERR,ERR,ERR,ERR,ERR,ERR,ERR,ERR,ERR,ERR,ERR,ERR,ERR,ERR,ERR,ERR,ERR,ERR,ERR,ERR,ERR,ERR,ERR,ERR,ERR,ERR,ERR,ERR,ERR,ERR,ERR,ERR,ERR,ERR,ERR,ERR,ERR,ERR,ERR,ERR,ERR,ERR,ERR,ERR,ERR,ERR,ERR,ERR,ERR,ERR,ERR,ERR,ERR,ERR,ERR,ERR,ERR,ERR,ERR,ERR,ERR,ERR,ERR,ERR,ERR,ERR,ERR,ERR,ERR,ERR,ERR,ERR,ERR,ERR,ERR,ERR,ERR,ERR,ERR,ERR,ERR,ERR,ERR,ERR,ERR,ERR,ERR,ERR,ERR,ERR,ERR,ERR,ERR,ERR,ERR,ERR,ERR,ERR,ERR,ERR,ERR,ERR,2.7184256974124493e+23,-0.0,-108138944.0,2.718366610185338e+23,-4.769702129703076e+21,0.0,10257.867,-0.0,0,0,4,17403,7116,0.0,100,0.0,0.0,2.718366610185338e+23,0.0,0.0,0,0,0,0,0.0,0,0,0,0,0,0,0,0,0,0,0,0,0,0,0,0,0,0,0,0,0,0,0,0,0,0,0,0,0,0,0,0,0,31,40,40,71,65476,0,300,0,0,8,21553,0.0,-107605600.0,0.0,0.0,0.0,0.0,0.0,0.0,0.0,0.0,0.0,0.0,0.0,0.0,0.0,0.0,0.0,0.0,0.0,0.0,0.0,0.0,0.0,-2.004,0.0,0.0,0.0,0.0,0.0,0.0,4524.0,0.0,6919.0,2.7184256974124493e+23,-0.0,2.004,2.004,0.0,0.0,0.0,0.0,69,2.718424976836509e+23,-71.629,0.0,0.0,0.0,0.0,0.0,0.0,0.0,0,0,0,0.0,0.0,0.0,0.0,0.0,0.0,0.0,0.0,0.0,0.0,0.0,0.0,0.0,0.0,0.0,0.0,0,-107875648.0,69,0.0,138,0.0,2.012,ERR,ERR,ERR,ERR,ERR,ERR,ERR,ERR,ERR,ERR,ERR,ERR,ERR,ERR,ERR,ERR,ERR,ERR,ERR,ERR,ERR,ERR,ERR,ERR,ERR,ERR,ERR,ERR,ERR,ERR,ERR,ERR,ERR,ERR,ERR,ERR,ERR,ERR,ERR,ERR,ERR,ERR,ERR,ERR,ERR,ERR,ERR,ERR,ERR,ERR,ERR,ERR,ERR,ERR,ERR,ERR,ERR,ERR,ERR,ERR,ERR,ERR,ERR,ERR,ERR,ERR,ERR,60.0,60.0,35,0.0,0.0,0.0,0.0,0.0,0.0,0.0,0.0,0.0,0.0,0.0,0.0,0.0,0.0,0.0,0.0,65.2,0,120,58,44,65476,0,65476,1,4,4,20529,65476,0,0,2621,60.0,0.0,0.0,0.0,0.0,0.0
2026-07-09T15:07:08,ERR,ERR,ERR,ERR,ERR,ERR,ERR,ERR,ERR,ERR,ERR,ERR,ERR,ERR,ERR,ERR,ERR,ERR,ERR,ERR,ERR,ERR,ERR,ERR,ERR,ERR,ERR,ERR,ERR,ERR,ERR,ERR,ERR,ERR,ERR,ERR,ERR,ERR,ERR,ERR,ERR,ERR,ERR,ERR,ERR,ERR,ERR,ERR,ERR,ERR,ERR,ERR,ERR,ERR,ERR,ERR,ERR,ERR,ERR,ERR,ERR,ERR,ERR,ERR,ERR,ERR,ERR,ERR,ERR,ERR,ERR,ERR,ERR,ERR,ERR,ERR,ERR,ERR,ERR,ERR,ERR,ERR,ERR,ERR,ERR,ERR,ERR,ERR,ERR,ERR,ERR,ERR,ERR,ERR,ERR,ERR,ERR,ERR,ERR,ERR,ERR,ERR,ERR,ERR,ERR,ERR,ERR,ERR,ERR,ERR,ERR,ERR,ERR,ERR,ERR,ERR,ERR,ERR,ERR,ERR,ERR,ERR,ERR,ERR,ERR,2.7184256974124493e+23,-0.0,-108138944.0,0.0,0.0,0.0,1.2933320316292279e+22,-0.444,0,0,4,17408,7116,0.0,100,0.0,0.0,0.0,0.0,0.0,0,0,0,0,0.0,0,0,0,0,0,0,0,0,0,0,0,0,0,0,0,0,0,0,0,0,0,0,0,0,0,0,0,0,0,0,0,0,0,31,40,40,71,65476,0,300,0,0,8,21553,0.0,-107605600.0,0.0,0.0,0.0,0.0,0.0,0.0,0.0,0.0,0.0,0.0,0.0,0.0,0.0,0.0,0.0,0.0,0.0,0.0,0.0,0.0,0.0,-2.004,0.0,0.0,0.0,0.0,0.0,0.0,4537.0,0.0,6917.0,2.7184256974124493e+23,-0.0,2.004,2.004,0.0,0.0,0.0,0.0,69,5.848071924932707e+35,-0.0,0.0,0.0,0.0,0.0,0.0,0.0,0.0,0,0,0,0.0,0.0,0.0,0.0,0.0,0.0,0.0,0.0,0.0,0.0,0.0,0.0,0.0,0.0,0.0,0.0,0,-107875648.0,69,0.0,138,0.0,2.012,ERR,ERR,ERR,ERR,ERR,ERR,ERR,ERR,ERR,ERR,ERR,ERR,ERR,ERR,ERR,ERR,ERR,ERR,ERR,ERR,ERR,ERR,ERR,ERR,ERR,ERR,ERR,ERR,ERR,ERR,ERR,ERR,ERR,ERR,ERR,ERR,ERR,ERR,ERR,ERR,ERR,ERR,ERR,ERR,ERR,ERR,ERR,ERR,ERR,ERR,ERR,ERR,ERR,ERR,ERR,ERR,ERR,ERR,ERR,ERR,ERR,ERR,ERR,ERR,ERR,ERR,ERR,60.0,60.0,35,0.0,0.0,0.0,0.0,0.0,0.0,0.0,0.0,0.0,0.0,0.0,0.0,0.0,0.0,0.0,0.0,65.2,0,120,58,44,65476,0,65476,1,4,4,20529,65476,0,0,2621,60.0,0.0,0.0,0.0,0.0,0.0
2026-07-09T15:07:09,ERR,ERR,ERR,ERR,ERR,ERR,ERR,ERR,ERR,ERR,ERR,ERR,ERR,ERR,ERR,ERR,ERR,ERR,ERR,ERR,ERR,ERR,ERR,ERR,ERR,ERR,ERR,ERR,ERR,ERR,ERR,ERR,ERR,ERR,ERR,ERR,ERR,ERR,ERR,ERR,ERR,ERR,ERR,ERR,ERR,ERR,ERR,ERR,ERR,ERR,ERR,ERR,ERR,ERR,ERR,ERR,ERR,ERR,ERR,ERR,ERR,ERR,ERR,ERR,ERR,ERR,ERR,ERR,ERR,ERR,ERR,ERR,ERR,ERR,ERR,ERR,ERR,ERR,ERR,ERR,ERR,ERR,ERR,ERR,ERR,ERR,ERR,ERR,ERR,ERR,ERR,ERR,ERR,ERR,ERR,ERR,ERR,ERR,ERR,ERR,ERR,ERR,ERR,ERR,ERR,ERR,ERR,ERR,ERR,ERR,ERR,ERR,ERR,ERR,ERR,ERR,ERR,ERR,ERR,ERR,ERR,ERR,ERR,ERR,ERR,2.7184256974124493e+23,-0.0,-108138944.0,0.0,0.0,0.0,1.2933320316292279e+22,-0.444,0,0,4,17408,7116,0.0,100,0.0,0.0,0.0,0.0,0.0,0,0,0,0,0.0,0,0,0,0,0,0,0,0,0,0,0,0,0,0,0,0,0,0,0,0,0,0,0,0,0,0,0,0,0,0,0,0,0,31,40,40,71,65476,0,300,0,0,8,21553,0.0,-107605600.0,0.0,0.0,0.0,0.0,0.0,0.0,0.0,0.0,0.0,0.0,0.0,0.0,0.0,0.0,0.0,0.0,0.0,0.0,0.0,0.0,0.0,-2.004,0.0,0.0,0.0,0.0,0.0,0.0,4537.0,0.0,6917.0,2.7184256974124493e+23,-0.0,2.004,2.004,0.0,0.0,0.0,0.0,69,5.848071924932707e+35,-0.0,0.0,0.0,0.0,0.0,0.0,0.0,0.0,0,0,0,0.0,0.0,0.0,0.0,0.0,0.0,0.0,0.0,0.0,0.0,0.0,0.0,0.0,0.0,0.0,0.0,0,-107875648.0,69,0.0,138,0.0,2.012,ERR,ERR,ERR,ERR,ERR,ERR,ERR,ERR,ERR,ERR,ERR,ERR,ERR,ERR,ERR,ERR,ERR,ERR,ERR,ERR,ERR,ERR,ERR,ERR,ERR,ERR,ERR,ERR,ERR,ERR,ERR,ERR,ERR,ERR,ERR,ERR,ERR,ERR,ERR,ERR,ERR,ERR,ERR,ERR,ERR,ERR,ERR,ERR,ERR,ERR,ERR,ERR,ERR,ERR,ERR,ERR,ERR,ERR,ERR,ERR,ERR,ERR,ERR,ERR,ERR,ERR,ERR,60.0,60.0,35,0.0,0.0,0.0,0.0,0.0,0.0,0.0,0.0,0.0,0.0,0.0,0.0,0.0,0.0,0.0,0.0,65.2,0,120,58,44,65476,0,65476,1,4,4,20529,65476,0,0,2621,60.0,0.0,0.0,0.0,0.0,0.0
2026-07-09T15:07:10,ERR,ERR,ERR,ERR,ERR,ERR,ERR,ERR,ERR,ERR,ERR,ERR,ERR,ERR,ERR,ERR,ERR,ERR,ERR,ERR,ERR,ERR,ERR,ERR,ERR,ERR,ERR,ERR,ERR,ERR,ERR,ERR,ERR,ERR,ERR,ERR,ERR,ERR,ERR,ERR,ERR,ERR,ERR,ERR,ERR,ERR,ERR,ERR,ERR,ERR,ERR,ERR,ERR,ERR,ERR,ERR,ERR,ERR,ERR,ERR,ERR,ERR,ERR,ERR,ERR,ERR,ERR,ERR,ERR,ERR,ERR,ERR,ERR,ERR,ERR,ERR,ERR,ERR,ERR,ERR,ERR,ERR,ERR,ERR,ERR,ERR,ERR,ERR,ERR,ERR,ERR,ERR,ERR,ERR,ERR,ERR,ERR,ERR,ERR,ERR,ERR,ERR,ERR,ERR,ERR,ERR,ERR,ERR,ERR,ERR,ERR,ERR,ERR,ERR,ERR,ERR,ERR,ERR,ERR,ERR,ERR,ERR,ERR,ERR,ERR,2.7184256974124493e+23,-0.0,-108138944.0,0.0,0.0,0.0,1.2933320316292279e+22,-0.444,0,0,4,17408,7116,0.0,100,0.0,0.0,0.0,0.0,0.0,0,0,0,0,0.0,0,0,0,0,0,0,0,0,0,0,0,0,0,0,0,0,0,0,0,0,0,0,0,0,0,0,0,0,0,0,0,0,0,31,40,40,71,65476,0,300,0,0,8,21553,0.0,-107605600.0,0.0,0.0,0.0,0.0,0.0,0.0,0.0,0.0,0.0,0.0,0.0,0.0,0.0,0.0,0.0,0.0,0.0,0.0,0.0,0.0,0.0,-2.004,0.0,0.0,0.0,0.0,0.0,0.0,4537.0,0.0,6917.0,2.7184256974124493e+23,-0.0,2.004,2.004,0.0,0.0,0.0,0.0,69,5.848071924932707e+35,-0.0,0.0,0.0,0.0,0.0,0.0,0.0,0.0,0,0,0,0.0,0.0,0.0,0.0,0.0,0.0,0.0,0.0,0.0,0.0,0.0,0.0,0.0,0.0,0.0,0.0,0,-107875648.0,69,0.0,138,0.0,2.012,ERR,ERR,ERR,ERR,ERR,ERR,ERR,ERR,ERR,ERR,ERR,ERR,ERR,ERR,ERR,ERR,ERR,ERR,ERR,ERR,ERR,ERR,ERR,ERR,ERR,ERR,ERR,ERR,ERR,ERR,ERR,ERR,ERR,ERR,ERR,ERR,ERR,ERR,ERR,ERR,ERR,ERR,ERR,ERR,ERR,ERR,ERR,ERR,ERR,ERR,ERR,ERR,ERR,ERR,ERR,ERR,ERR,ERR,ERR,ERR,ERR,ERR,ERR,ERR,ERR,ERR,ERR,60.0,60.0,35,0.0,0.0,0.0,0.0,0.0,0.0,0.0,0.0,0.0,0.0,0.0,0.0,0.0,0.0,0.0,0.0,65.2,0,120,58,44,65476,0,65476,1,4,4,20529,65476,0,0,2621,60.0,0.0,0.0,0.0,0.0,0.0
2026-07-09T15:07:11,ERR,ERR,ERR,ERR,ERR,ERR,ERR,ERR,ERR,ERR,ERR,ERR,ERR,ERR,ERR,ERR,ERR,ERR,ERR,ERR,ERR,ERR,ERR,ERR,ERR,ERR,ERR,ERR,ERR,ERR,ERR,ERR,ERR,ERR,ERR,ERR,ERR,ERR,ERR,ERR,ERR,ERR,ERR,ERR,ERR,ERR,ERR,ERR,ERR,ERR,ERR,ERR,ERR,ERR,ERR,ERR,ERR,ERR,ERR,ERR,ERR,ERR,ERR,ERR,ERR,ERR,ERR,ERR,ERR,ERR,ERR,ERR,ERR,ERR,ERR,ERR,ERR,ERR,ERR,ERR,ERR,ERR,ERR,ERR,ERR,ERR,ERR,ERR,ERR,ERR,ERR,ERR,ERR,ERR,ERR,ERR,ERR,ERR,ERR,ERR,ERR,ERR,ERR,ERR,ERR,ERR,ERR,ERR,ERR,ERR,ERR,ERR,ERR,ERR,ERR,ERR,ERR,ERR,ERR,ERR,ERR,ERR,ERR,ERR,ERR,2.7184256974124493e+23,-0.0,-108138944.0,0.0,0.0,0.0,1.2933320316292279e+22,-0.444,0,0,4,17408,7116,0.0,100,0.0,0.0,0.0,0.0,0.0,0,0,0,0,0.0,0,0,0,0,0,0,0,0,0,0,0,0,0,0,0,0,0,0,0,0,0,0,0,0,0,0,0,0,0,0,0,0,0,31,40,40,71,65476,0,300,0,0,8,21553,0.0,-107605600.0,0.0,0.0,0.0,0.0,0.0,0.0,0.0,0.0,0.0,0.0,0.0,0.0,0.0,0.0,0.0,0.0,0.0,0.0,0.0,0.0,0.0,-2.004,0.0,0.0,0.0,0.0,0.0,0.0,4537.0,0.0,6917.0,2.7184256974124493e+23,-0.0,2.004,2.004,0.0,0.0,0.0,0.0,69,5.848071924932707e+35,-0.0,0.0,0.0,0.0,0.0,0.0,0.0,0.0,0,0,0,0.0,0.0,0.0,0.0,0.0,0.0,0.0,0.0,0.0,0.0,0.0,0.0,0.0,0.0,0.0,0.0,0,-107875648.0,69,0.0,138,0.0,2.012,ERR,ERR,ERR,ERR,ERR,ERR,ERR,ERR,ERR,ERR,ERR,ERR,ERR,ERR,ERR,ERR,ERR,ERR,ERR,ERR,ERR,ERR,ERR,ERR,ERR,ERR,ERR,ERR,ERR,ERR,ERR,ERR,ERR,ERR,ERR,ERR,ERR,ERR,ERR,ERR,ERR,ERR,ERR,ERR,ERR,ERR,ERR,ERR,ERR,ERR,ERR,ERR,ERR,ERR,ERR,ERR,ERR,ERR,ERR,ERR,ERR,ERR,ERR,ERR,ERR,ERR,ERR,60.0,60.0,35,0.0,0.0,0.0,0.0,0.0,0.0,0.0,0.0,0.0,0.0,0.0,0.0,0.0,0.0,0.0,0.0,65.2,0,120,58,44,65476,0,300,0,0,8,20529,65476,0,0,2621,60.0,0.0,0.0,0.0,0.0,0.0
2026-07-09T15:07:12,ERR,ERR,ERR,ERR,ERR,ERR,ERR,ERR,ERR,ERR,ERR,ERR,ERR,ERR,ERR,ERR,ERR,ERR,ERR,ERR,ERR,ERR,ERR,ERR,ERR,ERR,ERR,ERR,ERR,ERR,ERR,ERR,ERR,ERR,ERR,ERR,ERR,ERR,ERR,ERR,ERR,ERR,ERR,ERR,ERR,ERR,ERR,ERR,ERR,ERR,ERR,ERR,ERR,ERR,ERR,ERR,ERR,ERR,ERR,ERR,ERR,ERR,ERR,ERR,ERR,ERR,ERR,ERR,ERR,ERR,ERR,ERR,ERR,ERR,ERR,ERR,ERR,ERR,ERR,ERR,ERR,ERR,ERR,ERR,ERR,ERR,ERR,ERR,ERR,ERR,ERR,ERR,ERR,ERR,ERR,ERR,ERR,ERR,ERR,ERR,ERR,ERR,ERR,ERR,ERR,ERR,ERR,ERR,ERR,ERR,ERR,ERR,ERR,ERR,ERR,ERR,ERR,ERR,ERR,ERR,ERR,ERR,ERR,ERR,ERR,2.7184256974124493e+23,-0.0,-108138944.0,0.0,0.0,0.0,1.2933320316292279e+22,-0.444,0,0,4,17408,7116,0.0,100,0.0,0.0,0.0,0.0,0.0,0,0,0,0,0.0,0,0,0,0,0,0,0,0,0,0,0,0,0,0,0,0,0,0,0,0,0,0,0,0,0,0,0,0,0,0,0,0,0,31,40,40,71,65476,0,300,0,0,8,21553,0.0,-107605600.0,0.0,0.0,0.0,0.0,0.0,0.0,0.0,0.0,0.0,0.0,0.0,0.0,0.0,0.0,0.0,0.0,0.0,0.0,0.0,0.0,0.0,-2.004,0.0,0.0,0.0,0.0,0.0,0.0,4537.0,0.0,6917.0,2.7184256974124493e+23,-0.0,2.004,2.004,0.0,0.0,0.0,0.0,69,5.848071924932707e+35,-0.0,0.0,0.0,0.0,0.0,0.0,0.0,0.0,0,0,0,0.0,0.0,0.0,0.0,0.0,0.0,0.0,0.0,0.0,0.0,0.0,0.0,0.0,0.0,0.0,0.0,0,-107875648.0,69,0.0,138,0.0,2.012,ERR,ERR,ERR,ERR,ERR,ERR,ERR,ERR,ERR,ERR,ERR,ERR,ERR,ERR,ERR,ERR,ERR,ERR,ERR,ERR,ERR,ERR,ERR,ERR,ERR,ERR,ERR,ERR,ERR,ERR,ERR,ERR,ERR,ERR,ERR,ERR,ERR,ERR,ERR,ERR,ERR,ERR,ERR,ERR,ERR,ERR,ERR,ERR,ERR,ERR,ERR,ERR,ERR,ERR,ERR,ERR,ERR,ERR,ERR,ERR,ERR,ERR,ERR,ERR,ERR,ERR,ERR,60.0,60.0,35,0.0,0.0,0.0,0.0,0.0,0.0,0.0,0.0,0.0,0.0,0.0,0.0,0.0,0.0,0.0,0.0,65.2,0,120,58,44,65476,0,300,0,0,8,20529,65476,0,0,2621,60.0,0.0,0.0,0.0,0.0,0.0
2026-07-09T15:07:13,ERR,ERR,ERR,ERR,ERR,ERR,ERR,ERR,ERR,ERR,ERR,ERR,ERR,ERR,ERR,ERR,ERR,ERR,ERR,ERR,ERR,ERR,ERR,ERR,ERR,ERR,ERR,ERR,ERR,ERR,ERR,ERR,ERR,ERR,ERR,ERR,ERR,ERR,ERR,ERR,ERR,ERR,ERR,ERR,ERR,ERR,ERR,ERR,ERR,ERR,ERR,ERR,ERR,ERR,ERR,ERR,ERR,ERR,ERR,ERR,ERR,ERR,ERR,ERR,ERR,ERR,ERR,ERR,ERR,ERR,ERR,ERR,ERR,ERR,ERR,ERR,ERR,ERR,ERR,ERR,ERR,ERR,ERR,ERR,ERR,ERR,ERR,ERR,ERR,ERR,ERR,ERR,ERR,ERR,ERR,ERR,ERR,ERR,ERR,ERR,ERR,ERR,ERR,ERR,ERR,ERR,ERR,ERR,ERR,ERR,ERR,ERR,ERR,ERR,ERR,ERR,ERR,ERR,ERR,ERR,ERR,ERR,ERR,ERR,ERR,2.7184256974124493e+23,-107615928.0,0.0,-0.0,-9.620433710890257e+29,-0.0,-0.0,-0.0,0,0,4,17404,7116,0.0,100,0.0,0.0,-0.0,0.0,0.0,0,0,0,0,0.0,0,0,0,0,0,0,0,0,0,0,0,0,0,0,0,0,0,0,0,0,0,0,0,0,0,0,0,0,0,0,0,0,0,31,40,40,71,65476,0,300,0,0,8,21553,0.0,-107605600.0,0.0,0.0,0.0,0.0,0.0,0.0,0.0,0.0,0.0,0.0,0.0,0.0,0.0,0.0,0.0,0.0,0.0,0.0,0.0,0.0,0.0,-3.697063867931689e+19,0.0,0.0,0.0,0.0,0.0,0.0,4520.0,3.697179536554931e+19,6924.0,2.7184256974124493e+23,-107615928.0,2.004,2.004,0.0,0.0,0.0,0.0,69,-152017951522816.0,-3.221995388546138e+26,0.0,0.0,0.0,0.0,0.0,0.0,0.0,0,0,0,0.0,0.0,0.0,0.0,0.0,0.0,0.0,0.0,0.0,0.0,0.0,0.0,0.0,0.0,0.0,0.0,0,-107875648.0,69,0.0,138,0.0,2.012,ERR,ERR,ERR,ERR,ERR,ERR,ERR,ERR,ERR,ERR,ERR,ERR,ERR,ERR,ERR,ERR,ERR,ERR,ERR,ERR,ERR,ERR,ERR,ERR,ERR,ERR,ERR,ERR,ERR,ERR,ERR,ERR,ERR,ERR,ERR,ERR,ERR,ERR,ERR,ERR,ERR,ERR,ERR,ERR,ERR,ERR,ERR,ERR,ERR,ERR,ERR,ERR,ERR,ERR,ERR,ERR,ERR,ERR,ERR,ERR,ERR,ERR,ERR,ERR,ERR,ERR,ERR,60.0,60.0,35,0.0,0.0,0.0,0.0,0.0,0.0,0.0,0.0,0.0,0.0,0.0,0.0,0.0,0.0,0.0,0.0,65.2,0,120,58,44,65476,0,300,0,0,8,20529,65476,0,0,2621,60.0,0.0,0.0,0.0,0.0,0.0
2026-07-09T15:07:14,ERR,ERR,ERR,ERR,ERR,ERR,ERR,ERR,ERR,ERR,ERR,ERR,ERR,ERR,ERR,ERR,ERR,ERR,ERR,ERR,ERR,ERR,ERR,ERR,ERR,ERR,ERR,ERR,ERR,ERR,ERR,ERR,ERR,ERR,ERR,ERR,ERR,ERR,ERR,ERR,ERR,ERR,ERR,ERR,ERR,ERR,ERR,ERR,ERR,ERR,ERR,ERR,ERR,ERR,ERR,ERR,ERR,ERR,ERR,ERR,ERR,ERR,ERR,ERR,ERR,ERR,ERR,ERR,ERR,ERR,ERR,ERR,ERR,ERR,ERR,ERR,ERR,ERR,ERR,ERR,ERR,ERR,ERR,ERR,ERR,ERR,ERR,ERR,ERR,ERR,ERR,ERR,ERR,ERR,ERR,ERR,ERR,ERR,ERR,ERR,ERR,ERR,ERR,ERR,ERR,ERR,ERR,ERR,ERR,ERR,ERR,ERR,ERR,ERR,ERR,ERR,ERR,ERR,ERR,ERR,ERR,ERR,ERR,ERR,ERR,2.7184256974124493e+23,-107615928.0,0.0,-0.0,-9.620433710890257e+29,-0.0,-0.0,-0.0,0,0,4,17404,7116,0.0,100,0.0,0.0,-0.0,0.0,0.0,0,0,0,0,0.0,0,0,0,0,0,0,0,0,0,0,0,0,0,0,0,0,0,0,0,0,0,0,0,0,0,0,0,0,0,0,0,0,0,31,40,40,71,65476,0,300,0,0,8,21553,0.0,-107605600.0,0.0,0.0,0.0,0.0,0.0,0.0,0.0,0.0,0.0,0.0,0.0,0.0,0.0,0.0,0.0,0.0,0.0,0.0,0.0,0.0,0.0,-3.697063867931689e+19,0.0,0.0,0.0,0.0,0.0,0.0,4520.0,3.697179536554931e+19,6924.0,2.7184256974124493e+23,-107615928.0,2.004,2.004,0.0,0.0,0.0,0.0,69,-152017951522816.0,-3.221995388546138e+26,0.0,0.0,0.0,0.0,0.0,0.0,0.0,0,0,0,0.0,0.0,0.0,0.0,0.0,0.0,0.0,0.0,0.0,0.0,0.0,0.0,0.0,0.0,0.0,0.0,0,-107875648.0,69,0.0,138,0.0,2.012,ERR,ERR,ERR,ERR,ERR,ERR,ERR,ERR,ERR,ERR,ERR,ERR,ERR,ERR,ERR,ERR,ERR,ERR,ERR,ERR,ERR,ERR,ERR,ERR,ERR,ERR,ERR,ERR,ERR,ERR,ERR,ERR,ERR,ERR,ERR,ERR,ERR,ERR,ERR,ERR,ERR,ERR,ERR,ERR,ERR,ERR,ERR,ERR,ERR,ERR,ERR,ERR,ERR,ERR,ERR,ERR,ERR,ERR,ERR,ERR,ERR,ERR,ERR,ERR,ERR,ERR,ERR,60.0,60.0,35,0.0,0.0,0.0,0.0,0.0,0.0,0.0,0.0,0.0,0.0,0.0,0.0,0.0,0.0,0.0,0.0,65.2,0,119,58,44,65476,0,300,0,0,8,20529,65476,0,0,2621,60.0,0.0,0.0,0.0,0.0,0.0
2026-07-09T15:07:15,ERR,ERR,ERR,ERR,ERR,ERR,ERR,ERR,ERR,ERR,ERR,ERR,ERR,ERR,ERR,ERR,ERR,ERR,ERR,ERR,ERR,ERR,ERR,ERR,ERR,ERR,ERR,ERR,ERR,ERR,ERR,ERR,ERR,ERR,ERR,ERR,ERR,ERR,ERR,ERR,ERR,ERR,ERR,ERR,ERR,ERR,ERR,ERR,ERR,ERR,ERR,ERR,ERR,ERR,ERR,ERR,ERR,ERR,ERR,ERR,ERR,ERR,ERR,ERR,ERR,ERR,ERR,ERR,ERR,ERR,ERR,ERR,ERR,ERR,ERR,ERR,ERR,ERR,ERR,ERR,ERR,ERR,ERR,ERR,ERR,ERR,ERR,ERR,ERR,ERR,ERR,ERR,ERR,ERR,ERR,ERR,ERR,ERR,ERR,ERR,ERR,ERR,ERR,ERR,ERR,ERR,ERR,ERR,ERR,ERR,ERR,ERR,ERR,ERR,ERR,ERR,ERR,ERR,ERR,ERR,ERR,ERR,ERR,ERR,ERR,2.7184256974124493e+23,-107615928.0,0.0,-0.0,-9.620433710890257e+29,-0.0,-0.0,-0.0,0,0,4,17404,7116,0.0,100,0.0,0.0,-0.0,0.0,0.0,0,0,0,0,0.0,0,0,0,0,0,0,0,0,0,0,0,0,0,0,0,0,0,0,0,0,0,0,0,0,0,0,0,0,0,0,0,0,0,31,40,40,71,65476,0,300,0,0,8,21553,0.0,-107605600.0,0.0,0.0,0.0,0.0,0.0,0.0,0.0,0.0,0.0,0.0,0.0,0.0,0.0,0.0,0.0,0.0,0.0,0.0,0.0,0.0,0.0,-3.697063867931689e+19,0.0,0.0,0.0,0.0,0.0,0.0,4520.0,3.697179536554931e+19,6924.0,2.7184256974124493e+23,-107615928.0,2.004,2.004,0.0,0.0,0.0,0.0,69,-152017951522816.0,-3.221995388546138e+26,0.0,0.0,0.0,0.0,0.0,0.0,0.0,0,0,0,0.0,0.0,0.0,0.0,0.0,0.0,0.0,0.0,0.0,0.0,0.0,0.0,0.0,0.0,0.0,0.0,0,-107875648.0,69,0.0,138,0.0,2.012,ERR,ERR,ERR,ERR,ERR,ERR,ERR,ERR,ERR,ERR,ERR,ERR,ERR,ERR,ERR,ERR,ERR,ERR,ERR,ERR,ERR,ERR,ERR,ERR,ERR,ERR,ERR,ERR,ERR,ERR,ERR,ERR,ERR,ERR,ERR,ERR,ERR,ERR,ERR,ERR,ERR,ERR,ERR,ERR,ERR,ERR,ERR,ERR,ERR,ERR,ERR,ERR,ERR,ERR,ERR,ERR,ERR,ERR,ERR,ERR,ERR,ERR,ERR,ERR,ERR,ERR,ERR,60.0,60.0,35,0.0,0.0,0.0,0.0,0.0,0.0,0.0,0.0,0.0,0.0,0.0,0.0,0.0,0.0,0.0,0.0,65.2,0,119,58,44,65476,0,300,0,0,8,20529,65476,0,0,2621,60.0,0.0,0.0,0.0,0.0,0.0
2026-07-09T15:07:16,ERR,ERR,ERR,ERR,ERR,ERR,ERR,ERR,ERR,ERR,ERR,ERR,ERR,ERR,ERR,ERR,ERR,ERR,ERR,ERR,ERR,ERR,ERR,ERR,ERR,ERR,ERR,ERR,ERR,ERR,ERR,ERR,ERR,ERR,ERR,ERR,ERR,ERR,ERR,ERR,ERR,ERR,ERR,ERR,ERR,ERR,ERR,ERR,ERR,ERR,ERR,ERR,ERR,ERR,ERR,ERR,ERR,ERR,ERR,ERR,ERR,ERR,ERR,ERR,ERR,ERR,ERR,ERR,ERR,ERR,ERR,ERR,ERR,ERR,ERR,ERR,ERR,ERR,ERR,ERR,ERR,ERR,ERR,ERR,ERR,ERR,ERR,ERR,ERR,ERR,ERR,ERR,ERR,ERR,ERR,ERR,ERR,ERR,ERR,ERR,ERR,ERR,ERR,ERR,ERR,ERR,ERR,ERR,ERR,ERR,ERR,ERR,ERR,ERR,ERR,ERR,ERR,ERR,ERR,ERR,ERR,ERR,ERR,ERR,ERR,2.7184256974124493e+23,-107615928.0,0.0,-0.0,-9.620433710890257e+29,-0.0,-0.0,-0.0,0,0,4,17404,7116,0.0,100,0.0,0.0,-0.0,0.0,0.0,0,0,0,0,0.0,0,0,0,0,0,0,0,0,0,0,0,0,0,0,0,0,0,0,0,0,0,0,0,0,0,0,0,0,0,0,0,0,0,31,40,40,71,65476,0,300,0,0,8,21553,0.0,-107605600.0,0.0,0.0,0.0,0.0,0.0,0.0,0.0,0.0,0.0,0.0,0.0,0.0,0.0,0.0,0.0,0.0,0.0,0.0,0.0,0.0,0.0,-3.697063867931689e+19,0.0,0.0,0.0,0.0,0.0,0.0,4520.0,3.697179536554931e+19,6924.0,2.7184256974124493e+23,-107615928.0,2.004,2.004,0.0,0.0,0.0,0.0,69,-152017951522816.0,-3.221995388546138e+26,0.0,0.0,0.0,0.0,0.0,0.0,0.0,0,0,0,0.0,0.0,0.0,0.0,0.0,0.0,0.0,0.0,0.0,0.0,0.0,0.0,0.0,0.0,0.0,0.0,0,-107875648.0,69,0.0,138,0.0,2.012,ERR,ERR,ERR,ERR,ERR,ERR,ERR,ERR,ERR,ERR,ERR,ERR,ERR,ERR,ERR,ERR,ERR,ERR,ERR,ERR,ERR,ERR,ERR,ERR,ERR,ERR,ERR,ERR,ERR,ERR,ERR,ERR,ERR,ERR,ERR,ERR,ERR,ERR,ERR,ERR,ERR,ERR,ERR,ERR,ERR,ERR,ERR,ERR,ERR,ERR,ERR,ERR,ERR,ERR,ERR,ERR,ERR,ERR,ERR,ERR,ERR,ERR,ERR,ERR,ERR,ERR,ERR,60.0,60.0,35,0.0,0.0,0.0,0.0,0.0,0.0,0.0,0.0,0.0,0.0,0.0,0.0,0.0,0.0,0.0,0.0,65.2,0,119,58,44,65476,0,300,0,0,8,20529,65476,0,0,2621,60.0,0.0,0.0,0.0,0.0,0.0
2026-07-09T15:07:17,ERR,ERR,ERR,ERR,ERR,ERR,ERR,ERR,ERR,ERR,ERR,ERR,ERR,ERR,ERR,ERR,ERR,ERR,ERR,ERR,ERR,ERR,ERR,ERR,ERR,ERR,ERR,ERR,ERR,ERR,ERR,ERR,ERR,ERR,ERR,ERR,ERR,ERR,ERR,ERR,ERR,ERR,ERR,ERR,ERR,ERR,ERR,ERR,ERR,ERR,ERR,ERR,ERR,ERR,ERR,ERR,ERR,ERR,ERR,ERR,ERR,ERR,ERR,ERR,ERR,ERR,ERR,ERR,ERR,ERR,ERR,ERR,ERR,ERR,ERR,ERR,ERR,ERR,ERR,ERR,ERR,ERR,ERR,ERR,ERR,ERR,ERR,ERR,ERR,ERR,ERR,ERR,ERR,ERR,ERR,ERR,ERR,ERR,ERR,ERR,ERR,ERR,ERR,ERR,ERR,ERR,ERR,ERR,ERR,ERR,ERR,ERR,ERR,ERR,ERR,ERR,ERR,ERR,ERR,ERR,ERR,ERR,ERR,ERR,ERR,2.7184256974124493e+23,-107615928.0,0.0,-0.0,-9.620433710890257e+29,-0.0,-0.0,-0.0,0,0,4,17404,7116,0.0,100,0.0,0.0,-0.0,0.0,0.0,0,0,0,0,0.0,0,0,0,0,0,0,0,0,0,0,0,0,0,0,0,0,0,0,0,0,0,0,0,0,0,0,0,0,0,0,0,0,0,31,40,40,71,65476,0,300,0,0,8,21553,0.0,-107605600.0,0.0,0.0,0.0,0.0,0.0,0.0,0.0,0.0,0.0,0.0,0.0,0.0,0.0,0.0,0.0,0.0,0.0,0.0,0.0,0.0,0.0,-3.697063867931689e+19,0.0,0.0,0.0,0.0,0.0,0.0,4520.0,3.697179536554931e+19,6924.0,2.7184256974124493e+23,-107615928.0,2.004,2.004,0.0,0.0,0.0,0.0,69,-152017951522816.0,-3.221995388546138e+26,0.0,0.0,0.0,0.0,0.0,0.0,0.0,0,0,0,0.0,0.0,0.0,0.0,0.0,0.0,0.0,0.0,0.0,0.0,0.0,0.0,0.0,0.0,0.0,0.0,0,-107875648.0,69,0.0,138,0.0,2.012,ERR,ERR,ERR,ERR,ERR,ERR,ERR,ERR,ERR,ERR,ERR,ERR,ERR,ERR,ERR,ERR,ERR,ERR,ERR,ERR,ERR,ERR,ERR,ERR,ERR,ERR,ERR,ERR,ERR,ERR,ERR,ERR,ERR,ERR,ERR,ERR,ERR,ERR,ERR,ERR,ERR,ERR,ERR,ERR,ERR,ERR,ERR,ERR,ERR,ERR,ERR,ERR,ERR,ERR,ERR,ERR,ERR,ERR,ERR,ERR,ERR,ERR,ERR,ERR,ERR,ERR,ERR,60.0,60.0,35,0.0,0.0,0.0,0.0,0.0,0.0,0.0,0.0,0.0,0.0,0.0,0.0,0.0,0.0,0.0,0.0,65.2,0,119,58,44,65476,0,300,0,0,8,20529,65476,0,0,2621,60.0,0.0,0.0,0.0,0.0,0.0
2026-07-09T15:07:18,ERR,ERR,ERR,ERR,ERR,ERR,ERR,ERR,ERR,ERR,ERR,ERR,ERR,ERR,ERR,ERR,ERR,ERR,ERR,ERR,ERR,ERR,ERR,ERR,ERR,ERR,ERR,ERR,ERR,ERR,ERR,ERR,ERR,ERR,ERR,ERR,ERR,ERR,ERR,ERR,ERR,ERR,ERR,ERR,ERR,ERR,ERR,ERR,ERR,ERR,ERR,ERR,ERR,ERR,ERR,ERR,ERR,ERR,ERR,ERR,ERR,ERR,ERR,ERR,ERR,ERR,ERR,ERR,ERR,ERR,ERR,ERR,ERR,ERR,ERR,ERR,ERR,ERR,ERR,ERR,ERR,ERR,ERR,ERR,ERR,ERR,ERR,ERR,ERR,ERR,ERR,ERR,ERR,ERR,ERR,ERR,ERR,ERR,ERR,ERR,ERR,ERR,ERR,ERR,ERR,ERR,ERR,ERR,ERR,ERR,ERR,ERR,ERR,ERR,ERR,ERR,ERR,ERR,ERR,ERR,ERR,ERR,ERR,ERR,ERR,2.7184256974124493e+23,-107615928.0,0.0,0.0,-0.0,-0.0,5.852329022228401e+27,-0.0,0,0,4,17406,7116,0.0,100,0.0,0.0,0.0,0.0,0.0,0,0,0,0,0.0,0,0,0,0,0,0,0,0,0,0,0,0,0,0,0,0,0,0,0,0,0,0,0,0,0,0,0,0,0,0,0,0,0,31,40,40,71,65476,0,300,0,0,8,21553,0.0,-107605600.0,0.0,0.0,0.0,0.0,0.0,0.0,0.0,0.0,0.0,0.0,0.0,0.0,0.0,0.0,0.0,0.0,0.0,0.0,0.0,0.0,0.0,-3.697063867931689e+19,0.0,0.0,0.0,0.0,0.0,0.0,4540.0,8608166912.0,6922.0,2.7184256974124493e+23,-107615928.0,2.004,2.004,0.0,0.0,0.0,0.0,69,89220.875,0.0,0.0,0.0,0.0,0.0,0.0,0.0,0.0,0,0,0,0.0,0.0,0.0,0.0,0.0,0.0,0.0,0.0,0.0,0.0,0.0,0.0,0.0,0.0,0.0,0.0,0,-107875648.0,69,0.0,138,0.0,2.012,ERR,ERR,ERR,ERR,ERR,ERR,ERR,ERR,ERR,ERR,ERR,ERR,ERR,ERR,ERR,ERR,ERR,ERR,ERR,ERR,ERR,ERR,ERR,ERR,ERR,ERR,ERR,ERR,ERR,ERR,ERR,ERR,ERR,ERR,ERR,ERR,ERR,ERR,ERR,ERR,ERR,ERR,ERR,ERR,ERR,ERR,ERR,ERR,ERR,ERR,ERR,ERR,ERR,ERR,ERR,ERR,ERR,ERR,ERR,ERR,ERR,ERR,ERR,ERR,ERR,ERR,ERR,60.0,60.0,35,0.0,0.0,0.0,0.0,0.0,0.0,0.0,0.0,0.0,0.0,0.0,0.0,0.0,0.0,0.0,0.0,65.2,0,119,58,44,65476,0,300,0,0,8,20529,65476,0,0,2621,60.0,0.0,0.0,0.0,0.0,0.0
2026-07-09T15:07:19,ERR,ERR,ERR,ERR,ERR,ERR,ERR,ERR,ERR,ERR,ERR,ERR,ERR,ERR,ERR,ERR,ERR,ERR,ERR,ERR,ERR,ERR,ERR,ERR,ERR,ERR,ERR,ERR,ERR,ERR,ERR,ERR,ERR,ERR,ERR,ERR,ERR,ERR,ERR,ERR,ERR,ERR,ERR,ERR,ERR,ERR,ERR,ERR,ERR,ERR,ERR,ERR,ERR,ERR,ERR,ERR,ERR,ERR,ERR,ERR,ERR,ERR,ERR,ERR,ERR,ERR,ERR,ERR,ERR,ERR,ERR,ERR,ERR,ERR,ERR,ERR,ERR,ERR,ERR,ERR,ERR,ERR,ERR,ERR,ERR,ERR,ERR,ERR,ERR,ERR,ERR,ERR,ERR,ERR,ERR,ERR,ERR,ERR,ERR,ERR,ERR,ERR,ERR,ERR,ERR,ERR,ERR,ERR,ERR,ERR,ERR,ERR,ERR,ERR,ERR,ERR,ERR,ERR,ERR,ERR,ERR,ERR,ERR,ERR,ERR,2.7184256974124493e+23,-107615928.0,0.0,0.0,-0.0,-0.0,5.852329022228401e+27,-0.0,0,0,4,17406,7116,0.0,100,0.0,0.0,0.0,0.0,0.0,0,0,0,0,0.0,0,0,0,0,0,0,0,0,0,0,0,0,0,0,0,0,0,0,0,0,0,0,0,0,0,0,0,0,0,0,0,0,0,31,40,40,71,65476,0,300,0,0,8,21553,0.0,-107605600.0,0.0,0.0,0.0,0.0,0.0,0.0,0.0,0.0,0.0,0.0,0.0,0.0,0.0,0.0,0.0,0.0,0.0,0.0,0.0,0.0,0.0,-3.697063867931689e+19,0.0,0.0,0.0,0.0,0.0,0.0,4540.0,8608166912.0,6922.0,2.7184256974124493e+23,-107615928.0,2.004,2.004,0.0,0.0,0.0,0.0,69,89220.875,0.0,0.0,0.0,0.0,0.0,0.0,0.0,0.0,0,0,0,0.0,0.0,0.0,0.0,0.0,0.0,0.0,0.0,0.0,0.0,0.0,0.0,0.0,0.0,0.0,0.0,0,-107875648.0,69,0.0,138,0.0,2.012,ERR,ERR,ERR,ERR,ERR,ERR,ERR,ERR,ERR,ERR,ERR,ERR,ERR,ERR,ERR,ERR,ERR,ERR,ERR,ERR,ERR,ERR,ERR,ERR,ERR,ERR,ERR,ERR,ERR,ERR,ERR,ERR,ERR,ERR,ERR,ERR,ERR,ERR,ERR,ERR,ERR,ERR,ERR,ERR,ERR,ERR,ERR,ERR,ERR,ERR,ERR,ERR,ERR,ERR,ERR,ERR,ERR,ERR,ERR,ERR,ERR,ERR,ERR,ERR,ERR,ERR,ERR,60.0,60.0,35,0.0,0.0,0.0,0.0,0.0,0.0,0.0,0.0,0.0,0.0,0.0,0.0,0.0,0.0,0.0,0.0,65.2,0,119,58,43,65476,0,300,0,0,8,20529,65476,0,0,2621,60.0,0.0,0.0,0.0,0.0,0.0
2026-07-09T15:07:20,ERR,ERR,ERR,ERR,ERR,ERR,ERR,ERR,ERR,ERR,ERR,ERR,ERR,ERR,ERR,ERR,ERR,ERR,ERR,ERR,ERR,ERR,ERR,ERR,ERR,ERR,ERR,ERR,ERR,ERR,ERR,ERR,ERR,ERR,ERR,ERR,ERR,ERR,ERR,ERR,ERR,ERR,ERR,ERR,ERR,ERR,ERR,ERR,ERR,ERR,ERR,ERR,ERR,ERR,ERR,ERR,ERR,ERR,ERR,ERR,ERR,ERR,ERR,ERR,ERR,ERR,ERR,ERR,ERR,ERR,ERR,ERR,ERR,ERR,ERR,ERR,ERR,ERR,ERR,ERR,ERR,ERR,ERR,ERR,ERR,ERR,ERR,ERR,ERR,ERR,ERR,ERR,ERR,ERR,ERR,ERR,ERR,ERR,ERR,ERR,ERR,ERR,ERR,ERR,ERR,ERR,ERR,ERR,ERR,ERR,ERR,ERR,ERR,ERR,ERR,ERR,ERR,ERR,ERR,ERR,ERR,ERR,ERR,ERR,ERR,2.7184256974124493e+23,-107615928.0,0.0,0.0,-0.0,-0.0,5.852329022228401e+27,-0.0,0,0,4,17406,7116,0.0,100,0.0,0.0,0.0,0.0,0.0,0,0,0,0,0.0,0,0,0,0,0,0,0,0,0,0,0,0,0,0,0,0,0,0,0,0,0,0,0,0,0,0,0,0,0,0,0,0,0,31,40,40,71,65476,0,300,0,0,8,21553,0.0,-107605600.0,0.0,0.0,0.0,0.0,0.0,0.0,0.0,0.0,0.0,0.0,0.0,0.0,0.0,0.0,0.0,0.0,0.0,0.0,0.0,0.0,0.0,-3.697063867931689e+19,0.0,0.0,0.0,0.0,0.0,0.0,4540.0,8608166912.0,6922.0,2.7184256974124493e+23,-107615928.0,2.004,2.004,0.0,0.0,0.0,0.0,69,89220.875,0.0,0.0,0.0,0.0,0.0,0.0,0.0,0.0,0,0,0,0.0,0.0,0.0,0.0,0.0,0.0,0.0,0.0,0.0,0.0,0.0,0.0,0.0,0.0,0.0,0.0,0,-107875648.0,69,0.0,138,0.0,2.012,ERR,ERR,ERR,ERR,ERR,ERR,ERR,ERR,ERR,ERR,ERR,ERR,ERR,ERR,ERR,ERR,ERR,ERR,ERR,ERR,ERR,ERR,ERR,ERR,ERR,ERR,ERR,ERR,ERR,ERR,ERR,ERR,ERR,ERR,ERR,ERR,ERR,ERR,ERR,ERR,ERR,ERR,ERR,ERR,ERR,ERR,ERR,ERR,ERR,ERR,ERR,ERR,ERR,ERR,ERR,ERR,ERR,ERR,ERR,ERR,ERR,ERR,ERR,ERR,ERR,ERR,ERR,60.0,60.0,35,0.0,0.0,0.0,0.0,0.0,0.0,0.0,0.0,0.0,0.0,0.0,0.0,0.0,0.0,0.0,0.0,65.2,0,119,58,43,65476,0,300,0,0,8,20529,65476,0,0,2621,60.0,0.0,0.0,0.0,0.0,0.0
2026-07-09T15:07:21,ERR,ERR,ERR,ERR,ERR,ERR,ERR,ERR,ERR,ERR,ERR,ERR,ERR,ERR,ERR,ERR,ERR,ERR,ERR,ERR,ERR,ERR,ERR,ERR,ERR,ERR,ERR,ERR,ERR,ERR,ERR,ERR,ERR,ERR,ERR,ERR,ERR,ERR,ERR,ERR,ERR,ERR,ERR,ERR,ERR,ERR,ERR,ERR,ERR,ERR,ERR,ERR,ERR,ERR,ERR,ERR,ERR,ERR,ERR,ERR,ERR,ERR,ERR,ERR,ERR,ERR,ERR,ERR,ERR,ERR,ERR,ERR,ERR,ERR,ERR,ERR,ERR,ERR,ERR,ERR,ERR,ERR,ERR,ERR,ERR,ERR,ERR,ERR,ERR,ERR,ERR,ERR,ERR,ERR,ERR,ERR,ERR,ERR,ERR,ERR,ERR,ERR,ERR,ERR,ERR,ERR,ERR,ERR,ERR,ERR,ERR,ERR,ERR,ERR,ERR,ERR,ERR,ERR,ERR,ERR,ERR,ERR,ERR,ERR,ERR,2.7184256974124493e+23,-107615928.0,0.0,0.0,-0.0,-0.0,5.852329022228401e+27,-0.0,0,0,4,17406,7116,0.0,100,0.0,0.0,0.0,0.0,0.0,0,0,0,0,0.0,0,0,0,0,0,0,0,0,0,0,0,0,0,0,0,0,0,0,0,0,0,0,0,0,0,0,0,0,0,0,0,0,0,31,40,40,71,65476,0,300,0,0,8,21553,0.0,-107605600.0,0.0,0.0,0.0,0.0,0.0,0.0,0.0,0.0,0.0,0.0,0.0,0.0,0.0,0.0,0.0,0.0,0.0,0.0,0.0,0.0,0.0,-3.697063867931689e+19,0.0,0.0,0.0,0.0,0.0,0.0,4540.0,8608166912.0,6922.0,2.7184256974124493e+23,-107615928.0,2.004,2.004,0.0,0.0,0.0,0.0,69,89220.875,0.0,0.0,0.0,0.0,0.0,0.0,0.0,0.0,0,0,0,0.0,0.0,0.0,0.0,0.0,0.0,0.0,0.0,0.0,0.0,0.0,0.0,0.0,0.0,0.0,0.0,0,-107875648.0,69,0.0,138,0.0,2.012,ERR,ERR,ERR,ERR,ERR,ERR,ERR,ERR,ERR,ERR,ERR,ERR,ERR,ERR,ERR,ERR,ERR,ERR,ERR,ERR,ERR,ERR,ERR,ERR,ERR,ERR,ERR,ERR,ERR,ERR,ERR,ERR,ERR,ERR,ERR,ERR,ERR,ERR,ERR,ERR,ERR,ERR,ERR,ERR,ERR,ERR,ERR,ERR,ERR,ERR,ERR,ERR,ERR,ERR,ERR,ERR,ERR,ERR,ERR,ERR,ERR,ERR,ERR,ERR,ERR,ERR,ERR,60.0,60.0,35,0.0,0.0,0.0,0.0,0.0,0.0,0.0,0.0,0.0,0.0,0.0,0.0,0.0,0.0,0.0,0.0,65.6,0,119,57,43,65476,0,300,0,0,8,20529,65476,0,0,2621,60.0,0.0,0.0,0.0,0.0,0.0
2026-07-09T15:07:22,ERR,ERR,ERR,ERR,ERR,ERR,ERR,ERR,ERR,ERR,ERR,ERR,ERR,ERR,ERR,ERR,ERR,ERR,ERR,ERR,ERR,ERR,ERR,ERR,ERR,ERR,ERR,ERR,ERR,ERR,ERR,ERR,ERR,ERR,ERR,ERR,ERR,ERR,ERR,ERR,ERR,ERR,ERR,ERR,ERR,ERR,ERR,ERR,ERR,ERR,ERR,ERR,ERR,ERR,ERR,ERR,ERR,ERR,ERR,ERR,ERR,ERR,ERR,ERR,ERR,ERR,ERR,ERR,ERR,ERR,ERR,ERR,ERR,ERR,ERR,ERR,ERR,ERR,ERR,ERR,ERR,ERR,ERR,ERR,ERR,ERR,ERR,ERR,ERR,ERR,ERR,ERR,ERR,ERR,ERR,ERR,ERR,ERR,ERR,ERR,ERR,ERR,ERR,ERR,ERR,ERR,ERR,ERR,ERR,ERR,ERR,ERR,ERR,ERR,ERR,ERR,ERR,ERR,ERR,ERR,ERR,ERR,ERR,ERR,ERR,2.7184256974124493e+23,-107615928.0,0.0,0.0,-0.0,-0.0,5.852329022228401e+27,-0.0,0,0,4,17406,7116,0.0,100,0.0,0.0,0.0,0.0,0.0,0,0,0,0,0.0,0,0,0,0,0,0,0,0,0,0,0,0,0,0,0,0,0,0,0,0,0,0,0,0,0,0,0,0,0,0,0,0,0,31,40,40,71,65476,0,300,0,0,8,21553,0.0,-107605600.0,0.0,0.0,0.0,0.0,0.0,0.0,0.0,0.0,0.0,0.0,0.0,0.0,0.0,0.0,0.0,0.0,0.0,0.0,0.0,0.0,0.0,-3.697063867931689e+19,0.0,0.0,0.0,0.0,0.0,0.0,4540.0,8608166912.0,6922.0,2.7184256974124493e+23,-107615928.0,2.004,2.004,0.0,0.0,0.0,0.0,69,89220.875,0.0,0.0,0.0,0.0,0.0,0.0,0.0,0.0,0,0,0,0.0,0.0,0.0,0.0,0.0,0.0,0.0,0.0,0.0,0.0,0.0,0.0,0.0,0.0,0.0,0.0,0,-107875648.0,69,0.0,138,0.0,2.012,ERR,ERR,ERR,ERR,ERR,ERR,ERR,ERR,ERR,ERR,ERR,ERR,ERR,ERR,ERR,ERR,ERR,ERR,ERR,ERR,ERR,ERR,ERR,ERR,ERR,ERR,ERR,ERR,ERR,ERR,ERR,ERR,ERR,ERR,ERR,ERR,ERR,ERR,ERR,ERR,ERR,ERR,ERR,ERR,ERR,ERR,ERR,ERR,ERR,ERR,ERR,ERR,ERR,ERR,ERR,ERR,ERR,ERR,ERR,ERR,ERR,ERR,ERR,ERR,ERR,ERR,ERR,60.0,60.0,35,0.0,0.0,0.0,0.0,0.0,0.0,0.0,0.0,0.0,0.0,0.0,0.0,0.0,0.0,0.0,0.0,65.2,0,119,57,43,65476,0,300,0,0,8,20529,65476,0,0,2621,60.0,0.0,0.0,0.0,0.0,0.0
2026-07-09T15:07:23,ERR,ERR,ERR,ERR,ERR,ERR,ERR,ERR,ERR,ERR,ERR,ERR,ERR,ERR,ERR,ERR,ERR,ERR,ERR,ERR,ERR,ERR,ERR,ERR,ERR,ERR,ERR,ERR,ERR,ERR,ERR,ERR,ERR,ERR,ERR,ERR,ERR,ERR,ERR,ERR,ERR,ERR,ERR,ERR,ERR,ERR,ERR,ERR,ERR,ERR,ERR,ERR,ERR,ERR,ERR,ERR,ERR,ERR,ERR,ERR,ERR,ERR,ERR,ERR,ERR,ERR,ERR,ERR,ERR,ERR,ERR,ERR,ERR,ERR,ERR,ERR,ERR,ERR,ERR,ERR,ERR,ERR,ERR,ERR,ERR,ERR,ERR,ERR,ERR,ERR,ERR,ERR,ERR,ERR,ERR,ERR,ERR,ERR,ERR,ERR,ERR,ERR,ERR,ERR,ERR,ERR,ERR,ERR,ERR,ERR,ERR,ERR,ERR,ERR,ERR,ERR,ERR,ERR,ERR,ERR,ERR,ERR,ERR,ERR,ERR,-107615152.0,-107615928.0,-107614656.0,2.718366610185338e+23,-4.732808641555657e+21,2.3599629385593907e+36,6.637344877581435e+19,5.355872529853316e+32,0,0,4,17403,7116,0.0,100,0.0,0.0,2.718366610185338e+23,0.0,0.0,0,0,0,0,0.0,0,0,0,0,0,0,0,0,0,0,0,0,0,0,0,0,0,0,0,0,0,0,0,0,0,0,0,0,0,0,0,0,0,31,40,40,71,65476,0,300,0,0,8,21553,0.0,-107605600.0,0.0,0.0,0.0,0.0,0.0,0.0,0.0,0.0,0.0,0.0,0.0,0.0,0.0,0.0,0.0,0.0,0.0,0.0,0.0,0.0,2.004,-3.697063867931689e+19,0.0,0.0,0.0,0.0,0.0,0.0,4522.0,1.5879265196943865e+29,6926.0,-107615152.0,-107615928.0,2.004,2.004,0.0,0.0,0.0,0.0,69,-71.63,0.0,0.0,0.0,0.0,0.0,0.0,0.0,0.0,0,0,0,0.0,0.0,0.0,0.0,0.0,0.0,0.0,0.0,0.0,0.0,0.0,0.0,0.0,0.0,0.0,0.0,0,-107875648.0,69,0.0,138,0.0,2.012,ERR,ERR,ERR,ERR,ERR,ERR,ERR,ERR,ERR,ERR,ERR,ERR,ERR,ERR,ERR,ERR,ERR,ERR,ERR,ERR,ERR,ERR,ERR,ERR,ERR,ERR,ERR,ERR,ERR,ERR,ERR,ERR,ERR,ERR,ERR,ERR,ERR,ERR,ERR,ERR,ERR,ERR,ERR,ERR,ERR,ERR,ERR,ERR,ERR,ERR,ERR,ERR,ERR,ERR,ERR,ERR,ERR,ERR,ERR,ERR,ERR,ERR,ERR,ERR,ERR,ERR,ERR,60.0,60.0,35,0.0,0.0,0.0,0.0,0.0,0.0,0.0,0.0,0.0,0.0,0.0,0.0,0.0,0.0,0.0,0.0,65.2,0,119,57,43,65476,0,300,0,0,8,20529,65476,0,0,2621,60.0,0.0,0.0,0.0,0.0,0.0
2026-07-09T15:07:24,ERR,ERR,ERR,ERR,ERR,ERR,ERR,ERR,ERR,ERR,ERR,ERR,ERR,ERR,ERR,ERR,ERR,ERR,ERR,ERR,ERR,ERR,ERR,ERR,ERR,ERR,ERR,ERR,ERR,ERR,ERR,ERR,ERR,ERR,ERR,ERR,ERR,ERR,ERR,ERR,ERR,ERR,ERR,ERR,ERR,ERR,ERR,ERR,ERR,ERR,ERR,ERR,ERR,ERR,ERR,ERR,ERR,ERR,ERR,ERR,ERR,ERR,ERR,ERR,ERR,ERR,ERR,ERR,ERR,ERR,ERR,ERR,ERR,ERR,ERR,ERR,ERR,ERR,ERR,ERR,ERR,ERR,ERR,ERR,ERR,ERR,ERR,ERR,ERR,ERR,ERR,ERR,ERR,ERR,ERR,ERR,ERR,ERR,ERR,ERR,ERR,ERR,ERR,ERR,ERR,ERR,ERR,ERR,ERR,ERR,ERR,ERR,ERR,ERR,ERR,ERR,ERR,ERR,ERR,ERR,ERR,ERR,ERR,ERR,ERR,-107615152.0,-107615928.0,-107614656.0,2.718366610185338e+23,-4.732808641555657e+21,2.3599629385593907e+36,6.637344877581435e+19,5.355872529853316e+32,0,0,4,17403,7116,0.0,100,0.0,0.0,2.718366610185338e+23,0.0,0.0,0,0,0,0,0.0,0,0,0,0,0,0,0,0,0,0,0,0,0,0,0,0,0,0,0,0,0,0,0,0,0,0,0,0,0,0,0,0,0,31,40,40,71,65476,0,300,0,0,8,21553,0.0,-107605600.0,0.0,0.0,0.0,0.0,0.0,0.0,0.0,0.0,0.0,0.0,0.0,0.0,0.0,0.0,0.0,0.0,0.0,0.0,0.0,0.0,2.004,-3.697063867931689e+19,0.0,0.0,0.0,0.0,0.0,0.0,4522.0,1.5879265196943865e+29,6926.0,-107615152.0,-107615928.0,2.004,2.004,0.0,0.0,0.0,0.0,69,-71.63,0.0,0.0,0.0,0.0,0.0,0.0,0.0,0.0,0,0,0,0.0,0.0,0.0,0.0,0.0,0.0,0.0,0.0,0.0,0.0,0.0,0.0,0.0,0.0,0.0,0.0,0,-107875648.0,69,0.0,138,0.0,2.012,ERR,ERR,ERR,ERR,ERR,ERR,ERR,ERR,ERR,ERR,ERR,ERR,ERR,ERR,ERR,ERR,ERR,ERR,ERR,ERR,ERR,ERR,ERR,ERR,ERR,ERR,ERR,ERR,ERR,ERR,ERR,ERR,ERR,ERR,ERR,ERR,ERR,ERR,ERR,ERR,ERR,ERR,ERR,ERR,ERR,ERR,ERR,ERR,ERR,ERR,ERR,ERR,ERR,ERR,ERR,ERR,ERR,ERR,ERR,ERR,ERR,ERR,ERR,ERR,ERR,ERR,ERR,60.0,60.0,35,0.0,0.0,0.0,0.0,0.0,0.0,0.0,0.0,0.0,0.0,0.0,0.0,0.0,0.0,0.0,0.0,65.2,0,119,57,43,65476,0,300,0,0,8,20529,65476,0,0,2621,60.0,0.0,0.0,0.0,0.0,0.0
2026-07-09T15:07:25,ERR,ERR,ERR,ERR,ERR,ERR,ERR,ERR,ERR,ERR,ERR,ERR,ERR,ERR,ERR,ERR,ERR,ERR,ERR,ERR,ERR,ERR,ERR,ERR,ERR,ERR,ERR,ERR,ERR,ERR,ERR,ERR,ERR,ERR,ERR,ERR,ERR,ERR,ERR,ERR,ERR,ERR,ERR,ERR,ERR,ERR,ERR,ERR,ERR,ERR,ERR,ERR,ERR,ERR,ERR,ERR,ERR,ERR,ERR,ERR,ERR,ERR,ERR,ERR,ERR,ERR,ERR,ERR,ERR,ERR,ERR,ERR,ERR,ERR,ERR,ERR,ERR,ERR,ERR,ERR,ERR,ERR,ERR,ERR,ERR,ERR,ERR,ERR,ERR,ERR,ERR,ERR,ERR,ERR,ERR,ERR,ERR,ERR,ERR,ERR,ERR,ERR,ERR,ERR,ERR,ERR,ERR,ERR,ERR,ERR,ERR,ERR,ERR,ERR,ERR,ERR,ERR,ERR,ERR,ERR,ERR,ERR,ERR,ERR,ERR,-107615152.0,-107615928.0,-107614656.0,2.718366610185338e+23,-4.732808641555657e+21,2.3599629385593907e+36,6.637344877581435e+19,5.355872529853316e+32,0,0,4,17403,7116,0.0,100,0.0,0.0,2.718366610185338e+23,0.0,0.0,0,0,0,0,0.0,0,0,0,0,0,0,0,0,0,0,0,0,0,0,0,0,0,0,0,0,0,0,0,0,0,0,0,0,0,0,0,0,0,31,40,40,71,65476,0,300,0,0,8,21553,0.0,-107605600.0,0.0,0.0,0.0,0.0,0.0,0.0,0.0,0.0,0.0,0.0,0.0,0.0,0.0,0.0,0.0,0.0,0.0,0.0,0.0,0.0,2.004,-3.697063867931689e+19,0.0,0.0,0.0,0.0,0.0,0.0,4522.0,1.5879265196943865e+29,6926.0,-107615152.0,-107615928.0,2.004,2.004,0.0,0.0,0.0,0.0,69,-71.63,0.0,0.0,0.0,0.0,0.0,0.0,0.0,0.0,0,0,0,0.0,0.0,0.0,0.0,0.0,0.0,0.0,0.0,0.0,0.0,0.0,0.0,0.0,0.0,0.0,0.0,0,-107875648.0,69,0.0,138,0.0,2.012,ERR,ERR,ERR,ERR,ERR,ERR,ERR,ERR,ERR,ERR,ERR,ERR,ERR,ERR,ERR,ERR,ERR,ERR,ERR,ERR,ERR,ERR,ERR,ERR,ERR,ERR,ERR,ERR,ERR,ERR,ERR,ERR,ERR,ERR,ERR,ERR,ERR,ERR,ERR,ERR,ERR,ERR,ERR,ERR,ERR,ERR,ERR,ERR,ERR,ERR,ERR,ERR,ERR,ERR,ERR,ERR,ERR,ERR,ERR,ERR,ERR,ERR,ERR,ERR,ERR,ERR,ERR,60.0,60.0,35,0.0,0.0,0.0,0.0,0.0,0.0,0.0,0.0,0.0,0.0,0.0,0.0,0.0,0.0,0.0,0.0,65.2,0,119,57,43,65476,0,300,0,0,8,20529,65476,0,0,2621,60.0,0.0,0.0,0.0,0.0,0.0
2026-07-09T15:07:26,ERR,ERR,ERR,ERR,ERR,ERR,ERR,ERR,ERR,ERR,ERR,ERR,ERR,ERR,ERR,ERR,ERR,ERR,ERR,ERR,ERR,ERR,ERR,ERR,ERR,ERR,ERR,ERR,ERR,ERR,ERR,ERR,ERR,ERR,ERR,ERR,ERR,ERR,ERR,ERR,ERR,ERR,ERR,ERR,ERR,ERR,ERR,ERR,ERR,ERR,ERR,ERR,ERR,ERR,ERR,ERR,ERR,ERR,ERR,ERR,ERR,ERR,ERR,ERR,ERR,ERR,ERR,ERR,ERR,ERR,ERR,ERR,ERR,ERR,ERR,ERR,ERR,ERR,ERR,ERR,ERR,ERR,ERR,ERR,ERR,ERR,ERR,ERR,ERR,ERR,ERR,ERR,ERR,ERR,ERR,ERR,ERR,ERR,ERR,ERR,ERR,ERR,ERR,ERR,ERR,ERR,ERR,ERR,ERR,ERR,ERR,ERR,ERR,ERR,ERR,ERR,ERR,ERR,ERR,ERR,ERR,ERR,ERR,ERR,ERR,-107615152.0,-107615928.0,-107614656.0,2.718366610185338e+23,-4.732808641555657e+21,2.3599629385593907e+36,6.637344877581435e+19,5.355872529853316e+32,0,0,4,17403,7116,0.0,100,0.0,0.0,2.718366610185338e+23,0.0,0.0,0,0,0,0,0.0,0,0,0,0,0,0,0,0,0,0,0,0,0,0,0,0,0,0,0,0,0,0,0,0,0,0,0,0,0,0,0,0,0,31,40,40,71,65476,0,300,0,0,8,21553,0.0,-107605600.0,0.0,0.0,0.0,0.0,0.0,0.0,0.0,0.0,0.0,0.0,0.0,0.0,0.0,0.0,0.0,0.0,0.0,0.0,0.0,0.0,2.004,-3.697063867931689e+19,0.0,0.0,0.0,0.0,0.0,0.0,4522.0,1.5879265196943865e+29,6926.0,-107615152.0,-107615928.0,2.004,2.004,0.0,0.0,0.0,0.0,69,-71.63,0.0,0.0,0.0,0.0,0.0,0.0,0.0,0.0,0,0,0,0.0,0.0,0.0,0.0,0.0,0.0,0.0,0.0,0.0,0.0,0.0,0.0,0.0,0.0,0.0,0.0,0,-107875648.0,69,0.0,138,0.0,2.012,ERR,ERR,ERR,ERR,ERR,ERR,ERR,ERR,ERR,ERR,ERR,ERR,ERR,ERR,ERR,ERR,ERR,ERR,ERR,ERR,ERR,ERR,ERR,ERR,ERR,ERR,ERR,ERR,ERR,ERR,ERR,ERR,ERR,ERR,ERR,ERR,ERR,ERR,ERR,ERR,ERR,ERR,ERR,ERR,ERR,ERR,ERR,ERR,ERR,ERR,ERR,ERR,ERR,ERR,ERR,ERR,ERR,ERR,ERR,ERR,ERR,ERR,ERR,ERR,ERR,ERR,ERR,60.0,60.0,35,0.0,0.0,0.0,0.0,0.0,0.0,0.0,0.0,0.0,0.0,0.0,0.0,0.0,0.0,0.0,0.0,65.2,0,119,57,43,65476,0,300,0,0,8,20529,65476,0,0,2621,60.0,0.0,0.0,0.0,0.0,0.0
2026-07-09T15:07:27,ERR,ERR,ERR,ERR,ERR,ERR,ERR,ERR,ERR,ERR,ERR,ERR,ERR,ERR,ERR,ERR,ERR,ERR,ERR,ERR,ERR,ERR,ERR,ERR,ERR,ERR,ERR,ERR,ERR,ERR,ERR,ERR,ERR,ERR,ERR,ERR,ERR,ERR,ERR,ERR,ERR,ERR,ERR,ERR,ERR,ERR,ERR,ERR,ERR,ERR,ERR,ERR,ERR,ERR,ERR,ERR,ERR,ERR,ERR,ERR,ERR,ERR,ERR,ERR,ERR,ERR,ERR,ERR,ERR,ERR,ERR,ERR,ERR,ERR,ERR,ERR,ERR,ERR,ERR,ERR,ERR,ERR,ERR,ERR,ERR,ERR,ERR,ERR,ERR,ERR,ERR,ERR,ERR,ERR,ERR,ERR,ERR,ERR,ERR,ERR,ERR,ERR,ERR,ERR,ERR,ERR,ERR,ERR,ERR,ERR,ERR,ERR,ERR,ERR,ERR,ERR,ERR,ERR,ERR,ERR,ERR,ERR,ERR,ERR,ERR,-107615152.0,-107615928.0,-107614656.0,2.718366610185338e+23,-4.732808641555657e+21,2.3599629385593907e+36,6.637344877581435e+19,5.355872529853316e+32,0,0,4,17403,7116,0.0,100,0.0,0.0,2.718366610185338e+23,0.0,0.0,0,0,0,0,0.0,0,0,0,0,0,0,0,0,0,0,0,0,0,0,0,0,0,0,0,0,0,0,0,0,0,0,0,0,0,0,0,0,0,31,40,40,71,65476,0,300,0,0,8,21553,0.0,-107605600.0,0.0,0.0,0.0,0.0,0.0,0.0,0.0,0.0,0.0,0.0,0.0,0.0,0.0,0.0,0.0,0.0,0.0,0.0,0.0,0.0,2.004,-3.697063867931689e+19,0.0,0.0,0.0,0.0,0.0,0.0,4522.0,1.5879265196943865e+29,6926.0,-107615152.0,-107615928.0,2.004,2.004,0.0,0.0,0.0,0.0,69,-71.63,0.0,0.0,0.0,0.0,0.0,0.0,0.0,0.0,0,0,0,0.0,0.0,0.0,0.0,0.0,0.0,0.0,0.0,0.0,0.0,0.0,0.0,0.0,0.0,0.0,0.0,0,-107875648.0,69,0.0,138,0.0,2.012,ERR,ERR,ERR,ERR,ERR,ERR,ERR,ERR,ERR,ERR,ERR,ERR,ERR,ERR,ERR,ERR,ERR,ERR,ERR,ERR,ERR,ERR,ERR,ERR,ERR,ERR,ERR,ERR,ERR,ERR,ERR,ERR,ERR,ERR,ERR,ERR,ERR,ERR,ERR,ERR,ERR,ERR,ERR,ERR,ERR,ERR,ERR,ERR,ERR,ERR,ERR,ERR,ERR,ERR,ERR,ERR,ERR,ERR,ERR,ERR,ERR,ERR,ERR,ERR,ERR,ERR,ERR,60.0,60.0,35,0.0,0.0,0.0,0.0,0.0,0.0,0.0,0.0,0.0,0.0,0.0,0.0,0.0,0.0,0.0,0.0,65.2,0,119,57,43,65476,0,300,0,0,8,20529,65476,0,0,2621,60.0,0.0,0.0,0.0,0.0,0.0
2026-07-09T15:07:28,ERR,ERR,ERR,ERR,ERR,ERR,ERR,ERR,ERR,ERR,ERR,ERR,ERR,ERR,ERR,ERR,ERR,ERR,ERR,ERR,ERR,ERR,ERR,ERR,ERR,ERR,ERR,ERR,ERR,ERR,ERR,ERR,ERR,ERR,ERR,ERR,ERR,ERR,ERR,ERR,ERR,ERR,ERR,ERR,ERR,ERR,ERR,ERR,ERR,ERR,ERR,ERR,ERR,ERR,ERR,ERR,ERR,ERR,ERR,ERR,ERR,ERR,ERR,ERR,ERR,ERR,ERR,ERR,ERR,ERR,ERR,ERR,ERR,ERR,ERR,ERR,ERR,ERR,ERR,ERR,ERR,ERR,ERR,ERR,ERR,ERR,ERR,ERR,ERR,ERR,ERR,ERR,ERR,ERR,ERR,ERR,ERR,ERR,ERR,ERR,ERR,ERR,ERR,ERR,ERR,ERR,ERR,ERR,ERR,ERR,ERR,ERR,ERR,ERR,ERR,ERR,ERR,ERR,ERR,ERR,ERR,ERR,ERR,ERR,ERR,-0.0,-107615928.0,0.0,2.718366610185338e+23,-550971375616.0,9.930587823724415e+35,1.5296325501270884e+19,5.3199200095043584e+17,0,0,4,17407,7116,0.0,100,0.0,0.0,0.0,0.0,0.0,0,0,0,0,0.0,0,0,0,0,0,0,0,0,0,0,0,0,0,0,0,0,0,0,0,0,0,0,0,0,0,0,0,0,0,0,0,0,0,31,40,40,71,65476,0,300,0,0,8,21553,0.0,-107605600.0,0.0,0.0,0.0,0.0,0.0,0.0,0.0,0.0,0.0,0.0,0.0,0.0,0.0,0.0,0.0,0.0,0.0,0.0,0.0,0.0,-2.004,0.0,0.0,0.0,0.0,0.0,0.0,0.0,4512.0,-0.0,6930.0,-0.0,-107615928.0,2.004,2.004,0.0,0.0,0.0,0.0,69,1.9056926229161574e+17,0.0,0.0,0.0,0.0,0.0,0.0,0.0,0.0,0,0,0,0.0,0.0,0.0,0.0,0.0,0.0,0.0,0.0,0.0,0.0,0.0,0.0,0.0,0.0,0.0,0.0,0,-107875648.0,69,0.0,138,0.0,2.012,ERR,ERR,ERR,ERR,ERR,ERR,ERR,ERR,ERR,ERR,ERR,ERR,ERR,ERR,ERR,ERR,ERR,ERR,ERR,ERR,ERR,ERR,ERR,ERR,ERR,ERR,ERR,ERR,ERR,ERR,ERR,ERR,ERR,ERR,ERR,ERR,ERR,ERR,ERR,ERR,ERR,ERR,ERR,ERR,ERR,ERR,ERR,ERR,ERR,ERR,ERR,ERR,ERR,ERR,ERR,ERR,ERR,ERR,ERR,ERR,ERR,ERR,ERR,ERR,ERR,ERR,ERR,60.0,60.0,35,0.0,0.0,0.0,0.0,0.0,0.0,0.0,0.0,0.0,0.0,0.0,0.0,0.0,0.0,0.0,0.0,65.2,0,119,57,43,65476,0,300,0,0,8,20529,65476,0,0,2621,60.0,0.0,0.0,0.0,0.0,0.0
2026-07-09T15:07:29,ERR,ERR,ERR,ERR,ERR,ERR,ERR,ERR,ERR,ERR,ERR,ERR,ERR,ERR,ERR,ERR,ERR,ERR,ERR,ERR,ERR,ERR,ERR,ERR,ERR,ERR,ERR,ERR,ERR,ERR,ERR,ERR,ERR,ERR,ERR,ERR,ERR,ERR,ERR,ERR,ERR,ERR,ERR,ERR,ERR,ERR,ERR,ERR,ERR,ERR,ERR,ERR,ERR,ERR,ERR,ERR,ERR,ERR,ERR,ERR,ERR,ERR,ERR,ERR,ERR,ERR,ERR,ERR,ERR,ERR,ERR,ERR,ERR,ERR,ERR,ERR,ERR,ERR,ERR,ERR,ERR,ERR,ERR,ERR,ERR,ERR,ERR,ERR,ERR,ERR,ERR,ERR,ERR,ERR,ERR,ERR,ERR,ERR,ERR,ERR,ERR,ERR,ERR,ERR,ERR,ERR,ERR,ERR,ERR,ERR,ERR,ERR,ERR,ERR,ERR,ERR,ERR,ERR,ERR,ERR,ERR,ERR,ERR,ERR,ERR,-0.0,-107615928.0,0.0,2.718366610185338e+23,-550971375616.0,9.930587823724415e+35,1.5296325501270884e+19,5.3199200095043584e+17,0,0,4,17407,7116,0.0,100,0.0,0.0,0.0,0.0,0.0,0,0,0,0,0.0,0,0,0,0,0,0,0,0,0,0,0,0,0,0,0,0,0,0,0,0,0,0,0,0,0,0,0,0,0,0,0,0,0,31,40,40,71,65476,0,300,0,0,8,21553,0.0,-107605600.0,0.0,0.0,0.0,0.0,0.0,0.0,0.0,0.0,0.0,0.0,0.0,0.0,0.0,0.0,0.0,0.0,0.0,0.0,0.0,0.0,-2.004,0.0,0.0,0.0,0.0,0.0,0.0,0.0,4512.0,-0.0,6930.0,-0.0,-107615928.0,2.004,2.004,0.0,0.0,0.0,0.0,69,1.9056926229161574e+17,0.0,0.0,0.0,0.0,0.0,0.0,0.0,0.0,0,0,0,0.0,0.0,0.0,0.0,0.0,0.0,0.0,0.0,0.0,0.0,0.0,0.0,0.0,0.0,0.0,0.0,0,-107875648.0,69,0.0,138,0.0,2.012,ERR,ERR,ERR,ERR,ERR,ERR,ERR,ERR,ERR,ERR,ERR,ERR,ERR,ERR,ERR,ERR,ERR,ERR,ERR,ERR,ERR,ERR,ERR,ERR,ERR,ERR,ERR,ERR,ERR,ERR,ERR,ERR,ERR,ERR,ERR,ERR,ERR,ERR,ERR,ERR,ERR,ERR,ERR,ERR,ERR,ERR,ERR,ERR,ERR,ERR,ERR,ERR,ERR,ERR,ERR,ERR,ERR,ERR,ERR,ERR,ERR,ERR,ERR,ERR,ERR,ERR,ERR,60.0,60.0,35,0.0,0.0,0.0,0.0,0.0,0.0,0.0,0.0,0.0,0.0,0.0,0.0,0.0,0.0,0.0,0.0,65.2,0,119,57,43,65476,0,300,0,0,8,20529,65476,0,0,2621,60.0,0.0,0.0,0.0,0.0,0.0
2026-07-09T15:07:30,ERR,ERR,ERR,ERR,ERR,ERR,ERR,ERR,ERR,ERR,ERR,ERR,ERR,ERR,ERR,ERR,ERR,ERR,ERR,ERR,ERR,ERR,ERR,ERR,ERR,ERR,ERR,ERR,ERR,ERR,ERR,ERR,ERR,ERR,ERR,ERR,ERR,ERR,ERR,ERR,ERR,ERR,ERR,ERR,ERR,ERR,ERR,ERR,ERR,ERR,ERR,ERR,ERR,ERR,ERR,ERR,ERR,ERR,ERR,ERR,ERR,ERR,ERR,ERR,ERR,ERR,ERR,ERR,ERR,ERR,ERR,ERR,ERR,ERR,ERR,ERR,ERR,ERR,ERR,ERR,ERR,ERR,ERR,ERR,ERR,ERR,ERR,ERR,ERR,ERR,ERR,ERR,ERR,ERR,ERR,ERR,ERR,ERR,ERR,ERR,ERR,ERR,ERR,ERR,ERR,ERR,ERR,ERR,ERR,ERR,ERR,ERR,ERR,ERR,ERR,ERR,ERR,ERR,ERR,ERR,ERR,ERR,ERR,ERR,ERR,-0.0,-107615928.0,0.0,2.718366610185338e+23,-550971375616.0,9.930587823724415e+35,1.5296325501270884e+19,5.3199200095043584e+17,0,0,4,17407,7116,0.0,100,0.0,0.0,0.0,0.0,0.0,0,0,0,0,0.0,0,0,0,0,0,0,0,0,0,0,0,0,0,0,0,0,0,0,0,0,0,0,0,0,0,0,0,0,0,0,0,0,0,31,40,40,71,65476,0,300,0,0,8,21553,0.0,-107605600.0,0.0,0.0,0.0,0.0,0.0,0.0,0.0,0.0,0.0,0.0,0.0,0.0,0.0,0.0,0.0,0.0,0.0,0.0,0.0,0.0,-2.004,0.0,0.0,0.0,0.0,0.0,0.0,0.0,4512.0,-0.0,6930.0,-0.0,-107615928.0,2.004,2.004,0.0,0.0,0.0,0.0,69,1.9056926229161574e+17,0.0,0.0,0.0,0.0,0.0,0.0,0.0,0.0,0,0,0,0.0,0.0,0.0,0.0,0.0,0.0,0.0,0.0,0.0,0.0,0.0,0.0,0.0,0.0,0.0,0.0,0,-107875648.0,69,0.0,138,0.0,2.012,ERR,ERR,ERR,ERR,ERR,ERR,ERR,ERR,ERR,ERR,ERR,ERR,ERR,ERR,ERR,ERR,ERR,ERR,ERR,ERR,ERR,ERR,ERR,ERR,ERR,ERR,ERR,ERR,ERR,ERR,ERR,ERR,ERR,ERR,ERR,ERR,ERR,ERR,ERR,ERR,ERR,ERR,ERR,ERR,ERR,ERR,ERR,ERR,ERR,ERR,ERR,ERR,ERR,ERR,ERR,ERR,ERR,ERR,ERR,ERR,ERR,ERR,ERR,ERR,ERR,ERR,ERR,60.0,60.0,35,0.0,0.0,0.0,0.0,0.0,0.0,0.0,0.0,0.0,0.0,0.0,0.0,0.0,0.0,0.0,0.0,65.2,0,119,57,43,65476,0,300,0,0,8,20529,65476,0,0,2621,60.0,0.0,0.0,0.0,0.0,0.0
2026-07-09T15:07:31,ERR,ERR,ERR,ERR,ERR,ERR,ERR,ERR,ERR,ERR,ERR,ERR,ERR,ERR,ERR,ERR,ERR,ERR,ERR,ERR,ERR,ERR,ERR,ERR,ERR,ERR,ERR,ERR,ERR,ERR,ERR,ERR,ERR,ERR,ERR,ERR,ERR,ERR,ERR,ERR,ERR,ERR,ERR,ERR,ERR,ERR,ERR,ERR,ERR,ERR,ERR,ERR,ERR,ERR,ERR,ERR,ERR,ERR,ERR,ERR,ERR,ERR,ERR,ERR,ERR,ERR,ERR,ERR,ERR,ERR,ERR,ERR,ERR,ERR,ERR,ERR,ERR,ERR,ERR,ERR,ERR,ERR,ERR,ERR,ERR,ERR,ERR,ERR,ERR,ERR,ERR,ERR,ERR,ERR,ERR,ERR,ERR,ERR,ERR,ERR,ERR,ERR,ERR,ERR,ERR,ERR,ERR,ERR,ERR,ERR,ERR,ERR,ERR,ERR,ERR,ERR,ERR,ERR,ERR,ERR,ERR,ERR,ERR,ERR,ERR,-0.0,-107615928.0,0.0,2.718366610185338e+23,-550971375616.0,9.930587823724415e+35,1.5296325501270884e+19,5.3199200095043584e+17,0,0,4,17407,7116,0.0,100,0.0,0.0,0.0,0.0,0.0,0,0,0,0,0.0,0,0,0,0,0,0,0,0,0,0,0,0,0,0,0,0,0,0,0,0,0,0,0,0,0,0,0,0,0,0,0,0,0,31,40,40,71,65476,0,300,0,0,8,21553,0.0,-107605600.0,0.0,0.0,0.0,0.0,0.0,0.0,0.0,0.0,0.0,0.0,0.0,0.0,0.0,0.0,0.0,0.0,0.0,0.0,0.0,0.0,-2.004,0.0,0.0,0.0,0.0,0.0,0.0,0.0,4512.0,-0.0,6930.0,-0.0,-107615928.0,2.004,2.004,0.0,0.0,0.0,0.0,69,1.9056926229161574e+17,0.0,0.0,0.0,0.0,0.0,0.0,0.0,0.0,0,0,0,0.0,0.0,0.0,0.0,0.0,0.0,0.0,0.0,0.0,0.0,0.0,0.0,0.0,0.0,0.0,0.0,0,-107875648.0,69,0.0,138,0.0,2.012,ERR,ERR,ERR,ERR,ERR,ERR,ERR,ERR,ERR,ERR,ERR,ERR,ERR,ERR,ERR,ERR,ERR,ERR,ERR,ERR,ERR,ERR,ERR,ERR,ERR,ERR,ERR,ERR,ERR,ERR,ERR,ERR,ERR,ERR,ERR,ERR,ERR,ERR,ERR,ERR,ERR,ERR,ERR,ERR,ERR,ERR,ERR,ERR,ERR,ERR,ERR,ERR,ERR,ERR,ERR,ERR,ERR,ERR,ERR,ERR,ERR,ERR,ERR,ERR,ERR,ERR,ERR,60.0,60.0,35,0.0,0.0,0.0,0.0,0.0,0.0,0.0,0.0,0.0,0.0,0.0,0.0,0.0,0.0,0.0,0.0,65.2,0,119,57,43,65476,0,300,0,0,8,20529,65476,0,0,2621,60.0,0.0,0.0,0.0,0.0,0.0
2026-07-09T15:07:32,ERR,ERR,ERR,ERR,ERR,ERR,ERR,ERR,ERR,ERR,ERR,ERR,ERR,ERR,ERR,ERR,ERR,ERR,ERR,ERR,ERR,ERR,ERR,ERR,ERR,ERR,ERR,ERR,ERR,ERR,ERR,ERR,ERR,ERR,ERR,ERR,ERR,ERR,ERR,ERR,ERR,ERR,ERR,ERR,ERR,ERR,ERR,ERR,ERR,ERR,ERR,ERR,ERR,ERR,ERR,ERR,ERR,ERR,ERR,ERR,ERR,ERR,ERR,ERR,ERR,ERR,ERR,ERR,ERR,ERR,ERR,ERR,ERR,ERR,ERR,ERR,ERR,ERR,ERR,ERR,ERR,ERR,ERR,ERR,ERR,ERR,ERR,ERR,ERR,ERR,ERR,ERR,ERR,ERR,ERR,ERR,ERR,ERR,ERR,ERR,ERR,ERR,ERR,ERR,ERR,ERR,ERR,ERR,ERR,ERR,ERR,ERR,ERR,ERR,ERR,ERR,ERR,ERR,ERR,ERR,ERR,ERR,ERR,ERR,ERR,-0.0,-107615928.0,0.0,2.718366610185338e+23,-550971375616.0,9.930587823724415e+35,1.5296325501270884e+19,5.3199200095043584e+17,0,0,4,17407,7116,0.0,100,0.0,0.0,0.0,0.0,0.0,0,0,0,0,0.0,0,0,0,0,0,0,0,0,0,0,0,0,0,0,0,0,0,0,0,0,0,0,0,0,0,0,0,0,0,0,0,0,0,31,40,40,71,65476,0,300,0,0,8,21553,0.0,-107605600.0,0.0,0.0,0.0,0.0,0.0,0.0,0.0,0.0,0.0,0.0,0.0,0.0,0.0,0.0,0.0,0.0,0.0,0.0,0.0,0.0,-2.004,0.0,0.0,0.0,0.0,0.0,0.0,0.0,4512.0,-0.0,6930.0,-0.0,-107615928.0,2.004,2.004,0.0,0.0,0.0,0.0,69,1.9056926229161574e+17,0.0,0.0,0.0,0.0,0.0,0.0,0.0,0.0,0,0,0,0.0,0.0,0.0,0.0,0.0,0.0,0.0,0.0,0.0,0.0,0.0,0.0,0.0,0.0,0.0,0.0,0,-107875648.0,69,0.0,138,0.0,2.012,ERR,ERR,ERR,ERR,ERR,ERR,ERR,ERR,ERR,ERR,ERR,ERR,ERR,ERR,ERR,ERR,ERR,ERR,ERR,ERR,ERR,ERR,ERR,ERR,ERR,ERR,ERR,ERR,ERR,ERR,ERR,ERR,ERR,ERR,ERR,ERR,ERR,ERR,ERR,ERR,ERR,ERR,ERR,ERR,ERR,ERR,ERR,ERR,ERR,ERR,ERR,ERR,ERR,ERR,ERR,ERR,ERR,ERR,ERR,ERR,ERR,ERR,ERR,ERR,ERR,ERR,ERR,60.0,60.0,35,0.0,0.0,0.0,0.0,0.0,0.0,0.0,0.0,0.0,0.0,0.0,0.0,0.0,0.0,0.0,0.0,65.2,0,119,57,43,65476,0,300,0,0,8,20529,65476,0,0,2621,60.0,0.0,0.0,0.0,0.0,0.0
2026-07-09T15:07:33,ERR,ERR,ERR,ERR,ERR,ERR,ERR,ERR,ERR,ERR,ERR,ERR,ERR,ERR,ERR,ERR,ERR,ERR,ERR,ERR,ERR,ERR,ERR,ERR,ERR,ERR,ERR,ERR,ERR,ERR,ERR,ERR,ERR,ERR,ERR,ERR,ERR,ERR,ERR,ERR,ERR,ERR,ERR,ERR,ERR,ERR,ERR,ERR,ERR,ERR,ERR,ERR,ERR,ERR,ERR,ERR,ERR,ERR,ERR,ERR,ERR,ERR,ERR,ERR,ERR,ERR,ERR,ERR,ERR,ERR,ERR,ERR,ERR,ERR,ERR,ERR,ERR,ERR,ERR,ERR,ERR,ERR,ERR,ERR,ERR,ERR,ERR,ERR,ERR,ERR,ERR,ERR,ERR,ERR,ERR,ERR,ERR,ERR,ERR,ERR,ERR,ERR,ERR,ERR,ERR,ERR,ERR,ERR,ERR,ERR,ERR,ERR,ERR,ERR,ERR,ERR,ERR,ERR,ERR,ERR,ERR,ERR,ERR,ERR,ERR,-0.0,-107615928.0,0.0,2.718366610185338e+23,-550971375616.0,-0.0,2.1914426516902835e+30,1976335.625,0,0,4,17402,7116,0.0,100,0.0,0.0,2.718366610185338e+23,0.0,0.0,0,0,0,0,0.0,0,0,0,0,0,0,0,0,0,0,0,0,0,0,0,0,0,0,0,0,0,0,0,0,0,0,0,0,0,0,0,0,0,31,40,40,71,65476,0,300,0,0,8,21553,0.0,-107605600.0,0.0,0.0,0.0,0.0,0.0,0.0,0.0,0.0,0.0,0.0,0.0,0.0,0.0,0.0,0.0,0.0,0.0,0.0,0.0,0.0,-2.004,-3.697063867931689e+19,0.0,0.0,0.0,0.0,0.0,0.0,4522.0,-8608166912.0,6938.0,-0.0,-107615928.0,2.004,2.004,0.0,0.0,0.0,0.0,69,5.848070736510269e+35,-0.0,0.0,0.0,0.0,0.0,0.0,0.0,0.0,0,0,0,0.0,0.0,0.0,0.0,0.0,0.0,0.0,0.0,0.0,0.0,0.0,0.0,0.0,0.0,0.0,0.0,0,-107875648.0,69,0.0,138,0.0,2.012,ERR,ERR,ERR,ERR,ERR,ERR,ERR,ERR,ERR,ERR,ERR,ERR,ERR,ERR,ERR,ERR,ERR,ERR,ERR,ERR,ERR,ERR,ERR,ERR,ERR,ERR,ERR,ERR,ERR,ERR,ERR,ERR,ERR,ERR,ERR,ERR,ERR,ERR,ERR,ERR,ERR,ERR,ERR,ERR,ERR,ERR,ERR,ERR,ERR,ERR,ERR,ERR,ERR,ERR,ERR,ERR,ERR,ERR,ERR,ERR,ERR,ERR,ERR,ERR,ERR,ERR,ERR,60.0,60.0,35,0.0,0.0,0.0,0.0,0.0,0.0,0.0,0.0,0.0,0.0,0.0,0.0,0.0,0.0,0.0,0.0,65.2,0,118,57,43,65476,0,300,0,0,8,20529,65476,0,0,2621,60.0,0.0,0.0,0.0,0.0,0.0
2026-07-09T15:07:34,ERR,ERR,ERR,ERR,ERR,ERR,ERR,ERR,ERR,ERR,ERR,ERR,ERR,ERR,ERR,ERR,ERR,ERR,ERR,ERR,ERR,ERR,ERR,ERR,ERR,ERR,ERR,ERR,ERR,ERR,ERR,ERR,ERR,ERR,ERR,ERR,ERR,ERR,ERR,ERR,ERR,ERR,ERR,ERR,ERR,ERR,ERR,ERR,ERR,ERR,ERR,ERR,ERR,ERR,ERR,ERR,ERR,ERR,ERR,ERR,ERR,ERR,ERR,ERR,ERR,ERR,ERR,ERR,ERR,ERR,ERR,ERR,ERR,ERR,ERR,ERR,ERR,ERR,ERR,ERR,ERR,ERR,ERR,ERR,ERR,ERR,ERR,ERR,ERR,ERR,ERR,ERR,ERR,ERR,ERR,ERR,ERR,ERR,ERR,ERR,ERR,ERR,ERR,ERR,ERR,ERR,ERR,ERR,ERR,ERR,ERR,ERR,ERR,ERR,ERR,ERR,ERR,ERR,ERR,ERR,ERR,ERR,ERR,ERR,ERR,-0.0,-107615928.0,0.0,2.718366610185338e+23,-550971375616.0,-0.0,2.1914426516902835e+30,1976335.625,0,0,4,17402,7116,0.0,100,0.0,0.0,2.718366610185338e+23,0.0,0.0,0,0,0,0,0.0,0,0,0,0,0,0,0,0,0,0,0,0,0,0,0,0,0,0,0,0,0,0,0,0,0,0,0,0,0,0,0,0,0,31,40,40,71,65476,0,300,0,0,8,21553,0.0,-107605600.0,0.0,0.0,0.0,0.0,0.0,0.0,0.0,0.0,0.0,0.0,0.0,0.0,0.0,0.0,0.0,0.0,0.0,0.0,0.0,0.0,-2.004,-3.697063867931689e+19,0.0,0.0,0.0,0.0,0.0,0.0,4522.0,-8608166912.0,6938.0,-0.0,-107615928.0,2.004,2.004,0.0,0.0,0.0,0.0,69,5.848070736510269e+35,-0.0,0.0,0.0,0.0,0.0,0.0,0.0,0.0,0,0,0,0.0,0.0,0.0,0.0,0.0,0.0,0.0,0.0,0.0,0.0,0.0,0.0,0.0,0.0,0.0,0.0,0,-107875648.0,69,0.0,138,0.0,2.012,ERR,ERR,ERR,ERR,ERR,ERR,ERR,ERR,ERR,ERR,ERR,ERR,ERR,ERR,ERR,ERR,ERR,ERR,ERR,ERR,ERR,ERR,ERR,ERR,ERR,ERR,ERR,ERR,ERR,ERR,ERR,ERR,ERR,ERR,ERR,ERR,ERR,ERR,ERR,ERR,ERR,ERR,ERR,ERR,ERR,ERR,ERR,ERR,ERR,ERR,ERR,ERR,ERR,ERR,ERR,ERR,ERR,ERR,ERR,ERR,ERR,ERR,ERR,ERR,ERR,ERR,ERR,60.0,60.0,35,0.0,0.0,0.0,0.0,0.0,0.0,0.0,0.0,0.0,0.0,0.0,0.0,0.0,0.0,0.0,0.0,65.2,0,118,57,43,65476,0,300,0,0,8,20529,65476,0,0,2621,60.0,0.0,0.0,0.0,0.0,0.0
2026-07-09T15:07:35,ERR,ERR,ERR,ERR,ERR,ERR,ERR,ERR,ERR,ERR,ERR,ERR,ERR,ERR,ERR,ERR,ERR,ERR,ERR,ERR,ERR,ERR,ERR,ERR,ERR,ERR,ERR,ERR,ERR,ERR,ERR,ERR,ERR,ERR,ERR,ERR,ERR,ERR,ERR,ERR,ERR,ERR,ERR,ERR,ERR,ERR,ERR,ERR,ERR,ERR,ERR,ERR,ERR,ERR,ERR,ERR,ERR,ERR,ERR,ERR,ERR,ERR,ERR,ERR,ERR,ERR,ERR,ERR,ERR,ERR,ERR,ERR,ERR,ERR,ERR,ERR,ERR,ERR,ERR,ERR,ERR,ERR,ERR,ERR,ERR,ERR,ERR,ERR,ERR,ERR,ERR,ERR,ERR,ERR,ERR,ERR,ERR,ERR,ERR,ERR,ERR,ERR,ERR,ERR,ERR,ERR,ERR,ERR,ERR,ERR,ERR,ERR,ERR,ERR,ERR,ERR,ERR,ERR,ERR,ERR,ERR,ERR,ERR,ERR,ERR,-0.0,-107615928.0,0.0,2.718366610185338e+23,-550971375616.0,-0.0,2.1914426516902835e+30,1976335.625,0,0,4,17402,7116,0.0,100,0.0,0.0,2.718366610185338e+23,0.0,0.0,0,0,0,0,0.0,0,0,0,0,0,0,0,0,0,0,0,0,0,0,0,0,0,0,0,0,0,0,0,0,0,0,0,0,0,0,0,0,0,31,40,40,71,65476,0,300,0,0,8,21553,0.0,-107605600.0,0.0,0.0,0.0,0.0,0.0,0.0,0.0,0.0,0.0,0.0,0.0,0.0,0.0,0.0,0.0,0.0,0.0,0.0,0.0,0.0,-2.004,-3.697063867931689e+19,0.0,0.0,0.0,0.0,0.0,0.0,4522.0,-8608166912.0,6938.0,-0.0,-107615928.0,2.004,2.004,0.0,0.0,0.0,0.0,69,5.848070736510269e+35,-0.0,0.0,0.0,0.0,0.0,0.0,0.0,0.0,0,0,0,0.0,0.0,0.0,0.0,0.0,0.0,0.0,0.0,0.0,0.0,0.0,0.0,0.0,0.0,0.0,0.0,0,-107875648.0,69,0.0,138,0.0,2.012,ERR,ERR,ERR,ERR,ERR,ERR,ERR,ERR,ERR,ERR,ERR,ERR,ERR,ERR,ERR,ERR,ERR,ERR,ERR,ERR,ERR,ERR,ERR,ERR,ERR,ERR,ERR,ERR,ERR,ERR,ERR,ERR,ERR,ERR,ERR,ERR,ERR,ERR,ERR,ERR,ERR,ERR,ERR,ERR,ERR,ERR,ERR,ERR,ERR,ERR,ERR,ERR,ERR,ERR,ERR,ERR,ERR,ERR,ERR,ERR,ERR,ERR,ERR,ERR,ERR,ERR,ERR,60.0,60.0,35,0.0,0.0,0.0,0.0,0.0,0.0,0.0,0.0,0.0,0.0,0.0,0.0,0.0,0.0,0.0,0.0,65.2,0,118,57,43,65476,0,300,0,0,8,20529,65476,0,0,2621,60.0,0.0,0.0,0.0,0.0,0.0
2026-07-09T15:07:36,ERR,ERR,ERR,ERR,ERR,ERR,ERR,ERR,ERR,ERR,ERR,ERR,ERR,ERR,ERR,ERR,ERR,ERR,ERR,ERR,ERR,ERR,ERR,ERR,ERR,ERR,ERR,ERR,ERR,ERR,ERR,ERR,ERR,ERR,ERR,ERR,ERR,ERR,ERR,ERR,ERR,ERR,ERR,ERR,ERR,ERR,ERR,ERR,ERR,ERR,ERR,ERR,ERR,ERR,ERR,ERR,ERR,ERR,ERR,ERR,ERR,ERR,ERR,ERR,ERR,ERR,ERR,ERR,ERR,ERR,ERR,ERR,ERR,ERR,ERR,ERR,ERR,ERR,ERR,ERR,ERR,ERR,ERR,ERR,ERR,ERR,ERR,ERR,ERR,ERR,ERR,ERR,ERR,ERR,ERR,ERR,ERR,ERR,ERR,ERR,ERR,ERR,ERR,ERR,ERR,ERR,ERR,ERR,ERR,ERR,ERR,ERR,ERR,ERR,ERR,ERR,ERR,ERR,ERR,ERR,ERR,ERR,ERR,ERR,ERR,-0.0,-107615928.0,0.0,2.718366610185338e+23,-550971375616.0,-0.0,2.1914426516902835e+30,1976335.625,0,0,4,17402,7116,0.0,100,0.0,0.0,2.718366610185338e+23,0.0,0.0,0,0,0,0,0.0,0,0,0,0,0,0,0,0,0,0,0,0,0,0,0,0,0,0,0,0,0,0,0,0,0,0,0,0,0,0,0,0,0,31,40,40,71,65476,0,300,0,0,8,21553,0.0,-107605600.0,0.0,0.0,0.0,0.0,0.0,0.0,0.0,0.0,0.0,0.0,0.0,0.0,0.0,0.0,0.0,0.0,0.0,0.0,0.0,0.0,-2.004,-3.697063867931689e+19,0.0,0.0,0.0,0.0,0.0,0.0,4522.0,-8608166912.0,6938.0,-0.0,-107615928.0,2.004,2.004,0.0,0.0,0.0,0.0,69,5.848070736510269e+35,-0.0,0.0,0.0,0.0,0.0,0.0,0.0,0.0,0,0,0,0.0,0.0,0.0,0.0,0.0,0.0,0.0,0.0,0.0,0.0,0.0,0.0,0.0,0.0,0.0,0.0,0,-107875648.0,69,0.0,138,0.0,2.012,ERR,ERR,ERR,ERR,ERR,ERR,ERR,ERR,ERR,ERR,ERR,ERR,ERR,ERR,ERR,ERR,ERR,ERR,ERR,ERR,ERR,ERR,ERR,ERR,ERR,ERR,ERR,ERR,ERR,ERR,ERR,ERR,ERR,ERR,ERR,ERR,ERR,ERR,ERR,ERR,ERR,ERR,ERR,ERR,ERR,ERR,ERR,ERR,ERR,ERR,ERR,ERR,ERR,ERR,ERR,ERR,ERR,ERR,ERR,ERR,ERR,ERR,ERR,ERR,ERR,ERR,ERR,60.0,60.0,35,0.0,0.0,0.0,0.0,0.0,0.0,0.0,0.0,0.0,0.0,0.0,0.0,0.0,0.0,0.0,0.0,65.6,0,118,57,43,65476,0,300,0,0,8,20529,65476,0,0,2621,60.0,0.0,0.0,0.0,0.0,0.0
2026-07-09T15:07:37,ERR,ERR,ERR,ERR,ERR,ERR,ERR,ERR,ERR,ERR,ERR,ERR,ERR,ERR,ERR,ERR,ERR,ERR,ERR,ERR,ERR,ERR,ERR,ERR,ERR,ERR,ERR,ERR,ERR,ERR,ERR,ERR,ERR,ERR,ERR,ERR,ERR,ERR,ERR,ERR,ERR,ERR,ERR,ERR,ERR,ERR,ERR,ERR,ERR,ERR,ERR,ERR,ERR,ERR,ERR,ERR,ERR,ERR,ERR,ERR,ERR,ERR,ERR,ERR,ERR,ERR,ERR,ERR,ERR,ERR,ERR,ERR,ERR,ERR,ERR,ERR,ERR,ERR,ERR,ERR,ERR,ERR,ERR,ERR,ERR,ERR,ERR,ERR,ERR,ERR,ERR,ERR,ERR,ERR,ERR,ERR,ERR,ERR,ERR,ERR,ERR,ERR,ERR,ERR,ERR,ERR,ERR,ERR,ERR,ERR,ERR,ERR,ERR,ERR,ERR,ERR,ERR,ERR,ERR,ERR,ERR,ERR,ERR,ERR,ERR,-0.0,-107615928.0,0.0,2.718366610185338e+23,-550971375616.0,-0.0,2.1914426516902835e+30,1976335.625,0,0,4,17402,7116,0.0,100,0.0,0.0,2.718366610185338e+23,0.0,0.0,0,0,0,0,0.0,0,0,0,0,0,0,0,0,0,0,0,0,0,0,0,0,0,0,0,0,0,0,0,0,0,0,0,0,0,0,0,0,0,31,40,40,71,65476,0,300,0,0,8,21553,0.0,-107605600.0,0.0,0.0,0.0,0.0,0.0,0.0,0.0,0.0,0.0,0.0,0.0,0.0,0.0,0.0,0.0,0.0,0.0,0.0,0.0,0.0,-2.004,-3.697063867931689e+19,0.0,0.0,0.0,0.0,0.0,0.0,4522.0,-8608166912.0,6938.0,-0.0,-107615928.0,2.004,2.004,0.0,0.0,0.0,0.0,69,5.848070736510269e+35,-0.0,0.0,0.0,0.0,0.0,0.0,0.0,0.0,0,0,0,0.0,0.0,0.0,0.0,0.0,0.0,0.0,0.0,0.0,0.0,0.0,0.0,0.0,0.0,0.0,0.0,0,-107875648.0,69,0.0,138,0.0,2.012,ERR,ERR,ERR,ERR,ERR,ERR,ERR,ERR,ERR,ERR,ERR,ERR,ERR,ERR,ERR,ERR,ERR,ERR,ERR,ERR,ERR,ERR,ERR,ERR,ERR,ERR,ERR,ERR,ERR,ERR,ERR,ERR,ERR,ERR,ERR,ERR,ERR,ERR,ERR,ERR,ERR,ERR,ERR,ERR,ERR,ERR,ERR,ERR,ERR,ERR,ERR,ERR,ERR,ERR,ERR,ERR,ERR,ERR,ERR,ERR,ERR,ERR,ERR,ERR,ERR,ERR,ERR,60.0,60.0,35,0.0,0.0,0.0,0.0,0.0,0.0,0.0,0.0,0.0,0.0,0.0,0.0,0.0,0.0,0.0,0.0,65.6,0,118,57,43,65476,0,300,0,0,8,20529,65476,0,0,2621,60.0,0.0,0.0,0.0,0.0,0.0
2026-07-09T15:07:38,ERR,ERR,ERR,ERR,ERR,ERR,ERR,ERR,ERR,ERR,ERR,ERR,ERR,ERR,ERR,ERR,ERR,ERR,ERR,ERR,ERR,ERR,ERR,ERR,ERR,ERR,ERR,ERR,ERR,ERR,ERR,ERR,ERR,ERR,ERR,ERR,ERR,ERR,ERR,ERR,ERR,ERR,ERR,ERR,ERR,ERR,ERR,ERR,ERR,ERR,ERR,ERR,ERR,ERR,ERR,ERR,ERR,ERR,ERR,ERR,ERR,ERR,ERR,ERR,ERR,ERR,ERR,ERR,ERR,ERR,ERR,ERR,ERR,ERR,ERR,ERR,ERR,ERR,ERR,ERR,ERR,ERR,ERR,ERR,ERR,ERR,ERR,ERR,ERR,ERR,ERR,ERR,ERR,ERR,ERR,ERR,ERR,ERR,ERR,ERR,ERR,ERR,ERR,ERR,ERR,ERR,ERR,ERR,ERR,ERR,ERR,ERR,ERR,ERR,ERR,ERR,ERR,ERR,ERR,ERR,ERR,ERR,ERR,ERR,ERR,-0.0,-107615928.0,0.0,2.718366610185338e+23,-550971375616.0,-0.0,-0.0,0.0,0,0,4,17407,7116,0.0,100,0.0,0.0,2.718366610185338e+23,0.0,0.0,0,0,0,0,0.0,0,0,0,0,0,0,0,0,0,0,0,0,0,0,0,0,0,0,0,0,0,0,0,0,0,0,0,0,0,0,0,0,0,31,40,40,71,65476,0,300,0,0,8,21553,0.0,-107605600.0,0.0,0.0,0.0,0.0,0.0,0.0,0.0,0.0,0.0,0.0,0.0,0.0,0.0,0.0,0.0,0.0,0.0,0.0,0.0,0.0,-0.0,-3.697063867931689e+19,0.0,0.0,0.0,0.0,0.0,0.0,4535.0,-0.0,6933.0,0.0,-107615928.0,2.004,2.004,0.0,0.0,0.0,0.0,69,-0.0,126840381440.0,0.0,0.0,0.0,0.0,0.0,0.0,0.0,0,0,0,0.0,0.0,0.0,0.0,0.0,0.0,0.0,0.0,0.0,0.0,0.0,0.0,0.0,0.0,0.0,0.0,0,-107875648.0,69,0.0,138,0.0,2.012,ERR,ERR,ERR,ERR,ERR,ERR,ERR,ERR,ERR,ERR,ERR,ERR,ERR,ERR,ERR,ERR,ERR,ERR,ERR,ERR,ERR,ERR,ERR,ERR,ERR,ERR,ERR,ERR,ERR,ERR,ERR,ERR,ERR,ERR,ERR,ERR,ERR,ERR,ERR,ERR,ERR,ERR,ERR,ERR,ERR,ERR,ERR,ERR,ERR,ERR,ERR,ERR,ERR,ERR,ERR,ERR,ERR,ERR,ERR,ERR,ERR,ERR,ERR,ERR,ERR,ERR,ERR,60.0,60.0,35,0.0,0.0,0.0,0.0,0.0,0.0,0.0,0.0,0.0,0.0,0.0,0.0,0.0,0.0,0.0,0.0,65.2,0,118,57,43,65476,0,300,0,0,8,20529,65476,0,0,2621,60.0,0.0,0.0,0.0,0.0,0.0
2026-07-09T15:07:39,ERR,ERR,ERR,ERR,ERR,ERR,ERR,ERR,ERR,ERR,ERR,ERR,ERR,ERR,ERR,ERR,ERR,ERR,ERR,ERR,ERR,ERR,ERR,ERR,ERR,ERR,ERR,ERR,ERR,ERR,ERR,ERR,ERR,ERR,ERR,ERR,ERR,ERR,ERR,ERR,ERR,ERR,ERR,ERR,ERR,ERR,ERR,ERR,ERR,ERR,ERR,ERR,ERR,ERR,ERR,ERR,ERR,ERR,ERR,ERR,ERR,ERR,ERR,ERR,ERR,ERR,ERR,ERR,ERR,ERR,ERR,ERR,ERR,ERR,ERR,ERR,ERR,ERR,ERR,ERR,ERR,ERR,ERR,ERR,ERR,ERR,ERR,ERR,ERR,ERR,ERR,ERR,ERR,ERR,ERR,ERR,ERR,ERR,ERR,ERR,ERR,ERR,ERR,ERR,ERR,ERR,ERR,ERR,ERR,ERR,ERR,ERR,ERR,ERR,ERR,ERR,ERR,ERR,ERR,ERR,ERR,ERR,ERR,ERR,ERR,-0.0,-107615928.0,0.0,2.718366610185338e+23,-550971375616.0,-0.0,-0.0,0.0,0,0,4,17407,7116,0.0,100,0.0,0.0,2.718366610185338e+23,0.0,0.0,0,0,0,0,0.0,0,0,0,0,0,0,0,0,0,0,0,0,0,0,0,0,0,0,0,0,0,0,0,0,0,0,0,0,0,0,0,0,0,31,40,40,71,65476,0,300,0,0,8,21553,0.0,-107605600.0,0.0,0.0,0.0,0.0,0.0,0.0,0.0,0.0,0.0,0.0,0.0,0.0,0.0,0.0,0.0,0.0,0.0,0.0,0.0,0.0,-0.0,-3.697063867931689e+19,0.0,0.0,0.0,0.0,0.0,0.0,4535.0,-0.0,6933.0,0.0,-107615928.0,2.004,2.004,0.0,0.0,0.0,0.0,69,-0.0,126840381440.0,0.0,0.0,0.0,0.0,0.0,0.0,0.0,0,0,0,0.0,0.0,0.0,0.0,0.0,0.0,0.0,0.0,0.0,0.0,0.0,0.0,0.0,0.0,0.0,0.0,0,-107875648.0,69,0.0,138,0.0,2.012,ERR,ERR,ERR,ERR,ERR,ERR,ERR,ERR,ERR,ERR,ERR,ERR,ERR,ERR,ERR,ERR,ERR,ERR,ERR,ERR,ERR,ERR,ERR,ERR,ERR,ERR,ERR,ERR,ERR,ERR,ERR,ERR,ERR,ERR,ERR,ERR,ERR,ERR,ERR,ERR,ERR,ERR,ERR,ERR,ERR,ERR,ERR,ERR,ERR,ERR,ERR,ERR,ERR,ERR,ERR,ERR,ERR,ERR,ERR,ERR,ERR,ERR,ERR,ERR,ERR,ERR,ERR,60.0,60.0,35,0.0,0.0,0.0,0.0,0.0,0.0,0.0,0.0,0.0,0.0,0.0,0.0,0.0,0.0,0.0,0.0,65.2,0,118,57,43,65476,0,300,0,0,8,20529,65476,0,0,2621,60.0,0.0,0.0,0.0,0.0,0.0
2026-07-09T15:07:40,ERR,ERR,ERR,ERR,ERR,ERR,ERR,ERR,ERR,ERR,ERR,ERR,ERR,ERR,ERR,ERR,ERR,ERR,ERR,ERR,ERR,ERR,ERR,ERR,ERR,ERR,ERR,ERR,ERR,ERR,ERR,ERR,ERR,ERR,ERR,ERR,ERR,ERR,ERR,ERR,ERR,ERR,ERR,ERR,ERR,ERR,ERR,ERR,ERR,ERR,ERR,ERR,ERR,ERR,ERR,ERR,ERR,ERR,ERR,ERR,ERR,ERR,ERR,ERR,ERR,ERR,ERR,ERR,ERR,ERR,ERR,ERR,ERR,ERR,ERR,ERR,ERR,ERR,ERR,ERR,ERR,ERR,ERR,ERR,ERR,ERR,ERR,ERR,ERR,ERR,ERR,ERR,ERR,ERR,ERR,ERR,ERR,ERR,ERR,ERR,ERR,ERR,ERR,ERR,ERR,ERR,ERR,ERR,ERR,ERR,ERR,ERR,ERR,ERR,ERR,ERR,ERR,ERR,ERR,ERR,ERR,ERR,ERR,ERR,ERR,-0.0,-107615928.0,0.0,2.718366610185338e+23,-550971375616.0,-0.0,-0.0,0.0,0,0,4,17407,7116,0.0,100,0.0,0.0,2.718366610185338e+23,0.0,0.0,0,0,0,0,0.0,0,0,0,0,0,0,0,0,0,0,0,0,0,0,0,0,0,0,0,0,0,0,0,0,0,0,0,0,0,0,0,0,0,31,40,40,71,65476,0,300,0,0,8,21553,0.0,-107605600.0,0.0,0.0,0.0,0.0,0.0,0.0,0.0,0.0,0.0,0.0,0.0,0.0,0.0,0.0,0.0,0.0,0.0,0.0,0.0,0.0,-0.0,-3.697063867931689e+19,0.0,0.0,0.0,0.0,0.0,0.0,4535.0,-0.0,6933.0,0.0,-107615928.0,2.004,2.004,0.0,0.0,0.0,0.0,69,-0.0,126840381440.0,0.0,0.0,0.0,0.0,0.0,0.0,0.0,0,0,0,0.0,0.0,0.0,0.0,0.0,0.0,0.0,0.0,0.0,0.0,0.0,0.0,0.0,0.0,0.0,0.0,0,-107875648.0,69,0.0,138,0.0,2.012,ERR,ERR,ERR,ERR,ERR,ERR,ERR,ERR,ERR,ERR,ERR,ERR,ERR,ERR,ERR,ERR,ERR,ERR,ERR,ERR,ERR,ERR,ERR,ERR,ERR,ERR,ERR,ERR,ERR,ERR,ERR,ERR,ERR,ERR,ERR,ERR,ERR,ERR,ERR,ERR,ERR,ERR,ERR,ERR,ERR,ERR,ERR,ERR,ERR,ERR,ERR,ERR,ERR,ERR,ERR,ERR,ERR,ERR,ERR,ERR,ERR,ERR,ERR,ERR,ERR,ERR,ERR,60.0,60.0,35,0.0,0.0,0.0,0.0,0.0,0.0,0.0,0.0,0.0,0.0,0.0,0.0,0.0,0.0,0.0,0.0,65.2,0,118,57,43,65476,0,300,0,0,8,20529,65476,0,0,2621,60.0,0.0,0.0,0.0,0.0,0.0
2026-07-09T15:07:41,ERR,ERR,ERR,ERR,ERR,ERR,ERR,ERR,ERR,ERR,ERR,ERR,ERR,ERR,ERR,ERR,ERR,ERR,ERR,ERR,ERR,ERR,ERR,ERR,ERR,ERR,ERR,ERR,ERR,ERR,ERR,ERR,ERR,ERR,ERR,ERR,ERR,ERR,ERR,ERR,ERR,ERR,ERR,ERR,ERR,ERR,ERR,ERR,ERR,ERR,ERR,ERR,ERR,ERR,ERR,ERR,ERR,ERR,ERR,ERR,ERR,ERR,ERR,ERR,ERR,ERR,ERR,ERR,ERR,ERR,ERR,ERR,ERR,ERR,ERR,ERR,ERR,ERR,ERR,ERR,ERR,ERR,ERR,ERR,ERR,ERR,ERR,ERR,ERR,ERR,ERR,ERR,ERR,ERR,ERR,ERR,ERR,ERR,ERR,ERR,ERR,ERR,ERR,ERR,ERR,ERR,ERR,ERR,ERR,ERR,ERR,ERR,ERR,ERR,ERR,ERR,ERR,ERR,ERR,ERR,ERR,ERR,ERR,ERR,ERR,-0.0,-107615928.0,0.0,2.718366610185338e+23,-550971375616.0,-0.0,-0.0,0.0,0,0,4,17407,7116,0.0,100,0.0,0.0,2.718366610185338e+23,0.0,0.0,0,0,0,0,0.0,0,0,0,0,0,0,0,0,0,0,0,0,0,0,0,0,0,0,0,0,0,0,0,0,0,0,0,0,0,0,0,0,0,31,40,40,71,65476,0,300,0,0,8,21553,0.0,-107605600.0,0.0,0.0,0.0,0.0,0.0,0.0,0.0,0.0,0.0,0.0,0.0,0.0,0.0,0.0,0.0,0.0,0.0,0.0,0.0,0.0,-0.0,-3.697063867931689e+19,0.0,0.0,0.0,0.0,0.0,0.0,4535.0,-0.0,6933.0,0.0,-107615928.0,2.004,2.004,0.0,0.0,0.0,0.0,69,-0.0,126840381440.0,0.0,0.0,0.0,0.0,0.0,0.0,0.0,0,0,0,0.0,0.0,0.0,0.0,0.0,0.0,0.0,0.0,0.0,0.0,0.0,0.0,0.0,0.0,0.0,0.0,0,-107875648.0,69,0.0,138,0.0,2.012,ERR,ERR,ERR,ERR,ERR,ERR,ERR,ERR,ERR,ERR,ERR,ERR,ERR,ERR,ERR,ERR,ERR,ERR,ERR,ERR,ERR,ERR,ERR,ERR,ERR,ERR,ERR,ERR,ERR,ERR,ERR,ERR,ERR,ERR,ERR,ERR,ERR,ERR,ERR,ERR,ERR,ERR,ERR,ERR,ERR,ERR,ERR,ERR,ERR,ERR,ERR,ERR,ERR,ERR,ERR,ERR,ERR,ERR,ERR,ERR,ERR,ERR,ERR,ERR,ERR,ERR,ERR,60.0,60.0,35,0.0,0.0,0.0,0.0,0.0,0.0,0.0,0.0,0.0,0.0,0.0,0.0,0.0,0.0,0.0,0.0,65.2,0,118,57,43,65476,0,300,0,0,8,20529,65476,0,0,2621,60.0,0.0,0.0,0.0,0.0,0.0
2026-07-09T15:07:42,ERR,ERR,ERR,ERR,ERR,ERR,ERR,ERR,ERR,ERR,ERR,ERR,ERR,ERR,ERR,ERR,ERR,ERR,ERR,ERR,ERR,ERR,ERR,ERR,ERR,ERR,ERR,ERR,ERR,ERR,ERR,ERR,ERR,ERR,ERR,ERR,ERR,ERR,ERR,ERR,ERR,ERR,ERR,ERR,ERR,ERR,ERR,ERR,ERR,ERR,ERR,ERR,ERR,ERR,ERR,ERR,ERR,ERR,ERR,ERR,ERR,ERR,ERR,ERR,ERR,ERR,ERR,ERR,ERR,ERR,ERR,ERR,ERR,ERR,ERR,ERR,ERR,ERR,ERR,ERR,ERR,ERR,ERR,ERR,ERR,ERR,ERR,ERR,ERR,ERR,ERR,ERR,ERR,ERR,ERR,ERR,ERR,ERR,ERR,ERR,ERR,ERR,ERR,ERR,ERR,ERR,ERR,ERR,ERR,ERR,ERR,ERR,ERR,ERR,ERR,ERR,ERR,ERR,ERR,ERR,ERR,ERR,ERR,ERR,ERR,-0.0,-107615928.0,0.0,2.718366610185338e+23,-550971375616.0,-0.0,-0.0,0.0,0,0,4,17407,7116,0.0,100,0.0,0.0,2.718366610185338e+23,0.0,0.0,0,0,0,0,0.0,0,0,0,0,0,0,0,0,0,0,0,0,0,0,0,0,0,0,0,0,0,0,0,0,0,0,0,0,0,0,0,0,0,31,40,40,71,65476,0,300,0,0,8,21553,0.0,-107605600.0,0.0,0.0,0.0,0.0,0.0,0.0,0.0,0.0,0.0,0.0,0.0,0.0,0.0,0.0,0.0,0.0,0.0,0.0,0.0,0.0,-0.0,-3.697063867931689e+19,0.0,0.0,0.0,0.0,0.0,0.0,4535.0,-0.0,6933.0,0.0,-107615928.0,2.004,2.004,0.0,0.0,0.0,0.0,69,-0.0,126840381440.0,0.0,0.0,0.0,0.0,0.0,0.0,0.0,0,0,0,0.0,0.0,0.0,0.0,0.0,0.0,0.0,0.0,0.0,0.0,0.0,0.0,0.0,0.0,0.0,0.0,0,-107875648.0,69,0.0,138,0.0,2.012,ERR,ERR,ERR,ERR,ERR,ERR,ERR,ERR,ERR,ERR,ERR,ERR,ERR,ERR,ERR,ERR,ERR,ERR,ERR,ERR,ERR,ERR,ERR,ERR,ERR,ERR,ERR,ERR,ERR,ERR,ERR,ERR,ERR,ERR,ERR,ERR,ERR,ERR,ERR,ERR,ERR,ERR,ERR,ERR,ERR,ERR,ERR,ERR,ERR,ERR,ERR,ERR,ERR,ERR,ERR,ERR,ERR,ERR,ERR,ERR,ERR,ERR,ERR,ERR,ERR,ERR,ERR,60.0,60.0,35,0.0,0.0,0.0,0.0,0.0,0.0,0.0,0.0,0.0,0.0,0.0,0.0,0.0,0.0,0.0,0.0,65.2,0,118,57,43,65476,0,300,0,0,8,20529,65476,0,0,2621,60.0,0.0,0.0,0.0,0.0,0.0
2026-07-09T15:07:43,ERR,ERR,ERR,ERR,ERR,ERR,ERR,ERR,ERR,ERR,ERR,ERR,ERR,ERR,ERR,ERR,ERR,ERR,ERR,ERR,ERR,ERR,ERR,ERR,ERR,ERR,ERR,ERR,ERR,ERR,ERR,ERR,ERR,ERR,ERR,ERR,ERR,ERR,ERR,ERR,ERR,ERR,ERR,ERR,ERR,ERR,ERR,ERR,ERR,ERR,ERR,ERR,ERR,ERR,ERR,ERR,ERR,ERR,ERR,ERR,ERR,ERR,ERR,ERR,ERR,ERR,ERR,ERR,ERR,ERR,ERR,ERR,ERR,ERR,ERR,ERR,ERR,ERR,ERR,ERR,ERR,ERR,ERR,ERR,ERR,ERR,ERR,ERR,ERR,ERR,ERR,ERR,ERR,ERR,ERR,ERR,ERR,ERR,ERR,ERR,ERR,ERR,ERR,ERR,ERR,ERR,ERR,ERR,ERR,ERR,ERR,ERR,ERR,ERR,ERR,ERR,ERR,ERR,ERR,ERR,ERR,ERR,ERR,ERR,ERR,-0.0,-107615928.0,0.0,-0.0,34435731456.0,-2.83914027752598e+20,0.0,-0.0,0,0,4,17402,7116,0.0,100,0.0,0.0,-0.0,0.0,0.0,0,0,0,0,0.0,0,0,0,0,0,0,0,0,0,0,0,0,0,0,0,0,0,0,0,0,0,0,0,0,0,0,0,0,0,0,0,0,0,31,40,40,71,65476,0,300,0,0,8,21553,0.0,-107605600.0,0.0,0.0,0.0,0.0,0.0,0.0,0.0,0.0,0.0,0.0,0.0,0.0,0.0,0.0,0.0,0.0,0.0,0.0,0.0,0.0,-2.004,-3.697063867931689e+19,0.0,0.0,0.0,0.0,0.0,0.0,4524.0,-0.0,6932.0,-0.0,-107615928.0,2.004,2.004,0.0,0.0,0.0,0.0,69,89220.852,89220.414,0.0,0.0,0.0,0.0,0.0,0.0,0.0,0,0,0,0.0,0.0,0.0,0.0,0.0,0.0,0.0,0.0,0.0,0.0,0.0,0.0,0.0,0.0,0.0,0.0,0,-107875648.0,69,0.0,138,0.0,2.012,ERR,ERR,ERR,ERR,ERR,ERR,ERR,ERR,ERR,ERR,ERR,ERR,ERR,ERR,ERR,ERR,ERR,ERR,ERR,ERR,ERR,ERR,ERR,ERR,ERR,ERR,ERR,ERR,ERR,ERR,ERR,ERR,ERR,ERR,ERR,ERR,ERR,ERR,ERR,ERR,ERR,ERR,ERR,ERR,ERR,ERR,ERR,ERR,ERR,ERR,ERR,ERR,ERR,ERR,ERR,ERR,ERR,ERR,ERR,ERR,ERR,ERR,ERR,ERR,ERR,ERR,ERR,60.0,60.0,35,0.0,0.0,0.0,0.0,0.0,0.0,0.0,0.0,0.0,0.0,0.0,0.0,0.0,0.0,0.0,0.0,65.2,0,118,57,43,65476,0,300,0,0,8,20529,65476,0,0,2621,60.0,0.0,0.0,0.0,0.0,0.0
2026-07-09T15:07:44,ERR,ERR,ERR,ERR,ERR,ERR,ERR,ERR,ERR,ERR,ERR,ERR,ERR,ERR,ERR,ERR,ERR,ERR,ERR,ERR,ERR,ERR,ERR,ERR,ERR,ERR,ERR,ERR,ERR,ERR,ERR,ERR,ERR,ERR,ERR,ERR,ERR,ERR,ERR,ERR,ERR,ERR,ERR,ERR,ERR,ERR,ERR,ERR,ERR,ERR,ERR,ERR,ERR,ERR,ERR,ERR,ERR,ERR,ERR,ERR,ERR,ERR,ERR,ERR,ERR,ERR,ERR,ERR,ERR,ERR,ERR,ERR,ERR,ERR,ERR,ERR,ERR,ERR,ERR,ERR,ERR,ERR,ERR,ERR,ERR,ERR,ERR,ERR,ERR,ERR,ERR,ERR,ERR,ERR,ERR,ERR,ERR,ERR,ERR,ERR,ERR,ERR,ERR,ERR,ERR,ERR,ERR,ERR,ERR,ERR,ERR,ERR,ERR,ERR,ERR,ERR,ERR,ERR,ERR,ERR,ERR,ERR,ERR,ERR,ERR,-0.0,-107615928.0,0.0,-0.0,34435731456.0,-2.83914027752598e+20,0.0,-0.0,0,0,4,17402,7116,0.0,100,0.0,0.0,-0.0,0.0,0.0,0,0,0,0,0.0,0,0,0,0,0,0,0,0,0,0,0,0,0,0,0,0,0,0,0,0,0,0,0,0,0,0,0,0,0,0,0,0,0,31,40,40,71,65476,0,300,0,0,8,21553,0.0,-107605600.0,0.0,0.0,0.0,0.0,0.0,0.0,0.0,0.0,0.0,0.0,0.0,0.0,0.0,0.0,0.0,0.0,0.0,0.0,0.0,0.0,-2.004,-3.697063867931689e+19,0.0,0.0,0.0,0.0,0.0,0.0,4524.0,-0.0,6932.0,-0.0,-107615928.0,2.004,2.004,0.0,0.0,0.0,0.0,69,89220.852,89220.414,0.0,0.0,0.0,0.0,0.0,0.0,0.0,0,0,0,0.0,0.0,0.0,0.0,0.0,0.0,0.0,0.0,0.0,0.0,0.0,0.0,0.0,0.0,0.0,0.0,0,-107875648.0,69,0.0,138,0.0,2.012,ERR,ERR,ERR,ERR,ERR,ERR,ERR,ERR,ERR,ERR,ERR,ERR,ERR,ERR,ERR,ERR,ERR,ERR,ERR,ERR,ERR,ERR,ERR,ERR,ERR,ERR,ERR,ERR,ERR,ERR,ERR,ERR,ERR,ERR,ERR,ERR,ERR,ERR,ERR,ERR,ERR,ERR,ERR,ERR,ERR,ERR,ERR,ERR,ERR,ERR,ERR,ERR,ERR,ERR,ERR,ERR,ERR,ERR,ERR,ERR,ERR,ERR,ERR,ERR,ERR,ERR,ERR,60.0,60.0,35,0.0,0.0,0.0,0.0,0.0,0.0,0.0,0.0,0.0,0.0,0.0,0.0,0.0,0.0,0.0,0.0,65.2,0,118,57,43,65476,0,300,0,0,8,20529,65476,0,0,2621,60.0,0.0,0.0,0.0,0.0,0.0
2026-07-09T15:07:45,ERR,ERR,ERR,ERR,ERR,ERR,ERR,ERR,ERR,ERR,ERR,ERR,ERR,ERR,ERR,ERR,ERR,ERR,ERR,ERR,ERR,ERR,ERR,ERR,ERR,ERR,ERR,ERR,ERR,ERR,ERR,ERR,ERR,ERR,ERR,ERR,ERR,ERR,ERR,ERR,ERR,ERR,ERR,ERR,ERR,ERR,ERR,ERR,ERR,ERR,ERR,ERR,ERR,ERR,ERR,ERR,ERR,ERR,ERR,ERR,ERR,ERR,ERR,ERR,ERR,ERR,ERR,ERR,ERR,ERR,ERR,ERR,ERR,ERR,ERR,ERR,ERR,ERR,ERR,ERR,ERR,ERR,ERR,ERR,ERR,ERR,ERR,ERR,ERR,ERR,ERR,ERR,ERR,ERR,ERR,ERR,ERR,ERR,ERR,ERR,ERR,ERR,ERR,ERR,ERR,ERR,ERR,ERR,ERR,ERR,ERR,ERR,ERR,ERR,ERR,ERR,ERR,ERR,ERR,ERR,ERR,ERR,ERR,ERR,ERR,-0.0,-107615928.0,0.0,-0.0,34435731456.0,-2.83914027752598e+20,0.0,-0.0,0,0,4,17402,7116,0.0,100,0.0,0.0,-0.0,0.0,0.0,0,0,0,0,0.0,0,0,0,0,0,0,0,0,0,0,0,0,0,0,0,0,0,0,0,0,0,0,0,0,0,0,0,0,0,0,0,0,0,31,40,40,71,65476,0,300,0,0,8,21553,0.0,-107605600.0,0.0,0.0,0.0,0.0,0.0,0.0,0.0,0.0,0.0,0.0,0.0,0.0,0.0,0.0,0.0,0.0,0.0,0.0,0.0,0.0,-2.004,-3.697063867931689e+19,0.0,0.0,0.0,0.0,0.0,0.0,4524.0,-0.0,6932.0,-0.0,-107615928.0,2.004,2.004,0.0,0.0,0.0,0.0,69,89220.852,89220.414,0.0,0.0,0.0,0.0,0.0,0.0,0.0,0,0,0,0.0,0.0,0.0,0.0,0.0,0.0,0.0,0.0,0.0,0.0,0.0,0.0,0.0,0.0,0.0,0.0,0,-107875648.0,69,0.0,138,0.0,2.012,ERR,ERR,ERR,ERR,ERR,ERR,ERR,ERR,ERR,ERR,ERR,ERR,ERR,ERR,ERR,ERR,ERR,ERR,ERR,ERR,ERR,ERR,ERR,ERR,ERR,ERR,ERR,ERR,ERR,ERR,ERR,ERR,ERR,ERR,ERR,ERR,ERR,ERR,ERR,ERR,ERR,ERR,ERR,ERR,ERR,ERR,ERR,ERR,ERR,ERR,ERR,ERR,ERR,ERR,ERR,ERR,ERR,ERR,ERR,ERR,ERR,ERR,ERR,ERR,ERR,ERR,ERR,60.0,60.0,35,0.0,0.0,0.0,0.0,0.0,0.0,0.0,0.0,0.0,0.0,0.0,0.0,0.0,0.0,0.0,0.0,65.2,0,118,57,43,65476,0,300,0,0,8,20529,65476,0,0,2621,60.0,0.0,0.0,0.0,0.0,0.0
2026-07-09T15:07:46,ERR,ERR,ERR,ERR,ERR,ERR,ERR,ERR,ERR,ERR,ERR,ERR,ERR,ERR,ERR,ERR,ERR,ERR,ERR,ERR,ERR,ERR,ERR,ERR,ERR,ERR,ERR,ERR,ERR,ERR,ERR,ERR,ERR,ERR,ERR,ERR,ERR,ERR,ERR,ERR,ERR,ERR,ERR,ERR,ERR,ERR,ERR,ERR,ERR,ERR,ERR,ERR,ERR,ERR,ERR,ERR,ERR,ERR,ERR,ERR,ERR,ERR,ERR,ERR,ERR,ERR,ERR,ERR,ERR,ERR,ERR,ERR,ERR,ERR,ERR,ERR,ERR,ERR,ERR,ERR,ERR,ERR,ERR,ERR,ERR,ERR,ERR,ERR,ERR,ERR,ERR,ERR,ERR,ERR,ERR,ERR,ERR,ERR,ERR,ERR,ERR,ERR,ERR,ERR,ERR,ERR,ERR,ERR,ERR,ERR,ERR,ERR,ERR,ERR,ERR,ERR,ERR,ERR,ERR,ERR,ERR,ERR,ERR,ERR,ERR,-0.0,-107615928.0,0.0,-0.0,34435731456.0,-2.83914027752598e+20,0.0,-0.0,0,0,4,17402,7116,0.0,100,0.0,0.0,-0.0,0.0,0.0,0,0,0,0,0.0,0,0,0,0,0,0,0,0,0,0,0,0,0,0,0,0,0,0,0,0,0,0,0,0,0,0,0,0,0,0,0,0,0,31,40,40,71,65476,0,300,0,0,8,21553,0.0,-107605600.0,0.0,0.0,0.0,0.0,0.0,0.0,0.0,0.0,0.0,0.0,0.0,0.0,0.0,0.0,0.0,0.0,0.0,0.0,0.0,0.0,-2.004,-3.697063867931689e+19,0.0,0.0,0.0,0.0,0.0,0.0,4524.0,-0.0,6932.0,-0.0,-107615928.0,2.004,2.004,0.0,0.0,0.0,0.0,69,89220.852,89220.414,0.0,0.0,0.0,0.0,0.0,0.0,0.0,0,0,0,0.0,0.0,0.0,0.0,0.0,0.0,0.0,0.0,0.0,0.0,0.0,0.0,0.0,0.0,0.0,0.0,0,-107875648.0,69,0.0,138,0.0,2.012,ERR,ERR,ERR,ERR,ERR,ERR,ERR,ERR,ERR,ERR,ERR,ERR,ERR,ERR,ERR,ERR,ERR,ERR,ERR,ERR,ERR,ERR,ERR,ERR,ERR,ERR,ERR,ERR,ERR,ERR,ERR,ERR,ERR,ERR,ERR,ERR,ERR,ERR,ERR,ERR,ERR,ERR,ERR,ERR,ERR,ERR,ERR,ERR,ERR,ERR,ERR,ERR,ERR,ERR,ERR,ERR,ERR,ERR,ERR,ERR,ERR,ERR,ERR,ERR,ERR,ERR,ERR,60.0,60.0,35,0.0,0.0,0.0,0.0,0.0,0.0,0.0,0.0,0.0,0.0,0.0,0.0,0.0,0.0,0.0,0.0,65.2,0,118,57,43,65476,0,300,0,0,8,20529,65476,0,0,2621,60.0,0.0,0.0,0.0,0.0,0.0
2026-07-09T15:07:47,ERR,ERR,ERR,ERR,ERR,ERR,ERR,ERR,ERR,ERR,ERR,ERR,ERR,ERR,ERR,ERR,ERR,ERR,ERR,ERR,ERR,ERR,ERR,ERR,ERR,ERR,ERR,ERR,ERR,ERR,ERR,ERR,ERR,ERR,ERR,ERR,ERR,ERR,ERR,ERR,ERR,ERR,ERR,ERR,ERR,ERR,ERR,ERR,ERR,ERR,ERR,ERR,ERR,ERR,ERR,ERR,ERR,ERR,ERR,ERR,ERR,ERR,ERR,ERR,ERR,ERR,ERR,ERR,ERR,ERR,ERR,ERR,ERR,ERR,ERR,ERR,ERR,ERR,ERR,ERR,ERR,ERR,ERR,ERR,ERR,ERR,ERR,ERR,ERR,ERR,ERR,ERR,ERR,ERR,ERR,ERR,ERR,ERR,ERR,ERR,ERR,ERR,ERR,ERR,ERR,ERR,ERR,ERR,ERR,ERR,ERR,ERR,ERR,ERR,ERR,ERR,ERR,ERR,ERR,ERR,ERR,ERR,ERR,ERR,ERR,-0.0,-107615928.0,0.0,-0.0,34435731456.0,-2.83914027752598e+20,0.0,-0.0,0,0,4,17402,7116,0.0,100,0.0,0.0,-0.0,0.0,0.0,0,0,0,0,0.0,0,0,0,0,0,0,0,0,0,0,0,0,0,0,0,0,0,0,0,0,0,0,0,0,0,0,0,0,0,0,0,0,0,31,40,40,71,65476,0,300,0,0,8,21553,0.0,-107605600.0,0.0,0.0,0.0,0.0,0.0,0.0,0.0,0.0,0.0,0.0,0.0,0.0,0.0,0.0,0.0,0.0,0.0,0.0,0.0,0.0,-2.004,-3.697063867931689e+19,0.0,0.0,0.0,0.0,0.0,0.0,4524.0,-0.0,6932.0,-0.0,-107615928.0,2.004,2.004,0.0,0.0,0.0,0.0,69,89220.852,89220.414,0.0,0.0,0.0,0.0,0.0,0.0,0.0,0,0,0,0.0,0.0,0.0,0.0,0.0,0.0,0.0,0.0,0.0,0.0,0.0,0.0,0.0,0.0,0.0,0.0,0,-107875648.0,69,0.0,138,0.0,2.012,ERR,ERR,ERR,ERR,ERR,ERR,ERR,ERR,ERR,ERR,ERR,ERR,ERR,ERR,ERR,ERR,ERR,ERR,ERR,ERR,ERR,ERR,ERR,ERR,ERR,ERR,ERR,ERR,ERR,ERR,ERR,ERR,ERR,ERR,ERR,ERR,ERR,ERR,ERR,ERR,ERR,ERR,ERR,ERR,ERR,ERR,ERR,ERR,ERR,ERR,ERR,ERR,ERR,ERR,ERR,ERR,ERR,ERR,ERR,ERR,ERR,ERR,ERR,ERR,ERR,ERR,ERR,60.0,60.0,35,0.0,0.0,0.0,0.0,0.0,0.0,0.0,0.0,0.0,0.0,0.0,0.0,0.0,0.0,0.0,0.0,65.6,0,118,57,42,65476,0,300,0,0,8,20529,65476,0,0,2621,60.0,0.0,0.0,0.0,0.0,0.0
2026-07-09T15:07:48,ERR,ERR,ERR,ERR,ERR,ERR,ERR,ERR,ERR,ERR,ERR,ERR,ERR,ERR,ERR,ERR,ERR,ERR,ERR,ERR,ERR,ERR,ERR,ERR,ERR,ERR,ERR,ERR,ERR,ERR,ERR,ERR,ERR,ERR,ERR,ERR,ERR,ERR,ERR,ERR,ERR,ERR,ERR,ERR,ERR,ERR,ERR,ERR,ERR,ERR,ERR,ERR,ERR,ERR,ERR,ERR,ERR,ERR,ERR,ERR,ERR,ERR,ERR,ERR,ERR,ERR,ERR,ERR,ERR,ERR,ERR,ERR,ERR,ERR,ERR,ERR,ERR,ERR,ERR,ERR,ERR,ERR,ERR,ERR,ERR,ERR,ERR,ERR,ERR,ERR,ERR,ERR,ERR,ERR,ERR,ERR,ERR,ERR,ERR,ERR,ERR,ERR,ERR,ERR,ERR,ERR,ERR,ERR,ERR,ERR,ERR,ERR,ERR,ERR,ERR,ERR,ERR,ERR,ERR,ERR,ERR,ERR,ERR,ERR,ERR,-0.0,-107615928.0,0.0,0.0,0.0,-3629353271296.0,-2.983402370110309e+31,0.0,0,0,4,17403,7116,0.0,100,0.0,0.0,0.0,0.0,0.0,0,0,0,0,0.0,0,0,0,0,0,0,0,0,0,0,0,0,0,0,0,0,0,0,0,0,0,0,0,0,0,0,0,0,0,0,0,0,0,31,40,40,71,65476,0,300,0,0,8,21553,0.0,-107605600.0,0.0,0.0,0.0,0.0,0.0,0.0,0.0,0.0,0.0,0.0,0.0,0.0,0.0,0.0,0.0,0.0,0.0,0.0,0.0,0.0,0.0,-2.004,0.0,0.0,0.0,0.0,0.0,0.0,4537.0,-0.0,6935.0,0.0,-0.0,2.004,2.004,0.0,0.0,0.0,0.0,69,1.905692107520082e+17,5.8480481564839524e+35,0.0,0.0,0.0,0.0,0.0,0.0,0.0,0,0,0,0.0,0.0,0.0,0.0,0.0,0.0,0.0,0.0,0.0,0.0,0.0,0.0,0.0,0.0,0.0,0.0,0,-107875648.0,69,0.0,138,0.0,2.012,ERR,ERR,ERR,ERR,ERR,ERR,ERR,ERR,ERR,ERR,ERR,ERR,ERR,ERR,ERR,ERR,ERR,ERR,ERR,ERR,ERR,ERR,ERR,ERR,ERR,ERR,ERR,ERR,ERR,ERR,ERR,ERR,ERR,ERR,ERR,ERR,ERR,ERR,ERR,ERR,ERR,ERR,ERR,ERR,ERR,ERR,ERR,ERR,ERR,ERR,ERR,ERR,ERR,ERR,ERR,ERR,ERR,ERR,ERR,ERR,ERR,ERR,ERR,ERR,ERR,ERR,ERR,60.0,60.0,35,0.0,0.0,0.0,0.0,0.0,0.0,0.0,0.0,0.0,0.0,0.0,0.0,0.0,0.0,0.0,0.0,65.6,0,118,57,42,65476,0,300,0,0,8,20529,65476,0,0,2621,60.0,0.0,0.0,0.0,0.0,0.0
2026-07-09T15:07:49,ERR,ERR,ERR,ERR,ERR,ERR,ERR,ERR,ERR,ERR,ERR,ERR,ERR,ERR,ERR,ERR,ERR,ERR,ERR,ERR,ERR,ERR,ERR,ERR,ERR,ERR,ERR,ERR,ERR,ERR,ERR,ERR,ERR,ERR,ERR,ERR,ERR,ERR,ERR,ERR,ERR,ERR,ERR,ERR,ERR,ERR,ERR,ERR,ERR,ERR,ERR,ERR,ERR,ERR,ERR,ERR,ERR,ERR,ERR,ERR,ERR,ERR,ERR,ERR,ERR,ERR,ERR,ERR,ERR,ERR,ERR,ERR,ERR,ERR,ERR,ERR,ERR,ERR,ERR,ERR,ERR,ERR,ERR,ERR,ERR,ERR,ERR,ERR,ERR,ERR,ERR,ERR,ERR,ERR,ERR,ERR,ERR,ERR,ERR,ERR,ERR,ERR,ERR,ERR,ERR,ERR,ERR,ERR,ERR,ERR,ERR,ERR,ERR,ERR,ERR,ERR,ERR,ERR,ERR,ERR,ERR,ERR,ERR,ERR,ERR,-0.0,-107615928.0,0.0,0.0,0.0,-3629353271296.0,-2.983402370110309e+31,0.0,0,0,4,17403,7116,0.0,100,0.0,0.0,0.0,0.0,0.0,0,0,0,0,0.0,0,0,0,0,0,0,0,0,0,0,0,0,0,0,0,0,0,0,0,0,0,0,0,0,0,0,0,0,0,0,0,0,0,31,40,40,71,65476,0,300,0,0,8,21553,0.0,-107605600.0,0.0,0.0,0.0,0.0,0.0,0.0,0.0,0.0,0.0,0.0,0.0,0.0,0.0,0.0,0.0,0.0,0.0,0.0,0.0,0.0,0.0,-2.004,0.0,0.0,0.0,0.0,0.0,0.0,4537.0,-0.0,6935.0,0.0,-0.0,2.004,2.004,0.0,0.0,0.0,0.0,69,1.905692107520082e+17,5.8480481564839524e+35,0.0,0.0,0.0,0.0,0.0,0.0,0.0,0,0,0,0.0,0.0,0.0,0.0,0.0,0.0,0.0,0.0,0.0,0.0,0.0,0.0,0.0,0.0,0.0,0.0,0,-107875648.0,69,0.0,138,0.0,2.012,ERR,ERR,ERR,ERR,ERR,ERR,ERR,ERR,ERR,ERR,ERR,ERR,ERR,ERR,ERR,ERR,ERR,ERR,ERR,ERR,ERR,ERR,ERR,ERR,ERR,ERR,ERR,ERR,ERR,ERR,ERR,ERR,ERR,ERR,ERR,ERR,ERR,ERR,ERR,ERR,ERR,ERR,ERR,ERR,ERR,ERR,ERR,ERR,ERR,ERR,ERR,ERR,ERR,ERR,ERR,ERR,ERR,ERR,ERR,ERR,ERR,ERR,ERR,ERR,ERR,ERR,ERR,60.0,60.0,35,0.0,0.0,0.0,0.0,0.0,0.0,0.0,0.0,0.0,0.0,0.0,0.0,0.0,0.0,0.0,0.0,65.2,0,118,57,42,65476,0,300,0,0,8,20529,65476,0,0,2621,60.0,0.0,0.0,0.0,0.0,0.0
2026-07-09T15:07:50,ERR,ERR,ERR,ERR,ERR,ERR,ERR,ERR,ERR,ERR,ERR,ERR,ERR,ERR,ERR,ERR,ERR,ERR,ERR,ERR,ERR,ERR,ERR,ERR,ERR,ERR,ERR,ERR,ERR,ERR,ERR,ERR,ERR,ERR,ERR,ERR,ERR,ERR,ERR,ERR,ERR,ERR,ERR,ERR,ERR,ERR,ERR,ERR,ERR,ERR,ERR,ERR,ERR,ERR,ERR,ERR,ERR,ERR,ERR,ERR,ERR,ERR,ERR,ERR,ERR,ERR,ERR,ERR,ERR,ERR,ERR,ERR,ERR,ERR,ERR,ERR,ERR,ERR,ERR,ERR,ERR,ERR,ERR,ERR,ERR,ERR,ERR,ERR,ERR,ERR,ERR,ERR,ERR,ERR,ERR,ERR,ERR,ERR,ERR,ERR,ERR,ERR,ERR,ERR,ERR,ERR,ERR,ERR,ERR,ERR,ERR,ERR,ERR,ERR,ERR,ERR,ERR,ERR,ERR,ERR,ERR,ERR,ERR,ERR,ERR,-0.0,-107615928.0,0.0,0.0,0.0,-3629353271296.0,-2.983402370110309e+31,0.0,0,0,4,17403,7116,0.0,100,0.0,0.0,0.0,0.0,0.0,0,0,0,0,0.0,0,0,0,0,0,0,0,0,0,0,0,0,0,0,0,0,0,0,0,0,0,0,0,0,0,0,0,0,0,0,0,0,0,31,40,40,71,65476,0,300,0,0,8,21553,0.0,-107605600.0,0.0,0.0,0.0,0.0,0.0,0.0,0.0,0.0,0.0,0.0,0.0,0.0,0.0,0.0,0.0,0.0,0.0,0.0,0.0,0.0,0.0,-2.004,0.0,0.0,0.0,0.0,0.0,0.0,4537.0,-0.0,6935.0,0.0,-0.0,2.004,2.004,0.0,0.0,0.0,0.0,69,1.905692107520082e+17,5.8480481564839524e+35,0.0,0.0,0.0,0.0,0.0,0.0,0.0,0,0,0,0.0,0.0,0.0,0.0,0.0,0.0,0.0,0.0,0.0,0.0,0.0,0.0,0.0,0.0,0.0,0.0,0,-107875648.0,69,0.0,138,0.0,2.012,ERR,ERR,ERR,ERR,ERR,ERR,ERR,ERR,ERR,ERR,ERR,ERR,ERR,ERR,ERR,ERR,ERR,ERR,ERR,ERR,ERR,ERR,ERR,ERR,ERR,ERR,ERR,ERR,ERR,ERR,ERR,ERR,ERR,ERR,ERR,ERR,ERR,ERR,ERR,ERR,ERR,ERR,ERR,ERR,ERR,ERR,ERR,ERR,ERR,ERR,ERR,ERR,ERR,ERR,ERR,ERR,ERR,ERR,ERR,ERR,ERR,ERR,ERR,ERR,ERR,ERR,ERR,60.0,60.0,35,0.0,0.0,0.0,0.0,0.0,0.0,0.0,0.0,0.0,0.0,0.0,0.0,0.0,0.0,0.0,0.0,65.2,0,118,57,42,65476,0,300,0,0,8,20529,65476,0,0,2621,60.0,0.0,0.0,0.0,0.0,0.0
2026-07-09T15:07:51,ERR,ERR,ERR,ERR,ERR,ERR,ERR,ERR,ERR,ERR,ERR,ERR,ERR,ERR,ERR,ERR,ERR,ERR,ERR,ERR,ERR,ERR,ERR,ERR,ERR,ERR,ERR,ERR,ERR,ERR,ERR,ERR,ERR,ERR,ERR,ERR,ERR,ERR,ERR,ERR,ERR,ERR,ERR,ERR,ERR,ERR,ERR,ERR,ERR,ERR,ERR,ERR,ERR,ERR,ERR,ERR,ERR,ERR,ERR,ERR,ERR,ERR,ERR,ERR,ERR,ERR,ERR,ERR,ERR,ERR,ERR,ERR,ERR,ERR,ERR,ERR,ERR,ERR,ERR,ERR,ERR,ERR,ERR,ERR,ERR,ERR,ERR,ERR,ERR,ERR,ERR,ERR,ERR,ERR,ERR,ERR,ERR,ERR,ERR,ERR,ERR,ERR,ERR,ERR,ERR,ERR,ERR,ERR,ERR,ERR,ERR,ERR,ERR,ERR,ERR,ERR,ERR,ERR,ERR,ERR,ERR,ERR,ERR,ERR,ERR,-0.0,-107615928.0,0.0,0.0,0.0,-3629353271296.0,-2.983402370110309e+31,0.0,0,0,4,17403,7116,0.0,100,0.0,0.0,0.0,0.0,0.0,0,0,0,0,0.0,0,0,0,0,0,0,0,0,0,0,0,0,0,0,0,0,0,0,0,0,0,0,0,0,0,0,0,0,0,0,0,0,0,31,40,40,71,65476,0,300,0,0,8,21553,0.0,-107605600.0,0.0,0.0,0.0,0.0,0.0,0.0,0.0,0.0,0.0,0.0,0.0,0.0,0.0,0.0,0.0,0.0,0.0,0.0,0.0,0.0,0.0,-2.004,0.0,0.0,0.0,0.0,0.0,0.0,4537.0,-0.0,6935.0,0.0,-0.0,2.004,2.004,0.0,0.0,0.0,0.0,69,1.905692107520082e+17,5.8480481564839524e+35,0.0,0.0,0.0,0.0,0.0,0.0,0.0,0,0,0,0.0,0.0,0.0,0.0,0.0,0.0,0.0,0.0,0.0,0.0,0.0,0.0,0.0,0.0,0.0,0.0,0,-107875648.0,69,0.0,138,0.0,2.012,ERR,ERR,ERR,ERR,ERR,ERR,ERR,ERR,ERR,ERR,ERR,ERR,ERR,ERR,ERR,ERR,ERR,ERR,ERR,ERR,ERR,ERR,ERR,ERR,ERR,ERR,ERR,ERR,ERR,ERR,ERR,ERR,ERR,ERR,ERR,ERR,ERR,ERR,ERR,ERR,ERR,ERR,ERR,ERR,ERR,ERR,ERR,ERR,ERR,ERR,ERR,ERR,ERR,ERR,ERR,ERR,ERR,ERR,ERR,ERR,ERR,ERR,ERR,ERR,ERR,ERR,ERR,60.0,60.0,35,0.0,0.0,0.0,0.0,0.0,0.0,0.0,0.0,0.0,0.0,0.0,0.0,0.0,0.0,0.0,0.0,65.2,0,118,57,42,65476,0,300,0,0,8,20529,65476,0,0,2621,60.0,0.0,0.0,0.0,0.0,0.0
2026-07-09T15:07:52,ERR,ERR,ERR,ERR,ERR,ERR,ERR,ERR,ERR,ERR,ERR,ERR,ERR,ERR,ERR,ERR,ERR,ERR,ERR,ERR,ERR,ERR,ERR,ERR,ERR,ERR,ERR,ERR,ERR,ERR,ERR,ERR,ERR,ERR,ERR,ERR,ERR,ERR,ERR,ERR,ERR,ERR,ERR,ERR,ERR,ERR,ERR,ERR,ERR,ERR,ERR,ERR,ERR,ERR,ERR,ERR,ERR,ERR,ERR,ERR,ERR,ERR,ERR,ERR,ERR,ERR,ERR,ERR,ERR,ERR,ERR,ERR,ERR,ERR,ERR,ERR,ERR,ERR,ERR,ERR,ERR,ERR,ERR,ERR,ERR,ERR,ERR,ERR,ERR,ERR,ERR,ERR,ERR,ERR,ERR,ERR,ERR,ERR,ERR,ERR,ERR,ERR,ERR,ERR,ERR,ERR,ERR,ERR,ERR,ERR,ERR,ERR,ERR,ERR,ERR,ERR,ERR,ERR,ERR,ERR,ERR,ERR,ERR,ERR,ERR,-0.0,-107615928.0,0.0,0.0,0.0,-3629353271296.0,-2.983402370110309e+31,0.0,0,0,4,17403,7116,0.0,100,0.0,0.0,0.0,0.0,0.0,0,0,0,0,0.0,0,0,0,0,0,0,0,0,0,0,0,0,0,0,0,0,0,0,0,0,0,0,0,0,0,0,0,0,0,0,0,0,0,31,40,40,71,65476,0,300,0,0,8,21553,0.0,-107605600.0,0.0,0.0,0.0,0.0,0.0,0.0,0.0,0.0,0.0,0.0,0.0,0.0,0.0,0.0,0.0,0.0,0.0,0.0,0.0,0.0,0.0,-2.004,0.0,0.0,0.0,0.0,0.0,0.0,4537.0,-0.0,6935.0,0.0,-0.0,2.004,2.004,0.0,0.0,0.0,0.0,69,1.905692107520082e+17,5.8480481564839524e+35,0.0,0.0,0.0,0.0,0.0,0.0,0.0,0,0,0,0.0,0.0,0.0,0.0,0.0,0.0,0.0,0.0,0.0,0.0,0.0,0.0,0.0,0.0,0.0,0.0,0,-107875648.0,69,0.0,138,0.0,2.012,ERR,ERR,ERR,ERR,ERR,ERR,ERR,ERR,ERR,ERR,ERR,ERR,ERR,ERR,ERR,ERR,ERR,ERR,ERR,ERR,ERR,ERR,ERR,ERR,ERR,ERR,ERR,ERR,ERR,ERR,ERR,ERR,ERR,ERR,ERR,ERR,ERR,ERR,ERR,ERR,ERR,ERR,ERR,ERR,ERR,ERR,ERR,ERR,ERR,ERR,ERR,ERR,ERR,ERR,ERR,ERR,ERR,ERR,ERR,ERR,ERR,ERR,ERR,ERR,ERR,ERR,ERR,60.0,60.0,35,0.0,0.0,0.0,0.0,0.0,0.0,0.0,0.0,0.0,0.0,0.0,0.0,0.0,0.0,0.0,0.0,65.2,0,117,57,42,65476,0,300,0,0,8,20529,65476,0,0,2621,60.0,0.0,0.0,0.0,0.0,0.0
2026-07-09T15:07:53,ERR,ERR,ERR,ERR,ERR,ERR,ERR,ERR,ERR,ERR,ERR,ERR,ERR,ERR,ERR,ERR,ERR,ERR,ERR,ERR,ERR,ERR,ERR,ERR,ERR,ERR,ERR,ERR,ERR,ERR,ERR,ERR,ERR,ERR,ERR,ERR,ERR,ERR,ERR,ERR,ERR,ERR,ERR,ERR,ERR,ERR,ERR,ERR,ERR,ERR,ERR,ERR,ERR,ERR,ERR,ERR,ERR,ERR,ERR,ERR,ERR,ERR,ERR,ERR,ERR,ERR,ERR,ERR,ERR,ERR,ERR,ERR,ERR,ERR,ERR,ERR,ERR,ERR,ERR,ERR,ERR,ERR,ERR,ERR,ERR,ERR,ERR,ERR,ERR,ERR,ERR,ERR,ERR,ERR,ERR,ERR,ERR,ERR,ERR,ERR,ERR,ERR,ERR,ERR,ERR,ERR,ERR,ERR,ERR,ERR,ERR,ERR,ERR,ERR,ERR,ERR,ERR,ERR,ERR,ERR,ERR,ERR,ERR,ERR,ERR,0.0,-0.0,0.0,0.0,-1.731758578677772e+38,-15.829,-3767187275776.0,0.0,0,0,4,17402,7116,0.0,100,0.0,0.0,0.0,0.0,0.0,0,0,0,0,0.0,0,0,0,0,0,0,0,0,0,0,0,0,0,0,0,0,0,0,0,0,0,0,0,0,0,0,0,0,0,0,0,0,0,31,40,40,71,65476,0,300,0,0,8,21553,0.0,-107605600.0,0.0,0.0,0.0,0.0,0.0,0.0,0.0,0.0,0.0,0.0,0.0,0.0,0.0,0.0,0.0,0.0,0.0,0.0,0.0,0.0,0.0,-2.004,0.0,0.0,0.0,0.0,0.0,0.0,4519.0,-2.4229835810766396e+24,6941.0,0.0,-0.0,2.004,2.004,0.0,0.0,0.0,0.0,69,-0.0,-0.0,0.0,0.0,0.0,0.0,0.0,0.0,0.0,0,0,0,0.0,0.0,0.0,0.0,0.0,0.0,0.0,0.0,0.0,0.0,0.0,0.0,0.0,0.0,0.0,0.0,0,-107875648.0,69,0.0,138,0.0,2.012,ERR,ERR,ERR,ERR,ERR,ERR,ERR,ERR,ERR,ERR,ERR,ERR,ERR,ERR,ERR,ERR,ERR,ERR,ERR,ERR,ERR,ERR,ERR,ERR,ERR,ERR,ERR,ERR,ERR,ERR,ERR,ERR,ERR,ERR,ERR,ERR,ERR,ERR,ERR,ERR,ERR,ERR,ERR,ERR,ERR,ERR,ERR,ERR,ERR,ERR,ERR,ERR,ERR,ERR,ERR,ERR,ERR,ERR,ERR,ERR,ERR,ERR,ERR,ERR,ERR,ERR,ERR,60.0,60.0,35,0.0,0.0,0.0,0.0,0.0,0.0,0.0,0.0,0.0,0.0,0.0,0.0,0.0,0.0,0.0,0.0,65.2,0,117,57,42,65476,0,300,0,0,8,20529,65476,0,0,2621,60.0,0.0,0.0,0.0,0.0,0.0
2026-07-09T15:07:54,ERR,ERR,ERR,ERR,ERR,ERR,ERR,ERR,ERR,ERR,ERR,ERR,ERR,ERR,ERR,ERR,ERR,ERR,ERR,ERR,ERR,ERR,ERR,ERR,ERR,ERR,ERR,ERR,ERR,ERR,ERR,ERR,ERR,ERR,ERR,ERR,ERR,ERR,ERR,ERR,ERR,ERR,ERR,ERR,ERR,ERR,ERR,ERR,ERR,ERR,ERR,ERR,ERR,ERR,ERR,ERR,ERR,ERR,ERR,ERR,ERR,ERR,ERR,ERR,ERR,ERR,ERR,ERR,ERR,ERR,ERR,ERR,ERR,ERR,ERR,ERR,ERR,ERR,ERR,ERR,ERR,ERR,ERR,ERR,ERR,ERR,ERR,ERR,ERR,ERR,ERR,ERR,ERR,ERR,ERR,ERR,ERR,ERR,ERR,ERR,ERR,ERR,ERR,ERR,ERR,ERR,ERR,ERR,ERR,ERR,ERR,ERR,ERR,ERR,ERR,ERR,ERR,ERR,ERR,ERR,ERR,ERR,ERR,ERR,ERR,0.0,-0.0,0.0,0.0,-1.731758578677772e+38,-15.829,-3767187275776.0,0.0,0,0,4,17402,7116,0.0,100,0.0,0.0,0.0,0.0,0.0,0,0,0,0,0.0,0,0,0,0,0,0,0,0,0,0,0,0,0,0,0,0,0,0,0,0,0,0,0,0,0,0,0,0,0,0,0,0,0,31,40,40,71,65476,0,300,0,0,8,21553,0.0,-107605600.0,0.0,0.0,0.0,0.0,0.0,0.0,0.0,0.0,0.0,0.0,0.0,0.0,0.0,0.0,0.0,0.0,0.0,0.0,0.0,0.0,0.0,-2.004,0.0,0.0,0.0,0.0,0.0,0.0,4519.0,-2.4229835810766396e+24,6941.0,0.0,-0.0,2.004,2.004,0.0,0.0,0.0,0.0,69,-0.0,-0.0,0.0,0.0,0.0,0.0,0.0,0.0,0.0,0,0,0,0.0,0.0,0.0,0.0,0.0,0.0,0.0,0.0,0.0,0.0,0.0,0.0,0.0,0.0,0.0,0.0,0,-107875648.0,69,0.0,138,0.0,2.012,ERR,ERR,ERR,ERR,ERR,ERR,ERR,ERR,ERR,ERR,ERR,ERR,ERR,ERR,ERR,ERR,ERR,ERR,ERR,ERR,ERR,ERR,ERR,ERR,ERR,ERR,ERR,ERR,ERR,ERR,ERR,ERR,ERR,ERR,ERR,ERR,ERR,ERR,ERR,ERR,ERR,ERR,ERR,ERR,ERR,ERR,ERR,ERR,ERR,ERR,ERR,ERR,ERR,ERR,ERR,ERR,ERR,ERR,ERR,ERR,ERR,ERR,ERR,ERR,ERR,ERR,ERR,60.0,60.0,35,0.0,0.0,0.0,0.0,0.0,0.0,0.0,0.0,0.0,0.0,0.0,0.0,0.0,0.0,0.0,0.0,65.2,0,117,57,42,65476,0,300,0,0,8,20529,65476,0,0,2621,60.0,0.0,0.0,0.0,0.0,0.0
2026-07-09T15:07:55,ERR,ERR,ERR,ERR,ERR,ERR,ERR,ERR,ERR,ERR,ERR,ERR,ERR,ERR,ERR,ERR,ERR,ERR,ERR,ERR,ERR,ERR,ERR,ERR,ERR,ERR,ERR,ERR,ERR,ERR,ERR,ERR,ERR,ERR,ERR,ERR,ERR,ERR,ERR,ERR,ERR,ERR,ERR,ERR,ERR,ERR,ERR,ERR,ERR,ERR,ERR,ERR,ERR,ERR,ERR,ERR,ERR,ERR,ERR,ERR,ERR,ERR,ERR,ERR,ERR,ERR,ERR,ERR,ERR,ERR,ERR,ERR,ERR,ERR,ERR,ERR,ERR,ERR,ERR,ERR,ERR,ERR,ERR,ERR,ERR,ERR,ERR,ERR,ERR,ERR,ERR,ERR,ERR,ERR,ERR,ERR,ERR,ERR,ERR,ERR,ERR,ERR,ERR,ERR,ERR,ERR,ERR,ERR,ERR,ERR,ERR,ERR,ERR,ERR,ERR,ERR,ERR,ERR,ERR,ERR,ERR,ERR,ERR,ERR,ERR,0.0,-0.0,0.0,0.0,-1.731758578677772e+38,-15.829,-3767187275776.0,0.0,0,0,4,17402,7116,0.0,100,0.0,0.0,0.0,0.0,0.0,0,0,0,0,0.0,0,0,0,0,0,0,0,0,0,0,0,0,0,0,0,0,0,0,0,0,0,0,0,0,0,0,0,0,0,0,0,0,0,31,40,40,71,65476,0,300,0,0,8,21553,0.0,-107605600.0,0.0,0.0,0.0,0.0,0.0,0.0,0.0,0.0,0.0,0.0,0.0,0.0,0.0,0.0,0.0,0.0,0.0,0.0,0.0,0.0,0.0,-2.004,0.0,0.0,0.0,0.0,0.0,0.0,4519.0,-2.4229835810766396e+24,6941.0,0.0,-0.0,2.004,2.004,0.0,0.0,0.0,0.0,69,-0.0,-0.0,0.0,0.0,0.0,0.0,0.0,0.0,0.0,0,0,0,0.0,0.0,0.0,0.0,0.0,0.0,0.0,0.0,0.0,0.0,0.0,0.0,0.0,0.0,0.0,0.0,0,-107875648.0,69,0.0,138,0.0,2.012,ERR,ERR,ERR,ERR,ERR,ERR,ERR,ERR,ERR,ERR,ERR,ERR,ERR,ERR,ERR,ERR,ERR,ERR,ERR,ERR,ERR,ERR,ERR,ERR,ERR,ERR,ERR,ERR,ERR,ERR,ERR,ERR,ERR,ERR,ERR,ERR,ERR,ERR,ERR,ERR,ERR,ERR,ERR,ERR,ERR,ERR,ERR,ERR,ERR,ERR,ERR,ERR,ERR,ERR,ERR,ERR,ERR,ERR,ERR,ERR,ERR,ERR,ERR,ERR,ERR,ERR,ERR,60.0,60.0,35,0.0,0.0,0.0,0.0,0.0,0.0,0.0,0.0,0.0,0.0,0.0,0.0,0.0,0.0,0.0,0.0,65.2,0,117,57,42,65476,0,300,0,0,8,20529,65476,0,0,2621,60.0,0.0,0.0,0.0,0.0,0.0
2026-07-09T15:07:56,ERR,ERR,ERR,ERR,ERR,ERR,ERR,ERR,ERR,ERR,ERR,ERR,ERR,ERR,ERR,ERR,ERR,ERR,ERR,ERR,ERR,ERR,ERR,ERR,ERR,ERR,ERR,ERR,ERR,ERR,ERR,ERR,ERR,ERR,ERR,ERR,ERR,ERR,ERR,ERR,ERR,ERR,ERR,ERR,ERR,ERR,ERR,ERR,ERR,ERR,ERR,ERR,ERR,ERR,ERR,ERR,ERR,ERR,ERR,ERR,ERR,ERR,ERR,ERR,ERR,ERR,ERR,ERR,ERR,ERR,ERR,ERR,ERR,ERR,ERR,ERR,ERR,ERR,ERR,ERR,ERR,ERR,ERR,ERR,ERR,ERR,ERR,ERR,ERR,ERR,ERR,ERR,ERR,ERR,ERR,ERR,ERR,ERR,ERR,ERR,ERR,ERR,ERR,ERR,ERR,ERR,ERR,ERR,ERR,ERR,ERR,ERR,ERR,ERR,ERR,ERR,ERR,ERR,ERR,ERR,ERR,ERR,ERR,ERR,ERR,0.0,-0.0,0.0,0.0,-1.731758578677772e+38,-15.829,-3767187275776.0,0.0,0,0,4,17402,7116,0.0,100,0.0,0.0,0.0,0.0,0.0,0,0,0,0,0.0,0,0,0,0,0,0,0,0,0,0,0,0,0,0,0,0,0,0,0,0,0,0,0,0,0,0,0,0,0,0,0,0,0,31,40,40,71,65476,0,300,0,0,8,21553,0.0,-107605600.0,0.0,0.0,0.0,0.0,0.0,0.0,0.0,0.0,0.0,0.0,0.0,0.0,0.0,0.0,0.0,0.0,0.0,0.0,0.0,0.0,0.0,-2.004,0.0,0.0,0.0,0.0,0.0,0.0,4519.0,-2.4229835810766396e+24,6941.0,0.0,-0.0,2.004,2.004,0.0,0.0,0.0,0.0,69,-0.0,-0.0,0.0,0.0,0.0,0.0,0.0,0.0,0.0,0,0,0,0.0,0.0,0.0,0.0,0.0,0.0,0.0,0.0,0.0,0.0,0.0,0.0,0.0,0.0,0.0,0.0,0,-107875648.0,69,0.0,138,0.0,2.012,ERR,ERR,ERR,ERR,ERR,ERR,ERR,ERR,ERR,ERR,ERR,ERR,ERR,ERR,ERR,ERR,ERR,ERR,ERR,ERR,ERR,ERR,ERR,ERR,ERR,ERR,ERR,ERR,ERR,ERR,ERR,ERR,ERR,ERR,ERR,ERR,ERR,ERR,ERR,ERR,ERR,ERR,ERR,ERR,ERR,ERR,ERR,ERR,ERR,ERR,ERR,ERR,ERR,ERR,ERR,ERR,ERR,ERR,ERR,ERR,ERR,ERR,ERR,ERR,ERR,ERR,ERR,60.0,60.0,35,0.0,0.0,0.0,0.0,0.0,0.0,0.0,0.0,0.0,0.0,0.0,0.0,0.0,0.0,0.0,0.0,65.2,0,117,57,42,65476,0,300,0,0,8,20529,65476,0,0,2621,60.0,0.0,0.0,0.0,0.0,0.0
2026-07-09T15:07:57,ERR,ERR,ERR,ERR,ERR,ERR,ERR,ERR,ERR,ERR,ERR,ERR,ERR,ERR,ERR,ERR,ERR,ERR,ERR,ERR,ERR,ERR,ERR,ERR,ERR,ERR,ERR,ERR,ERR,ERR,ERR,ERR,ERR,ERR,ERR,ERR,ERR,ERR,ERR,ERR,ERR,ERR,ERR,ERR,ERR,ERR,ERR,ERR,ERR,ERR,ERR,ERR,ERR,ERR,ERR,ERR,ERR,ERR,ERR,ERR,ERR,ERR,ERR,ERR,ERR,ERR,ERR,ERR,ERR,ERR,ERR,ERR,ERR,ERR,ERR,ERR,ERR,ERR,ERR,ERR,ERR,ERR,ERR,ERR,ERR,ERR,ERR,ERR,ERR,ERR,ERR,ERR,ERR,ERR,ERR,ERR,ERR,ERR,ERR,ERR,ERR,ERR,ERR,ERR,ERR,ERR,ERR,ERR,ERR,ERR,ERR,ERR,ERR,ERR,ERR,ERR,ERR,ERR,ERR,ERR,ERR,ERR,ERR,ERR,ERR,0.0,-0.0,0.0,0.0,-1.731758578677772e+38,-15.829,-3767187275776.0,0.0,0,0,4,17402,7116,0.0,100,0.0,0.0,0.0,0.0,0.0,0,0,0,0,0.0,0,0,0,0,0,0,0,0,0,0,0,0,0,0,0,0,0,0,0,0,0,0,0,0,0,0,0,0,0,0,0,0,0,31,40,40,71,65476,0,300,0,0,8,21553,0.0,-107605600.0,0.0,0.0,0.0,0.0,0.0,0.0,0.0,0.0,0.0,0.0,0.0,0.0,0.0,0.0,0.0,0.0,0.0,0.0,0.0,0.0,0.0,-2.004,0.0,0.0,0.0,0.0,0.0,0.0,4519.0,-2.4229835810766396e+24,6941.0,0.0,-0.0,2.004,2.004,0.0,0.0,0.0,0.0,69,-0.0,-0.0,0.0,0.0,0.0,0.0,0.0,0.0,0.0,0,0,0,0.0,0.0,0.0,0.0,0.0,0.0,0.0,0.0,0.0,0.0,0.0,0.0,0.0,0.0,0.0,0.0,0,-107875648.0,69,0.0,138,0.0,2.012,ERR,ERR,ERR,ERR,ERR,ERR,ERR,ERR,ERR,ERR,ERR,ERR,ERR,ERR,ERR,ERR,ERR,ERR,ERR,ERR,ERR,ERR,ERR,ERR,ERR,ERR,ERR,ERR,ERR,ERR,ERR,ERR,ERR,ERR,ERR,ERR,ERR,ERR,ERR,ERR,ERR,ERR,ERR,ERR,ERR,ERR,ERR,ERR,ERR,ERR,ERR,ERR,ERR,ERR,ERR,ERR,ERR,ERR,ERR,ERR,ERR,ERR,ERR,ERR,ERR,ERR,ERR,60.0,60.0,35,0.0,0.0,0.0,0.0,0.0,0.0,0.0,0.0,0.0,0.0,0.0,0.0,0.0,0.0,0.0,0.0,65.2,0,117,57,42,65476,0,300,0,0,8,20529,65476,0,0,2621,60.0,0.0,0.0,0.0,0.0,0.0
2026-07-09T15:07:58,ERR,ERR,ERR,ERR,ERR,ERR,ERR,ERR,ERR,ERR,ERR,ERR,ERR,ERR,ERR,ERR,ERR,ERR,ERR,ERR,ERR,ERR,ERR,ERR,ERR,ERR,ERR,ERR,ERR,ERR,ERR,ERR,ERR,ERR,ERR,ERR,ERR,ERR,ERR,ERR,ERR,ERR,ERR,ERR,ERR,ERR,ERR,ERR,ERR,ERR,ERR,ERR,ERR,ERR,ERR,ERR,ERR,ERR,ERR,ERR,ERR,ERR,ERR,ERR,ERR,ERR,ERR,ERR,ERR,ERR,ERR,ERR,ERR,ERR,ERR,ERR,ERR,ERR,ERR,ERR,ERR,ERR,ERR,ERR,ERR,ERR,ERR,ERR,ERR,ERR,ERR,ERR,ERR,ERR,ERR,ERR,ERR,ERR,ERR,ERR,ERR,ERR,ERR,ERR,ERR,ERR,ERR,ERR,ERR,ERR,ERR,ERR,ERR,ERR,ERR,ERR,ERR,ERR,ERR,ERR,ERR,ERR,ERR,ERR,ERR,2.7184260577004195e+23,-107615928.0,0.0,0.0,-1.731758578677772e+38,-0.0,-0.0,3.6952986187210074e+29,0,0,4,17403,7116,0.0,100,0.0,0.0,0.0,0.0,0.0,0,0,0,0,0.0,0,0,0,0,0,0,0,0,0,0,0,0,0,0,0,0,0,0,0,0,0,0,0,0,0,0,0,0,0,0,0,0,0,31,40,40,71,65476,0,300,0,0,8,21553,0.0,-107605600.0,0.0,0.0,0.0,0.0,0.0,0.0,0.0,0.0,0.0,0.0,0.0,0.0,0.0,0.0,0.0,0.0,0.0,0.0,0.0,0.0,2.004,-3.697063867931689e+19,0.0,0.0,0.0,0.0,0.0,0.0,4569.0,0.0,6915.0,2.7184260577004195e+23,-107615928.0,2.004,2.004,0.0,0.0,0.0,0.0,69,0.0,0.0,0.0,0.0,0.0,0.0,0.0,0.0,0.0,0,0,0,0.0,0.0,0.0,0.0,0.0,0.0,0.0,0.0,0.0,0.0,0.0,0.0,0.0,0.0,0.0,0.0,0,-107875648.0,69,0.0,138,0.0,2.012,ERR,ERR,ERR,ERR,ERR,ERR,ERR,ERR,ERR,ERR,ERR,ERR,ERR,ERR,ERR,ERR,ERR,ERR,ERR,ERR,ERR,ERR,ERR,ERR,ERR,ERR,ERR,ERR,ERR,ERR,ERR,ERR,ERR,ERR,ERR,ERR,ERR,ERR,ERR,ERR,ERR,ERR,ERR,ERR,ERR,ERR,ERR,ERR,ERR,ERR,ERR,ERR,ERR,ERR,ERR,ERR,ERR,ERR,ERR,ERR,ERR,ERR,ERR,ERR,ERR,ERR,ERR,60.0,60.0,35,0.0,0.0,0.0,0.0,0.0,0.0,0.0,0.0,0.0,0.0,0.0,0.0,0.0,0.0,0.0,0.0,65.2,0,117,57,42,65476,0,300,0,0,8,20529,65476,0,0,2621,60.0,0.0,0.0,0.0,0.0,0.0
2026-07-09T15:07:59,ERR,ERR,ERR,ERR,ERR,ERR,ERR,ERR,ERR,ERR,ERR,ERR,ERR,ERR,ERR,ERR,ERR,ERR,ERR,ERR,ERR,ERR,ERR,ERR,ERR,ERR,ERR,ERR,ERR,ERR,ERR,ERR,ERR,ERR,ERR,ERR,ERR,ERR,ERR,ERR,ERR,ERR,ERR,ERR,ERR,ERR,ERR,ERR,ERR,ERR,ERR,ERR,ERR,ERR,ERR,ERR,ERR,ERR,ERR,ERR,ERR,ERR,ERR,ERR,ERR,ERR,ERR,ERR,ERR,ERR,ERR,ERR,ERR,ERR,ERR,ERR,ERR,ERR,ERR,ERR,ERR,ERR,ERR,ERR,ERR,ERR,ERR,ERR,ERR,ERR,ERR,ERR,ERR,ERR,ERR,ERR,ERR,ERR,ERR,ERR,ERR,ERR,ERR,ERR,ERR,ERR,ERR,ERR,ERR,ERR,ERR,ERR,ERR,ERR,ERR,ERR,ERR,ERR,ERR,ERR,ERR,ERR,ERR,ERR,ERR,2.7184260577004195e+23,-107615928.0,0.0,0.0,-1.731758578677772e+38,-0.0,-0.0,3.6952986187210074e+29,0,0,4,17403,7116,0.0,100,0.0,0.0,0.0,0.0,0.0,0,0,0,0,0.0,0,0,0,0,0,0,0,0,0,0,0,0,0,0,0,0,0,0,0,0,0,0,0,0,0,0,0,0,0,0,0,0,0,31,40,40,71,65476,0,300,0,0,8,21553,0.0,-107605600.0,0.0,0.0,0.0,0.0,0.0,0.0,0.0,0.0,0.0,0.0,0.0,0.0,0.0,0.0,0.0,0.0,0.0,0.0,0.0,0.0,2.004,-3.697063867931689e+19,0.0,0.0,0.0,0.0,0.0,0.0,4569.0,0.0,6915.0,2.7184260577004195e+23,-107615928.0,2.004,2.004,0.0,0.0,0.0,0.0,69,0.0,0.0,0.0,0.0,0.0,0.0,0.0,0.0,0.0,0,0,0,0.0,0.0,0.0,0.0,0.0,0.0,0.0,0.0,0.0,0.0,0.0,0.0,0.0,0.0,0.0,0.0,0,-107875648.0,69,0.0,138,0.0,2.012,ERR,ERR,ERR,ERR,ERR,ERR,ERR,ERR,ERR,ERR,ERR,ERR,ERR,ERR,ERR,ERR,ERR,ERR,ERR,ERR,ERR,ERR,ERR,ERR,ERR,ERR,ERR,ERR,ERR,ERR,ERR,ERR,ERR,ERR,ERR,ERR,ERR,ERR,ERR,ERR,ERR,ERR,ERR,ERR,ERR,ERR,ERR,ERR,ERR,ERR,ERR,ERR,ERR,ERR,ERR,ERR,ERR,ERR,ERR,ERR,ERR,ERR,ERR,ERR,ERR,ERR,ERR,60.0,60.0,35,0.0,0.0,0.0,0.0,0.0,0.0,0.0,0.0,0.0,0.0,0.0,0.0,0.0,0.0,0.0,0.0,65.2,0,117,57,42,65476,0,300,0,0,8,20529,65476,0,0,2621,60.0,0.0,0.0,0.0,0.0,0.0
2026-07-09T15:08:00,ERR,ERR,ERR,ERR,ERR,ERR,ERR,ERR,ERR,ERR,ERR,ERR,ERR,ERR,ERR,ERR,ERR,ERR,ERR,ERR,ERR,ERR,ERR,ERR,ERR,ERR,ERR,ERR,ERR,ERR,ERR,ERR,ERR,ERR,ERR,ERR,ERR,ERR,ERR,ERR,ERR,ERR,ERR,ERR,ERR,ERR,ERR,ERR,ERR,ERR,ERR,ERR,ERR,ERR,ERR,ERR,ERR,ERR,ERR,ERR,ERR,ERR,ERR,ERR,ERR,ERR,ERR,ERR,ERR,ERR,ERR,ERR,ERR,ERR,ERR,ERR,ERR,ERR,ERR,ERR,ERR,ERR,ERR,ERR,ERR,ERR,ERR,ERR,ERR,ERR,ERR,ERR,ERR,ERR,ERR,ERR,ERR,ERR,ERR,ERR,ERR,ERR,ERR,ERR,ERR,ERR,ERR,ERR,ERR,ERR,ERR,ERR,ERR,ERR,ERR,ERR,ERR,ERR,ERR,ERR,ERR,ERR,ERR,ERR,ERR,2.7184260577004195e+23,-107615928.0,0.0,0.0,-1.731758578677772e+38,-0.0,-0.0,3.6952986187210074e+29,0,0,4,17403,7116,0.0,100,0.0,0.0,0.0,0.0,0.0,0,0,0,0,0.0,0,0,0,0,0,0,0,0,0,0,0,0,0,0,0,0,0,0,0,0,0,0,0,0,0,0,0,0,0,0,0,0,0,31,40,40,71,65476,0,300,0,0,8,21553,0.0,-107605600.0,0.0,0.0,0.0,0.0,0.0,0.0,0.0,0.0,0.0,0.0,0.0,0.0,0.0,0.0,0.0,0.0,0.0,0.0,0.0,0.0,2.004,-3.697063867931689e+19,0.0,0.0,0.0,0.0,0.0,0.0,4569.0,0.0,6915.0,2.7184260577004195e+23,-107615928.0,2.004,2.004,0.0,0.0,0.0,0.0,69,0.0,0.0,0.0,0.0,0.0,0.0,0.0,0.0,0.0,0,0,0,0.0,0.0,0.0,0.0,0.0,0.0,0.0,0.0,0.0,0.0,0.0,0.0,0.0,0.0,0.0,0.0,0,-107875648.0,69,0.0,138,0.0,2.012,ERR,ERR,ERR,ERR,ERR,ERR,ERR,ERR,ERR,ERR,ERR,ERR,ERR,ERR,ERR,ERR,ERR,ERR,ERR,ERR,ERR,ERR,ERR,ERR,ERR,ERR,ERR,ERR,ERR,ERR,ERR,ERR,ERR,ERR,ERR,ERR,ERR,ERR,ERR,ERR,ERR,ERR,ERR,ERR,ERR,ERR,ERR,ERR,ERR,ERR,ERR,ERR,ERR,ERR,ERR,ERR,ERR,ERR,ERR,ERR,ERR,ERR,ERR,ERR,ERR,ERR,ERR,60.0,60.0,35,0.0,0.0,0.0,0.0,0.0,0.0,0.0,0.0,0.0,0.0,0.0,0.0,0.0,0.0,0.0,0.0,65.2,0,117,57,42,65476,0,300,0,0,8,20529,65476,0,0,2621,60.0,0.0,0.0,0.0,0.0,0.0
2026-07-09T15:08:01,ERR,ERR,ERR,ERR,ERR,ERR,ERR,ERR,ERR,ERR,ERR,ERR,ERR,ERR,ERR,ERR,ERR,ERR,ERR,ERR,ERR,ERR,ERR,ERR,ERR,ERR,ERR,ERR,ERR,ERR,ERR,ERR,ERR,ERR,ERR,ERR,ERR,ERR,ERR,ERR,ERR,ERR,ERR,ERR,ERR,ERR,ERR,ERR,ERR,ERR,ERR,ERR,ERR,ERR,ERR,ERR,ERR,ERR,ERR,ERR,ERR,ERR,ERR,ERR,ERR,ERR,ERR,ERR,ERR,ERR,ERR,ERR,ERR,ERR,ERR,ERR,ERR,ERR,ERR,ERR,ERR,ERR,ERR,ERR,ERR,ERR,ERR,ERR,ERR,ERR,ERR,ERR,ERR,ERR,ERR,ERR,ERR,ERR,ERR,ERR,ERR,ERR,ERR,ERR,ERR,ERR,ERR,ERR,ERR,ERR,ERR,ERR,ERR,ERR,ERR,ERR,ERR,ERR,ERR,ERR,ERR,ERR,ERR,ERR,ERR,2.7184260577004195e+23,-107615928.0,0.0,0.0,-1.731758578677772e+38,-0.0,-0.0,3.6952986187210074e+29,0,0,4,17403,7116,0.0,100,0.0,0.0,0.0,0.0,0.0,0,0,0,0,0.0,0,0,0,0,0,0,0,0,0,0,0,0,0,0,0,0,0,0,0,0,0,0,0,0,0,0,0,0,0,0,0,0,0,31,40,40,71,65476,0,300,0,0,8,21553,0.0,-107605600.0,0.0,0.0,0.0,0.0,0.0,0.0,0.0,0.0,0.0,0.0,0.0,0.0,0.0,0.0,0.0,0.0,0.0,0.0,0.0,0.0,2.004,-3.697063867931689e+19,0.0,0.0,0.0,0.0,0.0,0.0,4569.0,0.0,6915.0,2.7184260577004195e+23,-107615928.0,2.004,2.004,0.0,0.0,0.0,0.0,69,0.0,0.0,0.0,0.0,0.0,0.0,0.0,0.0,0.0,0,0,0,0.0,0.0,0.0,0.0,0.0,0.0,0.0,0.0,0.0,0.0,0.0,0.0,0.0,0.0,0.0,0.0,0,-107875648.0,69,0.0,138,0.0,2.012,ERR,ERR,ERR,ERR,ERR,ERR,ERR,ERR,ERR,ERR,ERR,ERR,ERR,ERR,ERR,ERR,ERR,ERR,ERR,ERR,ERR,ERR,ERR,ERR,ERR,ERR,ERR,ERR,ERR,ERR,ERR,ERR,ERR,ERR,ERR,ERR,ERR,ERR,ERR,ERR,ERR,ERR,ERR,ERR,ERR,ERR,ERR,ERR,ERR,ERR,ERR,ERR,ERR,ERR,ERR,ERR,ERR,ERR,ERR,ERR,ERR,ERR,ERR,ERR,ERR,ERR,ERR,60.0,60.0,35,0.0,0.0,0.0,0.0,0.0,0.0,0.0,0.0,0.0,0.0,0.0,0.0,0.0,0.0,0.0,0.0,65.2,0,117,57,42,65476,0,300,0,0,8,20529,65476,0,0,2621,60.0,0.0,0.0,0.0,0.0,0.0
2026-07-09T15:08:02,ERR,ERR,ERR,ERR,ERR,ERR,ERR,ERR,ERR,ERR,ERR,ERR,ERR,ERR,ERR,ERR,ERR,ERR,ERR,ERR,ERR,ERR,ERR,ERR,ERR,ERR,ERR,ERR,ERR,ERR,ERR,ERR,ERR,ERR,ERR,ERR,ERR,ERR,ERR,ERR,ERR,ERR,ERR,ERR,ERR,ERR,ERR,ERR,ERR,ERR,ERR,ERR,ERR,ERR,ERR,ERR,ERR,ERR,ERR,ERR,ERR,ERR,ERR,ERR,ERR,ERR,ERR,ERR,ERR,ERR,ERR,ERR,ERR,ERR,ERR,ERR,ERR,ERR,ERR,ERR,ERR,ERR,ERR,ERR,ERR,ERR,ERR,ERR,ERR,ERR,ERR,ERR,ERR,ERR,ERR,ERR,ERR,ERR,ERR,ERR,ERR,ERR,ERR,ERR,ERR,ERR,ERR,ERR,ERR,ERR,ERR,ERR,ERR,ERR,ERR,ERR,ERR,ERR,ERR,ERR,ERR,ERR,ERR,ERR,ERR,2.7184260577004195e+23,-107615928.0,0.0,0.0,-1.731758578677772e+38,-0.0,-0.0,3.6952986187210074e+29,0,0,4,17403,7116,0.0,100,0.0,0.0,0.0,0.0,0.0,0,0,0,0,0.0,0,0,0,0,0,0,0,0,0,0,0,0,0,0,0,0,0,0,0,0,0,0,0,0,0,0,0,0,0,0,0,0,0,31,40,40,71,65476,0,300,0,0,8,21553,0.0,-107605600.0,0.0,0.0,0.0,0.0,0.0,0.0,0.0,0.0,0.0,0.0,0.0,0.0,0.0,0.0,0.0,0.0,0.0,0.0,0.0,0.0,2.004,-3.697063867931689e+19,0.0,0.0,0.0,0.0,0.0,0.0,4569.0,0.0,6915.0,2.7184260577004195e+23,-107615928.0,2.004,2.004,0.0,0.0,0.0,0.0,69,0.0,0.0,0.0,0.0,0.0,0.0,0.0,0.0,0.0,0,0,0,0.0,0.0,0.0,0.0,0.0,0.0,0.0,0.0,0.0,0.0,0.0,0.0,0.0,0.0,0.0,0.0,0,-107875648.0,69,0.0,138,0.0,2.012,ERR,ERR,ERR,ERR,ERR,ERR,ERR,ERR,ERR,ERR,ERR,ERR,ERR,ERR,ERR,ERR,ERR,ERR,ERR,ERR,ERR,ERR,ERR,ERR,ERR,ERR,ERR,ERR,ERR,ERR,ERR,ERR,ERR,ERR,ERR,ERR,ERR,ERR,ERR,ERR,ERR,ERR,ERR,ERR,ERR,ERR,ERR,ERR,ERR,ERR,ERR,ERR,ERR,ERR,ERR,ERR,ERR,ERR,ERR,ERR,ERR,ERR,ERR,ERR,ERR,ERR,ERR,60.0,60.0,35,0.0,0.0,0.0,0.0,0.0,0.0,0.0,0.0,0.0,0.0,0.0,0.0,0.0,0.0,0.0,0.0,65.2,0,117,56,42,65476,0,300,0,0,8,20529,65476,0,0,2621,60.0,0.0,0.0,0.0,0.0,0.0
2026-07-09T15:08:03,ERR,ERR,ERR,ERR,ERR,ERR,ERR,ERR,ERR,ERR,ERR,ERR,ERR,ERR,ERR,ERR,ERR,ERR,ERR,ERR,ERR,ERR,ERR,ERR,ERR,ERR,ERR,ERR,ERR,ERR,ERR,ERR,ERR,ERR,ERR,ERR,ERR,ERR,ERR,ERR,ERR,ERR,ERR,ERR,ERR,ERR,ERR,ERR,ERR,ERR,ERR,ERR,ERR,ERR,ERR,ERR,ERR,ERR,ERR,ERR,ERR,ERR,ERR,ERR,ERR,ERR,ERR,ERR,ERR,ERR,ERR,ERR,ERR,ERR,ERR,ERR,ERR,ERR,ERR,ERR,ERR,ERR,ERR,ERR,ERR,ERR,ERR,ERR,ERR,ERR,ERR,ERR,ERR,ERR,ERR,ERR,ERR,ERR,ERR,ERR,ERR,ERR,ERR,ERR,ERR,ERR,ERR,ERR,ERR,ERR,ERR,ERR,ERR,ERR,ERR,ERR,ERR,ERR,ERR,ERR,ERR,ERR,ERR,ERR,ERR,2.7184260577004195e+23,-107615928.0,0.0,0.0,-1.731758578677772e+38,-0.0,-0.0,3.6952986187210074e+29,0,0,4,17403,7116,0.0,100,0.0,0.0,0.0,0.0,0.0,0,0,0,0,0.0,0,0,0,0,0,0,0,0,0,0,0,0,0,0,0,0,0,0,0,0,0,0,0,0,0,0,0,0,0,0,0,0,0,31,40,40,71,65476,0,300,0,0,8,21553,0.0,-107605600.0,0.0,0.0,0.0,0.0,0.0,0.0,0.0,0.0,0.0,0.0,0.0,0.0,0.0,0.0,0.0,0.0,0.0,0.0,0.0,0.0,2.004,-3.697063867931689e+19,0.0,0.0,0.0,0.0,0.0,0.0,4569.0,0.0,6915.0,2.7184260577004195e+23,-107615928.0,2.004,2.004,0.0,0.0,0.0,0.0,69,0.0,0.0,0.0,0.0,0.0,0.0,0.0,0.0,0.0,0,0,0,0.0,0.0,0.0,0.0,0.0,0.0,0.0,0.0,0.0,0.0,0.0,0.0,0.0,0.0,0.0,0.0,0,-107875648.0,69,0.0,138,0.0,2.012,ERR,ERR,ERR,ERR,ERR,ERR,ERR,ERR,ERR,ERR,ERR,ERR,ERR,ERR,ERR,ERR,ERR,ERR,ERR,ERR,ERR,ERR,ERR,ERR,ERR,ERR,ERR,ERR,ERR,ERR,ERR,ERR,ERR,ERR,ERR,ERR,ERR,ERR,ERR,ERR,ERR,ERR,ERR,ERR,ERR,ERR,ERR,ERR,ERR,ERR,ERR,ERR,ERR,ERR,ERR,ERR,ERR,ERR,ERR,ERR,ERR,ERR,ERR,ERR,ERR,ERR,ERR,60.0,60.0,35,0.0,0.0,0.0,0.0,0.0,0.0,0.0,0.0,0.0,0.0,0.0,0.0,0.0,0.0,0.0,0.0,65.2,0,117,56,42,65476,0,300,0,0,8,20529,65476,0,0,2621,60.0,0.0,0.0,0.0,0.0,0.0
2026-07-09T15:08:04,ERR,ERR,ERR,ERR,ERR,ERR,ERR,ERR,ERR,ERR,ERR,ERR,ERR,ERR,ERR,ERR,ERR,ERR,ERR,ERR,ERR,ERR,ERR,ERR,ERR,ERR,ERR,ERR,ERR,ERR,ERR,ERR,ERR,ERR,ERR,ERR,ERR,ERR,ERR,ERR,ERR,ERR,ERR,ERR,ERR,ERR,ERR,ERR,ERR,ERR,ERR,ERR,ERR,ERR,ERR,ERR,ERR,ERR,ERR,ERR,ERR,ERR,ERR,ERR,ERR,ERR,ERR,ERR,ERR,ERR,ERR,ERR,ERR,ERR,ERR,ERR,ERR,ERR,ERR,ERR,ERR,ERR,ERR,ERR,ERR,ERR,ERR,ERR,ERR,ERR,ERR,ERR,ERR,ERR,ERR,ERR,ERR,ERR,ERR,ERR,ERR,ERR,ERR,ERR,ERR,ERR,ERR,ERR,ERR,ERR,ERR,ERR,ERR,ERR,ERR,ERR,ERR,ERR,ERR,ERR,ERR,ERR,ERR,ERR,ERR,2.7184260577004195e+23,-107615928.0,0.0,0.0,-1.731758578677772e+38,-5.663966514586653e+26,0.0,-434332663808.0,0,0,4,17403,7116,0.0,100,0.0,0.0,0.0,0.0,0.0,0,0,0,0,0.0,0,0,0,0,0,0,0,0,0,0,0,0,0,0,0,0,0,0,0,0,0,0,0,0,0,0,0,0,0,0,0,0,0,31,40,40,71,65476,0,300,0,0,8,21553,0.0,-107605600.0,0.0,0.0,0.0,0.0,0.0,0.0,0.0,0.0,0.0,0.0,0.0,0.0,0.0,0.0,0.0,0.0,0.0,0.0,0.0,0.0,2.004,-3.697063867931689e+19,0.0,0.0,0.0,0.0,0.0,0.0,4553.0,2.004,6920.0,-107615168.0,-107615928.0,2.004,2.004,0.0,0.0,0.0,0.0,69,-0.0,0.0,0.0,0.0,0.0,0.0,0.0,0.0,0.0,0,0,0,0.0,0.0,0.0,0.0,0.0,0.0,0.0,0.0,0.0,0.0,0.0,0.0,0.0,0.0,0.0,0.0,0,-107875648.0,69,0.0,138,0.0,2.012,ERR,ERR,ERR,ERR,ERR,ERR,ERR,ERR,ERR,ERR,ERR,ERR,ERR,ERR,ERR,ERR,ERR,ERR,ERR,ERR,ERR,ERR,ERR,ERR,ERR,ERR,ERR,ERR,ERR,ERR,ERR,ERR,ERR,ERR,ERR,ERR,ERR,ERR,ERR,ERR,ERR,ERR,ERR,ERR,ERR,ERR,ERR,ERR,ERR,ERR,ERR,ERR,ERR,ERR,ERR,ERR,ERR,ERR,ERR,ERR,ERR,ERR,ERR,ERR,ERR,ERR,ERR,60.0,60.0,35,0.0,0.0,0.0,0.0,0.0,0.0,0.0,0.0,0.0,0.0,0.0,0.0,0.0,0.0,0.0,0.0,65.6,0,117,56,42,65476,0,300,0,0,8,20529,65476,0,0,2621,60.0,0.0,0.0,0.0,0.0,0.0
2026-07-09T15:08:05,ERR,ERR,ERR,ERR,ERR,ERR,ERR,ERR,ERR,ERR,ERR,ERR,ERR,ERR,ERR,ERR,ERR,ERR,ERR,ERR,ERR,ERR,ERR,ERR,ERR,ERR,ERR,ERR,ERR,ERR,ERR,ERR,ERR,ERR,ERR,ERR,ERR,ERR,ERR,ERR,ERR,ERR,ERR,ERR,ERR,ERR,ERR,ERR,ERR,ERR,ERR,ERR,ERR,ERR,ERR,ERR,ERR,ERR,ERR,ERR,ERR,ERR,ERR,ERR,ERR,ERR,ERR,ERR,ERR,ERR,ERR,ERR,ERR,ERR,ERR,ERR,ERR,ERR,ERR,ERR,ERR,ERR,ERR,ERR,ERR,ERR,ERR,ERR,ERR,ERR,ERR,ERR,ERR,ERR,ERR,ERR,ERR,ERR,ERR,ERR,ERR,ERR,ERR,ERR,ERR,ERR,ERR,ERR,ERR,ERR,ERR,ERR,ERR,ERR,ERR,ERR,ERR,ERR,ERR,ERR,ERR,ERR,ERR,ERR,ERR,2.7184260577004195e+23,-107615928.0,0.0,0.0,-1.731758578677772e+38,-5.663966514586653e+26,0.0,-434332663808.0,0,0,4,17403,7116,0.0,100,0.0,0.0,0.0,0.0,0.0,0,0,0,0,0.0,0,0,0,0,0,0,0,0,0,0,0,0,0,0,0,0,0,0,0,0,0,0,0,0,0,0,0,0,0,0,0,0,0,31,40,40,71,65476,0,300,0,0,8,21553,0.0,-107605600.0,0.0,0.0,0.0,0.0,0.0,0.0,0.0,0.0,0.0,0.0,0.0,0.0,0.0,0.0,0.0,0.0,0.0,0.0,0.0,0.0,2.004,-3.697063867931689e+19,0.0,0.0,0.0,0.0,0.0,0.0,4553.0,2.004,6920.0,-107615168.0,-107615928.0,2.004,2.004,0.0,0.0,0.0,0.0,69,-0.0,0.0,0.0,0.0,0.0,0.0,0.0,0.0,0.0,0,0,0,0.0,0.0,0.0,0.0,0.0,0.0,0.0,0.0,0.0,0.0,0.0,0.0,0.0,0.0,0.0,0.0,0,-107875648.0,69,0.0,138,0.0,2.012,ERR,ERR,ERR,ERR,ERR,ERR,ERR,ERR,ERR,ERR,ERR,ERR,ERR,ERR,ERR,ERR,ERR,ERR,ERR,ERR,ERR,ERR,ERR,ERR,ERR,ERR,ERR,ERR,ERR,ERR,ERR,ERR,ERR,ERR,ERR,ERR,ERR,ERR,ERR,ERR,ERR,ERR,ERR,ERR,ERR,ERR,ERR,ERR,ERR,ERR,ERR,ERR,ERR,ERR,ERR,ERR,ERR,ERR,ERR,ERR,ERR,ERR,ERR,ERR,ERR,ERR,ERR,60.0,60.0,35,0.0,0.0,0.0,0.0,0.0,0.0,0.0,0.0,0.0,0.0,0.0,0.0,0.0,0.0,0.0,0.0,65.6,0,117,56,42,65476,0,300,0,0,8,20529,65476,0,0,2621,60.0,0.0,0.0,0.0,0.0,0.0
2026-07-09T15:08:06,ERR,ERR,ERR,ERR,ERR,ERR,ERR,ERR,ERR,ERR,ERR,ERR,ERR,ERR,ERR,ERR,ERR,ERR,ERR,ERR,ERR,ERR,ERR,ERR,ERR,ERR,ERR,ERR,ERR,ERR,ERR,ERR,ERR,ERR,ERR,ERR,ERR,ERR,ERR,ERR,ERR,ERR,ERR,ERR,ERR,ERR,ERR,ERR,ERR,ERR,ERR,ERR,ERR,ERR,ERR,ERR,ERR,ERR,ERR,ERR,ERR,ERR,ERR,ERR,ERR,ERR,ERR,ERR,ERR,ERR,ERR,ERR,ERR,ERR,ERR,ERR,ERR,ERR,ERR,ERR,ERR,ERR,ERR,ERR,ERR,ERR,ERR,ERR,ERR,ERR,ERR,ERR,ERR,ERR,ERR,ERR,ERR,ERR,ERR,ERR,ERR,ERR,ERR,ERR,ERR,ERR,ERR,ERR,ERR,ERR,ERR,ERR,ERR,ERR,ERR,ERR,ERR,ERR,ERR,ERR,ERR,ERR,ERR,ERR,ERR,2.7184260577004195e+23,-107615928.0,0.0,0.0,-1.731758578677772e+38,-5.663966514586653e+26,0.0,-434332663808.0,0,0,4,17403,7116,0.0,100,0.0,0.0,0.0,0.0,0.0,0,0,0,0,0.0,0,0,0,0,0,0,0,0,0,0,0,0,0,0,0,0,0,0,0,0,0,0,0,0,0,0,0,0,0,0,0,0,0,31,40,40,71,65476,0,300,0,0,8,21553,0.0,-107605600.0,0.0,0.0,0.0,0.0,0.0,0.0,0.0,0.0,0.0,0.0,0.0,0.0,0.0,0.0,0.0,0.0,0.0,0.0,0.0,0.0,2.004,-3.697063867931689e+19,0.0,0.0,0.0,0.0,0.0,0.0,4553.0,2.004,6920.0,-107615168.0,-107615928.0,2.004,2.004,0.0,0.0,0.0,0.0,69,-0.0,0.0,0.0,0.0,0.0,0.0,0.0,0.0,0.0,0,0,0,0.0,0.0,0.0,0.0,0.0,0.0,0.0,0.0,0.0,0.0,0.0,0.0,0.0,0.0,0.0,0.0,0,-107875648.0,69,0.0,138,0.0,2.012,ERR,ERR,ERR,ERR,ERR,ERR,ERR,ERR,ERR,ERR,ERR,ERR,ERR,ERR,ERR,ERR,ERR,ERR,ERR,ERR,ERR,ERR,ERR,ERR,ERR,ERR,ERR,ERR,ERR,ERR,ERR,ERR,ERR,ERR,ERR,ERR,ERR,ERR,ERR,ERR,ERR,ERR,ERR,ERR,ERR,ERR,ERR,ERR,ERR,ERR,ERR,ERR,ERR,ERR,ERR,ERR,ERR,ERR,ERR,ERR,ERR,ERR,ERR,ERR,ERR,ERR,ERR,60.0,60.0,35,0.0,0.0,0.0,0.0,0.0,0.0,0.0,0.0,0.0,0.0,0.0,0.0,0.0,0.0,0.0,0.0,65.6,0,117,56,42,65476,0,300,0,0,8,20529,65476,0,0,2621,60.0,0.0,0.0,0.0,0.0,0.0
2026-07-09T15:08:07,ERR,ERR,ERR,ERR,ERR,ERR,ERR,ERR,ERR,ERR,ERR,ERR,ERR,ERR,ERR,ERR,ERR,ERR,ERR,ERR,ERR,ERR,ERR,ERR,ERR,ERR,ERR,ERR,ERR,ERR,ERR,ERR,ERR,ERR,ERR,ERR,ERR,ERR,ERR,ERR,ERR,ERR,ERR,ERR,ERR,ERR,ERR,ERR,ERR,ERR,ERR,ERR,ERR,ERR,ERR,ERR,ERR,ERR,ERR,ERR,ERR,ERR,ERR,ERR,ERR,ERR,ERR,ERR,ERR,ERR,ERR,ERR,ERR,ERR,ERR,ERR,ERR,ERR,ERR,ERR,ERR,ERR,ERR,ERR,ERR,ERR,ERR,ERR,ERR,ERR,ERR,ERR,ERR,ERR,ERR,ERR,ERR,ERR,ERR,ERR,ERR,ERR,ERR,ERR,ERR,ERR,ERR,ERR,ERR,ERR,ERR,ERR,ERR,ERR,ERR,ERR,ERR,ERR,ERR,ERR,ERR,ERR,ERR,ERR,ERR,2.7184260577004195e+23,-107615928.0,0.0,0.0,-1.731758578677772e+38,-5.663966514586653e+26,0.0,-434332663808.0,0,0,4,17403,7116,0.0,100,0.0,0.0,0.0,0.0,0.0,0,0,0,0,0.0,0,0,0,0,0,0,0,0,0,0,0,0,0,0,0,0,0,0,0,0,0,0,0,0,0,0,0,0,0,0,0,0,0,31,40,40,71,65476,0,300,0,0,8,21553,0.0,-107605600.0,0.0,0.0,0.0,0.0,0.0,0.0,0.0,0.0,0.0,0.0,0.0,0.0,0.0,0.0,0.0,0.0,0.0,0.0,0.0,0.0,2.004,-3.697063867931689e+19,0.0,0.0,0.0,0.0,0.0,0.0,4553.0,2.004,6920.0,-107615168.0,-107615928.0,2.004,2.004,0.0,0.0,0.0,0.0,69,-0.0,0.0,0.0,0.0,0.0,0.0,0.0,0.0,0.0,0,0,0,0.0,0.0,0.0,0.0,0.0,0.0,0.0,0.0,0.0,0.0,0.0,0.0,0.0,0.0,0.0,0.0,0,-107875648.0,69,0.0,138,0.0,2.012,ERR,ERR,ERR,ERR,ERR,ERR,ERR,ERR,ERR,ERR,ERR,ERR,ERR,ERR,ERR,ERR,ERR,ERR,ERR,ERR,ERR,ERR,ERR,ERR,ERR,ERR,ERR,ERR,ERR,ERR,ERR,ERR,ERR,ERR,ERR,ERR,ERR,ERR,ERR,ERR,ERR,ERR,ERR,ERR,ERR,ERR,ERR,ERR,ERR,ERR,ERR,ERR,ERR,ERR,ERR,ERR,ERR,ERR,ERR,ERR,ERR,ERR,ERR,ERR,ERR,ERR,ERR,60.0,60.0,35,0.0,0.0,0.0,0.0,0.0,0.0,0.0,0.0,0.0,0.0,0.0,0.0,0.0,0.0,0.0,0.0,65.2,0,117,56,42,65476,0,300,0,0,8,20529,65476,0,0,2621,60.0,0.0,0.0,0.0,0.0,0.0
2026-07-09T15:08:08,ERR,ERR,ERR,ERR,ERR,ERR,ERR,ERR,ERR,ERR,ERR,ERR,ERR,ERR,ERR,ERR,ERR,ERR,ERR,ERR,ERR,ERR,ERR,ERR,ERR,ERR,ERR,ERR,ERR,ERR,ERR,ERR,ERR,ERR,ERR,ERR,ERR,ERR,ERR,ERR,ERR,ERR,ERR,ERR,ERR,ERR,ERR,ERR,ERR,ERR,ERR,ERR,ERR,ERR,ERR,ERR,ERR,ERR,ERR,ERR,ERR,ERR,ERR,ERR,ERR,ERR,ERR,ERR,ERR,ERR,ERR,ERR,ERR,ERR,ERR,ERR,ERR,ERR,ERR,ERR,ERR,ERR,ERR,ERR,ERR,ERR,ERR,ERR,ERR,ERR,ERR,ERR,ERR,ERR,ERR,ERR,ERR,ERR,ERR,ERR,ERR,ERR,ERR,ERR,ERR,ERR,ERR,ERR,ERR,ERR,ERR,ERR,ERR,ERR,ERR,ERR,ERR,ERR,ERR,ERR,ERR,ERR,ERR,ERR,ERR,-107615168.0,-107615928.0,-107614640.0,0.0,3.2523613333932374e+32,-59311696.0,-3.0525178498655406e+23,3.822878079697838e+35,0,0,4,17401,7116,0.0,100,0.0,0.0,0.0,0.0,0.0,0,0,0,0,0.0,0,0,0,0,0,0,0,0,0,0,0,0,0,0,0,0,0,0,0,0,0,0,0,0,0,0,0,0,0,0,0,0,0,31,40,40,71,65476,0,300,0,0,8,21553,0.0,-107605600.0,0.0,0.0,0.0,0.0,0.0,0.0,0.0,0.0,0.0,0.0,0.0,0.0,0.0,0.0,0.0,0.0,0.0,0.0,0.0,0.0,-0.0,-3.697063867931689e+19,0.0,0.0,0.0,0.0,0.0,0.0,4571.0,3.697179976359582e+19,6924.0,-107615168.0,-107615928.0,2.004,2.004,0.0,0.0,0.0,0.0,69,0.0,0.059,0.0,0.0,0.0,0.0,0.0,0.0,0.0,0,0,0,0.0,0.0,0.0,0.0,0.0,0.0,0.0,0.0,0.0,0.0,0.0,0.0,0.0,0.0,0.0,0.0,0,-107875648.0,69,0.0,138,0.0,2.012,ERR,ERR,ERR,ERR,ERR,ERR,ERR,ERR,ERR,ERR,ERR,ERR,ERR,ERR,ERR,ERR,ERR,ERR,ERR,ERR,ERR,ERR,ERR,ERR,ERR,ERR,ERR,ERR,ERR,ERR,ERR,ERR,ERR,ERR,ERR,ERR,ERR,ERR,ERR,ERR,ERR,ERR,ERR,ERR,ERR,ERR,ERR,ERR,ERR,ERR,ERR,ERR,ERR,ERR,ERR,ERR,ERR,ERR,ERR,ERR,ERR,ERR,ERR,ERR,ERR,ERR,ERR,60.0,60.0,35,0.0,0.0,0.0,0.0,0.0,0.0,0.0,0.0,0.0,0.0,0.0,0.0,0.0,0.0,0.0,0.0,65.2,0,117,56,42,65476,0,300,0,0,8,20529,65476,0,0,2621,60.0,0.0,0.0,0.0,0.0,0.0
2026-07-09T15:08:09,ERR,ERR,ERR,ERR,ERR,ERR,ERR,ERR,ERR,ERR,ERR,ERR,ERR,ERR,ERR,ERR,ERR,ERR,ERR,ERR,ERR,ERR,ERR,ERR,ERR,ERR,ERR,ERR,ERR,ERR,ERR,ERR,ERR,ERR,ERR,ERR,ERR,ERR,ERR,ERR,ERR,ERR,ERR,ERR,ERR,ERR,ERR,ERR,ERR,ERR,ERR,ERR,ERR,ERR,ERR,ERR,ERR,ERR,ERR,ERR,ERR,ERR,ERR,ERR,ERR,ERR,ERR,ERR,ERR,ERR,ERR,ERR,ERR,ERR,ERR,ERR,ERR,ERR,ERR,ERR,ERR,ERR,ERR,ERR,ERR,ERR,ERR,ERR,ERR,ERR,ERR,ERR,ERR,ERR,ERR,ERR,ERR,ERR,ERR,ERR,ERR,ERR,ERR,ERR,ERR,ERR,ERR,ERR,ERR,ERR,ERR,ERR,ERR,ERR,ERR,ERR,ERR,ERR,ERR,ERR,ERR,ERR,ERR,ERR,ERR,-107615168.0,-107615928.0,-107614640.0,0.0,3.2523613333932374e+32,-59311696.0,-3.0525178498655406e+23,3.822878079697838e+35,0,0,4,17401,7116,0.0,100,0.0,0.0,0.0,0.0,0.0,0,0,0,0,0.0,0,0,0,0,0,0,0,0,0,0,0,0,0,0,0,0,0,0,0,0,0,0,0,0,0,0,0,0,0,0,0,0,0,31,40,40,71,65476,0,300,0,0,8,21553,0.0,-107605600.0,0.0,0.0,0.0,0.0,0.0,0.0,0.0,0.0,0.0,0.0,0.0,0.0,0.0,0.0,0.0,0.0,0.0,0.0,0.0,0.0,-0.0,-3.697063867931689e+19,0.0,0.0,0.0,0.0,0.0,0.0,4571.0,3.697179976359582e+19,6924.0,-107615168.0,-107615928.0,2.004,2.004,0.0,0.0,0.0,0.0,69,0.0,0.059,0.0,0.0,0.0,0.0,0.0,0.0,0.0,0,0,0,0.0,0.0,0.0,0.0,0.0,0.0,0.0,0.0,0.0,0.0,0.0,0.0,0.0,0.0,0.0,0.0,0,-107875648.0,69,0.0,138,0.0,2.012,ERR,ERR,ERR,ERR,ERR,ERR,ERR,ERR,ERR,ERR,ERR,ERR,ERR,ERR,ERR,ERR,ERR,ERR,ERR,ERR,ERR,ERR,ERR,ERR,ERR,ERR,ERR,ERR,ERR,ERR,ERR,ERR,ERR,ERR,ERR,ERR,ERR,ERR,ERR,ERR,ERR,ERR,ERR,ERR,ERR,ERR,ERR,ERR,ERR,ERR,ERR,ERR,ERR,ERR,ERR,ERR,ERR,ERR,ERR,ERR,ERR,ERR,ERR,ERR,ERR,ERR,ERR,60.0,60.0,35,0.0,0.0,0.0,0.0,0.0,0.0,0.0,0.0,0.0,0.0,0.0,0.0,0.0,0.0,0.0,0.0,65.2,0,117,56,42,65476,0,300,0,0,8,20529,65476,0,0,2621,60.0,0.0,0.0,0.0,0.0,0.0
2026-07-09T15:08:10,ERR,ERR,ERR,ERR,ERR,ERR,ERR,ERR,ERR,ERR,ERR,ERR,ERR,ERR,ERR,ERR,ERR,ERR,ERR,ERR,ERR,ERR,ERR,ERR,ERR,ERR,ERR,ERR,ERR,ERR,ERR,ERR,ERR,ERR,ERR,ERR,ERR,ERR,ERR,ERR,ERR,ERR,ERR,ERR,ERR,ERR,ERR,ERR,ERR,ERR,ERR,ERR,ERR,ERR,ERR,ERR,ERR,ERR,ERR,ERR,ERR,ERR,ERR,ERR,ERR,ERR,ERR,ERR,ERR,ERR,ERR,ERR,ERR,ERR,ERR,ERR,ERR,ERR,ERR,ERR,ERR,ERR,ERR,ERR,ERR,ERR,ERR,ERR,ERR,ERR,ERR,ERR,ERR,ERR,ERR,ERR,ERR,ERR,ERR,ERR,ERR,ERR,ERR,ERR,ERR,ERR,ERR,ERR,ERR,ERR,ERR,ERR,ERR,ERR,ERR,ERR,ERR,ERR,ERR,ERR,ERR,ERR,ERR,ERR,ERR,-107615168.0,-107615928.0,-107614640.0,0.0,3.2523613333932374e+32,-59311696.0,-3.0525178498655406e+23,3.822878079697838e+35,0,0,4,17401,7116,0.0,100,0.0,0.0,0.0,0.0,0.0,0,0,0,0,0.0,0,0,0,0,0,0,0,0,0,0,0,0,0,0,0,0,0,0,0,0,0,0,0,0,0,0,0,0,0,0,0,0,0,31,40,40,71,65476,0,300,0,0,8,21553,0.0,-107605600.0,0.0,0.0,0.0,0.0,0.0,0.0,0.0,0.0,0.0,0.0,0.0,0.0,0.0,0.0,0.0,0.0,0.0,0.0,0.0,0.0,-0.0,-3.697063867931689e+19,0.0,0.0,0.0,0.0,0.0,0.0,4571.0,3.697179976359582e+19,6924.0,-107615168.0,-107615928.0,2.004,2.004,0.0,0.0,0.0,0.0,69,0.0,0.059,0.0,0.0,0.0,0.0,0.0,0.0,0.0,0,0,0,0.0,0.0,0.0,0.0,0.0,0.0,0.0,0.0,0.0,0.0,0.0,0.0,0.0,0.0,0.0,0.0,0,-107875648.0,69,0.0,138,0.0,2.012,ERR,ERR,ERR,ERR,ERR,ERR,ERR,ERR,ERR,ERR,ERR,ERR,ERR,ERR,ERR,ERR,ERR,ERR,ERR,ERR,ERR,ERR,ERR,ERR,ERR,ERR,ERR,ERR,ERR,ERR,ERR,ERR,ERR,ERR,ERR,ERR,ERR,ERR,ERR,ERR,ERR,ERR,ERR,ERR,ERR,ERR,ERR,ERR,ERR,ERR,ERR,ERR,ERR,ERR,ERR,ERR,ERR,ERR,ERR,ERR,ERR,ERR,ERR,ERR,ERR,ERR,ERR,60.0,60.0,35,0.0,0.0,0.0,0.0,0.0,0.0,0.0,0.0,0.0,0.0,0.0,0.0,0.0,0.0,0.0,0.0,65.2,0,117,56,42,65476,0,300,0,0,8,20529,65476,0,0,2621,60.0,0.0,0.0,0.0,0.0,0.0
2026-07-09T15:08:11,ERR,ERR,ERR,ERR,ERR,ERR,ERR,ERR,ERR,ERR,ERR,ERR,ERR,ERR,ERR,ERR,ERR,ERR,ERR,ERR,ERR,ERR,ERR,ERR,ERR,ERR,ERR,ERR,ERR,ERR,ERR,ERR,ERR,ERR,ERR,ERR,ERR,ERR,ERR,ERR,ERR,ERR,ERR,ERR,ERR,ERR,ERR,ERR,ERR,ERR,ERR,ERR,ERR,ERR,ERR,ERR,ERR,ERR,ERR,ERR,ERR,ERR,ERR,ERR,ERR,ERR,ERR,ERR,ERR,ERR,ERR,ERR,ERR,ERR,ERR,ERR,ERR,ERR,ERR,ERR,ERR,ERR,ERR,ERR,ERR,ERR,ERR,ERR,ERR,ERR,ERR,ERR,ERR,ERR,ERR,ERR,ERR,ERR,ERR,ERR,ERR,ERR,ERR,ERR,ERR,ERR,ERR,ERR,ERR,ERR,ERR,ERR,ERR,ERR,ERR,ERR,ERR,ERR,ERR,ERR,ERR,ERR,ERR,ERR,ERR,-107615168.0,-107615928.0,-107614640.0,0.0,3.2523613333932374e+32,-59311696.0,-3.0525178498655406e+23,3.822878079697838e+35,0,0,4,17401,7116,0.0,100,0.0,0.0,0.0,0.0,0.0,0,0,0,0,0.0,0,0,0,0,0,0,0,0,0,0,0,0,0,0,0,0,0,0,0,0,0,0,0,0,0,0,0,0,0,0,0,0,0,31,40,40,71,65476,0,300,0,0,8,21553,0.0,-107605600.0,0.0,0.0,0.0,0.0,0.0,0.0,0.0,0.0,0.0,0.0,0.0,0.0,0.0,0.0,0.0,0.0,0.0,0.0,0.0,0.0,-0.0,-3.697063867931689e+19,0.0,0.0,0.0,0.0,0.0,0.0,4571.0,3.697179976359582e+19,6924.0,-107615168.0,-107615928.0,2.004,2.004,0.0,0.0,0.0,0.0,69,0.0,0.059,0.0,0.0,0.0,0.0,0.0,0.0,0.0,0,0,0,0.0,0.0,0.0,0.0,0.0,0.0,0.0,0.0,0.0,0.0,0.0,0.0,0.0,0.0,0.0,0.0,0,-107875648.0,69,0.0,138,0.0,2.012,ERR,ERR,ERR,ERR,ERR,ERR,ERR,ERR,ERR,ERR,ERR,ERR,ERR,ERR,ERR,ERR,ERR,ERR,ERR,ERR,ERR,ERR,ERR,ERR,ERR,ERR,ERR,ERR,ERR,ERR,ERR,ERR,ERR,ERR,ERR,ERR,ERR,ERR,ERR,ERR,ERR,ERR,ERR,ERR,ERR,ERR,ERR,ERR,ERR,ERR,ERR,ERR,ERR,ERR,ERR,ERR,ERR,ERR,ERR,ERR,ERR,ERR,ERR,ERR,ERR,ERR,ERR,60.0,60.0,35,0.0,0.0,0.0,0.0,0.0,0.0,0.0,0.0,0.0,0.0,0.0,0.0,0.0,0.0,0.0,0.0,65.2,0,117,56,42,65476,0,300,0,0,8,20529,65476,0,0,2621,60.0,0.0,0.0,0.0,0.0,0.0
2026-07-09T15:08:12,ERR,ERR,ERR,ERR,ERR,ERR,ERR,ERR,ERR,ERR,ERR,ERR,ERR,ERR,ERR,ERR,ERR,ERR,ERR,ERR,ERR,ERR,ERR,ERR,ERR,ERR,ERR,ERR,ERR,ERR,ERR,ERR,ERR,ERR,ERR,ERR,ERR,ERR,ERR,ERR,ERR,ERR,ERR,ERR,ERR,ERR,ERR,ERR,ERR,ERR,ERR,ERR,ERR,ERR,ERR,ERR,ERR,ERR,ERR,ERR,ERR,ERR,ERR,ERR,ERR,ERR,ERR,ERR,ERR,ERR,ERR,ERR,ERR,ERR,ERR,ERR,ERR,ERR,ERR,ERR,ERR,ERR,ERR,ERR,ERR,ERR,ERR,ERR,ERR,ERR,ERR,ERR,ERR,ERR,ERR,ERR,ERR,ERR,ERR,ERR,ERR,ERR,ERR,ERR,ERR,ERR,ERR,ERR,ERR,ERR,ERR,ERR,ERR,ERR,ERR,ERR,ERR,ERR,ERR,ERR,ERR,ERR,ERR,ERR,ERR,-107615168.0,-107615928.0,-107614640.0,0.0,3.2523613333932374e+32,-59311696.0,-3.0525178498655406e+23,3.822878079697838e+35,0,0,4,17401,7116,0.0,100,0.0,0.0,0.0,0.0,0.0,0,0,0,0,0.0,0,0,0,0,0,0,0,0,0,0,0,0,0,0,0,0,0,0,0,0,0,0,0,0,0,0,0,0,0,0,0,0,0,31,40,40,71,65476,0,300,0,0,8,21553,0.0,-107605600.0,0.0,0.0,0.0,0.0,0.0,0.0,0.0,0.0,0.0,0.0,0.0,0.0,0.0,0.0,0.0,0.0,0.0,0.0,0.0,0.0,-0.0,-3.697063867931689e+19,0.0,0.0,0.0,0.0,0.0,0.0,4571.0,3.697179976359582e+19,6924.0,-107615168.0,-107615928.0,2.004,2.004,0.0,0.0,0.0,0.0,69,0.0,0.059,0.0,0.0,0.0,0.0,0.0,0.0,0.0,0,0,0,0.0,0.0,0.0,0.0,0.0,0.0,0.0,0.0,0.0,0.0,0.0,0.0,0.0,0.0,0.0,0.0,0,-107875648.0,69,0.0,138,0.0,2.012,ERR,ERR,ERR,ERR,ERR,ERR,ERR,ERR,ERR,ERR,ERR,ERR,ERR,ERR,ERR,ERR,ERR,ERR,ERR,ERR,ERR,ERR,ERR,ERR,ERR,ERR,ERR,ERR,ERR,ERR,ERR,ERR,ERR,ERR,ERR,ERR,ERR,ERR,ERR,ERR,ERR,ERR,ERR,ERR,ERR,ERR,ERR,ERR,ERR,ERR,ERR,ERR,ERR,ERR,ERR,ERR,ERR,ERR,ERR,ERR,ERR,ERR,ERR,ERR,ERR,ERR,ERR,60.0,60.0,35,0.0,0.0,0.0,0.0,0.0,0.0,0.0,0.0,0.0,0.0,0.0,0.0,0.0,0.0,0.0,0.0,65.6,0,117,56,42,65476,0,300,0,0,8,20529,65476,0,0,2621,60.0,0.0,0.0,0.0,0.0,0.0
2026-07-09T15:08:13,ERR,ERR,ERR,ERR,ERR,ERR,ERR,ERR,ERR,ERR,ERR,ERR,ERR,ERR,ERR,ERR,ERR,ERR,ERR,ERR,ERR,ERR,ERR,ERR,ERR,ERR,ERR,ERR,ERR,ERR,ERR,ERR,ERR,ERR,ERR,ERR,ERR,ERR,ERR,ERR,ERR,ERR,ERR,ERR,ERR,ERR,ERR,ERR,ERR,ERR,ERR,ERR,ERR,ERR,ERR,ERR,ERR,ERR,ERR,ERR,ERR,ERR,ERR,ERR,ERR,ERR,ERR,ERR,ERR,ERR,ERR,ERR,ERR,ERR,ERR,ERR,ERR,ERR,ERR,ERR,ERR,ERR,ERR,ERR,ERR,ERR,ERR,ERR,ERR,ERR,ERR,ERR,ERR,ERR,ERR,ERR,ERR,ERR,ERR,ERR,ERR,ERR,ERR,ERR,ERR,ERR,ERR,ERR,ERR,ERR,ERR,ERR,ERR,ERR,ERR,ERR,ERR,ERR,ERR,ERR,ERR,ERR,ERR,ERR,ERR,-107615168.0,-107615928.0,-107614640.0,0.0,3.2523613333932374e+32,-3.4946443533811097e+25,0.0,217345.953,0,0,4,17403,7116,0.0,100,0.0,0.0,2.718366610185338e+23,0.0,0.0,0,0,0,0,0.0,0,0,0,0,0,0,0,0,0,0,0,0,0,0,0,0,0,0,0,0,0,0,0,0,0,0,0,0,0,0,0,0,0,31,40,40,71,65476,0,300,0,0,8,21553,0.0,-107605600.0,0.0,0.0,0.0,0.0,0.0,0.0,0.0,0.0,0.0,0.0,0.0,0.0,0.0,0.0,0.0,0.0,0.0,0.0,0.0,0.0,-0.0,-3.697063867931689e+19,0.0,0.0,0.0,0.0,0.0,0.0,4563.0,131350.219,6921.0,-107615168.0,-107615928.0,2.004,2.004,0.0,0.0,0.0,0.0,69,-0.0,0.0,0.0,0.0,0.0,0.0,0.0,0.0,0.0,0,0,0,0.0,0.0,0.0,0.0,0.0,0.0,0.0,0.0,0.0,0.0,0.0,0.0,0.0,0.0,0.0,0.0,0,-107875648.0,69,0.0,138,0.0,2.012,ERR,ERR,ERR,ERR,ERR,ERR,ERR,ERR,ERR,ERR,ERR,ERR,ERR,ERR,ERR,ERR,ERR,ERR,ERR,ERR,ERR,ERR,ERR,ERR,ERR,ERR,ERR,ERR,ERR,ERR,ERR,ERR,ERR,ERR,ERR,ERR,ERR,ERR,ERR,ERR,ERR,ERR,ERR,ERR,ERR,ERR,ERR,ERR,ERR,ERR,ERR,ERR,ERR,ERR,ERR,ERR,ERR,ERR,ERR,ERR,ERR,ERR,ERR,ERR,ERR,ERR,ERR,60.0,60.0,35,0.0,0.0,0.0,0.0,0.0,0.0,0.0,0.0,0.0,0.0,0.0,0.0,0.0,0.0,0.0,0.0,65.6,0,117,56,42,65476,0,300,0,0,8,20529,65476,0,0,2621,60.0,0.0,0.0,0.0,0.0,0.0
2026-07-09T15:08:14,ERR,ERR,ERR,ERR,ERR,ERR,ERR,ERR,ERR,ERR,ERR,ERR,ERR,ERR,ERR,ERR,ERR,ERR,ERR,ERR,ERR,ERR,ERR,ERR,ERR,ERR,ERR,ERR,ERR,ERR,ERR,ERR,ERR,ERR,ERR,ERR,ERR,ERR,ERR,ERR,ERR,ERR,ERR,ERR,ERR,ERR,ERR,ERR,ERR,ERR,ERR,ERR,ERR,ERR,ERR,ERR,ERR,ERR,ERR,ERR,ERR,ERR,ERR,ERR,ERR,ERR,ERR,ERR,ERR,ERR,ERR,ERR,ERR,ERR,ERR,ERR,ERR,ERR,ERR,ERR,ERR,ERR,ERR,ERR,ERR,ERR,ERR,ERR,ERR,ERR,ERR,ERR,ERR,ERR,ERR,ERR,ERR,ERR,ERR,ERR,ERR,ERR,ERR,ERR,ERR,ERR,ERR,ERR,ERR,ERR,ERR,ERR,ERR,ERR,ERR,ERR,ERR,ERR,ERR,ERR,ERR,ERR,ERR,ERR,ERR,-107615168.0,-107615928.0,-107614640.0,0.0,3.2523613333932374e+32,-3.4946443533811097e+25,0.0,217345.953,0,0,4,17403,7116,0.0,100,0.0,0.0,2.718366610185338e+23,0.0,0.0,0,0,0,0,0.0,0,0,0,0,0,0,0,0,0,0,0,0,0,0,0,0,0,0,0,0,0,0,0,0,0,0,0,0,0,0,0,0,0,31,40,40,71,65476,0,300,0,0,8,21553,0.0,-107605600.0,0.0,0.0,0.0,0.0,0.0,0.0,0.0,0.0,0.0,0.0,0.0,0.0,0.0,0.0,0.0,0.0,0.0,0.0,0.0,0.0,-0.0,-3.697063867931689e+19,0.0,0.0,0.0,0.0,0.0,0.0,4563.0,131350.219,6921.0,-107615168.0,-107615928.0,2.004,2.004,0.0,0.0,0.0,0.0,69,-0.0,0.0,0.0,0.0,0.0,0.0,0.0,0.0,0.0,0,0,0,0.0,0.0,0.0,0.0,0.0,0.0,0.0,0.0,0.0,0.0,0.0,0.0,0.0,0.0,0.0,0.0,0,-107875648.0,69,0.0,138,0.0,2.012,ERR,ERR,ERR,ERR,ERR,ERR,ERR,ERR,ERR,ERR,ERR,ERR,ERR,ERR,ERR,ERR,ERR,ERR,ERR,ERR,ERR,ERR,ERR,ERR,ERR,ERR,ERR,ERR,ERR,ERR,ERR,ERR,ERR,ERR,ERR,ERR,ERR,ERR,ERR,ERR,ERR,ERR,ERR,ERR,ERR,ERR,ERR,ERR,ERR,ERR,ERR,ERR,ERR,ERR,ERR,ERR,ERR,ERR,ERR,ERR,ERR,ERR,ERR,ERR,ERR,ERR,ERR,60.0,60.0,35,0.0,0.0,0.0,0.0,0.0,0.0,0.0,0.0,0.0,0.0,0.0,0.0,0.0,0.0,0.0,0.0,65.6,0,117,56,42,65476,0,300,0,0,8,20529,65476,0,0,2621,60.0,0.0,0.0,0.0,0.0,0.0
2026-07-09T15:08:15,ERR,ERR,ERR,ERR,ERR,ERR,ERR,ERR,ERR,ERR,ERR,ERR,ERR,ERR,ERR,ERR,ERR,ERR,ERR,ERR,ERR,ERR,ERR,ERR,ERR,ERR,ERR,ERR,ERR,ERR,ERR,ERR,ERR,ERR,ERR,ERR,ERR,ERR,ERR,ERR,ERR,ERR,ERR,ERR,ERR,ERR,ERR,ERR,ERR,ERR,ERR,ERR,ERR,ERR,ERR,ERR,ERR,ERR,ERR,ERR,ERR,ERR,ERR,ERR,ERR,ERR,ERR,ERR,ERR,ERR,ERR,ERR,ERR,ERR,ERR,ERR,ERR,ERR,ERR,ERR,ERR,ERR,ERR,ERR,ERR,ERR,ERR,ERR,ERR,ERR,ERR,ERR,ERR,ERR,ERR,ERR,ERR,ERR,ERR,ERR,ERR,ERR,ERR,ERR,ERR,ERR,ERR,ERR,ERR,ERR,ERR,ERR,ERR,ERR,ERR,ERR,ERR,ERR,ERR,ERR,ERR,ERR,ERR,ERR,ERR,-107615168.0,-107615928.0,-107614640.0,0.0,3.2523613333932374e+32,-3.4946443533811097e+25,0.0,217345.953,0,0,4,17403,7116,0.0,100,0.0,0.0,2.718366610185338e+23,0.0,0.0,0,0,0,0,0.0,0,0,0,0,0,0,0,0,0,0,0,0,0,0,0,0,0,0,0,0,0,0,0,0,0,0,0,0,0,0,0,0,0,31,40,40,71,65476,0,300,0,0,8,21553,0.0,-107605600.0,0.0,0.0,0.0,0.0,0.0,0.0,0.0,0.0,0.0,0.0,0.0,0.0,0.0,0.0,0.0,0.0,0.0,0.0,0.0,0.0,-0.0,-3.697063867931689e+19,0.0,0.0,0.0,0.0,0.0,0.0,4563.0,131350.219,6921.0,-107615168.0,-107615928.0,2.004,2.004,0.0,0.0,0.0,0.0,69,-0.0,0.0,0.0,0.0,0.0,0.0,0.0,0.0,0.0,0,0,0,0.0,0.0,0.0,0.0,0.0,0.0,0.0,0.0,0.0,0.0,0.0,0.0,0.0,0.0,0.0,0.0,0,-107875648.0,69,0.0,138,0.0,2.012,ERR,ERR,ERR,ERR,ERR,ERR,ERR,ERR,ERR,ERR,ERR,ERR,ERR,ERR,ERR,ERR,ERR,ERR,ERR,ERR,ERR,ERR,ERR,ERR,ERR,ERR,ERR,ERR,ERR,ERR,ERR,ERR,ERR,ERR,ERR,ERR,ERR,ERR,ERR,ERR,ERR,ERR,ERR,ERR,ERR,ERR,ERR,ERR,ERR,ERR,ERR,ERR,ERR,ERR,ERR,ERR,ERR,ERR,ERR,ERR,ERR,ERR,ERR,ERR,ERR,ERR,ERR,60.0,60.0,35,0.0,0.0,0.0,0.0,0.0,0.0,0.0,0.0,0.0,0.0,0.0,0.0,0.0,0.0,0.0,0.0,65.6,0,117,56,42,65476,0,300,0,0,8,20529,65476,0,0,2621,60.0,0.0,0.0,0.0,0.0,0.0
2026-07-09T15:08:16,ERR,ERR,ERR,ERR,ERR,ERR,ERR,ERR,ERR,ERR,ERR,ERR,ERR,ERR,ERR,ERR,ERR,ERR,ERR,ERR,ERR,ERR,ERR,ERR,ERR,ERR,ERR,ERR,ERR,ERR,ERR,ERR,ERR,ERR,ERR,ERR,ERR,ERR,ERR,ERR,ERR,ERR,ERR,ERR,ERR,ERR,ERR,ERR,ERR,ERR,ERR,ERR,ERR,ERR,ERR,ERR,ERR,ERR,ERR,ERR,ERR,ERR,ERR,ERR,ERR,ERR,ERR,ERR,ERR,ERR,ERR,ERR,ERR,ERR,ERR,ERR,ERR,ERR,ERR,ERR,ERR,ERR,ERR,ERR,ERR,ERR,ERR,ERR,ERR,ERR,ERR,ERR,ERR,ERR,ERR,ERR,ERR,ERR,ERR,ERR,ERR,ERR,ERR,ERR,ERR,ERR,ERR,ERR,ERR,ERR,ERR,ERR,ERR,ERR,ERR,ERR,ERR,ERR,ERR,ERR,ERR,ERR,ERR,ERR,ERR,-107615168.0,-107615928.0,-107614640.0,0.0,3.2523613333932374e+32,-3.4946443533811097e+25,0.0,217345.953,0,0,4,17403,7116,0.0,100,0.0,0.0,2.718366610185338e+23,0.0,0.0,0,0,0,0,0.0,0,0,0,0,0,0,0,0,0,0,0,0,0,0,0,0,0,0,0,0,0,0,0,0,0,0,0,0,0,0,0,0,0,31,40,40,71,65476,0,300,0,0,8,21553,0.0,-107605600.0,0.0,0.0,0.0,0.0,0.0,0.0,0.0,0.0,0.0,0.0,0.0,0.0,0.0,0.0,0.0,0.0,0.0,0.0,0.0,0.0,-0.0,-3.697063867931689e+19,0.0,0.0,0.0,0.0,0.0,0.0,4563.0,131350.219,6921.0,-107615168.0,-107615928.0,2.004,2.004,0.0,0.0,0.0,0.0,69,-0.0,0.0,0.0,0.0,0.0,0.0,0.0,0.0,0.0,0,0,0,0.0,0.0,0.0,0.0,0.0,0.0,0.0,0.0,0.0,0.0,0.0,0.0,0.0,0.0,0.0,0.0,0,-107875648.0,69,0.0,138,0.0,2.012,ERR,ERR,ERR,ERR,ERR,ERR,ERR,ERR,ERR,ERR,ERR,ERR,ERR,ERR,ERR,ERR,ERR,ERR,ERR,ERR,ERR,ERR,ERR,ERR,ERR,ERR,ERR,ERR,ERR,ERR,ERR,ERR,ERR,ERR,ERR,ERR,ERR,ERR,ERR,ERR,ERR,ERR,ERR,ERR,ERR,ERR,ERR,ERR,ERR,ERR,ERR,ERR,ERR,ERR,ERR,ERR,ERR,ERR,ERR,ERR,ERR,ERR,ERR,ERR,ERR,ERR,ERR,60.0,60.0,35,0.0,0.0,0.0,0.0,0.0,0.0,0.0,0.0,0.0,0.0,0.0,0.0,0.0,0.0,0.0,0.0,65.2,0,117,56,42,65476,0,300,0,0,8,20529,65476,0,0,2621,60.0,0.0,0.0,0.0,0.0,0.0
2026-07-09T15:08:17,ERR,ERR,ERR,ERR,ERR,ERR,ERR,ERR,ERR,ERR,ERR,ERR,ERR,ERR,ERR,ERR,ERR,ERR,ERR,ERR,ERR,ERR,ERR,ERR,ERR,ERR,ERR,ERR,ERR,ERR,ERR,ERR,ERR,ERR,ERR,ERR,ERR,ERR,ERR,ERR,ERR,ERR,ERR,ERR,ERR,ERR,ERR,ERR,ERR,ERR,ERR,ERR,ERR,ERR,ERR,ERR,ERR,ERR,ERR,ERR,ERR,ERR,ERR,ERR,ERR,ERR,ERR,ERR,ERR,ERR,ERR,ERR,ERR,ERR,ERR,ERR,ERR,ERR,ERR,ERR,ERR,ERR,ERR,ERR,ERR,ERR,ERR,ERR,ERR,ERR,ERR,ERR,ERR,ERR,ERR,ERR,ERR,ERR,ERR,ERR,ERR,ERR,ERR,ERR,ERR,ERR,ERR,ERR,ERR,ERR,ERR,ERR,ERR,ERR,ERR,ERR,ERR,ERR,ERR,ERR,ERR,ERR,ERR,ERR,ERR,-107615168.0,-107615928.0,-107614640.0,0.0,3.2523613333932374e+32,-3.4946443533811097e+25,0.0,217345.953,0,0,4,17403,7116,0.0,100,0.0,0.0,2.718366610185338e+23,0.0,0.0,0,0,0,0,0.0,0,0,0,0,0,0,0,0,0,0,0,0,0,0,0,0,0,0,0,0,0,0,0,0,0,0,0,0,0,0,0,0,0,31,40,40,71,65476,0,300,0,0,8,21553,0.0,-107605600.0,0.0,0.0,0.0,0.0,0.0,0.0,0.0,0.0,0.0,0.0,0.0,0.0,0.0,0.0,0.0,0.0,0.0,0.0,0.0,0.0,-0.0,-3.697063867931689e+19,0.0,0.0,0.0,0.0,0.0,0.0,4563.0,131350.219,6921.0,-107615168.0,-107615928.0,2.004,2.004,0.0,0.0,0.0,0.0,69,-0.0,0.0,0.0,0.0,0.0,0.0,0.0,0.0,0.0,0,0,0,0.0,0.0,0.0,0.0,0.0,0.0,0.0,0.0,0.0,0.0,0.0,0.0,0.0,0.0,0.0,0.0,0,-107875648.0,69,0.0,138,0.0,2.012,ERR,ERR,ERR,ERR,ERR,ERR,ERR,ERR,ERR,ERR,ERR,ERR,ERR,ERR,ERR,ERR,ERR,ERR,ERR,ERR,ERR,ERR,ERR,ERR,ERR,ERR,ERR,ERR,ERR,ERR,ERR,ERR,ERR,ERR,ERR,ERR,ERR,ERR,ERR,ERR,ERR,ERR,ERR,ERR,ERR,ERR,ERR,ERR,ERR,ERR,ERR,ERR,ERR,ERR,ERR,ERR,ERR,ERR,ERR,ERR,ERR,ERR,ERR,ERR,ERR,ERR,ERR,60.0,60.0,35,0.0,0.0,0.0,0.0,0.0,0.0,0.0,0.0,0.0,0.0,0.0,0.0,0.0,0.0,0.0,0.0,65.2,0,117,56,42,65476,0,300,0,0,8,20529,65476,0,0,2621,60.0,0.0,0.0,0.0,0.0,0.0
2026-07-09T15:08:18,ERR,ERR,ERR,ERR,ERR,ERR,ERR,ERR,ERR,ERR,ERR,ERR,ERR,ERR,ERR,ERR,ERR,ERR,ERR,ERR,ERR,ERR,ERR,ERR,ERR,ERR,ERR,ERR,ERR,ERR,ERR,ERR,ERR,ERR,ERR,ERR,ERR,ERR,ERR,ERR,ERR,ERR,ERR,ERR,ERR,ERR,ERR,ERR,ERR,ERR,ERR,ERR,ERR,ERR,ERR,ERR,ERR,ERR,ERR,ERR,ERR,ERR,ERR,ERR,ERR,ERR,ERR,ERR,ERR,ERR,ERR,ERR,ERR,ERR,ERR,ERR,ERR,ERR,ERR,ERR,ERR,ERR,ERR,ERR,ERR,ERR,ERR,ERR,ERR,ERR,ERR,ERR,ERR,ERR,ERR,ERR,ERR,ERR,ERR,ERR,ERR,ERR,ERR,ERR,ERR,ERR,ERR,ERR,ERR,ERR,ERR,ERR,ERR,ERR,ERR,ERR,ERR,ERR,ERR,ERR,ERR,ERR,ERR,ERR,ERR,-107615168.0,-107615928.0,-107614640.0,2.718366610185338e+23,0.001,-5.186349962572595e+16,-2.4627824590390824e+38,0.0,0,0,4,17405,7116,0.0,100,0.0,0.0,0.0,0.0,0.0,0,0,0,0,0.0,0,0,0,0,0,0,0,0,0,0,0,0,0,0,0,0,0,0,0,0,0,0,0,0,0,0,0,0,0,0,0,0,0,31,40,40,71,65476,0,300,0,0,8,21553,0.0,-107605600.0,0.0,0.0,0.0,0.0,0.0,0.0,0.0,0.0,0.0,0.0,0.0,0.0,0.0,0.0,0.0,0.0,0.0,0.0,0.0,0.0,-0.0,-3.697063867931689e+19,0.0,0.0,0.0,0.0,0.0,0.0,4574.0,1.587926708589046e+29,6926.0,-107615168.0,-107615928.0,2.004,2.004,0.0,0.0,0.0,0.0,69,-0.0,2.7184141681974032e+23,0.0,0.0,0.0,0.0,0.0,0.0,0.0,0,0,0,0.0,0.0,0.0,0.0,0.0,0.0,0.0,0.0,0.0,0.0,0.0,0.0,0.0,0.0,0.0,0.0,0,-107875648.0,69,0.0,138,0.0,2.012,ERR,ERR,ERR,ERR,ERR,ERR,ERR,ERR,ERR,ERR,ERR,ERR,ERR,ERR,ERR,ERR,ERR,ERR,ERR,ERR,ERR,ERR,ERR,ERR,ERR,ERR,ERR,ERR,ERR,ERR,ERR,ERR,ERR,ERR,ERR,ERR,ERR,ERR,ERR,ERR,ERR,ERR,ERR,ERR,ERR,ERR,ERR,ERR,ERR,ERR,ERR,ERR,ERR,ERR,ERR,ERR,ERR,ERR,ERR,ERR,ERR,ERR,ERR,ERR,ERR,ERR,ERR,60.0,60.0,35,0.0,0.0,0.0,0.0,0.0,0.0,0.0,0.0,0.0,0.0,0.0,0.0,0.0,0.0,0.0,0.0,65.2,0,117,56,42,65476,0,300,0,0,8,20529,65476,0,0,2621,60.0,0.0,0.0,0.0,0.0,0.0
2026-07-09T15:08:19,ERR,ERR,ERR,ERR,ERR,ERR,ERR,ERR,ERR,ERR,ERR,ERR,ERR,ERR,ERR,ERR,ERR,ERR,ERR,ERR,ERR,ERR,ERR,ERR,ERR,ERR,ERR,ERR,ERR,ERR,ERR,ERR,ERR,ERR,ERR,ERR,ERR,ERR,ERR,ERR,ERR,ERR,ERR,ERR,ERR,ERR,ERR,ERR,ERR,ERR,ERR,ERR,ERR,ERR,ERR,ERR,ERR,ERR,ERR,ERR,ERR,ERR,ERR,ERR,ERR,ERR,ERR,ERR,ERR,ERR,ERR,ERR,ERR,ERR,ERR,ERR,ERR,ERR,ERR,ERR,ERR,ERR,ERR,ERR,ERR,ERR,ERR,ERR,ERR,ERR,ERR,ERR,ERR,ERR,ERR,ERR,ERR,ERR,ERR,ERR,ERR,ERR,ERR,ERR,ERR,ERR,ERR,ERR,ERR,ERR,ERR,ERR,ERR,ERR,ERR,ERR,ERR,ERR,ERR,ERR,ERR,ERR,ERR,ERR,ERR,-107615168.0,-107615928.0,-107614640.0,2.718366610185338e+23,0.001,-5.186349962572595e+16,-2.4627824590390824e+38,0.0,0,0,4,17405,7116,0.0,100,0.0,0.0,0.0,0.0,0.0,0,0,0,0,0.0,0,0,0,0,0,0,0,0,0,0,0,0,0,0,0,0,0,0,0,0,0,0,0,0,0,0,0,0,0,0,0,0,0,31,40,40,71,65476,0,300,0,0,8,21553,0.0,-107605600.0,0.0,0.0,0.0,0.0,0.0,0.0,0.0,0.0,0.0,0.0,0.0,0.0,0.0,0.0,0.0,0.0,0.0,0.0,0.0,0.0,-0.0,-3.697063867931689e+19,0.0,0.0,0.0,0.0,0.0,0.0,4574.0,1.587926708589046e+29,6926.0,-107615168.0,-107615928.0,2.004,2.004,0.0,0.0,0.0,0.0,69,-0.0,2.7184141681974032e+23,0.0,0.0,0.0,0.0,0.0,0.0,0.0,0,0,0,0.0,0.0,0.0,0.0,0.0,0.0,0.0,0.0,0.0,0.0,0.0,0.0,0.0,0.0,0.0,0.0,0,-107875648.0,69,0.0,138,0.0,2.012,ERR,ERR,ERR,ERR,ERR,ERR,ERR,ERR,ERR,ERR,ERR,ERR,ERR,ERR,ERR,ERR,ERR,ERR,ERR,ERR,ERR,ERR,ERR,ERR,ERR,ERR,ERR,ERR,ERR,ERR,ERR,ERR,ERR,ERR,ERR,ERR,ERR,ERR,ERR,ERR,ERR,ERR,ERR,ERR,ERR,ERR,ERR,ERR,ERR,ERR,ERR,ERR,ERR,ERR,ERR,ERR,ERR,ERR,ERR,ERR,ERR,ERR,ERR,ERR,ERR,ERR,ERR,60.0,60.0,35,0.0,0.0,0.0,0.0,0.0,0.0,0.0,0.0,0.0,0.0,0.0,0.0,0.0,0.0,0.0,0.0,65.2,0,117,56,41,65476,0,300,0,0,8,20529,65476,0,0,2621,60.0,0.0,0.0,0.0,0.0,0.0
2026-07-09T15:08:20,ERR,ERR,ERR,ERR,ERR,ERR,ERR,ERR,ERR,ERR,ERR,ERR,ERR,ERR,ERR,ERR,ERR,ERR,ERR,ERR,ERR,ERR,ERR,ERR,ERR,ERR,ERR,ERR,ERR,ERR,ERR,ERR,ERR,ERR,ERR,ERR,ERR,ERR,ERR,ERR,ERR,ERR,ERR,ERR,ERR,ERR,ERR,ERR,ERR,ERR,ERR,ERR,ERR,ERR,ERR,ERR,ERR,ERR,ERR,ERR,ERR,ERR,ERR,ERR,ERR,ERR,ERR,ERR,ERR,ERR,ERR,ERR,ERR,ERR,ERR,ERR,ERR,ERR,ERR,ERR,ERR,ERR,ERR,ERR,ERR,ERR,ERR,ERR,ERR,ERR,ERR,ERR,ERR,ERR,ERR,ERR,ERR,ERR,ERR,ERR,ERR,ERR,ERR,ERR,ERR,ERR,ERR,ERR,ERR,ERR,ERR,ERR,ERR,ERR,ERR,ERR,ERR,ERR,ERR,ERR,ERR,ERR,ERR,ERR,ERR,-107615168.0,-107615928.0,-107614640.0,2.718366610185338e+23,0.001,-5.186349962572595e+16,-2.4627824590390824e+38,0.0,0,0,4,17405,7116,0.0,100,0.0,0.0,0.0,0.0,0.0,0,0,0,0,0.0,0,0,0,0,0,0,0,0,0,0,0,0,0,0,0,0,0,0,0,0,0,0,0,0,0,0,0,0,0,0,0,0,0,31,40,40,71,65476,0,300,0,0,8,21553,0.0,-107605600.0,0.0,0.0,0.0,0.0,0.0,0.0,0.0,0.0,0.0,0.0,0.0,0.0,0.0,0.0,0.0,0.0,0.0,0.0,0.0,0.0,-0.0,-3.697063867931689e+19,0.0,0.0,0.0,0.0,0.0,0.0,4574.0,1.587926708589046e+29,6926.0,-107615168.0,-107615928.0,2.004,2.004,0.0,0.0,0.0,0.0,69,-0.0,2.7184141681974032e+23,0.0,0.0,0.0,0.0,0.0,0.0,0.0,0,0,0,0.0,0.0,0.0,0.0,0.0,0.0,0.0,0.0,0.0,0.0,0.0,0.0,0.0,0.0,0.0,0.0,0,-107875648.0,69,0.0,138,0.0,2.012,ERR,ERR,ERR,ERR,ERR,ERR,ERR,ERR,ERR,ERR,ERR,ERR,ERR,ERR,ERR,ERR,ERR,ERR,ERR,ERR,ERR,ERR,ERR,ERR,ERR,ERR,ERR,ERR,ERR,ERR,ERR,ERR,ERR,ERR,ERR,ERR,ERR,ERR,ERR,ERR,ERR,ERR,ERR,ERR,ERR,ERR,ERR,ERR,ERR,ERR,ERR,ERR,ERR,ERR,ERR,ERR,ERR,ERR,ERR,ERR,ERR,ERR,ERR,ERR,ERR,ERR,ERR,60.0,60.0,35,0.0,0.0,0.0,0.0,0.0,0.0,0.0,0.0,0.0,0.0,0.0,0.0,0.0,0.0,0.0,0.0,65.2,0,117,56,41,65476,0,300,0,0,8,20529,65476,0,0,2621,60.0,0.0,0.0,0.0,0.0,0.0
2026-07-09T15:08:21,ERR,ERR,ERR,ERR,ERR,ERR,ERR,ERR,ERR,ERR,ERR,ERR,ERR,ERR,ERR,ERR,ERR,ERR,ERR,ERR,ERR,ERR,ERR,ERR,ERR,ERR,ERR,ERR,ERR,ERR,ERR,ERR,ERR,ERR,ERR,ERR,ERR,ERR,ERR,ERR,ERR,ERR,ERR,ERR,ERR,ERR,ERR,ERR,ERR,ERR,ERR,ERR,ERR,ERR,ERR,ERR,ERR,ERR,ERR,ERR,ERR,ERR,ERR,ERR,ERR,ERR,ERR,ERR,ERR,ERR,ERR,ERR,ERR,ERR,ERR,ERR,ERR,ERR,ERR,ERR,ERR,ERR,ERR,ERR,ERR,ERR,ERR,ERR,ERR,ERR,ERR,ERR,ERR,ERR,ERR,ERR,ERR,ERR,ERR,ERR,ERR,ERR,ERR,ERR,ERR,ERR,ERR,ERR,ERR,ERR,ERR,ERR,ERR,ERR,ERR,ERR,ERR,ERR,ERR,ERR,ERR,ERR,ERR,ERR,ERR,-107615168.0,-107615928.0,-107614640.0,2.718366610185338e+23,0.001,-5.186349962572595e+16,-2.4627824590390824e+38,0.0,0,0,4,17405,7116,0.0,100,0.0,0.0,0.0,0.0,0.0,0,0,0,0,0.0,0,0,0,0,0,0,0,0,0,0,0,0,0,0,0,0,0,0,0,0,0,0,0,0,0,0,0,0,0,0,0,0,0,31,40,40,71,65476,0,300,0,0,8,21553,0.0,-107605600.0,0.0,0.0,0.0,0.0,0.0,0.0,0.0,0.0,0.0,0.0,0.0,0.0,0.0,0.0,0.0,0.0,0.0,0.0,0.0,0.0,-0.0,-3.697063867931689e+19,0.0,0.0,0.0,0.0,0.0,0.0,4574.0,1.587926708589046e+29,6926.0,-107615168.0,-107615928.0,2.004,2.004,0.0,0.0,0.0,0.0,69,-0.0,2.7184141681974032e+23,0.0,0.0,0.0,0.0,0.0,0.0,0.0,0,0,0,0.0,0.0,0.0,0.0,0.0,0.0,0.0,0.0,0.0,0.0,0.0,0.0,0.0,0.0,0.0,0.0,0,-107875648.0,69,0.0,138,0.0,2.012,ERR,ERR,ERR,ERR,ERR,ERR,ERR,ERR,ERR,ERR,ERR,ERR,ERR,ERR,ERR,ERR,ERR,ERR,ERR,ERR,ERR,ERR,ERR,ERR,ERR,ERR,ERR,ERR,ERR,ERR,ERR,ERR,ERR,ERR,ERR,ERR,ERR,ERR,ERR,ERR,ERR,ERR,ERR,ERR,ERR,ERR,ERR,ERR,ERR,ERR,ERR,ERR,ERR,ERR,ERR,ERR,ERR,ERR,ERR,ERR,ERR,ERR,ERR,ERR,ERR,ERR,ERR,60.0,60.0,35,0.0,0.0,0.0,0.0,0.0,0.0,0.0,0.0,0.0,0.0,0.0,0.0,0.0,0.0,0.0,0.0,65.6,0,116,56,41,65476,0,300,0,0,8,20529,65476,0,0,2621,60.0,0.0,0.0,0.0,0.0,0.0
2026-07-09T15:08:22,ERR,ERR,ERR,ERR,ERR,ERR,ERR,ERR,ERR,ERR,ERR,ERR,ERR,ERR,ERR,ERR,ERR,ERR,ERR,ERR,ERR,ERR,ERR,ERR,ERR,ERR,ERR,ERR,ERR,ERR,ERR,ERR,ERR,ERR,ERR,ERR,ERR,ERR,ERR,ERR,ERR,ERR,ERR,ERR,ERR,ERR,ERR,ERR,ERR,ERR,ERR,ERR,ERR,ERR,ERR,ERR,ERR,ERR,ERR,ERR,ERR,ERR,ERR,ERR,ERR,ERR,ERR,ERR,ERR,ERR,ERR,ERR,ERR,ERR,ERR,ERR,ERR,ERR,ERR,ERR,ERR,ERR,ERR,ERR,ERR,ERR,ERR,ERR,ERR,ERR,ERR,ERR,ERR,ERR,ERR,ERR,ERR,ERR,ERR,ERR,ERR,ERR,ERR,ERR,ERR,ERR,ERR,ERR,ERR,ERR,ERR,ERR,ERR,ERR,ERR,ERR,ERR,ERR,ERR,ERR,ERR,ERR,ERR,ERR,ERR,-107615168.0,-107615928.0,-107614640.0,2.718366610185338e+23,0.001,-5.186349962572595e+16,-2.4627824590390824e+38,0.0,0,0,4,17405,7116,0.0,100,0.0,0.0,0.0,0.0,0.0,0,0,0,0,0.0,0,0,0,0,0,0,0,0,0,0,0,0,0,0,0,0,0,0,0,0,0,0,0,0,0,0,0,0,0,0,0,0,0,31,40,40,71,65476,0,300,0,0,8,21553,0.0,-107605600.0,0.0,0.0,0.0,0.0,0.0,0.0,0.0,0.0,0.0,0.0,0.0,0.0,0.0,0.0,0.0,0.0,0.0,0.0,0.0,0.0,-0.0,-3.697063867931689e+19,0.0,0.0,0.0,0.0,0.0,0.0,4574.0,1.587926708589046e+29,6926.0,-107615168.0,-107615928.0,2.004,2.004,0.0,0.0,0.0,0.0,69,-0.0,2.7184141681974032e+23,0.0,0.0,0.0,0.0,0.0,0.0,0.0,0,0,0,0.0,0.0,0.0,0.0,0.0,0.0,0.0,0.0,0.0,0.0,0.0,0.0,0.0,0.0,0.0,0.0,0,-107875648.0,69,0.0,138,0.0,2.012,ERR,ERR,ERR,ERR,ERR,ERR,ERR,ERR,ERR,ERR,ERR,ERR,ERR,ERR,ERR,ERR,ERR,ERR,ERR,ERR,ERR,ERR,ERR,ERR,ERR,ERR,ERR,ERR,ERR,ERR,ERR,ERR,ERR,ERR,ERR,ERR,ERR,ERR,ERR,ERR,ERR,ERR,ERR,ERR,ERR,ERR,ERR,ERR,ERR,ERR,ERR,ERR,ERR,ERR,ERR,ERR,ERR,ERR,ERR,ERR,ERR,ERR,ERR,ERR,ERR,ERR,ERR,60.0,60.0,35,0.0,0.0,0.0,0.0,0.0,0.0,0.0,0.0,0.0,0.0,0.0,0.0,0.0,0.0,0.0,0.0,65.2,0,116,56,41,65476,0,300,0,0,8,20529,65476,0,0,2621,60.0,0.0,0.0,0.0,0.0,0.0
2026-07-09T15:08:23,ERR,ERR,ERR,ERR,ERR,ERR,ERR,ERR,ERR,ERR,ERR,ERR,ERR,ERR,ERR,ERR,ERR,ERR,ERR,ERR,ERR,ERR,ERR,ERR,ERR,ERR,ERR,ERR,ERR,ERR,ERR,ERR,ERR,ERR,ERR,ERR,ERR,ERR,ERR,ERR,ERR,ERR,ERR,ERR,ERR,ERR,ERR,ERR,ERR,ERR,ERR,ERR,ERR,ERR,ERR,ERR,ERR,ERR,ERR,ERR,ERR,ERR,ERR,ERR,ERR,ERR,ERR,ERR,ERR,ERR,ERR,ERR,ERR,ERR,ERR,ERR,ERR,ERR,ERR,ERR,ERR,ERR,ERR,ERR,ERR,ERR,ERR,ERR,ERR,ERR,ERR,ERR,ERR,ERR,ERR,ERR,ERR,ERR,ERR,ERR,ERR,ERR,ERR,ERR,ERR,ERR,ERR,ERR,ERR,ERR,ERR,ERR,ERR,ERR,ERR,ERR,ERR,ERR,ERR,ERR,ERR,ERR,ERR,ERR,ERR,-107615168.0,-107615928.0,-107614640.0,0.0,-6.203389894138883e+26,-0.0,-0.0,0.0,0,0,4,17403,7116,0.0,100,0.0,0.0,-0.0,0.0,0.0,0,0,0,0,0.0,0,0,0,0,0,0,0,0,0,0,0,0,0,0,0,0,0,0,0,0,0,0,0,0,0,0,0,0,0,0,0,0,0,31,40,40,71,65476,0,300,0,0,8,21553,0.0,-107605600.0,0.0,0.0,0.0,0.0,0.0,0.0,0.0,0.0,0.0,0.0,0.0,0.0,0.0,0.0,0.0,0.0,0.0,0.0,0.0,0.0,-0.0,-3.697063867931689e+19,0.0,0.0,0.0,0.0,0.0,0.0,4559.0,-0.0,6933.0,-107615168.0,-107615928.0,2.004,2.004,0.0,0.0,0.0,0.0,69,0.0,-0.0,0.0,0.0,0.0,0.0,0.0,0.0,0.0,0,0,0,0.0,0.0,0.0,0.0,0.0,0.0,0.0,0.0,0.0,0.0,0.0,0.0,0.0,0.0,0.0,0.0,0,-107875648.0,69,0.0,138,0.0,2.012,ERR,ERR,ERR,ERR,ERR,ERR,ERR,ERR,ERR,ERR,ERR,ERR,ERR,ERR,ERR,ERR,ERR,ERR,ERR,ERR,ERR,ERR,ERR,ERR,ERR,ERR,ERR,ERR,ERR,ERR,ERR,ERR,ERR,ERR,ERR,ERR,ERR,ERR,ERR,ERR,ERR,ERR,ERR,ERR,ERR,ERR,ERR,ERR,ERR,ERR,ERR,ERR,ERR,ERR,ERR,ERR,ERR,ERR,ERR,ERR,ERR,ERR,ERR,ERR,ERR,ERR,ERR,60.0,60.0,35,0.0,0.0,0.0,0.0,0.0,0.0,0.0,0.0,0.0,0.0,0.0,0.0,0.0,0.0,0.0,0.0,65.2,0,116,56,41,65476,0,300,0,0,8,20529,65476,0,0,2621,60.0,0.0,0.0,0.0,0.0,0.0
2026-07-09T15:08:24,ERR,ERR,ERR,ERR,ERR,ERR,ERR,ERR,ERR,ERR,ERR,ERR,ERR,ERR,ERR,ERR,ERR,ERR,ERR,ERR,ERR,ERR,ERR,ERR,ERR,ERR,ERR,ERR,ERR,ERR,ERR,ERR,ERR,ERR,ERR,ERR,ERR,ERR,ERR,ERR,ERR,ERR,ERR,ERR,ERR,ERR,ERR,ERR,ERR,ERR,ERR,ERR,ERR,ERR,ERR,ERR,ERR,ERR,ERR,ERR,ERR,ERR,ERR,ERR,ERR,ERR,ERR,ERR,ERR,ERR,ERR,ERR,ERR,ERR,ERR,ERR,ERR,ERR,ERR,ERR,ERR,ERR,ERR,ERR,ERR,ERR,ERR,ERR,ERR,ERR,ERR,ERR,ERR,ERR,ERR,ERR,ERR,ERR,ERR,ERR,ERR,ERR,ERR,ERR,ERR,ERR,ERR,ERR,ERR,ERR,ERR,ERR,ERR,ERR,ERR,ERR,ERR,ERR,ERR,ERR,ERR,ERR,ERR,ERR,ERR,-107615168.0,-107615928.0,-107614640.0,0.0,-6.203389894138883e+26,-0.0,-0.0,0.0,0,0,4,17403,7116,0.0,100,0.0,0.0,-0.0,0.0,0.0,0,0,0,0,0.0,0,0,0,0,0,0,0,0,0,0,0,0,0,0,0,0,0,0,0,0,0,0,0,0,0,0,0,0,0,0,0,0,0,31,40,40,71,65476,0,300,0,0,8,21553,0.0,-107605600.0,0.0,0.0,0.0,0.0,0.0,0.0,0.0,0.0,0.0,0.0,0.0,0.0,0.0,0.0,0.0,0.0,0.0,0.0,0.0,0.0,-0.0,-3.697063867931689e+19,0.0,0.0,0.0,0.0,0.0,0.0,4559.0,-0.0,6933.0,-107615168.0,-107615928.0,2.004,2.004,0.0,0.0,0.0,0.0,69,0.0,-0.0,0.0,0.0,0.0,0.0,0.0,0.0,0.0,0,0,0,0.0,0.0,0.0,0.0,0.0,0.0,0.0,0.0,0.0,0.0,0.0,0.0,0.0,0.0,0.0,0.0,0,-107875648.0,69,0.0,138,0.0,2.012,ERR,ERR,ERR,ERR,ERR,ERR,ERR,ERR,ERR,ERR,ERR,ERR,ERR,ERR,ERR,ERR,ERR,ERR,ERR,ERR,ERR,ERR,ERR,ERR,ERR,ERR,ERR,ERR,ERR,ERR,ERR,ERR,ERR,ERR,ERR,ERR,ERR,ERR,ERR,ERR,ERR,ERR,ERR,ERR,ERR,ERR,ERR,ERR,ERR,ERR,ERR,ERR,ERR,ERR,ERR,ERR,ERR,ERR,ERR,ERR,ERR,ERR,ERR,ERR,ERR,ERR,ERR,60.0,60.0,35,0.0,0.0,0.0,0.0,0.0,0.0,0.0,0.0,0.0,0.0,0.0,0.0,0.0,0.0,0.0,0.0,65.6,0,116,56,41,65476,0,300,0,0,8,20529,65476,0,0,2621,60.0,0.0,0.0,0.0,0.0,0.0
2026-07-09T15:08:25,ERR,ERR,ERR,ERR,ERR,ERR,ERR,ERR,ERR,ERR,ERR,ERR,ERR,ERR,ERR,ERR,ERR,ERR,ERR,ERR,ERR,ERR,ERR,ERR,ERR,ERR,ERR,ERR,ERR,ERR,ERR,ERR,ERR,ERR,ERR,ERR,ERR,ERR,ERR,ERR,ERR,ERR,ERR,ERR,ERR,ERR,ERR,ERR,ERR,ERR,ERR,ERR,ERR,ERR,ERR,ERR,ERR,ERR,ERR,ERR,ERR,ERR,ERR,ERR,ERR,ERR,ERR,ERR,ERR,ERR,ERR,ERR,ERR,ERR,ERR,ERR,ERR,ERR,ERR,ERR,ERR,ERR,ERR,ERR,ERR,ERR,ERR,ERR,ERR,ERR,ERR,ERR,ERR,ERR,ERR,ERR,ERR,ERR,ERR,ERR,ERR,ERR,ERR,ERR,ERR,ERR,ERR,ERR,ERR,ERR,ERR,ERR,ERR,ERR,ERR,ERR,ERR,ERR,ERR,ERR,ERR,ERR,ERR,ERR,ERR,-107615168.0,-107615928.0,-107614640.0,0.0,-6.203389894138883e+26,-0.0,-0.0,0.0,0,0,4,17403,7116,0.0,100,0.0,0.0,-0.0,0.0,0.0,0,0,0,0,0.0,0,0,0,0,0,0,0,0,0,0,0,0,0,0,0,0,0,0,0,0,0,0,0,0,0,0,0,0,0,0,0,0,0,31,40,40,71,65476,0,300,0,0,8,21553,0.0,-107605600.0,0.0,0.0,0.0,0.0,0.0,0.0,0.0,0.0,0.0,0.0,0.0,0.0,0.0,0.0,0.0,0.0,0.0,0.0,0.0,0.0,-0.0,-3.697063867931689e+19,0.0,0.0,0.0,0.0,0.0,0.0,4559.0,-0.0,6933.0,-107615168.0,-107615928.0,2.004,2.004,0.0,0.0,0.0,0.0,69,0.0,-0.0,0.0,0.0,0.0,0.0,0.0,0.0,0.0,0,0,0,0.0,0.0,0.0,0.0,0.0,0.0,0.0,0.0,0.0,0.0,0.0,0.0,0.0,0.0,0.0,0.0,0,-107875648.0,69,0.0,138,0.0,2.012,ERR,ERR,ERR,ERR,ERR,ERR,ERR,ERR,ERR,ERR,ERR,ERR,ERR,ERR,ERR,ERR,ERR,ERR,ERR,ERR,ERR,ERR,ERR,ERR,ERR,ERR,ERR,ERR,ERR,ERR,ERR,ERR,ERR,ERR,ERR,ERR,ERR,ERR,ERR,ERR,ERR,ERR,ERR,ERR,ERR,ERR,ERR,ERR,ERR,ERR,ERR,ERR,ERR,ERR,ERR,ERR,ERR,ERR,ERR,ERR,ERR,ERR,ERR,ERR,ERR,ERR,ERR,60.0,60.0,35,0.0,0.0,0.0,0.0,0.0,0.0,0.0,0.0,0.0,0.0,0.0,0.0,0.0,0.0,0.0,0.0,65.6,0,116,56,41,65476,0,300,0,0,8,20529,65476,0,0,2621,60.0,0.0,0.0,0.0,0.0,0.0
2026-07-09T15:08:26,ERR,ERR,ERR,ERR,ERR,ERR,ERR,ERR,ERR,ERR,ERR,ERR,ERR,ERR,ERR,ERR,ERR,ERR,ERR,ERR,ERR,ERR,ERR,ERR,ERR,ERR,ERR,ERR,ERR,ERR,ERR,ERR,ERR,ERR,ERR,ERR,ERR,ERR,ERR,ERR,ERR,ERR,ERR,ERR,ERR,ERR,ERR,ERR,ERR,ERR,ERR,ERR,ERR,ERR,ERR,ERR,ERR,ERR,ERR,ERR,ERR,ERR,ERR,ERR,ERR,ERR,ERR,ERR,ERR,ERR,ERR,ERR,ERR,ERR,ERR,ERR,ERR,ERR,ERR,ERR,ERR,ERR,ERR,ERR,ERR,ERR,ERR,ERR,ERR,ERR,ERR,ERR,ERR,ERR,ERR,ERR,ERR,ERR,ERR,ERR,ERR,ERR,ERR,ERR,ERR,ERR,ERR,ERR,ERR,ERR,ERR,ERR,ERR,ERR,ERR,ERR,ERR,ERR,ERR,ERR,ERR,ERR,ERR,ERR,ERR,-107615168.0,-107615928.0,-107614640.0,0.0,-6.203389894138883e+26,-0.0,-0.0,0.0,0,0,4,17403,7116,0.0,100,0.0,0.0,-0.0,0.0,0.0,0,0,0,0,0.0,0,0,0,0,0,0,0,0,0,0,0,0,0,0,0,0,0,0,0,0,0,0,0,0,0,0,0,0,0,0,0,0,0,31,40,40,71,65476,0,300,0,0,8,21553,0.0,-107605600.0,0.0,0.0,0.0,0.0,0.0,0.0,0.0,0.0,0.0,0.0,0.0,0.0,0.0,0.0,0.0,0.0,0.0,0.0,0.0,0.0,-0.0,-3.697063867931689e+19,0.0,0.0,0.0,0.0,0.0,0.0,4559.0,-0.0,6933.0,-107615168.0,-107615928.0,2.004,2.004,0.0,0.0,0.0,0.0,69,0.0,-0.0,0.0,0.0,0.0,0.0,0.0,0.0,0.0,0,0,0,0.0,0.0,0.0,0.0,0.0,0.0,0.0,0.0,0.0,0.0,0.0,0.0,0.0,0.0,0.0,0.0,0,-107875648.0,69,0.0,138,0.0,2.012,ERR,ERR,ERR,ERR,ERR,ERR,ERR,ERR,ERR,ERR,ERR,ERR,ERR,ERR,ERR,ERR,ERR,ERR,ERR,ERR,ERR,ERR,ERR,ERR,ERR,ERR,ERR,ERR,ERR,ERR,ERR,ERR,ERR,ERR,ERR,ERR,ERR,ERR,ERR,ERR,ERR,ERR,ERR,ERR,ERR,ERR,ERR,ERR,ERR,ERR,ERR,ERR,ERR,ERR,ERR,ERR,ERR,ERR,ERR,ERR,ERR,ERR,ERR,ERR,ERR,ERR,ERR,60.0,60.0,35,0.0,0.0,0.0,0.0,0.0,0.0,0.0,0.0,0.0,0.0,0.0,0.0,0.0,0.0,0.0,0.0,65.6,0,116,56,41,65476,0,300,0,0,8,20529,65476,0,0,2621,60.0,0.0,0.0,0.0,0.0,0.0
2026-07-09T15:08:27,ERR,ERR,ERR,ERR,ERR,ERR,ERR,ERR,ERR,ERR,ERR,ERR,ERR,ERR,ERR,ERR,ERR,ERR,ERR,ERR,ERR,ERR,ERR,ERR,ERR,ERR,ERR,ERR,ERR,ERR,ERR,ERR,ERR,ERR,ERR,ERR,ERR,ERR,ERR,ERR,ERR,ERR,ERR,ERR,ERR,ERR,ERR,ERR,ERR,ERR,ERR,ERR,ERR,ERR,ERR,ERR,ERR,ERR,ERR,ERR,ERR,ERR,ERR,ERR,ERR,ERR,ERR,ERR,ERR,ERR,ERR,ERR,ERR,ERR,ERR,ERR,ERR,ERR,ERR,ERR,ERR,ERR,ERR,ERR,ERR,ERR,ERR,ERR,ERR,ERR,ERR,ERR,ERR,ERR,ERR,ERR,ERR,ERR,ERR,ERR,ERR,ERR,ERR,ERR,ERR,ERR,ERR,ERR,ERR,ERR,ERR,ERR,ERR,ERR,ERR,ERR,ERR,ERR,ERR,ERR,ERR,ERR,ERR,ERR,ERR,-107615168.0,-107615928.0,-107614640.0,0.0,-6.203389894138883e+26,-0.0,-0.0,0.0,0,0,4,17403,7116,0.0,100,0.0,0.0,-0.0,0.0,0.0,0,0,0,0,0.0,0,0,0,0,0,0,0,0,0,0,0,0,0,0,0,0,0,0,0,0,0,0,0,0,0,0,0,0,0,0,0,0,0,31,40,40,71,65476,0,300,0,0,8,21553,0.0,-107605600.0,0.0,0.0,0.0,0.0,0.0,0.0,0.0,0.0,0.0,0.0,0.0,0.0,0.0,0.0,0.0,0.0,0.0,0.0,0.0,0.0,-0.0,-3.697063867931689e+19,0.0,0.0,0.0,0.0,0.0,0.0,4559.0,-0.0,6933.0,-107615168.0,-107615928.0,2.004,2.004,0.0,0.0,0.0,0.0,69,0.0,-0.0,0.0,0.0,0.0,0.0,0.0,0.0,0.0,0,0,0,0.0,0.0,0.0,0.0,0.0,0.0,0.0,0.0,0.0,0.0,0.0,0.0,0.0,0.0,0.0,0.0,0,-107875648.0,69,0.0,138,0.0,2.012,ERR,ERR,ERR,ERR,ERR,ERR,ERR,ERR,ERR,ERR,ERR,ERR,ERR,ERR,ERR,ERR,ERR,ERR,ERR,ERR,ERR,ERR,ERR,ERR,ERR,ERR,ERR,ERR,ERR,ERR,ERR,ERR,ERR,ERR,ERR,ERR,ERR,ERR,ERR,ERR,ERR,ERR,ERR,ERR,ERR,ERR,ERR,ERR,ERR,ERR,ERR,ERR,ERR,ERR,ERR,ERR,ERR,ERR,ERR,ERR,ERR,ERR,ERR,ERR,ERR,ERR,ERR,60.0,60.0,35,0.0,0.0,0.0,0.0,0.0,0.0,0.0,0.0,0.0,0.0,0.0,0.0,0.0,0.0,0.0,0.0,65.2,0,116,56,41,65476,0,300,0,0,8,20529,65476,0,0,2621,60.0,0.0,0.0,0.0,0.0,0.0
2026-07-09T15:08:28,ERR,ERR,ERR,ERR,ERR,ERR,ERR,ERR,ERR,ERR,ERR,ERR,ERR,ERR,ERR,ERR,ERR,ERR,ERR,ERR,ERR,ERR,ERR,ERR,ERR,ERR,ERR,ERR,ERR,ERR,ERR,ERR,ERR,ERR,ERR,ERR,ERR,ERR,ERR,ERR,ERR,ERR,ERR,ERR,ERR,ERR,ERR,ERR,ERR,ERR,ERR,ERR,ERR,ERR,ERR,ERR,ERR,ERR,ERR,ERR,ERR,ERR,ERR,ERR,ERR,ERR,ERR,ERR,ERR,ERR,ERR,ERR,ERR,ERR,ERR,ERR,ERR,ERR,ERR,ERR,ERR,ERR,ERR,ERR,ERR,ERR,ERR,ERR,ERR,ERR,ERR,ERR,ERR,ERR,ERR,ERR,ERR,ERR,ERR,ERR,ERR,ERR,ERR,ERR,ERR,ERR,ERR,ERR,ERR,ERR,ERR,ERR,ERR,ERR,ERR,ERR,ERR,ERR,ERR,ERR,ERR,ERR,ERR,ERR,ERR,-107615168.0,-107615928.0,-107614640.0,0.0,3.2523613333932374e+32,-0.0,1.8165366513636383e+31,-3.13510676132264e+29,0,0,4,17405,7116,0.0,100,0.0,0.0,0.0,0.0,0.0,0,0,0,0,0.0,0,0,0,0,0,0,0,0,0,0,0,0,0,0,0,0,0,0,0,0,0,0,0,0,0,0,0,0,0,0,0,0,0,31,40,40,71,65476,0,300,0,0,8,21553,0.0,-107605600.0,0.0,0.0,0.0,0.0,0.0,0.0,0.0,0.0,0.0,0.0,0.0,0.0,0.0,0.0,0.0,0.0,0.0,0.0,0.0,0.0,-0.0,-3.697063867931689e+19,0.0,0.0,0.0,0.0,0.0,0.0,4574.0,-564144893853696.0,6939.0,0.0,-107615928.0,2.004,2.004,0.0,0.0,0.0,0.0,69,4.0668653694834314e+29,-71.629,0.0,0.0,0.0,0.0,0.0,0.0,0.0,0,0,0,0.0,0.0,0.0,0.0,0.0,0.0,0.0,0.0,0.0,0.0,0.0,0.0,0.0,0.0,0.0,0.0,0,-107875648.0,69,0.0,138,0.0,2.012,ERR,ERR,ERR,ERR,ERR,ERR,ERR,ERR,ERR,ERR,ERR,ERR,ERR,ERR,ERR,ERR,ERR,ERR,ERR,ERR,ERR,ERR,ERR,ERR,ERR,ERR,ERR,ERR,ERR,ERR,ERR,ERR,ERR,ERR,ERR,ERR,ERR,ERR,ERR,ERR,ERR,ERR,ERR,ERR,ERR,ERR,ERR,ERR,ERR,ERR,ERR,ERR,ERR,ERR,ERR,ERR,ERR,ERR,ERR,ERR,ERR,ERR,ERR,ERR,ERR,ERR,ERR,60.0,60.0,35,0.0,0.0,0.0,0.0,0.0,0.0,0.0,0.0,0.0,0.0,0.0,0.0,0.0,0.0,0.0,0.0,65.2,0,116,56,41,65476,0,300,0,0,8,20529,65476,0,0,2621,60.0,0.0,0.0,0.0,0.0,0.0
2026-07-09T15:08:29,ERR,ERR,ERR,ERR,ERR,ERR,ERR,ERR,ERR,ERR,ERR,ERR,ERR,ERR,ERR,ERR,ERR,ERR,ERR,ERR,ERR,ERR,ERR,ERR,ERR,ERR,ERR,ERR,ERR,ERR,ERR,ERR,ERR,ERR,ERR,ERR,ERR,ERR,ERR,ERR,ERR,ERR,ERR,ERR,ERR,ERR,ERR,ERR,ERR,ERR,ERR,ERR,ERR,ERR,ERR,ERR,ERR,ERR,ERR,ERR,ERR,ERR,ERR,ERR,ERR,ERR,ERR,ERR,ERR,ERR,ERR,ERR,ERR,ERR,ERR,ERR,ERR,ERR,ERR,ERR,ERR,ERR,ERR,ERR,ERR,ERR,ERR,ERR,ERR,ERR,ERR,ERR,ERR,ERR,ERR,ERR,ERR,ERR,ERR,ERR,ERR,ERR,ERR,ERR,ERR,ERR,ERR,ERR,ERR,ERR,ERR,ERR,ERR,ERR,ERR,ERR,ERR,ERR,ERR,ERR,ERR,ERR,ERR,ERR,ERR,-107615168.0,-107615928.0,-107614640.0,0.0,3.2523613333932374e+32,-0.0,1.8165366513636383e+31,-3.13510676132264e+29,0,0,4,17405,7116,0.0,100,0.0,0.0,0.0,0.0,0.0,0,0,0,0,0.0,0,0,0,0,0,0,0,0,0,0,0,0,0,0,0,0,0,0,0,0,0,0,0,0,0,0,0,0,0,0,0,0,0,31,40,40,71,65476,0,300,0,0,8,21553,0.0,-107605600.0,0.0,0.0,0.0,0.0,0.0,0.0,0.0,0.0,0.0,0.0,0.0,0.0,0.0,0.0,0.0,0.0,0.0,0.0,0.0,0.0,-0.0,-3.697063867931689e+19,0.0,0.0,0.0,0.0,0.0,0.0,4574.0,-564144893853696.0,6939.0,0.0,-107615928.0,2.004,2.004,0.0,0.0,0.0,0.0,69,4.0668653694834314e+29,-71.629,0.0,0.0,0.0,0.0,0.0,0.0,0.0,0,0,0,0.0,0.0,0.0,0.0,0.0,0.0,0.0,0.0,0.0,0.0,0.0,0.0,0.0,0.0,0.0,0.0,0,-107875648.0,69,0.0,138,0.0,2.012,ERR,ERR,ERR,ERR,ERR,ERR,ERR,ERR,ERR,ERR,ERR,ERR,ERR,ERR,ERR,ERR,ERR,ERR,ERR,ERR,ERR,ERR,ERR,ERR,ERR,ERR,ERR,ERR,ERR,ERR,ERR,ERR,ERR,ERR,ERR,ERR,ERR,ERR,ERR,ERR,ERR,ERR,ERR,ERR,ERR,ERR,ERR,ERR,ERR,ERR,ERR,ERR,ERR,ERR,ERR,ERR,ERR,ERR,ERR,ERR,ERR,ERR,ERR,ERR,ERR,ERR,ERR,60.0,60.0,35,0.0,0.0,0.0,0.0,0.0,0.0,0.0,0.0,0.0,0.0,0.0,0.0,0.0,0.0,0.0,0.0,65.6,0,116,56,41,65476,0,300,0,0,8,20529,65476,0,0,2621,60.0,0.0,0.0,0.0,0.0,0.0
2026-07-09T15:08:30,ERR,ERR,ERR,ERR,ERR,ERR,ERR,ERR,ERR,ERR,ERR,ERR,ERR,ERR,ERR,ERR,ERR,ERR,ERR,ERR,ERR,ERR,ERR,ERR,ERR,ERR,ERR,ERR,ERR,ERR,ERR,ERR,ERR,ERR,ERR,ERR,ERR,ERR,ERR,ERR,ERR,ERR,ERR,ERR,ERR,ERR,ERR,ERR,ERR,ERR,ERR,ERR,ERR,ERR,ERR,ERR,ERR,ERR,ERR,ERR,ERR,ERR,ERR,ERR,ERR,ERR,ERR,ERR,ERR,ERR,ERR,ERR,ERR,ERR,ERR,ERR,ERR,ERR,ERR,ERR,ERR,ERR,ERR,ERR,ERR,ERR,ERR,ERR,ERR,ERR,ERR,ERR,ERR,ERR,ERR,ERR,ERR,ERR,ERR,ERR,ERR,ERR,ERR,ERR,ERR,ERR,ERR,ERR,ERR,ERR,ERR,ERR,ERR,ERR,ERR,ERR,ERR,ERR,ERR,ERR,ERR,ERR,ERR,ERR,ERR,-107615168.0,-107615928.0,-107614640.0,0.0,3.2523613333932374e+32,-0.0,1.8165366513636383e+31,-3.13510676132264e+29,0,0,4,17405,7116,0.0,100,0.0,0.0,0.0,0.0,0.0,0,0,0,0,0.0,0,0,0,0,0,0,0,0,0,0,0,0,0,0,0,0,0,0,0,0,0,0,0,0,0,0,0,0,0,0,0,0,0,31,40,40,71,65476,0,300,0,0,8,21553,0.0,-107605600.0,0.0,0.0,0.0,0.0,0.0,0.0,0.0,0.0,0.0,0.0,0.0,0.0,0.0,0.0,0.0,0.0,0.0,0.0,0.0,0.0,-0.0,-3.697063867931689e+19,0.0,0.0,0.0,0.0,0.0,0.0,4574.0,-564144893853696.0,6939.0,0.0,-107615928.0,2.004,2.004,0.0,0.0,0.0,0.0,69,4.0668653694834314e+29,-71.629,0.0,0.0,0.0,0.0,0.0,0.0,0.0,0,0,0,0.0,0.0,0.0,0.0,0.0,0.0,0.0,0.0,0.0,0.0,0.0,0.0,0.0,0.0,0.0,0.0,0,-107875648.0,69,0.0,138,0.0,2.012,ERR,ERR,ERR,ERR,ERR,ERR,ERR,ERR,ERR,ERR,ERR,ERR,ERR,ERR,ERR,ERR,ERR,ERR,ERR,ERR,ERR,ERR,ERR,ERR,ERR,ERR,ERR,ERR,ERR,ERR,ERR,ERR,ERR,ERR,ERR,ERR,ERR,ERR,ERR,ERR,ERR,ERR,ERR,ERR,ERR,ERR,ERR,ERR,ERR,ERR,ERR,ERR,ERR,ERR,ERR,ERR,ERR,ERR,ERR,ERR,ERR,ERR,ERR,ERR,ERR,ERR,ERR,60.0,60.0,35,0.0,0.0,0.0,0.0,0.0,0.0,0.0,0.0,0.0,0.0,0.0,0.0,0.0,0.0,0.0,0.0,65.6,0,116,56,41,65476,0,300,0,0,8,20529,65476,0,0,2621,60.0,0.0,0.0,0.0,0.0,0.0
2026-07-09T15:08:31,ERR,ERR,ERR,ERR,ERR,ERR,ERR,ERR,ERR,ERR,ERR,ERR,ERR,ERR,ERR,ERR,ERR,ERR,ERR,ERR,ERR,ERR,ERR,ERR,ERR,ERR,ERR,ERR,ERR,ERR,ERR,ERR,ERR,ERR,ERR,ERR,ERR,ERR,ERR,ERR,ERR,ERR,ERR,ERR,ERR,ERR,ERR,ERR,ERR,ERR,ERR,ERR,ERR,ERR,ERR,ERR,ERR,ERR,ERR,ERR,ERR,ERR,ERR,ERR,ERR,ERR,ERR,ERR,ERR,ERR,ERR,ERR,ERR,ERR,ERR,ERR,ERR,ERR,ERR,ERR,ERR,ERR,ERR,ERR,ERR,ERR,ERR,ERR,ERR,ERR,ERR,ERR,ERR,ERR,ERR,ERR,ERR,ERR,ERR,ERR,ERR,ERR,ERR,ERR,ERR,ERR,ERR,ERR,ERR,ERR,ERR,ERR,ERR,ERR,ERR,ERR,ERR,ERR,ERR,ERR,ERR,ERR,ERR,ERR,ERR,-107615168.0,-107615928.0,-107614640.0,0.0,3.2523613333932374e+32,-0.0,1.8165366513636383e+31,-3.13510676132264e+29,0,0,4,17405,7116,0.0,100,0.0,0.0,0.0,0.0,0.0,0,0,0,0,0.0,0,0,0,0,0,0,0,0,0,0,0,0,0,0,0,0,0,0,0,0,0,0,0,0,0,0,0,0,0,0,0,0,0,31,40,40,71,65476,0,300,0,0,8,21553,0.0,-107605600.0,0.0,0.0,0.0,0.0,0.0,0.0,0.0,0.0,0.0,0.0,0.0,0.0,0.0,0.0,0.0,0.0,0.0,0.0,0.0,0.0,-0.0,-3.697063867931689e+19,0.0,0.0,0.0,0.0,0.0,0.0,4574.0,-564144893853696.0,6939.0,0.0,-107615928.0,2.004,2.004,0.0,0.0,0.0,0.0,69,4.0668653694834314e+29,-71.629,0.0,0.0,0.0,0.0,0.0,0.0,0.0,0,0,0,0.0,0.0,0.0,0.0,0.0,0.0,0.0,0.0,0.0,0.0,0.0,0.0,0.0,0.0,0.0,0.0,0,-107875648.0,69,0.0,138,0.0,2.012,ERR,ERR,ERR,ERR,ERR,ERR,ERR,ERR,ERR,ERR,ERR,ERR,ERR,ERR,ERR,ERR,ERR,ERR,ERR,ERR,ERR,ERR,ERR,ERR,ERR,ERR,ERR,ERR,ERR,ERR,ERR,ERR,ERR,ERR,ERR,ERR,ERR,ERR,ERR,ERR,ERR,ERR,ERR,ERR,ERR,ERR,ERR,ERR,ERR,ERR,ERR,ERR,ERR,ERR,ERR,ERR,ERR,ERR,ERR,ERR,ERR,ERR,ERR,ERR,ERR,ERR,ERR,60.0,60.0,35,0.0,0.0,0.0,0.0,0.0,0.0,0.0,0.0,0.0,0.0,0.0,0.0,0.0,0.0,0.0,0.0,65.6,0,116,56,41,65476,0,300,0,0,8,20529,65476,0,0,2621,60.0,0.0,0.0,0.0,0.0,0.0
2026-07-09T15:08:32,ERR,ERR,ERR,ERR,ERR,ERR,ERR,ERR,ERR,ERR,ERR,ERR,ERR,ERR,ERR,ERR,ERR,ERR,ERR,ERR,ERR,ERR,ERR,ERR,ERR,ERR,ERR,ERR,ERR,ERR,ERR,ERR,ERR,ERR,ERR,ERR,ERR,ERR,ERR,ERR,ERR,ERR,ERR,ERR,ERR,ERR,ERR,ERR,ERR,ERR,ERR,ERR,ERR,ERR,ERR,ERR,ERR,ERR,ERR,ERR,ERR,ERR,ERR,ERR,ERR,ERR,ERR,ERR,ERR,ERR,ERR,ERR,ERR,ERR,ERR,ERR,ERR,ERR,ERR,ERR,ERR,ERR,ERR,ERR,ERR,ERR,ERR,ERR,ERR,ERR,ERR,ERR,ERR,ERR,ERR,ERR,ERR,ERR,ERR,ERR,ERR,ERR,ERR,ERR,ERR,ERR,ERR,ERR,ERR,ERR,ERR,ERR,ERR,ERR,ERR,ERR,ERR,ERR,ERR,ERR,ERR,ERR,ERR,ERR,ERR,-107615168.0,-107615928.0,-107614640.0,0.0,3.2523613333932374e+32,-0.0,1.8165366513636383e+31,-3.13510676132264e+29,0,0,4,17405,7116,0.0,100,0.0,0.0,0.0,0.0,0.0,0,0,0,0,0.0,0,0,0,0,0,0,0,0,0,0,0,0,0,0,0,0,0,0,0,0,0,0,0,0,0,0,0,0,0,0,0,0,0,31,40,40,71,65476,0,300,0,0,8,21553,0.0,-107605600.0,0.0,0.0,0.0,0.0,0.0,0.0,0.0,0.0,0.0,0.0,0.0,0.0,0.0,0.0,0.0,0.0,0.0,0.0,0.0,0.0,-0.0,-3.697063867931689e+19,0.0,0.0,0.0,0.0,0.0,0.0,4574.0,-564144893853696.0,6939.0,0.0,-107615928.0,2.004,2.004,0.0,0.0,0.0,0.0,69,4.0668653694834314e+29,-71.629,0.0,0.0,0.0,0.0,0.0,0.0,0.0,0,0,0,0.0,0.0,0.0,0.0,0.0,0.0,0.0,0.0,0.0,0.0,0.0,0.0,0.0,0.0,0.0,0.0,0,-107875648.0,69,0.0,138,0.0,2.012,ERR,ERR,ERR,ERR,ERR,ERR,ERR,ERR,ERR,ERR,ERR,ERR,ERR,ERR,ERR,ERR,ERR,ERR,ERR,ERR,ERR,ERR,ERR,ERR,ERR,ERR,ERR,ERR,ERR,ERR,ERR,ERR,ERR,ERR,ERR,ERR,ERR,ERR,ERR,ERR,ERR,ERR,ERR,ERR,ERR,ERR,ERR,ERR,ERR,ERR,ERR,ERR,ERR,ERR,ERR,ERR,ERR,ERR,ERR,ERR,ERR,ERR,ERR,ERR,ERR,ERR,ERR,60.0,60.0,35,0.0,0.0,0.0,0.0,0.0,0.0,0.0,0.0,0.0,0.0,0.0,0.0,0.0,0.0,0.0,0.0,65.2,0,116,56,41,65476,0,300,0,0,8,20529,65476,0,0,2621,60.0,0.0,0.0,0.0,0.0,0.0
2026-07-09T15:08:33,ERR,ERR,ERR,ERR,ERR,ERR,ERR,ERR,ERR,ERR,ERR,ERR,ERR,ERR,ERR,ERR,ERR,ERR,ERR,ERR,ERR,ERR,ERR,ERR,ERR,ERR,ERR,ERR,ERR,ERR,ERR,ERR,ERR,ERR,ERR,ERR,ERR,ERR,ERR,ERR,ERR,ERR,ERR,ERR,ERR,ERR,ERR,ERR,ERR,ERR,ERR,ERR,ERR,ERR,ERR,ERR,ERR,ERR,ERR,ERR,ERR,ERR,ERR,ERR,ERR,ERR,ERR,ERR,ERR,ERR,ERR,ERR,ERR,ERR,ERR,ERR,ERR,ERR,ERR,ERR,ERR,ERR,ERR,ERR,ERR,ERR,ERR,ERR,ERR,ERR,ERR,ERR,ERR,ERR,ERR,ERR,ERR,ERR,ERR,ERR,ERR,ERR,ERR,ERR,ERR,ERR,ERR,ERR,ERR,ERR,ERR,ERR,ERR,ERR,ERR,ERR,ERR,ERR,ERR,ERR,ERR,ERR,ERR,ERR,ERR,0.0,-107615928.0,2.7302200844045773e+23,0.0,-6.251743237574653e+26,-0.0,-0.0,10320.122,0,0,4,17402,7116,0.0,100,0.0,0.0,0.0,0.0,0.0,0,0,0,0,0.0,0,0,0,0,0,0,0,0,0,0,0,0,0,0,0,0,0,0,0,0,0,0,0,0,0,0,0,0,0,0,0,0,0,31,40,40,71,65476,0,300,0,0,8,21553,0.0,-107605600.0,0.0,0.0,0.0,0.0,0.0,0.0,0.0,0.0,0.0,0.0,0.0,0.0,0.0,0.0,0.0,0.0,0.0,0.0,0.0,0.0,-2.004,-3.697063867931689e+19,0.0,0.0,0.0,0.0,0.0,0.0,4559.0,-1.040663647740917e+34,6943.0,0.0,-107615928.0,2.004,2.004,0.0,0.0,0.0,0.0,69,-2.3088333289975238e+20,0.059,0.0,0.0,0.0,0.0,0.0,0.0,0.0,0,0,0,0.0,0.0,0.0,0.0,0.0,0.0,0.0,0.0,0.0,0.0,0.0,0.0,0.0,0.0,0.0,0.0,0,-107875648.0,69,0.0,138,0.0,2.012,ERR,ERR,ERR,ERR,ERR,ERR,ERR,ERR,ERR,ERR,ERR,ERR,ERR,ERR,ERR,ERR,ERR,ERR,ERR,ERR,ERR,ERR,ERR,ERR,ERR,ERR,ERR,ERR,ERR,ERR,ERR,ERR,ERR,ERR,ERR,ERR,ERR,ERR,ERR,ERR,ERR,ERR,ERR,ERR,ERR,ERR,ERR,ERR,ERR,ERR,ERR,ERR,ERR,ERR,ERR,ERR,ERR,ERR,ERR,ERR,ERR,ERR,ERR,ERR,ERR,ERR,ERR,60.0,60.0,35,0.0,0.0,0.0,0.0,0.0,0.0,0.0,0.0,0.0,0.0,0.0,0.0,0.0,0.0,0.0,0.0,65.2,0,116,56,41,65476,0,300,0,0,8,20529,65476,0,0,2621,60.0,0.0,0.0,0.0,0.0,0.0
2026-07-09T15:08:34,ERR,ERR,ERR,ERR,ERR,ERR,ERR,ERR,ERR,ERR,ERR,ERR,ERR,ERR,ERR,ERR,ERR,ERR,ERR,ERR,ERR,ERR,ERR,ERR,ERR,ERR,ERR,ERR,ERR,ERR,ERR,ERR,ERR,ERR,ERR,ERR,ERR,ERR,ERR,ERR,ERR,ERR,ERR,ERR,ERR,ERR,ERR,ERR,ERR,ERR,ERR,ERR,ERR,ERR,ERR,ERR,ERR,ERR,ERR,ERR,ERR,ERR,ERR,ERR,ERR,ERR,ERR,ERR,ERR,ERR,ERR,ERR,ERR,ERR,ERR,ERR,ERR,ERR,ERR,ERR,ERR,ERR,ERR,ERR,ERR,ERR,ERR,ERR,ERR,ERR,ERR,ERR,ERR,ERR,ERR,ERR,ERR,ERR,ERR,ERR,ERR,ERR,ERR,ERR,ERR,ERR,ERR,ERR,ERR,ERR,ERR,ERR,ERR,ERR,ERR,ERR,ERR,ERR,ERR,ERR,ERR,ERR,ERR,ERR,ERR,0.0,-107615928.0,2.7302200844045773e+23,0.0,-6.251743237574653e+26,-0.0,-0.0,10320.122,0,0,4,17402,7116,0.0,100,0.0,0.0,0.0,0.0,0.0,0,0,0,0,0.0,0,0,0,0,0,0,0,0,0,0,0,0,0,0,0,0,0,0,0,0,0,0,0,0,0,0,0,0,0,0,0,0,0,31,40,40,71,65476,0,300,0,0,8,21553,0.0,-107605600.0,0.0,0.0,0.0,0.0,0.0,0.0,0.0,0.0,0.0,0.0,0.0,0.0,0.0,0.0,0.0,0.0,0.0,0.0,0.0,0.0,-2.004,-3.697063867931689e+19,0.0,0.0,0.0,0.0,0.0,0.0,4559.0,-1.040663647740917e+34,6943.0,0.0,-107615928.0,2.004,2.004,0.0,0.0,0.0,0.0,69,-2.3088333289975238e+20,0.059,0.0,0.0,0.0,0.0,0.0,0.0,0.0,0,0,0,0.0,0.0,0.0,0.0,0.0,0.0,0.0,0.0,0.0,0.0,0.0,0.0,0.0,0.0,0.0,0.0,0,-107875648.0,69,0.0,138,0.0,2.012,ERR,ERR,ERR,ERR,ERR,ERR,ERR,ERR,ERR,ERR,ERR,ERR,ERR,ERR,ERR,ERR,ERR,ERR,ERR,ERR,ERR,ERR,ERR,ERR,ERR,ERR,ERR,ERR,ERR,ERR,ERR,ERR,ERR,ERR,ERR,ERR,ERR,ERR,ERR,ERR,ERR,ERR,ERR,ERR,ERR,ERR,ERR,ERR,ERR,ERR,ERR,ERR,ERR,ERR,ERR,ERR,ERR,ERR,ERR,ERR,ERR,ERR,ERR,ERR,ERR,ERR,ERR,60.0,60.0,35,0.0,0.0,0.0,0.0,0.0,0.0,0.0,0.0,0.0,0.0,0.0,0.0,0.0,0.0,0.0,0.0,65.2,0,116,56,41,65476,0,300,0,0,8,20529,65476,0,0,2621,60.0,0.0,0.0,0.0,0.0,0.0
2026-07-09T15:08:35,ERR,ERR,ERR,ERR,ERR,ERR,ERR,ERR,ERR,ERR,ERR,ERR,ERR,ERR,ERR,ERR,ERR,ERR,ERR,ERR,ERR,ERR,ERR,ERR,ERR,ERR,ERR,ERR,ERR,ERR,ERR,ERR,ERR,ERR,ERR,ERR,ERR,ERR,ERR,ERR,ERR,ERR,ERR,ERR,ERR,ERR,ERR,ERR,ERR,ERR,ERR,ERR,ERR,ERR,ERR,ERR,ERR,ERR,ERR,ERR,ERR,ERR,ERR,ERR,ERR,ERR,ERR,ERR,ERR,ERR,ERR,ERR,ERR,ERR,ERR,ERR,ERR,ERR,ERR,ERR,ERR,ERR,ERR,ERR,ERR,ERR,ERR,ERR,ERR,ERR,ERR,ERR,ERR,ERR,ERR,ERR,ERR,ERR,ERR,ERR,ERR,ERR,ERR,ERR,ERR,ERR,ERR,ERR,ERR,ERR,ERR,ERR,ERR,ERR,ERR,ERR,ERR,ERR,ERR,ERR,ERR,ERR,ERR,ERR,ERR,0.0,-107615928.0,2.7302200844045773e+23,0.0,-6.251743237574653e+26,-0.0,-0.0,10320.122,0,0,4,17402,7116,0.0,100,0.0,0.0,0.0,0.0,0.0,0,0,0,0,0.0,0,0,0,0,0,0,0,0,0,0,0,0,0,0,0,0,0,0,0,0,0,0,0,0,0,0,0,0,0,0,0,0,0,31,40,40,71,65476,0,300,0,0,8,21553,0.0,-107605600.0,0.0,0.0,0.0,0.0,0.0,0.0,0.0,0.0,0.0,0.0,0.0,0.0,0.0,0.0,0.0,0.0,0.0,0.0,0.0,0.0,-2.004,-3.697063867931689e+19,0.0,0.0,0.0,0.0,0.0,0.0,4559.0,-1.040663647740917e+34,6943.0,0.0,-107615928.0,2.004,2.004,0.0,0.0,0.0,0.0,69,-2.3088333289975238e+20,0.059,0.0,0.0,0.0,0.0,0.0,0.0,0.0,0,0,0,0.0,0.0,0.0,0.0,0.0,0.0,0.0,0.0,0.0,0.0,0.0,0.0,0.0,0.0,0.0,0.0,0,-107875648.0,69,0.0,138,0.0,2.012,ERR,ERR,ERR,ERR,ERR,ERR,ERR,ERR,ERR,ERR,ERR,ERR,ERR,ERR,ERR,ERR,ERR,ERR,ERR,ERR,ERR,ERR,ERR,ERR,ERR,ERR,ERR,ERR,ERR,ERR,ERR,ERR,ERR,ERR,ERR,ERR,ERR,ERR,ERR,ERR,ERR,ERR,ERR,ERR,ERR,ERR,ERR,ERR,ERR,ERR,ERR,ERR,ERR,ERR,ERR,ERR,ERR,ERR,ERR,ERR,ERR,ERR,ERR,ERR,ERR,ERR,ERR,60.0,60.0,35,0.0,0.0,0.0,0.0,0.0,0.0,0.0,0.0,0.0,0.0,0.0,0.0,0.0,0.0,0.0,0.0,65.2,0,116,56,41,65476,0,300,0,0,8,20529,65476,0,0,2621,60.0,0.0,0.0,0.0,0.0,0.0
2026-07-09T15:08:36,ERR,ERR,ERR,ERR,ERR,ERR,ERR,ERR,ERR,ERR,ERR,ERR,ERR,ERR,ERR,ERR,ERR,ERR,ERR,ERR,ERR,ERR,ERR,ERR,ERR,ERR,ERR,ERR,ERR,ERR,ERR,ERR,ERR,ERR,ERR,ERR,ERR,ERR,ERR,ERR,ERR,ERR,ERR,ERR,ERR,ERR,ERR,ERR,ERR,ERR,ERR,ERR,ERR,ERR,ERR,ERR,ERR,ERR,ERR,ERR,ERR,ERR,ERR,ERR,ERR,ERR,ERR,ERR,ERR,ERR,ERR,ERR,ERR,ERR,ERR,ERR,ERR,ERR,ERR,ERR,ERR,ERR,ERR,ERR,ERR,ERR,ERR,ERR,ERR,ERR,ERR,ERR,ERR,ERR,ERR,ERR,ERR,ERR,ERR,ERR,ERR,ERR,ERR,ERR,ERR,ERR,ERR,ERR,ERR,ERR,ERR,ERR,ERR,ERR,ERR,ERR,ERR,ERR,ERR,ERR,ERR,ERR,ERR,ERR,ERR,0.0,-107615928.0,2.7302200844045773e+23,0.0,-6.251743237574653e+26,-0.0,-0.0,10320.122,0,0,4,17402,7116,0.0,100,0.0,0.0,0.0,0.0,0.0,0,0,0,0,0.0,0,0,0,0,0,0,0,0,0,0,0,0,0,0,0,0,0,0,0,0,0,0,0,0,0,0,0,0,0,0,0,0,0,31,40,40,71,65476,0,300,0,0,8,21553,0.0,-107605600.0,0.0,0.0,0.0,0.0,0.0,0.0,0.0,0.0,0.0,0.0,0.0,0.0,0.0,0.0,0.0,0.0,0.0,0.0,0.0,0.0,-2.004,-3.697063867931689e+19,0.0,0.0,0.0,0.0,0.0,0.0,4559.0,-1.040663647740917e+34,6943.0,0.0,-107615928.0,2.004,2.004,0.0,0.0,0.0,0.0,69,-2.3088333289975238e+20,0.059,0.0,0.0,0.0,0.0,0.0,0.0,0.0,0,0,0,0.0,0.0,0.0,0.0,0.0,0.0,0.0,0.0,0.0,0.0,0.0,0.0,0.0,0.0,0.0,0.0,0,-107875648.0,69,0.0,138,0.0,2.012,ERR,ERR,ERR,ERR,ERR,ERR,ERR,ERR,ERR,ERR,ERR,ERR,ERR,ERR,ERR,ERR,ERR,ERR,ERR,ERR,ERR,ERR,ERR,ERR,ERR,ERR,ERR,ERR,ERR,ERR,ERR,ERR,ERR,ERR,ERR,ERR,ERR,ERR,ERR,ERR,ERR,ERR,ERR,ERR,ERR,ERR,ERR,ERR,ERR,ERR,ERR,ERR,ERR,ERR,ERR,ERR,ERR,ERR,ERR,ERR,ERR,ERR,ERR,ERR,ERR,ERR,ERR,60.0,60.0,35,0.0,0.0,0.0,0.0,0.0,0.0,0.0,0.0,0.0,0.0,0.0,0.0,0.0,0.0,0.0,0.0,65.2,0,116,56,41,65476,0,300,0,0,8,20529,65476,0,0,2621,60.0,0.0,0.0,0.0,0.0,0.0
2026-07-09T15:08:37,ERR,ERR,ERR,ERR,ERR,ERR,ERR,ERR,ERR,ERR,ERR,ERR,ERR,ERR,ERR,ERR,ERR,ERR,ERR,ERR,ERR,ERR,ERR,ERR,ERR,ERR,ERR,ERR,ERR,ERR,ERR,ERR,ERR,ERR,ERR,ERR,ERR,ERR,ERR,ERR,ERR,ERR,ERR,ERR,ERR,ERR,ERR,ERR,ERR,ERR,ERR,ERR,ERR,ERR,ERR,ERR,ERR,ERR,ERR,ERR,ERR,ERR,ERR,ERR,ERR,ERR,ERR,ERR,ERR,ERR,ERR,ERR,ERR,ERR,ERR,ERR,ERR,ERR,ERR,ERR,ERR,ERR,ERR,ERR,ERR,ERR,ERR,ERR,ERR,ERR,ERR,ERR,ERR,ERR,ERR,ERR,ERR,ERR,ERR,ERR,ERR,ERR,ERR,ERR,ERR,ERR,ERR,ERR,ERR,ERR,ERR,ERR,ERR,ERR,ERR,ERR,ERR,ERR,ERR,ERR,ERR,ERR,ERR,ERR,ERR,0.0,-107615928.0,2.7302200844045773e+23,0.0,-6.251743237574653e+26,-0.0,-0.0,10320.122,0,0,4,17402,7116,0.0,100,0.0,0.0,0.0,0.0,0.0,0,0,0,0,0.0,0,0,0,0,0,0,0,0,0,0,0,0,0,0,0,0,0,0,0,0,0,0,0,0,0,0,0,0,0,0,0,0,0,31,40,40,71,65476,0,300,0,0,8,21553,0.0,-107605600.0,0.0,0.0,0.0,0.0,0.0,0.0,0.0,0.0,0.0,0.0,0.0,0.0,0.0,0.0,0.0,0.0,0.0,0.0,0.0,0.0,-2.004,-3.697063867931689e+19,0.0,0.0,0.0,0.0,0.0,0.0,4559.0,-1.040663647740917e+34,6943.0,0.0,-107615928.0,2.004,2.004,0.0,0.0,0.0,0.0,69,-2.3088333289975238e+20,0.059,0.0,0.0,0.0,0.0,0.0,0.0,0.0,0,0,0,0.0,0.0,0.0,0.0,0.0,0.0,0.0,0.0,0.0,0.0,0.0,0.0,0.0,0.0,0.0,0.0,0,-107875648.0,69,0.0,138,0.0,2.012,ERR,ERR,ERR,ERR,ERR,ERR,ERR,ERR,ERR,ERR,ERR,ERR,ERR,ERR,ERR,ERR,ERR,ERR,ERR,ERR,ERR,ERR,ERR,ERR,ERR,ERR,ERR,ERR,ERR,ERR,ERR,ERR,ERR,ERR,ERR,ERR,ERR,ERR,ERR,ERR,ERR,ERR,ERR,ERR,ERR,ERR,ERR,ERR,ERR,ERR,ERR,ERR,ERR,ERR,ERR,ERR,ERR,ERR,ERR,ERR,ERR,ERR,ERR,ERR,ERR,ERR,ERR,60.0,60.0,35,0.0,0.0,0.0,0.0,0.0,0.0,0.0,0.0,0.0,0.0,0.0,0.0,0.0,0.0,0.0,0.0,65.2,0,116,56,41,65476,0,300,0,0,8,20529,65476,0,0,2621,60.0,0.0,0.0,0.0,0.0,0.0
2026-07-09T15:08:38,ERR,ERR,ERR,ERR,ERR,ERR,ERR,ERR,ERR,ERR,ERR,ERR,ERR,ERR,ERR,ERR,ERR,ERR,ERR,ERR,ERR,ERR,ERR,ERR,ERR,ERR,ERR,ERR,ERR,ERR,ERR,ERR,ERR,ERR,ERR,ERR,ERR,ERR,ERR,ERR,ERR,ERR,ERR,ERR,ERR,ERR,ERR,ERR,ERR,ERR,ERR,ERR,ERR,ERR,ERR,ERR,ERR,ERR,ERR,ERR,ERR,ERR,ERR,ERR,ERR,ERR,ERR,ERR,ERR,ERR,ERR,ERR,ERR,ERR,ERR,ERR,ERR,ERR,ERR,ERR,ERR,ERR,ERR,ERR,ERR,ERR,ERR,ERR,ERR,ERR,ERR,ERR,ERR,ERR,ERR,ERR,ERR,ERR,ERR,ERR,ERR,ERR,ERR,ERR,ERR,ERR,ERR,ERR,ERR,ERR,ERR,ERR,ERR,ERR,ERR,ERR,ERR,ERR,ERR,ERR,ERR,ERR,ERR,ERR,ERR,-0.0,-0.0,-0.0,-0.0,0.0,-0.0,6.432964766166109e+24,-0.0,0,0,4,17401,7116,0.0,100,0.0,0.0,-0.0,0.0,0.0,0,0,0,0,0.0,0,0,0,0,0,0,0,0,0,0,0,0,0,0,0,0,0,0,0,0,0,0,0,0,0,0,0,0,0,0,0,0,0,31,40,40,71,65476,0,300,0,0,8,21553,0.0,-107605600.0,0.0,0.0,0.0,0.0,0.0,0.0,0.0,0.0,0.0,0.0,0.0,0.0,0.0,0.0,0.0,0.0,0.0,0.0,0.0,0.0,0.0,-2.004,0.0,0.0,0.0,0.0,0.0,0.0,4607.0,0.0,6918.0,-0.0,-0.0,2.004,2.004,0.0,0.0,0.0,0.0,69,0.059,1.9056830021894144e+17,0.0,0.0,0.0,0.0,0.0,0.0,0.0,0,0,0,0.0,0.0,0.0,0.0,0.0,0.0,0.0,0.0,0.0,0.0,0.0,0.0,0.0,0.0,0.0,0.0,0,-107875648.0,69,0.0,138,0.0,2.012,ERR,ERR,ERR,ERR,ERR,ERR,ERR,ERR,ERR,ERR,ERR,ERR,ERR,ERR,ERR,ERR,ERR,ERR,ERR,ERR,ERR,ERR,ERR,ERR,ERR,ERR,ERR,ERR,ERR,ERR,ERR,ERR,ERR,ERR,ERR,ERR,ERR,ERR,ERR,ERR,ERR,ERR,ERR,ERR,ERR,ERR,ERR,ERR,ERR,ERR,ERR,ERR,ERR,ERR,ERR,ERR,ERR,ERR,ERR,ERR,ERR,ERR,ERR,ERR,ERR,ERR,ERR,60.0,60.0,35,0.0,0.0,0.0,0.0,0.0,0.0,0.0,0.0,0.0,0.0,0.0,0.0,0.0,0.0,0.0,0.0,65.2,0,116,56,41,65476,0,300,0,0,8,20529,65476,0,0,2621,60.0,0.0,0.0,0.0,0.0,0.0
2026-07-09T15:08:39,ERR,ERR,ERR,ERR,ERR,ERR,ERR,ERR,ERR,ERR,ERR,ERR,ERR,ERR,ERR,ERR,ERR,ERR,ERR,ERR,ERR,ERR,ERR,ERR,ERR,ERR,ERR,ERR,ERR,ERR,ERR,ERR,ERR,ERR,ERR,ERR,ERR,ERR,ERR,ERR,ERR,ERR,ERR,ERR,ERR,ERR,ERR,ERR,ERR,ERR,ERR,ERR,ERR,ERR,ERR,ERR,ERR,ERR,ERR,ERR,ERR,ERR,ERR,ERR,ERR,ERR,ERR,ERR,ERR,ERR,ERR,ERR,ERR,ERR,ERR,ERR,ERR,ERR,ERR,ERR,ERR,ERR,ERR,ERR,ERR,ERR,ERR,ERR,ERR,ERR,ERR,ERR,ERR,ERR,ERR,ERR,ERR,ERR,ERR,ERR,ERR,ERR,ERR,ERR,ERR,ERR,ERR,ERR,ERR,ERR,ERR,ERR,ERR,ERR,ERR,ERR,ERR,ERR,ERR,ERR,ERR,ERR,ERR,ERR,ERR,-0.0,-0.0,-0.0,-0.0,0.0,-0.0,6.432964766166109e+24,-0.0,0,0,4,17401,7116,0.0,100,0.0,0.0,-0.0,0.0,0.0,0,0,0,0,0.0,0,0,0,0,0,0,0,0,0,0,0,0,0,0,0,0,0,0,0,0,0,0,0,0,0,0,0,0,0,0,0,0,0,31,40,40,71,65476,0,300,0,0,8,21553,0.0,-107605600.0,0.0,0.0,0.0,0.0,0.0,0.0,0.0,0.0,0.0,0.0,0.0,0.0,0.0,0.0,0.0,0.0,0.0,0.0,0.0,0.0,0.0,-2.004,0.0,0.0,0.0,0.0,0.0,0.0,4607.0,0.0,6918.0,-0.0,-0.0,2.004,2.004,0.0,0.0,0.0,0.0,69,0.059,1.9056830021894144e+17,0.0,0.0,0.0,0.0,0.0,0.0,0.0,0,0,0,0.0,0.0,0.0,0.0,0.0,0.0,0.0,0.0,0.0,0.0,0.0,0.0,0.0,0.0,0.0,0.0,0,-107875648.0,69,0.0,138,0.0,2.012,ERR,ERR,ERR,ERR,ERR,ERR,ERR,ERR,ERR,ERR,ERR,ERR,ERR,ERR,ERR,ERR,ERR,ERR,ERR,ERR,ERR,ERR,ERR,ERR,ERR,ERR,ERR,ERR,ERR,ERR,ERR,ERR,ERR,ERR,ERR,ERR,ERR,ERR,ERR,ERR,ERR,ERR,ERR,ERR,ERR,ERR,ERR,ERR,ERR,ERR,ERR,ERR,ERR,ERR,ERR,ERR,ERR,ERR,ERR,ERR,ERR,ERR,ERR,ERR,ERR,ERR,ERR,60.0,60.0,35,0.0,0.0,0.0,0.0,0.0,0.0,0.0,0.0,0.0,0.0,0.0,0.0,0.0,0.0,0.0,0.0,65.6,0,116,56,41,65476,0,300,0,0,8,20529,65476,0,0,2621,60.0,0.0,0.0,0.0,0.0,0.0
2026-07-09T15:08:40,ERR,ERR,ERR,ERR,ERR,ERR,ERR,ERR,ERR,ERR,ERR,ERR,ERR,ERR,ERR,ERR,ERR,ERR,ERR,ERR,ERR,ERR,ERR,ERR,ERR,ERR,ERR,ERR,ERR,ERR,ERR,ERR,ERR,ERR,ERR,ERR,ERR,ERR,ERR,ERR,ERR,ERR,ERR,ERR,ERR,ERR,ERR,ERR,ERR,ERR,ERR,ERR,ERR,ERR,ERR,ERR,ERR,ERR,ERR,ERR,ERR,ERR,ERR,ERR,ERR,ERR,ERR,ERR,ERR,ERR,ERR,ERR,ERR,ERR,ERR,ERR,ERR,ERR,ERR,ERR,ERR,ERR,ERR,ERR,ERR,ERR,ERR,ERR,ERR,ERR,ERR,ERR,ERR,ERR,ERR,ERR,ERR,ERR,ERR,ERR,ERR,ERR,ERR,ERR,ERR,ERR,ERR,ERR,ERR,ERR,ERR,ERR,ERR,ERR,ERR,ERR,ERR,ERR,ERR,ERR,ERR,ERR,ERR,ERR,ERR,-0.0,-0.0,-0.0,-0.0,0.0,-0.0,6.432964766166109e+24,-0.0,0,0,4,17401,7116,0.0,100,0.0,0.0,-0.0,0.0,0.0,0,0,0,0,0.0,0,0,0,0,0,0,0,0,0,0,0,0,0,0,0,0,0,0,0,0,0,0,0,0,0,0,0,0,0,0,0,0,0,31,40,40,71,65476,0,300,0,0,8,21553,0.0,-107605600.0,0.0,0.0,0.0,0.0,0.0,0.0,0.0,0.0,0.0,0.0,0.0,0.0,0.0,0.0,0.0,0.0,0.0,0.0,0.0,0.0,0.0,-2.004,0.0,0.0,0.0,0.0,0.0,0.0,4607.0,0.0,6918.0,-0.0,-0.0,2.004,2.004,0.0,0.0,0.0,0.0,69,0.059,1.9056830021894144e+17,0.0,0.0,0.0,0.0,0.0,0.0,0.0,0,0,0,0.0,0.0,0.0,0.0,0.0,0.0,0.0,0.0,0.0,0.0,0.0,0.0,0.0,0.0,0.0,0.0,0,-107875648.0,69,0.0,138,0.0,2.012,ERR,ERR,ERR,ERR,ERR,ERR,ERR,ERR,ERR,ERR,ERR,ERR,ERR,ERR,ERR,ERR,ERR,ERR,ERR,ERR,ERR,ERR,ERR,ERR,ERR,ERR,ERR,ERR,ERR,ERR,ERR,ERR,ERR,ERR,ERR,ERR,ERR,ERR,ERR,ERR,ERR,ERR,ERR,ERR,ERR,ERR,ERR,ERR,ERR,ERR,ERR,ERR,ERR,ERR,ERR,ERR,ERR,ERR,ERR,ERR,ERR,ERR,ERR,ERR,ERR,ERR,ERR,60.0,60.0,35,0.0,0.0,0.0,0.0,0.0,0.0,0.0,0.0,0.0,0.0,0.0,0.0,0.0,0.0,0.0,0.0,65.6,0,116,56,41,65476,0,300,0,0,8,20529,65476,0,0,2621,60.0,0.0,0.0,0.0,0.0,0.0
2026-07-09T15:08:41,ERR,ERR,ERR,ERR,ERR,ERR,ERR,ERR,ERR,ERR,ERR,ERR,ERR,ERR,ERR,ERR,ERR,ERR,ERR,ERR,ERR,ERR,ERR,ERR,ERR,ERR,ERR,ERR,ERR,ERR,ERR,ERR,ERR,ERR,ERR,ERR,ERR,ERR,ERR,ERR,ERR,ERR,ERR,ERR,ERR,ERR,ERR,ERR,ERR,ERR,ERR,ERR,ERR,ERR,ERR,ERR,ERR,ERR,ERR,ERR,ERR,ERR,ERR,ERR,ERR,ERR,ERR,ERR,ERR,ERR,ERR,ERR,ERR,ERR,ERR,ERR,ERR,ERR,ERR,ERR,ERR,ERR,ERR,ERR,ERR,ERR,ERR,ERR,ERR,ERR,ERR,ERR,ERR,ERR,ERR,ERR,ERR,ERR,ERR,ERR,ERR,ERR,ERR,ERR,ERR,ERR,ERR,ERR,ERR,ERR,ERR,ERR,ERR,ERR,ERR,ERR,ERR,ERR,ERR,ERR,ERR,ERR,ERR,ERR,ERR,-0.0,-0.0,-0.0,-0.0,0.0,-0.0,6.432964766166109e+24,-0.0,0,0,4,17401,7116,0.0,100,0.0,0.0,-0.0,0.0,0.0,0,0,0,0,0.0,0,0,0,0,0,0,0,0,0,0,0,0,0,0,0,0,0,0,0,0,0,0,0,0,0,0,0,0,0,0,0,0,0,31,40,40,71,65476,0,300,0,0,8,21553,0.0,-107605600.0,0.0,0.0,0.0,0.0,0.0,0.0,0.0,0.0,0.0,0.0,0.0,0.0,0.0,0.0,0.0,0.0,0.0,0.0,0.0,0.0,0.0,-2.004,0.0,0.0,0.0,0.0,0.0,0.0,4607.0,0.0,6918.0,-0.0,-0.0,2.004,2.004,0.0,0.0,0.0,0.0,69,0.059,1.9056830021894144e+17,0.0,0.0,0.0,0.0,0.0,0.0,0.0,0,0,0,0.0,0.0,0.0,0.0,0.0,0.0,0.0,0.0,0.0,0.0,0.0,0.0,0.0,0.0,0.0,0.0,0,-107875648.0,69,0.0,138,0.0,2.012,ERR,ERR,ERR,ERR,ERR,ERR,ERR,ERR,ERR,ERR,ERR,ERR,ERR,ERR,ERR,ERR,ERR,ERR,ERR,ERR,ERR,ERR,ERR,ERR,ERR,ERR,ERR,ERR,ERR,ERR,ERR,ERR,ERR,ERR,ERR,ERR,ERR,ERR,ERR,ERR,ERR,ERR,ERR,ERR,ERR,ERR,ERR,ERR,ERR,ERR,ERR,ERR,ERR,ERR,ERR,ERR,ERR,ERR,ERR,ERR,ERR,ERR,ERR,ERR,ERR,ERR,ERR,60.0,60.0,35,0.0,0.0,0.0,0.0,0.0,0.0,0.0,0.0,0.0,0.0,0.0,0.0,0.0,0.0,0.0,0.0,65.2,0,115,56,41,65476,0,300,0,0,8,20529,65476,0,0,2621,60.0,0.0,0.0,0.0,0.0,0.0
2026-07-09T15:08:42,ERR,ERR,ERR,ERR,ERR,ERR,ERR,ERR,ERR,ERR,ERR,ERR,ERR,ERR,ERR,ERR,ERR,ERR,ERR,ERR,ERR,ERR,ERR,ERR,ERR,ERR,ERR,ERR,ERR,ERR,ERR,ERR,ERR,ERR,ERR,ERR,ERR,ERR,ERR,ERR,ERR,ERR,ERR,ERR,ERR,ERR,ERR,ERR,ERR,ERR,ERR,ERR,ERR,ERR,ERR,ERR,ERR,ERR,ERR,ERR,ERR,ERR,ERR,ERR,ERR,ERR,ERR,ERR,ERR,ERR,ERR,ERR,ERR,ERR,ERR,ERR,ERR,ERR,ERR,ERR,ERR,ERR,ERR,ERR,ERR,ERR,ERR,ERR,ERR,ERR,ERR,ERR,ERR,ERR,ERR,ERR,ERR,ERR,ERR,ERR,ERR,ERR,ERR,ERR,ERR,ERR,ERR,ERR,ERR,ERR,ERR,ERR,ERR,ERR,ERR,ERR,ERR,ERR,ERR,ERR,ERR,ERR,ERR,ERR,ERR,-0.0,-0.0,-0.0,-0.0,0.0,-0.0,6.432964766166109e+24,-0.0,0,0,4,17401,7116,0.0,100,0.0,0.0,-0.0,0.0,0.0,0,0,0,0,0.0,0,0,0,0,0,0,0,0,0,0,0,0,0,0,0,0,0,0,0,0,0,0,0,0,0,0,0,0,0,0,0,0,0,31,40,40,71,65476,0,300,0,0,8,21553,0.0,-107605600.0,0.0,0.0,0.0,0.0,0.0,0.0,0.0,0.0,0.0,0.0,0.0,0.0,0.0,0.0,0.0,0.0,0.0,0.0,0.0,0.0,0.0,-2.004,0.0,0.0,0.0,0.0,0.0,0.0,4607.0,0.0,6918.0,-0.0,-0.0,2.004,2.004,0.0,0.0,0.0,0.0,69,0.059,1.9056830021894144e+17,0.0,0.0,0.0,0.0,0.0,0.0,0.0,0,0,0,0.0,0.0,0.0,0.0,0.0,0.0,0.0,0.0,0.0,0.0,0.0,0.0,0.0,0.0,0.0,0.0,0,-107875648.0,69,0.0,138,0.0,2.012,ERR,ERR,ERR,ERR,ERR,ERR,ERR,ERR,ERR,ERR,ERR,ERR,ERR,ERR,ERR,ERR,ERR,ERR,ERR,ERR,ERR,ERR,ERR,ERR,ERR,ERR,ERR,ERR,ERR,ERR,ERR,ERR,ERR,ERR,ERR,ERR,ERR,ERR,ERR,ERR,ERR,ERR,ERR,ERR,ERR,ERR,ERR,ERR,ERR,ERR,ERR,ERR,ERR,ERR,ERR,ERR,ERR,ERR,ERR,ERR,ERR,ERR,ERR,ERR,ERR,ERR,ERR,60.0,60.0,35,0.0,0.0,0.0,0.0,0.0,0.0,0.0,0.0,0.0,0.0,0.0,0.0,0.0,0.0,0.0,0.0,65.2,0,115,56,41,65476,0,300,0,0,8,20529,65476,0,0,2621,60.0,0.0,0.0,0.0,0.0,0.0
2026-07-09T15:08:43,ERR,ERR,ERR,ERR,ERR,ERR,ERR,ERR,ERR,ERR,ERR,ERR,ERR,ERR,ERR,ERR,ERR,ERR,ERR,ERR,ERR,ERR,ERR,ERR,ERR,ERR,ERR,ERR,ERR,ERR,ERR,ERR,ERR,ERR,ERR,ERR,ERR,ERR,ERR,ERR,ERR,ERR,ERR,ERR,ERR,ERR,ERR,ERR,ERR,ERR,ERR,ERR,ERR,ERR,ERR,ERR,ERR,ERR,ERR,ERR,ERR,ERR,ERR,ERR,ERR,ERR,ERR,ERR,ERR,ERR,ERR,ERR,ERR,ERR,ERR,ERR,ERR,ERR,ERR,ERR,ERR,ERR,ERR,ERR,ERR,ERR,ERR,ERR,ERR,ERR,ERR,ERR,ERR,ERR,ERR,ERR,ERR,ERR,ERR,ERR,ERR,ERR,ERR,ERR,ERR,ERR,ERR,ERR,ERR,ERR,ERR,ERR,ERR,ERR,ERR,ERR,ERR,ERR,ERR,ERR,ERR,ERR,ERR,ERR,ERR,-0.0,-0.0,-0.0,-0.0,-6.712750264276822e+35,0.0,-4.3104698601958277e+18,-0.0,0,0,4,17397,7116,0.0,100,0.0,0.0,-0.0,0.0,0.0,0,0,0,0,0.0,0,0,0,0,0,0,0,0,0,0,0,0,0,0,0,0,0,0,0,0,0,0,0,0,0,0,0,0,0,0,0,0,0,31,40,40,71,65476,0,300,0,0,8,21553,0.0,-107605600.0,0.0,0.0,0.0,0.0,0.0,0.0,0.0,0.0,0.0,0.0,0.0,0.0,0.0,0.0,0.0,0.0,0.0,0.0,0.0,0.0,0.0,-2.004,0.0,0.0,0.0,0.0,0.0,0.0,4594.0,3.697180416164233e+19,6924.0,-0.0,-0.0,2.004,2.004,0.0,0.0,0.0,0.0,69,-152017766973440.0,-0.0,0.0,0.0,0.0,0.0,0.0,0.0,0.0,0,0,0,0.0,0.0,0.0,0.0,0.0,0.0,0.0,0.0,0.0,0.0,0.0,0.0,0.0,0.0,0.0,0.0,0,-107875648.0,69,0.0,138,0.0,2.012,ERR,ERR,ERR,ERR,ERR,ERR,ERR,ERR,ERR,ERR,ERR,ERR,ERR,ERR,ERR,ERR,ERR,ERR,ERR,ERR,ERR,ERR,ERR,ERR,ERR,ERR,ERR,ERR,ERR,ERR,ERR,ERR,ERR,ERR,ERR,ERR,ERR,ERR,ERR,ERR,ERR,ERR,ERR,ERR,ERR,ERR,ERR,ERR,ERR,ERR,ERR,ERR,ERR,ERR,ERR,ERR,ERR,ERR,ERR,ERR,ERR,ERR,ERR,ERR,ERR,ERR,ERR,60.0,60.0,35,0.0,0.0,0.0,0.0,0.0,0.0,0.0,0.0,0.0,0.0,0.0,0.0,0.0,0.0,0.0,0.0,65.2,0,115,56,41,65476,0,300,0,0,8,20529,65476,0,0,2621,60.0,0.0,0.0,0.0,0.0,0.0
2026-07-09T15:08:44,ERR,ERR,ERR,ERR,ERR,ERR,ERR,ERR,ERR,ERR,ERR,ERR,ERR,ERR,ERR,ERR,ERR,ERR,ERR,ERR,ERR,ERR,ERR,ERR,ERR,ERR,ERR,ERR,ERR,ERR,ERR,ERR,ERR,ERR,ERR,ERR,ERR,ERR,ERR,ERR,ERR,ERR,ERR,ERR,ERR,ERR,ERR,ERR,ERR,ERR,ERR,ERR,ERR,ERR,ERR,ERR,ERR,ERR,ERR,ERR,ERR,ERR,ERR,ERR,ERR,ERR,ERR,ERR,ERR,ERR,ERR,ERR,ERR,ERR,ERR,ERR,ERR,ERR,ERR,ERR,ERR,ERR,ERR,ERR,ERR,ERR,ERR,ERR,ERR,ERR,ERR,ERR,ERR,ERR,ERR,ERR,ERR,ERR,ERR,ERR,ERR,ERR,ERR,ERR,ERR,ERR,ERR,ERR,ERR,ERR,ERR,ERR,ERR,ERR,ERR,ERR,ERR,ERR,ERR,ERR,ERR,ERR,ERR,ERR,ERR,-0.0,-0.0,-0.0,-0.0,-6.712750264276822e+35,0.0,-4.3104698601958277e+18,-0.0,0,0,4,17397,7116,0.0,100,0.0,0.0,-0.0,0.0,0.0,0,0,0,0,0.0,0,0,0,0,0,0,0,0,0,0,0,0,0,0,0,0,0,0,0,0,0,0,0,0,0,0,0,0,0,0,0,0,0,31,40,40,71,65476,0,300,0,0,8,21553,0.0,-107605600.0,0.0,0.0,0.0,0.0,0.0,0.0,0.0,0.0,0.0,0.0,0.0,0.0,0.0,0.0,0.0,0.0,0.0,0.0,0.0,0.0,0.0,-2.004,0.0,0.0,0.0,0.0,0.0,0.0,4594.0,3.697180416164233e+19,6924.0,-0.0,-0.0,2.004,2.004,0.0,0.0,0.0,0.0,69,-152017766973440.0,-0.0,0.0,0.0,0.0,0.0,0.0,0.0,0.0,0,0,0,0.0,0.0,0.0,0.0,0.0,0.0,0.0,0.0,0.0,0.0,0.0,0.0,0.0,0.0,0.0,0.0,0,-107875648.0,69,0.0,138,0.0,2.012,ERR,ERR,ERR,ERR,ERR,ERR,ERR,ERR,ERR,ERR,ERR,ERR,ERR,ERR,ERR,ERR,ERR,ERR,ERR,ERR,ERR,ERR,ERR,ERR,ERR,ERR,ERR,ERR,ERR,ERR,ERR,ERR,ERR,ERR,ERR,ERR,ERR,ERR,ERR,ERR,ERR,ERR,ERR,ERR,ERR,ERR,ERR,ERR,ERR,ERR,ERR,ERR,ERR,ERR,ERR,ERR,ERR,ERR,ERR,ERR,ERR,ERR,ERR,ERR,ERR,ERR,ERR,60.0,60.0,35,0.0,0.0,0.0,0.0,0.0,0.0,0.0,0.0,0.0,0.0,0.0,0.0,0.0,0.0,0.0,0.0,65.2,0,115,56,41,65476,0,300,0,0,8,20529,65476,0,0,2621,60.0,0.0,0.0,0.0,0.0,0.0
2026-07-09T15:08:45,ERR,ERR,ERR,ERR,ERR,ERR,ERR,ERR,ERR,ERR,ERR,ERR,ERR,ERR,ERR,ERR,ERR,ERR,ERR,ERR,ERR,ERR,ERR,ERR,ERR,ERR,ERR,ERR,ERR,ERR,ERR,ERR,ERR,ERR,ERR,ERR,ERR,ERR,ERR,ERR,ERR,ERR,ERR,ERR,ERR,ERR,ERR,ERR,ERR,ERR,ERR,ERR,ERR,ERR,ERR,ERR,ERR,ERR,ERR,ERR,ERR,ERR,ERR,ERR,ERR,ERR,ERR,ERR,ERR,ERR,ERR,ERR,ERR,ERR,ERR,ERR,ERR,ERR,ERR,ERR,ERR,ERR,ERR,ERR,ERR,ERR,ERR,ERR,ERR,ERR,ERR,ERR,ERR,ERR,ERR,ERR,ERR,ERR,ERR,ERR,ERR,ERR,ERR,ERR,ERR,ERR,ERR,ERR,ERR,ERR,ERR,ERR,ERR,ERR,ERR,ERR,ERR,ERR,ERR,ERR,ERR,ERR,ERR,ERR,ERR,-0.0,-0.0,-0.0,-0.0,-6.712750264276822e+35,0.0,-4.3104698601958277e+18,-0.0,0,0,4,17397,7116,0.0,100,0.0,0.0,-0.0,0.0,0.0,0,0,0,0,0.0,0,0,0,0,0,0,0,0,0,0,0,0,0,0,0,0,0,0,0,0,0,0,0,0,0,0,0,0,0,0,0,0,0,31,40,40,71,65476,0,300,0,0,8,21553,0.0,-107605600.0,0.0,0.0,0.0,0.0,0.0,0.0,0.0,0.0,0.0,0.0,0.0,0.0,0.0,0.0,0.0,0.0,0.0,0.0,0.0,0.0,0.0,-2.004,0.0,0.0,0.0,0.0,0.0,0.0,4594.0,3.697180416164233e+19,6924.0,-0.0,-0.0,2.004,2.004,0.0,0.0,0.0,0.0,69,-152017766973440.0,-0.0,0.0,0.0,0.0,0.0,0.0,0.0,0.0,0,0,0,0.0,0.0,0.0,0.0,0.0,0.0,0.0,0.0,0.0,0.0,0.0,0.0,0.0,0.0,0.0,0.0,0,-107875648.0,69,0.0,138,0.0,2.012,ERR,ERR,ERR,ERR,ERR,ERR,ERR,ERR,ERR,ERR,ERR,ERR,ERR,ERR,ERR,ERR,ERR,ERR,ERR,ERR,ERR,ERR,ERR,ERR,ERR,ERR,ERR,ERR,ERR,ERR,ERR,ERR,ERR,ERR,ERR,ERR,ERR,ERR,ERR,ERR,ERR,ERR,ERR,ERR,ERR,ERR,ERR,ERR,ERR,ERR,ERR,ERR,ERR,ERR,ERR,ERR,ERR,ERR,ERR,ERR,ERR,ERR,ERR,ERR,ERR,ERR,ERR,60.0,60.0,35,0.0,0.0,0.0,0.0,0.0,0.0,0.0,0.0,0.0,0.0,0.0,0.0,0.0,0.0,0.0,0.0,65.2,0,115,56,41,65476,0,300,0,0,8,20529,65476,0,0,2621,60.0,0.0,0.0,0.0,0.0,0.0
2026-07-09T15:08:46,ERR,ERR,ERR,ERR,ERR,ERR,ERR,ERR,ERR,ERR,ERR,ERR,ERR,ERR,ERR,ERR,ERR,ERR,ERR,ERR,ERR,ERR,ERR,ERR,ERR,ERR,ERR,ERR,ERR,ERR,ERR,ERR,ERR,ERR,ERR,ERR,ERR,ERR,ERR,ERR,ERR,ERR,ERR,ERR,ERR,ERR,ERR,ERR,ERR,ERR,ERR,ERR,ERR,ERR,ERR,ERR,ERR,ERR,ERR,ERR,ERR,ERR,ERR,ERR,ERR,ERR,ERR,ERR,ERR,ERR,ERR,ERR,ERR,ERR,ERR,ERR,ERR,ERR,ERR,ERR,ERR,ERR,ERR,ERR,ERR,ERR,ERR,ERR,ERR,ERR,ERR,ERR,ERR,ERR,ERR,ERR,ERR,ERR,ERR,ERR,ERR,ERR,ERR,ERR,ERR,ERR,ERR,ERR,ERR,ERR,ERR,ERR,ERR,ERR,ERR,ERR,ERR,ERR,ERR,ERR,ERR,ERR,ERR,ERR,ERR,-0.0,-0.0,-0.0,-0.0,-6.712750264276822e+35,0.0,-4.3104698601958277e+18,-0.0,0,0,4,17397,7116,0.0,100,0.0,0.0,-0.0,0.0,0.0,0,0,0,0,0.0,0,0,0,0,0,0,0,0,0,0,0,0,0,0,0,0,0,0,0,0,0,0,0,0,0,0,0,0,0,0,0,0,0,31,40,40,71,65476,0,300,0,0,8,21553,0.0,-107605600.0,0.0,0.0,0.0,0.0,0.0,0.0,0.0,0.0,0.0,0.0,0.0,0.0,0.0,0.0,0.0,0.0,0.0,0.0,0.0,0.0,0.0,-2.004,0.0,0.0,0.0,0.0,0.0,0.0,4594.0,3.697180416164233e+19,6924.0,-0.0,-0.0,2.004,2.004,0.0,0.0,0.0,0.0,69,-152017766973440.0,-0.0,0.0,0.0,0.0,0.0,0.0,0.0,0.0,0,0,0,0.0,0.0,0.0,0.0,0.0,0.0,0.0,0.0,0.0,0.0,0.0,0.0,0.0,0.0,0.0,0.0,0,-107875648.0,69,0.0,138,0.0,2.012,ERR,ERR,ERR,ERR,ERR,ERR,ERR,ERR,ERR,ERR,ERR,ERR,ERR,ERR,ERR,ERR,ERR,ERR,ERR,ERR,ERR,ERR,ERR,ERR,ERR,ERR,ERR,ERR,ERR,ERR,ERR,ERR,ERR,ERR,ERR,ERR,ERR,ERR,ERR,ERR,ERR,ERR,ERR,ERR,ERR,ERR,ERR,ERR,ERR,ERR,ERR,ERR,ERR,ERR,ERR,ERR,ERR,ERR,ERR,ERR,ERR,ERR,ERR,ERR,ERR,ERR,ERR,60.0,60.0,35,0.0,0.0,0.0,0.0,0.0,0.0,0.0,0.0,0.0,0.0,0.0,0.0,0.0,0.0,0.0,0.0,65.2,0,115,56,41,65476,0,300,0,0,8,20529,65476,0,0,2621,60.0,0.0,0.0,0.0,0.0,0.0
2026-07-09T15:08:47,ERR,ERR,ERR,ERR,ERR,ERR,ERR,ERR,ERR,ERR,ERR,ERR,ERR,ERR,ERR,ERR,ERR,ERR,ERR,ERR,ERR,ERR,ERR,ERR,ERR,ERR,ERR,ERR,ERR,ERR,ERR,ERR,ERR,ERR,ERR,ERR,ERR,ERR,ERR,ERR,ERR,ERR,ERR,ERR,ERR,ERR,ERR,ERR,ERR,ERR,ERR,ERR,ERR,ERR,ERR,ERR,ERR,ERR,ERR,ERR,ERR,ERR,ERR,ERR,ERR,ERR,ERR,ERR,ERR,ERR,ERR,ERR,ERR,ERR,ERR,ERR,ERR,ERR,ERR,ERR,ERR,ERR,ERR,ERR,ERR,ERR,ERR,ERR,ERR,ERR,ERR,ERR,ERR,ERR,ERR,ERR,ERR,ERR,ERR,ERR,ERR,ERR,ERR,ERR,ERR,ERR,ERR,ERR,ERR,ERR,ERR,ERR,ERR,ERR,ERR,ERR,ERR,ERR,ERR,ERR,ERR,ERR,ERR,ERR,ERR,-0.0,-0.0,-0.0,-0.0,-6.712750264276822e+35,0.0,-4.3104698601958277e+18,-0.0,0,0,4,17397,7116,0.0,100,0.0,0.0,-0.0,0.0,0.0,0,0,0,0,0.0,0,0,0,0,0,0,0,0,0,0,0,0,0,0,0,0,0,0,0,0,0,0,0,0,0,0,0,0,0,0,0,0,0,31,40,40,71,65476,0,300,0,0,8,21553,0.0,-107605600.0,0.0,0.0,0.0,0.0,0.0,0.0,0.0,0.0,0.0,0.0,0.0,0.0,0.0,0.0,0.0,0.0,0.0,0.0,0.0,0.0,0.0,-2.004,0.0,0.0,0.0,0.0,0.0,0.0,4594.0,3.697180416164233e+19,6924.0,-0.0,-0.0,2.004,2.004,0.0,0.0,0.0,0.0,69,-152017766973440.0,-0.0,0.0,0.0,0.0,0.0,0.0,0.0,0.0,0,0,0,0.0,0.0,0.0,0.0,0.0,0.0,0.0,0.0,0.0,0.0,0.0,0.0,0.0,0.0,0.0,0.0,0,-107875648.0,69,0.0,138,0.0,2.012,ERR,ERR,ERR,ERR,ERR,ERR,ERR,ERR,ERR,ERR,ERR,ERR,ERR,ERR,ERR,ERR,ERR,ERR,ERR,ERR,ERR,ERR,ERR,ERR,ERR,ERR,ERR,ERR,ERR,ERR,ERR,ERR,ERR,ERR,ERR,ERR,ERR,ERR,ERR,ERR,ERR,ERR,ERR,ERR,ERR,ERR,ERR,ERR,ERR,ERR,ERR,ERR,ERR,ERR,ERR,ERR,ERR,ERR,ERR,ERR,ERR,ERR,ERR,ERR,ERR,ERR,ERR,60.0,60.0,35,0.0,0.0,0.0,0.0,0.0,0.0,0.0,0.0,0.0,0.0,0.0,0.0,0.0,0.0,0.0,0.0,65.6,0,115,56,41,65476,0,300,0,0,8,20529,65476,0,0,2621,60.0,0.0,0.0,0.0,0.0,0.0
2026-07-09T15:08:48,ERR,ERR,ERR,ERR,ERR,ERR,ERR,ERR,ERR,ERR,ERR,ERR,ERR,ERR,ERR,ERR,ERR,ERR,ERR,ERR,ERR,ERR,ERR,ERR,ERR,ERR,ERR,ERR,ERR,ERR,ERR,ERR,ERR,ERR,ERR,ERR,ERR,ERR,ERR,ERR,ERR,ERR,ERR,ERR,ERR,ERR,ERR,ERR,ERR,ERR,ERR,ERR,ERR,ERR,ERR,ERR,ERR,ERR,ERR,ERR,ERR,ERR,ERR,ERR,ERR,ERR,ERR,ERR,ERR,ERR,ERR,ERR,ERR,ERR,ERR,ERR,ERR,ERR,ERR,ERR,ERR,ERR,ERR,ERR,ERR,ERR,ERR,ERR,ERR,ERR,ERR,ERR,ERR,ERR,ERR,ERR,ERR,ERR,ERR,ERR,ERR,ERR,ERR,ERR,ERR,ERR,ERR,ERR,ERR,ERR,ERR,ERR,ERR,ERR,ERR,ERR,ERR,ERR,ERR,ERR,ERR,ERR,ERR,ERR,ERR,-0.0,-0.0,-0.0,-107612512.0,3.907337217641149e+25,-3.1139034734526464e+16,2770754600960.0,-15049285632.0,0,0,4,17394,7116,0.0,100,0.0,0.0,0.0,0.0,0.0,0,0,0,0,0.0,0,0,0,0,0,0,0,0,0,0,0,0,0,0,0,0,0,0,0,0,0,0,0,0,0,0,0,0,0,0,0,0,0,31,40,40,71,65476,0,300,0,0,8,21553,0.0,-107605600.0,0.0,0.0,0.0,0.0,0.0,0.0,0.0,0.0,0.0,0.0,0.0,0.0,0.0,0.0,0.0,0.0,0.0,0.0,0.0,0.0,0.0,-2.004,0.0,0.0,0.0,0.0,0.0,0.0,4581.0,-0.0,6933.0,-0.0,-0.0,2.004,2.004,0.0,0.0,0.0,0.0,69,126840774656.0,-2.308825060670083e+20,0.0,0.0,0.0,0.0,0.0,0.0,0.0,0,0,0,0.0,0.0,0.0,0.0,0.0,0.0,0.0,0.0,0.0,0.0,0.0,0.0,0.0,0.0,0.0,0.0,0,-107875648.0,69,0.0,138,0.0,2.012,ERR,ERR,ERR,ERR,ERR,ERR,ERR,ERR,ERR,ERR,ERR,ERR,ERR,ERR,ERR,ERR,ERR,ERR,ERR,ERR,ERR,ERR,ERR,ERR,ERR,ERR,ERR,ERR,ERR,ERR,ERR,ERR,ERR,ERR,ERR,ERR,ERR,ERR,ERR,ERR,ERR,ERR,ERR,ERR,ERR,ERR,ERR,ERR,ERR,ERR,ERR,ERR,ERR,ERR,ERR,ERR,ERR,ERR,ERR,ERR,ERR,ERR,ERR,ERR,ERR,ERR,ERR,60.0,60.0,35,0.0,0.0,0.0,0.0,0.0,0.0,0.0,0.0,0.0,0.0,0.0,0.0,0.0,0.0,0.0,0.0,65.6,0,115,56,41,65476,0,300,0,0,8,20529,65476,0,0,2621,60.0,0.0,0.0,0.0,0.0,0.0
2026-07-09T15:08:49,ERR,ERR,ERR,ERR,ERR,ERR,ERR,ERR,ERR,ERR,ERR,ERR,ERR,ERR,ERR,ERR,ERR,ERR,ERR,ERR,ERR,ERR,ERR,ERR,ERR,ERR,ERR,ERR,ERR,ERR,ERR,ERR,ERR,ERR,ERR,ERR,ERR,ERR,ERR,ERR,ERR,ERR,ERR,ERR,ERR,ERR,ERR,ERR,ERR,ERR,ERR,ERR,ERR,ERR,ERR,ERR,ERR,ERR,ERR,ERR,ERR,ERR,ERR,ERR,ERR,ERR,ERR,ERR,ERR,ERR,ERR,ERR,ERR,ERR,ERR,ERR,ERR,ERR,ERR,ERR,ERR,ERR,ERR,ERR,ERR,ERR,ERR,ERR,ERR,ERR,ERR,ERR,ERR,ERR,ERR,ERR,ERR,ERR,ERR,ERR,ERR,ERR,ERR,ERR,ERR,ERR,ERR,ERR,ERR,ERR,ERR,ERR,ERR,ERR,ERR,ERR,ERR,ERR,ERR,ERR,ERR,ERR,ERR,ERR,ERR,-0.0,-0.0,-0.0,-107612512.0,3.907337217641149e+25,-3.1139034734526464e+16,2770754600960.0,-15049285632.0,0,0,4,17394,7116,0.0,100,0.0,0.0,0.0,0.0,0.0,0,0,0,0,0.0,0,0,0,0,0,0,0,0,0,0,0,0,0,0,0,0,0,0,0,0,0,0,0,0,0,0,0,0,0,0,0,0,0,31,40,40,71,65476,0,300,0,0,8,21553,0.0,-107605600.0,0.0,0.0,0.0,0.0,0.0,0.0,0.0,0.0,0.0,0.0,0.0,0.0,0.0,0.0,0.0,0.0,0.0,0.0,0.0,0.0,0.0,-2.004,0.0,0.0,0.0,0.0,0.0,0.0,4581.0,-0.0,6933.0,-0.0,-0.0,2.004,2.004,0.0,0.0,0.0,0.0,69,126840774656.0,-2.308825060670083e+20,0.0,0.0,0.0,0.0,0.0,0.0,0.0,0,0,0,0.0,0.0,0.0,0.0,0.0,0.0,0.0,0.0,0.0,0.0,0.0,0.0,0.0,0.0,0.0,0.0,0,-107875648.0,69,0.0,138,0.0,2.012,ERR,ERR,ERR,ERR,ERR,ERR,ERR,ERR,ERR,ERR,ERR,ERR,ERR,ERR,ERR,ERR,ERR,ERR,ERR,ERR,ERR,ERR,ERR,ERR,ERR,ERR,ERR,ERR,ERR,ERR,ERR,ERR,ERR,ERR,ERR,ERR,ERR,ERR,ERR,ERR,ERR,ERR,ERR,ERR,ERR,ERR,ERR,ERR,ERR,ERR,ERR,ERR,ERR,ERR,ERR,ERR,ERR,ERR,ERR,ERR,ERR,ERR,ERR,ERR,ERR,ERR,ERR,60.0,60.0,35,0.0,0.0,0.0,0.0,0.0,0.0,0.0,0.0,0.0,0.0,0.0,0.0,0.0,0.0,0.0,0.0,65.2,0,115,56,41,65476,0,300,0,0,8,20529,65476,0,0,2621,60.0,0.0,0.0,0.0,0.0,0.0
2026-07-09T15:08:50,ERR,ERR,ERR,ERR,ERR,ERR,ERR,ERR,ERR,ERR,ERR,ERR,ERR,ERR,ERR,ERR,ERR,ERR,ERR,ERR,ERR,ERR,ERR,ERR,ERR,ERR,ERR,ERR,ERR,ERR,ERR,ERR,ERR,ERR,ERR,ERR,ERR,ERR,ERR,ERR,ERR,ERR,ERR,ERR,ERR,ERR,ERR,ERR,ERR,ERR,ERR,ERR,ERR,ERR,ERR,ERR,ERR,ERR,ERR,ERR,ERR,ERR,ERR,ERR,ERR,ERR,ERR,ERR,ERR,ERR,ERR,ERR,ERR,ERR,ERR,ERR,ERR,ERR,ERR,ERR,ERR,ERR,ERR,ERR,ERR,ERR,ERR,ERR,ERR,ERR,ERR,ERR,ERR,ERR,ERR,ERR,ERR,ERR,ERR,ERR,ERR,ERR,ERR,ERR,ERR,ERR,ERR,ERR,ERR,ERR,ERR,ERR,ERR,ERR,ERR,ERR,ERR,ERR,ERR,ERR,ERR,ERR,ERR,ERR,ERR,-0.0,-0.0,-0.0,-107612512.0,3.907337217641149e+25,-3.1139034734526464e+16,2770754600960.0,-15049285632.0,0,0,4,17394,7116,0.0,100,0.0,0.0,0.0,0.0,0.0,0,0,0,0,0.0,0,0,0,0,0,0,0,0,0,0,0,0,0,0,0,0,0,0,0,0,0,0,0,0,0,0,0,0,0,0,0,0,0,31,40,40,71,65476,0,300,0,0,8,21553,0.0,-107605600.0,0.0,0.0,0.0,0.0,0.0,0.0,0.0,0.0,0.0,0.0,0.0,0.0,0.0,0.0,0.0,0.0,0.0,0.0,0.0,0.0,0.0,-2.004,0.0,0.0,0.0,0.0,0.0,0.0,4581.0,-0.0,6933.0,-0.0,-0.0,2.004,2.004,0.0,0.0,0.0,0.0,69,126840774656.0,-2.308825060670083e+20,0.0,0.0,0.0,0.0,0.0,0.0,0.0,0,0,0,0.0,0.0,0.0,0.0,0.0,0.0,0.0,0.0,0.0,0.0,0.0,0.0,0.0,0.0,0.0,0.0,0,-107875648.0,69,0.0,138,0.0,2.012,ERR,ERR,ERR,ERR,ERR,ERR,ERR,ERR,ERR,ERR,ERR,ERR,ERR,ERR,ERR,ERR,ERR,ERR,ERR,ERR,ERR,ERR,ERR,ERR,ERR,ERR,ERR,ERR,ERR,ERR,ERR,ERR,ERR,ERR,ERR,ERR,ERR,ERR,ERR,ERR,ERR,ERR,ERR,ERR,ERR,ERR,ERR,ERR,ERR,ERR,ERR,ERR,ERR,ERR,ERR,ERR,ERR,ERR,ERR,ERR,ERR,ERR,ERR,ERR,ERR,ERR,ERR,60.0,60.0,35,0.0,0.0,0.0,0.0,0.0,0.0,0.0,0.0,0.0,0.0,0.0,0.0,0.0,0.0,0.0,0.0,65.2,0,115,56,41,65476,0,300,0,0,8,20529,65476,0,0,2621,60.0,0.0,0.0,0.0,0.0,0.0
2026-07-09T15:08:51,ERR,ERR,ERR,ERR,ERR,ERR,ERR,ERR,ERR,ERR,ERR,ERR,ERR,ERR,ERR,ERR,ERR,ERR,ERR,ERR,ERR,ERR,ERR,ERR,ERR,ERR,ERR,ERR,ERR,ERR,ERR,ERR,ERR,ERR,ERR,ERR,ERR,ERR,ERR,ERR,ERR,ERR,ERR,ERR,ERR,ERR,ERR,ERR,ERR,ERR,ERR,ERR,ERR,ERR,ERR,ERR,ERR,ERR,ERR,ERR,ERR,ERR,ERR,ERR,ERR,ERR,ERR,ERR,ERR,ERR,ERR,ERR,ERR,ERR,ERR,ERR,ERR,ERR,ERR,ERR,ERR,ERR,ERR,ERR,ERR,ERR,ERR,ERR,ERR,ERR,ERR,ERR,ERR,ERR,ERR,ERR,ERR,ERR,ERR,ERR,ERR,ERR,ERR,ERR,ERR,ERR,ERR,ERR,ERR,ERR,ERR,ERR,ERR,ERR,ERR,ERR,ERR,ERR,ERR,ERR,ERR,ERR,ERR,ERR,ERR,-0.0,-0.0,-0.0,-107612512.0,3.907337217641149e+25,-3.1139034734526464e+16,2770754600960.0,-15049285632.0,0,0,4,17394,7116,0.0,100,0.0,0.0,0.0,0.0,0.0,0,0,0,0,0.0,0,0,0,0,0,0,0,0,0,0,0,0,0,0,0,0,0,0,0,0,0,0,0,0,0,0,0,0,0,0,0,0,0,31,40,40,71,65476,0,300,0,0,8,21553,0.0,-107605600.0,0.0,0.0,0.0,0.0,0.0,0.0,0.0,0.0,0.0,0.0,0.0,0.0,0.0,0.0,0.0,0.0,0.0,0.0,0.0,0.0,0.0,-2.004,0.0,0.0,0.0,0.0,0.0,0.0,4581.0,-0.0,6933.0,-0.0,-0.0,2.004,2.004,0.0,0.0,0.0,0.0,69,126840774656.0,-2.308825060670083e+20,0.0,0.0,0.0,0.0,0.0,0.0,0.0,0,0,0,0.0,0.0,0.0,0.0,0.0,0.0,0.0,0.0,0.0,0.0,0.0,0.0,0.0,0.0,0.0,0.0,0,-107875648.0,69,0.0,138,0.0,2.012,ERR,ERR,ERR,ERR,ERR,ERR,ERR,ERR,ERR,ERR,ERR,ERR,ERR,ERR,ERR,ERR,ERR,ERR,ERR,ERR,ERR,ERR,ERR,ERR,ERR,ERR,ERR,ERR,ERR,ERR,ERR,ERR,ERR,ERR,ERR,ERR,ERR,ERR,ERR,ERR,ERR,ERR,ERR,ERR,ERR,ERR,ERR,ERR,ERR,ERR,ERR,ERR,ERR,ERR,ERR,ERR,ERR,ERR,ERR,ERR,ERR,ERR,ERR,ERR,ERR,ERR,ERR,60.0,60.0,35,0.0,0.0,0.0,0.0,0.0,0.0,0.0,0.0,0.0,0.0,0.0,0.0,0.0,0.0,0.0,0.0,65.6,0,115,56,41,65476,0,300,0,0,8,20529,65476,0,0,2621,60.0,0.0,0.0,0.0,0.0,0.0
2026-07-09T15:08:52,ERR,ERR,ERR,ERR,ERR,ERR,ERR,ERR,ERR,ERR,ERR,ERR,ERR,ERR,ERR,ERR,ERR,ERR,ERR,ERR,ERR,ERR,ERR,ERR,ERR,ERR,ERR,ERR,ERR,ERR,ERR,ERR,ERR,ERR,ERR,ERR,ERR,ERR,ERR,ERR,ERR,ERR,ERR,ERR,ERR,ERR,ERR,ERR,ERR,ERR,ERR,ERR,ERR,ERR,ERR,ERR,ERR,ERR,ERR,ERR,ERR,ERR,ERR,ERR,ERR,ERR,ERR,ERR,ERR,ERR,ERR,ERR,ERR,ERR,ERR,ERR,ERR,ERR,ERR,ERR,ERR,ERR,ERR,ERR,ERR,ERR,ERR,ERR,ERR,ERR,ERR,ERR,ERR,ERR,ERR,ERR,ERR,ERR,ERR,ERR,ERR,ERR,ERR,ERR,ERR,ERR,ERR,ERR,ERR,ERR,ERR,ERR,ERR,ERR,ERR,ERR,ERR,ERR,ERR,ERR,ERR,ERR,ERR,ERR,ERR,-0.0,-0.0,-0.0,-107612512.0,3.907337217641149e+25,-3.1139034734526464e+16,2770754600960.0,-15049285632.0,0,0,4,17394,7116,0.0,100,0.0,0.0,0.0,0.0,0.0,0,0,0,0,0.0,0,0,0,0,0,0,0,0,0,0,0,0,0,0,0,0,0,0,0,0,0,0,0,0,0,0,0,0,0,0,0,0,0,31,40,40,71,65476,0,300,0,0,8,21553,0.0,-107605600.0,0.0,0.0,0.0,0.0,0.0,0.0,0.0,0.0,0.0,0.0,0.0,0.0,0.0,0.0,0.0,0.0,0.0,0.0,0.0,0.0,0.0,-2.004,0.0,0.0,0.0,0.0,0.0,0.0,4581.0,-0.0,6933.0,-0.0,-0.0,2.004,2.004,0.0,0.0,0.0,0.0,69,126840774656.0,-2.308825060670083e+20,0.0,0.0,0.0,0.0,0.0,0.0,0.0,0,0,0,0.0,0.0,0.0,0.0,0.0,0.0,0.0,0.0,0.0,0.0,0.0,0.0,0.0,0.0,0.0,0.0,0,-107875648.0,69,0.0,138,0.0,2.012,ERR,ERR,ERR,ERR,ERR,ERR,ERR,ERR,ERR,ERR,ERR,ERR,ERR,ERR,ERR,ERR,ERR,ERR,ERR,ERR,ERR,ERR,ERR,ERR,ERR,ERR,ERR,ERR,ERR,ERR,ERR,ERR,ERR,ERR,ERR,ERR,ERR,ERR,ERR,ERR,ERR,ERR,ERR,ERR,ERR,ERR,ERR,ERR,ERR,ERR,ERR,ERR,ERR,ERR,ERR,ERR,ERR,ERR,ERR,ERR,ERR,ERR,ERR,ERR,ERR,ERR,ERR,60.0,60.0,35,0.0,0.0,0.0,0.0,0.0,0.0,0.0,0.0,0.0,0.0,0.0,0.0,0.0,0.0,0.0,0.0,65.2,0,115,56,40,65476,0,300,0,0,8,20529,65476,0,0,2621,60.0,0.0,0.0,0.0,0.0,0.0
2026-07-09T15:08:53,ERR,ERR,ERR,ERR,ERR,ERR,ERR,ERR,ERR,ERR,ERR,ERR,ERR,ERR,ERR,ERR,ERR,ERR,ERR,ERR,ERR,ERR,ERR,ERR,ERR,ERR,ERR,ERR,ERR,ERR,ERR,ERR,ERR,ERR,ERR,ERR,ERR,ERR,ERR,ERR,ERR,ERR,ERR,ERR,ERR,ERR,ERR,ERR,ERR,ERR,ERR,ERR,ERR,ERR,ERR,ERR,ERR,ERR,ERR,ERR,ERR,ERR,ERR,ERR,ERR,ERR,ERR,ERR,ERR,ERR,ERR,ERR,ERR,ERR,ERR,ERR,ERR,ERR,ERR,ERR,ERR,ERR,ERR,ERR,ERR,ERR,ERR,ERR,ERR,ERR,ERR,ERR,ERR,ERR,ERR,ERR,ERR,ERR,ERR,ERR,ERR,ERR,ERR,ERR,ERR,ERR,ERR,ERR,ERR,ERR,ERR,ERR,ERR,ERR,ERR,ERR,ERR,ERR,ERR,ERR,ERR,ERR,ERR,ERR,ERR,-0.0,2.7184431713790035e+23,0.0,0.0,-0.0,-0.0,-2.944487773332406e+32,56968941142016.0,0,0,4,17398,7116,0.0,100,0.0,0.0,0.0,0.0,0.0,0,0,0,0,0.0,0,0,0,0,0,0,0,0,0,0,0,0,0,0,0,0,0,0,0,0,0,0,0,0,0,0,0,0,0,0,0,0,0,31,40,40,71,65476,0,300,0,0,8,21553,0.0,-107605600.0,0.0,0.0,0.0,0.0,0.0,0.0,0.0,0.0,0.0,0.0,0.0,0.0,0.0,0.0,0.0,0.0,0.0,0.0,0.0,0.0,0.0,-0.0,0.0,0.0,0.0,0.0,0.0,0.0,4601.0,-564144960962560.0,6939.0,-0.0,2.7184431713790035e+23,2.004,2.004,0.0,0.0,0.0,0.0,69,-152017750196224.0,0.0,0.0,0.0,0.0,0.0,0.0,0.0,0.0,0,0,0,0.0,0.0,0.0,0.0,0.0,0.0,0.0,0.0,0.0,0.0,0.0,0.0,0.0,0.0,0.0,0.0,0,-107875648.0,69,0.0,138,0.0,2.012,ERR,ERR,ERR,ERR,ERR,ERR,ERR,ERR,ERR,ERR,ERR,ERR,ERR,ERR,ERR,ERR,ERR,ERR,ERR,ERR,ERR,ERR,ERR,ERR,ERR,ERR,ERR,ERR,ERR,ERR,ERR,ERR,ERR,ERR,ERR,ERR,ERR,ERR,ERR,ERR,ERR,ERR,ERR,ERR,ERR,ERR,ERR,ERR,ERR,ERR,ERR,ERR,ERR,ERR,ERR,ERR,ERR,ERR,ERR,ERR,ERR,ERR,ERR,ERR,ERR,ERR,ERR,60.0,60.0,35,0.0,0.0,0.0,0.0,0.0,0.0,0.0,0.0,0.0,0.0,0.0,0.0,0.0,0.0,0.0,0.0,65.2,0,115,56,40,65476,0,300,0,0,8,20529,65476,0,0,2621,60.0,0.0,0.0,0.0,0.0,0.0
2026-07-09T15:08:54,ERR,ERR,ERR,ERR,ERR,ERR,ERR,ERR,ERR,ERR,ERR,ERR,ERR,ERR,ERR,ERR,ERR,ERR,ERR,ERR,ERR,ERR,ERR,ERR,ERR,ERR,ERR,ERR,ERR,ERR,ERR,ERR,ERR,ERR,ERR,ERR,ERR,ERR,ERR,ERR,ERR,ERR,ERR,ERR,ERR,ERR,ERR,ERR,ERR,ERR,ERR,ERR,ERR,ERR,ERR,ERR,ERR,ERR,ERR,ERR,ERR,ERR,ERR,ERR,ERR,ERR,ERR,ERR,ERR,ERR,ERR,ERR,ERR,ERR,ERR,ERR,ERR,ERR,ERR,ERR,ERR,ERR,ERR,ERR,ERR,ERR,ERR,ERR,ERR,ERR,ERR,ERR,ERR,ERR,ERR,ERR,ERR,ERR,ERR,ERR,ERR,ERR,ERR,ERR,ERR,ERR,ERR,ERR,ERR,ERR,ERR,ERR,ERR,ERR,ERR,ERR,ERR,ERR,ERR,ERR,ERR,ERR,ERR,ERR,ERR,-0.0,2.7184431713790035e+23,0.0,0.0,-0.0,-0.0,-2.944487773332406e+32,56968941142016.0,0,0,4,17398,7116,0.0,100,0.0,0.0,0.0,0.0,0.0,0,0,0,0,0.0,0,0,0,0,0,0,0,0,0,0,0,0,0,0,0,0,0,0,0,0,0,0,0,0,0,0,0,0,0,0,0,0,0,31,40,40,71,65476,0,300,0,0,8,21553,0.0,-107605600.0,0.0,0.0,0.0,0.0,0.0,0.0,0.0,0.0,0.0,0.0,0.0,0.0,0.0,0.0,0.0,0.0,0.0,0.0,0.0,0.0,0.0,-0.0,0.0,0.0,0.0,0.0,0.0,0.0,4601.0,-564144960962560.0,6939.0,-0.0,2.7184431713790035e+23,2.004,2.004,0.0,0.0,0.0,0.0,69,-152017750196224.0,0.0,0.0,0.0,0.0,0.0,0.0,0.0,0.0,0,0,0,0.0,0.0,0.0,0.0,0.0,0.0,0.0,0.0,0.0,0.0,0.0,0.0,0.0,0.0,0.0,0.0,0,-107875648.0,69,0.0,138,0.0,2.012,ERR,ERR,ERR,ERR,ERR,ERR,ERR,ERR,ERR,ERR,ERR,ERR,ERR,ERR,ERR,ERR,ERR,ERR,ERR,ERR,ERR,ERR,ERR,ERR,ERR,ERR,ERR,ERR,ERR,ERR,ERR,ERR,ERR,ERR,ERR,ERR,ERR,ERR,ERR,ERR,ERR,ERR,ERR,ERR,ERR,ERR,ERR,ERR,ERR,ERR,ERR,ERR,ERR,ERR,ERR,ERR,ERR,ERR,ERR,ERR,ERR,ERR,ERR,ERR,ERR,ERR,ERR,60.0,60.0,35,0.0,0.0,0.0,0.0,0.0,0.0,0.0,0.0,0.0,0.0,0.0,0.0,0.0,0.0,0.0,0.0,65.6,0,115,56,40,65476,0,300,0,0,8,20529,65476,0,0,2621,60.0,0.0,0.0,0.0,0.0,0.0
2026-07-09T15:08:55,ERR,ERR,ERR,ERR,ERR,ERR,ERR,ERR,ERR,ERR,ERR,ERR,ERR,ERR,ERR,ERR,ERR,ERR,ERR,ERR,ERR,ERR,ERR,ERR,ERR,ERR,ERR,ERR,ERR,ERR,ERR,ERR,ERR,ERR,ERR,ERR,ERR,ERR,ERR,ERR,ERR,ERR,ERR,ERR,ERR,ERR,ERR,ERR,ERR,ERR,ERR,ERR,ERR,ERR,ERR,ERR,ERR,ERR,ERR,ERR,ERR,ERR,ERR,ERR,ERR,ERR,ERR,ERR,ERR,ERR,ERR,ERR,ERR,ERR,ERR,ERR,ERR,ERR,ERR,ERR,ERR,ERR,ERR,ERR,ERR,ERR,ERR,ERR,ERR,ERR,ERR,ERR,ERR,ERR,ERR,ERR,ERR,ERR,ERR,ERR,ERR,ERR,ERR,ERR,ERR,ERR,ERR,ERR,ERR,ERR,ERR,ERR,ERR,ERR,ERR,ERR,ERR,ERR,ERR,ERR,ERR,ERR,ERR,ERR,ERR,-0.0,2.7184431713790035e+23,0.0,0.0,-0.0,-0.0,-2.944487773332406e+32,56968941142016.0,0,0,4,17398,7116,0.0,100,0.0,0.0,0.0,0.0,0.0,0,0,0,0,0.0,0,0,0,0,0,0,0,0,0,0,0,0,0,0,0,0,0,0,0,0,0,0,0,0,0,0,0,0,0,0,0,0,0,31,40,40,71,65476,0,300,0,0,8,21553,0.0,-107605600.0,0.0,0.0,0.0,0.0,0.0,0.0,0.0,0.0,0.0,0.0,0.0,0.0,0.0,0.0,0.0,0.0,0.0,0.0,0.0,0.0,0.0,-0.0,0.0,0.0,0.0,0.0,0.0,0.0,4601.0,-564144960962560.0,6939.0,-0.0,2.7184431713790035e+23,2.004,2.004,0.0,0.0,0.0,0.0,69,-152017750196224.0,0.0,0.0,0.0,0.0,0.0,0.0,0.0,0.0,0,0,0,0.0,0.0,0.0,0.0,0.0,0.0,0.0,0.0,0.0,0.0,0.0,0.0,0.0,0.0,0.0,0.0,0,-107875648.0,69,0.0,138,0.0,2.012,ERR,ERR,ERR,ERR,ERR,ERR,ERR,ERR,ERR,ERR,ERR,ERR,ERR,ERR,ERR,ERR,ERR,ERR,ERR,ERR,ERR,ERR,ERR,ERR,ERR,ERR,ERR,ERR,ERR,ERR,ERR,ERR,ERR,ERR,ERR,ERR,ERR,ERR,ERR,ERR,ERR,ERR,ERR,ERR,ERR,ERR,ERR,ERR,ERR,ERR,ERR,ERR,ERR,ERR,ERR,ERR,ERR,ERR,ERR,ERR,ERR,ERR,ERR,ERR,ERR,ERR,ERR,60.0,60.0,35,0.0,0.0,0.0,0.0,0.0,0.0,0.0,0.0,0.0,0.0,0.0,0.0,0.0,0.0,0.0,0.0,65.6,0,115,56,40,65476,0,300,0,0,8,20529,65476,0,0,2621,60.0,0.0,0.0,0.0,0.0,0.0
2026-07-09T15:08:56,ERR,ERR,ERR,ERR,ERR,ERR,ERR,ERR,ERR,ERR,ERR,ERR,ERR,ERR,ERR,ERR,ERR,ERR,ERR,ERR,ERR,ERR,ERR,ERR,ERR,ERR,ERR,ERR,ERR,ERR,ERR,ERR,ERR,ERR,ERR,ERR,ERR,ERR,ERR,ERR,ERR,ERR,ERR,ERR,ERR,ERR,ERR,ERR,ERR,ERR,ERR,ERR,ERR,ERR,ERR,ERR,ERR,ERR,ERR,ERR,ERR,ERR,ERR,ERR,ERR,ERR,ERR,ERR,ERR,ERR,ERR,ERR,ERR,ERR,ERR,ERR,ERR,ERR,ERR,ERR,ERR,ERR,ERR,ERR,ERR,ERR,ERR,ERR,ERR,ERR,ERR,ERR,ERR,ERR,ERR,ERR,ERR,ERR,ERR,ERR,ERR,ERR,ERR,ERR,ERR,ERR,ERR,ERR,ERR,ERR,ERR,ERR,ERR,ERR,ERR,ERR,ERR,ERR,ERR,ERR,ERR,ERR,ERR,ERR,ERR,-0.0,2.7184431713790035e+23,0.0,0.0,-0.0,-0.0,-2.944487773332406e+32,56968941142016.0,0,0,4,17398,7116,0.0,100,0.0,0.0,0.0,0.0,0.0,0,0,0,0,0.0,0,0,0,0,0,0,0,0,0,0,0,0,0,0,0,0,0,0,0,0,0,0,0,0,0,0,0,0,0,0,0,0,0,31,40,40,71,65476,0,300,0,0,8,21553,0.0,-107605600.0,0.0,0.0,0.0,0.0,0.0,0.0,0.0,0.0,0.0,0.0,0.0,0.0,0.0,0.0,0.0,0.0,0.0,0.0,0.0,0.0,0.0,-0.0,0.0,0.0,0.0,0.0,0.0,0.0,4601.0,-564144960962560.0,6939.0,-0.0,2.7184431713790035e+23,2.004,2.004,0.0,0.0,0.0,0.0,69,-152017750196224.0,0.0,0.0,0.0,0.0,0.0,0.0,0.0,0.0,0,0,0,0.0,0.0,0.0,0.0,0.0,0.0,0.0,0.0,0.0,0.0,0.0,0.0,0.0,0.0,0.0,0.0,0,-107875648.0,69,0.0,138,0.0,2.012,ERR,ERR,ERR,ERR,ERR,ERR,ERR,ERR,ERR,ERR,ERR,ERR,ERR,ERR,ERR,ERR,ERR,ERR,ERR,ERR,ERR,ERR,ERR,ERR,ERR,ERR,ERR,ERR,ERR,ERR,ERR,ERR,ERR,ERR,ERR,ERR,ERR,ERR,ERR,ERR,ERR,ERR,ERR,ERR,ERR,ERR,ERR,ERR,ERR,ERR,ERR,ERR,ERR,ERR,ERR,ERR,ERR,ERR,ERR,ERR,ERR,ERR,ERR,ERR,ERR,ERR,ERR,60.0,60.0,35,0.0,0.0,0.0,0.0,0.0,0.0,0.0,0.0,0.0,0.0,0.0,0.0,0.0,0.0,0.0,0.0,65.2,0,115,56,40,65476,0,300,0,0,8,20529,65476,0,0,2621,60.0,0.0,0.0,0.0,0.0,0.0
2026-07-09T15:08:57,ERR,ERR,ERR,ERR,ERR,ERR,ERR,ERR,ERR,ERR,ERR,ERR,ERR,ERR,ERR,ERR,ERR,ERR,ERR,ERR,ERR,ERR,ERR,ERR,ERR,ERR,ERR,ERR,ERR,ERR,ERR,ERR,ERR,ERR,ERR,ERR,ERR,ERR,ERR,ERR,ERR,ERR,ERR,ERR,ERR,ERR,ERR,ERR,ERR,ERR,ERR,ERR,ERR,ERR,ERR,ERR,ERR,ERR,ERR,ERR,ERR,ERR,ERR,ERR,ERR,ERR,ERR,ERR,ERR,ERR,ERR,ERR,ERR,ERR,ERR,ERR,ERR,ERR,ERR,ERR,ERR,ERR,ERR,ERR,ERR,ERR,ERR,ERR,ERR,ERR,ERR,ERR,ERR,ERR,ERR,ERR,ERR,ERR,ERR,ERR,ERR,ERR,ERR,ERR,ERR,ERR,ERR,ERR,ERR,ERR,ERR,ERR,ERR,ERR,ERR,ERR,ERR,ERR,ERR,ERR,ERR,ERR,ERR,ERR,ERR,-0.0,2.7184431713790035e+23,0.0,0.0,-0.0,-0.0,-2.944487773332406e+32,56968941142016.0,0,0,4,17398,7116,0.0,100,0.0,0.0,0.0,0.0,0.0,0,0,0,0,0.0,0,0,0,0,0,0,0,0,0,0,0,0,0,0,0,0,0,0,0,0,0,0,0,0,0,0,0,0,0,0,0,0,0,31,40,40,71,65476,0,300,0,0,8,21553,0.0,-107605600.0,0.0,0.0,0.0,0.0,0.0,0.0,0.0,0.0,0.0,0.0,0.0,0.0,0.0,0.0,0.0,0.0,0.0,0.0,0.0,0.0,0.0,-0.0,0.0,0.0,0.0,0.0,0.0,0.0,4601.0,-564144960962560.0,6939.0,-0.0,2.7184431713790035e+23,2.004,2.004,0.0,0.0,0.0,0.0,69,-152017750196224.0,0.0,0.0,0.0,0.0,0.0,0.0,0.0,0.0,0,0,0,0.0,0.0,0.0,0.0,0.0,0.0,0.0,0.0,0.0,0.0,0.0,0.0,0.0,0.0,0.0,0.0,0,-107875648.0,69,0.0,138,0.0,2.012,ERR,ERR,ERR,ERR,ERR,ERR,ERR,ERR,ERR,ERR,ERR,ERR,ERR,ERR,ERR,ERR,ERR,ERR,ERR,ERR,ERR,ERR,ERR,ERR,ERR,ERR,ERR,ERR,ERR,ERR,ERR,ERR,ERR,ERR,ERR,ERR,ERR,ERR,ERR,ERR,ERR,ERR,ERR,ERR,ERR,ERR,ERR,ERR,ERR,ERR,ERR,ERR,ERR,ERR,ERR,ERR,ERR,ERR,ERR,ERR,ERR,ERR,ERR,ERR,ERR,ERR,ERR,60.0,60.0,35,0.0,0.0,0.0,0.0,0.0,0.0,0.0,0.0,0.0,0.0,0.0,0.0,0.0,0.0,0.0,0.0,65.2,0,115,56,40,65476,0,300,0,0,8,20529,65476,0,0,2621,60.0,0.0,0.0,0.0,0.0,0.0
2026-07-09T15:08:58,ERR,ERR,ERR,ERR,ERR,ERR,ERR,ERR,ERR,ERR,ERR,ERR,ERR,ERR,ERR,ERR,ERR,ERR,ERR,ERR,ERR,ERR,ERR,ERR,ERR,ERR,ERR,ERR,ERR,ERR,ERR,ERR,ERR,ERR,ERR,ERR,ERR,ERR,ERR,ERR,ERR,ERR,ERR,ERR,ERR,ERR,ERR,ERR,ERR,ERR,ERR,ERR,ERR,ERR,ERR,ERR,ERR,ERR,ERR,ERR,ERR,ERR,ERR,ERR,ERR,ERR,ERR,ERR,ERR,ERR,ERR,ERR,ERR,ERR,ERR,ERR,ERR,ERR,ERR,ERR,ERR,ERR,ERR,ERR,ERR,ERR,ERR,ERR,ERR,ERR,ERR,ERR,ERR,ERR,ERR,ERR,ERR,ERR,ERR,ERR,ERR,ERR,ERR,ERR,ERR,ERR,ERR,ERR,ERR,ERR,ERR,ERR,ERR,ERR,ERR,ERR,ERR,ERR,ERR,ERR,ERR,ERR,ERR,ERR,ERR,0.0,2.7184431713790035e+23,-107090336.0,0.0,-8137.056,-0.0,0.0,-0.0,0,0,4,17400,7116,0.0,100,0.0,0.0,0.0,0.0,0.0,0,0,0,0,0.0,0,0,0,0,0,0,0,0,0,0,0,0,0,0,0,0,0,0,0,0,0,0,0,0,0,0,0,0,0,0,0,0,0,31,40,40,71,65476,0,300,0,0,8,21553,0.0,-107605600.0,0.0,0.0,0.0,0.0,0.0,0.0,0.0,0.0,0.0,0.0,0.0,0.0,0.0,0.0,0.0,0.0,0.0,0.0,0.0,0.0,2.004,-0.0,0.0,0.0,0.0,0.0,0.0,0.0,4592.0,-1.587926897483705e+29,6914.0,0.0,2.7184431713790035e+23,2.004,2.004,0.0,0.0,0.0,0.0,69,5.848066775102143e+35,2.7184145284853734e+23,0.0,0.0,0.0,0.0,0.0,0.0,0.0,0,0,0,0.0,0.0,0.0,0.0,0.0,0.0,0.0,0.0,0.0,0.0,0.0,0.0,0.0,0.0,0.0,0.0,0,-107875648.0,69,0.0,138,0.0,2.012,ERR,ERR,ERR,ERR,ERR,ERR,ERR,ERR,ERR,ERR,ERR,ERR,ERR,ERR,ERR,ERR,ERR,ERR,ERR,ERR,ERR,ERR,ERR,ERR,ERR,ERR,ERR,ERR,ERR,ERR,ERR,ERR,ERR,ERR,ERR,ERR,ERR,ERR,ERR,ERR,ERR,ERR,ERR,ERR,ERR,ERR,ERR,ERR,ERR,ERR,ERR,ERR,ERR,ERR,ERR,ERR,ERR,ERR,ERR,ERR,ERR,ERR,ERR,ERR,ERR,ERR,ERR,60.0,60.0,35,0.0,0.0,0.0,0.0,0.0,0.0,0.0,0.0,0.0,0.0,0.0,0.0,0.0,0.0,0.0,0.0,65.2,0,115,56,40,65476,0,300,0,0,8,20529,65476,0,0,2621,60.0,0.0,0.0,0.0,0.0,0.0
2026-07-09T15:08:59,ERR,ERR,ERR,ERR,ERR,ERR,ERR,ERR,ERR,ERR,ERR,ERR,ERR,ERR,ERR,ERR,ERR,ERR,ERR,ERR,ERR,ERR,ERR,ERR,ERR,ERR,ERR,ERR,ERR,ERR,ERR,ERR,ERR,ERR,ERR,ERR,ERR,ERR,ERR,ERR,ERR,ERR,ERR,ERR,ERR,ERR,ERR,ERR,ERR,ERR,ERR,ERR,ERR,ERR,ERR,ERR,ERR,ERR,ERR,ERR,ERR,ERR,ERR,ERR,ERR,ERR,ERR,ERR,ERR,ERR,ERR,ERR,ERR,ERR,ERR,ERR,ERR,ERR,ERR,ERR,ERR,ERR,ERR,ERR,ERR,ERR,ERR,ERR,ERR,ERR,ERR,ERR,ERR,ERR,ERR,ERR,ERR,ERR,ERR,ERR,ERR,ERR,ERR,ERR,ERR,ERR,ERR,ERR,ERR,ERR,ERR,ERR,ERR,ERR,ERR,ERR,ERR,ERR,ERR,ERR,ERR,ERR,ERR,ERR,ERR,0.0,2.7184431713790035e+23,-107090336.0,0.0,-8137.056,-0.0,0.0,-0.0,0,0,4,17400,7116,0.0,100,0.0,0.0,0.0,0.0,0.0,0,0,0,0,0.0,0,0,0,0,0,0,0,0,0,0,0,0,0,0,0,0,0,0,0,0,0,0,0,0,0,0,0,0,0,0,0,0,0,31,40,40,71,65476,0,300,0,0,8,21553,0.0,-107605600.0,0.0,0.0,0.0,0.0,0.0,0.0,0.0,0.0,0.0,0.0,0.0,0.0,0.0,0.0,0.0,0.0,0.0,0.0,0.0,0.0,2.004,-0.0,0.0,0.0,0.0,0.0,0.0,0.0,4592.0,-1.587926897483705e+29,6914.0,0.0,2.7184431713790035e+23,2.004,2.004,0.0,0.0,0.0,0.0,69,5.848066775102143e+35,2.7184145284853734e+23,0.0,0.0,0.0,0.0,0.0,0.0,0.0,0,0,0,0.0,0.0,0.0,0.0,0.0,0.0,0.0,0.0,0.0,0.0,0.0,0.0,0.0,0.0,0.0,0.0,0,-107875648.0,69,0.0,138,0.0,2.012,ERR,ERR,ERR,ERR,ERR,ERR,ERR,ERR,ERR,ERR,ERR,ERR,ERR,ERR,ERR,ERR,ERR,ERR,ERR,ERR,ERR,ERR,ERR,ERR,ERR,ERR,ERR,ERR,ERR,ERR,ERR,ERR,ERR,ERR,ERR,ERR,ERR,ERR,ERR,ERR,ERR,ERR,ERR,ERR,ERR,ERR,ERR,ERR,ERR,ERR,ERR,ERR,ERR,ERR,ERR,ERR,ERR,ERR,ERR,ERR,ERR,ERR,ERR,ERR,ERR,ERR,ERR,60.0,60.0,35,0.0,0.0,0.0,0.0,0.0,0.0,0.0,0.0,0.0,0.0,0.0,0.0,0.0,0.0,0.0,0.0,65.6,0,115,56,40,65476,0,300,0,0,8,20529,65476,0,0,2621,60.0,0.0,0.0,0.0,0.0,0.0
2026-07-09T15:09:00,ERR,ERR,ERR,ERR,ERR,ERR,ERR,ERR,ERR,ERR,ERR,ERR,ERR,ERR,ERR,ERR,ERR,ERR,ERR,ERR,ERR,ERR,ERR,ERR,ERR,ERR,ERR,ERR,ERR,ERR,ERR,ERR,ERR,ERR,ERR,ERR,ERR,ERR,ERR,ERR,ERR,ERR,ERR,ERR,ERR,ERR,ERR,ERR,ERR,ERR,ERR,ERR,ERR,ERR,ERR,ERR,ERR,ERR,ERR,ERR,ERR,ERR,ERR,ERR,ERR,ERR,ERR,ERR,ERR,ERR,ERR,ERR,ERR,ERR,ERR,ERR,ERR,ERR,ERR,ERR,ERR,ERR,ERR,ERR,ERR,ERR,ERR,ERR,ERR,ERR,ERR,ERR,ERR,ERR,ERR,ERR,ERR,ERR,ERR,ERR,ERR,ERR,ERR,ERR,ERR,ERR,ERR,ERR,ERR,ERR,ERR,ERR,ERR,ERR,ERR,ERR,ERR,ERR,ERR,ERR,ERR,ERR,ERR,ERR,ERR,0.0,2.7184431713790035e+23,-107090336.0,0.0,-8137.056,-0.0,0.0,-0.0,0,0,4,17400,7116,0.0,100,0.0,0.0,0.0,0.0,0.0,0,0,0,0,0.0,0,0,0,0,0,0,0,0,0,0,0,0,0,0,0,0,0,0,0,0,0,0,0,0,0,0,0,0,0,0,0,0,0,31,40,40,71,65476,0,300,0,0,8,21553,0.0,-107605600.0,0.0,0.0,0.0,0.0,0.0,0.0,0.0,0.0,0.0,0.0,0.0,0.0,0.0,0.0,0.0,0.0,0.0,0.0,0.0,0.0,2.004,-0.0,0.0,0.0,0.0,0.0,0.0,0.0,4592.0,-1.587926897483705e+29,6914.0,0.0,2.7184431713790035e+23,2.004,2.004,0.0,0.0,0.0,0.0,69,5.848066775102143e+35,2.7184145284853734e+23,0.0,0.0,0.0,0.0,0.0,0.0,0.0,0,0,0,0.0,0.0,0.0,0.0,0.0,0.0,0.0,0.0,0.0,0.0,0.0,0.0,0.0,0.0,0.0,0.0,0,-107875648.0,69,0.0,138,0.0,2.012,ERR,ERR,ERR,ERR,ERR,ERR,ERR,ERR,ERR,ERR,ERR,ERR,ERR,ERR,ERR,ERR,ERR,ERR,ERR,ERR,ERR,ERR,ERR,ERR,ERR,ERR,ERR,ERR,ERR,ERR,ERR,ERR,ERR,ERR,ERR,ERR,ERR,ERR,ERR,ERR,ERR,ERR,ERR,ERR,ERR,ERR,ERR,ERR,ERR,ERR,ERR,ERR,ERR,ERR,ERR,ERR,ERR,ERR,ERR,ERR,ERR,ERR,ERR,ERR,ERR,ERR,ERR,60.0,60.0,35,0.0,0.0,0.0,0.0,0.0,0.0,0.0,0.0,0.0,0.0,0.0,0.0,0.0,0.0,0.0,0.0,65.6,0,115,56,40,65476,0,300,0,0,8,20529,65476,0,0,2621,60.0,0.0,0.0,0.0,0.0,0.0
2026-07-09T15:09:01,ERR,ERR,ERR,ERR,ERR,ERR,ERR,ERR,ERR,ERR,ERR,ERR,ERR,ERR,ERR,ERR,ERR,ERR,ERR,ERR,ERR,ERR,ERR,ERR,ERR,ERR,ERR,ERR,ERR,ERR,ERR,ERR,ERR,ERR,ERR,ERR,ERR,ERR,ERR,ERR,ERR,ERR,ERR,ERR,ERR,ERR,ERR,ERR,ERR,ERR,ERR,ERR,ERR,ERR,ERR,ERR,ERR,ERR,ERR,ERR,ERR,ERR,ERR,ERR,ERR,ERR,ERR,ERR,ERR,ERR,ERR,ERR,ERR,ERR,ERR,ERR,ERR,ERR,ERR,ERR,ERR,ERR,ERR,ERR,ERR,ERR,ERR,ERR,ERR,ERR,ERR,ERR,ERR,ERR,ERR,ERR,ERR,ERR,ERR,ERR,ERR,ERR,ERR,ERR,ERR,ERR,ERR,ERR,ERR,ERR,ERR,ERR,ERR,ERR,ERR,ERR,ERR,ERR,ERR,ERR,ERR,ERR,ERR,ERR,ERR,0.0,2.7184431713790035e+23,-107090336.0,0.0,-8137.056,-0.0,0.0,-0.0,0,0,4,17400,7116,0.0,100,0.0,0.0,0.0,0.0,0.0,0,0,0,0,0.0,0,0,0,0,0,0,0,0,0,0,0,0,0,0,0,0,0,0,0,0,0,0,0,0,0,0,0,0,0,0,0,0,0,31,40,40,71,65476,0,300,0,0,8,21553,0.0,-107605600.0,0.0,0.0,0.0,0.0,0.0,0.0,0.0,0.0,0.0,0.0,0.0,0.0,0.0,0.0,0.0,0.0,0.0,0.0,0.0,0.0,2.004,-0.0,0.0,0.0,0.0,0.0,0.0,0.0,4592.0,-1.587926897483705e+29,6914.0,0.0,2.7184431713790035e+23,2.004,2.004,0.0,0.0,0.0,0.0,69,5.848066775102143e+35,2.7184145284853734e+23,0.0,0.0,0.0,0.0,0.0,0.0,0.0,0,0,0,0.0,0.0,0.0,0.0,0.0,0.0,0.0,0.0,0.0,0.0,0.0,0.0,0.0,0.0,0.0,0.0,0,-107875648.0,69,0.0,138,0.0,2.012,ERR,ERR,ERR,ERR,ERR,ERR,ERR,ERR,ERR,ERR,ERR,ERR,ERR,ERR,ERR,ERR,ERR,ERR,ERR,ERR,ERR,ERR,ERR,ERR,ERR,ERR,ERR,ERR,ERR,ERR,ERR,ERR,ERR,ERR,ERR,ERR,ERR,ERR,ERR,ERR,ERR,ERR,ERR,ERR,ERR,ERR,ERR,ERR,ERR,ERR,ERR,ERR,ERR,ERR,ERR,ERR,ERR,ERR,ERR,ERR,ERR,ERR,ERR,ERR,ERR,ERR,ERR,60.0,60.0,35,0.0,0.0,0.0,0.0,0.0,0.0,0.0,0.0,0.0,0.0,0.0,0.0,0.0,0.0,0.0,0.0,65.6,0,115,56,40,65476,0,300,0,0,8,20529,65476,0,0,2621,60.0,0.0,0.0,0.0,0.0,0.0
2026-07-09T15:09:02,ERR,ERR,ERR,ERR,ERR,ERR,ERR,ERR,ERR,ERR,ERR,ERR,ERR,ERR,ERR,ERR,ERR,ERR,ERR,ERR,ERR,ERR,ERR,ERR,ERR,ERR,ERR,ERR,ERR,ERR,ERR,ERR,ERR,ERR,ERR,ERR,ERR,ERR,ERR,ERR,ERR,ERR,ERR,ERR,ERR,ERR,ERR,ERR,ERR,ERR,ERR,ERR,ERR,ERR,ERR,ERR,ERR,ERR,ERR,ERR,ERR,ERR,ERR,ERR,ERR,ERR,ERR,ERR,ERR,ERR,ERR,ERR,ERR,ERR,ERR,ERR,ERR,ERR,ERR,ERR,ERR,ERR,ERR,ERR,ERR,ERR,ERR,ERR,ERR,ERR,ERR,ERR,ERR,ERR,ERR,ERR,ERR,ERR,ERR,ERR,ERR,ERR,ERR,ERR,ERR,ERR,ERR,ERR,ERR,ERR,ERR,ERR,ERR,ERR,ERR,ERR,ERR,ERR,ERR,ERR,ERR,ERR,ERR,ERR,ERR,-107615184.0,0.0,-0.0,0.0,0.0,0.0,-0.0,10.641,0,0,4,17398,7116,0.0,100,0.0,0.0,0.0,0.0,0.0,0,0,0,0,0.0,0,0,0,0,0,0,0,0,0,0,0,0,0,0,0,0,0,0,0,0,0,0,0,0,0,0,0,0,0,0,0,0,0,31,40,40,71,65476,0,300,0,0,8,21553,0.0,-107605600.0,0.0,0.0,0.0,0.0,0.0,0.0,0.0,0.0,0.0,0.0,0.0,0.0,0.0,0.0,0.0,0.0,0.0,0.0,0.0,0.0,-2.004,-0.0,0.0,0.0,0.0,0.0,0.0,0.0,4614.0,2.004,6921.0,-107615184.0,0.0,2.004,2.004,0.0,0.0,0.0,0.0,69,-2.3088328012319425e+20,-0.0,0.0,0.0,0.0,0.0,0.0,0.0,0.0,0,0,0,0.0,0.0,0.0,0.0,0.0,0.0,0.0,0.0,0.0,0.0,0.0,0.0,0.0,0.0,0.0,0.0,0,-107875648.0,69,0.0,138,0.0,2.012,ERR,ERR,ERR,ERR,ERR,ERR,ERR,ERR,ERR,ERR,ERR,ERR,ERR,ERR,ERR,ERR,ERR,ERR,ERR,ERR,ERR,ERR,ERR,ERR,ERR,ERR,ERR,ERR,ERR,ERR,ERR,ERR,ERR,ERR,ERR,ERR,ERR,ERR,ERR,ERR,ERR,ERR,ERR,ERR,ERR,ERR,ERR,ERR,ERR,ERR,ERR,ERR,ERR,ERR,ERR,ERR,ERR,ERR,ERR,ERR,ERR,ERR,ERR,ERR,ERR,ERR,ERR,60.0,60.0,35,0.0,0.0,0.0,0.0,0.0,0.0,0.0,0.0,0.0,0.0,0.0,0.0,0.0,0.0,0.0,0.0,65.2,0,115,56,40,65476,0,300,0,0,8,20529,65476,0,0,2621,60.0,0.0,0.0,0.0,0.0,0.0
2026-07-09T15:09:03,ERR,ERR,ERR,ERR,ERR,ERR,ERR,ERR,ERR,ERR,ERR,ERR,ERR,ERR,ERR,ERR,ERR,ERR,ERR,ERR,ERR,ERR,ERR,ERR,ERR,ERR,ERR,ERR,ERR,ERR,ERR,ERR,ERR,ERR,ERR,ERR,ERR,ERR,ERR,ERR,ERR,ERR,ERR,ERR,ERR,ERR,ERR,ERR,ERR,ERR,ERR,ERR,ERR,ERR,ERR,ERR,ERR,ERR,ERR,ERR,ERR,ERR,ERR,ERR,ERR,ERR,ERR,ERR,ERR,ERR,ERR,ERR,ERR,ERR,ERR,ERR,ERR,ERR,ERR,ERR,ERR,ERR,ERR,ERR,ERR,ERR,ERR,ERR,ERR,ERR,ERR,ERR,ERR,ERR,ERR,ERR,ERR,ERR,ERR,ERR,ERR,ERR,ERR,ERR,ERR,ERR,ERR,ERR,ERR,ERR,ERR,ERR,ERR,ERR,ERR,ERR,ERR,ERR,ERR,ERR,ERR,ERR,ERR,ERR,ERR,-107615184.0,0.0,-0.0,0.0,0.0,0.0,-0.0,10.641,0,0,4,17398,7116,0.0,100,0.0,0.0,0.0,0.0,0.0,0,0,0,0,0.0,0,0,0,0,0,0,0,0,0,0,0,0,0,0,0,0,0,0,0,0,0,0,0,0,0,0,0,0,0,0,0,0,0,31,40,40,71,65476,0,300,0,0,8,21553,0.0,-107605600.0,0.0,0.0,0.0,0.0,0.0,0.0,0.0,0.0,0.0,0.0,0.0,0.0,0.0,0.0,0.0,0.0,0.0,0.0,0.0,0.0,-2.004,-0.0,0.0,0.0,0.0,0.0,0.0,0.0,4614.0,2.004,6921.0,-107615184.0,0.0,2.004,2.004,0.0,0.0,0.0,0.0,69,-2.3088328012319425e+20,-0.0,0.0,0.0,0.0,0.0,0.0,0.0,0.0,0,0,0,0.0,0.0,0.0,0.0,0.0,0.0,0.0,0.0,0.0,0.0,0.0,0.0,0.0,0.0,0.0,0.0,0,-107875648.0,69,0.0,138,0.0,2.012,ERR,ERR,ERR,ERR,ERR,ERR,ERR,ERR,ERR,ERR,ERR,ERR,ERR,ERR,ERR,ERR,ERR,ERR,ERR,ERR,ERR,ERR,ERR,ERR,ERR,ERR,ERR,ERR,ERR,ERR,ERR,ERR,ERR,ERR,ERR,ERR,ERR,ERR,ERR,ERR,ERR,ERR,ERR,ERR,ERR,ERR,ERR,ERR,ERR,ERR,ERR,ERR,ERR,ERR,ERR,ERR,ERR,ERR,ERR,ERR,ERR,ERR,ERR,ERR,ERR,ERR,ERR,60.0,60.0,35,0.0,0.0,0.0,0.0,0.0,0.0,0.0,0.0,0.0,0.0,0.0,0.0,0.0,0.0,0.0,0.0,65.2,0,115,56,40,65476,0,300,0,0,8,20529,65476,0,0,2621,60.0,0.0,0.0,0.0,0.0,0.0
2026-07-09T15:09:04,ERR,ERR,ERR,ERR,ERR,ERR,ERR,ERR,ERR,ERR,ERR,ERR,ERR,ERR,ERR,ERR,ERR,ERR,ERR,ERR,ERR,ERR,ERR,ERR,ERR,ERR,ERR,ERR,ERR,ERR,ERR,ERR,ERR,ERR,ERR,ERR,ERR,ERR,ERR,ERR,ERR,ERR,ERR,ERR,ERR,ERR,ERR,ERR,ERR,ERR,ERR,ERR,ERR,ERR,ERR,ERR,ERR,ERR,ERR,ERR,ERR,ERR,ERR,ERR,ERR,ERR,ERR,ERR,ERR,ERR,ERR,ERR,ERR,ERR,ERR,ERR,ERR,ERR,ERR,ERR,ERR,ERR,ERR,ERR,ERR,ERR,ERR,ERR,ERR,ERR,ERR,ERR,ERR,ERR,ERR,ERR,ERR,ERR,ERR,ERR,ERR,ERR,ERR,ERR,ERR,ERR,ERR,ERR,ERR,ERR,ERR,ERR,ERR,ERR,ERR,ERR,ERR,ERR,ERR,ERR,ERR,ERR,ERR,ERR,ERR,-107615184.0,0.0,-0.0,0.0,0.0,0.0,-0.0,10.641,0,0,4,17398,7116,0.0,100,0.0,0.0,0.0,0.0,0.0,0,0,0,0,0.0,0,0,0,0,0,0,0,0,0,0,0,0,0,0,0,0,0,0,0,0,0,0,0,0,0,0,0,0,0,0,0,0,0,31,40,40,71,65476,0,300,0,0,8,21553,0.0,-107605600.0,0.0,0.0,0.0,0.0,0.0,0.0,0.0,0.0,0.0,0.0,0.0,0.0,0.0,0.0,0.0,0.0,0.0,0.0,0.0,0.0,-2.004,-0.0,0.0,0.0,0.0,0.0,0.0,0.0,4614.0,2.004,6921.0,-107615184.0,0.0,2.004,2.004,0.0,0.0,0.0,0.0,69,-2.3088328012319425e+20,-0.0,0.0,0.0,0.0,0.0,0.0,0.0,0.0,0,0,0,0.0,0.0,0.0,0.0,0.0,0.0,0.0,0.0,0.0,0.0,0.0,0.0,0.0,0.0,0.0,0.0,0,-107875648.0,69,0.0,138,0.0,2.012,ERR,ERR,ERR,ERR,ERR,ERR,ERR,ERR,ERR,ERR,ERR,ERR,ERR,ERR,ERR,ERR,ERR,ERR,ERR,ERR,ERR,ERR,ERR,ERR,ERR,ERR,ERR,ERR,ERR,ERR,ERR,ERR,ERR,ERR,ERR,ERR,ERR,ERR,ERR,ERR,ERR,ERR,ERR,ERR,ERR,ERR,ERR,ERR,ERR,ERR,ERR,ERR,ERR,ERR,ERR,ERR,ERR,ERR,ERR,ERR,ERR,ERR,ERR,ERR,ERR,ERR,ERR,60.0,60.0,35,0.0,0.0,0.0,0.0,0.0,0.0,0.0,0.0,0.0,0.0,0.0,0.0,0.0,0.0,0.0,0.0,65.2,0,115,56,40,65476,0,300,0,0,8,20529,65476,0,0,2621,60.0,0.0,0.0,0.0,0.0,0.0
2026-07-09T15:09:05,ERR,ERR,ERR,ERR,ERR,ERR,ERR,ERR,ERR,ERR,ERR,ERR,ERR,ERR,ERR,ERR,ERR,ERR,ERR,ERR,ERR,ERR,ERR,ERR,ERR,ERR,ERR,ERR,ERR,ERR,ERR,ERR,ERR,ERR,ERR,ERR,ERR,ERR,ERR,ERR,ERR,ERR,ERR,ERR,ERR,ERR,ERR,ERR,ERR,ERR,ERR,ERR,ERR,ERR,ERR,ERR,ERR,ERR,ERR,ERR,ERR,ERR,ERR,ERR,ERR,ERR,ERR,ERR,ERR,ERR,ERR,ERR,ERR,ERR,ERR,ERR,ERR,ERR,ERR,ERR,ERR,ERR,ERR,ERR,ERR,ERR,ERR,ERR,ERR,ERR,ERR,ERR,ERR,ERR,ERR,ERR,ERR,ERR,ERR,ERR,ERR,ERR,ERR,ERR,ERR,ERR,ERR,ERR,ERR,ERR,ERR,ERR,ERR,ERR,ERR,ERR,ERR,ERR,ERR,ERR,ERR,ERR,ERR,ERR,ERR,-107615184.0,0.0,-0.0,0.0,0.0,0.0,-0.0,10.641,0,0,4,17398,7116,0.0,100,0.0,0.0,0.0,0.0,0.0,0,0,0,0,0.0,0,0,0,0,0,0,0,0,0,0,0,0,0,0,0,0,0,0,0,0,0,0,0,0,0,0,0,0,0,0,0,0,0,31,40,40,71,65476,0,300,0,0,8,21553,0.0,-107605600.0,0.0,0.0,0.0,0.0,0.0,0.0,0.0,0.0,0.0,0.0,0.0,0.0,0.0,0.0,0.0,0.0,0.0,0.0,0.0,0.0,-2.004,-0.0,0.0,0.0,0.0,0.0,0.0,0.0,4614.0,2.004,6921.0,-107615184.0,0.0,2.004,2.004,0.0,0.0,0.0,0.0,69,-2.3088328012319425e+20,-0.0,0.0,0.0,0.0,0.0,0.0,0.0,0.0,0,0,0,0.0,0.0,0.0,0.0,0.0,0.0,0.0,0.0,0.0,0.0,0.0,0.0,0.0,0.0,0.0,0.0,0,-107875648.0,69,0.0,138,0.0,2.012,ERR,ERR,ERR,ERR,ERR,ERR,ERR,ERR,ERR,ERR,ERR,ERR,ERR,ERR,ERR,ERR,ERR,ERR,ERR,ERR,ERR,ERR,ERR,ERR,ERR,ERR,ERR,ERR,ERR,ERR,ERR,ERR,ERR,ERR,ERR,ERR,ERR,ERR,ERR,ERR,ERR,ERR,ERR,ERR,ERR,ERR,ERR,ERR,ERR,ERR,ERR,ERR,ERR,ERR,ERR,ERR,ERR,ERR,ERR,ERR,ERR,ERR,ERR,ERR,ERR,ERR,ERR,60.0,60.0,35,0.0,0.0,0.0,0.0,0.0,0.0,0.0,0.0,0.0,0.0,0.0,0.0,0.0,0.0,0.0,0.0,65.2,0,115,56,40,65476,0,300,0,0,8,20529,65476,0,0,2621,60.0,0.0,0.0,0.0,0.0,0.0
2026-07-09T15:09:06,ERR,ERR,ERR,ERR,ERR,ERR,ERR,ERR,ERR,ERR,ERR,ERR,ERR,ERR,ERR,ERR,ERR,ERR,ERR,ERR,ERR,ERR,ERR,ERR,ERR,ERR,ERR,ERR,ERR,ERR,ERR,ERR,ERR,ERR,ERR,ERR,ERR,ERR,ERR,ERR,ERR,ERR,ERR,ERR,ERR,ERR,ERR,ERR,ERR,ERR,ERR,ERR,ERR,ERR,ERR,ERR,ERR,ERR,ERR,ERR,ERR,ERR,ERR,ERR,ERR,ERR,ERR,ERR,ERR,ERR,ERR,ERR,ERR,ERR,ERR,ERR,ERR,ERR,ERR,ERR,ERR,ERR,ERR,ERR,ERR,ERR,ERR,ERR,ERR,ERR,ERR,ERR,ERR,ERR,ERR,ERR,ERR,ERR,ERR,ERR,ERR,ERR,ERR,ERR,ERR,ERR,ERR,ERR,ERR,ERR,ERR,ERR,ERR,ERR,ERR,ERR,ERR,ERR,ERR,ERR,ERR,ERR,ERR,ERR,ERR,-107615184.0,0.0,-0.0,0.0,0.0,0.0,-0.0,10.641,0,0,4,17398,7116,0.0,100,0.0,0.0,0.0,0.0,0.0,0,0,0,0,0.0,0,0,0,0,0,0,0,0,0,0,0,0,0,0,0,0,0,0,0,0,0,0,0,0,0,0,0,0,0,0,0,0,0,31,40,40,71,65476,0,300,0,0,8,21553,0.0,-107605600.0,0.0,0.0,0.0,0.0,0.0,0.0,0.0,0.0,0.0,0.0,0.0,0.0,0.0,0.0,0.0,0.0,0.0,0.0,0.0,0.0,-2.004,-0.0,0.0,0.0,0.0,0.0,0.0,0.0,4614.0,2.004,6921.0,-107615184.0,0.0,2.004,2.004,0.0,0.0,0.0,0.0,69,-2.3088328012319425e+20,-0.0,0.0,0.0,0.0,0.0,0.0,0.0,0.0,0,0,0,0.0,0.0,0.0,0.0,0.0,0.0,0.0,0.0,0.0,0.0,0.0,0.0,0.0,0.0,0.0,0.0,0,-107875648.0,69,0.0,138,0.0,2.012,ERR,ERR,ERR,ERR,ERR,ERR,ERR,ERR,ERR,ERR,ERR,ERR,ERR,ERR,ERR,ERR,ERR,ERR,ERR,ERR,ERR,ERR,ERR,ERR,ERR,ERR,ERR,ERR,ERR,ERR,ERR,ERR,ERR,ERR,ERR,ERR,ERR,ERR,ERR,ERR,ERR,ERR,ERR,ERR,ERR,ERR,ERR,ERR,ERR,ERR,ERR,ERR,ERR,ERR,ERR,ERR,ERR,ERR,ERR,ERR,ERR,ERR,ERR,ERR,ERR,ERR,ERR,60.0,60.0,35,0.0,0.0,0.0,0.0,0.0,0.0,0.0,0.0,0.0,0.0,0.0,0.0,0.0,0.0,0.0,0.0,65.2,0,115,56,40,65476,0,300,0,0,8,20529,65476,0,0,2621,60.0,0.0,0.0,0.0,0.0,0.0
2026-07-09T15:09:07,ERR,ERR,ERR,ERR,ERR,ERR,ERR,ERR,ERR,ERR,ERR,ERR,ERR,ERR,ERR,ERR,ERR,ERR,ERR,ERR,ERR,ERR,ERR,ERR,ERR,ERR,ERR,ERR,ERR,ERR,ERR,ERR,ERR,ERR,ERR,ERR,ERR,ERR,ERR,ERR,ERR,ERR,ERR,ERR,ERR,ERR,ERR,ERR,ERR,ERR,ERR,ERR,ERR,ERR,ERR,ERR,ERR,ERR,ERR,ERR,ERR,ERR,ERR,ERR,ERR,ERR,ERR,ERR,ERR,ERR,ERR,ERR,ERR,ERR,ERR,ERR,ERR,ERR,ERR,ERR,ERR,ERR,ERR,ERR,ERR,ERR,ERR,ERR,ERR,ERR,ERR,ERR,ERR,ERR,ERR,ERR,ERR,ERR,ERR,ERR,ERR,ERR,ERR,ERR,ERR,ERR,ERR,ERR,ERR,ERR,ERR,ERR,ERR,ERR,ERR,ERR,ERR,ERR,ERR,ERR,ERR,ERR,ERR,ERR,ERR,0.0,0.0,-107614608.0,0.0,0.0,0.0,-0.0,82.126,0,0,4,17405,7116,0.0,100,0.0,0.0,2.718366610185338e+23,0.0,0.0,0,0,0,0,0.0,0,0,0,0,0,0,0,0,0,0,0,0,0,0,0,0,0,0,0,0,0,0,0,0,0,0,0,0,0,0,0,0,0,31,40,40,71,65476,0,300,0,0,8,21553,0.0,-107605600.0,0.0,0.0,0.0,0.0,0.0,0.0,0.0,0.0,0.0,0.0,0.0,0.0,0.0,0.0,0.0,0.0,0.0,0.0,0.0,0.0,2.004,3.697063867931689e+19,0.0,0.0,0.0,0.0,0.0,0.0,4624.0,2.422984445767768e+24,6925.0,-0.0,0.0,2.004,2.004,0.0,0.0,0.0,0.0,69,0.059,-107614656.0,0.0,0.0,0.0,0.0,0.0,0.0,0.0,0,0,0,0.0,0.0,0.0,0.0,0.0,0.0,0.0,0.0,0.0,0.0,0.0,0.0,0.0,0.0,0.0,0.0,0,-107875648.0,69,0.0,138,0.0,2.012,ERR,ERR,ERR,ERR,ERR,ERR,ERR,ERR,ERR,ERR,ERR,ERR,ERR,ERR,ERR,ERR,ERR,ERR,ERR,ERR,ERR,ERR,ERR,ERR,ERR,ERR,ERR,ERR,ERR,ERR,ERR,ERR,ERR,ERR,ERR,ERR,ERR,ERR,ERR,ERR,ERR,ERR,ERR,ERR,ERR,ERR,ERR,ERR,ERR,ERR,ERR,ERR,ERR,ERR,ERR,ERR,ERR,ERR,ERR,ERR,ERR,ERR,ERR,ERR,ERR,ERR,ERR,60.0,60.0,35,0.0,0.0,0.0,0.0,0.0,0.0,0.0,0.0,0.0,0.0,0.0,0.0,0.0,0.0,0.0,0.0,65.2,0,115,56,40,65476,0,300,0,0,8,20529,65476,0,0,2621,60.0,0.0,0.0,0.0,0.0,0.0
2026-07-09T15:09:08,ERR,ERR,ERR,ERR,ERR,ERR,ERR,ERR,ERR,ERR,ERR,ERR,ERR,ERR,ERR,ERR,ERR,ERR,ERR,ERR,ERR,ERR,ERR,ERR,ERR,ERR,ERR,ERR,ERR,ERR,ERR,ERR,ERR,ERR,ERR,ERR,ERR,ERR,ERR,ERR,ERR,ERR,ERR,ERR,ERR,ERR,ERR,ERR,ERR,ERR,ERR,ERR,ERR,ERR,ERR,ERR,ERR,ERR,ERR,ERR,ERR,ERR,ERR,ERR,ERR,ERR,ERR,ERR,ERR,ERR,ERR,ERR,ERR,ERR,ERR,ERR,ERR,ERR,ERR,ERR,ERR,ERR,ERR,ERR,ERR,ERR,ERR,ERR,ERR,ERR,ERR,ERR,ERR,ERR,ERR,ERR,ERR,ERR,ERR,ERR,ERR,ERR,ERR,ERR,ERR,ERR,ERR,ERR,ERR,ERR,ERR,ERR,ERR,ERR,ERR,ERR,ERR,ERR,ERR,ERR,ERR,ERR,ERR,ERR,ERR,0.0,0.0,-107614608.0,0.0,0.0,0.0,-0.0,82.126,0,0,4,17405,7116,0.0,100,0.0,0.0,2.718366610185338e+23,0.0,0.0,0,0,0,0,0.0,0,0,0,0,0,0,0,0,0,0,0,0,0,0,0,0,0,0,0,0,0,0,0,0,0,0,0,0,0,0,0,0,0,31,40,40,71,65476,0,300,0,0,8,21553,0.0,-107605600.0,0.0,0.0,0.0,0.0,0.0,0.0,0.0,0.0,0.0,0.0,0.0,0.0,0.0,0.0,0.0,0.0,0.0,0.0,0.0,0.0,2.004,3.697063867931689e+19,0.0,0.0,0.0,0.0,0.0,0.0,4624.0,2.422984445767768e+24,6925.0,-0.0,0.0,2.004,2.004,0.0,0.0,0.0,0.0,69,0.059,-107614656.0,0.0,0.0,0.0,0.0,0.0,0.0,0.0,0,0,0,0.0,0.0,0.0,0.0,0.0,0.0,0.0,0.0,0.0,0.0,0.0,0.0,0.0,0.0,0.0,0.0,0,-107875648.0,69,0.0,138,0.0,2.012,ERR,ERR,ERR,ERR,ERR,ERR,ERR,ERR,ERR,ERR,ERR,ERR,ERR,ERR,ERR,ERR,ERR,ERR,ERR,ERR,ERR,ERR,ERR,ERR,ERR,ERR,ERR,ERR,ERR,ERR,ERR,ERR,ERR,ERR,ERR,ERR,ERR,ERR,ERR,ERR,ERR,ERR,ERR,ERR,ERR,ERR,ERR,ERR,ERR,ERR,ERR,ERR,ERR,ERR,ERR,ERR,ERR,ERR,ERR,ERR,ERR,ERR,ERR,ERR,ERR,ERR,ERR,60.0,60.0,35,0.0,0.0,0.0,0.0,0.0,0.0,0.0,0.0,0.0,0.0,0.0,0.0,0.0,0.0,0.0,0.0,65.2,0,115,56,40,65476,0,300,0,0,8,20529,65476,0,0,2621,60.0,0.0,0.0,0.0,0.0,0.0
2026-07-09T15:09:09,ERR,ERR,ERR,ERR,ERR,ERR,ERR,ERR,ERR,ERR,ERR,ERR,ERR,ERR,ERR,ERR,ERR,ERR,ERR,ERR,ERR,ERR,ERR,ERR,ERR,ERR,ERR,ERR,ERR,ERR,ERR,ERR,ERR,ERR,ERR,ERR,ERR,ERR,ERR,ERR,ERR,ERR,ERR,ERR,ERR,ERR,ERR,ERR,ERR,ERR,ERR,ERR,ERR,ERR,ERR,ERR,ERR,ERR,ERR,ERR,ERR,ERR,ERR,ERR,ERR,ERR,ERR,ERR,ERR,ERR,ERR,ERR,ERR,ERR,ERR,ERR,ERR,ERR,ERR,ERR,ERR,ERR,ERR,ERR,ERR,ERR,ERR,ERR,ERR,ERR,ERR,ERR,ERR,ERR,ERR,ERR,ERR,ERR,ERR,ERR,ERR,ERR,ERR,ERR,ERR,ERR,ERR,ERR,ERR,ERR,ERR,ERR,ERR,ERR,ERR,ERR,ERR,ERR,ERR,ERR,ERR,ERR,ERR,ERR,ERR,0.0,0.0,-107614608.0,0.0,0.0,0.0,-0.0,82.126,0,0,4,17405,7116,0.0,100,0.0,0.0,2.718366610185338e+23,0.0,0.0,0,0,0,0,0.0,0,0,0,0,0,0,0,0,0,0,0,0,0,0,0,0,0,0,0,0,0,0,0,0,0,0,0,0,0,0,0,0,0,31,40,40,71,65476,0,300,0,0,8,21553,0.0,-107605600.0,0.0,0.0,0.0,0.0,0.0,0.0,0.0,0.0,0.0,0.0,0.0,0.0,0.0,0.0,0.0,0.0,0.0,0.0,0.0,0.0,2.004,3.697063867931689e+19,0.0,0.0,0.0,0.0,0.0,0.0,4624.0,2.422984445767768e+24,6925.0,-0.0,0.0,2.004,2.004,0.0,0.0,0.0,0.0,69,0.059,-107614656.0,0.0,0.0,0.0,0.0,0.0,0.0,0.0,0,0,0,0.0,0.0,0.0,0.0,0.0,0.0,0.0,0.0,0.0,0.0,0.0,0.0,0.0,0.0,0.0,0.0,0,-107875648.0,69,0.0,138,0.0,2.012,ERR,ERR,ERR,ERR,ERR,ERR,ERR,ERR,ERR,ERR,ERR,ERR,ERR,ERR,ERR,ERR,ERR,ERR,ERR,ERR,ERR,ERR,ERR,ERR,ERR,ERR,ERR,ERR,ERR,ERR,ERR,ERR,ERR,ERR,ERR,ERR,ERR,ERR,ERR,ERR,ERR,ERR,ERR,ERR,ERR,ERR,ERR,ERR,ERR,ERR,ERR,ERR,ERR,ERR,ERR,ERR,ERR,ERR,ERR,ERR,ERR,ERR,ERR,ERR,ERR,ERR,ERR,60.0,60.0,35,0.0,0.0,0.0,0.0,0.0,0.0,0.0,0.0,0.0,0.0,0.0,0.0,0.0,0.0,0.0,0.0,65.2,0,115,56,40,65476,0,300,0,0,8,20529,65476,0,0,2621,60.0,0.0,0.0,0.0,0.0,0.0
2026-07-09T15:09:10,ERR,ERR,ERR,ERR,ERR,ERR,ERR,ERR,ERR,ERR,ERR,ERR,ERR,ERR,ERR,ERR,ERR,ERR,ERR,ERR,ERR,ERR,ERR,ERR,ERR,ERR,ERR,ERR,ERR,ERR,ERR,ERR,ERR,ERR,ERR,ERR,ERR,ERR,ERR,ERR,ERR,ERR,ERR,ERR,ERR,ERR,ERR,ERR,ERR,ERR,ERR,ERR,ERR,ERR,ERR,ERR,ERR,ERR,ERR,ERR,ERR,ERR,ERR,ERR,ERR,ERR,ERR,ERR,ERR,ERR,ERR,ERR,ERR,ERR,ERR,ERR,ERR,ERR,ERR,ERR,ERR,ERR,ERR,ERR,ERR,ERR,ERR,ERR,ERR,ERR,ERR,ERR,ERR,ERR,ERR,ERR,ERR,ERR,ERR,ERR,ERR,ERR,ERR,ERR,ERR,ERR,ERR,ERR,ERR,ERR,ERR,ERR,ERR,ERR,ERR,ERR,ERR,ERR,ERR,ERR,ERR,ERR,ERR,ERR,ERR,0.0,0.0,-107614608.0,0.0,0.0,0.0,-0.0,82.126,0,0,4,17405,7116,0.0,100,0.0,0.0,2.718366610185338e+23,0.0,0.0,0,0,0,0,0.0,0,0,0,0,0,0,0,0,0,0,0,0,0,0,0,0,0,0,0,0,0,0,0,0,0,0,0,0,0,0,0,0,0,31,40,40,71,65476,0,300,0,0,8,21553,0.0,-107605600.0,0.0,0.0,0.0,0.0,0.0,0.0,0.0,0.0,0.0,0.0,0.0,0.0,0.0,0.0,0.0,0.0,0.0,0.0,0.0,0.0,2.004,3.697063867931689e+19,0.0,0.0,0.0,0.0,0.0,0.0,4624.0,2.422984445767768e+24,6925.0,-0.0,0.0,2.004,2.004,0.0,0.0,0.0,0.0,69,0.059,-107614656.0,0.0,0.0,0.0,0.0,0.0,0.0,0.0,0,0,0,0.0,0.0,0.0,0.0,0.0,0.0,0.0,0.0,0.0,0.0,0.0,0.0,0.0,0.0,0.0,0.0,0,-107875648.0,69,0.0,138,0.0,2.012,ERR,ERR,ERR,ERR,ERR,ERR,ERR,ERR,ERR,ERR,ERR,ERR,ERR,ERR,ERR,ERR,ERR,ERR,ERR,ERR,ERR,ERR,ERR,ERR,ERR,ERR,ERR,ERR,ERR,ERR,ERR,ERR,ERR,ERR,ERR,ERR,ERR,ERR,ERR,ERR,ERR,ERR,ERR,ERR,ERR,ERR,ERR,ERR,ERR,ERR,ERR,ERR,ERR,ERR,ERR,ERR,ERR,ERR,ERR,ERR,ERR,ERR,ERR,ERR,ERR,ERR,ERR,60.0,60.0,35,0.0,0.0,0.0,0.0,0.0,0.0,0.0,0.0,0.0,0.0,0.0,0.0,0.0,0.0,0.0,0.0,65.2,0,115,56,40,65476,0,300,0,0,8,20529,65476,0,0,2621,60.0,0.0,0.0,0.0,0.0,0.0
2026-07-09T15:09:11,ERR,ERR,ERR,ERR,ERR,ERR,ERR,ERR,ERR,ERR,ERR,ERR,ERR,ERR,ERR,ERR,ERR,ERR,ERR,ERR,ERR,ERR,ERR,ERR,ERR,ERR,ERR,ERR,ERR,ERR,ERR,ERR,ERR,ERR,ERR,ERR,ERR,ERR,ERR,ERR,ERR,ERR,ERR,ERR,ERR,ERR,ERR,ERR,ERR,ERR,ERR,ERR,ERR,ERR,ERR,ERR,ERR,ERR,ERR,ERR,ERR,ERR,ERR,ERR,ERR,ERR,ERR,ERR,ERR,ERR,ERR,ERR,ERR,ERR,ERR,ERR,ERR,ERR,ERR,ERR,ERR,ERR,ERR,ERR,ERR,ERR,ERR,ERR,ERR,ERR,ERR,ERR,ERR,ERR,ERR,ERR,ERR,ERR,ERR,ERR,ERR,ERR,ERR,ERR,ERR,ERR,ERR,ERR,ERR,ERR,ERR,ERR,ERR,ERR,ERR,ERR,ERR,ERR,ERR,ERR,ERR,ERR,ERR,ERR,ERR,0.0,0.0,-107614608.0,0.0,0.0,0.0,-0.0,82.126,0,0,4,17405,7116,0.0,100,0.0,0.0,2.718366610185338e+23,0.0,0.0,0,0,0,0,0.0,0,0,0,0,0,0,0,0,0,0,0,0,0,0,0,0,0,0,0,0,0,0,0,0,0,0,0,0,0,0,0,0,0,31,40,40,71,65476,0,300,0,0,8,21553,0.0,-107605600.0,0.0,0.0,0.0,0.0,0.0,0.0,0.0,0.0,0.0,0.0,0.0,0.0,0.0,0.0,0.0,0.0,0.0,0.0,0.0,0.0,2.004,3.697063867931689e+19,0.0,0.0,0.0,0.0,0.0,0.0,4624.0,2.422984445767768e+24,6925.0,-0.0,0.0,2.004,2.004,0.0,0.0,0.0,0.0,69,0.059,-107614656.0,0.0,0.0,0.0,0.0,0.0,0.0,0.0,0,0,0,0.0,0.0,0.0,0.0,0.0,0.0,0.0,0.0,0.0,0.0,0.0,0.0,0.0,0.0,0.0,0.0,0,-107875648.0,69,0.0,138,0.0,2.012,ERR,ERR,ERR,ERR,ERR,ERR,ERR,ERR,ERR,ERR,ERR,ERR,ERR,ERR,ERR,ERR,ERR,ERR,ERR,ERR,ERR,ERR,ERR,ERR,ERR,ERR,ERR,ERR,ERR,ERR,ERR,ERR,ERR,ERR,ERR,ERR,ERR,ERR,ERR,ERR,ERR,ERR,ERR,ERR,ERR,ERR,ERR,ERR,ERR,ERR,ERR,ERR,ERR,ERR,ERR,ERR,ERR,ERR,ERR,ERR,ERR,ERR,ERR,ERR,ERR,ERR,ERR,60.0,60.0,35,0.0,0.0,0.0,0.0,0.0,0.0,0.0,0.0,0.0,0.0,0.0,0.0,0.0,0.0,0.0,0.0,65.2,0,115,56,40,65476,0,300,0,0,8,20529,65476,0,0,2621,60.0,0.0,0.0,0.0,0.0,0.0
2026-07-09T15:09:12,ERR,ERR,ERR,ERR,ERR,ERR,ERR,ERR,ERR,ERR,ERR,ERR,ERR,ERR,ERR,ERR,ERR,ERR,ERR,ERR,ERR,ERR,ERR,ERR,ERR,ERR,ERR,ERR,ERR,ERR,ERR,ERR,ERR,ERR,ERR,ERR,ERR,ERR,ERR,ERR,ERR,ERR,ERR,ERR,ERR,ERR,ERR,ERR,ERR,ERR,ERR,ERR,ERR,ERR,ERR,ERR,ERR,ERR,ERR,ERR,ERR,ERR,ERR,ERR,ERR,ERR,ERR,ERR,ERR,ERR,ERR,ERR,ERR,ERR,ERR,ERR,ERR,ERR,ERR,ERR,ERR,ERR,ERR,ERR,ERR,ERR,ERR,ERR,ERR,ERR,ERR,ERR,ERR,ERR,ERR,ERR,ERR,ERR,ERR,ERR,ERR,ERR,ERR,ERR,ERR,ERR,ERR,ERR,ERR,ERR,ERR,ERR,ERR,ERR,ERR,ERR,ERR,ERR,ERR,ERR,ERR,ERR,ERR,ERR,ERR,0.0,-107615920.0,-0.0,0.0,-8608925696.0,0.0,-2.325457122281969e+28,-0.001,0,0,4,17400,7116,0.0,100,0.0,0.0,0.0,0.0,0.0,0,0,0,0,0.0,0,0,0,0,0,0,0,0,0,0,0,0,0,0,0,0,0,0,0,0,0,0,0,0,0,0,0,0,0,0,0,0,0,31,40,40,71,65476,0,300,0,0,8,21553,0.0,-107605600.0,0.0,0.0,0.0,0.0,0.0,0.0,0.0,0.0,0.0,0.0,0.0,0.0,0.0,0.0,0.0,0.0,0.0,0.0,0.0,0.0,-0.0,2.004,0.0,0.0,0.0,0.0,0.0,0.0,4616.0,-0.0,6929.0,0.0,-107615920.0,2.004,2.004,0.0,0.0,0.0,0.0,69,-0.0,0.0,0.0,0.0,0.0,0.0,0.0,0.0,0.0,0,0,0,0.0,0.0,0.0,0.0,0.0,0.0,0.0,0.0,0.0,0.0,0.0,0.0,0.0,0.0,0.0,0.0,0,-107875648.0,69,0.0,138,0.0,2.012,ERR,ERR,ERR,ERR,ERR,ERR,ERR,ERR,ERR,ERR,ERR,ERR,ERR,ERR,ERR,ERR,ERR,ERR,ERR,ERR,ERR,ERR,ERR,ERR,ERR,ERR,ERR,ERR,ERR,ERR,ERR,ERR,ERR,ERR,ERR,ERR,ERR,ERR,ERR,ERR,ERR,ERR,ERR,ERR,ERR,ERR,ERR,ERR,ERR,ERR,ERR,ERR,ERR,ERR,ERR,ERR,ERR,ERR,ERR,ERR,ERR,ERR,ERR,ERR,ERR,ERR,ERR,60.0,60.0,35,0.0,0.0,0.0,0.0,0.0,0.0,0.0,0.0,0.0,0.0,0.0,0.0,0.0,0.0,0.0,0.0,65.2,0,115,56,40,65476,0,300,0,0,8,20529,65476,0,0,2621,60.0,0.0,0.0,0.0,0.0,0.0
2026-07-09T15:09:13,ERR,ERR,ERR,ERR,ERR,ERR,ERR,ERR,ERR,ERR,ERR,ERR,ERR,ERR,ERR,ERR,ERR,ERR,ERR,ERR,ERR,ERR,ERR,ERR,ERR,ERR,ERR,ERR,ERR,ERR,ERR,ERR,ERR,ERR,ERR,ERR,ERR,ERR,ERR,ERR,ERR,ERR,ERR,ERR,ERR,ERR,ERR,ERR,ERR,ERR,ERR,ERR,ERR,ERR,ERR,ERR,ERR,ERR,ERR,ERR,ERR,ERR,ERR,ERR,ERR,ERR,ERR,ERR,ERR,ERR,ERR,ERR,ERR,ERR,ERR,ERR,ERR,ERR,ERR,ERR,ERR,ERR,ERR,ERR,ERR,ERR,ERR,ERR,ERR,ERR,ERR,ERR,ERR,ERR,ERR,ERR,ERR,ERR,ERR,ERR,ERR,ERR,ERR,ERR,ERR,ERR,ERR,ERR,ERR,ERR,ERR,ERR,ERR,ERR,ERR,ERR,ERR,ERR,ERR,ERR,ERR,ERR,ERR,ERR,ERR,0.0,-107615920.0,-0.0,0.0,-8608925696.0,0.0,-2.325457122281969e+28,-0.001,0,0,4,17400,7116,0.0,100,0.0,0.0,0.0,0.0,0.0,0,0,0,0,0.0,0,0,0,0,0,0,0,0,0,0,0,0,0,0,0,0,0,0,0,0,0,0,0,0,0,0,0,0,0,0,0,0,0,31,40,40,71,65476,0,300,0,0,8,21553,0.0,-107605600.0,0.0,0.0,0.0,0.0,0.0,0.0,0.0,0.0,0.0,0.0,0.0,0.0,0.0,0.0,0.0,0.0,0.0,0.0,0.0,0.0,-0.0,2.004,0.0,0.0,0.0,0.0,0.0,0.0,4616.0,-0.0,6929.0,0.0,-107615920.0,2.004,2.004,0.0,0.0,0.0,0.0,69,-0.0,0.0,0.0,0.0,0.0,0.0,0.0,0.0,0.0,0,0,0,0.0,0.0,0.0,0.0,0.0,0.0,0.0,0.0,0.0,0.0,0.0,0.0,0.0,0.0,0.0,0.0,0,-107875648.0,69,0.0,138,0.0,2.012,ERR,ERR,ERR,ERR,ERR,ERR,ERR,ERR,ERR,ERR,ERR,ERR,ERR,ERR,ERR,ERR,ERR,ERR,ERR,ERR,ERR,ERR,ERR,ERR,ERR,ERR,ERR,ERR,ERR,ERR,ERR,ERR,ERR,ERR,ERR,ERR,ERR,ERR,ERR,ERR,ERR,ERR,ERR,ERR,ERR,ERR,ERR,ERR,ERR,ERR,ERR,ERR,ERR,ERR,ERR,ERR,ERR,ERR,ERR,ERR,ERR,ERR,ERR,ERR,ERR,ERR,ERR,60.0,60.0,35,0.0,0.0,0.0,0.0,0.0,0.0,0.0,0.0,0.0,0.0,0.0,0.0,0.0,0.0,0.0,0.0,65.2,0,115,56,40,65476,0,300,0,0,8,20529,65476,0,0,2621,60.0,0.0,0.0,0.0,0.0,0.0
2026-07-09T15:09:14,ERR,ERR,ERR,ERR,ERR,ERR,ERR,ERR,ERR,ERR,ERR,ERR,ERR,ERR,ERR,ERR,ERR,ERR,ERR,ERR,ERR,ERR,ERR,ERR,ERR,ERR,ERR,ERR,ERR,ERR,ERR,ERR,ERR,ERR,ERR,ERR,ERR,ERR,ERR,ERR,ERR,ERR,ERR,ERR,ERR,ERR,ERR,ERR,ERR,ERR,ERR,ERR,ERR,ERR,ERR,ERR,ERR,ERR,ERR,ERR,ERR,ERR,ERR,ERR,ERR,ERR,ERR,ERR,ERR,ERR,ERR,ERR,ERR,ERR,ERR,ERR,ERR,ERR,ERR,ERR,ERR,ERR,ERR,ERR,ERR,ERR,ERR,ERR,ERR,ERR,ERR,ERR,ERR,ERR,ERR,ERR,ERR,ERR,ERR,ERR,ERR,ERR,ERR,ERR,ERR,ERR,ERR,ERR,ERR,ERR,ERR,ERR,ERR,ERR,ERR,ERR,ERR,ERR,ERR,ERR,ERR,ERR,ERR,ERR,ERR,0.0,-107615920.0,-0.0,0.0,-8608925696.0,0.0,-2.325457122281969e+28,-0.001,0,0,4,17400,7116,0.0,100,0.0,0.0,0.0,0.0,0.0,0,0,0,0,0.0,0,0,0,0,0,0,0,0,0,0,0,0,0,0,0,0,0,0,0,0,0,0,0,0,0,0,0,0,0,0,0,0,0,31,40,40,71,65476,0,300,0,0,8,21553,0.0,-107605600.0,0.0,0.0,0.0,0.0,0.0,0.0,0.0,0.0,0.0,0.0,0.0,0.0,0.0,0.0,0.0,0.0,0.0,0.0,0.0,0.0,-0.0,2.004,0.0,0.0,0.0,0.0,0.0,0.0,4616.0,-0.0,6929.0,0.0,-107615920.0,2.004,2.004,0.0,0.0,0.0,0.0,69,-0.0,0.0,0.0,0.0,0.0,0.0,0.0,0.0,0.0,0,0,0,0.0,0.0,0.0,0.0,0.0,0.0,0.0,0.0,0.0,0.0,0.0,0.0,0.0,0.0,0.0,0.0,0,-107875648.0,69,0.0,138,0.0,2.012,ERR,ERR,ERR,ERR,ERR,ERR,ERR,ERR,ERR,ERR,ERR,ERR,ERR,ERR,ERR,ERR,ERR,ERR,ERR,ERR,ERR,ERR,ERR,ERR,ERR,ERR,ERR,ERR,ERR,ERR,ERR,ERR,ERR,ERR,ERR,ERR,ERR,ERR,ERR,ERR,ERR,ERR,ERR,ERR,ERR,ERR,ERR,ERR,ERR,ERR,ERR,ERR,ERR,ERR,ERR,ERR,ERR,ERR,ERR,ERR,ERR,ERR,ERR,ERR,ERR,ERR,ERR,60.0,60.0,35,0.0,0.0,0.0,0.0,0.0,0.0,0.0,0.0,0.0,0.0,0.0,0.0,0.0,0.0,0.0,0.0,65.2,0,115,56,40,65476,0,300,0,0,8,20529,65476,0,0,2621,60.0,0.0,0.0,0.0,0.0,0.0
2026-07-09T15:09:15,ERR,ERR,ERR,ERR,ERR,ERR,ERR,ERR,ERR,ERR,ERR,ERR,ERR,ERR,ERR,ERR,ERR,ERR,ERR,ERR,ERR,ERR,ERR,ERR,ERR,ERR,ERR,ERR,ERR,ERR,ERR,ERR,ERR,ERR,ERR,ERR,ERR,ERR,ERR,ERR,ERR,ERR,ERR,ERR,ERR,ERR,ERR,ERR,ERR,ERR,ERR,ERR,ERR,ERR,ERR,ERR,ERR,ERR,ERR,ERR,ERR,ERR,ERR,ERR,ERR,ERR,ERR,ERR,ERR,ERR,ERR,ERR,ERR,ERR,ERR,ERR,ERR,ERR,ERR,ERR,ERR,ERR,ERR,ERR,ERR,ERR,ERR,ERR,ERR,ERR,ERR,ERR,ERR,ERR,ERR,ERR,ERR,ERR,ERR,ERR,ERR,ERR,ERR,ERR,ERR,ERR,ERR,ERR,ERR,ERR,ERR,ERR,ERR,ERR,ERR,ERR,ERR,ERR,ERR,ERR,ERR,ERR,ERR,ERR,ERR,0.0,-107615920.0,-0.0,0.0,-8608925696.0,0.0,-2.325457122281969e+28,-0.001,0,0,4,17400,7116,0.0,100,0.0,0.0,0.0,0.0,0.0,0,0,0,0,0.0,0,0,0,0,0,0,0,0,0,0,0,0,0,0,0,0,0,0,0,0,0,0,0,0,0,0,0,0,0,0,0,0,0,31,40,40,71,65476,0,300,0,0,8,21553,0.0,-107605600.0,0.0,0.0,0.0,0.0,0.0,0.0,0.0,0.0,0.0,0.0,0.0,0.0,0.0,0.0,0.0,0.0,0.0,0.0,0.0,0.0,-0.0,2.004,0.0,0.0,0.0,0.0,0.0,0.0,4616.0,-0.0,6929.0,0.0,-107615920.0,2.004,2.004,0.0,0.0,0.0,0.0,69,-0.0,0.0,0.0,0.0,0.0,0.0,0.0,0.0,0.0,0,0,0,0.0,0.0,0.0,0.0,0.0,0.0,0.0,0.0,0.0,0.0,0.0,0.0,0.0,0.0,0.0,0.0,0,-107875648.0,69,0.0,138,0.0,2.012,ERR,ERR,ERR,ERR,ERR,ERR,ERR,ERR,ERR,ERR,ERR,ERR,ERR,ERR,ERR,ERR,ERR,ERR,ERR,ERR,ERR,ERR,ERR,ERR,ERR,ERR,ERR,ERR,ERR,ERR,ERR,ERR,ERR,ERR,ERR,ERR,ERR,ERR,ERR,ERR,ERR,ERR,ERR,ERR,ERR,ERR,ERR,ERR,ERR,ERR,ERR,ERR,ERR,ERR,ERR,ERR,ERR,ERR,ERR,ERR,ERR,ERR,ERR,ERR,ERR,ERR,ERR,60.0,60.0,35,0.0,0.0,0.0,0.0,0.0,0.0,0.0,0.0,0.0,0.0,0.0,0.0,0.0,0.0,0.0,0.0,65.2,0,115,56,40,65476,0,300,0,0,8,20529,65476,0,0,2621,60.0,0.0,0.0,0.0,0.0,0.0
2026-07-09T15:09:16,ERR,ERR,ERR,ERR,ERR,ERR,ERR,ERR,ERR,ERR,ERR,ERR,ERR,ERR,ERR,ERR,ERR,ERR,ERR,ERR,ERR,ERR,ERR,ERR,ERR,ERR,ERR,ERR,ERR,ERR,ERR,ERR,ERR,ERR,ERR,ERR,ERR,ERR,ERR,ERR,ERR,ERR,ERR,ERR,ERR,ERR,ERR,ERR,ERR,ERR,ERR,ERR,ERR,ERR,ERR,ERR,ERR,ERR,ERR,ERR,ERR,ERR,ERR,ERR,ERR,ERR,ERR,ERR,ERR,ERR,ERR,ERR,ERR,ERR,ERR,ERR,ERR,ERR,ERR,ERR,ERR,ERR,ERR,ERR,ERR,ERR,ERR,ERR,ERR,ERR,ERR,ERR,ERR,ERR,ERR,ERR,ERR,ERR,ERR,ERR,ERR,ERR,ERR,ERR,ERR,ERR,ERR,ERR,ERR,ERR,ERR,ERR,ERR,ERR,ERR,ERR,ERR,ERR,ERR,ERR,ERR,ERR,ERR,ERR,ERR,0.0,-107615920.0,-0.0,0.0,-8608925696.0,0.0,-2.325457122281969e+28,-0.001,0,0,4,17400,7116,0.0,100,0.0,0.0,0.0,0.0,0.0,0,0,0,0,0.0,0,0,0,0,0,0,0,0,0,0,0,0,0,0,0,0,0,0,0,0,0,0,0,0,0,0,0,0,0,0,0,0,0,31,40,40,71,65476,0,300,0,0,8,21553,0.0,-107605600.0,0.0,0.0,0.0,0.0,0.0,0.0,0.0,0.0,0.0,0.0,0.0,0.0,0.0,0.0,0.0,0.0,0.0,0.0,0.0,0.0,-0.0,2.004,0.0,0.0,0.0,0.0,0.0,0.0,4616.0,-0.0,6929.0,0.0,-107615920.0,2.004,2.004,0.0,0.0,0.0,0.0,69,-0.0,0.0,0.0,0.0,0.0,0.0,0.0,0.0,0.0,0,0,0,0.0,0.0,0.0,0.0,0.0,0.0,0.0,0.0,0.0,0.0,0.0,0.0,0.0,0.0,0.0,0.0,0,-107875648.0,69,0.0,138,0.0,2.012,ERR,ERR,ERR,ERR,ERR,ERR,ERR,ERR,ERR,ERR,ERR,ERR,ERR,ERR,ERR,ERR,ERR,ERR,ERR,ERR,ERR,ERR,ERR,ERR,ERR,ERR,ERR,ERR,ERR,ERR,ERR,ERR,ERR,ERR,ERR,ERR,ERR,ERR,ERR,ERR,ERR,ERR,ERR,ERR,ERR,ERR,ERR,ERR,ERR,ERR,ERR,ERR,ERR,ERR,ERR,ERR,ERR,ERR,ERR,ERR,ERR,ERR,ERR,ERR,ERR,ERR,ERR,60.0,60.0,35,0.0,0.0,0.0,0.0,0.0,0.0,0.0,0.0,0.0,0.0,0.0,0.0,0.0,0.0,0.0,0.0,65.2,0,115,56,40,65476,0,300,0,0,8,20529,65476,0,0,2621,60.0,0.0,0.0,0.0,0.0,0.0
2026-07-09T15:09:17,ERR,ERR,ERR,ERR,ERR,ERR,ERR,ERR,ERR,ERR,ERR,ERR,ERR,ERR,ERR,ERR,ERR,ERR,ERR,ERR,ERR,ERR,ERR,ERR,ERR,ERR,ERR,ERR,ERR,ERR,ERR,ERR,ERR,ERR,ERR,ERR,ERR,ERR,ERR,ERR,ERR,ERR,ERR,ERR,ERR,ERR,ERR,ERR,ERR,ERR,ERR,ERR,ERR,ERR,ERR,ERR,ERR,ERR,ERR,ERR,ERR,ERR,ERR,ERR,ERR,ERR,ERR,ERR,ERR,ERR,ERR,ERR,ERR,ERR,ERR,ERR,ERR,ERR,ERR,ERR,ERR,ERR,ERR,ERR,ERR,ERR,ERR,ERR,ERR,ERR,ERR,ERR,ERR,ERR,ERR,ERR,ERR,ERR,ERR,ERR,ERR,ERR,ERR,ERR,ERR,ERR,ERR,ERR,ERR,ERR,ERR,ERR,ERR,ERR,ERR,ERR,ERR,ERR,ERR,ERR,ERR,ERR,ERR,ERR,ERR,2.7184267782763598e+23,-107615920.0,0.0,0.0,-3.2256486938986996e+29,-0.0,-0.0,0.0,0,0,4,17397,7116,0.0,100,0.0,0.0,0.0,0.0,0.0,0,0,0,0,0.0,0,0,0,0,0,0,0,0,0,0,0,0,0,0,0,0,0,0,0,0,0,0,0,0,0,0,0,0,0,0,0,0,0,31,40,40,71,65476,0,300,0,0,8,21553,0.0,-107605600.0,0.0,0.0,0.0,0.0,0.0,0.0,0.0,0.0,0.0,0.0,0.0,0.0,0.0,0.0,0.0,0.0,0.0,0.0,0.0,0.0,-2.004,0.0,0.0,0.0,0.0,0.0,0.0,0.0,4629.0,-564145028071424.0,6939.0,2.7184267782763598e+23,-0.0,2.004,2.004,0.0,0.0,0.0,0.0,69,0.0,2.7184147086293585e+23,0.0,0.0,0.0,0.0,0.0,0.0,0.0,0,0,0,0.0,0.0,0.0,0.0,0.0,0.0,0.0,0.0,0.0,0.0,0.0,0.0,0.0,0.0,0.0,0.0,0,-107875648.0,69,0.0,138,0.0,2.012,ERR,ERR,ERR,ERR,ERR,ERR,ERR,ERR,ERR,ERR,ERR,ERR,ERR,ERR,ERR,ERR,ERR,ERR,ERR,ERR,ERR,ERR,ERR,ERR,ERR,ERR,ERR,ERR,ERR,ERR,ERR,ERR,ERR,ERR,ERR,ERR,ERR,ERR,ERR,ERR,ERR,ERR,ERR,ERR,ERR,ERR,ERR,ERR,ERR,ERR,ERR,ERR,ERR,ERR,ERR,ERR,ERR,ERR,ERR,ERR,ERR,ERR,ERR,ERR,ERR,ERR,ERR,60.0,60.0,35,0.0,0.0,0.0,0.0,0.0,0.0,0.0,0.0,0.0,0.0,0.0,0.0,0.0,0.0,0.0,0.0,65.6,0,115,56,40,65476,0,300,0,0,8,20529,65476,0,0,2621,60.0,0.0,0.0,0.0,0.0,0.0
2026-07-09T15:09:18,ERR,ERR,ERR,ERR,ERR,ERR,ERR,ERR,ERR,ERR,ERR,ERR,ERR,ERR,ERR,ERR,ERR,ERR,ERR,ERR,ERR,ERR,ERR,ERR,ERR,ERR,ERR,ERR,ERR,ERR,ERR,ERR,ERR,ERR,ERR,ERR,ERR,ERR,ERR,ERR,ERR,ERR,ERR,ERR,ERR,ERR,ERR,ERR,ERR,ERR,ERR,ERR,ERR,ERR,ERR,ERR,ERR,ERR,ERR,ERR,ERR,ERR,ERR,ERR,ERR,ERR,ERR,ERR,ERR,ERR,ERR,ERR,ERR,ERR,ERR,ERR,ERR,ERR,ERR,ERR,ERR,ERR,ERR,ERR,ERR,ERR,ERR,ERR,ERR,ERR,ERR,ERR,ERR,ERR,ERR,ERR,ERR,ERR,ERR,ERR,ERR,ERR,ERR,ERR,ERR,ERR,ERR,ERR,ERR,ERR,ERR,ERR,ERR,ERR,ERR,ERR,ERR,ERR,ERR,ERR,ERR,ERR,ERR,ERR,ERR,2.7184267782763598e+23,-107615920.0,0.0,0.0,-3.2256486938986996e+29,-0.0,-0.0,0.0,0,0,4,17397,7116,0.0,100,0.0,0.0,0.0,0.0,0.0,0,0,0,0,0.0,0,0,0,0,0,0,0,0,0,0,0,0,0,0,0,0,0,0,0,0,0,0,0,0,0,0,0,0,0,0,0,0,0,31,40,40,71,65476,0,300,0,0,8,21553,0.0,-107605600.0,0.0,0.0,0.0,0.0,0.0,0.0,0.0,0.0,0.0,0.0,0.0,0.0,0.0,0.0,0.0,0.0,0.0,0.0,0.0,0.0,-2.004,0.0,0.0,0.0,0.0,0.0,0.0,0.0,4629.0,-564145028071424.0,6939.0,2.7184267782763598e+23,-0.0,2.004,2.004,0.0,0.0,0.0,0.0,69,0.0,2.7184147086293585e+23,0.0,0.0,0.0,0.0,0.0,0.0,0.0,0,0,0,0.0,0.0,0.0,0.0,0.0,0.0,0.0,0.0,0.0,0.0,0.0,0.0,0.0,0.0,0.0,0.0,0,-107875648.0,69,0.0,138,0.0,2.012,ERR,ERR,ERR,ERR,ERR,ERR,ERR,ERR,ERR,ERR,ERR,ERR,ERR,ERR,ERR,ERR,ERR,ERR,ERR,ERR,ERR,ERR,ERR,ERR,ERR,ERR,ERR,ERR,ERR,ERR,ERR,ERR,ERR,ERR,ERR,ERR,ERR,ERR,ERR,ERR,ERR,ERR,ERR,ERR,ERR,ERR,ERR,ERR,ERR,ERR,ERR,ERR,ERR,ERR,ERR,ERR,ERR,ERR,ERR,ERR,ERR,ERR,ERR,ERR,ERR,ERR,ERR,60.0,60.0,35,0.0,0.0,0.0,0.0,0.0,0.0,0.0,0.0,0.0,0.0,0.0,0.0,0.0,0.0,0.0,0.0,65.6,0,115,56,40,65476,0,300,0,0,8,20529,65476,0,0,2621,60.0,0.0,0.0,0.0,0.0,0.0
2026-07-09T15:09:19,ERR,ERR,ERR,ERR,ERR,ERR,ERR,ERR,ERR,ERR,ERR,ERR,ERR,ERR,ERR,ERR,ERR,ERR,ERR,ERR,ERR,ERR,ERR,ERR,ERR,ERR,ERR,ERR,ERR,ERR,ERR,ERR,ERR,ERR,ERR,ERR,ERR,ERR,ERR,ERR,ERR,ERR,ERR,ERR,ERR,ERR,ERR,ERR,ERR,ERR,ERR,ERR,ERR,ERR,ERR,ERR,ERR,ERR,ERR,ERR,ERR,ERR,ERR,ERR,ERR,ERR,ERR,ERR,ERR,ERR,ERR,ERR,ERR,ERR,ERR,ERR,ERR,ERR,ERR,ERR,ERR,ERR,ERR,ERR,ERR,ERR,ERR,ERR,ERR,ERR,ERR,ERR,ERR,ERR,ERR,ERR,ERR,ERR,ERR,ERR,ERR,ERR,ERR,ERR,ERR,ERR,ERR,ERR,ERR,ERR,ERR,ERR,ERR,ERR,ERR,ERR,ERR,ERR,ERR,ERR,ERR,ERR,ERR,ERR,ERR,2.7184267782763598e+23,-107615920.0,0.0,0.0,-3.2256486938986996e+29,-0.0,-0.0,0.0,0,0,4,17397,7116,0.0,100,0.0,0.0,0.0,0.0,0.0,0,0,0,0,0.0,0,0,0,0,0,0,0,0,0,0,0,0,0,0,0,0,0,0,0,0,0,0,0,0,0,0,0,0,0,0,0,0,0,31,40,40,71,65476,0,300,0,0,8,21553,0.0,-107605600.0,0.0,0.0,0.0,0.0,0.0,0.0,0.0,0.0,0.0,0.0,0.0,0.0,0.0,0.0,0.0,0.0,0.0,0.0,0.0,0.0,-2.004,0.0,0.0,0.0,0.0,0.0,0.0,0.0,4629.0,-564145028071424.0,6939.0,2.7184267782763598e+23,-0.0,2.004,2.004,0.0,0.0,0.0,0.0,69,0.0,2.7184147086293585e+23,0.0,0.0,0.0,0.0,0.0,0.0,0.0,0,0,0,0.0,0.0,0.0,0.0,0.0,0.0,0.0,0.0,0.0,0.0,0.0,0.0,0.0,0.0,0.0,0.0,0,-107875648.0,69,0.0,138,0.0,2.012,ERR,ERR,ERR,ERR,ERR,ERR,ERR,ERR,ERR,ERR,ERR,ERR,ERR,ERR,ERR,ERR,ERR,ERR,ERR,ERR,ERR,ERR,ERR,ERR,ERR,ERR,ERR,ERR,ERR,ERR,ERR,ERR,ERR,ERR,ERR,ERR,ERR,ERR,ERR,ERR,ERR,ERR,ERR,ERR,ERR,ERR,ERR,ERR,ERR,ERR,ERR,ERR,ERR,ERR,ERR,ERR,ERR,ERR,ERR,ERR,ERR,ERR,ERR,ERR,ERR,ERR,ERR,60.0,60.0,35,0.0,0.0,0.0,0.0,0.0,0.0,0.0,0.0,0.0,0.0,0.0,0.0,0.0,0.0,0.0,0.0,65.6,0,115,56,40,65476,0,300,0,0,8,20529,65476,0,0,2621,60.0,0.0,0.0,0.0,0.0,0.0
2026-07-09T15:09:20,ERR,ERR,ERR,ERR,ERR,ERR,ERR,ERR,ERR,ERR,ERR,ERR,ERR,ERR,ERR,ERR,ERR,ERR,ERR,ERR,ERR,ERR,ERR,ERR,ERR,ERR,ERR,ERR,ERR,ERR,ERR,ERR,ERR,ERR,ERR,ERR,ERR,ERR,ERR,ERR,ERR,ERR,ERR,ERR,ERR,ERR,ERR,ERR,ERR,ERR,ERR,ERR,ERR,ERR,ERR,ERR,ERR,ERR,ERR,ERR,ERR,ERR,ERR,ERR,ERR,ERR,ERR,ERR,ERR,ERR,ERR,ERR,ERR,ERR,ERR,ERR,ERR,ERR,ERR,ERR,ERR,ERR,ERR,ERR,ERR,ERR,ERR,ERR,ERR,ERR,ERR,ERR,ERR,ERR,ERR,ERR,ERR,ERR,ERR,ERR,ERR,ERR,ERR,ERR,ERR,ERR,ERR,ERR,ERR,ERR,ERR,ERR,ERR,ERR,ERR,ERR,ERR,ERR,ERR,ERR,ERR,ERR,ERR,ERR,ERR,2.7184267782763598e+23,-107615920.0,0.0,0.0,-3.2256486938986996e+29,-0.0,-0.0,0.0,0,0,4,17397,7116,0.0,100,0.0,0.0,0.0,0.0,0.0,0,0,0,0,0.0,0,0,0,0,0,0,0,0,0,0,0,0,0,0,0,0,0,0,0,0,0,0,0,0,0,0,0,0,0,0,0,0,0,31,40,40,71,65476,0,300,0,0,8,21553,0.0,-107605600.0,0.0,0.0,0.0,0.0,0.0,0.0,0.0,0.0,0.0,0.0,0.0,0.0,0.0,0.0,0.0,0.0,0.0,0.0,0.0,0.0,-2.004,0.0,0.0,0.0,0.0,0.0,0.0,0.0,4629.0,-564145028071424.0,6939.0,2.7184267782763598e+23,-0.0,2.004,2.004,0.0,0.0,0.0,0.0,69,0.0,2.7184147086293585e+23,0.0,0.0,0.0,0.0,0.0,0.0,0.0,0,0,0,0.0,0.0,0.0,0.0,0.0,0.0,0.0,0.0,0.0,0.0,0.0,0.0,0.0,0.0,0.0,0.0,0,-107875648.0,69,0.0,138,0.0,2.012,ERR,ERR,ERR,ERR,ERR,ERR,ERR,ERR,ERR,ERR,ERR,ERR,ERR,ERR,ERR,ERR,ERR,ERR,ERR,ERR,ERR,ERR,ERR,ERR,ERR,ERR,ERR,ERR,ERR,ERR,ERR,ERR,ERR,ERR,ERR,ERR,ERR,ERR,ERR,ERR,ERR,ERR,ERR,ERR,ERR,ERR,ERR,ERR,ERR,ERR,ERR,ERR,ERR,ERR,ERR,ERR,ERR,ERR,ERR,ERR,ERR,ERR,ERR,ERR,ERR,ERR,ERR,60.0,60.0,35,0.0,0.0,0.0,0.0,0.0,0.0,0.0,0.0,0.0,0.0,0.0,0.0,0.0,0.0,0.0,0.0,65.2,0,115,56,40,65476,0,300,0,0,8,20529,65476,0,0,2621,60.0,0.0,0.0,0.0,0.0,0.0
2026-07-09T15:09:21,ERR,ERR,ERR,ERR,ERR,ERR,ERR,ERR,ERR,ERR,ERR,ERR,ERR,ERR,ERR,ERR,ERR,ERR,ERR,ERR,ERR,ERR,ERR,ERR,ERR,ERR,ERR,ERR,ERR,ERR,ERR,ERR,ERR,ERR,ERR,ERR,ERR,ERR,ERR,ERR,ERR,ERR,ERR,ERR,ERR,ERR,ERR,ERR,ERR,ERR,ERR,ERR,ERR,ERR,ERR,ERR,ERR,ERR,ERR,ERR,ERR,ERR,ERR,ERR,ERR,ERR,ERR,ERR,ERR,ERR,ERR,ERR,ERR,ERR,ERR,ERR,ERR,ERR,ERR,ERR,ERR,ERR,ERR,ERR,ERR,ERR,ERR,ERR,ERR,ERR,ERR,ERR,ERR,ERR,ERR,ERR,ERR,ERR,ERR,ERR,ERR,ERR,ERR,ERR,ERR,ERR,ERR,ERR,ERR,ERR,ERR,ERR,ERR,ERR,ERR,ERR,ERR,ERR,ERR,ERR,ERR,ERR,ERR,ERR,ERR,2.7184267782763598e+23,-107615920.0,0.0,0.0,-3.2256486938986996e+29,-0.0,-0.0,0.0,0,0,4,17397,7116,0.0,100,0.0,0.0,0.0,0.0,0.0,0,0,0,0,0.0,0,0,0,0,0,0,0,0,0,0,0,0,0,0,0,0,0,0,0,0,0,0,0,0,0,0,0,0,0,0,0,0,0,31,40,40,71,65476,0,300,0,0,8,21553,0.0,-107605600.0,0.0,0.0,0.0,0.0,0.0,0.0,0.0,0.0,0.0,0.0,0.0,0.0,0.0,0.0,0.0,0.0,0.0,0.0,0.0,0.0,-2.004,0.0,0.0,0.0,0.0,0.0,0.0,0.0,4629.0,-564145028071424.0,6939.0,2.7184267782763598e+23,-0.0,2.004,2.004,0.0,0.0,0.0,0.0,69,0.0,2.7184147086293585e+23,0.0,0.0,0.0,0.0,0.0,0.0,0.0,0,0,0,0.0,0.0,0.0,0.0,0.0,0.0,0.0,0.0,0.0,0.0,0.0,0.0,0.0,0.0,0.0,0.0,0,-107875648.0,69,0.0,138,0.0,2.012,ERR,ERR,ERR,ERR,ERR,ERR,ERR,ERR,ERR,ERR,ERR,ERR,ERR,ERR,ERR,ERR,ERR,ERR,ERR,ERR,ERR,ERR,ERR,ERR,ERR,ERR,ERR,ERR,ERR,ERR,ERR,ERR,ERR,ERR,ERR,ERR,ERR,ERR,ERR,ERR,ERR,ERR,ERR,ERR,ERR,ERR,ERR,ERR,ERR,ERR,ERR,ERR,ERR,ERR,ERR,ERR,ERR,ERR,ERR,ERR,ERR,ERR,ERR,ERR,ERR,ERR,ERR,60.0,60.0,35,0.0,0.0,0.0,0.0,0.0,0.0,0.0,0.0,0.0,0.0,0.0,0.0,0.0,0.0,0.0,0.0,65.2,0,115,56,40,65476,0,300,0,0,8,20529,65476,0,0,2621,60.0,0.0,0.0,0.0,0.0,0.0
2026-07-09T15:09:22,ERR,ERR,ERR,ERR,ERR,ERR,ERR,ERR,ERR,ERR,ERR,ERR,ERR,ERR,ERR,ERR,ERR,ERR,ERR,ERR,ERR,ERR,ERR,ERR,ERR,ERR,ERR,ERR,ERR,ERR,ERR,ERR,ERR,ERR,ERR,ERR,ERR,ERR,ERR,ERR,ERR,ERR,ERR,ERR,ERR,ERR,ERR,ERR,ERR,ERR,ERR,ERR,ERR,ERR,ERR,ERR,ERR,ERR,ERR,ERR,ERR,ERR,ERR,ERR,ERR,ERR,ERR,ERR,ERR,ERR,ERR,ERR,ERR,ERR,ERR,ERR,ERR,ERR,ERR,ERR,ERR,ERR,ERR,ERR,ERR,ERR,ERR,ERR,ERR,ERR,ERR,ERR,ERR,ERR,ERR,ERR,ERR,ERR,ERR,ERR,ERR,ERR,ERR,ERR,ERR,ERR,ERR,ERR,ERR,ERR,ERR,ERR,ERR,ERR,ERR,ERR,ERR,ERR,ERR,ERR,ERR,ERR,ERR,ERR,ERR,-107615200.0,-0.0,2.7302190035406667e+23,0.0,0.0,-2.3333670672513096e+31,0.0,-23101680.0,0,0,4,17398,7116,0.0,100,0.0,0.0,0.0,0.0,0.0,0,0,0,0,0.0,0,0,0,0,0,0,0,0,0,0,0,0,0,0,0,0,0,0,0,0,0,0,0,0,0,0,0,0,0,0,0,0,0,31,40,40,71,65476,0,300,0,0,8,21553,0.0,-107605600.0,0.0,0.0,0.0,0.0,0.0,0.0,0.0,0.0,0.0,0.0,0.0,0.0,0.0,0.0,0.0,0.0,0.0,0.0,0.0,0.0,0.0,0.0,0.0,0.0,0.0,0.0,0.0,0.0,4659.0,0.0,6913.0,-107615200.0,-0.0,2.004,2.004,0.0,0.0,0.0,0.0,69,0.0,-0.0,0.0,0.0,0.0,0.0,0.0,0.0,0.0,0,0,0,0.0,0.0,0.0,0.0,0.0,0.0,0.0,0.0,0.0,0.0,0.0,0.0,0.0,0.0,0.0,0.0,0,-107875648.0,69,0.0,138,0.0,2.012,ERR,ERR,ERR,ERR,ERR,ERR,ERR,ERR,ERR,ERR,ERR,ERR,ERR,ERR,ERR,ERR,ERR,ERR,ERR,ERR,ERR,ERR,ERR,ERR,ERR,ERR,ERR,ERR,ERR,ERR,ERR,ERR,ERR,ERR,ERR,ERR,ERR,ERR,ERR,ERR,ERR,ERR,ERR,ERR,ERR,ERR,ERR,ERR,ERR,ERR,ERR,ERR,ERR,ERR,ERR,ERR,ERR,ERR,ERR,ERR,ERR,ERR,ERR,ERR,ERR,ERR,ERR,60.0,60.0,35,0.0,0.0,0.0,0.0,0.0,0.0,0.0,0.0,0.0,0.0,0.0,0.0,0.0,0.0,0.0,0.0,65.2,0,115,56,40,65476,0,300,0,0,8,20529,65476,0,0,2621,60.0,0.0,0.0,0.0,0.0,0.0
2026-07-09T15:09:23,ERR,ERR,ERR,ERR,ERR,ERR,ERR,ERR,ERR,ERR,ERR,ERR,ERR,ERR,ERR,ERR,ERR,ERR,ERR,ERR,ERR,ERR,ERR,ERR,ERR,ERR,ERR,ERR,ERR,ERR,ERR,ERR,ERR,ERR,ERR,ERR,ERR,ERR,ERR,ERR,ERR,ERR,ERR,ERR,ERR,ERR,ERR,ERR,ERR,ERR,ERR,ERR,ERR,ERR,ERR,ERR,ERR,ERR,ERR,ERR,ERR,ERR,ERR,ERR,ERR,ERR,ERR,ERR,ERR,ERR,ERR,ERR,ERR,ERR,ERR,ERR,ERR,ERR,ERR,ERR,ERR,ERR,ERR,ERR,ERR,ERR,ERR,ERR,ERR,ERR,ERR,ERR,ERR,ERR,ERR,ERR,ERR,ERR,ERR,ERR,ERR,ERR,ERR,ERR,ERR,ERR,ERR,ERR,ERR,ERR,ERR,ERR,ERR,ERR,ERR,ERR,ERR,ERR,ERR,ERR,ERR,ERR,ERR,ERR,ERR,-107615200.0,-0.0,2.7302190035406667e+23,0.0,0.0,-2.3333670672513096e+31,0.0,-23101680.0,0,0,4,17398,7116,0.0,100,0.0,0.0,0.0,0.0,0.0,0,0,0,0,0.0,0,0,0,0,0,0,0,0,0,0,0,0,0,0,0,0,0,0,0,0,0,0,0,0,0,0,0,0,0,0,0,0,0,31,40,40,71,65476,0,300,0,0,8,21553,0.0,-107605600.0,0.0,0.0,0.0,0.0,0.0,0.0,0.0,0.0,0.0,0.0,0.0,0.0,0.0,0.0,0.0,0.0,0.0,0.0,0.0,0.0,0.0,0.0,0.0,0.0,0.0,0.0,0.0,0.0,4659.0,0.0,6913.0,-107615200.0,-0.0,2.004,2.004,0.0,0.0,0.0,0.0,69,0.0,-0.0,0.0,0.0,0.0,0.0,0.0,0.0,0.0,0,0,0,0.0,0.0,0.0,0.0,0.0,0.0,0.0,0.0,0.0,0.0,0.0,0.0,0.0,0.0,0.0,0.0,0,-107875648.0,69,0.0,138,0.0,2.012,ERR,ERR,ERR,ERR,ERR,ERR,ERR,ERR,ERR,ERR,ERR,ERR,ERR,ERR,ERR,ERR,ERR,ERR,ERR,ERR,ERR,ERR,ERR,ERR,ERR,ERR,ERR,ERR,ERR,ERR,ERR,ERR,ERR,ERR,ERR,ERR,ERR,ERR,ERR,ERR,ERR,ERR,ERR,ERR,ERR,ERR,ERR,ERR,ERR,ERR,ERR,ERR,ERR,ERR,ERR,ERR,ERR,ERR,ERR,ERR,ERR,ERR,ERR,ERR,ERR,ERR,ERR,60.0,60.0,35,0.0,0.0,0.0,0.0,0.0,0.0,0.0,0.0,0.0,0.0,0.0,0.0,0.0,0.0,0.0,0.0,65.2,0,115,56,40,65476,0,300,0,0,8,20529,65476,0,0,2621,60.0,0.0,0.0,0.0,0.0,0.0
2026-07-09T15:09:24,ERR,ERR,ERR,ERR,ERR,ERR,ERR,ERR,ERR,ERR,ERR,ERR,ERR,ERR,ERR,ERR,ERR,ERR,ERR,ERR,ERR,ERR,ERR,ERR,ERR,ERR,ERR,ERR,ERR,ERR,ERR,ERR,ERR,ERR,ERR,ERR,ERR,ERR,ERR,ERR,ERR,ERR,ERR,ERR,ERR,ERR,ERR,ERR,ERR,ERR,ERR,ERR,ERR,ERR,ERR,ERR,ERR,ERR,ERR,ERR,ERR,ERR,ERR,ERR,ERR,ERR,ERR,ERR,ERR,ERR,ERR,ERR,ERR,ERR,ERR,ERR,ERR,ERR,ERR,ERR,ERR,ERR,ERR,ERR,ERR,ERR,ERR,ERR,ERR,ERR,ERR,ERR,ERR,ERR,ERR,ERR,ERR,ERR,ERR,ERR,ERR,ERR,ERR,ERR,ERR,ERR,ERR,ERR,ERR,ERR,ERR,ERR,ERR,ERR,ERR,ERR,ERR,ERR,ERR,ERR,ERR,ERR,ERR,ERR,ERR,-107615200.0,-0.0,2.7302190035406667e+23,0.0,0.0,-2.3333670672513096e+31,0.0,-23101680.0,0,0,4,17398,7116,0.0,100,0.0,0.0,0.0,0.0,0.0,0,0,0,0,0.0,0,0,0,0,0,0,0,0,0,0,0,0,0,0,0,0,0,0,0,0,0,0,0,0,0,0,0,0,0,0,0,0,0,31,40,40,71,65476,0,300,0,0,8,21553,0.0,-107605600.0,0.0,0.0,0.0,0.0,0.0,0.0,0.0,0.0,0.0,0.0,0.0,0.0,0.0,0.0,0.0,0.0,0.0,0.0,0.0,0.0,0.0,0.0,0.0,0.0,0.0,0.0,0.0,0.0,4659.0,0.0,6913.0,-107615200.0,-0.0,2.004,2.004,0.0,0.0,0.0,0.0,69,0.0,-0.0,0.0,0.0,0.0,0.0,0.0,0.0,0.0,0,0,0,0.0,0.0,0.0,0.0,0.0,0.0,0.0,0.0,0.0,0.0,0.0,0.0,0.0,0.0,0.0,0.0,0,-107875648.0,69,0.0,138,0.0,2.012,ERR,ERR,ERR,ERR,ERR,ERR,ERR,ERR,ERR,ERR,ERR,ERR,ERR,ERR,ERR,ERR,ERR,ERR,ERR,ERR,ERR,ERR,ERR,ERR,ERR,ERR,ERR,ERR,ERR,ERR,ERR,ERR,ERR,ERR,ERR,ERR,ERR,ERR,ERR,ERR,ERR,ERR,ERR,ERR,ERR,ERR,ERR,ERR,ERR,ERR,ERR,ERR,ERR,ERR,ERR,ERR,ERR,ERR,ERR,ERR,ERR,ERR,ERR,ERR,ERR,ERR,ERR,60.0,60.0,35,0.0,0.0,0.0,0.0,0.0,0.0,0.0,0.0,0.0,0.0,0.0,0.0,0.0,0.0,0.0,0.0,65.2,0,115,56,40,65476,0,300,0,0,8,20529,65476,0,0,2621,60.0,0.0,0.0,0.0,0.0,0.0
2026-07-09T15:09:25,ERR,ERR,ERR,ERR,ERR,ERR,ERR,ERR,ERR,ERR,ERR,ERR,ERR,ERR,ERR,ERR,ERR,ERR,ERR,ERR,ERR,ERR,ERR,ERR,ERR,ERR,ERR,ERR,ERR,ERR,ERR,ERR,ERR,ERR,ERR,ERR,ERR,ERR,ERR,ERR,ERR,ERR,ERR,ERR,ERR,ERR,ERR,ERR,ERR,ERR,ERR,ERR,ERR,ERR,ERR,ERR,ERR,ERR,ERR,ERR,ERR,ERR,ERR,ERR,ERR,ERR,ERR,ERR,ERR,ERR,ERR,ERR,ERR,ERR,ERR,ERR,ERR,ERR,ERR,ERR,ERR,ERR,ERR,ERR,ERR,ERR,ERR,ERR,ERR,ERR,ERR,ERR,ERR,ERR,ERR,ERR,ERR,ERR,ERR,ERR,ERR,ERR,ERR,ERR,ERR,ERR,ERR,ERR,ERR,ERR,ERR,ERR,ERR,ERR,ERR,ERR,ERR,ERR,ERR,ERR,ERR,ERR,ERR,ERR,ERR,-107615200.0,-0.0,2.7302190035406667e+23,0.0,0.0,-2.3333670672513096e+31,0.0,-23101680.0,0,0,4,17398,7116,0.0,100,0.0,0.0,0.0,0.0,0.0,0,0,0,0,0.0,0,0,0,0,0,0,0,0,0,0,0,0,0,0,0,0,0,0,0,0,0,0,0,0,0,0,0,0,0,0,0,0,0,31,40,40,71,65476,0,300,0,0,8,21553,0.0,-107605600.0,0.0,0.0,0.0,0.0,0.0,0.0,0.0,0.0,0.0,0.0,0.0,0.0,0.0,0.0,0.0,0.0,0.0,0.0,0.0,0.0,0.0,0.0,0.0,0.0,0.0,0.0,0.0,0.0,4659.0,0.0,6913.0,-107615200.0,-0.0,2.004,2.004,0.0,0.0,0.0,0.0,69,0.0,-0.0,0.0,0.0,0.0,0.0,0.0,0.0,0.0,0,0,0,0.0,0.0,0.0,0.0,0.0,0.0,0.0,0.0,0.0,0.0,0.0,0.0,0.0,0.0,0.0,0.0,0,-107875648.0,69,0.0,138,0.0,2.012,ERR,ERR,ERR,ERR,ERR,ERR,ERR,ERR,ERR,ERR,ERR,ERR,ERR,ERR,ERR,ERR,ERR,ERR,ERR,ERR,ERR,ERR,ERR,ERR,ERR,ERR,ERR,ERR,ERR,ERR,ERR,ERR,ERR,ERR,ERR,ERR,ERR,ERR,ERR,ERR,ERR,ERR,ERR,ERR,ERR,ERR,ERR,ERR,ERR,ERR,ERR,ERR,ERR,ERR,ERR,ERR,ERR,ERR,ERR,ERR,ERR,ERR,ERR,ERR,ERR,ERR,ERR,60.0,60.0,35,0.0,0.0,0.0,0.0,0.0,0.0,0.0,0.0,0.0,0.0,0.0,0.0,0.0,0.0,0.0,0.0,65.2,0,115,56,40,65476,0,300,0,0,8,20529,65476,0,0,2621,60.0,0.0,0.0,0.0,0.0,0.0
2026-07-09T15:09:26,ERR,ERR,ERR,ERR,ERR,ERR,ERR,ERR,ERR,ERR,ERR,ERR,ERR,ERR,ERR,ERR,ERR,ERR,ERR,ERR,ERR,ERR,ERR,ERR,ERR,ERR,ERR,ERR,ERR,ERR,ERR,ERR,ERR,ERR,ERR,ERR,ERR,ERR,ERR,ERR,ERR,ERR,ERR,ERR,ERR,ERR,ERR,ERR,ERR,ERR,ERR,ERR,ERR,ERR,ERR,ERR,ERR,ERR,ERR,ERR,ERR,ERR,ERR,ERR,ERR,ERR,ERR,ERR,ERR,ERR,ERR,ERR,ERR,ERR,ERR,ERR,ERR,ERR,ERR,ERR,ERR,ERR,ERR,ERR,ERR,ERR,ERR,ERR,ERR,ERR,ERR,ERR,ERR,ERR,ERR,ERR,ERR,ERR,ERR,ERR,ERR,ERR,ERR,ERR,ERR,ERR,ERR,ERR,ERR,ERR,ERR,ERR,ERR,ERR,ERR,ERR,ERR,ERR,ERR,ERR,ERR,ERR,ERR,ERR,ERR,-107615200.0,-0.0,2.7302190035406667e+23,0.0,0.0,-2.3333670672513096e+31,0.0,-23101680.0,0,0,4,17398,7116,0.0,100,0.0,0.0,0.0,0.0,0.0,0,0,0,0,0.0,0,0,0,0,0,0,0,0,0,0,0,0,0,0,0,0,0,0,0,0,0,0,0,0,0,0,0,0,0,0,0,0,0,31,40,40,71,65476,0,300,0,0,8,21553,0.0,-107605600.0,0.0,0.0,0.0,0.0,0.0,0.0,0.0,0.0,0.0,0.0,0.0,0.0,0.0,0.0,0.0,0.0,0.0,0.0,0.0,0.0,0.0,0.0,0.0,0.0,0.0,0.0,0.0,0.0,4659.0,0.0,6913.0,-107615200.0,-0.0,2.004,2.004,0.0,0.0,0.0,0.0,69,0.0,-0.0,0.0,0.0,0.0,0.0,0.0,0.0,0.0,0,0,0,0.0,0.0,0.0,0.0,0.0,0.0,0.0,0.0,0.0,0.0,0.0,0.0,0.0,0.0,0.0,0.0,0,-107875648.0,69,0.0,138,0.0,2.012,ERR,ERR,ERR,ERR,ERR,ERR,ERR,ERR,ERR,ERR,ERR,ERR,ERR,ERR,ERR,ERR,ERR,ERR,ERR,ERR,ERR,ERR,ERR,ERR,ERR,ERR,ERR,ERR,ERR,ERR,ERR,ERR,ERR,ERR,ERR,ERR,ERR,ERR,ERR,ERR,ERR,ERR,ERR,ERR,ERR,ERR,ERR,ERR,ERR,ERR,ERR,ERR,ERR,ERR,ERR,ERR,ERR,ERR,ERR,ERR,ERR,ERR,ERR,ERR,ERR,ERR,ERR,60.0,60.0,35,0.0,0.0,0.0,0.0,0.0,0.0,0.0,0.0,0.0,0.0,0.0,0.0,0.0,0.0,0.0,0.0,65.2,0,115,56,40,65476,0,300,0,0,8,20529,65476,0,0,2621,60.0,0.0,0.0,0.0,0.0,0.0
2026-07-09T15:09:27,ERR,ERR,ERR,ERR,ERR,ERR,ERR,ERR,ERR,ERR,ERR,ERR,ERR,ERR,ERR,ERR,ERR,ERR,ERR,ERR,ERR,ERR,ERR,ERR,ERR,ERR,ERR,ERR,ERR,ERR,ERR,ERR,ERR,ERR,ERR,ERR,ERR,ERR,ERR,ERR,ERR,ERR,ERR,ERR,ERR,ERR,ERR,ERR,ERR,ERR,ERR,ERR,ERR,ERR,ERR,ERR,ERR,ERR,ERR,ERR,ERR,ERR,ERR,ERR,ERR,ERR,ERR,ERR,ERR,ERR,ERR,ERR,ERR,ERR,ERR,ERR,ERR,ERR,ERR,ERR,ERR,ERR,ERR,ERR,ERR,ERR,ERR,ERR,ERR,ERR,ERR,ERR,ERR,ERR,ERR,ERR,ERR,ERR,ERR,ERR,ERR,ERR,ERR,ERR,ERR,ERR,ERR,ERR,ERR,ERR,ERR,ERR,ERR,ERR,ERR,ERR,ERR,ERR,ERR,ERR,ERR,ERR,ERR,ERR,ERR,-107615200.0,-0.0,2.7302190035406667e+23,-0.0,0.0,-3.6422707062531705e+23,0.0,-0.0,0,0,4,17394,7116,0.0,100,0.0,0.0,-0.0,0.0,0.0,0,0,0,0,0.0,0,0,0,0,0,0,0,0,0,0,0,0,0,0,0,0,0,0,0,0,0,0,0,0,0,0,0,0,0,0,0,0,0,31,40,40,71,65476,0,300,0,0,8,21553,0.0,-107605600.0,0.0,0.0,0.0,0.0,0.0,0.0,0.0,0.0,0.0,0.0,0.0,0.0,0.0,0.0,0.0,0.0,0.0,0.0,0.0,0.0,0.0,0.0,0.0,0.0,0.0,0.0,0.0,0.0,4670.0,2.004,6920.0,0.0,-0.0,2.004,2.004,0.0,0.0,0.0,0.0,69,0.0,-3.2219972332205456e+26,0.0,0.0,0.0,0.0,0.0,0.0,0.0,0,0,0,0.0,0.0,0.0,0.0,0.0,0.0,0.0,0.0,0.0,0.0,0.0,0.0,0.0,0.0,0.0,0.0,0,-107875648.0,69,0.0,138,0.0,2.012,ERR,ERR,ERR,ERR,ERR,ERR,ERR,ERR,ERR,ERR,ERR,ERR,ERR,ERR,ERR,ERR,ERR,ERR,ERR,ERR,ERR,ERR,ERR,ERR,ERR,ERR,ERR,ERR,ERR,ERR,ERR,ERR,ERR,ERR,ERR,ERR,ERR,ERR,ERR,ERR,ERR,ERR,ERR,ERR,ERR,ERR,ERR,ERR,ERR,ERR,ERR,ERR,ERR,ERR,ERR,ERR,ERR,ERR,ERR,ERR,ERR,ERR,ERR,ERR,ERR,ERR,ERR,60.0,60.0,35,0.0,0.0,0.0,0.0,0.0,0.0,0.0,0.0,0.0,0.0,0.0,0.0,0.0,0.0,0.0,0.0,65.2,0,115,56,40,65476,0,300,0,0,8,20529,65476,0,0,2621,60.0,0.0,0.0,0.0,0.0,0.0
2026-07-09T15:09:28,ERR,ERR,ERR,ERR,ERR,ERR,ERR,ERR,ERR,ERR,ERR,ERR,ERR,ERR,ERR,ERR,ERR,ERR,ERR,ERR,ERR,ERR,ERR,ERR,ERR,ERR,ERR,ERR,ERR,ERR,ERR,ERR,ERR,ERR,ERR,ERR,ERR,ERR,ERR,ERR,ERR,ERR,ERR,ERR,ERR,ERR,ERR,ERR,ERR,ERR,ERR,ERR,ERR,ERR,ERR,ERR,ERR,ERR,ERR,ERR,ERR,ERR,ERR,ERR,ERR,ERR,ERR,ERR,ERR,ERR,ERR,ERR,ERR,ERR,ERR,ERR,ERR,ERR,ERR,ERR,ERR,ERR,ERR,ERR,ERR,ERR,ERR,ERR,ERR,ERR,ERR,ERR,ERR,ERR,ERR,ERR,ERR,ERR,ERR,ERR,ERR,ERR,ERR,ERR,ERR,ERR,ERR,ERR,ERR,ERR,ERR,ERR,ERR,ERR,ERR,ERR,ERR,ERR,ERR,ERR,ERR,ERR,ERR,ERR,ERR,-107615200.0,-0.0,2.7302190035406667e+23,-0.0,0.0,-3.6422707062531705e+23,0.0,-0.0,0,0,4,17394,7116,0.0,100,0.0,0.0,-0.0,0.0,0.0,0,0,0,0,0.0,0,0,0,0,0,0,0,0,0,0,0,0,0,0,0,0,0,0,0,0,0,0,0,0,0,0,0,0,0,0,0,0,0,31,40,40,71,65476,0,300,0,0,8,21553,0.0,-107605600.0,0.0,0.0,0.0,0.0,0.0,0.0,0.0,0.0,0.0,0.0,0.0,0.0,0.0,0.0,0.0,0.0,0.0,0.0,0.0,0.0,0.0,0.0,0.0,0.0,0.0,0.0,0.0,0.0,4670.0,2.004,6920.0,0.0,-0.0,2.004,2.004,0.0,0.0,0.0,0.0,69,0.0,-3.2219972332205456e+26,0.0,0.0,0.0,0.0,0.0,0.0,0.0,0,0,0,0.0,0.0,0.0,0.0,0.0,0.0,0.0,0.0,0.0,0.0,0.0,0.0,0.0,0.0,0.0,0.0,0,-107875648.0,69,0.0,138,0.0,2.012,ERR,ERR,ERR,ERR,ERR,ERR,ERR,ERR,ERR,ERR,ERR,ERR,ERR,ERR,ERR,ERR,ERR,ERR,ERR,ERR,ERR,ERR,ERR,ERR,ERR,ERR,ERR,ERR,ERR,ERR,ERR,ERR,ERR,ERR,ERR,ERR,ERR,ERR,ERR,ERR,ERR,ERR,ERR,ERR,ERR,ERR,ERR,ERR,ERR,ERR,ERR,ERR,ERR,ERR,ERR,ERR,ERR,ERR,ERR,ERR,ERR,ERR,ERR,ERR,ERR,ERR,ERR,60.0,60.0,35,0.0,0.0,0.0,0.0,0.0,0.0,0.0,0.0,0.0,0.0,0.0,0.0,0.0,0.0,0.0,0.0,65.2,0,115,56,40,65476,0,300,0,0,8,20529,65476,0,0,2621,60.0,0.0,0.0,0.0,0.0,0.0
2026-07-09T15:09:29,ERR,ERR,ERR,ERR,ERR,ERR,ERR,ERR,ERR,ERR,ERR,ERR,ERR,ERR,ERR,ERR,ERR,ERR,ERR,ERR,ERR,ERR,ERR,ERR,ERR,ERR,ERR,ERR,ERR,ERR,ERR,ERR,ERR,ERR,ERR,ERR,ERR,ERR,ERR,ERR,ERR,ERR,ERR,ERR,ERR,ERR,ERR,ERR,ERR,ERR,ERR,ERR,ERR,ERR,ERR,ERR,ERR,ERR,ERR,ERR,ERR,ERR,ERR,ERR,ERR,ERR,ERR,ERR,ERR,ERR,ERR,ERR,ERR,ERR,ERR,ERR,ERR,ERR,ERR,ERR,ERR,ERR,ERR,ERR,ERR,ERR,ERR,ERR,ERR,ERR,ERR,ERR,ERR,ERR,ERR,ERR,ERR,ERR,ERR,ERR,ERR,ERR,ERR,ERR,ERR,ERR,ERR,ERR,ERR,ERR,ERR,ERR,ERR,ERR,ERR,ERR,ERR,ERR,ERR,ERR,ERR,ERR,ERR,ERR,ERR,-107615200.0,-0.0,2.7302190035406667e+23,-0.0,0.0,-3.6422707062531705e+23,0.0,-0.0,0,0,4,17394,7116,0.0,100,0.0,0.0,-0.0,0.0,0.0,0,0,0,0,0.0,0,0,0,0,0,0,0,0,0,0,0,0,0,0,0,0,0,0,0,0,0,0,0,0,0,0,0,0,0,0,0,0,0,31,40,40,71,65476,0,300,0,0,8,21553,0.0,-107605600.0,0.0,0.0,0.0,0.0,0.0,0.0,0.0,0.0,0.0,0.0,0.0,0.0,0.0,0.0,0.0,0.0,0.0,0.0,0.0,0.0,0.0,0.0,0.0,0.0,0.0,0.0,0.0,0.0,4670.0,2.004,6920.0,0.0,-0.0,2.004,2.004,0.0,0.0,0.0,0.0,69,0.0,-3.2219972332205456e+26,0.0,0.0,0.0,0.0,0.0,0.0,0.0,0,0,0,0.0,0.0,0.0,0.0,0.0,0.0,0.0,0.0,0.0,0.0,0.0,0.0,0.0,0.0,0.0,0.0,0,-107875648.0,69,0.0,138,0.0,2.012,ERR,ERR,ERR,ERR,ERR,ERR,ERR,ERR,ERR,ERR,ERR,ERR,ERR,ERR,ERR,ERR,ERR,ERR,ERR,ERR,ERR,ERR,ERR,ERR,ERR,ERR,ERR,ERR,ERR,ERR,ERR,ERR,ERR,ERR,ERR,ERR,ERR,ERR,ERR,ERR,ERR,ERR,ERR,ERR,ERR,ERR,ERR,ERR,ERR,ERR,ERR,ERR,ERR,ERR,ERR,ERR,ERR,ERR,ERR,ERR,ERR,ERR,ERR,ERR,ERR,ERR,ERR,60.0,60.0,35,0.0,0.0,0.0,0.0,0.0,0.0,0.0,0.0,0.0,0.0,0.0,0.0,0.0,0.0,0.0,0.0,65.6,0,115,56,40,65476,0,300,0,0,8,20529,65476,0,0,2621,60.0,0.0,0.0,0.0,0.0,0.0
2026-07-09T15:09:30,ERR,ERR,ERR,ERR,ERR,ERR,ERR,ERR,ERR,ERR,ERR,ERR,ERR,ERR,ERR,ERR,ERR,ERR,ERR,ERR,ERR,ERR,ERR,ERR,ERR,ERR,ERR,ERR,ERR,ERR,ERR,ERR,ERR,ERR,ERR,ERR,ERR,ERR,ERR,ERR,ERR,ERR,ERR,ERR,ERR,ERR,ERR,ERR,ERR,ERR,ERR,ERR,ERR,ERR,ERR,ERR,ERR,ERR,ERR,ERR,ERR,ERR,ERR,ERR,ERR,ERR,ERR,ERR,ERR,ERR,ERR,ERR,ERR,ERR,ERR,ERR,ERR,ERR,ERR,ERR,ERR,ERR,ERR,ERR,ERR,ERR,ERR,ERR,ERR,ERR,ERR,ERR,ERR,ERR,ERR,ERR,ERR,ERR,ERR,ERR,ERR,ERR,ERR,ERR,ERR,ERR,ERR,ERR,ERR,ERR,ERR,ERR,ERR,ERR,ERR,ERR,ERR,ERR,ERR,ERR,ERR,ERR,ERR,ERR,ERR,-107615200.0,-0.0,2.7302190035406667e+23,-0.0,0.0,-3.6422707062531705e+23,0.0,-0.0,0,0,4,17394,7116,0.0,100,0.0,0.0,-0.0,0.0,0.0,0,0,0,0,0.0,0,0,0,0,0,0,0,0,0,0,0,0,0,0,0,0,0,0,0,0,0,0,0,0,0,0,0,0,0,0,0,0,0,31,40,40,71,65476,0,300,0,0,8,21553,0.0,-107605600.0,0.0,0.0,0.0,0.0,0.0,0.0,0.0,0.0,0.0,0.0,0.0,0.0,0.0,0.0,0.0,0.0,0.0,0.0,0.0,0.0,0.0,0.0,0.0,0.0,0.0,0.0,0.0,0.0,4670.0,2.004,6920.0,0.0,-0.0,2.004,2.004,0.0,0.0,0.0,0.0,69,0.0,-3.2219972332205456e+26,0.0,0.0,0.0,0.0,0.0,0.0,0.0,0,0,0,0.0,0.0,0.0,0.0,0.0,0.0,0.0,0.0,0.0,0.0,0.0,0.0,0.0,0.0,0.0,0.0,0,-107875648.0,69,0.0,138,0.0,2.012,ERR,ERR,ERR,ERR,ERR,ERR,ERR,ERR,ERR,ERR,ERR,ERR,ERR,ERR,ERR,ERR,ERR,ERR,ERR,ERR,ERR,ERR,ERR,ERR,ERR,ERR,ERR,ERR,ERR,ERR,ERR,ERR,ERR,ERR,ERR,ERR,ERR,ERR,ERR,ERR,ERR,ERR,ERR,ERR,ERR,ERR,ERR,ERR,ERR,ERR,ERR,ERR,ERR,ERR,ERR,ERR,ERR,ERR,ERR,ERR,ERR,ERR,ERR,ERR,ERR,ERR,ERR,60.0,60.0,35,0.0,0.0,0.0,0.0,0.0,0.0,0.0,0.0,0.0,0.0,0.0,0.0,0.0,0.0,0.0,0.0,65.6,0,115,56,40,65476,0,300,0,0,8,20529,65476,0,0,2621,60.0,0.0,0.0,0.0,0.0,0.0
2026-07-09T15:09:31,ERR,ERR,ERR,ERR,ERR,ERR,ERR,ERR,ERR,ERR,ERR,ERR,ERR,ERR,ERR,ERR,ERR,ERR,ERR,ERR,ERR,ERR,ERR,ERR,ERR,ERR,ERR,ERR,ERR,ERR,ERR,ERR,ERR,ERR,ERR,ERR,ERR,ERR,ERR,ERR,ERR,ERR,ERR,ERR,ERR,ERR,ERR,ERR,ERR,ERR,ERR,ERR,ERR,ERR,ERR,ERR,ERR,ERR,ERR,ERR,ERR,ERR,ERR,ERR,ERR,ERR,ERR,ERR,ERR,ERR,ERR,ERR,ERR,ERR,ERR,ERR,ERR,ERR,ERR,ERR,ERR,ERR,ERR,ERR,ERR,ERR,ERR,ERR,ERR,ERR,ERR,ERR,ERR,ERR,ERR,ERR,ERR,ERR,ERR,ERR,ERR,ERR,ERR,ERR,ERR,ERR,ERR,ERR,ERR,ERR,ERR,ERR,ERR,ERR,ERR,ERR,ERR,ERR,ERR,ERR,ERR,ERR,ERR,ERR,ERR,-107615200.0,-0.0,2.7302190035406667e+23,-0.0,0.0,-3.6422707062531705e+23,0.0,-0.0,0,0,4,17394,7116,0.0,100,0.0,0.0,-0.0,0.0,0.0,0,0,0,0,0.0,0,0,0,0,0,0,0,0,0,0,0,0,0,0,0,0,0,0,0,0,0,0,0,0,0,0,0,0,0,0,0,0,0,31,40,40,71,65476,0,300,0,0,8,21553,0.0,-107605600.0,0.0,0.0,0.0,0.0,0.0,0.0,0.0,0.0,0.0,0.0,0.0,0.0,0.0,0.0,0.0,0.0,0.0,0.0,0.0,0.0,0.0,0.0,0.0,0.0,0.0,0.0,0.0,0.0,4670.0,2.004,6920.0,0.0,-0.0,2.004,2.004,0.0,0.0,0.0,0.0,69,0.0,-3.2219972332205456e+26,0.0,0.0,0.0,0.0,0.0,0.0,0.0,0,0,0,0.0,0.0,0.0,0.0,0.0,0.0,0.0,0.0,0.0,0.0,0.0,0.0,0.0,0.0,0.0,0.0,0,-107875648.0,69,0.0,138,0.0,2.012,ERR,ERR,ERR,ERR,ERR,ERR,ERR,ERR,ERR,ERR,ERR,ERR,ERR,ERR,ERR,ERR,ERR,ERR,ERR,ERR,ERR,ERR,ERR,ERR,ERR,ERR,ERR,ERR,ERR,ERR,ERR,ERR,ERR,ERR,ERR,ERR,ERR,ERR,ERR,ERR,ERR,ERR,ERR,ERR,ERR,ERR,ERR,ERR,ERR,ERR,ERR,ERR,ERR,ERR,ERR,ERR,ERR,ERR,ERR,ERR,ERR,ERR,ERR,ERR,ERR,ERR,ERR,60.0,60.0,35,0.0,0.0,0.0,0.0,0.0,0.0,0.0,0.0,0.0,0.0,0.0,0.0,0.0,0.0,0.0,0.0,65.2,0,115,56,39,65476,0,300,0,0,8,20529,65476,0,0,2621,60.0,0.0,0.0,0.0,0.0,0.0
2026-07-09T15:09:32,ERR,ERR,ERR,ERR,ERR,ERR,ERR,ERR,ERR,ERR,ERR,ERR,ERR,ERR,ERR,ERR,ERR,ERR,ERR,ERR,ERR,ERR,ERR,ERR,ERR,ERR,ERR,ERR,ERR,ERR,ERR,ERR,ERR,ERR,ERR,ERR,ERR,ERR,ERR,ERR,ERR,ERR,ERR,ERR,ERR,ERR,ERR,ERR,ERR,ERR,ERR,ERR,ERR,ERR,ERR,ERR,ERR,ERR,ERR,ERR,ERR,ERR,ERR,ERR,ERR,ERR,ERR,ERR,ERR,ERR,ERR,ERR,ERR,ERR,ERR,ERR,ERR,ERR,ERR,ERR,ERR,ERR,ERR,ERR,ERR,ERR,ERR,ERR,ERR,ERR,ERR,ERR,ERR,ERR,ERR,ERR,ERR,ERR,ERR,ERR,ERR,ERR,ERR,ERR,ERR,ERR,ERR,ERR,ERR,ERR,ERR,ERR,ERR,ERR,ERR,ERR,ERR,ERR,ERR,ERR,ERR,ERR,ERR,ERR,ERR,0.0,-107615920.0,2.7302190035406667e+23,2.718366610185338e+23,-0.0,0.0,3158800384.0,-9.359204615332668e+35,0,0,4,17396,7116,0.0,100,0.0,0.0,2.718366610185338e+23,0.0,0.0,0,0,0,0,0.0,0,0,0,0,0,0,0,0,0,0,0,0,0,0,0,0,0,0,0,0,0,0,0,0,0,0,0,0,0,0,0,0,0,31,40,40,71,65476,0,300,0,0,8,21553,0.0,-107605600.0,0.0,0.0,0.0,0.0,0.0,0.0,0.0,0.0,0.0,0.0,0.0,0.0,0.0,0.0,0.0,0.0,0.0,0.0,0.0,0.0,2.004,2.004,0.0,0.0,0.0,0.0,0.0,0.0,4656.0,-0.0,6928.0,0.0,-107615920.0,2.004,2.004,0.0,0.0,0.0,0.0,69,-0.0,0.059,0.0,0.0,0.0,0.0,0.0,0.0,0.0,0,0,0,0.0,0.0,0.0,0.0,0.0,0.0,0.0,0.0,0.0,0.0,0.0,0.0,0.0,0.0,0.0,0.0,0,-107875648.0,69,0.0,138,0.0,2.012,ERR,ERR,ERR,ERR,ERR,ERR,ERR,ERR,ERR,ERR,ERR,ERR,ERR,ERR,ERR,ERR,ERR,ERR,ERR,ERR,ERR,ERR,ERR,ERR,ERR,ERR,ERR,ERR,ERR,ERR,ERR,ERR,ERR,ERR,ERR,ERR,ERR,ERR,ERR,ERR,ERR,ERR,ERR,ERR,ERR,ERR,ERR,ERR,ERR,ERR,ERR,ERR,ERR,ERR,ERR,ERR,ERR,ERR,ERR,ERR,ERR,ERR,ERR,ERR,ERR,ERR,ERR,60.0,60.0,35,0.0,0.0,0.0,0.0,0.0,0.0,0.0,0.0,0.0,0.0,0.0,0.0,0.0,0.0,0.0,0.0,65.2,0,115,56,39,65476,0,300,0,0,8,20529,65476,0,0,2621,60.0,0.0,0.0,0.0,0.0,0.0
2026-07-09T15:09:33,ERR,ERR,ERR,ERR,ERR,ERR,ERR,ERR,ERR,ERR,ERR,ERR,ERR,ERR,ERR,ERR,ERR,ERR,ERR,ERR,ERR,ERR,ERR,ERR,ERR,ERR,ERR,ERR,ERR,ERR,ERR,ERR,ERR,ERR,ERR,ERR,ERR,ERR,ERR,ERR,ERR,ERR,ERR,ERR,ERR,ERR,ERR,ERR,ERR,ERR,ERR,ERR,ERR,ERR,ERR,ERR,ERR,ERR,ERR,ERR,ERR,ERR,ERR,ERR,ERR,ERR,ERR,ERR,ERR,ERR,ERR,ERR,ERR,ERR,ERR,ERR,ERR,ERR,ERR,ERR,ERR,ERR,ERR,ERR,ERR,ERR,ERR,ERR,ERR,ERR,ERR,ERR,ERR,ERR,ERR,ERR,ERR,ERR,ERR,ERR,ERR,ERR,ERR,ERR,ERR,ERR,ERR,ERR,ERR,ERR,ERR,ERR,ERR,ERR,ERR,ERR,ERR,ERR,ERR,ERR,ERR,ERR,ERR,ERR,ERR,0.0,-107615920.0,2.7302190035406667e+23,2.718366610185338e+23,-0.0,0.0,3158800384.0,-9.359204615332668e+35,0,0,4,17396,7116,0.0,100,0.0,0.0,2.718366610185338e+23,0.0,0.0,0,0,0,0,0.0,0,0,0,0,0,0,0,0,0,0,0,0,0,0,0,0,0,0,0,0,0,0,0,0,0,0,0,0,0,0,0,0,0,31,40,40,71,65476,0,300,0,0,8,21553,0.0,-107605600.0,0.0,0.0,0.0,0.0,0.0,0.0,0.0,0.0,0.0,0.0,0.0,0.0,0.0,0.0,0.0,0.0,0.0,0.0,0.0,0.0,2.004,2.004,0.0,0.0,0.0,0.0,0.0,0.0,4656.0,-0.0,6928.0,0.0,-107615920.0,2.004,2.004,0.0,0.0,0.0,0.0,69,-0.0,0.059,0.0,0.0,0.0,0.0,0.0,0.0,0.0,0,0,0,0.0,0.0,0.0,0.0,0.0,0.0,0.0,0.0,0.0,0.0,0.0,0.0,0.0,0.0,0.0,0.0,0,-107875648.0,69,0.0,138,0.0,2.012,ERR,ERR,ERR,ERR,ERR,ERR,ERR,ERR,ERR,ERR,ERR,ERR,ERR,ERR,ERR,ERR,ERR,ERR,ERR,ERR,ERR,ERR,ERR,ERR,ERR,ERR,ERR,ERR,ERR,ERR,ERR,ERR,ERR,ERR,ERR,ERR,ERR,ERR,ERR,ERR,ERR,ERR,ERR,ERR,ERR,ERR,ERR,ERR,ERR,ERR,ERR,ERR,ERR,ERR,ERR,ERR,ERR,ERR,ERR,ERR,ERR,ERR,ERR,ERR,ERR,ERR,ERR,60.0,60.0,35,0.0,0.0,0.0,0.0,0.0,0.0,0.0,0.0,0.0,0.0,0.0,0.0,0.0,0.0,0.0,0.0,65.2,0,115,56,39,65476,0,300,0,0,8,20529,65476,0,0,2621,60.0,0.0,0.0,0.0,0.0,0.0
2026-07-09T15:09:34,ERR,ERR,ERR,ERR,ERR,ERR,ERR,ERR,ERR,ERR,ERR,ERR,ERR,ERR,ERR,ERR,ERR,ERR,ERR,ERR,ERR,ERR,ERR,ERR,ERR,ERR,ERR,ERR,ERR,ERR,ERR,ERR,ERR,ERR,ERR,ERR,ERR,ERR,ERR,ERR,ERR,ERR,ERR,ERR,ERR,ERR,ERR,ERR,ERR,ERR,ERR,ERR,ERR,ERR,ERR,ERR,ERR,ERR,ERR,ERR,ERR,ERR,ERR,ERR,ERR,ERR,ERR,ERR,ERR,ERR,ERR,ERR,ERR,ERR,ERR,ERR,ERR,ERR,ERR,ERR,ERR,ERR,ERR,ERR,ERR,ERR,ERR,ERR,ERR,ERR,ERR,ERR,ERR,ERR,ERR,ERR,ERR,ERR,ERR,ERR,ERR,ERR,ERR,ERR,ERR,ERR,ERR,ERR,ERR,ERR,ERR,ERR,ERR,ERR,ERR,ERR,ERR,ERR,ERR,ERR,ERR,ERR,ERR,ERR,ERR,0.0,-107615920.0,2.7302190035406667e+23,2.718366610185338e+23,-0.0,0.0,3158800384.0,-9.359204615332668e+35,0,0,4,17396,7116,0.0,100,0.0,0.0,2.718366610185338e+23,0.0,0.0,0,0,0,0,0.0,0,0,0,0,0,0,0,0,0,0,0,0,0,0,0,0,0,0,0,0,0,0,0,0,0,0,0,0,0,0,0,0,0,31,40,40,71,65476,0,300,0,0,8,21553,0.0,-107605600.0,0.0,0.0,0.0,0.0,0.0,0.0,0.0,0.0,0.0,0.0,0.0,0.0,0.0,0.0,0.0,0.0,0.0,0.0,0.0,0.0,2.004,2.004,0.0,0.0,0.0,0.0,0.0,0.0,4656.0,-0.0,6928.0,0.0,-107615920.0,2.004,2.004,0.0,0.0,0.0,0.0,69,-0.0,0.059,0.0,0.0,0.0,0.0,0.0,0.0,0.0,0,0,0,0.0,0.0,0.0,0.0,0.0,0.0,0.0,0.0,0.0,0.0,0.0,0.0,0.0,0.0,0.0,0.0,0,-107875648.0,69,0.0,138,0.0,2.012,ERR,ERR,ERR,ERR,ERR,ERR,ERR,ERR,ERR,ERR,ERR,ERR,ERR,ERR,ERR,ERR,ERR,ERR,ERR,ERR,ERR,ERR,ERR,ERR,ERR,ERR,ERR,ERR,ERR,ERR,ERR,ERR,ERR,ERR,ERR,ERR,ERR,ERR,ERR,ERR,ERR,ERR,ERR,ERR,ERR,ERR,ERR,ERR,ERR,ERR,ERR,ERR,ERR,ERR,ERR,ERR,ERR,ERR,ERR,ERR,ERR,ERR,ERR,ERR,ERR,ERR,ERR,60.0,60.0,35,0.0,0.0,0.0,0.0,0.0,0.0,0.0,0.0,0.0,0.0,0.0,0.0,0.0,0.0,0.0,0.0,65.2,0,115,56,39,65476,0,300,0,0,8,20529,65476,0,0,2621,60.0,0.0,0.0,0.0,0.0,0.0
2026-07-09T15:09:35,ERR,ERR,ERR,ERR,ERR,ERR,ERR,ERR,ERR,ERR,ERR,ERR,ERR,ERR,ERR,ERR,ERR,ERR,ERR,ERR,ERR,ERR,ERR,ERR,ERR,ERR,ERR,ERR,ERR,ERR,ERR,ERR,ERR,ERR,ERR,ERR,ERR,ERR,ERR,ERR,ERR,ERR,ERR,ERR,ERR,ERR,ERR,ERR,ERR,ERR,ERR,ERR,ERR,ERR,ERR,ERR,ERR,ERR,ERR,ERR,ERR,ERR,ERR,ERR,ERR,ERR,ERR,ERR,ERR,ERR,ERR,ERR,ERR,ERR,ERR,ERR,ERR,ERR,ERR,ERR,ERR,ERR,ERR,ERR,ERR,ERR,ERR,ERR,ERR,ERR,ERR,ERR,ERR,ERR,ERR,ERR,ERR,ERR,ERR,ERR,ERR,ERR,ERR,ERR,ERR,ERR,ERR,ERR,ERR,ERR,ERR,ERR,ERR,ERR,ERR,ERR,ERR,ERR,ERR,ERR,ERR,ERR,ERR,ERR,ERR,0.0,-107615920.0,2.7302190035406667e+23,2.718366610185338e+23,-0.0,0.0,3158800384.0,-9.359204615332668e+35,0,0,4,17396,7116,0.0,100,0.0,0.0,2.718366610185338e+23,0.0,0.0,0,0,0,0,0.0,0,0,0,0,0,0,0,0,0,0,0,0,0,0,0,0,0,0,0,0,0,0,0,0,0,0,0,0,0,0,0,0,0,31,40,40,71,65476,0,300,0,0,8,21553,0.0,-107605600.0,0.0,0.0,0.0,0.0,0.0,0.0,0.0,0.0,0.0,0.0,0.0,0.0,0.0,0.0,0.0,0.0,0.0,0.0,0.0,0.0,2.004,2.004,0.0,0.0,0.0,0.0,0.0,0.0,4656.0,-0.0,6928.0,0.0,-107615920.0,2.004,2.004,0.0,0.0,0.0,0.0,69,-0.0,0.059,0.0,0.0,0.0,0.0,0.0,0.0,0.0,0,0,0,0.0,0.0,0.0,0.0,0.0,0.0,0.0,0.0,0.0,0.0,0.0,0.0,0.0,0.0,0.0,0.0,0,-107875648.0,69,0.0,138,0.0,2.012,ERR,ERR,ERR,ERR,ERR,ERR,ERR,ERR,ERR,ERR,ERR,ERR,ERR,ERR,ERR,ERR,ERR,ERR,ERR,ERR,ERR,ERR,ERR,ERR,ERR,ERR,ERR,ERR,ERR,ERR,ERR,ERR,ERR,ERR,ERR,ERR,ERR,ERR,ERR,ERR,ERR,ERR,ERR,ERR,ERR,ERR,ERR,ERR,ERR,ERR,ERR,ERR,ERR,ERR,ERR,ERR,ERR,ERR,ERR,ERR,ERR,ERR,ERR,ERR,ERR,ERR,ERR,60.0,60.0,35,0.0,0.0,0.0,0.0,0.0,0.0,0.0,0.0,0.0,0.0,0.0,0.0,0.0,0.0,0.0,0.0,65.2,0,115,56,39,65476,0,300,0,0,8,20529,65476,0,0,2621,60.0,0.0,0.0,0.0,0.0,0.0
2026-07-09T15:09:36,ERR,ERR,ERR,ERR,ERR,ERR,ERR,ERR,ERR,ERR,ERR,ERR,ERR,ERR,ERR,ERR,ERR,ERR,ERR,ERR,ERR,ERR,ERR,ERR,ERR,ERR,ERR,ERR,ERR,ERR,ERR,ERR,ERR,ERR,ERR,ERR,ERR,ERR,ERR,ERR,ERR,ERR,ERR,ERR,ERR,ERR,ERR,ERR,ERR,ERR,ERR,ERR,ERR,ERR,ERR,ERR,ERR,ERR,ERR,ERR,ERR,ERR,ERR,ERR,ERR,ERR,ERR,ERR,ERR,ERR,ERR,ERR,ERR,ERR,ERR,ERR,ERR,ERR,ERR,ERR,ERR,ERR,ERR,ERR,ERR,ERR,ERR,ERR,ERR,ERR,ERR,ERR,ERR,ERR,ERR,ERR,ERR,ERR,ERR,ERR,ERR,ERR,ERR,ERR,ERR,ERR,ERR,ERR,ERR,ERR,ERR,ERR,ERR,ERR,ERR,ERR,ERR,ERR,ERR,ERR,ERR,ERR,ERR,ERR,ERR,0.0,-107615920.0,2.7302190035406667e+23,2.718366610185338e+23,-0.0,0.0,3158800384.0,-9.359204615332668e+35,0,0,4,17396,7116,0.0,100,0.0,0.0,2.718366610185338e+23,0.0,0.0,0,0,0,0,0.0,0,0,0,0,0,0,0,0,0,0,0,0,0,0,0,0,0,0,0,0,0,0,0,0,0,0,0,0,0,0,0,0,0,31,40,40,71,65476,0,300,0,0,8,21553,0.0,-107605600.0,0.0,0.0,0.0,0.0,0.0,0.0,0.0,0.0,0.0,0.0,0.0,0.0,0.0,0.0,0.0,0.0,0.0,0.0,0.0,0.0,2.004,2.004,0.0,0.0,0.0,0.0,0.0,0.0,4656.0,-0.0,6928.0,0.0,-107615920.0,2.004,2.004,0.0,0.0,0.0,0.0,69,-0.0,0.059,0.0,0.0,0.0,0.0,0.0,0.0,0.0,0,0,0,0.0,0.0,0.0,0.0,0.0,0.0,0.0,0.0,0.0,0.0,0.0,0.0,0.0,0.0,0.0,0.0,0,-107875648.0,69,0.0,138,0.0,2.012,ERR,ERR,ERR,ERR,ERR,ERR,ERR,ERR,ERR,ERR,ERR,ERR,ERR,ERR,ERR,ERR,ERR,ERR,ERR,ERR,ERR,ERR,ERR,ERR,ERR,ERR,ERR,ERR,ERR,ERR,ERR,ERR,ERR,ERR,ERR,ERR,ERR,ERR,ERR,ERR,ERR,ERR,ERR,ERR,ERR,ERR,ERR,ERR,ERR,ERR,ERR,ERR,ERR,ERR,ERR,ERR,ERR,ERR,ERR,ERR,ERR,ERR,ERR,ERR,ERR,ERR,ERR,60.0,60.0,35,0.0,0.0,0.0,0.0,0.0,0.0,0.0,0.0,0.0,0.0,0.0,0.0,0.0,0.0,0.0,0.0,65.2,0,115,56,39,65476,0,300,0,0,8,20529,65476,0,0,2621,60.0,0.0,0.0,0.0,0.0,0.0
2026-07-09T15:09:37,ERR,ERR,ERR,ERR,ERR,ERR,ERR,ERR,ERR,ERR,ERR,ERR,ERR,ERR,ERR,ERR,ERR,ERR,ERR,ERR,ERR,ERR,ERR,ERR,ERR,ERR,ERR,ERR,ERR,ERR,ERR,ERR,ERR,ERR,ERR,ERR,ERR,ERR,ERR,ERR,ERR,ERR,ERR,ERR,ERR,ERR,ERR,ERR,ERR,ERR,ERR,ERR,ERR,ERR,ERR,ERR,ERR,ERR,ERR,ERR,ERR,ERR,ERR,ERR,ERR,ERR,ERR,ERR,ERR,ERR,ERR,ERR,ERR,ERR,ERR,ERR,ERR,ERR,ERR,ERR,ERR,ERR,ERR,ERR,ERR,ERR,ERR,ERR,ERR,ERR,ERR,ERR,ERR,ERR,ERR,ERR,ERR,ERR,ERR,ERR,ERR,ERR,ERR,ERR,ERR,ERR,ERR,ERR,ERR,ERR,ERR,ERR,ERR,ERR,ERR,ERR,ERR,ERR,ERR,ERR,ERR,ERR,ERR,ERR,ERR,-0.0,-107615920.0,0.0,-0.0,1.6781883583508306e+35,0.0,2.2219275114867085e+32,-0.0,0,0,4,17398,7116,0.0,100,0.0,0.0,0.0,0.0,0.0,0,0,0,0,0.0,0,0,0,0,0,0,0,0,0,0,0,0,0,0,0,0,0,0,0,0,0,0,0,0,0,0,0,0,0,0,0,0,0,31,40,40,71,65476,0,300,0,0,8,21553,0.0,-107605600.0,0.0,0.0,0.0,0.0,0.0,0.0,0.0,0.0,0.0,0.0,0.0,0.0,0.0,0.0,0.0,0.0,0.0,0.0,0.0,0.0,-0.0,3.697063867931689e+19,0.0,0.0,0.0,0.0,0.0,0.0,4645.0,-0.0,6935.0,-0.0,0.0,2.004,2.004,0.0,0.0,0.0,0.0,69,0.0,-0.0,0.0,0.0,0.0,0.0,0.0,0.0,0.0,0,0,0,0.0,0.0,0.0,0.0,0.0,0.0,0.0,0.0,0.0,0.0,0.0,0.0,0.0,0.0,0.0,0.0,0,-107875648.0,69,0.0,138,0.0,2.012,ERR,ERR,ERR,ERR,ERR,ERR,ERR,ERR,ERR,ERR,ERR,ERR,ERR,ERR,ERR,ERR,ERR,ERR,ERR,ERR,ERR,ERR,ERR,ERR,ERR,ERR,ERR,ERR,ERR,ERR,ERR,ERR,ERR,ERR,ERR,ERR,ERR,ERR,ERR,ERR,ERR,ERR,ERR,ERR,ERR,ERR,ERR,ERR,ERR,ERR,ERR,ERR,ERR,ERR,ERR,ERR,ERR,ERR,ERR,ERR,ERR,ERR,ERR,ERR,ERR,ERR,ERR,60.0,60.0,35,0.0,0.0,0.0,0.0,0.0,0.0,0.0,0.0,0.0,0.0,0.0,0.0,0.0,0.0,0.0,0.0,65.2,0,115,55,39,65476,0,300,0,0,8,20529,65476,0,0,2621,60.0,0.0,0.0,0.0,0.0,0.0
2026-07-09T15:09:38,ERR,ERR,ERR,ERR,ERR,ERR,ERR,ERR,ERR,ERR,ERR,ERR,ERR,ERR,ERR,ERR,ERR,ERR,ERR,ERR,ERR,ERR,ERR,ERR,ERR,ERR,ERR,ERR,ERR,ERR,ERR,ERR,ERR,ERR,ERR,ERR,ERR,ERR,ERR,ERR,ERR,ERR,ERR,ERR,ERR,ERR,ERR,ERR,ERR,ERR,ERR,ERR,ERR,ERR,ERR,ERR,ERR,ERR,ERR,ERR,ERR,ERR,ERR,ERR,ERR,ERR,ERR,ERR,ERR,ERR,ERR,ERR,ERR,ERR,ERR,ERR,ERR,ERR,ERR,ERR,ERR,ERR,ERR,ERR,ERR,ERR,ERR,ERR,ERR,ERR,ERR,ERR,ERR,ERR,ERR,ERR,ERR,ERR,ERR,ERR,ERR,ERR,ERR,ERR,ERR,ERR,ERR,ERR,ERR,ERR,ERR,ERR,ERR,ERR,ERR,ERR,ERR,ERR,ERR,ERR,ERR,ERR,ERR,ERR,ERR,-0.0,-107615920.0,0.0,-0.0,1.6781883583508306e+35,0.0,2.2219275114867085e+32,-0.0,0,0,4,17398,7116,0.0,100,0.0,0.0,0.0,0.0,0.0,0,0,0,0,0.0,0,0,0,0,0,0,0,0,0,0,0,0,0,0,0,0,0,0,0,0,0,0,0,0,0,0,0,0,0,0,0,0,0,31,40,40,71,65476,0,300,0,0,8,21553,0.0,-107605600.0,0.0,0.0,0.0,0.0,0.0,0.0,0.0,0.0,0.0,0.0,0.0,0.0,0.0,0.0,0.0,0.0,0.0,0.0,0.0,0.0,-0.0,3.697063867931689e+19,0.0,0.0,0.0,0.0,0.0,0.0,4645.0,-0.0,6935.0,-0.0,0.0,2.004,2.004,0.0,0.0,0.0,0.0,69,0.0,-0.0,0.0,0.0,0.0,0.0,0.0,0.0,0.0,0,0,0,0.0,0.0,0.0,0.0,0.0,0.0,0.0,0.0,0.0,0.0,0.0,0.0,0.0,0.0,0.0,0.0,0,-107875648.0,69,0.0,138,0.0,2.012,ERR,ERR,ERR,ERR,ERR,ERR,ERR,ERR,ERR,ERR,ERR,ERR,ERR,ERR,ERR,ERR,ERR,ERR,ERR,ERR,ERR,ERR,ERR,ERR,ERR,ERR,ERR,ERR,ERR,ERR,ERR,ERR,ERR,ERR,ERR,ERR,ERR,ERR,ERR,ERR,ERR,ERR,ERR,ERR,ERR,ERR,ERR,ERR,ERR,ERR,ERR,ERR,ERR,ERR,ERR,ERR,ERR,ERR,ERR,ERR,ERR,ERR,ERR,ERR,ERR,ERR,ERR,60.0,60.0,35,0.0,0.0,0.0,0.0,0.0,0.0,0.0,0.0,0.0,0.0,0.0,0.0,0.0,0.0,0.0,0.0,65.2,0,115,55,39,65476,0,300,0,0,8,20529,65476,0,0,2621,60.0,0.0,0.0,0.0,0.0,0.0
2026-07-09T15:09:39,ERR,ERR,ERR,ERR,ERR,ERR,ERR,ERR,ERR,ERR,ERR,ERR,ERR,ERR,ERR,ERR,ERR,ERR,ERR,ERR,ERR,ERR,ERR,ERR,ERR,ERR,ERR,ERR,ERR,ERR,ERR,ERR,ERR,ERR,ERR,ERR,ERR,ERR,ERR,ERR,ERR,ERR,ERR,ERR,ERR,ERR,ERR,ERR,ERR,ERR,ERR,ERR,ERR,ERR,ERR,ERR,ERR,ERR,ERR,ERR,ERR,ERR,ERR,ERR,ERR,ERR,ERR,ERR,ERR,ERR,ERR,ERR,ERR,ERR,ERR,ERR,ERR,ERR,ERR,ERR,ERR,ERR,ERR,ERR,ERR,ERR,ERR,ERR,ERR,ERR,ERR,ERR,ERR,ERR,ERR,ERR,ERR,ERR,ERR,ERR,ERR,ERR,ERR,ERR,ERR,ERR,ERR,ERR,ERR,ERR,ERR,ERR,ERR,ERR,ERR,ERR,ERR,ERR,ERR,ERR,ERR,ERR,ERR,ERR,ERR,-0.0,-107615920.0,0.0,-0.0,1.6781883583508306e+35,0.0,2.2219275114867085e+32,-0.0,0,0,4,17398,7116,0.0,100,0.0,0.0,0.0,0.0,0.0,0,0,0,0,0.0,0,0,0,0,0,0,0,0,0,0,0,0,0,0,0,0,0,0,0,0,0,0,0,0,0,0,0,0,0,0,0,0,0,31,40,40,71,65476,0,300,0,0,8,21553,0.0,-107605600.0,0.0,0.0,0.0,0.0,0.0,0.0,0.0,0.0,0.0,0.0,0.0,0.0,0.0,0.0,0.0,0.0,0.0,0.0,0.0,0.0,-0.0,3.697063867931689e+19,0.0,0.0,0.0,0.0,0.0,0.0,4645.0,-0.0,6935.0,-0.0,0.0,2.004,2.004,0.0,0.0,0.0,0.0,69,0.0,-0.0,0.0,0.0,0.0,0.0,0.0,0.0,0.0,0,0,0,0.0,0.0,0.0,0.0,0.0,0.0,0.0,0.0,0.0,0.0,0.0,0.0,0.0,0.0,0.0,0.0,0,-107875648.0,69,0.0,138,0.0,2.012,ERR,ERR,ERR,ERR,ERR,ERR,ERR,ERR,ERR,ERR,ERR,ERR,ERR,ERR,ERR,ERR,ERR,ERR,ERR,ERR,ERR,ERR,ERR,ERR,ERR,ERR,ERR,ERR,ERR,ERR,ERR,ERR,ERR,ERR,ERR,ERR,ERR,ERR,ERR,ERR,ERR,ERR,ERR,ERR,ERR,ERR,ERR,ERR,ERR,ERR,ERR,ERR,ERR,ERR,ERR,ERR,ERR,ERR,ERR,ERR,ERR,ERR,ERR,ERR,ERR,ERR,ERR,60.0,60.0,35,0.0,0.0,0.0,0.0,0.0,0.0,0.0,0.0,0.0,0.0,0.0,0.0,0.0,0.0,0.0,0.0,65.2,0,115,55,39,65476,0,300,0,0,8,20529,65476,0,0,2621,60.0,0.0,0.0,0.0,0.0,0.0
2026-07-09T15:09:40,ERR,ERR,ERR,ERR,ERR,ERR,ERR,ERR,ERR,ERR,ERR,ERR,ERR,ERR,ERR,ERR,ERR,ERR,ERR,ERR,ERR,ERR,ERR,ERR,ERR,ERR,ERR,ERR,ERR,ERR,ERR,ERR,ERR,ERR,ERR,ERR,ERR,ERR,ERR,ERR,ERR,ERR,ERR,ERR,ERR,ERR,ERR,ERR,ERR,ERR,ERR,ERR,ERR,ERR,ERR,ERR,ERR,ERR,ERR,ERR,ERR,ERR,ERR,ERR,ERR,ERR,ERR,ERR,ERR,ERR,ERR,ERR,ERR,ERR,ERR,ERR,ERR,ERR,ERR,ERR,ERR,ERR,ERR,ERR,ERR,ERR,ERR,ERR,ERR,ERR,ERR,ERR,ERR,ERR,ERR,ERR,ERR,ERR,ERR,ERR,ERR,ERR,ERR,ERR,ERR,ERR,ERR,ERR,ERR,ERR,ERR,ERR,ERR,ERR,ERR,ERR,ERR,ERR,ERR,ERR,ERR,ERR,ERR,ERR,ERR,-0.0,-107615920.0,0.0,-0.0,1.6781883583508306e+35,0.0,2.2219275114867085e+32,-0.0,0,0,4,17398,7116,0.0,100,0.0,0.0,0.0,0.0,0.0,0,0,0,0,0.0,0,0,0,0,0,0,0,0,0,0,0,0,0,0,0,0,0,0,0,0,0,0,0,0,0,0,0,0,0,0,0,0,0,31,40,40,71,65476,0,300,0,0,8,21553,0.0,-107605600.0,0.0,0.0,0.0,0.0,0.0,0.0,0.0,0.0,0.0,0.0,0.0,0.0,0.0,0.0,0.0,0.0,0.0,0.0,0.0,0.0,-0.0,3.697063867931689e+19,0.0,0.0,0.0,0.0,0.0,0.0,4645.0,-0.0,6935.0,-0.0,0.0,2.004,2.004,0.0,0.0,0.0,0.0,69,0.0,-0.0,0.0,0.0,0.0,0.0,0.0,0.0,0.0,0,0,0,0.0,0.0,0.0,0.0,0.0,0.0,0.0,0.0,0.0,0.0,0.0,0.0,0.0,0.0,0.0,0.0,0,-107875648.0,69,0.0,138,0.0,2.012,ERR,ERR,ERR,ERR,ERR,ERR,ERR,ERR,ERR,ERR,ERR,ERR,ERR,ERR,ERR,ERR,ERR,ERR,ERR,ERR,ERR,ERR,ERR,ERR,ERR,ERR,ERR,ERR,ERR,ERR,ERR,ERR,ERR,ERR,ERR,ERR,ERR,ERR,ERR,ERR,ERR,ERR,ERR,ERR,ERR,ERR,ERR,ERR,ERR,ERR,ERR,ERR,ERR,ERR,ERR,ERR,ERR,ERR,ERR,ERR,ERR,ERR,ERR,ERR,ERR,ERR,ERR,60.0,60.0,35,0.0,0.0,0.0,0.0,0.0,0.0,0.0,0.0,0.0,0.0,0.0,0.0,0.0,0.0,0.0,0.0,65.2,0,115,55,39,65476,0,300,0,0,8,20529,65476,0,0,2621,60.0,0.0,0.0,0.0,0.0,0.0
2026-07-09T15:09:41,ERR,ERR,ERR,ERR,ERR,ERR,ERR,ERR,ERR,ERR,ERR,ERR,ERR,ERR,ERR,ERR,ERR,ERR,ERR,ERR,ERR,ERR,ERR,ERR,ERR,ERR,ERR,ERR,ERR,ERR,ERR,ERR,ERR,ERR,ERR,ERR,ERR,ERR,ERR,ERR,ERR,ERR,ERR,ERR,ERR,ERR,ERR,ERR,ERR,ERR,ERR,ERR,ERR,ERR,ERR,ERR,ERR,ERR,ERR,ERR,ERR,ERR,ERR,ERR,ERR,ERR,ERR,ERR,ERR,ERR,ERR,ERR,ERR,ERR,ERR,ERR,ERR,ERR,ERR,ERR,ERR,ERR,ERR,ERR,ERR,ERR,ERR,ERR,ERR,ERR,ERR,ERR,ERR,ERR,ERR,ERR,ERR,ERR,ERR,ERR,ERR,ERR,ERR,ERR,ERR,ERR,ERR,ERR,ERR,ERR,ERR,ERR,ERR,ERR,ERR,ERR,ERR,ERR,ERR,ERR,ERR,ERR,ERR,ERR,ERR,-0.0,-107615920.0,0.0,-0.0,1.6781883583508306e+35,0.0,2.2219275114867085e+32,-0.0,0,0,4,17398,7116,0.0,100,0.0,0.0,0.0,0.0,0.0,0,0,0,0,0.0,0,0,0,0,0,0,0,0,0,0,0,0,0,0,0,0,0,0,0,0,0,0,0,0,0,0,0,0,0,0,0,0,0,31,40,40,71,65476,0,300,0,0,8,21553,0.0,-107605600.0,0.0,0.0,0.0,0.0,0.0,0.0,0.0,0.0,0.0,0.0,0.0,0.0,0.0,0.0,0.0,0.0,0.0,0.0,0.0,0.0,-0.0,3.697063867931689e+19,0.0,0.0,0.0,0.0,0.0,0.0,4645.0,-0.0,6935.0,-0.0,0.0,2.004,2.004,0.0,0.0,0.0,0.0,69,0.0,-0.0,0.0,0.0,0.0,0.0,0.0,0.0,0.0,0,0,0,0.0,0.0,0.0,0.0,0.0,0.0,0.0,0.0,0.0,0.0,0.0,0.0,0.0,0.0,0.0,0.0,0,-107875648.0,69,0.0,138,0.0,2.012,ERR,ERR,ERR,ERR,ERR,ERR,ERR,ERR,ERR,ERR,ERR,ERR,ERR,ERR,ERR,ERR,ERR,ERR,ERR,ERR,ERR,ERR,ERR,ERR,ERR,ERR,ERR,ERR,ERR,ERR,ERR,ERR,ERR,ERR,ERR,ERR,ERR,ERR,ERR,ERR,ERR,ERR,ERR,ERR,ERR,ERR,ERR,ERR,ERR,ERR,ERR,ERR,ERR,ERR,ERR,ERR,ERR,ERR,ERR,ERR,ERR,ERR,ERR,ERR,ERR,ERR,ERR,60.0,60.0,35,0.0,0.0,0.0,0.0,0.0,0.0,0.0,0.0,0.0,0.0,0.0,0.0,0.0,0.0,0.0,0.0,65.2,0,115,55,39,65476,0,300,0,0,8,20529,65476,0,0,2621,60.0,0.0,0.0,0.0,0.0,0.0
2026-07-09T15:09:42,ERR,ERR,ERR,ERR,ERR,ERR,ERR,ERR,ERR,ERR,ERR,ERR,ERR,ERR,ERR,ERR,ERR,ERR,ERR,ERR,ERR,ERR,ERR,ERR,ERR,ERR,ERR,ERR,ERR,ERR,ERR,ERR,ERR,ERR,ERR,ERR,ERR,ERR,ERR,ERR,ERR,ERR,ERR,ERR,ERR,ERR,ERR,ERR,ERR,ERR,ERR,ERR,ERR,ERR,ERR,ERR,ERR,ERR,ERR,ERR,ERR,ERR,ERR,ERR,ERR,ERR,ERR,ERR,ERR,ERR,ERR,ERR,ERR,ERR,ERR,ERR,ERR,ERR,ERR,ERR,ERR,ERR,ERR,ERR,ERR,ERR,ERR,ERR,ERR,ERR,ERR,ERR,ERR,ERR,ERR,ERR,ERR,ERR,ERR,ERR,ERR,ERR,ERR,ERR,ERR,ERR,ERR,ERR,ERR,ERR,ERR,ERR,ERR,ERR,ERR,ERR,ERR,ERR,ERR,ERR,ERR,ERR,ERR,ERR,ERR,0.0,0.0,2.7184130873334926e+23,-0.0,0.0,15854883840.0,-63.07,-1.1374491176915534e+35,0,0,4,17394,7116,0.0,100,0.0,0.0,-0.0,0.0,0.0,0,0,0,0,0.0,0,0,0,0,0,0,0,0,0,0,0,0,0,0,0,0,0,0,0,0,0,0,0,0,0,0,0,0,0,0,0,0,0,31,40,40,71,65476,0,300,0,0,8,21553,0.0,-107605600.0,0.0,0.0,0.0,0.0,0.0,0.0,0.0,0.0,0.0,0.0,0.0,0.0,0.0,0.0,0.0,0.0,0.0,0.0,0.0,0.0,-2.004,-0.0,0.0,0.0,0.0,0.0,0.0,0.0,4667.0,-1.0406640191229289e+34,6943.0,0.0,0.0,2.004,2.004,0.0,0.0,0.0,0.0,69,-152017666310144.0,-152017045553152.0,0.0,0.0,0.0,0.0,0.0,0.0,0.0,0,0,0,0.0,0.0,0.0,0.0,0.0,0.0,0.0,0.0,0.0,0.0,0.0,0.0,0.0,0.0,0.0,0.0,0,-107875648.0,69,0.0,138,0.0,2.012,ERR,ERR,ERR,ERR,ERR,ERR,ERR,ERR,ERR,ERR,ERR,ERR,ERR,ERR,ERR,ERR,ERR,ERR,ERR,ERR,ERR,ERR,ERR,ERR,ERR,ERR,ERR,ERR,ERR,ERR,ERR,ERR,ERR,ERR,ERR,ERR,ERR,ERR,ERR,ERR,ERR,ERR,ERR,ERR,ERR,ERR,ERR,ERR,ERR,ERR,ERR,ERR,ERR,ERR,ERR,ERR,ERR,ERR,ERR,ERR,ERR,ERR,ERR,ERR,ERR,ERR,ERR,60.0,60.0,35,0.0,0.0,0.0,0.0,0.0,0.0,0.0,0.0,0.0,0.0,0.0,0.0,0.0,0.0,0.0,0.0,65.2,0,115,55,39,65476,0,300,0,0,8,20529,65476,0,0,2621,60.0,0.0,0.0,0.0,0.0,0.0
2026-07-09T15:09:43,ERR,ERR,ERR,ERR,ERR,ERR,ERR,ERR,ERR,ERR,ERR,ERR,ERR,ERR,ERR,ERR,ERR,ERR,ERR,ERR,ERR,ERR,ERR,ERR,ERR,ERR,ERR,ERR,ERR,ERR,ERR,ERR,ERR,ERR,ERR,ERR,ERR,ERR,ERR,ERR,ERR,ERR,ERR,ERR,ERR,ERR,ERR,ERR,ERR,ERR,ERR,ERR,ERR,ERR,ERR,ERR,ERR,ERR,ERR,ERR,ERR,ERR,ERR,ERR,ERR,ERR,ERR,ERR,ERR,ERR,ERR,ERR,ERR,ERR,ERR,ERR,ERR,ERR,ERR,ERR,ERR,ERR,ERR,ERR,ERR,ERR,ERR,ERR,ERR,ERR,ERR,ERR,ERR,ERR,ERR,ERR,ERR,ERR,ERR,ERR,ERR,ERR,ERR,ERR,ERR,ERR,ERR,ERR,ERR,ERR,ERR,ERR,ERR,ERR,ERR,ERR,ERR,ERR,ERR,ERR,ERR,ERR,ERR,ERR,ERR,0.0,0.0,2.7184130873334926e+23,-0.0,0.0,15854883840.0,-63.07,-1.1374491176915534e+35,0,0,4,17394,7116,0.0,100,0.0,0.0,-0.0,0.0,0.0,0,0,0,0,0.0,0,0,0,0,0,0,0,0,0,0,0,0,0,0,0,0,0,0,0,0,0,0,0,0,0,0,0,0,0,0,0,0,0,31,40,40,71,65476,0,300,0,0,8,21553,0.0,-107605600.0,0.0,0.0,0.0,0.0,0.0,0.0,0.0,0.0,0.0,0.0,0.0,0.0,0.0,0.0,0.0,0.0,0.0,0.0,0.0,0.0,-2.004,-0.0,0.0,0.0,0.0,0.0,0.0,0.0,4667.0,-1.0406640191229289e+34,6943.0,0.0,0.0,2.004,2.004,0.0,0.0,0.0,0.0,69,-152017666310144.0,-152017045553152.0,0.0,0.0,0.0,0.0,0.0,0.0,0.0,0,0,0,0.0,0.0,0.0,0.0,0.0,0.0,0.0,0.0,0.0,0.0,0.0,0.0,0.0,0.0,0.0,0.0,0,-107875648.0,69,0.0,138,0.0,2.012,ERR,ERR,ERR,ERR,ERR,ERR,ERR,ERR,ERR,ERR,ERR,ERR,ERR,ERR,ERR,ERR,ERR,ERR,ERR,ERR,ERR,ERR,ERR,ERR,ERR,ERR,ERR,ERR,ERR,ERR,ERR,ERR,ERR,ERR,ERR,ERR,ERR,ERR,ERR,ERR,ERR,ERR,ERR,ERR,ERR,ERR,ERR,ERR,ERR,ERR,ERR,ERR,ERR,ERR,ERR,ERR,ERR,ERR,ERR,ERR,ERR,ERR,ERR,ERR,ERR,ERR,ERR,60.0,60.0,35,0.0,0.0,0.0,0.0,0.0,0.0,0.0,0.0,0.0,0.0,0.0,0.0,0.0,0.0,0.0,0.0,65.2,0,115,55,39,65476,0,300,0,0,8,20529,65476,0,0,2621,60.0,0.0,0.0,0.0,0.0,0.0
2026-07-09T15:09:44,ERR,ERR,ERR,ERR,ERR,ERR,ERR,ERR,ERR,ERR,ERR,ERR,ERR,ERR,ERR,ERR,ERR,ERR,ERR,ERR,ERR,ERR,ERR,ERR,ERR,ERR,ERR,ERR,ERR,ERR,ERR,ERR,ERR,ERR,ERR,ERR,ERR,ERR,ERR,ERR,ERR,ERR,ERR,ERR,ERR,ERR,ERR,ERR,ERR,ERR,ERR,ERR,ERR,ERR,ERR,ERR,ERR,ERR,ERR,ERR,ERR,ERR,ERR,ERR,ERR,ERR,ERR,ERR,ERR,ERR,ERR,ERR,ERR,ERR,ERR,ERR,ERR,ERR,ERR,ERR,ERR,ERR,ERR,ERR,ERR,ERR,ERR,ERR,ERR,ERR,ERR,ERR,ERR,ERR,ERR,ERR,ERR,ERR,ERR,ERR,ERR,ERR,ERR,ERR,ERR,ERR,ERR,ERR,ERR,ERR,ERR,ERR,ERR,ERR,ERR,ERR,ERR,ERR,ERR,ERR,ERR,ERR,ERR,ERR,ERR,0.0,0.0,2.7184130873334926e+23,-0.0,0.0,15854883840.0,-63.07,-1.1374491176915534e+35,0,0,4,17394,7116,0.0,100,0.0,0.0,-0.0,0.0,0.0,0,0,0,0,0.0,0,0,0,0,0,0,0,0,0,0,0,0,0,0,0,0,0,0,0,0,0,0,0,0,0,0,0,0,0,0,0,0,0,31,40,40,71,65476,0,300,0,0,8,21553,0.0,-107605600.0,0.0,0.0,0.0,0.0,0.0,0.0,0.0,0.0,0.0,0.0,0.0,0.0,0.0,0.0,0.0,0.0,0.0,0.0,0.0,0.0,-2.004,-0.0,0.0,0.0,0.0,0.0,0.0,0.0,4667.0,-1.0406640191229289e+34,6943.0,0.0,0.0,2.004,2.004,0.0,0.0,0.0,0.0,69,-152017666310144.0,-152017045553152.0,0.0,0.0,0.0,0.0,0.0,0.0,0.0,0,0,0,0.0,0.0,0.0,0.0,0.0,0.0,0.0,0.0,0.0,0.0,0.0,0.0,0.0,0.0,0.0,0.0,0,-107875648.0,69,0.0,138,0.0,2.012,ERR,ERR,ERR,ERR,ERR,ERR,ERR,ERR,ERR,ERR,ERR,ERR,ERR,ERR,ERR,ERR,ERR,ERR,ERR,ERR,ERR,ERR,ERR,ERR,ERR,ERR,ERR,ERR,ERR,ERR,ERR,ERR,ERR,ERR,ERR,ERR,ERR,ERR,ERR,ERR,ERR,ERR,ERR,ERR,ERR,ERR,ERR,ERR,ERR,ERR,ERR,ERR,ERR,ERR,ERR,ERR,ERR,ERR,ERR,ERR,ERR,ERR,ERR,ERR,ERR,ERR,ERR,60.0,60.0,35,0.0,0.0,0.0,0.0,0.0,0.0,0.0,0.0,0.0,0.0,0.0,0.0,0.0,0.0,0.0,0.0,65.2,0,115,55,39,65476,0,300,0,0,8,20529,65476,0,0,2621,60.0,0.0,0.0,0.0,0.0,0.0
2026-07-09T15:09:45,ERR,ERR,ERR,ERR,ERR,ERR,ERR,ERR,ERR,ERR,ERR,ERR,ERR,ERR,ERR,ERR,ERR,ERR,ERR,ERR,ERR,ERR,ERR,ERR,ERR,ERR,ERR,ERR,ERR,ERR,ERR,ERR,ERR,ERR,ERR,ERR,ERR,ERR,ERR,ERR,ERR,ERR,ERR,ERR,ERR,ERR,ERR,ERR,ERR,ERR,ERR,ERR,ERR,ERR,ERR,ERR,ERR,ERR,ERR,ERR,ERR,ERR,ERR,ERR,ERR,ERR,ERR,ERR,ERR,ERR,ERR,ERR,ERR,ERR,ERR,ERR,ERR,ERR,ERR,ERR,ERR,ERR,ERR,ERR,ERR,ERR,ERR,ERR,ERR,ERR,ERR,ERR,ERR,ERR,ERR,ERR,ERR,ERR,ERR,ERR,ERR,ERR,ERR,ERR,ERR,ERR,ERR,ERR,ERR,ERR,ERR,ERR,ERR,ERR,ERR,ERR,ERR,ERR,ERR,ERR,ERR,ERR,ERR,ERR,ERR,0.0,0.0,2.7184130873334926e+23,-0.0,0.0,15854883840.0,-63.07,-1.1374491176915534e+35,0,0,4,17394,7116,0.0,100,0.0,0.0,-0.0,0.0,0.0,0,0,0,0,0.0,0,0,0,0,0,0,0,0,0,0,0,0,0,0,0,0,0,0,0,0,0,0,0,0,0,0,0,0,0,0,0,0,0,31,40,40,71,65476,0,300,0,0,8,21553,0.0,-107605600.0,0.0,0.0,0.0,0.0,0.0,0.0,0.0,0.0,0.0,0.0,0.0,0.0,0.0,0.0,0.0,0.0,0.0,0.0,0.0,0.0,-2.004,-0.0,0.0,0.0,0.0,0.0,0.0,0.0,4667.0,-1.0406640191229289e+34,6943.0,0.0,0.0,2.004,2.004,0.0,0.0,0.0,0.0,69,-152017666310144.0,-152017045553152.0,0.0,0.0,0.0,0.0,0.0,0.0,0.0,0,0,0,0.0,0.0,0.0,0.0,0.0,0.0,0.0,0.0,0.0,0.0,0.0,0.0,0.0,0.0,0.0,0.0,0,-107875648.0,69,0.0,138,0.0,2.012,ERR,ERR,ERR,ERR,ERR,ERR,ERR,ERR,ERR,ERR,ERR,ERR,ERR,ERR,ERR,ERR,ERR,ERR,ERR,ERR,ERR,ERR,ERR,ERR,ERR,ERR,ERR,ERR,ERR,ERR,ERR,ERR,ERR,ERR,ERR,ERR,ERR,ERR,ERR,ERR,ERR,ERR,ERR,ERR,ERR,ERR,ERR,ERR,ERR,ERR,ERR,ERR,ERR,ERR,ERR,ERR,ERR,ERR,ERR,ERR,ERR,ERR,ERR,ERR,ERR,ERR,ERR,60.0,60.0,35,0.0,0.0,0.0,0.0,0.0,0.0,0.0,0.0,0.0,0.0,0.0,0.0,0.0,0.0,0.0,0.0,65.2,0,115,55,39,65476,0,300,0,0,8,20529,65476,0,0,2621,60.0,0.0,0.0,0.0,0.0,0.0
2026-07-09T15:09:46,ERR,ERR,ERR,ERR,ERR,ERR,ERR,ERR,ERR,ERR,ERR,ERR,ERR,ERR,ERR,ERR,ERR,ERR,ERR,ERR,ERR,ERR,ERR,ERR,ERR,ERR,ERR,ERR,ERR,ERR,ERR,ERR,ERR,ERR,ERR,ERR,ERR,ERR,ERR,ERR,ERR,ERR,ERR,ERR,ERR,ERR,ERR,ERR,ERR,ERR,ERR,ERR,ERR,ERR,ERR,ERR,ERR,ERR,ERR,ERR,ERR,ERR,ERR,ERR,ERR,ERR,ERR,ERR,ERR,ERR,ERR,ERR,ERR,ERR,ERR,ERR,ERR,ERR,ERR,ERR,ERR,ERR,ERR,ERR,ERR,ERR,ERR,ERR,ERR,ERR,ERR,ERR,ERR,ERR,ERR,ERR,ERR,ERR,ERR,ERR,ERR,ERR,ERR,ERR,ERR,ERR,ERR,ERR,ERR,ERR,ERR,ERR,ERR,ERR,ERR,ERR,ERR,ERR,ERR,ERR,ERR,ERR,ERR,ERR,ERR,0.0,0.0,2.7184130873334926e+23,-0.0,0.0,15854883840.0,-63.07,-1.1374491176915534e+35,0,0,4,17394,7116,0.0,100,0.0,0.0,-0.0,0.0,0.0,0,0,0,0,0.0,0,0,0,0,0,0,0,0,0,0,0,0,0,0,0,0,0,0,0,0,0,0,0,0,0,0,0,0,0,0,0,0,0,31,40,40,71,65476,0,300,0,0,8,21553,0.0,-107605600.0,0.0,0.0,0.0,0.0,0.0,0.0,0.0,0.0,0.0,0.0,0.0,0.0,0.0,0.0,0.0,0.0,0.0,0.0,0.0,0.0,-2.004,-0.0,0.0,0.0,0.0,0.0,0.0,0.0,4667.0,-1.0406640191229289e+34,6943.0,0.0,0.0,2.004,2.004,0.0,0.0,0.0,0.0,69,-152017666310144.0,-152017045553152.0,0.0,0.0,0.0,0.0,0.0,0.0,0.0,0,0,0,0.0,0.0,0.0,0.0,0.0,0.0,0.0,0.0,0.0,0.0,0.0,0.0,0.0,0.0,0.0,0.0,0,-107875648.0,69,0.0,138,0.0,2.012,ERR,ERR,ERR,ERR,ERR,ERR,ERR,ERR,ERR,ERR,ERR,ERR,ERR,ERR,ERR,ERR,ERR,ERR,ERR,ERR,ERR,ERR,ERR,ERR,ERR,ERR,ERR,ERR,ERR,ERR,ERR,ERR,ERR,ERR,ERR,ERR,ERR,ERR,ERR,ERR,ERR,ERR,ERR,ERR,ERR,ERR,ERR,ERR,ERR,ERR,ERR,ERR,ERR,ERR,ERR,ERR,ERR,ERR,ERR,ERR,ERR,ERR,ERR,ERR,ERR,ERR,ERR,60.0,60.0,35,0.0,0.0,0.0,0.0,0.0,0.0,0.0,0.0,0.0,0.0,0.0,0.0,0.0,0.0,0.0,0.0,65.6,0,115,55,39,65476,0,300,0,0,8,20529,65476,0,0,2621,60.0,0.0,0.0,0.0,0.0,0.0
2026-07-09T15:09:47,ERR,ERR,ERR,ERR,ERR,ERR,ERR,ERR,ERR,ERR,ERR,ERR,ERR,ERR,ERR,ERR,ERR,ERR,ERR,ERR,ERR,ERR,ERR,ERR,ERR,ERR,ERR,ERR,ERR,ERR,ERR,ERR,ERR,ERR,ERR,ERR,ERR,ERR,ERR,ERR,ERR,ERR,ERR,ERR,ERR,ERR,ERR,ERR,ERR,ERR,ERR,ERR,ERR,ERR,ERR,ERR,ERR,ERR,ERR,ERR,ERR,ERR,ERR,ERR,ERR,ERR,ERR,ERR,ERR,ERR,ERR,ERR,ERR,ERR,ERR,ERR,ERR,ERR,ERR,ERR,ERR,ERR,ERR,ERR,ERR,ERR,ERR,ERR,ERR,ERR,ERR,ERR,ERR,ERR,ERR,ERR,ERR,ERR,ERR,ERR,ERR,ERR,ERR,ERR,ERR,ERR,ERR,ERR,ERR,ERR,ERR,ERR,ERR,ERR,ERR,ERR,ERR,ERR,ERR,ERR,ERR,ERR,ERR,ERR,ERR,2.71842713856433e+23,0.0,0.0,-0.0,1.6781883583508306e+35,-0.0,0.0,0.0,0,0,4,17396,7116,0.0,100,0.0,0.0,0.0,0.0,0.0,0,0,0,0,0.0,0,0,0,0,0,0,0,0,0,0,0,0,0,0,0,0,0,0,0,0,0,0,0,0,0,0,0,0,0,0,0,0,0,31,40,40,71,65476,0,300,0,0,8,21553,0.0,-107605600.0,0.0,0.0,0.0,0.0,0.0,0.0,0.0,0.0,0.0,0.0,0.0,0.0,0.0,0.0,0.0,0.0,0.0,0.0,0.0,0.0,0.0,-0.0,0.0,0.0,0.0,0.0,0.0,0.0,4687.0,8608172032.0,6922.0,2.71842713856433e+23,2.7184431713790035e+23,2.004,2.004,0.0,0.0,0.0,0.0,69,126840725504.0,89220.461,0.0,0.0,0.0,0.0,0.0,0.0,0.0,0,0,0,0.0,0.0,0.0,0.0,0.0,0.0,0.0,0.0,0.0,0.0,0.0,0.0,0.0,0.0,0.0,0.0,0,-107875648.0,69,0.0,138,0.0,2.012,ERR,ERR,ERR,ERR,ERR,ERR,ERR,ERR,ERR,ERR,ERR,ERR,ERR,ERR,ERR,ERR,ERR,ERR,ERR,ERR,ERR,ERR,ERR,ERR,ERR,ERR,ERR,ERR,ERR,ERR,ERR,ERR,ERR,ERR,ERR,ERR,ERR,ERR,ERR,ERR,ERR,ERR,ERR,ERR,ERR,ERR,ERR,ERR,ERR,ERR,ERR,ERR,ERR,ERR,ERR,ERR,ERR,ERR,ERR,ERR,ERR,ERR,ERR,ERR,ERR,ERR,ERR,60.0,60.0,35,0.0,0.0,0.0,0.0,0.0,0.0,0.0,0.0,0.0,0.0,0.0,0.0,0.0,0.0,0.0,0.0,65.2,0,115,55,39,65476,0,300,0,0,8,20529,65476,0,0,2621,60.0,0.0,0.0,0.0,0.0,0.0
2026-07-09T15:09:48,ERR,ERR,ERR,ERR,ERR,ERR,ERR,ERR,ERR,ERR,ERR,ERR,ERR,ERR,ERR,ERR,ERR,ERR,ERR,ERR,ERR,ERR,ERR,ERR,ERR,ERR,ERR,ERR,ERR,ERR,ERR,ERR,ERR,ERR,ERR,ERR,ERR,ERR,ERR,ERR,ERR,ERR,ERR,ERR,ERR,ERR,ERR,ERR,ERR,ERR,ERR,ERR,ERR,ERR,ERR,ERR,ERR,ERR,ERR,ERR,ERR,ERR,ERR,ERR,ERR,ERR,ERR,ERR,ERR,ERR,ERR,ERR,ERR,ERR,ERR,ERR,ERR,ERR,ERR,ERR,ERR,ERR,ERR,ERR,ERR,ERR,ERR,ERR,ERR,ERR,ERR,ERR,ERR,ERR,ERR,ERR,ERR,ERR,ERR,ERR,ERR,ERR,ERR,ERR,ERR,ERR,ERR,ERR,ERR,ERR,ERR,ERR,ERR,ERR,ERR,ERR,ERR,ERR,ERR,ERR,ERR,ERR,ERR,ERR,ERR,2.71842713856433e+23,0.0,0.0,-0.0,1.6781883583508306e+35,-0.0,0.0,0.0,0,0,4,17396,7116,0.0,100,0.0,0.0,0.0,0.0,0.0,0,0,0,0,0.0,0,0,0,0,0,0,0,0,0,0,0,0,0,0,0,0,0,0,0,0,0,0,0,0,0,0,0,0,0,0,0,0,0,31,40,40,71,65476,0,300,0,0,8,21553,0.0,-107605600.0,0.0,0.0,0.0,0.0,0.0,0.0,0.0,0.0,0.0,0.0,0.0,0.0,0.0,0.0,0.0,0.0,0.0,0.0,0.0,0.0,0.0,-0.0,0.0,0.0,0.0,0.0,0.0,0.0,4687.0,8608172032.0,6922.0,2.71842713856433e+23,2.7184431713790035e+23,2.004,2.004,0.0,0.0,0.0,0.0,69,126840725504.0,89220.461,0.0,0.0,0.0,0.0,0.0,0.0,0.0,0,0,0,0.0,0.0,0.0,0.0,0.0,0.0,0.0,0.0,0.0,0.0,0.0,0.0,0.0,0.0,0.0,0.0,0,-107875648.0,69,0.0,138,0.0,2.012,ERR,ERR,ERR,ERR,ERR,ERR,ERR,ERR,ERR,ERR,ERR,ERR,ERR,ERR,ERR,ERR,ERR,ERR,ERR,ERR,ERR,ERR,ERR,ERR,ERR,ERR,ERR,ERR,ERR,ERR,ERR,ERR,ERR,ERR,ERR,ERR,ERR,ERR,ERR,ERR,ERR,ERR,ERR,ERR,ERR,ERR,ERR,ERR,ERR,ERR,ERR,ERR,ERR,ERR,ERR,ERR,ERR,ERR,ERR,ERR,ERR,ERR,ERR,ERR,ERR,ERR,ERR,60.0,60.0,35,0.0,0.0,0.0,0.0,0.0,0.0,0.0,0.0,0.0,0.0,0.0,0.0,0.0,0.0,0.0,0.0,65.2,0,115,55,39,65476,0,300,0,0,8,20529,65476,0,0,2621,60.0,0.0,0.0,0.0,0.0,0.0
2026-07-09T15:09:49,ERR,ERR,ERR,ERR,ERR,ERR,ERR,ERR,ERR,ERR,ERR,ERR,ERR,ERR,ERR,ERR,ERR,ERR,ERR,ERR,ERR,ERR,ERR,ERR,ERR,ERR,ERR,ERR,ERR,ERR,ERR,ERR,ERR,ERR,ERR,ERR,ERR,ERR,ERR,ERR,ERR,ERR,ERR,ERR,ERR,ERR,ERR,ERR,ERR,ERR,ERR,ERR,ERR,ERR,ERR,ERR,ERR,ERR,ERR,ERR,ERR,ERR,ERR,ERR,ERR,ERR,ERR,ERR,ERR,ERR,ERR,ERR,ERR,ERR,ERR,ERR,ERR,ERR,ERR,ERR,ERR,ERR,ERR,ERR,ERR,ERR,ERR,ERR,ERR,ERR,ERR,ERR,ERR,ERR,ERR,ERR,ERR,ERR,ERR,ERR,ERR,ERR,ERR,ERR,ERR,ERR,ERR,ERR,ERR,ERR,ERR,ERR,ERR,ERR,ERR,ERR,ERR,ERR,ERR,ERR,ERR,ERR,ERR,ERR,ERR,2.71842713856433e+23,0.0,0.0,-0.0,1.6781883583508306e+35,-0.0,0.0,0.0,0,0,4,17396,7116,0.0,100,0.0,0.0,0.0,0.0,0.0,0,0,0,0,0.0,0,0,0,0,0,0,0,0,0,0,0,0,0,0,0,0,0,0,0,0,0,0,0,0,0,0,0,0,0,0,0,0,0,31,40,40,71,65476,0,300,0,0,8,21553,0.0,-107605600.0,0.0,0.0,0.0,0.0,0.0,0.0,0.0,0.0,0.0,0.0,0.0,0.0,0.0,0.0,0.0,0.0,0.0,0.0,0.0,0.0,0.0,-0.0,0.0,0.0,0.0,0.0,0.0,0.0,4687.0,8608172032.0,6922.0,2.71842713856433e+23,2.7184431713790035e+23,2.004,2.004,0.0,0.0,0.0,0.0,69,126840725504.0,89220.461,0.0,0.0,0.0,0.0,0.0,0.0,0.0,0,0,0,0.0,0.0,0.0,0.0,0.0,0.0,0.0,0.0,0.0,0.0,0.0,0.0,0.0,0.0,0.0,0.0,0,-107875648.0,69,0.0,138,0.0,2.012,ERR,ERR,ERR,ERR,ERR,ERR,ERR,ERR,ERR,ERR,ERR,ERR,ERR,ERR,ERR,ERR,ERR,ERR,ERR,ERR,ERR,ERR,ERR,ERR,ERR,ERR,ERR,ERR,ERR,ERR,ERR,ERR,ERR,ERR,ERR,ERR,ERR,ERR,ERR,ERR,ERR,ERR,ERR,ERR,ERR,ERR,ERR,ERR,ERR,ERR,ERR,ERR,ERR,ERR,ERR,ERR,ERR,ERR,ERR,ERR,ERR,ERR,ERR,ERR,ERR,ERR,ERR,60.0,60.0,35,0.0,0.0,0.0,0.0,0.0,0.0,0.0,0.0,0.0,0.0,0.0,0.0,0.0,0.0,0.0,0.0,65.2,0,115,55,39,65476,0,300,0,0,8,20529,65476,0,0,2621,60.0,0.0,0.0,0.0,0.0,0.0
2026-07-09T15:09:50,ERR,ERR,ERR,ERR,ERR,ERR,ERR,ERR,ERR,ERR,ERR,ERR,ERR,ERR,ERR,ERR,ERR,ERR,ERR,ERR,ERR,ERR,ERR,ERR,ERR,ERR,ERR,ERR,ERR,ERR,ERR,ERR,ERR,ERR,ERR,ERR,ERR,ERR,ERR,ERR,ERR,ERR,ERR,ERR,ERR,ERR,ERR,ERR,ERR,ERR,ERR,ERR,ERR,ERR,ERR,ERR,ERR,ERR,ERR,ERR,ERR,ERR,ERR,ERR,ERR,ERR,ERR,ERR,ERR,ERR,ERR,ERR,ERR,ERR,ERR,ERR,ERR,ERR,ERR,ERR,ERR,ERR,ERR,ERR,ERR,ERR,ERR,ERR,ERR,ERR,ERR,ERR,ERR,ERR,ERR,ERR,ERR,ERR,ERR,ERR,ERR,ERR,ERR,ERR,ERR,ERR,ERR,ERR,ERR,ERR,ERR,ERR,ERR,ERR,ERR,ERR,ERR,ERR,ERR,ERR,ERR,ERR,ERR,ERR,ERR,2.71842713856433e+23,0.0,0.0,-0.0,1.6781883583508306e+35,-0.0,0.0,0.0,0,0,4,17396,7116,0.0,100,0.0,0.0,0.0,0.0,0.0,0,0,0,0,0.0,0,0,0,0,0,0,0,0,0,0,0,0,0,0,0,0,0,0,0,0,0,0,0,0,0,0,0,0,0,0,0,0,0,31,40,40,71,65476,0,300,0,0,8,21553,0.0,-107605600.0,0.0,0.0,0.0,0.0,0.0,0.0,0.0,0.0,0.0,0.0,0.0,0.0,0.0,0.0,0.0,0.0,0.0,0.0,0.0,0.0,0.0,-0.0,0.0,0.0,0.0,0.0,0.0,0.0,4687.0,8608172032.0,6922.0,2.71842713856433e+23,2.7184431713790035e+23,2.004,2.004,0.0,0.0,0.0,0.0,69,126840725504.0,89220.461,0.0,0.0,0.0,0.0,0.0,0.0,0.0,0,0,0,0.0,0.0,0.0,0.0,0.0,0.0,0.0,0.0,0.0,0.0,0.0,0.0,0.0,0.0,0.0,0.0,0,-107875648.0,69,0.0,138,0.0,2.012,ERR,ERR,ERR,ERR,ERR,ERR,ERR,ERR,ERR,ERR,ERR,ERR,ERR,ERR,ERR,ERR,ERR,ERR,ERR,ERR,ERR,ERR,ERR,ERR,ERR,ERR,ERR,ERR,ERR,ERR,ERR,ERR,ERR,ERR,ERR,ERR,ERR,ERR,ERR,ERR,ERR,ERR,ERR,ERR,ERR,ERR,ERR,ERR,ERR,ERR,ERR,ERR,ERR,ERR,ERR,ERR,ERR,ERR,ERR,ERR,ERR,ERR,ERR,ERR,ERR,ERR,ERR,60.0,60.0,35,0.0,0.0,0.0,0.0,0.0,0.0,0.0,0.0,0.0,0.0,0.0,0.0,0.0,0.0,0.0,0.0,65.2,0,115,55,39,65476,0,300,0,0,8,20529,65476,0,0,2621,60.0,0.0,0.0,0.0,0.0,0.0
2026-07-09T15:09:51,ERR,ERR,ERR,ERR,ERR,ERR,ERR,ERR,ERR,ERR,ERR,ERR,ERR,ERR,ERR,ERR,ERR,ERR,ERR,ERR,ERR,ERR,ERR,ERR,ERR,ERR,ERR,ERR,ERR,ERR,ERR,ERR,ERR,ERR,ERR,ERR,ERR,ERR,ERR,ERR,ERR,ERR,ERR,ERR,ERR,ERR,ERR,ERR,ERR,ERR,ERR,ERR,ERR,ERR,ERR,ERR,ERR,ERR,ERR,ERR,ERR,ERR,ERR,ERR,ERR,ERR,ERR,ERR,ERR,ERR,ERR,ERR,ERR,ERR,ERR,ERR,ERR,ERR,ERR,ERR,ERR,ERR,ERR,ERR,ERR,ERR,ERR,ERR,ERR,ERR,ERR,ERR,ERR,ERR,ERR,ERR,ERR,ERR,ERR,ERR,ERR,ERR,ERR,ERR,ERR,ERR,ERR,ERR,ERR,ERR,ERR,ERR,ERR,ERR,ERR,ERR,ERR,ERR,ERR,ERR,ERR,ERR,ERR,ERR,ERR,2.71842713856433e+23,0.0,0.0,-0.0,1.6781883583508306e+35,-0.0,0.0,0.0,0,0,4,17396,7116,0.0,100,0.0,0.0,0.0,0.0,0.0,0,0,0,0,0.0,0,0,0,0,0,0,0,0,0,0,0,0,0,0,0,0,0,0,0,0,0,0,0,0,0,0,0,0,0,0,0,0,0,31,40,40,71,65476,0,300,0,0,8,21553,0.0,-107605600.0,0.0,0.0,0.0,0.0,0.0,0.0,0.0,0.0,0.0,0.0,0.0,0.0,0.0,0.0,0.0,0.0,0.0,0.0,0.0,0.0,0.0,-0.0,0.0,0.0,0.0,0.0,0.0,0.0,4687.0,8608172032.0,6922.0,2.71842713856433e+23,2.7184431713790035e+23,2.004,2.004,0.0,0.0,0.0,0.0,69,126840725504.0,89220.461,0.0,0.0,0.0,0.0,0.0,0.0,0.0,0,0,0,0.0,0.0,0.0,0.0,0.0,0.0,0.0,0.0,0.0,0.0,0.0,0.0,0.0,0.0,0.0,0.0,0,-107875648.0,69,0.0,138,0.0,2.012,ERR,ERR,ERR,ERR,ERR,ERR,ERR,ERR,ERR,ERR,ERR,ERR,ERR,ERR,ERR,ERR,ERR,ERR,ERR,ERR,ERR,ERR,ERR,ERR,ERR,ERR,ERR,ERR,ERR,ERR,ERR,ERR,ERR,ERR,ERR,ERR,ERR,ERR,ERR,ERR,ERR,ERR,ERR,ERR,ERR,ERR,ERR,ERR,ERR,ERR,ERR,ERR,ERR,ERR,ERR,ERR,ERR,ERR,ERR,ERR,ERR,ERR,ERR,ERR,ERR,ERR,ERR,60.0,60.0,35,0.0,0.0,0.0,0.0,0.0,0.0,0.0,0.0,0.0,0.0,0.0,0.0,0.0,0.0,0.0,0.0,65.2,0,115,55,39,65476,0,300,0,0,8,20529,65476,0,0,2621,60.0,0.0,0.0,0.0,0.0,0.0
2026-07-09T15:09:52,ERR,ERR,ERR,ERR,ERR,ERR,ERR,ERR,ERR,ERR,ERR,ERR,ERR,ERR,ERR,ERR,ERR,ERR,ERR,ERR,ERR,ERR,ERR,ERR,ERR,ERR,ERR,ERR,ERR,ERR,ERR,ERR,ERR,ERR,ERR,ERR,ERR,ERR,ERR,ERR,ERR,ERR,ERR,ERR,ERR,ERR,ERR,ERR,ERR,ERR,ERR,ERR,ERR,ERR,ERR,ERR,ERR,ERR,ERR,ERR,ERR,ERR,ERR,ERR,ERR,ERR,ERR,ERR,ERR,ERR,ERR,ERR,ERR,ERR,ERR,ERR,ERR,ERR,ERR,ERR,ERR,ERR,ERR,ERR,ERR,ERR,ERR,ERR,ERR,ERR,ERR,ERR,ERR,ERR,ERR,ERR,ERR,ERR,ERR,ERR,ERR,ERR,ERR,ERR,ERR,ERR,ERR,ERR,ERR,ERR,ERR,ERR,ERR,ERR,ERR,ERR,ERR,ERR,ERR,ERR,ERR,ERR,ERR,ERR,ERR,-107615216.0,2.7184431713790035e+23,nan,0.0,-0.0,-0.0,0.0,594843441037312.0,0,0,4,17392,7116,0.0,100,0.0,0.0,0.0,0.0,0.0,0,0,0,0,0.0,0,0,0,0,0,0,0,0,0,0,0,0,0,0,0,0,0,0,0,0,0,0,0,0,0,0,0,0,0,0,0,0,0,31,40,40,71,65476,0,300,0,0,8,21553,0.0,-107605600.0,0.0,0.0,0.0,0.0,0.0,0.0,0.0,0.0,0.0,0.0,0.0,0.0,0.0,0.0,0.0,0.0,0.0,0.0,0.0,0.0,2.004,-0.0,0.0,0.0,0.0,0.0,0.0,0.0,4676.0,-0.0,6933.0,-107615216.0,2.7184431713790035e+23,2.004,2.004,0.0,0.0,0.0,0.0,69,-2.3088319216226402e+20,-0.0,0.0,0.0,0.0,0.0,0.0,0.0,0.0,0,0,0,0.0,0.0,0.0,0.0,0.0,0.0,0.0,0.0,0.0,0.0,0.0,0.0,0.0,0.0,0.0,0.0,0,-107875648.0,69,0.0,138,0.0,2.012,ERR,ERR,ERR,ERR,ERR,ERR,ERR,ERR,ERR,ERR,ERR,ERR,ERR,ERR,ERR,ERR,ERR,ERR,ERR,ERR,ERR,ERR,ERR,ERR,ERR,ERR,ERR,ERR,ERR,ERR,ERR,ERR,ERR,ERR,ERR,ERR,ERR,ERR,ERR,ERR,ERR,ERR,ERR,ERR,ERR,ERR,ERR,ERR,ERR,ERR,ERR,ERR,ERR,ERR,ERR,ERR,ERR,ERR,ERR,ERR,ERR,ERR,ERR,ERR,ERR,ERR,ERR,60.0,60.0,35,0.0,0.0,0.0,0.0,0.0,0.0,0.0,0.0,0.0,0.0,0.0,0.0,0.0,0.0,0.0,0.0,65.2,0,115,55,39,65476,0,300,0,0,8,20529,65476,0,0,2621,60.0,0.0,0.0,0.0,0.0,0.0
2026-07-09T15:09:53,ERR,ERR,ERR,ERR,ERR,ERR,ERR,ERR,ERR,ERR,ERR,ERR,ERR,ERR,ERR,ERR,ERR,ERR,ERR,ERR,ERR,ERR,ERR,ERR,ERR,ERR,ERR,ERR,ERR,ERR,ERR,ERR,ERR,ERR,ERR,ERR,ERR,ERR,ERR,ERR,ERR,ERR,ERR,ERR,ERR,ERR,ERR,ERR,ERR,ERR,ERR,ERR,ERR,ERR,ERR,ERR,ERR,ERR,ERR,ERR,ERR,ERR,ERR,ERR,ERR,ERR,ERR,ERR,ERR,ERR,ERR,ERR,ERR,ERR,ERR,ERR,ERR,ERR,ERR,ERR,ERR,ERR,ERR,ERR,ERR,ERR,ERR,ERR,ERR,ERR,ERR,ERR,ERR,ERR,ERR,ERR,ERR,ERR,ERR,ERR,ERR,ERR,ERR,ERR,ERR,ERR,ERR,ERR,ERR,ERR,ERR,ERR,ERR,ERR,ERR,ERR,ERR,ERR,ERR,ERR,ERR,ERR,ERR,ERR,ERR,-107615216.0,2.7184431713790035e+23,nan,0.0,-0.0,-0.0,0.0,594843441037312.0,0,0,4,17392,7116,0.0,100,0.0,0.0,0.0,0.0,0.0,0,0,0,0,0.0,0,0,0,0,0,0,0,0,0,0,0,0,0,0,0,0,0,0,0,0,0,0,0,0,0,0,0,0,0,0,0,0,0,31,40,40,71,65476,0,300,0,0,8,21553,0.0,-107605600.0,0.0,0.0,0.0,0.0,0.0,0.0,0.0,0.0,0.0,0.0,0.0,0.0,0.0,0.0,0.0,0.0,0.0,0.0,0.0,0.0,2.004,-0.0,0.0,0.0,0.0,0.0,0.0,0.0,4676.0,-0.0,6933.0,-107615216.0,2.7184431713790035e+23,2.004,2.004,0.0,0.0,0.0,0.0,69,-2.3088319216226402e+20,-0.0,0.0,0.0,0.0,0.0,0.0,0.0,0.0,0,0,0,0.0,0.0,0.0,0.0,0.0,0.0,0.0,0.0,0.0,0.0,0.0,0.0,0.0,0.0,0.0,0.0,0,-107875648.0,69,0.0,138,0.0,2.012,ERR,ERR,ERR,ERR,ERR,ERR,ERR,ERR,ERR,ERR,ERR,ERR,ERR,ERR,ERR,ERR,ERR,ERR,ERR,ERR,ERR,ERR,ERR,ERR,ERR,ERR,ERR,ERR,ERR,ERR,ERR,ERR,ERR,ERR,ERR,ERR,ERR,ERR,ERR,ERR,ERR,ERR,ERR,ERR,ERR,ERR,ERR,ERR,ERR,ERR,ERR,ERR,ERR,ERR,ERR,ERR,ERR,ERR,ERR,ERR,ERR,ERR,ERR,ERR,ERR,ERR,ERR,60.0,60.0,35,0.0,0.0,0.0,0.0,0.0,0.0,0.0,0.0,0.0,0.0,0.0,0.0,0.0,0.0,0.0,0.0,65.2,0,115,55,39,65476,0,300,0,0,8,20529,65476,0,0,2621,60.0,0.0,0.0,0.0,0.0,0.0
2026-07-09T15:09:54,ERR,ERR,ERR,ERR,ERR,ERR,ERR,ERR,ERR,ERR,ERR,ERR,ERR,ERR,ERR,ERR,ERR,ERR,ERR,ERR,ERR,ERR,ERR,ERR,ERR,ERR,ERR,ERR,ERR,ERR,ERR,ERR,ERR,ERR,ERR,ERR,ERR,ERR,ERR,ERR,ERR,ERR,ERR,ERR,ERR,ERR,ERR,ERR,ERR,ERR,ERR,ERR,ERR,ERR,ERR,ERR,ERR,ERR,ERR,ERR,ERR,ERR,ERR,ERR,ERR,ERR,ERR,ERR,ERR,ERR,ERR,ERR,ERR,ERR,ERR,ERR,ERR,ERR,ERR,ERR,ERR,ERR,ERR,ERR,ERR,ERR,ERR,ERR,ERR,ERR,ERR,ERR,ERR,ERR,ERR,ERR,ERR,ERR,ERR,ERR,ERR,ERR,ERR,ERR,ERR,ERR,ERR,ERR,ERR,ERR,ERR,ERR,ERR,ERR,ERR,ERR,ERR,ERR,ERR,ERR,ERR,ERR,ERR,ERR,ERR,-107615216.0,2.7184431713790035e+23,nan,0.0,-0.0,-0.0,0.0,594843441037312.0,0,0,4,17392,7116,0.0,100,0.0,0.0,0.0,0.0,0.0,0,0,0,0,0.0,0,0,0,0,0,0,0,0,0,0,0,0,0,0,0,0,0,0,0,0,0,0,0,0,0,0,0,0,0,0,0,0,0,31,40,40,71,65476,0,300,0,0,8,21553,0.0,-107605600.0,0.0,0.0,0.0,0.0,0.0,0.0,0.0,0.0,0.0,0.0,0.0,0.0,0.0,0.0,0.0,0.0,0.0,0.0,0.0,0.0,2.004,-0.0,0.0,0.0,0.0,0.0,0.0,0.0,4676.0,-0.0,6933.0,-107615216.0,2.7184431713790035e+23,2.004,2.004,0.0,0.0,0.0,0.0,69,-2.3088319216226402e+20,-0.0,0.0,0.0,0.0,0.0,0.0,0.0,0.0,0,0,0,0.0,0.0,0.0,0.0,0.0,0.0,0.0,0.0,0.0,0.0,0.0,0.0,0.0,0.0,0.0,0.0,0,-107875648.0,69,0.0,138,0.0,2.012,ERR,ERR,ERR,ERR,ERR,ERR,ERR,ERR,ERR,ERR,ERR,ERR,ERR,ERR,ERR,ERR,ERR,ERR,ERR,ERR,ERR,ERR,ERR,ERR,ERR,ERR,ERR,ERR,ERR,ERR,ERR,ERR,ERR,ERR,ERR,ERR,ERR,ERR,ERR,ERR,ERR,ERR,ERR,ERR,ERR,ERR,ERR,ERR,ERR,ERR,ERR,ERR,ERR,ERR,ERR,ERR,ERR,ERR,ERR,ERR,ERR,ERR,ERR,ERR,ERR,ERR,ERR,60.0,60.0,35,0.0,0.0,0.0,0.0,0.0,0.0,0.0,0.0,0.0,0.0,0.0,0.0,0.0,0.0,0.0,0.0,65.2,0,115,55,39,65476,0,300,0,0,8,20529,65476,0,0,2621,60.0,0.0,0.0,0.0,0.0,0.0
2026-07-09T15:09:55,ERR,ERR,ERR,ERR,ERR,ERR,ERR,ERR,ERR,ERR,ERR,ERR,ERR,ERR,ERR,ERR,ERR,ERR,ERR,ERR,ERR,ERR,ERR,ERR,ERR,ERR,ERR,ERR,ERR,ERR,ERR,ERR,ERR,ERR,ERR,ERR,ERR,ERR,ERR,ERR,ERR,ERR,ERR,ERR,ERR,ERR,ERR,ERR,ERR,ERR,ERR,ERR,ERR,ERR,ERR,ERR,ERR,ERR,ERR,ERR,ERR,ERR,ERR,ERR,ERR,ERR,ERR,ERR,ERR,ERR,ERR,ERR,ERR,ERR,ERR,ERR,ERR,ERR,ERR,ERR,ERR,ERR,ERR,ERR,ERR,ERR,ERR,ERR,ERR,ERR,ERR,ERR,ERR,ERR,ERR,ERR,ERR,ERR,ERR,ERR,ERR,ERR,ERR,ERR,ERR,ERR,ERR,ERR,ERR,ERR,ERR,ERR,ERR,ERR,ERR,ERR,ERR,ERR,ERR,ERR,ERR,ERR,ERR,ERR,ERR,-107615216.0,2.7184431713790035e+23,nan,0.0,-0.0,-0.0,0.0,594843441037312.0,0,0,4,17392,7116,0.0,100,0.0,0.0,0.0,0.0,0.0,0,0,0,0,0.0,0,0,0,0,0,0,0,0,0,0,0,0,0,0,0,0,0,0,0,0,0,0,0,0,0,0,0,0,0,0,0,0,0,31,40,40,71,65476,0,300,0,0,8,21553,0.0,-107605600.0,0.0,0.0,0.0,0.0,0.0,0.0,0.0,0.0,0.0,0.0,0.0,0.0,0.0,0.0,0.0,0.0,0.0,0.0,0.0,0.0,2.004,-0.0,0.0,0.0,0.0,0.0,0.0,0.0,4676.0,-0.0,6933.0,-107615216.0,2.7184431713790035e+23,2.004,2.004,0.0,0.0,0.0,0.0,69,-2.3088319216226402e+20,-0.0,0.0,0.0,0.0,0.0,0.0,0.0,0.0,0,0,0,0.0,0.0,0.0,0.0,0.0,0.0,0.0,0.0,0.0,0.0,0.0,0.0,0.0,0.0,0.0,0.0,0,-107875648.0,69,0.0,138,0.0,2.012,ERR,ERR,ERR,ERR,ERR,ERR,ERR,ERR,ERR,ERR,ERR,ERR,ERR,ERR,ERR,ERR,ERR,ERR,ERR,ERR,ERR,ERR,ERR,ERR,ERR,ERR,ERR,ERR,ERR,ERR,ERR,ERR,ERR,ERR,ERR,ERR,ERR,ERR,ERR,ERR,ERR,ERR,ERR,ERR,ERR,ERR,ERR,ERR,ERR,ERR,ERR,ERR,ERR,ERR,ERR,ERR,ERR,ERR,ERR,ERR,ERR,ERR,ERR,ERR,ERR,ERR,ERR,60.0,60.0,35,0.0,0.0,0.0,0.0,0.0,0.0,0.0,0.0,0.0,0.0,0.0,0.0,0.0,0.0,0.0,0.0,65.2,0,115,55,39,65476,0,300,0,0,8,20529,65476,0,0,2621,60.0,0.0,0.0,0.0,0.0,0.0
2026-07-09T15:09:56,ERR,ERR,ERR,ERR,ERR,ERR,ERR,ERR,ERR,ERR,ERR,ERR,ERR,ERR,ERR,ERR,ERR,ERR,ERR,ERR,ERR,ERR,ERR,ERR,ERR,ERR,ERR,ERR,ERR,ERR,ERR,ERR,ERR,ERR,ERR,ERR,ERR,ERR,ERR,ERR,ERR,ERR,ERR,ERR,ERR,ERR,ERR,ERR,ERR,ERR,ERR,ERR,ERR,ERR,ERR,ERR,ERR,ERR,ERR,ERR,ERR,ERR,ERR,ERR,ERR,ERR,ERR,ERR,ERR,ERR,ERR,ERR,ERR,ERR,ERR,ERR,ERR,ERR,ERR,ERR,ERR,ERR,ERR,ERR,ERR,ERR,ERR,ERR,ERR,ERR,ERR,ERR,ERR,ERR,ERR,ERR,ERR,ERR,ERR,ERR,ERR,ERR,ERR,ERR,ERR,ERR,ERR,ERR,ERR,ERR,ERR,ERR,ERR,ERR,ERR,ERR,ERR,ERR,ERR,ERR,ERR,ERR,ERR,ERR,ERR,-107615216.0,2.7184431713790035e+23,nan,0.0,-0.0,-0.0,0.0,594843441037312.0,0,0,4,17392,7116,0.0,100,0.0,0.0,0.0,0.0,0.0,0,0,0,0,0.0,0,0,0,0,0,0,0,0,0,0,0,0,0,0,0,0,0,0,0,0,0,0,0,0,0,0,0,0,0,0,0,0,0,31,40,40,71,65476,0,300,0,0,8,21553,0.0,-107605600.0,0.0,0.0,0.0,0.0,0.0,0.0,0.0,0.0,0.0,0.0,0.0,0.0,0.0,0.0,0.0,0.0,0.0,0.0,0.0,0.0,2.004,-0.0,0.0,0.0,0.0,0.0,0.0,0.0,4676.0,-0.0,6933.0,-107615216.0,2.7184431713790035e+23,2.004,2.004,0.0,0.0,0.0,0.0,69,-2.3088319216226402e+20,-0.0,0.0,0.0,0.0,0.0,0.0,0.0,0.0,0,0,0,0.0,0.0,0.0,0.0,0.0,0.0,0.0,0.0,0.0,0.0,0.0,0.0,0.0,0.0,0.0,0.0,0,-107875648.0,69,0.0,138,0.0,2.012,ERR,ERR,ERR,ERR,ERR,ERR,ERR,ERR,ERR,ERR,ERR,ERR,ERR,ERR,ERR,ERR,ERR,ERR,ERR,ERR,ERR,ERR,ERR,ERR,ERR,ERR,ERR,ERR,ERR,ERR,ERR,ERR,ERR,ERR,ERR,ERR,ERR,ERR,ERR,ERR,ERR,ERR,ERR,ERR,ERR,ERR,ERR,ERR,ERR,ERR,ERR,ERR,ERR,ERR,ERR,ERR,ERR,ERR,ERR,ERR,ERR,ERR,ERR,ERR,ERR,ERR,ERR,60.0,60.0,35,0.0,0.0,0.0,0.0,0.0,0.0,0.0,0.0,0.0,0.0,0.0,0.0,0.0,0.0,0.0,0.0,65.2,0,115,55,39,65476,0,300,0,0,8,20529,65476,0,0,2621,60.0,0.0,0.0,0.0,0.0,0.0
2026-07-09T15:09:57,ERR,ERR,ERR,ERR,ERR,ERR,ERR,ERR,ERR,ERR,ERR,ERR,ERR,ERR,ERR,ERR,ERR,ERR,ERR,ERR,ERR,ERR,ERR,ERR,ERR,ERR,ERR,ERR,ERR,ERR,ERR,ERR,ERR,ERR,ERR,ERR,ERR,ERR,ERR,ERR,ERR,ERR,ERR,ERR,ERR,ERR,ERR,ERR,ERR,ERR,ERR,ERR,ERR,ERR,ERR,ERR,ERR,ERR,ERR,ERR,ERR,ERR,ERR,ERR,ERR,ERR,ERR,ERR,ERR,ERR,ERR,ERR,ERR,ERR,ERR,ERR,ERR,ERR,ERR,ERR,ERR,ERR,ERR,ERR,ERR,ERR,ERR,ERR,ERR,ERR,ERR,ERR,ERR,ERR,ERR,ERR,ERR,ERR,ERR,ERR,ERR,ERR,ERR,ERR,ERR,ERR,ERR,ERR,ERR,ERR,ERR,ERR,ERR,ERR,ERR,ERR,ERR,ERR,ERR,ERR,ERR,ERR,ERR,ERR,ERR,-107615216.0,-0.0,2.7302190035406667e+23,0.0,-1.1644768220589588e+18,-1.871878688992133e+17,-0.0,0.0,0,0,4,17394,7116,0.0,100,0.0,0.0,0.0,0.0,0.0,0,0,0,0,0.0,0,0,0,0,0,0,0,0,0,0,0,0,0,0,0,0,0,0,0,0,0,0,0,0,0,0,0,0,0,0,0,0,0,31,40,40,71,65476,0,300,0,0,8,21553,0.0,-107605600.0,0.0,0.0,0.0,0.0,0.0,0.0,0.0,0.0,0.0,0.0,0.0,0.0,0.0,0.0,0.0,0.0,0.0,0.0,0.0,0.0,2.004,-2.004,0.0,0.0,0.0,0.0,0.0,0.0,4690.0,-131350.281,6937.0,-107615216.0,-0.0,2.004,2.004,0.0,0.0,0.0,0.0,69,0.0,-2.3088257643575247e+20,0.0,0.0,0.0,0.0,0.0,0.0,0.0,0,0,0,0.0,0.0,0.0,0.0,0.0,0.0,0.0,0.0,0.0,0.0,0.0,0.0,0.0,0.0,0.0,0.0,0,-107875648.0,69,0.0,138,0.0,2.012,ERR,ERR,ERR,ERR,ERR,ERR,ERR,ERR,ERR,ERR,ERR,ERR,ERR,ERR,ERR,ERR,ERR,ERR,ERR,ERR,ERR,ERR,ERR,ERR,ERR,ERR,ERR,ERR,ERR,ERR,ERR,ERR,ERR,ERR,ERR,ERR,ERR,ERR,ERR,ERR,ERR,ERR,ERR,ERR,ERR,ERR,ERR,ERR,ERR,ERR,ERR,ERR,ERR,ERR,ERR,ERR,ERR,ERR,ERR,ERR,ERR,ERR,ERR,ERR,ERR,ERR,ERR,60.0,60.0,35,0.0,0.0,0.0,0.0,0.0,0.0,0.0,0.0,0.0,0.0,0.0,0.0,0.0,0.0,0.0,0.0,65.2,0,115,55,39,65476,0,300,0,0,8,20529,65476,0,0,2621,60.0,0.0,0.0,0.0,0.0,0.0
2026-07-09T15:09:58,ERR,ERR,ERR,ERR,ERR,ERR,ERR,ERR,ERR,ERR,ERR,ERR,ERR,ERR,ERR,ERR,ERR,ERR,ERR,ERR,ERR,ERR,ERR,ERR,ERR,ERR,ERR,ERR,ERR,ERR,ERR,ERR,ERR,ERR,ERR,ERR,ERR,ERR,ERR,ERR,ERR,ERR,ERR,ERR,ERR,ERR,ERR,ERR,ERR,ERR,ERR,ERR,ERR,ERR,ERR,ERR,ERR,ERR,ERR,ERR,ERR,ERR,ERR,ERR,ERR,ERR,ERR,ERR,ERR,ERR,ERR,ERR,ERR,ERR,ERR,ERR,ERR,ERR,ERR,ERR,ERR,ERR,ERR,ERR,ERR,ERR,ERR,ERR,ERR,ERR,ERR,ERR,ERR,ERR,ERR,ERR,ERR,ERR,ERR,ERR,ERR,ERR,ERR,ERR,ERR,ERR,ERR,ERR,ERR,ERR,ERR,ERR,ERR,ERR,ERR,ERR,ERR,ERR,ERR,ERR,ERR,ERR,ERR,ERR,ERR,-107615216.0,-0.0,2.7302190035406667e+23,0.0,-1.1644768220589588e+18,-1.871878688992133e+17,-0.0,0.0,0,0,4,17394,7116,0.0,100,0.0,0.0,0.0,0.0,0.0,0,0,0,0,0.0,0,0,0,0,0,0,0,0,0,0,0,0,0,0,0,0,0,0,0,0,0,0,0,0,0,0,0,0,0,0,0,0,0,31,40,40,71,65476,0,300,0,0,8,21553,0.0,-107605600.0,0.0,0.0,0.0,0.0,0.0,0.0,0.0,0.0,0.0,0.0,0.0,0.0,0.0,0.0,0.0,0.0,0.0,0.0,0.0,0.0,2.004,-2.004,0.0,0.0,0.0,0.0,0.0,0.0,4690.0,-131350.281,6937.0,-107615216.0,-0.0,2.004,2.004,0.0,0.0,0.0,0.0,69,0.0,-2.3088257643575247e+20,0.0,0.0,0.0,0.0,0.0,0.0,0.0,0,0,0,0.0,0.0,0.0,0.0,0.0,0.0,0.0,0.0,0.0,0.0,0.0,0.0,0.0,0.0,0.0,0.0,0,-107875648.0,69,0.0,138,0.0,2.012,ERR,ERR,ERR,ERR,ERR,ERR,ERR,ERR,ERR,ERR,ERR,ERR,ERR,ERR,ERR,ERR,ERR,ERR,ERR,ERR,ERR,ERR,ERR,ERR,ERR,ERR,ERR,ERR,ERR,ERR,ERR,ERR,ERR,ERR,ERR,ERR,ERR,ERR,ERR,ERR,ERR,ERR,ERR,ERR,ERR,ERR,ERR,ERR,ERR,ERR,ERR,ERR,ERR,ERR,ERR,ERR,ERR,ERR,ERR,ERR,ERR,ERR,ERR,ERR,ERR,ERR,ERR,60.0,60.0,35,0.0,0.0,0.0,0.0,0.0,0.0,0.0,0.0,0.0,0.0,0.0,0.0,0.0,0.0,0.0,0.0,65.2,0,115,55,39,65476,0,300,0,0,8,20529,65476,0,0,2621,60.0,0.0,0.0,0.0,0.0,0.0
2026-07-09T15:09:59,ERR,ERR,ERR,ERR,ERR,ERR,ERR,ERR,ERR,ERR,ERR,ERR,ERR,ERR,ERR,ERR,ERR,ERR,ERR,ERR,ERR,ERR,ERR,ERR,ERR,ERR,ERR,ERR,ERR,ERR,ERR,ERR,ERR,ERR,ERR,ERR,ERR,ERR,ERR,ERR,ERR,ERR,ERR,ERR,ERR,ERR,ERR,ERR,ERR,ERR,ERR,ERR,ERR,ERR,ERR,ERR,ERR,ERR,ERR,ERR,ERR,ERR,ERR,ERR,ERR,ERR,ERR,ERR,ERR,ERR,ERR,ERR,ERR,ERR,ERR,ERR,ERR,ERR,ERR,ERR,ERR,ERR,ERR,ERR,ERR,ERR,ERR,ERR,ERR,ERR,ERR,ERR,ERR,ERR,ERR,ERR,ERR,ERR,ERR,ERR,ERR,ERR,ERR,ERR,ERR,ERR,ERR,ERR,ERR,ERR,ERR,ERR,ERR,ERR,ERR,ERR,ERR,ERR,ERR,ERR,ERR,ERR,ERR,ERR,ERR,-107615216.0,-0.0,2.7302190035406667e+23,0.0,-1.1644768220589588e+18,-1.871878688992133e+17,-0.0,0.0,0,0,4,17394,7116,0.0,100,0.0,0.0,0.0,0.0,0.0,0,0,0,0,0.0,0,0,0,0,0,0,0,0,0,0,0,0,0,0,0,0,0,0,0,0,0,0,0,0,0,0,0,0,0,0,0,0,0,31,40,40,71,65476,0,300,0,0,8,21553,0.0,-107605600.0,0.0,0.0,0.0,0.0,0.0,0.0,0.0,0.0,0.0,0.0,0.0,0.0,0.0,0.0,0.0,0.0,0.0,0.0,0.0,0.0,2.004,-2.004,0.0,0.0,0.0,0.0,0.0,0.0,4690.0,-131350.281,6937.0,-107615216.0,-0.0,2.004,2.004,0.0,0.0,0.0,0.0,69,0.0,-2.3088257643575247e+20,0.0,0.0,0.0,0.0,0.0,0.0,0.0,0,0,0,0.0,0.0,0.0,0.0,0.0,0.0,0.0,0.0,0.0,0.0,0.0,0.0,0.0,0.0,0.0,0.0,0,-107875648.0,69,0.0,138,0.0,2.012,ERR,ERR,ERR,ERR,ERR,ERR,ERR,ERR,ERR,ERR,ERR,ERR,ERR,ERR,ERR,ERR,ERR,ERR,ERR,ERR,ERR,ERR,ERR,ERR,ERR,ERR,ERR,ERR,ERR,ERR,ERR,ERR,ERR,ERR,ERR,ERR,ERR,ERR,ERR,ERR,ERR,ERR,ERR,ERR,ERR,ERR,ERR,ERR,ERR,ERR,ERR,ERR,ERR,ERR,ERR,ERR,ERR,ERR,ERR,ERR,ERR,ERR,ERR,ERR,ERR,ERR,ERR,60.0,60.0,35,0.0,0.0,0.0,0.0,0.0,0.0,0.0,0.0,0.0,0.0,0.0,0.0,0.0,0.0,0.0,0.0,65.2,0,115,55,39,65476,0,300,0,0,8,20529,65476,0,0,2621,60.0,0.0,0.0,0.0,0.0,0.0
2026-07-09T15:10:00,ERR,ERR,ERR,ERR,ERR,ERR,ERR,ERR,ERR,ERR,ERR,ERR,ERR,ERR,ERR,ERR,ERR,ERR,ERR,ERR,ERR,ERR,ERR,ERR,ERR,ERR,ERR,ERR,ERR,ERR,ERR,ERR,ERR,ERR,ERR,ERR,ERR,ERR,ERR,ERR,ERR,ERR,ERR,ERR,ERR,ERR,ERR,ERR,ERR,ERR,ERR,ERR,ERR,ERR,ERR,ERR,ERR,ERR,ERR,ERR,ERR,ERR,ERR,ERR,ERR,ERR,ERR,ERR,ERR,ERR,ERR,ERR,ERR,ERR,ERR,ERR,ERR,ERR,ERR,ERR,ERR,ERR,ERR,ERR,ERR,ERR,ERR,ERR,ERR,ERR,ERR,ERR,ERR,ERR,ERR,ERR,ERR,ERR,ERR,ERR,ERR,ERR,ERR,ERR,ERR,ERR,ERR,ERR,ERR,ERR,ERR,ERR,ERR,ERR,ERR,ERR,ERR,ERR,ERR,ERR,ERR,ERR,ERR,ERR,ERR,-107615216.0,-0.0,2.7302190035406667e+23,0.0,-1.1644768220589588e+18,-1.871878688992133e+17,-0.0,0.0,0,0,4,17394,7116,0.0,100,0.0,0.0,0.0,0.0,0.0,0,0,0,0,0.0,0,0,0,0,0,0,0,0,0,0,0,0,0,0,0,0,0,0,0,0,0,0,0,0,0,0,0,0,0,0,0,0,0,31,40,40,71,65476,0,300,0,0,8,21553,0.0,-107605600.0,0.0,0.0,0.0,0.0,0.0,0.0,0.0,0.0,0.0,0.0,0.0,0.0,0.0,0.0,0.0,0.0,0.0,0.0,0.0,0.0,2.004,-2.004,0.0,0.0,0.0,0.0,0.0,0.0,4690.0,-131350.281,6937.0,-107615216.0,-0.0,2.004,2.004,0.0,0.0,0.0,0.0,69,0.0,-2.3088257643575247e+20,0.0,0.0,0.0,0.0,0.0,0.0,0.0,0,0,0,0.0,0.0,0.0,0.0,0.0,0.0,0.0,0.0,0.0,0.0,0.0,0.0,0.0,0.0,0.0,0.0,0,-107875648.0,69,0.0,138,0.0,2.012,ERR,ERR,ERR,ERR,ERR,ERR,ERR,ERR,ERR,ERR,ERR,ERR,ERR,ERR,ERR,ERR,ERR,ERR,ERR,ERR,ERR,ERR,ERR,ERR,ERR,ERR,ERR,ERR,ERR,ERR,ERR,ERR,ERR,ERR,ERR,ERR,ERR,ERR,ERR,ERR,ERR,ERR,ERR,ERR,ERR,ERR,ERR,ERR,ERR,ERR,ERR,ERR,ERR,ERR,ERR,ERR,ERR,ERR,ERR,ERR,ERR,ERR,ERR,ERR,ERR,ERR,ERR,60.0,60.0,35,0.0,0.0,0.0,0.0,0.0,0.0,0.0,0.0,0.0,0.0,0.0,0.0,0.0,0.0,0.0,0.0,65.2,0,115,55,39,65476,0,300,0,0,8,20529,65476,0,0,2621,60.0,0.0,0.0,0.0,0.0,0.0
2026-07-09T15:10:01,ERR,ERR,ERR,ERR,ERR,ERR,ERR,ERR,ERR,ERR,ERR,ERR,ERR,ERR,ERR,ERR,ERR,ERR,ERR,ERR,ERR,ERR,ERR,ERR,ERR,ERR,ERR,ERR,ERR,ERR,ERR,ERR,ERR,ERR,ERR,ERR,ERR,ERR,ERR,ERR,ERR,ERR,ERR,ERR,ERR,ERR,ERR,ERR,ERR,ERR,ERR,ERR,ERR,ERR,ERR,ERR,ERR,ERR,ERR,ERR,ERR,ERR,ERR,ERR,ERR,ERR,ERR,ERR,ERR,ERR,ERR,ERR,ERR,ERR,ERR,ERR,ERR,ERR,ERR,ERR,ERR,ERR,ERR,ERR,ERR,ERR,ERR,ERR,ERR,ERR,ERR,ERR,ERR,ERR,ERR,ERR,ERR,ERR,ERR,ERR,ERR,ERR,ERR,ERR,ERR,ERR,ERR,ERR,ERR,ERR,ERR,ERR,ERR,ERR,ERR,ERR,ERR,ERR,ERR,ERR,ERR,ERR,ERR,ERR,ERR,-107615216.0,-0.0,2.7302190035406667e+23,0.0,-1.1644768220589588e+18,-1.871878688992133e+17,-0.0,0.0,0,0,4,17394,7116,0.0,100,0.0,0.0,0.0,0.0,0.0,0,0,0,0,0.0,0,0,0,0,0,0,0,0,0,0,0,0,0,0,0,0,0,0,0,0,0,0,0,0,0,0,0,0,0,0,0,0,0,31,40,40,71,65476,0,300,0,0,8,21553,0.0,-107605600.0,0.0,0.0,0.0,0.0,0.0,0.0,0.0,0.0,0.0,0.0,0.0,0.0,0.0,0.0,0.0,0.0,0.0,0.0,0.0,0.0,2.004,-2.004,0.0,0.0,0.0,0.0,0.0,0.0,4690.0,-131350.281,6937.0,-107615216.0,-0.0,2.004,2.004,0.0,0.0,0.0,0.0,69,0.0,-2.3088257643575247e+20,0.0,0.0,0.0,0.0,0.0,0.0,0.0,0,0,0,0.0,0.0,0.0,0.0,0.0,0.0,0.0,0.0,0.0,0.0,0.0,0.0,0.0,0.0,0.0,0.0,0,-107875648.0,69,0.0,138,0.0,2.012,ERR,ERR,ERR,ERR,ERR,ERR,ERR,ERR,ERR,ERR,ERR,ERR,ERR,ERR,ERR,ERR,ERR,ERR,ERR,ERR,ERR,ERR,ERR,ERR,ERR,ERR,ERR,ERR,ERR,ERR,ERR,ERR,ERR,ERR,ERR,ERR,ERR,ERR,ERR,ERR,ERR,ERR,ERR,ERR,ERR,ERR,ERR,ERR,ERR,ERR,ERR,ERR,ERR,ERR,ERR,ERR,ERR,ERR,ERR,ERR,ERR,ERR,ERR,ERR,ERR,ERR,ERR,60.0,60.0,35,0.0,0.0,0.0,0.0,0.0,0.0,0.0,0.0,0.0,0.0,0.0,0.0,0.0,0.0,0.0,0.0,65.2,0,115,55,39,65476,0,300,0,0,8,20529,65476,0,0,2621,60.0,0.0,0.0,0.0,0.0,0.0
2026-07-09T15:10:02,ERR,ERR,ERR,ERR,ERR,ERR,ERR,ERR,ERR,ERR,ERR,ERR,ERR,ERR,ERR,ERR,ERR,ERR,ERR,ERR,ERR,ERR,ERR,ERR,ERR,ERR,ERR,ERR,ERR,ERR,ERR,ERR,ERR,ERR,ERR,ERR,ERR,ERR,ERR,ERR,ERR,ERR,ERR,ERR,ERR,ERR,ERR,ERR,ERR,ERR,ERR,ERR,ERR,ERR,ERR,ERR,ERR,ERR,ERR,ERR,ERR,ERR,ERR,ERR,ERR,ERR,ERR,ERR,ERR,ERR,ERR,ERR,ERR,ERR,ERR,ERR,ERR,ERR,ERR,ERR,ERR,ERR,ERR,ERR,ERR,ERR,ERR,ERR,ERR,ERR,ERR,ERR,ERR,ERR,ERR,ERR,ERR,ERR,ERR,ERR,ERR,ERR,ERR,ERR,ERR,ERR,ERR,ERR,ERR,ERR,ERR,ERR,ERR,ERR,ERR,ERR,ERR,ERR,ERR,ERR,ERR,ERR,ERR,ERR,ERR,-107615216.0,-0.0,2.7302190035406667e+23,2.718366610185338e+23,-0.0,5.387214883189224e+27,-0.0,0.0,0,0,4,17395,7116,0.0,100,0.0,0.0,2.718366610185338e+23,0.0,0.0,0,0,0,0,0.0,0,0,0,0,0,0,0,0,0,0,0,0,0,0,0,0,0,0,0,0,0,0,0,0,0,0,0,0,0,0,0,0,0,31,40,40,71,65476,0,300,0,0,8,21553,0.0,-107605600.0,0.0,0.0,0.0,0.0,0.0,0.0,0.0,0.0,0.0,0.0,0.0,0.0,0.0,0.0,0.0,0.0,0.0,0.0,0.0,0.0,2.004,-2.004,0.0,0.0,0.0,0.0,0.0,0.0,4713.0,0.0,6916.0,-107615216.0,-0.0,2.004,2.004,0.0,0.0,0.0,0.0,69,-0.0,126840438784.0,0.0,0.0,0.0,0.0,0.0,0.0,0.0,0,0,0,0.0,0.0,0.0,0.0,0.0,0.0,0.0,0.0,0.0,0.0,0.0,0.0,0.0,0.0,0.0,0.0,0,-107875648.0,69,0.0,138,0.0,2.012,ERR,ERR,ERR,ERR,ERR,ERR,ERR,ERR,ERR,ERR,ERR,ERR,ERR,ERR,ERR,ERR,ERR,ERR,ERR,ERR,ERR,ERR,ERR,ERR,ERR,ERR,ERR,ERR,ERR,ERR,ERR,ERR,ERR,ERR,ERR,ERR,ERR,ERR,ERR,ERR,ERR,ERR,ERR,ERR,ERR,ERR,ERR,ERR,ERR,ERR,ERR,ERR,ERR,ERR,ERR,ERR,ERR,ERR,ERR,ERR,ERR,ERR,ERR,ERR,ERR,ERR,ERR,60.0,60.0,35,0.0,0.0,0.0,0.0,0.0,0.0,0.0,0.0,0.0,0.0,0.0,0.0,0.0,0.0,0.0,0.0,65.2,0,115,55,39,65476,0,300,0,0,8,20529,65476,0,0,2621,60.0,0.0,0.0,0.0,0.0,0.0
2026-07-09T15:10:03,ERR,ERR,ERR,ERR,ERR,ERR,ERR,ERR,ERR,ERR,ERR,ERR,ERR,ERR,ERR,ERR,ERR,ERR,ERR,ERR,ERR,ERR,ERR,ERR,ERR,ERR,ERR,ERR,ERR,ERR,ERR,ERR,ERR,ERR,ERR,ERR,ERR,ERR,ERR,ERR,ERR,ERR,ERR,ERR,ERR,ERR,ERR,ERR,ERR,ERR,ERR,ERR,ERR,ERR,ERR,ERR,ERR,ERR,ERR,ERR,ERR,ERR,ERR,ERR,ERR,ERR,ERR,ERR,ERR,ERR,ERR,ERR,ERR,ERR,ERR,ERR,ERR,ERR,ERR,ERR,ERR,ERR,ERR,ERR,ERR,ERR,ERR,ERR,ERR,ERR,ERR,ERR,ERR,ERR,ERR,ERR,ERR,ERR,ERR,ERR,ERR,ERR,ERR,ERR,ERR,ERR,ERR,ERR,ERR,ERR,ERR,ERR,ERR,ERR,ERR,ERR,ERR,ERR,ERR,ERR,ERR,ERR,ERR,ERR,ERR,-107615216.0,-0.0,2.7302190035406667e+23,2.718366610185338e+23,-0.0,5.387214883189224e+27,-0.0,0.0,0,0,4,17395,7116,0.0,100,0.0,0.0,2.718366610185338e+23,0.0,0.0,0,0,0,0,0.0,0,0,0,0,0,0,0,0,0,0,0,0,0,0,0,0,0,0,0,0,0,0,0,0,0,0,0,0,0,0,0,0,0,31,40,40,71,65476,0,300,0,0,8,21553,0.0,-107605600.0,0.0,0.0,0.0,0.0,0.0,0.0,0.0,0.0,0.0,0.0,0.0,0.0,0.0,0.0,0.0,0.0,0.0,0.0,0.0,0.0,2.004,-2.004,0.0,0.0,0.0,0.0,0.0,0.0,4713.0,0.0,6916.0,-107615216.0,-0.0,2.004,2.004,0.0,0.0,0.0,0.0,69,-0.0,126840438784.0,0.0,0.0,0.0,0.0,0.0,0.0,0.0,0,0,0,0.0,0.0,0.0,0.0,0.0,0.0,0.0,0.0,0.0,0.0,0.0,0.0,0.0,0.0,0.0,0.0,0,-107875648.0,69,0.0,138,0.0,2.012,ERR,ERR,ERR,ERR,ERR,ERR,ERR,ERR,ERR,ERR,ERR,ERR,ERR,ERR,ERR,ERR,ERR,ERR,ERR,ERR,ERR,ERR,ERR,ERR,ERR,ERR,ERR,ERR,ERR,ERR,ERR,ERR,ERR,ERR,ERR,ERR,ERR,ERR,ERR,ERR,ERR,ERR,ERR,ERR,ERR,ERR,ERR,ERR,ERR,ERR,ERR,ERR,ERR,ERR,ERR,ERR,ERR,ERR,ERR,ERR,ERR,ERR,ERR,ERR,ERR,ERR,ERR,60.0,60.0,35,0.0,0.0,0.0,0.0,0.0,0.0,0.0,0.0,0.0,0.0,0.0,0.0,0.0,0.0,0.0,0.0,65.6,0,115,55,39,65476,0,300,0,0,8,20529,65476,0,0,2621,60.0,0.0,0.0,0.0,0.0,0.0
2026-07-09T15:10:04,ERR,ERR,ERR,ERR,ERR,ERR,ERR,ERR,ERR,ERR,ERR,ERR,ERR,ERR,ERR,ERR,ERR,ERR,ERR,ERR,ERR,ERR,ERR,ERR,ERR,ERR,ERR,ERR,ERR,ERR,ERR,ERR,ERR,ERR,ERR,ERR,ERR,ERR,ERR,ERR,ERR,ERR,ERR,ERR,ERR,ERR,ERR,ERR,ERR,ERR,ERR,ERR,ERR,ERR,ERR,ERR,ERR,ERR,ERR,ERR,ERR,ERR,ERR,ERR,ERR,ERR,ERR,ERR,ERR,ERR,ERR,ERR,ERR,ERR,ERR,ERR,ERR,ERR,ERR,ERR,ERR,ERR,ERR,ERR,ERR,ERR,ERR,ERR,ERR,ERR,ERR,ERR,ERR,ERR,ERR,ERR,ERR,ERR,ERR,ERR,ERR,ERR,ERR,ERR,ERR,ERR,ERR,ERR,ERR,ERR,ERR,ERR,ERR,ERR,ERR,ERR,ERR,ERR,ERR,ERR,ERR,ERR,ERR,ERR,ERR,-107615216.0,-0.0,2.7302190035406667e+23,2.718366610185338e+23,-0.0,5.387214883189224e+27,-0.0,0.0,0,0,4,17395,7116,0.0,100,0.0,0.0,2.718366610185338e+23,0.0,0.0,0,0,0,0,0.0,0,0,0,0,0,0,0,0,0,0,0,0,0,0,0,0,0,0,0,0,0,0,0,0,0,0,0,0,0,0,0,0,0,31,40,40,71,65476,0,300,0,0,8,21553,0.0,-107605600.0,0.0,0.0,0.0,0.0,0.0,0.0,0.0,0.0,0.0,0.0,0.0,0.0,0.0,0.0,0.0,0.0,0.0,0.0,0.0,0.0,2.004,-2.004,0.0,0.0,0.0,0.0,0.0,0.0,4713.0,0.0,6916.0,-107615216.0,-0.0,2.004,2.004,0.0,0.0,0.0,0.0,69,-0.0,126840438784.0,0.0,0.0,0.0,0.0,0.0,0.0,0.0,0,0,0,0.0,0.0,0.0,0.0,0.0,0.0,0.0,0.0,0.0,0.0,0.0,0.0,0.0,0.0,0.0,0.0,0,-107875648.0,69,0.0,138,0.0,2.012,ERR,ERR,ERR,ERR,ERR,ERR,ERR,ERR,ERR,ERR,ERR,ERR,ERR,ERR,ERR,ERR,ERR,ERR,ERR,ERR,ERR,ERR,ERR,ERR,ERR,ERR,ERR,ERR,ERR,ERR,ERR,ERR,ERR,ERR,ERR,ERR,ERR,ERR,ERR,ERR,ERR,ERR,ERR,ERR,ERR,ERR,ERR,ERR,ERR,ERR,ERR,ERR,ERR,ERR,ERR,ERR,ERR,ERR,ERR,ERR,ERR,ERR,ERR,ERR,ERR,ERR,ERR,60.0,60.0,35,0.0,0.0,0.0,0.0,0.0,0.0,0.0,0.0,0.0,0.0,0.0,0.0,0.0,0.0,0.0,0.0,65.6,0,115,55,39,65476,0,300,0,0,8,20529,65476,0,0,2621,60.0,0.0,0.0,0.0,0.0,0.0
2026-07-09T15:10:05,ERR,ERR,ERR,ERR,ERR,ERR,ERR,ERR,ERR,ERR,ERR,ERR,ERR,ERR,ERR,ERR,ERR,ERR,ERR,ERR,ERR,ERR,ERR,ERR,ERR,ERR,ERR,ERR,ERR,ERR,ERR,ERR,ERR,ERR,ERR,ERR,ERR,ERR,ERR,ERR,ERR,ERR,ERR,ERR,ERR,ERR,ERR,ERR,ERR,ERR,ERR,ERR,ERR,ERR,ERR,ERR,ERR,ERR,ERR,ERR,ERR,ERR,ERR,ERR,ERR,ERR,ERR,ERR,ERR,ERR,ERR,ERR,ERR,ERR,ERR,ERR,ERR,ERR,ERR,ERR,ERR,ERR,ERR,ERR,ERR,ERR,ERR,ERR,ERR,ERR,ERR,ERR,ERR,ERR,ERR,ERR,ERR,ERR,ERR,ERR,ERR,ERR,ERR,ERR,ERR,ERR,ERR,ERR,ERR,ERR,ERR,ERR,ERR,ERR,ERR,ERR,ERR,ERR,ERR,ERR,ERR,ERR,ERR,ERR,ERR,-107615216.0,-0.0,2.7302190035406667e+23,2.718366610185338e+23,-0.0,5.387214883189224e+27,-0.0,0.0,0,0,4,17395,7116,0.0,100,0.0,0.0,2.718366610185338e+23,0.0,0.0,0,0,0,0,0.0,0,0,0,0,0,0,0,0,0,0,0,0,0,0,0,0,0,0,0,0,0,0,0,0,0,0,0,0,0,0,0,0,0,31,40,40,71,65476,0,300,0,0,8,21553,0.0,-107605600.0,0.0,0.0,0.0,0.0,0.0,0.0,0.0,0.0,0.0,0.0,0.0,0.0,0.0,0.0,0.0,0.0,0.0,0.0,0.0,0.0,2.004,-2.004,0.0,0.0,0.0,0.0,0.0,0.0,4713.0,0.0,6916.0,-107615216.0,-0.0,2.004,2.004,0.0,0.0,0.0,0.0,69,-0.0,126840438784.0,0.0,0.0,0.0,0.0,0.0,0.0,0.0,0,0,0,0.0,0.0,0.0,0.0,0.0,0.0,0.0,0.0,0.0,0.0,0.0,0.0,0.0,0.0,0.0,0.0,0,-107875648.0,69,0.0,138,0.0,2.012,ERR,ERR,ERR,ERR,ERR,ERR,ERR,ERR,ERR,ERR,ERR,ERR,ERR,ERR,ERR,ERR,ERR,ERR,ERR,ERR,ERR,ERR,ERR,ERR,ERR,ERR,ERR,ERR,ERR,ERR,ERR,ERR,ERR,ERR,ERR,ERR,ERR,ERR,ERR,ERR,ERR,ERR,ERR,ERR,ERR,ERR,ERR,ERR,ERR,ERR,ERR,ERR,ERR,ERR,ERR,ERR,ERR,ERR,ERR,ERR,ERR,ERR,ERR,ERR,ERR,ERR,ERR,60.0,60.0,35,0.0,0.0,0.0,0.0,0.0,0.0,0.0,0.0,0.0,0.0,0.0,0.0,0.0,0.0,0.0,0.0,65.6,0,115,55,39,65476,0,300,0,0,8,20529,65476,0,0,2621,60.0,0.0,0.0,0.0,0.0,0.0
2026-07-09T15:10:06,ERR,ERR,ERR,ERR,ERR,ERR,ERR,ERR,ERR,ERR,ERR,ERR,ERR,ERR,ERR,ERR,ERR,ERR,ERR,ERR,ERR,ERR,ERR,ERR,ERR,ERR,ERR,ERR,ERR,ERR,ERR,ERR,ERR,ERR,ERR,ERR,ERR,ERR,ERR,ERR,ERR,ERR,ERR,ERR,ERR,ERR,ERR,ERR,ERR,ERR,ERR,ERR,ERR,ERR,ERR,ERR,ERR,ERR,ERR,ERR,ERR,ERR,ERR,ERR,ERR,ERR,ERR,ERR,ERR,ERR,ERR,ERR,ERR,ERR,ERR,ERR,ERR,ERR,ERR,ERR,ERR,ERR,ERR,ERR,ERR,ERR,ERR,ERR,ERR,ERR,ERR,ERR,ERR,ERR,ERR,ERR,ERR,ERR,ERR,ERR,ERR,ERR,ERR,ERR,ERR,ERR,ERR,ERR,ERR,ERR,ERR,ERR,ERR,ERR,ERR,ERR,ERR,ERR,ERR,ERR,ERR,ERR,ERR,ERR,ERR,-107615216.0,-0.0,2.7302190035406667e+23,2.718366610185338e+23,-0.0,5.387214883189224e+27,-0.0,0.0,0,0,4,17395,7116,0.0,100,0.0,0.0,2.718366610185338e+23,0.0,0.0,0,0,0,0,0.0,0,0,0,0,0,0,0,0,0,0,0,0,0,0,0,0,0,0,0,0,0,0,0,0,0,0,0,0,0,0,0,0,0,31,40,40,71,65476,0,300,0,0,8,21553,0.0,-107605600.0,0.0,0.0,0.0,0.0,0.0,0.0,0.0,0.0,0.0,0.0,0.0,0.0,0.0,0.0,0.0,0.0,0.0,0.0,0.0,0.0,2.004,-2.004,0.0,0.0,0.0,0.0,0.0,0.0,4713.0,0.0,6916.0,-107615216.0,-0.0,2.004,2.004,0.0,0.0,0.0,0.0,69,-0.0,126840438784.0,0.0,0.0,0.0,0.0,0.0,0.0,0.0,0,0,0,0.0,0.0,0.0,0.0,0.0,0.0,0.0,0.0,0.0,0.0,0.0,0.0,0.0,0.0,0.0,0.0,0,-107875648.0,69,0.0,138,0.0,2.012,ERR,ERR,ERR,ERR,ERR,ERR,ERR,ERR,ERR,ERR,ERR,ERR,ERR,ERR,ERR,ERR,ERR,ERR,ERR,ERR,ERR,ERR,ERR,ERR,ERR,ERR,ERR,ERR,ERR,ERR,ERR,ERR,ERR,ERR,ERR,ERR,ERR,ERR,ERR,ERR,ERR,ERR,ERR,ERR,ERR,ERR,ERR,ERR,ERR,ERR,ERR,ERR,ERR,ERR,ERR,ERR,ERR,ERR,ERR,ERR,ERR,ERR,ERR,ERR,ERR,ERR,ERR,60.0,60.0,35,0.0,0.0,0.0,0.0,0.0,0.0,0.0,0.0,0.0,0.0,0.0,0.0,0.0,0.0,0.0,0.0,65.2,0,115,55,39,65476,0,300,0,0,8,20529,65476,0,0,2621,60.0,0.0,0.0,0.0,0.0,0.0
2026-07-09T15:10:07,ERR,ERR,ERR,ERR,ERR,ERR,ERR,ERR,ERR,ERR,ERR,ERR,ERR,ERR,ERR,ERR,ERR,ERR,ERR,ERR,ERR,ERR,ERR,ERR,ERR,ERR,ERR,ERR,ERR,ERR,ERR,ERR,ERR,ERR,ERR,ERR,ERR,ERR,ERR,ERR,ERR,ERR,ERR,ERR,ERR,ERR,ERR,ERR,ERR,ERR,ERR,ERR,ERR,ERR,ERR,ERR,ERR,ERR,ERR,ERR,ERR,ERR,ERR,ERR,ERR,ERR,ERR,ERR,ERR,ERR,ERR,ERR,ERR,ERR,ERR,ERR,ERR,ERR,ERR,ERR,ERR,ERR,ERR,ERR,ERR,ERR,ERR,ERR,ERR,ERR,ERR,ERR,ERR,ERR,ERR,ERR,ERR,ERR,ERR,ERR,ERR,ERR,ERR,ERR,ERR,ERR,ERR,ERR,ERR,ERR,ERR,ERR,ERR,ERR,ERR,ERR,ERR,ERR,ERR,ERR,ERR,ERR,ERR,ERR,ERR,-107615216.0,-107615928.0,-107614592.0,2.718366610185338e+23,0.251,-0.0,-1.0408896182208381e+33,59968.418,0,0,4,17397,7116,0.0,100,0.0,0.0,2.718366610185338e+23,0.0,0.0,0,0,0,0,0.0,0,0,0,0,0,0,0,0,0,0,0,0,0,0,0,0,0,0,0,0,0,0,0,0,0,0,0,0,0,0,0,0,0,31,40,40,71,65476,0,300,0,0,8,21553,0.0,-107605600.0,0.0,0.0,0.0,0.0,0.0,0.0,0.0,0.0,0.0,0.0,0.0,0.0,0.0,0.0,0.0,0.0,0.0,0.0,0.0,0.0,2.004,-3.697063867931689e+19,0.0,0.0,0.0,0.0,0.0,0.0,4704.0,0.0,6917.0,-107615216.0,-107615928.0,2.004,2.004,0.0,0.0,0.0,0.0,69,4.066861591590245e+29,1.9056838611828736e+17,0.0,0.0,0.0,0.0,0.0,0.0,0.0,0,0,0,0.0,0.0,0.0,0.0,0.0,0.0,0.0,0.0,0.0,0.0,0.0,0.0,0.0,0.0,0.0,0.0,0,-107875648.0,69,0.0,138,0.0,2.012,ERR,ERR,ERR,ERR,ERR,ERR,ERR,ERR,ERR,ERR,ERR,ERR,ERR,ERR,ERR,ERR,ERR,ERR,ERR,ERR,ERR,ERR,ERR,ERR,ERR,ERR,ERR,ERR,ERR,ERR,ERR,ERR,ERR,ERR,ERR,ERR,ERR,ERR,ERR,ERR,ERR,ERR,ERR,ERR,ERR,ERR,ERR,ERR,ERR,ERR,ERR,ERR,ERR,ERR,ERR,ERR,ERR,ERR,ERR,ERR,ERR,ERR,ERR,ERR,ERR,ERR,ERR,60.0,60.0,35,0.0,0.0,0.0,0.0,0.0,0.0,0.0,0.0,0.0,0.0,0.0,0.0,0.0,0.0,0.0,0.0,65.2,0,115,55,39,65476,0,300,0,0,8,20529,65476,0,0,2621,60.0,0.0,0.0,0.0,0.0,0.0
2026-07-09T15:10:08,ERR,ERR,ERR,ERR,ERR,ERR,ERR,ERR,ERR,ERR,ERR,ERR,ERR,ERR,ERR,ERR,ERR,ERR,ERR,ERR,ERR,ERR,ERR,ERR,ERR,ERR,ERR,ERR,ERR,ERR,ERR,ERR,ERR,ERR,ERR,ERR,ERR,ERR,ERR,ERR,ERR,ERR,ERR,ERR,ERR,ERR,ERR,ERR,ERR,ERR,ERR,ERR,ERR,ERR,ERR,ERR,ERR,ERR,ERR,ERR,ERR,ERR,ERR,ERR,ERR,ERR,ERR,ERR,ERR,ERR,ERR,ERR,ERR,ERR,ERR,ERR,ERR,ERR,ERR,ERR,ERR,ERR,ERR,ERR,ERR,ERR,ERR,ERR,ERR,ERR,ERR,ERR,ERR,ERR,ERR,ERR,ERR,ERR,ERR,ERR,ERR,ERR,ERR,ERR,ERR,ERR,ERR,ERR,ERR,ERR,ERR,ERR,ERR,ERR,ERR,ERR,ERR,ERR,ERR,ERR,ERR,ERR,ERR,ERR,ERR,-107615216.0,-107615928.0,-107614592.0,2.718366610185338e+23,0.251,-0.0,-1.0408896182208381e+33,59968.418,0,0,4,17397,7116,0.0,100,0.0,0.0,2.718366610185338e+23,0.0,0.0,0,0,0,0,0.0,0,0,0,0,0,0,0,0,0,0,0,0,0,0,0,0,0,0,0,0,0,0,0,0,0,0,0,0,0,0,0,0,0,31,40,40,71,65476,0,300,0,0,8,21553,0.0,-107605600.0,0.0,0.0,0.0,0.0,0.0,0.0,0.0,0.0,0.0,0.0,0.0,0.0,0.0,0.0,0.0,0.0,0.0,0.0,0.0,0.0,2.004,-3.697063867931689e+19,0.0,0.0,0.0,0.0,0.0,0.0,4704.0,0.0,6917.0,-107615216.0,-107615928.0,2.004,2.004,0.0,0.0,0.0,0.0,69,4.066861591590245e+29,1.9056838611828736e+17,0.0,0.0,0.0,0.0,0.0,0.0,0.0,0,0,0,0.0,0.0,0.0,0.0,0.0,0.0,0.0,0.0,0.0,0.0,0.0,0.0,0.0,0.0,0.0,0.0,0,-107875648.0,69,0.0,138,0.0,2.012,ERR,ERR,ERR,ERR,ERR,ERR,ERR,ERR,ERR,ERR,ERR,ERR,ERR,ERR,ERR,ERR,ERR,ERR,ERR,ERR,ERR,ERR,ERR,ERR,ERR,ERR,ERR,ERR,ERR,ERR,ERR,ERR,ERR,ERR,ERR,ERR,ERR,ERR,ERR,ERR,ERR,ERR,ERR,ERR,ERR,ERR,ERR,ERR,ERR,ERR,ERR,ERR,ERR,ERR,ERR,ERR,ERR,ERR,ERR,ERR,ERR,ERR,ERR,ERR,ERR,ERR,ERR,60.0,60.0,35,0.0,0.0,0.0,0.0,0.0,0.0,0.0,0.0,0.0,0.0,0.0,0.0,0.0,0.0,0.0,0.0,65.2,0,115,55,39,65476,0,300,0,0,8,20529,65476,0,0,2621,60.0,0.0,0.0,0.0,0.0,0.0
2026-07-09T15:10:09,ERR,ERR,ERR,ERR,ERR,ERR,ERR,ERR,ERR,ERR,ERR,ERR,ERR,ERR,ERR,ERR,ERR,ERR,ERR,ERR,ERR,ERR,ERR,ERR,ERR,ERR,ERR,ERR,ERR,ERR,ERR,ERR,ERR,ERR,ERR,ERR,ERR,ERR,ERR,ERR,ERR,ERR,ERR,ERR,ERR,ERR,ERR,ERR,ERR,ERR,ERR,ERR,ERR,ERR,ERR,ERR,ERR,ERR,ERR,ERR,ERR,ERR,ERR,ERR,ERR,ERR,ERR,ERR,ERR,ERR,ERR,ERR,ERR,ERR,ERR,ERR,ERR,ERR,ERR,ERR,ERR,ERR,ERR,ERR,ERR,ERR,ERR,ERR,ERR,ERR,ERR,ERR,ERR,ERR,ERR,ERR,ERR,ERR,ERR,ERR,ERR,ERR,ERR,ERR,ERR,ERR,ERR,ERR,ERR,ERR,ERR,ERR,ERR,ERR,ERR,ERR,ERR,ERR,ERR,ERR,ERR,ERR,ERR,ERR,ERR,-107615216.0,-107615928.0,-107614592.0,2.718366610185338e+23,0.251,-0.0,-1.0408896182208381e+33,59968.418,0,0,4,17397,7116,0.0,100,0.0,0.0,2.718366610185338e+23,0.0,0.0,0,0,0,0,0.0,0,0,0,0,0,0,0,0,0,0,0,0,0,0,0,0,0,0,0,0,0,0,0,0,0,0,0,0,0,0,0,0,0,31,40,40,71,65476,0,300,0,0,8,21553,0.0,-107605600.0,0.0,0.0,0.0,0.0,0.0,0.0,0.0,0.0,0.0,0.0,0.0,0.0,0.0,0.0,0.0,0.0,0.0,0.0,0.0,0.0,2.004,-3.697063867931689e+19,0.0,0.0,0.0,0.0,0.0,0.0,4704.0,0.0,6917.0,-107615216.0,-107615928.0,2.004,2.004,0.0,0.0,0.0,0.0,69,4.066861591590245e+29,1.9056838611828736e+17,0.0,0.0,0.0,0.0,0.0,0.0,0.0,0,0,0,0.0,0.0,0.0,0.0,0.0,0.0,0.0,0.0,0.0,0.0,0.0,0.0,0.0,0.0,0.0,0.0,0,-107875648.0,69,0.0,138,0.0,2.012,ERR,ERR,ERR,ERR,ERR,ERR,ERR,ERR,ERR,ERR,ERR,ERR,ERR,ERR,ERR,ERR,ERR,ERR,ERR,ERR,ERR,ERR,ERR,ERR,ERR,ERR,ERR,ERR,ERR,ERR,ERR,ERR,ERR,ERR,ERR,ERR,ERR,ERR,ERR,ERR,ERR,ERR,ERR,ERR,ERR,ERR,ERR,ERR,ERR,ERR,ERR,ERR,ERR,ERR,ERR,ERR,ERR,ERR,ERR,ERR,ERR,ERR,ERR,ERR,ERR,ERR,ERR,60.0,60.0,35,0.0,0.0,0.0,0.0,0.0,0.0,0.0,0.0,0.0,0.0,0.0,0.0,0.0,0.0,0.0,0.0,65.2,0,114,55,39,65476,0,300,0,0,8,20529,65476,0,0,2621,60.0,0.0,0.0,0.0,0.0,0.0
2026-07-09T15:10:10,ERR,ERR,ERR,ERR,ERR,ERR,ERR,ERR,ERR,ERR,ERR,ERR,ERR,ERR,ERR,ERR,ERR,ERR,ERR,ERR,ERR,ERR,ERR,ERR,ERR,ERR,ERR,ERR,ERR,ERR,ERR,ERR,ERR,ERR,ERR,ERR,ERR,ERR,ERR,ERR,ERR,ERR,ERR,ERR,ERR,ERR,ERR,ERR,ERR,ERR,ERR,ERR,ERR,ERR,ERR,ERR,ERR,ERR,ERR,ERR,ERR,ERR,ERR,ERR,ERR,ERR,ERR,ERR,ERR,ERR,ERR,ERR,ERR,ERR,ERR,ERR,ERR,ERR,ERR,ERR,ERR,ERR,ERR,ERR,ERR,ERR,ERR,ERR,ERR,ERR,ERR,ERR,ERR,ERR,ERR,ERR,ERR,ERR,ERR,ERR,ERR,ERR,ERR,ERR,ERR,ERR,ERR,ERR,ERR,ERR,ERR,ERR,ERR,ERR,ERR,ERR,ERR,ERR,ERR,ERR,ERR,ERR,ERR,ERR,ERR,-107615216.0,-107615928.0,-107614592.0,2.718366610185338e+23,0.251,-0.0,-1.0408896182208381e+33,59968.418,0,0,4,17397,7116,0.0,100,0.0,0.0,2.718366610185338e+23,0.0,0.0,0,0,0,0,0.0,0,0,0,0,0,0,0,0,0,0,0,0,0,0,0,0,0,0,0,0,0,0,0,0,0,0,0,0,0,0,0,0,0,31,40,40,71,65476,0,300,0,0,8,21553,0.0,-107605600.0,0.0,0.0,0.0,0.0,0.0,0.0,0.0,0.0,0.0,0.0,0.0,0.0,0.0,0.0,0.0,0.0,0.0,0.0,0.0,0.0,2.004,-3.697063867931689e+19,0.0,0.0,0.0,0.0,0.0,0.0,4704.0,0.0,6917.0,-107615216.0,-107615928.0,2.004,2.004,0.0,0.0,0.0,0.0,69,4.066861591590245e+29,1.9056838611828736e+17,0.0,0.0,0.0,0.0,0.0,0.0,0.0,0,0,0,0.0,0.0,0.0,0.0,0.0,0.0,0.0,0.0,0.0,0.0,0.0,0.0,0.0,0.0,0.0,0.0,0,-107875648.0,69,0.0,138,0.0,2.012,ERR,ERR,ERR,ERR,ERR,ERR,ERR,ERR,ERR,ERR,ERR,ERR,ERR,ERR,ERR,ERR,ERR,ERR,ERR,ERR,ERR,ERR,ERR,ERR,ERR,ERR,ERR,ERR,ERR,ERR,ERR,ERR,ERR,ERR,ERR,ERR,ERR,ERR,ERR,ERR,ERR,ERR,ERR,ERR,ERR,ERR,ERR,ERR,ERR,ERR,ERR,ERR,ERR,ERR,ERR,ERR,ERR,ERR,ERR,ERR,ERR,ERR,ERR,ERR,ERR,ERR,ERR,60.0,60.0,35,0.0,0.0,0.0,0.0,0.0,0.0,0.0,0.0,0.0,0.0,0.0,0.0,0.0,0.0,0.0,0.0,65.2,0,114,55,39,65476,0,300,0,0,8,20529,65476,0,0,2621,60.0,0.0,0.0,0.0,0.0,0.0
2026-07-09T15:10:11,ERR,ERR,ERR,ERR,ERR,ERR,ERR,ERR,ERR,ERR,ERR,ERR,ERR,ERR,ERR,ERR,ERR,ERR,ERR,ERR,ERR,ERR,ERR,ERR,ERR,ERR,ERR,ERR,ERR,ERR,ERR,ERR,ERR,ERR,ERR,ERR,ERR,ERR,ERR,ERR,ERR,ERR,ERR,ERR,ERR,ERR,ERR,ERR,ERR,ERR,ERR,ERR,ERR,ERR,ERR,ERR,ERR,ERR,ERR,ERR,ERR,ERR,ERR,ERR,ERR,ERR,ERR,ERR,ERR,ERR,ERR,ERR,ERR,ERR,ERR,ERR,ERR,ERR,ERR,ERR,ERR,ERR,ERR,ERR,ERR,ERR,ERR,ERR,ERR,ERR,ERR,ERR,ERR,ERR,ERR,ERR,ERR,ERR,ERR,ERR,ERR,ERR,ERR,ERR,ERR,ERR,ERR,ERR,ERR,ERR,ERR,ERR,ERR,ERR,ERR,ERR,ERR,ERR,ERR,ERR,ERR,ERR,ERR,ERR,ERR,-107615216.0,-107615928.0,-107614592.0,2.718366610185338e+23,0.251,-0.0,-1.0408896182208381e+33,59968.418,0,0,4,17397,7116,0.0,100,0.0,0.0,2.718366610185338e+23,0.0,0.0,0,0,0,0,0.0,0,0,0,0,0,0,0,0,0,0,0,0,0,0,0,0,0,0,0,0,0,0,0,0,0,0,0,0,0,0,0,0,0,31,40,40,71,65476,0,300,0,0,8,21553,0.0,-107605600.0,0.0,0.0,0.0,0.0,0.0,0.0,0.0,0.0,0.0,0.0,0.0,0.0,0.0,0.0,0.0,0.0,0.0,0.0,0.0,0.0,2.004,-3.697063867931689e+19,0.0,0.0,0.0,0.0,0.0,0.0,4704.0,0.0,6917.0,-107615216.0,-107615928.0,2.004,2.004,0.0,0.0,0.0,0.0,69,4.066861591590245e+29,1.9056838611828736e+17,0.0,0.0,0.0,0.0,0.0,0.0,0.0,0,0,0,0.0,0.0,0.0,0.0,0.0,0.0,0.0,0.0,0.0,0.0,0.0,0.0,0.0,0.0,0.0,0.0,0,-107875648.0,69,0.0,138,0.0,2.012,ERR,ERR,ERR,ERR,ERR,ERR,ERR,ERR,ERR,ERR,ERR,ERR,ERR,ERR,ERR,ERR,ERR,ERR,ERR,ERR,ERR,ERR,ERR,ERR,ERR,ERR,ERR,ERR,ERR,ERR,ERR,ERR,ERR,ERR,ERR,ERR,ERR,ERR,ERR,ERR,ERR,ERR,ERR,ERR,ERR,ERR,ERR,ERR,ERR,ERR,ERR,ERR,ERR,ERR,ERR,ERR,ERR,ERR,ERR,ERR,ERR,ERR,ERR,ERR,ERR,ERR,ERR,60.0,60.0,35,0.0,0.0,0.0,0.0,0.0,0.0,0.0,0.0,0.0,0.0,0.0,0.0,0.0,0.0,0.0,0.0,65.2,0,114,55,39,65476,0,300,0,0,8,20529,65476,0,0,2621,60.0,0.0,0.0,0.0,0.0,0.0
2026-07-09T15:10:12,ERR,ERR,ERR,ERR,ERR,ERR,ERR,ERR,ERR,ERR,ERR,ERR,ERR,ERR,ERR,ERR,ERR,ERR,ERR,ERR,ERR,ERR,ERR,ERR,ERR,ERR,ERR,ERR,ERR,ERR,ERR,ERR,ERR,ERR,ERR,ERR,ERR,ERR,ERR,ERR,ERR,ERR,ERR,ERR,ERR,ERR,ERR,ERR,ERR,ERR,ERR,ERR,ERR,ERR,ERR,ERR,ERR,ERR,ERR,ERR,ERR,ERR,ERR,ERR,ERR,ERR,ERR,ERR,ERR,ERR,ERR,ERR,ERR,ERR,ERR,ERR,ERR,ERR,ERR,ERR,ERR,ERR,ERR,ERR,ERR,ERR,ERR,ERR,ERR,ERR,ERR,ERR,ERR,ERR,ERR,ERR,ERR,ERR,ERR,ERR,ERR,ERR,ERR,ERR,ERR,ERR,ERR,ERR,ERR,ERR,ERR,ERR,ERR,ERR,ERR,ERR,ERR,ERR,ERR,ERR,ERR,ERR,ERR,ERR,ERR,0.0,0.0,-107614592.0,0.0,-0.0,-0.0,0.0,-0.0,0,0,4,17395,7116,0.0,100,0.0,0.0,-0.0,0.0,0.0,0,0,0,0,0.0,0,0,0,0,0,0,0,0,0,0,0,0,0,0,0,0,0,0,0,0,0,0,0,0,0,0,0,0,0,0,0,0,0,31,40,40,71,65476,0,300,0,0,8,21553,0.0,-107605600.0,0.0,0.0,0.0,0.0,0.0,0.0,0.0,0.0,0.0,0.0,0.0,0.0,0.0,0.0,0.0,0.0,0.0,0.0,0.0,0.0,-0.0,0.0,0.0,0.0,0.0,0.0,0.0,0.0,4718.0,8608173056.0,6922.0,0.0,0.0,2.004,2.004,0.0,0.0,0.0,0.0,69,-0.0,-0.0,0.0,0.0,0.0,0.0,0.0,0.0,0.0,0,0,0,0.0,0.0,0.0,0.0,0.0,0.0,0.0,0.0,0.0,0.0,0.0,0.0,0.0,0.0,0.0,0.0,0,-107875648.0,69,0.0,138,0.0,2.012,ERR,ERR,ERR,ERR,ERR,ERR,ERR,ERR,ERR,ERR,ERR,ERR,ERR,ERR,ERR,ERR,ERR,ERR,ERR,ERR,ERR,ERR,ERR,ERR,ERR,ERR,ERR,ERR,ERR,ERR,ERR,ERR,ERR,ERR,ERR,ERR,ERR,ERR,ERR,ERR,ERR,ERR,ERR,ERR,ERR,ERR,ERR,ERR,ERR,ERR,ERR,ERR,ERR,ERR,ERR,ERR,ERR,ERR,ERR,ERR,ERR,ERR,ERR,ERR,ERR,ERR,ERR,60.0,60.0,35,0.0,0.0,0.0,0.0,0.0,0.0,0.0,0.0,0.0,0.0,0.0,0.0,0.0,0.0,0.0,0.0,65.2,0,114,55,39,65476,0,300,0,0,8,20529,65476,0,0,2621,60.0,0.0,0.0,0.0,0.0,0.0
2026-07-09T15:10:13,ERR,ERR,ERR,ERR,ERR,ERR,ERR,ERR,ERR,ERR,ERR,ERR,ERR,ERR,ERR,ERR,ERR,ERR,ERR,ERR,ERR,ERR,ERR,ERR,ERR,ERR,ERR,ERR,ERR,ERR,ERR,ERR,ERR,ERR,ERR,ERR,ERR,ERR,ERR,ERR,ERR,ERR,ERR,ERR,ERR,ERR,ERR,ERR,ERR,ERR,ERR,ERR,ERR,ERR,ERR,ERR,ERR,ERR,ERR,ERR,ERR,ERR,ERR,ERR,ERR,ERR,ERR,ERR,ERR,ERR,ERR,ERR,ERR,ERR,ERR,ERR,ERR,ERR,ERR,ERR,ERR,ERR,ERR,ERR,ERR,ERR,ERR,ERR,ERR,ERR,ERR,ERR,ERR,ERR,ERR,ERR,ERR,ERR,ERR,ERR,ERR,ERR,ERR,ERR,ERR,ERR,ERR,ERR,ERR,ERR,ERR,ERR,ERR,ERR,ERR,ERR,ERR,ERR,ERR,ERR,ERR,ERR,ERR,ERR,ERR,0.0,0.0,-107614592.0,0.0,-0.0,-0.0,0.0,-0.0,0,0,4,17395,7116,0.0,100,0.0,0.0,-0.0,0.0,0.0,0,0,0,0,0.0,0,0,0,0,0,0,0,0,0,0,0,0,0,0,0,0,0,0,0,0,0,0,0,0,0,0,0,0,0,0,0,0,0,31,40,40,71,65476,0,300,0,0,8,21553,0.0,-107605600.0,0.0,0.0,0.0,0.0,0.0,0.0,0.0,0.0,0.0,0.0,0.0,0.0,0.0,0.0,0.0,0.0,0.0,0.0,0.0,0.0,-0.0,0.0,0.0,0.0,0.0,0.0,0.0,0.0,4718.0,8608173056.0,6922.0,0.0,0.0,2.004,2.004,0.0,0.0,0.0,0.0,69,-0.0,-0.0,0.0,0.0,0.0,0.0,0.0,0.0,0.0,0,0,0,0.0,0.0,0.0,0.0,0.0,0.0,0.0,0.0,0.0,0.0,0.0,0.0,0.0,0.0,0.0,0.0,0,-107875648.0,69,0.0,138,0.0,2.012,ERR,ERR,ERR,ERR,ERR,ERR,ERR,ERR,ERR,ERR,ERR,ERR,ERR,ERR,ERR,ERR,ERR,ERR,ERR,ERR,ERR,ERR,ERR,ERR,ERR,ERR,ERR,ERR,ERR,ERR,ERR,ERR,ERR,ERR,ERR,ERR,ERR,ERR,ERR,ERR,ERR,ERR,ERR,ERR,ERR,ERR,ERR,ERR,ERR,ERR,ERR,ERR,ERR,ERR,ERR,ERR,ERR,ERR,ERR,ERR,ERR,ERR,ERR,ERR,ERR,ERR,ERR,60.0,60.0,35,0.0,0.0,0.0,0.0,0.0,0.0,0.0,0.0,0.0,0.0,0.0,0.0,0.0,0.0,0.0,0.0,65.2,0,114,55,39,65476,0,300,0,0,8,20529,65476,0,0,2621,60.0,0.0,0.0,0.0,0.0,0.0
2026-07-09T15:10:14,ERR,ERR,ERR,ERR,ERR,ERR,ERR,ERR,ERR,ERR,ERR,ERR,ERR,ERR,ERR,ERR,ERR,ERR,ERR,ERR,ERR,ERR,ERR,ERR,ERR,ERR,ERR,ERR,ERR,ERR,ERR,ERR,ERR,ERR,ERR,ERR,ERR,ERR,ERR,ERR,ERR,ERR,ERR,ERR,ERR,ERR,ERR,ERR,ERR,ERR,ERR,ERR,ERR,ERR,ERR,ERR,ERR,ERR,ERR,ERR,ERR,ERR,ERR,ERR,ERR,ERR,ERR,ERR,ERR,ERR,ERR,ERR,ERR,ERR,ERR,ERR,ERR,ERR,ERR,ERR,ERR,ERR,ERR,ERR,ERR,ERR,ERR,ERR,ERR,ERR,ERR,ERR,ERR,ERR,ERR,ERR,ERR,ERR,ERR,ERR,ERR,ERR,ERR,ERR,ERR,ERR,ERR,ERR,ERR,ERR,ERR,ERR,ERR,ERR,ERR,ERR,ERR,ERR,ERR,ERR,ERR,ERR,ERR,ERR,ERR,0.0,0.0,-107614592.0,0.0,-0.0,-0.0,0.0,-0.0,0,0,4,17395,7116,0.0,100,0.0,0.0,-0.0,0.0,0.0,0,0,0,0,0.0,0,0,0,0,0,0,0,0,0,0,0,0,0,0,0,0,0,0,0,0,0,0,0,0,0,0,0,0,0,0,0,0,0,31,40,40,71,65476,0,300,0,0,8,21553,0.0,-107605600.0,0.0,0.0,0.0,0.0,0.0,0.0,0.0,0.0,0.0,0.0,0.0,0.0,0.0,0.0,0.0,0.0,0.0,0.0,0.0,0.0,-0.0,0.0,0.0,0.0,0.0,0.0,0.0,0.0,4718.0,8608173056.0,6922.0,0.0,0.0,2.004,2.004,0.0,0.0,0.0,0.0,69,-0.0,-0.0,0.0,0.0,0.0,0.0,0.0,0.0,0.0,0,0,0,0.0,0.0,0.0,0.0,0.0,0.0,0.0,0.0,0.0,0.0,0.0,0.0,0.0,0.0,0.0,0.0,0,-107875648.0,69,0.0,138,0.0,2.012,ERR,ERR,ERR,ERR,ERR,ERR,ERR,ERR,ERR,ERR,ERR,ERR,ERR,ERR,ERR,ERR,ERR,ERR,ERR,ERR,ERR,ERR,ERR,ERR,ERR,ERR,ERR,ERR,ERR,ERR,ERR,ERR,ERR,ERR,ERR,ERR,ERR,ERR,ERR,ERR,ERR,ERR,ERR,ERR,ERR,ERR,ERR,ERR,ERR,ERR,ERR,ERR,ERR,ERR,ERR,ERR,ERR,ERR,ERR,ERR,ERR,ERR,ERR,ERR,ERR,ERR,ERR,60.0,60.0,35,0.0,0.0,0.0,0.0,0.0,0.0,0.0,0.0,0.0,0.0,0.0,0.0,0.0,0.0,0.0,0.0,65.2,0,114,55,39,65476,0,300,0,0,8,20529,65476,0,0,2621,60.0,0.0,0.0,0.0,0.0,0.0
2026-07-09T15:10:15,ERR,ERR,ERR,ERR,ERR,ERR,ERR,ERR,ERR,ERR,ERR,ERR,ERR,ERR,ERR,ERR,ERR,ERR,ERR,ERR,ERR,ERR,ERR,ERR,ERR,ERR,ERR,ERR,ERR,ERR,ERR,ERR,ERR,ERR,ERR,ERR,ERR,ERR,ERR,ERR,ERR,ERR,ERR,ERR,ERR,ERR,ERR,ERR,ERR,ERR,ERR,ERR,ERR,ERR,ERR,ERR,ERR,ERR,ERR,ERR,ERR,ERR,ERR,ERR,ERR,ERR,ERR,ERR,ERR,ERR,ERR,ERR,ERR,ERR,ERR,ERR,ERR,ERR,ERR,ERR,ERR,ERR,ERR,ERR,ERR,ERR,ERR,ERR,ERR,ERR,ERR,ERR,ERR,ERR,ERR,ERR,ERR,ERR,ERR,ERR,ERR,ERR,ERR,ERR,ERR,ERR,ERR,ERR,ERR,ERR,ERR,ERR,ERR,ERR,ERR,ERR,ERR,ERR,ERR,ERR,ERR,ERR,ERR,ERR,ERR,0.0,0.0,-107614592.0,0.0,-0.0,-0.0,0.0,-0.0,0,0,4,17395,7116,0.0,100,0.0,0.0,-0.0,0.0,0.0,0,0,0,0,0.0,0,0,0,0,0,0,0,0,0,0,0,0,0,0,0,0,0,0,0,0,0,0,0,0,0,0,0,0,0,0,0,0,0,31,40,40,71,65476,0,300,0,0,8,21553,0.0,-107605600.0,0.0,0.0,0.0,0.0,0.0,0.0,0.0,0.0,0.0,0.0,0.0,0.0,0.0,0.0,0.0,0.0,0.0,0.0,0.0,0.0,-0.0,0.0,0.0,0.0,0.0,0.0,0.0,0.0,4718.0,8608173056.0,6922.0,0.0,0.0,2.004,2.004,0.0,0.0,0.0,0.0,69,-0.0,-0.0,0.0,0.0,0.0,0.0,0.0,0.0,0.0,0,0,0,0.0,0.0,0.0,0.0,0.0,0.0,0.0,0.0,0.0,0.0,0.0,0.0,0.0,0.0,0.0,0.0,0,-107875648.0,69,0.0,138,0.0,2.012,ERR,ERR,ERR,ERR,ERR,ERR,ERR,ERR,ERR,ERR,ERR,ERR,ERR,ERR,ERR,ERR,ERR,ERR,ERR,ERR,ERR,ERR,ERR,ERR,ERR,ERR,ERR,ERR,ERR,ERR,ERR,ERR,ERR,ERR,ERR,ERR,ERR,ERR,ERR,ERR,ERR,ERR,ERR,ERR,ERR,ERR,ERR,ERR,ERR,ERR,ERR,ERR,ERR,ERR,ERR,ERR,ERR,ERR,ERR,ERR,ERR,ERR,ERR,ERR,ERR,ERR,ERR,60.0,60.0,35,0.0,0.0,0.0,0.0,0.0,0.0,0.0,0.0,0.0,0.0,0.0,0.0,0.0,0.0,0.0,0.0,65.2,0,114,55,39,65476,0,300,0,0,8,20529,65476,0,0,2621,60.0,0.0,0.0,0.0,0.0,0.0
2026-07-09T15:10:16,ERR,ERR,ERR,ERR,ERR,ERR,ERR,ERR,ERR,ERR,ERR,ERR,ERR,ERR,ERR,ERR,ERR,ERR,ERR,ERR,ERR,ERR,ERR,ERR,ERR,ERR,ERR,ERR,ERR,ERR,ERR,ERR,ERR,ERR,ERR,ERR,ERR,ERR,ERR,ERR,ERR,ERR,ERR,ERR,ERR,ERR,ERR,ERR,ERR,ERR,ERR,ERR,ERR,ERR,ERR,ERR,ERR,ERR,ERR,ERR,ERR,ERR,ERR,ERR,ERR,ERR,ERR,ERR,ERR,ERR,ERR,ERR,ERR,ERR,ERR,ERR,ERR,ERR,ERR,ERR,ERR,ERR,ERR,ERR,ERR,ERR,ERR,ERR,ERR,ERR,ERR,ERR,ERR,ERR,ERR,ERR,ERR,ERR,ERR,ERR,ERR,ERR,ERR,ERR,ERR,ERR,ERR,ERR,ERR,ERR,ERR,ERR,ERR,ERR,ERR,ERR,ERR,ERR,ERR,ERR,ERR,ERR,ERR,ERR,ERR,0.0,0.0,-107614592.0,0.0,-0.0,-0.0,0.0,-0.0,0,0,4,17395,7116,0.0,100,0.0,0.0,-0.0,0.0,0.0,0,0,0,0,0.0,0,0,0,0,0,0,0,0,0,0,0,0,0,0,0,0,0,0,0,0,0,0,0,0,0,0,0,0,0,0,0,0,0,31,40,40,71,65476,0,300,0,0,8,21553,0.0,-107605600.0,0.0,0.0,0.0,0.0,0.0,0.0,0.0,0.0,0.0,0.0,0.0,0.0,0.0,0.0,0.0,0.0,0.0,0.0,0.0,0.0,-0.0,0.0,0.0,0.0,0.0,0.0,0.0,0.0,4718.0,8608173056.0,6922.0,0.0,0.0,2.004,2.004,0.0,0.0,0.0,0.0,69,-0.0,-0.0,0.0,0.0,0.0,0.0,0.0,0.0,0.0,0,0,0,0.0,0.0,0.0,0.0,0.0,0.0,0.0,0.0,0.0,0.0,0.0,0.0,0.0,0.0,0.0,0.0,0,-107875648.0,69,0.0,138,0.0,2.012,ERR,ERR,ERR,ERR,ERR,ERR,ERR,ERR,ERR,ERR,ERR,ERR,ERR,ERR,ERR,ERR,ERR,ERR,ERR,ERR,ERR,ERR,ERR,ERR,ERR,ERR,ERR,ERR,ERR,ERR,ERR,ERR,ERR,ERR,ERR,ERR,ERR,ERR,ERR,ERR,ERR,ERR,ERR,ERR,ERR,ERR,ERR,ERR,ERR,ERR,ERR,ERR,ERR,ERR,ERR,ERR,ERR,ERR,ERR,ERR,ERR,ERR,ERR,ERR,ERR,ERR,ERR,60.0,60.0,35,0.0,0.0,0.0,0.0,0.0,0.0,0.0,0.0,0.0,0.0,0.0,0.0,0.0,0.0,0.0,0.0,65.2,0,114,55,39,65476,0,300,0,0,8,20529,65476,0,0,2621,60.0,0.0,0.0,0.0,0.0,0.0
2026-07-09T15:10:17,ERR,ERR,ERR,ERR,ERR,ERR,ERR,ERR,ERR,ERR,ERR,ERR,ERR,ERR,ERR,ERR,ERR,ERR,ERR,ERR,ERR,ERR,ERR,ERR,ERR,ERR,ERR,ERR,ERR,ERR,ERR,ERR,ERR,ERR,ERR,ERR,ERR,ERR,ERR,ERR,ERR,ERR,ERR,ERR,ERR,ERR,ERR,ERR,ERR,ERR,ERR,ERR,ERR,ERR,ERR,ERR,ERR,ERR,ERR,ERR,ERR,ERR,ERR,ERR,ERR,ERR,ERR,ERR,ERR,ERR,ERR,ERR,ERR,ERR,ERR,ERR,ERR,ERR,ERR,ERR,ERR,ERR,ERR,ERR,ERR,ERR,ERR,ERR,ERR,ERR,ERR,ERR,ERR,ERR,ERR,ERR,ERR,ERR,ERR,ERR,ERR,ERR,ERR,ERR,ERR,ERR,ERR,ERR,ERR,ERR,ERR,ERR,ERR,ERR,ERR,ERR,ERR,ERR,ERR,ERR,ERR,ERR,ERR,ERR,ERR,0.0,0.0,0.0,0.0,-3.1761310923272844e+29,0.0,4.812595889685216e+33,0.0,0,0,4,17395,7116,0.0,100,0.0,0.0,0.0,0.0,0.0,0,0,0,0,0.0,0,0,0,0,0,0,0,0,0,0,0,0,0,0,0,0,0,0,0,0,0,0,0,0,0,0,0,0,0,0,0,0,0,31,40,40,71,65476,0,300,0,0,8,21553,0.0,-107605600.0,0.0,0.0,0.0,0.0,0.0,0.0,0.0,0.0,0.0,0.0,0.0,0.0,0.0,0.0,0.0,0.0,0.0,0.0,0.0,0.0,-0.0,0.0,0.0,0.0,0.0,0.0,0.0,0.0,4715.0,1.5879276530623424e+29,6926.0,0.0,0.0,2.004,2.004,0.0,0.0,0.0,0.0,69,-0.0,-0.0,0.0,0.0,0.0,0.0,0.0,0.0,0.0,0,0,0,0.0,0.0,0.0,0.0,0.0,0.0,0.0,0.0,0.0,0.0,0.0,0.0,0.0,0.0,0.0,0.0,0,-107875648.0,69,0.0,138,0.0,2.012,ERR,ERR,ERR,ERR,ERR,ERR,ERR,ERR,ERR,ERR,ERR,ERR,ERR,ERR,ERR,ERR,ERR,ERR,ERR,ERR,ERR,ERR,ERR,ERR,ERR,ERR,ERR,ERR,ERR,ERR,ERR,ERR,ERR,ERR,ERR,ERR,ERR,ERR,ERR,ERR,ERR,ERR,ERR,ERR,ERR,ERR,ERR,ERR,ERR,ERR,ERR,ERR,ERR,ERR,ERR,ERR,ERR,ERR,ERR,ERR,ERR,ERR,ERR,ERR,ERR,ERR,ERR,60.0,60.0,35,0.0,0.0,0.0,0.0,0.0,0.0,0.0,0.0,0.0,0.0,0.0,0.0,0.0,0.0,0.0,0.0,65.2,0,114,55,38,65476,0,300,0,0,8,20529,65476,0,0,2621,60.0,0.0,0.0,0.0,0.0,0.0
2026-07-09T15:10:18,ERR,ERR,ERR,ERR,ERR,ERR,ERR,ERR,ERR,ERR,ERR,ERR,ERR,ERR,ERR,ERR,ERR,ERR,ERR,ERR,ERR,ERR,ERR,ERR,ERR,ERR,ERR,ERR,ERR,ERR,ERR,ERR,ERR,ERR,ERR,ERR,ERR,ERR,ERR,ERR,ERR,ERR,ERR,ERR,ERR,ERR,ERR,ERR,ERR,ERR,ERR,ERR,ERR,ERR,ERR,ERR,ERR,ERR,ERR,ERR,ERR,ERR,ERR,ERR,ERR,ERR,ERR,ERR,ERR,ERR,ERR,ERR,ERR,ERR,ERR,ERR,ERR,ERR,ERR,ERR,ERR,ERR,ERR,ERR,ERR,ERR,ERR,ERR,ERR,ERR,ERR,ERR,ERR,ERR,ERR,ERR,ERR,ERR,ERR,ERR,ERR,ERR,ERR,ERR,ERR,ERR,ERR,ERR,ERR,ERR,ERR,ERR,ERR,ERR,ERR,ERR,ERR,ERR,ERR,ERR,ERR,ERR,ERR,ERR,ERR,0.0,0.0,0.0,0.0,-3.1761310923272844e+29,0.0,4.812595889685216e+33,0.0,0,0,4,17395,7116,0.0,100,0.0,0.0,0.0,0.0,0.0,0,0,0,0,0.0,0,0,0,0,0,0,0,0,0,0,0,0,0,0,0,0,0,0,0,0,0,0,0,0,0,0,0,0,0,0,0,0,0,31,40,40,71,65476,0,300,0,0,8,21553,0.0,-107605600.0,0.0,0.0,0.0,0.0,0.0,0.0,0.0,0.0,0.0,0.0,0.0,0.0,0.0,0.0,0.0,0.0,0.0,0.0,0.0,0.0,-0.0,0.0,0.0,0.0,0.0,0.0,0.0,0.0,4715.0,1.5879276530623424e+29,6926.0,0.0,0.0,2.004,2.004,0.0,0.0,0.0,0.0,69,-0.0,-0.0,0.0,0.0,0.0,0.0,0.0,0.0,0.0,0,0,0,0.0,0.0,0.0,0.0,0.0,0.0,0.0,0.0,0.0,0.0,0.0,0.0,0.0,0.0,0.0,0.0,0,-107875648.0,69,0.0,138,0.0,2.012,ERR,ERR,ERR,ERR,ERR,ERR,ERR,ERR,ERR,ERR,ERR,ERR,ERR,ERR,ERR,ERR,ERR,ERR,ERR,ERR,ERR,ERR,ERR,ERR,ERR,ERR,ERR,ERR,ERR,ERR,ERR,ERR,ERR,ERR,ERR,ERR,ERR,ERR,ERR,ERR,ERR,ERR,ERR,ERR,ERR,ERR,ERR,ERR,ERR,ERR,ERR,ERR,ERR,ERR,ERR,ERR,ERR,ERR,ERR,ERR,ERR,ERR,ERR,ERR,ERR,ERR,ERR,60.0,60.0,35,0.0,0.0,0.0,0.0,0.0,0.0,0.0,0.0,0.0,0.0,0.0,0.0,0.0,0.0,0.0,0.0,65.2,0,114,55,38,65476,0,300,0,0,8,20529,65476,0,0,2621,60.0,0.0,0.0,0.0,0.0,0.0
2026-07-09T15:10:19,ERR,ERR,ERR,ERR,ERR,ERR,ERR,ERR,ERR,ERR,ERR,ERR,ERR,ERR,ERR,ERR,ERR,ERR,ERR,ERR,ERR,ERR,ERR,ERR,ERR,ERR,ERR,ERR,ERR,ERR,ERR,ERR,ERR,ERR,ERR,ERR,ERR,ERR,ERR,ERR,ERR,ERR,ERR,ERR,ERR,ERR,ERR,ERR,ERR,ERR,ERR,ERR,ERR,ERR,ERR,ERR,ERR,ERR,ERR,ERR,ERR,ERR,ERR,ERR,ERR,ERR,ERR,ERR,ERR,ERR,ERR,ERR,ERR,ERR,ERR,ERR,ERR,ERR,ERR,ERR,ERR,ERR,ERR,ERR,ERR,ERR,ERR,ERR,ERR,ERR,ERR,ERR,ERR,ERR,ERR,ERR,ERR,ERR,ERR,ERR,ERR,ERR,ERR,ERR,ERR,ERR,ERR,ERR,ERR,ERR,ERR,ERR,ERR,ERR,ERR,ERR,ERR,ERR,ERR,ERR,ERR,ERR,ERR,ERR,ERR,0.0,0.0,0.0,0.0,-3.1761310923272844e+29,0.0,4.812595889685216e+33,0.0,0,0,4,17395,7116,0.0,100,0.0,0.0,0.0,0.0,0.0,0,0,0,0,0.0,0,0,0,0,0,0,0,0,0,0,0,0,0,0,0,0,0,0,0,0,0,0,0,0,0,0,0,0,0,0,0,0,0,31,40,40,71,65476,0,300,0,0,8,21553,0.0,-107605600.0,0.0,0.0,0.0,0.0,0.0,0.0,0.0,0.0,0.0,0.0,0.0,0.0,0.0,0.0,0.0,0.0,0.0,0.0,0.0,0.0,-0.0,0.0,0.0,0.0,0.0,0.0,0.0,0.0,4715.0,1.5879276530623424e+29,6926.0,0.0,0.0,2.004,2.004,0.0,0.0,0.0,0.0,69,-0.0,-0.0,0.0,0.0,0.0,0.0,0.0,0.0,0.0,0,0,0,0.0,0.0,0.0,0.0,0.0,0.0,0.0,0.0,0.0,0.0,0.0,0.0,0.0,0.0,0.0,0.0,0,-107875648.0,69,0.0,138,0.0,2.012,ERR,ERR,ERR,ERR,ERR,ERR,ERR,ERR,ERR,ERR,ERR,ERR,ERR,ERR,ERR,ERR,ERR,ERR,ERR,ERR,ERR,ERR,ERR,ERR,ERR,ERR,ERR,ERR,ERR,ERR,ERR,ERR,ERR,ERR,ERR,ERR,ERR,ERR,ERR,ERR,ERR,ERR,ERR,ERR,ERR,ERR,ERR,ERR,ERR,ERR,ERR,ERR,ERR,ERR,ERR,ERR,ERR,ERR,ERR,ERR,ERR,ERR,ERR,ERR,ERR,ERR,ERR,60.0,60.0,35,0.0,0.0,0.0,0.0,0.0,0.0,0.0,0.0,0.0,0.0,0.0,0.0,0.0,0.0,0.0,0.0,65.2,0,114,55,38,65476,0,300,0,0,8,20529,65476,0,0,2621,60.0,0.0,0.0,0.0,0.0,0.0
2026-07-09T15:10:20,ERR,ERR,ERR,ERR,ERR,ERR,ERR,ERR,ERR,ERR,ERR,ERR,ERR,ERR,ERR,ERR,ERR,ERR,ERR,ERR,ERR,ERR,ERR,ERR,ERR,ERR,ERR,ERR,ERR,ERR,ERR,ERR,ERR,ERR,ERR,ERR,ERR,ERR,ERR,ERR,ERR,ERR,ERR,ERR,ERR,ERR,ERR,ERR,ERR,ERR,ERR,ERR,ERR,ERR,ERR,ERR,ERR,ERR,ERR,ERR,ERR,ERR,ERR,ERR,ERR,ERR,ERR,ERR,ERR,ERR,ERR,ERR,ERR,ERR,ERR,ERR,ERR,ERR,ERR,ERR,ERR,ERR,ERR,ERR,ERR,ERR,ERR,ERR,ERR,ERR,ERR,ERR,ERR,ERR,ERR,ERR,ERR,ERR,ERR,ERR,ERR,ERR,ERR,ERR,ERR,ERR,ERR,ERR,ERR,ERR,ERR,ERR,ERR,ERR,ERR,ERR,ERR,ERR,ERR,ERR,ERR,ERR,ERR,ERR,ERR,0.0,0.0,0.0,0.0,-3.1761310923272844e+29,0.0,4.812595889685216e+33,0.0,0,0,4,17395,7116,0.0,100,0.0,0.0,0.0,0.0,0.0,0,0,0,0,0.0,0,0,0,0,0,0,0,0,0,0,0,0,0,0,0,0,0,0,0,0,0,0,0,0,0,0,0,0,0,0,0,0,0,31,40,40,71,65476,0,300,0,0,8,21553,0.0,-107605600.0,0.0,0.0,0.0,0.0,0.0,0.0,0.0,0.0,0.0,0.0,0.0,0.0,0.0,0.0,0.0,0.0,0.0,0.0,0.0,0.0,-0.0,0.0,0.0,0.0,0.0,0.0,0.0,0.0,4715.0,1.5879276530623424e+29,6926.0,0.0,0.0,2.004,2.004,0.0,0.0,0.0,0.0,69,-0.0,-0.0,0.0,0.0,0.0,0.0,0.0,0.0,0.0,0,0,0,0.0,0.0,0.0,0.0,0.0,0.0,0.0,0.0,0.0,0.0,0.0,0.0,0.0,0.0,0.0,0.0,0,-107875648.0,69,0.0,138,0.0,2.012,ERR,ERR,ERR,ERR,ERR,ERR,ERR,ERR,ERR,ERR,ERR,ERR,ERR,ERR,ERR,ERR,ERR,ERR,ERR,ERR,ERR,ERR,ERR,ERR,ERR,ERR,ERR,ERR,ERR,ERR,ERR,ERR,ERR,ERR,ERR,ERR,ERR,ERR,ERR,ERR,ERR,ERR,ERR,ERR,ERR,ERR,ERR,ERR,ERR,ERR,ERR,ERR,ERR,ERR,ERR,ERR,ERR,ERR,ERR,ERR,ERR,ERR,ERR,ERR,ERR,ERR,ERR,60.0,60.0,35,0.0,0.0,0.0,0.0,0.0,0.0,0.0,0.0,0.0,0.0,0.0,0.0,0.0,0.0,0.0,0.0,65.6,0,114,55,38,65476,0,300,0,0,8,20529,65476,0,0,2621,60.0,0.0,0.0,0.0,0.0,0.0
2026-07-09T15:10:21,ERR,ERR,ERR,ERR,ERR,ERR,ERR,ERR,ERR,ERR,ERR,ERR,ERR,ERR,ERR,ERR,ERR,ERR,ERR,ERR,ERR,ERR,ERR,ERR,ERR,ERR,ERR,ERR,ERR,ERR,ERR,ERR,ERR,ERR,ERR,ERR,ERR,ERR,ERR,ERR,ERR,ERR,ERR,ERR,ERR,ERR,ERR,ERR,ERR,ERR,ERR,ERR,ERR,ERR,ERR,ERR,ERR,ERR,ERR,ERR,ERR,ERR,ERR,ERR,ERR,ERR,ERR,ERR,ERR,ERR,ERR,ERR,ERR,ERR,ERR,ERR,ERR,ERR,ERR,ERR,ERR,ERR,ERR,ERR,ERR,ERR,ERR,ERR,ERR,ERR,ERR,ERR,ERR,ERR,ERR,ERR,ERR,ERR,ERR,ERR,ERR,ERR,ERR,ERR,ERR,ERR,ERR,ERR,ERR,ERR,ERR,ERR,ERR,ERR,ERR,ERR,ERR,ERR,ERR,ERR,ERR,ERR,ERR,ERR,ERR,0.0,0.0,0.0,0.0,-3.1761310923272844e+29,0.0,4.812595889685216e+33,0.0,0,0,4,17395,7116,0.0,100,0.0,0.0,0.0,0.0,0.0,0,0,0,0,0.0,0,0,0,0,0,0,0,0,0,0,0,0,0,0,0,0,0,0,0,0,0,0,0,0,0,0,0,0,0,0,0,0,0,31,40,40,71,65476,0,300,0,0,8,21553,0.0,-107605600.0,0.0,0.0,0.0,0.0,0.0,0.0,0.0,0.0,0.0,0.0,0.0,0.0,0.0,0.0,0.0,0.0,0.0,0.0,0.0,0.0,-0.0,0.0,0.0,0.0,0.0,0.0,0.0,0.0,4715.0,1.5879276530623424e+29,6926.0,0.0,0.0,2.004,2.004,0.0,0.0,0.0,0.0,69,-0.0,-0.0,0.0,0.0,0.0,0.0,0.0,0.0,0.0,0,0,0,0.0,0.0,0.0,0.0,0.0,0.0,0.0,0.0,0.0,0.0,0.0,0.0,0.0,0.0,0.0,0.0,0,-107875648.0,69,0.0,138,0.0,2.012,ERR,ERR,ERR,ERR,ERR,ERR,ERR,ERR,ERR,ERR,ERR,ERR,ERR,ERR,ERR,ERR,ERR,ERR,ERR,ERR,ERR,ERR,ERR,ERR,ERR,ERR,ERR,ERR,ERR,ERR,ERR,ERR,ERR,ERR,ERR,ERR,ERR,ERR,ERR,ERR,ERR,ERR,ERR,ERR,ERR,ERR,ERR,ERR,ERR,ERR,ERR,ERR,ERR,ERR,ERR,ERR,ERR,ERR,ERR,ERR,ERR,ERR,ERR,ERR,ERR,ERR,ERR,60.0,60.0,35,0.0,0.0,0.0,0.0,0.0,0.0,0.0,0.0,0.0,0.0,0.0,0.0,0.0,0.0,0.0,0.0,65.6,0,114,55,38,65476,0,300,0,0,8,20529,65476,0,0,2621,60.0,0.0,0.0,0.0,0.0,0.0
2026-07-09T15:10:22,ERR,ERR,ERR,ERR,ERR,ERR,ERR,ERR,ERR,ERR,ERR,ERR,ERR,ERR,ERR,ERR,ERR,ERR,ERR,ERR,ERR,ERR,ERR,ERR,ERR,ERR,ERR,ERR,ERR,ERR,ERR,ERR,ERR,ERR,ERR,ERR,ERR,ERR,ERR,ERR,ERR,ERR,ERR,ERR,ERR,ERR,ERR,ERR,ERR,ERR,ERR,ERR,ERR,ERR,ERR,ERR,ERR,ERR,ERR,ERR,ERR,ERR,ERR,ERR,ERR,ERR,ERR,ERR,ERR,ERR,ERR,ERR,ERR,ERR,ERR,ERR,ERR,ERR,ERR,ERR,ERR,ERR,ERR,ERR,ERR,ERR,ERR,ERR,ERR,ERR,ERR,ERR,ERR,ERR,ERR,ERR,ERR,ERR,ERR,ERR,ERR,ERR,ERR,ERR,ERR,ERR,ERR,ERR,ERR,ERR,ERR,ERR,ERR,ERR,ERR,ERR,ERR,ERR,ERR,ERR,ERR,ERR,ERR,ERR,ERR,0.0,0.0,0.0,0.0,-3.1761310923272844e+29,0.0,4.812595889685216e+33,0.0,0,0,4,17395,7116,0.0,100,0.0,0.0,0.0,0.0,0.0,0,0,0,0,0.0,0,0,0,0,0,0,0,0,0,0,0,0,0,0,0,0,0,0,0,0,0,0,0,0,0,0,0,0,0,0,0,0,0,31,40,40,71,65476,0,300,0,0,8,21553,0.0,-107605600.0,0.0,0.0,0.0,0.0,0.0,0.0,0.0,0.0,0.0,0.0,0.0,0.0,0.0,0.0,0.0,0.0,0.0,0.0,0.0,0.0,-0.0,0.0,0.0,0.0,0.0,0.0,0.0,0.0,4715.0,1.5879276530623424e+29,6926.0,0.0,0.0,2.004,2.004,0.0,0.0,0.0,0.0,69,-0.0,-0.0,0.0,0.0,0.0,0.0,0.0,0.0,0.0,0,0,0,0.0,0.0,0.0,0.0,0.0,0.0,0.0,0.0,0.0,0.0,0.0,0.0,0.0,0.0,0.0,0.0,0,-107875648.0,69,0.0,138,0.0,2.012,ERR,ERR,ERR,ERR,ERR,ERR,ERR,ERR,ERR,ERR,ERR,ERR,ERR,ERR,ERR,ERR,ERR,ERR,ERR,ERR,ERR,ERR,ERR,ERR,ERR,ERR,ERR,ERR,ERR,ERR,ERR,ERR,ERR,ERR,ERR,ERR,ERR,ERR,ERR,ERR,ERR,ERR,ERR,ERR,ERR,ERR,ERR,ERR,ERR,ERR,ERR,ERR,ERR,ERR,ERR,ERR,ERR,ERR,ERR,ERR,ERR,ERR,ERR,ERR,ERR,ERR,ERR,60.0,60.0,35,0.0,0.0,0.0,0.0,0.0,0.0,0.0,0.0,0.0,0.0,0.0,0.0,0.0,0.0,0.0,0.0,65.2,0,114,55,38,65476,0,300,0,0,8,20529,65476,0,0,2621,60.0,0.0,0.0,0.0,0.0,0.0
2026-07-09T15:10:23,ERR,ERR,ERR,ERR,ERR,ERR,ERR,ERR,ERR,ERR,ERR,ERR,ERR,ERR,ERR,ERR,ERR,ERR,ERR,ERR,ERR,ERR,ERR,ERR,ERR,ERR,ERR,ERR,ERR,ERR,ERR,ERR,ERR,ERR,ERR,ERR,ERR,ERR,ERR,ERR,ERR,ERR,ERR,ERR,ERR,ERR,ERR,ERR,ERR,ERR,ERR,ERR,ERR,ERR,ERR,ERR,ERR,ERR,ERR,ERR,ERR,ERR,ERR,ERR,ERR,ERR,ERR,ERR,ERR,ERR,ERR,ERR,ERR,ERR,ERR,ERR,ERR,ERR,ERR,ERR,ERR,ERR,ERR,ERR,ERR,ERR,ERR,ERR,ERR,ERR,ERR,ERR,ERR,ERR,ERR,ERR,ERR,ERR,ERR,ERR,ERR,ERR,ERR,ERR,ERR,ERR,ERR,ERR,ERR,ERR,ERR,ERR,ERR,ERR,ERR,ERR,ERR,ERR,ERR,ERR,ERR,ERR,ERR,ERR,ERR,0.0,0.0,0.0,0.0,-3.1761310923272844e+29,-0.0,-0.003,-0.0,0,0,4,17395,7116,0.0,100,0.0,0.0,0.0,0.0,0.0,0,0,0,0,0.0,0,0,0,0,0,0,0,0,0,0,0,0,0,0,0,0,0,0,0,0,0,0,0,0,0,0,0,0,0,0,0,0,0,31,40,40,71,65476,0,300,0,0,8,21553,0.0,-107605600.0,0.0,0.0,0.0,0.0,0.0,0.0,0.0,0.0,0.0,0.0,0.0,0.0,0.0,0.0,0.0,0.0,0.0,0.0,0.0,0.0,-0.0,2.004,0.0,0.0,0.0,0.0,0.0,0.0,4730.0,-0.0,6932.0,-107615216.0,2.7184433515229886e+23,2.004,2.004,0.0,0.0,0.0,0.0,69,-3.222009777006516e+26,-4.950396875673258e+32,0.0,0.0,0.0,0.0,0.0,0.0,0.0,0,0,0,0.0,0.0,0.0,0.0,0.0,0.0,0.0,0.0,0.0,0.0,0.0,0.0,0.0,0.0,0.0,0.0,0,-107875648.0,69,0.0,138,0.0,2.012,ERR,ERR,ERR,ERR,ERR,ERR,ERR,ERR,ERR,ERR,ERR,ERR,ERR,ERR,ERR,ERR,ERR,ERR,ERR,ERR,ERR,ERR,ERR,ERR,ERR,ERR,ERR,ERR,ERR,ERR,ERR,ERR,ERR,ERR,ERR,ERR,ERR,ERR,ERR,ERR,ERR,ERR,ERR,ERR,ERR,ERR,ERR,ERR,ERR,ERR,ERR,ERR,ERR,ERR,ERR,ERR,ERR,ERR,ERR,ERR,ERR,ERR,ERR,ERR,ERR,ERR,ERR,60.0,60.0,35,0.0,0.0,0.0,0.0,0.0,0.0,0.0,0.0,0.0,0.0,0.0,0.0,0.0,0.0,0.0,0.0,65.6,0,114,55,38,65476,0,300,0,0,8,20529,65476,0,0,2621,60.0,0.0,0.0,0.0,0.0,0.0
2026-07-09T15:10:24,ERR,ERR,ERR,ERR,ERR,ERR,ERR,ERR,ERR,ERR,ERR,ERR,ERR,ERR,ERR,ERR,ERR,ERR,ERR,ERR,ERR,ERR,ERR,ERR,ERR,ERR,ERR,ERR,ERR,ERR,ERR,ERR,ERR,ERR,ERR,ERR,ERR,ERR,ERR,ERR,ERR,ERR,ERR,ERR,ERR,ERR,ERR,ERR,ERR,ERR,ERR,ERR,ERR,ERR,ERR,ERR,ERR,ERR,ERR,ERR,ERR,ERR,ERR,ERR,ERR,ERR,ERR,ERR,ERR,ERR,ERR,ERR,ERR,ERR,ERR,ERR,ERR,ERR,ERR,ERR,ERR,ERR,ERR,ERR,ERR,ERR,ERR,ERR,ERR,ERR,ERR,ERR,ERR,ERR,ERR,ERR,ERR,ERR,ERR,ERR,ERR,ERR,ERR,ERR,ERR,ERR,ERR,ERR,ERR,ERR,ERR,ERR,ERR,ERR,ERR,ERR,ERR,ERR,ERR,ERR,ERR,ERR,ERR,ERR,ERR,0.0,0.0,0.0,0.0,-3.1761310923272844e+29,-0.0,-0.003,-0.0,0,0,4,17395,7116,0.0,100,0.0,0.0,0.0,0.0,0.0,0,0,0,0,0.0,0,0,0,0,0,0,0,0,0,0,0,0,0,0,0,0,0,0,0,0,0,0,0,0,0,0,0,0,0,0,0,0,0,31,40,40,71,65476,0,300,0,0,8,21553,0.0,-107605600.0,0.0,0.0,0.0,0.0,0.0,0.0,0.0,0.0,0.0,0.0,0.0,0.0,0.0,0.0,0.0,0.0,0.0,0.0,0.0,0.0,-0.0,2.004,0.0,0.0,0.0,0.0,0.0,0.0,4730.0,-0.0,6932.0,-107615216.0,2.7184433515229886e+23,2.004,2.004,0.0,0.0,0.0,0.0,69,-3.222009777006516e+26,-4.950396875673258e+32,0.0,0.0,0.0,0.0,0.0,0.0,0.0,0,0,0,0.0,0.0,0.0,0.0,0.0,0.0,0.0,0.0,0.0,0.0,0.0,0.0,0.0,0.0,0.0,0.0,0,-107875648.0,69,0.0,138,0.0,2.012,ERR,ERR,ERR,ERR,ERR,ERR,ERR,ERR,ERR,ERR,ERR,ERR,ERR,ERR,ERR,ERR,ERR,ERR,ERR,ERR,ERR,ERR,ERR,ERR,ERR,ERR,ERR,ERR,ERR,ERR,ERR,ERR,ERR,ERR,ERR,ERR,ERR,ERR,ERR,ERR,ERR,ERR,ERR,ERR,ERR,ERR,ERR,ERR,ERR,ERR,ERR,ERR,ERR,ERR,ERR,ERR,ERR,ERR,ERR,ERR,ERR,ERR,ERR,ERR,ERR,ERR,ERR,60.0,60.0,35,0.0,0.0,0.0,0.0,0.0,0.0,0.0,0.0,0.0,0.0,0.0,0.0,0.0,0.0,0.0,0.0,65.6,0,114,55,38,65476,0,300,0,0,8,20529,65476,0,0,2621,60.0,0.0,0.0,0.0,0.0,0.0
2026-07-09T15:10:25,ERR,ERR,ERR,ERR,ERR,ERR,ERR,ERR,ERR,ERR,ERR,ERR,ERR,ERR,ERR,ERR,ERR,ERR,ERR,ERR,ERR,ERR,ERR,ERR,ERR,ERR,ERR,ERR,ERR,ERR,ERR,ERR,ERR,ERR,ERR,ERR,ERR,ERR,ERR,ERR,ERR,ERR,ERR,ERR,ERR,ERR,ERR,ERR,ERR,ERR,ERR,ERR,ERR,ERR,ERR,ERR,ERR,ERR,ERR,ERR,ERR,ERR,ERR,ERR,ERR,ERR,ERR,ERR,ERR,ERR,ERR,ERR,ERR,ERR,ERR,ERR,ERR,ERR,ERR,ERR,ERR,ERR,ERR,ERR,ERR,ERR,ERR,ERR,ERR,ERR,ERR,ERR,ERR,ERR,ERR,ERR,ERR,ERR,ERR,ERR,ERR,ERR,ERR,ERR,ERR,ERR,ERR,ERR,ERR,ERR,ERR,ERR,ERR,ERR,ERR,ERR,ERR,ERR,ERR,ERR,ERR,ERR,ERR,ERR,ERR,0.0,0.0,0.0,0.0,-3.1761310923272844e+29,-0.0,-0.003,-0.0,0,0,4,17395,7116,0.0,100,0.0,0.0,0.0,0.0,0.0,0,0,0,0,0.0,0,0,0,0,0,0,0,0,0,0,0,0,0,0,0,0,0,0,0,0,0,0,0,0,0,0,0,0,0,0,0,0,0,31,40,40,71,65476,0,300,0,0,8,21553,0.0,-107605600.0,0.0,0.0,0.0,0.0,0.0,0.0,0.0,0.0,0.0,0.0,0.0,0.0,0.0,0.0,0.0,0.0,0.0,0.0,0.0,0.0,-0.0,2.004,0.0,0.0,0.0,0.0,0.0,0.0,4730.0,-0.0,6932.0,-107615216.0,2.7184433515229886e+23,2.004,2.004,0.0,0.0,0.0,0.0,69,-3.222009777006516e+26,-4.950396875673258e+32,0.0,0.0,0.0,0.0,0.0,0.0,0.0,0,0,0,0.0,0.0,0.0,0.0,0.0,0.0,0.0,0.0,0.0,0.0,0.0,0.0,0.0,0.0,0.0,0.0,0,-107875648.0,69,0.0,138,0.0,2.012,ERR,ERR,ERR,ERR,ERR,ERR,ERR,ERR,ERR,ERR,ERR,ERR,ERR,ERR,ERR,ERR,ERR,ERR,ERR,ERR,ERR,ERR,ERR,ERR,ERR,ERR,ERR,ERR,ERR,ERR,ERR,ERR,ERR,ERR,ERR,ERR,ERR,ERR,ERR,ERR,ERR,ERR,ERR,ERR,ERR,ERR,ERR,ERR,ERR,ERR,ERR,ERR,ERR,ERR,ERR,ERR,ERR,ERR,ERR,ERR,ERR,ERR,ERR,ERR,ERR,ERR,ERR,60.0,60.0,35,0.0,0.0,0.0,0.0,0.0,0.0,0.0,0.0,0.0,0.0,0.0,0.0,0.0,0.0,0.0,0.0,65.6,0,114,55,38,65476,0,300,0,0,8,20529,65476,0,0,2621,60.0,0.0,0.0,0.0,0.0,0.0
2026-07-09T15:10:26,ERR,ERR,ERR,ERR,ERR,ERR,ERR,ERR,ERR,ERR,ERR,ERR,ERR,ERR,ERR,ERR,ERR,ERR,ERR,ERR,ERR,ERR,ERR,ERR,ERR,ERR,ERR,ERR,ERR,ERR,ERR,ERR,ERR,ERR,ERR,ERR,ERR,ERR,ERR,ERR,ERR,ERR,ERR,ERR,ERR,ERR,ERR,ERR,ERR,ERR,ERR,ERR,ERR,ERR,ERR,ERR,ERR,ERR,ERR,ERR,ERR,ERR,ERR,ERR,ERR,ERR,ERR,ERR,ERR,ERR,ERR,ERR,ERR,ERR,ERR,ERR,ERR,ERR,ERR,ERR,ERR,ERR,ERR,ERR,ERR,ERR,ERR,ERR,ERR,ERR,ERR,ERR,ERR,ERR,ERR,ERR,ERR,ERR,ERR,ERR,ERR,ERR,ERR,ERR,ERR,ERR,ERR,ERR,ERR,ERR,ERR,ERR,ERR,ERR,ERR,ERR,ERR,ERR,ERR,ERR,ERR,ERR,ERR,ERR,ERR,0.0,0.0,0.0,0.0,-3.1761310923272844e+29,-0.0,-0.003,-0.0,0,0,4,17395,7116,0.0,100,0.0,0.0,0.0,0.0,0.0,0,0,0,0,0.0,0,0,0,0,0,0,0,0,0,0,0,0,0,0,0,0,0,0,0,0,0,0,0,0,0,0,0,0,0,0,0,0,0,31,40,40,71,65476,0,300,0,0,8,21553,0.0,-107605600.0,0.0,0.0,0.0,0.0,0.0,0.0,0.0,0.0,0.0,0.0,0.0,0.0,0.0,0.0,0.0,0.0,0.0,0.0,0.0,0.0,-0.0,2.004,0.0,0.0,0.0,0.0,0.0,0.0,4730.0,-0.0,6932.0,-107615216.0,2.7184433515229886e+23,2.004,2.004,0.0,0.0,0.0,0.0,69,-3.222009777006516e+26,-4.950396875673258e+32,0.0,0.0,0.0,0.0,0.0,0.0,0.0,0,0,0,0.0,0.0,0.0,0.0,0.0,0.0,0.0,0.0,0.0,0.0,0.0,0.0,0.0,0.0,0.0,0.0,0,-107875648.0,69,0.0,138,0.0,2.012,ERR,ERR,ERR,ERR,ERR,ERR,ERR,ERR,ERR,ERR,ERR,ERR,ERR,ERR,ERR,ERR,ERR,ERR,ERR,ERR,ERR,ERR,ERR,ERR,ERR,ERR,ERR,ERR,ERR,ERR,ERR,ERR,ERR,ERR,ERR,ERR,ERR,ERR,ERR,ERR,ERR,ERR,ERR,ERR,ERR,ERR,ERR,ERR,ERR,ERR,ERR,ERR,ERR,ERR,ERR,ERR,ERR,ERR,ERR,ERR,ERR,ERR,ERR,ERR,ERR,ERR,ERR,60.0,60.0,35,0.0,0.0,0.0,0.0,0.0,0.0,0.0,0.0,0.0,0.0,0.0,0.0,0.0,0.0,0.0,0.0,65.6,0,114,55,38,65476,0,300,0,0,8,20529,65476,0,0,2621,60.0,0.0,0.0,0.0,0.0,0.0
2026-07-09T15:10:27,ERR,ERR,ERR,ERR,ERR,ERR,ERR,ERR,ERR,ERR,ERR,ERR,ERR,ERR,ERR,ERR,ERR,ERR,ERR,ERR,ERR,ERR,ERR,ERR,ERR,ERR,ERR,ERR,ERR,ERR,ERR,ERR,ERR,ERR,ERR,ERR,ERR,ERR,ERR,ERR,ERR,ERR,ERR,ERR,ERR,ERR,ERR,ERR,ERR,ERR,ERR,ERR,ERR,ERR,ERR,ERR,ERR,ERR,ERR,ERR,ERR,ERR,ERR,ERR,ERR,ERR,ERR,ERR,ERR,ERR,ERR,ERR,ERR,ERR,ERR,ERR,ERR,ERR,ERR,ERR,ERR,ERR,ERR,ERR,ERR,ERR,ERR,ERR,ERR,ERR,ERR,ERR,ERR,ERR,ERR,ERR,ERR,ERR,ERR,ERR,ERR,ERR,ERR,ERR,ERR,ERR,ERR,ERR,ERR,ERR,ERR,ERR,ERR,ERR,ERR,ERR,ERR,ERR,ERR,ERR,ERR,ERR,ERR,ERR,ERR,0.0,0.0,0.0,0.0,-3.1761310923272844e+29,-0.0,-0.003,-0.0,0,0,4,17395,7116,0.0,100,0.0,0.0,0.0,0.0,0.0,0,0,0,0,0.0,0,0,0,0,0,0,0,0,0,0,0,0,0,0,0,0,0,0,0,0,0,0,0,0,0,0,0,0,0,0,0,0,0,31,40,40,71,65476,0,300,0,0,8,21553,0.0,-107605600.0,0.0,0.0,0.0,0.0,0.0,0.0,0.0,0.0,0.0,0.0,0.0,0.0,0.0,0.0,0.0,0.0,0.0,0.0,0.0,0.0,-0.0,2.004,0.0,0.0,0.0,0.0,0.0,0.0,4730.0,-0.0,6932.0,-107615216.0,2.7184433515229886e+23,2.004,2.004,0.0,0.0,0.0,0.0,69,-3.222009777006516e+26,-4.950396875673258e+32,0.0,0.0,0.0,0.0,0.0,0.0,0.0,0,0,0,0.0,0.0,0.0,0.0,0.0,0.0,0.0,0.0,0.0,0.0,0.0,0.0,0.0,0.0,0.0,0.0,0,-107875648.0,69,0.0,138,0.0,2.012,ERR,ERR,ERR,ERR,ERR,ERR,ERR,ERR,ERR,ERR,ERR,ERR,ERR,ERR,ERR,ERR,ERR,ERR,ERR,ERR,ERR,ERR,ERR,ERR,ERR,ERR,ERR,ERR,ERR,ERR,ERR,ERR,ERR,ERR,ERR,ERR,ERR,ERR,ERR,ERR,ERR,ERR,ERR,ERR,ERR,ERR,ERR,ERR,ERR,ERR,ERR,ERR,ERR,ERR,ERR,ERR,ERR,ERR,ERR,ERR,ERR,ERR,ERR,ERR,ERR,ERR,ERR,60.0,60.0,35,0.0,0.0,0.0,0.0,0.0,0.0,0.0,0.0,0.0,0.0,0.0,0.0,0.0,0.0,0.0,0.0,65.2,0,114,55,38,65476,0,300,0,0,8,20529,65476,0,0,2621,60.0,0.0,0.0,0.0,0.0,0.0
2026-07-09T15:10:28,ERR,ERR,ERR,ERR,ERR,ERR,ERR,ERR,ERR,ERR,ERR,ERR,ERR,ERR,ERR,ERR,ERR,ERR,ERR,ERR,ERR,ERR,ERR,ERR,ERR,ERR,ERR,ERR,ERR,ERR,ERR,ERR,ERR,ERR,ERR,ERR,ERR,ERR,ERR,ERR,ERR,ERR,ERR,ERR,ERR,ERR,ERR,ERR,ERR,ERR,ERR,ERR,ERR,ERR,ERR,ERR,ERR,ERR,ERR,ERR,ERR,ERR,ERR,ERR,ERR,ERR,ERR,ERR,ERR,ERR,ERR,ERR,ERR,ERR,ERR,ERR,ERR,ERR,ERR,ERR,ERR,ERR,ERR,ERR,ERR,ERR,ERR,ERR,ERR,ERR,ERR,ERR,ERR,ERR,ERR,ERR,ERR,ERR,ERR,ERR,ERR,ERR,ERR,ERR,ERR,ERR,ERR,ERR,ERR,ERR,ERR,ERR,ERR,ERR,ERR,ERR,ERR,ERR,ERR,ERR,ERR,ERR,ERR,ERR,ERR,-107615216.0,-0.0,2.730219363828637e+23,0.0,-0.0,-0.0,-3.5636702376406024e+19,-1.7432871174451275e+27,0,0,4,17397,7116,0.0,100,0.0,0.0,0.0,0.0,0.0,0,0,0,0,0.0,0,0,0,0,0,0,0,0,0,0,0,0,0,0,0,0,0,0,0,0,0,0,0,0,0,0,0,0,0,0,0,0,0,31,40,40,71,65476,0,300,0,0,8,21553,0.0,-107605600.0,0.0,0.0,0.0,0.0,0.0,0.0,0.0,0.0,0.0,0.0,0.0,0.0,0.0,0.0,0.0,0.0,0.0,0.0,0.0,0.0,-0.0,3.69706430773634e+19,0.0,0.0,0.0,0.0,0.0,0.0,4715.0,-131350.297,6937.0,0.0,-107615936.0,2.004,2.004,0.0,0.0,0.0,0.0,69,126840692736.0,0.0,0.0,0.0,0.0,0.0,0.0,0.0,0.0,0,0,0,0.0,0.0,0.0,0.0,0.0,0.0,0.0,0.0,0.0,0.0,0.0,0.0,0.0,0.0,0.0,0.0,0,-107875648.0,69,0.0,138,0.0,2.012,ERR,ERR,ERR,ERR,ERR,ERR,ERR,ERR,ERR,ERR,ERR,ERR,ERR,ERR,ERR,ERR,ERR,ERR,ERR,ERR,ERR,ERR,ERR,ERR,ERR,ERR,ERR,ERR,ERR,ERR,ERR,ERR,ERR,ERR,ERR,ERR,ERR,ERR,ERR,ERR,ERR,ERR,ERR,ERR,ERR,ERR,ERR,ERR,ERR,ERR,ERR,ERR,ERR,ERR,ERR,ERR,ERR,ERR,ERR,ERR,ERR,ERR,ERR,ERR,ERR,ERR,ERR,60.0,60.0,35,0.0,0.0,0.0,0.0,0.0,0.0,0.0,0.0,0.0,0.0,0.0,0.0,0.0,0.0,0.0,0.0,65.2,0,114,55,38,65476,0,300,0,0,8,20529,65476,0,0,2621,60.0,0.0,0.0,0.0,0.0,0.0
2026-07-09T15:10:29,ERR,ERR,ERR,ERR,ERR,ERR,ERR,ERR,ERR,ERR,ERR,ERR,ERR,ERR,ERR,ERR,ERR,ERR,ERR,ERR,ERR,ERR,ERR,ERR,ERR,ERR,ERR,ERR,ERR,ERR,ERR,ERR,ERR,ERR,ERR,ERR,ERR,ERR,ERR,ERR,ERR,ERR,ERR,ERR,ERR,ERR,ERR,ERR,ERR,ERR,ERR,ERR,ERR,ERR,ERR,ERR,ERR,ERR,ERR,ERR,ERR,ERR,ERR,ERR,ERR,ERR,ERR,ERR,ERR,ERR,ERR,ERR,ERR,ERR,ERR,ERR,ERR,ERR,ERR,ERR,ERR,ERR,ERR,ERR,ERR,ERR,ERR,ERR,ERR,ERR,ERR,ERR,ERR,ERR,ERR,ERR,ERR,ERR,ERR,ERR,ERR,ERR,ERR,ERR,ERR,ERR,ERR,ERR,ERR,ERR,ERR,ERR,ERR,ERR,ERR,ERR,ERR,ERR,ERR,ERR,ERR,ERR,ERR,ERR,ERR,-107615216.0,-0.0,2.730219363828637e+23,0.0,-0.0,-0.0,-3.5636702376406024e+19,-1.7432871174451275e+27,0,0,4,17397,7116,0.0,100,0.0,0.0,0.0,0.0,0.0,0,0,0,0,0.0,0,0,0,0,0,0,0,0,0,0,0,0,0,0,0,0,0,0,0,0,0,0,0,0,0,0,0,0,0,0,0,0,0,31,40,40,71,65476,0,300,0,0,8,21553,0.0,-107605600.0,0.0,0.0,0.0,0.0,0.0,0.0,0.0,0.0,0.0,0.0,0.0,0.0,0.0,0.0,0.0,0.0,0.0,0.0,0.0,0.0,-0.0,3.69706430773634e+19,0.0,0.0,0.0,0.0,0.0,0.0,4715.0,-131350.297,6937.0,0.0,-107615936.0,2.004,2.004,0.0,0.0,0.0,0.0,69,126840692736.0,0.0,0.0,0.0,0.0,0.0,0.0,0.0,0.0,0,0,0,0.0,0.0,0.0,0.0,0.0,0.0,0.0,0.0,0.0,0.0,0.0,0.0,0.0,0.0,0.0,0.0,0,-107875648.0,69,0.0,138,0.0,2.012,ERR,ERR,ERR,ERR,ERR,ERR,ERR,ERR,ERR,ERR,ERR,ERR,ERR,ERR,ERR,ERR,ERR,ERR,ERR,ERR,ERR,ERR,ERR,ERR,ERR,ERR,ERR,ERR,ERR,ERR,ERR,ERR,ERR,ERR,ERR,ERR,ERR,ERR,ERR,ERR,ERR,ERR,ERR,ERR,ERR,ERR,ERR,ERR,ERR,ERR,ERR,ERR,ERR,ERR,ERR,ERR,ERR,ERR,ERR,ERR,ERR,ERR,ERR,ERR,ERR,ERR,ERR,60.0,60.0,35,0.0,0.0,0.0,0.0,0.0,0.0,0.0,0.0,0.0,0.0,0.0,0.0,0.0,0.0,0.0,0.0,65.2,0,114,55,38,65476,0,300,0,0,8,20529,65476,0,0,2621,60.0,0.0,0.0,0.0,0.0,0.0
2026-07-09T15:10:30,ERR,ERR,ERR,ERR,ERR,ERR,ERR,ERR,ERR,ERR,ERR,ERR,ERR,ERR,ERR,ERR,ERR,ERR,ERR,ERR,ERR,ERR,ERR,ERR,ERR,ERR,ERR,ERR,ERR,ERR,ERR,ERR,ERR,ERR,ERR,ERR,ERR,ERR,ERR,ERR,ERR,ERR,ERR,ERR,ERR,ERR,ERR,ERR,ERR,ERR,ERR,ERR,ERR,ERR,ERR,ERR,ERR,ERR,ERR,ERR,ERR,ERR,ERR,ERR,ERR,ERR,ERR,ERR,ERR,ERR,ERR,ERR,ERR,ERR,ERR,ERR,ERR,ERR,ERR,ERR,ERR,ERR,ERR,ERR,ERR,ERR,ERR,ERR,ERR,ERR,ERR,ERR,ERR,ERR,ERR,ERR,ERR,ERR,ERR,ERR,ERR,ERR,ERR,ERR,ERR,ERR,ERR,ERR,ERR,ERR,ERR,ERR,ERR,ERR,ERR,ERR,ERR,ERR,ERR,ERR,ERR,ERR,ERR,ERR,ERR,-107615216.0,-0.0,2.730219363828637e+23,0.0,-0.0,-0.0,-3.5636702376406024e+19,-1.7432871174451275e+27,0,0,4,17397,7116,0.0,100,0.0,0.0,0.0,0.0,0.0,0,0,0,0,0.0,0,0,0,0,0,0,0,0,0,0,0,0,0,0,0,0,0,0,0,0,0,0,0,0,0,0,0,0,0,0,0,0,0,31,40,40,71,65476,0,300,0,0,8,21553,0.0,-107605600.0,0.0,0.0,0.0,0.0,0.0,0.0,0.0,0.0,0.0,0.0,0.0,0.0,0.0,0.0,0.0,0.0,0.0,0.0,0.0,0.0,-0.0,3.69706430773634e+19,0.0,0.0,0.0,0.0,0.0,0.0,4715.0,-131350.297,6937.0,0.0,-107615936.0,2.004,2.004,0.0,0.0,0.0,0.0,69,126840692736.0,0.0,0.0,0.0,0.0,0.0,0.0,0.0,0.0,0,0,0,0.0,0.0,0.0,0.0,0.0,0.0,0.0,0.0,0.0,0.0,0.0,0.0,0.0,0.0,0.0,0.0,0,-107875648.0,69,0.0,138,0.0,2.012,ERR,ERR,ERR,ERR,ERR,ERR,ERR,ERR,ERR,ERR,ERR,ERR,ERR,ERR,ERR,ERR,ERR,ERR,ERR,ERR,ERR,ERR,ERR,ERR,ERR,ERR,ERR,ERR,ERR,ERR,ERR,ERR,ERR,ERR,ERR,ERR,ERR,ERR,ERR,ERR,ERR,ERR,ERR,ERR,ERR,ERR,ERR,ERR,ERR,ERR,ERR,ERR,ERR,ERR,ERR,ERR,ERR,ERR,ERR,ERR,ERR,ERR,ERR,ERR,ERR,ERR,ERR,60.0,60.0,35,0.0,0.0,0.0,0.0,0.0,0.0,0.0,0.0,0.0,0.0,0.0,0.0,0.0,0.0,0.0,0.0,65.6,0,113,55,38,65476,0,300,0,0,8,20529,65476,0,0,2621,60.0,0.0,0.0,0.0,0.0,0.0
2026-07-09T15:10:31,ERR,ERR,ERR,ERR,ERR,ERR,ERR,ERR,ERR,ERR,ERR,ERR,ERR,ERR,ERR,ERR,ERR,ERR,ERR,ERR,ERR,ERR,ERR,ERR,ERR,ERR,ERR,ERR,ERR,ERR,ERR,ERR,ERR,ERR,ERR,ERR,ERR,ERR,ERR,ERR,ERR,ERR,ERR,ERR,ERR,ERR,ERR,ERR,ERR,ERR,ERR,ERR,ERR,ERR,ERR,ERR,ERR,ERR,ERR,ERR,ERR,ERR,ERR,ERR,ERR,ERR,ERR,ERR,ERR,ERR,ERR,ERR,ERR,ERR,ERR,ERR,ERR,ERR,ERR,ERR,ERR,ERR,ERR,ERR,ERR,ERR,ERR,ERR,ERR,ERR,ERR,ERR,ERR,ERR,ERR,ERR,ERR,ERR,ERR,ERR,ERR,ERR,ERR,ERR,ERR,ERR,ERR,ERR,ERR,ERR,ERR,ERR,ERR,ERR,ERR,ERR,ERR,ERR,ERR,ERR,ERR,ERR,ERR,ERR,ERR,-107615216.0,-0.0,2.730219363828637e+23,0.0,-0.0,-0.0,-3.5636702376406024e+19,-1.7432871174451275e+27,0,0,4,17397,7116,0.0,100,0.0,0.0,0.0,0.0,0.0,0,0,0,0,0.0,0,0,0,0,0,0,0,0,0,0,0,0,0,0,0,0,0,0,0,0,0,0,0,0,0,0,0,0,0,0,0,0,0,31,40,40,71,65476,0,300,0,0,8,21553,0.0,-107605600.0,0.0,0.0,0.0,0.0,0.0,0.0,0.0,0.0,0.0,0.0,0.0,0.0,0.0,0.0,0.0,0.0,0.0,0.0,0.0,0.0,-0.0,3.69706430773634e+19,0.0,0.0,0.0,0.0,0.0,0.0,4715.0,-131350.297,6937.0,0.0,-107615936.0,2.004,2.004,0.0,0.0,0.0,0.0,69,126840692736.0,0.0,0.0,0.0,0.0,0.0,0.0,0.0,0.0,0,0,0,0.0,0.0,0.0,0.0,0.0,0.0,0.0,0.0,0.0,0.0,0.0,0.0,0.0,0.0,0.0,0.0,0,-107875648.0,69,0.0,138,0.0,2.012,ERR,ERR,ERR,ERR,ERR,ERR,ERR,ERR,ERR,ERR,ERR,ERR,ERR,ERR,ERR,ERR,ERR,ERR,ERR,ERR,ERR,ERR,ERR,ERR,ERR,ERR,ERR,ERR,ERR,ERR,ERR,ERR,ERR,ERR,ERR,ERR,ERR,ERR,ERR,ERR,ERR,ERR,ERR,ERR,ERR,ERR,ERR,ERR,ERR,ERR,ERR,ERR,ERR,ERR,ERR,ERR,ERR,ERR,ERR,ERR,ERR,ERR,ERR,ERR,ERR,ERR,ERR,60.0,60.0,35,0.0,0.0,0.0,0.0,0.0,0.0,0.0,0.0,0.0,0.0,0.0,0.0,0.0,0.0,0.0,0.0,65.6,0,113,55,38,65476,0,300,0,0,8,20529,65476,0,0,2621,60.0,0.0,0.0,0.0,0.0,0.0
2026-07-09T15:10:32,ERR,ERR,ERR,ERR,ERR,ERR,ERR,ERR,ERR,ERR,ERR,ERR,ERR,ERR,ERR,ERR,ERR,ERR,ERR,ERR,ERR,ERR,ERR,ERR,ERR,ERR,ERR,ERR,ERR,ERR,ERR,ERR,ERR,ERR,ERR,ERR,ERR,ERR,ERR,ERR,ERR,ERR,ERR,ERR,ERR,ERR,ERR,ERR,ERR,ERR,ERR,ERR,ERR,ERR,ERR,ERR,ERR,ERR,ERR,ERR,ERR,ERR,ERR,ERR,ERR,ERR,ERR,ERR,ERR,ERR,ERR,ERR,ERR,ERR,ERR,ERR,ERR,ERR,ERR,ERR,ERR,ERR,ERR,ERR,ERR,ERR,ERR,ERR,ERR,ERR,ERR,ERR,ERR,ERR,ERR,ERR,ERR,ERR,ERR,ERR,ERR,ERR,ERR,ERR,ERR,ERR,ERR,ERR,ERR,ERR,ERR,ERR,ERR,ERR,ERR,ERR,ERR,ERR,ERR,ERR,ERR,ERR,ERR,ERR,ERR,-107615216.0,-0.0,2.730219363828637e+23,0.0,-0.0,-0.0,-3.5636702376406024e+19,-1.7432871174451275e+27,0,0,4,17397,7116,0.0,100,0.0,0.0,0.0,0.0,0.0,0,0,0,0,0.0,0,0,0,0,0,0,0,0,0,0,0,0,0,0,0,0,0,0,0,0,0,0,0,0,0,0,0,0,0,0,0,0,0,31,40,40,71,65476,0,300,0,0,8,21553,0.0,-107605600.0,0.0,0.0,0.0,0.0,0.0,0.0,0.0,0.0,0.0,0.0,0.0,0.0,0.0,0.0,0.0,0.0,0.0,0.0,0.0,0.0,-0.0,3.69706430773634e+19,0.0,0.0,0.0,0.0,0.0,0.0,4715.0,-131350.297,6937.0,0.0,-107615936.0,2.004,2.004,0.0,0.0,0.0,0.0,69,126840692736.0,0.0,0.0,0.0,0.0,0.0,0.0,0.0,0.0,0,0,0,0.0,0.0,0.0,0.0,0.0,0.0,0.0,0.0,0.0,0.0,0.0,0.0,0.0,0.0,0.0,0.0,0,-107875648.0,69,0.0,138,0.0,2.012,ERR,ERR,ERR,ERR,ERR,ERR,ERR,ERR,ERR,ERR,ERR,ERR,ERR,ERR,ERR,ERR,ERR,ERR,ERR,ERR,ERR,ERR,ERR,ERR,ERR,ERR,ERR,ERR,ERR,ERR,ERR,ERR,ERR,ERR,ERR,ERR,ERR,ERR,ERR,ERR,ERR,ERR,ERR,ERR,ERR,ERR,ERR,ERR,ERR,ERR,ERR,ERR,ERR,ERR,ERR,ERR,ERR,ERR,ERR,ERR,ERR,ERR,ERR,ERR,ERR,ERR,ERR,60.0,60.0,35,0.0,0.0,0.0,0.0,0.0,0.0,0.0,0.0,0.0,0.0,0.0,0.0,0.0,0.0,0.0,0.0,65.2,0,113,55,38,65476,0,300,0,0,8,20529,65476,0,0,2621,60.0,0.0,0.0,0.0,0.0,0.0
2026-07-09T15:10:33,ERR,ERR,ERR,ERR,ERR,ERR,ERR,ERR,ERR,ERR,ERR,ERR,ERR,ERR,ERR,ERR,ERR,ERR,ERR,ERR,ERR,ERR,ERR,ERR,ERR,ERR,ERR,ERR,ERR,ERR,ERR,ERR,ERR,ERR,ERR,ERR,ERR,ERR,ERR,ERR,ERR,ERR,ERR,ERR,ERR,ERR,ERR,ERR,ERR,ERR,ERR,ERR,ERR,ERR,ERR,ERR,ERR,ERR,ERR,ERR,ERR,ERR,ERR,ERR,ERR,ERR,ERR,ERR,ERR,ERR,ERR,ERR,ERR,ERR,ERR,ERR,ERR,ERR,ERR,ERR,ERR,ERR,ERR,ERR,ERR,ERR,ERR,ERR,ERR,ERR,ERR,ERR,ERR,ERR,ERR,ERR,ERR,ERR,ERR,ERR,ERR,ERR,ERR,ERR,ERR,ERR,ERR,ERR,ERR,ERR,ERR,ERR,ERR,ERR,ERR,ERR,ERR,ERR,ERR,ERR,ERR,ERR,ERR,ERR,ERR,-107615216.0,0.0,0.0,0.0,-0.0,-6.5213925803394335e+19,0.0,-0.01,0,0,4,17398,7116,0.0,100,0.0,0.0,0.0,0.0,0.0,0,0,0,0,0.0,0,0,0,0,0,0,0,0,0,0,0,0,0,0,0,0,0,0,0,0,0,0,0,0,0,0,0,0,0,0,0,0,0,31,40,40,71,65476,0,300,0,0,8,21553,0.0,-107605600.0,0.0,0.0,0.0,0.0,0.0,0.0,0.0,0.0,0.0,0.0,0.0,0.0,0.0,0.0,0.0,0.0,0.0,0.0,0.0,0.0,2.004,-0.0,0.0,0.0,0.0,0.0,0.0,0.0,4746.0,564145296506880.0,6923.0,-107615216.0,0.0,2.004,2.004,0.0,0.0,0.0,0.0,69,0.0,-152017095884800.0,0.0,0.0,0.0,0.0,0.0,0.0,0.0,0,0,0,0.0,0.0,0.0,0.0,0.0,0.0,0.0,0.0,0.0,0.0,0.0,0.0,0.0,0.0,0.0,0.0,0,-107875648.0,69,0.0,138,0.0,2.012,ERR,ERR,ERR,ERR,ERR,ERR,ERR,ERR,ERR,ERR,ERR,ERR,ERR,ERR,ERR,ERR,ERR,ERR,ERR,ERR,ERR,ERR,ERR,ERR,ERR,ERR,ERR,ERR,ERR,ERR,ERR,ERR,ERR,ERR,ERR,ERR,ERR,ERR,ERR,ERR,ERR,ERR,ERR,ERR,ERR,ERR,ERR,ERR,ERR,ERR,ERR,ERR,ERR,ERR,ERR,ERR,ERR,ERR,ERR,ERR,ERR,ERR,ERR,ERR,ERR,ERR,ERR,60.0,60.0,35,0.0,0.0,0.0,0.0,0.0,0.0,0.0,0.0,0.0,0.0,0.0,0.0,0.0,0.0,0.0,0.0,65.2,0,113,55,38,65476,0,300,0,0,8,20529,65476,0,0,2621,60.0,0.0,0.0,0.0,0.0,0.0
2026-07-09T15:10:34,ERR,ERR,ERR,ERR,ERR,ERR,ERR,ERR,ERR,ERR,ERR,ERR,ERR,ERR,ERR,ERR,ERR,ERR,ERR,ERR,ERR,ERR,ERR,ERR,ERR,ERR,ERR,ERR,ERR,ERR,ERR,ERR,ERR,ERR,ERR,ERR,ERR,ERR,ERR,ERR,ERR,ERR,ERR,ERR,ERR,ERR,ERR,ERR,ERR,ERR,ERR,ERR,ERR,ERR,ERR,ERR,ERR,ERR,ERR,ERR,ERR,ERR,ERR,ERR,ERR,ERR,ERR,ERR,ERR,ERR,ERR,ERR,ERR,ERR,ERR,ERR,ERR,ERR,ERR,ERR,ERR,ERR,ERR,ERR,ERR,ERR,ERR,ERR,ERR,ERR,ERR,ERR,ERR,ERR,ERR,ERR,ERR,ERR,ERR,ERR,ERR,ERR,ERR,ERR,ERR,ERR,ERR,ERR,ERR,ERR,ERR,ERR,ERR,ERR,ERR,ERR,ERR,ERR,ERR,ERR,ERR,ERR,ERR,ERR,ERR,-107615216.0,0.0,0.0,0.0,-0.0,-6.5213925803394335e+19,0.0,-0.01,0,0,4,17398,7116,0.0,100,0.0,0.0,0.0,0.0,0.0,0,0,0,0,0.0,0,0,0,0,0,0,0,0,0,0,0,0,0,0,0,0,0,0,0,0,0,0,0,0,0,0,0,0,0,0,0,0,0,31,40,40,71,65476,0,300,0,0,8,21553,0.0,-107605600.0,0.0,0.0,0.0,0.0,0.0,0.0,0.0,0.0,0.0,0.0,0.0,0.0,0.0,0.0,0.0,0.0,0.0,0.0,0.0,0.0,2.004,-0.0,0.0,0.0,0.0,0.0,0.0,0.0,4746.0,564145296506880.0,6923.0,-107615216.0,0.0,2.004,2.004,0.0,0.0,0.0,0.0,69,0.0,-152017095884800.0,0.0,0.0,0.0,0.0,0.0,0.0,0.0,0,0,0,0.0,0.0,0.0,0.0,0.0,0.0,0.0,0.0,0.0,0.0,0.0,0.0,0.0,0.0,0.0,0.0,0,-107875648.0,69,0.0,138,0.0,2.012,ERR,ERR,ERR,ERR,ERR,ERR,ERR,ERR,ERR,ERR,ERR,ERR,ERR,ERR,ERR,ERR,ERR,ERR,ERR,ERR,ERR,ERR,ERR,ERR,ERR,ERR,ERR,ERR,ERR,ERR,ERR,ERR,ERR,ERR,ERR,ERR,ERR,ERR,ERR,ERR,ERR,ERR,ERR,ERR,ERR,ERR,ERR,ERR,ERR,ERR,ERR,ERR,ERR,ERR,ERR,ERR,ERR,ERR,ERR,ERR,ERR,ERR,ERR,ERR,ERR,ERR,ERR,60.0,60.0,35,0.0,0.0,0.0,0.0,0.0,0.0,0.0,0.0,0.0,0.0,0.0,0.0,0.0,0.0,0.0,0.0,65.2,0,113,55,38,65476,0,300,0,0,8,20529,65476,0,0,2621,60.0,0.0,0.0,0.0,0.0,0.0
2026-07-09T15:10:35,ERR,ERR,ERR,ERR,ERR,ERR,ERR,ERR,ERR,ERR,ERR,ERR,ERR,ERR,ERR,ERR,ERR,ERR,ERR,ERR,ERR,ERR,ERR,ERR,ERR,ERR,ERR,ERR,ERR,ERR,ERR,ERR,ERR,ERR,ERR,ERR,ERR,ERR,ERR,ERR,ERR,ERR,ERR,ERR,ERR,ERR,ERR,ERR,ERR,ERR,ERR,ERR,ERR,ERR,ERR,ERR,ERR,ERR,ERR,ERR,ERR,ERR,ERR,ERR,ERR,ERR,ERR,ERR,ERR,ERR,ERR,ERR,ERR,ERR,ERR,ERR,ERR,ERR,ERR,ERR,ERR,ERR,ERR,ERR,ERR,ERR,ERR,ERR,ERR,ERR,ERR,ERR,ERR,ERR,ERR,ERR,ERR,ERR,ERR,ERR,ERR,ERR,ERR,ERR,ERR,ERR,ERR,ERR,ERR,ERR,ERR,ERR,ERR,ERR,ERR,ERR,ERR,ERR,ERR,ERR,ERR,ERR,ERR,ERR,ERR,-107615216.0,0.0,0.0,0.0,-0.0,-6.5213925803394335e+19,0.0,-0.01,0,0,4,17398,7116,0.0,100,0.0,0.0,0.0,0.0,0.0,0,0,0,0,0.0,0,0,0,0,0,0,0,0,0,0,0,0,0,0,0,0,0,0,0,0,0,0,0,0,0,0,0,0,0,0,0,0,0,31,40,40,71,65476,0,300,0,0,8,21553,0.0,-107605600.0,0.0,0.0,0.0,0.0,0.0,0.0,0.0,0.0,0.0,0.0,0.0,0.0,0.0,0.0,0.0,0.0,0.0,0.0,0.0,0.0,2.004,-0.0,0.0,0.0,0.0,0.0,0.0,0.0,4746.0,564145296506880.0,6923.0,-107615216.0,0.0,2.004,2.004,0.0,0.0,0.0,0.0,69,0.0,-152017095884800.0,0.0,0.0,0.0,0.0,0.0,0.0,0.0,0,0,0,0.0,0.0,0.0,0.0,0.0,0.0,0.0,0.0,0.0,0.0,0.0,0.0,0.0,0.0,0.0,0.0,0,-107875648.0,69,0.0,138,0.0,2.012,ERR,ERR,ERR,ERR,ERR,ERR,ERR,ERR,ERR,ERR,ERR,ERR,ERR,ERR,ERR,ERR,ERR,ERR,ERR,ERR,ERR,ERR,ERR,ERR,ERR,ERR,ERR,ERR,ERR,ERR,ERR,ERR,ERR,ERR,ERR,ERR,ERR,ERR,ERR,ERR,ERR,ERR,ERR,ERR,ERR,ERR,ERR,ERR,ERR,ERR,ERR,ERR,ERR,ERR,ERR,ERR,ERR,ERR,ERR,ERR,ERR,ERR,ERR,ERR,ERR,ERR,ERR,60.0,60.0,35,0.0,0.0,0.0,0.0,0.0,0.0,0.0,0.0,0.0,0.0,0.0,0.0,0.0,0.0,0.0,0.0,65.6,0,113,55,38,65476,0,300,0,0,8,20529,65476,0,0,2621,60.0,0.0,0.0,0.0,0.0,0.0
2026-07-09T15:10:36,ERR,ERR,ERR,ERR,ERR,ERR,ERR,ERR,ERR,ERR,ERR,ERR,ERR,ERR,ERR,ERR,ERR,ERR,ERR,ERR,ERR,ERR,ERR,ERR,ERR,ERR,ERR,ERR,ERR,ERR,ERR,ERR,ERR,ERR,ERR,ERR,ERR,ERR,ERR,ERR,ERR,ERR,ERR,ERR,ERR,ERR,ERR,ERR,ERR,ERR,ERR,ERR,ERR,ERR,ERR,ERR,ERR,ERR,ERR,ERR,ERR,ERR,ERR,ERR,ERR,ERR,ERR,ERR,ERR,ERR,ERR,ERR,ERR,ERR,ERR,ERR,ERR,ERR,ERR,ERR,ERR,ERR,ERR,ERR,ERR,ERR,ERR,ERR,ERR,ERR,ERR,ERR,ERR,ERR,ERR,ERR,ERR,ERR,ERR,ERR,ERR,ERR,ERR,ERR,ERR,ERR,ERR,ERR,ERR,ERR,ERR,ERR,ERR,ERR,ERR,ERR,ERR,ERR,ERR,ERR,ERR,ERR,ERR,ERR,ERR,-107615216.0,0.0,0.0,0.0,-0.0,-6.5213925803394335e+19,0.0,-0.01,0,0,4,17398,7116,0.0,100,0.0,0.0,0.0,0.0,0.0,0,0,0,0,0.0,0,0,0,0,0,0,0,0,0,0,0,0,0,0,0,0,0,0,0,0,0,0,0,0,0,0,0,0,0,0,0,0,0,31,40,40,71,65476,0,300,0,0,8,21553,0.0,-107605600.0,0.0,0.0,0.0,0.0,0.0,0.0,0.0,0.0,0.0,0.0,0.0,0.0,0.0,0.0,0.0,0.0,0.0,0.0,0.0,0.0,2.004,-0.0,0.0,0.0,0.0,0.0,0.0,0.0,4746.0,564145296506880.0,6923.0,-107615216.0,0.0,2.004,2.004,0.0,0.0,0.0,0.0,69,0.0,-152017095884800.0,0.0,0.0,0.0,0.0,0.0,0.0,0.0,0,0,0,0.0,0.0,0.0,0.0,0.0,0.0,0.0,0.0,0.0,0.0,0.0,0.0,0.0,0.0,0.0,0.0,0,-107875648.0,69,0.0,138,0.0,2.012,ERR,ERR,ERR,ERR,ERR,ERR,ERR,ERR,ERR,ERR,ERR,ERR,ERR,ERR,ERR,ERR,ERR,ERR,ERR,ERR,ERR,ERR,ERR,ERR,ERR,ERR,ERR,ERR,ERR,ERR,ERR,ERR,ERR,ERR,ERR,ERR,ERR,ERR,ERR,ERR,ERR,ERR,ERR,ERR,ERR,ERR,ERR,ERR,ERR,ERR,ERR,ERR,ERR,ERR,ERR,ERR,ERR,ERR,ERR,ERR,ERR,ERR,ERR,ERR,ERR,ERR,ERR,60.0,60.0,35,0.0,0.0,0.0,0.0,0.0,0.0,0.0,0.0,0.0,0.0,0.0,0.0,0.0,0.0,0.0,0.0,65.6,0,113,55,38,65476,0,300,0,0,8,20529,65476,0,0,2621,60.0,0.0,0.0,0.0,0.0,0.0
2026-07-09T15:10:37,ERR,ERR,ERR,ERR,ERR,ERR,ERR,ERR,ERR,ERR,ERR,ERR,ERR,ERR,ERR,ERR,ERR,ERR,ERR,ERR,ERR,ERR,ERR,ERR,ERR,ERR,ERR,ERR,ERR,ERR,ERR,ERR,ERR,ERR,ERR,ERR,ERR,ERR,ERR,ERR,ERR,ERR,ERR,ERR,ERR,ERR,ERR,ERR,ERR,ERR,ERR,ERR,ERR,ERR,ERR,ERR,ERR,ERR,ERR,ERR,ERR,ERR,ERR,ERR,ERR,ERR,ERR,ERR,ERR,ERR,ERR,ERR,ERR,ERR,ERR,ERR,ERR,ERR,ERR,ERR,ERR,ERR,ERR,ERR,ERR,ERR,ERR,ERR,ERR,ERR,ERR,ERR,ERR,ERR,ERR,ERR,ERR,ERR,ERR,ERR,ERR,ERR,ERR,ERR,ERR,ERR,ERR,ERR,ERR,ERR,ERR,ERR,ERR,ERR,ERR,ERR,ERR,ERR,ERR,ERR,ERR,ERR,ERR,ERR,ERR,-107615216.0,0.0,0.0,0.0,-0.0,-6.5213925803394335e+19,0.0,-0.01,0,0,4,17398,7116,0.0,100,0.0,0.0,0.0,0.0,0.0,0,0,0,0,0.0,0,0,0,0,0,0,0,0,0,0,0,0,0,0,0,0,0,0,0,0,0,0,0,0,0,0,0,0,0,0,0,0,0,31,40,40,71,65476,0,300,0,0,8,21553,0.0,-107605600.0,0.0,0.0,0.0,0.0,0.0,0.0,0.0,0.0,0.0,0.0,0.0,0.0,0.0,0.0,0.0,0.0,0.0,0.0,0.0,0.0,2.004,-0.0,0.0,0.0,0.0,0.0,0.0,0.0,4746.0,564145296506880.0,6923.0,-107615216.0,0.0,2.004,2.004,0.0,0.0,0.0,0.0,69,0.0,-152017095884800.0,0.0,0.0,0.0,0.0,0.0,0.0,0.0,0,0,0,0.0,0.0,0.0,0.0,0.0,0.0,0.0,0.0,0.0,0.0,0.0,0.0,0.0,0.0,0.0,0.0,0,-107875648.0,69,0.0,138,0.0,2.012,ERR,ERR,ERR,ERR,ERR,ERR,ERR,ERR,ERR,ERR,ERR,ERR,ERR,ERR,ERR,ERR,ERR,ERR,ERR,ERR,ERR,ERR,ERR,ERR,ERR,ERR,ERR,ERR,ERR,ERR,ERR,ERR,ERR,ERR,ERR,ERR,ERR,ERR,ERR,ERR,ERR,ERR,ERR,ERR,ERR,ERR,ERR,ERR,ERR,ERR,ERR,ERR,ERR,ERR,ERR,ERR,ERR,ERR,ERR,ERR,ERR,ERR,ERR,ERR,ERR,ERR,ERR,60.0,60.0,35,0.0,0.0,0.0,0.0,0.0,0.0,0.0,0.0,0.0,0.0,0.0,0.0,0.0,0.0,0.0,0.0,65.2,0,113,55,38,65476,0,300,0,0,8,20529,65476,0,0,2621,60.0,0.0,0.0,0.0,0.0,0.0
2026-07-09T15:10:38,ERR,ERR,ERR,ERR,ERR,ERR,ERR,ERR,ERR,ERR,ERR,ERR,ERR,ERR,ERR,ERR,ERR,ERR,ERR,ERR,ERR,ERR,ERR,ERR,ERR,ERR,ERR,ERR,ERR,ERR,ERR,ERR,ERR,ERR,ERR,ERR,ERR,ERR,ERR,ERR,ERR,ERR,ERR,ERR,ERR,ERR,ERR,ERR,ERR,ERR,ERR,ERR,ERR,ERR,ERR,ERR,ERR,ERR,ERR,ERR,ERR,ERR,ERR,ERR,ERR,ERR,ERR,ERR,ERR,ERR,ERR,ERR,ERR,ERR,ERR,ERR,ERR,ERR,ERR,ERR,ERR,ERR,ERR,ERR,ERR,ERR,ERR,ERR,ERR,ERR,ERR,ERR,ERR,ERR,ERR,ERR,ERR,ERR,ERR,ERR,ERR,ERR,ERR,ERR,ERR,ERR,ERR,ERR,ERR,ERR,ERR,ERR,ERR,ERR,ERR,ERR,ERR,ERR,ERR,ERR,ERR,ERR,ERR,ERR,ERR,-107615216.0,0.0,-0.0,-0.0,2.6920689655087104e+16,0.0,0.0,0.0,0,0,4,17400,7116,0.0,100,0.0,0.0,-0.0,0.0,0.0,0,0,0,0,0.0,0,0,0,0,0,0,0,0,0,0,0,0,0,0,0,0,0,0,0,0,0,0,0,0,0,0,0,0,0,0,0,0,0,31,40,40,71,65476,0,300,0,0,8,21553,0.0,-107605600.0,0.0,0.0,0.0,0.0,0.0,0.0,0.0,0.0,0.0,0.0,0.0,0.0,0.0,0.0,0.0,0.0,0.0,0.0,0.0,0.0,2.004,-2.004,0.0,0.0,0.0,0.0,0.0,0.0,4761.0,564145296506880.0,6923.0,2.71842713856433e+23,2.7184435316669736e+23,2.004,2.004,0.0,0.0,0.0,0.0,69,5.8480628136940176e+35,0.0,0.0,0.0,0.0,0.0,0.0,0.0,0.0,0,0,0,0.0,0.0,0.0,0.0,0.0,0.0,0.0,0.0,0.0,0.0,0.0,0.0,0.0,0.0,0.0,0.0,0,-107875648.0,69,0.0,138,0.0,2.012,ERR,ERR,ERR,ERR,ERR,ERR,ERR,ERR,ERR,ERR,ERR,ERR,ERR,ERR,ERR,ERR,ERR,ERR,ERR,ERR,ERR,ERR,ERR,ERR,ERR,ERR,ERR,ERR,ERR,ERR,ERR,ERR,ERR,ERR,ERR,ERR,ERR,ERR,ERR,ERR,ERR,ERR,ERR,ERR,ERR,ERR,ERR,ERR,ERR,ERR,ERR,ERR,ERR,ERR,ERR,ERR,ERR,ERR,ERR,ERR,ERR,ERR,ERR,ERR,ERR,ERR,ERR,60.0,60.0,35,0.0,0.0,0.0,0.0,0.0,0.0,0.0,0.0,0.0,0.0,0.0,0.0,0.0,0.0,0.0,0.0,65.2,0,113,55,38,65476,0,300,0,0,8,20529,65476,0,0,2621,60.0,0.0,0.0,0.0,0.0,0.0
2026-07-09T15:10:39,ERR,ERR,ERR,ERR,ERR,ERR,ERR,ERR,ERR,ERR,ERR,ERR,ERR,ERR,ERR,ERR,ERR,ERR,ERR,ERR,ERR,ERR,ERR,ERR,ERR,ERR,ERR,ERR,ERR,ERR,ERR,ERR,ERR,ERR,ERR,ERR,ERR,ERR,ERR,ERR,ERR,ERR,ERR,ERR,ERR,ERR,ERR,ERR,ERR,ERR,ERR,ERR,ERR,ERR,ERR,ERR,ERR,ERR,ERR,ERR,ERR,ERR,ERR,ERR,ERR,ERR,ERR,ERR,ERR,ERR,ERR,ERR,ERR,ERR,ERR,ERR,ERR,ERR,ERR,ERR,ERR,ERR,ERR,ERR,ERR,ERR,ERR,ERR,ERR,ERR,ERR,ERR,ERR,ERR,ERR,ERR,ERR,ERR,ERR,ERR,ERR,ERR,ERR,ERR,ERR,ERR,ERR,ERR,ERR,ERR,ERR,ERR,ERR,ERR,ERR,ERR,ERR,ERR,ERR,ERR,ERR,ERR,ERR,ERR,ERR,-107615216.0,0.0,-0.0,-0.0,2.6920689655087104e+16,0.0,0.0,0.0,0,0,4,17400,7116,0.0,100,0.0,0.0,-0.0,0.0,0.0,0,0,0,0,0.0,0,0,0,0,0,0,0,0,0,0,0,0,0,0,0,0,0,0,0,0,0,0,0,0,0,0,0,0,0,0,0,0,0,31,40,40,71,65476,0,300,0,0,8,21553,0.0,-107605600.0,0.0,0.0,0.0,0.0,0.0,0.0,0.0,0.0,0.0,0.0,0.0,0.0,0.0,0.0,0.0,0.0,0.0,0.0,0.0,0.0,2.004,-2.004,0.0,0.0,0.0,0.0,0.0,0.0,4761.0,564145296506880.0,6923.0,2.71842713856433e+23,2.7184435316669736e+23,2.004,2.004,0.0,0.0,0.0,0.0,69,5.8480628136940176e+35,0.0,0.0,0.0,0.0,0.0,0.0,0.0,0.0,0,0,0,0.0,0.0,0.0,0.0,0.0,0.0,0.0,0.0,0.0,0.0,0.0,0.0,0.0,0.0,0.0,0.0,0,-107875648.0,69,0.0,138,0.0,2.012,ERR,ERR,ERR,ERR,ERR,ERR,ERR,ERR,ERR,ERR,ERR,ERR,ERR,ERR,ERR,ERR,ERR,ERR,ERR,ERR,ERR,ERR,ERR,ERR,ERR,ERR,ERR,ERR,ERR,ERR,ERR,ERR,ERR,ERR,ERR,ERR,ERR,ERR,ERR,ERR,ERR,ERR,ERR,ERR,ERR,ERR,ERR,ERR,ERR,ERR,ERR,ERR,ERR,ERR,ERR,ERR,ERR,ERR,ERR,ERR,ERR,ERR,ERR,ERR,ERR,ERR,ERR,60.0,60.0,35,0.0,0.0,0.0,0.0,0.0,0.0,0.0,0.0,0.0,0.0,0.0,0.0,0.0,0.0,0.0,0.0,65.2,0,113,55,38,65476,0,300,0,0,8,20529,65476,0,0,2621,60.0,0.0,0.0,0.0,0.0,0.0
2026-07-09T15:10:40,ERR,ERR,ERR,ERR,ERR,ERR,ERR,ERR,ERR,ERR,ERR,ERR,ERR,ERR,ERR,ERR,ERR,ERR,ERR,ERR,ERR,ERR,ERR,ERR,ERR,ERR,ERR,ERR,ERR,ERR,ERR,ERR,ERR,ERR,ERR,ERR,ERR,ERR,ERR,ERR,ERR,ERR,ERR,ERR,ERR,ERR,ERR,ERR,ERR,ERR,ERR,ERR,ERR,ERR,ERR,ERR,ERR,ERR,ERR,ERR,ERR,ERR,ERR,ERR,ERR,ERR,ERR,ERR,ERR,ERR,ERR,ERR,ERR,ERR,ERR,ERR,ERR,ERR,ERR,ERR,ERR,ERR,ERR,ERR,ERR,ERR,ERR,ERR,ERR,ERR,ERR,ERR,ERR,ERR,ERR,ERR,ERR,ERR,ERR,ERR,ERR,ERR,ERR,ERR,ERR,ERR,ERR,ERR,ERR,ERR,ERR,ERR,ERR,ERR,ERR,ERR,ERR,ERR,ERR,ERR,ERR,ERR,ERR,ERR,ERR,-107615216.0,0.0,-0.0,-0.0,2.6920689655087104e+16,0.0,0.0,0.0,0,0,4,17400,7116,0.0,100,0.0,0.0,-0.0,0.0,0.0,0,0,0,0,0.0,0,0,0,0,0,0,0,0,0,0,0,0,0,0,0,0,0,0,0,0,0,0,0,0,0,0,0,0,0,0,0,0,0,31,40,40,71,65476,0,300,0,0,8,21553,0.0,-107605600.0,0.0,0.0,0.0,0.0,0.0,0.0,0.0,0.0,0.0,0.0,0.0,0.0,0.0,0.0,0.0,0.0,0.0,0.0,0.0,0.0,2.004,-2.004,0.0,0.0,0.0,0.0,0.0,0.0,4761.0,564145296506880.0,6923.0,2.71842713856433e+23,2.7184435316669736e+23,2.004,2.004,0.0,0.0,0.0,0.0,69,5.8480628136940176e+35,0.0,0.0,0.0,0.0,0.0,0.0,0.0,0.0,0,0,0,0.0,0.0,0.0,0.0,0.0,0.0,0.0,0.0,0.0,0.0,0.0,0.0,0.0,0.0,0.0,0.0,0,-107875648.0,69,0.0,138,0.0,2.012,ERR,ERR,ERR,ERR,ERR,ERR,ERR,ERR,ERR,ERR,ERR,ERR,ERR,ERR,ERR,ERR,ERR,ERR,ERR,ERR,ERR,ERR,ERR,ERR,ERR,ERR,ERR,ERR,ERR,ERR,ERR,ERR,ERR,ERR,ERR,ERR,ERR,ERR,ERR,ERR,ERR,ERR,ERR,ERR,ERR,ERR,ERR,ERR,ERR,ERR,ERR,ERR,ERR,ERR,ERR,ERR,ERR,ERR,ERR,ERR,ERR,ERR,ERR,ERR,ERR,ERR,ERR,60.0,60.0,35,0.0,0.0,0.0,0.0,0.0,0.0,0.0,0.0,0.0,0.0,0.0,0.0,0.0,0.0,0.0,0.0,65.2,0,113,55,38,65476,0,300,0,0,8,20529,65476,0,0,2621,60.0,0.0,0.0,0.0,0.0,0.0
2026-07-09T15:10:41,ERR,ERR,ERR,ERR,ERR,ERR,ERR,ERR,ERR,ERR,ERR,ERR,ERR,ERR,ERR,ERR,ERR,ERR,ERR,ERR,ERR,ERR,ERR,ERR,ERR,ERR,ERR,ERR,ERR,ERR,ERR,ERR,ERR,ERR,ERR,ERR,ERR,ERR,ERR,ERR,ERR,ERR,ERR,ERR,ERR,ERR,ERR,ERR,ERR,ERR,ERR,ERR,ERR,ERR,ERR,ERR,ERR,ERR,ERR,ERR,ERR,ERR,ERR,ERR,ERR,ERR,ERR,ERR,ERR,ERR,ERR,ERR,ERR,ERR,ERR,ERR,ERR,ERR,ERR,ERR,ERR,ERR,ERR,ERR,ERR,ERR,ERR,ERR,ERR,ERR,ERR,ERR,ERR,ERR,ERR,ERR,ERR,ERR,ERR,ERR,ERR,ERR,ERR,ERR,ERR,ERR,ERR,ERR,ERR,ERR,ERR,ERR,ERR,ERR,ERR,ERR,ERR,ERR,ERR,ERR,ERR,ERR,ERR,ERR,ERR,-107615216.0,0.0,-0.0,-0.0,2.6920689655087104e+16,0.0,0.0,0.0,0,0,4,17400,7116,0.0,100,0.0,0.0,-0.0,0.0,0.0,0,0,0,0,0.0,0,0,0,0,0,0,0,0,0,0,0,0,0,0,0,0,0,0,0,0,0,0,0,0,0,0,0,0,0,0,0,0,0,31,40,40,71,65476,0,300,0,0,8,21553,0.0,-107605600.0,0.0,0.0,0.0,0.0,0.0,0.0,0.0,0.0,0.0,0.0,0.0,0.0,0.0,0.0,0.0,0.0,0.0,0.0,0.0,0.0,2.004,-2.004,0.0,0.0,0.0,0.0,0.0,0.0,4761.0,564145296506880.0,6923.0,2.71842713856433e+23,2.7184435316669736e+23,2.004,2.004,0.0,0.0,0.0,0.0,69,5.8480628136940176e+35,0.0,0.0,0.0,0.0,0.0,0.0,0.0,0.0,0,0,0,0.0,0.0,0.0,0.0,0.0,0.0,0.0,0.0,0.0,0.0,0.0,0.0,0.0,0.0,0.0,0.0,0,-107875648.0,69,0.0,138,0.0,2.012,ERR,ERR,ERR,ERR,ERR,ERR,ERR,ERR,ERR,ERR,ERR,ERR,ERR,ERR,ERR,ERR,ERR,ERR,ERR,ERR,ERR,ERR,ERR,ERR,ERR,ERR,ERR,ERR,ERR,ERR,ERR,ERR,ERR,ERR,ERR,ERR,ERR,ERR,ERR,ERR,ERR,ERR,ERR,ERR,ERR,ERR,ERR,ERR,ERR,ERR,ERR,ERR,ERR,ERR,ERR,ERR,ERR,ERR,ERR,ERR,ERR,ERR,ERR,ERR,ERR,ERR,ERR,60.0,60.0,35,0.0,0.0,0.0,0.0,0.0,0.0,0.0,0.0,0.0,0.0,0.0,0.0,0.0,0.0,0.0,0.0,65.2,0,113,55,38,65476,0,300,0,0,8,20529,65476,0,0,2621,60.0,0.0,0.0,0.0,0.0,0.0
2026-07-09T15:10:42,ERR,ERR,ERR,ERR,ERR,ERR,ERR,ERR,ERR,ERR,ERR,ERR,ERR,ERR,ERR,ERR,ERR,ERR,ERR,ERR,ERR,ERR,ERR,ERR,ERR,ERR,ERR,ERR,ERR,ERR,ERR,ERR,ERR,ERR,ERR,ERR,ERR,ERR,ERR,ERR,ERR,ERR,ERR,ERR,ERR,ERR,ERR,ERR,ERR,ERR,ERR,ERR,ERR,ERR,ERR,ERR,ERR,ERR,ERR,ERR,ERR,ERR,ERR,ERR,ERR,ERR,ERR,ERR,ERR,ERR,ERR,ERR,ERR,ERR,ERR,ERR,ERR,ERR,ERR,ERR,ERR,ERR,ERR,ERR,ERR,ERR,ERR,ERR,ERR,ERR,ERR,ERR,ERR,ERR,ERR,ERR,ERR,ERR,ERR,ERR,ERR,ERR,ERR,ERR,ERR,ERR,ERR,ERR,ERR,ERR,ERR,ERR,ERR,ERR,ERR,ERR,ERR,ERR,ERR,ERR,ERR,ERR,ERR,ERR,ERR,-107615216.0,0.0,-0.0,-0.0,2.6920689655087104e+16,0.0,0.0,0.0,0,0,4,17400,7116,0.0,100,0.0,0.0,-0.0,0.0,0.0,0,0,0,0,0.0,0,0,0,0,0,0,0,0,0,0,0,0,0,0,0,0,0,0,0,0,0,0,0,0,0,0,0,0,0,0,0,0,0,31,40,40,71,65476,0,300,0,0,8,21553,0.0,-107605600.0,0.0,0.0,0.0,0.0,0.0,0.0,0.0,0.0,0.0,0.0,0.0,0.0,0.0,0.0,0.0,0.0,0.0,0.0,0.0,0.0,2.004,-2.004,0.0,0.0,0.0,0.0,0.0,0.0,4761.0,564145296506880.0,6923.0,2.71842713856433e+23,2.7184435316669736e+23,2.004,2.004,0.0,0.0,0.0,0.0,69,5.8480628136940176e+35,0.0,0.0,0.0,0.0,0.0,0.0,0.0,0.0,0,0,0,0.0,0.0,0.0,0.0,0.0,0.0,0.0,0.0,0.0,0.0,0.0,0.0,0.0,0.0,0.0,0.0,0,-107875648.0,69,0.0,138,0.0,2.012,ERR,ERR,ERR,ERR,ERR,ERR,ERR,ERR,ERR,ERR,ERR,ERR,ERR,ERR,ERR,ERR,ERR,ERR,ERR,ERR,ERR,ERR,ERR,ERR,ERR,ERR,ERR,ERR,ERR,ERR,ERR,ERR,ERR,ERR,ERR,ERR,ERR,ERR,ERR,ERR,ERR,ERR,ERR,ERR,ERR,ERR,ERR,ERR,ERR,ERR,ERR,ERR,ERR,ERR,ERR,ERR,ERR,ERR,ERR,ERR,ERR,ERR,ERR,ERR,ERR,ERR,ERR,60.0,60.0,35,0.0,0.0,0.0,0.0,0.0,0.0,0.0,0.0,0.0,0.0,0.0,0.0,0.0,0.0,0.0,0.0,65.2,0,113,55,38,65476,0,300,0,0,8,20529,65476,0,0,2621,60.0,0.0,0.0,0.0,0.0,0.0
2026-07-09T15:10:43,ERR,ERR,ERR,ERR,ERR,ERR,ERR,ERR,ERR,ERR,ERR,ERR,ERR,ERR,ERR,ERR,ERR,ERR,ERR,ERR,ERR,ERR,ERR,ERR,ERR,ERR,ERR,ERR,ERR,ERR,ERR,ERR,ERR,ERR,ERR,ERR,ERR,ERR,ERR,ERR,ERR,ERR,ERR,ERR,ERR,ERR,ERR,ERR,ERR,ERR,ERR,ERR,ERR,ERR,ERR,ERR,ERR,ERR,ERR,ERR,ERR,ERR,ERR,ERR,ERR,ERR,ERR,ERR,ERR,ERR,ERR,ERR,ERR,ERR,ERR,ERR,ERR,ERR,ERR,ERR,ERR,ERR,ERR,ERR,ERR,ERR,ERR,ERR,ERR,ERR,ERR,ERR,ERR,ERR,ERR,ERR,ERR,ERR,ERR,ERR,ERR,ERR,ERR,ERR,ERR,ERR,ERR,ERR,ERR,ERR,ERR,ERR,ERR,ERR,ERR,ERR,ERR,ERR,ERR,ERR,ERR,ERR,ERR,ERR,ERR,2.71842713856433e+23,2.7184435316669736e+23,2.718413807909433e+23,2.718366610185338e+23,0.0,0.0,0.0,-1.5340573491304858e+17,0,0,4,17398,7116,0.0,100,0.0,0.0,-107612512.0,0.0,0.0,0,0,0,0,0.0,0,0,0,0,0,0,0,0,0,0,0,0,0,0,0,0,0,0,0,0,0,0,0,0,0,0,0,0,0,0,0,0,0,31,40,40,71,65476,0,300,0,0,8,21553,0.0,-107605600.0,0.0,0.0,0.0,0.0,0.0,0.0,0.0,0.0,0.0,0.0,0.0,0.0,0.0,0.0,0.0,0.0,0.0,0.0,0.0,0.0,0.0,-3.69706430773634e+19,0.0,0.0,0.0,0.0,0.0,0.0,4749.0,-2.004,6936.0,2.71842713856433e+23,2.7184435316669736e+23,2.004,2.004,0.0,0.0,0.0,0.0,69,0.0,5.8480517217512656e+35,0.0,0.0,0.0,0.0,0.0,0.0,0.0,0,0,0,0.0,0.0,0.0,0.0,0.0,0.0,0.0,0.0,0.0,0.0,0.0,0.0,0.0,0.0,0.0,0.0,0,-107875648.0,69,0.0,138,0.0,2.012,ERR,ERR,ERR,ERR,ERR,ERR,ERR,ERR,ERR,ERR,ERR,ERR,ERR,ERR,ERR,ERR,ERR,ERR,ERR,ERR,ERR,ERR,ERR,ERR,ERR,ERR,ERR,ERR,ERR,ERR,ERR,ERR,ERR,ERR,ERR,ERR,ERR,ERR,ERR,ERR,ERR,ERR,ERR,ERR,ERR,ERR,ERR,ERR,ERR,ERR,ERR,ERR,ERR,ERR,ERR,ERR,ERR,ERR,ERR,ERR,ERR,ERR,ERR,ERR,ERR,ERR,ERR,60.0,60.0,35,0.0,0.0,0.0,0.0,0.0,0.0,0.0,0.0,0.0,0.0,0.0,0.0,0.0,0.0,0.0,0.0,65.2,0,113,55,38,65476,0,300,0,0,8,20529,65476,0,0,2621,60.0,0.0,0.0,0.0,0.0,0.0
2026-07-09T15:10:44,ERR,ERR,ERR,ERR,ERR,ERR,ERR,ERR,ERR,ERR,ERR,ERR,ERR,ERR,ERR,ERR,ERR,ERR,ERR,ERR,ERR,ERR,ERR,ERR,ERR,ERR,ERR,ERR,ERR,ERR,ERR,ERR,ERR,ERR,ERR,ERR,ERR,ERR,ERR,ERR,ERR,ERR,ERR,ERR,ERR,ERR,ERR,ERR,ERR,ERR,ERR,ERR,ERR,ERR,ERR,ERR,ERR,ERR,ERR,ERR,ERR,ERR,ERR,ERR,ERR,ERR,ERR,ERR,ERR,ERR,ERR,ERR,ERR,ERR,ERR,ERR,ERR,ERR,ERR,ERR,ERR,ERR,ERR,ERR,ERR,ERR,ERR,ERR,ERR,ERR,ERR,ERR,ERR,ERR,ERR,ERR,ERR,ERR,ERR,ERR,ERR,ERR,ERR,ERR,ERR,ERR,ERR,ERR,ERR,ERR,ERR,ERR,ERR,ERR,ERR,ERR,ERR,ERR,ERR,ERR,ERR,ERR,ERR,ERR,ERR,2.71842713856433e+23,2.7184435316669736e+23,2.718413807909433e+23,2.718366610185338e+23,0.0,0.0,0.0,-1.5340573491304858e+17,0,0,4,17398,7116,0.0,100,0.0,0.0,-107612512.0,0.0,0.0,0,0,0,0,0.0,0,0,0,0,0,0,0,0,0,0,0,0,0,0,0,0,0,0,0,0,0,0,0,0,0,0,0,0,0,0,0,0,0,31,40,40,71,65476,0,300,0,0,8,21553,0.0,-107605600.0,0.0,0.0,0.0,0.0,0.0,0.0,0.0,0.0,0.0,0.0,0.0,0.0,0.0,0.0,0.0,0.0,0.0,0.0,0.0,0.0,0.0,-3.69706430773634e+19,0.0,0.0,0.0,0.0,0.0,0.0,4749.0,-2.004,6936.0,2.71842713856433e+23,2.7184435316669736e+23,2.004,2.004,0.0,0.0,0.0,0.0,69,0.0,5.8480517217512656e+35,0.0,0.0,0.0,0.0,0.0,0.0,0.0,0,0,0,0.0,0.0,0.0,0.0,0.0,0.0,0.0,0.0,0.0,0.0,0.0,0.0,0.0,0.0,0.0,0.0,0,-107875648.0,69,0.0,138,0.0,2.012,ERR,ERR,ERR,ERR,ERR,ERR,ERR,ERR,ERR,ERR,ERR,ERR,ERR,ERR,ERR,ERR,ERR,ERR,ERR,ERR,ERR,ERR,ERR,ERR,ERR,ERR,ERR,ERR,ERR,ERR,ERR,ERR,ERR,ERR,ERR,ERR,ERR,ERR,ERR,ERR,ERR,ERR,ERR,ERR,ERR,ERR,ERR,ERR,ERR,ERR,ERR,ERR,ERR,ERR,ERR,ERR,ERR,ERR,ERR,ERR,ERR,ERR,ERR,ERR,ERR,ERR,ERR,60.0,60.0,35,0.0,0.0,0.0,0.0,0.0,0.0,0.0,0.0,0.0,0.0,0.0,0.0,0.0,0.0,0.0,0.0,65.2,0,114,55,38,65476,0,300,0,0,8,20529,65476,0,0,2621,60.0,0.0,0.0,0.0,0.0,0.0
2026-07-09T15:10:45,ERR,ERR,ERR,ERR,ERR,ERR,ERR,ERR,ERR,ERR,ERR,ERR,ERR,ERR,ERR,ERR,ERR,ERR,ERR,ERR,ERR,ERR,ERR,ERR,ERR,ERR,ERR,ERR,ERR,ERR,ERR,ERR,ERR,ERR,ERR,ERR,ERR,ERR,ERR,ERR,ERR,ERR,ERR,ERR,ERR,ERR,ERR,ERR,ERR,ERR,ERR,ERR,ERR,ERR,ERR,ERR,ERR,ERR,ERR,ERR,ERR,ERR,ERR,ERR,ERR,ERR,ERR,ERR,ERR,ERR,ERR,ERR,ERR,ERR,ERR,ERR,ERR,ERR,ERR,ERR,ERR,ERR,ERR,ERR,ERR,ERR,ERR,ERR,ERR,ERR,ERR,ERR,ERR,ERR,ERR,ERR,ERR,ERR,ERR,ERR,ERR,ERR,ERR,ERR,ERR,ERR,ERR,ERR,ERR,ERR,ERR,ERR,ERR,ERR,ERR,ERR,ERR,ERR,ERR,ERR,ERR,ERR,ERR,ERR,ERR,2.71842713856433e+23,2.7184435316669736e+23,2.718413807909433e+23,2.718366610185338e+23,0.0,0.0,0.0,-1.5340573491304858e+17,0,0,4,17398,7116,0.0,100,0.0,0.0,-107612512.0,0.0,0.0,0,0,0,0,0.0,0,0,0,0,0,0,0,0,0,0,0,0,0,0,0,0,0,0,0,0,0,0,0,0,0,0,0,0,0,0,0,0,0,31,40,40,71,65476,0,300,0,0,8,21553,0.0,-107605600.0,0.0,0.0,0.0,0.0,0.0,0.0,0.0,0.0,0.0,0.0,0.0,0.0,0.0,0.0,0.0,0.0,0.0,0.0,0.0,0.0,0.0,-3.69706430773634e+19,0.0,0.0,0.0,0.0,0.0,0.0,4749.0,-2.004,6936.0,2.71842713856433e+23,2.7184435316669736e+23,2.004,2.004,0.0,0.0,0.0,0.0,69,0.0,5.8480517217512656e+35,0.0,0.0,0.0,0.0,0.0,0.0,0.0,0,0,0,0.0,0.0,0.0,0.0,0.0,0.0,0.0,0.0,0.0,0.0,0.0,0.0,0.0,0.0,0.0,0.0,0,-107875648.0,69,0.0,138,0.0,2.012,ERR,ERR,ERR,ERR,ERR,ERR,ERR,ERR,ERR,ERR,ERR,ERR,ERR,ERR,ERR,ERR,ERR,ERR,ERR,ERR,ERR,ERR,ERR,ERR,ERR,ERR,ERR,ERR,ERR,ERR,ERR,ERR,ERR,ERR,ERR,ERR,ERR,ERR,ERR,ERR,ERR,ERR,ERR,ERR,ERR,ERR,ERR,ERR,ERR,ERR,ERR,ERR,ERR,ERR,ERR,ERR,ERR,ERR,ERR,ERR,ERR,ERR,ERR,ERR,ERR,ERR,ERR,60.0,60.0,35,0.0,0.0,0.0,0.0,0.0,0.0,0.0,0.0,0.0,0.0,0.0,0.0,0.0,0.0,0.0,0.0,65.2,0,114,55,38,65476,0,300,0,0,8,20529,65476,0,0,2621,60.0,0.0,0.0,0.0,0.0,0.0
2026-07-09T15:10:46,ERR,ERR,ERR,ERR,ERR,ERR,ERR,ERR,ERR,ERR,ERR,ERR,ERR,ERR,ERR,ERR,ERR,ERR,ERR,ERR,ERR,ERR,ERR,ERR,ERR,ERR,ERR,ERR,ERR,ERR,ERR,ERR,ERR,ERR,ERR,ERR,ERR,ERR,ERR,ERR,ERR,ERR,ERR,ERR,ERR,ERR,ERR,ERR,ERR,ERR,ERR,ERR,ERR,ERR,ERR,ERR,ERR,ERR,ERR,ERR,ERR,ERR,ERR,ERR,ERR,ERR,ERR,ERR,ERR,ERR,ERR,ERR,ERR,ERR,ERR,ERR,ERR,ERR,ERR,ERR,ERR,ERR,ERR,ERR,ERR,ERR,ERR,ERR,ERR,ERR,ERR,ERR,ERR,ERR,ERR,ERR,ERR,ERR,ERR,ERR,ERR,ERR,ERR,ERR,ERR,ERR,ERR,ERR,ERR,ERR,ERR,ERR,ERR,ERR,ERR,ERR,ERR,ERR,ERR,ERR,ERR,ERR,ERR,ERR,ERR,2.71842713856433e+23,2.7184435316669736e+23,2.718413807909433e+23,2.718366610185338e+23,0.0,0.0,0.0,-1.5340573491304858e+17,0,0,4,17398,7116,0.0,100,0.0,0.0,-107612512.0,0.0,0.0,0,0,0,0,0.0,0,0,0,0,0,0,0,0,0,0,0,0,0,0,0,0,0,0,0,0,0,0,0,0,0,0,0,0,0,0,0,0,0,31,40,40,71,65476,0,300,0,0,8,21553,0.0,-107605600.0,0.0,0.0,0.0,0.0,0.0,0.0,0.0,0.0,0.0,0.0,0.0,0.0,0.0,0.0,0.0,0.0,0.0,0.0,0.0,0.0,0.0,-3.69706430773634e+19,0.0,0.0,0.0,0.0,0.0,0.0,4749.0,-2.004,6936.0,2.71842713856433e+23,2.7184435316669736e+23,2.004,2.004,0.0,0.0,0.0,0.0,69,0.0,5.8480517217512656e+35,0.0,0.0,0.0,0.0,0.0,0.0,0.0,0,0,0,0.0,0.0,0.0,0.0,0.0,0.0,0.0,0.0,0.0,0.0,0.0,0.0,0.0,0.0,0.0,0.0,0,-107875648.0,69,0.0,138,0.0,2.012,ERR,ERR,ERR,ERR,ERR,ERR,ERR,ERR,ERR,ERR,ERR,ERR,ERR,ERR,ERR,ERR,ERR,ERR,ERR,ERR,ERR,ERR,ERR,ERR,ERR,ERR,ERR,ERR,ERR,ERR,ERR,ERR,ERR,ERR,ERR,ERR,ERR,ERR,ERR,ERR,ERR,ERR,ERR,ERR,ERR,ERR,ERR,ERR,ERR,ERR,ERR,ERR,ERR,ERR,ERR,ERR,ERR,ERR,ERR,ERR,ERR,ERR,ERR,ERR,ERR,ERR,ERR,60.0,60.0,35,0.0,0.0,0.0,0.0,0.0,0.0,0.0,0.0,0.0,0.0,0.0,0.0,0.0,0.0,0.0,0.0,65.2,0,114,55,38,65476,0,300,0,0,8,20529,65476,0,0,2621,60.0,0.0,0.0,0.0,0.0,0.0
2026-07-09T15:10:47,ERR,ERR,ERR,ERR,ERR,ERR,ERR,ERR,ERR,ERR,ERR,ERR,ERR,ERR,ERR,ERR,ERR,ERR,ERR,ERR,ERR,ERR,ERR,ERR,ERR,ERR,ERR,ERR,ERR,ERR,ERR,ERR,ERR,ERR,ERR,ERR,ERR,ERR,ERR,ERR,ERR,ERR,ERR,ERR,ERR,ERR,ERR,ERR,ERR,ERR,ERR,ERR,ERR,ERR,ERR,ERR,ERR,ERR,ERR,ERR,ERR,ERR,ERR,ERR,ERR,ERR,ERR,ERR,ERR,ERR,ERR,ERR,ERR,ERR,ERR,ERR,ERR,ERR,ERR,ERR,ERR,ERR,ERR,ERR,ERR,ERR,ERR,ERR,ERR,ERR,ERR,ERR,ERR,ERR,ERR,ERR,ERR,ERR,ERR,ERR,ERR,ERR,ERR,ERR,ERR,ERR,ERR,ERR,ERR,ERR,ERR,ERR,ERR,ERR,ERR,ERR,ERR,ERR,ERR,ERR,ERR,ERR,ERR,ERR,ERR,2.71842713856433e+23,2.7184435316669736e+23,2.718413807909433e+23,2.718366610185338e+23,0.0,0.0,0.0,-1.5340573491304858e+17,0,0,4,17398,7116,0.0,100,0.0,0.0,-107612512.0,0.0,0.0,0,0,0,0,0.0,0,0,0,0,0,0,0,0,0,0,0,0,0,0,0,0,0,0,0,0,0,0,0,0,0,0,0,0,0,0,0,0,0,31,40,40,71,65476,0,300,0,0,8,21553,0.0,-107605600.0,0.0,0.0,0.0,0.0,0.0,0.0,0.0,0.0,0.0,0.0,0.0,0.0,0.0,0.0,0.0,0.0,0.0,0.0,0.0,0.0,0.0,-3.69706430773634e+19,0.0,0.0,0.0,0.0,0.0,0.0,4749.0,-2.004,6936.0,2.71842713856433e+23,2.7184435316669736e+23,2.004,2.004,0.0,0.0,0.0,0.0,69,0.0,5.8480517217512656e+35,0.0,0.0,0.0,0.0,0.0,0.0,0.0,0,0,0,0.0,0.0,0.0,0.0,0.0,0.0,0.0,0.0,0.0,0.0,0.0,0.0,0.0,0.0,0.0,0.0,0,-107875648.0,69,0.0,138,0.0,2.012,ERR,ERR,ERR,ERR,ERR,ERR,ERR,ERR,ERR,ERR,ERR,ERR,ERR,ERR,ERR,ERR,ERR,ERR,ERR,ERR,ERR,ERR,ERR,ERR,ERR,ERR,ERR,ERR,ERR,ERR,ERR,ERR,ERR,ERR,ERR,ERR,ERR,ERR,ERR,ERR,ERR,ERR,ERR,ERR,ERR,ERR,ERR,ERR,ERR,ERR,ERR,ERR,ERR,ERR,ERR,ERR,ERR,ERR,ERR,ERR,ERR,ERR,ERR,ERR,ERR,ERR,ERR,60.0,60.0,35,0.0,0.0,0.0,0.0,0.0,0.0,0.0,0.0,0.0,0.0,0.0,0.0,0.0,0.0,0.0,0.0,65.2,0,114,55,38,65476,0,300,0,0,8,20529,65476,0,0,2621,60.0,0.0,0.0,0.0,0.0,0.0
2026-07-09T15:10:48,ERR,ERR,ERR,ERR,ERR,ERR,ERR,ERR,ERR,ERR,ERR,ERR,ERR,ERR,ERR,ERR,ERR,ERR,ERR,ERR,ERR,ERR,ERR,ERR,ERR,ERR,ERR,ERR,ERR,ERR,ERR,ERR,ERR,ERR,ERR,ERR,ERR,ERR,ERR,ERR,ERR,ERR,ERR,ERR,ERR,ERR,ERR,ERR,ERR,ERR,ERR,ERR,ERR,ERR,ERR,ERR,ERR,ERR,ERR,ERR,ERR,ERR,ERR,ERR,ERR,ERR,ERR,ERR,ERR,ERR,ERR,ERR,ERR,ERR,ERR,ERR,ERR,ERR,ERR,ERR,ERR,ERR,ERR,ERR,ERR,ERR,ERR,ERR,ERR,ERR,ERR,ERR,ERR,ERR,ERR,ERR,ERR,ERR,ERR,ERR,ERR,ERR,ERR,ERR,ERR,ERR,ERR,ERR,ERR,ERR,ERR,ERR,ERR,ERR,ERR,ERR,ERR,ERR,ERR,ERR,ERR,ERR,ERR,ERR,ERR,2.71842713856433e+23,-107615944.0,0.0,2.718366610185338e+23,0.0,-4.0655190039096993e+30,0.0,0.0,0,0,4,17397,7116,0.0,100,0.0,0.0,-107612512.0,0.0,0.0,0,0,0,0,0.0,0,0,0,0,0,0,0,0,0,0,0,0,0,0,0,0,0,0,0,0,0,0,0,0,0,0,0,0,0,0,0,0,0,31,40,40,71,65476,0,300,0,0,8,21553,0.0,-107605600.0,0.0,0.0,0.0,0.0,0.0,0.0,0.0,0.0,0.0,0.0,0.0,0.0,0.0,0.0,0.0,0.0,0.0,0.0,0.0,0.0,0.0,0.0,0.0,0.0,0.0,0.0,0.0,0.0,4776.0,0.0,6914.0,2.71842713856433e+23,-107615944.0,2.004,2.004,0.0,0.0,0.0,0.0,69,-4.950408094504864e+32,-107614704.0,0.0,0.0,0.0,0.0,0.0,0.0,0.0,0,0,0,0.0,0.0,0.0,0.0,0.0,0.0,0.0,0.0,0.0,0.0,0.0,0.0,0.0,0.0,0.0,0.0,0,-107875648.0,69,0.0,138,0.0,2.012,ERR,ERR,ERR,ERR,ERR,ERR,ERR,ERR,ERR,ERR,ERR,ERR,ERR,ERR,ERR,ERR,ERR,ERR,ERR,ERR,ERR,ERR,ERR,ERR,ERR,ERR,ERR,ERR,ERR,ERR,ERR,ERR,ERR,ERR,ERR,ERR,ERR,ERR,ERR,ERR,ERR,ERR,ERR,ERR,ERR,ERR,ERR,ERR,ERR,ERR,ERR,ERR,ERR,ERR,ERR,ERR,ERR,ERR,ERR,ERR,ERR,ERR,ERR,ERR,ERR,ERR,ERR,60.0,60.0,35,0.0,0.0,0.0,0.0,0.0,0.0,0.0,0.0,0.0,0.0,0.0,0.0,0.0,0.0,0.0,0.0,65.2,0,114,55,38,65476,0,300,0,0,8,20529,65476,0,0,2621,60.0,0.0,0.0,0.0,0.0,0.0
2026-07-09T15:10:49,ERR,ERR,ERR,ERR,ERR,ERR,ERR,ERR,ERR,ERR,ERR,ERR,ERR,ERR,ERR,ERR,ERR,ERR,ERR,ERR,ERR,ERR,ERR,ERR,ERR,ERR,ERR,ERR,ERR,ERR,ERR,ERR,ERR,ERR,ERR,ERR,ERR,ERR,ERR,ERR,ERR,ERR,ERR,ERR,ERR,ERR,ERR,ERR,ERR,ERR,ERR,ERR,ERR,ERR,ERR,ERR,ERR,ERR,ERR,ERR,ERR,ERR,ERR,ERR,ERR,ERR,ERR,ERR,ERR,ERR,ERR,ERR,ERR,ERR,ERR,ERR,ERR,ERR,ERR,ERR,ERR,ERR,ERR,ERR,ERR,ERR,ERR,ERR,ERR,ERR,ERR,ERR,ERR,ERR,ERR,ERR,ERR,ERR,ERR,ERR,ERR,ERR,ERR,ERR,ERR,ERR,ERR,ERR,ERR,ERR,ERR,ERR,ERR,ERR,ERR,ERR,ERR,ERR,ERR,ERR,ERR,ERR,ERR,ERR,ERR,2.71842713856433e+23,-107615944.0,0.0,2.718366610185338e+23,0.0,-4.0655190039096993e+30,0.0,0.0,0,0,4,17397,7116,0.0,100,0.0,0.0,-107612512.0,0.0,0.0,0,0,0,0,0.0,0,0,0,0,0,0,0,0,0,0,0,0,0,0,0,0,0,0,0,0,0,0,0,0,0,0,0,0,0,0,0,0,0,31,40,40,71,65476,0,300,0,0,8,21553,0.0,-107605600.0,0.0,0.0,0.0,0.0,0.0,0.0,0.0,0.0,0.0,0.0,0.0,0.0,0.0,0.0,0.0,0.0,0.0,0.0,0.0,0.0,0.0,0.0,0.0,0.0,0.0,0.0,0.0,0.0,4776.0,0.0,6914.0,2.71842713856433e+23,-107615944.0,2.004,2.004,0.0,0.0,0.0,0.0,69,-4.950408094504864e+32,-107614704.0,0.0,0.0,0.0,0.0,0.0,0.0,0.0,0,0,0,0.0,0.0,0.0,0.0,0.0,0.0,0.0,0.0,0.0,0.0,0.0,0.0,0.0,0.0,0.0,0.0,0,-107875648.0,69,0.0,138,0.0,2.012,ERR,ERR,ERR,ERR,ERR,ERR,ERR,ERR,ERR,ERR,ERR,ERR,ERR,ERR,ERR,ERR,ERR,ERR,ERR,ERR,ERR,ERR,ERR,ERR,ERR,ERR,ERR,ERR,ERR,ERR,ERR,ERR,ERR,ERR,ERR,ERR,ERR,ERR,ERR,ERR,ERR,ERR,ERR,ERR,ERR,ERR,ERR,ERR,ERR,ERR,ERR,ERR,ERR,ERR,ERR,ERR,ERR,ERR,ERR,ERR,ERR,ERR,ERR,ERR,ERR,ERR,ERR,60.0,60.0,35,0.0,0.0,0.0,0.0,0.0,0.0,0.0,0.0,0.0,0.0,0.0,0.0,0.0,0.0,0.0,0.0,65.2,0,114,55,38,65476,0,300,0,0,8,20529,65476,0,0,2621,60.0,0.0,0.0,0.0,0.0,0.0
2026-07-09T15:10:50,ERR,ERR,ERR,ERR,ERR,ERR,ERR,ERR,ERR,ERR,ERR,ERR,ERR,ERR,ERR,ERR,ERR,ERR,ERR,ERR,ERR,ERR,ERR,ERR,ERR,ERR,ERR,ERR,ERR,ERR,ERR,ERR,ERR,ERR,ERR,ERR,ERR,ERR,ERR,ERR,ERR,ERR,ERR,ERR,ERR,ERR,ERR,ERR,ERR,ERR,ERR,ERR,ERR,ERR,ERR,ERR,ERR,ERR,ERR,ERR,ERR,ERR,ERR,ERR,ERR,ERR,ERR,ERR,ERR,ERR,ERR,ERR,ERR,ERR,ERR,ERR,ERR,ERR,ERR,ERR,ERR,ERR,ERR,ERR,ERR,ERR,ERR,ERR,ERR,ERR,ERR,ERR,ERR,ERR,ERR,ERR,ERR,ERR,ERR,ERR,ERR,ERR,ERR,ERR,ERR,ERR,ERR,ERR,ERR,ERR,ERR,ERR,ERR,ERR,ERR,ERR,ERR,ERR,ERR,ERR,ERR,ERR,ERR,ERR,ERR,2.71842713856433e+23,-107615944.0,0.0,2.718366610185338e+23,0.0,-4.0655190039096993e+30,0.0,0.0,0,0,4,17397,7116,0.0,100,0.0,0.0,-107612512.0,0.0,0.0,0,0,0,0,0.0,0,0,0,0,0,0,0,0,0,0,0,0,0,0,0,0,0,0,0,0,0,0,0,0,0,0,0,0,0,0,0,0,0,31,40,40,71,65476,0,300,0,0,8,21553,0.0,-107605600.0,0.0,0.0,0.0,0.0,0.0,0.0,0.0,0.0,0.0,0.0,0.0,0.0,0.0,0.0,0.0,0.0,0.0,0.0,0.0,0.0,0.0,0.0,0.0,0.0,0.0,0.0,0.0,0.0,4776.0,0.0,6914.0,2.71842713856433e+23,-107615944.0,2.004,2.004,0.0,0.0,0.0,0.0,69,-4.950408094504864e+32,-107614704.0,0.0,0.0,0.0,0.0,0.0,0.0,0.0,0,0,0,0.0,0.0,0.0,0.0,0.0,0.0,0.0,0.0,0.0,0.0,0.0,0.0,0.0,0.0,0.0,0.0,0,-107875648.0,69,0.0,138,0.0,2.012,ERR,ERR,ERR,ERR,ERR,ERR,ERR,ERR,ERR,ERR,ERR,ERR,ERR,ERR,ERR,ERR,ERR,ERR,ERR,ERR,ERR,ERR,ERR,ERR,ERR,ERR,ERR,ERR,ERR,ERR,ERR,ERR,ERR,ERR,ERR,ERR,ERR,ERR,ERR,ERR,ERR,ERR,ERR,ERR,ERR,ERR,ERR,ERR,ERR,ERR,ERR,ERR,ERR,ERR,ERR,ERR,ERR,ERR,ERR,ERR,ERR,ERR,ERR,ERR,ERR,ERR,ERR,60.0,60.0,35,0.0,0.0,0.0,0.0,0.0,0.0,0.0,0.0,0.0,0.0,0.0,0.0,0.0,0.0,0.0,0.0,65.2,0,114,55,38,65476,0,300,0,0,8,20529,65476,0,0,2621,60.0,0.0,0.0,0.0,0.0,0.0
2026-07-09T15:10:51,ERR,ERR,ERR,ERR,ERR,ERR,ERR,ERR,ERR,ERR,ERR,ERR,ERR,ERR,ERR,ERR,ERR,ERR,ERR,ERR,ERR,ERR,ERR,ERR,ERR,ERR,ERR,ERR,ERR,ERR,ERR,ERR,ERR,ERR,ERR,ERR,ERR,ERR,ERR,ERR,ERR,ERR,ERR,ERR,ERR,ERR,ERR,ERR,ERR,ERR,ERR,ERR,ERR,ERR,ERR,ERR,ERR,ERR,ERR,ERR,ERR,ERR,ERR,ERR,ERR,ERR,ERR,ERR,ERR,ERR,ERR,ERR,ERR,ERR,ERR,ERR,ERR,ERR,ERR,ERR,ERR,ERR,ERR,ERR,ERR,ERR,ERR,ERR,ERR,ERR,ERR,ERR,ERR,ERR,ERR,ERR,ERR,ERR,ERR,ERR,ERR,ERR,ERR,ERR,ERR,ERR,ERR,ERR,ERR,ERR,ERR,ERR,ERR,ERR,ERR,ERR,ERR,ERR,ERR,ERR,ERR,ERR,ERR,ERR,ERR,2.71842713856433e+23,-107615944.0,0.0,2.718366610185338e+23,0.0,-4.0655190039096993e+30,0.0,0.0,0,0,4,17397,7116,0.0,100,0.0,0.0,-107612512.0,0.0,0.0,0,0,0,0,0.0,0,0,0,0,0,0,0,0,0,0,0,0,0,0,0,0,0,0,0,0,0,0,0,0,0,0,0,0,0,0,0,0,0,31,40,40,71,65476,0,300,0,0,8,21553,0.0,-107605600.0,0.0,0.0,0.0,0.0,0.0,0.0,0.0,0.0,0.0,0.0,0.0,0.0,0.0,0.0,0.0,0.0,0.0,0.0,0.0,0.0,0.0,0.0,0.0,0.0,0.0,0.0,0.0,0.0,4776.0,0.0,6914.0,2.71842713856433e+23,-107615944.0,2.004,2.004,0.0,0.0,0.0,0.0,69,-4.950408094504864e+32,-107614704.0,0.0,0.0,0.0,0.0,0.0,0.0,0.0,0,0,0,0.0,0.0,0.0,0.0,0.0,0.0,0.0,0.0,0.0,0.0,0.0,0.0,0.0,0.0,0.0,0.0,0,-107875648.0,69,0.0,138,0.0,2.012,ERR,ERR,ERR,ERR,ERR,ERR,ERR,ERR,ERR,ERR,ERR,ERR,ERR,ERR,ERR,ERR,ERR,ERR,ERR,ERR,ERR,ERR,ERR,ERR,ERR,ERR,ERR,ERR,ERR,ERR,ERR,ERR,ERR,ERR,ERR,ERR,ERR,ERR,ERR,ERR,ERR,ERR,ERR,ERR,ERR,ERR,ERR,ERR,ERR,ERR,ERR,ERR,ERR,ERR,ERR,ERR,ERR,ERR,ERR,ERR,ERR,ERR,ERR,ERR,ERR,ERR,ERR,60.0,60.0,35,0.0,0.0,0.0,0.0,0.0,0.0,0.0,0.0,0.0,0.0,0.0,0.0,0.0,0.0,0.0,0.0,65.2,0,114,55,38,65476,0,300,0,0,8,20529,65476,0,0,2621,60.0,0.0,0.0,0.0,0.0,0.0
2026-07-09T15:10:52,ERR,ERR,ERR,ERR,ERR,ERR,ERR,ERR,ERR,ERR,ERR,ERR,ERR,ERR,ERR,ERR,ERR,ERR,ERR,ERR,ERR,ERR,ERR,ERR,ERR,ERR,ERR,ERR,ERR,ERR,ERR,ERR,ERR,ERR,ERR,ERR,ERR,ERR,ERR,ERR,ERR,ERR,ERR,ERR,ERR,ERR,ERR,ERR,ERR,ERR,ERR,ERR,ERR,ERR,ERR,ERR,ERR,ERR,ERR,ERR,ERR,ERR,ERR,ERR,ERR,ERR,ERR,ERR,ERR,ERR,ERR,ERR,ERR,ERR,ERR,ERR,ERR,ERR,ERR,ERR,ERR,ERR,ERR,ERR,ERR,ERR,ERR,ERR,ERR,ERR,ERR,ERR,ERR,ERR,ERR,ERR,ERR,ERR,ERR,ERR,ERR,ERR,ERR,ERR,ERR,ERR,ERR,ERR,ERR,ERR,ERR,ERR,ERR,ERR,ERR,ERR,ERR,ERR,ERR,ERR,ERR,ERR,ERR,ERR,ERR,2.71842713856433e+23,-107615944.0,0.0,2.718366610185338e+23,0.0,-4.0655190039096993e+30,0.0,0.0,0,0,4,17397,7116,0.0,100,0.0,0.0,-107612512.0,0.0,0.0,0,0,0,0,0.0,0,0,0,0,0,0,0,0,0,0,0,0,0,0,0,0,0,0,0,0,0,0,0,0,0,0,0,0,0,0,0,0,0,31,40,40,71,65476,0,300,0,0,8,21553,0.0,-107605600.0,0.0,0.0,0.0,0.0,0.0,0.0,0.0,0.0,0.0,0.0,0.0,0.0,0.0,0.0,0.0,0.0,0.0,0.0,0.0,0.0,0.0,0.0,0.0,0.0,0.0,0.0,0.0,0.0,4776.0,0.0,6914.0,2.71842713856433e+23,-107615944.0,2.004,2.004,0.0,0.0,0.0,0.0,69,-4.950408094504864e+32,-107614704.0,0.0,0.0,0.0,0.0,0.0,0.0,0.0,0,0,0,0.0,0.0,0.0,0.0,0.0,0.0,0.0,0.0,0.0,0.0,0.0,0.0,0.0,0.0,0.0,0.0,0,-107875648.0,69,0.0,138,0.0,2.012,ERR,ERR,ERR,ERR,ERR,ERR,ERR,ERR,ERR,ERR,ERR,ERR,ERR,ERR,ERR,ERR,ERR,ERR,ERR,ERR,ERR,ERR,ERR,ERR,ERR,ERR,ERR,ERR,ERR,ERR,ERR,ERR,ERR,ERR,ERR,ERR,ERR,ERR,ERR,ERR,ERR,ERR,ERR,ERR,ERR,ERR,ERR,ERR,ERR,ERR,ERR,ERR,ERR,ERR,ERR,ERR,ERR,ERR,ERR,ERR,ERR,ERR,ERR,ERR,ERR,ERR,ERR,60.0,60.0,35,0.0,0.0,0.0,0.0,0.0,0.0,0.0,0.0,0.0,0.0,0.0,0.0,0.0,0.0,0.0,0.0,65.2,0,114,55,38,65476,0,300,0,0,8,20529,65476,0,0,2621,60.0,0.0,0.0,0.0,0.0,0.0
2026-07-09T15:10:53,ERR,ERR,ERR,ERR,ERR,ERR,ERR,ERR,ERR,ERR,ERR,ERR,ERR,ERR,ERR,ERR,ERR,ERR,ERR,ERR,ERR,ERR,ERR,ERR,ERR,ERR,ERR,ERR,ERR,ERR,ERR,ERR,ERR,ERR,ERR,ERR,ERR,ERR,ERR,ERR,ERR,ERR,ERR,ERR,ERR,ERR,ERR,ERR,ERR,ERR,ERR,ERR,ERR,ERR,ERR,ERR,ERR,ERR,ERR,ERR,ERR,ERR,ERR,ERR,ERR,ERR,ERR,ERR,ERR,ERR,ERR,ERR,ERR,ERR,ERR,ERR,ERR,ERR,ERR,ERR,ERR,ERR,ERR,ERR,ERR,ERR,ERR,ERR,ERR,ERR,ERR,ERR,ERR,ERR,ERR,ERR,ERR,ERR,ERR,ERR,ERR,ERR,ERR,ERR,ERR,ERR,ERR,ERR,ERR,ERR,ERR,ERR,ERR,ERR,ERR,ERR,ERR,ERR,ERR,ERR,ERR,ERR,ERR,ERR,ERR,2.71842713856433e+23,0.0,-0.0,0.0,-2274370672132096.0,-3.192414281983258e+25,0.0,-3.4912152801003962e+19,0,0,4,17402,7116,0.0,100,0.0,0.0,0.0,0.0,0.0,0,0,0,0,0.0,0,0,0,0,0,0,0,0,0,0,0,0,0,0,0,0,0,0,0,0,0,0,0,0,0,0,0,0,0,0,0,0,0,31,40,40,71,65476,0,300,0,0,8,21553,0.0,-107605600.0,0.0,0.0,0.0,0.0,0.0,0.0,0.0,0.0,0.0,0.0,0.0,0.0,0.0,0.0,0.0,0.0,0.0,0.0,0.0,0.0,0.0,2.004,0.0,0.0,0.0,0.0,0.0,0.0,4798.0,0.0,6912.0,2.71842713856433e+23,0.0,2.004,2.004,0.0,0.0,0.0,0.0,69,126840676352.0,-3.221999077894953e+26,0.0,0.0,0.0,0.0,0.0,0.0,0.0,0,0,0,0.0,0.0,0.0,0.0,0.0,0.0,0.0,0.0,0.0,0.0,0.0,0.0,0.0,0.0,0.0,0.0,0,-107875648.0,69,0.0,138,0.0,2.012,ERR,ERR,ERR,ERR,ERR,ERR,ERR,ERR,ERR,ERR,ERR,ERR,ERR,ERR,ERR,ERR,ERR,ERR,ERR,ERR,ERR,ERR,ERR,ERR,ERR,ERR,ERR,ERR,ERR,ERR,ERR,ERR,ERR,ERR,ERR,ERR,ERR,ERR,ERR,ERR,ERR,ERR,ERR,ERR,ERR,ERR,ERR,ERR,ERR,ERR,ERR,ERR,ERR,ERR,ERR,ERR,ERR,ERR,ERR,ERR,ERR,ERR,ERR,ERR,ERR,ERR,ERR,60.0,60.0,35,0.0,0.0,0.0,0.0,0.0,0.0,0.0,0.0,0.0,0.0,0.0,0.0,0.0,0.0,0.0,0.0,65.2,0,114,55,38,65476,0,300,0,0,8,20529,65476,0,0,2621,60.0,0.0,0.0,0.0,0.0,0.0
2026-07-09T15:10:54,ERR,ERR,ERR,ERR,ERR,ERR,ERR,ERR,ERR,ERR,ERR,ERR,ERR,ERR,ERR,ERR,ERR,ERR,ERR,ERR,ERR,ERR,ERR,ERR,ERR,ERR,ERR,ERR,ERR,ERR,ERR,ERR,ERR,ERR,ERR,ERR,ERR,ERR,ERR,ERR,ERR,ERR,ERR,ERR,ERR,ERR,ERR,ERR,ERR,ERR,ERR,ERR,ERR,ERR,ERR,ERR,ERR,ERR,ERR,ERR,ERR,ERR,ERR,ERR,ERR,ERR,ERR,ERR,ERR,ERR,ERR,ERR,ERR,ERR,ERR,ERR,ERR,ERR,ERR,ERR,ERR,ERR,ERR,ERR,ERR,ERR,ERR,ERR,ERR,ERR,ERR,ERR,ERR,ERR,ERR,ERR,ERR,ERR,ERR,ERR,ERR,ERR,ERR,ERR,ERR,ERR,ERR,ERR,ERR,ERR,ERR,ERR,ERR,ERR,ERR,ERR,ERR,ERR,ERR,ERR,ERR,ERR,ERR,ERR,ERR,2.71842713856433e+23,0.0,-0.0,0.0,-2274370672132096.0,-3.192414281983258e+25,0.0,-3.4912152801003962e+19,0,0,4,17402,7116,0.0,100,0.0,0.0,0.0,0.0,0.0,0,0,0,0,0.0,0,0,0,0,0,0,0,0,0,0,0,0,0,0,0,0,0,0,0,0,0,0,0,0,0,0,0,0,0,0,0,0,0,31,40,40,71,65476,0,300,0,0,8,21553,0.0,-107605600.0,0.0,0.0,0.0,0.0,0.0,0.0,0.0,0.0,0.0,0.0,0.0,0.0,0.0,0.0,0.0,0.0,0.0,0.0,0.0,0.0,0.0,2.004,0.0,0.0,0.0,0.0,0.0,0.0,4798.0,0.0,6912.0,2.71842713856433e+23,0.0,2.004,2.004,0.0,0.0,0.0,0.0,69,126840676352.0,-3.221999077894953e+26,0.0,0.0,0.0,0.0,0.0,0.0,0.0,0,0,0,0.0,0.0,0.0,0.0,0.0,0.0,0.0,0.0,0.0,0.0,0.0,0.0,0.0,0.0,0.0,0.0,0,-107875648.0,69,0.0,138,0.0,2.012,ERR,ERR,ERR,ERR,ERR,ERR,ERR,ERR,ERR,ERR,ERR,ERR,ERR,ERR,ERR,ERR,ERR,ERR,ERR,ERR,ERR,ERR,ERR,ERR,ERR,ERR,ERR,ERR,ERR,ERR,ERR,ERR,ERR,ERR,ERR,ERR,ERR,ERR,ERR,ERR,ERR,ERR,ERR,ERR,ERR,ERR,ERR,ERR,ERR,ERR,ERR,ERR,ERR,ERR,ERR,ERR,ERR,ERR,ERR,ERR,ERR,ERR,ERR,ERR,ERR,ERR,ERR,60.0,60.0,35,0.0,0.0,0.0,0.0,0.0,0.0,0.0,0.0,0.0,0.0,0.0,0.0,0.0,0.0,0.0,0.0,65.2,0,114,55,38,65476,0,300,0,0,8,20529,65476,0,0,2621,60.0,0.0,0.0,0.0,0.0,0.0
2026-07-09T15:10:55,ERR,ERR,ERR,ERR,ERR,ERR,ERR,ERR,ERR,ERR,ERR,ERR,ERR,ERR,ERR,ERR,ERR,ERR,ERR,ERR,ERR,ERR,ERR,ERR,ERR,ERR,ERR,ERR,ERR,ERR,ERR,ERR,ERR,ERR,ERR,ERR,ERR,ERR,ERR,ERR,ERR,ERR,ERR,ERR,ERR,ERR,ERR,ERR,ERR,ERR,ERR,ERR,ERR,ERR,ERR,ERR,ERR,ERR,ERR,ERR,ERR,ERR,ERR,ERR,ERR,ERR,ERR,ERR,ERR,ERR,ERR,ERR,ERR,ERR,ERR,ERR,ERR,ERR,ERR,ERR,ERR,ERR,ERR,ERR,ERR,ERR,ERR,ERR,ERR,ERR,ERR,ERR,ERR,ERR,ERR,ERR,ERR,ERR,ERR,ERR,ERR,ERR,ERR,ERR,ERR,ERR,ERR,ERR,ERR,ERR,ERR,ERR,ERR,ERR,ERR,ERR,ERR,ERR,ERR,ERR,ERR,ERR,ERR,ERR,ERR,2.71842713856433e+23,0.0,-0.0,0.0,-2274370672132096.0,-3.192414281983258e+25,0.0,-3.4912152801003962e+19,0,0,4,17402,7116,0.0,100,0.0,0.0,0.0,0.0,0.0,0,0,0,0,0.0,0,0,0,0,0,0,0,0,0,0,0,0,0,0,0,0,0,0,0,0,0,0,0,0,0,0,0,0,0,0,0,0,0,31,40,40,71,65476,0,300,0,0,8,21553,0.0,-107605600.0,0.0,0.0,0.0,0.0,0.0,0.0,0.0,0.0,0.0,0.0,0.0,0.0,0.0,0.0,0.0,0.0,0.0,0.0,0.0,0.0,0.0,2.004,0.0,0.0,0.0,0.0,0.0,0.0,4798.0,0.0,6912.0,2.71842713856433e+23,0.0,2.004,2.004,0.0,0.0,0.0,0.0,69,126840676352.0,-3.221999077894953e+26,0.0,0.0,0.0,0.0,0.0,0.0,0.0,0,0,0,0.0,0.0,0.0,0.0,0.0,0.0,0.0,0.0,0.0,0.0,0.0,0.0,0.0,0.0,0.0,0.0,0,-107875648.0,69,0.0,138,0.0,2.012,ERR,ERR,ERR,ERR,ERR,ERR,ERR,ERR,ERR,ERR,ERR,ERR,ERR,ERR,ERR,ERR,ERR,ERR,ERR,ERR,ERR,ERR,ERR,ERR,ERR,ERR,ERR,ERR,ERR,ERR,ERR,ERR,ERR,ERR,ERR,ERR,ERR,ERR,ERR,ERR,ERR,ERR,ERR,ERR,ERR,ERR,ERR,ERR,ERR,ERR,ERR,ERR,ERR,ERR,ERR,ERR,ERR,ERR,ERR,ERR,ERR,ERR,ERR,ERR,ERR,ERR,ERR,60.0,60.0,35,0.0,0.0,0.0,0.0,0.0,0.0,0.0,0.0,0.0,0.0,0.0,0.0,0.0,0.0,0.0,0.0,65.2,0,114,55,38,65476,0,300,0,0,8,20529,65476,0,0,2621,60.0,0.0,0.0,0.0,0.0,0.0
2026-07-09T15:10:56,ERR,ERR,ERR,ERR,ERR,ERR,ERR,ERR,ERR,ERR,ERR,ERR,ERR,ERR,ERR,ERR,ERR,ERR,ERR,ERR,ERR,ERR,ERR,ERR,ERR,ERR,ERR,ERR,ERR,ERR,ERR,ERR,ERR,ERR,ERR,ERR,ERR,ERR,ERR,ERR,ERR,ERR,ERR,ERR,ERR,ERR,ERR,ERR,ERR,ERR,ERR,ERR,ERR,ERR,ERR,ERR,ERR,ERR,ERR,ERR,ERR,ERR,ERR,ERR,ERR,ERR,ERR,ERR,ERR,ERR,ERR,ERR,ERR,ERR,ERR,ERR,ERR,ERR,ERR,ERR,ERR,ERR,ERR,ERR,ERR,ERR,ERR,ERR,ERR,ERR,ERR,ERR,ERR,ERR,ERR,ERR,ERR,ERR,ERR,ERR,ERR,ERR,ERR,ERR,ERR,ERR,ERR,ERR,ERR,ERR,ERR,ERR,ERR,ERR,ERR,ERR,ERR,ERR,ERR,ERR,ERR,ERR,ERR,ERR,ERR,2.71842713856433e+23,0.0,-0.0,0.0,-2274370672132096.0,-3.192414281983258e+25,0.0,-3.4912152801003962e+19,0,0,4,17402,7116,0.0,100,0.0,0.0,0.0,0.0,0.0,0,0,0,0,0.0,0,0,0,0,0,0,0,0,0,0,0,0,0,0,0,0,0,0,0,0,0,0,0,0,0,0,0,0,0,0,0,0,0,31,40,40,71,65476,0,300,0,0,8,21553,0.0,-107605600.0,0.0,0.0,0.0,0.0,0.0,0.0,0.0,0.0,0.0,0.0,0.0,0.0,0.0,0.0,0.0,0.0,0.0,0.0,0.0,0.0,0.0,2.004,0.0,0.0,0.0,0.0,0.0,0.0,4798.0,0.0,6912.0,2.71842713856433e+23,0.0,2.004,2.004,0.0,0.0,0.0,0.0,69,126840676352.0,-3.221999077894953e+26,0.0,0.0,0.0,0.0,0.0,0.0,0.0,0,0,0,0.0,0.0,0.0,0.0,0.0,0.0,0.0,0.0,0.0,0.0,0.0,0.0,0.0,0.0,0.0,0.0,0,-107875648.0,69,0.0,138,0.0,2.012,ERR,ERR,ERR,ERR,ERR,ERR,ERR,ERR,ERR,ERR,ERR,ERR,ERR,ERR,ERR,ERR,ERR,ERR,ERR,ERR,ERR,ERR,ERR,ERR,ERR,ERR,ERR,ERR,ERR,ERR,ERR,ERR,ERR,ERR,ERR,ERR,ERR,ERR,ERR,ERR,ERR,ERR,ERR,ERR,ERR,ERR,ERR,ERR,ERR,ERR,ERR,ERR,ERR,ERR,ERR,ERR,ERR,ERR,ERR,ERR,ERR,ERR,ERR,ERR,ERR,ERR,ERR,60.0,60.0,35,0.0,0.0,0.0,0.0,0.0,0.0,0.0,0.0,0.0,0.0,0.0,0.0,0.0,0.0,0.0,0.0,65.2,0,114,55,38,65476,0,300,0,0,8,20529,65476,0,0,2621,60.0,0.0,0.0,0.0,0.0,0.0
2026-07-09T15:10:57,ERR,ERR,ERR,ERR,ERR,ERR,ERR,ERR,ERR,ERR,ERR,ERR,ERR,ERR,ERR,ERR,ERR,ERR,ERR,ERR,ERR,ERR,ERR,ERR,ERR,ERR,ERR,ERR,ERR,ERR,ERR,ERR,ERR,ERR,ERR,ERR,ERR,ERR,ERR,ERR,ERR,ERR,ERR,ERR,ERR,ERR,ERR,ERR,ERR,ERR,ERR,ERR,ERR,ERR,ERR,ERR,ERR,ERR,ERR,ERR,ERR,ERR,ERR,ERR,ERR,ERR,ERR,ERR,ERR,ERR,ERR,ERR,ERR,ERR,ERR,ERR,ERR,ERR,ERR,ERR,ERR,ERR,ERR,ERR,ERR,ERR,ERR,ERR,ERR,ERR,ERR,ERR,ERR,ERR,ERR,ERR,ERR,ERR,ERR,ERR,ERR,ERR,ERR,ERR,ERR,ERR,ERR,ERR,ERR,ERR,ERR,ERR,ERR,ERR,ERR,ERR,ERR,ERR,ERR,ERR,ERR,ERR,ERR,ERR,ERR,2.71842713856433e+23,0.0,-0.0,0.0,-2274370672132096.0,-3.192414281983258e+25,0.0,-3.4912152801003962e+19,0,0,4,17402,7116,0.0,100,0.0,0.0,0.0,0.0,0.0,0,0,0,0,0.0,0,0,0,0,0,0,0,0,0,0,0,0,0,0,0,0,0,0,0,0,0,0,0,0,0,0,0,0,0,0,0,0,0,31,40,40,71,65476,0,300,0,0,8,21553,0.0,-107605600.0,0.0,0.0,0.0,0.0,0.0,0.0,0.0,0.0,0.0,0.0,0.0,0.0,0.0,0.0,0.0,0.0,0.0,0.0,0.0,0.0,0.0,2.004,0.0,0.0,0.0,0.0,0.0,0.0,4798.0,0.0,6912.0,2.71842713856433e+23,0.0,2.004,2.004,0.0,0.0,0.0,0.0,69,126840676352.0,-3.221999077894953e+26,0.0,0.0,0.0,0.0,0.0,0.0,0.0,0,0,0,0.0,0.0,0.0,0.0,0.0,0.0,0.0,0.0,0.0,0.0,0.0,0.0,0.0,0.0,0.0,0.0,0,-107875648.0,69,0.0,138,0.0,2.012,ERR,ERR,ERR,ERR,ERR,ERR,ERR,ERR,ERR,ERR,ERR,ERR,ERR,ERR,ERR,ERR,ERR,ERR,ERR,ERR,ERR,ERR,ERR,ERR,ERR,ERR,ERR,ERR,ERR,ERR,ERR,ERR,ERR,ERR,ERR,ERR,ERR,ERR,ERR,ERR,ERR,ERR,ERR,ERR,ERR,ERR,ERR,ERR,ERR,ERR,ERR,ERR,ERR,ERR,ERR,ERR,ERR,ERR,ERR,ERR,ERR,ERR,ERR,ERR,ERR,ERR,ERR,60.0,60.0,35,0.0,0.0,0.0,0.0,0.0,0.0,0.0,0.0,0.0,0.0,0.0,0.0,0.0,0.0,0.0,0.0,65.2,0,114,55,38,65476,0,300,0,0,8,20529,65476,0,0,2621,60.0,0.0,0.0,0.0,0.0,0.0
2026-07-09T15:10:58,ERR,ERR,ERR,ERR,ERR,ERR,ERR,ERR,ERR,ERR,ERR,ERR,ERR,ERR,ERR,ERR,ERR,ERR,ERR,ERR,ERR,ERR,ERR,ERR,ERR,ERR,ERR,ERR,ERR,ERR,ERR,ERR,ERR,ERR,ERR,ERR,ERR,ERR,ERR,ERR,ERR,ERR,ERR,ERR,ERR,ERR,ERR,ERR,ERR,ERR,ERR,ERR,ERR,ERR,ERR,ERR,ERR,ERR,ERR,ERR,ERR,ERR,ERR,ERR,ERR,ERR,ERR,ERR,ERR,ERR,ERR,ERR,ERR,ERR,ERR,ERR,ERR,ERR,ERR,ERR,ERR,ERR,ERR,ERR,ERR,ERR,ERR,ERR,ERR,ERR,ERR,ERR,ERR,ERR,ERR,ERR,ERR,ERR,ERR,ERR,ERR,ERR,ERR,ERR,ERR,ERR,ERR,ERR,ERR,ERR,ERR,ERR,ERR,ERR,ERR,ERR,ERR,ERR,ERR,ERR,ERR,ERR,ERR,ERR,ERR,0.0,0.0,0.0,0.0,1.183202019651426e+21,-2924980207616.0,-6.110012510570054e+34,-0.0,0,0,4,17405,7116,0.0,100,0.0,0.0,0.0,0.0,0.0,0,0,0,0,0.0,0,0,0,0,0,0,0,0,0,0,0,0,0,0,0,0,0,0,0,0,0,0,0,0,0,0,0,0,0,0,0,0,0,31,40,40,71,65476,0,300,0,0,8,21553,0.0,-107605600.0,0.0,0.0,0.0,0.0,0.0,0.0,0.0,0.0,0.0,0.0,0.0,0.0,0.0,0.0,0.0,0.0,0.0,0.0,0.0,0.0,-2.004,3.697064747540991e+19,0.0,0.0,0.0,0.0,0.0,0.0,4782.0,131350.328,6921.0,0.0,0.0,2.004,2.004,0.0,0.0,0.0,0.0,69,-107614912.0,0.0,0.0,0.0,0.0,0.0,0.0,0.0,0.0,0,0,0,0.0,0.0,0.0,0.0,0.0,0.0,0.0,0.0,0.0,0.0,0.0,0.0,0.0,0.0,0.0,0.0,0,-107875648.0,69,0.0,138,0.0,2.012,ERR,ERR,ERR,ERR,ERR,ERR,ERR,ERR,ERR,ERR,ERR,ERR,ERR,ERR,ERR,ERR,ERR,ERR,ERR,ERR,ERR,ERR,ERR,ERR,ERR,ERR,ERR,ERR,ERR,ERR,ERR,ERR,ERR,ERR,ERR,ERR,ERR,ERR,ERR,ERR,ERR,ERR,ERR,ERR,ERR,ERR,ERR,ERR,ERR,ERR,ERR,ERR,ERR,ERR,ERR,ERR,ERR,ERR,ERR,ERR,ERR,ERR,ERR,ERR,ERR,ERR,ERR,60.0,60.0,35,0.0,0.0,0.0,0.0,0.0,0.0,0.0,0.0,0.0,0.0,0.0,0.0,0.0,0.0,0.0,0.0,65.2,0,114,55,38,65476,0,300,0,0,8,20529,65476,0,0,2621,60.0,0.0,0.0,0.0,0.0,0.0
2026-07-09T15:10:59,ERR,ERR,ERR,ERR,ERR,ERR,ERR,ERR,ERR,ERR,ERR,ERR,ERR,ERR,ERR,ERR,ERR,ERR,ERR,ERR,ERR,ERR,ERR,ERR,ERR,ERR,ERR,ERR,ERR,ERR,ERR,ERR,ERR,ERR,ERR,ERR,ERR,ERR,ERR,ERR,ERR,ERR,ERR,ERR,ERR,ERR,ERR,ERR,ERR,ERR,ERR,ERR,ERR,ERR,ERR,ERR,ERR,ERR,ERR,ERR,ERR,ERR,ERR,ERR,ERR,ERR,ERR,ERR,ERR,ERR,ERR,ERR,ERR,ERR,ERR,ERR,ERR,ERR,ERR,ERR,ERR,ERR,ERR,ERR,ERR,ERR,ERR,ERR,ERR,ERR,ERR,ERR,ERR,ERR,ERR,ERR,ERR,ERR,ERR,ERR,ERR,ERR,ERR,ERR,ERR,ERR,ERR,ERR,ERR,ERR,ERR,ERR,ERR,ERR,ERR,ERR,ERR,ERR,ERR,ERR,ERR,ERR,ERR,ERR,ERR,0.0,0.0,0.0,0.0,1.183202019651426e+21,-2924980207616.0,-6.110012510570054e+34,-0.0,0,0,4,17405,7116,0.0,100,0.0,0.0,0.0,0.0,0.0,0,0,0,0,0.0,0,0,0,0,0,0,0,0,0,0,0,0,0,0,0,0,0,0,0,0,0,0,0,0,0,0,0,0,0,0,0,0,0,31,40,40,71,65476,0,300,0,0,8,21553,0.0,-107605600.0,0.0,0.0,0.0,0.0,0.0,0.0,0.0,0.0,0.0,0.0,0.0,0.0,0.0,0.0,0.0,0.0,0.0,0.0,0.0,0.0,-2.004,3.697064747540991e+19,0.0,0.0,0.0,0.0,0.0,0.0,4782.0,131350.328,6921.0,0.0,0.0,2.004,2.004,0.0,0.0,0.0,0.0,69,-107614912.0,0.0,0.0,0.0,0.0,0.0,0.0,0.0,0.0,0,0,0,0.0,0.0,0.0,0.0,0.0,0.0,0.0,0.0,0.0,0.0,0.0,0.0,0.0,0.0,0.0,0.0,0,-107875648.0,69,0.0,138,0.0,2.012,ERR,ERR,ERR,ERR,ERR,ERR,ERR,ERR,ERR,ERR,ERR,ERR,ERR,ERR,ERR,ERR,ERR,ERR,ERR,ERR,ERR,ERR,ERR,ERR,ERR,ERR,ERR,ERR,ERR,ERR,ERR,ERR,ERR,ERR,ERR,ERR,ERR,ERR,ERR,ERR,ERR,ERR,ERR,ERR,ERR,ERR,ERR,ERR,ERR,ERR,ERR,ERR,ERR,ERR,ERR,ERR,ERR,ERR,ERR,ERR,ERR,ERR,ERR,ERR,ERR,ERR,ERR,60.0,60.0,35,0.0,0.0,0.0,0.0,0.0,0.0,0.0,0.0,0.0,0.0,0.0,0.0,0.0,0.0,0.0,0.0,65.2,0,114,55,38,65476,0,300,0,0,8,20529,65476,0,0,2621,60.0,0.0,0.0,0.0,0.0,0.0
2026-07-09T15:11:00,ERR,ERR,ERR,ERR,ERR,ERR,ERR,ERR,ERR,ERR,ERR,ERR,ERR,ERR,ERR,ERR,ERR,ERR,ERR,ERR,ERR,ERR,ERR,ERR,ERR,ERR,ERR,ERR,ERR,ERR,ERR,ERR,ERR,ERR,ERR,ERR,ERR,ERR,ERR,ERR,ERR,ERR,ERR,ERR,ERR,ERR,ERR,ERR,ERR,ERR,ERR,ERR,ERR,ERR,ERR,ERR,ERR,ERR,ERR,ERR,ERR,ERR,ERR,ERR,ERR,ERR,ERR,ERR,ERR,ERR,ERR,ERR,ERR,ERR,ERR,ERR,ERR,ERR,ERR,ERR,ERR,ERR,ERR,ERR,ERR,ERR,ERR,ERR,ERR,ERR,ERR,ERR,ERR,ERR,ERR,ERR,ERR,ERR,ERR,ERR,ERR,ERR,ERR,ERR,ERR,ERR,ERR,ERR,ERR,ERR,ERR,ERR,ERR,ERR,ERR,ERR,ERR,ERR,ERR,ERR,ERR,ERR,ERR,ERR,ERR,0.0,0.0,0.0,0.0,1.183202019651426e+21,-2924980207616.0,-6.110012510570054e+34,-0.0,0,0,4,17405,7116,0.0,100,0.0,0.0,0.0,0.0,0.0,0,0,0,0,0.0,0,0,0,0,0,0,0,0,0,0,0,0,0,0,0,0,0,0,0,0,0,0,0,0,0,0,0,0,0,0,0,0,0,31,40,40,71,65476,0,300,0,0,8,21553,0.0,-107605600.0,0.0,0.0,0.0,0.0,0.0,0.0,0.0,0.0,0.0,0.0,0.0,0.0,0.0,0.0,0.0,0.0,0.0,0.0,0.0,0.0,-2.004,3.697064747540991e+19,0.0,0.0,0.0,0.0,0.0,0.0,4782.0,131350.328,6921.0,0.0,0.0,2.004,2.004,0.0,0.0,0.0,0.0,69,-107614912.0,0.0,0.0,0.0,0.0,0.0,0.0,0.0,0.0,0,0,0,0.0,0.0,0.0,0.0,0.0,0.0,0.0,0.0,0.0,0.0,0.0,0.0,0.0,0.0,0.0,0.0,0,-107875648.0,69,0.0,138,0.0,2.012,ERR,ERR,ERR,ERR,ERR,ERR,ERR,ERR,ERR,ERR,ERR,ERR,ERR,ERR,ERR,ERR,ERR,ERR,ERR,ERR,ERR,ERR,ERR,ERR,ERR,ERR,ERR,ERR,ERR,ERR,ERR,ERR,ERR,ERR,ERR,ERR,ERR,ERR,ERR,ERR,ERR,ERR,ERR,ERR,ERR,ERR,ERR,ERR,ERR,ERR,ERR,ERR,ERR,ERR,ERR,ERR,ERR,ERR,ERR,ERR,ERR,ERR,ERR,ERR,ERR,ERR,ERR,60.0,60.0,35,0.0,0.0,0.0,0.0,0.0,0.0,0.0,0.0,0.0,0.0,0.0,0.0,0.0,0.0,0.0,0.0,65.2,0,114,55,38,65476,0,300,0,0,8,20529,65476,0,0,2621,60.0,0.0,0.0,0.0,0.0,0.0
2026-07-09T15:11:01,ERR,ERR,ERR,ERR,ERR,ERR,ERR,ERR,ERR,ERR,ERR,ERR,ERR,ERR,ERR,ERR,ERR,ERR,ERR,ERR,ERR,ERR,ERR,ERR,ERR,ERR,ERR,ERR,ERR,ERR,ERR,ERR,ERR,ERR,ERR,ERR,ERR,ERR,ERR,ERR,ERR,ERR,ERR,ERR,ERR,ERR,ERR,ERR,ERR,ERR,ERR,ERR,ERR,ERR,ERR,ERR,ERR,ERR,ERR,ERR,ERR,ERR,ERR,ERR,ERR,ERR,ERR,ERR,ERR,ERR,ERR,ERR,ERR,ERR,ERR,ERR,ERR,ERR,ERR,ERR,ERR,ERR,ERR,ERR,ERR,ERR,ERR,ERR,ERR,ERR,ERR,ERR,ERR,ERR,ERR,ERR,ERR,ERR,ERR,ERR,ERR,ERR,ERR,ERR,ERR,ERR,ERR,ERR,ERR,ERR,ERR,ERR,ERR,ERR,ERR,ERR,ERR,ERR,ERR,ERR,ERR,ERR,ERR,ERR,ERR,0.0,0.0,0.0,0.0,1.183202019651426e+21,-2924980207616.0,-6.110012510570054e+34,-0.0,0,0,4,17405,7116,0.0,100,0.0,0.0,0.0,0.0,0.0,0,0,0,0,0.0,0,0,0,0,0,0,0,0,0,0,0,0,0,0,0,0,0,0,0,0,0,0,0,0,0,0,0,0,0,0,0,0,0,31,40,40,71,65476,0,300,0,0,8,21553,0.0,-107605600.0,0.0,0.0,0.0,0.0,0.0,0.0,0.0,0.0,0.0,0.0,0.0,0.0,0.0,0.0,0.0,0.0,0.0,0.0,0.0,0.0,-2.004,3.697064747540991e+19,0.0,0.0,0.0,0.0,0.0,0.0,4782.0,131350.328,6921.0,0.0,0.0,2.004,2.004,0.0,0.0,0.0,0.0,69,-107614912.0,0.0,0.0,0.0,0.0,0.0,0.0,0.0,0.0,0,0,0,0.0,0.0,0.0,0.0,0.0,0.0,0.0,0.0,0.0,0.0,0.0,0.0,0.0,0.0,0.0,0.0,0,-107875648.0,69,0.0,138,0.0,2.012,ERR,ERR,ERR,ERR,ERR,ERR,ERR,ERR,ERR,ERR,ERR,ERR,ERR,ERR,ERR,ERR,ERR,ERR,ERR,ERR,ERR,ERR,ERR,ERR,ERR,ERR,ERR,ERR,ERR,ERR,ERR,ERR,ERR,ERR,ERR,ERR,ERR,ERR,ERR,ERR,ERR,ERR,ERR,ERR,ERR,ERR,ERR,ERR,ERR,ERR,ERR,ERR,ERR,ERR,ERR,ERR,ERR,ERR,ERR,ERR,ERR,ERR,ERR,ERR,ERR,ERR,ERR,60.0,60.0,35,0.0,0.0,0.0,0.0,0.0,0.0,0.0,0.0,0.0,0.0,0.0,0.0,0.0,0.0,0.0,0.0,65.2,0,114,55,38,65476,0,300,0,0,8,20529,65476,0,0,2621,60.0,0.0,0.0,0.0,0.0,0.0
2026-07-09T15:11:02,ERR,ERR,ERR,ERR,ERR,ERR,ERR,ERR,ERR,ERR,ERR,ERR,ERR,ERR,ERR,ERR,ERR,ERR,ERR,ERR,ERR,ERR,ERR,ERR,ERR,ERR,ERR,ERR,ERR,ERR,ERR,ERR,ERR,ERR,ERR,ERR,ERR,ERR,ERR,ERR,ERR,ERR,ERR,ERR,ERR,ERR,ERR,ERR,ERR,ERR,ERR,ERR,ERR,ERR,ERR,ERR,ERR,ERR,ERR,ERR,ERR,ERR,ERR,ERR,ERR,ERR,ERR,ERR,ERR,ERR,ERR,ERR,ERR,ERR,ERR,ERR,ERR,ERR,ERR,ERR,ERR,ERR,ERR,ERR,ERR,ERR,ERR,ERR,ERR,ERR,ERR,ERR,ERR,ERR,ERR,ERR,ERR,ERR,ERR,ERR,ERR,ERR,ERR,ERR,ERR,ERR,ERR,ERR,ERR,ERR,ERR,ERR,ERR,ERR,ERR,ERR,ERR,ERR,ERR,ERR,ERR,ERR,ERR,ERR,ERR,0.0,0.0,0.0,0.0,1.183202019651426e+21,-2924980207616.0,-6.110012510570054e+34,-0.0,0,0,4,17405,7116,0.0,100,0.0,0.0,0.0,0.0,0.0,0,0,0,0,0.0,0,0,0,0,0,0,0,0,0,0,0,0,0,0,0,0,0,0,0,0,0,0,0,0,0,0,0,0,0,0,0,0,0,31,40,40,71,65476,0,300,0,0,8,21553,0.0,-107605600.0,0.0,0.0,0.0,0.0,0.0,0.0,0.0,0.0,0.0,0.0,0.0,0.0,0.0,0.0,0.0,0.0,0.0,0.0,0.0,0.0,-2.004,3.697064747540991e+19,0.0,0.0,0.0,0.0,0.0,0.0,4782.0,131350.328,6921.0,0.0,0.0,2.004,2.004,0.0,0.0,0.0,0.0,69,-107614912.0,0.0,0.0,0.0,0.0,0.0,0.0,0.0,0.0,0,0,0,0.0,0.0,0.0,0.0,0.0,0.0,0.0,0.0,0.0,0.0,0.0,0.0,0.0,0.0,0.0,0.0,0,-107875648.0,69,0.0,138,0.0,2.012,ERR,ERR,ERR,ERR,ERR,ERR,ERR,ERR,ERR,ERR,ERR,ERR,ERR,ERR,ERR,ERR,ERR,ERR,ERR,ERR,ERR,ERR,ERR,ERR,ERR,ERR,ERR,ERR,ERR,ERR,ERR,ERR,ERR,ERR,ERR,ERR,ERR,ERR,ERR,ERR,ERR,ERR,ERR,ERR,ERR,ERR,ERR,ERR,ERR,ERR,ERR,ERR,ERR,ERR,ERR,ERR,ERR,ERR,ERR,ERR,ERR,ERR,ERR,ERR,ERR,ERR,ERR,60.0,60.0,35,0.0,0.0,0.0,0.0,0.0,0.0,0.0,0.0,0.0,0.0,0.0,0.0,0.0,0.0,0.0,0.0,65.2,0,114,55,38,65476,0,300,0,0,8,20529,65476,0,0,2621,60.0,0.0,0.0,0.0,0.0,0.0
2026-07-09T15:11:03,ERR,ERR,ERR,ERR,ERR,ERR,ERR,ERR,ERR,ERR,ERR,ERR,ERR,ERR,ERR,ERR,ERR,ERR,ERR,ERR,ERR,ERR,ERR,ERR,ERR,ERR,ERR,ERR,ERR,ERR,ERR,ERR,ERR,ERR,ERR,ERR,ERR,ERR,ERR,ERR,ERR,ERR,ERR,ERR,ERR,ERR,ERR,ERR,ERR,ERR,ERR,ERR,ERR,ERR,ERR,ERR,ERR,ERR,ERR,ERR,ERR,ERR,ERR,ERR,ERR,ERR,ERR,ERR,ERR,ERR,ERR,ERR,ERR,ERR,ERR,ERR,ERR,ERR,ERR,ERR,ERR,ERR,ERR,ERR,ERR,ERR,ERR,ERR,ERR,ERR,ERR,ERR,ERR,ERR,ERR,ERR,ERR,ERR,ERR,ERR,ERR,ERR,ERR,ERR,ERR,ERR,ERR,ERR,ERR,ERR,ERR,ERR,ERR,ERR,ERR,ERR,ERR,ERR,ERR,ERR,ERR,ERR,ERR,ERR,ERR,0.0,0.0,2.7184141681974032e+23,0.0,-6.172364684216192e+26,-0.0,-0.0,-1.657862961472743e+31,0,0,4,17405,7116,0.0,100,0.0,0.0,0.0,0.0,0.0,0,0,0,0,0.0,0,0,0,0,0,0,0,0,0,0,0,0,0,0,0,0,0,0,0,0,0,0,0,0,0,0,0,0,0,0,0,0,0,31,40,40,71,65476,0,300,0,0,8,21553,0.0,-107605600.0,0.0,0.0,0.0,0.0,0.0,0.0,0.0,0.0,0.0,0.0,0.0,0.0,0.0,0.0,0.0,0.0,0.0,0.0,0.0,0.0,-2.004,-0.0,0.0,0.0,0.0,0.0,0.0,0.0,4780.0,2.422985886919649e+24,6925.0,0.0,2.7184437118109587e+23,2.004,2.004,0.0,0.0,0.0,0.0,69,-71.63,0.059,0.0,0.0,0.0,0.0,0.0,0.0,0.0,0,0,0,0.0,0.0,0.0,0.0,0.0,0.0,0.0,0.0,0.0,0.0,0.0,0.0,0.0,0.0,0.0,0.0,0,-107875648.0,69,0.0,138,0.0,2.012,ERR,ERR,ERR,ERR,ERR,ERR,ERR,ERR,ERR,ERR,ERR,ERR,ERR,ERR,ERR,ERR,ERR,ERR,ERR,ERR,ERR,ERR,ERR,ERR,ERR,ERR,ERR,ERR,ERR,ERR,ERR,ERR,ERR,ERR,ERR,ERR,ERR,ERR,ERR,ERR,ERR,ERR,ERR,ERR,ERR,ERR,ERR,ERR,ERR,ERR,ERR,ERR,ERR,ERR,ERR,ERR,ERR,ERR,ERR,ERR,ERR,ERR,ERR,ERR,ERR,ERR,ERR,60.0,60.0,35,0.0,0.0,0.0,0.0,0.0,0.0,0.0,0.0,0.0,0.0,0.0,0.0,0.0,0.0,0.0,0.0,65.2,0,114,55,38,65476,0,300,0,0,8,20529,65476,0,0,2621,60.0,0.0,0.0,0.0,0.0,0.0
2026-07-09T15:11:04,ERR,ERR,ERR,ERR,ERR,ERR,ERR,ERR,ERR,ERR,ERR,ERR,ERR,ERR,ERR,ERR,ERR,ERR,ERR,ERR,ERR,ERR,ERR,ERR,ERR,ERR,ERR,ERR,ERR,ERR,ERR,ERR,ERR,ERR,ERR,ERR,ERR,ERR,ERR,ERR,ERR,ERR,ERR,ERR,ERR,ERR,ERR,ERR,ERR,ERR,ERR,ERR,ERR,ERR,ERR,ERR,ERR,ERR,ERR,ERR,ERR,ERR,ERR,ERR,ERR,ERR,ERR,ERR,ERR,ERR,ERR,ERR,ERR,ERR,ERR,ERR,ERR,ERR,ERR,ERR,ERR,ERR,ERR,ERR,ERR,ERR,ERR,ERR,ERR,ERR,ERR,ERR,ERR,ERR,ERR,ERR,ERR,ERR,ERR,ERR,ERR,ERR,ERR,ERR,ERR,ERR,ERR,ERR,ERR,ERR,ERR,ERR,ERR,ERR,ERR,ERR,ERR,ERR,ERR,ERR,ERR,ERR,ERR,ERR,ERR,0.0,0.0,2.7184141681974032e+23,0.0,-6.172364684216192e+26,-0.0,-0.0,-1.657862961472743e+31,0,0,4,17405,7116,0.0,100,0.0,0.0,0.0,0.0,0.0,0,0,0,0,0.0,0,0,0,0,0,0,0,0,0,0,0,0,0,0,0,0,0,0,0,0,0,0,0,0,0,0,0,0,0,0,0,0,0,31,40,40,71,65476,0,300,0,0,8,21553,0.0,-107605600.0,0.0,0.0,0.0,0.0,0.0,0.0,0.0,0.0,0.0,0.0,0.0,0.0,0.0,0.0,0.0,0.0,0.0,0.0,0.0,0.0,-2.004,-0.0,0.0,0.0,0.0,0.0,0.0,0.0,4780.0,2.422985886919649e+24,6925.0,0.0,2.7184437118109587e+23,2.004,2.004,0.0,0.0,0.0,0.0,69,-71.63,0.059,0.0,0.0,0.0,0.0,0.0,0.0,0.0,0,0,0,0.0,0.0,0.0,0.0,0.0,0.0,0.0,0.0,0.0,0.0,0.0,0.0,0.0,0.0,0.0,0.0,0,-107875648.0,69,0.0,138,0.0,2.012,ERR,ERR,ERR,ERR,ERR,ERR,ERR,ERR,ERR,ERR,ERR,ERR,ERR,ERR,ERR,ERR,ERR,ERR,ERR,ERR,ERR,ERR,ERR,ERR,ERR,ERR,ERR,ERR,ERR,ERR,ERR,ERR,ERR,ERR,ERR,ERR,ERR,ERR,ERR,ERR,ERR,ERR,ERR,ERR,ERR,ERR,ERR,ERR,ERR,ERR,ERR,ERR,ERR,ERR,ERR,ERR,ERR,ERR,ERR,ERR,ERR,ERR,ERR,ERR,ERR,ERR,ERR,60.0,60.0,35,0.0,0.0,0.0,0.0,0.0,0.0,0.0,0.0,0.0,0.0,0.0,0.0,0.0,0.0,0.0,0.0,65.2,0,114,55,38,65476,0,300,0,0,8,20529,65476,0,0,2621,60.0,0.0,0.0,0.0,0.0,0.0
2026-07-09T15:11:05,ERR,ERR,ERR,ERR,ERR,ERR,ERR,ERR,ERR,ERR,ERR,ERR,ERR,ERR,ERR,ERR,ERR,ERR,ERR,ERR,ERR,ERR,ERR,ERR,ERR,ERR,ERR,ERR,ERR,ERR,ERR,ERR,ERR,ERR,ERR,ERR,ERR,ERR,ERR,ERR,ERR,ERR,ERR,ERR,ERR,ERR,ERR,ERR,ERR,ERR,ERR,ERR,ERR,ERR,ERR,ERR,ERR,ERR,ERR,ERR,ERR,ERR,ERR,ERR,ERR,ERR,ERR,ERR,ERR,ERR,ERR,ERR,ERR,ERR,ERR,ERR,ERR,ERR,ERR,ERR,ERR,ERR,ERR,ERR,ERR,ERR,ERR,ERR,ERR,ERR,ERR,ERR,ERR,ERR,ERR,ERR,ERR,ERR,ERR,ERR,ERR,ERR,ERR,ERR,ERR,ERR,ERR,ERR,ERR,ERR,ERR,ERR,ERR,ERR,ERR,ERR,ERR,ERR,ERR,ERR,ERR,ERR,ERR,ERR,ERR,0.0,0.0,2.7184141681974032e+23,0.0,-6.172364684216192e+26,-0.0,-0.0,-1.657862961472743e+31,0,0,4,17405,7116,0.0,100,0.0,0.0,0.0,0.0,0.0,0,0,0,0,0.0,0,0,0,0,0,0,0,0,0,0,0,0,0,0,0,0,0,0,0,0,0,0,0,0,0,0,0,0,0,0,0,0,0,31,40,40,71,65476,0,300,0,0,8,21553,0.0,-107605600.0,0.0,0.0,0.0,0.0,0.0,0.0,0.0,0.0,0.0,0.0,0.0,0.0,0.0,0.0,0.0,0.0,0.0,0.0,0.0,0.0,-2.004,-0.0,0.0,0.0,0.0,0.0,0.0,0.0,4780.0,2.422985886919649e+24,6925.0,0.0,2.7184437118109587e+23,2.004,2.004,0.0,0.0,0.0,0.0,69,-71.63,0.059,0.0,0.0,0.0,0.0,0.0,0.0,0.0,0,0,0,0.0,0.0,0.0,0.0,0.0,0.0,0.0,0.0,0.0,0.0,0.0,0.0,0.0,0.0,0.0,0.0,0,-107875648.0,69,0.0,138,0.0,2.012,ERR,ERR,ERR,ERR,ERR,ERR,ERR,ERR,ERR,ERR,ERR,ERR,ERR,ERR,ERR,ERR,ERR,ERR,ERR,ERR,ERR,ERR,ERR,ERR,ERR,ERR,ERR,ERR,ERR,ERR,ERR,ERR,ERR,ERR,ERR,ERR,ERR,ERR,ERR,ERR,ERR,ERR,ERR,ERR,ERR,ERR,ERR,ERR,ERR,ERR,ERR,ERR,ERR,ERR,ERR,ERR,ERR,ERR,ERR,ERR,ERR,ERR,ERR,ERR,ERR,ERR,ERR,60.0,60.0,35,0.0,0.0,0.0,0.0,0.0,0.0,0.0,0.0,0.0,0.0,0.0,0.0,0.0,0.0,0.0,0.0,65.6,0,114,55,38,65476,0,300,0,0,8,20529,65476,0,0,2621,60.0,0.0,0.0,0.0,0.0,0.0
2026-07-09T15:11:06,ERR,ERR,ERR,ERR,ERR,ERR,ERR,ERR,ERR,ERR,ERR,ERR,ERR,ERR,ERR,ERR,ERR,ERR,ERR,ERR,ERR,ERR,ERR,ERR,ERR,ERR,ERR,ERR,ERR,ERR,ERR,ERR,ERR,ERR,ERR,ERR,ERR,ERR,ERR,ERR,ERR,ERR,ERR,ERR,ERR,ERR,ERR,ERR,ERR,ERR,ERR,ERR,ERR,ERR,ERR,ERR,ERR,ERR,ERR,ERR,ERR,ERR,ERR,ERR,ERR,ERR,ERR,ERR,ERR,ERR,ERR,ERR,ERR,ERR,ERR,ERR,ERR,ERR,ERR,ERR,ERR,ERR,ERR,ERR,ERR,ERR,ERR,ERR,ERR,ERR,ERR,ERR,ERR,ERR,ERR,ERR,ERR,ERR,ERR,ERR,ERR,ERR,ERR,ERR,ERR,ERR,ERR,ERR,ERR,ERR,ERR,ERR,ERR,ERR,ERR,ERR,ERR,ERR,ERR,ERR,ERR,ERR,ERR,ERR,ERR,0.0,0.0,2.7184141681974032e+23,0.0,-6.172364684216192e+26,-0.0,-0.0,-1.657862961472743e+31,0,0,4,17405,7116,0.0,100,0.0,0.0,0.0,0.0,0.0,0,0,0,0,0.0,0,0,0,0,0,0,0,0,0,0,0,0,0,0,0,0,0,0,0,0,0,0,0,0,0,0,0,0,0,0,0,0,0,31,40,40,71,65476,0,300,0,0,8,21553,0.0,-107605600.0,0.0,0.0,0.0,0.0,0.0,0.0,0.0,0.0,0.0,0.0,0.0,0.0,0.0,0.0,0.0,0.0,0.0,0.0,0.0,0.0,-2.004,-0.0,0.0,0.0,0.0,0.0,0.0,0.0,4780.0,2.422985886919649e+24,6925.0,0.0,2.7184437118109587e+23,2.004,2.004,0.0,0.0,0.0,0.0,69,-71.63,0.059,0.0,0.0,0.0,0.0,0.0,0.0,0.0,0,0,0,0.0,0.0,0.0,0.0,0.0,0.0,0.0,0.0,0.0,0.0,0.0,0.0,0.0,0.0,0.0,0.0,0,-107875648.0,69,0.0,138,0.0,2.012,ERR,ERR,ERR,ERR,ERR,ERR,ERR,ERR,ERR,ERR,ERR,ERR,ERR,ERR,ERR,ERR,ERR,ERR,ERR,ERR,ERR,ERR,ERR,ERR,ERR,ERR,ERR,ERR,ERR,ERR,ERR,ERR,ERR,ERR,ERR,ERR,ERR,ERR,ERR,ERR,ERR,ERR,ERR,ERR,ERR,ERR,ERR,ERR,ERR,ERR,ERR,ERR,ERR,ERR,ERR,ERR,ERR,ERR,ERR,ERR,ERR,ERR,ERR,ERR,ERR,ERR,ERR,60.0,60.0,35,0.0,0.0,0.0,0.0,0.0,0.0,0.0,0.0,0.0,0.0,0.0,0.0,0.0,0.0,0.0,0.0,65.2,0,114,55,38,65476,0,300,0,0,8,20529,65476,0,0,2621,60.0,0.0,0.0,0.0,0.0,0.0
2026-07-09T15:11:07,ERR,ERR,ERR,ERR,ERR,ERR,ERR,ERR,ERR,ERR,ERR,ERR,ERR,ERR,ERR,ERR,ERR,ERR,ERR,ERR,ERR,ERR,ERR,ERR,ERR,ERR,ERR,ERR,ERR,ERR,ERR,ERR,ERR,ERR,ERR,ERR,ERR,ERR,ERR,ERR,ERR,ERR,ERR,ERR,ERR,ERR,ERR,ERR,ERR,ERR,ERR,ERR,ERR,ERR,ERR,ERR,ERR,ERR,ERR,ERR,ERR,ERR,ERR,ERR,ERR,ERR,ERR,ERR,ERR,ERR,ERR,ERR,ERR,ERR,ERR,ERR,ERR,ERR,ERR,ERR,ERR,ERR,ERR,ERR,ERR,ERR,ERR,ERR,ERR,ERR,ERR,ERR,ERR,ERR,ERR,ERR,ERR,ERR,ERR,ERR,ERR,ERR,ERR,ERR,ERR,ERR,ERR,ERR,ERR,ERR,ERR,ERR,ERR,ERR,ERR,ERR,ERR,ERR,ERR,ERR,ERR,ERR,ERR,ERR,ERR,0.0,0.0,2.7184141681974032e+23,0.0,-6.172364684216192e+26,-0.0,-0.0,-1.657862961472743e+31,0,0,4,17405,7116,0.0,100,0.0,0.0,0.0,0.0,0.0,0,0,0,0,0.0,0,0,0,0,0,0,0,0,0,0,0,0,0,0,0,0,0,0,0,0,0,0,0,0,0,0,0,0,0,0,0,0,0,31,40,40,71,65476,0,300,0,0,8,21553,0.0,-107605600.0,0.0,0.0,0.0,0.0,0.0,0.0,0.0,0.0,0.0,0.0,0.0,0.0,0.0,0.0,0.0,0.0,0.0,0.0,0.0,0.0,-2.004,-0.0,0.0,0.0,0.0,0.0,0.0,0.0,4780.0,2.422985886919649e+24,6925.0,0.0,2.7184437118109587e+23,2.004,2.004,0.0,0.0,0.0,0.0,69,-71.63,0.059,0.0,0.0,0.0,0.0,0.0,0.0,0.0,0,0,0,0.0,0.0,0.0,0.0,0.0,0.0,0.0,0.0,0.0,0.0,0.0,0.0,0.0,0.0,0.0,0.0,0,-107875648.0,69,0.0,138,0.0,2.012,ERR,ERR,ERR,ERR,ERR,ERR,ERR,ERR,ERR,ERR,ERR,ERR,ERR,ERR,ERR,ERR,ERR,ERR,ERR,ERR,ERR,ERR,ERR,ERR,ERR,ERR,ERR,ERR,ERR,ERR,ERR,ERR,ERR,ERR,ERR,ERR,ERR,ERR,ERR,ERR,ERR,ERR,ERR,ERR,ERR,ERR,ERR,ERR,ERR,ERR,ERR,ERR,ERR,ERR,ERR,ERR,ERR,ERR,ERR,ERR,ERR,ERR,ERR,ERR,ERR,ERR,ERR,60.0,60.0,35,0.0,0.0,0.0,0.0,0.0,0.0,0.0,0.0,0.0,0.0,0.0,0.0,0.0,0.0,0.0,0.0,65.2,0,114,55,38,65476,0,300,0,0,8,20529,65476,0,0,2621,60.0,0.0,0.0,0.0,0.0,0.0
2026-07-09T15:11:08,ERR,ERR,ERR,ERR,ERR,ERR,ERR,ERR,ERR,ERR,ERR,ERR,ERR,ERR,ERR,ERR,ERR,ERR,ERR,ERR,ERR,ERR,ERR,ERR,ERR,ERR,ERR,ERR,ERR,ERR,ERR,ERR,ERR,ERR,ERR,ERR,ERR,ERR,ERR,ERR,ERR,ERR,ERR,ERR,ERR,ERR,ERR,ERR,ERR,ERR,ERR,ERR,ERR,ERR,ERR,ERR,ERR,ERR,ERR,ERR,ERR,ERR,ERR,ERR,ERR,ERR,ERR,ERR,ERR,ERR,ERR,ERR,ERR,ERR,ERR,ERR,ERR,ERR,ERR,ERR,ERR,ERR,ERR,ERR,ERR,ERR,ERR,ERR,ERR,ERR,ERR,ERR,ERR,ERR,ERR,ERR,ERR,ERR,ERR,ERR,ERR,ERR,ERR,ERR,ERR,ERR,ERR,ERR,ERR,ERR,ERR,ERR,ERR,ERR,ERR,ERR,ERR,ERR,ERR,ERR,ERR,ERR,ERR,ERR,ERR,0.0,2.7184437118109587e+23,-107090352.0,-0.0,-0.0,1.3890861032365005e+22,9.471692767095334e+29,-1.3714191446336357e+28,0,0,4,17403,7116,0.0,100,0.0,0.0,-0.0,0.0,0.0,0,0,0,0,0.0,0,0,0,0,0,0,0,0,0,0,0,0,0,0,0,0,0,0,0,0,0,0,0,0,0,0,0,0,0,0,0,0,0,31,40,40,71,65476,0,300,0,0,8,21553,0.0,-107605600.0,0.0,0.0,0.0,0.0,0.0,0.0,0.0,0.0,0.0,0.0,0.0,0.0,0.0,0.0,0.0,0.0,0.0,0.0,0.0,0.0,-2.004,-0.0,0.0,0.0,0.0,0.0,0.0,0.0,4769.0,-0.0,6930.0,0.0,2.7184437118109587e+23,2.004,2.004,0.0,0.0,0.0,0.0,69,1.905688671546245e+17,4.066850257910686e+29,0.0,0.0,0.0,0.0,0.0,0.0,0.0,0,0,0,0.0,0.0,0.0,0.0,0.0,0.0,0.0,0.0,0.0,0.0,0.0,0.0,0.0,0.0,0.0,0.0,0,-107875648.0,69,0.0,138,0.0,2.012,ERR,ERR,ERR,ERR,ERR,ERR,ERR,ERR,ERR,ERR,ERR,ERR,ERR,ERR,ERR,ERR,ERR,ERR,ERR,ERR,ERR,ERR,ERR,ERR,ERR,ERR,ERR,ERR,ERR,ERR,ERR,ERR,ERR,ERR,ERR,ERR,ERR,ERR,ERR,ERR,ERR,ERR,ERR,ERR,ERR,ERR,ERR,ERR,ERR,ERR,ERR,ERR,ERR,ERR,ERR,ERR,ERR,ERR,ERR,ERR,ERR,ERR,ERR,ERR,ERR,ERR,ERR,60.0,60.0,35,0.0,0.0,0.0,0.0,0.0,0.0,0.0,0.0,0.0,0.0,0.0,0.0,0.0,0.0,0.0,0.0,65.6,0,114,55,38,65476,0,300,0,0,8,20529,65476,0,0,2621,60.0,0.0,0.0,0.0,0.0,0.0
2026-07-09T15:11:09,ERR,ERR,ERR,ERR,ERR,ERR,ERR,ERR,ERR,ERR,ERR,ERR,ERR,ERR,ERR,ERR,ERR,ERR,ERR,ERR,ERR,ERR,ERR,ERR,ERR,ERR,ERR,ERR,ERR,ERR,ERR,ERR,ERR,ERR,ERR,ERR,ERR,ERR,ERR,ERR,ERR,ERR,ERR,ERR,ERR,ERR,ERR,ERR,ERR,ERR,ERR,ERR,ERR,ERR,ERR,ERR,ERR,ERR,ERR,ERR,ERR,ERR,ERR,ERR,ERR,ERR,ERR,ERR,ERR,ERR,ERR,ERR,ERR,ERR,ERR,ERR,ERR,ERR,ERR,ERR,ERR,ERR,ERR,ERR,ERR,ERR,ERR,ERR,ERR,ERR,ERR,ERR,ERR,ERR,ERR,ERR,ERR,ERR,ERR,ERR,ERR,ERR,ERR,ERR,ERR,ERR,ERR,ERR,ERR,ERR,ERR,ERR,ERR,ERR,ERR,ERR,ERR,ERR,ERR,ERR,ERR,ERR,ERR,ERR,ERR,0.0,2.7184437118109587e+23,-107090352.0,-0.0,-0.0,1.3890861032365005e+22,9.471692767095334e+29,-1.3714191446336357e+28,0,0,4,17403,7116,0.0,100,0.0,0.0,-0.0,0.0,0.0,0,0,0,0,0.0,0,0,0,0,0,0,0,0,0,0,0,0,0,0,0,0,0,0,0,0,0,0,0,0,0,0,0,0,0,0,0,0,0,31,40,40,71,65476,0,300,0,0,8,21553,0.0,-107605600.0,0.0,0.0,0.0,0.0,0.0,0.0,0.0,0.0,0.0,0.0,0.0,0.0,0.0,0.0,0.0,0.0,0.0,0.0,0.0,0.0,-2.004,-0.0,0.0,0.0,0.0,0.0,0.0,0.0,4769.0,-0.0,6930.0,0.0,2.7184437118109587e+23,2.004,2.004,0.0,0.0,0.0,0.0,69,1.905688671546245e+17,4.066850257910686e+29,0.0,0.0,0.0,0.0,0.0,0.0,0.0,0,0,0,0.0,0.0,0.0,0.0,0.0,0.0,0.0,0.0,0.0,0.0,0.0,0.0,0.0,0.0,0.0,0.0,0,-107875648.0,69,0.0,138,0.0,2.012,ERR,ERR,ERR,ERR,ERR,ERR,ERR,ERR,ERR,ERR,ERR,ERR,ERR,ERR,ERR,ERR,ERR,ERR,ERR,ERR,ERR,ERR,ERR,ERR,ERR,ERR,ERR,ERR,ERR,ERR,ERR,ERR,ERR,ERR,ERR,ERR,ERR,ERR,ERR,ERR,ERR,ERR,ERR,ERR,ERR,ERR,ERR,ERR,ERR,ERR,ERR,ERR,ERR,ERR,ERR,ERR,ERR,ERR,ERR,ERR,ERR,ERR,ERR,ERR,ERR,ERR,ERR,60.0,60.0,35,0.0,0.0,0.0,0.0,0.0,0.0,0.0,0.0,0.0,0.0,0.0,0.0,0.0,0.0,0.0,0.0,65.6,0,114,55,38,65476,0,300,0,0,8,20529,65476,0,0,2621,60.0,0.0,0.0,0.0,0.0,0.0
2026-07-09T15:11:10,ERR,ERR,ERR,ERR,ERR,ERR,ERR,ERR,ERR,ERR,ERR,ERR,ERR,ERR,ERR,ERR,ERR,ERR,ERR,ERR,ERR,ERR,ERR,ERR,ERR,ERR,ERR,ERR,ERR,ERR,ERR,ERR,ERR,ERR,ERR,ERR,ERR,ERR,ERR,ERR,ERR,ERR,ERR,ERR,ERR,ERR,ERR,ERR,ERR,ERR,ERR,ERR,ERR,ERR,ERR,ERR,ERR,ERR,ERR,ERR,ERR,ERR,ERR,ERR,ERR,ERR,ERR,ERR,ERR,ERR,ERR,ERR,ERR,ERR,ERR,ERR,ERR,ERR,ERR,ERR,ERR,ERR,ERR,ERR,ERR,ERR,ERR,ERR,ERR,ERR,ERR,ERR,ERR,ERR,ERR,ERR,ERR,ERR,ERR,ERR,ERR,ERR,ERR,ERR,ERR,ERR,ERR,ERR,ERR,ERR,ERR,ERR,ERR,ERR,ERR,ERR,ERR,ERR,ERR,ERR,ERR,ERR,ERR,ERR,ERR,0.0,2.7184437118109587e+23,-107090352.0,-0.0,-0.0,1.3890861032365005e+22,9.471692767095334e+29,-1.3714191446336357e+28,0,0,4,17403,7116,0.0,100,0.0,0.0,-0.0,0.0,0.0,0,0,0,0,0.0,0,0,0,0,0,0,0,0,0,0,0,0,0,0,0,0,0,0,0,0,0,0,0,0,0,0,0,0,0,0,0,0,0,31,40,40,71,65476,0,300,0,0,8,21553,0.0,-107605600.0,0.0,0.0,0.0,0.0,0.0,0.0,0.0,0.0,0.0,0.0,0.0,0.0,0.0,0.0,0.0,0.0,0.0,0.0,0.0,0.0,-2.004,-0.0,0.0,0.0,0.0,0.0,0.0,0.0,4769.0,-0.0,6930.0,0.0,2.7184437118109587e+23,2.004,2.004,0.0,0.0,0.0,0.0,69,1.905688671546245e+17,4.066850257910686e+29,0.0,0.0,0.0,0.0,0.0,0.0,0.0,0,0,0,0.0,0.0,0.0,0.0,0.0,0.0,0.0,0.0,0.0,0.0,0.0,0.0,0.0,0.0,0.0,0.0,0,-107875648.0,69,0.0,138,0.0,2.012,ERR,ERR,ERR,ERR,ERR,ERR,ERR,ERR,ERR,ERR,ERR,ERR,ERR,ERR,ERR,ERR,ERR,ERR,ERR,ERR,ERR,ERR,ERR,ERR,ERR,ERR,ERR,ERR,ERR,ERR,ERR,ERR,ERR,ERR,ERR,ERR,ERR,ERR,ERR,ERR,ERR,ERR,ERR,ERR,ERR,ERR,ERR,ERR,ERR,ERR,ERR,ERR,ERR,ERR,ERR,ERR,ERR,ERR,ERR,ERR,ERR,ERR,ERR,ERR,ERR,ERR,ERR,60.0,60.0,35,0.0,0.0,0.0,0.0,0.0,0.0,0.0,0.0,0.0,0.0,0.0,0.0,0.0,0.0,0.0,0.0,65.2,0,113,55,38,65476,0,300,0,0,8,20529,65476,0,0,2621,60.0,0.0,0.0,0.0,0.0,0.0
2026-07-09T15:11:11,ERR,ERR,ERR,ERR,ERR,ERR,ERR,ERR,ERR,ERR,ERR,ERR,ERR,ERR,ERR,ERR,ERR,ERR,ERR,ERR,ERR,ERR,ERR,ERR,ERR,ERR,ERR,ERR,ERR,ERR,ERR,ERR,ERR,ERR,ERR,ERR,ERR,ERR,ERR,ERR,ERR,ERR,ERR,ERR,ERR,ERR,ERR,ERR,ERR,ERR,ERR,ERR,ERR,ERR,ERR,ERR,ERR,ERR,ERR,ERR,ERR,ERR,ERR,ERR,ERR,ERR,ERR,ERR,ERR,ERR,ERR,ERR,ERR,ERR,ERR,ERR,ERR,ERR,ERR,ERR,ERR,ERR,ERR,ERR,ERR,ERR,ERR,ERR,ERR,ERR,ERR,ERR,ERR,ERR,ERR,ERR,ERR,ERR,ERR,ERR,ERR,ERR,ERR,ERR,ERR,ERR,ERR,ERR,ERR,ERR,ERR,ERR,ERR,ERR,ERR,ERR,ERR,ERR,ERR,ERR,ERR,ERR,ERR,ERR,ERR,0.0,2.7184437118109587e+23,-107090352.0,-0.0,-0.0,1.3890861032365005e+22,9.471692767095334e+29,-1.3714191446336357e+28,0,0,4,17403,7116,0.0,100,0.0,0.0,-0.0,0.0,0.0,0,0,0,0,0.0,0,0,0,0,0,0,0,0,0,0,0,0,0,0,0,0,0,0,0,0,0,0,0,0,0,0,0,0,0,0,0,0,0,31,40,40,71,65476,0,300,0,0,8,21553,0.0,-107605600.0,0.0,0.0,0.0,0.0,0.0,0.0,0.0,0.0,0.0,0.0,0.0,0.0,0.0,0.0,0.0,0.0,0.0,0.0,0.0,0.0,-2.004,-0.0,0.0,0.0,0.0,0.0,0.0,0.0,4769.0,-0.0,6930.0,0.0,2.7184437118109587e+23,2.004,2.004,0.0,0.0,0.0,0.0,69,1.905688671546245e+17,4.066850257910686e+29,0.0,0.0,0.0,0.0,0.0,0.0,0.0,0,0,0,0.0,0.0,0.0,0.0,0.0,0.0,0.0,0.0,0.0,0.0,0.0,0.0,0.0,0.0,0.0,0.0,0,-107875648.0,69,0.0,138,0.0,2.012,ERR,ERR,ERR,ERR,ERR,ERR,ERR,ERR,ERR,ERR,ERR,ERR,ERR,ERR,ERR,ERR,ERR,ERR,ERR,ERR,ERR,ERR,ERR,ERR,ERR,ERR,ERR,ERR,ERR,ERR,ERR,ERR,ERR,ERR,ERR,ERR,ERR,ERR,ERR,ERR,ERR,ERR,ERR,ERR,ERR,ERR,ERR,ERR,ERR,ERR,ERR,ERR,ERR,ERR,ERR,ERR,ERR,ERR,ERR,ERR,ERR,ERR,ERR,ERR,ERR,ERR,ERR,60.0,60.0,35,0.0,0.0,0.0,0.0,0.0,0.0,0.0,0.0,0.0,0.0,0.0,0.0,0.0,0.0,0.0,0.0,65.2,0,113,55,38,65476,0,300,0,0,8,20529,65476,0,0,2621,60.0,0.0,0.0,0.0,0.0,0.0
2026-07-09T15:11:12,ERR,ERR,ERR,ERR,ERR,ERR,ERR,ERR,ERR,ERR,ERR,ERR,ERR,ERR,ERR,ERR,ERR,ERR,ERR,ERR,ERR,ERR,ERR,ERR,ERR,ERR,ERR,ERR,ERR,ERR,ERR,ERR,ERR,ERR,ERR,ERR,ERR,ERR,ERR,ERR,ERR,ERR,ERR,ERR,ERR,ERR,ERR,ERR,ERR,ERR,ERR,ERR,ERR,ERR,ERR,ERR,ERR,ERR,ERR,ERR,ERR,ERR,ERR,ERR,ERR,ERR,ERR,ERR,ERR,ERR,ERR,ERR,ERR,ERR,ERR,ERR,ERR,ERR,ERR,ERR,ERR,ERR,ERR,ERR,ERR,ERR,ERR,ERR,ERR,ERR,ERR,ERR,ERR,ERR,ERR,ERR,ERR,ERR,ERR,ERR,ERR,ERR,ERR,ERR,ERR,ERR,ERR,ERR,ERR,ERR,ERR,ERR,ERR,ERR,ERR,ERR,ERR,ERR,ERR,ERR,ERR,ERR,ERR,ERR,ERR,0.0,2.7184437118109587e+23,-107090352.0,-0.0,-0.0,1.3890861032365005e+22,9.471692767095334e+29,-1.3714191446336357e+28,0,0,4,17403,7116,0.0,100,0.0,0.0,-0.0,0.0,0.0,0,0,0,0,0.0,0,0,0,0,0,0,0,0,0,0,0,0,0,0,0,0,0,0,0,0,0,0,0,0,0,0,0,0,0,0,0,0,0,31,40,40,71,65476,0,300,0,0,8,21553,0.0,-107605600.0,0.0,0.0,0.0,0.0,0.0,0.0,0.0,0.0,0.0,0.0,0.0,0.0,0.0,0.0,0.0,0.0,0.0,0.0,0.0,0.0,-2.004,-0.0,0.0,0.0,0.0,0.0,0.0,0.0,4769.0,-0.0,6930.0,0.0,2.7184437118109587e+23,2.004,2.004,0.0,0.0,0.0,0.0,69,1.905688671546245e+17,4.066850257910686e+29,0.0,0.0,0.0,0.0,0.0,0.0,0.0,0,0,0,0.0,0.0,0.0,0.0,0.0,0.0,0.0,0.0,0.0,0.0,0.0,0.0,0.0,0.0,0.0,0.0,0,-107875648.0,69,0.0,138,0.0,2.012,ERR,ERR,ERR,ERR,ERR,ERR,ERR,ERR,ERR,ERR,ERR,ERR,ERR,ERR,ERR,ERR,ERR,ERR,ERR,ERR,ERR,ERR,ERR,ERR,ERR,ERR,ERR,ERR,ERR,ERR,ERR,ERR,ERR,ERR,ERR,ERR,ERR,ERR,ERR,ERR,ERR,ERR,ERR,ERR,ERR,ERR,ERR,ERR,ERR,ERR,ERR,ERR,ERR,ERR,ERR,ERR,ERR,ERR,ERR,ERR,ERR,ERR,ERR,ERR,ERR,ERR,ERR,60.0,60.0,35,0.0,0.0,0.0,0.0,0.0,0.0,0.0,0.0,0.0,0.0,0.0,0.0,0.0,0.0,0.0,0.0,65.2,0,113,55,38,65476,0,300,0,0,8,20529,65476,0,0,2621,60.0,0.0,0.0,0.0,0.0,0.0
2026-07-09T15:11:13,ERR,ERR,ERR,ERR,ERR,ERR,ERR,ERR,ERR,ERR,ERR,ERR,ERR,ERR,ERR,ERR,ERR,ERR,ERR,ERR,ERR,ERR,ERR,ERR,ERR,ERR,ERR,ERR,ERR,ERR,ERR,ERR,ERR,ERR,ERR,ERR,ERR,ERR,ERR,ERR,ERR,ERR,ERR,ERR,ERR,ERR,ERR,ERR,ERR,ERR,ERR,ERR,ERR,ERR,ERR,ERR,ERR,ERR,ERR,ERR,ERR,ERR,ERR,ERR,ERR,ERR,ERR,ERR,ERR,ERR,ERR,ERR,ERR,ERR,ERR,ERR,ERR,ERR,ERR,ERR,ERR,ERR,ERR,ERR,ERR,ERR,ERR,ERR,ERR,ERR,ERR,ERR,ERR,ERR,ERR,ERR,ERR,ERR,ERR,ERR,ERR,ERR,ERR,ERR,ERR,ERR,ERR,ERR,ERR,ERR,ERR,ERR,ERR,ERR,ERR,ERR,ERR,ERR,ERR,ERR,ERR,ERR,ERR,ERR,ERR,0.0,2.7184437118109587e+23,-107090352.0,0.0,3.2234204229841878e+32,2.4545747717366743e+18,7.170347558129375e+26,-127.126,0,0,4,17401,7116,0.0,100,0.0,0.0,0.0,0.0,0.0,0,0,0,0,0.0,0,0,0,0,0,0,0,0,0,0,0,0,0,0,0,0,0,0,0,0,0,0,0,0,0,0,0,0,0,0,0,0,0,31,40,40,71,65476,0,300,0,0,8,21553,0.0,-107605600.0,0.0,0.0,0.0,0.0,0.0,0.0,0.0,0.0,0.0,0.0,0.0,0.0,0.0,0.0,0.0,0.0,0.0,0.0,0.0,0.0,-2.004,-0.0,0.0,0.0,0.0,0.0,0.0,0.0,4790.0,-131350.328,6940.0,0.0,2.7184437118109587e+23,2.004,2.004,0.0,0.0,0.0,0.0,69,-107614904.0,-152017129439232.0,0.0,0.0,0.0,0.0,0.0,0.0,0.0,0,0,0,0.0,0.0,0.0,0.0,0.0,0.0,0.0,0.0,0.0,0.0,0.0,0.0,0.0,0.0,0.0,0.0,0,-107875648.0,69,0.0,138,0.0,2.012,ERR,ERR,ERR,ERR,ERR,ERR,ERR,ERR,ERR,ERR,ERR,ERR,ERR,ERR,ERR,ERR,ERR,ERR,ERR,ERR,ERR,ERR,ERR,ERR,ERR,ERR,ERR,ERR,ERR,ERR,ERR,ERR,ERR,ERR,ERR,ERR,ERR,ERR,ERR,ERR,ERR,ERR,ERR,ERR,ERR,ERR,ERR,ERR,ERR,ERR,ERR,ERR,ERR,ERR,ERR,ERR,ERR,ERR,ERR,ERR,ERR,ERR,ERR,ERR,ERR,ERR,ERR,60.0,60.0,35,0.0,0.0,0.0,0.0,0.0,0.0,0.0,0.0,0.0,0.0,0.0,0.0,0.0,0.0,0.0,0.0,65.6,0,114,55,38,65476,0,300,0,0,8,20529,65476,0,0,2621,60.0,0.0,0.0,0.0,0.0,0.0
2026-07-09T15:11:14,ERR,ERR,ERR,ERR,ERR,ERR,ERR,ERR,ERR,ERR,ERR,ERR,ERR,ERR,ERR,ERR,ERR,ERR,ERR,ERR,ERR,ERR,ERR,ERR,ERR,ERR,ERR,ERR,ERR,ERR,ERR,ERR,ERR,ERR,ERR,ERR,ERR,ERR,ERR,ERR,ERR,ERR,ERR,ERR,ERR,ERR,ERR,ERR,ERR,ERR,ERR,ERR,ERR,ERR,ERR,ERR,ERR,ERR,ERR,ERR,ERR,ERR,ERR,ERR,ERR,ERR,ERR,ERR,ERR,ERR,ERR,ERR,ERR,ERR,ERR,ERR,ERR,ERR,ERR,ERR,ERR,ERR,ERR,ERR,ERR,ERR,ERR,ERR,ERR,ERR,ERR,ERR,ERR,ERR,ERR,ERR,ERR,ERR,ERR,ERR,ERR,ERR,ERR,ERR,ERR,ERR,ERR,ERR,ERR,ERR,ERR,ERR,ERR,ERR,ERR,ERR,ERR,ERR,ERR,ERR,ERR,ERR,ERR,ERR,ERR,0.0,2.7184437118109587e+23,-107090352.0,0.0,3.2234204229841878e+32,2.4545747717366743e+18,7.170347558129375e+26,-127.126,0,0,4,17401,7116,0.0,100,0.0,0.0,0.0,0.0,0.0,0,0,0,0,0.0,0,0,0,0,0,0,0,0,0,0,0,0,0,0,0,0,0,0,0,0,0,0,0,0,0,0,0,0,0,0,0,0,0,31,40,40,71,65476,0,300,0,0,8,21553,0.0,-107605600.0,0.0,0.0,0.0,0.0,0.0,0.0,0.0,0.0,0.0,0.0,0.0,0.0,0.0,0.0,0.0,0.0,0.0,0.0,0.0,0.0,-2.004,-0.0,0.0,0.0,0.0,0.0,0.0,0.0,4790.0,-131350.328,6940.0,0.0,2.7184437118109587e+23,2.004,2.004,0.0,0.0,0.0,0.0,69,-107614904.0,-152017129439232.0,0.0,0.0,0.0,0.0,0.0,0.0,0.0,0,0,0,0.0,0.0,0.0,0.0,0.0,0.0,0.0,0.0,0.0,0.0,0.0,0.0,0.0,0.0,0.0,0.0,0,-107875648.0,69,0.0,138,0.0,2.012,ERR,ERR,ERR,ERR,ERR,ERR,ERR,ERR,ERR,ERR,ERR,ERR,ERR,ERR,ERR,ERR,ERR,ERR,ERR,ERR,ERR,ERR,ERR,ERR,ERR,ERR,ERR,ERR,ERR,ERR,ERR,ERR,ERR,ERR,ERR,ERR,ERR,ERR,ERR,ERR,ERR,ERR,ERR,ERR,ERR,ERR,ERR,ERR,ERR,ERR,ERR,ERR,ERR,ERR,ERR,ERR,ERR,ERR,ERR,ERR,ERR,ERR,ERR,ERR,ERR,ERR,ERR,60.0,60.0,35,0.0,0.0,0.0,0.0,0.0,0.0,0.0,0.0,0.0,0.0,0.0,0.0,0.0,0.0,0.0,0.0,65.2,0,114,55,38,65476,0,300,0,0,8,20529,65476,0,0,2621,60.0,0.0,0.0,0.0,0.0,0.0
2026-07-09T15:11:15,ERR,ERR,ERR,ERR,ERR,ERR,ERR,ERR,ERR,ERR,ERR,ERR,ERR,ERR,ERR,ERR,ERR,ERR,ERR,ERR,ERR,ERR,ERR,ERR,ERR,ERR,ERR,ERR,ERR,ERR,ERR,ERR,ERR,ERR,ERR,ERR,ERR,ERR,ERR,ERR,ERR,ERR,ERR,ERR,ERR,ERR,ERR,ERR,ERR,ERR,ERR,ERR,ERR,ERR,ERR,ERR,ERR,ERR,ERR,ERR,ERR,ERR,ERR,ERR,ERR,ERR,ERR,ERR,ERR,ERR,ERR,ERR,ERR,ERR,ERR,ERR,ERR,ERR,ERR,ERR,ERR,ERR,ERR,ERR,ERR,ERR,ERR,ERR,ERR,ERR,ERR,ERR,ERR,ERR,ERR,ERR,ERR,ERR,ERR,ERR,ERR,ERR,ERR,ERR,ERR,ERR,ERR,ERR,ERR,ERR,ERR,ERR,ERR,ERR,ERR,ERR,ERR,ERR,ERR,ERR,ERR,ERR,ERR,ERR,ERR,0.0,2.7184437118109587e+23,-107090352.0,0.0,3.2234204229841878e+32,2.4545747717366743e+18,7.170347558129375e+26,-127.126,0,0,4,17401,7116,0.0,100,0.0,0.0,0.0,0.0,0.0,0,0,0,0,0.0,0,0,0,0,0,0,0,0,0,0,0,0,0,0,0,0,0,0,0,0,0,0,0,0,0,0,0,0,0,0,0,0,0,31,40,40,71,65476,0,300,0,0,8,21553,0.0,-107605600.0,0.0,0.0,0.0,0.0,0.0,0.0,0.0,0.0,0.0,0.0,0.0,0.0,0.0,0.0,0.0,0.0,0.0,0.0,0.0,0.0,-2.004,-0.0,0.0,0.0,0.0,0.0,0.0,0.0,4790.0,-131350.328,6940.0,0.0,2.7184437118109587e+23,2.004,2.004,0.0,0.0,0.0,0.0,69,-107614904.0,-152017129439232.0,0.0,0.0,0.0,0.0,0.0,0.0,0.0,0,0,0,0.0,0.0,0.0,0.0,0.0,0.0,0.0,0.0,0.0,0.0,0.0,0.0,0.0,0.0,0.0,0.0,0,-107875648.0,69,0.0,138,0.0,2.012,ERR,ERR,ERR,ERR,ERR,ERR,ERR,ERR,ERR,ERR,ERR,ERR,ERR,ERR,ERR,ERR,ERR,ERR,ERR,ERR,ERR,ERR,ERR,ERR,ERR,ERR,ERR,ERR,ERR,ERR,ERR,ERR,ERR,ERR,ERR,ERR,ERR,ERR,ERR,ERR,ERR,ERR,ERR,ERR,ERR,ERR,ERR,ERR,ERR,ERR,ERR,ERR,ERR,ERR,ERR,ERR,ERR,ERR,ERR,ERR,ERR,ERR,ERR,ERR,ERR,ERR,ERR,60.0,60.0,35,0.0,0.0,0.0,0.0,0.0,0.0,0.0,0.0,0.0,0.0,0.0,0.0,0.0,0.0,0.0,0.0,65.2,0,114,55,38,65476,0,300,0,0,8,20529,65476,0,0,2621,60.0,0.0,0.0,0.0,0.0,0.0
2026-07-09T15:11:16,ERR,ERR,ERR,ERR,ERR,ERR,ERR,ERR,ERR,ERR,ERR,ERR,ERR,ERR,ERR,ERR,ERR,ERR,ERR,ERR,ERR,ERR,ERR,ERR,ERR,ERR,ERR,ERR,ERR,ERR,ERR,ERR,ERR,ERR,ERR,ERR,ERR,ERR,ERR,ERR,ERR,ERR,ERR,ERR,ERR,ERR,ERR,ERR,ERR,ERR,ERR,ERR,ERR,ERR,ERR,ERR,ERR,ERR,ERR,ERR,ERR,ERR,ERR,ERR,ERR,ERR,ERR,ERR,ERR,ERR,ERR,ERR,ERR,ERR,ERR,ERR,ERR,ERR,ERR,ERR,ERR,ERR,ERR,ERR,ERR,ERR,ERR,ERR,ERR,ERR,ERR,ERR,ERR,ERR,ERR,ERR,ERR,ERR,ERR,ERR,ERR,ERR,ERR,ERR,ERR,ERR,ERR,ERR,ERR,ERR,ERR,ERR,ERR,ERR,ERR,ERR,ERR,ERR,ERR,ERR,ERR,ERR,ERR,ERR,ERR,0.0,2.7184437118109587e+23,-107090352.0,0.0,3.2234204229841878e+32,2.4545747717366743e+18,7.170347558129375e+26,-127.126,0,0,4,17401,7116,0.0,100,0.0,0.0,0.0,0.0,0.0,0,0,0,0,0.0,0,0,0,0,0,0,0,0,0,0,0,0,0,0,0,0,0,0,0,0,0,0,0,0,0,0,0,0,0,0,0,0,0,31,40,40,71,65476,0,300,0,0,8,21553,0.0,-107605600.0,0.0,0.0,0.0,0.0,0.0,0.0,0.0,0.0,0.0,0.0,0.0,0.0,0.0,0.0,0.0,0.0,0.0,0.0,0.0,0.0,-2.004,-0.0,0.0,0.0,0.0,0.0,0.0,0.0,4790.0,-131350.328,6940.0,0.0,2.7184437118109587e+23,2.004,2.004,0.0,0.0,0.0,0.0,69,-107614904.0,-152017129439232.0,0.0,0.0,0.0,0.0,0.0,0.0,0.0,0,0,0,0.0,0.0,0.0,0.0,0.0,0.0,0.0,0.0,0.0,0.0,0.0,0.0,0.0,0.0,0.0,0.0,0,-107875648.0,69,0.0,138,0.0,2.012,ERR,ERR,ERR,ERR,ERR,ERR,ERR,ERR,ERR,ERR,ERR,ERR,ERR,ERR,ERR,ERR,ERR,ERR,ERR,ERR,ERR,ERR,ERR,ERR,ERR,ERR,ERR,ERR,ERR,ERR,ERR,ERR,ERR,ERR,ERR,ERR,ERR,ERR,ERR,ERR,ERR,ERR,ERR,ERR,ERR,ERR,ERR,ERR,ERR,ERR,ERR,ERR,ERR,ERR,ERR,ERR,ERR,ERR,ERR,ERR,ERR,ERR,ERR,ERR,ERR,ERR,ERR,60.0,60.0,35,0.0,0.0,0.0,0.0,0.0,0.0,0.0,0.0,0.0,0.0,0.0,0.0,0.0,0.0,0.0,0.0,65.6,0,114,55,38,65476,0,300,0,0,8,20529,65476,0,0,2621,60.0,0.0,0.0,0.0,0.0,0.0
2026-07-09T15:11:17,ERR,ERR,ERR,ERR,ERR,ERR,ERR,ERR,ERR,ERR,ERR,ERR,ERR,ERR,ERR,ERR,ERR,ERR,ERR,ERR,ERR,ERR,ERR,ERR,ERR,ERR,ERR,ERR,ERR,ERR,ERR,ERR,ERR,ERR,ERR,ERR,ERR,ERR,ERR,ERR,ERR,ERR,ERR,ERR,ERR,ERR,ERR,ERR,ERR,ERR,ERR,ERR,ERR,ERR,ERR,ERR,ERR,ERR,ERR,ERR,ERR,ERR,ERR,ERR,ERR,ERR,ERR,ERR,ERR,ERR,ERR,ERR,ERR,ERR,ERR,ERR,ERR,ERR,ERR,ERR,ERR,ERR,ERR,ERR,ERR,ERR,ERR,ERR,ERR,ERR,ERR,ERR,ERR,ERR,ERR,ERR,ERR,ERR,ERR,ERR,ERR,ERR,ERR,ERR,ERR,ERR,ERR,ERR,ERR,ERR,ERR,ERR,ERR,ERR,ERR,ERR,ERR,ERR,ERR,ERR,ERR,ERR,ERR,ERR,ERR,0.0,2.7184437118109587e+23,-107090352.0,0.0,3.2234204229841878e+32,2.4545747717366743e+18,7.170347558129375e+26,-127.126,0,0,4,17401,7116,0.0,100,0.0,0.0,0.0,0.0,0.0,0,0,0,0,0.0,0,0,0,0,0,0,0,0,0,0,0,0,0,0,0,0,0,0,0,0,0,0,0,0,0,0,0,0,0,0,0,0,0,31,40,40,71,65476,0,300,0,0,8,21553,0.0,-107605600.0,0.0,0.0,0.0,0.0,0.0,0.0,0.0,0.0,0.0,0.0,0.0,0.0,0.0,0.0,0.0,0.0,0.0,0.0,0.0,0.0,-2.004,-0.0,0.0,0.0,0.0,0.0,0.0,0.0,4790.0,-131350.328,6940.0,0.0,2.7184437118109587e+23,2.004,2.004,0.0,0.0,0.0,0.0,69,-107614904.0,-152017129439232.0,0.0,0.0,0.0,0.0,0.0,0.0,0.0,0,0,0,0.0,0.0,0.0,0.0,0.0,0.0,0.0,0.0,0.0,0.0,0.0,0.0,0.0,0.0,0.0,0.0,0,-107875648.0,69,0.0,138,0.0,2.012,ERR,ERR,ERR,ERR,ERR,ERR,ERR,ERR,ERR,ERR,ERR,ERR,ERR,ERR,ERR,ERR,ERR,ERR,ERR,ERR,ERR,ERR,ERR,ERR,ERR,ERR,ERR,ERR,ERR,ERR,ERR,ERR,ERR,ERR,ERR,ERR,ERR,ERR,ERR,ERR,ERR,ERR,ERR,ERR,ERR,ERR,ERR,ERR,ERR,ERR,ERR,ERR,ERR,ERR,ERR,ERR,ERR,ERR,ERR,ERR,ERR,ERR,ERR,ERR,ERR,ERR,ERR,60.0,60.0,35,0.0,0.0,0.0,0.0,0.0,0.0,0.0,0.0,0.0,0.0,0.0,0.0,0.0,0.0,0.0,0.0,65.6,0,114,55,38,65476,0,300,0,0,8,20529,65476,0,0,2621,60.0,0.0,0.0,0.0,0.0,0.0
2026-07-09T15:11:18,ERR,ERR,ERR,ERR,ERR,ERR,ERR,ERR,ERR,ERR,ERR,ERR,ERR,ERR,ERR,ERR,ERR,ERR,ERR,ERR,ERR,ERR,ERR,ERR,ERR,ERR,ERR,ERR,ERR,ERR,ERR,ERR,ERR,ERR,ERR,ERR,ERR,ERR,ERR,ERR,ERR,ERR,ERR,ERR,ERR,ERR,ERR,ERR,ERR,ERR,ERR,ERR,ERR,ERR,ERR,ERR,ERR,ERR,ERR,ERR,ERR,ERR,ERR,ERR,ERR,ERR,ERR,ERR,ERR,ERR,ERR,ERR,ERR,ERR,ERR,ERR,ERR,ERR,ERR,ERR,ERR,ERR,ERR,ERR,ERR,ERR,ERR,ERR,ERR,ERR,ERR,ERR,ERR,ERR,ERR,ERR,ERR,ERR,ERR,ERR,ERR,ERR,ERR,ERR,ERR,ERR,ERR,ERR,ERR,ERR,ERR,ERR,ERR,ERR,ERR,ERR,ERR,ERR,ERR,ERR,ERR,ERR,ERR,ERR,ERR,0.0,-0.0,0.0,0.0,-1.731758578677772e+38,-0.0,2511328.75,-11905765736448.0,0,0,4,17398,7116,0.0,100,0.0,0.0,0.0,0.0,0.0,0,0,0,0,0.0,0,0,0,0,0,0,0,0,0,0,0,0,0,0,0,0,0,0,0,0,0,0,0,0,0,0,0,0,0,0,0,0,0,31,40,40,71,65476,0,300,0,0,8,21553,0.0,-107605600.0,0.0,0.0,0.0,0.0,0.0,0.0,0.0,0.0,0.0,0.0,0.0,0.0,0.0,0.0,0.0,0.0,0.0,0.0,0.0,0.0,0.0,-0.0,0.0,0.0,0.0,0.0,0.0,0.0,4775.0,-1.587928030851661e+29,6942.0,2.71842713856433e+23,-0.0,2.004,2.004,0.0,0.0,0.0,0.0,69,0.059,-2.3088264680449665e+20,0.0,0.0,0.0,0.0,0.0,0.0,0.0,0,0,0,0.0,0.0,0.0,0.0,0.0,0.0,0.0,0.0,0.0,0.0,0.0,0.0,0.0,0.0,0.0,0.0,0,-107875648.0,69,0.0,138,0.0,2.012,ERR,ERR,ERR,ERR,ERR,ERR,ERR,ERR,ERR,ERR,ERR,ERR,ERR,ERR,ERR,ERR,ERR,ERR,ERR,ERR,ERR,ERR,ERR,ERR,ERR,ERR,ERR,ERR,ERR,ERR,ERR,ERR,ERR,ERR,ERR,ERR,ERR,ERR,ERR,ERR,ERR,ERR,ERR,ERR,ERR,ERR,ERR,ERR,ERR,ERR,ERR,ERR,ERR,ERR,ERR,ERR,ERR,ERR,ERR,ERR,ERR,ERR,ERR,ERR,ERR,ERR,ERR,60.0,60.0,35,0.0,0.0,0.0,0.0,0.0,0.0,0.0,0.0,0.0,0.0,0.0,0.0,0.0,0.0,0.0,0.0,65.2,0,114,55,38,65476,0,300,0,0,8,20529,65476,0,0,2621,60.0,0.0,0.0,0.0,0.0,0.0
2026-07-09T15:11:19,ERR,ERR,ERR,ERR,ERR,ERR,ERR,ERR,ERR,ERR,ERR,ERR,ERR,ERR,ERR,ERR,ERR,ERR,ERR,ERR,ERR,ERR,ERR,ERR,ERR,ERR,ERR,ERR,ERR,ERR,ERR,ERR,ERR,ERR,ERR,ERR,ERR,ERR,ERR,ERR,ERR,ERR,ERR,ERR,ERR,ERR,ERR,ERR,ERR,ERR,ERR,ERR,ERR,ERR,ERR,ERR,ERR,ERR,ERR,ERR,ERR,ERR,ERR,ERR,ERR,ERR,ERR,ERR,ERR,ERR,ERR,ERR,ERR,ERR,ERR,ERR,ERR,ERR,ERR,ERR,ERR,ERR,ERR,ERR,ERR,ERR,ERR,ERR,ERR,ERR,ERR,ERR,ERR,ERR,ERR,ERR,ERR,ERR,ERR,ERR,ERR,ERR,ERR,ERR,ERR,ERR,ERR,ERR,ERR,ERR,ERR,ERR,ERR,ERR,ERR,ERR,ERR,ERR,ERR,ERR,ERR,ERR,ERR,ERR,ERR,0.0,-0.0,0.0,0.0,-1.731758578677772e+38,-0.0,2511328.75,-11905765736448.0,0,0,4,17398,7116,0.0,100,0.0,0.0,0.0,0.0,0.0,0,0,0,0,0.0,0,0,0,0,0,0,0,0,0,0,0,0,0,0,0,0,0,0,0,0,0,0,0,0,0,0,0,0,0,0,0,0,0,31,40,40,71,65476,0,300,0,0,8,21553,0.0,-107605600.0,0.0,0.0,0.0,0.0,0.0,0.0,0.0,0.0,0.0,0.0,0.0,0.0,0.0,0.0,0.0,0.0,0.0,0.0,0.0,0.0,0.0,-0.0,0.0,0.0,0.0,0.0,0.0,0.0,4775.0,-1.587928030851661e+29,6942.0,2.71842713856433e+23,-0.0,2.004,2.004,0.0,0.0,0.0,0.0,69,0.059,-2.3088264680449665e+20,0.0,0.0,0.0,0.0,0.0,0.0,0.0,0,0,0,0.0,0.0,0.0,0.0,0.0,0.0,0.0,0.0,0.0,0.0,0.0,0.0,0.0,0.0,0.0,0.0,0,-107875648.0,69,0.0,138,0.0,2.012,ERR,ERR,ERR,ERR,ERR,ERR,ERR,ERR,ERR,ERR,ERR,ERR,ERR,ERR,ERR,ERR,ERR,ERR,ERR,ERR,ERR,ERR,ERR,ERR,ERR,ERR,ERR,ERR,ERR,ERR,ERR,ERR,ERR,ERR,ERR,ERR,ERR,ERR,ERR,ERR,ERR,ERR,ERR,ERR,ERR,ERR,ERR,ERR,ERR,ERR,ERR,ERR,ERR,ERR,ERR,ERR,ERR,ERR,ERR,ERR,ERR,ERR,ERR,ERR,ERR,ERR,ERR,60.0,60.0,35,0.0,0.0,0.0,0.0,0.0,0.0,0.0,0.0,0.0,0.0,0.0,0.0,0.0,0.0,0.0,0.0,65.2,0,114,55,38,65476,0,300,0,0,8,20529,65476,0,0,2621,60.0,0.0,0.0,0.0,0.0,0.0
2026-07-09T15:11:20,ERR,ERR,ERR,ERR,ERR,ERR,ERR,ERR,ERR,ERR,ERR,ERR,ERR,ERR,ERR,ERR,ERR,ERR,ERR,ERR,ERR,ERR,ERR,ERR,ERR,ERR,ERR,ERR,ERR,ERR,ERR,ERR,ERR,ERR,ERR,ERR,ERR,ERR,ERR,ERR,ERR,ERR,ERR,ERR,ERR,ERR,ERR,ERR,ERR,ERR,ERR,ERR,ERR,ERR,ERR,ERR,ERR,ERR,ERR,ERR,ERR,ERR,ERR,ERR,ERR,ERR,ERR,ERR,ERR,ERR,ERR,ERR,ERR,ERR,ERR,ERR,ERR,ERR,ERR,ERR,ERR,ERR,ERR,ERR,ERR,ERR,ERR,ERR,ERR,ERR,ERR,ERR,ERR,ERR,ERR,ERR,ERR,ERR,ERR,ERR,ERR,ERR,ERR,ERR,ERR,ERR,ERR,ERR,ERR,ERR,ERR,ERR,ERR,ERR,ERR,ERR,ERR,ERR,ERR,ERR,ERR,ERR,ERR,ERR,ERR,0.0,-0.0,0.0,0.0,-1.731758578677772e+38,-0.0,2511328.75,-11905765736448.0,0,0,4,17398,7116,0.0,100,0.0,0.0,0.0,0.0,0.0,0,0,0,0,0.0,0,0,0,0,0,0,0,0,0,0,0,0,0,0,0,0,0,0,0,0,0,0,0,0,0,0,0,0,0,0,0,0,0,31,40,40,71,65476,0,300,0,0,8,21553,0.0,-107605600.0,0.0,0.0,0.0,0.0,0.0,0.0,0.0,0.0,0.0,0.0,0.0,0.0,0.0,0.0,0.0,0.0,0.0,0.0,0.0,0.0,0.0,-0.0,0.0,0.0,0.0,0.0,0.0,0.0,4775.0,-1.587928030851661e+29,6942.0,2.71842713856433e+23,-0.0,2.004,2.004,0.0,0.0,0.0,0.0,69,0.059,-2.3088264680449665e+20,0.0,0.0,0.0,0.0,0.0,0.0,0.0,0,0,0,0.0,0.0,0.0,0.0,0.0,0.0,0.0,0.0,0.0,0.0,0.0,0.0,0.0,0.0,0.0,0.0,0,-107875648.0,69,0.0,138,0.0,2.012,ERR,ERR,ERR,ERR,ERR,ERR,ERR,ERR,ERR,ERR,ERR,ERR,ERR,ERR,ERR,ERR,ERR,ERR,ERR,ERR,ERR,ERR,ERR,ERR,ERR,ERR,ERR,ERR,ERR,ERR,ERR,ERR,ERR,ERR,ERR,ERR,ERR,ERR,ERR,ERR,ERR,ERR,ERR,ERR,ERR,ERR,ERR,ERR,ERR,ERR,ERR,ERR,ERR,ERR,ERR,ERR,ERR,ERR,ERR,ERR,ERR,ERR,ERR,ERR,ERR,ERR,ERR,60.0,60.0,35,0.0,0.0,0.0,0.0,0.0,0.0,0.0,0.0,0.0,0.0,0.0,0.0,0.0,0.0,0.0,0.0,65.2,0,114,55,38,65476,0,300,0,0,8,20529,65476,0,0,2621,60.0,0.0,0.0,0.0,0.0,0.0
2026-07-09T15:11:21,ERR,ERR,ERR,ERR,ERR,ERR,ERR,ERR,ERR,ERR,ERR,ERR,ERR,ERR,ERR,ERR,ERR,ERR,ERR,ERR,ERR,ERR,ERR,ERR,ERR,ERR,ERR,ERR,ERR,ERR,ERR,ERR,ERR,ERR,ERR,ERR,ERR,ERR,ERR,ERR,ERR,ERR,ERR,ERR,ERR,ERR,ERR,ERR,ERR,ERR,ERR,ERR,ERR,ERR,ERR,ERR,ERR,ERR,ERR,ERR,ERR,ERR,ERR,ERR,ERR,ERR,ERR,ERR,ERR,ERR,ERR,ERR,ERR,ERR,ERR,ERR,ERR,ERR,ERR,ERR,ERR,ERR,ERR,ERR,ERR,ERR,ERR,ERR,ERR,ERR,ERR,ERR,ERR,ERR,ERR,ERR,ERR,ERR,ERR,ERR,ERR,ERR,ERR,ERR,ERR,ERR,ERR,ERR,ERR,ERR,ERR,ERR,ERR,ERR,ERR,ERR,ERR,ERR,ERR,ERR,ERR,ERR,ERR,ERR,ERR,0.0,-0.0,0.0,0.0,-1.731758578677772e+38,-0.0,2511328.75,-11905765736448.0,0,0,4,17398,7116,0.0,100,0.0,0.0,0.0,0.0,0.0,0,0,0,0,0.0,0,0,0,0,0,0,0,0,0,0,0,0,0,0,0,0,0,0,0,0,0,0,0,0,0,0,0,0,0,0,0,0,0,31,40,40,71,65476,0,300,0,0,8,21553,0.0,-107605600.0,0.0,0.0,0.0,0.0,0.0,0.0,0.0,0.0,0.0,0.0,0.0,0.0,0.0,0.0,0.0,0.0,0.0,0.0,0.0,0.0,0.0,-0.0,0.0,0.0,0.0,0.0,0.0,0.0,4775.0,-1.587928030851661e+29,6942.0,2.71842713856433e+23,-0.0,2.004,2.004,0.0,0.0,0.0,0.0,69,0.059,-2.3088264680449665e+20,0.0,0.0,0.0,0.0,0.0,0.0,0.0,0,0,0,0.0,0.0,0.0,0.0,0.0,0.0,0.0,0.0,0.0,0.0,0.0,0.0,0.0,0.0,0.0,0.0,0,-107875648.0,69,0.0,138,0.0,2.012,ERR,ERR,ERR,ERR,ERR,ERR,ERR,ERR,ERR,ERR,ERR,ERR,ERR,ERR,ERR,ERR,ERR,ERR,ERR,ERR,ERR,ERR,ERR,ERR,ERR,ERR,ERR,ERR,ERR,ERR,ERR,ERR,ERR,ERR,ERR,ERR,ERR,ERR,ERR,ERR,ERR,ERR,ERR,ERR,ERR,ERR,ERR,ERR,ERR,ERR,ERR,ERR,ERR,ERR,ERR,ERR,ERR,ERR,ERR,ERR,ERR,ERR,ERR,ERR,ERR,ERR,ERR,60.0,60.0,35,0.0,0.0,0.0,0.0,0.0,0.0,0.0,0.0,0.0,0.0,0.0,0.0,0.0,0.0,0.0,0.0,65.2,0,114,55,38,65476,0,300,0,0,8,20529,65476,0,0,2621,60.0,0.0,0.0,0.0,0.0,0.0
2026-07-09T15:11:22,ERR,ERR,ERR,ERR,ERR,ERR,ERR,ERR,ERR,ERR,ERR,ERR,ERR,ERR,ERR,ERR,ERR,ERR,ERR,ERR,ERR,ERR,ERR,ERR,ERR,ERR,ERR,ERR,ERR,ERR,ERR,ERR,ERR,ERR,ERR,ERR,ERR,ERR,ERR,ERR,ERR,ERR,ERR,ERR,ERR,ERR,ERR,ERR,ERR,ERR,ERR,ERR,ERR,ERR,ERR,ERR,ERR,ERR,ERR,ERR,ERR,ERR,ERR,ERR,ERR,ERR,ERR,ERR,ERR,ERR,ERR,ERR,ERR,ERR,ERR,ERR,ERR,ERR,ERR,ERR,ERR,ERR,ERR,ERR,ERR,ERR,ERR,ERR,ERR,ERR,ERR,ERR,ERR,ERR,ERR,ERR,ERR,ERR,ERR,ERR,ERR,ERR,ERR,ERR,ERR,ERR,ERR,ERR,ERR,ERR,ERR,ERR,ERR,ERR,ERR,ERR,ERR,ERR,ERR,ERR,ERR,ERR,ERR,ERR,ERR,0.0,-0.0,0.0,0.0,-1.731758578677772e+38,-0.0,2511328.75,-11905765736448.0,0,0,4,17398,7116,0.0,100,0.0,0.0,0.0,0.0,0.0,0,0,0,0,0.0,0,0,0,0,0,0,0,0,0,0,0,0,0,0,0,0,0,0,0,0,0,0,0,0,0,0,0,0,0,0,0,0,0,31,40,40,71,65476,0,300,0,0,8,21553,0.0,-107605600.0,0.0,0.0,0.0,0.0,0.0,0.0,0.0,0.0,0.0,0.0,0.0,0.0,0.0,0.0,0.0,0.0,0.0,0.0,0.0,0.0,0.0,-0.0,0.0,0.0,0.0,0.0,0.0,0.0,4775.0,-1.587928030851661e+29,6942.0,2.71842713856433e+23,-0.0,2.004,2.004,0.0,0.0,0.0,0.0,69,0.059,-2.3088264680449665e+20,0.0,0.0,0.0,0.0,0.0,0.0,0.0,0,0,0,0.0,0.0,0.0,0.0,0.0,0.0,0.0,0.0,0.0,0.0,0.0,0.0,0.0,0.0,0.0,0.0,0,-107875648.0,69,0.0,138,0.0,2.012,ERR,ERR,ERR,ERR,ERR,ERR,ERR,ERR,ERR,ERR,ERR,ERR,ERR,ERR,ERR,ERR,ERR,ERR,ERR,ERR,ERR,ERR,ERR,ERR,ERR,ERR,ERR,ERR,ERR,ERR,ERR,ERR,ERR,ERR,ERR,ERR,ERR,ERR,ERR,ERR,ERR,ERR,ERR,ERR,ERR,ERR,ERR,ERR,ERR,ERR,ERR,ERR,ERR,ERR,ERR,ERR,ERR,ERR,ERR,ERR,ERR,ERR,ERR,ERR,ERR,ERR,ERR,60.0,60.0,35,0.0,0.0,0.0,0.0,0.0,0.0,0.0,0.0,0.0,0.0,0.0,0.0,0.0,0.0,0.0,0.0,65.2,0,114,55,38,65476,0,300,0,0,8,20529,65476,0,0,2621,60.0,0.0,0.0,0.0,0.0,0.0
2026-07-09T15:11:23,ERR,ERR,ERR,ERR,ERR,ERR,ERR,ERR,ERR,ERR,ERR,ERR,ERR,ERR,ERR,ERR,ERR,ERR,ERR,ERR,ERR,ERR,ERR,ERR,ERR,ERR,ERR,ERR,ERR,ERR,ERR,ERR,ERR,ERR,ERR,ERR,ERR,ERR,ERR,ERR,ERR,ERR,ERR,ERR,ERR,ERR,ERR,ERR,ERR,ERR,ERR,ERR,ERR,ERR,ERR,ERR,ERR,ERR,ERR,ERR,ERR,ERR,ERR,ERR,ERR,ERR,ERR,ERR,ERR,ERR,ERR,ERR,ERR,ERR,ERR,ERR,ERR,ERR,ERR,ERR,ERR,ERR,ERR,ERR,ERR,ERR,ERR,ERR,ERR,ERR,ERR,ERR,ERR,ERR,ERR,ERR,ERR,ERR,ERR,ERR,ERR,ERR,ERR,ERR,ERR,ERR,ERR,ERR,ERR,ERR,ERR,ERR,ERR,ERR,ERR,ERR,ERR,ERR,ERR,ERR,ERR,ERR,ERR,ERR,ERR,0.0,2.7184437118109587e+23,-107090352.0,0.0,3.2234204229841878e+32,391392493568.0,-0.0,-0.008,0,0,4,17401,7116,0.0,100,0.0,0.0,0.0,0.0,0.0,0,0,0,0,0.0,0,0,0,0,0,0,0,0,0,0,0,0,0,0,0,0,0,0,0,0,0,0,0,0,0,0,0,0,0,0,0,0,0,31,40,40,71,65476,0,300,0,0,8,21553,0.0,-107605600.0,0.0,0.0,0.0,0.0,0.0,0.0,0.0,0.0,0.0,0.0,0.0,0.0,0.0,0.0,0.0,0.0,0.0,0.0,0.0,0.0,-2.004,-0.0,0.0,0.0,0.0,0.0,0.0,0.0,4802.0,131350.344,6921.0,0.0,2.7184437118109587e+23,2.004,2.004,0.0,0.0,0.0,0.0,69,0.0,1.905684548377641e+17,0.0,0.0,0.0,0.0,0.0,0.0,0.0,0,0,0,0.0,0.0,0.0,0.0,0.0,0.0,0.0,0.0,0.0,0.0,0.0,0.0,0.0,0.0,0.0,0.0,0,-107875648.0,69,0.0,138,0.0,2.012,ERR,ERR,ERR,ERR,ERR,ERR,ERR,ERR,ERR,ERR,ERR,ERR,ERR,ERR,ERR,ERR,ERR,ERR,ERR,ERR,ERR,ERR,ERR,ERR,ERR,ERR,ERR,ERR,ERR,ERR,ERR,ERR,ERR,ERR,ERR,ERR,ERR,ERR,ERR,ERR,ERR,ERR,ERR,ERR,ERR,ERR,ERR,ERR,ERR,ERR,ERR,ERR,ERR,ERR,ERR,ERR,ERR,ERR,ERR,ERR,ERR,ERR,ERR,ERR,ERR,ERR,ERR,60.0,60.0,35,0.0,0.0,0.0,0.0,0.0,0.0,0.0,0.0,0.0,0.0,0.0,0.0,0.0,0.0,0.0,0.0,65.2,0,114,55,38,65476,0,300,0,0,8,20529,65476,0,0,2621,60.0,0.0,0.0,0.0,0.0,0.0
2026-07-09T15:11:24,ERR,ERR,ERR,ERR,ERR,ERR,ERR,ERR,ERR,ERR,ERR,ERR,ERR,ERR,ERR,ERR,ERR,ERR,ERR,ERR,ERR,ERR,ERR,ERR,ERR,ERR,ERR,ERR,ERR,ERR,ERR,ERR,ERR,ERR,ERR,ERR,ERR,ERR,ERR,ERR,ERR,ERR,ERR,ERR,ERR,ERR,ERR,ERR,ERR,ERR,ERR,ERR,ERR,ERR,ERR,ERR,ERR,ERR,ERR,ERR,ERR,ERR,ERR,ERR,ERR,ERR,ERR,ERR,ERR,ERR,ERR,ERR,ERR,ERR,ERR,ERR,ERR,ERR,ERR,ERR,ERR,ERR,ERR,ERR,ERR,ERR,ERR,ERR,ERR,ERR,ERR,ERR,ERR,ERR,ERR,ERR,ERR,ERR,ERR,ERR,ERR,ERR,ERR,ERR,ERR,ERR,ERR,ERR,ERR,ERR,ERR,ERR,ERR,ERR,ERR,ERR,ERR,ERR,ERR,ERR,ERR,ERR,ERR,ERR,ERR,0.0,2.7184437118109587e+23,-107090352.0,0.0,3.2234204229841878e+32,391392493568.0,-0.0,-0.008,0,0,4,17401,7116,0.0,100,0.0,0.0,0.0,0.0,0.0,0,0,0,0,0.0,0,0,0,0,0,0,0,0,0,0,0,0,0,0,0,0,0,0,0,0,0,0,0,0,0,0,0,0,0,0,0,0,0,31,40,40,71,65476,0,300,0,0,8,21553,0.0,-107605600.0,0.0,0.0,0.0,0.0,0.0,0.0,0.0,0.0,0.0,0.0,0.0,0.0,0.0,0.0,0.0,0.0,0.0,0.0,0.0,0.0,-2.004,-0.0,0.0,0.0,0.0,0.0,0.0,0.0,4802.0,131350.344,6921.0,0.0,2.7184437118109587e+23,2.004,2.004,0.0,0.0,0.0,0.0,69,0.0,1.905684548377641e+17,0.0,0.0,0.0,0.0,0.0,0.0,0.0,0,0,0,0.0,0.0,0.0,0.0,0.0,0.0,0.0,0.0,0.0,0.0,0.0,0.0,0.0,0.0,0.0,0.0,0,-107875648.0,69,0.0,138,0.0,2.012,ERR,ERR,ERR,ERR,ERR,ERR,ERR,ERR,ERR,ERR,ERR,ERR,ERR,ERR,ERR,ERR,ERR,ERR,ERR,ERR,ERR,ERR,ERR,ERR,ERR,ERR,ERR,ERR,ERR,ERR,ERR,ERR,ERR,ERR,ERR,ERR,ERR,ERR,ERR,ERR,ERR,ERR,ERR,ERR,ERR,ERR,ERR,ERR,ERR,ERR,ERR,ERR,ERR,ERR,ERR,ERR,ERR,ERR,ERR,ERR,ERR,ERR,ERR,ERR,ERR,ERR,ERR,60.0,60.0,35,0.0,0.0,0.0,0.0,0.0,0.0,0.0,0.0,0.0,0.0,0.0,0.0,0.0,0.0,0.0,0.0,65.2,0,114,55,38,65476,0,300,0,0,8,20529,65476,0,0,2621,60.0,0.0,0.0,0.0,0.0,0.0
2026-07-09T15:11:25,ERR,ERR,ERR,ERR,ERR,ERR,ERR,ERR,ERR,ERR,ERR,ERR,ERR,ERR,ERR,ERR,ERR,ERR,ERR,ERR,ERR,ERR,ERR,ERR,ERR,ERR,ERR,ERR,ERR,ERR,ERR,ERR,ERR,ERR,ERR,ERR,ERR,ERR,ERR,ERR,ERR,ERR,ERR,ERR,ERR,ERR,ERR,ERR,ERR,ERR,ERR,ERR,ERR,ERR,ERR,ERR,ERR,ERR,ERR,ERR,ERR,ERR,ERR,ERR,ERR,ERR,ERR,ERR,ERR,ERR,ERR,ERR,ERR,ERR,ERR,ERR,ERR,ERR,ERR,ERR,ERR,ERR,ERR,ERR,ERR,ERR,ERR,ERR,ERR,ERR,ERR,ERR,ERR,ERR,ERR,ERR,ERR,ERR,ERR,ERR,ERR,ERR,ERR,ERR,ERR,ERR,ERR,ERR,ERR,ERR,ERR,ERR,ERR,ERR,ERR,ERR,ERR,ERR,ERR,ERR,ERR,ERR,ERR,ERR,ERR,0.0,2.7184437118109587e+23,-107090352.0,0.0,3.2234204229841878e+32,391392493568.0,-0.0,-0.008,0,0,4,17401,7116,0.0,100,0.0,0.0,0.0,0.0,0.0,0,0,0,0,0.0,0,0,0,0,0,0,0,0,0,0,0,0,0,0,0,0,0,0,0,0,0,0,0,0,0,0,0,0,0,0,0,0,0,31,40,40,71,65476,0,300,0,0,8,21553,0.0,-107605600.0,0.0,0.0,0.0,0.0,0.0,0.0,0.0,0.0,0.0,0.0,0.0,0.0,0.0,0.0,0.0,0.0,0.0,0.0,0.0,0.0,-2.004,-0.0,0.0,0.0,0.0,0.0,0.0,0.0,4802.0,131350.344,6921.0,0.0,2.7184437118109587e+23,2.004,2.004,0.0,0.0,0.0,0.0,69,0.0,1.905684548377641e+17,0.0,0.0,0.0,0.0,0.0,0.0,0.0,0,0,0,0.0,0.0,0.0,0.0,0.0,0.0,0.0,0.0,0.0,0.0,0.0,0.0,0.0,0.0,0.0,0.0,0,-107875648.0,69,0.0,138,0.0,2.012,ERR,ERR,ERR,ERR,ERR,ERR,ERR,ERR,ERR,ERR,ERR,ERR,ERR,ERR,ERR,ERR,ERR,ERR,ERR,ERR,ERR,ERR,ERR,ERR,ERR,ERR,ERR,ERR,ERR,ERR,ERR,ERR,ERR,ERR,ERR,ERR,ERR,ERR,ERR,ERR,ERR,ERR,ERR,ERR,ERR,ERR,ERR,ERR,ERR,ERR,ERR,ERR,ERR,ERR,ERR,ERR,ERR,ERR,ERR,ERR,ERR,ERR,ERR,ERR,ERR,ERR,ERR,60.0,60.0,35,0.0,0.0,0.0,0.0,0.0,0.0,0.0,0.0,0.0,0.0,0.0,0.0,0.0,0.0,0.0,0.0,65.2,0,114,55,38,65476,0,300,0,0,8,20529,65476,0,0,2621,60.0,0.0,0.0,0.0,0.0,0.0
2026-07-09T15:11:26,ERR,ERR,ERR,ERR,ERR,ERR,ERR,ERR,ERR,ERR,ERR,ERR,ERR,ERR,ERR,ERR,ERR,ERR,ERR,ERR,ERR,ERR,ERR,ERR,ERR,ERR,ERR,ERR,ERR,ERR,ERR,ERR,ERR,ERR,ERR,ERR,ERR,ERR,ERR,ERR,ERR,ERR,ERR,ERR,ERR,ERR,ERR,ERR,ERR,ERR,ERR,ERR,ERR,ERR,ERR,ERR,ERR,ERR,ERR,ERR,ERR,ERR,ERR,ERR,ERR,ERR,ERR,ERR,ERR,ERR,ERR,ERR,ERR,ERR,ERR,ERR,ERR,ERR,ERR,ERR,ERR,ERR,ERR,ERR,ERR,ERR,ERR,ERR,ERR,ERR,ERR,ERR,ERR,ERR,ERR,ERR,ERR,ERR,ERR,ERR,ERR,ERR,ERR,ERR,ERR,ERR,ERR,ERR,ERR,ERR,ERR,ERR,ERR,ERR,ERR,ERR,ERR,ERR,ERR,ERR,ERR,ERR,ERR,ERR,ERR,0.0,2.7184437118109587e+23,-107090352.0,0.0,3.2234204229841878e+32,391392493568.0,-0.0,-0.008,0,0,4,17401,7116,0.0,100,0.0,0.0,0.0,0.0,0.0,0,0,0,0,0.0,0,0,0,0,0,0,0,0,0,0,0,0,0,0,0,0,0,0,0,0,0,0,0,0,0,0,0,0,0,0,0,0,0,31,40,40,71,65476,0,300,0,0,8,21553,0.0,-107605600.0,0.0,0.0,0.0,0.0,0.0,0.0,0.0,0.0,0.0,0.0,0.0,0.0,0.0,0.0,0.0,0.0,0.0,0.0,0.0,0.0,-2.004,-0.0,0.0,0.0,0.0,0.0,0.0,0.0,4802.0,131350.344,6921.0,0.0,2.7184437118109587e+23,2.004,2.004,0.0,0.0,0.0,0.0,69,0.0,1.905684548377641e+17,0.0,0.0,0.0,0.0,0.0,0.0,0.0,0,0,0,0.0,0.0,0.0,0.0,0.0,0.0,0.0,0.0,0.0,0.0,0.0,0.0,0.0,0.0,0.0,0.0,0,-107875648.0,69,0.0,138,0.0,2.012,ERR,ERR,ERR,ERR,ERR,ERR,ERR,ERR,ERR,ERR,ERR,ERR,ERR,ERR,ERR,ERR,ERR,ERR,ERR,ERR,ERR,ERR,ERR,ERR,ERR,ERR,ERR,ERR,ERR,ERR,ERR,ERR,ERR,ERR,ERR,ERR,ERR,ERR,ERR,ERR,ERR,ERR,ERR,ERR,ERR,ERR,ERR,ERR,ERR,ERR,ERR,ERR,ERR,ERR,ERR,ERR,ERR,ERR,ERR,ERR,ERR,ERR,ERR,ERR,ERR,ERR,ERR,60.0,60.0,35,0.0,0.0,0.0,0.0,0.0,0.0,0.0,0.0,0.0,0.0,0.0,0.0,0.0,0.0,0.0,0.0,65.2,0,114,55,38,65476,0,300,0,0,8,20529,65476,0,0,2621,60.0,0.0,0.0,0.0,0.0,0.0
2026-07-09T15:11:27,ERR,ERR,ERR,ERR,ERR,ERR,ERR,ERR,ERR,ERR,ERR,ERR,ERR,ERR,ERR,ERR,ERR,ERR,ERR,ERR,ERR,ERR,ERR,ERR,ERR,ERR,ERR,ERR,ERR,ERR,ERR,ERR,ERR,ERR,ERR,ERR,ERR,ERR,ERR,ERR,ERR,ERR,ERR,ERR,ERR,ERR,ERR,ERR,ERR,ERR,ERR,ERR,ERR,ERR,ERR,ERR,ERR,ERR,ERR,ERR,ERR,ERR,ERR,ERR,ERR,ERR,ERR,ERR,ERR,ERR,ERR,ERR,ERR,ERR,ERR,ERR,ERR,ERR,ERR,ERR,ERR,ERR,ERR,ERR,ERR,ERR,ERR,ERR,ERR,ERR,ERR,ERR,ERR,ERR,ERR,ERR,ERR,ERR,ERR,ERR,ERR,ERR,ERR,ERR,ERR,ERR,ERR,ERR,ERR,ERR,ERR,ERR,ERR,ERR,ERR,ERR,ERR,ERR,ERR,ERR,ERR,ERR,ERR,ERR,ERR,0.0,2.7184437118109587e+23,-107090352.0,0.0,3.2234204229841878e+32,391392493568.0,-0.0,-0.008,0,0,4,17401,7116,0.0,100,0.0,0.0,0.0,0.0,0.0,0,0,0,0,0.0,0,0,0,0,0,0,0,0,0,0,0,0,0,0,0,0,0,0,0,0,0,0,0,0,0,0,0,0,0,0,0,0,0,31,40,40,71,65476,0,300,0,0,8,21553,0.0,-107605600.0,0.0,0.0,0.0,0.0,0.0,0.0,0.0,0.0,0.0,0.0,0.0,0.0,0.0,0.0,0.0,0.0,0.0,0.0,0.0,0.0,-2.004,-0.0,0.0,0.0,0.0,0.0,0.0,0.0,4802.0,131350.344,6921.0,0.0,2.7184437118109587e+23,2.004,2.004,0.0,0.0,0.0,0.0,69,0.0,1.905684548377641e+17,0.0,0.0,0.0,0.0,0.0,0.0,0.0,0,0,0,0.0,0.0,0.0,0.0,0.0,0.0,0.0,0.0,0.0,0.0,0.0,0.0,0.0,0.0,0.0,0.0,0,-107875648.0,69,0.0,138,0.0,2.012,ERR,ERR,ERR,ERR,ERR,ERR,ERR,ERR,ERR,ERR,ERR,ERR,ERR,ERR,ERR,ERR,ERR,ERR,ERR,ERR,ERR,ERR,ERR,ERR,ERR,ERR,ERR,ERR,ERR,ERR,ERR,ERR,ERR,ERR,ERR,ERR,ERR,ERR,ERR,ERR,ERR,ERR,ERR,ERR,ERR,ERR,ERR,ERR,ERR,ERR,ERR,ERR,ERR,ERR,ERR,ERR,ERR,ERR,ERR,ERR,ERR,ERR,ERR,ERR,ERR,ERR,ERR,60.0,60.0,35,0.0,0.0,0.0,0.0,0.0,0.0,0.0,0.0,0.0,0.0,0.0,0.0,0.0,0.0,0.0,0.0,65.2,0,114,55,38,65476,0,300,0,0,8,20529,65476,0,0,2621,60.0,0.0,0.0,0.0,0.0,0.0
2026-07-09T15:11:28,ERR,ERR,ERR,ERR,ERR,ERR,ERR,ERR,ERR,ERR,ERR,ERR,ERR,ERR,ERR,ERR,ERR,ERR,ERR,ERR,ERR,ERR,ERR,ERR,ERR,ERR,ERR,ERR,ERR,ERR,ERR,ERR,ERR,ERR,ERR,ERR,ERR,ERR,ERR,ERR,ERR,ERR,ERR,ERR,ERR,ERR,ERR,ERR,ERR,ERR,ERR,ERR,ERR,ERR,ERR,ERR,ERR,ERR,ERR,ERR,ERR,ERR,ERR,ERR,ERR,ERR,ERR,ERR,ERR,ERR,ERR,ERR,ERR,ERR,ERR,ERR,ERR,ERR,ERR,ERR,ERR,ERR,ERR,ERR,ERR,ERR,ERR,ERR,ERR,ERR,ERR,ERR,ERR,ERR,ERR,ERR,ERR,ERR,ERR,ERR,ERR,ERR,ERR,ERR,ERR,ERR,ERR,ERR,ERR,ERR,ERR,ERR,ERR,ERR,ERR,ERR,ERR,ERR,ERR,ERR,ERR,ERR,ERR,ERR,ERR,0.0,2.7184437118109587e+23,-107090352.0,2.718366610185338e+23,0.001,-0.0,-1.4409073352987925e+22,12560.104,0,0,4,17403,7116,0.0,100,0.0,0.0,2.718366610185338e+23,0.0,0.0,0,0,0,0,0.0,0,0,0,0,0,0,0,0,0,0,0,0,0,0,0,0,0,0,0,0,0,0,0,0,0,0,0,0,0,0,0,0,0,31,40,40,71,65476,0,300,0,0,8,21553,0.0,-107605600.0,0.0,0.0,0.0,0.0,0.0,0.0,0.0,0.0,0.0,0.0,0.0,0.0,0.0,0.0,0.0,0.0,0.0,0.0,0.0,0.0,-0.0,-0.0,0.0,0.0,0.0,0.0,0.0,0.0,4825.0,-0.0,6928.0,0.0,2.7184437118109587e+23,2.004,2.004,0.0,0.0,0.0,0.0,69,-107614896.0,-71.629,0.0,0.0,0.0,0.0,0.0,0.0,0.0,0,0,0,0.0,0.0,0.0,0.0,0.0,0.0,0.0,0.0,0.0,0.0,0.0,0.0,0.0,0.0,0.0,0.0,0,-107875648.0,69,0.0,138,0.0,2.012,ERR,ERR,ERR,ERR,ERR,ERR,ERR,ERR,ERR,ERR,ERR,ERR,ERR,ERR,ERR,ERR,ERR,ERR,ERR,ERR,ERR,ERR,ERR,ERR,ERR,ERR,ERR,ERR,ERR,ERR,ERR,ERR,ERR,ERR,ERR,ERR,ERR,ERR,ERR,ERR,ERR,ERR,ERR,ERR,ERR,ERR,ERR,ERR,ERR,ERR,ERR,ERR,ERR,ERR,ERR,ERR,ERR,ERR,ERR,ERR,ERR,ERR,ERR,ERR,ERR,ERR,ERR,60.0,60.0,35,0.0,0.0,0.0,0.0,0.0,0.0,0.0,0.0,0.0,0.0,0.0,0.0,0.0,0.0,0.0,0.0,65.2,0,113,55,38,65476,0,300,0,0,8,20529,65476,0,0,2621,60.0,0.0,0.0,0.0,0.0,0.0
2026-07-09T15:11:29,ERR,ERR,ERR,ERR,ERR,ERR,ERR,ERR,ERR,ERR,ERR,ERR,ERR,ERR,ERR,ERR,ERR,ERR,ERR,ERR,ERR,ERR,ERR,ERR,ERR,ERR,ERR,ERR,ERR,ERR,ERR,ERR,ERR,ERR,ERR,ERR,ERR,ERR,ERR,ERR,ERR,ERR,ERR,ERR,ERR,ERR,ERR,ERR,ERR,ERR,ERR,ERR,ERR,ERR,ERR,ERR,ERR,ERR,ERR,ERR,ERR,ERR,ERR,ERR,ERR,ERR,ERR,ERR,ERR,ERR,ERR,ERR,ERR,ERR,ERR,ERR,ERR,ERR,ERR,ERR,ERR,ERR,ERR,ERR,ERR,ERR,ERR,ERR,ERR,ERR,ERR,ERR,ERR,ERR,ERR,ERR,ERR,ERR,ERR,ERR,ERR,ERR,ERR,ERR,ERR,ERR,ERR,ERR,ERR,ERR,ERR,ERR,ERR,ERR,ERR,ERR,ERR,ERR,ERR,ERR,ERR,ERR,ERR,ERR,ERR,0.0,2.7184437118109587e+23,-107090352.0,2.718366610185338e+23,0.001,-0.0,-1.4409073352987925e+22,12560.104,0,0,4,17403,7116,0.0,100,0.0,0.0,2.718366610185338e+23,0.0,0.0,0,0,0,0,0.0,0,0,0,0,0,0,0,0,0,0,0,0,0,0,0,0,0,0,0,0,0,0,0,0,0,0,0,0,0,0,0,0,0,31,40,40,71,65476,0,300,0,0,8,21553,0.0,-107605600.0,0.0,0.0,0.0,0.0,0.0,0.0,0.0,0.0,0.0,0.0,0.0,0.0,0.0,0.0,0.0,0.0,0.0,0.0,0.0,0.0,-0.0,-0.0,0.0,0.0,0.0,0.0,0.0,0.0,4825.0,-0.0,6928.0,0.0,2.7184437118109587e+23,2.004,2.004,0.0,0.0,0.0,0.0,69,-107614896.0,-71.629,0.0,0.0,0.0,0.0,0.0,0.0,0.0,0,0,0,0.0,0.0,0.0,0.0,0.0,0.0,0.0,0.0,0.0,0.0,0.0,0.0,0.0,0.0,0.0,0.0,0,-107875648.0,69,0.0,138,0.0,2.012,ERR,ERR,ERR,ERR,ERR,ERR,ERR,ERR,ERR,ERR,ERR,ERR,ERR,ERR,ERR,ERR,ERR,ERR,ERR,ERR,ERR,ERR,ERR,ERR,ERR,ERR,ERR,ERR,ERR,ERR,ERR,ERR,ERR,ERR,ERR,ERR,ERR,ERR,ERR,ERR,ERR,ERR,ERR,ERR,ERR,ERR,ERR,ERR,ERR,ERR,ERR,ERR,ERR,ERR,ERR,ERR,ERR,ERR,ERR,ERR,ERR,ERR,ERR,ERR,ERR,ERR,ERR,60.0,60.0,35,0.0,0.0,0.0,0.0,0.0,0.0,0.0,0.0,0.0,0.0,0.0,0.0,0.0,0.0,0.0,0.0,65.2,0,113,55,38,65476,0,300,0,0,8,20529,65476,0,0,2621,60.0,0.0,0.0,0.0,0.0,0.0
2026-07-09T15:11:30,ERR,ERR,ERR,ERR,ERR,ERR,ERR,ERR,ERR,ERR,ERR,ERR,ERR,ERR,ERR,ERR,ERR,ERR,ERR,ERR,ERR,ERR,ERR,ERR,ERR,ERR,ERR,ERR,ERR,ERR,ERR,ERR,ERR,ERR,ERR,ERR,ERR,ERR,ERR,ERR,ERR,ERR,ERR,ERR,ERR,ERR,ERR,ERR,ERR,ERR,ERR,ERR,ERR,ERR,ERR,ERR,ERR,ERR,ERR,ERR,ERR,ERR,ERR,ERR,ERR,ERR,ERR,ERR,ERR,ERR,ERR,ERR,ERR,ERR,ERR,ERR,ERR,ERR,ERR,ERR,ERR,ERR,ERR,ERR,ERR,ERR,ERR,ERR,ERR,ERR,ERR,ERR,ERR,ERR,ERR,ERR,ERR,ERR,ERR,ERR,ERR,ERR,ERR,ERR,ERR,ERR,ERR,ERR,ERR,ERR,ERR,ERR,ERR,ERR,ERR,ERR,ERR,ERR,ERR,ERR,ERR,ERR,ERR,ERR,ERR,0.0,2.7184437118109587e+23,-107090352.0,2.718366610185338e+23,0.001,-0.0,-1.4409073352987925e+22,12560.104,0,0,4,17403,7116,0.0,100,0.0,0.0,2.718366610185338e+23,0.0,0.0,0,0,0,0,0.0,0,0,0,0,0,0,0,0,0,0,0,0,0,0,0,0,0,0,0,0,0,0,0,0,0,0,0,0,0,0,0,0,0,31,40,40,71,65476,0,300,0,0,8,21553,0.0,-107605600.0,0.0,0.0,0.0,0.0,0.0,0.0,0.0,0.0,0.0,0.0,0.0,0.0,0.0,0.0,0.0,0.0,0.0,0.0,0.0,0.0,-0.0,-0.0,0.0,0.0,0.0,0.0,0.0,0.0,4825.0,-0.0,6928.0,0.0,2.7184437118109587e+23,2.004,2.004,0.0,0.0,0.0,0.0,69,-107614896.0,-71.629,0.0,0.0,0.0,0.0,0.0,0.0,0.0,0,0,0,0.0,0.0,0.0,0.0,0.0,0.0,0.0,0.0,0.0,0.0,0.0,0.0,0.0,0.0,0.0,0.0,0,-107875648.0,69,0.0,138,0.0,2.012,ERR,ERR,ERR,ERR,ERR,ERR,ERR,ERR,ERR,ERR,ERR,ERR,ERR,ERR,ERR,ERR,ERR,ERR,ERR,ERR,ERR,ERR,ERR,ERR,ERR,ERR,ERR,ERR,ERR,ERR,ERR,ERR,ERR,ERR,ERR,ERR,ERR,ERR,ERR,ERR,ERR,ERR,ERR,ERR,ERR,ERR,ERR,ERR,ERR,ERR,ERR,ERR,ERR,ERR,ERR,ERR,ERR,ERR,ERR,ERR,ERR,ERR,ERR,ERR,ERR,ERR,ERR,60.0,60.0,35,0.0,0.0,0.0,0.0,0.0,0.0,0.0,0.0,0.0,0.0,0.0,0.0,0.0,0.0,0.0,0.0,65.2,0,113,55,37,65476,0,300,0,0,8,20529,65476,0,0,2621,60.0,0.0,0.0,0.0,0.0,0.0
2026-07-09T15:11:31,ERR,ERR,ERR,ERR,ERR,ERR,ERR,ERR,ERR,ERR,ERR,ERR,ERR,ERR,ERR,ERR,ERR,ERR,ERR,ERR,ERR,ERR,ERR,ERR,ERR,ERR,ERR,ERR,ERR,ERR,ERR,ERR,ERR,ERR,ERR,ERR,ERR,ERR,ERR,ERR,ERR,ERR,ERR,ERR,ERR,ERR,ERR,ERR,ERR,ERR,ERR,ERR,ERR,ERR,ERR,ERR,ERR,ERR,ERR,ERR,ERR,ERR,ERR,ERR,ERR,ERR,ERR,ERR,ERR,ERR,ERR,ERR,ERR,ERR,ERR,ERR,ERR,ERR,ERR,ERR,ERR,ERR,ERR,ERR,ERR,ERR,ERR,ERR,ERR,ERR,ERR,ERR,ERR,ERR,ERR,ERR,ERR,ERR,ERR,ERR,ERR,ERR,ERR,ERR,ERR,ERR,ERR,ERR,ERR,ERR,ERR,ERR,ERR,ERR,ERR,ERR,ERR,ERR,ERR,ERR,ERR,ERR,ERR,ERR,ERR,0.0,2.7184437118109587e+23,-107090352.0,2.718366610185338e+23,0.001,-0.0,-1.4409073352987925e+22,12560.104,0,0,4,17403,7116,0.0,100,0.0,0.0,2.718366610185338e+23,0.0,0.0,0,0,0,0,0.0,0,0,0,0,0,0,0,0,0,0,0,0,0,0,0,0,0,0,0,0,0,0,0,0,0,0,0,0,0,0,0,0,0,31,40,40,71,65476,0,300,0,0,8,21553,0.0,-107605600.0,0.0,0.0,0.0,0.0,0.0,0.0,0.0,0.0,0.0,0.0,0.0,0.0,0.0,0.0,0.0,0.0,0.0,0.0,0.0,0.0,-0.0,-0.0,0.0,0.0,0.0,0.0,0.0,0.0,4825.0,-0.0,6928.0,0.0,2.7184437118109587e+23,2.004,2.004,0.0,0.0,0.0,0.0,69,-107614896.0,-71.629,0.0,0.0,0.0,0.0,0.0,0.0,0.0,0,0,0,0.0,0.0,0.0,0.0,0.0,0.0,0.0,0.0,0.0,0.0,0.0,0.0,0.0,0.0,0.0,0.0,0,-107875648.0,69,0.0,138,0.0,2.012,ERR,ERR,ERR,ERR,ERR,ERR,ERR,ERR,ERR,ERR,ERR,ERR,ERR,ERR,ERR,ERR,ERR,ERR,ERR,ERR,ERR,ERR,ERR,ERR,ERR,ERR,ERR,ERR,ERR,ERR,ERR,ERR,ERR,ERR,ERR,ERR,ERR,ERR,ERR,ERR,ERR,ERR,ERR,ERR,ERR,ERR,ERR,ERR,ERR,ERR,ERR,ERR,ERR,ERR,ERR,ERR,ERR,ERR,ERR,ERR,ERR,ERR,ERR,ERR,ERR,ERR,ERR,60.0,60.0,35,0.0,0.0,0.0,0.0,0.0,0.0,0.0,0.0,0.0,0.0,0.0,0.0,0.0,0.0,0.0,0.0,65.2,0,113,55,37,65476,0,300,0,0,8,20529,65476,0,0,2621,60.0,0.0,0.0,0.0,0.0,0.0
2026-07-09T15:11:32,ERR,ERR,ERR,ERR,ERR,ERR,ERR,ERR,ERR,ERR,ERR,ERR,ERR,ERR,ERR,ERR,ERR,ERR,ERR,ERR,ERR,ERR,ERR,ERR,ERR,ERR,ERR,ERR,ERR,ERR,ERR,ERR,ERR,ERR,ERR,ERR,ERR,ERR,ERR,ERR,ERR,ERR,ERR,ERR,ERR,ERR,ERR,ERR,ERR,ERR,ERR,ERR,ERR,ERR,ERR,ERR,ERR,ERR,ERR,ERR,ERR,ERR,ERR,ERR,ERR,ERR,ERR,ERR,ERR,ERR,ERR,ERR,ERR,ERR,ERR,ERR,ERR,ERR,ERR,ERR,ERR,ERR,ERR,ERR,ERR,ERR,ERR,ERR,ERR,ERR,ERR,ERR,ERR,ERR,ERR,ERR,ERR,ERR,ERR,ERR,ERR,ERR,ERR,ERR,ERR,ERR,ERR,ERR,ERR,ERR,ERR,ERR,ERR,ERR,ERR,ERR,ERR,ERR,ERR,ERR,ERR,ERR,ERR,ERR,ERR,0.0,2.7184437118109587e+23,-107090352.0,2.718366610185338e+23,0.001,-0.0,-1.4409073352987925e+22,12560.104,0,0,4,17403,7116,0.0,100,0.0,0.0,2.718366610185338e+23,0.0,0.0,0,0,0,0,0.0,0,0,0,0,0,0,0,0,0,0,0,0,0,0,0,0,0,0,0,0,0,0,0,0,0,0,0,0,0,0,0,0,0,31,40,40,71,65476,0,300,0,0,8,21553,0.0,-107605600.0,0.0,0.0,0.0,0.0,0.0,0.0,0.0,0.0,0.0,0.0,0.0,0.0,0.0,0.0,0.0,0.0,0.0,0.0,0.0,0.0,-0.0,-0.0,0.0,0.0,0.0,0.0,0.0,0.0,4825.0,-0.0,6928.0,0.0,2.7184437118109587e+23,2.004,2.004,0.0,0.0,0.0,0.0,69,-107614896.0,-71.629,0.0,0.0,0.0,0.0,0.0,0.0,0.0,0,0,0,0.0,0.0,0.0,0.0,0.0,0.0,0.0,0.0,0.0,0.0,0.0,0.0,0.0,0.0,0.0,0.0,0,-107875648.0,69,0.0,138,0.0,2.012,ERR,ERR,ERR,ERR,ERR,ERR,ERR,ERR,ERR,ERR,ERR,ERR,ERR,ERR,ERR,ERR,ERR,ERR,ERR,ERR,ERR,ERR,ERR,ERR,ERR,ERR,ERR,ERR,ERR,ERR,ERR,ERR,ERR,ERR,ERR,ERR,ERR,ERR,ERR,ERR,ERR,ERR,ERR,ERR,ERR,ERR,ERR,ERR,ERR,ERR,ERR,ERR,ERR,ERR,ERR,ERR,ERR,ERR,ERR,ERR,ERR,ERR,ERR,ERR,ERR,ERR,ERR,60.0,60.0,35,0.0,0.0,0.0,0.0,0.0,0.0,0.0,0.0,0.0,0.0,0.0,0.0,0.0,0.0,0.0,0.0,65.2,0,113,55,37,65476,0,300,0,0,8,20529,65476,0,0,2621,60.0,0.0,0.0,0.0,0.0,0.0
2026-07-09T15:11:33,ERR,ERR,ERR,ERR,ERR,ERR,ERR,ERR,ERR,ERR,ERR,ERR,ERR,ERR,ERR,ERR,ERR,ERR,ERR,ERR,ERR,ERR,ERR,ERR,ERR,ERR,ERR,ERR,ERR,ERR,ERR,ERR,ERR,ERR,ERR,ERR,ERR,ERR,ERR,ERR,ERR,ERR,ERR,ERR,ERR,ERR,ERR,ERR,ERR,ERR,ERR,ERR,ERR,ERR,ERR,ERR,ERR,ERR,ERR,ERR,ERR,ERR,ERR,ERR,ERR,ERR,ERR,ERR,ERR,ERR,ERR,ERR,ERR,ERR,ERR,ERR,ERR,ERR,ERR,ERR,ERR,ERR,ERR,ERR,ERR,ERR,ERR,ERR,ERR,ERR,ERR,ERR,ERR,ERR,ERR,ERR,ERR,ERR,ERR,ERR,ERR,ERR,ERR,ERR,ERR,ERR,ERR,ERR,ERR,ERR,ERR,ERR,ERR,ERR,ERR,ERR,ERR,ERR,ERR,ERR,ERR,ERR,ERR,ERR,ERR,-0.0,-0.0,-0.0,2.718366610185338e+23,6300730.0,-0.0,-1.8363659697458984e+20,221461004288.0,0,0,4,17402,7116,0.0,100,0.0,0.0,2.718366610185338e+23,0.0,0.0,0,0,0,0,0.0,0,0,0,0,0,0,0,0,0,0,0,0,0,0,0,0,0,0,0,0,0,0,0,0,0,0,0,0,0,0,0,0,0,31,40,40,71,65476,0,300,0,0,8,21553,0.0,-107605600.0,0.0,0.0,0.0,0.0,0.0,0.0,0.0,0.0,0.0,0.0,0.0,0.0,0.0,0.0,0.0,0.0,0.0,0.0,0.0,0.0,-0.0,-0.0,0.0,0.0,0.0,0.0,0.0,0.0,4812.0,-0.0,6933.0,-0.0,2.7184437118109587e+23,2.004,2.004,0.0,0.0,0.0,0.0,69,0.0,-152017146216448.0,0.0,0.0,0.0,0.0,0.0,0.0,0.0,0,0,0,0.0,0.0,0.0,0.0,0.0,0.0,0.0,0.0,0.0,0.0,0.0,0.0,0.0,0.0,0.0,0.0,0,-107875648.0,69,0.0,138,0.0,2.012,ERR,ERR,ERR,ERR,ERR,ERR,ERR,ERR,ERR,ERR,ERR,ERR,ERR,ERR,ERR,ERR,ERR,ERR,ERR,ERR,ERR,ERR,ERR,ERR,ERR,ERR,ERR,ERR,ERR,ERR,ERR,ERR,ERR,ERR,ERR,ERR,ERR,ERR,ERR,ERR,ERR,ERR,ERR,ERR,ERR,ERR,ERR,ERR,ERR,ERR,ERR,ERR,ERR,ERR,ERR,ERR,ERR,ERR,ERR,ERR,ERR,ERR,ERR,ERR,ERR,ERR,ERR,60.0,60.0,35,0.0,0.0,0.0,0.0,0.0,0.0,0.0,0.0,0.0,0.0,0.0,0.0,0.0,0.0,0.0,0.0,65.2,0,113,55,37,65476,0,300,0,0,8,20529,65476,0,0,2621,60.0,0.0,0.0,0.0,0.0,0.0
2026-07-09T15:11:34,ERR,ERR,ERR,ERR,ERR,ERR,ERR,ERR,ERR,ERR,ERR,ERR,ERR,ERR,ERR,ERR,ERR,ERR,ERR,ERR,ERR,ERR,ERR,ERR,ERR,ERR,ERR,ERR,ERR,ERR,ERR,ERR,ERR,ERR,ERR,ERR,ERR,ERR,ERR,ERR,ERR,ERR,ERR,ERR,ERR,ERR,ERR,ERR,ERR,ERR,ERR,ERR,ERR,ERR,ERR,ERR,ERR,ERR,ERR,ERR,ERR,ERR,ERR,ERR,ERR,ERR,ERR,ERR,ERR,ERR,ERR,ERR,ERR,ERR,ERR,ERR,ERR,ERR,ERR,ERR,ERR,ERR,ERR,ERR,ERR,ERR,ERR,ERR,ERR,ERR,ERR,ERR,ERR,ERR,ERR,ERR,ERR,ERR,ERR,ERR,ERR,ERR,ERR,ERR,ERR,ERR,ERR,ERR,ERR,ERR,ERR,ERR,ERR,ERR,ERR,ERR,ERR,ERR,ERR,ERR,ERR,ERR,ERR,ERR,ERR,-0.0,-0.0,-0.0,2.718366610185338e+23,6300730.0,-0.0,-1.8363659697458984e+20,221461004288.0,0,0,4,17402,7116,0.0,100,0.0,0.0,2.718366610185338e+23,0.0,0.0,0,0,0,0,0.0,0,0,0,0,0,0,0,0,0,0,0,0,0,0,0,0,0,0,0,0,0,0,0,0,0,0,0,0,0,0,0,0,0,31,40,40,71,65476,0,300,0,0,8,21553,0.0,-107605600.0,0.0,0.0,0.0,0.0,0.0,0.0,0.0,0.0,0.0,0.0,0.0,0.0,0.0,0.0,0.0,0.0,0.0,0.0,0.0,0.0,-0.0,-0.0,0.0,0.0,0.0,0.0,0.0,0.0,4812.0,-0.0,6933.0,-0.0,2.7184437118109587e+23,2.004,2.004,0.0,0.0,0.0,0.0,69,0.0,-152017146216448.0,0.0,0.0,0.0,0.0,0.0,0.0,0.0,0,0,0,0.0,0.0,0.0,0.0,0.0,0.0,0.0,0.0,0.0,0.0,0.0,0.0,0.0,0.0,0.0,0.0,0,-107875648.0,69,0.0,138,0.0,2.012,ERR,ERR,ERR,ERR,ERR,ERR,ERR,ERR,ERR,ERR,ERR,ERR,ERR,ERR,ERR,ERR,ERR,ERR,ERR,ERR,ERR,ERR,ERR,ERR,ERR,ERR,ERR,ERR,ERR,ERR,ERR,ERR,ERR,ERR,ERR,ERR,ERR,ERR,ERR,ERR,ERR,ERR,ERR,ERR,ERR,ERR,ERR,ERR,ERR,ERR,ERR,ERR,ERR,ERR,ERR,ERR,ERR,ERR,ERR,ERR,ERR,ERR,ERR,ERR,ERR,ERR,ERR,60.0,60.0,35,0.0,0.0,0.0,0.0,0.0,0.0,0.0,0.0,0.0,0.0,0.0,0.0,0.0,0.0,0.0,0.0,65.2,0,113,55,37,65476,0,300,0,0,8,20529,65476,0,0,2621,60.0,0.0,0.0,0.0,0.0,0.0
2026-07-09T15:11:35,ERR,ERR,ERR,ERR,ERR,ERR,ERR,ERR,ERR,ERR,ERR,ERR,ERR,ERR,ERR,ERR,ERR,ERR,ERR,ERR,ERR,ERR,ERR,ERR,ERR,ERR,ERR,ERR,ERR,ERR,ERR,ERR,ERR,ERR,ERR,ERR,ERR,ERR,ERR,ERR,ERR,ERR,ERR,ERR,ERR,ERR,ERR,ERR,ERR,ERR,ERR,ERR,ERR,ERR,ERR,ERR,ERR,ERR,ERR,ERR,ERR,ERR,ERR,ERR,ERR,ERR,ERR,ERR,ERR,ERR,ERR,ERR,ERR,ERR,ERR,ERR,ERR,ERR,ERR,ERR,ERR,ERR,ERR,ERR,ERR,ERR,ERR,ERR,ERR,ERR,ERR,ERR,ERR,ERR,ERR,ERR,ERR,ERR,ERR,ERR,ERR,ERR,ERR,ERR,ERR,ERR,ERR,ERR,ERR,ERR,ERR,ERR,ERR,ERR,ERR,ERR,ERR,ERR,ERR,ERR,ERR,ERR,ERR,ERR,ERR,-0.0,-0.0,-0.0,2.718366610185338e+23,6300730.0,-0.0,-1.8363659697458984e+20,221461004288.0,0,0,4,17402,7116,0.0,100,0.0,0.0,2.718366610185338e+23,0.0,0.0,0,0,0,0,0.0,0,0,0,0,0,0,0,0,0,0,0,0,0,0,0,0,0,0,0,0,0,0,0,0,0,0,0,0,0,0,0,0,0,31,40,40,71,65476,0,300,0,0,8,21553,0.0,-107605600.0,0.0,0.0,0.0,0.0,0.0,0.0,0.0,0.0,0.0,0.0,0.0,0.0,0.0,0.0,0.0,0.0,0.0,0.0,0.0,0.0,-0.0,-0.0,0.0,0.0,0.0,0.0,0.0,0.0,4812.0,-0.0,6933.0,-0.0,2.7184437118109587e+23,2.004,2.004,0.0,0.0,0.0,0.0,69,0.0,-152017146216448.0,0.0,0.0,0.0,0.0,0.0,0.0,0.0,0,0,0,0.0,0.0,0.0,0.0,0.0,0.0,0.0,0.0,0.0,0.0,0.0,0.0,0.0,0.0,0.0,0.0,0,-107875648.0,69,0.0,138,0.0,2.012,ERR,ERR,ERR,ERR,ERR,ERR,ERR,ERR,ERR,ERR,ERR,ERR,ERR,ERR,ERR,ERR,ERR,ERR,ERR,ERR,ERR,ERR,ERR,ERR,ERR,ERR,ERR,ERR,ERR,ERR,ERR,ERR,ERR,ERR,ERR,ERR,ERR,ERR,ERR,ERR,ERR,ERR,ERR,ERR,ERR,ERR,ERR,ERR,ERR,ERR,ERR,ERR,ERR,ERR,ERR,ERR,ERR,ERR,ERR,ERR,ERR,ERR,ERR,ERR,ERR,ERR,ERR,60.0,60.0,35,0.0,0.0,0.0,0.0,0.0,0.0,0.0,0.0,0.0,0.0,0.0,0.0,0.0,0.0,0.0,0.0,65.6,0,113,55,37,65476,0,300,0,0,8,20529,65476,0,0,2621,60.0,0.0,0.0,0.0,0.0,0.0
2026-07-09T15:11:36,ERR,ERR,ERR,ERR,ERR,ERR,ERR,ERR,ERR,ERR,ERR,ERR,ERR,ERR,ERR,ERR,ERR,ERR,ERR,ERR,ERR,ERR,ERR,ERR,ERR,ERR,ERR,ERR,ERR,ERR,ERR,ERR,ERR,ERR,ERR,ERR,ERR,ERR,ERR,ERR,ERR,ERR,ERR,ERR,ERR,ERR,ERR,ERR,ERR,ERR,ERR,ERR,ERR,ERR,ERR,ERR,ERR,ERR,ERR,ERR,ERR,ERR,ERR,ERR,ERR,ERR,ERR,ERR,ERR,ERR,ERR,ERR,ERR,ERR,ERR,ERR,ERR,ERR,ERR,ERR,ERR,ERR,ERR,ERR,ERR,ERR,ERR,ERR,ERR,ERR,ERR,ERR,ERR,ERR,ERR,ERR,ERR,ERR,ERR,ERR,ERR,ERR,ERR,ERR,ERR,ERR,ERR,ERR,ERR,ERR,ERR,ERR,ERR,ERR,ERR,ERR,ERR,ERR,ERR,ERR,ERR,ERR,ERR,ERR,ERR,-0.0,-0.0,-0.0,2.718366610185338e+23,6300730.0,-0.0,-1.8363659697458984e+20,221461004288.0,0,0,4,17402,7116,0.0,100,0.0,0.0,2.718366610185338e+23,0.0,0.0,0,0,0,0,0.0,0,0,0,0,0,0,0,0,0,0,0,0,0,0,0,0,0,0,0,0,0,0,0,0,0,0,0,0,0,0,0,0,0,31,40,40,71,65476,0,300,0,0,8,21553,0.0,-107605600.0,0.0,0.0,0.0,0.0,0.0,0.0,0.0,0.0,0.0,0.0,0.0,0.0,0.0,0.0,0.0,0.0,0.0,0.0,0.0,0.0,-0.0,-0.0,0.0,0.0,0.0,0.0,0.0,0.0,4812.0,-0.0,6933.0,-0.0,2.7184437118109587e+23,2.004,2.004,0.0,0.0,0.0,0.0,69,0.0,-152017146216448.0,0.0,0.0,0.0,0.0,0.0,0.0,0.0,0,0,0,0.0,0.0,0.0,0.0,0.0,0.0,0.0,0.0,0.0,0.0,0.0,0.0,0.0,0.0,0.0,0.0,0,-107875648.0,69,0.0,138,0.0,2.012,ERR,ERR,ERR,ERR,ERR,ERR,ERR,ERR,ERR,ERR,ERR,ERR,ERR,ERR,ERR,ERR,ERR,ERR,ERR,ERR,ERR,ERR,ERR,ERR,ERR,ERR,ERR,ERR,ERR,ERR,ERR,ERR,ERR,ERR,ERR,ERR,ERR,ERR,ERR,ERR,ERR,ERR,ERR,ERR,ERR,ERR,ERR,ERR,ERR,ERR,ERR,ERR,ERR,ERR,ERR,ERR,ERR,ERR,ERR,ERR,ERR,ERR,ERR,ERR,ERR,ERR,ERR,60.0,60.0,35,0.0,0.0,0.0,0.0,0.0,0.0,0.0,0.0,0.0,0.0,0.0,0.0,0.0,0.0,0.0,0.0,65.6,0,113,55,37,65476,0,300,0,0,8,20529,65476,0,0,2621,60.0,0.0,0.0,0.0,0.0,0.0
2026-07-09T15:11:37,ERR,ERR,ERR,ERR,ERR,ERR,ERR,ERR,ERR,ERR,ERR,ERR,ERR,ERR,ERR,ERR,ERR,ERR,ERR,ERR,ERR,ERR,ERR,ERR,ERR,ERR,ERR,ERR,ERR,ERR,ERR,ERR,ERR,ERR,ERR,ERR,ERR,ERR,ERR,ERR,ERR,ERR,ERR,ERR,ERR,ERR,ERR,ERR,ERR,ERR,ERR,ERR,ERR,ERR,ERR,ERR,ERR,ERR,ERR,ERR,ERR,ERR,ERR,ERR,ERR,ERR,ERR,ERR,ERR,ERR,ERR,ERR,ERR,ERR,ERR,ERR,ERR,ERR,ERR,ERR,ERR,ERR,ERR,ERR,ERR,ERR,ERR,ERR,ERR,ERR,ERR,ERR,ERR,ERR,ERR,ERR,ERR,ERR,ERR,ERR,ERR,ERR,ERR,ERR,ERR,ERR,ERR,ERR,ERR,ERR,ERR,ERR,ERR,ERR,ERR,ERR,ERR,ERR,ERR,ERR,ERR,ERR,ERR,ERR,ERR,-0.0,-0.0,-0.0,2.718366610185338e+23,6300730.0,-0.0,-1.8363659697458984e+20,221461004288.0,0,0,4,17402,7116,0.0,100,0.0,0.0,2.718366610185338e+23,0.0,0.0,0,0,0,0,0.0,0,0,0,0,0,0,0,0,0,0,0,0,0,0,0,0,0,0,0,0,0,0,0,0,0,0,0,0,0,0,0,0,0,31,40,40,71,65476,0,300,0,0,8,21553,0.0,-107605600.0,0.0,0.0,0.0,0.0,0.0,0.0,0.0,0.0,0.0,0.0,0.0,0.0,0.0,0.0,0.0,0.0,0.0,0.0,0.0,0.0,-0.0,-0.0,0.0,0.0,0.0,0.0,0.0,0.0,4812.0,-0.0,6933.0,-0.0,2.7184437118109587e+23,2.004,2.004,0.0,0.0,0.0,0.0,69,0.0,-152017146216448.0,0.0,0.0,0.0,0.0,0.0,0.0,0.0,0,0,0,0.0,0.0,0.0,0.0,0.0,0.0,0.0,0.0,0.0,0.0,0.0,0.0,0.0,0.0,0.0,0.0,0,-107875648.0,69,0.0,138,0.0,2.012,ERR,ERR,ERR,ERR,ERR,ERR,ERR,ERR,ERR,ERR,ERR,ERR,ERR,ERR,ERR,ERR,ERR,ERR,ERR,ERR,ERR,ERR,ERR,ERR,ERR,ERR,ERR,ERR,ERR,ERR,ERR,ERR,ERR,ERR,ERR,ERR,ERR,ERR,ERR,ERR,ERR,ERR,ERR,ERR,ERR,ERR,ERR,ERR,ERR,ERR,ERR,ERR,ERR,ERR,ERR,ERR,ERR,ERR,ERR,ERR,ERR,ERR,ERR,ERR,ERR,ERR,ERR,60.0,60.0,35,0.0,0.0,0.0,0.0,0.0,0.0,0.0,0.0,0.0,0.0,0.0,0.0,0.0,0.0,0.0,0.0,65.6,0,113,55,37,65476,0,300,0,0,8,20529,65476,0,0,2621,60.0,0.0,0.0,0.0,0.0,0.0
2026-07-09T15:11:38,ERR,ERR,ERR,ERR,ERR,ERR,ERR,ERR,ERR,ERR,ERR,ERR,ERR,ERR,ERR,ERR,ERR,ERR,ERR,ERR,ERR,ERR,ERR,ERR,ERR,ERR,ERR,ERR,ERR,ERR,ERR,ERR,ERR,ERR,ERR,ERR,ERR,ERR,ERR,ERR,ERR,ERR,ERR,ERR,ERR,ERR,ERR,ERR,ERR,ERR,ERR,ERR,ERR,ERR,ERR,ERR,ERR,ERR,ERR,ERR,ERR,ERR,ERR,ERR,ERR,ERR,ERR,ERR,ERR,ERR,ERR,ERR,ERR,ERR,ERR,ERR,ERR,ERR,ERR,ERR,ERR,ERR,ERR,ERR,ERR,ERR,ERR,ERR,ERR,ERR,ERR,ERR,ERR,ERR,ERR,ERR,ERR,ERR,ERR,ERR,ERR,ERR,ERR,ERR,ERR,ERR,ERR,ERR,ERR,ERR,ERR,ERR,ERR,ERR,ERR,ERR,ERR,ERR,ERR,ERR,ERR,ERR,ERR,ERR,ERR,-0.0,-0.0,-0.0,2.718366610185338e+23,6300730.0,-0.0,-7.741521866954401e+31,0.0,0,0,4,17407,7116,0.0,100,0.0,0.0,2.718366610185338e+23,0.0,0.0,0,0,0,0,0.0,0,0,0,0,0,0,0,0,0,0,0,0,0,0,0,0,0,0,0,0,0,0,0,0,0,0,0,0,0,0,0,0,0,31,40,40,71,65476,0,300,0,0,8,21553,0.0,-107605600.0,0.0,0.0,0.0,0.0,0.0,0.0,0.0,0.0,0.0,0.0,0.0,0.0,0.0,0.0,0.0,0.0,0.0,0.0,0.0,0.0,-0.0,-0.0,0.0,0.0,0.0,0.0,0.0,0.0,4802.0,0.0,6913.0,-0.0,-107615952.0,2.004,2.004,0.0,0.0,0.0,0.0,69,-3.222007563397227e+26,126840479744.0,0.0,0.0,0.0,0.0,0.0,0.0,0.0,0,0,0,0.0,0.0,0.0,0.0,0.0,0.0,0.0,0.0,0.0,0.0,0.0,0.0,0.0,0.0,0.0,0.0,0,-107875648.0,69,0.0,138,0.0,2.012,ERR,ERR,ERR,ERR,ERR,ERR,ERR,ERR,ERR,ERR,ERR,ERR,ERR,ERR,ERR,ERR,ERR,ERR,ERR,ERR,ERR,ERR,ERR,ERR,ERR,ERR,ERR,ERR,ERR,ERR,ERR,ERR,ERR,ERR,ERR,ERR,ERR,ERR,ERR,ERR,ERR,ERR,ERR,ERR,ERR,ERR,ERR,ERR,ERR,ERR,ERR,ERR,ERR,ERR,ERR,ERR,ERR,ERR,ERR,ERR,ERR,ERR,ERR,ERR,ERR,ERR,ERR,60.0,60.0,35,0.0,0.0,0.0,0.0,0.0,0.0,0.0,0.0,0.0,0.0,0.0,0.0,0.0,0.0,0.0,0.0,65.2,0,113,55,37,65476,0,300,0,0,8,20529,65476,0,0,2621,60.0,0.0,0.0,0.0,0.0,0.0
2026-07-09T15:11:39,ERR,ERR,ERR,ERR,ERR,ERR,ERR,ERR,ERR,ERR,ERR,ERR,ERR,ERR,ERR,ERR,ERR,ERR,ERR,ERR,ERR,ERR,ERR,ERR,ERR,ERR,ERR,ERR,ERR,ERR,ERR,ERR,ERR,ERR,ERR,ERR,ERR,ERR,ERR,ERR,ERR,ERR,ERR,ERR,ERR,ERR,ERR,ERR,ERR,ERR,ERR,ERR,ERR,ERR,ERR,ERR,ERR,ERR,ERR,ERR,ERR,ERR,ERR,ERR,ERR,ERR,ERR,ERR,ERR,ERR,ERR,ERR,ERR,ERR,ERR,ERR,ERR,ERR,ERR,ERR,ERR,ERR,ERR,ERR,ERR,ERR,ERR,ERR,ERR,ERR,ERR,ERR,ERR,ERR,ERR,ERR,ERR,ERR,ERR,ERR,ERR,ERR,ERR,ERR,ERR,ERR,ERR,ERR,ERR,ERR,ERR,ERR,ERR,ERR,ERR,ERR,ERR,ERR,ERR,ERR,ERR,ERR,ERR,ERR,ERR,-0.0,-0.0,-0.0,2.718366610185338e+23,6300730.0,-0.0,-7.741521866954401e+31,0.0,0,0,4,17407,7116,0.0,100,0.0,0.0,2.718366610185338e+23,0.0,0.0,0,0,0,0,0.0,0,0,0,0,0,0,0,0,0,0,0,0,0,0,0,0,0,0,0,0,0,0,0,0,0,0,0,0,0,0,0,0,0,31,40,40,71,65476,0,300,0,0,8,21553,0.0,-107605600.0,0.0,0.0,0.0,0.0,0.0,0.0,0.0,0.0,0.0,0.0,0.0,0.0,0.0,0.0,0.0,0.0,0.0,0.0,0.0,0.0,-0.0,-0.0,0.0,0.0,0.0,0.0,0.0,0.0,4802.0,0.0,6913.0,-0.0,-107615952.0,2.004,2.004,0.0,0.0,0.0,0.0,69,-3.222007563397227e+26,126840479744.0,0.0,0.0,0.0,0.0,0.0,0.0,0.0,0,0,0,0.0,0.0,0.0,0.0,0.0,0.0,0.0,0.0,0.0,0.0,0.0,0.0,0.0,0.0,0.0,0.0,0,-107875648.0,69,0.0,138,0.0,2.012,ERR,ERR,ERR,ERR,ERR,ERR,ERR,ERR,ERR,ERR,ERR,ERR,ERR,ERR,ERR,ERR,ERR,ERR,ERR,ERR,ERR,ERR,ERR,ERR,ERR,ERR,ERR,ERR,ERR,ERR,ERR,ERR,ERR,ERR,ERR,ERR,ERR,ERR,ERR,ERR,ERR,ERR,ERR,ERR,ERR,ERR,ERR,ERR,ERR,ERR,ERR,ERR,ERR,ERR,ERR,ERR,ERR,ERR,ERR,ERR,ERR,ERR,ERR,ERR,ERR,ERR,ERR,60.0,60.0,35,0.0,0.0,0.0,0.0,0.0,0.0,0.0,0.0,0.0,0.0,0.0,0.0,0.0,0.0,0.0,0.0,65.2,0,113,55,37,65476,0,300,0,0,8,20529,65476,0,0,2621,60.0,0.0,0.0,0.0,0.0,0.0
2026-07-09T15:11:40,ERR,ERR,ERR,ERR,ERR,ERR,ERR,ERR,ERR,ERR,ERR,ERR,ERR,ERR,ERR,ERR,ERR,ERR,ERR,ERR,ERR,ERR,ERR,ERR,ERR,ERR,ERR,ERR,ERR,ERR,ERR,ERR,ERR,ERR,ERR,ERR,ERR,ERR,ERR,ERR,ERR,ERR,ERR,ERR,ERR,ERR,ERR,ERR,ERR,ERR,ERR,ERR,ERR,ERR,ERR,ERR,ERR,ERR,ERR,ERR,ERR,ERR,ERR,ERR,ERR,ERR,ERR,ERR,ERR,ERR,ERR,ERR,ERR,ERR,ERR,ERR,ERR,ERR,ERR,ERR,ERR,ERR,ERR,ERR,ERR,ERR,ERR,ERR,ERR,ERR,ERR,ERR,ERR,ERR,ERR,ERR,ERR,ERR,ERR,ERR,ERR,ERR,ERR,ERR,ERR,ERR,ERR,ERR,ERR,ERR,ERR,ERR,ERR,ERR,ERR,ERR,ERR,ERR,ERR,ERR,ERR,ERR,ERR,ERR,ERR,-0.0,-0.0,-0.0,2.718366610185338e+23,6300730.0,-0.0,-7.741521866954401e+31,0.0,0,0,4,17407,7116,0.0,100,0.0,0.0,2.718366610185338e+23,0.0,0.0,0,0,0,0,0.0,0,0,0,0,0,0,0,0,0,0,0,0,0,0,0,0,0,0,0,0,0,0,0,0,0,0,0,0,0,0,0,0,0,31,40,40,71,65476,0,300,0,0,8,21553,0.0,-107605600.0,0.0,0.0,0.0,0.0,0.0,0.0,0.0,0.0,0.0,0.0,0.0,0.0,0.0,0.0,0.0,0.0,0.0,0.0,0.0,0.0,-0.0,-0.0,0.0,0.0,0.0,0.0,0.0,0.0,4802.0,0.0,6913.0,-0.0,-107615952.0,2.004,2.004,0.0,0.0,0.0,0.0,69,-3.222007563397227e+26,126840479744.0,0.0,0.0,0.0,0.0,0.0,0.0,0.0,0,0,0,0.0,0.0,0.0,0.0,0.0,0.0,0.0,0.0,0.0,0.0,0.0,0.0,0.0,0.0,0.0,0.0,0,-107875648.0,69,0.0,138,0.0,2.012,ERR,ERR,ERR,ERR,ERR,ERR,ERR,ERR,ERR,ERR,ERR,ERR,ERR,ERR,ERR,ERR,ERR,ERR,ERR,ERR,ERR,ERR,ERR,ERR,ERR,ERR,ERR,ERR,ERR,ERR,ERR,ERR,ERR,ERR,ERR,ERR,ERR,ERR,ERR,ERR,ERR,ERR,ERR,ERR,ERR,ERR,ERR,ERR,ERR,ERR,ERR,ERR,ERR,ERR,ERR,ERR,ERR,ERR,ERR,ERR,ERR,ERR,ERR,ERR,ERR,ERR,ERR,60.0,60.0,35,0.0,0.0,0.0,0.0,0.0,0.0,0.0,0.0,0.0,0.0,0.0,0.0,0.0,0.0,0.0,0.0,65.2,0,113,55,37,65476,0,300,0,0,8,20529,65476,0,0,2621,60.0,0.0,0.0,0.0,0.0,0.0
2026-07-09T15:11:41,ERR,ERR,ERR,ERR,ERR,ERR,ERR,ERR,ERR,ERR,ERR,ERR,ERR,ERR,ERR,ERR,ERR,ERR,ERR,ERR,ERR,ERR,ERR,ERR,ERR,ERR,ERR,ERR,ERR,ERR,ERR,ERR,ERR,ERR,ERR,ERR,ERR,ERR,ERR,ERR,ERR,ERR,ERR,ERR,ERR,ERR,ERR,ERR,ERR,ERR,ERR,ERR,ERR,ERR,ERR,ERR,ERR,ERR,ERR,ERR,ERR,ERR,ERR,ERR,ERR,ERR,ERR,ERR,ERR,ERR,ERR,ERR,ERR,ERR,ERR,ERR,ERR,ERR,ERR,ERR,ERR,ERR,ERR,ERR,ERR,ERR,ERR,ERR,ERR,ERR,ERR,ERR,ERR,ERR,ERR,ERR,ERR,ERR,ERR,ERR,ERR,ERR,ERR,ERR,ERR,ERR,ERR,ERR,ERR,ERR,ERR,ERR,ERR,ERR,ERR,ERR,ERR,ERR,ERR,ERR,ERR,ERR,ERR,ERR,ERR,-0.0,-0.0,-0.0,2.718366610185338e+23,6300730.0,-0.0,-7.741521866954401e+31,0.0,0,0,4,17407,7116,0.0,100,0.0,0.0,2.718366610185338e+23,0.0,0.0,0,0,0,0,0.0,0,0,0,0,0,0,0,0,0,0,0,0,0,0,0,0,0,0,0,0,0,0,0,0,0,0,0,0,0,0,0,0,0,31,40,40,71,65476,0,300,0,0,8,21553,0.0,-107605600.0,0.0,0.0,0.0,0.0,0.0,0.0,0.0,0.0,0.0,0.0,0.0,0.0,0.0,0.0,0.0,0.0,0.0,0.0,0.0,0.0,-0.0,-0.0,0.0,0.0,0.0,0.0,0.0,0.0,4802.0,0.0,6913.0,-0.0,-107615952.0,2.004,2.004,0.0,0.0,0.0,0.0,69,-3.222007563397227e+26,126840479744.0,0.0,0.0,0.0,0.0,0.0,0.0,0.0,0,0,0,0.0,0.0,0.0,0.0,0.0,0.0,0.0,0.0,0.0,0.0,0.0,0.0,0.0,0.0,0.0,0.0,0,-107875648.0,69,0.0,138,0.0,2.012,ERR,ERR,ERR,ERR,ERR,ERR,ERR,ERR,ERR,ERR,ERR,ERR,ERR,ERR,ERR,ERR,ERR,ERR,ERR,ERR,ERR,ERR,ERR,ERR,ERR,ERR,ERR,ERR,ERR,ERR,ERR,ERR,ERR,ERR,ERR,ERR,ERR,ERR,ERR,ERR,ERR,ERR,ERR,ERR,ERR,ERR,ERR,ERR,ERR,ERR,ERR,ERR,ERR,ERR,ERR,ERR,ERR,ERR,ERR,ERR,ERR,ERR,ERR,ERR,ERR,ERR,ERR,60.0,60.0,35,0.0,0.0,0.0,0.0,0.0,0.0,0.0,0.0,0.0,0.0,0.0,0.0,0.0,0.0,0.0,0.0,65.2,0,113,55,37,65476,0,300,0,0,8,20529,65476,0,0,2621,60.0,0.0,0.0,0.0,0.0,0.0
2026-07-09T15:11:42,ERR,ERR,ERR,ERR,ERR,ERR,ERR,ERR,ERR,ERR,ERR,ERR,ERR,ERR,ERR,ERR,ERR,ERR,ERR,ERR,ERR,ERR,ERR,ERR,ERR,ERR,ERR,ERR,ERR,ERR,ERR,ERR,ERR,ERR,ERR,ERR,ERR,ERR,ERR,ERR,ERR,ERR,ERR,ERR,ERR,ERR,ERR,ERR,ERR,ERR,ERR,ERR,ERR,ERR,ERR,ERR,ERR,ERR,ERR,ERR,ERR,ERR,ERR,ERR,ERR,ERR,ERR,ERR,ERR,ERR,ERR,ERR,ERR,ERR,ERR,ERR,ERR,ERR,ERR,ERR,ERR,ERR,ERR,ERR,ERR,ERR,ERR,ERR,ERR,ERR,ERR,ERR,ERR,ERR,ERR,ERR,ERR,ERR,ERR,ERR,ERR,ERR,ERR,ERR,ERR,ERR,ERR,ERR,ERR,ERR,ERR,ERR,ERR,ERR,ERR,ERR,ERR,ERR,ERR,ERR,ERR,ERR,ERR,ERR,ERR,-0.0,-0.0,-0.0,2.718366610185338e+23,6300730.0,-0.0,-7.741521866954401e+31,0.0,0,0,4,17407,7116,0.0,100,0.0,0.0,2.718366610185338e+23,0.0,0.0,0,0,0,0,0.0,0,0,0,0,0,0,0,0,0,0,0,0,0,0,0,0,0,0,0,0,0,0,0,0,0,0,0,0,0,0,0,0,0,31,40,40,71,65476,0,300,0,0,8,21553,0.0,-107605600.0,0.0,0.0,0.0,0.0,0.0,0.0,0.0,0.0,0.0,0.0,0.0,0.0,0.0,0.0,0.0,0.0,0.0,0.0,0.0,0.0,-0.0,-0.0,0.0,0.0,0.0,0.0,0.0,0.0,4802.0,0.0,6913.0,-0.0,-107615952.0,2.004,2.004,0.0,0.0,0.0,0.0,69,-3.222007563397227e+26,126840479744.0,0.0,0.0,0.0,0.0,0.0,0.0,0.0,0,0,0,0.0,0.0,0.0,0.0,0.0,0.0,0.0,0.0,0.0,0.0,0.0,0.0,0.0,0.0,0.0,0.0,0,-107875648.0,69,0.0,138,0.0,2.012,ERR,ERR,ERR,ERR,ERR,ERR,ERR,ERR,ERR,ERR,ERR,ERR,ERR,ERR,ERR,ERR,ERR,ERR,ERR,ERR,ERR,ERR,ERR,ERR,ERR,ERR,ERR,ERR,ERR,ERR,ERR,ERR,ERR,ERR,ERR,ERR,ERR,ERR,ERR,ERR,ERR,ERR,ERR,ERR,ERR,ERR,ERR,ERR,ERR,ERR,ERR,ERR,ERR,ERR,ERR,ERR,ERR,ERR,ERR,ERR,ERR,ERR,ERR,ERR,ERR,ERR,ERR,60.0,60.0,35,0.0,0.0,0.0,0.0,0.0,0.0,0.0,0.0,0.0,0.0,0.0,0.0,0.0,0.0,0.0,0.0,65.2,0,113,55,37,65476,0,300,0,0,8,20529,65476,0,0,2621,60.0,0.0,0.0,0.0,0.0,0.0
2026-07-09T15:11:43,ERR,ERR,ERR,ERR,ERR,ERR,ERR,ERR,ERR,ERR,ERR,ERR,ERR,ERR,ERR,ERR,ERR,ERR,ERR,ERR,ERR,ERR,ERR,ERR,ERR,ERR,ERR,ERR,ERR,ERR,ERR,ERR,ERR,ERR,ERR,ERR,ERR,ERR,ERR,ERR,ERR,ERR,ERR,ERR,ERR,ERR,ERR,ERR,ERR,ERR,ERR,ERR,ERR,ERR,ERR,ERR,ERR,ERR,ERR,ERR,ERR,ERR,ERR,ERR,ERR,ERR,ERR,ERR,ERR,ERR,ERR,ERR,ERR,ERR,ERR,ERR,ERR,ERR,ERR,ERR,ERR,ERR,ERR,ERR,ERR,ERR,ERR,ERR,ERR,ERR,ERR,ERR,ERR,ERR,ERR,ERR,ERR,ERR,ERR,ERR,ERR,ERR,ERR,ERR,ERR,ERR,ERR,ERR,ERR,ERR,ERR,ERR,ERR,ERR,ERR,ERR,ERR,ERR,ERR,ERR,ERR,ERR,ERR,ERR,ERR,-0.0,-107615952.0,0.0,2.718366610185338e+23,-550971375616.0,0.0,-0.0,3.709404256990246e+37,0,0,4,17403,7116,0.0,100,0.0,0.0,2.718366610185338e+23,0.0,0.0,0,0,0,0,0.0,0,0,0,0,0,0,0,0,0,0,0,0,0,0,0,0,0,0,0,0,0,0,0,0,0,0,0,0,0,0,0,0,0,31,40,40,71,65476,0,300,0,0,8,21553,0.0,-107605600.0,0.0,0.0,0.0,0.0,0.0,0.0,0.0,0.0,0.0,0.0,0.0,0.0,0.0,0.0,0.0,0.0,0.0,0.0,0.0,0.0,2.004,-2.004,0.0,0.0,0.0,0.0,0.0,0.0,4859.0,0.0,6916.0,0.0,-107615952.0,2.004,2.004,0.0,0.0,0.0,0.0,69,-0.0,4.0668510134893235e+29,0.0,0.0,0.0,0.0,0.0,0.0,0.0,0,0,0,0.0,0.0,0.0,0.0,0.0,0.0,0.0,0.0,0.0,0.0,0.0,0.0,0.0,0.0,0.0,0.0,0,-107875648.0,69,0.0,138,0.0,2.012,ERR,ERR,ERR,ERR,ERR,ERR,ERR,ERR,ERR,ERR,ERR,ERR,ERR,ERR,ERR,ERR,ERR,ERR,ERR,ERR,ERR,ERR,ERR,ERR,ERR,ERR,ERR,ERR,ERR,ERR,ERR,ERR,ERR,ERR,ERR,ERR,ERR,ERR,ERR,ERR,ERR,ERR,ERR,ERR,ERR,ERR,ERR,ERR,ERR,ERR,ERR,ERR,ERR,ERR,ERR,ERR,ERR,ERR,ERR,ERR,ERR,ERR,ERR,ERR,ERR,ERR,ERR,60.0,60.0,35,0.0,0.0,0.0,0.0,0.0,0.0,0.0,0.0,0.0,0.0,0.0,0.0,0.0,0.0,0.0,0.0,65.6,0,113,55,37,65476,0,300,0,0,8,20529,65476,0,0,2621,60.0,0.0,0.0,0.0,0.0,0.0
2026-07-09T15:11:44,ERR,ERR,ERR,ERR,ERR,ERR,ERR,ERR,ERR,ERR,ERR,ERR,ERR,ERR,ERR,ERR,ERR,ERR,ERR,ERR,ERR,ERR,ERR,ERR,ERR,ERR,ERR,ERR,ERR,ERR,ERR,ERR,ERR,ERR,ERR,ERR,ERR,ERR,ERR,ERR,ERR,ERR,ERR,ERR,ERR,ERR,ERR,ERR,ERR,ERR,ERR,ERR,ERR,ERR,ERR,ERR,ERR,ERR,ERR,ERR,ERR,ERR,ERR,ERR,ERR,ERR,ERR,ERR,ERR,ERR,ERR,ERR,ERR,ERR,ERR,ERR,ERR,ERR,ERR,ERR,ERR,ERR,ERR,ERR,ERR,ERR,ERR,ERR,ERR,ERR,ERR,ERR,ERR,ERR,ERR,ERR,ERR,ERR,ERR,ERR,ERR,ERR,ERR,ERR,ERR,ERR,ERR,ERR,ERR,ERR,ERR,ERR,ERR,ERR,ERR,ERR,ERR,ERR,ERR,ERR,ERR,ERR,ERR,ERR,ERR,-0.0,-107615952.0,0.0,2.718366610185338e+23,-550971375616.0,0.0,-0.0,3.709404256990246e+37,0,0,4,17403,7116,0.0,100,0.0,0.0,2.718366610185338e+23,0.0,0.0,0,0,0,0,0.0,0,0,0,0,0,0,0,0,0,0,0,0,0,0,0,0,0,0,0,0,0,0,0,0,0,0,0,0,0,0,0,0,0,31,40,40,71,65476,0,300,0,0,8,21553,0.0,-107605600.0,0.0,0.0,0.0,0.0,0.0,0.0,0.0,0.0,0.0,0.0,0.0,0.0,0.0,0.0,0.0,0.0,0.0,0.0,0.0,0.0,2.004,-2.004,0.0,0.0,0.0,0.0,0.0,0.0,4859.0,0.0,6916.0,0.0,-107615952.0,2.004,2.004,0.0,0.0,0.0,0.0,69,-0.0,4.0668510134893235e+29,0.0,0.0,0.0,0.0,0.0,0.0,0.0,0,0,0,0.0,0.0,0.0,0.0,0.0,0.0,0.0,0.0,0.0,0.0,0.0,0.0,0.0,0.0,0.0,0.0,0,-107875648.0,69,0.0,138,0.0,2.012,ERR,ERR,ERR,ERR,ERR,ERR,ERR,ERR,ERR,ERR,ERR,ERR,ERR,ERR,ERR,ERR,ERR,ERR,ERR,ERR,ERR,ERR,ERR,ERR,ERR,ERR,ERR,ERR,ERR,ERR,ERR,ERR,ERR,ERR,ERR,ERR,ERR,ERR,ERR,ERR,ERR,ERR,ERR,ERR,ERR,ERR,ERR,ERR,ERR,ERR,ERR,ERR,ERR,ERR,ERR,ERR,ERR,ERR,ERR,ERR,ERR,ERR,ERR,ERR,ERR,ERR,ERR,60.0,60.0,35,0.0,0.0,0.0,0.0,0.0,0.0,0.0,0.0,0.0,0.0,0.0,0.0,0.0,0.0,0.0,0.0,65.6,0,113,55,37,65476,0,300,0,0,8,20529,65476,0,0,2621,60.0,0.0,0.0,0.0,0.0,0.0
2026-07-09T15:11:45,ERR,ERR,ERR,ERR,ERR,ERR,ERR,ERR,ERR,ERR,ERR,ERR,ERR,ERR,ERR,ERR,ERR,ERR,ERR,ERR,ERR,ERR,ERR,ERR,ERR,ERR,ERR,ERR,ERR,ERR,ERR,ERR,ERR,ERR,ERR,ERR,ERR,ERR,ERR,ERR,ERR,ERR,ERR,ERR,ERR,ERR,ERR,ERR,ERR,ERR,ERR,ERR,ERR,ERR,ERR,ERR,ERR,ERR,ERR,ERR,ERR,ERR,ERR,ERR,ERR,ERR,ERR,ERR,ERR,ERR,ERR,ERR,ERR,ERR,ERR,ERR,ERR,ERR,ERR,ERR,ERR,ERR,ERR,ERR,ERR,ERR,ERR,ERR,ERR,ERR,ERR,ERR,ERR,ERR,ERR,ERR,ERR,ERR,ERR,ERR,ERR,ERR,ERR,ERR,ERR,ERR,ERR,ERR,ERR,ERR,ERR,ERR,ERR,ERR,ERR,ERR,ERR,ERR,ERR,ERR,ERR,ERR,ERR,ERR,ERR,-0.0,-107615952.0,0.0,2.718366610185338e+23,-550971375616.0,0.0,-0.0,3.709404256990246e+37,0,0,4,17403,7116,0.0,100,0.0,0.0,2.718366610185338e+23,0.0,0.0,0,0,0,0,0.0,0,0,0,0,0,0,0,0,0,0,0,0,0,0,0,0,0,0,0,0,0,0,0,0,0,0,0,0,0,0,0,0,0,31,40,40,71,65476,0,300,0,0,8,21553,0.0,-107605600.0,0.0,0.0,0.0,0.0,0.0,0.0,0.0,0.0,0.0,0.0,0.0,0.0,0.0,0.0,0.0,0.0,0.0,0.0,0.0,0.0,2.004,-2.004,0.0,0.0,0.0,0.0,0.0,0.0,4859.0,0.0,6916.0,0.0,-107615952.0,2.004,2.004,0.0,0.0,0.0,0.0,69,-0.0,4.0668510134893235e+29,0.0,0.0,0.0,0.0,0.0,0.0,0.0,0,0,0,0.0,0.0,0.0,0.0,0.0,0.0,0.0,0.0,0.0,0.0,0.0,0.0,0.0,0.0,0.0,0.0,0,-107875648.0,69,0.0,138,0.0,2.012,ERR,ERR,ERR,ERR,ERR,ERR,ERR,ERR,ERR,ERR,ERR,ERR,ERR,ERR,ERR,ERR,ERR,ERR,ERR,ERR,ERR,ERR,ERR,ERR,ERR,ERR,ERR,ERR,ERR,ERR,ERR,ERR,ERR,ERR,ERR,ERR,ERR,ERR,ERR,ERR,ERR,ERR,ERR,ERR,ERR,ERR,ERR,ERR,ERR,ERR,ERR,ERR,ERR,ERR,ERR,ERR,ERR,ERR,ERR,ERR,ERR,ERR,ERR,ERR,ERR,ERR,ERR,60.0,60.0,35,0.0,0.0,0.0,0.0,0.0,0.0,0.0,0.0,0.0,0.0,0.0,0.0,0.0,0.0,0.0,0.0,65.2,0,113,55,37,65476,0,300,0,0,8,20529,65476,0,0,2621,60.0,0.0,0.0,0.0,0.0,0.0
2026-07-09T15:11:46,ERR,ERR,ERR,ERR,ERR,ERR,ERR,ERR,ERR,ERR,ERR,ERR,ERR,ERR,ERR,ERR,ERR,ERR,ERR,ERR,ERR,ERR,ERR,ERR,ERR,ERR,ERR,ERR,ERR,ERR,ERR,ERR,ERR,ERR,ERR,ERR,ERR,ERR,ERR,ERR,ERR,ERR,ERR,ERR,ERR,ERR,ERR,ERR,ERR,ERR,ERR,ERR,ERR,ERR,ERR,ERR,ERR,ERR,ERR,ERR,ERR,ERR,ERR,ERR,ERR,ERR,ERR,ERR,ERR,ERR,ERR,ERR,ERR,ERR,ERR,ERR,ERR,ERR,ERR,ERR,ERR,ERR,ERR,ERR,ERR,ERR,ERR,ERR,ERR,ERR,ERR,ERR,ERR,ERR,ERR,ERR,ERR,ERR,ERR,ERR,ERR,ERR,ERR,ERR,ERR,ERR,ERR,ERR,ERR,ERR,ERR,ERR,ERR,ERR,ERR,ERR,ERR,ERR,ERR,ERR,ERR,ERR,ERR,ERR,ERR,-0.0,-107615952.0,0.0,2.718366610185338e+23,-550971375616.0,0.0,-0.0,3.709404256990246e+37,0,0,4,17403,7116,0.0,100,0.0,0.0,2.718366610185338e+23,0.0,0.0,0,0,0,0,0.0,0,0,0,0,0,0,0,0,0,0,0,0,0,0,0,0,0,0,0,0,0,0,0,0,0,0,0,0,0,0,0,0,0,31,40,40,71,65476,0,300,0,0,8,21553,0.0,-107605600.0,0.0,0.0,0.0,0.0,0.0,0.0,0.0,0.0,0.0,0.0,0.0,0.0,0.0,0.0,0.0,0.0,0.0,0.0,0.0,0.0,2.004,-2.004,0.0,0.0,0.0,0.0,0.0,0.0,4859.0,0.0,6916.0,0.0,-107615952.0,2.004,2.004,0.0,0.0,0.0,0.0,69,-0.0,4.0668510134893235e+29,0.0,0.0,0.0,0.0,0.0,0.0,0.0,0,0,0,0.0,0.0,0.0,0.0,0.0,0.0,0.0,0.0,0.0,0.0,0.0,0.0,0.0,0.0,0.0,0.0,0,-107875648.0,69,0.0,138,0.0,2.012,ERR,ERR,ERR,ERR,ERR,ERR,ERR,ERR,ERR,ERR,ERR,ERR,ERR,ERR,ERR,ERR,ERR,ERR,ERR,ERR,ERR,ERR,ERR,ERR,ERR,ERR,ERR,ERR,ERR,ERR,ERR,ERR,ERR,ERR,ERR,ERR,ERR,ERR,ERR,ERR,ERR,ERR,ERR,ERR,ERR,ERR,ERR,ERR,ERR,ERR,ERR,ERR,ERR,ERR,ERR,ERR,ERR,ERR,ERR,ERR,ERR,ERR,ERR,ERR,ERR,ERR,ERR,60.0,60.0,35,0.0,0.0,0.0,0.0,0.0,0.0,0.0,0.0,0.0,0.0,0.0,0.0,0.0,0.0,0.0,0.0,65.2,0,113,55,37,65476,0,300,0,0,8,20529,65476,0,0,2621,60.0,0.0,0.0,0.0,0.0,0.0
2026-07-09T15:11:47,ERR,ERR,ERR,ERR,ERR,ERR,ERR,ERR,ERR,ERR,ERR,ERR,ERR,ERR,ERR,ERR,ERR,ERR,ERR,ERR,ERR,ERR,ERR,ERR,ERR,ERR,ERR,ERR,ERR,ERR,ERR,ERR,ERR,ERR,ERR,ERR,ERR,ERR,ERR,ERR,ERR,ERR,ERR,ERR,ERR,ERR,ERR,ERR,ERR,ERR,ERR,ERR,ERR,ERR,ERR,ERR,ERR,ERR,ERR,ERR,ERR,ERR,ERR,ERR,ERR,ERR,ERR,ERR,ERR,ERR,ERR,ERR,ERR,ERR,ERR,ERR,ERR,ERR,ERR,ERR,ERR,ERR,ERR,ERR,ERR,ERR,ERR,ERR,ERR,ERR,ERR,ERR,ERR,ERR,ERR,ERR,ERR,ERR,ERR,ERR,ERR,ERR,ERR,ERR,ERR,ERR,ERR,ERR,ERR,ERR,ERR,ERR,ERR,ERR,ERR,ERR,ERR,ERR,ERR,ERR,ERR,ERR,ERR,ERR,ERR,-0.0,-107615952.0,0.0,2.718366610185338e+23,-550971375616.0,0.0,-0.0,3.709404256990246e+37,0,0,4,17403,7116,0.0,100,0.0,0.0,2.718366610185338e+23,0.0,0.0,0,0,0,0,0.0,0,0,0,0,0,0,0,0,0,0,0,0,0,0,0,0,0,0,0,0,0,0,0,0,0,0,0,0,0,0,0,0,0,31,40,40,71,65476,0,300,0,0,8,21553,0.0,-107605600.0,0.0,0.0,0.0,0.0,0.0,0.0,0.0,0.0,0.0,0.0,0.0,0.0,0.0,0.0,0.0,0.0,0.0,0.0,0.0,0.0,2.004,-2.004,0.0,0.0,0.0,0.0,0.0,0.0,4859.0,0.0,6916.0,0.0,-107615952.0,2.004,2.004,0.0,0.0,0.0,0.0,69,-0.0,4.0668510134893235e+29,0.0,0.0,0.0,0.0,0.0,0.0,0.0,0,0,0,0.0,0.0,0.0,0.0,0.0,0.0,0.0,0.0,0.0,0.0,0.0,0.0,0.0,0.0,0.0,0.0,0,-107875648.0,69,0.0,138,0.0,2.012,ERR,ERR,ERR,ERR,ERR,ERR,ERR,ERR,ERR,ERR,ERR,ERR,ERR,ERR,ERR,ERR,ERR,ERR,ERR,ERR,ERR,ERR,ERR,ERR,ERR,ERR,ERR,ERR,ERR,ERR,ERR,ERR,ERR,ERR,ERR,ERR,ERR,ERR,ERR,ERR,ERR,ERR,ERR,ERR,ERR,ERR,ERR,ERR,ERR,ERR,ERR,ERR,ERR,ERR,ERR,ERR,ERR,ERR,ERR,ERR,ERR,ERR,ERR,ERR,ERR,ERR,ERR,60.0,60.0,35,0.0,0.0,0.0,0.0,0.0,0.0,0.0,0.0,0.0,0.0,0.0,0.0,0.0,0.0,0.0,0.0,65.2,0,113,55,37,65476,0,300,0,0,8,20529,65476,0,0,2621,60.0,0.0,0.0,0.0,0.0,0.0
2026-07-09T15:11:48,ERR,ERR,ERR,ERR,ERR,ERR,ERR,ERR,ERR,ERR,ERR,ERR,ERR,ERR,ERR,ERR,ERR,ERR,ERR,ERR,ERR,ERR,ERR,ERR,ERR,ERR,ERR,ERR,ERR,ERR,ERR,ERR,ERR,ERR,ERR,ERR,ERR,ERR,ERR,ERR,ERR,ERR,ERR,ERR,ERR,ERR,ERR,ERR,ERR,ERR,ERR,ERR,ERR,ERR,ERR,ERR,ERR,ERR,ERR,ERR,ERR,ERR,ERR,ERR,ERR,ERR,ERR,ERR,ERR,ERR,ERR,ERR,ERR,ERR,ERR,ERR,ERR,ERR,ERR,ERR,ERR,ERR,ERR,ERR,ERR,ERR,ERR,ERR,ERR,ERR,ERR,ERR,ERR,ERR,ERR,ERR,ERR,ERR,ERR,ERR,ERR,ERR,ERR,ERR,ERR,ERR,ERR,ERR,ERR,ERR,ERR,ERR,ERR,ERR,ERR,ERR,ERR,ERR,ERR,ERR,ERR,ERR,ERR,ERR,ERR,0.0,0.0,-107614656.0,2.718366610185338e+23,-4.732808641555657e+21,-109699.234,494.559,-3.172316710737438e+32,0,0,4,17406,7116,0.0,100,0.0,0.0,2.718366610185338e+23,0.0,0.0,0,0,0,0,0.0,0,0,0,0,0,0,0,0,0,0,0,0,0,0,0,0,0,0,0,0,0,0,0,0,0,0,0,0,0,0,0,0,0,31,40,40,71,65476,0,300,0,0,8,21553,0.0,-107605600.0,0.0,0.0,0.0,0.0,0.0,0.0,0.0,0.0,0.0,0.0,0.0,0.0,0.0,0.0,0.0,0.0,0.0,0.0,0.0,0.0,2.004,0.0,0.0,0.0,0.0,0.0,0.0,0.0,4849.0,8608177152.0,6922.0,0.0,0.0,2.004,2.004,0.0,0.0,0.0,0.0,69,0.0,-0.0,0.0,0.0,0.0,0.0,0.0,0.0,0.0,0,0,0,0.0,0.0,0.0,0.0,0.0,0.0,0.0,0.0,0.0,0.0,0.0,0.0,0.0,0.0,0.0,0.0,0,-107875648.0,69,0.0,138,0.0,2.012,ERR,ERR,ERR,ERR,ERR,ERR,ERR,ERR,ERR,ERR,ERR,ERR,ERR,ERR,ERR,ERR,ERR,ERR,ERR,ERR,ERR,ERR,ERR,ERR,ERR,ERR,ERR,ERR,ERR,ERR,ERR,ERR,ERR,ERR,ERR,ERR,ERR,ERR,ERR,ERR,ERR,ERR,ERR,ERR,ERR,ERR,ERR,ERR,ERR,ERR,ERR,ERR,ERR,ERR,ERR,ERR,ERR,ERR,ERR,ERR,ERR,ERR,ERR,ERR,ERR,ERR,ERR,60.0,60.0,35,0.0,0.0,0.0,0.0,0.0,0.0,0.0,0.0,0.0,0.0,0.0,0.0,0.0,0.0,0.0,0.0,65.2,0,113,55,37,65476,0,300,0,0,8,20529,65476,0,0,2621,60.0,0.0,0.0,0.0,0.0,0.0
2026-07-09T15:11:49,ERR,ERR,ERR,ERR,ERR,ERR,ERR,ERR,ERR,ERR,ERR,ERR,ERR,ERR,ERR,ERR,ERR,ERR,ERR,ERR,ERR,ERR,ERR,ERR,ERR,ERR,ERR,ERR,ERR,ERR,ERR,ERR,ERR,ERR,ERR,ERR,ERR,ERR,ERR,ERR,ERR,ERR,ERR,ERR,ERR,ERR,ERR,ERR,ERR,ERR,ERR,ERR,ERR,ERR,ERR,ERR,ERR,ERR,ERR,ERR,ERR,ERR,ERR,ERR,ERR,ERR,ERR,ERR,ERR,ERR,ERR,ERR,ERR,ERR,ERR,ERR,ERR,ERR,ERR,ERR,ERR,ERR,ERR,ERR,ERR,ERR,ERR,ERR,ERR,ERR,ERR,ERR,ERR,ERR,ERR,ERR,ERR,ERR,ERR,ERR,ERR,ERR,ERR,ERR,ERR,ERR,ERR,ERR,ERR,ERR,ERR,ERR,ERR,ERR,ERR,ERR,ERR,ERR,ERR,ERR,ERR,ERR,ERR,ERR,ERR,0.0,0.0,-107614656.0,2.718366610185338e+23,-4.732808641555657e+21,-109699.234,494.559,-3.172316710737438e+32,0,0,4,17406,7116,0.0,100,0.0,0.0,2.718366610185338e+23,0.0,0.0,0,0,0,0,0.0,0,0,0,0,0,0,0,0,0,0,0,0,0,0,0,0,0,0,0,0,0,0,0,0,0,0,0,0,0,0,0,0,0,31,40,40,71,65476,0,300,0,0,8,21553,0.0,-107605600.0,0.0,0.0,0.0,0.0,0.0,0.0,0.0,0.0,0.0,0.0,0.0,0.0,0.0,0.0,0.0,0.0,0.0,0.0,0.0,0.0,2.004,0.0,0.0,0.0,0.0,0.0,0.0,0.0,4849.0,8608177152.0,6922.0,0.0,0.0,2.004,2.004,0.0,0.0,0.0,0.0,69,0.0,-0.0,0.0,0.0,0.0,0.0,0.0,0.0,0.0,0,0,0,0.0,0.0,0.0,0.0,0.0,0.0,0.0,0.0,0.0,0.0,0.0,0.0,0.0,0.0,0.0,0.0,0,-107875648.0,69,0.0,138,0.0,2.012,ERR,ERR,ERR,ERR,ERR,ERR,ERR,ERR,ERR,ERR,ERR,ERR,ERR,ERR,ERR,ERR,ERR,ERR,ERR,ERR,ERR,ERR,ERR,ERR,ERR,ERR,ERR,ERR,ERR,ERR,ERR,ERR,ERR,ERR,ERR,ERR,ERR,ERR,ERR,ERR,ERR,ERR,ERR,ERR,ERR,ERR,ERR,ERR,ERR,ERR,ERR,ERR,ERR,ERR,ERR,ERR,ERR,ERR,ERR,ERR,ERR,ERR,ERR,ERR,ERR,ERR,ERR,60.0,60.0,35,0.0,0.0,0.0,0.0,0.0,0.0,0.0,0.0,0.0,0.0,0.0,0.0,0.0,0.0,0.0,0.0,65.2,0,113,55,37,65476,0,300,0,0,8,20529,65476,0,0,2621,60.0,0.0,0.0,0.0,0.0,0.0
2026-07-09T15:11:50,ERR,ERR,ERR,ERR,ERR,ERR,ERR,ERR,ERR,ERR,ERR,ERR,ERR,ERR,ERR,ERR,ERR,ERR,ERR,ERR,ERR,ERR,ERR,ERR,ERR,ERR,ERR,ERR,ERR,ERR,ERR,ERR,ERR,ERR,ERR,ERR,ERR,ERR,ERR,ERR,ERR,ERR,ERR,ERR,ERR,ERR,ERR,ERR,ERR,ERR,ERR,ERR,ERR,ERR,ERR,ERR,ERR,ERR,ERR,ERR,ERR,ERR,ERR,ERR,ERR,ERR,ERR,ERR,ERR,ERR,ERR,ERR,ERR,ERR,ERR,ERR,ERR,ERR,ERR,ERR,ERR,ERR,ERR,ERR,ERR,ERR,ERR,ERR,ERR,ERR,ERR,ERR,ERR,ERR,ERR,ERR,ERR,ERR,ERR,ERR,ERR,ERR,ERR,ERR,ERR,ERR,ERR,ERR,ERR,ERR,ERR,ERR,ERR,ERR,ERR,ERR,ERR,ERR,ERR,ERR,ERR,ERR,ERR,ERR,ERR,0.0,0.0,-107614656.0,2.718366610185338e+23,-4.732808641555657e+21,-109699.234,494.559,-3.172316710737438e+32,0,0,4,17406,7116,0.0,100,0.0,0.0,2.718366610185338e+23,0.0,0.0,0,0,0,0,0.0,0,0,0,0,0,0,0,0,0,0,0,0,0,0,0,0,0,0,0,0,0,0,0,0,0,0,0,0,0,0,0,0,0,31,40,40,71,65476,0,300,0,0,8,21553,0.0,-107605600.0,0.0,0.0,0.0,0.0,0.0,0.0,0.0,0.0,0.0,0.0,0.0,0.0,0.0,0.0,0.0,0.0,0.0,0.0,0.0,0.0,2.004,0.0,0.0,0.0,0.0,0.0,0.0,0.0,4849.0,8608177152.0,6922.0,0.0,0.0,2.004,2.004,0.0,0.0,0.0,0.0,69,0.0,-0.0,0.0,0.0,0.0,0.0,0.0,0.0,0.0,0,0,0,0.0,0.0,0.0,0.0,0.0,0.0,0.0,0.0,0.0,0.0,0.0,0.0,0.0,0.0,0.0,0.0,0,-107875648.0,69,0.0,138,0.0,2.012,ERR,ERR,ERR,ERR,ERR,ERR,ERR,ERR,ERR,ERR,ERR,ERR,ERR,ERR,ERR,ERR,ERR,ERR,ERR,ERR,ERR,ERR,ERR,ERR,ERR,ERR,ERR,ERR,ERR,ERR,ERR,ERR,ERR,ERR,ERR,ERR,ERR,ERR,ERR,ERR,ERR,ERR,ERR,ERR,ERR,ERR,ERR,ERR,ERR,ERR,ERR,ERR,ERR,ERR,ERR,ERR,ERR,ERR,ERR,ERR,ERR,ERR,ERR,ERR,ERR,ERR,ERR,60.0,60.0,35,0.0,0.0,0.0,0.0,0.0,0.0,0.0,0.0,0.0,0.0,0.0,0.0,0.0,0.0,0.0,0.0,65.2,0,113,55,37,65476,0,300,0,0,8,20529,65476,0,0,2621,60.0,0.0,0.0,0.0,0.0,0.0
2026-07-09T15:11:51,ERR,ERR,ERR,ERR,ERR,ERR,ERR,ERR,ERR,ERR,ERR,ERR,ERR,ERR,ERR,ERR,ERR,ERR,ERR,ERR,ERR,ERR,ERR,ERR,ERR,ERR,ERR,ERR,ERR,ERR,ERR,ERR,ERR,ERR,ERR,ERR,ERR,ERR,ERR,ERR,ERR,ERR,ERR,ERR,ERR,ERR,ERR,ERR,ERR,ERR,ERR,ERR,ERR,ERR,ERR,ERR,ERR,ERR,ERR,ERR,ERR,ERR,ERR,ERR,ERR,ERR,ERR,ERR,ERR,ERR,ERR,ERR,ERR,ERR,ERR,ERR,ERR,ERR,ERR,ERR,ERR,ERR,ERR,ERR,ERR,ERR,ERR,ERR,ERR,ERR,ERR,ERR,ERR,ERR,ERR,ERR,ERR,ERR,ERR,ERR,ERR,ERR,ERR,ERR,ERR,ERR,ERR,ERR,ERR,ERR,ERR,ERR,ERR,ERR,ERR,ERR,ERR,ERR,ERR,ERR,ERR,ERR,ERR,ERR,ERR,0.0,0.0,-107614656.0,2.718366610185338e+23,-4.732808641555657e+21,-109699.234,494.559,-3.172316710737438e+32,0,0,4,17406,7116,0.0,100,0.0,0.0,2.718366610185338e+23,0.0,0.0,0,0,0,0,0.0,0,0,0,0,0,0,0,0,0,0,0,0,0,0,0,0,0,0,0,0,0,0,0,0,0,0,0,0,0,0,0,0,0,31,40,40,71,65476,0,300,0,0,8,21553,0.0,-107605600.0,0.0,0.0,0.0,0.0,0.0,0.0,0.0,0.0,0.0,0.0,0.0,0.0,0.0,0.0,0.0,0.0,0.0,0.0,0.0,0.0,2.004,0.0,0.0,0.0,0.0,0.0,0.0,0.0,4849.0,8608177152.0,6922.0,0.0,0.0,2.004,2.004,0.0,0.0,0.0,0.0,69,0.0,-0.0,0.0,0.0,0.0,0.0,0.0,0.0,0.0,0,0,0,0.0,0.0,0.0,0.0,0.0,0.0,0.0,0.0,0.0,0.0,0.0,0.0,0.0,0.0,0.0,0.0,0,-107875648.0,69,0.0,138,0.0,2.012,ERR,ERR,ERR,ERR,ERR,ERR,ERR,ERR,ERR,ERR,ERR,ERR,ERR,ERR,ERR,ERR,ERR,ERR,ERR,ERR,ERR,ERR,ERR,ERR,ERR,ERR,ERR,ERR,ERR,ERR,ERR,ERR,ERR,ERR,ERR,ERR,ERR,ERR,ERR,ERR,ERR,ERR,ERR,ERR,ERR,ERR,ERR,ERR,ERR,ERR,ERR,ERR,ERR,ERR,ERR,ERR,ERR,ERR,ERR,ERR,ERR,ERR,ERR,ERR,ERR,ERR,ERR,60.0,60.0,35,0.0,0.0,0.0,0.0,0.0,0.0,0.0,0.0,0.0,0.0,0.0,0.0,0.0,0.0,0.0,0.0,65.2,0,113,55,37,65476,0,300,0,0,8,20529,65476,0,0,2621,60.0,0.0,0.0,0.0,0.0,0.0
2026-07-09T15:11:52,ERR,ERR,ERR,ERR,ERR,ERR,ERR,ERR,ERR,ERR,ERR,ERR,ERR,ERR,ERR,ERR,ERR,ERR,ERR,ERR,ERR,ERR,ERR,ERR,ERR,ERR,ERR,ERR,ERR,ERR,ERR,ERR,ERR,ERR,ERR,ERR,ERR,ERR,ERR,ERR,ERR,ERR,ERR,ERR,ERR,ERR,ERR,ERR,ERR,ERR,ERR,ERR,ERR,ERR,ERR,ERR,ERR,ERR,ERR,ERR,ERR,ERR,ERR,ERR,ERR,ERR,ERR,ERR,ERR,ERR,ERR,ERR,ERR,ERR,ERR,ERR,ERR,ERR,ERR,ERR,ERR,ERR,ERR,ERR,ERR,ERR,ERR,ERR,ERR,ERR,ERR,ERR,ERR,ERR,ERR,ERR,ERR,ERR,ERR,ERR,ERR,ERR,ERR,ERR,ERR,ERR,ERR,ERR,ERR,ERR,ERR,ERR,ERR,ERR,ERR,ERR,ERR,ERR,ERR,ERR,ERR,ERR,ERR,ERR,ERR,0.0,0.0,-107614656.0,2.718366610185338e+23,-4.732808641555657e+21,-109699.234,494.559,-3.172316710737438e+32,0,0,4,17406,7116,0.0,100,0.0,0.0,2.718366610185338e+23,0.0,0.0,0,0,0,0,0.0,0,0,0,0,0,0,0,0,0,0,0,0,0,0,0,0,0,0,0,0,0,0,0,0,0,0,0,0,0,0,0,0,0,31,40,40,71,65476,0,300,0,0,8,21553,0.0,-107605600.0,0.0,0.0,0.0,0.0,0.0,0.0,0.0,0.0,0.0,0.0,0.0,0.0,0.0,0.0,0.0,0.0,0.0,0.0,0.0,0.0,2.004,0.0,0.0,0.0,0.0,0.0,0.0,0.0,4849.0,8608177152.0,6922.0,0.0,0.0,2.004,2.004,0.0,0.0,0.0,0.0,69,0.0,-0.0,0.0,0.0,0.0,0.0,0.0,0.0,0.0,0,0,0,0.0,0.0,0.0,0.0,0.0,0.0,0.0,0.0,0.0,0.0,0.0,0.0,0.0,0.0,0.0,0.0,0,-107875648.0,69,0.0,138,0.0,2.012,ERR,ERR,ERR,ERR,ERR,ERR,ERR,ERR,ERR,ERR,ERR,ERR,ERR,ERR,ERR,ERR,ERR,ERR,ERR,ERR,ERR,ERR,ERR,ERR,ERR,ERR,ERR,ERR,ERR,ERR,ERR,ERR,ERR,ERR,ERR,ERR,ERR,ERR,ERR,ERR,ERR,ERR,ERR,ERR,ERR,ERR,ERR,ERR,ERR,ERR,ERR,ERR,ERR,ERR,ERR,ERR,ERR,ERR,ERR,ERR,ERR,ERR,ERR,ERR,ERR,ERR,ERR,60.0,60.0,35,0.0,0.0,0.0,0.0,0.0,0.0,0.0,0.0,0.0,0.0,0.0,0.0,0.0,0.0,0.0,0.0,65.2,0,113,55,37,65476,0,300,0,0,8,20529,65476,0,0,2621,60.0,0.0,0.0,0.0,0.0,0.0
2026-07-09T15:11:53,ERR,ERR,ERR,ERR,ERR,ERR,ERR,ERR,ERR,ERR,ERR,ERR,ERR,ERR,ERR,ERR,ERR,ERR,ERR,ERR,ERR,ERR,ERR,ERR,ERR,ERR,ERR,ERR,ERR,ERR,ERR,ERR,ERR,ERR,ERR,ERR,ERR,ERR,ERR,ERR,ERR,ERR,ERR,ERR,ERR,ERR,ERR,ERR,ERR,ERR,ERR,ERR,ERR,ERR,ERR,ERR,ERR,ERR,ERR,ERR,ERR,ERR,ERR,ERR,ERR,ERR,ERR,ERR,ERR,ERR,ERR,ERR,ERR,ERR,ERR,ERR,ERR,ERR,ERR,ERR,ERR,ERR,ERR,ERR,ERR,ERR,ERR,ERR,ERR,ERR,ERR,ERR,ERR,ERR,ERR,ERR,ERR,ERR,ERR,ERR,ERR,ERR,ERR,ERR,ERR,ERR,ERR,ERR,ERR,ERR,ERR,ERR,ERR,ERR,ERR,ERR,ERR,ERR,ERR,ERR,ERR,ERR,ERR,ERR,ERR,0.0,2.718443891954944e+23,-0.0,-0.0,2.6510115549636664e+36,-3.6491422253811184e+20,4244631353032704.0,0.0,0,0,4,17407,7116,0.0,100,0.0,0.0,-0.0,0.0,0.0,0,0,0,0,0.0,0,0,0,0,0,0,0,0,0,0,0,0,0,0,0,0,0,0,0,0,0,0,0,0,0,0,0,0,0,0,0,0,0,31,40,40,71,65476,0,300,0,0,8,21553,0.0,-107605600.0,0.0,0.0,0.0,0.0,0.0,0.0,0.0,0.0,0.0,0.0,0.0,0.0,0.0,0.0,0.0,0.0,0.0,0.0,0.0,0.0,2.004,0.0,0.0,0.0,0.0,0.0,0.0,0.0,4840.0,8608177152.0,6922.0,0.0,2.718443891954944e+23,2.004,2.004,0.0,0.0,0.0,0.0,69,-152017481760768.0,-0.0,0.0,0.0,0.0,0.0,0.0,0.0,0.0,0,0,0,0.0,0.0,0.0,0.0,0.0,0.0,0.0,0.0,0.0,0.0,0.0,0.0,0.0,0.0,0.0,0.0,0,-107875648.0,69,0.0,138,0.0,2.012,ERR,ERR,ERR,ERR,ERR,ERR,ERR,ERR,ERR,ERR,ERR,ERR,ERR,ERR,ERR,ERR,ERR,ERR,ERR,ERR,ERR,ERR,ERR,ERR,ERR,ERR,ERR,ERR,ERR,ERR,ERR,ERR,ERR,ERR,ERR,ERR,ERR,ERR,ERR,ERR,ERR,ERR,ERR,ERR,ERR,ERR,ERR,ERR,ERR,ERR,ERR,ERR,ERR,ERR,ERR,ERR,ERR,ERR,ERR,ERR,ERR,ERR,ERR,ERR,ERR,ERR,ERR,60.0,60.0,35,0.0,0.0,0.0,0.0,0.0,0.0,0.0,0.0,0.0,0.0,0.0,0.0,0.0,0.0,0.0,0.0,65.2,0,113,55,37,65476,0,300,0,0,8,20529,65476,0,0,2621,60.0,0.0,0.0,0.0,0.0,0.0
2026-07-09T15:11:54,ERR,ERR,ERR,ERR,ERR,ERR,ERR,ERR,ERR,ERR,ERR,ERR,ERR,ERR,ERR,ERR,ERR,ERR,ERR,ERR,ERR,ERR,ERR,ERR,ERR,ERR,ERR,ERR,ERR,ERR,ERR,ERR,ERR,ERR,ERR,ERR,ERR,ERR,ERR,ERR,ERR,ERR,ERR,ERR,ERR,ERR,ERR,ERR,ERR,ERR,ERR,ERR,ERR,ERR,ERR,ERR,ERR,ERR,ERR,ERR,ERR,ERR,ERR,ERR,ERR,ERR,ERR,ERR,ERR,ERR,ERR,ERR,ERR,ERR,ERR,ERR,ERR,ERR,ERR,ERR,ERR,ERR,ERR,ERR,ERR,ERR,ERR,ERR,ERR,ERR,ERR,ERR,ERR,ERR,ERR,ERR,ERR,ERR,ERR,ERR,ERR,ERR,ERR,ERR,ERR,ERR,ERR,ERR,ERR,ERR,ERR,ERR,ERR,ERR,ERR,ERR,ERR,ERR,ERR,ERR,ERR,ERR,ERR,ERR,ERR,0.0,2.718443891954944e+23,-0.0,-0.0,2.6510115549636664e+36,-3.6491422253811184e+20,4244631353032704.0,0.0,0,0,4,17407,7116,0.0,100,0.0,0.0,-0.0,0.0,0.0,0,0,0,0,0.0,0,0,0,0,0,0,0,0,0,0,0,0,0,0,0,0,0,0,0,0,0,0,0,0,0,0,0,0,0,0,0,0,0,31,40,40,71,65476,0,300,0,0,8,21553,0.0,-107605600.0,0.0,0.0,0.0,0.0,0.0,0.0,0.0,0.0,0.0,0.0,0.0,0.0,0.0,0.0,0.0,0.0,0.0,0.0,0.0,0.0,2.004,0.0,0.0,0.0,0.0,0.0,0.0,0.0,4840.0,8608177152.0,6922.0,0.0,2.718443891954944e+23,2.004,2.004,0.0,0.0,0.0,0.0,69,-152017481760768.0,-0.0,0.0,0.0,0.0,0.0,0.0,0.0,0.0,0,0,0,0.0,0.0,0.0,0.0,0.0,0.0,0.0,0.0,0.0,0.0,0.0,0.0,0.0,0.0,0.0,0.0,0,-107875648.0,69,0.0,138,0.0,2.012,ERR,ERR,ERR,ERR,ERR,ERR,ERR,ERR,ERR,ERR,ERR,ERR,ERR,ERR,ERR,ERR,ERR,ERR,ERR,ERR,ERR,ERR,ERR,ERR,ERR,ERR,ERR,ERR,ERR,ERR,ERR,ERR,ERR,ERR,ERR,ERR,ERR,ERR,ERR,ERR,ERR,ERR,ERR,ERR,ERR,ERR,ERR,ERR,ERR,ERR,ERR,ERR,ERR,ERR,ERR,ERR,ERR,ERR,ERR,ERR,ERR,ERR,ERR,ERR,ERR,ERR,ERR,60.0,60.0,35,0.0,0.0,0.0,0.0,0.0,0.0,0.0,0.0,0.0,0.0,0.0,0.0,0.0,0.0,0.0,0.0,65.2,0,113,55,37,65476,0,300,0,0,8,20529,65476,0,0,2621,60.0,0.0,0.0,0.0,0.0,0.0
2026-07-09T15:11:55,ERR,ERR,ERR,ERR,ERR,ERR,ERR,ERR,ERR,ERR,ERR,ERR,ERR,ERR,ERR,ERR,ERR,ERR,ERR,ERR,ERR,ERR,ERR,ERR,ERR,ERR,ERR,ERR,ERR,ERR,ERR,ERR,ERR,ERR,ERR,ERR,ERR,ERR,ERR,ERR,ERR,ERR,ERR,ERR,ERR,ERR,ERR,ERR,ERR,ERR,ERR,ERR,ERR,ERR,ERR,ERR,ERR,ERR,ERR,ERR,ERR,ERR,ERR,ERR,ERR,ERR,ERR,ERR,ERR,ERR,ERR,ERR,ERR,ERR,ERR,ERR,ERR,ERR,ERR,ERR,ERR,ERR,ERR,ERR,ERR,ERR,ERR,ERR,ERR,ERR,ERR,ERR,ERR,ERR,ERR,ERR,ERR,ERR,ERR,ERR,ERR,ERR,ERR,ERR,ERR,ERR,ERR,ERR,ERR,ERR,ERR,ERR,ERR,ERR,ERR,ERR,ERR,ERR,ERR,ERR,ERR,ERR,ERR,ERR,ERR,0.0,2.718443891954944e+23,-0.0,-0.0,2.6510115549636664e+36,-3.6491422253811184e+20,4244631353032704.0,0.0,0,0,4,17407,7116,0.0,100,0.0,0.0,-0.0,0.0,0.0,0,0,0,0,0.0,0,0,0,0,0,0,0,0,0,0,0,0,0,0,0,0,0,0,0,0,0,0,0,0,0,0,0,0,0,0,0,0,0,31,40,40,71,65476,0,300,0,0,8,21553,0.0,-107605600.0,0.0,0.0,0.0,0.0,0.0,0.0,0.0,0.0,0.0,0.0,0.0,0.0,0.0,0.0,0.0,0.0,0.0,0.0,0.0,0.0,2.004,0.0,0.0,0.0,0.0,0.0,0.0,0.0,4840.0,8608177152.0,6922.0,0.0,2.718443891954944e+23,2.004,2.004,0.0,0.0,0.0,0.0,69,-152017481760768.0,-0.0,0.0,0.0,0.0,0.0,0.0,0.0,0.0,0,0,0,0.0,0.0,0.0,0.0,0.0,0.0,0.0,0.0,0.0,0.0,0.0,0.0,0.0,0.0,0.0,0.0,0,-107875648.0,69,0.0,138,0.0,2.012,ERR,ERR,ERR,ERR,ERR,ERR,ERR,ERR,ERR,ERR,ERR,ERR,ERR,ERR,ERR,ERR,ERR,ERR,ERR,ERR,ERR,ERR,ERR,ERR,ERR,ERR,ERR,ERR,ERR,ERR,ERR,ERR,ERR,ERR,ERR,ERR,ERR,ERR,ERR,ERR,ERR,ERR,ERR,ERR,ERR,ERR,ERR,ERR,ERR,ERR,ERR,ERR,ERR,ERR,ERR,ERR,ERR,ERR,ERR,ERR,ERR,ERR,ERR,ERR,ERR,ERR,ERR,60.0,60.0,35,0.0,0.0,0.0,0.0,0.0,0.0,0.0,0.0,0.0,0.0,0.0,0.0,0.0,0.0,0.0,0.0,65.2,0,113,55,37,65476,0,300,0,0,8,20529,65476,0,0,2621,60.0,0.0,0.0,0.0,0.0,0.0
2026-07-09T15:11:56,ERR,ERR,ERR,ERR,ERR,ERR,ERR,ERR,ERR,ERR,ERR,ERR,ERR,ERR,ERR,ERR,ERR,ERR,ERR,ERR,ERR,ERR,ERR,ERR,ERR,ERR,ERR,ERR,ERR,ERR,ERR,ERR,ERR,ERR,ERR,ERR,ERR,ERR,ERR,ERR,ERR,ERR,ERR,ERR,ERR,ERR,ERR,ERR,ERR,ERR,ERR,ERR,ERR,ERR,ERR,ERR,ERR,ERR,ERR,ERR,ERR,ERR,ERR,ERR,ERR,ERR,ERR,ERR,ERR,ERR,ERR,ERR,ERR,ERR,ERR,ERR,ERR,ERR,ERR,ERR,ERR,ERR,ERR,ERR,ERR,ERR,ERR,ERR,ERR,ERR,ERR,ERR,ERR,ERR,ERR,ERR,ERR,ERR,ERR,ERR,ERR,ERR,ERR,ERR,ERR,ERR,ERR,ERR,ERR,ERR,ERR,ERR,ERR,ERR,ERR,ERR,ERR,ERR,ERR,ERR,ERR,ERR,ERR,ERR,ERR,0.0,2.718443891954944e+23,-0.0,-0.0,2.6510115549636664e+36,-3.6491422253811184e+20,4244631353032704.0,0.0,0,0,4,17407,7116,0.0,100,0.0,0.0,-0.0,0.0,0.0,0,0,0,0,0.0,0,0,0,0,0,0,0,0,0,0,0,0,0,0,0,0,0,0,0,0,0,0,0,0,0,0,0,0,0,0,0,0,0,31,40,40,71,65476,0,300,0,0,8,21553,0.0,-107605600.0,0.0,0.0,0.0,0.0,0.0,0.0,0.0,0.0,0.0,0.0,0.0,0.0,0.0,0.0,0.0,0.0,0.0,0.0,0.0,0.0,2.004,0.0,0.0,0.0,0.0,0.0,0.0,0.0,4840.0,8608177152.0,6922.0,0.0,2.718443891954944e+23,2.004,2.004,0.0,0.0,0.0,0.0,69,-152017481760768.0,-0.0,0.0,0.0,0.0,0.0,0.0,0.0,0.0,0,0,0,0.0,0.0,0.0,0.0,0.0,0.0,0.0,0.0,0.0,0.0,0.0,0.0,0.0,0.0,0.0,0.0,0,-107875648.0,69,0.0,138,0.0,2.012,ERR,ERR,ERR,ERR,ERR,ERR,ERR,ERR,ERR,ERR,ERR,ERR,ERR,ERR,ERR,ERR,ERR,ERR,ERR,ERR,ERR,ERR,ERR,ERR,ERR,ERR,ERR,ERR,ERR,ERR,ERR,ERR,ERR,ERR,ERR,ERR,ERR,ERR,ERR,ERR,ERR,ERR,ERR,ERR,ERR,ERR,ERR,ERR,ERR,ERR,ERR,ERR,ERR,ERR,ERR,ERR,ERR,ERR,ERR,ERR,ERR,ERR,ERR,ERR,ERR,ERR,ERR,60.0,60.0,35,0.0,0.0,0.0,0.0,0.0,0.0,0.0,0.0,0.0,0.0,0.0,0.0,0.0,0.0,0.0,0.0,65.6,0,113,55,37,65476,0,300,0,0,8,20529,65476,0,0,2621,60.0,0.0,0.0,0.0,0.0,0.0
2026-07-09T15:11:57,ERR,ERR,ERR,ERR,ERR,ERR,ERR,ERR,ERR,ERR,ERR,ERR,ERR,ERR,ERR,ERR,ERR,ERR,ERR,ERR,ERR,ERR,ERR,ERR,ERR,ERR,ERR,ERR,ERR,ERR,ERR,ERR,ERR,ERR,ERR,ERR,ERR,ERR,ERR,ERR,ERR,ERR,ERR,ERR,ERR,ERR,ERR,ERR,ERR,ERR,ERR,ERR,ERR,ERR,ERR,ERR,ERR,ERR,ERR,ERR,ERR,ERR,ERR,ERR,ERR,ERR,ERR,ERR,ERR,ERR,ERR,ERR,ERR,ERR,ERR,ERR,ERR,ERR,ERR,ERR,ERR,ERR,ERR,ERR,ERR,ERR,ERR,ERR,ERR,ERR,ERR,ERR,ERR,ERR,ERR,ERR,ERR,ERR,ERR,ERR,ERR,ERR,ERR,ERR,ERR,ERR,ERR,ERR,ERR,ERR,ERR,ERR,ERR,ERR,ERR,ERR,ERR,ERR,ERR,ERR,ERR,ERR,ERR,ERR,ERR,0.0,2.718443891954944e+23,-0.0,-0.0,2.6510115549636664e+36,-3.6491422253811184e+20,4244631353032704.0,0.0,0,0,4,17407,7116,0.0,100,0.0,0.0,-0.0,0.0,0.0,0,0,0,0,0.0,0,0,0,0,0,0,0,0,0,0,0,0,0,0,0,0,0,0,0,0,0,0,0,0,0,0,0,0,0,0,0,0,0,31,40,40,71,65476,0,300,0,0,8,21553,0.0,-107605600.0,0.0,0.0,0.0,0.0,0.0,0.0,0.0,0.0,0.0,0.0,0.0,0.0,0.0,0.0,0.0,0.0,0.0,0.0,0.0,0.0,2.004,0.0,0.0,0.0,0.0,0.0,0.0,0.0,4840.0,8608177152.0,6922.0,0.0,2.718443891954944e+23,2.004,2.004,0.0,0.0,0.0,0.0,69,-152017481760768.0,-0.0,0.0,0.0,0.0,0.0,0.0,0.0,0.0,0,0,0,0.0,0.0,0.0,0.0,0.0,0.0,0.0,0.0,0.0,0.0,0.0,0.0,0.0,0.0,0.0,0.0,0,-107875648.0,69,0.0,138,0.0,2.012,ERR,ERR,ERR,ERR,ERR,ERR,ERR,ERR,ERR,ERR,ERR,ERR,ERR,ERR,ERR,ERR,ERR,ERR,ERR,ERR,ERR,ERR,ERR,ERR,ERR,ERR,ERR,ERR,ERR,ERR,ERR,ERR,ERR,ERR,ERR,ERR,ERR,ERR,ERR,ERR,ERR,ERR,ERR,ERR,ERR,ERR,ERR,ERR,ERR,ERR,ERR,ERR,ERR,ERR,ERR,ERR,ERR,ERR,ERR,ERR,ERR,ERR,ERR,ERR,ERR,ERR,ERR,60.0,60.0,35,0.0,0.0,0.0,0.0,0.0,0.0,0.0,0.0,0.0,0.0,0.0,0.0,0.0,0.0,0.0,0.0,65.6,0,113,55,37,65476,0,300,0,0,8,20529,65476,0,0,2621,60.0,0.0,0.0,0.0,0.0,0.0
2026-07-09T15:11:58,ERR,ERR,ERR,ERR,ERR,ERR,ERR,ERR,ERR,ERR,ERR,ERR,ERR,ERR,ERR,ERR,ERR,ERR,ERR,ERR,ERR,ERR,ERR,ERR,ERR,ERR,ERR,ERR,ERR,ERR,ERR,ERR,ERR,ERR,ERR,ERR,ERR,ERR,ERR,ERR,ERR,ERR,ERR,ERR,ERR,ERR,ERR,ERR,ERR,ERR,ERR,ERR,ERR,ERR,ERR,ERR,ERR,ERR,ERR,ERR,ERR,ERR,ERR,ERR,ERR,ERR,ERR,ERR,ERR,ERR,ERR,ERR,ERR,ERR,ERR,ERR,ERR,ERR,ERR,ERR,ERR,ERR,ERR,ERR,ERR,ERR,ERR,ERR,ERR,ERR,ERR,ERR,ERR,ERR,ERR,ERR,ERR,ERR,ERR,ERR,ERR,ERR,ERR,ERR,ERR,ERR,ERR,ERR,ERR,ERR,ERR,ERR,ERR,ERR,ERR,ERR,ERR,ERR,ERR,ERR,ERR,ERR,ERR,ERR,ERR,0.0,-0.0,0.0,2.718366610185338e+23,4.0143322213600954e+36,-3.499410984798257e+18,0.0,-3.4768028816835084e+19,0,0,4,17408,7116,0.0,100,0.0,0.0,2.718366610185338e+23,0.0,0.0,0,0,0,0,0.0,0,0,0,0,0,0,0,0,0,0,0,0,0,0,0,0,0,0,0,0,0,0,0,0,0,0,0,0,0,0,0,0,0,31,40,40,71,65476,0,300,0,0,8,21553,0.0,-107605600.0,0.0,0.0,0.0,0.0,0.0,0.0,0.0,0.0,0.0,0.0,0.0,0.0,0.0,0.0,0.0,0.0,0.0,0.0,0.0,0.0,2.004,2.004,0.0,0.0,0.0,0.0,0.0,0.0,4837.0,-0.0,6929.0,0.0,-0.0,2.004,2.004,0.0,0.0,0.0,0.0,69,-0.0,-4.9503988099545695e+32,0.0,0.0,0.0,0.0,0.0,0.0,0.0,0,0,0,0.0,0.0,0.0,0.0,0.0,0.0,0.0,0.0,0.0,0.0,0.0,0.0,0.0,0.0,0.0,0.0,0,-107875648.0,69,0.0,138,0.0,2.012,ERR,ERR,ERR,ERR,ERR,ERR,ERR,ERR,ERR,ERR,ERR,ERR,ERR,ERR,ERR,ERR,ERR,ERR,ERR,ERR,ERR,ERR,ERR,ERR,ERR,ERR,ERR,ERR,ERR,ERR,ERR,ERR,ERR,ERR,ERR,ERR,ERR,ERR,ERR,ERR,ERR,ERR,ERR,ERR,ERR,ERR,ERR,ERR,ERR,ERR,ERR,ERR,ERR,ERR,ERR,ERR,ERR,ERR,ERR,ERR,ERR,ERR,ERR,ERR,ERR,ERR,ERR,60.0,60.0,35,0.0,0.0,0.0,0.0,0.0,0.0,0.0,0.0,0.0,0.0,0.0,0.0,0.0,0.0,0.0,0.0,65.6,0,113,55,37,65476,0,300,0,0,8,20529,65476,0,0,2621,60.0,0.0,0.0,0.0,0.0,0.0
2026-07-09T15:11:59,ERR,ERR,ERR,ERR,ERR,ERR,ERR,ERR,ERR,ERR,ERR,ERR,ERR,ERR,ERR,ERR,ERR,ERR,ERR,ERR,ERR,ERR,ERR,ERR,ERR,ERR,ERR,ERR,ERR,ERR,ERR,ERR,ERR,ERR,ERR,ERR,ERR,ERR,ERR,ERR,ERR,ERR,ERR,ERR,ERR,ERR,ERR,ERR,ERR,ERR,ERR,ERR,ERR,ERR,ERR,ERR,ERR,ERR,ERR,ERR,ERR,ERR,ERR,ERR,ERR,ERR,ERR,ERR,ERR,ERR,ERR,ERR,ERR,ERR,ERR,ERR,ERR,ERR,ERR,ERR,ERR,ERR,ERR,ERR,ERR,ERR,ERR,ERR,ERR,ERR,ERR,ERR,ERR,ERR,ERR,ERR,ERR,ERR,ERR,ERR,ERR,ERR,ERR,ERR,ERR,ERR,ERR,ERR,ERR,ERR,ERR,ERR,ERR,ERR,ERR,ERR,ERR,ERR,ERR,ERR,ERR,ERR,ERR,ERR,ERR,0.0,-0.0,0.0,2.718366610185338e+23,4.0143322213600954e+36,-3.499410984798257e+18,0.0,-3.4768028816835084e+19,0,0,4,17408,7116,0.0,100,0.0,0.0,2.718366610185338e+23,0.0,0.0,0,0,0,0,0.0,0,0,0,0,0,0,0,0,0,0,0,0,0,0,0,0,0,0,0,0,0,0,0,0,0,0,0,0,0,0,0,0,0,31,40,40,71,65476,0,300,0,0,8,21553,0.0,-107605600.0,0.0,0.0,0.0,0.0,0.0,0.0,0.0,0.0,0.0,0.0,0.0,0.0,0.0,0.0,0.0,0.0,0.0,0.0,0.0,0.0,2.004,2.004,0.0,0.0,0.0,0.0,0.0,0.0,4837.0,-0.0,6929.0,0.0,-0.0,2.004,2.004,0.0,0.0,0.0,0.0,69,-0.0,-4.9503988099545695e+32,0.0,0.0,0.0,0.0,0.0,0.0,0.0,0,0,0,0.0,0.0,0.0,0.0,0.0,0.0,0.0,0.0,0.0,0.0,0.0,0.0,0.0,0.0,0.0,0.0,0,-107875648.0,69,0.0,138,0.0,2.012,ERR,ERR,ERR,ERR,ERR,ERR,ERR,ERR,ERR,ERR,ERR,ERR,ERR,ERR,ERR,ERR,ERR,ERR,ERR,ERR,ERR,ERR,ERR,ERR,ERR,ERR,ERR,ERR,ERR,ERR,ERR,ERR,ERR,ERR,ERR,ERR,ERR,ERR,ERR,ERR,ERR,ERR,ERR,ERR,ERR,ERR,ERR,ERR,ERR,ERR,ERR,ERR,ERR,ERR,ERR,ERR,ERR,ERR,ERR,ERR,ERR,ERR,ERR,ERR,ERR,ERR,ERR,60.0,60.0,35,0.0,0.0,0.0,0.0,0.0,0.0,0.0,0.0,0.0,0.0,0.0,0.0,0.0,0.0,0.0,0.0,65.6,0,113,55,37,65476,0,300,0,0,8,20529,65476,0,0,2621,60.0,0.0,0.0,0.0,0.0,0.0
2026-07-09T15:12:00,ERR,ERR,ERR,ERR,ERR,ERR,ERR,ERR,ERR,ERR,ERR,ERR,ERR,ERR,ERR,ERR,ERR,ERR,ERR,ERR,ERR,ERR,ERR,ERR,ERR,ERR,ERR,ERR,ERR,ERR,ERR,ERR,ERR,ERR,ERR,ERR,ERR,ERR,ERR,ERR,ERR,ERR,ERR,ERR,ERR,ERR,ERR,ERR,ERR,ERR,ERR,ERR,ERR,ERR,ERR,ERR,ERR,ERR,ERR,ERR,ERR,ERR,ERR,ERR,ERR,ERR,ERR,ERR,ERR,ERR,ERR,ERR,ERR,ERR,ERR,ERR,ERR,ERR,ERR,ERR,ERR,ERR,ERR,ERR,ERR,ERR,ERR,ERR,ERR,ERR,ERR,ERR,ERR,ERR,ERR,ERR,ERR,ERR,ERR,ERR,ERR,ERR,ERR,ERR,ERR,ERR,ERR,ERR,ERR,ERR,ERR,ERR,ERR,ERR,ERR,ERR,ERR,ERR,ERR,ERR,ERR,ERR,ERR,ERR,ERR,0.0,-0.0,0.0,2.718366610185338e+23,4.0143322213600954e+36,-3.499410984798257e+18,0.0,-3.4768028816835084e+19,0,0,4,17408,7116,0.0,100,0.0,0.0,2.718366610185338e+23,0.0,0.0,0,0,0,0,0.0,0,0,0,0,0,0,0,0,0,0,0,0,0,0,0,0,0,0,0,0,0,0,0,0,0,0,0,0,0,0,0,0,0,31,40,40,71,65476,0,300,0,0,8,21553,0.0,-107605600.0,0.0,0.0,0.0,0.0,0.0,0.0,0.0,0.0,0.0,0.0,0.0,0.0,0.0,0.0,0.0,0.0,0.0,0.0,0.0,0.0,2.004,2.004,0.0,0.0,0.0,0.0,0.0,0.0,4837.0,-0.0,6929.0,0.0,-0.0,2.004,2.004,0.0,0.0,0.0,0.0,69,-0.0,-4.9503988099545695e+32,0.0,0.0,0.0,0.0,0.0,0.0,0.0,0,0,0,0.0,0.0,0.0,0.0,0.0,0.0,0.0,0.0,0.0,0.0,0.0,0.0,0.0,0.0,0.0,0.0,0,-107875648.0,69,0.0,138,0.0,2.012,ERR,ERR,ERR,ERR,ERR,ERR,ERR,ERR,ERR,ERR,ERR,ERR,ERR,ERR,ERR,ERR,ERR,ERR,ERR,ERR,ERR,ERR,ERR,ERR,ERR,ERR,ERR,ERR,ERR,ERR,ERR,ERR,ERR,ERR,ERR,ERR,ERR,ERR,ERR,ERR,ERR,ERR,ERR,ERR,ERR,ERR,ERR,ERR,ERR,ERR,ERR,ERR,ERR,ERR,ERR,ERR,ERR,ERR,ERR,ERR,ERR,ERR,ERR,ERR,ERR,ERR,ERR,60.0,60.0,35,0.0,0.0,0.0,0.0,0.0,0.0,0.0,0.0,0.0,0.0,0.0,0.0,0.0,0.0,0.0,0.0,65.2,0,113,55,37,65476,0,300,0,0,8,20529,65476,0,0,2621,60.0,0.0,0.0,0.0,0.0,0.0
2026-07-09T15:12:01,ERR,ERR,ERR,ERR,ERR,ERR,ERR,ERR,ERR,ERR,ERR,ERR,ERR,ERR,ERR,ERR,ERR,ERR,ERR,ERR,ERR,ERR,ERR,ERR,ERR,ERR,ERR,ERR,ERR,ERR,ERR,ERR,ERR,ERR,ERR,ERR,ERR,ERR,ERR,ERR,ERR,ERR,ERR,ERR,ERR,ERR,ERR,ERR,ERR,ERR,ERR,ERR,ERR,ERR,ERR,ERR,ERR,ERR,ERR,ERR,ERR,ERR,ERR,ERR,ERR,ERR,ERR,ERR,ERR,ERR,ERR,ERR,ERR,ERR,ERR,ERR,ERR,ERR,ERR,ERR,ERR,ERR,ERR,ERR,ERR,ERR,ERR,ERR,ERR,ERR,ERR,ERR,ERR,ERR,ERR,ERR,ERR,ERR,ERR,ERR,ERR,ERR,ERR,ERR,ERR,ERR,ERR,ERR,ERR,ERR,ERR,ERR,ERR,ERR,ERR,ERR,ERR,ERR,ERR,ERR,ERR,ERR,ERR,ERR,ERR,0.0,-0.0,0.0,2.718366610185338e+23,4.0143322213600954e+36,-3.499410984798257e+18,0.0,-3.4768028816835084e+19,0,0,4,17408,7116,0.0,100,0.0,0.0,2.718366610185338e+23,0.0,0.0,0,0,0,0,0.0,0,0,0,0,0,0,0,0,0,0,0,0,0,0,0,0,0,0,0,0,0,0,0,0,0,0,0,0,0,0,0,0,0,31,40,40,71,65476,0,300,0,0,8,21553,0.0,-107605600.0,0.0,0.0,0.0,0.0,0.0,0.0,0.0,0.0,0.0,0.0,0.0,0.0,0.0,0.0,0.0,0.0,0.0,0.0,0.0,0.0,2.004,2.004,0.0,0.0,0.0,0.0,0.0,0.0,4837.0,-0.0,6929.0,0.0,-0.0,2.004,2.004,0.0,0.0,0.0,0.0,69,-0.0,-4.9503988099545695e+32,0.0,0.0,0.0,0.0,0.0,0.0,0.0,0,0,0,0.0,0.0,0.0,0.0,0.0,0.0,0.0,0.0,0.0,0.0,0.0,0.0,0.0,0.0,0.0,0.0,0,-107875648.0,69,0.0,138,0.0,2.012,ERR,ERR,ERR,ERR,ERR,ERR,ERR,ERR,ERR,ERR,ERR,ERR,ERR,ERR,ERR,ERR,ERR,ERR,ERR,ERR,ERR,ERR,ERR,ERR,ERR,ERR,ERR,ERR,ERR,ERR,ERR,ERR,ERR,ERR,ERR,ERR,ERR,ERR,ERR,ERR,ERR,ERR,ERR,ERR,ERR,ERR,ERR,ERR,ERR,ERR,ERR,ERR,ERR,ERR,ERR,ERR,ERR,ERR,ERR,ERR,ERR,ERR,ERR,ERR,ERR,ERR,ERR,60.0,60.0,35,0.0,0.0,0.0,0.0,0.0,0.0,0.0,0.0,0.0,0.0,0.0,0.0,0.0,0.0,0.0,0.0,65.2,0,113,55,37,65476,0,300,0,0,8,20529,65476,0,0,2621,60.0,0.0,0.0,0.0,0.0,0.0
2026-07-09T15:12:02,ERR,ERR,ERR,ERR,ERR,ERR,ERR,ERR,ERR,ERR,ERR,ERR,ERR,ERR,ERR,ERR,ERR,ERR,ERR,ERR,ERR,ERR,ERR,ERR,ERR,ERR,ERR,ERR,ERR,ERR,ERR,ERR,ERR,ERR,ERR,ERR,ERR,ERR,ERR,ERR,ERR,ERR,ERR,ERR,ERR,ERR,ERR,ERR,ERR,ERR,ERR,ERR,ERR,ERR,ERR,ERR,ERR,ERR,ERR,ERR,ERR,ERR,ERR,ERR,ERR,ERR,ERR,ERR,ERR,ERR,ERR,ERR,ERR,ERR,ERR,ERR,ERR,ERR,ERR,ERR,ERR,ERR,ERR,ERR,ERR,ERR,ERR,ERR,ERR,ERR,ERR,ERR,ERR,ERR,ERR,ERR,ERR,ERR,ERR,ERR,ERR,ERR,ERR,ERR,ERR,ERR,ERR,ERR,ERR,ERR,ERR,ERR,ERR,ERR,ERR,ERR,ERR,ERR,ERR,ERR,ERR,ERR,ERR,ERR,ERR,0.0,-0.0,0.0,2.718366610185338e+23,4.0143322213600954e+36,-3.499410984798257e+18,0.0,-3.4768028816835084e+19,0,0,4,17408,7116,0.0,100,0.0,0.0,2.718366610185338e+23,0.0,0.0,0,0,0,0,0.0,0,0,0,0,0,0,0,0,0,0,0,0,0,0,0,0,0,0,0,0,0,0,0,0,0,0,0,0,0,0,0,0,0,31,40,40,71,65476,0,300,0,0,8,21553,0.0,-107605600.0,0.0,0.0,0.0,0.0,0.0,0.0,0.0,0.0,0.0,0.0,0.0,0.0,0.0,0.0,0.0,0.0,0.0,0.0,0.0,0.0,2.004,2.004,0.0,0.0,0.0,0.0,0.0,0.0,4837.0,-0.0,6929.0,0.0,-0.0,2.004,2.004,0.0,0.0,0.0,0.0,69,-0.0,-4.9503988099545695e+32,0.0,0.0,0.0,0.0,0.0,0.0,0.0,0,0,0,0.0,0.0,0.0,0.0,0.0,0.0,0.0,0.0,0.0,0.0,0.0,0.0,0.0,0.0,0.0,0.0,0,-107875648.0,69,0.0,138,0.0,2.012,ERR,ERR,ERR,ERR,ERR,ERR,ERR,ERR,ERR,ERR,ERR,ERR,ERR,ERR,ERR,ERR,ERR,ERR,ERR,ERR,ERR,ERR,ERR,ERR,ERR,ERR,ERR,ERR,ERR,ERR,ERR,ERR,ERR,ERR,ERR,ERR,ERR,ERR,ERR,ERR,ERR,ERR,ERR,ERR,ERR,ERR,ERR,ERR,ERR,ERR,ERR,ERR,ERR,ERR,ERR,ERR,ERR,ERR,ERR,ERR,ERR,ERR,ERR,ERR,ERR,ERR,ERR,60.0,60.0,35,0.0,0.0,0.0,0.0,0.0,0.0,0.0,0.0,0.0,0.0,0.0,0.0,0.0,0.0,0.0,0.0,65.2,0,113,55,37,65476,0,300,0,0,8,20529,65476,0,0,2621,60.0,0.0,0.0,0.0,0.0,0.0
2026-07-09T15:12:03,ERR,ERR,ERR,ERR,ERR,ERR,ERR,ERR,ERR,ERR,ERR,ERR,ERR,ERR,ERR,ERR,ERR,ERR,ERR,ERR,ERR,ERR,ERR,ERR,ERR,ERR,ERR,ERR,ERR,ERR,ERR,ERR,ERR,ERR,ERR,ERR,ERR,ERR,ERR,ERR,ERR,ERR,ERR,ERR,ERR,ERR,ERR,ERR,ERR,ERR,ERR,ERR,ERR,ERR,ERR,ERR,ERR,ERR,ERR,ERR,ERR,ERR,ERR,ERR,ERR,ERR,ERR,ERR,ERR,ERR,ERR,ERR,ERR,ERR,ERR,ERR,ERR,ERR,ERR,ERR,ERR,ERR,ERR,ERR,ERR,ERR,ERR,ERR,ERR,ERR,ERR,ERR,ERR,ERR,ERR,ERR,ERR,ERR,ERR,ERR,ERR,ERR,ERR,ERR,ERR,ERR,ERR,ERR,ERR,ERR,ERR,ERR,ERR,ERR,ERR,ERR,ERR,ERR,ERR,ERR,ERR,ERR,ERR,ERR,ERR,0.0,-107615960.0,2.7302208049805177e+23,2.718366610185338e+23,0.0,1.1352227503274586e+30,-1.273563556452994e+36,-10.328,0,0,4,17408,7116,0.0,100,0.0,0.0,0.0,0.0,0.0,0,0,0,0,0.0,0,0,0,0,0,0,0,0,0,0,0,0,0,0,0,0,0,0,0,0,0,0,0,0,0,0,0,0,0,0,0,0,0,31,40,40,71,65476,0,300,0,0,8,21553,0.0,-107605600.0,0.0,0.0,0.0,0.0,0.0,0.0,0.0,0.0,0.0,0.0,0.0,0.0,0.0,0.0,0.0,0.0,0.0,0.0,0.0,0.0,2.004,3.697065187345642e+19,0.0,0.0,0.0,0.0,0.0,0.0,4856.0,1.5879284086409797e+29,6926.0,0.0,-107615960.0,2.004,2.004,0.0,0.0,0.0,0.0,69,0.0,0.0,0.0,0.0,0.0,0.0,0.0,0.0,0.0,0,0,0,0.0,0.0,0.0,0.0,0.0,0.0,0.0,0.0,0.0,0.0,0.0,0.0,0.0,0.0,0.0,0.0,0,-107875648.0,69,0.0,138,0.0,2.012,ERR,ERR,ERR,ERR,ERR,ERR,ERR,ERR,ERR,ERR,ERR,ERR,ERR,ERR,ERR,ERR,ERR,ERR,ERR,ERR,ERR,ERR,ERR,ERR,ERR,ERR,ERR,ERR,ERR,ERR,ERR,ERR,ERR,ERR,ERR,ERR,ERR,ERR,ERR,ERR,ERR,ERR,ERR,ERR,ERR,ERR,ERR,ERR,ERR,ERR,ERR,ERR,ERR,ERR,ERR,ERR,ERR,ERR,ERR,ERR,ERR,ERR,ERR,ERR,ERR,ERR,ERR,60.0,60.0,35,0.0,0.0,0.0,0.0,0.0,0.0,0.0,0.0,0.0,0.0,0.0,0.0,0.0,0.0,0.0,0.0,65.2,0,113,55,37,65476,0,300,0,0,8,20529,65476,0,0,2621,60.0,0.0,0.0,0.0,0.0,0.0
2026-07-09T15:12:04,ERR,ERR,ERR,ERR,ERR,ERR,ERR,ERR,ERR,ERR,ERR,ERR,ERR,ERR,ERR,ERR,ERR,ERR,ERR,ERR,ERR,ERR,ERR,ERR,ERR,ERR,ERR,ERR,ERR,ERR,ERR,ERR,ERR,ERR,ERR,ERR,ERR,ERR,ERR,ERR,ERR,ERR,ERR,ERR,ERR,ERR,ERR,ERR,ERR,ERR,ERR,ERR,ERR,ERR,ERR,ERR,ERR,ERR,ERR,ERR,ERR,ERR,ERR,ERR,ERR,ERR,ERR,ERR,ERR,ERR,ERR,ERR,ERR,ERR,ERR,ERR,ERR,ERR,ERR,ERR,ERR,ERR,ERR,ERR,ERR,ERR,ERR,ERR,ERR,ERR,ERR,ERR,ERR,ERR,ERR,ERR,ERR,ERR,ERR,ERR,ERR,ERR,ERR,ERR,ERR,ERR,ERR,ERR,ERR,ERR,ERR,ERR,ERR,ERR,ERR,ERR,ERR,ERR,ERR,ERR,ERR,ERR,ERR,ERR,ERR,0.0,-107615960.0,2.7302208049805177e+23,2.718366610185338e+23,0.0,1.1352227503274586e+30,-1.273563556452994e+36,-10.328,0,0,4,17408,7116,0.0,100,0.0,0.0,0.0,0.0,0.0,0,0,0,0,0.0,0,0,0,0,0,0,0,0,0,0,0,0,0,0,0,0,0,0,0,0,0,0,0,0,0,0,0,0,0,0,0,0,0,31,40,40,71,65476,0,300,0,0,8,21553,0.0,-107605600.0,0.0,0.0,0.0,0.0,0.0,0.0,0.0,0.0,0.0,0.0,0.0,0.0,0.0,0.0,0.0,0.0,0.0,0.0,0.0,0.0,2.004,3.697065187345642e+19,0.0,0.0,0.0,0.0,0.0,0.0,4856.0,1.5879284086409797e+29,6926.0,0.0,-107615960.0,2.004,2.004,0.0,0.0,0.0,0.0,69,0.0,0.0,0.0,0.0,0.0,0.0,0.0,0.0,0.0,0,0,0,0.0,0.0,0.0,0.0,0.0,0.0,0.0,0.0,0.0,0.0,0.0,0.0,0.0,0.0,0.0,0.0,0,-107875648.0,69,0.0,138,0.0,2.012,ERR,ERR,ERR,ERR,ERR,ERR,ERR,ERR,ERR,ERR,ERR,ERR,ERR,ERR,ERR,ERR,ERR,ERR,ERR,ERR,ERR,ERR,ERR,ERR,ERR,ERR,ERR,ERR,ERR,ERR,ERR,ERR,ERR,ERR,ERR,ERR,ERR,ERR,ERR,ERR,ERR,ERR,ERR,ERR,ERR,ERR,ERR,ERR,ERR,ERR,ERR,ERR,ERR,ERR,ERR,ERR,ERR,ERR,ERR,ERR,ERR,ERR,ERR,ERR,ERR,ERR,ERR,60.0,60.0,35,0.0,0.0,0.0,0.0,0.0,0.0,0.0,0.0,0.0,0.0,0.0,0.0,0.0,0.0,0.0,0.0,65.2,0,113,55,37,65476,0,300,0,0,8,20529,65476,0,0,2621,60.0,0.0,0.0,0.0,0.0,0.0
2026-07-09T15:12:05,ERR,ERR,ERR,ERR,ERR,ERR,ERR,ERR,ERR,ERR,ERR,ERR,ERR,ERR,ERR,ERR,ERR,ERR,ERR,ERR,ERR,ERR,ERR,ERR,ERR,ERR,ERR,ERR,ERR,ERR,ERR,ERR,ERR,ERR,ERR,ERR,ERR,ERR,ERR,ERR,ERR,ERR,ERR,ERR,ERR,ERR,ERR,ERR,ERR,ERR,ERR,ERR,ERR,ERR,ERR,ERR,ERR,ERR,ERR,ERR,ERR,ERR,ERR,ERR,ERR,ERR,ERR,ERR,ERR,ERR,ERR,ERR,ERR,ERR,ERR,ERR,ERR,ERR,ERR,ERR,ERR,ERR,ERR,ERR,ERR,ERR,ERR,ERR,ERR,ERR,ERR,ERR,ERR,ERR,ERR,ERR,ERR,ERR,ERR,ERR,ERR,ERR,ERR,ERR,ERR,ERR,ERR,ERR,ERR,ERR,ERR,ERR,ERR,ERR,ERR,ERR,ERR,ERR,ERR,ERR,ERR,ERR,ERR,ERR,ERR,0.0,-107615960.0,2.7302208049805177e+23,2.718366610185338e+23,0.0,1.1352227503274586e+30,-1.273563556452994e+36,-10.328,0,0,4,17408,7116,0.0,100,0.0,0.0,0.0,0.0,0.0,0,0,0,0,0.0,0,0,0,0,0,0,0,0,0,0,0,0,0,0,0,0,0,0,0,0,0,0,0,0,0,0,0,0,0,0,0,0,0,31,40,40,71,65476,0,300,0,0,8,21553,0.0,-107605600.0,0.0,0.0,0.0,0.0,0.0,0.0,0.0,0.0,0.0,0.0,0.0,0.0,0.0,0.0,0.0,0.0,0.0,0.0,0.0,0.0,2.004,3.697065187345642e+19,0.0,0.0,0.0,0.0,0.0,0.0,4856.0,1.5879284086409797e+29,6926.0,0.0,-107615960.0,2.004,2.004,0.0,0.0,0.0,0.0,69,0.0,0.0,0.0,0.0,0.0,0.0,0.0,0.0,0.0,0,0,0,0.0,0.0,0.0,0.0,0.0,0.0,0.0,0.0,0.0,0.0,0.0,0.0,0.0,0.0,0.0,0.0,0,-107875648.0,69,0.0,138,0.0,2.012,ERR,ERR,ERR,ERR,ERR,ERR,ERR,ERR,ERR,ERR,ERR,ERR,ERR,ERR,ERR,ERR,ERR,ERR,ERR,ERR,ERR,ERR,ERR,ERR,ERR,ERR,ERR,ERR,ERR,ERR,ERR,ERR,ERR,ERR,ERR,ERR,ERR,ERR,ERR,ERR,ERR,ERR,ERR,ERR,ERR,ERR,ERR,ERR,ERR,ERR,ERR,ERR,ERR,ERR,ERR,ERR,ERR,ERR,ERR,ERR,ERR,ERR,ERR,ERR,ERR,ERR,ERR,60.0,60.0,35,0.0,0.0,0.0,0.0,0.0,0.0,0.0,0.0,0.0,0.0,0.0,0.0,0.0,0.0,0.0,0.0,65.2,0,113,55,37,65476,0,300,0,0,8,20529,65476,0,0,2621,60.0,0.0,0.0,0.0,0.0,0.0
2026-07-09T15:12:06,ERR,ERR,ERR,ERR,ERR,ERR,ERR,ERR,ERR,ERR,ERR,ERR,ERR,ERR,ERR,ERR,ERR,ERR,ERR,ERR,ERR,ERR,ERR,ERR,ERR,ERR,ERR,ERR,ERR,ERR,ERR,ERR,ERR,ERR,ERR,ERR,ERR,ERR,ERR,ERR,ERR,ERR,ERR,ERR,ERR,ERR,ERR,ERR,ERR,ERR,ERR,ERR,ERR,ERR,ERR,ERR,ERR,ERR,ERR,ERR,ERR,ERR,ERR,ERR,ERR,ERR,ERR,ERR,ERR,ERR,ERR,ERR,ERR,ERR,ERR,ERR,ERR,ERR,ERR,ERR,ERR,ERR,ERR,ERR,ERR,ERR,ERR,ERR,ERR,ERR,ERR,ERR,ERR,ERR,ERR,ERR,ERR,ERR,ERR,ERR,ERR,ERR,ERR,ERR,ERR,ERR,ERR,ERR,ERR,ERR,ERR,ERR,ERR,ERR,ERR,ERR,ERR,ERR,ERR,ERR,ERR,ERR,ERR,ERR,ERR,0.0,-107615960.0,2.7302208049805177e+23,2.718366610185338e+23,0.0,1.1352227503274586e+30,-1.273563556452994e+36,-10.328,0,0,4,17408,7116,0.0,100,0.0,0.0,0.0,0.0,0.0,0,0,0,0,0.0,0,0,0,0,0,0,0,0,0,0,0,0,0,0,0,0,0,0,0,0,0,0,0,0,0,0,0,0,0,0,0,0,0,31,40,40,71,65476,0,300,0,0,8,21553,0.0,-107605600.0,0.0,0.0,0.0,0.0,0.0,0.0,0.0,0.0,0.0,0.0,0.0,0.0,0.0,0.0,0.0,0.0,0.0,0.0,0.0,0.0,2.004,3.697065187345642e+19,0.0,0.0,0.0,0.0,0.0,0.0,4856.0,1.5879284086409797e+29,6926.0,0.0,-107615960.0,2.004,2.004,0.0,0.0,0.0,0.0,69,0.0,0.0,0.0,0.0,0.0,0.0,0.0,0.0,0.0,0,0,0,0.0,0.0,0.0,0.0,0.0,0.0,0.0,0.0,0.0,0.0,0.0,0.0,0.0,0.0,0.0,0.0,0,-107875648.0,69,0.0,138,0.0,2.012,ERR,ERR,ERR,ERR,ERR,ERR,ERR,ERR,ERR,ERR,ERR,ERR,ERR,ERR,ERR,ERR,ERR,ERR,ERR,ERR,ERR,ERR,ERR,ERR,ERR,ERR,ERR,ERR,ERR,ERR,ERR,ERR,ERR,ERR,ERR,ERR,ERR,ERR,ERR,ERR,ERR,ERR,ERR,ERR,ERR,ERR,ERR,ERR,ERR,ERR,ERR,ERR,ERR,ERR,ERR,ERR,ERR,ERR,ERR,ERR,ERR,ERR,ERR,ERR,ERR,ERR,ERR,60.0,60.0,35,0.0,0.0,0.0,0.0,0.0,0.0,0.0,0.0,0.0,0.0,0.0,0.0,0.0,0.0,0.0,0.0,65.2,0,113,55,37,65476,0,300,0,0,8,20529,65476,0,0,2621,60.0,0.0,0.0,0.0,0.0,0.0
2026-07-09T15:12:07,ERR,ERR,ERR,ERR,ERR,ERR,ERR,ERR,ERR,ERR,ERR,ERR,ERR,ERR,ERR,ERR,ERR,ERR,ERR,ERR,ERR,ERR,ERR,ERR,ERR,ERR,ERR,ERR,ERR,ERR,ERR,ERR,ERR,ERR,ERR,ERR,ERR,ERR,ERR,ERR,ERR,ERR,ERR,ERR,ERR,ERR,ERR,ERR,ERR,ERR,ERR,ERR,ERR,ERR,ERR,ERR,ERR,ERR,ERR,ERR,ERR,ERR,ERR,ERR,ERR,ERR,ERR,ERR,ERR,ERR,ERR,ERR,ERR,ERR,ERR,ERR,ERR,ERR,ERR,ERR,ERR,ERR,ERR,ERR,ERR,ERR,ERR,ERR,ERR,ERR,ERR,ERR,ERR,ERR,ERR,ERR,ERR,ERR,ERR,ERR,ERR,ERR,ERR,ERR,ERR,ERR,ERR,ERR,ERR,ERR,ERR,ERR,ERR,ERR,ERR,ERR,ERR,ERR,ERR,ERR,ERR,ERR,ERR,ERR,ERR,0.0,-107615960.0,2.7302208049805177e+23,2.718366610185338e+23,0.0,1.1352227503274586e+30,-1.273563556452994e+36,-10.328,0,0,4,17408,7116,0.0,100,0.0,0.0,0.0,0.0,0.0,0,0,0,0,0.0,0,0,0,0,0,0,0,0,0,0,0,0,0,0,0,0,0,0,0,0,0,0,0,0,0,0,0,0,0,0,0,0,0,31,40,40,71,65476,0,300,0,0,8,21553,0.0,-107605600.0,0.0,0.0,0.0,0.0,0.0,0.0,0.0,0.0,0.0,0.0,0.0,0.0,0.0,0.0,0.0,0.0,0.0,0.0,0.0,0.0,2.004,3.697065187345642e+19,0.0,0.0,0.0,0.0,0.0,0.0,4856.0,1.5879284086409797e+29,6926.0,0.0,-107615960.0,2.004,2.004,0.0,0.0,0.0,0.0,69,0.0,0.0,0.0,0.0,0.0,0.0,0.0,0.0,0.0,0,0,0,0.0,0.0,0.0,0.0,0.0,0.0,0.0,0.0,0.0,0.0,0.0,0.0,0.0,0.0,0.0,0.0,0,-107875648.0,69,0.0,138,0.0,2.012,ERR,ERR,ERR,ERR,ERR,ERR,ERR,ERR,ERR,ERR,ERR,ERR,ERR,ERR,ERR,ERR,ERR,ERR,ERR,ERR,ERR,ERR,ERR,ERR,ERR,ERR,ERR,ERR,ERR,ERR,ERR,ERR,ERR,ERR,ERR,ERR,ERR,ERR,ERR,ERR,ERR,ERR,ERR,ERR,ERR,ERR,ERR,ERR,ERR,ERR,ERR,ERR,ERR,ERR,ERR,ERR,ERR,ERR,ERR,ERR,ERR,ERR,ERR,ERR,ERR,ERR,ERR,60.0,60.0,35,0.0,0.0,0.0,0.0,0.0,0.0,0.0,0.0,0.0,0.0,0.0,0.0,0.0,0.0,0.0,0.0,65.6,0,113,55,37,65476,0,300,0,0,8,20529,65476,0,0,2621,60.0,0.0,0.0,0.0,0.0,0.0
2026-07-09T15:12:08,ERR,ERR,ERR,ERR,ERR,ERR,ERR,ERR,ERR,ERR,ERR,ERR,ERR,ERR,ERR,ERR,ERR,ERR,ERR,ERR,ERR,ERR,ERR,ERR,ERR,ERR,ERR,ERR,ERR,ERR,ERR,ERR,ERR,ERR,ERR,ERR,ERR,ERR,ERR,ERR,ERR,ERR,ERR,ERR,ERR,ERR,ERR,ERR,ERR,ERR,ERR,ERR,ERR,ERR,ERR,ERR,ERR,ERR,ERR,ERR,ERR,ERR,ERR,ERR,ERR,ERR,ERR,ERR,ERR,ERR,ERR,ERR,ERR,ERR,ERR,ERR,ERR,ERR,ERR,ERR,ERR,ERR,ERR,ERR,ERR,ERR,ERR,ERR,ERR,ERR,ERR,ERR,ERR,ERR,ERR,ERR,ERR,ERR,ERR,ERR,ERR,ERR,ERR,ERR,ERR,ERR,ERR,ERR,ERR,ERR,ERR,ERR,ERR,ERR,ERR,ERR,ERR,ERR,ERR,ERR,ERR,ERR,ERR,ERR,ERR,0.0,-107615960.0,2.7302208049805177e+23,2.718366610185338e+23,0.0,9847208.0,0.0,3.093883441128087e+31,0,0,4,17408,7116,0.0,100,0.0,0.0,0.0,0.0,0.0,0,0,0,0,0.0,0,0,0,0,0,0,0,0,0,0,0,0,0,0,0,0,0,0,0,0,0,0,0,0,0,0,0,0,0,0,0,0,0,31,40,40,71,65476,0,300,0,0,8,21553,0.0,-107605600.0,0.0,0.0,0.0,0.0,0.0,0.0,0.0,0.0,0.0,0.0,0.0,0.0,0.0,0.0,0.0,0.0,0.0,0.0,0.0,0.0,2.004,3.697065187345642e+19,0.0,0.0,0.0,0.0,0.0,0.0,4848.0,-2.004,6936.0,0.0,-107615960.0,2.004,2.004,0.0,0.0,0.0,0.0,69,-107614872.0,0.059,0.0,0.0,0.0,0.0,0.0,0.0,0.0,0,0,0,0.0,0.0,0.0,0.0,0.0,0.0,0.0,0.0,0.0,0.0,0.0,0.0,0.0,0.0,0.0,0.0,0,-107875648.0,69,0.0,138,0.0,2.012,ERR,ERR,ERR,ERR,ERR,ERR,ERR,ERR,ERR,ERR,ERR,ERR,ERR,ERR,ERR,ERR,ERR,ERR,ERR,ERR,ERR,ERR,ERR,ERR,ERR,ERR,ERR,ERR,ERR,ERR,ERR,ERR,ERR,ERR,ERR,ERR,ERR,ERR,ERR,ERR,ERR,ERR,ERR,ERR,ERR,ERR,ERR,ERR,ERR,ERR,ERR,ERR,ERR,ERR,ERR,ERR,ERR,ERR,ERR,ERR,ERR,ERR,ERR,ERR,ERR,ERR,ERR,60.0,60.0,35,0.0,0.0,0.0,0.0,0.0,0.0,0.0,0.0,0.0,0.0,0.0,0.0,0.0,0.0,0.0,0.0,65.2,0,113,55,37,65476,0,300,0,0,8,20529,65476,0,0,2621,60.0,0.0,0.0,0.0,0.0,0.0
2026-07-09T15:12:09,ERR,ERR,ERR,ERR,ERR,ERR,ERR,ERR,ERR,ERR,ERR,ERR,ERR,ERR,ERR,ERR,ERR,ERR,ERR,ERR,ERR,ERR,ERR,ERR,ERR,ERR,ERR,ERR,ERR,ERR,ERR,ERR,ERR,ERR,ERR,ERR,ERR,ERR,ERR,ERR,ERR,ERR,ERR,ERR,ERR,ERR,ERR,ERR,ERR,ERR,ERR,ERR,ERR,ERR,ERR,ERR,ERR,ERR,ERR,ERR,ERR,ERR,ERR,ERR,ERR,ERR,ERR,ERR,ERR,ERR,ERR,ERR,ERR,ERR,ERR,ERR,ERR,ERR,ERR,ERR,ERR,ERR,ERR,ERR,ERR,ERR,ERR,ERR,ERR,ERR,ERR,ERR,ERR,ERR,ERR,ERR,ERR,ERR,ERR,ERR,ERR,ERR,ERR,ERR,ERR,ERR,ERR,ERR,ERR,ERR,ERR,ERR,ERR,ERR,ERR,ERR,ERR,ERR,ERR,ERR,ERR,ERR,ERR,ERR,ERR,0.0,-107615960.0,2.7302208049805177e+23,2.718366610185338e+23,0.0,9847208.0,0.0,3.093883441128087e+31,0,0,4,17408,7116,0.0,100,0.0,0.0,0.0,0.0,0.0,0,0,0,0,0.0,0,0,0,0,0,0,0,0,0,0,0,0,0,0,0,0,0,0,0,0,0,0,0,0,0,0,0,0,0,0,0,0,0,31,40,40,71,65476,0,300,0,0,8,21553,0.0,-107605600.0,0.0,0.0,0.0,0.0,0.0,0.0,0.0,0.0,0.0,0.0,0.0,0.0,0.0,0.0,0.0,0.0,0.0,0.0,0.0,0.0,2.004,3.697065187345642e+19,0.0,0.0,0.0,0.0,0.0,0.0,4848.0,-2.004,6936.0,0.0,-107615960.0,2.004,2.004,0.0,0.0,0.0,0.0,69,-107614872.0,0.059,0.0,0.0,0.0,0.0,0.0,0.0,0.0,0,0,0,0.0,0.0,0.0,0.0,0.0,0.0,0.0,0.0,0.0,0.0,0.0,0.0,0.0,0.0,0.0,0.0,0,-107875648.0,69,0.0,138,0.0,2.012,ERR,ERR,ERR,ERR,ERR,ERR,ERR,ERR,ERR,ERR,ERR,ERR,ERR,ERR,ERR,ERR,ERR,ERR,ERR,ERR,ERR,ERR,ERR,ERR,ERR,ERR,ERR,ERR,ERR,ERR,ERR,ERR,ERR,ERR,ERR,ERR,ERR,ERR,ERR,ERR,ERR,ERR,ERR,ERR,ERR,ERR,ERR,ERR,ERR,ERR,ERR,ERR,ERR,ERR,ERR,ERR,ERR,ERR,ERR,ERR,ERR,ERR,ERR,ERR,ERR,ERR,ERR,60.0,60.0,35,0.0,0.0,0.0,0.0,0.0,0.0,0.0,0.0,0.0,0.0,0.0,0.0,0.0,0.0,0.0,0.0,65.2,0,113,55,37,65476,0,300,0,0,8,20529,65476,0,0,2621,60.0,0.0,0.0,0.0,0.0,0.0
2026-07-09T15:12:10,ERR,ERR,ERR,ERR,ERR,ERR,ERR,ERR,ERR,ERR,ERR,ERR,ERR,ERR,ERR,ERR,ERR,ERR,ERR,ERR,ERR,ERR,ERR,ERR,ERR,ERR,ERR,ERR,ERR,ERR,ERR,ERR,ERR,ERR,ERR,ERR,ERR,ERR,ERR,ERR,ERR,ERR,ERR,ERR,ERR,ERR,ERR,ERR,ERR,ERR,ERR,ERR,ERR,ERR,ERR,ERR,ERR,ERR,ERR,ERR,ERR,ERR,ERR,ERR,ERR,ERR,ERR,ERR,ERR,ERR,ERR,ERR,ERR,ERR,ERR,ERR,ERR,ERR,ERR,ERR,ERR,ERR,ERR,ERR,ERR,ERR,ERR,ERR,ERR,ERR,ERR,ERR,ERR,ERR,ERR,ERR,ERR,ERR,ERR,ERR,ERR,ERR,ERR,ERR,ERR,ERR,ERR,ERR,ERR,ERR,ERR,ERR,ERR,ERR,ERR,ERR,ERR,ERR,ERR,ERR,ERR,ERR,ERR,ERR,ERR,0.0,-107615960.0,2.7302208049805177e+23,2.718366610185338e+23,0.0,9847208.0,0.0,3.093883441128087e+31,0,0,4,17408,7116,0.0,100,0.0,0.0,0.0,0.0,0.0,0,0,0,0,0.0,0,0,0,0,0,0,0,0,0,0,0,0,0,0,0,0,0,0,0,0,0,0,0,0,0,0,0,0,0,0,0,0,0,31,40,40,71,65476,0,300,0,0,8,21553,0.0,-107605600.0,0.0,0.0,0.0,0.0,0.0,0.0,0.0,0.0,0.0,0.0,0.0,0.0,0.0,0.0,0.0,0.0,0.0,0.0,0.0,0.0,2.004,3.697065187345642e+19,0.0,0.0,0.0,0.0,0.0,0.0,4848.0,-2.004,6936.0,0.0,-107615960.0,2.004,2.004,0.0,0.0,0.0,0.0,69,-107614872.0,0.059,0.0,0.0,0.0,0.0,0.0,0.0,0.0,0,0,0,0.0,0.0,0.0,0.0,0.0,0.0,0.0,0.0,0.0,0.0,0.0,0.0,0.0,0.0,0.0,0.0,0,-107875648.0,69,0.0,138,0.0,2.012,ERR,ERR,ERR,ERR,ERR,ERR,ERR,ERR,ERR,ERR,ERR,ERR,ERR,ERR,ERR,ERR,ERR,ERR,ERR,ERR,ERR,ERR,ERR,ERR,ERR,ERR,ERR,ERR,ERR,ERR,ERR,ERR,ERR,ERR,ERR,ERR,ERR,ERR,ERR,ERR,ERR,ERR,ERR,ERR,ERR,ERR,ERR,ERR,ERR,ERR,ERR,ERR,ERR,ERR,ERR,ERR,ERR,ERR,ERR,ERR,ERR,ERR,ERR,ERR,ERR,ERR,ERR,60.0,60.0,35,0.0,0.0,0.0,0.0,0.0,0.0,0.0,0.0,0.0,0.0,0.0,0.0,0.0,0.0,0.0,0.0,65.2,0,113,55,37,65476,0,300,0,0,8,20529,65476,0,0,2621,60.0,0.0,0.0,0.0,0.0,0.0
2026-07-09T15:12:11,ERR,ERR,ERR,ERR,ERR,ERR,ERR,ERR,ERR,ERR,ERR,ERR,ERR,ERR,ERR,ERR,ERR,ERR,ERR,ERR,ERR,ERR,ERR,ERR,ERR,ERR,ERR,ERR,ERR,ERR,ERR,ERR,ERR,ERR,ERR,ERR,ERR,ERR,ERR,ERR,ERR,ERR,ERR,ERR,ERR,ERR,ERR,ERR,ERR,ERR,ERR,ERR,ERR,ERR,ERR,ERR,ERR,ERR,ERR,ERR,ERR,ERR,ERR,ERR,ERR,ERR,ERR,ERR,ERR,ERR,ERR,ERR,ERR,ERR,ERR,ERR,ERR,ERR,ERR,ERR,ERR,ERR,ERR,ERR,ERR,ERR,ERR,ERR,ERR,ERR,ERR,ERR,ERR,ERR,ERR,ERR,ERR,ERR,ERR,ERR,ERR,ERR,ERR,ERR,ERR,ERR,ERR,ERR,ERR,ERR,ERR,ERR,ERR,ERR,ERR,ERR,ERR,ERR,ERR,ERR,ERR,ERR,ERR,ERR,ERR,0.0,-107615960.0,2.7302208049805177e+23,2.718366610185338e+23,0.0,9847208.0,0.0,3.093883441128087e+31,0,0,4,17408,7116,0.0,100,0.0,0.0,0.0,0.0,0.0,0,0,0,0,0.0,0,0,0,0,0,0,0,0,0,0,0,0,0,0,0,0,0,0,0,0,0,0,0,0,0,0,0,0,0,0,0,0,0,31,40,40,71,65476,0,300,0,0,8,21553,0.0,-107605600.0,0.0,0.0,0.0,0.0,0.0,0.0,0.0,0.0,0.0,0.0,0.0,0.0,0.0,0.0,0.0,0.0,0.0,0.0,0.0,0.0,2.004,3.697065187345642e+19,0.0,0.0,0.0,0.0,0.0,0.0,4848.0,-2.004,6936.0,0.0,-107615960.0,2.004,2.004,0.0,0.0,0.0,0.0,69,-107614872.0,0.059,0.0,0.0,0.0,0.0,0.0,0.0,0.0,0,0,0,0.0,0.0,0.0,0.0,0.0,0.0,0.0,0.0,0.0,0.0,0.0,0.0,0.0,0.0,0.0,0.0,0,-107875648.0,69,0.0,138,0.0,2.012,ERR,ERR,ERR,ERR,ERR,ERR,ERR,ERR,ERR,ERR,ERR,ERR,ERR,ERR,ERR,ERR,ERR,ERR,ERR,ERR,ERR,ERR,ERR,ERR,ERR,ERR,ERR,ERR,ERR,ERR,ERR,ERR,ERR,ERR,ERR,ERR,ERR,ERR,ERR,ERR,ERR,ERR,ERR,ERR,ERR,ERR,ERR,ERR,ERR,ERR,ERR,ERR,ERR,ERR,ERR,ERR,ERR,ERR,ERR,ERR,ERR,ERR,ERR,ERR,ERR,ERR,ERR,60.0,60.0,35,0.0,0.0,0.0,0.0,0.0,0.0,0.0,0.0,0.0,0.0,0.0,0.0,0.0,0.0,0.0,0.0,65.2,0,113,55,37,65476,0,300,0,0,8,20529,65476,0,0,2621,60.0,0.0,0.0,0.0,0.0,0.0
2026-07-09T15:12:12,ERR,ERR,ERR,ERR,ERR,ERR,ERR,ERR,ERR,ERR,ERR,ERR,ERR,ERR,ERR,ERR,ERR,ERR,ERR,ERR,ERR,ERR,ERR,ERR,ERR,ERR,ERR,ERR,ERR,ERR,ERR,ERR,ERR,ERR,ERR,ERR,ERR,ERR,ERR,ERR,ERR,ERR,ERR,ERR,ERR,ERR,ERR,ERR,ERR,ERR,ERR,ERR,ERR,ERR,ERR,ERR,ERR,ERR,ERR,ERR,ERR,ERR,ERR,ERR,ERR,ERR,ERR,ERR,ERR,ERR,ERR,ERR,ERR,ERR,ERR,ERR,ERR,ERR,ERR,ERR,ERR,ERR,ERR,ERR,ERR,ERR,ERR,ERR,ERR,ERR,ERR,ERR,ERR,ERR,ERR,ERR,ERR,ERR,ERR,ERR,ERR,ERR,ERR,ERR,ERR,ERR,ERR,ERR,ERR,ERR,ERR,ERR,ERR,ERR,ERR,ERR,ERR,ERR,ERR,ERR,ERR,ERR,ERR,ERR,ERR,0.0,-107615960.0,2.7302208049805177e+23,2.718366610185338e+23,0.0,9847208.0,0.0,3.093883441128087e+31,0,0,4,17408,7116,0.0,100,0.0,0.0,0.0,0.0,0.0,0,0,0,0,0.0,0,0,0,0,0,0,0,0,0,0,0,0,0,0,0,0,0,0,0,0,0,0,0,0,0,0,0,0,0,0,0,0,0,31,40,40,71,65476,0,300,0,0,8,21553,0.0,-107605600.0,0.0,0.0,0.0,0.0,0.0,0.0,0.0,0.0,0.0,0.0,0.0,0.0,0.0,0.0,0.0,0.0,0.0,0.0,0.0,0.0,2.004,3.697065187345642e+19,0.0,0.0,0.0,0.0,0.0,0.0,4848.0,-2.004,6936.0,0.0,-107615960.0,2.004,2.004,0.0,0.0,0.0,0.0,69,-107614872.0,0.059,0.0,0.0,0.0,0.0,0.0,0.0,0.0,0,0,0,0.0,0.0,0.0,0.0,0.0,0.0,0.0,0.0,0.0,0.0,0.0,0.0,0.0,0.0,0.0,0.0,0,-107875648.0,69,0.0,138,0.0,2.012,ERR,ERR,ERR,ERR,ERR,ERR,ERR,ERR,ERR,ERR,ERR,ERR,ERR,ERR,ERR,ERR,ERR,ERR,ERR,ERR,ERR,ERR,ERR,ERR,ERR,ERR,ERR,ERR,ERR,ERR,ERR,ERR,ERR,ERR,ERR,ERR,ERR,ERR,ERR,ERR,ERR,ERR,ERR,ERR,ERR,ERR,ERR,ERR,ERR,ERR,ERR,ERR,ERR,ERR,ERR,ERR,ERR,ERR,ERR,ERR,ERR,ERR,ERR,ERR,ERR,ERR,ERR,60.0,60.0,35,0.0,0.0,0.0,0.0,0.0,0.0,0.0,0.0,0.0,0.0,0.0,0.0,0.0,0.0,0.0,0.0,65.2,0,113,55,37,65476,0,300,0,0,8,20529,65476,0,0,2621,60.0,0.0,0.0,0.0,0.0,0.0
2026-07-09T15:12:13,ERR,ERR,ERR,ERR,ERR,ERR,ERR,ERR,ERR,ERR,ERR,ERR,ERR,ERR,ERR,ERR,ERR,ERR,ERR,ERR,ERR,ERR,ERR,ERR,ERR,ERR,ERR,ERR,ERR,ERR,ERR,ERR,ERR,ERR,ERR,ERR,ERR,ERR,ERR,ERR,ERR,ERR,ERR,ERR,ERR,ERR,ERR,ERR,ERR,ERR,ERR,ERR,ERR,ERR,ERR,ERR,ERR,ERR,ERR,ERR,ERR,ERR,ERR,ERR,ERR,ERR,ERR,ERR,ERR,ERR,ERR,ERR,ERR,ERR,ERR,ERR,ERR,ERR,ERR,ERR,ERR,ERR,ERR,ERR,ERR,ERR,ERR,ERR,ERR,ERR,ERR,ERR,ERR,ERR,ERR,ERR,ERR,ERR,ERR,ERR,ERR,ERR,ERR,ERR,ERR,ERR,ERR,ERR,ERR,ERR,ERR,ERR,ERR,ERR,ERR,ERR,ERR,ERR,ERR,ERR,ERR,ERR,ERR,ERR,ERR,-107615200.0,0.0,-0.0,0.0,0.0,-0.0,-0.0,-1.148803444310757e+36,0,0,4,17408,7116,0.0,100,0.0,0.0,0.0,0.0,0.0,0,0,0,0,0.0,0,0,0,0,0,0,0,0,0,0,0,0,0,0,0,0,0,0,0,0,0,0,0,0,0,0,0,0,0,0,0,0,0,31,40,40,71,65476,0,300,0,0,8,21553,0.0,-107605600.0,0.0,0.0,0.0,0.0,0.0,0.0,0.0,0.0,0.0,0.0,0.0,0.0,0.0,0.0,0.0,0.0,0.0,0.0,0.0,0.0,0.0,3.697065187345642e+19,0.0,0.0,0.0,0.0,0.0,0.0,4847.0,-564145497833472.0,6941.0,0.0,-107615960.0,2.004,2.004,0.0,0.0,0.0,0.0,69,-0.0,4.066851391278642e+29,0.0,0.0,0.0,0.0,0.0,0.0,0.0,0,0,0,0.0,0.0,0.0,0.0,0.0,0.0,0.0,0.0,0.0,0.0,0.0,0.0,0.0,0.0,0.0,0.0,0,-107875648.0,69,0.0,138,0.0,2.012,ERR,ERR,ERR,ERR,ERR,ERR,ERR,ERR,ERR,ERR,ERR,ERR,ERR,ERR,ERR,ERR,ERR,ERR,ERR,ERR,ERR,ERR,ERR,ERR,ERR,ERR,ERR,ERR,ERR,ERR,ERR,ERR,ERR,ERR,ERR,ERR,ERR,ERR,ERR,ERR,ERR,ERR,ERR,ERR,ERR,ERR,ERR,ERR,ERR,ERR,ERR,ERR,ERR,ERR,ERR,ERR,ERR,ERR,ERR,ERR,ERR,ERR,ERR,ERR,ERR,ERR,ERR,60.0,60.0,35,0.0,0.0,0.0,0.0,0.0,0.0,0.0,0.0,0.0,0.0,0.0,0.0,0.0,0.0,0.0,0.0,65.2,0,113,55,37,65476,0,300,0,0,8,20529,65476,0,0,2621,60.0,0.0,0.0,0.0,0.0,0.0
2026-07-09T15:12:14,ERR,ERR,ERR,ERR,ERR,ERR,ERR,ERR,ERR,ERR,ERR,ERR,ERR,ERR,ERR,ERR,ERR,ERR,ERR,ERR,ERR,ERR,ERR,ERR,ERR,ERR,ERR,ERR,ERR,ERR,ERR,ERR,ERR,ERR,ERR,ERR,ERR,ERR,ERR,ERR,ERR,ERR,ERR,ERR,ERR,ERR,ERR,ERR,ERR,ERR,ERR,ERR,ERR,ERR,ERR,ERR,ERR,ERR,ERR,ERR,ERR,ERR,ERR,ERR,ERR,ERR,ERR,ERR,ERR,ERR,ERR,ERR,ERR,ERR,ERR,ERR,ERR,ERR,ERR,ERR,ERR,ERR,ERR,ERR,ERR,ERR,ERR,ERR,ERR,ERR,ERR,ERR,ERR,ERR,ERR,ERR,ERR,ERR,ERR,ERR,ERR,ERR,ERR,ERR,ERR,ERR,ERR,ERR,ERR,ERR,ERR,ERR,ERR,ERR,ERR,ERR,ERR,ERR,ERR,ERR,ERR,ERR,ERR,ERR,ERR,-107615200.0,0.0,-0.0,0.0,0.0,-0.0,-0.0,-1.148803444310757e+36,0,0,4,17408,7116,0.0,100,0.0,0.0,0.0,0.0,0.0,0,0,0,0,0.0,0,0,0,0,0,0,0,0,0,0,0,0,0,0,0,0,0,0,0,0,0,0,0,0,0,0,0,0,0,0,0,0,0,31,40,40,71,65476,0,300,0,0,8,21553,0.0,-107605600.0,0.0,0.0,0.0,0.0,0.0,0.0,0.0,0.0,0.0,0.0,0.0,0.0,0.0,0.0,0.0,0.0,0.0,0.0,0.0,0.0,0.0,3.697065187345642e+19,0.0,0.0,0.0,0.0,0.0,0.0,4847.0,-564145497833472.0,6941.0,0.0,-107615960.0,2.004,2.004,0.0,0.0,0.0,0.0,69,-0.0,4.066851391278642e+29,0.0,0.0,0.0,0.0,0.0,0.0,0.0,0,0,0,0.0,0.0,0.0,0.0,0.0,0.0,0.0,0.0,0.0,0.0,0.0,0.0,0.0,0.0,0.0,0.0,0,-107875648.0,69,0.0,138,0.0,2.012,ERR,ERR,ERR,ERR,ERR,ERR,ERR,ERR,ERR,ERR,ERR,ERR,ERR,ERR,ERR,ERR,ERR,ERR,ERR,ERR,ERR,ERR,ERR,ERR,ERR,ERR,ERR,ERR,ERR,ERR,ERR,ERR,ERR,ERR,ERR,ERR,ERR,ERR,ERR,ERR,ERR,ERR,ERR,ERR,ERR,ERR,ERR,ERR,ERR,ERR,ERR,ERR,ERR,ERR,ERR,ERR,ERR,ERR,ERR,ERR,ERR,ERR,ERR,ERR,ERR,ERR,ERR,60.0,60.0,35,0.0,0.0,0.0,0.0,0.0,0.0,0.0,0.0,0.0,0.0,0.0,0.0,0.0,0.0,0.0,0.0,65.2,0,113,55,37,65476,0,300,0,0,8,20529,65476,0,0,2621,60.0,0.0,0.0,0.0,0.0,0.0
2026-07-09T15:12:15,ERR,ERR,ERR,ERR,ERR,ERR,ERR,ERR,ERR,ERR,ERR,ERR,ERR,ERR,ERR,ERR,ERR,ERR,ERR,ERR,ERR,ERR,ERR,ERR,ERR,ERR,ERR,ERR,ERR,ERR,ERR,ERR,ERR,ERR,ERR,ERR,ERR,ERR,ERR,ERR,ERR,ERR,ERR,ERR,ERR,ERR,ERR,ERR,ERR,ERR,ERR,ERR,ERR,ERR,ERR,ERR,ERR,ERR,ERR,ERR,ERR,ERR,ERR,ERR,ERR,ERR,ERR,ERR,ERR,ERR,ERR,ERR,ERR,ERR,ERR,ERR,ERR,ERR,ERR,ERR,ERR,ERR,ERR,ERR,ERR,ERR,ERR,ERR,ERR,ERR,ERR,ERR,ERR,ERR,ERR,ERR,ERR,ERR,ERR,ERR,ERR,ERR,ERR,ERR,ERR,ERR,ERR,ERR,ERR,ERR,ERR,ERR,ERR,ERR,ERR,ERR,ERR,ERR,ERR,ERR,ERR,ERR,ERR,ERR,ERR,-107615200.0,0.0,-0.0,0.0,0.0,-0.0,-0.0,-1.148803444310757e+36,0,0,4,17408,7116,0.0,100,0.0,0.0,0.0,0.0,0.0,0,0,0,0,0.0,0,0,0,0,0,0,0,0,0,0,0,0,0,0,0,0,0,0,0,0,0,0,0,0,0,0,0,0,0,0,0,0,0,31,40,40,71,65476,0,300,0,0,8,21553,0.0,-107605600.0,0.0,0.0,0.0,0.0,0.0,0.0,0.0,0.0,0.0,0.0,0.0,0.0,0.0,0.0,0.0,0.0,0.0,0.0,0.0,0.0,0.0,3.697065187345642e+19,0.0,0.0,0.0,0.0,0.0,0.0,4847.0,-564145497833472.0,6941.0,0.0,-107615960.0,2.004,2.004,0.0,0.0,0.0,0.0,69,-0.0,4.066851391278642e+29,0.0,0.0,0.0,0.0,0.0,0.0,0.0,0,0,0,0.0,0.0,0.0,0.0,0.0,0.0,0.0,0.0,0.0,0.0,0.0,0.0,0.0,0.0,0.0,0.0,0,-107875648.0,69,0.0,138,0.0,2.012,ERR,ERR,ERR,ERR,ERR,ERR,ERR,ERR,ERR,ERR,ERR,ERR,ERR,ERR,ERR,ERR,ERR,ERR,ERR,ERR,ERR,ERR,ERR,ERR,ERR,ERR,ERR,ERR,ERR,ERR,ERR,ERR,ERR,ERR,ERR,ERR,ERR,ERR,ERR,ERR,ERR,ERR,ERR,ERR,ERR,ERR,ERR,ERR,ERR,ERR,ERR,ERR,ERR,ERR,ERR,ERR,ERR,ERR,ERR,ERR,ERR,ERR,ERR,ERR,ERR,ERR,ERR,60.0,60.0,35,0.0,0.0,0.0,0.0,0.0,0.0,0.0,0.0,0.0,0.0,0.0,0.0,0.0,0.0,0.0,0.0,65.2,0,113,55,37,65476,0,300,0,0,8,20529,65476,0,0,2621,60.0,0.0,0.0,0.0,0.0,0.0
2026-07-09T15:12:16,ERR,ERR,ERR,ERR,ERR,ERR,ERR,ERR,ERR,ERR,ERR,ERR,ERR,ERR,ERR,ERR,ERR,ERR,ERR,ERR,ERR,ERR,ERR,ERR,ERR,ERR,ERR,ERR,ERR,ERR,ERR,ERR,ERR,ERR,ERR,ERR,ERR,ERR,ERR,ERR,ERR,ERR,ERR,ERR,ERR,ERR,ERR,ERR,ERR,ERR,ERR,ERR,ERR,ERR,ERR,ERR,ERR,ERR,ERR,ERR,ERR,ERR,ERR,ERR,ERR,ERR,ERR,ERR,ERR,ERR,ERR,ERR,ERR,ERR,ERR,ERR,ERR,ERR,ERR,ERR,ERR,ERR,ERR,ERR,ERR,ERR,ERR,ERR,ERR,ERR,ERR,ERR,ERR,ERR,ERR,ERR,ERR,ERR,ERR,ERR,ERR,ERR,ERR,ERR,ERR,ERR,ERR,ERR,ERR,ERR,ERR,ERR,ERR,ERR,ERR,ERR,ERR,ERR,ERR,ERR,ERR,ERR,ERR,ERR,ERR,-107615200.0,0.0,-0.0,0.0,0.0,-0.0,-0.0,-1.148803444310757e+36,0,0,4,17408,7116,0.0,100,0.0,0.0,0.0,0.0,0.0,0,0,0,0,0.0,0,0,0,0,0,0,0,0,0,0,0,0,0,0,0,0,0,0,0,0,0,0,0,0,0,0,0,0,0,0,0,0,0,31,40,40,71,65476,0,300,0,0,8,21553,0.0,-107605600.0,0.0,0.0,0.0,0.0,0.0,0.0,0.0,0.0,0.0,0.0,0.0,0.0,0.0,0.0,0.0,0.0,0.0,0.0,0.0,0.0,0.0,3.697065187345642e+19,0.0,0.0,0.0,0.0,0.0,0.0,4847.0,-564145497833472.0,6941.0,0.0,-107615960.0,2.004,2.004,0.0,0.0,0.0,0.0,69,-0.0,4.066851391278642e+29,0.0,0.0,0.0,0.0,0.0,0.0,0.0,0,0,0,0.0,0.0,0.0,0.0,0.0,0.0,0.0,0.0,0.0,0.0,0.0,0.0,0.0,0.0,0.0,0.0,0,-107875648.0,69,0.0,138,0.0,2.012,ERR,ERR,ERR,ERR,ERR,ERR,ERR,ERR,ERR,ERR,ERR,ERR,ERR,ERR,ERR,ERR,ERR,ERR,ERR,ERR,ERR,ERR,ERR,ERR,ERR,ERR,ERR,ERR,ERR,ERR,ERR,ERR,ERR,ERR,ERR,ERR,ERR,ERR,ERR,ERR,ERR,ERR,ERR,ERR,ERR,ERR,ERR,ERR,ERR,ERR,ERR,ERR,ERR,ERR,ERR,ERR,ERR,ERR,ERR,ERR,ERR,ERR,ERR,ERR,ERR,ERR,ERR,60.0,60.0,35,0.0,0.0,0.0,0.0,0.0,0.0,0.0,0.0,0.0,0.0,0.0,0.0,0.0,0.0,0.0,0.0,65.2,0,113,55,37,65476,0,300,0,0,8,20529,65476,0,0,2621,60.0,0.0,0.0,0.0,0.0,0.0
2026-07-09T15:12:17,ERR,ERR,ERR,ERR,ERR,ERR,ERR,ERR,ERR,ERR,ERR,ERR,ERR,ERR,ERR,ERR,ERR,ERR,ERR,ERR,ERR,ERR,ERR,ERR,ERR,ERR,ERR,ERR,ERR,ERR,ERR,ERR,ERR,ERR,ERR,ERR,ERR,ERR,ERR,ERR,ERR,ERR,ERR,ERR,ERR,ERR,ERR,ERR,ERR,ERR,ERR,ERR,ERR,ERR,ERR,ERR,ERR,ERR,ERR,ERR,ERR,ERR,ERR,ERR,ERR,ERR,ERR,ERR,ERR,ERR,ERR,ERR,ERR,ERR,ERR,ERR,ERR,ERR,ERR,ERR,ERR,ERR,ERR,ERR,ERR,ERR,ERR,ERR,ERR,ERR,ERR,ERR,ERR,ERR,ERR,ERR,ERR,ERR,ERR,ERR,ERR,ERR,ERR,ERR,ERR,ERR,ERR,ERR,ERR,ERR,ERR,ERR,ERR,ERR,ERR,ERR,ERR,ERR,ERR,ERR,ERR,ERR,ERR,ERR,ERR,-107615200.0,0.0,-0.0,0.0,0.0,-0.0,-0.0,-1.148803444310757e+36,0,0,4,17408,7116,0.0,100,0.0,0.0,0.0,0.0,0.0,0,0,0,0,0.0,0,0,0,0,0,0,0,0,0,0,0,0,0,0,0,0,0,0,0,0,0,0,0,0,0,0,0,0,0,0,0,0,0,31,40,40,71,65476,0,300,0,0,8,21553,0.0,-107605600.0,0.0,0.0,0.0,0.0,0.0,0.0,0.0,0.0,0.0,0.0,0.0,0.0,0.0,0.0,0.0,0.0,0.0,0.0,0.0,0.0,0.0,3.697065187345642e+19,0.0,0.0,0.0,0.0,0.0,0.0,4847.0,-564145497833472.0,6941.0,0.0,-107615960.0,2.004,2.004,0.0,0.0,0.0,0.0,69,-0.0,4.066851391278642e+29,0.0,0.0,0.0,0.0,0.0,0.0,0.0,0,0,0,0.0,0.0,0.0,0.0,0.0,0.0,0.0,0.0,0.0,0.0,0.0,0.0,0.0,0.0,0.0,0.0,0,-107875648.0,69,0.0,138,0.0,2.012,ERR,ERR,ERR,ERR,ERR,ERR,ERR,ERR,ERR,ERR,ERR,ERR,ERR,ERR,ERR,ERR,ERR,ERR,ERR,ERR,ERR,ERR,ERR,ERR,ERR,ERR,ERR,ERR,ERR,ERR,ERR,ERR,ERR,ERR,ERR,ERR,ERR,ERR,ERR,ERR,ERR,ERR,ERR,ERR,ERR,ERR,ERR,ERR,ERR,ERR,ERR,ERR,ERR,ERR,ERR,ERR,ERR,ERR,ERR,ERR,ERR,ERR,ERR,ERR,ERR,ERR,ERR,60.0,60.0,35,0.0,0.0,0.0,0.0,0.0,0.0,0.0,0.0,0.0,0.0,0.0,0.0,0.0,0.0,0.0,0.0,65.2,0,113,55,37,65476,0,300,0,0,8,20529,65476,0,0,2621,60.0,0.0,0.0,0.0,0.0,0.0
2026-07-09T15:12:18,ERR,ERR,ERR,ERR,ERR,ERR,ERR,ERR,ERR,ERR,ERR,ERR,ERR,ERR,ERR,ERR,ERR,ERR,ERR,ERR,ERR,ERR,ERR,ERR,ERR,ERR,ERR,ERR,ERR,ERR,ERR,ERR,ERR,ERR,ERR,ERR,ERR,ERR,ERR,ERR,ERR,ERR,ERR,ERR,ERR,ERR,ERR,ERR,ERR,ERR,ERR,ERR,ERR,ERR,ERR,ERR,ERR,ERR,ERR,ERR,ERR,ERR,ERR,ERR,ERR,ERR,ERR,ERR,ERR,ERR,ERR,ERR,ERR,ERR,ERR,ERR,ERR,ERR,ERR,ERR,ERR,ERR,ERR,ERR,ERR,ERR,ERR,ERR,ERR,ERR,ERR,ERR,ERR,ERR,ERR,ERR,ERR,ERR,ERR,ERR,ERR,ERR,ERR,ERR,ERR,ERR,ERR,ERR,ERR,ERR,ERR,ERR,ERR,ERR,ERR,ERR,ERR,ERR,ERR,ERR,ERR,ERR,ERR,ERR,ERR,0.0,-107615960.0,2.7302208049805177e+23,0.0,8472698.0,-1.5390583152943364e+31,-0.02,-0.0,0,0,4,17409,7116,0.0,100,0.0,0.0,-0.0,0.0,0.0,0,0,0,0,0.0,0,0,0,0,0,0,0,0,0,0,0,0,0,0,0,0,0,0,0,0,0,0,0,0,0,0,0,0,0,0,0,0,0,31,40,40,71,65476,0,300,0,0,8,21553,0.0,-107605600.0,0.0,0.0,0.0,0.0,0.0,0.0,0.0,0.0,0.0,0.0,0.0,0.0,0.0,0.0,0.0,0.0,0.0,0.0,0.0,0.0,2.004,3.697065187345642e+19,0.0,0.0,0.0,0.0,0.0,0.0,4833.0,-1.0406647618869524e+34,6943.0,0.0,-107615960.0,2.004,2.004,0.0,0.0,0.0,0.0,69,0.059,-0.0,0.0,0.0,0.0,0.0,0.0,0.0,0.0,0,0,0,0.0,0.0,0.0,0.0,0.0,0.0,0.0,0.0,0.0,0.0,0.0,0.0,0.0,0.0,0.0,0.0,0,-107875648.0,69,0.0,138,0.0,2.012,ERR,ERR,ERR,ERR,ERR,ERR,ERR,ERR,ERR,ERR,ERR,ERR,ERR,ERR,ERR,ERR,ERR,ERR,ERR,ERR,ERR,ERR,ERR,ERR,ERR,ERR,ERR,ERR,ERR,ERR,ERR,ERR,ERR,ERR,ERR,ERR,ERR,ERR,ERR,ERR,ERR,ERR,ERR,ERR,ERR,ERR,ERR,ERR,ERR,ERR,ERR,ERR,ERR,ERR,ERR,ERR,ERR,ERR,ERR,ERR,ERR,ERR,ERR,ERR,ERR,ERR,ERR,60.0,60.0,35,0.0,0.0,0.0,0.0,0.0,0.0,0.0,0.0,0.0,0.0,0.0,0.0,0.0,0.0,0.0,0.0,65.6,0,113,55,37,65476,0,300,0,0,8,20529,65476,0,0,2621,60.0,0.0,0.0,0.0,0.0,0.0
2026-07-09T15:12:19,ERR,ERR,ERR,ERR,ERR,ERR,ERR,ERR,ERR,ERR,ERR,ERR,ERR,ERR,ERR,ERR,ERR,ERR,ERR,ERR,ERR,ERR,ERR,ERR,ERR,ERR,ERR,ERR,ERR,ERR,ERR,ERR,ERR,ERR,ERR,ERR,ERR,ERR,ERR,ERR,ERR,ERR,ERR,ERR,ERR,ERR,ERR,ERR,ERR,ERR,ERR,ERR,ERR,ERR,ERR,ERR,ERR,ERR,ERR,ERR,ERR,ERR,ERR,ERR,ERR,ERR,ERR,ERR,ERR,ERR,ERR,ERR,ERR,ERR,ERR,ERR,ERR,ERR,ERR,ERR,ERR,ERR,ERR,ERR,ERR,ERR,ERR,ERR,ERR,ERR,ERR,ERR,ERR,ERR,ERR,ERR,ERR,ERR,ERR,ERR,ERR,ERR,ERR,ERR,ERR,ERR,ERR,ERR,ERR,ERR,ERR,ERR,ERR,ERR,ERR,ERR,ERR,ERR,ERR,ERR,ERR,ERR,ERR,ERR,ERR,0.0,-107615960.0,2.7302208049805177e+23,0.0,8472698.0,-1.5390583152943364e+31,-0.02,-0.0,0,0,4,17409,7116,0.0,100,0.0,0.0,-0.0,0.0,0.0,0,0,0,0,0.0,0,0,0,0,0,0,0,0,0,0,0,0,0,0,0,0,0,0,0,0,0,0,0,0,0,0,0,0,0,0,0,0,0,31,40,40,71,65476,0,300,0,0,8,21553,0.0,-107605600.0,0.0,0.0,0.0,0.0,0.0,0.0,0.0,0.0,0.0,0.0,0.0,0.0,0.0,0.0,0.0,0.0,0.0,0.0,0.0,0.0,2.004,3.697065187345642e+19,0.0,0.0,0.0,0.0,0.0,0.0,4833.0,-1.0406647618869524e+34,6943.0,0.0,-107615960.0,2.004,2.004,0.0,0.0,0.0,0.0,69,0.059,-0.0,0.0,0.0,0.0,0.0,0.0,0.0,0.0,0,0,0,0.0,0.0,0.0,0.0,0.0,0.0,0.0,0.0,0.0,0.0,0.0,0.0,0.0,0.0,0.0,0.0,0,-107875648.0,69,0.0,138,0.0,2.012,ERR,ERR,ERR,ERR,ERR,ERR,ERR,ERR,ERR,ERR,ERR,ERR,ERR,ERR,ERR,ERR,ERR,ERR,ERR,ERR,ERR,ERR,ERR,ERR,ERR,ERR,ERR,ERR,ERR,ERR,ERR,ERR,ERR,ERR,ERR,ERR,ERR,ERR,ERR,ERR,ERR,ERR,ERR,ERR,ERR,ERR,ERR,ERR,ERR,ERR,ERR,ERR,ERR,ERR,ERR,ERR,ERR,ERR,ERR,ERR,ERR,ERR,ERR,ERR,ERR,ERR,ERR,60.0,60.0,35,0.0,0.0,0.0,0.0,0.0,0.0,0.0,0.0,0.0,0.0,0.0,0.0,0.0,0.0,0.0,0.0,65.6,0,113,55,37,65476,0,300,0,0,8,20529,65476,0,0,2621,60.0,0.0,0.0,0.0,0.0,0.0
2026-07-09T15:12:20,ERR,ERR,ERR,ERR,ERR,ERR,ERR,ERR,ERR,ERR,ERR,ERR,ERR,ERR,ERR,ERR,ERR,ERR,ERR,ERR,ERR,ERR,ERR,ERR,ERR,ERR,ERR,ERR,ERR,ERR,ERR,ERR,ERR,ERR,ERR,ERR,ERR,ERR,ERR,ERR,ERR,ERR,ERR,ERR,ERR,ERR,ERR,ERR,ERR,ERR,ERR,ERR,ERR,ERR,ERR,ERR,ERR,ERR,ERR,ERR,ERR,ERR,ERR,ERR,ERR,ERR,ERR,ERR,ERR,ERR,ERR,ERR,ERR,ERR,ERR,ERR,ERR,ERR,ERR,ERR,ERR,ERR,ERR,ERR,ERR,ERR,ERR,ERR,ERR,ERR,ERR,ERR,ERR,ERR,ERR,ERR,ERR,ERR,ERR,ERR,ERR,ERR,ERR,ERR,ERR,ERR,ERR,ERR,ERR,ERR,ERR,ERR,ERR,ERR,ERR,ERR,ERR,ERR,ERR,ERR,ERR,ERR,ERR,ERR,ERR,0.0,-107615960.0,2.7302208049805177e+23,0.0,8472698.0,-1.5390583152943364e+31,-0.02,-0.0,0,0,4,17409,7116,0.0,100,0.0,0.0,-0.0,0.0,0.0,0,0,0,0,0.0,0,0,0,0,0,0,0,0,0,0,0,0,0,0,0,0,0,0,0,0,0,0,0,0,0,0,0,0,0,0,0,0,0,31,40,40,71,65476,0,300,0,0,8,21553,0.0,-107605600.0,0.0,0.0,0.0,0.0,0.0,0.0,0.0,0.0,0.0,0.0,0.0,0.0,0.0,0.0,0.0,0.0,0.0,0.0,0.0,0.0,2.004,3.697065187345642e+19,0.0,0.0,0.0,0.0,0.0,0.0,4833.0,-1.0406647618869524e+34,6943.0,0.0,-107615960.0,2.004,2.004,0.0,0.0,0.0,0.0,69,0.059,-0.0,0.0,0.0,0.0,0.0,0.0,0.0,0.0,0,0,0,0.0,0.0,0.0,0.0,0.0,0.0,0.0,0.0,0.0,0.0,0.0,0.0,0.0,0.0,0.0,0.0,0,-107875648.0,69,0.0,138,0.0,2.012,ERR,ERR,ERR,ERR,ERR,ERR,ERR,ERR,ERR,ERR,ERR,ERR,ERR,ERR,ERR,ERR,ERR,ERR,ERR,ERR,ERR,ERR,ERR,ERR,ERR,ERR,ERR,ERR,ERR,ERR,ERR,ERR,ERR,ERR,ERR,ERR,ERR,ERR,ERR,ERR,ERR,ERR,ERR,ERR,ERR,ERR,ERR,ERR,ERR,ERR,ERR,ERR,ERR,ERR,ERR,ERR,ERR,ERR,ERR,ERR,ERR,ERR,ERR,ERR,ERR,ERR,ERR,60.0,60.0,35,0.0,0.0,0.0,0.0,0.0,0.0,0.0,0.0,0.0,0.0,0.0,0.0,0.0,0.0,0.0,0.0,65.2,0,113,54,37,65476,0,300,0,0,8,20529,65476,0,0,2621,60.0,0.0,0.0,0.0,0.0,0.0
2026-07-09T15:12:21,ERR,ERR,ERR,ERR,ERR,ERR,ERR,ERR,ERR,ERR,ERR,ERR,ERR,ERR,ERR,ERR,ERR,ERR,ERR,ERR,ERR,ERR,ERR,ERR,ERR,ERR,ERR,ERR,ERR,ERR,ERR,ERR,ERR,ERR,ERR,ERR,ERR,ERR,ERR,ERR,ERR,ERR,ERR,ERR,ERR,ERR,ERR,ERR,ERR,ERR,ERR,ERR,ERR,ERR,ERR,ERR,ERR,ERR,ERR,ERR,ERR,ERR,ERR,ERR,ERR,ERR,ERR,ERR,ERR,ERR,ERR,ERR,ERR,ERR,ERR,ERR,ERR,ERR,ERR,ERR,ERR,ERR,ERR,ERR,ERR,ERR,ERR,ERR,ERR,ERR,ERR,ERR,ERR,ERR,ERR,ERR,ERR,ERR,ERR,ERR,ERR,ERR,ERR,ERR,ERR,ERR,ERR,ERR,ERR,ERR,ERR,ERR,ERR,ERR,ERR,ERR,ERR,ERR,ERR,ERR,ERR,ERR,ERR,ERR,ERR,0.0,-107615960.0,2.7302208049805177e+23,0.0,8472698.0,-1.5390583152943364e+31,-0.02,-0.0,0,0,4,17409,7116,0.0,100,0.0,0.0,-0.0,0.0,0.0,0,0,0,0,0.0,0,0,0,0,0,0,0,0,0,0,0,0,0,0,0,0,0,0,0,0,0,0,0,0,0,0,0,0,0,0,0,0,0,31,40,40,71,65476,0,300,0,0,8,21553,0.0,-107605600.0,0.0,0.0,0.0,0.0,0.0,0.0,0.0,0.0,0.0,0.0,0.0,0.0,0.0,0.0,0.0,0.0,0.0,0.0,0.0,0.0,2.004,3.697065187345642e+19,0.0,0.0,0.0,0.0,0.0,0.0,4833.0,-1.0406647618869524e+34,6943.0,0.0,-107615960.0,2.004,2.004,0.0,0.0,0.0,0.0,69,0.059,-0.0,0.0,0.0,0.0,0.0,0.0,0.0,0.0,0,0,0,0.0,0.0,0.0,0.0,0.0,0.0,0.0,0.0,0.0,0.0,0.0,0.0,0.0,0.0,0.0,0.0,0,-107875648.0,69,0.0,138,0.0,2.012,ERR,ERR,ERR,ERR,ERR,ERR,ERR,ERR,ERR,ERR,ERR,ERR,ERR,ERR,ERR,ERR,ERR,ERR,ERR,ERR,ERR,ERR,ERR,ERR,ERR,ERR,ERR,ERR,ERR,ERR,ERR,ERR,ERR,ERR,ERR,ERR,ERR,ERR,ERR,ERR,ERR,ERR,ERR,ERR,ERR,ERR,ERR,ERR,ERR,ERR,ERR,ERR,ERR,ERR,ERR,ERR,ERR,ERR,ERR,ERR,ERR,ERR,ERR,ERR,ERR,ERR,ERR,60.0,60.0,35,0.0,0.0,0.0,0.0,0.0,0.0,0.0,0.0,0.0,0.0,0.0,0.0,0.0,0.0,0.0,0.0,65.2,0,113,54,37,65476,0,300,0,0,8,20529,65476,0,0,2621,60.0,0.0,0.0,0.0,0.0,0.0
2026-07-09T15:12:22,ERR,ERR,ERR,ERR,ERR,ERR,ERR,ERR,ERR,ERR,ERR,ERR,ERR,ERR,ERR,ERR,ERR,ERR,ERR,ERR,ERR,ERR,ERR,ERR,ERR,ERR,ERR,ERR,ERR,ERR,ERR,ERR,ERR,ERR,ERR,ERR,ERR,ERR,ERR,ERR,ERR,ERR,ERR,ERR,ERR,ERR,ERR,ERR,ERR,ERR,ERR,ERR,ERR,ERR,ERR,ERR,ERR,ERR,ERR,ERR,ERR,ERR,ERR,ERR,ERR,ERR,ERR,ERR,ERR,ERR,ERR,ERR,ERR,ERR,ERR,ERR,ERR,ERR,ERR,ERR,ERR,ERR,ERR,ERR,ERR,ERR,ERR,ERR,ERR,ERR,ERR,ERR,ERR,ERR,ERR,ERR,ERR,ERR,ERR,ERR,ERR,ERR,ERR,ERR,ERR,ERR,ERR,ERR,ERR,ERR,ERR,ERR,ERR,ERR,ERR,ERR,ERR,ERR,ERR,ERR,ERR,ERR,ERR,ERR,ERR,0.0,-107615960.0,2.7302208049805177e+23,0.0,8472698.0,-1.5390583152943364e+31,-0.02,-0.0,0,0,4,17409,7116,0.0,100,0.0,0.0,-0.0,0.0,0.0,0,0,0,0,0.0,0,0,0,0,0,0,0,0,0,0,0,0,0,0,0,0,0,0,0,0,0,0,0,0,0,0,0,0,0,0,0,0,0,31,40,40,71,65476,0,300,0,0,8,21553,0.0,-107605600.0,0.0,0.0,0.0,0.0,0.0,0.0,0.0,0.0,0.0,0.0,0.0,0.0,0.0,0.0,0.0,0.0,0.0,0.0,0.0,0.0,2.004,3.697065187345642e+19,0.0,0.0,0.0,0.0,0.0,0.0,4833.0,-1.0406647618869524e+34,6943.0,0.0,-107615960.0,2.004,2.004,0.0,0.0,0.0,0.0,69,0.059,-0.0,0.0,0.0,0.0,0.0,0.0,0.0,0.0,0,0,0,0.0,0.0,0.0,0.0,0.0,0.0,0.0,0.0,0.0,0.0,0.0,0.0,0.0,0.0,0.0,0.0,0,-107875648.0,69,0.0,138,0.0,2.012,ERR,ERR,ERR,ERR,ERR,ERR,ERR,ERR,ERR,ERR,ERR,ERR,ERR,ERR,ERR,ERR,ERR,ERR,ERR,ERR,ERR,ERR,ERR,ERR,ERR,ERR,ERR,ERR,ERR,ERR,ERR,ERR,ERR,ERR,ERR,ERR,ERR,ERR,ERR,ERR,ERR,ERR,ERR,ERR,ERR,ERR,ERR,ERR,ERR,ERR,ERR,ERR,ERR,ERR,ERR,ERR,ERR,ERR,ERR,ERR,ERR,ERR,ERR,ERR,ERR,ERR,ERR,60.0,60.0,35,0.0,0.0,0.0,0.0,0.0,0.0,0.0,0.0,0.0,0.0,0.0,0.0,0.0,0.0,0.0,0.0,65.2,0,113,54,37,65476,0,300,0,0,8,20529,65476,0,0,2621,60.0,0.0,0.0,0.0,0.0,0.0
2026-07-09T15:12:23,ERR,ERR,ERR,ERR,ERR,ERR,ERR,ERR,ERR,ERR,ERR,ERR,ERR,ERR,ERR,ERR,ERR,ERR,ERR,ERR,ERR,ERR,ERR,ERR,ERR,ERR,ERR,ERR,ERR,ERR,ERR,ERR,ERR,ERR,ERR,ERR,ERR,ERR,ERR,ERR,ERR,ERR,ERR,ERR,ERR,ERR,ERR,ERR,ERR,ERR,ERR,ERR,ERR,ERR,ERR,ERR,ERR,ERR,ERR,ERR,ERR,ERR,ERR,ERR,ERR,ERR,ERR,ERR,ERR,ERR,ERR,ERR,ERR,ERR,ERR,ERR,ERR,ERR,ERR,ERR,ERR,ERR,ERR,ERR,ERR,ERR,ERR,ERR,ERR,ERR,ERR,ERR,ERR,ERR,ERR,ERR,ERR,ERR,ERR,ERR,ERR,ERR,ERR,ERR,ERR,ERR,ERR,ERR,ERR,ERR,ERR,ERR,ERR,ERR,ERR,ERR,ERR,ERR,ERR,ERR,ERR,ERR,ERR,ERR,ERR,-0.0,0.0,-107090384.0,0.0,-4368550592512.0,0.0,-4.125425122277921e+27,-235419516928.0,0,0,4,17408,7116,0.0,100,0.0,0.0,0.0,0.0,0.0,0,0,0,0,0.0,0,0,0,0,0,0,0,0,0,0,0,0,0,0,0,0,0,0,0,0,0,0,0,0,0,0,0,0,0,0,0,0,0,31,40,40,71,65476,0,300,0,0,8,21553,0.0,-107605600.0,0.0,0.0,0.0,0.0,0.0,0.0,0.0,0.0,0.0,0.0,0.0,0.0,0.0,0.0,0.0,0.0,0.0,0.0,0.0,0.0,-0.0,-0.0,0.0,0.0,0.0,0.0,0.0,0.0,4886.0,0.0,6913.0,0.0,0.0,2.004,2.004,0.0,0.0,0.0,0.0,69,-107614864.0,-0.0,0.0,0.0,0.0,0.0,0.0,0.0,0.0,0,0,0,0.0,0.0,0.0,0.0,0.0,0.0,0.0,0.0,0.0,0.0,0.0,0.0,0.0,0.0,0.0,0.0,0,-107875648.0,69,0.0,138,0.0,2.012,ERR,ERR,ERR,ERR,ERR,ERR,ERR,ERR,ERR,ERR,ERR,ERR,ERR,ERR,ERR,ERR,ERR,ERR,ERR,ERR,ERR,ERR,ERR,ERR,ERR,ERR,ERR,ERR,ERR,ERR,ERR,ERR,ERR,ERR,ERR,ERR,ERR,ERR,ERR,ERR,ERR,ERR,ERR,ERR,ERR,ERR,ERR,ERR,ERR,ERR,ERR,ERR,ERR,ERR,ERR,ERR,ERR,ERR,ERR,ERR,ERR,ERR,ERR,ERR,ERR,ERR,ERR,60.0,60.0,35,0.0,0.0,0.0,0.0,0.0,0.0,0.0,0.0,0.0,0.0,0.0,0.0,0.0,0.0,0.0,0.0,65.2,0,113,54,37,65476,0,300,0,0,8,20529,65476,0,0,2621,60.0,0.0,0.0,0.0,0.0,0.0
2026-07-09T15:12:24,ERR,ERR,ERR,ERR,ERR,ERR,ERR,ERR,ERR,ERR,ERR,ERR,ERR,ERR,ERR,ERR,ERR,ERR,ERR,ERR,ERR,ERR,ERR,ERR,ERR,ERR,ERR,ERR,ERR,ERR,ERR,ERR,ERR,ERR,ERR,ERR,ERR,ERR,ERR,ERR,ERR,ERR,ERR,ERR,ERR,ERR,ERR,ERR,ERR,ERR,ERR,ERR,ERR,ERR,ERR,ERR,ERR,ERR,ERR,ERR,ERR,ERR,ERR,ERR,ERR,ERR,ERR,ERR,ERR,ERR,ERR,ERR,ERR,ERR,ERR,ERR,ERR,ERR,ERR,ERR,ERR,ERR,ERR,ERR,ERR,ERR,ERR,ERR,ERR,ERR,ERR,ERR,ERR,ERR,ERR,ERR,ERR,ERR,ERR,ERR,ERR,ERR,ERR,ERR,ERR,ERR,ERR,ERR,ERR,ERR,ERR,ERR,ERR,ERR,ERR,ERR,ERR,ERR,ERR,ERR,ERR,ERR,ERR,ERR,ERR,-0.0,0.0,-107090384.0,0.0,-4368550592512.0,0.0,-4.125425122277921e+27,-235419516928.0,0,0,4,17408,7116,0.0,100,0.0,0.0,0.0,0.0,0.0,0,0,0,0,0.0,0,0,0,0,0,0,0,0,0,0,0,0,0,0,0,0,0,0,0,0,0,0,0,0,0,0,0,0,0,0,0,0,0,31,40,40,71,65476,0,300,0,0,8,21553,0.0,-107605600.0,0.0,0.0,0.0,0.0,0.0,0.0,0.0,0.0,0.0,0.0,0.0,0.0,0.0,0.0,0.0,0.0,0.0,0.0,0.0,0.0,-0.0,-0.0,0.0,0.0,0.0,0.0,0.0,0.0,4886.0,0.0,6913.0,0.0,0.0,2.004,2.004,0.0,0.0,0.0,0.0,69,-107614864.0,-0.0,0.0,0.0,0.0,0.0,0.0,0.0,0.0,0,0,0,0.0,0.0,0.0,0.0,0.0,0.0,0.0,0.0,0.0,0.0,0.0,0.0,0.0,0.0,0.0,0.0,0,-107875648.0,69,0.0,138,0.0,2.012,ERR,ERR,ERR,ERR,ERR,ERR,ERR,ERR,ERR,ERR,ERR,ERR,ERR,ERR,ERR,ERR,ERR,ERR,ERR,ERR,ERR,ERR,ERR,ERR,ERR,ERR,ERR,ERR,ERR,ERR,ERR,ERR,ERR,ERR,ERR,ERR,ERR,ERR,ERR,ERR,ERR,ERR,ERR,ERR,ERR,ERR,ERR,ERR,ERR,ERR,ERR,ERR,ERR,ERR,ERR,ERR,ERR,ERR,ERR,ERR,ERR,ERR,ERR,ERR,ERR,ERR,ERR,60.0,60.0,35,0.0,0.0,0.0,0.0,0.0,0.0,0.0,0.0,0.0,0.0,0.0,0.0,0.0,0.0,0.0,0.0,65.2,0,113,54,37,65476,0,300,0,0,8,20529,65476,0,0,2621,60.0,0.0,0.0,0.0,0.0,0.0
2026-07-09T15:12:25,ERR,ERR,ERR,ERR,ERR,ERR,ERR,ERR,ERR,ERR,ERR,ERR,ERR,ERR,ERR,ERR,ERR,ERR,ERR,ERR,ERR,ERR,ERR,ERR,ERR,ERR,ERR,ERR,ERR,ERR,ERR,ERR,ERR,ERR,ERR,ERR,ERR,ERR,ERR,ERR,ERR,ERR,ERR,ERR,ERR,ERR,ERR,ERR,ERR,ERR,ERR,ERR,ERR,ERR,ERR,ERR,ERR,ERR,ERR,ERR,ERR,ERR,ERR,ERR,ERR,ERR,ERR,ERR,ERR,ERR,ERR,ERR,ERR,ERR,ERR,ERR,ERR,ERR,ERR,ERR,ERR,ERR,ERR,ERR,ERR,ERR,ERR,ERR,ERR,ERR,ERR,ERR,ERR,ERR,ERR,ERR,ERR,ERR,ERR,ERR,ERR,ERR,ERR,ERR,ERR,ERR,ERR,ERR,ERR,ERR,ERR,ERR,ERR,ERR,ERR,ERR,ERR,ERR,ERR,ERR,ERR,ERR,ERR,ERR,ERR,-0.0,0.0,-107090384.0,0.0,-4368550592512.0,0.0,-4.125425122277921e+27,-235419516928.0,0,0,4,17408,7116,0.0,100,0.0,0.0,0.0,0.0,0.0,0,0,0,0,0.0,0,0,0,0,0,0,0,0,0,0,0,0,0,0,0,0,0,0,0,0,0,0,0,0,0,0,0,0,0,0,0,0,0,31,40,40,71,65476,0,300,0,0,8,21553,0.0,-107605600.0,0.0,0.0,0.0,0.0,0.0,0.0,0.0,0.0,0.0,0.0,0.0,0.0,0.0,0.0,0.0,0.0,0.0,0.0,0.0,0.0,-0.0,-0.0,0.0,0.0,0.0,0.0,0.0,0.0,4886.0,0.0,6913.0,0.0,0.0,2.004,2.004,0.0,0.0,0.0,0.0,69,-107614864.0,-0.0,0.0,0.0,0.0,0.0,0.0,0.0,0.0,0,0,0,0.0,0.0,0.0,0.0,0.0,0.0,0.0,0.0,0.0,0.0,0.0,0.0,0.0,0.0,0.0,0.0,0,-107875648.0,69,0.0,138,0.0,2.012,ERR,ERR,ERR,ERR,ERR,ERR,ERR,ERR,ERR,ERR,ERR,ERR,ERR,ERR,ERR,ERR,ERR,ERR,ERR,ERR,ERR,ERR,ERR,ERR,ERR,ERR,ERR,ERR,ERR,ERR,ERR,ERR,ERR,ERR,ERR,ERR,ERR,ERR,ERR,ERR,ERR,ERR,ERR,ERR,ERR,ERR,ERR,ERR,ERR,ERR,ERR,ERR,ERR,ERR,ERR,ERR,ERR,ERR,ERR,ERR,ERR,ERR,ERR,ERR,ERR,ERR,ERR,60.0,60.0,35,0.0,0.0,0.0,0.0,0.0,0.0,0.0,0.0,0.0,0.0,0.0,0.0,0.0,0.0,0.0,0.0,65.6,0,113,54,37,65476,0,300,0,0,8,20529,65476,0,0,2621,60.0,0.0,0.0,0.0,0.0,0.0
2026-07-09T15:12:26,ERR,ERR,ERR,ERR,ERR,ERR,ERR,ERR,ERR,ERR,ERR,ERR,ERR,ERR,ERR,ERR,ERR,ERR,ERR,ERR,ERR,ERR,ERR,ERR,ERR,ERR,ERR,ERR,ERR,ERR,ERR,ERR,ERR,ERR,ERR,ERR,ERR,ERR,ERR,ERR,ERR,ERR,ERR,ERR,ERR,ERR,ERR,ERR,ERR,ERR,ERR,ERR,ERR,ERR,ERR,ERR,ERR,ERR,ERR,ERR,ERR,ERR,ERR,ERR,ERR,ERR,ERR,ERR,ERR,ERR,ERR,ERR,ERR,ERR,ERR,ERR,ERR,ERR,ERR,ERR,ERR,ERR,ERR,ERR,ERR,ERR,ERR,ERR,ERR,ERR,ERR,ERR,ERR,ERR,ERR,ERR,ERR,ERR,ERR,ERR,ERR,ERR,ERR,ERR,ERR,ERR,ERR,ERR,ERR,ERR,ERR,ERR,ERR,ERR,ERR,ERR,ERR,ERR,ERR,ERR,ERR,ERR,ERR,ERR,ERR,-0.0,0.0,-107090384.0,0.0,-4368550592512.0,0.0,-4.125425122277921e+27,-235419516928.0,0,0,4,17408,7116,0.0,100,0.0,0.0,0.0,0.0,0.0,0,0,0,0,0.0,0,0,0,0,0,0,0,0,0,0,0,0,0,0,0,0,0,0,0,0,0,0,0,0,0,0,0,0,0,0,0,0,0,31,40,40,71,65476,0,300,0,0,8,21553,0.0,-107605600.0,0.0,0.0,0.0,0.0,0.0,0.0,0.0,0.0,0.0,0.0,0.0,0.0,0.0,0.0,0.0,0.0,0.0,0.0,0.0,0.0,-0.0,-0.0,0.0,0.0,0.0,0.0,0.0,0.0,4886.0,0.0,6913.0,0.0,0.0,2.004,2.004,0.0,0.0,0.0,0.0,69,-107614864.0,-0.0,0.0,0.0,0.0,0.0,0.0,0.0,0.0,0,0,0,0.0,0.0,0.0,0.0,0.0,0.0,0.0,0.0,0.0,0.0,0.0,0.0,0.0,0.0,0.0,0.0,0,-107875648.0,69,0.0,138,0.0,2.012,ERR,ERR,ERR,ERR,ERR,ERR,ERR,ERR,ERR,ERR,ERR,ERR,ERR,ERR,ERR,ERR,ERR,ERR,ERR,ERR,ERR,ERR,ERR,ERR,ERR,ERR,ERR,ERR,ERR,ERR,ERR,ERR,ERR,ERR,ERR,ERR,ERR,ERR,ERR,ERR,ERR,ERR,ERR,ERR,ERR,ERR,ERR,ERR,ERR,ERR,ERR,ERR,ERR,ERR,ERR,ERR,ERR,ERR,ERR,ERR,ERR,ERR,ERR,ERR,ERR,ERR,ERR,60.0,60.0,35,0.0,0.0,0.0,0.0,0.0,0.0,0.0,0.0,0.0,0.0,0.0,0.0,0.0,0.0,0.0,0.0,65.6,0,113,54,37,65476,0,300,0,0,8,20529,65476,0,0,2621,60.0,0.0,0.0,0.0,0.0,0.0
2026-07-09T15:12:27,ERR,ERR,ERR,ERR,ERR,ERR,ERR,ERR,ERR,ERR,ERR,ERR,ERR,ERR,ERR,ERR,ERR,ERR,ERR,ERR,ERR,ERR,ERR,ERR,ERR,ERR,ERR,ERR,ERR,ERR,ERR,ERR,ERR,ERR,ERR,ERR,ERR,ERR,ERR,ERR,ERR,ERR,ERR,ERR,ERR,ERR,ERR,ERR,ERR,ERR,ERR,ERR,ERR,ERR,ERR,ERR,ERR,ERR,ERR,ERR,ERR,ERR,ERR,ERR,ERR,ERR,ERR,ERR,ERR,ERR,ERR,ERR,ERR,ERR,ERR,ERR,ERR,ERR,ERR,ERR,ERR,ERR,ERR,ERR,ERR,ERR,ERR,ERR,ERR,ERR,ERR,ERR,ERR,ERR,ERR,ERR,ERR,ERR,ERR,ERR,ERR,ERR,ERR,ERR,ERR,ERR,ERR,ERR,ERR,ERR,ERR,ERR,ERR,ERR,ERR,ERR,ERR,ERR,ERR,ERR,ERR,ERR,ERR,ERR,ERR,-0.0,0.0,-107090384.0,0.0,-4368550592512.0,0.0,-4.125425122277921e+27,-235419516928.0,0,0,4,17408,7116,0.0,100,0.0,0.0,0.0,0.0,0.0,0,0,0,0,0.0,0,0,0,0,0,0,0,0,0,0,0,0,0,0,0,0,0,0,0,0,0,0,0,0,0,0,0,0,0,0,0,0,0,31,40,40,71,65476,0,300,0,0,8,21553,0.0,-107605600.0,0.0,0.0,0.0,0.0,0.0,0.0,0.0,0.0,0.0,0.0,0.0,0.0,0.0,0.0,0.0,0.0,0.0,0.0,0.0,0.0,-0.0,-0.0,0.0,0.0,0.0,0.0,0.0,0.0,4886.0,0.0,6913.0,0.0,0.0,2.004,2.004,0.0,0.0,0.0,0.0,69,-107614864.0,-0.0,0.0,0.0,0.0,0.0,0.0,0.0,0.0,0,0,0,0.0,0.0,0.0,0.0,0.0,0.0,0.0,0.0,0.0,0.0,0.0,0.0,0.0,0.0,0.0,0.0,0,-107875648.0,69,0.0,138,0.0,2.012,ERR,ERR,ERR,ERR,ERR,ERR,ERR,ERR,ERR,ERR,ERR,ERR,ERR,ERR,ERR,ERR,ERR,ERR,ERR,ERR,ERR,ERR,ERR,ERR,ERR,ERR,ERR,ERR,ERR,ERR,ERR,ERR,ERR,ERR,ERR,ERR,ERR,ERR,ERR,ERR,ERR,ERR,ERR,ERR,ERR,ERR,ERR,ERR,ERR,ERR,ERR,ERR,ERR,ERR,ERR,ERR,ERR,ERR,ERR,ERR,ERR,ERR,ERR,ERR,ERR,ERR,ERR,60.0,60.0,35,0.0,0.0,0.0,0.0,0.0,0.0,0.0,0.0,0.0,0.0,0.0,0.0,0.0,0.0,0.0,0.0,65.2,0,113,54,37,65476,0,300,0,0,8,20529,65476,0,0,2621,60.0,0.0,0.0,0.0,0.0,0.0
2026-07-09T15:12:28,ERR,ERR,ERR,ERR,ERR,ERR,ERR,ERR,ERR,ERR,ERR,ERR,ERR,ERR,ERR,ERR,ERR,ERR,ERR,ERR,ERR,ERR,ERR,ERR,ERR,ERR,ERR,ERR,ERR,ERR,ERR,ERR,ERR,ERR,ERR,ERR,ERR,ERR,ERR,ERR,ERR,ERR,ERR,ERR,ERR,ERR,ERR,ERR,ERR,ERR,ERR,ERR,ERR,ERR,ERR,ERR,ERR,ERR,ERR,ERR,ERR,ERR,ERR,ERR,ERR,ERR,ERR,ERR,ERR,ERR,ERR,ERR,ERR,ERR,ERR,ERR,ERR,ERR,ERR,ERR,ERR,ERR,ERR,ERR,ERR,ERR,ERR,ERR,ERR,ERR,ERR,ERR,ERR,ERR,ERR,ERR,ERR,ERR,ERR,ERR,ERR,ERR,ERR,ERR,ERR,ERR,ERR,ERR,ERR,ERR,ERR,ERR,ERR,ERR,ERR,ERR,ERR,ERR,ERR,ERR,ERR,ERR,ERR,ERR,ERR,0.0,-0.0,0.0,0.0,6.451308721476958e+29,4.752785625015794e+25,0.0,-4.081865881235881e+33,0,0,4,17410,7116,0.0,100,0.0,0.0,0.0,0.0,0.0,0,0,0,0,0.0,0,0,0,0,0,0,0,0,0,0,0,0,0,0,0,0,0,0,0,0,0,0,0,0,0,0,0,0,0,0,0,0,0,31,40,40,71,65476,0,300,0,0,8,21553,0.0,-107605600.0,0.0,0.0,0.0,0.0,0.0,0.0,0.0,0.0,0.0,0.0,0.0,0.0,0.0,0.0,0.0,0.0,0.0,0.0,0.0,0.0,2.004,0.0,0.0,0.0,0.0,0.0,0.0,0.0,4845.0,-1.0406647618869524e+34,6943.0,0.0,-107615968.0,2.004,2.004,0.0,0.0,0.0,0.0,69,4.06685743590774e+29,-0.0,0.0,0.0,0.0,0.0,0.0,0.0,0.0,0,0,0,0.0,0.0,0.0,0.0,0.0,0.0,0.0,0.0,0.0,0.0,0.0,0.0,0.0,0.0,0.0,0.0,0,-107875648.0,69,0.0,138,0.0,2.012,ERR,ERR,ERR,ERR,ERR,ERR,ERR,ERR,ERR,ERR,ERR,ERR,ERR,ERR,ERR,ERR,ERR,ERR,ERR,ERR,ERR,ERR,ERR,ERR,ERR,ERR,ERR,ERR,ERR,ERR,ERR,ERR,ERR,ERR,ERR,ERR,ERR,ERR,ERR,ERR,ERR,ERR,ERR,ERR,ERR,ERR,ERR,ERR,ERR,ERR,ERR,ERR,ERR,ERR,ERR,ERR,ERR,ERR,ERR,ERR,ERR,ERR,ERR,ERR,ERR,ERR,ERR,60.0,60.0,35,0.0,0.0,0.0,0.0,0.0,0.0,0.0,0.0,0.0,0.0,0.0,0.0,0.0,0.0,0.0,0.0,65.6,0,113,54,37,65476,0,300,0,0,8,20529,65476,0,0,2621,60.0,0.0,0.0,0.0,0.0,0.0
2026-07-09T15:12:29,ERR,ERR,ERR,ERR,ERR,ERR,ERR,ERR,ERR,ERR,ERR,ERR,ERR,ERR,ERR,ERR,ERR,ERR,ERR,ERR,ERR,ERR,ERR,ERR,ERR,ERR,ERR,ERR,ERR,ERR,ERR,ERR,ERR,ERR,ERR,ERR,ERR,ERR,ERR,ERR,ERR,ERR,ERR,ERR,ERR,ERR,ERR,ERR,ERR,ERR,ERR,ERR,ERR,ERR,ERR,ERR,ERR,ERR,ERR,ERR,ERR,ERR,ERR,ERR,ERR,ERR,ERR,ERR,ERR,ERR,ERR,ERR,ERR,ERR,ERR,ERR,ERR,ERR,ERR,ERR,ERR,ERR,ERR,ERR,ERR,ERR,ERR,ERR,ERR,ERR,ERR,ERR,ERR,ERR,ERR,ERR,ERR,ERR,ERR,ERR,ERR,ERR,ERR,ERR,ERR,ERR,ERR,ERR,ERR,ERR,ERR,ERR,ERR,ERR,ERR,ERR,ERR,ERR,ERR,ERR,ERR,ERR,ERR,ERR,ERR,0.0,-0.0,0.0,0.0,6.451308721476958e+29,4.752785625015794e+25,0.0,-4.081865881235881e+33,0,0,4,17410,7116,0.0,100,0.0,0.0,0.0,0.0,0.0,0,0,0,0,0.0,0,0,0,0,0,0,0,0,0,0,0,0,0,0,0,0,0,0,0,0,0,0,0,0,0,0,0,0,0,0,0,0,0,31,40,40,71,65476,0,300,0,0,8,21553,0.0,-107605600.0,0.0,0.0,0.0,0.0,0.0,0.0,0.0,0.0,0.0,0.0,0.0,0.0,0.0,0.0,0.0,0.0,0.0,0.0,0.0,0.0,2.004,0.0,0.0,0.0,0.0,0.0,0.0,0.0,4845.0,-1.0406647618869524e+34,6943.0,0.0,-107615968.0,2.004,2.004,0.0,0.0,0.0,0.0,69,4.06685743590774e+29,-0.0,0.0,0.0,0.0,0.0,0.0,0.0,0.0,0,0,0,0.0,0.0,0.0,0.0,0.0,0.0,0.0,0.0,0.0,0.0,0.0,0.0,0.0,0.0,0.0,0.0,0,-107875648.0,69,0.0,138,0.0,2.012,ERR,ERR,ERR,ERR,ERR,ERR,ERR,ERR,ERR,ERR,ERR,ERR,ERR,ERR,ERR,ERR,ERR,ERR,ERR,ERR,ERR,ERR,ERR,ERR,ERR,ERR,ERR,ERR,ERR,ERR,ERR,ERR,ERR,ERR,ERR,ERR,ERR,ERR,ERR,ERR,ERR,ERR,ERR,ERR,ERR,ERR,ERR,ERR,ERR,ERR,ERR,ERR,ERR,ERR,ERR,ERR,ERR,ERR,ERR,ERR,ERR,ERR,ERR,ERR,ERR,ERR,ERR,60.0,60.0,35,0.0,0.0,0.0,0.0,0.0,0.0,0.0,0.0,0.0,0.0,0.0,0.0,0.0,0.0,0.0,0.0,65.6,0,113,54,37,65476,0,300,0,0,8,20529,65476,0,0,2621,60.0,0.0,0.0,0.0,0.0,0.0
2026-07-09T15:12:30,ERR,ERR,ERR,ERR,ERR,ERR,ERR,ERR,ERR,ERR,ERR,ERR,ERR,ERR,ERR,ERR,ERR,ERR,ERR,ERR,ERR,ERR,ERR,ERR,ERR,ERR,ERR,ERR,ERR,ERR,ERR,ERR,ERR,ERR,ERR,ERR,ERR,ERR,ERR,ERR,ERR,ERR,ERR,ERR,ERR,ERR,ERR,ERR,ERR,ERR,ERR,ERR,ERR,ERR,ERR,ERR,ERR,ERR,ERR,ERR,ERR,ERR,ERR,ERR,ERR,ERR,ERR,ERR,ERR,ERR,ERR,ERR,ERR,ERR,ERR,ERR,ERR,ERR,ERR,ERR,ERR,ERR,ERR,ERR,ERR,ERR,ERR,ERR,ERR,ERR,ERR,ERR,ERR,ERR,ERR,ERR,ERR,ERR,ERR,ERR,ERR,ERR,ERR,ERR,ERR,ERR,ERR,ERR,ERR,ERR,ERR,ERR,ERR,ERR,ERR,ERR,ERR,ERR,ERR,ERR,ERR,ERR,ERR,ERR,ERR,0.0,-0.0,0.0,0.0,6.451308721476958e+29,4.752785625015794e+25,0.0,-4.081865881235881e+33,0,0,4,17410,7116,0.0,100,0.0,0.0,0.0,0.0,0.0,0,0,0,0,0.0,0,0,0,0,0,0,0,0,0,0,0,0,0,0,0,0,0,0,0,0,0,0,0,0,0,0,0,0,0,0,0,0,0,31,40,40,71,65476,0,300,0,0,8,21553,0.0,-107605600.0,0.0,0.0,0.0,0.0,0.0,0.0,0.0,0.0,0.0,0.0,0.0,0.0,0.0,0.0,0.0,0.0,0.0,0.0,0.0,0.0,2.004,0.0,0.0,0.0,0.0,0.0,0.0,0.0,4845.0,-1.0406647618869524e+34,6943.0,0.0,-107615968.0,2.004,2.004,0.0,0.0,0.0,0.0,69,4.06685743590774e+29,-0.0,0.0,0.0,0.0,0.0,0.0,0.0,0.0,0,0,0,0.0,0.0,0.0,0.0,0.0,0.0,0.0,0.0,0.0,0.0,0.0,0.0,0.0,0.0,0.0,0.0,0,-107875648.0,69,0.0,138,0.0,2.012,ERR,ERR,ERR,ERR,ERR,ERR,ERR,ERR,ERR,ERR,ERR,ERR,ERR,ERR,ERR,ERR,ERR,ERR,ERR,ERR,ERR,ERR,ERR,ERR,ERR,ERR,ERR,ERR,ERR,ERR,ERR,ERR,ERR,ERR,ERR,ERR,ERR,ERR,ERR,ERR,ERR,ERR,ERR,ERR,ERR,ERR,ERR,ERR,ERR,ERR,ERR,ERR,ERR,ERR,ERR,ERR,ERR,ERR,ERR,ERR,ERR,ERR,ERR,ERR,ERR,ERR,ERR,60.0,60.0,35,0.0,0.0,0.0,0.0,0.0,0.0,0.0,0.0,0.0,0.0,0.0,0.0,0.0,0.0,0.0,0.0,65.2,0,113,54,37,65476,0,300,0,0,8,20529,65476,0,0,2621,60.0,0.0,0.0,0.0,0.0,0.0
2026-07-09T15:12:31,ERR,ERR,ERR,ERR,ERR,ERR,ERR,ERR,ERR,ERR,ERR,ERR,ERR,ERR,ERR,ERR,ERR,ERR,ERR,ERR,ERR,ERR,ERR,ERR,ERR,ERR,ERR,ERR,ERR,ERR,ERR,ERR,ERR,ERR,ERR,ERR,ERR,ERR,ERR,ERR,ERR,ERR,ERR,ERR,ERR,ERR,ERR,ERR,ERR,ERR,ERR,ERR,ERR,ERR,ERR,ERR,ERR,ERR,ERR,ERR,ERR,ERR,ERR,ERR,ERR,ERR,ERR,ERR,ERR,ERR,ERR,ERR,ERR,ERR,ERR,ERR,ERR,ERR,ERR,ERR,ERR,ERR,ERR,ERR,ERR,ERR,ERR,ERR,ERR,ERR,ERR,ERR,ERR,ERR,ERR,ERR,ERR,ERR,ERR,ERR,ERR,ERR,ERR,ERR,ERR,ERR,ERR,ERR,ERR,ERR,ERR,ERR,ERR,ERR,ERR,ERR,ERR,ERR,ERR,ERR,ERR,ERR,ERR,ERR,ERR,0.0,-0.0,0.0,0.0,6.451308721476958e+29,4.752785625015794e+25,0.0,-4.081865881235881e+33,0,0,4,17410,7116,0.0,100,0.0,0.0,0.0,0.0,0.0,0,0,0,0,0.0,0,0,0,0,0,0,0,0,0,0,0,0,0,0,0,0,0,0,0,0,0,0,0,0,0,0,0,0,0,0,0,0,0,31,40,40,71,65476,0,300,0,0,8,21553,0.0,-107605600.0,0.0,0.0,0.0,0.0,0.0,0.0,0.0,0.0,0.0,0.0,0.0,0.0,0.0,0.0,0.0,0.0,0.0,0.0,0.0,0.0,2.004,0.0,0.0,0.0,0.0,0.0,0.0,0.0,4845.0,-1.0406647618869524e+34,6943.0,0.0,-107615968.0,2.004,2.004,0.0,0.0,0.0,0.0,69,4.06685743590774e+29,-0.0,0.0,0.0,0.0,0.0,0.0,0.0,0.0,0,0,0,0.0,0.0,0.0,0.0,0.0,0.0,0.0,0.0,0.0,0.0,0.0,0.0,0.0,0.0,0.0,0.0,0,-107875648.0,69,0.0,138,0.0,2.012,ERR,ERR,ERR,ERR,ERR,ERR,ERR,ERR,ERR,ERR,ERR,ERR,ERR,ERR,ERR,ERR,ERR,ERR,ERR,ERR,ERR,ERR,ERR,ERR,ERR,ERR,ERR,ERR,ERR,ERR,ERR,ERR,ERR,ERR,ERR,ERR,ERR,ERR,ERR,ERR,ERR,ERR,ERR,ERR,ERR,ERR,ERR,ERR,ERR,ERR,ERR,ERR,ERR,ERR,ERR,ERR,ERR,ERR,ERR,ERR,ERR,ERR,ERR,ERR,ERR,ERR,ERR,60.0,60.0,35,0.0,0.0,0.0,0.0,0.0,0.0,0.0,0.0,0.0,0.0,0.0,0.0,0.0,0.0,0.0,0.0,65.2,0,113,54,37,65476,0,300,0,0,8,20529,65476,0,0,2621,60.0,0.0,0.0,0.0,0.0,0.0
2026-07-09T15:12:32,ERR,ERR,ERR,ERR,ERR,ERR,ERR,ERR,ERR,ERR,ERR,ERR,ERR,ERR,ERR,ERR,ERR,ERR,ERR,ERR,ERR,ERR,ERR,ERR,ERR,ERR,ERR,ERR,ERR,ERR,ERR,ERR,ERR,ERR,ERR,ERR,ERR,ERR,ERR,ERR,ERR,ERR,ERR,ERR,ERR,ERR,ERR,ERR,ERR,ERR,ERR,ERR,ERR,ERR,ERR,ERR,ERR,ERR,ERR,ERR,ERR,ERR,ERR,ERR,ERR,ERR,ERR,ERR,ERR,ERR,ERR,ERR,ERR,ERR,ERR,ERR,ERR,ERR,ERR,ERR,ERR,ERR,ERR,ERR,ERR,ERR,ERR,ERR,ERR,ERR,ERR,ERR,ERR,ERR,ERR,ERR,ERR,ERR,ERR,ERR,ERR,ERR,ERR,ERR,ERR,ERR,ERR,ERR,ERR,ERR,ERR,ERR,ERR,ERR,ERR,ERR,ERR,ERR,ERR,ERR,ERR,ERR,ERR,ERR,ERR,0.0,-0.0,0.0,0.0,6.451308721476958e+29,4.752785625015794e+25,0.0,-4.081865881235881e+33,0,0,4,17410,7116,0.0,100,0.0,0.0,0.0,0.0,0.0,0,0,0,0,0.0,0,0,0,0,0,0,0,0,0,0,0,0,0,0,0,0,0,0,0,0,0,0,0,0,0,0,0,0,0,0,0,0,0,31,40,40,71,65476,0,300,0,0,8,21553,0.0,-107605600.0,0.0,0.0,0.0,0.0,0.0,0.0,0.0,0.0,0.0,0.0,0.0,0.0,0.0,0.0,0.0,0.0,0.0,0.0,0.0,0.0,2.004,0.0,0.0,0.0,0.0,0.0,0.0,0.0,4845.0,-1.0406647618869524e+34,6943.0,0.0,-107615968.0,2.004,2.004,0.0,0.0,0.0,0.0,69,4.06685743590774e+29,-0.0,0.0,0.0,0.0,0.0,0.0,0.0,0.0,0,0,0,0.0,0.0,0.0,0.0,0.0,0.0,0.0,0.0,0.0,0.0,0.0,0.0,0.0,0.0,0.0,0.0,0,-107875648.0,69,0.0,138,0.0,2.012,ERR,ERR,ERR,ERR,ERR,ERR,ERR,ERR,ERR,ERR,ERR,ERR,ERR,ERR,ERR,ERR,ERR,ERR,ERR,ERR,ERR,ERR,ERR,ERR,ERR,ERR,ERR,ERR,ERR,ERR,ERR,ERR,ERR,ERR,ERR,ERR,ERR,ERR,ERR,ERR,ERR,ERR,ERR,ERR,ERR,ERR,ERR,ERR,ERR,ERR,ERR,ERR,ERR,ERR,ERR,ERR,ERR,ERR,ERR,ERR,ERR,ERR,ERR,ERR,ERR,ERR,ERR,60.0,60.0,35,0.0,0.0,0.0,0.0,0.0,0.0,0.0,0.0,0.0,0.0,0.0,0.0,0.0,0.0,0.0,0.0,65.6,0,113,54,37,65476,0,300,0,0,8,20529,65476,0,0,2621,60.0,0.0,0.0,0.0,0.0,0.0
2026-07-09T15:12:33,ERR,ERR,ERR,ERR,ERR,ERR,ERR,ERR,ERR,ERR,ERR,ERR,ERR,ERR,ERR,ERR,ERR,ERR,ERR,ERR,ERR,ERR,ERR,ERR,ERR,ERR,ERR,ERR,ERR,ERR,ERR,ERR,ERR,ERR,ERR,ERR,ERR,ERR,ERR,ERR,ERR,ERR,ERR,ERR,ERR,ERR,ERR,ERR,ERR,ERR,ERR,ERR,ERR,ERR,ERR,ERR,ERR,ERR,ERR,ERR,ERR,ERR,ERR,ERR,ERR,ERR,ERR,ERR,ERR,ERR,ERR,ERR,ERR,ERR,ERR,ERR,ERR,ERR,ERR,ERR,ERR,ERR,ERR,ERR,ERR,ERR,ERR,ERR,ERR,ERR,ERR,ERR,ERR,ERR,ERR,ERR,ERR,ERR,ERR,ERR,ERR,ERR,ERR,ERR,ERR,ERR,ERR,ERR,ERR,ERR,ERR,ERR,ERR,ERR,ERR,ERR,ERR,ERR,ERR,ERR,ERR,ERR,ERR,ERR,ERR,0.0,0.0,0.0,0.0,0.0,-0.0,37559860.0,0.0,0,0,4,17410,7116,0.0,100,0.0,0.0,0.0,0.0,0.0,0,0,0,0,0.0,0,0,0,0,0,0,0,0,0,0,0,0,0,0,0,0,0,0,0,0,0,0,0,0,0,0,0,0,0,0,0,0,0,31,40,40,71,65476,0,300,0,0,8,21553,0.0,-107605600.0,0.0,0.0,0.0,0.0,0.0,0.0,0.0,0.0,0.0,0.0,0.0,0.0,0.0,0.0,0.0,0.0,0.0,0.0,0.0,0.0,2.004,3.697065627150293e+19,0.0,0.0,0.0,0.0,0.0,0.0,4868.0,0.0,6918.0,-0.0,2.718444252242914e+23,2.004,2.004,0.0,0.0,0.0,0.0,69,0.0,-107614736.0,0.0,0.0,0.0,0.0,0.0,0.0,0.0,0,0,0,0.0,0.0,0.0,0.0,0.0,0.0,0.0,0.0,0.0,0.0,0.0,0.0,0.0,0.0,0.0,0.0,0,-107875648.0,69,0.0,138,0.0,2.012,ERR,ERR,ERR,ERR,ERR,ERR,ERR,ERR,ERR,ERR,ERR,ERR,ERR,ERR,ERR,ERR,ERR,ERR,ERR,ERR,ERR,ERR,ERR,ERR,ERR,ERR,ERR,ERR,ERR,ERR,ERR,ERR,ERR,ERR,ERR,ERR,ERR,ERR,ERR,ERR,ERR,ERR,ERR,ERR,ERR,ERR,ERR,ERR,ERR,ERR,ERR,ERR,ERR,ERR,ERR,ERR,ERR,ERR,ERR,ERR,ERR,ERR,ERR,ERR,ERR,ERR,ERR,60.0,60.0,35,0.0,0.0,0.0,0.0,0.0,0.0,0.0,0.0,0.0,0.0,0.0,0.0,0.0,0.0,0.0,0.0,65.2,0,113,54,37,65476,0,300,0,0,8,20529,65476,0,0,2621,60.0,0.0,0.0,0.0,0.0,0.0
2026-07-09T15:12:34,ERR,ERR,ERR,ERR,ERR,ERR,ERR,ERR,ERR,ERR,ERR,ERR,ERR,ERR,ERR,ERR,ERR,ERR,ERR,ERR,ERR,ERR,ERR,ERR,ERR,ERR,ERR,ERR,ERR,ERR,ERR,ERR,ERR,ERR,ERR,ERR,ERR,ERR,ERR,ERR,ERR,ERR,ERR,ERR,ERR,ERR,ERR,ERR,ERR,ERR,ERR,ERR,ERR,ERR,ERR,ERR,ERR,ERR,ERR,ERR,ERR,ERR,ERR,ERR,ERR,ERR,ERR,ERR,ERR,ERR,ERR,ERR,ERR,ERR,ERR,ERR,ERR,ERR,ERR,ERR,ERR,ERR,ERR,ERR,ERR,ERR,ERR,ERR,ERR,ERR,ERR,ERR,ERR,ERR,ERR,ERR,ERR,ERR,ERR,ERR,ERR,ERR,ERR,ERR,ERR,ERR,ERR,ERR,ERR,ERR,ERR,ERR,ERR,ERR,ERR,ERR,ERR,ERR,ERR,ERR,ERR,ERR,ERR,ERR,ERR,0.0,0.0,0.0,0.0,0.0,-0.0,37559860.0,0.0,0,0,4,17410,7116,0.0,100,0.0,0.0,0.0,0.0,0.0,0,0,0,0,0.0,0,0,0,0,0,0,0,0,0,0,0,0,0,0,0,0,0,0,0,0,0,0,0,0,0,0,0,0,0,0,0,0,0,31,40,40,71,65476,0,300,0,0,8,21553,0.0,-107605600.0,0.0,0.0,0.0,0.0,0.0,0.0,0.0,0.0,0.0,0.0,0.0,0.0,0.0,0.0,0.0,0.0,0.0,0.0,0.0,0.0,2.004,3.697065627150293e+19,0.0,0.0,0.0,0.0,0.0,0.0,4868.0,0.0,6918.0,-0.0,2.718444252242914e+23,2.004,2.004,0.0,0.0,0.0,0.0,69,0.0,-107614736.0,0.0,0.0,0.0,0.0,0.0,0.0,0.0,0,0,0,0.0,0.0,0.0,0.0,0.0,0.0,0.0,0.0,0.0,0.0,0.0,0.0,0.0,0.0,0.0,0.0,0,-107875648.0,69,0.0,138,0.0,2.012,ERR,ERR,ERR,ERR,ERR,ERR,ERR,ERR,ERR,ERR,ERR,ERR,ERR,ERR,ERR,ERR,ERR,ERR,ERR,ERR,ERR,ERR,ERR,ERR,ERR,ERR,ERR,ERR,ERR,ERR,ERR,ERR,ERR,ERR,ERR,ERR,ERR,ERR,ERR,ERR,ERR,ERR,ERR,ERR,ERR,ERR,ERR,ERR,ERR,ERR,ERR,ERR,ERR,ERR,ERR,ERR,ERR,ERR,ERR,ERR,ERR,ERR,ERR,ERR,ERR,ERR,ERR,60.0,60.0,35,0.0,0.0,0.0,0.0,0.0,0.0,0.0,0.0,0.0,0.0,0.0,0.0,0.0,0.0,0.0,0.0,65.2,0,113,54,37,65476,0,300,0,0,8,20529,65476,0,0,2621,60.0,0.0,0.0,0.0,0.0,0.0
2026-07-09T15:12:35,ERR,ERR,ERR,ERR,ERR,ERR,ERR,ERR,ERR,ERR,ERR,ERR,ERR,ERR,ERR,ERR,ERR,ERR,ERR,ERR,ERR,ERR,ERR,ERR,ERR,ERR,ERR,ERR,ERR,ERR,ERR,ERR,ERR,ERR,ERR,ERR,ERR,ERR,ERR,ERR,ERR,ERR,ERR,ERR,ERR,ERR,ERR,ERR,ERR,ERR,ERR,ERR,ERR,ERR,ERR,ERR,ERR,ERR,ERR,ERR,ERR,ERR,ERR,ERR,ERR,ERR,ERR,ERR,ERR,ERR,ERR,ERR,ERR,ERR,ERR,ERR,ERR,ERR,ERR,ERR,ERR,ERR,ERR,ERR,ERR,ERR,ERR,ERR,ERR,ERR,ERR,ERR,ERR,ERR,ERR,ERR,ERR,ERR,ERR,ERR,ERR,ERR,ERR,ERR,ERR,ERR,ERR,ERR,ERR,ERR,ERR,ERR,ERR,ERR,ERR,ERR,ERR,ERR,ERR,ERR,ERR,ERR,ERR,ERR,ERR,0.0,0.0,0.0,0.0,0.0,-0.0,37559860.0,0.0,0,0,4,17410,7116,0.0,100,0.0,0.0,0.0,0.0,0.0,0,0,0,0,0.0,0,0,0,0,0,0,0,0,0,0,0,0,0,0,0,0,0,0,0,0,0,0,0,0,0,0,0,0,0,0,0,0,0,31,40,40,71,65476,0,300,0,0,8,21553,0.0,-107605600.0,0.0,0.0,0.0,0.0,0.0,0.0,0.0,0.0,0.0,0.0,0.0,0.0,0.0,0.0,0.0,0.0,0.0,0.0,0.0,0.0,2.004,3.697065627150293e+19,0.0,0.0,0.0,0.0,0.0,0.0,4868.0,0.0,6918.0,-0.0,2.718444252242914e+23,2.004,2.004,0.0,0.0,0.0,0.0,69,0.0,-107614736.0,0.0,0.0,0.0,0.0,0.0,0.0,0.0,0,0,0,0.0,0.0,0.0,0.0,0.0,0.0,0.0,0.0,0.0,0.0,0.0,0.0,0.0,0.0,0.0,0.0,0,-107875648.0,69,0.0,138,0.0,2.012,ERR,ERR,ERR,ERR,ERR,ERR,ERR,ERR,ERR,ERR,ERR,ERR,ERR,ERR,ERR,ERR,ERR,ERR,ERR,ERR,ERR,ERR,ERR,ERR,ERR,ERR,ERR,ERR,ERR,ERR,ERR,ERR,ERR,ERR,ERR,ERR,ERR,ERR,ERR,ERR,ERR,ERR,ERR,ERR,ERR,ERR,ERR,ERR,ERR,ERR,ERR,ERR,ERR,ERR,ERR,ERR,ERR,ERR,ERR,ERR,ERR,ERR,ERR,ERR,ERR,ERR,ERR,60.0,60.0,35,0.0,0.0,0.0,0.0,0.0,0.0,0.0,0.0,0.0,0.0,0.0,0.0,0.0,0.0,0.0,0.0,65.2,0,113,54,37,65476,0,300,0,0,8,20529,65476,0,0,2621,60.0,0.0,0.0,0.0,0.0,0.0
2026-07-09T15:12:36,ERR,ERR,ERR,ERR,ERR,ERR,ERR,ERR,ERR,ERR,ERR,ERR,ERR,ERR,ERR,ERR,ERR,ERR,ERR,ERR,ERR,ERR,ERR,ERR,ERR,ERR,ERR,ERR,ERR,ERR,ERR,ERR,ERR,ERR,ERR,ERR,ERR,ERR,ERR,ERR,ERR,ERR,ERR,ERR,ERR,ERR,ERR,ERR,ERR,ERR,ERR,ERR,ERR,ERR,ERR,ERR,ERR,ERR,ERR,ERR,ERR,ERR,ERR,ERR,ERR,ERR,ERR,ERR,ERR,ERR,ERR,ERR,ERR,ERR,ERR,ERR,ERR,ERR,ERR,ERR,ERR,ERR,ERR,ERR,ERR,ERR,ERR,ERR,ERR,ERR,ERR,ERR,ERR,ERR,ERR,ERR,ERR,ERR,ERR,ERR,ERR,ERR,ERR,ERR,ERR,ERR,ERR,ERR,ERR,ERR,ERR,ERR,ERR,ERR,ERR,ERR,ERR,ERR,ERR,ERR,ERR,ERR,ERR,ERR,ERR,0.0,0.0,0.0,0.0,0.0,-0.0,37559860.0,0.0,0,0,4,17410,7116,0.0,100,0.0,0.0,0.0,0.0,0.0,0,0,0,0,0.0,0,0,0,0,0,0,0,0,0,0,0,0,0,0,0,0,0,0,0,0,0,0,0,0,0,0,0,0,0,0,0,0,0,31,40,40,71,65476,0,300,0,0,8,21553,0.0,-107605600.0,0.0,0.0,0.0,0.0,0.0,0.0,0.0,0.0,0.0,0.0,0.0,0.0,0.0,0.0,0.0,0.0,0.0,0.0,0.0,0.0,2.004,3.697065627150293e+19,0.0,0.0,0.0,0.0,0.0,0.0,4868.0,0.0,6918.0,-0.0,2.718444252242914e+23,2.004,2.004,0.0,0.0,0.0,0.0,69,0.0,-107614736.0,0.0,0.0,0.0,0.0,0.0,0.0,0.0,0,0,0,0.0,0.0,0.0,0.0,0.0,0.0,0.0,0.0,0.0,0.0,0.0,0.0,0.0,0.0,0.0,0.0,0,-107875648.0,69,0.0,138,0.0,2.012,ERR,ERR,ERR,ERR,ERR,ERR,ERR,ERR,ERR,ERR,ERR,ERR,ERR,ERR,ERR,ERR,ERR,ERR,ERR,ERR,ERR,ERR,ERR,ERR,ERR,ERR,ERR,ERR,ERR,ERR,ERR,ERR,ERR,ERR,ERR,ERR,ERR,ERR,ERR,ERR,ERR,ERR,ERR,ERR,ERR,ERR,ERR,ERR,ERR,ERR,ERR,ERR,ERR,ERR,ERR,ERR,ERR,ERR,ERR,ERR,ERR,ERR,ERR,ERR,ERR,ERR,ERR,60.0,60.0,35,0.0,0.0,0.0,0.0,0.0,0.0,0.0,0.0,0.0,0.0,0.0,0.0,0.0,0.0,0.0,0.0,65.2,0,113,54,37,65476,0,300,0,0,8,20529,65476,0,0,2621,60.0,0.0,0.0,0.0,0.0,0.0
2026-07-09T15:12:37,ERR,ERR,ERR,ERR,ERR,ERR,ERR,ERR,ERR,ERR,ERR,ERR,ERR,ERR,ERR,ERR,ERR,ERR,ERR,ERR,ERR,ERR,ERR,ERR,ERR,ERR,ERR,ERR,ERR,ERR,ERR,ERR,ERR,ERR,ERR,ERR,ERR,ERR,ERR,ERR,ERR,ERR,ERR,ERR,ERR,ERR,ERR,ERR,ERR,ERR,ERR,ERR,ERR,ERR,ERR,ERR,ERR,ERR,ERR,ERR,ERR,ERR,ERR,ERR,ERR,ERR,ERR,ERR,ERR,ERR,ERR,ERR,ERR,ERR,ERR,ERR,ERR,ERR,ERR,ERR,ERR,ERR,ERR,ERR,ERR,ERR,ERR,ERR,ERR,ERR,ERR,ERR,ERR,ERR,ERR,ERR,ERR,ERR,ERR,ERR,ERR,ERR,ERR,ERR,ERR,ERR,ERR,ERR,ERR,ERR,ERR,ERR,ERR,ERR,ERR,ERR,ERR,ERR,ERR,ERR,ERR,ERR,ERR,ERR,ERR,0.0,0.0,0.0,0.0,0.0,-0.0,37559860.0,0.0,0,0,4,17410,7116,0.0,100,0.0,0.0,0.0,0.0,0.0,0,0,0,0,0.0,0,0,0,0,0,0,0,0,0,0,0,0,0,0,0,0,0,0,0,0,0,0,0,0,0,0,0,0,0,0,0,0,0,31,40,40,71,65476,0,300,0,0,8,21553,0.0,-107605600.0,0.0,0.0,0.0,0.0,0.0,0.0,0.0,0.0,0.0,0.0,0.0,0.0,0.0,0.0,0.0,0.0,0.0,0.0,0.0,0.0,2.004,3.697065627150293e+19,0.0,0.0,0.0,0.0,0.0,0.0,4868.0,0.0,6918.0,-0.0,2.718444252242914e+23,2.004,2.004,0.0,0.0,0.0,0.0,69,0.0,-107614736.0,0.0,0.0,0.0,0.0,0.0,0.0,0.0,0,0,0,0.0,0.0,0.0,0.0,0.0,0.0,0.0,0.0,0.0,0.0,0.0,0.0,0.0,0.0,0.0,0.0,0,-107875648.0,69,0.0,138,0.0,2.012,ERR,ERR,ERR,ERR,ERR,ERR,ERR,ERR,ERR,ERR,ERR,ERR,ERR,ERR,ERR,ERR,ERR,ERR,ERR,ERR,ERR,ERR,ERR,ERR,ERR,ERR,ERR,ERR,ERR,ERR,ERR,ERR,ERR,ERR,ERR,ERR,ERR,ERR,ERR,ERR,ERR,ERR,ERR,ERR,ERR,ERR,ERR,ERR,ERR,ERR,ERR,ERR,ERR,ERR,ERR,ERR,ERR,ERR,ERR,ERR,ERR,ERR,ERR,ERR,ERR,ERR,ERR,60.0,60.0,35,0.0,0.0,0.0,0.0,0.0,0.0,0.0,0.0,0.0,0.0,0.0,0.0,0.0,0.0,0.0,0.0,65.6,0,113,54,37,65476,0,300,0,0,8,20529,65476,0,0,2621,60.0,0.0,0.0,0.0,0.0,0.0
2026-07-09T15:12:38,ERR,ERR,ERR,ERR,ERR,ERR,ERR,ERR,ERR,ERR,ERR,ERR,ERR,ERR,ERR,ERR,ERR,ERR,ERR,ERR,ERR,ERR,ERR,ERR,ERR,ERR,ERR,ERR,ERR,ERR,ERR,ERR,ERR,ERR,ERR,ERR,ERR,ERR,ERR,ERR,ERR,ERR,ERR,ERR,ERR,ERR,ERR,ERR,ERR,ERR,ERR,ERR,ERR,ERR,ERR,ERR,ERR,ERR,ERR,ERR,ERR,ERR,ERR,ERR,ERR,ERR,ERR,ERR,ERR,ERR,ERR,ERR,ERR,ERR,ERR,ERR,ERR,ERR,ERR,ERR,ERR,ERR,ERR,ERR,ERR,ERR,ERR,ERR,ERR,ERR,ERR,ERR,ERR,ERR,ERR,ERR,ERR,ERR,ERR,ERR,ERR,ERR,ERR,ERR,ERR,ERR,ERR,ERR,ERR,ERR,ERR,ERR,ERR,ERR,ERR,ERR,ERR,ERR,ERR,ERR,ERR,ERR,ERR,ERR,ERR,0.0,-0.0,0.0,0.0,0.0,-4.446072544965789e+35,-0.0,-0.0,0,0,4,17411,7116,0.0,100,0.0,0.0,-0.0,0.0,0.0,0,0,0,0,0.0,0,0,0,0,0,0,0,0,0,0,0,0,0,0,0,0,0,0,0,0,0,0,0,0,0,0,0,0,0,0,0,0,0,31,40,40,71,65476,0,300,0,0,8,21553,0.0,-107605600.0,0.0,0.0,0.0,0.0,0.0,0.0,0.0,0.0,0.0,0.0,0.0,0.0,0.0,0.0,0.0,0.0,0.0,0.0,0.0,0.0,2.004,-0.0,0.0,0.0,0.0,0.0,0.0,0.0,4890.0,0.0,6916.0,0.0,-107615976.0,2.004,2.004,0.0,0.0,0.0,0.0,69,-0.0,-71.629,0.0,0.0,0.0,0.0,0.0,0.0,0.0,0,0,0,0.0,0.0,0.0,0.0,0.0,0.0,0.0,0.0,0.0,0.0,0.0,0.0,0.0,0.0,0.0,0.0,0,-107875648.0,69,0.0,138,0.0,2.012,ERR,ERR,ERR,ERR,ERR,ERR,ERR,ERR,ERR,ERR,ERR,ERR,ERR,ERR,ERR,ERR,ERR,ERR,ERR,ERR,ERR,ERR,ERR,ERR,ERR,ERR,ERR,ERR,ERR,ERR,ERR,ERR,ERR,ERR,ERR,ERR,ERR,ERR,ERR,ERR,ERR,ERR,ERR,ERR,ERR,ERR,ERR,ERR,ERR,ERR,ERR,ERR,ERR,ERR,ERR,ERR,ERR,ERR,ERR,ERR,ERR,ERR,ERR,ERR,ERR,ERR,ERR,60.0,60.0,35,0.0,0.0,0.0,0.0,0.0,0.0,0.0,0.0,0.0,0.0,0.0,0.0,0.0,0.0,0.0,0.0,65.2,0,113,54,37,65476,0,300,0,0,8,20529,65476,0,0,2621,60.0,0.0,0.0,0.0,0.0,0.0
2026-07-09T15:12:39,ERR,ERR,ERR,ERR,ERR,ERR,ERR,ERR,ERR,ERR,ERR,ERR,ERR,ERR,ERR,ERR,ERR,ERR,ERR,ERR,ERR,ERR,ERR,ERR,ERR,ERR,ERR,ERR,ERR,ERR,ERR,ERR,ERR,ERR,ERR,ERR,ERR,ERR,ERR,ERR,ERR,ERR,ERR,ERR,ERR,ERR,ERR,ERR,ERR,ERR,ERR,ERR,ERR,ERR,ERR,ERR,ERR,ERR,ERR,ERR,ERR,ERR,ERR,ERR,ERR,ERR,ERR,ERR,ERR,ERR,ERR,ERR,ERR,ERR,ERR,ERR,ERR,ERR,ERR,ERR,ERR,ERR,ERR,ERR,ERR,ERR,ERR,ERR,ERR,ERR,ERR,ERR,ERR,ERR,ERR,ERR,ERR,ERR,ERR,ERR,ERR,ERR,ERR,ERR,ERR,ERR,ERR,ERR,ERR,ERR,ERR,ERR,ERR,ERR,ERR,ERR,ERR,ERR,ERR,ERR,ERR,ERR,ERR,ERR,ERR,0.0,-0.0,0.0,0.0,0.0,-4.446072544965789e+35,-0.0,-0.0,0,0,4,17411,7116,0.0,100,0.0,0.0,-0.0,0.0,0.0,0,0,0,0,0.0,0,0,0,0,0,0,0,0,0,0,0,0,0,0,0,0,0,0,0,0,0,0,0,0,0,0,0,0,0,0,0,0,0,31,40,40,71,65476,0,300,0,0,8,21553,0.0,-107605600.0,0.0,0.0,0.0,0.0,0.0,0.0,0.0,0.0,0.0,0.0,0.0,0.0,0.0,0.0,0.0,0.0,0.0,0.0,0.0,0.0,2.004,-0.0,0.0,0.0,0.0,0.0,0.0,0.0,4890.0,0.0,6916.0,0.0,-107615976.0,2.004,2.004,0.0,0.0,0.0,0.0,69,-0.0,-71.629,0.0,0.0,0.0,0.0,0.0,0.0,0.0,0,0,0,0.0,0.0,0.0,0.0,0.0,0.0,0.0,0.0,0.0,0.0,0.0,0.0,0.0,0.0,0.0,0.0,0,-107875648.0,69,0.0,138,0.0,2.012,ERR,ERR,ERR,ERR,ERR,ERR,ERR,ERR,ERR,ERR,ERR,ERR,ERR,ERR,ERR,ERR,ERR,ERR,ERR,ERR,ERR,ERR,ERR,ERR,ERR,ERR,ERR,ERR,ERR,ERR,ERR,ERR,ERR,ERR,ERR,ERR,ERR,ERR,ERR,ERR,ERR,ERR,ERR,ERR,ERR,ERR,ERR,ERR,ERR,ERR,ERR,ERR,ERR,ERR,ERR,ERR,ERR,ERR,ERR,ERR,ERR,ERR,ERR,ERR,ERR,ERR,ERR,60.0,60.0,35,0.0,0.0,0.0,0.0,0.0,0.0,0.0,0.0,0.0,0.0,0.0,0.0,0.0,0.0,0.0,0.0,65.2,0,113,54,37,65476,0,300,0,0,8,20529,65476,0,0,2621,60.0,0.0,0.0,0.0,0.0,0.0
2026-07-09T15:12:40,ERR,ERR,ERR,ERR,ERR,ERR,ERR,ERR,ERR,ERR,ERR,ERR,ERR,ERR,ERR,ERR,ERR,ERR,ERR,ERR,ERR,ERR,ERR,ERR,ERR,ERR,ERR,ERR,ERR,ERR,ERR,ERR,ERR,ERR,ERR,ERR,ERR,ERR,ERR,ERR,ERR,ERR,ERR,ERR,ERR,ERR,ERR,ERR,ERR,ERR,ERR,ERR,ERR,ERR,ERR,ERR,ERR,ERR,ERR,ERR,ERR,ERR,ERR,ERR,ERR,ERR,ERR,ERR,ERR,ERR,ERR,ERR,ERR,ERR,ERR,ERR,ERR,ERR,ERR,ERR,ERR,ERR,ERR,ERR,ERR,ERR,ERR,ERR,ERR,ERR,ERR,ERR,ERR,ERR,ERR,ERR,ERR,ERR,ERR,ERR,ERR,ERR,ERR,ERR,ERR,ERR,ERR,ERR,ERR,ERR,ERR,ERR,ERR,ERR,ERR,ERR,ERR,ERR,ERR,ERR,ERR,ERR,ERR,ERR,ERR,0.0,-0.0,0.0,0.0,0.0,-4.446072544965789e+35,-0.0,-0.0,0,0,4,17411,7116,0.0,100,0.0,0.0,-0.0,0.0,0.0,0,0,0,0,0.0,0,0,0,0,0,0,0,0,0,0,0,0,0,0,0,0,0,0,0,0,0,0,0,0,0,0,0,0,0,0,0,0,0,31,40,40,71,65476,0,300,0,0,8,21553,0.0,-107605600.0,0.0,0.0,0.0,0.0,0.0,0.0,0.0,0.0,0.0,0.0,0.0,0.0,0.0,0.0,0.0,0.0,0.0,0.0,0.0,0.0,2.004,-0.0,0.0,0.0,0.0,0.0,0.0,0.0,4890.0,0.0,6916.0,0.0,-107615976.0,2.004,2.004,0.0,0.0,0.0,0.0,69,-0.0,-71.629,0.0,0.0,0.0,0.0,0.0,0.0,0.0,0,0,0,0.0,0.0,0.0,0.0,0.0,0.0,0.0,0.0,0.0,0.0,0.0,0.0,0.0,0.0,0.0,0.0,0,-107875648.0,69,0.0,138,0.0,2.012,ERR,ERR,ERR,ERR,ERR,ERR,ERR,ERR,ERR,ERR,ERR,ERR,ERR,ERR,ERR,ERR,ERR,ERR,ERR,ERR,ERR,ERR,ERR,ERR,ERR,ERR,ERR,ERR,ERR,ERR,ERR,ERR,ERR,ERR,ERR,ERR,ERR,ERR,ERR,ERR,ERR,ERR,ERR,ERR,ERR,ERR,ERR,ERR,ERR,ERR,ERR,ERR,ERR,ERR,ERR,ERR,ERR,ERR,ERR,ERR,ERR,ERR,ERR,ERR,ERR,ERR,ERR,60.0,60.0,35,0.0,0.0,0.0,0.0,0.0,0.0,0.0,0.0,0.0,0.0,0.0,0.0,0.0,0.0,0.0,0.0,65.2,0,113,55,37,65476,0,300,0,0,8,20529,65476,0,0,2621,60.0,0.0,0.0,0.0,0.0,0.0
2026-07-09T15:12:41,ERR,ERR,ERR,ERR,ERR,ERR,ERR,ERR,ERR,ERR,ERR,ERR,ERR,ERR,ERR,ERR,ERR,ERR,ERR,ERR,ERR,ERR,ERR,ERR,ERR,ERR,ERR,ERR,ERR,ERR,ERR,ERR,ERR,ERR,ERR,ERR,ERR,ERR,ERR,ERR,ERR,ERR,ERR,ERR,ERR,ERR,ERR,ERR,ERR,ERR,ERR,ERR,ERR,ERR,ERR,ERR,ERR,ERR,ERR,ERR,ERR,ERR,ERR,ERR,ERR,ERR,ERR,ERR,ERR,ERR,ERR,ERR,ERR,ERR,ERR,ERR,ERR,ERR,ERR,ERR,ERR,ERR,ERR,ERR,ERR,ERR,ERR,ERR,ERR,ERR,ERR,ERR,ERR,ERR,ERR,ERR,ERR,ERR,ERR,ERR,ERR,ERR,ERR,ERR,ERR,ERR,ERR,ERR,ERR,ERR,ERR,ERR,ERR,ERR,ERR,ERR,ERR,ERR,ERR,ERR,ERR,ERR,ERR,ERR,ERR,0.0,-0.0,0.0,0.0,0.0,-4.446072544965789e+35,-0.0,-0.0,0,0,4,17411,7116,0.0,100,0.0,0.0,-0.0,0.0,0.0,0,0,0,0,0.0,0,0,0,0,0,0,0,0,0,0,0,0,0,0,0,0,0,0,0,0,0,0,0,0,0,0,0,0,0,0,0,0,0,31,40,40,71,65476,0,300,0,0,8,21553,0.0,-107605600.0,0.0,0.0,0.0,0.0,0.0,0.0,0.0,0.0,0.0,0.0,0.0,0.0,0.0,0.0,0.0,0.0,0.0,0.0,0.0,0.0,2.004,-0.0,0.0,0.0,0.0,0.0,0.0,0.0,4890.0,0.0,6916.0,0.0,-107615976.0,2.004,2.004,0.0,0.0,0.0,0.0,69,-0.0,-71.629,0.0,0.0,0.0,0.0,0.0,0.0,0.0,0,0,0,0.0,0.0,0.0,0.0,0.0,0.0,0.0,0.0,0.0,0.0,0.0,0.0,0.0,0.0,0.0,0.0,0,-107875648.0,69,0.0,138,0.0,2.012,ERR,ERR,ERR,ERR,ERR,ERR,ERR,ERR,ERR,ERR,ERR,ERR,ERR,ERR,ERR,ERR,ERR,ERR,ERR,ERR,ERR,ERR,ERR,ERR,ERR,ERR,ERR,ERR,ERR,ERR,ERR,ERR,ERR,ERR,ERR,ERR,ERR,ERR,ERR,ERR,ERR,ERR,ERR,ERR,ERR,ERR,ERR,ERR,ERR,ERR,ERR,ERR,ERR,ERR,ERR,ERR,ERR,ERR,ERR,ERR,ERR,ERR,ERR,ERR,ERR,ERR,ERR,60.0,60.0,35,0.0,0.0,0.0,0.0,0.0,0.0,0.0,0.0,0.0,0.0,0.0,0.0,0.0,0.0,0.0,0.0,65.2,0,113,55,37,65476,0,300,0,0,8,20529,65476,0,0,2621,60.0,0.0,0.0,0.0,0.0,0.0
2026-07-09T15:12:42,ERR,ERR,ERR,ERR,ERR,ERR,ERR,ERR,ERR,ERR,ERR,ERR,ERR,ERR,ERR,ERR,ERR,ERR,ERR,ERR,ERR,ERR,ERR,ERR,ERR,ERR,ERR,ERR,ERR,ERR,ERR,ERR,ERR,ERR,ERR,ERR,ERR,ERR,ERR,ERR,ERR,ERR,ERR,ERR,ERR,ERR,ERR,ERR,ERR,ERR,ERR,ERR,ERR,ERR,ERR,ERR,ERR,ERR,ERR,ERR,ERR,ERR,ERR,ERR,ERR,ERR,ERR,ERR,ERR,ERR,ERR,ERR,ERR,ERR,ERR,ERR,ERR,ERR,ERR,ERR,ERR,ERR,ERR,ERR,ERR,ERR,ERR,ERR,ERR,ERR,ERR,ERR,ERR,ERR,ERR,ERR,ERR,ERR,ERR,ERR,ERR,ERR,ERR,ERR,ERR,ERR,ERR,ERR,ERR,ERR,ERR,ERR,ERR,ERR,ERR,ERR,ERR,ERR,ERR,ERR,ERR,ERR,ERR,ERR,ERR,0.0,-0.0,0.0,0.0,0.0,-4.446072544965789e+35,-0.0,-0.0,0,0,4,17411,7116,0.0,100,0.0,0.0,-0.0,0.0,0.0,0,0,0,0,0.0,0,0,0,0,0,0,0,0,0,0,0,0,0,0,0,0,0,0,0,0,0,0,0,0,0,0,0,0,0,0,0,0,0,31,40,40,71,65476,0,300,0,0,8,21553,0.0,-107605600.0,0.0,0.0,0.0,0.0,0.0,0.0,0.0,0.0,0.0,0.0,0.0,0.0,0.0,0.0,0.0,0.0,0.0,0.0,0.0,0.0,2.004,-0.0,0.0,0.0,0.0,0.0,0.0,0.0,4890.0,0.0,6916.0,0.0,-107615976.0,2.004,2.004,0.0,0.0,0.0,0.0,69,-0.0,-71.629,0.0,0.0,0.0,0.0,0.0,0.0,0.0,0,0,0,0.0,0.0,0.0,0.0,0.0,0.0,0.0,0.0,0.0,0.0,0.0,0.0,0.0,0.0,0.0,0.0,0,-107875648.0,69,0.0,138,0.0,2.012,ERR,ERR,ERR,ERR,ERR,ERR,ERR,ERR,ERR,ERR,ERR,ERR,ERR,ERR,ERR,ERR,ERR,ERR,ERR,ERR,ERR,ERR,ERR,ERR,ERR,ERR,ERR,ERR,ERR,ERR,ERR,ERR,ERR,ERR,ERR,ERR,ERR,ERR,ERR,ERR,ERR,ERR,ERR,ERR,ERR,ERR,ERR,ERR,ERR,ERR,ERR,ERR,ERR,ERR,ERR,ERR,ERR,ERR,ERR,ERR,ERR,ERR,ERR,ERR,ERR,ERR,ERR,60.0,60.0,35,0.0,0.0,0.0,0.0,0.0,0.0,0.0,0.0,0.0,0.0,0.0,0.0,0.0,0.0,0.0,0.0,65.6,0,113,55,37,65476,0,300,0,0,8,20529,65476,0,0,2621,60.0,0.0,0.0,0.0,0.0,0.0
2026-07-09T15:12:43,ERR,ERR,ERR,ERR,ERR,ERR,ERR,ERR,ERR,ERR,ERR,ERR,ERR,ERR,ERR,ERR,ERR,ERR,ERR,ERR,ERR,ERR,ERR,ERR,ERR,ERR,ERR,ERR,ERR,ERR,ERR,ERR,ERR,ERR,ERR,ERR,ERR,ERR,ERR,ERR,ERR,ERR,ERR,ERR,ERR,ERR,ERR,ERR,ERR,ERR,ERR,ERR,ERR,ERR,ERR,ERR,ERR,ERR,ERR,ERR,ERR,ERR,ERR,ERR,ERR,ERR,ERR,ERR,ERR,ERR,ERR,ERR,ERR,ERR,ERR,ERR,ERR,ERR,ERR,ERR,ERR,ERR,ERR,ERR,ERR,ERR,ERR,ERR,ERR,ERR,ERR,ERR,ERR,ERR,ERR,ERR,ERR,ERR,ERR,ERR,ERR,ERR,ERR,ERR,ERR,ERR,ERR,ERR,ERR,ERR,ERR,ERR,ERR,ERR,ERR,ERR,ERR,ERR,ERR,ERR,ERR,ERR,ERR,ERR,ERR,0.0,0.0,0.0,0.0,4.621889486333149e+18,0.0,-0.0,-1.0076403097353387e+35,0,0,4,17412,7116,0.0,100,0.0,0.0,0.0,0.0,0.0,0,0,0,0,0.0,0,0,0,0,0,0,0,0,0,0,0,0,0,0,0,0,0,0,0,0,0,0,0,0,0,0,0,0,0,0,0,0,0,31,40,40,71,65476,0,300,0,0,8,21553,0.0,-107605600.0,0.0,0.0,0.0,0.0,0.0,0.0,0.0,0.0,0.0,0.0,0.0,0.0,0.0,0.0,0.0,0.0,0.0,0.0,0.0,0.0,2.004,0.0,0.0,0.0,0.0,0.0,0.0,0.0,4883.0,0.0,6914.0,0.0,2.718444432386899e+23,2.004,2.004,0.0,0.0,0.0,0.0,69,5.8480592484267044e+35,-0.0,0.0,0.0,0.0,0.0,0.0,0.0,0.0,0,0,0,0.0,0.0,0.0,0.0,0.0,0.0,0.0,0.0,0.0,0.0,0.0,0.0,0.0,0.0,0.0,0.0,0,-107875648.0,69,0.0,138,0.0,2.012,ERR,ERR,ERR,ERR,ERR,ERR,ERR,ERR,ERR,ERR,ERR,ERR,ERR,ERR,ERR,ERR,ERR,ERR,ERR,ERR,ERR,ERR,ERR,ERR,ERR,ERR,ERR,ERR,ERR,ERR,ERR,ERR,ERR,ERR,ERR,ERR,ERR,ERR,ERR,ERR,ERR,ERR,ERR,ERR,ERR,ERR,ERR,ERR,ERR,ERR,ERR,ERR,ERR,ERR,ERR,ERR,ERR,ERR,ERR,ERR,ERR,ERR,ERR,ERR,ERR,ERR,ERR,60.0,60.0,35,0.0,0.0,0.0,0.0,0.0,0.0,0.0,0.0,0.0,0.0,0.0,0.0,0.0,0.0,0.0,0.0,65.6,0,113,55,37,65476,0,300,0,0,8,20529,65476,0,0,2621,60.0,0.0,0.0,0.0,0.0,0.0
2026-07-09T15:12:44,ERR,ERR,ERR,ERR,ERR,ERR,ERR,ERR,ERR,ERR,ERR,ERR,ERR,ERR,ERR,ERR,ERR,ERR,ERR,ERR,ERR,ERR,ERR,ERR,ERR,ERR,ERR,ERR,ERR,ERR,ERR,ERR,ERR,ERR,ERR,ERR,ERR,ERR,ERR,ERR,ERR,ERR,ERR,ERR,ERR,ERR,ERR,ERR,ERR,ERR,ERR,ERR,ERR,ERR,ERR,ERR,ERR,ERR,ERR,ERR,ERR,ERR,ERR,ERR,ERR,ERR,ERR,ERR,ERR,ERR,ERR,ERR,ERR,ERR,ERR,ERR,ERR,ERR,ERR,ERR,ERR,ERR,ERR,ERR,ERR,ERR,ERR,ERR,ERR,ERR,ERR,ERR,ERR,ERR,ERR,ERR,ERR,ERR,ERR,ERR,ERR,ERR,ERR,ERR,ERR,ERR,ERR,ERR,ERR,ERR,ERR,ERR,ERR,ERR,ERR,ERR,ERR,ERR,ERR,ERR,ERR,ERR,ERR,ERR,ERR,0.0,0.0,0.0,0.0,4.621889486333149e+18,0.0,-0.0,-1.0076403097353387e+35,0,0,4,17412,7116,0.0,100,0.0,0.0,0.0,0.0,0.0,0,0,0,0,0.0,0,0,0,0,0,0,0,0,0,0,0,0,0,0,0,0,0,0,0,0,0,0,0,0,0,0,0,0,0,0,0,0,0,31,40,40,71,65476,0,300,0,0,8,21553,0.0,-107605600.0,0.0,0.0,0.0,0.0,0.0,0.0,0.0,0.0,0.0,0.0,0.0,0.0,0.0,0.0,0.0,0.0,0.0,0.0,0.0,0.0,2.004,0.0,0.0,0.0,0.0,0.0,0.0,0.0,4883.0,0.0,6914.0,0.0,2.718444432386899e+23,2.004,2.004,0.0,0.0,0.0,0.0,69,5.8480592484267044e+35,-0.0,0.0,0.0,0.0,0.0,0.0,0.0,0.0,0,0,0,0.0,0.0,0.0,0.0,0.0,0.0,0.0,0.0,0.0,0.0,0.0,0.0,0.0,0.0,0.0,0.0,0,-107875648.0,69,0.0,138,0.0,2.012,ERR,ERR,ERR,ERR,ERR,ERR,ERR,ERR,ERR,ERR,ERR,ERR,ERR,ERR,ERR,ERR,ERR,ERR,ERR,ERR,ERR,ERR,ERR,ERR,ERR,ERR,ERR,ERR,ERR,ERR,ERR,ERR,ERR,ERR,ERR,ERR,ERR,ERR,ERR,ERR,ERR,ERR,ERR,ERR,ERR,ERR,ERR,ERR,ERR,ERR,ERR,ERR,ERR,ERR,ERR,ERR,ERR,ERR,ERR,ERR,ERR,ERR,ERR,ERR,ERR,ERR,ERR,60.0,60.0,35,0.0,0.0,0.0,0.0,0.0,0.0,0.0,0.0,0.0,0.0,0.0,0.0,0.0,0.0,0.0,0.0,65.2,0,113,55,37,65476,0,300,0,0,8,20529,65476,0,0,2621,60.0,0.0,0.0,0.0,0.0,0.0
2026-07-09T15:12:45,ERR,ERR,ERR,ERR,ERR,ERR,ERR,ERR,ERR,ERR,ERR,ERR,ERR,ERR,ERR,ERR,ERR,ERR,ERR,ERR,ERR,ERR,ERR,ERR,ERR,ERR,ERR,ERR,ERR,ERR,ERR,ERR,ERR,ERR,ERR,ERR,ERR,ERR,ERR,ERR,ERR,ERR,ERR,ERR,ERR,ERR,ERR,ERR,ERR,ERR,ERR,ERR,ERR,ERR,ERR,ERR,ERR,ERR,ERR,ERR,ERR,ERR,ERR,ERR,ERR,ERR,ERR,ERR,ERR,ERR,ERR,ERR,ERR,ERR,ERR,ERR,ERR,ERR,ERR,ERR,ERR,ERR,ERR,ERR,ERR,ERR,ERR,ERR,ERR,ERR,ERR,ERR,ERR,ERR,ERR,ERR,ERR,ERR,ERR,ERR,ERR,ERR,ERR,ERR,ERR,ERR,ERR,ERR,ERR,ERR,ERR,ERR,ERR,ERR,ERR,ERR,ERR,ERR,ERR,ERR,ERR,ERR,ERR,ERR,ERR,0.0,0.0,0.0,0.0,4.621889486333149e+18,0.0,-0.0,-1.0076403097353387e+35,0,0,4,17412,7116,0.0,100,0.0,0.0,0.0,0.0,0.0,0,0,0,0,0.0,0,0,0,0,0,0,0,0,0,0,0,0,0,0,0,0,0,0,0,0,0,0,0,0,0,0,0,0,0,0,0,0,0,31,40,40,71,65476,0,300,0,0,8,21553,0.0,-107605600.0,0.0,0.0,0.0,0.0,0.0,0.0,0.0,0.0,0.0,0.0,0.0,0.0,0.0,0.0,0.0,0.0,0.0,0.0,0.0,0.0,2.004,0.0,0.0,0.0,0.0,0.0,0.0,0.0,4883.0,0.0,6914.0,0.0,2.718444432386899e+23,2.004,2.004,0.0,0.0,0.0,0.0,69,5.8480592484267044e+35,-0.0,0.0,0.0,0.0,0.0,0.0,0.0,0.0,0,0,0,0.0,0.0,0.0,0.0,0.0,0.0,0.0,0.0,0.0,0.0,0.0,0.0,0.0,0.0,0.0,0.0,0,-107875648.0,69,0.0,138,0.0,2.012,ERR,ERR,ERR,ERR,ERR,ERR,ERR,ERR,ERR,ERR,ERR,ERR,ERR,ERR,ERR,ERR,ERR,ERR,ERR,ERR,ERR,ERR,ERR,ERR,ERR,ERR,ERR,ERR,ERR,ERR,ERR,ERR,ERR,ERR,ERR,ERR,ERR,ERR,ERR,ERR,ERR,ERR,ERR,ERR,ERR,ERR,ERR,ERR,ERR,ERR,ERR,ERR,ERR,ERR,ERR,ERR,ERR,ERR,ERR,ERR,ERR,ERR,ERR,ERR,ERR,ERR,ERR,60.0,60.0,35,0.0,0.0,0.0,0.0,0.0,0.0,0.0,0.0,0.0,0.0,0.0,0.0,0.0,0.0,0.0,0.0,65.2,0,113,55,37,65476,0,300,0,0,8,20529,65476,0,0,2621,60.0,0.0,0.0,0.0,0.0,0.0
2026-07-09T15:12:46,ERR,ERR,ERR,ERR,ERR,ERR,ERR,ERR,ERR,ERR,ERR,ERR,ERR,ERR,ERR,ERR,ERR,ERR,ERR,ERR,ERR,ERR,ERR,ERR,ERR,ERR,ERR,ERR,ERR,ERR,ERR,ERR,ERR,ERR,ERR,ERR,ERR,ERR,ERR,ERR,ERR,ERR,ERR,ERR,ERR,ERR,ERR,ERR,ERR,ERR,ERR,ERR,ERR,ERR,ERR,ERR,ERR,ERR,ERR,ERR,ERR,ERR,ERR,ERR,ERR,ERR,ERR,ERR,ERR,ERR,ERR,ERR,ERR,ERR,ERR,ERR,ERR,ERR,ERR,ERR,ERR,ERR,ERR,ERR,ERR,ERR,ERR,ERR,ERR,ERR,ERR,ERR,ERR,ERR,ERR,ERR,ERR,ERR,ERR,ERR,ERR,ERR,ERR,ERR,ERR,ERR,ERR,ERR,ERR,ERR,ERR,ERR,ERR,ERR,ERR,ERR,ERR,ERR,ERR,ERR,ERR,ERR,ERR,ERR,ERR,0.0,0.0,0.0,0.0,4.621889486333149e+18,0.0,-0.0,-1.0076403097353387e+35,0,0,4,17412,7116,0.0,100,0.0,0.0,0.0,0.0,0.0,0,0,0,0,0.0,0,0,0,0,0,0,0,0,0,0,0,0,0,0,0,0,0,0,0,0,0,0,0,0,0,0,0,0,0,0,0,0,0,31,40,40,71,65476,0,300,0,0,8,21553,0.0,-107605600.0,0.0,0.0,0.0,0.0,0.0,0.0,0.0,0.0,0.0,0.0,0.0,0.0,0.0,0.0,0.0,0.0,0.0,0.0,0.0,0.0,2.004,0.0,0.0,0.0,0.0,0.0,0.0,0.0,4883.0,0.0,6914.0,0.0,2.718444432386899e+23,2.004,2.004,0.0,0.0,0.0,0.0,69,5.8480592484267044e+35,-0.0,0.0,0.0,0.0,0.0,0.0,0.0,0.0,0,0,0,0.0,0.0,0.0,0.0,0.0,0.0,0.0,0.0,0.0,0.0,0.0,0.0,0.0,0.0,0.0,0.0,0,-107875648.0,69,0.0,138,0.0,2.012,ERR,ERR,ERR,ERR,ERR,ERR,ERR,ERR,ERR,ERR,ERR,ERR,ERR,ERR,ERR,ERR,ERR,ERR,ERR,ERR,ERR,ERR,ERR,ERR,ERR,ERR,ERR,ERR,ERR,ERR,ERR,ERR,ERR,ERR,ERR,ERR,ERR,ERR,ERR,ERR,ERR,ERR,ERR,ERR,ERR,ERR,ERR,ERR,ERR,ERR,ERR,ERR,ERR,ERR,ERR,ERR,ERR,ERR,ERR,ERR,ERR,ERR,ERR,ERR,ERR,ERR,ERR,60.0,60.0,35,0.0,0.0,0.0,0.0,0.0,0.0,0.0,0.0,0.0,0.0,0.0,0.0,0.0,0.0,0.0,0.0,65.2,0,113,55,37,65476,0,300,0,0,8,20529,65476,0,0,2621,60.0,0.0,0.0,0.0,0.0,0.0
2026-07-09T15:12:47,ERR,ERR,ERR,ERR,ERR,ERR,ERR,ERR,ERR,ERR,ERR,ERR,ERR,ERR,ERR,ERR,ERR,ERR,ERR,ERR,ERR,ERR,ERR,ERR,ERR,ERR,ERR,ERR,ERR,ERR,ERR,ERR,ERR,ERR,ERR,ERR,ERR,ERR,ERR,ERR,ERR,ERR,ERR,ERR,ERR,ERR,ERR,ERR,ERR,ERR,ERR,ERR,ERR,ERR,ERR,ERR,ERR,ERR,ERR,ERR,ERR,ERR,ERR,ERR,ERR,ERR,ERR,ERR,ERR,ERR,ERR,ERR,ERR,ERR,ERR,ERR,ERR,ERR,ERR,ERR,ERR,ERR,ERR,ERR,ERR,ERR,ERR,ERR,ERR,ERR,ERR,ERR,ERR,ERR,ERR,ERR,ERR,ERR,ERR,ERR,ERR,ERR,ERR,ERR,ERR,ERR,ERR,ERR,ERR,ERR,ERR,ERR,ERR,ERR,ERR,ERR,ERR,ERR,ERR,ERR,ERR,ERR,ERR,ERR,ERR,0.0,0.0,0.0,0.0,4.621889486333149e+18,0.0,-0.0,-1.0076403097353387e+35,0,0,4,17412,7116,0.0,100,0.0,0.0,0.0,0.0,0.0,0,0,0,0,0.0,0,0,0,0,0,0,0,0,0,0,0,0,0,0,0,0,0,0,0,0,0,0,0,0,0,0,0,0,0,0,0,0,0,31,40,40,71,65476,0,300,0,0,8,21553,0.0,-107605600.0,0.0,0.0,0.0,0.0,0.0,0.0,0.0,0.0,0.0,0.0,0.0,0.0,0.0,0.0,0.0,0.0,0.0,0.0,0.0,0.0,2.004,0.0,0.0,0.0,0.0,0.0,0.0,0.0,4883.0,0.0,6914.0,0.0,2.718444432386899e+23,2.004,2.004,0.0,0.0,0.0,0.0,69,5.8480592484267044e+35,-0.0,0.0,0.0,0.0,0.0,0.0,0.0,0.0,0,0,0,0.0,0.0,0.0,0.0,0.0,0.0,0.0,0.0,0.0,0.0,0.0,0.0,0.0,0.0,0.0,0.0,0,-107875648.0,69,0.0,138,0.0,2.012,ERR,ERR,ERR,ERR,ERR,ERR,ERR,ERR,ERR,ERR,ERR,ERR,ERR,ERR,ERR,ERR,ERR,ERR,ERR,ERR,ERR,ERR,ERR,ERR,ERR,ERR,ERR,ERR,ERR,ERR,ERR,ERR,ERR,ERR,ERR,ERR,ERR,ERR,ERR,ERR,ERR,ERR,ERR,ERR,ERR,ERR,ERR,ERR,ERR,ERR,ERR,ERR,ERR,ERR,ERR,ERR,ERR,ERR,ERR,ERR,ERR,ERR,ERR,ERR,ERR,ERR,ERR,60.0,60.0,35,0.0,0.0,0.0,0.0,0.0,0.0,0.0,0.0,0.0,0.0,0.0,0.0,0.0,0.0,0.0,0.0,65.2,0,113,55,37,65476,0,300,0,0,8,20529,65476,0,0,2621,60.0,0.0,0.0,0.0,0.0,0.0
2026-07-09T15:12:48,ERR,ERR,ERR,ERR,ERR,ERR,ERR,ERR,ERR,ERR,ERR,ERR,ERR,ERR,ERR,ERR,ERR,ERR,ERR,ERR,ERR,ERR,ERR,ERR,ERR,ERR,ERR,ERR,ERR,ERR,ERR,ERR,ERR,ERR,ERR,ERR,ERR,ERR,ERR,ERR,ERR,ERR,ERR,ERR,ERR,ERR,ERR,ERR,ERR,ERR,ERR,ERR,ERR,ERR,ERR,ERR,ERR,ERR,ERR,ERR,ERR,ERR,ERR,ERR,ERR,ERR,ERR,ERR,ERR,ERR,ERR,ERR,ERR,ERR,ERR,ERR,ERR,ERR,ERR,ERR,ERR,ERR,ERR,ERR,ERR,ERR,ERR,ERR,ERR,ERR,ERR,ERR,ERR,ERR,ERR,ERR,ERR,ERR,ERR,ERR,ERR,ERR,ERR,ERR,ERR,ERR,ERR,ERR,ERR,ERR,ERR,ERR,ERR,ERR,ERR,ERR,ERR,ERR,ERR,ERR,ERR,ERR,ERR,ERR,ERR,0.0,-107615984.0,2.7302218858444283e+23,-0.0,3963224558927872.0,0.0,-460.559,1.2013592667115886e+21,0,0,4,17411,7116,0.0,100,0.0,0.0,-0.0,0.0,0.0,0,0,0,0,0.0,0,0,0,0,0,0,0,0,0,0,0,0,0,0,0,0,0,0,0,0,0,0,0,0,0,0,0,0,0,0,0,0,0,31,40,40,71,65476,0,300,0,0,8,21553,0.0,-107605600.0,0.0,0.0,0.0,0.0,0.0,0.0,0.0,0.0,0.0,0.0,0.0,0.0,0.0,0.0,0.0,0.0,0.0,0.0,0.0,0.0,0.0,3.6970660669549445e+19,0.0,0.0,0.0,0.0,0.0,0.0,4880.0,0.0,6915.0,-107615200.0,0.0,2.004,2.004,0.0,0.0,0.0,0.0,69,0.0,-0.0,0.0,0.0,0.0,0.0,0.0,0.0,0.0,0,0,0,0.0,0.0,0.0,0.0,0.0,0.0,0.0,0.0,0.0,0.0,0.0,0.0,0.0,0.0,0.0,0.0,0,-107875648.0,69,0.0,138,0.0,2.012,ERR,ERR,ERR,ERR,ERR,ERR,ERR,ERR,ERR,ERR,ERR,ERR,ERR,ERR,ERR,ERR,ERR,ERR,ERR,ERR,ERR,ERR,ERR,ERR,ERR,ERR,ERR,ERR,ERR,ERR,ERR,ERR,ERR,ERR,ERR,ERR,ERR,ERR,ERR,ERR,ERR,ERR,ERR,ERR,ERR,ERR,ERR,ERR,ERR,ERR,ERR,ERR,ERR,ERR,ERR,ERR,ERR,ERR,ERR,ERR,ERR,ERR,ERR,ERR,ERR,ERR,ERR,60.0,60.0,35,0.0,0.0,0.0,0.0,0.0,0.0,0.0,0.0,0.0,0.0,0.0,0.0,0.0,0.0,0.0,0.0,65.2,0,113,55,37,65476,0,300,0,0,8,20529,65476,0,0,2621,60.0,0.0,0.0,0.0,0.0,0.0
2026-07-09T15:12:49,ERR,ERR,ERR,ERR,ERR,ERR,ERR,ERR,ERR,ERR,ERR,ERR,ERR,ERR,ERR,ERR,ERR,ERR,ERR,ERR,ERR,ERR,ERR,ERR,ERR,ERR,ERR,ERR,ERR,ERR,ERR,ERR,ERR,ERR,ERR,ERR,ERR,ERR,ERR,ERR,ERR,ERR,ERR,ERR,ERR,ERR,ERR,ERR,ERR,ERR,ERR,ERR,ERR,ERR,ERR,ERR,ERR,ERR,ERR,ERR,ERR,ERR,ERR,ERR,ERR,ERR,ERR,ERR,ERR,ERR,ERR,ERR,ERR,ERR,ERR,ERR,ERR,ERR,ERR,ERR,ERR,ERR,ERR,ERR,ERR,ERR,ERR,ERR,ERR,ERR,ERR,ERR,ERR,ERR,ERR,ERR,ERR,ERR,ERR,ERR,ERR,ERR,ERR,ERR,ERR,ERR,ERR,ERR,ERR,ERR,ERR,ERR,ERR,ERR,ERR,ERR,ERR,ERR,ERR,ERR,ERR,ERR,ERR,ERR,ERR,0.0,-107615984.0,2.7302218858444283e+23,-0.0,3963224558927872.0,0.0,-460.559,1.2013592667115886e+21,0,0,4,17411,7116,0.0,100,0.0,0.0,-0.0,0.0,0.0,0,0,0,0,0.0,0,0,0,0,0,0,0,0,0,0,0,0,0,0,0,0,0,0,0,0,0,0,0,0,0,0,0,0,0,0,0,0,0,31,40,40,71,65476,0,300,0,0,8,21553,0.0,-107605600.0,0.0,0.0,0.0,0.0,0.0,0.0,0.0,0.0,0.0,0.0,0.0,0.0,0.0,0.0,0.0,0.0,0.0,0.0,0.0,0.0,0.0,3.6970660669549445e+19,0.0,0.0,0.0,0.0,0.0,0.0,4880.0,0.0,6915.0,-107615200.0,0.0,2.004,2.004,0.0,0.0,0.0,0.0,69,0.0,-0.0,0.0,0.0,0.0,0.0,0.0,0.0,0.0,0,0,0,0.0,0.0,0.0,0.0,0.0,0.0,0.0,0.0,0.0,0.0,0.0,0.0,0.0,0.0,0.0,0.0,0,-107875648.0,69,0.0,138,0.0,2.012,ERR,ERR,ERR,ERR,ERR,ERR,ERR,ERR,ERR,ERR,ERR,ERR,ERR,ERR,ERR,ERR,ERR,ERR,ERR,ERR,ERR,ERR,ERR,ERR,ERR,ERR,ERR,ERR,ERR,ERR,ERR,ERR,ERR,ERR,ERR,ERR,ERR,ERR,ERR,ERR,ERR,ERR,ERR,ERR,ERR,ERR,ERR,ERR,ERR,ERR,ERR,ERR,ERR,ERR,ERR,ERR,ERR,ERR,ERR,ERR,ERR,ERR,ERR,ERR,ERR,ERR,ERR,60.0,60.0,35,0.0,0.0,0.0,0.0,0.0,0.0,0.0,0.0,0.0,0.0,0.0,0.0,0.0,0.0,0.0,0.0,65.2,0,113,55,37,65476,0,300,0,0,8,20529,65476,0,0,2621,60.0,0.0,0.0,0.0,0.0,0.0
2026-07-09T15:12:50,ERR,ERR,ERR,ERR,ERR,ERR,ERR,ERR,ERR,ERR,ERR,ERR,ERR,ERR,ERR,ERR,ERR,ERR,ERR,ERR,ERR,ERR,ERR,ERR,ERR,ERR,ERR,ERR,ERR,ERR,ERR,ERR,ERR,ERR,ERR,ERR,ERR,ERR,ERR,ERR,ERR,ERR,ERR,ERR,ERR,ERR,ERR,ERR,ERR,ERR,ERR,ERR,ERR,ERR,ERR,ERR,ERR,ERR,ERR,ERR,ERR,ERR,ERR,ERR,ERR,ERR,ERR,ERR,ERR,ERR,ERR,ERR,ERR,ERR,ERR,ERR,ERR,ERR,ERR,ERR,ERR,ERR,ERR,ERR,ERR,ERR,ERR,ERR,ERR,ERR,ERR,ERR,ERR,ERR,ERR,ERR,ERR,ERR,ERR,ERR,ERR,ERR,ERR,ERR,ERR,ERR,ERR,ERR,ERR,ERR,ERR,ERR,ERR,ERR,ERR,ERR,ERR,ERR,ERR,ERR,ERR,ERR,ERR,ERR,ERR,0.0,-107615984.0,2.7302218858444283e+23,-0.0,3963224558927872.0,0.0,-460.559,1.2013592667115886e+21,0,0,4,17411,7116,0.0,100,0.0,0.0,-0.0,0.0,0.0,0,0,0,0,0.0,0,0,0,0,0,0,0,0,0,0,0,0,0,0,0,0,0,0,0,0,0,0,0,0,0,0,0,0,0,0,0,0,0,31,40,40,71,65476,0,300,0,0,8,21553,0.0,-107605600.0,0.0,0.0,0.0,0.0,0.0,0.0,0.0,0.0,0.0,0.0,0.0,0.0,0.0,0.0,0.0,0.0,0.0,0.0,0.0,0.0,0.0,3.6970660669549445e+19,0.0,0.0,0.0,0.0,0.0,0.0,4880.0,0.0,6915.0,-107615200.0,0.0,2.004,2.004,0.0,0.0,0.0,0.0,69,0.0,-0.0,0.0,0.0,0.0,0.0,0.0,0.0,0.0,0,0,0,0.0,0.0,0.0,0.0,0.0,0.0,0.0,0.0,0.0,0.0,0.0,0.0,0.0,0.0,0.0,0.0,0,-107875648.0,69,0.0,138,0.0,2.012,ERR,ERR,ERR,ERR,ERR,ERR,ERR,ERR,ERR,ERR,ERR,ERR,ERR,ERR,ERR,ERR,ERR,ERR,ERR,ERR,ERR,ERR,ERR,ERR,ERR,ERR,ERR,ERR,ERR,ERR,ERR,ERR,ERR,ERR,ERR,ERR,ERR,ERR,ERR,ERR,ERR,ERR,ERR,ERR,ERR,ERR,ERR,ERR,ERR,ERR,ERR,ERR,ERR,ERR,ERR,ERR,ERR,ERR,ERR,ERR,ERR,ERR,ERR,ERR,ERR,ERR,ERR,60.0,60.0,35,0.0,0.0,0.0,0.0,0.0,0.0,0.0,0.0,0.0,0.0,0.0,0.0,0.0,0.0,0.0,0.0,65.2,0,113,55,37,65476,0,300,0,0,8,20529,65476,0,0,2621,60.0,0.0,0.0,0.0,0.0,0.0
2026-07-09T15:12:51,ERR,ERR,ERR,ERR,ERR,ERR,ERR,ERR,ERR,ERR,ERR,ERR,ERR,ERR,ERR,ERR,ERR,ERR,ERR,ERR,ERR,ERR,ERR,ERR,ERR,ERR,ERR,ERR,ERR,ERR,ERR,ERR,ERR,ERR,ERR,ERR,ERR,ERR,ERR,ERR,ERR,ERR,ERR,ERR,ERR,ERR,ERR,ERR,ERR,ERR,ERR,ERR,ERR,ERR,ERR,ERR,ERR,ERR,ERR,ERR,ERR,ERR,ERR,ERR,ERR,ERR,ERR,ERR,ERR,ERR,ERR,ERR,ERR,ERR,ERR,ERR,ERR,ERR,ERR,ERR,ERR,ERR,ERR,ERR,ERR,ERR,ERR,ERR,ERR,ERR,ERR,ERR,ERR,ERR,ERR,ERR,ERR,ERR,ERR,ERR,ERR,ERR,ERR,ERR,ERR,ERR,ERR,ERR,ERR,ERR,ERR,ERR,ERR,ERR,ERR,ERR,ERR,ERR,ERR,ERR,ERR,ERR,ERR,ERR,ERR,0.0,-107615984.0,2.7302218858444283e+23,-0.0,3963224558927872.0,0.0,-460.559,1.2013592667115886e+21,0,0,4,17411,7116,0.0,100,0.0,0.0,-0.0,0.0,0.0,0,0,0,0,0.0,0,0,0,0,0,0,0,0,0,0,0,0,0,0,0,0,0,0,0,0,0,0,0,0,0,0,0,0,0,0,0,0,0,31,40,40,71,65476,0,300,0,0,8,21553,0.0,-107605600.0,0.0,0.0,0.0,0.0,0.0,0.0,0.0,0.0,0.0,0.0,0.0,0.0,0.0,0.0,0.0,0.0,0.0,0.0,0.0,0.0,0.0,3.6970660669549445e+19,0.0,0.0,0.0,0.0,0.0,0.0,4880.0,0.0,6915.0,-107615200.0,0.0,2.004,2.004,0.0,0.0,0.0,0.0,69,0.0,-0.0,0.0,0.0,0.0,0.0,0.0,0.0,0.0,0,0,0,0.0,0.0,0.0,0.0,0.0,0.0,0.0,0.0,0.0,0.0,0.0,0.0,0.0,0.0,0.0,0.0,0,-107875648.0,69,0.0,138,0.0,2.012,ERR,ERR,ERR,ERR,ERR,ERR,ERR,ERR,ERR,ERR,ERR,ERR,ERR,ERR,ERR,ERR,ERR,ERR,ERR,ERR,ERR,ERR,ERR,ERR,ERR,ERR,ERR,ERR,ERR,ERR,ERR,ERR,ERR,ERR,ERR,ERR,ERR,ERR,ERR,ERR,ERR,ERR,ERR,ERR,ERR,ERR,ERR,ERR,ERR,ERR,ERR,ERR,ERR,ERR,ERR,ERR,ERR,ERR,ERR,ERR,ERR,ERR,ERR,ERR,ERR,ERR,ERR,60.0,60.0,35,0.0,0.0,0.0,0.0,0.0,0.0,0.0,0.0,0.0,0.0,0.0,0.0,0.0,0.0,0.0,0.0,65.6,0,113,55,37,65476,0,300,0,0,8,20529,65476,0,0,2621,60.0,0.0,0.0,0.0,0.0,0.0
2026-07-09T15:12:52,ERR,ERR,ERR,ERR,ERR,ERR,ERR,ERR,ERR,ERR,ERR,ERR,ERR,ERR,ERR,ERR,ERR,ERR,ERR,ERR,ERR,ERR,ERR,ERR,ERR,ERR,ERR,ERR,ERR,ERR,ERR,ERR,ERR,ERR,ERR,ERR,ERR,ERR,ERR,ERR,ERR,ERR,ERR,ERR,ERR,ERR,ERR,ERR,ERR,ERR,ERR,ERR,ERR,ERR,ERR,ERR,ERR,ERR,ERR,ERR,ERR,ERR,ERR,ERR,ERR,ERR,ERR,ERR,ERR,ERR,ERR,ERR,ERR,ERR,ERR,ERR,ERR,ERR,ERR,ERR,ERR,ERR,ERR,ERR,ERR,ERR,ERR,ERR,ERR,ERR,ERR,ERR,ERR,ERR,ERR,ERR,ERR,ERR,ERR,ERR,ERR,ERR,ERR,ERR,ERR,ERR,ERR,ERR,ERR,ERR,ERR,ERR,ERR,ERR,ERR,ERR,ERR,ERR,ERR,ERR,ERR,ERR,ERR,ERR,ERR,0.0,-107615984.0,2.7302218858444283e+23,-0.0,3963224558927872.0,0.0,-460.559,1.2013592667115886e+21,0,0,4,17411,7116,0.0,100,0.0,0.0,-0.0,0.0,0.0,0,0,0,0,0.0,0,0,0,0,0,0,0,0,0,0,0,0,0,0,0,0,0,0,0,0,0,0,0,0,0,0,0,0,0,0,0,0,0,31,40,40,71,65476,0,300,0,0,8,21553,0.0,-107605600.0,0.0,0.0,0.0,0.0,0.0,0.0,0.0,0.0,0.0,0.0,0.0,0.0,0.0,0.0,0.0,0.0,0.0,0.0,0.0,0.0,0.0,3.6970660669549445e+19,0.0,0.0,0.0,0.0,0.0,0.0,4880.0,0.0,6915.0,-107615200.0,0.0,2.004,2.004,0.0,0.0,0.0,0.0,69,0.0,-0.0,0.0,0.0,0.0,0.0,0.0,0.0,0.0,0,0,0,0.0,0.0,0.0,0.0,0.0,0.0,0.0,0.0,0.0,0.0,0.0,0.0,0.0,0.0,0.0,0.0,0,-107875648.0,69,0.0,138,0.0,2.012,ERR,ERR,ERR,ERR,ERR,ERR,ERR,ERR,ERR,ERR,ERR,ERR,ERR,ERR,ERR,ERR,ERR,ERR,ERR,ERR,ERR,ERR,ERR,ERR,ERR,ERR,ERR,ERR,ERR,ERR,ERR,ERR,ERR,ERR,ERR,ERR,ERR,ERR,ERR,ERR,ERR,ERR,ERR,ERR,ERR,ERR,ERR,ERR,ERR,ERR,ERR,ERR,ERR,ERR,ERR,ERR,ERR,ERR,ERR,ERR,ERR,ERR,ERR,ERR,ERR,ERR,ERR,60.0,60.0,35,0.0,0.0,0.0,0.0,0.0,0.0,0.0,0.0,0.0,0.0,0.0,0.0,0.0,0.0,0.0,0.0,65.6,0,113,55,37,65476,0,300,0,0,8,20529,65476,0,0,2621,60.0,0.0,0.0,0.0,0.0,0.0
2026-07-09T15:12:53,ERR,ERR,ERR,ERR,ERR,ERR,ERR,ERR,ERR,ERR,ERR,ERR,ERR,ERR,ERR,ERR,ERR,ERR,ERR,ERR,ERR,ERR,ERR,ERR,ERR,ERR,ERR,ERR,ERR,ERR,ERR,ERR,ERR,ERR,ERR,ERR,ERR,ERR,ERR,ERR,ERR,ERR,ERR,ERR,ERR,ERR,ERR,ERR,ERR,ERR,ERR,ERR,ERR,ERR,ERR,ERR,ERR,ERR,ERR,ERR,ERR,ERR,ERR,ERR,ERR,ERR,ERR,ERR,ERR,ERR,ERR,ERR,ERR,ERR,ERR,ERR,ERR,ERR,ERR,ERR,ERR,ERR,ERR,ERR,ERR,ERR,ERR,ERR,ERR,ERR,ERR,ERR,ERR,ERR,ERR,ERR,ERR,ERR,ERR,ERR,ERR,ERR,ERR,ERR,ERR,ERR,ERR,ERR,ERR,ERR,ERR,ERR,ERR,ERR,ERR,ERR,ERR,ERR,ERR,ERR,ERR,ERR,ERR,ERR,ERR,-107615200.0,2.7184446125308842e+23,nan,2.718366610185338e+23,0.0,8.793571017411789e+17,-5.327720831584322e+25,-131131572224.0,0,0,4,17413,7116,0.0,100,0.0,0.0,2.718366610185338e+23,0.0,0.0,0,0,0,0,0.0,0,0,0,0,0,0,0,0,0,0,0,0,0,0,0,0,0,0,0,0,0,0,0,0,0,0,0,0,0,0,0,0,0,31,40,40,71,65476,0,300,0,0,8,21553,0.0,-107605600.0,0.0,0.0,0.0,0.0,0.0,0.0,0.0,0.0,0.0,0.0,0.0,0.0,0.0,0.0,0.0,0.0,0.0,0.0,0.0,0.0,0.0,-0.0,0.0,0.0,0.0,0.0,0.0,0.0,4869.0,0.0,6916.0,-107615200.0,2.7184446125308842e+23,2.004,2.004,0.0,0.0,0.0,0.0,69,-3.2220057187228195e+26,-0.0,0.0,0.0,0.0,0.0,0.0,0.0,0.0,0,0,0,0.0,0.0,0.0,0.0,0.0,0.0,0.0,0.0,0.0,0.0,0.0,0.0,0.0,0.0,0.0,0.0,0,-107875648.0,69,0.0,138,0.0,2.012,ERR,ERR,ERR,ERR,ERR,ERR,ERR,ERR,ERR,ERR,ERR,ERR,ERR,ERR,ERR,ERR,ERR,ERR,ERR,ERR,ERR,ERR,ERR,ERR,ERR,ERR,ERR,ERR,ERR,ERR,ERR,ERR,ERR,ERR,ERR,ERR,ERR,ERR,ERR,ERR,ERR,ERR,ERR,ERR,ERR,ERR,ERR,ERR,ERR,ERR,ERR,ERR,ERR,ERR,ERR,ERR,ERR,ERR,ERR,ERR,ERR,ERR,ERR,ERR,ERR,ERR,ERR,60.0,60.0,35,0.0,0.0,0.0,0.0,0.0,0.0,0.0,0.0,0.0,0.0,0.0,0.0,0.0,0.0,0.0,0.0,65.6,0,113,55,37,65476,0,300,0,0,8,20529,65476,0,0,2621,60.0,0.0,0.0,0.0,0.0,0.0
2026-07-09T15:12:54,ERR,ERR,ERR,ERR,ERR,ERR,ERR,ERR,ERR,ERR,ERR,ERR,ERR,ERR,ERR,ERR,ERR,ERR,ERR,ERR,ERR,ERR,ERR,ERR,ERR,ERR,ERR,ERR,ERR,ERR,ERR,ERR,ERR,ERR,ERR,ERR,ERR,ERR,ERR,ERR,ERR,ERR,ERR,ERR,ERR,ERR,ERR,ERR,ERR,ERR,ERR,ERR,ERR,ERR,ERR,ERR,ERR,ERR,ERR,ERR,ERR,ERR,ERR,ERR,ERR,ERR,ERR,ERR,ERR,ERR,ERR,ERR,ERR,ERR,ERR,ERR,ERR,ERR,ERR,ERR,ERR,ERR,ERR,ERR,ERR,ERR,ERR,ERR,ERR,ERR,ERR,ERR,ERR,ERR,ERR,ERR,ERR,ERR,ERR,ERR,ERR,ERR,ERR,ERR,ERR,ERR,ERR,ERR,ERR,ERR,ERR,ERR,ERR,ERR,ERR,ERR,ERR,ERR,ERR,ERR,ERR,ERR,ERR,ERR,ERR,-107615200.0,2.7184446125308842e+23,nan,2.718366610185338e+23,0.0,8.793571017411789e+17,-5.327720831584322e+25,-131131572224.0,0,0,4,17413,7116,0.0,100,0.0,0.0,2.718366610185338e+23,0.0,0.0,0,0,0,0,0.0,0,0,0,0,0,0,0,0,0,0,0,0,0,0,0,0,0,0,0,0,0,0,0,0,0,0,0,0,0,0,0,0,0,31,40,40,71,65476,0,300,0,0,8,21553,0.0,-107605600.0,0.0,0.0,0.0,0.0,0.0,0.0,0.0,0.0,0.0,0.0,0.0,0.0,0.0,0.0,0.0,0.0,0.0,0.0,0.0,0.0,0.0,-0.0,0.0,0.0,0.0,0.0,0.0,0.0,4869.0,0.0,6916.0,-107615200.0,2.7184446125308842e+23,2.004,2.004,0.0,0.0,0.0,0.0,69,-3.2220057187228195e+26,-0.0,0.0,0.0,0.0,0.0,0.0,0.0,0.0,0,0,0,0.0,0.0,0.0,0.0,0.0,0.0,0.0,0.0,0.0,0.0,0.0,0.0,0.0,0.0,0.0,0.0,0,-107875648.0,69,0.0,138,0.0,2.012,ERR,ERR,ERR,ERR,ERR,ERR,ERR,ERR,ERR,ERR,ERR,ERR,ERR,ERR,ERR,ERR,ERR,ERR,ERR,ERR,ERR,ERR,ERR,ERR,ERR,ERR,ERR,ERR,ERR,ERR,ERR,ERR,ERR,ERR,ERR,ERR,ERR,ERR,ERR,ERR,ERR,ERR,ERR,ERR,ERR,ERR,ERR,ERR,ERR,ERR,ERR,ERR,ERR,ERR,ERR,ERR,ERR,ERR,ERR,ERR,ERR,ERR,ERR,ERR,ERR,ERR,ERR,60.0,60.0,35,0.0,0.0,0.0,0.0,0.0,0.0,0.0,0.0,0.0,0.0,0.0,0.0,0.0,0.0,0.0,0.0,65.2,0,113,55,37,65476,0,300,0,0,8,20529,65476,0,0,2621,60.0,0.0,0.0,0.0,0.0,0.0
2026-07-09T15:12:55,ERR,ERR,ERR,ERR,ERR,ERR,ERR,ERR,ERR,ERR,ERR,ERR,ERR,ERR,ERR,ERR,ERR,ERR,ERR,ERR,ERR,ERR,ERR,ERR,ERR,ERR,ERR,ERR,ERR,ERR,ERR,ERR,ERR,ERR,ERR,ERR,ERR,ERR,ERR,ERR,ERR,ERR,ERR,ERR,ERR,ERR,ERR,ERR,ERR,ERR,ERR,ERR,ERR,ERR,ERR,ERR,ERR,ERR,ERR,ERR,ERR,ERR,ERR,ERR,ERR,ERR,ERR,ERR,ERR,ERR,ERR,ERR,ERR,ERR,ERR,ERR,ERR,ERR,ERR,ERR,ERR,ERR,ERR,ERR,ERR,ERR,ERR,ERR,ERR,ERR,ERR,ERR,ERR,ERR,ERR,ERR,ERR,ERR,ERR,ERR,ERR,ERR,ERR,ERR,ERR,ERR,ERR,ERR,ERR,ERR,ERR,ERR,ERR,ERR,ERR,ERR,ERR,ERR,ERR,ERR,ERR,ERR,ERR,ERR,ERR,-107615200.0,2.7184446125308842e+23,nan,2.718366610185338e+23,0.0,8.793571017411789e+17,-5.327720831584322e+25,-131131572224.0,0,0,4,17413,7116,0.0,100,0.0,0.0,2.718366610185338e+23,0.0,0.0,0,0,0,0,0.0,0,0,0,0,0,0,0,0,0,0,0,0,0,0,0,0,0,0,0,0,0,0,0,0,0,0,0,0,0,0,0,0,0,31,40,40,71,65476,0,300,0,0,8,21553,0.0,-107605600.0,0.0,0.0,0.0,0.0,0.0,0.0,0.0,0.0,0.0,0.0,0.0,0.0,0.0,0.0,0.0,0.0,0.0,0.0,0.0,0.0,0.0,-0.0,0.0,0.0,0.0,0.0,0.0,0.0,4869.0,0.0,6916.0,-107615200.0,2.7184446125308842e+23,2.004,2.004,0.0,0.0,0.0,0.0,69,-3.2220057187228195e+26,-0.0,0.0,0.0,0.0,0.0,0.0,0.0,0.0,0,0,0,0.0,0.0,0.0,0.0,0.0,0.0,0.0,0.0,0.0,0.0,0.0,0.0,0.0,0.0,0.0,0.0,0,-107875648.0,69,0.0,138,0.0,2.012,ERR,ERR,ERR,ERR,ERR,ERR,ERR,ERR,ERR,ERR,ERR,ERR,ERR,ERR,ERR,ERR,ERR,ERR,ERR,ERR,ERR,ERR,ERR,ERR,ERR,ERR,ERR,ERR,ERR,ERR,ERR,ERR,ERR,ERR,ERR,ERR,ERR,ERR,ERR,ERR,ERR,ERR,ERR,ERR,ERR,ERR,ERR,ERR,ERR,ERR,ERR,ERR,ERR,ERR,ERR,ERR,ERR,ERR,ERR,ERR,ERR,ERR,ERR,ERR,ERR,ERR,ERR,60.0,60.0,35,0.0,0.0,0.0,0.0,0.0,0.0,0.0,0.0,0.0,0.0,0.0,0.0,0.0,0.0,0.0,0.0,65.2,0,113,55,37,65476,0,300,0,0,8,20529,65476,0,0,2621,60.0,0.0,0.0,0.0,0.0,0.0
2026-07-09T15:12:56,ERR,ERR,ERR,ERR,ERR,ERR,ERR,ERR,ERR,ERR,ERR,ERR,ERR,ERR,ERR,ERR,ERR,ERR,ERR,ERR,ERR,ERR,ERR,ERR,ERR,ERR,ERR,ERR,ERR,ERR,ERR,ERR,ERR,ERR,ERR,ERR,ERR,ERR,ERR,ERR,ERR,ERR,ERR,ERR,ERR,ERR,ERR,ERR,ERR,ERR,ERR,ERR,ERR,ERR,ERR,ERR,ERR,ERR,ERR,ERR,ERR,ERR,ERR,ERR,ERR,ERR,ERR,ERR,ERR,ERR,ERR,ERR,ERR,ERR,ERR,ERR,ERR,ERR,ERR,ERR,ERR,ERR,ERR,ERR,ERR,ERR,ERR,ERR,ERR,ERR,ERR,ERR,ERR,ERR,ERR,ERR,ERR,ERR,ERR,ERR,ERR,ERR,ERR,ERR,ERR,ERR,ERR,ERR,ERR,ERR,ERR,ERR,ERR,ERR,ERR,ERR,ERR,ERR,ERR,ERR,ERR,ERR,ERR,ERR,ERR,-107615200.0,2.7184446125308842e+23,nan,2.718366610185338e+23,0.0,8.793571017411789e+17,-5.327720831584322e+25,-131131572224.0,0,0,4,17413,7116,0.0,100,0.0,0.0,2.718366610185338e+23,0.0,0.0,0,0,0,0,0.0,0,0,0,0,0,0,0,0,0,0,0,0,0,0,0,0,0,0,0,0,0,0,0,0,0,0,0,0,0,0,0,0,0,31,40,40,71,65476,0,300,0,0,8,21553,0.0,-107605600.0,0.0,0.0,0.0,0.0,0.0,0.0,0.0,0.0,0.0,0.0,0.0,0.0,0.0,0.0,0.0,0.0,0.0,0.0,0.0,0.0,0.0,-0.0,0.0,0.0,0.0,0.0,0.0,0.0,4869.0,0.0,6916.0,-107615200.0,2.7184446125308842e+23,2.004,2.004,0.0,0.0,0.0,0.0,69,-3.2220057187228195e+26,-0.0,0.0,0.0,0.0,0.0,0.0,0.0,0.0,0,0,0,0.0,0.0,0.0,0.0,0.0,0.0,0.0,0.0,0.0,0.0,0.0,0.0,0.0,0.0,0.0,0.0,0,-107875648.0,69,0.0,138,0.0,2.012,ERR,ERR,ERR,ERR,ERR,ERR,ERR,ERR,ERR,ERR,ERR,ERR,ERR,ERR,ERR,ERR,ERR,ERR,ERR,ERR,ERR,ERR,ERR,ERR,ERR,ERR,ERR,ERR,ERR,ERR,ERR,ERR,ERR,ERR,ERR,ERR,ERR,ERR,ERR,ERR,ERR,ERR,ERR,ERR,ERR,ERR,ERR,ERR,ERR,ERR,ERR,ERR,ERR,ERR,ERR,ERR,ERR,ERR,ERR,ERR,ERR,ERR,ERR,ERR,ERR,ERR,ERR,60.0,60.0,35,0.0,0.0,0.0,0.0,0.0,0.0,0.0,0.0,0.0,0.0,0.0,0.0,0.0,0.0,0.0,0.0,65.2,0,113,55,37,65476,0,300,0,0,8,20529,65476,0,0,2621,60.0,0.0,0.0,0.0,0.0,0.0
2026-07-09T15:12:57,ERR,ERR,ERR,ERR,ERR,ERR,ERR,ERR,ERR,ERR,ERR,ERR,ERR,ERR,ERR,ERR,ERR,ERR,ERR,ERR,ERR,ERR,ERR,ERR,ERR,ERR,ERR,ERR,ERR,ERR,ERR,ERR,ERR,ERR,ERR,ERR,ERR,ERR,ERR,ERR,ERR,ERR,ERR,ERR,ERR,ERR,ERR,ERR,ERR,ERR,ERR,ERR,ERR,ERR,ERR,ERR,ERR,ERR,ERR,ERR,ERR,ERR,ERR,ERR,ERR,ERR,ERR,ERR,ERR,ERR,ERR,ERR,ERR,ERR,ERR,ERR,ERR,ERR,ERR,ERR,ERR,ERR,ERR,ERR,ERR,ERR,ERR,ERR,ERR,ERR,ERR,ERR,ERR,ERR,ERR,ERR,ERR,ERR,ERR,ERR,ERR,ERR,ERR,ERR,ERR,ERR,ERR,ERR,ERR,ERR,ERR,ERR,ERR,ERR,ERR,ERR,ERR,ERR,ERR,ERR,ERR,ERR,ERR,ERR,ERR,-107615200.0,2.7184446125308842e+23,nan,2.718366610185338e+23,0.0,8.793571017411789e+17,-5.327720831584322e+25,-131131572224.0,0,0,4,17413,7116,0.0,100,0.0,0.0,2.718366610185338e+23,0.0,0.0,0,0,0,0,0.0,0,0,0,0,0,0,0,0,0,0,0,0,0,0,0,0,0,0,0,0,0,0,0,0,0,0,0,0,0,0,0,0,0,31,40,40,71,65476,0,300,0,0,8,21553,0.0,-107605600.0,0.0,0.0,0.0,0.0,0.0,0.0,0.0,0.0,0.0,0.0,0.0,0.0,0.0,0.0,0.0,0.0,0.0,0.0,0.0,0.0,0.0,-0.0,0.0,0.0,0.0,0.0,0.0,0.0,4869.0,0.0,6916.0,-107615200.0,2.7184446125308842e+23,2.004,2.004,0.0,0.0,0.0,0.0,69,-3.2220057187228195e+26,-0.0,0.0,0.0,0.0,0.0,0.0,0.0,0.0,0,0,0,0.0,0.0,0.0,0.0,0.0,0.0,0.0,0.0,0.0,0.0,0.0,0.0,0.0,0.0,0.0,0.0,0,-107875648.0,69,0.0,138,0.0,2.012,ERR,ERR,ERR,ERR,ERR,ERR,ERR,ERR,ERR,ERR,ERR,ERR,ERR,ERR,ERR,ERR,ERR,ERR,ERR,ERR,ERR,ERR,ERR,ERR,ERR,ERR,ERR,ERR,ERR,ERR,ERR,ERR,ERR,ERR,ERR,ERR,ERR,ERR,ERR,ERR,ERR,ERR,ERR,ERR,ERR,ERR,ERR,ERR,ERR,ERR,ERR,ERR,ERR,ERR,ERR,ERR,ERR,ERR,ERR,ERR,ERR,ERR,ERR,ERR,ERR,ERR,ERR,60.0,60.0,35,0.0,0.0,0.0,0.0,0.0,0.0,0.0,0.0,0.0,0.0,0.0,0.0,0.0,0.0,0.0,0.0,65.2,0,113,55,37,65476,0,300,0,0,8,20529,65476,0,0,2621,60.0,0.0,0.0,0.0,0.0,0.0
2026-07-09T15:12:58,ERR,ERR,ERR,ERR,ERR,ERR,ERR,ERR,ERR,ERR,ERR,ERR,ERR,ERR,ERR,ERR,ERR,ERR,ERR,ERR,ERR,ERR,ERR,ERR,ERR,ERR,ERR,ERR,ERR,ERR,ERR,ERR,ERR,ERR,ERR,ERR,ERR,ERR,ERR,ERR,ERR,ERR,ERR,ERR,ERR,ERR,ERR,ERR,ERR,ERR,ERR,ERR,ERR,ERR,ERR,ERR,ERR,ERR,ERR,ERR,ERR,ERR,ERR,ERR,ERR,ERR,ERR,ERR,ERR,ERR,ERR,ERR,ERR,ERR,ERR,ERR,ERR,ERR,ERR,ERR,ERR,ERR,ERR,ERR,ERR,ERR,ERR,ERR,ERR,ERR,ERR,ERR,ERR,ERR,ERR,ERR,ERR,ERR,ERR,ERR,ERR,ERR,ERR,ERR,ERR,ERR,ERR,ERR,ERR,ERR,ERR,ERR,ERR,ERR,ERR,ERR,ERR,ERR,ERR,ERR,ERR,ERR,ERR,ERR,ERR,2.7184267782763598e+23,-0.0,-108139024.0,-0.0,-1.0467881332560744e+35,-0.051,0.001,-0.0,0,0,4,17414,7116,0.0,100,0.0,0.0,-0.0,0.0,0.0,0,0,0,0,0.0,0,0,0,0,0,0,0,0,0,0,0,0,0,0,0,0,0,0,0,0,0,0,0,0,0,0,0,0,0,0,0,0,0,31,40,40,71,65476,0,300,0,0,8,21553,0.0,-107605600.0,0.0,0.0,0.0,0.0,0.0,0.0,0.0,0.0,0.0,0.0,0.0,0.0,0.0,0.0,0.0,0.0,0.0,0.0,0.0,0.0,0.0,-3.6970660669549445e+19,0.0,0.0,0.0,0.0,0.0,0.0,4868.0,0.0,6918.0,-107615200.0,-107615992.0,2.004,2.004,0.0,0.0,0.0,0.0,69,-0.0,-107614736.0,0.0,0.0,0.0,0.0,0.0,0.0,0.0,0,0,0,0.0,0.0,0.0,0.0,0.0,0.0,0.0,0.0,0.0,0.0,0.0,0.0,0.0,0.0,0.0,0.0,0,-107875648.0,69,0.0,138,0.0,2.012,ERR,ERR,ERR,ERR,ERR,ERR,ERR,ERR,ERR,ERR,ERR,ERR,ERR,ERR,ERR,ERR,ERR,ERR,ERR,ERR,ERR,ERR,ERR,ERR,ERR,ERR,ERR,ERR,ERR,ERR,ERR,ERR,ERR,ERR,ERR,ERR,ERR,ERR,ERR,ERR,ERR,ERR,ERR,ERR,ERR,ERR,ERR,ERR,ERR,ERR,ERR,ERR,ERR,ERR,ERR,ERR,ERR,ERR,ERR,ERR,ERR,ERR,ERR,ERR,ERR,ERR,ERR,60.0,60.0,35,0.0,0.0,0.0,0.0,0.0,0.0,0.0,0.0,0.0,0.0,0.0,0.0,0.0,0.0,0.0,0.0,65.2,0,113,55,37,65476,0,300,0,0,8,20529,65476,0,0,2621,60.0,0.0,0.0,0.0,0.0,0.0
2026-07-09T15:12:59,ERR,ERR,ERR,ERR,ERR,ERR,ERR,ERR,ERR,ERR,ERR,ERR,ERR,ERR,ERR,ERR,ERR,ERR,ERR,ERR,ERR,ERR,ERR,ERR,ERR,ERR,ERR,ERR,ERR,ERR,ERR,ERR,ERR,ERR,ERR,ERR,ERR,ERR,ERR,ERR,ERR,ERR,ERR,ERR,ERR,ERR,ERR,ERR,ERR,ERR,ERR,ERR,ERR,ERR,ERR,ERR,ERR,ERR,ERR,ERR,ERR,ERR,ERR,ERR,ERR,ERR,ERR,ERR,ERR,ERR,ERR,ERR,ERR,ERR,ERR,ERR,ERR,ERR,ERR,ERR,ERR,ERR,ERR,ERR,ERR,ERR,ERR,ERR,ERR,ERR,ERR,ERR,ERR,ERR,ERR,ERR,ERR,ERR,ERR,ERR,ERR,ERR,ERR,ERR,ERR,ERR,ERR,ERR,ERR,ERR,ERR,ERR,ERR,ERR,ERR,ERR,ERR,ERR,ERR,ERR,ERR,ERR,ERR,ERR,ERR,2.7184267782763598e+23,-0.0,-108139024.0,-0.0,-1.0467881332560744e+35,-0.051,0.001,-0.0,0,0,4,17414,7116,0.0,100,0.0,0.0,-0.0,0.0,0.0,0,0,0,0,0.0,0,0,0,0,0,0,0,0,0,0,0,0,0,0,0,0,0,0,0,0,0,0,0,0,0,0,0,0,0,0,0,0,0,31,40,40,71,65476,0,300,0,0,8,21553,0.0,-107605600.0,0.0,0.0,0.0,0.0,0.0,0.0,0.0,0.0,0.0,0.0,0.0,0.0,0.0,0.0,0.0,0.0,0.0,0.0,0.0,0.0,0.0,-3.6970660669549445e+19,0.0,0.0,0.0,0.0,0.0,0.0,4868.0,0.0,6918.0,-107615200.0,-107615992.0,2.004,2.004,0.0,0.0,0.0,0.0,69,-0.0,-107614736.0,0.0,0.0,0.0,0.0,0.0,0.0,0.0,0,0,0,0.0,0.0,0.0,0.0,0.0,0.0,0.0,0.0,0.0,0.0,0.0,0.0,0.0,0.0,0.0,0.0,0,-107875648.0,69,0.0,138,0.0,2.012,ERR,ERR,ERR,ERR,ERR,ERR,ERR,ERR,ERR,ERR,ERR,ERR,ERR,ERR,ERR,ERR,ERR,ERR,ERR,ERR,ERR,ERR,ERR,ERR,ERR,ERR,ERR,ERR,ERR,ERR,ERR,ERR,ERR,ERR,ERR,ERR,ERR,ERR,ERR,ERR,ERR,ERR,ERR,ERR,ERR,ERR,ERR,ERR,ERR,ERR,ERR,ERR,ERR,ERR,ERR,ERR,ERR,ERR,ERR,ERR,ERR,ERR,ERR,ERR,ERR,ERR,ERR,60.0,60.0,35,0.0,0.0,0.0,0.0,0.0,0.0,0.0,0.0,0.0,0.0,0.0,0.0,0.0,0.0,0.0,0.0,65.2,0,113,55,37,65476,0,300,0,0,8,20529,65476,0,0,2621,60.0,0.0,0.0,0.0,0.0,0.0
2026-07-09T15:13:00,ERR,ERR,ERR,ERR,ERR,ERR,ERR,ERR,ERR,ERR,ERR,ERR,ERR,ERR,ERR,ERR,ERR,ERR,ERR,ERR,ERR,ERR,ERR,ERR,ERR,ERR,ERR,ERR,ERR,ERR,ERR,ERR,ERR,ERR,ERR,ERR,ERR,ERR,ERR,ERR,ERR,ERR,ERR,ERR,ERR,ERR,ERR,ERR,ERR,ERR,ERR,ERR,ERR,ERR,ERR,ERR,ERR,ERR,ERR,ERR,ERR,ERR,ERR,ERR,ERR,ERR,ERR,ERR,ERR,ERR,ERR,ERR,ERR,ERR,ERR,ERR,ERR,ERR,ERR,ERR,ERR,ERR,ERR,ERR,ERR,ERR,ERR,ERR,ERR,ERR,ERR,ERR,ERR,ERR,ERR,ERR,ERR,ERR,ERR,ERR,ERR,ERR,ERR,ERR,ERR,ERR,ERR,ERR,ERR,ERR,ERR,ERR,ERR,ERR,ERR,ERR,ERR,ERR,ERR,ERR,ERR,ERR,ERR,ERR,ERR,2.7184267782763598e+23,-0.0,-108139024.0,-0.0,-1.0467881332560744e+35,-0.051,0.001,-0.0,0,0,4,17414,7116,0.0,100,0.0,0.0,-0.0,0.0,0.0,0,0,0,0,0.0,0,0,0,0,0,0,0,0,0,0,0,0,0,0,0,0,0,0,0,0,0,0,0,0,0,0,0,0,0,0,0,0,0,31,40,40,71,65476,0,300,0,0,8,21553,0.0,-107605600.0,0.0,0.0,0.0,0.0,0.0,0.0,0.0,0.0,0.0,0.0,0.0,0.0,0.0,0.0,0.0,0.0,0.0,0.0,0.0,0.0,0.0,-3.6970660669549445e+19,0.0,0.0,0.0,0.0,0.0,0.0,4868.0,0.0,6918.0,-107615200.0,-107615992.0,2.004,2.004,0.0,0.0,0.0,0.0,69,-0.0,-107614736.0,0.0,0.0,0.0,0.0,0.0,0.0,0.0,0,0,0,0.0,0.0,0.0,0.0,0.0,0.0,0.0,0.0,0.0,0.0,0.0,0.0,0.0,0.0,0.0,0.0,0,-107875648.0,69,0.0,138,0.0,2.012,ERR,ERR,ERR,ERR,ERR,ERR,ERR,ERR,ERR,ERR,ERR,ERR,ERR,ERR,ERR,ERR,ERR,ERR,ERR,ERR,ERR,ERR,ERR,ERR,ERR,ERR,ERR,ERR,ERR,ERR,ERR,ERR,ERR,ERR,ERR,ERR,ERR,ERR,ERR,ERR,ERR,ERR,ERR,ERR,ERR,ERR,ERR,ERR,ERR,ERR,ERR,ERR,ERR,ERR,ERR,ERR,ERR,ERR,ERR,ERR,ERR,ERR,ERR,ERR,ERR,ERR,ERR,60.0,60.0,35,0.0,0.0,0.0,0.0,0.0,0.0,0.0,0.0,0.0,0.0,0.0,0.0,0.0,0.0,0.0,0.0,65.2,0,113,55,37,65476,0,300,0,0,8,20529,65476,0,0,2621,60.0,0.0,0.0,0.0,0.0,0.0
2026-07-09T15:13:01,ERR,ERR,ERR,ERR,ERR,ERR,ERR,ERR,ERR,ERR,ERR,ERR,ERR,ERR,ERR,ERR,ERR,ERR,ERR,ERR,ERR,ERR,ERR,ERR,ERR,ERR,ERR,ERR,ERR,ERR,ERR,ERR,ERR,ERR,ERR,ERR,ERR,ERR,ERR,ERR,ERR,ERR,ERR,ERR,ERR,ERR,ERR,ERR,ERR,ERR,ERR,ERR,ERR,ERR,ERR,ERR,ERR,ERR,ERR,ERR,ERR,ERR,ERR,ERR,ERR,ERR,ERR,ERR,ERR,ERR,ERR,ERR,ERR,ERR,ERR,ERR,ERR,ERR,ERR,ERR,ERR,ERR,ERR,ERR,ERR,ERR,ERR,ERR,ERR,ERR,ERR,ERR,ERR,ERR,ERR,ERR,ERR,ERR,ERR,ERR,ERR,ERR,ERR,ERR,ERR,ERR,ERR,ERR,ERR,ERR,ERR,ERR,ERR,ERR,ERR,ERR,ERR,ERR,ERR,ERR,ERR,ERR,ERR,ERR,ERR,2.7184267782763598e+23,-0.0,-108139024.0,-0.0,-1.0467881332560744e+35,-0.051,0.001,-0.0,0,0,4,17414,7116,0.0,100,0.0,0.0,-0.0,0.0,0.0,0,0,0,0,0.0,0,0,0,0,0,0,0,0,0,0,0,0,0,0,0,0,0,0,0,0,0,0,0,0,0,0,0,0,0,0,0,0,0,31,40,40,71,65476,0,300,0,0,8,21553,0.0,-107605600.0,0.0,0.0,0.0,0.0,0.0,0.0,0.0,0.0,0.0,0.0,0.0,0.0,0.0,0.0,0.0,0.0,0.0,0.0,0.0,0.0,0.0,-3.6970660669549445e+19,0.0,0.0,0.0,0.0,0.0,0.0,4868.0,0.0,6918.0,-107615200.0,-107615992.0,2.004,2.004,0.0,0.0,0.0,0.0,69,-0.0,-107614736.0,0.0,0.0,0.0,0.0,0.0,0.0,0.0,0,0,0,0.0,0.0,0.0,0.0,0.0,0.0,0.0,0.0,0.0,0.0,0.0,0.0,0.0,0.0,0.0,0.0,0,-107875648.0,69,0.0,138,0.0,2.012,ERR,ERR,ERR,ERR,ERR,ERR,ERR,ERR,ERR,ERR,ERR,ERR,ERR,ERR,ERR,ERR,ERR,ERR,ERR,ERR,ERR,ERR,ERR,ERR,ERR,ERR,ERR,ERR,ERR,ERR,ERR,ERR,ERR,ERR,ERR,ERR,ERR,ERR,ERR,ERR,ERR,ERR,ERR,ERR,ERR,ERR,ERR,ERR,ERR,ERR,ERR,ERR,ERR,ERR,ERR,ERR,ERR,ERR,ERR,ERR,ERR,ERR,ERR,ERR,ERR,ERR,ERR,60.0,60.0,35,0.0,0.0,0.0,0.0,0.0,0.0,0.0,0.0,0.0,0.0,0.0,0.0,0.0,0.0,0.0,0.0,65.6,0,113,55,37,65476,0,300,0,0,8,20529,65476,0,0,2621,60.0,0.0,0.0,0.0,0.0,0.0
2026-07-09T15:13:02,ERR,ERR,ERR,ERR,ERR,ERR,ERR,ERR,ERR,ERR,ERR,ERR,ERR,ERR,ERR,ERR,ERR,ERR,ERR,ERR,ERR,ERR,ERR,ERR,ERR,ERR,ERR,ERR,ERR,ERR,ERR,ERR,ERR,ERR,ERR,ERR,ERR,ERR,ERR,ERR,ERR,ERR,ERR,ERR,ERR,ERR,ERR,ERR,ERR,ERR,ERR,ERR,ERR,ERR,ERR,ERR,ERR,ERR,ERR,ERR,ERR,ERR,ERR,ERR,ERR,ERR,ERR,ERR,ERR,ERR,ERR,ERR,ERR,ERR,ERR,ERR,ERR,ERR,ERR,ERR,ERR,ERR,ERR,ERR,ERR,ERR,ERR,ERR,ERR,ERR,ERR,ERR,ERR,ERR,ERR,ERR,ERR,ERR,ERR,ERR,ERR,ERR,ERR,ERR,ERR,ERR,ERR,ERR,ERR,ERR,ERR,ERR,ERR,ERR,ERR,ERR,ERR,ERR,ERR,ERR,ERR,ERR,ERR,ERR,ERR,2.7184267782763598e+23,-0.0,-108139024.0,-0.0,-1.0467881332560744e+35,-0.051,0.001,-0.0,0,0,4,17414,7116,0.0,100,0.0,0.0,-0.0,0.0,0.0,0,0,0,0,0.0,0,0,0,0,0,0,0,0,0,0,0,0,0,0,0,0,0,0,0,0,0,0,0,0,0,0,0,0,0,0,0,0,0,31,40,40,71,65476,0,300,0,0,8,21553,0.0,-107605600.0,0.0,0.0,0.0,0.0,0.0,0.0,0.0,0.0,0.0,0.0,0.0,0.0,0.0,0.0,0.0,0.0,0.0,0.0,0.0,0.0,0.0,-3.6970660669549445e+19,0.0,0.0,0.0,0.0,0.0,0.0,4868.0,0.0,6918.0,-107615200.0,-107615992.0,2.004,2.004,0.0,0.0,0.0,0.0,69,-0.0,-107614736.0,0.0,0.0,0.0,0.0,0.0,0.0,0.0,0,0,0,0.0,0.0,0.0,0.0,0.0,0.0,0.0,0.0,0.0,0.0,0.0,0.0,0.0,0.0,0.0,0.0,0,-107875648.0,69,0.0,138,0.0,2.012,ERR,ERR,ERR,ERR,ERR,ERR,ERR,ERR,ERR,ERR,ERR,ERR,ERR,ERR,ERR,ERR,ERR,ERR,ERR,ERR,ERR,ERR,ERR,ERR,ERR,ERR,ERR,ERR,ERR,ERR,ERR,ERR,ERR,ERR,ERR,ERR,ERR,ERR,ERR,ERR,ERR,ERR,ERR,ERR,ERR,ERR,ERR,ERR,ERR,ERR,ERR,ERR,ERR,ERR,ERR,ERR,ERR,ERR,ERR,ERR,ERR,ERR,ERR,ERR,ERR,ERR,ERR,60.0,60.0,35,0.0,0.0,0.0,0.0,0.0,0.0,0.0,0.0,0.0,0.0,0.0,0.0,0.0,0.0,0.0,0.0,65.6,0,113,55,37,65476,0,300,0,0,8,20529,65476,0,0,2621,60.0,0.0,0.0,0.0,0.0,0.0
2026-07-09T15:13:03,ERR,ERR,ERR,ERR,ERR,ERR,ERR,ERR,ERR,ERR,ERR,ERR,ERR,ERR,ERR,ERR,ERR,ERR,ERR,ERR,ERR,ERR,ERR,ERR,ERR,ERR,ERR,ERR,ERR,ERR,ERR,ERR,ERR,ERR,ERR,ERR,ERR,ERR,ERR,ERR,ERR,ERR,ERR,ERR,ERR,ERR,ERR,ERR,ERR,ERR,ERR,ERR,ERR,ERR,ERR,ERR,ERR,ERR,ERR,ERR,ERR,ERR,ERR,ERR,ERR,ERR,ERR,ERR,ERR,ERR,ERR,ERR,ERR,ERR,ERR,ERR,ERR,ERR,ERR,ERR,ERR,ERR,ERR,ERR,ERR,ERR,ERR,ERR,ERR,ERR,ERR,ERR,ERR,ERR,ERR,ERR,ERR,ERR,ERR,ERR,ERR,ERR,ERR,ERR,ERR,ERR,ERR,ERR,ERR,ERR,ERR,ERR,ERR,ERR,ERR,ERR,ERR,ERR,ERR,ERR,ERR,ERR,ERR,ERR,ERR,2.7184267782763598e+23,0.0,-0.0,0.0,412925132800.0,-0.0,0.0,0.0,0,0,4,17415,7116,0.0,100,0.0,0.0,0.0,0.0,0.0,0,0,0,0,0.0,0,0,0,0,0,0,0,0,0,0,0,0,0,0,0,0,0,0,0,0,0,0,0,0,0,0,0,0,0,0,0,0,0,31,40,40,71,65476,0,300,0,0,8,21553,0.0,-107605600.0,0.0,0.0,0.0,0.0,0.0,0.0,0.0,0.0,0.0,0.0,0.0,0.0,0.0,0.0,0.0,0.0,0.0,0.0,0.0,0.0,-2.004,0.0,0.0,0.0,0.0,0.0,0.0,0.0,4888.0,2.004,6920.0,2.7184267782763598e+23,0.0,2.004,2.004,0.0,0.0,0.0,0.0,69,0.059,0.0,0.0,0.0,0.0,0.0,0.0,0.0,0.0,0,0,0,0.0,0.0,0.0,0.0,0.0,0.0,0.0,0.0,0.0,0.0,0.0,0.0,0.0,0.0,0.0,0.0,0,-107875648.0,69,0.0,138,0.0,2.012,ERR,ERR,ERR,ERR,ERR,ERR,ERR,ERR,ERR,ERR,ERR,ERR,ERR,ERR,ERR,ERR,ERR,ERR,ERR,ERR,ERR,ERR,ERR,ERR,ERR,ERR,ERR,ERR,ERR,ERR,ERR,ERR,ERR,ERR,ERR,ERR,ERR,ERR,ERR,ERR,ERR,ERR,ERR,ERR,ERR,ERR,ERR,ERR,ERR,ERR,ERR,ERR,ERR,ERR,ERR,ERR,ERR,ERR,ERR,ERR,ERR,ERR,ERR,ERR,ERR,ERR,ERR,60.0,60.0,35,0.0,0.0,0.0,0.0,0.0,0.0,0.0,0.0,0.0,0.0,0.0,0.0,0.0,0.0,0.0,0.0,65.2,0,113,55,37,65476,0,300,0,0,8,20529,65476,0,0,2621,60.0,0.0,0.0,0.0,0.0,0.0
2026-07-09T15:13:04,ERR,ERR,ERR,ERR,ERR,ERR,ERR,ERR,ERR,ERR,ERR,ERR,ERR,ERR,ERR,ERR,ERR,ERR,ERR,ERR,ERR,ERR,ERR,ERR,ERR,ERR,ERR,ERR,ERR,ERR,ERR,ERR,ERR,ERR,ERR,ERR,ERR,ERR,ERR,ERR,ERR,ERR,ERR,ERR,ERR,ERR,ERR,ERR,ERR,ERR,ERR,ERR,ERR,ERR,ERR,ERR,ERR,ERR,ERR,ERR,ERR,ERR,ERR,ERR,ERR,ERR,ERR,ERR,ERR,ERR,ERR,ERR,ERR,ERR,ERR,ERR,ERR,ERR,ERR,ERR,ERR,ERR,ERR,ERR,ERR,ERR,ERR,ERR,ERR,ERR,ERR,ERR,ERR,ERR,ERR,ERR,ERR,ERR,ERR,ERR,ERR,ERR,ERR,ERR,ERR,ERR,ERR,ERR,ERR,ERR,ERR,ERR,ERR,ERR,ERR,ERR,ERR,ERR,ERR,ERR,ERR,ERR,ERR,ERR,ERR,2.7184267782763598e+23,0.0,-0.0,0.0,412925132800.0,-0.0,0.0,0.0,0,0,4,17415,7116,0.0,100,0.0,0.0,0.0,0.0,0.0,0,0,0,0,0.0,0,0,0,0,0,0,0,0,0,0,0,0,0,0,0,0,0,0,0,0,0,0,0,0,0,0,0,0,0,0,0,0,0,31,40,40,71,65476,0,300,0,0,8,21553,0.0,-107605600.0,0.0,0.0,0.0,0.0,0.0,0.0,0.0,0.0,0.0,0.0,0.0,0.0,0.0,0.0,0.0,0.0,0.0,0.0,0.0,0.0,-2.004,0.0,0.0,0.0,0.0,0.0,0.0,0.0,4888.0,2.004,6920.0,2.7184267782763598e+23,0.0,2.004,2.004,0.0,0.0,0.0,0.0,69,0.059,0.0,0.0,0.0,0.0,0.0,0.0,0.0,0.0,0,0,0,0.0,0.0,0.0,0.0,0.0,0.0,0.0,0.0,0.0,0.0,0.0,0.0,0.0,0.0,0.0,0.0,0,-107875648.0,69,0.0,138,0.0,2.012,ERR,ERR,ERR,ERR,ERR,ERR,ERR,ERR,ERR,ERR,ERR,ERR,ERR,ERR,ERR,ERR,ERR,ERR,ERR,ERR,ERR,ERR,ERR,ERR,ERR,ERR,ERR,ERR,ERR,ERR,ERR,ERR,ERR,ERR,ERR,ERR,ERR,ERR,ERR,ERR,ERR,ERR,ERR,ERR,ERR,ERR,ERR,ERR,ERR,ERR,ERR,ERR,ERR,ERR,ERR,ERR,ERR,ERR,ERR,ERR,ERR,ERR,ERR,ERR,ERR,ERR,ERR,60.0,60.0,35,0.0,0.0,0.0,0.0,0.0,0.0,0.0,0.0,0.0,0.0,0.0,0.0,0.0,0.0,0.0,0.0,65.2,0,113,55,37,65476,0,300,0,0,8,20529,65476,0,0,2621,60.0,0.0,0.0,0.0,0.0,0.0
2026-07-09T15:13:05,ERR,ERR,ERR,ERR,ERR,ERR,ERR,ERR,ERR,ERR,ERR,ERR,ERR,ERR,ERR,ERR,ERR,ERR,ERR,ERR,ERR,ERR,ERR,ERR,ERR,ERR,ERR,ERR,ERR,ERR,ERR,ERR,ERR,ERR,ERR,ERR,ERR,ERR,ERR,ERR,ERR,ERR,ERR,ERR,ERR,ERR,ERR,ERR,ERR,ERR,ERR,ERR,ERR,ERR,ERR,ERR,ERR,ERR,ERR,ERR,ERR,ERR,ERR,ERR,ERR,ERR,ERR,ERR,ERR,ERR,ERR,ERR,ERR,ERR,ERR,ERR,ERR,ERR,ERR,ERR,ERR,ERR,ERR,ERR,ERR,ERR,ERR,ERR,ERR,ERR,ERR,ERR,ERR,ERR,ERR,ERR,ERR,ERR,ERR,ERR,ERR,ERR,ERR,ERR,ERR,ERR,ERR,ERR,ERR,ERR,ERR,ERR,ERR,ERR,ERR,ERR,ERR,ERR,ERR,ERR,ERR,ERR,ERR,ERR,ERR,2.7184267782763598e+23,0.0,-0.0,0.0,412925132800.0,-0.0,0.0,0.0,0,0,4,17415,7116,0.0,100,0.0,0.0,0.0,0.0,0.0,0,0,0,0,0.0,0,0,0,0,0,0,0,0,0,0,0,0,0,0,0,0,0,0,0,0,0,0,0,0,0,0,0,0,0,0,0,0,0,31,40,40,71,65476,0,300,0,0,8,21553,0.0,-107605600.0,0.0,0.0,0.0,0.0,0.0,0.0,0.0,0.0,0.0,0.0,0.0,0.0,0.0,0.0,0.0,0.0,0.0,0.0,0.0,0.0,-2.004,0.0,0.0,0.0,0.0,0.0,0.0,0.0,4888.0,2.004,6920.0,2.7184267782763598e+23,0.0,2.004,2.004,0.0,0.0,0.0,0.0,69,0.059,0.0,0.0,0.0,0.0,0.0,0.0,0.0,0.0,0,0,0,0.0,0.0,0.0,0.0,0.0,0.0,0.0,0.0,0.0,0.0,0.0,0.0,0.0,0.0,0.0,0.0,0,-107875648.0,69,0.0,138,0.0,2.012,ERR,ERR,ERR,ERR,ERR,ERR,ERR,ERR,ERR,ERR,ERR,ERR,ERR,ERR,ERR,ERR,ERR,ERR,ERR,ERR,ERR,ERR,ERR,ERR,ERR,ERR,ERR,ERR,ERR,ERR,ERR,ERR,ERR,ERR,ERR,ERR,ERR,ERR,ERR,ERR,ERR,ERR,ERR,ERR,ERR,ERR,ERR,ERR,ERR,ERR,ERR,ERR,ERR,ERR,ERR,ERR,ERR,ERR,ERR,ERR,ERR,ERR,ERR,ERR,ERR,ERR,ERR,60.0,60.0,35,0.0,0.0,0.0,0.0,0.0,0.0,0.0,0.0,0.0,0.0,0.0,0.0,0.0,0.0,0.0,0.0,65.2,0,113,55,37,65476,0,300,0,0,8,20529,65476,0,0,2621,60.0,0.0,0.0,0.0,0.0,0.0
2026-07-09T15:13:06,ERR,ERR,ERR,ERR,ERR,ERR,ERR,ERR,ERR,ERR,ERR,ERR,ERR,ERR,ERR,ERR,ERR,ERR,ERR,ERR,ERR,ERR,ERR,ERR,ERR,ERR,ERR,ERR,ERR,ERR,ERR,ERR,ERR,ERR,ERR,ERR,ERR,ERR,ERR,ERR,ERR,ERR,ERR,ERR,ERR,ERR,ERR,ERR,ERR,ERR,ERR,ERR,ERR,ERR,ERR,ERR,ERR,ERR,ERR,ERR,ERR,ERR,ERR,ERR,ERR,ERR,ERR,ERR,ERR,ERR,ERR,ERR,ERR,ERR,ERR,ERR,ERR,ERR,ERR,ERR,ERR,ERR,ERR,ERR,ERR,ERR,ERR,ERR,ERR,ERR,ERR,ERR,ERR,ERR,ERR,ERR,ERR,ERR,ERR,ERR,ERR,ERR,ERR,ERR,ERR,ERR,ERR,ERR,ERR,ERR,ERR,ERR,ERR,ERR,ERR,ERR,ERR,ERR,ERR,ERR,ERR,ERR,ERR,ERR,ERR,2.7184267782763598e+23,0.0,-0.0,0.0,412925132800.0,-0.0,0.0,0.0,0,0,4,17415,7116,0.0,100,0.0,0.0,0.0,0.0,0.0,0,0,0,0,0.0,0,0,0,0,0,0,0,0,0,0,0,0,0,0,0,0,0,0,0,0,0,0,0,0,0,0,0,0,0,0,0,0,0,31,40,40,71,65476,0,300,0,0,8,21553,0.0,-107605600.0,0.0,0.0,0.0,0.0,0.0,0.0,0.0,0.0,0.0,0.0,0.0,0.0,0.0,0.0,0.0,0.0,0.0,0.0,0.0,0.0,-2.004,0.0,0.0,0.0,0.0,0.0,0.0,0.0,4888.0,2.004,6920.0,2.7184267782763598e+23,0.0,2.004,2.004,0.0,0.0,0.0,0.0,69,0.059,0.0,0.0,0.0,0.0,0.0,0.0,0.0,0.0,0,0,0,0.0,0.0,0.0,0.0,0.0,0.0,0.0,0.0,0.0,0.0,0.0,0.0,0.0,0.0,0.0,0.0,0,-107875648.0,69,0.0,138,0.0,2.012,ERR,ERR,ERR,ERR,ERR,ERR,ERR,ERR,ERR,ERR,ERR,ERR,ERR,ERR,ERR,ERR,ERR,ERR,ERR,ERR,ERR,ERR,ERR,ERR,ERR,ERR,ERR,ERR,ERR,ERR,ERR,ERR,ERR,ERR,ERR,ERR,ERR,ERR,ERR,ERR,ERR,ERR,ERR,ERR,ERR,ERR,ERR,ERR,ERR,ERR,ERR,ERR,ERR,ERR,ERR,ERR,ERR,ERR,ERR,ERR,ERR,ERR,ERR,ERR,ERR,ERR,ERR,60.0,60.0,35,0.0,0.0,0.0,0.0,0.0,0.0,0.0,0.0,0.0,0.0,0.0,0.0,0.0,0.0,0.0,0.0,65.2,0,113,55,37,65476,0,300,0,0,8,20529,65476,0,0,2621,60.0,0.0,0.0,0.0,0.0,0.0
2026-07-09T15:13:07,ERR,ERR,ERR,ERR,ERR,ERR,ERR,ERR,ERR,ERR,ERR,ERR,ERR,ERR,ERR,ERR,ERR,ERR,ERR,ERR,ERR,ERR,ERR,ERR,ERR,ERR,ERR,ERR,ERR,ERR,ERR,ERR,ERR,ERR,ERR,ERR,ERR,ERR,ERR,ERR,ERR,ERR,ERR,ERR,ERR,ERR,ERR,ERR,ERR,ERR,ERR,ERR,ERR,ERR,ERR,ERR,ERR,ERR,ERR,ERR,ERR,ERR,ERR,ERR,ERR,ERR,ERR,ERR,ERR,ERR,ERR,ERR,ERR,ERR,ERR,ERR,ERR,ERR,ERR,ERR,ERR,ERR,ERR,ERR,ERR,ERR,ERR,ERR,ERR,ERR,ERR,ERR,ERR,ERR,ERR,ERR,ERR,ERR,ERR,ERR,ERR,ERR,ERR,ERR,ERR,ERR,ERR,ERR,ERR,ERR,ERR,ERR,ERR,ERR,ERR,ERR,ERR,ERR,ERR,ERR,ERR,ERR,ERR,ERR,ERR,2.7184267782763598e+23,0.0,-0.0,0.0,412925132800.0,-0.0,0.0,0.0,0,0,4,17415,7116,0.0,100,0.0,0.0,0.0,0.0,0.0,0,0,0,0,0.0,0,0,0,0,0,0,0,0,0,0,0,0,0,0,0,0,0,0,0,0,0,0,0,0,0,0,0,0,0,0,0,0,0,31,40,40,71,65476,0,300,0,0,8,21553,0.0,-107605600.0,0.0,0.0,0.0,0.0,0.0,0.0,0.0,0.0,0.0,0.0,0.0,0.0,0.0,0.0,0.0,0.0,0.0,0.0,0.0,0.0,-2.004,0.0,0.0,0.0,0.0,0.0,0.0,0.0,4888.0,2.004,6920.0,2.7184267782763598e+23,0.0,2.004,2.004,0.0,0.0,0.0,0.0,69,0.059,0.0,0.0,0.0,0.0,0.0,0.0,0.0,0.0,0,0,0,0.0,0.0,0.0,0.0,0.0,0.0,0.0,0.0,0.0,0.0,0.0,0.0,0.0,0.0,0.0,0.0,0,-107875648.0,69,0.0,138,0.0,2.012,ERR,ERR,ERR,ERR,ERR,ERR,ERR,ERR,ERR,ERR,ERR,ERR,ERR,ERR,ERR,ERR,ERR,ERR,ERR,ERR,ERR,ERR,ERR,ERR,ERR,ERR,ERR,ERR,ERR,ERR,ERR,ERR,ERR,ERR,ERR,ERR,ERR,ERR,ERR,ERR,ERR,ERR,ERR,ERR,ERR,ERR,ERR,ERR,ERR,ERR,ERR,ERR,ERR,ERR,ERR,ERR,ERR,ERR,ERR,ERR,ERR,ERR,ERR,ERR,ERR,ERR,ERR,60.0,60.0,35,0.0,0.0,0.0,0.0,0.0,0.0,0.0,0.0,0.0,0.0,0.0,0.0,0.0,0.0,0.0,0.0,65.6,0,113,55,37,65476,0,300,0,0,8,20529,65476,0,0,2621,60.0,0.0,0.0,0.0,0.0,0.0
2026-07-09T15:13:08,ERR,ERR,ERR,ERR,ERR,ERR,ERR,ERR,ERR,ERR,ERR,ERR,ERR,ERR,ERR,ERR,ERR,ERR,ERR,ERR,ERR,ERR,ERR,ERR,ERR,ERR,ERR,ERR,ERR,ERR,ERR,ERR,ERR,ERR,ERR,ERR,ERR,ERR,ERR,ERR,ERR,ERR,ERR,ERR,ERR,ERR,ERR,ERR,ERR,ERR,ERR,ERR,ERR,ERR,ERR,ERR,ERR,ERR,ERR,ERR,ERR,ERR,ERR,ERR,ERR,ERR,ERR,ERR,ERR,ERR,ERR,ERR,ERR,ERR,ERR,ERR,ERR,ERR,ERR,ERR,ERR,ERR,ERR,ERR,ERR,ERR,ERR,ERR,ERR,ERR,ERR,ERR,ERR,ERR,ERR,ERR,ERR,ERR,ERR,ERR,ERR,ERR,ERR,ERR,ERR,ERR,ERR,ERR,ERR,ERR,ERR,ERR,ERR,ERR,ERR,ERR,ERR,ERR,ERR,ERR,ERR,ERR,ERR,ERR,ERR,2.7184267782763598e+23,2.7184447926748693e+23,2.7184166902131945e+23,0.0,-2.164916920254464e+17,-1.1912477138965222e+24,0.0,-0.003,0,0,4,17415,7116,0.0,100,0.0,0.0,0.0,0.0,0.0,0,0,0,0,0.0,0,0,0,0,0,0,0,0,0,0,0,0,0,0,0,0,0,0,0,0,0,0,0,0,0,0,0,0,0,0,0,0,0,31,40,40,71,65476,0,300,0,0,8,21553,0.0,-107605600.0,0.0,0.0,0.0,0.0,0.0,0.0,0.0,0.0,0.0,0.0,0.0,0.0,0.0,0.0,0.0,0.0,0.0,0.0,0.0,0.0,-2.004,3.697066506759596e+19,0.0,0.0,0.0,0.0,0.0,0.0,4877.0,8608178176.0,6922.0,2.7184267782763598e+23,-0.0,2.004,2.004,0.0,0.0,0.0,0.0,69,-107614840.0,-4.950399196810832e+32,0.0,0.0,0.0,0.0,0.0,0.0,0.0,0,0,0,0.0,0.0,0.0,0.0,0.0,0.0,0.0,0.0,0.0,0.0,0.0,0.0,0.0,0.0,0.0,0.0,0,-107875648.0,69,0.0,138,0.0,2.012,ERR,ERR,ERR,ERR,ERR,ERR,ERR,ERR,ERR,ERR,ERR,ERR,ERR,ERR,ERR,ERR,ERR,ERR,ERR,ERR,ERR,ERR,ERR,ERR,ERR,ERR,ERR,ERR,ERR,ERR,ERR,ERR,ERR,ERR,ERR,ERR,ERR,ERR,ERR,ERR,ERR,ERR,ERR,ERR,ERR,ERR,ERR,ERR,ERR,ERR,ERR,ERR,ERR,ERR,ERR,ERR,ERR,ERR,ERR,ERR,ERR,ERR,ERR,ERR,ERR,ERR,ERR,60.0,60.0,35,0.0,0.0,0.0,0.0,0.0,0.0,0.0,0.0,0.0,0.0,0.0,0.0,0.0,0.0,0.0,0.0,65.6,0,113,55,37,65476,0,300,0,0,8,20529,65476,0,0,2621,60.0,0.0,0.0,0.0,0.0,0.0
2026-07-09T15:13:09,ERR,ERR,ERR,ERR,ERR,ERR,ERR,ERR,ERR,ERR,ERR,ERR,ERR,ERR,ERR,ERR,ERR,ERR,ERR,ERR,ERR,ERR,ERR,ERR,ERR,ERR,ERR,ERR,ERR,ERR,ERR,ERR,ERR,ERR,ERR,ERR,ERR,ERR,ERR,ERR,ERR,ERR,ERR,ERR,ERR,ERR,ERR,ERR,ERR,ERR,ERR,ERR,ERR,ERR,ERR,ERR,ERR,ERR,ERR,ERR,ERR,ERR,ERR,ERR,ERR,ERR,ERR,ERR,ERR,ERR,ERR,ERR,ERR,ERR,ERR,ERR,ERR,ERR,ERR,ERR,ERR,ERR,ERR,ERR,ERR,ERR,ERR,ERR,ERR,ERR,ERR,ERR,ERR,ERR,ERR,ERR,ERR,ERR,ERR,ERR,ERR,ERR,ERR,ERR,ERR,ERR,ERR,ERR,ERR,ERR,ERR,ERR,ERR,ERR,ERR,ERR,ERR,ERR,ERR,ERR,ERR,ERR,ERR,ERR,ERR,2.7184267782763598e+23,2.7184447926748693e+23,2.7184166902131945e+23,0.0,-2.164916920254464e+17,-1.1912477138965222e+24,0.0,-0.003,0,0,4,17415,7116,0.0,100,0.0,0.0,0.0,0.0,0.0,0,0,0,0,0.0,0,0,0,0,0,0,0,0,0,0,0,0,0,0,0,0,0,0,0,0,0,0,0,0,0,0,0,0,0,0,0,0,0,31,40,40,71,65476,0,300,0,0,8,21553,0.0,-107605600.0,0.0,0.0,0.0,0.0,0.0,0.0,0.0,0.0,0.0,0.0,0.0,0.0,0.0,0.0,0.0,0.0,0.0,0.0,0.0,0.0,-2.004,3.697066506759596e+19,0.0,0.0,0.0,0.0,0.0,0.0,4877.0,8608178176.0,6922.0,2.7184267782763598e+23,-0.0,2.004,2.004,0.0,0.0,0.0,0.0,69,-107614840.0,-4.950399196810832e+32,0.0,0.0,0.0,0.0,0.0,0.0,0.0,0,0,0,0.0,0.0,0.0,0.0,0.0,0.0,0.0,0.0,0.0,0.0,0.0,0.0,0.0,0.0,0.0,0.0,0,-107875648.0,69,0.0,138,0.0,2.012,ERR,ERR,ERR,ERR,ERR,ERR,ERR,ERR,ERR,ERR,ERR,ERR,ERR,ERR,ERR,ERR,ERR,ERR,ERR,ERR,ERR,ERR,ERR,ERR,ERR,ERR,ERR,ERR,ERR,ERR,ERR,ERR,ERR,ERR,ERR,ERR,ERR,ERR,ERR,ERR,ERR,ERR,ERR,ERR,ERR,ERR,ERR,ERR,ERR,ERR,ERR,ERR,ERR,ERR,ERR,ERR,ERR,ERR,ERR,ERR,ERR,ERR,ERR,ERR,ERR,ERR,ERR,60.0,60.0,35,0.0,0.0,0.0,0.0,0.0,0.0,0.0,0.0,0.0,0.0,0.0,0.0,0.0,0.0,0.0,0.0,65.6,0,113,54,37,65476,0,300,0,0,8,20529,65476,0,0,2621,60.0,0.0,0.0,0.0,0.0,0.0
2026-07-09T15:13:10,ERR,ERR,ERR,ERR,ERR,ERR,ERR,ERR,ERR,ERR,ERR,ERR,ERR,ERR,ERR,ERR,ERR,ERR,ERR,ERR,ERR,ERR,ERR,ERR,ERR,ERR,ERR,ERR,ERR,ERR,ERR,ERR,ERR,ERR,ERR,ERR,ERR,ERR,ERR,ERR,ERR,ERR,ERR,ERR,ERR,ERR,ERR,ERR,ERR,ERR,ERR,ERR,ERR,ERR,ERR,ERR,ERR,ERR,ERR,ERR,ERR,ERR,ERR,ERR,ERR,ERR,ERR,ERR,ERR,ERR,ERR,ERR,ERR,ERR,ERR,ERR,ERR,ERR,ERR,ERR,ERR,ERR,ERR,ERR,ERR,ERR,ERR,ERR,ERR,ERR,ERR,ERR,ERR,ERR,ERR,ERR,ERR,ERR,ERR,ERR,ERR,ERR,ERR,ERR,ERR,ERR,ERR,ERR,ERR,ERR,ERR,ERR,ERR,ERR,ERR,ERR,ERR,ERR,ERR,ERR,ERR,ERR,ERR,ERR,ERR,2.7184267782763598e+23,2.7184447926748693e+23,2.7184166902131945e+23,0.0,-2.164916920254464e+17,-1.1912477138965222e+24,0.0,-0.003,0,0,4,17415,7116,0.0,100,0.0,0.0,0.0,0.0,0.0,0,0,0,0,0.0,0,0,0,0,0,0,0,0,0,0,0,0,0,0,0,0,0,0,0,0,0,0,0,0,0,0,0,0,0,0,0,0,0,31,40,40,71,65476,0,300,0,0,8,21553,0.0,-107605600.0,0.0,0.0,0.0,0.0,0.0,0.0,0.0,0.0,0.0,0.0,0.0,0.0,0.0,0.0,0.0,0.0,0.0,0.0,0.0,0.0,-2.004,3.697066506759596e+19,0.0,0.0,0.0,0.0,0.0,0.0,4877.0,8608178176.0,6922.0,2.7184267782763598e+23,-0.0,2.004,2.004,0.0,0.0,0.0,0.0,69,-107614840.0,-4.950399196810832e+32,0.0,0.0,0.0,0.0,0.0,0.0,0.0,0,0,0,0.0,0.0,0.0,0.0,0.0,0.0,0.0,0.0,0.0,0.0,0.0,0.0,0.0,0.0,0.0,0.0,0,-107875648.0,69,0.0,138,0.0,2.012,ERR,ERR,ERR,ERR,ERR,ERR,ERR,ERR,ERR,ERR,ERR,ERR,ERR,ERR,ERR,ERR,ERR,ERR,ERR,ERR,ERR,ERR,ERR,ERR,ERR,ERR,ERR,ERR,ERR,ERR,ERR,ERR,ERR,ERR,ERR,ERR,ERR,ERR,ERR,ERR,ERR,ERR,ERR,ERR,ERR,ERR,ERR,ERR,ERR,ERR,ERR,ERR,ERR,ERR,ERR,ERR,ERR,ERR,ERR,ERR,ERR,ERR,ERR,ERR,ERR,ERR,ERR,60.0,60.0,35,0.0,0.0,0.0,0.0,0.0,0.0,0.0,0.0,0.0,0.0,0.0,0.0,0.0,0.0,0.0,0.0,65.6,0,113,54,37,65476,0,300,0,0,8,20529,65476,0,0,2621,60.0,0.0,0.0,0.0,0.0,0.0
2026-07-09T15:13:11,ERR,ERR,ERR,ERR,ERR,ERR,ERR,ERR,ERR,ERR,ERR,ERR,ERR,ERR,ERR,ERR,ERR,ERR,ERR,ERR,ERR,ERR,ERR,ERR,ERR,ERR,ERR,ERR,ERR,ERR,ERR,ERR,ERR,ERR,ERR,ERR,ERR,ERR,ERR,ERR,ERR,ERR,ERR,ERR,ERR,ERR,ERR,ERR,ERR,ERR,ERR,ERR,ERR,ERR,ERR,ERR,ERR,ERR,ERR,ERR,ERR,ERR,ERR,ERR,ERR,ERR,ERR,ERR,ERR,ERR,ERR,ERR,ERR,ERR,ERR,ERR,ERR,ERR,ERR,ERR,ERR,ERR,ERR,ERR,ERR,ERR,ERR,ERR,ERR,ERR,ERR,ERR,ERR,ERR,ERR,ERR,ERR,ERR,ERR,ERR,ERR,ERR,ERR,ERR,ERR,ERR,ERR,ERR,ERR,ERR,ERR,ERR,ERR,ERR,ERR,ERR,ERR,ERR,ERR,ERR,ERR,ERR,ERR,ERR,ERR,2.7184267782763598e+23,2.7184447926748693e+23,2.7184166902131945e+23,0.0,-2.164916920254464e+17,-1.1912477138965222e+24,0.0,-0.003,0,0,4,17415,7116,0.0,100,0.0,0.0,0.0,0.0,0.0,0,0,0,0,0.0,0,0,0,0,0,0,0,0,0,0,0,0,0,0,0,0,0,0,0,0,0,0,0,0,0,0,0,0,0,0,0,0,0,31,40,40,71,65476,0,300,0,0,8,21553,0.0,-107605600.0,0.0,0.0,0.0,0.0,0.0,0.0,0.0,0.0,0.0,0.0,0.0,0.0,0.0,0.0,0.0,0.0,0.0,0.0,0.0,0.0,-2.004,3.697066506759596e+19,0.0,0.0,0.0,0.0,0.0,0.0,4877.0,8608178176.0,6922.0,2.7184267782763598e+23,-0.0,2.004,2.004,0.0,0.0,0.0,0.0,69,-107614840.0,-4.950399196810832e+32,0.0,0.0,0.0,0.0,0.0,0.0,0.0,0,0,0,0.0,0.0,0.0,0.0,0.0,0.0,0.0,0.0,0.0,0.0,0.0,0.0,0.0,0.0,0.0,0.0,0,-107875648.0,69,0.0,138,0.0,2.012,ERR,ERR,ERR,ERR,ERR,ERR,ERR,ERR,ERR,ERR,ERR,ERR,ERR,ERR,ERR,ERR,ERR,ERR,ERR,ERR,ERR,ERR,ERR,ERR,ERR,ERR,ERR,ERR,ERR,ERR,ERR,ERR,ERR,ERR,ERR,ERR,ERR,ERR,ERR,ERR,ERR,ERR,ERR,ERR,ERR,ERR,ERR,ERR,ERR,ERR,ERR,ERR,ERR,ERR,ERR,ERR,ERR,ERR,ERR,ERR,ERR,ERR,ERR,ERR,ERR,ERR,ERR,60.0,60.0,35,0.0,0.0,0.0,0.0,0.0,0.0,0.0,0.0,0.0,0.0,0.0,0.0,0.0,0.0,0.0,0.0,65.6,0,113,54,37,65476,0,300,0,0,8,20529,65476,0,0,2621,60.0,0.0,0.0,0.0,0.0,0.0
2026-07-09T15:13:12,ERR,ERR,ERR,ERR,ERR,ERR,ERR,ERR,ERR,ERR,ERR,ERR,ERR,ERR,ERR,ERR,ERR,ERR,ERR,ERR,ERR,ERR,ERR,ERR,ERR,ERR,ERR,ERR,ERR,ERR,ERR,ERR,ERR,ERR,ERR,ERR,ERR,ERR,ERR,ERR,ERR,ERR,ERR,ERR,ERR,ERR,ERR,ERR,ERR,ERR,ERR,ERR,ERR,ERR,ERR,ERR,ERR,ERR,ERR,ERR,ERR,ERR,ERR,ERR,ERR,ERR,ERR,ERR,ERR,ERR,ERR,ERR,ERR,ERR,ERR,ERR,ERR,ERR,ERR,ERR,ERR,ERR,ERR,ERR,ERR,ERR,ERR,ERR,ERR,ERR,ERR,ERR,ERR,ERR,ERR,ERR,ERR,ERR,ERR,ERR,ERR,ERR,ERR,ERR,ERR,ERR,ERR,ERR,ERR,ERR,ERR,ERR,ERR,ERR,ERR,ERR,ERR,ERR,ERR,ERR,ERR,ERR,ERR,ERR,ERR,2.7184267782763598e+23,2.7184447926748693e+23,2.7184166902131945e+23,0.0,-2.164916920254464e+17,-1.1912477138965222e+24,0.0,-0.003,0,0,4,17415,7116,0.0,100,0.0,0.0,0.0,0.0,0.0,0,0,0,0,0.0,0,0,0,0,0,0,0,0,0,0,0,0,0,0,0,0,0,0,0,0,0,0,0,0,0,0,0,0,0,0,0,0,0,31,40,40,71,65476,0,300,0,0,8,21553,0.0,-107605600.0,0.0,0.0,0.0,0.0,0.0,0.0,0.0,0.0,0.0,0.0,0.0,0.0,0.0,0.0,0.0,0.0,0.0,0.0,0.0,0.0,-2.004,3.697066506759596e+19,0.0,0.0,0.0,0.0,0.0,0.0,4877.0,8608178176.0,6922.0,2.7184267782763598e+23,-0.0,2.004,2.004,0.0,0.0,0.0,0.0,69,-107614840.0,-4.950399196810832e+32,0.0,0.0,0.0,0.0,0.0,0.0,0.0,0,0,0,0.0,0.0,0.0,0.0,0.0,0.0,0.0,0.0,0.0,0.0,0.0,0.0,0.0,0.0,0.0,0.0,0,-107875648.0,69,0.0,138,0.0,2.012,ERR,ERR,ERR,ERR,ERR,ERR,ERR,ERR,ERR,ERR,ERR,ERR,ERR,ERR,ERR,ERR,ERR,ERR,ERR,ERR,ERR,ERR,ERR,ERR,ERR,ERR,ERR,ERR,ERR,ERR,ERR,ERR,ERR,ERR,ERR,ERR,ERR,ERR,ERR,ERR,ERR,ERR,ERR,ERR,ERR,ERR,ERR,ERR,ERR,ERR,ERR,ERR,ERR,ERR,ERR,ERR,ERR,ERR,ERR,ERR,ERR,ERR,ERR,ERR,ERR,ERR,ERR,60.0,60.0,35,0.0,0.0,0.0,0.0,0.0,0.0,0.0,0.0,0.0,0.0,0.0,0.0,0.0,0.0,0.0,0.0,65.2,0,113,54,37,65476,0,300,0,0,8,20529,65476,0,0,2621,60.0,0.0,0.0,0.0,0.0,0.0
2026-07-09T15:13:13,ERR,ERR,ERR,ERR,ERR,ERR,ERR,ERR,ERR,ERR,ERR,ERR,ERR,ERR,ERR,ERR,ERR,ERR,ERR,ERR,ERR,ERR,ERR,ERR,ERR,ERR,ERR,ERR,ERR,ERR,ERR,ERR,ERR,ERR,ERR,ERR,ERR,ERR,ERR,ERR,ERR,ERR,ERR,ERR,ERR,ERR,ERR,ERR,ERR,ERR,ERR,ERR,ERR,ERR,ERR,ERR,ERR,ERR,ERR,ERR,ERR,ERR,ERR,ERR,ERR,ERR,ERR,ERR,ERR,ERR,ERR,ERR,ERR,ERR,ERR,ERR,ERR,ERR,ERR,ERR,ERR,ERR,ERR,ERR,ERR,ERR,ERR,ERR,ERR,ERR,ERR,ERR,ERR,ERR,ERR,ERR,ERR,ERR,ERR,ERR,ERR,ERR,ERR,ERR,ERR,ERR,ERR,ERR,ERR,ERR,ERR,ERR,ERR,ERR,ERR,ERR,ERR,ERR,ERR,ERR,ERR,ERR,ERR,ERR,ERR,2.7184267782763598e+23,-107616000.0,0.0,-0.0,-0.0,-1.4319888851042084e+21,-2327086295416832.0,0.0,0,0,4,17415,7116,0.0,100,0.0,0.0,0.0,0.0,0.0,0,0,0,0,0.0,0,0,0,0,0,0,0,0,0,0,0,0,0,0,0,0,0,0,0,0,0,0,0,0,0,0,0,0,0,0,0,0,0,31,40,40,71,65476,0,300,0,0,8,21553,0.0,-107605600.0,0.0,0.0,0.0,0.0,0.0,0.0,0.0,0.0,0.0,0.0,0.0,0.0,0.0,0.0,0.0,0.0,0.0,0.0,0.0,0.0,-2.004,-0.0,0.0,0.0,0.0,0.0,0.0,0.0,4868.0,1.587928597535639e+29,6926.0,2.7184267782763598e+23,0.0,2.004,2.004,0.0,0.0,0.0,0.0,69,-0.0,0.0,0.0,0.0,0.0,0.0,0.0,0.0,0.0,0,0,0,0.0,0.0,0.0,0.0,0.0,0.0,0.0,0.0,0.0,0.0,0.0,0.0,0.0,0.0,0.0,0.0,0,-107875648.0,69,0.0,138,0.0,2.012,ERR,ERR,ERR,ERR,ERR,ERR,ERR,ERR,ERR,ERR,ERR,ERR,ERR,ERR,ERR,ERR,ERR,ERR,ERR,ERR,ERR,ERR,ERR,ERR,ERR,ERR,ERR,ERR,ERR,ERR,ERR,ERR,ERR,ERR,ERR,ERR,ERR,ERR,ERR,ERR,ERR,ERR,ERR,ERR,ERR,ERR,ERR,ERR,ERR,ERR,ERR,ERR,ERR,ERR,ERR,ERR,ERR,ERR,ERR,ERR,ERR,ERR,ERR,ERR,ERR,ERR,ERR,60.0,60.0,35,0.0,0.0,0.0,0.0,0.0,0.0,0.0,0.0,0.0,0.0,0.0,0.0,0.0,0.0,0.0,0.0,65.2,0,113,54,37,65476,0,300,0,0,8,20529,65476,0,0,2621,60.0,0.0,0.0,0.0,0.0,0.0
2026-07-09T15:13:14,ERR,ERR,ERR,ERR,ERR,ERR,ERR,ERR,ERR,ERR,ERR,ERR,ERR,ERR,ERR,ERR,ERR,ERR,ERR,ERR,ERR,ERR,ERR,ERR,ERR,ERR,ERR,ERR,ERR,ERR,ERR,ERR,ERR,ERR,ERR,ERR,ERR,ERR,ERR,ERR,ERR,ERR,ERR,ERR,ERR,ERR,ERR,ERR,ERR,ERR,ERR,ERR,ERR,ERR,ERR,ERR,ERR,ERR,ERR,ERR,ERR,ERR,ERR,ERR,ERR,ERR,ERR,ERR,ERR,ERR,ERR,ERR,ERR,ERR,ERR,ERR,ERR,ERR,ERR,ERR,ERR,ERR,ERR,ERR,ERR,ERR,ERR,ERR,ERR,ERR,ERR,ERR,ERR,ERR,ERR,ERR,ERR,ERR,ERR,ERR,ERR,ERR,ERR,ERR,ERR,ERR,ERR,ERR,ERR,ERR,ERR,ERR,ERR,ERR,ERR,ERR,ERR,ERR,ERR,ERR,ERR,ERR,ERR,ERR,ERR,2.7184267782763598e+23,-107616000.0,0.0,-0.0,-0.0,-1.4319888851042084e+21,-2327086295416832.0,0.0,0,0,4,17415,7116,0.0,100,0.0,0.0,0.0,0.0,0.0,0,0,0,0,0.0,0,0,0,0,0,0,0,0,0,0,0,0,0,0,0,0,0,0,0,0,0,0,0,0,0,0,0,0,0,0,0,0,0,31,40,40,71,65476,0,300,0,0,8,21553,0.0,-107605600.0,0.0,0.0,0.0,0.0,0.0,0.0,0.0,0.0,0.0,0.0,0.0,0.0,0.0,0.0,0.0,0.0,0.0,0.0,0.0,0.0,-2.004,-0.0,0.0,0.0,0.0,0.0,0.0,0.0,4868.0,1.587928597535639e+29,6926.0,2.7184267782763598e+23,0.0,2.004,2.004,0.0,0.0,0.0,0.0,69,-0.0,0.0,0.0,0.0,0.0,0.0,0.0,0.0,0.0,0,0,0,0.0,0.0,0.0,0.0,0.0,0.0,0.0,0.0,0.0,0.0,0.0,0.0,0.0,0.0,0.0,0.0,0,-107875648.0,69,0.0,138,0.0,2.012,ERR,ERR,ERR,ERR,ERR,ERR,ERR,ERR,ERR,ERR,ERR,ERR,ERR,ERR,ERR,ERR,ERR,ERR,ERR,ERR,ERR,ERR,ERR,ERR,ERR,ERR,ERR,ERR,ERR,ERR,ERR,ERR,ERR,ERR,ERR,ERR,ERR,ERR,ERR,ERR,ERR,ERR,ERR,ERR,ERR,ERR,ERR,ERR,ERR,ERR,ERR,ERR,ERR,ERR,ERR,ERR,ERR,ERR,ERR,ERR,ERR,ERR,ERR,ERR,ERR,ERR,ERR,60.0,60.0,35,0.0,0.0,0.0,0.0,0.0,0.0,0.0,0.0,0.0,0.0,0.0,0.0,0.0,0.0,0.0,0.0,65.2,0,113,54,37,65476,0,300,0,0,8,20529,65476,0,0,2621,60.0,0.0,0.0,0.0,0.0,0.0
2026-07-09T15:13:15,ERR,ERR,ERR,ERR,ERR,ERR,ERR,ERR,ERR,ERR,ERR,ERR,ERR,ERR,ERR,ERR,ERR,ERR,ERR,ERR,ERR,ERR,ERR,ERR,ERR,ERR,ERR,ERR,ERR,ERR,ERR,ERR,ERR,ERR,ERR,ERR,ERR,ERR,ERR,ERR,ERR,ERR,ERR,ERR,ERR,ERR,ERR,ERR,ERR,ERR,ERR,ERR,ERR,ERR,ERR,ERR,ERR,ERR,ERR,ERR,ERR,ERR,ERR,ERR,ERR,ERR,ERR,ERR,ERR,ERR,ERR,ERR,ERR,ERR,ERR,ERR,ERR,ERR,ERR,ERR,ERR,ERR,ERR,ERR,ERR,ERR,ERR,ERR,ERR,ERR,ERR,ERR,ERR,ERR,ERR,ERR,ERR,ERR,ERR,ERR,ERR,ERR,ERR,ERR,ERR,ERR,ERR,ERR,ERR,ERR,ERR,ERR,ERR,ERR,ERR,ERR,ERR,ERR,ERR,ERR,ERR,ERR,ERR,ERR,ERR,2.7184267782763598e+23,-107616000.0,0.0,-0.0,-0.0,-1.4319888851042084e+21,-2327086295416832.0,0.0,0,0,4,17415,7116,0.0,100,0.0,0.0,0.0,0.0,0.0,0,0,0,0,0.0,0,0,0,0,0,0,0,0,0,0,0,0,0,0,0,0,0,0,0,0,0,0,0,0,0,0,0,0,0,0,0,0,0,31,40,40,71,65476,0,300,0,0,8,21553,0.0,-107605600.0,0.0,0.0,0.0,0.0,0.0,0.0,0.0,0.0,0.0,0.0,0.0,0.0,0.0,0.0,0.0,0.0,0.0,0.0,0.0,0.0,-2.004,-0.0,0.0,0.0,0.0,0.0,0.0,0.0,4868.0,1.587928597535639e+29,6926.0,2.7184267782763598e+23,0.0,2.004,2.004,0.0,0.0,0.0,0.0,69,-0.0,0.0,0.0,0.0,0.0,0.0,0.0,0.0,0.0,0,0,0,0.0,0.0,0.0,0.0,0.0,0.0,0.0,0.0,0.0,0.0,0.0,0.0,0.0,0.0,0.0,0.0,0,-107875648.0,69,0.0,138,0.0,2.012,ERR,ERR,ERR,ERR,ERR,ERR,ERR,ERR,ERR,ERR,ERR,ERR,ERR,ERR,ERR,ERR,ERR,ERR,ERR,ERR,ERR,ERR,ERR,ERR,ERR,ERR,ERR,ERR,ERR,ERR,ERR,ERR,ERR,ERR,ERR,ERR,ERR,ERR,ERR,ERR,ERR,ERR,ERR,ERR,ERR,ERR,ERR,ERR,ERR,ERR,ERR,ERR,ERR,ERR,ERR,ERR,ERR,ERR,ERR,ERR,ERR,ERR,ERR,ERR,ERR,ERR,ERR,60.0,60.0,35,0.0,0.0,0.0,0.0,0.0,0.0,0.0,0.0,0.0,0.0,0.0,0.0,0.0,0.0,0.0,0.0,65.2,0,113,54,37,65476,0,300,0,0,8,20529,65476,0,0,2621,60.0,0.0,0.0,0.0,0.0,0.0
2026-07-09T15:13:16,ERR,ERR,ERR,ERR,ERR,ERR,ERR,ERR,ERR,ERR,ERR,ERR,ERR,ERR,ERR,ERR,ERR,ERR,ERR,ERR,ERR,ERR,ERR,ERR,ERR,ERR,ERR,ERR,ERR,ERR,ERR,ERR,ERR,ERR,ERR,ERR,ERR,ERR,ERR,ERR,ERR,ERR,ERR,ERR,ERR,ERR,ERR,ERR,ERR,ERR,ERR,ERR,ERR,ERR,ERR,ERR,ERR,ERR,ERR,ERR,ERR,ERR,ERR,ERR,ERR,ERR,ERR,ERR,ERR,ERR,ERR,ERR,ERR,ERR,ERR,ERR,ERR,ERR,ERR,ERR,ERR,ERR,ERR,ERR,ERR,ERR,ERR,ERR,ERR,ERR,ERR,ERR,ERR,ERR,ERR,ERR,ERR,ERR,ERR,ERR,ERR,ERR,ERR,ERR,ERR,ERR,ERR,ERR,ERR,ERR,ERR,ERR,ERR,ERR,ERR,ERR,ERR,ERR,ERR,ERR,ERR,ERR,ERR,ERR,ERR,2.7184267782763598e+23,-107616000.0,0.0,-0.0,-0.0,-1.4319888851042084e+21,-2327086295416832.0,0.0,0,0,4,17415,7116,0.0,100,0.0,0.0,0.0,0.0,0.0,0,0,0,0,0.0,0,0,0,0,0,0,0,0,0,0,0,0,0,0,0,0,0,0,0,0,0,0,0,0,0,0,0,0,0,0,0,0,0,31,40,40,71,65476,0,300,0,0,8,21553,0.0,-107605600.0,0.0,0.0,0.0,0.0,0.0,0.0,0.0,0.0,0.0,0.0,0.0,0.0,0.0,0.0,0.0,0.0,0.0,0.0,0.0,0.0,-2.004,-0.0,0.0,0.0,0.0,0.0,0.0,0.0,4868.0,1.587928597535639e+29,6926.0,2.7184267782763598e+23,0.0,2.004,2.004,0.0,0.0,0.0,0.0,69,-0.0,0.0,0.0,0.0,0.0,0.0,0.0,0.0,0.0,0,0,0,0.0,0.0,0.0,0.0,0.0,0.0,0.0,0.0,0.0,0.0,0.0,0.0,0.0,0.0,0.0,0.0,0,-107875648.0,69,0.0,138,0.0,2.012,ERR,ERR,ERR,ERR,ERR,ERR,ERR,ERR,ERR,ERR,ERR,ERR,ERR,ERR,ERR,ERR,ERR,ERR,ERR,ERR,ERR,ERR,ERR,ERR,ERR,ERR,ERR,ERR,ERR,ERR,ERR,ERR,ERR,ERR,ERR,ERR,ERR,ERR,ERR,ERR,ERR,ERR,ERR,ERR,ERR,ERR,ERR,ERR,ERR,ERR,ERR,ERR,ERR,ERR,ERR,ERR,ERR,ERR,ERR,ERR,ERR,ERR,ERR,ERR,ERR,ERR,ERR,60.0,60.0,35,0.0,0.0,0.0,0.0,0.0,0.0,0.0,0.0,0.0,0.0,0.0,0.0,0.0,0.0,0.0,0.0,65.2,0,113,54,37,65476,0,300,0,0,8,20529,65476,0,0,2621,60.0,0.0,0.0,0.0,0.0,0.0
2026-07-09T15:13:17,ERR,ERR,ERR,ERR,ERR,ERR,ERR,ERR,ERR,ERR,ERR,ERR,ERR,ERR,ERR,ERR,ERR,ERR,ERR,ERR,ERR,ERR,ERR,ERR,ERR,ERR,ERR,ERR,ERR,ERR,ERR,ERR,ERR,ERR,ERR,ERR,ERR,ERR,ERR,ERR,ERR,ERR,ERR,ERR,ERR,ERR,ERR,ERR,ERR,ERR,ERR,ERR,ERR,ERR,ERR,ERR,ERR,ERR,ERR,ERR,ERR,ERR,ERR,ERR,ERR,ERR,ERR,ERR,ERR,ERR,ERR,ERR,ERR,ERR,ERR,ERR,ERR,ERR,ERR,ERR,ERR,ERR,ERR,ERR,ERR,ERR,ERR,ERR,ERR,ERR,ERR,ERR,ERR,ERR,ERR,ERR,ERR,ERR,ERR,ERR,ERR,ERR,ERR,ERR,ERR,ERR,ERR,ERR,ERR,ERR,ERR,ERR,ERR,ERR,ERR,ERR,ERR,ERR,ERR,ERR,ERR,ERR,ERR,ERR,ERR,2.7184267782763598e+23,-107616000.0,0.0,-0.0,-0.0,-1.4319888851042084e+21,-2327086295416832.0,0.0,0,0,4,17415,7116,0.0,100,0.0,0.0,0.0,0.0,0.0,0,0,0,0,0.0,0,0,0,0,0,0,0,0,0,0,0,0,0,0,0,0,0,0,0,0,0,0,0,0,0,0,0,0,0,0,0,0,0,31,40,40,71,65476,0,300,0,0,8,21553,0.0,-107605600.0,0.0,0.0,0.0,0.0,0.0,0.0,0.0,0.0,0.0,0.0,0.0,0.0,0.0,0.0,0.0,0.0,0.0,0.0,0.0,0.0,-2.004,-0.0,0.0,0.0,0.0,0.0,0.0,0.0,4868.0,1.587928597535639e+29,6926.0,2.7184267782763598e+23,0.0,2.004,2.004,0.0,0.0,0.0,0.0,69,-0.0,0.0,0.0,0.0,0.0,0.0,0.0,0.0,0.0,0,0,0,0.0,0.0,0.0,0.0,0.0,0.0,0.0,0.0,0.0,0.0,0.0,0.0,0.0,0.0,0.0,0.0,0,-107875648.0,69,0.0,138,0.0,2.012,ERR,ERR,ERR,ERR,ERR,ERR,ERR,ERR,ERR,ERR,ERR,ERR,ERR,ERR,ERR,ERR,ERR,ERR,ERR,ERR,ERR,ERR,ERR,ERR,ERR,ERR,ERR,ERR,ERR,ERR,ERR,ERR,ERR,ERR,ERR,ERR,ERR,ERR,ERR,ERR,ERR,ERR,ERR,ERR,ERR,ERR,ERR,ERR,ERR,ERR,ERR,ERR,ERR,ERR,ERR,ERR,ERR,ERR,ERR,ERR,ERR,ERR,ERR,ERR,ERR,ERR,ERR,60.0,60.0,35,0.0,0.0,0.0,0.0,0.0,0.0,0.0,0.0,0.0,0.0,0.0,0.0,0.0,0.0,0.0,0.0,65.2,0,113,55,37,65476,0,300,0,0,8,20529,65476,0,0,2621,60.0,0.0,0.0,0.0,0.0,0.0
2026-07-09T15:13:18,ERR,ERR,ERR,ERR,ERR,ERR,ERR,ERR,ERR,ERR,ERR,ERR,ERR,ERR,ERR,ERR,ERR,ERR,ERR,ERR,ERR,ERR,ERR,ERR,ERR,ERR,ERR,ERR,ERR,ERR,ERR,ERR,ERR,ERR,ERR,ERR,ERR,ERR,ERR,ERR,ERR,ERR,ERR,ERR,ERR,ERR,ERR,ERR,ERR,ERR,ERR,ERR,ERR,ERR,ERR,ERR,ERR,ERR,ERR,ERR,ERR,ERR,ERR,ERR,ERR,ERR,ERR,ERR,ERR,ERR,ERR,ERR,ERR,ERR,ERR,ERR,ERR,ERR,ERR,ERR,ERR,ERR,ERR,ERR,ERR,ERR,ERR,ERR,ERR,ERR,ERR,ERR,ERR,ERR,ERR,ERR,ERR,ERR,ERR,ERR,ERR,ERR,ERR,ERR,ERR,ERR,ERR,ERR,ERR,ERR,ERR,ERR,ERR,ERR,ERR,ERR,ERR,ERR,ERR,ERR,ERR,ERR,ERR,ERR,ERR,2.7184267782763598e+23,0.0,0.0,-0.0,0.0,0.0,0.0,6168627.0,0,0,4,17413,7116,0.0,100,0.0,0.0,-0.0,0.0,0.0,0,0,0,0,0.0,0,0,0,0,0,0,0,0,0,0,0,0,0,0,0,0,0,0,0,0,0,0,0,0,0,0,0,0,0,0,0,0,0,31,40,40,71,65476,0,300,0,0,8,21553,0.0,-107605600.0,0.0,0.0,0.0,0.0,0.0,0.0,0.0,0.0,0.0,0.0,0.0,0.0,0.0,0.0,0.0,0.0,0.0,0.0,0.0,0.0,-2.004,-2.004,0.0,0.0,0.0,0.0,0.0,0.0,4894.0,3.697184374406093e+19,6924.0,2.7184267782763598e+23,0.0,2.004,2.004,0.0,0.0,0.0,0.0,69,4.066856302539784e+29,0.0,0.0,0.0,0.0,0.0,0.0,0.0,0.0,0,0,0,0.0,0.0,0.0,0.0,0.0,0.0,0.0,0.0,0.0,0.0,0.0,0.0,0.0,0.0,0.0,0.0,0,-107875648.0,69,0.0,138,0.0,2.012,ERR,ERR,ERR,ERR,ERR,ERR,ERR,ERR,ERR,ERR,ERR,ERR,ERR,ERR,ERR,ERR,ERR,ERR,ERR,ERR,ERR,ERR,ERR,ERR,ERR,ERR,ERR,ERR,ERR,ERR,ERR,ERR,ERR,ERR,ERR,ERR,ERR,ERR,ERR,ERR,ERR,ERR,ERR,ERR,ERR,ERR,ERR,ERR,ERR,ERR,ERR,ERR,ERR,ERR,ERR,ERR,ERR,ERR,ERR,ERR,ERR,ERR,ERR,ERR,ERR,ERR,ERR,60.0,60.0,35,0.0,0.0,0.0,0.0,0.0,0.0,0.0,0.0,0.0,0.0,0.0,0.0,0.0,0.0,0.0,0.0,65.2,0,113,55,37,65476,0,300,0,0,8,20529,65476,0,0,2621,60.0,0.0,0.0,0.0,0.0,0.0
2026-07-09T15:13:19,ERR,ERR,ERR,ERR,ERR,ERR,ERR,ERR,ERR,ERR,ERR,ERR,ERR,ERR,ERR,ERR,ERR,ERR,ERR,ERR,ERR,ERR,ERR,ERR,ERR,ERR,ERR,ERR,ERR,ERR,ERR,ERR,ERR,ERR,ERR,ERR,ERR,ERR,ERR,ERR,ERR,ERR,ERR,ERR,ERR,ERR,ERR,ERR,ERR,ERR,ERR,ERR,ERR,ERR,ERR,ERR,ERR,ERR,ERR,ERR,ERR,ERR,ERR,ERR,ERR,ERR,ERR,ERR,ERR,ERR,ERR,ERR,ERR,ERR,ERR,ERR,ERR,ERR,ERR,ERR,ERR,ERR,ERR,ERR,ERR,ERR,ERR,ERR,ERR,ERR,ERR,ERR,ERR,ERR,ERR,ERR,ERR,ERR,ERR,ERR,ERR,ERR,ERR,ERR,ERR,ERR,ERR,ERR,ERR,ERR,ERR,ERR,ERR,ERR,ERR,ERR,ERR,ERR,ERR,ERR,ERR,ERR,ERR,ERR,ERR,2.7184267782763598e+23,0.0,0.0,-0.0,0.0,0.0,0.0,6168627.0,0,0,4,17413,7116,0.0,100,0.0,0.0,-0.0,0.0,0.0,0,0,0,0,0.0,0,0,0,0,0,0,0,0,0,0,0,0,0,0,0,0,0,0,0,0,0,0,0,0,0,0,0,0,0,0,0,0,0,31,40,40,71,65476,0,300,0,0,8,21553,0.0,-107605600.0,0.0,0.0,0.0,0.0,0.0,0.0,0.0,0.0,0.0,0.0,0.0,0.0,0.0,0.0,0.0,0.0,0.0,0.0,0.0,0.0,-2.004,-2.004,0.0,0.0,0.0,0.0,0.0,0.0,4894.0,3.697184374406093e+19,6924.0,2.7184267782763598e+23,0.0,2.004,2.004,0.0,0.0,0.0,0.0,69,4.066856302539784e+29,0.0,0.0,0.0,0.0,0.0,0.0,0.0,0.0,0,0,0,0.0,0.0,0.0,0.0,0.0,0.0,0.0,0.0,0.0,0.0,0.0,0.0,0.0,0.0,0.0,0.0,0,-107875648.0,69,0.0,138,0.0,2.012,ERR,ERR,ERR,ERR,ERR,ERR,ERR,ERR,ERR,ERR,ERR,ERR,ERR,ERR,ERR,ERR,ERR,ERR,ERR,ERR,ERR,ERR,ERR,ERR,ERR,ERR,ERR,ERR,ERR,ERR,ERR,ERR,ERR,ERR,ERR,ERR,ERR,ERR,ERR,ERR,ERR,ERR,ERR,ERR,ERR,ERR,ERR,ERR,ERR,ERR,ERR,ERR,ERR,ERR,ERR,ERR,ERR,ERR,ERR,ERR,ERR,ERR,ERR,ERR,ERR,ERR,ERR,60.0,60.0,35,0.0,0.0,0.0,0.0,0.0,0.0,0.0,0.0,0.0,0.0,0.0,0.0,0.0,0.0,0.0,0.0,65.6,0,113,55,37,65476,0,300,0,0,8,20529,65476,0,0,2621,60.0,0.0,0.0,0.0,0.0,0.0
2026-07-09T15:13:20,ERR,ERR,ERR,ERR,ERR,ERR,ERR,ERR,ERR,ERR,ERR,ERR,ERR,ERR,ERR,ERR,ERR,ERR,ERR,ERR,ERR,ERR,ERR,ERR,ERR,ERR,ERR,ERR,ERR,ERR,ERR,ERR,ERR,ERR,ERR,ERR,ERR,ERR,ERR,ERR,ERR,ERR,ERR,ERR,ERR,ERR,ERR,ERR,ERR,ERR,ERR,ERR,ERR,ERR,ERR,ERR,ERR,ERR,ERR,ERR,ERR,ERR,ERR,ERR,ERR,ERR,ERR,ERR,ERR,ERR,ERR,ERR,ERR,ERR,ERR,ERR,ERR,ERR,ERR,ERR,ERR,ERR,ERR,ERR,ERR,ERR,ERR,ERR,ERR,ERR,ERR,ERR,ERR,ERR,ERR,ERR,ERR,ERR,ERR,ERR,ERR,ERR,ERR,ERR,ERR,ERR,ERR,ERR,ERR,ERR,ERR,ERR,ERR,ERR,ERR,ERR,ERR,ERR,ERR,ERR,ERR,ERR,ERR,ERR,ERR,2.7184267782763598e+23,0.0,0.0,-0.0,0.0,0.0,0.0,6168627.0,0,0,4,17413,7116,0.0,100,0.0,0.0,-0.0,0.0,0.0,0,0,0,0,0.0,0,0,0,0,0,0,0,0,0,0,0,0,0,0,0,0,0,0,0,0,0,0,0,0,0,0,0,0,0,0,0,0,0,31,40,40,71,65476,0,300,0,0,8,21553,0.0,-107605600.0,0.0,0.0,0.0,0.0,0.0,0.0,0.0,0.0,0.0,0.0,0.0,0.0,0.0,0.0,0.0,0.0,0.0,0.0,0.0,0.0,-2.004,-2.004,0.0,0.0,0.0,0.0,0.0,0.0,4894.0,3.697184374406093e+19,6924.0,2.7184267782763598e+23,0.0,2.004,2.004,0.0,0.0,0.0,0.0,69,4.066856302539784e+29,0.0,0.0,0.0,0.0,0.0,0.0,0.0,0.0,0,0,0,0.0,0.0,0.0,0.0,0.0,0.0,0.0,0.0,0.0,0.0,0.0,0.0,0.0,0.0,0.0,0.0,0,-107875648.0,69,0.0,138,0.0,2.012,ERR,ERR,ERR,ERR,ERR,ERR,ERR,ERR,ERR,ERR,ERR,ERR,ERR,ERR,ERR,ERR,ERR,ERR,ERR,ERR,ERR,ERR,ERR,ERR,ERR,ERR,ERR,ERR,ERR,ERR,ERR,ERR,ERR,ERR,ERR,ERR,ERR,ERR,ERR,ERR,ERR,ERR,ERR,ERR,ERR,ERR,ERR,ERR,ERR,ERR,ERR,ERR,ERR,ERR,ERR,ERR,ERR,ERR,ERR,ERR,ERR,ERR,ERR,ERR,ERR,ERR,ERR,60.0,60.0,35,0.0,0.0,0.0,0.0,0.0,0.0,0.0,0.0,0.0,0.0,0.0,0.0,0.0,0.0,0.0,0.0,65.6,0,113,55,37,65476,0,300,0,0,8,20529,65476,0,0,2621,60.0,0.0,0.0,0.0,0.0,0.0
2026-07-09T15:13:21,ERR,ERR,ERR,ERR,ERR,ERR,ERR,ERR,ERR,ERR,ERR,ERR,ERR,ERR,ERR,ERR,ERR,ERR,ERR,ERR,ERR,ERR,ERR,ERR,ERR,ERR,ERR,ERR,ERR,ERR,ERR,ERR,ERR,ERR,ERR,ERR,ERR,ERR,ERR,ERR,ERR,ERR,ERR,ERR,ERR,ERR,ERR,ERR,ERR,ERR,ERR,ERR,ERR,ERR,ERR,ERR,ERR,ERR,ERR,ERR,ERR,ERR,ERR,ERR,ERR,ERR,ERR,ERR,ERR,ERR,ERR,ERR,ERR,ERR,ERR,ERR,ERR,ERR,ERR,ERR,ERR,ERR,ERR,ERR,ERR,ERR,ERR,ERR,ERR,ERR,ERR,ERR,ERR,ERR,ERR,ERR,ERR,ERR,ERR,ERR,ERR,ERR,ERR,ERR,ERR,ERR,ERR,ERR,ERR,ERR,ERR,ERR,ERR,ERR,ERR,ERR,ERR,ERR,ERR,ERR,ERR,ERR,ERR,ERR,ERR,2.7184267782763598e+23,0.0,0.0,-0.0,0.0,0.0,0.0,6168627.0,0,0,4,17413,7116,0.0,100,0.0,0.0,-0.0,0.0,0.0,0,0,0,0,0.0,0,0,0,0,0,0,0,0,0,0,0,0,0,0,0,0,0,0,0,0,0,0,0,0,0,0,0,0,0,0,0,0,0,31,40,40,71,65476,0,300,0,0,8,21553,0.0,-107605600.0,0.0,0.0,0.0,0.0,0.0,0.0,0.0,0.0,0.0,0.0,0.0,0.0,0.0,0.0,0.0,0.0,0.0,0.0,0.0,0.0,-2.004,-2.004,0.0,0.0,0.0,0.0,0.0,0.0,4894.0,3.697184374406093e+19,6924.0,2.7184267782763598e+23,0.0,2.004,2.004,0.0,0.0,0.0,0.0,69,4.066856302539784e+29,0.0,0.0,0.0,0.0,0.0,0.0,0.0,0.0,0,0,0,0.0,0.0,0.0,0.0,0.0,0.0,0.0,0.0,0.0,0.0,0.0,0.0,0.0,0.0,0.0,0.0,0,-107875648.0,69,0.0,138,0.0,2.012,ERR,ERR,ERR,ERR,ERR,ERR,ERR,ERR,ERR,ERR,ERR,ERR,ERR,ERR,ERR,ERR,ERR,ERR,ERR,ERR,ERR,ERR,ERR,ERR,ERR,ERR,ERR,ERR,ERR,ERR,ERR,ERR,ERR,ERR,ERR,ERR,ERR,ERR,ERR,ERR,ERR,ERR,ERR,ERR,ERR,ERR,ERR,ERR,ERR,ERR,ERR,ERR,ERR,ERR,ERR,ERR,ERR,ERR,ERR,ERR,ERR,ERR,ERR,ERR,ERR,ERR,ERR,60.0,60.0,35,0.0,0.0,0.0,0.0,0.0,0.0,0.0,0.0,0.0,0.0,0.0,0.0,0.0,0.0,0.0,0.0,65.2,0,113,55,37,65476,0,300,0,0,8,20529,65476,0,0,2621,60.0,0.0,0.0,0.0,0.0,0.0
2026-07-09T15:13:22,ERR,ERR,ERR,ERR,ERR,ERR,ERR,ERR,ERR,ERR,ERR,ERR,ERR,ERR,ERR,ERR,ERR,ERR,ERR,ERR,ERR,ERR,ERR,ERR,ERR,ERR,ERR,ERR,ERR,ERR,ERR,ERR,ERR,ERR,ERR,ERR,ERR,ERR,ERR,ERR,ERR,ERR,ERR,ERR,ERR,ERR,ERR,ERR,ERR,ERR,ERR,ERR,ERR,ERR,ERR,ERR,ERR,ERR,ERR,ERR,ERR,ERR,ERR,ERR,ERR,ERR,ERR,ERR,ERR,ERR,ERR,ERR,ERR,ERR,ERR,ERR,ERR,ERR,ERR,ERR,ERR,ERR,ERR,ERR,ERR,ERR,ERR,ERR,ERR,ERR,ERR,ERR,ERR,ERR,ERR,ERR,ERR,ERR,ERR,ERR,ERR,ERR,ERR,ERR,ERR,ERR,ERR,ERR,ERR,ERR,ERR,ERR,ERR,ERR,ERR,ERR,ERR,ERR,ERR,ERR,ERR,ERR,ERR,ERR,ERR,2.7184267782763598e+23,0.0,0.0,-0.0,0.0,0.0,0.0,6168627.0,0,0,4,17413,7116,0.0,100,0.0,0.0,-0.0,0.0,0.0,0,0,0,0,0.0,0,0,0,0,0,0,0,0,0,0,0,0,0,0,0,0,0,0,0,0,0,0,0,0,0,0,0,0,0,0,0,0,0,31,40,40,71,65476,0,300,0,0,8,21553,0.0,-107605600.0,0.0,0.0,0.0,0.0,0.0,0.0,0.0,0.0,0.0,0.0,0.0,0.0,0.0,0.0,0.0,0.0,0.0,0.0,0.0,0.0,-2.004,-2.004,0.0,0.0,0.0,0.0,0.0,0.0,4894.0,3.697184374406093e+19,6924.0,2.7184267782763598e+23,0.0,2.004,2.004,0.0,0.0,0.0,0.0,69,4.066856302539784e+29,0.0,0.0,0.0,0.0,0.0,0.0,0.0,0.0,0,0,0,0.0,0.0,0.0,0.0,0.0,0.0,0.0,0.0,0.0,0.0,0.0,0.0,0.0,0.0,0.0,0.0,0,-107875648.0,69,0.0,138,0.0,2.012,ERR,ERR,ERR,ERR,ERR,ERR,ERR,ERR,ERR,ERR,ERR,ERR,ERR,ERR,ERR,ERR,ERR,ERR,ERR,ERR,ERR,ERR,ERR,ERR,ERR,ERR,ERR,ERR,ERR,ERR,ERR,ERR,ERR,ERR,ERR,ERR,ERR,ERR,ERR,ERR,ERR,ERR,ERR,ERR,ERR,ERR,ERR,ERR,ERR,ERR,ERR,ERR,ERR,ERR,ERR,ERR,ERR,ERR,ERR,ERR,ERR,ERR,ERR,ERR,ERR,ERR,ERR,60.0,60.0,35,0.0,0.0,0.0,0.0,0.0,0.0,0.0,0.0,0.0,0.0,0.0,0.0,0.0,0.0,0.0,0.0,65.2,0,113,55,37,65476,0,300,0,0,8,20529,65476,0,0,2621,60.0,0.0,0.0,0.0,0.0,0.0
2026-07-09T15:13:23,ERR,ERR,ERR,ERR,ERR,ERR,ERR,ERR,ERR,ERR,ERR,ERR,ERR,ERR,ERR,ERR,ERR,ERR,ERR,ERR,ERR,ERR,ERR,ERR,ERR,ERR,ERR,ERR,ERR,ERR,ERR,ERR,ERR,ERR,ERR,ERR,ERR,ERR,ERR,ERR,ERR,ERR,ERR,ERR,ERR,ERR,ERR,ERR,ERR,ERR,ERR,ERR,ERR,ERR,ERR,ERR,ERR,ERR,ERR,ERR,ERR,ERR,ERR,ERR,ERR,ERR,ERR,ERR,ERR,ERR,ERR,ERR,ERR,ERR,ERR,ERR,ERR,ERR,ERR,ERR,ERR,ERR,ERR,ERR,ERR,ERR,ERR,ERR,ERR,ERR,ERR,ERR,ERR,ERR,ERR,ERR,ERR,ERR,ERR,ERR,ERR,ERR,ERR,ERR,ERR,ERR,ERR,ERR,ERR,ERR,ERR,ERR,ERR,ERR,ERR,ERR,ERR,ERR,ERR,ERR,ERR,ERR,ERR,ERR,ERR,2.7184267782763598e+23,0.0,0.0,2.718366610185338e+23,-0.0,0.0,-0.0,446978.938,0,0,4,17416,7116,0.0,100,0.0,0.0,2.718366610185338e+23,0.0,0.0,0,0,0,0,0.0,0,0,0,0,0,0,0,0,0,0,0,0,0,0,0,0,0,0,0,0,0,0,0,0,0,0,0,0,0,0,0,0,0,31,40,40,71,65476,0,300,0,0,8,21553,0.0,-107605600.0,0.0,0.0,0.0,0.0,0.0,0.0,0.0,0.0,0.0,0.0,0.0,0.0,0.0,0.0,0.0,0.0,0.0,0.0,0.0,0.0,-2.004,-2.004,0.0,0.0,0.0,0.0,0.0,0.0,4864.0,8608178176.0,6922.0,0.0,0.0,2.004,2.004,0.0,0.0,0.0,0.0,69,1.9056871253580186e+17,-4.950399196810832e+32,0.0,0.0,0.0,0.0,0.0,0.0,0.0,0,0,0,0.0,0.0,0.0,0.0,0.0,0.0,0.0,0.0,0.0,0.0,0.0,0.0,0.0,0.0,0.0,0.0,0,-107875648.0,69,0.0,138,0.0,2.012,ERR,ERR,ERR,ERR,ERR,ERR,ERR,ERR,ERR,ERR,ERR,ERR,ERR,ERR,ERR,ERR,ERR,ERR,ERR,ERR,ERR,ERR,ERR,ERR,ERR,ERR,ERR,ERR,ERR,ERR,ERR,ERR,ERR,ERR,ERR,ERR,ERR,ERR,ERR,ERR,ERR,ERR,ERR,ERR,ERR,ERR,ERR,ERR,ERR,ERR,ERR,ERR,ERR,ERR,ERR,ERR,ERR,ERR,ERR,ERR,ERR,ERR,ERR,ERR,ERR,ERR,ERR,60.0,60.0,35,0.0,0.0,0.0,0.0,0.0,0.0,0.0,0.0,0.0,0.0,0.0,0.0,0.0,0.0,0.0,0.0,65.2,0,113,55,37,65476,0,300,0,0,8,20529,65476,0,0,2621,60.0,0.0,0.0,0.0,0.0,0.0
2026-07-09T15:13:24,ERR,ERR,ERR,ERR,ERR,ERR,ERR,ERR,ERR,ERR,ERR,ERR,ERR,ERR,ERR,ERR,ERR,ERR,ERR,ERR,ERR,ERR,ERR,ERR,ERR,ERR,ERR,ERR,ERR,ERR,ERR,ERR,ERR,ERR,ERR,ERR,ERR,ERR,ERR,ERR,ERR,ERR,ERR,ERR,ERR,ERR,ERR,ERR,ERR,ERR,ERR,ERR,ERR,ERR,ERR,ERR,ERR,ERR,ERR,ERR,ERR,ERR,ERR,ERR,ERR,ERR,ERR,ERR,ERR,ERR,ERR,ERR,ERR,ERR,ERR,ERR,ERR,ERR,ERR,ERR,ERR,ERR,ERR,ERR,ERR,ERR,ERR,ERR,ERR,ERR,ERR,ERR,ERR,ERR,ERR,ERR,ERR,ERR,ERR,ERR,ERR,ERR,ERR,ERR,ERR,ERR,ERR,ERR,ERR,ERR,ERR,ERR,ERR,ERR,ERR,ERR,ERR,ERR,ERR,ERR,ERR,ERR,ERR,ERR,ERR,2.7184267782763598e+23,0.0,0.0,2.718366610185338e+23,-0.0,0.0,-0.0,446978.938,0,0,4,17416,7116,0.0,100,0.0,0.0,2.718366610185338e+23,0.0,0.0,0,0,0,0,0.0,0,0,0,0,0,0,0,0,0,0,0,0,0,0,0,0,0,0,0,0,0,0,0,0,0,0,0,0,0,0,0,0,0,31,40,40,71,65476,0,300,0,0,8,21553,0.0,-107605600.0,0.0,0.0,0.0,0.0,0.0,0.0,0.0,0.0,0.0,0.0,0.0,0.0,0.0,0.0,0.0,0.0,0.0,0.0,0.0,0.0,-2.004,-2.004,0.0,0.0,0.0,0.0,0.0,0.0,4864.0,8608178176.0,6922.0,0.0,0.0,2.004,2.004,0.0,0.0,0.0,0.0,69,1.9056871253580186e+17,-4.950399196810832e+32,0.0,0.0,0.0,0.0,0.0,0.0,0.0,0,0,0,0.0,0.0,0.0,0.0,0.0,0.0,0.0,0.0,0.0,0.0,0.0,0.0,0.0,0.0,0.0,0.0,0,-107875648.0,69,0.0,138,0.0,2.012,ERR,ERR,ERR,ERR,ERR,ERR,ERR,ERR,ERR,ERR,ERR,ERR,ERR,ERR,ERR,ERR,ERR,ERR,ERR,ERR,ERR,ERR,ERR,ERR,ERR,ERR,ERR,ERR,ERR,ERR,ERR,ERR,ERR,ERR,ERR,ERR,ERR,ERR,ERR,ERR,ERR,ERR,ERR,ERR,ERR,ERR,ERR,ERR,ERR,ERR,ERR,ERR,ERR,ERR,ERR,ERR,ERR,ERR,ERR,ERR,ERR,ERR,ERR,ERR,ERR,ERR,ERR,60.0,60.0,35,0.0,0.0,0.0,0.0,0.0,0.0,0.0,0.0,0.0,0.0,0.0,0.0,0.0,0.0,0.0,0.0,65.2,0,113,55,37,65476,0,300,0,0,8,20529,65476,0,0,2621,60.0,0.0,0.0,0.0,0.0,0.0
2026-07-09T15:13:25,ERR,ERR,ERR,ERR,ERR,ERR,ERR,ERR,ERR,ERR,ERR,ERR,ERR,ERR,ERR,ERR,ERR,ERR,ERR,ERR,ERR,ERR,ERR,ERR,ERR,ERR,ERR,ERR,ERR,ERR,ERR,ERR,ERR,ERR,ERR,ERR,ERR,ERR,ERR,ERR,ERR,ERR,ERR,ERR,ERR,ERR,ERR,ERR,ERR,ERR,ERR,ERR,ERR,ERR,ERR,ERR,ERR,ERR,ERR,ERR,ERR,ERR,ERR,ERR,ERR,ERR,ERR,ERR,ERR,ERR,ERR,ERR,ERR,ERR,ERR,ERR,ERR,ERR,ERR,ERR,ERR,ERR,ERR,ERR,ERR,ERR,ERR,ERR,ERR,ERR,ERR,ERR,ERR,ERR,ERR,ERR,ERR,ERR,ERR,ERR,ERR,ERR,ERR,ERR,ERR,ERR,ERR,ERR,ERR,ERR,ERR,ERR,ERR,ERR,ERR,ERR,ERR,ERR,ERR,ERR,ERR,ERR,ERR,ERR,ERR,2.7184267782763598e+23,0.0,0.0,2.718366610185338e+23,-0.0,0.0,-0.0,446978.938,0,0,4,17416,7116,0.0,100,0.0,0.0,2.718366610185338e+23,0.0,0.0,0,0,0,0,0.0,0,0,0,0,0,0,0,0,0,0,0,0,0,0,0,0,0,0,0,0,0,0,0,0,0,0,0,0,0,0,0,0,0,31,40,40,71,65476,0,300,0,0,8,21553,0.0,-107605600.0,0.0,0.0,0.0,0.0,0.0,0.0,0.0,0.0,0.0,0.0,0.0,0.0,0.0,0.0,0.0,0.0,0.0,0.0,0.0,0.0,-2.004,-2.004,0.0,0.0,0.0,0.0,0.0,0.0,4864.0,8608178176.0,6922.0,0.0,0.0,2.004,2.004,0.0,0.0,0.0,0.0,69,1.9056871253580186e+17,-4.950399196810832e+32,0.0,0.0,0.0,0.0,0.0,0.0,0.0,0,0,0,0.0,0.0,0.0,0.0,0.0,0.0,0.0,0.0,0.0,0.0,0.0,0.0,0.0,0.0,0.0,0.0,0,-107875648.0,69,0.0,138,0.0,2.012,ERR,ERR,ERR,ERR,ERR,ERR,ERR,ERR,ERR,ERR,ERR,ERR,ERR,ERR,ERR,ERR,ERR,ERR,ERR,ERR,ERR,ERR,ERR,ERR,ERR,ERR,ERR,ERR,ERR,ERR,ERR,ERR,ERR,ERR,ERR,ERR,ERR,ERR,ERR,ERR,ERR,ERR,ERR,ERR,ERR,ERR,ERR,ERR,ERR,ERR,ERR,ERR,ERR,ERR,ERR,ERR,ERR,ERR,ERR,ERR,ERR,ERR,ERR,ERR,ERR,ERR,ERR,60.0,60.0,35,0.0,0.0,0.0,0.0,0.0,0.0,0.0,0.0,0.0,0.0,0.0,0.0,0.0,0.0,0.0,0.0,65.2,0,113,55,37,65476,0,300,0,0,8,20529,65476,0,0,2621,60.0,0.0,0.0,0.0,0.0,0.0
2026-07-09T15:13:26,ERR,ERR,ERR,ERR,ERR,ERR,ERR,ERR,ERR,ERR,ERR,ERR,ERR,ERR,ERR,ERR,ERR,ERR,ERR,ERR,ERR,ERR,ERR,ERR,ERR,ERR,ERR,ERR,ERR,ERR,ERR,ERR,ERR,ERR,ERR,ERR,ERR,ERR,ERR,ERR,ERR,ERR,ERR,ERR,ERR,ERR,ERR,ERR,ERR,ERR,ERR,ERR,ERR,ERR,ERR,ERR,ERR,ERR,ERR,ERR,ERR,ERR,ERR,ERR,ERR,ERR,ERR,ERR,ERR,ERR,ERR,ERR,ERR,ERR,ERR,ERR,ERR,ERR,ERR,ERR,ERR,ERR,ERR,ERR,ERR,ERR,ERR,ERR,ERR,ERR,ERR,ERR,ERR,ERR,ERR,ERR,ERR,ERR,ERR,ERR,ERR,ERR,ERR,ERR,ERR,ERR,ERR,ERR,ERR,ERR,ERR,ERR,ERR,ERR,ERR,ERR,ERR,ERR,ERR,ERR,ERR,ERR,ERR,ERR,ERR,2.7184267782763598e+23,0.0,0.0,2.718366610185338e+23,-0.0,0.0,-0.0,446978.938,0,0,4,17416,7116,0.0,100,0.0,0.0,2.718366610185338e+23,0.0,0.0,0,0,0,0,0.0,0,0,0,0,0,0,0,0,0,0,0,0,0,0,0,0,0,0,0,0,0,0,0,0,0,0,0,0,0,0,0,0,0,31,40,40,71,65476,0,300,0,0,8,21553,0.0,-107605600.0,0.0,0.0,0.0,0.0,0.0,0.0,0.0,0.0,0.0,0.0,0.0,0.0,0.0,0.0,0.0,0.0,0.0,0.0,0.0,0.0,-2.004,-2.004,0.0,0.0,0.0,0.0,0.0,0.0,4864.0,8608178176.0,6922.0,0.0,0.0,2.004,2.004,0.0,0.0,0.0,0.0,69,1.9056871253580186e+17,-4.950399196810832e+32,0.0,0.0,0.0,0.0,0.0,0.0,0.0,0,0,0,0.0,0.0,0.0,0.0,0.0,0.0,0.0,0.0,0.0,0.0,0.0,0.0,0.0,0.0,0.0,0.0,0,-107875648.0,69,0.0,138,0.0,2.012,ERR,ERR,ERR,ERR,ERR,ERR,ERR,ERR,ERR,ERR,ERR,ERR,ERR,ERR,ERR,ERR,ERR,ERR,ERR,ERR,ERR,ERR,ERR,ERR,ERR,ERR,ERR,ERR,ERR,ERR,ERR,ERR,ERR,ERR,ERR,ERR,ERR,ERR,ERR,ERR,ERR,ERR,ERR,ERR,ERR,ERR,ERR,ERR,ERR,ERR,ERR,ERR,ERR,ERR,ERR,ERR,ERR,ERR,ERR,ERR,ERR,ERR,ERR,ERR,ERR,ERR,ERR,60.0,60.0,35,0.0,0.0,0.0,0.0,0.0,0.0,0.0,0.0,0.0,0.0,0.0,0.0,0.0,0.0,0.0,0.0,65.6,0,113,55,37,65476,0,300,0,0,8,20529,65476,0,0,2621,60.0,0.0,0.0,0.0,0.0,0.0
2026-07-09T15:13:27,ERR,ERR,ERR,ERR,ERR,ERR,ERR,ERR,ERR,ERR,ERR,ERR,ERR,ERR,ERR,ERR,ERR,ERR,ERR,ERR,ERR,ERR,ERR,ERR,ERR,ERR,ERR,ERR,ERR,ERR,ERR,ERR,ERR,ERR,ERR,ERR,ERR,ERR,ERR,ERR,ERR,ERR,ERR,ERR,ERR,ERR,ERR,ERR,ERR,ERR,ERR,ERR,ERR,ERR,ERR,ERR,ERR,ERR,ERR,ERR,ERR,ERR,ERR,ERR,ERR,ERR,ERR,ERR,ERR,ERR,ERR,ERR,ERR,ERR,ERR,ERR,ERR,ERR,ERR,ERR,ERR,ERR,ERR,ERR,ERR,ERR,ERR,ERR,ERR,ERR,ERR,ERR,ERR,ERR,ERR,ERR,ERR,ERR,ERR,ERR,ERR,ERR,ERR,ERR,ERR,ERR,ERR,ERR,ERR,ERR,ERR,ERR,ERR,ERR,ERR,ERR,ERR,ERR,ERR,ERR,ERR,ERR,ERR,ERR,ERR,2.7184267782763598e+23,0.0,0.0,2.718366610185338e+23,-0.0,0.0,-0.0,446978.938,0,0,4,17416,7116,0.0,100,0.0,0.0,2.718366610185338e+23,0.0,0.0,0,0,0,0,0.0,0,0,0,0,0,0,0,0,0,0,0,0,0,0,0,0,0,0,0,0,0,0,0,0,0,0,0,0,0,0,0,0,0,31,40,40,71,65476,0,300,0,0,8,21553,0.0,-107605600.0,0.0,0.0,0.0,0.0,0.0,0.0,0.0,0.0,0.0,0.0,0.0,0.0,0.0,0.0,0.0,0.0,0.0,0.0,0.0,0.0,-2.004,-2.004,0.0,0.0,0.0,0.0,0.0,0.0,4864.0,8608178176.0,6922.0,0.0,0.0,2.004,2.004,0.0,0.0,0.0,0.0,69,1.9056871253580186e+17,-4.950399196810832e+32,0.0,0.0,0.0,0.0,0.0,0.0,0.0,0,0,0,0.0,0.0,0.0,0.0,0.0,0.0,0.0,0.0,0.0,0.0,0.0,0.0,0.0,0.0,0.0,0.0,0,-107875648.0,69,0.0,138,0.0,2.012,ERR,ERR,ERR,ERR,ERR,ERR,ERR,ERR,ERR,ERR,ERR,ERR,ERR,ERR,ERR,ERR,ERR,ERR,ERR,ERR,ERR,ERR,ERR,ERR,ERR,ERR,ERR,ERR,ERR,ERR,ERR,ERR,ERR,ERR,ERR,ERR,ERR,ERR,ERR,ERR,ERR,ERR,ERR,ERR,ERR,ERR,ERR,ERR,ERR,ERR,ERR,ERR,ERR,ERR,ERR,ERR,ERR,ERR,ERR,ERR,ERR,ERR,ERR,ERR,ERR,ERR,ERR,60.0,60.0,35,0.0,0.0,0.0,0.0,0.0,0.0,0.0,0.0,0.0,0.0,0.0,0.0,0.0,0.0,0.0,0.0,65.6,0,113,55,37,65476,0,300,0,0,8,20529,65476,0,0,2621,60.0,0.0,0.0,0.0,0.0,0.0
2026-07-09T15:13:28,ERR,ERR,ERR,ERR,ERR,ERR,ERR,ERR,ERR,ERR,ERR,ERR,ERR,ERR,ERR,ERR,ERR,ERR,ERR,ERR,ERR,ERR,ERR,ERR,ERR,ERR,ERR,ERR,ERR,ERR,ERR,ERR,ERR,ERR,ERR,ERR,ERR,ERR,ERR,ERR,ERR,ERR,ERR,ERR,ERR,ERR,ERR,ERR,ERR,ERR,ERR,ERR,ERR,ERR,ERR,ERR,ERR,ERR,ERR,ERR,ERR,ERR,ERR,ERR,ERR,ERR,ERR,ERR,ERR,ERR,ERR,ERR,ERR,ERR,ERR,ERR,ERR,ERR,ERR,ERR,ERR,ERR,ERR,ERR,ERR,ERR,ERR,ERR,ERR,ERR,ERR,ERR,ERR,ERR,ERR,ERR,ERR,ERR,ERR,ERR,ERR,ERR,ERR,ERR,ERR,ERR,ERR,ERR,ERR,ERR,ERR,ERR,ERR,ERR,ERR,ERR,ERR,ERR,ERR,ERR,ERR,ERR,ERR,ERR,ERR,0.0,-0.0,0.0,0.0,-0.063,-0.0,0.0,0.0,0,0,4,17415,7116,0.0,100,0.0,0.0,0.0,0.0,0.0,0,0,0,0,0.0,0,0,0,0,0,0,0,0,0,0,0,0,0,0,0,0,0,0,0,0,0,0,0,0,0,0,0,0,0,0,0,0,0,31,40,40,71,65476,0,300,0,0,8,21553,0.0,-107605600.0,0.0,0.0,0.0,0.0,0.0,0.0,0.0,0.0,0.0,0.0,0.0,0.0,0.0,0.0,0.0,0.0,0.0,0.0,0.0,0.0,-0.0,0.0,0.0,0.0,0.0,0.0,0.0,0.0,4884.0,2.422986751610777e+24,6925.0,0.0,-0.0,2.004,2.004,0.0,0.0,0.0,0.0,69,-2.308829106872873e+20,0.0,0.0,0.0,0.0,0.0,0.0,0.0,0.0,0,0,0,0.0,0.0,0.0,0.0,0.0,0.0,0.0,0.0,0.0,0.0,0.0,0.0,0.0,0.0,0.0,0.0,0,-107875648.0,69,0.0,138,0.0,2.012,ERR,ERR,ERR,ERR,ERR,ERR,ERR,ERR,ERR,ERR,ERR,ERR,ERR,ERR,ERR,ERR,ERR,ERR,ERR,ERR,ERR,ERR,ERR,ERR,ERR,ERR,ERR,ERR,ERR,ERR,ERR,ERR,ERR,ERR,ERR,ERR,ERR,ERR,ERR,ERR,ERR,ERR,ERR,ERR,ERR,ERR,ERR,ERR,ERR,ERR,ERR,ERR,ERR,ERR,ERR,ERR,ERR,ERR,ERR,ERR,ERR,ERR,ERR,ERR,ERR,ERR,ERR,60.0,60.0,35,0.0,0.0,0.0,0.0,0.0,0.0,0.0,0.0,0.0,0.0,0.0,0.0,0.0,0.0,0.0,0.0,65.2,0,113,55,37,65476,0,300,0,0,8,20529,65476,0,0,2621,60.0,0.0,0.0,0.0,0.0,0.0
2026-07-09T15:13:29,ERR,ERR,ERR,ERR,ERR,ERR,ERR,ERR,ERR,ERR,ERR,ERR,ERR,ERR,ERR,ERR,ERR,ERR,ERR,ERR,ERR,ERR,ERR,ERR,ERR,ERR,ERR,ERR,ERR,ERR,ERR,ERR,ERR,ERR,ERR,ERR,ERR,ERR,ERR,ERR,ERR,ERR,ERR,ERR,ERR,ERR,ERR,ERR,ERR,ERR,ERR,ERR,ERR,ERR,ERR,ERR,ERR,ERR,ERR,ERR,ERR,ERR,ERR,ERR,ERR,ERR,ERR,ERR,ERR,ERR,ERR,ERR,ERR,ERR,ERR,ERR,ERR,ERR,ERR,ERR,ERR,ERR,ERR,ERR,ERR,ERR,ERR,ERR,ERR,ERR,ERR,ERR,ERR,ERR,ERR,ERR,ERR,ERR,ERR,ERR,ERR,ERR,ERR,ERR,ERR,ERR,ERR,ERR,ERR,ERR,ERR,ERR,ERR,ERR,ERR,ERR,ERR,ERR,ERR,ERR,ERR,ERR,ERR,ERR,ERR,0.0,-0.0,0.0,0.0,-0.063,-0.0,0.0,0.0,0,0,4,17415,7116,0.0,100,0.0,0.0,0.0,0.0,0.0,0,0,0,0,0.0,0,0,0,0,0,0,0,0,0,0,0,0,0,0,0,0,0,0,0,0,0,0,0,0,0,0,0,0,0,0,0,0,0,31,40,40,71,65476,0,300,0,0,8,21553,0.0,-107605600.0,0.0,0.0,0.0,0.0,0.0,0.0,0.0,0.0,0.0,0.0,0.0,0.0,0.0,0.0,0.0,0.0,0.0,0.0,0.0,0.0,-0.0,0.0,0.0,0.0,0.0,0.0,0.0,0.0,4884.0,2.422986751610777e+24,6925.0,0.0,-0.0,2.004,2.004,0.0,0.0,0.0,0.0,69,-2.308829106872873e+20,0.0,0.0,0.0,0.0,0.0,0.0,0.0,0.0,0,0,0,0.0,0.0,0.0,0.0,0.0,0.0,0.0,0.0,0.0,0.0,0.0,0.0,0.0,0.0,0.0,0.0,0,-107875648.0,69,0.0,138,0.0,2.012,ERR,ERR,ERR,ERR,ERR,ERR,ERR,ERR,ERR,ERR,ERR,ERR,ERR,ERR,ERR,ERR,ERR,ERR,ERR,ERR,ERR,ERR,ERR,ERR,ERR,ERR,ERR,ERR,ERR,ERR,ERR,ERR,ERR,ERR,ERR,ERR,ERR,ERR,ERR,ERR,ERR,ERR,ERR,ERR,ERR,ERR,ERR,ERR,ERR,ERR,ERR,ERR,ERR,ERR,ERR,ERR,ERR,ERR,ERR,ERR,ERR,ERR,ERR,ERR,ERR,ERR,ERR,60.0,60.0,35,0.0,0.0,0.0,0.0,0.0,0.0,0.0,0.0,0.0,0.0,0.0,0.0,0.0,0.0,0.0,0.0,65.6,0,113,55,37,65476,0,300,0,0,8,20529,65476,0,0,2621,60.0,0.0,0.0,0.0,0.0,0.0
2026-07-09T15:13:30,ERR,ERR,ERR,ERR,ERR,ERR,ERR,ERR,ERR,ERR,ERR,ERR,ERR,ERR,ERR,ERR,ERR,ERR,ERR,ERR,ERR,ERR,ERR,ERR,ERR,ERR,ERR,ERR,ERR,ERR,ERR,ERR,ERR,ERR,ERR,ERR,ERR,ERR,ERR,ERR,ERR,ERR,ERR,ERR,ERR,ERR,ERR,ERR,ERR,ERR,ERR,ERR,ERR,ERR,ERR,ERR,ERR,ERR,ERR,ERR,ERR,ERR,ERR,ERR,ERR,ERR,ERR,ERR,ERR,ERR,ERR,ERR,ERR,ERR,ERR,ERR,ERR,ERR,ERR,ERR,ERR,ERR,ERR,ERR,ERR,ERR,ERR,ERR,ERR,ERR,ERR,ERR,ERR,ERR,ERR,ERR,ERR,ERR,ERR,ERR,ERR,ERR,ERR,ERR,ERR,ERR,ERR,ERR,ERR,ERR,ERR,ERR,ERR,ERR,ERR,ERR,ERR,ERR,ERR,ERR,ERR,ERR,ERR,ERR,ERR,0.0,-0.0,0.0,0.0,-0.063,-0.0,0.0,0.0,0,0,4,17415,7116,0.0,100,0.0,0.0,0.0,0.0,0.0,0,0,0,0,0.0,0,0,0,0,0,0,0,0,0,0,0,0,0,0,0,0,0,0,0,0,0,0,0,0,0,0,0,0,0,0,0,0,0,31,40,40,71,65476,0,300,0,0,8,21553,0.0,-107605600.0,0.0,0.0,0.0,0.0,0.0,0.0,0.0,0.0,0.0,0.0,0.0,0.0,0.0,0.0,0.0,0.0,0.0,0.0,0.0,0.0,-0.0,0.0,0.0,0.0,0.0,0.0,0.0,0.0,4884.0,2.422986751610777e+24,6925.0,0.0,-0.0,2.004,2.004,0.0,0.0,0.0,0.0,69,-2.308829106872873e+20,0.0,0.0,0.0,0.0,0.0,0.0,0.0,0.0,0,0,0,0.0,0.0,0.0,0.0,0.0,0.0,0.0,0.0,0.0,0.0,0.0,0.0,0.0,0.0,0.0,0.0,0,-107875648.0,69,0.0,138,0.0,2.012,ERR,ERR,ERR,ERR,ERR,ERR,ERR,ERR,ERR,ERR,ERR,ERR,ERR,ERR,ERR,ERR,ERR,ERR,ERR,ERR,ERR,ERR,ERR,ERR,ERR,ERR,ERR,ERR,ERR,ERR,ERR,ERR,ERR,ERR,ERR,ERR,ERR,ERR,ERR,ERR,ERR,ERR,ERR,ERR,ERR,ERR,ERR,ERR,ERR,ERR,ERR,ERR,ERR,ERR,ERR,ERR,ERR,ERR,ERR,ERR,ERR,ERR,ERR,ERR,ERR,ERR,ERR,60.0,60.0,35,0.0,0.0,0.0,0.0,0.0,0.0,0.0,0.0,0.0,0.0,0.0,0.0,0.0,0.0,0.0,0.0,65.6,0,113,55,37,65476,0,300,0,0,8,20529,65476,0,0,2621,60.0,0.0,0.0,0.0,0.0,0.0
2026-07-09T15:13:31,ERR,ERR,ERR,ERR,ERR,ERR,ERR,ERR,ERR,ERR,ERR,ERR,ERR,ERR,ERR,ERR,ERR,ERR,ERR,ERR,ERR,ERR,ERR,ERR,ERR,ERR,ERR,ERR,ERR,ERR,ERR,ERR,ERR,ERR,ERR,ERR,ERR,ERR,ERR,ERR,ERR,ERR,ERR,ERR,ERR,ERR,ERR,ERR,ERR,ERR,ERR,ERR,ERR,ERR,ERR,ERR,ERR,ERR,ERR,ERR,ERR,ERR,ERR,ERR,ERR,ERR,ERR,ERR,ERR,ERR,ERR,ERR,ERR,ERR,ERR,ERR,ERR,ERR,ERR,ERR,ERR,ERR,ERR,ERR,ERR,ERR,ERR,ERR,ERR,ERR,ERR,ERR,ERR,ERR,ERR,ERR,ERR,ERR,ERR,ERR,ERR,ERR,ERR,ERR,ERR,ERR,ERR,ERR,ERR,ERR,ERR,ERR,ERR,ERR,ERR,ERR,ERR,ERR,ERR,ERR,ERR,ERR,ERR,ERR,ERR,0.0,-0.0,0.0,0.0,-0.063,-0.0,0.0,0.0,0,0,4,17415,7116,0.0,100,0.0,0.0,0.0,0.0,0.0,0,0,0,0,0.0,0,0,0,0,0,0,0,0,0,0,0,0,0,0,0,0,0,0,0,0,0,0,0,0,0,0,0,0,0,0,0,0,0,31,40,40,71,65476,0,300,0,0,8,21553,0.0,-107605600.0,0.0,0.0,0.0,0.0,0.0,0.0,0.0,0.0,0.0,0.0,0.0,0.0,0.0,0.0,0.0,0.0,0.0,0.0,0.0,0.0,-0.0,0.0,0.0,0.0,0.0,0.0,0.0,0.0,4884.0,2.422986751610777e+24,6925.0,0.0,-0.0,2.004,2.004,0.0,0.0,0.0,0.0,69,-2.308829106872873e+20,0.0,0.0,0.0,0.0,0.0,0.0,0.0,0.0,0,0,0,0.0,0.0,0.0,0.0,0.0,0.0,0.0,0.0,0.0,0.0,0.0,0.0,0.0,0.0,0.0,0.0,0,-107875648.0,69,0.0,138,0.0,2.012,ERR,ERR,ERR,ERR,ERR,ERR,ERR,ERR,ERR,ERR,ERR,ERR,ERR,ERR,ERR,ERR,ERR,ERR,ERR,ERR,ERR,ERR,ERR,ERR,ERR,ERR,ERR,ERR,ERR,ERR,ERR,ERR,ERR,ERR,ERR,ERR,ERR,ERR,ERR,ERR,ERR,ERR,ERR,ERR,ERR,ERR,ERR,ERR,ERR,ERR,ERR,ERR,ERR,ERR,ERR,ERR,ERR,ERR,ERR,ERR,ERR,ERR,ERR,ERR,ERR,ERR,ERR,60.0,60.0,35,0.0,0.0,0.0,0.0,0.0,0.0,0.0,0.0,0.0,0.0,0.0,0.0,0.0,0.0,0.0,0.0,65.2,0,113,55,37,65476,0,300,0,0,8,20529,65476,0,0,2621,60.0,0.0,0.0,0.0,0.0,0.0
2026-07-09T15:13:32,ERR,ERR,ERR,ERR,ERR,ERR,ERR,ERR,ERR,ERR,ERR,ERR,ERR,ERR,ERR,ERR,ERR,ERR,ERR,ERR,ERR,ERR,ERR,ERR,ERR,ERR,ERR,ERR,ERR,ERR,ERR,ERR,ERR,ERR,ERR,ERR,ERR,ERR,ERR,ERR,ERR,ERR,ERR,ERR,ERR,ERR,ERR,ERR,ERR,ERR,ERR,ERR,ERR,ERR,ERR,ERR,ERR,ERR,ERR,ERR,ERR,ERR,ERR,ERR,ERR,ERR,ERR,ERR,ERR,ERR,ERR,ERR,ERR,ERR,ERR,ERR,ERR,ERR,ERR,ERR,ERR,ERR,ERR,ERR,ERR,ERR,ERR,ERR,ERR,ERR,ERR,ERR,ERR,ERR,ERR,ERR,ERR,ERR,ERR,ERR,ERR,ERR,ERR,ERR,ERR,ERR,ERR,ERR,ERR,ERR,ERR,ERR,ERR,ERR,ERR,ERR,ERR,ERR,ERR,ERR,ERR,ERR,ERR,ERR,ERR,0.0,-0.0,0.0,0.0,-0.063,-0.0,0.0,0.0,0,0,4,17415,7116,0.0,100,0.0,0.0,0.0,0.0,0.0,0,0,0,0,0.0,0,0,0,0,0,0,0,0,0,0,0,0,0,0,0,0,0,0,0,0,0,0,0,0,0,0,0,0,0,0,0,0,0,31,40,40,71,65476,0,300,0,0,8,21553,0.0,-107605600.0,0.0,0.0,0.0,0.0,0.0,0.0,0.0,0.0,0.0,0.0,0.0,0.0,0.0,0.0,0.0,0.0,0.0,0.0,0.0,0.0,-0.0,0.0,0.0,0.0,0.0,0.0,0.0,0.0,4884.0,2.422986751610777e+24,6925.0,0.0,-0.0,2.004,2.004,0.0,0.0,0.0,0.0,69,-2.308829106872873e+20,0.0,0.0,0.0,0.0,0.0,0.0,0.0,0.0,0,0,0,0.0,0.0,0.0,0.0,0.0,0.0,0.0,0.0,0.0,0.0,0.0,0.0,0.0,0.0,0.0,0.0,0,-107875648.0,69,0.0,138,0.0,2.012,ERR,ERR,ERR,ERR,ERR,ERR,ERR,ERR,ERR,ERR,ERR,ERR,ERR,ERR,ERR,ERR,ERR,ERR,ERR,ERR,ERR,ERR,ERR,ERR,ERR,ERR,ERR,ERR,ERR,ERR,ERR,ERR,ERR,ERR,ERR,ERR,ERR,ERR,ERR,ERR,ERR,ERR,ERR,ERR,ERR,ERR,ERR,ERR,ERR,ERR,ERR,ERR,ERR,ERR,ERR,ERR,ERR,ERR,ERR,ERR,ERR,ERR,ERR,ERR,ERR,ERR,ERR,60.0,60.0,35,0.0,0.0,0.0,0.0,0.0,0.0,0.0,0.0,0.0,0.0,0.0,0.0,0.0,0.0,0.0,0.0,65.2,0,113,55,37,65476,0,300,0,0,8,20529,65476,0,0,2621,60.0,0.0,0.0,0.0,0.0,0.0
2026-07-09T15:13:33,ERR,ERR,ERR,ERR,ERR,ERR,ERR,ERR,ERR,ERR,ERR,ERR,ERR,ERR,ERR,ERR,ERR,ERR,ERR,ERR,ERR,ERR,ERR,ERR,ERR,ERR,ERR,ERR,ERR,ERR,ERR,ERR,ERR,ERR,ERR,ERR,ERR,ERR,ERR,ERR,ERR,ERR,ERR,ERR,ERR,ERR,ERR,ERR,ERR,ERR,ERR,ERR,ERR,ERR,ERR,ERR,ERR,ERR,ERR,ERR,ERR,ERR,ERR,ERR,ERR,ERR,ERR,ERR,ERR,ERR,ERR,ERR,ERR,ERR,ERR,ERR,ERR,ERR,ERR,ERR,ERR,ERR,ERR,ERR,ERR,ERR,ERR,ERR,ERR,ERR,ERR,ERR,ERR,ERR,ERR,ERR,ERR,ERR,ERR,ERR,ERR,ERR,ERR,ERR,ERR,ERR,ERR,ERR,ERR,ERR,ERR,ERR,ERR,ERR,ERR,ERR,ERR,ERR,ERR,ERR,ERR,ERR,ERR,ERR,ERR,0.0,-107616008.0,-0.0,2.718366610185338e+23,-3674657.0,0.0,1.2619435032189927e+31,-8.525811021292398e+36,0,0,4,17416,7116,0.0,100,0.0,0.0,2.718366610185338e+23,0.0,0.0,0,0,0,0,0.0,0,0,0,0,0,0,0,0,0,0,0,0,0,0,0,0,0,0,0,0,0,0,0,0,0,0,0,0,0,0,0,0,0,31,40,40,71,65476,0,300,0,0,8,21553,0.0,-107605600.0,0.0,0.0,0.0,0.0,0.0,0.0,0.0,0.0,0.0,0.0,0.0,0.0,0.0,0.0,0.0,0.0,0.0,0.0,0.0,0.0,-0.0,0.0,0.0,0.0,0.0,0.0,0.0,0.0,4874.0,2.422986751610777e+24,6925.0,0.0,-107616008.0,2.004,2.004,0.0,0.0,0.0,0.0,69,5.848058060004267e+35,0.0,0.0,0.0,0.0,0.0,0.0,0.0,0.0,0,0,0,0.0,0.0,0.0,0.0,0.0,0.0,0.0,0.0,0.0,0.0,0.0,0.0,0.0,0.0,0.0,0.0,0,-107875648.0,69,0.0,138,0.0,2.012,ERR,ERR,ERR,ERR,ERR,ERR,ERR,ERR,ERR,ERR,ERR,ERR,ERR,ERR,ERR,ERR,ERR,ERR,ERR,ERR,ERR,ERR,ERR,ERR,ERR,ERR,ERR,ERR,ERR,ERR,ERR,ERR,ERR,ERR,ERR,ERR,ERR,ERR,ERR,ERR,ERR,ERR,ERR,ERR,ERR,ERR,ERR,ERR,ERR,ERR,ERR,ERR,ERR,ERR,ERR,ERR,ERR,ERR,ERR,ERR,ERR,ERR,ERR,ERR,ERR,ERR,ERR,60.0,60.0,35,0.0,0.0,0.0,0.0,0.0,0.0,0.0,0.0,0.0,0.0,0.0,0.0,0.0,0.0,0.0,0.0,65.2,0,113,55,37,65476,0,300,0,0,8,20529,65476,0,0,2621,60.0,0.0,0.0,0.0,0.0,0.0
2026-07-09T15:13:34,ERR,ERR,ERR,ERR,ERR,ERR,ERR,ERR,ERR,ERR,ERR,ERR,ERR,ERR,ERR,ERR,ERR,ERR,ERR,ERR,ERR,ERR,ERR,ERR,ERR,ERR,ERR,ERR,ERR,ERR,ERR,ERR,ERR,ERR,ERR,ERR,ERR,ERR,ERR,ERR,ERR,ERR,ERR,ERR,ERR,ERR,ERR,ERR,ERR,ERR,ERR,ERR,ERR,ERR,ERR,ERR,ERR,ERR,ERR,ERR,ERR,ERR,ERR,ERR,ERR,ERR,ERR,ERR,ERR,ERR,ERR,ERR,ERR,ERR,ERR,ERR,ERR,ERR,ERR,ERR,ERR,ERR,ERR,ERR,ERR,ERR,ERR,ERR,ERR,ERR,ERR,ERR,ERR,ERR,ERR,ERR,ERR,ERR,ERR,ERR,ERR,ERR,ERR,ERR,ERR,ERR,ERR,ERR,ERR,ERR,ERR,ERR,ERR,ERR,ERR,ERR,ERR,ERR,ERR,ERR,ERR,ERR,ERR,ERR,ERR,0.0,-107616008.0,-0.0,2.718366610185338e+23,-3674657.0,0.0,1.2619435032189927e+31,-8.525811021292398e+36,0,0,4,17416,7116,0.0,100,0.0,0.0,2.718366610185338e+23,0.0,0.0,0,0,0,0,0.0,0,0,0,0,0,0,0,0,0,0,0,0,0,0,0,0,0,0,0,0,0,0,0,0,0,0,0,0,0,0,0,0,0,31,40,40,71,65476,0,300,0,0,8,21553,0.0,-107605600.0,0.0,0.0,0.0,0.0,0.0,0.0,0.0,0.0,0.0,0.0,0.0,0.0,0.0,0.0,0.0,0.0,0.0,0.0,0.0,0.0,-0.0,0.0,0.0,0.0,0.0,0.0,0.0,0.0,4874.0,2.422986751610777e+24,6925.0,0.0,-107616008.0,2.004,2.004,0.0,0.0,0.0,0.0,69,5.848058060004267e+35,0.0,0.0,0.0,0.0,0.0,0.0,0.0,0.0,0,0,0,0.0,0.0,0.0,0.0,0.0,0.0,0.0,0.0,0.0,0.0,0.0,0.0,0.0,0.0,0.0,0.0,0,-107875648.0,69,0.0,138,0.0,2.012,ERR,ERR,ERR,ERR,ERR,ERR,ERR,ERR,ERR,ERR,ERR,ERR,ERR,ERR,ERR,ERR,ERR,ERR,ERR,ERR,ERR,ERR,ERR,ERR,ERR,ERR,ERR,ERR,ERR,ERR,ERR,ERR,ERR,ERR,ERR,ERR,ERR,ERR,ERR,ERR,ERR,ERR,ERR,ERR,ERR,ERR,ERR,ERR,ERR,ERR,ERR,ERR,ERR,ERR,ERR,ERR,ERR,ERR,ERR,ERR,ERR,ERR,ERR,ERR,ERR,ERR,ERR,60.0,60.0,35,0.0,0.0,0.0,0.0,0.0,0.0,0.0,0.0,0.0,0.0,0.0,0.0,0.0,0.0,0.0,0.0,65.2,0,113,54,37,65476,0,300,0,0,8,20529,65476,0,0,2621,60.0,0.0,0.0,0.0,0.0,0.0
2026-07-09T15:13:35,ERR,ERR,ERR,ERR,ERR,ERR,ERR,ERR,ERR,ERR,ERR,ERR,ERR,ERR,ERR,ERR,ERR,ERR,ERR,ERR,ERR,ERR,ERR,ERR,ERR,ERR,ERR,ERR,ERR,ERR,ERR,ERR,ERR,ERR,ERR,ERR,ERR,ERR,ERR,ERR,ERR,ERR,ERR,ERR,ERR,ERR,ERR,ERR,ERR,ERR,ERR,ERR,ERR,ERR,ERR,ERR,ERR,ERR,ERR,ERR,ERR,ERR,ERR,ERR,ERR,ERR,ERR,ERR,ERR,ERR,ERR,ERR,ERR,ERR,ERR,ERR,ERR,ERR,ERR,ERR,ERR,ERR,ERR,ERR,ERR,ERR,ERR,ERR,ERR,ERR,ERR,ERR,ERR,ERR,ERR,ERR,ERR,ERR,ERR,ERR,ERR,ERR,ERR,ERR,ERR,ERR,ERR,ERR,ERR,ERR,ERR,ERR,ERR,ERR,ERR,ERR,ERR,ERR,ERR,ERR,ERR,ERR,ERR,ERR,ERR,0.0,-107616008.0,-0.0,2.718366610185338e+23,-3674657.0,0.0,1.2619435032189927e+31,-8.525811021292398e+36,0,0,4,17416,7116,0.0,100,0.0,0.0,2.718366610185338e+23,0.0,0.0,0,0,0,0,0.0,0,0,0,0,0,0,0,0,0,0,0,0,0,0,0,0,0,0,0,0,0,0,0,0,0,0,0,0,0,0,0,0,0,31,40,40,71,65476,0,300,0,0,8,21553,0.0,-107605600.0,0.0,0.0,0.0,0.0,0.0,0.0,0.0,0.0,0.0,0.0,0.0,0.0,0.0,0.0,0.0,0.0,0.0,0.0,0.0,0.0,-0.0,0.0,0.0,0.0,0.0,0.0,0.0,0.0,4874.0,2.422986751610777e+24,6925.0,0.0,-107616008.0,2.004,2.004,0.0,0.0,0.0,0.0,69,5.848058060004267e+35,0.0,0.0,0.0,0.0,0.0,0.0,0.0,0.0,0,0,0,0.0,0.0,0.0,0.0,0.0,0.0,0.0,0.0,0.0,0.0,0.0,0.0,0.0,0.0,0.0,0.0,0,-107875648.0,69,0.0,138,0.0,2.012,ERR,ERR,ERR,ERR,ERR,ERR,ERR,ERR,ERR,ERR,ERR,ERR,ERR,ERR,ERR,ERR,ERR,ERR,ERR,ERR,ERR,ERR,ERR,ERR,ERR,ERR,ERR,ERR,ERR,ERR,ERR,ERR,ERR,ERR,ERR,ERR,ERR,ERR,ERR,ERR,ERR,ERR,ERR,ERR,ERR,ERR,ERR,ERR,ERR,ERR,ERR,ERR,ERR,ERR,ERR,ERR,ERR,ERR,ERR,ERR,ERR,ERR,ERR,ERR,ERR,ERR,ERR,60.0,60.0,35,0.0,0.0,0.0,0.0,0.0,0.0,0.0,0.0,0.0,0.0,0.0,0.0,0.0,0.0,0.0,0.0,65.2,0,113,54,37,65476,0,300,0,0,8,20529,65476,0,0,2621,60.0,0.0,0.0,0.0,0.0,0.0
2026-07-09T15:13:36,ERR,ERR,ERR,ERR,ERR,ERR,ERR,ERR,ERR,ERR,ERR,ERR,ERR,ERR,ERR,ERR,ERR,ERR,ERR,ERR,ERR,ERR,ERR,ERR,ERR,ERR,ERR,ERR,ERR,ERR,ERR,ERR,ERR,ERR,ERR,ERR,ERR,ERR,ERR,ERR,ERR,ERR,ERR,ERR,ERR,ERR,ERR,ERR,ERR,ERR,ERR,ERR,ERR,ERR,ERR,ERR,ERR,ERR,ERR,ERR,ERR,ERR,ERR,ERR,ERR,ERR,ERR,ERR,ERR,ERR,ERR,ERR,ERR,ERR,ERR,ERR,ERR,ERR,ERR,ERR,ERR,ERR,ERR,ERR,ERR,ERR,ERR,ERR,ERR,ERR,ERR,ERR,ERR,ERR,ERR,ERR,ERR,ERR,ERR,ERR,ERR,ERR,ERR,ERR,ERR,ERR,ERR,ERR,ERR,ERR,ERR,ERR,ERR,ERR,ERR,ERR,ERR,ERR,ERR,ERR,ERR,ERR,ERR,ERR,ERR,0.0,-107616008.0,-0.0,2.718366610185338e+23,-3674657.0,0.0,1.2619435032189927e+31,-8.525811021292398e+36,0,0,4,17416,7116,0.0,100,0.0,0.0,2.718366610185338e+23,0.0,0.0,0,0,0,0,0.0,0,0,0,0,0,0,0,0,0,0,0,0,0,0,0,0,0,0,0,0,0,0,0,0,0,0,0,0,0,0,0,0,0,31,40,40,71,65476,0,300,0,0,8,21553,0.0,-107605600.0,0.0,0.0,0.0,0.0,0.0,0.0,0.0,0.0,0.0,0.0,0.0,0.0,0.0,0.0,0.0,0.0,0.0,0.0,0.0,0.0,-0.0,0.0,0.0,0.0,0.0,0.0,0.0,0.0,4874.0,2.422986751610777e+24,6925.0,0.0,-107616008.0,2.004,2.004,0.0,0.0,0.0,0.0,69,5.848058060004267e+35,0.0,0.0,0.0,0.0,0.0,0.0,0.0,0.0,0,0,0,0.0,0.0,0.0,0.0,0.0,0.0,0.0,0.0,0.0,0.0,0.0,0.0,0.0,0.0,0.0,0.0,0,-107875648.0,69,0.0,138,0.0,2.012,ERR,ERR,ERR,ERR,ERR,ERR,ERR,ERR,ERR,ERR,ERR,ERR,ERR,ERR,ERR,ERR,ERR,ERR,ERR,ERR,ERR,ERR,ERR,ERR,ERR,ERR,ERR,ERR,ERR,ERR,ERR,ERR,ERR,ERR,ERR,ERR,ERR,ERR,ERR,ERR,ERR,ERR,ERR,ERR,ERR,ERR,ERR,ERR,ERR,ERR,ERR,ERR,ERR,ERR,ERR,ERR,ERR,ERR,ERR,ERR,ERR,ERR,ERR,ERR,ERR,ERR,ERR,60.0,60.0,35,0.0,0.0,0.0,0.0,0.0,0.0,0.0,0.0,0.0,0.0,0.0,0.0,0.0,0.0,0.0,0.0,65.2,0,113,54,37,65476,0,300,0,0,8,20529,65476,0,0,2621,60.0,0.0,0.0,0.0,0.0,0.0
2026-07-09T15:13:37,ERR,ERR,ERR,ERR,ERR,ERR,ERR,ERR,ERR,ERR,ERR,ERR,ERR,ERR,ERR,ERR,ERR,ERR,ERR,ERR,ERR,ERR,ERR,ERR,ERR,ERR,ERR,ERR,ERR,ERR,ERR,ERR,ERR,ERR,ERR,ERR,ERR,ERR,ERR,ERR,ERR,ERR,ERR,ERR,ERR,ERR,ERR,ERR,ERR,ERR,ERR,ERR,ERR,ERR,ERR,ERR,ERR,ERR,ERR,ERR,ERR,ERR,ERR,ERR,ERR,ERR,ERR,ERR,ERR,ERR,ERR,ERR,ERR,ERR,ERR,ERR,ERR,ERR,ERR,ERR,ERR,ERR,ERR,ERR,ERR,ERR,ERR,ERR,ERR,ERR,ERR,ERR,ERR,ERR,ERR,ERR,ERR,ERR,ERR,ERR,ERR,ERR,ERR,ERR,ERR,ERR,ERR,ERR,ERR,ERR,ERR,ERR,ERR,ERR,ERR,ERR,ERR,ERR,ERR,ERR,ERR,ERR,ERR,ERR,ERR,0.0,-107616008.0,-0.0,2.718366610185338e+23,-3674657.0,0.0,1.2619435032189927e+31,-8.525811021292398e+36,0,0,4,17416,7116,0.0,100,0.0,0.0,2.718366610185338e+23,0.0,0.0,0,0,0,0,0.0,0,0,0,0,0,0,0,0,0,0,0,0,0,0,0,0,0,0,0,0,0,0,0,0,0,0,0,0,0,0,0,0,0,31,40,40,71,65476,0,300,0,0,8,21553,0.0,-107605600.0,0.0,0.0,0.0,0.0,0.0,0.0,0.0,0.0,0.0,0.0,0.0,0.0,0.0,0.0,0.0,0.0,0.0,0.0,0.0,0.0,-0.0,0.0,0.0,0.0,0.0,0.0,0.0,0.0,4874.0,2.422986751610777e+24,6925.0,0.0,-107616008.0,2.004,2.004,0.0,0.0,0.0,0.0,69,5.848058060004267e+35,0.0,0.0,0.0,0.0,0.0,0.0,0.0,0.0,0,0,0,0.0,0.0,0.0,0.0,0.0,0.0,0.0,0.0,0.0,0.0,0.0,0.0,0.0,0.0,0.0,0.0,0,-107875648.0,69,0.0,138,0.0,2.012,ERR,ERR,ERR,ERR,ERR,ERR,ERR,ERR,ERR,ERR,ERR,ERR,ERR,ERR,ERR,ERR,ERR,ERR,ERR,ERR,ERR,ERR,ERR,ERR,ERR,ERR,ERR,ERR,ERR,ERR,ERR,ERR,ERR,ERR,ERR,ERR,ERR,ERR,ERR,ERR,ERR,ERR,ERR,ERR,ERR,ERR,ERR,ERR,ERR,ERR,ERR,ERR,ERR,ERR,ERR,ERR,ERR,ERR,ERR,ERR,ERR,ERR,ERR,ERR,ERR,ERR,ERR,60.0,60.0,35,0.0,0.0,0.0,0.0,0.0,0.0,0.0,0.0,0.0,0.0,0.0,0.0,0.0,0.0,0.0,0.0,65.2,0,113,54,37,65476,0,300,0,0,8,20529,65476,0,0,2621,60.0,0.0,0.0,0.0,0.0,0.0
2026-07-09T15:13:38,ERR,ERR,ERR,ERR,ERR,ERR,ERR,ERR,ERR,ERR,ERR,ERR,ERR,ERR,ERR,ERR,ERR,ERR,ERR,ERR,ERR,ERR,ERR,ERR,ERR,ERR,ERR,ERR,ERR,ERR,ERR,ERR,ERR,ERR,ERR,ERR,ERR,ERR,ERR,ERR,ERR,ERR,ERR,ERR,ERR,ERR,ERR,ERR,ERR,ERR,ERR,ERR,ERR,ERR,ERR,ERR,ERR,ERR,ERR,ERR,ERR,ERR,ERR,ERR,ERR,ERR,ERR,ERR,ERR,ERR,ERR,ERR,ERR,ERR,ERR,ERR,ERR,ERR,ERR,ERR,ERR,ERR,ERR,ERR,ERR,ERR,ERR,ERR,ERR,ERR,ERR,ERR,ERR,ERR,ERR,ERR,ERR,ERR,ERR,ERR,ERR,ERR,ERR,ERR,ERR,ERR,ERR,ERR,ERR,ERR,ERR,ERR,ERR,ERR,ERR,ERR,ERR,ERR,ERR,ERR,ERR,ERR,ERR,ERR,ERR,0.0,0.0,2.718417410789135e+23,2.718366610185338e+23,342058237952.0,104579.43,-0.0,-0.0,0,0,4,17418,7116,0.0,100,0.0,0.0,2.718366610185338e+23,0.0,0.0,0,0,0,0,0.0,0,0,0,0,0,0,0,0,0,0,0,0,0,0,0,0,0,0,0,0,0,0,0,0,0,0,0,0,0,0,0,0,0,31,40,40,71,65476,0,300,0,0,8,21553,0.0,-107605600.0,0.0,0.0,0.0,0.0,0.0,0.0,0.0,0.0,0.0,0.0,0.0,0.0,0.0,0.0,0.0,0.0,0.0,0.0,0.0,0.0,-0.0,-0.0,0.0,0.0,0.0,0.0,0.0,0.0,4867.0,2.422986751610777e+24,6925.0,0.0,2.7184451529628395e+23,2.004,2.004,0.0,0.0,0.0,0.0,69,0.0,0.0,0.0,0.0,0.0,0.0,0.0,0.0,0.0,0,0,0,0.0,0.0,0.0,0.0,0.0,0.0,0.0,0.0,0.0,0.0,0.0,0.0,0.0,0.0,0.0,0.0,0,-107875648.0,69,0.0,138,0.0,2.012,ERR,ERR,ERR,ERR,ERR,ERR,ERR,ERR,ERR,ERR,ERR,ERR,ERR,ERR,ERR,ERR,ERR,ERR,ERR,ERR,ERR,ERR,ERR,ERR,ERR,ERR,ERR,ERR,ERR,ERR,ERR,ERR,ERR,ERR,ERR,ERR,ERR,ERR,ERR,ERR,ERR,ERR,ERR,ERR,ERR,ERR,ERR,ERR,ERR,ERR,ERR,ERR,ERR,ERR,ERR,ERR,ERR,ERR,ERR,ERR,ERR,ERR,ERR,ERR,ERR,ERR,ERR,60.0,60.0,35,0.0,0.0,0.0,0.0,0.0,0.0,0.0,0.0,0.0,0.0,0.0,0.0,0.0,0.0,0.0,0.0,65.6,0,113,54,37,65476,0,300,0,0,8,20529,65476,0,0,2621,60.0,0.0,0.0,0.0,0.0,0.0
2026-07-09T15:13:39,ERR,ERR,ERR,ERR,ERR,ERR,ERR,ERR,ERR,ERR,ERR,ERR,ERR,ERR,ERR,ERR,ERR,ERR,ERR,ERR,ERR,ERR,ERR,ERR,ERR,ERR,ERR,ERR,ERR,ERR,ERR,ERR,ERR,ERR,ERR,ERR,ERR,ERR,ERR,ERR,ERR,ERR,ERR,ERR,ERR,ERR,ERR,ERR,ERR,ERR,ERR,ERR,ERR,ERR,ERR,ERR,ERR,ERR,ERR,ERR,ERR,ERR,ERR,ERR,ERR,ERR,ERR,ERR,ERR,ERR,ERR,ERR,ERR,ERR,ERR,ERR,ERR,ERR,ERR,ERR,ERR,ERR,ERR,ERR,ERR,ERR,ERR,ERR,ERR,ERR,ERR,ERR,ERR,ERR,ERR,ERR,ERR,ERR,ERR,ERR,ERR,ERR,ERR,ERR,ERR,ERR,ERR,ERR,ERR,ERR,ERR,ERR,ERR,ERR,ERR,ERR,ERR,ERR,ERR,ERR,ERR,ERR,ERR,ERR,ERR,0.0,0.0,2.718417410789135e+23,2.718366610185338e+23,342058237952.0,104579.43,-0.0,-0.0,0,0,4,17418,7116,0.0,100,0.0,0.0,2.718366610185338e+23,0.0,0.0,0,0,0,0,0.0,0,0,0,0,0,0,0,0,0,0,0,0,0,0,0,0,0,0,0,0,0,0,0,0,0,0,0,0,0,0,0,0,0,31,40,40,71,65476,0,300,0,0,8,21553,0.0,-107605600.0,0.0,0.0,0.0,0.0,0.0,0.0,0.0,0.0,0.0,0.0,0.0,0.0,0.0,0.0,0.0,0.0,0.0,0.0,0.0,0.0,-0.0,-0.0,0.0,0.0,0.0,0.0,0.0,0.0,4867.0,2.422986751610777e+24,6925.0,0.0,2.7184451529628395e+23,2.004,2.004,0.0,0.0,0.0,0.0,69,0.0,0.0,0.0,0.0,0.0,0.0,0.0,0.0,0.0,0,0,0,0.0,0.0,0.0,0.0,0.0,0.0,0.0,0.0,0.0,0.0,0.0,0.0,0.0,0.0,0.0,0.0,0,-107875648.0,69,0.0,138,0.0,2.012,ERR,ERR,ERR,ERR,ERR,ERR,ERR,ERR,ERR,ERR,ERR,ERR,ERR,ERR,ERR,ERR,ERR,ERR,ERR,ERR,ERR,ERR,ERR,ERR,ERR,ERR,ERR,ERR,ERR,ERR,ERR,ERR,ERR,ERR,ERR,ERR,ERR,ERR,ERR,ERR,ERR,ERR,ERR,ERR,ERR,ERR,ERR,ERR,ERR,ERR,ERR,ERR,ERR,ERR,ERR,ERR,ERR,ERR,ERR,ERR,ERR,ERR,ERR,ERR,ERR,ERR,ERR,60.0,60.0,35,0.0,0.0,0.0,0.0,0.0,0.0,0.0,0.0,0.0,0.0,0.0,0.0,0.0,0.0,0.0,0.0,65.2,0,113,55,37,65476,0,300,0,0,8,20529,65476,0,0,2621,60.0,0.0,0.0,0.0,0.0,0.0
2026-07-09T15:13:40,ERR,ERR,ERR,ERR,ERR,ERR,ERR,ERR,ERR,ERR,ERR,ERR,ERR,ERR,ERR,ERR,ERR,ERR,ERR,ERR,ERR,ERR,ERR,ERR,ERR,ERR,ERR,ERR,ERR,ERR,ERR,ERR,ERR,ERR,ERR,ERR,ERR,ERR,ERR,ERR,ERR,ERR,ERR,ERR,ERR,ERR,ERR,ERR,ERR,ERR,ERR,ERR,ERR,ERR,ERR,ERR,ERR,ERR,ERR,ERR,ERR,ERR,ERR,ERR,ERR,ERR,ERR,ERR,ERR,ERR,ERR,ERR,ERR,ERR,ERR,ERR,ERR,ERR,ERR,ERR,ERR,ERR,ERR,ERR,ERR,ERR,ERR,ERR,ERR,ERR,ERR,ERR,ERR,ERR,ERR,ERR,ERR,ERR,ERR,ERR,ERR,ERR,ERR,ERR,ERR,ERR,ERR,ERR,ERR,ERR,ERR,ERR,ERR,ERR,ERR,ERR,ERR,ERR,ERR,ERR,ERR,ERR,ERR,ERR,ERR,0.0,0.0,2.718417410789135e+23,2.718366610185338e+23,342058237952.0,104579.43,-0.0,-0.0,0,0,4,17418,7116,0.0,100,0.0,0.0,2.718366610185338e+23,0.0,0.0,0,0,0,0,0.0,0,0,0,0,0,0,0,0,0,0,0,0,0,0,0,0,0,0,0,0,0,0,0,0,0,0,0,0,0,0,0,0,0,31,40,40,71,65476,0,300,0,0,8,21553,0.0,-107605600.0,0.0,0.0,0.0,0.0,0.0,0.0,0.0,0.0,0.0,0.0,0.0,0.0,0.0,0.0,0.0,0.0,0.0,0.0,0.0,0.0,-0.0,-0.0,0.0,0.0,0.0,0.0,0.0,0.0,4867.0,2.422986751610777e+24,6925.0,0.0,2.7184451529628395e+23,2.004,2.004,0.0,0.0,0.0,0.0,69,0.0,0.0,0.0,0.0,0.0,0.0,0.0,0.0,0.0,0,0,0,0.0,0.0,0.0,0.0,0.0,0.0,0.0,0.0,0.0,0.0,0.0,0.0,0.0,0.0,0.0,0.0,0,-107875648.0,69,0.0,138,0.0,2.012,ERR,ERR,ERR,ERR,ERR,ERR,ERR,ERR,ERR,ERR,ERR,ERR,ERR,ERR,ERR,ERR,ERR,ERR,ERR,ERR,ERR,ERR,ERR,ERR,ERR,ERR,ERR,ERR,ERR,ERR,ERR,ERR,ERR,ERR,ERR,ERR,ERR,ERR,ERR,ERR,ERR,ERR,ERR,ERR,ERR,ERR,ERR,ERR,ERR,ERR,ERR,ERR,ERR,ERR,ERR,ERR,ERR,ERR,ERR,ERR,ERR,ERR,ERR,ERR,ERR,ERR,ERR,60.0,60.0,35,0.0,0.0,0.0,0.0,0.0,0.0,0.0,0.0,0.0,0.0,0.0,0.0,0.0,0.0,0.0,0.0,65.2,0,113,55,37,65476,0,300,0,0,8,20529,65476,0,0,2621,60.0,0.0,0.0,0.0,0.0,0.0
2026-07-09T15:13:41,ERR,ERR,ERR,ERR,ERR,ERR,ERR,ERR,ERR,ERR,ERR,ERR,ERR,ERR,ERR,ERR,ERR,ERR,ERR,ERR,ERR,ERR,ERR,ERR,ERR,ERR,ERR,ERR,ERR,ERR,ERR,ERR,ERR,ERR,ERR,ERR,ERR,ERR,ERR,ERR,ERR,ERR,ERR,ERR,ERR,ERR,ERR,ERR,ERR,ERR,ERR,ERR,ERR,ERR,ERR,ERR,ERR,ERR,ERR,ERR,ERR,ERR,ERR,ERR,ERR,ERR,ERR,ERR,ERR,ERR,ERR,ERR,ERR,ERR,ERR,ERR,ERR,ERR,ERR,ERR,ERR,ERR,ERR,ERR,ERR,ERR,ERR,ERR,ERR,ERR,ERR,ERR,ERR,ERR,ERR,ERR,ERR,ERR,ERR,ERR,ERR,ERR,ERR,ERR,ERR,ERR,ERR,ERR,ERR,ERR,ERR,ERR,ERR,ERR,ERR,ERR,ERR,ERR,ERR,ERR,ERR,ERR,ERR,ERR,ERR,0.0,0.0,2.718417410789135e+23,2.718366610185338e+23,342058237952.0,104579.43,-0.0,-0.0,0,0,4,17418,7116,0.0,100,0.0,0.0,2.718366610185338e+23,0.0,0.0,0,0,0,0,0.0,0,0,0,0,0,0,0,0,0,0,0,0,0,0,0,0,0,0,0,0,0,0,0,0,0,0,0,0,0,0,0,0,0,31,40,40,71,65476,0,300,0,0,8,21553,0.0,-107605600.0,0.0,0.0,0.0,0.0,0.0,0.0,0.0,0.0,0.0,0.0,0.0,0.0,0.0,0.0,0.0,0.0,0.0,0.0,0.0,0.0,-0.0,-0.0,0.0,0.0,0.0,0.0,0.0,0.0,4867.0,2.422986751610777e+24,6925.0,0.0,2.7184451529628395e+23,2.004,2.004,0.0,0.0,0.0,0.0,69,0.0,0.0,0.0,0.0,0.0,0.0,0.0,0.0,0.0,0,0,0,0.0,0.0,0.0,0.0,0.0,0.0,0.0,0.0,0.0,0.0,0.0,0.0,0.0,0.0,0.0,0.0,0,-107875648.0,69,0.0,138,0.0,2.012,ERR,ERR,ERR,ERR,ERR,ERR,ERR,ERR,ERR,ERR,ERR,ERR,ERR,ERR,ERR,ERR,ERR,ERR,ERR,ERR,ERR,ERR,ERR,ERR,ERR,ERR,ERR,ERR,ERR,ERR,ERR,ERR,ERR,ERR,ERR,ERR,ERR,ERR,ERR,ERR,ERR,ERR,ERR,ERR,ERR,ERR,ERR,ERR,ERR,ERR,ERR,ERR,ERR,ERR,ERR,ERR,ERR,ERR,ERR,ERR,ERR,ERR,ERR,ERR,ERR,ERR,ERR,60.0,60.0,35,0.0,0.0,0.0,0.0,0.0,0.0,0.0,0.0,0.0,0.0,0.0,0.0,0.0,0.0,0.0,0.0,65.2,0,113,55,37,65476,0,300,0,0,8,20529,65476,0,0,2621,60.0,0.0,0.0,0.0,0.0,0.0
2026-07-09T15:13:42,ERR,ERR,ERR,ERR,ERR,ERR,ERR,ERR,ERR,ERR,ERR,ERR,ERR,ERR,ERR,ERR,ERR,ERR,ERR,ERR,ERR,ERR,ERR,ERR,ERR,ERR,ERR,ERR,ERR,ERR,ERR,ERR,ERR,ERR,ERR,ERR,ERR,ERR,ERR,ERR,ERR,ERR,ERR,ERR,ERR,ERR,ERR,ERR,ERR,ERR,ERR,ERR,ERR,ERR,ERR,ERR,ERR,ERR,ERR,ERR,ERR,ERR,ERR,ERR,ERR,ERR,ERR,ERR,ERR,ERR,ERR,ERR,ERR,ERR,ERR,ERR,ERR,ERR,ERR,ERR,ERR,ERR,ERR,ERR,ERR,ERR,ERR,ERR,ERR,ERR,ERR,ERR,ERR,ERR,ERR,ERR,ERR,ERR,ERR,ERR,ERR,ERR,ERR,ERR,ERR,ERR,ERR,ERR,ERR,ERR,ERR,ERR,ERR,ERR,ERR,ERR,ERR,ERR,ERR,ERR,ERR,ERR,ERR,ERR,ERR,0.0,0.0,2.718417410789135e+23,2.718366610185338e+23,342058237952.0,104579.43,-0.0,-0.0,0,0,4,17418,7116,0.0,100,0.0,0.0,2.718366610185338e+23,0.0,0.0,0,0,0,0,0.0,0,0,0,0,0,0,0,0,0,0,0,0,0,0,0,0,0,0,0,0,0,0,0,0,0,0,0,0,0,0,0,0,0,31,40,40,71,65476,0,300,0,0,8,21553,0.0,-107605600.0,0.0,0.0,0.0,0.0,0.0,0.0,0.0,0.0,0.0,0.0,0.0,0.0,0.0,0.0,0.0,0.0,0.0,0.0,0.0,0.0,-0.0,-0.0,0.0,0.0,0.0,0.0,0.0,0.0,4867.0,2.422986751610777e+24,6925.0,0.0,2.7184451529628395e+23,2.004,2.004,0.0,0.0,0.0,0.0,69,0.0,0.0,0.0,0.0,0.0,0.0,0.0,0.0,0.0,0,0,0,0.0,0.0,0.0,0.0,0.0,0.0,0.0,0.0,0.0,0.0,0.0,0.0,0.0,0.0,0.0,0.0,0,-107875648.0,69,0.0,138,0.0,2.012,ERR,ERR,ERR,ERR,ERR,ERR,ERR,ERR,ERR,ERR,ERR,ERR,ERR,ERR,ERR,ERR,ERR,ERR,ERR,ERR,ERR,ERR,ERR,ERR,ERR,ERR,ERR,ERR,ERR,ERR,ERR,ERR,ERR,ERR,ERR,ERR,ERR,ERR,ERR,ERR,ERR,ERR,ERR,ERR,ERR,ERR,ERR,ERR,ERR,ERR,ERR,ERR,ERR,ERR,ERR,ERR,ERR,ERR,ERR,ERR,ERR,ERR,ERR,ERR,ERR,ERR,ERR,60.0,60.0,35,0.0,0.0,0.0,0.0,0.0,0.0,0.0,0.0,0.0,0.0,0.0,0.0,0.0,0.0,0.0,0.0,65.2,0,113,55,37,65476,0,300,0,0,8,20529,65476,0,0,2621,60.0,0.0,0.0,0.0,0.0,0.0
2026-07-09T15:13:43,ERR,ERR,ERR,ERR,ERR,ERR,ERR,ERR,ERR,ERR,ERR,ERR,ERR,ERR,ERR,ERR,ERR,ERR,ERR,ERR,ERR,ERR,ERR,ERR,ERR,ERR,ERR,ERR,ERR,ERR,ERR,ERR,ERR,ERR,ERR,ERR,ERR,ERR,ERR,ERR,ERR,ERR,ERR,ERR,ERR,ERR,ERR,ERR,ERR,ERR,ERR,ERR,ERR,ERR,ERR,ERR,ERR,ERR,ERR,ERR,ERR,ERR,ERR,ERR,ERR,ERR,ERR,ERR,ERR,ERR,ERR,ERR,ERR,ERR,ERR,ERR,ERR,ERR,ERR,ERR,ERR,ERR,ERR,ERR,ERR,ERR,ERR,ERR,ERR,ERR,ERR,ERR,ERR,ERR,ERR,ERR,ERR,ERR,ERR,ERR,ERR,ERR,ERR,ERR,ERR,ERR,ERR,ERR,ERR,ERR,ERR,ERR,ERR,ERR,ERR,ERR,ERR,ERR,ERR,ERR,ERR,ERR,ERR,ERR,ERR,-0.0,-107616016.0,0.0,0.0,-0.0,0.0,-0.0,-0.0,0,0,4,17419,7116,0.0,100,0.0,0.0,0.0,0.0,0.0,0,0,0,0,0.0,0,0,0,0,0,0,0,0,0,0,0,0,0,0,0,0,0,0,0,0,0,0,0,0,0,0,0,0,0,0,0,0,0,31,40,40,71,65476,0,300,0,0,8,21553,0.0,-107605600.0,0.0,0.0,0.0,0.0,0.0,0.0,0.0,0.0,0.0,0.0,0.0,0.0,0.0,0.0,0.0,0.0,0.0,0.0,0.0,0.0,2.004,-3.697066946564247e+19,0.0,0.0,0.0,0.0,0.0,0.0,4890.0,2.004,6920.0,0.0,0.0,2.004,2.004,0.0,0.0,0.0,0.0,69,-152017364320256.0,-2.3088269958105478e+20,0.0,0.0,0.0,0.0,0.0,0.0,0.0,0,0,0,0.0,0.0,0.0,0.0,0.0,0.0,0.0,0.0,0.0,0.0,0.0,0.0,0.0,0.0,0.0,0.0,0,-107875648.0,69,0.0,138,0.0,2.012,ERR,ERR,ERR,ERR,ERR,ERR,ERR,ERR,ERR,ERR,ERR,ERR,ERR,ERR,ERR,ERR,ERR,ERR,ERR,ERR,ERR,ERR,ERR,ERR,ERR,ERR,ERR,ERR,ERR,ERR,ERR,ERR,ERR,ERR,ERR,ERR,ERR,ERR,ERR,ERR,ERR,ERR,ERR,ERR,ERR,ERR,ERR,ERR,ERR,ERR,ERR,ERR,ERR,ERR,ERR,ERR,ERR,ERR,ERR,ERR,ERR,ERR,ERR,ERR,ERR,ERR,ERR,60.0,60.0,35,0.0,0.0,0.0,0.0,0.0,0.0,0.0,0.0,0.0,0.0,0.0,0.0,0.0,0.0,0.0,0.0,65.2,0,113,55,37,65476,0,300,0,0,8,20529,65476,0,0,2621,60.0,0.0,0.0,0.0,0.0,0.0
2026-07-09T15:13:44,ERR,ERR,ERR,ERR,ERR,ERR,ERR,ERR,ERR,ERR,ERR,ERR,ERR,ERR,ERR,ERR,ERR,ERR,ERR,ERR,ERR,ERR,ERR,ERR,ERR,ERR,ERR,ERR,ERR,ERR,ERR,ERR,ERR,ERR,ERR,ERR,ERR,ERR,ERR,ERR,ERR,ERR,ERR,ERR,ERR,ERR,ERR,ERR,ERR,ERR,ERR,ERR,ERR,ERR,ERR,ERR,ERR,ERR,ERR,ERR,ERR,ERR,ERR,ERR,ERR,ERR,ERR,ERR,ERR,ERR,ERR,ERR,ERR,ERR,ERR,ERR,ERR,ERR,ERR,ERR,ERR,ERR,ERR,ERR,ERR,ERR,ERR,ERR,ERR,ERR,ERR,ERR,ERR,ERR,ERR,ERR,ERR,ERR,ERR,ERR,ERR,ERR,ERR,ERR,ERR,ERR,ERR,ERR,ERR,ERR,ERR,ERR,ERR,ERR,ERR,ERR,ERR,ERR,ERR,ERR,ERR,ERR,ERR,ERR,ERR,-0.0,-107616016.0,0.0,0.0,-0.0,0.0,-0.0,-0.0,0,0,4,17419,7116,0.0,100,0.0,0.0,0.0,0.0,0.0,0,0,0,0,0.0,0,0,0,0,0,0,0,0,0,0,0,0,0,0,0,0,0,0,0,0,0,0,0,0,0,0,0,0,0,0,0,0,0,31,40,40,71,65476,0,300,0,0,8,21553,0.0,-107605600.0,0.0,0.0,0.0,0.0,0.0,0.0,0.0,0.0,0.0,0.0,0.0,0.0,0.0,0.0,0.0,0.0,0.0,0.0,0.0,0.0,2.004,-3.697066946564247e+19,0.0,0.0,0.0,0.0,0.0,0.0,4890.0,2.004,6920.0,0.0,0.0,2.004,2.004,0.0,0.0,0.0,0.0,69,-152017364320256.0,-2.3088269958105478e+20,0.0,0.0,0.0,0.0,0.0,0.0,0.0,0,0,0,0.0,0.0,0.0,0.0,0.0,0.0,0.0,0.0,0.0,0.0,0.0,0.0,0.0,0.0,0.0,0.0,0,-107875648.0,69,0.0,138,0.0,2.012,ERR,ERR,ERR,ERR,ERR,ERR,ERR,ERR,ERR,ERR,ERR,ERR,ERR,ERR,ERR,ERR,ERR,ERR,ERR,ERR,ERR,ERR,ERR,ERR,ERR,ERR,ERR,ERR,ERR,ERR,ERR,ERR,ERR,ERR,ERR,ERR,ERR,ERR,ERR,ERR,ERR,ERR,ERR,ERR,ERR,ERR,ERR,ERR,ERR,ERR,ERR,ERR,ERR,ERR,ERR,ERR,ERR,ERR,ERR,ERR,ERR,ERR,ERR,ERR,ERR,ERR,ERR,60.0,60.0,35,0.0,0.0,0.0,0.0,0.0,0.0,0.0,0.0,0.0,0.0,0.0,0.0,0.0,0.0,0.0,0.0,65.2,0,113,55,37,65476,0,300,0,0,8,20529,65476,0,0,2621,60.0,0.0,0.0,0.0,0.0,0.0
2026-07-09T15:13:45,ERR,ERR,ERR,ERR,ERR,ERR,ERR,ERR,ERR,ERR,ERR,ERR,ERR,ERR,ERR,ERR,ERR,ERR,ERR,ERR,ERR,ERR,ERR,ERR,ERR,ERR,ERR,ERR,ERR,ERR,ERR,ERR,ERR,ERR,ERR,ERR,ERR,ERR,ERR,ERR,ERR,ERR,ERR,ERR,ERR,ERR,ERR,ERR,ERR,ERR,ERR,ERR,ERR,ERR,ERR,ERR,ERR,ERR,ERR,ERR,ERR,ERR,ERR,ERR,ERR,ERR,ERR,ERR,ERR,ERR,ERR,ERR,ERR,ERR,ERR,ERR,ERR,ERR,ERR,ERR,ERR,ERR,ERR,ERR,ERR,ERR,ERR,ERR,ERR,ERR,ERR,ERR,ERR,ERR,ERR,ERR,ERR,ERR,ERR,ERR,ERR,ERR,ERR,ERR,ERR,ERR,ERR,ERR,ERR,ERR,ERR,ERR,ERR,ERR,ERR,ERR,ERR,ERR,ERR,ERR,ERR,ERR,ERR,ERR,ERR,-0.0,-107616016.0,0.0,0.0,-0.0,0.0,-0.0,-0.0,0,0,4,17419,7116,0.0,100,0.0,0.0,0.0,0.0,0.0,0,0,0,0,0.0,0,0,0,0,0,0,0,0,0,0,0,0,0,0,0,0,0,0,0,0,0,0,0,0,0,0,0,0,0,0,0,0,0,31,40,40,71,65476,0,300,0,0,8,21553,0.0,-107605600.0,0.0,0.0,0.0,0.0,0.0,0.0,0.0,0.0,0.0,0.0,0.0,0.0,0.0,0.0,0.0,0.0,0.0,0.0,0.0,0.0,2.004,-3.697066946564247e+19,0.0,0.0,0.0,0.0,0.0,0.0,4890.0,2.004,6920.0,0.0,0.0,2.004,2.004,0.0,0.0,0.0,0.0,69,-152017364320256.0,-2.3088269958105478e+20,0.0,0.0,0.0,0.0,0.0,0.0,0.0,0,0,0,0.0,0.0,0.0,0.0,0.0,0.0,0.0,0.0,0.0,0.0,0.0,0.0,0.0,0.0,0.0,0.0,0,-107875648.0,69,0.0,138,0.0,2.012,ERR,ERR,ERR,ERR,ERR,ERR,ERR,ERR,ERR,ERR,ERR,ERR,ERR,ERR,ERR,ERR,ERR,ERR,ERR,ERR,ERR,ERR,ERR,ERR,ERR,ERR,ERR,ERR,ERR,ERR,ERR,ERR,ERR,ERR,ERR,ERR,ERR,ERR,ERR,ERR,ERR,ERR,ERR,ERR,ERR,ERR,ERR,ERR,ERR,ERR,ERR,ERR,ERR,ERR,ERR,ERR,ERR,ERR,ERR,ERR,ERR,ERR,ERR,ERR,ERR,ERR,ERR,60.0,60.0,35,0.0,0.0,0.0,0.0,0.0,0.0,0.0,0.0,0.0,0.0,0.0,0.0,0.0,0.0,0.0,0.0,65.2,0,113,55,37,65476,0,300,0,0,8,20529,65476,0,0,2621,60.0,0.0,0.0,0.0,0.0,0.0
2026-07-09T15:13:46,ERR,ERR,ERR,ERR,ERR,ERR,ERR,ERR,ERR,ERR,ERR,ERR,ERR,ERR,ERR,ERR,ERR,ERR,ERR,ERR,ERR,ERR,ERR,ERR,ERR,ERR,ERR,ERR,ERR,ERR,ERR,ERR,ERR,ERR,ERR,ERR,ERR,ERR,ERR,ERR,ERR,ERR,ERR,ERR,ERR,ERR,ERR,ERR,ERR,ERR,ERR,ERR,ERR,ERR,ERR,ERR,ERR,ERR,ERR,ERR,ERR,ERR,ERR,ERR,ERR,ERR,ERR,ERR,ERR,ERR,ERR,ERR,ERR,ERR,ERR,ERR,ERR,ERR,ERR,ERR,ERR,ERR,ERR,ERR,ERR,ERR,ERR,ERR,ERR,ERR,ERR,ERR,ERR,ERR,ERR,ERR,ERR,ERR,ERR,ERR,ERR,ERR,ERR,ERR,ERR,ERR,ERR,ERR,ERR,ERR,ERR,ERR,ERR,ERR,ERR,ERR,ERR,ERR,ERR,ERR,ERR,ERR,ERR,ERR,ERR,-0.0,-107616016.0,0.0,0.0,-0.0,0.0,-0.0,-0.0,0,0,4,17419,7116,0.0,100,0.0,0.0,0.0,0.0,0.0,0,0,0,0,0.0,0,0,0,0,0,0,0,0,0,0,0,0,0,0,0,0,0,0,0,0,0,0,0,0,0,0,0,0,0,0,0,0,0,31,40,40,71,65476,0,300,0,0,8,21553,0.0,-107605600.0,0.0,0.0,0.0,0.0,0.0,0.0,0.0,0.0,0.0,0.0,0.0,0.0,0.0,0.0,0.0,0.0,0.0,0.0,0.0,0.0,2.004,-3.697066946564247e+19,0.0,0.0,0.0,0.0,0.0,0.0,4890.0,2.004,6920.0,0.0,0.0,2.004,2.004,0.0,0.0,0.0,0.0,69,-152017364320256.0,-2.3088269958105478e+20,0.0,0.0,0.0,0.0,0.0,0.0,0.0,0,0,0,0.0,0.0,0.0,0.0,0.0,0.0,0.0,0.0,0.0,0.0,0.0,0.0,0.0,0.0,0.0,0.0,0,-107875648.0,69,0.0,138,0.0,2.012,ERR,ERR,ERR,ERR,ERR,ERR,ERR,ERR,ERR,ERR,ERR,ERR,ERR,ERR,ERR,ERR,ERR,ERR,ERR,ERR,ERR,ERR,ERR,ERR,ERR,ERR,ERR,ERR,ERR,ERR,ERR,ERR,ERR,ERR,ERR,ERR,ERR,ERR,ERR,ERR,ERR,ERR,ERR,ERR,ERR,ERR,ERR,ERR,ERR,ERR,ERR,ERR,ERR,ERR,ERR,ERR,ERR,ERR,ERR,ERR,ERR,ERR,ERR,ERR,ERR,ERR,ERR,60.0,60.0,35,0.0,0.0,0.0,0.0,0.0,0.0,0.0,0.0,0.0,0.0,0.0,0.0,0.0,0.0,0.0,0.0,65.6,0,113,55,37,65476,0,300,0,0,8,20529,65476,0,0,2621,60.0,0.0,0.0,0.0,0.0,0.0
2026-07-09T15:13:47,ERR,ERR,ERR,ERR,ERR,ERR,ERR,ERR,ERR,ERR,ERR,ERR,ERR,ERR,ERR,ERR,ERR,ERR,ERR,ERR,ERR,ERR,ERR,ERR,ERR,ERR,ERR,ERR,ERR,ERR,ERR,ERR,ERR,ERR,ERR,ERR,ERR,ERR,ERR,ERR,ERR,ERR,ERR,ERR,ERR,ERR,ERR,ERR,ERR,ERR,ERR,ERR,ERR,ERR,ERR,ERR,ERR,ERR,ERR,ERR,ERR,ERR,ERR,ERR,ERR,ERR,ERR,ERR,ERR,ERR,ERR,ERR,ERR,ERR,ERR,ERR,ERR,ERR,ERR,ERR,ERR,ERR,ERR,ERR,ERR,ERR,ERR,ERR,ERR,ERR,ERR,ERR,ERR,ERR,ERR,ERR,ERR,ERR,ERR,ERR,ERR,ERR,ERR,ERR,ERR,ERR,ERR,ERR,ERR,ERR,ERR,ERR,ERR,ERR,ERR,ERR,ERR,ERR,ERR,ERR,ERR,ERR,ERR,ERR,ERR,-0.0,-107616016.0,0.0,0.0,-0.0,0.0,-0.0,-0.0,0,0,4,17419,7116,0.0,100,0.0,0.0,0.0,0.0,0.0,0,0,0,0,0.0,0,0,0,0,0,0,0,0,0,0,0,0,0,0,0,0,0,0,0,0,0,0,0,0,0,0,0,0,0,0,0,0,0,31,40,40,71,65476,0,300,0,0,8,21553,0.0,-107605600.0,0.0,0.0,0.0,0.0,0.0,0.0,0.0,0.0,0.0,0.0,0.0,0.0,0.0,0.0,0.0,0.0,0.0,0.0,0.0,0.0,2.004,-3.697066946564247e+19,0.0,0.0,0.0,0.0,0.0,0.0,4890.0,2.004,6920.0,0.0,0.0,2.004,2.004,0.0,0.0,0.0,0.0,69,-152017364320256.0,-2.3088269958105478e+20,0.0,0.0,0.0,0.0,0.0,0.0,0.0,0,0,0,0.0,0.0,0.0,0.0,0.0,0.0,0.0,0.0,0.0,0.0,0.0,0.0,0.0,0.0,0.0,0.0,0,-107875648.0,69,0.0,138,0.0,2.012,ERR,ERR,ERR,ERR,ERR,ERR,ERR,ERR,ERR,ERR,ERR,ERR,ERR,ERR,ERR,ERR,ERR,ERR,ERR,ERR,ERR,ERR,ERR,ERR,ERR,ERR,ERR,ERR,ERR,ERR,ERR,ERR,ERR,ERR,ERR,ERR,ERR,ERR,ERR,ERR,ERR,ERR,ERR,ERR,ERR,ERR,ERR,ERR,ERR,ERR,ERR,ERR,ERR,ERR,ERR,ERR,ERR,ERR,ERR,ERR,ERR,ERR,ERR,ERR,ERR,ERR,ERR,60.0,60.0,35,0.0,0.0,0.0,0.0,0.0,0.0,0.0,0.0,0.0,0.0,0.0,0.0,0.0,0.0,0.0,0.0,65.6,0,113,55,37,65476,0,300,0,0,8,20529,65476,0,0,2621,60.0,0.0,0.0,0.0,0.0,0.0
2026-07-09T15:13:48,ERR,ERR,ERR,ERR,ERR,ERR,ERR,ERR,ERR,ERR,ERR,ERR,ERR,ERR,ERR,ERR,ERR,ERR,ERR,ERR,ERR,ERR,ERR,ERR,ERR,ERR,ERR,ERR,ERR,ERR,ERR,ERR,ERR,ERR,ERR,ERR,ERR,ERR,ERR,ERR,ERR,ERR,ERR,ERR,ERR,ERR,ERR,ERR,ERR,ERR,ERR,ERR,ERR,ERR,ERR,ERR,ERR,ERR,ERR,ERR,ERR,ERR,ERR,ERR,ERR,ERR,ERR,ERR,ERR,ERR,ERR,ERR,ERR,ERR,ERR,ERR,ERR,ERR,ERR,ERR,ERR,ERR,ERR,ERR,ERR,ERR,ERR,ERR,ERR,ERR,ERR,ERR,ERR,ERR,ERR,ERR,ERR,ERR,ERR,ERR,ERR,ERR,ERR,ERR,ERR,ERR,ERR,ERR,ERR,ERR,ERR,ERR,ERR,ERR,ERR,ERR,ERR,ERR,ERR,ERR,ERR,ERR,ERR,ERR,ERR,0.0,-0.0,0.0,0.0,-1.311088678266714e+33,-2.2803517410522944e+30,3.815662174210696e+22,0.0,0,0,4,17419,7116,0.0,100,0.0,0.0,0.0,0.0,0.0,0,0,0,0,0.0,0,0,0,0,0,0,0,0,0,0,0,0,0,0,0,0,0,0,0,0,0,0,0,0,0,0,0,0,0,0,0,0,0,31,40,40,71,65476,0,300,0,0,8,21553,0.0,-107605600.0,0.0,0.0,0.0,0.0,0.0,0.0,0.0,0.0,0.0,0.0,0.0,0.0,0.0,0.0,0.0,0.0,0.0,0.0,0.0,0.0,0.0,2.004,0.0,0.0,0.0,0.0,0.0,0.0,4892.0,0.0,6915.0,0.0,-107616024.0,2.004,2.004,0.0,0.0,0.0,0.0,69,-3.222004611918175e+26,-0.0,0.0,0.0,0.0,0.0,0.0,0.0,0.0,0,0,0,0.0,0.0,0.0,0.0,0.0,0.0,0.0,0.0,0.0,0.0,0.0,0.0,0.0,0.0,0.0,0.0,0,-107875648.0,69,0.0,138,0.0,2.012,ERR,ERR,ERR,ERR,ERR,ERR,ERR,ERR,ERR,ERR,ERR,ERR,ERR,ERR,ERR,ERR,ERR,ERR,ERR,ERR,ERR,ERR,ERR,ERR,ERR,ERR,ERR,ERR,ERR,ERR,ERR,ERR,ERR,ERR,ERR,ERR,ERR,ERR,ERR,ERR,ERR,ERR,ERR,ERR,ERR,ERR,ERR,ERR,ERR,ERR,ERR,ERR,ERR,ERR,ERR,ERR,ERR,ERR,ERR,ERR,ERR,ERR,ERR,ERR,ERR,ERR,ERR,60.0,60.0,35,0.0,0.0,0.0,0.0,0.0,0.0,0.0,0.0,0.0,0.0,0.0,0.0,0.0,0.0,0.0,0.0,65.2,0,113,54,37,65476,0,300,0,0,8,20529,65476,0,0,2621,60.0,0.0,0.0,0.0,0.0,0.0
2026-07-09T15:13:49,ERR,ERR,ERR,ERR,ERR,ERR,ERR,ERR,ERR,ERR,ERR,ERR,ERR,ERR,ERR,ERR,ERR,ERR,ERR,ERR,ERR,ERR,ERR,ERR,ERR,ERR,ERR,ERR,ERR,ERR,ERR,ERR,ERR,ERR,ERR,ERR,ERR,ERR,ERR,ERR,ERR,ERR,ERR,ERR,ERR,ERR,ERR,ERR,ERR,ERR,ERR,ERR,ERR,ERR,ERR,ERR,ERR,ERR,ERR,ERR,ERR,ERR,ERR,ERR,ERR,ERR,ERR,ERR,ERR,ERR,ERR,ERR,ERR,ERR,ERR,ERR,ERR,ERR,ERR,ERR,ERR,ERR,ERR,ERR,ERR,ERR,ERR,ERR,ERR,ERR,ERR,ERR,ERR,ERR,ERR,ERR,ERR,ERR,ERR,ERR,ERR,ERR,ERR,ERR,ERR,ERR,ERR,ERR,ERR,ERR,ERR,ERR,ERR,ERR,ERR,ERR,ERR,ERR,ERR,ERR,ERR,ERR,ERR,ERR,ERR,0.0,-0.0,0.0,0.0,-1.311088678266714e+33,-2.2803517410522944e+30,3.815662174210696e+22,0.0,0,0,4,17419,7116,0.0,100,0.0,0.0,0.0,0.0,0.0,0,0,0,0,0.0,0,0,0,0,0,0,0,0,0,0,0,0,0,0,0,0,0,0,0,0,0,0,0,0,0,0,0,0,0,0,0,0,0,31,40,40,71,65476,0,300,0,0,8,21553,0.0,-107605600.0,0.0,0.0,0.0,0.0,0.0,0.0,0.0,0.0,0.0,0.0,0.0,0.0,0.0,0.0,0.0,0.0,0.0,0.0,0.0,0.0,0.0,2.004,0.0,0.0,0.0,0.0,0.0,0.0,4892.0,0.0,6915.0,0.0,-107616024.0,2.004,2.004,0.0,0.0,0.0,0.0,69,-3.222004611918175e+26,-0.0,0.0,0.0,0.0,0.0,0.0,0.0,0.0,0,0,0,0.0,0.0,0.0,0.0,0.0,0.0,0.0,0.0,0.0,0.0,0.0,0.0,0.0,0.0,0.0,0.0,0,-107875648.0,69,0.0,138,0.0,2.012,ERR,ERR,ERR,ERR,ERR,ERR,ERR,ERR,ERR,ERR,ERR,ERR,ERR,ERR,ERR,ERR,ERR,ERR,ERR,ERR,ERR,ERR,ERR,ERR,ERR,ERR,ERR,ERR,ERR,ERR,ERR,ERR,ERR,ERR,ERR,ERR,ERR,ERR,ERR,ERR,ERR,ERR,ERR,ERR,ERR,ERR,ERR,ERR,ERR,ERR,ERR,ERR,ERR,ERR,ERR,ERR,ERR,ERR,ERR,ERR,ERR,ERR,ERR,ERR,ERR,ERR,ERR,60.0,60.0,35,0.0,0.0,0.0,0.0,0.0,0.0,0.0,0.0,0.0,0.0,0.0,0.0,0.0,0.0,0.0,0.0,65.2,0,113,54,37,65476,0,300,0,0,8,20529,65476,0,0,2621,60.0,0.0,0.0,0.0,0.0,0.0
2026-07-09T15:13:50,ERR,ERR,ERR,ERR,ERR,ERR,ERR,ERR,ERR,ERR,ERR,ERR,ERR,ERR,ERR,ERR,ERR,ERR,ERR,ERR,ERR,ERR,ERR,ERR,ERR,ERR,ERR,ERR,ERR,ERR,ERR,ERR,ERR,ERR,ERR,ERR,ERR,ERR,ERR,ERR,ERR,ERR,ERR,ERR,ERR,ERR,ERR,ERR,ERR,ERR,ERR,ERR,ERR,ERR,ERR,ERR,ERR,ERR,ERR,ERR,ERR,ERR,ERR,ERR,ERR,ERR,ERR,ERR,ERR,ERR,ERR,ERR,ERR,ERR,ERR,ERR,ERR,ERR,ERR,ERR,ERR,ERR,ERR,ERR,ERR,ERR,ERR,ERR,ERR,ERR,ERR,ERR,ERR,ERR,ERR,ERR,ERR,ERR,ERR,ERR,ERR,ERR,ERR,ERR,ERR,ERR,ERR,ERR,ERR,ERR,ERR,ERR,ERR,ERR,ERR,ERR,ERR,ERR,ERR,ERR,ERR,ERR,ERR,ERR,ERR,0.0,-0.0,0.0,0.0,-1.311088678266714e+33,-2.2803517410522944e+30,3.815662174210696e+22,0.0,0,0,4,17419,7116,0.0,100,0.0,0.0,0.0,0.0,0.0,0,0,0,0,0.0,0,0,0,0,0,0,0,0,0,0,0,0,0,0,0,0,0,0,0,0,0,0,0,0,0,0,0,0,0,0,0,0,0,31,40,40,71,65476,0,300,0,0,8,21553,0.0,-107605600.0,0.0,0.0,0.0,0.0,0.0,0.0,0.0,0.0,0.0,0.0,0.0,0.0,0.0,0.0,0.0,0.0,0.0,0.0,0.0,0.0,0.0,2.004,0.0,0.0,0.0,0.0,0.0,0.0,4892.0,0.0,6915.0,0.0,-107616024.0,2.004,2.004,0.0,0.0,0.0,0.0,69,-3.222004611918175e+26,-0.0,0.0,0.0,0.0,0.0,0.0,0.0,0.0,0,0,0,0.0,0.0,0.0,0.0,0.0,0.0,0.0,0.0,0.0,0.0,0.0,0.0,0.0,0.0,0.0,0.0,0,-107875648.0,69,0.0,138,0.0,2.012,ERR,ERR,ERR,ERR,ERR,ERR,ERR,ERR,ERR,ERR,ERR,ERR,ERR,ERR,ERR,ERR,ERR,ERR,ERR,ERR,ERR,ERR,ERR,ERR,ERR,ERR,ERR,ERR,ERR,ERR,ERR,ERR,ERR,ERR,ERR,ERR,ERR,ERR,ERR,ERR,ERR,ERR,ERR,ERR,ERR,ERR,ERR,ERR,ERR,ERR,ERR,ERR,ERR,ERR,ERR,ERR,ERR,ERR,ERR,ERR,ERR,ERR,ERR,ERR,ERR,ERR,ERR,60.0,60.0,35,0.0,0.0,0.0,0.0,0.0,0.0,0.0,0.0,0.0,0.0,0.0,0.0,0.0,0.0,0.0,0.0,65.6,0,112,54,37,65476,0,300,0,0,8,20529,65476,0,0,2621,60.0,0.0,0.0,0.0,0.0,0.0
2026-07-09T15:13:51,ERR,ERR,ERR,ERR,ERR,ERR,ERR,ERR,ERR,ERR,ERR,ERR,ERR,ERR,ERR,ERR,ERR,ERR,ERR,ERR,ERR,ERR,ERR,ERR,ERR,ERR,ERR,ERR,ERR,ERR,ERR,ERR,ERR,ERR,ERR,ERR,ERR,ERR,ERR,ERR,ERR,ERR,ERR,ERR,ERR,ERR,ERR,ERR,ERR,ERR,ERR,ERR,ERR,ERR,ERR,ERR,ERR,ERR,ERR,ERR,ERR,ERR,ERR,ERR,ERR,ERR,ERR,ERR,ERR,ERR,ERR,ERR,ERR,ERR,ERR,ERR,ERR,ERR,ERR,ERR,ERR,ERR,ERR,ERR,ERR,ERR,ERR,ERR,ERR,ERR,ERR,ERR,ERR,ERR,ERR,ERR,ERR,ERR,ERR,ERR,ERR,ERR,ERR,ERR,ERR,ERR,ERR,ERR,ERR,ERR,ERR,ERR,ERR,ERR,ERR,ERR,ERR,ERR,ERR,ERR,ERR,ERR,ERR,ERR,ERR,0.0,-0.0,0.0,0.0,-1.311088678266714e+33,-2.2803517410522944e+30,3.815662174210696e+22,0.0,0,0,4,17419,7116,0.0,100,0.0,0.0,0.0,0.0,0.0,0,0,0,0,0.0,0,0,0,0,0,0,0,0,0,0,0,0,0,0,0,0,0,0,0,0,0,0,0,0,0,0,0,0,0,0,0,0,0,31,40,40,71,65476,0,300,0,0,8,21553,0.0,-107605600.0,0.0,0.0,0.0,0.0,0.0,0.0,0.0,0.0,0.0,0.0,0.0,0.0,0.0,0.0,0.0,0.0,0.0,0.0,0.0,0.0,0.0,2.004,0.0,0.0,0.0,0.0,0.0,0.0,4892.0,0.0,6915.0,0.0,-107616024.0,2.004,2.004,0.0,0.0,0.0,0.0,69,-3.222004611918175e+26,-0.0,0.0,0.0,0.0,0.0,0.0,0.0,0.0,0,0,0,0.0,0.0,0.0,0.0,0.0,0.0,0.0,0.0,0.0,0.0,0.0,0.0,0.0,0.0,0.0,0.0,0,-107875648.0,69,0.0,138,0.0,2.012,ERR,ERR,ERR,ERR,ERR,ERR,ERR,ERR,ERR,ERR,ERR,ERR,ERR,ERR,ERR,ERR,ERR,ERR,ERR,ERR,ERR,ERR,ERR,ERR,ERR,ERR,ERR,ERR,ERR,ERR,ERR,ERR,ERR,ERR,ERR,ERR,ERR,ERR,ERR,ERR,ERR,ERR,ERR,ERR,ERR,ERR,ERR,ERR,ERR,ERR,ERR,ERR,ERR,ERR,ERR,ERR,ERR,ERR,ERR,ERR,ERR,ERR,ERR,ERR,ERR,ERR,ERR,60.0,60.0,35,0.0,0.0,0.0,0.0,0.0,0.0,0.0,0.0,0.0,0.0,0.0,0.0,0.0,0.0,0.0,0.0,65.6,0,112,54,37,65476,0,300,0,0,8,20529,65476,0,0,2621,60.0,0.0,0.0,0.0,0.0,0.0
2026-07-09T15:13:52,ERR,ERR,ERR,ERR,ERR,ERR,ERR,ERR,ERR,ERR,ERR,ERR,ERR,ERR,ERR,ERR,ERR,ERR,ERR,ERR,ERR,ERR,ERR,ERR,ERR,ERR,ERR,ERR,ERR,ERR,ERR,ERR,ERR,ERR,ERR,ERR,ERR,ERR,ERR,ERR,ERR,ERR,ERR,ERR,ERR,ERR,ERR,ERR,ERR,ERR,ERR,ERR,ERR,ERR,ERR,ERR,ERR,ERR,ERR,ERR,ERR,ERR,ERR,ERR,ERR,ERR,ERR,ERR,ERR,ERR,ERR,ERR,ERR,ERR,ERR,ERR,ERR,ERR,ERR,ERR,ERR,ERR,ERR,ERR,ERR,ERR,ERR,ERR,ERR,ERR,ERR,ERR,ERR,ERR,ERR,ERR,ERR,ERR,ERR,ERR,ERR,ERR,ERR,ERR,ERR,ERR,ERR,ERR,ERR,ERR,ERR,ERR,ERR,ERR,ERR,ERR,ERR,ERR,ERR,ERR,ERR,ERR,ERR,ERR,ERR,0.0,-0.0,0.0,0.0,-1.311088678266714e+33,-2.2803517410522944e+30,3.815662174210696e+22,0.0,0,0,4,17419,7116,0.0,100,0.0,0.0,0.0,0.0,0.0,0,0,0,0,0.0,0,0,0,0,0,0,0,0,0,0,0,0,0,0,0,0,0,0,0,0,0,0,0,0,0,0,0,0,0,0,0,0,0,31,40,40,71,65476,0,300,0,0,8,21553,0.0,-107605600.0,0.0,0.0,0.0,0.0,0.0,0.0,0.0,0.0,0.0,0.0,0.0,0.0,0.0,0.0,0.0,0.0,0.0,0.0,0.0,0.0,0.0,2.004,0.0,0.0,0.0,0.0,0.0,0.0,4892.0,0.0,6915.0,0.0,-107616024.0,2.004,2.004,0.0,0.0,0.0,0.0,69,-3.222004611918175e+26,-0.0,0.0,0.0,0.0,0.0,0.0,0.0,0.0,0,0,0,0.0,0.0,0.0,0.0,0.0,0.0,0.0,0.0,0.0,0.0,0.0,0.0,0.0,0.0,0.0,0.0,0,-107875648.0,69,0.0,138,0.0,2.012,ERR,ERR,ERR,ERR,ERR,ERR,ERR,ERR,ERR,ERR,ERR,ERR,ERR,ERR,ERR,ERR,ERR,ERR,ERR,ERR,ERR,ERR,ERR,ERR,ERR,ERR,ERR,ERR,ERR,ERR,ERR,ERR,ERR,ERR,ERR,ERR,ERR,ERR,ERR,ERR,ERR,ERR,ERR,ERR,ERR,ERR,ERR,ERR,ERR,ERR,ERR,ERR,ERR,ERR,ERR,ERR,ERR,ERR,ERR,ERR,ERR,ERR,ERR,ERR,ERR,ERR,ERR,60.0,60.0,35,0.0,0.0,0.0,0.0,0.0,0.0,0.0,0.0,0.0,0.0,0.0,0.0,0.0,0.0,0.0,0.0,65.2,0,112,54,37,65476,0,300,0,0,8,20529,65476,0,0,2621,60.0,0.0,0.0,0.0,0.0,0.0
2026-07-09T15:13:53,ERR,ERR,ERR,ERR,ERR,ERR,ERR,ERR,ERR,ERR,ERR,ERR,ERR,ERR,ERR,ERR,ERR,ERR,ERR,ERR,ERR,ERR,ERR,ERR,ERR,ERR,ERR,ERR,ERR,ERR,ERR,ERR,ERR,ERR,ERR,ERR,ERR,ERR,ERR,ERR,ERR,ERR,ERR,ERR,ERR,ERR,ERR,ERR,ERR,ERR,ERR,ERR,ERR,ERR,ERR,ERR,ERR,ERR,ERR,ERR,ERR,ERR,ERR,ERR,ERR,ERR,ERR,ERR,ERR,ERR,ERR,ERR,ERR,ERR,ERR,ERR,ERR,ERR,ERR,ERR,ERR,ERR,ERR,ERR,ERR,ERR,ERR,ERR,ERR,ERR,ERR,ERR,ERR,ERR,ERR,ERR,ERR,ERR,ERR,ERR,ERR,ERR,ERR,ERR,ERR,ERR,ERR,ERR,ERR,ERR,ERR,ERR,ERR,ERR,ERR,ERR,ERR,ERR,ERR,ERR,ERR,ERR,ERR,ERR,ERR,0.0,0.0,0.0,0.0,-1538.267,-7927458816.0,367164.75,-0.0,0,0,4,17421,7116,0.0,100,0.0,0.0,0.0,0.0,0.0,0,0,0,0,0.0,0,0,0,0,0,0,0,0,0,0,0,0,0,0,0,0,0,0,0,0,0,0,0,0,0,0,0,0,0,0,0,0,0,31,40,40,71,65476,0,300,0,0,8,21553,0.0,-107605600.0,0.0,0.0,0.0,0.0,0.0,0.0,0.0,0.0,0.0,0.0,0.0,0.0,0.0,0.0,0.0,0.0,0.0,0.0,0.0,0.0,0.0,-2.004,0.0,0.0,0.0,0.0,0.0,0.0,4845.0,-1.0406647618869524e+34,6943.0,0.0,2.7184455132508097e+23,2.004,2.004,0.0,0.0,0.0,0.0,69,126840578048.0,-0.0,0.0,0.0,0.0,0.0,0.0,0.0,0.0,0,0,0,0.0,0.0,0.0,0.0,0.0,0.0,0.0,0.0,0.0,0.0,0.0,0.0,0.0,0.0,0.0,0.0,0,-107875648.0,69,0.0,138,0.0,2.012,ERR,ERR,ERR,ERR,ERR,ERR,ERR,ERR,ERR,ERR,ERR,ERR,ERR,ERR,ERR,ERR,ERR,ERR,ERR,ERR,ERR,ERR,ERR,ERR,ERR,ERR,ERR,ERR,ERR,ERR,ERR,ERR,ERR,ERR,ERR,ERR,ERR,ERR,ERR,ERR,ERR,ERR,ERR,ERR,ERR,ERR,ERR,ERR,ERR,ERR,ERR,ERR,ERR,ERR,ERR,ERR,ERR,ERR,ERR,ERR,ERR,ERR,ERR,ERR,ERR,ERR,ERR,60.0,60.0,35,0.0,0.0,0.0,0.0,0.0,0.0,0.0,0.0,0.0,0.0,0.0,0.0,0.0,0.0,0.0,0.0,65.6,0,112,54,37,65476,0,300,0,0,8,20529,65476,0,0,2621,60.0,0.0,0.0,0.0,0.0,0.0
2026-07-09T15:13:54,ERR,ERR,ERR,ERR,ERR,ERR,ERR,ERR,ERR,ERR,ERR,ERR,ERR,ERR,ERR,ERR,ERR,ERR,ERR,ERR,ERR,ERR,ERR,ERR,ERR,ERR,ERR,ERR,ERR,ERR,ERR,ERR,ERR,ERR,ERR,ERR,ERR,ERR,ERR,ERR,ERR,ERR,ERR,ERR,ERR,ERR,ERR,ERR,ERR,ERR,ERR,ERR,ERR,ERR,ERR,ERR,ERR,ERR,ERR,ERR,ERR,ERR,ERR,ERR,ERR,ERR,ERR,ERR,ERR,ERR,ERR,ERR,ERR,ERR,ERR,ERR,ERR,ERR,ERR,ERR,ERR,ERR,ERR,ERR,ERR,ERR,ERR,ERR,ERR,ERR,ERR,ERR,ERR,ERR,ERR,ERR,ERR,ERR,ERR,ERR,ERR,ERR,ERR,ERR,ERR,ERR,ERR,ERR,ERR,ERR,ERR,ERR,ERR,ERR,ERR,ERR,ERR,ERR,ERR,ERR,ERR,ERR,ERR,ERR,ERR,0.0,0.0,0.0,0.0,-1538.267,-7927458816.0,367164.75,-0.0,0,0,4,17421,7116,0.0,100,0.0,0.0,0.0,0.0,0.0,0,0,0,0,0.0,0,0,0,0,0,0,0,0,0,0,0,0,0,0,0,0,0,0,0,0,0,0,0,0,0,0,0,0,0,0,0,0,0,31,40,40,71,65476,0,300,0,0,8,21553,0.0,-107605600.0,0.0,0.0,0.0,0.0,0.0,0.0,0.0,0.0,0.0,0.0,0.0,0.0,0.0,0.0,0.0,0.0,0.0,0.0,0.0,0.0,0.0,-2.004,0.0,0.0,0.0,0.0,0.0,0.0,4845.0,-1.0406647618869524e+34,6943.0,0.0,2.7184455132508097e+23,2.004,2.004,0.0,0.0,0.0,0.0,69,126840578048.0,-0.0,0.0,0.0,0.0,0.0,0.0,0.0,0.0,0,0,0,0.0,0.0,0.0,0.0,0.0,0.0,0.0,0.0,0.0,0.0,0.0,0.0,0.0,0.0,0.0,0.0,0,-107875648.0,69,0.0,138,0.0,2.012,ERR,ERR,ERR,ERR,ERR,ERR,ERR,ERR,ERR,ERR,ERR,ERR,ERR,ERR,ERR,ERR,ERR,ERR,ERR,ERR,ERR,ERR,ERR,ERR,ERR,ERR,ERR,ERR,ERR,ERR,ERR,ERR,ERR,ERR,ERR,ERR,ERR,ERR,ERR,ERR,ERR,ERR,ERR,ERR,ERR,ERR,ERR,ERR,ERR,ERR,ERR,ERR,ERR,ERR,ERR,ERR,ERR,ERR,ERR,ERR,ERR,ERR,ERR,ERR,ERR,ERR,ERR,60.0,60.0,35,0.0,0.0,0.0,0.0,0.0,0.0,0.0,0.0,0.0,0.0,0.0,0.0,0.0,0.0,0.0,0.0,65.6,0,112,54,37,65476,0,300,0,0,8,20529,65476,0,0,2621,60.0,0.0,0.0,0.0,0.0,0.0
2026-07-09T15:13:55,ERR,ERR,ERR,ERR,ERR,ERR,ERR,ERR,ERR,ERR,ERR,ERR,ERR,ERR,ERR,ERR,ERR,ERR,ERR,ERR,ERR,ERR,ERR,ERR,ERR,ERR,ERR,ERR,ERR,ERR,ERR,ERR,ERR,ERR,ERR,ERR,ERR,ERR,ERR,ERR,ERR,ERR,ERR,ERR,ERR,ERR,ERR,ERR,ERR,ERR,ERR,ERR,ERR,ERR,ERR,ERR,ERR,ERR,ERR,ERR,ERR,ERR,ERR,ERR,ERR,ERR,ERR,ERR,ERR,ERR,ERR,ERR,ERR,ERR,ERR,ERR,ERR,ERR,ERR,ERR,ERR,ERR,ERR,ERR,ERR,ERR,ERR,ERR,ERR,ERR,ERR,ERR,ERR,ERR,ERR,ERR,ERR,ERR,ERR,ERR,ERR,ERR,ERR,ERR,ERR,ERR,ERR,ERR,ERR,ERR,ERR,ERR,ERR,ERR,ERR,ERR,ERR,ERR,ERR,ERR,ERR,ERR,ERR,ERR,ERR,0.0,0.0,0.0,0.0,-1538.267,-7927458816.0,367164.75,-0.0,0,0,4,17421,7116,0.0,100,0.0,0.0,0.0,0.0,0.0,0,0,0,0,0.0,0,0,0,0,0,0,0,0,0,0,0,0,0,0,0,0,0,0,0,0,0,0,0,0,0,0,0,0,0,0,0,0,0,31,40,40,71,65476,0,300,0,0,8,21553,0.0,-107605600.0,0.0,0.0,0.0,0.0,0.0,0.0,0.0,0.0,0.0,0.0,0.0,0.0,0.0,0.0,0.0,0.0,0.0,0.0,0.0,0.0,0.0,-2.004,0.0,0.0,0.0,0.0,0.0,0.0,4845.0,-1.0406647618869524e+34,6943.0,0.0,2.7184455132508097e+23,2.004,2.004,0.0,0.0,0.0,0.0,69,126840578048.0,-0.0,0.0,0.0,0.0,0.0,0.0,0.0,0.0,0,0,0,0.0,0.0,0.0,0.0,0.0,0.0,0.0,0.0,0.0,0.0,0.0,0.0,0.0,0.0,0.0,0.0,0,-107875648.0,69,0.0,138,0.0,2.012,ERR,ERR,ERR,ERR,ERR,ERR,ERR,ERR,ERR,ERR,ERR,ERR,ERR,ERR,ERR,ERR,ERR,ERR,ERR,ERR,ERR,ERR,ERR,ERR,ERR,ERR,ERR,ERR,ERR,ERR,ERR,ERR,ERR,ERR,ERR,ERR,ERR,ERR,ERR,ERR,ERR,ERR,ERR,ERR,ERR,ERR,ERR,ERR,ERR,ERR,ERR,ERR,ERR,ERR,ERR,ERR,ERR,ERR,ERR,ERR,ERR,ERR,ERR,ERR,ERR,ERR,ERR,60.0,60.0,35,0.0,0.0,0.0,0.0,0.0,0.0,0.0,0.0,0.0,0.0,0.0,0.0,0.0,0.0,0.0,0.0,65.2,0,112,54,37,65476,0,300,0,0,8,20529,65476,0,0,2621,60.0,0.0,0.0,0.0,0.0,0.0
2026-07-09T15:13:56,ERR,ERR,ERR,ERR,ERR,ERR,ERR,ERR,ERR,ERR,ERR,ERR,ERR,ERR,ERR,ERR,ERR,ERR,ERR,ERR,ERR,ERR,ERR,ERR,ERR,ERR,ERR,ERR,ERR,ERR,ERR,ERR,ERR,ERR,ERR,ERR,ERR,ERR,ERR,ERR,ERR,ERR,ERR,ERR,ERR,ERR,ERR,ERR,ERR,ERR,ERR,ERR,ERR,ERR,ERR,ERR,ERR,ERR,ERR,ERR,ERR,ERR,ERR,ERR,ERR,ERR,ERR,ERR,ERR,ERR,ERR,ERR,ERR,ERR,ERR,ERR,ERR,ERR,ERR,ERR,ERR,ERR,ERR,ERR,ERR,ERR,ERR,ERR,ERR,ERR,ERR,ERR,ERR,ERR,ERR,ERR,ERR,ERR,ERR,ERR,ERR,ERR,ERR,ERR,ERR,ERR,ERR,ERR,ERR,ERR,ERR,ERR,ERR,ERR,ERR,ERR,ERR,ERR,ERR,ERR,ERR,ERR,ERR,ERR,ERR,0.0,0.0,0.0,0.0,-1538.267,-7927458816.0,367164.75,-0.0,0,0,4,17421,7116,0.0,100,0.0,0.0,0.0,0.0,0.0,0,0,0,0,0.0,0,0,0,0,0,0,0,0,0,0,0,0,0,0,0,0,0,0,0,0,0,0,0,0,0,0,0,0,0,0,0,0,0,31,40,40,71,65476,0,300,0,0,8,21553,0.0,-107605600.0,0.0,0.0,0.0,0.0,0.0,0.0,0.0,0.0,0.0,0.0,0.0,0.0,0.0,0.0,0.0,0.0,0.0,0.0,0.0,0.0,0.0,-2.004,0.0,0.0,0.0,0.0,0.0,0.0,4845.0,-1.0406647618869524e+34,6943.0,0.0,2.7184455132508097e+23,2.004,2.004,0.0,0.0,0.0,0.0,69,126840578048.0,-0.0,0.0,0.0,0.0,0.0,0.0,0.0,0.0,0,0,0,0.0,0.0,0.0,0.0,0.0,0.0,0.0,0.0,0.0,0.0,0.0,0.0,0.0,0.0,0.0,0.0,0,-107875648.0,69,0.0,138,0.0,2.012,ERR,ERR,ERR,ERR,ERR,ERR,ERR,ERR,ERR,ERR,ERR,ERR,ERR,ERR,ERR,ERR,ERR,ERR,ERR,ERR,ERR,ERR,ERR,ERR,ERR,ERR,ERR,ERR,ERR,ERR,ERR,ERR,ERR,ERR,ERR,ERR,ERR,ERR,ERR,ERR,ERR,ERR,ERR,ERR,ERR,ERR,ERR,ERR,ERR,ERR,ERR,ERR,ERR,ERR,ERR,ERR,ERR,ERR,ERR,ERR,ERR,ERR,ERR,ERR,ERR,ERR,ERR,60.0,60.0,35,0.0,0.0,0.0,0.0,0.0,0.0,0.0,0.0,0.0,0.0,0.0,0.0,0.0,0.0,0.0,0.0,65.2,0,112,54,37,65476,0,300,0,0,8,20529,65476,0,0,2621,60.0,0.0,0.0,0.0,0.0,0.0
2026-07-09T15:13:57,ERR,ERR,ERR,ERR,ERR,ERR,ERR,ERR,ERR,ERR,ERR,ERR,ERR,ERR,ERR,ERR,ERR,ERR,ERR,ERR,ERR,ERR,ERR,ERR,ERR,ERR,ERR,ERR,ERR,ERR,ERR,ERR,ERR,ERR,ERR,ERR,ERR,ERR,ERR,ERR,ERR,ERR,ERR,ERR,ERR,ERR,ERR,ERR,ERR,ERR,ERR,ERR,ERR,ERR,ERR,ERR,ERR,ERR,ERR,ERR,ERR,ERR,ERR,ERR,ERR,ERR,ERR,ERR,ERR,ERR,ERR,ERR,ERR,ERR,ERR,ERR,ERR,ERR,ERR,ERR,ERR,ERR,ERR,ERR,ERR,ERR,ERR,ERR,ERR,ERR,ERR,ERR,ERR,ERR,ERR,ERR,ERR,ERR,ERR,ERR,ERR,ERR,ERR,ERR,ERR,ERR,ERR,ERR,ERR,ERR,ERR,ERR,ERR,ERR,ERR,ERR,ERR,ERR,ERR,ERR,ERR,ERR,ERR,ERR,ERR,0.0,0.0,0.0,0.0,-1538.267,-7927458816.0,367164.75,-0.0,0,0,4,17421,7116,0.0,100,0.0,0.0,0.0,0.0,0.0,0,0,0,0,0.0,0,0,0,0,0,0,0,0,0,0,0,0,0,0,0,0,0,0,0,0,0,0,0,0,0,0,0,0,0,0,0,0,0,31,40,40,71,65476,0,300,0,0,8,21553,0.0,-107605600.0,0.0,0.0,0.0,0.0,0.0,0.0,0.0,0.0,0.0,0.0,0.0,0.0,0.0,0.0,0.0,0.0,0.0,0.0,0.0,0.0,0.0,-2.004,0.0,0.0,0.0,0.0,0.0,0.0,4845.0,-1.0406647618869524e+34,6943.0,0.0,2.7184455132508097e+23,2.004,2.004,0.0,0.0,0.0,0.0,69,126840578048.0,-0.0,0.0,0.0,0.0,0.0,0.0,0.0,0.0,0,0,0,0.0,0.0,0.0,0.0,0.0,0.0,0.0,0.0,0.0,0.0,0.0,0.0,0.0,0.0,0.0,0.0,0,-107875648.0,69,0.0,138,0.0,2.012,ERR,ERR,ERR,ERR,ERR,ERR,ERR,ERR,ERR,ERR,ERR,ERR,ERR,ERR,ERR,ERR,ERR,ERR,ERR,ERR,ERR,ERR,ERR,ERR,ERR,ERR,ERR,ERR,ERR,ERR,ERR,ERR,ERR,ERR,ERR,ERR,ERR,ERR,ERR,ERR,ERR,ERR,ERR,ERR,ERR,ERR,ERR,ERR,ERR,ERR,ERR,ERR,ERR,ERR,ERR,ERR,ERR,ERR,ERR,ERR,ERR,ERR,ERR,ERR,ERR,ERR,ERR,60.0,60.0,35,0.0,0.0,0.0,0.0,0.0,0.0,0.0,0.0,0.0,0.0,0.0,0.0,0.0,0.0,0.0,0.0,65.2,0,112,54,37,65476,0,300,0,0,8,20529,65476,0,0,2621,60.0,0.0,0.0,0.0,0.0,0.0
2026-07-09T15:13:58,ERR,ERR,ERR,ERR,ERR,ERR,ERR,ERR,ERR,ERR,ERR,ERR,ERR,ERR,ERR,ERR,ERR,ERR,ERR,ERR,ERR,ERR,ERR,ERR,ERR,ERR,ERR,ERR,ERR,ERR,ERR,ERR,ERR,ERR,ERR,ERR,ERR,ERR,ERR,ERR,ERR,ERR,ERR,ERR,ERR,ERR,ERR,ERR,ERR,ERR,ERR,ERR,ERR,ERR,ERR,ERR,ERR,ERR,ERR,ERR,ERR,ERR,ERR,ERR,ERR,ERR,ERR,ERR,ERR,ERR,ERR,ERR,ERR,ERR,ERR,ERR,ERR,ERR,ERR,ERR,ERR,ERR,ERR,ERR,ERR,ERR,ERR,ERR,ERR,ERR,ERR,ERR,ERR,ERR,ERR,ERR,ERR,ERR,ERR,ERR,ERR,ERR,ERR,ERR,ERR,ERR,ERR,ERR,ERR,ERR,ERR,ERR,ERR,ERR,ERR,ERR,ERR,ERR,ERR,ERR,ERR,ERR,ERR,ERR,ERR,0.0,-107616032.0,2.7302244078602196e+23,0.0,-0.0,7.4665327015918995e+28,-1.7303300709411206e+34,5.176186374110066e+28,0,0,4,17419,7116,0.0,100,0.0,0.0,0.0,0.0,0.0,0,0,0,0,0.0,0,0,0,0,0,0,0,0,0,0,0,0,0,0,0,0,0,0,0,0,0,0,0,0,0,0,0,0,0,0,0,0,0,31,40,40,71,65476,0,300,0,0,8,21553,0.0,-107605600.0,0.0,0.0,0.0,0.0,0.0,0.0,0.0,0.0,0.0,0.0,0.0,0.0,0.0,0.0,0.0,0.0,0.0,0.0,0.0,0.0,0.0,0.0,0.0,0.0,0.0,0.0,0.0,0.0,4841.0,-564145497833472.0,6939.0,0.0,-107616032.0,2.004,2.004,0.0,0.0,0.0,0.0,69,0.0,1.9056848919750246e+17,0.0,0.0,0.0,0.0,0.0,0.0,0.0,0,0,0,0.0,0.0,0.0,0.0,0.0,0.0,0.0,0.0,0.0,0.0,0.0,0.0,0.0,0.0,0.0,0.0,0,-107875648.0,69,0.0,138,0.0,2.012,ERR,ERR,ERR,ERR,ERR,ERR,ERR,ERR,ERR,ERR,ERR,ERR,ERR,ERR,ERR,ERR,ERR,ERR,ERR,ERR,ERR,ERR,ERR,ERR,ERR,ERR,ERR,ERR,ERR,ERR,ERR,ERR,ERR,ERR,ERR,ERR,ERR,ERR,ERR,ERR,ERR,ERR,ERR,ERR,ERR,ERR,ERR,ERR,ERR,ERR,ERR,ERR,ERR,ERR,ERR,ERR,ERR,ERR,ERR,ERR,ERR,ERR,ERR,ERR,ERR,ERR,ERR,60.0,60.0,35,0.0,0.0,0.0,0.0,0.0,0.0,0.0,0.0,0.0,0.0,0.0,0.0,0.0,0.0,0.0,0.0,65.2,0,112,54,37,65476,0,300,0,0,8,20529,65476,0,0,2621,60.0,0.0,0.0,0.0,0.0,0.0
2026-07-09T15:13:59,ERR,ERR,ERR,ERR,ERR,ERR,ERR,ERR,ERR,ERR,ERR,ERR,ERR,ERR,ERR,ERR,ERR,ERR,ERR,ERR,ERR,ERR,ERR,ERR,ERR,ERR,ERR,ERR,ERR,ERR,ERR,ERR,ERR,ERR,ERR,ERR,ERR,ERR,ERR,ERR,ERR,ERR,ERR,ERR,ERR,ERR,ERR,ERR,ERR,ERR,ERR,ERR,ERR,ERR,ERR,ERR,ERR,ERR,ERR,ERR,ERR,ERR,ERR,ERR,ERR,ERR,ERR,ERR,ERR,ERR,ERR,ERR,ERR,ERR,ERR,ERR,ERR,ERR,ERR,ERR,ERR,ERR,ERR,ERR,ERR,ERR,ERR,ERR,ERR,ERR,ERR,ERR,ERR,ERR,ERR,ERR,ERR,ERR,ERR,ERR,ERR,ERR,ERR,ERR,ERR,ERR,ERR,ERR,ERR,ERR,ERR,ERR,ERR,ERR,ERR,ERR,ERR,ERR,ERR,ERR,ERR,ERR,ERR,ERR,ERR,0.0,-107616032.0,2.7302244078602196e+23,0.0,-0.0,7.4665327015918995e+28,-1.7303300709411206e+34,5.176186374110066e+28,0,0,4,17419,7116,0.0,100,0.0,0.0,0.0,0.0,0.0,0,0,0,0,0.0,0,0,0,0,0,0,0,0,0,0,0,0,0,0,0,0,0,0,0,0,0,0,0,0,0,0,0,0,0,0,0,0,0,31,40,40,71,65476,0,300,0,0,8,21553,0.0,-107605600.0,0.0,0.0,0.0,0.0,0.0,0.0,0.0,0.0,0.0,0.0,0.0,0.0,0.0,0.0,0.0,0.0,0.0,0.0,0.0,0.0,0.0,0.0,0.0,0.0,0.0,0.0,0.0,0.0,4841.0,-564145497833472.0,6939.0,0.0,-107616032.0,2.004,2.004,0.0,0.0,0.0,0.0,69,0.0,1.9056848919750246e+17,0.0,0.0,0.0,0.0,0.0,0.0,0.0,0,0,0,0.0,0.0,0.0,0.0,0.0,0.0,0.0,0.0,0.0,0.0,0.0,0.0,0.0,0.0,0.0,0.0,0,-107875648.0,69,0.0,138,0.0,2.012,ERR,ERR,ERR,ERR,ERR,ERR,ERR,ERR,ERR,ERR,ERR,ERR,ERR,ERR,ERR,ERR,ERR,ERR,ERR,ERR,ERR,ERR,ERR,ERR,ERR,ERR,ERR,ERR,ERR,ERR,ERR,ERR,ERR,ERR,ERR,ERR,ERR,ERR,ERR,ERR,ERR,ERR,ERR,ERR,ERR,ERR,ERR,ERR,ERR,ERR,ERR,ERR,ERR,ERR,ERR,ERR,ERR,ERR,ERR,ERR,ERR,ERR,ERR,ERR,ERR,ERR,ERR,60.0,60.0,35,0.0,0.0,0.0,0.0,0.0,0.0,0.0,0.0,0.0,0.0,0.0,0.0,0.0,0.0,0.0,0.0,65.2,0,112,54,37,65476,0,300,0,0,8,20529,65476,0,0,2621,60.0,0.0,0.0,0.0,0.0,0.0
2026-07-09T15:14:00,ERR,ERR,ERR,ERR,ERR,ERR,ERR,ERR,ERR,ERR,ERR,ERR,ERR,ERR,ERR,ERR,ERR,ERR,ERR,ERR,ERR,ERR,ERR,ERR,ERR,ERR,ERR,ERR,ERR,ERR,ERR,ERR,ERR,ERR,ERR,ERR,ERR,ERR,ERR,ERR,ERR,ERR,ERR,ERR,ERR,ERR,ERR,ERR,ERR,ERR,ERR,ERR,ERR,ERR,ERR,ERR,ERR,ERR,ERR,ERR,ERR,ERR,ERR,ERR,ERR,ERR,ERR,ERR,ERR,ERR,ERR,ERR,ERR,ERR,ERR,ERR,ERR,ERR,ERR,ERR,ERR,ERR,ERR,ERR,ERR,ERR,ERR,ERR,ERR,ERR,ERR,ERR,ERR,ERR,ERR,ERR,ERR,ERR,ERR,ERR,ERR,ERR,ERR,ERR,ERR,ERR,ERR,ERR,ERR,ERR,ERR,ERR,ERR,ERR,ERR,ERR,ERR,ERR,ERR,ERR,ERR,ERR,ERR,ERR,ERR,0.0,-107616032.0,2.7302244078602196e+23,0.0,-0.0,7.4665327015918995e+28,-1.7303300709411206e+34,5.176186374110066e+28,0,0,4,17419,7116,0.0,100,0.0,0.0,0.0,0.0,0.0,0,0,0,0,0.0,0,0,0,0,0,0,0,0,0,0,0,0,0,0,0,0,0,0,0,0,0,0,0,0,0,0,0,0,0,0,0,0,0,31,40,40,71,65476,0,300,0,0,8,21553,0.0,-107605600.0,0.0,0.0,0.0,0.0,0.0,0.0,0.0,0.0,0.0,0.0,0.0,0.0,0.0,0.0,0.0,0.0,0.0,0.0,0.0,0.0,0.0,0.0,0.0,0.0,0.0,0.0,0.0,0.0,4841.0,-564145497833472.0,6939.0,0.0,-107616032.0,2.004,2.004,0.0,0.0,0.0,0.0,69,0.0,1.9056848919750246e+17,0.0,0.0,0.0,0.0,0.0,0.0,0.0,0,0,0,0.0,0.0,0.0,0.0,0.0,0.0,0.0,0.0,0.0,0.0,0.0,0.0,0.0,0.0,0.0,0.0,0,-107875648.0,69,0.0,138,0.0,2.012,ERR,ERR,ERR,ERR,ERR,ERR,ERR,ERR,ERR,ERR,ERR,ERR,ERR,ERR,ERR,ERR,ERR,ERR,ERR,ERR,ERR,ERR,ERR,ERR,ERR,ERR,ERR,ERR,ERR,ERR,ERR,ERR,ERR,ERR,ERR,ERR,ERR,ERR,ERR,ERR,ERR,ERR,ERR,ERR,ERR,ERR,ERR,ERR,ERR,ERR,ERR,ERR,ERR,ERR,ERR,ERR,ERR,ERR,ERR,ERR,ERR,ERR,ERR,ERR,ERR,ERR,ERR,60.0,60.0,35,0.0,0.0,0.0,0.0,0.0,0.0,0.0,0.0,0.0,0.0,0.0,0.0,0.0,0.0,0.0,0.0,65.2,0,112,54,37,65476,0,300,0,0,8,20529,65476,0,0,2621,60.0,0.0,0.0,0.0,0.0,0.0
2026-07-09T15:14:01,ERR,ERR,ERR,ERR,ERR,ERR,ERR,ERR,ERR,ERR,ERR,ERR,ERR,ERR,ERR,ERR,ERR,ERR,ERR,ERR,ERR,ERR,ERR,ERR,ERR,ERR,ERR,ERR,ERR,ERR,ERR,ERR,ERR,ERR,ERR,ERR,ERR,ERR,ERR,ERR,ERR,ERR,ERR,ERR,ERR,ERR,ERR,ERR,ERR,ERR,ERR,ERR,ERR,ERR,ERR,ERR,ERR,ERR,ERR,ERR,ERR,ERR,ERR,ERR,ERR,ERR,ERR,ERR,ERR,ERR,ERR,ERR,ERR,ERR,ERR,ERR,ERR,ERR,ERR,ERR,ERR,ERR,ERR,ERR,ERR,ERR,ERR,ERR,ERR,ERR,ERR,ERR,ERR,ERR,ERR,ERR,ERR,ERR,ERR,ERR,ERR,ERR,ERR,ERR,ERR,ERR,ERR,ERR,ERR,ERR,ERR,ERR,ERR,ERR,ERR,ERR,ERR,ERR,ERR,ERR,ERR,ERR,ERR,ERR,ERR,0.0,-107616032.0,2.7302244078602196e+23,0.0,-0.0,7.4665327015918995e+28,-1.7303300709411206e+34,5.176186374110066e+28,0,0,4,17419,7116,0.0,100,0.0,0.0,0.0,0.0,0.0,0,0,0,0,0.0,0,0,0,0,0,0,0,0,0,0,0,0,0,0,0,0,0,0,0,0,0,0,0,0,0,0,0,0,0,0,0,0,0,31,40,40,71,65476,0,300,0,0,8,21553,0.0,-107605600.0,0.0,0.0,0.0,0.0,0.0,0.0,0.0,0.0,0.0,0.0,0.0,0.0,0.0,0.0,0.0,0.0,0.0,0.0,0.0,0.0,0.0,0.0,0.0,0.0,0.0,0.0,0.0,0.0,4841.0,-564145497833472.0,6939.0,0.0,-107616032.0,2.004,2.004,0.0,0.0,0.0,0.0,69,0.0,1.9056848919750246e+17,0.0,0.0,0.0,0.0,0.0,0.0,0.0,0,0,0,0.0,0.0,0.0,0.0,0.0,0.0,0.0,0.0,0.0,0.0,0.0,0.0,0.0,0.0,0.0,0.0,0,-107875648.0,69,0.0,138,0.0,2.012,ERR,ERR,ERR,ERR,ERR,ERR,ERR,ERR,ERR,ERR,ERR,ERR,ERR,ERR,ERR,ERR,ERR,ERR,ERR,ERR,ERR,ERR,ERR,ERR,ERR,ERR,ERR,ERR,ERR,ERR,ERR,ERR,ERR,ERR,ERR,ERR,ERR,ERR,ERR,ERR,ERR,ERR,ERR,ERR,ERR,ERR,ERR,ERR,ERR,ERR,ERR,ERR,ERR,ERR,ERR,ERR,ERR,ERR,ERR,ERR,ERR,ERR,ERR,ERR,ERR,ERR,ERR,60.0,60.0,35,0.0,0.0,0.0,0.0,0.0,0.0,0.0,0.0,0.0,0.0,0.0,0.0,0.0,0.0,0.0,0.0,65.2,0,112,54,37,65476,0,300,0,0,8,20529,65476,0,0,2621,60.0,0.0,0.0,0.0,0.0,0.0
2026-07-09T15:14:02,ERR,ERR,ERR,ERR,ERR,ERR,ERR,ERR,ERR,ERR,ERR,ERR,ERR,ERR,ERR,ERR,ERR,ERR,ERR,ERR,ERR,ERR,ERR,ERR,ERR,ERR,ERR,ERR,ERR,ERR,ERR,ERR,ERR,ERR,ERR,ERR,ERR,ERR,ERR,ERR,ERR,ERR,ERR,ERR,ERR,ERR,ERR,ERR,ERR,ERR,ERR,ERR,ERR,ERR,ERR,ERR,ERR,ERR,ERR,ERR,ERR,ERR,ERR,ERR,ERR,ERR,ERR,ERR,ERR,ERR,ERR,ERR,ERR,ERR,ERR,ERR,ERR,ERR,ERR,ERR,ERR,ERR,ERR,ERR,ERR,ERR,ERR,ERR,ERR,ERR,ERR,ERR,ERR,ERR,ERR,ERR,ERR,ERR,ERR,ERR,ERR,ERR,ERR,ERR,ERR,ERR,ERR,ERR,ERR,ERR,ERR,ERR,ERR,ERR,ERR,ERR,ERR,ERR,ERR,ERR,ERR,ERR,ERR,ERR,ERR,0.0,-107616032.0,2.7302244078602196e+23,0.0,-0.0,7.4665327015918995e+28,-1.7303300709411206e+34,5.176186374110066e+28,0,0,4,17419,7116,0.0,100,0.0,0.0,0.0,0.0,0.0,0,0,0,0,0.0,0,0,0,0,0,0,0,0,0,0,0,0,0,0,0,0,0,0,0,0,0,0,0,0,0,0,0,0,0,0,0,0,0,31,40,40,71,65476,0,300,0,0,8,21553,0.0,-107605600.0,0.0,0.0,0.0,0.0,0.0,0.0,0.0,0.0,0.0,0.0,0.0,0.0,0.0,0.0,0.0,0.0,0.0,0.0,0.0,0.0,0.0,0.0,0.0,0.0,0.0,0.0,0.0,0.0,4841.0,-564145497833472.0,6939.0,0.0,-107616032.0,2.004,2.004,0.0,0.0,0.0,0.0,69,0.0,1.9056848919750246e+17,0.0,0.0,0.0,0.0,0.0,0.0,0.0,0,0,0,0.0,0.0,0.0,0.0,0.0,0.0,0.0,0.0,0.0,0.0,0.0,0.0,0.0,0.0,0.0,0.0,0,-107875648.0,69,0.0,138,0.0,2.012,ERR,ERR,ERR,ERR,ERR,ERR,ERR,ERR,ERR,ERR,ERR,ERR,ERR,ERR,ERR,ERR,ERR,ERR,ERR,ERR,ERR,ERR,ERR,ERR,ERR,ERR,ERR,ERR,ERR,ERR,ERR,ERR,ERR,ERR,ERR,ERR,ERR,ERR,ERR,ERR,ERR,ERR,ERR,ERR,ERR,ERR,ERR,ERR,ERR,ERR,ERR,ERR,ERR,ERR,ERR,ERR,ERR,ERR,ERR,ERR,ERR,ERR,ERR,ERR,ERR,ERR,ERR,60.0,60.0,35,0.0,0.0,0.0,0.0,0.0,0.0,0.0,0.0,0.0,0.0,0.0,0.0,0.0,0.0,0.0,0.0,65.2,0,112,54,37,65476,0,300,0,0,8,20529,65476,0,0,2621,60.0,0.0,0.0,0.0,0.0,0.0
2026-07-09T15:14:03,ERR,ERR,ERR,ERR,ERR,ERR,ERR,ERR,ERR,ERR,ERR,ERR,ERR,ERR,ERR,ERR,ERR,ERR,ERR,ERR,ERR,ERR,ERR,ERR,ERR,ERR,ERR,ERR,ERR,ERR,ERR,ERR,ERR,ERR,ERR,ERR,ERR,ERR,ERR,ERR,ERR,ERR,ERR,ERR,ERR,ERR,ERR,ERR,ERR,ERR,ERR,ERR,ERR,ERR,ERR,ERR,ERR,ERR,ERR,ERR,ERR,ERR,ERR,ERR,ERR,ERR,ERR,ERR,ERR,ERR,ERR,ERR,ERR,ERR,ERR,ERR,ERR,ERR,ERR,ERR,ERR,ERR,ERR,ERR,ERR,ERR,ERR,ERR,ERR,ERR,ERR,ERR,ERR,ERR,ERR,ERR,ERR,ERR,ERR,ERR,ERR,ERR,ERR,ERR,ERR,ERR,ERR,ERR,ERR,ERR,ERR,ERR,ERR,ERR,ERR,ERR,ERR,ERR,ERR,ERR,ERR,ERR,ERR,ERR,ERR,0.0,0.0,-107614832.0,2.718366610185338e+23,-0.0,-2.4586821623489757e+20,198219585814528.0,0.0,0,0,4,17422,7116,0.0,100,0.0,0.0,2.718366610185338e+23,0.0,0.0,0,0,0,0,0.0,0,0,0,0,0,0,0,0,0,0,0,0,0,0,0,0,0,0,0,0,0,0,0,0,0,0,0,0,0,0,0,0,0,31,40,40,71,65476,0,300,0,0,8,21553,0.0,-107605600.0,0.0,0.0,0.0,0.0,0.0,0.0,0.0,0.0,0.0,0.0,0.0,0.0,0.0,0.0,0.0,0.0,0.0,0.0,0.0,0.0,-2.004,0.0,0.0,0.0,0.0,0.0,0.0,0.0,4833.0,-2.004,6936.0,0.0,0.0,2.004,2.004,0.0,0.0,0.0,0.0,69,-152017347543040.0,0.059,0.0,0.0,0.0,0.0,0.0,0.0,0.0,0,0,0,0.0,0.0,0.0,0.0,0.0,0.0,0.0,0.0,0.0,0.0,0.0,0.0,0.0,0.0,0.0,0.0,0,-107875648.0,69,0.0,138,0.0,2.012,ERR,ERR,ERR,ERR,ERR,ERR,ERR,ERR,ERR,ERR,ERR,ERR,ERR,ERR,ERR,ERR,ERR,ERR,ERR,ERR,ERR,ERR,ERR,ERR,ERR,ERR,ERR,ERR,ERR,ERR,ERR,ERR,ERR,ERR,ERR,ERR,ERR,ERR,ERR,ERR,ERR,ERR,ERR,ERR,ERR,ERR,ERR,ERR,ERR,ERR,ERR,ERR,ERR,ERR,ERR,ERR,ERR,ERR,ERR,ERR,ERR,ERR,ERR,ERR,ERR,ERR,ERR,60.0,60.0,35,0.0,0.0,0.0,0.0,0.0,0.0,0.0,0.0,0.0,0.0,0.0,0.0,0.0,0.0,0.0,0.0,65.2,0,112,54,37,65476,0,300,0,0,8,20529,65476,0,0,2621,60.0,0.0,0.0,0.0,0.0,0.0
2026-07-09T15:14:04,ERR,ERR,ERR,ERR,ERR,ERR,ERR,ERR,ERR,ERR,ERR,ERR,ERR,ERR,ERR,ERR,ERR,ERR,ERR,ERR,ERR,ERR,ERR,ERR,ERR,ERR,ERR,ERR,ERR,ERR,ERR,ERR,ERR,ERR,ERR,ERR,ERR,ERR,ERR,ERR,ERR,ERR,ERR,ERR,ERR,ERR,ERR,ERR,ERR,ERR,ERR,ERR,ERR,ERR,ERR,ERR,ERR,ERR,ERR,ERR,ERR,ERR,ERR,ERR,ERR,ERR,ERR,ERR,ERR,ERR,ERR,ERR,ERR,ERR,ERR,ERR,ERR,ERR,ERR,ERR,ERR,ERR,ERR,ERR,ERR,ERR,ERR,ERR,ERR,ERR,ERR,ERR,ERR,ERR,ERR,ERR,ERR,ERR,ERR,ERR,ERR,ERR,ERR,ERR,ERR,ERR,ERR,ERR,ERR,ERR,ERR,ERR,ERR,ERR,ERR,ERR,ERR,ERR,ERR,ERR,ERR,ERR,ERR,ERR,ERR,0.0,0.0,-107614832.0,2.718366610185338e+23,-0.0,-2.4586821623489757e+20,198219585814528.0,0.0,0,0,4,17422,7116,0.0,100,0.0,0.0,2.718366610185338e+23,0.0,0.0,0,0,0,0,0.0,0,0,0,0,0,0,0,0,0,0,0,0,0,0,0,0,0,0,0,0,0,0,0,0,0,0,0,0,0,0,0,0,0,31,40,40,71,65476,0,300,0,0,8,21553,0.0,-107605600.0,0.0,0.0,0.0,0.0,0.0,0.0,0.0,0.0,0.0,0.0,0.0,0.0,0.0,0.0,0.0,0.0,0.0,0.0,0.0,0.0,-2.004,0.0,0.0,0.0,0.0,0.0,0.0,0.0,4833.0,-2.004,6936.0,0.0,0.0,2.004,2.004,0.0,0.0,0.0,0.0,69,-152017347543040.0,0.059,0.0,0.0,0.0,0.0,0.0,0.0,0.0,0,0,0,0.0,0.0,0.0,0.0,0.0,0.0,0.0,0.0,0.0,0.0,0.0,0.0,0.0,0.0,0.0,0.0,0,-107875648.0,69,0.0,138,0.0,2.012,ERR,ERR,ERR,ERR,ERR,ERR,ERR,ERR,ERR,ERR,ERR,ERR,ERR,ERR,ERR,ERR,ERR,ERR,ERR,ERR,ERR,ERR,ERR,ERR,ERR,ERR,ERR,ERR,ERR,ERR,ERR,ERR,ERR,ERR,ERR,ERR,ERR,ERR,ERR,ERR,ERR,ERR,ERR,ERR,ERR,ERR,ERR,ERR,ERR,ERR,ERR,ERR,ERR,ERR,ERR,ERR,ERR,ERR,ERR,ERR,ERR,ERR,ERR,ERR,ERR,ERR,ERR,60.0,60.0,35,0.0,0.0,0.0,0.0,0.0,0.0,0.0,0.0,0.0,0.0,0.0,0.0,0.0,0.0,0.0,0.0,65.2,0,112,54,37,65476,0,300,0,0,8,20529,65476,0,0,2621,60.0,0.0,0.0,0.0,0.0,0.0
2026-07-09T15:14:05,ERR,ERR,ERR,ERR,ERR,ERR,ERR,ERR,ERR,ERR,ERR,ERR,ERR,ERR,ERR,ERR,ERR,ERR,ERR,ERR,ERR,ERR,ERR,ERR,ERR,ERR,ERR,ERR,ERR,ERR,ERR,ERR,ERR,ERR,ERR,ERR,ERR,ERR,ERR,ERR,ERR,ERR,ERR,ERR,ERR,ERR,ERR,ERR,ERR,ERR,ERR,ERR,ERR,ERR,ERR,ERR,ERR,ERR,ERR,ERR,ERR,ERR,ERR,ERR,ERR,ERR,ERR,ERR,ERR,ERR,ERR,ERR,ERR,ERR,ERR,ERR,ERR,ERR,ERR,ERR,ERR,ERR,ERR,ERR,ERR,ERR,ERR,ERR,ERR,ERR,ERR,ERR,ERR,ERR,ERR,ERR,ERR,ERR,ERR,ERR,ERR,ERR,ERR,ERR,ERR,ERR,ERR,ERR,ERR,ERR,ERR,ERR,ERR,ERR,ERR,ERR,ERR,ERR,ERR,ERR,ERR,ERR,ERR,ERR,ERR,0.0,0.0,-107614832.0,2.718366610185338e+23,-0.0,-2.4586821623489757e+20,198219585814528.0,0.0,0,0,4,17422,7116,0.0,100,0.0,0.0,2.718366610185338e+23,0.0,0.0,0,0,0,0,0.0,0,0,0,0,0,0,0,0,0,0,0,0,0,0,0,0,0,0,0,0,0,0,0,0,0,0,0,0,0,0,0,0,0,31,40,40,71,65476,0,300,0,0,8,21553,0.0,-107605600.0,0.0,0.0,0.0,0.0,0.0,0.0,0.0,0.0,0.0,0.0,0.0,0.0,0.0,0.0,0.0,0.0,0.0,0.0,0.0,0.0,-2.004,0.0,0.0,0.0,0.0,0.0,0.0,0.0,4833.0,-2.004,6936.0,0.0,0.0,2.004,2.004,0.0,0.0,0.0,0.0,69,-152017347543040.0,0.059,0.0,0.0,0.0,0.0,0.0,0.0,0.0,0,0,0,0.0,0.0,0.0,0.0,0.0,0.0,0.0,0.0,0.0,0.0,0.0,0.0,0.0,0.0,0.0,0.0,0,-107875648.0,69,0.0,138,0.0,2.012,ERR,ERR,ERR,ERR,ERR,ERR,ERR,ERR,ERR,ERR,ERR,ERR,ERR,ERR,ERR,ERR,ERR,ERR,ERR,ERR,ERR,ERR,ERR,ERR,ERR,ERR,ERR,ERR,ERR,ERR,ERR,ERR,ERR,ERR,ERR,ERR,ERR,ERR,ERR,ERR,ERR,ERR,ERR,ERR,ERR,ERR,ERR,ERR,ERR,ERR,ERR,ERR,ERR,ERR,ERR,ERR,ERR,ERR,ERR,ERR,ERR,ERR,ERR,ERR,ERR,ERR,ERR,60.0,60.0,35,0.0,0.0,0.0,0.0,0.0,0.0,0.0,0.0,0.0,0.0,0.0,0.0,0.0,0.0,0.0,0.0,65.2,0,112,54,37,65476,0,300,0,0,8,20529,65476,0,0,2621,60.0,0.0,0.0,0.0,0.0,0.0
2026-07-09T15:14:06,ERR,ERR,ERR,ERR,ERR,ERR,ERR,ERR,ERR,ERR,ERR,ERR,ERR,ERR,ERR,ERR,ERR,ERR,ERR,ERR,ERR,ERR,ERR,ERR,ERR,ERR,ERR,ERR,ERR,ERR,ERR,ERR,ERR,ERR,ERR,ERR,ERR,ERR,ERR,ERR,ERR,ERR,ERR,ERR,ERR,ERR,ERR,ERR,ERR,ERR,ERR,ERR,ERR,ERR,ERR,ERR,ERR,ERR,ERR,ERR,ERR,ERR,ERR,ERR,ERR,ERR,ERR,ERR,ERR,ERR,ERR,ERR,ERR,ERR,ERR,ERR,ERR,ERR,ERR,ERR,ERR,ERR,ERR,ERR,ERR,ERR,ERR,ERR,ERR,ERR,ERR,ERR,ERR,ERR,ERR,ERR,ERR,ERR,ERR,ERR,ERR,ERR,ERR,ERR,ERR,ERR,ERR,ERR,ERR,ERR,ERR,ERR,ERR,ERR,ERR,ERR,ERR,ERR,ERR,ERR,ERR,ERR,ERR,ERR,ERR,0.0,0.0,-107614832.0,2.718366610185338e+23,-0.0,-2.4586821623489757e+20,198219585814528.0,0.0,0,0,4,17422,7116,0.0,100,0.0,0.0,2.718366610185338e+23,0.0,0.0,0,0,0,0,0.0,0,0,0,0,0,0,0,0,0,0,0,0,0,0,0,0,0,0,0,0,0,0,0,0,0,0,0,0,0,0,0,0,0,31,40,40,71,65476,0,300,0,0,8,21553,0.0,-107605600.0,0.0,0.0,0.0,0.0,0.0,0.0,0.0,0.0,0.0,0.0,0.0,0.0,0.0,0.0,0.0,0.0,0.0,0.0,0.0,0.0,-2.004,0.0,0.0,0.0,0.0,0.0,0.0,0.0,4833.0,-2.004,6936.0,0.0,0.0,2.004,2.004,0.0,0.0,0.0,0.0,69,-152017347543040.0,0.059,0.0,0.0,0.0,0.0,0.0,0.0,0.0,0,0,0,0.0,0.0,0.0,0.0,0.0,0.0,0.0,0.0,0.0,0.0,0.0,0.0,0.0,0.0,0.0,0.0,0,-107875648.0,69,0.0,138,0.0,2.012,ERR,ERR,ERR,ERR,ERR,ERR,ERR,ERR,ERR,ERR,ERR,ERR,ERR,ERR,ERR,ERR,ERR,ERR,ERR,ERR,ERR,ERR,ERR,ERR,ERR,ERR,ERR,ERR,ERR,ERR,ERR,ERR,ERR,ERR,ERR,ERR,ERR,ERR,ERR,ERR,ERR,ERR,ERR,ERR,ERR,ERR,ERR,ERR,ERR,ERR,ERR,ERR,ERR,ERR,ERR,ERR,ERR,ERR,ERR,ERR,ERR,ERR,ERR,ERR,ERR,ERR,ERR,60.0,60.0,35,0.0,0.0,0.0,0.0,0.0,0.0,0.0,0.0,0.0,0.0,0.0,0.0,0.0,0.0,0.0,0.0,65.2,0,112,54,37,65476,0,300,0,0,8,20529,65476,0,0,2621,60.0,0.0,0.0,0.0,0.0,0.0
2026-07-09T15:14:07,ERR,ERR,ERR,ERR,ERR,ERR,ERR,ERR,ERR,ERR,ERR,ERR,ERR,ERR,ERR,ERR,ERR,ERR,ERR,ERR,ERR,ERR,ERR,ERR,ERR,ERR,ERR,ERR,ERR,ERR,ERR,ERR,ERR,ERR,ERR,ERR,ERR,ERR,ERR,ERR,ERR,ERR,ERR,ERR,ERR,ERR,ERR,ERR,ERR,ERR,ERR,ERR,ERR,ERR,ERR,ERR,ERR,ERR,ERR,ERR,ERR,ERR,ERR,ERR,ERR,ERR,ERR,ERR,ERR,ERR,ERR,ERR,ERR,ERR,ERR,ERR,ERR,ERR,ERR,ERR,ERR,ERR,ERR,ERR,ERR,ERR,ERR,ERR,ERR,ERR,ERR,ERR,ERR,ERR,ERR,ERR,ERR,ERR,ERR,ERR,ERR,ERR,ERR,ERR,ERR,ERR,ERR,ERR,ERR,ERR,ERR,ERR,ERR,ERR,ERR,ERR,ERR,ERR,ERR,ERR,ERR,ERR,ERR,ERR,ERR,0.0,0.0,-107614832.0,2.718366610185338e+23,-0.0,-2.4586821623489757e+20,198219585814528.0,0.0,0,0,4,17422,7116,0.0,100,0.0,0.0,2.718366610185338e+23,0.0,0.0,0,0,0,0,0.0,0,0,0,0,0,0,0,0,0,0,0,0,0,0,0,0,0,0,0,0,0,0,0,0,0,0,0,0,0,0,0,0,0,31,40,40,71,65476,0,300,0,0,8,21553,0.0,-107605600.0,0.0,0.0,0.0,0.0,0.0,0.0,0.0,0.0,0.0,0.0,0.0,0.0,0.0,0.0,0.0,0.0,0.0,0.0,0.0,0.0,-2.004,0.0,0.0,0.0,0.0,0.0,0.0,0.0,4833.0,-2.004,6936.0,0.0,0.0,2.004,2.004,0.0,0.0,0.0,0.0,69,-152017347543040.0,0.059,0.0,0.0,0.0,0.0,0.0,0.0,0.0,0,0,0,0.0,0.0,0.0,0.0,0.0,0.0,0.0,0.0,0.0,0.0,0.0,0.0,0.0,0.0,0.0,0.0,0,-107875648.0,69,0.0,138,0.0,2.012,ERR,ERR,ERR,ERR,ERR,ERR,ERR,ERR,ERR,ERR,ERR,ERR,ERR,ERR,ERR,ERR,ERR,ERR,ERR,ERR,ERR,ERR,ERR,ERR,ERR,ERR,ERR,ERR,ERR,ERR,ERR,ERR,ERR,ERR,ERR,ERR,ERR,ERR,ERR,ERR,ERR,ERR,ERR,ERR,ERR,ERR,ERR,ERR,ERR,ERR,ERR,ERR,ERR,ERR,ERR,ERR,ERR,ERR,ERR,ERR,ERR,ERR,ERR,ERR,ERR,ERR,ERR,60.0,60.0,35,0.0,0.0,0.0,0.0,0.0,0.0,0.0,0.0,0.0,0.0,0.0,0.0,0.0,0.0,0.0,0.0,65.2,0,112,54,37,65476,0,300,0,0,8,20529,65476,0,0,2621,60.0,0.0,0.0,0.0,0.0,0.0
2026-07-09T15:14:08,ERR,ERR,ERR,ERR,ERR,ERR,ERR,ERR,ERR,ERR,ERR,ERR,ERR,ERR,ERR,ERR,ERR,ERR,ERR,ERR,ERR,ERR,ERR,ERR,ERR,ERR,ERR,ERR,ERR,ERR,ERR,ERR,ERR,ERR,ERR,ERR,ERR,ERR,ERR,ERR,ERR,ERR,ERR,ERR,ERR,ERR,ERR,ERR,ERR,ERR,ERR,ERR,ERR,ERR,ERR,ERR,ERR,ERR,ERR,ERR,ERR,ERR,ERR,ERR,ERR,ERR,ERR,ERR,ERR,ERR,ERR,ERR,ERR,ERR,ERR,ERR,ERR,ERR,ERR,ERR,ERR,ERR,ERR,ERR,ERR,ERR,ERR,ERR,ERR,ERR,ERR,ERR,ERR,ERR,ERR,ERR,ERR,ERR,ERR,ERR,ERR,ERR,ERR,ERR,ERR,ERR,ERR,ERR,ERR,ERR,ERR,ERR,ERR,ERR,ERR,ERR,ERR,ERR,ERR,ERR,ERR,ERR,ERR,ERR,ERR,-107615184.0,0.0,-0.0,0.0,2.2053471186693862e+20,-0.0,0.0,1.0309844532385354e+28,0,0,4,17421,7116,0.0,100,0.0,0.0,0.0,0.0,0.0,0,0,0,0,0.0,0,0,0,0,0,0,0,0,0,0,0,0,0,0,0,0,0,0,0,0,0,0,0,0,0,0,0,0,0,0,0,0,0,31,40,40,71,65476,0,300,0,0,8,21553,0.0,-107605600.0,0.0,0.0,0.0,0.0,0.0,0.0,0.0,0.0,0.0,0.0,0.0,0.0,0.0,0.0,0.0,0.0,0.0,0.0,0.0,0.0,-2.004,2.004,0.0,0.0,0.0,0.0,0.0,0.0,4859.0,-0.0,6933.0,-107615184.0,0.0,2.004,2.004,0.0,0.0,0.0,0.0,69,-0.0,0.0,0.0,0.0,0.0,0.0,0.0,0.0,0.0,0,0,0,0.0,0.0,0.0,0.0,0.0,0.0,0.0,0.0,0.0,0.0,0.0,0.0,0.0,0.0,0.0,0.0,0,-107875648.0,69,0.0,138,0.0,2.012,ERR,ERR,ERR,ERR,ERR,ERR,ERR,ERR,ERR,ERR,ERR,ERR,ERR,ERR,ERR,ERR,ERR,ERR,ERR,ERR,ERR,ERR,ERR,ERR,ERR,ERR,ERR,ERR,ERR,ERR,ERR,ERR,ERR,ERR,ERR,ERR,ERR,ERR,ERR,ERR,ERR,ERR,ERR,ERR,ERR,ERR,ERR,ERR,ERR,ERR,ERR,ERR,ERR,ERR,ERR,ERR,ERR,ERR,ERR,ERR,ERR,ERR,ERR,ERR,ERR,ERR,ERR,60.0,60.0,35,0.0,0.0,0.0,0.0,0.0,0.0,0.0,0.0,0.0,0.0,0.0,0.0,0.0,0.0,0.0,0.0,65.6,0,112,54,37,65476,0,300,0,0,8,20529,65476,0,0,2621,60.0,0.0,0.0,0.0,0.0,0.0
2026-07-09T15:14:09,ERR,ERR,ERR,ERR,ERR,ERR,ERR,ERR,ERR,ERR,ERR,ERR,ERR,ERR,ERR,ERR,ERR,ERR,ERR,ERR,ERR,ERR,ERR,ERR,ERR,ERR,ERR,ERR,ERR,ERR,ERR,ERR,ERR,ERR,ERR,ERR,ERR,ERR,ERR,ERR,ERR,ERR,ERR,ERR,ERR,ERR,ERR,ERR,ERR,ERR,ERR,ERR,ERR,ERR,ERR,ERR,ERR,ERR,ERR,ERR,ERR,ERR,ERR,ERR,ERR,ERR,ERR,ERR,ERR,ERR,ERR,ERR,ERR,ERR,ERR,ERR,ERR,ERR,ERR,ERR,ERR,ERR,ERR,ERR,ERR,ERR,ERR,ERR,ERR,ERR,ERR,ERR,ERR,ERR,ERR,ERR,ERR,ERR,ERR,ERR,ERR,ERR,ERR,ERR,ERR,ERR,ERR,ERR,ERR,ERR,ERR,ERR,ERR,ERR,ERR,ERR,ERR,ERR,ERR,ERR,ERR,ERR,ERR,ERR,ERR,-107615184.0,0.0,-0.0,0.0,2.2053471186693862e+20,-0.0,0.0,1.0309844532385354e+28,0,0,4,17421,7116,0.0,100,0.0,0.0,0.0,0.0,0.0,0,0,0,0,0.0,0,0,0,0,0,0,0,0,0,0,0,0,0,0,0,0,0,0,0,0,0,0,0,0,0,0,0,0,0,0,0,0,0,31,40,40,71,65476,0,300,0,0,8,21553,0.0,-107605600.0,0.0,0.0,0.0,0.0,0.0,0.0,0.0,0.0,0.0,0.0,0.0,0.0,0.0,0.0,0.0,0.0,0.0,0.0,0.0,0.0,-2.004,2.004,0.0,0.0,0.0,0.0,0.0,0.0,4859.0,-0.0,6933.0,-107615184.0,0.0,2.004,2.004,0.0,0.0,0.0,0.0,69,-0.0,0.0,0.0,0.0,0.0,0.0,0.0,0.0,0.0,0,0,0,0.0,0.0,0.0,0.0,0.0,0.0,0.0,0.0,0.0,0.0,0.0,0.0,0.0,0.0,0.0,0.0,0,-107875648.0,69,0.0,138,0.0,2.012,ERR,ERR,ERR,ERR,ERR,ERR,ERR,ERR,ERR,ERR,ERR,ERR,ERR,ERR,ERR,ERR,ERR,ERR,ERR,ERR,ERR,ERR,ERR,ERR,ERR,ERR,ERR,ERR,ERR,ERR,ERR,ERR,ERR,ERR,ERR,ERR,ERR,ERR,ERR,ERR,ERR,ERR,ERR,ERR,ERR,ERR,ERR,ERR,ERR,ERR,ERR,ERR,ERR,ERR,ERR,ERR,ERR,ERR,ERR,ERR,ERR,ERR,ERR,ERR,ERR,ERR,ERR,60.0,60.0,35,0.0,0.0,0.0,0.0,0.0,0.0,0.0,0.0,0.0,0.0,0.0,0.0,0.0,0.0,0.0,0.0,65.6,0,112,54,37,65476,0,300,0,0,8,20529,65476,0,0,2621,60.0,0.0,0.0,0.0,0.0,0.0
2026-07-09T15:14:10,ERR,ERR,ERR,ERR,ERR,ERR,ERR,ERR,ERR,ERR,ERR,ERR,ERR,ERR,ERR,ERR,ERR,ERR,ERR,ERR,ERR,ERR,ERR,ERR,ERR,ERR,ERR,ERR,ERR,ERR,ERR,ERR,ERR,ERR,ERR,ERR,ERR,ERR,ERR,ERR,ERR,ERR,ERR,ERR,ERR,ERR,ERR,ERR,ERR,ERR,ERR,ERR,ERR,ERR,ERR,ERR,ERR,ERR,ERR,ERR,ERR,ERR,ERR,ERR,ERR,ERR,ERR,ERR,ERR,ERR,ERR,ERR,ERR,ERR,ERR,ERR,ERR,ERR,ERR,ERR,ERR,ERR,ERR,ERR,ERR,ERR,ERR,ERR,ERR,ERR,ERR,ERR,ERR,ERR,ERR,ERR,ERR,ERR,ERR,ERR,ERR,ERR,ERR,ERR,ERR,ERR,ERR,ERR,ERR,ERR,ERR,ERR,ERR,ERR,ERR,ERR,ERR,ERR,ERR,ERR,ERR,ERR,ERR,ERR,ERR,-107615184.0,0.0,-0.0,0.0,2.2053471186693862e+20,-0.0,0.0,1.0309844532385354e+28,0,0,4,17421,7116,0.0,100,0.0,0.0,0.0,0.0,0.0,0,0,0,0,0.0,0,0,0,0,0,0,0,0,0,0,0,0,0,0,0,0,0,0,0,0,0,0,0,0,0,0,0,0,0,0,0,0,0,31,40,40,71,65476,0,300,0,0,8,21553,0.0,-107605600.0,0.0,0.0,0.0,0.0,0.0,0.0,0.0,0.0,0.0,0.0,0.0,0.0,0.0,0.0,0.0,0.0,0.0,0.0,0.0,0.0,-2.004,2.004,0.0,0.0,0.0,0.0,0.0,0.0,4859.0,-0.0,6933.0,-107615184.0,0.0,2.004,2.004,0.0,0.0,0.0,0.0,69,-0.0,0.0,0.0,0.0,0.0,0.0,0.0,0.0,0.0,0,0,0,0.0,0.0,0.0,0.0,0.0,0.0,0.0,0.0,0.0,0.0,0.0,0.0,0.0,0.0,0.0,0.0,0,-107875648.0,69,0.0,138,0.0,2.012,ERR,ERR,ERR,ERR,ERR,ERR,ERR,ERR,ERR,ERR,ERR,ERR,ERR,ERR,ERR,ERR,ERR,ERR,ERR,ERR,ERR,ERR,ERR,ERR,ERR,ERR,ERR,ERR,ERR,ERR,ERR,ERR,ERR,ERR,ERR,ERR,ERR,ERR,ERR,ERR,ERR,ERR,ERR,ERR,ERR,ERR,ERR,ERR,ERR,ERR,ERR,ERR,ERR,ERR,ERR,ERR,ERR,ERR,ERR,ERR,ERR,ERR,ERR,ERR,ERR,ERR,ERR,60.0,60.0,35,0.0,0.0,0.0,0.0,0.0,0.0,0.0,0.0,0.0,0.0,0.0,0.0,0.0,0.0,0.0,0.0,65.2,0,112,54,37,65476,0,300,0,0,8,20529,65476,0,0,2621,60.0,0.0,0.0,0.0,0.0,0.0
2026-07-09T15:14:11,ERR,ERR,ERR,ERR,ERR,ERR,ERR,ERR,ERR,ERR,ERR,ERR,ERR,ERR,ERR,ERR,ERR,ERR,ERR,ERR,ERR,ERR,ERR,ERR,ERR,ERR,ERR,ERR,ERR,ERR,ERR,ERR,ERR,ERR,ERR,ERR,ERR,ERR,ERR,ERR,ERR,ERR,ERR,ERR,ERR,ERR,ERR,ERR,ERR,ERR,ERR,ERR,ERR,ERR,ERR,ERR,ERR,ERR,ERR,ERR,ERR,ERR,ERR,ERR,ERR,ERR,ERR,ERR,ERR,ERR,ERR,ERR,ERR,ERR,ERR,ERR,ERR,ERR,ERR,ERR,ERR,ERR,ERR,ERR,ERR,ERR,ERR,ERR,ERR,ERR,ERR,ERR,ERR,ERR,ERR,ERR,ERR,ERR,ERR,ERR,ERR,ERR,ERR,ERR,ERR,ERR,ERR,ERR,ERR,ERR,ERR,ERR,ERR,ERR,ERR,ERR,ERR,ERR,ERR,ERR,ERR,ERR,ERR,ERR,ERR,-107615184.0,0.0,-0.0,0.0,2.2053471186693862e+20,-0.0,0.0,1.0309844532385354e+28,0,0,4,17421,7116,0.0,100,0.0,0.0,0.0,0.0,0.0,0,0,0,0,0.0,0,0,0,0,0,0,0,0,0,0,0,0,0,0,0,0,0,0,0,0,0,0,0,0,0,0,0,0,0,0,0,0,0,31,40,40,71,65476,0,300,0,0,8,21553,0.0,-107605600.0,0.0,0.0,0.0,0.0,0.0,0.0,0.0,0.0,0.0,0.0,0.0,0.0,0.0,0.0,0.0,0.0,0.0,0.0,0.0,0.0,-2.004,2.004,0.0,0.0,0.0,0.0,0.0,0.0,4859.0,-0.0,6933.0,-107615184.0,0.0,2.004,2.004,0.0,0.0,0.0,0.0,69,-0.0,0.0,0.0,0.0,0.0,0.0,0.0,0.0,0.0,0,0,0,0.0,0.0,0.0,0.0,0.0,0.0,0.0,0.0,0.0,0.0,0.0,0.0,0.0,0.0,0.0,0.0,0,-107875648.0,69,0.0,138,0.0,2.012,ERR,ERR,ERR,ERR,ERR,ERR,ERR,ERR,ERR,ERR,ERR,ERR,ERR,ERR,ERR,ERR,ERR,ERR,ERR,ERR,ERR,ERR,ERR,ERR,ERR,ERR,ERR,ERR,ERR,ERR,ERR,ERR,ERR,ERR,ERR,ERR,ERR,ERR,ERR,ERR,ERR,ERR,ERR,ERR,ERR,ERR,ERR,ERR,ERR,ERR,ERR,ERR,ERR,ERR,ERR,ERR,ERR,ERR,ERR,ERR,ERR,ERR,ERR,ERR,ERR,ERR,ERR,60.0,60.0,35,0.0,0.0,0.0,0.0,0.0,0.0,0.0,0.0,0.0,0.0,0.0,0.0,0.0,0.0,0.0,0.0,65.2,0,112,54,37,65476,0,300,0,0,8,20529,65476,0,0,2621,60.0,0.0,0.0,0.0,0.0,0.0
2026-07-09T15:14:12,ERR,ERR,ERR,ERR,ERR,ERR,ERR,ERR,ERR,ERR,ERR,ERR,ERR,ERR,ERR,ERR,ERR,ERR,ERR,ERR,ERR,ERR,ERR,ERR,ERR,ERR,ERR,ERR,ERR,ERR,ERR,ERR,ERR,ERR,ERR,ERR,ERR,ERR,ERR,ERR,ERR,ERR,ERR,ERR,ERR,ERR,ERR,ERR,ERR,ERR,ERR,ERR,ERR,ERR,ERR,ERR,ERR,ERR,ERR,ERR,ERR,ERR,ERR,ERR,ERR,ERR,ERR,ERR,ERR,ERR,ERR,ERR,ERR,ERR,ERR,ERR,ERR,ERR,ERR,ERR,ERR,ERR,ERR,ERR,ERR,ERR,ERR,ERR,ERR,ERR,ERR,ERR,ERR,ERR,ERR,ERR,ERR,ERR,ERR,ERR,ERR,ERR,ERR,ERR,ERR,ERR,ERR,ERR,ERR,ERR,ERR,ERR,ERR,ERR,ERR,ERR,ERR,ERR,ERR,ERR,ERR,ERR,ERR,ERR,ERR,-107615184.0,0.0,-0.0,0.0,2.2053471186693862e+20,-0.0,0.0,1.0309844532385354e+28,0,0,4,17421,7116,0.0,100,0.0,0.0,0.0,0.0,0.0,0,0,0,0,0.0,0,0,0,0,0,0,0,0,0,0,0,0,0,0,0,0,0,0,0,0,0,0,0,0,0,0,0,0,0,0,0,0,0,31,40,40,71,65476,0,300,0,0,8,21553,0.0,-107605600.0,0.0,0.0,0.0,0.0,0.0,0.0,0.0,0.0,0.0,0.0,0.0,0.0,0.0,0.0,0.0,0.0,0.0,0.0,0.0,0.0,-2.004,2.004,0.0,0.0,0.0,0.0,0.0,0.0,4859.0,-0.0,6933.0,-107615184.0,0.0,2.004,2.004,0.0,0.0,0.0,0.0,69,-0.0,0.0,0.0,0.0,0.0,0.0,0.0,0.0,0.0,0,0,0,0.0,0.0,0.0,0.0,0.0,0.0,0.0,0.0,0.0,0.0,0.0,0.0,0.0,0.0,0.0,0.0,0,-107875648.0,69,0.0,138,0.0,2.012,ERR,ERR,ERR,ERR,ERR,ERR,ERR,ERR,ERR,ERR,ERR,ERR,ERR,ERR,ERR,ERR,ERR,ERR,ERR,ERR,ERR,ERR,ERR,ERR,ERR,ERR,ERR,ERR,ERR,ERR,ERR,ERR,ERR,ERR,ERR,ERR,ERR,ERR,ERR,ERR,ERR,ERR,ERR,ERR,ERR,ERR,ERR,ERR,ERR,ERR,ERR,ERR,ERR,ERR,ERR,ERR,ERR,ERR,ERR,ERR,ERR,ERR,ERR,ERR,ERR,ERR,ERR,60.0,60.0,35,0.0,0.0,0.0,0.0,0.0,0.0,0.0,0.0,0.0,0.0,0.0,0.0,0.0,0.0,0.0,0.0,65.2,0,112,54,37,65476,0,300,0,0,8,20529,65476,0,0,2621,60.0,0.0,0.0,0.0,0.0,0.0
2026-07-09T15:14:13,ERR,ERR,ERR,ERR,ERR,ERR,ERR,ERR,ERR,ERR,ERR,ERR,ERR,ERR,ERR,ERR,ERR,ERR,ERR,ERR,ERR,ERR,ERR,ERR,ERR,ERR,ERR,ERR,ERR,ERR,ERR,ERR,ERR,ERR,ERR,ERR,ERR,ERR,ERR,ERR,ERR,ERR,ERR,ERR,ERR,ERR,ERR,ERR,ERR,ERR,ERR,ERR,ERR,ERR,ERR,ERR,ERR,ERR,ERR,ERR,ERR,ERR,ERR,ERR,ERR,ERR,ERR,ERR,ERR,ERR,ERR,ERR,ERR,ERR,ERR,ERR,ERR,ERR,ERR,ERR,ERR,ERR,ERR,ERR,ERR,ERR,ERR,ERR,ERR,ERR,ERR,ERR,ERR,ERR,ERR,ERR,ERR,ERR,ERR,ERR,ERR,ERR,ERR,ERR,ERR,ERR,ERR,ERR,ERR,ERR,ERR,ERR,ERR,ERR,ERR,ERR,ERR,ERR,ERR,ERR,ERR,ERR,ERR,ERR,ERR,2.7184264179883896e+23,0.0,0.0,2.718366610185338e+23,1.4790063948452122e+20,4.242245341163679e+36,0.0,0.0,0,0,4,17421,7116,0.0,100,0.0,0.0,0.0,0.0,0.0,0,0,0,0,0.0,0,0,0,0,0,0,0,0,0,0,0,0,0,0,0,0,0,0,0,0,0,0,0,0,0,0,0,0,0,0,0,0,0,31,40,40,71,65476,0,300,0,0,8,21553,0.0,-107605600.0,0.0,0.0,0.0,0.0,0.0,0.0,0.0,0.0,0.0,0.0,0.0,0.0,0.0,0.0,0.0,0.0,0.0,0.0,0.0,0.0,-2.004,3.697067826173549e+19,0.0,0.0,0.0,0.0,0.0,0.0,4851.0,-0.0,6928.0,2.7184264179883896e+23,0.0,2.004,2.004,0.0,0.0,0.0,0.0,69,89220.594,-3.2220001846995974e+26,0.0,0.0,0.0,0.0,0.0,0.0,0.0,0,0,0,0.0,0.0,0.0,0.0,0.0,0.0,0.0,0.0,0.0,0.0,0.0,0.0,0.0,0.0,0.0,0.0,0,-107875648.0,69,0.0,138,0.0,2.012,ERR,ERR,ERR,ERR,ERR,ERR,ERR,ERR,ERR,ERR,ERR,ERR,ERR,ERR,ERR,ERR,ERR,ERR,ERR,ERR,ERR,ERR,ERR,ERR,ERR,ERR,ERR,ERR,ERR,ERR,ERR,ERR,ERR,ERR,ERR,ERR,ERR,ERR,ERR,ERR,ERR,ERR,ERR,ERR,ERR,ERR,ERR,ERR,ERR,ERR,ERR,ERR,ERR,ERR,ERR,ERR,ERR,ERR,ERR,ERR,ERR,ERR,ERR,ERR,ERR,ERR,ERR,60.0,60.0,35,0.0,0.0,0.0,0.0,0.0,0.0,0.0,0.0,0.0,0.0,0.0,0.0,0.0,0.0,0.0,0.0,65.2,0,112,54,37,65476,0,300,0,0,8,20529,65476,0,0,2621,60.0,0.0,0.0,0.0,0.0,0.0
2026-07-09T15:14:14,ERR,ERR,ERR,ERR,ERR,ERR,ERR,ERR,ERR,ERR,ERR,ERR,ERR,ERR,ERR,ERR,ERR,ERR,ERR,ERR,ERR,ERR,ERR,ERR,ERR,ERR,ERR,ERR,ERR,ERR,ERR,ERR,ERR,ERR,ERR,ERR,ERR,ERR,ERR,ERR,ERR,ERR,ERR,ERR,ERR,ERR,ERR,ERR,ERR,ERR,ERR,ERR,ERR,ERR,ERR,ERR,ERR,ERR,ERR,ERR,ERR,ERR,ERR,ERR,ERR,ERR,ERR,ERR,ERR,ERR,ERR,ERR,ERR,ERR,ERR,ERR,ERR,ERR,ERR,ERR,ERR,ERR,ERR,ERR,ERR,ERR,ERR,ERR,ERR,ERR,ERR,ERR,ERR,ERR,ERR,ERR,ERR,ERR,ERR,ERR,ERR,ERR,ERR,ERR,ERR,ERR,ERR,ERR,ERR,ERR,ERR,ERR,ERR,ERR,ERR,ERR,ERR,ERR,ERR,ERR,ERR,ERR,ERR,ERR,ERR,2.7184264179883896e+23,0.0,0.0,2.718366610185338e+23,1.4790063948452122e+20,4.242245341163679e+36,0.0,0.0,0,0,4,17421,7116,0.0,100,0.0,0.0,0.0,0.0,0.0,0,0,0,0,0.0,0,0,0,0,0,0,0,0,0,0,0,0,0,0,0,0,0,0,0,0,0,0,0,0,0,0,0,0,0,0,0,0,0,31,40,40,71,65476,0,300,0,0,8,21553,0.0,-107605600.0,0.0,0.0,0.0,0.0,0.0,0.0,0.0,0.0,0.0,0.0,0.0,0.0,0.0,0.0,0.0,0.0,0.0,0.0,0.0,0.0,-2.004,3.697067826173549e+19,0.0,0.0,0.0,0.0,0.0,0.0,4851.0,-0.0,6928.0,2.7184264179883896e+23,0.0,2.004,2.004,0.0,0.0,0.0,0.0,69,89220.594,-3.2220001846995974e+26,0.0,0.0,0.0,0.0,0.0,0.0,0.0,0,0,0,0.0,0.0,0.0,0.0,0.0,0.0,0.0,0.0,0.0,0.0,0.0,0.0,0.0,0.0,0.0,0.0,0,-107875648.0,69,0.0,138,0.0,2.012,ERR,ERR,ERR,ERR,ERR,ERR,ERR,ERR,ERR,ERR,ERR,ERR,ERR,ERR,ERR,ERR,ERR,ERR,ERR,ERR,ERR,ERR,ERR,ERR,ERR,ERR,ERR,ERR,ERR,ERR,ERR,ERR,ERR,ERR,ERR,ERR,ERR,ERR,ERR,ERR,ERR,ERR,ERR,ERR,ERR,ERR,ERR,ERR,ERR,ERR,ERR,ERR,ERR,ERR,ERR,ERR,ERR,ERR,ERR,ERR,ERR,ERR,ERR,ERR,ERR,ERR,ERR,60.0,60.0,35,0.0,0.0,0.0,0.0,0.0,0.0,0.0,0.0,0.0,0.0,0.0,0.0,0.0,0.0,0.0,0.0,65.2,0,112,54,37,65476,0,300,0,0,8,20529,65476,0,0,2621,60.0,0.0,0.0,0.0,0.0,0.0
2026-07-09T15:14:15,ERR,ERR,ERR,ERR,ERR,ERR,ERR,ERR,ERR,ERR,ERR,ERR,ERR,ERR,ERR,ERR,ERR,ERR,ERR,ERR,ERR,ERR,ERR,ERR,ERR,ERR,ERR,ERR,ERR,ERR,ERR,ERR,ERR,ERR,ERR,ERR,ERR,ERR,ERR,ERR,ERR,ERR,ERR,ERR,ERR,ERR,ERR,ERR,ERR,ERR,ERR,ERR,ERR,ERR,ERR,ERR,ERR,ERR,ERR,ERR,ERR,ERR,ERR,ERR,ERR,ERR,ERR,ERR,ERR,ERR,ERR,ERR,ERR,ERR,ERR,ERR,ERR,ERR,ERR,ERR,ERR,ERR,ERR,ERR,ERR,ERR,ERR,ERR,ERR,ERR,ERR,ERR,ERR,ERR,ERR,ERR,ERR,ERR,ERR,ERR,ERR,ERR,ERR,ERR,ERR,ERR,ERR,ERR,ERR,ERR,ERR,ERR,ERR,ERR,ERR,ERR,ERR,ERR,ERR,ERR,ERR,ERR,ERR,ERR,ERR,2.7184264179883896e+23,0.0,0.0,2.718366610185338e+23,1.4790063948452122e+20,4.242245341163679e+36,0.0,0.0,0,0,4,17421,7116,0.0,100,0.0,0.0,0.0,0.0,0.0,0,0,0,0,0.0,0,0,0,0,0,0,0,0,0,0,0,0,0,0,0,0,0,0,0,0,0,0,0,0,0,0,0,0,0,0,0,0,0,31,40,40,71,65476,0,300,0,0,8,21553,0.0,-107605600.0,0.0,0.0,0.0,0.0,0.0,0.0,0.0,0.0,0.0,0.0,0.0,0.0,0.0,0.0,0.0,0.0,0.0,0.0,0.0,0.0,-2.004,3.697067826173549e+19,0.0,0.0,0.0,0.0,0.0,0.0,4851.0,-0.0,6928.0,2.7184264179883896e+23,0.0,2.004,2.004,0.0,0.0,0.0,0.0,69,89220.594,-3.2220001846995974e+26,0.0,0.0,0.0,0.0,0.0,0.0,0.0,0,0,0,0.0,0.0,0.0,0.0,0.0,0.0,0.0,0.0,0.0,0.0,0.0,0.0,0.0,0.0,0.0,0.0,0,-107875648.0,69,0.0,138,0.0,2.012,ERR,ERR,ERR,ERR,ERR,ERR,ERR,ERR,ERR,ERR,ERR,ERR,ERR,ERR,ERR,ERR,ERR,ERR,ERR,ERR,ERR,ERR,ERR,ERR,ERR,ERR,ERR,ERR,ERR,ERR,ERR,ERR,ERR,ERR,ERR,ERR,ERR,ERR,ERR,ERR,ERR,ERR,ERR,ERR,ERR,ERR,ERR,ERR,ERR,ERR,ERR,ERR,ERR,ERR,ERR,ERR,ERR,ERR,ERR,ERR,ERR,ERR,ERR,ERR,ERR,ERR,ERR,60.0,60.0,35,0.0,0.0,0.0,0.0,0.0,0.0,0.0,0.0,0.0,0.0,0.0,0.0,0.0,0.0,0.0,0.0,65.2,0,112,54,37,65476,0,300,0,0,8,20529,65476,0,0,2621,60.0,0.0,0.0,0.0,0.0,0.0
2026-07-09T15:14:16,ERR,ERR,ERR,ERR,ERR,ERR,ERR,ERR,ERR,ERR,ERR,ERR,ERR,ERR,ERR,ERR,ERR,ERR,ERR,ERR,ERR,ERR,ERR,ERR,ERR,ERR,ERR,ERR,ERR,ERR,ERR,ERR,ERR,ERR,ERR,ERR,ERR,ERR,ERR,ERR,ERR,ERR,ERR,ERR,ERR,ERR,ERR,ERR,ERR,ERR,ERR,ERR,ERR,ERR,ERR,ERR,ERR,ERR,ERR,ERR,ERR,ERR,ERR,ERR,ERR,ERR,ERR,ERR,ERR,ERR,ERR,ERR,ERR,ERR,ERR,ERR,ERR,ERR,ERR,ERR,ERR,ERR,ERR,ERR,ERR,ERR,ERR,ERR,ERR,ERR,ERR,ERR,ERR,ERR,ERR,ERR,ERR,ERR,ERR,ERR,ERR,ERR,ERR,ERR,ERR,ERR,ERR,ERR,ERR,ERR,ERR,ERR,ERR,ERR,ERR,ERR,ERR,ERR,ERR,ERR,ERR,ERR,ERR,ERR,ERR,2.7184264179883896e+23,0.0,0.0,2.718366610185338e+23,1.4790063948452122e+20,4.242245341163679e+36,0.0,0.0,0,0,4,17421,7116,0.0,100,0.0,0.0,0.0,0.0,0.0,0,0,0,0,0.0,0,0,0,0,0,0,0,0,0,0,0,0,0,0,0,0,0,0,0,0,0,0,0,0,0,0,0,0,0,0,0,0,0,31,40,40,71,65476,0,300,0,0,8,21553,0.0,-107605600.0,0.0,0.0,0.0,0.0,0.0,0.0,0.0,0.0,0.0,0.0,0.0,0.0,0.0,0.0,0.0,0.0,0.0,0.0,0.0,0.0,-2.004,3.697067826173549e+19,0.0,0.0,0.0,0.0,0.0,0.0,4851.0,-0.0,6928.0,2.7184264179883896e+23,0.0,2.004,2.004,0.0,0.0,0.0,0.0,69,89220.594,-3.2220001846995974e+26,0.0,0.0,0.0,0.0,0.0,0.0,0.0,0,0,0,0.0,0.0,0.0,0.0,0.0,0.0,0.0,0.0,0.0,0.0,0.0,0.0,0.0,0.0,0.0,0.0,0,-107875648.0,69,0.0,138,0.0,2.012,ERR,ERR,ERR,ERR,ERR,ERR,ERR,ERR,ERR,ERR,ERR,ERR,ERR,ERR,ERR,ERR,ERR,ERR,ERR,ERR,ERR,ERR,ERR,ERR,ERR,ERR,ERR,ERR,ERR,ERR,ERR,ERR,ERR,ERR,ERR,ERR,ERR,ERR,ERR,ERR,ERR,ERR,ERR,ERR,ERR,ERR,ERR,ERR,ERR,ERR,ERR,ERR,ERR,ERR,ERR,ERR,ERR,ERR,ERR,ERR,ERR,ERR,ERR,ERR,ERR,ERR,ERR,60.0,60.0,35,0.0,0.0,0.0,0.0,0.0,0.0,0.0,0.0,0.0,0.0,0.0,0.0,0.0,0.0,0.0,0.0,65.2,0,112,54,37,65476,0,300,0,0,8,20529,65476,0,0,2621,60.0,0.0,0.0,0.0,0.0,0.0
2026-07-09T15:14:17,ERR,ERR,ERR,ERR,ERR,ERR,ERR,ERR,ERR,ERR,ERR,ERR,ERR,ERR,ERR,ERR,ERR,ERR,ERR,ERR,ERR,ERR,ERR,ERR,ERR,ERR,ERR,ERR,ERR,ERR,ERR,ERR,ERR,ERR,ERR,ERR,ERR,ERR,ERR,ERR,ERR,ERR,ERR,ERR,ERR,ERR,ERR,ERR,ERR,ERR,ERR,ERR,ERR,ERR,ERR,ERR,ERR,ERR,ERR,ERR,ERR,ERR,ERR,ERR,ERR,ERR,ERR,ERR,ERR,ERR,ERR,ERR,ERR,ERR,ERR,ERR,ERR,ERR,ERR,ERR,ERR,ERR,ERR,ERR,ERR,ERR,ERR,ERR,ERR,ERR,ERR,ERR,ERR,ERR,ERR,ERR,ERR,ERR,ERR,ERR,ERR,ERR,ERR,ERR,ERR,ERR,ERR,ERR,ERR,ERR,ERR,ERR,ERR,ERR,ERR,ERR,ERR,ERR,ERR,ERR,ERR,ERR,ERR,ERR,ERR,2.7184264179883896e+23,0.0,0.0,2.718366610185338e+23,1.4790063948452122e+20,4.242245341163679e+36,0.0,0.0,0,0,4,17421,7116,0.0,100,0.0,0.0,0.0,0.0,0.0,0,0,0,0,0.0,0,0,0,0,0,0,0,0,0,0,0,0,0,0,0,0,0,0,0,0,0,0,0,0,0,0,0,0,0,0,0,0,0,31,40,40,71,65476,0,300,0,0,8,21553,0.0,-107605600.0,0.0,0.0,0.0,0.0,0.0,0.0,0.0,0.0,0.0,0.0,0.0,0.0,0.0,0.0,0.0,0.0,0.0,0.0,0.0,0.0,-2.004,3.697067826173549e+19,0.0,0.0,0.0,0.0,0.0,0.0,4851.0,-0.0,6928.0,2.7184264179883896e+23,0.0,2.004,2.004,0.0,0.0,0.0,0.0,69,89220.594,-3.2220001846995974e+26,0.0,0.0,0.0,0.0,0.0,0.0,0.0,0,0,0,0.0,0.0,0.0,0.0,0.0,0.0,0.0,0.0,0.0,0.0,0.0,0.0,0.0,0.0,0.0,0.0,0,-107875648.0,69,0.0,138,0.0,2.012,ERR,ERR,ERR,ERR,ERR,ERR,ERR,ERR,ERR,ERR,ERR,ERR,ERR,ERR,ERR,ERR,ERR,ERR,ERR,ERR,ERR,ERR,ERR,ERR,ERR,ERR,ERR,ERR,ERR,ERR,ERR,ERR,ERR,ERR,ERR,ERR,ERR,ERR,ERR,ERR,ERR,ERR,ERR,ERR,ERR,ERR,ERR,ERR,ERR,ERR,ERR,ERR,ERR,ERR,ERR,ERR,ERR,ERR,ERR,ERR,ERR,ERR,ERR,ERR,ERR,ERR,ERR,60.0,60.0,35,0.0,0.0,0.0,0.0,0.0,0.0,0.0,0.0,0.0,0.0,0.0,0.0,0.0,0.0,0.0,0.0,65.6,0,112,54,37,65476,0,300,0,0,8,20529,65476,0,0,2621,60.0,0.0,0.0,0.0,0.0,0.0
2026-07-09T15:14:18,ERR,ERR,ERR,ERR,ERR,ERR,ERR,ERR,ERR,ERR,ERR,ERR,ERR,ERR,ERR,ERR,ERR,ERR,ERR,ERR,ERR,ERR,ERR,ERR,ERR,ERR,ERR,ERR,ERR,ERR,ERR,ERR,ERR,ERR,ERR,ERR,ERR,ERR,ERR,ERR,ERR,ERR,ERR,ERR,ERR,ERR,ERR,ERR,ERR,ERR,ERR,ERR,ERR,ERR,ERR,ERR,ERR,ERR,ERR,ERR,ERR,ERR,ERR,ERR,ERR,ERR,ERR,ERR,ERR,ERR,ERR,ERR,ERR,ERR,ERR,ERR,ERR,ERR,ERR,ERR,ERR,ERR,ERR,ERR,ERR,ERR,ERR,ERR,ERR,ERR,ERR,ERR,ERR,ERR,ERR,ERR,ERR,ERR,ERR,ERR,ERR,ERR,ERR,ERR,ERR,ERR,ERR,ERR,ERR,ERR,ERR,ERR,ERR,ERR,ERR,ERR,ERR,ERR,ERR,ERR,ERR,ERR,ERR,ERR,ERR,2.7184264179883896e+23,0.0,0.0,2.718366610185338e+23,1.4790063948452122e+20,0.0,-0.023,1.2638557724090525e+33,0,0,4,17424,7116,0.0,100,0.0,0.0,2.718366610185338e+23,0.0,0.0,0,0,0,0,0.0,0,0,0,0,0,0,0,0,0,0,0,0,0,0,0,0,0,0,0,0,0,0,0,0,0,0,0,0,0,0,0,0,0,31,40,40,71,65476,0,300,0,0,8,21553,0.0,-107605600.0,0.0,0.0,0.0,0.0,0.0,0.0,0.0,0.0,0.0,0.0,0.0,0.0,0.0,0.0,0.0,0.0,0.0,0.0,0.0,0.0,-0.0,2.004,0.0,0.0,0.0,0.0,0.0,0.0,4845.0,564145497833472.0,6923.0,2.7184264179883896e+23,0.0,2.004,2.004,0.0,0.0,0.0,0.0,69,0.0,-0.0,0.0,0.0,0.0,0.0,0.0,0.0,0.0,0,0,0,0.0,0.0,0.0,0.0,0.0,0.0,0.0,0.0,0.0,0.0,0.0,0.0,0.0,0.0,0.0,0.0,0,-107875648.0,69,0.0,138,0.0,2.012,ERR,ERR,ERR,ERR,ERR,ERR,ERR,ERR,ERR,ERR,ERR,ERR,ERR,ERR,ERR,ERR,ERR,ERR,ERR,ERR,ERR,ERR,ERR,ERR,ERR,ERR,ERR,ERR,ERR,ERR,ERR,ERR,ERR,ERR,ERR,ERR,ERR,ERR,ERR,ERR,ERR,ERR,ERR,ERR,ERR,ERR,ERR,ERR,ERR,ERR,ERR,ERR,ERR,ERR,ERR,ERR,ERR,ERR,ERR,ERR,ERR,ERR,ERR,ERR,ERR,ERR,ERR,60.0,60.0,35,0.0,0.0,0.0,0.0,0.0,0.0,0.0,0.0,0.0,0.0,0.0,0.0,0.0,0.0,0.0,0.0,65.6,0,112,54,37,65476,0,300,0,0,8,20529,65476,0,0,2621,60.0,0.0,0.0,0.0,0.0,0.0
2026-07-09T15:14:19,ERR,ERR,ERR,ERR,ERR,ERR,ERR,ERR,ERR,ERR,ERR,ERR,ERR,ERR,ERR,ERR,ERR,ERR,ERR,ERR,ERR,ERR,ERR,ERR,ERR,ERR,ERR,ERR,ERR,ERR,ERR,ERR,ERR,ERR,ERR,ERR,ERR,ERR,ERR,ERR,ERR,ERR,ERR,ERR,ERR,ERR,ERR,ERR,ERR,ERR,ERR,ERR,ERR,ERR,ERR,ERR,ERR,ERR,ERR,ERR,ERR,ERR,ERR,ERR,ERR,ERR,ERR,ERR,ERR,ERR,ERR,ERR,ERR,ERR,ERR,ERR,ERR,ERR,ERR,ERR,ERR,ERR,ERR,ERR,ERR,ERR,ERR,ERR,ERR,ERR,ERR,ERR,ERR,ERR,ERR,ERR,ERR,ERR,ERR,ERR,ERR,ERR,ERR,ERR,ERR,ERR,ERR,ERR,ERR,ERR,ERR,ERR,ERR,ERR,ERR,ERR,ERR,ERR,ERR,ERR,ERR,ERR,ERR,ERR,ERR,2.7184264179883896e+23,0.0,0.0,2.718366610185338e+23,1.4790063948452122e+20,0.0,-0.023,1.2638557724090525e+33,0,0,4,17424,7116,0.0,100,0.0,0.0,2.718366610185338e+23,0.0,0.0,0,0,0,0,0.0,0,0,0,0,0,0,0,0,0,0,0,0,0,0,0,0,0,0,0,0,0,0,0,0,0,0,0,0,0,0,0,0,0,31,40,40,71,65476,0,300,0,0,8,21553,0.0,-107605600.0,0.0,0.0,0.0,0.0,0.0,0.0,0.0,0.0,0.0,0.0,0.0,0.0,0.0,0.0,0.0,0.0,0.0,0.0,0.0,0.0,-0.0,2.004,0.0,0.0,0.0,0.0,0.0,0.0,4845.0,564145497833472.0,6923.0,2.7184264179883896e+23,0.0,2.004,2.004,0.0,0.0,0.0,0.0,69,0.0,-0.0,0.0,0.0,0.0,0.0,0.0,0.0,0.0,0,0,0,0.0,0.0,0.0,0.0,0.0,0.0,0.0,0.0,0.0,0.0,0.0,0.0,0.0,0.0,0.0,0.0,0,-107875648.0,69,0.0,138,0.0,2.012,ERR,ERR,ERR,ERR,ERR,ERR,ERR,ERR,ERR,ERR,ERR,ERR,ERR,ERR,ERR,ERR,ERR,ERR,ERR,ERR,ERR,ERR,ERR,ERR,ERR,ERR,ERR,ERR,ERR,ERR,ERR,ERR,ERR,ERR,ERR,ERR,ERR,ERR,ERR,ERR,ERR,ERR,ERR,ERR,ERR,ERR,ERR,ERR,ERR,ERR,ERR,ERR,ERR,ERR,ERR,ERR,ERR,ERR,ERR,ERR,ERR,ERR,ERR,ERR,ERR,ERR,ERR,60.0,60.0,35,0.0,0.0,0.0,0.0,0.0,0.0,0.0,0.0,0.0,0.0,0.0,0.0,0.0,0.0,0.0,0.0,65.2,0,113,54,37,65476,0,300,0,0,8,20529,65476,0,0,2621,60.0,0.0,0.0,0.0,0.0,0.0
2026-07-09T15:14:20,ERR,ERR,ERR,ERR,ERR,ERR,ERR,ERR,ERR,ERR,ERR,ERR,ERR,ERR,ERR,ERR,ERR,ERR,ERR,ERR,ERR,ERR,ERR,ERR,ERR,ERR,ERR,ERR,ERR,ERR,ERR,ERR,ERR,ERR,ERR,ERR,ERR,ERR,ERR,ERR,ERR,ERR,ERR,ERR,ERR,ERR,ERR,ERR,ERR,ERR,ERR,ERR,ERR,ERR,ERR,ERR,ERR,ERR,ERR,ERR,ERR,ERR,ERR,ERR,ERR,ERR,ERR,ERR,ERR,ERR,ERR,ERR,ERR,ERR,ERR,ERR,ERR,ERR,ERR,ERR,ERR,ERR,ERR,ERR,ERR,ERR,ERR,ERR,ERR,ERR,ERR,ERR,ERR,ERR,ERR,ERR,ERR,ERR,ERR,ERR,ERR,ERR,ERR,ERR,ERR,ERR,ERR,ERR,ERR,ERR,ERR,ERR,ERR,ERR,ERR,ERR,ERR,ERR,ERR,ERR,ERR,ERR,ERR,ERR,ERR,2.7184264179883896e+23,0.0,0.0,2.718366610185338e+23,1.4790063948452122e+20,0.0,-0.023,1.2638557724090525e+33,0,0,4,17424,7116,0.0,100,0.0,0.0,2.718366610185338e+23,0.0,0.0,0,0,0,0,0.0,0,0,0,0,0,0,0,0,0,0,0,0,0,0,0,0,0,0,0,0,0,0,0,0,0,0,0,0,0,0,0,0,0,31,40,40,71,65476,0,300,0,0,8,21553,0.0,-107605600.0,0.0,0.0,0.0,0.0,0.0,0.0,0.0,0.0,0.0,0.0,0.0,0.0,0.0,0.0,0.0,0.0,0.0,0.0,0.0,0.0,-0.0,2.004,0.0,0.0,0.0,0.0,0.0,0.0,4845.0,564145497833472.0,6923.0,2.7184264179883896e+23,0.0,2.004,2.004,0.0,0.0,0.0,0.0,69,0.0,-0.0,0.0,0.0,0.0,0.0,0.0,0.0,0.0,0,0,0,0.0,0.0,0.0,0.0,0.0,0.0,0.0,0.0,0.0,0.0,0.0,0.0,0.0,0.0,0.0,0.0,0,-107875648.0,69,0.0,138,0.0,2.012,ERR,ERR,ERR,ERR,ERR,ERR,ERR,ERR,ERR,ERR,ERR,ERR,ERR,ERR,ERR,ERR,ERR,ERR,ERR,ERR,ERR,ERR,ERR,ERR,ERR,ERR,ERR,ERR,ERR,ERR,ERR,ERR,ERR,ERR,ERR,ERR,ERR,ERR,ERR,ERR,ERR,ERR,ERR,ERR,ERR,ERR,ERR,ERR,ERR,ERR,ERR,ERR,ERR,ERR,ERR,ERR,ERR,ERR,ERR,ERR,ERR,ERR,ERR,ERR,ERR,ERR,ERR,60.0,60.0,35,0.0,0.0,0.0,0.0,0.0,0.0,0.0,0.0,0.0,0.0,0.0,0.0,0.0,0.0,0.0,0.0,65.2,0,113,54,37,65476,0,300,0,0,8,20529,65476,0,0,2621,60.0,0.0,0.0,0.0,0.0,0.0
2026-07-09T15:14:21,ERR,ERR,ERR,ERR,ERR,ERR,ERR,ERR,ERR,ERR,ERR,ERR,ERR,ERR,ERR,ERR,ERR,ERR,ERR,ERR,ERR,ERR,ERR,ERR,ERR,ERR,ERR,ERR,ERR,ERR,ERR,ERR,ERR,ERR,ERR,ERR,ERR,ERR,ERR,ERR,ERR,ERR,ERR,ERR,ERR,ERR,ERR,ERR,ERR,ERR,ERR,ERR,ERR,ERR,ERR,ERR,ERR,ERR,ERR,ERR,ERR,ERR,ERR,ERR,ERR,ERR,ERR,ERR,ERR,ERR,ERR,ERR,ERR,ERR,ERR,ERR,ERR,ERR,ERR,ERR,ERR,ERR,ERR,ERR,ERR,ERR,ERR,ERR,ERR,ERR,ERR,ERR,ERR,ERR,ERR,ERR,ERR,ERR,ERR,ERR,ERR,ERR,ERR,ERR,ERR,ERR,ERR,ERR,ERR,ERR,ERR,ERR,ERR,ERR,ERR,ERR,ERR,ERR,ERR,ERR,ERR,ERR,ERR,ERR,ERR,2.7184264179883896e+23,0.0,0.0,2.718366610185338e+23,1.4790063948452122e+20,0.0,-0.023,1.2638557724090525e+33,0,0,4,17424,7116,0.0,100,0.0,0.0,2.718366610185338e+23,0.0,0.0,0,0,0,0,0.0,0,0,0,0,0,0,0,0,0,0,0,0,0,0,0,0,0,0,0,0,0,0,0,0,0,0,0,0,0,0,0,0,0,31,40,40,71,65476,0,300,0,0,8,21553,0.0,-107605600.0,0.0,0.0,0.0,0.0,0.0,0.0,0.0,0.0,0.0,0.0,0.0,0.0,0.0,0.0,0.0,0.0,0.0,0.0,0.0,0.0,-0.0,2.004,0.0,0.0,0.0,0.0,0.0,0.0,4845.0,564145497833472.0,6923.0,2.7184264179883896e+23,0.0,2.004,2.004,0.0,0.0,0.0,0.0,69,0.0,-0.0,0.0,0.0,0.0,0.0,0.0,0.0,0.0,0,0,0,0.0,0.0,0.0,0.0,0.0,0.0,0.0,0.0,0.0,0.0,0.0,0.0,0.0,0.0,0.0,0.0,0,-107875648.0,69,0.0,138,0.0,2.012,ERR,ERR,ERR,ERR,ERR,ERR,ERR,ERR,ERR,ERR,ERR,ERR,ERR,ERR,ERR,ERR,ERR,ERR,ERR,ERR,ERR,ERR,ERR,ERR,ERR,ERR,ERR,ERR,ERR,ERR,ERR,ERR,ERR,ERR,ERR,ERR,ERR,ERR,ERR,ERR,ERR,ERR,ERR,ERR,ERR,ERR,ERR,ERR,ERR,ERR,ERR,ERR,ERR,ERR,ERR,ERR,ERR,ERR,ERR,ERR,ERR,ERR,ERR,ERR,ERR,ERR,ERR,60.0,60.0,35,0.0,0.0,0.0,0.0,0.0,0.0,0.0,0.0,0.0,0.0,0.0,0.0,0.0,0.0,0.0,0.0,65.2,0,113,54,37,65476,0,300,0,0,8,20529,65476,0,0,2621,60.0,0.0,0.0,0.0,0.0,0.0
2026-07-09T15:14:22,ERR,ERR,ERR,ERR,ERR,ERR,ERR,ERR,ERR,ERR,ERR,ERR,ERR,ERR,ERR,ERR,ERR,ERR,ERR,ERR,ERR,ERR,ERR,ERR,ERR,ERR,ERR,ERR,ERR,ERR,ERR,ERR,ERR,ERR,ERR,ERR,ERR,ERR,ERR,ERR,ERR,ERR,ERR,ERR,ERR,ERR,ERR,ERR,ERR,ERR,ERR,ERR,ERR,ERR,ERR,ERR,ERR,ERR,ERR,ERR,ERR,ERR,ERR,ERR,ERR,ERR,ERR,ERR,ERR,ERR,ERR,ERR,ERR,ERR,ERR,ERR,ERR,ERR,ERR,ERR,ERR,ERR,ERR,ERR,ERR,ERR,ERR,ERR,ERR,ERR,ERR,ERR,ERR,ERR,ERR,ERR,ERR,ERR,ERR,ERR,ERR,ERR,ERR,ERR,ERR,ERR,ERR,ERR,ERR,ERR,ERR,ERR,ERR,ERR,ERR,ERR,ERR,ERR,ERR,ERR,ERR,ERR,ERR,ERR,ERR,2.7184264179883896e+23,0.0,0.0,2.718366610185338e+23,1.4790063948452122e+20,0.0,-0.023,1.2638557724090525e+33,0,0,4,17424,7116,0.0,100,0.0,0.0,2.718366610185338e+23,0.0,0.0,0,0,0,0,0.0,0,0,0,0,0,0,0,0,0,0,0,0,0,0,0,0,0,0,0,0,0,0,0,0,0,0,0,0,0,0,0,0,0,31,40,40,71,65476,0,300,0,0,8,21553,0.0,-107605600.0,0.0,0.0,0.0,0.0,0.0,0.0,0.0,0.0,0.0,0.0,0.0,0.0,0.0,0.0,0.0,0.0,0.0,0.0,0.0,0.0,-0.0,2.004,0.0,0.0,0.0,0.0,0.0,0.0,4845.0,564145497833472.0,6923.0,2.7184264179883896e+23,0.0,2.004,2.004,0.0,0.0,0.0,0.0,69,0.0,-0.0,0.0,0.0,0.0,0.0,0.0,0.0,0.0,0,0,0,0.0,0.0,0.0,0.0,0.0,0.0,0.0,0.0,0.0,0.0,0.0,0.0,0.0,0.0,0.0,0.0,0,-107875648.0,69,0.0,138,0.0,2.012,ERR,ERR,ERR,ERR,ERR,ERR,ERR,ERR,ERR,ERR,ERR,ERR,ERR,ERR,ERR,ERR,ERR,ERR,ERR,ERR,ERR,ERR,ERR,ERR,ERR,ERR,ERR,ERR,ERR,ERR,ERR,ERR,ERR,ERR,ERR,ERR,ERR,ERR,ERR,ERR,ERR,ERR,ERR,ERR,ERR,ERR,ERR,ERR,ERR,ERR,ERR,ERR,ERR,ERR,ERR,ERR,ERR,ERR,ERR,ERR,ERR,ERR,ERR,ERR,ERR,ERR,ERR,60.0,60.0,35,0.0,0.0,0.0,0.0,0.0,0.0,0.0,0.0,0.0,0.0,0.0,0.0,0.0,0.0,0.0,0.0,65.2,0,113,54,37,65476,0,300,0,0,8,20529,65476,0,0,2621,60.0,0.0,0.0,0.0,0.0,0.0
2026-07-09T15:14:23,ERR,ERR,ERR,ERR,ERR,ERR,ERR,ERR,ERR,ERR,ERR,ERR,ERR,ERR,ERR,ERR,ERR,ERR,ERR,ERR,ERR,ERR,ERR,ERR,ERR,ERR,ERR,ERR,ERR,ERR,ERR,ERR,ERR,ERR,ERR,ERR,ERR,ERR,ERR,ERR,ERR,ERR,ERR,ERR,ERR,ERR,ERR,ERR,ERR,ERR,ERR,ERR,ERR,ERR,ERR,ERR,ERR,ERR,ERR,ERR,ERR,ERR,ERR,ERR,ERR,ERR,ERR,ERR,ERR,ERR,ERR,ERR,ERR,ERR,ERR,ERR,ERR,ERR,ERR,ERR,ERR,ERR,ERR,ERR,ERR,ERR,ERR,ERR,ERR,ERR,ERR,ERR,ERR,ERR,ERR,ERR,ERR,ERR,ERR,ERR,ERR,ERR,ERR,ERR,ERR,ERR,ERR,ERR,ERR,ERR,ERR,ERR,ERR,ERR,ERR,ERR,ERR,ERR,ERR,ERR,ERR,ERR,ERR,ERR,ERR,2.7184264179883896e+23,0.0,0.0,2.718366610185338e+23,1.4790063948452122e+20,0.0,-0.023,1.2638557724090525e+33,0,0,4,17424,7116,0.0,100,0.0,0.0,2.718366610185338e+23,0.0,0.0,0,0,0,0,0.0,0,0,0,0,0,0,0,0,0,0,0,0,0,0,0,0,0,0,0,0,0,0,0,0,0,0,0,0,0,0,0,0,0,31,40,40,71,65476,0,300,0,0,8,21553,0.0,-107605600.0,0.0,0.0,0.0,0.0,0.0,0.0,0.0,0.0,0.0,0.0,0.0,0.0,0.0,0.0,0.0,0.0,0.0,0.0,0.0,0.0,-0.0,2.004,0.0,0.0,0.0,0.0,0.0,0.0,4845.0,564145497833472.0,6923.0,2.7184264179883896e+23,0.0,2.004,2.004,0.0,0.0,0.0,0.0,69,0.0,-0.0,0.0,0.0,0.0,0.0,0.0,0.0,0.0,0,0,0,0.0,0.0,0.0,0.0,0.0,0.0,0.0,0.0,0.0,0.0,0.0,0.0,0.0,0.0,0.0,0.0,0,-107875648.0,69,0.0,138,0.0,2.012,ERR,ERR,ERR,ERR,ERR,ERR,ERR,ERR,ERR,ERR,ERR,ERR,ERR,ERR,ERR,ERR,ERR,ERR,ERR,ERR,ERR,ERR,ERR,ERR,ERR,ERR,ERR,ERR,ERR,ERR,ERR,ERR,ERR,ERR,ERR,ERR,ERR,ERR,ERR,ERR,ERR,ERR,ERR,ERR,ERR,ERR,ERR,ERR,ERR,ERR,ERR,ERR,ERR,ERR,ERR,ERR,ERR,ERR,ERR,ERR,ERR,ERR,ERR,ERR,ERR,ERR,ERR,60.0,60.0,35,0.0,0.0,0.0,0.0,0.0,0.0,0.0,0.0,0.0,0.0,0.0,0.0,0.0,0.0,0.0,0.0,65.2,0,113,54,37,65476,0,300,0,0,8,20529,65476,0,0,2621,60.0,0.0,0.0,0.0,0.0,0.0
2026-07-09T15:14:24,ERR,ERR,ERR,ERR,ERR,ERR,ERR,ERR,ERR,ERR,ERR,ERR,ERR,ERR,ERR,ERR,ERR,ERR,ERR,ERR,ERR,ERR,ERR,ERR,ERR,ERR,ERR,ERR,ERR,ERR,ERR,ERR,ERR,ERR,ERR,ERR,ERR,ERR,ERR,ERR,ERR,ERR,ERR,ERR,ERR,ERR,ERR,ERR,ERR,ERR,ERR,ERR,ERR,ERR,ERR,ERR,ERR,ERR,ERR,ERR,ERR,ERR,ERR,ERR,ERR,ERR,ERR,ERR,ERR,ERR,ERR,ERR,ERR,ERR,ERR,ERR,ERR,ERR,ERR,ERR,ERR,ERR,ERR,ERR,ERR,ERR,ERR,ERR,ERR,ERR,ERR,ERR,ERR,ERR,ERR,ERR,ERR,ERR,ERR,ERR,ERR,ERR,ERR,ERR,ERR,ERR,ERR,ERR,ERR,ERR,ERR,ERR,ERR,ERR,ERR,ERR,ERR,ERR,ERR,ERR,ERR,ERR,ERR,ERR,ERR,0.0,0.0,2.7184188519410157e+23,0.0,-1.1622816592510083e+26,0.0,-0.0,0.0,0,0,4,17421,7116,0.0,100,0.0,0.0,0.0,0.0,0.0,0,0,0,0,0.0,0,0,0,0,0,0,0,0,0,0,0,0,0,0,0,0,0,0,0,0,0,0,0,0,0,0,0,0,0,0,0,0,0,31,40,40,71,65476,0,300,0,0,8,21553,0.0,-107605600.0,0.0,0.0,0.0,0.0,0.0,0.0,0.0,0.0,0.0,0.0,0.0,0.0,0.0,0.0,0.0,0.0,0.0,0.0,0.0,0.0,2.004,2.004,0.0,0.0,0.0,0.0,0.0,0.0,4842.0,3.697183934601442e+19,6924.0,0.0,0.0,2.004,2.004,0.0,0.0,0.0,0.0,69,-3.222003874048412e+26,-71.629,0.0,0.0,0.0,0.0,0.0,0.0,0.0,0,0,0,0.0,0.0,0.0,0.0,0.0,0.0,0.0,0.0,0.0,0.0,0.0,0.0,0.0,0.0,0.0,0.0,0,-107875648.0,69,0.0,138,0.0,2.012,ERR,ERR,ERR,ERR,ERR,ERR,ERR,ERR,ERR,ERR,ERR,ERR,ERR,ERR,ERR,ERR,ERR,ERR,ERR,ERR,ERR,ERR,ERR,ERR,ERR,ERR,ERR,ERR,ERR,ERR,ERR,ERR,ERR,ERR,ERR,ERR,ERR,ERR,ERR,ERR,ERR,ERR,ERR,ERR,ERR,ERR,ERR,ERR,ERR,ERR,ERR,ERR,ERR,ERR,ERR,ERR,ERR,ERR,ERR,ERR,ERR,ERR,ERR,ERR,ERR,ERR,ERR,60.0,60.0,35,0.0,0.0,0.0,0.0,0.0,0.0,0.0,0.0,0.0,0.0,0.0,0.0,0.0,0.0,0.0,0.0,65.6,0,113,54,37,65476,0,300,0,0,8,20529,65476,0,0,2621,60.0,0.0,0.0,0.0,0.0,0.0
2026-07-09T15:14:25,ERR,ERR,ERR,ERR,ERR,ERR,ERR,ERR,ERR,ERR,ERR,ERR,ERR,ERR,ERR,ERR,ERR,ERR,ERR,ERR,ERR,ERR,ERR,ERR,ERR,ERR,ERR,ERR,ERR,ERR,ERR,ERR,ERR,ERR,ERR,ERR,ERR,ERR,ERR,ERR,ERR,ERR,ERR,ERR,ERR,ERR,ERR,ERR,ERR,ERR,ERR,ERR,ERR,ERR,ERR,ERR,ERR,ERR,ERR,ERR,ERR,ERR,ERR,ERR,ERR,ERR,ERR,ERR,ERR,ERR,ERR,ERR,ERR,ERR,ERR,ERR,ERR,ERR,ERR,ERR,ERR,ERR,ERR,ERR,ERR,ERR,ERR,ERR,ERR,ERR,ERR,ERR,ERR,ERR,ERR,ERR,ERR,ERR,ERR,ERR,ERR,ERR,ERR,ERR,ERR,ERR,ERR,ERR,ERR,ERR,ERR,ERR,ERR,ERR,ERR,ERR,ERR,ERR,ERR,ERR,ERR,ERR,ERR,ERR,ERR,0.0,0.0,2.7184188519410157e+23,0.0,-1.1622816592510083e+26,0.0,-0.0,0.0,0,0,4,17421,7116,0.0,100,0.0,0.0,0.0,0.0,0.0,0,0,0,0,0.0,0,0,0,0,0,0,0,0,0,0,0,0,0,0,0,0,0,0,0,0,0,0,0,0,0,0,0,0,0,0,0,0,0,31,40,40,71,65476,0,300,0,0,8,21553,0.0,-107605600.0,0.0,0.0,0.0,0.0,0.0,0.0,0.0,0.0,0.0,0.0,0.0,0.0,0.0,0.0,0.0,0.0,0.0,0.0,0.0,0.0,2.004,2.004,0.0,0.0,0.0,0.0,0.0,0.0,4842.0,3.697183934601442e+19,6924.0,0.0,0.0,2.004,2.004,0.0,0.0,0.0,0.0,69,-3.222003874048412e+26,-71.629,0.0,0.0,0.0,0.0,0.0,0.0,0.0,0,0,0,0.0,0.0,0.0,0.0,0.0,0.0,0.0,0.0,0.0,0.0,0.0,0.0,0.0,0.0,0.0,0.0,0,-107875648.0,69,0.0,138,0.0,2.012,ERR,ERR,ERR,ERR,ERR,ERR,ERR,ERR,ERR,ERR,ERR,ERR,ERR,ERR,ERR,ERR,ERR,ERR,ERR,ERR,ERR,ERR,ERR,ERR,ERR,ERR,ERR,ERR,ERR,ERR,ERR,ERR,ERR,ERR,ERR,ERR,ERR,ERR,ERR,ERR,ERR,ERR,ERR,ERR,ERR,ERR,ERR,ERR,ERR,ERR,ERR,ERR,ERR,ERR,ERR,ERR,ERR,ERR,ERR,ERR,ERR,ERR,ERR,ERR,ERR,ERR,ERR,60.0,60.0,35,0.0,0.0,0.0,0.0,0.0,0.0,0.0,0.0,0.0,0.0,0.0,0.0,0.0,0.0,0.0,0.0,65.6,0,113,54,37,65476,0,300,0,0,8,20529,65476,0,0,2621,60.0,0.0,0.0,0.0,0.0,0.0
2026-07-09T15:14:26,ERR,ERR,ERR,ERR,ERR,ERR,ERR,ERR,ERR,ERR,ERR,ERR,ERR,ERR,ERR,ERR,ERR,ERR,ERR,ERR,ERR,ERR,ERR,ERR,ERR,ERR,ERR,ERR,ERR,ERR,ERR,ERR,ERR,ERR,ERR,ERR,ERR,ERR,ERR,ERR,ERR,ERR,ERR,ERR,ERR,ERR,ERR,ERR,ERR,ERR,ERR,ERR,ERR,ERR,ERR,ERR,ERR,ERR,ERR,ERR,ERR,ERR,ERR,ERR,ERR,ERR,ERR,ERR,ERR,ERR,ERR,ERR,ERR,ERR,ERR,ERR,ERR,ERR,ERR,ERR,ERR,ERR,ERR,ERR,ERR,ERR,ERR,ERR,ERR,ERR,ERR,ERR,ERR,ERR,ERR,ERR,ERR,ERR,ERR,ERR,ERR,ERR,ERR,ERR,ERR,ERR,ERR,ERR,ERR,ERR,ERR,ERR,ERR,ERR,ERR,ERR,ERR,ERR,ERR,ERR,ERR,ERR,ERR,ERR,ERR,0.0,0.0,2.7184188519410157e+23,0.0,-1.1622816592510083e+26,0.0,-0.0,0.0,0,0,4,17421,7116,0.0,100,0.0,0.0,0.0,0.0,0.0,0,0,0,0,0.0,0,0,0,0,0,0,0,0,0,0,0,0,0,0,0,0,0,0,0,0,0,0,0,0,0,0,0,0,0,0,0,0,0,31,40,40,71,65476,0,300,0,0,8,21553,0.0,-107605600.0,0.0,0.0,0.0,0.0,0.0,0.0,0.0,0.0,0.0,0.0,0.0,0.0,0.0,0.0,0.0,0.0,0.0,0.0,0.0,0.0,2.004,2.004,0.0,0.0,0.0,0.0,0.0,0.0,4842.0,3.697183934601442e+19,6924.0,0.0,0.0,2.004,2.004,0.0,0.0,0.0,0.0,69,-3.222003874048412e+26,-71.629,0.0,0.0,0.0,0.0,0.0,0.0,0.0,0,0,0,0.0,0.0,0.0,0.0,0.0,0.0,0.0,0.0,0.0,0.0,0.0,0.0,0.0,0.0,0.0,0.0,0,-107875648.0,69,0.0,138,0.0,2.012,ERR,ERR,ERR,ERR,ERR,ERR,ERR,ERR,ERR,ERR,ERR,ERR,ERR,ERR,ERR,ERR,ERR,ERR,ERR,ERR,ERR,ERR,ERR,ERR,ERR,ERR,ERR,ERR,ERR,ERR,ERR,ERR,ERR,ERR,ERR,ERR,ERR,ERR,ERR,ERR,ERR,ERR,ERR,ERR,ERR,ERR,ERR,ERR,ERR,ERR,ERR,ERR,ERR,ERR,ERR,ERR,ERR,ERR,ERR,ERR,ERR,ERR,ERR,ERR,ERR,ERR,ERR,60.0,60.0,35,0.0,0.0,0.0,0.0,0.0,0.0,0.0,0.0,0.0,0.0,0.0,0.0,0.0,0.0,0.0,0.0,65.2,0,113,54,37,65476,0,300,0,0,8,20529,65476,0,0,2621,60.0,0.0,0.0,0.0,0.0,0.0
2026-07-09T15:14:27,ERR,ERR,ERR,ERR,ERR,ERR,ERR,ERR,ERR,ERR,ERR,ERR,ERR,ERR,ERR,ERR,ERR,ERR,ERR,ERR,ERR,ERR,ERR,ERR,ERR,ERR,ERR,ERR,ERR,ERR,ERR,ERR,ERR,ERR,ERR,ERR,ERR,ERR,ERR,ERR,ERR,ERR,ERR,ERR,ERR,ERR,ERR,ERR,ERR,ERR,ERR,ERR,ERR,ERR,ERR,ERR,ERR,ERR,ERR,ERR,ERR,ERR,ERR,ERR,ERR,ERR,ERR,ERR,ERR,ERR,ERR,ERR,ERR,ERR,ERR,ERR,ERR,ERR,ERR,ERR,ERR,ERR,ERR,ERR,ERR,ERR,ERR,ERR,ERR,ERR,ERR,ERR,ERR,ERR,ERR,ERR,ERR,ERR,ERR,ERR,ERR,ERR,ERR,ERR,ERR,ERR,ERR,ERR,ERR,ERR,ERR,ERR,ERR,ERR,ERR,ERR,ERR,ERR,ERR,ERR,ERR,ERR,ERR,ERR,ERR,0.0,0.0,2.7184188519410157e+23,0.0,-1.1622816592510083e+26,0.0,-0.0,0.0,0,0,4,17421,7116,0.0,100,0.0,0.0,0.0,0.0,0.0,0,0,0,0,0.0,0,0,0,0,0,0,0,0,0,0,0,0,0,0,0,0,0,0,0,0,0,0,0,0,0,0,0,0,0,0,0,0,0,31,40,40,71,65476,0,300,0,0,8,21553,0.0,-107605600.0,0.0,0.0,0.0,0.0,0.0,0.0,0.0,0.0,0.0,0.0,0.0,0.0,0.0,0.0,0.0,0.0,0.0,0.0,0.0,0.0,2.004,2.004,0.0,0.0,0.0,0.0,0.0,0.0,4842.0,3.697183934601442e+19,6924.0,0.0,0.0,2.004,2.004,0.0,0.0,0.0,0.0,69,-3.222003874048412e+26,-71.629,0.0,0.0,0.0,0.0,0.0,0.0,0.0,0,0,0,0.0,0.0,0.0,0.0,0.0,0.0,0.0,0.0,0.0,0.0,0.0,0.0,0.0,0.0,0.0,0.0,0,-107875648.0,69,0.0,138,0.0,2.012,ERR,ERR,ERR,ERR,ERR,ERR,ERR,ERR,ERR,ERR,ERR,ERR,ERR,ERR,ERR,ERR,ERR,ERR,ERR,ERR,ERR,ERR,ERR,ERR,ERR,ERR,ERR,ERR,ERR,ERR,ERR,ERR,ERR,ERR,ERR,ERR,ERR,ERR,ERR,ERR,ERR,ERR,ERR,ERR,ERR,ERR,ERR,ERR,ERR,ERR,ERR,ERR,ERR,ERR,ERR,ERR,ERR,ERR,ERR,ERR,ERR,ERR,ERR,ERR,ERR,ERR,ERR,60.0,60.0,35,0.0,0.0,0.0,0.0,0.0,0.0,0.0,0.0,0.0,0.0,0.0,0.0,0.0,0.0,0.0,0.0,65.2,0,113,54,37,65476,0,300,0,0,8,20529,65476,0,0,2621,60.0,0.0,0.0,0.0,0.0,0.0
2026-07-09T15:14:28,ERR,ERR,ERR,ERR,ERR,ERR,ERR,ERR,ERR,ERR,ERR,ERR,ERR,ERR,ERR,ERR,ERR,ERR,ERR,ERR,ERR,ERR,ERR,ERR,ERR,ERR,ERR,ERR,ERR,ERR,ERR,ERR,ERR,ERR,ERR,ERR,ERR,ERR,ERR,ERR,ERR,ERR,ERR,ERR,ERR,ERR,ERR,ERR,ERR,ERR,ERR,ERR,ERR,ERR,ERR,ERR,ERR,ERR,ERR,ERR,ERR,ERR,ERR,ERR,ERR,ERR,ERR,ERR,ERR,ERR,ERR,ERR,ERR,ERR,ERR,ERR,ERR,ERR,ERR,ERR,ERR,ERR,ERR,ERR,ERR,ERR,ERR,ERR,ERR,ERR,ERR,ERR,ERR,ERR,ERR,ERR,ERR,ERR,ERR,ERR,ERR,ERR,ERR,ERR,ERR,ERR,ERR,ERR,ERR,ERR,ERR,ERR,ERR,ERR,ERR,ERR,ERR,ERR,ERR,ERR,ERR,ERR,ERR,ERR,ERR,0.0,0.0,2.7184188519410157e+23,0.0,-1.1622816592510083e+26,0.0,-0.0,0.0,0,0,4,17421,7116,0.0,100,0.0,0.0,0.0,0.0,0.0,0,0,0,0,0.0,0,0,0,0,0,0,0,0,0,0,0,0,0,0,0,0,0,0,0,0,0,0,0,0,0,0,0,0,0,0,0,0,0,31,40,40,71,65476,0,300,0,0,8,21553,0.0,-107605600.0,0.0,0.0,0.0,0.0,0.0,0.0,0.0,0.0,0.0,0.0,0.0,0.0,0.0,0.0,0.0,0.0,0.0,0.0,0.0,0.0,2.004,2.004,0.0,0.0,0.0,0.0,0.0,0.0,4842.0,3.697183934601442e+19,6924.0,0.0,0.0,2.004,2.004,0.0,0.0,0.0,0.0,69,-3.222003874048412e+26,-71.629,0.0,0.0,0.0,0.0,0.0,0.0,0.0,0,0,0,0.0,0.0,0.0,0.0,0.0,0.0,0.0,0.0,0.0,0.0,0.0,0.0,0.0,0.0,0.0,0.0,0,-107875648.0,69,0.0,138,0.0,2.012,ERR,ERR,ERR,ERR,ERR,ERR,ERR,ERR,ERR,ERR,ERR,ERR,ERR,ERR,ERR,ERR,ERR,ERR,ERR,ERR,ERR,ERR,ERR,ERR,ERR,ERR,ERR,ERR,ERR,ERR,ERR,ERR,ERR,ERR,ERR,ERR,ERR,ERR,ERR,ERR,ERR,ERR,ERR,ERR,ERR,ERR,ERR,ERR,ERR,ERR,ERR,ERR,ERR,ERR,ERR,ERR,ERR,ERR,ERR,ERR,ERR,ERR,ERR,ERR,ERR,ERR,ERR,60.0,60.0,35,0.0,0.0,0.0,0.0,0.0,0.0,0.0,0.0,0.0,0.0,0.0,0.0,0.0,0.0,0.0,0.0,65.2,0,113,54,37,65476,0,300,0,0,8,20529,65476,0,0,2621,60.0,0.0,0.0,0.0,0.0,0.0
2026-07-09T15:14:29,ERR,ERR,ERR,ERR,ERR,ERR,ERR,ERR,ERR,ERR,ERR,ERR,ERR,ERR,ERR,ERR,ERR,ERR,ERR,ERR,ERR,ERR,ERR,ERR,ERR,ERR,ERR,ERR,ERR,ERR,ERR,ERR,ERR,ERR,ERR,ERR,ERR,ERR,ERR,ERR,ERR,ERR,ERR,ERR,ERR,ERR,ERR,ERR,ERR,ERR,ERR,ERR,ERR,ERR,ERR,ERR,ERR,ERR,ERR,ERR,ERR,ERR,ERR,ERR,ERR,ERR,ERR,ERR,ERR,ERR,ERR,ERR,ERR,ERR,ERR,ERR,ERR,ERR,ERR,ERR,ERR,ERR,ERR,ERR,ERR,ERR,ERR,ERR,ERR,ERR,ERR,ERR,ERR,ERR,ERR,ERR,ERR,ERR,ERR,ERR,ERR,ERR,ERR,ERR,ERR,ERR,ERR,ERR,ERR,ERR,ERR,ERR,ERR,ERR,ERR,ERR,ERR,ERR,ERR,ERR,ERR,ERR,ERR,ERR,ERR,0.0,0.0,2.7184188519410157e+23,2.718366610185338e+23,-0.0,37441.734,-49554913230848.0,948967552.0,0,0,4,17424,7116,0.0,100,0.0,0.0,0.0,0.0,0.0,0,0,0,0,0.0,0,0,0,0,0,0,0,0,0,0,0,0,0,0,0,0,0,0,0,0,0,0,0,0,0,0,0,0,0,0,0,0,0,31,40,40,71,65476,0,300,0,0,8,21553,0.0,-107605600.0,0.0,0.0,0.0,0.0,0.0,0.0,0.0,0.0,0.0,0.0,0.0,0.0,0.0,0.0,0.0,0.0,0.0,0.0,0.0,0.0,2.004,0.0,0.0,0.0,0.0,0.0,0.0,0.0,4834.0,564145497833472.0,6923.0,-0.0,0.0,2.004,2.004,0.0,0.0,0.0,0.0,69,-0.0,-0.0,0.0,0.0,0.0,0.0,0.0,0.0,0.0,0,0,0,0.0,0.0,0.0,0.0,0.0,0.0,0.0,0.0,0.0,0.0,0.0,0.0,0.0,0.0,0.0,0.0,0,-107875648.0,69,0.0,138,0.0,2.012,ERR,ERR,ERR,ERR,ERR,ERR,ERR,ERR,ERR,ERR,ERR,ERR,ERR,ERR,ERR,ERR,ERR,ERR,ERR,ERR,ERR,ERR,ERR,ERR,ERR,ERR,ERR,ERR,ERR,ERR,ERR,ERR,ERR,ERR,ERR,ERR,ERR,ERR,ERR,ERR,ERR,ERR,ERR,ERR,ERR,ERR,ERR,ERR,ERR,ERR,ERR,ERR,ERR,ERR,ERR,ERR,ERR,ERR,ERR,ERR,ERR,ERR,ERR,ERR,ERR,ERR,ERR,60.0,60.0,35,0.0,0.0,0.0,0.0,0.0,0.0,0.0,0.0,0.0,0.0,0.0,0.0,0.0,0.0,0.0,0.0,65.6,0,113,54,37,65476,0,300,0,0,8,20529,65476,0,0,2621,60.0,0.0,0.0,0.0,0.0,0.0
2026-07-09T15:14:30,ERR,ERR,ERR,ERR,ERR,ERR,ERR,ERR,ERR,ERR,ERR,ERR,ERR,ERR,ERR,ERR,ERR,ERR,ERR,ERR,ERR,ERR,ERR,ERR,ERR,ERR,ERR,ERR,ERR,ERR,ERR,ERR,ERR,ERR,ERR,ERR,ERR,ERR,ERR,ERR,ERR,ERR,ERR,ERR,ERR,ERR,ERR,ERR,ERR,ERR,ERR,ERR,ERR,ERR,ERR,ERR,ERR,ERR,ERR,ERR,ERR,ERR,ERR,ERR,ERR,ERR,ERR,ERR,ERR,ERR,ERR,ERR,ERR,ERR,ERR,ERR,ERR,ERR,ERR,ERR,ERR,ERR,ERR,ERR,ERR,ERR,ERR,ERR,ERR,ERR,ERR,ERR,ERR,ERR,ERR,ERR,ERR,ERR,ERR,ERR,ERR,ERR,ERR,ERR,ERR,ERR,ERR,ERR,ERR,ERR,ERR,ERR,ERR,ERR,ERR,ERR,ERR,ERR,ERR,ERR,ERR,ERR,ERR,ERR,ERR,0.0,0.0,2.7184188519410157e+23,2.718366610185338e+23,-0.0,37441.734,-49554913230848.0,948967552.0,0,0,4,17424,7116,0.0,100,0.0,0.0,0.0,0.0,0.0,0,0,0,0,0.0,0,0,0,0,0,0,0,0,0,0,0,0,0,0,0,0,0,0,0,0,0,0,0,0,0,0,0,0,0,0,0,0,0,31,40,40,71,65476,0,300,0,0,8,21553,0.0,-107605600.0,0.0,0.0,0.0,0.0,0.0,0.0,0.0,0.0,0.0,0.0,0.0,0.0,0.0,0.0,0.0,0.0,0.0,0.0,0.0,0.0,2.004,0.0,0.0,0.0,0.0,0.0,0.0,0.0,4834.0,564145497833472.0,6923.0,-0.0,0.0,2.004,2.004,0.0,0.0,0.0,0.0,69,-0.0,-0.0,0.0,0.0,0.0,0.0,0.0,0.0,0.0,0,0,0,0.0,0.0,0.0,0.0,0.0,0.0,0.0,0.0,0.0,0.0,0.0,0.0,0.0,0.0,0.0,0.0,0,-107875648.0,69,0.0,138,0.0,2.012,ERR,ERR,ERR,ERR,ERR,ERR,ERR,ERR,ERR,ERR,ERR,ERR,ERR,ERR,ERR,ERR,ERR,ERR,ERR,ERR,ERR,ERR,ERR,ERR,ERR,ERR,ERR,ERR,ERR,ERR,ERR,ERR,ERR,ERR,ERR,ERR,ERR,ERR,ERR,ERR,ERR,ERR,ERR,ERR,ERR,ERR,ERR,ERR,ERR,ERR,ERR,ERR,ERR,ERR,ERR,ERR,ERR,ERR,ERR,ERR,ERR,ERR,ERR,ERR,ERR,ERR,ERR,60.0,60.0,35,0.0,0.0,0.0,0.0,0.0,0.0,0.0,0.0,0.0,0.0,0.0,0.0,0.0,0.0,0.0,0.0,65.6,0,113,54,37,65476,0,300,0,0,8,20529,65476,0,0,2621,60.0,0.0,0.0,0.0,0.0,0.0
2026-07-09T15:14:31,ERR,ERR,ERR,ERR,ERR,ERR,ERR,ERR,ERR,ERR,ERR,ERR,ERR,ERR,ERR,ERR,ERR,ERR,ERR,ERR,ERR,ERR,ERR,ERR,ERR,ERR,ERR,ERR,ERR,ERR,ERR,ERR,ERR,ERR,ERR,ERR,ERR,ERR,ERR,ERR,ERR,ERR,ERR,ERR,ERR,ERR,ERR,ERR,ERR,ERR,ERR,ERR,ERR,ERR,ERR,ERR,ERR,ERR,ERR,ERR,ERR,ERR,ERR,ERR,ERR,ERR,ERR,ERR,ERR,ERR,ERR,ERR,ERR,ERR,ERR,ERR,ERR,ERR,ERR,ERR,ERR,ERR,ERR,ERR,ERR,ERR,ERR,ERR,ERR,ERR,ERR,ERR,ERR,ERR,ERR,ERR,ERR,ERR,ERR,ERR,ERR,ERR,ERR,ERR,ERR,ERR,ERR,ERR,ERR,ERR,ERR,ERR,ERR,ERR,ERR,ERR,ERR,ERR,ERR,ERR,ERR,ERR,ERR,ERR,ERR,0.0,0.0,2.7184188519410157e+23,2.718366610185338e+23,-0.0,37441.734,-49554913230848.0,948967552.0,0,0,4,17424,7116,0.0,100,0.0,0.0,0.0,0.0,0.0,0,0,0,0,0.0,0,0,0,0,0,0,0,0,0,0,0,0,0,0,0,0,0,0,0,0,0,0,0,0,0,0,0,0,0,0,0,0,0,31,40,40,71,65476,0,300,0,0,8,21553,0.0,-107605600.0,0.0,0.0,0.0,0.0,0.0,0.0,0.0,0.0,0.0,0.0,0.0,0.0,0.0,0.0,0.0,0.0,0.0,0.0,0.0,0.0,2.004,0.0,0.0,0.0,0.0,0.0,0.0,0.0,4834.0,564145497833472.0,6923.0,-0.0,0.0,2.004,2.004,0.0,0.0,0.0,0.0,69,-0.0,-0.0,0.0,0.0,0.0,0.0,0.0,0.0,0.0,0,0,0,0.0,0.0,0.0,0.0,0.0,0.0,0.0,0.0,0.0,0.0,0.0,0.0,0.0,0.0,0.0,0.0,0,-107875648.0,69,0.0,138,0.0,2.012,ERR,ERR,ERR,ERR,ERR,ERR,ERR,ERR,ERR,ERR,ERR,ERR,ERR,ERR,ERR,ERR,ERR,ERR,ERR,ERR,ERR,ERR,ERR,ERR,ERR,ERR,ERR,ERR,ERR,ERR,ERR,ERR,ERR,ERR,ERR,ERR,ERR,ERR,ERR,ERR,ERR,ERR,ERR,ERR,ERR,ERR,ERR,ERR,ERR,ERR,ERR,ERR,ERR,ERR,ERR,ERR,ERR,ERR,ERR,ERR,ERR,ERR,ERR,ERR,ERR,ERR,ERR,60.0,60.0,35,0.0,0.0,0.0,0.0,0.0,0.0,0.0,0.0,0.0,0.0,0.0,0.0,0.0,0.0,0.0,0.0,65.2,0,113,55,37,65476,0,300,0,0,8,20529,65476,0,0,2621,60.0,0.0,0.0,0.0,0.0,0.0
2026-07-09T15:14:32,ERR,ERR,ERR,ERR,ERR,ERR,ERR,ERR,ERR,ERR,ERR,ERR,ERR,ERR,ERR,ERR,ERR,ERR,ERR,ERR,ERR,ERR,ERR,ERR,ERR,ERR,ERR,ERR,ERR,ERR,ERR,ERR,ERR,ERR,ERR,ERR,ERR,ERR,ERR,ERR,ERR,ERR,ERR,ERR,ERR,ERR,ERR,ERR,ERR,ERR,ERR,ERR,ERR,ERR,ERR,ERR,ERR,ERR,ERR,ERR,ERR,ERR,ERR,ERR,ERR,ERR,ERR,ERR,ERR,ERR,ERR,ERR,ERR,ERR,ERR,ERR,ERR,ERR,ERR,ERR,ERR,ERR,ERR,ERR,ERR,ERR,ERR,ERR,ERR,ERR,ERR,ERR,ERR,ERR,ERR,ERR,ERR,ERR,ERR,ERR,ERR,ERR,ERR,ERR,ERR,ERR,ERR,ERR,ERR,ERR,ERR,ERR,ERR,ERR,ERR,ERR,ERR,ERR,ERR,ERR,ERR,ERR,ERR,ERR,ERR,0.0,0.0,2.7184188519410157e+23,2.718366610185338e+23,-0.0,37441.734,-49554913230848.0,948967552.0,0,0,4,17424,7116,0.0,100,0.0,0.0,0.0,0.0,0.0,0,0,0,0,0.0,0,0,0,0,0,0,0,0,0,0,0,0,0,0,0,0,0,0,0,0,0,0,0,0,0,0,0,0,0,0,0,0,0,31,40,40,71,65476,0,300,0,0,8,21553,0.0,-107605600.0,0.0,0.0,0.0,0.0,0.0,0.0,0.0,0.0,0.0,0.0,0.0,0.0,0.0,0.0,0.0,0.0,0.0,0.0,0.0,0.0,2.004,0.0,0.0,0.0,0.0,0.0,0.0,0.0,4834.0,564145497833472.0,6923.0,-0.0,0.0,2.004,2.004,0.0,0.0,0.0,0.0,69,-0.0,-0.0,0.0,0.0,0.0,0.0,0.0,0.0,0.0,0,0,0,0.0,0.0,0.0,0.0,0.0,0.0,0.0,0.0,0.0,0.0,0.0,0.0,0.0,0.0,0.0,0.0,0,-107875648.0,69,0.0,138,0.0,2.012,ERR,ERR,ERR,ERR,ERR,ERR,ERR,ERR,ERR,ERR,ERR,ERR,ERR,ERR,ERR,ERR,ERR,ERR,ERR,ERR,ERR,ERR,ERR,ERR,ERR,ERR,ERR,ERR,ERR,ERR,ERR,ERR,ERR,ERR,ERR,ERR,ERR,ERR,ERR,ERR,ERR,ERR,ERR,ERR,ERR,ERR,ERR,ERR,ERR,ERR,ERR,ERR,ERR,ERR,ERR,ERR,ERR,ERR,ERR,ERR,ERR,ERR,ERR,ERR,ERR,ERR,ERR,60.0,60.0,35,0.0,0.0,0.0,0.0,0.0,0.0,0.0,0.0,0.0,0.0,0.0,0.0,0.0,0.0,0.0,0.0,65.2,0,113,55,37,65476,0,300,0,0,8,20529,65476,0,0,2621,60.0,0.0,0.0,0.0,0.0,0.0
2026-07-09T15:14:33,ERR,ERR,ERR,ERR,ERR,ERR,ERR,ERR,ERR,ERR,ERR,ERR,ERR,ERR,ERR,ERR,ERR,ERR,ERR,ERR,ERR,ERR,ERR,ERR,ERR,ERR,ERR,ERR,ERR,ERR,ERR,ERR,ERR,ERR,ERR,ERR,ERR,ERR,ERR,ERR,ERR,ERR,ERR,ERR,ERR,ERR,ERR,ERR,ERR,ERR,ERR,ERR,ERR,ERR,ERR,ERR,ERR,ERR,ERR,ERR,ERR,ERR,ERR,ERR,ERR,ERR,ERR,ERR,ERR,ERR,ERR,ERR,ERR,ERR,ERR,ERR,ERR,ERR,ERR,ERR,ERR,ERR,ERR,ERR,ERR,ERR,ERR,ERR,ERR,ERR,ERR,ERR,ERR,ERR,ERR,ERR,ERR,ERR,ERR,ERR,ERR,ERR,ERR,ERR,ERR,ERR,ERR,ERR,ERR,ERR,ERR,ERR,ERR,ERR,ERR,ERR,ERR,ERR,ERR,ERR,ERR,ERR,ERR,ERR,ERR,0.0,0.0,2.7184188519410157e+23,2.718366610185338e+23,-0.0,37441.734,-49554913230848.0,948967552.0,0,0,4,17424,7116,0.0,100,0.0,0.0,0.0,0.0,0.0,0,0,0,0,0.0,0,0,0,0,0,0,0,0,0,0,0,0,0,0,0,0,0,0,0,0,0,0,0,0,0,0,0,0,0,0,0,0,0,31,40,40,71,65476,0,300,0,0,8,21553,0.0,-107605600.0,0.0,0.0,0.0,0.0,0.0,0.0,0.0,0.0,0.0,0.0,0.0,0.0,0.0,0.0,0.0,0.0,0.0,0.0,0.0,0.0,2.004,0.0,0.0,0.0,0.0,0.0,0.0,0.0,4834.0,564145497833472.0,6923.0,-0.0,0.0,2.004,2.004,0.0,0.0,0.0,0.0,69,-0.0,-0.0,0.0,0.0,0.0,0.0,0.0,0.0,0.0,0,0,0,0.0,0.0,0.0,0.0,0.0,0.0,0.0,0.0,0.0,0.0,0.0,0.0,0.0,0.0,0.0,0.0,0,-107875648.0,69,0.0,138,0.0,2.012,ERR,ERR,ERR,ERR,ERR,ERR,ERR,ERR,ERR,ERR,ERR,ERR,ERR,ERR,ERR,ERR,ERR,ERR,ERR,ERR,ERR,ERR,ERR,ERR,ERR,ERR,ERR,ERR,ERR,ERR,ERR,ERR,ERR,ERR,ERR,ERR,ERR,ERR,ERR,ERR,ERR,ERR,ERR,ERR,ERR,ERR,ERR,ERR,ERR,ERR,ERR,ERR,ERR,ERR,ERR,ERR,ERR,ERR,ERR,ERR,ERR,ERR,ERR,ERR,ERR,ERR,ERR,60.0,60.0,35,0.0,0.0,0.0,0.0,0.0,0.0,0.0,0.0,0.0,0.0,0.0,0.0,0.0,0.0,0.0,0.0,65.2,0,113,55,37,65476,0,300,0,0,8,20529,65476,0,0,2621,60.0,0.0,0.0,0.0,0.0,0.0
2026-07-09T15:14:34,ERR,ERR,ERR,ERR,ERR,ERR,ERR,ERR,ERR,ERR,ERR,ERR,ERR,ERR,ERR,ERR,ERR,ERR,ERR,ERR,ERR,ERR,ERR,ERR,ERR,ERR,ERR,ERR,ERR,ERR,ERR,ERR,ERR,ERR,ERR,ERR,ERR,ERR,ERR,ERR,ERR,ERR,ERR,ERR,ERR,ERR,ERR,ERR,ERR,ERR,ERR,ERR,ERR,ERR,ERR,ERR,ERR,ERR,ERR,ERR,ERR,ERR,ERR,ERR,ERR,ERR,ERR,ERR,ERR,ERR,ERR,ERR,ERR,ERR,ERR,ERR,ERR,ERR,ERR,ERR,ERR,ERR,ERR,ERR,ERR,ERR,ERR,ERR,ERR,ERR,ERR,ERR,ERR,ERR,ERR,ERR,ERR,ERR,ERR,ERR,ERR,ERR,ERR,ERR,ERR,ERR,ERR,ERR,ERR,ERR,ERR,ERR,ERR,ERR,ERR,ERR,ERR,ERR,ERR,ERR,ERR,ERR,ERR,ERR,ERR,0.0,0.0,0.0,0.0,-0.0,0.0,-975994.0,656414750015488.0,0,0,4,17422,7116,0.0,100,0.0,0.0,-0.0,0.0,0.0,0,0,0,0,0.0,0,0,0,0,0,0,0,0,0,0,0,0,0,0,0,0,0,0,0,0,0,0,0,0,0,0,0,0,0,0,0,0,0,31,40,40,71,65476,0,300,0,0,8,21553,0.0,-107605600.0,0.0,0.0,0.0,0.0,0.0,0.0,0.0,0.0,0.0,0.0,0.0,0.0,0.0,0.0,0.0,0.0,0.0,0.0,0.0,0.0,2.004,0.0,0.0,0.0,0.0,0.0,0.0,0.0,4861.0,1.5879284086409797e+29,6926.0,-0.0,-107616032.0,2.004,2.004,0.0,0.0,0.0,0.0,69,0.059,-71.629,0.0,0.0,0.0,0.0,0.0,0.0,0.0,0,0,0,0.0,0.0,0.0,0.0,0.0,0.0,0.0,0.0,0.0,0.0,0.0,0.0,0.0,0.0,0.0,0.0,0,-107875648.0,69,0.0,138,0.0,2.012,ERR,ERR,ERR,ERR,ERR,ERR,ERR,ERR,ERR,ERR,ERR,ERR,ERR,ERR,ERR,ERR,ERR,ERR,ERR,ERR,ERR,ERR,ERR,ERR,ERR,ERR,ERR,ERR,ERR,ERR,ERR,ERR,ERR,ERR,ERR,ERR,ERR,ERR,ERR,ERR,ERR,ERR,ERR,ERR,ERR,ERR,ERR,ERR,ERR,ERR,ERR,ERR,ERR,ERR,ERR,ERR,ERR,ERR,ERR,ERR,ERR,ERR,ERR,ERR,ERR,ERR,ERR,60.0,60.0,35,0.0,0.0,0.0,0.0,0.0,0.0,0.0,0.0,0.0,0.0,0.0,0.0,0.0,0.0,0.0,0.0,65.6,0,113,55,37,65476,0,300,0,0,8,20529,65476,0,0,2621,60.0,0.0,0.0,0.0,0.0,0.0
2026-07-09T15:14:35,ERR,ERR,ERR,ERR,ERR,ERR,ERR,ERR,ERR,ERR,ERR,ERR,ERR,ERR,ERR,ERR,ERR,ERR,ERR,ERR,ERR,ERR,ERR,ERR,ERR,ERR,ERR,ERR,ERR,ERR,ERR,ERR,ERR,ERR,ERR,ERR,ERR,ERR,ERR,ERR,ERR,ERR,ERR,ERR,ERR,ERR,ERR,ERR,ERR,ERR,ERR,ERR,ERR,ERR,ERR,ERR,ERR,ERR,ERR,ERR,ERR,ERR,ERR,ERR,ERR,ERR,ERR,ERR,ERR,ERR,ERR,ERR,ERR,ERR,ERR,ERR,ERR,ERR,ERR,ERR,ERR,ERR,ERR,ERR,ERR,ERR,ERR,ERR,ERR,ERR,ERR,ERR,ERR,ERR,ERR,ERR,ERR,ERR,ERR,ERR,ERR,ERR,ERR,ERR,ERR,ERR,ERR,ERR,ERR,ERR,ERR,ERR,ERR,ERR,ERR,ERR,ERR,ERR,ERR,ERR,ERR,ERR,ERR,ERR,ERR,0.0,0.0,0.0,0.0,-0.0,0.0,-975994.0,656414750015488.0,0,0,4,17422,7116,0.0,100,0.0,0.0,-0.0,0.0,0.0,0,0,0,0,0.0,0,0,0,0,0,0,0,0,0,0,0,0,0,0,0,0,0,0,0,0,0,0,0,0,0,0,0,0,0,0,0,0,0,31,40,40,71,65476,0,300,0,0,8,21553,0.0,-107605600.0,0.0,0.0,0.0,0.0,0.0,0.0,0.0,0.0,0.0,0.0,0.0,0.0,0.0,0.0,0.0,0.0,0.0,0.0,0.0,0.0,2.004,0.0,0.0,0.0,0.0,0.0,0.0,0.0,4861.0,1.5879284086409797e+29,6926.0,-0.0,-107616032.0,2.004,2.004,0.0,0.0,0.0,0.0,69,0.059,-71.629,0.0,0.0,0.0,0.0,0.0,0.0,0.0,0,0,0,0.0,0.0,0.0,0.0,0.0,0.0,0.0,0.0,0.0,0.0,0.0,0.0,0.0,0.0,0.0,0.0,0,-107875648.0,69,0.0,138,0.0,2.012,ERR,ERR,ERR,ERR,ERR,ERR,ERR,ERR,ERR,ERR,ERR,ERR,ERR,ERR,ERR,ERR,ERR,ERR,ERR,ERR,ERR,ERR,ERR,ERR,ERR,ERR,ERR,ERR,ERR,ERR,ERR,ERR,ERR,ERR,ERR,ERR,ERR,ERR,ERR,ERR,ERR,ERR,ERR,ERR,ERR,ERR,ERR,ERR,ERR,ERR,ERR,ERR,ERR,ERR,ERR,ERR,ERR,ERR,ERR,ERR,ERR,ERR,ERR,ERR,ERR,ERR,ERR,60.0,60.0,35,0.0,0.0,0.0,0.0,0.0,0.0,0.0,0.0,0.0,0.0,0.0,0.0,0.0,0.0,0.0,0.0,65.6,0,113,55,37,65476,0,300,0,0,8,20529,65476,0,0,2621,60.0,0.0,0.0,0.0,0.0,0.0
2026-07-09T15:14:36,ERR,ERR,ERR,ERR,ERR,ERR,ERR,ERR,ERR,ERR,ERR,ERR,ERR,ERR,ERR,ERR,ERR,ERR,ERR,ERR,ERR,ERR,ERR,ERR,ERR,ERR,ERR,ERR,ERR,ERR,ERR,ERR,ERR,ERR,ERR,ERR,ERR,ERR,ERR,ERR,ERR,ERR,ERR,ERR,ERR,ERR,ERR,ERR,ERR,ERR,ERR,ERR,ERR,ERR,ERR,ERR,ERR,ERR,ERR,ERR,ERR,ERR,ERR,ERR,ERR,ERR,ERR,ERR,ERR,ERR,ERR,ERR,ERR,ERR,ERR,ERR,ERR,ERR,ERR,ERR,ERR,ERR,ERR,ERR,ERR,ERR,ERR,ERR,ERR,ERR,ERR,ERR,ERR,ERR,ERR,ERR,ERR,ERR,ERR,ERR,ERR,ERR,ERR,ERR,ERR,ERR,ERR,ERR,ERR,ERR,ERR,ERR,ERR,ERR,ERR,ERR,ERR,ERR,ERR,ERR,ERR,ERR,ERR,ERR,ERR,0.0,0.0,0.0,0.0,-0.0,0.0,-975994.0,656414750015488.0,0,0,4,17422,7116,0.0,100,0.0,0.0,-0.0,0.0,0.0,0,0,0,0,0.0,0,0,0,0,0,0,0,0,0,0,0,0,0,0,0,0,0,0,0,0,0,0,0,0,0,0,0,0,0,0,0,0,0,31,40,40,71,65476,0,300,0,0,8,21553,0.0,-107605600.0,0.0,0.0,0.0,0.0,0.0,0.0,0.0,0.0,0.0,0.0,0.0,0.0,0.0,0.0,0.0,0.0,0.0,0.0,0.0,0.0,2.004,0.0,0.0,0.0,0.0,0.0,0.0,0.0,4861.0,1.5879284086409797e+29,6926.0,-0.0,-107616032.0,2.004,2.004,0.0,0.0,0.0,0.0,69,0.059,-71.629,0.0,0.0,0.0,0.0,0.0,0.0,0.0,0,0,0,0.0,0.0,0.0,0.0,0.0,0.0,0.0,0.0,0.0,0.0,0.0,0.0,0.0,0.0,0.0,0.0,0,-107875648.0,69,0.0,138,0.0,2.012,ERR,ERR,ERR,ERR,ERR,ERR,ERR,ERR,ERR,ERR,ERR,ERR,ERR,ERR,ERR,ERR,ERR,ERR,ERR,ERR,ERR,ERR,ERR,ERR,ERR,ERR,ERR,ERR,ERR,ERR,ERR,ERR,ERR,ERR,ERR,ERR,ERR,ERR,ERR,ERR,ERR,ERR,ERR,ERR,ERR,ERR,ERR,ERR,ERR,ERR,ERR,ERR,ERR,ERR,ERR,ERR,ERR,ERR,ERR,ERR,ERR,ERR,ERR,ERR,ERR,ERR,ERR,60.0,60.0,35,0.0,0.0,0.0,0.0,0.0,0.0,0.0,0.0,0.0,0.0,0.0,0.0,0.0,0.0,0.0,0.0,65.2,0,113,55,37,65476,0,300,0,0,8,20529,65476,0,0,2621,60.0,0.0,0.0,0.0,0.0,0.0
2026-07-09T15:14:37,ERR,ERR,ERR,ERR,ERR,ERR,ERR,ERR,ERR,ERR,ERR,ERR,ERR,ERR,ERR,ERR,ERR,ERR,ERR,ERR,ERR,ERR,ERR,ERR,ERR,ERR,ERR,ERR,ERR,ERR,ERR,ERR,ERR,ERR,ERR,ERR,ERR,ERR,ERR,ERR,ERR,ERR,ERR,ERR,ERR,ERR,ERR,ERR,ERR,ERR,ERR,ERR,ERR,ERR,ERR,ERR,ERR,ERR,ERR,ERR,ERR,ERR,ERR,ERR,ERR,ERR,ERR,ERR,ERR,ERR,ERR,ERR,ERR,ERR,ERR,ERR,ERR,ERR,ERR,ERR,ERR,ERR,ERR,ERR,ERR,ERR,ERR,ERR,ERR,ERR,ERR,ERR,ERR,ERR,ERR,ERR,ERR,ERR,ERR,ERR,ERR,ERR,ERR,ERR,ERR,ERR,ERR,ERR,ERR,ERR,ERR,ERR,ERR,ERR,ERR,ERR,ERR,ERR,ERR,ERR,ERR,ERR,ERR,ERR,ERR,0.0,0.0,0.0,0.0,-0.0,0.0,-975994.0,656414750015488.0,0,0,4,17422,7116,0.0,100,0.0,0.0,-0.0,0.0,0.0,0,0,0,0,0.0,0,0,0,0,0,0,0,0,0,0,0,0,0,0,0,0,0,0,0,0,0,0,0,0,0,0,0,0,0,0,0,0,0,31,40,40,71,65476,0,300,0,0,8,21553,0.0,-107605600.0,0.0,0.0,0.0,0.0,0.0,0.0,0.0,0.0,0.0,0.0,0.0,0.0,0.0,0.0,0.0,0.0,0.0,0.0,0.0,0.0,2.004,0.0,0.0,0.0,0.0,0.0,0.0,0.0,4861.0,1.5879284086409797e+29,6926.0,-0.0,-107616032.0,2.004,2.004,0.0,0.0,0.0,0.0,69,0.059,-71.629,0.0,0.0,0.0,0.0,0.0,0.0,0.0,0,0,0,0.0,0.0,0.0,0.0,0.0,0.0,0.0,0.0,0.0,0.0,0.0,0.0,0.0,0.0,0.0,0.0,0,-107875648.0,69,0.0,138,0.0,2.012,ERR,ERR,ERR,ERR,ERR,ERR,ERR,ERR,ERR,ERR,ERR,ERR,ERR,ERR,ERR,ERR,ERR,ERR,ERR,ERR,ERR,ERR,ERR,ERR,ERR,ERR,ERR,ERR,ERR,ERR,ERR,ERR,ERR,ERR,ERR,ERR,ERR,ERR,ERR,ERR,ERR,ERR,ERR,ERR,ERR,ERR,ERR,ERR,ERR,ERR,ERR,ERR,ERR,ERR,ERR,ERR,ERR,ERR,ERR,ERR,ERR,ERR,ERR,ERR,ERR,ERR,ERR,60.0,60.0,35,0.0,0.0,0.0,0.0,0.0,0.0,0.0,0.0,0.0,0.0,0.0,0.0,0.0,0.0,0.0,0.0,65.2,0,113,55,37,65476,0,300,0,0,8,20529,65476,0,0,2621,60.0,0.0,0.0,0.0,0.0,0.0
2026-07-09T15:14:38,ERR,ERR,ERR,ERR,ERR,ERR,ERR,ERR,ERR,ERR,ERR,ERR,ERR,ERR,ERR,ERR,ERR,ERR,ERR,ERR,ERR,ERR,ERR,ERR,ERR,ERR,ERR,ERR,ERR,ERR,ERR,ERR,ERR,ERR,ERR,ERR,ERR,ERR,ERR,ERR,ERR,ERR,ERR,ERR,ERR,ERR,ERR,ERR,ERR,ERR,ERR,ERR,ERR,ERR,ERR,ERR,ERR,ERR,ERR,ERR,ERR,ERR,ERR,ERR,ERR,ERR,ERR,ERR,ERR,ERR,ERR,ERR,ERR,ERR,ERR,ERR,ERR,ERR,ERR,ERR,ERR,ERR,ERR,ERR,ERR,ERR,ERR,ERR,ERR,ERR,ERR,ERR,ERR,ERR,ERR,ERR,ERR,ERR,ERR,ERR,ERR,ERR,ERR,ERR,ERR,ERR,ERR,ERR,ERR,ERR,ERR,ERR,ERR,ERR,ERR,ERR,ERR,ERR,ERR,ERR,ERR,ERR,ERR,ERR,ERR,0.0,0.0,0.0,0.0,-0.0,0.0,-975994.0,656414750015488.0,0,0,4,17422,7116,0.0,100,0.0,0.0,-0.0,0.0,0.0,0,0,0,0,0.0,0,0,0,0,0,0,0,0,0,0,0,0,0,0,0,0,0,0,0,0,0,0,0,0,0,0,0,0,0,0,0,0,0,31,40,40,71,65476,0,300,0,0,8,21553,0.0,-107605600.0,0.0,0.0,0.0,0.0,0.0,0.0,0.0,0.0,0.0,0.0,0.0,0.0,0.0,0.0,0.0,0.0,0.0,0.0,0.0,0.0,2.004,0.0,0.0,0.0,0.0,0.0,0.0,0.0,4861.0,1.5879284086409797e+29,6926.0,-0.0,-107616032.0,2.004,2.004,0.0,0.0,0.0,0.0,69,0.059,-71.629,0.0,0.0,0.0,0.0,0.0,0.0,0.0,0,0,0,0.0,0.0,0.0,0.0,0.0,0.0,0.0,0.0,0.0,0.0,0.0,0.0,0.0,0.0,0.0,0.0,0,-107875648.0,69,0.0,138,0.0,2.012,ERR,ERR,ERR,ERR,ERR,ERR,ERR,ERR,ERR,ERR,ERR,ERR,ERR,ERR,ERR,ERR,ERR,ERR,ERR,ERR,ERR,ERR,ERR,ERR,ERR,ERR,ERR,ERR,ERR,ERR,ERR,ERR,ERR,ERR,ERR,ERR,ERR,ERR,ERR,ERR,ERR,ERR,ERR,ERR,ERR,ERR,ERR,ERR,ERR,ERR,ERR,ERR,ERR,ERR,ERR,ERR,ERR,ERR,ERR,ERR,ERR,ERR,ERR,ERR,ERR,ERR,ERR,60.0,60.0,35,0.0,0.0,0.0,0.0,0.0,0.0,0.0,0.0,0.0,0.0,0.0,0.0,0.0,0.0,0.0,0.0,65.2,0,113,55,37,65476,0,300,0,0,8,20529,65476,0,0,2621,60.0,0.0,0.0,0.0,0.0,0.0
2026-07-09T15:14:39,ERR,ERR,ERR,ERR,ERR,ERR,ERR,ERR,ERR,ERR,ERR,ERR,ERR,ERR,ERR,ERR,ERR,ERR,ERR,ERR,ERR,ERR,ERR,ERR,ERR,ERR,ERR,ERR,ERR,ERR,ERR,ERR,ERR,ERR,ERR,ERR,ERR,ERR,ERR,ERR,ERR,ERR,ERR,ERR,ERR,ERR,ERR,ERR,ERR,ERR,ERR,ERR,ERR,ERR,ERR,ERR,ERR,ERR,ERR,ERR,ERR,ERR,ERR,ERR,ERR,ERR,ERR,ERR,ERR,ERR,ERR,ERR,ERR,ERR,ERR,ERR,ERR,ERR,ERR,ERR,ERR,ERR,ERR,ERR,ERR,ERR,ERR,ERR,ERR,ERR,ERR,ERR,ERR,ERR,ERR,ERR,ERR,ERR,ERR,ERR,ERR,ERR,ERR,ERR,ERR,ERR,ERR,ERR,ERR,ERR,ERR,ERR,ERR,ERR,ERR,ERR,ERR,ERR,ERR,ERR,ERR,ERR,ERR,ERR,ERR,0.0,-107616032.0,-0.0,2.718366610185338e+23,0.0,0.0,-2.217458017528685e+27,-0.0,0,0,4,17422,7116,0.0,100,0.0,0.0,0.0,0.0,0.0,0,0,0,0,0.0,0,0,0,0,0,0,0,0,0,0,0,0,0,0,0,0,0,0,0,0,0,0,0,0,0,0,0,0,0,0,0,0,0,31,40,40,71,65476,0,300,0,0,8,21553,0.0,-107605600.0,0.0,0.0,0.0,0.0,0.0,0.0,0.0,0.0,0.0,0.0,0.0,0.0,0.0,0.0,0.0,0.0,0.0,0.0,0.0,0.0,2.004,0.0,0.0,0.0,0.0,0.0,0.0,0.0,4849.0,1.0406647618869524e+34,6927.0,0.0,-107616032.0,2.004,2.004,0.0,0.0,0.0,0.0,69,-152017313988608.0,-2.3088268198886873e+20,0.0,0.0,0.0,0.0,0.0,0.0,0.0,0,0,0,0.0,0.0,0.0,0.0,0.0,0.0,0.0,0.0,0.0,0.0,0.0,0.0,0.0,0.0,0.0,0.0,0,-107875648.0,69,0.0,138,0.0,2.012,ERR,ERR,ERR,ERR,ERR,ERR,ERR,ERR,ERR,ERR,ERR,ERR,ERR,ERR,ERR,ERR,ERR,ERR,ERR,ERR,ERR,ERR,ERR,ERR,ERR,ERR,ERR,ERR,ERR,ERR,ERR,ERR,ERR,ERR,ERR,ERR,ERR,ERR,ERR,ERR,ERR,ERR,ERR,ERR,ERR,ERR,ERR,ERR,ERR,ERR,ERR,ERR,ERR,ERR,ERR,ERR,ERR,ERR,ERR,ERR,ERR,ERR,ERR,ERR,ERR,ERR,ERR,60.0,60.0,35,0.0,0.0,0.0,0.0,0.0,0.0,0.0,0.0,0.0,0.0,0.0,0.0,0.0,0.0,0.0,0.0,65.2,0,113,55,37,65476,0,300,0,0,8,20529,65476,0,0,2621,60.0,0.0,0.0,0.0,0.0,0.0
2026-07-09T15:14:40,ERR,ERR,ERR,ERR,ERR,ERR,ERR,ERR,ERR,ERR,ERR,ERR,ERR,ERR,ERR,ERR,ERR,ERR,ERR,ERR,ERR,ERR,ERR,ERR,ERR,ERR,ERR,ERR,ERR,ERR,ERR,ERR,ERR,ERR,ERR,ERR,ERR,ERR,ERR,ERR,ERR,ERR,ERR,ERR,ERR,ERR,ERR,ERR,ERR,ERR,ERR,ERR,ERR,ERR,ERR,ERR,ERR,ERR,ERR,ERR,ERR,ERR,ERR,ERR,ERR,ERR,ERR,ERR,ERR,ERR,ERR,ERR,ERR,ERR,ERR,ERR,ERR,ERR,ERR,ERR,ERR,ERR,ERR,ERR,ERR,ERR,ERR,ERR,ERR,ERR,ERR,ERR,ERR,ERR,ERR,ERR,ERR,ERR,ERR,ERR,ERR,ERR,ERR,ERR,ERR,ERR,ERR,ERR,ERR,ERR,ERR,ERR,ERR,ERR,ERR,ERR,ERR,ERR,ERR,ERR,ERR,ERR,ERR,ERR,ERR,0.0,-107616032.0,-0.0,2.718366610185338e+23,0.0,0.0,-2.217458017528685e+27,-0.0,0,0,4,17422,7116,0.0,100,0.0,0.0,0.0,0.0,0.0,0,0,0,0,0.0,0,0,0,0,0,0,0,0,0,0,0,0,0,0,0,0,0,0,0,0,0,0,0,0,0,0,0,0,0,0,0,0,0,31,40,40,71,65476,0,300,0,0,8,21553,0.0,-107605600.0,0.0,0.0,0.0,0.0,0.0,0.0,0.0,0.0,0.0,0.0,0.0,0.0,0.0,0.0,0.0,0.0,0.0,0.0,0.0,0.0,2.004,0.0,0.0,0.0,0.0,0.0,0.0,0.0,4849.0,1.0406647618869524e+34,6927.0,0.0,-107616032.0,2.004,2.004,0.0,0.0,0.0,0.0,69,-152017313988608.0,-2.3088268198886873e+20,0.0,0.0,0.0,0.0,0.0,0.0,0.0,0,0,0,0.0,0.0,0.0,0.0,0.0,0.0,0.0,0.0,0.0,0.0,0.0,0.0,0.0,0.0,0.0,0.0,0,-107875648.0,69,0.0,138,0.0,2.012,ERR,ERR,ERR,ERR,ERR,ERR,ERR,ERR,ERR,ERR,ERR,ERR,ERR,ERR,ERR,ERR,ERR,ERR,ERR,ERR,ERR,ERR,ERR,ERR,ERR,ERR,ERR,ERR,ERR,ERR,ERR,ERR,ERR,ERR,ERR,ERR,ERR,ERR,ERR,ERR,ERR,ERR,ERR,ERR,ERR,ERR,ERR,ERR,ERR,ERR,ERR,ERR,ERR,ERR,ERR,ERR,ERR,ERR,ERR,ERR,ERR,ERR,ERR,ERR,ERR,ERR,ERR,60.0,60.0,35,0.0,0.0,0.0,0.0,0.0,0.0,0.0,0.0,0.0,0.0,0.0,0.0,0.0,0.0,0.0,0.0,65.2,0,113,55,37,65476,0,300,0,0,8,20529,65476,0,0,2621,60.0,0.0,0.0,0.0,0.0,0.0
2026-07-09T15:14:41,ERR,ERR,ERR,ERR,ERR,ERR,ERR,ERR,ERR,ERR,ERR,ERR,ERR,ERR,ERR,ERR,ERR,ERR,ERR,ERR,ERR,ERR,ERR,ERR,ERR,ERR,ERR,ERR,ERR,ERR,ERR,ERR,ERR,ERR,ERR,ERR,ERR,ERR,ERR,ERR,ERR,ERR,ERR,ERR,ERR,ERR,ERR,ERR,ERR,ERR,ERR,ERR,ERR,ERR,ERR,ERR,ERR,ERR,ERR,ERR,ERR,ERR,ERR,ERR,ERR,ERR,ERR,ERR,ERR,ERR,ERR,ERR,ERR,ERR,ERR,ERR,ERR,ERR,ERR,ERR,ERR,ERR,ERR,ERR,ERR,ERR,ERR,ERR,ERR,ERR,ERR,ERR,ERR,ERR,ERR,ERR,ERR,ERR,ERR,ERR,ERR,ERR,ERR,ERR,ERR,ERR,ERR,ERR,ERR,ERR,ERR,ERR,ERR,ERR,ERR,ERR,ERR,ERR,ERR,ERR,ERR,ERR,ERR,ERR,ERR,0.0,-107616032.0,-0.0,2.718366610185338e+23,0.0,0.0,-2.217458017528685e+27,-0.0,0,0,4,17422,7116,0.0,100,0.0,0.0,0.0,0.0,0.0,0,0,0,0,0.0,0,0,0,0,0,0,0,0,0,0,0,0,0,0,0,0,0,0,0,0,0,0,0,0,0,0,0,0,0,0,0,0,0,31,40,40,71,65476,0,300,0,0,8,21553,0.0,-107605600.0,0.0,0.0,0.0,0.0,0.0,0.0,0.0,0.0,0.0,0.0,0.0,0.0,0.0,0.0,0.0,0.0,0.0,0.0,0.0,0.0,2.004,0.0,0.0,0.0,0.0,0.0,0.0,0.0,4849.0,1.0406647618869524e+34,6927.0,0.0,-107616032.0,2.004,2.004,0.0,0.0,0.0,0.0,69,-152017313988608.0,-2.3088268198886873e+20,0.0,0.0,0.0,0.0,0.0,0.0,0.0,0,0,0,0.0,0.0,0.0,0.0,0.0,0.0,0.0,0.0,0.0,0.0,0.0,0.0,0.0,0.0,0.0,0.0,0,-107875648.0,69,0.0,138,0.0,2.012,ERR,ERR,ERR,ERR,ERR,ERR,ERR,ERR,ERR,ERR,ERR,ERR,ERR,ERR,ERR,ERR,ERR,ERR,ERR,ERR,ERR,ERR,ERR,ERR,ERR,ERR,ERR,ERR,ERR,ERR,ERR,ERR,ERR,ERR,ERR,ERR,ERR,ERR,ERR,ERR,ERR,ERR,ERR,ERR,ERR,ERR,ERR,ERR,ERR,ERR,ERR,ERR,ERR,ERR,ERR,ERR,ERR,ERR,ERR,ERR,ERR,ERR,ERR,ERR,ERR,ERR,ERR,60.0,60.0,35,0.0,0.0,0.0,0.0,0.0,0.0,0.0,0.0,0.0,0.0,0.0,0.0,0.0,0.0,0.0,0.0,65.2,0,113,55,38,65476,0,300,0,0,8,20529,65476,0,0,2621,60.0,0.0,0.0,0.0,0.0,0.0
2026-07-09T15:14:42,ERR,ERR,ERR,ERR,ERR,ERR,ERR,ERR,ERR,ERR,ERR,ERR,ERR,ERR,ERR,ERR,ERR,ERR,ERR,ERR,ERR,ERR,ERR,ERR,ERR,ERR,ERR,ERR,ERR,ERR,ERR,ERR,ERR,ERR,ERR,ERR,ERR,ERR,ERR,ERR,ERR,ERR,ERR,ERR,ERR,ERR,ERR,ERR,ERR,ERR,ERR,ERR,ERR,ERR,ERR,ERR,ERR,ERR,ERR,ERR,ERR,ERR,ERR,ERR,ERR,ERR,ERR,ERR,ERR,ERR,ERR,ERR,ERR,ERR,ERR,ERR,ERR,ERR,ERR,ERR,ERR,ERR,ERR,ERR,ERR,ERR,ERR,ERR,ERR,ERR,ERR,ERR,ERR,ERR,ERR,ERR,ERR,ERR,ERR,ERR,ERR,ERR,ERR,ERR,ERR,ERR,ERR,ERR,ERR,ERR,ERR,ERR,ERR,ERR,ERR,ERR,ERR,ERR,ERR,ERR,ERR,ERR,ERR,ERR,ERR,0.0,-107616032.0,-0.0,2.718366610185338e+23,0.0,0.0,-2.217458017528685e+27,-0.0,0,0,4,17422,7116,0.0,100,0.0,0.0,0.0,0.0,0.0,0,0,0,0,0.0,0,0,0,0,0,0,0,0,0,0,0,0,0,0,0,0,0,0,0,0,0,0,0,0,0,0,0,0,0,0,0,0,0,31,40,40,71,65476,0,300,0,0,8,21553,0.0,-107605600.0,0.0,0.0,0.0,0.0,0.0,0.0,0.0,0.0,0.0,0.0,0.0,0.0,0.0,0.0,0.0,0.0,0.0,0.0,0.0,0.0,2.004,0.0,0.0,0.0,0.0,0.0,0.0,0.0,4849.0,1.0406647618869524e+34,6927.0,0.0,-107616032.0,2.004,2.004,0.0,0.0,0.0,0.0,69,-152017313988608.0,-2.3088268198886873e+20,0.0,0.0,0.0,0.0,0.0,0.0,0.0,0,0,0,0.0,0.0,0.0,0.0,0.0,0.0,0.0,0.0,0.0,0.0,0.0,0.0,0.0,0.0,0.0,0.0,0,-107875648.0,69,0.0,138,0.0,2.012,ERR,ERR,ERR,ERR,ERR,ERR,ERR,ERR,ERR,ERR,ERR,ERR,ERR,ERR,ERR,ERR,ERR,ERR,ERR,ERR,ERR,ERR,ERR,ERR,ERR,ERR,ERR,ERR,ERR,ERR,ERR,ERR,ERR,ERR,ERR,ERR,ERR,ERR,ERR,ERR,ERR,ERR,ERR,ERR,ERR,ERR,ERR,ERR,ERR,ERR,ERR,ERR,ERR,ERR,ERR,ERR,ERR,ERR,ERR,ERR,ERR,ERR,ERR,ERR,ERR,ERR,ERR,60.0,60.0,35,0.0,0.0,0.0,0.0,0.0,0.0,0.0,0.0,0.0,0.0,0.0,0.0,0.0,0.0,0.0,0.0,65.2,0,113,55,38,65476,0,300,0,0,8,20529,65476,0,0,2621,60.0,0.0,0.0,0.0,0.0,0.0
2026-07-09T15:14:43,ERR,ERR,ERR,ERR,ERR,ERR,ERR,ERR,ERR,ERR,ERR,ERR,ERR,ERR,ERR,ERR,ERR,ERR,ERR,ERR,ERR,ERR,ERR,ERR,ERR,ERR,ERR,ERR,ERR,ERR,ERR,ERR,ERR,ERR,ERR,ERR,ERR,ERR,ERR,ERR,ERR,ERR,ERR,ERR,ERR,ERR,ERR,ERR,ERR,ERR,ERR,ERR,ERR,ERR,ERR,ERR,ERR,ERR,ERR,ERR,ERR,ERR,ERR,ERR,ERR,ERR,ERR,ERR,ERR,ERR,ERR,ERR,ERR,ERR,ERR,ERR,ERR,ERR,ERR,ERR,ERR,ERR,ERR,ERR,ERR,ERR,ERR,ERR,ERR,ERR,ERR,ERR,ERR,ERR,ERR,ERR,ERR,ERR,ERR,ERR,ERR,ERR,ERR,ERR,ERR,ERR,ERR,ERR,ERR,ERR,ERR,ERR,ERR,ERR,ERR,ERR,ERR,ERR,ERR,ERR,ERR,ERR,ERR,ERR,ERR,0.0,-107616032.0,-0.0,2.718366610185338e+23,0.0,0.0,-2.217458017528685e+27,-0.0,0,0,4,17422,7116,0.0,100,0.0,0.0,0.0,0.0,0.0,0,0,0,0,0.0,0,0,0,0,0,0,0,0,0,0,0,0,0,0,0,0,0,0,0,0,0,0,0,0,0,0,0,0,0,0,0,0,0,31,40,40,71,65476,0,300,0,0,8,21553,0.0,-107605600.0,0.0,0.0,0.0,0.0,0.0,0.0,0.0,0.0,0.0,0.0,0.0,0.0,0.0,0.0,0.0,0.0,0.0,0.0,0.0,0.0,2.004,0.0,0.0,0.0,0.0,0.0,0.0,0.0,4849.0,1.0406647618869524e+34,6927.0,0.0,-107616032.0,2.004,2.004,0.0,0.0,0.0,0.0,69,-152017313988608.0,-2.3088268198886873e+20,0.0,0.0,0.0,0.0,0.0,0.0,0.0,0,0,0,0.0,0.0,0.0,0.0,0.0,0.0,0.0,0.0,0.0,0.0,0.0,0.0,0.0,0.0,0.0,0.0,0,-107875648.0,69,0.0,138,0.0,2.012,ERR,ERR,ERR,ERR,ERR,ERR,ERR,ERR,ERR,ERR,ERR,ERR,ERR,ERR,ERR,ERR,ERR,ERR,ERR,ERR,ERR,ERR,ERR,ERR,ERR,ERR,ERR,ERR,ERR,ERR,ERR,ERR,ERR,ERR,ERR,ERR,ERR,ERR,ERR,ERR,ERR,ERR,ERR,ERR,ERR,ERR,ERR,ERR,ERR,ERR,ERR,ERR,ERR,ERR,ERR,ERR,ERR,ERR,ERR,ERR,ERR,ERR,ERR,ERR,ERR,ERR,ERR,60.0,60.0,35,0.0,0.0,0.0,0.0,0.0,0.0,0.0,0.0,0.0,0.0,0.0,0.0,0.0,0.0,0.0,0.0,65.2,0,113,55,38,65476,0,300,0,0,8,20529,65476,0,0,2621,60.0,0.0,0.0,0.0,0.0,0.0
2026-07-09T15:14:44,ERR,ERR,ERR,ERR,ERR,ERR,ERR,ERR,ERR,ERR,ERR,ERR,ERR,ERR,ERR,ERR,ERR,ERR,ERR,ERR,ERR,ERR,ERR,ERR,ERR,ERR,ERR,ERR,ERR,ERR,ERR,ERR,ERR,ERR,ERR,ERR,ERR,ERR,ERR,ERR,ERR,ERR,ERR,ERR,ERR,ERR,ERR,ERR,ERR,ERR,ERR,ERR,ERR,ERR,ERR,ERR,ERR,ERR,ERR,ERR,ERR,ERR,ERR,ERR,ERR,ERR,ERR,ERR,ERR,ERR,ERR,ERR,ERR,ERR,ERR,ERR,ERR,ERR,ERR,ERR,ERR,ERR,ERR,ERR,ERR,ERR,ERR,ERR,ERR,ERR,ERR,ERR,ERR,ERR,ERR,ERR,ERR,ERR,ERR,ERR,ERR,ERR,ERR,ERR,ERR,ERR,ERR,ERR,ERR,ERR,ERR,ERR,ERR,ERR,ERR,ERR,ERR,ERR,ERR,ERR,ERR,ERR,ERR,ERR,ERR,-0.0,-107616032.0,0.0,0.0,-0.0,1.1581927337835035e+24,0.0,-5.5311052498422996e+23,0,0,4,17424,7116,0.0,100,0.0,0.0,-0.0,0.0,0.0,0,0,0,0,0.0,0,0,0,0,0,0,0,0,0,0,0,0,0,0,0,0,0,0,0,0,0,0,0,0,0,0,0,0,0,0,0,0,0,31,40,40,71,65476,0,300,0,0,8,21553,0.0,-107605600.0,0.0,0.0,0.0,0.0,0.0,0.0,0.0,0.0,0.0,0.0,0.0,0.0,0.0,0.0,0.0,0.0,0.0,0.0,0.0,0.0,0.0,0.0,0.0,0.0,0.0,0.0,0.0,0.0,4852.0,-0.0,6930.0,-0.0,-107616032.0,2.004,2.004,0.0,0.0,0.0,0.0,69,-2.3088284031854313e+20,0.0,0.0,0.0,0.0,0.0,0.0,0.0,0.0,0,0,0,0.0,0.0,0.0,0.0,0.0,0.0,0.0,0.0,0.0,0.0,0.0,0.0,0.0,0.0,0.0,0.0,0,-107875648.0,69,0.0,138,0.0,2.012,ERR,ERR,ERR,ERR,ERR,ERR,ERR,ERR,ERR,ERR,ERR,ERR,ERR,ERR,ERR,ERR,ERR,ERR,ERR,ERR,ERR,ERR,ERR,ERR,ERR,ERR,ERR,ERR,ERR,ERR,ERR,ERR,ERR,ERR,ERR,ERR,ERR,ERR,ERR,ERR,ERR,ERR,ERR,ERR,ERR,ERR,ERR,ERR,ERR,ERR,ERR,ERR,ERR,ERR,ERR,ERR,ERR,ERR,ERR,ERR,ERR,ERR,ERR,ERR,ERR,ERR,ERR,60.0,60.0,35,0.0,0.0,0.0,0.0,0.0,0.0,0.0,0.0,0.0,0.0,0.0,0.0,0.0,0.0,0.0,0.0,65.2,0,113,55,38,65476,0,300,0,0,8,20529,65476,0,0,2621,60.0,0.0,0.0,0.0,0.0,0.0
2026-07-09T15:14:45,ERR,ERR,ERR,ERR,ERR,ERR,ERR,ERR,ERR,ERR,ERR,ERR,ERR,ERR,ERR,ERR,ERR,ERR,ERR,ERR,ERR,ERR,ERR,ERR,ERR,ERR,ERR,ERR,ERR,ERR,ERR,ERR,ERR,ERR,ERR,ERR,ERR,ERR,ERR,ERR,ERR,ERR,ERR,ERR,ERR,ERR,ERR,ERR,ERR,ERR,ERR,ERR,ERR,ERR,ERR,ERR,ERR,ERR,ERR,ERR,ERR,ERR,ERR,ERR,ERR,ERR,ERR,ERR,ERR,ERR,ERR,ERR,ERR,ERR,ERR,ERR,ERR,ERR,ERR,ERR,ERR,ERR,ERR,ERR,ERR,ERR,ERR,ERR,ERR,ERR,ERR,ERR,ERR,ERR,ERR,ERR,ERR,ERR,ERR,ERR,ERR,ERR,ERR,ERR,ERR,ERR,ERR,ERR,ERR,ERR,ERR,ERR,ERR,ERR,ERR,ERR,ERR,ERR,ERR,ERR,ERR,ERR,ERR,ERR,ERR,-0.0,-107616032.0,0.0,0.0,-0.0,1.1581927337835035e+24,0.0,-5.5311052498422996e+23,0,0,4,17424,7116,0.0,100,0.0,0.0,-0.0,0.0,0.0,0,0,0,0,0.0,0,0,0,0,0,0,0,0,0,0,0,0,0,0,0,0,0,0,0,0,0,0,0,0,0,0,0,0,0,0,0,0,0,31,40,40,71,65476,0,300,0,0,8,21553,0.0,-107605600.0,0.0,0.0,0.0,0.0,0.0,0.0,0.0,0.0,0.0,0.0,0.0,0.0,0.0,0.0,0.0,0.0,0.0,0.0,0.0,0.0,0.0,0.0,0.0,0.0,0.0,0.0,0.0,0.0,4852.0,-0.0,6930.0,-0.0,-107616032.0,2.004,2.004,0.0,0.0,0.0,0.0,69,-2.3088284031854313e+20,0.0,0.0,0.0,0.0,0.0,0.0,0.0,0.0,0,0,0,0.0,0.0,0.0,0.0,0.0,0.0,0.0,0.0,0.0,0.0,0.0,0.0,0.0,0.0,0.0,0.0,0,-107875648.0,69,0.0,138,0.0,2.012,ERR,ERR,ERR,ERR,ERR,ERR,ERR,ERR,ERR,ERR,ERR,ERR,ERR,ERR,ERR,ERR,ERR,ERR,ERR,ERR,ERR,ERR,ERR,ERR,ERR,ERR,ERR,ERR,ERR,ERR,ERR,ERR,ERR,ERR,ERR,ERR,ERR,ERR,ERR,ERR,ERR,ERR,ERR,ERR,ERR,ERR,ERR,ERR,ERR,ERR,ERR,ERR,ERR,ERR,ERR,ERR,ERR,ERR,ERR,ERR,ERR,ERR,ERR,ERR,ERR,ERR,ERR,60.0,60.0,35,0.0,0.0,0.0,0.0,0.0,0.0,0.0,0.0,0.0,0.0,0.0,0.0,0.0,0.0,0.0,0.0,65.2,0,113,55,38,65476,0,300,0,0,8,20529,65476,0,0,2621,60.0,0.0,0.0,0.0,0.0,0.0
2026-07-09T15:14:46,ERR,ERR,ERR,ERR,ERR,ERR,ERR,ERR,ERR,ERR,ERR,ERR,ERR,ERR,ERR,ERR,ERR,ERR,ERR,ERR,ERR,ERR,ERR,ERR,ERR,ERR,ERR,ERR,ERR,ERR,ERR,ERR,ERR,ERR,ERR,ERR,ERR,ERR,ERR,ERR,ERR,ERR,ERR,ERR,ERR,ERR,ERR,ERR,ERR,ERR,ERR,ERR,ERR,ERR,ERR,ERR,ERR,ERR,ERR,ERR,ERR,ERR,ERR,ERR,ERR,ERR,ERR,ERR,ERR,ERR,ERR,ERR,ERR,ERR,ERR,ERR,ERR,ERR,ERR,ERR,ERR,ERR,ERR,ERR,ERR,ERR,ERR,ERR,ERR,ERR,ERR,ERR,ERR,ERR,ERR,ERR,ERR,ERR,ERR,ERR,ERR,ERR,ERR,ERR,ERR,ERR,ERR,ERR,ERR,ERR,ERR,ERR,ERR,ERR,ERR,ERR,ERR,ERR,ERR,ERR,ERR,ERR,ERR,ERR,ERR,-0.0,-107616032.0,0.0,0.0,-0.0,1.1581927337835035e+24,0.0,-5.5311052498422996e+23,0,0,4,17424,7116,0.0,100,0.0,0.0,-0.0,0.0,0.0,0,0,0,0,0.0,0,0,0,0,0,0,0,0,0,0,0,0,0,0,0,0,0,0,0,0,0,0,0,0,0,0,0,0,0,0,0,0,0,31,40,40,71,65476,0,300,0,0,8,21553,0.0,-107605600.0,0.0,0.0,0.0,0.0,0.0,0.0,0.0,0.0,0.0,0.0,0.0,0.0,0.0,0.0,0.0,0.0,0.0,0.0,0.0,0.0,0.0,0.0,0.0,0.0,0.0,0.0,0.0,0.0,4852.0,-0.0,6930.0,-0.0,-107616032.0,2.004,2.004,0.0,0.0,0.0,0.0,69,-2.3088284031854313e+20,0.0,0.0,0.0,0.0,0.0,0.0,0.0,0.0,0,0,0,0.0,0.0,0.0,0.0,0.0,0.0,0.0,0.0,0.0,0.0,0.0,0.0,0.0,0.0,0.0,0.0,0,-107875648.0,69,0.0,138,0.0,2.012,ERR,ERR,ERR,ERR,ERR,ERR,ERR,ERR,ERR,ERR,ERR,ERR,ERR,ERR,ERR,ERR,ERR,ERR,ERR,ERR,ERR,ERR,ERR,ERR,ERR,ERR,ERR,ERR,ERR,ERR,ERR,ERR,ERR,ERR,ERR,ERR,ERR,ERR,ERR,ERR,ERR,ERR,ERR,ERR,ERR,ERR,ERR,ERR,ERR,ERR,ERR,ERR,ERR,ERR,ERR,ERR,ERR,ERR,ERR,ERR,ERR,ERR,ERR,ERR,ERR,ERR,ERR,60.0,60.0,35,0.0,0.0,0.0,0.0,0.0,0.0,0.0,0.0,0.0,0.0,0.0,0.0,0.0,0.0,0.0,0.0,65.2,0,113,55,38,65476,0,300,0,0,8,20529,65476,0,0,2621,60.0,0.0,0.0,0.0,0.0,0.0
2026-07-09T15:14:47,ERR,ERR,ERR,ERR,ERR,ERR,ERR,ERR,ERR,ERR,ERR,ERR,ERR,ERR,ERR,ERR,ERR,ERR,ERR,ERR,ERR,ERR,ERR,ERR,ERR,ERR,ERR,ERR,ERR,ERR,ERR,ERR,ERR,ERR,ERR,ERR,ERR,ERR,ERR,ERR,ERR,ERR,ERR,ERR,ERR,ERR,ERR,ERR,ERR,ERR,ERR,ERR,ERR,ERR,ERR,ERR,ERR,ERR,ERR,ERR,ERR,ERR,ERR,ERR,ERR,ERR,ERR,ERR,ERR,ERR,ERR,ERR,ERR,ERR,ERR,ERR,ERR,ERR,ERR,ERR,ERR,ERR,ERR,ERR,ERR,ERR,ERR,ERR,ERR,ERR,ERR,ERR,ERR,ERR,ERR,ERR,ERR,ERR,ERR,ERR,ERR,ERR,ERR,ERR,ERR,ERR,ERR,ERR,ERR,ERR,ERR,ERR,ERR,ERR,ERR,ERR,ERR,ERR,ERR,ERR,ERR,ERR,ERR,ERR,ERR,-0.0,-107616032.0,0.0,0.0,-0.0,1.1581927337835035e+24,0.0,-5.5311052498422996e+23,0,0,4,17424,7116,0.0,100,0.0,0.0,-0.0,0.0,0.0,0,0,0,0,0.0,0,0,0,0,0,0,0,0,0,0,0,0,0,0,0,0,0,0,0,0,0,0,0,0,0,0,0,0,0,0,0,0,0,31,40,40,71,65476,0,300,0,0,8,21553,0.0,-107605600.0,0.0,0.0,0.0,0.0,0.0,0.0,0.0,0.0,0.0,0.0,0.0,0.0,0.0,0.0,0.0,0.0,0.0,0.0,0.0,0.0,0.0,0.0,0.0,0.0,0.0,0.0,0.0,0.0,4852.0,-0.0,6930.0,-0.0,-107616032.0,2.004,2.004,0.0,0.0,0.0,0.0,69,-2.3088284031854313e+20,0.0,0.0,0.0,0.0,0.0,0.0,0.0,0.0,0,0,0,0.0,0.0,0.0,0.0,0.0,0.0,0.0,0.0,0.0,0.0,0.0,0.0,0.0,0.0,0.0,0.0,0,-107875648.0,69,0.0,138,0.0,2.012,ERR,ERR,ERR,ERR,ERR,ERR,ERR,ERR,ERR,ERR,ERR,ERR,ERR,ERR,ERR,ERR,ERR,ERR,ERR,ERR,ERR,ERR,ERR,ERR,ERR,ERR,ERR,ERR,ERR,ERR,ERR,ERR,ERR,ERR,ERR,ERR,ERR,ERR,ERR,ERR,ERR,ERR,ERR,ERR,ERR,ERR,ERR,ERR,ERR,ERR,ERR,ERR,ERR,ERR,ERR,ERR,ERR,ERR,ERR,ERR,ERR,ERR,ERR,ERR,ERR,ERR,ERR,60.0,60.0,35,0.0,0.0,0.0,0.0,0.0,0.0,0.0,0.0,0.0,0.0,0.0,0.0,0.0,0.0,0.0,0.0,65.2,0,113,55,38,65476,0,300,0,0,8,20529,65476,0,0,2621,60.0,0.0,0.0,0.0,0.0,0.0
2026-07-09T15:14:48,ERR,ERR,ERR,ERR,ERR,ERR,ERR,ERR,ERR,ERR,ERR,ERR,ERR,ERR,ERR,ERR,ERR,ERR,ERR,ERR,ERR,ERR,ERR,ERR,ERR,ERR,ERR,ERR,ERR,ERR,ERR,ERR,ERR,ERR,ERR,ERR,ERR,ERR,ERR,ERR,ERR,ERR,ERR,ERR,ERR,ERR,ERR,ERR,ERR,ERR,ERR,ERR,ERR,ERR,ERR,ERR,ERR,ERR,ERR,ERR,ERR,ERR,ERR,ERR,ERR,ERR,ERR,ERR,ERR,ERR,ERR,ERR,ERR,ERR,ERR,ERR,ERR,ERR,ERR,ERR,ERR,ERR,ERR,ERR,ERR,ERR,ERR,ERR,ERR,ERR,ERR,ERR,ERR,ERR,ERR,ERR,ERR,ERR,ERR,ERR,ERR,ERR,ERR,ERR,ERR,ERR,ERR,ERR,ERR,ERR,ERR,ERR,ERR,ERR,ERR,ERR,ERR,ERR,ERR,ERR,ERR,ERR,ERR,ERR,ERR,-0.0,-107616032.0,0.0,0.0,-0.0,1.1581927337835035e+24,0.0,-5.5311052498422996e+23,0,0,4,17424,7116,0.0,100,0.0,0.0,-0.0,0.0,0.0,0,0,0,0,0.0,0,0,0,0,0,0,0,0,0,0,0,0,0,0,0,0,0,0,0,0,0,0,0,0,0,0,0,0,0,0,0,0,0,31,40,40,71,65476,0,300,0,0,8,21553,0.0,-107605600.0,0.0,0.0,0.0,0.0,0.0,0.0,0.0,0.0,0.0,0.0,0.0,0.0,0.0,0.0,0.0,0.0,0.0,0.0,0.0,0.0,0.0,0.0,0.0,0.0,0.0,0.0,0.0,0.0,4852.0,-0.0,6930.0,-0.0,-107616032.0,2.004,2.004,0.0,0.0,0.0,0.0,69,-2.3088284031854313e+20,0.0,0.0,0.0,0.0,0.0,0.0,0.0,0.0,0,0,0,0.0,0.0,0.0,0.0,0.0,0.0,0.0,0.0,0.0,0.0,0.0,0.0,0.0,0.0,0.0,0.0,0,-107875648.0,69,0.0,138,0.0,2.012,ERR,ERR,ERR,ERR,ERR,ERR,ERR,ERR,ERR,ERR,ERR,ERR,ERR,ERR,ERR,ERR,ERR,ERR,ERR,ERR,ERR,ERR,ERR,ERR,ERR,ERR,ERR,ERR,ERR,ERR,ERR,ERR,ERR,ERR,ERR,ERR,ERR,ERR,ERR,ERR,ERR,ERR,ERR,ERR,ERR,ERR,ERR,ERR,ERR,ERR,ERR,ERR,ERR,ERR,ERR,ERR,ERR,ERR,ERR,ERR,ERR,ERR,ERR,ERR,ERR,ERR,ERR,60.0,60.0,35,0.0,0.0,0.0,0.0,0.0,0.0,0.0,0.0,0.0,0.0,0.0,0.0,0.0,0.0,0.0,0.0,65.2,0,113,55,38,65476,0,300,0,0,8,20529,65476,0,0,2621,60.0,0.0,0.0,0.0,0.0,0.0
2026-07-09T15:14:49,ERR,ERR,ERR,ERR,ERR,ERR,ERR,ERR,ERR,ERR,ERR,ERR,ERR,ERR,ERR,ERR,ERR,ERR,ERR,ERR,ERR,ERR,ERR,ERR,ERR,ERR,ERR,ERR,ERR,ERR,ERR,ERR,ERR,ERR,ERR,ERR,ERR,ERR,ERR,ERR,ERR,ERR,ERR,ERR,ERR,ERR,ERR,ERR,ERR,ERR,ERR,ERR,ERR,ERR,ERR,ERR,ERR,ERR,ERR,ERR,ERR,ERR,ERR,ERR,ERR,ERR,ERR,ERR,ERR,ERR,ERR,ERR,ERR,ERR,ERR,ERR,ERR,ERR,ERR,ERR,ERR,ERR,ERR,ERR,ERR,ERR,ERR,ERR,ERR,ERR,ERR,ERR,ERR,ERR,ERR,ERR,ERR,ERR,ERR,ERR,ERR,ERR,ERR,ERR,ERR,ERR,ERR,ERR,ERR,ERR,ERR,ERR,ERR,ERR,ERR,ERR,ERR,ERR,ERR,ERR,ERR,ERR,ERR,ERR,ERR,-0.0,-107616032.0,0.0,-0.0,-1.5508509784160947e+26,6.039,-9.20489271548526e+35,0.0,0,0,4,17423,7116,0.0,100,0.0,0.0,-0.0,0.0,0.0,0,0,0,0,0.0,0,0,0,0,0,0,0,0,0,0,0,0,0,0,0,0,0,0,0,0,0,0,0,0,0,0,0,0,0,0,0,0,0,31,40,40,71,65476,0,300,0,0,8,21553,0.0,-107605600.0,0.0,0.0,0.0,0.0,0.0,0.0,0.0,0.0,0.0,0.0,0.0,0.0,0.0,0.0,0.0,0.0,0.0,0.0,0.0,0.0,0.0,0.0,0.0,0.0,0.0,0.0,0.0,0.0,4840.0,3.697183934601442e+19,6924.0,0.0,-107616032.0,2.004,2.004,0.0,0.0,0.0,0.0,69,4.066854413593191e+29,-0.0,0.0,0.0,0.0,0.0,0.0,0.0,0.0,0,0,0,0.0,0.0,0.0,0.0,0.0,0.0,0.0,0.0,0.0,0.0,0.0,0.0,0.0,0.0,0.0,0.0,0,-107875648.0,69,0.0,138,0.0,2.012,ERR,ERR,ERR,ERR,ERR,ERR,ERR,ERR,ERR,ERR,ERR,ERR,ERR,ERR,ERR,ERR,ERR,ERR,ERR,ERR,ERR,ERR,ERR,ERR,ERR,ERR,ERR,ERR,ERR,ERR,ERR,ERR,ERR,ERR,ERR,ERR,ERR,ERR,ERR,ERR,ERR,ERR,ERR,ERR,ERR,ERR,ERR,ERR,ERR,ERR,ERR,ERR,ERR,ERR,ERR,ERR,ERR,ERR,ERR,ERR,ERR,ERR,ERR,ERR,ERR,ERR,ERR,60.0,60.0,35,0.0,0.0,0.0,0.0,0.0,0.0,0.0,0.0,0.0,0.0,0.0,0.0,0.0,0.0,0.0,0.0,65.2,0,113,55,38,65476,0,300,0,0,8,20529,65476,0,0,2621,60.0,0.0,0.0,0.0,0.0,0.0
2026-07-09T15:14:50,ERR,ERR,ERR,ERR,ERR,ERR,ERR,ERR,ERR,ERR,ERR,ERR,ERR,ERR,ERR,ERR,ERR,ERR,ERR,ERR,ERR,ERR,ERR,ERR,ERR,ERR,ERR,ERR,ERR,ERR,ERR,ERR,ERR,ERR,ERR,ERR,ERR,ERR,ERR,ERR,ERR,ERR,ERR,ERR,ERR,ERR,ERR,ERR,ERR,ERR,ERR,ERR,ERR,ERR,ERR,ERR,ERR,ERR,ERR,ERR,ERR,ERR,ERR,ERR,ERR,ERR,ERR,ERR,ERR,ERR,ERR,ERR,ERR,ERR,ERR,ERR,ERR,ERR,ERR,ERR,ERR,ERR,ERR,ERR,ERR,ERR,ERR,ERR,ERR,ERR,ERR,ERR,ERR,ERR,ERR,ERR,ERR,ERR,ERR,ERR,ERR,ERR,ERR,ERR,ERR,ERR,ERR,ERR,ERR,ERR,ERR,ERR,ERR,ERR,ERR,ERR,ERR,ERR,ERR,ERR,ERR,ERR,ERR,ERR,ERR,-0.0,-107616032.0,0.0,-0.0,-1.5508509784160947e+26,6.039,-9.20489271548526e+35,0.0,0,0,4,17423,7116,0.0,100,0.0,0.0,-0.0,0.0,0.0,0,0,0,0,0.0,0,0,0,0,0,0,0,0,0,0,0,0,0,0,0,0,0,0,0,0,0,0,0,0,0,0,0,0,0,0,0,0,0,31,40,40,71,65476,0,300,0,0,8,21553,0.0,-107605600.0,0.0,0.0,0.0,0.0,0.0,0.0,0.0,0.0,0.0,0.0,0.0,0.0,0.0,0.0,0.0,0.0,0.0,0.0,0.0,0.0,0.0,0.0,0.0,0.0,0.0,0.0,0.0,0.0,4840.0,3.697183934601442e+19,6924.0,0.0,-107616032.0,2.004,2.004,0.0,0.0,0.0,0.0,69,4.066854413593191e+29,-0.0,0.0,0.0,0.0,0.0,0.0,0.0,0.0,0,0,0,0.0,0.0,0.0,0.0,0.0,0.0,0.0,0.0,0.0,0.0,0.0,0.0,0.0,0.0,0.0,0.0,0,-107875648.0,69,0.0,138,0.0,2.012,ERR,ERR,ERR,ERR,ERR,ERR,ERR,ERR,ERR,ERR,ERR,ERR,ERR,ERR,ERR,ERR,ERR,ERR,ERR,ERR,ERR,ERR,ERR,ERR,ERR,ERR,ERR,ERR,ERR,ERR,ERR,ERR,ERR,ERR,ERR,ERR,ERR,ERR,ERR,ERR,ERR,ERR,ERR,ERR,ERR,ERR,ERR,ERR,ERR,ERR,ERR,ERR,ERR,ERR,ERR,ERR,ERR,ERR,ERR,ERR,ERR,ERR,ERR,ERR,ERR,ERR,ERR,60.0,60.0,35,0.0,0.0,0.0,0.0,0.0,0.0,0.0,0.0,0.0,0.0,0.0,0.0,0.0,0.0,0.0,0.0,65.2,0,114,55,38,65476,0,300,0,0,8,20529,65476,0,0,2621,60.0,0.0,0.0,0.0,0.0,0.0
2026-07-09T15:14:51,ERR,ERR,ERR,ERR,ERR,ERR,ERR,ERR,ERR,ERR,ERR,ERR,ERR,ERR,ERR,ERR,ERR,ERR,ERR,ERR,ERR,ERR,ERR,ERR,ERR,ERR,ERR,ERR,ERR,ERR,ERR,ERR,ERR,ERR,ERR,ERR,ERR,ERR,ERR,ERR,ERR,ERR,ERR,ERR,ERR,ERR,ERR,ERR,ERR,ERR,ERR,ERR,ERR,ERR,ERR,ERR,ERR,ERR,ERR,ERR,ERR,ERR,ERR,ERR,ERR,ERR,ERR,ERR,ERR,ERR,ERR,ERR,ERR,ERR,ERR,ERR,ERR,ERR,ERR,ERR,ERR,ERR,ERR,ERR,ERR,ERR,ERR,ERR,ERR,ERR,ERR,ERR,ERR,ERR,ERR,ERR,ERR,ERR,ERR,ERR,ERR,ERR,ERR,ERR,ERR,ERR,ERR,ERR,ERR,ERR,ERR,ERR,ERR,ERR,ERR,ERR,ERR,ERR,ERR,ERR,ERR,ERR,ERR,ERR,ERR,-0.0,-107616032.0,0.0,-0.0,-1.5508509784160947e+26,6.039,-9.20489271548526e+35,0.0,0,0,4,17423,7116,0.0,100,0.0,0.0,-0.0,0.0,0.0,0,0,0,0,0.0,0,0,0,0,0,0,0,0,0,0,0,0,0,0,0,0,0,0,0,0,0,0,0,0,0,0,0,0,0,0,0,0,0,31,40,40,71,65476,0,300,0,0,8,21553,0.0,-107605600.0,0.0,0.0,0.0,0.0,0.0,0.0,0.0,0.0,0.0,0.0,0.0,0.0,0.0,0.0,0.0,0.0,0.0,0.0,0.0,0.0,0.0,0.0,0.0,0.0,0.0,0.0,0.0,0.0,4840.0,3.697183934601442e+19,6924.0,0.0,-107616032.0,2.004,2.004,0.0,0.0,0.0,0.0,69,4.066854413593191e+29,-0.0,0.0,0.0,0.0,0.0,0.0,0.0,0.0,0,0,0,0.0,0.0,0.0,0.0,0.0,0.0,0.0,0.0,0.0,0.0,0.0,0.0,0.0,0.0,0.0,0.0,0,-107875648.0,69,0.0,138,0.0,2.012,ERR,ERR,ERR,ERR,ERR,ERR,ERR,ERR,ERR,ERR,ERR,ERR,ERR,ERR,ERR,ERR,ERR,ERR,ERR,ERR,ERR,ERR,ERR,ERR,ERR,ERR,ERR,ERR,ERR,ERR,ERR,ERR,ERR,ERR,ERR,ERR,ERR,ERR,ERR,ERR,ERR,ERR,ERR,ERR,ERR,ERR,ERR,ERR,ERR,ERR,ERR,ERR,ERR,ERR,ERR,ERR,ERR,ERR,ERR,ERR,ERR,ERR,ERR,ERR,ERR,ERR,ERR,60.0,60.0,35,0.0,0.0,0.0,0.0,0.0,0.0,0.0,0.0,0.0,0.0,0.0,0.0,0.0,0.0,0.0,0.0,65.2,0,114,55,38,65476,0,300,0,0,8,20529,65476,0,0,2621,60.0,0.0,0.0,0.0,0.0,0.0
2026-07-09T15:14:52,ERR,ERR,ERR,ERR,ERR,ERR,ERR,ERR,ERR,ERR,ERR,ERR,ERR,ERR,ERR,ERR,ERR,ERR,ERR,ERR,ERR,ERR,ERR,ERR,ERR,ERR,ERR,ERR,ERR,ERR,ERR,ERR,ERR,ERR,ERR,ERR,ERR,ERR,ERR,ERR,ERR,ERR,ERR,ERR,ERR,ERR,ERR,ERR,ERR,ERR,ERR,ERR,ERR,ERR,ERR,ERR,ERR,ERR,ERR,ERR,ERR,ERR,ERR,ERR,ERR,ERR,ERR,ERR,ERR,ERR,ERR,ERR,ERR,ERR,ERR,ERR,ERR,ERR,ERR,ERR,ERR,ERR,ERR,ERR,ERR,ERR,ERR,ERR,ERR,ERR,ERR,ERR,ERR,ERR,ERR,ERR,ERR,ERR,ERR,ERR,ERR,ERR,ERR,ERR,ERR,ERR,ERR,ERR,ERR,ERR,ERR,ERR,ERR,ERR,ERR,ERR,ERR,ERR,ERR,ERR,ERR,ERR,ERR,ERR,ERR,-0.0,-107616032.0,0.0,-0.0,-1.5508509784160947e+26,6.039,-9.20489271548526e+35,0.0,0,0,4,17423,7116,0.0,100,0.0,0.0,-0.0,0.0,0.0,0,0,0,0,0.0,0,0,0,0,0,0,0,0,0,0,0,0,0,0,0,0,0,0,0,0,0,0,0,0,0,0,0,0,0,0,0,0,0,31,40,40,71,65476,0,300,0,0,8,21553,0.0,-107605600.0,0.0,0.0,0.0,0.0,0.0,0.0,0.0,0.0,0.0,0.0,0.0,0.0,0.0,0.0,0.0,0.0,0.0,0.0,0.0,0.0,0.0,0.0,0.0,0.0,0.0,0.0,0.0,0.0,4840.0,3.697183934601442e+19,6924.0,0.0,-107616032.0,2.004,2.004,0.0,0.0,0.0,0.0,69,4.066854413593191e+29,-0.0,0.0,0.0,0.0,0.0,0.0,0.0,0.0,0,0,0,0.0,0.0,0.0,0.0,0.0,0.0,0.0,0.0,0.0,0.0,0.0,0.0,0.0,0.0,0.0,0.0,0,-107875648.0,69,0.0,138,0.0,2.012,ERR,ERR,ERR,ERR,ERR,ERR,ERR,ERR,ERR,ERR,ERR,ERR,ERR,ERR,ERR,ERR,ERR,ERR,ERR,ERR,ERR,ERR,ERR,ERR,ERR,ERR,ERR,ERR,ERR,ERR,ERR,ERR,ERR,ERR,ERR,ERR,ERR,ERR,ERR,ERR,ERR,ERR,ERR,ERR,ERR,ERR,ERR,ERR,ERR,ERR,ERR,ERR,ERR,ERR,ERR,ERR,ERR,ERR,ERR,ERR,ERR,ERR,ERR,ERR,ERR,ERR,ERR,60.0,60.0,35,0.0,0.0,0.0,0.0,0.0,0.0,0.0,0.0,0.0,0.0,0.0,0.0,0.0,0.0,0.0,0.0,65.2,0,114,55,38,65476,0,300,0,0,8,20529,65476,0,0,2621,60.0,0.0,0.0,0.0,0.0,0.0
2026-07-09T15:14:53,ERR,ERR,ERR,ERR,ERR,ERR,ERR,ERR,ERR,ERR,ERR,ERR,ERR,ERR,ERR,ERR,ERR,ERR,ERR,ERR,ERR,ERR,ERR,ERR,ERR,ERR,ERR,ERR,ERR,ERR,ERR,ERR,ERR,ERR,ERR,ERR,ERR,ERR,ERR,ERR,ERR,ERR,ERR,ERR,ERR,ERR,ERR,ERR,ERR,ERR,ERR,ERR,ERR,ERR,ERR,ERR,ERR,ERR,ERR,ERR,ERR,ERR,ERR,ERR,ERR,ERR,ERR,ERR,ERR,ERR,ERR,ERR,ERR,ERR,ERR,ERR,ERR,ERR,ERR,ERR,ERR,ERR,ERR,ERR,ERR,ERR,ERR,ERR,ERR,ERR,ERR,ERR,ERR,ERR,ERR,ERR,ERR,ERR,ERR,ERR,ERR,ERR,ERR,ERR,ERR,ERR,ERR,ERR,ERR,ERR,ERR,ERR,ERR,ERR,ERR,ERR,ERR,ERR,ERR,ERR,ERR,ERR,ERR,ERR,ERR,-0.0,-107616032.0,0.0,-0.0,-1.5508509784160947e+26,6.039,-9.20489271548526e+35,0.0,0,0,4,17423,7116,0.0,100,0.0,0.0,-0.0,0.0,0.0,0,0,0,0,0.0,0,0,0,0,0,0,0,0,0,0,0,0,0,0,0,0,0,0,0,0,0,0,0,0,0,0,0,0,0,0,0,0,0,31,40,40,71,65476,0,300,0,0,8,21553,0.0,-107605600.0,0.0,0.0,0.0,0.0,0.0,0.0,0.0,0.0,0.0,0.0,0.0,0.0,0.0,0.0,0.0,0.0,0.0,0.0,0.0,0.0,0.0,0.0,0.0,0.0,0.0,0.0,0.0,0.0,4840.0,3.697183934601442e+19,6924.0,0.0,-107616032.0,2.004,2.004,0.0,0.0,0.0,0.0,69,4.066854413593191e+29,-0.0,0.0,0.0,0.0,0.0,0.0,0.0,0.0,0,0,0,0.0,0.0,0.0,0.0,0.0,0.0,0.0,0.0,0.0,0.0,0.0,0.0,0.0,0.0,0.0,0.0,0,-107875648.0,69,0.0,138,0.0,2.012,ERR,ERR,ERR,ERR,ERR,ERR,ERR,ERR,ERR,ERR,ERR,ERR,ERR,ERR,ERR,ERR,ERR,ERR,ERR,ERR,ERR,ERR,ERR,ERR,ERR,ERR,ERR,ERR,ERR,ERR,ERR,ERR,ERR,ERR,ERR,ERR,ERR,ERR,ERR,ERR,ERR,ERR,ERR,ERR,ERR,ERR,ERR,ERR,ERR,ERR,ERR,ERR,ERR,ERR,ERR,ERR,ERR,ERR,ERR,ERR,ERR,ERR,ERR,ERR,ERR,ERR,ERR,60.0,60.0,35,0.0,0.0,0.0,0.0,0.0,0.0,0.0,0.0,0.0,0.0,0.0,0.0,0.0,0.0,0.0,0.0,65.2,0,114,55,38,65476,0,300,0,0,8,20529,65476,0,0,2621,60.0,0.0,0.0,0.0,0.0,0.0
2026-07-09T15:14:54,ERR,ERR,ERR,ERR,ERR,ERR,ERR,ERR,ERR,ERR,ERR,ERR,ERR,ERR,ERR,ERR,ERR,ERR,ERR,ERR,ERR,ERR,ERR,ERR,ERR,ERR,ERR,ERR,ERR,ERR,ERR,ERR,ERR,ERR,ERR,ERR,ERR,ERR,ERR,ERR,ERR,ERR,ERR,ERR,ERR,ERR,ERR,ERR,ERR,ERR,ERR,ERR,ERR,ERR,ERR,ERR,ERR,ERR,ERR,ERR,ERR,ERR,ERR,ERR,ERR,ERR,ERR,ERR,ERR,ERR,ERR,ERR,ERR,ERR,ERR,ERR,ERR,ERR,ERR,ERR,ERR,ERR,ERR,ERR,ERR,ERR,ERR,ERR,ERR,ERR,ERR,ERR,ERR,ERR,ERR,ERR,ERR,ERR,ERR,ERR,ERR,ERR,ERR,ERR,ERR,ERR,ERR,ERR,ERR,ERR,ERR,ERR,ERR,ERR,ERR,ERR,ERR,ERR,ERR,ERR,ERR,ERR,ERR,ERR,ERR,0.0,-107616032.0,2.7302247681481898e+23,-0.0,0.0,0.0,-8348540250095616.0,-0.0,0,0,4,17423,7116,0.0,100,0.0,0.0,-0.0,0.0,0.0,0,0,0,0,0.0,0,0,0,0,0,0,0,0,0,0,0,0,0,0,0,0,0,0,0,0,0,0,0,0,0,0,0,0,0,0,0,0,0,31,40,40,71,65476,0,300,0,0,8,21553,0.0,-107605600.0,0.0,0.0,0.0,0.0,0.0,0.0,0.0,0.0,0.0,0.0,0.0,0.0,0.0,0.0,0.0,0.0,0.0,0.0,0.0,0.0,-2.004,0.0,0.0,0.0,0.0,0.0,0.0,0.0,4836.0,2.422986463380401e+24,6925.0,0.0,-107616032.0,2.004,2.004,0.0,0.0,0.0,0.0,69,5.8480564754410164e+35,-2.3088268198886873e+20,0.0,0.0,0.0,0.0,0.0,0.0,0.0,0,0,0,0.0,0.0,0.0,0.0,0.0,0.0,0.0,0.0,0.0,0.0,0.0,0.0,0.0,0.0,0.0,0.0,0,-107875648.0,69,0.0,138,0.0,2.012,ERR,ERR,ERR,ERR,ERR,ERR,ERR,ERR,ERR,ERR,ERR,ERR,ERR,ERR,ERR,ERR,ERR,ERR,ERR,ERR,ERR,ERR,ERR,ERR,ERR,ERR,ERR,ERR,ERR,ERR,ERR,ERR,ERR,ERR,ERR,ERR,ERR,ERR,ERR,ERR,ERR,ERR,ERR,ERR,ERR,ERR,ERR,ERR,ERR,ERR,ERR,ERR,ERR,ERR,ERR,ERR,ERR,ERR,ERR,ERR,ERR,ERR,ERR,ERR,ERR,ERR,ERR,60.0,60.0,35,0.0,0.0,0.0,0.0,0.0,0.0,0.0,0.0,0.0,0.0,0.0,0.0,0.0,0.0,0.0,0.0,65.2,0,114,55,38,65476,0,300,0,0,8,20529,65476,0,0,2621,60.0,0.0,0.0,0.0,0.0,0.0
2026-07-09T15:14:55,ERR,ERR,ERR,ERR,ERR,ERR,ERR,ERR,ERR,ERR,ERR,ERR,ERR,ERR,ERR,ERR,ERR,ERR,ERR,ERR,ERR,ERR,ERR,ERR,ERR,ERR,ERR,ERR,ERR,ERR,ERR,ERR,ERR,ERR,ERR,ERR,ERR,ERR,ERR,ERR,ERR,ERR,ERR,ERR,ERR,ERR,ERR,ERR,ERR,ERR,ERR,ERR,ERR,ERR,ERR,ERR,ERR,ERR,ERR,ERR,ERR,ERR,ERR,ERR,ERR,ERR,ERR,ERR,ERR,ERR,ERR,ERR,ERR,ERR,ERR,ERR,ERR,ERR,ERR,ERR,ERR,ERR,ERR,ERR,ERR,ERR,ERR,ERR,ERR,ERR,ERR,ERR,ERR,ERR,ERR,ERR,ERR,ERR,ERR,ERR,ERR,ERR,ERR,ERR,ERR,ERR,ERR,ERR,ERR,ERR,ERR,ERR,ERR,ERR,ERR,ERR,ERR,ERR,ERR,ERR,ERR,ERR,ERR,ERR,ERR,0.0,-107616032.0,2.7302247681481898e+23,-0.0,0.0,0.0,-8348540250095616.0,-0.0,0,0,4,17423,7116,0.0,100,0.0,0.0,-0.0,0.0,0.0,0,0,0,0,0.0,0,0,0,0,0,0,0,0,0,0,0,0,0,0,0,0,0,0,0,0,0,0,0,0,0,0,0,0,0,0,0,0,0,31,40,40,71,65476,0,300,0,0,8,21553,0.0,-107605600.0,0.0,0.0,0.0,0.0,0.0,0.0,0.0,0.0,0.0,0.0,0.0,0.0,0.0,0.0,0.0,0.0,0.0,0.0,0.0,0.0,-2.004,0.0,0.0,0.0,0.0,0.0,0.0,0.0,4836.0,2.422986463380401e+24,6925.0,0.0,-107616032.0,2.004,2.004,0.0,0.0,0.0,0.0,69,5.8480564754410164e+35,-2.3088268198886873e+20,0.0,0.0,0.0,0.0,0.0,0.0,0.0,0,0,0,0.0,0.0,0.0,0.0,0.0,0.0,0.0,0.0,0.0,0.0,0.0,0.0,0.0,0.0,0.0,0.0,0,-107875648.0,69,0.0,138,0.0,2.012,ERR,ERR,ERR,ERR,ERR,ERR,ERR,ERR,ERR,ERR,ERR,ERR,ERR,ERR,ERR,ERR,ERR,ERR,ERR,ERR,ERR,ERR,ERR,ERR,ERR,ERR,ERR,ERR,ERR,ERR,ERR,ERR,ERR,ERR,ERR,ERR,ERR,ERR,ERR,ERR,ERR,ERR,ERR,ERR,ERR,ERR,ERR,ERR,ERR,ERR,ERR,ERR,ERR,ERR,ERR,ERR,ERR,ERR,ERR,ERR,ERR,ERR,ERR,ERR,ERR,ERR,ERR,60.0,60.0,35,0.0,0.0,0.0,0.0,0.0,0.0,0.0,0.0,0.0,0.0,0.0,0.0,0.0,0.0,0.0,0.0,65.2,0,114,55,38,65476,0,300,0,0,8,20529,65476,0,0,2621,60.0,0.0,0.0,0.0,0.0,0.0
2026-07-09T15:14:56,ERR,ERR,ERR,ERR,ERR,ERR,ERR,ERR,ERR,ERR,ERR,ERR,ERR,ERR,ERR,ERR,ERR,ERR,ERR,ERR,ERR,ERR,ERR,ERR,ERR,ERR,ERR,ERR,ERR,ERR,ERR,ERR,ERR,ERR,ERR,ERR,ERR,ERR,ERR,ERR,ERR,ERR,ERR,ERR,ERR,ERR,ERR,ERR,ERR,ERR,ERR,ERR,ERR,ERR,ERR,ERR,ERR,ERR,ERR,ERR,ERR,ERR,ERR,ERR,ERR,ERR,ERR,ERR,ERR,ERR,ERR,ERR,ERR,ERR,ERR,ERR,ERR,ERR,ERR,ERR,ERR,ERR,ERR,ERR,ERR,ERR,ERR,ERR,ERR,ERR,ERR,ERR,ERR,ERR,ERR,ERR,ERR,ERR,ERR,ERR,ERR,ERR,ERR,ERR,ERR,ERR,ERR,ERR,ERR,ERR,ERR,ERR,ERR,ERR,ERR,ERR,ERR,ERR,ERR,ERR,ERR,ERR,ERR,ERR,ERR,0.0,-107616032.0,2.7302247681481898e+23,-0.0,0.0,0.0,-8348540250095616.0,-0.0,0,0,4,17423,7116,0.0,100,0.0,0.0,-0.0,0.0,0.0,0,0,0,0,0.0,0,0,0,0,0,0,0,0,0,0,0,0,0,0,0,0,0,0,0,0,0,0,0,0,0,0,0,0,0,0,0,0,0,31,40,40,71,65476,0,300,0,0,8,21553,0.0,-107605600.0,0.0,0.0,0.0,0.0,0.0,0.0,0.0,0.0,0.0,0.0,0.0,0.0,0.0,0.0,0.0,0.0,0.0,0.0,0.0,0.0,-2.004,0.0,0.0,0.0,0.0,0.0,0.0,0.0,4836.0,2.422986463380401e+24,6925.0,0.0,-107616032.0,2.004,2.004,0.0,0.0,0.0,0.0,69,5.8480564754410164e+35,-2.3088268198886873e+20,0.0,0.0,0.0,0.0,0.0,0.0,0.0,0,0,0,0.0,0.0,0.0,0.0,0.0,0.0,0.0,0.0,0.0,0.0,0.0,0.0,0.0,0.0,0.0,0.0,0,-107875648.0,69,0.0,138,0.0,2.012,ERR,ERR,ERR,ERR,ERR,ERR,ERR,ERR,ERR,ERR,ERR,ERR,ERR,ERR,ERR,ERR,ERR,ERR,ERR,ERR,ERR,ERR,ERR,ERR,ERR,ERR,ERR,ERR,ERR,ERR,ERR,ERR,ERR,ERR,ERR,ERR,ERR,ERR,ERR,ERR,ERR,ERR,ERR,ERR,ERR,ERR,ERR,ERR,ERR,ERR,ERR,ERR,ERR,ERR,ERR,ERR,ERR,ERR,ERR,ERR,ERR,ERR,ERR,ERR,ERR,ERR,ERR,60.0,60.0,35,0.0,0.0,0.0,0.0,0.0,0.0,0.0,0.0,0.0,0.0,0.0,0.0,0.0,0.0,0.0,0.0,65.2,0,114,55,38,65476,0,300,0,0,8,20529,65476,0,0,2621,60.0,0.0,0.0,0.0,0.0,0.0
2026-07-09T15:14:57,ERR,ERR,ERR,ERR,ERR,ERR,ERR,ERR,ERR,ERR,ERR,ERR,ERR,ERR,ERR,ERR,ERR,ERR,ERR,ERR,ERR,ERR,ERR,ERR,ERR,ERR,ERR,ERR,ERR,ERR,ERR,ERR,ERR,ERR,ERR,ERR,ERR,ERR,ERR,ERR,ERR,ERR,ERR,ERR,ERR,ERR,ERR,ERR,ERR,ERR,ERR,ERR,ERR,ERR,ERR,ERR,ERR,ERR,ERR,ERR,ERR,ERR,ERR,ERR,ERR,ERR,ERR,ERR,ERR,ERR,ERR,ERR,ERR,ERR,ERR,ERR,ERR,ERR,ERR,ERR,ERR,ERR,ERR,ERR,ERR,ERR,ERR,ERR,ERR,ERR,ERR,ERR,ERR,ERR,ERR,ERR,ERR,ERR,ERR,ERR,ERR,ERR,ERR,ERR,ERR,ERR,ERR,ERR,ERR,ERR,ERR,ERR,ERR,ERR,ERR,ERR,ERR,ERR,ERR,ERR,ERR,ERR,ERR,ERR,ERR,0.0,-107616032.0,2.7302247681481898e+23,-0.0,0.0,0.0,-8348540250095616.0,-0.0,0,0,4,17423,7116,0.0,100,0.0,0.0,-0.0,0.0,0.0,0,0,0,0,0.0,0,0,0,0,0,0,0,0,0,0,0,0,0,0,0,0,0,0,0,0,0,0,0,0,0,0,0,0,0,0,0,0,0,31,40,40,71,65476,0,300,0,0,8,21553,0.0,-107605600.0,0.0,0.0,0.0,0.0,0.0,0.0,0.0,0.0,0.0,0.0,0.0,0.0,0.0,0.0,0.0,0.0,0.0,0.0,0.0,0.0,-2.004,0.0,0.0,0.0,0.0,0.0,0.0,0.0,4836.0,2.422986463380401e+24,6925.0,0.0,-107616032.0,2.004,2.004,0.0,0.0,0.0,0.0,69,5.8480564754410164e+35,-2.3088268198886873e+20,0.0,0.0,0.0,0.0,0.0,0.0,0.0,0,0,0,0.0,0.0,0.0,0.0,0.0,0.0,0.0,0.0,0.0,0.0,0.0,0.0,0.0,0.0,0.0,0.0,0,-107875648.0,69,0.0,138,0.0,2.012,ERR,ERR,ERR,ERR,ERR,ERR,ERR,ERR,ERR,ERR,ERR,ERR,ERR,ERR,ERR,ERR,ERR,ERR,ERR,ERR,ERR,ERR,ERR,ERR,ERR,ERR,ERR,ERR,ERR,ERR,ERR,ERR,ERR,ERR,ERR,ERR,ERR,ERR,ERR,ERR,ERR,ERR,ERR,ERR,ERR,ERR,ERR,ERR,ERR,ERR,ERR,ERR,ERR,ERR,ERR,ERR,ERR,ERR,ERR,ERR,ERR,ERR,ERR,ERR,ERR,ERR,ERR,60.0,60.0,35,0.0,0.0,0.0,0.0,0.0,0.0,0.0,0.0,0.0,0.0,0.0,0.0,0.0,0.0,0.0,0.0,65.2,0,114,55,38,65476,0,300,0,0,8,20529,65476,0,0,2621,60.0,0.0,0.0,0.0,0.0,0.0
2026-07-09T15:14:58,ERR,ERR,ERR,ERR,ERR,ERR,ERR,ERR,ERR,ERR,ERR,ERR,ERR,ERR,ERR,ERR,ERR,ERR,ERR,ERR,ERR,ERR,ERR,ERR,ERR,ERR,ERR,ERR,ERR,ERR,ERR,ERR,ERR,ERR,ERR,ERR,ERR,ERR,ERR,ERR,ERR,ERR,ERR,ERR,ERR,ERR,ERR,ERR,ERR,ERR,ERR,ERR,ERR,ERR,ERR,ERR,ERR,ERR,ERR,ERR,ERR,ERR,ERR,ERR,ERR,ERR,ERR,ERR,ERR,ERR,ERR,ERR,ERR,ERR,ERR,ERR,ERR,ERR,ERR,ERR,ERR,ERR,ERR,ERR,ERR,ERR,ERR,ERR,ERR,ERR,ERR,ERR,ERR,ERR,ERR,ERR,ERR,ERR,ERR,ERR,ERR,ERR,ERR,ERR,ERR,ERR,ERR,ERR,ERR,ERR,ERR,ERR,ERR,ERR,ERR,ERR,ERR,ERR,ERR,ERR,ERR,ERR,ERR,ERR,ERR,0.0,-107616032.0,2.7302247681481898e+23,0.0,-1.1683262883490815e+26,0.0,-8.888618972149169e+24,-0.0,0,0,4,17423,7116,0.0,100,0.0,0.0,0.0,0.0,0.0,0,0,0,0,0.0,0,0,0,0,0,0,0,0,0,0,0,0,0,0,0,0,0,0,0,0,0,0,0,0,0,0,0,0,0,0,0,0,0,31,40,40,71,65476,0,300,0,0,8,21553,0.0,-107605600.0,0.0,0.0,0.0,0.0,0.0,0.0,0.0,0.0,0.0,0.0,0.0,0.0,0.0,0.0,0.0,0.0,0.0,0.0,0.0,0.0,-2.004,0.0,0.0,0.0,0.0,0.0,0.0,0.0,4835.0,3.697183934601442e+19,6924.0,0.0,0.0,2.004,2.004,0.0,0.0,0.0,0.0,69,1.9056862663645594e+17,-71.629,0.0,0.0,0.0,0.0,0.0,0.0,0.0,0,0,0,0.0,0.0,0.0,0.0,0.0,0.0,0.0,0.0,0.0,0.0,0.0,0.0,0.0,0.0,0.0,0.0,0,-107875648.0,69,0.0,138,0.0,2.012,ERR,ERR,ERR,ERR,ERR,ERR,ERR,ERR,ERR,ERR,ERR,ERR,ERR,ERR,ERR,ERR,ERR,ERR,ERR,ERR,ERR,ERR,ERR,ERR,ERR,ERR,ERR,ERR,ERR,ERR,ERR,ERR,ERR,ERR,ERR,ERR,ERR,ERR,ERR,ERR,ERR,ERR,ERR,ERR,ERR,ERR,ERR,ERR,ERR,ERR,ERR,ERR,ERR,ERR,ERR,ERR,ERR,ERR,ERR,ERR,ERR,ERR,ERR,ERR,ERR,ERR,ERR,60.0,60.0,35,0.0,0.0,0.0,0.0,0.0,0.0,0.0,0.0,0.0,0.0,0.0,0.0,0.0,0.0,0.0,0.0,65.2,0,114,55,38,65476,0,300,0,0,8,20529,65476,0,0,2621,60.0,0.0,0.0,0.0,0.0,0.0
2026-07-09T15:14:59,ERR,ERR,ERR,ERR,ERR,ERR,ERR,ERR,ERR,ERR,ERR,ERR,ERR,ERR,ERR,ERR,ERR,ERR,ERR,ERR,ERR,ERR,ERR,ERR,ERR,ERR,ERR,ERR,ERR,ERR,ERR,ERR,ERR,ERR,ERR,ERR,ERR,ERR,ERR,ERR,ERR,ERR,ERR,ERR,ERR,ERR,ERR,ERR,ERR,ERR,ERR,ERR,ERR,ERR,ERR,ERR,ERR,ERR,ERR,ERR,ERR,ERR,ERR,ERR,ERR,ERR,ERR,ERR,ERR,ERR,ERR,ERR,ERR,ERR,ERR,ERR,ERR,ERR,ERR,ERR,ERR,ERR,ERR,ERR,ERR,ERR,ERR,ERR,ERR,ERR,ERR,ERR,ERR,ERR,ERR,ERR,ERR,ERR,ERR,ERR,ERR,ERR,ERR,ERR,ERR,ERR,ERR,ERR,ERR,ERR,ERR,ERR,ERR,ERR,ERR,ERR,ERR,ERR,ERR,ERR,ERR,ERR,ERR,ERR,ERR,0.0,-107616032.0,2.7302247681481898e+23,0.0,-1.1683262883490815e+26,0.0,-8.888618972149169e+24,-0.0,0,0,4,17423,7116,0.0,100,0.0,0.0,0.0,0.0,0.0,0,0,0,0,0.0,0,0,0,0,0,0,0,0,0,0,0,0,0,0,0,0,0,0,0,0,0,0,0,0,0,0,0,0,0,0,0,0,0,31,40,40,71,65476,0,300,0,0,8,21553,0.0,-107605600.0,0.0,0.0,0.0,0.0,0.0,0.0,0.0,0.0,0.0,0.0,0.0,0.0,0.0,0.0,0.0,0.0,0.0,0.0,0.0,0.0,-2.004,0.0,0.0,0.0,0.0,0.0,0.0,0.0,4835.0,3.697183934601442e+19,6924.0,0.0,0.0,2.004,2.004,0.0,0.0,0.0,0.0,69,1.9056862663645594e+17,-71.629,0.0,0.0,0.0,0.0,0.0,0.0,0.0,0,0,0,0.0,0.0,0.0,0.0,0.0,0.0,0.0,0.0,0.0,0.0,0.0,0.0,0.0,0.0,0.0,0.0,0,-107875648.0,69,0.0,138,0.0,2.012,ERR,ERR,ERR,ERR,ERR,ERR,ERR,ERR,ERR,ERR,ERR,ERR,ERR,ERR,ERR,ERR,ERR,ERR,ERR,ERR,ERR,ERR,ERR,ERR,ERR,ERR,ERR,ERR,ERR,ERR,ERR,ERR,ERR,ERR,ERR,ERR,ERR,ERR,ERR,ERR,ERR,ERR,ERR,ERR,ERR,ERR,ERR,ERR,ERR,ERR,ERR,ERR,ERR,ERR,ERR,ERR,ERR,ERR,ERR,ERR,ERR,ERR,ERR,ERR,ERR,ERR,ERR,60.0,60.0,35,0.0,0.0,0.0,0.0,0.0,0.0,0.0,0.0,0.0,0.0,0.0,0.0,0.0,0.0,0.0,0.0,65.6,0,114,55,38,65476,0,300,0,0,8,20529,65476,0,0,2621,60.0,0.0,0.0,0.0,0.0,0.0
2026-07-09T15:15:00,ERR,ERR,ERR,ERR,ERR,ERR,ERR,ERR,ERR,ERR,ERR,ERR,ERR,ERR,ERR,ERR,ERR,ERR,ERR,ERR,ERR,ERR,ERR,ERR,ERR,ERR,ERR,ERR,ERR,ERR,ERR,ERR,ERR,ERR,ERR,ERR,ERR,ERR,ERR,ERR,ERR,ERR,ERR,ERR,ERR,ERR,ERR,ERR,ERR,ERR,ERR,ERR,ERR,ERR,ERR,ERR,ERR,ERR,ERR,ERR,ERR,ERR,ERR,ERR,ERR,ERR,ERR,ERR,ERR,ERR,ERR,ERR,ERR,ERR,ERR,ERR,ERR,ERR,ERR,ERR,ERR,ERR,ERR,ERR,ERR,ERR,ERR,ERR,ERR,ERR,ERR,ERR,ERR,ERR,ERR,ERR,ERR,ERR,ERR,ERR,ERR,ERR,ERR,ERR,ERR,ERR,ERR,ERR,ERR,ERR,ERR,ERR,ERR,ERR,ERR,ERR,ERR,ERR,ERR,ERR,ERR,ERR,ERR,ERR,ERR,0.0,-107616032.0,2.7302247681481898e+23,0.0,-1.1683262883490815e+26,0.0,-8.888618972149169e+24,-0.0,0,0,4,17423,7116,0.0,100,0.0,0.0,0.0,0.0,0.0,0,0,0,0,0.0,0,0,0,0,0,0,0,0,0,0,0,0,0,0,0,0,0,0,0,0,0,0,0,0,0,0,0,0,0,0,0,0,0,31,40,40,71,65476,0,300,0,0,8,21553,0.0,-107605600.0,0.0,0.0,0.0,0.0,0.0,0.0,0.0,0.0,0.0,0.0,0.0,0.0,0.0,0.0,0.0,0.0,0.0,0.0,0.0,0.0,-2.004,0.0,0.0,0.0,0.0,0.0,0.0,0.0,4835.0,3.697183934601442e+19,6924.0,0.0,0.0,2.004,2.004,0.0,0.0,0.0,0.0,69,1.9056862663645594e+17,-71.629,0.0,0.0,0.0,0.0,0.0,0.0,0.0,0,0,0,0.0,0.0,0.0,0.0,0.0,0.0,0.0,0.0,0.0,0.0,0.0,0.0,0.0,0.0,0.0,0.0,0,-107875648.0,69,0.0,138,0.0,2.012,ERR,ERR,ERR,ERR,ERR,ERR,ERR,ERR,ERR,ERR,ERR,ERR,ERR,ERR,ERR,ERR,ERR,ERR,ERR,ERR,ERR,ERR,ERR,ERR,ERR,ERR,ERR,ERR,ERR,ERR,ERR,ERR,ERR,ERR,ERR,ERR,ERR,ERR,ERR,ERR,ERR,ERR,ERR,ERR,ERR,ERR,ERR,ERR,ERR,ERR,ERR,ERR,ERR,ERR,ERR,ERR,ERR,ERR,ERR,ERR,ERR,ERR,ERR,ERR,ERR,ERR,ERR,60.0,60.0,35,0.0,0.0,0.0,0.0,0.0,0.0,0.0,0.0,0.0,0.0,0.0,0.0,0.0,0.0,0.0,0.0,65.6,0,114,55,38,65476,0,300,0,0,8,20529,65476,0,0,2621,60.0,0.0,0.0,0.0,0.0,0.0
2026-07-09T15:15:01,ERR,ERR,ERR,ERR,ERR,ERR,ERR,ERR,ERR,ERR,ERR,ERR,ERR,ERR,ERR,ERR,ERR,ERR,ERR,ERR,ERR,ERR,ERR,ERR,ERR,ERR,ERR,ERR,ERR,ERR,ERR,ERR,ERR,ERR,ERR,ERR,ERR,ERR,ERR,ERR,ERR,ERR,ERR,ERR,ERR,ERR,ERR,ERR,ERR,ERR,ERR,ERR,ERR,ERR,ERR,ERR,ERR,ERR,ERR,ERR,ERR,ERR,ERR,ERR,ERR,ERR,ERR,ERR,ERR,ERR,ERR,ERR,ERR,ERR,ERR,ERR,ERR,ERR,ERR,ERR,ERR,ERR,ERR,ERR,ERR,ERR,ERR,ERR,ERR,ERR,ERR,ERR,ERR,ERR,ERR,ERR,ERR,ERR,ERR,ERR,ERR,ERR,ERR,ERR,ERR,ERR,ERR,ERR,ERR,ERR,ERR,ERR,ERR,ERR,ERR,ERR,ERR,ERR,ERR,ERR,ERR,ERR,ERR,ERR,ERR,0.0,-107616032.0,2.7302247681481898e+23,0.0,-1.1683262883490815e+26,0.0,-8.888618972149169e+24,-0.0,0,0,4,17423,7116,0.0,100,0.0,0.0,0.0,0.0,0.0,0,0,0,0,0.0,0,0,0,0,0,0,0,0,0,0,0,0,0,0,0,0,0,0,0,0,0,0,0,0,0,0,0,0,0,0,0,0,0,31,40,40,71,65476,0,300,0,0,8,21553,0.0,-107605600.0,0.0,0.0,0.0,0.0,0.0,0.0,0.0,0.0,0.0,0.0,0.0,0.0,0.0,0.0,0.0,0.0,0.0,0.0,0.0,0.0,-2.004,0.0,0.0,0.0,0.0,0.0,0.0,0.0,4835.0,3.697183934601442e+19,6924.0,0.0,0.0,2.004,2.004,0.0,0.0,0.0,0.0,69,1.9056862663645594e+17,-71.629,0.0,0.0,0.0,0.0,0.0,0.0,0.0,0,0,0,0.0,0.0,0.0,0.0,0.0,0.0,0.0,0.0,0.0,0.0,0.0,0.0,0.0,0.0,0.0,0.0,0,-107875648.0,69,0.0,138,0.0,2.012,ERR,ERR,ERR,ERR,ERR,ERR,ERR,ERR,ERR,ERR,ERR,ERR,ERR,ERR,ERR,ERR,ERR,ERR,ERR,ERR,ERR,ERR,ERR,ERR,ERR,ERR,ERR,ERR,ERR,ERR,ERR,ERR,ERR,ERR,ERR,ERR,ERR,ERR,ERR,ERR,ERR,ERR,ERR,ERR,ERR,ERR,ERR,ERR,ERR,ERR,ERR,ERR,ERR,ERR,ERR,ERR,ERR,ERR,ERR,ERR,ERR,ERR,ERR,ERR,ERR,ERR,ERR,60.0,60.0,35,0.0,0.0,0.0,0.0,0.0,0.0,0.0,0.0,0.0,0.0,0.0,0.0,0.0,0.0,0.0,0.0,65.2,0,114,55,38,65476,0,300,0,0,8,20529,65476,0,0,2621,60.0,0.0,0.0,0.0,0.0,0.0
2026-07-09T15:15:02,ERR,ERR,ERR,ERR,ERR,ERR,ERR,ERR,ERR,ERR,ERR,ERR,ERR,ERR,ERR,ERR,ERR,ERR,ERR,ERR,ERR,ERR,ERR,ERR,ERR,ERR,ERR,ERR,ERR,ERR,ERR,ERR,ERR,ERR,ERR,ERR,ERR,ERR,ERR,ERR,ERR,ERR,ERR,ERR,ERR,ERR,ERR,ERR,ERR,ERR,ERR,ERR,ERR,ERR,ERR,ERR,ERR,ERR,ERR,ERR,ERR,ERR,ERR,ERR,ERR,ERR,ERR,ERR,ERR,ERR,ERR,ERR,ERR,ERR,ERR,ERR,ERR,ERR,ERR,ERR,ERR,ERR,ERR,ERR,ERR,ERR,ERR,ERR,ERR,ERR,ERR,ERR,ERR,ERR,ERR,ERR,ERR,ERR,ERR,ERR,ERR,ERR,ERR,ERR,ERR,ERR,ERR,ERR,ERR,ERR,ERR,ERR,ERR,ERR,ERR,ERR,ERR,ERR,ERR,ERR,ERR,ERR,ERR,ERR,ERR,0.0,-107616032.0,2.7302247681481898e+23,0.0,-1.1683262883490815e+26,0.0,-8.888618972149169e+24,-0.0,0,0,4,17423,7116,0.0,100,0.0,0.0,0.0,0.0,0.0,0,0,0,0,0.0,0,0,0,0,0,0,0,0,0,0,0,0,0,0,0,0,0,0,0,0,0,0,0,0,0,0,0,0,0,0,0,0,0,31,40,40,71,65476,0,300,0,0,8,21553,0.0,-107605600.0,0.0,0.0,0.0,0.0,0.0,0.0,0.0,0.0,0.0,0.0,0.0,0.0,0.0,0.0,0.0,0.0,0.0,0.0,0.0,0.0,-2.004,0.0,0.0,0.0,0.0,0.0,0.0,0.0,4835.0,3.697183934601442e+19,6924.0,0.0,0.0,2.004,2.004,0.0,0.0,0.0,0.0,69,1.9056862663645594e+17,-71.629,0.0,0.0,0.0,0.0,0.0,0.0,0.0,0,0,0,0.0,0.0,0.0,0.0,0.0,0.0,0.0,0.0,0.0,0.0,0.0,0.0,0.0,0.0,0.0,0.0,0,-107875648.0,69,0.0,138,0.0,2.012,ERR,ERR,ERR,ERR,ERR,ERR,ERR,ERR,ERR,ERR,ERR,ERR,ERR,ERR,ERR,ERR,ERR,ERR,ERR,ERR,ERR,ERR,ERR,ERR,ERR,ERR,ERR,ERR,ERR,ERR,ERR,ERR,ERR,ERR,ERR,ERR,ERR,ERR,ERR,ERR,ERR,ERR,ERR,ERR,ERR,ERR,ERR,ERR,ERR,ERR,ERR,ERR,ERR,ERR,ERR,ERR,ERR,ERR,ERR,ERR,ERR,ERR,ERR,ERR,ERR,ERR,ERR,60.0,60.0,35,0.0,0.0,0.0,0.0,0.0,0.0,0.0,0.0,0.0,0.0,0.0,0.0,0.0,0.0,0.0,0.0,65.2,0,114,55,38,65476,0,300,0,0,8,20529,65476,0,0,2621,60.0,0.0,0.0,0.0,0.0,0.0
2026-07-09T15:15:03,ERR,ERR,ERR,ERR,ERR,ERR,ERR,ERR,ERR,ERR,ERR,ERR,ERR,ERR,ERR,ERR,ERR,ERR,ERR,ERR,ERR,ERR,ERR,ERR,ERR,ERR,ERR,ERR,ERR,ERR,ERR,ERR,ERR,ERR,ERR,ERR,ERR,ERR,ERR,ERR,ERR,ERR,ERR,ERR,ERR,ERR,ERR,ERR,ERR,ERR,ERR,ERR,ERR,ERR,ERR,ERR,ERR,ERR,ERR,ERR,ERR,ERR,ERR,ERR,ERR,ERR,ERR,ERR,ERR,ERR,ERR,ERR,ERR,ERR,ERR,ERR,ERR,ERR,ERR,ERR,ERR,ERR,ERR,ERR,ERR,ERR,ERR,ERR,ERR,ERR,ERR,ERR,ERR,ERR,ERR,ERR,ERR,ERR,ERR,ERR,ERR,ERR,ERR,ERR,ERR,ERR,ERR,ERR,ERR,ERR,ERR,ERR,ERR,ERR,ERR,ERR,ERR,ERR,ERR,ERR,ERR,ERR,ERR,ERR,ERR,0.0,0.0,0.0,0.0,6.093703749224254e+31,-0.0,0.048,nan,0,0,4,17423,7116,0.0,100,0.0,0.0,0.0,0.0,0.0,0,0,0,0,0.0,0,0,0,0,0,0,0,0,0,0,0,0,0,0,0,0,0,0,0,0,0,0,0,0,0,0,0,0,0,0,0,0,0,31,40,40,71,65476,0,300,0,0,8,21553,0.0,-107605600.0,0.0,0.0,0.0,0.0,0.0,0.0,0.0,0.0,0.0,0.0,0.0,0.0,0.0,0.0,0.0,0.0,0.0,0.0,0.0,0.0,-2.004,2.004,0.0,0.0,0.0,0.0,0.0,0.0,4861.0,2.422986463380401e+24,6925.0,0.0,0.0,2.004,2.004,0.0,0.0,0.0,0.0,69,0.0,-107614728.0,0.0,0.0,0.0,0.0,0.0,0.0,0.0,0,0,0,0.0,0.0,0.0,0.0,0.0,0.0,0.0,0.0,0.0,0.0,0.0,0.0,0.0,0.0,0.0,0.0,0,-107875648.0,69,0.0,138,0.0,2.012,ERR,ERR,ERR,ERR,ERR,ERR,ERR,ERR,ERR,ERR,ERR,ERR,ERR,ERR,ERR,ERR,ERR,ERR,ERR,ERR,ERR,ERR,ERR,ERR,ERR,ERR,ERR,ERR,ERR,ERR,ERR,ERR,ERR,ERR,ERR,ERR,ERR,ERR,ERR,ERR,ERR,ERR,ERR,ERR,ERR,ERR,ERR,ERR,ERR,ERR,ERR,ERR,ERR,ERR,ERR,ERR,ERR,ERR,ERR,ERR,ERR,ERR,ERR,ERR,ERR,ERR,ERR,60.0,60.0,35,0.0,0.0,0.0,0.0,0.0,0.0,0.0,0.0,0.0,0.0,0.0,0.0,0.0,0.0,0.0,0.0,65.6,0,114,55,38,65476,0,300,0,0,8,20529,65476,0,0,2621,60.0,0.0,0.0,0.0,0.0,0.0
2026-07-09T15:15:04,ERR,ERR,ERR,ERR,ERR,ERR,ERR,ERR,ERR,ERR,ERR,ERR,ERR,ERR,ERR,ERR,ERR,ERR,ERR,ERR,ERR,ERR,ERR,ERR,ERR,ERR,ERR,ERR,ERR,ERR,ERR,ERR,ERR,ERR,ERR,ERR,ERR,ERR,ERR,ERR,ERR,ERR,ERR,ERR,ERR,ERR,ERR,ERR,ERR,ERR,ERR,ERR,ERR,ERR,ERR,ERR,ERR,ERR,ERR,ERR,ERR,ERR,ERR,ERR,ERR,ERR,ERR,ERR,ERR,ERR,ERR,ERR,ERR,ERR,ERR,ERR,ERR,ERR,ERR,ERR,ERR,ERR,ERR,ERR,ERR,ERR,ERR,ERR,ERR,ERR,ERR,ERR,ERR,ERR,ERR,ERR,ERR,ERR,ERR,ERR,ERR,ERR,ERR,ERR,ERR,ERR,ERR,ERR,ERR,ERR,ERR,ERR,ERR,ERR,ERR,ERR,ERR,ERR,ERR,ERR,ERR,ERR,ERR,ERR,ERR,0.0,0.0,0.0,0.0,6.093703749224254e+31,-0.0,0.048,nan,0,0,4,17423,7116,0.0,100,0.0,0.0,0.0,0.0,0.0,0,0,0,0,0.0,0,0,0,0,0,0,0,0,0,0,0,0,0,0,0,0,0,0,0,0,0,0,0,0,0,0,0,0,0,0,0,0,0,31,40,40,71,65476,0,300,0,0,8,21553,0.0,-107605600.0,0.0,0.0,0.0,0.0,0.0,0.0,0.0,0.0,0.0,0.0,0.0,0.0,0.0,0.0,0.0,0.0,0.0,0.0,0.0,0.0,-2.004,2.004,0.0,0.0,0.0,0.0,0.0,0.0,4861.0,2.422986463380401e+24,6925.0,0.0,0.0,2.004,2.004,0.0,0.0,0.0,0.0,69,0.0,-107614728.0,0.0,0.0,0.0,0.0,0.0,0.0,0.0,0,0,0,0.0,0.0,0.0,0.0,0.0,0.0,0.0,0.0,0.0,0.0,0.0,0.0,0.0,0.0,0.0,0.0,0,-107875648.0,69,0.0,138,0.0,2.012,ERR,ERR,ERR,ERR,ERR,ERR,ERR,ERR,ERR,ERR,ERR,ERR,ERR,ERR,ERR,ERR,ERR,ERR,ERR,ERR,ERR,ERR,ERR,ERR,ERR,ERR,ERR,ERR,ERR,ERR,ERR,ERR,ERR,ERR,ERR,ERR,ERR,ERR,ERR,ERR,ERR,ERR,ERR,ERR,ERR,ERR,ERR,ERR,ERR,ERR,ERR,ERR,ERR,ERR,ERR,ERR,ERR,ERR,ERR,ERR,ERR,ERR,ERR,ERR,ERR,ERR,ERR,60.0,60.0,35,0.0,0.0,0.0,0.0,0.0,0.0,0.0,0.0,0.0,0.0,0.0,0.0,0.0,0.0,0.0,0.0,65.2,0,114,55,38,65476,0,300,0,0,8,20529,65476,0,0,2621,60.0,0.0,0.0,0.0,0.0,0.0
2026-07-09T15:15:05,ERR,ERR,ERR,ERR,ERR,ERR,ERR,ERR,ERR,ERR,ERR,ERR,ERR,ERR,ERR,ERR,ERR,ERR,ERR,ERR,ERR,ERR,ERR,ERR,ERR,ERR,ERR,ERR,ERR,ERR,ERR,ERR,ERR,ERR,ERR,ERR,ERR,ERR,ERR,ERR,ERR,ERR,ERR,ERR,ERR,ERR,ERR,ERR,ERR,ERR,ERR,ERR,ERR,ERR,ERR,ERR,ERR,ERR,ERR,ERR,ERR,ERR,ERR,ERR,ERR,ERR,ERR,ERR,ERR,ERR,ERR,ERR,ERR,ERR,ERR,ERR,ERR,ERR,ERR,ERR,ERR,ERR,ERR,ERR,ERR,ERR,ERR,ERR,ERR,ERR,ERR,ERR,ERR,ERR,ERR,ERR,ERR,ERR,ERR,ERR,ERR,ERR,ERR,ERR,ERR,ERR,ERR,ERR,ERR,ERR,ERR,ERR,ERR,ERR,ERR,ERR,ERR,ERR,ERR,ERR,ERR,ERR,ERR,ERR,ERR,0.0,0.0,0.0,0.0,6.093703749224254e+31,-0.0,0.048,nan,0,0,4,17423,7116,0.0,100,0.0,0.0,0.0,0.0,0.0,0,0,0,0,0.0,0,0,0,0,0,0,0,0,0,0,0,0,0,0,0,0,0,0,0,0,0,0,0,0,0,0,0,0,0,0,0,0,0,31,40,40,71,65476,0,300,0,0,8,21553,0.0,-107605600.0,0.0,0.0,0.0,0.0,0.0,0.0,0.0,0.0,0.0,0.0,0.0,0.0,0.0,0.0,0.0,0.0,0.0,0.0,0.0,0.0,-2.004,2.004,0.0,0.0,0.0,0.0,0.0,0.0,4861.0,2.422986463380401e+24,6925.0,0.0,0.0,2.004,2.004,0.0,0.0,0.0,0.0,69,0.0,-107614728.0,0.0,0.0,0.0,0.0,0.0,0.0,0.0,0,0,0,0.0,0.0,0.0,0.0,0.0,0.0,0.0,0.0,0.0,0.0,0.0,0.0,0.0,0.0,0.0,0.0,0,-107875648.0,69,0.0,138,0.0,2.012,ERR,ERR,ERR,ERR,ERR,ERR,ERR,ERR,ERR,ERR,ERR,ERR,ERR,ERR,ERR,ERR,ERR,ERR,ERR,ERR,ERR,ERR,ERR,ERR,ERR,ERR,ERR,ERR,ERR,ERR,ERR,ERR,ERR,ERR,ERR,ERR,ERR,ERR,ERR,ERR,ERR,ERR,ERR,ERR,ERR,ERR,ERR,ERR,ERR,ERR,ERR,ERR,ERR,ERR,ERR,ERR,ERR,ERR,ERR,ERR,ERR,ERR,ERR,ERR,ERR,ERR,ERR,60.0,60.0,35,0.0,0.0,0.0,0.0,0.0,0.0,0.0,0.0,0.0,0.0,0.0,0.0,0.0,0.0,0.0,0.0,65.2,0,114,55,38,65476,0,300,0,0,8,20529,65476,0,0,2621,60.0,0.0,0.0,0.0,0.0,0.0
2026-07-09T15:15:06,ERR,ERR,ERR,ERR,ERR,ERR,ERR,ERR,ERR,ERR,ERR,ERR,ERR,ERR,ERR,ERR,ERR,ERR,ERR,ERR,ERR,ERR,ERR,ERR,ERR,ERR,ERR,ERR,ERR,ERR,ERR,ERR,ERR,ERR,ERR,ERR,ERR,ERR,ERR,ERR,ERR,ERR,ERR,ERR,ERR,ERR,ERR,ERR,ERR,ERR,ERR,ERR,ERR,ERR,ERR,ERR,ERR,ERR,ERR,ERR,ERR,ERR,ERR,ERR,ERR,ERR,ERR,ERR,ERR,ERR,ERR,ERR,ERR,ERR,ERR,ERR,ERR,ERR,ERR,ERR,ERR,ERR,ERR,ERR,ERR,ERR,ERR,ERR,ERR,ERR,ERR,ERR,ERR,ERR,ERR,ERR,ERR,ERR,ERR,ERR,ERR,ERR,ERR,ERR,ERR,ERR,ERR,ERR,ERR,ERR,ERR,ERR,ERR,ERR,ERR,ERR,ERR,ERR,ERR,ERR,ERR,ERR,ERR,ERR,ERR,0.0,0.0,0.0,0.0,6.093703749224254e+31,-0.0,0.048,nan,0,0,4,17423,7116,0.0,100,0.0,0.0,0.0,0.0,0.0,0,0,0,0,0.0,0,0,0,0,0,0,0,0,0,0,0,0,0,0,0,0,0,0,0,0,0,0,0,0,0,0,0,0,0,0,0,0,0,31,40,40,71,65476,0,300,0,0,8,21553,0.0,-107605600.0,0.0,0.0,0.0,0.0,0.0,0.0,0.0,0.0,0.0,0.0,0.0,0.0,0.0,0.0,0.0,0.0,0.0,0.0,0.0,0.0,-2.004,2.004,0.0,0.0,0.0,0.0,0.0,0.0,4861.0,2.422986463380401e+24,6925.0,0.0,0.0,2.004,2.004,0.0,0.0,0.0,0.0,69,0.0,-107614728.0,0.0,0.0,0.0,0.0,0.0,0.0,0.0,0,0,0,0.0,0.0,0.0,0.0,0.0,0.0,0.0,0.0,0.0,0.0,0.0,0.0,0.0,0.0,0.0,0.0,0,-107875648.0,69,0.0,138,0.0,2.012,ERR,ERR,ERR,ERR,ERR,ERR,ERR,ERR,ERR,ERR,ERR,ERR,ERR,ERR,ERR,ERR,ERR,ERR,ERR,ERR,ERR,ERR,ERR,ERR,ERR,ERR,ERR,ERR,ERR,ERR,ERR,ERR,ERR,ERR,ERR,ERR,ERR,ERR,ERR,ERR,ERR,ERR,ERR,ERR,ERR,ERR,ERR,ERR,ERR,ERR,ERR,ERR,ERR,ERR,ERR,ERR,ERR,ERR,ERR,ERR,ERR,ERR,ERR,ERR,ERR,ERR,ERR,60.0,60.0,35,0.0,0.0,0.0,0.0,0.0,0.0,0.0,0.0,0.0,0.0,0.0,0.0,0.0,0.0,0.0,0.0,65.2,0,114,55,38,65476,0,300,0,0,8,20529,65476,0,0,2621,60.0,0.0,0.0,0.0,0.0,0.0
2026-07-09T15:15:07,ERR,ERR,ERR,ERR,ERR,ERR,ERR,ERR,ERR,ERR,ERR,ERR,ERR,ERR,ERR,ERR,ERR,ERR,ERR,ERR,ERR,ERR,ERR,ERR,ERR,ERR,ERR,ERR,ERR,ERR,ERR,ERR,ERR,ERR,ERR,ERR,ERR,ERR,ERR,ERR,ERR,ERR,ERR,ERR,ERR,ERR,ERR,ERR,ERR,ERR,ERR,ERR,ERR,ERR,ERR,ERR,ERR,ERR,ERR,ERR,ERR,ERR,ERR,ERR,ERR,ERR,ERR,ERR,ERR,ERR,ERR,ERR,ERR,ERR,ERR,ERR,ERR,ERR,ERR,ERR,ERR,ERR,ERR,ERR,ERR,ERR,ERR,ERR,ERR,ERR,ERR,ERR,ERR,ERR,ERR,ERR,ERR,ERR,ERR,ERR,ERR,ERR,ERR,ERR,ERR,ERR,ERR,ERR,ERR,ERR,ERR,ERR,ERR,ERR,ERR,ERR,ERR,ERR,ERR,ERR,ERR,ERR,ERR,ERR,ERR,0.0,0.0,0.0,0.0,6.093703749224254e+31,-0.0,0.048,nan,0,0,4,17423,7116,0.0,100,0.0,0.0,0.0,0.0,0.0,0,0,0,0,0.0,0,0,0,0,0,0,0,0,0,0,0,0,0,0,0,0,0,0,0,0,0,0,0,0,0,0,0,0,0,0,0,0,0,31,40,40,71,65476,0,300,0,0,8,21553,0.0,-107605600.0,0.0,0.0,0.0,0.0,0.0,0.0,0.0,0.0,0.0,0.0,0.0,0.0,0.0,0.0,0.0,0.0,0.0,0.0,0.0,0.0,-2.004,2.004,0.0,0.0,0.0,0.0,0.0,0.0,4861.0,2.422986463380401e+24,6925.0,0.0,0.0,2.004,2.004,0.0,0.0,0.0,0.0,69,0.0,-107614728.0,0.0,0.0,0.0,0.0,0.0,0.0,0.0,0,0,0,0.0,0.0,0.0,0.0,0.0,0.0,0.0,0.0,0.0,0.0,0.0,0.0,0.0,0.0,0.0,0.0,0,-107875648.0,69,0.0,138,0.0,2.012,ERR,ERR,ERR,ERR,ERR,ERR,ERR,ERR,ERR,ERR,ERR,ERR,ERR,ERR,ERR,ERR,ERR,ERR,ERR,ERR,ERR,ERR,ERR,ERR,ERR,ERR,ERR,ERR,ERR,ERR,ERR,ERR,ERR,ERR,ERR,ERR,ERR,ERR,ERR,ERR,ERR,ERR,ERR,ERR,ERR,ERR,ERR,ERR,ERR,ERR,ERR,ERR,ERR,ERR,ERR,ERR,ERR,ERR,ERR,ERR,ERR,ERR,ERR,ERR,ERR,ERR,ERR,60.0,60.0,35,0.0,0.0,0.0,0.0,0.0,0.0,0.0,0.0,0.0,0.0,0.0,0.0,0.0,0.0,0.0,0.0,65.6,0,114,55,38,65476,0,300,0,0,8,20529,65476,0,0,2621,60.0,0.0,0.0,0.0,0.0,0.0
2026-07-09T15:15:08,ERR,ERR,ERR,ERR,ERR,ERR,ERR,ERR,ERR,ERR,ERR,ERR,ERR,ERR,ERR,ERR,ERR,ERR,ERR,ERR,ERR,ERR,ERR,ERR,ERR,ERR,ERR,ERR,ERR,ERR,ERR,ERR,ERR,ERR,ERR,ERR,ERR,ERR,ERR,ERR,ERR,ERR,ERR,ERR,ERR,ERR,ERR,ERR,ERR,ERR,ERR,ERR,ERR,ERR,ERR,ERR,ERR,ERR,ERR,ERR,ERR,ERR,ERR,ERR,ERR,ERR,ERR,ERR,ERR,ERR,ERR,ERR,ERR,ERR,ERR,ERR,ERR,ERR,ERR,ERR,ERR,ERR,ERR,ERR,ERR,ERR,ERR,ERR,ERR,ERR,ERR,ERR,ERR,ERR,ERR,ERR,ERR,ERR,ERR,ERR,ERR,ERR,ERR,ERR,ERR,ERR,ERR,ERR,ERR,ERR,ERR,ERR,ERR,ERR,ERR,ERR,ERR,ERR,ERR,ERR,ERR,ERR,ERR,ERR,ERR,0.0,0.0,0.0,0.0,6.093703749224254e+31,6.409775470481188e+31,0.0,0.0,0,0,4,17422,7116,0.0,100,0.0,0.0,0.0,0.0,0.0,0,0,0,0,0.0,0,0,0,0,0,0,0,0,0,0,0,0,0,0,0,0,0,0,0,0,0,0,0,0,0,0,0,0,0,0,0,0,0,31,40,40,71,65476,0,300,0,0,8,21553,0.0,-107605600.0,0.0,0.0,0.0,0.0,0.0,0.0,0.0,0.0,0.0,0.0,0.0,0.0,0.0,0.0,0.0,0.0,0.0,0.0,0.0,0.0,-2.004,2.004,0.0,0.0,0.0,0.0,0.0,0.0,4853.0,0.0,6916.0,0.0,0.0,2.004,2.004,0.0,0.0,0.0,0.0,69,-0.0,4.0668510134893235e+29,0.0,0.0,0.0,0.0,0.0,0.0,0.0,0,0,0,0.0,0.0,0.0,0.0,0.0,0.0,0.0,0.0,0.0,0.0,0.0,0.0,0.0,0.0,0.0,0.0,0,-107875648.0,69,0.0,138,0.0,2.012,ERR,ERR,ERR,ERR,ERR,ERR,ERR,ERR,ERR,ERR,ERR,ERR,ERR,ERR,ERR,ERR,ERR,ERR,ERR,ERR,ERR,ERR,ERR,ERR,ERR,ERR,ERR,ERR,ERR,ERR,ERR,ERR,ERR,ERR,ERR,ERR,ERR,ERR,ERR,ERR,ERR,ERR,ERR,ERR,ERR,ERR,ERR,ERR,ERR,ERR,ERR,ERR,ERR,ERR,ERR,ERR,ERR,ERR,ERR,ERR,ERR,ERR,ERR,ERR,ERR,ERR,ERR,60.0,60.0,35,0.0,0.0,0.0,0.0,0.0,0.0,0.0,0.0,0.0,0.0,0.0,0.0,0.0,0.0,0.0,0.0,65.6,0,114,55,38,65476,0,300,0,0,8,20529,65476,0,0,2621,60.0,0.0,0.0,0.0,0.0,0.0
2026-07-09T15:15:09,ERR,ERR,ERR,ERR,ERR,ERR,ERR,ERR,ERR,ERR,ERR,ERR,ERR,ERR,ERR,ERR,ERR,ERR,ERR,ERR,ERR,ERR,ERR,ERR,ERR,ERR,ERR,ERR,ERR,ERR,ERR,ERR,ERR,ERR,ERR,ERR,ERR,ERR,ERR,ERR,ERR,ERR,ERR,ERR,ERR,ERR,ERR,ERR,ERR,ERR,ERR,ERR,ERR,ERR,ERR,ERR,ERR,ERR,ERR,ERR,ERR,ERR,ERR,ERR,ERR,ERR,ERR,ERR,ERR,ERR,ERR,ERR,ERR,ERR,ERR,ERR,ERR,ERR,ERR,ERR,ERR,ERR,ERR,ERR,ERR,ERR,ERR,ERR,ERR,ERR,ERR,ERR,ERR,ERR,ERR,ERR,ERR,ERR,ERR,ERR,ERR,ERR,ERR,ERR,ERR,ERR,ERR,ERR,ERR,ERR,ERR,ERR,ERR,ERR,ERR,ERR,ERR,ERR,ERR,ERR,ERR,ERR,ERR,ERR,ERR,0.0,0.0,0.0,0.0,6.093703749224254e+31,6.409775470481188e+31,0.0,0.0,0,0,4,17422,7116,0.0,100,0.0,0.0,0.0,0.0,0.0,0,0,0,0,0.0,0,0,0,0,0,0,0,0,0,0,0,0,0,0,0,0,0,0,0,0,0,0,0,0,0,0,0,0,0,0,0,0,0,31,40,40,71,65476,0,300,0,0,8,21553,0.0,-107605600.0,0.0,0.0,0.0,0.0,0.0,0.0,0.0,0.0,0.0,0.0,0.0,0.0,0.0,0.0,0.0,0.0,0.0,0.0,0.0,0.0,-2.004,2.004,0.0,0.0,0.0,0.0,0.0,0.0,4853.0,0.0,6916.0,0.0,0.0,2.004,2.004,0.0,0.0,0.0,0.0,69,-0.0,4.0668510134893235e+29,0.0,0.0,0.0,0.0,0.0,0.0,0.0,0,0,0,0.0,0.0,0.0,0.0,0.0,0.0,0.0,0.0,0.0,0.0,0.0,0.0,0.0,0.0,0.0,0.0,0,-107875648.0,69,0.0,138,0.0,2.012,ERR,ERR,ERR,ERR,ERR,ERR,ERR,ERR,ERR,ERR,ERR,ERR,ERR,ERR,ERR,ERR,ERR,ERR,ERR,ERR,ERR,ERR,ERR,ERR,ERR,ERR,ERR,ERR,ERR,ERR,ERR,ERR,ERR,ERR,ERR,ERR,ERR,ERR,ERR,ERR,ERR,ERR,ERR,ERR,ERR,ERR,ERR,ERR,ERR,ERR,ERR,ERR,ERR,ERR,ERR,ERR,ERR,ERR,ERR,ERR,ERR,ERR,ERR,ERR,ERR,ERR,ERR,60.0,60.0,35,0.0,0.0,0.0,0.0,0.0,0.0,0.0,0.0,0.0,0.0,0.0,0.0,0.0,0.0,0.0,0.0,65.2,0,114,55,38,65476,0,300,0,0,8,20529,65476,0,0,2621,60.0,0.0,0.0,0.0,0.0,0.0
2026-07-09T15:15:10,ERR,ERR,ERR,ERR,ERR,ERR,ERR,ERR,ERR,ERR,ERR,ERR,ERR,ERR,ERR,ERR,ERR,ERR,ERR,ERR,ERR,ERR,ERR,ERR,ERR,ERR,ERR,ERR,ERR,ERR,ERR,ERR,ERR,ERR,ERR,ERR,ERR,ERR,ERR,ERR,ERR,ERR,ERR,ERR,ERR,ERR,ERR,ERR,ERR,ERR,ERR,ERR,ERR,ERR,ERR,ERR,ERR,ERR,ERR,ERR,ERR,ERR,ERR,ERR,ERR,ERR,ERR,ERR,ERR,ERR,ERR,ERR,ERR,ERR,ERR,ERR,ERR,ERR,ERR,ERR,ERR,ERR,ERR,ERR,ERR,ERR,ERR,ERR,ERR,ERR,ERR,ERR,ERR,ERR,ERR,ERR,ERR,ERR,ERR,ERR,ERR,ERR,ERR,ERR,ERR,ERR,ERR,ERR,ERR,ERR,ERR,ERR,ERR,ERR,ERR,ERR,ERR,ERR,ERR,ERR,ERR,ERR,ERR,ERR,ERR,0.0,0.0,0.0,0.0,6.093703749224254e+31,6.409775470481188e+31,0.0,0.0,0,0,4,17422,7116,0.0,100,0.0,0.0,0.0,0.0,0.0,0,0,0,0,0.0,0,0,0,0,0,0,0,0,0,0,0,0,0,0,0,0,0,0,0,0,0,0,0,0,0,0,0,0,0,0,0,0,0,31,40,40,71,65476,0,300,0,0,8,21553,0.0,-107605600.0,0.0,0.0,0.0,0.0,0.0,0.0,0.0,0.0,0.0,0.0,0.0,0.0,0.0,0.0,0.0,0.0,0.0,0.0,0.0,0.0,-2.004,2.004,0.0,0.0,0.0,0.0,0.0,0.0,4853.0,0.0,6916.0,0.0,0.0,2.004,2.004,0.0,0.0,0.0,0.0,69,-0.0,4.0668510134893235e+29,0.0,0.0,0.0,0.0,0.0,0.0,0.0,0,0,0,0.0,0.0,0.0,0.0,0.0,0.0,0.0,0.0,0.0,0.0,0.0,0.0,0.0,0.0,0.0,0.0,0,-107875648.0,69,0.0,138,0.0,2.012,ERR,ERR,ERR,ERR,ERR,ERR,ERR,ERR,ERR,ERR,ERR,ERR,ERR,ERR,ERR,ERR,ERR,ERR,ERR,ERR,ERR,ERR,ERR,ERR,ERR,ERR,ERR,ERR,ERR,ERR,ERR,ERR,ERR,ERR,ERR,ERR,ERR,ERR,ERR,ERR,ERR,ERR,ERR,ERR,ERR,ERR,ERR,ERR,ERR,ERR,ERR,ERR,ERR,ERR,ERR,ERR,ERR,ERR,ERR,ERR,ERR,ERR,ERR,ERR,ERR,ERR,ERR,60.0,60.0,35,0.0,0.0,0.0,0.0,0.0,0.0,0.0,0.0,0.0,0.0,0.0,0.0,0.0,0.0,0.0,0.0,65.2,0,114,55,38,65476,0,300,0,0,8,20529,65476,0,0,2621,60.0,0.0,0.0,0.0,0.0,0.0
2026-07-09T15:15:11,ERR,ERR,ERR,ERR,ERR,ERR,ERR,ERR,ERR,ERR,ERR,ERR,ERR,ERR,ERR,ERR,ERR,ERR,ERR,ERR,ERR,ERR,ERR,ERR,ERR,ERR,ERR,ERR,ERR,ERR,ERR,ERR,ERR,ERR,ERR,ERR,ERR,ERR,ERR,ERR,ERR,ERR,ERR,ERR,ERR,ERR,ERR,ERR,ERR,ERR,ERR,ERR,ERR,ERR,ERR,ERR,ERR,ERR,ERR,ERR,ERR,ERR,ERR,ERR,ERR,ERR,ERR,ERR,ERR,ERR,ERR,ERR,ERR,ERR,ERR,ERR,ERR,ERR,ERR,ERR,ERR,ERR,ERR,ERR,ERR,ERR,ERR,ERR,ERR,ERR,ERR,ERR,ERR,ERR,ERR,ERR,ERR,ERR,ERR,ERR,ERR,ERR,ERR,ERR,ERR,ERR,ERR,ERR,ERR,ERR,ERR,ERR,ERR,ERR,ERR,ERR,ERR,ERR,ERR,ERR,ERR,ERR,ERR,ERR,ERR,0.0,0.0,0.0,0.0,6.093703749224254e+31,6.409775470481188e+31,0.0,0.0,0,0,4,17422,7116,0.0,100,0.0,0.0,0.0,0.0,0.0,0,0,0,0,0.0,0,0,0,0,0,0,0,0,0,0,0,0,0,0,0,0,0,0,0,0,0,0,0,0,0,0,0,0,0,0,0,0,0,31,40,40,71,65476,0,300,0,0,8,21553,0.0,-107605600.0,0.0,0.0,0.0,0.0,0.0,0.0,0.0,0.0,0.0,0.0,0.0,0.0,0.0,0.0,0.0,0.0,0.0,0.0,0.0,0.0,-2.004,2.004,0.0,0.0,0.0,0.0,0.0,0.0,4853.0,0.0,6916.0,0.0,0.0,2.004,2.004,0.0,0.0,0.0,0.0,69,-0.0,4.0668510134893235e+29,0.0,0.0,0.0,0.0,0.0,0.0,0.0,0,0,0,0.0,0.0,0.0,0.0,0.0,0.0,0.0,0.0,0.0,0.0,0.0,0.0,0.0,0.0,0.0,0.0,0,-107875648.0,69,0.0,138,0.0,2.012,ERR,ERR,ERR,ERR,ERR,ERR,ERR,ERR,ERR,ERR,ERR,ERR,ERR,ERR,ERR,ERR,ERR,ERR,ERR,ERR,ERR,ERR,ERR,ERR,ERR,ERR,ERR,ERR,ERR,ERR,ERR,ERR,ERR,ERR,ERR,ERR,ERR,ERR,ERR,ERR,ERR,ERR,ERR,ERR,ERR,ERR,ERR,ERR,ERR,ERR,ERR,ERR,ERR,ERR,ERR,ERR,ERR,ERR,ERR,ERR,ERR,ERR,ERR,ERR,ERR,ERR,ERR,60.0,60.0,35,0.0,0.0,0.0,0.0,0.0,0.0,0.0,0.0,0.0,0.0,0.0,0.0,0.0,0.0,0.0,0.0,65.2,0,114,55,38,65476,0,300,0,0,8,20529,65476,0,0,2621,60.0,0.0,0.0,0.0,0.0,0.0
2026-07-09T15:15:12,ERR,ERR,ERR,ERR,ERR,ERR,ERR,ERR,ERR,ERR,ERR,ERR,ERR,ERR,ERR,ERR,ERR,ERR,ERR,ERR,ERR,ERR,ERR,ERR,ERR,ERR,ERR,ERR,ERR,ERR,ERR,ERR,ERR,ERR,ERR,ERR,ERR,ERR,ERR,ERR,ERR,ERR,ERR,ERR,ERR,ERR,ERR,ERR,ERR,ERR,ERR,ERR,ERR,ERR,ERR,ERR,ERR,ERR,ERR,ERR,ERR,ERR,ERR,ERR,ERR,ERR,ERR,ERR,ERR,ERR,ERR,ERR,ERR,ERR,ERR,ERR,ERR,ERR,ERR,ERR,ERR,ERR,ERR,ERR,ERR,ERR,ERR,ERR,ERR,ERR,ERR,ERR,ERR,ERR,ERR,ERR,ERR,ERR,ERR,ERR,ERR,ERR,ERR,ERR,ERR,ERR,ERR,ERR,ERR,ERR,ERR,ERR,ERR,ERR,ERR,ERR,ERR,ERR,ERR,ERR,ERR,ERR,ERR,ERR,ERR,0.0,0.0,0.0,0.0,6.093703749224254e+31,6.409775470481188e+31,0.0,0.0,0,0,4,17422,7116,0.0,100,0.0,0.0,0.0,0.0,0.0,0,0,0,0,0.0,0,0,0,0,0,0,0,0,0,0,0,0,0,0,0,0,0,0,0,0,0,0,0,0,0,0,0,0,0,0,0,0,0,31,40,40,71,65476,0,300,0,0,8,21553,0.0,-107605600.0,0.0,0.0,0.0,0.0,0.0,0.0,0.0,0.0,0.0,0.0,0.0,0.0,0.0,0.0,0.0,0.0,0.0,0.0,0.0,0.0,-2.004,2.004,0.0,0.0,0.0,0.0,0.0,0.0,4853.0,0.0,6916.0,0.0,0.0,2.004,2.004,0.0,0.0,0.0,0.0,69,-0.0,4.0668510134893235e+29,0.0,0.0,0.0,0.0,0.0,0.0,0.0,0,0,0,0.0,0.0,0.0,0.0,0.0,0.0,0.0,0.0,0.0,0.0,0.0,0.0,0.0,0.0,0.0,0.0,0,-107875648.0,69,0.0,138,0.0,2.012,ERR,ERR,ERR,ERR,ERR,ERR,ERR,ERR,ERR,ERR,ERR,ERR,ERR,ERR,ERR,ERR,ERR,ERR,ERR,ERR,ERR,ERR,ERR,ERR,ERR,ERR,ERR,ERR,ERR,ERR,ERR,ERR,ERR,ERR,ERR,ERR,ERR,ERR,ERR,ERR,ERR,ERR,ERR,ERR,ERR,ERR,ERR,ERR,ERR,ERR,ERR,ERR,ERR,ERR,ERR,ERR,ERR,ERR,ERR,ERR,ERR,ERR,ERR,ERR,ERR,ERR,ERR,60.0,60.0,35,0.0,0.0,0.0,0.0,0.0,0.0,0.0,0.0,0.0,0.0,0.0,0.0,0.0,0.0,0.0,0.0,65.2,0,114,55,38,65476,0,300,0,0,8,20529,65476,0,0,2621,60.0,0.0,0.0,0.0,0.0,0.0
2026-07-09T15:15:13,ERR,ERR,ERR,ERR,ERR,ERR,ERR,ERR,ERR,ERR,ERR,ERR,ERR,ERR,ERR,ERR,ERR,ERR,ERR,ERR,ERR,ERR,ERR,ERR,ERR,ERR,ERR,ERR,ERR,ERR,ERR,ERR,ERR,ERR,ERR,ERR,ERR,ERR,ERR,ERR,ERR,ERR,ERR,ERR,ERR,ERR,ERR,ERR,ERR,ERR,ERR,ERR,ERR,ERR,ERR,ERR,ERR,ERR,ERR,ERR,ERR,ERR,ERR,ERR,ERR,ERR,ERR,ERR,ERR,ERR,ERR,ERR,ERR,ERR,ERR,ERR,ERR,ERR,ERR,ERR,ERR,ERR,ERR,ERR,ERR,ERR,ERR,ERR,ERR,ERR,ERR,ERR,ERR,ERR,ERR,ERR,ERR,ERR,ERR,ERR,ERR,ERR,ERR,ERR,ERR,ERR,ERR,ERR,ERR,ERR,ERR,ERR,ERR,ERR,ERR,ERR,ERR,ERR,ERR,ERR,ERR,ERR,ERR,ERR,ERR,-107615168.0,0.0,-0.0,-0.0,0.0,-0.0,18.285,3.6558145819920805e+28,0,0,4,17425,7116,0.0,100,0.0,0.0,-0.0,0.0,0.0,0,0,0,0,0.0,0,0,0,0,0,0,0,0,0,0,0,0,0,0,0,0,0,0,0,0,0,0,0,0,0,0,0,0,0,0,0,0,0,31,40,40,71,65476,0,300,0,0,8,21553,0.0,-107605600.0,0.0,0.0,0.0,0.0,0.0,0.0,0.0,0.0,0.0,0.0,0.0,0.0,0.0,0.0,0.0,0.0,0.0,0.0,0.0,0.0,-0.0,2.004,0.0,0.0,0.0,0.0,0.0,0.0,4846.0,0.0,6919.0,-107615168.0,2.7184456933947948e+23,2.004,2.004,0.0,0.0,0.0,0.0,69,-0.0,-0.0,0.0,0.0,0.0,0.0,0.0,0.0,0.0,0,0,0,0.0,0.0,0.0,0.0,0.0,0.0,0.0,0.0,0.0,0.0,0.0,0.0,0.0,0.0,0.0,0.0,0,-107875648.0,69,0.0,138,0.0,2.012,ERR,ERR,ERR,ERR,ERR,ERR,ERR,ERR,ERR,ERR,ERR,ERR,ERR,ERR,ERR,ERR,ERR,ERR,ERR,ERR,ERR,ERR,ERR,ERR,ERR,ERR,ERR,ERR,ERR,ERR,ERR,ERR,ERR,ERR,ERR,ERR,ERR,ERR,ERR,ERR,ERR,ERR,ERR,ERR,ERR,ERR,ERR,ERR,ERR,ERR,ERR,ERR,ERR,ERR,ERR,ERR,ERR,ERR,ERR,ERR,ERR,ERR,ERR,ERR,ERR,ERR,ERR,60.0,60.0,35,0.0,0.0,0.0,0.0,0.0,0.0,0.0,0.0,0.0,0.0,0.0,0.0,0.0,0.0,0.0,0.0,65.2,0,114,55,38,65476,0,300,0,0,8,20529,65476,0,0,2621,60.0,0.0,0.0,0.0,0.0,0.0
2026-07-09T15:15:14,ERR,ERR,ERR,ERR,ERR,ERR,ERR,ERR,ERR,ERR,ERR,ERR,ERR,ERR,ERR,ERR,ERR,ERR,ERR,ERR,ERR,ERR,ERR,ERR,ERR,ERR,ERR,ERR,ERR,ERR,ERR,ERR,ERR,ERR,ERR,ERR,ERR,ERR,ERR,ERR,ERR,ERR,ERR,ERR,ERR,ERR,ERR,ERR,ERR,ERR,ERR,ERR,ERR,ERR,ERR,ERR,ERR,ERR,ERR,ERR,ERR,ERR,ERR,ERR,ERR,ERR,ERR,ERR,ERR,ERR,ERR,ERR,ERR,ERR,ERR,ERR,ERR,ERR,ERR,ERR,ERR,ERR,ERR,ERR,ERR,ERR,ERR,ERR,ERR,ERR,ERR,ERR,ERR,ERR,ERR,ERR,ERR,ERR,ERR,ERR,ERR,ERR,ERR,ERR,ERR,ERR,ERR,ERR,ERR,ERR,ERR,ERR,ERR,ERR,ERR,ERR,ERR,ERR,ERR,ERR,ERR,ERR,ERR,ERR,ERR,-107615168.0,0.0,-0.0,-0.0,0.0,-0.0,18.285,3.6558145819920805e+28,0,0,4,17425,7116,0.0,100,0.0,0.0,-0.0,0.0,0.0,0,0,0,0,0.0,0,0,0,0,0,0,0,0,0,0,0,0,0,0,0,0,0,0,0,0,0,0,0,0,0,0,0,0,0,0,0,0,0,31,40,40,71,65476,0,300,0,0,8,21553,0.0,-107605600.0,0.0,0.0,0.0,0.0,0.0,0.0,0.0,0.0,0.0,0.0,0.0,0.0,0.0,0.0,0.0,0.0,0.0,0.0,0.0,0.0,-0.0,2.004,0.0,0.0,0.0,0.0,0.0,0.0,4846.0,0.0,6919.0,-107615168.0,2.7184456933947948e+23,2.004,2.004,0.0,0.0,0.0,0.0,69,-0.0,-0.0,0.0,0.0,0.0,0.0,0.0,0.0,0.0,0,0,0,0.0,0.0,0.0,0.0,0.0,0.0,0.0,0.0,0.0,0.0,0.0,0.0,0.0,0.0,0.0,0.0,0,-107875648.0,69,0.0,138,0.0,2.012,ERR,ERR,ERR,ERR,ERR,ERR,ERR,ERR,ERR,ERR,ERR,ERR,ERR,ERR,ERR,ERR,ERR,ERR,ERR,ERR,ERR,ERR,ERR,ERR,ERR,ERR,ERR,ERR,ERR,ERR,ERR,ERR,ERR,ERR,ERR,ERR,ERR,ERR,ERR,ERR,ERR,ERR,ERR,ERR,ERR,ERR,ERR,ERR,ERR,ERR,ERR,ERR,ERR,ERR,ERR,ERR,ERR,ERR,ERR,ERR,ERR,ERR,ERR,ERR,ERR,ERR,ERR,60.0,60.0,35,0.0,0.0,0.0,0.0,0.0,0.0,0.0,0.0,0.0,0.0,0.0,0.0,0.0,0.0,0.0,0.0,65.2,0,114,55,38,65476,0,300,0,0,8,20529,65476,0,0,2621,60.0,0.0,0.0,0.0,0.0,0.0
2026-07-09T15:15:15,ERR,ERR,ERR,ERR,ERR,ERR,ERR,ERR,ERR,ERR,ERR,ERR,ERR,ERR,ERR,ERR,ERR,ERR,ERR,ERR,ERR,ERR,ERR,ERR,ERR,ERR,ERR,ERR,ERR,ERR,ERR,ERR,ERR,ERR,ERR,ERR,ERR,ERR,ERR,ERR,ERR,ERR,ERR,ERR,ERR,ERR,ERR,ERR,ERR,ERR,ERR,ERR,ERR,ERR,ERR,ERR,ERR,ERR,ERR,ERR,ERR,ERR,ERR,ERR,ERR,ERR,ERR,ERR,ERR,ERR,ERR,ERR,ERR,ERR,ERR,ERR,ERR,ERR,ERR,ERR,ERR,ERR,ERR,ERR,ERR,ERR,ERR,ERR,ERR,ERR,ERR,ERR,ERR,ERR,ERR,ERR,ERR,ERR,ERR,ERR,ERR,ERR,ERR,ERR,ERR,ERR,ERR,ERR,ERR,ERR,ERR,ERR,ERR,ERR,ERR,ERR,ERR,ERR,ERR,ERR,ERR,ERR,ERR,ERR,ERR,-107615168.0,0.0,-0.0,-0.0,0.0,-0.0,18.285,3.6558145819920805e+28,0,0,4,17425,7116,0.0,100,0.0,0.0,-0.0,0.0,0.0,0,0,0,0,0.0,0,0,0,0,0,0,0,0,0,0,0,0,0,0,0,0,0,0,0,0,0,0,0,0,0,0,0,0,0,0,0,0,0,31,40,40,71,65476,0,300,0,0,8,21553,0.0,-107605600.0,0.0,0.0,0.0,0.0,0.0,0.0,0.0,0.0,0.0,0.0,0.0,0.0,0.0,0.0,0.0,0.0,0.0,0.0,0.0,0.0,-0.0,2.004,0.0,0.0,0.0,0.0,0.0,0.0,4846.0,0.0,6919.0,-107615168.0,2.7184456933947948e+23,2.004,2.004,0.0,0.0,0.0,0.0,69,-0.0,-0.0,0.0,0.0,0.0,0.0,0.0,0.0,0.0,0,0,0,0.0,0.0,0.0,0.0,0.0,0.0,0.0,0.0,0.0,0.0,0.0,0.0,0.0,0.0,0.0,0.0,0,-107875648.0,69,0.0,138,0.0,2.012,ERR,ERR,ERR,ERR,ERR,ERR,ERR,ERR,ERR,ERR,ERR,ERR,ERR,ERR,ERR,ERR,ERR,ERR,ERR,ERR,ERR,ERR,ERR,ERR,ERR,ERR,ERR,ERR,ERR,ERR,ERR,ERR,ERR,ERR,ERR,ERR,ERR,ERR,ERR,ERR,ERR,ERR,ERR,ERR,ERR,ERR,ERR,ERR,ERR,ERR,ERR,ERR,ERR,ERR,ERR,ERR,ERR,ERR,ERR,ERR,ERR,ERR,ERR,ERR,ERR,ERR,ERR,60.0,60.0,35,0.0,0.0,0.0,0.0,0.0,0.0,0.0,0.0,0.0,0.0,0.0,0.0,0.0,0.0,0.0,0.0,65.2,0,114,55,38,65476,0,300,0,0,8,20529,65476,0,0,2621,60.0,0.0,0.0,0.0,0.0,0.0
2026-07-09T15:15:16,ERR,ERR,ERR,ERR,ERR,ERR,ERR,ERR,ERR,ERR,ERR,ERR,ERR,ERR,ERR,ERR,ERR,ERR,ERR,ERR,ERR,ERR,ERR,ERR,ERR,ERR,ERR,ERR,ERR,ERR,ERR,ERR,ERR,ERR,ERR,ERR,ERR,ERR,ERR,ERR,ERR,ERR,ERR,ERR,ERR,ERR,ERR,ERR,ERR,ERR,ERR,ERR,ERR,ERR,ERR,ERR,ERR,ERR,ERR,ERR,ERR,ERR,ERR,ERR,ERR,ERR,ERR,ERR,ERR,ERR,ERR,ERR,ERR,ERR,ERR,ERR,ERR,ERR,ERR,ERR,ERR,ERR,ERR,ERR,ERR,ERR,ERR,ERR,ERR,ERR,ERR,ERR,ERR,ERR,ERR,ERR,ERR,ERR,ERR,ERR,ERR,ERR,ERR,ERR,ERR,ERR,ERR,ERR,ERR,ERR,ERR,ERR,ERR,ERR,ERR,ERR,ERR,ERR,ERR,ERR,ERR,ERR,ERR,ERR,ERR,-107615168.0,0.0,-0.0,-0.0,0.0,-0.0,18.285,3.6558145819920805e+28,0,0,4,17425,7116,0.0,100,0.0,0.0,-0.0,0.0,0.0,0,0,0,0,0.0,0,0,0,0,0,0,0,0,0,0,0,0,0,0,0,0,0,0,0,0,0,0,0,0,0,0,0,0,0,0,0,0,0,31,40,40,71,65476,0,300,0,0,8,21553,0.0,-107605600.0,0.0,0.0,0.0,0.0,0.0,0.0,0.0,0.0,0.0,0.0,0.0,0.0,0.0,0.0,0.0,0.0,0.0,0.0,0.0,0.0,-0.0,2.004,0.0,0.0,0.0,0.0,0.0,0.0,4846.0,0.0,6919.0,-107615168.0,2.7184456933947948e+23,2.004,2.004,0.0,0.0,0.0,0.0,69,-0.0,-0.0,0.0,0.0,0.0,0.0,0.0,0.0,0.0,0,0,0,0.0,0.0,0.0,0.0,0.0,0.0,0.0,0.0,0.0,0.0,0.0,0.0,0.0,0.0,0.0,0.0,0,-107875648.0,69,0.0,138,0.0,2.012,ERR,ERR,ERR,ERR,ERR,ERR,ERR,ERR,ERR,ERR,ERR,ERR,ERR,ERR,ERR,ERR,ERR,ERR,ERR,ERR,ERR,ERR,ERR,ERR,ERR,ERR,ERR,ERR,ERR,ERR,ERR,ERR,ERR,ERR,ERR,ERR,ERR,ERR,ERR,ERR,ERR,ERR,ERR,ERR,ERR,ERR,ERR,ERR,ERR,ERR,ERR,ERR,ERR,ERR,ERR,ERR,ERR,ERR,ERR,ERR,ERR,ERR,ERR,ERR,ERR,ERR,ERR,60.0,60.0,35,0.0,0.0,0.0,0.0,0.0,0.0,0.0,0.0,0.0,0.0,0.0,0.0,0.0,0.0,0.0,0.0,65.2,0,114,55,38,65476,0,300,0,0,8,20529,65476,0,0,2621,60.0,0.0,0.0,0.0,0.0,0.0
2026-07-09T15:15:17,ERR,ERR,ERR,ERR,ERR,ERR,ERR,ERR,ERR,ERR,ERR,ERR,ERR,ERR,ERR,ERR,ERR,ERR,ERR,ERR,ERR,ERR,ERR,ERR,ERR,ERR,ERR,ERR,ERR,ERR,ERR,ERR,ERR,ERR,ERR,ERR,ERR,ERR,ERR,ERR,ERR,ERR,ERR,ERR,ERR,ERR,ERR,ERR,ERR,ERR,ERR,ERR,ERR,ERR,ERR,ERR,ERR,ERR,ERR,ERR,ERR,ERR,ERR,ERR,ERR,ERR,ERR,ERR,ERR,ERR,ERR,ERR,ERR,ERR,ERR,ERR,ERR,ERR,ERR,ERR,ERR,ERR,ERR,ERR,ERR,ERR,ERR,ERR,ERR,ERR,ERR,ERR,ERR,ERR,ERR,ERR,ERR,ERR,ERR,ERR,ERR,ERR,ERR,ERR,ERR,ERR,ERR,ERR,ERR,ERR,ERR,ERR,ERR,ERR,ERR,ERR,ERR,ERR,ERR,ERR,ERR,ERR,ERR,ERR,ERR,-107615168.0,2.7184456933947948e+23,nan,-0.0,7177.069,-1.7925914576545313e+31,-0.0,7.37352616594843e+28,0,0,4,17425,7116,0.0,100,0.0,0.0,0.0,0.0,0.0,0,0,0,0,0.0,0,0,0,0,0,0,0,0,0,0,0,0,0,0,0,0,0,0,0,0,0,0,0,0,0,0,0,0,0,0,0,0,0,31,40,40,71,65476,0,300,0,0,8,21553,0.0,-107605600.0,0.0,0.0,0.0,0.0,0.0,0.0,0.0,0.0,0.0,0.0,0.0,0.0,0.0,0.0,0.0,0.0,0.0,0.0,0.0,0.0,-2.004,3.697067826173549e+19,0.0,0.0,0.0,0.0,0.0,0.0,4848.0,0.0,6915.0,0.0,2.7184456933947948e+23,2.004,2.004,0.0,0.0,0.0,0.0,69,-0.0,2.7184161497812392e+23,0.0,0.0,0.0,0.0,0.0,0.0,0.0,0,0,0,0.0,0.0,0.0,0.0,0.0,0.0,0.0,0.0,0.0,0.0,0.0,0.0,0.0,0.0,0.0,0.0,0,-107875648.0,69,0.0,138,0.0,2.012,ERR,ERR,ERR,ERR,ERR,ERR,ERR,ERR,ERR,ERR,ERR,ERR,ERR,ERR,ERR,ERR,ERR,ERR,ERR,ERR,ERR,ERR,ERR,ERR,ERR,ERR,ERR,ERR,ERR,ERR,ERR,ERR,ERR,ERR,ERR,ERR,ERR,ERR,ERR,ERR,ERR,ERR,ERR,ERR,ERR,ERR,ERR,ERR,ERR,ERR,ERR,ERR,ERR,ERR,ERR,ERR,ERR,ERR,ERR,ERR,ERR,ERR,ERR,ERR,ERR,ERR,ERR,60.0,60.0,35,0.0,0.0,0.0,0.0,0.0,0.0,0.0,0.0,0.0,0.0,0.0,0.0,0.0,0.0,0.0,0.0,65.6,0,114,55,38,65476,0,300,0,0,8,20529,65476,0,0,2621,60.0,0.0,0.0,0.0,0.0,0.0
2026-07-09T15:15:18,ERR,ERR,ERR,ERR,ERR,ERR,ERR,ERR,ERR,ERR,ERR,ERR,ERR,ERR,ERR,ERR,ERR,ERR,ERR,ERR,ERR,ERR,ERR,ERR,ERR,ERR,ERR,ERR,ERR,ERR,ERR,ERR,ERR,ERR,ERR,ERR,ERR,ERR,ERR,ERR,ERR,ERR,ERR,ERR,ERR,ERR,ERR,ERR,ERR,ERR,ERR,ERR,ERR,ERR,ERR,ERR,ERR,ERR,ERR,ERR,ERR,ERR,ERR,ERR,ERR,ERR,ERR,ERR,ERR,ERR,ERR,ERR,ERR,ERR,ERR,ERR,ERR,ERR,ERR,ERR,ERR,ERR,ERR,ERR,ERR,ERR,ERR,ERR,ERR,ERR,ERR,ERR,ERR,ERR,ERR,ERR,ERR,ERR,ERR,ERR,ERR,ERR,ERR,ERR,ERR,ERR,ERR,ERR,ERR,ERR,ERR,ERR,ERR,ERR,ERR,ERR,ERR,ERR,ERR,ERR,ERR,ERR,ERR,ERR,ERR,-107615168.0,2.7184456933947948e+23,nan,-0.0,7177.069,-1.7925914576545313e+31,-0.0,7.37352616594843e+28,0,0,4,17425,7116,0.0,100,0.0,0.0,0.0,0.0,0.0,0,0,0,0,0.0,0,0,0,0,0,0,0,0,0,0,0,0,0,0,0,0,0,0,0,0,0,0,0,0,0,0,0,0,0,0,0,0,0,31,40,40,71,65476,0,300,0,0,8,21553,0.0,-107605600.0,0.0,0.0,0.0,0.0,0.0,0.0,0.0,0.0,0.0,0.0,0.0,0.0,0.0,0.0,0.0,0.0,0.0,0.0,0.0,0.0,-2.004,3.697067826173549e+19,0.0,0.0,0.0,0.0,0.0,0.0,4848.0,0.0,6915.0,0.0,2.7184456933947948e+23,2.004,2.004,0.0,0.0,0.0,0.0,69,-0.0,2.7184161497812392e+23,0.0,0.0,0.0,0.0,0.0,0.0,0.0,0,0,0,0.0,0.0,0.0,0.0,0.0,0.0,0.0,0.0,0.0,0.0,0.0,0.0,0.0,0.0,0.0,0.0,0,-107875648.0,69,0.0,138,0.0,2.012,ERR,ERR,ERR,ERR,ERR,ERR,ERR,ERR,ERR,ERR,ERR,ERR,ERR,ERR,ERR,ERR,ERR,ERR,ERR,ERR,ERR,ERR,ERR,ERR,ERR,ERR,ERR,ERR,ERR,ERR,ERR,ERR,ERR,ERR,ERR,ERR,ERR,ERR,ERR,ERR,ERR,ERR,ERR,ERR,ERR,ERR,ERR,ERR,ERR,ERR,ERR,ERR,ERR,ERR,ERR,ERR,ERR,ERR,ERR,ERR,ERR,ERR,ERR,ERR,ERR,ERR,ERR,60.0,60.0,35,0.0,0.0,0.0,0.0,0.0,0.0,0.0,0.0,0.0,0.0,0.0,0.0,0.0,0.0,0.0,0.0,65.6,0,114,55,38,65476,0,300,0,0,8,20529,65476,0,0,2621,60.0,0.0,0.0,0.0,0.0,0.0
2026-07-09T15:15:19,ERR,ERR,ERR,ERR,ERR,ERR,ERR,ERR,ERR,ERR,ERR,ERR,ERR,ERR,ERR,ERR,ERR,ERR,ERR,ERR,ERR,ERR,ERR,ERR,ERR,ERR,ERR,ERR,ERR,ERR,ERR,ERR,ERR,ERR,ERR,ERR,ERR,ERR,ERR,ERR,ERR,ERR,ERR,ERR,ERR,ERR,ERR,ERR,ERR,ERR,ERR,ERR,ERR,ERR,ERR,ERR,ERR,ERR,ERR,ERR,ERR,ERR,ERR,ERR,ERR,ERR,ERR,ERR,ERR,ERR,ERR,ERR,ERR,ERR,ERR,ERR,ERR,ERR,ERR,ERR,ERR,ERR,ERR,ERR,ERR,ERR,ERR,ERR,ERR,ERR,ERR,ERR,ERR,ERR,ERR,ERR,ERR,ERR,ERR,ERR,ERR,ERR,ERR,ERR,ERR,ERR,ERR,ERR,ERR,ERR,ERR,ERR,ERR,ERR,ERR,ERR,ERR,ERR,ERR,ERR,ERR,ERR,ERR,ERR,ERR,-107615168.0,2.7184456933947948e+23,nan,-0.0,7177.069,-1.7925914576545313e+31,-0.0,7.37352616594843e+28,0,0,4,17425,7116,0.0,100,0.0,0.0,0.0,0.0,0.0,0,0,0,0,0.0,0,0,0,0,0,0,0,0,0,0,0,0,0,0,0,0,0,0,0,0,0,0,0,0,0,0,0,0,0,0,0,0,0,31,40,40,71,65476,0,300,0,0,8,21553,0.0,-107605600.0,0.0,0.0,0.0,0.0,0.0,0.0,0.0,0.0,0.0,0.0,0.0,0.0,0.0,0.0,0.0,0.0,0.0,0.0,0.0,0.0,-2.004,3.697067826173549e+19,0.0,0.0,0.0,0.0,0.0,0.0,4848.0,0.0,6915.0,0.0,2.7184456933947948e+23,2.004,2.004,0.0,0.0,0.0,0.0,69,-0.0,2.7184161497812392e+23,0.0,0.0,0.0,0.0,0.0,0.0,0.0,0,0,0,0.0,0.0,0.0,0.0,0.0,0.0,0.0,0.0,0.0,0.0,0.0,0.0,0.0,0.0,0.0,0.0,0,-107875648.0,69,0.0,138,0.0,2.012,ERR,ERR,ERR,ERR,ERR,ERR,ERR,ERR,ERR,ERR,ERR,ERR,ERR,ERR,ERR,ERR,ERR,ERR,ERR,ERR,ERR,ERR,ERR,ERR,ERR,ERR,ERR,ERR,ERR,ERR,ERR,ERR,ERR,ERR,ERR,ERR,ERR,ERR,ERR,ERR,ERR,ERR,ERR,ERR,ERR,ERR,ERR,ERR,ERR,ERR,ERR,ERR,ERR,ERR,ERR,ERR,ERR,ERR,ERR,ERR,ERR,ERR,ERR,ERR,ERR,ERR,ERR,60.0,60.0,35,0.0,0.0,0.0,0.0,0.0,0.0,0.0,0.0,0.0,0.0,0.0,0.0,0.0,0.0,0.0,0.0,65.2,0,114,55,38,65476,0,300,0,0,8,20529,65476,0,0,2621,60.0,0.0,0.0,0.0,0.0,0.0
2026-07-09T15:15:20,ERR,ERR,ERR,ERR,ERR,ERR,ERR,ERR,ERR,ERR,ERR,ERR,ERR,ERR,ERR,ERR,ERR,ERR,ERR,ERR,ERR,ERR,ERR,ERR,ERR,ERR,ERR,ERR,ERR,ERR,ERR,ERR,ERR,ERR,ERR,ERR,ERR,ERR,ERR,ERR,ERR,ERR,ERR,ERR,ERR,ERR,ERR,ERR,ERR,ERR,ERR,ERR,ERR,ERR,ERR,ERR,ERR,ERR,ERR,ERR,ERR,ERR,ERR,ERR,ERR,ERR,ERR,ERR,ERR,ERR,ERR,ERR,ERR,ERR,ERR,ERR,ERR,ERR,ERR,ERR,ERR,ERR,ERR,ERR,ERR,ERR,ERR,ERR,ERR,ERR,ERR,ERR,ERR,ERR,ERR,ERR,ERR,ERR,ERR,ERR,ERR,ERR,ERR,ERR,ERR,ERR,ERR,ERR,ERR,ERR,ERR,ERR,ERR,ERR,ERR,ERR,ERR,ERR,ERR,ERR,ERR,ERR,ERR,ERR,ERR,-107615168.0,2.7184456933947948e+23,nan,-0.0,7177.069,-1.7925914576545313e+31,-0.0,7.37352616594843e+28,0,0,4,17425,7116,0.0,100,0.0,0.0,0.0,0.0,0.0,0,0,0,0,0.0,0,0,0,0,0,0,0,0,0,0,0,0,0,0,0,0,0,0,0,0,0,0,0,0,0,0,0,0,0,0,0,0,0,31,40,40,71,65476,0,300,0,0,8,21553,0.0,-107605600.0,0.0,0.0,0.0,0.0,0.0,0.0,0.0,0.0,0.0,0.0,0.0,0.0,0.0,0.0,0.0,0.0,0.0,0.0,0.0,0.0,-2.004,3.697067826173549e+19,0.0,0.0,0.0,0.0,0.0,0.0,4848.0,0.0,6915.0,0.0,2.7184456933947948e+23,2.004,2.004,0.0,0.0,0.0,0.0,69,-0.0,2.7184161497812392e+23,0.0,0.0,0.0,0.0,0.0,0.0,0.0,0,0,0,0.0,0.0,0.0,0.0,0.0,0.0,0.0,0.0,0.0,0.0,0.0,0.0,0.0,0.0,0.0,0.0,0,-107875648.0,69,0.0,138,0.0,2.012,ERR,ERR,ERR,ERR,ERR,ERR,ERR,ERR,ERR,ERR,ERR,ERR,ERR,ERR,ERR,ERR,ERR,ERR,ERR,ERR,ERR,ERR,ERR,ERR,ERR,ERR,ERR,ERR,ERR,ERR,ERR,ERR,ERR,ERR,ERR,ERR,ERR,ERR,ERR,ERR,ERR,ERR,ERR,ERR,ERR,ERR,ERR,ERR,ERR,ERR,ERR,ERR,ERR,ERR,ERR,ERR,ERR,ERR,ERR,ERR,ERR,ERR,ERR,ERR,ERR,ERR,ERR,60.0,60.0,35,0.0,0.0,0.0,0.0,0.0,0.0,0.0,0.0,0.0,0.0,0.0,0.0,0.0,0.0,0.0,0.0,65.2,0,114,55,38,65476,0,300,0,0,8,20529,65476,0,0,2621,60.0,0.0,0.0,0.0,0.0,0.0
2026-07-09T15:15:21,ERR,ERR,ERR,ERR,ERR,ERR,ERR,ERR,ERR,ERR,ERR,ERR,ERR,ERR,ERR,ERR,ERR,ERR,ERR,ERR,ERR,ERR,ERR,ERR,ERR,ERR,ERR,ERR,ERR,ERR,ERR,ERR,ERR,ERR,ERR,ERR,ERR,ERR,ERR,ERR,ERR,ERR,ERR,ERR,ERR,ERR,ERR,ERR,ERR,ERR,ERR,ERR,ERR,ERR,ERR,ERR,ERR,ERR,ERR,ERR,ERR,ERR,ERR,ERR,ERR,ERR,ERR,ERR,ERR,ERR,ERR,ERR,ERR,ERR,ERR,ERR,ERR,ERR,ERR,ERR,ERR,ERR,ERR,ERR,ERR,ERR,ERR,ERR,ERR,ERR,ERR,ERR,ERR,ERR,ERR,ERR,ERR,ERR,ERR,ERR,ERR,ERR,ERR,ERR,ERR,ERR,ERR,ERR,ERR,ERR,ERR,ERR,ERR,ERR,ERR,ERR,ERR,ERR,ERR,ERR,ERR,ERR,ERR,ERR,ERR,-107615168.0,2.7184456933947948e+23,nan,-0.0,7177.069,-1.7925914576545313e+31,-0.0,7.37352616594843e+28,0,0,4,17425,7116,0.0,100,0.0,0.0,0.0,0.0,0.0,0,0,0,0,0.0,0,0,0,0,0,0,0,0,0,0,0,0,0,0,0,0,0,0,0,0,0,0,0,0,0,0,0,0,0,0,0,0,0,31,40,40,71,65476,0,300,0,0,8,21553,0.0,-107605600.0,0.0,0.0,0.0,0.0,0.0,0.0,0.0,0.0,0.0,0.0,0.0,0.0,0.0,0.0,0.0,0.0,0.0,0.0,0.0,0.0,-2.004,3.697067826173549e+19,0.0,0.0,0.0,0.0,0.0,0.0,4848.0,0.0,6915.0,0.0,2.7184456933947948e+23,2.004,2.004,0.0,0.0,0.0,0.0,69,-0.0,2.7184161497812392e+23,0.0,0.0,0.0,0.0,0.0,0.0,0.0,0,0,0,0.0,0.0,0.0,0.0,0.0,0.0,0.0,0.0,0.0,0.0,0.0,0.0,0.0,0.0,0.0,0.0,0,-107875648.0,69,0.0,138,0.0,2.012,ERR,ERR,ERR,ERR,ERR,ERR,ERR,ERR,ERR,ERR,ERR,ERR,ERR,ERR,ERR,ERR,ERR,ERR,ERR,ERR,ERR,ERR,ERR,ERR,ERR,ERR,ERR,ERR,ERR,ERR,ERR,ERR,ERR,ERR,ERR,ERR,ERR,ERR,ERR,ERR,ERR,ERR,ERR,ERR,ERR,ERR,ERR,ERR,ERR,ERR,ERR,ERR,ERR,ERR,ERR,ERR,ERR,ERR,ERR,ERR,ERR,ERR,ERR,ERR,ERR,ERR,ERR,60.0,60.0,35,0.0,0.0,0.0,0.0,0.0,0.0,0.0,0.0,0.0,0.0,0.0,0.0,0.0,0.0,0.0,0.0,65.2,0,114,55,38,65476,0,300,0,0,8,20529,65476,0,0,2621,60.0,0.0,0.0,0.0,0.0,0.0
2026-07-09T15:15:22,ERR,ERR,ERR,ERR,ERR,ERR,ERR,ERR,ERR,ERR,ERR,ERR,ERR,ERR,ERR,ERR,ERR,ERR,ERR,ERR,ERR,ERR,ERR,ERR,ERR,ERR,ERR,ERR,ERR,ERR,ERR,ERR,ERR,ERR,ERR,ERR,ERR,ERR,ERR,ERR,ERR,ERR,ERR,ERR,ERR,ERR,ERR,ERR,ERR,ERR,ERR,ERR,ERR,ERR,ERR,ERR,ERR,ERR,ERR,ERR,ERR,ERR,ERR,ERR,ERR,ERR,ERR,ERR,ERR,ERR,ERR,ERR,ERR,ERR,ERR,ERR,ERR,ERR,ERR,ERR,ERR,ERR,ERR,ERR,ERR,ERR,ERR,ERR,ERR,ERR,ERR,ERR,ERR,ERR,ERR,ERR,ERR,ERR,ERR,ERR,ERR,ERR,ERR,ERR,ERR,ERR,ERR,ERR,ERR,ERR,ERR,ERR,ERR,ERR,ERR,ERR,ERR,ERR,ERR,ERR,ERR,ERR,ERR,ERR,ERR,-107615168.0,2.7184456933947948e+23,nan,0.0,-3.1782404013259744e+37,-0.0,0.0,-0.0,0,0,4,17425,7116,0.0,100,0.0,0.0,0.0,0.0,0.0,0,0,0,0,0.0,0,0,0,0,0,0,0,0,0,0,0,0,0,0,0,0,0,0,0,0,0,0,0,0,0,0,0,0,0,0,0,0,0,31,40,40,71,65476,0,300,0,0,8,21553,0.0,-107605600.0,0.0,0.0,0.0,0.0,0.0,0.0,0.0,0.0,0.0,0.0,0.0,0.0,0.0,0.0,0.0,0.0,0.0,0.0,0.0,0.0,-0.0,3.697067826173549e+19,0.0,0.0,0.0,0.0,0.0,0.0,4843.0,0.0,6918.0,-107615168.0,2.7184456933947948e+23,2.004,2.004,0.0,0.0,0.0,0.0,69,2.71841759093312e+23,-0.0,0.0,0.0,0.0,0.0,0.0,0.0,0.0,0,0,0,0.0,0.0,0.0,0.0,0.0,0.0,0.0,0.0,0.0,0.0,0.0,0.0,0.0,0.0,0.0,0.0,0,-107875648.0,69,0.0,138,0.0,2.012,ERR,ERR,ERR,ERR,ERR,ERR,ERR,ERR,ERR,ERR,ERR,ERR,ERR,ERR,ERR,ERR,ERR,ERR,ERR,ERR,ERR,ERR,ERR,ERR,ERR,ERR,ERR,ERR,ERR,ERR,ERR,ERR,ERR,ERR,ERR,ERR,ERR,ERR,ERR,ERR,ERR,ERR,ERR,ERR,ERR,ERR,ERR,ERR,ERR,ERR,ERR,ERR,ERR,ERR,ERR,ERR,ERR,ERR,ERR,ERR,ERR,ERR,ERR,ERR,ERR,ERR,ERR,60.0,60.0,35,0.0,0.0,0.0,0.0,0.0,0.0,0.0,0.0,0.0,0.0,0.0,0.0,0.0,0.0,0.0,0.0,65.2,0,114,55,38,65476,0,300,0,0,8,20529,65476,0,0,2621,60.0,0.0,0.0,0.0,0.0,0.0
2026-07-09T15:15:23,ERR,ERR,ERR,ERR,ERR,ERR,ERR,ERR,ERR,ERR,ERR,ERR,ERR,ERR,ERR,ERR,ERR,ERR,ERR,ERR,ERR,ERR,ERR,ERR,ERR,ERR,ERR,ERR,ERR,ERR,ERR,ERR,ERR,ERR,ERR,ERR,ERR,ERR,ERR,ERR,ERR,ERR,ERR,ERR,ERR,ERR,ERR,ERR,ERR,ERR,ERR,ERR,ERR,ERR,ERR,ERR,ERR,ERR,ERR,ERR,ERR,ERR,ERR,ERR,ERR,ERR,ERR,ERR,ERR,ERR,ERR,ERR,ERR,ERR,ERR,ERR,ERR,ERR,ERR,ERR,ERR,ERR,ERR,ERR,ERR,ERR,ERR,ERR,ERR,ERR,ERR,ERR,ERR,ERR,ERR,ERR,ERR,ERR,ERR,ERR,ERR,ERR,ERR,ERR,ERR,ERR,ERR,ERR,ERR,ERR,ERR,ERR,ERR,ERR,ERR,ERR,ERR,ERR,ERR,ERR,ERR,ERR,ERR,ERR,ERR,-107615168.0,2.7184456933947948e+23,nan,0.0,-3.1782404013259744e+37,-0.0,0.0,-0.0,0,0,4,17425,7116,0.0,100,0.0,0.0,0.0,0.0,0.0,0,0,0,0,0.0,0,0,0,0,0,0,0,0,0,0,0,0,0,0,0,0,0,0,0,0,0,0,0,0,0,0,0,0,0,0,0,0,0,31,40,40,71,65476,0,300,0,0,8,21553,0.0,-107605600.0,0.0,0.0,0.0,0.0,0.0,0.0,0.0,0.0,0.0,0.0,0.0,0.0,0.0,0.0,0.0,0.0,0.0,0.0,0.0,0.0,-0.0,3.697067826173549e+19,0.0,0.0,0.0,0.0,0.0,0.0,4843.0,0.0,6918.0,-107615168.0,2.7184456933947948e+23,2.004,2.004,0.0,0.0,0.0,0.0,69,2.71841759093312e+23,-0.0,0.0,0.0,0.0,0.0,0.0,0.0,0.0,0,0,0,0.0,0.0,0.0,0.0,0.0,0.0,0.0,0.0,0.0,0.0,0.0,0.0,0.0,0.0,0.0,0.0,0,-107875648.0,69,0.0,138,0.0,2.012,ERR,ERR,ERR,ERR,ERR,ERR,ERR,ERR,ERR,ERR,ERR,ERR,ERR,ERR,ERR,ERR,ERR,ERR,ERR,ERR,ERR,ERR,ERR,ERR,ERR,ERR,ERR,ERR,ERR,ERR,ERR,ERR,ERR,ERR,ERR,ERR,ERR,ERR,ERR,ERR,ERR,ERR,ERR,ERR,ERR,ERR,ERR,ERR,ERR,ERR,ERR,ERR,ERR,ERR,ERR,ERR,ERR,ERR,ERR,ERR,ERR,ERR,ERR,ERR,ERR,ERR,ERR,60.0,60.0,35,0.0,0.0,0.0,0.0,0.0,0.0,0.0,0.0,0.0,0.0,0.0,0.0,0.0,0.0,0.0,0.0,65.2,0,114,55,38,65476,0,300,0,0,8,20529,65476,0,0,2621,60.0,0.0,0.0,0.0,0.0,0.0
2026-07-09T15:15:24,ERR,ERR,ERR,ERR,ERR,ERR,ERR,ERR,ERR,ERR,ERR,ERR,ERR,ERR,ERR,ERR,ERR,ERR,ERR,ERR,ERR,ERR,ERR,ERR,ERR,ERR,ERR,ERR,ERR,ERR,ERR,ERR,ERR,ERR,ERR,ERR,ERR,ERR,ERR,ERR,ERR,ERR,ERR,ERR,ERR,ERR,ERR,ERR,ERR,ERR,ERR,ERR,ERR,ERR,ERR,ERR,ERR,ERR,ERR,ERR,ERR,ERR,ERR,ERR,ERR,ERR,ERR,ERR,ERR,ERR,ERR,ERR,ERR,ERR,ERR,ERR,ERR,ERR,ERR,ERR,ERR,ERR,ERR,ERR,ERR,ERR,ERR,ERR,ERR,ERR,ERR,ERR,ERR,ERR,ERR,ERR,ERR,ERR,ERR,ERR,ERR,ERR,ERR,ERR,ERR,ERR,ERR,ERR,ERR,ERR,ERR,ERR,ERR,ERR,ERR,ERR,ERR,ERR,ERR,ERR,ERR,ERR,ERR,ERR,ERR,-107615168.0,2.7184456933947948e+23,nan,0.0,-3.1782404013259744e+37,-0.0,0.0,-0.0,0,0,4,17425,7116,0.0,100,0.0,0.0,0.0,0.0,0.0,0,0,0,0,0.0,0,0,0,0,0,0,0,0,0,0,0,0,0,0,0,0,0,0,0,0,0,0,0,0,0,0,0,0,0,0,0,0,0,31,40,40,71,65476,0,300,0,0,8,21553,0.0,-107605600.0,0.0,0.0,0.0,0.0,0.0,0.0,0.0,0.0,0.0,0.0,0.0,0.0,0.0,0.0,0.0,0.0,0.0,0.0,0.0,0.0,-0.0,3.697067826173549e+19,0.0,0.0,0.0,0.0,0.0,0.0,4843.0,0.0,6918.0,-107615168.0,2.7184456933947948e+23,2.004,2.004,0.0,0.0,0.0,0.0,69,2.71841759093312e+23,-0.0,0.0,0.0,0.0,0.0,0.0,0.0,0.0,0,0,0,0.0,0.0,0.0,0.0,0.0,0.0,0.0,0.0,0.0,0.0,0.0,0.0,0.0,0.0,0.0,0.0,0,-107875648.0,69,0.0,138,0.0,2.012,ERR,ERR,ERR,ERR,ERR,ERR,ERR,ERR,ERR,ERR,ERR,ERR,ERR,ERR,ERR,ERR,ERR,ERR,ERR,ERR,ERR,ERR,ERR,ERR,ERR,ERR,ERR,ERR,ERR,ERR,ERR,ERR,ERR,ERR,ERR,ERR,ERR,ERR,ERR,ERR,ERR,ERR,ERR,ERR,ERR,ERR,ERR,ERR,ERR,ERR,ERR,ERR,ERR,ERR,ERR,ERR,ERR,ERR,ERR,ERR,ERR,ERR,ERR,ERR,ERR,ERR,ERR,60.0,60.0,35,0.0,0.0,0.0,0.0,0.0,0.0,0.0,0.0,0.0,0.0,0.0,0.0,0.0,0.0,0.0,0.0,65.2,0,114,55,38,65476,0,300,0,0,8,20529,65476,0,0,2621,60.0,0.0,0.0,0.0,0.0,0.0
2026-07-09T15:15:25,ERR,ERR,ERR,ERR,ERR,ERR,ERR,ERR,ERR,ERR,ERR,ERR,ERR,ERR,ERR,ERR,ERR,ERR,ERR,ERR,ERR,ERR,ERR,ERR,ERR,ERR,ERR,ERR,ERR,ERR,ERR,ERR,ERR,ERR,ERR,ERR,ERR,ERR,ERR,ERR,ERR,ERR,ERR,ERR,ERR,ERR,ERR,ERR,ERR,ERR,ERR,ERR,ERR,ERR,ERR,ERR,ERR,ERR,ERR,ERR,ERR,ERR,ERR,ERR,ERR,ERR,ERR,ERR,ERR,ERR,ERR,ERR,ERR,ERR,ERR,ERR,ERR,ERR,ERR,ERR,ERR,ERR,ERR,ERR,ERR,ERR,ERR,ERR,ERR,ERR,ERR,ERR,ERR,ERR,ERR,ERR,ERR,ERR,ERR,ERR,ERR,ERR,ERR,ERR,ERR,ERR,ERR,ERR,ERR,ERR,ERR,ERR,ERR,ERR,ERR,ERR,ERR,ERR,ERR,ERR,ERR,ERR,ERR,ERR,ERR,-107615168.0,2.7184456933947948e+23,nan,0.0,-3.1782404013259744e+37,-0.0,0.0,-0.0,0,0,4,17425,7116,0.0,100,0.0,0.0,0.0,0.0,0.0,0,0,0,0,0.0,0,0,0,0,0,0,0,0,0,0,0,0,0,0,0,0,0,0,0,0,0,0,0,0,0,0,0,0,0,0,0,0,0,31,40,40,71,65476,0,300,0,0,8,21553,0.0,-107605600.0,0.0,0.0,0.0,0.0,0.0,0.0,0.0,0.0,0.0,0.0,0.0,0.0,0.0,0.0,0.0,0.0,0.0,0.0,0.0,0.0,-0.0,3.697067826173549e+19,0.0,0.0,0.0,0.0,0.0,0.0,4843.0,0.0,6918.0,-107615168.0,2.7184456933947948e+23,2.004,2.004,0.0,0.0,0.0,0.0,69,2.71841759093312e+23,-0.0,0.0,0.0,0.0,0.0,0.0,0.0,0.0,0,0,0,0.0,0.0,0.0,0.0,0.0,0.0,0.0,0.0,0.0,0.0,0.0,0.0,0.0,0.0,0.0,0.0,0,-107875648.0,69,0.0,138,0.0,2.012,ERR,ERR,ERR,ERR,ERR,ERR,ERR,ERR,ERR,ERR,ERR,ERR,ERR,ERR,ERR,ERR,ERR,ERR,ERR,ERR,ERR,ERR,ERR,ERR,ERR,ERR,ERR,ERR,ERR,ERR,ERR,ERR,ERR,ERR,ERR,ERR,ERR,ERR,ERR,ERR,ERR,ERR,ERR,ERR,ERR,ERR,ERR,ERR,ERR,ERR,ERR,ERR,ERR,ERR,ERR,ERR,ERR,ERR,ERR,ERR,ERR,ERR,ERR,ERR,ERR,ERR,ERR,60.0,60.0,35,0.0,0.0,0.0,0.0,0.0,0.0,0.0,0.0,0.0,0.0,0.0,0.0,0.0,0.0,0.0,0.0,65.2,0,114,55,38,65476,0,300,0,0,8,20529,65476,0,0,2621,60.0,0.0,0.0,0.0,0.0,0.0
2026-07-09T15:15:26,ERR,ERR,ERR,ERR,ERR,ERR,ERR,ERR,ERR,ERR,ERR,ERR,ERR,ERR,ERR,ERR,ERR,ERR,ERR,ERR,ERR,ERR,ERR,ERR,ERR,ERR,ERR,ERR,ERR,ERR,ERR,ERR,ERR,ERR,ERR,ERR,ERR,ERR,ERR,ERR,ERR,ERR,ERR,ERR,ERR,ERR,ERR,ERR,ERR,ERR,ERR,ERR,ERR,ERR,ERR,ERR,ERR,ERR,ERR,ERR,ERR,ERR,ERR,ERR,ERR,ERR,ERR,ERR,ERR,ERR,ERR,ERR,ERR,ERR,ERR,ERR,ERR,ERR,ERR,ERR,ERR,ERR,ERR,ERR,ERR,ERR,ERR,ERR,ERR,ERR,ERR,ERR,ERR,ERR,ERR,ERR,ERR,ERR,ERR,ERR,ERR,ERR,ERR,ERR,ERR,ERR,ERR,ERR,ERR,ERR,ERR,ERR,ERR,ERR,ERR,ERR,ERR,ERR,ERR,ERR,ERR,ERR,ERR,ERR,ERR,-107615168.0,2.7184456933947948e+23,nan,0.0,-3.1782404013259744e+37,-0.0,0.0,-0.0,0,0,4,17425,7116,0.0,100,0.0,0.0,0.0,0.0,0.0,0,0,0,0,0.0,0,0,0,0,0,0,0,0,0,0,0,0,0,0,0,0,0,0,0,0,0,0,0,0,0,0,0,0,0,0,0,0,0,31,40,40,71,65476,0,300,0,0,8,21553,0.0,-107605600.0,0.0,0.0,0.0,0.0,0.0,0.0,0.0,0.0,0.0,0.0,0.0,0.0,0.0,0.0,0.0,0.0,0.0,0.0,0.0,0.0,-0.0,3.697067826173549e+19,0.0,0.0,0.0,0.0,0.0,0.0,4843.0,0.0,6918.0,-107615168.0,2.7184456933947948e+23,2.004,2.004,0.0,0.0,0.0,0.0,69,2.71841759093312e+23,-0.0,0.0,0.0,0.0,0.0,0.0,0.0,0.0,0,0,0,0.0,0.0,0.0,0.0,0.0,0.0,0.0,0.0,0.0,0.0,0.0,0.0,0.0,0.0,0.0,0.0,0,-107875648.0,69,0.0,138,0.0,2.012,ERR,ERR,ERR,ERR,ERR,ERR,ERR,ERR,ERR,ERR,ERR,ERR,ERR,ERR,ERR,ERR,ERR,ERR,ERR,ERR,ERR,ERR,ERR,ERR,ERR,ERR,ERR,ERR,ERR,ERR,ERR,ERR,ERR,ERR,ERR,ERR,ERR,ERR,ERR,ERR,ERR,ERR,ERR,ERR,ERR,ERR,ERR,ERR,ERR,ERR,ERR,ERR,ERR,ERR,ERR,ERR,ERR,ERR,ERR,ERR,ERR,ERR,ERR,ERR,ERR,ERR,ERR,60.0,60.0,35,0.0,0.0,0.0,0.0,0.0,0.0,0.0,0.0,0.0,0.0,0.0,0.0,0.0,0.0,0.0,0.0,65.2,0,114,55,38,65476,0,300,0,0,8,20529,65476,0,0,2621,60.0,0.0,0.0,0.0,0.0,0.0
2026-07-09T15:15:27,ERR,ERR,ERR,ERR,ERR,ERR,ERR,ERR,ERR,ERR,ERR,ERR,ERR,ERR,ERR,ERR,ERR,ERR,ERR,ERR,ERR,ERR,ERR,ERR,ERR,ERR,ERR,ERR,ERR,ERR,ERR,ERR,ERR,ERR,ERR,ERR,ERR,ERR,ERR,ERR,ERR,ERR,ERR,ERR,ERR,ERR,ERR,ERR,ERR,ERR,ERR,ERR,ERR,ERR,ERR,ERR,ERR,ERR,ERR,ERR,ERR,ERR,ERR,ERR,ERR,ERR,ERR,ERR,ERR,ERR,ERR,ERR,ERR,ERR,ERR,ERR,ERR,ERR,ERR,ERR,ERR,ERR,ERR,ERR,ERR,ERR,ERR,ERR,ERR,ERR,ERR,ERR,ERR,ERR,ERR,ERR,ERR,ERR,ERR,ERR,ERR,ERR,ERR,ERR,ERR,ERR,ERR,ERR,ERR,ERR,ERR,ERR,ERR,ERR,ERR,ERR,ERR,ERR,ERR,ERR,ERR,ERR,ERR,ERR,ERR,-107615168.0,2.7184456933947948e+23,nan,2.718366610185338e+23,-0.0,-0.003,0.0,3.9929054401770877e+36,0,0,4,17424,7116,0.0,100,0.0,0.0,2.718366610185338e+23,0.0,0.0,0,0,0,0,0.0,0,0,0,0,0,0,0,0,0,0,0,0,0,0,0,0,0,0,0,0,0,0,0,0,0,0,0,0,0,0,0,0,0,31,40,40,71,65476,0,300,0,0,8,21553,0.0,-107605600.0,0.0,0.0,0.0,0.0,0.0,0.0,0.0,0.0,0.0,0.0,0.0,0.0,0.0,0.0,0.0,0.0,0.0,0.0,0.0,0.0,-0.0,3.697067826173549e+19,0.0,0.0,0.0,0.0,0.0,0.0,4839.0,0.0,6912.0,-107615168.0,2.7184456933947948e+23,2.004,2.004,0.0,0.0,0.0,0.0,69,0.059,89220.508,0.0,0.0,0.0,0.0,0.0,0.0,0.0,0,0,0,0.0,0.0,0.0,0.0,0.0,0.0,0.0,0.0,0.0,0.0,0.0,0.0,0.0,0.0,0.0,0.0,0,-107875648.0,69,0.0,138,0.0,2.012,ERR,ERR,ERR,ERR,ERR,ERR,ERR,ERR,ERR,ERR,ERR,ERR,ERR,ERR,ERR,ERR,ERR,ERR,ERR,ERR,ERR,ERR,ERR,ERR,ERR,ERR,ERR,ERR,ERR,ERR,ERR,ERR,ERR,ERR,ERR,ERR,ERR,ERR,ERR,ERR,ERR,ERR,ERR,ERR,ERR,ERR,ERR,ERR,ERR,ERR,ERR,ERR,ERR,ERR,ERR,ERR,ERR,ERR,ERR,ERR,ERR,ERR,ERR,ERR,ERR,ERR,ERR,60.0,60.0,35,0.0,0.0,0.0,0.0,0.0,0.0,0.0,0.0,0.0,0.0,0.0,0.0,0.0,0.0,0.0,0.0,65.2,0,114,55,38,65476,0,300,0,0,8,20529,65476,0,0,2621,60.0,0.0,0.0,0.0,0.0,0.0
2026-07-09T15:15:28,ERR,ERR,ERR,ERR,ERR,ERR,ERR,ERR,ERR,ERR,ERR,ERR,ERR,ERR,ERR,ERR,ERR,ERR,ERR,ERR,ERR,ERR,ERR,ERR,ERR,ERR,ERR,ERR,ERR,ERR,ERR,ERR,ERR,ERR,ERR,ERR,ERR,ERR,ERR,ERR,ERR,ERR,ERR,ERR,ERR,ERR,ERR,ERR,ERR,ERR,ERR,ERR,ERR,ERR,ERR,ERR,ERR,ERR,ERR,ERR,ERR,ERR,ERR,ERR,ERR,ERR,ERR,ERR,ERR,ERR,ERR,ERR,ERR,ERR,ERR,ERR,ERR,ERR,ERR,ERR,ERR,ERR,ERR,ERR,ERR,ERR,ERR,ERR,ERR,ERR,ERR,ERR,ERR,ERR,ERR,ERR,ERR,ERR,ERR,ERR,ERR,ERR,ERR,ERR,ERR,ERR,ERR,ERR,ERR,ERR,ERR,ERR,ERR,ERR,ERR,ERR,ERR,ERR,ERR,ERR,ERR,ERR,ERR,ERR,ERR,-107615168.0,2.7184456933947948e+23,nan,2.718366610185338e+23,-0.0,-0.003,0.0,3.9929054401770877e+36,0,0,4,17424,7116,0.0,100,0.0,0.0,2.718366610185338e+23,0.0,0.0,0,0,0,0,0.0,0,0,0,0,0,0,0,0,0,0,0,0,0,0,0,0,0,0,0,0,0,0,0,0,0,0,0,0,0,0,0,0,0,31,40,40,71,65476,0,300,0,0,8,21553,0.0,-107605600.0,0.0,0.0,0.0,0.0,0.0,0.0,0.0,0.0,0.0,0.0,0.0,0.0,0.0,0.0,0.0,0.0,0.0,0.0,0.0,0.0,-0.0,3.697067826173549e+19,0.0,0.0,0.0,0.0,0.0,0.0,4839.0,0.0,6912.0,-107615168.0,2.7184456933947948e+23,2.004,2.004,0.0,0.0,0.0,0.0,69,0.059,89220.508,0.0,0.0,0.0,0.0,0.0,0.0,0.0,0,0,0,0.0,0.0,0.0,0.0,0.0,0.0,0.0,0.0,0.0,0.0,0.0,0.0,0.0,0.0,0.0,0.0,0,-107875648.0,69,0.0,138,0.0,2.012,ERR,ERR,ERR,ERR,ERR,ERR,ERR,ERR,ERR,ERR,ERR,ERR,ERR,ERR,ERR,ERR,ERR,ERR,ERR,ERR,ERR,ERR,ERR,ERR,ERR,ERR,ERR,ERR,ERR,ERR,ERR,ERR,ERR,ERR,ERR,ERR,ERR,ERR,ERR,ERR,ERR,ERR,ERR,ERR,ERR,ERR,ERR,ERR,ERR,ERR,ERR,ERR,ERR,ERR,ERR,ERR,ERR,ERR,ERR,ERR,ERR,ERR,ERR,ERR,ERR,ERR,ERR,60.0,60.0,35,0.0,0.0,0.0,0.0,0.0,0.0,0.0,0.0,0.0,0.0,0.0,0.0,0.0,0.0,0.0,0.0,65.2,0,114,55,38,65476,0,300,0,0,8,20529,65476,0,0,2621,60.0,0.0,0.0,0.0,0.0,0.0
2026-07-09T15:15:29,ERR,ERR,ERR,ERR,ERR,ERR,ERR,ERR,ERR,ERR,ERR,ERR,ERR,ERR,ERR,ERR,ERR,ERR,ERR,ERR,ERR,ERR,ERR,ERR,ERR,ERR,ERR,ERR,ERR,ERR,ERR,ERR,ERR,ERR,ERR,ERR,ERR,ERR,ERR,ERR,ERR,ERR,ERR,ERR,ERR,ERR,ERR,ERR,ERR,ERR,ERR,ERR,ERR,ERR,ERR,ERR,ERR,ERR,ERR,ERR,ERR,ERR,ERR,ERR,ERR,ERR,ERR,ERR,ERR,ERR,ERR,ERR,ERR,ERR,ERR,ERR,ERR,ERR,ERR,ERR,ERR,ERR,ERR,ERR,ERR,ERR,ERR,ERR,ERR,ERR,ERR,ERR,ERR,ERR,ERR,ERR,ERR,ERR,ERR,ERR,ERR,ERR,ERR,ERR,ERR,ERR,ERR,ERR,ERR,ERR,ERR,ERR,ERR,ERR,ERR,ERR,ERR,ERR,ERR,ERR,ERR,ERR,ERR,ERR,ERR,-107615168.0,2.7184456933947948e+23,nan,2.718366610185338e+23,-0.0,-0.003,0.0,3.9929054401770877e+36,0,0,4,17424,7116,0.0,100,0.0,0.0,2.718366610185338e+23,0.0,0.0,0,0,0,0,0.0,0,0,0,0,0,0,0,0,0,0,0,0,0,0,0,0,0,0,0,0,0,0,0,0,0,0,0,0,0,0,0,0,0,31,40,40,71,65476,0,300,0,0,8,21553,0.0,-107605600.0,0.0,0.0,0.0,0.0,0.0,0.0,0.0,0.0,0.0,0.0,0.0,0.0,0.0,0.0,0.0,0.0,0.0,0.0,0.0,0.0,-0.0,3.697067826173549e+19,0.0,0.0,0.0,0.0,0.0,0.0,4839.0,0.0,6912.0,-107615168.0,2.7184456933947948e+23,2.004,2.004,0.0,0.0,0.0,0.0,69,0.059,89220.508,0.0,0.0,0.0,0.0,0.0,0.0,0.0,0,0,0,0.0,0.0,0.0,0.0,0.0,0.0,0.0,0.0,0.0,0.0,0.0,0.0,0.0,0.0,0.0,0.0,0,-107875648.0,69,0.0,138,0.0,2.012,ERR,ERR,ERR,ERR,ERR,ERR,ERR,ERR,ERR,ERR,ERR,ERR,ERR,ERR,ERR,ERR,ERR,ERR,ERR,ERR,ERR,ERR,ERR,ERR,ERR,ERR,ERR,ERR,ERR,ERR,ERR,ERR,ERR,ERR,ERR,ERR,ERR,ERR,ERR,ERR,ERR,ERR,ERR,ERR,ERR,ERR,ERR,ERR,ERR,ERR,ERR,ERR,ERR,ERR,ERR,ERR,ERR,ERR,ERR,ERR,ERR,ERR,ERR,ERR,ERR,ERR,ERR,60.0,60.0,35,0.0,0.0,0.0,0.0,0.0,0.0,0.0,0.0,0.0,0.0,0.0,0.0,0.0,0.0,0.0,0.0,65.2,0,114,55,38,65476,0,300,0,0,8,20529,65476,0,0,2621,60.0,0.0,0.0,0.0,0.0,0.0
2026-07-09T15:15:30,ERR,ERR,ERR,ERR,ERR,ERR,ERR,ERR,ERR,ERR,ERR,ERR,ERR,ERR,ERR,ERR,ERR,ERR,ERR,ERR,ERR,ERR,ERR,ERR,ERR,ERR,ERR,ERR,ERR,ERR,ERR,ERR,ERR,ERR,ERR,ERR,ERR,ERR,ERR,ERR,ERR,ERR,ERR,ERR,ERR,ERR,ERR,ERR,ERR,ERR,ERR,ERR,ERR,ERR,ERR,ERR,ERR,ERR,ERR,ERR,ERR,ERR,ERR,ERR,ERR,ERR,ERR,ERR,ERR,ERR,ERR,ERR,ERR,ERR,ERR,ERR,ERR,ERR,ERR,ERR,ERR,ERR,ERR,ERR,ERR,ERR,ERR,ERR,ERR,ERR,ERR,ERR,ERR,ERR,ERR,ERR,ERR,ERR,ERR,ERR,ERR,ERR,ERR,ERR,ERR,ERR,ERR,ERR,ERR,ERR,ERR,ERR,ERR,ERR,ERR,ERR,ERR,ERR,ERR,ERR,ERR,ERR,ERR,ERR,ERR,-107615168.0,2.7184456933947948e+23,nan,2.718366610185338e+23,-0.0,-0.003,0.0,3.9929054401770877e+36,0,0,4,17424,7116,0.0,100,0.0,0.0,2.718366610185338e+23,0.0,0.0,0,0,0,0,0.0,0,0,0,0,0,0,0,0,0,0,0,0,0,0,0,0,0,0,0,0,0,0,0,0,0,0,0,0,0,0,0,0,0,31,40,40,71,65476,0,300,0,0,8,21553,0.0,-107605600.0,0.0,0.0,0.0,0.0,0.0,0.0,0.0,0.0,0.0,0.0,0.0,0.0,0.0,0.0,0.0,0.0,0.0,0.0,0.0,0.0,-0.0,3.697067826173549e+19,0.0,0.0,0.0,0.0,0.0,0.0,4839.0,0.0,6912.0,-107615168.0,2.7184456933947948e+23,2.004,2.004,0.0,0.0,0.0,0.0,69,0.059,89220.508,0.0,0.0,0.0,0.0,0.0,0.0,0.0,0,0,0,0.0,0.0,0.0,0.0,0.0,0.0,0.0,0.0,0.0,0.0,0.0,0.0,0.0,0.0,0.0,0.0,0,-107875648.0,69,0.0,138,0.0,2.012,ERR,ERR,ERR,ERR,ERR,ERR,ERR,ERR,ERR,ERR,ERR,ERR,ERR,ERR,ERR,ERR,ERR,ERR,ERR,ERR,ERR,ERR,ERR,ERR,ERR,ERR,ERR,ERR,ERR,ERR,ERR,ERR,ERR,ERR,ERR,ERR,ERR,ERR,ERR,ERR,ERR,ERR,ERR,ERR,ERR,ERR,ERR,ERR,ERR,ERR,ERR,ERR,ERR,ERR,ERR,ERR,ERR,ERR,ERR,ERR,ERR,ERR,ERR,ERR,ERR,ERR,ERR,60.0,60.0,35,0.0,0.0,0.0,0.0,0.0,0.0,0.0,0.0,0.0,0.0,0.0,0.0,0.0,0.0,0.0,0.0,65.6,0,115,55,38,65476,0,300,0,0,8,20529,65476,0,0,2621,60.0,0.0,0.0,0.0,0.0,0.0
2026-07-09T15:15:31,ERR,ERR,ERR,ERR,ERR,ERR,ERR,ERR,ERR,ERR,ERR,ERR,ERR,ERR,ERR,ERR,ERR,ERR,ERR,ERR,ERR,ERR,ERR,ERR,ERR,ERR,ERR,ERR,ERR,ERR,ERR,ERR,ERR,ERR,ERR,ERR,ERR,ERR,ERR,ERR,ERR,ERR,ERR,ERR,ERR,ERR,ERR,ERR,ERR,ERR,ERR,ERR,ERR,ERR,ERR,ERR,ERR,ERR,ERR,ERR,ERR,ERR,ERR,ERR,ERR,ERR,ERR,ERR,ERR,ERR,ERR,ERR,ERR,ERR,ERR,ERR,ERR,ERR,ERR,ERR,ERR,ERR,ERR,ERR,ERR,ERR,ERR,ERR,ERR,ERR,ERR,ERR,ERR,ERR,ERR,ERR,ERR,ERR,ERR,ERR,ERR,ERR,ERR,ERR,ERR,ERR,ERR,ERR,ERR,ERR,ERR,ERR,ERR,ERR,ERR,ERR,ERR,ERR,ERR,ERR,ERR,ERR,ERR,ERR,ERR,-107615168.0,2.7184456933947948e+23,nan,2.718366610185338e+23,-0.0,-0.003,0.0,3.9929054401770877e+36,0,0,4,17424,7116,0.0,100,0.0,0.0,2.718366610185338e+23,0.0,0.0,0,0,0,0,0.0,0,0,0,0,0,0,0,0,0,0,0,0,0,0,0,0,0,0,0,0,0,0,0,0,0,0,0,0,0,0,0,0,0,31,40,40,71,65476,0,300,0,0,8,21553,0.0,-107605600.0,0.0,0.0,0.0,0.0,0.0,0.0,0.0,0.0,0.0,0.0,0.0,0.0,0.0,0.0,0.0,0.0,0.0,0.0,0.0,0.0,-0.0,3.697067826173549e+19,0.0,0.0,0.0,0.0,0.0,0.0,4839.0,0.0,6912.0,-107615168.0,2.7184456933947948e+23,2.004,2.004,0.0,0.0,0.0,0.0,69,0.059,89220.508,0.0,0.0,0.0,0.0,0.0,0.0,0.0,0,0,0,0.0,0.0,0.0,0.0,0.0,0.0,0.0,0.0,0.0,0.0,0.0,0.0,0.0,0.0,0.0,0.0,0,-107875648.0,69,0.0,138,0.0,2.012,ERR,ERR,ERR,ERR,ERR,ERR,ERR,ERR,ERR,ERR,ERR,ERR,ERR,ERR,ERR,ERR,ERR,ERR,ERR,ERR,ERR,ERR,ERR,ERR,ERR,ERR,ERR,ERR,ERR,ERR,ERR,ERR,ERR,ERR,ERR,ERR,ERR,ERR,ERR,ERR,ERR,ERR,ERR,ERR,ERR,ERR,ERR,ERR,ERR,ERR,ERR,ERR,ERR,ERR,ERR,ERR,ERR,ERR,ERR,ERR,ERR,ERR,ERR,ERR,ERR,ERR,ERR,60.0,60.0,35,0.0,0.0,0.0,0.0,0.0,0.0,0.0,0.0,0.0,0.0,0.0,0.0,0.0,0.0,0.0,0.0,65.6,0,115,55,38,65476,0,300,0,0,8,20529,65476,0,0,2621,60.0,0.0,0.0,0.0,0.0,0.0
2026-07-09T15:15:32,ERR,ERR,ERR,ERR,ERR,ERR,ERR,ERR,ERR,ERR,ERR,ERR,ERR,ERR,ERR,ERR,ERR,ERR,ERR,ERR,ERR,ERR,ERR,ERR,ERR,ERR,ERR,ERR,ERR,ERR,ERR,ERR,ERR,ERR,ERR,ERR,ERR,ERR,ERR,ERR,ERR,ERR,ERR,ERR,ERR,ERR,ERR,ERR,ERR,ERR,ERR,ERR,ERR,ERR,ERR,ERR,ERR,ERR,ERR,ERR,ERR,ERR,ERR,ERR,ERR,ERR,ERR,ERR,ERR,ERR,ERR,ERR,ERR,ERR,ERR,ERR,ERR,ERR,ERR,ERR,ERR,ERR,ERR,ERR,ERR,ERR,ERR,ERR,ERR,ERR,ERR,ERR,ERR,ERR,ERR,ERR,ERR,ERR,ERR,ERR,ERR,ERR,ERR,ERR,ERR,ERR,ERR,ERR,ERR,ERR,ERR,ERR,ERR,ERR,ERR,ERR,ERR,ERR,ERR,ERR,ERR,ERR,ERR,ERR,ERR,2.7184260577004195e+23,0.0,0.0,0.0,-3.194855751273286e+37,0.0,-0.0,0.0,0,0,4,17424,7116,0.0,100,0.0,0.0,0.0,0.0,0.0,0,0,0,0,0.0,0,0,0,0,0,0,0,0,0,0,0,0,0,0,0,0,0,0,0,0,0,0,0,0,0,0,0,0,0,0,0,0,0,31,40,40,71,65476,0,300,0,0,8,21553,0.0,-107605600.0,0.0,0.0,0.0,0.0,0.0,0.0,0.0,0.0,0.0,0.0,0.0,0.0,0.0,0.0,0.0,0.0,0.0,0.0,0.0,0.0,2.004,2.004,0.0,0.0,0.0,0.0,0.0,0.0,4857.0,0.0,6918.0,2.7184260577004195e+23,0.0,2.004,2.004,0.0,0.0,0.0,0.0,69,-0.0,-0.0,0.0,0.0,0.0,0.0,0.0,0.0,0.0,0,0,0,0.0,0.0,0.0,0.0,0.0,0.0,0.0,0.0,0.0,0.0,0.0,0.0,0.0,0.0,0.0,0.0,0,-107875648.0,69,0.0,138,0.0,2.012,ERR,ERR,ERR,ERR,ERR,ERR,ERR,ERR,ERR,ERR,ERR,ERR,ERR,ERR,ERR,ERR,ERR,ERR,ERR,ERR,ERR,ERR,ERR,ERR,ERR,ERR,ERR,ERR,ERR,ERR,ERR,ERR,ERR,ERR,ERR,ERR,ERR,ERR,ERR,ERR,ERR,ERR,ERR,ERR,ERR,ERR,ERR,ERR,ERR,ERR,ERR,ERR,ERR,ERR,ERR,ERR,ERR,ERR,ERR,ERR,ERR,ERR,ERR,ERR,ERR,ERR,ERR,60.0,60.0,35,0.0,0.0,0.0,0.0,0.0,0.0,0.0,0.0,0.0,0.0,0.0,0.0,0.0,0.0,0.0,0.0,65.2,0,115,55,38,65476,0,300,0,0,8,20529,65476,0,0,2621,60.0,0.0,0.0,0.0,0.0,0.0
2026-07-09T15:15:33,ERR,ERR,ERR,ERR,ERR,ERR,ERR,ERR,ERR,ERR,ERR,ERR,ERR,ERR,ERR,ERR,ERR,ERR,ERR,ERR,ERR,ERR,ERR,ERR,ERR,ERR,ERR,ERR,ERR,ERR,ERR,ERR,ERR,ERR,ERR,ERR,ERR,ERR,ERR,ERR,ERR,ERR,ERR,ERR,ERR,ERR,ERR,ERR,ERR,ERR,ERR,ERR,ERR,ERR,ERR,ERR,ERR,ERR,ERR,ERR,ERR,ERR,ERR,ERR,ERR,ERR,ERR,ERR,ERR,ERR,ERR,ERR,ERR,ERR,ERR,ERR,ERR,ERR,ERR,ERR,ERR,ERR,ERR,ERR,ERR,ERR,ERR,ERR,ERR,ERR,ERR,ERR,ERR,ERR,ERR,ERR,ERR,ERR,ERR,ERR,ERR,ERR,ERR,ERR,ERR,ERR,ERR,ERR,ERR,ERR,ERR,ERR,ERR,ERR,ERR,ERR,ERR,ERR,ERR,ERR,ERR,ERR,ERR,ERR,ERR,2.7184260577004195e+23,0.0,0.0,0.0,-3.194855751273286e+37,0.0,-0.0,0.0,0,0,4,17424,7116,0.0,100,0.0,0.0,0.0,0.0,0.0,0,0,0,0,0.0,0,0,0,0,0,0,0,0,0,0,0,0,0,0,0,0,0,0,0,0,0,0,0,0,0,0,0,0,0,0,0,0,0,31,40,40,71,65476,0,300,0,0,8,21553,0.0,-107605600.0,0.0,0.0,0.0,0.0,0.0,0.0,0.0,0.0,0.0,0.0,0.0,0.0,0.0,0.0,0.0,0.0,0.0,0.0,0.0,0.0,2.004,2.004,0.0,0.0,0.0,0.0,0.0,0.0,4857.0,0.0,6918.0,2.7184260577004195e+23,0.0,2.004,2.004,0.0,0.0,0.0,0.0,69,-0.0,-0.0,0.0,0.0,0.0,0.0,0.0,0.0,0.0,0,0,0,0.0,0.0,0.0,0.0,0.0,0.0,0.0,0.0,0.0,0.0,0.0,0.0,0.0,0.0,0.0,0.0,0,-107875648.0,69,0.0,138,0.0,2.012,ERR,ERR,ERR,ERR,ERR,ERR,ERR,ERR,ERR,ERR,ERR,ERR,ERR,ERR,ERR,ERR,ERR,ERR,ERR,ERR,ERR,ERR,ERR,ERR,ERR,ERR,ERR,ERR,ERR,ERR,ERR,ERR,ERR,ERR,ERR,ERR,ERR,ERR,ERR,ERR,ERR,ERR,ERR,ERR,ERR,ERR,ERR,ERR,ERR,ERR,ERR,ERR,ERR,ERR,ERR,ERR,ERR,ERR,ERR,ERR,ERR,ERR,ERR,ERR,ERR,ERR,ERR,60.0,60.0,35,0.0,0.0,0.0,0.0,0.0,0.0,0.0,0.0,0.0,0.0,0.0,0.0,0.0,0.0,0.0,0.0,65.2,0,115,55,38,65476,0,300,0,0,8,20529,65476,0,0,2621,60.0,0.0,0.0,0.0,0.0,0.0
2026-07-09T15:15:34,ERR,ERR,ERR,ERR,ERR,ERR,ERR,ERR,ERR,ERR,ERR,ERR,ERR,ERR,ERR,ERR,ERR,ERR,ERR,ERR,ERR,ERR,ERR,ERR,ERR,ERR,ERR,ERR,ERR,ERR,ERR,ERR,ERR,ERR,ERR,ERR,ERR,ERR,ERR,ERR,ERR,ERR,ERR,ERR,ERR,ERR,ERR,ERR,ERR,ERR,ERR,ERR,ERR,ERR,ERR,ERR,ERR,ERR,ERR,ERR,ERR,ERR,ERR,ERR,ERR,ERR,ERR,ERR,ERR,ERR,ERR,ERR,ERR,ERR,ERR,ERR,ERR,ERR,ERR,ERR,ERR,ERR,ERR,ERR,ERR,ERR,ERR,ERR,ERR,ERR,ERR,ERR,ERR,ERR,ERR,ERR,ERR,ERR,ERR,ERR,ERR,ERR,ERR,ERR,ERR,ERR,ERR,ERR,ERR,ERR,ERR,ERR,ERR,ERR,ERR,ERR,ERR,ERR,ERR,ERR,ERR,ERR,ERR,ERR,ERR,2.7184260577004195e+23,0.0,0.0,0.0,-3.194855751273286e+37,0.0,-0.0,0.0,0,0,4,17424,7116,0.0,100,0.0,0.0,0.0,0.0,0.0,0,0,0,0,0.0,0,0,0,0,0,0,0,0,0,0,0,0,0,0,0,0,0,0,0,0,0,0,0,0,0,0,0,0,0,0,0,0,0,31,40,40,71,65476,0,300,0,0,8,21553,0.0,-107605600.0,0.0,0.0,0.0,0.0,0.0,0.0,0.0,0.0,0.0,0.0,0.0,0.0,0.0,0.0,0.0,0.0,0.0,0.0,0.0,0.0,2.004,2.004,0.0,0.0,0.0,0.0,0.0,0.0,4857.0,0.0,6918.0,2.7184260577004195e+23,0.0,2.004,2.004,0.0,0.0,0.0,0.0,69,-0.0,-0.0,0.0,0.0,0.0,0.0,0.0,0.0,0.0,0,0,0,0.0,0.0,0.0,0.0,0.0,0.0,0.0,0.0,0.0,0.0,0.0,0.0,0.0,0.0,0.0,0.0,0,-107875648.0,69,0.0,138,0.0,2.012,ERR,ERR,ERR,ERR,ERR,ERR,ERR,ERR,ERR,ERR,ERR,ERR,ERR,ERR,ERR,ERR,ERR,ERR,ERR,ERR,ERR,ERR,ERR,ERR,ERR,ERR,ERR,ERR,ERR,ERR,ERR,ERR,ERR,ERR,ERR,ERR,ERR,ERR,ERR,ERR,ERR,ERR,ERR,ERR,ERR,ERR,ERR,ERR,ERR,ERR,ERR,ERR,ERR,ERR,ERR,ERR,ERR,ERR,ERR,ERR,ERR,ERR,ERR,ERR,ERR,ERR,ERR,60.0,60.0,35,0.0,0.0,0.0,0.0,0.0,0.0,0.0,0.0,0.0,0.0,0.0,0.0,0.0,0.0,0.0,0.0,65.2,0,115,55,38,65476,0,300,0,0,8,20529,65476,0,0,2621,60.0,0.0,0.0,0.0,0.0,0.0
2026-07-09T15:15:35,ERR,ERR,ERR,ERR,ERR,ERR,ERR,ERR,ERR,ERR,ERR,ERR,ERR,ERR,ERR,ERR,ERR,ERR,ERR,ERR,ERR,ERR,ERR,ERR,ERR,ERR,ERR,ERR,ERR,ERR,ERR,ERR,ERR,ERR,ERR,ERR,ERR,ERR,ERR,ERR,ERR,ERR,ERR,ERR,ERR,ERR,ERR,ERR,ERR,ERR,ERR,ERR,ERR,ERR,ERR,ERR,ERR,ERR,ERR,ERR,ERR,ERR,ERR,ERR,ERR,ERR,ERR,ERR,ERR,ERR,ERR,ERR,ERR,ERR,ERR,ERR,ERR,ERR,ERR,ERR,ERR,ERR,ERR,ERR,ERR,ERR,ERR,ERR,ERR,ERR,ERR,ERR,ERR,ERR,ERR,ERR,ERR,ERR,ERR,ERR,ERR,ERR,ERR,ERR,ERR,ERR,ERR,ERR,ERR,ERR,ERR,ERR,ERR,ERR,ERR,ERR,ERR,ERR,ERR,ERR,ERR,ERR,ERR,ERR,ERR,2.7184260577004195e+23,0.0,0.0,0.0,-3.194855751273286e+37,0.0,-0.0,0.0,0,0,4,17424,7116,0.0,100,0.0,0.0,0.0,0.0,0.0,0,0,0,0,0.0,0,0,0,0,0,0,0,0,0,0,0,0,0,0,0,0,0,0,0,0,0,0,0,0,0,0,0,0,0,0,0,0,0,31,40,40,71,65476,0,300,0,0,8,21553,0.0,-107605600.0,0.0,0.0,0.0,0.0,0.0,0.0,0.0,0.0,0.0,0.0,0.0,0.0,0.0,0.0,0.0,0.0,0.0,0.0,0.0,0.0,2.004,2.004,0.0,0.0,0.0,0.0,0.0,0.0,4857.0,0.0,6918.0,2.7184260577004195e+23,0.0,2.004,2.004,0.0,0.0,0.0,0.0,69,-0.0,-0.0,0.0,0.0,0.0,0.0,0.0,0.0,0.0,0,0,0,0.0,0.0,0.0,0.0,0.0,0.0,0.0,0.0,0.0,0.0,0.0,0.0,0.0,0.0,0.0,0.0,0,-107875648.0,69,0.0,138,0.0,2.012,ERR,ERR,ERR,ERR,ERR,ERR,ERR,ERR,ERR,ERR,ERR,ERR,ERR,ERR,ERR,ERR,ERR,ERR,ERR,ERR,ERR,ERR,ERR,ERR,ERR,ERR,ERR,ERR,ERR,ERR,ERR,ERR,ERR,ERR,ERR,ERR,ERR,ERR,ERR,ERR,ERR,ERR,ERR,ERR,ERR,ERR,ERR,ERR,ERR,ERR,ERR,ERR,ERR,ERR,ERR,ERR,ERR,ERR,ERR,ERR,ERR,ERR,ERR,ERR,ERR,ERR,ERR,60.0,60.0,35,0.0,0.0,0.0,0.0,0.0,0.0,0.0,0.0,0.0,0.0,0.0,0.0,0.0,0.0,0.0,0.0,65.6,0,115,56,38,65476,0,300,0,0,8,20529,65476,0,0,2621,60.0,0.0,0.0,0.0,0.0,0.0
2026-07-09T15:15:36,ERR,ERR,ERR,ERR,ERR,ERR,ERR,ERR,ERR,ERR,ERR,ERR,ERR,ERR,ERR,ERR,ERR,ERR,ERR,ERR,ERR,ERR,ERR,ERR,ERR,ERR,ERR,ERR,ERR,ERR,ERR,ERR,ERR,ERR,ERR,ERR,ERR,ERR,ERR,ERR,ERR,ERR,ERR,ERR,ERR,ERR,ERR,ERR,ERR,ERR,ERR,ERR,ERR,ERR,ERR,ERR,ERR,ERR,ERR,ERR,ERR,ERR,ERR,ERR,ERR,ERR,ERR,ERR,ERR,ERR,ERR,ERR,ERR,ERR,ERR,ERR,ERR,ERR,ERR,ERR,ERR,ERR,ERR,ERR,ERR,ERR,ERR,ERR,ERR,ERR,ERR,ERR,ERR,ERR,ERR,ERR,ERR,ERR,ERR,ERR,ERR,ERR,ERR,ERR,ERR,ERR,ERR,ERR,ERR,ERR,ERR,ERR,ERR,ERR,ERR,ERR,ERR,ERR,ERR,ERR,ERR,ERR,ERR,ERR,ERR,2.7184260577004195e+23,0.0,0.0,0.0,-3.194855751273286e+37,0.0,-0.0,0.0,0,0,4,17424,7116,0.0,100,0.0,0.0,0.0,0.0,0.0,0,0,0,0,0.0,0,0,0,0,0,0,0,0,0,0,0,0,0,0,0,0,0,0,0,0,0,0,0,0,0,0,0,0,0,0,0,0,0,31,40,40,71,65476,0,300,0,0,8,21553,0.0,-107605600.0,0.0,0.0,0.0,0.0,0.0,0.0,0.0,0.0,0.0,0.0,0.0,0.0,0.0,0.0,0.0,0.0,0.0,0.0,0.0,0.0,2.004,2.004,0.0,0.0,0.0,0.0,0.0,0.0,4857.0,0.0,6918.0,2.7184260577004195e+23,0.0,2.004,2.004,0.0,0.0,0.0,0.0,69,-0.0,-0.0,0.0,0.0,0.0,0.0,0.0,0.0,0.0,0,0,0,0.0,0.0,0.0,0.0,0.0,0.0,0.0,0.0,0.0,0.0,0.0,0.0,0.0,0.0,0.0,0.0,0,-107875648.0,69,0.0,138,0.0,2.012,ERR,ERR,ERR,ERR,ERR,ERR,ERR,ERR,ERR,ERR,ERR,ERR,ERR,ERR,ERR,ERR,ERR,ERR,ERR,ERR,ERR,ERR,ERR,ERR,ERR,ERR,ERR,ERR,ERR,ERR,ERR,ERR,ERR,ERR,ERR,ERR,ERR,ERR,ERR,ERR,ERR,ERR,ERR,ERR,ERR,ERR,ERR,ERR,ERR,ERR,ERR,ERR,ERR,ERR,ERR,ERR,ERR,ERR,ERR,ERR,ERR,ERR,ERR,ERR,ERR,ERR,ERR,60.0,60.0,35,0.0,0.0,0.0,0.0,0.0,0.0,0.0,0.0,0.0,0.0,0.0,0.0,0.0,0.0,0.0,0.0,65.6,0,115,56,38,65476,0,300,0,0,8,20529,65476,0,0,2621,60.0,0.0,0.0,0.0,0.0,0.0
2026-07-09T15:15:37,ERR,ERR,ERR,ERR,ERR,ERR,ERR,ERR,ERR,ERR,ERR,ERR,ERR,ERR,ERR,ERR,ERR,ERR,ERR,ERR,ERR,ERR,ERR,ERR,ERR,ERR,ERR,ERR,ERR,ERR,ERR,ERR,ERR,ERR,ERR,ERR,ERR,ERR,ERR,ERR,ERR,ERR,ERR,ERR,ERR,ERR,ERR,ERR,ERR,ERR,ERR,ERR,ERR,ERR,ERR,ERR,ERR,ERR,ERR,ERR,ERR,ERR,ERR,ERR,ERR,ERR,ERR,ERR,ERR,ERR,ERR,ERR,ERR,ERR,ERR,ERR,ERR,ERR,ERR,ERR,ERR,ERR,ERR,ERR,ERR,ERR,ERR,ERR,ERR,ERR,ERR,ERR,ERR,ERR,ERR,ERR,ERR,ERR,ERR,ERR,ERR,ERR,ERR,ERR,ERR,ERR,ERR,ERR,ERR,ERR,ERR,ERR,ERR,ERR,ERR,ERR,ERR,ERR,ERR,ERR,ERR,ERR,ERR,ERR,ERR,0.0,2.7184456933947948e+23,-107090576.0,2.718366610185338e+23,0.109,0.0,-0.0,-9.987263457712616e+19,0,0,4,17423,7116,0.0,100,0.0,0.0,0.0,0.0,0.0,0,0,0,0,0.0,0,0,0,0,0,0,0,0,0,0,0,0,0,0,0,0,0,0,0,0,0,0,0,0,0,0,0,0,0,0,0,0,0,31,40,40,71,65476,0,300,0,0,8,21553,0.0,-107605600.0,0.0,0.0,0.0,0.0,0.0,0.0,0.0,0.0,0.0,0.0,0.0,0.0,0.0,0.0,0.0,0.0,0.0,0.0,0.0,0.0,0.0,3.697067826173549e+19,0.0,0.0,0.0,0.0,0.0,0.0,4852.0,564145497833472.0,6923.0,0.0,2.7184456933947948e+23,2.004,2.004,0.0,0.0,0.0,0.0,69,5.848055683159391e+35,-0.0,0.0,0.0,0.0,0.0,0.0,0.0,0.0,0,0,0,0.0,0.0,0.0,0.0,0.0,0.0,0.0,0.0,0.0,0.0,0.0,0.0,0.0,0.0,0.0,0.0,0,-107875648.0,69,0.0,138,0.0,2.012,ERR,ERR,ERR,ERR,ERR,ERR,ERR,ERR,ERR,ERR,ERR,ERR,ERR,ERR,ERR,ERR,ERR,ERR,ERR,ERR,ERR,ERR,ERR,ERR,ERR,ERR,ERR,ERR,ERR,ERR,ERR,ERR,ERR,ERR,ERR,ERR,ERR,ERR,ERR,ERR,ERR,ERR,ERR,ERR,ERR,ERR,ERR,ERR,ERR,ERR,ERR,ERR,ERR,ERR,ERR,ERR,ERR,ERR,ERR,ERR,ERR,ERR,ERR,ERR,ERR,ERR,ERR,60.0,60.0,35,0.0,0.0,0.0,0.0,0.0,0.0,0.0,0.0,0.0,0.0,0.0,0.0,0.0,0.0,0.0,0.0,65.6,0,115,56,38,65476,0,300,0,0,8,20529,65476,0,0,2621,60.0,0.0,0.0,0.0,0.0,0.0
2026-07-09T15:15:38,ERR,ERR,ERR,ERR,ERR,ERR,ERR,ERR,ERR,ERR,ERR,ERR,ERR,ERR,ERR,ERR,ERR,ERR,ERR,ERR,ERR,ERR,ERR,ERR,ERR,ERR,ERR,ERR,ERR,ERR,ERR,ERR,ERR,ERR,ERR,ERR,ERR,ERR,ERR,ERR,ERR,ERR,ERR,ERR,ERR,ERR,ERR,ERR,ERR,ERR,ERR,ERR,ERR,ERR,ERR,ERR,ERR,ERR,ERR,ERR,ERR,ERR,ERR,ERR,ERR,ERR,ERR,ERR,ERR,ERR,ERR,ERR,ERR,ERR,ERR,ERR,ERR,ERR,ERR,ERR,ERR,ERR,ERR,ERR,ERR,ERR,ERR,ERR,ERR,ERR,ERR,ERR,ERR,ERR,ERR,ERR,ERR,ERR,ERR,ERR,ERR,ERR,ERR,ERR,ERR,ERR,ERR,ERR,ERR,ERR,ERR,ERR,ERR,ERR,ERR,ERR,ERR,ERR,ERR,ERR,ERR,ERR,ERR,ERR,ERR,0.0,2.7184456933947948e+23,-107090576.0,2.718366610185338e+23,0.109,0.0,-0.0,-9.987263457712616e+19,0,0,4,17423,7116,0.0,100,0.0,0.0,0.0,0.0,0.0,0,0,0,0,0.0,0,0,0,0,0,0,0,0,0,0,0,0,0,0,0,0,0,0,0,0,0,0,0,0,0,0,0,0,0,0,0,0,0,31,40,40,71,65476,0,300,0,0,8,21553,0.0,-107605600.0,0.0,0.0,0.0,0.0,0.0,0.0,0.0,0.0,0.0,0.0,0.0,0.0,0.0,0.0,0.0,0.0,0.0,0.0,0.0,0.0,0.0,3.697067826173549e+19,0.0,0.0,0.0,0.0,0.0,0.0,4852.0,564145497833472.0,6923.0,0.0,2.7184456933947948e+23,2.004,2.004,0.0,0.0,0.0,0.0,69,5.848055683159391e+35,-0.0,0.0,0.0,0.0,0.0,0.0,0.0,0.0,0,0,0,0.0,0.0,0.0,0.0,0.0,0.0,0.0,0.0,0.0,0.0,0.0,0.0,0.0,0.0,0.0,0.0,0,-107875648.0,69,0.0,138,0.0,2.012,ERR,ERR,ERR,ERR,ERR,ERR,ERR,ERR,ERR,ERR,ERR,ERR,ERR,ERR,ERR,ERR,ERR,ERR,ERR,ERR,ERR,ERR,ERR,ERR,ERR,ERR,ERR,ERR,ERR,ERR,ERR,ERR,ERR,ERR,ERR,ERR,ERR,ERR,ERR,ERR,ERR,ERR,ERR,ERR,ERR,ERR,ERR,ERR,ERR,ERR,ERR,ERR,ERR,ERR,ERR,ERR,ERR,ERR,ERR,ERR,ERR,ERR,ERR,ERR,ERR,ERR,ERR,60.0,60.0,35,0.0,0.0,0.0,0.0,0.0,0.0,0.0,0.0,0.0,0.0,0.0,0.0,0.0,0.0,0.0,0.0,65.6,0,115,56,38,65476,0,300,0,0,8,20529,65476,0,0,2621,60.0,0.0,0.0,0.0,0.0,0.0
2026-07-09T15:15:39,ERR,ERR,ERR,ERR,ERR,ERR,ERR,ERR,ERR,ERR,ERR,ERR,ERR,ERR,ERR,ERR,ERR,ERR,ERR,ERR,ERR,ERR,ERR,ERR,ERR,ERR,ERR,ERR,ERR,ERR,ERR,ERR,ERR,ERR,ERR,ERR,ERR,ERR,ERR,ERR,ERR,ERR,ERR,ERR,ERR,ERR,ERR,ERR,ERR,ERR,ERR,ERR,ERR,ERR,ERR,ERR,ERR,ERR,ERR,ERR,ERR,ERR,ERR,ERR,ERR,ERR,ERR,ERR,ERR,ERR,ERR,ERR,ERR,ERR,ERR,ERR,ERR,ERR,ERR,ERR,ERR,ERR,ERR,ERR,ERR,ERR,ERR,ERR,ERR,ERR,ERR,ERR,ERR,ERR,ERR,ERR,ERR,ERR,ERR,ERR,ERR,ERR,ERR,ERR,ERR,ERR,ERR,ERR,ERR,ERR,ERR,ERR,ERR,ERR,ERR,ERR,ERR,ERR,ERR,ERR,ERR,ERR,ERR,ERR,ERR,0.0,2.7184456933947948e+23,-107090576.0,2.718366610185338e+23,0.109,0.0,-0.0,-9.987263457712616e+19,0,0,4,17423,7116,0.0,100,0.0,0.0,0.0,0.0,0.0,0,0,0,0,0.0,0,0,0,0,0,0,0,0,0,0,0,0,0,0,0,0,0,0,0,0,0,0,0,0,0,0,0,0,0,0,0,0,0,31,40,40,71,65476,0,300,0,0,8,21553,0.0,-107605600.0,0.0,0.0,0.0,0.0,0.0,0.0,0.0,0.0,0.0,0.0,0.0,0.0,0.0,0.0,0.0,0.0,0.0,0.0,0.0,0.0,0.0,3.697067826173549e+19,0.0,0.0,0.0,0.0,0.0,0.0,4852.0,564145497833472.0,6923.0,0.0,2.7184456933947948e+23,2.004,2.004,0.0,0.0,0.0,0.0,69,5.848055683159391e+35,-0.0,0.0,0.0,0.0,0.0,0.0,0.0,0.0,0,0,0,0.0,0.0,0.0,0.0,0.0,0.0,0.0,0.0,0.0,0.0,0.0,0.0,0.0,0.0,0.0,0.0,0,-107875648.0,69,0.0,138,0.0,2.012,ERR,ERR,ERR,ERR,ERR,ERR,ERR,ERR,ERR,ERR,ERR,ERR,ERR,ERR,ERR,ERR,ERR,ERR,ERR,ERR,ERR,ERR,ERR,ERR,ERR,ERR,ERR,ERR,ERR,ERR,ERR,ERR,ERR,ERR,ERR,ERR,ERR,ERR,ERR,ERR,ERR,ERR,ERR,ERR,ERR,ERR,ERR,ERR,ERR,ERR,ERR,ERR,ERR,ERR,ERR,ERR,ERR,ERR,ERR,ERR,ERR,ERR,ERR,ERR,ERR,ERR,ERR,60.0,60.0,35,0.0,0.0,0.0,0.0,0.0,0.0,0.0,0.0,0.0,0.0,0.0,0.0,0.0,0.0,0.0,0.0,65.2,0,115,56,38,65476,0,300,0,0,8,20529,65476,0,0,2621,60.0,0.0,0.0,0.0,0.0,0.0
2026-07-09T15:15:40,ERR,ERR,ERR,ERR,ERR,ERR,ERR,ERR,ERR,ERR,ERR,ERR,ERR,ERR,ERR,ERR,ERR,ERR,ERR,ERR,ERR,ERR,ERR,ERR,ERR,ERR,ERR,ERR,ERR,ERR,ERR,ERR,ERR,ERR,ERR,ERR,ERR,ERR,ERR,ERR,ERR,ERR,ERR,ERR,ERR,ERR,ERR,ERR,ERR,ERR,ERR,ERR,ERR,ERR,ERR,ERR,ERR,ERR,ERR,ERR,ERR,ERR,ERR,ERR,ERR,ERR,ERR,ERR,ERR,ERR,ERR,ERR,ERR,ERR,ERR,ERR,ERR,ERR,ERR,ERR,ERR,ERR,ERR,ERR,ERR,ERR,ERR,ERR,ERR,ERR,ERR,ERR,ERR,ERR,ERR,ERR,ERR,ERR,ERR,ERR,ERR,ERR,ERR,ERR,ERR,ERR,ERR,ERR,ERR,ERR,ERR,ERR,ERR,ERR,ERR,ERR,ERR,ERR,ERR,ERR,ERR,ERR,ERR,ERR,ERR,0.0,2.7184456933947948e+23,-107090576.0,2.718366610185338e+23,0.109,0.0,-0.0,-9.987263457712616e+19,0,0,4,17423,7116,0.0,100,0.0,0.0,0.0,0.0,0.0,0,0,0,0,0.0,0,0,0,0,0,0,0,0,0,0,0,0,0,0,0,0,0,0,0,0,0,0,0,0,0,0,0,0,0,0,0,0,0,31,40,40,71,65476,0,300,0,0,8,21553,0.0,-107605600.0,0.0,0.0,0.0,0.0,0.0,0.0,0.0,0.0,0.0,0.0,0.0,0.0,0.0,0.0,0.0,0.0,0.0,0.0,0.0,0.0,0.0,3.697067826173549e+19,0.0,0.0,0.0,0.0,0.0,0.0,4852.0,564145497833472.0,6923.0,0.0,2.7184456933947948e+23,2.004,2.004,0.0,0.0,0.0,0.0,69,5.848055683159391e+35,-0.0,0.0,0.0,0.0,0.0,0.0,0.0,0.0,0,0,0,0.0,0.0,0.0,0.0,0.0,0.0,0.0,0.0,0.0,0.0,0.0,0.0,0.0,0.0,0.0,0.0,0,-107875648.0,69,0.0,138,0.0,2.012,ERR,ERR,ERR,ERR,ERR,ERR,ERR,ERR,ERR,ERR,ERR,ERR,ERR,ERR,ERR,ERR,ERR,ERR,ERR,ERR,ERR,ERR,ERR,ERR,ERR,ERR,ERR,ERR,ERR,ERR,ERR,ERR,ERR,ERR,ERR,ERR,ERR,ERR,ERR,ERR,ERR,ERR,ERR,ERR,ERR,ERR,ERR,ERR,ERR,ERR,ERR,ERR,ERR,ERR,ERR,ERR,ERR,ERR,ERR,ERR,ERR,ERR,ERR,ERR,ERR,ERR,ERR,60.0,60.0,35,0.0,0.0,0.0,0.0,0.0,0.0,0.0,0.0,0.0,0.0,0.0,0.0,0.0,0.0,0.0,0.0,65.2,0,115,56,38,65476,0,300,0,0,8,20529,65476,0,0,2621,60.0,0.0,0.0,0.0,0.0,0.0
2026-07-09T15:15:41,ERR,ERR,ERR,ERR,ERR,ERR,ERR,ERR,ERR,ERR,ERR,ERR,ERR,ERR,ERR,ERR,ERR,ERR,ERR,ERR,ERR,ERR,ERR,ERR,ERR,ERR,ERR,ERR,ERR,ERR,ERR,ERR,ERR,ERR,ERR,ERR,ERR,ERR,ERR,ERR,ERR,ERR,ERR,ERR,ERR,ERR,ERR,ERR,ERR,ERR,ERR,ERR,ERR,ERR,ERR,ERR,ERR,ERR,ERR,ERR,ERR,ERR,ERR,ERR,ERR,ERR,ERR,ERR,ERR,ERR,ERR,ERR,ERR,ERR,ERR,ERR,ERR,ERR,ERR,ERR,ERR,ERR,ERR,ERR,ERR,ERR,ERR,ERR,ERR,ERR,ERR,ERR,ERR,ERR,ERR,ERR,ERR,ERR,ERR,ERR,ERR,ERR,ERR,ERR,ERR,ERR,ERR,ERR,ERR,ERR,ERR,ERR,ERR,ERR,ERR,ERR,ERR,ERR,ERR,ERR,ERR,ERR,ERR,ERR,ERR,0.0,2.7184456933947948e+23,-107090576.0,2.718366610185338e+23,0.109,0.0,-0.0,-9.987263457712616e+19,0,0,4,17423,7116,0.0,100,0.0,0.0,0.0,0.0,0.0,0,0,0,0,0.0,0,0,0,0,0,0,0,0,0,0,0,0,0,0,0,0,0,0,0,0,0,0,0,0,0,0,0,0,0,0,0,0,0,31,40,40,71,65476,0,300,0,0,8,21553,0.0,-107605600.0,0.0,0.0,0.0,0.0,0.0,0.0,0.0,0.0,0.0,0.0,0.0,0.0,0.0,0.0,0.0,0.0,0.0,0.0,0.0,0.0,0.0,3.697067826173549e+19,0.0,0.0,0.0,0.0,0.0,0.0,4852.0,564145497833472.0,6923.0,0.0,2.7184456933947948e+23,2.004,2.004,0.0,0.0,0.0,0.0,69,5.848055683159391e+35,-0.0,0.0,0.0,0.0,0.0,0.0,0.0,0.0,0,0,0,0.0,0.0,0.0,0.0,0.0,0.0,0.0,0.0,0.0,0.0,0.0,0.0,0.0,0.0,0.0,0.0,0,-107875648.0,69,0.0,138,0.0,2.012,ERR,ERR,ERR,ERR,ERR,ERR,ERR,ERR,ERR,ERR,ERR,ERR,ERR,ERR,ERR,ERR,ERR,ERR,ERR,ERR,ERR,ERR,ERR,ERR,ERR,ERR,ERR,ERR,ERR,ERR,ERR,ERR,ERR,ERR,ERR,ERR,ERR,ERR,ERR,ERR,ERR,ERR,ERR,ERR,ERR,ERR,ERR,ERR,ERR,ERR,ERR,ERR,ERR,ERR,ERR,ERR,ERR,ERR,ERR,ERR,ERR,ERR,ERR,ERR,ERR,ERR,ERR,60.0,60.0,35,0.0,0.0,0.0,0.0,0.0,0.0,0.0,0.0,0.0,0.0,0.0,0.0,0.0,0.0,0.0,0.0,65.2,0,115,56,39,65476,0,300,0,0,8,20529,65476,0,0,2621,60.0,0.0,0.0,0.0,0.0,0.0
2026-07-09T15:15:42,ERR,ERR,ERR,ERR,ERR,ERR,ERR,ERR,ERR,ERR,ERR,ERR,ERR,ERR,ERR,ERR,ERR,ERR,ERR,ERR,ERR,ERR,ERR,ERR,ERR,ERR,ERR,ERR,ERR,ERR,ERR,ERR,ERR,ERR,ERR,ERR,ERR,ERR,ERR,ERR,ERR,ERR,ERR,ERR,ERR,ERR,ERR,ERR,ERR,ERR,ERR,ERR,ERR,ERR,ERR,ERR,ERR,ERR,ERR,ERR,ERR,ERR,ERR,ERR,ERR,ERR,ERR,ERR,ERR,ERR,ERR,ERR,ERR,ERR,ERR,ERR,ERR,ERR,ERR,ERR,ERR,ERR,ERR,ERR,ERR,ERR,ERR,ERR,ERR,ERR,ERR,ERR,ERR,ERR,ERR,ERR,ERR,ERR,ERR,ERR,ERR,ERR,ERR,ERR,ERR,ERR,ERR,ERR,ERR,ERR,ERR,ERR,ERR,ERR,ERR,ERR,ERR,ERR,ERR,ERR,ERR,ERR,ERR,ERR,ERR,0.0,-0.0,0.0,2.718366610185338e+23,-0.0,4490526552227840.0,-0.001,0.0,0,0,4,17425,7116,0.0,100,0.0,0.0,-107612512.0,0.0,0.0,0,0,0,0,0.0,0,0,0,0,0,0,0,0,0,0,0,0,0,0,0,0,0,0,0,0,0,0,0,0,0,0,0,0,0,0,0,0,0,31,40,40,71,65476,0,300,0,0,8,21553,0.0,-107605600.0,0.0,0.0,0.0,0.0,0.0,0.0,0.0,0.0,0.0,0.0,0.0,0.0,0.0,0.0,0.0,0.0,0.0,0.0,0.0,0.0,0.0,-0.0,0.0,0.0,0.0,0.0,0.0,0.0,4847.0,2.422986463380401e+24,6925.0,0.0,-0.0,2.004,2.004,0.0,0.0,0.0,0.0,69,89220.562,-107614728.0,0.0,0.0,0.0,0.0,0.0,0.0,0.0,0,0,0,0.0,0.0,0.0,0.0,0.0,0.0,0.0,0.0,0.0,0.0,0.0,0.0,0.0,0.0,0.0,0.0,0,-107875648.0,69,0.0,138,0.0,2.012,ERR,ERR,ERR,ERR,ERR,ERR,ERR,ERR,ERR,ERR,ERR,ERR,ERR,ERR,ERR,ERR,ERR,ERR,ERR,ERR,ERR,ERR,ERR,ERR,ERR,ERR,ERR,ERR,ERR,ERR,ERR,ERR,ERR,ERR,ERR,ERR,ERR,ERR,ERR,ERR,ERR,ERR,ERR,ERR,ERR,ERR,ERR,ERR,ERR,ERR,ERR,ERR,ERR,ERR,ERR,ERR,ERR,ERR,ERR,ERR,ERR,ERR,ERR,ERR,ERR,ERR,ERR,60.0,60.0,35,0.0,0.0,0.0,0.0,0.0,0.0,0.0,0.0,0.0,0.0,0.0,0.0,0.0,0.0,0.0,0.0,65.2,0,115,56,39,65476,0,300,0,0,8,20529,65476,0,0,2621,60.0,0.0,0.0,0.0,0.0,0.0
2026-07-09T15:15:43,ERR,ERR,ERR,ERR,ERR,ERR,ERR,ERR,ERR,ERR,ERR,ERR,ERR,ERR,ERR,ERR,ERR,ERR,ERR,ERR,ERR,ERR,ERR,ERR,ERR,ERR,ERR,ERR,ERR,ERR,ERR,ERR,ERR,ERR,ERR,ERR,ERR,ERR,ERR,ERR,ERR,ERR,ERR,ERR,ERR,ERR,ERR,ERR,ERR,ERR,ERR,ERR,ERR,ERR,ERR,ERR,ERR,ERR,ERR,ERR,ERR,ERR,ERR,ERR,ERR,ERR,ERR,ERR,ERR,ERR,ERR,ERR,ERR,ERR,ERR,ERR,ERR,ERR,ERR,ERR,ERR,ERR,ERR,ERR,ERR,ERR,ERR,ERR,ERR,ERR,ERR,ERR,ERR,ERR,ERR,ERR,ERR,ERR,ERR,ERR,ERR,ERR,ERR,ERR,ERR,ERR,ERR,ERR,ERR,ERR,ERR,ERR,ERR,ERR,ERR,ERR,ERR,ERR,ERR,ERR,ERR,ERR,ERR,ERR,ERR,0.0,-0.0,0.0,2.718366610185338e+23,-0.0,4490526552227840.0,-0.001,0.0,0,0,4,17425,7116,0.0,100,0.0,0.0,-107612512.0,0.0,0.0,0,0,0,0,0.0,0,0,0,0,0,0,0,0,0,0,0,0,0,0,0,0,0,0,0,0,0,0,0,0,0,0,0,0,0,0,0,0,0,31,40,40,71,65476,0,300,0,0,8,21553,0.0,-107605600.0,0.0,0.0,0.0,0.0,0.0,0.0,0.0,0.0,0.0,0.0,0.0,0.0,0.0,0.0,0.0,0.0,0.0,0.0,0.0,0.0,0.0,-0.0,0.0,0.0,0.0,0.0,0.0,0.0,4847.0,2.422986463380401e+24,6925.0,0.0,-0.0,2.004,2.004,0.0,0.0,0.0,0.0,69,89220.562,-107614728.0,0.0,0.0,0.0,0.0,0.0,0.0,0.0,0,0,0,0.0,0.0,0.0,0.0,0.0,0.0,0.0,0.0,0.0,0.0,0.0,0.0,0.0,0.0,0.0,0.0,0,-107875648.0,69,0.0,138,0.0,2.012,ERR,ERR,ERR,ERR,ERR,ERR,ERR,ERR,ERR,ERR,ERR,ERR,ERR,ERR,ERR,ERR,ERR,ERR,ERR,ERR,ERR,ERR,ERR,ERR,ERR,ERR,ERR,ERR,ERR,ERR,ERR,ERR,ERR,ERR,ERR,ERR,ERR,ERR,ERR,ERR,ERR,ERR,ERR,ERR,ERR,ERR,ERR,ERR,ERR,ERR,ERR,ERR,ERR,ERR,ERR,ERR,ERR,ERR,ERR,ERR,ERR,ERR,ERR,ERR,ERR,ERR,ERR,60.0,60.0,35,0.0,0.0,0.0,0.0,0.0,0.0,0.0,0.0,0.0,0.0,0.0,0.0,0.0,0.0,0.0,0.0,65.2,0,115,56,39,65476,0,300,0,0,8,20529,65476,0,0,2621,60.0,0.0,0.0,0.0,0.0,0.0
2026-07-09T15:15:44,ERR,ERR,ERR,ERR,ERR,ERR,ERR,ERR,ERR,ERR,ERR,ERR,ERR,ERR,ERR,ERR,ERR,ERR,ERR,ERR,ERR,ERR,ERR,ERR,ERR,ERR,ERR,ERR,ERR,ERR,ERR,ERR,ERR,ERR,ERR,ERR,ERR,ERR,ERR,ERR,ERR,ERR,ERR,ERR,ERR,ERR,ERR,ERR,ERR,ERR,ERR,ERR,ERR,ERR,ERR,ERR,ERR,ERR,ERR,ERR,ERR,ERR,ERR,ERR,ERR,ERR,ERR,ERR,ERR,ERR,ERR,ERR,ERR,ERR,ERR,ERR,ERR,ERR,ERR,ERR,ERR,ERR,ERR,ERR,ERR,ERR,ERR,ERR,ERR,ERR,ERR,ERR,ERR,ERR,ERR,ERR,ERR,ERR,ERR,ERR,ERR,ERR,ERR,ERR,ERR,ERR,ERR,ERR,ERR,ERR,ERR,ERR,ERR,ERR,ERR,ERR,ERR,ERR,ERR,ERR,ERR,ERR,ERR,ERR,ERR,0.0,-0.0,0.0,2.718366610185338e+23,-0.0,4490526552227840.0,-0.001,0.0,0,0,4,17425,7116,0.0,100,0.0,0.0,-107612512.0,0.0,0.0,0,0,0,0,0.0,0,0,0,0,0,0,0,0,0,0,0,0,0,0,0,0,0,0,0,0,0,0,0,0,0,0,0,0,0,0,0,0,0,31,40,40,71,65476,0,300,0,0,8,21553,0.0,-107605600.0,0.0,0.0,0.0,0.0,0.0,0.0,0.0,0.0,0.0,0.0,0.0,0.0,0.0,0.0,0.0,0.0,0.0,0.0,0.0,0.0,0.0,-0.0,0.0,0.0,0.0,0.0,0.0,0.0,4847.0,2.422986463380401e+24,6925.0,0.0,-0.0,2.004,2.004,0.0,0.0,0.0,0.0,69,89220.562,-107614728.0,0.0,0.0,0.0,0.0,0.0,0.0,0.0,0,0,0,0.0,0.0,0.0,0.0,0.0,0.0,0.0,0.0,0.0,0.0,0.0,0.0,0.0,0.0,0.0,0.0,0,-107875648.0,69,0.0,138,0.0,2.012,ERR,ERR,ERR,ERR,ERR,ERR,ERR,ERR,ERR,ERR,ERR,ERR,ERR,ERR,ERR,ERR,ERR,ERR,ERR,ERR,ERR,ERR,ERR,ERR,ERR,ERR,ERR,ERR,ERR,ERR,ERR,ERR,ERR,ERR,ERR,ERR,ERR,ERR,ERR,ERR,ERR,ERR,ERR,ERR,ERR,ERR,ERR,ERR,ERR,ERR,ERR,ERR,ERR,ERR,ERR,ERR,ERR,ERR,ERR,ERR,ERR,ERR,ERR,ERR,ERR,ERR,ERR,60.0,60.0,35,0.0,0.0,0.0,0.0,0.0,0.0,0.0,0.0,0.0,0.0,0.0,0.0,0.0,0.0,0.0,0.0,65.6,0,115,56,39,65476,0,300,0,0,8,20529,65476,0,0,2621,60.0,0.0,0.0,0.0,0.0,0.0
2026-07-09T15:15:45,ERR,ERR,ERR,ERR,ERR,ERR,ERR,ERR,ERR,ERR,ERR,ERR,ERR,ERR,ERR,ERR,ERR,ERR,ERR,ERR,ERR,ERR,ERR,ERR,ERR,ERR,ERR,ERR,ERR,ERR,ERR,ERR,ERR,ERR,ERR,ERR,ERR,ERR,ERR,ERR,ERR,ERR,ERR,ERR,ERR,ERR,ERR,ERR,ERR,ERR,ERR,ERR,ERR,ERR,ERR,ERR,ERR,ERR,ERR,ERR,ERR,ERR,ERR,ERR,ERR,ERR,ERR,ERR,ERR,ERR,ERR,ERR,ERR,ERR,ERR,ERR,ERR,ERR,ERR,ERR,ERR,ERR,ERR,ERR,ERR,ERR,ERR,ERR,ERR,ERR,ERR,ERR,ERR,ERR,ERR,ERR,ERR,ERR,ERR,ERR,ERR,ERR,ERR,ERR,ERR,ERR,ERR,ERR,ERR,ERR,ERR,ERR,ERR,ERR,ERR,ERR,ERR,ERR,ERR,ERR,ERR,ERR,ERR,ERR,ERR,0.0,-0.0,0.0,2.718366610185338e+23,-0.0,4490526552227840.0,-0.001,0.0,0,0,4,17425,7116,0.0,100,0.0,0.0,-107612512.0,0.0,0.0,0,0,0,0,0.0,0,0,0,0,0,0,0,0,0,0,0,0,0,0,0,0,0,0,0,0,0,0,0,0,0,0,0,0,0,0,0,0,0,31,40,40,71,65476,0,300,0,0,8,21553,0.0,-107605600.0,0.0,0.0,0.0,0.0,0.0,0.0,0.0,0.0,0.0,0.0,0.0,0.0,0.0,0.0,0.0,0.0,0.0,0.0,0.0,0.0,0.0,-0.0,0.0,0.0,0.0,0.0,0.0,0.0,4847.0,2.422986463380401e+24,6925.0,0.0,-0.0,2.004,2.004,0.0,0.0,0.0,0.0,69,89220.562,-107614728.0,0.0,0.0,0.0,0.0,0.0,0.0,0.0,0,0,0,0.0,0.0,0.0,0.0,0.0,0.0,0.0,0.0,0.0,0.0,0.0,0.0,0.0,0.0,0.0,0.0,0,-107875648.0,69,0.0,138,0.0,2.012,ERR,ERR,ERR,ERR,ERR,ERR,ERR,ERR,ERR,ERR,ERR,ERR,ERR,ERR,ERR,ERR,ERR,ERR,ERR,ERR,ERR,ERR,ERR,ERR,ERR,ERR,ERR,ERR,ERR,ERR,ERR,ERR,ERR,ERR,ERR,ERR,ERR,ERR,ERR,ERR,ERR,ERR,ERR,ERR,ERR,ERR,ERR,ERR,ERR,ERR,ERR,ERR,ERR,ERR,ERR,ERR,ERR,ERR,ERR,ERR,ERR,ERR,ERR,ERR,ERR,ERR,ERR,60.0,60.0,35,0.0,0.0,0.0,0.0,0.0,0.0,0.0,0.0,0.0,0.0,0.0,0.0,0.0,0.0,0.0,0.0,65.6,0,115,56,39,65476,0,300,0,0,8,20529,65476,0,0,2621,60.0,0.0,0.0,0.0,0.0,0.0
2026-07-09T15:15:46,ERR,ERR,ERR,ERR,ERR,ERR,ERR,ERR,ERR,ERR,ERR,ERR,ERR,ERR,ERR,ERR,ERR,ERR,ERR,ERR,ERR,ERR,ERR,ERR,ERR,ERR,ERR,ERR,ERR,ERR,ERR,ERR,ERR,ERR,ERR,ERR,ERR,ERR,ERR,ERR,ERR,ERR,ERR,ERR,ERR,ERR,ERR,ERR,ERR,ERR,ERR,ERR,ERR,ERR,ERR,ERR,ERR,ERR,ERR,ERR,ERR,ERR,ERR,ERR,ERR,ERR,ERR,ERR,ERR,ERR,ERR,ERR,ERR,ERR,ERR,ERR,ERR,ERR,ERR,ERR,ERR,ERR,ERR,ERR,ERR,ERR,ERR,ERR,ERR,ERR,ERR,ERR,ERR,ERR,ERR,ERR,ERR,ERR,ERR,ERR,ERR,ERR,ERR,ERR,ERR,ERR,ERR,ERR,ERR,ERR,ERR,ERR,ERR,ERR,ERR,ERR,ERR,ERR,ERR,ERR,ERR,ERR,ERR,ERR,ERR,0.0,-0.0,0.0,2.718366610185338e+23,-0.0,4490526552227840.0,-0.001,0.0,0,0,4,17425,7116,0.0,100,0.0,0.0,-107612512.0,0.0,0.0,0,0,0,0,0.0,0,0,0,0,0,0,0,0,0,0,0,0,0,0,0,0,0,0,0,0,0,0,0,0,0,0,0,0,0,0,0,0,0,31,40,40,71,65476,0,300,0,0,8,21553,0.0,-107605600.0,0.0,0.0,0.0,0.0,0.0,0.0,0.0,0.0,0.0,0.0,0.0,0.0,0.0,0.0,0.0,0.0,0.0,0.0,0.0,0.0,0.0,-0.0,0.0,0.0,0.0,0.0,0.0,0.0,4847.0,2.422986463380401e+24,6925.0,0.0,-0.0,2.004,2.004,0.0,0.0,0.0,0.0,69,89220.562,-107614728.0,0.0,0.0,0.0,0.0,0.0,0.0,0.0,0,0,0,0.0,0.0,0.0,0.0,0.0,0.0,0.0,0.0,0.0,0.0,0.0,0.0,0.0,0.0,0.0,0.0,0,-107875648.0,69,0.0,138,0.0,2.012,ERR,ERR,ERR,ERR,ERR,ERR,ERR,ERR,ERR,ERR,ERR,ERR,ERR,ERR,ERR,ERR,ERR,ERR,ERR,ERR,ERR,ERR,ERR,ERR,ERR,ERR,ERR,ERR,ERR,ERR,ERR,ERR,ERR,ERR,ERR,ERR,ERR,ERR,ERR,ERR,ERR,ERR,ERR,ERR,ERR,ERR,ERR,ERR,ERR,ERR,ERR,ERR,ERR,ERR,ERR,ERR,ERR,ERR,ERR,ERR,ERR,ERR,ERR,ERR,ERR,ERR,ERR,60.0,60.0,35,0.0,0.0,0.0,0.0,0.0,0.0,0.0,0.0,0.0,0.0,0.0,0.0,0.0,0.0,0.0,0.0,65.2,0,115,56,39,65476,0,300,0,0,8,20529,65476,0,0,2621,60.0,0.0,0.0,0.0,0.0,0.0
2026-07-09T15:15:47,ERR,ERR,ERR,ERR,ERR,ERR,ERR,ERR,ERR,ERR,ERR,ERR,ERR,ERR,ERR,ERR,ERR,ERR,ERR,ERR,ERR,ERR,ERR,ERR,ERR,ERR,ERR,ERR,ERR,ERR,ERR,ERR,ERR,ERR,ERR,ERR,ERR,ERR,ERR,ERR,ERR,ERR,ERR,ERR,ERR,ERR,ERR,ERR,ERR,ERR,ERR,ERR,ERR,ERR,ERR,ERR,ERR,ERR,ERR,ERR,ERR,ERR,ERR,ERR,ERR,ERR,ERR,ERR,ERR,ERR,ERR,ERR,ERR,ERR,ERR,ERR,ERR,ERR,ERR,ERR,ERR,ERR,ERR,ERR,ERR,ERR,ERR,ERR,ERR,ERR,ERR,ERR,ERR,ERR,ERR,ERR,ERR,ERR,ERR,ERR,ERR,ERR,ERR,ERR,ERR,ERR,ERR,ERR,ERR,ERR,ERR,ERR,ERR,ERR,ERR,ERR,ERR,ERR,ERR,ERR,ERR,ERR,ERR,ERR,ERR,-0.0,-107616040.0,0.0,0.0,17631138545664.0,3.31258985744932e+27,-5776337.0,-3096696324096.0,0,0,4,17427,7116,0.0,100,0.0,0.0,0.0,0.0,0.0,0,0,0,0,0.0,0,0,0,0,0,0,0,0,0,0,0,0,0,0,0,0,0,0,0,0,0,0,0,0,0,0,0,0,0,0,0,0,0,31,40,40,71,65476,0,300,0,0,8,21553,0.0,-107605600.0,0.0,0.0,0.0,0.0,0.0,0.0,0.0,0.0,0.0,0.0,0.0,0.0,0.0,0.0,0.0,0.0,0.0,0.0,0.0,0.0,-2.004,-0.0,0.0,0.0,0.0,0.0,0.0,0.0,4844.0,1.0406647618869524e+34,6927.0,-0.0,-107616040.0,2.004,2.004,0.0,0.0,0.0,0.0,69,0.0,-2.3088268198886873e+20,0.0,0.0,0.0,0.0,0.0,0.0,0.0,0,0,0,0.0,0.0,0.0,0.0,0.0,0.0,0.0,0.0,0.0,0.0,0.0,0.0,0.0,0.0,0.0,0.0,0,-107875648.0,69,0.0,138,0.0,2.012,ERR,ERR,ERR,ERR,ERR,ERR,ERR,ERR,ERR,ERR,ERR,ERR,ERR,ERR,ERR,ERR,ERR,ERR,ERR,ERR,ERR,ERR,ERR,ERR,ERR,ERR,ERR,ERR,ERR,ERR,ERR,ERR,ERR,ERR,ERR,ERR,ERR,ERR,ERR,ERR,ERR,ERR,ERR,ERR,ERR,ERR,ERR,ERR,ERR,ERR,ERR,ERR,ERR,ERR,ERR,ERR,ERR,ERR,ERR,ERR,ERR,ERR,ERR,ERR,ERR,ERR,ERR,60.0,60.0,35,0.0,0.0,0.0,0.0,0.0,0.0,0.0,0.0,0.0,0.0,0.0,0.0,0.0,0.0,0.0,0.0,65.2,0,115,56,39,65476,0,300,0,0,8,20529,65476,0,0,2621,60.0,0.0,0.0,0.0,0.0,0.0
2026-07-09T15:15:48,ERR,ERR,ERR,ERR,ERR,ERR,ERR,ERR,ERR,ERR,ERR,ERR,ERR,ERR,ERR,ERR,ERR,ERR,ERR,ERR,ERR,ERR,ERR,ERR,ERR,ERR,ERR,ERR,ERR,ERR,ERR,ERR,ERR,ERR,ERR,ERR,ERR,ERR,ERR,ERR,ERR,ERR,ERR,ERR,ERR,ERR,ERR,ERR,ERR,ERR,ERR,ERR,ERR,ERR,ERR,ERR,ERR,ERR,ERR,ERR,ERR,ERR,ERR,ERR,ERR,ERR,ERR,ERR,ERR,ERR,ERR,ERR,ERR,ERR,ERR,ERR,ERR,ERR,ERR,ERR,ERR,ERR,ERR,ERR,ERR,ERR,ERR,ERR,ERR,ERR,ERR,ERR,ERR,ERR,ERR,ERR,ERR,ERR,ERR,ERR,ERR,ERR,ERR,ERR,ERR,ERR,ERR,ERR,ERR,ERR,ERR,ERR,ERR,ERR,ERR,ERR,ERR,ERR,ERR,ERR,ERR,ERR,ERR,ERR,ERR,-0.0,-107616040.0,0.0,0.0,17631138545664.0,3.31258985744932e+27,-5776337.0,-3096696324096.0,0,0,4,17427,7116,0.0,100,0.0,0.0,0.0,0.0,0.0,0,0,0,0,0.0,0,0,0,0,0,0,0,0,0,0,0,0,0,0,0,0,0,0,0,0,0,0,0,0,0,0,0,0,0,0,0,0,0,31,40,40,71,65476,0,300,0,0,8,21553,0.0,-107605600.0,0.0,0.0,0.0,0.0,0.0,0.0,0.0,0.0,0.0,0.0,0.0,0.0,0.0,0.0,0.0,0.0,0.0,0.0,0.0,0.0,-2.004,-0.0,0.0,0.0,0.0,0.0,0.0,0.0,4844.0,1.0406647618869524e+34,6927.0,-0.0,-107616040.0,2.004,2.004,0.0,0.0,0.0,0.0,69,0.0,-2.3088268198886873e+20,0.0,0.0,0.0,0.0,0.0,0.0,0.0,0,0,0,0.0,0.0,0.0,0.0,0.0,0.0,0.0,0.0,0.0,0.0,0.0,0.0,0.0,0.0,0.0,0.0,0,-107875648.0,69,0.0,138,0.0,2.012,ERR,ERR,ERR,ERR,ERR,ERR,ERR,ERR,ERR,ERR,ERR,ERR,ERR,ERR,ERR,ERR,ERR,ERR,ERR,ERR,ERR,ERR,ERR,ERR,ERR,ERR,ERR,ERR,ERR,ERR,ERR,ERR,ERR,ERR,ERR,ERR,ERR,ERR,ERR,ERR,ERR,ERR,ERR,ERR,ERR,ERR,ERR,ERR,ERR,ERR,ERR,ERR,ERR,ERR,ERR,ERR,ERR,ERR,ERR,ERR,ERR,ERR,ERR,ERR,ERR,ERR,ERR,60.0,60.0,35,0.0,0.0,0.0,0.0,0.0,0.0,0.0,0.0,0.0,0.0,0.0,0.0,0.0,0.0,0.0,0.0,65.6,0,115,56,39,65476,0,300,0,0,8,20529,65476,0,0,2621,60.0,0.0,0.0,0.0,0.0,0.0
2026-07-09T15:15:49,ERR,ERR,ERR,ERR,ERR,ERR,ERR,ERR,ERR,ERR,ERR,ERR,ERR,ERR,ERR,ERR,ERR,ERR,ERR,ERR,ERR,ERR,ERR,ERR,ERR,ERR,ERR,ERR,ERR,ERR,ERR,ERR,ERR,ERR,ERR,ERR,ERR,ERR,ERR,ERR,ERR,ERR,ERR,ERR,ERR,ERR,ERR,ERR,ERR,ERR,ERR,ERR,ERR,ERR,ERR,ERR,ERR,ERR,ERR,ERR,ERR,ERR,ERR,ERR,ERR,ERR,ERR,ERR,ERR,ERR,ERR,ERR,ERR,ERR,ERR,ERR,ERR,ERR,ERR,ERR,ERR,ERR,ERR,ERR,ERR,ERR,ERR,ERR,ERR,ERR,ERR,ERR,ERR,ERR,ERR,ERR,ERR,ERR,ERR,ERR,ERR,ERR,ERR,ERR,ERR,ERR,ERR,ERR,ERR,ERR,ERR,ERR,ERR,ERR,ERR,ERR,ERR,ERR,ERR,ERR,ERR,ERR,ERR,ERR,ERR,-0.0,-107616040.0,0.0,0.0,17631138545664.0,3.31258985744932e+27,-5776337.0,-3096696324096.0,0,0,4,17427,7116,0.0,100,0.0,0.0,0.0,0.0,0.0,0,0,0,0,0.0,0,0,0,0,0,0,0,0,0,0,0,0,0,0,0,0,0,0,0,0,0,0,0,0,0,0,0,0,0,0,0,0,0,31,40,40,71,65476,0,300,0,0,8,21553,0.0,-107605600.0,0.0,0.0,0.0,0.0,0.0,0.0,0.0,0.0,0.0,0.0,0.0,0.0,0.0,0.0,0.0,0.0,0.0,0.0,0.0,0.0,-2.004,-0.0,0.0,0.0,0.0,0.0,0.0,0.0,4844.0,1.0406647618869524e+34,6927.0,-0.0,-107616040.0,2.004,2.004,0.0,0.0,0.0,0.0,69,0.0,-2.3088268198886873e+20,0.0,0.0,0.0,0.0,0.0,0.0,0.0,0,0,0,0.0,0.0,0.0,0.0,0.0,0.0,0.0,0.0,0.0,0.0,0.0,0.0,0.0,0.0,0.0,0.0,0,-107875648.0,69,0.0,138,0.0,2.012,ERR,ERR,ERR,ERR,ERR,ERR,ERR,ERR,ERR,ERR,ERR,ERR,ERR,ERR,ERR,ERR,ERR,ERR,ERR,ERR,ERR,ERR,ERR,ERR,ERR,ERR,ERR,ERR,ERR,ERR,ERR,ERR,ERR,ERR,ERR,ERR,ERR,ERR,ERR,ERR,ERR,ERR,ERR,ERR,ERR,ERR,ERR,ERR,ERR,ERR,ERR,ERR,ERR,ERR,ERR,ERR,ERR,ERR,ERR,ERR,ERR,ERR,ERR,ERR,ERR,ERR,ERR,60.0,60.0,35,0.0,0.0,0.0,0.0,0.0,0.0,0.0,0.0,0.0,0.0,0.0,0.0,0.0,0.0,0.0,0.0,65.2,0,115,56,39,65476,0,300,0,0,8,20529,65476,0,0,2621,60.0,0.0,0.0,0.0,0.0,0.0
2026-07-09T15:15:50,ERR,ERR,ERR,ERR,ERR,ERR,ERR,ERR,ERR,ERR,ERR,ERR,ERR,ERR,ERR,ERR,ERR,ERR,ERR,ERR,ERR,ERR,ERR,ERR,ERR,ERR,ERR,ERR,ERR,ERR,ERR,ERR,ERR,ERR,ERR,ERR,ERR,ERR,ERR,ERR,ERR,ERR,ERR,ERR,ERR,ERR,ERR,ERR,ERR,ERR,ERR,ERR,ERR,ERR,ERR,ERR,ERR,ERR,ERR,ERR,ERR,ERR,ERR,ERR,ERR,ERR,ERR,ERR,ERR,ERR,ERR,ERR,ERR,ERR,ERR,ERR,ERR,ERR,ERR,ERR,ERR,ERR,ERR,ERR,ERR,ERR,ERR,ERR,ERR,ERR,ERR,ERR,ERR,ERR,ERR,ERR,ERR,ERR,ERR,ERR,ERR,ERR,ERR,ERR,ERR,ERR,ERR,ERR,ERR,ERR,ERR,ERR,ERR,ERR,ERR,ERR,ERR,ERR,ERR,ERR,ERR,ERR,ERR,ERR,ERR,-0.0,-107616040.0,0.0,0.0,17631138545664.0,3.31258985744932e+27,-5776337.0,-3096696324096.0,0,0,4,17427,7116,0.0,100,0.0,0.0,0.0,0.0,0.0,0,0,0,0,0.0,0,0,0,0,0,0,0,0,0,0,0,0,0,0,0,0,0,0,0,0,0,0,0,0,0,0,0,0,0,0,0,0,0,31,40,40,71,65476,0,300,0,0,8,21553,0.0,-107605600.0,0.0,0.0,0.0,0.0,0.0,0.0,0.0,0.0,0.0,0.0,0.0,0.0,0.0,0.0,0.0,0.0,0.0,0.0,0.0,0.0,-2.004,-0.0,0.0,0.0,0.0,0.0,0.0,0.0,4844.0,1.0406647618869524e+34,6927.0,-0.0,-107616040.0,2.004,2.004,0.0,0.0,0.0,0.0,69,0.0,-2.3088268198886873e+20,0.0,0.0,0.0,0.0,0.0,0.0,0.0,0,0,0,0.0,0.0,0.0,0.0,0.0,0.0,0.0,0.0,0.0,0.0,0.0,0.0,0.0,0.0,0.0,0.0,0,-107875648.0,69,0.0,138,0.0,2.012,ERR,ERR,ERR,ERR,ERR,ERR,ERR,ERR,ERR,ERR,ERR,ERR,ERR,ERR,ERR,ERR,ERR,ERR,ERR,ERR,ERR,ERR,ERR,ERR,ERR,ERR,ERR,ERR,ERR,ERR,ERR,ERR,ERR,ERR,ERR,ERR,ERR,ERR,ERR,ERR,ERR,ERR,ERR,ERR,ERR,ERR,ERR,ERR,ERR,ERR,ERR,ERR,ERR,ERR,ERR,ERR,ERR,ERR,ERR,ERR,ERR,ERR,ERR,ERR,ERR,ERR,ERR,60.0,60.0,35,0.0,0.0,0.0,0.0,0.0,0.0,0.0,0.0,0.0,0.0,0.0,0.0,0.0,0.0,0.0,0.0,65.2,0,115,56,39,65476,0,300,0,0,8,20529,65476,0,0,2621,60.0,0.0,0.0,0.0,0.0,0.0
2026-07-09T15:15:51,ERR,ERR,ERR,ERR,ERR,ERR,ERR,ERR,ERR,ERR,ERR,ERR,ERR,ERR,ERR,ERR,ERR,ERR,ERR,ERR,ERR,ERR,ERR,ERR,ERR,ERR,ERR,ERR,ERR,ERR,ERR,ERR,ERR,ERR,ERR,ERR,ERR,ERR,ERR,ERR,ERR,ERR,ERR,ERR,ERR,ERR,ERR,ERR,ERR,ERR,ERR,ERR,ERR,ERR,ERR,ERR,ERR,ERR,ERR,ERR,ERR,ERR,ERR,ERR,ERR,ERR,ERR,ERR,ERR,ERR,ERR,ERR,ERR,ERR,ERR,ERR,ERR,ERR,ERR,ERR,ERR,ERR,ERR,ERR,ERR,ERR,ERR,ERR,ERR,ERR,ERR,ERR,ERR,ERR,ERR,ERR,ERR,ERR,ERR,ERR,ERR,ERR,ERR,ERR,ERR,ERR,ERR,ERR,ERR,ERR,ERR,ERR,ERR,ERR,ERR,ERR,ERR,ERR,ERR,ERR,ERR,ERR,ERR,ERR,ERR,-0.0,-107616040.0,0.0,0.0,17631138545664.0,3.31258985744932e+27,-5776337.0,-3096696324096.0,0,0,4,17427,7116,0.0,100,0.0,0.0,0.0,0.0,0.0,0,0,0,0,0.0,0,0,0,0,0,0,0,0,0,0,0,0,0,0,0,0,0,0,0,0,0,0,0,0,0,0,0,0,0,0,0,0,0,31,40,40,71,65476,0,300,0,0,8,21553,0.0,-107605600.0,0.0,0.0,0.0,0.0,0.0,0.0,0.0,0.0,0.0,0.0,0.0,0.0,0.0,0.0,0.0,0.0,0.0,0.0,0.0,0.0,-2.004,-0.0,0.0,0.0,0.0,0.0,0.0,0.0,4844.0,1.0406647618869524e+34,6927.0,-0.0,-107616040.0,2.004,2.004,0.0,0.0,0.0,0.0,69,0.0,-2.3088268198886873e+20,0.0,0.0,0.0,0.0,0.0,0.0,0.0,0,0,0,0.0,0.0,0.0,0.0,0.0,0.0,0.0,0.0,0.0,0.0,0.0,0.0,0.0,0.0,0.0,0.0,0,-107875648.0,69,0.0,138,0.0,2.012,ERR,ERR,ERR,ERR,ERR,ERR,ERR,ERR,ERR,ERR,ERR,ERR,ERR,ERR,ERR,ERR,ERR,ERR,ERR,ERR,ERR,ERR,ERR,ERR,ERR,ERR,ERR,ERR,ERR,ERR,ERR,ERR,ERR,ERR,ERR,ERR,ERR,ERR,ERR,ERR,ERR,ERR,ERR,ERR,ERR,ERR,ERR,ERR,ERR,ERR,ERR,ERR,ERR,ERR,ERR,ERR,ERR,ERR,ERR,ERR,ERR,ERR,ERR,ERR,ERR,ERR,ERR,60.0,60.0,35,0.0,0.0,0.0,0.0,0.0,0.0,0.0,0.0,0.0,0.0,0.0,0.0,0.0,0.0,0.0,0.0,65.2,0,115,56,39,65476,0,300,0,0,8,20529,65476,0,0,2621,60.0,0.0,0.0,0.0,0.0,0.0
2026-07-09T15:15:52,ERR,ERR,ERR,ERR,ERR,ERR,ERR,ERR,ERR,ERR,ERR,ERR,ERR,ERR,ERR,ERR,ERR,ERR,ERR,ERR,ERR,ERR,ERR,ERR,ERR,ERR,ERR,ERR,ERR,ERR,ERR,ERR,ERR,ERR,ERR,ERR,ERR,ERR,ERR,ERR,ERR,ERR,ERR,ERR,ERR,ERR,ERR,ERR,ERR,ERR,ERR,ERR,ERR,ERR,ERR,ERR,ERR,ERR,ERR,ERR,ERR,ERR,ERR,ERR,ERR,ERR,ERR,ERR,ERR,ERR,ERR,ERR,ERR,ERR,ERR,ERR,ERR,ERR,ERR,ERR,ERR,ERR,ERR,ERR,ERR,ERR,ERR,ERR,ERR,ERR,ERR,ERR,ERR,ERR,ERR,ERR,ERR,ERR,ERR,ERR,ERR,ERR,ERR,ERR,ERR,ERR,ERR,ERR,ERR,ERR,ERR,ERR,ERR,ERR,ERR,ERR,ERR,ERR,ERR,ERR,ERR,ERR,ERR,ERR,ERR,0.0,0.0,-107614880.0,-0.0,0.0,31783703805952.0,-0.0,-221460856832.0,0,0,4,17427,7116,0.0,100,0.0,0.0,-0.0,0.0,0.0,0,0,0,0,0.0,0,0,0,0,0,0,0,0,0,0,0,0,0,0,0,0,0,0,0,0,0,0,0,0,0,0,0,0,0,0,0,0,0,31,40,40,71,65476,0,300,0,0,8,21553,0.0,-107605600.0,0.0,0.0,0.0,0.0,0.0,0.0,0.0,0.0,0.0,0.0,0.0,0.0,0.0,0.0,0.0,0.0,0.0,0.0,0.0,0.0,-0.0,-3.697067826173549e+19,0.0,0.0,0.0,0.0,0.0,0.0,4841.0,-0.0,6929.0,0.0,0.0,2.004,2.004,0.0,0.0,0.0,0.0,69,0.0,-4.9503988099545695e+32,0.0,0.0,0.0,0.0,0.0,0.0,0.0,0,0,0,0.0,0.0,0.0,0.0,0.0,0.0,0.0,0.0,0.0,0.0,0.0,0.0,0.0,0.0,0.0,0.0,0,-107875648.0,69,0.0,138,0.0,2.012,ERR,ERR,ERR,ERR,ERR,ERR,ERR,ERR,ERR,ERR,ERR,ERR,ERR,ERR,ERR,ERR,ERR,ERR,ERR,ERR,ERR,ERR,ERR,ERR,ERR,ERR,ERR,ERR,ERR,ERR,ERR,ERR,ERR,ERR,ERR,ERR,ERR,ERR,ERR,ERR,ERR,ERR,ERR,ERR,ERR,ERR,ERR,ERR,ERR,ERR,ERR,ERR,ERR,ERR,ERR,ERR,ERR,ERR,ERR,ERR,ERR,ERR,ERR,ERR,ERR,ERR,ERR,60.0,60.0,35,0.0,0.0,0.0,0.0,0.0,0.0,0.0,0.0,0.0,0.0,0.0,0.0,0.0,0.0,0.0,0.0,65.6,0,115,56,39,65476,0,300,0,0,8,20529,65476,0,0,2621,60.0,0.0,0.0,0.0,0.0,0.0
2026-07-09T15:15:53,ERR,ERR,ERR,ERR,ERR,ERR,ERR,ERR,ERR,ERR,ERR,ERR,ERR,ERR,ERR,ERR,ERR,ERR,ERR,ERR,ERR,ERR,ERR,ERR,ERR,ERR,ERR,ERR,ERR,ERR,ERR,ERR,ERR,ERR,ERR,ERR,ERR,ERR,ERR,ERR,ERR,ERR,ERR,ERR,ERR,ERR,ERR,ERR,ERR,ERR,ERR,ERR,ERR,ERR,ERR,ERR,ERR,ERR,ERR,ERR,ERR,ERR,ERR,ERR,ERR,ERR,ERR,ERR,ERR,ERR,ERR,ERR,ERR,ERR,ERR,ERR,ERR,ERR,ERR,ERR,ERR,ERR,ERR,ERR,ERR,ERR,ERR,ERR,ERR,ERR,ERR,ERR,ERR,ERR,ERR,ERR,ERR,ERR,ERR,ERR,ERR,ERR,ERR,ERR,ERR,ERR,ERR,ERR,ERR,ERR,ERR,ERR,ERR,ERR,ERR,ERR,ERR,ERR,ERR,ERR,ERR,ERR,ERR,ERR,ERR,0.0,0.0,-107614880.0,-0.0,0.0,31783703805952.0,-0.0,-221460856832.0,0,0,4,17427,7116,0.0,100,0.0,0.0,-0.0,0.0,0.0,0,0,0,0,0.0,0,0,0,0,0,0,0,0,0,0,0,0,0,0,0,0,0,0,0,0,0,0,0,0,0,0,0,0,0,0,0,0,0,31,40,40,71,65476,0,300,0,0,8,21553,0.0,-107605600.0,0.0,0.0,0.0,0.0,0.0,0.0,0.0,0.0,0.0,0.0,0.0,0.0,0.0,0.0,0.0,0.0,0.0,0.0,0.0,0.0,-0.0,-3.697067826173549e+19,0.0,0.0,0.0,0.0,0.0,0.0,4841.0,-0.0,6929.0,0.0,0.0,2.004,2.004,0.0,0.0,0.0,0.0,69,0.0,-4.9503988099545695e+32,0.0,0.0,0.0,0.0,0.0,0.0,0.0,0,0,0,0.0,0.0,0.0,0.0,0.0,0.0,0.0,0.0,0.0,0.0,0.0,0.0,0.0,0.0,0.0,0.0,0,-107875648.0,69,0.0,138,0.0,2.012,ERR,ERR,ERR,ERR,ERR,ERR,ERR,ERR,ERR,ERR,ERR,ERR,ERR,ERR,ERR,ERR,ERR,ERR,ERR,ERR,ERR,ERR,ERR,ERR,ERR,ERR,ERR,ERR,ERR,ERR,ERR,ERR,ERR,ERR,ERR,ERR,ERR,ERR,ERR,ERR,ERR,ERR,ERR,ERR,ERR,ERR,ERR,ERR,ERR,ERR,ERR,ERR,ERR,ERR,ERR,ERR,ERR,ERR,ERR,ERR,ERR,ERR,ERR,ERR,ERR,ERR,ERR,60.0,60.0,35,0.0,0.0,0.0,0.0,0.0,0.0,0.0,0.0,0.0,0.0,0.0,0.0,0.0,0.0,0.0,0.0,65.6,0,115,56,39,65476,0,300,0,0,8,20529,65476,0,0,2621,60.0,0.0,0.0,0.0,0.0,0.0
2026-07-09T15:15:54,ERR,ERR,ERR,ERR,ERR,ERR,ERR,ERR,ERR,ERR,ERR,ERR,ERR,ERR,ERR,ERR,ERR,ERR,ERR,ERR,ERR,ERR,ERR,ERR,ERR,ERR,ERR,ERR,ERR,ERR,ERR,ERR,ERR,ERR,ERR,ERR,ERR,ERR,ERR,ERR,ERR,ERR,ERR,ERR,ERR,ERR,ERR,ERR,ERR,ERR,ERR,ERR,ERR,ERR,ERR,ERR,ERR,ERR,ERR,ERR,ERR,ERR,ERR,ERR,ERR,ERR,ERR,ERR,ERR,ERR,ERR,ERR,ERR,ERR,ERR,ERR,ERR,ERR,ERR,ERR,ERR,ERR,ERR,ERR,ERR,ERR,ERR,ERR,ERR,ERR,ERR,ERR,ERR,ERR,ERR,ERR,ERR,ERR,ERR,ERR,ERR,ERR,ERR,ERR,ERR,ERR,ERR,ERR,ERR,ERR,ERR,ERR,ERR,ERR,ERR,ERR,ERR,ERR,ERR,ERR,ERR,ERR,ERR,ERR,ERR,0.0,0.0,-107614880.0,-0.0,0.0,31783703805952.0,-0.0,-221460856832.0,0,0,4,17427,7116,0.0,100,0.0,0.0,-0.0,0.0,0.0,0,0,0,0,0.0,0,0,0,0,0,0,0,0,0,0,0,0,0,0,0,0,0,0,0,0,0,0,0,0,0,0,0,0,0,0,0,0,0,31,40,40,71,65476,0,300,0,0,8,21553,0.0,-107605600.0,0.0,0.0,0.0,0.0,0.0,0.0,0.0,0.0,0.0,0.0,0.0,0.0,0.0,0.0,0.0,0.0,0.0,0.0,0.0,0.0,-0.0,-3.697067826173549e+19,0.0,0.0,0.0,0.0,0.0,0.0,4841.0,-0.0,6929.0,0.0,0.0,2.004,2.004,0.0,0.0,0.0,0.0,69,0.0,-4.9503988099545695e+32,0.0,0.0,0.0,0.0,0.0,0.0,0.0,0,0,0,0.0,0.0,0.0,0.0,0.0,0.0,0.0,0.0,0.0,0.0,0.0,0.0,0.0,0.0,0.0,0.0,0,-107875648.0,69,0.0,138,0.0,2.012,ERR,ERR,ERR,ERR,ERR,ERR,ERR,ERR,ERR,ERR,ERR,ERR,ERR,ERR,ERR,ERR,ERR,ERR,ERR,ERR,ERR,ERR,ERR,ERR,ERR,ERR,ERR,ERR,ERR,ERR,ERR,ERR,ERR,ERR,ERR,ERR,ERR,ERR,ERR,ERR,ERR,ERR,ERR,ERR,ERR,ERR,ERR,ERR,ERR,ERR,ERR,ERR,ERR,ERR,ERR,ERR,ERR,ERR,ERR,ERR,ERR,ERR,ERR,ERR,ERR,ERR,ERR,60.0,60.0,35,0.0,0.0,0.0,0.0,0.0,0.0,0.0,0.0,0.0,0.0,0.0,0.0,0.0,0.0,0.0,0.0,65.2,0,115,56,39,65476,0,300,0,0,8,20529,65476,0,0,2621,60.0,0.0,0.0,0.0,0.0,0.0
2026-07-09T15:15:55,ERR,ERR,ERR,ERR,ERR,ERR,ERR,ERR,ERR,ERR,ERR,ERR,ERR,ERR,ERR,ERR,ERR,ERR,ERR,ERR,ERR,ERR,ERR,ERR,ERR,ERR,ERR,ERR,ERR,ERR,ERR,ERR,ERR,ERR,ERR,ERR,ERR,ERR,ERR,ERR,ERR,ERR,ERR,ERR,ERR,ERR,ERR,ERR,ERR,ERR,ERR,ERR,ERR,ERR,ERR,ERR,ERR,ERR,ERR,ERR,ERR,ERR,ERR,ERR,ERR,ERR,ERR,ERR,ERR,ERR,ERR,ERR,ERR,ERR,ERR,ERR,ERR,ERR,ERR,ERR,ERR,ERR,ERR,ERR,ERR,ERR,ERR,ERR,ERR,ERR,ERR,ERR,ERR,ERR,ERR,ERR,ERR,ERR,ERR,ERR,ERR,ERR,ERR,ERR,ERR,ERR,ERR,ERR,ERR,ERR,ERR,ERR,ERR,ERR,ERR,ERR,ERR,ERR,ERR,ERR,ERR,ERR,ERR,ERR,ERR,0.0,0.0,-107614880.0,-0.0,0.0,31783703805952.0,-0.0,-221460856832.0,0,0,4,17427,7116,0.0,100,0.0,0.0,-0.0,0.0,0.0,0,0,0,0,0.0,0,0,0,0,0,0,0,0,0,0,0,0,0,0,0,0,0,0,0,0,0,0,0,0,0,0,0,0,0,0,0,0,0,31,40,40,71,65476,0,300,0,0,8,21553,0.0,-107605600.0,0.0,0.0,0.0,0.0,0.0,0.0,0.0,0.0,0.0,0.0,0.0,0.0,0.0,0.0,0.0,0.0,0.0,0.0,0.0,0.0,-0.0,-3.697067826173549e+19,0.0,0.0,0.0,0.0,0.0,0.0,4841.0,-0.0,6929.0,0.0,0.0,2.004,2.004,0.0,0.0,0.0,0.0,69,0.0,-4.9503988099545695e+32,0.0,0.0,0.0,0.0,0.0,0.0,0.0,0,0,0,0.0,0.0,0.0,0.0,0.0,0.0,0.0,0.0,0.0,0.0,0.0,0.0,0.0,0.0,0.0,0.0,0,-107875648.0,69,0.0,138,0.0,2.012,ERR,ERR,ERR,ERR,ERR,ERR,ERR,ERR,ERR,ERR,ERR,ERR,ERR,ERR,ERR,ERR,ERR,ERR,ERR,ERR,ERR,ERR,ERR,ERR,ERR,ERR,ERR,ERR,ERR,ERR,ERR,ERR,ERR,ERR,ERR,ERR,ERR,ERR,ERR,ERR,ERR,ERR,ERR,ERR,ERR,ERR,ERR,ERR,ERR,ERR,ERR,ERR,ERR,ERR,ERR,ERR,ERR,ERR,ERR,ERR,ERR,ERR,ERR,ERR,ERR,ERR,ERR,60.0,60.0,35,0.0,0.0,0.0,0.0,0.0,0.0,0.0,0.0,0.0,0.0,0.0,0.0,0.0,0.0,0.0,0.0,65.2,0,115,56,39,65476,0,300,0,0,8,20529,65476,0,0,2621,60.0,0.0,0.0,0.0,0.0,0.0
2026-07-09T15:15:56,ERR,ERR,ERR,ERR,ERR,ERR,ERR,ERR,ERR,ERR,ERR,ERR,ERR,ERR,ERR,ERR,ERR,ERR,ERR,ERR,ERR,ERR,ERR,ERR,ERR,ERR,ERR,ERR,ERR,ERR,ERR,ERR,ERR,ERR,ERR,ERR,ERR,ERR,ERR,ERR,ERR,ERR,ERR,ERR,ERR,ERR,ERR,ERR,ERR,ERR,ERR,ERR,ERR,ERR,ERR,ERR,ERR,ERR,ERR,ERR,ERR,ERR,ERR,ERR,ERR,ERR,ERR,ERR,ERR,ERR,ERR,ERR,ERR,ERR,ERR,ERR,ERR,ERR,ERR,ERR,ERR,ERR,ERR,ERR,ERR,ERR,ERR,ERR,ERR,ERR,ERR,ERR,ERR,ERR,ERR,ERR,ERR,ERR,ERR,ERR,ERR,ERR,ERR,ERR,ERR,ERR,ERR,ERR,ERR,ERR,ERR,ERR,ERR,ERR,ERR,ERR,ERR,ERR,ERR,ERR,ERR,ERR,ERR,ERR,ERR,0.0,0.0,-107614880.0,-0.0,0.0,31783703805952.0,-0.0,-221460856832.0,0,0,4,17427,7116,0.0,100,0.0,0.0,-0.0,0.0,0.0,0,0,0,0,0.0,0,0,0,0,0,0,0,0,0,0,0,0,0,0,0,0,0,0,0,0,0,0,0,0,0,0,0,0,0,0,0,0,0,31,40,40,71,65476,0,300,0,0,8,21553,0.0,-107605600.0,0.0,0.0,0.0,0.0,0.0,0.0,0.0,0.0,0.0,0.0,0.0,0.0,0.0,0.0,0.0,0.0,0.0,0.0,0.0,0.0,-0.0,-3.697067826173549e+19,0.0,0.0,0.0,0.0,0.0,0.0,4841.0,-0.0,6929.0,0.0,0.0,2.004,2.004,0.0,0.0,0.0,0.0,69,0.0,-4.9503988099545695e+32,0.0,0.0,0.0,0.0,0.0,0.0,0.0,0,0,0,0.0,0.0,0.0,0.0,0.0,0.0,0.0,0.0,0.0,0.0,0.0,0.0,0.0,0.0,0.0,0.0,0,-107875648.0,69,0.0,138,0.0,2.012,ERR,ERR,ERR,ERR,ERR,ERR,ERR,ERR,ERR,ERR,ERR,ERR,ERR,ERR,ERR,ERR,ERR,ERR,ERR,ERR,ERR,ERR,ERR,ERR,ERR,ERR,ERR,ERR,ERR,ERR,ERR,ERR,ERR,ERR,ERR,ERR,ERR,ERR,ERR,ERR,ERR,ERR,ERR,ERR,ERR,ERR,ERR,ERR,ERR,ERR,ERR,ERR,ERR,ERR,ERR,ERR,ERR,ERR,ERR,ERR,ERR,ERR,ERR,ERR,ERR,ERR,ERR,60.0,60.0,35,0.0,0.0,0.0,0.0,0.0,0.0,0.0,0.0,0.0,0.0,0.0,0.0,0.0,0.0,0.0,0.0,65.2,0,115,56,39,65476,0,300,0,0,8,20529,65476,0,0,2621,60.0,0.0,0.0,0.0,0.0,0.0
2026-07-09T15:15:57,ERR,ERR,ERR,ERR,ERR,ERR,ERR,ERR,ERR,ERR,ERR,ERR,ERR,ERR,ERR,ERR,ERR,ERR,ERR,ERR,ERR,ERR,ERR,ERR,ERR,ERR,ERR,ERR,ERR,ERR,ERR,ERR,ERR,ERR,ERR,ERR,ERR,ERR,ERR,ERR,ERR,ERR,ERR,ERR,ERR,ERR,ERR,ERR,ERR,ERR,ERR,ERR,ERR,ERR,ERR,ERR,ERR,ERR,ERR,ERR,ERR,ERR,ERR,ERR,ERR,ERR,ERR,ERR,ERR,ERR,ERR,ERR,ERR,ERR,ERR,ERR,ERR,ERR,ERR,ERR,ERR,ERR,ERR,ERR,ERR,ERR,ERR,ERR,ERR,ERR,ERR,ERR,ERR,ERR,ERR,ERR,ERR,ERR,ERR,ERR,ERR,ERR,ERR,ERR,ERR,ERR,ERR,ERR,ERR,ERR,ERR,ERR,ERR,ERR,ERR,ERR,ERR,ERR,ERR,ERR,ERR,ERR,ERR,ERR,ERR,0.0,0.0,-107614880.0,-0.0,0.0,31783703805952.0,-0.0,-221460856832.0,0,0,4,17427,7116,0.0,100,0.0,0.0,-0.0,0.0,0.0,0,0,0,0,0.0,0,0,0,0,0,0,0,0,0,0,0,0,0,0,0,0,0,0,0,0,0,0,0,0,0,0,0,0,0,0,0,0,0,31,40,40,71,65476,0,300,0,0,8,21553,0.0,-107605600.0,0.0,0.0,0.0,0.0,0.0,0.0,0.0,0.0,0.0,0.0,0.0,0.0,0.0,0.0,0.0,0.0,0.0,0.0,0.0,0.0,-0.0,-3.697067826173549e+19,0.0,0.0,0.0,0.0,0.0,0.0,4841.0,-0.0,6929.0,0.0,0.0,2.004,2.004,0.0,0.0,0.0,0.0,69,0.0,-4.9503988099545695e+32,0.0,0.0,0.0,0.0,0.0,0.0,0.0,0,0,0,0.0,0.0,0.0,0.0,0.0,0.0,0.0,0.0,0.0,0.0,0.0,0.0,0.0,0.0,0.0,0.0,0,-107875648.0,69,0.0,138,0.0,2.012,ERR,ERR,ERR,ERR,ERR,ERR,ERR,ERR,ERR,ERR,ERR,ERR,ERR,ERR,ERR,ERR,ERR,ERR,ERR,ERR,ERR,ERR,ERR,ERR,ERR,ERR,ERR,ERR,ERR,ERR,ERR,ERR,ERR,ERR,ERR,ERR,ERR,ERR,ERR,ERR,ERR,ERR,ERR,ERR,ERR,ERR,ERR,ERR,ERR,ERR,ERR,ERR,ERR,ERR,ERR,ERR,ERR,ERR,ERR,ERR,ERR,ERR,ERR,ERR,ERR,ERR,ERR,60.0,60.0,35,0.0,0.0,0.0,0.0,0.0,0.0,0.0,0.0,0.0,0.0,0.0,0.0,0.0,0.0,0.0,0.0,65.2,0,115,56,39,65476,0,300,0,0,8,20529,65476,0,0,2621,60.0,0.0,0.0,0.0,0.0,0.0
2026-07-09T15:15:58,ERR,ERR,ERR,ERR,ERR,ERR,ERR,ERR,ERR,ERR,ERR,ERR,ERR,ERR,ERR,ERR,ERR,ERR,ERR,ERR,ERR,ERR,ERR,ERR,ERR,ERR,ERR,ERR,ERR,ERR,ERR,ERR,ERR,ERR,ERR,ERR,ERR,ERR,ERR,ERR,ERR,ERR,ERR,ERR,ERR,ERR,ERR,ERR,ERR,ERR,ERR,ERR,ERR,ERR,ERR,ERR,ERR,ERR,ERR,ERR,ERR,ERR,ERR,ERR,ERR,ERR,ERR,ERR,ERR,ERR,ERR,ERR,ERR,ERR,ERR,ERR,ERR,ERR,ERR,ERR,ERR,ERR,ERR,ERR,ERR,ERR,ERR,ERR,ERR,ERR,ERR,ERR,ERR,ERR,ERR,ERR,ERR,ERR,ERR,ERR,ERR,ERR,ERR,ERR,ERR,ERR,ERR,ERR,ERR,ERR,ERR,ERR,ERR,ERR,ERR,ERR,ERR,ERR,ERR,ERR,ERR,ERR,ERR,ERR,ERR,0.0,2.71844587353878e+23,-0.0,0.0,4.822167691764056e+24,66389772.0,-0.0,-0.0,0,0,4,17427,7116,0.0,100,0.0,0.0,0.0,0.0,0.0,0,0,0,0,0.0,0,0,0,0,0,0,0,0,0,0,0,0,0,0,0,0,0,0,0,0,0,0,0,0,0,0,0,0,0,0,0,0,0,31,40,40,71,65476,0,300,0,0,8,21553,0.0,-107605600.0,0.0,0.0,0.0,0.0,0.0,0.0,0.0,0.0,0.0,0.0,0.0,0.0,0.0,0.0,0.0,0.0,0.0,0.0,0.0,0.0,-0.0,0.0,0.0,0.0,0.0,0.0,0.0,0.0,4847.0,2.422986463380401e+24,6925.0,0.0,2.71844587353878e+23,2.004,2.004,0.0,0.0,0.0,0.0,69,89220.562,-107614728.0,0.0,0.0,0.0,0.0,0.0,0.0,0.0,0,0,0,0.0,0.0,0.0,0.0,0.0,0.0,0.0,0.0,0.0,0.0,0.0,0.0,0.0,0.0,0.0,0.0,0,-107875648.0,69,0.0,138,0.0,2.012,ERR,ERR,ERR,ERR,ERR,ERR,ERR,ERR,ERR,ERR,ERR,ERR,ERR,ERR,ERR,ERR,ERR,ERR,ERR,ERR,ERR,ERR,ERR,ERR,ERR,ERR,ERR,ERR,ERR,ERR,ERR,ERR,ERR,ERR,ERR,ERR,ERR,ERR,ERR,ERR,ERR,ERR,ERR,ERR,ERR,ERR,ERR,ERR,ERR,ERR,ERR,ERR,ERR,ERR,ERR,ERR,ERR,ERR,ERR,ERR,ERR,ERR,ERR,ERR,ERR,ERR,ERR,60.0,60.0,35,0.0,0.0,0.0,0.0,0.0,0.0,0.0,0.0,0.0,0.0,0.0,0.0,0.0,0.0,0.0,0.0,65.2,0,115,56,39,65476,0,300,0,0,8,20529,65476,0,0,2621,60.0,0.0,0.0,0.0,0.0,0.0
2026-07-09T15:15:59,ERR,ERR,ERR,ERR,ERR,ERR,ERR,ERR,ERR,ERR,ERR,ERR,ERR,ERR,ERR,ERR,ERR,ERR,ERR,ERR,ERR,ERR,ERR,ERR,ERR,ERR,ERR,ERR,ERR,ERR,ERR,ERR,ERR,ERR,ERR,ERR,ERR,ERR,ERR,ERR,ERR,ERR,ERR,ERR,ERR,ERR,ERR,ERR,ERR,ERR,ERR,ERR,ERR,ERR,ERR,ERR,ERR,ERR,ERR,ERR,ERR,ERR,ERR,ERR,ERR,ERR,ERR,ERR,ERR,ERR,ERR,ERR,ERR,ERR,ERR,ERR,ERR,ERR,ERR,ERR,ERR,ERR,ERR,ERR,ERR,ERR,ERR,ERR,ERR,ERR,ERR,ERR,ERR,ERR,ERR,ERR,ERR,ERR,ERR,ERR,ERR,ERR,ERR,ERR,ERR,ERR,ERR,ERR,ERR,ERR,ERR,ERR,ERR,ERR,ERR,ERR,ERR,ERR,ERR,ERR,ERR,ERR,ERR,ERR,ERR,0.0,2.71844587353878e+23,-0.0,0.0,4.822167691764056e+24,66389772.0,-0.0,-0.0,0,0,4,17427,7116,0.0,100,0.0,0.0,0.0,0.0,0.0,0,0,0,0,0.0,0,0,0,0,0,0,0,0,0,0,0,0,0,0,0,0,0,0,0,0,0,0,0,0,0,0,0,0,0,0,0,0,0,31,40,40,71,65476,0,300,0,0,8,21553,0.0,-107605600.0,0.0,0.0,0.0,0.0,0.0,0.0,0.0,0.0,0.0,0.0,0.0,0.0,0.0,0.0,0.0,0.0,0.0,0.0,0.0,0.0,-0.0,0.0,0.0,0.0,0.0,0.0,0.0,0.0,4847.0,2.422986463380401e+24,6925.0,0.0,2.71844587353878e+23,2.004,2.004,0.0,0.0,0.0,0.0,69,89220.562,-107614728.0,0.0,0.0,0.0,0.0,0.0,0.0,0.0,0,0,0,0.0,0.0,0.0,0.0,0.0,0.0,0.0,0.0,0.0,0.0,0.0,0.0,0.0,0.0,0.0,0.0,0,-107875648.0,69,0.0,138,0.0,2.012,ERR,ERR,ERR,ERR,ERR,ERR,ERR,ERR,ERR,ERR,ERR,ERR,ERR,ERR,ERR,ERR,ERR,ERR,ERR,ERR,ERR,ERR,ERR,ERR,ERR,ERR,ERR,ERR,ERR,ERR,ERR,ERR,ERR,ERR,ERR,ERR,ERR,ERR,ERR,ERR,ERR,ERR,ERR,ERR,ERR,ERR,ERR,ERR,ERR,ERR,ERR,ERR,ERR,ERR,ERR,ERR,ERR,ERR,ERR,ERR,ERR,ERR,ERR,ERR,ERR,ERR,ERR,60.0,60.0,35,0.0,0.0,0.0,0.0,0.0,0.0,0.0,0.0,0.0,0.0,0.0,0.0,0.0,0.0,0.0,0.0,65.2,0,115,56,39,65476,0,300,0,0,8,20529,65476,0,0,2621,60.0,0.0,0.0,0.0,0.0,0.0
2026-07-09T15:16:00,ERR,ERR,ERR,ERR,ERR,ERR,ERR,ERR,ERR,ERR,ERR,ERR,ERR,ERR,ERR,ERR,ERR,ERR,ERR,ERR,ERR,ERR,ERR,ERR,ERR,ERR,ERR,ERR,ERR,ERR,ERR,ERR,ERR,ERR,ERR,ERR,ERR,ERR,ERR,ERR,ERR,ERR,ERR,ERR,ERR,ERR,ERR,ERR,ERR,ERR,ERR,ERR,ERR,ERR,ERR,ERR,ERR,ERR,ERR,ERR,ERR,ERR,ERR,ERR,ERR,ERR,ERR,ERR,ERR,ERR,ERR,ERR,ERR,ERR,ERR,ERR,ERR,ERR,ERR,ERR,ERR,ERR,ERR,ERR,ERR,ERR,ERR,ERR,ERR,ERR,ERR,ERR,ERR,ERR,ERR,ERR,ERR,ERR,ERR,ERR,ERR,ERR,ERR,ERR,ERR,ERR,ERR,ERR,ERR,ERR,ERR,ERR,ERR,ERR,ERR,ERR,ERR,ERR,ERR,ERR,ERR,ERR,ERR,ERR,ERR,0.0,2.71844587353878e+23,-0.0,0.0,4.822167691764056e+24,66389772.0,-0.0,-0.0,0,0,4,17427,7116,0.0,100,0.0,0.0,0.0,0.0,0.0,0,0,0,0,0.0,0,0,0,0,0,0,0,0,0,0,0,0,0,0,0,0,0,0,0,0,0,0,0,0,0,0,0,0,0,0,0,0,0,31,40,40,71,65476,0,300,0,0,8,21553,0.0,-107605600.0,0.0,0.0,0.0,0.0,0.0,0.0,0.0,0.0,0.0,0.0,0.0,0.0,0.0,0.0,0.0,0.0,0.0,0.0,0.0,0.0,-0.0,0.0,0.0,0.0,0.0,0.0,0.0,0.0,4847.0,2.422986463380401e+24,6925.0,0.0,2.71844587353878e+23,2.004,2.004,0.0,0.0,0.0,0.0,69,89220.562,-107614728.0,0.0,0.0,0.0,0.0,0.0,0.0,0.0,0,0,0,0.0,0.0,0.0,0.0,0.0,0.0,0.0,0.0,0.0,0.0,0.0,0.0,0.0,0.0,0.0,0.0,0,-107875648.0,69,0.0,138,0.0,2.012,ERR,ERR,ERR,ERR,ERR,ERR,ERR,ERR,ERR,ERR,ERR,ERR,ERR,ERR,ERR,ERR,ERR,ERR,ERR,ERR,ERR,ERR,ERR,ERR,ERR,ERR,ERR,ERR,ERR,ERR,ERR,ERR,ERR,ERR,ERR,ERR,ERR,ERR,ERR,ERR,ERR,ERR,ERR,ERR,ERR,ERR,ERR,ERR,ERR,ERR,ERR,ERR,ERR,ERR,ERR,ERR,ERR,ERR,ERR,ERR,ERR,ERR,ERR,ERR,ERR,ERR,ERR,60.0,60.0,35,0.0,0.0,0.0,0.0,0.0,0.0,0.0,0.0,0.0,0.0,0.0,0.0,0.0,0.0,0.0,0.0,65.2,0,115,56,39,65476,0,300,0,0,8,20529,65476,0,0,2621,60.0,0.0,0.0,0.0,0.0,0.0
2026-07-09T15:16:01,ERR,ERR,ERR,ERR,ERR,ERR,ERR,ERR,ERR,ERR,ERR,ERR,ERR,ERR,ERR,ERR,ERR,ERR,ERR,ERR,ERR,ERR,ERR,ERR,ERR,ERR,ERR,ERR,ERR,ERR,ERR,ERR,ERR,ERR,ERR,ERR,ERR,ERR,ERR,ERR,ERR,ERR,ERR,ERR,ERR,ERR,ERR,ERR,ERR,ERR,ERR,ERR,ERR,ERR,ERR,ERR,ERR,ERR,ERR,ERR,ERR,ERR,ERR,ERR,ERR,ERR,ERR,ERR,ERR,ERR,ERR,ERR,ERR,ERR,ERR,ERR,ERR,ERR,ERR,ERR,ERR,ERR,ERR,ERR,ERR,ERR,ERR,ERR,ERR,ERR,ERR,ERR,ERR,ERR,ERR,ERR,ERR,ERR,ERR,ERR,ERR,ERR,ERR,ERR,ERR,ERR,ERR,ERR,ERR,ERR,ERR,ERR,ERR,ERR,ERR,ERR,ERR,ERR,ERR,ERR,ERR,ERR,ERR,ERR,ERR,0.0,2.71844587353878e+23,-0.0,0.0,4.822167691764056e+24,66389772.0,-0.0,-0.0,0,0,4,17427,7116,0.0,100,0.0,0.0,0.0,0.0,0.0,0,0,0,0,0.0,0,0,0,0,0,0,0,0,0,0,0,0,0,0,0,0,0,0,0,0,0,0,0,0,0,0,0,0,0,0,0,0,0,31,40,40,71,65476,0,300,0,0,8,21553,0.0,-107605600.0,0.0,0.0,0.0,0.0,0.0,0.0,0.0,0.0,0.0,0.0,0.0,0.0,0.0,0.0,0.0,0.0,0.0,0.0,0.0,0.0,-0.0,0.0,0.0,0.0,0.0,0.0,0.0,0.0,4847.0,2.422986463380401e+24,6925.0,0.0,2.71844587353878e+23,2.004,2.004,0.0,0.0,0.0,0.0,69,89220.562,-107614728.0,0.0,0.0,0.0,0.0,0.0,0.0,0.0,0,0,0,0.0,0.0,0.0,0.0,0.0,0.0,0.0,0.0,0.0,0.0,0.0,0.0,0.0,0.0,0.0,0.0,0,-107875648.0,69,0.0,138,0.0,2.012,ERR,ERR,ERR,ERR,ERR,ERR,ERR,ERR,ERR,ERR,ERR,ERR,ERR,ERR,ERR,ERR,ERR,ERR,ERR,ERR,ERR,ERR,ERR,ERR,ERR,ERR,ERR,ERR,ERR,ERR,ERR,ERR,ERR,ERR,ERR,ERR,ERR,ERR,ERR,ERR,ERR,ERR,ERR,ERR,ERR,ERR,ERR,ERR,ERR,ERR,ERR,ERR,ERR,ERR,ERR,ERR,ERR,ERR,ERR,ERR,ERR,ERR,ERR,ERR,ERR,ERR,ERR,60.0,60.0,35,0.0,0.0,0.0,0.0,0.0,0.0,0.0,0.0,0.0,0.0,0.0,0.0,0.0,0.0,0.0,0.0,65.6,0,115,56,39,65476,0,300,0,0,8,20529,65476,0,0,2621,60.0,0.0,0.0,0.0,0.0,0.0
2026-07-09T15:16:02,ERR,ERR,ERR,ERR,ERR,ERR,ERR,ERR,ERR,ERR,ERR,ERR,ERR,ERR,ERR,ERR,ERR,ERR,ERR,ERR,ERR,ERR,ERR,ERR,ERR,ERR,ERR,ERR,ERR,ERR,ERR,ERR,ERR,ERR,ERR,ERR,ERR,ERR,ERR,ERR,ERR,ERR,ERR,ERR,ERR,ERR,ERR,ERR,ERR,ERR,ERR,ERR,ERR,ERR,ERR,ERR,ERR,ERR,ERR,ERR,ERR,ERR,ERR,ERR,ERR,ERR,ERR,ERR,ERR,ERR,ERR,ERR,ERR,ERR,ERR,ERR,ERR,ERR,ERR,ERR,ERR,ERR,ERR,ERR,ERR,ERR,ERR,ERR,ERR,ERR,ERR,ERR,ERR,ERR,ERR,ERR,ERR,ERR,ERR,ERR,ERR,ERR,ERR,ERR,ERR,ERR,ERR,ERR,ERR,ERR,ERR,ERR,ERR,ERR,ERR,ERR,ERR,ERR,ERR,ERR,ERR,ERR,ERR,ERR,ERR,0.0,2.71844587353878e+23,-0.0,0.0,4.822167691764056e+24,66389772.0,-0.0,-0.0,0,0,4,17427,7116,0.0,100,0.0,0.0,0.0,0.0,0.0,0,0,0,0,0.0,0,0,0,0,0,0,0,0,0,0,0,0,0,0,0,0,0,0,0,0,0,0,0,0,0,0,0,0,0,0,0,0,0,31,40,40,71,65476,0,300,0,0,8,21553,0.0,-107605600.0,0.0,0.0,0.0,0.0,0.0,0.0,0.0,0.0,0.0,0.0,0.0,0.0,0.0,0.0,0.0,0.0,0.0,0.0,0.0,0.0,-0.0,0.0,0.0,0.0,0.0,0.0,0.0,0.0,4847.0,2.422986463380401e+24,6925.0,0.0,2.71844587353878e+23,2.004,2.004,0.0,0.0,0.0,0.0,69,89220.562,-107614728.0,0.0,0.0,0.0,0.0,0.0,0.0,0.0,0,0,0,0.0,0.0,0.0,0.0,0.0,0.0,0.0,0.0,0.0,0.0,0.0,0.0,0.0,0.0,0.0,0.0,0,-107875648.0,69,0.0,138,0.0,2.012,ERR,ERR,ERR,ERR,ERR,ERR,ERR,ERR,ERR,ERR,ERR,ERR,ERR,ERR,ERR,ERR,ERR,ERR,ERR,ERR,ERR,ERR,ERR,ERR,ERR,ERR,ERR,ERR,ERR,ERR,ERR,ERR,ERR,ERR,ERR,ERR,ERR,ERR,ERR,ERR,ERR,ERR,ERR,ERR,ERR,ERR,ERR,ERR,ERR,ERR,ERR,ERR,ERR,ERR,ERR,ERR,ERR,ERR,ERR,ERR,ERR,ERR,ERR,ERR,ERR,ERR,ERR,60.0,60.0,35,0.0,0.0,0.0,0.0,0.0,0.0,0.0,0.0,0.0,0.0,0.0,0.0,0.0,0.0,0.0,0.0,65.6,0,115,56,39,65476,0,300,0,0,8,20529,65476,0,0,2621,60.0,0.0,0.0,0.0,0.0,0.0
2026-07-09T15:16:03,ERR,ERR,ERR,ERR,ERR,ERR,ERR,ERR,ERR,ERR,ERR,ERR,ERR,ERR,ERR,ERR,ERR,ERR,ERR,ERR,ERR,ERR,ERR,ERR,ERR,ERR,ERR,ERR,ERR,ERR,ERR,ERR,ERR,ERR,ERR,ERR,ERR,ERR,ERR,ERR,ERR,ERR,ERR,ERR,ERR,ERR,ERR,ERR,ERR,ERR,ERR,ERR,ERR,ERR,ERR,ERR,ERR,ERR,ERR,ERR,ERR,ERR,ERR,ERR,ERR,ERR,ERR,ERR,ERR,ERR,ERR,ERR,ERR,ERR,ERR,ERR,ERR,ERR,ERR,ERR,ERR,ERR,ERR,ERR,ERR,ERR,ERR,ERR,ERR,ERR,ERR,ERR,ERR,ERR,ERR,ERR,ERR,ERR,ERR,ERR,ERR,ERR,ERR,ERR,ERR,ERR,ERR,ERR,ERR,ERR,ERR,ERR,ERR,ERR,ERR,ERR,ERR,ERR,ERR,ERR,ERR,ERR,ERR,ERR,ERR,-107615152.0,-0.0,2.7302258490121003e+23,2.718366610185338e+23,-0.0,0.0,9258915.0,-0.0,0,0,4,17427,7116,0.0,100,0.0,0.0,2.718366610185338e+23,0.0,0.0,0,0,0,0,0.0,0,0,0,0,0,0,0,0,0,0,0,0,0,0,0,0,0,0,0,0,0,0,0,0,0,0,0,0,0,0,0,0,0,31,40,40,71,65476,0,300,0,0,8,21553,0.0,-107605600.0,0.0,0.0,0.0,0.0,0.0,0.0,0.0,0.0,0.0,0.0,0.0,0.0,0.0,0.0,0.0,0.0,0.0,0.0,0.0,0.0,2.004,0.0,0.0,0.0,0.0,0.0,0.0,0.0,4834.0,-2.004,6936.0,-107615152.0,-0.0,2.004,2.004,0.0,0.0,0.0,0.0,69,-0.0,0.059,0.0,0.0,0.0,0.0,0.0,0.0,0.0,0,0,0,0.0,0.0,0.0,0.0,0.0,0.0,0.0,0.0,0.0,0.0,0.0,0.0,0.0,0.0,0.0,0.0,0,-107875648.0,69,0.0,138,0.0,2.012,ERR,ERR,ERR,ERR,ERR,ERR,ERR,ERR,ERR,ERR,ERR,ERR,ERR,ERR,ERR,ERR,ERR,ERR,ERR,ERR,ERR,ERR,ERR,ERR,ERR,ERR,ERR,ERR,ERR,ERR,ERR,ERR,ERR,ERR,ERR,ERR,ERR,ERR,ERR,ERR,ERR,ERR,ERR,ERR,ERR,ERR,ERR,ERR,ERR,ERR,ERR,ERR,ERR,ERR,ERR,ERR,ERR,ERR,ERR,ERR,ERR,ERR,ERR,ERR,ERR,ERR,ERR,60.0,60.0,35,0.0,0.0,0.0,0.0,0.0,0.0,0.0,0.0,0.0,0.0,0.0,0.0,0.0,0.0,0.0,0.0,65.2,0,115,55,39,65476,0,300,0,0,8,20529,65476,0,0,2621,60.0,0.0,0.0,0.0,0.0,0.0
2026-07-09T15:16:04,ERR,ERR,ERR,ERR,ERR,ERR,ERR,ERR,ERR,ERR,ERR,ERR,ERR,ERR,ERR,ERR,ERR,ERR,ERR,ERR,ERR,ERR,ERR,ERR,ERR,ERR,ERR,ERR,ERR,ERR,ERR,ERR,ERR,ERR,ERR,ERR,ERR,ERR,ERR,ERR,ERR,ERR,ERR,ERR,ERR,ERR,ERR,ERR,ERR,ERR,ERR,ERR,ERR,ERR,ERR,ERR,ERR,ERR,ERR,ERR,ERR,ERR,ERR,ERR,ERR,ERR,ERR,ERR,ERR,ERR,ERR,ERR,ERR,ERR,ERR,ERR,ERR,ERR,ERR,ERR,ERR,ERR,ERR,ERR,ERR,ERR,ERR,ERR,ERR,ERR,ERR,ERR,ERR,ERR,ERR,ERR,ERR,ERR,ERR,ERR,ERR,ERR,ERR,ERR,ERR,ERR,ERR,ERR,ERR,ERR,ERR,ERR,ERR,ERR,ERR,ERR,ERR,ERR,ERR,ERR,ERR,ERR,ERR,ERR,ERR,-107615152.0,-0.0,2.7302258490121003e+23,2.718366610185338e+23,-0.0,0.0,9258915.0,-0.0,0,0,4,17427,7116,0.0,100,0.0,0.0,2.718366610185338e+23,0.0,0.0,0,0,0,0,0.0,0,0,0,0,0,0,0,0,0,0,0,0,0,0,0,0,0,0,0,0,0,0,0,0,0,0,0,0,0,0,0,0,0,31,40,40,71,65476,0,300,0,0,8,21553,0.0,-107605600.0,0.0,0.0,0.0,0.0,0.0,0.0,0.0,0.0,0.0,0.0,0.0,0.0,0.0,0.0,0.0,0.0,0.0,0.0,0.0,0.0,2.004,0.0,0.0,0.0,0.0,0.0,0.0,0.0,4834.0,-2.004,6936.0,-107615152.0,-0.0,2.004,2.004,0.0,0.0,0.0,0.0,69,-0.0,0.059,0.0,0.0,0.0,0.0,0.0,0.0,0.0,0,0,0,0.0,0.0,0.0,0.0,0.0,0.0,0.0,0.0,0.0,0.0,0.0,0.0,0.0,0.0,0.0,0.0,0,-107875648.0,69,0.0,138,0.0,2.012,ERR,ERR,ERR,ERR,ERR,ERR,ERR,ERR,ERR,ERR,ERR,ERR,ERR,ERR,ERR,ERR,ERR,ERR,ERR,ERR,ERR,ERR,ERR,ERR,ERR,ERR,ERR,ERR,ERR,ERR,ERR,ERR,ERR,ERR,ERR,ERR,ERR,ERR,ERR,ERR,ERR,ERR,ERR,ERR,ERR,ERR,ERR,ERR,ERR,ERR,ERR,ERR,ERR,ERR,ERR,ERR,ERR,ERR,ERR,ERR,ERR,ERR,ERR,ERR,ERR,ERR,ERR,60.0,60.0,35,0.0,0.0,0.0,0.0,0.0,0.0,0.0,0.0,0.0,0.0,0.0,0.0,0.0,0.0,0.0,0.0,65.2,0,115,55,39,65476,0,300,0,0,8,20529,65476,0,0,2621,60.0,0.0,0.0,0.0,0.0,0.0
2026-07-09T15:16:05,ERR,ERR,ERR,ERR,ERR,ERR,ERR,ERR,ERR,ERR,ERR,ERR,ERR,ERR,ERR,ERR,ERR,ERR,ERR,ERR,ERR,ERR,ERR,ERR,ERR,ERR,ERR,ERR,ERR,ERR,ERR,ERR,ERR,ERR,ERR,ERR,ERR,ERR,ERR,ERR,ERR,ERR,ERR,ERR,ERR,ERR,ERR,ERR,ERR,ERR,ERR,ERR,ERR,ERR,ERR,ERR,ERR,ERR,ERR,ERR,ERR,ERR,ERR,ERR,ERR,ERR,ERR,ERR,ERR,ERR,ERR,ERR,ERR,ERR,ERR,ERR,ERR,ERR,ERR,ERR,ERR,ERR,ERR,ERR,ERR,ERR,ERR,ERR,ERR,ERR,ERR,ERR,ERR,ERR,ERR,ERR,ERR,ERR,ERR,ERR,ERR,ERR,ERR,ERR,ERR,ERR,ERR,ERR,ERR,ERR,ERR,ERR,ERR,ERR,ERR,ERR,ERR,ERR,ERR,ERR,ERR,ERR,ERR,ERR,ERR,-107615152.0,-0.0,2.7302258490121003e+23,2.718366610185338e+23,-0.0,0.0,9258915.0,-0.0,0,0,4,17427,7116,0.0,100,0.0,0.0,2.718366610185338e+23,0.0,0.0,0,0,0,0,0.0,0,0,0,0,0,0,0,0,0,0,0,0,0,0,0,0,0,0,0,0,0,0,0,0,0,0,0,0,0,0,0,0,0,31,40,40,71,65476,0,300,0,0,8,21553,0.0,-107605600.0,0.0,0.0,0.0,0.0,0.0,0.0,0.0,0.0,0.0,0.0,0.0,0.0,0.0,0.0,0.0,0.0,0.0,0.0,0.0,0.0,2.004,0.0,0.0,0.0,0.0,0.0,0.0,0.0,4834.0,-2.004,6936.0,-107615152.0,-0.0,2.004,2.004,0.0,0.0,0.0,0.0,69,-0.0,0.059,0.0,0.0,0.0,0.0,0.0,0.0,0.0,0,0,0,0.0,0.0,0.0,0.0,0.0,0.0,0.0,0.0,0.0,0.0,0.0,0.0,0.0,0.0,0.0,0.0,0,-107875648.0,69,0.0,138,0.0,2.012,ERR,ERR,ERR,ERR,ERR,ERR,ERR,ERR,ERR,ERR,ERR,ERR,ERR,ERR,ERR,ERR,ERR,ERR,ERR,ERR,ERR,ERR,ERR,ERR,ERR,ERR,ERR,ERR,ERR,ERR,ERR,ERR,ERR,ERR,ERR,ERR,ERR,ERR,ERR,ERR,ERR,ERR,ERR,ERR,ERR,ERR,ERR,ERR,ERR,ERR,ERR,ERR,ERR,ERR,ERR,ERR,ERR,ERR,ERR,ERR,ERR,ERR,ERR,ERR,ERR,ERR,ERR,60.0,60.0,35,0.0,0.0,0.0,0.0,0.0,0.0,0.0,0.0,0.0,0.0,0.0,0.0,0.0,0.0,0.0,0.0,65.6,0,115,55,39,65476,0,300,0,0,8,20529,65476,0,0,2621,60.0,0.0,0.0,0.0,0.0,0.0
2026-07-09T15:16:06,ERR,ERR,ERR,ERR,ERR,ERR,ERR,ERR,ERR,ERR,ERR,ERR,ERR,ERR,ERR,ERR,ERR,ERR,ERR,ERR,ERR,ERR,ERR,ERR,ERR,ERR,ERR,ERR,ERR,ERR,ERR,ERR,ERR,ERR,ERR,ERR,ERR,ERR,ERR,ERR,ERR,ERR,ERR,ERR,ERR,ERR,ERR,ERR,ERR,ERR,ERR,ERR,ERR,ERR,ERR,ERR,ERR,ERR,ERR,ERR,ERR,ERR,ERR,ERR,ERR,ERR,ERR,ERR,ERR,ERR,ERR,ERR,ERR,ERR,ERR,ERR,ERR,ERR,ERR,ERR,ERR,ERR,ERR,ERR,ERR,ERR,ERR,ERR,ERR,ERR,ERR,ERR,ERR,ERR,ERR,ERR,ERR,ERR,ERR,ERR,ERR,ERR,ERR,ERR,ERR,ERR,ERR,ERR,ERR,ERR,ERR,ERR,ERR,ERR,ERR,ERR,ERR,ERR,ERR,ERR,ERR,ERR,ERR,ERR,ERR,-107615152.0,-0.0,2.7302258490121003e+23,2.718366610185338e+23,-0.0,0.0,9258915.0,-0.0,0,0,4,17427,7116,0.0,100,0.0,0.0,2.718366610185338e+23,0.0,0.0,0,0,0,0,0.0,0,0,0,0,0,0,0,0,0,0,0,0,0,0,0,0,0,0,0,0,0,0,0,0,0,0,0,0,0,0,0,0,0,31,40,40,71,65476,0,300,0,0,8,21553,0.0,-107605600.0,0.0,0.0,0.0,0.0,0.0,0.0,0.0,0.0,0.0,0.0,0.0,0.0,0.0,0.0,0.0,0.0,0.0,0.0,0.0,0.0,2.004,0.0,0.0,0.0,0.0,0.0,0.0,0.0,4834.0,-2.004,6936.0,-107615152.0,-0.0,2.004,2.004,0.0,0.0,0.0,0.0,69,-0.0,0.059,0.0,0.0,0.0,0.0,0.0,0.0,0.0,0,0,0,0.0,0.0,0.0,0.0,0.0,0.0,0.0,0.0,0.0,0.0,0.0,0.0,0.0,0.0,0.0,0.0,0,-107875648.0,69,0.0,138,0.0,2.012,ERR,ERR,ERR,ERR,ERR,ERR,ERR,ERR,ERR,ERR,ERR,ERR,ERR,ERR,ERR,ERR,ERR,ERR,ERR,ERR,ERR,ERR,ERR,ERR,ERR,ERR,ERR,ERR,ERR,ERR,ERR,ERR,ERR,ERR,ERR,ERR,ERR,ERR,ERR,ERR,ERR,ERR,ERR,ERR,ERR,ERR,ERR,ERR,ERR,ERR,ERR,ERR,ERR,ERR,ERR,ERR,ERR,ERR,ERR,ERR,ERR,ERR,ERR,ERR,ERR,ERR,ERR,60.0,60.0,35,0.0,0.0,0.0,0.0,0.0,0.0,0.0,0.0,0.0,0.0,0.0,0.0,0.0,0.0,0.0,0.0,65.6,0,115,55,39,65476,0,300,0,0,8,20529,65476,0,0,2621,60.0,0.0,0.0,0.0,0.0,0.0
2026-07-09T15:16:07,ERR,ERR,ERR,ERR,ERR,ERR,ERR,ERR,ERR,ERR,ERR,ERR,ERR,ERR,ERR,ERR,ERR,ERR,ERR,ERR,ERR,ERR,ERR,ERR,ERR,ERR,ERR,ERR,ERR,ERR,ERR,ERR,ERR,ERR,ERR,ERR,ERR,ERR,ERR,ERR,ERR,ERR,ERR,ERR,ERR,ERR,ERR,ERR,ERR,ERR,ERR,ERR,ERR,ERR,ERR,ERR,ERR,ERR,ERR,ERR,ERR,ERR,ERR,ERR,ERR,ERR,ERR,ERR,ERR,ERR,ERR,ERR,ERR,ERR,ERR,ERR,ERR,ERR,ERR,ERR,ERR,ERR,ERR,ERR,ERR,ERR,ERR,ERR,ERR,ERR,ERR,ERR,ERR,ERR,ERR,ERR,ERR,ERR,ERR,ERR,ERR,ERR,ERR,ERR,ERR,ERR,ERR,ERR,ERR,ERR,ERR,ERR,ERR,ERR,ERR,ERR,ERR,ERR,ERR,ERR,ERR,ERR,ERR,ERR,ERR,-107615152.0,-0.0,2.7302258490121003e+23,2.718366610185338e+23,-0.0,0.0,9258915.0,-0.0,0,0,4,17427,7116,0.0,100,0.0,0.0,2.718366610185338e+23,0.0,0.0,0,0,0,0,0.0,0,0,0,0,0,0,0,0,0,0,0,0,0,0,0,0,0,0,0,0,0,0,0,0,0,0,0,0,0,0,0,0,0,31,40,40,71,65476,0,300,0,0,8,21553,0.0,-107605600.0,0.0,0.0,0.0,0.0,0.0,0.0,0.0,0.0,0.0,0.0,0.0,0.0,0.0,0.0,0.0,0.0,0.0,0.0,0.0,0.0,2.004,0.0,0.0,0.0,0.0,0.0,0.0,0.0,4834.0,-2.004,6936.0,-107615152.0,-0.0,2.004,2.004,0.0,0.0,0.0,0.0,69,-0.0,0.059,0.0,0.0,0.0,0.0,0.0,0.0,0.0,0,0,0,0.0,0.0,0.0,0.0,0.0,0.0,0.0,0.0,0.0,0.0,0.0,0.0,0.0,0.0,0.0,0.0,0,-107875648.0,69,0.0,138,0.0,2.012,ERR,ERR,ERR,ERR,ERR,ERR,ERR,ERR,ERR,ERR,ERR,ERR,ERR,ERR,ERR,ERR,ERR,ERR,ERR,ERR,ERR,ERR,ERR,ERR,ERR,ERR,ERR,ERR,ERR,ERR,ERR,ERR,ERR,ERR,ERR,ERR,ERR,ERR,ERR,ERR,ERR,ERR,ERR,ERR,ERR,ERR,ERR,ERR,ERR,ERR,ERR,ERR,ERR,ERR,ERR,ERR,ERR,ERR,ERR,ERR,ERR,ERR,ERR,ERR,ERR,ERR,ERR,60.0,60.0,35,0.0,0.0,0.0,0.0,0.0,0.0,0.0,0.0,0.0,0.0,0.0,0.0,0.0,0.0,0.0,0.0,65.6,0,115,55,39,65476,0,300,0,0,8,20529,65476,0,0,2621,60.0,0.0,0.0,0.0,0.0,0.0
2026-07-09T15:16:08,ERR,ERR,ERR,ERR,ERR,ERR,ERR,ERR,ERR,ERR,ERR,ERR,ERR,ERR,ERR,ERR,ERR,ERR,ERR,ERR,ERR,ERR,ERR,ERR,ERR,ERR,ERR,ERR,ERR,ERR,ERR,ERR,ERR,ERR,ERR,ERR,ERR,ERR,ERR,ERR,ERR,ERR,ERR,ERR,ERR,ERR,ERR,ERR,ERR,ERR,ERR,ERR,ERR,ERR,ERR,ERR,ERR,ERR,ERR,ERR,ERR,ERR,ERR,ERR,ERR,ERR,ERR,ERR,ERR,ERR,ERR,ERR,ERR,ERR,ERR,ERR,ERR,ERR,ERR,ERR,ERR,ERR,ERR,ERR,ERR,ERR,ERR,ERR,ERR,ERR,ERR,ERR,ERR,ERR,ERR,ERR,ERR,ERR,ERR,ERR,ERR,ERR,ERR,ERR,ERR,ERR,ERR,ERR,ERR,ERR,ERR,ERR,ERR,ERR,ERR,ERR,ERR,ERR,ERR,ERR,ERR,ERR,ERR,ERR,ERR,2.7184256974124493e+23,-107616048.0,0.0,0.0,0.0,0.0,-1.3265790582925558e+18,0.0,0,0,4,17429,7116,0.0,100,0.0,0.0,0.0,0.0,0.0,0,0,0,0,0.0,0,0,0,0,0,0,0,0,0,0,0,0,0,0,0,0,0,0,0,0,0,0,0,0,0,0,0,0,0,0,0,0,0,31,40,40,71,65476,0,300,0,0,8,21553,0.0,-107605600.0,0.0,0.0,0.0,0.0,0.0,0.0,0.0,0.0,0.0,0.0,0.0,0.0,0.0,0.0,0.0,0.0,0.0,0.0,0.0,0.0,0.0,2.004,0.0,0.0,0.0,0.0,0.0,0.0,4861.0,-564145497833472.0,6941.0,2.7184256974124493e+23,0.0,2.004,2.004,0.0,0.0,0.0,0.0,69,-0.0,4.066851391278642e+29,0.0,0.0,0.0,0.0,0.0,0.0,0.0,0,0,0,0.0,0.0,0.0,0.0,0.0,0.0,0.0,0.0,0.0,0.0,0.0,0.0,0.0,0.0,0.0,0.0,0,-107875648.0,69,0.0,138,0.0,2.012,ERR,ERR,ERR,ERR,ERR,ERR,ERR,ERR,ERR,ERR,ERR,ERR,ERR,ERR,ERR,ERR,ERR,ERR,ERR,ERR,ERR,ERR,ERR,ERR,ERR,ERR,ERR,ERR,ERR,ERR,ERR,ERR,ERR,ERR,ERR,ERR,ERR,ERR,ERR,ERR,ERR,ERR,ERR,ERR,ERR,ERR,ERR,ERR,ERR,ERR,ERR,ERR,ERR,ERR,ERR,ERR,ERR,ERR,ERR,ERR,ERR,ERR,ERR,ERR,ERR,ERR,ERR,60.0,60.0,35,0.0,0.0,0.0,0.0,0.0,0.0,0.0,0.0,0.0,0.0,0.0,0.0,0.0,0.0,0.0,0.0,65.2,0,115,55,39,65476,0,300,0,0,8,20529,65476,0,0,2621,60.0,0.0,0.0,0.0,0.0,0.0
2026-07-09T15:16:09,ERR,ERR,ERR,ERR,ERR,ERR,ERR,ERR,ERR,ERR,ERR,ERR,ERR,ERR,ERR,ERR,ERR,ERR,ERR,ERR,ERR,ERR,ERR,ERR,ERR,ERR,ERR,ERR,ERR,ERR,ERR,ERR,ERR,ERR,ERR,ERR,ERR,ERR,ERR,ERR,ERR,ERR,ERR,ERR,ERR,ERR,ERR,ERR,ERR,ERR,ERR,ERR,ERR,ERR,ERR,ERR,ERR,ERR,ERR,ERR,ERR,ERR,ERR,ERR,ERR,ERR,ERR,ERR,ERR,ERR,ERR,ERR,ERR,ERR,ERR,ERR,ERR,ERR,ERR,ERR,ERR,ERR,ERR,ERR,ERR,ERR,ERR,ERR,ERR,ERR,ERR,ERR,ERR,ERR,ERR,ERR,ERR,ERR,ERR,ERR,ERR,ERR,ERR,ERR,ERR,ERR,ERR,ERR,ERR,ERR,ERR,ERR,ERR,ERR,ERR,ERR,ERR,ERR,ERR,ERR,ERR,ERR,ERR,ERR,ERR,2.7184256974124493e+23,-107616048.0,0.0,0.0,0.0,0.0,-1.3265790582925558e+18,0.0,0,0,4,17429,7116,0.0,100,0.0,0.0,0.0,0.0,0.0,0,0,0,0,0.0,0,0,0,0,0,0,0,0,0,0,0,0,0,0,0,0,0,0,0,0,0,0,0,0,0,0,0,0,0,0,0,0,0,31,40,40,71,65476,0,300,0,0,8,21553,0.0,-107605600.0,0.0,0.0,0.0,0.0,0.0,0.0,0.0,0.0,0.0,0.0,0.0,0.0,0.0,0.0,0.0,0.0,0.0,0.0,0.0,0.0,0.0,2.004,0.0,0.0,0.0,0.0,0.0,0.0,4861.0,-564145497833472.0,6941.0,2.7184256974124493e+23,0.0,2.004,2.004,0.0,0.0,0.0,0.0,69,-0.0,4.066851391278642e+29,0.0,0.0,0.0,0.0,0.0,0.0,0.0,0,0,0,0.0,0.0,0.0,0.0,0.0,0.0,0.0,0.0,0.0,0.0,0.0,0.0,0.0,0.0,0.0,0.0,0,-107875648.0,69,0.0,138,0.0,2.012,ERR,ERR,ERR,ERR,ERR,ERR,ERR,ERR,ERR,ERR,ERR,ERR,ERR,ERR,ERR,ERR,ERR,ERR,ERR,ERR,ERR,ERR,ERR,ERR,ERR,ERR,ERR,ERR,ERR,ERR,ERR,ERR,ERR,ERR,ERR,ERR,ERR,ERR,ERR,ERR,ERR,ERR,ERR,ERR,ERR,ERR,ERR,ERR,ERR,ERR,ERR,ERR,ERR,ERR,ERR,ERR,ERR,ERR,ERR,ERR,ERR,ERR,ERR,ERR,ERR,ERR,ERR,60.0,60.0,35,0.0,0.0,0.0,0.0,0.0,0.0,0.0,0.0,0.0,0.0,0.0,0.0,0.0,0.0,0.0,0.0,65.2,0,115,55,39,65476,0,300,0,0,8,20529,65476,0,0,2621,60.0,0.0,0.0,0.0,0.0,0.0
2026-07-09T15:16:10,ERR,ERR,ERR,ERR,ERR,ERR,ERR,ERR,ERR,ERR,ERR,ERR,ERR,ERR,ERR,ERR,ERR,ERR,ERR,ERR,ERR,ERR,ERR,ERR,ERR,ERR,ERR,ERR,ERR,ERR,ERR,ERR,ERR,ERR,ERR,ERR,ERR,ERR,ERR,ERR,ERR,ERR,ERR,ERR,ERR,ERR,ERR,ERR,ERR,ERR,ERR,ERR,ERR,ERR,ERR,ERR,ERR,ERR,ERR,ERR,ERR,ERR,ERR,ERR,ERR,ERR,ERR,ERR,ERR,ERR,ERR,ERR,ERR,ERR,ERR,ERR,ERR,ERR,ERR,ERR,ERR,ERR,ERR,ERR,ERR,ERR,ERR,ERR,ERR,ERR,ERR,ERR,ERR,ERR,ERR,ERR,ERR,ERR,ERR,ERR,ERR,ERR,ERR,ERR,ERR,ERR,ERR,ERR,ERR,ERR,ERR,ERR,ERR,ERR,ERR,ERR,ERR,ERR,ERR,ERR,ERR,ERR,ERR,ERR,ERR,2.7184256974124493e+23,-107616048.0,0.0,0.0,0.0,0.0,-1.3265790582925558e+18,0.0,0,0,4,17429,7116,0.0,100,0.0,0.0,0.0,0.0,0.0,0,0,0,0,0.0,0,0,0,0,0,0,0,0,0,0,0,0,0,0,0,0,0,0,0,0,0,0,0,0,0,0,0,0,0,0,0,0,0,31,40,40,71,65476,0,300,0,0,8,21553,0.0,-107605600.0,0.0,0.0,0.0,0.0,0.0,0.0,0.0,0.0,0.0,0.0,0.0,0.0,0.0,0.0,0.0,0.0,0.0,0.0,0.0,0.0,0.0,2.004,0.0,0.0,0.0,0.0,0.0,0.0,4861.0,-564145497833472.0,6941.0,2.7184256974124493e+23,0.0,2.004,2.004,0.0,0.0,0.0,0.0,69,-0.0,4.066851391278642e+29,0.0,0.0,0.0,0.0,0.0,0.0,0.0,0,0,0,0.0,0.0,0.0,0.0,0.0,0.0,0.0,0.0,0.0,0.0,0.0,0.0,0.0,0.0,0.0,0.0,0,-107875648.0,69,0.0,138,0.0,2.012,ERR,ERR,ERR,ERR,ERR,ERR,ERR,ERR,ERR,ERR,ERR,ERR,ERR,ERR,ERR,ERR,ERR,ERR,ERR,ERR,ERR,ERR,ERR,ERR,ERR,ERR,ERR,ERR,ERR,ERR,ERR,ERR,ERR,ERR,ERR,ERR,ERR,ERR,ERR,ERR,ERR,ERR,ERR,ERR,ERR,ERR,ERR,ERR,ERR,ERR,ERR,ERR,ERR,ERR,ERR,ERR,ERR,ERR,ERR,ERR,ERR,ERR,ERR,ERR,ERR,ERR,ERR,60.0,60.0,35,0.0,0.0,0.0,0.0,0.0,0.0,0.0,0.0,0.0,0.0,0.0,0.0,0.0,0.0,0.0,0.0,65.2,0,115,55,39,65476,0,300,0,0,8,20529,65476,0,0,2621,60.0,0.0,0.0,0.0,0.0,0.0
2026-07-09T15:16:11,ERR,ERR,ERR,ERR,ERR,ERR,ERR,ERR,ERR,ERR,ERR,ERR,ERR,ERR,ERR,ERR,ERR,ERR,ERR,ERR,ERR,ERR,ERR,ERR,ERR,ERR,ERR,ERR,ERR,ERR,ERR,ERR,ERR,ERR,ERR,ERR,ERR,ERR,ERR,ERR,ERR,ERR,ERR,ERR,ERR,ERR,ERR,ERR,ERR,ERR,ERR,ERR,ERR,ERR,ERR,ERR,ERR,ERR,ERR,ERR,ERR,ERR,ERR,ERR,ERR,ERR,ERR,ERR,ERR,ERR,ERR,ERR,ERR,ERR,ERR,ERR,ERR,ERR,ERR,ERR,ERR,ERR,ERR,ERR,ERR,ERR,ERR,ERR,ERR,ERR,ERR,ERR,ERR,ERR,ERR,ERR,ERR,ERR,ERR,ERR,ERR,ERR,ERR,ERR,ERR,ERR,ERR,ERR,ERR,ERR,ERR,ERR,ERR,ERR,ERR,ERR,ERR,ERR,ERR,ERR,ERR,ERR,ERR,ERR,ERR,2.7184256974124493e+23,-107616048.0,0.0,0.0,0.0,0.0,-1.3265790582925558e+18,0.0,0,0,4,17429,7116,0.0,100,0.0,0.0,0.0,0.0,0.0,0,0,0,0,0.0,0,0,0,0,0,0,0,0,0,0,0,0,0,0,0,0,0,0,0,0,0,0,0,0,0,0,0,0,0,0,0,0,0,31,40,40,71,65476,0,300,0,0,8,21553,0.0,-107605600.0,0.0,0.0,0.0,0.0,0.0,0.0,0.0,0.0,0.0,0.0,0.0,0.0,0.0,0.0,0.0,0.0,0.0,0.0,0.0,0.0,0.0,2.004,0.0,0.0,0.0,0.0,0.0,0.0,4861.0,-564145497833472.0,6941.0,2.7184256974124493e+23,0.0,2.004,2.004,0.0,0.0,0.0,0.0,69,-0.0,4.066851391278642e+29,0.0,0.0,0.0,0.0,0.0,0.0,0.0,0,0,0,0.0,0.0,0.0,0.0,0.0,0.0,0.0,0.0,0.0,0.0,0.0,0.0,0.0,0.0,0.0,0.0,0,-107875648.0,69,0.0,138,0.0,2.012,ERR,ERR,ERR,ERR,ERR,ERR,ERR,ERR,ERR,ERR,ERR,ERR,ERR,ERR,ERR,ERR,ERR,ERR,ERR,ERR,ERR,ERR,ERR,ERR,ERR,ERR,ERR,ERR,ERR,ERR,ERR,ERR,ERR,ERR,ERR,ERR,ERR,ERR,ERR,ERR,ERR,ERR,ERR,ERR,ERR,ERR,ERR,ERR,ERR,ERR,ERR,ERR,ERR,ERR,ERR,ERR,ERR,ERR,ERR,ERR,ERR,ERR,ERR,ERR,ERR,ERR,ERR,60.0,60.0,35,0.0,0.0,0.0,0.0,0.0,0.0,0.0,0.0,0.0,0.0,0.0,0.0,0.0,0.0,0.0,0.0,65.2,0,115,55,39,65476,0,300,0,0,8,20529,65476,0,0,2621,60.0,0.0,0.0,0.0,0.0,0.0
2026-07-09T15:16:12,ERR,ERR,ERR,ERR,ERR,ERR,ERR,ERR,ERR,ERR,ERR,ERR,ERR,ERR,ERR,ERR,ERR,ERR,ERR,ERR,ERR,ERR,ERR,ERR,ERR,ERR,ERR,ERR,ERR,ERR,ERR,ERR,ERR,ERR,ERR,ERR,ERR,ERR,ERR,ERR,ERR,ERR,ERR,ERR,ERR,ERR,ERR,ERR,ERR,ERR,ERR,ERR,ERR,ERR,ERR,ERR,ERR,ERR,ERR,ERR,ERR,ERR,ERR,ERR,ERR,ERR,ERR,ERR,ERR,ERR,ERR,ERR,ERR,ERR,ERR,ERR,ERR,ERR,ERR,ERR,ERR,ERR,ERR,ERR,ERR,ERR,ERR,ERR,ERR,ERR,ERR,ERR,ERR,ERR,ERR,ERR,ERR,ERR,ERR,ERR,ERR,ERR,ERR,ERR,ERR,ERR,ERR,ERR,ERR,ERR,ERR,ERR,ERR,ERR,ERR,ERR,ERR,ERR,ERR,ERR,ERR,ERR,ERR,ERR,ERR,2.7184256974124493e+23,-107616048.0,0.0,0.0,0.0,0.0,-1.3265790582925558e+18,0.0,0,0,4,17429,7116,0.0,100,0.0,0.0,0.0,0.0,0.0,0,0,0,0,0.0,0,0,0,0,0,0,0,0,0,0,0,0,0,0,0,0,0,0,0,0,0,0,0,0,0,0,0,0,0,0,0,0,0,31,40,40,71,65476,0,300,0,0,8,21553,0.0,-107605600.0,0.0,0.0,0.0,0.0,0.0,0.0,0.0,0.0,0.0,0.0,0.0,0.0,0.0,0.0,0.0,0.0,0.0,0.0,0.0,0.0,0.0,2.004,0.0,0.0,0.0,0.0,0.0,0.0,4861.0,-564145497833472.0,6941.0,2.7184256974124493e+23,0.0,2.004,2.004,0.0,0.0,0.0,0.0,69,-0.0,4.066851391278642e+29,0.0,0.0,0.0,0.0,0.0,0.0,0.0,0,0,0,0.0,0.0,0.0,0.0,0.0,0.0,0.0,0.0,0.0,0.0,0.0,0.0,0.0,0.0,0.0,0.0,0,-107875648.0,69,0.0,138,0.0,2.012,ERR,ERR,ERR,ERR,ERR,ERR,ERR,ERR,ERR,ERR,ERR,ERR,ERR,ERR,ERR,ERR,ERR,ERR,ERR,ERR,ERR,ERR,ERR,ERR,ERR,ERR,ERR,ERR,ERR,ERR,ERR,ERR,ERR,ERR,ERR,ERR,ERR,ERR,ERR,ERR,ERR,ERR,ERR,ERR,ERR,ERR,ERR,ERR,ERR,ERR,ERR,ERR,ERR,ERR,ERR,ERR,ERR,ERR,ERR,ERR,ERR,ERR,ERR,ERR,ERR,ERR,ERR,60.0,60.0,35,0.0,0.0,0.0,0.0,0.0,0.0,0.0,0.0,0.0,0.0,0.0,0.0,0.0,0.0,0.0,0.0,65.2,0,115,55,39,65476,0,300,0,0,8,20529,65476,0,0,2621,60.0,0.0,0.0,0.0,0.0,0.0
2026-07-09T15:16:13,ERR,ERR,ERR,ERR,ERR,ERR,ERR,ERR,ERR,ERR,ERR,ERR,ERR,ERR,ERR,ERR,ERR,ERR,ERR,ERR,ERR,ERR,ERR,ERR,ERR,ERR,ERR,ERR,ERR,ERR,ERR,ERR,ERR,ERR,ERR,ERR,ERR,ERR,ERR,ERR,ERR,ERR,ERR,ERR,ERR,ERR,ERR,ERR,ERR,ERR,ERR,ERR,ERR,ERR,ERR,ERR,ERR,ERR,ERR,ERR,ERR,ERR,ERR,ERR,ERR,ERR,ERR,ERR,ERR,ERR,ERR,ERR,ERR,ERR,ERR,ERR,ERR,ERR,ERR,ERR,ERR,ERR,ERR,ERR,ERR,ERR,ERR,ERR,ERR,ERR,ERR,ERR,ERR,ERR,ERR,ERR,ERR,ERR,ERR,ERR,ERR,ERR,ERR,ERR,ERR,ERR,ERR,ERR,ERR,ERR,ERR,ERR,ERR,ERR,ERR,ERR,ERR,ERR,ERR,ERR,ERR,ERR,ERR,ERR,ERR,2.7184256974124493e+23,0.0,-0.0,0.0,-3.004,3.2071456119928494e+28,27037514.0,0.0,0,0,4,17428,7116,0.0,100,0.0,0.0,0.0,0.0,0.0,0,0,0,0,0.0,0,0,0,0,0,0,0,0,0,0,0,0,0,0,0,0,0,0,0,0,0,0,0,0,0,0,0,0,0,0,0,0,0,31,40,40,71,65476,0,300,0,0,8,21553,0.0,-107605600.0,0.0,0.0,0.0,0.0,0.0,0.0,0.0,0.0,0.0,0.0,0.0,0.0,0.0,0.0,0.0,0.0,0.0,0.0,0.0,0.0,0.0,-0.0,0.0,0.0,0.0,0.0,0.0,0.0,4889.0,0.0,6912.0,2.7184256974124493e+23,0.0,2.004,2.004,0.0,0.0,0.0,0.0,69,4.066853280225235e+29,-0.0,0.0,0.0,0.0,0.0,0.0,0.0,0.0,0,0,0,0.0,0.0,0.0,0.0,0.0,0.0,0.0,0.0,0.0,0.0,0.0,0.0,0.0,0.0,0.0,0.0,0,-107875648.0,69,0.0,138,0.0,2.012,ERR,ERR,ERR,ERR,ERR,ERR,ERR,ERR,ERR,ERR,ERR,ERR,ERR,ERR,ERR,ERR,ERR,ERR,ERR,ERR,ERR,ERR,ERR,ERR,ERR,ERR,ERR,ERR,ERR,ERR,ERR,ERR,ERR,ERR,ERR,ERR,ERR,ERR,ERR,ERR,ERR,ERR,ERR,ERR,ERR,ERR,ERR,ERR,ERR,ERR,ERR,ERR,ERR,ERR,ERR,ERR,ERR,ERR,ERR,ERR,ERR,ERR,ERR,ERR,ERR,ERR,ERR,60.0,60.0,35,0.0,0.0,0.0,0.0,0.0,0.0,0.0,0.0,0.0,0.0,0.0,0.0,0.0,0.0,0.0,0.0,65.2,0,115,55,39,65476,0,300,0,0,8,20529,65476,0,0,2621,60.0,0.0,0.0,0.0,0.0,0.0
2026-07-09T15:16:14,ERR,ERR,ERR,ERR,ERR,ERR,ERR,ERR,ERR,ERR,ERR,ERR,ERR,ERR,ERR,ERR,ERR,ERR,ERR,ERR,ERR,ERR,ERR,ERR,ERR,ERR,ERR,ERR,ERR,ERR,ERR,ERR,ERR,ERR,ERR,ERR,ERR,ERR,ERR,ERR,ERR,ERR,ERR,ERR,ERR,ERR,ERR,ERR,ERR,ERR,ERR,ERR,ERR,ERR,ERR,ERR,ERR,ERR,ERR,ERR,ERR,ERR,ERR,ERR,ERR,ERR,ERR,ERR,ERR,ERR,ERR,ERR,ERR,ERR,ERR,ERR,ERR,ERR,ERR,ERR,ERR,ERR,ERR,ERR,ERR,ERR,ERR,ERR,ERR,ERR,ERR,ERR,ERR,ERR,ERR,ERR,ERR,ERR,ERR,ERR,ERR,ERR,ERR,ERR,ERR,ERR,ERR,ERR,ERR,ERR,ERR,ERR,ERR,ERR,ERR,ERR,ERR,ERR,ERR,ERR,ERR,ERR,ERR,ERR,ERR,2.7184256974124493e+23,0.0,-0.0,0.0,-3.004,3.2071456119928494e+28,27037514.0,0.0,0,0,4,17428,7116,0.0,100,0.0,0.0,0.0,0.0,0.0,0,0,0,0,0.0,0,0,0,0,0,0,0,0,0,0,0,0,0,0,0,0,0,0,0,0,0,0,0,0,0,0,0,0,0,0,0,0,0,31,40,40,71,65476,0,300,0,0,8,21553,0.0,-107605600.0,0.0,0.0,0.0,0.0,0.0,0.0,0.0,0.0,0.0,0.0,0.0,0.0,0.0,0.0,0.0,0.0,0.0,0.0,0.0,0.0,0.0,-0.0,0.0,0.0,0.0,0.0,0.0,0.0,4889.0,0.0,6912.0,2.7184256974124493e+23,0.0,2.004,2.004,0.0,0.0,0.0,0.0,69,4.066853280225235e+29,-0.0,0.0,0.0,0.0,0.0,0.0,0.0,0.0,0,0,0,0.0,0.0,0.0,0.0,0.0,0.0,0.0,0.0,0.0,0.0,0.0,0.0,0.0,0.0,0.0,0.0,0,-107875648.0,69,0.0,138,0.0,2.012,ERR,ERR,ERR,ERR,ERR,ERR,ERR,ERR,ERR,ERR,ERR,ERR,ERR,ERR,ERR,ERR,ERR,ERR,ERR,ERR,ERR,ERR,ERR,ERR,ERR,ERR,ERR,ERR,ERR,ERR,ERR,ERR,ERR,ERR,ERR,ERR,ERR,ERR,ERR,ERR,ERR,ERR,ERR,ERR,ERR,ERR,ERR,ERR,ERR,ERR,ERR,ERR,ERR,ERR,ERR,ERR,ERR,ERR,ERR,ERR,ERR,ERR,ERR,ERR,ERR,ERR,ERR,60.0,60.0,35,0.0,0.0,0.0,0.0,0.0,0.0,0.0,0.0,0.0,0.0,0.0,0.0,0.0,0.0,0.0,0.0,65.2,0,115,55,39,65476,0,300,0,0,8,20529,65476,0,0,2621,60.0,0.0,0.0,0.0,0.0,0.0
2026-07-09T15:16:15,ERR,ERR,ERR,ERR,ERR,ERR,ERR,ERR,ERR,ERR,ERR,ERR,ERR,ERR,ERR,ERR,ERR,ERR,ERR,ERR,ERR,ERR,ERR,ERR,ERR,ERR,ERR,ERR,ERR,ERR,ERR,ERR,ERR,ERR,ERR,ERR,ERR,ERR,ERR,ERR,ERR,ERR,ERR,ERR,ERR,ERR,ERR,ERR,ERR,ERR,ERR,ERR,ERR,ERR,ERR,ERR,ERR,ERR,ERR,ERR,ERR,ERR,ERR,ERR,ERR,ERR,ERR,ERR,ERR,ERR,ERR,ERR,ERR,ERR,ERR,ERR,ERR,ERR,ERR,ERR,ERR,ERR,ERR,ERR,ERR,ERR,ERR,ERR,ERR,ERR,ERR,ERR,ERR,ERR,ERR,ERR,ERR,ERR,ERR,ERR,ERR,ERR,ERR,ERR,ERR,ERR,ERR,ERR,ERR,ERR,ERR,ERR,ERR,ERR,ERR,ERR,ERR,ERR,ERR,ERR,ERR,ERR,ERR,ERR,ERR,2.7184256974124493e+23,0.0,-0.0,0.0,-3.004,3.2071456119928494e+28,27037514.0,0.0,0,0,4,17428,7116,0.0,100,0.0,0.0,0.0,0.0,0.0,0,0,0,0,0.0,0,0,0,0,0,0,0,0,0,0,0,0,0,0,0,0,0,0,0,0,0,0,0,0,0,0,0,0,0,0,0,0,0,31,40,40,71,65476,0,300,0,0,8,21553,0.0,-107605600.0,0.0,0.0,0.0,0.0,0.0,0.0,0.0,0.0,0.0,0.0,0.0,0.0,0.0,0.0,0.0,0.0,0.0,0.0,0.0,0.0,0.0,-0.0,0.0,0.0,0.0,0.0,0.0,0.0,4889.0,0.0,6912.0,2.7184256974124493e+23,0.0,2.004,2.004,0.0,0.0,0.0,0.0,69,4.066853280225235e+29,-0.0,0.0,0.0,0.0,0.0,0.0,0.0,0.0,0,0,0,0.0,0.0,0.0,0.0,0.0,0.0,0.0,0.0,0.0,0.0,0.0,0.0,0.0,0.0,0.0,0.0,0,-107875648.0,69,0.0,138,0.0,2.012,ERR,ERR,ERR,ERR,ERR,ERR,ERR,ERR,ERR,ERR,ERR,ERR,ERR,ERR,ERR,ERR,ERR,ERR,ERR,ERR,ERR,ERR,ERR,ERR,ERR,ERR,ERR,ERR,ERR,ERR,ERR,ERR,ERR,ERR,ERR,ERR,ERR,ERR,ERR,ERR,ERR,ERR,ERR,ERR,ERR,ERR,ERR,ERR,ERR,ERR,ERR,ERR,ERR,ERR,ERR,ERR,ERR,ERR,ERR,ERR,ERR,ERR,ERR,ERR,ERR,ERR,ERR,60.0,60.0,35,0.0,0.0,0.0,0.0,0.0,0.0,0.0,0.0,0.0,0.0,0.0,0.0,0.0,0.0,0.0,0.0,65.2,0,115,56,39,65476,0,300,0,0,8,20529,65476,0,0,2621,60.0,0.0,0.0,0.0,0.0,0.0
2026-07-09T15:16:16,ERR,ERR,ERR,ERR,ERR,ERR,ERR,ERR,ERR,ERR,ERR,ERR,ERR,ERR,ERR,ERR,ERR,ERR,ERR,ERR,ERR,ERR,ERR,ERR,ERR,ERR,ERR,ERR,ERR,ERR,ERR,ERR,ERR,ERR,ERR,ERR,ERR,ERR,ERR,ERR,ERR,ERR,ERR,ERR,ERR,ERR,ERR,ERR,ERR,ERR,ERR,ERR,ERR,ERR,ERR,ERR,ERR,ERR,ERR,ERR,ERR,ERR,ERR,ERR,ERR,ERR,ERR,ERR,ERR,ERR,ERR,ERR,ERR,ERR,ERR,ERR,ERR,ERR,ERR,ERR,ERR,ERR,ERR,ERR,ERR,ERR,ERR,ERR,ERR,ERR,ERR,ERR,ERR,ERR,ERR,ERR,ERR,ERR,ERR,ERR,ERR,ERR,ERR,ERR,ERR,ERR,ERR,ERR,ERR,ERR,ERR,ERR,ERR,ERR,ERR,ERR,ERR,ERR,ERR,ERR,ERR,ERR,ERR,ERR,ERR,2.7184256974124493e+23,0.0,-0.0,0.0,-3.004,3.2071456119928494e+28,27037514.0,0.0,0,0,4,17428,7116,0.0,100,0.0,0.0,0.0,0.0,0.0,0,0,0,0,0.0,0,0,0,0,0,0,0,0,0,0,0,0,0,0,0,0,0,0,0,0,0,0,0,0,0,0,0,0,0,0,0,0,0,31,40,40,71,65476,0,300,0,0,8,21553,0.0,-107605600.0,0.0,0.0,0.0,0.0,0.0,0.0,0.0,0.0,0.0,0.0,0.0,0.0,0.0,0.0,0.0,0.0,0.0,0.0,0.0,0.0,0.0,-0.0,0.0,0.0,0.0,0.0,0.0,0.0,4889.0,0.0,6912.0,2.7184256974124493e+23,0.0,2.004,2.004,0.0,0.0,0.0,0.0,69,4.066853280225235e+29,-0.0,0.0,0.0,0.0,0.0,0.0,0.0,0.0,0,0,0,0.0,0.0,0.0,0.0,0.0,0.0,0.0,0.0,0.0,0.0,0.0,0.0,0.0,0.0,0.0,0.0,0,-107875648.0,69,0.0,138,0.0,2.012,ERR,ERR,ERR,ERR,ERR,ERR,ERR,ERR,ERR,ERR,ERR,ERR,ERR,ERR,ERR,ERR,ERR,ERR,ERR,ERR,ERR,ERR,ERR,ERR,ERR,ERR,ERR,ERR,ERR,ERR,ERR,ERR,ERR,ERR,ERR,ERR,ERR,ERR,ERR,ERR,ERR,ERR,ERR,ERR,ERR,ERR,ERR,ERR,ERR,ERR,ERR,ERR,ERR,ERR,ERR,ERR,ERR,ERR,ERR,ERR,ERR,ERR,ERR,ERR,ERR,ERR,ERR,60.0,60.0,35,0.0,0.0,0.0,0.0,0.0,0.0,0.0,0.0,0.0,0.0,0.0,0.0,0.0,0.0,0.0,0.0,65.2,0,115,56,39,65476,0,300,0,0,8,20529,65476,0,0,2621,60.0,0.0,0.0,0.0,0.0,0.0
2026-07-09T15:16:17,ERR,ERR,ERR,ERR,ERR,ERR,ERR,ERR,ERR,ERR,ERR,ERR,ERR,ERR,ERR,ERR,ERR,ERR,ERR,ERR,ERR,ERR,ERR,ERR,ERR,ERR,ERR,ERR,ERR,ERR,ERR,ERR,ERR,ERR,ERR,ERR,ERR,ERR,ERR,ERR,ERR,ERR,ERR,ERR,ERR,ERR,ERR,ERR,ERR,ERR,ERR,ERR,ERR,ERR,ERR,ERR,ERR,ERR,ERR,ERR,ERR,ERR,ERR,ERR,ERR,ERR,ERR,ERR,ERR,ERR,ERR,ERR,ERR,ERR,ERR,ERR,ERR,ERR,ERR,ERR,ERR,ERR,ERR,ERR,ERR,ERR,ERR,ERR,ERR,ERR,ERR,ERR,ERR,ERR,ERR,ERR,ERR,ERR,ERR,ERR,ERR,ERR,ERR,ERR,ERR,ERR,ERR,ERR,ERR,ERR,ERR,ERR,ERR,ERR,ERR,ERR,ERR,ERR,ERR,ERR,ERR,ERR,ERR,ERR,ERR,2.7184256974124493e+23,0.0,-0.0,0.0,-3.004,3.2071456119928494e+28,27037514.0,0.0,0,0,4,17428,7116,0.0,100,0.0,0.0,0.0,0.0,0.0,0,0,0,0,0.0,0,0,0,0,0,0,0,0,0,0,0,0,0,0,0,0,0,0,0,0,0,0,0,0,0,0,0,0,0,0,0,0,0,31,40,40,71,65476,0,300,0,0,8,21553,0.0,-107605600.0,0.0,0.0,0.0,0.0,0.0,0.0,0.0,0.0,0.0,0.0,0.0,0.0,0.0,0.0,0.0,0.0,0.0,0.0,0.0,0.0,0.0,-0.0,0.0,0.0,0.0,0.0,0.0,0.0,4889.0,0.0,6912.0,2.7184256974124493e+23,0.0,2.004,2.004,0.0,0.0,0.0,0.0,69,4.066853280225235e+29,-0.0,0.0,0.0,0.0,0.0,0.0,0.0,0.0,0,0,0,0.0,0.0,0.0,0.0,0.0,0.0,0.0,0.0,0.0,0.0,0.0,0.0,0.0,0.0,0.0,0.0,0,-107875648.0,69,0.0,138,0.0,2.012,ERR,ERR,ERR,ERR,ERR,ERR,ERR,ERR,ERR,ERR,ERR,ERR,ERR,ERR,ERR,ERR,ERR,ERR,ERR,ERR,ERR,ERR,ERR,ERR,ERR,ERR,ERR,ERR,ERR,ERR,ERR,ERR,ERR,ERR,ERR,ERR,ERR,ERR,ERR,ERR,ERR,ERR,ERR,ERR,ERR,ERR,ERR,ERR,ERR,ERR,ERR,ERR,ERR,ERR,ERR,ERR,ERR,ERR,ERR,ERR,ERR,ERR,ERR,ERR,ERR,ERR,ERR,60.0,60.0,35,0.0,0.0,0.0,0.0,0.0,0.0,0.0,0.0,0.0,0.0,0.0,0.0,0.0,0.0,0.0,0.0,65.2,0,115,56,39,65476,0,300,0,0,8,20529,65476,0,0,2621,60.0,0.0,0.0,0.0,0.0,0.0
2026-07-09T15:16:18,ERR,ERR,ERR,ERR,ERR,ERR,ERR,ERR,ERR,ERR,ERR,ERR,ERR,ERR,ERR,ERR,ERR,ERR,ERR,ERR,ERR,ERR,ERR,ERR,ERR,ERR,ERR,ERR,ERR,ERR,ERR,ERR,ERR,ERR,ERR,ERR,ERR,ERR,ERR,ERR,ERR,ERR,ERR,ERR,ERR,ERR,ERR,ERR,ERR,ERR,ERR,ERR,ERR,ERR,ERR,ERR,ERR,ERR,ERR,ERR,ERR,ERR,ERR,ERR,ERR,ERR,ERR,ERR,ERR,ERR,ERR,ERR,ERR,ERR,ERR,ERR,ERR,ERR,ERR,ERR,ERR,ERR,ERR,ERR,ERR,ERR,ERR,ERR,ERR,ERR,ERR,ERR,ERR,ERR,ERR,ERR,ERR,ERR,ERR,ERR,ERR,ERR,ERR,ERR,ERR,ERR,ERR,ERR,ERR,ERR,ERR,ERR,ERR,ERR,ERR,ERR,ERR,ERR,ERR,ERR,ERR,ERR,ERR,ERR,ERR,2.7184256974124493e+23,2.718446053682765e+23,2.7184202930928964e+23,2.718366610185338e+23,-6.461303622076094e+33,1.6732059887329308e+28,-0.0,40476208005120.0,0,0,4,17431,7116,0.0,100,0.0,0.0,0.0,0.0,0.0,0,0,0,0,0.0,0,0,0,0,0,0,0,0,0,0,0,0,0,0,0,0,0,0,0,0,0,0,0,0,0,0,0,0,0,0,0,0,0,31,40,40,71,65476,0,300,0,0,8,21553,0.0,-107605600.0,0.0,0.0,0.0,0.0,0.0,0.0,0.0,0.0,0.0,0.0,0.0,0.0,0.0,0.0,0.0,0.0,0.0,0.0,0.0,0.0,0.0,-0.0,0.0,0.0,0.0,0.0,0.0,0.0,4888.0,0.0,6914.0,2.7184256974124493e+23,2.718446053682765e+23,2.004,2.004,0.0,0.0,0.0,0.0,69,5.848055287018579e+35,-107614736.0,0.0,0.0,0.0,0.0,0.0,0.0,0.0,0,0,0,0.0,0.0,0.0,0.0,0.0,0.0,0.0,0.0,0.0,0.0,0.0,0.0,0.0,0.0,0.0,0.0,0,-107875648.0,69,0.0,138,0.0,2.012,ERR,ERR,ERR,ERR,ERR,ERR,ERR,ERR,ERR,ERR,ERR,ERR,ERR,ERR,ERR,ERR,ERR,ERR,ERR,ERR,ERR,ERR,ERR,ERR,ERR,ERR,ERR,ERR,ERR,ERR,ERR,ERR,ERR,ERR,ERR,ERR,ERR,ERR,ERR,ERR,ERR,ERR,ERR,ERR,ERR,ERR,ERR,ERR,ERR,ERR,ERR,ERR,ERR,ERR,ERR,ERR,ERR,ERR,ERR,ERR,ERR,ERR,ERR,ERR,ERR,ERR,ERR,60.0,60.0,35,0.0,0.0,0.0,0.0,0.0,0.0,0.0,0.0,0.0,0.0,0.0,0.0,0.0,0.0,0.0,0.0,65.6,0,115,56,39,65476,0,300,0,0,8,20529,65476,0,0,2621,60.0,0.0,0.0,0.0,0.0,0.0
2026-07-09T15:16:19,ERR,ERR,ERR,ERR,ERR,ERR,ERR,ERR,ERR,ERR,ERR,ERR,ERR,ERR,ERR,ERR,ERR,ERR,ERR,ERR,ERR,ERR,ERR,ERR,ERR,ERR,ERR,ERR,ERR,ERR,ERR,ERR,ERR,ERR,ERR,ERR,ERR,ERR,ERR,ERR,ERR,ERR,ERR,ERR,ERR,ERR,ERR,ERR,ERR,ERR,ERR,ERR,ERR,ERR,ERR,ERR,ERR,ERR,ERR,ERR,ERR,ERR,ERR,ERR,ERR,ERR,ERR,ERR,ERR,ERR,ERR,ERR,ERR,ERR,ERR,ERR,ERR,ERR,ERR,ERR,ERR,ERR,ERR,ERR,ERR,ERR,ERR,ERR,ERR,ERR,ERR,ERR,ERR,ERR,ERR,ERR,ERR,ERR,ERR,ERR,ERR,ERR,ERR,ERR,ERR,ERR,ERR,ERR,ERR,ERR,ERR,ERR,ERR,ERR,ERR,ERR,ERR,ERR,ERR,ERR,ERR,ERR,ERR,ERR,ERR,2.7184256974124493e+23,2.718446053682765e+23,2.7184202930928964e+23,2.718366610185338e+23,-6.461303622076094e+33,1.6732059887329308e+28,-0.0,40476208005120.0,0,0,4,17431,7116,0.0,100,0.0,0.0,0.0,0.0,0.0,0,0,0,0,0.0,0,0,0,0,0,0,0,0,0,0,0,0,0,0,0,0,0,0,0,0,0,0,0,0,0,0,0,0,0,0,0,0,0,31,40,40,71,65476,0,300,0,0,8,21553,0.0,-107605600.0,0.0,0.0,0.0,0.0,0.0,0.0,0.0,0.0,0.0,0.0,0.0,0.0,0.0,0.0,0.0,0.0,0.0,0.0,0.0,0.0,0.0,-0.0,0.0,0.0,0.0,0.0,0.0,0.0,4888.0,0.0,6914.0,2.7184256974124493e+23,2.718446053682765e+23,2.004,2.004,0.0,0.0,0.0,0.0,69,5.848055287018579e+35,-107614736.0,0.0,0.0,0.0,0.0,0.0,0.0,0.0,0,0,0,0.0,0.0,0.0,0.0,0.0,0.0,0.0,0.0,0.0,0.0,0.0,0.0,0.0,0.0,0.0,0.0,0,-107875648.0,69,0.0,138,0.0,2.012,ERR,ERR,ERR,ERR,ERR,ERR,ERR,ERR,ERR,ERR,ERR,ERR,ERR,ERR,ERR,ERR,ERR,ERR,ERR,ERR,ERR,ERR,ERR,ERR,ERR,ERR,ERR,ERR,ERR,ERR,ERR,ERR,ERR,ERR,ERR,ERR,ERR,ERR,ERR,ERR,ERR,ERR,ERR,ERR,ERR,ERR,ERR,ERR,ERR,ERR,ERR,ERR,ERR,ERR,ERR,ERR,ERR,ERR,ERR,ERR,ERR,ERR,ERR,ERR,ERR,ERR,ERR,60.0,60.0,35,0.0,0.0,0.0,0.0,0.0,0.0,0.0,0.0,0.0,0.0,0.0,0.0,0.0,0.0,0.0,0.0,65.6,0,115,56,39,65476,0,300,0,0,8,20529,65476,0,0,2621,60.0,0.0,0.0,0.0,0.0,0.0
2026-07-09T15:16:20,ERR,ERR,ERR,ERR,ERR,ERR,ERR,ERR,ERR,ERR,ERR,ERR,ERR,ERR,ERR,ERR,ERR,ERR,ERR,ERR,ERR,ERR,ERR,ERR,ERR,ERR,ERR,ERR,ERR,ERR,ERR,ERR,ERR,ERR,ERR,ERR,ERR,ERR,ERR,ERR,ERR,ERR,ERR,ERR,ERR,ERR,ERR,ERR,ERR,ERR,ERR,ERR,ERR,ERR,ERR,ERR,ERR,ERR,ERR,ERR,ERR,ERR,ERR,ERR,ERR,ERR,ERR,ERR,ERR,ERR,ERR,ERR,ERR,ERR,ERR,ERR,ERR,ERR,ERR,ERR,ERR,ERR,ERR,ERR,ERR,ERR,ERR,ERR,ERR,ERR,ERR,ERR,ERR,ERR,ERR,ERR,ERR,ERR,ERR,ERR,ERR,ERR,ERR,ERR,ERR,ERR,ERR,ERR,ERR,ERR,ERR,ERR,ERR,ERR,ERR,ERR,ERR,ERR,ERR,ERR,ERR,ERR,ERR,ERR,ERR,2.7184256974124493e+23,2.718446053682765e+23,2.7184202930928964e+23,2.718366610185338e+23,-6.461303622076094e+33,1.6732059887329308e+28,-0.0,40476208005120.0,0,0,4,17431,7116,0.0,100,0.0,0.0,0.0,0.0,0.0,0,0,0,0,0.0,0,0,0,0,0,0,0,0,0,0,0,0,0,0,0,0,0,0,0,0,0,0,0,0,0,0,0,0,0,0,0,0,0,31,40,40,71,65476,0,300,0,0,8,21553,0.0,-107605600.0,0.0,0.0,0.0,0.0,0.0,0.0,0.0,0.0,0.0,0.0,0.0,0.0,0.0,0.0,0.0,0.0,0.0,0.0,0.0,0.0,0.0,-0.0,0.0,0.0,0.0,0.0,0.0,0.0,4888.0,0.0,6914.0,2.7184256974124493e+23,2.718446053682765e+23,2.004,2.004,0.0,0.0,0.0,0.0,69,5.848055287018579e+35,-107614736.0,0.0,0.0,0.0,0.0,0.0,0.0,0.0,0,0,0,0.0,0.0,0.0,0.0,0.0,0.0,0.0,0.0,0.0,0.0,0.0,0.0,0.0,0.0,0.0,0.0,0,-107875648.0,69,0.0,138,0.0,2.012,ERR,ERR,ERR,ERR,ERR,ERR,ERR,ERR,ERR,ERR,ERR,ERR,ERR,ERR,ERR,ERR,ERR,ERR,ERR,ERR,ERR,ERR,ERR,ERR,ERR,ERR,ERR,ERR,ERR,ERR,ERR,ERR,ERR,ERR,ERR,ERR,ERR,ERR,ERR,ERR,ERR,ERR,ERR,ERR,ERR,ERR,ERR,ERR,ERR,ERR,ERR,ERR,ERR,ERR,ERR,ERR,ERR,ERR,ERR,ERR,ERR,ERR,ERR,ERR,ERR,ERR,ERR,60.0,60.0,35,0.0,0.0,0.0,0.0,0.0,0.0,0.0,0.0,0.0,0.0,0.0,0.0,0.0,0.0,0.0,0.0,65.6,0,115,56,39,65476,0,300,0,0,8,20529,65476,0,0,2621,60.0,0.0,0.0,0.0,0.0,0.0
2026-07-09T15:16:21,ERR,ERR,ERR,ERR,ERR,ERR,ERR,ERR,ERR,ERR,ERR,ERR,ERR,ERR,ERR,ERR,ERR,ERR,ERR,ERR,ERR,ERR,ERR,ERR,ERR,ERR,ERR,ERR,ERR,ERR,ERR,ERR,ERR,ERR,ERR,ERR,ERR,ERR,ERR,ERR,ERR,ERR,ERR,ERR,ERR,ERR,ERR,ERR,ERR,ERR,ERR,ERR,ERR,ERR,ERR,ERR,ERR,ERR,ERR,ERR,ERR,ERR,ERR,ERR,ERR,ERR,ERR,ERR,ERR,ERR,ERR,ERR,ERR,ERR,ERR,ERR,ERR,ERR,ERR,ERR,ERR,ERR,ERR,ERR,ERR,ERR,ERR,ERR,ERR,ERR,ERR,ERR,ERR,ERR,ERR,ERR,ERR,ERR,ERR,ERR,ERR,ERR,ERR,ERR,ERR,ERR,ERR,ERR,ERR,ERR,ERR,ERR,ERR,ERR,ERR,ERR,ERR,ERR,ERR,ERR,ERR,ERR,ERR,ERR,ERR,2.7184256974124493e+23,2.718446053682765e+23,2.7184202930928964e+23,2.718366610185338e+23,-6.461303622076094e+33,1.6732059887329308e+28,-0.0,40476208005120.0,0,0,4,17431,7116,0.0,100,0.0,0.0,0.0,0.0,0.0,0,0,0,0,0.0,0,0,0,0,0,0,0,0,0,0,0,0,0,0,0,0,0,0,0,0,0,0,0,0,0,0,0,0,0,0,0,0,0,31,40,40,71,65476,0,300,0,0,8,21553,0.0,-107605600.0,0.0,0.0,0.0,0.0,0.0,0.0,0.0,0.0,0.0,0.0,0.0,0.0,0.0,0.0,0.0,0.0,0.0,0.0,0.0,0.0,0.0,-0.0,0.0,0.0,0.0,0.0,0.0,0.0,4888.0,0.0,6914.0,2.7184256974124493e+23,2.718446053682765e+23,2.004,2.004,0.0,0.0,0.0,0.0,69,5.848055287018579e+35,-107614736.0,0.0,0.0,0.0,0.0,0.0,0.0,0.0,0,0,0,0.0,0.0,0.0,0.0,0.0,0.0,0.0,0.0,0.0,0.0,0.0,0.0,0.0,0.0,0.0,0.0,0,-107875648.0,69,0.0,138,0.0,2.012,ERR,ERR,ERR,ERR,ERR,ERR,ERR,ERR,ERR,ERR,ERR,ERR,ERR,ERR,ERR,ERR,ERR,ERR,ERR,ERR,ERR,ERR,ERR,ERR,ERR,ERR,ERR,ERR,ERR,ERR,ERR,ERR,ERR,ERR,ERR,ERR,ERR,ERR,ERR,ERR,ERR,ERR,ERR,ERR,ERR,ERR,ERR,ERR,ERR,ERR,ERR,ERR,ERR,ERR,ERR,ERR,ERR,ERR,ERR,ERR,ERR,ERR,ERR,ERR,ERR,ERR,ERR,60.0,60.0,35,0.0,0.0,0.0,0.0,0.0,0.0,0.0,0.0,0.0,0.0,0.0,0.0,0.0,0.0,0.0,0.0,65.6,0,115,56,39,65476,0,300,0,0,8,20529,65476,0,0,2621,60.0,0.0,0.0,0.0,0.0,0.0
2026-07-09T15:16:22,ERR,ERR,ERR,ERR,ERR,ERR,ERR,ERR,ERR,ERR,ERR,ERR,ERR,ERR,ERR,ERR,ERR,ERR,ERR,ERR,ERR,ERR,ERR,ERR,ERR,ERR,ERR,ERR,ERR,ERR,ERR,ERR,ERR,ERR,ERR,ERR,ERR,ERR,ERR,ERR,ERR,ERR,ERR,ERR,ERR,ERR,ERR,ERR,ERR,ERR,ERR,ERR,ERR,ERR,ERR,ERR,ERR,ERR,ERR,ERR,ERR,ERR,ERR,ERR,ERR,ERR,ERR,ERR,ERR,ERR,ERR,ERR,ERR,ERR,ERR,ERR,ERR,ERR,ERR,ERR,ERR,ERR,ERR,ERR,ERR,ERR,ERR,ERR,ERR,ERR,ERR,ERR,ERR,ERR,ERR,ERR,ERR,ERR,ERR,ERR,ERR,ERR,ERR,ERR,ERR,ERR,ERR,ERR,ERR,ERR,ERR,ERR,ERR,ERR,ERR,ERR,ERR,ERR,ERR,ERR,ERR,ERR,ERR,ERR,ERR,2.7184256974124493e+23,2.718446053682765e+23,2.7184202930928964e+23,2.718366610185338e+23,-6.461303622076094e+33,1.6732059887329308e+28,-0.0,40476208005120.0,0,0,4,17431,7116,0.0,100,0.0,0.0,0.0,0.0,0.0,0,0,0,0,0.0,0,0,0,0,0,0,0,0,0,0,0,0,0,0,0,0,0,0,0,0,0,0,0,0,0,0,0,0,0,0,0,0,0,31,40,40,71,65476,0,300,0,0,8,21553,0.0,-107605600.0,0.0,0.0,0.0,0.0,0.0,0.0,0.0,0.0,0.0,0.0,0.0,0.0,0.0,0.0,0.0,0.0,0.0,0.0,0.0,0.0,0.0,-0.0,0.0,0.0,0.0,0.0,0.0,0.0,4888.0,0.0,6914.0,2.7184256974124493e+23,2.718446053682765e+23,2.004,2.004,0.0,0.0,0.0,0.0,69,5.848055287018579e+35,-107614736.0,0.0,0.0,0.0,0.0,0.0,0.0,0.0,0,0,0,0.0,0.0,0.0,0.0,0.0,0.0,0.0,0.0,0.0,0.0,0.0,0.0,0.0,0.0,0.0,0.0,0,-107875648.0,69,0.0,138,0.0,2.012,ERR,ERR,ERR,ERR,ERR,ERR,ERR,ERR,ERR,ERR,ERR,ERR,ERR,ERR,ERR,ERR,ERR,ERR,ERR,ERR,ERR,ERR,ERR,ERR,ERR,ERR,ERR,ERR,ERR,ERR,ERR,ERR,ERR,ERR,ERR,ERR,ERR,ERR,ERR,ERR,ERR,ERR,ERR,ERR,ERR,ERR,ERR,ERR,ERR,ERR,ERR,ERR,ERR,ERR,ERR,ERR,ERR,ERR,ERR,ERR,ERR,ERR,ERR,ERR,ERR,ERR,ERR,60.0,60.0,35,0.0,0.0,0.0,0.0,0.0,0.0,0.0,0.0,0.0,0.0,0.0,0.0,0.0,0.0,0.0,0.0,65.2,0,115,56,39,65476,0,300,0,0,8,20529,65476,0,0,2621,60.0,0.0,0.0,0.0,0.0,0.0
2026-07-09T15:16:23,ERR,ERR,ERR,ERR,ERR,ERR,ERR,ERR,ERR,ERR,ERR,ERR,ERR,ERR,ERR,ERR,ERR,ERR,ERR,ERR,ERR,ERR,ERR,ERR,ERR,ERR,ERR,ERR,ERR,ERR,ERR,ERR,ERR,ERR,ERR,ERR,ERR,ERR,ERR,ERR,ERR,ERR,ERR,ERR,ERR,ERR,ERR,ERR,ERR,ERR,ERR,ERR,ERR,ERR,ERR,ERR,ERR,ERR,ERR,ERR,ERR,ERR,ERR,ERR,ERR,ERR,ERR,ERR,ERR,ERR,ERR,ERR,ERR,ERR,ERR,ERR,ERR,ERR,ERR,ERR,ERR,ERR,ERR,ERR,ERR,ERR,ERR,ERR,ERR,ERR,ERR,ERR,ERR,ERR,ERR,ERR,ERR,ERR,ERR,ERR,ERR,ERR,ERR,ERR,ERR,ERR,ERR,ERR,ERR,ERR,ERR,ERR,ERR,ERR,ERR,ERR,ERR,ERR,ERR,ERR,ERR,ERR,ERR,ERR,ERR,0.0,2.718446053682765e+23,-107090624.0,0.0,-0.0,-0.0,-2.1426311075277786e+33,-1.65468499054075e+22,0,0,4,17427,7116,0.0,100,0.0,0.0,2.718366610185338e+23,0.0,0.0,0,0,0,0,0.0,0,0,0,0,0,0,0,0,0,0,0,0,0,0,0,0,0,0,0,0,0,0,0,0,0,0,0,0,0,0,0,0,0,31,40,40,71,65476,0,300,0,0,8,21553,0.0,-107605600.0,0.0,0.0,0.0,0.0,0.0,0.0,0.0,0.0,0.0,0.0,0.0,0.0,0.0,0.0,0.0,0.0,0.0,0.0,0.0,0.0,-2.004,-0.0,0.0,0.0,0.0,0.0,0.0,0.0,4890.0,564145564942336.0,6923.0,0.0,-0.0,2.004,2.004,0.0,0.0,0.0,0.0,69,1.905685750968484e+17,0.0,0.0,0.0,0.0,0.0,0.0,0.0,0.0,0,0,0,0.0,0.0,0.0,0.0,0.0,0.0,0.0,0.0,0.0,0.0,0.0,0.0,0.0,0.0,0.0,0.0,0,-107875648.0,69,0.0,138,0.0,2.012,ERR,ERR,ERR,ERR,ERR,ERR,ERR,ERR,ERR,ERR,ERR,ERR,ERR,ERR,ERR,ERR,ERR,ERR,ERR,ERR,ERR,ERR,ERR,ERR,ERR,ERR,ERR,ERR,ERR,ERR,ERR,ERR,ERR,ERR,ERR,ERR,ERR,ERR,ERR,ERR,ERR,ERR,ERR,ERR,ERR,ERR,ERR,ERR,ERR,ERR,ERR,ERR,ERR,ERR,ERR,ERR,ERR,ERR,ERR,ERR,ERR,ERR,ERR,ERR,ERR,ERR,ERR,60.0,60.0,35,0.0,0.0,0.0,0.0,0.0,0.0,0.0,0.0,0.0,0.0,0.0,0.0,0.0,0.0,0.0,0.0,65.2,0,115,56,39,65476,0,300,0,0,8,20529,65476,0,0,2621,60.0,0.0,0.0,0.0,0.0,0.0
2026-07-09T15:16:24,ERR,ERR,ERR,ERR,ERR,ERR,ERR,ERR,ERR,ERR,ERR,ERR,ERR,ERR,ERR,ERR,ERR,ERR,ERR,ERR,ERR,ERR,ERR,ERR,ERR,ERR,ERR,ERR,ERR,ERR,ERR,ERR,ERR,ERR,ERR,ERR,ERR,ERR,ERR,ERR,ERR,ERR,ERR,ERR,ERR,ERR,ERR,ERR,ERR,ERR,ERR,ERR,ERR,ERR,ERR,ERR,ERR,ERR,ERR,ERR,ERR,ERR,ERR,ERR,ERR,ERR,ERR,ERR,ERR,ERR,ERR,ERR,ERR,ERR,ERR,ERR,ERR,ERR,ERR,ERR,ERR,ERR,ERR,ERR,ERR,ERR,ERR,ERR,ERR,ERR,ERR,ERR,ERR,ERR,ERR,ERR,ERR,ERR,ERR,ERR,ERR,ERR,ERR,ERR,ERR,ERR,ERR,ERR,ERR,ERR,ERR,ERR,ERR,ERR,ERR,ERR,ERR,ERR,ERR,ERR,ERR,ERR,ERR,ERR,ERR,0.0,2.718446053682765e+23,-107090624.0,0.0,-0.0,-0.0,-2.1426311075277786e+33,-1.65468499054075e+22,0,0,4,17427,7116,0.0,100,0.0,0.0,2.718366610185338e+23,0.0,0.0,0,0,0,0,0.0,0,0,0,0,0,0,0,0,0,0,0,0,0,0,0,0,0,0,0,0,0,0,0,0,0,0,0,0,0,0,0,0,0,31,40,40,71,65476,0,300,0,0,8,21553,0.0,-107605600.0,0.0,0.0,0.0,0.0,0.0,0.0,0.0,0.0,0.0,0.0,0.0,0.0,0.0,0.0,0.0,0.0,0.0,0.0,0.0,0.0,-2.004,-0.0,0.0,0.0,0.0,0.0,0.0,0.0,4890.0,564145564942336.0,6923.0,0.0,-0.0,2.004,2.004,0.0,0.0,0.0,0.0,69,1.905685750968484e+17,0.0,0.0,0.0,0.0,0.0,0.0,0.0,0.0,0,0,0,0.0,0.0,0.0,0.0,0.0,0.0,0.0,0.0,0.0,0.0,0.0,0.0,0.0,0.0,0.0,0.0,0,-107875648.0,69,0.0,138,0.0,2.012,ERR,ERR,ERR,ERR,ERR,ERR,ERR,ERR,ERR,ERR,ERR,ERR,ERR,ERR,ERR,ERR,ERR,ERR,ERR,ERR,ERR,ERR,ERR,ERR,ERR,ERR,ERR,ERR,ERR,ERR,ERR,ERR,ERR,ERR,ERR,ERR,ERR,ERR,ERR,ERR,ERR,ERR,ERR,ERR,ERR,ERR,ERR,ERR,ERR,ERR,ERR,ERR,ERR,ERR,ERR,ERR,ERR,ERR,ERR,ERR,ERR,ERR,ERR,ERR,ERR,ERR,ERR,60.0,60.0,35,0.0,0.0,0.0,0.0,0.0,0.0,0.0,0.0,0.0,0.0,0.0,0.0,0.0,0.0,0.0,0.0,65.2,0,115,56,39,65476,0,300,0,0,8,20529,65476,0,0,2621,60.0,0.0,0.0,0.0,0.0,0.0
2026-07-09T15:16:25,ERR,ERR,ERR,ERR,ERR,ERR,ERR,ERR,ERR,ERR,ERR,ERR,ERR,ERR,ERR,ERR,ERR,ERR,ERR,ERR,ERR,ERR,ERR,ERR,ERR,ERR,ERR,ERR,ERR,ERR,ERR,ERR,ERR,ERR,ERR,ERR,ERR,ERR,ERR,ERR,ERR,ERR,ERR,ERR,ERR,ERR,ERR,ERR,ERR,ERR,ERR,ERR,ERR,ERR,ERR,ERR,ERR,ERR,ERR,ERR,ERR,ERR,ERR,ERR,ERR,ERR,ERR,ERR,ERR,ERR,ERR,ERR,ERR,ERR,ERR,ERR,ERR,ERR,ERR,ERR,ERR,ERR,ERR,ERR,ERR,ERR,ERR,ERR,ERR,ERR,ERR,ERR,ERR,ERR,ERR,ERR,ERR,ERR,ERR,ERR,ERR,ERR,ERR,ERR,ERR,ERR,ERR,ERR,ERR,ERR,ERR,ERR,ERR,ERR,ERR,ERR,ERR,ERR,ERR,ERR,ERR,ERR,ERR,ERR,ERR,0.0,2.718446053682765e+23,-107090624.0,0.0,-0.0,-0.0,-2.1426311075277786e+33,-1.65468499054075e+22,0,0,4,17427,7116,0.0,100,0.0,0.0,2.718366610185338e+23,0.0,0.0,0,0,0,0,0.0,0,0,0,0,0,0,0,0,0,0,0,0,0,0,0,0,0,0,0,0,0,0,0,0,0,0,0,0,0,0,0,0,0,31,40,40,71,65476,0,300,0,0,8,21553,0.0,-107605600.0,0.0,0.0,0.0,0.0,0.0,0.0,0.0,0.0,0.0,0.0,0.0,0.0,0.0,0.0,0.0,0.0,0.0,0.0,0.0,0.0,-2.004,-0.0,0.0,0.0,0.0,0.0,0.0,0.0,4890.0,564145564942336.0,6923.0,0.0,-0.0,2.004,2.004,0.0,0.0,0.0,0.0,69,1.905685750968484e+17,0.0,0.0,0.0,0.0,0.0,0.0,0.0,0.0,0,0,0,0.0,0.0,0.0,0.0,0.0,0.0,0.0,0.0,0.0,0.0,0.0,0.0,0.0,0.0,0.0,0.0,0,-107875648.0,69,0.0,138,0.0,2.012,ERR,ERR,ERR,ERR,ERR,ERR,ERR,ERR,ERR,ERR,ERR,ERR,ERR,ERR,ERR,ERR,ERR,ERR,ERR,ERR,ERR,ERR,ERR,ERR,ERR,ERR,ERR,ERR,ERR,ERR,ERR,ERR,ERR,ERR,ERR,ERR,ERR,ERR,ERR,ERR,ERR,ERR,ERR,ERR,ERR,ERR,ERR,ERR,ERR,ERR,ERR,ERR,ERR,ERR,ERR,ERR,ERR,ERR,ERR,ERR,ERR,ERR,ERR,ERR,ERR,ERR,ERR,60.0,60.0,35,0.0,0.0,0.0,0.0,0.0,0.0,0.0,0.0,0.0,0.0,0.0,0.0,0.0,0.0,0.0,0.0,65.6,0,115,56,40,65476,0,300,0,0,8,20529,65476,0,0,2621,60.0,0.0,0.0,0.0,0.0,0.0
2026-07-09T15:16:26,ERR,ERR,ERR,ERR,ERR,ERR,ERR,ERR,ERR,ERR,ERR,ERR,ERR,ERR,ERR,ERR,ERR,ERR,ERR,ERR,ERR,ERR,ERR,ERR,ERR,ERR,ERR,ERR,ERR,ERR,ERR,ERR,ERR,ERR,ERR,ERR,ERR,ERR,ERR,ERR,ERR,ERR,ERR,ERR,ERR,ERR,ERR,ERR,ERR,ERR,ERR,ERR,ERR,ERR,ERR,ERR,ERR,ERR,ERR,ERR,ERR,ERR,ERR,ERR,ERR,ERR,ERR,ERR,ERR,ERR,ERR,ERR,ERR,ERR,ERR,ERR,ERR,ERR,ERR,ERR,ERR,ERR,ERR,ERR,ERR,ERR,ERR,ERR,ERR,ERR,ERR,ERR,ERR,ERR,ERR,ERR,ERR,ERR,ERR,ERR,ERR,ERR,ERR,ERR,ERR,ERR,ERR,ERR,ERR,ERR,ERR,ERR,ERR,ERR,ERR,ERR,ERR,ERR,ERR,ERR,ERR,ERR,ERR,ERR,ERR,0.0,2.718446053682765e+23,-107090624.0,0.0,-0.0,-0.0,-2.1426311075277786e+33,-1.65468499054075e+22,0,0,4,17427,7116,0.0,100,0.0,0.0,2.718366610185338e+23,0.0,0.0,0,0,0,0,0.0,0,0,0,0,0,0,0,0,0,0,0,0,0,0,0,0,0,0,0,0,0,0,0,0,0,0,0,0,0,0,0,0,0,31,40,40,71,65476,0,300,0,0,8,21553,0.0,-107605600.0,0.0,0.0,0.0,0.0,0.0,0.0,0.0,0.0,0.0,0.0,0.0,0.0,0.0,0.0,0.0,0.0,0.0,0.0,0.0,0.0,-2.004,-0.0,0.0,0.0,0.0,0.0,0.0,0.0,4890.0,564145564942336.0,6923.0,0.0,-0.0,2.004,2.004,0.0,0.0,0.0,0.0,69,1.905685750968484e+17,0.0,0.0,0.0,0.0,0.0,0.0,0.0,0.0,0,0,0,0.0,0.0,0.0,0.0,0.0,0.0,0.0,0.0,0.0,0.0,0.0,0.0,0.0,0.0,0.0,0.0,0,-107875648.0,69,0.0,138,0.0,2.012,ERR,ERR,ERR,ERR,ERR,ERR,ERR,ERR,ERR,ERR,ERR,ERR,ERR,ERR,ERR,ERR,ERR,ERR,ERR,ERR,ERR,ERR,ERR,ERR,ERR,ERR,ERR,ERR,ERR,ERR,ERR,ERR,ERR,ERR,ERR,ERR,ERR,ERR,ERR,ERR,ERR,ERR,ERR,ERR,ERR,ERR,ERR,ERR,ERR,ERR,ERR,ERR,ERR,ERR,ERR,ERR,ERR,ERR,ERR,ERR,ERR,ERR,ERR,ERR,ERR,ERR,ERR,60.0,60.0,35,0.0,0.0,0.0,0.0,0.0,0.0,0.0,0.0,0.0,0.0,0.0,0.0,0.0,0.0,0.0,0.0,65.6,0,115,56,40,65476,0,300,0,0,8,20529,65476,0,0,2621,60.0,0.0,0.0,0.0,0.0,0.0
2026-07-09T15:16:27,ERR,ERR,ERR,ERR,ERR,ERR,ERR,ERR,ERR,ERR,ERR,ERR,ERR,ERR,ERR,ERR,ERR,ERR,ERR,ERR,ERR,ERR,ERR,ERR,ERR,ERR,ERR,ERR,ERR,ERR,ERR,ERR,ERR,ERR,ERR,ERR,ERR,ERR,ERR,ERR,ERR,ERR,ERR,ERR,ERR,ERR,ERR,ERR,ERR,ERR,ERR,ERR,ERR,ERR,ERR,ERR,ERR,ERR,ERR,ERR,ERR,ERR,ERR,ERR,ERR,ERR,ERR,ERR,ERR,ERR,ERR,ERR,ERR,ERR,ERR,ERR,ERR,ERR,ERR,ERR,ERR,ERR,ERR,ERR,ERR,ERR,ERR,ERR,ERR,ERR,ERR,ERR,ERR,ERR,ERR,ERR,ERR,ERR,ERR,ERR,ERR,ERR,ERR,ERR,ERR,ERR,ERR,ERR,ERR,ERR,ERR,ERR,ERR,ERR,ERR,ERR,ERR,ERR,ERR,ERR,ERR,ERR,ERR,ERR,ERR,0.0,2.718446053682765e+23,-107090624.0,0.0,-0.0,-0.0,-2.1426311075277786e+33,-1.65468499054075e+22,0,0,4,17427,7116,0.0,100,0.0,0.0,2.718366610185338e+23,0.0,0.0,0,0,0,0,0.0,0,0,0,0,0,0,0,0,0,0,0,0,0,0,0,0,0,0,0,0,0,0,0,0,0,0,0,0,0,0,0,0,0,31,40,40,71,65476,0,300,0,0,8,21553,0.0,-107605600.0,0.0,0.0,0.0,0.0,0.0,0.0,0.0,0.0,0.0,0.0,0.0,0.0,0.0,0.0,0.0,0.0,0.0,0.0,0.0,0.0,-2.004,-0.0,0.0,0.0,0.0,0.0,0.0,0.0,4890.0,564145564942336.0,6923.0,0.0,-0.0,2.004,2.004,0.0,0.0,0.0,0.0,69,1.905685750968484e+17,0.0,0.0,0.0,0.0,0.0,0.0,0.0,0.0,0,0,0,0.0,0.0,0.0,0.0,0.0,0.0,0.0,0.0,0.0,0.0,0.0,0.0,0.0,0.0,0.0,0.0,0,-107875648.0,69,0.0,138,0.0,2.012,ERR,ERR,ERR,ERR,ERR,ERR,ERR,ERR,ERR,ERR,ERR,ERR,ERR,ERR,ERR,ERR,ERR,ERR,ERR,ERR,ERR,ERR,ERR,ERR,ERR,ERR,ERR,ERR,ERR,ERR,ERR,ERR,ERR,ERR,ERR,ERR,ERR,ERR,ERR,ERR,ERR,ERR,ERR,ERR,ERR,ERR,ERR,ERR,ERR,ERR,ERR,ERR,ERR,ERR,ERR,ERR,ERR,ERR,ERR,ERR,ERR,ERR,ERR,ERR,ERR,ERR,ERR,60.0,60.0,35,0.0,0.0,0.0,0.0,0.0,0.0,0.0,0.0,0.0,0.0,0.0,0.0,0.0,0.0,0.0,0.0,65.2,0,115,56,40,65476,0,300,0,0,8,20529,65476,0,0,2621,60.0,0.0,0.0,0.0,0.0,0.0
2026-07-09T15:16:28,ERR,ERR,ERR,ERR,ERR,ERR,ERR,ERR,ERR,ERR,ERR,ERR,ERR,ERR,ERR,ERR,ERR,ERR,ERR,ERR,ERR,ERR,ERR,ERR,ERR,ERR,ERR,ERR,ERR,ERR,ERR,ERR,ERR,ERR,ERR,ERR,ERR,ERR,ERR,ERR,ERR,ERR,ERR,ERR,ERR,ERR,ERR,ERR,ERR,ERR,ERR,ERR,ERR,ERR,ERR,ERR,ERR,ERR,ERR,ERR,ERR,ERR,ERR,ERR,ERR,ERR,ERR,ERR,ERR,ERR,ERR,ERR,ERR,ERR,ERR,ERR,ERR,ERR,ERR,ERR,ERR,ERR,ERR,ERR,ERR,ERR,ERR,ERR,ERR,ERR,ERR,ERR,ERR,ERR,ERR,ERR,ERR,ERR,ERR,ERR,ERR,ERR,ERR,ERR,ERR,ERR,ERR,ERR,ERR,ERR,ERR,ERR,ERR,ERR,ERR,ERR,ERR,ERR,ERR,ERR,ERR,ERR,ERR,ERR,ERR,0.0,-0.0,0.0,2.718366610185338e+23,nan,3804429685882880.0,-0.001,-0.0,0,0,4,17430,7116,0.0,100,0.0,0.0,2.718366610185338e+23,0.0,0.0,0,0,0,0,0.0,0,0,0,0,0,0,0,0,0,0,0,0,0,0,0,0,0,0,0,0,0,0,0,0,0,0,0,0,0,0,0,0,0,31,40,40,71,65476,0,300,0,0,8,21553,0.0,-107605600.0,0.0,0.0,0.0,0.0,0.0,0.0,0.0,0.0,0.0,0.0,0.0,0.0,0.0,0.0,0.0,0.0,0.0,0.0,0.0,0.0,-0.0,-2.004,0.0,0.0,0.0,0.0,0.0,0.0,4882.0,-0.0,6931.0,-0.0,-0.0,2.004,2.004,0.0,0.0,0.0,0.0,69,0.0,126840496128.0,0.0,0.0,0.0,0.0,0.0,0.0,0.0,0,0,0,0.0,0.0,0.0,0.0,0.0,0.0,0.0,0.0,0.0,0.0,0.0,0.0,0.0,0.0,0.0,0.0,0,-107875648.0,69,0.0,138,0.0,2.012,ERR,ERR,ERR,ERR,ERR,ERR,ERR,ERR,ERR,ERR,ERR,ERR,ERR,ERR,ERR,ERR,ERR,ERR,ERR,ERR,ERR,ERR,ERR,ERR,ERR,ERR,ERR,ERR,ERR,ERR,ERR,ERR,ERR,ERR,ERR,ERR,ERR,ERR,ERR,ERR,ERR,ERR,ERR,ERR,ERR,ERR,ERR,ERR,ERR,ERR,ERR,ERR,ERR,ERR,ERR,ERR,ERR,ERR,ERR,ERR,ERR,ERR,ERR,ERR,ERR,ERR,ERR,60.0,60.0,35,0.0,0.0,0.0,0.0,0.0,0.0,0.0,0.0,0.0,0.0,0.0,0.0,0.0,0.0,0.0,0.0,65.2,0,116,56,40,65476,0,300,0,0,8,20529,65476,0,0,2621,60.0,0.0,0.0,0.0,0.0,0.0
2026-07-09T15:16:29,ERR,ERR,ERR,ERR,ERR,ERR,ERR,ERR,ERR,ERR,ERR,ERR,ERR,ERR,ERR,ERR,ERR,ERR,ERR,ERR,ERR,ERR,ERR,ERR,ERR,ERR,ERR,ERR,ERR,ERR,ERR,ERR,ERR,ERR,ERR,ERR,ERR,ERR,ERR,ERR,ERR,ERR,ERR,ERR,ERR,ERR,ERR,ERR,ERR,ERR,ERR,ERR,ERR,ERR,ERR,ERR,ERR,ERR,ERR,ERR,ERR,ERR,ERR,ERR,ERR,ERR,ERR,ERR,ERR,ERR,ERR,ERR,ERR,ERR,ERR,ERR,ERR,ERR,ERR,ERR,ERR,ERR,ERR,ERR,ERR,ERR,ERR,ERR,ERR,ERR,ERR,ERR,ERR,ERR,ERR,ERR,ERR,ERR,ERR,ERR,ERR,ERR,ERR,ERR,ERR,ERR,ERR,ERR,ERR,ERR,ERR,ERR,ERR,ERR,ERR,ERR,ERR,ERR,ERR,ERR,ERR,ERR,ERR,ERR,ERR,0.0,-0.0,0.0,2.718366610185338e+23,nan,3804429685882880.0,-0.001,-0.0,0,0,4,17430,7116,0.0,100,0.0,0.0,2.718366610185338e+23,0.0,0.0,0,0,0,0,0.0,0,0,0,0,0,0,0,0,0,0,0,0,0,0,0,0,0,0,0,0,0,0,0,0,0,0,0,0,0,0,0,0,0,31,40,40,71,65476,0,300,0,0,8,21553,0.0,-107605600.0,0.0,0.0,0.0,0.0,0.0,0.0,0.0,0.0,0.0,0.0,0.0,0.0,0.0,0.0,0.0,0.0,0.0,0.0,0.0,0.0,-0.0,-2.004,0.0,0.0,0.0,0.0,0.0,0.0,4882.0,-0.0,6931.0,-0.0,-0.0,2.004,2.004,0.0,0.0,0.0,0.0,69,0.0,126840496128.0,0.0,0.0,0.0,0.0,0.0,0.0,0.0,0,0,0,0.0,0.0,0.0,0.0,0.0,0.0,0.0,0.0,0.0,0.0,0.0,0.0,0.0,0.0,0.0,0.0,0,-107875648.0,69,0.0,138,0.0,2.012,ERR,ERR,ERR,ERR,ERR,ERR,ERR,ERR,ERR,ERR,ERR,ERR,ERR,ERR,ERR,ERR,ERR,ERR,ERR,ERR,ERR,ERR,ERR,ERR,ERR,ERR,ERR,ERR,ERR,ERR,ERR,ERR,ERR,ERR,ERR,ERR,ERR,ERR,ERR,ERR,ERR,ERR,ERR,ERR,ERR,ERR,ERR,ERR,ERR,ERR,ERR,ERR,ERR,ERR,ERR,ERR,ERR,ERR,ERR,ERR,ERR,ERR,ERR,ERR,ERR,ERR,ERR,60.0,60.0,35,0.0,0.0,0.0,0.0,0.0,0.0,0.0,0.0,0.0,0.0,0.0,0.0,0.0,0.0,0.0,0.0,65.2,0,116,56,40,65476,0,300,0,0,8,20529,65476,0,0,2621,60.0,0.0,0.0,0.0,0.0,0.0
2026-07-09T15:16:30,ERR,ERR,ERR,ERR,ERR,ERR,ERR,ERR,ERR,ERR,ERR,ERR,ERR,ERR,ERR,ERR,ERR,ERR,ERR,ERR,ERR,ERR,ERR,ERR,ERR,ERR,ERR,ERR,ERR,ERR,ERR,ERR,ERR,ERR,ERR,ERR,ERR,ERR,ERR,ERR,ERR,ERR,ERR,ERR,ERR,ERR,ERR,ERR,ERR,ERR,ERR,ERR,ERR,ERR,ERR,ERR,ERR,ERR,ERR,ERR,ERR,ERR,ERR,ERR,ERR,ERR,ERR,ERR,ERR,ERR,ERR,ERR,ERR,ERR,ERR,ERR,ERR,ERR,ERR,ERR,ERR,ERR,ERR,ERR,ERR,ERR,ERR,ERR,ERR,ERR,ERR,ERR,ERR,ERR,ERR,ERR,ERR,ERR,ERR,ERR,ERR,ERR,ERR,ERR,ERR,ERR,ERR,ERR,ERR,ERR,ERR,ERR,ERR,ERR,ERR,ERR,ERR,ERR,ERR,ERR,ERR,ERR,ERR,ERR,ERR,0.0,-0.0,0.0,2.718366610185338e+23,nan,3804429685882880.0,-0.001,-0.0,0,0,4,17430,7116,0.0,100,0.0,0.0,2.718366610185338e+23,0.0,0.0,0,0,0,0,0.0,0,0,0,0,0,0,0,0,0,0,0,0,0,0,0,0,0,0,0,0,0,0,0,0,0,0,0,0,0,0,0,0,0,31,40,40,71,65476,0,300,0,0,8,21553,0.0,-107605600.0,0.0,0.0,0.0,0.0,0.0,0.0,0.0,0.0,0.0,0.0,0.0,0.0,0.0,0.0,0.0,0.0,0.0,0.0,0.0,0.0,-0.0,-2.004,0.0,0.0,0.0,0.0,0.0,0.0,4882.0,-0.0,6931.0,-0.0,-0.0,2.004,2.004,0.0,0.0,0.0,0.0,69,0.0,126840496128.0,0.0,0.0,0.0,0.0,0.0,0.0,0.0,0,0,0,0.0,0.0,0.0,0.0,0.0,0.0,0.0,0.0,0.0,0.0,0.0,0.0,0.0,0.0,0.0,0.0,0,-107875648.0,69,0.0,138,0.0,2.012,ERR,ERR,ERR,ERR,ERR,ERR,ERR,ERR,ERR,ERR,ERR,ERR,ERR,ERR,ERR,ERR,ERR,ERR,ERR,ERR,ERR,ERR,ERR,ERR,ERR,ERR,ERR,ERR,ERR,ERR,ERR,ERR,ERR,ERR,ERR,ERR,ERR,ERR,ERR,ERR,ERR,ERR,ERR,ERR,ERR,ERR,ERR,ERR,ERR,ERR,ERR,ERR,ERR,ERR,ERR,ERR,ERR,ERR,ERR,ERR,ERR,ERR,ERR,ERR,ERR,ERR,ERR,60.0,60.0,35,0.0,0.0,0.0,0.0,0.0,0.0,0.0,0.0,0.0,0.0,0.0,0.0,0.0,0.0,0.0,0.0,65.2,0,116,56,40,65476,0,300,0,0,8,20529,65476,0,0,2621,60.0,0.0,0.0,0.0,0.0,0.0
2026-07-09T15:16:31,ERR,ERR,ERR,ERR,ERR,ERR,ERR,ERR,ERR,ERR,ERR,ERR,ERR,ERR,ERR,ERR,ERR,ERR,ERR,ERR,ERR,ERR,ERR,ERR,ERR,ERR,ERR,ERR,ERR,ERR,ERR,ERR,ERR,ERR,ERR,ERR,ERR,ERR,ERR,ERR,ERR,ERR,ERR,ERR,ERR,ERR,ERR,ERR,ERR,ERR,ERR,ERR,ERR,ERR,ERR,ERR,ERR,ERR,ERR,ERR,ERR,ERR,ERR,ERR,ERR,ERR,ERR,ERR,ERR,ERR,ERR,ERR,ERR,ERR,ERR,ERR,ERR,ERR,ERR,ERR,ERR,ERR,ERR,ERR,ERR,ERR,ERR,ERR,ERR,ERR,ERR,ERR,ERR,ERR,ERR,ERR,ERR,ERR,ERR,ERR,ERR,ERR,ERR,ERR,ERR,ERR,ERR,ERR,ERR,ERR,ERR,ERR,ERR,ERR,ERR,ERR,ERR,ERR,ERR,ERR,ERR,ERR,ERR,ERR,ERR,0.0,-0.0,0.0,2.718366610185338e+23,nan,3804429685882880.0,-0.001,-0.0,0,0,4,17430,7116,0.0,100,0.0,0.0,2.718366610185338e+23,0.0,0.0,0,0,0,0,0.0,0,0,0,0,0,0,0,0,0,0,0,0,0,0,0,0,0,0,0,0,0,0,0,0,0,0,0,0,0,0,0,0,0,31,40,40,71,65476,0,300,0,0,8,21553,0.0,-107605600.0,0.0,0.0,0.0,0.0,0.0,0.0,0.0,0.0,0.0,0.0,0.0,0.0,0.0,0.0,0.0,0.0,0.0,0.0,0.0,0.0,-0.0,-2.004,0.0,0.0,0.0,0.0,0.0,0.0,4882.0,-0.0,6931.0,-0.0,-0.0,2.004,2.004,0.0,0.0,0.0,0.0,69,0.0,126840496128.0,0.0,0.0,0.0,0.0,0.0,0.0,0.0,0,0,0,0.0,0.0,0.0,0.0,0.0,0.0,0.0,0.0,0.0,0.0,0.0,0.0,0.0,0.0,0.0,0.0,0,-107875648.0,69,0.0,138,0.0,2.012,ERR,ERR,ERR,ERR,ERR,ERR,ERR,ERR,ERR,ERR,ERR,ERR,ERR,ERR,ERR,ERR,ERR,ERR,ERR,ERR,ERR,ERR,ERR,ERR,ERR,ERR,ERR,ERR,ERR,ERR,ERR,ERR,ERR,ERR,ERR,ERR,ERR,ERR,ERR,ERR,ERR,ERR,ERR,ERR,ERR,ERR,ERR,ERR,ERR,ERR,ERR,ERR,ERR,ERR,ERR,ERR,ERR,ERR,ERR,ERR,ERR,ERR,ERR,ERR,ERR,ERR,ERR,60.0,60.0,35,0.0,0.0,0.0,0.0,0.0,0.0,0.0,0.0,0.0,0.0,0.0,0.0,0.0,0.0,0.0,0.0,65.2,0,116,56,40,65476,0,300,0,0,8,20529,65476,0,0,2621,60.0,0.0,0.0,0.0,0.0,0.0
2026-07-09T15:16:32,ERR,ERR,ERR,ERR,ERR,ERR,ERR,ERR,ERR,ERR,ERR,ERR,ERR,ERR,ERR,ERR,ERR,ERR,ERR,ERR,ERR,ERR,ERR,ERR,ERR,ERR,ERR,ERR,ERR,ERR,ERR,ERR,ERR,ERR,ERR,ERR,ERR,ERR,ERR,ERR,ERR,ERR,ERR,ERR,ERR,ERR,ERR,ERR,ERR,ERR,ERR,ERR,ERR,ERR,ERR,ERR,ERR,ERR,ERR,ERR,ERR,ERR,ERR,ERR,ERR,ERR,ERR,ERR,ERR,ERR,ERR,ERR,ERR,ERR,ERR,ERR,ERR,ERR,ERR,ERR,ERR,ERR,ERR,ERR,ERR,ERR,ERR,ERR,ERR,ERR,ERR,ERR,ERR,ERR,ERR,ERR,ERR,ERR,ERR,ERR,ERR,ERR,ERR,ERR,ERR,ERR,ERR,ERR,ERR,ERR,ERR,ERR,ERR,ERR,ERR,ERR,ERR,ERR,ERR,ERR,ERR,ERR,ERR,ERR,ERR,0.0,-0.0,0.0,2.718366610185338e+23,nan,3804429685882880.0,-0.001,-0.0,0,0,4,17430,7116,0.0,100,0.0,0.0,2.718366610185338e+23,0.0,0.0,0,0,0,0,0.0,0,0,0,0,0,0,0,0,0,0,0,0,0,0,0,0,0,0,0,0,0,0,0,0,0,0,0,0,0,0,0,0,0,31,40,40,71,65476,0,300,0,0,8,21553,0.0,-107605600.0,0.0,0.0,0.0,0.0,0.0,0.0,0.0,0.0,0.0,0.0,0.0,0.0,0.0,0.0,0.0,0.0,0.0,0.0,0.0,0.0,-0.0,-2.004,0.0,0.0,0.0,0.0,0.0,0.0,4882.0,-0.0,6931.0,-0.0,-0.0,2.004,2.004,0.0,0.0,0.0,0.0,69,0.0,126840496128.0,0.0,0.0,0.0,0.0,0.0,0.0,0.0,0,0,0,0.0,0.0,0.0,0.0,0.0,0.0,0.0,0.0,0.0,0.0,0.0,0.0,0.0,0.0,0.0,0.0,0,-107875648.0,69,0.0,138,0.0,2.012,ERR,ERR,ERR,ERR,ERR,ERR,ERR,ERR,ERR,ERR,ERR,ERR,ERR,ERR,ERR,ERR,ERR,ERR,ERR,ERR,ERR,ERR,ERR,ERR,ERR,ERR,ERR,ERR,ERR,ERR,ERR,ERR,ERR,ERR,ERR,ERR,ERR,ERR,ERR,ERR,ERR,ERR,ERR,ERR,ERR,ERR,ERR,ERR,ERR,ERR,ERR,ERR,ERR,ERR,ERR,ERR,ERR,ERR,ERR,ERR,ERR,ERR,ERR,ERR,ERR,ERR,ERR,60.0,60.0,35,0.0,0.0,0.0,0.0,0.0,0.0,0.0,0.0,0.0,0.0,0.0,0.0,0.0,0.0,0.0,0.0,65.2,0,116,56,40,65476,0,300,0,0,8,20529,65476,0,0,2621,60.0,0.0,0.0,0.0,0.0,0.0
2026-07-09T15:16:33,ERR,ERR,ERR,ERR,ERR,ERR,ERR,ERR,ERR,ERR,ERR,ERR,ERR,ERR,ERR,ERR,ERR,ERR,ERR,ERR,ERR,ERR,ERR,ERR,ERR,ERR,ERR,ERR,ERR,ERR,ERR,ERR,ERR,ERR,ERR,ERR,ERR,ERR,ERR,ERR,ERR,ERR,ERR,ERR,ERR,ERR,ERR,ERR,ERR,ERR,ERR,ERR,ERR,ERR,ERR,ERR,ERR,ERR,ERR,ERR,ERR,ERR,ERR,ERR,ERR,ERR,ERR,ERR,ERR,ERR,ERR,ERR,ERR,ERR,ERR,ERR,ERR,ERR,ERR,ERR,ERR,ERR,ERR,ERR,ERR,ERR,ERR,ERR,ERR,ERR,ERR,ERR,ERR,ERR,ERR,ERR,ERR,ERR,ERR,ERR,ERR,ERR,ERR,ERR,ERR,ERR,ERR,ERR,ERR,ERR,ERR,ERR,ERR,ERR,ERR,ERR,ERR,ERR,ERR,ERR,ERR,ERR,ERR,ERR,ERR,-0.0,-0.0,-0.0,-0.0,6.20340907875272e+26,0.0,-0.0,-0.0,0,0,4,17429,7116,0.0,100,0.0,0.0,-0.0,0.0,0.0,0,0,0,0,0.0,0,0,0,0,0,0,0,0,0,0,0,0,0,0,0,0,0,0,0,0,0,0,0,0,0,0,0,0,0,0,0,0,0,31,40,40,71,65476,0,300,0,0,8,21553,0.0,-107605600.0,0.0,0.0,0.0,0.0,0.0,0.0,0.0,0.0,0.0,0.0,0.0,0.0,0.0,0.0,0.0,0.0,0.0,0.0,0.0,0.0,-0.0,-2.004,0.0,0.0,0.0,0.0,0.0,0.0,4886.0,-3.697184374406093e+19,6940.0,0.0,-0.0,2.004,2.004,0.0,0.0,0.0,0.0,69,89220.555,-0.0,0.0,0.0,0.0,0.0,0.0,0.0,0.0,0,0,0,0.0,0.0,0.0,0.0,0.0,0.0,0.0,0.0,0.0,0.0,0.0,0.0,0.0,0.0,0.0,0.0,0,-107875648.0,69,0.0,138,0.0,2.012,ERR,ERR,ERR,ERR,ERR,ERR,ERR,ERR,ERR,ERR,ERR,ERR,ERR,ERR,ERR,ERR,ERR,ERR,ERR,ERR,ERR,ERR,ERR,ERR,ERR,ERR,ERR,ERR,ERR,ERR,ERR,ERR,ERR,ERR,ERR,ERR,ERR,ERR,ERR,ERR,ERR,ERR,ERR,ERR,ERR,ERR,ERR,ERR,ERR,ERR,ERR,ERR,ERR,ERR,ERR,ERR,ERR,ERR,ERR,ERR,ERR,ERR,ERR,ERR,ERR,ERR,ERR,60.0,60.0,35,0.0,0.0,0.0,0.0,0.0,0.0,0.0,0.0,0.0,0.0,0.0,0.0,0.0,0.0,0.0,0.0,65.2,0,116,56,40,65476,0,300,0,0,8,20529,65476,0,0,2621,60.0,0.0,0.0,0.0,0.0,0.0
2026-07-09T15:16:34,ERR,ERR,ERR,ERR,ERR,ERR,ERR,ERR,ERR,ERR,ERR,ERR,ERR,ERR,ERR,ERR,ERR,ERR,ERR,ERR,ERR,ERR,ERR,ERR,ERR,ERR,ERR,ERR,ERR,ERR,ERR,ERR,ERR,ERR,ERR,ERR,ERR,ERR,ERR,ERR,ERR,ERR,ERR,ERR,ERR,ERR,ERR,ERR,ERR,ERR,ERR,ERR,ERR,ERR,ERR,ERR,ERR,ERR,ERR,ERR,ERR,ERR,ERR,ERR,ERR,ERR,ERR,ERR,ERR,ERR,ERR,ERR,ERR,ERR,ERR,ERR,ERR,ERR,ERR,ERR,ERR,ERR,ERR,ERR,ERR,ERR,ERR,ERR,ERR,ERR,ERR,ERR,ERR,ERR,ERR,ERR,ERR,ERR,ERR,ERR,ERR,ERR,ERR,ERR,ERR,ERR,ERR,ERR,ERR,ERR,ERR,ERR,ERR,ERR,ERR,ERR,ERR,ERR,ERR,ERR,ERR,ERR,ERR,ERR,ERR,-0.0,-0.0,-0.0,-0.0,6.20340907875272e+26,0.0,-0.0,-0.0,0,0,4,17429,7116,0.0,100,0.0,0.0,-0.0,0.0,0.0,0,0,0,0,0.0,0,0,0,0,0,0,0,0,0,0,0,0,0,0,0,0,0,0,0,0,0,0,0,0,0,0,0,0,0,0,0,0,0,31,40,40,71,65476,0,300,0,0,8,21553,0.0,-107605600.0,0.0,0.0,0.0,0.0,0.0,0.0,0.0,0.0,0.0,0.0,0.0,0.0,0.0,0.0,0.0,0.0,0.0,0.0,0.0,0.0,-0.0,-2.004,0.0,0.0,0.0,0.0,0.0,0.0,4886.0,-3.697184374406093e+19,6940.0,0.0,-0.0,2.004,2.004,0.0,0.0,0.0,0.0,69,89220.555,-0.0,0.0,0.0,0.0,0.0,0.0,0.0,0.0,0,0,0,0.0,0.0,0.0,0.0,0.0,0.0,0.0,0.0,0.0,0.0,0.0,0.0,0.0,0.0,0.0,0.0,0,-107875648.0,69,0.0,138,0.0,2.012,ERR,ERR,ERR,ERR,ERR,ERR,ERR,ERR,ERR,ERR,ERR,ERR,ERR,ERR,ERR,ERR,ERR,ERR,ERR,ERR,ERR,ERR,ERR,ERR,ERR,ERR,ERR,ERR,ERR,ERR,ERR,ERR,ERR,ERR,ERR,ERR,ERR,ERR,ERR,ERR,ERR,ERR,ERR,ERR,ERR,ERR,ERR,ERR,ERR,ERR,ERR,ERR,ERR,ERR,ERR,ERR,ERR,ERR,ERR,ERR,ERR,ERR,ERR,ERR,ERR,ERR,ERR,60.0,60.0,35,0.0,0.0,0.0,0.0,0.0,0.0,0.0,0.0,0.0,0.0,0.0,0.0,0.0,0.0,0.0,0.0,65.2,0,116,56,40,65476,0,300,0,0,8,20529,65476,0,0,2621,60.0,0.0,0.0,0.0,0.0,0.0
2026-07-09T15:16:35,ERR,ERR,ERR,ERR,ERR,ERR,ERR,ERR,ERR,ERR,ERR,ERR,ERR,ERR,ERR,ERR,ERR,ERR,ERR,ERR,ERR,ERR,ERR,ERR,ERR,ERR,ERR,ERR,ERR,ERR,ERR,ERR,ERR,ERR,ERR,ERR,ERR,ERR,ERR,ERR,ERR,ERR,ERR,ERR,ERR,ERR,ERR,ERR,ERR,ERR,ERR,ERR,ERR,ERR,ERR,ERR,ERR,ERR,ERR,ERR,ERR,ERR,ERR,ERR,ERR,ERR,ERR,ERR,ERR,ERR,ERR,ERR,ERR,ERR,ERR,ERR,ERR,ERR,ERR,ERR,ERR,ERR,ERR,ERR,ERR,ERR,ERR,ERR,ERR,ERR,ERR,ERR,ERR,ERR,ERR,ERR,ERR,ERR,ERR,ERR,ERR,ERR,ERR,ERR,ERR,ERR,ERR,ERR,ERR,ERR,ERR,ERR,ERR,ERR,ERR,ERR,ERR,ERR,ERR,ERR,ERR,ERR,ERR,ERR,ERR,-0.0,-0.0,-0.0,-0.0,6.20340907875272e+26,0.0,-0.0,-0.0,0,0,4,17429,7116,0.0,100,0.0,0.0,-0.0,0.0,0.0,0,0,0,0,0.0,0,0,0,0,0,0,0,0,0,0,0,0,0,0,0,0,0,0,0,0,0,0,0,0,0,0,0,0,0,0,0,0,0,31,40,40,71,65476,0,300,0,0,8,21553,0.0,-107605600.0,0.0,0.0,0.0,0.0,0.0,0.0,0.0,0.0,0.0,0.0,0.0,0.0,0.0,0.0,0.0,0.0,0.0,0.0,0.0,0.0,-0.0,-2.004,0.0,0.0,0.0,0.0,0.0,0.0,4886.0,-3.697184374406093e+19,6940.0,0.0,-0.0,2.004,2.004,0.0,0.0,0.0,0.0,69,89220.555,-0.0,0.0,0.0,0.0,0.0,0.0,0.0,0.0,0,0,0,0.0,0.0,0.0,0.0,0.0,0.0,0.0,0.0,0.0,0.0,0.0,0.0,0.0,0.0,0.0,0.0,0,-107875648.0,69,0.0,138,0.0,2.012,ERR,ERR,ERR,ERR,ERR,ERR,ERR,ERR,ERR,ERR,ERR,ERR,ERR,ERR,ERR,ERR,ERR,ERR,ERR,ERR,ERR,ERR,ERR,ERR,ERR,ERR,ERR,ERR,ERR,ERR,ERR,ERR,ERR,ERR,ERR,ERR,ERR,ERR,ERR,ERR,ERR,ERR,ERR,ERR,ERR,ERR,ERR,ERR,ERR,ERR,ERR,ERR,ERR,ERR,ERR,ERR,ERR,ERR,ERR,ERR,ERR,ERR,ERR,ERR,ERR,ERR,ERR,60.0,60.0,35,0.0,0.0,0.0,0.0,0.0,0.0,0.0,0.0,0.0,0.0,0.0,0.0,0.0,0.0,0.0,0.0,65.2,0,116,56,40,65476,0,300,0,0,8,20529,65476,0,0,2621,60.0,0.0,0.0,0.0,0.0,0.0
2026-07-09T15:16:36,ERR,ERR,ERR,ERR,ERR,ERR,ERR,ERR,ERR,ERR,ERR,ERR,ERR,ERR,ERR,ERR,ERR,ERR,ERR,ERR,ERR,ERR,ERR,ERR,ERR,ERR,ERR,ERR,ERR,ERR,ERR,ERR,ERR,ERR,ERR,ERR,ERR,ERR,ERR,ERR,ERR,ERR,ERR,ERR,ERR,ERR,ERR,ERR,ERR,ERR,ERR,ERR,ERR,ERR,ERR,ERR,ERR,ERR,ERR,ERR,ERR,ERR,ERR,ERR,ERR,ERR,ERR,ERR,ERR,ERR,ERR,ERR,ERR,ERR,ERR,ERR,ERR,ERR,ERR,ERR,ERR,ERR,ERR,ERR,ERR,ERR,ERR,ERR,ERR,ERR,ERR,ERR,ERR,ERR,ERR,ERR,ERR,ERR,ERR,ERR,ERR,ERR,ERR,ERR,ERR,ERR,ERR,ERR,ERR,ERR,ERR,ERR,ERR,ERR,ERR,ERR,ERR,ERR,ERR,ERR,ERR,ERR,ERR,ERR,ERR,-0.0,-0.0,-0.0,-0.0,6.20340907875272e+26,0.0,-0.0,-0.0,0,0,4,17429,7116,0.0,100,0.0,0.0,-0.0,0.0,0.0,0,0,0,0,0.0,0,0,0,0,0,0,0,0,0,0,0,0,0,0,0,0,0,0,0,0,0,0,0,0,0,0,0,0,0,0,0,0,0,31,40,40,71,65476,0,300,0,0,8,21553,0.0,-107605600.0,0.0,0.0,0.0,0.0,0.0,0.0,0.0,0.0,0.0,0.0,0.0,0.0,0.0,0.0,0.0,0.0,0.0,0.0,0.0,0.0,-0.0,-2.004,0.0,0.0,0.0,0.0,0.0,0.0,4886.0,-3.697184374406093e+19,6940.0,0.0,-0.0,2.004,2.004,0.0,0.0,0.0,0.0,69,89220.555,-0.0,0.0,0.0,0.0,0.0,0.0,0.0,0.0,0,0,0,0.0,0.0,0.0,0.0,0.0,0.0,0.0,0.0,0.0,0.0,0.0,0.0,0.0,0.0,0.0,0.0,0,-107875648.0,69,0.0,138,0.0,2.012,ERR,ERR,ERR,ERR,ERR,ERR,ERR,ERR,ERR,ERR,ERR,ERR,ERR,ERR,ERR,ERR,ERR,ERR,ERR,ERR,ERR,ERR,ERR,ERR,ERR,ERR,ERR,ERR,ERR,ERR,ERR,ERR,ERR,ERR,ERR,ERR,ERR,ERR,ERR,ERR,ERR,ERR,ERR,ERR,ERR,ERR,ERR,ERR,ERR,ERR,ERR,ERR,ERR,ERR,ERR,ERR,ERR,ERR,ERR,ERR,ERR,ERR,ERR,ERR,ERR,ERR,ERR,60.0,60.0,35,0.0,0.0,0.0,0.0,0.0,0.0,0.0,0.0,0.0,0.0,0.0,0.0,0.0,0.0,0.0,0.0,65.2,0,116,56,40,65476,0,300,0,0,8,20529,65476,0,0,2621,60.0,0.0,0.0,0.0,0.0,0.0
2026-07-09T15:16:37,ERR,ERR,ERR,ERR,ERR,ERR,ERR,ERR,ERR,ERR,ERR,ERR,ERR,ERR,ERR,ERR,ERR,ERR,ERR,ERR,ERR,ERR,ERR,ERR,ERR,ERR,ERR,ERR,ERR,ERR,ERR,ERR,ERR,ERR,ERR,ERR,ERR,ERR,ERR,ERR,ERR,ERR,ERR,ERR,ERR,ERR,ERR,ERR,ERR,ERR,ERR,ERR,ERR,ERR,ERR,ERR,ERR,ERR,ERR,ERR,ERR,ERR,ERR,ERR,ERR,ERR,ERR,ERR,ERR,ERR,ERR,ERR,ERR,ERR,ERR,ERR,ERR,ERR,ERR,ERR,ERR,ERR,ERR,ERR,ERR,ERR,ERR,ERR,ERR,ERR,ERR,ERR,ERR,ERR,ERR,ERR,ERR,ERR,ERR,ERR,ERR,ERR,ERR,ERR,ERR,ERR,ERR,ERR,ERR,ERR,ERR,ERR,ERR,ERR,ERR,ERR,ERR,ERR,ERR,ERR,ERR,ERR,ERR,ERR,ERR,-0.0,-0.0,-0.0,-0.0,6.20340907875272e+26,0.0,-0.0,-0.0,0,0,4,17429,7116,0.0,100,0.0,0.0,-0.0,0.0,0.0,0,0,0,0,0.0,0,0,0,0,0,0,0,0,0,0,0,0,0,0,0,0,0,0,0,0,0,0,0,0,0,0,0,0,0,0,0,0,0,31,40,40,71,65476,0,300,0,0,8,21553,0.0,-107605600.0,0.0,0.0,0.0,0.0,0.0,0.0,0.0,0.0,0.0,0.0,0.0,0.0,0.0,0.0,0.0,0.0,0.0,0.0,0.0,0.0,-0.0,-2.004,0.0,0.0,0.0,0.0,0.0,0.0,4886.0,-3.697184374406093e+19,6940.0,0.0,-0.0,2.004,2.004,0.0,0.0,0.0,0.0,69,89220.555,-0.0,0.0,0.0,0.0,0.0,0.0,0.0,0.0,0,0,0,0.0,0.0,0.0,0.0,0.0,0.0,0.0,0.0,0.0,0.0,0.0,0.0,0.0,0.0,0.0,0.0,0,-107875648.0,69,0.0,138,0.0,2.012,ERR,ERR,ERR,ERR,ERR,ERR,ERR,ERR,ERR,ERR,ERR,ERR,ERR,ERR,ERR,ERR,ERR,ERR,ERR,ERR,ERR,ERR,ERR,ERR,ERR,ERR,ERR,ERR,ERR,ERR,ERR,ERR,ERR,ERR,ERR,ERR,ERR,ERR,ERR,ERR,ERR,ERR,ERR,ERR,ERR,ERR,ERR,ERR,ERR,ERR,ERR,ERR,ERR,ERR,ERR,ERR,ERR,ERR,ERR,ERR,ERR,ERR,ERR,ERR,ERR,ERR,ERR,60.0,60.0,35,0.0,0.0,0.0,0.0,0.0,0.0,0.0,0.0,0.0,0.0,0.0,0.0,0.0,0.0,0.0,0.0,65.6,0,116,56,40,65476,0,300,0,0,8,20529,65476,0,0,2621,60.0,0.0,0.0,0.0,0.0,0.0
2026-07-09T15:16:38,ERR,ERR,ERR,ERR,ERR,ERR,ERR,ERR,ERR,ERR,ERR,ERR,ERR,ERR,ERR,ERR,ERR,ERR,ERR,ERR,ERR,ERR,ERR,ERR,ERR,ERR,ERR,ERR,ERR,ERR,ERR,ERR,ERR,ERR,ERR,ERR,ERR,ERR,ERR,ERR,ERR,ERR,ERR,ERR,ERR,ERR,ERR,ERR,ERR,ERR,ERR,ERR,ERR,ERR,ERR,ERR,ERR,ERR,ERR,ERR,ERR,ERR,ERR,ERR,ERR,ERR,ERR,ERR,ERR,ERR,ERR,ERR,ERR,ERR,ERR,ERR,ERR,ERR,ERR,ERR,ERR,ERR,ERR,ERR,ERR,ERR,ERR,ERR,ERR,ERR,ERR,ERR,ERR,ERR,ERR,ERR,ERR,ERR,ERR,ERR,ERR,ERR,ERR,ERR,ERR,ERR,ERR,ERR,ERR,ERR,ERR,ERR,ERR,ERR,ERR,ERR,ERR,ERR,ERR,ERR,ERR,ERR,ERR,ERR,ERR,0.0,-0.0,0.0,0.0,4.352356992606536e+17,-0.0,0.0,-0.0,0,0,4,17428,7116,0.0,100,0.0,0.0,0.0,0.0,0.0,0,0,0,0,0.0,0,0,0,0,0,0,0,0,0,0,0,0,0,0,0,0,0,0,0,0,0,0,0,0,0,0,0,0,0,0,0,0,0,31,40,40,71,65476,0,300,0,0,8,21553,0.0,-107605600.0,0.0,0.0,0.0,0.0,0.0,0.0,0.0,0.0,0.0,0.0,0.0,0.0,0.0,0.0,0.0,0.0,0.0,0.0,0.0,0.0,2.004,-2.004,0.0,0.0,0.0,0.0,0.0,0.0,4914.0,0.0,6918.0,0.0,-0.0,2.004,2.004,0.0,0.0,0.0,0.0,69,0.0,0.0,0.0,0.0,0.0,0.0,0.0,0.0,0.0,0,0,0,0.0,0.0,0.0,0.0,0.0,0.0,0.0,0.0,0.0,0.0,0.0,0.0,0.0,0.0,0.0,0.0,0,-107875648.0,69,0.0,138,0.0,2.012,ERR,ERR,ERR,ERR,ERR,ERR,ERR,ERR,ERR,ERR,ERR,ERR,ERR,ERR,ERR,ERR,ERR,ERR,ERR,ERR,ERR,ERR,ERR,ERR,ERR,ERR,ERR,ERR,ERR,ERR,ERR,ERR,ERR,ERR,ERR,ERR,ERR,ERR,ERR,ERR,ERR,ERR,ERR,ERR,ERR,ERR,ERR,ERR,ERR,ERR,ERR,ERR,ERR,ERR,ERR,ERR,ERR,ERR,ERR,ERR,ERR,ERR,ERR,ERR,ERR,ERR,ERR,60.0,60.0,35,0.0,0.0,0.0,0.0,0.0,0.0,0.0,0.0,0.0,0.0,0.0,0.0,0.0,0.0,0.0,0.0,65.2,0,116,56,40,65476,0,300,0,0,8,20529,65476,0,0,2621,60.0,0.0,0.0,0.0,0.0,0.0
2026-07-09T15:16:39,ERR,ERR,ERR,ERR,ERR,ERR,ERR,ERR,ERR,ERR,ERR,ERR,ERR,ERR,ERR,ERR,ERR,ERR,ERR,ERR,ERR,ERR,ERR,ERR,ERR,ERR,ERR,ERR,ERR,ERR,ERR,ERR,ERR,ERR,ERR,ERR,ERR,ERR,ERR,ERR,ERR,ERR,ERR,ERR,ERR,ERR,ERR,ERR,ERR,ERR,ERR,ERR,ERR,ERR,ERR,ERR,ERR,ERR,ERR,ERR,ERR,ERR,ERR,ERR,ERR,ERR,ERR,ERR,ERR,ERR,ERR,ERR,ERR,ERR,ERR,ERR,ERR,ERR,ERR,ERR,ERR,ERR,ERR,ERR,ERR,ERR,ERR,ERR,ERR,ERR,ERR,ERR,ERR,ERR,ERR,ERR,ERR,ERR,ERR,ERR,ERR,ERR,ERR,ERR,ERR,ERR,ERR,ERR,ERR,ERR,ERR,ERR,ERR,ERR,ERR,ERR,ERR,ERR,ERR,ERR,ERR,ERR,ERR,ERR,ERR,0.0,-0.0,0.0,0.0,4.352356992606536e+17,-0.0,0.0,-0.0,0,0,4,17428,7116,0.0,100,0.0,0.0,0.0,0.0,0.0,0,0,0,0,0.0,0,0,0,0,0,0,0,0,0,0,0,0,0,0,0,0,0,0,0,0,0,0,0,0,0,0,0,0,0,0,0,0,0,31,40,40,71,65476,0,300,0,0,8,21553,0.0,-107605600.0,0.0,0.0,0.0,0.0,0.0,0.0,0.0,0.0,0.0,0.0,0.0,0.0,0.0,0.0,0.0,0.0,0.0,0.0,0.0,0.0,2.004,-2.004,0.0,0.0,0.0,0.0,0.0,0.0,4914.0,0.0,6918.0,0.0,-0.0,2.004,2.004,0.0,0.0,0.0,0.0,69,0.0,0.0,0.0,0.0,0.0,0.0,0.0,0.0,0.0,0,0,0,0.0,0.0,0.0,0.0,0.0,0.0,0.0,0.0,0.0,0.0,0.0,0.0,0.0,0.0,0.0,0.0,0,-107875648.0,69,0.0,138,0.0,2.012,ERR,ERR,ERR,ERR,ERR,ERR,ERR,ERR,ERR,ERR,ERR,ERR,ERR,ERR,ERR,ERR,ERR,ERR,ERR,ERR,ERR,ERR,ERR,ERR,ERR,ERR,ERR,ERR,ERR,ERR,ERR,ERR,ERR,ERR,ERR,ERR,ERR,ERR,ERR,ERR,ERR,ERR,ERR,ERR,ERR,ERR,ERR,ERR,ERR,ERR,ERR,ERR,ERR,ERR,ERR,ERR,ERR,ERR,ERR,ERR,ERR,ERR,ERR,ERR,ERR,ERR,ERR,60.0,60.0,35,0.0,0.0,0.0,0.0,0.0,0.0,0.0,0.0,0.0,0.0,0.0,0.0,0.0,0.0,0.0,0.0,65.2,0,116,56,40,65476,0,300,0,0,8,20529,65476,0,0,2621,60.0,0.0,0.0,0.0,0.0,0.0
2026-07-09T15:16:40,ERR,ERR,ERR,ERR,ERR,ERR,ERR,ERR,ERR,ERR,ERR,ERR,ERR,ERR,ERR,ERR,ERR,ERR,ERR,ERR,ERR,ERR,ERR,ERR,ERR,ERR,ERR,ERR,ERR,ERR,ERR,ERR,ERR,ERR,ERR,ERR,ERR,ERR,ERR,ERR,ERR,ERR,ERR,ERR,ERR,ERR,ERR,ERR,ERR,ERR,ERR,ERR,ERR,ERR,ERR,ERR,ERR,ERR,ERR,ERR,ERR,ERR,ERR,ERR,ERR,ERR,ERR,ERR,ERR,ERR,ERR,ERR,ERR,ERR,ERR,ERR,ERR,ERR,ERR,ERR,ERR,ERR,ERR,ERR,ERR,ERR,ERR,ERR,ERR,ERR,ERR,ERR,ERR,ERR,ERR,ERR,ERR,ERR,ERR,ERR,ERR,ERR,ERR,ERR,ERR,ERR,ERR,ERR,ERR,ERR,ERR,ERR,ERR,ERR,ERR,ERR,ERR,ERR,ERR,ERR,ERR,ERR,ERR,ERR,ERR,0.0,-0.0,0.0,0.0,4.352356992606536e+17,-0.0,0.0,-0.0,0,0,4,17428,7116,0.0,100,0.0,0.0,0.0,0.0,0.0,0,0,0,0,0.0,0,0,0,0,0,0,0,0,0,0,0,0,0,0,0,0,0,0,0,0,0,0,0,0,0,0,0,0,0,0,0,0,0,31,40,40,71,65476,0,300,0,0,8,21553,0.0,-107605600.0,0.0,0.0,0.0,0.0,0.0,0.0,0.0,0.0,0.0,0.0,0.0,0.0,0.0,0.0,0.0,0.0,0.0,0.0,0.0,0.0,2.004,-2.004,0.0,0.0,0.0,0.0,0.0,0.0,4914.0,0.0,6918.0,0.0,-0.0,2.004,2.004,0.0,0.0,0.0,0.0,69,0.0,0.0,0.0,0.0,0.0,0.0,0.0,0.0,0.0,0,0,0,0.0,0.0,0.0,0.0,0.0,0.0,0.0,0.0,0.0,0.0,0.0,0.0,0.0,0.0,0.0,0.0,0,-107875648.0,69,0.0,138,0.0,2.012,ERR,ERR,ERR,ERR,ERR,ERR,ERR,ERR,ERR,ERR,ERR,ERR,ERR,ERR,ERR,ERR,ERR,ERR,ERR,ERR,ERR,ERR,ERR,ERR,ERR,ERR,ERR,ERR,ERR,ERR,ERR,ERR,ERR,ERR,ERR,ERR,ERR,ERR,ERR,ERR,ERR,ERR,ERR,ERR,ERR,ERR,ERR,ERR,ERR,ERR,ERR,ERR,ERR,ERR,ERR,ERR,ERR,ERR,ERR,ERR,ERR,ERR,ERR,ERR,ERR,ERR,ERR,60.0,60.0,35,0.0,0.0,0.0,0.0,0.0,0.0,0.0,0.0,0.0,0.0,0.0,0.0,0.0,0.0,0.0,0.0,65.6,0,116,56,40,65476,0,300,0,0,8,20529,65476,0,0,2621,60.0,0.0,0.0,0.0,0.0,0.0
2026-07-09T15:16:41,ERR,ERR,ERR,ERR,ERR,ERR,ERR,ERR,ERR,ERR,ERR,ERR,ERR,ERR,ERR,ERR,ERR,ERR,ERR,ERR,ERR,ERR,ERR,ERR,ERR,ERR,ERR,ERR,ERR,ERR,ERR,ERR,ERR,ERR,ERR,ERR,ERR,ERR,ERR,ERR,ERR,ERR,ERR,ERR,ERR,ERR,ERR,ERR,ERR,ERR,ERR,ERR,ERR,ERR,ERR,ERR,ERR,ERR,ERR,ERR,ERR,ERR,ERR,ERR,ERR,ERR,ERR,ERR,ERR,ERR,ERR,ERR,ERR,ERR,ERR,ERR,ERR,ERR,ERR,ERR,ERR,ERR,ERR,ERR,ERR,ERR,ERR,ERR,ERR,ERR,ERR,ERR,ERR,ERR,ERR,ERR,ERR,ERR,ERR,ERR,ERR,ERR,ERR,ERR,ERR,ERR,ERR,ERR,ERR,ERR,ERR,ERR,ERR,ERR,ERR,ERR,ERR,ERR,ERR,ERR,ERR,ERR,ERR,ERR,ERR,0.0,-0.0,0.0,0.0,4.352356992606536e+17,-0.0,0.0,-0.0,0,0,4,17428,7116,0.0,100,0.0,0.0,0.0,0.0,0.0,0,0,0,0,0.0,0,0,0,0,0,0,0,0,0,0,0,0,0,0,0,0,0,0,0,0,0,0,0,0,0,0,0,0,0,0,0,0,0,31,40,40,71,65476,0,300,0,0,8,21553,0.0,-107605600.0,0.0,0.0,0.0,0.0,0.0,0.0,0.0,0.0,0.0,0.0,0.0,0.0,0.0,0.0,0.0,0.0,0.0,0.0,0.0,0.0,2.004,-2.004,0.0,0.0,0.0,0.0,0.0,0.0,4914.0,0.0,6918.0,0.0,-0.0,2.004,2.004,0.0,0.0,0.0,0.0,69,0.0,0.0,0.0,0.0,0.0,0.0,0.0,0.0,0.0,0,0,0,0.0,0.0,0.0,0.0,0.0,0.0,0.0,0.0,0.0,0.0,0.0,0.0,0.0,0.0,0.0,0.0,0,-107875648.0,69,0.0,138,0.0,2.012,ERR,ERR,ERR,ERR,ERR,ERR,ERR,ERR,ERR,ERR,ERR,ERR,ERR,ERR,ERR,ERR,ERR,ERR,ERR,ERR,ERR,ERR,ERR,ERR,ERR,ERR,ERR,ERR,ERR,ERR,ERR,ERR,ERR,ERR,ERR,ERR,ERR,ERR,ERR,ERR,ERR,ERR,ERR,ERR,ERR,ERR,ERR,ERR,ERR,ERR,ERR,ERR,ERR,ERR,ERR,ERR,ERR,ERR,ERR,ERR,ERR,ERR,ERR,ERR,ERR,ERR,ERR,60.0,60.0,35,0.0,0.0,0.0,0.0,0.0,0.0,0.0,0.0,0.0,0.0,0.0,0.0,0.0,0.0,0.0,0.0,65.6,0,116,56,40,65476,0,300,0,0,8,20529,65476,0,0,2621,60.0,0.0,0.0,0.0,0.0,0.0
2026-07-09T15:16:42,ERR,ERR,ERR,ERR,ERR,ERR,ERR,ERR,ERR,ERR,ERR,ERR,ERR,ERR,ERR,ERR,ERR,ERR,ERR,ERR,ERR,ERR,ERR,ERR,ERR,ERR,ERR,ERR,ERR,ERR,ERR,ERR,ERR,ERR,ERR,ERR,ERR,ERR,ERR,ERR,ERR,ERR,ERR,ERR,ERR,ERR,ERR,ERR,ERR,ERR,ERR,ERR,ERR,ERR,ERR,ERR,ERR,ERR,ERR,ERR,ERR,ERR,ERR,ERR,ERR,ERR,ERR,ERR,ERR,ERR,ERR,ERR,ERR,ERR,ERR,ERR,ERR,ERR,ERR,ERR,ERR,ERR,ERR,ERR,ERR,ERR,ERR,ERR,ERR,ERR,ERR,ERR,ERR,ERR,ERR,ERR,ERR,ERR,ERR,ERR,ERR,ERR,ERR,ERR,ERR,ERR,ERR,ERR,ERR,ERR,ERR,ERR,ERR,ERR,ERR,ERR,ERR,ERR,ERR,ERR,ERR,ERR,ERR,ERR,ERR,0.0,-0.0,0.0,0.0,4.352356992606536e+17,-0.0,0.0,-0.0,0,0,4,17428,7116,0.0,100,0.0,0.0,0.0,0.0,0.0,0,0,0,0,0.0,0,0,0,0,0,0,0,0,0,0,0,0,0,0,0,0,0,0,0,0,0,0,0,0,0,0,0,0,0,0,0,0,0,31,40,40,71,65476,0,300,0,0,8,21553,0.0,-107605600.0,0.0,0.0,0.0,0.0,0.0,0.0,0.0,0.0,0.0,0.0,0.0,0.0,0.0,0.0,0.0,0.0,0.0,0.0,0.0,0.0,2.004,-2.004,0.0,0.0,0.0,0.0,0.0,0.0,4914.0,0.0,6918.0,0.0,-0.0,2.004,2.004,0.0,0.0,0.0,0.0,69,0.0,0.0,0.0,0.0,0.0,0.0,0.0,0.0,0.0,0,0,0,0.0,0.0,0.0,0.0,0.0,0.0,0.0,0.0,0.0,0.0,0.0,0.0,0.0,0.0,0.0,0.0,0,-107875648.0,69,0.0,138,0.0,2.012,ERR,ERR,ERR,ERR,ERR,ERR,ERR,ERR,ERR,ERR,ERR,ERR,ERR,ERR,ERR,ERR,ERR,ERR,ERR,ERR,ERR,ERR,ERR,ERR,ERR,ERR,ERR,ERR,ERR,ERR,ERR,ERR,ERR,ERR,ERR,ERR,ERR,ERR,ERR,ERR,ERR,ERR,ERR,ERR,ERR,ERR,ERR,ERR,ERR,ERR,ERR,ERR,ERR,ERR,ERR,ERR,ERR,ERR,ERR,ERR,ERR,ERR,ERR,ERR,ERR,ERR,ERR,60.0,60.0,35,0.0,0.0,0.0,0.0,0.0,0.0,0.0,0.0,0.0,0.0,0.0,0.0,0.0,0.0,0.0,0.0,65.6,0,116,56,40,65476,0,300,0,0,8,20529,65476,0,0,2621,60.0,0.0,0.0,0.0,0.0,0.0
2026-07-09T15:16:43,ERR,ERR,ERR,ERR,ERR,ERR,ERR,ERR,ERR,ERR,ERR,ERR,ERR,ERR,ERR,ERR,ERR,ERR,ERR,ERR,ERR,ERR,ERR,ERR,ERR,ERR,ERR,ERR,ERR,ERR,ERR,ERR,ERR,ERR,ERR,ERR,ERR,ERR,ERR,ERR,ERR,ERR,ERR,ERR,ERR,ERR,ERR,ERR,ERR,ERR,ERR,ERR,ERR,ERR,ERR,ERR,ERR,ERR,ERR,ERR,ERR,ERR,ERR,ERR,ERR,ERR,ERR,ERR,ERR,ERR,ERR,ERR,ERR,ERR,ERR,ERR,ERR,ERR,ERR,ERR,ERR,ERR,ERR,ERR,ERR,ERR,ERR,ERR,ERR,ERR,ERR,ERR,ERR,ERR,ERR,ERR,ERR,ERR,ERR,ERR,ERR,ERR,ERR,ERR,ERR,ERR,ERR,ERR,ERR,ERR,ERR,ERR,ERR,ERR,ERR,ERR,ERR,ERR,ERR,ERR,ERR,ERR,ERR,ERR,ERR,0.0,2.718446053682765e+23,-0.0,2.718366610185338e+23,-510.567,5.464606795997923e+27,-9.851152355771172e+32,0.0,0,0,4,17429,7116,0.0,100,0.0,0.0,2.718366610185338e+23,0.0,0.0,0,0,0,0,0.0,0,0,0,0,0,0,0,0,0,0,0,0,0,0,0,0,0,0,0,0,0,0,0,0,0,0,0,0,0,0,0,0,0,31,40,40,71,65476,0,300,0,0,8,21553,0.0,-107605600.0,0.0,0.0,0.0,0.0,0.0,0.0,0.0,0.0,0.0,0.0,0.0,0.0,0.0,0.0,0.0,0.0,0.0,0.0,0.0,0.0,2.004,-0.0,0.0,0.0,0.0,0.0,0.0,0.0,4911.0,-0.0,6934.0,0.0,2.718446053682765e+23,2.004,2.004,0.0,0.0,0.0,0.0,69,0.0,-0.0,0.0,0.0,0.0,0.0,0.0,0.0,0.0,0,0,0,0.0,0.0,0.0,0.0,0.0,0.0,0.0,0.0,0.0,0.0,0.0,0.0,0.0,0.0,0.0,0.0,0,-107875648.0,69,0.0,138,0.0,2.012,ERR,ERR,ERR,ERR,ERR,ERR,ERR,ERR,ERR,ERR,ERR,ERR,ERR,ERR,ERR,ERR,ERR,ERR,ERR,ERR,ERR,ERR,ERR,ERR,ERR,ERR,ERR,ERR,ERR,ERR,ERR,ERR,ERR,ERR,ERR,ERR,ERR,ERR,ERR,ERR,ERR,ERR,ERR,ERR,ERR,ERR,ERR,ERR,ERR,ERR,ERR,ERR,ERR,ERR,ERR,ERR,ERR,ERR,ERR,ERR,ERR,ERR,ERR,ERR,ERR,ERR,ERR,60.0,60.0,35,0.0,0.0,0.0,0.0,0.0,0.0,0.0,0.0,0.0,0.0,0.0,0.0,0.0,0.0,0.0,0.0,65.6,0,116,56,40,65476,0,300,0,0,8,20529,65476,0,0,2621,60.0,0.0,0.0,0.0,0.0,0.0
2026-07-09T15:16:44,ERR,ERR,ERR,ERR,ERR,ERR,ERR,ERR,ERR,ERR,ERR,ERR,ERR,ERR,ERR,ERR,ERR,ERR,ERR,ERR,ERR,ERR,ERR,ERR,ERR,ERR,ERR,ERR,ERR,ERR,ERR,ERR,ERR,ERR,ERR,ERR,ERR,ERR,ERR,ERR,ERR,ERR,ERR,ERR,ERR,ERR,ERR,ERR,ERR,ERR,ERR,ERR,ERR,ERR,ERR,ERR,ERR,ERR,ERR,ERR,ERR,ERR,ERR,ERR,ERR,ERR,ERR,ERR,ERR,ERR,ERR,ERR,ERR,ERR,ERR,ERR,ERR,ERR,ERR,ERR,ERR,ERR,ERR,ERR,ERR,ERR,ERR,ERR,ERR,ERR,ERR,ERR,ERR,ERR,ERR,ERR,ERR,ERR,ERR,ERR,ERR,ERR,ERR,ERR,ERR,ERR,ERR,ERR,ERR,ERR,ERR,ERR,ERR,ERR,ERR,ERR,ERR,ERR,ERR,ERR,ERR,ERR,ERR,ERR,ERR,0.0,2.718446053682765e+23,-0.0,2.718366610185338e+23,-510.567,5.464606795997923e+27,-9.851152355771172e+32,0.0,0,0,4,17429,7116,0.0,100,0.0,0.0,2.718366610185338e+23,0.0,0.0,0,0,0,0,0.0,0,0,0,0,0,0,0,0,0,0,0,0,0,0,0,0,0,0,0,0,0,0,0,0,0,0,0,0,0,0,0,0,0,31,40,40,71,65476,0,300,0,0,8,21553,0.0,-107605600.0,0.0,0.0,0.0,0.0,0.0,0.0,0.0,0.0,0.0,0.0,0.0,0.0,0.0,0.0,0.0,0.0,0.0,0.0,0.0,0.0,2.004,-0.0,0.0,0.0,0.0,0.0,0.0,0.0,4911.0,-0.0,6934.0,0.0,2.718446053682765e+23,2.004,2.004,0.0,0.0,0.0,0.0,69,0.0,-0.0,0.0,0.0,0.0,0.0,0.0,0.0,0.0,0,0,0,0.0,0.0,0.0,0.0,0.0,0.0,0.0,0.0,0.0,0.0,0.0,0.0,0.0,0.0,0.0,0.0,0,-107875648.0,69,0.0,138,0.0,2.012,ERR,ERR,ERR,ERR,ERR,ERR,ERR,ERR,ERR,ERR,ERR,ERR,ERR,ERR,ERR,ERR,ERR,ERR,ERR,ERR,ERR,ERR,ERR,ERR,ERR,ERR,ERR,ERR,ERR,ERR,ERR,ERR,ERR,ERR,ERR,ERR,ERR,ERR,ERR,ERR,ERR,ERR,ERR,ERR,ERR,ERR,ERR,ERR,ERR,ERR,ERR,ERR,ERR,ERR,ERR,ERR,ERR,ERR,ERR,ERR,ERR,ERR,ERR,ERR,ERR,ERR,ERR,60.0,60.0,35,0.0,0.0,0.0,0.0,0.0,0.0,0.0,0.0,0.0,0.0,0.0,0.0,0.0,0.0,0.0,0.0,65.6,0,116,56,40,65476,0,300,0,0,8,20529,65476,0,0,2621,60.0,0.0,0.0,0.0,0.0,0.0
2026-07-09T15:16:45,ERR,ERR,ERR,ERR,ERR,ERR,ERR,ERR,ERR,ERR,ERR,ERR,ERR,ERR,ERR,ERR,ERR,ERR,ERR,ERR,ERR,ERR,ERR,ERR,ERR,ERR,ERR,ERR,ERR,ERR,ERR,ERR,ERR,ERR,ERR,ERR,ERR,ERR,ERR,ERR,ERR,ERR,ERR,ERR,ERR,ERR,ERR,ERR,ERR,ERR,ERR,ERR,ERR,ERR,ERR,ERR,ERR,ERR,ERR,ERR,ERR,ERR,ERR,ERR,ERR,ERR,ERR,ERR,ERR,ERR,ERR,ERR,ERR,ERR,ERR,ERR,ERR,ERR,ERR,ERR,ERR,ERR,ERR,ERR,ERR,ERR,ERR,ERR,ERR,ERR,ERR,ERR,ERR,ERR,ERR,ERR,ERR,ERR,ERR,ERR,ERR,ERR,ERR,ERR,ERR,ERR,ERR,ERR,ERR,ERR,ERR,ERR,ERR,ERR,ERR,ERR,ERR,ERR,ERR,ERR,ERR,ERR,ERR,ERR,ERR,0.0,2.718446053682765e+23,-0.0,2.718366610185338e+23,-510.567,5.464606795997923e+27,-9.851152355771172e+32,0.0,0,0,4,17429,7116,0.0,100,0.0,0.0,2.718366610185338e+23,0.0,0.0,0,0,0,0,0.0,0,0,0,0,0,0,0,0,0,0,0,0,0,0,0,0,0,0,0,0,0,0,0,0,0,0,0,0,0,0,0,0,0,31,40,40,71,65476,0,300,0,0,8,21553,0.0,-107605600.0,0.0,0.0,0.0,0.0,0.0,0.0,0.0,0.0,0.0,0.0,0.0,0.0,0.0,0.0,0.0,0.0,0.0,0.0,0.0,0.0,2.004,-0.0,0.0,0.0,0.0,0.0,0.0,0.0,4911.0,-0.0,6934.0,0.0,2.718446053682765e+23,2.004,2.004,0.0,0.0,0.0,0.0,69,0.0,-0.0,0.0,0.0,0.0,0.0,0.0,0.0,0.0,0,0,0,0.0,0.0,0.0,0.0,0.0,0.0,0.0,0.0,0.0,0.0,0.0,0.0,0.0,0.0,0.0,0.0,0,-107875648.0,69,0.0,138,0.0,2.012,ERR,ERR,ERR,ERR,ERR,ERR,ERR,ERR,ERR,ERR,ERR,ERR,ERR,ERR,ERR,ERR,ERR,ERR,ERR,ERR,ERR,ERR,ERR,ERR,ERR,ERR,ERR,ERR,ERR,ERR,ERR,ERR,ERR,ERR,ERR,ERR,ERR,ERR,ERR,ERR,ERR,ERR,ERR,ERR,ERR,ERR,ERR,ERR,ERR,ERR,ERR,ERR,ERR,ERR,ERR,ERR,ERR,ERR,ERR,ERR,ERR,ERR,ERR,ERR,ERR,ERR,ERR,60.0,60.0,35,0.0,0.0,0.0,0.0,0.0,0.0,0.0,0.0,0.0,0.0,0.0,0.0,0.0,0.0,0.0,0.0,65.6,0,116,56,40,65476,0,300,0,0,8,20529,65476,0,0,2621,60.0,0.0,0.0,0.0,0.0,0.0
2026-07-09T15:16:46,ERR,ERR,ERR,ERR,ERR,ERR,ERR,ERR,ERR,ERR,ERR,ERR,ERR,ERR,ERR,ERR,ERR,ERR,ERR,ERR,ERR,ERR,ERR,ERR,ERR,ERR,ERR,ERR,ERR,ERR,ERR,ERR,ERR,ERR,ERR,ERR,ERR,ERR,ERR,ERR,ERR,ERR,ERR,ERR,ERR,ERR,ERR,ERR,ERR,ERR,ERR,ERR,ERR,ERR,ERR,ERR,ERR,ERR,ERR,ERR,ERR,ERR,ERR,ERR,ERR,ERR,ERR,ERR,ERR,ERR,ERR,ERR,ERR,ERR,ERR,ERR,ERR,ERR,ERR,ERR,ERR,ERR,ERR,ERR,ERR,ERR,ERR,ERR,ERR,ERR,ERR,ERR,ERR,ERR,ERR,ERR,ERR,ERR,ERR,ERR,ERR,ERR,ERR,ERR,ERR,ERR,ERR,ERR,ERR,ERR,ERR,ERR,ERR,ERR,ERR,ERR,ERR,ERR,ERR,ERR,ERR,ERR,ERR,ERR,ERR,0.0,2.718446053682765e+23,-0.0,2.718366610185338e+23,-510.567,5.464606795997923e+27,-9.851152355771172e+32,0.0,0,0,4,17429,7116,0.0,100,0.0,0.0,2.718366610185338e+23,0.0,0.0,0,0,0,0,0.0,0,0,0,0,0,0,0,0,0,0,0,0,0,0,0,0,0,0,0,0,0,0,0,0,0,0,0,0,0,0,0,0,0,31,40,40,71,65476,0,300,0,0,8,21553,0.0,-107605600.0,0.0,0.0,0.0,0.0,0.0,0.0,0.0,0.0,0.0,0.0,0.0,0.0,0.0,0.0,0.0,0.0,0.0,0.0,0.0,0.0,2.004,-0.0,0.0,0.0,0.0,0.0,0.0,0.0,4911.0,-0.0,6934.0,0.0,2.718446053682765e+23,2.004,2.004,0.0,0.0,0.0,0.0,69,0.0,-0.0,0.0,0.0,0.0,0.0,0.0,0.0,0.0,0,0,0,0.0,0.0,0.0,0.0,0.0,0.0,0.0,0.0,0.0,0.0,0.0,0.0,0.0,0.0,0.0,0.0,0,-107875648.0,69,0.0,138,0.0,2.012,ERR,ERR,ERR,ERR,ERR,ERR,ERR,ERR,ERR,ERR,ERR,ERR,ERR,ERR,ERR,ERR,ERR,ERR,ERR,ERR,ERR,ERR,ERR,ERR,ERR,ERR,ERR,ERR,ERR,ERR,ERR,ERR,ERR,ERR,ERR,ERR,ERR,ERR,ERR,ERR,ERR,ERR,ERR,ERR,ERR,ERR,ERR,ERR,ERR,ERR,ERR,ERR,ERR,ERR,ERR,ERR,ERR,ERR,ERR,ERR,ERR,ERR,ERR,ERR,ERR,ERR,ERR,60.0,60.0,35,0.0,0.0,0.0,0.0,0.0,0.0,0.0,0.0,0.0,0.0,0.0,0.0,0.0,0.0,0.0,0.0,65.6,0,116,56,40,65476,0,300,0,0,8,20529,65476,0,0,2621,60.0,0.0,0.0,0.0,0.0,0.0
2026-07-09T15:16:47,ERR,ERR,ERR,ERR,ERR,ERR,ERR,ERR,ERR,ERR,ERR,ERR,ERR,ERR,ERR,ERR,ERR,ERR,ERR,ERR,ERR,ERR,ERR,ERR,ERR,ERR,ERR,ERR,ERR,ERR,ERR,ERR,ERR,ERR,ERR,ERR,ERR,ERR,ERR,ERR,ERR,ERR,ERR,ERR,ERR,ERR,ERR,ERR,ERR,ERR,ERR,ERR,ERR,ERR,ERR,ERR,ERR,ERR,ERR,ERR,ERR,ERR,ERR,ERR,ERR,ERR,ERR,ERR,ERR,ERR,ERR,ERR,ERR,ERR,ERR,ERR,ERR,ERR,ERR,ERR,ERR,ERR,ERR,ERR,ERR,ERR,ERR,ERR,ERR,ERR,ERR,ERR,ERR,ERR,ERR,ERR,ERR,ERR,ERR,ERR,ERR,ERR,ERR,ERR,ERR,ERR,ERR,ERR,ERR,ERR,ERR,ERR,ERR,ERR,ERR,ERR,ERR,ERR,ERR,ERR,ERR,ERR,ERR,ERR,ERR,0.0,2.718446053682765e+23,-0.0,2.718366610185338e+23,-510.567,5.464606795997923e+27,-9.851152355771172e+32,0.0,0,0,4,17429,7116,0.0,100,0.0,0.0,2.718366610185338e+23,0.0,0.0,0,0,0,0,0.0,0,0,0,0,0,0,0,0,0,0,0,0,0,0,0,0,0,0,0,0,0,0,0,0,0,0,0,0,0,0,0,0,0,31,40,40,71,65476,0,300,0,0,8,21553,0.0,-107605600.0,0.0,0.0,0.0,0.0,0.0,0.0,0.0,0.0,0.0,0.0,0.0,0.0,0.0,0.0,0.0,0.0,0.0,0.0,0.0,0.0,2.004,-0.0,0.0,0.0,0.0,0.0,0.0,0.0,4911.0,-0.0,6934.0,0.0,2.718446053682765e+23,2.004,2.004,0.0,0.0,0.0,0.0,69,0.0,-0.0,0.0,0.0,0.0,0.0,0.0,0.0,0.0,0,0,0,0.0,0.0,0.0,0.0,0.0,0.0,0.0,0.0,0.0,0.0,0.0,0.0,0.0,0.0,0.0,0.0,0,-107875648.0,69,0.0,138,0.0,2.012,ERR,ERR,ERR,ERR,ERR,ERR,ERR,ERR,ERR,ERR,ERR,ERR,ERR,ERR,ERR,ERR,ERR,ERR,ERR,ERR,ERR,ERR,ERR,ERR,ERR,ERR,ERR,ERR,ERR,ERR,ERR,ERR,ERR,ERR,ERR,ERR,ERR,ERR,ERR,ERR,ERR,ERR,ERR,ERR,ERR,ERR,ERR,ERR,ERR,ERR,ERR,ERR,ERR,ERR,ERR,ERR,ERR,ERR,ERR,ERR,ERR,ERR,ERR,ERR,ERR,ERR,ERR,60.0,60.0,35,0.0,0.0,0.0,0.0,0.0,0.0,0.0,0.0,0.0,0.0,0.0,0.0,0.0,0.0,0.0,0.0,65.2,0,116,56,40,65476,0,300,0,0,8,20529,65476,0,0,2621,60.0,0.0,0.0,0.0,0.0,0.0
2026-07-09T15:16:48,ERR,ERR,ERR,ERR,ERR,ERR,ERR,ERR,ERR,ERR,ERR,ERR,ERR,ERR,ERR,ERR,ERR,ERR,ERR,ERR,ERR,ERR,ERR,ERR,ERR,ERR,ERR,ERR,ERR,ERR,ERR,ERR,ERR,ERR,ERR,ERR,ERR,ERR,ERR,ERR,ERR,ERR,ERR,ERR,ERR,ERR,ERR,ERR,ERR,ERR,ERR,ERR,ERR,ERR,ERR,ERR,ERR,ERR,ERR,ERR,ERR,ERR,ERR,ERR,ERR,ERR,ERR,ERR,ERR,ERR,ERR,ERR,ERR,ERR,ERR,ERR,ERR,ERR,ERR,ERR,ERR,ERR,ERR,ERR,ERR,ERR,ERR,ERR,ERR,ERR,ERR,ERR,ERR,ERR,ERR,ERR,ERR,ERR,ERR,ERR,ERR,ERR,ERR,ERR,ERR,ERR,ERR,ERR,ERR,ERR,ERR,ERR,ERR,ERR,ERR,ERR,ERR,ERR,ERR,ERR,ERR,ERR,ERR,ERR,ERR,-107615136.0,0.0,0.0,2.718366610185338e+23,nan,0.0,-6333390.0,-9.681141125125659e+27,0,0,4,17429,7116,0.0,100,0.0,0.0,2.718366610185338e+23,0.0,0.0,0,0,0,0,0.0,0,0,0,0,0,0,0,0,0,0,0,0,0,0,0,0,0,0,0,0,0,0,0,0,0,0,0,0,0,0,0,0,0,31,40,40,71,65476,0,300,0,0,8,21553,0.0,-107605600.0,0.0,0.0,0.0,0.0,0.0,0.0,0.0,0.0,0.0,0.0,0.0,0.0,0.0,0.0,0.0,0.0,0.0,0.0,0.0,0.0,0.0,3.6970682659782e+19,0.0,0.0,0.0,0.0,0.0,0.0,4911.0,-1.5879287864302983e+29,6942.0,-107615136.0,0.0,2.004,2.004,0.0,0.0,0.0,0.0,69,0.0,0.0,0.0,0.0,0.0,0.0,0.0,0.0,0.0,0,0,0,0.0,0.0,0.0,0.0,0.0,0.0,0.0,0.0,0.0,0.0,0.0,0.0,0.0,0.0,0.0,0.0,0,-107875648.0,69,0.0,138,0.0,2.012,ERR,ERR,ERR,ERR,ERR,ERR,ERR,ERR,ERR,ERR,ERR,ERR,ERR,ERR,ERR,ERR,ERR,ERR,ERR,ERR,ERR,ERR,ERR,ERR,ERR,ERR,ERR,ERR,ERR,ERR,ERR,ERR,ERR,ERR,ERR,ERR,ERR,ERR,ERR,ERR,ERR,ERR,ERR,ERR,ERR,ERR,ERR,ERR,ERR,ERR,ERR,ERR,ERR,ERR,ERR,ERR,ERR,ERR,ERR,ERR,ERR,ERR,ERR,ERR,ERR,ERR,ERR,60.0,60.0,35,0.0,0.0,0.0,0.0,0.0,0.0,0.0,0.0,0.0,0.0,0.0,0.0,0.0,0.0,0.0,0.0,65.2,0,116,56,40,65476,0,300,0,0,8,20529,65476,0,0,2621,60.0,0.0,0.0,0.0,0.0,0.0
2026-07-09T15:16:49,ERR,ERR,ERR,ERR,ERR,ERR,ERR,ERR,ERR,ERR,ERR,ERR,ERR,ERR,ERR,ERR,ERR,ERR,ERR,ERR,ERR,ERR,ERR,ERR,ERR,ERR,ERR,ERR,ERR,ERR,ERR,ERR,ERR,ERR,ERR,ERR,ERR,ERR,ERR,ERR,ERR,ERR,ERR,ERR,ERR,ERR,ERR,ERR,ERR,ERR,ERR,ERR,ERR,ERR,ERR,ERR,ERR,ERR,ERR,ERR,ERR,ERR,ERR,ERR,ERR,ERR,ERR,ERR,ERR,ERR,ERR,ERR,ERR,ERR,ERR,ERR,ERR,ERR,ERR,ERR,ERR,ERR,ERR,ERR,ERR,ERR,ERR,ERR,ERR,ERR,ERR,ERR,ERR,ERR,ERR,ERR,ERR,ERR,ERR,ERR,ERR,ERR,ERR,ERR,ERR,ERR,ERR,ERR,ERR,ERR,ERR,ERR,ERR,ERR,ERR,ERR,ERR,ERR,ERR,ERR,ERR,ERR,ERR,ERR,ERR,-107615136.0,0.0,0.0,2.718366610185338e+23,nan,0.0,-6333390.0,-9.681141125125659e+27,0,0,4,17429,7116,0.0,100,0.0,0.0,2.718366610185338e+23,0.0,0.0,0,0,0,0,0.0,0,0,0,0,0,0,0,0,0,0,0,0,0,0,0,0,0,0,0,0,0,0,0,0,0,0,0,0,0,0,0,0,0,31,40,40,71,65476,0,300,0,0,8,21553,0.0,-107605600.0,0.0,0.0,0.0,0.0,0.0,0.0,0.0,0.0,0.0,0.0,0.0,0.0,0.0,0.0,0.0,0.0,0.0,0.0,0.0,0.0,0.0,3.6970682659782e+19,0.0,0.0,0.0,0.0,0.0,0.0,4911.0,-1.5879287864302983e+29,6942.0,-107615136.0,0.0,2.004,2.004,0.0,0.0,0.0,0.0,69,0.0,0.0,0.0,0.0,0.0,0.0,0.0,0.0,0.0,0,0,0,0.0,0.0,0.0,0.0,0.0,0.0,0.0,0.0,0.0,0.0,0.0,0.0,0.0,0.0,0.0,0.0,0,-107875648.0,69,0.0,138,0.0,2.012,ERR,ERR,ERR,ERR,ERR,ERR,ERR,ERR,ERR,ERR,ERR,ERR,ERR,ERR,ERR,ERR,ERR,ERR,ERR,ERR,ERR,ERR,ERR,ERR,ERR,ERR,ERR,ERR,ERR,ERR,ERR,ERR,ERR,ERR,ERR,ERR,ERR,ERR,ERR,ERR,ERR,ERR,ERR,ERR,ERR,ERR,ERR,ERR,ERR,ERR,ERR,ERR,ERR,ERR,ERR,ERR,ERR,ERR,ERR,ERR,ERR,ERR,ERR,ERR,ERR,ERR,ERR,60.0,60.0,35,0.0,0.0,0.0,0.0,0.0,0.0,0.0,0.0,0.0,0.0,0.0,0.0,0.0,0.0,0.0,0.0,65.6,0,116,56,40,65476,0,300,0,0,8,20529,65476,0,0,2621,60.0,0.0,0.0,0.0,0.0,0.0
2026-07-09T15:16:50,ERR,ERR,ERR,ERR,ERR,ERR,ERR,ERR,ERR,ERR,ERR,ERR,ERR,ERR,ERR,ERR,ERR,ERR,ERR,ERR,ERR,ERR,ERR,ERR,ERR,ERR,ERR,ERR,ERR,ERR,ERR,ERR,ERR,ERR,ERR,ERR,ERR,ERR,ERR,ERR,ERR,ERR,ERR,ERR,ERR,ERR,ERR,ERR,ERR,ERR,ERR,ERR,ERR,ERR,ERR,ERR,ERR,ERR,ERR,ERR,ERR,ERR,ERR,ERR,ERR,ERR,ERR,ERR,ERR,ERR,ERR,ERR,ERR,ERR,ERR,ERR,ERR,ERR,ERR,ERR,ERR,ERR,ERR,ERR,ERR,ERR,ERR,ERR,ERR,ERR,ERR,ERR,ERR,ERR,ERR,ERR,ERR,ERR,ERR,ERR,ERR,ERR,ERR,ERR,ERR,ERR,ERR,ERR,ERR,ERR,ERR,ERR,ERR,ERR,ERR,ERR,ERR,ERR,ERR,ERR,ERR,ERR,ERR,ERR,ERR,-107615136.0,0.0,0.0,2.718366610185338e+23,nan,0.0,-6333390.0,-9.681141125125659e+27,0,0,4,17429,7116,0.0,100,0.0,0.0,2.718366610185338e+23,0.0,0.0,0,0,0,0,0.0,0,0,0,0,0,0,0,0,0,0,0,0,0,0,0,0,0,0,0,0,0,0,0,0,0,0,0,0,0,0,0,0,0,31,40,40,71,65476,0,300,0,0,8,21553,0.0,-107605600.0,0.0,0.0,0.0,0.0,0.0,0.0,0.0,0.0,0.0,0.0,0.0,0.0,0.0,0.0,0.0,0.0,0.0,0.0,0.0,0.0,0.0,3.6970682659782e+19,0.0,0.0,0.0,0.0,0.0,0.0,4911.0,-1.5879287864302983e+29,6942.0,-107615136.0,0.0,2.004,2.004,0.0,0.0,0.0,0.0,69,0.0,0.0,0.0,0.0,0.0,0.0,0.0,0.0,0.0,0,0,0,0.0,0.0,0.0,0.0,0.0,0.0,0.0,0.0,0.0,0.0,0.0,0.0,0.0,0.0,0.0,0.0,0,-107875648.0,69,0.0,138,0.0,2.012,ERR,ERR,ERR,ERR,ERR,ERR,ERR,ERR,ERR,ERR,ERR,ERR,ERR,ERR,ERR,ERR,ERR,ERR,ERR,ERR,ERR,ERR,ERR,ERR,ERR,ERR,ERR,ERR,ERR,ERR,ERR,ERR,ERR,ERR,ERR,ERR,ERR,ERR,ERR,ERR,ERR,ERR,ERR,ERR,ERR,ERR,ERR,ERR,ERR,ERR,ERR,ERR,ERR,ERR,ERR,ERR,ERR,ERR,ERR,ERR,ERR,ERR,ERR,ERR,ERR,ERR,ERR,60.0,60.0,35,0.0,0.0,0.0,0.0,0.0,0.0,0.0,0.0,0.0,0.0,0.0,0.0,0.0,0.0,0.0,0.0,65.2,0,116,56,40,65476,0,300,0,0,8,20529,65476,0,0,2621,60.0,0.0,0.0,0.0,0.0,0.0
2026-07-09T15:16:51,ERR,ERR,ERR,ERR,ERR,ERR,ERR,ERR,ERR,ERR,ERR,ERR,ERR,ERR,ERR,ERR,ERR,ERR,ERR,ERR,ERR,ERR,ERR,ERR,ERR,ERR,ERR,ERR,ERR,ERR,ERR,ERR,ERR,ERR,ERR,ERR,ERR,ERR,ERR,ERR,ERR,ERR,ERR,ERR,ERR,ERR,ERR,ERR,ERR,ERR,ERR,ERR,ERR,ERR,ERR,ERR,ERR,ERR,ERR,ERR,ERR,ERR,ERR,ERR,ERR,ERR,ERR,ERR,ERR,ERR,ERR,ERR,ERR,ERR,ERR,ERR,ERR,ERR,ERR,ERR,ERR,ERR,ERR,ERR,ERR,ERR,ERR,ERR,ERR,ERR,ERR,ERR,ERR,ERR,ERR,ERR,ERR,ERR,ERR,ERR,ERR,ERR,ERR,ERR,ERR,ERR,ERR,ERR,ERR,ERR,ERR,ERR,ERR,ERR,ERR,ERR,ERR,ERR,ERR,ERR,ERR,ERR,ERR,ERR,ERR,-107615136.0,0.0,0.0,2.718366610185338e+23,nan,0.0,-6333390.0,-9.681141125125659e+27,0,0,4,17429,7116,0.0,100,0.0,0.0,2.718366610185338e+23,0.0,0.0,0,0,0,0,0.0,0,0,0,0,0,0,0,0,0,0,0,0,0,0,0,0,0,0,0,0,0,0,0,0,0,0,0,0,0,0,0,0,0,31,40,40,71,65476,0,300,0,0,8,21553,0.0,-107605600.0,0.0,0.0,0.0,0.0,0.0,0.0,0.0,0.0,0.0,0.0,0.0,0.0,0.0,0.0,0.0,0.0,0.0,0.0,0.0,0.0,0.0,3.6970682659782e+19,0.0,0.0,0.0,0.0,0.0,0.0,4911.0,-1.5879287864302983e+29,6942.0,-107615136.0,0.0,2.004,2.004,0.0,0.0,0.0,0.0,69,0.0,0.0,0.0,0.0,0.0,0.0,0.0,0.0,0.0,0,0,0,0.0,0.0,0.0,0.0,0.0,0.0,0.0,0.0,0.0,0.0,0.0,0.0,0.0,0.0,0.0,0.0,0,-107875648.0,69,0.0,138,0.0,2.012,ERR,ERR,ERR,ERR,ERR,ERR,ERR,ERR,ERR,ERR,ERR,ERR,ERR,ERR,ERR,ERR,ERR,ERR,ERR,ERR,ERR,ERR,ERR,ERR,ERR,ERR,ERR,ERR,ERR,ERR,ERR,ERR,ERR,ERR,ERR,ERR,ERR,ERR,ERR,ERR,ERR,ERR,ERR,ERR,ERR,ERR,ERR,ERR,ERR,ERR,ERR,ERR,ERR,ERR,ERR,ERR,ERR,ERR,ERR,ERR,ERR,ERR,ERR,ERR,ERR,ERR,ERR,60.0,60.0,35,0.0,0.0,0.0,0.0,0.0,0.0,0.0,0.0,0.0,0.0,0.0,0.0,0.0,0.0,0.0,0.0,65.2,0,116,56,40,65476,0,300,0,0,8,20529,65476,0,0,2621,60.0,0.0,0.0,0.0,0.0,0.0
2026-07-09T15:16:52,ERR,ERR,ERR,ERR,ERR,ERR,ERR,ERR,ERR,ERR,ERR,ERR,ERR,ERR,ERR,ERR,ERR,ERR,ERR,ERR,ERR,ERR,ERR,ERR,ERR,ERR,ERR,ERR,ERR,ERR,ERR,ERR,ERR,ERR,ERR,ERR,ERR,ERR,ERR,ERR,ERR,ERR,ERR,ERR,ERR,ERR,ERR,ERR,ERR,ERR,ERR,ERR,ERR,ERR,ERR,ERR,ERR,ERR,ERR,ERR,ERR,ERR,ERR,ERR,ERR,ERR,ERR,ERR,ERR,ERR,ERR,ERR,ERR,ERR,ERR,ERR,ERR,ERR,ERR,ERR,ERR,ERR,ERR,ERR,ERR,ERR,ERR,ERR,ERR,ERR,ERR,ERR,ERR,ERR,ERR,ERR,ERR,ERR,ERR,ERR,ERR,ERR,ERR,ERR,ERR,ERR,ERR,ERR,ERR,ERR,ERR,ERR,ERR,ERR,ERR,ERR,ERR,ERR,ERR,ERR,ERR,ERR,ERR,ERR,ERR,-107615136.0,0.0,0.0,2.718366610185338e+23,nan,0.0,-6333390.0,-9.681141125125659e+27,0,0,4,17429,7116,0.0,100,0.0,0.0,2.718366610185338e+23,0.0,0.0,0,0,0,0,0.0,0,0,0,0,0,0,0,0,0,0,0,0,0,0,0,0,0,0,0,0,0,0,0,0,0,0,0,0,0,0,0,0,0,31,40,40,71,65476,0,300,0,0,8,21553,0.0,-107605600.0,0.0,0.0,0.0,0.0,0.0,0.0,0.0,0.0,0.0,0.0,0.0,0.0,0.0,0.0,0.0,0.0,0.0,0.0,0.0,0.0,0.0,3.6970682659782e+19,0.0,0.0,0.0,0.0,0.0,0.0,4911.0,-1.5879287864302983e+29,6942.0,-107615136.0,0.0,2.004,2.004,0.0,0.0,0.0,0.0,69,0.0,0.0,0.0,0.0,0.0,0.0,0.0,0.0,0.0,0,0,0,0.0,0.0,0.0,0.0,0.0,0.0,0.0,0.0,0.0,0.0,0.0,0.0,0.0,0.0,0.0,0.0,0,-107875648.0,69,0.0,138,0.0,2.012,ERR,ERR,ERR,ERR,ERR,ERR,ERR,ERR,ERR,ERR,ERR,ERR,ERR,ERR,ERR,ERR,ERR,ERR,ERR,ERR,ERR,ERR,ERR,ERR,ERR,ERR,ERR,ERR,ERR,ERR,ERR,ERR,ERR,ERR,ERR,ERR,ERR,ERR,ERR,ERR,ERR,ERR,ERR,ERR,ERR,ERR,ERR,ERR,ERR,ERR,ERR,ERR,ERR,ERR,ERR,ERR,ERR,ERR,ERR,ERR,ERR,ERR,ERR,ERR,ERR,ERR,ERR,60.0,60.0,35,0.0,0.0,0.0,0.0,0.0,0.0,0.0,0.0,0.0,0.0,0.0,0.0,0.0,0.0,0.0,0.0,65.6,0,116,56,40,65476,0,300,0,0,8,20529,65476,0,0,2621,60.0,0.0,0.0,0.0,0.0,0.0
2026-07-09T15:16:53,ERR,ERR,ERR,ERR,ERR,ERR,ERR,ERR,ERR,ERR,ERR,ERR,ERR,ERR,ERR,ERR,ERR,ERR,ERR,ERR,ERR,ERR,ERR,ERR,ERR,ERR,ERR,ERR,ERR,ERR,ERR,ERR,ERR,ERR,ERR,ERR,ERR,ERR,ERR,ERR,ERR,ERR,ERR,ERR,ERR,ERR,ERR,ERR,ERR,ERR,ERR,ERR,ERR,ERR,ERR,ERR,ERR,ERR,ERR,ERR,ERR,ERR,ERR,ERR,ERR,ERR,ERR,ERR,ERR,ERR,ERR,ERR,ERR,ERR,ERR,ERR,ERR,ERR,ERR,ERR,ERR,ERR,ERR,ERR,ERR,ERR,ERR,ERR,ERR,ERR,ERR,ERR,ERR,ERR,ERR,ERR,ERR,ERR,ERR,ERR,ERR,ERR,ERR,ERR,ERR,ERR,ERR,ERR,ERR,ERR,ERR,ERR,ERR,ERR,ERR,ERR,ERR,ERR,ERR,ERR,ERR,ERR,ERR,ERR,ERR,-107615136.0,-107616048.0,-107614912.0,0.0,-0.0,0.0,-0.0,-2.0739226092500419e+18,0,0,4,17430,7116,0.0,100,0.0,0.0,0.0,0.0,0.0,0,0,0,0,0.0,0,0,0,0,0,0,0,0,0,0,0,0,0,0,0,0,0,0,0,0,0,0,0,0,0,0,0,0,0,0,0,0,0,31,40,40,71,65476,0,300,0,0,8,21553,0.0,-107605600.0,0.0,0.0,0.0,0.0,0.0,0.0,0.0,0.0,0.0,0.0,0.0,0.0,0.0,0.0,0.0,0.0,0.0,0.0,0.0,0.0,0.0,0.0,0.0,0.0,0.0,0.0,0.0,0.0,4938.0,564145699160064.0,6923.0,-107615136.0,-0.0,2.004,2.004,0.0,0.0,0.0,0.0,69,-71.629,-0.0,0.0,0.0,0.0,0.0,0.0,0.0,0.0,0,0,0,0.0,0.0,0.0,0.0,0.0,0.0,0.0,0.0,0.0,0.0,0.0,0.0,0.0,0.0,0.0,0.0,0,-107875648.0,69,0.0,138,0.0,2.012,ERR,ERR,ERR,ERR,ERR,ERR,ERR,ERR,ERR,ERR,ERR,ERR,ERR,ERR,ERR,ERR,ERR,ERR,ERR,ERR,ERR,ERR,ERR,ERR,ERR,ERR,ERR,ERR,ERR,ERR,ERR,ERR,ERR,ERR,ERR,ERR,ERR,ERR,ERR,ERR,ERR,ERR,ERR,ERR,ERR,ERR,ERR,ERR,ERR,ERR,ERR,ERR,ERR,ERR,ERR,ERR,ERR,ERR,ERR,ERR,ERR,ERR,ERR,ERR,ERR,ERR,ERR,60.0,60.0,35,0.0,0.0,0.0,0.0,0.0,0.0,0.0,0.0,0.0,0.0,0.0,0.0,0.0,0.0,0.0,0.0,65.6,0,116,56,40,65476,0,300,0,0,8,20529,65476,0,0,2621,60.0,0.0,0.0,0.0,0.0,0.0
2026-07-09T15:16:54,ERR,ERR,ERR,ERR,ERR,ERR,ERR,ERR,ERR,ERR,ERR,ERR,ERR,ERR,ERR,ERR,ERR,ERR,ERR,ERR,ERR,ERR,ERR,ERR,ERR,ERR,ERR,ERR,ERR,ERR,ERR,ERR,ERR,ERR,ERR,ERR,ERR,ERR,ERR,ERR,ERR,ERR,ERR,ERR,ERR,ERR,ERR,ERR,ERR,ERR,ERR,ERR,ERR,ERR,ERR,ERR,ERR,ERR,ERR,ERR,ERR,ERR,ERR,ERR,ERR,ERR,ERR,ERR,ERR,ERR,ERR,ERR,ERR,ERR,ERR,ERR,ERR,ERR,ERR,ERR,ERR,ERR,ERR,ERR,ERR,ERR,ERR,ERR,ERR,ERR,ERR,ERR,ERR,ERR,ERR,ERR,ERR,ERR,ERR,ERR,ERR,ERR,ERR,ERR,ERR,ERR,ERR,ERR,ERR,ERR,ERR,ERR,ERR,ERR,ERR,ERR,ERR,ERR,ERR,ERR,ERR,ERR,ERR,ERR,ERR,-107615136.0,-107616048.0,-107614912.0,0.0,-0.0,0.0,-0.0,-2.0739226092500419e+18,0,0,4,17430,7116,0.0,100,0.0,0.0,0.0,0.0,0.0,0,0,0,0,0.0,0,0,0,0,0,0,0,0,0,0,0,0,0,0,0,0,0,0,0,0,0,0,0,0,0,0,0,0,0,0,0,0,0,31,40,40,71,65476,0,300,0,0,8,21553,0.0,-107605600.0,0.0,0.0,0.0,0.0,0.0,0.0,0.0,0.0,0.0,0.0,0.0,0.0,0.0,0.0,0.0,0.0,0.0,0.0,0.0,0.0,0.0,0.0,0.0,0.0,0.0,0.0,0.0,0.0,4938.0,564145699160064.0,6923.0,-107615136.0,-0.0,2.004,2.004,0.0,0.0,0.0,0.0,69,-71.629,-0.0,0.0,0.0,0.0,0.0,0.0,0.0,0.0,0,0,0,0.0,0.0,0.0,0.0,0.0,0.0,0.0,0.0,0.0,0.0,0.0,0.0,0.0,0.0,0.0,0.0,0,-107875648.0,69,0.0,138,0.0,2.012,ERR,ERR,ERR,ERR,ERR,ERR,ERR,ERR,ERR,ERR,ERR,ERR,ERR,ERR,ERR,ERR,ERR,ERR,ERR,ERR,ERR,ERR,ERR,ERR,ERR,ERR,ERR,ERR,ERR,ERR,ERR,ERR,ERR,ERR,ERR,ERR,ERR,ERR,ERR,ERR,ERR,ERR,ERR,ERR,ERR,ERR,ERR,ERR,ERR,ERR,ERR,ERR,ERR,ERR,ERR,ERR,ERR,ERR,ERR,ERR,ERR,ERR,ERR,ERR,ERR,ERR,ERR,60.0,60.0,35,0.0,0.0,0.0,0.0,0.0,0.0,0.0,0.0,0.0,0.0,0.0,0.0,0.0,0.0,0.0,0.0,65.2,0,116,56,40,65476,0,300,0,0,8,20529,65476,0,0,2621,60.0,0.0,0.0,0.0,0.0,0.0
2026-07-09T15:16:55,ERR,ERR,ERR,ERR,ERR,ERR,ERR,ERR,ERR,ERR,ERR,ERR,ERR,ERR,ERR,ERR,ERR,ERR,ERR,ERR,ERR,ERR,ERR,ERR,ERR,ERR,ERR,ERR,ERR,ERR,ERR,ERR,ERR,ERR,ERR,ERR,ERR,ERR,ERR,ERR,ERR,ERR,ERR,ERR,ERR,ERR,ERR,ERR,ERR,ERR,ERR,ERR,ERR,ERR,ERR,ERR,ERR,ERR,ERR,ERR,ERR,ERR,ERR,ERR,ERR,ERR,ERR,ERR,ERR,ERR,ERR,ERR,ERR,ERR,ERR,ERR,ERR,ERR,ERR,ERR,ERR,ERR,ERR,ERR,ERR,ERR,ERR,ERR,ERR,ERR,ERR,ERR,ERR,ERR,ERR,ERR,ERR,ERR,ERR,ERR,ERR,ERR,ERR,ERR,ERR,ERR,ERR,ERR,ERR,ERR,ERR,ERR,ERR,ERR,ERR,ERR,ERR,ERR,ERR,ERR,ERR,ERR,ERR,ERR,ERR,-107615136.0,-107616048.0,-107614912.0,0.0,-0.0,0.0,-0.0,-2.0739226092500419e+18,0,0,4,17430,7116,0.0,100,0.0,0.0,0.0,0.0,0.0,0,0,0,0,0.0,0,0,0,0,0,0,0,0,0,0,0,0,0,0,0,0,0,0,0,0,0,0,0,0,0,0,0,0,0,0,0,0,0,31,40,40,71,65476,0,300,0,0,8,21553,0.0,-107605600.0,0.0,0.0,0.0,0.0,0.0,0.0,0.0,0.0,0.0,0.0,0.0,0.0,0.0,0.0,0.0,0.0,0.0,0.0,0.0,0.0,0.0,0.0,0.0,0.0,0.0,0.0,0.0,0.0,4938.0,564145699160064.0,6923.0,-107615136.0,-0.0,2.004,2.004,0.0,0.0,0.0,0.0,69,-71.629,-0.0,0.0,0.0,0.0,0.0,0.0,0.0,0.0,0,0,0,0.0,0.0,0.0,0.0,0.0,0.0,0.0,0.0,0.0,0.0,0.0,0.0,0.0,0.0,0.0,0.0,0,-107875648.0,69,0.0,138,0.0,2.012,ERR,ERR,ERR,ERR,ERR,ERR,ERR,ERR,ERR,ERR,ERR,ERR,ERR,ERR,ERR,ERR,ERR,ERR,ERR,ERR,ERR,ERR,ERR,ERR,ERR,ERR,ERR,ERR,ERR,ERR,ERR,ERR,ERR,ERR,ERR,ERR,ERR,ERR,ERR,ERR,ERR,ERR,ERR,ERR,ERR,ERR,ERR,ERR,ERR,ERR,ERR,ERR,ERR,ERR,ERR,ERR,ERR,ERR,ERR,ERR,ERR,ERR,ERR,ERR,ERR,ERR,ERR,60.0,60.0,35,0.0,0.0,0.0,0.0,0.0,0.0,0.0,0.0,0.0,0.0,0.0,0.0,0.0,0.0,0.0,0.0,65.2,0,116,56,40,65476,0,300,0,0,8,20529,65476,0,0,2621,60.0,0.0,0.0,0.0,0.0,0.0
2026-07-09T15:16:56,ERR,ERR,ERR,ERR,ERR,ERR,ERR,ERR,ERR,ERR,ERR,ERR,ERR,ERR,ERR,ERR,ERR,ERR,ERR,ERR,ERR,ERR,ERR,ERR,ERR,ERR,ERR,ERR,ERR,ERR,ERR,ERR,ERR,ERR,ERR,ERR,ERR,ERR,ERR,ERR,ERR,ERR,ERR,ERR,ERR,ERR,ERR,ERR,ERR,ERR,ERR,ERR,ERR,ERR,ERR,ERR,ERR,ERR,ERR,ERR,ERR,ERR,ERR,ERR,ERR,ERR,ERR,ERR,ERR,ERR,ERR,ERR,ERR,ERR,ERR,ERR,ERR,ERR,ERR,ERR,ERR,ERR,ERR,ERR,ERR,ERR,ERR,ERR,ERR,ERR,ERR,ERR,ERR,ERR,ERR,ERR,ERR,ERR,ERR,ERR,ERR,ERR,ERR,ERR,ERR,ERR,ERR,ERR,ERR,ERR,ERR,ERR,ERR,ERR,ERR,ERR,ERR,ERR,ERR,ERR,ERR,ERR,ERR,ERR,ERR,-107615136.0,-107616048.0,-107614912.0,0.0,-0.0,0.0,-0.0,-2.0739226092500419e+18,0,0,4,17430,7116,0.0,100,0.0,0.0,0.0,0.0,0.0,0,0,0,0,0.0,0,0,0,0,0,0,0,0,0,0,0,0,0,0,0,0,0,0,0,0,0,0,0,0,0,0,0,0,0,0,0,0,0,31,40,40,71,65476,0,300,0,0,8,21553,0.0,-107605600.0,0.0,0.0,0.0,0.0,0.0,0.0,0.0,0.0,0.0,0.0,0.0,0.0,0.0,0.0,0.0,0.0,0.0,0.0,0.0,0.0,0.0,0.0,0.0,0.0,0.0,0.0,0.0,0.0,4938.0,564145699160064.0,6923.0,-107615136.0,-0.0,2.004,2.004,0.0,0.0,0.0,0.0,69,-71.629,-0.0,0.0,0.0,0.0,0.0,0.0,0.0,0.0,0,0,0,0.0,0.0,0.0,0.0,0.0,0.0,0.0,0.0,0.0,0.0,0.0,0.0,0.0,0.0,0.0,0.0,0,-107875648.0,69,0.0,138,0.0,2.012,ERR,ERR,ERR,ERR,ERR,ERR,ERR,ERR,ERR,ERR,ERR,ERR,ERR,ERR,ERR,ERR,ERR,ERR,ERR,ERR,ERR,ERR,ERR,ERR,ERR,ERR,ERR,ERR,ERR,ERR,ERR,ERR,ERR,ERR,ERR,ERR,ERR,ERR,ERR,ERR,ERR,ERR,ERR,ERR,ERR,ERR,ERR,ERR,ERR,ERR,ERR,ERR,ERR,ERR,ERR,ERR,ERR,ERR,ERR,ERR,ERR,ERR,ERR,ERR,ERR,ERR,ERR,60.0,60.0,35,0.0,0.0,0.0,0.0,0.0,0.0,0.0,0.0,0.0,0.0,0.0,0.0,0.0,0.0,0.0,0.0,65.2,0,116,56,40,65476,0,300,0,0,8,20529,65476,0,0,2621,60.0,0.0,0.0,0.0,0.0,0.0
2026-07-09T15:16:57,ERR,ERR,ERR,ERR,ERR,ERR,ERR,ERR,ERR,ERR,ERR,ERR,ERR,ERR,ERR,ERR,ERR,ERR,ERR,ERR,ERR,ERR,ERR,ERR,ERR,ERR,ERR,ERR,ERR,ERR,ERR,ERR,ERR,ERR,ERR,ERR,ERR,ERR,ERR,ERR,ERR,ERR,ERR,ERR,ERR,ERR,ERR,ERR,ERR,ERR,ERR,ERR,ERR,ERR,ERR,ERR,ERR,ERR,ERR,ERR,ERR,ERR,ERR,ERR,ERR,ERR,ERR,ERR,ERR,ERR,ERR,ERR,ERR,ERR,ERR,ERR,ERR,ERR,ERR,ERR,ERR,ERR,ERR,ERR,ERR,ERR,ERR,ERR,ERR,ERR,ERR,ERR,ERR,ERR,ERR,ERR,ERR,ERR,ERR,ERR,ERR,ERR,ERR,ERR,ERR,ERR,ERR,ERR,ERR,ERR,ERR,ERR,ERR,ERR,ERR,ERR,ERR,ERR,ERR,ERR,ERR,ERR,ERR,ERR,ERR,-107615136.0,-107616048.0,-107614912.0,0.0,-0.0,0.0,-0.0,-2.0739226092500419e+18,0,0,4,17430,7116,0.0,100,0.0,0.0,0.0,0.0,0.0,0,0,0,0,0.0,0,0,0,0,0,0,0,0,0,0,0,0,0,0,0,0,0,0,0,0,0,0,0,0,0,0,0,0,0,0,0,0,0,31,40,40,71,65476,0,300,0,0,8,21553,0.0,-107605600.0,0.0,0.0,0.0,0.0,0.0,0.0,0.0,0.0,0.0,0.0,0.0,0.0,0.0,0.0,0.0,0.0,0.0,0.0,0.0,0.0,0.0,0.0,0.0,0.0,0.0,0.0,0.0,0.0,4938.0,564145699160064.0,6923.0,-107615136.0,-0.0,2.004,2.004,0.0,0.0,0.0,0.0,69,-71.629,-0.0,0.0,0.0,0.0,0.0,0.0,0.0,0.0,0,0,0,0.0,0.0,0.0,0.0,0.0,0.0,0.0,0.0,0.0,0.0,0.0,0.0,0.0,0.0,0.0,0.0,0,-107875648.0,69,0.0,138,0.0,2.012,ERR,ERR,ERR,ERR,ERR,ERR,ERR,ERR,ERR,ERR,ERR,ERR,ERR,ERR,ERR,ERR,ERR,ERR,ERR,ERR,ERR,ERR,ERR,ERR,ERR,ERR,ERR,ERR,ERR,ERR,ERR,ERR,ERR,ERR,ERR,ERR,ERR,ERR,ERR,ERR,ERR,ERR,ERR,ERR,ERR,ERR,ERR,ERR,ERR,ERR,ERR,ERR,ERR,ERR,ERR,ERR,ERR,ERR,ERR,ERR,ERR,ERR,ERR,ERR,ERR,ERR,ERR,60.0,60.0,35,0.0,0.0,0.0,0.0,0.0,0.0,0.0,0.0,0.0,0.0,0.0,0.0,0.0,0.0,0.0,0.0,65.2,0,116,56,40,65476,0,300,0,0,8,20529,65476,0,0,2621,60.0,0.0,0.0,0.0,0.0,0.0
2026-07-09T15:16:58,ERR,ERR,ERR,ERR,ERR,ERR,ERR,ERR,ERR,ERR,ERR,ERR,ERR,ERR,ERR,ERR,ERR,ERR,ERR,ERR,ERR,ERR,ERR,ERR,ERR,ERR,ERR,ERR,ERR,ERR,ERR,ERR,ERR,ERR,ERR,ERR,ERR,ERR,ERR,ERR,ERR,ERR,ERR,ERR,ERR,ERR,ERR,ERR,ERR,ERR,ERR,ERR,ERR,ERR,ERR,ERR,ERR,ERR,ERR,ERR,ERR,ERR,ERR,ERR,ERR,ERR,ERR,ERR,ERR,ERR,ERR,ERR,ERR,ERR,ERR,ERR,ERR,ERR,ERR,ERR,ERR,ERR,ERR,ERR,ERR,ERR,ERR,ERR,ERR,ERR,ERR,ERR,ERR,ERR,ERR,ERR,ERR,ERR,ERR,ERR,ERR,ERR,ERR,ERR,ERR,ERR,ERR,ERR,ERR,ERR,ERR,ERR,ERR,ERR,ERR,ERR,ERR,ERR,ERR,ERR,ERR,ERR,ERR,ERR,ERR,2.718425337124479e+23,-0.0,-108139200.0,-0.0,-2.2284067802145463e+20,-0.002,3.050162771253401e+20,4.1644641420789685e+30,0,0,4,17428,7116,0.0,100,0.0,0.0,0.0,0.0,0.0,0,0,0,0,0.0,0,0,0,0,0,0,0,0,0,0,0,0,0,0,0,0,0,0,0,0,0,0,0,0,0,0,0,0,0,0,0,0,0,31,40,40,71,65476,0,300,0,0,8,21553,0.0,-107605600.0,0.0,0.0,0.0,0.0,0.0,0.0,0.0,0.0,0.0,0.0,0.0,0.0,0.0,0.0,0.0,0.0,0.0,0.0,0.0,0.0,-2.004,0.0,0.0,0.0,0.0,0.0,0.0,0.0,4934.0,-0.0,6935.0,2.718425337124479e+23,2.71844587353878e+23,2.004,2.004,0.0,0.0,0.0,0.0,69,-0.0,0.0,0.0,0.0,0.0,0.0,0.0,0.0,0.0,0,0,0,0.0,0.0,0.0,0.0,0.0,0.0,0.0,0.0,0.0,0.0,0.0,0.0,0.0,0.0,0.0,0.0,0,-107875648.0,69,0.0,138,0.0,2.012,ERR,ERR,ERR,ERR,ERR,ERR,ERR,ERR,ERR,ERR,ERR,ERR,ERR,ERR,ERR,ERR,ERR,ERR,ERR,ERR,ERR,ERR,ERR,ERR,ERR,ERR,ERR,ERR,ERR,ERR,ERR,ERR,ERR,ERR,ERR,ERR,ERR,ERR,ERR,ERR,ERR,ERR,ERR,ERR,ERR,ERR,ERR,ERR,ERR,ERR,ERR,ERR,ERR,ERR,ERR,ERR,ERR,ERR,ERR,ERR,ERR,ERR,ERR,ERR,ERR,ERR,ERR,60.0,60.0,35,0.0,0.0,0.0,0.0,0.0,0.0,0.0,0.0,0.0,0.0,0.0,0.0,0.0,0.0,0.0,0.0,65.2,0,116,56,40,65476,0,300,0,0,8,20529,65476,0,0,2621,60.0,0.0,0.0,0.0,0.0,0.0
2026-07-09T15:16:59,ERR,ERR,ERR,ERR,ERR,ERR,ERR,ERR,ERR,ERR,ERR,ERR,ERR,ERR,ERR,ERR,ERR,ERR,ERR,ERR,ERR,ERR,ERR,ERR,ERR,ERR,ERR,ERR,ERR,ERR,ERR,ERR,ERR,ERR,ERR,ERR,ERR,ERR,ERR,ERR,ERR,ERR,ERR,ERR,ERR,ERR,ERR,ERR,ERR,ERR,ERR,ERR,ERR,ERR,ERR,ERR,ERR,ERR,ERR,ERR,ERR,ERR,ERR,ERR,ERR,ERR,ERR,ERR,ERR,ERR,ERR,ERR,ERR,ERR,ERR,ERR,ERR,ERR,ERR,ERR,ERR,ERR,ERR,ERR,ERR,ERR,ERR,ERR,ERR,ERR,ERR,ERR,ERR,ERR,ERR,ERR,ERR,ERR,ERR,ERR,ERR,ERR,ERR,ERR,ERR,ERR,ERR,ERR,ERR,ERR,ERR,ERR,ERR,ERR,ERR,ERR,ERR,ERR,ERR,ERR,ERR,ERR,ERR,ERR,ERR,2.718425337124479e+23,-0.0,-108139200.0,-0.0,-2.2284067802145463e+20,-0.002,3.050162771253401e+20,4.1644641420789685e+30,0,0,4,17428,7116,0.0,100,0.0,0.0,0.0,0.0,0.0,0,0,0,0,0.0,0,0,0,0,0,0,0,0,0,0,0,0,0,0,0,0,0,0,0,0,0,0,0,0,0,0,0,0,0,0,0,0,0,31,40,40,71,65476,0,300,0,0,8,21553,0.0,-107605600.0,0.0,0.0,0.0,0.0,0.0,0.0,0.0,0.0,0.0,0.0,0.0,0.0,0.0,0.0,0.0,0.0,0.0,0.0,0.0,0.0,-2.004,0.0,0.0,0.0,0.0,0.0,0.0,0.0,4934.0,-0.0,6935.0,2.718425337124479e+23,2.71844587353878e+23,2.004,2.004,0.0,0.0,0.0,0.0,69,-0.0,0.0,0.0,0.0,0.0,0.0,0.0,0.0,0.0,0,0,0,0.0,0.0,0.0,0.0,0.0,0.0,0.0,0.0,0.0,0.0,0.0,0.0,0.0,0.0,0.0,0.0,0,-107875648.0,69,0.0,138,0.0,2.012,ERR,ERR,ERR,ERR,ERR,ERR,ERR,ERR,ERR,ERR,ERR,ERR,ERR,ERR,ERR,ERR,ERR,ERR,ERR,ERR,ERR,ERR,ERR,ERR,ERR,ERR,ERR,ERR,ERR,ERR,ERR,ERR,ERR,ERR,ERR,ERR,ERR,ERR,ERR,ERR,ERR,ERR,ERR,ERR,ERR,ERR,ERR,ERR,ERR,ERR,ERR,ERR,ERR,ERR,ERR,ERR,ERR,ERR,ERR,ERR,ERR,ERR,ERR,ERR,ERR,ERR,ERR,60.0,60.0,35,0.0,0.0,0.0,0.0,0.0,0.0,0.0,0.0,0.0,0.0,0.0,0.0,0.0,0.0,0.0,0.0,65.2,0,116,56,40,65476,0,300,0,0,8,20529,65476,0,0,2621,60.0,0.0,0.0,0.0,0.0,0.0
2026-07-09T15:17:00,ERR,ERR,ERR,ERR,ERR,ERR,ERR,ERR,ERR,ERR,ERR,ERR,ERR,ERR,ERR,ERR,ERR,ERR,ERR,ERR,ERR,ERR,ERR,ERR,ERR,ERR,ERR,ERR,ERR,ERR,ERR,ERR,ERR,ERR,ERR,ERR,ERR,ERR,ERR,ERR,ERR,ERR,ERR,ERR,ERR,ERR,ERR,ERR,ERR,ERR,ERR,ERR,ERR,ERR,ERR,ERR,ERR,ERR,ERR,ERR,ERR,ERR,ERR,ERR,ERR,ERR,ERR,ERR,ERR,ERR,ERR,ERR,ERR,ERR,ERR,ERR,ERR,ERR,ERR,ERR,ERR,ERR,ERR,ERR,ERR,ERR,ERR,ERR,ERR,ERR,ERR,ERR,ERR,ERR,ERR,ERR,ERR,ERR,ERR,ERR,ERR,ERR,ERR,ERR,ERR,ERR,ERR,ERR,ERR,ERR,ERR,ERR,ERR,ERR,ERR,ERR,ERR,ERR,ERR,ERR,ERR,ERR,ERR,ERR,ERR,2.718425337124479e+23,-0.0,-108139200.0,-0.0,-2.2284067802145463e+20,-0.002,3.050162771253401e+20,4.1644641420789685e+30,0,0,4,17428,7116,0.0,100,0.0,0.0,0.0,0.0,0.0,0,0,0,0,0.0,0,0,0,0,0,0,0,0,0,0,0,0,0,0,0,0,0,0,0,0,0,0,0,0,0,0,0,0,0,0,0,0,0,31,40,40,71,65476,0,300,0,0,8,21553,0.0,-107605600.0,0.0,0.0,0.0,0.0,0.0,0.0,0.0,0.0,0.0,0.0,0.0,0.0,0.0,0.0,0.0,0.0,0.0,0.0,0.0,0.0,-2.004,0.0,0.0,0.0,0.0,0.0,0.0,0.0,4934.0,-0.0,6935.0,2.718425337124479e+23,2.71844587353878e+23,2.004,2.004,0.0,0.0,0.0,0.0,69,-0.0,0.0,0.0,0.0,0.0,0.0,0.0,0.0,0.0,0,0,0,0.0,0.0,0.0,0.0,0.0,0.0,0.0,0.0,0.0,0.0,0.0,0.0,0.0,0.0,0.0,0.0,0,-107875648.0,69,0.0,138,0.0,2.012,ERR,ERR,ERR,ERR,ERR,ERR,ERR,ERR,ERR,ERR,ERR,ERR,ERR,ERR,ERR,ERR,ERR,ERR,ERR,ERR,ERR,ERR,ERR,ERR,ERR,ERR,ERR,ERR,ERR,ERR,ERR,ERR,ERR,ERR,ERR,ERR,ERR,ERR,ERR,ERR,ERR,ERR,ERR,ERR,ERR,ERR,ERR,ERR,ERR,ERR,ERR,ERR,ERR,ERR,ERR,ERR,ERR,ERR,ERR,ERR,ERR,ERR,ERR,ERR,ERR,ERR,ERR,60.0,60.0,35,0.0,0.0,0.0,0.0,0.0,0.0,0.0,0.0,0.0,0.0,0.0,0.0,0.0,0.0,0.0,0.0,65.2,0,116,56,40,65476,0,300,0,0,8,20529,65476,0,0,2621,60.0,0.0,0.0,0.0,0.0,0.0
2026-07-09T15:17:01,ERR,ERR,ERR,ERR,ERR,ERR,ERR,ERR,ERR,ERR,ERR,ERR,ERR,ERR,ERR,ERR,ERR,ERR,ERR,ERR,ERR,ERR,ERR,ERR,ERR,ERR,ERR,ERR,ERR,ERR,ERR,ERR,ERR,ERR,ERR,ERR,ERR,ERR,ERR,ERR,ERR,ERR,ERR,ERR,ERR,ERR,ERR,ERR,ERR,ERR,ERR,ERR,ERR,ERR,ERR,ERR,ERR,ERR,ERR,ERR,ERR,ERR,ERR,ERR,ERR,ERR,ERR,ERR,ERR,ERR,ERR,ERR,ERR,ERR,ERR,ERR,ERR,ERR,ERR,ERR,ERR,ERR,ERR,ERR,ERR,ERR,ERR,ERR,ERR,ERR,ERR,ERR,ERR,ERR,ERR,ERR,ERR,ERR,ERR,ERR,ERR,ERR,ERR,ERR,ERR,ERR,ERR,ERR,ERR,ERR,ERR,ERR,ERR,ERR,ERR,ERR,ERR,ERR,ERR,ERR,ERR,ERR,ERR,ERR,ERR,2.718425337124479e+23,-0.0,-108139200.0,-0.0,-2.2284067802145463e+20,-0.002,3.050162771253401e+20,4.1644641420789685e+30,0,0,4,17428,7116,0.0,100,0.0,0.0,0.0,0.0,0.0,0,0,0,0,0.0,0,0,0,0,0,0,0,0,0,0,0,0,0,0,0,0,0,0,0,0,0,0,0,0,0,0,0,0,0,0,0,0,0,31,40,40,71,65476,0,300,0,0,8,21553,0.0,-107605600.0,0.0,0.0,0.0,0.0,0.0,0.0,0.0,0.0,0.0,0.0,0.0,0.0,0.0,0.0,0.0,0.0,0.0,0.0,0.0,0.0,-2.004,0.0,0.0,0.0,0.0,0.0,0.0,0.0,4934.0,-0.0,6935.0,2.718425337124479e+23,2.71844587353878e+23,2.004,2.004,0.0,0.0,0.0,0.0,69,-0.0,0.0,0.0,0.0,0.0,0.0,0.0,0.0,0.0,0,0,0,0.0,0.0,0.0,0.0,0.0,0.0,0.0,0.0,0.0,0.0,0.0,0.0,0.0,0.0,0.0,0.0,0,-107875648.0,69,0.0,138,0.0,2.012,ERR,ERR,ERR,ERR,ERR,ERR,ERR,ERR,ERR,ERR,ERR,ERR,ERR,ERR,ERR,ERR,ERR,ERR,ERR,ERR,ERR,ERR,ERR,ERR,ERR,ERR,ERR,ERR,ERR,ERR,ERR,ERR,ERR,ERR,ERR,ERR,ERR,ERR,ERR,ERR,ERR,ERR,ERR,ERR,ERR,ERR,ERR,ERR,ERR,ERR,ERR,ERR,ERR,ERR,ERR,ERR,ERR,ERR,ERR,ERR,ERR,ERR,ERR,ERR,ERR,ERR,ERR,60.0,60.0,35,0.0,0.0,0.0,0.0,0.0,0.0,0.0,0.0,0.0,0.0,0.0,0.0,0.0,0.0,0.0,0.0,65.2,0,116,56,40,65476,0,300,0,0,8,20529,65476,0,0,2621,60.0,0.0,0.0,0.0,0.0,0.0
2026-07-09T15:17:02,ERR,ERR,ERR,ERR,ERR,ERR,ERR,ERR,ERR,ERR,ERR,ERR,ERR,ERR,ERR,ERR,ERR,ERR,ERR,ERR,ERR,ERR,ERR,ERR,ERR,ERR,ERR,ERR,ERR,ERR,ERR,ERR,ERR,ERR,ERR,ERR,ERR,ERR,ERR,ERR,ERR,ERR,ERR,ERR,ERR,ERR,ERR,ERR,ERR,ERR,ERR,ERR,ERR,ERR,ERR,ERR,ERR,ERR,ERR,ERR,ERR,ERR,ERR,ERR,ERR,ERR,ERR,ERR,ERR,ERR,ERR,ERR,ERR,ERR,ERR,ERR,ERR,ERR,ERR,ERR,ERR,ERR,ERR,ERR,ERR,ERR,ERR,ERR,ERR,ERR,ERR,ERR,ERR,ERR,ERR,ERR,ERR,ERR,ERR,ERR,ERR,ERR,ERR,ERR,ERR,ERR,ERR,ERR,ERR,ERR,ERR,ERR,ERR,ERR,ERR,ERR,ERR,ERR,ERR,ERR,ERR,ERR,ERR,ERR,ERR,2.718425337124479e+23,-0.0,-108139200.0,-0.0,-2.2284067802145463e+20,-0.002,3.050162771253401e+20,4.1644641420789685e+30,0,0,4,17428,7116,0.0,100,0.0,0.0,0.0,0.0,0.0,0,0,0,0,0.0,0,0,0,0,0,0,0,0,0,0,0,0,0,0,0,0,0,0,0,0,0,0,0,0,0,0,0,0,0,0,0,0,0,31,40,40,71,65476,0,300,0,0,8,21553,0.0,-107605600.0,0.0,0.0,0.0,0.0,0.0,0.0,0.0,0.0,0.0,0.0,0.0,0.0,0.0,0.0,0.0,0.0,0.0,0.0,0.0,0.0,-2.004,0.0,0.0,0.0,0.0,0.0,0.0,0.0,4934.0,-0.0,6935.0,2.718425337124479e+23,2.71844587353878e+23,2.004,2.004,0.0,0.0,0.0,0.0,69,-0.0,0.0,0.0,0.0,0.0,0.0,0.0,0.0,0.0,0,0,0,0.0,0.0,0.0,0.0,0.0,0.0,0.0,0.0,0.0,0.0,0.0,0.0,0.0,0.0,0.0,0.0,0,-107875648.0,69,0.0,138,0.0,2.012,ERR,ERR,ERR,ERR,ERR,ERR,ERR,ERR,ERR,ERR,ERR,ERR,ERR,ERR,ERR,ERR,ERR,ERR,ERR,ERR,ERR,ERR,ERR,ERR,ERR,ERR,ERR,ERR,ERR,ERR,ERR,ERR,ERR,ERR,ERR,ERR,ERR,ERR,ERR,ERR,ERR,ERR,ERR,ERR,ERR,ERR,ERR,ERR,ERR,ERR,ERR,ERR,ERR,ERR,ERR,ERR,ERR,ERR,ERR,ERR,ERR,ERR,ERR,ERR,ERR,ERR,ERR,60.0,60.0,35,0.0,0.0,0.0,0.0,0.0,0.0,0.0,0.0,0.0,0.0,0.0,0.0,0.0,0.0,0.0,0.0,65.6,0,116,56,40,65476,0,300,0,0,8,20529,65476,0,0,2621,60.0,0.0,0.0,0.0,0.0,0.0
2026-07-09T15:17:03,ERR,ERR,ERR,ERR,ERR,ERR,ERR,ERR,ERR,ERR,ERR,ERR,ERR,ERR,ERR,ERR,ERR,ERR,ERR,ERR,ERR,ERR,ERR,ERR,ERR,ERR,ERR,ERR,ERR,ERR,ERR,ERR,ERR,ERR,ERR,ERR,ERR,ERR,ERR,ERR,ERR,ERR,ERR,ERR,ERR,ERR,ERR,ERR,ERR,ERR,ERR,ERR,ERR,ERR,ERR,ERR,ERR,ERR,ERR,ERR,ERR,ERR,ERR,ERR,ERR,ERR,ERR,ERR,ERR,ERR,ERR,ERR,ERR,ERR,ERR,ERR,ERR,ERR,ERR,ERR,ERR,ERR,ERR,ERR,ERR,ERR,ERR,ERR,ERR,ERR,ERR,ERR,ERR,ERR,ERR,ERR,ERR,ERR,ERR,ERR,ERR,ERR,ERR,ERR,ERR,ERR,ERR,ERR,ERR,ERR,ERR,ERR,ERR,ERR,ERR,ERR,ERR,ERR,ERR,ERR,ERR,ERR,ERR,ERR,ERR,0.0,0.0,2.7184202930928964e+23,0.0,1575186.125,1.438553269916873e+30,0.0,0.0,0,0,4,17429,7116,0.0,100,0.0,0.0,0.0,0.0,0.0,0,0,0,0,0.0,0,0,0,0,0,0,0,0,0,0,0,0,0,0,0,0,0,0,0,0,0,0,0,0,0,0,0,0,0,0,0,0,0,31,40,40,71,65476,0,300,0,0,8,21553,0.0,-107605600.0,0.0,0.0,0.0,0.0,0.0,0.0,0.0,0.0,0.0,0.0,0.0,0.0,0.0,0.0,0.0,0.0,0.0,0.0,0.0,0.0,-0.0,-3.697067826173549e+19,0.0,0.0,0.0,0.0,0.0,0.0,4970.0,0.0,6916.0,0.0,0.0,2.004,2.004,0.0,0.0,0.0,0.0,69,-107614768.0,-0.0,0.0,0.0,0.0,0.0,0.0,0.0,0.0,0,0,0,0.0,0.0,0.0,0.0,0.0,0.0,0.0,0.0,0.0,0.0,0.0,0.0,0.0,0.0,0.0,0.0,0,-107875648.0,69,0.0,138,0.0,2.012,ERR,ERR,ERR,ERR,ERR,ERR,ERR,ERR,ERR,ERR,ERR,ERR,ERR,ERR,ERR,ERR,ERR,ERR,ERR,ERR,ERR,ERR,ERR,ERR,ERR,ERR,ERR,ERR,ERR,ERR,ERR,ERR,ERR,ERR,ERR,ERR,ERR,ERR,ERR,ERR,ERR,ERR,ERR,ERR,ERR,ERR,ERR,ERR,ERR,ERR,ERR,ERR,ERR,ERR,ERR,ERR,ERR,ERR,ERR,ERR,ERR,ERR,ERR,ERR,ERR,ERR,ERR,60.0,60.0,35,0.0,0.0,0.0,0.0,0.0,0.0,0.0,0.0,0.0,0.0,0.0,0.0,0.0,0.0,0.0,0.0,65.6,0,116,56,40,65476,0,300,0,0,8,20529,65476,0,0,2621,60.0,0.0,0.0,0.0,0.0,0.0
2026-07-09T15:17:04,ERR,ERR,ERR,ERR,ERR,ERR,ERR,ERR,ERR,ERR,ERR,ERR,ERR,ERR,ERR,ERR,ERR,ERR,ERR,ERR,ERR,ERR,ERR,ERR,ERR,ERR,ERR,ERR,ERR,ERR,ERR,ERR,ERR,ERR,ERR,ERR,ERR,ERR,ERR,ERR,ERR,ERR,ERR,ERR,ERR,ERR,ERR,ERR,ERR,ERR,ERR,ERR,ERR,ERR,ERR,ERR,ERR,ERR,ERR,ERR,ERR,ERR,ERR,ERR,ERR,ERR,ERR,ERR,ERR,ERR,ERR,ERR,ERR,ERR,ERR,ERR,ERR,ERR,ERR,ERR,ERR,ERR,ERR,ERR,ERR,ERR,ERR,ERR,ERR,ERR,ERR,ERR,ERR,ERR,ERR,ERR,ERR,ERR,ERR,ERR,ERR,ERR,ERR,ERR,ERR,ERR,ERR,ERR,ERR,ERR,ERR,ERR,ERR,ERR,ERR,ERR,ERR,ERR,ERR,ERR,ERR,ERR,ERR,ERR,ERR,0.0,0.0,2.7184202930928964e+23,0.0,1575186.125,1.438553269916873e+30,0.0,0.0,0,0,4,17429,7116,0.0,100,0.0,0.0,0.0,0.0,0.0,0,0,0,0,0.0,0,0,0,0,0,0,0,0,0,0,0,0,0,0,0,0,0,0,0,0,0,0,0,0,0,0,0,0,0,0,0,0,0,31,40,40,71,65476,0,300,0,0,8,21553,0.0,-107605600.0,0.0,0.0,0.0,0.0,0.0,0.0,0.0,0.0,0.0,0.0,0.0,0.0,0.0,0.0,0.0,0.0,0.0,0.0,0.0,0.0,-0.0,-3.697067826173549e+19,0.0,0.0,0.0,0.0,0.0,0.0,4970.0,0.0,6916.0,0.0,0.0,2.004,2.004,0.0,0.0,0.0,0.0,69,-107614768.0,-0.0,0.0,0.0,0.0,0.0,0.0,0.0,0.0,0,0,0,0.0,0.0,0.0,0.0,0.0,0.0,0.0,0.0,0.0,0.0,0.0,0.0,0.0,0.0,0.0,0.0,0,-107875648.0,69,0.0,138,0.0,2.012,ERR,ERR,ERR,ERR,ERR,ERR,ERR,ERR,ERR,ERR,ERR,ERR,ERR,ERR,ERR,ERR,ERR,ERR,ERR,ERR,ERR,ERR,ERR,ERR,ERR,ERR,ERR,ERR,ERR,ERR,ERR,ERR,ERR,ERR,ERR,ERR,ERR,ERR,ERR,ERR,ERR,ERR,ERR,ERR,ERR,ERR,ERR,ERR,ERR,ERR,ERR,ERR,ERR,ERR,ERR,ERR,ERR,ERR,ERR,ERR,ERR,ERR,ERR,ERR,ERR,ERR,ERR,60.0,60.0,35,0.0,0.0,0.0,0.0,0.0,0.0,0.0,0.0,0.0,0.0,0.0,0.0,0.0,0.0,0.0,0.0,65.2,0,116,56,40,65476,0,300,0,0,8,20529,65476,0,0,2621,60.0,0.0,0.0,0.0,0.0,0.0
2026-07-09T15:17:05,ERR,ERR,ERR,ERR,ERR,ERR,ERR,ERR,ERR,ERR,ERR,ERR,ERR,ERR,ERR,ERR,ERR,ERR,ERR,ERR,ERR,ERR,ERR,ERR,ERR,ERR,ERR,ERR,ERR,ERR,ERR,ERR,ERR,ERR,ERR,ERR,ERR,ERR,ERR,ERR,ERR,ERR,ERR,ERR,ERR,ERR,ERR,ERR,ERR,ERR,ERR,ERR,ERR,ERR,ERR,ERR,ERR,ERR,ERR,ERR,ERR,ERR,ERR,ERR,ERR,ERR,ERR,ERR,ERR,ERR,ERR,ERR,ERR,ERR,ERR,ERR,ERR,ERR,ERR,ERR,ERR,ERR,ERR,ERR,ERR,ERR,ERR,ERR,ERR,ERR,ERR,ERR,ERR,ERR,ERR,ERR,ERR,ERR,ERR,ERR,ERR,ERR,ERR,ERR,ERR,ERR,ERR,ERR,ERR,ERR,ERR,ERR,ERR,ERR,ERR,ERR,ERR,ERR,ERR,ERR,ERR,ERR,ERR,ERR,ERR,0.0,0.0,2.7184202930928964e+23,0.0,1575186.125,1.438553269916873e+30,0.0,0.0,0,0,4,17429,7116,0.0,100,0.0,0.0,0.0,0.0,0.0,0,0,0,0,0.0,0,0,0,0,0,0,0,0,0,0,0,0,0,0,0,0,0,0,0,0,0,0,0,0,0,0,0,0,0,0,0,0,0,31,40,40,71,65476,0,300,0,0,8,21553,0.0,-107605600.0,0.0,0.0,0.0,0.0,0.0,0.0,0.0,0.0,0.0,0.0,0.0,0.0,0.0,0.0,0.0,0.0,0.0,0.0,0.0,0.0,-0.0,-3.697067826173549e+19,0.0,0.0,0.0,0.0,0.0,0.0,4970.0,0.0,6916.0,0.0,0.0,2.004,2.004,0.0,0.0,0.0,0.0,69,-107614768.0,-0.0,0.0,0.0,0.0,0.0,0.0,0.0,0.0,0,0,0,0.0,0.0,0.0,0.0,0.0,0.0,0.0,0.0,0.0,0.0,0.0,0.0,0.0,0.0,0.0,0.0,0,-107875648.0,69,0.0,138,0.0,2.012,ERR,ERR,ERR,ERR,ERR,ERR,ERR,ERR,ERR,ERR,ERR,ERR,ERR,ERR,ERR,ERR,ERR,ERR,ERR,ERR,ERR,ERR,ERR,ERR,ERR,ERR,ERR,ERR,ERR,ERR,ERR,ERR,ERR,ERR,ERR,ERR,ERR,ERR,ERR,ERR,ERR,ERR,ERR,ERR,ERR,ERR,ERR,ERR,ERR,ERR,ERR,ERR,ERR,ERR,ERR,ERR,ERR,ERR,ERR,ERR,ERR,ERR,ERR,ERR,ERR,ERR,ERR,60.0,60.0,35,0.0,0.0,0.0,0.0,0.0,0.0,0.0,0.0,0.0,0.0,0.0,0.0,0.0,0.0,0.0,0.0,65.6,0,116,56,41,65476,0,300,0,0,8,20529,65476,0,0,2621,60.0,0.0,0.0,0.0,0.0,0.0
2026-07-09T15:17:06,ERR,ERR,ERR,ERR,ERR,ERR,ERR,ERR,ERR,ERR,ERR,ERR,ERR,ERR,ERR,ERR,ERR,ERR,ERR,ERR,ERR,ERR,ERR,ERR,ERR,ERR,ERR,ERR,ERR,ERR,ERR,ERR,ERR,ERR,ERR,ERR,ERR,ERR,ERR,ERR,ERR,ERR,ERR,ERR,ERR,ERR,ERR,ERR,ERR,ERR,ERR,ERR,ERR,ERR,ERR,ERR,ERR,ERR,ERR,ERR,ERR,ERR,ERR,ERR,ERR,ERR,ERR,ERR,ERR,ERR,ERR,ERR,ERR,ERR,ERR,ERR,ERR,ERR,ERR,ERR,ERR,ERR,ERR,ERR,ERR,ERR,ERR,ERR,ERR,ERR,ERR,ERR,ERR,ERR,ERR,ERR,ERR,ERR,ERR,ERR,ERR,ERR,ERR,ERR,ERR,ERR,ERR,ERR,ERR,ERR,ERR,ERR,ERR,ERR,ERR,ERR,ERR,ERR,ERR,ERR,ERR,ERR,ERR,ERR,ERR,0.0,0.0,2.7184202930928964e+23,0.0,1575186.125,1.438553269916873e+30,0.0,0.0,0,0,4,17429,7116,0.0,100,0.0,0.0,0.0,0.0,0.0,0,0,0,0,0.0,0,0,0,0,0,0,0,0,0,0,0,0,0,0,0,0,0,0,0,0,0,0,0,0,0,0,0,0,0,0,0,0,0,31,40,40,71,65476,0,300,0,0,8,21553,0.0,-107605600.0,0.0,0.0,0.0,0.0,0.0,0.0,0.0,0.0,0.0,0.0,0.0,0.0,0.0,0.0,0.0,0.0,0.0,0.0,0.0,0.0,-0.0,-3.697067826173549e+19,0.0,0.0,0.0,0.0,0.0,0.0,4970.0,0.0,6916.0,0.0,0.0,2.004,2.004,0.0,0.0,0.0,0.0,69,-107614768.0,-0.0,0.0,0.0,0.0,0.0,0.0,0.0,0.0,0,0,0,0.0,0.0,0.0,0.0,0.0,0.0,0.0,0.0,0.0,0.0,0.0,0.0,0.0,0.0,0.0,0.0,0,-107875648.0,69,0.0,138,0.0,2.012,ERR,ERR,ERR,ERR,ERR,ERR,ERR,ERR,ERR,ERR,ERR,ERR,ERR,ERR,ERR,ERR,ERR,ERR,ERR,ERR,ERR,ERR,ERR,ERR,ERR,ERR,ERR,ERR,ERR,ERR,ERR,ERR,ERR,ERR,ERR,ERR,ERR,ERR,ERR,ERR,ERR,ERR,ERR,ERR,ERR,ERR,ERR,ERR,ERR,ERR,ERR,ERR,ERR,ERR,ERR,ERR,ERR,ERR,ERR,ERR,ERR,ERR,ERR,ERR,ERR,ERR,ERR,60.0,60.0,35,0.0,0.0,0.0,0.0,0.0,0.0,0.0,0.0,0.0,0.0,0.0,0.0,0.0,0.0,0.0,0.0,65.6,0,116,56,41,65476,0,300,0,0,8,20529,65476,0,0,2621,60.0,0.0,0.0,0.0,0.0,0.0
2026-07-09T15:17:07,ERR,ERR,ERR,ERR,ERR,ERR,ERR,ERR,ERR,ERR,ERR,ERR,ERR,ERR,ERR,ERR,ERR,ERR,ERR,ERR,ERR,ERR,ERR,ERR,ERR,ERR,ERR,ERR,ERR,ERR,ERR,ERR,ERR,ERR,ERR,ERR,ERR,ERR,ERR,ERR,ERR,ERR,ERR,ERR,ERR,ERR,ERR,ERR,ERR,ERR,ERR,ERR,ERR,ERR,ERR,ERR,ERR,ERR,ERR,ERR,ERR,ERR,ERR,ERR,ERR,ERR,ERR,ERR,ERR,ERR,ERR,ERR,ERR,ERR,ERR,ERR,ERR,ERR,ERR,ERR,ERR,ERR,ERR,ERR,ERR,ERR,ERR,ERR,ERR,ERR,ERR,ERR,ERR,ERR,ERR,ERR,ERR,ERR,ERR,ERR,ERR,ERR,ERR,ERR,ERR,ERR,ERR,ERR,ERR,ERR,ERR,ERR,ERR,ERR,ERR,ERR,ERR,ERR,ERR,ERR,ERR,ERR,ERR,ERR,ERR,0.0,0.0,2.7184202930928964e+23,0.0,1575186.125,1.438553269916873e+30,0.0,0.0,0,0,4,17429,7116,0.0,100,0.0,0.0,0.0,0.0,0.0,0,0,0,0,0.0,0,0,0,0,0,0,0,0,0,0,0,0,0,0,0,0,0,0,0,0,0,0,0,0,0,0,0,0,0,0,0,0,0,31,40,40,71,65476,0,300,0,0,8,21553,0.0,-107605600.0,0.0,0.0,0.0,0.0,0.0,0.0,0.0,0.0,0.0,0.0,0.0,0.0,0.0,0.0,0.0,0.0,0.0,0.0,0.0,0.0,-0.0,-3.697067826173549e+19,0.0,0.0,0.0,0.0,0.0,0.0,4970.0,0.0,6916.0,0.0,0.0,2.004,2.004,0.0,0.0,0.0,0.0,69,-107614768.0,-0.0,0.0,0.0,0.0,0.0,0.0,0.0,0.0,0,0,0,0.0,0.0,0.0,0.0,0.0,0.0,0.0,0.0,0.0,0.0,0.0,0.0,0.0,0.0,0.0,0.0,0,-107875648.0,69,0.0,138,0.0,2.012,ERR,ERR,ERR,ERR,ERR,ERR,ERR,ERR,ERR,ERR,ERR,ERR,ERR,ERR,ERR,ERR,ERR,ERR,ERR,ERR,ERR,ERR,ERR,ERR,ERR,ERR,ERR,ERR,ERR,ERR,ERR,ERR,ERR,ERR,ERR,ERR,ERR,ERR,ERR,ERR,ERR,ERR,ERR,ERR,ERR,ERR,ERR,ERR,ERR,ERR,ERR,ERR,ERR,ERR,ERR,ERR,ERR,ERR,ERR,ERR,ERR,ERR,ERR,ERR,ERR,ERR,ERR,60.0,60.0,35,0.0,0.0,0.0,0.0,0.0,0.0,0.0,0.0,0.0,0.0,0.0,0.0,0.0,0.0,0.0,0.0,65.2,0,116,56,41,65476,0,300,0,0,8,20529,65476,0,0,2621,60.0,0.0,0.0,0.0,0.0,0.0
2026-07-09T15:17:08,ERR,ERR,ERR,ERR,ERR,ERR,ERR,ERR,ERR,ERR,ERR,ERR,ERR,ERR,ERR,ERR,ERR,ERR,ERR,ERR,ERR,ERR,ERR,ERR,ERR,ERR,ERR,ERR,ERR,ERR,ERR,ERR,ERR,ERR,ERR,ERR,ERR,ERR,ERR,ERR,ERR,ERR,ERR,ERR,ERR,ERR,ERR,ERR,ERR,ERR,ERR,ERR,ERR,ERR,ERR,ERR,ERR,ERR,ERR,ERR,ERR,ERR,ERR,ERR,ERR,ERR,ERR,ERR,ERR,ERR,ERR,ERR,ERR,ERR,ERR,ERR,ERR,ERR,ERR,ERR,ERR,ERR,ERR,ERR,ERR,ERR,ERR,ERR,ERR,ERR,ERR,ERR,ERR,ERR,ERR,ERR,ERR,ERR,ERR,ERR,ERR,ERR,ERR,ERR,ERR,ERR,ERR,ERR,ERR,ERR,ERR,ERR,ERR,ERR,ERR,ERR,ERR,ERR,ERR,ERR,ERR,ERR,ERR,ERR,ERR,0.0,-107616040.0,-0.0,0.0,-3.004,4.359679272755082e+19,0.0,1.1428252556988544e+25,0,0,4,17429,7116,0.0,100,0.0,0.0,0.0,0.0,0.0,0,0,0,0,0.0,0,0,0,0,0,0,0,0,0,0,0,0,0,0,0,0,0,0,0,0,0,0,0,0,0,0,0,0,0,0,0,0,0,31,40,40,71,65476,0,300,0,0,8,21553,0.0,-107605600.0,0.0,0.0,0.0,0.0,0.0,0.0,0.0,0.0,0.0,0.0,0.0,0.0,0.0,0.0,0.0,0.0,0.0,0.0,0.0,0.0,2.004,-0.0,0.0,0.0,0.0,0.0,0.0,0.0,4968.0,1.587929164219617e+29,6926.0,-0.0,-107616040.0,2.004,2.004,0.0,0.0,0.0,0.0,69,-0.0,-4.950400744235881e+32,0.0,0.0,0.0,0.0,0.0,0.0,0.0,0,0,0,0.0,0.0,0.0,0.0,0.0,0.0,0.0,0.0,0.0,0.0,0.0,0.0,0.0,0.0,0.0,0.0,0,-107875648.0,69,0.0,138,0.0,2.012,ERR,ERR,ERR,ERR,ERR,ERR,ERR,ERR,ERR,ERR,ERR,ERR,ERR,ERR,ERR,ERR,ERR,ERR,ERR,ERR,ERR,ERR,ERR,ERR,ERR,ERR,ERR,ERR,ERR,ERR,ERR,ERR,ERR,ERR,ERR,ERR,ERR,ERR,ERR,ERR,ERR,ERR,ERR,ERR,ERR,ERR,ERR,ERR,ERR,ERR,ERR,ERR,ERR,ERR,ERR,ERR,ERR,ERR,ERR,ERR,ERR,ERR,ERR,ERR,ERR,ERR,ERR,60.0,60.0,35,0.0,0.0,0.0,0.0,0.0,0.0,0.0,0.0,0.0,0.0,0.0,0.0,0.0,0.0,0.0,0.0,65.2,0,116,56,41,65476,0,300,0,0,8,20529,65476,0,0,2621,60.0,0.0,0.0,0.0,0.0,0.0
2026-07-09T15:17:09,ERR,ERR,ERR,ERR,ERR,ERR,ERR,ERR,ERR,ERR,ERR,ERR,ERR,ERR,ERR,ERR,ERR,ERR,ERR,ERR,ERR,ERR,ERR,ERR,ERR,ERR,ERR,ERR,ERR,ERR,ERR,ERR,ERR,ERR,ERR,ERR,ERR,ERR,ERR,ERR,ERR,ERR,ERR,ERR,ERR,ERR,ERR,ERR,ERR,ERR,ERR,ERR,ERR,ERR,ERR,ERR,ERR,ERR,ERR,ERR,ERR,ERR,ERR,ERR,ERR,ERR,ERR,ERR,ERR,ERR,ERR,ERR,ERR,ERR,ERR,ERR,ERR,ERR,ERR,ERR,ERR,ERR,ERR,ERR,ERR,ERR,ERR,ERR,ERR,ERR,ERR,ERR,ERR,ERR,ERR,ERR,ERR,ERR,ERR,ERR,ERR,ERR,ERR,ERR,ERR,ERR,ERR,ERR,ERR,ERR,ERR,ERR,ERR,ERR,ERR,ERR,ERR,ERR,ERR,ERR,ERR,ERR,ERR,ERR,ERR,0.0,-107616040.0,-0.0,0.0,-3.004,4.359679272755082e+19,0.0,1.1428252556988544e+25,0,0,4,17429,7116,0.0,100,0.0,0.0,0.0,0.0,0.0,0,0,0,0,0.0,0,0,0,0,0,0,0,0,0,0,0,0,0,0,0,0,0,0,0,0,0,0,0,0,0,0,0,0,0,0,0,0,0,31,40,40,71,65476,0,300,0,0,8,21553,0.0,-107605600.0,0.0,0.0,0.0,0.0,0.0,0.0,0.0,0.0,0.0,0.0,0.0,0.0,0.0,0.0,0.0,0.0,0.0,0.0,0.0,0.0,2.004,-0.0,0.0,0.0,0.0,0.0,0.0,0.0,4968.0,1.587929164219617e+29,6926.0,-0.0,-107616040.0,2.004,2.004,0.0,0.0,0.0,0.0,69,-0.0,-4.950400744235881e+32,0.0,0.0,0.0,0.0,0.0,0.0,0.0,0,0,0,0.0,0.0,0.0,0.0,0.0,0.0,0.0,0.0,0.0,0.0,0.0,0.0,0.0,0.0,0.0,0.0,0,-107875648.0,69,0.0,138,0.0,2.012,ERR,ERR,ERR,ERR,ERR,ERR,ERR,ERR,ERR,ERR,ERR,ERR,ERR,ERR,ERR,ERR,ERR,ERR,ERR,ERR,ERR,ERR,ERR,ERR,ERR,ERR,ERR,ERR,ERR,ERR,ERR,ERR,ERR,ERR,ERR,ERR,ERR,ERR,ERR,ERR,ERR,ERR,ERR,ERR,ERR,ERR,ERR,ERR,ERR,ERR,ERR,ERR,ERR,ERR,ERR,ERR,ERR,ERR,ERR,ERR,ERR,ERR,ERR,ERR,ERR,ERR,ERR,60.0,60.0,35,0.0,0.0,0.0,0.0,0.0,0.0,0.0,0.0,0.0,0.0,0.0,0.0,0.0,0.0,0.0,0.0,65.2,0,116,56,41,65476,0,300,0,0,8,20529,65476,0,0,2621,60.0,0.0,0.0,0.0,0.0,0.0
2026-07-09T15:17:10,ERR,ERR,ERR,ERR,ERR,ERR,ERR,ERR,ERR,ERR,ERR,ERR,ERR,ERR,ERR,ERR,ERR,ERR,ERR,ERR,ERR,ERR,ERR,ERR,ERR,ERR,ERR,ERR,ERR,ERR,ERR,ERR,ERR,ERR,ERR,ERR,ERR,ERR,ERR,ERR,ERR,ERR,ERR,ERR,ERR,ERR,ERR,ERR,ERR,ERR,ERR,ERR,ERR,ERR,ERR,ERR,ERR,ERR,ERR,ERR,ERR,ERR,ERR,ERR,ERR,ERR,ERR,ERR,ERR,ERR,ERR,ERR,ERR,ERR,ERR,ERR,ERR,ERR,ERR,ERR,ERR,ERR,ERR,ERR,ERR,ERR,ERR,ERR,ERR,ERR,ERR,ERR,ERR,ERR,ERR,ERR,ERR,ERR,ERR,ERR,ERR,ERR,ERR,ERR,ERR,ERR,ERR,ERR,ERR,ERR,ERR,ERR,ERR,ERR,ERR,ERR,ERR,ERR,ERR,ERR,ERR,ERR,ERR,ERR,ERR,0.0,-107616040.0,-0.0,0.0,-3.004,4.359679272755082e+19,0.0,1.1428252556988544e+25,0,0,4,17429,7116,0.0,100,0.0,0.0,0.0,0.0,0.0,0,0,0,0,0.0,0,0,0,0,0,0,0,0,0,0,0,0,0,0,0,0,0,0,0,0,0,0,0,0,0,0,0,0,0,0,0,0,0,31,40,40,71,65476,0,300,0,0,8,21553,0.0,-107605600.0,0.0,0.0,0.0,0.0,0.0,0.0,0.0,0.0,0.0,0.0,0.0,0.0,0.0,0.0,0.0,0.0,0.0,0.0,0.0,0.0,2.004,-0.0,0.0,0.0,0.0,0.0,0.0,0.0,4968.0,1.587929164219617e+29,6926.0,-0.0,-107616040.0,2.004,2.004,0.0,0.0,0.0,0.0,69,-0.0,-4.950400744235881e+32,0.0,0.0,0.0,0.0,0.0,0.0,0.0,0,0,0,0.0,0.0,0.0,0.0,0.0,0.0,0.0,0.0,0.0,0.0,0.0,0.0,0.0,0.0,0.0,0.0,0,-107875648.0,69,0.0,138,0.0,2.012,ERR,ERR,ERR,ERR,ERR,ERR,ERR,ERR,ERR,ERR,ERR,ERR,ERR,ERR,ERR,ERR,ERR,ERR,ERR,ERR,ERR,ERR,ERR,ERR,ERR,ERR,ERR,ERR,ERR,ERR,ERR,ERR,ERR,ERR,ERR,ERR,ERR,ERR,ERR,ERR,ERR,ERR,ERR,ERR,ERR,ERR,ERR,ERR,ERR,ERR,ERR,ERR,ERR,ERR,ERR,ERR,ERR,ERR,ERR,ERR,ERR,ERR,ERR,ERR,ERR,ERR,ERR,60.0,60.0,35,0.0,0.0,0.0,0.0,0.0,0.0,0.0,0.0,0.0,0.0,0.0,0.0,0.0,0.0,0.0,0.0,65.2,0,116,56,41,65476,0,300,0,0,8,20529,65476,0,0,2621,60.0,0.0,0.0,0.0,0.0,0.0
2026-07-09T15:17:11,ERR,ERR,ERR,ERR,ERR,ERR,ERR,ERR,ERR,ERR,ERR,ERR,ERR,ERR,ERR,ERR,ERR,ERR,ERR,ERR,ERR,ERR,ERR,ERR,ERR,ERR,ERR,ERR,ERR,ERR,ERR,ERR,ERR,ERR,ERR,ERR,ERR,ERR,ERR,ERR,ERR,ERR,ERR,ERR,ERR,ERR,ERR,ERR,ERR,ERR,ERR,ERR,ERR,ERR,ERR,ERR,ERR,ERR,ERR,ERR,ERR,ERR,ERR,ERR,ERR,ERR,ERR,ERR,ERR,ERR,ERR,ERR,ERR,ERR,ERR,ERR,ERR,ERR,ERR,ERR,ERR,ERR,ERR,ERR,ERR,ERR,ERR,ERR,ERR,ERR,ERR,ERR,ERR,ERR,ERR,ERR,ERR,ERR,ERR,ERR,ERR,ERR,ERR,ERR,ERR,ERR,ERR,ERR,ERR,ERR,ERR,ERR,ERR,ERR,ERR,ERR,ERR,ERR,ERR,ERR,ERR,ERR,ERR,ERR,ERR,0.0,-107616040.0,-0.0,0.0,-3.004,4.359679272755082e+19,0.0,1.1428252556988544e+25,0,0,4,17429,7116,0.0,100,0.0,0.0,0.0,0.0,0.0,0,0,0,0,0.0,0,0,0,0,0,0,0,0,0,0,0,0,0,0,0,0,0,0,0,0,0,0,0,0,0,0,0,0,0,0,0,0,0,31,40,40,71,65476,0,300,0,0,8,21553,0.0,-107605600.0,0.0,0.0,0.0,0.0,0.0,0.0,0.0,0.0,0.0,0.0,0.0,0.0,0.0,0.0,0.0,0.0,0.0,0.0,0.0,0.0,2.004,-0.0,0.0,0.0,0.0,0.0,0.0,0.0,4968.0,1.587929164219617e+29,6926.0,-0.0,-107616040.0,2.004,2.004,0.0,0.0,0.0,0.0,69,-0.0,-4.950400744235881e+32,0.0,0.0,0.0,0.0,0.0,0.0,0.0,0,0,0,0.0,0.0,0.0,0.0,0.0,0.0,0.0,0.0,0.0,0.0,0.0,0.0,0.0,0.0,0.0,0.0,0,-107875648.0,69,0.0,138,0.0,2.012,ERR,ERR,ERR,ERR,ERR,ERR,ERR,ERR,ERR,ERR,ERR,ERR,ERR,ERR,ERR,ERR,ERR,ERR,ERR,ERR,ERR,ERR,ERR,ERR,ERR,ERR,ERR,ERR,ERR,ERR,ERR,ERR,ERR,ERR,ERR,ERR,ERR,ERR,ERR,ERR,ERR,ERR,ERR,ERR,ERR,ERR,ERR,ERR,ERR,ERR,ERR,ERR,ERR,ERR,ERR,ERR,ERR,ERR,ERR,ERR,ERR,ERR,ERR,ERR,ERR,ERR,ERR,60.0,60.0,35,0.0,0.0,0.0,0.0,0.0,0.0,0.0,0.0,0.0,0.0,0.0,0.0,0.0,0.0,0.0,0.0,65.2,0,116,56,41,65476,0,300,0,0,8,20529,65476,0,0,2621,60.0,0.0,0.0,0.0,0.0,0.0
2026-07-09T15:17:12,ERR,ERR,ERR,ERR,ERR,ERR,ERR,ERR,ERR,ERR,ERR,ERR,ERR,ERR,ERR,ERR,ERR,ERR,ERR,ERR,ERR,ERR,ERR,ERR,ERR,ERR,ERR,ERR,ERR,ERR,ERR,ERR,ERR,ERR,ERR,ERR,ERR,ERR,ERR,ERR,ERR,ERR,ERR,ERR,ERR,ERR,ERR,ERR,ERR,ERR,ERR,ERR,ERR,ERR,ERR,ERR,ERR,ERR,ERR,ERR,ERR,ERR,ERR,ERR,ERR,ERR,ERR,ERR,ERR,ERR,ERR,ERR,ERR,ERR,ERR,ERR,ERR,ERR,ERR,ERR,ERR,ERR,ERR,ERR,ERR,ERR,ERR,ERR,ERR,ERR,ERR,ERR,ERR,ERR,ERR,ERR,ERR,ERR,ERR,ERR,ERR,ERR,ERR,ERR,ERR,ERR,ERR,ERR,ERR,ERR,ERR,ERR,ERR,ERR,ERR,ERR,ERR,ERR,ERR,ERR,ERR,ERR,ERR,ERR,ERR,-0.0,-0.0,-0.0,2.718366610185338e+23,6.94123601574006e+28,51340095488.0,0.0,782764802048.0,0,0,4,17428,7116,0.0,100,0.0,0.0,2.718366610185338e+23,0.0,0.0,0,0,0,0,0.0,0,0,0,0,0,0,0,0,0,0,0,0,0,0,0,0,0,0,0,0,0,0,0,0,0,0,0,0,0,0,0,0,0,31,40,40,71,65476,0,300,0,0,8,21553,0.0,-107605600.0,0.0,0.0,0.0,0.0,0.0,0.0,0.0,0.0,0.0,0.0,0.0,0.0,0.0,0.0,0.0,0.0,0.0,0.0,0.0,0.0,2.004,-0.0,0.0,0.0,0.0,0.0,0.0,0.0,4974.0,-564145766268928.0,6939.0,-0.0,-0.0,2.004,2.004,0.0,0.0,0.0,0.0,69,-4.950400744235881e+32,5.848055287018579e+35,0.0,0.0,0.0,0.0,0.0,0.0,0.0,0,0,0,0.0,0.0,0.0,0.0,0.0,0.0,0.0,0.0,0.0,0.0,0.0,0.0,0.0,0.0,0.0,0.0,0,-107875648.0,69,0.0,138,0.0,2.012,ERR,ERR,ERR,ERR,ERR,ERR,ERR,ERR,ERR,ERR,ERR,ERR,ERR,ERR,ERR,ERR,ERR,ERR,ERR,ERR,ERR,ERR,ERR,ERR,ERR,ERR,ERR,ERR,ERR,ERR,ERR,ERR,ERR,ERR,ERR,ERR,ERR,ERR,ERR,ERR,ERR,ERR,ERR,ERR,ERR,ERR,ERR,ERR,ERR,ERR,ERR,ERR,ERR,ERR,ERR,ERR,ERR,ERR,ERR,ERR,ERR,ERR,ERR,ERR,ERR,ERR,ERR,60.0,60.0,35,0.0,0.0,0.0,0.0,0.0,0.0,0.0,0.0,0.0,0.0,0.0,0.0,0.0,0.0,0.0,0.0,65.2,0,116,56,41,65476,0,300,0,0,8,20529,65476,0,0,2621,60.0,0.0,0.0,0.0,0.0,0.0
2026-07-09T15:17:13,ERR,ERR,ERR,ERR,ERR,ERR,ERR,ERR,ERR,ERR,ERR,ERR,ERR,ERR,ERR,ERR,ERR,ERR,ERR,ERR,ERR,ERR,ERR,ERR,ERR,ERR,ERR,ERR,ERR,ERR,ERR,ERR,ERR,ERR,ERR,ERR,ERR,ERR,ERR,ERR,ERR,ERR,ERR,ERR,ERR,ERR,ERR,ERR,ERR,ERR,ERR,ERR,ERR,ERR,ERR,ERR,ERR,ERR,ERR,ERR,ERR,ERR,ERR,ERR,ERR,ERR,ERR,ERR,ERR,ERR,ERR,ERR,ERR,ERR,ERR,ERR,ERR,ERR,ERR,ERR,ERR,ERR,ERR,ERR,ERR,ERR,ERR,ERR,ERR,ERR,ERR,ERR,ERR,ERR,ERR,ERR,ERR,ERR,ERR,ERR,ERR,ERR,ERR,ERR,ERR,ERR,ERR,ERR,ERR,ERR,ERR,ERR,ERR,ERR,ERR,ERR,ERR,ERR,ERR,ERR,ERR,ERR,ERR,ERR,ERR,-0.0,-0.0,-0.0,2.718366610185338e+23,6.94123601574006e+28,51340095488.0,0.0,782764802048.0,0,0,4,17428,7116,0.0,100,0.0,0.0,2.718366610185338e+23,0.0,0.0,0,0,0,0,0.0,0,0,0,0,0,0,0,0,0,0,0,0,0,0,0,0,0,0,0,0,0,0,0,0,0,0,0,0,0,0,0,0,0,31,40,40,71,65476,0,300,0,0,8,21553,0.0,-107605600.0,0.0,0.0,0.0,0.0,0.0,0.0,0.0,0.0,0.0,0.0,0.0,0.0,0.0,0.0,0.0,0.0,0.0,0.0,0.0,0.0,2.004,-0.0,0.0,0.0,0.0,0.0,0.0,0.0,4974.0,-564145766268928.0,6939.0,-0.0,-0.0,2.004,2.004,0.0,0.0,0.0,0.0,69,-4.950400744235881e+32,5.848055287018579e+35,0.0,0.0,0.0,0.0,0.0,0.0,0.0,0,0,0,0.0,0.0,0.0,0.0,0.0,0.0,0.0,0.0,0.0,0.0,0.0,0.0,0.0,0.0,0.0,0.0,0,-107875648.0,69,0.0,138,0.0,2.012,ERR,ERR,ERR,ERR,ERR,ERR,ERR,ERR,ERR,ERR,ERR,ERR,ERR,ERR,ERR,ERR,ERR,ERR,ERR,ERR,ERR,ERR,ERR,ERR,ERR,ERR,ERR,ERR,ERR,ERR,ERR,ERR,ERR,ERR,ERR,ERR,ERR,ERR,ERR,ERR,ERR,ERR,ERR,ERR,ERR,ERR,ERR,ERR,ERR,ERR,ERR,ERR,ERR,ERR,ERR,ERR,ERR,ERR,ERR,ERR,ERR,ERR,ERR,ERR,ERR,ERR,ERR,60.0,60.0,35,0.0,0.0,0.0,0.0,0.0,0.0,0.0,0.0,0.0,0.0,0.0,0.0,0.0,0.0,0.0,0.0,65.2,0,116,56,41,65476,0,300,0,0,8,20529,65476,0,0,2621,60.0,0.0,0.0,0.0,0.0,0.0
2026-07-09T15:17:14,ERR,ERR,ERR,ERR,ERR,ERR,ERR,ERR,ERR,ERR,ERR,ERR,ERR,ERR,ERR,ERR,ERR,ERR,ERR,ERR,ERR,ERR,ERR,ERR,ERR,ERR,ERR,ERR,ERR,ERR,ERR,ERR,ERR,ERR,ERR,ERR,ERR,ERR,ERR,ERR,ERR,ERR,ERR,ERR,ERR,ERR,ERR,ERR,ERR,ERR,ERR,ERR,ERR,ERR,ERR,ERR,ERR,ERR,ERR,ERR,ERR,ERR,ERR,ERR,ERR,ERR,ERR,ERR,ERR,ERR,ERR,ERR,ERR,ERR,ERR,ERR,ERR,ERR,ERR,ERR,ERR,ERR,ERR,ERR,ERR,ERR,ERR,ERR,ERR,ERR,ERR,ERR,ERR,ERR,ERR,ERR,ERR,ERR,ERR,ERR,ERR,ERR,ERR,ERR,ERR,ERR,ERR,ERR,ERR,ERR,ERR,ERR,ERR,ERR,ERR,ERR,ERR,ERR,ERR,ERR,ERR,ERR,ERR,ERR,ERR,-0.0,-0.0,-0.0,2.718366610185338e+23,6.94123601574006e+28,51340095488.0,0.0,782764802048.0,0,0,4,17428,7116,0.0,100,0.0,0.0,2.718366610185338e+23,0.0,0.0,0,0,0,0,0.0,0,0,0,0,0,0,0,0,0,0,0,0,0,0,0,0,0,0,0,0,0,0,0,0,0,0,0,0,0,0,0,0,0,31,40,40,71,65476,0,300,0,0,8,21553,0.0,-107605600.0,0.0,0.0,0.0,0.0,0.0,0.0,0.0,0.0,0.0,0.0,0.0,0.0,0.0,0.0,0.0,0.0,0.0,0.0,0.0,0.0,2.004,-0.0,0.0,0.0,0.0,0.0,0.0,0.0,4974.0,-564145766268928.0,6939.0,-0.0,-0.0,2.004,2.004,0.0,0.0,0.0,0.0,69,-4.950400744235881e+32,5.848055287018579e+35,0.0,0.0,0.0,0.0,0.0,0.0,0.0,0,0,0,0.0,0.0,0.0,0.0,0.0,0.0,0.0,0.0,0.0,0.0,0.0,0.0,0.0,0.0,0.0,0.0,0,-107875648.0,69,0.0,138,0.0,2.012,ERR,ERR,ERR,ERR,ERR,ERR,ERR,ERR,ERR,ERR,ERR,ERR,ERR,ERR,ERR,ERR,ERR,ERR,ERR,ERR,ERR,ERR,ERR,ERR,ERR,ERR,ERR,ERR,ERR,ERR,ERR,ERR,ERR,ERR,ERR,ERR,ERR,ERR,ERR,ERR,ERR,ERR,ERR,ERR,ERR,ERR,ERR,ERR,ERR,ERR,ERR,ERR,ERR,ERR,ERR,ERR,ERR,ERR,ERR,ERR,ERR,ERR,ERR,ERR,ERR,ERR,ERR,60.0,60.0,35,0.0,0.0,0.0,0.0,0.0,0.0,0.0,0.0,0.0,0.0,0.0,0.0,0.0,0.0,0.0,0.0,65.2,0,117,56,41,65476,0,300,0,0,8,20529,65476,0,0,2621,60.0,0.0,0.0,0.0,0.0,0.0
2026-07-09T15:17:15,ERR,ERR,ERR,ERR,ERR,ERR,ERR,ERR,ERR,ERR,ERR,ERR,ERR,ERR,ERR,ERR,ERR,ERR,ERR,ERR,ERR,ERR,ERR,ERR,ERR,ERR,ERR,ERR,ERR,ERR,ERR,ERR,ERR,ERR,ERR,ERR,ERR,ERR,ERR,ERR,ERR,ERR,ERR,ERR,ERR,ERR,ERR,ERR,ERR,ERR,ERR,ERR,ERR,ERR,ERR,ERR,ERR,ERR,ERR,ERR,ERR,ERR,ERR,ERR,ERR,ERR,ERR,ERR,ERR,ERR,ERR,ERR,ERR,ERR,ERR,ERR,ERR,ERR,ERR,ERR,ERR,ERR,ERR,ERR,ERR,ERR,ERR,ERR,ERR,ERR,ERR,ERR,ERR,ERR,ERR,ERR,ERR,ERR,ERR,ERR,ERR,ERR,ERR,ERR,ERR,ERR,ERR,ERR,ERR,ERR,ERR,ERR,ERR,ERR,ERR,ERR,ERR,ERR,ERR,ERR,ERR,ERR,ERR,ERR,ERR,-0.0,-0.0,-0.0,2.718366610185338e+23,6.94123601574006e+28,51340095488.0,0.0,782764802048.0,0,0,4,17428,7116,0.0,100,0.0,0.0,2.718366610185338e+23,0.0,0.0,0,0,0,0,0.0,0,0,0,0,0,0,0,0,0,0,0,0,0,0,0,0,0,0,0,0,0,0,0,0,0,0,0,0,0,0,0,0,0,31,40,40,71,65476,0,300,0,0,8,21553,0.0,-107605600.0,0.0,0.0,0.0,0.0,0.0,0.0,0.0,0.0,0.0,0.0,0.0,0.0,0.0,0.0,0.0,0.0,0.0,0.0,0.0,0.0,2.004,-0.0,0.0,0.0,0.0,0.0,0.0,0.0,4974.0,-564145766268928.0,6939.0,-0.0,-0.0,2.004,2.004,0.0,0.0,0.0,0.0,69,-4.950400744235881e+32,5.848055287018579e+35,0.0,0.0,0.0,0.0,0.0,0.0,0.0,0,0,0,0.0,0.0,0.0,0.0,0.0,0.0,0.0,0.0,0.0,0.0,0.0,0.0,0.0,0.0,0.0,0.0,0,-107875648.0,69,0.0,138,0.0,2.012,ERR,ERR,ERR,ERR,ERR,ERR,ERR,ERR,ERR,ERR,ERR,ERR,ERR,ERR,ERR,ERR,ERR,ERR,ERR,ERR,ERR,ERR,ERR,ERR,ERR,ERR,ERR,ERR,ERR,ERR,ERR,ERR,ERR,ERR,ERR,ERR,ERR,ERR,ERR,ERR,ERR,ERR,ERR,ERR,ERR,ERR,ERR,ERR,ERR,ERR,ERR,ERR,ERR,ERR,ERR,ERR,ERR,ERR,ERR,ERR,ERR,ERR,ERR,ERR,ERR,ERR,ERR,60.0,60.0,35,0.0,0.0,0.0,0.0,0.0,0.0,0.0,0.0,0.0,0.0,0.0,0.0,0.0,0.0,0.0,0.0,65.2,0,117,56,41,65476,0,300,0,0,8,20529,65476,0,0,2621,60.0,0.0,0.0,0.0,0.0,0.0
2026-07-09T15:17:16,ERR,ERR,ERR,ERR,ERR,ERR,ERR,ERR,ERR,ERR,ERR,ERR,ERR,ERR,ERR,ERR,ERR,ERR,ERR,ERR,ERR,ERR,ERR,ERR,ERR,ERR,ERR,ERR,ERR,ERR,ERR,ERR,ERR,ERR,ERR,ERR,ERR,ERR,ERR,ERR,ERR,ERR,ERR,ERR,ERR,ERR,ERR,ERR,ERR,ERR,ERR,ERR,ERR,ERR,ERR,ERR,ERR,ERR,ERR,ERR,ERR,ERR,ERR,ERR,ERR,ERR,ERR,ERR,ERR,ERR,ERR,ERR,ERR,ERR,ERR,ERR,ERR,ERR,ERR,ERR,ERR,ERR,ERR,ERR,ERR,ERR,ERR,ERR,ERR,ERR,ERR,ERR,ERR,ERR,ERR,ERR,ERR,ERR,ERR,ERR,ERR,ERR,ERR,ERR,ERR,ERR,ERR,ERR,ERR,ERR,ERR,ERR,ERR,ERR,ERR,ERR,ERR,ERR,ERR,ERR,ERR,ERR,ERR,ERR,ERR,-0.0,-0.0,-0.0,2.718366610185338e+23,6.94123601574006e+28,51340095488.0,0.0,782764802048.0,0,0,4,17428,7116,0.0,100,0.0,0.0,2.718366610185338e+23,0.0,0.0,0,0,0,0,0.0,0,0,0,0,0,0,0,0,0,0,0,0,0,0,0,0,0,0,0,0,0,0,0,0,0,0,0,0,0,0,0,0,0,31,40,40,71,65476,0,300,0,0,8,21553,0.0,-107605600.0,0.0,0.0,0.0,0.0,0.0,0.0,0.0,0.0,0.0,0.0,0.0,0.0,0.0,0.0,0.0,0.0,0.0,0.0,0.0,0.0,2.004,-0.0,0.0,0.0,0.0,0.0,0.0,0.0,4974.0,-564145766268928.0,6939.0,-0.0,-0.0,2.004,2.004,0.0,0.0,0.0,0.0,69,-4.950400744235881e+32,5.848055287018579e+35,0.0,0.0,0.0,0.0,0.0,0.0,0.0,0,0,0,0.0,0.0,0.0,0.0,0.0,0.0,0.0,0.0,0.0,0.0,0.0,0.0,0.0,0.0,0.0,0.0,0,-107875648.0,69,0.0,138,0.0,2.012,ERR,ERR,ERR,ERR,ERR,ERR,ERR,ERR,ERR,ERR,ERR,ERR,ERR,ERR,ERR,ERR,ERR,ERR,ERR,ERR,ERR,ERR,ERR,ERR,ERR,ERR,ERR,ERR,ERR,ERR,ERR,ERR,ERR,ERR,ERR,ERR,ERR,ERR,ERR,ERR,ERR,ERR,ERR,ERR,ERR,ERR,ERR,ERR,ERR,ERR,ERR,ERR,ERR,ERR,ERR,ERR,ERR,ERR,ERR,ERR,ERR,ERR,ERR,ERR,ERR,ERR,ERR,60.0,60.0,35,0.0,0.0,0.0,0.0,0.0,0.0,0.0,0.0,0.0,0.0,0.0,0.0,0.0,0.0,0.0,0.0,65.2,0,117,56,41,65476,0,300,0,0,8,20529,65476,0,0,2621,60.0,0.0,0.0,0.0,0.0,0.0
2026-07-09T15:17:17,ERR,ERR,ERR,ERR,ERR,ERR,ERR,ERR,ERR,ERR,ERR,ERR,ERR,ERR,ERR,ERR,ERR,ERR,ERR,ERR,ERR,ERR,ERR,ERR,ERR,ERR,ERR,ERR,ERR,ERR,ERR,ERR,ERR,ERR,ERR,ERR,ERR,ERR,ERR,ERR,ERR,ERR,ERR,ERR,ERR,ERR,ERR,ERR,ERR,ERR,ERR,ERR,ERR,ERR,ERR,ERR,ERR,ERR,ERR,ERR,ERR,ERR,ERR,ERR,ERR,ERR,ERR,ERR,ERR,ERR,ERR,ERR,ERR,ERR,ERR,ERR,ERR,ERR,ERR,ERR,ERR,ERR,ERR,ERR,ERR,ERR,ERR,ERR,ERR,ERR,ERR,ERR,ERR,ERR,ERR,ERR,ERR,ERR,ERR,ERR,ERR,ERR,ERR,ERR,ERR,ERR,ERR,ERR,ERR,ERR,ERR,ERR,ERR,ERR,ERR,ERR,ERR,ERR,ERR,ERR,ERR,ERR,ERR,ERR,ERR,0.0,0.0,0.0,0.0,0.0,2116083072.0,0.0,9.874219836018524e+17,0,0,4,17426,7116,0.0,100,0.0,0.0,0.0,0.0,0.0,0,0,0,0,0.0,0,0,0,0,0,0,0,0,0,0,0,0,0,0,0,0,0,0,0,0,0,0,0,0,0,0,0,0,0,0,0,0,0,31,40,40,71,65476,0,300,0,0,8,21553,0.0,-107605600.0,0.0,0.0,0.0,0.0,0.0,0.0,0.0,0.0,0.0,0.0,0.0,0.0,0.0,0.0,0.0,0.0,0.0,0.0,0.0,0.0,0.0,2.004,0.0,0.0,0.0,0.0,0.0,0.0,5006.0,131350.438,6924.0,0.0,0.0,2.004,2.004,0.0,0.0,0.0,0.0,69,0.0,0.0,0.0,0.0,0.0,0.0,0.0,0.0,0.0,0,0,0,0.0,0.0,0.0,0.0,0.0,0.0,0.0,0.0,0.0,0.0,0.0,0.0,0.0,0.0,0.0,0.0,0,-107875648.0,69,0.0,138,0.0,2.012,ERR,ERR,ERR,ERR,ERR,ERR,ERR,ERR,ERR,ERR,ERR,ERR,ERR,ERR,ERR,ERR,ERR,ERR,ERR,ERR,ERR,ERR,ERR,ERR,ERR,ERR,ERR,ERR,ERR,ERR,ERR,ERR,ERR,ERR,ERR,ERR,ERR,ERR,ERR,ERR,ERR,ERR,ERR,ERR,ERR,ERR,ERR,ERR,ERR,ERR,ERR,ERR,ERR,ERR,ERR,ERR,ERR,ERR,ERR,ERR,ERR,ERR,ERR,ERR,ERR,ERR,ERR,60.0,60.0,35,0.0,0.0,0.0,0.0,0.0,0.0,0.0,0.0,0.0,0.0,0.0,0.0,0.0,0.0,0.0,0.0,65.2,0,117,56,41,65476,0,300,0,0,8,20529,65476,0,0,2621,60.0,0.0,0.0,0.0,0.0,0.0
2026-07-09T15:17:18,ERR,ERR,ERR,ERR,ERR,ERR,ERR,ERR,ERR,ERR,ERR,ERR,ERR,ERR,ERR,ERR,ERR,ERR,ERR,ERR,ERR,ERR,ERR,ERR,ERR,ERR,ERR,ERR,ERR,ERR,ERR,ERR,ERR,ERR,ERR,ERR,ERR,ERR,ERR,ERR,ERR,ERR,ERR,ERR,ERR,ERR,ERR,ERR,ERR,ERR,ERR,ERR,ERR,ERR,ERR,ERR,ERR,ERR,ERR,ERR,ERR,ERR,ERR,ERR,ERR,ERR,ERR,ERR,ERR,ERR,ERR,ERR,ERR,ERR,ERR,ERR,ERR,ERR,ERR,ERR,ERR,ERR,ERR,ERR,ERR,ERR,ERR,ERR,ERR,ERR,ERR,ERR,ERR,ERR,ERR,ERR,ERR,ERR,ERR,ERR,ERR,ERR,ERR,ERR,ERR,ERR,ERR,ERR,ERR,ERR,ERR,ERR,ERR,ERR,ERR,ERR,ERR,ERR,ERR,ERR,ERR,ERR,ERR,ERR,ERR,0.0,0.0,0.0,0.0,0.0,2116083072.0,0.0,9.874219836018524e+17,0,0,4,17426,7116,0.0,100,0.0,0.0,0.0,0.0,0.0,0,0,0,0,0.0,0,0,0,0,0,0,0,0,0,0,0,0,0,0,0,0,0,0,0,0,0,0,0,0,0,0,0,0,0,0,0,0,0,31,40,40,71,65476,0,300,0,0,8,21553,0.0,-107605600.0,0.0,0.0,0.0,0.0,0.0,0.0,0.0,0.0,0.0,0.0,0.0,0.0,0.0,0.0,0.0,0.0,0.0,0.0,0.0,0.0,0.0,2.004,0.0,0.0,0.0,0.0,0.0,0.0,5006.0,131350.438,6924.0,0.0,0.0,2.004,2.004,0.0,0.0,0.0,0.0,69,0.0,0.0,0.0,0.0,0.0,0.0,0.0,0.0,0.0,0,0,0,0.0,0.0,0.0,0.0,0.0,0.0,0.0,0.0,0.0,0.0,0.0,0.0,0.0,0.0,0.0,0.0,0,-107875648.0,69,0.0,138,0.0,2.012,ERR,ERR,ERR,ERR,ERR,ERR,ERR,ERR,ERR,ERR,ERR,ERR,ERR,ERR,ERR,ERR,ERR,ERR,ERR,ERR,ERR,ERR,ERR,ERR,ERR,ERR,ERR,ERR,ERR,ERR,ERR,ERR,ERR,ERR,ERR,ERR,ERR,ERR,ERR,ERR,ERR,ERR,ERR,ERR,ERR,ERR,ERR,ERR,ERR,ERR,ERR,ERR,ERR,ERR,ERR,ERR,ERR,ERR,ERR,ERR,ERR,ERR,ERR,ERR,ERR,ERR,ERR,60.0,60.0,35,0.0,0.0,0.0,0.0,0.0,0.0,0.0,0.0,0.0,0.0,0.0,0.0,0.0,0.0,0.0,0.0,65.2,0,117,56,41,65476,0,300,0,0,8,20529,65476,0,0,2621,60.0,0.0,0.0,0.0,0.0,0.0
2026-07-09T15:17:19,ERR,ERR,ERR,ERR,ERR,ERR,ERR,ERR,ERR,ERR,ERR,ERR,ERR,ERR,ERR,ERR,ERR,ERR,ERR,ERR,ERR,ERR,ERR,ERR,ERR,ERR,ERR,ERR,ERR,ERR,ERR,ERR,ERR,ERR,ERR,ERR,ERR,ERR,ERR,ERR,ERR,ERR,ERR,ERR,ERR,ERR,ERR,ERR,ERR,ERR,ERR,ERR,ERR,ERR,ERR,ERR,ERR,ERR,ERR,ERR,ERR,ERR,ERR,ERR,ERR,ERR,ERR,ERR,ERR,ERR,ERR,ERR,ERR,ERR,ERR,ERR,ERR,ERR,ERR,ERR,ERR,ERR,ERR,ERR,ERR,ERR,ERR,ERR,ERR,ERR,ERR,ERR,ERR,ERR,ERR,ERR,ERR,ERR,ERR,ERR,ERR,ERR,ERR,ERR,ERR,ERR,ERR,ERR,ERR,ERR,ERR,ERR,ERR,ERR,ERR,ERR,ERR,ERR,ERR,ERR,ERR,ERR,ERR,ERR,ERR,0.0,0.0,0.0,0.0,0.0,2116083072.0,0.0,9.874219836018524e+17,0,0,4,17426,7116,0.0,100,0.0,0.0,0.0,0.0,0.0,0,0,0,0,0.0,0,0,0,0,0,0,0,0,0,0,0,0,0,0,0,0,0,0,0,0,0,0,0,0,0,0,0,0,0,0,0,0,0,31,40,40,71,65476,0,300,0,0,8,21553,0.0,-107605600.0,0.0,0.0,0.0,0.0,0.0,0.0,0.0,0.0,0.0,0.0,0.0,0.0,0.0,0.0,0.0,0.0,0.0,0.0,0.0,0.0,0.0,2.004,0.0,0.0,0.0,0.0,0.0,0.0,5006.0,131350.438,6924.0,0.0,0.0,2.004,2.004,0.0,0.0,0.0,0.0,69,0.0,0.0,0.0,0.0,0.0,0.0,0.0,0.0,0.0,0,0,0,0.0,0.0,0.0,0.0,0.0,0.0,0.0,0.0,0.0,0.0,0.0,0.0,0.0,0.0,0.0,0.0,0,-107875648.0,69,0.0,138,0.0,2.012,ERR,ERR,ERR,ERR,ERR,ERR,ERR,ERR,ERR,ERR,ERR,ERR,ERR,ERR,ERR,ERR,ERR,ERR,ERR,ERR,ERR,ERR,ERR,ERR,ERR,ERR,ERR,ERR,ERR,ERR,ERR,ERR,ERR,ERR,ERR,ERR,ERR,ERR,ERR,ERR,ERR,ERR,ERR,ERR,ERR,ERR,ERR,ERR,ERR,ERR,ERR,ERR,ERR,ERR,ERR,ERR,ERR,ERR,ERR,ERR,ERR,ERR,ERR,ERR,ERR,ERR,ERR,60.0,60.0,35,0.0,0.0,0.0,0.0,0.0,0.0,0.0,0.0,0.0,0.0,0.0,0.0,0.0,0.0,0.0,0.0,65.6,0,117,56,41,65476,0,300,0,0,8,20529,65476,0,0,2621,60.0,0.0,0.0,0.0,0.0,0.0
2026-07-09T15:17:20,ERR,ERR,ERR,ERR,ERR,ERR,ERR,ERR,ERR,ERR,ERR,ERR,ERR,ERR,ERR,ERR,ERR,ERR,ERR,ERR,ERR,ERR,ERR,ERR,ERR,ERR,ERR,ERR,ERR,ERR,ERR,ERR,ERR,ERR,ERR,ERR,ERR,ERR,ERR,ERR,ERR,ERR,ERR,ERR,ERR,ERR,ERR,ERR,ERR,ERR,ERR,ERR,ERR,ERR,ERR,ERR,ERR,ERR,ERR,ERR,ERR,ERR,ERR,ERR,ERR,ERR,ERR,ERR,ERR,ERR,ERR,ERR,ERR,ERR,ERR,ERR,ERR,ERR,ERR,ERR,ERR,ERR,ERR,ERR,ERR,ERR,ERR,ERR,ERR,ERR,ERR,ERR,ERR,ERR,ERR,ERR,ERR,ERR,ERR,ERR,ERR,ERR,ERR,ERR,ERR,ERR,ERR,ERR,ERR,ERR,ERR,ERR,ERR,ERR,ERR,ERR,ERR,ERR,ERR,ERR,ERR,ERR,ERR,ERR,ERR,0.0,0.0,0.0,0.0,0.0,2116083072.0,0.0,9.874219836018524e+17,0,0,4,17426,7116,0.0,100,0.0,0.0,0.0,0.0,0.0,0,0,0,0,0.0,0,0,0,0,0,0,0,0,0,0,0,0,0,0,0,0,0,0,0,0,0,0,0,0,0,0,0,0,0,0,0,0,0,31,40,40,71,65476,0,300,0,0,8,21553,0.0,-107605600.0,0.0,0.0,0.0,0.0,0.0,0.0,0.0,0.0,0.0,0.0,0.0,0.0,0.0,0.0,0.0,0.0,0.0,0.0,0.0,0.0,0.0,2.004,0.0,0.0,0.0,0.0,0.0,0.0,5006.0,131350.438,6924.0,0.0,0.0,2.004,2.004,0.0,0.0,0.0,0.0,69,0.0,0.0,0.0,0.0,0.0,0.0,0.0,0.0,0.0,0,0,0,0.0,0.0,0.0,0.0,0.0,0.0,0.0,0.0,0.0,0.0,0.0,0.0,0.0,0.0,0.0,0.0,0,-107875648.0,69,0.0,138,0.0,2.012,ERR,ERR,ERR,ERR,ERR,ERR,ERR,ERR,ERR,ERR,ERR,ERR,ERR,ERR,ERR,ERR,ERR,ERR,ERR,ERR,ERR,ERR,ERR,ERR,ERR,ERR,ERR,ERR,ERR,ERR,ERR,ERR,ERR,ERR,ERR,ERR,ERR,ERR,ERR,ERR,ERR,ERR,ERR,ERR,ERR,ERR,ERR,ERR,ERR,ERR,ERR,ERR,ERR,ERR,ERR,ERR,ERR,ERR,ERR,ERR,ERR,ERR,ERR,ERR,ERR,ERR,ERR,60.0,60.0,35,0.0,0.0,0.0,0.0,0.0,0.0,0.0,0.0,0.0,0.0,0.0,0.0,0.0,0.0,0.0,0.0,65.2,0,117,56,41,65476,0,300,0,0,8,20529,65476,0,0,2621,60.0,0.0,0.0,0.0,0.0,0.0
2026-07-09T15:17:21,ERR,ERR,ERR,ERR,ERR,ERR,ERR,ERR,ERR,ERR,ERR,ERR,ERR,ERR,ERR,ERR,ERR,ERR,ERR,ERR,ERR,ERR,ERR,ERR,ERR,ERR,ERR,ERR,ERR,ERR,ERR,ERR,ERR,ERR,ERR,ERR,ERR,ERR,ERR,ERR,ERR,ERR,ERR,ERR,ERR,ERR,ERR,ERR,ERR,ERR,ERR,ERR,ERR,ERR,ERR,ERR,ERR,ERR,ERR,ERR,ERR,ERR,ERR,ERR,ERR,ERR,ERR,ERR,ERR,ERR,ERR,ERR,ERR,ERR,ERR,ERR,ERR,ERR,ERR,ERR,ERR,ERR,ERR,ERR,ERR,ERR,ERR,ERR,ERR,ERR,ERR,ERR,ERR,ERR,ERR,ERR,ERR,ERR,ERR,ERR,ERR,ERR,ERR,ERR,ERR,ERR,ERR,ERR,ERR,ERR,ERR,ERR,ERR,ERR,ERR,ERR,ERR,ERR,ERR,ERR,ERR,ERR,ERR,ERR,ERR,0.0,0.0,0.0,0.0,0.0,2116083072.0,0.0,9.874219836018524e+17,0,0,4,17426,7116,0.0,100,0.0,0.0,0.0,0.0,0.0,0,0,0,0,0.0,0,0,0,0,0,0,0,0,0,0,0,0,0,0,0,0,0,0,0,0,0,0,0,0,0,0,0,0,0,0,0,0,0,31,40,40,71,65476,0,300,0,0,8,21553,0.0,-107605600.0,0.0,0.0,0.0,0.0,0.0,0.0,0.0,0.0,0.0,0.0,0.0,0.0,0.0,0.0,0.0,0.0,0.0,0.0,0.0,0.0,0.0,2.004,0.0,0.0,0.0,0.0,0.0,0.0,5006.0,131350.438,6924.0,0.0,0.0,2.004,2.004,0.0,0.0,0.0,0.0,69,0.0,0.0,0.0,0.0,0.0,0.0,0.0,0.0,0.0,0,0,0,0.0,0.0,0.0,0.0,0.0,0.0,0.0,0.0,0.0,0.0,0.0,0.0,0.0,0.0,0.0,0.0,0,-107875648.0,69,0.0,138,0.0,2.012,ERR,ERR,ERR,ERR,ERR,ERR,ERR,ERR,ERR,ERR,ERR,ERR,ERR,ERR,ERR,ERR,ERR,ERR,ERR,ERR,ERR,ERR,ERR,ERR,ERR,ERR,ERR,ERR,ERR,ERR,ERR,ERR,ERR,ERR,ERR,ERR,ERR,ERR,ERR,ERR,ERR,ERR,ERR,ERR,ERR,ERR,ERR,ERR,ERR,ERR,ERR,ERR,ERR,ERR,ERR,ERR,ERR,ERR,ERR,ERR,ERR,ERR,ERR,ERR,ERR,ERR,ERR,60.0,60.0,35,0.0,0.0,0.0,0.0,0.0,0.0,0.0,0.0,0.0,0.0,0.0,0.0,0.0,0.0,0.0,0.0,65.2,0,117,56,41,65476,0,300,0,0,8,20529,65476,0,0,2621,60.0,0.0,0.0,0.0,0.0,0.0
2026-07-09T15:17:22,ERR,ERR,ERR,ERR,ERR,ERR,ERR,ERR,ERR,ERR,ERR,ERR,ERR,ERR,ERR,ERR,ERR,ERR,ERR,ERR,ERR,ERR,ERR,ERR,ERR,ERR,ERR,ERR,ERR,ERR,ERR,ERR,ERR,ERR,ERR,ERR,ERR,ERR,ERR,ERR,ERR,ERR,ERR,ERR,ERR,ERR,ERR,ERR,ERR,ERR,ERR,ERR,ERR,ERR,ERR,ERR,ERR,ERR,ERR,ERR,ERR,ERR,ERR,ERR,ERR,ERR,ERR,ERR,ERR,ERR,ERR,ERR,ERR,ERR,ERR,ERR,ERR,ERR,ERR,ERR,ERR,ERR,ERR,ERR,ERR,ERR,ERR,ERR,ERR,ERR,ERR,ERR,ERR,ERR,ERR,ERR,ERR,ERR,ERR,ERR,ERR,ERR,ERR,ERR,ERR,ERR,ERR,ERR,ERR,ERR,ERR,ERR,ERR,ERR,ERR,ERR,ERR,ERR,ERR,ERR,ERR,ERR,ERR,ERR,ERR,-107615120.0,0.0,0.0,-107612512.0,-3.610856744655258e+16,315024945971200.0,0.0,-0.0,0,0,4,17427,7116,0.0,100,0.0,0.0,2.718366610185338e+23,0.0,0.0,0,0,0,0,0.0,0,0,0,0,0,0,0,0,0,0,0,0,0,0,0,0,0,0,0,0,0,0,0,0,0,0,0,0,0,0,0,0,0,31,40,40,71,65476,0,300,0,0,8,21553,0.0,-107605600.0,0.0,0.0,0.0,0.0,0.0,0.0,0.0,0.0,0.0,0.0,0.0,0.0,0.0,0.0,0.0,0.0,0.0,0.0,0.0,0.0,-2.004,0.0,0.0,0.0,0.0,0.0,0.0,0.0,5000.0,-0.0,6929.0,-107615120.0,0.0,2.004,2.004,0.0,0.0,0.0,0.0,69,-2.3088276994979896e+20,-0.0,0.0,0.0,0.0,0.0,0.0,0.0,0.0,0,0,0,0.0,0.0,0.0,0.0,0.0,0.0,0.0,0.0,0.0,0.0,0.0,0.0,0.0,0.0,0.0,0.0,0,-107875648.0,69,0.0,138,0.0,2.012,ERR,ERR,ERR,ERR,ERR,ERR,ERR,ERR,ERR,ERR,ERR,ERR,ERR,ERR,ERR,ERR,ERR,ERR,ERR,ERR,ERR,ERR,ERR,ERR,ERR,ERR,ERR,ERR,ERR,ERR,ERR,ERR,ERR,ERR,ERR,ERR,ERR,ERR,ERR,ERR,ERR,ERR,ERR,ERR,ERR,ERR,ERR,ERR,ERR,ERR,ERR,ERR,ERR,ERR,ERR,ERR,ERR,ERR,ERR,ERR,ERR,ERR,ERR,ERR,ERR,ERR,ERR,60.0,60.0,35,0.0,0.0,0.0,0.0,0.0,0.0,0.0,0.0,0.0,0.0,0.0,0.0,0.0,0.0,0.0,0.0,65.2,0,117,56,41,65476,0,300,0,0,8,20529,65476,0,0,2621,60.0,0.0,0.0,0.0,0.0,0.0
2026-07-09T15:17:23,ERR,ERR,ERR,ERR,ERR,ERR,ERR,ERR,ERR,ERR,ERR,ERR,ERR,ERR,ERR,ERR,ERR,ERR,ERR,ERR,ERR,ERR,ERR,ERR,ERR,ERR,ERR,ERR,ERR,ERR,ERR,ERR,ERR,ERR,ERR,ERR,ERR,ERR,ERR,ERR,ERR,ERR,ERR,ERR,ERR,ERR,ERR,ERR,ERR,ERR,ERR,ERR,ERR,ERR,ERR,ERR,ERR,ERR,ERR,ERR,ERR,ERR,ERR,ERR,ERR,ERR,ERR,ERR,ERR,ERR,ERR,ERR,ERR,ERR,ERR,ERR,ERR,ERR,ERR,ERR,ERR,ERR,ERR,ERR,ERR,ERR,ERR,ERR,ERR,ERR,ERR,ERR,ERR,ERR,ERR,ERR,ERR,ERR,ERR,ERR,ERR,ERR,ERR,ERR,ERR,ERR,ERR,ERR,ERR,ERR,ERR,ERR,ERR,ERR,ERR,ERR,ERR,ERR,ERR,ERR,ERR,ERR,ERR,ERR,ERR,-107615120.0,0.0,0.0,-107612512.0,-3.610856744655258e+16,315024945971200.0,0.0,-0.0,0,0,4,17427,7116,0.0,100,0.0,0.0,2.718366610185338e+23,0.0,0.0,0,0,0,0,0.0,0,0,0,0,0,0,0,0,0,0,0,0,0,0,0,0,0,0,0,0,0,0,0,0,0,0,0,0,0,0,0,0,0,31,40,40,71,65476,0,300,0,0,8,21553,0.0,-107605600.0,0.0,0.0,0.0,0.0,0.0,0.0,0.0,0.0,0.0,0.0,0.0,0.0,0.0,0.0,0.0,0.0,0.0,0.0,0.0,0.0,-2.004,0.0,0.0,0.0,0.0,0.0,0.0,0.0,5000.0,-0.0,6929.0,-107615120.0,0.0,2.004,2.004,0.0,0.0,0.0,0.0,69,-2.3088276994979896e+20,-0.0,0.0,0.0,0.0,0.0,0.0,0.0,0.0,0,0,0,0.0,0.0,0.0,0.0,0.0,0.0,0.0,0.0,0.0,0.0,0.0,0.0,0.0,0.0,0.0,0.0,0,-107875648.0,69,0.0,138,0.0,2.012,ERR,ERR,ERR,ERR,ERR,ERR,ERR,ERR,ERR,ERR,ERR,ERR,ERR,ERR,ERR,ERR,ERR,ERR,ERR,ERR,ERR,ERR,ERR,ERR,ERR,ERR,ERR,ERR,ERR,ERR,ERR,ERR,ERR,ERR,ERR,ERR,ERR,ERR,ERR,ERR,ERR,ERR,ERR,ERR,ERR,ERR,ERR,ERR,ERR,ERR,ERR,ERR,ERR,ERR,ERR,ERR,ERR,ERR,ERR,ERR,ERR,ERR,ERR,ERR,ERR,ERR,ERR,60.0,60.0,35,0.0,0.0,0.0,0.0,0.0,0.0,0.0,0.0,0.0,0.0,0.0,0.0,0.0,0.0,0.0,0.0,65.2,0,117,56,41,65476,0,300,0,0,8,20529,65476,0,0,2621,60.0,0.0,0.0,0.0,0.0,0.0
2026-07-09T15:17:24,ERR,ERR,ERR,ERR,ERR,ERR,ERR,ERR,ERR,ERR,ERR,ERR,ERR,ERR,ERR,ERR,ERR,ERR,ERR,ERR,ERR,ERR,ERR,ERR,ERR,ERR,ERR,ERR,ERR,ERR,ERR,ERR,ERR,ERR,ERR,ERR,ERR,ERR,ERR,ERR,ERR,ERR,ERR,ERR,ERR,ERR,ERR,ERR,ERR,ERR,ERR,ERR,ERR,ERR,ERR,ERR,ERR,ERR,ERR,ERR,ERR,ERR,ERR,ERR,ERR,ERR,ERR,ERR,ERR,ERR,ERR,ERR,ERR,ERR,ERR,ERR,ERR,ERR,ERR,ERR,ERR,ERR,ERR,ERR,ERR,ERR,ERR,ERR,ERR,ERR,ERR,ERR,ERR,ERR,ERR,ERR,ERR,ERR,ERR,ERR,ERR,ERR,ERR,ERR,ERR,ERR,ERR,ERR,ERR,ERR,ERR,ERR,ERR,ERR,ERR,ERR,ERR,ERR,ERR,ERR,ERR,ERR,ERR,ERR,ERR,-107615120.0,0.0,0.0,-107612512.0,-3.610856744655258e+16,315024945971200.0,0.0,-0.0,0,0,4,17427,7116,0.0,100,0.0,0.0,2.718366610185338e+23,0.0,0.0,0,0,0,0,0.0,0,0,0,0,0,0,0,0,0,0,0,0,0,0,0,0,0,0,0,0,0,0,0,0,0,0,0,0,0,0,0,0,0,31,40,40,71,65476,0,300,0,0,8,21553,0.0,-107605600.0,0.0,0.0,0.0,0.0,0.0,0.0,0.0,0.0,0.0,0.0,0.0,0.0,0.0,0.0,0.0,0.0,0.0,0.0,0.0,0.0,-2.004,0.0,0.0,0.0,0.0,0.0,0.0,0.0,5000.0,-0.0,6929.0,-107615120.0,0.0,2.004,2.004,0.0,0.0,0.0,0.0,69,-2.3088276994979896e+20,-0.0,0.0,0.0,0.0,0.0,0.0,0.0,0.0,0,0,0,0.0,0.0,0.0,0.0,0.0,0.0,0.0,0.0,0.0,0.0,0.0,0.0,0.0,0.0,0.0,0.0,0,-107875648.0,69,0.0,138,0.0,2.012,ERR,ERR,ERR,ERR,ERR,ERR,ERR,ERR,ERR,ERR,ERR,ERR,ERR,ERR,ERR,ERR,ERR,ERR,ERR,ERR,ERR,ERR,ERR,ERR,ERR,ERR,ERR,ERR,ERR,ERR,ERR,ERR,ERR,ERR,ERR,ERR,ERR,ERR,ERR,ERR,ERR,ERR,ERR,ERR,ERR,ERR,ERR,ERR,ERR,ERR,ERR,ERR,ERR,ERR,ERR,ERR,ERR,ERR,ERR,ERR,ERR,ERR,ERR,ERR,ERR,ERR,ERR,60.0,60.0,35,0.0,0.0,0.0,0.0,0.0,0.0,0.0,0.0,0.0,0.0,0.0,0.0,0.0,0.0,0.0,0.0,65.2,0,117,56,41,65476,0,300,0,0,8,20529,65476,0,0,2621,60.0,0.0,0.0,0.0,0.0,0.0
2026-07-09T15:17:25,ERR,ERR,ERR,ERR,ERR,ERR,ERR,ERR,ERR,ERR,ERR,ERR,ERR,ERR,ERR,ERR,ERR,ERR,ERR,ERR,ERR,ERR,ERR,ERR,ERR,ERR,ERR,ERR,ERR,ERR,ERR,ERR,ERR,ERR,ERR,ERR,ERR,ERR,ERR,ERR,ERR,ERR,ERR,ERR,ERR,ERR,ERR,ERR,ERR,ERR,ERR,ERR,ERR,ERR,ERR,ERR,ERR,ERR,ERR,ERR,ERR,ERR,ERR,ERR,ERR,ERR,ERR,ERR,ERR,ERR,ERR,ERR,ERR,ERR,ERR,ERR,ERR,ERR,ERR,ERR,ERR,ERR,ERR,ERR,ERR,ERR,ERR,ERR,ERR,ERR,ERR,ERR,ERR,ERR,ERR,ERR,ERR,ERR,ERR,ERR,ERR,ERR,ERR,ERR,ERR,ERR,ERR,ERR,ERR,ERR,ERR,ERR,ERR,ERR,ERR,ERR,ERR,ERR,ERR,ERR,ERR,ERR,ERR,ERR,ERR,-107615120.0,0.0,0.0,-107612512.0,-3.610856744655258e+16,315024945971200.0,0.0,-0.0,0,0,4,17427,7116,0.0,100,0.0,0.0,2.718366610185338e+23,0.0,0.0,0,0,0,0,0.0,0,0,0,0,0,0,0,0,0,0,0,0,0,0,0,0,0,0,0,0,0,0,0,0,0,0,0,0,0,0,0,0,0,31,40,40,71,65476,0,300,0,0,8,21553,0.0,-107605600.0,0.0,0.0,0.0,0.0,0.0,0.0,0.0,0.0,0.0,0.0,0.0,0.0,0.0,0.0,0.0,0.0,0.0,0.0,0.0,0.0,-2.004,0.0,0.0,0.0,0.0,0.0,0.0,0.0,5000.0,-0.0,6929.0,-107615120.0,0.0,2.004,2.004,0.0,0.0,0.0,0.0,69,-2.3088276994979896e+20,-0.0,0.0,0.0,0.0,0.0,0.0,0.0,0.0,0,0,0,0.0,0.0,0.0,0.0,0.0,0.0,0.0,0.0,0.0,0.0,0.0,0.0,0.0,0.0,0.0,0.0,0,-107875648.0,69,0.0,138,0.0,2.012,ERR,ERR,ERR,ERR,ERR,ERR,ERR,ERR,ERR,ERR,ERR,ERR,ERR,ERR,ERR,ERR,ERR,ERR,ERR,ERR,ERR,ERR,ERR,ERR,ERR,ERR,ERR,ERR,ERR,ERR,ERR,ERR,ERR,ERR,ERR,ERR,ERR,ERR,ERR,ERR,ERR,ERR,ERR,ERR,ERR,ERR,ERR,ERR,ERR,ERR,ERR,ERR,ERR,ERR,ERR,ERR,ERR,ERR,ERR,ERR,ERR,ERR,ERR,ERR,ERR,ERR,ERR,60.0,60.0,35,0.0,0.0,0.0,0.0,0.0,0.0,0.0,0.0,0.0,0.0,0.0,0.0,0.0,0.0,0.0,0.0,65.6,0,117,56,41,65476,0,300,0,0,8,20529,65476,0,0,2621,60.0,0.0,0.0,0.0,0.0,0.0
2026-07-09T15:17:26,ERR,ERR,ERR,ERR,ERR,ERR,ERR,ERR,ERR,ERR,ERR,ERR,ERR,ERR,ERR,ERR,ERR,ERR,ERR,ERR,ERR,ERR,ERR,ERR,ERR,ERR,ERR,ERR,ERR,ERR,ERR,ERR,ERR,ERR,ERR,ERR,ERR,ERR,ERR,ERR,ERR,ERR,ERR,ERR,ERR,ERR,ERR,ERR,ERR,ERR,ERR,ERR,ERR,ERR,ERR,ERR,ERR,ERR,ERR,ERR,ERR,ERR,ERR,ERR,ERR,ERR,ERR,ERR,ERR,ERR,ERR,ERR,ERR,ERR,ERR,ERR,ERR,ERR,ERR,ERR,ERR,ERR,ERR,ERR,ERR,ERR,ERR,ERR,ERR,ERR,ERR,ERR,ERR,ERR,ERR,ERR,ERR,ERR,ERR,ERR,ERR,ERR,ERR,ERR,ERR,ERR,ERR,ERR,ERR,ERR,ERR,ERR,ERR,ERR,ERR,ERR,ERR,ERR,ERR,ERR,ERR,ERR,ERR,ERR,ERR,-107615120.0,0.0,0.0,-107612512.0,-3.610856744655258e+16,315024945971200.0,0.0,-0.0,0,0,4,17427,7116,0.0,100,0.0,0.0,2.718366610185338e+23,0.0,0.0,0,0,0,0,0.0,0,0,0,0,0,0,0,0,0,0,0,0,0,0,0,0,0,0,0,0,0,0,0,0,0,0,0,0,0,0,0,0,0,31,40,40,71,65476,0,300,0,0,8,21553,0.0,-107605600.0,0.0,0.0,0.0,0.0,0.0,0.0,0.0,0.0,0.0,0.0,0.0,0.0,0.0,0.0,0.0,0.0,0.0,0.0,0.0,0.0,-2.004,0.0,0.0,0.0,0.0,0.0,0.0,0.0,5000.0,-0.0,6929.0,-107615120.0,0.0,2.004,2.004,0.0,0.0,0.0,0.0,69,-2.3088276994979896e+20,-0.0,0.0,0.0,0.0,0.0,0.0,0.0,0.0,0,0,0,0.0,0.0,0.0,0.0,0.0,0.0,0.0,0.0,0.0,0.0,0.0,0.0,0.0,0.0,0.0,0.0,0,-107875648.0,69,0.0,138,0.0,2.012,ERR,ERR,ERR,ERR,ERR,ERR,ERR,ERR,ERR,ERR,ERR,ERR,ERR,ERR,ERR,ERR,ERR,ERR,ERR,ERR,ERR,ERR,ERR,ERR,ERR,ERR,ERR,ERR,ERR,ERR,ERR,ERR,ERR,ERR,ERR,ERR,ERR,ERR,ERR,ERR,ERR,ERR,ERR,ERR,ERR,ERR,ERR,ERR,ERR,ERR,ERR,ERR,ERR,ERR,ERR,ERR,ERR,ERR,ERR,ERR,ERR,ERR,ERR,ERR,ERR,ERR,ERR,60.0,60.0,35,0.0,0.0,0.0,0.0,0.0,0.0,0.0,0.0,0.0,0.0,0.0,0.0,0.0,0.0,0.0,0.0,65.6,0,117,56,41,65476,0,300,0,0,8,20529,65476,0,0,2621,60.0,0.0,0.0,0.0,0.0,0.0
2026-07-09T15:17:27,ERR,ERR,ERR,ERR,ERR,ERR,ERR,ERR,ERR,ERR,ERR,ERR,ERR,ERR,ERR,ERR,ERR,ERR,ERR,ERR,ERR,ERR,ERR,ERR,ERR,ERR,ERR,ERR,ERR,ERR,ERR,ERR,ERR,ERR,ERR,ERR,ERR,ERR,ERR,ERR,ERR,ERR,ERR,ERR,ERR,ERR,ERR,ERR,ERR,ERR,ERR,ERR,ERR,ERR,ERR,ERR,ERR,ERR,ERR,ERR,ERR,ERR,ERR,ERR,ERR,ERR,ERR,ERR,ERR,ERR,ERR,ERR,ERR,ERR,ERR,ERR,ERR,ERR,ERR,ERR,ERR,ERR,ERR,ERR,ERR,ERR,ERR,ERR,ERR,ERR,ERR,ERR,ERR,ERR,ERR,ERR,ERR,ERR,ERR,ERR,ERR,ERR,ERR,ERR,ERR,ERR,ERR,ERR,ERR,ERR,ERR,ERR,ERR,ERR,ERR,ERR,ERR,ERR,ERR,ERR,ERR,ERR,ERR,ERR,ERR,2.718424976836509e+23,-107616032.0,0.0,0.0,1.3425560741957155e+36,0.0,-1.3174035796567236e+31,0.0,0,0,4,17426,7116,0.0,100,0.0,0.0,0.0,0.0,0.0,0,0,0,0,0.0,0,0,0,0,0,0,0,0,0,0,0,0,0,0,0,0,0,0,0,0,0,0,0,0,0,0,0,0,0,0,0,0,0,31,40,40,71,65476,0,300,0,0,8,21553,0.0,-107605600.0,0.0,0.0,0.0,0.0,0.0,0.0,0.0,0.0,0.0,0.0,0.0,0.0,0.0,0.0,0.0,0.0,0.0,0.0,0.0,0.0,-0.0,0.0,0.0,0.0,0.0,0.0,0.0,0.0,5036.0,0.0,6913.0,2.718424976836509e+23,-107616032.0,2.004,2.004,0.0,0.0,0.0,0.0,69,-3.222002029374005e+26,0.0,0.0,0.0,0.0,0.0,0.0,0.0,0.0,0,0,0,0.0,0.0,0.0,0.0,0.0,0.0,0.0,0.0,0.0,0.0,0.0,0.0,0.0,0.0,0.0,0.0,0,-107875648.0,69,0.0,138,0.0,2.012,ERR,ERR,ERR,ERR,ERR,ERR,ERR,ERR,ERR,ERR,ERR,ERR,ERR,ERR,ERR,ERR,ERR,ERR,ERR,ERR,ERR,ERR,ERR,ERR,ERR,ERR,ERR,ERR,ERR,ERR,ERR,ERR,ERR,ERR,ERR,ERR,ERR,ERR,ERR,ERR,ERR,ERR,ERR,ERR,ERR,ERR,ERR,ERR,ERR,ERR,ERR,ERR,ERR,ERR,ERR,ERR,ERR,ERR,ERR,ERR,ERR,ERR,ERR,ERR,ERR,ERR,ERR,60.0,60.0,35,0.0,0.0,0.0,0.0,0.0,0.0,0.0,0.0,0.0,0.0,0.0,0.0,0.0,0.0,0.0,0.0,65.6,0,116,56,41,65476,0,300,0,0,8,20529,65476,0,0,2621,60.0,0.0,0.0,0.0,0.0,0.0
2026-07-09T15:17:28,ERR,ERR,ERR,ERR,ERR,ERR,ERR,ERR,ERR,ERR,ERR,ERR,ERR,ERR,ERR,ERR,ERR,ERR,ERR,ERR,ERR,ERR,ERR,ERR,ERR,ERR,ERR,ERR,ERR,ERR,ERR,ERR,ERR,ERR,ERR,ERR,ERR,ERR,ERR,ERR,ERR,ERR,ERR,ERR,ERR,ERR,ERR,ERR,ERR,ERR,ERR,ERR,ERR,ERR,ERR,ERR,ERR,ERR,ERR,ERR,ERR,ERR,ERR,ERR,ERR,ERR,ERR,ERR,ERR,ERR,ERR,ERR,ERR,ERR,ERR,ERR,ERR,ERR,ERR,ERR,ERR,ERR,ERR,ERR,ERR,ERR,ERR,ERR,ERR,ERR,ERR,ERR,ERR,ERR,ERR,ERR,ERR,ERR,ERR,ERR,ERR,ERR,ERR,ERR,ERR,ERR,ERR,ERR,ERR,ERR,ERR,ERR,ERR,ERR,ERR,ERR,ERR,ERR,ERR,ERR,ERR,ERR,ERR,ERR,ERR,2.718424976836509e+23,-107616032.0,0.0,0.0,1.3425560741957155e+36,0.0,-1.3174035796567236e+31,0.0,0,0,4,17426,7116,0.0,100,0.0,0.0,0.0,0.0,0.0,0,0,0,0,0.0,0,0,0,0,0,0,0,0,0,0,0,0,0,0,0,0,0,0,0,0,0,0,0,0,0,0,0,0,0,0,0,0,0,31,40,40,71,65476,0,300,0,0,8,21553,0.0,-107605600.0,0.0,0.0,0.0,0.0,0.0,0.0,0.0,0.0,0.0,0.0,0.0,0.0,0.0,0.0,0.0,0.0,0.0,0.0,0.0,0.0,-0.0,0.0,0.0,0.0,0.0,0.0,0.0,0.0,5036.0,0.0,6913.0,2.718424976836509e+23,-107616032.0,2.004,2.004,0.0,0.0,0.0,0.0,69,-3.222002029374005e+26,0.0,0.0,0.0,0.0,0.0,0.0,0.0,0.0,0,0,0,0.0,0.0,0.0,0.0,0.0,0.0,0.0,0.0,0.0,0.0,0.0,0.0,0.0,0.0,0.0,0.0,0,-107875648.0,69,0.0,138,0.0,2.012,ERR,ERR,ERR,ERR,ERR,ERR,ERR,ERR,ERR,ERR,ERR,ERR,ERR,ERR,ERR,ERR,ERR,ERR,ERR,ERR,ERR,ERR,ERR,ERR,ERR,ERR,ERR,ERR,ERR,ERR,ERR,ERR,ERR,ERR,ERR,ERR,ERR,ERR,ERR,ERR,ERR,ERR,ERR,ERR,ERR,ERR,ERR,ERR,ERR,ERR,ERR,ERR,ERR,ERR,ERR,ERR,ERR,ERR,ERR,ERR,ERR,ERR,ERR,ERR,ERR,ERR,ERR,60.0,60.0,35,0.0,0.0,0.0,0.0,0.0,0.0,0.0,0.0,0.0,0.0,0.0,0.0,0.0,0.0,0.0,0.0,65.6,0,116,56,41,65476,0,300,0,0,8,20529,65476,0,0,2621,60.0,0.0,0.0,0.0,0.0,0.0
2026-07-09T15:17:29,ERR,ERR,ERR,ERR,ERR,ERR,ERR,ERR,ERR,ERR,ERR,ERR,ERR,ERR,ERR,ERR,ERR,ERR,ERR,ERR,ERR,ERR,ERR,ERR,ERR,ERR,ERR,ERR,ERR,ERR,ERR,ERR,ERR,ERR,ERR,ERR,ERR,ERR,ERR,ERR,ERR,ERR,ERR,ERR,ERR,ERR,ERR,ERR,ERR,ERR,ERR,ERR,ERR,ERR,ERR,ERR,ERR,ERR,ERR,ERR,ERR,ERR,ERR,ERR,ERR,ERR,ERR,ERR,ERR,ERR,ERR,ERR,ERR,ERR,ERR,ERR,ERR,ERR,ERR,ERR,ERR,ERR,ERR,ERR,ERR,ERR,ERR,ERR,ERR,ERR,ERR,ERR,ERR,ERR,ERR,ERR,ERR,ERR,ERR,ERR,ERR,ERR,ERR,ERR,ERR,ERR,ERR,ERR,ERR,ERR,ERR,ERR,ERR,ERR,ERR,ERR,ERR,ERR,ERR,ERR,ERR,ERR,ERR,ERR,ERR,2.718424976836509e+23,-107616032.0,0.0,0.0,1.3425560741957155e+36,0.0,-1.3174035796567236e+31,0.0,0,0,4,17426,7116,0.0,100,0.0,0.0,0.0,0.0,0.0,0,0,0,0,0.0,0,0,0,0,0,0,0,0,0,0,0,0,0,0,0,0,0,0,0,0,0,0,0,0,0,0,0,0,0,0,0,0,0,31,40,40,71,65476,0,300,0,0,8,21553,0.0,-107605600.0,0.0,0.0,0.0,0.0,0.0,0.0,0.0,0.0,0.0,0.0,0.0,0.0,0.0,0.0,0.0,0.0,0.0,0.0,0.0,0.0,-0.0,0.0,0.0,0.0,0.0,0.0,0.0,0.0,5036.0,0.0,6913.0,2.718424976836509e+23,-107616032.0,2.004,2.004,0.0,0.0,0.0,0.0,69,-3.222002029374005e+26,0.0,0.0,0.0,0.0,0.0,0.0,0.0,0.0,0,0,0,0.0,0.0,0.0,0.0,0.0,0.0,0.0,0.0,0.0,0.0,0.0,0.0,0.0,0.0,0.0,0.0,0,-107875648.0,69,0.0,138,0.0,2.012,ERR,ERR,ERR,ERR,ERR,ERR,ERR,ERR,ERR,ERR,ERR,ERR,ERR,ERR,ERR,ERR,ERR,ERR,ERR,ERR,ERR,ERR,ERR,ERR,ERR,ERR,ERR,ERR,ERR,ERR,ERR,ERR,ERR,ERR,ERR,ERR,ERR,ERR,ERR,ERR,ERR,ERR,ERR,ERR,ERR,ERR,ERR,ERR,ERR,ERR,ERR,ERR,ERR,ERR,ERR,ERR,ERR,ERR,ERR,ERR,ERR,ERR,ERR,ERR,ERR,ERR,ERR,60.0,60.0,35,0.0,0.0,0.0,0.0,0.0,0.0,0.0,0.0,0.0,0.0,0.0,0.0,0.0,0.0,0.0,0.0,65.2,0,116,56,41,65476,0,300,0,0,8,20529,65476,0,0,2621,60.0,0.0,0.0,0.0,0.0,0.0
2026-07-09T15:17:30,ERR,ERR,ERR,ERR,ERR,ERR,ERR,ERR,ERR,ERR,ERR,ERR,ERR,ERR,ERR,ERR,ERR,ERR,ERR,ERR,ERR,ERR,ERR,ERR,ERR,ERR,ERR,ERR,ERR,ERR,ERR,ERR,ERR,ERR,ERR,ERR,ERR,ERR,ERR,ERR,ERR,ERR,ERR,ERR,ERR,ERR,ERR,ERR,ERR,ERR,ERR,ERR,ERR,ERR,ERR,ERR,ERR,ERR,ERR,ERR,ERR,ERR,ERR,ERR,ERR,ERR,ERR,ERR,ERR,ERR,ERR,ERR,ERR,ERR,ERR,ERR,ERR,ERR,ERR,ERR,ERR,ERR,ERR,ERR,ERR,ERR,ERR,ERR,ERR,ERR,ERR,ERR,ERR,ERR,ERR,ERR,ERR,ERR,ERR,ERR,ERR,ERR,ERR,ERR,ERR,ERR,ERR,ERR,ERR,ERR,ERR,ERR,ERR,ERR,ERR,ERR,ERR,ERR,ERR,ERR,ERR,ERR,ERR,ERR,ERR,2.718424976836509e+23,-107616032.0,0.0,0.0,1.3425560741957155e+36,0.0,-1.3174035796567236e+31,0.0,0,0,4,17426,7116,0.0,100,0.0,0.0,0.0,0.0,0.0,0,0,0,0,0.0,0,0,0,0,0,0,0,0,0,0,0,0,0,0,0,0,0,0,0,0,0,0,0,0,0,0,0,0,0,0,0,0,0,31,40,40,71,65476,0,300,0,0,8,21553,0.0,-107605600.0,0.0,0.0,0.0,0.0,0.0,0.0,0.0,0.0,0.0,0.0,0.0,0.0,0.0,0.0,0.0,0.0,0.0,0.0,0.0,0.0,-0.0,0.0,0.0,0.0,0.0,0.0,0.0,0.0,5036.0,0.0,6913.0,2.718424976836509e+23,-107616032.0,2.004,2.004,0.0,0.0,0.0,0.0,69,-3.222002029374005e+26,0.0,0.0,0.0,0.0,0.0,0.0,0.0,0.0,0,0,0,0.0,0.0,0.0,0.0,0.0,0.0,0.0,0.0,0.0,0.0,0.0,0.0,0.0,0.0,0.0,0.0,0,-107875648.0,69,0.0,138,0.0,2.012,ERR,ERR,ERR,ERR,ERR,ERR,ERR,ERR,ERR,ERR,ERR,ERR,ERR,ERR,ERR,ERR,ERR,ERR,ERR,ERR,ERR,ERR,ERR,ERR,ERR,ERR,ERR,ERR,ERR,ERR,ERR,ERR,ERR,ERR,ERR,ERR,ERR,ERR,ERR,ERR,ERR,ERR,ERR,ERR,ERR,ERR,ERR,ERR,ERR,ERR,ERR,ERR,ERR,ERR,ERR,ERR,ERR,ERR,ERR,ERR,ERR,ERR,ERR,ERR,ERR,ERR,ERR,60.0,60.0,35,0.0,0.0,0.0,0.0,0.0,0.0,0.0,0.0,0.0,0.0,0.0,0.0,0.0,0.0,0.0,0.0,65.2,0,116,56,41,65476,0,300,0,0,8,20529,65476,0,0,2621,60.0,0.0,0.0,0.0,0.0,0.0
2026-07-09T15:17:31,ERR,ERR,ERR,ERR,ERR,ERR,ERR,ERR,ERR,ERR,ERR,ERR,ERR,ERR,ERR,ERR,ERR,ERR,ERR,ERR,ERR,ERR,ERR,ERR,ERR,ERR,ERR,ERR,ERR,ERR,ERR,ERR,ERR,ERR,ERR,ERR,ERR,ERR,ERR,ERR,ERR,ERR,ERR,ERR,ERR,ERR,ERR,ERR,ERR,ERR,ERR,ERR,ERR,ERR,ERR,ERR,ERR,ERR,ERR,ERR,ERR,ERR,ERR,ERR,ERR,ERR,ERR,ERR,ERR,ERR,ERR,ERR,ERR,ERR,ERR,ERR,ERR,ERR,ERR,ERR,ERR,ERR,ERR,ERR,ERR,ERR,ERR,ERR,ERR,ERR,ERR,ERR,ERR,ERR,ERR,ERR,ERR,ERR,ERR,ERR,ERR,ERR,ERR,ERR,ERR,ERR,ERR,ERR,ERR,ERR,ERR,ERR,ERR,ERR,ERR,ERR,ERR,ERR,ERR,ERR,ERR,ERR,ERR,ERR,ERR,2.718424976836509e+23,-107616032.0,0.0,0.0,1.3425560741957155e+36,0.0,-1.3174035796567236e+31,0.0,0,0,4,17426,7116,0.0,100,0.0,0.0,0.0,0.0,0.0,0,0,0,0,0.0,0,0,0,0,0,0,0,0,0,0,0,0,0,0,0,0,0,0,0,0,0,0,0,0,0,0,0,0,0,0,0,0,0,31,40,40,71,65476,0,300,0,0,8,21553,0.0,-107605600.0,0.0,0.0,0.0,0.0,0.0,0.0,0.0,0.0,0.0,0.0,0.0,0.0,0.0,0.0,0.0,0.0,0.0,0.0,0.0,0.0,-0.0,0.0,0.0,0.0,0.0,0.0,0.0,0.0,5036.0,0.0,6913.0,2.718424976836509e+23,-107616032.0,2.004,2.004,0.0,0.0,0.0,0.0,69,-3.222002029374005e+26,0.0,0.0,0.0,0.0,0.0,0.0,0.0,0.0,0,0,0,0.0,0.0,0.0,0.0,0.0,0.0,0.0,0.0,0.0,0.0,0.0,0.0,0.0,0.0,0.0,0.0,0,-107875648.0,69,0.0,138,0.0,2.012,ERR,ERR,ERR,ERR,ERR,ERR,ERR,ERR,ERR,ERR,ERR,ERR,ERR,ERR,ERR,ERR,ERR,ERR,ERR,ERR,ERR,ERR,ERR,ERR,ERR,ERR,ERR,ERR,ERR,ERR,ERR,ERR,ERR,ERR,ERR,ERR,ERR,ERR,ERR,ERR,ERR,ERR,ERR,ERR,ERR,ERR,ERR,ERR,ERR,ERR,ERR,ERR,ERR,ERR,ERR,ERR,ERR,ERR,ERR,ERR,ERR,ERR,ERR,ERR,ERR,ERR,ERR,60.0,60.0,35,0.0,0.0,0.0,0.0,0.0,0.0,0.0,0.0,0.0,0.0,0.0,0.0,0.0,0.0,0.0,0.0,65.2,0,116,56,41,65476,0,300,0,0,8,20529,65476,0,0,2621,60.0,0.0,0.0,0.0,0.0,0.0
2026-07-09T15:17:32,ERR,ERR,ERR,ERR,ERR,ERR,ERR,ERR,ERR,ERR,ERR,ERR,ERR,ERR,ERR,ERR,ERR,ERR,ERR,ERR,ERR,ERR,ERR,ERR,ERR,ERR,ERR,ERR,ERR,ERR,ERR,ERR,ERR,ERR,ERR,ERR,ERR,ERR,ERR,ERR,ERR,ERR,ERR,ERR,ERR,ERR,ERR,ERR,ERR,ERR,ERR,ERR,ERR,ERR,ERR,ERR,ERR,ERR,ERR,ERR,ERR,ERR,ERR,ERR,ERR,ERR,ERR,ERR,ERR,ERR,ERR,ERR,ERR,ERR,ERR,ERR,ERR,ERR,ERR,ERR,ERR,ERR,ERR,ERR,ERR,ERR,ERR,ERR,ERR,ERR,ERR,ERR,ERR,ERR,ERR,ERR,ERR,ERR,ERR,ERR,ERR,ERR,ERR,ERR,ERR,ERR,ERR,ERR,ERR,ERR,ERR,ERR,ERR,ERR,ERR,ERR,ERR,ERR,ERR,ERR,ERR,ERR,ERR,ERR,ERR,0.0,-107616032.0,-0.0,-107612512.0,0.0,4.434470656868454e+27,0.0,0.0,0,0,4,17426,7116,0.0,100,0.0,0.0,-107612512.0,0.0,0.0,0,0,0,0,0.0,0,0,0,0,0,0,0,0,0,0,0,0,0,0,0,0,0,0,0,0,0,0,0,0,0,0,0,0,0,0,0,0,0,31,40,40,71,65476,0,300,0,0,8,21553,0.0,-107605600.0,0.0,0.0,0.0,0.0,0.0,0.0,0.0,0.0,0.0,0.0,0.0,0.0,0.0,0.0,0.0,0.0,0.0,0.0,0.0,0.0,2.004,0.0,0.0,0.0,0.0,0.0,0.0,0.0,5032.0,-0.0,6935.0,0.0,-0.0,2.004,2.004,0.0,0.0,0.0,0.0,69,-0.0,-2.308828227263571e+20,0.0,0.0,0.0,0.0,0.0,0.0,0.0,0,0,0,0.0,0.0,0.0,0.0,0.0,0.0,0.0,0.0,0.0,0.0,0.0,0.0,0.0,0.0,0.0,0.0,0,-107875648.0,69,0.0,138,0.0,2.012,ERR,ERR,ERR,ERR,ERR,ERR,ERR,ERR,ERR,ERR,ERR,ERR,ERR,ERR,ERR,ERR,ERR,ERR,ERR,ERR,ERR,ERR,ERR,ERR,ERR,ERR,ERR,ERR,ERR,ERR,ERR,ERR,ERR,ERR,ERR,ERR,ERR,ERR,ERR,ERR,ERR,ERR,ERR,ERR,ERR,ERR,ERR,ERR,ERR,ERR,ERR,ERR,ERR,ERR,ERR,ERR,ERR,ERR,ERR,ERR,ERR,ERR,ERR,ERR,ERR,ERR,ERR,60.0,60.0,35,0.0,0.0,0.0,0.0,0.0,0.0,0.0,0.0,0.0,0.0,0.0,0.0,0.0,0.0,0.0,0.0,65.2,0,116,56,41,65476,0,300,0,0,8,20529,65476,0,0,2621,60.0,0.0,0.0,0.0,0.0,0.0
2026-07-09T15:17:33,ERR,ERR,ERR,ERR,ERR,ERR,ERR,ERR,ERR,ERR,ERR,ERR,ERR,ERR,ERR,ERR,ERR,ERR,ERR,ERR,ERR,ERR,ERR,ERR,ERR,ERR,ERR,ERR,ERR,ERR,ERR,ERR,ERR,ERR,ERR,ERR,ERR,ERR,ERR,ERR,ERR,ERR,ERR,ERR,ERR,ERR,ERR,ERR,ERR,ERR,ERR,ERR,ERR,ERR,ERR,ERR,ERR,ERR,ERR,ERR,ERR,ERR,ERR,ERR,ERR,ERR,ERR,ERR,ERR,ERR,ERR,ERR,ERR,ERR,ERR,ERR,ERR,ERR,ERR,ERR,ERR,ERR,ERR,ERR,ERR,ERR,ERR,ERR,ERR,ERR,ERR,ERR,ERR,ERR,ERR,ERR,ERR,ERR,ERR,ERR,ERR,ERR,ERR,ERR,ERR,ERR,ERR,ERR,ERR,ERR,ERR,ERR,ERR,ERR,ERR,ERR,ERR,ERR,ERR,ERR,ERR,ERR,ERR,ERR,ERR,0.0,-107616032.0,-0.0,-107612512.0,0.0,4.434470656868454e+27,0.0,0.0,0,0,4,17426,7116,0.0,100,0.0,0.0,-107612512.0,0.0,0.0,0,0,0,0,0.0,0,0,0,0,0,0,0,0,0,0,0,0,0,0,0,0,0,0,0,0,0,0,0,0,0,0,0,0,0,0,0,0,0,31,40,40,71,65476,0,300,0,0,8,21553,0.0,-107605600.0,0.0,0.0,0.0,0.0,0.0,0.0,0.0,0.0,0.0,0.0,0.0,0.0,0.0,0.0,0.0,0.0,0.0,0.0,0.0,0.0,2.004,0.0,0.0,0.0,0.0,0.0,0.0,0.0,5032.0,-0.0,6935.0,0.0,-0.0,2.004,2.004,0.0,0.0,0.0,0.0,69,-0.0,-2.308828227263571e+20,0.0,0.0,0.0,0.0,0.0,0.0,0.0,0,0,0,0.0,0.0,0.0,0.0,0.0,0.0,0.0,0.0,0.0,0.0,0.0,0.0,0.0,0.0,0.0,0.0,0,-107875648.0,69,0.0,138,0.0,2.012,ERR,ERR,ERR,ERR,ERR,ERR,ERR,ERR,ERR,ERR,ERR,ERR,ERR,ERR,ERR,ERR,ERR,ERR,ERR,ERR,ERR,ERR,ERR,ERR,ERR,ERR,ERR,ERR,ERR,ERR,ERR,ERR,ERR,ERR,ERR,ERR,ERR,ERR,ERR,ERR,ERR,ERR,ERR,ERR,ERR,ERR,ERR,ERR,ERR,ERR,ERR,ERR,ERR,ERR,ERR,ERR,ERR,ERR,ERR,ERR,ERR,ERR,ERR,ERR,ERR,ERR,ERR,60.0,60.0,35,0.0,0.0,0.0,0.0,0.0,0.0,0.0,0.0,0.0,0.0,0.0,0.0,0.0,0.0,0.0,0.0,65.2,0,116,56,41,65476,0,300,0,0,8,20529,65476,0,0,2621,60.0,0.0,0.0,0.0,0.0,0.0
2026-07-09T15:17:34,ERR,ERR,ERR,ERR,ERR,ERR,ERR,ERR,ERR,ERR,ERR,ERR,ERR,ERR,ERR,ERR,ERR,ERR,ERR,ERR,ERR,ERR,ERR,ERR,ERR,ERR,ERR,ERR,ERR,ERR,ERR,ERR,ERR,ERR,ERR,ERR,ERR,ERR,ERR,ERR,ERR,ERR,ERR,ERR,ERR,ERR,ERR,ERR,ERR,ERR,ERR,ERR,ERR,ERR,ERR,ERR,ERR,ERR,ERR,ERR,ERR,ERR,ERR,ERR,ERR,ERR,ERR,ERR,ERR,ERR,ERR,ERR,ERR,ERR,ERR,ERR,ERR,ERR,ERR,ERR,ERR,ERR,ERR,ERR,ERR,ERR,ERR,ERR,ERR,ERR,ERR,ERR,ERR,ERR,ERR,ERR,ERR,ERR,ERR,ERR,ERR,ERR,ERR,ERR,ERR,ERR,ERR,ERR,ERR,ERR,ERR,ERR,ERR,ERR,ERR,ERR,ERR,ERR,ERR,ERR,ERR,ERR,ERR,ERR,ERR,0.0,-107616032.0,-0.0,-107612512.0,0.0,4.434470656868454e+27,0.0,0.0,0,0,4,17426,7116,0.0,100,0.0,0.0,-107612512.0,0.0,0.0,0,0,0,0,0.0,0,0,0,0,0,0,0,0,0,0,0,0,0,0,0,0,0,0,0,0,0,0,0,0,0,0,0,0,0,0,0,0,0,31,40,40,71,65476,0,300,0,0,8,21553,0.0,-107605600.0,0.0,0.0,0.0,0.0,0.0,0.0,0.0,0.0,0.0,0.0,0.0,0.0,0.0,0.0,0.0,0.0,0.0,0.0,0.0,0.0,2.004,0.0,0.0,0.0,0.0,0.0,0.0,0.0,5032.0,-0.0,6935.0,0.0,-0.0,2.004,2.004,0.0,0.0,0.0,0.0,69,-0.0,-2.308828227263571e+20,0.0,0.0,0.0,0.0,0.0,0.0,0.0,0,0,0,0.0,0.0,0.0,0.0,0.0,0.0,0.0,0.0,0.0,0.0,0.0,0.0,0.0,0.0,0.0,0.0,0,-107875648.0,69,0.0,138,0.0,2.012,ERR,ERR,ERR,ERR,ERR,ERR,ERR,ERR,ERR,ERR,ERR,ERR,ERR,ERR,ERR,ERR,ERR,ERR,ERR,ERR,ERR,ERR,ERR,ERR,ERR,ERR,ERR,ERR,ERR,ERR,ERR,ERR,ERR,ERR,ERR,ERR,ERR,ERR,ERR,ERR,ERR,ERR,ERR,ERR,ERR,ERR,ERR,ERR,ERR,ERR,ERR,ERR,ERR,ERR,ERR,ERR,ERR,ERR,ERR,ERR,ERR,ERR,ERR,ERR,ERR,ERR,ERR,60.0,60.0,35,0.0,0.0,0.0,0.0,0.0,0.0,0.0,0.0,0.0,0.0,0.0,0.0,0.0,0.0,0.0,0.0,65.6,0,117,56,41,65476,0,300,0,0,8,20529,65476,0,0,2621,60.0,0.0,0.0,0.0,0.0,0.0
2026-07-09T15:17:35,ERR,ERR,ERR,ERR,ERR,ERR,ERR,ERR,ERR,ERR,ERR,ERR,ERR,ERR,ERR,ERR,ERR,ERR,ERR,ERR,ERR,ERR,ERR,ERR,ERR,ERR,ERR,ERR,ERR,ERR,ERR,ERR,ERR,ERR,ERR,ERR,ERR,ERR,ERR,ERR,ERR,ERR,ERR,ERR,ERR,ERR,ERR,ERR,ERR,ERR,ERR,ERR,ERR,ERR,ERR,ERR,ERR,ERR,ERR,ERR,ERR,ERR,ERR,ERR,ERR,ERR,ERR,ERR,ERR,ERR,ERR,ERR,ERR,ERR,ERR,ERR,ERR,ERR,ERR,ERR,ERR,ERR,ERR,ERR,ERR,ERR,ERR,ERR,ERR,ERR,ERR,ERR,ERR,ERR,ERR,ERR,ERR,ERR,ERR,ERR,ERR,ERR,ERR,ERR,ERR,ERR,ERR,ERR,ERR,ERR,ERR,ERR,ERR,ERR,ERR,ERR,ERR,ERR,ERR,ERR,ERR,ERR,ERR,ERR,ERR,0.0,-107616032.0,-0.0,-107612512.0,0.0,4.434470656868454e+27,0.0,0.0,0,0,4,17426,7116,0.0,100,0.0,0.0,-107612512.0,0.0,0.0,0,0,0,0,0.0,0,0,0,0,0,0,0,0,0,0,0,0,0,0,0,0,0,0,0,0,0,0,0,0,0,0,0,0,0,0,0,0,0,31,40,40,71,65476,0,300,0,0,8,21553,0.0,-107605600.0,0.0,0.0,0.0,0.0,0.0,0.0,0.0,0.0,0.0,0.0,0.0,0.0,0.0,0.0,0.0,0.0,0.0,0.0,0.0,0.0,2.004,0.0,0.0,0.0,0.0,0.0,0.0,0.0,5032.0,-0.0,6935.0,0.0,-0.0,2.004,2.004,0.0,0.0,0.0,0.0,69,-0.0,-2.308828227263571e+20,0.0,0.0,0.0,0.0,0.0,0.0,0.0,0,0,0,0.0,0.0,0.0,0.0,0.0,0.0,0.0,0.0,0.0,0.0,0.0,0.0,0.0,0.0,0.0,0.0,0,-107875648.0,69,0.0,138,0.0,2.012,ERR,ERR,ERR,ERR,ERR,ERR,ERR,ERR,ERR,ERR,ERR,ERR,ERR,ERR,ERR,ERR,ERR,ERR,ERR,ERR,ERR,ERR,ERR,ERR,ERR,ERR,ERR,ERR,ERR,ERR,ERR,ERR,ERR,ERR,ERR,ERR,ERR,ERR,ERR,ERR,ERR,ERR,ERR,ERR,ERR,ERR,ERR,ERR,ERR,ERR,ERR,ERR,ERR,ERR,ERR,ERR,ERR,ERR,ERR,ERR,ERR,ERR,ERR,ERR,ERR,ERR,ERR,60.0,60.0,35,0.0,0.0,0.0,0.0,0.0,0.0,0.0,0.0,0.0,0.0,0.0,0.0,0.0,0.0,0.0,0.0,65.6,0,117,56,41,65476,0,300,0,0,8,20529,65476,0,0,2621,60.0,0.0,0.0,0.0,0.0,0.0
2026-07-09T15:17:36,ERR,ERR,ERR,ERR,ERR,ERR,ERR,ERR,ERR,ERR,ERR,ERR,ERR,ERR,ERR,ERR,ERR,ERR,ERR,ERR,ERR,ERR,ERR,ERR,ERR,ERR,ERR,ERR,ERR,ERR,ERR,ERR,ERR,ERR,ERR,ERR,ERR,ERR,ERR,ERR,ERR,ERR,ERR,ERR,ERR,ERR,ERR,ERR,ERR,ERR,ERR,ERR,ERR,ERR,ERR,ERR,ERR,ERR,ERR,ERR,ERR,ERR,ERR,ERR,ERR,ERR,ERR,ERR,ERR,ERR,ERR,ERR,ERR,ERR,ERR,ERR,ERR,ERR,ERR,ERR,ERR,ERR,ERR,ERR,ERR,ERR,ERR,ERR,ERR,ERR,ERR,ERR,ERR,ERR,ERR,ERR,ERR,ERR,ERR,ERR,ERR,ERR,ERR,ERR,ERR,ERR,ERR,ERR,ERR,ERR,ERR,ERR,ERR,ERR,ERR,ERR,ERR,ERR,ERR,ERR,ERR,ERR,ERR,ERR,ERR,0.0,-107616032.0,-0.0,-107612512.0,0.0,4.434470656868454e+27,0.0,0.0,0,0,4,17426,7116,0.0,100,0.0,0.0,-107612512.0,0.0,0.0,0,0,0,0,0.0,0,0,0,0,0,0,0,0,0,0,0,0,0,0,0,0,0,0,0,0,0,0,0,0,0,0,0,0,0,0,0,0,0,31,40,40,71,65476,0,300,0,0,8,21553,0.0,-107605600.0,0.0,0.0,0.0,0.0,0.0,0.0,0.0,0.0,0.0,0.0,0.0,0.0,0.0,0.0,0.0,0.0,0.0,0.0,0.0,0.0,2.004,0.0,0.0,0.0,0.0,0.0,0.0,0.0,5032.0,-0.0,6935.0,0.0,-0.0,2.004,2.004,0.0,0.0,0.0,0.0,69,-0.0,-2.308828227263571e+20,0.0,0.0,0.0,0.0,0.0,0.0,0.0,0,0,0,0.0,0.0,0.0,0.0,0.0,0.0,0.0,0.0,0.0,0.0,0.0,0.0,0.0,0.0,0.0,0.0,0,-107875648.0,69,0.0,138,0.0,2.012,ERR,ERR,ERR,ERR,ERR,ERR,ERR,ERR,ERR,ERR,ERR,ERR,ERR,ERR,ERR,ERR,ERR,ERR,ERR,ERR,ERR,ERR,ERR,ERR,ERR,ERR,ERR,ERR,ERR,ERR,ERR,ERR,ERR,ERR,ERR,ERR,ERR,ERR,ERR,ERR,ERR,ERR,ERR,ERR,ERR,ERR,ERR,ERR,ERR,ERR,ERR,ERR,ERR,ERR,ERR,ERR,ERR,ERR,ERR,ERR,ERR,ERR,ERR,ERR,ERR,ERR,ERR,60.0,60.0,35,0.0,0.0,0.0,0.0,0.0,0.0,0.0,0.0,0.0,0.0,0.0,0.0,0.0,0.0,0.0,0.0,65.6,0,117,56,41,65476,0,300,0,0,8,20529,65476,0,0,2621,60.0,0.0,0.0,0.0,0.0,0.0
2026-07-09T15:17:37,ERR,ERR,ERR,ERR,ERR,ERR,ERR,ERR,ERR,ERR,ERR,ERR,ERR,ERR,ERR,ERR,ERR,ERR,ERR,ERR,ERR,ERR,ERR,ERR,ERR,ERR,ERR,ERR,ERR,ERR,ERR,ERR,ERR,ERR,ERR,ERR,ERR,ERR,ERR,ERR,ERR,ERR,ERR,ERR,ERR,ERR,ERR,ERR,ERR,ERR,ERR,ERR,ERR,ERR,ERR,ERR,ERR,ERR,ERR,ERR,ERR,ERR,ERR,ERR,ERR,ERR,ERR,ERR,ERR,ERR,ERR,ERR,ERR,ERR,ERR,ERR,ERR,ERR,ERR,ERR,ERR,ERR,ERR,ERR,ERR,ERR,ERR,ERR,ERR,ERR,ERR,ERR,ERR,ERR,ERR,ERR,ERR,ERR,ERR,ERR,ERR,ERR,ERR,ERR,ERR,ERR,ERR,ERR,ERR,ERR,ERR,ERR,ERR,ERR,ERR,ERR,ERR,ERR,ERR,ERR,ERR,ERR,ERR,ERR,ERR,-0.0,-0.0,-0.0,0.0,-3.004,1.9876673943687221e+37,0.0,476.503,0,0,4,17429,7116,0.0,100,0.0,0.0,0.0,0.0,0.0,0,0,0,0,0.0,0,0,0,0,0,0,0,0,0,0,0,0,0,0,0,0,0,0,0,0,0,0,0,0,0,0,0,0,0,0,0,0,0,31,40,40,71,65476,0,300,0,0,8,21553,0.0,-107605600.0,0.0,0.0,0.0,0.0,0.0,0.0,0.0,0.0,0.0,0.0,0.0,0.0,0.0,0.0,0.0,0.0,0.0,0.0,0.0,0.0,0.0,-3.697067386368898e+19,0.0,0.0,0.0,0.0,0.0,0.0,5028.0,-1.5879295420089355e+29,6942.0,-0.0,-0.0,2.004,2.004,0.0,0.0,0.0,0.0,69,-0.0,0.0,0.0,0.0,0.0,0.0,0.0,0.0,0.0,0,0,0,0.0,0.0,0.0,0.0,0.0,0.0,0.0,0.0,0.0,0.0,0.0,0.0,0.0,0.0,0.0,0.0,0,-107875648.0,69,0.0,138,0.0,2.012,ERR,ERR,ERR,ERR,ERR,ERR,ERR,ERR,ERR,ERR,ERR,ERR,ERR,ERR,ERR,ERR,ERR,ERR,ERR,ERR,ERR,ERR,ERR,ERR,ERR,ERR,ERR,ERR,ERR,ERR,ERR,ERR,ERR,ERR,ERR,ERR,ERR,ERR,ERR,ERR,ERR,ERR,ERR,ERR,ERR,ERR,ERR,ERR,ERR,ERR,ERR,ERR,ERR,ERR,ERR,ERR,ERR,ERR,ERR,ERR,ERR,ERR,ERR,ERR,ERR,ERR,ERR,60.0,60.0,35,0.0,0.0,0.0,0.0,0.0,0.0,0.0,0.0,0.0,0.0,0.0,0.0,0.0,0.0,0.0,0.0,65.6,0,117,56,41,65476,0,300,0,0,8,20529,65476,0,0,2621,60.0,0.0,0.0,0.0,0.0,0.0
2026-07-09T15:17:38,ERR,ERR,ERR,ERR,ERR,ERR,ERR,ERR,ERR,ERR,ERR,ERR,ERR,ERR,ERR,ERR,ERR,ERR,ERR,ERR,ERR,ERR,ERR,ERR,ERR,ERR,ERR,ERR,ERR,ERR,ERR,ERR,ERR,ERR,ERR,ERR,ERR,ERR,ERR,ERR,ERR,ERR,ERR,ERR,ERR,ERR,ERR,ERR,ERR,ERR,ERR,ERR,ERR,ERR,ERR,ERR,ERR,ERR,ERR,ERR,ERR,ERR,ERR,ERR,ERR,ERR,ERR,ERR,ERR,ERR,ERR,ERR,ERR,ERR,ERR,ERR,ERR,ERR,ERR,ERR,ERR,ERR,ERR,ERR,ERR,ERR,ERR,ERR,ERR,ERR,ERR,ERR,ERR,ERR,ERR,ERR,ERR,ERR,ERR,ERR,ERR,ERR,ERR,ERR,ERR,ERR,ERR,ERR,ERR,ERR,ERR,ERR,ERR,ERR,ERR,ERR,ERR,ERR,ERR,ERR,ERR,ERR,ERR,ERR,ERR,-0.0,-0.0,-0.0,0.0,-3.004,1.9876673943687221e+37,0.0,476.503,0,0,4,17429,7116,0.0,100,0.0,0.0,0.0,0.0,0.0,0,0,0,0,0.0,0,0,0,0,0,0,0,0,0,0,0,0,0,0,0,0,0,0,0,0,0,0,0,0,0,0,0,0,0,0,0,0,0,31,40,40,71,65476,0,300,0,0,8,21553,0.0,-107605600.0,0.0,0.0,0.0,0.0,0.0,0.0,0.0,0.0,0.0,0.0,0.0,0.0,0.0,0.0,0.0,0.0,0.0,0.0,0.0,0.0,0.0,-3.697067386368898e+19,0.0,0.0,0.0,0.0,0.0,0.0,5028.0,-1.5879295420089355e+29,6942.0,-0.0,-0.0,2.004,2.004,0.0,0.0,0.0,0.0,69,-0.0,0.0,0.0,0.0,0.0,0.0,0.0,0.0,0.0,0,0,0,0.0,0.0,0.0,0.0,0.0,0.0,0.0,0.0,0.0,0.0,0.0,0.0,0.0,0.0,0.0,0.0,0,-107875648.0,69,0.0,138,0.0,2.012,ERR,ERR,ERR,ERR,ERR,ERR,ERR,ERR,ERR,ERR,ERR,ERR,ERR,ERR,ERR,ERR,ERR,ERR,ERR,ERR,ERR,ERR,ERR,ERR,ERR,ERR,ERR,ERR,ERR,ERR,ERR,ERR,ERR,ERR,ERR,ERR,ERR,ERR,ERR,ERR,ERR,ERR,ERR,ERR,ERR,ERR,ERR,ERR,ERR,ERR,ERR,ERR,ERR,ERR,ERR,ERR,ERR,ERR,ERR,ERR,ERR,ERR,ERR,ERR,ERR,ERR,ERR,60.0,60.0,35,0.0,0.0,0.0,0.0,0.0,0.0,0.0,0.0,0.0,0.0,0.0,0.0,0.0,0.0,0.0,0.0,65.2,0,117,56,41,65476,0,300,0,0,8,20529,65476,0,0,2621,60.0,0.0,0.0,0.0,0.0,0.0
2026-07-09T15:17:39,ERR,ERR,ERR,ERR,ERR,ERR,ERR,ERR,ERR,ERR,ERR,ERR,ERR,ERR,ERR,ERR,ERR,ERR,ERR,ERR,ERR,ERR,ERR,ERR,ERR,ERR,ERR,ERR,ERR,ERR,ERR,ERR,ERR,ERR,ERR,ERR,ERR,ERR,ERR,ERR,ERR,ERR,ERR,ERR,ERR,ERR,ERR,ERR,ERR,ERR,ERR,ERR,ERR,ERR,ERR,ERR,ERR,ERR,ERR,ERR,ERR,ERR,ERR,ERR,ERR,ERR,ERR,ERR,ERR,ERR,ERR,ERR,ERR,ERR,ERR,ERR,ERR,ERR,ERR,ERR,ERR,ERR,ERR,ERR,ERR,ERR,ERR,ERR,ERR,ERR,ERR,ERR,ERR,ERR,ERR,ERR,ERR,ERR,ERR,ERR,ERR,ERR,ERR,ERR,ERR,ERR,ERR,ERR,ERR,ERR,ERR,ERR,ERR,ERR,ERR,ERR,ERR,ERR,ERR,ERR,ERR,ERR,ERR,ERR,ERR,-0.0,-0.0,-0.0,0.0,-3.004,1.9876673943687221e+37,0.0,476.503,0,0,4,17429,7116,0.0,100,0.0,0.0,0.0,0.0,0.0,0,0,0,0,0.0,0,0,0,0,0,0,0,0,0,0,0,0,0,0,0,0,0,0,0,0,0,0,0,0,0,0,0,0,0,0,0,0,0,31,40,40,71,65476,0,300,0,0,8,21553,0.0,-107605600.0,0.0,0.0,0.0,0.0,0.0,0.0,0.0,0.0,0.0,0.0,0.0,0.0,0.0,0.0,0.0,0.0,0.0,0.0,0.0,0.0,0.0,-3.697067386368898e+19,0.0,0.0,0.0,0.0,0.0,0.0,5028.0,-1.5879295420089355e+29,6942.0,-0.0,-0.0,2.004,2.004,0.0,0.0,0.0,0.0,69,-0.0,0.0,0.0,0.0,0.0,0.0,0.0,0.0,0.0,0,0,0,0.0,0.0,0.0,0.0,0.0,0.0,0.0,0.0,0.0,0.0,0.0,0.0,0.0,0.0,0.0,0.0,0,-107875648.0,69,0.0,138,0.0,2.012,ERR,ERR,ERR,ERR,ERR,ERR,ERR,ERR,ERR,ERR,ERR,ERR,ERR,ERR,ERR,ERR,ERR,ERR,ERR,ERR,ERR,ERR,ERR,ERR,ERR,ERR,ERR,ERR,ERR,ERR,ERR,ERR,ERR,ERR,ERR,ERR,ERR,ERR,ERR,ERR,ERR,ERR,ERR,ERR,ERR,ERR,ERR,ERR,ERR,ERR,ERR,ERR,ERR,ERR,ERR,ERR,ERR,ERR,ERR,ERR,ERR,ERR,ERR,ERR,ERR,ERR,ERR,60.0,60.0,35,0.0,0.0,0.0,0.0,0.0,0.0,0.0,0.0,0.0,0.0,0.0,0.0,0.0,0.0,0.0,0.0,65.2,0,117,56,41,65476,0,300,0,0,8,20529,65476,0,0,2621,60.0,0.0,0.0,0.0,0.0,0.0
2026-07-09T15:17:40,ERR,ERR,ERR,ERR,ERR,ERR,ERR,ERR,ERR,ERR,ERR,ERR,ERR,ERR,ERR,ERR,ERR,ERR,ERR,ERR,ERR,ERR,ERR,ERR,ERR,ERR,ERR,ERR,ERR,ERR,ERR,ERR,ERR,ERR,ERR,ERR,ERR,ERR,ERR,ERR,ERR,ERR,ERR,ERR,ERR,ERR,ERR,ERR,ERR,ERR,ERR,ERR,ERR,ERR,ERR,ERR,ERR,ERR,ERR,ERR,ERR,ERR,ERR,ERR,ERR,ERR,ERR,ERR,ERR,ERR,ERR,ERR,ERR,ERR,ERR,ERR,ERR,ERR,ERR,ERR,ERR,ERR,ERR,ERR,ERR,ERR,ERR,ERR,ERR,ERR,ERR,ERR,ERR,ERR,ERR,ERR,ERR,ERR,ERR,ERR,ERR,ERR,ERR,ERR,ERR,ERR,ERR,ERR,ERR,ERR,ERR,ERR,ERR,ERR,ERR,ERR,ERR,ERR,ERR,ERR,ERR,ERR,ERR,ERR,ERR,-0.0,-0.0,-0.0,0.0,-3.004,1.9876673943687221e+37,0.0,476.503,0,0,4,17429,7116,0.0,100,0.0,0.0,0.0,0.0,0.0,0,0,0,0,0.0,0,0,0,0,0,0,0,0,0,0,0,0,0,0,0,0,0,0,0,0,0,0,0,0,0,0,0,0,0,0,0,0,0,31,40,40,71,65476,0,300,0,0,8,21553,0.0,-107605600.0,0.0,0.0,0.0,0.0,0.0,0.0,0.0,0.0,0.0,0.0,0.0,0.0,0.0,0.0,0.0,0.0,0.0,0.0,0.0,0.0,0.0,-3.697067386368898e+19,0.0,0.0,0.0,0.0,0.0,0.0,5028.0,-1.5879295420089355e+29,6942.0,-0.0,-0.0,2.004,2.004,0.0,0.0,0.0,0.0,69,-0.0,0.0,0.0,0.0,0.0,0.0,0.0,0.0,0.0,0,0,0,0.0,0.0,0.0,0.0,0.0,0.0,0.0,0.0,0.0,0.0,0.0,0.0,0.0,0.0,0.0,0.0,0,-107875648.0,69,0.0,138,0.0,2.012,ERR,ERR,ERR,ERR,ERR,ERR,ERR,ERR,ERR,ERR,ERR,ERR,ERR,ERR,ERR,ERR,ERR,ERR,ERR,ERR,ERR,ERR,ERR,ERR,ERR,ERR,ERR,ERR,ERR,ERR,ERR,ERR,ERR,ERR,ERR,ERR,ERR,ERR,ERR,ERR,ERR,ERR,ERR,ERR,ERR,ERR,ERR,ERR,ERR,ERR,ERR,ERR,ERR,ERR,ERR,ERR,ERR,ERR,ERR,ERR,ERR,ERR,ERR,ERR,ERR,ERR,ERR,60.0,60.0,35,0.0,0.0,0.0,0.0,0.0,0.0,0.0,0.0,0.0,0.0,0.0,0.0,0.0,0.0,0.0,0.0,65.6,0,117,57,41,65476,0,300,0,0,8,20529,65476,0,0,2621,60.0,0.0,0.0,0.0,0.0,0.0
2026-07-09T15:17:41,ERR,ERR,ERR,ERR,ERR,ERR,ERR,ERR,ERR,ERR,ERR,ERR,ERR,ERR,ERR,ERR,ERR,ERR,ERR,ERR,ERR,ERR,ERR,ERR,ERR,ERR,ERR,ERR,ERR,ERR,ERR,ERR,ERR,ERR,ERR,ERR,ERR,ERR,ERR,ERR,ERR,ERR,ERR,ERR,ERR,ERR,ERR,ERR,ERR,ERR,ERR,ERR,ERR,ERR,ERR,ERR,ERR,ERR,ERR,ERR,ERR,ERR,ERR,ERR,ERR,ERR,ERR,ERR,ERR,ERR,ERR,ERR,ERR,ERR,ERR,ERR,ERR,ERR,ERR,ERR,ERR,ERR,ERR,ERR,ERR,ERR,ERR,ERR,ERR,ERR,ERR,ERR,ERR,ERR,ERR,ERR,ERR,ERR,ERR,ERR,ERR,ERR,ERR,ERR,ERR,ERR,ERR,ERR,ERR,ERR,ERR,ERR,ERR,ERR,ERR,ERR,ERR,ERR,ERR,ERR,ERR,ERR,ERR,ERR,ERR,-0.0,-0.0,-0.0,0.0,-3.004,1.9876673943687221e+37,0.0,476.503,0,0,4,17429,7116,0.0,100,0.0,0.0,0.0,0.0,0.0,0,0,0,0,0.0,0,0,0,0,0,0,0,0,0,0,0,0,0,0,0,0,0,0,0,0,0,0,0,0,0,0,0,0,0,0,0,0,0,31,40,40,71,65476,0,300,0,0,8,21553,0.0,-107605600.0,0.0,0.0,0.0,0.0,0.0,0.0,0.0,0.0,0.0,0.0,0.0,0.0,0.0,0.0,0.0,0.0,0.0,0.0,0.0,0.0,0.0,-3.697067386368898e+19,0.0,0.0,0.0,0.0,0.0,0.0,5028.0,-1.5879295420089355e+29,6942.0,-0.0,-0.0,2.004,2.004,0.0,0.0,0.0,0.0,69,-0.0,0.0,0.0,0.0,0.0,0.0,0.0,0.0,0.0,0,0,0,0.0,0.0,0.0,0.0,0.0,0.0,0.0,0.0,0.0,0.0,0.0,0.0,0.0,0.0,0.0,0.0,0,-107875648.0,69,0.0,138,0.0,2.012,ERR,ERR,ERR,ERR,ERR,ERR,ERR,ERR,ERR,ERR,ERR,ERR,ERR,ERR,ERR,ERR,ERR,ERR,ERR,ERR,ERR,ERR,ERR,ERR,ERR,ERR,ERR,ERR,ERR,ERR,ERR,ERR,ERR,ERR,ERR,ERR,ERR,ERR,ERR,ERR,ERR,ERR,ERR,ERR,ERR,ERR,ERR,ERR,ERR,ERR,ERR,ERR,ERR,ERR,ERR,ERR,ERR,ERR,ERR,ERR,ERR,ERR,ERR,ERR,ERR,ERR,ERR,60.0,60.0,35,0.0,0.0,0.0,0.0,0.0,0.0,0.0,0.0,0.0,0.0,0.0,0.0,0.0,0.0,0.0,0.0,65.6,0,117,57,41,65476,0,300,0,0,8,20529,65476,0,0,2621,60.0,0.0,0.0,0.0,0.0,0.0
2026-07-09T15:17:42,ERR,ERR,ERR,ERR,ERR,ERR,ERR,ERR,ERR,ERR,ERR,ERR,ERR,ERR,ERR,ERR,ERR,ERR,ERR,ERR,ERR,ERR,ERR,ERR,ERR,ERR,ERR,ERR,ERR,ERR,ERR,ERR,ERR,ERR,ERR,ERR,ERR,ERR,ERR,ERR,ERR,ERR,ERR,ERR,ERR,ERR,ERR,ERR,ERR,ERR,ERR,ERR,ERR,ERR,ERR,ERR,ERR,ERR,ERR,ERR,ERR,ERR,ERR,ERR,ERR,ERR,ERR,ERR,ERR,ERR,ERR,ERR,ERR,ERR,ERR,ERR,ERR,ERR,ERR,ERR,ERR,ERR,ERR,ERR,ERR,ERR,ERR,ERR,ERR,ERR,ERR,ERR,ERR,ERR,ERR,ERR,ERR,ERR,ERR,ERR,ERR,ERR,ERR,ERR,ERR,ERR,ERR,ERR,ERR,ERR,ERR,ERR,ERR,ERR,ERR,ERR,ERR,ERR,ERR,ERR,ERR,ERR,ERR,ERR,ERR,-0.0,2.7184455132508097e+23,0.0,-0.0,-25202978.0,0.248,-1.3388318553815293e+35,6168631.5,0,0,4,17429,7116,0.0,100,0.0,0.0,-0.0,0.0,0.0,0,0,0,0,0.0,0,0,0,0,0,0,0,0,0,0,0,0,0,0,0,0,0,0,0,0,0,0,0,0,0,0,0,0,0,0,0,0,0,31,40,40,71,65476,0,300,0,0,8,21553,0.0,-107605600.0,0.0,0.0,0.0,0.0,0.0,0.0,0.0,0.0,0.0,0.0,0.0,0.0,0.0,0.0,0.0,0.0,0.0,0.0,0.0,0.0,0.0,-2.004,0.0,0.0,0.0,0.0,0.0,0.0,5064.0,3.697187013234e+19,6924.0,-0.0,2.7184455132508097e+23,2.004,2.004,0.0,0.0,0.0,0.0,69,-0.0,-0.0,0.0,0.0,0.0,0.0,0.0,0.0,0.0,0,0,0,0.0,0.0,0.0,0.0,0.0,0.0,0.0,0.0,0.0,0.0,0.0,0.0,0.0,0.0,0.0,0.0,0,-107875648.0,69,0.0,138,0.0,2.012,ERR,ERR,ERR,ERR,ERR,ERR,ERR,ERR,ERR,ERR,ERR,ERR,ERR,ERR,ERR,ERR,ERR,ERR,ERR,ERR,ERR,ERR,ERR,ERR,ERR,ERR,ERR,ERR,ERR,ERR,ERR,ERR,ERR,ERR,ERR,ERR,ERR,ERR,ERR,ERR,ERR,ERR,ERR,ERR,ERR,ERR,ERR,ERR,ERR,ERR,ERR,ERR,ERR,ERR,ERR,ERR,ERR,ERR,ERR,ERR,ERR,ERR,ERR,ERR,ERR,ERR,ERR,60.0,60.0,35,0.0,0.0,0.0,0.0,0.0,0.0,0.0,0.0,0.0,0.0,0.0,0.0,0.0,0.0,0.0,0.0,65.2,0,117,57,41,65476,0,300,0,0,8,20529,65476,0,0,2621,60.0,0.0,0.0,0.0,0.0,0.0
2026-07-09T15:17:43,ERR,ERR,ERR,ERR,ERR,ERR,ERR,ERR,ERR,ERR,ERR,ERR,ERR,ERR,ERR,ERR,ERR,ERR,ERR,ERR,ERR,ERR,ERR,ERR,ERR,ERR,ERR,ERR,ERR,ERR,ERR,ERR,ERR,ERR,ERR,ERR,ERR,ERR,ERR,ERR,ERR,ERR,ERR,ERR,ERR,ERR,ERR,ERR,ERR,ERR,ERR,ERR,ERR,ERR,ERR,ERR,ERR,ERR,ERR,ERR,ERR,ERR,ERR,ERR,ERR,ERR,ERR,ERR,ERR,ERR,ERR,ERR,ERR,ERR,ERR,ERR,ERR,ERR,ERR,ERR,ERR,ERR,ERR,ERR,ERR,ERR,ERR,ERR,ERR,ERR,ERR,ERR,ERR,ERR,ERR,ERR,ERR,ERR,ERR,ERR,ERR,ERR,ERR,ERR,ERR,ERR,ERR,ERR,ERR,ERR,ERR,ERR,ERR,ERR,ERR,ERR,ERR,ERR,ERR,ERR,ERR,ERR,ERR,ERR,ERR,-0.0,2.7184455132508097e+23,0.0,-0.0,-25202978.0,0.248,-1.3388318553815293e+35,6168631.5,0,0,4,17429,7116,0.0,100,0.0,0.0,-0.0,0.0,0.0,0,0,0,0,0.0,0,0,0,0,0,0,0,0,0,0,0,0,0,0,0,0,0,0,0,0,0,0,0,0,0,0,0,0,0,0,0,0,0,31,40,40,71,65476,0,300,0,0,8,21553,0.0,-107605600.0,0.0,0.0,0.0,0.0,0.0,0.0,0.0,0.0,0.0,0.0,0.0,0.0,0.0,0.0,0.0,0.0,0.0,0.0,0.0,0.0,0.0,-2.004,0.0,0.0,0.0,0.0,0.0,0.0,5064.0,3.697187013234e+19,6924.0,-0.0,2.7184455132508097e+23,2.004,2.004,0.0,0.0,0.0,0.0,69,-0.0,-0.0,0.0,0.0,0.0,0.0,0.0,0.0,0.0,0,0,0,0.0,0.0,0.0,0.0,0.0,0.0,0.0,0.0,0.0,0.0,0.0,0.0,0.0,0.0,0.0,0.0,0,-107875648.0,69,0.0,138,0.0,2.012,ERR,ERR,ERR,ERR,ERR,ERR,ERR,ERR,ERR,ERR,ERR,ERR,ERR,ERR,ERR,ERR,ERR,ERR,ERR,ERR,ERR,ERR,ERR,ERR,ERR,ERR,ERR,ERR,ERR,ERR,ERR,ERR,ERR,ERR,ERR,ERR,ERR,ERR,ERR,ERR,ERR,ERR,ERR,ERR,ERR,ERR,ERR,ERR,ERR,ERR,ERR,ERR,ERR,ERR,ERR,ERR,ERR,ERR,ERR,ERR,ERR,ERR,ERR,ERR,ERR,ERR,ERR,60.0,60.0,35,0.0,0.0,0.0,0.0,0.0,0.0,0.0,0.0,0.0,0.0,0.0,0.0,0.0,0.0,0.0,0.0,65.2,0,117,57,41,65476,0,300,0,0,8,20529,65476,0,0,2621,60.0,0.0,0.0,0.0,0.0,0.0
2026-07-09T15:17:44,ERR,ERR,ERR,ERR,ERR,ERR,ERR,ERR,ERR,ERR,ERR,ERR,ERR,ERR,ERR,ERR,ERR,ERR,ERR,ERR,ERR,ERR,ERR,ERR,ERR,ERR,ERR,ERR,ERR,ERR,ERR,ERR,ERR,ERR,ERR,ERR,ERR,ERR,ERR,ERR,ERR,ERR,ERR,ERR,ERR,ERR,ERR,ERR,ERR,ERR,ERR,ERR,ERR,ERR,ERR,ERR,ERR,ERR,ERR,ERR,ERR,ERR,ERR,ERR,ERR,ERR,ERR,ERR,ERR,ERR,ERR,ERR,ERR,ERR,ERR,ERR,ERR,ERR,ERR,ERR,ERR,ERR,ERR,ERR,ERR,ERR,ERR,ERR,ERR,ERR,ERR,ERR,ERR,ERR,ERR,ERR,ERR,ERR,ERR,ERR,ERR,ERR,ERR,ERR,ERR,ERR,ERR,ERR,ERR,ERR,ERR,ERR,ERR,ERR,ERR,ERR,ERR,ERR,ERR,ERR,ERR,ERR,ERR,ERR,ERR,-0.0,2.7184455132508097e+23,0.0,-0.0,-25202978.0,0.248,-1.3388318553815293e+35,6168631.5,0,0,4,17429,7116,0.0,100,0.0,0.0,-0.0,0.0,0.0,0,0,0,0,0.0,0,0,0,0,0,0,0,0,0,0,0,0,0,0,0,0,0,0,0,0,0,0,0,0,0,0,0,0,0,0,0,0,0,31,40,40,71,65476,0,300,0,0,8,21553,0.0,-107605600.0,0.0,0.0,0.0,0.0,0.0,0.0,0.0,0.0,0.0,0.0,0.0,0.0,0.0,0.0,0.0,0.0,0.0,0.0,0.0,0.0,0.0,-2.004,0.0,0.0,0.0,0.0,0.0,0.0,5064.0,3.697187013234e+19,6924.0,-0.0,2.7184455132508097e+23,2.004,2.004,0.0,0.0,0.0,0.0,69,-0.0,-0.0,0.0,0.0,0.0,0.0,0.0,0.0,0.0,0,0,0,0.0,0.0,0.0,0.0,0.0,0.0,0.0,0.0,0.0,0.0,0.0,0.0,0.0,0.0,0.0,0.0,0,-107875648.0,69,0.0,138,0.0,2.012,ERR,ERR,ERR,ERR,ERR,ERR,ERR,ERR,ERR,ERR,ERR,ERR,ERR,ERR,ERR,ERR,ERR,ERR,ERR,ERR,ERR,ERR,ERR,ERR,ERR,ERR,ERR,ERR,ERR,ERR,ERR,ERR,ERR,ERR,ERR,ERR,ERR,ERR,ERR,ERR,ERR,ERR,ERR,ERR,ERR,ERR,ERR,ERR,ERR,ERR,ERR,ERR,ERR,ERR,ERR,ERR,ERR,ERR,ERR,ERR,ERR,ERR,ERR,ERR,ERR,ERR,ERR,60.0,60.0,35,0.0,0.0,0.0,0.0,0.0,0.0,0.0,0.0,0.0,0.0,0.0,0.0,0.0,0.0,0.0,0.0,65.2,0,117,57,41,65476,0,300,0,0,8,20529,65476,0,0,2621,60.0,0.0,0.0,0.0,0.0,0.0
2026-07-09T15:17:45,ERR,ERR,ERR,ERR,ERR,ERR,ERR,ERR,ERR,ERR,ERR,ERR,ERR,ERR,ERR,ERR,ERR,ERR,ERR,ERR,ERR,ERR,ERR,ERR,ERR,ERR,ERR,ERR,ERR,ERR,ERR,ERR,ERR,ERR,ERR,ERR,ERR,ERR,ERR,ERR,ERR,ERR,ERR,ERR,ERR,ERR,ERR,ERR,ERR,ERR,ERR,ERR,ERR,ERR,ERR,ERR,ERR,ERR,ERR,ERR,ERR,ERR,ERR,ERR,ERR,ERR,ERR,ERR,ERR,ERR,ERR,ERR,ERR,ERR,ERR,ERR,ERR,ERR,ERR,ERR,ERR,ERR,ERR,ERR,ERR,ERR,ERR,ERR,ERR,ERR,ERR,ERR,ERR,ERR,ERR,ERR,ERR,ERR,ERR,ERR,ERR,ERR,ERR,ERR,ERR,ERR,ERR,ERR,ERR,ERR,ERR,ERR,ERR,ERR,ERR,ERR,ERR,ERR,ERR,ERR,ERR,ERR,ERR,ERR,ERR,-0.0,2.7184455132508097e+23,0.0,-0.0,-25202978.0,0.248,-1.3388318553815293e+35,6168631.5,0,0,4,17429,7116,0.0,100,0.0,0.0,-0.0,0.0,0.0,0,0,0,0,0.0,0,0,0,0,0,0,0,0,0,0,0,0,0,0,0,0,0,0,0,0,0,0,0,0,0,0,0,0,0,0,0,0,0,31,40,40,71,65476,0,300,0,0,8,21553,0.0,-107605600.0,0.0,0.0,0.0,0.0,0.0,0.0,0.0,0.0,0.0,0.0,0.0,0.0,0.0,0.0,0.0,0.0,0.0,0.0,0.0,0.0,0.0,-2.004,0.0,0.0,0.0,0.0,0.0,0.0,5064.0,3.697187013234e+19,6924.0,-0.0,2.7184455132508097e+23,2.004,2.004,0.0,0.0,0.0,0.0,69,-0.0,-0.0,0.0,0.0,0.0,0.0,0.0,0.0,0.0,0,0,0,0.0,0.0,0.0,0.0,0.0,0.0,0.0,0.0,0.0,0.0,0.0,0.0,0.0,0.0,0.0,0.0,0,-107875648.0,69,0.0,138,0.0,2.012,ERR,ERR,ERR,ERR,ERR,ERR,ERR,ERR,ERR,ERR,ERR,ERR,ERR,ERR,ERR,ERR,ERR,ERR,ERR,ERR,ERR,ERR,ERR,ERR,ERR,ERR,ERR,ERR,ERR,ERR,ERR,ERR,ERR,ERR,ERR,ERR,ERR,ERR,ERR,ERR,ERR,ERR,ERR,ERR,ERR,ERR,ERR,ERR,ERR,ERR,ERR,ERR,ERR,ERR,ERR,ERR,ERR,ERR,ERR,ERR,ERR,ERR,ERR,ERR,ERR,ERR,ERR,60.0,60.0,35,0.0,0.0,0.0,0.0,0.0,0.0,0.0,0.0,0.0,0.0,0.0,0.0,0.0,0.0,0.0,0.0,65.6,0,117,57,41,65476,0,300,0,0,8,20529,65476,0,0,2621,60.0,0.0,0.0,0.0,0.0,0.0
2026-07-09T15:17:46,ERR,ERR,ERR,ERR,ERR,ERR,ERR,ERR,ERR,ERR,ERR,ERR,ERR,ERR,ERR,ERR,ERR,ERR,ERR,ERR,ERR,ERR,ERR,ERR,ERR,ERR,ERR,ERR,ERR,ERR,ERR,ERR,ERR,ERR,ERR,ERR,ERR,ERR,ERR,ERR,ERR,ERR,ERR,ERR,ERR,ERR,ERR,ERR,ERR,ERR,ERR,ERR,ERR,ERR,ERR,ERR,ERR,ERR,ERR,ERR,ERR,ERR,ERR,ERR,ERR,ERR,ERR,ERR,ERR,ERR,ERR,ERR,ERR,ERR,ERR,ERR,ERR,ERR,ERR,ERR,ERR,ERR,ERR,ERR,ERR,ERR,ERR,ERR,ERR,ERR,ERR,ERR,ERR,ERR,ERR,ERR,ERR,ERR,ERR,ERR,ERR,ERR,ERR,ERR,ERR,ERR,ERR,ERR,ERR,ERR,ERR,ERR,ERR,ERR,ERR,ERR,ERR,ERR,ERR,ERR,ERR,ERR,ERR,ERR,ERR,-0.0,2.7184455132508097e+23,0.0,-0.0,-25202978.0,0.248,-1.3388318553815293e+35,6168631.5,0,0,4,17429,7116,0.0,100,0.0,0.0,-0.0,0.0,0.0,0,0,0,0,0.0,0,0,0,0,0,0,0,0,0,0,0,0,0,0,0,0,0,0,0,0,0,0,0,0,0,0,0,0,0,0,0,0,0,31,40,40,71,65476,0,300,0,0,8,21553,0.0,-107605600.0,0.0,0.0,0.0,0.0,0.0,0.0,0.0,0.0,0.0,0.0,0.0,0.0,0.0,0.0,0.0,0.0,0.0,0.0,0.0,0.0,0.0,-2.004,0.0,0.0,0.0,0.0,0.0,0.0,5064.0,3.697187013234e+19,6924.0,-0.0,2.7184455132508097e+23,2.004,2.004,0.0,0.0,0.0,0.0,69,-0.0,-0.0,0.0,0.0,0.0,0.0,0.0,0.0,0.0,0,0,0,0.0,0.0,0.0,0.0,0.0,0.0,0.0,0.0,0.0,0.0,0.0,0.0,0.0,0.0,0.0,0.0,0,-107875648.0,69,0.0,138,0.0,2.012,ERR,ERR,ERR,ERR,ERR,ERR,ERR,ERR,ERR,ERR,ERR,ERR,ERR,ERR,ERR,ERR,ERR,ERR,ERR,ERR,ERR,ERR,ERR,ERR,ERR,ERR,ERR,ERR,ERR,ERR,ERR,ERR,ERR,ERR,ERR,ERR,ERR,ERR,ERR,ERR,ERR,ERR,ERR,ERR,ERR,ERR,ERR,ERR,ERR,ERR,ERR,ERR,ERR,ERR,ERR,ERR,ERR,ERR,ERR,ERR,ERR,ERR,ERR,ERR,ERR,ERR,ERR,60.0,60.0,35,0.0,0.0,0.0,0.0,0.0,0.0,0.0,0.0,0.0,0.0,0.0,0.0,0.0,0.0,0.0,0.0,65.6,0,117,57,41,65476,0,300,0,0,8,20529,65476,0,0,2621,60.0,0.0,0.0,0.0,0.0,0.0
2026-07-09T15:17:47,ERR,ERR,ERR,ERR,ERR,ERR,ERR,ERR,ERR,ERR,ERR,ERR,ERR,ERR,ERR,ERR,ERR,ERR,ERR,ERR,ERR,ERR,ERR,ERR,ERR,ERR,ERR,ERR,ERR,ERR,ERR,ERR,ERR,ERR,ERR,ERR,ERR,ERR,ERR,ERR,ERR,ERR,ERR,ERR,ERR,ERR,ERR,ERR,ERR,ERR,ERR,ERR,ERR,ERR,ERR,ERR,ERR,ERR,ERR,ERR,ERR,ERR,ERR,ERR,ERR,ERR,ERR,ERR,ERR,ERR,ERR,ERR,ERR,ERR,ERR,ERR,ERR,ERR,ERR,ERR,ERR,ERR,ERR,ERR,ERR,ERR,ERR,ERR,ERR,ERR,ERR,ERR,ERR,ERR,ERR,ERR,ERR,ERR,ERR,ERR,ERR,ERR,ERR,ERR,ERR,ERR,ERR,ERR,ERR,ERR,ERR,ERR,ERR,ERR,ERR,ERR,ERR,ERR,ERR,ERR,ERR,ERR,ERR,ERR,ERR,-0.0,2.7184455132508097e+23,0.0,0.0,1.325507441273246e+36,0.0,-234125744.0,2.954450166539697e+23,0,0,4,17427,7116,0.0,100,0.0,0.0,0.0,0.0,0.0,0,0,0,0,0.0,0,0,0,0,0,0,0,0,0,0,0,0,0,0,0,0,0,0,0,0,0,0,0,0,0,0,0,0,0,0,0,0,0,31,40,40,71,65476,0,300,0,0,8,21553,0.0,-107605600.0,0.0,0.0,0.0,0.0,0.0,0.0,0.0,0.0,0.0,0.0,0.0,0.0,0.0,0.0,0.0,0.0,0.0,0.0,0.0,0.0,0.0,-2.004,0.0,0.0,0.0,0.0,0.0,0.0,5067.0,-0.0,6934.0,-0.0,2.7184455132508097e+23,2.004,2.004,0.0,0.0,0.0,0.0,69,-4.950400744235881e+32,0.0,0.0,0.0,0.0,0.0,0.0,0.0,0.0,0,0,0,0.0,0.0,0.0,0.0,0.0,0.0,0.0,0.0,0.0,0.0,0.0,0.0,0.0,0.0,0.0,0.0,0,-107875648.0,69,0.0,138,0.0,2.012,ERR,ERR,ERR,ERR,ERR,ERR,ERR,ERR,ERR,ERR,ERR,ERR,ERR,ERR,ERR,ERR,ERR,ERR,ERR,ERR,ERR,ERR,ERR,ERR,ERR,ERR,ERR,ERR,ERR,ERR,ERR,ERR,ERR,ERR,ERR,ERR,ERR,ERR,ERR,ERR,ERR,ERR,ERR,ERR,ERR,ERR,ERR,ERR,ERR,ERR,ERR,ERR,ERR,ERR,ERR,ERR,ERR,ERR,ERR,ERR,ERR,ERR,ERR,ERR,ERR,ERR,ERR,60.0,60.0,35,0.0,0.0,0.0,0.0,0.0,0.0,0.0,0.0,0.0,0.0,0.0,0.0,0.0,0.0,0.0,0.0,65.2,0,117,57,41,65476,0,300,0,0,8,20529,65476,0,0,2621,60.0,0.0,0.0,0.0,0.0,0.0
2026-07-09T15:17:48,ERR,ERR,ERR,ERR,ERR,ERR,ERR,ERR,ERR,ERR,ERR,ERR,ERR,ERR,ERR,ERR,ERR,ERR,ERR,ERR,ERR,ERR,ERR,ERR,ERR,ERR,ERR,ERR,ERR,ERR,ERR,ERR,ERR,ERR,ERR,ERR,ERR,ERR,ERR,ERR,ERR,ERR,ERR,ERR,ERR,ERR,ERR,ERR,ERR,ERR,ERR,ERR,ERR,ERR,ERR,ERR,ERR,ERR,ERR,ERR,ERR,ERR,ERR,ERR,ERR,ERR,ERR,ERR,ERR,ERR,ERR,ERR,ERR,ERR,ERR,ERR,ERR,ERR,ERR,ERR,ERR,ERR,ERR,ERR,ERR,ERR,ERR,ERR,ERR,ERR,ERR,ERR,ERR,ERR,ERR,ERR,ERR,ERR,ERR,ERR,ERR,ERR,ERR,ERR,ERR,ERR,ERR,ERR,ERR,ERR,ERR,ERR,ERR,ERR,ERR,ERR,ERR,ERR,ERR,ERR,ERR,ERR,ERR,ERR,ERR,-0.0,2.7184455132508097e+23,0.0,0.0,1.325507441273246e+36,0.0,-234125744.0,2.954450166539697e+23,0,0,4,17427,7116,0.0,100,0.0,0.0,0.0,0.0,0.0,0,0,0,0,0.0,0,0,0,0,0,0,0,0,0,0,0,0,0,0,0,0,0,0,0,0,0,0,0,0,0,0,0,0,0,0,0,0,0,31,40,40,71,65476,0,300,0,0,8,21553,0.0,-107605600.0,0.0,0.0,0.0,0.0,0.0,0.0,0.0,0.0,0.0,0.0,0.0,0.0,0.0,0.0,0.0,0.0,0.0,0.0,0.0,0.0,0.0,-2.004,0.0,0.0,0.0,0.0,0.0,0.0,5067.0,-0.0,6934.0,-0.0,2.7184455132508097e+23,2.004,2.004,0.0,0.0,0.0,0.0,69,-4.950400744235881e+32,0.0,0.0,0.0,0.0,0.0,0.0,0.0,0.0,0,0,0,0.0,0.0,0.0,0.0,0.0,0.0,0.0,0.0,0.0,0.0,0.0,0.0,0.0,0.0,0.0,0.0,0,-107875648.0,69,0.0,138,0.0,2.012,ERR,ERR,ERR,ERR,ERR,ERR,ERR,ERR,ERR,ERR,ERR,ERR,ERR,ERR,ERR,ERR,ERR,ERR,ERR,ERR,ERR,ERR,ERR,ERR,ERR,ERR,ERR,ERR,ERR,ERR,ERR,ERR,ERR,ERR,ERR,ERR,ERR,ERR,ERR,ERR,ERR,ERR,ERR,ERR,ERR,ERR,ERR,ERR,ERR,ERR,ERR,ERR,ERR,ERR,ERR,ERR,ERR,ERR,ERR,ERR,ERR,ERR,ERR,ERR,ERR,ERR,ERR,60.0,60.0,35,0.0,0.0,0.0,0.0,0.0,0.0,0.0,0.0,0.0,0.0,0.0,0.0,0.0,0.0,0.0,0.0,65.2,0,117,57,41,65476,0,300,0,0,8,20529,65476,0,0,2621,60.0,0.0,0.0,0.0,0.0,0.0
2026-07-09T15:17:49,ERR,ERR,ERR,ERR,ERR,ERR,ERR,ERR,ERR,ERR,ERR,ERR,ERR,ERR,ERR,ERR,ERR,ERR,ERR,ERR,ERR,ERR,ERR,ERR,ERR,ERR,ERR,ERR,ERR,ERR,ERR,ERR,ERR,ERR,ERR,ERR,ERR,ERR,ERR,ERR,ERR,ERR,ERR,ERR,ERR,ERR,ERR,ERR,ERR,ERR,ERR,ERR,ERR,ERR,ERR,ERR,ERR,ERR,ERR,ERR,ERR,ERR,ERR,ERR,ERR,ERR,ERR,ERR,ERR,ERR,ERR,ERR,ERR,ERR,ERR,ERR,ERR,ERR,ERR,ERR,ERR,ERR,ERR,ERR,ERR,ERR,ERR,ERR,ERR,ERR,ERR,ERR,ERR,ERR,ERR,ERR,ERR,ERR,ERR,ERR,ERR,ERR,ERR,ERR,ERR,ERR,ERR,ERR,ERR,ERR,ERR,ERR,ERR,ERR,ERR,ERR,ERR,ERR,ERR,ERR,ERR,ERR,ERR,ERR,ERR,-0.0,2.7184455132508097e+23,0.0,0.0,1.325507441273246e+36,0.0,-234125744.0,2.954450166539697e+23,0,0,4,17427,7116,0.0,100,0.0,0.0,0.0,0.0,0.0,0,0,0,0,0.0,0,0,0,0,0,0,0,0,0,0,0,0,0,0,0,0,0,0,0,0,0,0,0,0,0,0,0,0,0,0,0,0,0,31,40,40,71,65476,0,300,0,0,8,21553,0.0,-107605600.0,0.0,0.0,0.0,0.0,0.0,0.0,0.0,0.0,0.0,0.0,0.0,0.0,0.0,0.0,0.0,0.0,0.0,0.0,0.0,0.0,0.0,-2.004,0.0,0.0,0.0,0.0,0.0,0.0,5067.0,-0.0,6934.0,-0.0,2.7184455132508097e+23,2.004,2.004,0.0,0.0,0.0,0.0,69,-4.950400744235881e+32,0.0,0.0,0.0,0.0,0.0,0.0,0.0,0.0,0,0,0,0.0,0.0,0.0,0.0,0.0,0.0,0.0,0.0,0.0,0.0,0.0,0.0,0.0,0.0,0.0,0.0,0,-107875648.0,69,0.0,138,0.0,2.012,ERR,ERR,ERR,ERR,ERR,ERR,ERR,ERR,ERR,ERR,ERR,ERR,ERR,ERR,ERR,ERR,ERR,ERR,ERR,ERR,ERR,ERR,ERR,ERR,ERR,ERR,ERR,ERR,ERR,ERR,ERR,ERR,ERR,ERR,ERR,ERR,ERR,ERR,ERR,ERR,ERR,ERR,ERR,ERR,ERR,ERR,ERR,ERR,ERR,ERR,ERR,ERR,ERR,ERR,ERR,ERR,ERR,ERR,ERR,ERR,ERR,ERR,ERR,ERR,ERR,ERR,ERR,60.0,60.0,35,0.0,0.0,0.0,0.0,0.0,0.0,0.0,0.0,0.0,0.0,0.0,0.0,0.0,0.0,0.0,0.0,65.2,0,117,57,41,65476,0,300,0,0,8,20529,65476,0,0,2621,60.0,0.0,0.0,0.0,0.0,0.0
2026-07-09T15:17:50,ERR,ERR,ERR,ERR,ERR,ERR,ERR,ERR,ERR,ERR,ERR,ERR,ERR,ERR,ERR,ERR,ERR,ERR,ERR,ERR,ERR,ERR,ERR,ERR,ERR,ERR,ERR,ERR,ERR,ERR,ERR,ERR,ERR,ERR,ERR,ERR,ERR,ERR,ERR,ERR,ERR,ERR,ERR,ERR,ERR,ERR,ERR,ERR,ERR,ERR,ERR,ERR,ERR,ERR,ERR,ERR,ERR,ERR,ERR,ERR,ERR,ERR,ERR,ERR,ERR,ERR,ERR,ERR,ERR,ERR,ERR,ERR,ERR,ERR,ERR,ERR,ERR,ERR,ERR,ERR,ERR,ERR,ERR,ERR,ERR,ERR,ERR,ERR,ERR,ERR,ERR,ERR,ERR,ERR,ERR,ERR,ERR,ERR,ERR,ERR,ERR,ERR,ERR,ERR,ERR,ERR,ERR,ERR,ERR,ERR,ERR,ERR,ERR,ERR,ERR,ERR,ERR,ERR,ERR,ERR,ERR,ERR,ERR,ERR,ERR,-0.0,2.7184455132508097e+23,0.0,0.0,1.325507441273246e+36,0.0,-234125744.0,2.954450166539697e+23,0,0,4,17427,7116,0.0,100,0.0,0.0,0.0,0.0,0.0,0,0,0,0,0.0,0,0,0,0,0,0,0,0,0,0,0,0,0,0,0,0,0,0,0,0,0,0,0,0,0,0,0,0,0,0,0,0,0,31,40,40,71,65476,0,300,0,0,8,21553,0.0,-107605600.0,0.0,0.0,0.0,0.0,0.0,0.0,0.0,0.0,0.0,0.0,0.0,0.0,0.0,0.0,0.0,0.0,0.0,0.0,0.0,0.0,0.0,-2.004,0.0,0.0,0.0,0.0,0.0,0.0,5067.0,-0.0,6934.0,-0.0,2.7184455132508097e+23,2.004,2.004,0.0,0.0,0.0,0.0,69,-4.950400744235881e+32,0.0,0.0,0.0,0.0,0.0,0.0,0.0,0.0,0,0,0,0.0,0.0,0.0,0.0,0.0,0.0,0.0,0.0,0.0,0.0,0.0,0.0,0.0,0.0,0.0,0.0,0,-107875648.0,69,0.0,138,0.0,2.012,ERR,ERR,ERR,ERR,ERR,ERR,ERR,ERR,ERR,ERR,ERR,ERR,ERR,ERR,ERR,ERR,ERR,ERR,ERR,ERR,ERR,ERR,ERR,ERR,ERR,ERR,ERR,ERR,ERR,ERR,ERR,ERR,ERR,ERR,ERR,ERR,ERR,ERR,ERR,ERR,ERR,ERR,ERR,ERR,ERR,ERR,ERR,ERR,ERR,ERR,ERR,ERR,ERR,ERR,ERR,ERR,ERR,ERR,ERR,ERR,ERR,ERR,ERR,ERR,ERR,ERR,ERR,60.0,60.0,35,0.0,0.0,0.0,0.0,0.0,0.0,0.0,0.0,0.0,0.0,0.0,0.0,0.0,0.0,0.0,0.0,65.2,0,117,57,41,65476,0,300,0,0,8,20529,65476,0,0,2621,60.0,0.0,0.0,0.0,0.0,0.0
2026-07-09T15:17:51,ERR,ERR,ERR,ERR,ERR,ERR,ERR,ERR,ERR,ERR,ERR,ERR,ERR,ERR,ERR,ERR,ERR,ERR,ERR,ERR,ERR,ERR,ERR,ERR,ERR,ERR,ERR,ERR,ERR,ERR,ERR,ERR,ERR,ERR,ERR,ERR,ERR,ERR,ERR,ERR,ERR,ERR,ERR,ERR,ERR,ERR,ERR,ERR,ERR,ERR,ERR,ERR,ERR,ERR,ERR,ERR,ERR,ERR,ERR,ERR,ERR,ERR,ERR,ERR,ERR,ERR,ERR,ERR,ERR,ERR,ERR,ERR,ERR,ERR,ERR,ERR,ERR,ERR,ERR,ERR,ERR,ERR,ERR,ERR,ERR,ERR,ERR,ERR,ERR,ERR,ERR,ERR,ERR,ERR,ERR,ERR,ERR,ERR,ERR,ERR,ERR,ERR,ERR,ERR,ERR,ERR,ERR,ERR,ERR,ERR,ERR,ERR,ERR,ERR,ERR,ERR,ERR,ERR,ERR,ERR,ERR,ERR,ERR,ERR,ERR,-0.0,2.7184455132508097e+23,0.0,0.0,1.325507441273246e+36,0.0,-234125744.0,2.954450166539697e+23,0,0,4,17427,7116,0.0,100,0.0,0.0,0.0,0.0,0.0,0,0,0,0,0.0,0,0,0,0,0,0,0,0,0,0,0,0,0,0,0,0,0,0,0,0,0,0,0,0,0,0,0,0,0,0,0,0,0,31,40,40,71,65476,0,300,0,0,8,21553,0.0,-107605600.0,0.0,0.0,0.0,0.0,0.0,0.0,0.0,0.0,0.0,0.0,0.0,0.0,0.0,0.0,0.0,0.0,0.0,0.0,0.0,0.0,0.0,-2.004,0.0,0.0,0.0,0.0,0.0,0.0,5067.0,-0.0,6934.0,-0.0,2.7184455132508097e+23,2.004,2.004,0.0,0.0,0.0,0.0,69,-4.950400744235881e+32,0.0,0.0,0.0,0.0,0.0,0.0,0.0,0.0,0,0,0,0.0,0.0,0.0,0.0,0.0,0.0,0.0,0.0,0.0,0.0,0.0,0.0,0.0,0.0,0.0,0.0,0,-107875648.0,69,0.0,138,0.0,2.012,ERR,ERR,ERR,ERR,ERR,ERR,ERR,ERR,ERR,ERR,ERR,ERR,ERR,ERR,ERR,ERR,ERR,ERR,ERR,ERR,ERR,ERR,ERR,ERR,ERR,ERR,ERR,ERR,ERR,ERR,ERR,ERR,ERR,ERR,ERR,ERR,ERR,ERR,ERR,ERR,ERR,ERR,ERR,ERR,ERR,ERR,ERR,ERR,ERR,ERR,ERR,ERR,ERR,ERR,ERR,ERR,ERR,ERR,ERR,ERR,ERR,ERR,ERR,ERR,ERR,ERR,ERR,60.0,60.0,35,0.0,0.0,0.0,0.0,0.0,0.0,0.0,0.0,0.0,0.0,0.0,0.0,0.0,0.0,0.0,0.0,65.2,0,117,57,41,65476,0,300,0,0,8,20529,65476,0,0,2621,60.0,0.0,0.0,0.0,0.0,0.0
2026-07-09T15:17:52,ERR,ERR,ERR,ERR,ERR,ERR,ERR,ERR,ERR,ERR,ERR,ERR,ERR,ERR,ERR,ERR,ERR,ERR,ERR,ERR,ERR,ERR,ERR,ERR,ERR,ERR,ERR,ERR,ERR,ERR,ERR,ERR,ERR,ERR,ERR,ERR,ERR,ERR,ERR,ERR,ERR,ERR,ERR,ERR,ERR,ERR,ERR,ERR,ERR,ERR,ERR,ERR,ERR,ERR,ERR,ERR,ERR,ERR,ERR,ERR,ERR,ERR,ERR,ERR,ERR,ERR,ERR,ERR,ERR,ERR,ERR,ERR,ERR,ERR,ERR,ERR,ERR,ERR,ERR,ERR,ERR,ERR,ERR,ERR,ERR,ERR,ERR,ERR,ERR,ERR,ERR,ERR,ERR,ERR,ERR,ERR,ERR,ERR,ERR,ERR,ERR,ERR,ERR,ERR,ERR,ERR,ERR,ERR,ERR,ERR,ERR,ERR,ERR,ERR,ERR,ERR,ERR,ERR,ERR,ERR,ERR,ERR,ERR,ERR,ERR,-0.0,2.7184455132508097e+23,0.0,2.718366610185338e+23,0.0,8.115324081881635e+25,-2.983411316161374e+31,-0.0,0,0,4,17427,7116,0.0,100,0.0,0.0,2.718366610185338e+23,0.0,0.0,0,0,0,0,0.0,0,0,0,0,0,0,0,0,0,0,0,0,0,0,0,0,0,0,0,0,0,0,0,0,0,0,0,0,0,0,0,0,0,31,40,40,71,65476,0,300,0,0,8,21553,0.0,-107605600.0,0.0,0.0,0.0,0.0,0.0,0.0,0.0,0.0,0.0,0.0,0.0,0.0,0.0,0.0,0.0,0.0,0.0,0.0,0.0,0.0,0.0,-2.004,0.0,0.0,0.0,0.0,0.0,0.0,5065.0,-3.697187013234e+19,6940.0,-0.0,2.7184455132508097e+23,2.004,2.004,0.0,0.0,0.0,0.0,69,-0.0,1.9056864381632512e+17,0.0,0.0,0.0,0.0,0.0,0.0,0.0,0,0,0,0.0,0.0,0.0,0.0,0.0,0.0,0.0,0.0,0.0,0.0,0.0,0.0,0.0,0.0,0.0,0.0,0,-107875648.0,69,0.0,138,0.0,2.012,ERR,ERR,ERR,ERR,ERR,ERR,ERR,ERR,ERR,ERR,ERR,ERR,ERR,ERR,ERR,ERR,ERR,ERR,ERR,ERR,ERR,ERR,ERR,ERR,ERR,ERR,ERR,ERR,ERR,ERR,ERR,ERR,ERR,ERR,ERR,ERR,ERR,ERR,ERR,ERR,ERR,ERR,ERR,ERR,ERR,ERR,ERR,ERR,ERR,ERR,ERR,ERR,ERR,ERR,ERR,ERR,ERR,ERR,ERR,ERR,ERR,ERR,ERR,ERR,ERR,ERR,ERR,60.0,60.0,35,0.0,0.0,0.0,0.0,0.0,0.0,0.0,0.0,0.0,0.0,0.0,0.0,0.0,0.0,0.0,0.0,65.2,0,117,57,41,65476,0,300,0,0,8,20529,65476,0,0,2621,60.0,0.0,0.0,0.0,0.0,0.0
2026-07-09T15:17:53,ERR,ERR,ERR,ERR,ERR,ERR,ERR,ERR,ERR,ERR,ERR,ERR,ERR,ERR,ERR,ERR,ERR,ERR,ERR,ERR,ERR,ERR,ERR,ERR,ERR,ERR,ERR,ERR,ERR,ERR,ERR,ERR,ERR,ERR,ERR,ERR,ERR,ERR,ERR,ERR,ERR,ERR,ERR,ERR,ERR,ERR,ERR,ERR,ERR,ERR,ERR,ERR,ERR,ERR,ERR,ERR,ERR,ERR,ERR,ERR,ERR,ERR,ERR,ERR,ERR,ERR,ERR,ERR,ERR,ERR,ERR,ERR,ERR,ERR,ERR,ERR,ERR,ERR,ERR,ERR,ERR,ERR,ERR,ERR,ERR,ERR,ERR,ERR,ERR,ERR,ERR,ERR,ERR,ERR,ERR,ERR,ERR,ERR,ERR,ERR,ERR,ERR,ERR,ERR,ERR,ERR,ERR,ERR,ERR,ERR,ERR,ERR,ERR,ERR,ERR,ERR,ERR,ERR,ERR,ERR,ERR,ERR,ERR,ERR,ERR,-0.0,2.7184455132508097e+23,0.0,2.718366610185338e+23,0.0,8.115324081881635e+25,-2.983411316161374e+31,-0.0,0,0,4,17427,7116,0.0,100,0.0,0.0,2.718366610185338e+23,0.0,0.0,0,0,0,0,0.0,0,0,0,0,0,0,0,0,0,0,0,0,0,0,0,0,0,0,0,0,0,0,0,0,0,0,0,0,0,0,0,0,0,31,40,40,71,65476,0,300,0,0,8,21553,0.0,-107605600.0,0.0,0.0,0.0,0.0,0.0,0.0,0.0,0.0,0.0,0.0,0.0,0.0,0.0,0.0,0.0,0.0,0.0,0.0,0.0,0.0,0.0,-2.004,0.0,0.0,0.0,0.0,0.0,0.0,5065.0,-3.697187013234e+19,6940.0,-0.0,2.7184455132508097e+23,2.004,2.004,0.0,0.0,0.0,0.0,69,-0.0,1.9056864381632512e+17,0.0,0.0,0.0,0.0,0.0,0.0,0.0,0,0,0,0.0,0.0,0.0,0.0,0.0,0.0,0.0,0.0,0.0,0.0,0.0,0.0,0.0,0.0,0.0,0.0,0,-107875648.0,69,0.0,138,0.0,2.012,ERR,ERR,ERR,ERR,ERR,ERR,ERR,ERR,ERR,ERR,ERR,ERR,ERR,ERR,ERR,ERR,ERR,ERR,ERR,ERR,ERR,ERR,ERR,ERR,ERR,ERR,ERR,ERR,ERR,ERR,ERR,ERR,ERR,ERR,ERR,ERR,ERR,ERR,ERR,ERR,ERR,ERR,ERR,ERR,ERR,ERR,ERR,ERR,ERR,ERR,ERR,ERR,ERR,ERR,ERR,ERR,ERR,ERR,ERR,ERR,ERR,ERR,ERR,ERR,ERR,ERR,ERR,60.0,60.0,35,0.0,0.0,0.0,0.0,0.0,0.0,0.0,0.0,0.0,0.0,0.0,0.0,0.0,0.0,0.0,0.0,65.2,0,117,56,41,65476,0,300,0,0,8,20529,65476,0,0,2621,60.0,0.0,0.0,0.0,0.0,0.0
2026-07-09T15:17:54,ERR,ERR,ERR,ERR,ERR,ERR,ERR,ERR,ERR,ERR,ERR,ERR,ERR,ERR,ERR,ERR,ERR,ERR,ERR,ERR,ERR,ERR,ERR,ERR,ERR,ERR,ERR,ERR,ERR,ERR,ERR,ERR,ERR,ERR,ERR,ERR,ERR,ERR,ERR,ERR,ERR,ERR,ERR,ERR,ERR,ERR,ERR,ERR,ERR,ERR,ERR,ERR,ERR,ERR,ERR,ERR,ERR,ERR,ERR,ERR,ERR,ERR,ERR,ERR,ERR,ERR,ERR,ERR,ERR,ERR,ERR,ERR,ERR,ERR,ERR,ERR,ERR,ERR,ERR,ERR,ERR,ERR,ERR,ERR,ERR,ERR,ERR,ERR,ERR,ERR,ERR,ERR,ERR,ERR,ERR,ERR,ERR,ERR,ERR,ERR,ERR,ERR,ERR,ERR,ERR,ERR,ERR,ERR,ERR,ERR,ERR,ERR,ERR,ERR,ERR,ERR,ERR,ERR,ERR,ERR,ERR,ERR,ERR,ERR,ERR,-0.0,2.7184455132508097e+23,0.0,2.718366610185338e+23,0.0,8.115324081881635e+25,-2.983411316161374e+31,-0.0,0,0,4,17427,7116,0.0,100,0.0,0.0,2.718366610185338e+23,0.0,0.0,0,0,0,0,0.0,0,0,0,0,0,0,0,0,0,0,0,0,0,0,0,0,0,0,0,0,0,0,0,0,0,0,0,0,0,0,0,0,0,31,40,40,71,65476,0,300,0,0,8,21553,0.0,-107605600.0,0.0,0.0,0.0,0.0,0.0,0.0,0.0,0.0,0.0,0.0,0.0,0.0,0.0,0.0,0.0,0.0,0.0,0.0,0.0,0.0,0.0,-2.004,0.0,0.0,0.0,0.0,0.0,0.0,5065.0,-3.697187013234e+19,6940.0,-0.0,2.7184455132508097e+23,2.004,2.004,0.0,0.0,0.0,0.0,69,-0.0,1.9056864381632512e+17,0.0,0.0,0.0,0.0,0.0,0.0,0.0,0,0,0,0.0,0.0,0.0,0.0,0.0,0.0,0.0,0.0,0.0,0.0,0.0,0.0,0.0,0.0,0.0,0.0,0,-107875648.0,69,0.0,138,0.0,2.012,ERR,ERR,ERR,ERR,ERR,ERR,ERR,ERR,ERR,ERR,ERR,ERR,ERR,ERR,ERR,ERR,ERR,ERR,ERR,ERR,ERR,ERR,ERR,ERR,ERR,ERR,ERR,ERR,ERR,ERR,ERR,ERR,ERR,ERR,ERR,ERR,ERR,ERR,ERR,ERR,ERR,ERR,ERR,ERR,ERR,ERR,ERR,ERR,ERR,ERR,ERR,ERR,ERR,ERR,ERR,ERR,ERR,ERR,ERR,ERR,ERR,ERR,ERR,ERR,ERR,ERR,ERR,60.0,60.0,35,0.0,0.0,0.0,0.0,0.0,0.0,0.0,0.0,0.0,0.0,0.0,0.0,0.0,0.0,0.0,0.0,65.2,0,117,56,41,65476,0,300,0,0,8,20529,65476,0,0,2621,60.0,0.0,0.0,0.0,0.0,0.0
2026-07-09T15:17:55,ERR,ERR,ERR,ERR,ERR,ERR,ERR,ERR,ERR,ERR,ERR,ERR,ERR,ERR,ERR,ERR,ERR,ERR,ERR,ERR,ERR,ERR,ERR,ERR,ERR,ERR,ERR,ERR,ERR,ERR,ERR,ERR,ERR,ERR,ERR,ERR,ERR,ERR,ERR,ERR,ERR,ERR,ERR,ERR,ERR,ERR,ERR,ERR,ERR,ERR,ERR,ERR,ERR,ERR,ERR,ERR,ERR,ERR,ERR,ERR,ERR,ERR,ERR,ERR,ERR,ERR,ERR,ERR,ERR,ERR,ERR,ERR,ERR,ERR,ERR,ERR,ERR,ERR,ERR,ERR,ERR,ERR,ERR,ERR,ERR,ERR,ERR,ERR,ERR,ERR,ERR,ERR,ERR,ERR,ERR,ERR,ERR,ERR,ERR,ERR,ERR,ERR,ERR,ERR,ERR,ERR,ERR,ERR,ERR,ERR,ERR,ERR,ERR,ERR,ERR,ERR,ERR,ERR,ERR,ERR,ERR,ERR,ERR,ERR,ERR,-0.0,2.7184455132508097e+23,0.0,2.718366610185338e+23,0.0,8.115324081881635e+25,-2.983411316161374e+31,-0.0,0,0,4,17427,7116,0.0,100,0.0,0.0,2.718366610185338e+23,0.0,0.0,0,0,0,0,0.0,0,0,0,0,0,0,0,0,0,0,0,0,0,0,0,0,0,0,0,0,0,0,0,0,0,0,0,0,0,0,0,0,0,31,40,40,71,65476,0,300,0,0,8,21553,0.0,-107605600.0,0.0,0.0,0.0,0.0,0.0,0.0,0.0,0.0,0.0,0.0,0.0,0.0,0.0,0.0,0.0,0.0,0.0,0.0,0.0,0.0,0.0,-2.004,0.0,0.0,0.0,0.0,0.0,0.0,5065.0,-3.697187013234e+19,6940.0,-0.0,2.7184455132508097e+23,2.004,2.004,0.0,0.0,0.0,0.0,69,-0.0,1.9056864381632512e+17,0.0,0.0,0.0,0.0,0.0,0.0,0.0,0,0,0,0.0,0.0,0.0,0.0,0.0,0.0,0.0,0.0,0.0,0.0,0.0,0.0,0.0,0.0,0.0,0.0,0,-107875648.0,69,0.0,138,0.0,2.012,ERR,ERR,ERR,ERR,ERR,ERR,ERR,ERR,ERR,ERR,ERR,ERR,ERR,ERR,ERR,ERR,ERR,ERR,ERR,ERR,ERR,ERR,ERR,ERR,ERR,ERR,ERR,ERR,ERR,ERR,ERR,ERR,ERR,ERR,ERR,ERR,ERR,ERR,ERR,ERR,ERR,ERR,ERR,ERR,ERR,ERR,ERR,ERR,ERR,ERR,ERR,ERR,ERR,ERR,ERR,ERR,ERR,ERR,ERR,ERR,ERR,ERR,ERR,ERR,ERR,ERR,ERR,60.0,60.0,35,0.0,0.0,0.0,0.0,0.0,0.0,0.0,0.0,0.0,0.0,0.0,0.0,0.0,0.0,0.0,0.0,65.2,0,117,56,41,65476,0,300,0,0,8,20529,65476,0,0,2621,60.0,0.0,0.0,0.0,0.0,0.0
2026-07-09T15:17:56,ERR,ERR,ERR,ERR,ERR,ERR,ERR,ERR,ERR,ERR,ERR,ERR,ERR,ERR,ERR,ERR,ERR,ERR,ERR,ERR,ERR,ERR,ERR,ERR,ERR,ERR,ERR,ERR,ERR,ERR,ERR,ERR,ERR,ERR,ERR,ERR,ERR,ERR,ERR,ERR,ERR,ERR,ERR,ERR,ERR,ERR,ERR,ERR,ERR,ERR,ERR,ERR,ERR,ERR,ERR,ERR,ERR,ERR,ERR,ERR,ERR,ERR,ERR,ERR,ERR,ERR,ERR,ERR,ERR,ERR,ERR,ERR,ERR,ERR,ERR,ERR,ERR,ERR,ERR,ERR,ERR,ERR,ERR,ERR,ERR,ERR,ERR,ERR,ERR,ERR,ERR,ERR,ERR,ERR,ERR,ERR,ERR,ERR,ERR,ERR,ERR,ERR,ERR,ERR,ERR,ERR,ERR,ERR,ERR,ERR,ERR,ERR,ERR,ERR,ERR,ERR,ERR,ERR,ERR,ERR,ERR,ERR,ERR,ERR,ERR,-0.0,2.7184455132508097e+23,0.0,2.718366610185338e+23,0.0,-2.9308986823603557e+23,3.536447939490611e+16,-3.511967875208171e+26,0,0,4,17427,7116,0.0,100,0.0,0.0,2.718366610185338e+23,0.0,0.0,0,0,0,0,0.0,0,0,0,0,0,0,0,0,0,0,0,0,0,0,0,0,0,0,0,0,0,0,0,0,0,0,0,0,0,0,0,0,0,31,40,40,71,65476,0,300,0,0,8,21553,0.0,-107605600.0,0.0,0.0,0.0,0.0,0.0,0.0,0.0,0.0,0.0,0.0,0.0,0.0,0.0,0.0,0.0,0.0,0.0,0.0,0.0,0.0,0.0,-2.004,0.0,0.0,0.0,0.0,0.0,0.0,5066.0,-1.04066562844498e+34,6943.0,-0.0,2.7184455132508097e+23,2.004,2.004,0.0,0.0,0.0,0.0,69,-71.629,-0.0,0.0,0.0,0.0,0.0,0.0,0.0,0.0,0,0,0,0.0,0.0,0.0,0.0,0.0,0.0,0.0,0.0,0.0,0.0,0.0,0.0,0.0,0.0,0.0,0.0,0,-107875648.0,69,0.0,138,0.0,2.012,ERR,ERR,ERR,ERR,ERR,ERR,ERR,ERR,ERR,ERR,ERR,ERR,ERR,ERR,ERR,ERR,ERR,ERR,ERR,ERR,ERR,ERR,ERR,ERR,ERR,ERR,ERR,ERR,ERR,ERR,ERR,ERR,ERR,ERR,ERR,ERR,ERR,ERR,ERR,ERR,ERR,ERR,ERR,ERR,ERR,ERR,ERR,ERR,ERR,ERR,ERR,ERR,ERR,ERR,ERR,ERR,ERR,ERR,ERR,ERR,ERR,ERR,ERR,ERR,ERR,ERR,ERR,60.0,60.0,35,0.0,0.0,0.0,0.0,0.0,0.0,0.0,0.0,0.0,0.0,0.0,0.0,0.0,0.0,0.0,0.0,65.2,0,117,56,41,65476,0,300,0,0,8,20529,65476,0,0,2621,60.0,0.0,0.0,0.0,0.0,0.0
2026-07-09T15:17:57,ERR,ERR,ERR,ERR,ERR,ERR,ERR,ERR,ERR,ERR,ERR,ERR,ERR,ERR,ERR,ERR,ERR,ERR,ERR,ERR,ERR,ERR,ERR,ERR,ERR,ERR,ERR,ERR,ERR,ERR,ERR,ERR,ERR,ERR,ERR,ERR,ERR,ERR,ERR,ERR,ERR,ERR,ERR,ERR,ERR,ERR,ERR,ERR,ERR,ERR,ERR,ERR,ERR,ERR,ERR,ERR,ERR,ERR,ERR,ERR,ERR,ERR,ERR,ERR,ERR,ERR,ERR,ERR,ERR,ERR,ERR,ERR,ERR,ERR,ERR,ERR,ERR,ERR,ERR,ERR,ERR,ERR,ERR,ERR,ERR,ERR,ERR,ERR,ERR,ERR,ERR,ERR,ERR,ERR,ERR,ERR,ERR,ERR,ERR,ERR,ERR,ERR,ERR,ERR,ERR,ERR,ERR,ERR,ERR,ERR,ERR,ERR,ERR,ERR,ERR,ERR,ERR,ERR,ERR,ERR,ERR,ERR,ERR,ERR,ERR,-0.0,2.7184455132508097e+23,0.0,2.718366610185338e+23,0.0,-2.9308986823603557e+23,3.536447939490611e+16,-3.511967875208171e+26,0,0,4,17427,7116,0.0,100,0.0,0.0,2.718366610185338e+23,0.0,0.0,0,0,0,0,0.0,0,0,0,0,0,0,0,0,0,0,0,0,0,0,0,0,0,0,0,0,0,0,0,0,0,0,0,0,0,0,0,0,0,31,40,40,71,65476,0,300,0,0,8,21553,0.0,-107605600.0,0.0,0.0,0.0,0.0,0.0,0.0,0.0,0.0,0.0,0.0,0.0,0.0,0.0,0.0,0.0,0.0,0.0,0.0,0.0,0.0,0.0,-2.004,0.0,0.0,0.0,0.0,0.0,0.0,5066.0,-1.04066562844498e+34,6943.0,-0.0,2.7184455132508097e+23,2.004,2.004,0.0,0.0,0.0,0.0,69,-71.629,-0.0,0.0,0.0,0.0,0.0,0.0,0.0,0.0,0,0,0,0.0,0.0,0.0,0.0,0.0,0.0,0.0,0.0,0.0,0.0,0.0,0.0,0.0,0.0,0.0,0.0,0,-107875648.0,69,0.0,138,0.0,2.012,ERR,ERR,ERR,ERR,ERR,ERR,ERR,ERR,ERR,ERR,ERR,ERR,ERR,ERR,ERR,ERR,ERR,ERR,ERR,ERR,ERR,ERR,ERR,ERR,ERR,ERR,ERR,ERR,ERR,ERR,ERR,ERR,ERR,ERR,ERR,ERR,ERR,ERR,ERR,ERR,ERR,ERR,ERR,ERR,ERR,ERR,ERR,ERR,ERR,ERR,ERR,ERR,ERR,ERR,ERR,ERR,ERR,ERR,ERR,ERR,ERR,ERR,ERR,ERR,ERR,ERR,ERR,60.0,60.0,35,0.0,0.0,0.0,0.0,0.0,0.0,0.0,0.0,0.0,0.0,0.0,0.0,0.0,0.0,0.0,0.0,65.2,0,117,56,41,65476,0,300,0,0,8,20529,65476,0,0,2621,60.0,0.0,0.0,0.0,0.0,0.0
2026-07-09T15:17:58,ERR,ERR,ERR,ERR,ERR,ERR,ERR,ERR,ERR,ERR,ERR,ERR,ERR,ERR,ERR,ERR,ERR,ERR,ERR,ERR,ERR,ERR,ERR,ERR,ERR,ERR,ERR,ERR,ERR,ERR,ERR,ERR,ERR,ERR,ERR,ERR,ERR,ERR,ERR,ERR,ERR,ERR,ERR,ERR,ERR,ERR,ERR,ERR,ERR,ERR,ERR,ERR,ERR,ERR,ERR,ERR,ERR,ERR,ERR,ERR,ERR,ERR,ERR,ERR,ERR,ERR,ERR,ERR,ERR,ERR,ERR,ERR,ERR,ERR,ERR,ERR,ERR,ERR,ERR,ERR,ERR,ERR,ERR,ERR,ERR,ERR,ERR,ERR,ERR,ERR,ERR,ERR,ERR,ERR,ERR,ERR,ERR,ERR,ERR,ERR,ERR,ERR,ERR,ERR,ERR,ERR,ERR,ERR,ERR,ERR,ERR,ERR,ERR,ERR,ERR,ERR,ERR,ERR,ERR,ERR,ERR,ERR,ERR,ERR,ERR,-0.0,2.7184455132508097e+23,0.0,2.718366610185338e+23,0.0,-2.9308986823603557e+23,3.536447939490611e+16,-3.511967875208171e+26,0,0,4,17427,7116,0.0,100,0.0,0.0,2.718366610185338e+23,0.0,0.0,0,0,0,0,0.0,0,0,0,0,0,0,0,0,0,0,0,0,0,0,0,0,0,0,0,0,0,0,0,0,0,0,0,0,0,0,0,0,0,31,40,40,71,65476,0,300,0,0,8,21553,0.0,-107605600.0,0.0,0.0,0.0,0.0,0.0,0.0,0.0,0.0,0.0,0.0,0.0,0.0,0.0,0.0,0.0,0.0,0.0,0.0,0.0,0.0,0.0,-2.004,0.0,0.0,0.0,0.0,0.0,0.0,5066.0,-1.04066562844498e+34,6943.0,-0.0,2.7184455132508097e+23,2.004,2.004,0.0,0.0,0.0,0.0,69,-71.629,-0.0,0.0,0.0,0.0,0.0,0.0,0.0,0.0,0,0,0,0.0,0.0,0.0,0.0,0.0,0.0,0.0,0.0,0.0,0.0,0.0,0.0,0.0,0.0,0.0,0.0,0,-107875648.0,69,0.0,138,0.0,2.012,ERR,ERR,ERR,ERR,ERR,ERR,ERR,ERR,ERR,ERR,ERR,ERR,ERR,ERR,ERR,ERR,ERR,ERR,ERR,ERR,ERR,ERR,ERR,ERR,ERR,ERR,ERR,ERR,ERR,ERR,ERR,ERR,ERR,ERR,ERR,ERR,ERR,ERR,ERR,ERR,ERR,ERR,ERR,ERR,ERR,ERR,ERR,ERR,ERR,ERR,ERR,ERR,ERR,ERR,ERR,ERR,ERR,ERR,ERR,ERR,ERR,ERR,ERR,ERR,ERR,ERR,ERR,60.0,60.0,35,0.0,0.0,0.0,0.0,0.0,0.0,0.0,0.0,0.0,0.0,0.0,0.0,0.0,0.0,0.0,0.0,65.2,0,117,57,41,65476,0,300,0,0,8,20529,65476,0,0,2621,60.0,0.0,0.0,0.0,0.0,0.0
2026-07-09T15:17:59,ERR,ERR,ERR,ERR,ERR,ERR,ERR,ERR,ERR,ERR,ERR,ERR,ERR,ERR,ERR,ERR,ERR,ERR,ERR,ERR,ERR,ERR,ERR,ERR,ERR,ERR,ERR,ERR,ERR,ERR,ERR,ERR,ERR,ERR,ERR,ERR,ERR,ERR,ERR,ERR,ERR,ERR,ERR,ERR,ERR,ERR,ERR,ERR,ERR,ERR,ERR,ERR,ERR,ERR,ERR,ERR,ERR,ERR,ERR,ERR,ERR,ERR,ERR,ERR,ERR,ERR,ERR,ERR,ERR,ERR,ERR,ERR,ERR,ERR,ERR,ERR,ERR,ERR,ERR,ERR,ERR,ERR,ERR,ERR,ERR,ERR,ERR,ERR,ERR,ERR,ERR,ERR,ERR,ERR,ERR,ERR,ERR,ERR,ERR,ERR,ERR,ERR,ERR,ERR,ERR,ERR,ERR,ERR,ERR,ERR,ERR,ERR,ERR,ERR,ERR,ERR,ERR,ERR,ERR,ERR,ERR,ERR,ERR,ERR,ERR,-0.0,2.7184455132508097e+23,0.0,2.718366610185338e+23,0.0,-2.9308986823603557e+23,3.536447939490611e+16,-3.511967875208171e+26,0,0,4,17427,7116,0.0,100,0.0,0.0,2.718366610185338e+23,0.0,0.0,0,0,0,0,0.0,0,0,0,0,0,0,0,0,0,0,0,0,0,0,0,0,0,0,0,0,0,0,0,0,0,0,0,0,0,0,0,0,0,31,40,40,71,65476,0,300,0,0,8,21553,0.0,-107605600.0,0.0,0.0,0.0,0.0,0.0,0.0,0.0,0.0,0.0,0.0,0.0,0.0,0.0,0.0,0.0,0.0,0.0,0.0,0.0,0.0,0.0,-2.004,0.0,0.0,0.0,0.0,0.0,0.0,5066.0,-1.04066562844498e+34,6943.0,-0.0,2.7184455132508097e+23,2.004,2.004,0.0,0.0,0.0,0.0,69,-71.629,-0.0,0.0,0.0,0.0,0.0,0.0,0.0,0.0,0,0,0,0.0,0.0,0.0,0.0,0.0,0.0,0.0,0.0,0.0,0.0,0.0,0.0,0.0,0.0,0.0,0.0,0,-107875648.0,69,0.0,138,0.0,2.012,ERR,ERR,ERR,ERR,ERR,ERR,ERR,ERR,ERR,ERR,ERR,ERR,ERR,ERR,ERR,ERR,ERR,ERR,ERR,ERR,ERR,ERR,ERR,ERR,ERR,ERR,ERR,ERR,ERR,ERR,ERR,ERR,ERR,ERR,ERR,ERR,ERR,ERR,ERR,ERR,ERR,ERR,ERR,ERR,ERR,ERR,ERR,ERR,ERR,ERR,ERR,ERR,ERR,ERR,ERR,ERR,ERR,ERR,ERR,ERR,ERR,ERR,ERR,ERR,ERR,ERR,ERR,60.0,60.0,35,0.0,0.0,0.0,0.0,0.0,0.0,0.0,0.0,0.0,0.0,0.0,0.0,0.0,0.0,0.0,0.0,65.2,0,117,57,41,65476,0,300,0,0,8,20529,65476,0,0,2621,60.0,0.0,0.0,0.0,0.0,0.0
2026-07-09T15:18:00,ERR,ERR,ERR,ERR,ERR,ERR,ERR,ERR,ERR,ERR,ERR,ERR,ERR,ERR,ERR,ERR,ERR,ERR,ERR,ERR,ERR,ERR,ERR,ERR,ERR,ERR,ERR,ERR,ERR,ERR,ERR,ERR,ERR,ERR,ERR,ERR,ERR,ERR,ERR,ERR,ERR,ERR,ERR,ERR,ERR,ERR,ERR,ERR,ERR,ERR,ERR,ERR,ERR,ERR,ERR,ERR,ERR,ERR,ERR,ERR,ERR,ERR,ERR,ERR,ERR,ERR,ERR,ERR,ERR,ERR,ERR,ERR,ERR,ERR,ERR,ERR,ERR,ERR,ERR,ERR,ERR,ERR,ERR,ERR,ERR,ERR,ERR,ERR,ERR,ERR,ERR,ERR,ERR,ERR,ERR,ERR,ERR,ERR,ERR,ERR,ERR,ERR,ERR,ERR,ERR,ERR,ERR,ERR,ERR,ERR,ERR,ERR,ERR,ERR,ERR,ERR,ERR,ERR,ERR,ERR,ERR,ERR,ERR,ERR,ERR,-0.0,2.7184455132508097e+23,0.0,2.718366610185338e+23,0.0,-2.9308986823603557e+23,3.536447939490611e+16,-3.511967875208171e+26,0,0,4,17427,7116,0.0,100,0.0,0.0,2.718366610185338e+23,0.0,0.0,0,0,0,0,0.0,0,0,0,0,0,0,0,0,0,0,0,0,0,0,0,0,0,0,0,0,0,0,0,0,0,0,0,0,0,0,0,0,0,31,40,40,71,65476,0,300,0,0,8,21553,0.0,-107605600.0,0.0,0.0,0.0,0.0,0.0,0.0,0.0,0.0,0.0,0.0,0.0,0.0,0.0,0.0,0.0,0.0,0.0,0.0,0.0,0.0,0.0,-2.004,0.0,0.0,0.0,0.0,0.0,0.0,5066.0,-1.04066562844498e+34,6943.0,-0.0,2.7184455132508097e+23,2.004,2.004,0.0,0.0,0.0,0.0,69,-71.629,-0.0,0.0,0.0,0.0,0.0,0.0,0.0,0.0,0,0,0,0.0,0.0,0.0,0.0,0.0,0.0,0.0,0.0,0.0,0.0,0.0,0.0,0.0,0.0,0.0,0.0,0,-107875648.0,69,0.0,138,0.0,2.012,ERR,ERR,ERR,ERR,ERR,ERR,ERR,ERR,ERR,ERR,ERR,ERR,ERR,ERR,ERR,ERR,ERR,ERR,ERR,ERR,ERR,ERR,ERR,ERR,ERR,ERR,ERR,ERR,ERR,ERR,ERR,ERR,ERR,ERR,ERR,ERR,ERR,ERR,ERR,ERR,ERR,ERR,ERR,ERR,ERR,ERR,ERR,ERR,ERR,ERR,ERR,ERR,ERR,ERR,ERR,ERR,ERR,ERR,ERR,ERR,ERR,ERR,ERR,ERR,ERR,ERR,ERR,60.0,60.0,35,0.0,0.0,0.0,0.0,0.0,0.0,0.0,0.0,0.0,0.0,0.0,0.0,0.0,0.0,0.0,0.0,65.2,0,117,57,41,65476,0,300,0,0,8,20529,65476,0,0,2621,60.0,0.0,0.0,0.0,0.0,0.0
2026-07-09T15:18:01,ERR,ERR,ERR,ERR,ERR,ERR,ERR,ERR,ERR,ERR,ERR,ERR,ERR,ERR,ERR,ERR,ERR,ERR,ERR,ERR,ERR,ERR,ERR,ERR,ERR,ERR,ERR,ERR,ERR,ERR,ERR,ERR,ERR,ERR,ERR,ERR,ERR,ERR,ERR,ERR,ERR,ERR,ERR,ERR,ERR,ERR,ERR,ERR,ERR,ERR,ERR,ERR,ERR,ERR,ERR,ERR,ERR,ERR,ERR,ERR,ERR,ERR,ERR,ERR,ERR,ERR,ERR,ERR,ERR,ERR,ERR,ERR,ERR,ERR,ERR,ERR,ERR,ERR,ERR,ERR,ERR,ERR,ERR,ERR,ERR,ERR,ERR,ERR,ERR,ERR,ERR,ERR,ERR,ERR,ERR,ERR,ERR,ERR,ERR,ERR,ERR,ERR,ERR,ERR,ERR,ERR,ERR,ERR,ERR,ERR,ERR,ERR,ERR,ERR,ERR,ERR,ERR,ERR,ERR,ERR,ERR,ERR,ERR,ERR,ERR,-0.0,2.7184455132508097e+23,0.0,0.0,1.325507441273246e+36,-1.0506387757260079e+20,48455405797376.0,0.0,0,0,4,17426,7116,0.0,100,0.0,0.0,0.0,0.0,0.0,0,0,0,0,0.0,0,0,0,0,0,0,0,0,0,0,0,0,0,0,0,0,0,0,0,0,0,0,0,0,0,0,0,0,0,0,0,0,0,31,40,40,71,65476,0,300,0,0,8,21553,0.0,-107605600.0,0.0,0.0,0.0,0.0,0.0,0.0,0.0,0.0,0.0,0.0,0.0,0.0,0.0,0.0,0.0,0.0,0.0,0.0,0.0,0.0,0.0,-0.0,0.0,0.0,0.0,0.0,0.0,0.0,5094.0,564146034704384.0,6923.0,-0.0,0.0,2.004,2.004,0.0,0.0,0.0,0.0,69,-0.0,0.0,0.0,0.0,0.0,0.0,0.0,0.0,0.0,0,0,0,0.0,0.0,0.0,0.0,0.0,0.0,0.0,0.0,0.0,0.0,0.0,0.0,0.0,0.0,0.0,0.0,0,-107875648.0,69,0.0,138,0.0,2.012,ERR,ERR,ERR,ERR,ERR,ERR,ERR,ERR,ERR,ERR,ERR,ERR,ERR,ERR,ERR,ERR,ERR,ERR,ERR,ERR,ERR,ERR,ERR,ERR,ERR,ERR,ERR,ERR,ERR,ERR,ERR,ERR,ERR,ERR,ERR,ERR,ERR,ERR,ERR,ERR,ERR,ERR,ERR,ERR,ERR,ERR,ERR,ERR,ERR,ERR,ERR,ERR,ERR,ERR,ERR,ERR,ERR,ERR,ERR,ERR,ERR,ERR,ERR,ERR,ERR,ERR,ERR,60.0,60.0,35,0.0,0.0,0.0,0.0,0.0,0.0,0.0,0.0,0.0,0.0,0.0,0.0,0.0,0.0,0.0,0.0,65.2,0,117,57,41,65476,0,300,0,0,8,20529,65476,0,0,2621,60.0,0.0,0.0,0.0,0.0,0.0
2026-07-09T15:18:02,ERR,ERR,ERR,ERR,ERR,ERR,ERR,ERR,ERR,ERR,ERR,ERR,ERR,ERR,ERR,ERR,ERR,ERR,ERR,ERR,ERR,ERR,ERR,ERR,ERR,ERR,ERR,ERR,ERR,ERR,ERR,ERR,ERR,ERR,ERR,ERR,ERR,ERR,ERR,ERR,ERR,ERR,ERR,ERR,ERR,ERR,ERR,ERR,ERR,ERR,ERR,ERR,ERR,ERR,ERR,ERR,ERR,ERR,ERR,ERR,ERR,ERR,ERR,ERR,ERR,ERR,ERR,ERR,ERR,ERR,ERR,ERR,ERR,ERR,ERR,ERR,ERR,ERR,ERR,ERR,ERR,ERR,ERR,ERR,ERR,ERR,ERR,ERR,ERR,ERR,ERR,ERR,ERR,ERR,ERR,ERR,ERR,ERR,ERR,ERR,ERR,ERR,ERR,ERR,ERR,ERR,ERR,ERR,ERR,ERR,ERR,ERR,ERR,ERR,ERR,ERR,ERR,ERR,ERR,ERR,ERR,ERR,ERR,ERR,ERR,-0.0,2.7184455132508097e+23,0.0,0.0,1.325507441273246e+36,-1.0506387757260079e+20,48455405797376.0,0.0,0,0,4,17426,7116,0.0,100,0.0,0.0,0.0,0.0,0.0,0,0,0,0,0.0,0,0,0,0,0,0,0,0,0,0,0,0,0,0,0,0,0,0,0,0,0,0,0,0,0,0,0,0,0,0,0,0,0,31,40,40,71,65476,0,300,0,0,8,21553,0.0,-107605600.0,0.0,0.0,0.0,0.0,0.0,0.0,0.0,0.0,0.0,0.0,0.0,0.0,0.0,0.0,0.0,0.0,0.0,0.0,0.0,0.0,0.0,-0.0,0.0,0.0,0.0,0.0,0.0,0.0,5094.0,564146034704384.0,6923.0,-0.0,0.0,2.004,2.004,0.0,0.0,0.0,0.0,69,-0.0,0.0,0.0,0.0,0.0,0.0,0.0,0.0,0.0,0,0,0,0.0,0.0,0.0,0.0,0.0,0.0,0.0,0.0,0.0,0.0,0.0,0.0,0.0,0.0,0.0,0.0,0,-107875648.0,69,0.0,138,0.0,2.012,ERR,ERR,ERR,ERR,ERR,ERR,ERR,ERR,ERR,ERR,ERR,ERR,ERR,ERR,ERR,ERR,ERR,ERR,ERR,ERR,ERR,ERR,ERR,ERR,ERR,ERR,ERR,ERR,ERR,ERR,ERR,ERR,ERR,ERR,ERR,ERR,ERR,ERR,ERR,ERR,ERR,ERR,ERR,ERR,ERR,ERR,ERR,ERR,ERR,ERR,ERR,ERR,ERR,ERR,ERR,ERR,ERR,ERR,ERR,ERR,ERR,ERR,ERR,ERR,ERR,ERR,ERR,60.0,60.0,35,0.0,0.0,0.0,0.0,0.0,0.0,0.0,0.0,0.0,0.0,0.0,0.0,0.0,0.0,0.0,0.0,65.2,0,117,57,42,65476,0,300,0,0,8,20529,65476,0,0,2621,60.0,0.0,0.0,0.0,0.0,0.0
2026-07-09T15:18:03,ERR,ERR,ERR,ERR,ERR,ERR,ERR,ERR,ERR,ERR,ERR,ERR,ERR,ERR,ERR,ERR,ERR,ERR,ERR,ERR,ERR,ERR,ERR,ERR,ERR,ERR,ERR,ERR,ERR,ERR,ERR,ERR,ERR,ERR,ERR,ERR,ERR,ERR,ERR,ERR,ERR,ERR,ERR,ERR,ERR,ERR,ERR,ERR,ERR,ERR,ERR,ERR,ERR,ERR,ERR,ERR,ERR,ERR,ERR,ERR,ERR,ERR,ERR,ERR,ERR,ERR,ERR,ERR,ERR,ERR,ERR,ERR,ERR,ERR,ERR,ERR,ERR,ERR,ERR,ERR,ERR,ERR,ERR,ERR,ERR,ERR,ERR,ERR,ERR,ERR,ERR,ERR,ERR,ERR,ERR,ERR,ERR,ERR,ERR,ERR,ERR,ERR,ERR,ERR,ERR,ERR,ERR,ERR,ERR,ERR,ERR,ERR,ERR,ERR,ERR,ERR,ERR,ERR,ERR,ERR,ERR,ERR,ERR,ERR,ERR,-0.0,2.7184455132508097e+23,0.0,0.0,1.325507441273246e+36,-1.0506387757260079e+20,48455405797376.0,0.0,0,0,4,17426,7116,0.0,100,0.0,0.0,0.0,0.0,0.0,0,0,0,0,0.0,0,0,0,0,0,0,0,0,0,0,0,0,0,0,0,0,0,0,0,0,0,0,0,0,0,0,0,0,0,0,0,0,0,31,40,40,71,65476,0,300,0,0,8,21553,0.0,-107605600.0,0.0,0.0,0.0,0.0,0.0,0.0,0.0,0.0,0.0,0.0,0.0,0.0,0.0,0.0,0.0,0.0,0.0,0.0,0.0,0.0,0.0,-0.0,0.0,0.0,0.0,0.0,0.0,0.0,5094.0,564146034704384.0,6923.0,-0.0,0.0,2.004,2.004,0.0,0.0,0.0,0.0,69,-0.0,0.0,0.0,0.0,0.0,0.0,0.0,0.0,0.0,0,0,0,0.0,0.0,0.0,0.0,0.0,0.0,0.0,0.0,0.0,0.0,0.0,0.0,0.0,0.0,0.0,0.0,0,-107875648.0,69,0.0,138,0.0,2.012,ERR,ERR,ERR,ERR,ERR,ERR,ERR,ERR,ERR,ERR,ERR,ERR,ERR,ERR,ERR,ERR,ERR,ERR,ERR,ERR,ERR,ERR,ERR,ERR,ERR,ERR,ERR,ERR,ERR,ERR,ERR,ERR,ERR,ERR,ERR,ERR,ERR,ERR,ERR,ERR,ERR,ERR,ERR,ERR,ERR,ERR,ERR,ERR,ERR,ERR,ERR,ERR,ERR,ERR,ERR,ERR,ERR,ERR,ERR,ERR,ERR,ERR,ERR,ERR,ERR,ERR,ERR,60.0,60.0,35,0.0,0.0,0.0,0.0,0.0,0.0,0.0,0.0,0.0,0.0,0.0,0.0,0.0,0.0,0.0,0.0,65.2,0,118,57,42,65476,0,300,0,0,8,20529,65476,0,0,2621,60.0,0.0,0.0,0.0,0.0,0.0
2026-07-09T15:18:04,ERR,ERR,ERR,ERR,ERR,ERR,ERR,ERR,ERR,ERR,ERR,ERR,ERR,ERR,ERR,ERR,ERR,ERR,ERR,ERR,ERR,ERR,ERR,ERR,ERR,ERR,ERR,ERR,ERR,ERR,ERR,ERR,ERR,ERR,ERR,ERR,ERR,ERR,ERR,ERR,ERR,ERR,ERR,ERR,ERR,ERR,ERR,ERR,ERR,ERR,ERR,ERR,ERR,ERR,ERR,ERR,ERR,ERR,ERR,ERR,ERR,ERR,ERR,ERR,ERR,ERR,ERR,ERR,ERR,ERR,ERR,ERR,ERR,ERR,ERR,ERR,ERR,ERR,ERR,ERR,ERR,ERR,ERR,ERR,ERR,ERR,ERR,ERR,ERR,ERR,ERR,ERR,ERR,ERR,ERR,ERR,ERR,ERR,ERR,ERR,ERR,ERR,ERR,ERR,ERR,ERR,ERR,ERR,ERR,ERR,ERR,ERR,ERR,ERR,ERR,ERR,ERR,ERR,ERR,ERR,ERR,ERR,ERR,ERR,ERR,-0.0,2.7184455132508097e+23,0.0,0.0,1.325507441273246e+36,-1.0506387757260079e+20,48455405797376.0,0.0,0,0,4,17426,7116,0.0,100,0.0,0.0,0.0,0.0,0.0,0,0,0,0,0.0,0,0,0,0,0,0,0,0,0,0,0,0,0,0,0,0,0,0,0,0,0,0,0,0,0,0,0,0,0,0,0,0,0,31,40,40,71,65476,0,300,0,0,8,21553,0.0,-107605600.0,0.0,0.0,0.0,0.0,0.0,0.0,0.0,0.0,0.0,0.0,0.0,0.0,0.0,0.0,0.0,0.0,0.0,0.0,0.0,0.0,0.0,-0.0,0.0,0.0,0.0,0.0,0.0,0.0,5094.0,564146034704384.0,6923.0,-0.0,0.0,2.004,2.004,0.0,0.0,0.0,0.0,69,-0.0,0.0,0.0,0.0,0.0,0.0,0.0,0.0,0.0,0,0,0,0.0,0.0,0.0,0.0,0.0,0.0,0.0,0.0,0.0,0.0,0.0,0.0,0.0,0.0,0.0,0.0,0,-107875648.0,69,0.0,138,0.0,2.012,ERR,ERR,ERR,ERR,ERR,ERR,ERR,ERR,ERR,ERR,ERR,ERR,ERR,ERR,ERR,ERR,ERR,ERR,ERR,ERR,ERR,ERR,ERR,ERR,ERR,ERR,ERR,ERR,ERR,ERR,ERR,ERR,ERR,ERR,ERR,ERR,ERR,ERR,ERR,ERR,ERR,ERR,ERR,ERR,ERR,ERR,ERR,ERR,ERR,ERR,ERR,ERR,ERR,ERR,ERR,ERR,ERR,ERR,ERR,ERR,ERR,ERR,ERR,ERR,ERR,ERR,ERR,60.0,60.0,35,0.0,0.0,0.0,0.0,0.0,0.0,0.0,0.0,0.0,0.0,0.0,0.0,0.0,0.0,0.0,0.0,65.2,0,118,57,42,65476,0,300,0,0,8,20529,65476,0,0,2621,60.0,0.0,0.0,0.0,0.0,0.0
2026-07-09T15:18:05,ERR,ERR,ERR,ERR,ERR,ERR,ERR,ERR,ERR,ERR,ERR,ERR,ERR,ERR,ERR,ERR,ERR,ERR,ERR,ERR,ERR,ERR,ERR,ERR,ERR,ERR,ERR,ERR,ERR,ERR,ERR,ERR,ERR,ERR,ERR,ERR,ERR,ERR,ERR,ERR,ERR,ERR,ERR,ERR,ERR,ERR,ERR,ERR,ERR,ERR,ERR,ERR,ERR,ERR,ERR,ERR,ERR,ERR,ERR,ERR,ERR,ERR,ERR,ERR,ERR,ERR,ERR,ERR,ERR,ERR,ERR,ERR,ERR,ERR,ERR,ERR,ERR,ERR,ERR,ERR,ERR,ERR,ERR,ERR,ERR,ERR,ERR,ERR,ERR,ERR,ERR,ERR,ERR,ERR,ERR,ERR,ERR,ERR,ERR,ERR,ERR,ERR,ERR,ERR,ERR,ERR,ERR,ERR,ERR,ERR,ERR,ERR,ERR,ERR,ERR,ERR,ERR,ERR,ERR,ERR,ERR,ERR,ERR,ERR,ERR,-0.0,2.7184455132508097e+23,0.0,0.0,1.325507441273246e+36,-1.0506387757260079e+20,48455405797376.0,0.0,0,0,4,17426,7116,0.0,100,0.0,0.0,0.0,0.0,0.0,0,0,0,0,0.0,0,0,0,0,0,0,0,0,0,0,0,0,0,0,0,0,0,0,0,0,0,0,0,0,0,0,0,0,0,0,0,0,0,31,40,40,71,65476,0,300,0,0,8,21553,0.0,-107605600.0,0.0,0.0,0.0,0.0,0.0,0.0,0.0,0.0,0.0,0.0,0.0,0.0,0.0,0.0,0.0,0.0,0.0,0.0,0.0,0.0,0.0,-0.0,0.0,0.0,0.0,0.0,0.0,0.0,5094.0,564146034704384.0,6923.0,-0.0,0.0,2.004,2.004,0.0,0.0,0.0,0.0,69,-0.0,0.0,0.0,0.0,0.0,0.0,0.0,0.0,0.0,0,0,0,0.0,0.0,0.0,0.0,0.0,0.0,0.0,0.0,0.0,0.0,0.0,0.0,0.0,0.0,0.0,0.0,0,-107875648.0,69,0.0,138,0.0,2.012,ERR,ERR,ERR,ERR,ERR,ERR,ERR,ERR,ERR,ERR,ERR,ERR,ERR,ERR,ERR,ERR,ERR,ERR,ERR,ERR,ERR,ERR,ERR,ERR,ERR,ERR,ERR,ERR,ERR,ERR,ERR,ERR,ERR,ERR,ERR,ERR,ERR,ERR,ERR,ERR,ERR,ERR,ERR,ERR,ERR,ERR,ERR,ERR,ERR,ERR,ERR,ERR,ERR,ERR,ERR,ERR,ERR,ERR,ERR,ERR,ERR,ERR,ERR,ERR,ERR,ERR,ERR,60.0,60.0,35,0.0,0.0,0.0,0.0,0.0,0.0,0.0,0.0,0.0,0.0,0.0,0.0,0.0,0.0,0.0,0.0,65.2,0,118,57,42,65476,0,300,0,0,8,20529,65476,0,0,2621,60.0,0.0,0.0,0.0,0.0,0.0
2026-07-09T15:18:06,ERR,ERR,ERR,ERR,ERR,ERR,ERR,ERR,ERR,ERR,ERR,ERR,ERR,ERR,ERR,ERR,ERR,ERR,ERR,ERR,ERR,ERR,ERR,ERR,ERR,ERR,ERR,ERR,ERR,ERR,ERR,ERR,ERR,ERR,ERR,ERR,ERR,ERR,ERR,ERR,ERR,ERR,ERR,ERR,ERR,ERR,ERR,ERR,ERR,ERR,ERR,ERR,ERR,ERR,ERR,ERR,ERR,ERR,ERR,ERR,ERR,ERR,ERR,ERR,ERR,ERR,ERR,ERR,ERR,ERR,ERR,ERR,ERR,ERR,ERR,ERR,ERR,ERR,ERR,ERR,ERR,ERR,ERR,ERR,ERR,ERR,ERR,ERR,ERR,ERR,ERR,ERR,ERR,ERR,ERR,ERR,ERR,ERR,ERR,ERR,ERR,ERR,ERR,ERR,ERR,ERR,ERR,ERR,ERR,ERR,ERR,ERR,ERR,ERR,ERR,ERR,ERR,ERR,ERR,ERR,ERR,ERR,ERR,ERR,ERR,0.0,0.0,0.0,0.0,1.3321714804786458e+36,-4618187207344128.0,11829933056.0,0.0,0,0,4,17425,7116,0.0,100,0.0,0.0,0.0,0.0,0.0,0,0,0,0,0.0,0,0,0,0,0,0,0,0,0,0,0,0,0,0,0,0,0,0,0,0,0,0,0,0,0,0,0,0,0,0,0,0,0,31,40,40,71,65476,0,300,0,0,8,21553,0.0,-107605600.0,0.0,0.0,0.0,0.0,0.0,0.0,0.0,0.0,0.0,0.0,0.0,0.0,0.0,0.0,0.0,0.0,0.0,0.0,0.0,0.0,-2.004,-0.0,0.0,0.0,0.0,0.0,0.0,0.0,5101.0,-2.004,6936.0,0.0,0.0,2.004,2.004,0.0,0.0,0.0,0.0,69,-2.3088276994979896e+20,4.0668551691718284e+29,0.0,0.0,0.0,0.0,0.0,0.0,0.0,0,0,0,0.0,0.0,0.0,0.0,0.0,0.0,0.0,0.0,0.0,0.0,0.0,0.0,0.0,0.0,0.0,0.0,0,-107875648.0,69,0.0,138,0.0,2.012,ERR,ERR,ERR,ERR,ERR,ERR,ERR,ERR,ERR,ERR,ERR,ERR,ERR,ERR,ERR,ERR,ERR,ERR,ERR,ERR,ERR,ERR,ERR,ERR,ERR,ERR,ERR,ERR,ERR,ERR,ERR,ERR,ERR,ERR,ERR,ERR,ERR,ERR,ERR,ERR,ERR,ERR,ERR,ERR,ERR,ERR,ERR,ERR,ERR,ERR,ERR,ERR,ERR,ERR,ERR,ERR,ERR,ERR,ERR,ERR,ERR,ERR,ERR,ERR,ERR,ERR,ERR,60.0,60.0,35,0.0,0.0,0.0,0.0,0.0,0.0,0.0,0.0,0.0,0.0,0.0,0.0,0.0,0.0,0.0,0.0,65.2,0,118,57,42,65476,0,300,0,0,8,20529,65476,0,0,2621,60.0,0.0,0.0,0.0,0.0,0.0
2026-07-09T15:18:07,ERR,ERR,ERR,ERR,ERR,ERR,ERR,ERR,ERR,ERR,ERR,ERR,ERR,ERR,ERR,ERR,ERR,ERR,ERR,ERR,ERR,ERR,ERR,ERR,ERR,ERR,ERR,ERR,ERR,ERR,ERR,ERR,ERR,ERR,ERR,ERR,ERR,ERR,ERR,ERR,ERR,ERR,ERR,ERR,ERR,ERR,ERR,ERR,ERR,ERR,ERR,ERR,ERR,ERR,ERR,ERR,ERR,ERR,ERR,ERR,ERR,ERR,ERR,ERR,ERR,ERR,ERR,ERR,ERR,ERR,ERR,ERR,ERR,ERR,ERR,ERR,ERR,ERR,ERR,ERR,ERR,ERR,ERR,ERR,ERR,ERR,ERR,ERR,ERR,ERR,ERR,ERR,ERR,ERR,ERR,ERR,ERR,ERR,ERR,ERR,ERR,ERR,ERR,ERR,ERR,ERR,ERR,ERR,ERR,ERR,ERR,ERR,ERR,ERR,ERR,ERR,ERR,ERR,ERR,ERR,ERR,ERR,ERR,ERR,ERR,0.0,0.0,0.0,0.0,1.3321714804786458e+36,-4618187207344128.0,11829933056.0,0.0,0,0,4,17425,7116,0.0,100,0.0,0.0,0.0,0.0,0.0,0,0,0,0,0.0,0,0,0,0,0,0,0,0,0,0,0,0,0,0,0,0,0,0,0,0,0,0,0,0,0,0,0,0,0,0,0,0,0,31,40,40,71,65476,0,300,0,0,8,21553,0.0,-107605600.0,0.0,0.0,0.0,0.0,0.0,0.0,0.0,0.0,0.0,0.0,0.0,0.0,0.0,0.0,0.0,0.0,0.0,0.0,0.0,0.0,-2.004,-0.0,0.0,0.0,0.0,0.0,0.0,0.0,5101.0,-2.004,6936.0,0.0,0.0,2.004,2.004,0.0,0.0,0.0,0.0,69,-2.3088276994979896e+20,4.0668551691718284e+29,0.0,0.0,0.0,0.0,0.0,0.0,0.0,0,0,0,0.0,0.0,0.0,0.0,0.0,0.0,0.0,0.0,0.0,0.0,0.0,0.0,0.0,0.0,0.0,0.0,0,-107875648.0,69,0.0,138,0.0,2.012,ERR,ERR,ERR,ERR,ERR,ERR,ERR,ERR,ERR,ERR,ERR,ERR,ERR,ERR,ERR,ERR,ERR,ERR,ERR,ERR,ERR,ERR,ERR,ERR,ERR,ERR,ERR,ERR,ERR,ERR,ERR,ERR,ERR,ERR,ERR,ERR,ERR,ERR,ERR,ERR,ERR,ERR,ERR,ERR,ERR,ERR,ERR,ERR,ERR,ERR,ERR,ERR,ERR,ERR,ERR,ERR,ERR,ERR,ERR,ERR,ERR,ERR,ERR,ERR,ERR,ERR,ERR,60.0,60.0,35,0.0,0.0,0.0,0.0,0.0,0.0,0.0,0.0,0.0,0.0,0.0,0.0,0.0,0.0,0.0,0.0,65.2,0,118,57,42,65476,0,300,0,0,8,20529,65476,0,0,2621,60.0,0.0,0.0,0.0,0.0,0.0
2026-07-09T15:18:08,ERR,ERR,ERR,ERR,ERR,ERR,ERR,ERR,ERR,ERR,ERR,ERR,ERR,ERR,ERR,ERR,ERR,ERR,ERR,ERR,ERR,ERR,ERR,ERR,ERR,ERR,ERR,ERR,ERR,ERR,ERR,ERR,ERR,ERR,ERR,ERR,ERR,ERR,ERR,ERR,ERR,ERR,ERR,ERR,ERR,ERR,ERR,ERR,ERR,ERR,ERR,ERR,ERR,ERR,ERR,ERR,ERR,ERR,ERR,ERR,ERR,ERR,ERR,ERR,ERR,ERR,ERR,ERR,ERR,ERR,ERR,ERR,ERR,ERR,ERR,ERR,ERR,ERR,ERR,ERR,ERR,ERR,ERR,ERR,ERR,ERR,ERR,ERR,ERR,ERR,ERR,ERR,ERR,ERR,ERR,ERR,ERR,ERR,ERR,ERR,ERR,ERR,ERR,ERR,ERR,ERR,ERR,ERR,ERR,ERR,ERR,ERR,ERR,ERR,ERR,ERR,ERR,ERR,ERR,ERR,ERR,ERR,ERR,ERR,ERR,0.0,0.0,0.0,0.0,1.3321714804786458e+36,-4618187207344128.0,11829933056.0,0.0,0,0,4,17425,7116,0.0,100,0.0,0.0,0.0,0.0,0.0,0,0,0,0,0.0,0,0,0,0,0,0,0,0,0,0,0,0,0,0,0,0,0,0,0,0,0,0,0,0,0,0,0,0,0,0,0,0,0,31,40,40,71,65476,0,300,0,0,8,21553,0.0,-107605600.0,0.0,0.0,0.0,0.0,0.0,0.0,0.0,0.0,0.0,0.0,0.0,0.0,0.0,0.0,0.0,0.0,0.0,0.0,0.0,0.0,-2.004,-0.0,0.0,0.0,0.0,0.0,0.0,0.0,5101.0,-2.004,6936.0,0.0,0.0,2.004,2.004,0.0,0.0,0.0,0.0,69,-2.3088276994979896e+20,4.0668551691718284e+29,0.0,0.0,0.0,0.0,0.0,0.0,0.0,0,0,0,0.0,0.0,0.0,0.0,0.0,0.0,0.0,0.0,0.0,0.0,0.0,0.0,0.0,0.0,0.0,0.0,0,-107875648.0,69,0.0,138,0.0,2.012,ERR,ERR,ERR,ERR,ERR,ERR,ERR,ERR,ERR,ERR,ERR,ERR,ERR,ERR,ERR,ERR,ERR,ERR,ERR,ERR,ERR,ERR,ERR,ERR,ERR,ERR,ERR,ERR,ERR,ERR,ERR,ERR,ERR,ERR,ERR,ERR,ERR,ERR,ERR,ERR,ERR,ERR,ERR,ERR,ERR,ERR,ERR,ERR,ERR,ERR,ERR,ERR,ERR,ERR,ERR,ERR,ERR,ERR,ERR,ERR,ERR,ERR,ERR,ERR,ERR,ERR,ERR,60.0,60.0,35,0.0,0.0,0.0,0.0,0.0,0.0,0.0,0.0,0.0,0.0,0.0,0.0,0.0,0.0,0.0,0.0,65.2,0,118,57,42,65476,0,300,0,0,8,20529,65476,0,0,2621,60.0,0.0,0.0,0.0,0.0,0.0
2026-07-09T15:18:09,ERR,ERR,ERR,ERR,ERR,ERR,ERR,ERR,ERR,ERR,ERR,ERR,ERR,ERR,ERR,ERR,ERR,ERR,ERR,ERR,ERR,ERR,ERR,ERR,ERR,ERR,ERR,ERR,ERR,ERR,ERR,ERR,ERR,ERR,ERR,ERR,ERR,ERR,ERR,ERR,ERR,ERR,ERR,ERR,ERR,ERR,ERR,ERR,ERR,ERR,ERR,ERR,ERR,ERR,ERR,ERR,ERR,ERR,ERR,ERR,ERR,ERR,ERR,ERR,ERR,ERR,ERR,ERR,ERR,ERR,ERR,ERR,ERR,ERR,ERR,ERR,ERR,ERR,ERR,ERR,ERR,ERR,ERR,ERR,ERR,ERR,ERR,ERR,ERR,ERR,ERR,ERR,ERR,ERR,ERR,ERR,ERR,ERR,ERR,ERR,ERR,ERR,ERR,ERR,ERR,ERR,ERR,ERR,ERR,ERR,ERR,ERR,ERR,ERR,ERR,ERR,ERR,ERR,ERR,ERR,ERR,ERR,ERR,ERR,ERR,0.0,0.0,0.0,0.0,1.3321714804786458e+36,-4618187207344128.0,11829933056.0,0.0,0,0,4,17425,7116,0.0,100,0.0,0.0,0.0,0.0,0.0,0,0,0,0,0.0,0,0,0,0,0,0,0,0,0,0,0,0,0,0,0,0,0,0,0,0,0,0,0,0,0,0,0,0,0,0,0,0,0,31,40,40,71,65476,0,300,0,0,8,21553,0.0,-107605600.0,0.0,0.0,0.0,0.0,0.0,0.0,0.0,0.0,0.0,0.0,0.0,0.0,0.0,0.0,0.0,0.0,0.0,0.0,0.0,0.0,-2.004,-0.0,0.0,0.0,0.0,0.0,0.0,0.0,5101.0,-2.004,6936.0,0.0,0.0,2.004,2.004,0.0,0.0,0.0,0.0,69,-2.3088276994979896e+20,4.0668551691718284e+29,0.0,0.0,0.0,0.0,0.0,0.0,0.0,0,0,0,0.0,0.0,0.0,0.0,0.0,0.0,0.0,0.0,0.0,0.0,0.0,0.0,0.0,0.0,0.0,0.0,0,-107875648.0,69,0.0,138,0.0,2.012,ERR,ERR,ERR,ERR,ERR,ERR,ERR,ERR,ERR,ERR,ERR,ERR,ERR,ERR,ERR,ERR,ERR,ERR,ERR,ERR,ERR,ERR,ERR,ERR,ERR,ERR,ERR,ERR,ERR,ERR,ERR,ERR,ERR,ERR,ERR,ERR,ERR,ERR,ERR,ERR,ERR,ERR,ERR,ERR,ERR,ERR,ERR,ERR,ERR,ERR,ERR,ERR,ERR,ERR,ERR,ERR,ERR,ERR,ERR,ERR,ERR,ERR,ERR,ERR,ERR,ERR,ERR,60.0,60.0,35,0.0,0.0,0.0,0.0,0.0,0.0,0.0,0.0,0.0,0.0,0.0,0.0,0.0,0.0,0.0,0.0,65.2,0,118,57,42,65476,0,300,0,0,8,20529,65476,0,0,2621,60.0,0.0,0.0,0.0,0.0,0.0
2026-07-09T15:18:10,ERR,ERR,ERR,ERR,ERR,ERR,ERR,ERR,ERR,ERR,ERR,ERR,ERR,ERR,ERR,ERR,ERR,ERR,ERR,ERR,ERR,ERR,ERR,ERR,ERR,ERR,ERR,ERR,ERR,ERR,ERR,ERR,ERR,ERR,ERR,ERR,ERR,ERR,ERR,ERR,ERR,ERR,ERR,ERR,ERR,ERR,ERR,ERR,ERR,ERR,ERR,ERR,ERR,ERR,ERR,ERR,ERR,ERR,ERR,ERR,ERR,ERR,ERR,ERR,ERR,ERR,ERR,ERR,ERR,ERR,ERR,ERR,ERR,ERR,ERR,ERR,ERR,ERR,ERR,ERR,ERR,ERR,ERR,ERR,ERR,ERR,ERR,ERR,ERR,ERR,ERR,ERR,ERR,ERR,ERR,ERR,ERR,ERR,ERR,ERR,ERR,ERR,ERR,ERR,ERR,ERR,ERR,ERR,ERR,ERR,ERR,ERR,ERR,ERR,ERR,ERR,ERR,ERR,ERR,ERR,ERR,ERR,ERR,ERR,ERR,0.0,0.0,0.0,0.0,1.3321714804786458e+36,-4618187207344128.0,11829933056.0,0.0,0,0,4,17425,7116,0.0,100,0.0,0.0,0.0,0.0,0.0,0,0,0,0,0.0,0,0,0,0,0,0,0,0,0,0,0,0,0,0,0,0,0,0,0,0,0,0,0,0,0,0,0,0,0,0,0,0,0,31,40,40,71,65476,0,300,0,0,8,21553,0.0,-107605600.0,0.0,0.0,0.0,0.0,0.0,0.0,0.0,0.0,0.0,0.0,0.0,0.0,0.0,0.0,0.0,0.0,0.0,0.0,0.0,0.0,-2.004,-0.0,0.0,0.0,0.0,0.0,0.0,0.0,5101.0,-2.004,6936.0,0.0,0.0,2.004,2.004,0.0,0.0,0.0,0.0,69,-2.3088276994979896e+20,4.0668551691718284e+29,0.0,0.0,0.0,0.0,0.0,0.0,0.0,0,0,0,0.0,0.0,0.0,0.0,0.0,0.0,0.0,0.0,0.0,0.0,0.0,0.0,0.0,0.0,0.0,0.0,0,-107875648.0,69,0.0,138,0.0,2.012,ERR,ERR,ERR,ERR,ERR,ERR,ERR,ERR,ERR,ERR,ERR,ERR,ERR,ERR,ERR,ERR,ERR,ERR,ERR,ERR,ERR,ERR,ERR,ERR,ERR,ERR,ERR,ERR,ERR,ERR,ERR,ERR,ERR,ERR,ERR,ERR,ERR,ERR,ERR,ERR,ERR,ERR,ERR,ERR,ERR,ERR,ERR,ERR,ERR,ERR,ERR,ERR,ERR,ERR,ERR,ERR,ERR,ERR,ERR,ERR,ERR,ERR,ERR,ERR,ERR,ERR,ERR,60.0,60.0,35,0.0,0.0,0.0,0.0,0.0,0.0,0.0,0.0,0.0,0.0,0.0,0.0,0.0,0.0,0.0,0.0,65.2,0,118,57,42,65476,0,300,0,0,8,20529,65476,0,0,2621,60.0,0.0,0.0,0.0,0.0,0.0
2026-07-09T15:18:11,ERR,ERR,ERR,ERR,ERR,ERR,ERR,ERR,ERR,ERR,ERR,ERR,ERR,ERR,ERR,ERR,ERR,ERR,ERR,ERR,ERR,ERR,ERR,ERR,ERR,ERR,ERR,ERR,ERR,ERR,ERR,ERR,ERR,ERR,ERR,ERR,ERR,ERR,ERR,ERR,ERR,ERR,ERR,ERR,ERR,ERR,ERR,ERR,ERR,ERR,ERR,ERR,ERR,ERR,ERR,ERR,ERR,ERR,ERR,ERR,ERR,ERR,ERR,ERR,ERR,ERR,ERR,ERR,ERR,ERR,ERR,ERR,ERR,ERR,ERR,ERR,ERR,ERR,ERR,ERR,ERR,ERR,ERR,ERR,ERR,ERR,ERR,ERR,ERR,ERR,ERR,ERR,ERR,ERR,ERR,ERR,ERR,ERR,ERR,ERR,ERR,ERR,ERR,ERR,ERR,ERR,ERR,ERR,ERR,ERR,ERR,ERR,ERR,ERR,ERR,ERR,ERR,ERR,ERR,ERR,ERR,ERR,ERR,ERR,ERR,0.0,0.0,0.0,0.0,1.3321714804786458e+36,1.596,-0.0,-0.0,0,0,4,17426,7116,0.0,100,0.0,0.0,0.0,0.0,0.0,0,0,0,0,0.0,0,0,0,0,0,0,0,0,0,0,0,0,0,0,0,0,0,0,0,0,0,0,0,0,0,0,0,0,0,0,0,0,0,31,40,40,71,65476,0,300,0,0,8,21553,0.0,-107605600.0,0.0,0.0,0.0,0.0,0.0,0.0,0.0,0.0,0.0,0.0,0.0,0.0,0.0,0.0,0.0,0.0,0.0,0.0,0.0,0.0,-0.0,-0.0,0.0,0.0,0.0,0.0,0.0,0.0,5142.0,0.0,6912.0,-107615104.0,0.0,2.004,2.004,0.0,0.0,0.0,0.0,69,89220.555,-107614816.0,0.0,0.0,0.0,0.0,0.0,0.0,0.0,0,0,0,0.0,0.0,0.0,0.0,0.0,0.0,0.0,0.0,0.0,0.0,0.0,0.0,0.0,0.0,0.0,0.0,0,-107875648.0,69,0.0,138,0.0,2.012,ERR,ERR,ERR,ERR,ERR,ERR,ERR,ERR,ERR,ERR,ERR,ERR,ERR,ERR,ERR,ERR,ERR,ERR,ERR,ERR,ERR,ERR,ERR,ERR,ERR,ERR,ERR,ERR,ERR,ERR,ERR,ERR,ERR,ERR,ERR,ERR,ERR,ERR,ERR,ERR,ERR,ERR,ERR,ERR,ERR,ERR,ERR,ERR,ERR,ERR,ERR,ERR,ERR,ERR,ERR,ERR,ERR,ERR,ERR,ERR,ERR,ERR,ERR,ERR,ERR,ERR,ERR,60.0,60.0,35,0.0,0.0,0.0,0.0,0.0,0.0,0.0,0.0,0.0,0.0,0.0,0.0,0.0,0.0,0.0,0.0,65.6,0,118,57,42,65476,0,300,0,0,8,20529,65476,0,0,2621,60.0,0.0,0.0,0.0,0.0,0.0
2026-07-09T15:18:12,ERR,ERR,ERR,ERR,ERR,ERR,ERR,ERR,ERR,ERR,ERR,ERR,ERR,ERR,ERR,ERR,ERR,ERR,ERR,ERR,ERR,ERR,ERR,ERR,ERR,ERR,ERR,ERR,ERR,ERR,ERR,ERR,ERR,ERR,ERR,ERR,ERR,ERR,ERR,ERR,ERR,ERR,ERR,ERR,ERR,ERR,ERR,ERR,ERR,ERR,ERR,ERR,ERR,ERR,ERR,ERR,ERR,ERR,ERR,ERR,ERR,ERR,ERR,ERR,ERR,ERR,ERR,ERR,ERR,ERR,ERR,ERR,ERR,ERR,ERR,ERR,ERR,ERR,ERR,ERR,ERR,ERR,ERR,ERR,ERR,ERR,ERR,ERR,ERR,ERR,ERR,ERR,ERR,ERR,ERR,ERR,ERR,ERR,ERR,ERR,ERR,ERR,ERR,ERR,ERR,ERR,ERR,ERR,ERR,ERR,ERR,ERR,ERR,ERR,ERR,ERR,ERR,ERR,ERR,ERR,ERR,ERR,ERR,ERR,ERR,0.0,0.0,0.0,0.0,1.3321714804786458e+36,1.596,-0.0,-0.0,0,0,4,17426,7116,0.0,100,0.0,0.0,0.0,0.0,0.0,0,0,0,0,0.0,0,0,0,0,0,0,0,0,0,0,0,0,0,0,0,0,0,0,0,0,0,0,0,0,0,0,0,0,0,0,0,0,0,31,40,40,71,65476,0,300,0,0,8,21553,0.0,-107605600.0,0.0,0.0,0.0,0.0,0.0,0.0,0.0,0.0,0.0,0.0,0.0,0.0,0.0,0.0,0.0,0.0,0.0,0.0,0.0,0.0,-0.0,-0.0,0.0,0.0,0.0,0.0,0.0,0.0,5142.0,0.0,6912.0,-107615104.0,0.0,2.004,2.004,0.0,0.0,0.0,0.0,69,89220.555,-107614816.0,0.0,0.0,0.0,0.0,0.0,0.0,0.0,0,0,0,0.0,0.0,0.0,0.0,0.0,0.0,0.0,0.0,0.0,0.0,0.0,0.0,0.0,0.0,0.0,0.0,0,-107875648.0,69,0.0,138,0.0,2.012,ERR,ERR,ERR,ERR,ERR,ERR,ERR,ERR,ERR,ERR,ERR,ERR,ERR,ERR,ERR,ERR,ERR,ERR,ERR,ERR,ERR,ERR,ERR,ERR,ERR,ERR,ERR,ERR,ERR,ERR,ERR,ERR,ERR,ERR,ERR,ERR,ERR,ERR,ERR,ERR,ERR,ERR,ERR,ERR,ERR,ERR,ERR,ERR,ERR,ERR,ERR,ERR,ERR,ERR,ERR,ERR,ERR,ERR,ERR,ERR,ERR,ERR,ERR,ERR,ERR,ERR,ERR,60.0,60.0,35,0.0,0.0,0.0,0.0,0.0,0.0,0.0,0.0,0.0,0.0,0.0,0.0,0.0,0.0,0.0,0.0,65.6,0,118,57,42,65476,0,300,0,0,8,20529,65476,0,0,2621,60.0,0.0,0.0,0.0,0.0,0.0
2026-07-09T15:18:13,ERR,ERR,ERR,ERR,ERR,ERR,ERR,ERR,ERR,ERR,ERR,ERR,ERR,ERR,ERR,ERR,ERR,ERR,ERR,ERR,ERR,ERR,ERR,ERR,ERR,ERR,ERR,ERR,ERR,ERR,ERR,ERR,ERR,ERR,ERR,ERR,ERR,ERR,ERR,ERR,ERR,ERR,ERR,ERR,ERR,ERR,ERR,ERR,ERR,ERR,ERR,ERR,ERR,ERR,ERR,ERR,ERR,ERR,ERR,ERR,ERR,ERR,ERR,ERR,ERR,ERR,ERR,ERR,ERR,ERR,ERR,ERR,ERR,ERR,ERR,ERR,ERR,ERR,ERR,ERR,ERR,ERR,ERR,ERR,ERR,ERR,ERR,ERR,ERR,ERR,ERR,ERR,ERR,ERR,ERR,ERR,ERR,ERR,ERR,ERR,ERR,ERR,ERR,ERR,ERR,ERR,ERR,ERR,ERR,ERR,ERR,ERR,ERR,ERR,ERR,ERR,ERR,ERR,ERR,ERR,ERR,ERR,ERR,ERR,ERR,0.0,0.0,0.0,0.0,1.3321714804786458e+36,1.596,-0.0,-0.0,0,0,4,17426,7116,0.0,100,0.0,0.0,0.0,0.0,0.0,0,0,0,0,0.0,0,0,0,0,0,0,0,0,0,0,0,0,0,0,0,0,0,0,0,0,0,0,0,0,0,0,0,0,0,0,0,0,0,31,40,40,71,65476,0,300,0,0,8,21553,0.0,-107605600.0,0.0,0.0,0.0,0.0,0.0,0.0,0.0,0.0,0.0,0.0,0.0,0.0,0.0,0.0,0.0,0.0,0.0,0.0,0.0,0.0,-0.0,-0.0,0.0,0.0,0.0,0.0,0.0,0.0,5142.0,0.0,6912.0,-107615104.0,0.0,2.004,2.004,0.0,0.0,0.0,0.0,69,89220.555,-107614816.0,0.0,0.0,0.0,0.0,0.0,0.0,0.0,0,0,0,0.0,0.0,0.0,0.0,0.0,0.0,0.0,0.0,0.0,0.0,0.0,0.0,0.0,0.0,0.0,0.0,0,-107875648.0,69,0.0,138,0.0,2.012,ERR,ERR,ERR,ERR,ERR,ERR,ERR,ERR,ERR,ERR,ERR,ERR,ERR,ERR,ERR,ERR,ERR,ERR,ERR,ERR,ERR,ERR,ERR,ERR,ERR,ERR,ERR,ERR,ERR,ERR,ERR,ERR,ERR,ERR,ERR,ERR,ERR,ERR,ERR,ERR,ERR,ERR,ERR,ERR,ERR,ERR,ERR,ERR,ERR,ERR,ERR,ERR,ERR,ERR,ERR,ERR,ERR,ERR,ERR,ERR,ERR,ERR,ERR,ERR,ERR,ERR,ERR,60.0,60.0,35,0.0,0.0,0.0,0.0,0.0,0.0,0.0,0.0,0.0,0.0,0.0,0.0,0.0,0.0,0.0,0.0,65.6,0,118,57,42,65476,0,300,0,0,8,20529,65476,0,0,2621,60.0,0.0,0.0,0.0,0.0,0.0
2026-07-09T15:18:14,ERR,ERR,ERR,ERR,ERR,ERR,ERR,ERR,ERR,ERR,ERR,ERR,ERR,ERR,ERR,ERR,ERR,ERR,ERR,ERR,ERR,ERR,ERR,ERR,ERR,ERR,ERR,ERR,ERR,ERR,ERR,ERR,ERR,ERR,ERR,ERR,ERR,ERR,ERR,ERR,ERR,ERR,ERR,ERR,ERR,ERR,ERR,ERR,ERR,ERR,ERR,ERR,ERR,ERR,ERR,ERR,ERR,ERR,ERR,ERR,ERR,ERR,ERR,ERR,ERR,ERR,ERR,ERR,ERR,ERR,ERR,ERR,ERR,ERR,ERR,ERR,ERR,ERR,ERR,ERR,ERR,ERR,ERR,ERR,ERR,ERR,ERR,ERR,ERR,ERR,ERR,ERR,ERR,ERR,ERR,ERR,ERR,ERR,ERR,ERR,ERR,ERR,ERR,ERR,ERR,ERR,ERR,ERR,ERR,ERR,ERR,ERR,ERR,ERR,ERR,ERR,ERR,ERR,ERR,ERR,ERR,ERR,ERR,ERR,ERR,0.0,0.0,0.0,0.0,1.3321714804786458e+36,1.596,-0.0,-0.0,0,0,4,17426,7116,0.0,100,0.0,0.0,0.0,0.0,0.0,0,0,0,0,0.0,0,0,0,0,0,0,0,0,0,0,0,0,0,0,0,0,0,0,0,0,0,0,0,0,0,0,0,0,0,0,0,0,0,31,40,40,71,65476,0,300,0,0,8,21553,0.0,-107605600.0,0.0,0.0,0.0,0.0,0.0,0.0,0.0,0.0,0.0,0.0,0.0,0.0,0.0,0.0,0.0,0.0,0.0,0.0,0.0,0.0,-0.0,-0.0,0.0,0.0,0.0,0.0,0.0,0.0,5142.0,0.0,6912.0,-107615104.0,0.0,2.004,2.004,0.0,0.0,0.0,0.0,69,89220.555,-107614816.0,0.0,0.0,0.0,0.0,0.0,0.0,0.0,0,0,0,0.0,0.0,0.0,0.0,0.0,0.0,0.0,0.0,0.0,0.0,0.0,0.0,0.0,0.0,0.0,0.0,0,-107875648.0,69,0.0,138,0.0,2.012,ERR,ERR,ERR,ERR,ERR,ERR,ERR,ERR,ERR,ERR,ERR,ERR,ERR,ERR,ERR,ERR,ERR,ERR,ERR,ERR,ERR,ERR,ERR,ERR,ERR,ERR,ERR,ERR,ERR,ERR,ERR,ERR,ERR,ERR,ERR,ERR,ERR,ERR,ERR,ERR,ERR,ERR,ERR,ERR,ERR,ERR,ERR,ERR,ERR,ERR,ERR,ERR,ERR,ERR,ERR,ERR,ERR,ERR,ERR,ERR,ERR,ERR,ERR,ERR,ERR,ERR,ERR,60.0,60.0,35,0.0,0.0,0.0,0.0,0.0,0.0,0.0,0.0,0.0,0.0,0.0,0.0,0.0,0.0,0.0,0.0,65.6,0,118,57,42,65476,0,300,0,0,8,20529,65476,0,0,2621,60.0,0.0,0.0,0.0,0.0,0.0
2026-07-09T15:18:15,ERR,ERR,ERR,ERR,ERR,ERR,ERR,ERR,ERR,ERR,ERR,ERR,ERR,ERR,ERR,ERR,ERR,ERR,ERR,ERR,ERR,ERR,ERR,ERR,ERR,ERR,ERR,ERR,ERR,ERR,ERR,ERR,ERR,ERR,ERR,ERR,ERR,ERR,ERR,ERR,ERR,ERR,ERR,ERR,ERR,ERR,ERR,ERR,ERR,ERR,ERR,ERR,ERR,ERR,ERR,ERR,ERR,ERR,ERR,ERR,ERR,ERR,ERR,ERR,ERR,ERR,ERR,ERR,ERR,ERR,ERR,ERR,ERR,ERR,ERR,ERR,ERR,ERR,ERR,ERR,ERR,ERR,ERR,ERR,ERR,ERR,ERR,ERR,ERR,ERR,ERR,ERR,ERR,ERR,ERR,ERR,ERR,ERR,ERR,ERR,ERR,ERR,ERR,ERR,ERR,ERR,ERR,ERR,ERR,ERR,ERR,ERR,ERR,ERR,ERR,ERR,ERR,ERR,ERR,ERR,ERR,ERR,ERR,ERR,ERR,0.0,0.0,0.0,0.0,1.3321714804786458e+36,1.596,-0.0,-0.0,0,0,4,17426,7116,0.0,100,0.0,0.0,0.0,0.0,0.0,0,0,0,0,0.0,0,0,0,0,0,0,0,0,0,0,0,0,0,0,0,0,0,0,0,0,0,0,0,0,0,0,0,0,0,0,0,0,0,31,40,40,71,65476,0,300,0,0,8,21553,0.0,-107605600.0,0.0,0.0,0.0,0.0,0.0,0.0,0.0,0.0,0.0,0.0,0.0,0.0,0.0,0.0,0.0,0.0,0.0,0.0,0.0,0.0,-0.0,-0.0,0.0,0.0,0.0,0.0,0.0,0.0,5142.0,0.0,6912.0,-107615104.0,0.0,2.004,2.004,0.0,0.0,0.0,0.0,69,89220.555,-107614816.0,0.0,0.0,0.0,0.0,0.0,0.0,0.0,0,0,0,0.0,0.0,0.0,0.0,0.0,0.0,0.0,0.0,0.0,0.0,0.0,0.0,0.0,0.0,0.0,0.0,0,-107875648.0,69,0.0,138,0.0,2.012,ERR,ERR,ERR,ERR,ERR,ERR,ERR,ERR,ERR,ERR,ERR,ERR,ERR,ERR,ERR,ERR,ERR,ERR,ERR,ERR,ERR,ERR,ERR,ERR,ERR,ERR,ERR,ERR,ERR,ERR,ERR,ERR,ERR,ERR,ERR,ERR,ERR,ERR,ERR,ERR,ERR,ERR,ERR,ERR,ERR,ERR,ERR,ERR,ERR,ERR,ERR,ERR,ERR,ERR,ERR,ERR,ERR,ERR,ERR,ERR,ERR,ERR,ERR,ERR,ERR,ERR,ERR,60.0,60.0,35,0.0,0.0,0.0,0.0,0.0,0.0,0.0,0.0,0.0,0.0,0.0,0.0,0.0,0.0,0.0,0.0,65.6,0,118,57,42,65476,0,300,0,0,8,20529,65476,0,0,2621,60.0,0.0,0.0,0.0,0.0,0.0
2026-07-09T15:18:16,ERR,ERR,ERR,ERR,ERR,ERR,ERR,ERR,ERR,ERR,ERR,ERR,ERR,ERR,ERR,ERR,ERR,ERR,ERR,ERR,ERR,ERR,ERR,ERR,ERR,ERR,ERR,ERR,ERR,ERR,ERR,ERR,ERR,ERR,ERR,ERR,ERR,ERR,ERR,ERR,ERR,ERR,ERR,ERR,ERR,ERR,ERR,ERR,ERR,ERR,ERR,ERR,ERR,ERR,ERR,ERR,ERR,ERR,ERR,ERR,ERR,ERR,ERR,ERR,ERR,ERR,ERR,ERR,ERR,ERR,ERR,ERR,ERR,ERR,ERR,ERR,ERR,ERR,ERR,ERR,ERR,ERR,ERR,ERR,ERR,ERR,ERR,ERR,ERR,ERR,ERR,ERR,ERR,ERR,ERR,ERR,ERR,ERR,ERR,ERR,ERR,ERR,ERR,ERR,ERR,ERR,ERR,ERR,ERR,ERR,ERR,ERR,ERR,ERR,ERR,ERR,ERR,ERR,ERR,ERR,ERR,ERR,ERR,ERR,ERR,-107615104.0,0.0,-0.0,0.0,-2.989,0.0,5.177057650726156e+28,-9.085080566047063e+21,0,0,4,17428,7116,0.0,100,0.0,0.0,0.0,0.0,0.0,0,0,0,0,0.0,0,0,0,0,0,0,0,0,0,0,0,0,0,0,0,0,0,0,0,0,0,0,0,0,0,0,0,0,0,0,0,0,0,31,40,40,71,65476,0,300,0,0,8,21553,0.0,-107605600.0,0.0,0.0,0.0,0.0,0.0,0.0,0.0,0.0,0.0,0.0,0.0,0.0,0.0,0.0,0.0,0.0,0.0,0.0,0.0,0.0,-0.0,-0.0,0.0,0.0,0.0,0.0,0.0,0.0,5103.0,-1.0406657522389839e+34,6943.0,2.7184246165485387e+23,0.0,2.004,2.004,0.0,0.0,0.0,0.0,69,0.0,-71.629,0.0,0.0,0.0,0.0,0.0,0.0,0.0,0,0,0,0.0,0.0,0.0,0.0,0.0,0.0,0.0,0.0,0.0,0.0,0.0,0.0,0.0,0.0,0.0,0.0,0,-107875648.0,69,0.0,138,0.0,2.012,ERR,ERR,ERR,ERR,ERR,ERR,ERR,ERR,ERR,ERR,ERR,ERR,ERR,ERR,ERR,ERR,ERR,ERR,ERR,ERR,ERR,ERR,ERR,ERR,ERR,ERR,ERR,ERR,ERR,ERR,ERR,ERR,ERR,ERR,ERR,ERR,ERR,ERR,ERR,ERR,ERR,ERR,ERR,ERR,ERR,ERR,ERR,ERR,ERR,ERR,ERR,ERR,ERR,ERR,ERR,ERR,ERR,ERR,ERR,ERR,ERR,ERR,ERR,ERR,ERR,ERR,ERR,60.0,60.0,35,0.0,0.0,0.0,0.0,0.0,0.0,0.0,0.0,0.0,0.0,0.0,0.0,0.0,0.0,0.0,0.0,65.6,0,118,57,42,65476,0,300,0,0,8,20529,65476,0,0,2621,60.0,0.0,0.0,0.0,0.0,0.0
2026-07-09T15:18:17,ERR,ERR,ERR,ERR,ERR,ERR,ERR,ERR,ERR,ERR,ERR,ERR,ERR,ERR,ERR,ERR,ERR,ERR,ERR,ERR,ERR,ERR,ERR,ERR,ERR,ERR,ERR,ERR,ERR,ERR,ERR,ERR,ERR,ERR,ERR,ERR,ERR,ERR,ERR,ERR,ERR,ERR,ERR,ERR,ERR,ERR,ERR,ERR,ERR,ERR,ERR,ERR,ERR,ERR,ERR,ERR,ERR,ERR,ERR,ERR,ERR,ERR,ERR,ERR,ERR,ERR,ERR,ERR,ERR,ERR,ERR,ERR,ERR,ERR,ERR,ERR,ERR,ERR,ERR,ERR,ERR,ERR,ERR,ERR,ERR,ERR,ERR,ERR,ERR,ERR,ERR,ERR,ERR,ERR,ERR,ERR,ERR,ERR,ERR,ERR,ERR,ERR,ERR,ERR,ERR,ERR,ERR,ERR,ERR,ERR,ERR,ERR,ERR,ERR,ERR,ERR,ERR,ERR,ERR,ERR,ERR,ERR,ERR,ERR,ERR,-107615104.0,0.0,-0.0,0.0,-2.989,0.0,5.177057650726156e+28,-9.085080566047063e+21,0,0,4,17428,7116,0.0,100,0.0,0.0,0.0,0.0,0.0,0,0,0,0,0.0,0,0,0,0,0,0,0,0,0,0,0,0,0,0,0,0,0,0,0,0,0,0,0,0,0,0,0,0,0,0,0,0,0,31,40,40,71,65476,0,300,0,0,8,21553,0.0,-107605600.0,0.0,0.0,0.0,0.0,0.0,0.0,0.0,0.0,0.0,0.0,0.0,0.0,0.0,0.0,0.0,0.0,0.0,0.0,0.0,0.0,-0.0,-0.0,0.0,0.0,0.0,0.0,0.0,0.0,5103.0,-1.0406657522389839e+34,6943.0,2.7184246165485387e+23,0.0,2.004,2.004,0.0,0.0,0.0,0.0,69,0.0,-71.629,0.0,0.0,0.0,0.0,0.0,0.0,0.0,0,0,0,0.0,0.0,0.0,0.0,0.0,0.0,0.0,0.0,0.0,0.0,0.0,0.0,0.0,0.0,0.0,0.0,0,-107875648.0,69,0.0,138,0.0,2.012,ERR,ERR,ERR,ERR,ERR,ERR,ERR,ERR,ERR,ERR,ERR,ERR,ERR,ERR,ERR,ERR,ERR,ERR,ERR,ERR,ERR,ERR,ERR,ERR,ERR,ERR,ERR,ERR,ERR,ERR,ERR,ERR,ERR,ERR,ERR,ERR,ERR,ERR,ERR,ERR,ERR,ERR,ERR,ERR,ERR,ERR,ERR,ERR,ERR,ERR,ERR,ERR,ERR,ERR,ERR,ERR,ERR,ERR,ERR,ERR,ERR,ERR,ERR,ERR,ERR,ERR,ERR,60.0,60.0,35,0.0,0.0,0.0,0.0,0.0,0.0,0.0,0.0,0.0,0.0,0.0,0.0,0.0,0.0,0.0,0.0,65.2,0,118,57,42,65476,0,300,0,0,8,20529,65476,0,0,2621,60.0,0.0,0.0,0.0,0.0,0.0
2026-07-09T15:18:18,ERR,ERR,ERR,ERR,ERR,ERR,ERR,ERR,ERR,ERR,ERR,ERR,ERR,ERR,ERR,ERR,ERR,ERR,ERR,ERR,ERR,ERR,ERR,ERR,ERR,ERR,ERR,ERR,ERR,ERR,ERR,ERR,ERR,ERR,ERR,ERR,ERR,ERR,ERR,ERR,ERR,ERR,ERR,ERR,ERR,ERR,ERR,ERR,ERR,ERR,ERR,ERR,ERR,ERR,ERR,ERR,ERR,ERR,ERR,ERR,ERR,ERR,ERR,ERR,ERR,ERR,ERR,ERR,ERR,ERR,ERR,ERR,ERR,ERR,ERR,ERR,ERR,ERR,ERR,ERR,ERR,ERR,ERR,ERR,ERR,ERR,ERR,ERR,ERR,ERR,ERR,ERR,ERR,ERR,ERR,ERR,ERR,ERR,ERR,ERR,ERR,ERR,ERR,ERR,ERR,ERR,ERR,ERR,ERR,ERR,ERR,ERR,ERR,ERR,ERR,ERR,ERR,ERR,ERR,ERR,ERR,ERR,ERR,ERR,ERR,-107615104.0,0.0,-0.0,0.0,-2.989,0.0,5.177057650726156e+28,-9.085080566047063e+21,0,0,4,17428,7116,0.0,100,0.0,0.0,0.0,0.0,0.0,0,0,0,0,0.0,0,0,0,0,0,0,0,0,0,0,0,0,0,0,0,0,0,0,0,0,0,0,0,0,0,0,0,0,0,0,0,0,0,31,40,40,71,65476,0,300,0,0,8,21553,0.0,-107605600.0,0.0,0.0,0.0,0.0,0.0,0.0,0.0,0.0,0.0,0.0,0.0,0.0,0.0,0.0,0.0,0.0,0.0,0.0,0.0,0.0,-0.0,-0.0,0.0,0.0,0.0,0.0,0.0,0.0,5103.0,-1.0406657522389839e+34,6943.0,2.7184246165485387e+23,0.0,2.004,2.004,0.0,0.0,0.0,0.0,69,0.0,-71.629,0.0,0.0,0.0,0.0,0.0,0.0,0.0,0,0,0,0.0,0.0,0.0,0.0,0.0,0.0,0.0,0.0,0.0,0.0,0.0,0.0,0.0,0.0,0.0,0.0,0,-107875648.0,69,0.0,138,0.0,2.012,ERR,ERR,ERR,ERR,ERR,ERR,ERR,ERR,ERR,ERR,ERR,ERR,ERR,ERR,ERR,ERR,ERR,ERR,ERR,ERR,ERR,ERR,ERR,ERR,ERR,ERR,ERR,ERR,ERR,ERR,ERR,ERR,ERR,ERR,ERR,ERR,ERR,ERR,ERR,ERR,ERR,ERR,ERR,ERR,ERR,ERR,ERR,ERR,ERR,ERR,ERR,ERR,ERR,ERR,ERR,ERR,ERR,ERR,ERR,ERR,ERR,ERR,ERR,ERR,ERR,ERR,ERR,60.0,60.0,35,0.0,0.0,0.0,0.0,0.0,0.0,0.0,0.0,0.0,0.0,0.0,0.0,0.0,0.0,0.0,0.0,65.6,0,118,57,42,65476,0,300,0,0,8,20529,65476,0,0,2621,60.0,0.0,0.0,0.0,0.0,0.0
2026-07-09T15:18:19,ERR,ERR,ERR,ERR,ERR,ERR,ERR,ERR,ERR,ERR,ERR,ERR,ERR,ERR,ERR,ERR,ERR,ERR,ERR,ERR,ERR,ERR,ERR,ERR,ERR,ERR,ERR,ERR,ERR,ERR,ERR,ERR,ERR,ERR,ERR,ERR,ERR,ERR,ERR,ERR,ERR,ERR,ERR,ERR,ERR,ERR,ERR,ERR,ERR,ERR,ERR,ERR,ERR,ERR,ERR,ERR,ERR,ERR,ERR,ERR,ERR,ERR,ERR,ERR,ERR,ERR,ERR,ERR,ERR,ERR,ERR,ERR,ERR,ERR,ERR,ERR,ERR,ERR,ERR,ERR,ERR,ERR,ERR,ERR,ERR,ERR,ERR,ERR,ERR,ERR,ERR,ERR,ERR,ERR,ERR,ERR,ERR,ERR,ERR,ERR,ERR,ERR,ERR,ERR,ERR,ERR,ERR,ERR,ERR,ERR,ERR,ERR,ERR,ERR,ERR,ERR,ERR,ERR,ERR,ERR,ERR,ERR,ERR,ERR,ERR,-107615104.0,0.0,-0.0,0.0,-2.989,0.0,5.177057650726156e+28,-9.085080566047063e+21,0,0,4,17428,7116,0.0,100,0.0,0.0,0.0,0.0,0.0,0,0,0,0,0.0,0,0,0,0,0,0,0,0,0,0,0,0,0,0,0,0,0,0,0,0,0,0,0,0,0,0,0,0,0,0,0,0,0,31,40,40,71,65476,0,300,0,0,8,21553,0.0,-107605600.0,0.0,0.0,0.0,0.0,0.0,0.0,0.0,0.0,0.0,0.0,0.0,0.0,0.0,0.0,0.0,0.0,0.0,0.0,0.0,0.0,-0.0,-0.0,0.0,0.0,0.0,0.0,0.0,0.0,5103.0,-1.0406657522389839e+34,6943.0,2.7184246165485387e+23,0.0,2.004,2.004,0.0,0.0,0.0,0.0,69,0.0,-71.629,0.0,0.0,0.0,0.0,0.0,0.0,0.0,0,0,0,0.0,0.0,0.0,0.0,0.0,0.0,0.0,0.0,0.0,0.0,0.0,0.0,0.0,0.0,0.0,0.0,0,-107875648.0,69,0.0,138,0.0,2.012,ERR,ERR,ERR,ERR,ERR,ERR,ERR,ERR,ERR,ERR,ERR,ERR,ERR,ERR,ERR,ERR,ERR,ERR,ERR,ERR,ERR,ERR,ERR,ERR,ERR,ERR,ERR,ERR,ERR,ERR,ERR,ERR,ERR,ERR,ERR,ERR,ERR,ERR,ERR,ERR,ERR,ERR,ERR,ERR,ERR,ERR,ERR,ERR,ERR,ERR,ERR,ERR,ERR,ERR,ERR,ERR,ERR,ERR,ERR,ERR,ERR,ERR,ERR,ERR,ERR,ERR,ERR,60.0,60.0,35,0.0,0.0,0.0,0.0,0.0,0.0,0.0,0.0,0.0,0.0,0.0,0.0,0.0,0.0,0.0,0.0,65.6,0,118,57,42,65476,0,300,0,0,8,20529,65476,0,0,2621,60.0,0.0,0.0,0.0,0.0,0.0
2026-07-09T15:18:20,ERR,ERR,ERR,ERR,ERR,ERR,ERR,ERR,ERR,ERR,ERR,ERR,ERR,ERR,ERR,ERR,ERR,ERR,ERR,ERR,ERR,ERR,ERR,ERR,ERR,ERR,ERR,ERR,ERR,ERR,ERR,ERR,ERR,ERR,ERR,ERR,ERR,ERR,ERR,ERR,ERR,ERR,ERR,ERR,ERR,ERR,ERR,ERR,ERR,ERR,ERR,ERR,ERR,ERR,ERR,ERR,ERR,ERR,ERR,ERR,ERR,ERR,ERR,ERR,ERR,ERR,ERR,ERR,ERR,ERR,ERR,ERR,ERR,ERR,ERR,ERR,ERR,ERR,ERR,ERR,ERR,ERR,ERR,ERR,ERR,ERR,ERR,ERR,ERR,ERR,ERR,ERR,ERR,ERR,ERR,ERR,ERR,ERR,ERR,ERR,ERR,ERR,ERR,ERR,ERR,ERR,ERR,ERR,ERR,ERR,ERR,ERR,ERR,ERR,ERR,ERR,ERR,ERR,ERR,ERR,ERR,ERR,ERR,ERR,ERR,-107615104.0,0.0,-0.0,0.0,-2.989,0.0,5.177057650726156e+28,-9.085080566047063e+21,0,0,4,17428,7116,0.0,100,0.0,0.0,0.0,0.0,0.0,0,0,0,0,0.0,0,0,0,0,0,0,0,0,0,0,0,0,0,0,0,0,0,0,0,0,0,0,0,0,0,0,0,0,0,0,0,0,0,31,40,40,71,65476,0,300,0,0,8,21553,0.0,-107605600.0,0.0,0.0,0.0,0.0,0.0,0.0,0.0,0.0,0.0,0.0,0.0,0.0,0.0,0.0,0.0,0.0,0.0,0.0,0.0,0.0,-0.0,-0.0,0.0,0.0,0.0,0.0,0.0,0.0,5103.0,-1.0406657522389839e+34,6943.0,2.7184246165485387e+23,0.0,2.004,2.004,0.0,0.0,0.0,0.0,69,0.0,-71.629,0.0,0.0,0.0,0.0,0.0,0.0,0.0,0,0,0,0.0,0.0,0.0,0.0,0.0,0.0,0.0,0.0,0.0,0.0,0.0,0.0,0.0,0.0,0.0,0.0,0,-107875648.0,69,0.0,138,0.0,2.012,ERR,ERR,ERR,ERR,ERR,ERR,ERR,ERR,ERR,ERR,ERR,ERR,ERR,ERR,ERR,ERR,ERR,ERR,ERR,ERR,ERR,ERR,ERR,ERR,ERR,ERR,ERR,ERR,ERR,ERR,ERR,ERR,ERR,ERR,ERR,ERR,ERR,ERR,ERR,ERR,ERR,ERR,ERR,ERR,ERR,ERR,ERR,ERR,ERR,ERR,ERR,ERR,ERR,ERR,ERR,ERR,ERR,ERR,ERR,ERR,ERR,ERR,ERR,ERR,ERR,ERR,ERR,60.0,60.0,35,0.0,0.0,0.0,0.0,0.0,0.0,0.0,0.0,0.0,0.0,0.0,0.0,0.0,0.0,0.0,0.0,65.2,0,118,57,42,65476,0,300,0,0,8,20529,65476,0,0,2621,60.0,0.0,0.0,0.0,0.0,0.0
2026-07-09T15:18:21,ERR,ERR,ERR,ERR,ERR,ERR,ERR,ERR,ERR,ERR,ERR,ERR,ERR,ERR,ERR,ERR,ERR,ERR,ERR,ERR,ERR,ERR,ERR,ERR,ERR,ERR,ERR,ERR,ERR,ERR,ERR,ERR,ERR,ERR,ERR,ERR,ERR,ERR,ERR,ERR,ERR,ERR,ERR,ERR,ERR,ERR,ERR,ERR,ERR,ERR,ERR,ERR,ERR,ERR,ERR,ERR,ERR,ERR,ERR,ERR,ERR,ERR,ERR,ERR,ERR,ERR,ERR,ERR,ERR,ERR,ERR,ERR,ERR,ERR,ERR,ERR,ERR,ERR,ERR,ERR,ERR,ERR,ERR,ERR,ERR,ERR,ERR,ERR,ERR,ERR,ERR,ERR,ERR,ERR,ERR,ERR,ERR,ERR,ERR,ERR,ERR,ERR,ERR,ERR,ERR,ERR,ERR,ERR,ERR,ERR,ERR,ERR,ERR,ERR,ERR,ERR,ERR,ERR,ERR,ERR,ERR,ERR,ERR,ERR,ERR,2.7184246165485387e+23,0.0,0.0,2.718366610185338e+23,-0.0,-2.2096550175965184e+17,0.0,-0.0,0,0,4,17427,7116,0.0,100,0.0,0.0,2.718366610185338e+23,0.0,0.0,0,0,0,0,0.0,0,0,0,0,0,0,0,0,0,0,0,0,0,0,0,0,0,0,0,0,0,0,0,0,0,0,0,0,0,0,0,0,0,31,40,40,71,65476,0,300,0,0,8,21553,0.0,-107605600.0,0.0,0.0,0.0,0.0,0.0,0.0,0.0,0.0,0.0,0.0,0.0,0.0,0.0,0.0,0.0,0.0,0.0,0.0,0.0,0.0,2.004,-0.0,0.0,0.0,0.0,0.0,0.0,0.0,5138.0,0.0,6916.0,2.7184246165485387e+23,0.0,2.004,2.004,0.0,0.0,0.0,0.0,69,0.0,-4.9504030653734545e+32,0.0,0.0,0.0,0.0,0.0,0.0,0.0,0,0,0,0.0,0.0,0.0,0.0,0.0,0.0,0.0,0.0,0.0,0.0,0.0,0.0,0.0,0.0,0.0,0.0,0,-107875648.0,69,0.0,138,0.0,2.012,ERR,ERR,ERR,ERR,ERR,ERR,ERR,ERR,ERR,ERR,ERR,ERR,ERR,ERR,ERR,ERR,ERR,ERR,ERR,ERR,ERR,ERR,ERR,ERR,ERR,ERR,ERR,ERR,ERR,ERR,ERR,ERR,ERR,ERR,ERR,ERR,ERR,ERR,ERR,ERR,ERR,ERR,ERR,ERR,ERR,ERR,ERR,ERR,ERR,ERR,ERR,ERR,ERR,ERR,ERR,ERR,ERR,ERR,ERR,ERR,ERR,ERR,ERR,ERR,ERR,ERR,ERR,60.0,60.0,35,0.0,0.0,0.0,0.0,0.0,0.0,0.0,0.0,0.0,0.0,0.0,0.0,0.0,0.0,0.0,0.0,65.2,0,118,57,42,65476,0,300,0,0,8,20529,65476,0,0,2621,60.0,0.0,0.0,0.0,0.0,0.0
2026-07-09T15:18:22,ERR,ERR,ERR,ERR,ERR,ERR,ERR,ERR,ERR,ERR,ERR,ERR,ERR,ERR,ERR,ERR,ERR,ERR,ERR,ERR,ERR,ERR,ERR,ERR,ERR,ERR,ERR,ERR,ERR,ERR,ERR,ERR,ERR,ERR,ERR,ERR,ERR,ERR,ERR,ERR,ERR,ERR,ERR,ERR,ERR,ERR,ERR,ERR,ERR,ERR,ERR,ERR,ERR,ERR,ERR,ERR,ERR,ERR,ERR,ERR,ERR,ERR,ERR,ERR,ERR,ERR,ERR,ERR,ERR,ERR,ERR,ERR,ERR,ERR,ERR,ERR,ERR,ERR,ERR,ERR,ERR,ERR,ERR,ERR,ERR,ERR,ERR,ERR,ERR,ERR,ERR,ERR,ERR,ERR,ERR,ERR,ERR,ERR,ERR,ERR,ERR,ERR,ERR,ERR,ERR,ERR,ERR,ERR,ERR,ERR,ERR,ERR,ERR,ERR,ERR,ERR,ERR,ERR,ERR,ERR,ERR,ERR,ERR,ERR,ERR,2.7184246165485387e+23,0.0,0.0,2.718366610185338e+23,-0.0,-2.2096550175965184e+17,0.0,-0.0,0,0,4,17427,7116,0.0,100,0.0,0.0,2.718366610185338e+23,0.0,0.0,0,0,0,0,0.0,0,0,0,0,0,0,0,0,0,0,0,0,0,0,0,0,0,0,0,0,0,0,0,0,0,0,0,0,0,0,0,0,0,31,40,40,71,65476,0,300,0,0,8,21553,0.0,-107605600.0,0.0,0.0,0.0,0.0,0.0,0.0,0.0,0.0,0.0,0.0,0.0,0.0,0.0,0.0,0.0,0.0,0.0,0.0,0.0,0.0,2.004,-0.0,0.0,0.0,0.0,0.0,0.0,0.0,5138.0,0.0,6916.0,2.7184246165485387e+23,0.0,2.004,2.004,0.0,0.0,0.0,0.0,69,0.0,-4.9504030653734545e+32,0.0,0.0,0.0,0.0,0.0,0.0,0.0,0,0,0,0.0,0.0,0.0,0.0,0.0,0.0,0.0,0.0,0.0,0.0,0.0,0.0,0.0,0.0,0.0,0.0,0,-107875648.0,69,0.0,138,0.0,2.012,ERR,ERR,ERR,ERR,ERR,ERR,ERR,ERR,ERR,ERR,ERR,ERR,ERR,ERR,ERR,ERR,ERR,ERR,ERR,ERR,ERR,ERR,ERR,ERR,ERR,ERR,ERR,ERR,ERR,ERR,ERR,ERR,ERR,ERR,ERR,ERR,ERR,ERR,ERR,ERR,ERR,ERR,ERR,ERR,ERR,ERR,ERR,ERR,ERR,ERR,ERR,ERR,ERR,ERR,ERR,ERR,ERR,ERR,ERR,ERR,ERR,ERR,ERR,ERR,ERR,ERR,ERR,60.0,60.0,35,0.0,0.0,0.0,0.0,0.0,0.0,0.0,0.0,0.0,0.0,0.0,0.0,0.0,0.0,0.0,0.0,65.2,0,118,57,42,65476,0,300,0,0,8,20529,65476,0,0,2621,60.0,0.0,0.0,0.0,0.0,0.0
2026-07-09T15:18:23,ERR,ERR,ERR,ERR,ERR,ERR,ERR,ERR,ERR,ERR,ERR,ERR,ERR,ERR,ERR,ERR,ERR,ERR,ERR,ERR,ERR,ERR,ERR,ERR,ERR,ERR,ERR,ERR,ERR,ERR,ERR,ERR,ERR,ERR,ERR,ERR,ERR,ERR,ERR,ERR,ERR,ERR,ERR,ERR,ERR,ERR,ERR,ERR,ERR,ERR,ERR,ERR,ERR,ERR,ERR,ERR,ERR,ERR,ERR,ERR,ERR,ERR,ERR,ERR,ERR,ERR,ERR,ERR,ERR,ERR,ERR,ERR,ERR,ERR,ERR,ERR,ERR,ERR,ERR,ERR,ERR,ERR,ERR,ERR,ERR,ERR,ERR,ERR,ERR,ERR,ERR,ERR,ERR,ERR,ERR,ERR,ERR,ERR,ERR,ERR,ERR,ERR,ERR,ERR,ERR,ERR,ERR,ERR,ERR,ERR,ERR,ERR,ERR,ERR,ERR,ERR,ERR,ERR,ERR,ERR,ERR,ERR,ERR,ERR,ERR,2.7184246165485387e+23,0.0,0.0,2.718366610185338e+23,-0.0,-2.2096550175965184e+17,0.0,-0.0,0,0,4,17427,7116,0.0,100,0.0,0.0,2.718366610185338e+23,0.0,0.0,0,0,0,0,0.0,0,0,0,0,0,0,0,0,0,0,0,0,0,0,0,0,0,0,0,0,0,0,0,0,0,0,0,0,0,0,0,0,0,31,40,40,71,65476,0,300,0,0,8,21553,0.0,-107605600.0,0.0,0.0,0.0,0.0,0.0,0.0,0.0,0.0,0.0,0.0,0.0,0.0,0.0,0.0,0.0,0.0,0.0,0.0,0.0,0.0,2.004,-0.0,0.0,0.0,0.0,0.0,0.0,0.0,5138.0,0.0,6916.0,2.7184246165485387e+23,0.0,2.004,2.004,0.0,0.0,0.0,0.0,69,0.0,-4.9504030653734545e+32,0.0,0.0,0.0,0.0,0.0,0.0,0.0,0,0,0,0.0,0.0,0.0,0.0,0.0,0.0,0.0,0.0,0.0,0.0,0.0,0.0,0.0,0.0,0.0,0.0,0,-107875648.0,69,0.0,138,0.0,2.012,ERR,ERR,ERR,ERR,ERR,ERR,ERR,ERR,ERR,ERR,ERR,ERR,ERR,ERR,ERR,ERR,ERR,ERR,ERR,ERR,ERR,ERR,ERR,ERR,ERR,ERR,ERR,ERR,ERR,ERR,ERR,ERR,ERR,ERR,ERR,ERR,ERR,ERR,ERR,ERR,ERR,ERR,ERR,ERR,ERR,ERR,ERR,ERR,ERR,ERR,ERR,ERR,ERR,ERR,ERR,ERR,ERR,ERR,ERR,ERR,ERR,ERR,ERR,ERR,ERR,ERR,ERR,60.0,60.0,35,0.0,0.0,0.0,0.0,0.0,0.0,0.0,0.0,0.0,0.0,0.0,0.0,0.0,0.0,0.0,0.0,65.2,0,118,57,42,65476,0,300,0,0,8,20529,65476,0,0,2621,60.0,0.0,0.0,0.0,0.0,0.0
2026-07-09T15:18:24,ERR,ERR,ERR,ERR,ERR,ERR,ERR,ERR,ERR,ERR,ERR,ERR,ERR,ERR,ERR,ERR,ERR,ERR,ERR,ERR,ERR,ERR,ERR,ERR,ERR,ERR,ERR,ERR,ERR,ERR,ERR,ERR,ERR,ERR,ERR,ERR,ERR,ERR,ERR,ERR,ERR,ERR,ERR,ERR,ERR,ERR,ERR,ERR,ERR,ERR,ERR,ERR,ERR,ERR,ERR,ERR,ERR,ERR,ERR,ERR,ERR,ERR,ERR,ERR,ERR,ERR,ERR,ERR,ERR,ERR,ERR,ERR,ERR,ERR,ERR,ERR,ERR,ERR,ERR,ERR,ERR,ERR,ERR,ERR,ERR,ERR,ERR,ERR,ERR,ERR,ERR,ERR,ERR,ERR,ERR,ERR,ERR,ERR,ERR,ERR,ERR,ERR,ERR,ERR,ERR,ERR,ERR,ERR,ERR,ERR,ERR,ERR,ERR,ERR,ERR,ERR,ERR,ERR,ERR,ERR,ERR,ERR,ERR,ERR,ERR,2.7184246165485387e+23,0.0,0.0,2.718366610185338e+23,-0.0,-2.2096550175965184e+17,0.0,-0.0,0,0,4,17427,7116,0.0,100,0.0,0.0,2.718366610185338e+23,0.0,0.0,0,0,0,0,0.0,0,0,0,0,0,0,0,0,0,0,0,0,0,0,0,0,0,0,0,0,0,0,0,0,0,0,0,0,0,0,0,0,0,31,40,40,71,65476,0,300,0,0,8,21553,0.0,-107605600.0,0.0,0.0,0.0,0.0,0.0,0.0,0.0,0.0,0.0,0.0,0.0,0.0,0.0,0.0,0.0,0.0,0.0,0.0,0.0,0.0,2.004,-0.0,0.0,0.0,0.0,0.0,0.0,0.0,5138.0,0.0,6916.0,2.7184246165485387e+23,0.0,2.004,2.004,0.0,0.0,0.0,0.0,69,0.0,-4.9504030653734545e+32,0.0,0.0,0.0,0.0,0.0,0.0,0.0,0,0,0,0.0,0.0,0.0,0.0,0.0,0.0,0.0,0.0,0.0,0.0,0.0,0.0,0.0,0.0,0.0,0.0,0,-107875648.0,69,0.0,138,0.0,2.012,ERR,ERR,ERR,ERR,ERR,ERR,ERR,ERR,ERR,ERR,ERR,ERR,ERR,ERR,ERR,ERR,ERR,ERR,ERR,ERR,ERR,ERR,ERR,ERR,ERR,ERR,ERR,ERR,ERR,ERR,ERR,ERR,ERR,ERR,ERR,ERR,ERR,ERR,ERR,ERR,ERR,ERR,ERR,ERR,ERR,ERR,ERR,ERR,ERR,ERR,ERR,ERR,ERR,ERR,ERR,ERR,ERR,ERR,ERR,ERR,ERR,ERR,ERR,ERR,ERR,ERR,ERR,60.0,60.0,35,0.0,0.0,0.0,0.0,0.0,0.0,0.0,0.0,0.0,0.0,0.0,0.0,0.0,0.0,0.0,0.0,65.2,0,118,57,42,65476,0,300,0,0,8,20529,65476,0,0,2621,60.0,0.0,0.0,0.0,0.0,0.0
2026-07-09T15:18:25,ERR,ERR,ERR,ERR,ERR,ERR,ERR,ERR,ERR,ERR,ERR,ERR,ERR,ERR,ERR,ERR,ERR,ERR,ERR,ERR,ERR,ERR,ERR,ERR,ERR,ERR,ERR,ERR,ERR,ERR,ERR,ERR,ERR,ERR,ERR,ERR,ERR,ERR,ERR,ERR,ERR,ERR,ERR,ERR,ERR,ERR,ERR,ERR,ERR,ERR,ERR,ERR,ERR,ERR,ERR,ERR,ERR,ERR,ERR,ERR,ERR,ERR,ERR,ERR,ERR,ERR,ERR,ERR,ERR,ERR,ERR,ERR,ERR,ERR,ERR,ERR,ERR,ERR,ERR,ERR,ERR,ERR,ERR,ERR,ERR,ERR,ERR,ERR,ERR,ERR,ERR,ERR,ERR,ERR,ERR,ERR,ERR,ERR,ERR,ERR,ERR,ERR,ERR,ERR,ERR,ERR,ERR,ERR,ERR,ERR,ERR,ERR,ERR,ERR,ERR,ERR,ERR,ERR,ERR,ERR,ERR,ERR,ERR,ERR,ERR,2.7184246165485387e+23,0.0,0.0,2.718366610185338e+23,-0.0,-2.2096550175965184e+17,0.0,-0.0,0,0,4,17427,7116,0.0,100,0.0,0.0,2.718366610185338e+23,0.0,0.0,0,0,0,0,0.0,0,0,0,0,0,0,0,0,0,0,0,0,0,0,0,0,0,0,0,0,0,0,0,0,0,0,0,0,0,0,0,0,0,31,40,40,71,65476,0,300,0,0,8,21553,0.0,-107605600.0,0.0,0.0,0.0,0.0,0.0,0.0,0.0,0.0,0.0,0.0,0.0,0.0,0.0,0.0,0.0,0.0,0.0,0.0,0.0,0.0,2.004,-0.0,0.0,0.0,0.0,0.0,0.0,0.0,5138.0,0.0,6916.0,2.7184246165485387e+23,0.0,2.004,2.004,0.0,0.0,0.0,0.0,69,0.0,-4.9504030653734545e+32,0.0,0.0,0.0,0.0,0.0,0.0,0.0,0,0,0,0.0,0.0,0.0,0.0,0.0,0.0,0.0,0.0,0.0,0.0,0.0,0.0,0.0,0.0,0.0,0.0,0,-107875648.0,69,0.0,138,0.0,2.012,ERR,ERR,ERR,ERR,ERR,ERR,ERR,ERR,ERR,ERR,ERR,ERR,ERR,ERR,ERR,ERR,ERR,ERR,ERR,ERR,ERR,ERR,ERR,ERR,ERR,ERR,ERR,ERR,ERR,ERR,ERR,ERR,ERR,ERR,ERR,ERR,ERR,ERR,ERR,ERR,ERR,ERR,ERR,ERR,ERR,ERR,ERR,ERR,ERR,ERR,ERR,ERR,ERR,ERR,ERR,ERR,ERR,ERR,ERR,ERR,ERR,ERR,ERR,ERR,ERR,ERR,ERR,60.0,60.0,35,0.0,0.0,0.0,0.0,0.0,0.0,0.0,0.0,0.0,0.0,0.0,0.0,0.0,0.0,0.0,0.0,65.2,0,118,57,42,65476,0,300,0,0,8,20529,65476,0,0,2621,60.0,0.0,0.0,0.0,0.0,0.0
2026-07-09T15:18:26,ERR,ERR,ERR,ERR,ERR,ERR,ERR,ERR,ERR,ERR,ERR,ERR,ERR,ERR,ERR,ERR,ERR,ERR,ERR,ERR,ERR,ERR,ERR,ERR,ERR,ERR,ERR,ERR,ERR,ERR,ERR,ERR,ERR,ERR,ERR,ERR,ERR,ERR,ERR,ERR,ERR,ERR,ERR,ERR,ERR,ERR,ERR,ERR,ERR,ERR,ERR,ERR,ERR,ERR,ERR,ERR,ERR,ERR,ERR,ERR,ERR,ERR,ERR,ERR,ERR,ERR,ERR,ERR,ERR,ERR,ERR,ERR,ERR,ERR,ERR,ERR,ERR,ERR,ERR,ERR,ERR,ERR,ERR,ERR,ERR,ERR,ERR,ERR,ERR,ERR,ERR,ERR,ERR,ERR,ERR,ERR,ERR,ERR,ERR,ERR,ERR,ERR,ERR,ERR,ERR,ERR,ERR,ERR,ERR,ERR,ERR,ERR,ERR,ERR,ERR,ERR,ERR,ERR,ERR,ERR,ERR,ERR,ERR,ERR,ERR,2.7184246165485387e+23,2.7184455132508097e+23,2.7184202930928964e+23,0.0,1575186.125,-0.0,-1.3738217260581207e+26,-0.0,0,0,4,17427,7116,0.0,100,0.0,0.0,0.0,0.0,0.0,0,0,0,0,0.0,0,0,0,0,0,0,0,0,0,0,0,0,0,0,0,0,0,0,0,0,0,0,0,0,0,0,0,0,0,0,0,0,0,31,40,40,71,65476,0,300,0,0,8,21553,0.0,-107605600.0,0.0,0.0,0.0,0.0,0.0,0.0,0.0,0.0,0.0,0.0,0.0,0.0,0.0,0.0,0.0,0.0,0.0,0.0,0.0,0.0,2.004,-2.004,0.0,0.0,0.0,0.0,0.0,0.0,5139.0,2.4229890574537865e+24,6925.0,2.7184246165485387e+23,2.7184455132508097e+23,2.004,2.004,0.0,0.0,0.0,0.0,69,0.0,126840578048.0,0.0,0.0,0.0,0.0,0.0,0.0,0.0,0,0,0,0.0,0.0,0.0,0.0,0.0,0.0,0.0,0.0,0.0,0.0,0.0,0.0,0.0,0.0,0.0,0.0,0,-107875648.0,69,0.0,138,0.0,2.012,ERR,ERR,ERR,ERR,ERR,ERR,ERR,ERR,ERR,ERR,ERR,ERR,ERR,ERR,ERR,ERR,ERR,ERR,ERR,ERR,ERR,ERR,ERR,ERR,ERR,ERR,ERR,ERR,ERR,ERR,ERR,ERR,ERR,ERR,ERR,ERR,ERR,ERR,ERR,ERR,ERR,ERR,ERR,ERR,ERR,ERR,ERR,ERR,ERR,ERR,ERR,ERR,ERR,ERR,ERR,ERR,ERR,ERR,ERR,ERR,ERR,ERR,ERR,ERR,ERR,ERR,ERR,60.0,60.0,35,0.0,0.0,0.0,0.0,0.0,0.0,0.0,0.0,0.0,0.0,0.0,0.0,0.0,0.0,0.0,0.0,65.2,0,118,57,42,65476,0,300,0,0,8,20529,65476,0,0,2621,60.0,0.0,0.0,0.0,0.0,0.0
2026-07-09T15:18:27,ERR,ERR,ERR,ERR,ERR,ERR,ERR,ERR,ERR,ERR,ERR,ERR,ERR,ERR,ERR,ERR,ERR,ERR,ERR,ERR,ERR,ERR,ERR,ERR,ERR,ERR,ERR,ERR,ERR,ERR,ERR,ERR,ERR,ERR,ERR,ERR,ERR,ERR,ERR,ERR,ERR,ERR,ERR,ERR,ERR,ERR,ERR,ERR,ERR,ERR,ERR,ERR,ERR,ERR,ERR,ERR,ERR,ERR,ERR,ERR,ERR,ERR,ERR,ERR,ERR,ERR,ERR,ERR,ERR,ERR,ERR,ERR,ERR,ERR,ERR,ERR,ERR,ERR,ERR,ERR,ERR,ERR,ERR,ERR,ERR,ERR,ERR,ERR,ERR,ERR,ERR,ERR,ERR,ERR,ERR,ERR,ERR,ERR,ERR,ERR,ERR,ERR,ERR,ERR,ERR,ERR,ERR,ERR,ERR,ERR,ERR,ERR,ERR,ERR,ERR,ERR,ERR,ERR,ERR,ERR,ERR,ERR,ERR,ERR,ERR,2.7184246165485387e+23,2.7184455132508097e+23,2.7184202930928964e+23,0.0,1575186.125,-0.0,-1.3738217260581207e+26,-0.0,0,0,4,17427,7116,0.0,100,0.0,0.0,0.0,0.0,0.0,0,0,0,0,0.0,0,0,0,0,0,0,0,0,0,0,0,0,0,0,0,0,0,0,0,0,0,0,0,0,0,0,0,0,0,0,0,0,0,31,40,40,71,65476,0,300,0,0,8,21553,0.0,-107605600.0,0.0,0.0,0.0,0.0,0.0,0.0,0.0,0.0,0.0,0.0,0.0,0.0,0.0,0.0,0.0,0.0,0.0,0.0,0.0,0.0,2.004,-2.004,0.0,0.0,0.0,0.0,0.0,0.0,5139.0,2.4229890574537865e+24,6925.0,2.7184246165485387e+23,2.7184455132508097e+23,2.004,2.004,0.0,0.0,0.0,0.0,69,0.0,126840578048.0,0.0,0.0,0.0,0.0,0.0,0.0,0.0,0,0,0,0.0,0.0,0.0,0.0,0.0,0.0,0.0,0.0,0.0,0.0,0.0,0.0,0.0,0.0,0.0,0.0,0,-107875648.0,69,0.0,138,0.0,2.012,ERR,ERR,ERR,ERR,ERR,ERR,ERR,ERR,ERR,ERR,ERR,ERR,ERR,ERR,ERR,ERR,ERR,ERR,ERR,ERR,ERR,ERR,ERR,ERR,ERR,ERR,ERR,ERR,ERR,ERR,ERR,ERR,ERR,ERR,ERR,ERR,ERR,ERR,ERR,ERR,ERR,ERR,ERR,ERR,ERR,ERR,ERR,ERR,ERR,ERR,ERR,ERR,ERR,ERR,ERR,ERR,ERR,ERR,ERR,ERR,ERR,ERR,ERR,ERR,ERR,ERR,ERR,60.0,60.0,35,0.0,0.0,0.0,0.0,0.0,0.0,0.0,0.0,0.0,0.0,0.0,0.0,0.0,0.0,0.0,0.0,65.2,0,118,57,42,65476,0,300,0,0,8,20529,65476,0,0,2621,60.0,0.0,0.0,0.0,0.0,0.0
2026-07-09T15:18:28,ERR,ERR,ERR,ERR,ERR,ERR,ERR,ERR,ERR,ERR,ERR,ERR,ERR,ERR,ERR,ERR,ERR,ERR,ERR,ERR,ERR,ERR,ERR,ERR,ERR,ERR,ERR,ERR,ERR,ERR,ERR,ERR,ERR,ERR,ERR,ERR,ERR,ERR,ERR,ERR,ERR,ERR,ERR,ERR,ERR,ERR,ERR,ERR,ERR,ERR,ERR,ERR,ERR,ERR,ERR,ERR,ERR,ERR,ERR,ERR,ERR,ERR,ERR,ERR,ERR,ERR,ERR,ERR,ERR,ERR,ERR,ERR,ERR,ERR,ERR,ERR,ERR,ERR,ERR,ERR,ERR,ERR,ERR,ERR,ERR,ERR,ERR,ERR,ERR,ERR,ERR,ERR,ERR,ERR,ERR,ERR,ERR,ERR,ERR,ERR,ERR,ERR,ERR,ERR,ERR,ERR,ERR,ERR,ERR,ERR,ERR,ERR,ERR,ERR,ERR,ERR,ERR,ERR,ERR,ERR,ERR,ERR,ERR,ERR,ERR,2.7184246165485387e+23,2.7184455132508097e+23,2.7184202930928964e+23,0.0,1575186.125,-0.0,-1.3738217260581207e+26,-0.0,0,0,4,17427,7116,0.0,100,0.0,0.0,0.0,0.0,0.0,0,0,0,0,0.0,0,0,0,0,0,0,0,0,0,0,0,0,0,0,0,0,0,0,0,0,0,0,0,0,0,0,0,0,0,0,0,0,0,31,40,40,71,65476,0,300,0,0,8,21553,0.0,-107605600.0,0.0,0.0,0.0,0.0,0.0,0.0,0.0,0.0,0.0,0.0,0.0,0.0,0.0,0.0,0.0,0.0,0.0,0.0,0.0,0.0,2.004,-2.004,0.0,0.0,0.0,0.0,0.0,0.0,5139.0,2.4229890574537865e+24,6925.0,2.7184246165485387e+23,2.7184455132508097e+23,2.004,2.004,0.0,0.0,0.0,0.0,69,0.0,126840578048.0,0.0,0.0,0.0,0.0,0.0,0.0,0.0,0,0,0,0.0,0.0,0.0,0.0,0.0,0.0,0.0,0.0,0.0,0.0,0.0,0.0,0.0,0.0,0.0,0.0,0,-107875648.0,69,0.0,138,0.0,2.012,ERR,ERR,ERR,ERR,ERR,ERR,ERR,ERR,ERR,ERR,ERR,ERR,ERR,ERR,ERR,ERR,ERR,ERR,ERR,ERR,ERR,ERR,ERR,ERR,ERR,ERR,ERR,ERR,ERR,ERR,ERR,ERR,ERR,ERR,ERR,ERR,ERR,ERR,ERR,ERR,ERR,ERR,ERR,ERR,ERR,ERR,ERR,ERR,ERR,ERR,ERR,ERR,ERR,ERR,ERR,ERR,ERR,ERR,ERR,ERR,ERR,ERR,ERR,ERR,ERR,ERR,ERR,60.0,60.0,35,0.0,0.0,0.0,0.0,0.0,0.0,0.0,0.0,0.0,0.0,0.0,0.0,0.0,0.0,0.0,0.0,65.2,0,118,57,42,65476,0,300,0,0,8,20529,65476,0,0,2621,60.0,0.0,0.0,0.0,0.0,0.0
2026-07-09T15:18:29,ERR,ERR,ERR,ERR,ERR,ERR,ERR,ERR,ERR,ERR,ERR,ERR,ERR,ERR,ERR,ERR,ERR,ERR,ERR,ERR,ERR,ERR,ERR,ERR,ERR,ERR,ERR,ERR,ERR,ERR,ERR,ERR,ERR,ERR,ERR,ERR,ERR,ERR,ERR,ERR,ERR,ERR,ERR,ERR,ERR,ERR,ERR,ERR,ERR,ERR,ERR,ERR,ERR,ERR,ERR,ERR,ERR,ERR,ERR,ERR,ERR,ERR,ERR,ERR,ERR,ERR,ERR,ERR,ERR,ERR,ERR,ERR,ERR,ERR,ERR,ERR,ERR,ERR,ERR,ERR,ERR,ERR,ERR,ERR,ERR,ERR,ERR,ERR,ERR,ERR,ERR,ERR,ERR,ERR,ERR,ERR,ERR,ERR,ERR,ERR,ERR,ERR,ERR,ERR,ERR,ERR,ERR,ERR,ERR,ERR,ERR,ERR,ERR,ERR,ERR,ERR,ERR,ERR,ERR,ERR,ERR,ERR,ERR,ERR,ERR,2.7184246165485387e+23,2.7184455132508097e+23,2.7184202930928964e+23,0.0,1575186.125,-0.0,-1.3738217260581207e+26,-0.0,0,0,4,17427,7116,0.0,100,0.0,0.0,0.0,0.0,0.0,0,0,0,0,0.0,0,0,0,0,0,0,0,0,0,0,0,0,0,0,0,0,0,0,0,0,0,0,0,0,0,0,0,0,0,0,0,0,0,31,40,40,71,65476,0,300,0,0,8,21553,0.0,-107605600.0,0.0,0.0,0.0,0.0,0.0,0.0,0.0,0.0,0.0,0.0,0.0,0.0,0.0,0.0,0.0,0.0,0.0,0.0,0.0,0.0,2.004,-2.004,0.0,0.0,0.0,0.0,0.0,0.0,5139.0,2.4229890574537865e+24,6925.0,2.7184246165485387e+23,2.7184455132508097e+23,2.004,2.004,0.0,0.0,0.0,0.0,69,0.0,126840578048.0,0.0,0.0,0.0,0.0,0.0,0.0,0.0,0,0,0,0.0,0.0,0.0,0.0,0.0,0.0,0.0,0.0,0.0,0.0,0.0,0.0,0.0,0.0,0.0,0.0,0,-107875648.0,69,0.0,138,0.0,2.012,ERR,ERR,ERR,ERR,ERR,ERR,ERR,ERR,ERR,ERR,ERR,ERR,ERR,ERR,ERR,ERR,ERR,ERR,ERR,ERR,ERR,ERR,ERR,ERR,ERR,ERR,ERR,ERR,ERR,ERR,ERR,ERR,ERR,ERR,ERR,ERR,ERR,ERR,ERR,ERR,ERR,ERR,ERR,ERR,ERR,ERR,ERR,ERR,ERR,ERR,ERR,ERR,ERR,ERR,ERR,ERR,ERR,ERR,ERR,ERR,ERR,ERR,ERR,ERR,ERR,ERR,ERR,60.0,60.0,35,0.0,0.0,0.0,0.0,0.0,0.0,0.0,0.0,0.0,0.0,0.0,0.0,0.0,0.0,0.0,0.0,65.2,0,118,57,42,65476,0,300,0,0,8,20529,65476,0,0,2621,60.0,0.0,0.0,0.0,0.0,0.0
2026-07-09T15:18:30,ERR,ERR,ERR,ERR,ERR,ERR,ERR,ERR,ERR,ERR,ERR,ERR,ERR,ERR,ERR,ERR,ERR,ERR,ERR,ERR,ERR,ERR,ERR,ERR,ERR,ERR,ERR,ERR,ERR,ERR,ERR,ERR,ERR,ERR,ERR,ERR,ERR,ERR,ERR,ERR,ERR,ERR,ERR,ERR,ERR,ERR,ERR,ERR,ERR,ERR,ERR,ERR,ERR,ERR,ERR,ERR,ERR,ERR,ERR,ERR,ERR,ERR,ERR,ERR,ERR,ERR,ERR,ERR,ERR,ERR,ERR,ERR,ERR,ERR,ERR,ERR,ERR,ERR,ERR,ERR,ERR,ERR,ERR,ERR,ERR,ERR,ERR,ERR,ERR,ERR,ERR,ERR,ERR,ERR,ERR,ERR,ERR,ERR,ERR,ERR,ERR,ERR,ERR,ERR,ERR,ERR,ERR,ERR,ERR,ERR,ERR,ERR,ERR,ERR,ERR,ERR,ERR,ERR,ERR,ERR,ERR,ERR,ERR,ERR,ERR,2.7184246165485387e+23,2.7184455132508097e+23,2.7184202930928964e+23,0.0,1575186.125,-0.0,-1.3738217260581207e+26,-0.0,0,0,4,17427,7116,0.0,100,0.0,0.0,0.0,0.0,0.0,0,0,0,0,0.0,0,0,0,0,0,0,0,0,0,0,0,0,0,0,0,0,0,0,0,0,0,0,0,0,0,0,0,0,0,0,0,0,0,31,40,40,71,65476,0,300,0,0,8,21553,0.0,-107605600.0,0.0,0.0,0.0,0.0,0.0,0.0,0.0,0.0,0.0,0.0,0.0,0.0,0.0,0.0,0.0,0.0,0.0,0.0,0.0,0.0,2.004,-2.004,0.0,0.0,0.0,0.0,0.0,0.0,5139.0,2.4229890574537865e+24,6925.0,2.7184246165485387e+23,2.7184455132508097e+23,2.004,2.004,0.0,0.0,0.0,0.0,69,0.0,126840578048.0,0.0,0.0,0.0,0.0,0.0,0.0,0.0,0,0,0,0.0,0.0,0.0,0.0,0.0,0.0,0.0,0.0,0.0,0.0,0.0,0.0,0.0,0.0,0.0,0.0,0,-107875648.0,69,0.0,138,0.0,2.012,ERR,ERR,ERR,ERR,ERR,ERR,ERR,ERR,ERR,ERR,ERR,ERR,ERR,ERR,ERR,ERR,ERR,ERR,ERR,ERR,ERR,ERR,ERR,ERR,ERR,ERR,ERR,ERR,ERR,ERR,ERR,ERR,ERR,ERR,ERR,ERR,ERR,ERR,ERR,ERR,ERR,ERR,ERR,ERR,ERR,ERR,ERR,ERR,ERR,ERR,ERR,ERR,ERR,ERR,ERR,ERR,ERR,ERR,ERR,ERR,ERR,ERR,ERR,ERR,ERR,ERR,ERR,60.0,60.0,35,0.0,0.0,0.0,0.0,0.0,0.0,0.0,0.0,0.0,0.0,0.0,0.0,0.0,0.0,0.0,0.0,65.2,0,118,57,42,65476,0,300,0,0,8,20529,65476,0,0,2621,60.0,0.0,0.0,0.0,0.0,0.0
2026-07-09T15:18:31,ERR,ERR,ERR,ERR,ERR,ERR,ERR,ERR,ERR,ERR,ERR,ERR,ERR,ERR,ERR,ERR,ERR,ERR,ERR,ERR,ERR,ERR,ERR,ERR,ERR,ERR,ERR,ERR,ERR,ERR,ERR,ERR,ERR,ERR,ERR,ERR,ERR,ERR,ERR,ERR,ERR,ERR,ERR,ERR,ERR,ERR,ERR,ERR,ERR,ERR,ERR,ERR,ERR,ERR,ERR,ERR,ERR,ERR,ERR,ERR,ERR,ERR,ERR,ERR,ERR,ERR,ERR,ERR,ERR,ERR,ERR,ERR,ERR,ERR,ERR,ERR,ERR,ERR,ERR,ERR,ERR,ERR,ERR,ERR,ERR,ERR,ERR,ERR,ERR,ERR,ERR,ERR,ERR,ERR,ERR,ERR,ERR,ERR,ERR,ERR,ERR,ERR,ERR,ERR,ERR,ERR,ERR,ERR,ERR,ERR,ERR,ERR,ERR,ERR,ERR,ERR,ERR,ERR,ERR,ERR,ERR,ERR,ERR,ERR,ERR,2.7184246165485387e+23,2.7184455132508097e+23,2.7184202930928964e+23,0.0,1575186.125,3.709489696640701e+37,-2714117878054912.0,-0.0,0,0,4,17429,7116,0.0,100,0.0,0.0,0.0,0.0,0.0,0,0,0,0,0.0,0,0,0,0,0,0,0,0,0,0,0,0,0,0,0,0,0,0,0,0,0,0,0,0,0,0,0,0,0,0,0,0,0,31,40,40,71,65476,0,300,0,0,8,21553,0.0,-107605600.0,0.0,0.0,0.0,0.0,0.0,0.0,0.0,0.0,0.0,0.0,0.0,0.0,0.0,0.0,0.0,0.0,0.0,0.0,0.0,0.0,2.004,-2.004,0.0,0.0,0.0,0.0,0.0,0.0,5145.0,-0.0,6934.0,2.7184246165485387e+23,2.7184455132508097e+23,2.004,2.004,0.0,0.0,0.0,0.0,69,2.7184172306451498e+23,-0.0,0.0,0.0,0.0,0.0,0.0,0.0,0.0,0,0,0,0.0,0.0,0.0,0.0,0.0,0.0,0.0,0.0,0.0,0.0,0.0,0.0,0.0,0.0,0.0,0.0,0,-107875648.0,69,0.0,138,0.0,2.012,ERR,ERR,ERR,ERR,ERR,ERR,ERR,ERR,ERR,ERR,ERR,ERR,ERR,ERR,ERR,ERR,ERR,ERR,ERR,ERR,ERR,ERR,ERR,ERR,ERR,ERR,ERR,ERR,ERR,ERR,ERR,ERR,ERR,ERR,ERR,ERR,ERR,ERR,ERR,ERR,ERR,ERR,ERR,ERR,ERR,ERR,ERR,ERR,ERR,ERR,ERR,ERR,ERR,ERR,ERR,ERR,ERR,ERR,ERR,ERR,ERR,ERR,ERR,ERR,ERR,ERR,ERR,60.0,60.0,35,0.0,0.0,0.0,0.0,0.0,0.0,0.0,0.0,0.0,0.0,0.0,0.0,0.0,0.0,0.0,0.0,65.2,0,118,57,42,65476,0,300,0,0,8,20529,65476,0,0,2621,60.0,0.0,0.0,0.0,0.0,0.0
2026-07-09T15:18:32,ERR,ERR,ERR,ERR,ERR,ERR,ERR,ERR,ERR,ERR,ERR,ERR,ERR,ERR,ERR,ERR,ERR,ERR,ERR,ERR,ERR,ERR,ERR,ERR,ERR,ERR,ERR,ERR,ERR,ERR,ERR,ERR,ERR,ERR,ERR,ERR,ERR,ERR,ERR,ERR,ERR,ERR,ERR,ERR,ERR,ERR,ERR,ERR,ERR,ERR,ERR,ERR,ERR,ERR,ERR,ERR,ERR,ERR,ERR,ERR,ERR,ERR,ERR,ERR,ERR,ERR,ERR,ERR,ERR,ERR,ERR,ERR,ERR,ERR,ERR,ERR,ERR,ERR,ERR,ERR,ERR,ERR,ERR,ERR,ERR,ERR,ERR,ERR,ERR,ERR,ERR,ERR,ERR,ERR,ERR,ERR,ERR,ERR,ERR,ERR,ERR,ERR,ERR,ERR,ERR,ERR,ERR,ERR,ERR,ERR,ERR,ERR,ERR,ERR,ERR,ERR,ERR,ERR,ERR,ERR,ERR,ERR,ERR,ERR,ERR,2.7184246165485387e+23,2.7184455132508097e+23,2.7184202930928964e+23,0.0,1575186.125,3.709489696640701e+37,-2714117878054912.0,-0.0,0,0,4,17429,7116,0.0,100,0.0,0.0,0.0,0.0,0.0,0,0,0,0,0.0,0,0,0,0,0,0,0,0,0,0,0,0,0,0,0,0,0,0,0,0,0,0,0,0,0,0,0,0,0,0,0,0,0,31,40,40,71,65476,0,300,0,0,8,21553,0.0,-107605600.0,0.0,0.0,0.0,0.0,0.0,0.0,0.0,0.0,0.0,0.0,0.0,0.0,0.0,0.0,0.0,0.0,0.0,0.0,0.0,0.0,2.004,-2.004,0.0,0.0,0.0,0.0,0.0,0.0,5145.0,-0.0,6934.0,2.7184246165485387e+23,2.7184455132508097e+23,2.004,2.004,0.0,0.0,0.0,0.0,69,2.7184172306451498e+23,-0.0,0.0,0.0,0.0,0.0,0.0,0.0,0.0,0,0,0,0.0,0.0,0.0,0.0,0.0,0.0,0.0,0.0,0.0,0.0,0.0,0.0,0.0,0.0,0.0,0.0,0,-107875648.0,69,0.0,138,0.0,2.012,ERR,ERR,ERR,ERR,ERR,ERR,ERR,ERR,ERR,ERR,ERR,ERR,ERR,ERR,ERR,ERR,ERR,ERR,ERR,ERR,ERR,ERR,ERR,ERR,ERR,ERR,ERR,ERR,ERR,ERR,ERR,ERR,ERR,ERR,ERR,ERR,ERR,ERR,ERR,ERR,ERR,ERR,ERR,ERR,ERR,ERR,ERR,ERR,ERR,ERR,ERR,ERR,ERR,ERR,ERR,ERR,ERR,ERR,ERR,ERR,ERR,ERR,ERR,ERR,ERR,ERR,ERR,60.0,60.0,35,0.0,0.0,0.0,0.0,0.0,0.0,0.0,0.0,0.0,0.0,0.0,0.0,0.0,0.0,0.0,0.0,65.6,0,118,57,42,65476,0,300,0,0,8,20529,65476,0,0,2621,60.0,0.0,0.0,0.0,0.0,0.0
2026-07-09T15:18:33,ERR,ERR,ERR,ERR,ERR,ERR,ERR,ERR,ERR,ERR,ERR,ERR,ERR,ERR,ERR,ERR,ERR,ERR,ERR,ERR,ERR,ERR,ERR,ERR,ERR,ERR,ERR,ERR,ERR,ERR,ERR,ERR,ERR,ERR,ERR,ERR,ERR,ERR,ERR,ERR,ERR,ERR,ERR,ERR,ERR,ERR,ERR,ERR,ERR,ERR,ERR,ERR,ERR,ERR,ERR,ERR,ERR,ERR,ERR,ERR,ERR,ERR,ERR,ERR,ERR,ERR,ERR,ERR,ERR,ERR,ERR,ERR,ERR,ERR,ERR,ERR,ERR,ERR,ERR,ERR,ERR,ERR,ERR,ERR,ERR,ERR,ERR,ERR,ERR,ERR,ERR,ERR,ERR,ERR,ERR,ERR,ERR,ERR,ERR,ERR,ERR,ERR,ERR,ERR,ERR,ERR,ERR,ERR,ERR,ERR,ERR,ERR,ERR,ERR,ERR,ERR,ERR,ERR,ERR,ERR,ERR,ERR,ERR,ERR,ERR,2.7184246165485387e+23,2.7184455132508097e+23,2.7184202930928964e+23,0.0,1575186.125,3.709489696640701e+37,-2714117878054912.0,-0.0,0,0,4,17429,7116,0.0,100,0.0,0.0,0.0,0.0,0.0,0,0,0,0,0.0,0,0,0,0,0,0,0,0,0,0,0,0,0,0,0,0,0,0,0,0,0,0,0,0,0,0,0,0,0,0,0,0,0,31,40,40,71,65476,0,300,0,0,8,21553,0.0,-107605600.0,0.0,0.0,0.0,0.0,0.0,0.0,0.0,0.0,0.0,0.0,0.0,0.0,0.0,0.0,0.0,0.0,0.0,0.0,0.0,0.0,2.004,-2.004,0.0,0.0,0.0,0.0,0.0,0.0,5145.0,-0.0,6934.0,2.7184246165485387e+23,2.7184455132508097e+23,2.004,2.004,0.0,0.0,0.0,0.0,69,2.7184172306451498e+23,-0.0,0.0,0.0,0.0,0.0,0.0,0.0,0.0,0,0,0,0.0,0.0,0.0,0.0,0.0,0.0,0.0,0.0,0.0,0.0,0.0,0.0,0.0,0.0,0.0,0.0,0,-107875648.0,69,0.0,138,0.0,2.012,ERR,ERR,ERR,ERR,ERR,ERR,ERR,ERR,ERR,ERR,ERR,ERR,ERR,ERR,ERR,ERR,ERR,ERR,ERR,ERR,ERR,ERR,ERR,ERR,ERR,ERR,ERR,ERR,ERR,ERR,ERR,ERR,ERR,ERR,ERR,ERR,ERR,ERR,ERR,ERR,ERR,ERR,ERR,ERR,ERR,ERR,ERR,ERR,ERR,ERR,ERR,ERR,ERR,ERR,ERR,ERR,ERR,ERR,ERR,ERR,ERR,ERR,ERR,ERR,ERR,ERR,ERR,60.0,60.0,35,0.0,0.0,0.0,0.0,0.0,0.0,0.0,0.0,0.0,0.0,0.0,0.0,0.0,0.0,0.0,0.0,65.2,0,118,57,42,65476,0,300,0,0,8,20529,65476,0,0,2621,60.0,0.0,0.0,0.0,0.0,0.0
2026-07-09T15:18:34,ERR,ERR,ERR,ERR,ERR,ERR,ERR,ERR,ERR,ERR,ERR,ERR,ERR,ERR,ERR,ERR,ERR,ERR,ERR,ERR,ERR,ERR,ERR,ERR,ERR,ERR,ERR,ERR,ERR,ERR,ERR,ERR,ERR,ERR,ERR,ERR,ERR,ERR,ERR,ERR,ERR,ERR,ERR,ERR,ERR,ERR,ERR,ERR,ERR,ERR,ERR,ERR,ERR,ERR,ERR,ERR,ERR,ERR,ERR,ERR,ERR,ERR,ERR,ERR,ERR,ERR,ERR,ERR,ERR,ERR,ERR,ERR,ERR,ERR,ERR,ERR,ERR,ERR,ERR,ERR,ERR,ERR,ERR,ERR,ERR,ERR,ERR,ERR,ERR,ERR,ERR,ERR,ERR,ERR,ERR,ERR,ERR,ERR,ERR,ERR,ERR,ERR,ERR,ERR,ERR,ERR,ERR,ERR,ERR,ERR,ERR,ERR,ERR,ERR,ERR,ERR,ERR,ERR,ERR,ERR,ERR,ERR,ERR,ERR,ERR,2.7184246165485387e+23,2.7184455132508097e+23,2.7184202930928964e+23,0.0,1575186.125,3.709489696640701e+37,-2714117878054912.0,-0.0,0,0,4,17429,7116,0.0,100,0.0,0.0,0.0,0.0,0.0,0,0,0,0,0.0,0,0,0,0,0,0,0,0,0,0,0,0,0,0,0,0,0,0,0,0,0,0,0,0,0,0,0,0,0,0,0,0,0,31,40,40,71,65476,0,300,0,0,8,21553,0.0,-107605600.0,0.0,0.0,0.0,0.0,0.0,0.0,0.0,0.0,0.0,0.0,0.0,0.0,0.0,0.0,0.0,0.0,0.0,0.0,0.0,0.0,2.004,-2.004,0.0,0.0,0.0,0.0,0.0,0.0,5145.0,-0.0,6934.0,2.7184246165485387e+23,2.7184455132508097e+23,2.004,2.004,0.0,0.0,0.0,0.0,69,2.7184172306451498e+23,-0.0,0.0,0.0,0.0,0.0,0.0,0.0,0.0,0,0,0,0.0,0.0,0.0,0.0,0.0,0.0,0.0,0.0,0.0,0.0,0.0,0.0,0.0,0.0,0.0,0.0,0,-107875648.0,69,0.0,138,0.0,2.012,ERR,ERR,ERR,ERR,ERR,ERR,ERR,ERR,ERR,ERR,ERR,ERR,ERR,ERR,ERR,ERR,ERR,ERR,ERR,ERR,ERR,ERR,ERR,ERR,ERR,ERR,ERR,ERR,ERR,ERR,ERR,ERR,ERR,ERR,ERR,ERR,ERR,ERR,ERR,ERR,ERR,ERR,ERR,ERR,ERR,ERR,ERR,ERR,ERR,ERR,ERR,ERR,ERR,ERR,ERR,ERR,ERR,ERR,ERR,ERR,ERR,ERR,ERR,ERR,ERR,ERR,ERR,60.0,60.0,35,0.0,0.0,0.0,0.0,0.0,0.0,0.0,0.0,0.0,0.0,0.0,0.0,0.0,0.0,0.0,0.0,65.2,0,118,57,42,65476,0,300,0,0,8,20529,65476,0,0,2621,60.0,0.0,0.0,0.0,0.0,0.0
2026-07-09T15:18:35,ERR,ERR,ERR,ERR,ERR,ERR,ERR,ERR,ERR,ERR,ERR,ERR,ERR,ERR,ERR,ERR,ERR,ERR,ERR,ERR,ERR,ERR,ERR,ERR,ERR,ERR,ERR,ERR,ERR,ERR,ERR,ERR,ERR,ERR,ERR,ERR,ERR,ERR,ERR,ERR,ERR,ERR,ERR,ERR,ERR,ERR,ERR,ERR,ERR,ERR,ERR,ERR,ERR,ERR,ERR,ERR,ERR,ERR,ERR,ERR,ERR,ERR,ERR,ERR,ERR,ERR,ERR,ERR,ERR,ERR,ERR,ERR,ERR,ERR,ERR,ERR,ERR,ERR,ERR,ERR,ERR,ERR,ERR,ERR,ERR,ERR,ERR,ERR,ERR,ERR,ERR,ERR,ERR,ERR,ERR,ERR,ERR,ERR,ERR,ERR,ERR,ERR,ERR,ERR,ERR,ERR,ERR,ERR,ERR,ERR,ERR,ERR,ERR,ERR,ERR,ERR,ERR,ERR,ERR,ERR,ERR,ERR,ERR,ERR,ERR,2.7184246165485387e+23,2.7184455132508097e+23,2.7184202930928964e+23,0.0,1575186.125,3.709489696640701e+37,-2714117878054912.0,-0.0,0,0,4,17429,7116,0.0,100,0.0,0.0,0.0,0.0,0.0,0,0,0,0,0.0,0,0,0,0,0,0,0,0,0,0,0,0,0,0,0,0,0,0,0,0,0,0,0,0,0,0,0,0,0,0,0,0,0,31,40,40,71,65476,0,300,0,0,8,21553,0.0,-107605600.0,0.0,0.0,0.0,0.0,0.0,0.0,0.0,0.0,0.0,0.0,0.0,0.0,0.0,0.0,0.0,0.0,0.0,0.0,0.0,0.0,2.004,-2.004,0.0,0.0,0.0,0.0,0.0,0.0,5145.0,-0.0,6934.0,2.7184246165485387e+23,2.7184455132508097e+23,2.004,2.004,0.0,0.0,0.0,0.0,69,2.7184172306451498e+23,-0.0,0.0,0.0,0.0,0.0,0.0,0.0,0.0,0,0,0,0.0,0.0,0.0,0.0,0.0,0.0,0.0,0.0,0.0,0.0,0.0,0.0,0.0,0.0,0.0,0.0,0,-107875648.0,69,0.0,138,0.0,2.012,ERR,ERR,ERR,ERR,ERR,ERR,ERR,ERR,ERR,ERR,ERR,ERR,ERR,ERR,ERR,ERR,ERR,ERR,ERR,ERR,ERR,ERR,ERR,ERR,ERR,ERR,ERR,ERR,ERR,ERR,ERR,ERR,ERR,ERR,ERR,ERR,ERR,ERR,ERR,ERR,ERR,ERR,ERR,ERR,ERR,ERR,ERR,ERR,ERR,ERR,ERR,ERR,ERR,ERR,ERR,ERR,ERR,ERR,ERR,ERR,ERR,ERR,ERR,ERR,ERR,ERR,ERR,60.0,60.0,35,0.0,0.0,0.0,0.0,0.0,0.0,0.0,0.0,0.0,0.0,0.0,0.0,0.0,0.0,0.0,0.0,65.2,0,118,57,42,65476,0,300,0,0,8,20529,65476,0,0,2621,60.0,0.0,0.0,0.0,0.0,0.0
2026-07-09T15:18:36,ERR,ERR,ERR,ERR,ERR,ERR,ERR,ERR,ERR,ERR,ERR,ERR,ERR,ERR,ERR,ERR,ERR,ERR,ERR,ERR,ERR,ERR,ERR,ERR,ERR,ERR,ERR,ERR,ERR,ERR,ERR,ERR,ERR,ERR,ERR,ERR,ERR,ERR,ERR,ERR,ERR,ERR,ERR,ERR,ERR,ERR,ERR,ERR,ERR,ERR,ERR,ERR,ERR,ERR,ERR,ERR,ERR,ERR,ERR,ERR,ERR,ERR,ERR,ERR,ERR,ERR,ERR,ERR,ERR,ERR,ERR,ERR,ERR,ERR,ERR,ERR,ERR,ERR,ERR,ERR,ERR,ERR,ERR,ERR,ERR,ERR,ERR,ERR,ERR,ERR,ERR,ERR,ERR,ERR,ERR,ERR,ERR,ERR,ERR,ERR,ERR,ERR,ERR,ERR,ERR,ERR,ERR,ERR,ERR,ERR,ERR,ERR,ERR,ERR,ERR,ERR,ERR,ERR,ERR,ERR,ERR,ERR,ERR,ERR,ERR,-0.0,2.7184455132508097e+23,0.0,0.0,-821556215808.0,64493445120.0,-0.0,7.374737115721429e+34,0,0,4,17429,7116,0.0,100,0.0,0.0,0.0,0.0,0.0,0,0,0,0,0.0,0,0,0,0,0,0,0,0,0,0,0,0,0,0,0,0,0,0,0,0,0,0,0,0,0,0,0,0,0,0,0,0,0,31,40,40,71,65476,0,300,0,0,8,21553,0.0,-107605600.0,0.0,0.0,0.0,0.0,0.0,0.0,0.0,0.0,0.0,0.0,0.0,0.0,0.0,0.0,0.0,0.0,0.0,0.0,0.0,0.0,-2.004,-2.004,0.0,0.0,0.0,0.0,0.0,0.0,5148.0,-2.004,6936.0,-0.0,2.7184455132508097e+23,2.004,2.004,0.0,0.0,0.0,0.0,69,-0.0,-71.629,0.0,0.0,0.0,0.0,0.0,0.0,0.0,0,0,0,0.0,0.0,0.0,0.0,0.0,0.0,0.0,0.0,0.0,0.0,0.0,0.0,0.0,0.0,0.0,0.0,0,-107875648.0,69,0.0,138,0.0,2.012,ERR,ERR,ERR,ERR,ERR,ERR,ERR,ERR,ERR,ERR,ERR,ERR,ERR,ERR,ERR,ERR,ERR,ERR,ERR,ERR,ERR,ERR,ERR,ERR,ERR,ERR,ERR,ERR,ERR,ERR,ERR,ERR,ERR,ERR,ERR,ERR,ERR,ERR,ERR,ERR,ERR,ERR,ERR,ERR,ERR,ERR,ERR,ERR,ERR,ERR,ERR,ERR,ERR,ERR,ERR,ERR,ERR,ERR,ERR,ERR,ERR,ERR,ERR,ERR,ERR,ERR,ERR,60.0,60.0,35,0.0,0.0,0.0,0.0,0.0,0.0,0.0,0.0,0.0,0.0,0.0,0.0,0.0,0.0,0.0,0.0,65.2,0,118,57,42,65476,0,300,0,0,8,20529,65476,0,0,2621,60.0,0.0,0.0,0.0,0.0,0.0
2026-07-09T15:18:37,ERR,ERR,ERR,ERR,ERR,ERR,ERR,ERR,ERR,ERR,ERR,ERR,ERR,ERR,ERR,ERR,ERR,ERR,ERR,ERR,ERR,ERR,ERR,ERR,ERR,ERR,ERR,ERR,ERR,ERR,ERR,ERR,ERR,ERR,ERR,ERR,ERR,ERR,ERR,ERR,ERR,ERR,ERR,ERR,ERR,ERR,ERR,ERR,ERR,ERR,ERR,ERR,ERR,ERR,ERR,ERR,ERR,ERR,ERR,ERR,ERR,ERR,ERR,ERR,ERR,ERR,ERR,ERR,ERR,ERR,ERR,ERR,ERR,ERR,ERR,ERR,ERR,ERR,ERR,ERR,ERR,ERR,ERR,ERR,ERR,ERR,ERR,ERR,ERR,ERR,ERR,ERR,ERR,ERR,ERR,ERR,ERR,ERR,ERR,ERR,ERR,ERR,ERR,ERR,ERR,ERR,ERR,ERR,ERR,ERR,ERR,ERR,ERR,ERR,ERR,ERR,ERR,ERR,ERR,ERR,ERR,ERR,ERR,ERR,ERR,-0.0,2.7184455132508097e+23,0.0,0.0,-821556215808.0,64493445120.0,-0.0,7.374737115721429e+34,0,0,4,17429,7116,0.0,100,0.0,0.0,0.0,0.0,0.0,0,0,0,0,0.0,0,0,0,0,0,0,0,0,0,0,0,0,0,0,0,0,0,0,0,0,0,0,0,0,0,0,0,0,0,0,0,0,0,31,40,40,71,65476,0,300,0,0,8,21553,0.0,-107605600.0,0.0,0.0,0.0,0.0,0.0,0.0,0.0,0.0,0.0,0.0,0.0,0.0,0.0,0.0,0.0,0.0,0.0,0.0,0.0,0.0,-2.004,-2.004,0.0,0.0,0.0,0.0,0.0,0.0,5148.0,-2.004,6936.0,-0.0,2.7184455132508097e+23,2.004,2.004,0.0,0.0,0.0,0.0,69,-0.0,-71.629,0.0,0.0,0.0,0.0,0.0,0.0,0.0,0,0,0,0.0,0.0,0.0,0.0,0.0,0.0,0.0,0.0,0.0,0.0,0.0,0.0,0.0,0.0,0.0,0.0,0,-107875648.0,69,0.0,138,0.0,2.012,ERR,ERR,ERR,ERR,ERR,ERR,ERR,ERR,ERR,ERR,ERR,ERR,ERR,ERR,ERR,ERR,ERR,ERR,ERR,ERR,ERR,ERR,ERR,ERR,ERR,ERR,ERR,ERR,ERR,ERR,ERR,ERR,ERR,ERR,ERR,ERR,ERR,ERR,ERR,ERR,ERR,ERR,ERR,ERR,ERR,ERR,ERR,ERR,ERR,ERR,ERR,ERR,ERR,ERR,ERR,ERR,ERR,ERR,ERR,ERR,ERR,ERR,ERR,ERR,ERR,ERR,ERR,60.0,60.0,35,0.0,0.0,0.0,0.0,0.0,0.0,0.0,0.0,0.0,0.0,0.0,0.0,0.0,0.0,0.0,0.0,65.2,0,118,57,42,65476,0,300,0,0,8,20529,65476,0,0,2621,60.0,0.0,0.0,0.0,0.0,0.0
2026-07-09T15:18:38,ERR,ERR,ERR,ERR,ERR,ERR,ERR,ERR,ERR,ERR,ERR,ERR,ERR,ERR,ERR,ERR,ERR,ERR,ERR,ERR,ERR,ERR,ERR,ERR,ERR,ERR,ERR,ERR,ERR,ERR,ERR,ERR,ERR,ERR,ERR,ERR,ERR,ERR,ERR,ERR,ERR,ERR,ERR,ERR,ERR,ERR,ERR,ERR,ERR,ERR,ERR,ERR,ERR,ERR,ERR,ERR,ERR,ERR,ERR,ERR,ERR,ERR,ERR,ERR,ERR,ERR,ERR,ERR,ERR,ERR,ERR,ERR,ERR,ERR,ERR,ERR,ERR,ERR,ERR,ERR,ERR,ERR,ERR,ERR,ERR,ERR,ERR,ERR,ERR,ERR,ERR,ERR,ERR,ERR,ERR,ERR,ERR,ERR,ERR,ERR,ERR,ERR,ERR,ERR,ERR,ERR,ERR,ERR,ERR,ERR,ERR,ERR,ERR,ERR,ERR,ERR,ERR,ERR,ERR,ERR,ERR,ERR,ERR,ERR,ERR,-0.0,2.7184455132508097e+23,0.0,0.0,-821556215808.0,64493445120.0,-0.0,7.374737115721429e+34,0,0,4,17429,7116,0.0,100,0.0,0.0,0.0,0.0,0.0,0,0,0,0,0.0,0,0,0,0,0,0,0,0,0,0,0,0,0,0,0,0,0,0,0,0,0,0,0,0,0,0,0,0,0,0,0,0,0,31,40,40,71,65476,0,300,0,0,8,21553,0.0,-107605600.0,0.0,0.0,0.0,0.0,0.0,0.0,0.0,0.0,0.0,0.0,0.0,0.0,0.0,0.0,0.0,0.0,0.0,0.0,0.0,0.0,-2.004,-2.004,0.0,0.0,0.0,0.0,0.0,0.0,5148.0,-2.004,6936.0,-0.0,2.7184455132508097e+23,2.004,2.004,0.0,0.0,0.0,0.0,69,-0.0,-71.629,0.0,0.0,0.0,0.0,0.0,0.0,0.0,0,0,0,0.0,0.0,0.0,0.0,0.0,0.0,0.0,0.0,0.0,0.0,0.0,0.0,0.0,0.0,0.0,0.0,0,-107875648.0,69,0.0,138,0.0,2.012,ERR,ERR,ERR,ERR,ERR,ERR,ERR,ERR,ERR,ERR,ERR,ERR,ERR,ERR,ERR,ERR,ERR,ERR,ERR,ERR,ERR,ERR,ERR,ERR,ERR,ERR,ERR,ERR,ERR,ERR,ERR,ERR,ERR,ERR,ERR,ERR,ERR,ERR,ERR,ERR,ERR,ERR,ERR,ERR,ERR,ERR,ERR,ERR,ERR,ERR,ERR,ERR,ERR,ERR,ERR,ERR,ERR,ERR,ERR,ERR,ERR,ERR,ERR,ERR,ERR,ERR,ERR,60.0,60.0,35,0.0,0.0,0.0,0.0,0.0,0.0,0.0,0.0,0.0,0.0,0.0,0.0,0.0,0.0,0.0,0.0,65.2,0,118,57,42,65476,0,300,0,0,8,20529,65476,0,0,2621,60.0,0.0,0.0,0.0,0.0,0.0
2026-07-09T15:18:39,ERR,ERR,ERR,ERR,ERR,ERR,ERR,ERR,ERR,ERR,ERR,ERR,ERR,ERR,ERR,ERR,ERR,ERR,ERR,ERR,ERR,ERR,ERR,ERR,ERR,ERR,ERR,ERR,ERR,ERR,ERR,ERR,ERR,ERR,ERR,ERR,ERR,ERR,ERR,ERR,ERR,ERR,ERR,ERR,ERR,ERR,ERR,ERR,ERR,ERR,ERR,ERR,ERR,ERR,ERR,ERR,ERR,ERR,ERR,ERR,ERR,ERR,ERR,ERR,ERR,ERR,ERR,ERR,ERR,ERR,ERR,ERR,ERR,ERR,ERR,ERR,ERR,ERR,ERR,ERR,ERR,ERR,ERR,ERR,ERR,ERR,ERR,ERR,ERR,ERR,ERR,ERR,ERR,ERR,ERR,ERR,ERR,ERR,ERR,ERR,ERR,ERR,ERR,ERR,ERR,ERR,ERR,ERR,ERR,ERR,ERR,ERR,ERR,ERR,ERR,ERR,ERR,ERR,ERR,ERR,ERR,ERR,ERR,ERR,ERR,-0.0,2.7184455132508097e+23,0.0,0.0,-821556215808.0,64493445120.0,-0.0,7.374737115721429e+34,0,0,4,17429,7116,0.0,100,0.0,0.0,0.0,0.0,0.0,0,0,0,0,0.0,0,0,0,0,0,0,0,0,0,0,0,0,0,0,0,0,0,0,0,0,0,0,0,0,0,0,0,0,0,0,0,0,0,31,40,40,71,65476,0,300,0,0,8,21553,0.0,-107605600.0,0.0,0.0,0.0,0.0,0.0,0.0,0.0,0.0,0.0,0.0,0.0,0.0,0.0,0.0,0.0,0.0,0.0,0.0,0.0,0.0,-2.004,-2.004,0.0,0.0,0.0,0.0,0.0,0.0,5148.0,-2.004,6936.0,-0.0,2.7184455132508097e+23,2.004,2.004,0.0,0.0,0.0,0.0,69,-0.0,-71.629,0.0,0.0,0.0,0.0,0.0,0.0,0.0,0,0,0,0.0,0.0,0.0,0.0,0.0,0.0,0.0,0.0,0.0,0.0,0.0,0.0,0.0,0.0,0.0,0.0,0,-107875648.0,69,0.0,138,0.0,2.012,ERR,ERR,ERR,ERR,ERR,ERR,ERR,ERR,ERR,ERR,ERR,ERR,ERR,ERR,ERR,ERR,ERR,ERR,ERR,ERR,ERR,ERR,ERR,ERR,ERR,ERR,ERR,ERR,ERR,ERR,ERR,ERR,ERR,ERR,ERR,ERR,ERR,ERR,ERR,ERR,ERR,ERR,ERR,ERR,ERR,ERR,ERR,ERR,ERR,ERR,ERR,ERR,ERR,ERR,ERR,ERR,ERR,ERR,ERR,ERR,ERR,ERR,ERR,ERR,ERR,ERR,ERR,60.0,60.0,35,0.0,0.0,0.0,0.0,0.0,0.0,0.0,0.0,0.0,0.0,0.0,0.0,0.0,0.0,0.0,0.0,65.2,0,118,57,42,65476,0,300,0,0,8,20529,65476,0,0,2621,60.0,0.0,0.0,0.0,0.0,0.0
2026-07-09T15:18:40,ERR,ERR,ERR,ERR,ERR,ERR,ERR,ERR,ERR,ERR,ERR,ERR,ERR,ERR,ERR,ERR,ERR,ERR,ERR,ERR,ERR,ERR,ERR,ERR,ERR,ERR,ERR,ERR,ERR,ERR,ERR,ERR,ERR,ERR,ERR,ERR,ERR,ERR,ERR,ERR,ERR,ERR,ERR,ERR,ERR,ERR,ERR,ERR,ERR,ERR,ERR,ERR,ERR,ERR,ERR,ERR,ERR,ERR,ERR,ERR,ERR,ERR,ERR,ERR,ERR,ERR,ERR,ERR,ERR,ERR,ERR,ERR,ERR,ERR,ERR,ERR,ERR,ERR,ERR,ERR,ERR,ERR,ERR,ERR,ERR,ERR,ERR,ERR,ERR,ERR,ERR,ERR,ERR,ERR,ERR,ERR,ERR,ERR,ERR,ERR,ERR,ERR,ERR,ERR,ERR,ERR,ERR,ERR,ERR,ERR,ERR,ERR,ERR,ERR,ERR,ERR,ERR,ERR,ERR,ERR,ERR,ERR,ERR,ERR,ERR,-0.0,2.7184455132508097e+23,0.0,0.0,-821556215808.0,64493445120.0,-0.0,7.374737115721429e+34,0,0,4,17429,7116,0.0,100,0.0,0.0,0.0,0.0,0.0,0,0,0,0,0.0,0,0,0,0,0,0,0,0,0,0,0,0,0,0,0,0,0,0,0,0,0,0,0,0,0,0,0,0,0,0,0,0,0,31,40,40,71,65476,0,300,0,0,8,21553,0.0,-107605600.0,0.0,0.0,0.0,0.0,0.0,0.0,0.0,0.0,0.0,0.0,0.0,0.0,0.0,0.0,0.0,0.0,0.0,0.0,0.0,0.0,-2.004,-2.004,0.0,0.0,0.0,0.0,0.0,0.0,5148.0,-2.004,6936.0,-0.0,2.7184455132508097e+23,2.004,2.004,0.0,0.0,0.0,0.0,69,-0.0,-71.629,0.0,0.0,0.0,0.0,0.0,0.0,0.0,0,0,0,0.0,0.0,0.0,0.0,0.0,0.0,0.0,0.0,0.0,0.0,0.0,0.0,0.0,0.0,0.0,0.0,0,-107875648.0,69,0.0,138,0.0,2.012,ERR,ERR,ERR,ERR,ERR,ERR,ERR,ERR,ERR,ERR,ERR,ERR,ERR,ERR,ERR,ERR,ERR,ERR,ERR,ERR,ERR,ERR,ERR,ERR,ERR,ERR,ERR,ERR,ERR,ERR,ERR,ERR,ERR,ERR,ERR,ERR,ERR,ERR,ERR,ERR,ERR,ERR,ERR,ERR,ERR,ERR,ERR,ERR,ERR,ERR,ERR,ERR,ERR,ERR,ERR,ERR,ERR,ERR,ERR,ERR,ERR,ERR,ERR,ERR,ERR,ERR,ERR,60.0,60.0,35,0.0,0.0,0.0,0.0,0.0,0.0,0.0,0.0,0.0,0.0,0.0,0.0,0.0,0.0,0.0,0.0,65.2,0,118,57,42,65476,0,300,0,0,8,20529,65476,0,0,2621,60.0,0.0,0.0,0.0,0.0,0.0
2026-07-09T15:18:41,ERR,ERR,ERR,ERR,ERR,ERR,ERR,ERR,ERR,ERR,ERR,ERR,ERR,ERR,ERR,ERR,ERR,ERR,ERR,ERR,ERR,ERR,ERR,ERR,ERR,ERR,ERR,ERR,ERR,ERR,ERR,ERR,ERR,ERR,ERR,ERR,ERR,ERR,ERR,ERR,ERR,ERR,ERR,ERR,ERR,ERR,ERR,ERR,ERR,ERR,ERR,ERR,ERR,ERR,ERR,ERR,ERR,ERR,ERR,ERR,ERR,ERR,ERR,ERR,ERR,ERR,ERR,ERR,ERR,ERR,ERR,ERR,ERR,ERR,ERR,ERR,ERR,ERR,ERR,ERR,ERR,ERR,ERR,ERR,ERR,ERR,ERR,ERR,ERR,ERR,ERR,ERR,ERR,ERR,ERR,ERR,ERR,ERR,ERR,ERR,ERR,ERR,ERR,ERR,ERR,ERR,ERR,ERR,ERR,ERR,ERR,ERR,ERR,ERR,ERR,ERR,ERR,ERR,ERR,ERR,ERR,ERR,ERR,ERR,ERR,0.0,2.7184455132508097e+23,-0.0,0.0,0.0,0.0,1.127256352300235e+31,0.0,0,0,4,17428,7116,0.0,100,0.0,0.0,0.0,0.0,0.0,0,0,0,0,0.0,0,0,0,0,0,0,0,0,0,0,0,0,0,0,0,0,0,0,0,0,0,0,0,0,0,0,0,0,0,0,0,0,0,31,40,40,71,65476,0,300,0,0,8,21553,0.0,-107605600.0,0.0,0.0,0.0,0.0,0.0,0.0,0.0,0.0,0.0,0.0,0.0,0.0,0.0,0.0,0.0,0.0,0.0,0.0,0.0,0.0,-0.0,-2.004,0.0,0.0,0.0,0.0,0.0,0.0,5139.0,-8608186368.0,6938.0,0.0,2.7184455132508097e+23,2.004,2.004,0.0,0.0,0.0,0.0,69,0.0,-152017364320256.0,0.0,0.0,0.0,0.0,0.0,0.0,0.0,0,0,0,0.0,0.0,0.0,0.0,0.0,0.0,0.0,0.0,0.0,0.0,0.0,0.0,0.0,0.0,0.0,0.0,0,-107875648.0,69,0.0,138,0.0,2.012,ERR,ERR,ERR,ERR,ERR,ERR,ERR,ERR,ERR,ERR,ERR,ERR,ERR,ERR,ERR,ERR,ERR,ERR,ERR,ERR,ERR,ERR,ERR,ERR,ERR,ERR,ERR,ERR,ERR,ERR,ERR,ERR,ERR,ERR,ERR,ERR,ERR,ERR,ERR,ERR,ERR,ERR,ERR,ERR,ERR,ERR,ERR,ERR,ERR,ERR,ERR,ERR,ERR,ERR,ERR,ERR,ERR,ERR,ERR,ERR,ERR,ERR,ERR,ERR,ERR,ERR,ERR,60.0,60.0,35,0.0,0.0,0.0,0.0,0.0,0.0,0.0,0.0,0.0,0.0,0.0,0.0,0.0,0.0,0.0,0.0,65.2,0,118,57,42,65476,0,300,0,0,8,20529,65476,0,0,2621,60.0,0.0,0.0,0.0,0.0,0.0
2026-07-09T15:18:42,ERR,ERR,ERR,ERR,ERR,ERR,ERR,ERR,ERR,ERR,ERR,ERR,ERR,ERR,ERR,ERR,ERR,ERR,ERR,ERR,ERR,ERR,ERR,ERR,ERR,ERR,ERR,ERR,ERR,ERR,ERR,ERR,ERR,ERR,ERR,ERR,ERR,ERR,ERR,ERR,ERR,ERR,ERR,ERR,ERR,ERR,ERR,ERR,ERR,ERR,ERR,ERR,ERR,ERR,ERR,ERR,ERR,ERR,ERR,ERR,ERR,ERR,ERR,ERR,ERR,ERR,ERR,ERR,ERR,ERR,ERR,ERR,ERR,ERR,ERR,ERR,ERR,ERR,ERR,ERR,ERR,ERR,ERR,ERR,ERR,ERR,ERR,ERR,ERR,ERR,ERR,ERR,ERR,ERR,ERR,ERR,ERR,ERR,ERR,ERR,ERR,ERR,ERR,ERR,ERR,ERR,ERR,ERR,ERR,ERR,ERR,ERR,ERR,ERR,ERR,ERR,ERR,ERR,ERR,ERR,ERR,ERR,ERR,ERR,ERR,0.0,2.7184455132508097e+23,-0.0,0.0,0.0,0.0,1.127256352300235e+31,0.0,0,0,4,17428,7116,0.0,100,0.0,0.0,0.0,0.0,0.0,0,0,0,0,0.0,0,0,0,0,0,0,0,0,0,0,0,0,0,0,0,0,0,0,0,0,0,0,0,0,0,0,0,0,0,0,0,0,0,31,40,40,71,65476,0,300,0,0,8,21553,0.0,-107605600.0,0.0,0.0,0.0,0.0,0.0,0.0,0.0,0.0,0.0,0.0,0.0,0.0,0.0,0.0,0.0,0.0,0.0,0.0,0.0,0.0,-0.0,-2.004,0.0,0.0,0.0,0.0,0.0,0.0,5139.0,-8608186368.0,6938.0,0.0,2.7184455132508097e+23,2.004,2.004,0.0,0.0,0.0,0.0,69,0.0,-152017364320256.0,0.0,0.0,0.0,0.0,0.0,0.0,0.0,0,0,0,0.0,0.0,0.0,0.0,0.0,0.0,0.0,0.0,0.0,0.0,0.0,0.0,0.0,0.0,0.0,0.0,0,-107875648.0,69,0.0,138,0.0,2.012,ERR,ERR,ERR,ERR,ERR,ERR,ERR,ERR,ERR,ERR,ERR,ERR,ERR,ERR,ERR,ERR,ERR,ERR,ERR,ERR,ERR,ERR,ERR,ERR,ERR,ERR,ERR,ERR,ERR,ERR,ERR,ERR,ERR,ERR,ERR,ERR,ERR,ERR,ERR,ERR,ERR,ERR,ERR,ERR,ERR,ERR,ERR,ERR,ERR,ERR,ERR,ERR,ERR,ERR,ERR,ERR,ERR,ERR,ERR,ERR,ERR,ERR,ERR,ERR,ERR,ERR,ERR,60.0,60.0,35,0.0,0.0,0.0,0.0,0.0,0.0,0.0,0.0,0.0,0.0,0.0,0.0,0.0,0.0,0.0,0.0,65.6,0,118,57,42,65476,0,300,0,0,8,20529,65476,0,0,2621,60.0,0.0,0.0,0.0,0.0,0.0
2026-07-09T15:18:43,ERR,ERR,ERR,ERR,ERR,ERR,ERR,ERR,ERR,ERR,ERR,ERR,ERR,ERR,ERR,ERR,ERR,ERR,ERR,ERR,ERR,ERR,ERR,ERR,ERR,ERR,ERR,ERR,ERR,ERR,ERR,ERR,ERR,ERR,ERR,ERR,ERR,ERR,ERR,ERR,ERR,ERR,ERR,ERR,ERR,ERR,ERR,ERR,ERR,ERR,ERR,ERR,ERR,ERR,ERR,ERR,ERR,ERR,ERR,ERR,ERR,ERR,ERR,ERR,ERR,ERR,ERR,ERR,ERR,ERR,ERR,ERR,ERR,ERR,ERR,ERR,ERR,ERR,ERR,ERR,ERR,ERR,ERR,ERR,ERR,ERR,ERR,ERR,ERR,ERR,ERR,ERR,ERR,ERR,ERR,ERR,ERR,ERR,ERR,ERR,ERR,ERR,ERR,ERR,ERR,ERR,ERR,ERR,ERR,ERR,ERR,ERR,ERR,ERR,ERR,ERR,ERR,ERR,ERR,ERR,ERR,ERR,ERR,ERR,ERR,0.0,2.7184455132508097e+23,-0.0,0.0,0.0,0.0,1.127256352300235e+31,0.0,0,0,4,17428,7116,0.0,100,0.0,0.0,0.0,0.0,0.0,0,0,0,0,0.0,0,0,0,0,0,0,0,0,0,0,0,0,0,0,0,0,0,0,0,0,0,0,0,0,0,0,0,0,0,0,0,0,0,31,40,40,71,65476,0,300,0,0,8,21553,0.0,-107605600.0,0.0,0.0,0.0,0.0,0.0,0.0,0.0,0.0,0.0,0.0,0.0,0.0,0.0,0.0,0.0,0.0,0.0,0.0,0.0,0.0,-0.0,-2.004,0.0,0.0,0.0,0.0,0.0,0.0,5139.0,-8608186368.0,6938.0,0.0,2.7184455132508097e+23,2.004,2.004,0.0,0.0,0.0,0.0,69,0.0,-152017364320256.0,0.0,0.0,0.0,0.0,0.0,0.0,0.0,0,0,0,0.0,0.0,0.0,0.0,0.0,0.0,0.0,0.0,0.0,0.0,0.0,0.0,0.0,0.0,0.0,0.0,0,-107875648.0,69,0.0,138,0.0,2.012,ERR,ERR,ERR,ERR,ERR,ERR,ERR,ERR,ERR,ERR,ERR,ERR,ERR,ERR,ERR,ERR,ERR,ERR,ERR,ERR,ERR,ERR,ERR,ERR,ERR,ERR,ERR,ERR,ERR,ERR,ERR,ERR,ERR,ERR,ERR,ERR,ERR,ERR,ERR,ERR,ERR,ERR,ERR,ERR,ERR,ERR,ERR,ERR,ERR,ERR,ERR,ERR,ERR,ERR,ERR,ERR,ERR,ERR,ERR,ERR,ERR,ERR,ERR,ERR,ERR,ERR,ERR,60.0,60.0,35,0.0,0.0,0.0,0.0,0.0,0.0,0.0,0.0,0.0,0.0,0.0,0.0,0.0,0.0,0.0,0.0,65.6,0,118,57,42,65476,0,300,0,0,8,20529,65476,0,0,2621,60.0,0.0,0.0,0.0,0.0,0.0
2026-07-09T15:18:44,ERR,ERR,ERR,ERR,ERR,ERR,ERR,ERR,ERR,ERR,ERR,ERR,ERR,ERR,ERR,ERR,ERR,ERR,ERR,ERR,ERR,ERR,ERR,ERR,ERR,ERR,ERR,ERR,ERR,ERR,ERR,ERR,ERR,ERR,ERR,ERR,ERR,ERR,ERR,ERR,ERR,ERR,ERR,ERR,ERR,ERR,ERR,ERR,ERR,ERR,ERR,ERR,ERR,ERR,ERR,ERR,ERR,ERR,ERR,ERR,ERR,ERR,ERR,ERR,ERR,ERR,ERR,ERR,ERR,ERR,ERR,ERR,ERR,ERR,ERR,ERR,ERR,ERR,ERR,ERR,ERR,ERR,ERR,ERR,ERR,ERR,ERR,ERR,ERR,ERR,ERR,ERR,ERR,ERR,ERR,ERR,ERR,ERR,ERR,ERR,ERR,ERR,ERR,ERR,ERR,ERR,ERR,ERR,ERR,ERR,ERR,ERR,ERR,ERR,ERR,ERR,ERR,ERR,ERR,ERR,ERR,ERR,ERR,ERR,ERR,0.0,2.7184455132508097e+23,-0.0,0.0,0.0,0.0,1.127256352300235e+31,0.0,0,0,4,17428,7116,0.0,100,0.0,0.0,0.0,0.0,0.0,0,0,0,0,0.0,0,0,0,0,0,0,0,0,0,0,0,0,0,0,0,0,0,0,0,0,0,0,0,0,0,0,0,0,0,0,0,0,0,31,40,40,71,65476,0,300,0,0,8,21553,0.0,-107605600.0,0.0,0.0,0.0,0.0,0.0,0.0,0.0,0.0,0.0,0.0,0.0,0.0,0.0,0.0,0.0,0.0,0.0,0.0,0.0,0.0,-0.0,-2.004,0.0,0.0,0.0,0.0,0.0,0.0,5139.0,-8608186368.0,6938.0,0.0,2.7184455132508097e+23,2.004,2.004,0.0,0.0,0.0,0.0,69,0.0,-152017364320256.0,0.0,0.0,0.0,0.0,0.0,0.0,0.0,0,0,0,0.0,0.0,0.0,0.0,0.0,0.0,0.0,0.0,0.0,0.0,0.0,0.0,0.0,0.0,0.0,0.0,0,-107875648.0,69,0.0,138,0.0,2.012,ERR,ERR,ERR,ERR,ERR,ERR,ERR,ERR,ERR,ERR,ERR,ERR,ERR,ERR,ERR,ERR,ERR,ERR,ERR,ERR,ERR,ERR,ERR,ERR,ERR,ERR,ERR,ERR,ERR,ERR,ERR,ERR,ERR,ERR,ERR,ERR,ERR,ERR,ERR,ERR,ERR,ERR,ERR,ERR,ERR,ERR,ERR,ERR,ERR,ERR,ERR,ERR,ERR,ERR,ERR,ERR,ERR,ERR,ERR,ERR,ERR,ERR,ERR,ERR,ERR,ERR,ERR,60.0,60.0,35,0.0,0.0,0.0,0.0,0.0,0.0,0.0,0.0,0.0,0.0,0.0,0.0,0.0,0.0,0.0,0.0,65.2,0,118,57,42,65476,0,300,0,0,8,20529,65476,0,0,2621,60.0,0.0,0.0,0.0,0.0,0.0
2026-07-09T15:18:45,ERR,ERR,ERR,ERR,ERR,ERR,ERR,ERR,ERR,ERR,ERR,ERR,ERR,ERR,ERR,ERR,ERR,ERR,ERR,ERR,ERR,ERR,ERR,ERR,ERR,ERR,ERR,ERR,ERR,ERR,ERR,ERR,ERR,ERR,ERR,ERR,ERR,ERR,ERR,ERR,ERR,ERR,ERR,ERR,ERR,ERR,ERR,ERR,ERR,ERR,ERR,ERR,ERR,ERR,ERR,ERR,ERR,ERR,ERR,ERR,ERR,ERR,ERR,ERR,ERR,ERR,ERR,ERR,ERR,ERR,ERR,ERR,ERR,ERR,ERR,ERR,ERR,ERR,ERR,ERR,ERR,ERR,ERR,ERR,ERR,ERR,ERR,ERR,ERR,ERR,ERR,ERR,ERR,ERR,ERR,ERR,ERR,ERR,ERR,ERR,ERR,ERR,ERR,ERR,ERR,ERR,ERR,ERR,ERR,ERR,ERR,ERR,ERR,ERR,ERR,ERR,ERR,ERR,ERR,ERR,ERR,ERR,ERR,ERR,ERR,0.0,2.7184455132508097e+23,-0.0,0.0,0.0,0.0,1.127256352300235e+31,0.0,0,0,4,17428,7116,0.0,100,0.0,0.0,0.0,0.0,0.0,0,0,0,0,0.0,0,0,0,0,0,0,0,0,0,0,0,0,0,0,0,0,0,0,0,0,0,0,0,0,0,0,0,0,0,0,0,0,0,31,40,40,71,65476,0,300,0,0,8,21553,0.0,-107605600.0,0.0,0.0,0.0,0.0,0.0,0.0,0.0,0.0,0.0,0.0,0.0,0.0,0.0,0.0,0.0,0.0,0.0,0.0,0.0,0.0,-0.0,-2.004,0.0,0.0,0.0,0.0,0.0,0.0,5139.0,-8608186368.0,6938.0,0.0,2.7184455132508097e+23,2.004,2.004,0.0,0.0,0.0,0.0,69,0.0,-152017364320256.0,0.0,0.0,0.0,0.0,0.0,0.0,0.0,0,0,0,0.0,0.0,0.0,0.0,0.0,0.0,0.0,0.0,0.0,0.0,0.0,0.0,0.0,0.0,0.0,0.0,0,-107875648.0,69,0.0,138,0.0,2.012,ERR,ERR,ERR,ERR,ERR,ERR,ERR,ERR,ERR,ERR,ERR,ERR,ERR,ERR,ERR,ERR,ERR,ERR,ERR,ERR,ERR,ERR,ERR,ERR,ERR,ERR,ERR,ERR,ERR,ERR,ERR,ERR,ERR,ERR,ERR,ERR,ERR,ERR,ERR,ERR,ERR,ERR,ERR,ERR,ERR,ERR,ERR,ERR,ERR,ERR,ERR,ERR,ERR,ERR,ERR,ERR,ERR,ERR,ERR,ERR,ERR,ERR,ERR,ERR,ERR,ERR,ERR,60.0,60.0,35,0.0,0.0,0.0,0.0,0.0,0.0,0.0,0.0,0.0,0.0,0.0,0.0,0.0,0.0,0.0,0.0,65.6,0,118,57,42,65476,0,300,0,0,8,20529,65476,0,0,2621,60.0,0.0,0.0,0.0,0.0,0.0
2026-07-09T15:18:46,ERR,ERR,ERR,ERR,ERR,ERR,ERR,ERR,ERR,ERR,ERR,ERR,ERR,ERR,ERR,ERR,ERR,ERR,ERR,ERR,ERR,ERR,ERR,ERR,ERR,ERR,ERR,ERR,ERR,ERR,ERR,ERR,ERR,ERR,ERR,ERR,ERR,ERR,ERR,ERR,ERR,ERR,ERR,ERR,ERR,ERR,ERR,ERR,ERR,ERR,ERR,ERR,ERR,ERR,ERR,ERR,ERR,ERR,ERR,ERR,ERR,ERR,ERR,ERR,ERR,ERR,ERR,ERR,ERR,ERR,ERR,ERR,ERR,ERR,ERR,ERR,ERR,ERR,ERR,ERR,ERR,ERR,ERR,ERR,ERR,ERR,ERR,ERR,ERR,ERR,ERR,ERR,ERR,ERR,ERR,ERR,ERR,ERR,ERR,ERR,ERR,ERR,ERR,ERR,ERR,ERR,ERR,ERR,ERR,ERR,ERR,ERR,ERR,ERR,ERR,ERR,ERR,ERR,ERR,ERR,ERR,ERR,ERR,ERR,ERR,-107615088.0,2.7184455132508097e+23,nan,2.718366610185338e+23,0.0,6.539,1.3202959711993827e+36,6952.052,0,0,4,17429,7116,0.0,100,0.0,0.0,2.718366610185338e+23,0.0,0.0,0,0,0,0,0.0,0,0,0,0,0,0,0,0,0,0,0,0,0,0,0,0,0,0,0,0,0,0,0,0,0,0,0,0,0,0,0,0,0,31,40,40,71,65476,0,300,0,0,8,21553,0.0,-107605600.0,0.0,0.0,0.0,0.0,0.0,0.0,0.0,0.0,0.0,0.0,0.0,0.0,0.0,0.0,0.0,0.0,0.0,0.0,0.0,0.0,2.004,-2.004,0.0,0.0,0.0,0.0,0.0,0.0,5138.0,-3.697187892843302e+19,6940.0,-107615088.0,2.7184455132508097e+23,2.004,2.004,0.0,0.0,0.0,0.0,69,0.0,-3.222004611918175e+26,0.0,0.0,0.0,0.0,0.0,0.0,0.0,0,0,0,0.0,0.0,0.0,0.0,0.0,0.0,0.0,0.0,0.0,0.0,0.0,0.0,0.0,0.0,0.0,0.0,0,-107875648.0,69,0.0,138,0.0,2.012,ERR,ERR,ERR,ERR,ERR,ERR,ERR,ERR,ERR,ERR,ERR,ERR,ERR,ERR,ERR,ERR,ERR,ERR,ERR,ERR,ERR,ERR,ERR,ERR,ERR,ERR,ERR,ERR,ERR,ERR,ERR,ERR,ERR,ERR,ERR,ERR,ERR,ERR,ERR,ERR,ERR,ERR,ERR,ERR,ERR,ERR,ERR,ERR,ERR,ERR,ERR,ERR,ERR,ERR,ERR,ERR,ERR,ERR,ERR,ERR,ERR,ERR,ERR,ERR,ERR,ERR,ERR,60.0,60.0,35,0.0,0.0,0.0,0.0,0.0,0.0,0.0,0.0,0.0,0.0,0.0,0.0,0.0,0.0,0.0,0.0,65.6,0,118,57,42,65476,0,300,0,0,8,20529,65476,0,0,2621,60.0,0.0,0.0,0.0,0.0,0.0
2026-07-09T15:18:47,ERR,ERR,ERR,ERR,ERR,ERR,ERR,ERR,ERR,ERR,ERR,ERR,ERR,ERR,ERR,ERR,ERR,ERR,ERR,ERR,ERR,ERR,ERR,ERR,ERR,ERR,ERR,ERR,ERR,ERR,ERR,ERR,ERR,ERR,ERR,ERR,ERR,ERR,ERR,ERR,ERR,ERR,ERR,ERR,ERR,ERR,ERR,ERR,ERR,ERR,ERR,ERR,ERR,ERR,ERR,ERR,ERR,ERR,ERR,ERR,ERR,ERR,ERR,ERR,ERR,ERR,ERR,ERR,ERR,ERR,ERR,ERR,ERR,ERR,ERR,ERR,ERR,ERR,ERR,ERR,ERR,ERR,ERR,ERR,ERR,ERR,ERR,ERR,ERR,ERR,ERR,ERR,ERR,ERR,ERR,ERR,ERR,ERR,ERR,ERR,ERR,ERR,ERR,ERR,ERR,ERR,ERR,ERR,ERR,ERR,ERR,ERR,ERR,ERR,ERR,ERR,ERR,ERR,ERR,ERR,ERR,ERR,ERR,ERR,ERR,-107615088.0,2.7184455132508097e+23,nan,2.718366610185338e+23,0.0,6.539,1.3202959711993827e+36,6952.052,0,0,4,17429,7116,0.0,100,0.0,0.0,2.718366610185338e+23,0.0,0.0,0,0,0,0,0.0,0,0,0,0,0,0,0,0,0,0,0,0,0,0,0,0,0,0,0,0,0,0,0,0,0,0,0,0,0,0,0,0,0,31,40,40,71,65476,0,300,0,0,8,21553,0.0,-107605600.0,0.0,0.0,0.0,0.0,0.0,0.0,0.0,0.0,0.0,0.0,0.0,0.0,0.0,0.0,0.0,0.0,0.0,0.0,0.0,0.0,2.004,-2.004,0.0,0.0,0.0,0.0,0.0,0.0,5138.0,-3.697187892843302e+19,6940.0,-107615088.0,2.7184455132508097e+23,2.004,2.004,0.0,0.0,0.0,0.0,69,0.0,-3.222004611918175e+26,0.0,0.0,0.0,0.0,0.0,0.0,0.0,0,0,0,0.0,0.0,0.0,0.0,0.0,0.0,0.0,0.0,0.0,0.0,0.0,0.0,0.0,0.0,0.0,0.0,0,-107875648.0,69,0.0,138,0.0,2.012,ERR,ERR,ERR,ERR,ERR,ERR,ERR,ERR,ERR,ERR,ERR,ERR,ERR,ERR,ERR,ERR,ERR,ERR,ERR,ERR,ERR,ERR,ERR,ERR,ERR,ERR,ERR,ERR,ERR,ERR,ERR,ERR,ERR,ERR,ERR,ERR,ERR,ERR,ERR,ERR,ERR,ERR,ERR,ERR,ERR,ERR,ERR,ERR,ERR,ERR,ERR,ERR,ERR,ERR,ERR,ERR,ERR,ERR,ERR,ERR,ERR,ERR,ERR,ERR,ERR,ERR,ERR,60.0,60.0,35,0.0,0.0,0.0,0.0,0.0,0.0,0.0,0.0,0.0,0.0,0.0,0.0,0.0,0.0,0.0,0.0,65.2,0,118,57,42,65476,0,300,0,0,8,20529,65476,0,0,2621,60.0,0.0,0.0,0.0,0.0,0.0
2026-07-09T15:18:48,ERR,ERR,ERR,ERR,ERR,ERR,ERR,ERR,ERR,ERR,ERR,ERR,ERR,ERR,ERR,ERR,ERR,ERR,ERR,ERR,ERR,ERR,ERR,ERR,ERR,ERR,ERR,ERR,ERR,ERR,ERR,ERR,ERR,ERR,ERR,ERR,ERR,ERR,ERR,ERR,ERR,ERR,ERR,ERR,ERR,ERR,ERR,ERR,ERR,ERR,ERR,ERR,ERR,ERR,ERR,ERR,ERR,ERR,ERR,ERR,ERR,ERR,ERR,ERR,ERR,ERR,ERR,ERR,ERR,ERR,ERR,ERR,ERR,ERR,ERR,ERR,ERR,ERR,ERR,ERR,ERR,ERR,ERR,ERR,ERR,ERR,ERR,ERR,ERR,ERR,ERR,ERR,ERR,ERR,ERR,ERR,ERR,ERR,ERR,ERR,ERR,ERR,ERR,ERR,ERR,ERR,ERR,ERR,ERR,ERR,ERR,ERR,ERR,ERR,ERR,ERR,ERR,ERR,ERR,ERR,ERR,ERR,ERR,ERR,ERR,-107615088.0,2.7184455132508097e+23,nan,2.718366610185338e+23,0.0,6.539,1.3202959711993827e+36,6952.052,0,0,4,17429,7116,0.0,100,0.0,0.0,2.718366610185338e+23,0.0,0.0,0,0,0,0,0.0,0,0,0,0,0,0,0,0,0,0,0,0,0,0,0,0,0,0,0,0,0,0,0,0,0,0,0,0,0,0,0,0,0,31,40,40,71,65476,0,300,0,0,8,21553,0.0,-107605600.0,0.0,0.0,0.0,0.0,0.0,0.0,0.0,0.0,0.0,0.0,0.0,0.0,0.0,0.0,0.0,0.0,0.0,0.0,0.0,0.0,2.004,-2.004,0.0,0.0,0.0,0.0,0.0,0.0,5138.0,-3.697187892843302e+19,6940.0,-107615088.0,2.7184455132508097e+23,2.004,2.004,0.0,0.0,0.0,0.0,69,0.0,-3.222004611918175e+26,0.0,0.0,0.0,0.0,0.0,0.0,0.0,0,0,0,0.0,0.0,0.0,0.0,0.0,0.0,0.0,0.0,0.0,0.0,0.0,0.0,0.0,0.0,0.0,0.0,0,-107875648.0,69,0.0,138,0.0,2.012,ERR,ERR,ERR,ERR,ERR,ERR,ERR,ERR,ERR,ERR,ERR,ERR,ERR,ERR,ERR,ERR,ERR,ERR,ERR,ERR,ERR,ERR,ERR,ERR,ERR,ERR,ERR,ERR,ERR,ERR,ERR,ERR,ERR,ERR,ERR,ERR,ERR,ERR,ERR,ERR,ERR,ERR,ERR,ERR,ERR,ERR,ERR,ERR,ERR,ERR,ERR,ERR,ERR,ERR,ERR,ERR,ERR,ERR,ERR,ERR,ERR,ERR,ERR,ERR,ERR,ERR,ERR,60.0,60.0,35,0.0,0.0,0.0,0.0,0.0,0.0,0.0,0.0,0.0,0.0,0.0,0.0,0.0,0.0,0.0,0.0,65.6,0,118,57,42,65476,0,300,0,0,8,20529,65476,0,0,2621,60.0,0.0,0.0,0.0,0.0,0.0
2026-07-09T15:18:49,ERR,ERR,ERR,ERR,ERR,ERR,ERR,ERR,ERR,ERR,ERR,ERR,ERR,ERR,ERR,ERR,ERR,ERR,ERR,ERR,ERR,ERR,ERR,ERR,ERR,ERR,ERR,ERR,ERR,ERR,ERR,ERR,ERR,ERR,ERR,ERR,ERR,ERR,ERR,ERR,ERR,ERR,ERR,ERR,ERR,ERR,ERR,ERR,ERR,ERR,ERR,ERR,ERR,ERR,ERR,ERR,ERR,ERR,ERR,ERR,ERR,ERR,ERR,ERR,ERR,ERR,ERR,ERR,ERR,ERR,ERR,ERR,ERR,ERR,ERR,ERR,ERR,ERR,ERR,ERR,ERR,ERR,ERR,ERR,ERR,ERR,ERR,ERR,ERR,ERR,ERR,ERR,ERR,ERR,ERR,ERR,ERR,ERR,ERR,ERR,ERR,ERR,ERR,ERR,ERR,ERR,ERR,ERR,ERR,ERR,ERR,ERR,ERR,ERR,ERR,ERR,ERR,ERR,ERR,ERR,ERR,ERR,ERR,ERR,ERR,-107615088.0,2.7184455132508097e+23,nan,2.718366610185338e+23,0.0,6.539,1.3202959711993827e+36,6952.052,0,0,4,17429,7116,0.0,100,0.0,0.0,2.718366610185338e+23,0.0,0.0,0,0,0,0,0.0,0,0,0,0,0,0,0,0,0,0,0,0,0,0,0,0,0,0,0,0,0,0,0,0,0,0,0,0,0,0,0,0,0,31,40,40,71,65476,0,300,0,0,8,21553,0.0,-107605600.0,0.0,0.0,0.0,0.0,0.0,0.0,0.0,0.0,0.0,0.0,0.0,0.0,0.0,0.0,0.0,0.0,0.0,0.0,0.0,0.0,2.004,-2.004,0.0,0.0,0.0,0.0,0.0,0.0,5138.0,-3.697187892843302e+19,6940.0,-107615088.0,2.7184455132508097e+23,2.004,2.004,0.0,0.0,0.0,0.0,69,0.0,-3.222004611918175e+26,0.0,0.0,0.0,0.0,0.0,0.0,0.0,0,0,0,0.0,0.0,0.0,0.0,0.0,0.0,0.0,0.0,0.0,0.0,0.0,0.0,0.0,0.0,0.0,0.0,0,-107875648.0,69,0.0,138,0.0,2.012,ERR,ERR,ERR,ERR,ERR,ERR,ERR,ERR,ERR,ERR,ERR,ERR,ERR,ERR,ERR,ERR,ERR,ERR,ERR,ERR,ERR,ERR,ERR,ERR,ERR,ERR,ERR,ERR,ERR,ERR,ERR,ERR,ERR,ERR,ERR,ERR,ERR,ERR,ERR,ERR,ERR,ERR,ERR,ERR,ERR,ERR,ERR,ERR,ERR,ERR,ERR,ERR,ERR,ERR,ERR,ERR,ERR,ERR,ERR,ERR,ERR,ERR,ERR,ERR,ERR,ERR,ERR,60.0,60.0,35,0.0,0.0,0.0,0.0,0.0,0.0,0.0,0.0,0.0,0.0,0.0,0.0,0.0,0.0,0.0,0.0,65.6,0,118,57,42,65476,0,300,0,0,8,20529,65476,0,0,2621,60.0,0.0,0.0,0.0,0.0,0.0
2026-07-09T15:18:50,ERR,ERR,ERR,ERR,ERR,ERR,ERR,ERR,ERR,ERR,ERR,ERR,ERR,ERR,ERR,ERR,ERR,ERR,ERR,ERR,ERR,ERR,ERR,ERR,ERR,ERR,ERR,ERR,ERR,ERR,ERR,ERR,ERR,ERR,ERR,ERR,ERR,ERR,ERR,ERR,ERR,ERR,ERR,ERR,ERR,ERR,ERR,ERR,ERR,ERR,ERR,ERR,ERR,ERR,ERR,ERR,ERR,ERR,ERR,ERR,ERR,ERR,ERR,ERR,ERR,ERR,ERR,ERR,ERR,ERR,ERR,ERR,ERR,ERR,ERR,ERR,ERR,ERR,ERR,ERR,ERR,ERR,ERR,ERR,ERR,ERR,ERR,ERR,ERR,ERR,ERR,ERR,ERR,ERR,ERR,ERR,ERR,ERR,ERR,ERR,ERR,ERR,ERR,ERR,ERR,ERR,ERR,ERR,ERR,ERR,ERR,ERR,ERR,ERR,ERR,ERR,ERR,ERR,ERR,ERR,ERR,ERR,ERR,ERR,ERR,-107615088.0,2.7184455132508097e+23,nan,2.718366610185338e+23,0.0,6.539,1.3202959711993827e+36,6952.052,0,0,4,17429,7116,0.0,100,0.0,0.0,2.718366610185338e+23,0.0,0.0,0,0,0,0,0.0,0,0,0,0,0,0,0,0,0,0,0,0,0,0,0,0,0,0,0,0,0,0,0,0,0,0,0,0,0,0,0,0,0,31,40,40,71,65476,0,300,0,0,8,21553,0.0,-107605600.0,0.0,0.0,0.0,0.0,0.0,0.0,0.0,0.0,0.0,0.0,0.0,0.0,0.0,0.0,0.0,0.0,0.0,0.0,0.0,0.0,2.004,-2.004,0.0,0.0,0.0,0.0,0.0,0.0,5138.0,-3.697187892843302e+19,6940.0,-107615088.0,2.7184455132508097e+23,2.004,2.004,0.0,0.0,0.0,0.0,69,0.0,-3.222004611918175e+26,0.0,0.0,0.0,0.0,0.0,0.0,0.0,0,0,0,0.0,0.0,0.0,0.0,0.0,0.0,0.0,0.0,0.0,0.0,0.0,0.0,0.0,0.0,0.0,0.0,0,-107875648.0,69,0.0,138,0.0,2.012,ERR,ERR,ERR,ERR,ERR,ERR,ERR,ERR,ERR,ERR,ERR,ERR,ERR,ERR,ERR,ERR,ERR,ERR,ERR,ERR,ERR,ERR,ERR,ERR,ERR,ERR,ERR,ERR,ERR,ERR,ERR,ERR,ERR,ERR,ERR,ERR,ERR,ERR,ERR,ERR,ERR,ERR,ERR,ERR,ERR,ERR,ERR,ERR,ERR,ERR,ERR,ERR,ERR,ERR,ERR,ERR,ERR,ERR,ERR,ERR,ERR,ERR,ERR,ERR,ERR,ERR,ERR,60.0,60.0,35,0.0,0.0,0.0,0.0,0.0,0.0,0.0,0.0,0.0,0.0,0.0,0.0,0.0,0.0,0.0,0.0,65.2,0,118,57,42,65476,0,300,0,0,8,20529,65476,0,0,2621,60.0,0.0,0.0,0.0,0.0,0.0
2026-07-09T15:18:51,ERR,ERR,ERR,ERR,ERR,ERR,ERR,ERR,ERR,ERR,ERR,ERR,ERR,ERR,ERR,ERR,ERR,ERR,ERR,ERR,ERR,ERR,ERR,ERR,ERR,ERR,ERR,ERR,ERR,ERR,ERR,ERR,ERR,ERR,ERR,ERR,ERR,ERR,ERR,ERR,ERR,ERR,ERR,ERR,ERR,ERR,ERR,ERR,ERR,ERR,ERR,ERR,ERR,ERR,ERR,ERR,ERR,ERR,ERR,ERR,ERR,ERR,ERR,ERR,ERR,ERR,ERR,ERR,ERR,ERR,ERR,ERR,ERR,ERR,ERR,ERR,ERR,ERR,ERR,ERR,ERR,ERR,ERR,ERR,ERR,ERR,ERR,ERR,ERR,ERR,ERR,ERR,ERR,ERR,ERR,ERR,ERR,ERR,ERR,ERR,ERR,ERR,ERR,ERR,ERR,ERR,ERR,ERR,ERR,ERR,ERR,ERR,ERR,ERR,ERR,ERR,ERR,ERR,ERR,ERR,ERR,ERR,ERR,ERR,ERR,-107615088.0,0.0,-0.0,0.0,0.0,0.0,2.8863354507538465e+19,0.0,0,0,4,17426,7116,0.0,100,0.0,0.0,0.0,0.0,0.0,0,0,0,0,0.0,0,0,0,0,0,0,0,0,0,0,0,0,0,0,0,0,0,0,0,0,0,0,0,0,0,0,0,0,0,0,0,0,0,31,40,40,71,65476,0,300,0,0,8,21553,0.0,-107605600.0,0.0,0.0,0.0,0.0,0.0,0.0,0.0,0.0,0.0,0.0,0.0,0.0,0.0,0.0,0.0,0.0,0.0,0.0,0.0,0.0,2.004,-0.0,0.0,0.0,0.0,0.0,0.0,0.0,5173.0,0.0,6916.0,-107615088.0,0.0,2.004,2.004,0.0,0.0,0.0,0.0,69,89220.555,0.059,0.0,0.0,0.0,0.0,0.0,0.0,0.0,0,0,0,0.0,0.0,0.0,0.0,0.0,0.0,0.0,0.0,0.0,0.0,0.0,0.0,0.0,0.0,0.0,0.0,0,-107875648.0,69,0.0,138,0.0,2.012,ERR,ERR,ERR,ERR,ERR,ERR,ERR,ERR,ERR,ERR,ERR,ERR,ERR,ERR,ERR,ERR,ERR,ERR,ERR,ERR,ERR,ERR,ERR,ERR,ERR,ERR,ERR,ERR,ERR,ERR,ERR,ERR,ERR,ERR,ERR,ERR,ERR,ERR,ERR,ERR,ERR,ERR,ERR,ERR,ERR,ERR,ERR,ERR,ERR,ERR,ERR,ERR,ERR,ERR,ERR,ERR,ERR,ERR,ERR,ERR,ERR,ERR,ERR,ERR,ERR,ERR,ERR,60.0,60.0,35,0.0,0.0,0.0,0.0,0.0,0.0,0.0,0.0,0.0,0.0,0.0,0.0,0.0,0.0,0.0,0.0,65.2,0,118,57,42,65476,0,300,0,0,8,20529,65476,0,0,2621,60.0,0.0,0.0,0.0,0.0,0.0
2026-07-09T15:18:52,ERR,ERR,ERR,ERR,ERR,ERR,ERR,ERR,ERR,ERR,ERR,ERR,ERR,ERR,ERR,ERR,ERR,ERR,ERR,ERR,ERR,ERR,ERR,ERR,ERR,ERR,ERR,ERR,ERR,ERR,ERR,ERR,ERR,ERR,ERR,ERR,ERR,ERR,ERR,ERR,ERR,ERR,ERR,ERR,ERR,ERR,ERR,ERR,ERR,ERR,ERR,ERR,ERR,ERR,ERR,ERR,ERR,ERR,ERR,ERR,ERR,ERR,ERR,ERR,ERR,ERR,ERR,ERR,ERR,ERR,ERR,ERR,ERR,ERR,ERR,ERR,ERR,ERR,ERR,ERR,ERR,ERR,ERR,ERR,ERR,ERR,ERR,ERR,ERR,ERR,ERR,ERR,ERR,ERR,ERR,ERR,ERR,ERR,ERR,ERR,ERR,ERR,ERR,ERR,ERR,ERR,ERR,ERR,ERR,ERR,ERR,ERR,ERR,ERR,ERR,ERR,ERR,ERR,ERR,ERR,ERR,ERR,ERR,ERR,ERR,-107615088.0,0.0,-0.0,0.0,0.0,0.0,2.8863354507538465e+19,0.0,0,0,4,17426,7116,0.0,100,0.0,0.0,0.0,0.0,0.0,0,0,0,0,0.0,0,0,0,0,0,0,0,0,0,0,0,0,0,0,0,0,0,0,0,0,0,0,0,0,0,0,0,0,0,0,0,0,0,31,40,40,71,65476,0,300,0,0,8,21553,0.0,-107605600.0,0.0,0.0,0.0,0.0,0.0,0.0,0.0,0.0,0.0,0.0,0.0,0.0,0.0,0.0,0.0,0.0,0.0,0.0,0.0,0.0,2.004,-0.0,0.0,0.0,0.0,0.0,0.0,0.0,5173.0,0.0,6916.0,-107615088.0,0.0,2.004,2.004,0.0,0.0,0.0,0.0,69,89220.555,0.059,0.0,0.0,0.0,0.0,0.0,0.0,0.0,0,0,0,0.0,0.0,0.0,0.0,0.0,0.0,0.0,0.0,0.0,0.0,0.0,0.0,0.0,0.0,0.0,0.0,0,-107875648.0,69,0.0,138,0.0,2.012,ERR,ERR,ERR,ERR,ERR,ERR,ERR,ERR,ERR,ERR,ERR,ERR,ERR,ERR,ERR,ERR,ERR,ERR,ERR,ERR,ERR,ERR,ERR,ERR,ERR,ERR,ERR,ERR,ERR,ERR,ERR,ERR,ERR,ERR,ERR,ERR,ERR,ERR,ERR,ERR,ERR,ERR,ERR,ERR,ERR,ERR,ERR,ERR,ERR,ERR,ERR,ERR,ERR,ERR,ERR,ERR,ERR,ERR,ERR,ERR,ERR,ERR,ERR,ERR,ERR,ERR,ERR,60.0,60.0,35,0.0,0.0,0.0,0.0,0.0,0.0,0.0,0.0,0.0,0.0,0.0,0.0,0.0,0.0,0.0,0.0,65.6,0,118,57,42,65476,0,300,0,0,8,20529,65476,0,0,2621,60.0,0.0,0.0,0.0,0.0,0.0
2026-07-09T15:18:53,ERR,ERR,ERR,ERR,ERR,ERR,ERR,ERR,ERR,ERR,ERR,ERR,ERR,ERR,ERR,ERR,ERR,ERR,ERR,ERR,ERR,ERR,ERR,ERR,ERR,ERR,ERR,ERR,ERR,ERR,ERR,ERR,ERR,ERR,ERR,ERR,ERR,ERR,ERR,ERR,ERR,ERR,ERR,ERR,ERR,ERR,ERR,ERR,ERR,ERR,ERR,ERR,ERR,ERR,ERR,ERR,ERR,ERR,ERR,ERR,ERR,ERR,ERR,ERR,ERR,ERR,ERR,ERR,ERR,ERR,ERR,ERR,ERR,ERR,ERR,ERR,ERR,ERR,ERR,ERR,ERR,ERR,ERR,ERR,ERR,ERR,ERR,ERR,ERR,ERR,ERR,ERR,ERR,ERR,ERR,ERR,ERR,ERR,ERR,ERR,ERR,ERR,ERR,ERR,ERR,ERR,ERR,ERR,ERR,ERR,ERR,ERR,ERR,ERR,ERR,ERR,ERR,ERR,ERR,ERR,ERR,ERR,ERR,ERR,ERR,-107615088.0,0.0,-0.0,0.0,0.0,0.0,2.8863354507538465e+19,0.0,0,0,4,17426,7116,0.0,100,0.0,0.0,0.0,0.0,0.0,0,0,0,0,0.0,0,0,0,0,0,0,0,0,0,0,0,0,0,0,0,0,0,0,0,0,0,0,0,0,0,0,0,0,0,0,0,0,0,31,40,40,71,65476,0,300,0,0,8,21553,0.0,-107605600.0,0.0,0.0,0.0,0.0,0.0,0.0,0.0,0.0,0.0,0.0,0.0,0.0,0.0,0.0,0.0,0.0,0.0,0.0,0.0,0.0,2.004,-0.0,0.0,0.0,0.0,0.0,0.0,0.0,5173.0,0.0,6916.0,-107615088.0,0.0,2.004,2.004,0.0,0.0,0.0,0.0,69,89220.555,0.059,0.0,0.0,0.0,0.0,0.0,0.0,0.0,0,0,0,0.0,0.0,0.0,0.0,0.0,0.0,0.0,0.0,0.0,0.0,0.0,0.0,0.0,0.0,0.0,0.0,0,-107875648.0,69,0.0,138,0.0,2.012,ERR,ERR,ERR,ERR,ERR,ERR,ERR,ERR,ERR,ERR,ERR,ERR,ERR,ERR,ERR,ERR,ERR,ERR,ERR,ERR,ERR,ERR,ERR,ERR,ERR,ERR,ERR,ERR,ERR,ERR,ERR,ERR,ERR,ERR,ERR,ERR,ERR,ERR,ERR,ERR,ERR,ERR,ERR,ERR,ERR,ERR,ERR,ERR,ERR,ERR,ERR,ERR,ERR,ERR,ERR,ERR,ERR,ERR,ERR,ERR,ERR,ERR,ERR,ERR,ERR,ERR,ERR,60.0,60.0,35,0.0,0.0,0.0,0.0,0.0,0.0,0.0,0.0,0.0,0.0,0.0,0.0,0.0,0.0,0.0,0.0,65.6,0,118,57,42,65476,0,300,0,0,8,20529,65476,0,0,2621,60.0,0.0,0.0,0.0,0.0,0.0
2026-07-09T15:18:54,ERR,ERR,ERR,ERR,ERR,ERR,ERR,ERR,ERR,ERR,ERR,ERR,ERR,ERR,ERR,ERR,ERR,ERR,ERR,ERR,ERR,ERR,ERR,ERR,ERR,ERR,ERR,ERR,ERR,ERR,ERR,ERR,ERR,ERR,ERR,ERR,ERR,ERR,ERR,ERR,ERR,ERR,ERR,ERR,ERR,ERR,ERR,ERR,ERR,ERR,ERR,ERR,ERR,ERR,ERR,ERR,ERR,ERR,ERR,ERR,ERR,ERR,ERR,ERR,ERR,ERR,ERR,ERR,ERR,ERR,ERR,ERR,ERR,ERR,ERR,ERR,ERR,ERR,ERR,ERR,ERR,ERR,ERR,ERR,ERR,ERR,ERR,ERR,ERR,ERR,ERR,ERR,ERR,ERR,ERR,ERR,ERR,ERR,ERR,ERR,ERR,ERR,ERR,ERR,ERR,ERR,ERR,ERR,ERR,ERR,ERR,ERR,ERR,ERR,ERR,ERR,ERR,ERR,ERR,ERR,ERR,ERR,ERR,ERR,ERR,-107615088.0,0.0,-0.0,0.0,0.0,0.0,2.8863354507538465e+19,0.0,0,0,4,17426,7116,0.0,100,0.0,0.0,0.0,0.0,0.0,0,0,0,0,0.0,0,0,0,0,0,0,0,0,0,0,0,0,0,0,0,0,0,0,0,0,0,0,0,0,0,0,0,0,0,0,0,0,0,31,40,40,71,65476,0,300,0,0,8,21553,0.0,-107605600.0,0.0,0.0,0.0,0.0,0.0,0.0,0.0,0.0,0.0,0.0,0.0,0.0,0.0,0.0,0.0,0.0,0.0,0.0,0.0,0.0,2.004,-0.0,0.0,0.0,0.0,0.0,0.0,0.0,5173.0,0.0,6916.0,-107615088.0,0.0,2.004,2.004,0.0,0.0,0.0,0.0,69,89220.555,0.059,0.0,0.0,0.0,0.0,0.0,0.0,0.0,0,0,0,0.0,0.0,0.0,0.0,0.0,0.0,0.0,0.0,0.0,0.0,0.0,0.0,0.0,0.0,0.0,0.0,0,-107875648.0,69,0.0,138,0.0,2.012,ERR,ERR,ERR,ERR,ERR,ERR,ERR,ERR,ERR,ERR,ERR,ERR,ERR,ERR,ERR,ERR,ERR,ERR,ERR,ERR,ERR,ERR,ERR,ERR,ERR,ERR,ERR,ERR,ERR,ERR,ERR,ERR,ERR,ERR,ERR,ERR,ERR,ERR,ERR,ERR,ERR,ERR,ERR,ERR,ERR,ERR,ERR,ERR,ERR,ERR,ERR,ERR,ERR,ERR,ERR,ERR,ERR,ERR,ERR,ERR,ERR,ERR,ERR,ERR,ERR,ERR,ERR,60.0,60.0,35,0.0,0.0,0.0,0.0,0.0,0.0,0.0,0.0,0.0,0.0,0.0,0.0,0.0,0.0,0.0,0.0,65.6,0,118,57,42,65476,0,300,0,0,8,20529,65476,0,0,2621,60.0,0.0,0.0,0.0,0.0,0.0
2026-07-09T15:18:55,ERR,ERR,ERR,ERR,ERR,ERR,ERR,ERR,ERR,ERR,ERR,ERR,ERR,ERR,ERR,ERR,ERR,ERR,ERR,ERR,ERR,ERR,ERR,ERR,ERR,ERR,ERR,ERR,ERR,ERR,ERR,ERR,ERR,ERR,ERR,ERR,ERR,ERR,ERR,ERR,ERR,ERR,ERR,ERR,ERR,ERR,ERR,ERR,ERR,ERR,ERR,ERR,ERR,ERR,ERR,ERR,ERR,ERR,ERR,ERR,ERR,ERR,ERR,ERR,ERR,ERR,ERR,ERR,ERR,ERR,ERR,ERR,ERR,ERR,ERR,ERR,ERR,ERR,ERR,ERR,ERR,ERR,ERR,ERR,ERR,ERR,ERR,ERR,ERR,ERR,ERR,ERR,ERR,ERR,ERR,ERR,ERR,ERR,ERR,ERR,ERR,ERR,ERR,ERR,ERR,ERR,ERR,ERR,ERR,ERR,ERR,ERR,ERR,ERR,ERR,ERR,ERR,ERR,ERR,ERR,ERR,ERR,ERR,ERR,ERR,-107615088.0,0.0,-0.0,0.0,0.0,0.0,2.8863354507538465e+19,0.0,0,0,4,17426,7116,0.0,100,0.0,0.0,0.0,0.0,0.0,0,0,0,0,0.0,0,0,0,0,0,0,0,0,0,0,0,0,0,0,0,0,0,0,0,0,0,0,0,0,0,0,0,0,0,0,0,0,0,31,40,40,71,65476,0,300,0,0,8,21553,0.0,-107605600.0,0.0,0.0,0.0,0.0,0.0,0.0,0.0,0.0,0.0,0.0,0.0,0.0,0.0,0.0,0.0,0.0,0.0,0.0,0.0,0.0,2.004,-0.0,0.0,0.0,0.0,0.0,0.0,0.0,5173.0,0.0,6916.0,-107615088.0,0.0,2.004,2.004,0.0,0.0,0.0,0.0,69,89220.555,0.059,0.0,0.0,0.0,0.0,0.0,0.0,0.0,0,0,0,0.0,0.0,0.0,0.0,0.0,0.0,0.0,0.0,0.0,0.0,0.0,0.0,0.0,0.0,0.0,0.0,0,-107875648.0,69,0.0,138,0.0,2.012,ERR,ERR,ERR,ERR,ERR,ERR,ERR,ERR,ERR,ERR,ERR,ERR,ERR,ERR,ERR,ERR,ERR,ERR,ERR,ERR,ERR,ERR,ERR,ERR,ERR,ERR,ERR,ERR,ERR,ERR,ERR,ERR,ERR,ERR,ERR,ERR,ERR,ERR,ERR,ERR,ERR,ERR,ERR,ERR,ERR,ERR,ERR,ERR,ERR,ERR,ERR,ERR,ERR,ERR,ERR,ERR,ERR,ERR,ERR,ERR,ERR,ERR,ERR,ERR,ERR,ERR,ERR,60.0,60.0,35,0.0,0.0,0.0,0.0,0.0,0.0,0.0,0.0,0.0,0.0,0.0,0.0,0.0,0.0,0.0,0.0,65.2,0,118,57,42,65476,0,300,0,0,8,20529,65476,0,0,2621,60.0,0.0,0.0,0.0,0.0,0.0
2026-07-09T15:18:56,ERR,ERR,ERR,ERR,ERR,ERR,ERR,ERR,ERR,ERR,ERR,ERR,ERR,ERR,ERR,ERR,ERR,ERR,ERR,ERR,ERR,ERR,ERR,ERR,ERR,ERR,ERR,ERR,ERR,ERR,ERR,ERR,ERR,ERR,ERR,ERR,ERR,ERR,ERR,ERR,ERR,ERR,ERR,ERR,ERR,ERR,ERR,ERR,ERR,ERR,ERR,ERR,ERR,ERR,ERR,ERR,ERR,ERR,ERR,ERR,ERR,ERR,ERR,ERR,ERR,ERR,ERR,ERR,ERR,ERR,ERR,ERR,ERR,ERR,ERR,ERR,ERR,ERR,ERR,ERR,ERR,ERR,ERR,ERR,ERR,ERR,ERR,ERR,ERR,ERR,ERR,ERR,ERR,ERR,ERR,ERR,ERR,ERR,ERR,ERR,ERR,ERR,ERR,ERR,ERR,ERR,ERR,ERR,ERR,ERR,ERR,ERR,ERR,ERR,ERR,ERR,ERR,ERR,ERR,ERR,ERR,ERR,ERR,ERR,ERR,-107615088.0,0.0,-0.0,-107612512.0,1.580127909237246e+29,0.0,0.0,-0.0,0,0,4,17428,7116,0.0,100,0.0,0.0,-107612512.0,0.0,0.0,0,0,0,0,0.0,0,0,0,0,0,0,0,0,0,0,0,0,0,0,0,0,0,0,0,0,0,0,0,0,0,0,0,0,0,0,0,0,0,31,40,40,71,65476,0,300,0,0,8,21553,0.0,-107605600.0,0.0,0.0,0.0,0.0,0.0,0.0,0.0,0.0,0.0,0.0,0.0,0.0,0.0,0.0,0.0,0.0,0.0,0.0,0.0,0.0,2.004,-0.0,0.0,0.0,0.0,0.0,0.0,0.0,5174.0,0.0,6916.0,-107615088.0,0.0,2.004,2.004,0.0,0.0,0.0,0.0,69,126840528896.0,89220.609,0.0,0.0,0.0,0.0,0.0,0.0,0.0,0,0,0,0.0,0.0,0.0,0.0,0.0,0.0,0.0,0.0,0.0,0.0,0.0,0.0,0.0,0.0,0.0,0.0,0,-107875648.0,69,0.0,138,0.0,2.012,ERR,ERR,ERR,ERR,ERR,ERR,ERR,ERR,ERR,ERR,ERR,ERR,ERR,ERR,ERR,ERR,ERR,ERR,ERR,ERR,ERR,ERR,ERR,ERR,ERR,ERR,ERR,ERR,ERR,ERR,ERR,ERR,ERR,ERR,ERR,ERR,ERR,ERR,ERR,ERR,ERR,ERR,ERR,ERR,ERR,ERR,ERR,ERR,ERR,ERR,ERR,ERR,ERR,ERR,ERR,ERR,ERR,ERR,ERR,ERR,ERR,ERR,ERR,ERR,ERR,ERR,ERR,60.0,60.0,35,0.0,0.0,0.0,0.0,0.0,0.0,0.0,0.0,0.0,0.0,0.0,0.0,0.0,0.0,0.0,0.0,65.2,0,118,57,42,65476,0,300,0,0,8,20529,65476,0,0,2621,60.0,0.0,0.0,0.0,0.0,0.0
2026-07-09T15:18:57,ERR,ERR,ERR,ERR,ERR,ERR,ERR,ERR,ERR,ERR,ERR,ERR,ERR,ERR,ERR,ERR,ERR,ERR,ERR,ERR,ERR,ERR,ERR,ERR,ERR,ERR,ERR,ERR,ERR,ERR,ERR,ERR,ERR,ERR,ERR,ERR,ERR,ERR,ERR,ERR,ERR,ERR,ERR,ERR,ERR,ERR,ERR,ERR,ERR,ERR,ERR,ERR,ERR,ERR,ERR,ERR,ERR,ERR,ERR,ERR,ERR,ERR,ERR,ERR,ERR,ERR,ERR,ERR,ERR,ERR,ERR,ERR,ERR,ERR,ERR,ERR,ERR,ERR,ERR,ERR,ERR,ERR,ERR,ERR,ERR,ERR,ERR,ERR,ERR,ERR,ERR,ERR,ERR,ERR,ERR,ERR,ERR,ERR,ERR,ERR,ERR,ERR,ERR,ERR,ERR,ERR,ERR,ERR,ERR,ERR,ERR,ERR,ERR,ERR,ERR,ERR,ERR,ERR,ERR,ERR,ERR,ERR,ERR,ERR,ERR,-107615088.0,0.0,-0.0,-107612512.0,1.580127909237246e+29,0.0,0.0,-0.0,0,0,4,17428,7116,0.0,100,0.0,0.0,-107612512.0,0.0,0.0,0,0,0,0,0.0,0,0,0,0,0,0,0,0,0,0,0,0,0,0,0,0,0,0,0,0,0,0,0,0,0,0,0,0,0,0,0,0,0,31,40,40,71,65476,0,300,0,0,8,21553,0.0,-107605600.0,0.0,0.0,0.0,0.0,0.0,0.0,0.0,0.0,0.0,0.0,0.0,0.0,0.0,0.0,0.0,0.0,0.0,0.0,0.0,0.0,2.004,-0.0,0.0,0.0,0.0,0.0,0.0,0.0,5174.0,0.0,6916.0,-107615088.0,0.0,2.004,2.004,0.0,0.0,0.0,0.0,69,126840528896.0,89220.609,0.0,0.0,0.0,0.0,0.0,0.0,0.0,0,0,0,0.0,0.0,0.0,0.0,0.0,0.0,0.0,0.0,0.0,0.0,0.0,0.0,0.0,0.0,0.0,0.0,0,-107875648.0,69,0.0,138,0.0,2.012,ERR,ERR,ERR,ERR,ERR,ERR,ERR,ERR,ERR,ERR,ERR,ERR,ERR,ERR,ERR,ERR,ERR,ERR,ERR,ERR,ERR,ERR,ERR,ERR,ERR,ERR,ERR,ERR,ERR,ERR,ERR,ERR,ERR,ERR,ERR,ERR,ERR,ERR,ERR,ERR,ERR,ERR,ERR,ERR,ERR,ERR,ERR,ERR,ERR,ERR,ERR,ERR,ERR,ERR,ERR,ERR,ERR,ERR,ERR,ERR,ERR,ERR,ERR,ERR,ERR,ERR,ERR,60.0,60.0,35,0.0,0.0,0.0,0.0,0.0,0.0,0.0,0.0,0.0,0.0,0.0,0.0,0.0,0.0,0.0,0.0,65.6,0,118,57,42,65476,0,300,0,0,8,20529,65476,0,0,2621,60.0,0.0,0.0,0.0,0.0,0.0
2026-07-09T15:18:58,ERR,ERR,ERR,ERR,ERR,ERR,ERR,ERR,ERR,ERR,ERR,ERR,ERR,ERR,ERR,ERR,ERR,ERR,ERR,ERR,ERR,ERR,ERR,ERR,ERR,ERR,ERR,ERR,ERR,ERR,ERR,ERR,ERR,ERR,ERR,ERR,ERR,ERR,ERR,ERR,ERR,ERR,ERR,ERR,ERR,ERR,ERR,ERR,ERR,ERR,ERR,ERR,ERR,ERR,ERR,ERR,ERR,ERR,ERR,ERR,ERR,ERR,ERR,ERR,ERR,ERR,ERR,ERR,ERR,ERR,ERR,ERR,ERR,ERR,ERR,ERR,ERR,ERR,ERR,ERR,ERR,ERR,ERR,ERR,ERR,ERR,ERR,ERR,ERR,ERR,ERR,ERR,ERR,ERR,ERR,ERR,ERR,ERR,ERR,ERR,ERR,ERR,ERR,ERR,ERR,ERR,ERR,ERR,ERR,ERR,ERR,ERR,ERR,ERR,ERR,ERR,ERR,ERR,ERR,ERR,ERR,ERR,ERR,ERR,ERR,-107615088.0,0.0,-0.0,-107612512.0,1.580127909237246e+29,0.0,0.0,-0.0,0,0,4,17428,7116,0.0,100,0.0,0.0,-107612512.0,0.0,0.0,0,0,0,0,0.0,0,0,0,0,0,0,0,0,0,0,0,0,0,0,0,0,0,0,0,0,0,0,0,0,0,0,0,0,0,0,0,0,0,31,40,40,71,65476,0,300,0,0,8,21553,0.0,-107605600.0,0.0,0.0,0.0,0.0,0.0,0.0,0.0,0.0,0.0,0.0,0.0,0.0,0.0,0.0,0.0,0.0,0.0,0.0,0.0,0.0,2.004,-0.0,0.0,0.0,0.0,0.0,0.0,0.0,5174.0,0.0,6916.0,-107615088.0,0.0,2.004,2.004,0.0,0.0,0.0,0.0,69,126840528896.0,89220.609,0.0,0.0,0.0,0.0,0.0,0.0,0.0,0,0,0,0.0,0.0,0.0,0.0,0.0,0.0,0.0,0.0,0.0,0.0,0.0,0.0,0.0,0.0,0.0,0.0,0,-107875648.0,69,0.0,138,0.0,2.012,ERR,ERR,ERR,ERR,ERR,ERR,ERR,ERR,ERR,ERR,ERR,ERR,ERR,ERR,ERR,ERR,ERR,ERR,ERR,ERR,ERR,ERR,ERR,ERR,ERR,ERR,ERR,ERR,ERR,ERR,ERR,ERR,ERR,ERR,ERR,ERR,ERR,ERR,ERR,ERR,ERR,ERR,ERR,ERR,ERR,ERR,ERR,ERR,ERR,ERR,ERR,ERR,ERR,ERR,ERR,ERR,ERR,ERR,ERR,ERR,ERR,ERR,ERR,ERR,ERR,ERR,ERR,60.0,60.0,35,0.0,0.0,0.0,0.0,0.0,0.0,0.0,0.0,0.0,0.0,0.0,0.0,0.0,0.0,0.0,0.0,65.6,0,118,57,42,65476,0,300,0,0,8,20529,65476,0,0,2621,60.0,0.0,0.0,0.0,0.0,0.0
2026-07-09T15:18:59,ERR,ERR,ERR,ERR,ERR,ERR,ERR,ERR,ERR,ERR,ERR,ERR,ERR,ERR,ERR,ERR,ERR,ERR,ERR,ERR,ERR,ERR,ERR,ERR,ERR,ERR,ERR,ERR,ERR,ERR,ERR,ERR,ERR,ERR,ERR,ERR,ERR,ERR,ERR,ERR,ERR,ERR,ERR,ERR,ERR,ERR,ERR,ERR,ERR,ERR,ERR,ERR,ERR,ERR,ERR,ERR,ERR,ERR,ERR,ERR,ERR,ERR,ERR,ERR,ERR,ERR,ERR,ERR,ERR,ERR,ERR,ERR,ERR,ERR,ERR,ERR,ERR,ERR,ERR,ERR,ERR,ERR,ERR,ERR,ERR,ERR,ERR,ERR,ERR,ERR,ERR,ERR,ERR,ERR,ERR,ERR,ERR,ERR,ERR,ERR,ERR,ERR,ERR,ERR,ERR,ERR,ERR,ERR,ERR,ERR,ERR,ERR,ERR,ERR,ERR,ERR,ERR,ERR,ERR,ERR,ERR,ERR,ERR,ERR,ERR,-107615088.0,0.0,-0.0,-107612512.0,1.580127909237246e+29,0.0,0.0,-0.0,0,0,4,17428,7116,0.0,100,0.0,0.0,-107612512.0,0.0,0.0,0,0,0,0,0.0,0,0,0,0,0,0,0,0,0,0,0,0,0,0,0,0,0,0,0,0,0,0,0,0,0,0,0,0,0,0,0,0,0,31,40,40,71,65476,0,300,0,0,8,21553,0.0,-107605600.0,0.0,0.0,0.0,0.0,0.0,0.0,0.0,0.0,0.0,0.0,0.0,0.0,0.0,0.0,0.0,0.0,0.0,0.0,0.0,0.0,2.004,-0.0,0.0,0.0,0.0,0.0,0.0,0.0,5174.0,0.0,6916.0,-107615088.0,0.0,2.004,2.004,0.0,0.0,0.0,0.0,69,126840528896.0,89220.609,0.0,0.0,0.0,0.0,0.0,0.0,0.0,0,0,0,0.0,0.0,0.0,0.0,0.0,0.0,0.0,0.0,0.0,0.0,0.0,0.0,0.0,0.0,0.0,0.0,0,-107875648.0,69,0.0,138,0.0,2.012,ERR,ERR,ERR,ERR,ERR,ERR,ERR,ERR,ERR,ERR,ERR,ERR,ERR,ERR,ERR,ERR,ERR,ERR,ERR,ERR,ERR,ERR,ERR,ERR,ERR,ERR,ERR,ERR,ERR,ERR,ERR,ERR,ERR,ERR,ERR,ERR,ERR,ERR,ERR,ERR,ERR,ERR,ERR,ERR,ERR,ERR,ERR,ERR,ERR,ERR,ERR,ERR,ERR,ERR,ERR,ERR,ERR,ERR,ERR,ERR,ERR,ERR,ERR,ERR,ERR,ERR,ERR,60.0,60.0,35,0.0,0.0,0.0,0.0,0.0,0.0,0.0,0.0,0.0,0.0,0.0,0.0,0.0,0.0,0.0,0.0,65.6,0,118,57,42,65476,0,300,0,0,8,20529,65476,0,0,2621,60.0,0.0,0.0,0.0,0.0,0.0
2026-07-09T15:19:00,ERR,ERR,ERR,ERR,ERR,ERR,ERR,ERR,ERR,ERR,ERR,ERR,ERR,ERR,ERR,ERR,ERR,ERR,ERR,ERR,ERR,ERR,ERR,ERR,ERR,ERR,ERR,ERR,ERR,ERR,ERR,ERR,ERR,ERR,ERR,ERR,ERR,ERR,ERR,ERR,ERR,ERR,ERR,ERR,ERR,ERR,ERR,ERR,ERR,ERR,ERR,ERR,ERR,ERR,ERR,ERR,ERR,ERR,ERR,ERR,ERR,ERR,ERR,ERR,ERR,ERR,ERR,ERR,ERR,ERR,ERR,ERR,ERR,ERR,ERR,ERR,ERR,ERR,ERR,ERR,ERR,ERR,ERR,ERR,ERR,ERR,ERR,ERR,ERR,ERR,ERR,ERR,ERR,ERR,ERR,ERR,ERR,ERR,ERR,ERR,ERR,ERR,ERR,ERR,ERR,ERR,ERR,ERR,ERR,ERR,ERR,ERR,ERR,ERR,ERR,ERR,ERR,ERR,ERR,ERR,ERR,ERR,ERR,ERR,ERR,-107615088.0,0.0,-0.0,-107612512.0,1.580127909237246e+29,0.0,0.0,-0.0,0,0,4,17428,7116,0.0,100,0.0,0.0,-107612512.0,0.0,0.0,0,0,0,0,0.0,0,0,0,0,0,0,0,0,0,0,0,0,0,0,0,0,0,0,0,0,0,0,0,0,0,0,0,0,0,0,0,0,0,31,40,40,71,65476,0,300,0,0,8,21553,0.0,-107605600.0,0.0,0.0,0.0,0.0,0.0,0.0,0.0,0.0,0.0,0.0,0.0,0.0,0.0,0.0,0.0,0.0,0.0,0.0,0.0,0.0,2.004,-0.0,0.0,0.0,0.0,0.0,0.0,0.0,5174.0,0.0,6916.0,-107615088.0,0.0,2.004,2.004,0.0,0.0,0.0,0.0,69,126840528896.0,89220.609,0.0,0.0,0.0,0.0,0.0,0.0,0.0,0,0,0,0.0,0.0,0.0,0.0,0.0,0.0,0.0,0.0,0.0,0.0,0.0,0.0,0.0,0.0,0.0,0.0,0,-107875648.0,69,0.0,138,0.0,2.012,ERR,ERR,ERR,ERR,ERR,ERR,ERR,ERR,ERR,ERR,ERR,ERR,ERR,ERR,ERR,ERR,ERR,ERR,ERR,ERR,ERR,ERR,ERR,ERR,ERR,ERR,ERR,ERR,ERR,ERR,ERR,ERR,ERR,ERR,ERR,ERR,ERR,ERR,ERR,ERR,ERR,ERR,ERR,ERR,ERR,ERR,ERR,ERR,ERR,ERR,ERR,ERR,ERR,ERR,ERR,ERR,ERR,ERR,ERR,ERR,ERR,ERR,ERR,ERR,ERR,ERR,ERR,60.0,60.0,35,0.0,0.0,0.0,0.0,0.0,0.0,0.0,0.0,0.0,0.0,0.0,0.0,0.0,0.0,0.0,0.0,65.2,0,117,57,42,65476,0,300,0,0,8,20529,65476,0,0,2621,60.0,0.0,0.0,0.0,0.0,0.0
2026-07-09T15:19:01,ERR,ERR,ERR,ERR,ERR,ERR,ERR,ERR,ERR,ERR,ERR,ERR,ERR,ERR,ERR,ERR,ERR,ERR,ERR,ERR,ERR,ERR,ERR,ERR,ERR,ERR,ERR,ERR,ERR,ERR,ERR,ERR,ERR,ERR,ERR,ERR,ERR,ERR,ERR,ERR,ERR,ERR,ERR,ERR,ERR,ERR,ERR,ERR,ERR,ERR,ERR,ERR,ERR,ERR,ERR,ERR,ERR,ERR,ERR,ERR,ERR,ERR,ERR,ERR,ERR,ERR,ERR,ERR,ERR,ERR,ERR,ERR,ERR,ERR,ERR,ERR,ERR,ERR,ERR,ERR,ERR,ERR,ERR,ERR,ERR,ERR,ERR,ERR,ERR,ERR,ERR,ERR,ERR,ERR,ERR,ERR,ERR,ERR,ERR,ERR,ERR,ERR,ERR,ERR,ERR,ERR,ERR,ERR,ERR,ERR,ERR,ERR,ERR,ERR,ERR,ERR,ERR,ERR,ERR,ERR,ERR,ERR,ERR,ERR,ERR,-107615088.0,0.0,-0.0,0.0,0.0,0.0,0.0,-3.743679627744517e+36,0,0,4,17429,7116,0.0,100,0.0,0.0,2.718366610185338e+23,0.0,0.0,0,0,0,0,0.0,0,0,0,0,0,0,0,0,0,0,0,0,0,0,0,0,0,0,0,0,0,0,0,0,0,0,0,0,0,0,0,0,0,31,40,40,71,65476,0,300,0,0,8,21553,0.0,-107605600.0,0.0,0.0,0.0,0.0,0.0,0.0,0.0,0.0,0.0,0.0,0.0,0.0,0.0,0.0,0.0,0.0,0.0,0.0,0.0,0.0,2.004,-0.0,0.0,0.0,0.0,0.0,0.0,0.0,5182.0,2.004,6920.0,2.7184242562605685e+23,0.0,2.004,2.004,0.0,0.0,0.0,0.0,69,-71.629,2.7184184916530455e+23,0.0,0.0,0.0,0.0,0.0,0.0,0.0,0,0,0,0.0,0.0,0.0,0.0,0.0,0.0,0.0,0.0,0.0,0.0,0.0,0.0,0.0,0.0,0.0,0.0,0,-107875648.0,69,0.0,138,0.0,2.012,ERR,ERR,ERR,ERR,ERR,ERR,ERR,ERR,ERR,ERR,ERR,ERR,ERR,ERR,ERR,ERR,ERR,ERR,ERR,ERR,ERR,ERR,ERR,ERR,ERR,ERR,ERR,ERR,ERR,ERR,ERR,ERR,ERR,ERR,ERR,ERR,ERR,ERR,ERR,ERR,ERR,ERR,ERR,ERR,ERR,ERR,ERR,ERR,ERR,ERR,ERR,ERR,ERR,ERR,ERR,ERR,ERR,ERR,ERR,ERR,ERR,ERR,ERR,ERR,ERR,ERR,ERR,60.0,60.0,35,0.0,0.0,0.0,0.0,0.0,0.0,0.0,0.0,0.0,0.0,0.0,0.0,0.0,0.0,0.0,0.0,65.2,0,117,57,42,65476,0,300,0,0,8,20529,65476,0,0,2621,60.0,0.0,0.0,0.0,0.0,0.0
2026-07-09T15:19:02,ERR,ERR,ERR,ERR,ERR,ERR,ERR,ERR,ERR,ERR,ERR,ERR,ERR,ERR,ERR,ERR,ERR,ERR,ERR,ERR,ERR,ERR,ERR,ERR,ERR,ERR,ERR,ERR,ERR,ERR,ERR,ERR,ERR,ERR,ERR,ERR,ERR,ERR,ERR,ERR,ERR,ERR,ERR,ERR,ERR,ERR,ERR,ERR,ERR,ERR,ERR,ERR,ERR,ERR,ERR,ERR,ERR,ERR,ERR,ERR,ERR,ERR,ERR,ERR,ERR,ERR,ERR,ERR,ERR,ERR,ERR,ERR,ERR,ERR,ERR,ERR,ERR,ERR,ERR,ERR,ERR,ERR,ERR,ERR,ERR,ERR,ERR,ERR,ERR,ERR,ERR,ERR,ERR,ERR,ERR,ERR,ERR,ERR,ERR,ERR,ERR,ERR,ERR,ERR,ERR,ERR,ERR,ERR,ERR,ERR,ERR,ERR,ERR,ERR,ERR,ERR,ERR,ERR,ERR,ERR,ERR,ERR,ERR,ERR,ERR,-107615088.0,0.0,-0.0,0.0,0.0,0.0,0.0,-3.743679627744517e+36,0,0,4,17429,7116,0.0,100,0.0,0.0,2.718366610185338e+23,0.0,0.0,0,0,0,0,0.0,0,0,0,0,0,0,0,0,0,0,0,0,0,0,0,0,0,0,0,0,0,0,0,0,0,0,0,0,0,0,0,0,0,31,40,40,71,65476,0,300,0,0,8,21553,0.0,-107605600.0,0.0,0.0,0.0,0.0,0.0,0.0,0.0,0.0,0.0,0.0,0.0,0.0,0.0,0.0,0.0,0.0,0.0,0.0,0.0,0.0,2.004,-0.0,0.0,0.0,0.0,0.0,0.0,0.0,5182.0,2.004,6920.0,2.7184242562605685e+23,0.0,2.004,2.004,0.0,0.0,0.0,0.0,69,-71.629,2.7184184916530455e+23,0.0,0.0,0.0,0.0,0.0,0.0,0.0,0,0,0,0.0,0.0,0.0,0.0,0.0,0.0,0.0,0.0,0.0,0.0,0.0,0.0,0.0,0.0,0.0,0.0,0,-107875648.0,69,0.0,138,0.0,2.012,ERR,ERR,ERR,ERR,ERR,ERR,ERR,ERR,ERR,ERR,ERR,ERR,ERR,ERR,ERR,ERR,ERR,ERR,ERR,ERR,ERR,ERR,ERR,ERR,ERR,ERR,ERR,ERR,ERR,ERR,ERR,ERR,ERR,ERR,ERR,ERR,ERR,ERR,ERR,ERR,ERR,ERR,ERR,ERR,ERR,ERR,ERR,ERR,ERR,ERR,ERR,ERR,ERR,ERR,ERR,ERR,ERR,ERR,ERR,ERR,ERR,ERR,ERR,ERR,ERR,ERR,ERR,60.0,60.0,35,0.0,0.0,0.0,0.0,0.0,0.0,0.0,0.0,0.0,0.0,0.0,0.0,0.0,0.0,0.0,0.0,65.2,0,117,57,42,65476,0,300,0,0,8,20529,65476,0,0,2621,60.0,0.0,0.0,0.0,0.0,0.0
2026-07-09T15:19:03,ERR,ERR,ERR,ERR,ERR,ERR,ERR,ERR,ERR,ERR,ERR,ERR,ERR,ERR,ERR,ERR,ERR,ERR,ERR,ERR,ERR,ERR,ERR,ERR,ERR,ERR,ERR,ERR,ERR,ERR,ERR,ERR,ERR,ERR,ERR,ERR,ERR,ERR,ERR,ERR,ERR,ERR,ERR,ERR,ERR,ERR,ERR,ERR,ERR,ERR,ERR,ERR,ERR,ERR,ERR,ERR,ERR,ERR,ERR,ERR,ERR,ERR,ERR,ERR,ERR,ERR,ERR,ERR,ERR,ERR,ERR,ERR,ERR,ERR,ERR,ERR,ERR,ERR,ERR,ERR,ERR,ERR,ERR,ERR,ERR,ERR,ERR,ERR,ERR,ERR,ERR,ERR,ERR,ERR,ERR,ERR,ERR,ERR,ERR,ERR,ERR,ERR,ERR,ERR,ERR,ERR,ERR,ERR,ERR,ERR,ERR,ERR,ERR,ERR,ERR,ERR,ERR,ERR,ERR,ERR,ERR,ERR,ERR,ERR,ERR,-107615088.0,0.0,-0.0,0.0,0.0,0.0,0.0,-3.743679627744517e+36,0,0,4,17429,7116,0.0,100,0.0,0.0,2.718366610185338e+23,0.0,0.0,0,0,0,0,0.0,0,0,0,0,0,0,0,0,0,0,0,0,0,0,0,0,0,0,0,0,0,0,0,0,0,0,0,0,0,0,0,0,0,31,40,40,71,65476,0,300,0,0,8,21553,0.0,-107605600.0,0.0,0.0,0.0,0.0,0.0,0.0,0.0,0.0,0.0,0.0,0.0,0.0,0.0,0.0,0.0,0.0,0.0,0.0,0.0,0.0,2.004,-0.0,0.0,0.0,0.0,0.0,0.0,0.0,5182.0,2.004,6920.0,2.7184242562605685e+23,0.0,2.004,2.004,0.0,0.0,0.0,0.0,69,-71.629,2.7184184916530455e+23,0.0,0.0,0.0,0.0,0.0,0.0,0.0,0,0,0,0.0,0.0,0.0,0.0,0.0,0.0,0.0,0.0,0.0,0.0,0.0,0.0,0.0,0.0,0.0,0.0,0,-107875648.0,69,0.0,138,0.0,2.012,ERR,ERR,ERR,ERR,ERR,ERR,ERR,ERR,ERR,ERR,ERR,ERR,ERR,ERR,ERR,ERR,ERR,ERR,ERR,ERR,ERR,ERR,ERR,ERR,ERR,ERR,ERR,ERR,ERR,ERR,ERR,ERR,ERR,ERR,ERR,ERR,ERR,ERR,ERR,ERR,ERR,ERR,ERR,ERR,ERR,ERR,ERR,ERR,ERR,ERR,ERR,ERR,ERR,ERR,ERR,ERR,ERR,ERR,ERR,ERR,ERR,ERR,ERR,ERR,ERR,ERR,ERR,60.0,60.0,35,0.0,0.0,0.0,0.0,0.0,0.0,0.0,0.0,0.0,0.0,0.0,0.0,0.0,0.0,0.0,0.0,65.2,0,117,57,42,65476,0,300,0,0,8,20529,65476,0,0,2621,60.0,0.0,0.0,0.0,0.0,0.0
2026-07-09T15:19:04,ERR,ERR,ERR,ERR,ERR,ERR,ERR,ERR,ERR,ERR,ERR,ERR,ERR,ERR,ERR,ERR,ERR,ERR,ERR,ERR,ERR,ERR,ERR,ERR,ERR,ERR,ERR,ERR,ERR,ERR,ERR,ERR,ERR,ERR,ERR,ERR,ERR,ERR,ERR,ERR,ERR,ERR,ERR,ERR,ERR,ERR,ERR,ERR,ERR,ERR,ERR,ERR,ERR,ERR,ERR,ERR,ERR,ERR,ERR,ERR,ERR,ERR,ERR,ERR,ERR,ERR,ERR,ERR,ERR,ERR,ERR,ERR,ERR,ERR,ERR,ERR,ERR,ERR,ERR,ERR,ERR,ERR,ERR,ERR,ERR,ERR,ERR,ERR,ERR,ERR,ERR,ERR,ERR,ERR,ERR,ERR,ERR,ERR,ERR,ERR,ERR,ERR,ERR,ERR,ERR,ERR,ERR,ERR,ERR,ERR,ERR,ERR,ERR,ERR,ERR,ERR,ERR,ERR,ERR,ERR,ERR,ERR,ERR,ERR,ERR,-107615088.0,0.0,-0.0,0.0,0.0,0.0,0.0,-3.743679627744517e+36,0,0,4,17429,7116,0.0,100,0.0,0.0,2.718366610185338e+23,0.0,0.0,0,0,0,0,0.0,0,0,0,0,0,0,0,0,0,0,0,0,0,0,0,0,0,0,0,0,0,0,0,0,0,0,0,0,0,0,0,0,0,31,40,40,71,65476,0,300,0,0,8,21553,0.0,-107605600.0,0.0,0.0,0.0,0.0,0.0,0.0,0.0,0.0,0.0,0.0,0.0,0.0,0.0,0.0,0.0,0.0,0.0,0.0,0.0,0.0,2.004,-0.0,0.0,0.0,0.0,0.0,0.0,0.0,5182.0,2.004,6920.0,2.7184242562605685e+23,0.0,2.004,2.004,0.0,0.0,0.0,0.0,69,-71.629,2.7184184916530455e+23,0.0,0.0,0.0,0.0,0.0,0.0,0.0,0,0,0,0.0,0.0,0.0,0.0,0.0,0.0,0.0,0.0,0.0,0.0,0.0,0.0,0.0,0.0,0.0,0.0,0,-107875648.0,69,0.0,138,0.0,2.012,ERR,ERR,ERR,ERR,ERR,ERR,ERR,ERR,ERR,ERR,ERR,ERR,ERR,ERR,ERR,ERR,ERR,ERR,ERR,ERR,ERR,ERR,ERR,ERR,ERR,ERR,ERR,ERR,ERR,ERR,ERR,ERR,ERR,ERR,ERR,ERR,ERR,ERR,ERR,ERR,ERR,ERR,ERR,ERR,ERR,ERR,ERR,ERR,ERR,ERR,ERR,ERR,ERR,ERR,ERR,ERR,ERR,ERR,ERR,ERR,ERR,ERR,ERR,ERR,ERR,ERR,ERR,60.0,60.0,35,0.0,0.0,0.0,0.0,0.0,0.0,0.0,0.0,0.0,0.0,0.0,0.0,0.0,0.0,0.0,0.0,65.2,0,117,57,43,65476,0,300,0,0,8,20529,65476,0,0,2621,60.0,0.0,0.0,0.0,0.0,0.0
2026-07-09T15:19:05,ERR,ERR,ERR,ERR,ERR,ERR,ERR,ERR,ERR,ERR,ERR,ERR,ERR,ERR,ERR,ERR,ERR,ERR,ERR,ERR,ERR,ERR,ERR,ERR,ERR,ERR,ERR,ERR,ERR,ERR,ERR,ERR,ERR,ERR,ERR,ERR,ERR,ERR,ERR,ERR,ERR,ERR,ERR,ERR,ERR,ERR,ERR,ERR,ERR,ERR,ERR,ERR,ERR,ERR,ERR,ERR,ERR,ERR,ERR,ERR,ERR,ERR,ERR,ERR,ERR,ERR,ERR,ERR,ERR,ERR,ERR,ERR,ERR,ERR,ERR,ERR,ERR,ERR,ERR,ERR,ERR,ERR,ERR,ERR,ERR,ERR,ERR,ERR,ERR,ERR,ERR,ERR,ERR,ERR,ERR,ERR,ERR,ERR,ERR,ERR,ERR,ERR,ERR,ERR,ERR,ERR,ERR,ERR,ERR,ERR,ERR,ERR,ERR,ERR,ERR,ERR,ERR,ERR,ERR,ERR,ERR,ERR,ERR,ERR,ERR,-107615088.0,0.0,-0.0,0.0,0.0,0.0,0.0,-3.743679627744517e+36,0,0,4,17429,7116,0.0,100,0.0,0.0,2.718366610185338e+23,0.0,0.0,0,0,0,0,0.0,0,0,0,0,0,0,0,0,0,0,0,0,0,0,0,0,0,0,0,0,0,0,0,0,0,0,0,0,0,0,0,0,0,31,40,40,71,65476,0,300,0,0,8,21553,0.0,-107605600.0,0.0,0.0,0.0,0.0,0.0,0.0,0.0,0.0,0.0,0.0,0.0,0.0,0.0,0.0,0.0,0.0,0.0,0.0,0.0,0.0,2.004,-0.0,0.0,0.0,0.0,0.0,0.0,0.0,5182.0,2.004,6920.0,2.7184242562605685e+23,0.0,2.004,2.004,0.0,0.0,0.0,0.0,69,-71.629,2.7184184916530455e+23,0.0,0.0,0.0,0.0,0.0,0.0,0.0,0,0,0,0.0,0.0,0.0,0.0,0.0,0.0,0.0,0.0,0.0,0.0,0.0,0.0,0.0,0.0,0.0,0.0,0,-107875648.0,69,0.0,138,0.0,2.012,ERR,ERR,ERR,ERR,ERR,ERR,ERR,ERR,ERR,ERR,ERR,ERR,ERR,ERR,ERR,ERR,ERR,ERR,ERR,ERR,ERR,ERR,ERR,ERR,ERR,ERR,ERR,ERR,ERR,ERR,ERR,ERR,ERR,ERR,ERR,ERR,ERR,ERR,ERR,ERR,ERR,ERR,ERR,ERR,ERR,ERR,ERR,ERR,ERR,ERR,ERR,ERR,ERR,ERR,ERR,ERR,ERR,ERR,ERR,ERR,ERR,ERR,ERR,ERR,ERR,ERR,ERR,60.0,60.0,35,0.0,0.0,0.0,0.0,0.0,0.0,0.0,0.0,0.0,0.0,0.0,0.0,0.0,0.0,0.0,0.0,65.2,0,117,57,43,65476,0,300,0,0,8,20529,65476,0,0,2621,60.0,0.0,0.0,0.0,0.0,0.0
2026-07-09T15:19:06,ERR,ERR,ERR,ERR,ERR,ERR,ERR,ERR,ERR,ERR,ERR,ERR,ERR,ERR,ERR,ERR,ERR,ERR,ERR,ERR,ERR,ERR,ERR,ERR,ERR,ERR,ERR,ERR,ERR,ERR,ERR,ERR,ERR,ERR,ERR,ERR,ERR,ERR,ERR,ERR,ERR,ERR,ERR,ERR,ERR,ERR,ERR,ERR,ERR,ERR,ERR,ERR,ERR,ERR,ERR,ERR,ERR,ERR,ERR,ERR,ERR,ERR,ERR,ERR,ERR,ERR,ERR,ERR,ERR,ERR,ERR,ERR,ERR,ERR,ERR,ERR,ERR,ERR,ERR,ERR,ERR,ERR,ERR,ERR,ERR,ERR,ERR,ERR,ERR,ERR,ERR,ERR,ERR,ERR,ERR,ERR,ERR,ERR,ERR,ERR,ERR,ERR,ERR,ERR,ERR,ERR,ERR,ERR,ERR,ERR,ERR,ERR,ERR,ERR,ERR,ERR,ERR,ERR,ERR,ERR,ERR,ERR,ERR,ERR,ERR,2.7184242562605685e+23,0.0,-0.0,0.0,0.0,-7.764327244780868e+34,0.0,0.0,0,0,4,17430,7116,0.0,100,0.0,0.0,0.0,0.0,0.0,0,0,0,0,0.0,0,0,0,0,0,0,0,0,0,0,0,0,0,0,0,0,0,0,0,0,0,0,0,0,0,0,0,0,0,0,0,0,0,31,40,40,71,65476,0,300,0,0,8,21553,0.0,-107605600.0,0.0,0.0,0.0,0.0,0.0,0.0,0.0,0.0,0.0,0.0,0.0,0.0,0.0,0.0,0.0,0.0,0.0,0.0,0.0,0.0,0.0,-0.0,0.0,0.0,0.0,0.0,0.0,0.0,5155.0,1.5879302975875728e+29,6926.0,2.7184242562605685e+23,0.0,2.004,2.004,0.0,0.0,0.0,0.0,69,-0.0,-0.0,0.0,0.0,0.0,0.0,0.0,0.0,0.0,0,0,0,0.0,0.0,0.0,0.0,0.0,0.0,0.0,0.0,0.0,0.0,0.0,0.0,0.0,0.0,0.0,0.0,0,-107875648.0,69,0.0,138,0.0,2.012,ERR,ERR,ERR,ERR,ERR,ERR,ERR,ERR,ERR,ERR,ERR,ERR,ERR,ERR,ERR,ERR,ERR,ERR,ERR,ERR,ERR,ERR,ERR,ERR,ERR,ERR,ERR,ERR,ERR,ERR,ERR,ERR,ERR,ERR,ERR,ERR,ERR,ERR,ERR,ERR,ERR,ERR,ERR,ERR,ERR,ERR,ERR,ERR,ERR,ERR,ERR,ERR,ERR,ERR,ERR,ERR,ERR,ERR,ERR,ERR,ERR,ERR,ERR,ERR,ERR,ERR,ERR,60.0,60.0,35,0.0,0.0,0.0,0.0,0.0,0.0,0.0,0.0,0.0,0.0,0.0,0.0,0.0,0.0,0.0,0.0,65.2,0,117,57,43,65476,0,300,0,0,8,20529,65476,0,0,2621,60.0,0.0,0.0,0.0,0.0,0.0
2026-07-09T15:19:07,ERR,ERR,ERR,ERR,ERR,ERR,ERR,ERR,ERR,ERR,ERR,ERR,ERR,ERR,ERR,ERR,ERR,ERR,ERR,ERR,ERR,ERR,ERR,ERR,ERR,ERR,ERR,ERR,ERR,ERR,ERR,ERR,ERR,ERR,ERR,ERR,ERR,ERR,ERR,ERR,ERR,ERR,ERR,ERR,ERR,ERR,ERR,ERR,ERR,ERR,ERR,ERR,ERR,ERR,ERR,ERR,ERR,ERR,ERR,ERR,ERR,ERR,ERR,ERR,ERR,ERR,ERR,ERR,ERR,ERR,ERR,ERR,ERR,ERR,ERR,ERR,ERR,ERR,ERR,ERR,ERR,ERR,ERR,ERR,ERR,ERR,ERR,ERR,ERR,ERR,ERR,ERR,ERR,ERR,ERR,ERR,ERR,ERR,ERR,ERR,ERR,ERR,ERR,ERR,ERR,ERR,ERR,ERR,ERR,ERR,ERR,ERR,ERR,ERR,ERR,ERR,ERR,ERR,ERR,ERR,ERR,ERR,ERR,ERR,ERR,2.7184242562605685e+23,0.0,-0.0,0.0,0.0,-7.764327244780868e+34,0.0,0.0,0,0,4,17430,7116,0.0,100,0.0,0.0,0.0,0.0,0.0,0,0,0,0,0.0,0,0,0,0,0,0,0,0,0,0,0,0,0,0,0,0,0,0,0,0,0,0,0,0,0,0,0,0,0,0,0,0,0,31,40,40,71,65476,0,300,0,0,8,21553,0.0,-107605600.0,0.0,0.0,0.0,0.0,0.0,0.0,0.0,0.0,0.0,0.0,0.0,0.0,0.0,0.0,0.0,0.0,0.0,0.0,0.0,0.0,0.0,-0.0,0.0,0.0,0.0,0.0,0.0,0.0,5155.0,1.5879302975875728e+29,6926.0,2.7184242562605685e+23,0.0,2.004,2.004,0.0,0.0,0.0,0.0,69,-0.0,-0.0,0.0,0.0,0.0,0.0,0.0,0.0,0.0,0,0,0,0.0,0.0,0.0,0.0,0.0,0.0,0.0,0.0,0.0,0.0,0.0,0.0,0.0,0.0,0.0,0.0,0,-107875648.0,69,0.0,138,0.0,2.012,ERR,ERR,ERR,ERR,ERR,ERR,ERR,ERR,ERR,ERR,ERR,ERR,ERR,ERR,ERR,ERR,ERR,ERR,ERR,ERR,ERR,ERR,ERR,ERR,ERR,ERR,ERR,ERR,ERR,ERR,ERR,ERR,ERR,ERR,ERR,ERR,ERR,ERR,ERR,ERR,ERR,ERR,ERR,ERR,ERR,ERR,ERR,ERR,ERR,ERR,ERR,ERR,ERR,ERR,ERR,ERR,ERR,ERR,ERR,ERR,ERR,ERR,ERR,ERR,ERR,ERR,ERR,60.0,60.0,35,0.0,0.0,0.0,0.0,0.0,0.0,0.0,0.0,0.0,0.0,0.0,0.0,0.0,0.0,0.0,0.0,65.6,0,117,57,43,65476,0,300,0,0,8,20529,65476,0,0,2621,60.0,0.0,0.0,0.0,0.0,0.0
2026-07-09T15:19:08,ERR,ERR,ERR,ERR,ERR,ERR,ERR,ERR,ERR,ERR,ERR,ERR,ERR,ERR,ERR,ERR,ERR,ERR,ERR,ERR,ERR,ERR,ERR,ERR,ERR,ERR,ERR,ERR,ERR,ERR,ERR,ERR,ERR,ERR,ERR,ERR,ERR,ERR,ERR,ERR,ERR,ERR,ERR,ERR,ERR,ERR,ERR,ERR,ERR,ERR,ERR,ERR,ERR,ERR,ERR,ERR,ERR,ERR,ERR,ERR,ERR,ERR,ERR,ERR,ERR,ERR,ERR,ERR,ERR,ERR,ERR,ERR,ERR,ERR,ERR,ERR,ERR,ERR,ERR,ERR,ERR,ERR,ERR,ERR,ERR,ERR,ERR,ERR,ERR,ERR,ERR,ERR,ERR,ERR,ERR,ERR,ERR,ERR,ERR,ERR,ERR,ERR,ERR,ERR,ERR,ERR,ERR,ERR,ERR,ERR,ERR,ERR,ERR,ERR,ERR,ERR,ERR,ERR,ERR,ERR,ERR,ERR,ERR,ERR,ERR,2.7184242562605685e+23,0.0,-0.0,0.0,0.0,-7.764327244780868e+34,0.0,0.0,0,0,4,17430,7116,0.0,100,0.0,0.0,0.0,0.0,0.0,0,0,0,0,0.0,0,0,0,0,0,0,0,0,0,0,0,0,0,0,0,0,0,0,0,0,0,0,0,0,0,0,0,0,0,0,0,0,0,31,40,40,71,65476,0,300,0,0,8,21553,0.0,-107605600.0,0.0,0.0,0.0,0.0,0.0,0.0,0.0,0.0,0.0,0.0,0.0,0.0,0.0,0.0,0.0,0.0,0.0,0.0,0.0,0.0,0.0,-0.0,0.0,0.0,0.0,0.0,0.0,0.0,5155.0,1.5879302975875728e+29,6926.0,2.7184242562605685e+23,0.0,2.004,2.004,0.0,0.0,0.0,0.0,69,-0.0,-0.0,0.0,0.0,0.0,0.0,0.0,0.0,0.0,0,0,0,0.0,0.0,0.0,0.0,0.0,0.0,0.0,0.0,0.0,0.0,0.0,0.0,0.0,0.0,0.0,0.0,0,-107875648.0,69,0.0,138,0.0,2.012,ERR,ERR,ERR,ERR,ERR,ERR,ERR,ERR,ERR,ERR,ERR,ERR,ERR,ERR,ERR,ERR,ERR,ERR,ERR,ERR,ERR,ERR,ERR,ERR,ERR,ERR,ERR,ERR,ERR,ERR,ERR,ERR,ERR,ERR,ERR,ERR,ERR,ERR,ERR,ERR,ERR,ERR,ERR,ERR,ERR,ERR,ERR,ERR,ERR,ERR,ERR,ERR,ERR,ERR,ERR,ERR,ERR,ERR,ERR,ERR,ERR,ERR,ERR,ERR,ERR,ERR,ERR,60.0,60.0,35,0.0,0.0,0.0,0.0,0.0,0.0,0.0,0.0,0.0,0.0,0.0,0.0,0.0,0.0,0.0,0.0,65.6,0,117,57,43,65476,0,300,0,0,8,20529,65476,0,0,2621,60.0,0.0,0.0,0.0,0.0,0.0
2026-07-09T15:19:09,ERR,ERR,ERR,ERR,ERR,ERR,ERR,ERR,ERR,ERR,ERR,ERR,ERR,ERR,ERR,ERR,ERR,ERR,ERR,ERR,ERR,ERR,ERR,ERR,ERR,ERR,ERR,ERR,ERR,ERR,ERR,ERR,ERR,ERR,ERR,ERR,ERR,ERR,ERR,ERR,ERR,ERR,ERR,ERR,ERR,ERR,ERR,ERR,ERR,ERR,ERR,ERR,ERR,ERR,ERR,ERR,ERR,ERR,ERR,ERR,ERR,ERR,ERR,ERR,ERR,ERR,ERR,ERR,ERR,ERR,ERR,ERR,ERR,ERR,ERR,ERR,ERR,ERR,ERR,ERR,ERR,ERR,ERR,ERR,ERR,ERR,ERR,ERR,ERR,ERR,ERR,ERR,ERR,ERR,ERR,ERR,ERR,ERR,ERR,ERR,ERR,ERR,ERR,ERR,ERR,ERR,ERR,ERR,ERR,ERR,ERR,ERR,ERR,ERR,ERR,ERR,ERR,ERR,ERR,ERR,ERR,ERR,ERR,ERR,ERR,2.7184242562605685e+23,0.0,-0.0,0.0,0.0,-7.764327244780868e+34,0.0,0.0,0,0,4,17430,7116,0.0,100,0.0,0.0,0.0,0.0,0.0,0,0,0,0,0.0,0,0,0,0,0,0,0,0,0,0,0,0,0,0,0,0,0,0,0,0,0,0,0,0,0,0,0,0,0,0,0,0,0,31,40,40,71,65476,0,300,0,0,8,21553,0.0,-107605600.0,0.0,0.0,0.0,0.0,0.0,0.0,0.0,0.0,0.0,0.0,0.0,0.0,0.0,0.0,0.0,0.0,0.0,0.0,0.0,0.0,0.0,-0.0,0.0,0.0,0.0,0.0,0.0,0.0,5155.0,1.5879302975875728e+29,6926.0,2.7184242562605685e+23,0.0,2.004,2.004,0.0,0.0,0.0,0.0,69,-0.0,-0.0,0.0,0.0,0.0,0.0,0.0,0.0,0.0,0,0,0,0.0,0.0,0.0,0.0,0.0,0.0,0.0,0.0,0.0,0.0,0.0,0.0,0.0,0.0,0.0,0.0,0,-107875648.0,69,0.0,138,0.0,2.012,ERR,ERR,ERR,ERR,ERR,ERR,ERR,ERR,ERR,ERR,ERR,ERR,ERR,ERR,ERR,ERR,ERR,ERR,ERR,ERR,ERR,ERR,ERR,ERR,ERR,ERR,ERR,ERR,ERR,ERR,ERR,ERR,ERR,ERR,ERR,ERR,ERR,ERR,ERR,ERR,ERR,ERR,ERR,ERR,ERR,ERR,ERR,ERR,ERR,ERR,ERR,ERR,ERR,ERR,ERR,ERR,ERR,ERR,ERR,ERR,ERR,ERR,ERR,ERR,ERR,ERR,ERR,60.0,60.0,35,0.0,0.0,0.0,0.0,0.0,0.0,0.0,0.0,0.0,0.0,0.0,0.0,0.0,0.0,0.0,0.0,65.2,0,117,57,43,65476,0,300,0,0,8,20529,65476,0,0,2621,60.0,0.0,0.0,0.0,0.0,0.0
2026-07-09T15:19:10,ERR,ERR,ERR,ERR,ERR,ERR,ERR,ERR,ERR,ERR,ERR,ERR,ERR,ERR,ERR,ERR,ERR,ERR,ERR,ERR,ERR,ERR,ERR,ERR,ERR,ERR,ERR,ERR,ERR,ERR,ERR,ERR,ERR,ERR,ERR,ERR,ERR,ERR,ERR,ERR,ERR,ERR,ERR,ERR,ERR,ERR,ERR,ERR,ERR,ERR,ERR,ERR,ERR,ERR,ERR,ERR,ERR,ERR,ERR,ERR,ERR,ERR,ERR,ERR,ERR,ERR,ERR,ERR,ERR,ERR,ERR,ERR,ERR,ERR,ERR,ERR,ERR,ERR,ERR,ERR,ERR,ERR,ERR,ERR,ERR,ERR,ERR,ERR,ERR,ERR,ERR,ERR,ERR,ERR,ERR,ERR,ERR,ERR,ERR,ERR,ERR,ERR,ERR,ERR,ERR,ERR,ERR,ERR,ERR,ERR,ERR,ERR,ERR,ERR,ERR,ERR,ERR,ERR,ERR,ERR,ERR,ERR,ERR,ERR,ERR,2.7184242562605685e+23,0.0,-0.0,0.0,0.0,-7.764327244780868e+34,0.0,0.0,0,0,4,17430,7116,0.0,100,0.0,0.0,0.0,0.0,0.0,0,0,0,0,0.0,0,0,0,0,0,0,0,0,0,0,0,0,0,0,0,0,0,0,0,0,0,0,0,0,0,0,0,0,0,0,0,0,0,31,40,40,71,65476,0,300,0,0,8,21553,0.0,-107605600.0,0.0,0.0,0.0,0.0,0.0,0.0,0.0,0.0,0.0,0.0,0.0,0.0,0.0,0.0,0.0,0.0,0.0,0.0,0.0,0.0,0.0,-0.0,0.0,0.0,0.0,0.0,0.0,0.0,5155.0,1.5879302975875728e+29,6926.0,2.7184242562605685e+23,0.0,2.004,2.004,0.0,0.0,0.0,0.0,69,-0.0,-0.0,0.0,0.0,0.0,0.0,0.0,0.0,0.0,0,0,0,0.0,0.0,0.0,0.0,0.0,0.0,0.0,0.0,0.0,0.0,0.0,0.0,0.0,0.0,0.0,0.0,0,-107875648.0,69,0.0,138,0.0,2.012,ERR,ERR,ERR,ERR,ERR,ERR,ERR,ERR,ERR,ERR,ERR,ERR,ERR,ERR,ERR,ERR,ERR,ERR,ERR,ERR,ERR,ERR,ERR,ERR,ERR,ERR,ERR,ERR,ERR,ERR,ERR,ERR,ERR,ERR,ERR,ERR,ERR,ERR,ERR,ERR,ERR,ERR,ERR,ERR,ERR,ERR,ERR,ERR,ERR,ERR,ERR,ERR,ERR,ERR,ERR,ERR,ERR,ERR,ERR,ERR,ERR,ERR,ERR,ERR,ERR,ERR,ERR,60.0,60.0,35,0.0,0.0,0.0,0.0,0.0,0.0,0.0,0.0,0.0,0.0,0.0,0.0,0.0,0.0,0.0,0.0,65.2,0,117,57,43,65476,0,300,0,0,8,20529,65476,0,0,2621,60.0,0.0,0.0,0.0,0.0,0.0
2026-07-09T15:19:11,ERR,ERR,ERR,ERR,ERR,ERR,ERR,ERR,ERR,ERR,ERR,ERR,ERR,ERR,ERR,ERR,ERR,ERR,ERR,ERR,ERR,ERR,ERR,ERR,ERR,ERR,ERR,ERR,ERR,ERR,ERR,ERR,ERR,ERR,ERR,ERR,ERR,ERR,ERR,ERR,ERR,ERR,ERR,ERR,ERR,ERR,ERR,ERR,ERR,ERR,ERR,ERR,ERR,ERR,ERR,ERR,ERR,ERR,ERR,ERR,ERR,ERR,ERR,ERR,ERR,ERR,ERR,ERR,ERR,ERR,ERR,ERR,ERR,ERR,ERR,ERR,ERR,ERR,ERR,ERR,ERR,ERR,ERR,ERR,ERR,ERR,ERR,ERR,ERR,ERR,ERR,ERR,ERR,ERR,ERR,ERR,ERR,ERR,ERR,ERR,ERR,ERR,ERR,ERR,ERR,ERR,ERR,ERR,ERR,ERR,ERR,ERR,ERR,ERR,ERR,ERR,ERR,ERR,ERR,ERR,ERR,ERR,ERR,ERR,ERR,0.0,0.0,0.0,0.0,0.0,-0.0,-545913.875,124.626,0,0,4,17431,7116,0.0,100,0.0,0.0,-0.0,0.0,0.0,0,0,0,0,0.0,0,0,0,0,0,0,0,0,0,0,0,0,0,0,0,0,0,0,0,0,0,0,0,0,0,0,0,0,0,0,0,0,0,31,40,40,71,65476,0,300,0,0,8,21553,0.0,-107605600.0,0.0,0.0,0.0,0.0,0.0,0.0,0.0,0.0,0.0,0.0,0.0,0.0,0.0,0.0,0.0,0.0,0.0,0.0,0.0,0.0,-2.004,-0.0,0.0,0.0,0.0,0.0,0.0,0.0,5155.0,2.4229893456841626e+24,6925.0,0.0,0.0,2.004,2.004,0.0,0.0,0.0,0.0,69,-0.0,-0.0,0.0,0.0,0.0,0.0,0.0,0.0,0.0,0,0,0,0.0,0.0,0.0,0.0,0.0,0.0,0.0,0.0,0.0,0.0,0.0,0.0,0.0,0.0,0.0,0.0,0,-107875648.0,69,0.0,138,0.0,2.012,ERR,ERR,ERR,ERR,ERR,ERR,ERR,ERR,ERR,ERR,ERR,ERR,ERR,ERR,ERR,ERR,ERR,ERR,ERR,ERR,ERR,ERR,ERR,ERR,ERR,ERR,ERR,ERR,ERR,ERR,ERR,ERR,ERR,ERR,ERR,ERR,ERR,ERR,ERR,ERR,ERR,ERR,ERR,ERR,ERR,ERR,ERR,ERR,ERR,ERR,ERR,ERR,ERR,ERR,ERR,ERR,ERR,ERR,ERR,ERR,ERR,ERR,ERR,ERR,ERR,ERR,ERR,60.0,60.0,35,0.0,0.0,0.0,0.0,0.0,0.0,0.0,0.0,0.0,0.0,0.0,0.0,0.0,0.0,0.0,0.0,65.2,0,118,57,43,65476,0,300,0,0,8,20529,65476,0,0,2621,60.0,0.0,0.0,0.0,0.0,0.0
2026-07-09T15:19:12,ERR,ERR,ERR,ERR,ERR,ERR,ERR,ERR,ERR,ERR,ERR,ERR,ERR,ERR,ERR,ERR,ERR,ERR,ERR,ERR,ERR,ERR,ERR,ERR,ERR,ERR,ERR,ERR,ERR,ERR,ERR,ERR,ERR,ERR,ERR,ERR,ERR,ERR,ERR,ERR,ERR,ERR,ERR,ERR,ERR,ERR,ERR,ERR,ERR,ERR,ERR,ERR,ERR,ERR,ERR,ERR,ERR,ERR,ERR,ERR,ERR,ERR,ERR,ERR,ERR,ERR,ERR,ERR,ERR,ERR,ERR,ERR,ERR,ERR,ERR,ERR,ERR,ERR,ERR,ERR,ERR,ERR,ERR,ERR,ERR,ERR,ERR,ERR,ERR,ERR,ERR,ERR,ERR,ERR,ERR,ERR,ERR,ERR,ERR,ERR,ERR,ERR,ERR,ERR,ERR,ERR,ERR,ERR,ERR,ERR,ERR,ERR,ERR,ERR,ERR,ERR,ERR,ERR,ERR,ERR,ERR,ERR,ERR,ERR,ERR,0.0,0.0,0.0,0.0,0.0,-0.0,-545913.875,124.626,0,0,4,17431,7116,0.0,100,0.0,0.0,-0.0,0.0,0.0,0,0,0,0,0.0,0,0,0,0,0,0,0,0,0,0,0,0,0,0,0,0,0,0,0,0,0,0,0,0,0,0,0,0,0,0,0,0,0,31,40,40,71,65476,0,300,0,0,8,21553,0.0,-107605600.0,0.0,0.0,0.0,0.0,0.0,0.0,0.0,0.0,0.0,0.0,0.0,0.0,0.0,0.0,0.0,0.0,0.0,0.0,0.0,0.0,-2.004,-0.0,0.0,0.0,0.0,0.0,0.0,0.0,5155.0,2.4229893456841626e+24,6925.0,0.0,0.0,2.004,2.004,0.0,0.0,0.0,0.0,69,-0.0,-0.0,0.0,0.0,0.0,0.0,0.0,0.0,0.0,0,0,0,0.0,0.0,0.0,0.0,0.0,0.0,0.0,0.0,0.0,0.0,0.0,0.0,0.0,0.0,0.0,0.0,0,-107875648.0,69,0.0,138,0.0,2.012,ERR,ERR,ERR,ERR,ERR,ERR,ERR,ERR,ERR,ERR,ERR,ERR,ERR,ERR,ERR,ERR,ERR,ERR,ERR,ERR,ERR,ERR,ERR,ERR,ERR,ERR,ERR,ERR,ERR,ERR,ERR,ERR,ERR,ERR,ERR,ERR,ERR,ERR,ERR,ERR,ERR,ERR,ERR,ERR,ERR,ERR,ERR,ERR,ERR,ERR,ERR,ERR,ERR,ERR,ERR,ERR,ERR,ERR,ERR,ERR,ERR,ERR,ERR,ERR,ERR,ERR,ERR,60.0,60.0,35,0.0,0.0,0.0,0.0,0.0,0.0,0.0,0.0,0.0,0.0,0.0,0.0,0.0,0.0,0.0,0.0,65.6,0,118,57,43,65476,0,300,0,0,8,20529,65476,0,0,2621,60.0,0.0,0.0,0.0,0.0,0.0
2026-07-09T15:19:13,ERR,ERR,ERR,ERR,ERR,ERR,ERR,ERR,ERR,ERR,ERR,ERR,ERR,ERR,ERR,ERR,ERR,ERR,ERR,ERR,ERR,ERR,ERR,ERR,ERR,ERR,ERR,ERR,ERR,ERR,ERR,ERR,ERR,ERR,ERR,ERR,ERR,ERR,ERR,ERR,ERR,ERR,ERR,ERR,ERR,ERR,ERR,ERR,ERR,ERR,ERR,ERR,ERR,ERR,ERR,ERR,ERR,ERR,ERR,ERR,ERR,ERR,ERR,ERR,ERR,ERR,ERR,ERR,ERR,ERR,ERR,ERR,ERR,ERR,ERR,ERR,ERR,ERR,ERR,ERR,ERR,ERR,ERR,ERR,ERR,ERR,ERR,ERR,ERR,ERR,ERR,ERR,ERR,ERR,ERR,ERR,ERR,ERR,ERR,ERR,ERR,ERR,ERR,ERR,ERR,ERR,ERR,ERR,ERR,ERR,ERR,ERR,ERR,ERR,ERR,ERR,ERR,ERR,ERR,ERR,ERR,ERR,ERR,ERR,ERR,0.0,0.0,0.0,0.0,0.0,-0.0,-545913.875,124.626,0,0,4,17431,7116,0.0,100,0.0,0.0,-0.0,0.0,0.0,0,0,0,0,0.0,0,0,0,0,0,0,0,0,0,0,0,0,0,0,0,0,0,0,0,0,0,0,0,0,0,0,0,0,0,0,0,0,0,31,40,40,71,65476,0,300,0,0,8,21553,0.0,-107605600.0,0.0,0.0,0.0,0.0,0.0,0.0,0.0,0.0,0.0,0.0,0.0,0.0,0.0,0.0,0.0,0.0,0.0,0.0,0.0,0.0,-2.004,-0.0,0.0,0.0,0.0,0.0,0.0,0.0,5155.0,2.4229893456841626e+24,6925.0,0.0,0.0,2.004,2.004,0.0,0.0,0.0,0.0,69,-0.0,-0.0,0.0,0.0,0.0,0.0,0.0,0.0,0.0,0,0,0,0.0,0.0,0.0,0.0,0.0,0.0,0.0,0.0,0.0,0.0,0.0,0.0,0.0,0.0,0.0,0.0,0,-107875648.0,69,0.0,138,0.0,2.012,ERR,ERR,ERR,ERR,ERR,ERR,ERR,ERR,ERR,ERR,ERR,ERR,ERR,ERR,ERR,ERR,ERR,ERR,ERR,ERR,ERR,ERR,ERR,ERR,ERR,ERR,ERR,ERR,ERR,ERR,ERR,ERR,ERR,ERR,ERR,ERR,ERR,ERR,ERR,ERR,ERR,ERR,ERR,ERR,ERR,ERR,ERR,ERR,ERR,ERR,ERR,ERR,ERR,ERR,ERR,ERR,ERR,ERR,ERR,ERR,ERR,ERR,ERR,ERR,ERR,ERR,ERR,60.0,60.0,35,0.0,0.0,0.0,0.0,0.0,0.0,0.0,0.0,0.0,0.0,0.0,0.0,0.0,0.0,0.0,0.0,65.6,0,118,57,43,65476,0,300,0,0,8,20529,65476,0,0,2621,60.0,0.0,0.0,0.0,0.0,0.0
2026-07-09T15:19:14,ERR,ERR,ERR,ERR,ERR,ERR,ERR,ERR,ERR,ERR,ERR,ERR,ERR,ERR,ERR,ERR,ERR,ERR,ERR,ERR,ERR,ERR,ERR,ERR,ERR,ERR,ERR,ERR,ERR,ERR,ERR,ERR,ERR,ERR,ERR,ERR,ERR,ERR,ERR,ERR,ERR,ERR,ERR,ERR,ERR,ERR,ERR,ERR,ERR,ERR,ERR,ERR,ERR,ERR,ERR,ERR,ERR,ERR,ERR,ERR,ERR,ERR,ERR,ERR,ERR,ERR,ERR,ERR,ERR,ERR,ERR,ERR,ERR,ERR,ERR,ERR,ERR,ERR,ERR,ERR,ERR,ERR,ERR,ERR,ERR,ERR,ERR,ERR,ERR,ERR,ERR,ERR,ERR,ERR,ERR,ERR,ERR,ERR,ERR,ERR,ERR,ERR,ERR,ERR,ERR,ERR,ERR,ERR,ERR,ERR,ERR,ERR,ERR,ERR,ERR,ERR,ERR,ERR,ERR,ERR,ERR,ERR,ERR,ERR,ERR,0.0,0.0,0.0,0.0,0.0,-0.0,-545913.875,124.626,0,0,4,17431,7116,0.0,100,0.0,0.0,-0.0,0.0,0.0,0,0,0,0,0.0,0,0,0,0,0,0,0,0,0,0,0,0,0,0,0,0,0,0,0,0,0,0,0,0,0,0,0,0,0,0,0,0,0,31,40,40,71,65476,0,300,0,0,8,21553,0.0,-107605600.0,0.0,0.0,0.0,0.0,0.0,0.0,0.0,0.0,0.0,0.0,0.0,0.0,0.0,0.0,0.0,0.0,0.0,0.0,0.0,0.0,-2.004,-0.0,0.0,0.0,0.0,0.0,0.0,0.0,5155.0,2.4229893456841626e+24,6925.0,0.0,0.0,2.004,2.004,0.0,0.0,0.0,0.0,69,-0.0,-0.0,0.0,0.0,0.0,0.0,0.0,0.0,0.0,0,0,0,0.0,0.0,0.0,0.0,0.0,0.0,0.0,0.0,0.0,0.0,0.0,0.0,0.0,0.0,0.0,0.0,0,-107875648.0,69,0.0,138,0.0,2.012,ERR,ERR,ERR,ERR,ERR,ERR,ERR,ERR,ERR,ERR,ERR,ERR,ERR,ERR,ERR,ERR,ERR,ERR,ERR,ERR,ERR,ERR,ERR,ERR,ERR,ERR,ERR,ERR,ERR,ERR,ERR,ERR,ERR,ERR,ERR,ERR,ERR,ERR,ERR,ERR,ERR,ERR,ERR,ERR,ERR,ERR,ERR,ERR,ERR,ERR,ERR,ERR,ERR,ERR,ERR,ERR,ERR,ERR,ERR,ERR,ERR,ERR,ERR,ERR,ERR,ERR,ERR,60.0,60.0,35,0.0,0.0,0.0,0.0,0.0,0.0,0.0,0.0,0.0,0.0,0.0,0.0,0.0,0.0,0.0,0.0,65.2,0,118,57,43,65476,0,300,0,0,8,20529,65476,0,0,2621,60.0,0.0,0.0,0.0,0.0,0.0
2026-07-09T15:19:15,ERR,ERR,ERR,ERR,ERR,ERR,ERR,ERR,ERR,ERR,ERR,ERR,ERR,ERR,ERR,ERR,ERR,ERR,ERR,ERR,ERR,ERR,ERR,ERR,ERR,ERR,ERR,ERR,ERR,ERR,ERR,ERR,ERR,ERR,ERR,ERR,ERR,ERR,ERR,ERR,ERR,ERR,ERR,ERR,ERR,ERR,ERR,ERR,ERR,ERR,ERR,ERR,ERR,ERR,ERR,ERR,ERR,ERR,ERR,ERR,ERR,ERR,ERR,ERR,ERR,ERR,ERR,ERR,ERR,ERR,ERR,ERR,ERR,ERR,ERR,ERR,ERR,ERR,ERR,ERR,ERR,ERR,ERR,ERR,ERR,ERR,ERR,ERR,ERR,ERR,ERR,ERR,ERR,ERR,ERR,ERR,ERR,ERR,ERR,ERR,ERR,ERR,ERR,ERR,ERR,ERR,ERR,ERR,ERR,ERR,ERR,ERR,ERR,ERR,ERR,ERR,ERR,ERR,ERR,ERR,ERR,ERR,ERR,ERR,ERR,0.0,0.0,0.0,0.0,0.0,-0.0,-545913.875,124.626,0,0,4,17431,7116,0.0,100,0.0,0.0,-0.0,0.0,0.0,0,0,0,0,0.0,0,0,0,0,0,0,0,0,0,0,0,0,0,0,0,0,0,0,0,0,0,0,0,0,0,0,0,0,0,0,0,0,0,31,40,40,71,65476,0,300,0,0,8,21553,0.0,-107605600.0,0.0,0.0,0.0,0.0,0.0,0.0,0.0,0.0,0.0,0.0,0.0,0.0,0.0,0.0,0.0,0.0,0.0,0.0,0.0,0.0,-2.004,-0.0,0.0,0.0,0.0,0.0,0.0,0.0,5155.0,2.4229893456841626e+24,6925.0,0.0,0.0,2.004,2.004,0.0,0.0,0.0,0.0,69,-0.0,-0.0,0.0,0.0,0.0,0.0,0.0,0.0,0.0,0,0,0,0.0,0.0,0.0,0.0,0.0,0.0,0.0,0.0,0.0,0.0,0.0,0.0,0.0,0.0,0.0,0.0,0,-107875648.0,69,0.0,138,0.0,2.012,ERR,ERR,ERR,ERR,ERR,ERR,ERR,ERR,ERR,ERR,ERR,ERR,ERR,ERR,ERR,ERR,ERR,ERR,ERR,ERR,ERR,ERR,ERR,ERR,ERR,ERR,ERR,ERR,ERR,ERR,ERR,ERR,ERR,ERR,ERR,ERR,ERR,ERR,ERR,ERR,ERR,ERR,ERR,ERR,ERR,ERR,ERR,ERR,ERR,ERR,ERR,ERR,ERR,ERR,ERR,ERR,ERR,ERR,ERR,ERR,ERR,ERR,ERR,ERR,ERR,ERR,ERR,60.0,60.0,35,0.0,0.0,0.0,0.0,0.0,0.0,0.0,0.0,0.0,0.0,0.0,0.0,0.0,0.0,0.0,0.0,65.2,0,118,57,43,65476,0,300,0,0,8,20529,65476,0,0,2621,60.0,0.0,0.0,0.0,0.0,0.0
2026-07-09T15:19:16,ERR,ERR,ERR,ERR,ERR,ERR,ERR,ERR,ERR,ERR,ERR,ERR,ERR,ERR,ERR,ERR,ERR,ERR,ERR,ERR,ERR,ERR,ERR,ERR,ERR,ERR,ERR,ERR,ERR,ERR,ERR,ERR,ERR,ERR,ERR,ERR,ERR,ERR,ERR,ERR,ERR,ERR,ERR,ERR,ERR,ERR,ERR,ERR,ERR,ERR,ERR,ERR,ERR,ERR,ERR,ERR,ERR,ERR,ERR,ERR,ERR,ERR,ERR,ERR,ERR,ERR,ERR,ERR,ERR,ERR,ERR,ERR,ERR,ERR,ERR,ERR,ERR,ERR,ERR,ERR,ERR,ERR,ERR,ERR,ERR,ERR,ERR,ERR,ERR,ERR,ERR,ERR,ERR,ERR,ERR,ERR,ERR,ERR,ERR,ERR,ERR,ERR,ERR,ERR,ERR,ERR,ERR,ERR,ERR,ERR,ERR,ERR,ERR,ERR,ERR,ERR,ERR,ERR,ERR,ERR,ERR,ERR,ERR,ERR,ERR,0.0,0.0,0.0,-0.0,-0.0,1.9337297389782075e+30,-0.0,8598582198272.0,0,0,4,17428,7116,0.0,100,0.0,0.0,-0.0,0.0,0.0,0,0,0,0,0.0,0,0,0,0,0,0,0,0,0,0,0,0,0,0,0,0,0,0,0,0,0,0,0,0,0,0,0,0,0,0,0,0,0,31,40,40,71,65476,0,300,0,0,8,21553,0.0,-107605600.0,0.0,0.0,0.0,0.0,0.0,0.0,0.0,0.0,0.0,0.0,0.0,0.0,0.0,0.0,0.0,0.0,0.0,0.0,0.0,0.0,-2.004,-0.0,0.0,0.0,0.0,0.0,0.0,0.0,5181.0,-0.0,6928.0,0.0,0.0,2.004,2.004,0.0,0.0,0.0,0.0,69,-0.0,-0.0,0.0,0.0,0.0,0.0,0.0,0.0,0.0,0,0,0,0.0,0.0,0.0,0.0,0.0,0.0,0.0,0.0,0.0,0.0,0.0,0.0,0.0,0.0,0.0,0.0,0,-107875648.0,69,0.0,138,0.0,2.012,ERR,ERR,ERR,ERR,ERR,ERR,ERR,ERR,ERR,ERR,ERR,ERR,ERR,ERR,ERR,ERR,ERR,ERR,ERR,ERR,ERR,ERR,ERR,ERR,ERR,ERR,ERR,ERR,ERR,ERR,ERR,ERR,ERR,ERR,ERR,ERR,ERR,ERR,ERR,ERR,ERR,ERR,ERR,ERR,ERR,ERR,ERR,ERR,ERR,ERR,ERR,ERR,ERR,ERR,ERR,ERR,ERR,ERR,ERR,ERR,ERR,ERR,ERR,ERR,ERR,ERR,ERR,60.0,60.0,35,0.0,0.0,0.0,0.0,0.0,0.0,0.0,0.0,0.0,0.0,0.0,0.0,0.0,0.0,0.0,0.0,65.2,0,118,57,43,65476,0,300,0,0,8,20529,65476,0,0,2621,60.0,0.0,0.0,0.0,0.0,0.0
2026-07-09T15:19:17,ERR,ERR,ERR,ERR,ERR,ERR,ERR,ERR,ERR,ERR,ERR,ERR,ERR,ERR,ERR,ERR,ERR,ERR,ERR,ERR,ERR,ERR,ERR,ERR,ERR,ERR,ERR,ERR,ERR,ERR,ERR,ERR,ERR,ERR,ERR,ERR,ERR,ERR,ERR,ERR,ERR,ERR,ERR,ERR,ERR,ERR,ERR,ERR,ERR,ERR,ERR,ERR,ERR,ERR,ERR,ERR,ERR,ERR,ERR,ERR,ERR,ERR,ERR,ERR,ERR,ERR,ERR,ERR,ERR,ERR,ERR,ERR,ERR,ERR,ERR,ERR,ERR,ERR,ERR,ERR,ERR,ERR,ERR,ERR,ERR,ERR,ERR,ERR,ERR,ERR,ERR,ERR,ERR,ERR,ERR,ERR,ERR,ERR,ERR,ERR,ERR,ERR,ERR,ERR,ERR,ERR,ERR,ERR,ERR,ERR,ERR,ERR,ERR,ERR,ERR,ERR,ERR,ERR,ERR,ERR,ERR,ERR,ERR,ERR,ERR,0.0,0.0,0.0,-0.0,-0.0,1.9337297389782075e+30,-0.0,8598582198272.0,0,0,4,17428,7116,0.0,100,0.0,0.0,-0.0,0.0,0.0,0,0,0,0,0.0,0,0,0,0,0,0,0,0,0,0,0,0,0,0,0,0,0,0,0,0,0,0,0,0,0,0,0,0,0,0,0,0,0,31,40,40,71,65476,0,300,0,0,8,21553,0.0,-107605600.0,0.0,0.0,0.0,0.0,0.0,0.0,0.0,0.0,0.0,0.0,0.0,0.0,0.0,0.0,0.0,0.0,0.0,0.0,0.0,0.0,-2.004,-0.0,0.0,0.0,0.0,0.0,0.0,0.0,5181.0,-0.0,6928.0,0.0,0.0,2.004,2.004,0.0,0.0,0.0,0.0,69,-0.0,-0.0,0.0,0.0,0.0,0.0,0.0,0.0,0.0,0,0,0,0.0,0.0,0.0,0.0,0.0,0.0,0.0,0.0,0.0,0.0,0.0,0.0,0.0,0.0,0.0,0.0,0,-107875648.0,69,0.0,138,0.0,2.012,ERR,ERR,ERR,ERR,ERR,ERR,ERR,ERR,ERR,ERR,ERR,ERR,ERR,ERR,ERR,ERR,ERR,ERR,ERR,ERR,ERR,ERR,ERR,ERR,ERR,ERR,ERR,ERR,ERR,ERR,ERR,ERR,ERR,ERR,ERR,ERR,ERR,ERR,ERR,ERR,ERR,ERR,ERR,ERR,ERR,ERR,ERR,ERR,ERR,ERR,ERR,ERR,ERR,ERR,ERR,ERR,ERR,ERR,ERR,ERR,ERR,ERR,ERR,ERR,ERR,ERR,ERR,60.0,60.0,35,0.0,0.0,0.0,0.0,0.0,0.0,0.0,0.0,0.0,0.0,0.0,0.0,0.0,0.0,0.0,0.0,65.2,0,118,57,43,65476,0,300,0,0,8,20529,65476,0,0,2621,60.0,0.0,0.0,0.0,0.0,0.0
2026-07-09T15:19:18,ERR,ERR,ERR,ERR,ERR,ERR,ERR,ERR,ERR,ERR,ERR,ERR,ERR,ERR,ERR,ERR,ERR,ERR,ERR,ERR,ERR,ERR,ERR,ERR,ERR,ERR,ERR,ERR,ERR,ERR,ERR,ERR,ERR,ERR,ERR,ERR,ERR,ERR,ERR,ERR,ERR,ERR,ERR,ERR,ERR,ERR,ERR,ERR,ERR,ERR,ERR,ERR,ERR,ERR,ERR,ERR,ERR,ERR,ERR,ERR,ERR,ERR,ERR,ERR,ERR,ERR,ERR,ERR,ERR,ERR,ERR,ERR,ERR,ERR,ERR,ERR,ERR,ERR,ERR,ERR,ERR,ERR,ERR,ERR,ERR,ERR,ERR,ERR,ERR,ERR,ERR,ERR,ERR,ERR,ERR,ERR,ERR,ERR,ERR,ERR,ERR,ERR,ERR,ERR,ERR,ERR,ERR,ERR,ERR,ERR,ERR,ERR,ERR,ERR,ERR,ERR,ERR,ERR,ERR,ERR,ERR,ERR,ERR,ERR,ERR,0.0,0.0,0.0,-0.0,-0.0,1.9337297389782075e+30,-0.0,8598582198272.0,0,0,4,17428,7116,0.0,100,0.0,0.0,-0.0,0.0,0.0,0,0,0,0,0.0,0,0,0,0,0,0,0,0,0,0,0,0,0,0,0,0,0,0,0,0,0,0,0,0,0,0,0,0,0,0,0,0,0,31,40,40,71,65476,0,300,0,0,8,21553,0.0,-107605600.0,0.0,0.0,0.0,0.0,0.0,0.0,0.0,0.0,0.0,0.0,0.0,0.0,0.0,0.0,0.0,0.0,0.0,0.0,0.0,0.0,-2.004,-0.0,0.0,0.0,0.0,0.0,0.0,0.0,5181.0,-0.0,6928.0,0.0,0.0,2.004,2.004,0.0,0.0,0.0,0.0,69,-0.0,-0.0,0.0,0.0,0.0,0.0,0.0,0.0,0.0,0,0,0,0.0,0.0,0.0,0.0,0.0,0.0,0.0,0.0,0.0,0.0,0.0,0.0,0.0,0.0,0.0,0.0,0,-107875648.0,69,0.0,138,0.0,2.012,ERR,ERR,ERR,ERR,ERR,ERR,ERR,ERR,ERR,ERR,ERR,ERR,ERR,ERR,ERR,ERR,ERR,ERR,ERR,ERR,ERR,ERR,ERR,ERR,ERR,ERR,ERR,ERR,ERR,ERR,ERR,ERR,ERR,ERR,ERR,ERR,ERR,ERR,ERR,ERR,ERR,ERR,ERR,ERR,ERR,ERR,ERR,ERR,ERR,ERR,ERR,ERR,ERR,ERR,ERR,ERR,ERR,ERR,ERR,ERR,ERR,ERR,ERR,ERR,ERR,ERR,ERR,60.0,60.0,35,0.0,0.0,0.0,0.0,0.0,0.0,0.0,0.0,0.0,0.0,0.0,0.0,0.0,0.0,0.0,0.0,65.2,0,118,57,43,65476,0,300,0,0,8,20529,65476,0,0,2621,60.0,0.0,0.0,0.0,0.0,0.0
2026-07-09T15:19:19,ERR,ERR,ERR,ERR,ERR,ERR,ERR,ERR,ERR,ERR,ERR,ERR,ERR,ERR,ERR,ERR,ERR,ERR,ERR,ERR,ERR,ERR,ERR,ERR,ERR,ERR,ERR,ERR,ERR,ERR,ERR,ERR,ERR,ERR,ERR,ERR,ERR,ERR,ERR,ERR,ERR,ERR,ERR,ERR,ERR,ERR,ERR,ERR,ERR,ERR,ERR,ERR,ERR,ERR,ERR,ERR,ERR,ERR,ERR,ERR,ERR,ERR,ERR,ERR,ERR,ERR,ERR,ERR,ERR,ERR,ERR,ERR,ERR,ERR,ERR,ERR,ERR,ERR,ERR,ERR,ERR,ERR,ERR,ERR,ERR,ERR,ERR,ERR,ERR,ERR,ERR,ERR,ERR,ERR,ERR,ERR,ERR,ERR,ERR,ERR,ERR,ERR,ERR,ERR,ERR,ERR,ERR,ERR,ERR,ERR,ERR,ERR,ERR,ERR,ERR,ERR,ERR,ERR,ERR,ERR,ERR,ERR,ERR,ERR,ERR,0.0,0.0,0.0,-0.0,-0.0,1.9337297389782075e+30,-0.0,8598582198272.0,0,0,4,17428,7116,0.0,100,0.0,0.0,-0.0,0.0,0.0,0,0,0,0,0.0,0,0,0,0,0,0,0,0,0,0,0,0,0,0,0,0,0,0,0,0,0,0,0,0,0,0,0,0,0,0,0,0,0,31,40,40,71,65476,0,300,0,0,8,21553,0.0,-107605600.0,0.0,0.0,0.0,0.0,0.0,0.0,0.0,0.0,0.0,0.0,0.0,0.0,0.0,0.0,0.0,0.0,0.0,0.0,0.0,0.0,-2.004,-0.0,0.0,0.0,0.0,0.0,0.0,0.0,5181.0,-0.0,6928.0,0.0,0.0,2.004,2.004,0.0,0.0,0.0,0.0,69,-0.0,-0.0,0.0,0.0,0.0,0.0,0.0,0.0,0.0,0,0,0,0.0,0.0,0.0,0.0,0.0,0.0,0.0,0.0,0.0,0.0,0.0,0.0,0.0,0.0,0.0,0.0,0,-107875648.0,69,0.0,138,0.0,2.012,ERR,ERR,ERR,ERR,ERR,ERR,ERR,ERR,ERR,ERR,ERR,ERR,ERR,ERR,ERR,ERR,ERR,ERR,ERR,ERR,ERR,ERR,ERR,ERR,ERR,ERR,ERR,ERR,ERR,ERR,ERR,ERR,ERR,ERR,ERR,ERR,ERR,ERR,ERR,ERR,ERR,ERR,ERR,ERR,ERR,ERR,ERR,ERR,ERR,ERR,ERR,ERR,ERR,ERR,ERR,ERR,ERR,ERR,ERR,ERR,ERR,ERR,ERR,ERR,ERR,ERR,ERR,60.0,60.0,35,0.0,0.0,0.0,0.0,0.0,0.0,0.0,0.0,0.0,0.0,0.0,0.0,0.0,0.0,0.0,0.0,65.2,0,118,57,43,65476,0,300,0,0,8,20529,65476,0,0,2621,60.0,0.0,0.0,0.0,0.0,0.0
2026-07-09T15:19:20,ERR,ERR,ERR,ERR,ERR,ERR,ERR,ERR,ERR,ERR,ERR,ERR,ERR,ERR,ERR,ERR,ERR,ERR,ERR,ERR,ERR,ERR,ERR,ERR,ERR,ERR,ERR,ERR,ERR,ERR,ERR,ERR,ERR,ERR,ERR,ERR,ERR,ERR,ERR,ERR,ERR,ERR,ERR,ERR,ERR,ERR,ERR,ERR,ERR,ERR,ERR,ERR,ERR,ERR,ERR,ERR,ERR,ERR,ERR,ERR,ERR,ERR,ERR,ERR,ERR,ERR,ERR,ERR,ERR,ERR,ERR,ERR,ERR,ERR,ERR,ERR,ERR,ERR,ERR,ERR,ERR,ERR,ERR,ERR,ERR,ERR,ERR,ERR,ERR,ERR,ERR,ERR,ERR,ERR,ERR,ERR,ERR,ERR,ERR,ERR,ERR,ERR,ERR,ERR,ERR,ERR,ERR,ERR,ERR,ERR,ERR,ERR,ERR,ERR,ERR,ERR,ERR,ERR,ERR,ERR,ERR,ERR,ERR,ERR,ERR,0.0,0.0,0.0,-0.0,-0.0,1.9337297389782075e+30,-0.0,8598582198272.0,0,0,4,17428,7116,0.0,100,0.0,0.0,-0.0,0.0,0.0,0,0,0,0,0.0,0,0,0,0,0,0,0,0,0,0,0,0,0,0,0,0,0,0,0,0,0,0,0,0,0,0,0,0,0,0,0,0,0,31,40,40,71,65476,0,300,0,0,8,21553,0.0,-107605600.0,0.0,0.0,0.0,0.0,0.0,0.0,0.0,0.0,0.0,0.0,0.0,0.0,0.0,0.0,0.0,0.0,0.0,0.0,0.0,0.0,-2.004,-0.0,0.0,0.0,0.0,0.0,0.0,0.0,5181.0,-0.0,6928.0,0.0,0.0,2.004,2.004,0.0,0.0,0.0,0.0,69,-0.0,-0.0,0.0,0.0,0.0,0.0,0.0,0.0,0.0,0,0,0,0.0,0.0,0.0,0.0,0.0,0.0,0.0,0.0,0.0,0.0,0.0,0.0,0.0,0.0,0.0,0.0,0,-107875648.0,69,0.0,138,0.0,2.012,ERR,ERR,ERR,ERR,ERR,ERR,ERR,ERR,ERR,ERR,ERR,ERR,ERR,ERR,ERR,ERR,ERR,ERR,ERR,ERR,ERR,ERR,ERR,ERR,ERR,ERR,ERR,ERR,ERR,ERR,ERR,ERR,ERR,ERR,ERR,ERR,ERR,ERR,ERR,ERR,ERR,ERR,ERR,ERR,ERR,ERR,ERR,ERR,ERR,ERR,ERR,ERR,ERR,ERR,ERR,ERR,ERR,ERR,ERR,ERR,ERR,ERR,ERR,ERR,ERR,ERR,ERR,60.0,60.0,35,0.0,0.0,0.0,0.0,0.0,0.0,0.0,0.0,0.0,0.0,0.0,0.0,0.0,0.0,0.0,0.0,65.2,0,118,57,43,65476,0,300,0,0,8,20529,65476,0,0,2621,60.0,0.0,0.0,0.0,0.0,0.0
2026-07-09T15:19:21,ERR,ERR,ERR,ERR,ERR,ERR,ERR,ERR,ERR,ERR,ERR,ERR,ERR,ERR,ERR,ERR,ERR,ERR,ERR,ERR,ERR,ERR,ERR,ERR,ERR,ERR,ERR,ERR,ERR,ERR,ERR,ERR,ERR,ERR,ERR,ERR,ERR,ERR,ERR,ERR,ERR,ERR,ERR,ERR,ERR,ERR,ERR,ERR,ERR,ERR,ERR,ERR,ERR,ERR,ERR,ERR,ERR,ERR,ERR,ERR,ERR,ERR,ERR,ERR,ERR,ERR,ERR,ERR,ERR,ERR,ERR,ERR,ERR,ERR,ERR,ERR,ERR,ERR,ERR,ERR,ERR,ERR,ERR,ERR,ERR,ERR,ERR,ERR,ERR,ERR,ERR,ERR,ERR,ERR,ERR,ERR,ERR,ERR,ERR,ERR,ERR,ERR,ERR,ERR,ERR,ERR,ERR,ERR,ERR,ERR,ERR,ERR,ERR,ERR,ERR,ERR,ERR,ERR,ERR,ERR,ERR,ERR,ERR,ERR,ERR,0.0,0.0,0.0,2.718366610185338e+23,0.0,0.039,1.9169291058527435e+34,3756058.5,0,0,4,17428,7116,0.0,100,0.0,0.0,-107612512.0,0.0,0.0,0,0,0,0,0.0,0,0,0,0,0,0,0,0,0,0,0,0,0,0,0,0,0,0,0,0,0,0,0,0,0,0,0,0,0,0,0,0,0,31,40,40,71,65476,0,300,0,0,8,21553,0.0,-107605600.0,0.0,0.0,0.0,0.0,0.0,0.0,0.0,0.0,0.0,0.0,0.0,0.0,0.0,0.0,0.0,0.0,0.0,0.0,0.0,0.0,-2.004,-0.0,0.0,0.0,0.0,0.0,0.0,0.0,5155.0,-0.0,6930.0,0.0,0.0,2.004,2.004,0.0,0.0,0.0,0.0,69,-0.0,-107614832.0,0.0,0.0,0.0,0.0,0.0,0.0,0.0,0,0,0,0.0,0.0,0.0,0.0,0.0,0.0,0.0,0.0,0.0,0.0,0.0,0.0,0.0,0.0,0.0,0.0,0,-107875648.0,69,0.0,138,0.0,2.012,ERR,ERR,ERR,ERR,ERR,ERR,ERR,ERR,ERR,ERR,ERR,ERR,ERR,ERR,ERR,ERR,ERR,ERR,ERR,ERR,ERR,ERR,ERR,ERR,ERR,ERR,ERR,ERR,ERR,ERR,ERR,ERR,ERR,ERR,ERR,ERR,ERR,ERR,ERR,ERR,ERR,ERR,ERR,ERR,ERR,ERR,ERR,ERR,ERR,ERR,ERR,ERR,ERR,ERR,ERR,ERR,ERR,ERR,ERR,ERR,ERR,ERR,ERR,ERR,ERR,ERR,ERR,60.0,60.0,35,0.0,0.0,0.0,0.0,0.0,0.0,0.0,0.0,0.0,0.0,0.0,0.0,0.0,0.0,0.0,0.0,65.2,0,118,57,43,65476,0,300,0,0,8,20529,65476,0,0,2621,60.0,0.0,0.0,0.0,0.0,0.0
2026-07-09T15:19:22,ERR,ERR,ERR,ERR,ERR,ERR,ERR,ERR,ERR,ERR,ERR,ERR,ERR,ERR,ERR,ERR,ERR,ERR,ERR,ERR,ERR,ERR,ERR,ERR,ERR,ERR,ERR,ERR,ERR,ERR,ERR,ERR,ERR,ERR,ERR,ERR,ERR,ERR,ERR,ERR,ERR,ERR,ERR,ERR,ERR,ERR,ERR,ERR,ERR,ERR,ERR,ERR,ERR,ERR,ERR,ERR,ERR,ERR,ERR,ERR,ERR,ERR,ERR,ERR,ERR,ERR,ERR,ERR,ERR,ERR,ERR,ERR,ERR,ERR,ERR,ERR,ERR,ERR,ERR,ERR,ERR,ERR,ERR,ERR,ERR,ERR,ERR,ERR,ERR,ERR,ERR,ERR,ERR,ERR,ERR,ERR,ERR,ERR,ERR,ERR,ERR,ERR,ERR,ERR,ERR,ERR,ERR,ERR,ERR,ERR,ERR,ERR,ERR,ERR,ERR,ERR,ERR,ERR,ERR,ERR,ERR,ERR,ERR,ERR,ERR,0.0,0.0,0.0,2.718366610185338e+23,0.0,0.039,1.9169291058527435e+34,3756058.5,0,0,4,17428,7116,0.0,100,0.0,0.0,-107612512.0,0.0,0.0,0,0,0,0,0.0,0,0,0,0,0,0,0,0,0,0,0,0,0,0,0,0,0,0,0,0,0,0,0,0,0,0,0,0,0,0,0,0,0,31,40,40,71,65476,0,300,0,0,8,21553,0.0,-107605600.0,0.0,0.0,0.0,0.0,0.0,0.0,0.0,0.0,0.0,0.0,0.0,0.0,0.0,0.0,0.0,0.0,0.0,0.0,0.0,0.0,-2.004,-0.0,0.0,0.0,0.0,0.0,0.0,0.0,5155.0,-0.0,6930.0,0.0,0.0,2.004,2.004,0.0,0.0,0.0,0.0,69,-0.0,-107614832.0,0.0,0.0,0.0,0.0,0.0,0.0,0.0,0,0,0,0.0,0.0,0.0,0.0,0.0,0.0,0.0,0.0,0.0,0.0,0.0,0.0,0.0,0.0,0.0,0.0,0,-107875648.0,69,0.0,138,0.0,2.012,ERR,ERR,ERR,ERR,ERR,ERR,ERR,ERR,ERR,ERR,ERR,ERR,ERR,ERR,ERR,ERR,ERR,ERR,ERR,ERR,ERR,ERR,ERR,ERR,ERR,ERR,ERR,ERR,ERR,ERR,ERR,ERR,ERR,ERR,ERR,ERR,ERR,ERR,ERR,ERR,ERR,ERR,ERR,ERR,ERR,ERR,ERR,ERR,ERR,ERR,ERR,ERR,ERR,ERR,ERR,ERR,ERR,ERR,ERR,ERR,ERR,ERR,ERR,ERR,ERR,ERR,ERR,60.0,60.0,35,0.0,0.0,0.0,0.0,0.0,0.0,0.0,0.0,0.0,0.0,0.0,0.0,0.0,0.0,0.0,0.0,65.2,0,118,57,43,65476,0,300,0,0,8,20529,65476,0,0,2621,60.0,0.0,0.0,0.0,0.0,0.0
2026-07-09T15:19:23,ERR,ERR,ERR,ERR,ERR,ERR,ERR,ERR,ERR,ERR,ERR,ERR,ERR,ERR,ERR,ERR,ERR,ERR,ERR,ERR,ERR,ERR,ERR,ERR,ERR,ERR,ERR,ERR,ERR,ERR,ERR,ERR,ERR,ERR,ERR,ERR,ERR,ERR,ERR,ERR,ERR,ERR,ERR,ERR,ERR,ERR,ERR,ERR,ERR,ERR,ERR,ERR,ERR,ERR,ERR,ERR,ERR,ERR,ERR,ERR,ERR,ERR,ERR,ERR,ERR,ERR,ERR,ERR,ERR,ERR,ERR,ERR,ERR,ERR,ERR,ERR,ERR,ERR,ERR,ERR,ERR,ERR,ERR,ERR,ERR,ERR,ERR,ERR,ERR,ERR,ERR,ERR,ERR,ERR,ERR,ERR,ERR,ERR,ERR,ERR,ERR,ERR,ERR,ERR,ERR,ERR,ERR,ERR,ERR,ERR,ERR,ERR,ERR,ERR,ERR,ERR,ERR,ERR,ERR,ERR,ERR,ERR,ERR,ERR,ERR,0.0,0.0,0.0,2.718366610185338e+23,0.0,0.039,1.9169291058527435e+34,3756058.5,0,0,4,17428,7116,0.0,100,0.0,0.0,-107612512.0,0.0,0.0,0,0,0,0,0.0,0,0,0,0,0,0,0,0,0,0,0,0,0,0,0,0,0,0,0,0,0,0,0,0,0,0,0,0,0,0,0,0,0,31,40,40,71,65476,0,300,0,0,8,21553,0.0,-107605600.0,0.0,0.0,0.0,0.0,0.0,0.0,0.0,0.0,0.0,0.0,0.0,0.0,0.0,0.0,0.0,0.0,0.0,0.0,0.0,0.0,-2.004,-0.0,0.0,0.0,0.0,0.0,0.0,0.0,5155.0,-0.0,6930.0,0.0,0.0,2.004,2.004,0.0,0.0,0.0,0.0,69,-0.0,-107614832.0,0.0,0.0,0.0,0.0,0.0,0.0,0.0,0,0,0,0.0,0.0,0.0,0.0,0.0,0.0,0.0,0.0,0.0,0.0,0.0,0.0,0.0,0.0,0.0,0.0,0,-107875648.0,69,0.0,138,0.0,2.012,ERR,ERR,ERR,ERR,ERR,ERR,ERR,ERR,ERR,ERR,ERR,ERR,ERR,ERR,ERR,ERR,ERR,ERR,ERR,ERR,ERR,ERR,ERR,ERR,ERR,ERR,ERR,ERR,ERR,ERR,ERR,ERR,ERR,ERR,ERR,ERR,ERR,ERR,ERR,ERR,ERR,ERR,ERR,ERR,ERR,ERR,ERR,ERR,ERR,ERR,ERR,ERR,ERR,ERR,ERR,ERR,ERR,ERR,ERR,ERR,ERR,ERR,ERR,ERR,ERR,ERR,ERR,60.0,60.0,35,0.0,0.0,0.0,0.0,0.0,0.0,0.0,0.0,0.0,0.0,0.0,0.0,0.0,0.0,0.0,0.0,65.2,0,118,57,43,65476,0,300,0,0,8,20529,65476,0,0,2621,60.0,0.0,0.0,0.0,0.0,0.0
2026-07-09T15:19:24,ERR,ERR,ERR,ERR,ERR,ERR,ERR,ERR,ERR,ERR,ERR,ERR,ERR,ERR,ERR,ERR,ERR,ERR,ERR,ERR,ERR,ERR,ERR,ERR,ERR,ERR,ERR,ERR,ERR,ERR,ERR,ERR,ERR,ERR,ERR,ERR,ERR,ERR,ERR,ERR,ERR,ERR,ERR,ERR,ERR,ERR,ERR,ERR,ERR,ERR,ERR,ERR,ERR,ERR,ERR,ERR,ERR,ERR,ERR,ERR,ERR,ERR,ERR,ERR,ERR,ERR,ERR,ERR,ERR,ERR,ERR,ERR,ERR,ERR,ERR,ERR,ERR,ERR,ERR,ERR,ERR,ERR,ERR,ERR,ERR,ERR,ERR,ERR,ERR,ERR,ERR,ERR,ERR,ERR,ERR,ERR,ERR,ERR,ERR,ERR,ERR,ERR,ERR,ERR,ERR,ERR,ERR,ERR,ERR,ERR,ERR,ERR,ERR,ERR,ERR,ERR,ERR,ERR,ERR,ERR,ERR,ERR,ERR,ERR,ERR,0.0,0.0,0.0,2.718366610185338e+23,0.0,0.039,1.9169291058527435e+34,3756058.5,0,0,4,17428,7116,0.0,100,0.0,0.0,-107612512.0,0.0,0.0,0,0,0,0,0.0,0,0,0,0,0,0,0,0,0,0,0,0,0,0,0,0,0,0,0,0,0,0,0,0,0,0,0,0,0,0,0,0,0,31,40,40,71,65476,0,300,0,0,8,21553,0.0,-107605600.0,0.0,0.0,0.0,0.0,0.0,0.0,0.0,0.0,0.0,0.0,0.0,0.0,0.0,0.0,0.0,0.0,0.0,0.0,0.0,0.0,-2.004,-0.0,0.0,0.0,0.0,0.0,0.0,0.0,5155.0,-0.0,6930.0,0.0,0.0,2.004,2.004,0.0,0.0,0.0,0.0,69,-0.0,-107614832.0,0.0,0.0,0.0,0.0,0.0,0.0,0.0,0,0,0,0.0,0.0,0.0,0.0,0.0,0.0,0.0,0.0,0.0,0.0,0.0,0.0,0.0,0.0,0.0,0.0,0,-107875648.0,69,0.0,138,0.0,2.012,ERR,ERR,ERR,ERR,ERR,ERR,ERR,ERR,ERR,ERR,ERR,ERR,ERR,ERR,ERR,ERR,ERR,ERR,ERR,ERR,ERR,ERR,ERR,ERR,ERR,ERR,ERR,ERR,ERR,ERR,ERR,ERR,ERR,ERR,ERR,ERR,ERR,ERR,ERR,ERR,ERR,ERR,ERR,ERR,ERR,ERR,ERR,ERR,ERR,ERR,ERR,ERR,ERR,ERR,ERR,ERR,ERR,ERR,ERR,ERR,ERR,ERR,ERR,ERR,ERR,ERR,ERR,60.0,60.0,35,0.0,0.0,0.0,0.0,0.0,0.0,0.0,0.0,0.0,0.0,0.0,0.0,0.0,0.0,0.0,0.0,65.2,0,118,57,43,65476,0,300,0,0,8,20529,65476,0,0,2621,60.0,0.0,0.0,0.0,0.0,0.0
2026-07-09T15:19:25,ERR,ERR,ERR,ERR,ERR,ERR,ERR,ERR,ERR,ERR,ERR,ERR,ERR,ERR,ERR,ERR,ERR,ERR,ERR,ERR,ERR,ERR,ERR,ERR,ERR,ERR,ERR,ERR,ERR,ERR,ERR,ERR,ERR,ERR,ERR,ERR,ERR,ERR,ERR,ERR,ERR,ERR,ERR,ERR,ERR,ERR,ERR,ERR,ERR,ERR,ERR,ERR,ERR,ERR,ERR,ERR,ERR,ERR,ERR,ERR,ERR,ERR,ERR,ERR,ERR,ERR,ERR,ERR,ERR,ERR,ERR,ERR,ERR,ERR,ERR,ERR,ERR,ERR,ERR,ERR,ERR,ERR,ERR,ERR,ERR,ERR,ERR,ERR,ERR,ERR,ERR,ERR,ERR,ERR,ERR,ERR,ERR,ERR,ERR,ERR,ERR,ERR,ERR,ERR,ERR,ERR,ERR,ERR,ERR,ERR,ERR,ERR,ERR,ERR,ERR,ERR,ERR,ERR,ERR,ERR,ERR,ERR,ERR,ERR,ERR,0.0,0.0,0.0,2.718366610185338e+23,0.0,0.039,1.9169291058527435e+34,3756058.5,0,0,4,17428,7116,0.0,100,0.0,0.0,-107612512.0,0.0,0.0,0,0,0,0,0.0,0,0,0,0,0,0,0,0,0,0,0,0,0,0,0,0,0,0,0,0,0,0,0,0,0,0,0,0,0,0,0,0,0,31,40,40,71,65476,0,300,0,0,8,21553,0.0,-107605600.0,0.0,0.0,0.0,0.0,0.0,0.0,0.0,0.0,0.0,0.0,0.0,0.0,0.0,0.0,0.0,0.0,0.0,0.0,0.0,0.0,-2.004,-0.0,0.0,0.0,0.0,0.0,0.0,0.0,5155.0,-0.0,6930.0,0.0,0.0,2.004,2.004,0.0,0.0,0.0,0.0,69,-0.0,-107614832.0,0.0,0.0,0.0,0.0,0.0,0.0,0.0,0,0,0,0.0,0.0,0.0,0.0,0.0,0.0,0.0,0.0,0.0,0.0,0.0,0.0,0.0,0.0,0.0,0.0,0,-107875648.0,69,0.0,138,0.0,2.012,ERR,ERR,ERR,ERR,ERR,ERR,ERR,ERR,ERR,ERR,ERR,ERR,ERR,ERR,ERR,ERR,ERR,ERR,ERR,ERR,ERR,ERR,ERR,ERR,ERR,ERR,ERR,ERR,ERR,ERR,ERR,ERR,ERR,ERR,ERR,ERR,ERR,ERR,ERR,ERR,ERR,ERR,ERR,ERR,ERR,ERR,ERR,ERR,ERR,ERR,ERR,ERR,ERR,ERR,ERR,ERR,ERR,ERR,ERR,ERR,ERR,ERR,ERR,ERR,ERR,ERR,ERR,60.0,60.0,35,0.0,0.0,0.0,0.0,0.0,0.0,0.0,0.0,0.0,0.0,0.0,0.0,0.0,0.0,0.0,0.0,65.2,0,118,57,43,65476,0,300,0,0,8,20529,65476,0,0,2621,60.0,0.0,0.0,0.0,0.0,0.0
2026-07-09T15:19:26,ERR,ERR,ERR,ERR,ERR,ERR,ERR,ERR,ERR,ERR,ERR,ERR,ERR,ERR,ERR,ERR,ERR,ERR,ERR,ERR,ERR,ERR,ERR,ERR,ERR,ERR,ERR,ERR,ERR,ERR,ERR,ERR,ERR,ERR,ERR,ERR,ERR,ERR,ERR,ERR,ERR,ERR,ERR,ERR,ERR,ERR,ERR,ERR,ERR,ERR,ERR,ERR,ERR,ERR,ERR,ERR,ERR,ERR,ERR,ERR,ERR,ERR,ERR,ERR,ERR,ERR,ERR,ERR,ERR,ERR,ERR,ERR,ERR,ERR,ERR,ERR,ERR,ERR,ERR,ERR,ERR,ERR,ERR,ERR,ERR,ERR,ERR,ERR,ERR,ERR,ERR,ERR,ERR,ERR,ERR,ERR,ERR,ERR,ERR,ERR,ERR,ERR,ERR,ERR,ERR,ERR,ERR,ERR,ERR,ERR,ERR,ERR,ERR,ERR,ERR,ERR,ERR,ERR,ERR,ERR,ERR,ERR,ERR,ERR,ERR,0.0,-107616024.0,-0.0,2.718366610185338e+23,-513.134,1.7273658654516662e+28,-0.0,-0.0,0,0,4,17428,7116,0.0,100,0.0,0.0,2.718366610185338e+23,0.0,0.0,0,0,0,0,0.0,0,0,0,0,0,0,0,0,0,0,0,0,0,0,0,0,0,0,0,0,0,0,0,0,0,0,0,0,0,0,0,0,0,31,40,40,71,65476,0,300,0,0,8,21553,0.0,-107605600.0,0.0,0.0,0.0,0.0,0.0,0.0,0.0,0.0,0.0,0.0,0.0,0.0,0.0,0.0,0.0,0.0,0.0,0.0,0.0,0.0,-2.004,3.697067386368898e+19,0.0,0.0,0.0,0.0,0.0,0.0,5183.0,-0.0,6934.0,0.0,-107616024.0,2.004,2.004,0.0,0.0,0.0,0.0,69,-107614776.0,-4.950403839085979e+32,0.0,0.0,0.0,0.0,0.0,0.0,0.0,0,0,0,0.0,0.0,0.0,0.0,0.0,0.0,0.0,0.0,0.0,0.0,0.0,0.0,0.0,0.0,0.0,0.0,0,-107875648.0,69,0.0,138,0.0,2.012,ERR,ERR,ERR,ERR,ERR,ERR,ERR,ERR,ERR,ERR,ERR,ERR,ERR,ERR,ERR,ERR,ERR,ERR,ERR,ERR,ERR,ERR,ERR,ERR,ERR,ERR,ERR,ERR,ERR,ERR,ERR,ERR,ERR,ERR,ERR,ERR,ERR,ERR,ERR,ERR,ERR,ERR,ERR,ERR,ERR,ERR,ERR,ERR,ERR,ERR,ERR,ERR,ERR,ERR,ERR,ERR,ERR,ERR,ERR,ERR,ERR,ERR,ERR,ERR,ERR,ERR,ERR,60.0,60.0,35,0.0,0.0,0.0,0.0,0.0,0.0,0.0,0.0,0.0,0.0,0.0,0.0,0.0,0.0,0.0,0.0,65.2,0,118,57,43,65476,0,300,0,0,8,20529,65476,0,0,2621,60.0,0.0,0.0,0.0,0.0,0.0
2026-07-09T15:19:27,ERR,ERR,ERR,ERR,ERR,ERR,ERR,ERR,ERR,ERR,ERR,ERR,ERR,ERR,ERR,ERR,ERR,ERR,ERR,ERR,ERR,ERR,ERR,ERR,ERR,ERR,ERR,ERR,ERR,ERR,ERR,ERR,ERR,ERR,ERR,ERR,ERR,ERR,ERR,ERR,ERR,ERR,ERR,ERR,ERR,ERR,ERR,ERR,ERR,ERR,ERR,ERR,ERR,ERR,ERR,ERR,ERR,ERR,ERR,ERR,ERR,ERR,ERR,ERR,ERR,ERR,ERR,ERR,ERR,ERR,ERR,ERR,ERR,ERR,ERR,ERR,ERR,ERR,ERR,ERR,ERR,ERR,ERR,ERR,ERR,ERR,ERR,ERR,ERR,ERR,ERR,ERR,ERR,ERR,ERR,ERR,ERR,ERR,ERR,ERR,ERR,ERR,ERR,ERR,ERR,ERR,ERR,ERR,ERR,ERR,ERR,ERR,ERR,ERR,ERR,ERR,ERR,ERR,ERR,ERR,ERR,ERR,ERR,ERR,ERR,0.0,-107616024.0,-0.0,2.718366610185338e+23,-513.134,1.7273658654516662e+28,-0.0,-0.0,0,0,4,17428,7116,0.0,100,0.0,0.0,2.718366610185338e+23,0.0,0.0,0,0,0,0,0.0,0,0,0,0,0,0,0,0,0,0,0,0,0,0,0,0,0,0,0,0,0,0,0,0,0,0,0,0,0,0,0,0,0,31,40,40,71,65476,0,300,0,0,8,21553,0.0,-107605600.0,0.0,0.0,0.0,0.0,0.0,0.0,0.0,0.0,0.0,0.0,0.0,0.0,0.0,0.0,0.0,0.0,0.0,0.0,0.0,0.0,-2.004,3.697067386368898e+19,0.0,0.0,0.0,0.0,0.0,0.0,5183.0,-0.0,6934.0,0.0,-107616024.0,2.004,2.004,0.0,0.0,0.0,0.0,69,-107614776.0,-4.950403839085979e+32,0.0,0.0,0.0,0.0,0.0,0.0,0.0,0,0,0,0.0,0.0,0.0,0.0,0.0,0.0,0.0,0.0,0.0,0.0,0.0,0.0,0.0,0.0,0.0,0.0,0,-107875648.0,69,0.0,138,0.0,2.012,ERR,ERR,ERR,ERR,ERR,ERR,ERR,ERR,ERR,ERR,ERR,ERR,ERR,ERR,ERR,ERR,ERR,ERR,ERR,ERR,ERR,ERR,ERR,ERR,ERR,ERR,ERR,ERR,ERR,ERR,ERR,ERR,ERR,ERR,ERR,ERR,ERR,ERR,ERR,ERR,ERR,ERR,ERR,ERR,ERR,ERR,ERR,ERR,ERR,ERR,ERR,ERR,ERR,ERR,ERR,ERR,ERR,ERR,ERR,ERR,ERR,ERR,ERR,ERR,ERR,ERR,ERR,60.0,60.0,35,0.0,0.0,0.0,0.0,0.0,0.0,0.0,0.0,0.0,0.0,0.0,0.0,0.0,0.0,0.0,0.0,65.2,0,118,57,43,65476,0,300,0,0,8,20529,65476,0,0,2621,60.0,0.0,0.0,0.0,0.0,0.0
2026-07-09T15:19:28,ERR,ERR,ERR,ERR,ERR,ERR,ERR,ERR,ERR,ERR,ERR,ERR,ERR,ERR,ERR,ERR,ERR,ERR,ERR,ERR,ERR,ERR,ERR,ERR,ERR,ERR,ERR,ERR,ERR,ERR,ERR,ERR,ERR,ERR,ERR,ERR,ERR,ERR,ERR,ERR,ERR,ERR,ERR,ERR,ERR,ERR,ERR,ERR,ERR,ERR,ERR,ERR,ERR,ERR,ERR,ERR,ERR,ERR,ERR,ERR,ERR,ERR,ERR,ERR,ERR,ERR,ERR,ERR,ERR,ERR,ERR,ERR,ERR,ERR,ERR,ERR,ERR,ERR,ERR,ERR,ERR,ERR,ERR,ERR,ERR,ERR,ERR,ERR,ERR,ERR,ERR,ERR,ERR,ERR,ERR,ERR,ERR,ERR,ERR,ERR,ERR,ERR,ERR,ERR,ERR,ERR,ERR,ERR,ERR,ERR,ERR,ERR,ERR,ERR,ERR,ERR,ERR,ERR,ERR,ERR,ERR,ERR,ERR,ERR,ERR,0.0,-107616024.0,-0.0,2.718366610185338e+23,-513.134,1.7273658654516662e+28,-0.0,-0.0,0,0,4,17428,7116,0.0,100,0.0,0.0,2.718366610185338e+23,0.0,0.0,0,0,0,0,0.0,0,0,0,0,0,0,0,0,0,0,0,0,0,0,0,0,0,0,0,0,0,0,0,0,0,0,0,0,0,0,0,0,0,31,40,40,71,65476,0,300,0,0,8,21553,0.0,-107605600.0,0.0,0.0,0.0,0.0,0.0,0.0,0.0,0.0,0.0,0.0,0.0,0.0,0.0,0.0,0.0,0.0,0.0,0.0,0.0,0.0,-2.004,3.697067386368898e+19,0.0,0.0,0.0,0.0,0.0,0.0,5183.0,-0.0,6934.0,0.0,-107616024.0,2.004,2.004,0.0,0.0,0.0,0.0,69,-107614776.0,-4.950403839085979e+32,0.0,0.0,0.0,0.0,0.0,0.0,0.0,0,0,0,0.0,0.0,0.0,0.0,0.0,0.0,0.0,0.0,0.0,0.0,0.0,0.0,0.0,0.0,0.0,0.0,0,-107875648.0,69,0.0,138,0.0,2.012,ERR,ERR,ERR,ERR,ERR,ERR,ERR,ERR,ERR,ERR,ERR,ERR,ERR,ERR,ERR,ERR,ERR,ERR,ERR,ERR,ERR,ERR,ERR,ERR,ERR,ERR,ERR,ERR,ERR,ERR,ERR,ERR,ERR,ERR,ERR,ERR,ERR,ERR,ERR,ERR,ERR,ERR,ERR,ERR,ERR,ERR,ERR,ERR,ERR,ERR,ERR,ERR,ERR,ERR,ERR,ERR,ERR,ERR,ERR,ERR,ERR,ERR,ERR,ERR,ERR,ERR,ERR,60.0,60.0,35,0.0,0.0,0.0,0.0,0.0,0.0,0.0,0.0,0.0,0.0,0.0,0.0,0.0,0.0,0.0,0.0,65.2,0,118,57,43,65476,0,300,0,0,8,20529,65476,0,0,2621,60.0,0.0,0.0,0.0,0.0,0.0
2026-07-09T15:19:29,ERR,ERR,ERR,ERR,ERR,ERR,ERR,ERR,ERR,ERR,ERR,ERR,ERR,ERR,ERR,ERR,ERR,ERR,ERR,ERR,ERR,ERR,ERR,ERR,ERR,ERR,ERR,ERR,ERR,ERR,ERR,ERR,ERR,ERR,ERR,ERR,ERR,ERR,ERR,ERR,ERR,ERR,ERR,ERR,ERR,ERR,ERR,ERR,ERR,ERR,ERR,ERR,ERR,ERR,ERR,ERR,ERR,ERR,ERR,ERR,ERR,ERR,ERR,ERR,ERR,ERR,ERR,ERR,ERR,ERR,ERR,ERR,ERR,ERR,ERR,ERR,ERR,ERR,ERR,ERR,ERR,ERR,ERR,ERR,ERR,ERR,ERR,ERR,ERR,ERR,ERR,ERR,ERR,ERR,ERR,ERR,ERR,ERR,ERR,ERR,ERR,ERR,ERR,ERR,ERR,ERR,ERR,ERR,ERR,ERR,ERR,ERR,ERR,ERR,ERR,ERR,ERR,ERR,ERR,ERR,ERR,ERR,ERR,ERR,ERR,0.0,-107616024.0,-0.0,2.718366610185338e+23,-513.134,1.7273658654516662e+28,-0.0,-0.0,0,0,4,17428,7116,0.0,100,0.0,0.0,2.718366610185338e+23,0.0,0.0,0,0,0,0,0.0,0,0,0,0,0,0,0,0,0,0,0,0,0,0,0,0,0,0,0,0,0,0,0,0,0,0,0,0,0,0,0,0,0,31,40,40,71,65476,0,300,0,0,8,21553,0.0,-107605600.0,0.0,0.0,0.0,0.0,0.0,0.0,0.0,0.0,0.0,0.0,0.0,0.0,0.0,0.0,0.0,0.0,0.0,0.0,0.0,0.0,-2.004,3.697067386368898e+19,0.0,0.0,0.0,0.0,0.0,0.0,5183.0,-0.0,6934.0,0.0,-107616024.0,2.004,2.004,0.0,0.0,0.0,0.0,69,-107614776.0,-4.950403839085979e+32,0.0,0.0,0.0,0.0,0.0,0.0,0.0,0,0,0,0.0,0.0,0.0,0.0,0.0,0.0,0.0,0.0,0.0,0.0,0.0,0.0,0.0,0.0,0.0,0.0,0,-107875648.0,69,0.0,138,0.0,2.012,ERR,ERR,ERR,ERR,ERR,ERR,ERR,ERR,ERR,ERR,ERR,ERR,ERR,ERR,ERR,ERR,ERR,ERR,ERR,ERR,ERR,ERR,ERR,ERR,ERR,ERR,ERR,ERR,ERR,ERR,ERR,ERR,ERR,ERR,ERR,ERR,ERR,ERR,ERR,ERR,ERR,ERR,ERR,ERR,ERR,ERR,ERR,ERR,ERR,ERR,ERR,ERR,ERR,ERR,ERR,ERR,ERR,ERR,ERR,ERR,ERR,ERR,ERR,ERR,ERR,ERR,ERR,60.0,60.0,35,0.0,0.0,0.0,0.0,0.0,0.0,0.0,0.0,0.0,0.0,0.0,0.0,0.0,0.0,0.0,0.0,65.2,0,118,57,43,65476,0,300,0,0,8,20529,65476,0,0,2621,60.0,0.0,0.0,0.0,0.0,0.0
2026-07-09T15:19:30,ERR,ERR,ERR,ERR,ERR,ERR,ERR,ERR,ERR,ERR,ERR,ERR,ERR,ERR,ERR,ERR,ERR,ERR,ERR,ERR,ERR,ERR,ERR,ERR,ERR,ERR,ERR,ERR,ERR,ERR,ERR,ERR,ERR,ERR,ERR,ERR,ERR,ERR,ERR,ERR,ERR,ERR,ERR,ERR,ERR,ERR,ERR,ERR,ERR,ERR,ERR,ERR,ERR,ERR,ERR,ERR,ERR,ERR,ERR,ERR,ERR,ERR,ERR,ERR,ERR,ERR,ERR,ERR,ERR,ERR,ERR,ERR,ERR,ERR,ERR,ERR,ERR,ERR,ERR,ERR,ERR,ERR,ERR,ERR,ERR,ERR,ERR,ERR,ERR,ERR,ERR,ERR,ERR,ERR,ERR,ERR,ERR,ERR,ERR,ERR,ERR,ERR,ERR,ERR,ERR,ERR,ERR,ERR,ERR,ERR,ERR,ERR,ERR,ERR,ERR,ERR,ERR,ERR,ERR,ERR,ERR,ERR,ERR,ERR,ERR,0.0,-107616024.0,-0.0,2.718366610185338e+23,-513.134,1.7273658654516662e+28,-0.0,-0.0,0,0,4,17428,7116,0.0,100,0.0,0.0,2.718366610185338e+23,0.0,0.0,0,0,0,0,0.0,0,0,0,0,0,0,0,0,0,0,0,0,0,0,0,0,0,0,0,0,0,0,0,0,0,0,0,0,0,0,0,0,0,31,40,40,71,65476,0,300,0,0,8,21553,0.0,-107605600.0,0.0,0.0,0.0,0.0,0.0,0.0,0.0,0.0,0.0,0.0,0.0,0.0,0.0,0.0,0.0,0.0,0.0,0.0,0.0,0.0,-2.004,3.697067386368898e+19,0.0,0.0,0.0,0.0,0.0,0.0,5183.0,-0.0,6934.0,0.0,-107616024.0,2.004,2.004,0.0,0.0,0.0,0.0,69,-107614776.0,-4.950403839085979e+32,0.0,0.0,0.0,0.0,0.0,0.0,0.0,0,0,0,0.0,0.0,0.0,0.0,0.0,0.0,0.0,0.0,0.0,0.0,0.0,0.0,0.0,0.0,0.0,0.0,0,-107875648.0,69,0.0,138,0.0,2.012,ERR,ERR,ERR,ERR,ERR,ERR,ERR,ERR,ERR,ERR,ERR,ERR,ERR,ERR,ERR,ERR,ERR,ERR,ERR,ERR,ERR,ERR,ERR,ERR,ERR,ERR,ERR,ERR,ERR,ERR,ERR,ERR,ERR,ERR,ERR,ERR,ERR,ERR,ERR,ERR,ERR,ERR,ERR,ERR,ERR,ERR,ERR,ERR,ERR,ERR,ERR,ERR,ERR,ERR,ERR,ERR,ERR,ERR,ERR,ERR,ERR,ERR,ERR,ERR,ERR,ERR,ERR,60.0,60.0,35,0.0,0.0,0.0,0.0,0.0,0.0,0.0,0.0,0.0,0.0,0.0,0.0,0.0,0.0,0.0,0.0,65.2,0,118,57,43,65476,0,300,0,0,8,20529,65476,0,0,2621,60.0,0.0,0.0,0.0,0.0,0.0
2026-07-09T15:19:31,ERR,ERR,ERR,ERR,ERR,ERR,ERR,ERR,ERR,ERR,ERR,ERR,ERR,ERR,ERR,ERR,ERR,ERR,ERR,ERR,ERR,ERR,ERR,ERR,ERR,ERR,ERR,ERR,ERR,ERR,ERR,ERR,ERR,ERR,ERR,ERR,ERR,ERR,ERR,ERR,ERR,ERR,ERR,ERR,ERR,ERR,ERR,ERR,ERR,ERR,ERR,ERR,ERR,ERR,ERR,ERR,ERR,ERR,ERR,ERR,ERR,ERR,ERR,ERR,ERR,ERR,ERR,ERR,ERR,ERR,ERR,ERR,ERR,ERR,ERR,ERR,ERR,ERR,ERR,ERR,ERR,ERR,ERR,ERR,ERR,ERR,ERR,ERR,ERR,ERR,ERR,ERR,ERR,ERR,ERR,ERR,ERR,ERR,ERR,ERR,ERR,ERR,ERR,ERR,ERR,ERR,ERR,ERR,ERR,ERR,ERR,ERR,ERR,ERR,ERR,ERR,ERR,ERR,ERR,ERR,ERR,ERR,ERR,ERR,ERR,0.0,-107616024.0,-0.0,2.718366610185338e+23,-513.134,-0.0,-0.0,-0.0,0,0,4,17429,7116,0.0,100,0.0,0.0,2.718366610185338e+23,0.0,0.0,0,0,0,0,0.0,0,0,0,0,0,0,0,0,0,0,0,0,0,0,0,0,0,0,0,0,0,0,0,0,0,0,0,0,0,0,0,0,0,31,40,40,71,65476,0,300,0,0,8,21553,0.0,-107605600.0,0.0,0.0,0.0,0.0,0.0,0.0,0.0,0.0,0.0,0.0,0.0,0.0,0.0,0.0,0.0,0.0,0.0,0.0,0.0,0.0,0.0,3.697067386368898e+19,0.0,0.0,0.0,0.0,0.0,0.0,5155.0,-0.0,6932.0,2.7184242562605685e+23,-107616024.0,2.004,2.004,0.0,0.0,0.0,0.0,69,-107614776.0,-152017381097472.0,0.0,0.0,0.0,0.0,0.0,0.0,0.0,0,0,0,0.0,0.0,0.0,0.0,0.0,0.0,0.0,0.0,0.0,0.0,0.0,0.0,0.0,0.0,0.0,0.0,0,-107875648.0,69,0.0,138,0.0,2.012,ERR,ERR,ERR,ERR,ERR,ERR,ERR,ERR,ERR,ERR,ERR,ERR,ERR,ERR,ERR,ERR,ERR,ERR,ERR,ERR,ERR,ERR,ERR,ERR,ERR,ERR,ERR,ERR,ERR,ERR,ERR,ERR,ERR,ERR,ERR,ERR,ERR,ERR,ERR,ERR,ERR,ERR,ERR,ERR,ERR,ERR,ERR,ERR,ERR,ERR,ERR,ERR,ERR,ERR,ERR,ERR,ERR,ERR,ERR,ERR,ERR,ERR,ERR,ERR,ERR,ERR,ERR,60.0,60.0,35,0.0,0.0,0.0,0.0,0.0,0.0,0.0,0.0,0.0,0.0,0.0,0.0,0.0,0.0,0.0,0.0,65.6,0,118,57,43,65476,0,300,0,0,8,20529,65476,0,0,2621,60.0,0.0,0.0,0.0,0.0,0.0
2026-07-09T15:19:32,ERR,ERR,ERR,ERR,ERR,ERR,ERR,ERR,ERR,ERR,ERR,ERR,ERR,ERR,ERR,ERR,ERR,ERR,ERR,ERR,ERR,ERR,ERR,ERR,ERR,ERR,ERR,ERR,ERR,ERR,ERR,ERR,ERR,ERR,ERR,ERR,ERR,ERR,ERR,ERR,ERR,ERR,ERR,ERR,ERR,ERR,ERR,ERR,ERR,ERR,ERR,ERR,ERR,ERR,ERR,ERR,ERR,ERR,ERR,ERR,ERR,ERR,ERR,ERR,ERR,ERR,ERR,ERR,ERR,ERR,ERR,ERR,ERR,ERR,ERR,ERR,ERR,ERR,ERR,ERR,ERR,ERR,ERR,ERR,ERR,ERR,ERR,ERR,ERR,ERR,ERR,ERR,ERR,ERR,ERR,ERR,ERR,ERR,ERR,ERR,ERR,ERR,ERR,ERR,ERR,ERR,ERR,ERR,ERR,ERR,ERR,ERR,ERR,ERR,ERR,ERR,ERR,ERR,ERR,ERR,ERR,ERR,ERR,ERR,ERR,0.0,-107616024.0,-0.0,2.718366610185338e+23,-513.134,-0.0,-0.0,-0.0,0,0,4,17429,7116,0.0,100,0.0,0.0,2.718366610185338e+23,0.0,0.0,0,0,0,0,0.0,0,0,0,0,0,0,0,0,0,0,0,0,0,0,0,0,0,0,0,0,0,0,0,0,0,0,0,0,0,0,0,0,0,31,40,40,71,65476,0,300,0,0,8,21553,0.0,-107605600.0,0.0,0.0,0.0,0.0,0.0,0.0,0.0,0.0,0.0,0.0,0.0,0.0,0.0,0.0,0.0,0.0,0.0,0.0,0.0,0.0,0.0,3.697067386368898e+19,0.0,0.0,0.0,0.0,0.0,0.0,5155.0,-0.0,6932.0,2.7184242562605685e+23,-107616024.0,2.004,2.004,0.0,0.0,0.0,0.0,69,-107614776.0,-152017381097472.0,0.0,0.0,0.0,0.0,0.0,0.0,0.0,0,0,0,0.0,0.0,0.0,0.0,0.0,0.0,0.0,0.0,0.0,0.0,0.0,0.0,0.0,0.0,0.0,0.0,0,-107875648.0,69,0.0,138,0.0,2.012,ERR,ERR,ERR,ERR,ERR,ERR,ERR,ERR,ERR,ERR,ERR,ERR,ERR,ERR,ERR,ERR,ERR,ERR,ERR,ERR,ERR,ERR,ERR,ERR,ERR,ERR,ERR,ERR,ERR,ERR,ERR,ERR,ERR,ERR,ERR,ERR,ERR,ERR,ERR,ERR,ERR,ERR,ERR,ERR,ERR,ERR,ERR,ERR,ERR,ERR,ERR,ERR,ERR,ERR,ERR,ERR,ERR,ERR,ERR,ERR,ERR,ERR,ERR,ERR,ERR,ERR,ERR,60.0,60.0,35,0.0,0.0,0.0,0.0,0.0,0.0,0.0,0.0,0.0,0.0,0.0,0.0,0.0,0.0,0.0,0.0,65.2,0,118,57,43,65476,0,300,0,0,8,20529,65476,0,0,2621,60.0,0.0,0.0,0.0,0.0,0.0
2026-07-09T15:19:33,ERR,ERR,ERR,ERR,ERR,ERR,ERR,ERR,ERR,ERR,ERR,ERR,ERR,ERR,ERR,ERR,ERR,ERR,ERR,ERR,ERR,ERR,ERR,ERR,ERR,ERR,ERR,ERR,ERR,ERR,ERR,ERR,ERR,ERR,ERR,ERR,ERR,ERR,ERR,ERR,ERR,ERR,ERR,ERR,ERR,ERR,ERR,ERR,ERR,ERR,ERR,ERR,ERR,ERR,ERR,ERR,ERR,ERR,ERR,ERR,ERR,ERR,ERR,ERR,ERR,ERR,ERR,ERR,ERR,ERR,ERR,ERR,ERR,ERR,ERR,ERR,ERR,ERR,ERR,ERR,ERR,ERR,ERR,ERR,ERR,ERR,ERR,ERR,ERR,ERR,ERR,ERR,ERR,ERR,ERR,ERR,ERR,ERR,ERR,ERR,ERR,ERR,ERR,ERR,ERR,ERR,ERR,ERR,ERR,ERR,ERR,ERR,ERR,ERR,ERR,ERR,ERR,ERR,ERR,ERR,ERR,ERR,ERR,ERR,ERR,0.0,-107616024.0,-0.0,2.718366610185338e+23,-513.134,-0.0,-0.0,-0.0,0,0,4,17429,7116,0.0,100,0.0,0.0,2.718366610185338e+23,0.0,0.0,0,0,0,0,0.0,0,0,0,0,0,0,0,0,0,0,0,0,0,0,0,0,0,0,0,0,0,0,0,0,0,0,0,0,0,0,0,0,0,31,40,40,71,65476,0,300,0,0,8,21553,0.0,-107605600.0,0.0,0.0,0.0,0.0,0.0,0.0,0.0,0.0,0.0,0.0,0.0,0.0,0.0,0.0,0.0,0.0,0.0,0.0,0.0,0.0,0.0,3.697067386368898e+19,0.0,0.0,0.0,0.0,0.0,0.0,5155.0,-0.0,6932.0,2.7184242562605685e+23,-107616024.0,2.004,2.004,0.0,0.0,0.0,0.0,69,-107614776.0,-152017381097472.0,0.0,0.0,0.0,0.0,0.0,0.0,0.0,0,0,0,0.0,0.0,0.0,0.0,0.0,0.0,0.0,0.0,0.0,0.0,0.0,0.0,0.0,0.0,0.0,0.0,0,-107875648.0,69,0.0,138,0.0,2.012,ERR,ERR,ERR,ERR,ERR,ERR,ERR,ERR,ERR,ERR,ERR,ERR,ERR,ERR,ERR,ERR,ERR,ERR,ERR,ERR,ERR,ERR,ERR,ERR,ERR,ERR,ERR,ERR,ERR,ERR,ERR,ERR,ERR,ERR,ERR,ERR,ERR,ERR,ERR,ERR,ERR,ERR,ERR,ERR,ERR,ERR,ERR,ERR,ERR,ERR,ERR,ERR,ERR,ERR,ERR,ERR,ERR,ERR,ERR,ERR,ERR,ERR,ERR,ERR,ERR,ERR,ERR,60.0,60.0,35,0.0,0.0,0.0,0.0,0.0,0.0,0.0,0.0,0.0,0.0,0.0,0.0,0.0,0.0,0.0,0.0,65.2,0,118,57,43,65476,0,300,0,0,8,20529,65476,0,0,2621,60.0,0.0,0.0,0.0,0.0,0.0
2026-07-09T15:19:34,ERR,ERR,ERR,ERR,ERR,ERR,ERR,ERR,ERR,ERR,ERR,ERR,ERR,ERR,ERR,ERR,ERR,ERR,ERR,ERR,ERR,ERR,ERR,ERR,ERR,ERR,ERR,ERR,ERR,ERR,ERR,ERR,ERR,ERR,ERR,ERR,ERR,ERR,ERR,ERR,ERR,ERR,ERR,ERR,ERR,ERR,ERR,ERR,ERR,ERR,ERR,ERR,ERR,ERR,ERR,ERR,ERR,ERR,ERR,ERR,ERR,ERR,ERR,ERR,ERR,ERR,ERR,ERR,ERR,ERR,ERR,ERR,ERR,ERR,ERR,ERR,ERR,ERR,ERR,ERR,ERR,ERR,ERR,ERR,ERR,ERR,ERR,ERR,ERR,ERR,ERR,ERR,ERR,ERR,ERR,ERR,ERR,ERR,ERR,ERR,ERR,ERR,ERR,ERR,ERR,ERR,ERR,ERR,ERR,ERR,ERR,ERR,ERR,ERR,ERR,ERR,ERR,ERR,ERR,ERR,ERR,ERR,ERR,ERR,ERR,0.0,-107616024.0,-0.0,2.718366610185338e+23,-513.134,-0.0,-0.0,-0.0,0,0,4,17429,7116,0.0,100,0.0,0.0,2.718366610185338e+23,0.0,0.0,0,0,0,0,0.0,0,0,0,0,0,0,0,0,0,0,0,0,0,0,0,0,0,0,0,0,0,0,0,0,0,0,0,0,0,0,0,0,0,31,40,40,71,65476,0,300,0,0,8,21553,0.0,-107605600.0,0.0,0.0,0.0,0.0,0.0,0.0,0.0,0.0,0.0,0.0,0.0,0.0,0.0,0.0,0.0,0.0,0.0,0.0,0.0,0.0,0.0,3.697067386368898e+19,0.0,0.0,0.0,0.0,0.0,0.0,5155.0,-0.0,6932.0,2.7184242562605685e+23,-107616024.0,2.004,2.004,0.0,0.0,0.0,0.0,69,-107614776.0,-152017381097472.0,0.0,0.0,0.0,0.0,0.0,0.0,0.0,0,0,0,0.0,0.0,0.0,0.0,0.0,0.0,0.0,0.0,0.0,0.0,0.0,0.0,0.0,0.0,0.0,0.0,0,-107875648.0,69,0.0,138,0.0,2.012,ERR,ERR,ERR,ERR,ERR,ERR,ERR,ERR,ERR,ERR,ERR,ERR,ERR,ERR,ERR,ERR,ERR,ERR,ERR,ERR,ERR,ERR,ERR,ERR,ERR,ERR,ERR,ERR,ERR,ERR,ERR,ERR,ERR,ERR,ERR,ERR,ERR,ERR,ERR,ERR,ERR,ERR,ERR,ERR,ERR,ERR,ERR,ERR,ERR,ERR,ERR,ERR,ERR,ERR,ERR,ERR,ERR,ERR,ERR,ERR,ERR,ERR,ERR,ERR,ERR,ERR,ERR,60.0,60.0,35,0.0,0.0,0.0,0.0,0.0,0.0,0.0,0.0,0.0,0.0,0.0,0.0,0.0,0.0,0.0,0.0,65.2,0,118,57,43,65476,0,300,0,0,8,20529,65476,0,0,2621,60.0,0.0,0.0,0.0,0.0,0.0
2026-07-09T15:19:35,ERR,ERR,ERR,ERR,ERR,ERR,ERR,ERR,ERR,ERR,ERR,ERR,ERR,ERR,ERR,ERR,ERR,ERR,ERR,ERR,ERR,ERR,ERR,ERR,ERR,ERR,ERR,ERR,ERR,ERR,ERR,ERR,ERR,ERR,ERR,ERR,ERR,ERR,ERR,ERR,ERR,ERR,ERR,ERR,ERR,ERR,ERR,ERR,ERR,ERR,ERR,ERR,ERR,ERR,ERR,ERR,ERR,ERR,ERR,ERR,ERR,ERR,ERR,ERR,ERR,ERR,ERR,ERR,ERR,ERR,ERR,ERR,ERR,ERR,ERR,ERR,ERR,ERR,ERR,ERR,ERR,ERR,ERR,ERR,ERR,ERR,ERR,ERR,ERR,ERR,ERR,ERR,ERR,ERR,ERR,ERR,ERR,ERR,ERR,ERR,ERR,ERR,ERR,ERR,ERR,ERR,ERR,ERR,ERR,ERR,ERR,ERR,ERR,ERR,ERR,ERR,ERR,ERR,ERR,ERR,ERR,ERR,ERR,ERR,ERR,0.0,-107616024.0,-0.0,2.718366610185338e+23,-513.134,-0.0,-0.0,-0.0,0,0,4,17429,7116,0.0,100,0.0,0.0,2.718366610185338e+23,0.0,0.0,0,0,0,0,0.0,0,0,0,0,0,0,0,0,0,0,0,0,0,0,0,0,0,0,0,0,0,0,0,0,0,0,0,0,0,0,0,0,0,31,40,40,71,65476,0,300,0,0,8,21553,0.0,-107605600.0,0.0,0.0,0.0,0.0,0.0,0.0,0.0,0.0,0.0,0.0,0.0,0.0,0.0,0.0,0.0,0.0,0.0,0.0,0.0,0.0,0.0,3.697067386368898e+19,0.0,0.0,0.0,0.0,0.0,0.0,5155.0,-0.0,6932.0,2.7184242562605685e+23,-107616024.0,2.004,2.004,0.0,0.0,0.0,0.0,69,-107614776.0,-152017381097472.0,0.0,0.0,0.0,0.0,0.0,0.0,0.0,0,0,0,0.0,0.0,0.0,0.0,0.0,0.0,0.0,0.0,0.0,0.0,0.0,0.0,0.0,0.0,0.0,0.0,0,-107875648.0,69,0.0,138,0.0,2.012,ERR,ERR,ERR,ERR,ERR,ERR,ERR,ERR,ERR,ERR,ERR,ERR,ERR,ERR,ERR,ERR,ERR,ERR,ERR,ERR,ERR,ERR,ERR,ERR,ERR,ERR,ERR,ERR,ERR,ERR,ERR,ERR,ERR,ERR,ERR,ERR,ERR,ERR,ERR,ERR,ERR,ERR,ERR,ERR,ERR,ERR,ERR,ERR,ERR,ERR,ERR,ERR,ERR,ERR,ERR,ERR,ERR,ERR,ERR,ERR,ERR,ERR,ERR,ERR,ERR,ERR,ERR,60.0,60.0,35,0.0,0.0,0.0,0.0,0.0,0.0,0.0,0.0,0.0,0.0,0.0,0.0,0.0,0.0,0.0,0.0,65.2,0,118,57,43,65476,0,300,0,0,8,20529,65476,0,0,2621,60.0,0.0,0.0,0.0,0.0,0.0
2026-07-09T15:19:36,ERR,ERR,ERR,ERR,ERR,ERR,ERR,ERR,ERR,ERR,ERR,ERR,ERR,ERR,ERR,ERR,ERR,ERR,ERR,ERR,ERR,ERR,ERR,ERR,ERR,ERR,ERR,ERR,ERR,ERR,ERR,ERR,ERR,ERR,ERR,ERR,ERR,ERR,ERR,ERR,ERR,ERR,ERR,ERR,ERR,ERR,ERR,ERR,ERR,ERR,ERR,ERR,ERR,ERR,ERR,ERR,ERR,ERR,ERR,ERR,ERR,ERR,ERR,ERR,ERR,ERR,ERR,ERR,ERR,ERR,ERR,ERR,ERR,ERR,ERR,ERR,ERR,ERR,ERR,ERR,ERR,ERR,ERR,ERR,ERR,ERR,ERR,ERR,ERR,ERR,ERR,ERR,ERR,ERR,ERR,ERR,ERR,ERR,ERR,ERR,ERR,ERR,ERR,ERR,ERR,ERR,ERR,ERR,ERR,ERR,ERR,ERR,ERR,ERR,ERR,ERR,ERR,ERR,ERR,ERR,ERR,ERR,ERR,ERR,ERR,0.0,-107616024.0,-0.0,0.0,0.0,-0.0,-0.0,-0.0,0,0,4,17427,7116,0.0,100,0.0,0.0,-0.0,0.0,0.0,0,0,0,0,0.0,0,0,0,0,0,0,0,0,0,0,0,0,0,0,0,0,0,0,0,0,0,0,0,0,0,0,0,0,0,0,0,0,0,31,40,40,71,65476,0,300,0,0,8,21553,0.0,-107605600.0,0.0,0.0,0.0,0.0,0.0,0.0,0.0,0.0,0.0,0.0,0.0,0.0,0.0,0.0,0.0,0.0,0.0,0.0,0.0,0.0,0.0,3.697067386368898e+19,0.0,0.0,0.0,0.0,0.0,0.0,5163.0,-0.0,6935.0,0.0,-107616024.0,2.004,2.004,0.0,0.0,0.0,0.0,69,0.0,0.0,0.0,0.0,0.0,0.0,0.0,0.0,0.0,0,0,0,0.0,0.0,0.0,0.0,0.0,0.0,0.0,0.0,0.0,0.0,0.0,0.0,0.0,0.0,0.0,0.0,0,-107875648.0,69,0.0,138,0.0,2.012,ERR,ERR,ERR,ERR,ERR,ERR,ERR,ERR,ERR,ERR,ERR,ERR,ERR,ERR,ERR,ERR,ERR,ERR,ERR,ERR,ERR,ERR,ERR,ERR,ERR,ERR,ERR,ERR,ERR,ERR,ERR,ERR,ERR,ERR,ERR,ERR,ERR,ERR,ERR,ERR,ERR,ERR,ERR,ERR,ERR,ERR,ERR,ERR,ERR,ERR,ERR,ERR,ERR,ERR,ERR,ERR,ERR,ERR,ERR,ERR,ERR,ERR,ERR,ERR,ERR,ERR,ERR,60.0,60.0,35,0.0,0.0,0.0,0.0,0.0,0.0,0.0,0.0,0.0,0.0,0.0,0.0,0.0,0.0,0.0,0.0,65.2,0,118,57,43,65476,0,300,0,0,8,20529,65476,0,0,2621,60.0,0.0,0.0,0.0,0.0,0.0
2026-07-09T15:19:37,ERR,ERR,ERR,ERR,ERR,ERR,ERR,ERR,ERR,ERR,ERR,ERR,ERR,ERR,ERR,ERR,ERR,ERR,ERR,ERR,ERR,ERR,ERR,ERR,ERR,ERR,ERR,ERR,ERR,ERR,ERR,ERR,ERR,ERR,ERR,ERR,ERR,ERR,ERR,ERR,ERR,ERR,ERR,ERR,ERR,ERR,ERR,ERR,ERR,ERR,ERR,ERR,ERR,ERR,ERR,ERR,ERR,ERR,ERR,ERR,ERR,ERR,ERR,ERR,ERR,ERR,ERR,ERR,ERR,ERR,ERR,ERR,ERR,ERR,ERR,ERR,ERR,ERR,ERR,ERR,ERR,ERR,ERR,ERR,ERR,ERR,ERR,ERR,ERR,ERR,ERR,ERR,ERR,ERR,ERR,ERR,ERR,ERR,ERR,ERR,ERR,ERR,ERR,ERR,ERR,ERR,ERR,ERR,ERR,ERR,ERR,ERR,ERR,ERR,ERR,ERR,ERR,ERR,ERR,ERR,ERR,ERR,ERR,ERR,ERR,0.0,-107616024.0,-0.0,0.0,0.0,-0.0,-0.0,-0.0,0,0,4,17427,7116,0.0,100,0.0,0.0,-0.0,0.0,0.0,0,0,0,0,0.0,0,0,0,0,0,0,0,0,0,0,0,0,0,0,0,0,0,0,0,0,0,0,0,0,0,0,0,0,0,0,0,0,0,31,40,40,71,65476,0,300,0,0,8,21553,0.0,-107605600.0,0.0,0.0,0.0,0.0,0.0,0.0,0.0,0.0,0.0,0.0,0.0,0.0,0.0,0.0,0.0,0.0,0.0,0.0,0.0,0.0,0.0,3.697067386368898e+19,0.0,0.0,0.0,0.0,0.0,0.0,5163.0,-0.0,6935.0,0.0,-107616024.0,2.004,2.004,0.0,0.0,0.0,0.0,69,0.0,0.0,0.0,0.0,0.0,0.0,0.0,0.0,0.0,0,0,0,0.0,0.0,0.0,0.0,0.0,0.0,0.0,0.0,0.0,0.0,0.0,0.0,0.0,0.0,0.0,0.0,0,-107875648.0,69,0.0,138,0.0,2.012,ERR,ERR,ERR,ERR,ERR,ERR,ERR,ERR,ERR,ERR,ERR,ERR,ERR,ERR,ERR,ERR,ERR,ERR,ERR,ERR,ERR,ERR,ERR,ERR,ERR,ERR,ERR,ERR,ERR,ERR,ERR,ERR,ERR,ERR,ERR,ERR,ERR,ERR,ERR,ERR,ERR,ERR,ERR,ERR,ERR,ERR,ERR,ERR,ERR,ERR,ERR,ERR,ERR,ERR,ERR,ERR,ERR,ERR,ERR,ERR,ERR,ERR,ERR,ERR,ERR,ERR,ERR,60.0,60.0,35,0.0,0.0,0.0,0.0,0.0,0.0,0.0,0.0,0.0,0.0,0.0,0.0,0.0,0.0,0.0,0.0,65.2,0,118,57,43,65476,0,300,0,0,8,20529,65476,0,0,2621,60.0,0.0,0.0,0.0,0.0,0.0
2026-07-09T15:19:38,ERR,ERR,ERR,ERR,ERR,ERR,ERR,ERR,ERR,ERR,ERR,ERR,ERR,ERR,ERR,ERR,ERR,ERR,ERR,ERR,ERR,ERR,ERR,ERR,ERR,ERR,ERR,ERR,ERR,ERR,ERR,ERR,ERR,ERR,ERR,ERR,ERR,ERR,ERR,ERR,ERR,ERR,ERR,ERR,ERR,ERR,ERR,ERR,ERR,ERR,ERR,ERR,ERR,ERR,ERR,ERR,ERR,ERR,ERR,ERR,ERR,ERR,ERR,ERR,ERR,ERR,ERR,ERR,ERR,ERR,ERR,ERR,ERR,ERR,ERR,ERR,ERR,ERR,ERR,ERR,ERR,ERR,ERR,ERR,ERR,ERR,ERR,ERR,ERR,ERR,ERR,ERR,ERR,ERR,ERR,ERR,ERR,ERR,ERR,ERR,ERR,ERR,ERR,ERR,ERR,ERR,ERR,ERR,ERR,ERR,ERR,ERR,ERR,ERR,ERR,ERR,ERR,ERR,ERR,ERR,ERR,ERR,ERR,ERR,ERR,0.0,-107616024.0,-0.0,0.0,0.0,-0.0,-0.0,-0.0,0,0,4,17427,7116,0.0,100,0.0,0.0,-0.0,0.0,0.0,0,0,0,0,0.0,0,0,0,0,0,0,0,0,0,0,0,0,0,0,0,0,0,0,0,0,0,0,0,0,0,0,0,0,0,0,0,0,0,31,40,40,71,65476,0,300,0,0,8,21553,0.0,-107605600.0,0.0,0.0,0.0,0.0,0.0,0.0,0.0,0.0,0.0,0.0,0.0,0.0,0.0,0.0,0.0,0.0,0.0,0.0,0.0,0.0,0.0,3.697067386368898e+19,0.0,0.0,0.0,0.0,0.0,0.0,5163.0,-0.0,6935.0,0.0,-107616024.0,2.004,2.004,0.0,0.0,0.0,0.0,69,0.0,0.0,0.0,0.0,0.0,0.0,0.0,0.0,0.0,0,0,0,0.0,0.0,0.0,0.0,0.0,0.0,0.0,0.0,0.0,0.0,0.0,0.0,0.0,0.0,0.0,0.0,0,-107875648.0,69,0.0,138,0.0,2.012,ERR,ERR,ERR,ERR,ERR,ERR,ERR,ERR,ERR,ERR,ERR,ERR,ERR,ERR,ERR,ERR,ERR,ERR,ERR,ERR,ERR,ERR,ERR,ERR,ERR,ERR,ERR,ERR,ERR,ERR,ERR,ERR,ERR,ERR,ERR,ERR,ERR,ERR,ERR,ERR,ERR,ERR,ERR,ERR,ERR,ERR,ERR,ERR,ERR,ERR,ERR,ERR,ERR,ERR,ERR,ERR,ERR,ERR,ERR,ERR,ERR,ERR,ERR,ERR,ERR,ERR,ERR,60.0,60.0,35,0.0,0.0,0.0,0.0,0.0,0.0,0.0,0.0,0.0,0.0,0.0,0.0,0.0,0.0,0.0,0.0,65.2,0,118,57,43,65476,0,300,0,0,8,20529,65476,0,0,2621,60.0,0.0,0.0,0.0,0.0,0.0
2026-07-09T15:19:39,ERR,ERR,ERR,ERR,ERR,ERR,ERR,ERR,ERR,ERR,ERR,ERR,ERR,ERR,ERR,ERR,ERR,ERR,ERR,ERR,ERR,ERR,ERR,ERR,ERR,ERR,ERR,ERR,ERR,ERR,ERR,ERR,ERR,ERR,ERR,ERR,ERR,ERR,ERR,ERR,ERR,ERR,ERR,ERR,ERR,ERR,ERR,ERR,ERR,ERR,ERR,ERR,ERR,ERR,ERR,ERR,ERR,ERR,ERR,ERR,ERR,ERR,ERR,ERR,ERR,ERR,ERR,ERR,ERR,ERR,ERR,ERR,ERR,ERR,ERR,ERR,ERR,ERR,ERR,ERR,ERR,ERR,ERR,ERR,ERR,ERR,ERR,ERR,ERR,ERR,ERR,ERR,ERR,ERR,ERR,ERR,ERR,ERR,ERR,ERR,ERR,ERR,ERR,ERR,ERR,ERR,ERR,ERR,ERR,ERR,ERR,ERR,ERR,ERR,ERR,ERR,ERR,ERR,ERR,ERR,ERR,ERR,ERR,ERR,ERR,0.0,-107616024.0,-0.0,0.0,0.0,-0.0,-0.0,-0.0,0,0,4,17427,7116,0.0,100,0.0,0.0,-0.0,0.0,0.0,0,0,0,0,0.0,0,0,0,0,0,0,0,0,0,0,0,0,0,0,0,0,0,0,0,0,0,0,0,0,0,0,0,0,0,0,0,0,0,31,40,40,71,65476,0,300,0,0,8,21553,0.0,-107605600.0,0.0,0.0,0.0,0.0,0.0,0.0,0.0,0.0,0.0,0.0,0.0,0.0,0.0,0.0,0.0,0.0,0.0,0.0,0.0,0.0,0.0,3.697067386368898e+19,0.0,0.0,0.0,0.0,0.0,0.0,5163.0,-0.0,6935.0,0.0,-107616024.0,2.004,2.004,0.0,0.0,0.0,0.0,69,0.0,0.0,0.0,0.0,0.0,0.0,0.0,0.0,0.0,0,0,0,0.0,0.0,0.0,0.0,0.0,0.0,0.0,0.0,0.0,0.0,0.0,0.0,0.0,0.0,0.0,0.0,0,-107875648.0,69,0.0,138,0.0,2.012,ERR,ERR,ERR,ERR,ERR,ERR,ERR,ERR,ERR,ERR,ERR,ERR,ERR,ERR,ERR,ERR,ERR,ERR,ERR,ERR,ERR,ERR,ERR,ERR,ERR,ERR,ERR,ERR,ERR,ERR,ERR,ERR,ERR,ERR,ERR,ERR,ERR,ERR,ERR,ERR,ERR,ERR,ERR,ERR,ERR,ERR,ERR,ERR,ERR,ERR,ERR,ERR,ERR,ERR,ERR,ERR,ERR,ERR,ERR,ERR,ERR,ERR,ERR,ERR,ERR,ERR,ERR,60.0,60.0,35,0.0,0.0,0.0,0.0,0.0,0.0,0.0,0.0,0.0,0.0,0.0,0.0,0.0,0.0,0.0,0.0,65.2,0,119,57,43,65476,0,300,0,0,8,20529,65476,0,0,2621,60.0,0.0,0.0,0.0,0.0,0.0
2026-07-09T15:19:40,ERR,ERR,ERR,ERR,ERR,ERR,ERR,ERR,ERR,ERR,ERR,ERR,ERR,ERR,ERR,ERR,ERR,ERR,ERR,ERR,ERR,ERR,ERR,ERR,ERR,ERR,ERR,ERR,ERR,ERR,ERR,ERR,ERR,ERR,ERR,ERR,ERR,ERR,ERR,ERR,ERR,ERR,ERR,ERR,ERR,ERR,ERR,ERR,ERR,ERR,ERR,ERR,ERR,ERR,ERR,ERR,ERR,ERR,ERR,ERR,ERR,ERR,ERR,ERR,ERR,ERR,ERR,ERR,ERR,ERR,ERR,ERR,ERR,ERR,ERR,ERR,ERR,ERR,ERR,ERR,ERR,ERR,ERR,ERR,ERR,ERR,ERR,ERR,ERR,ERR,ERR,ERR,ERR,ERR,ERR,ERR,ERR,ERR,ERR,ERR,ERR,ERR,ERR,ERR,ERR,ERR,ERR,ERR,ERR,ERR,ERR,ERR,ERR,ERR,ERR,ERR,ERR,ERR,ERR,ERR,ERR,ERR,ERR,ERR,ERR,0.0,-107616024.0,-0.0,0.0,0.0,-0.0,-0.0,-0.0,0,0,4,17427,7116,0.0,100,0.0,0.0,-0.0,0.0,0.0,0,0,0,0,0.0,0,0,0,0,0,0,0,0,0,0,0,0,0,0,0,0,0,0,0,0,0,0,0,0,0,0,0,0,0,0,0,0,0,31,40,40,71,65476,0,300,0,0,8,21553,0.0,-107605600.0,0.0,0.0,0.0,0.0,0.0,0.0,0.0,0.0,0.0,0.0,0.0,0.0,0.0,0.0,0.0,0.0,0.0,0.0,0.0,0.0,0.0,3.697067386368898e+19,0.0,0.0,0.0,0.0,0.0,0.0,5163.0,-0.0,6935.0,0.0,-107616024.0,2.004,2.004,0.0,0.0,0.0,0.0,69,0.0,0.0,0.0,0.0,0.0,0.0,0.0,0.0,0.0,0,0,0,0.0,0.0,0.0,0.0,0.0,0.0,0.0,0.0,0.0,0.0,0.0,0.0,0.0,0.0,0.0,0.0,0,-107875648.0,69,0.0,138,0.0,2.012,ERR,ERR,ERR,ERR,ERR,ERR,ERR,ERR,ERR,ERR,ERR,ERR,ERR,ERR,ERR,ERR,ERR,ERR,ERR,ERR,ERR,ERR,ERR,ERR,ERR,ERR,ERR,ERR,ERR,ERR,ERR,ERR,ERR,ERR,ERR,ERR,ERR,ERR,ERR,ERR,ERR,ERR,ERR,ERR,ERR,ERR,ERR,ERR,ERR,ERR,ERR,ERR,ERR,ERR,ERR,ERR,ERR,ERR,ERR,ERR,ERR,ERR,ERR,ERR,ERR,ERR,ERR,60.0,60.0,35,0.0,0.0,0.0,0.0,0.0,0.0,0.0,0.0,0.0,0.0,0.0,0.0,0.0,0.0,0.0,0.0,65.2,0,119,57,43,65476,0,300,0,0,8,20529,65476,0,0,2621,60.0,0.0,0.0,0.0,0.0,0.0
2026-07-09T15:19:41,ERR,ERR,ERR,ERR,ERR,ERR,ERR,ERR,ERR,ERR,ERR,ERR,ERR,ERR,ERR,ERR,ERR,ERR,ERR,ERR,ERR,ERR,ERR,ERR,ERR,ERR,ERR,ERR,ERR,ERR,ERR,ERR,ERR,ERR,ERR,ERR,ERR,ERR,ERR,ERR,ERR,ERR,ERR,ERR,ERR,ERR,ERR,ERR,ERR,ERR,ERR,ERR,ERR,ERR,ERR,ERR,ERR,ERR,ERR,ERR,ERR,ERR,ERR,ERR,ERR,ERR,ERR,ERR,ERR,ERR,ERR,ERR,ERR,ERR,ERR,ERR,ERR,ERR,ERR,ERR,ERR,ERR,ERR,ERR,ERR,ERR,ERR,ERR,ERR,ERR,ERR,ERR,ERR,ERR,ERR,ERR,ERR,ERR,ERR,ERR,ERR,ERR,ERR,ERR,ERR,ERR,ERR,ERR,ERR,ERR,ERR,ERR,ERR,ERR,ERR,ERR,ERR,ERR,ERR,ERR,ERR,ERR,ERR,ERR,ERR,0.0,-0.0,0.0,2.718366610185338e+23,nan,-0.0,-0.728,0.0,0,0,4,17427,7116,0.0,100,0.0,0.0,0.0,0.0,0.0,0,0,0,0,0.0,0,0,0,0,0,0,0,0,0,0,0,0,0,0,0,0,0,0,0,0,0,0,0,0,0,0,0,0,0,0,0,0,0,31,40,40,71,65476,0,300,0,0,8,21553,0.0,-107605600.0,0.0,0.0,0.0,0.0,0.0,0.0,0.0,0.0,0.0,0.0,0.0,0.0,0.0,0.0,0.0,0.0,0.0,0.0,0.0,0.0,-2.004,2.004,0.0,0.0,0.0,0.0,0.0,0.0,5163.0,-2.4229893456841626e+24,6941.0,0.0,-0.0,2.004,2.004,0.0,0.0,0.0,0.0,69,0.0,0.059,0.0,0.0,0.0,0.0,0.0,0.0,0.0,0,0,0,0.0,0.0,0.0,0.0,0.0,0.0,0.0,0.0,0.0,0.0,0.0,0.0,0.0,0.0,0.0,0.0,0,-107875648.0,69,0.0,138,0.0,2.012,ERR,ERR,ERR,ERR,ERR,ERR,ERR,ERR,ERR,ERR,ERR,ERR,ERR,ERR,ERR,ERR,ERR,ERR,ERR,ERR,ERR,ERR,ERR,ERR,ERR,ERR,ERR,ERR,ERR,ERR,ERR,ERR,ERR,ERR,ERR,ERR,ERR,ERR,ERR,ERR,ERR,ERR,ERR,ERR,ERR,ERR,ERR,ERR,ERR,ERR,ERR,ERR,ERR,ERR,ERR,ERR,ERR,ERR,ERR,ERR,ERR,ERR,ERR,ERR,ERR,ERR,ERR,60.0,60.0,35,0.0,0.0,0.0,0.0,0.0,0.0,0.0,0.0,0.0,0.0,0.0,0.0,0.0,0.0,0.0,0.0,65.6,0,119,57,43,65476,0,300,0,0,8,20529,65476,0,0,2621,60.0,0.0,0.0,0.0,0.0,0.0
2026-07-09T15:19:42,ERR,ERR,ERR,ERR,ERR,ERR,ERR,ERR,ERR,ERR,ERR,ERR,ERR,ERR,ERR,ERR,ERR,ERR,ERR,ERR,ERR,ERR,ERR,ERR,ERR,ERR,ERR,ERR,ERR,ERR,ERR,ERR,ERR,ERR,ERR,ERR,ERR,ERR,ERR,ERR,ERR,ERR,ERR,ERR,ERR,ERR,ERR,ERR,ERR,ERR,ERR,ERR,ERR,ERR,ERR,ERR,ERR,ERR,ERR,ERR,ERR,ERR,ERR,ERR,ERR,ERR,ERR,ERR,ERR,ERR,ERR,ERR,ERR,ERR,ERR,ERR,ERR,ERR,ERR,ERR,ERR,ERR,ERR,ERR,ERR,ERR,ERR,ERR,ERR,ERR,ERR,ERR,ERR,ERR,ERR,ERR,ERR,ERR,ERR,ERR,ERR,ERR,ERR,ERR,ERR,ERR,ERR,ERR,ERR,ERR,ERR,ERR,ERR,ERR,ERR,ERR,ERR,ERR,ERR,ERR,ERR,ERR,ERR,ERR,ERR,0.0,-0.0,0.0,2.718366610185338e+23,nan,-0.0,-0.728,0.0,0,0,4,17427,7116,0.0,100,0.0,0.0,0.0,0.0,0.0,0,0,0,0,0.0,0,0,0,0,0,0,0,0,0,0,0,0,0,0,0,0,0,0,0,0,0,0,0,0,0,0,0,0,0,0,0,0,0,31,40,40,71,65476,0,300,0,0,8,21553,0.0,-107605600.0,0.0,0.0,0.0,0.0,0.0,0.0,0.0,0.0,0.0,0.0,0.0,0.0,0.0,0.0,0.0,0.0,0.0,0.0,0.0,0.0,-2.004,2.004,0.0,0.0,0.0,0.0,0.0,0.0,5163.0,-2.4229893456841626e+24,6941.0,0.0,-0.0,2.004,2.004,0.0,0.0,0.0,0.0,69,0.0,0.059,0.0,0.0,0.0,0.0,0.0,0.0,0.0,0,0,0,0.0,0.0,0.0,0.0,0.0,0.0,0.0,0.0,0.0,0.0,0.0,0.0,0.0,0.0,0.0,0.0,0,-107875648.0,69,0.0,138,0.0,2.012,ERR,ERR,ERR,ERR,ERR,ERR,ERR,ERR,ERR,ERR,ERR,ERR,ERR,ERR,ERR,ERR,ERR,ERR,ERR,ERR,ERR,ERR,ERR,ERR,ERR,ERR,ERR,ERR,ERR,ERR,ERR,ERR,ERR,ERR,ERR,ERR,ERR,ERR,ERR,ERR,ERR,ERR,ERR,ERR,ERR,ERR,ERR,ERR,ERR,ERR,ERR,ERR,ERR,ERR,ERR,ERR,ERR,ERR,ERR,ERR,ERR,ERR,ERR,ERR,ERR,ERR,ERR,60.0,60.0,35,0.0,0.0,0.0,0.0,0.0,0.0,0.0,0.0,0.0,0.0,0.0,0.0,0.0,0.0,0.0,0.0,65.2,0,119,57,43,65476,0,300,0,0,8,20529,65476,0,0,2621,60.0,0.0,0.0,0.0,0.0,0.0
2026-07-09T15:19:43,ERR,ERR,ERR,ERR,ERR,ERR,ERR,ERR,ERR,ERR,ERR,ERR,ERR,ERR,ERR,ERR,ERR,ERR,ERR,ERR,ERR,ERR,ERR,ERR,ERR,ERR,ERR,ERR,ERR,ERR,ERR,ERR,ERR,ERR,ERR,ERR,ERR,ERR,ERR,ERR,ERR,ERR,ERR,ERR,ERR,ERR,ERR,ERR,ERR,ERR,ERR,ERR,ERR,ERR,ERR,ERR,ERR,ERR,ERR,ERR,ERR,ERR,ERR,ERR,ERR,ERR,ERR,ERR,ERR,ERR,ERR,ERR,ERR,ERR,ERR,ERR,ERR,ERR,ERR,ERR,ERR,ERR,ERR,ERR,ERR,ERR,ERR,ERR,ERR,ERR,ERR,ERR,ERR,ERR,ERR,ERR,ERR,ERR,ERR,ERR,ERR,ERR,ERR,ERR,ERR,ERR,ERR,ERR,ERR,ERR,ERR,ERR,ERR,ERR,ERR,ERR,ERR,ERR,ERR,ERR,ERR,ERR,ERR,ERR,ERR,0.0,-0.0,0.0,2.718366610185338e+23,nan,-0.0,-0.728,0.0,0,0,4,17427,7116,0.0,100,0.0,0.0,0.0,0.0,0.0,0,0,0,0,0.0,0,0,0,0,0,0,0,0,0,0,0,0,0,0,0,0,0,0,0,0,0,0,0,0,0,0,0,0,0,0,0,0,0,31,40,40,71,65476,0,300,0,0,8,21553,0.0,-107605600.0,0.0,0.0,0.0,0.0,0.0,0.0,0.0,0.0,0.0,0.0,0.0,0.0,0.0,0.0,0.0,0.0,0.0,0.0,0.0,0.0,-2.004,2.004,0.0,0.0,0.0,0.0,0.0,0.0,5163.0,-2.4229893456841626e+24,6941.0,0.0,-0.0,2.004,2.004,0.0,0.0,0.0,0.0,69,0.0,0.059,0.0,0.0,0.0,0.0,0.0,0.0,0.0,0,0,0,0.0,0.0,0.0,0.0,0.0,0.0,0.0,0.0,0.0,0.0,0.0,0.0,0.0,0.0,0.0,0.0,0,-107875648.0,69,0.0,138,0.0,2.012,ERR,ERR,ERR,ERR,ERR,ERR,ERR,ERR,ERR,ERR,ERR,ERR,ERR,ERR,ERR,ERR,ERR,ERR,ERR,ERR,ERR,ERR,ERR,ERR,ERR,ERR,ERR,ERR,ERR,ERR,ERR,ERR,ERR,ERR,ERR,ERR,ERR,ERR,ERR,ERR,ERR,ERR,ERR,ERR,ERR,ERR,ERR,ERR,ERR,ERR,ERR,ERR,ERR,ERR,ERR,ERR,ERR,ERR,ERR,ERR,ERR,ERR,ERR,ERR,ERR,ERR,ERR,60.0,60.0,35,0.0,0.0,0.0,0.0,0.0,0.0,0.0,0.0,0.0,0.0,0.0,0.0,0.0,0.0,0.0,0.0,65.2,0,119,57,43,65476,0,300,0,0,8,20529,65476,0,0,2621,60.0,0.0,0.0,0.0,0.0,0.0
2026-07-09T15:19:44,ERR,ERR,ERR,ERR,ERR,ERR,ERR,ERR,ERR,ERR,ERR,ERR,ERR,ERR,ERR,ERR,ERR,ERR,ERR,ERR,ERR,ERR,ERR,ERR,ERR,ERR,ERR,ERR,ERR,ERR,ERR,ERR,ERR,ERR,ERR,ERR,ERR,ERR,ERR,ERR,ERR,ERR,ERR,ERR,ERR,ERR,ERR,ERR,ERR,ERR,ERR,ERR,ERR,ERR,ERR,ERR,ERR,ERR,ERR,ERR,ERR,ERR,ERR,ERR,ERR,ERR,ERR,ERR,ERR,ERR,ERR,ERR,ERR,ERR,ERR,ERR,ERR,ERR,ERR,ERR,ERR,ERR,ERR,ERR,ERR,ERR,ERR,ERR,ERR,ERR,ERR,ERR,ERR,ERR,ERR,ERR,ERR,ERR,ERR,ERR,ERR,ERR,ERR,ERR,ERR,ERR,ERR,ERR,ERR,ERR,ERR,ERR,ERR,ERR,ERR,ERR,ERR,ERR,ERR,ERR,ERR,ERR,ERR,ERR,ERR,0.0,-0.0,0.0,2.718366610185338e+23,nan,-0.0,-0.728,0.0,0,0,4,17427,7116,0.0,100,0.0,0.0,0.0,0.0,0.0,0,0,0,0,0.0,0,0,0,0,0,0,0,0,0,0,0,0,0,0,0,0,0,0,0,0,0,0,0,0,0,0,0,0,0,0,0,0,0,31,40,40,71,65476,0,300,0,0,8,21553,0.0,-107605600.0,0.0,0.0,0.0,0.0,0.0,0.0,0.0,0.0,0.0,0.0,0.0,0.0,0.0,0.0,0.0,0.0,0.0,0.0,0.0,0.0,-2.004,2.004,0.0,0.0,0.0,0.0,0.0,0.0,5163.0,-2.4229893456841626e+24,6941.0,0.0,-0.0,2.004,2.004,0.0,0.0,0.0,0.0,69,0.0,0.059,0.0,0.0,0.0,0.0,0.0,0.0,0.0,0,0,0,0.0,0.0,0.0,0.0,0.0,0.0,0.0,0.0,0.0,0.0,0.0,0.0,0.0,0.0,0.0,0.0,0,-107875648.0,69,0.0,138,0.0,2.012,ERR,ERR,ERR,ERR,ERR,ERR,ERR,ERR,ERR,ERR,ERR,ERR,ERR,ERR,ERR,ERR,ERR,ERR,ERR,ERR,ERR,ERR,ERR,ERR,ERR,ERR,ERR,ERR,ERR,ERR,ERR,ERR,ERR,ERR,ERR,ERR,ERR,ERR,ERR,ERR,ERR,ERR,ERR,ERR,ERR,ERR,ERR,ERR,ERR,ERR,ERR,ERR,ERR,ERR,ERR,ERR,ERR,ERR,ERR,ERR,ERR,ERR,ERR,ERR,ERR,ERR,ERR,60.0,60.0,35,0.0,0.0,0.0,0.0,0.0,0.0,0.0,0.0,0.0,0.0,0.0,0.0,0.0,0.0,0.0,0.0,65.2,0,119,57,43,65476,0,300,0,0,8,20529,65476,0,0,2621,60.0,0.0,0.0,0.0,0.0,0.0
2026-07-09T15:19:45,ERR,ERR,ERR,ERR,ERR,ERR,ERR,ERR,ERR,ERR,ERR,ERR,ERR,ERR,ERR,ERR,ERR,ERR,ERR,ERR,ERR,ERR,ERR,ERR,ERR,ERR,ERR,ERR,ERR,ERR,ERR,ERR,ERR,ERR,ERR,ERR,ERR,ERR,ERR,ERR,ERR,ERR,ERR,ERR,ERR,ERR,ERR,ERR,ERR,ERR,ERR,ERR,ERR,ERR,ERR,ERR,ERR,ERR,ERR,ERR,ERR,ERR,ERR,ERR,ERR,ERR,ERR,ERR,ERR,ERR,ERR,ERR,ERR,ERR,ERR,ERR,ERR,ERR,ERR,ERR,ERR,ERR,ERR,ERR,ERR,ERR,ERR,ERR,ERR,ERR,ERR,ERR,ERR,ERR,ERR,ERR,ERR,ERR,ERR,ERR,ERR,ERR,ERR,ERR,ERR,ERR,ERR,ERR,ERR,ERR,ERR,ERR,ERR,ERR,ERR,ERR,ERR,ERR,ERR,ERR,ERR,ERR,ERR,ERR,ERR,0.0,-0.0,0.0,2.718366610185338e+23,nan,-0.0,-0.728,0.0,0,0,4,17427,7116,0.0,100,0.0,0.0,0.0,0.0,0.0,0,0,0,0,0.0,0,0,0,0,0,0,0,0,0,0,0,0,0,0,0,0,0,0,0,0,0,0,0,0,0,0,0,0,0,0,0,0,0,31,40,40,71,65476,0,300,0,0,8,21553,0.0,-107605600.0,0.0,0.0,0.0,0.0,0.0,0.0,0.0,0.0,0.0,0.0,0.0,0.0,0.0,0.0,0.0,0.0,0.0,0.0,0.0,0.0,-2.004,2.004,0.0,0.0,0.0,0.0,0.0,0.0,5163.0,-2.4229893456841626e+24,6941.0,0.0,-0.0,2.004,2.004,0.0,0.0,0.0,0.0,69,0.0,0.059,0.0,0.0,0.0,0.0,0.0,0.0,0.0,0,0,0,0.0,0.0,0.0,0.0,0.0,0.0,0.0,0.0,0.0,0.0,0.0,0.0,0.0,0.0,0.0,0.0,0,-107875648.0,69,0.0,138,0.0,2.012,ERR,ERR,ERR,ERR,ERR,ERR,ERR,ERR,ERR,ERR,ERR,ERR,ERR,ERR,ERR,ERR,ERR,ERR,ERR,ERR,ERR,ERR,ERR,ERR,ERR,ERR,ERR,ERR,ERR,ERR,ERR,ERR,ERR,ERR,ERR,ERR,ERR,ERR,ERR,ERR,ERR,ERR,ERR,ERR,ERR,ERR,ERR,ERR,ERR,ERR,ERR,ERR,ERR,ERR,ERR,ERR,ERR,ERR,ERR,ERR,ERR,ERR,ERR,ERR,ERR,ERR,ERR,60.0,60.0,35,0.0,0.0,0.0,0.0,0.0,0.0,0.0,0.0,0.0,0.0,0.0,0.0,0.0,0.0,0.0,0.0,65.2,0,119,57,43,65476,0,300,0,0,8,20529,65476,0,0,2621,60.0,0.0,0.0,0.0,0.0,0.0
2026-07-09T15:19:46,ERR,ERR,ERR,ERR,ERR,ERR,ERR,ERR,ERR,ERR,ERR,ERR,ERR,ERR,ERR,ERR,ERR,ERR,ERR,ERR,ERR,ERR,ERR,ERR,ERR,ERR,ERR,ERR,ERR,ERR,ERR,ERR,ERR,ERR,ERR,ERR,ERR,ERR,ERR,ERR,ERR,ERR,ERR,ERR,ERR,ERR,ERR,ERR,ERR,ERR,ERR,ERR,ERR,ERR,ERR,ERR,ERR,ERR,ERR,ERR,ERR,ERR,ERR,ERR,ERR,ERR,ERR,ERR,ERR,ERR,ERR,ERR,ERR,ERR,ERR,ERR,ERR,ERR,ERR,ERR,ERR,ERR,ERR,ERR,ERR,ERR,ERR,ERR,ERR,ERR,ERR,ERR,ERR,ERR,ERR,ERR,ERR,ERR,ERR,ERR,ERR,ERR,ERR,ERR,ERR,ERR,ERR,ERR,ERR,ERR,ERR,ERR,ERR,ERR,ERR,ERR,ERR,ERR,ERR,ERR,ERR,ERR,ERR,ERR,ERR,0.0,-0.0,0.0,0.0,-830146150400.0,-0.0,-7.893898376763146e+17,-1.3230106766510365e+37,0,0,4,17427,7116,0.0,100,0.0,0.0,0.0,0.0,0.0,0,0,0,0,0.0,0,0,0,0,0,0,0,0,0,0,0,0,0,0,0,0,0,0,0,0,0,0,0,0,0,0,0,0,0,0,0,0,0,31,40,40,71,65476,0,300,0,0,8,21553,0.0,-107605600.0,0.0,0.0,0.0,0.0,0.0,0.0,0.0,0.0,0.0,0.0,0.0,0.0,0.0,0.0,0.0,0.0,0.0,0.0,0.0,0.0,-2.004,2.004,0.0,0.0,0.0,0.0,0.0,0.0,5161.0,-3.697188332647953e+19,6940.0,0.0,-0.0,2.004,2.004,0.0,0.0,0.0,0.0,69,0.0,0.059,0.0,0.0,0.0,0.0,0.0,0.0,0.0,0,0,0,0.0,0.0,0.0,0.0,0.0,0.0,0.0,0.0,0.0,0.0,0.0,0.0,0.0,0.0,0.0,0.0,0,-107875648.0,69,0.0,138,0.0,2.012,ERR,ERR,ERR,ERR,ERR,ERR,ERR,ERR,ERR,ERR,ERR,ERR,ERR,ERR,ERR,ERR,ERR,ERR,ERR,ERR,ERR,ERR,ERR,ERR,ERR,ERR,ERR,ERR,ERR,ERR,ERR,ERR,ERR,ERR,ERR,ERR,ERR,ERR,ERR,ERR,ERR,ERR,ERR,ERR,ERR,ERR,ERR,ERR,ERR,ERR,ERR,ERR,ERR,ERR,ERR,ERR,ERR,ERR,ERR,ERR,ERR,ERR,ERR,ERR,ERR,ERR,ERR,60.0,60.0,35,0.0,0.0,0.0,0.0,0.0,0.0,0.0,0.0,0.0,0.0,0.0,0.0,0.0,0.0,0.0,0.0,65.2,0,118,57,43,65476,0,300,0,0,8,20529,65476,0,0,2621,60.0,0.0,0.0,0.0,0.0,0.0
2026-07-09T15:19:47,ERR,ERR,ERR,ERR,ERR,ERR,ERR,ERR,ERR,ERR,ERR,ERR,ERR,ERR,ERR,ERR,ERR,ERR,ERR,ERR,ERR,ERR,ERR,ERR,ERR,ERR,ERR,ERR,ERR,ERR,ERR,ERR,ERR,ERR,ERR,ERR,ERR,ERR,ERR,ERR,ERR,ERR,ERR,ERR,ERR,ERR,ERR,ERR,ERR,ERR,ERR,ERR,ERR,ERR,ERR,ERR,ERR,ERR,ERR,ERR,ERR,ERR,ERR,ERR,ERR,ERR,ERR,ERR,ERR,ERR,ERR,ERR,ERR,ERR,ERR,ERR,ERR,ERR,ERR,ERR,ERR,ERR,ERR,ERR,ERR,ERR,ERR,ERR,ERR,ERR,ERR,ERR,ERR,ERR,ERR,ERR,ERR,ERR,ERR,ERR,ERR,ERR,ERR,ERR,ERR,ERR,ERR,ERR,ERR,ERR,ERR,ERR,ERR,ERR,ERR,ERR,ERR,ERR,ERR,ERR,ERR,ERR,ERR,ERR,ERR,0.0,-0.0,0.0,0.0,-830146150400.0,-0.0,-7.893898376763146e+17,-1.3230106766510365e+37,0,0,4,17427,7116,0.0,100,0.0,0.0,0.0,0.0,0.0,0,0,0,0,0.0,0,0,0,0,0,0,0,0,0,0,0,0,0,0,0,0,0,0,0,0,0,0,0,0,0,0,0,0,0,0,0,0,0,31,40,40,71,65476,0,300,0,0,8,21553,0.0,-107605600.0,0.0,0.0,0.0,0.0,0.0,0.0,0.0,0.0,0.0,0.0,0.0,0.0,0.0,0.0,0.0,0.0,0.0,0.0,0.0,0.0,-2.004,2.004,0.0,0.0,0.0,0.0,0.0,0.0,5161.0,-3.697188332647953e+19,6940.0,0.0,-0.0,2.004,2.004,0.0,0.0,0.0,0.0,69,0.0,0.059,0.0,0.0,0.0,0.0,0.0,0.0,0.0,0,0,0,0.0,0.0,0.0,0.0,0.0,0.0,0.0,0.0,0.0,0.0,0.0,0.0,0.0,0.0,0.0,0.0,0,-107875648.0,69,0.0,138,0.0,2.012,ERR,ERR,ERR,ERR,ERR,ERR,ERR,ERR,ERR,ERR,ERR,ERR,ERR,ERR,ERR,ERR,ERR,ERR,ERR,ERR,ERR,ERR,ERR,ERR,ERR,ERR,ERR,ERR,ERR,ERR,ERR,ERR,ERR,ERR,ERR,ERR,ERR,ERR,ERR,ERR,ERR,ERR,ERR,ERR,ERR,ERR,ERR,ERR,ERR,ERR,ERR,ERR,ERR,ERR,ERR,ERR,ERR,ERR,ERR,ERR,ERR,ERR,ERR,ERR,ERR,ERR,ERR,60.0,60.0,35,0.0,0.0,0.0,0.0,0.0,0.0,0.0,0.0,0.0,0.0,0.0,0.0,0.0,0.0,0.0,0.0,65.2,0,118,57,43,65476,0,300,0,0,8,20529,65476,0,0,2621,60.0,0.0,0.0,0.0,0.0,0.0
2026-07-09T15:19:48,ERR,ERR,ERR,ERR,ERR,ERR,ERR,ERR,ERR,ERR,ERR,ERR,ERR,ERR,ERR,ERR,ERR,ERR,ERR,ERR,ERR,ERR,ERR,ERR,ERR,ERR,ERR,ERR,ERR,ERR,ERR,ERR,ERR,ERR,ERR,ERR,ERR,ERR,ERR,ERR,ERR,ERR,ERR,ERR,ERR,ERR,ERR,ERR,ERR,ERR,ERR,ERR,ERR,ERR,ERR,ERR,ERR,ERR,ERR,ERR,ERR,ERR,ERR,ERR,ERR,ERR,ERR,ERR,ERR,ERR,ERR,ERR,ERR,ERR,ERR,ERR,ERR,ERR,ERR,ERR,ERR,ERR,ERR,ERR,ERR,ERR,ERR,ERR,ERR,ERR,ERR,ERR,ERR,ERR,ERR,ERR,ERR,ERR,ERR,ERR,ERR,ERR,ERR,ERR,ERR,ERR,ERR,ERR,ERR,ERR,ERR,ERR,ERR,ERR,ERR,ERR,ERR,ERR,ERR,ERR,ERR,ERR,ERR,ERR,ERR,0.0,-0.0,0.0,0.0,-830146150400.0,-0.0,-7.893898376763146e+17,-1.3230106766510365e+37,0,0,4,17427,7116,0.0,100,0.0,0.0,0.0,0.0,0.0,0,0,0,0,0.0,0,0,0,0,0,0,0,0,0,0,0,0,0,0,0,0,0,0,0,0,0,0,0,0,0,0,0,0,0,0,0,0,0,31,40,40,71,65476,0,300,0,0,8,21553,0.0,-107605600.0,0.0,0.0,0.0,0.0,0.0,0.0,0.0,0.0,0.0,0.0,0.0,0.0,0.0,0.0,0.0,0.0,0.0,0.0,0.0,0.0,-2.004,2.004,0.0,0.0,0.0,0.0,0.0,0.0,5161.0,-3.697188332647953e+19,6940.0,0.0,-0.0,2.004,2.004,0.0,0.0,0.0,0.0,69,0.0,0.059,0.0,0.0,0.0,0.0,0.0,0.0,0.0,0,0,0,0.0,0.0,0.0,0.0,0.0,0.0,0.0,0.0,0.0,0.0,0.0,0.0,0.0,0.0,0.0,0.0,0,-107875648.0,69,0.0,138,0.0,2.012,ERR,ERR,ERR,ERR,ERR,ERR,ERR,ERR,ERR,ERR,ERR,ERR,ERR,ERR,ERR,ERR,ERR,ERR,ERR,ERR,ERR,ERR,ERR,ERR,ERR,ERR,ERR,ERR,ERR,ERR,ERR,ERR,ERR,ERR,ERR,ERR,ERR,ERR,ERR,ERR,ERR,ERR,ERR,ERR,ERR,ERR,ERR,ERR,ERR,ERR,ERR,ERR,ERR,ERR,ERR,ERR,ERR,ERR,ERR,ERR,ERR,ERR,ERR,ERR,ERR,ERR,ERR,60.0,60.0,35,0.0,0.0,0.0,0.0,0.0,0.0,0.0,0.0,0.0,0.0,0.0,0.0,0.0,0.0,0.0,0.0,65.2,0,118,57,43,65476,0,300,0,0,8,20529,65476,0,0,2621,60.0,0.0,0.0,0.0,0.0,0.0
2026-07-09T15:19:49,ERR,ERR,ERR,ERR,ERR,ERR,ERR,ERR,ERR,ERR,ERR,ERR,ERR,ERR,ERR,ERR,ERR,ERR,ERR,ERR,ERR,ERR,ERR,ERR,ERR,ERR,ERR,ERR,ERR,ERR,ERR,ERR,ERR,ERR,ERR,ERR,ERR,ERR,ERR,ERR,ERR,ERR,ERR,ERR,ERR,ERR,ERR,ERR,ERR,ERR,ERR,ERR,ERR,ERR,ERR,ERR,ERR,ERR,ERR,ERR,ERR,ERR,ERR,ERR,ERR,ERR,ERR,ERR,ERR,ERR,ERR,ERR,ERR,ERR,ERR,ERR,ERR,ERR,ERR,ERR,ERR,ERR,ERR,ERR,ERR,ERR,ERR,ERR,ERR,ERR,ERR,ERR,ERR,ERR,ERR,ERR,ERR,ERR,ERR,ERR,ERR,ERR,ERR,ERR,ERR,ERR,ERR,ERR,ERR,ERR,ERR,ERR,ERR,ERR,ERR,ERR,ERR,ERR,ERR,ERR,ERR,ERR,ERR,ERR,ERR,0.0,-0.0,0.0,0.0,-830146150400.0,-0.0,-7.893898376763146e+17,-1.3230106766510365e+37,0,0,4,17427,7116,0.0,100,0.0,0.0,0.0,0.0,0.0,0,0,0,0,0.0,0,0,0,0,0,0,0,0,0,0,0,0,0,0,0,0,0,0,0,0,0,0,0,0,0,0,0,0,0,0,0,0,0,31,40,40,71,65476,0,300,0,0,8,21553,0.0,-107605600.0,0.0,0.0,0.0,0.0,0.0,0.0,0.0,0.0,0.0,0.0,0.0,0.0,0.0,0.0,0.0,0.0,0.0,0.0,0.0,0.0,-2.004,2.004,0.0,0.0,0.0,0.0,0.0,0.0,5161.0,-3.697188332647953e+19,6940.0,0.0,-0.0,2.004,2.004,0.0,0.0,0.0,0.0,69,0.0,0.059,0.0,0.0,0.0,0.0,0.0,0.0,0.0,0,0,0,0.0,0.0,0.0,0.0,0.0,0.0,0.0,0.0,0.0,0.0,0.0,0.0,0.0,0.0,0.0,0.0,0,-107875648.0,69,0.0,138,0.0,2.012,ERR,ERR,ERR,ERR,ERR,ERR,ERR,ERR,ERR,ERR,ERR,ERR,ERR,ERR,ERR,ERR,ERR,ERR,ERR,ERR,ERR,ERR,ERR,ERR,ERR,ERR,ERR,ERR,ERR,ERR,ERR,ERR,ERR,ERR,ERR,ERR,ERR,ERR,ERR,ERR,ERR,ERR,ERR,ERR,ERR,ERR,ERR,ERR,ERR,ERR,ERR,ERR,ERR,ERR,ERR,ERR,ERR,ERR,ERR,ERR,ERR,ERR,ERR,ERR,ERR,ERR,ERR,60.0,60.0,35,0.0,0.0,0.0,0.0,0.0,0.0,0.0,0.0,0.0,0.0,0.0,0.0,0.0,0.0,0.0,0.0,65.2,0,118,57,43,65476,0,300,0,0,8,20529,65476,0,0,2621,60.0,0.0,0.0,0.0,0.0,0.0
2026-07-09T15:19:50,ERR,ERR,ERR,ERR,ERR,ERR,ERR,ERR,ERR,ERR,ERR,ERR,ERR,ERR,ERR,ERR,ERR,ERR,ERR,ERR,ERR,ERR,ERR,ERR,ERR,ERR,ERR,ERR,ERR,ERR,ERR,ERR,ERR,ERR,ERR,ERR,ERR,ERR,ERR,ERR,ERR,ERR,ERR,ERR,ERR,ERR,ERR,ERR,ERR,ERR,ERR,ERR,ERR,ERR,ERR,ERR,ERR,ERR,ERR,ERR,ERR,ERR,ERR,ERR,ERR,ERR,ERR,ERR,ERR,ERR,ERR,ERR,ERR,ERR,ERR,ERR,ERR,ERR,ERR,ERR,ERR,ERR,ERR,ERR,ERR,ERR,ERR,ERR,ERR,ERR,ERR,ERR,ERR,ERR,ERR,ERR,ERR,ERR,ERR,ERR,ERR,ERR,ERR,ERR,ERR,ERR,ERR,ERR,ERR,ERR,ERR,ERR,ERR,ERR,ERR,ERR,ERR,ERR,ERR,ERR,ERR,ERR,ERR,ERR,ERR,0.0,-0.0,0.0,0.0,-830146150400.0,-0.0,-7.893898376763146e+17,-1.3230106766510365e+37,0,0,4,17427,7116,0.0,100,0.0,0.0,0.0,0.0,0.0,0,0,0,0,0.0,0,0,0,0,0,0,0,0,0,0,0,0,0,0,0,0,0,0,0,0,0,0,0,0,0,0,0,0,0,0,0,0,0,31,40,40,71,65476,0,300,0,0,8,21553,0.0,-107605600.0,0.0,0.0,0.0,0.0,0.0,0.0,0.0,0.0,0.0,0.0,0.0,0.0,0.0,0.0,0.0,0.0,0.0,0.0,0.0,0.0,-2.004,2.004,0.0,0.0,0.0,0.0,0.0,0.0,5161.0,-3.697188332647953e+19,6940.0,0.0,-0.0,2.004,2.004,0.0,0.0,0.0,0.0,69,0.0,0.059,0.0,0.0,0.0,0.0,0.0,0.0,0.0,0,0,0,0.0,0.0,0.0,0.0,0.0,0.0,0.0,0.0,0.0,0.0,0.0,0.0,0.0,0.0,0.0,0.0,0,-107875648.0,69,0.0,138,0.0,2.012,ERR,ERR,ERR,ERR,ERR,ERR,ERR,ERR,ERR,ERR,ERR,ERR,ERR,ERR,ERR,ERR,ERR,ERR,ERR,ERR,ERR,ERR,ERR,ERR,ERR,ERR,ERR,ERR,ERR,ERR,ERR,ERR,ERR,ERR,ERR,ERR,ERR,ERR,ERR,ERR,ERR,ERR,ERR,ERR,ERR,ERR,ERR,ERR,ERR,ERR,ERR,ERR,ERR,ERR,ERR,ERR,ERR,ERR,ERR,ERR,ERR,ERR,ERR,ERR,ERR,ERR,ERR,60.0,60.0,35,0.0,0.0,0.0,0.0,0.0,0.0,0.0,0.0,0.0,0.0,0.0,0.0,0.0,0.0,0.0,0.0,65.2,0,118,57,43,65476,0,300,0,0,8,20529,65476,0,0,2621,60.0,0.0,0.0,0.0,0.0,0.0
2026-07-09T15:19:51,ERR,ERR,ERR,ERR,ERR,ERR,ERR,ERR,ERR,ERR,ERR,ERR,ERR,ERR,ERR,ERR,ERR,ERR,ERR,ERR,ERR,ERR,ERR,ERR,ERR,ERR,ERR,ERR,ERR,ERR,ERR,ERR,ERR,ERR,ERR,ERR,ERR,ERR,ERR,ERR,ERR,ERR,ERR,ERR,ERR,ERR,ERR,ERR,ERR,ERR,ERR,ERR,ERR,ERR,ERR,ERR,ERR,ERR,ERR,ERR,ERR,ERR,ERR,ERR,ERR,ERR,ERR,ERR,ERR,ERR,ERR,ERR,ERR,ERR,ERR,ERR,ERR,ERR,ERR,ERR,ERR,ERR,ERR,ERR,ERR,ERR,ERR,ERR,ERR,ERR,ERR,ERR,ERR,ERR,ERR,ERR,ERR,ERR,ERR,ERR,ERR,ERR,ERR,ERR,ERR,ERR,ERR,ERR,ERR,ERR,ERR,ERR,ERR,ERR,ERR,ERR,ERR,ERR,ERR,ERR,ERR,ERR,ERR,ERR,ERR,0.0,-0.0,0.0,2.718366610185338e+23,nan,-66041287802880.0,-1.3084568177431934e+34,-0.0,0,0,4,17427,7116,0.0,100,0.0,0.0,2.718366610185338e+23,0.0,0.0,0,0,0,0,0.0,0,0,0,0,0,0,0,0,0,0,0,0,0,0,0,0,0,0,0,0,0,0,0,0,0,0,0,0,0,0,0,0,0,31,40,40,71,65476,0,300,0,0,8,21553,0.0,-107605600.0,0.0,0.0,0.0,0.0,0.0,0.0,0.0,0.0,0.0,0.0,0.0,0.0,0.0,0.0,0.0,0.0,0.0,0.0,0.0,0.0,-2.004,2.004,0.0,0.0,0.0,0.0,0.0,0.0,5164.0,-2.4229893456841626e+24,6941.0,0.0,-0.0,2.004,2.004,0.0,0.0,0.0,0.0,69,89220.562,0.0,0.0,0.0,0.0,0.0,0.0,0.0,0.0,0,0,0,0.0,0.0,0.0,0.0,0.0,0.0,0.0,0.0,0.0,0.0,0.0,0.0,0.0,0.0,0.0,0.0,0,-107875648.0,69,0.0,138,0.0,2.012,ERR,ERR,ERR,ERR,ERR,ERR,ERR,ERR,ERR,ERR,ERR,ERR,ERR,ERR,ERR,ERR,ERR,ERR,ERR,ERR,ERR,ERR,ERR,ERR,ERR,ERR,ERR,ERR,ERR,ERR,ERR,ERR,ERR,ERR,ERR,ERR,ERR,ERR,ERR,ERR,ERR,ERR,ERR,ERR,ERR,ERR,ERR,ERR,ERR,ERR,ERR,ERR,ERR,ERR,ERR,ERR,ERR,ERR,ERR,ERR,ERR,ERR,ERR,ERR,ERR,ERR,ERR,60.0,60.0,35,0.0,0.0,0.0,0.0,0.0,0.0,0.0,0.0,0.0,0.0,0.0,0.0,0.0,0.0,0.0,0.0,65.2,0,118,57,43,65476,0,300,0,0,8,20529,65476,0,0,2621,60.0,0.0,0.0,0.0,0.0,0.0
2026-07-09T15:19:52,ERR,ERR,ERR,ERR,ERR,ERR,ERR,ERR,ERR,ERR,ERR,ERR,ERR,ERR,ERR,ERR,ERR,ERR,ERR,ERR,ERR,ERR,ERR,ERR,ERR,ERR,ERR,ERR,ERR,ERR,ERR,ERR,ERR,ERR,ERR,ERR,ERR,ERR,ERR,ERR,ERR,ERR,ERR,ERR,ERR,ERR,ERR,ERR,ERR,ERR,ERR,ERR,ERR,ERR,ERR,ERR,ERR,ERR,ERR,ERR,ERR,ERR,ERR,ERR,ERR,ERR,ERR,ERR,ERR,ERR,ERR,ERR,ERR,ERR,ERR,ERR,ERR,ERR,ERR,ERR,ERR,ERR,ERR,ERR,ERR,ERR,ERR,ERR,ERR,ERR,ERR,ERR,ERR,ERR,ERR,ERR,ERR,ERR,ERR,ERR,ERR,ERR,ERR,ERR,ERR,ERR,ERR,ERR,ERR,ERR,ERR,ERR,ERR,ERR,ERR,ERR,ERR,ERR,ERR,ERR,ERR,ERR,ERR,ERR,ERR,0.0,-0.0,0.0,2.718366610185338e+23,nan,-66041287802880.0,-1.3084568177431934e+34,-0.0,0,0,4,17427,7116,0.0,100,0.0,0.0,2.718366610185338e+23,0.0,0.0,0,0,0,0,0.0,0,0,0,0,0,0,0,0,0,0,0,0,0,0,0,0,0,0,0,0,0,0,0,0,0,0,0,0,0,0,0,0,0,31,40,40,71,65476,0,300,0,0,8,21553,0.0,-107605600.0,0.0,0.0,0.0,0.0,0.0,0.0,0.0,0.0,0.0,0.0,0.0,0.0,0.0,0.0,0.0,0.0,0.0,0.0,0.0,0.0,-2.004,2.004,0.0,0.0,0.0,0.0,0.0,0.0,5164.0,-2.4229893456841626e+24,6941.0,0.0,-0.0,2.004,2.004,0.0,0.0,0.0,0.0,69,89220.562,0.0,0.0,0.0,0.0,0.0,0.0,0.0,0.0,0,0,0,0.0,0.0,0.0,0.0,0.0,0.0,0.0,0.0,0.0,0.0,0.0,0.0,0.0,0.0,0.0,0.0,0,-107875648.0,69,0.0,138,0.0,2.012,ERR,ERR,ERR,ERR,ERR,ERR,ERR,ERR,ERR,ERR,ERR,ERR,ERR,ERR,ERR,ERR,ERR,ERR,ERR,ERR,ERR,ERR,ERR,ERR,ERR,ERR,ERR,ERR,ERR,ERR,ERR,ERR,ERR,ERR,ERR,ERR,ERR,ERR,ERR,ERR,ERR,ERR,ERR,ERR,ERR,ERR,ERR,ERR,ERR,ERR,ERR,ERR,ERR,ERR,ERR,ERR,ERR,ERR,ERR,ERR,ERR,ERR,ERR,ERR,ERR,ERR,ERR,60.0,60.0,35,0.0,0.0,0.0,0.0,0.0,0.0,0.0,0.0,0.0,0.0,0.0,0.0,0.0,0.0,0.0,0.0,65.2,0,118,57,43,65476,0,300,0,0,8,20529,65476,0,0,2621,60.0,0.0,0.0,0.0,0.0,0.0
2026-07-09T15:19:53,ERR,ERR,ERR,ERR,ERR,ERR,ERR,ERR,ERR,ERR,ERR,ERR,ERR,ERR,ERR,ERR,ERR,ERR,ERR,ERR,ERR,ERR,ERR,ERR,ERR,ERR,ERR,ERR,ERR,ERR,ERR,ERR,ERR,ERR,ERR,ERR,ERR,ERR,ERR,ERR,ERR,ERR,ERR,ERR,ERR,ERR,ERR,ERR,ERR,ERR,ERR,ERR,ERR,ERR,ERR,ERR,ERR,ERR,ERR,ERR,ERR,ERR,ERR,ERR,ERR,ERR,ERR,ERR,ERR,ERR,ERR,ERR,ERR,ERR,ERR,ERR,ERR,ERR,ERR,ERR,ERR,ERR,ERR,ERR,ERR,ERR,ERR,ERR,ERR,ERR,ERR,ERR,ERR,ERR,ERR,ERR,ERR,ERR,ERR,ERR,ERR,ERR,ERR,ERR,ERR,ERR,ERR,ERR,ERR,ERR,ERR,ERR,ERR,ERR,ERR,ERR,ERR,ERR,ERR,ERR,ERR,ERR,ERR,ERR,ERR,0.0,-0.0,0.0,2.718366610185338e+23,nan,-66041287802880.0,-1.3084568177431934e+34,-0.0,0,0,4,17427,7116,0.0,100,0.0,0.0,2.718366610185338e+23,0.0,0.0,0,0,0,0,0.0,0,0,0,0,0,0,0,0,0,0,0,0,0,0,0,0,0,0,0,0,0,0,0,0,0,0,0,0,0,0,0,0,0,31,40,40,71,65476,0,300,0,0,8,21553,0.0,-107605600.0,0.0,0.0,0.0,0.0,0.0,0.0,0.0,0.0,0.0,0.0,0.0,0.0,0.0,0.0,0.0,0.0,0.0,0.0,0.0,0.0,-2.004,2.004,0.0,0.0,0.0,0.0,0.0,0.0,5164.0,-2.4229893456841626e+24,6941.0,0.0,-0.0,2.004,2.004,0.0,0.0,0.0,0.0,69,89220.562,0.0,0.0,0.0,0.0,0.0,0.0,0.0,0.0,0,0,0,0.0,0.0,0.0,0.0,0.0,0.0,0.0,0.0,0.0,0.0,0.0,0.0,0.0,0.0,0.0,0.0,0,-107875648.0,69,0.0,138,0.0,2.012,ERR,ERR,ERR,ERR,ERR,ERR,ERR,ERR,ERR,ERR,ERR,ERR,ERR,ERR,ERR,ERR,ERR,ERR,ERR,ERR,ERR,ERR,ERR,ERR,ERR,ERR,ERR,ERR,ERR,ERR,ERR,ERR,ERR,ERR,ERR,ERR,ERR,ERR,ERR,ERR,ERR,ERR,ERR,ERR,ERR,ERR,ERR,ERR,ERR,ERR,ERR,ERR,ERR,ERR,ERR,ERR,ERR,ERR,ERR,ERR,ERR,ERR,ERR,ERR,ERR,ERR,ERR,60.0,60.0,35,0.0,0.0,0.0,0.0,0.0,0.0,0.0,0.0,0.0,0.0,0.0,0.0,0.0,0.0,0.0,0.0,65.2,0,118,57,43,65476,0,300,0,0,8,20529,65476,0,0,2621,60.0,0.0,0.0,0.0,0.0,0.0
2026-07-09T15:19:54,ERR,ERR,ERR,ERR,ERR,ERR,ERR,ERR,ERR,ERR,ERR,ERR,ERR,ERR,ERR,ERR,ERR,ERR,ERR,ERR,ERR,ERR,ERR,ERR,ERR,ERR,ERR,ERR,ERR,ERR,ERR,ERR,ERR,ERR,ERR,ERR,ERR,ERR,ERR,ERR,ERR,ERR,ERR,ERR,ERR,ERR,ERR,ERR,ERR,ERR,ERR,ERR,ERR,ERR,ERR,ERR,ERR,ERR,ERR,ERR,ERR,ERR,ERR,ERR,ERR,ERR,ERR,ERR,ERR,ERR,ERR,ERR,ERR,ERR,ERR,ERR,ERR,ERR,ERR,ERR,ERR,ERR,ERR,ERR,ERR,ERR,ERR,ERR,ERR,ERR,ERR,ERR,ERR,ERR,ERR,ERR,ERR,ERR,ERR,ERR,ERR,ERR,ERR,ERR,ERR,ERR,ERR,ERR,ERR,ERR,ERR,ERR,ERR,ERR,ERR,ERR,ERR,ERR,ERR,ERR,ERR,ERR,ERR,ERR,ERR,0.0,-0.0,0.0,2.718366610185338e+23,nan,-66041287802880.0,-1.3084568177431934e+34,-0.0,0,0,4,17427,7116,0.0,100,0.0,0.0,2.718366610185338e+23,0.0,0.0,0,0,0,0,0.0,0,0,0,0,0,0,0,0,0,0,0,0,0,0,0,0,0,0,0,0,0,0,0,0,0,0,0,0,0,0,0,0,0,31,40,40,71,65476,0,300,0,0,8,21553,0.0,-107605600.0,0.0,0.0,0.0,0.0,0.0,0.0,0.0,0.0,0.0,0.0,0.0,0.0,0.0,0.0,0.0,0.0,0.0,0.0,0.0,0.0,-2.004,2.004,0.0,0.0,0.0,0.0,0.0,0.0,5164.0,-2.4229893456841626e+24,6941.0,0.0,-0.0,2.004,2.004,0.0,0.0,0.0,0.0,69,89220.562,0.0,0.0,0.0,0.0,0.0,0.0,0.0,0.0,0,0,0,0.0,0.0,0.0,0.0,0.0,0.0,0.0,0.0,0.0,0.0,0.0,0.0,0.0,0.0,0.0,0.0,0,-107875648.0,69,0.0,138,0.0,2.012,ERR,ERR,ERR,ERR,ERR,ERR,ERR,ERR,ERR,ERR,ERR,ERR,ERR,ERR,ERR,ERR,ERR,ERR,ERR,ERR,ERR,ERR,ERR,ERR,ERR,ERR,ERR,ERR,ERR,ERR,ERR,ERR,ERR,ERR,ERR,ERR,ERR,ERR,ERR,ERR,ERR,ERR,ERR,ERR,ERR,ERR,ERR,ERR,ERR,ERR,ERR,ERR,ERR,ERR,ERR,ERR,ERR,ERR,ERR,ERR,ERR,ERR,ERR,ERR,ERR,ERR,ERR,60.0,60.0,35,0.0,0.0,0.0,0.0,0.0,0.0,0.0,0.0,0.0,0.0,0.0,0.0,0.0,0.0,0.0,0.0,65.6,0,118,57,43,65476,0,300,0,0,8,20529,65476,0,0,2621,60.0,0.0,0.0,0.0,0.0,0.0
2026-07-09T15:19:55,ERR,ERR,ERR,ERR,ERR,ERR,ERR,ERR,ERR,ERR,ERR,ERR,ERR,ERR,ERR,ERR,ERR,ERR,ERR,ERR,ERR,ERR,ERR,ERR,ERR,ERR,ERR,ERR,ERR,ERR,ERR,ERR,ERR,ERR,ERR,ERR,ERR,ERR,ERR,ERR,ERR,ERR,ERR,ERR,ERR,ERR,ERR,ERR,ERR,ERR,ERR,ERR,ERR,ERR,ERR,ERR,ERR,ERR,ERR,ERR,ERR,ERR,ERR,ERR,ERR,ERR,ERR,ERR,ERR,ERR,ERR,ERR,ERR,ERR,ERR,ERR,ERR,ERR,ERR,ERR,ERR,ERR,ERR,ERR,ERR,ERR,ERR,ERR,ERR,ERR,ERR,ERR,ERR,ERR,ERR,ERR,ERR,ERR,ERR,ERR,ERR,ERR,ERR,ERR,ERR,ERR,ERR,ERR,ERR,ERR,ERR,ERR,ERR,ERR,ERR,ERR,ERR,ERR,ERR,ERR,ERR,ERR,ERR,ERR,ERR,0.0,-0.0,0.0,2.718366610185338e+23,nan,-66041287802880.0,-1.3084568177431934e+34,-0.0,0,0,4,17427,7116,0.0,100,0.0,0.0,2.718366610185338e+23,0.0,0.0,0,0,0,0,0.0,0,0,0,0,0,0,0,0,0,0,0,0,0,0,0,0,0,0,0,0,0,0,0,0,0,0,0,0,0,0,0,0,0,31,40,40,71,65476,0,300,0,0,8,21553,0.0,-107605600.0,0.0,0.0,0.0,0.0,0.0,0.0,0.0,0.0,0.0,0.0,0.0,0.0,0.0,0.0,0.0,0.0,0.0,0.0,0.0,0.0,-2.004,2.004,0.0,0.0,0.0,0.0,0.0,0.0,5164.0,-2.4229893456841626e+24,6941.0,0.0,-0.0,2.004,2.004,0.0,0.0,0.0,0.0,69,89220.562,0.0,0.0,0.0,0.0,0.0,0.0,0.0,0.0,0,0,0,0.0,0.0,0.0,0.0,0.0,0.0,0.0,0.0,0.0,0.0,0.0,0.0,0.0,0.0,0.0,0.0,0,-107875648.0,69,0.0,138,0.0,2.012,ERR,ERR,ERR,ERR,ERR,ERR,ERR,ERR,ERR,ERR,ERR,ERR,ERR,ERR,ERR,ERR,ERR,ERR,ERR,ERR,ERR,ERR,ERR,ERR,ERR,ERR,ERR,ERR,ERR,ERR,ERR,ERR,ERR,ERR,ERR,ERR,ERR,ERR,ERR,ERR,ERR,ERR,ERR,ERR,ERR,ERR,ERR,ERR,ERR,ERR,ERR,ERR,ERR,ERR,ERR,ERR,ERR,ERR,ERR,ERR,ERR,ERR,ERR,ERR,ERR,ERR,ERR,60.0,60.0,35,0.0,0.0,0.0,0.0,0.0,0.0,0.0,0.0,0.0,0.0,0.0,0.0,0.0,0.0,0.0,0.0,65.6,0,118,57,43,65476,0,300,0,0,8,20529,65476,0,0,2621,60.0,0.0,0.0,0.0,0.0,0.0
2026-07-09T15:19:56,ERR,ERR,ERR,ERR,ERR,ERR,ERR,ERR,ERR,ERR,ERR,ERR,ERR,ERR,ERR,ERR,ERR,ERR,ERR,ERR,ERR,ERR,ERR,ERR,ERR,ERR,ERR,ERR,ERR,ERR,ERR,ERR,ERR,ERR,ERR,ERR,ERR,ERR,ERR,ERR,ERR,ERR,ERR,ERR,ERR,ERR,ERR,ERR,ERR,ERR,ERR,ERR,ERR,ERR,ERR,ERR,ERR,ERR,ERR,ERR,ERR,ERR,ERR,ERR,ERR,ERR,ERR,ERR,ERR,ERR,ERR,ERR,ERR,ERR,ERR,ERR,ERR,ERR,ERR,ERR,ERR,ERR,ERR,ERR,ERR,ERR,ERR,ERR,ERR,ERR,ERR,ERR,ERR,ERR,ERR,ERR,ERR,ERR,ERR,ERR,ERR,ERR,ERR,ERR,ERR,ERR,ERR,ERR,ERR,ERR,ERR,ERR,ERR,ERR,ERR,ERR,ERR,ERR,ERR,ERR,ERR,ERR,ERR,ERR,ERR,2.7184242562605685e+23,-0.0,-108139200.0,2.718366610185338e+23,0.006,-0.0,-16467870.0,-0.0,0,0,4,17429,7116,0.0,100,0.0,0.0,0.0,0.0,0.0,0,0,0,0,0.0,0,0,0,0,0,0,0,0,0,0,0,0,0,0,0,0,0,0,0,0,0,0,0,0,0,0,0,0,0,0,0,0,0,31,40,40,71,65476,0,300,0,0,8,21553,0.0,-107605600.0,0.0,0.0,0.0,0.0,0.0,0.0,0.0,0.0,0.0,0.0,0.0,0.0,0.0,0.0,0.0,0.0,0.0,0.0,0.0,0.0,0.0,2.004,0.0,0.0,0.0,0.0,0.0,0.0,5163.0,-1.5879302975875728e+29,6942.0,2.7184242562605685e+23,-0.0,2.004,2.004,0.0,0.0,0.0,0.0,69,0.0,89220.617,0.0,0.0,0.0,0.0,0.0,0.0,0.0,0,0,0,0.0,0.0,0.0,0.0,0.0,0.0,0.0,0.0,0.0,0.0,0.0,0.0,0.0,0.0,0.0,0.0,0,-107875648.0,69,0.0,138,0.0,2.012,ERR,ERR,ERR,ERR,ERR,ERR,ERR,ERR,ERR,ERR,ERR,ERR,ERR,ERR,ERR,ERR,ERR,ERR,ERR,ERR,ERR,ERR,ERR,ERR,ERR,ERR,ERR,ERR,ERR,ERR,ERR,ERR,ERR,ERR,ERR,ERR,ERR,ERR,ERR,ERR,ERR,ERR,ERR,ERR,ERR,ERR,ERR,ERR,ERR,ERR,ERR,ERR,ERR,ERR,ERR,ERR,ERR,ERR,ERR,ERR,ERR,ERR,ERR,ERR,ERR,ERR,ERR,60.0,60.0,35,0.0,0.0,0.0,0.0,0.0,0.0,0.0,0.0,0.0,0.0,0.0,0.0,0.0,0.0,0.0,0.0,65.2,0,118,57,43,65476,0,300,0,0,8,20529,65476,0,0,2621,60.0,0.0,0.0,0.0,0.0,0.0
2026-07-09T15:19:57,ERR,ERR,ERR,ERR,ERR,ERR,ERR,ERR,ERR,ERR,ERR,ERR,ERR,ERR,ERR,ERR,ERR,ERR,ERR,ERR,ERR,ERR,ERR,ERR,ERR,ERR,ERR,ERR,ERR,ERR,ERR,ERR,ERR,ERR,ERR,ERR,ERR,ERR,ERR,ERR,ERR,ERR,ERR,ERR,ERR,ERR,ERR,ERR,ERR,ERR,ERR,ERR,ERR,ERR,ERR,ERR,ERR,ERR,ERR,ERR,ERR,ERR,ERR,ERR,ERR,ERR,ERR,ERR,ERR,ERR,ERR,ERR,ERR,ERR,ERR,ERR,ERR,ERR,ERR,ERR,ERR,ERR,ERR,ERR,ERR,ERR,ERR,ERR,ERR,ERR,ERR,ERR,ERR,ERR,ERR,ERR,ERR,ERR,ERR,ERR,ERR,ERR,ERR,ERR,ERR,ERR,ERR,ERR,ERR,ERR,ERR,ERR,ERR,ERR,ERR,ERR,ERR,ERR,ERR,ERR,ERR,ERR,ERR,ERR,ERR,2.7184242562605685e+23,-0.0,-108139200.0,2.718366610185338e+23,0.006,-0.0,-16467870.0,-0.0,0,0,4,17429,7116,0.0,100,0.0,0.0,0.0,0.0,0.0,0,0,0,0,0.0,0,0,0,0,0,0,0,0,0,0,0,0,0,0,0,0,0,0,0,0,0,0,0,0,0,0,0,0,0,0,0,0,0,31,40,40,71,65476,0,300,0,0,8,21553,0.0,-107605600.0,0.0,0.0,0.0,0.0,0.0,0.0,0.0,0.0,0.0,0.0,0.0,0.0,0.0,0.0,0.0,0.0,0.0,0.0,0.0,0.0,0.0,2.004,0.0,0.0,0.0,0.0,0.0,0.0,5163.0,-1.5879302975875728e+29,6942.0,2.7184242562605685e+23,-0.0,2.004,2.004,0.0,0.0,0.0,0.0,69,0.0,89220.617,0.0,0.0,0.0,0.0,0.0,0.0,0.0,0,0,0,0.0,0.0,0.0,0.0,0.0,0.0,0.0,0.0,0.0,0.0,0.0,0.0,0.0,0.0,0.0,0.0,0,-107875648.0,69,0.0,138,0.0,2.012,ERR,ERR,ERR,ERR,ERR,ERR,ERR,ERR,ERR,ERR,ERR,ERR,ERR,ERR,ERR,ERR,ERR,ERR,ERR,ERR,ERR,ERR,ERR,ERR,ERR,ERR,ERR,ERR,ERR,ERR,ERR,ERR,ERR,ERR,ERR,ERR,ERR,ERR,ERR,ERR,ERR,ERR,ERR,ERR,ERR,ERR,ERR,ERR,ERR,ERR,ERR,ERR,ERR,ERR,ERR,ERR,ERR,ERR,ERR,ERR,ERR,ERR,ERR,ERR,ERR,ERR,ERR,60.0,60.0,35,0.0,0.0,0.0,0.0,0.0,0.0,0.0,0.0,0.0,0.0,0.0,0.0,0.0,0.0,0.0,0.0,65.2,0,118,57,43,65476,0,300,0,0,8,20529,65476,0,0,2621,60.0,0.0,0.0,0.0,0.0,0.0
2026-07-09T15:19:58,ERR,ERR,ERR,ERR,ERR,ERR,ERR,ERR,ERR,ERR,ERR,ERR,ERR,ERR,ERR,ERR,ERR,ERR,ERR,ERR,ERR,ERR,ERR,ERR,ERR,ERR,ERR,ERR,ERR,ERR,ERR,ERR,ERR,ERR,ERR,ERR,ERR,ERR,ERR,ERR,ERR,ERR,ERR,ERR,ERR,ERR,ERR,ERR,ERR,ERR,ERR,ERR,ERR,ERR,ERR,ERR,ERR,ERR,ERR,ERR,ERR,ERR,ERR,ERR,ERR,ERR,ERR,ERR,ERR,ERR,ERR,ERR,ERR,ERR,ERR,ERR,ERR,ERR,ERR,ERR,ERR,ERR,ERR,ERR,ERR,ERR,ERR,ERR,ERR,ERR,ERR,ERR,ERR,ERR,ERR,ERR,ERR,ERR,ERR,ERR,ERR,ERR,ERR,ERR,ERR,ERR,ERR,ERR,ERR,ERR,ERR,ERR,ERR,ERR,ERR,ERR,ERR,ERR,ERR,ERR,ERR,ERR,ERR,ERR,ERR,2.7184242562605685e+23,-0.0,-108139200.0,2.718366610185338e+23,0.006,-0.0,-16467870.0,-0.0,0,0,4,17429,7116,0.0,100,0.0,0.0,0.0,0.0,0.0,0,0,0,0,0.0,0,0,0,0,0,0,0,0,0,0,0,0,0,0,0,0,0,0,0,0,0,0,0,0,0,0,0,0,0,0,0,0,0,31,40,40,71,65476,0,300,0,0,8,21553,0.0,-107605600.0,0.0,0.0,0.0,0.0,0.0,0.0,0.0,0.0,0.0,0.0,0.0,0.0,0.0,0.0,0.0,0.0,0.0,0.0,0.0,0.0,0.0,2.004,0.0,0.0,0.0,0.0,0.0,0.0,5163.0,-1.5879302975875728e+29,6942.0,2.7184242562605685e+23,-0.0,2.004,2.004,0.0,0.0,0.0,0.0,69,0.0,89220.617,0.0,0.0,0.0,0.0,0.0,0.0,0.0,0,0,0,0.0,0.0,0.0,0.0,0.0,0.0,0.0,0.0,0.0,0.0,0.0,0.0,0.0,0.0,0.0,0.0,0,-107875648.0,69,0.0,138,0.0,2.012,ERR,ERR,ERR,ERR,ERR,ERR,ERR,ERR,ERR,ERR,ERR,ERR,ERR,ERR,ERR,ERR,ERR,ERR,ERR,ERR,ERR,ERR,ERR,ERR,ERR,ERR,ERR,ERR,ERR,ERR,ERR,ERR,ERR,ERR,ERR,ERR,ERR,ERR,ERR,ERR,ERR,ERR,ERR,ERR,ERR,ERR,ERR,ERR,ERR,ERR,ERR,ERR,ERR,ERR,ERR,ERR,ERR,ERR,ERR,ERR,ERR,ERR,ERR,ERR,ERR,ERR,ERR,60.0,60.0,35,0.0,0.0,0.0,0.0,0.0,0.0,0.0,0.0,0.0,0.0,0.0,0.0,0.0,0.0,0.0,0.0,65.2,0,118,57,43,65476,0,300,0,0,8,20529,65476,0,0,2621,60.0,0.0,0.0,0.0,0.0,0.0
2026-07-09T15:19:59,ERR,ERR,ERR,ERR,ERR,ERR,ERR,ERR,ERR,ERR,ERR,ERR,ERR,ERR,ERR,ERR,ERR,ERR,ERR,ERR,ERR,ERR,ERR,ERR,ERR,ERR,ERR,ERR,ERR,ERR,ERR,ERR,ERR,ERR,ERR,ERR,ERR,ERR,ERR,ERR,ERR,ERR,ERR,ERR,ERR,ERR,ERR,ERR,ERR,ERR,ERR,ERR,ERR,ERR,ERR,ERR,ERR,ERR,ERR,ERR,ERR,ERR,ERR,ERR,ERR,ERR,ERR,ERR,ERR,ERR,ERR,ERR,ERR,ERR,ERR,ERR,ERR,ERR,ERR,ERR,ERR,ERR,ERR,ERR,ERR,ERR,ERR,ERR,ERR,ERR,ERR,ERR,ERR,ERR,ERR,ERR,ERR,ERR,ERR,ERR,ERR,ERR,ERR,ERR,ERR,ERR,ERR,ERR,ERR,ERR,ERR,ERR,ERR,ERR,ERR,ERR,ERR,ERR,ERR,ERR,ERR,ERR,ERR,ERR,ERR,2.7184242562605685e+23,-0.0,-108139200.0,2.718366610185338e+23,0.006,-0.0,-16467870.0,-0.0,0,0,4,17429,7116,0.0,100,0.0,0.0,0.0,0.0,0.0,0,0,0,0,0.0,0,0,0,0,0,0,0,0,0,0,0,0,0,0,0,0,0,0,0,0,0,0,0,0,0,0,0,0,0,0,0,0,0,31,40,40,71,65476,0,300,0,0,8,21553,0.0,-107605600.0,0.0,0.0,0.0,0.0,0.0,0.0,0.0,0.0,0.0,0.0,0.0,0.0,0.0,0.0,0.0,0.0,0.0,0.0,0.0,0.0,0.0,2.004,0.0,0.0,0.0,0.0,0.0,0.0,5163.0,-1.5879302975875728e+29,6942.0,2.7184242562605685e+23,-0.0,2.004,2.004,0.0,0.0,0.0,0.0,69,0.0,89220.617,0.0,0.0,0.0,0.0,0.0,0.0,0.0,0,0,0,0.0,0.0,0.0,0.0,0.0,0.0,0.0,0.0,0.0,0.0,0.0,0.0,0.0,0.0,0.0,0.0,0,-107875648.0,69,0.0,138,0.0,2.012,ERR,ERR,ERR,ERR,ERR,ERR,ERR,ERR,ERR,ERR,ERR,ERR,ERR,ERR,ERR,ERR,ERR,ERR,ERR,ERR,ERR,ERR,ERR,ERR,ERR,ERR,ERR,ERR,ERR,ERR,ERR,ERR,ERR,ERR,ERR,ERR,ERR,ERR,ERR,ERR,ERR,ERR,ERR,ERR,ERR,ERR,ERR,ERR,ERR,ERR,ERR,ERR,ERR,ERR,ERR,ERR,ERR,ERR,ERR,ERR,ERR,ERR,ERR,ERR,ERR,ERR,ERR,60.0,60.0,35,0.0,0.0,0.0,0.0,0.0,0.0,0.0,0.0,0.0,0.0,0.0,0.0,0.0,0.0,0.0,0.0,65.2,0,118,57,43,65476,0,300,0,0,8,20529,65476,0,0,2621,60.0,0.0,0.0,0.0,0.0,0.0
2026-07-09T15:20:00,ERR,ERR,ERR,ERR,ERR,ERR,ERR,ERR,ERR,ERR,ERR,ERR,ERR,ERR,ERR,ERR,ERR,ERR,ERR,ERR,ERR,ERR,ERR,ERR,ERR,ERR,ERR,ERR,ERR,ERR,ERR,ERR,ERR,ERR,ERR,ERR,ERR,ERR,ERR,ERR,ERR,ERR,ERR,ERR,ERR,ERR,ERR,ERR,ERR,ERR,ERR,ERR,ERR,ERR,ERR,ERR,ERR,ERR,ERR,ERR,ERR,ERR,ERR,ERR,ERR,ERR,ERR,ERR,ERR,ERR,ERR,ERR,ERR,ERR,ERR,ERR,ERR,ERR,ERR,ERR,ERR,ERR,ERR,ERR,ERR,ERR,ERR,ERR,ERR,ERR,ERR,ERR,ERR,ERR,ERR,ERR,ERR,ERR,ERR,ERR,ERR,ERR,ERR,ERR,ERR,ERR,ERR,ERR,ERR,ERR,ERR,ERR,ERR,ERR,ERR,ERR,ERR,ERR,ERR,ERR,ERR,ERR,ERR,ERR,ERR,2.7184242562605685e+23,-0.0,-108139200.0,2.718366610185338e+23,0.006,-0.0,-16467870.0,-0.0,0,0,4,17429,7116,0.0,100,0.0,0.0,0.0,0.0,0.0,0,0,0,0,0.0,0,0,0,0,0,0,0,0,0,0,0,0,0,0,0,0,0,0,0,0,0,0,0,0,0,0,0,0,0,0,0,0,0,31,40,40,71,65476,0,300,0,0,8,21553,0.0,-107605600.0,0.0,0.0,0.0,0.0,0.0,0.0,0.0,0.0,0.0,0.0,0.0,0.0,0.0,0.0,0.0,0.0,0.0,0.0,0.0,0.0,0.0,2.004,0.0,0.0,0.0,0.0,0.0,0.0,5163.0,-1.5879302975875728e+29,6942.0,2.7184242562605685e+23,-0.0,2.004,2.004,0.0,0.0,0.0,0.0,69,0.0,89220.617,0.0,0.0,0.0,0.0,0.0,0.0,0.0,0,0,0,0.0,0.0,0.0,0.0,0.0,0.0,0.0,0.0,0.0,0.0,0.0,0.0,0.0,0.0,0.0,0.0,0,-107875648.0,69,0.0,138,0.0,2.012,ERR,ERR,ERR,ERR,ERR,ERR,ERR,ERR,ERR,ERR,ERR,ERR,ERR,ERR,ERR,ERR,ERR,ERR,ERR,ERR,ERR,ERR,ERR,ERR,ERR,ERR,ERR,ERR,ERR,ERR,ERR,ERR,ERR,ERR,ERR,ERR,ERR,ERR,ERR,ERR,ERR,ERR,ERR,ERR,ERR,ERR,ERR,ERR,ERR,ERR,ERR,ERR,ERR,ERR,ERR,ERR,ERR,ERR,ERR,ERR,ERR,ERR,ERR,ERR,ERR,ERR,ERR,60.0,60.0,35,0.0,0.0,0.0,0.0,0.0,0.0,0.0,0.0,0.0,0.0,0.0,0.0,0.0,0.0,0.0,0.0,65.2,0,118,57,43,65476,0,300,0,0,8,20529,65476,0,0,2621,60.0,0.0,0.0,0.0,0.0,0.0
2026-07-09T15:20:01,ERR,ERR,ERR,ERR,ERR,ERR,ERR,ERR,ERR,ERR,ERR,ERR,ERR,ERR,ERR,ERR,ERR,ERR,ERR,ERR,ERR,ERR,ERR,ERR,ERR,ERR,ERR,ERR,ERR,ERR,ERR,ERR,ERR,ERR,ERR,ERR,ERR,ERR,ERR,ERR,ERR,ERR,ERR,ERR,ERR,ERR,ERR,ERR,ERR,ERR,ERR,ERR,ERR,ERR,ERR,ERR,ERR,ERR,ERR,ERR,ERR,ERR,ERR,ERR,ERR,ERR,ERR,ERR,ERR,ERR,ERR,ERR,ERR,ERR,ERR,ERR,ERR,ERR,ERR,ERR,ERR,ERR,ERR,ERR,ERR,ERR,ERR,ERR,ERR,ERR,ERR,ERR,ERR,ERR,ERR,ERR,ERR,ERR,ERR,ERR,ERR,ERR,ERR,ERR,ERR,ERR,ERR,ERR,ERR,ERR,ERR,ERR,ERR,ERR,ERR,ERR,ERR,ERR,ERR,ERR,ERR,ERR,ERR,ERR,ERR,-107615088.0,-0.0,2.7302262093000705e+23,0.0,1583378.125,-0.0,-3998347727732736.0,0.0,0,0,4,17427,7116,0.0,100,0.0,0.0,0.0,0.0,0.0,0,0,0,0,0.0,0,0,0,0,0,0,0,0,0,0,0,0,0,0,0,0,0,0,0,0,0,0,0,0,0,0,0,0,0,0,0,0,0,31,40,40,71,65476,0,300,0,0,8,21553,0.0,-107605600.0,0.0,0.0,0.0,0.0,0.0,0.0,0.0,0.0,0.0,0.0,0.0,0.0,0.0,0.0,0.0,0.0,0.0,0.0,0.0,0.0,2.004,2.004,0.0,0.0,0.0,0.0,0.0,0.0,5197.0,0.0,6914.0,-107615088.0,-0.0,2.004,2.004,0.0,0.0,0.0,0.0,69,0.0,4.066856302539784e+29,0.0,0.0,0.0,0.0,0.0,0.0,0.0,0,0,0,0.0,0.0,0.0,0.0,0.0,0.0,0.0,0.0,0.0,0.0,0.0,0.0,0.0,0.0,0.0,0.0,0,-107875648.0,69,0.0,138,0.0,2.012,ERR,ERR,ERR,ERR,ERR,ERR,ERR,ERR,ERR,ERR,ERR,ERR,ERR,ERR,ERR,ERR,ERR,ERR,ERR,ERR,ERR,ERR,ERR,ERR,ERR,ERR,ERR,ERR,ERR,ERR,ERR,ERR,ERR,ERR,ERR,ERR,ERR,ERR,ERR,ERR,ERR,ERR,ERR,ERR,ERR,ERR,ERR,ERR,ERR,ERR,ERR,ERR,ERR,ERR,ERR,ERR,ERR,ERR,ERR,ERR,ERR,ERR,ERR,ERR,ERR,ERR,ERR,60.0,60.0,35,0.0,0.0,0.0,0.0,0.0,0.0,0.0,0.0,0.0,0.0,0.0,0.0,0.0,0.0,0.0,0.0,65.2,0,118,57,43,65476,0,300,0,0,8,20529,65476,0,0,2621,60.0,0.0,0.0,0.0,0.0,0.0
2026-07-09T15:20:02,ERR,ERR,ERR,ERR,ERR,ERR,ERR,ERR,ERR,ERR,ERR,ERR,ERR,ERR,ERR,ERR,ERR,ERR,ERR,ERR,ERR,ERR,ERR,ERR,ERR,ERR,ERR,ERR,ERR,ERR,ERR,ERR,ERR,ERR,ERR,ERR,ERR,ERR,ERR,ERR,ERR,ERR,ERR,ERR,ERR,ERR,ERR,ERR,ERR,ERR,ERR,ERR,ERR,ERR,ERR,ERR,ERR,ERR,ERR,ERR,ERR,ERR,ERR,ERR,ERR,ERR,ERR,ERR,ERR,ERR,ERR,ERR,ERR,ERR,ERR,ERR,ERR,ERR,ERR,ERR,ERR,ERR,ERR,ERR,ERR,ERR,ERR,ERR,ERR,ERR,ERR,ERR,ERR,ERR,ERR,ERR,ERR,ERR,ERR,ERR,ERR,ERR,ERR,ERR,ERR,ERR,ERR,ERR,ERR,ERR,ERR,ERR,ERR,ERR,ERR,ERR,ERR,ERR,ERR,ERR,ERR,ERR,ERR,ERR,ERR,-107615088.0,-0.0,2.7302262093000705e+23,0.0,1583378.125,-0.0,-3998347727732736.0,0.0,0,0,4,17427,7116,0.0,100,0.0,0.0,0.0,0.0,0.0,0,0,0,0,0.0,0,0,0,0,0,0,0,0,0,0,0,0,0,0,0,0,0,0,0,0,0,0,0,0,0,0,0,0,0,0,0,0,0,31,40,40,71,65476,0,300,0,0,8,21553,0.0,-107605600.0,0.0,0.0,0.0,0.0,0.0,0.0,0.0,0.0,0.0,0.0,0.0,0.0,0.0,0.0,0.0,0.0,0.0,0.0,0.0,0.0,2.004,2.004,0.0,0.0,0.0,0.0,0.0,0.0,5197.0,0.0,6914.0,-107615088.0,-0.0,2.004,2.004,0.0,0.0,0.0,0.0,69,0.0,4.066856302539784e+29,0.0,0.0,0.0,0.0,0.0,0.0,0.0,0,0,0,0.0,0.0,0.0,0.0,0.0,0.0,0.0,0.0,0.0,0.0,0.0,0.0,0.0,0.0,0.0,0.0,0,-107875648.0,69,0.0,138,0.0,2.012,ERR,ERR,ERR,ERR,ERR,ERR,ERR,ERR,ERR,ERR,ERR,ERR,ERR,ERR,ERR,ERR,ERR,ERR,ERR,ERR,ERR,ERR,ERR,ERR,ERR,ERR,ERR,ERR,ERR,ERR,ERR,ERR,ERR,ERR,ERR,ERR,ERR,ERR,ERR,ERR,ERR,ERR,ERR,ERR,ERR,ERR,ERR,ERR,ERR,ERR,ERR,ERR,ERR,ERR,ERR,ERR,ERR,ERR,ERR,ERR,ERR,ERR,ERR,ERR,ERR,ERR,ERR,60.0,60.0,35,0.0,0.0,0.0,0.0,0.0,0.0,0.0,0.0,0.0,0.0,0.0,0.0,0.0,0.0,0.0,0.0,65.2,0,118,57,43,65476,0,300,0,0,8,20529,65476,0,0,2621,60.0,0.0,0.0,0.0,0.0,0.0
2026-07-09T15:20:03,ERR,ERR,ERR,ERR,ERR,ERR,ERR,ERR,ERR,ERR,ERR,ERR,ERR,ERR,ERR,ERR,ERR,ERR,ERR,ERR,ERR,ERR,ERR,ERR,ERR,ERR,ERR,ERR,ERR,ERR,ERR,ERR,ERR,ERR,ERR,ERR,ERR,ERR,ERR,ERR,ERR,ERR,ERR,ERR,ERR,ERR,ERR,ERR,ERR,ERR,ERR,ERR,ERR,ERR,ERR,ERR,ERR,ERR,ERR,ERR,ERR,ERR,ERR,ERR,ERR,ERR,ERR,ERR,ERR,ERR,ERR,ERR,ERR,ERR,ERR,ERR,ERR,ERR,ERR,ERR,ERR,ERR,ERR,ERR,ERR,ERR,ERR,ERR,ERR,ERR,ERR,ERR,ERR,ERR,ERR,ERR,ERR,ERR,ERR,ERR,ERR,ERR,ERR,ERR,ERR,ERR,ERR,ERR,ERR,ERR,ERR,ERR,ERR,ERR,ERR,ERR,ERR,ERR,ERR,ERR,ERR,ERR,ERR,ERR,ERR,-107615088.0,-0.0,2.7302262093000705e+23,0.0,1583378.125,-0.0,-3998347727732736.0,0.0,0,0,4,17427,7116,0.0,100,0.0,0.0,0.0,0.0,0.0,0,0,0,0,0.0,0,0,0,0,0,0,0,0,0,0,0,0,0,0,0,0,0,0,0,0,0,0,0,0,0,0,0,0,0,0,0,0,0,31,40,40,71,65476,0,300,0,0,8,21553,0.0,-107605600.0,0.0,0.0,0.0,0.0,0.0,0.0,0.0,0.0,0.0,0.0,0.0,0.0,0.0,0.0,0.0,0.0,0.0,0.0,0.0,0.0,2.004,2.004,0.0,0.0,0.0,0.0,0.0,0.0,5197.0,0.0,6914.0,-107615088.0,-0.0,2.004,2.004,0.0,0.0,0.0,0.0,69,0.0,4.066856302539784e+29,0.0,0.0,0.0,0.0,0.0,0.0,0.0,0,0,0,0.0,0.0,0.0,0.0,0.0,0.0,0.0,0.0,0.0,0.0,0.0,0.0,0.0,0.0,0.0,0.0,0,-107875648.0,69,0.0,138,0.0,2.012,ERR,ERR,ERR,ERR,ERR,ERR,ERR,ERR,ERR,ERR,ERR,ERR,ERR,ERR,ERR,ERR,ERR,ERR,ERR,ERR,ERR,ERR,ERR,ERR,ERR,ERR,ERR,ERR,ERR,ERR,ERR,ERR,ERR,ERR,ERR,ERR,ERR,ERR,ERR,ERR,ERR,ERR,ERR,ERR,ERR,ERR,ERR,ERR,ERR,ERR,ERR,ERR,ERR,ERR,ERR,ERR,ERR,ERR,ERR,ERR,ERR,ERR,ERR,ERR,ERR,ERR,ERR,60.0,60.0,35,0.0,0.0,0.0,0.0,0.0,0.0,0.0,0.0,0.0,0.0,0.0,0.0,0.0,0.0,0.0,0.0,65.2,0,118,57,43,65476,0,300,0,0,8,20529,65476,0,0,2621,60.0,0.0,0.0,0.0,0.0,0.0
2026-07-09T15:20:04,ERR,ERR,ERR,ERR,ERR,ERR,ERR,ERR,ERR,ERR,ERR,ERR,ERR,ERR,ERR,ERR,ERR,ERR,ERR,ERR,ERR,ERR,ERR,ERR,ERR,ERR,ERR,ERR,ERR,ERR,ERR,ERR,ERR,ERR,ERR,ERR,ERR,ERR,ERR,ERR,ERR,ERR,ERR,ERR,ERR,ERR,ERR,ERR,ERR,ERR,ERR,ERR,ERR,ERR,ERR,ERR,ERR,ERR,ERR,ERR,ERR,ERR,ERR,ERR,ERR,ERR,ERR,ERR,ERR,ERR,ERR,ERR,ERR,ERR,ERR,ERR,ERR,ERR,ERR,ERR,ERR,ERR,ERR,ERR,ERR,ERR,ERR,ERR,ERR,ERR,ERR,ERR,ERR,ERR,ERR,ERR,ERR,ERR,ERR,ERR,ERR,ERR,ERR,ERR,ERR,ERR,ERR,ERR,ERR,ERR,ERR,ERR,ERR,ERR,ERR,ERR,ERR,ERR,ERR,ERR,ERR,ERR,ERR,ERR,ERR,-107615088.0,-0.0,2.7302262093000705e+23,0.0,1583378.125,-0.0,-3998347727732736.0,0.0,0,0,4,17427,7116,0.0,100,0.0,0.0,0.0,0.0,0.0,0,0,0,0,0.0,0,0,0,0,0,0,0,0,0,0,0,0,0,0,0,0,0,0,0,0,0,0,0,0,0,0,0,0,0,0,0,0,0,31,40,40,71,65476,0,300,0,0,8,21553,0.0,-107605600.0,0.0,0.0,0.0,0.0,0.0,0.0,0.0,0.0,0.0,0.0,0.0,0.0,0.0,0.0,0.0,0.0,0.0,0.0,0.0,0.0,2.004,2.004,0.0,0.0,0.0,0.0,0.0,0.0,5197.0,0.0,6914.0,-107615088.0,-0.0,2.004,2.004,0.0,0.0,0.0,0.0,69,0.0,4.066856302539784e+29,0.0,0.0,0.0,0.0,0.0,0.0,0.0,0,0,0,0.0,0.0,0.0,0.0,0.0,0.0,0.0,0.0,0.0,0.0,0.0,0.0,0.0,0.0,0.0,0.0,0,-107875648.0,69,0.0,138,0.0,2.012,ERR,ERR,ERR,ERR,ERR,ERR,ERR,ERR,ERR,ERR,ERR,ERR,ERR,ERR,ERR,ERR,ERR,ERR,ERR,ERR,ERR,ERR,ERR,ERR,ERR,ERR,ERR,ERR,ERR,ERR,ERR,ERR,ERR,ERR,ERR,ERR,ERR,ERR,ERR,ERR,ERR,ERR,ERR,ERR,ERR,ERR,ERR,ERR,ERR,ERR,ERR,ERR,ERR,ERR,ERR,ERR,ERR,ERR,ERR,ERR,ERR,ERR,ERR,ERR,ERR,ERR,ERR,60.0,60.0,35,0.0,0.0,0.0,0.0,0.0,0.0,0.0,0.0,0.0,0.0,0.0,0.0,0.0,0.0,0.0,0.0,65.2,0,118,57,43,65476,0,300,0,0,8,20529,65476,0,0,2621,60.0,0.0,0.0,0.0,0.0,0.0
2026-07-09T15:20:05,ERR,ERR,ERR,ERR,ERR,ERR,ERR,ERR,ERR,ERR,ERR,ERR,ERR,ERR,ERR,ERR,ERR,ERR,ERR,ERR,ERR,ERR,ERR,ERR,ERR,ERR,ERR,ERR,ERR,ERR,ERR,ERR,ERR,ERR,ERR,ERR,ERR,ERR,ERR,ERR,ERR,ERR,ERR,ERR,ERR,ERR,ERR,ERR,ERR,ERR,ERR,ERR,ERR,ERR,ERR,ERR,ERR,ERR,ERR,ERR,ERR,ERR,ERR,ERR,ERR,ERR,ERR,ERR,ERR,ERR,ERR,ERR,ERR,ERR,ERR,ERR,ERR,ERR,ERR,ERR,ERR,ERR,ERR,ERR,ERR,ERR,ERR,ERR,ERR,ERR,ERR,ERR,ERR,ERR,ERR,ERR,ERR,ERR,ERR,ERR,ERR,ERR,ERR,ERR,ERR,ERR,ERR,ERR,ERR,ERR,ERR,ERR,ERR,ERR,ERR,ERR,ERR,ERR,ERR,ERR,ERR,ERR,ERR,ERR,ERR,-107615088.0,-0.0,2.7302262093000705e+23,0.0,1583378.125,-0.0,-3998347727732736.0,0.0,0,0,4,17427,7116,0.0,100,0.0,0.0,0.0,0.0,0.0,0,0,0,0,0.0,0,0,0,0,0,0,0,0,0,0,0,0,0,0,0,0,0,0,0,0,0,0,0,0,0,0,0,0,0,0,0,0,0,31,40,40,71,65476,0,300,0,0,8,21553,0.0,-107605600.0,0.0,0.0,0.0,0.0,0.0,0.0,0.0,0.0,0.0,0.0,0.0,0.0,0.0,0.0,0.0,0.0,0.0,0.0,0.0,0.0,2.004,2.004,0.0,0.0,0.0,0.0,0.0,0.0,5197.0,0.0,6914.0,-107615088.0,-0.0,2.004,2.004,0.0,0.0,0.0,0.0,69,0.0,4.066856302539784e+29,0.0,0.0,0.0,0.0,0.0,0.0,0.0,0,0,0,0.0,0.0,0.0,0.0,0.0,0.0,0.0,0.0,0.0,0.0,0.0,0.0,0.0,0.0,0.0,0.0,0,-107875648.0,69,0.0,138,0.0,2.012,ERR,ERR,ERR,ERR,ERR,ERR,ERR,ERR,ERR,ERR,ERR,ERR,ERR,ERR,ERR,ERR,ERR,ERR,ERR,ERR,ERR,ERR,ERR,ERR,ERR,ERR,ERR,ERR,ERR,ERR,ERR,ERR,ERR,ERR,ERR,ERR,ERR,ERR,ERR,ERR,ERR,ERR,ERR,ERR,ERR,ERR,ERR,ERR,ERR,ERR,ERR,ERR,ERR,ERR,ERR,ERR,ERR,ERR,ERR,ERR,ERR,ERR,ERR,ERR,ERR,ERR,ERR,60.0,60.0,35,0.0,0.0,0.0,0.0,0.0,0.0,0.0,0.0,0.0,0.0,0.0,0.0,0.0,0.0,0.0,0.0,65.2,0,118,57,43,65476,0,300,0,0,8,20529,65476,0,0,2621,60.0,0.0,0.0,0.0,0.0,0.0
2026-07-09T15:20:06,ERR,ERR,ERR,ERR,ERR,ERR,ERR,ERR,ERR,ERR,ERR,ERR,ERR,ERR,ERR,ERR,ERR,ERR,ERR,ERR,ERR,ERR,ERR,ERR,ERR,ERR,ERR,ERR,ERR,ERR,ERR,ERR,ERR,ERR,ERR,ERR,ERR,ERR,ERR,ERR,ERR,ERR,ERR,ERR,ERR,ERR,ERR,ERR,ERR,ERR,ERR,ERR,ERR,ERR,ERR,ERR,ERR,ERR,ERR,ERR,ERR,ERR,ERR,ERR,ERR,ERR,ERR,ERR,ERR,ERR,ERR,ERR,ERR,ERR,ERR,ERR,ERR,ERR,ERR,ERR,ERR,ERR,ERR,ERR,ERR,ERR,ERR,ERR,ERR,ERR,ERR,ERR,ERR,ERR,ERR,ERR,ERR,ERR,ERR,ERR,ERR,ERR,ERR,ERR,ERR,ERR,ERR,ERR,ERR,ERR,ERR,ERR,ERR,ERR,ERR,ERR,ERR,ERR,ERR,ERR,ERR,ERR,ERR,ERR,ERR,0.0,-0.0,0.0,2.718366610185338e+23,-0.0,-0.0,-29028577280.0,-0.0,0,0,4,17429,7116,0.0,100,0.0,0.0,2.718366610185338e+23,0.0,0.0,0,0,0,0,0.0,0,0,0,0,0,0,0,0,0,0,0,0,0,0,0,0,0,0,0,0,0,0,0,0,0,0,0,0,0,0,0,0,0,31,40,40,71,65476,0,300,0,0,8,21553,0.0,-107605600.0,0.0,0.0,0.0,0.0,0.0,0.0,0.0,0.0,0.0,0.0,0.0,0.0,0.0,0.0,0.0,0.0,0.0,0.0,0.0,0.0,-0.0,2.004,0.0,0.0,0.0,0.0,0.0,0.0,5167.0,-1.5879302975875728e+29,6943.0,0.0,-0.0,2.004,2.004,0.0,0.0,0.0,0.0,69,0.059,126840594432.0,0.0,0.0,0.0,0.0,0.0,0.0,0.0,0,0,0,0.0,0.0,0.0,0.0,0.0,0.0,0.0,0.0,0.0,0.0,0.0,0.0,0.0,0.0,0.0,0.0,0,-107875648.0,69,0.0,138,0.0,2.012,ERR,ERR,ERR,ERR,ERR,ERR,ERR,ERR,ERR,ERR,ERR,ERR,ERR,ERR,ERR,ERR,ERR,ERR,ERR,ERR,ERR,ERR,ERR,ERR,ERR,ERR,ERR,ERR,ERR,ERR,ERR,ERR,ERR,ERR,ERR,ERR,ERR,ERR,ERR,ERR,ERR,ERR,ERR,ERR,ERR,ERR,ERR,ERR,ERR,ERR,ERR,ERR,ERR,ERR,ERR,ERR,ERR,ERR,ERR,ERR,ERR,ERR,ERR,ERR,ERR,ERR,ERR,60.0,60.0,35,0.0,0.0,0.0,0.0,0.0,0.0,0.0,0.0,0.0,0.0,0.0,0.0,0.0,0.0,0.0,0.0,65.2,0,118,57,43,65476,0,300,0,0,8,20529,65476,0,0,2621,60.0,0.0,0.0,0.0,0.0,0.0
2026-07-09T15:20:07,ERR,ERR,ERR,ERR,ERR,ERR,ERR,ERR,ERR,ERR,ERR,ERR,ERR,ERR,ERR,ERR,ERR,ERR,ERR,ERR,ERR,ERR,ERR,ERR,ERR,ERR,ERR,ERR,ERR,ERR,ERR,ERR,ERR,ERR,ERR,ERR,ERR,ERR,ERR,ERR,ERR,ERR,ERR,ERR,ERR,ERR,ERR,ERR,ERR,ERR,ERR,ERR,ERR,ERR,ERR,ERR,ERR,ERR,ERR,ERR,ERR,ERR,ERR,ERR,ERR,ERR,ERR,ERR,ERR,ERR,ERR,ERR,ERR,ERR,ERR,ERR,ERR,ERR,ERR,ERR,ERR,ERR,ERR,ERR,ERR,ERR,ERR,ERR,ERR,ERR,ERR,ERR,ERR,ERR,ERR,ERR,ERR,ERR,ERR,ERR,ERR,ERR,ERR,ERR,ERR,ERR,ERR,ERR,ERR,ERR,ERR,ERR,ERR,ERR,ERR,ERR,ERR,ERR,ERR,ERR,ERR,ERR,ERR,ERR,ERR,0.0,-0.0,0.0,2.718366610185338e+23,-0.0,-0.0,-29028577280.0,-0.0,0,0,4,17429,7116,0.0,100,0.0,0.0,2.718366610185338e+23,0.0,0.0,0,0,0,0,0.0,0,0,0,0,0,0,0,0,0,0,0,0,0,0,0,0,0,0,0,0,0,0,0,0,0,0,0,0,0,0,0,0,0,31,40,40,71,65476,0,300,0,0,8,21553,0.0,-107605600.0,0.0,0.0,0.0,0.0,0.0,0.0,0.0,0.0,0.0,0.0,0.0,0.0,0.0,0.0,0.0,0.0,0.0,0.0,0.0,0.0,-0.0,2.004,0.0,0.0,0.0,0.0,0.0,0.0,5167.0,-1.5879302975875728e+29,6943.0,0.0,-0.0,2.004,2.004,0.0,0.0,0.0,0.0,69,0.059,126840594432.0,0.0,0.0,0.0,0.0,0.0,0.0,0.0,0,0,0,0.0,0.0,0.0,0.0,0.0,0.0,0.0,0.0,0.0,0.0,0.0,0.0,0.0,0.0,0.0,0.0,0,-107875648.0,69,0.0,138,0.0,2.012,ERR,ERR,ERR,ERR,ERR,ERR,ERR,ERR,ERR,ERR,ERR,ERR,ERR,ERR,ERR,ERR,ERR,ERR,ERR,ERR,ERR,ERR,ERR,ERR,ERR,ERR,ERR,ERR,ERR,ERR,ERR,ERR,ERR,ERR,ERR,ERR,ERR,ERR,ERR,ERR,ERR,ERR,ERR,ERR,ERR,ERR,ERR,ERR,ERR,ERR,ERR,ERR,ERR,ERR,ERR,ERR,ERR,ERR,ERR,ERR,ERR,ERR,ERR,ERR,ERR,ERR,ERR,60.0,60.0,35,0.0,0.0,0.0,0.0,0.0,0.0,0.0,0.0,0.0,0.0,0.0,0.0,0.0,0.0,0.0,0.0,65.2,0,118,57,43,65476,0,300,0,0,8,20529,65476,0,0,2621,60.0,0.0,0.0,0.0,0.0,0.0
2026-07-09T15:20:08,ERR,ERR,ERR,ERR,ERR,ERR,ERR,ERR,ERR,ERR,ERR,ERR,ERR,ERR,ERR,ERR,ERR,ERR,ERR,ERR,ERR,ERR,ERR,ERR,ERR,ERR,ERR,ERR,ERR,ERR,ERR,ERR,ERR,ERR,ERR,ERR,ERR,ERR,ERR,ERR,ERR,ERR,ERR,ERR,ERR,ERR,ERR,ERR,ERR,ERR,ERR,ERR,ERR,ERR,ERR,ERR,ERR,ERR,ERR,ERR,ERR,ERR,ERR,ERR,ERR,ERR,ERR,ERR,ERR,ERR,ERR,ERR,ERR,ERR,ERR,ERR,ERR,ERR,ERR,ERR,ERR,ERR,ERR,ERR,ERR,ERR,ERR,ERR,ERR,ERR,ERR,ERR,ERR,ERR,ERR,ERR,ERR,ERR,ERR,ERR,ERR,ERR,ERR,ERR,ERR,ERR,ERR,ERR,ERR,ERR,ERR,ERR,ERR,ERR,ERR,ERR,ERR,ERR,ERR,ERR,ERR,ERR,ERR,ERR,ERR,0.0,-0.0,0.0,2.718366610185338e+23,-0.0,-0.0,-29028577280.0,-0.0,0,0,4,17429,7116,0.0,100,0.0,0.0,2.718366610185338e+23,0.0,0.0,0,0,0,0,0.0,0,0,0,0,0,0,0,0,0,0,0,0,0,0,0,0,0,0,0,0,0,0,0,0,0,0,0,0,0,0,0,0,0,31,40,40,71,65476,0,300,0,0,8,21553,0.0,-107605600.0,0.0,0.0,0.0,0.0,0.0,0.0,0.0,0.0,0.0,0.0,0.0,0.0,0.0,0.0,0.0,0.0,0.0,0.0,0.0,0.0,-0.0,2.004,0.0,0.0,0.0,0.0,0.0,0.0,5167.0,-1.5879302975875728e+29,6943.0,0.0,-0.0,2.004,2.004,0.0,0.0,0.0,0.0,69,0.059,126840594432.0,0.0,0.0,0.0,0.0,0.0,0.0,0.0,0,0,0,0.0,0.0,0.0,0.0,0.0,0.0,0.0,0.0,0.0,0.0,0.0,0.0,0.0,0.0,0.0,0.0,0,-107875648.0,69,0.0,138,0.0,2.012,ERR,ERR,ERR,ERR,ERR,ERR,ERR,ERR,ERR,ERR,ERR,ERR,ERR,ERR,ERR,ERR,ERR,ERR,ERR,ERR,ERR,ERR,ERR,ERR,ERR,ERR,ERR,ERR,ERR,ERR,ERR,ERR,ERR,ERR,ERR,ERR,ERR,ERR,ERR,ERR,ERR,ERR,ERR,ERR,ERR,ERR,ERR,ERR,ERR,ERR,ERR,ERR,ERR,ERR,ERR,ERR,ERR,ERR,ERR,ERR,ERR,ERR,ERR,ERR,ERR,ERR,ERR,60.0,60.0,35,0.0,0.0,0.0,0.0,0.0,0.0,0.0,0.0,0.0,0.0,0.0,0.0,0.0,0.0,0.0,0.0,65.2,0,118,57,43,65476,0,300,0,0,8,20529,65476,0,0,2621,60.0,0.0,0.0,0.0,0.0,0.0
2026-07-09T15:20:09,ERR,ERR,ERR,ERR,ERR,ERR,ERR,ERR,ERR,ERR,ERR,ERR,ERR,ERR,ERR,ERR,ERR,ERR,ERR,ERR,ERR,ERR,ERR,ERR,ERR,ERR,ERR,ERR,ERR,ERR,ERR,ERR,ERR,ERR,ERR,ERR,ERR,ERR,ERR,ERR,ERR,ERR,ERR,ERR,ERR,ERR,ERR,ERR,ERR,ERR,ERR,ERR,ERR,ERR,ERR,ERR,ERR,ERR,ERR,ERR,ERR,ERR,ERR,ERR,ERR,ERR,ERR,ERR,ERR,ERR,ERR,ERR,ERR,ERR,ERR,ERR,ERR,ERR,ERR,ERR,ERR,ERR,ERR,ERR,ERR,ERR,ERR,ERR,ERR,ERR,ERR,ERR,ERR,ERR,ERR,ERR,ERR,ERR,ERR,ERR,ERR,ERR,ERR,ERR,ERR,ERR,ERR,ERR,ERR,ERR,ERR,ERR,ERR,ERR,ERR,ERR,ERR,ERR,ERR,ERR,ERR,ERR,ERR,ERR,ERR,0.0,-0.0,0.0,2.718366610185338e+23,-0.0,-0.0,-29028577280.0,-0.0,0,0,4,17429,7116,0.0,100,0.0,0.0,2.718366610185338e+23,0.0,0.0,0,0,0,0,0.0,0,0,0,0,0,0,0,0,0,0,0,0,0,0,0,0,0,0,0,0,0,0,0,0,0,0,0,0,0,0,0,0,0,31,40,40,71,65476,0,300,0,0,8,21553,0.0,-107605600.0,0.0,0.0,0.0,0.0,0.0,0.0,0.0,0.0,0.0,0.0,0.0,0.0,0.0,0.0,0.0,0.0,0.0,0.0,0.0,0.0,-0.0,2.004,0.0,0.0,0.0,0.0,0.0,0.0,5167.0,-1.5879302975875728e+29,6943.0,0.0,-0.0,2.004,2.004,0.0,0.0,0.0,0.0,69,0.059,126840594432.0,0.0,0.0,0.0,0.0,0.0,0.0,0.0,0,0,0,0.0,0.0,0.0,0.0,0.0,0.0,0.0,0.0,0.0,0.0,0.0,0.0,0.0,0.0,0.0,0.0,0,-107875648.0,69,0.0,138,0.0,2.012,ERR,ERR,ERR,ERR,ERR,ERR,ERR,ERR,ERR,ERR,ERR,ERR,ERR,ERR,ERR,ERR,ERR,ERR,ERR,ERR,ERR,ERR,ERR,ERR,ERR,ERR,ERR,ERR,ERR,ERR,ERR,ERR,ERR,ERR,ERR,ERR,ERR,ERR,ERR,ERR,ERR,ERR,ERR,ERR,ERR,ERR,ERR,ERR,ERR,ERR,ERR,ERR,ERR,ERR,ERR,ERR,ERR,ERR,ERR,ERR,ERR,ERR,ERR,ERR,ERR,ERR,ERR,60.0,60.0,35,0.0,0.0,0.0,0.0,0.0,0.0,0.0,0.0,0.0,0.0,0.0,0.0,0.0,0.0,0.0,0.0,65.2,0,118,57,43,65476,0,300,0,0,8,20529,65476,0,0,2621,60.0,0.0,0.0,0.0,0.0,0.0
2026-07-09T15:20:10,ERR,ERR,ERR,ERR,ERR,ERR,ERR,ERR,ERR,ERR,ERR,ERR,ERR,ERR,ERR,ERR,ERR,ERR,ERR,ERR,ERR,ERR,ERR,ERR,ERR,ERR,ERR,ERR,ERR,ERR,ERR,ERR,ERR,ERR,ERR,ERR,ERR,ERR,ERR,ERR,ERR,ERR,ERR,ERR,ERR,ERR,ERR,ERR,ERR,ERR,ERR,ERR,ERR,ERR,ERR,ERR,ERR,ERR,ERR,ERR,ERR,ERR,ERR,ERR,ERR,ERR,ERR,ERR,ERR,ERR,ERR,ERR,ERR,ERR,ERR,ERR,ERR,ERR,ERR,ERR,ERR,ERR,ERR,ERR,ERR,ERR,ERR,ERR,ERR,ERR,ERR,ERR,ERR,ERR,ERR,ERR,ERR,ERR,ERR,ERR,ERR,ERR,ERR,ERR,ERR,ERR,ERR,ERR,ERR,ERR,ERR,ERR,ERR,ERR,ERR,ERR,ERR,ERR,ERR,ERR,ERR,ERR,ERR,ERR,ERR,0.0,-0.0,0.0,2.718366610185338e+23,-0.0,-0.0,-29028577280.0,-0.0,0,0,4,17429,7116,0.0,100,0.0,0.0,2.718366610185338e+23,0.0,0.0,0,0,0,0,0.0,0,0,0,0,0,0,0,0,0,0,0,0,0,0,0,0,0,0,0,0,0,0,0,0,0,0,0,0,0,0,0,0,0,31,40,40,71,65476,0,300,0,0,8,21553,0.0,-107605600.0,0.0,0.0,0.0,0.0,0.0,0.0,0.0,0.0,0.0,0.0,0.0,0.0,0.0,0.0,0.0,0.0,0.0,0.0,0.0,0.0,-0.0,2.004,0.0,0.0,0.0,0.0,0.0,0.0,5167.0,-1.5879302975875728e+29,6943.0,0.0,-0.0,2.004,2.004,0.0,0.0,0.0,0.0,69,0.059,126840594432.0,0.0,0.0,0.0,0.0,0.0,0.0,0.0,0,0,0,0.0,0.0,0.0,0.0,0.0,0.0,0.0,0.0,0.0,0.0,0.0,0.0,0.0,0.0,0.0,0.0,0,-107875648.0,69,0.0,138,0.0,2.012,ERR,ERR,ERR,ERR,ERR,ERR,ERR,ERR,ERR,ERR,ERR,ERR,ERR,ERR,ERR,ERR,ERR,ERR,ERR,ERR,ERR,ERR,ERR,ERR,ERR,ERR,ERR,ERR,ERR,ERR,ERR,ERR,ERR,ERR,ERR,ERR,ERR,ERR,ERR,ERR,ERR,ERR,ERR,ERR,ERR,ERR,ERR,ERR,ERR,ERR,ERR,ERR,ERR,ERR,ERR,ERR,ERR,ERR,ERR,ERR,ERR,ERR,ERR,ERR,ERR,ERR,ERR,60.0,60.0,35,0.0,0.0,0.0,0.0,0.0,0.0,0.0,0.0,0.0,0.0,0.0,0.0,0.0,0.0,0.0,0.0,65.2,0,118,57,43,65476,0,300,0,0,8,20529,65476,0,0,2621,60.0,0.0,0.0,0.0,0.0,0.0
2026-07-09T15:20:11,ERR,ERR,ERR,ERR,ERR,ERR,ERR,ERR,ERR,ERR,ERR,ERR,ERR,ERR,ERR,ERR,ERR,ERR,ERR,ERR,ERR,ERR,ERR,ERR,ERR,ERR,ERR,ERR,ERR,ERR,ERR,ERR,ERR,ERR,ERR,ERR,ERR,ERR,ERR,ERR,ERR,ERR,ERR,ERR,ERR,ERR,ERR,ERR,ERR,ERR,ERR,ERR,ERR,ERR,ERR,ERR,ERR,ERR,ERR,ERR,ERR,ERR,ERR,ERR,ERR,ERR,ERR,ERR,ERR,ERR,ERR,ERR,ERR,ERR,ERR,ERR,ERR,ERR,ERR,ERR,ERR,ERR,ERR,ERR,ERR,ERR,ERR,ERR,ERR,ERR,ERR,ERR,ERR,ERR,ERR,ERR,ERR,ERR,ERR,ERR,ERR,ERR,ERR,ERR,ERR,ERR,ERR,ERR,ERR,ERR,ERR,ERR,ERR,ERR,ERR,ERR,ERR,ERR,ERR,ERR,ERR,ERR,ERR,ERR,ERR,0.0,-0.0,0.0,-0.0,71074343550976.0,-0.0,-5.500691059824394e+17,-33185552384.0,0,0,4,17428,7116,0.0,100,0.0,0.0,-0.0,0.0,0.0,0,0,0,0,0.0,0,0,0,0,0,0,0,0,0,0,0,0,0,0,0,0,0,0,0,0,0,0,0,0,0,0,0,0,0,0,0,0,0,31,40,40,71,65476,0,300,0,0,8,21553,0.0,-107605600.0,0.0,0.0,0.0,0.0,0.0,0.0,0.0,0.0,0.0,0.0,0.0,0.0,0.0,0.0,0.0,0.0,0.0,0.0,0.0,0.0,-0.0,2.004,0.0,0.0,0.0,0.0,0.0,0.0,5168.0,-1.0406659998269917e+34,6943.0,-0.0,-0.0,2.004,2.004,0.0,0.0,0.0,0.0,69,0.059,126840594432.0,0.0,0.0,0.0,0.0,0.0,0.0,0.0,0,0,0,0.0,0.0,0.0,0.0,0.0,0.0,0.0,0.0,0.0,0.0,0.0,0.0,0.0,0.0,0.0,0.0,0,-107875648.0,69,0.0,138,0.0,2.012,ERR,ERR,ERR,ERR,ERR,ERR,ERR,ERR,ERR,ERR,ERR,ERR,ERR,ERR,ERR,ERR,ERR,ERR,ERR,ERR,ERR,ERR,ERR,ERR,ERR,ERR,ERR,ERR,ERR,ERR,ERR,ERR,ERR,ERR,ERR,ERR,ERR,ERR,ERR,ERR,ERR,ERR,ERR,ERR,ERR,ERR,ERR,ERR,ERR,ERR,ERR,ERR,ERR,ERR,ERR,ERR,ERR,ERR,ERR,ERR,ERR,ERR,ERR,ERR,ERR,ERR,ERR,60.0,60.0,35,0.0,0.0,0.0,0.0,0.0,0.0,0.0,0.0,0.0,0.0,0.0,0.0,0.0,0.0,0.0,0.0,65.2,0,118,57,43,65476,0,300,0,0,8,20529,65476,0,0,2621,60.0,0.0,0.0,0.0,0.0,0.0
2026-07-09T15:20:12,ERR,ERR,ERR,ERR,ERR,ERR,ERR,ERR,ERR,ERR,ERR,ERR,ERR,ERR,ERR,ERR,ERR,ERR,ERR,ERR,ERR,ERR,ERR,ERR,ERR,ERR,ERR,ERR,ERR,ERR,ERR,ERR,ERR,ERR,ERR,ERR,ERR,ERR,ERR,ERR,ERR,ERR,ERR,ERR,ERR,ERR,ERR,ERR,ERR,ERR,ERR,ERR,ERR,ERR,ERR,ERR,ERR,ERR,ERR,ERR,ERR,ERR,ERR,ERR,ERR,ERR,ERR,ERR,ERR,ERR,ERR,ERR,ERR,ERR,ERR,ERR,ERR,ERR,ERR,ERR,ERR,ERR,ERR,ERR,ERR,ERR,ERR,ERR,ERR,ERR,ERR,ERR,ERR,ERR,ERR,ERR,ERR,ERR,ERR,ERR,ERR,ERR,ERR,ERR,ERR,ERR,ERR,ERR,ERR,ERR,ERR,ERR,ERR,ERR,ERR,ERR,ERR,ERR,ERR,ERR,ERR,ERR,ERR,ERR,ERR,0.0,-0.0,0.0,-0.0,71074343550976.0,-0.0,-5.500691059824394e+17,-33185552384.0,0,0,4,17428,7116,0.0,100,0.0,0.0,-0.0,0.0,0.0,0,0,0,0,0.0,0,0,0,0,0,0,0,0,0,0,0,0,0,0,0,0,0,0,0,0,0,0,0,0,0,0,0,0,0,0,0,0,0,31,40,40,71,65476,0,300,0,0,8,21553,0.0,-107605600.0,0.0,0.0,0.0,0.0,0.0,0.0,0.0,0.0,0.0,0.0,0.0,0.0,0.0,0.0,0.0,0.0,0.0,0.0,0.0,0.0,-0.0,2.004,0.0,0.0,0.0,0.0,0.0,0.0,5168.0,-1.0406659998269917e+34,6943.0,-0.0,-0.0,2.004,2.004,0.0,0.0,0.0,0.0,69,0.059,126840594432.0,0.0,0.0,0.0,0.0,0.0,0.0,0.0,0,0,0,0.0,0.0,0.0,0.0,0.0,0.0,0.0,0.0,0.0,0.0,0.0,0.0,0.0,0.0,0.0,0.0,0,-107875648.0,69,0.0,138,0.0,2.012,ERR,ERR,ERR,ERR,ERR,ERR,ERR,ERR,ERR,ERR,ERR,ERR,ERR,ERR,ERR,ERR,ERR,ERR,ERR,ERR,ERR,ERR,ERR,ERR,ERR,ERR,ERR,ERR,ERR,ERR,ERR,ERR,ERR,ERR,ERR,ERR,ERR,ERR,ERR,ERR,ERR,ERR,ERR,ERR,ERR,ERR,ERR,ERR,ERR,ERR,ERR,ERR,ERR,ERR,ERR,ERR,ERR,ERR,ERR,ERR,ERR,ERR,ERR,ERR,ERR,ERR,ERR,60.0,60.0,35,0.0,0.0,0.0,0.0,0.0,0.0,0.0,0.0,0.0,0.0,0.0,0.0,0.0,0.0,0.0,0.0,65.2,0,118,57,43,65476,0,300,0,0,8,20529,65476,0,0,2621,60.0,0.0,0.0,0.0,0.0,0.0
2026-07-09T15:20:13,ERR,ERR,ERR,ERR,ERR,ERR,ERR,ERR,ERR,ERR,ERR,ERR,ERR,ERR,ERR,ERR,ERR,ERR,ERR,ERR,ERR,ERR,ERR,ERR,ERR,ERR,ERR,ERR,ERR,ERR,ERR,ERR,ERR,ERR,ERR,ERR,ERR,ERR,ERR,ERR,ERR,ERR,ERR,ERR,ERR,ERR,ERR,ERR,ERR,ERR,ERR,ERR,ERR,ERR,ERR,ERR,ERR,ERR,ERR,ERR,ERR,ERR,ERR,ERR,ERR,ERR,ERR,ERR,ERR,ERR,ERR,ERR,ERR,ERR,ERR,ERR,ERR,ERR,ERR,ERR,ERR,ERR,ERR,ERR,ERR,ERR,ERR,ERR,ERR,ERR,ERR,ERR,ERR,ERR,ERR,ERR,ERR,ERR,ERR,ERR,ERR,ERR,ERR,ERR,ERR,ERR,ERR,ERR,ERR,ERR,ERR,ERR,ERR,ERR,ERR,ERR,ERR,ERR,ERR,ERR,ERR,ERR,ERR,ERR,ERR,0.0,-0.0,0.0,-0.0,71074343550976.0,-0.0,-5.500691059824394e+17,-33185552384.0,0,0,4,17428,7116,0.0,100,0.0,0.0,-0.0,0.0,0.0,0,0,0,0,0.0,0,0,0,0,0,0,0,0,0,0,0,0,0,0,0,0,0,0,0,0,0,0,0,0,0,0,0,0,0,0,0,0,0,31,40,40,71,65476,0,300,0,0,8,21553,0.0,-107605600.0,0.0,0.0,0.0,0.0,0.0,0.0,0.0,0.0,0.0,0.0,0.0,0.0,0.0,0.0,0.0,0.0,0.0,0.0,0.0,0.0,-0.0,2.004,0.0,0.0,0.0,0.0,0.0,0.0,5168.0,-1.0406659998269917e+34,6943.0,-0.0,-0.0,2.004,2.004,0.0,0.0,0.0,0.0,69,0.059,126840594432.0,0.0,0.0,0.0,0.0,0.0,0.0,0.0,0,0,0,0.0,0.0,0.0,0.0,0.0,0.0,0.0,0.0,0.0,0.0,0.0,0.0,0.0,0.0,0.0,0.0,0,-107875648.0,69,0.0,138,0.0,2.012,ERR,ERR,ERR,ERR,ERR,ERR,ERR,ERR,ERR,ERR,ERR,ERR,ERR,ERR,ERR,ERR,ERR,ERR,ERR,ERR,ERR,ERR,ERR,ERR,ERR,ERR,ERR,ERR,ERR,ERR,ERR,ERR,ERR,ERR,ERR,ERR,ERR,ERR,ERR,ERR,ERR,ERR,ERR,ERR,ERR,ERR,ERR,ERR,ERR,ERR,ERR,ERR,ERR,ERR,ERR,ERR,ERR,ERR,ERR,ERR,ERR,ERR,ERR,ERR,ERR,ERR,ERR,60.0,60.0,35,0.0,0.0,0.0,0.0,0.0,0.0,0.0,0.0,0.0,0.0,0.0,0.0,0.0,0.0,0.0,0.0,65.2,0,118,57,43,65476,0,300,0,0,8,20529,65476,0,0,2621,60.0,0.0,0.0,0.0,0.0,0.0
2026-07-09T15:20:14,ERR,ERR,ERR,ERR,ERR,ERR,ERR,ERR,ERR,ERR,ERR,ERR,ERR,ERR,ERR,ERR,ERR,ERR,ERR,ERR,ERR,ERR,ERR,ERR,ERR,ERR,ERR,ERR,ERR,ERR,ERR,ERR,ERR,ERR,ERR,ERR,ERR,ERR,ERR,ERR,ERR,ERR,ERR,ERR,ERR,ERR,ERR,ERR,ERR,ERR,ERR,ERR,ERR,ERR,ERR,ERR,ERR,ERR,ERR,ERR,ERR,ERR,ERR,ERR,ERR,ERR,ERR,ERR,ERR,ERR,ERR,ERR,ERR,ERR,ERR,ERR,ERR,ERR,ERR,ERR,ERR,ERR,ERR,ERR,ERR,ERR,ERR,ERR,ERR,ERR,ERR,ERR,ERR,ERR,ERR,ERR,ERR,ERR,ERR,ERR,ERR,ERR,ERR,ERR,ERR,ERR,ERR,ERR,ERR,ERR,ERR,ERR,ERR,ERR,ERR,ERR,ERR,ERR,ERR,ERR,ERR,ERR,ERR,ERR,ERR,0.0,-0.0,0.0,-0.0,71074343550976.0,-0.0,-5.500691059824394e+17,-33185552384.0,0,0,4,17428,7116,0.0,100,0.0,0.0,-0.0,0.0,0.0,0,0,0,0,0.0,0,0,0,0,0,0,0,0,0,0,0,0,0,0,0,0,0,0,0,0,0,0,0,0,0,0,0,0,0,0,0,0,0,31,40,40,71,65476,0,300,0,0,8,21553,0.0,-107605600.0,0.0,0.0,0.0,0.0,0.0,0.0,0.0,0.0,0.0,0.0,0.0,0.0,0.0,0.0,0.0,0.0,0.0,0.0,0.0,0.0,-0.0,2.004,0.0,0.0,0.0,0.0,0.0,0.0,5168.0,-1.0406659998269917e+34,6943.0,-0.0,-0.0,2.004,2.004,0.0,0.0,0.0,0.0,69,0.059,126840594432.0,0.0,0.0,0.0,0.0,0.0,0.0,0.0,0,0,0,0.0,0.0,0.0,0.0,0.0,0.0,0.0,0.0,0.0,0.0,0.0,0.0,0.0,0.0,0.0,0.0,0,-107875648.0,69,0.0,138,0.0,2.012,ERR,ERR,ERR,ERR,ERR,ERR,ERR,ERR,ERR,ERR,ERR,ERR,ERR,ERR,ERR,ERR,ERR,ERR,ERR,ERR,ERR,ERR,ERR,ERR,ERR,ERR,ERR,ERR,ERR,ERR,ERR,ERR,ERR,ERR,ERR,ERR,ERR,ERR,ERR,ERR,ERR,ERR,ERR,ERR,ERR,ERR,ERR,ERR,ERR,ERR,ERR,ERR,ERR,ERR,ERR,ERR,ERR,ERR,ERR,ERR,ERR,ERR,ERR,ERR,ERR,ERR,ERR,60.0,60.0,35,0.0,0.0,0.0,0.0,0.0,0.0,0.0,0.0,0.0,0.0,0.0,0.0,0.0,0.0,0.0,0.0,65.2,0,118,57,43,65476,0,300,0,0,8,20529,65476,0,0,2621,60.0,0.0,0.0,0.0,0.0,0.0
2026-07-09T15:20:15,ERR,ERR,ERR,ERR,ERR,ERR,ERR,ERR,ERR,ERR,ERR,ERR,ERR,ERR,ERR,ERR,ERR,ERR,ERR,ERR,ERR,ERR,ERR,ERR,ERR,ERR,ERR,ERR,ERR,ERR,ERR,ERR,ERR,ERR,ERR,ERR,ERR,ERR,ERR,ERR,ERR,ERR,ERR,ERR,ERR,ERR,ERR,ERR,ERR,ERR,ERR,ERR,ERR,ERR,ERR,ERR,ERR,ERR,ERR,ERR,ERR,ERR,ERR,ERR,ERR,ERR,ERR,ERR,ERR,ERR,ERR,ERR,ERR,ERR,ERR,ERR,ERR,ERR,ERR,ERR,ERR,ERR,ERR,ERR,ERR,ERR,ERR,ERR,ERR,ERR,ERR,ERR,ERR,ERR,ERR,ERR,ERR,ERR,ERR,ERR,ERR,ERR,ERR,ERR,ERR,ERR,ERR,ERR,ERR,ERR,ERR,ERR,ERR,ERR,ERR,ERR,ERR,ERR,ERR,ERR,ERR,ERR,ERR,ERR,ERR,0.0,-0.0,0.0,-0.0,71074343550976.0,-0.0,-5.500691059824394e+17,-33185552384.0,0,0,4,17428,7116,0.0,100,0.0,0.0,-0.0,0.0,0.0,0,0,0,0,0.0,0,0,0,0,0,0,0,0,0,0,0,0,0,0,0,0,0,0,0,0,0,0,0,0,0,0,0,0,0,0,0,0,0,31,40,40,71,65476,0,300,0,0,8,21553,0.0,-107605600.0,0.0,0.0,0.0,0.0,0.0,0.0,0.0,0.0,0.0,0.0,0.0,0.0,0.0,0.0,0.0,0.0,0.0,0.0,0.0,0.0,-0.0,2.004,0.0,0.0,0.0,0.0,0.0,0.0,5168.0,-1.0406659998269917e+34,6943.0,-0.0,-0.0,2.004,2.004,0.0,0.0,0.0,0.0,69,0.059,126840594432.0,0.0,0.0,0.0,0.0,0.0,0.0,0.0,0,0,0,0.0,0.0,0.0,0.0,0.0,0.0,0.0,0.0,0.0,0.0,0.0,0.0,0.0,0.0,0.0,0.0,0,-107875648.0,69,0.0,138,0.0,2.012,ERR,ERR,ERR,ERR,ERR,ERR,ERR,ERR,ERR,ERR,ERR,ERR,ERR,ERR,ERR,ERR,ERR,ERR,ERR,ERR,ERR,ERR,ERR,ERR,ERR,ERR,ERR,ERR,ERR,ERR,ERR,ERR,ERR,ERR,ERR,ERR,ERR,ERR,ERR,ERR,ERR,ERR,ERR,ERR,ERR,ERR,ERR,ERR,ERR,ERR,ERR,ERR,ERR,ERR,ERR,ERR,ERR,ERR,ERR,ERR,ERR,ERR,ERR,ERR,ERR,ERR,ERR,60.0,60.0,35,0.0,0.0,0.0,0.0,0.0,0.0,0.0,0.0,0.0,0.0,0.0,0.0,0.0,0.0,0.0,0.0,65.2,0,118,57,43,65476,0,300,0,0,8,20529,65476,0,0,2621,60.0,0.0,0.0,0.0,0.0,0.0
2026-07-09T15:20:16,ERR,ERR,ERR,ERR,ERR,ERR,ERR,ERR,ERR,ERR,ERR,ERR,ERR,ERR,ERR,ERR,ERR,ERR,ERR,ERR,ERR,ERR,ERR,ERR,ERR,ERR,ERR,ERR,ERR,ERR,ERR,ERR,ERR,ERR,ERR,ERR,ERR,ERR,ERR,ERR,ERR,ERR,ERR,ERR,ERR,ERR,ERR,ERR,ERR,ERR,ERR,ERR,ERR,ERR,ERR,ERR,ERR,ERR,ERR,ERR,ERR,ERR,ERR,ERR,ERR,ERR,ERR,ERR,ERR,ERR,ERR,ERR,ERR,ERR,ERR,ERR,ERR,ERR,ERR,ERR,ERR,ERR,ERR,ERR,ERR,ERR,ERR,ERR,ERR,ERR,ERR,ERR,ERR,ERR,ERR,ERR,ERR,ERR,ERR,ERR,ERR,ERR,ERR,ERR,ERR,ERR,ERR,ERR,ERR,ERR,ERR,ERR,ERR,ERR,ERR,ERR,ERR,ERR,ERR,ERR,ERR,ERR,ERR,ERR,ERR,-0.0,-0.0,-0.0,0.0,-3.004,-1794.054,-1.938508843956499e+25,0.0,0,0,4,17426,7116,0.0,100,0.0,0.0,0.0,0.0,0.0,0,0,0,0,0.0,0,0,0,0,0,0,0,0,0,0,0,0,0,0,0,0,0,0,0,0,0,0,0,0,0,0,0,0,0,0,0,0,0,31,40,40,71,65476,0,300,0,0,8,21553,0.0,-107605600.0,0.0,0.0,0.0,0.0,0.0,0.0,0.0,0.0,0.0,0.0,0.0,0.0,0.0,0.0,0.0,0.0,0.0,0.0,0.0,0.0,-2.004,2.004,0.0,0.0,0.0,0.0,0.0,0.0,5202.0,0.0,6913.0,0.0,-0.0,2.004,2.004,0.0,0.0,0.0,0.0,69,126840537088.0,2.7184186717970306e+23,0.0,0.0,0.0,0.0,0.0,0.0,0.0,0,0,0,0.0,0.0,0.0,0.0,0.0,0.0,0.0,0.0,0.0,0.0,0.0,0.0,0.0,0.0,0.0,0.0,0,-107875648.0,69,0.0,138,0.0,2.012,ERR,ERR,ERR,ERR,ERR,ERR,ERR,ERR,ERR,ERR,ERR,ERR,ERR,ERR,ERR,ERR,ERR,ERR,ERR,ERR,ERR,ERR,ERR,ERR,ERR,ERR,ERR,ERR,ERR,ERR,ERR,ERR,ERR,ERR,ERR,ERR,ERR,ERR,ERR,ERR,ERR,ERR,ERR,ERR,ERR,ERR,ERR,ERR,ERR,ERR,ERR,ERR,ERR,ERR,ERR,ERR,ERR,ERR,ERR,ERR,ERR,ERR,ERR,ERR,ERR,ERR,ERR,60.0,60.0,35,0.0,0.0,0.0,0.0,0.0,0.0,0.0,0.0,0.0,0.0,0.0,0.0,0.0,0.0,0.0,0.0,65.2,0,118,57,43,65476,0,300,0,0,8,20529,65476,0,0,2621,60.0,0.0,0.0,0.0,0.0,0.0
2026-07-09T15:20:17,ERR,ERR,ERR,ERR,ERR,ERR,ERR,ERR,ERR,ERR,ERR,ERR,ERR,ERR,ERR,ERR,ERR,ERR,ERR,ERR,ERR,ERR,ERR,ERR,ERR,ERR,ERR,ERR,ERR,ERR,ERR,ERR,ERR,ERR,ERR,ERR,ERR,ERR,ERR,ERR,ERR,ERR,ERR,ERR,ERR,ERR,ERR,ERR,ERR,ERR,ERR,ERR,ERR,ERR,ERR,ERR,ERR,ERR,ERR,ERR,ERR,ERR,ERR,ERR,ERR,ERR,ERR,ERR,ERR,ERR,ERR,ERR,ERR,ERR,ERR,ERR,ERR,ERR,ERR,ERR,ERR,ERR,ERR,ERR,ERR,ERR,ERR,ERR,ERR,ERR,ERR,ERR,ERR,ERR,ERR,ERR,ERR,ERR,ERR,ERR,ERR,ERR,ERR,ERR,ERR,ERR,ERR,ERR,ERR,ERR,ERR,ERR,ERR,ERR,ERR,ERR,ERR,ERR,ERR,ERR,ERR,ERR,ERR,ERR,ERR,-0.0,-0.0,-0.0,0.0,-3.004,-1794.054,-1.938508843956499e+25,0.0,0,0,4,17426,7116,0.0,100,0.0,0.0,0.0,0.0,0.0,0,0,0,0,0.0,0,0,0,0,0,0,0,0,0,0,0,0,0,0,0,0,0,0,0,0,0,0,0,0,0,0,0,0,0,0,0,0,0,31,40,40,71,65476,0,300,0,0,8,21553,0.0,-107605600.0,0.0,0.0,0.0,0.0,0.0,0.0,0.0,0.0,0.0,0.0,0.0,0.0,0.0,0.0,0.0,0.0,0.0,0.0,0.0,0.0,-2.004,2.004,0.0,0.0,0.0,0.0,0.0,0.0,5202.0,0.0,6913.0,0.0,-0.0,2.004,2.004,0.0,0.0,0.0,0.0,69,126840537088.0,2.7184186717970306e+23,0.0,0.0,0.0,0.0,0.0,0.0,0.0,0,0,0,0.0,0.0,0.0,0.0,0.0,0.0,0.0,0.0,0.0,0.0,0.0,0.0,0.0,0.0,0.0,0.0,0,-107875648.0,69,0.0,138,0.0,2.012,ERR,ERR,ERR,ERR,ERR,ERR,ERR,ERR,ERR,ERR,ERR,ERR,ERR,ERR,ERR,ERR,ERR,ERR,ERR,ERR,ERR,ERR,ERR,ERR,ERR,ERR,ERR,ERR,ERR,ERR,ERR,ERR,ERR,ERR,ERR,ERR,ERR,ERR,ERR,ERR,ERR,ERR,ERR,ERR,ERR,ERR,ERR,ERR,ERR,ERR,ERR,ERR,ERR,ERR,ERR,ERR,ERR,ERR,ERR,ERR,ERR,ERR,ERR,ERR,ERR,ERR,ERR,60.0,60.0,35,0.0,0.0,0.0,0.0,0.0,0.0,0.0,0.0,0.0,0.0,0.0,0.0,0.0,0.0,0.0,0.0,65.2,0,118,57,43,65476,0,300,0,0,8,20529,65476,0,0,2621,60.0,0.0,0.0,0.0,0.0,0.0
2026-07-09T15:20:18,ERR,ERR,ERR,ERR,ERR,ERR,ERR,ERR,ERR,ERR,ERR,ERR,ERR,ERR,ERR,ERR,ERR,ERR,ERR,ERR,ERR,ERR,ERR,ERR,ERR,ERR,ERR,ERR,ERR,ERR,ERR,ERR,ERR,ERR,ERR,ERR,ERR,ERR,ERR,ERR,ERR,ERR,ERR,ERR,ERR,ERR,ERR,ERR,ERR,ERR,ERR,ERR,ERR,ERR,ERR,ERR,ERR,ERR,ERR,ERR,ERR,ERR,ERR,ERR,ERR,ERR,ERR,ERR,ERR,ERR,ERR,ERR,ERR,ERR,ERR,ERR,ERR,ERR,ERR,ERR,ERR,ERR,ERR,ERR,ERR,ERR,ERR,ERR,ERR,ERR,ERR,ERR,ERR,ERR,ERR,ERR,ERR,ERR,ERR,ERR,ERR,ERR,ERR,ERR,ERR,ERR,ERR,ERR,ERR,ERR,ERR,ERR,ERR,ERR,ERR,ERR,ERR,ERR,ERR,ERR,ERR,ERR,ERR,ERR,ERR,-0.0,-0.0,-0.0,0.0,-3.004,-1794.054,-1.938508843956499e+25,0.0,0,0,4,17426,7116,0.0,100,0.0,0.0,0.0,0.0,0.0,0,0,0,0,0.0,0,0,0,0,0,0,0,0,0,0,0,0,0,0,0,0,0,0,0,0,0,0,0,0,0,0,0,0,0,0,0,0,0,31,40,40,71,65476,0,300,0,0,8,21553,0.0,-107605600.0,0.0,0.0,0.0,0.0,0.0,0.0,0.0,0.0,0.0,0.0,0.0,0.0,0.0,0.0,0.0,0.0,0.0,0.0,0.0,0.0,-2.004,2.004,0.0,0.0,0.0,0.0,0.0,0.0,5202.0,0.0,6913.0,0.0,-0.0,2.004,2.004,0.0,0.0,0.0,0.0,69,126840537088.0,2.7184186717970306e+23,0.0,0.0,0.0,0.0,0.0,0.0,0.0,0,0,0,0.0,0.0,0.0,0.0,0.0,0.0,0.0,0.0,0.0,0.0,0.0,0.0,0.0,0.0,0.0,0.0,0,-107875648.0,69,0.0,138,0.0,2.012,ERR,ERR,ERR,ERR,ERR,ERR,ERR,ERR,ERR,ERR,ERR,ERR,ERR,ERR,ERR,ERR,ERR,ERR,ERR,ERR,ERR,ERR,ERR,ERR,ERR,ERR,ERR,ERR,ERR,ERR,ERR,ERR,ERR,ERR,ERR,ERR,ERR,ERR,ERR,ERR,ERR,ERR,ERR,ERR,ERR,ERR,ERR,ERR,ERR,ERR,ERR,ERR,ERR,ERR,ERR,ERR,ERR,ERR,ERR,ERR,ERR,ERR,ERR,ERR,ERR,ERR,ERR,60.0,60.0,35,0.0,0.0,0.0,0.0,0.0,0.0,0.0,0.0,0.0,0.0,0.0,0.0,0.0,0.0,0.0,0.0,65.2,0,118,57,43,65476,0,300,0,0,8,20529,65476,0,0,2621,60.0,0.0,0.0,0.0,0.0,0.0
2026-07-09T15:20:19,ERR,ERR,ERR,ERR,ERR,ERR,ERR,ERR,ERR,ERR,ERR,ERR,ERR,ERR,ERR,ERR,ERR,ERR,ERR,ERR,ERR,ERR,ERR,ERR,ERR,ERR,ERR,ERR,ERR,ERR,ERR,ERR,ERR,ERR,ERR,ERR,ERR,ERR,ERR,ERR,ERR,ERR,ERR,ERR,ERR,ERR,ERR,ERR,ERR,ERR,ERR,ERR,ERR,ERR,ERR,ERR,ERR,ERR,ERR,ERR,ERR,ERR,ERR,ERR,ERR,ERR,ERR,ERR,ERR,ERR,ERR,ERR,ERR,ERR,ERR,ERR,ERR,ERR,ERR,ERR,ERR,ERR,ERR,ERR,ERR,ERR,ERR,ERR,ERR,ERR,ERR,ERR,ERR,ERR,ERR,ERR,ERR,ERR,ERR,ERR,ERR,ERR,ERR,ERR,ERR,ERR,ERR,ERR,ERR,ERR,ERR,ERR,ERR,ERR,ERR,ERR,ERR,ERR,ERR,ERR,ERR,ERR,ERR,ERR,ERR,-0.0,-0.0,-0.0,0.0,-3.004,-1794.054,-1.938508843956499e+25,0.0,0,0,4,17426,7116,0.0,100,0.0,0.0,0.0,0.0,0.0,0,0,0,0,0.0,0,0,0,0,0,0,0,0,0,0,0,0,0,0,0,0,0,0,0,0,0,0,0,0,0,0,0,0,0,0,0,0,0,31,40,40,71,65476,0,300,0,0,8,21553,0.0,-107605600.0,0.0,0.0,0.0,0.0,0.0,0.0,0.0,0.0,0.0,0.0,0.0,0.0,0.0,0.0,0.0,0.0,0.0,0.0,0.0,0.0,-2.004,2.004,0.0,0.0,0.0,0.0,0.0,0.0,5202.0,0.0,6913.0,0.0,-0.0,2.004,2.004,0.0,0.0,0.0,0.0,69,126840537088.0,2.7184186717970306e+23,0.0,0.0,0.0,0.0,0.0,0.0,0.0,0,0,0,0.0,0.0,0.0,0.0,0.0,0.0,0.0,0.0,0.0,0.0,0.0,0.0,0.0,0.0,0.0,0.0,0,-107875648.0,69,0.0,138,0.0,2.012,ERR,ERR,ERR,ERR,ERR,ERR,ERR,ERR,ERR,ERR,ERR,ERR,ERR,ERR,ERR,ERR,ERR,ERR,ERR,ERR,ERR,ERR,ERR,ERR,ERR,ERR,ERR,ERR,ERR,ERR,ERR,ERR,ERR,ERR,ERR,ERR,ERR,ERR,ERR,ERR,ERR,ERR,ERR,ERR,ERR,ERR,ERR,ERR,ERR,ERR,ERR,ERR,ERR,ERR,ERR,ERR,ERR,ERR,ERR,ERR,ERR,ERR,ERR,ERR,ERR,ERR,ERR,60.0,60.0,35,0.0,0.0,0.0,0.0,0.0,0.0,0.0,0.0,0.0,0.0,0.0,0.0,0.0,0.0,0.0,0.0,65.2,0,118,57,43,65476,0,300,0,0,8,20529,65476,0,0,2621,60.0,0.0,0.0,0.0,0.0,0.0
2026-07-09T15:20:20,ERR,ERR,ERR,ERR,ERR,ERR,ERR,ERR,ERR,ERR,ERR,ERR,ERR,ERR,ERR,ERR,ERR,ERR,ERR,ERR,ERR,ERR,ERR,ERR,ERR,ERR,ERR,ERR,ERR,ERR,ERR,ERR,ERR,ERR,ERR,ERR,ERR,ERR,ERR,ERR,ERR,ERR,ERR,ERR,ERR,ERR,ERR,ERR,ERR,ERR,ERR,ERR,ERR,ERR,ERR,ERR,ERR,ERR,ERR,ERR,ERR,ERR,ERR,ERR,ERR,ERR,ERR,ERR,ERR,ERR,ERR,ERR,ERR,ERR,ERR,ERR,ERR,ERR,ERR,ERR,ERR,ERR,ERR,ERR,ERR,ERR,ERR,ERR,ERR,ERR,ERR,ERR,ERR,ERR,ERR,ERR,ERR,ERR,ERR,ERR,ERR,ERR,ERR,ERR,ERR,ERR,ERR,ERR,ERR,ERR,ERR,ERR,ERR,ERR,ERR,ERR,ERR,ERR,ERR,ERR,ERR,ERR,ERR,ERR,ERR,-0.0,-0.0,-0.0,0.0,-3.004,-1794.054,-1.938508843956499e+25,0.0,0,0,4,17426,7116,0.0,100,0.0,0.0,0.0,0.0,0.0,0,0,0,0,0.0,0,0,0,0,0,0,0,0,0,0,0,0,0,0,0,0,0,0,0,0,0,0,0,0,0,0,0,0,0,0,0,0,0,31,40,40,71,65476,0,300,0,0,8,21553,0.0,-107605600.0,0.0,0.0,0.0,0.0,0.0,0.0,0.0,0.0,0.0,0.0,0.0,0.0,0.0,0.0,0.0,0.0,0.0,0.0,0.0,0.0,-2.004,2.004,0.0,0.0,0.0,0.0,0.0,0.0,5202.0,0.0,6913.0,0.0,-0.0,2.004,2.004,0.0,0.0,0.0,0.0,69,126840537088.0,2.7184186717970306e+23,0.0,0.0,0.0,0.0,0.0,0.0,0.0,0,0,0,0.0,0.0,0.0,0.0,0.0,0.0,0.0,0.0,0.0,0.0,0.0,0.0,0.0,0.0,0.0,0.0,0,-107875648.0,69,0.0,138,0.0,2.012,ERR,ERR,ERR,ERR,ERR,ERR,ERR,ERR,ERR,ERR,ERR,ERR,ERR,ERR,ERR,ERR,ERR,ERR,ERR,ERR,ERR,ERR,ERR,ERR,ERR,ERR,ERR,ERR,ERR,ERR,ERR,ERR,ERR,ERR,ERR,ERR,ERR,ERR,ERR,ERR,ERR,ERR,ERR,ERR,ERR,ERR,ERR,ERR,ERR,ERR,ERR,ERR,ERR,ERR,ERR,ERR,ERR,ERR,ERR,ERR,ERR,ERR,ERR,ERR,ERR,ERR,ERR,60.0,60.0,35,0.0,0.0,0.0,0.0,0.0,0.0,0.0,0.0,0.0,0.0,0.0,0.0,0.0,0.0,0.0,0.0,65.2,0,118,57,43,65476,0,300,0,0,8,20529,65476,0,0,2621,60.0,0.0,0.0,0.0,0.0,0.0
2026-07-09T15:20:21,ERR,ERR,ERR,ERR,ERR,ERR,ERR,ERR,ERR,ERR,ERR,ERR,ERR,ERR,ERR,ERR,ERR,ERR,ERR,ERR,ERR,ERR,ERR,ERR,ERR,ERR,ERR,ERR,ERR,ERR,ERR,ERR,ERR,ERR,ERR,ERR,ERR,ERR,ERR,ERR,ERR,ERR,ERR,ERR,ERR,ERR,ERR,ERR,ERR,ERR,ERR,ERR,ERR,ERR,ERR,ERR,ERR,ERR,ERR,ERR,ERR,ERR,ERR,ERR,ERR,ERR,ERR,ERR,ERR,ERR,ERR,ERR,ERR,ERR,ERR,ERR,ERR,ERR,ERR,ERR,ERR,ERR,ERR,ERR,ERR,ERR,ERR,ERR,ERR,ERR,ERR,ERR,ERR,ERR,ERR,ERR,ERR,ERR,ERR,ERR,ERR,ERR,ERR,ERR,ERR,ERR,ERR,ERR,ERR,ERR,ERR,ERR,ERR,ERR,ERR,ERR,ERR,ERR,ERR,ERR,ERR,ERR,ERR,ERR,ERR,0.0,-0.0,0.0,0.0,1.3425560741957155e+36,-3.0135404560985446e+23,0.0,-0.0,0,0,4,17429,7116,0.0,100,0.0,0.0,0.0,0.0,0.0,0,0,0,0,0.0,0,0,0,0,0,0,0,0,0,0,0,0,0,0,0,0,0,0,0,0,0,0,0,0,0,0,0,0,0,0,0,0,0,31,40,40,71,65476,0,300,0,0,8,21553,0.0,-107605600.0,0.0,0.0,0.0,0.0,0.0,0.0,0.0,0.0,0.0,0.0,0.0,0.0,0.0,0.0,0.0,0.0,0.0,0.0,0.0,0.0,0.0,3.697067386368898e+19,0.0,0.0,0.0,0.0,0.0,0.0,5201.0,-1.0406659998269917e+34,6943.0,2.7184246165485387e+23,-0.0,2.004,2.004,0.0,0.0,0.0,0.0,69,126840537088.0,126840594432.0,0.0,0.0,0.0,0.0,0.0,0.0,0.0,0,0,0,0.0,0.0,0.0,0.0,0.0,0.0,0.0,0.0,0.0,0.0,0.0,0.0,0.0,0.0,0.0,0.0,0,-107875648.0,69,0.0,138,0.0,2.012,ERR,ERR,ERR,ERR,ERR,ERR,ERR,ERR,ERR,ERR,ERR,ERR,ERR,ERR,ERR,ERR,ERR,ERR,ERR,ERR,ERR,ERR,ERR,ERR,ERR,ERR,ERR,ERR,ERR,ERR,ERR,ERR,ERR,ERR,ERR,ERR,ERR,ERR,ERR,ERR,ERR,ERR,ERR,ERR,ERR,ERR,ERR,ERR,ERR,ERR,ERR,ERR,ERR,ERR,ERR,ERR,ERR,ERR,ERR,ERR,ERR,ERR,ERR,ERR,ERR,ERR,ERR,60.0,60.0,35,0.0,0.0,0.0,0.0,0.0,0.0,0.0,0.0,0.0,0.0,0.0,0.0,0.0,0.0,0.0,0.0,65.2,0,118,57,43,65476,0,300,0,0,8,20529,65476,0,0,2621,60.0,0.0,0.0,0.0,0.0,0.0
2026-07-09T15:20:22,ERR,ERR,ERR,ERR,ERR,ERR,ERR,ERR,ERR,ERR,ERR,ERR,ERR,ERR,ERR,ERR,ERR,ERR,ERR,ERR,ERR,ERR,ERR,ERR,ERR,ERR,ERR,ERR,ERR,ERR,ERR,ERR,ERR,ERR,ERR,ERR,ERR,ERR,ERR,ERR,ERR,ERR,ERR,ERR,ERR,ERR,ERR,ERR,ERR,ERR,ERR,ERR,ERR,ERR,ERR,ERR,ERR,ERR,ERR,ERR,ERR,ERR,ERR,ERR,ERR,ERR,ERR,ERR,ERR,ERR,ERR,ERR,ERR,ERR,ERR,ERR,ERR,ERR,ERR,ERR,ERR,ERR,ERR,ERR,ERR,ERR,ERR,ERR,ERR,ERR,ERR,ERR,ERR,ERR,ERR,ERR,ERR,ERR,ERR,ERR,ERR,ERR,ERR,ERR,ERR,ERR,ERR,ERR,ERR,ERR,ERR,ERR,ERR,ERR,ERR,ERR,ERR,ERR,ERR,ERR,ERR,ERR,ERR,ERR,ERR,0.0,-0.0,0.0,0.0,1.3425560741957155e+36,-3.0135404560985446e+23,0.0,-0.0,0,0,4,17429,7116,0.0,100,0.0,0.0,0.0,0.0,0.0,0,0,0,0,0.0,0,0,0,0,0,0,0,0,0,0,0,0,0,0,0,0,0,0,0,0,0,0,0,0,0,0,0,0,0,0,0,0,0,31,40,40,71,65476,0,300,0,0,8,21553,0.0,-107605600.0,0.0,0.0,0.0,0.0,0.0,0.0,0.0,0.0,0.0,0.0,0.0,0.0,0.0,0.0,0.0,0.0,0.0,0.0,0.0,0.0,0.0,3.697067386368898e+19,0.0,0.0,0.0,0.0,0.0,0.0,5201.0,-1.0406659998269917e+34,6943.0,2.7184246165485387e+23,-0.0,2.004,2.004,0.0,0.0,0.0,0.0,69,126840537088.0,126840594432.0,0.0,0.0,0.0,0.0,0.0,0.0,0.0,0,0,0,0.0,0.0,0.0,0.0,0.0,0.0,0.0,0.0,0.0,0.0,0.0,0.0,0.0,0.0,0.0,0.0,0,-107875648.0,69,0.0,138,0.0,2.012,ERR,ERR,ERR,ERR,ERR,ERR,ERR,ERR,ERR,ERR,ERR,ERR,ERR,ERR,ERR,ERR,ERR,ERR,ERR,ERR,ERR,ERR,ERR,ERR,ERR,ERR,ERR,ERR,ERR,ERR,ERR,ERR,ERR,ERR,ERR,ERR,ERR,ERR,ERR,ERR,ERR,ERR,ERR,ERR,ERR,ERR,ERR,ERR,ERR,ERR,ERR,ERR,ERR,ERR,ERR,ERR,ERR,ERR,ERR,ERR,ERR,ERR,ERR,ERR,ERR,ERR,ERR,60.0,60.0,35,0.0,0.0,0.0,0.0,0.0,0.0,0.0,0.0,0.0,0.0,0.0,0.0,0.0,0.0,0.0,0.0,65.2,0,118,57,43,65476,0,300,0,0,8,20529,65476,0,0,2621,60.0,0.0,0.0,0.0,0.0,0.0
2026-07-09T15:20:23,ERR,ERR,ERR,ERR,ERR,ERR,ERR,ERR,ERR,ERR,ERR,ERR,ERR,ERR,ERR,ERR,ERR,ERR,ERR,ERR,ERR,ERR,ERR,ERR,ERR,ERR,ERR,ERR,ERR,ERR,ERR,ERR,ERR,ERR,ERR,ERR,ERR,ERR,ERR,ERR,ERR,ERR,ERR,ERR,ERR,ERR,ERR,ERR,ERR,ERR,ERR,ERR,ERR,ERR,ERR,ERR,ERR,ERR,ERR,ERR,ERR,ERR,ERR,ERR,ERR,ERR,ERR,ERR,ERR,ERR,ERR,ERR,ERR,ERR,ERR,ERR,ERR,ERR,ERR,ERR,ERR,ERR,ERR,ERR,ERR,ERR,ERR,ERR,ERR,ERR,ERR,ERR,ERR,ERR,ERR,ERR,ERR,ERR,ERR,ERR,ERR,ERR,ERR,ERR,ERR,ERR,ERR,ERR,ERR,ERR,ERR,ERR,ERR,ERR,ERR,ERR,ERR,ERR,ERR,ERR,ERR,ERR,ERR,ERR,ERR,0.0,-0.0,0.0,0.0,1.3425560741957155e+36,-3.0135404560985446e+23,0.0,-0.0,0,0,4,17429,7116,0.0,100,0.0,0.0,0.0,0.0,0.0,0,0,0,0,0.0,0,0,0,0,0,0,0,0,0,0,0,0,0,0,0,0,0,0,0,0,0,0,0,0,0,0,0,0,0,0,0,0,0,31,40,40,71,65476,0,300,0,0,8,21553,0.0,-107605600.0,0.0,0.0,0.0,0.0,0.0,0.0,0.0,0.0,0.0,0.0,0.0,0.0,0.0,0.0,0.0,0.0,0.0,0.0,0.0,0.0,0.0,3.697067386368898e+19,0.0,0.0,0.0,0.0,0.0,0.0,5201.0,-1.0406659998269917e+34,6943.0,2.7184246165485387e+23,-0.0,2.004,2.004,0.0,0.0,0.0,0.0,69,126840537088.0,126840594432.0,0.0,0.0,0.0,0.0,0.0,0.0,0.0,0,0,0,0.0,0.0,0.0,0.0,0.0,0.0,0.0,0.0,0.0,0.0,0.0,0.0,0.0,0.0,0.0,0.0,0,-107875648.0,69,0.0,138,0.0,2.012,ERR,ERR,ERR,ERR,ERR,ERR,ERR,ERR,ERR,ERR,ERR,ERR,ERR,ERR,ERR,ERR,ERR,ERR,ERR,ERR,ERR,ERR,ERR,ERR,ERR,ERR,ERR,ERR,ERR,ERR,ERR,ERR,ERR,ERR,ERR,ERR,ERR,ERR,ERR,ERR,ERR,ERR,ERR,ERR,ERR,ERR,ERR,ERR,ERR,ERR,ERR,ERR,ERR,ERR,ERR,ERR,ERR,ERR,ERR,ERR,ERR,ERR,ERR,ERR,ERR,ERR,ERR,60.0,60.0,35,0.0,0.0,0.0,0.0,0.0,0.0,0.0,0.0,0.0,0.0,0.0,0.0,0.0,0.0,0.0,0.0,65.2,0,118,57,43,65476,0,300,0,0,8,20529,65476,0,0,2621,60.0,0.0,0.0,0.0,0.0,0.0
2026-07-09T15:20:24,ERR,ERR,ERR,ERR,ERR,ERR,ERR,ERR,ERR,ERR,ERR,ERR,ERR,ERR,ERR,ERR,ERR,ERR,ERR,ERR,ERR,ERR,ERR,ERR,ERR,ERR,ERR,ERR,ERR,ERR,ERR,ERR,ERR,ERR,ERR,ERR,ERR,ERR,ERR,ERR,ERR,ERR,ERR,ERR,ERR,ERR,ERR,ERR,ERR,ERR,ERR,ERR,ERR,ERR,ERR,ERR,ERR,ERR,ERR,ERR,ERR,ERR,ERR,ERR,ERR,ERR,ERR,ERR,ERR,ERR,ERR,ERR,ERR,ERR,ERR,ERR,ERR,ERR,ERR,ERR,ERR,ERR,ERR,ERR,ERR,ERR,ERR,ERR,ERR,ERR,ERR,ERR,ERR,ERR,ERR,ERR,ERR,ERR,ERR,ERR,ERR,ERR,ERR,ERR,ERR,ERR,ERR,ERR,ERR,ERR,ERR,ERR,ERR,ERR,ERR,ERR,ERR,ERR,ERR,ERR,ERR,ERR,ERR,ERR,ERR,0.0,-0.0,0.0,0.0,1.3425560741957155e+36,-3.0135404560985446e+23,0.0,-0.0,0,0,4,17429,7116,0.0,100,0.0,0.0,0.0,0.0,0.0,0,0,0,0,0.0,0,0,0,0,0,0,0,0,0,0,0,0,0,0,0,0,0,0,0,0,0,0,0,0,0,0,0,0,0,0,0,0,0,31,40,40,71,65476,0,300,0,0,8,21553,0.0,-107605600.0,0.0,0.0,0.0,0.0,0.0,0.0,0.0,0.0,0.0,0.0,0.0,0.0,0.0,0.0,0.0,0.0,0.0,0.0,0.0,0.0,0.0,3.697067386368898e+19,0.0,0.0,0.0,0.0,0.0,0.0,5201.0,-1.0406659998269917e+34,6943.0,2.7184246165485387e+23,-0.0,2.004,2.004,0.0,0.0,0.0,0.0,69,126840537088.0,126840594432.0,0.0,0.0,0.0,0.0,0.0,0.0,0.0,0,0,0,0.0,0.0,0.0,0.0,0.0,0.0,0.0,0.0,0.0,0.0,0.0,0.0,0.0,0.0,0.0,0.0,0,-107875648.0,69,0.0,138,0.0,2.012,ERR,ERR,ERR,ERR,ERR,ERR,ERR,ERR,ERR,ERR,ERR,ERR,ERR,ERR,ERR,ERR,ERR,ERR,ERR,ERR,ERR,ERR,ERR,ERR,ERR,ERR,ERR,ERR,ERR,ERR,ERR,ERR,ERR,ERR,ERR,ERR,ERR,ERR,ERR,ERR,ERR,ERR,ERR,ERR,ERR,ERR,ERR,ERR,ERR,ERR,ERR,ERR,ERR,ERR,ERR,ERR,ERR,ERR,ERR,ERR,ERR,ERR,ERR,ERR,ERR,ERR,ERR,60.0,60.0,35,0.0,0.0,0.0,0.0,0.0,0.0,0.0,0.0,0.0,0.0,0.0,0.0,0.0,0.0,0.0,0.0,65.2,0,118,57,43,65476,0,300,0,0,8,20529,65476,0,0,2621,60.0,0.0,0.0,0.0,0.0,0.0
2026-07-09T15:20:25,ERR,ERR,ERR,ERR,ERR,ERR,ERR,ERR,ERR,ERR,ERR,ERR,ERR,ERR,ERR,ERR,ERR,ERR,ERR,ERR,ERR,ERR,ERR,ERR,ERR,ERR,ERR,ERR,ERR,ERR,ERR,ERR,ERR,ERR,ERR,ERR,ERR,ERR,ERR,ERR,ERR,ERR,ERR,ERR,ERR,ERR,ERR,ERR,ERR,ERR,ERR,ERR,ERR,ERR,ERR,ERR,ERR,ERR,ERR,ERR,ERR,ERR,ERR,ERR,ERR,ERR,ERR,ERR,ERR,ERR,ERR,ERR,ERR,ERR,ERR,ERR,ERR,ERR,ERR,ERR,ERR,ERR,ERR,ERR,ERR,ERR,ERR,ERR,ERR,ERR,ERR,ERR,ERR,ERR,ERR,ERR,ERR,ERR,ERR,ERR,ERR,ERR,ERR,ERR,ERR,ERR,ERR,ERR,ERR,ERR,ERR,ERR,ERR,ERR,ERR,ERR,ERR,ERR,ERR,ERR,ERR,ERR,ERR,ERR,ERR,0.0,-0.0,0.0,0.0,1.3425560741957155e+36,-3.0135404560985446e+23,0.0,-0.0,0,0,4,17429,7116,0.0,100,0.0,0.0,0.0,0.0,0.0,0,0,0,0,0.0,0,0,0,0,0,0,0,0,0,0,0,0,0,0,0,0,0,0,0,0,0,0,0,0,0,0,0,0,0,0,0,0,0,31,40,40,71,65476,0,300,0,0,8,21553,0.0,-107605600.0,0.0,0.0,0.0,0.0,0.0,0.0,0.0,0.0,0.0,0.0,0.0,0.0,0.0,0.0,0.0,0.0,0.0,0.0,0.0,0.0,0.0,3.697067386368898e+19,0.0,0.0,0.0,0.0,0.0,0.0,5201.0,-1.0406659998269917e+34,6943.0,2.7184246165485387e+23,-0.0,2.004,2.004,0.0,0.0,0.0,0.0,69,126840537088.0,126840594432.0,0.0,0.0,0.0,0.0,0.0,0.0,0.0,0,0,0,0.0,0.0,0.0,0.0,0.0,0.0,0.0,0.0,0.0,0.0,0.0,0.0,0.0,0.0,0.0,0.0,0,-107875648.0,69,0.0,138,0.0,2.012,ERR,ERR,ERR,ERR,ERR,ERR,ERR,ERR,ERR,ERR,ERR,ERR,ERR,ERR,ERR,ERR,ERR,ERR,ERR,ERR,ERR,ERR,ERR,ERR,ERR,ERR,ERR,ERR,ERR,ERR,ERR,ERR,ERR,ERR,ERR,ERR,ERR,ERR,ERR,ERR,ERR,ERR,ERR,ERR,ERR,ERR,ERR,ERR,ERR,ERR,ERR,ERR,ERR,ERR,ERR,ERR,ERR,ERR,ERR,ERR,ERR,ERR,ERR,ERR,ERR,ERR,ERR,60.0,60.0,35,0.0,0.0,0.0,0.0,0.0,0.0,0.0,0.0,0.0,0.0,0.0,0.0,0.0,0.0,0.0,0.0,65.2,0,118,57,43,65476,0,300,0,0,8,20529,65476,0,0,2621,60.0,0.0,0.0,0.0,0.0,0.0
2026-07-09T15:20:26,ERR,ERR,ERR,ERR,ERR,ERR,ERR,ERR,ERR,ERR,ERR,ERR,ERR,ERR,ERR,ERR,ERR,ERR,ERR,ERR,ERR,ERR,ERR,ERR,ERR,ERR,ERR,ERR,ERR,ERR,ERR,ERR,ERR,ERR,ERR,ERR,ERR,ERR,ERR,ERR,ERR,ERR,ERR,ERR,ERR,ERR,ERR,ERR,ERR,ERR,ERR,ERR,ERR,ERR,ERR,ERR,ERR,ERR,ERR,ERR,ERR,ERR,ERR,ERR,ERR,ERR,ERR,ERR,ERR,ERR,ERR,ERR,ERR,ERR,ERR,ERR,ERR,ERR,ERR,ERR,ERR,ERR,ERR,ERR,ERR,ERR,ERR,ERR,ERR,ERR,ERR,ERR,ERR,ERR,ERR,ERR,ERR,ERR,ERR,ERR,ERR,ERR,ERR,ERR,ERR,ERR,ERR,ERR,ERR,ERR,ERR,ERR,ERR,ERR,ERR,ERR,ERR,ERR,ERR,ERR,ERR,ERR,ERR,ERR,ERR,2.7184246165485387e+23,-0.0,-108139184.0,0.0,0.0,0.0,0.0,-7.031945227974243e+22,0,0,4,17426,7116,0.0,100,0.0,0.0,0.0,0.0,0.0,0,0,0,0,0.0,0,0,0,0,0,0,0,0,0,0,0,0,0,0,0,0,0,0,0,0,0,0,0,0,0,0,0,0,0,0,0,0,0,31,40,40,71,65476,0,300,0,0,8,21553,0.0,-107605600.0,0.0,0.0,0.0,0.0,0.0,0.0,0.0,0.0,0.0,0.0,0.0,0.0,-2.596148429267414e+33,0.0,0.0,0.0,0.0,0.0,0.0,0.0,2.004,2.004,0.0,0.0,0.0,0.0,0.0,0.0,5170.0,-2.4229893456841626e+24,6943.0,-107615104.0,-0.0,2.004,2.004,0.0,0.0,0.0,0.0,69,1.9056859227671757e+17,126840594432.0,0.0,0.0,0.0,0.0,0.0,0.0,0.0,0,0,0,0.0,0.0,0.0,0.0,0.0,0.0,0.0,0.0,0.0,0.0,0.0,0.0,0.0,0.0,0.0,0.0,0,-107875648.0,69,0.0,138,0.0,2.012,ERR,ERR,ERR,ERR,ERR,ERR,ERR,ERR,ERR,ERR,ERR,ERR,ERR,ERR,ERR,ERR,ERR,ERR,ERR,ERR,ERR,ERR,ERR,ERR,ERR,ERR,ERR,ERR,ERR,ERR,ERR,ERR,ERR,ERR,ERR,ERR,ERR,ERR,ERR,ERR,ERR,ERR,ERR,ERR,ERR,ERR,ERR,ERR,ERR,ERR,ERR,ERR,ERR,ERR,ERR,ERR,ERR,ERR,ERR,ERR,ERR,ERR,ERR,ERR,ERR,ERR,ERR,60.0,60.0,35,0.0,0.0,0.0,0.0,0.0,0.0,0.0,0.0,0.0,0.0,0.0,0.0,0.0,0.0,0.0,0.0,65.2,0,118,57,43,65476,0,300,0,0,8,20529,65476,0,0,2621,60.0,0.0,0.0,0.0,0.0,0.0
2026-07-09T15:20:27,ERR,ERR,ERR,ERR,ERR,ERR,ERR,ERR,ERR,ERR,ERR,ERR,ERR,ERR,ERR,ERR,ERR,ERR,ERR,ERR,ERR,ERR,ERR,ERR,ERR,ERR,ERR,ERR,ERR,ERR,ERR,ERR,ERR,ERR,ERR,ERR,ERR,ERR,ERR,ERR,ERR,ERR,ERR,ERR,ERR,ERR,ERR,ERR,ERR,ERR,ERR,ERR,ERR,ERR,ERR,ERR,ERR,ERR,ERR,ERR,ERR,ERR,ERR,ERR,ERR,ERR,ERR,ERR,ERR,ERR,ERR,ERR,ERR,ERR,ERR,ERR,ERR,ERR,ERR,ERR,ERR,ERR,ERR,ERR,ERR,ERR,ERR,ERR,ERR,ERR,ERR,ERR,ERR,ERR,ERR,ERR,ERR,ERR,ERR,ERR,ERR,ERR,ERR,ERR,ERR,ERR,ERR,ERR,ERR,ERR,ERR,ERR,ERR,ERR,ERR,ERR,ERR,ERR,ERR,ERR,ERR,ERR,ERR,ERR,ERR,2.7184246165485387e+23,-0.0,-108139184.0,0.0,0.0,0.0,0.0,-7.031945227974243e+22,0,0,4,17426,7116,0.0,100,0.0,0.0,0.0,0.0,0.0,0,0,0,0,0.0,0,0,0,0,0,0,0,0,0,0,0,0,0,0,0,0,0,0,0,0,0,0,0,0,0,0,0,0,0,0,0,0,0,31,40,40,71,65476,0,300,0,0,8,21553,0.0,-107605600.0,0.0,0.0,0.0,0.0,0.0,0.0,0.0,0.0,0.0,0.0,0.0,0.0,-2.596148429267414e+33,0.0,0.0,0.0,0.0,0.0,0.0,0.0,2.004,2.004,0.0,0.0,0.0,0.0,0.0,0.0,5170.0,-2.4229893456841626e+24,6943.0,-107615104.0,-0.0,2.004,2.004,0.0,0.0,0.0,0.0,69,1.9056859227671757e+17,126840594432.0,0.0,0.0,0.0,0.0,0.0,0.0,0.0,0,0,0,0.0,0.0,0.0,0.0,0.0,0.0,0.0,0.0,0.0,0.0,0.0,0.0,0.0,0.0,0.0,0.0,0,-107875648.0,69,0.0,138,0.0,2.012,ERR,ERR,ERR,ERR,ERR,ERR,ERR,ERR,ERR,ERR,ERR,ERR,ERR,ERR,ERR,ERR,ERR,ERR,ERR,ERR,ERR,ERR,ERR,ERR,ERR,ERR,ERR,ERR,ERR,ERR,ERR,ERR,ERR,ERR,ERR,ERR,ERR,ERR,ERR,ERR,ERR,ERR,ERR,ERR,ERR,ERR,ERR,ERR,ERR,ERR,ERR,ERR,ERR,ERR,ERR,ERR,ERR,ERR,ERR,ERR,ERR,ERR,ERR,ERR,ERR,ERR,ERR,60.0,60.0,35,0.0,0.0,0.0,0.0,0.0,0.0,0.0,0.0,0.0,0.0,0.0,0.0,0.0,0.0,0.0,0.0,65.2,0,118,57,43,65476,0,300,0,0,8,20529,65476,0,0,2621,60.0,0.0,0.0,0.0,0.0,0.0
2026-07-09T15:20:28,ERR,ERR,ERR,ERR,ERR,ERR,ERR,ERR,ERR,ERR,ERR,ERR,ERR,ERR,ERR,ERR,ERR,ERR,ERR,ERR,ERR,ERR,ERR,ERR,ERR,ERR,ERR,ERR,ERR,ERR,ERR,ERR,ERR,ERR,ERR,ERR,ERR,ERR,ERR,ERR,ERR,ERR,ERR,ERR,ERR,ERR,ERR,ERR,ERR,ERR,ERR,ERR,ERR,ERR,ERR,ERR,ERR,ERR,ERR,ERR,ERR,ERR,ERR,ERR,ERR,ERR,ERR,ERR,ERR,ERR,ERR,ERR,ERR,ERR,ERR,ERR,ERR,ERR,ERR,ERR,ERR,ERR,ERR,ERR,ERR,ERR,ERR,ERR,ERR,ERR,ERR,ERR,ERR,ERR,ERR,ERR,ERR,ERR,ERR,ERR,ERR,ERR,ERR,ERR,ERR,ERR,ERR,ERR,ERR,ERR,ERR,ERR,ERR,ERR,ERR,ERR,ERR,ERR,ERR,ERR,ERR,ERR,ERR,ERR,ERR,2.7184246165485387e+23,-0.0,-108139184.0,0.0,0.0,0.0,0.0,-7.031945227974243e+22,0,0,4,17426,7116,0.0,100,0.0,0.0,0.0,0.0,0.0,0,0,0,0,0.0,0,0,0,0,0,0,0,0,0,0,0,0,0,0,0,0,0,0,0,0,0,0,0,0,0,0,0,0,0,0,0,0,0,31,40,40,71,65476,0,300,0,0,8,21553,0.0,-107605600.0,0.0,0.0,0.0,0.0,0.0,0.0,0.0,0.0,0.0,0.0,0.0,0.0,-2.596148429267414e+33,0.0,0.0,0.0,0.0,0.0,0.0,0.0,2.004,2.004,0.0,0.0,0.0,0.0,0.0,0.0,5170.0,-2.4229893456841626e+24,6943.0,-107615104.0,-0.0,2.004,2.004,0.0,0.0,0.0,0.0,69,1.9056859227671757e+17,126840594432.0,0.0,0.0,0.0,0.0,0.0,0.0,0.0,0,0,0,0.0,0.0,0.0,0.0,0.0,0.0,0.0,0.0,0.0,0.0,0.0,0.0,0.0,0.0,0.0,0.0,0,-107875648.0,69,0.0,138,0.0,2.012,ERR,ERR,ERR,ERR,ERR,ERR,ERR,ERR,ERR,ERR,ERR,ERR,ERR,ERR,ERR,ERR,ERR,ERR,ERR,ERR,ERR,ERR,ERR,ERR,ERR,ERR,ERR,ERR,ERR,ERR,ERR,ERR,ERR,ERR,ERR,ERR,ERR,ERR,ERR,ERR,ERR,ERR,ERR,ERR,ERR,ERR,ERR,ERR,ERR,ERR,ERR,ERR,ERR,ERR,ERR,ERR,ERR,ERR,ERR,ERR,ERR,ERR,ERR,ERR,ERR,ERR,ERR,60.0,60.0,35,0.0,0.0,0.0,0.0,0.0,0.0,0.0,0.0,0.0,0.0,0.0,0.0,0.0,0.0,0.0,0.0,65.2,0,118,57,43,65476,0,300,0,0,8,20529,65476,0,0,2621,60.0,0.0,0.0,0.0,0.0,0.0
2026-07-09T15:20:29,ERR,ERR,ERR,ERR,ERR,ERR,ERR,ERR,ERR,ERR,ERR,ERR,ERR,ERR,ERR,ERR,ERR,ERR,ERR,ERR,ERR,ERR,ERR,ERR,ERR,ERR,ERR,ERR,ERR,ERR,ERR,ERR,ERR,ERR,ERR,ERR,ERR,ERR,ERR,ERR,ERR,ERR,ERR,ERR,ERR,ERR,ERR,ERR,ERR,ERR,ERR,ERR,ERR,ERR,ERR,ERR,ERR,ERR,ERR,ERR,ERR,ERR,ERR,ERR,ERR,ERR,ERR,ERR,ERR,ERR,ERR,ERR,ERR,ERR,ERR,ERR,ERR,ERR,ERR,ERR,ERR,ERR,ERR,ERR,ERR,ERR,ERR,ERR,ERR,ERR,ERR,ERR,ERR,ERR,ERR,ERR,ERR,ERR,ERR,ERR,ERR,ERR,ERR,ERR,ERR,ERR,ERR,ERR,ERR,ERR,ERR,ERR,ERR,ERR,ERR,ERR,ERR,ERR,ERR,ERR,ERR,ERR,ERR,ERR,ERR,2.7184246165485387e+23,-0.0,-108139184.0,0.0,0.0,0.0,0.0,-7.031945227974243e+22,0,0,4,17426,7116,0.0,100,0.0,0.0,0.0,0.0,0.0,0,0,0,0,0.0,0,0,0,0,0,0,0,0,0,0,0,0,0,0,0,0,0,0,0,0,0,0,0,0,0,0,0,0,0,0,0,0,0,31,40,40,71,65476,0,300,0,0,8,21553,0.0,-107605600.0,0.0,0.0,0.0,0.0,0.0,0.0,0.0,0.0,0.0,0.0,0.0,0.0,-2.596148429267414e+33,0.0,0.0,0.0,0.0,0.0,0.0,0.0,2.004,2.004,0.0,0.0,0.0,0.0,0.0,0.0,5170.0,-2.4229893456841626e+24,6943.0,-107615104.0,-0.0,2.004,2.004,0.0,0.0,0.0,0.0,69,1.9056859227671757e+17,126840594432.0,0.0,0.0,0.0,0.0,0.0,0.0,0.0,0,0,0,0.0,0.0,0.0,0.0,0.0,0.0,0.0,0.0,0.0,0.0,0.0,0.0,0.0,0.0,0.0,0.0,0,-107875648.0,69,0.0,138,0.0,2.012,ERR,ERR,ERR,ERR,ERR,ERR,ERR,ERR,ERR,ERR,ERR,ERR,ERR,ERR,ERR,ERR,ERR,ERR,ERR,ERR,ERR,ERR,ERR,ERR,ERR,ERR,ERR,ERR,ERR,ERR,ERR,ERR,ERR,ERR,ERR,ERR,ERR,ERR,ERR,ERR,ERR,ERR,ERR,ERR,ERR,ERR,ERR,ERR,ERR,ERR,ERR,ERR,ERR,ERR,ERR,ERR,ERR,ERR,ERR,ERR,ERR,ERR,ERR,ERR,ERR,ERR,ERR,60.0,60.0,35,0.0,0.0,0.0,0.0,0.0,0.0,0.0,0.0,0.0,0.0,0.0,0.0,0.0,0.0,0.0,0.0,65.2,0,118,57,43,65476,0,300,0,0,8,20529,65476,0,0,2621,60.0,0.0,0.0,0.0,0.0,0.0
2026-07-09T15:20:30,ERR,ERR,ERR,ERR,ERR,ERR,ERR,ERR,ERR,ERR,ERR,ERR,ERR,ERR,ERR,ERR,ERR,ERR,ERR,ERR,ERR,ERR,ERR,ERR,ERR,ERR,ERR,ERR,ERR,ERR,ERR,ERR,ERR,ERR,ERR,ERR,ERR,ERR,ERR,ERR,ERR,ERR,ERR,ERR,ERR,ERR,ERR,ERR,ERR,ERR,ERR,ERR,ERR,ERR,ERR,ERR,ERR,ERR,ERR,ERR,ERR,ERR,ERR,ERR,ERR,ERR,ERR,ERR,ERR,ERR,ERR,ERR,ERR,ERR,ERR,ERR,ERR,ERR,ERR,ERR,ERR,ERR,ERR,ERR,ERR,ERR,ERR,ERR,ERR,ERR,ERR,ERR,ERR,ERR,ERR,ERR,ERR,ERR,ERR,ERR,ERR,ERR,ERR,ERR,ERR,ERR,ERR,ERR,ERR,ERR,ERR,ERR,ERR,ERR,ERR,ERR,ERR,ERR,ERR,ERR,ERR,ERR,ERR,ERR,ERR,2.7184246165485387e+23,-0.0,-108139184.0,0.0,0.0,0.0,0.0,-7.031945227974243e+22,0,0,4,17426,7116,0.0,100,0.0,0.0,0.0,0.0,0.0,0,0,0,0,0.0,0,0,0,0,0,0,0,0,0,0,0,0,0,0,0,0,0,0,0,0,0,0,0,0,0,0,0,0,0,0,0,0,0,31,40,40,71,65476,0,300,0,0,8,21553,0.0,-107605600.0,0.0,0.0,0.0,0.0,0.0,0.0,0.0,0.0,0.0,0.0,0.0,0.0,-2.596148429267414e+33,0.0,0.0,0.0,0.0,0.0,0.0,0.0,2.004,2.004,0.0,0.0,0.0,0.0,0.0,0.0,5170.0,-2.4229893456841626e+24,6943.0,-107615104.0,-0.0,2.004,2.004,0.0,0.0,0.0,0.0,69,1.9056859227671757e+17,126840594432.0,0.0,0.0,0.0,0.0,0.0,0.0,0.0,0,0,0,0.0,0.0,0.0,0.0,0.0,0.0,0.0,0.0,0.0,0.0,0.0,0.0,0.0,0.0,0.0,0.0,0,-107875648.0,69,0.0,138,0.0,2.012,ERR,ERR,ERR,ERR,ERR,ERR,ERR,ERR,ERR,ERR,ERR,ERR,ERR,ERR,ERR,ERR,ERR,ERR,ERR,ERR,ERR,ERR,ERR,ERR,ERR,ERR,ERR,ERR,ERR,ERR,ERR,ERR,ERR,ERR,ERR,ERR,ERR,ERR,ERR,ERR,ERR,ERR,ERR,ERR,ERR,ERR,ERR,ERR,ERR,ERR,ERR,ERR,ERR,ERR,ERR,ERR,ERR,ERR,ERR,ERR,ERR,ERR,ERR,ERR,ERR,ERR,ERR,60.0,60.0,35,0.0,0.0,0.0,0.0,0.0,0.0,0.0,0.0,0.0,0.0,0.0,0.0,0.0,0.0,0.0,0.0,65.6,0,118,57,43,65476,0,300,0,0,8,20529,65476,0,0,2621,60.0,0.0,0.0,0.0,0.0,0.0
2026-07-09T15:20:31,ERR,ERR,ERR,ERR,ERR,ERR,ERR,ERR,ERR,ERR,ERR,ERR,ERR,ERR,ERR,ERR,ERR,ERR,ERR,ERR,ERR,ERR,ERR,ERR,ERR,ERR,ERR,ERR,ERR,ERR,ERR,ERR,ERR,ERR,ERR,ERR,ERR,ERR,ERR,ERR,ERR,ERR,ERR,ERR,ERR,ERR,ERR,ERR,ERR,ERR,ERR,ERR,ERR,ERR,ERR,ERR,ERR,ERR,ERR,ERR,ERR,ERR,ERR,ERR,ERR,ERR,ERR,ERR,ERR,ERR,ERR,ERR,ERR,ERR,ERR,ERR,ERR,ERR,ERR,ERR,ERR,ERR,ERR,ERR,ERR,ERR,ERR,ERR,ERR,ERR,ERR,ERR,ERR,ERR,ERR,ERR,ERR,ERR,ERR,ERR,ERR,ERR,ERR,ERR,ERR,ERR,ERR,ERR,ERR,ERR,ERR,ERR,ERR,ERR,ERR,ERR,ERR,ERR,ERR,ERR,ERR,ERR,ERR,ERR,ERR,-107615104.0,-107616024.0,-107614896.0,0.0,0.0,-5.7751591550917264e+29,-4.395485933240863e+21,-8.84270473791933e+23,0,0,4,17427,7116,0.0,100,0.0,0.0,0.0,0.0,0.0,0,0,0,0,0.0,0,0,0,0,0,0,0,0,0,0,0,0,0,0,0,0,0,0,0,0,0,0,0,0,0,0,0,0,0,0,0,0,0,31,40,40,71,65476,0,300,0,0,8,21553,0.0,-107605600.0,0.0,0.0,0.0,0.0,0.0,0.0,0.0,0.0,0.0,0.0,0.0,0.0,0.0,0.0,0.0,0.0,0.0,0.0,0.0,0.0,-0.0,2.004,0.0,0.0,0.0,0.0,0.0,0.0,5172.0,-1.0406659998269917e+34,6943.0,-107615104.0,-0.0,2.004,2.004,0.0,0.0,0.0,0.0,69,2.718417410789135e+23,1.9056871253580186e+17,0.0,0.0,0.0,0.0,0.0,0.0,0.0,0,0,0,0.0,0.0,0.0,0.0,0.0,0.0,0.0,0.0,0.0,0.0,0.0,0.0,0.0,0.0,0.0,0.0,0,-107875648.0,69,0.0,138,0.0,2.012,ERR,ERR,ERR,ERR,ERR,ERR,ERR,ERR,ERR,ERR,ERR,ERR,ERR,ERR,ERR,ERR,ERR,ERR,ERR,ERR,ERR,ERR,ERR,ERR,ERR,ERR,ERR,ERR,ERR,ERR,ERR,ERR,ERR,ERR,ERR,ERR,ERR,ERR,ERR,ERR,ERR,ERR,ERR,ERR,ERR,ERR,ERR,ERR,ERR,ERR,ERR,ERR,ERR,ERR,ERR,ERR,ERR,ERR,ERR,ERR,ERR,ERR,ERR,ERR,ERR,ERR,ERR,60.0,60.0,35,0.0,0.0,0.0,0.0,0.0,0.0,0.0,0.0,0.0,0.0,0.0,0.0,0.0,0.0,0.0,0.0,65.2,0,118,57,43,65476,0,300,0,0,8,20529,65476,0,0,2621,60.0,0.0,0.0,0.0,0.0,0.0
2026-07-09T15:20:32,ERR,ERR,ERR,ERR,ERR,ERR,ERR,ERR,ERR,ERR,ERR,ERR,ERR,ERR,ERR,ERR,ERR,ERR,ERR,ERR,ERR,ERR,ERR,ERR,ERR,ERR,ERR,ERR,ERR,ERR,ERR,ERR,ERR,ERR,ERR,ERR,ERR,ERR,ERR,ERR,ERR,ERR,ERR,ERR,ERR,ERR,ERR,ERR,ERR,ERR,ERR,ERR,ERR,ERR,ERR,ERR,ERR,ERR,ERR,ERR,ERR,ERR,ERR,ERR,ERR,ERR,ERR,ERR,ERR,ERR,ERR,ERR,ERR,ERR,ERR,ERR,ERR,ERR,ERR,ERR,ERR,ERR,ERR,ERR,ERR,ERR,ERR,ERR,ERR,ERR,ERR,ERR,ERR,ERR,ERR,ERR,ERR,ERR,ERR,ERR,ERR,ERR,ERR,ERR,ERR,ERR,ERR,ERR,ERR,ERR,ERR,ERR,ERR,ERR,ERR,ERR,ERR,ERR,ERR,ERR,ERR,ERR,ERR,ERR,ERR,-107615104.0,-107616024.0,-107614896.0,0.0,0.0,-5.7751591550917264e+29,-4.395485933240863e+21,-8.84270473791933e+23,0,0,4,17427,7116,0.0,100,0.0,0.0,0.0,0.0,0.0,0,0,0,0,0.0,0,0,0,0,0,0,0,0,0,0,0,0,0,0,0,0,0,0,0,0,0,0,0,0,0,0,0,0,0,0,0,0,0,31,40,40,71,65476,0,300,0,0,8,21553,0.0,-107605600.0,0.0,0.0,0.0,0.0,0.0,0.0,0.0,0.0,0.0,0.0,0.0,0.0,0.0,0.0,0.0,0.0,0.0,0.0,0.0,0.0,-0.0,2.004,0.0,0.0,0.0,0.0,0.0,0.0,5172.0,-1.0406659998269917e+34,6943.0,-107615104.0,-0.0,2.004,2.004,0.0,0.0,0.0,0.0,69,2.718417410789135e+23,1.9056871253580186e+17,0.0,0.0,0.0,0.0,0.0,0.0,0.0,0,0,0,0.0,0.0,0.0,0.0,0.0,0.0,0.0,0.0,0.0,0.0,0.0,0.0,0.0,0.0,0.0,0.0,0,-107875648.0,69,0.0,138,0.0,2.012,ERR,ERR,ERR,ERR,ERR,ERR,ERR,ERR,ERR,ERR,ERR,ERR,ERR,ERR,ERR,ERR,ERR,ERR,ERR,ERR,ERR,ERR,ERR,ERR,ERR,ERR,ERR,ERR,ERR,ERR,ERR,ERR,ERR,ERR,ERR,ERR,ERR,ERR,ERR,ERR,ERR,ERR,ERR,ERR,ERR,ERR,ERR,ERR,ERR,ERR,ERR,ERR,ERR,ERR,ERR,ERR,ERR,ERR,ERR,ERR,ERR,ERR,ERR,ERR,ERR,ERR,ERR,60.0,60.0,35,0.0,0.0,0.0,0.0,0.0,0.0,0.0,0.0,0.0,0.0,0.0,0.0,0.0,0.0,0.0,0.0,65.2,0,118,57,43,65476,0,300,0,0,8,20529,65476,0,0,2621,60.0,0.0,0.0,0.0,0.0,0.0
2026-07-09T15:20:33,ERR,ERR,ERR,ERR,ERR,ERR,ERR,ERR,ERR,ERR,ERR,ERR,ERR,ERR,ERR,ERR,ERR,ERR,ERR,ERR,ERR,ERR,ERR,ERR,ERR,ERR,ERR,ERR,ERR,ERR,ERR,ERR,ERR,ERR,ERR,ERR,ERR,ERR,ERR,ERR,ERR,ERR,ERR,ERR,ERR,ERR,ERR,ERR,ERR,ERR,ERR,ERR,ERR,ERR,ERR,ERR,ERR,ERR,ERR,ERR,ERR,ERR,ERR,ERR,ERR,ERR,ERR,ERR,ERR,ERR,ERR,ERR,ERR,ERR,ERR,ERR,ERR,ERR,ERR,ERR,ERR,ERR,ERR,ERR,ERR,ERR,ERR,ERR,ERR,ERR,ERR,ERR,ERR,ERR,ERR,ERR,ERR,ERR,ERR,ERR,ERR,ERR,ERR,ERR,ERR,ERR,ERR,ERR,ERR,ERR,ERR,ERR,ERR,ERR,ERR,ERR,ERR,ERR,ERR,ERR,ERR,ERR,ERR,ERR,ERR,-107615104.0,-107616024.0,-107614896.0,0.0,0.0,-5.7751591550917264e+29,-4.395485933240863e+21,-8.84270473791933e+23,0,0,4,17427,7116,0.0,100,0.0,0.0,0.0,0.0,0.0,0,0,0,0,0.0,0,0,0,0,0,0,0,0,0,0,0,0,0,0,0,0,0,0,0,0,0,0,0,0,0,0,0,0,0,0,0,0,0,31,40,40,71,65476,0,300,0,0,8,21553,0.0,-107605600.0,0.0,0.0,0.0,0.0,0.0,0.0,0.0,0.0,0.0,0.0,0.0,0.0,0.0,0.0,0.0,0.0,0.0,0.0,0.0,0.0,-0.0,2.004,0.0,0.0,0.0,0.0,0.0,0.0,5172.0,-1.0406659998269917e+34,6943.0,-107615104.0,-0.0,2.004,2.004,0.0,0.0,0.0,0.0,69,2.718417410789135e+23,1.9056871253580186e+17,0.0,0.0,0.0,0.0,0.0,0.0,0.0,0,0,0,0.0,0.0,0.0,0.0,0.0,0.0,0.0,0.0,0.0,0.0,0.0,0.0,0.0,0.0,0.0,0.0,0,-107875648.0,69,0.0,138,0.0,2.012,ERR,ERR,ERR,ERR,ERR,ERR,ERR,ERR,ERR,ERR,ERR,ERR,ERR,ERR,ERR,ERR,ERR,ERR,ERR,ERR,ERR,ERR,ERR,ERR,ERR,ERR,ERR,ERR,ERR,ERR,ERR,ERR,ERR,ERR,ERR,ERR,ERR,ERR,ERR,ERR,ERR,ERR,ERR,ERR,ERR,ERR,ERR,ERR,ERR,ERR,ERR,ERR,ERR,ERR,ERR,ERR,ERR,ERR,ERR,ERR,ERR,ERR,ERR,ERR,ERR,ERR,ERR,60.0,60.0,35,0.0,0.0,0.0,0.0,0.0,0.0,0.0,0.0,0.0,0.0,0.0,0.0,0.0,0.0,0.0,0.0,65.6,0,118,57,43,65476,0,300,0,0,8,20529,65476,0,0,2621,60.0,0.0,0.0,0.0,0.0,0.0
2026-07-09T15:20:34,ERR,ERR,ERR,ERR,ERR,ERR,ERR,ERR,ERR,ERR,ERR,ERR,ERR,ERR,ERR,ERR,ERR,ERR,ERR,ERR,ERR,ERR,ERR,ERR,ERR,ERR,ERR,ERR,ERR,ERR,ERR,ERR,ERR,ERR,ERR,ERR,ERR,ERR,ERR,ERR,ERR,ERR,ERR,ERR,ERR,ERR,ERR,ERR,ERR,ERR,ERR,ERR,ERR,ERR,ERR,ERR,ERR,ERR,ERR,ERR,ERR,ERR,ERR,ERR,ERR,ERR,ERR,ERR,ERR,ERR,ERR,ERR,ERR,ERR,ERR,ERR,ERR,ERR,ERR,ERR,ERR,ERR,ERR,ERR,ERR,ERR,ERR,ERR,ERR,ERR,ERR,ERR,ERR,ERR,ERR,ERR,ERR,ERR,ERR,ERR,ERR,ERR,ERR,ERR,ERR,ERR,ERR,ERR,ERR,ERR,ERR,ERR,ERR,ERR,ERR,ERR,ERR,ERR,ERR,ERR,ERR,ERR,ERR,ERR,ERR,-107615104.0,-107616024.0,-107614896.0,0.0,0.0,-5.7751591550917264e+29,-4.395485933240863e+21,-8.84270473791933e+23,0,0,4,17427,7116,0.0,100,0.0,0.0,0.0,0.0,0.0,0,0,0,0,0.0,0,0,0,0,0,0,0,0,0,0,0,0,0,0,0,0,0,0,0,0,0,0,0,0,0,0,0,0,0,0,0,0,0,31,40,40,71,65476,0,300,0,0,8,21553,0.0,-107605600.0,0.0,0.0,0.0,0.0,0.0,0.0,0.0,0.0,0.0,0.0,0.0,0.0,0.0,0.0,0.0,0.0,0.0,0.0,0.0,0.0,-0.0,2.004,0.0,0.0,0.0,0.0,0.0,0.0,5172.0,-1.0406659998269917e+34,6943.0,-107615104.0,-0.0,2.004,2.004,0.0,0.0,0.0,0.0,69,2.718417410789135e+23,1.9056871253580186e+17,0.0,0.0,0.0,0.0,0.0,0.0,0.0,0,0,0,0.0,0.0,0.0,0.0,0.0,0.0,0.0,0.0,0.0,0.0,0.0,0.0,0.0,0.0,0.0,0.0,0,-107875648.0,69,0.0,138,0.0,2.012,ERR,ERR,ERR,ERR,ERR,ERR,ERR,ERR,ERR,ERR,ERR,ERR,ERR,ERR,ERR,ERR,ERR,ERR,ERR,ERR,ERR,ERR,ERR,ERR,ERR,ERR,ERR,ERR,ERR,ERR,ERR,ERR,ERR,ERR,ERR,ERR,ERR,ERR,ERR,ERR,ERR,ERR,ERR,ERR,ERR,ERR,ERR,ERR,ERR,ERR,ERR,ERR,ERR,ERR,ERR,ERR,ERR,ERR,ERR,ERR,ERR,ERR,ERR,ERR,ERR,ERR,ERR,60.0,60.0,35,0.0,0.0,0.0,0.0,0.0,0.0,0.0,0.0,0.0,0.0,0.0,0.0,0.0,0.0,0.0,0.0,65.6,0,118,57,43,65476,0,300,0,0,8,20529,65476,0,0,2621,60.0,0.0,0.0,0.0,0.0,0.0
2026-07-09T15:20:35,ERR,ERR,ERR,ERR,ERR,ERR,ERR,ERR,ERR,ERR,ERR,ERR,ERR,ERR,ERR,ERR,ERR,ERR,ERR,ERR,ERR,ERR,ERR,ERR,ERR,ERR,ERR,ERR,ERR,ERR,ERR,ERR,ERR,ERR,ERR,ERR,ERR,ERR,ERR,ERR,ERR,ERR,ERR,ERR,ERR,ERR,ERR,ERR,ERR,ERR,ERR,ERR,ERR,ERR,ERR,ERR,ERR,ERR,ERR,ERR,ERR,ERR,ERR,ERR,ERR,ERR,ERR,ERR,ERR,ERR,ERR,ERR,ERR,ERR,ERR,ERR,ERR,ERR,ERR,ERR,ERR,ERR,ERR,ERR,ERR,ERR,ERR,ERR,ERR,ERR,ERR,ERR,ERR,ERR,ERR,ERR,ERR,ERR,ERR,ERR,ERR,ERR,ERR,ERR,ERR,ERR,ERR,ERR,ERR,ERR,ERR,ERR,ERR,ERR,ERR,ERR,ERR,ERR,ERR,ERR,ERR,ERR,ERR,ERR,ERR,-107615104.0,-107616024.0,-107614896.0,0.0,0.0,-5.7751591550917264e+29,-4.395485933240863e+21,-8.84270473791933e+23,0,0,4,17427,7116,0.0,100,0.0,0.0,0.0,0.0,0.0,0,0,0,0,0.0,0,0,0,0,0,0,0,0,0,0,0,0,0,0,0,0,0,0,0,0,0,0,0,0,0,0,0,0,0,0,0,0,0,31,40,40,71,65476,0,300,0,0,8,21553,0.0,-107605600.0,0.0,0.0,0.0,0.0,0.0,0.0,0.0,0.0,0.0,0.0,0.0,0.0,0.0,0.0,0.0,0.0,0.0,0.0,0.0,0.0,-0.0,2.004,0.0,0.0,0.0,0.0,0.0,0.0,5172.0,-1.0406659998269917e+34,6943.0,-107615104.0,-0.0,2.004,2.004,0.0,0.0,0.0,0.0,69,2.718417410789135e+23,1.9056871253580186e+17,0.0,0.0,0.0,0.0,0.0,0.0,0.0,0,0,0,0.0,0.0,0.0,0.0,0.0,0.0,0.0,0.0,0.0,0.0,0.0,0.0,0.0,0.0,0.0,0.0,0,-107875648.0,69,0.0,138,0.0,2.012,ERR,ERR,ERR,ERR,ERR,ERR,ERR,ERR,ERR,ERR,ERR,ERR,ERR,ERR,ERR,ERR,ERR,ERR,ERR,ERR,ERR,ERR,ERR,ERR,ERR,ERR,ERR,ERR,ERR,ERR,ERR,ERR,ERR,ERR,ERR,ERR,ERR,ERR,ERR,ERR,ERR,ERR,ERR,ERR,ERR,ERR,ERR,ERR,ERR,ERR,ERR,ERR,ERR,ERR,ERR,ERR,ERR,ERR,ERR,ERR,ERR,ERR,ERR,ERR,ERR,ERR,ERR,60.0,60.0,35,0.0,0.0,0.0,0.0,0.0,0.0,0.0,0.0,0.0,0.0,0.0,0.0,0.0,0.0,0.0,0.0,65.2,0,118,57,43,65476,0,300,0,0,8,20529,65476,0,0,2621,60.0,0.0,0.0,0.0,0.0,0.0
2026-07-09T15:20:36,ERR,ERR,ERR,ERR,ERR,ERR,ERR,ERR,ERR,ERR,ERR,ERR,ERR,ERR,ERR,ERR,ERR,ERR,ERR,ERR,ERR,ERR,ERR,ERR,ERR,ERR,ERR,ERR,ERR,ERR,ERR,ERR,ERR,ERR,ERR,ERR,ERR,ERR,ERR,ERR,ERR,ERR,ERR,ERR,ERR,ERR,ERR,ERR,ERR,ERR,ERR,ERR,ERR,ERR,ERR,ERR,ERR,ERR,ERR,ERR,ERR,ERR,ERR,ERR,ERR,ERR,ERR,ERR,ERR,ERR,ERR,ERR,ERR,ERR,ERR,ERR,ERR,ERR,ERR,ERR,ERR,ERR,ERR,ERR,ERR,ERR,ERR,ERR,ERR,ERR,ERR,ERR,ERR,ERR,ERR,ERR,ERR,ERR,ERR,ERR,ERR,ERR,ERR,ERR,ERR,ERR,ERR,ERR,ERR,ERR,ERR,ERR,ERR,ERR,ERR,ERR,ERR,ERR,ERR,ERR,ERR,ERR,ERR,ERR,ERR,-107615104.0,-107616024.0,-107614896.0,0.0,0.0,0.0,0.0,-0.0,0,0,4,17427,7116,0.0,100,0.0,0.0,0.0,0.0,0.0,0,0,0,0,0.0,0,0,0,0,0,0,0,0,0,0,0,0,0,0,0,0,0,0,0,0,0,0,0,0,0,0,0,0,0,0,0,0,0,31,40,40,71,65476,0,300,0,0,8,21553,0.0,-107605600.0,0.0,0.0,0.0,0.0,0.0,0.0,0.0,0.0,0.0,0.0,0.0,0.0,0.0,0.0,0.0,0.0,0.0,0.0,0.0,0.0,-0.0,3.697067386368898e+19,0.0,0.0,0.0,0.0,0.0,0.0,5171.0,-1.0406659998269917e+34,6943.0,-107615104.0,-107616024.0,2.004,2.004,0.0,0.0,0.0,0.0,69,4.066853658014554e+29,0.059,0.0,0.0,0.0,0.0,0.0,0.0,0.0,0,0,0,0.0,0.0,0.0,0.0,0.0,0.0,0.0,0.0,0.0,0.0,0.0,0.0,0.0,0.0,0.0,0.0,0,-107875648.0,69,0.0,138,0.0,2.012,ERR,ERR,ERR,ERR,ERR,ERR,ERR,ERR,ERR,ERR,ERR,ERR,ERR,ERR,ERR,ERR,ERR,ERR,ERR,ERR,ERR,ERR,ERR,ERR,ERR,ERR,ERR,ERR,ERR,ERR,ERR,ERR,ERR,ERR,ERR,ERR,ERR,ERR,ERR,ERR,ERR,ERR,ERR,ERR,ERR,ERR,ERR,ERR,ERR,ERR,ERR,ERR,ERR,ERR,ERR,ERR,ERR,ERR,ERR,ERR,ERR,ERR,ERR,ERR,ERR,ERR,ERR,60.0,60.0,35,0.0,0.0,0.0,0.0,0.0,0.0,0.0,0.0,0.0,0.0,0.0,0.0,0.0,0.0,0.0,0.0,65.2,0,118,57,43,65476,0,300,0,0,8,20529,65476,0,0,2621,60.0,0.0,0.0,0.0,0.0,0.0
2026-07-09T15:20:37,ERR,ERR,ERR,ERR,ERR,ERR,ERR,ERR,ERR,ERR,ERR,ERR,ERR,ERR,ERR,ERR,ERR,ERR,ERR,ERR,ERR,ERR,ERR,ERR,ERR,ERR,ERR,ERR,ERR,ERR,ERR,ERR,ERR,ERR,ERR,ERR,ERR,ERR,ERR,ERR,ERR,ERR,ERR,ERR,ERR,ERR,ERR,ERR,ERR,ERR,ERR,ERR,ERR,ERR,ERR,ERR,ERR,ERR,ERR,ERR,ERR,ERR,ERR,ERR,ERR,ERR,ERR,ERR,ERR,ERR,ERR,ERR,ERR,ERR,ERR,ERR,ERR,ERR,ERR,ERR,ERR,ERR,ERR,ERR,ERR,ERR,ERR,ERR,ERR,ERR,ERR,ERR,ERR,ERR,ERR,ERR,ERR,ERR,ERR,ERR,ERR,ERR,ERR,ERR,ERR,ERR,ERR,ERR,ERR,ERR,ERR,ERR,ERR,ERR,ERR,ERR,ERR,ERR,ERR,ERR,ERR,ERR,ERR,ERR,ERR,-107615104.0,-107616024.0,-107614896.0,0.0,0.0,0.0,0.0,-0.0,0,0,4,17427,7116,0.0,100,0.0,0.0,0.0,0.0,0.0,0,0,0,0,0.0,0,0,0,0,0,0,0,0,0,0,0,0,0,0,0,0,0,0,0,0,0,0,0,0,0,0,0,0,0,0,0,0,0,31,40,40,71,65476,0,300,0,0,8,21553,0.0,-107605600.0,0.0,0.0,0.0,0.0,0.0,0.0,0.0,0.0,0.0,0.0,0.0,0.0,0.0,0.0,0.0,0.0,0.0,0.0,0.0,0.0,-0.0,3.697067386368898e+19,0.0,0.0,0.0,0.0,0.0,0.0,5171.0,-1.0406659998269917e+34,6943.0,-107615104.0,-107616024.0,2.004,2.004,0.0,0.0,0.0,0.0,69,4.066853658014554e+29,0.059,0.0,0.0,0.0,0.0,0.0,0.0,0.0,0,0,0,0.0,0.0,0.0,0.0,0.0,0.0,0.0,0.0,0.0,0.0,0.0,0.0,0.0,0.0,0.0,0.0,0,-107875648.0,69,0.0,138,0.0,2.012,ERR,ERR,ERR,ERR,ERR,ERR,ERR,ERR,ERR,ERR,ERR,ERR,ERR,ERR,ERR,ERR,ERR,ERR,ERR,ERR,ERR,ERR,ERR,ERR,ERR,ERR,ERR,ERR,ERR,ERR,ERR,ERR,ERR,ERR,ERR,ERR,ERR,ERR,ERR,ERR,ERR,ERR,ERR,ERR,ERR,ERR,ERR,ERR,ERR,ERR,ERR,ERR,ERR,ERR,ERR,ERR,ERR,ERR,ERR,ERR,ERR,ERR,ERR,ERR,ERR,ERR,ERR,60.0,60.0,35,0.0,0.0,0.0,0.0,0.0,0.0,0.0,0.0,0.0,0.0,0.0,0.0,0.0,0.0,0.0,0.0,65.2,0,118,57,44,65476,0,300,0,0,8,20529,65476,0,0,2621,60.0,0.0,0.0,0.0,0.0,0.0
2026-07-09T15:20:38,ERR,ERR,ERR,ERR,ERR,ERR,ERR,ERR,ERR,ERR,ERR,ERR,ERR,ERR,ERR,ERR,ERR,ERR,ERR,ERR,ERR,ERR,ERR,ERR,ERR,ERR,ERR,ERR,ERR,ERR,ERR,ERR,ERR,ERR,ERR,ERR,ERR,ERR,ERR,ERR,ERR,ERR,ERR,ERR,ERR,ERR,ERR,ERR,ERR,ERR,ERR,ERR,ERR,ERR,ERR,ERR,ERR,ERR,ERR,ERR,ERR,ERR,ERR,ERR,ERR,ERR,ERR,ERR,ERR,ERR,ERR,ERR,ERR,ERR,ERR,ERR,ERR,ERR,ERR,ERR,ERR,ERR,ERR,ERR,ERR,ERR,ERR,ERR,ERR,ERR,ERR,ERR,ERR,ERR,ERR,ERR,ERR,ERR,ERR,ERR,ERR,ERR,ERR,ERR,ERR,ERR,ERR,ERR,ERR,ERR,ERR,ERR,ERR,ERR,ERR,ERR,ERR,ERR,ERR,ERR,ERR,ERR,ERR,ERR,ERR,-107615104.0,-107616024.0,-107614896.0,0.0,0.0,0.0,0.0,-0.0,0,0,4,17427,7116,0.0,100,0.0,0.0,0.0,0.0,0.0,0,0,0,0,0.0,0,0,0,0,0,0,0,0,0,0,0,0,0,0,0,0,0,0,0,0,0,0,0,0,0,0,0,0,0,0,0,0,0,31,40,40,71,65476,0,300,0,0,8,21553,0.0,-107605600.0,0.0,0.0,0.0,0.0,0.0,0.0,0.0,0.0,0.0,0.0,0.0,0.0,0.0,0.0,0.0,0.0,0.0,0.0,0.0,0.0,-0.0,3.697067386368898e+19,0.0,0.0,0.0,0.0,0.0,0.0,5171.0,-1.0406659998269917e+34,6943.0,-107615104.0,-107616024.0,2.004,2.004,0.0,0.0,0.0,0.0,69,4.066853658014554e+29,0.059,0.0,0.0,0.0,0.0,0.0,0.0,0.0,0,0,0,0.0,0.0,0.0,0.0,0.0,0.0,0.0,0.0,0.0,0.0,0.0,0.0,0.0,0.0,0.0,0.0,0,-107875648.0,69,0.0,138,0.0,2.012,ERR,ERR,ERR,ERR,ERR,ERR,ERR,ERR,ERR,ERR,ERR,ERR,ERR,ERR,ERR,ERR,ERR,ERR,ERR,ERR,ERR,ERR,ERR,ERR,ERR,ERR,ERR,ERR,ERR,ERR,ERR,ERR,ERR,ERR,ERR,ERR,ERR,ERR,ERR,ERR,ERR,ERR,ERR,ERR,ERR,ERR,ERR,ERR,ERR,ERR,ERR,ERR,ERR,ERR,ERR,ERR,ERR,ERR,ERR,ERR,ERR,ERR,ERR,ERR,ERR,ERR,ERR,60.0,60.0,35,0.0,0.0,0.0,0.0,0.0,0.0,0.0,0.0,0.0,0.0,0.0,0.0,0.0,0.0,0.0,0.0,65.2,0,118,57,44,65476,0,300,0,0,8,20529,65476,0,0,2621,60.0,0.0,0.0,0.0,0.0,0.0
2026-07-09T15:20:39,ERR,ERR,ERR,ERR,ERR,ERR,ERR,ERR,ERR,ERR,ERR,ERR,ERR,ERR,ERR,ERR,ERR,ERR,ERR,ERR,ERR,ERR,ERR,ERR,ERR,ERR,ERR,ERR,ERR,ERR,ERR,ERR,ERR,ERR,ERR,ERR,ERR,ERR,ERR,ERR,ERR,ERR,ERR,ERR,ERR,ERR,ERR,ERR,ERR,ERR,ERR,ERR,ERR,ERR,ERR,ERR,ERR,ERR,ERR,ERR,ERR,ERR,ERR,ERR,ERR,ERR,ERR,ERR,ERR,ERR,ERR,ERR,ERR,ERR,ERR,ERR,ERR,ERR,ERR,ERR,ERR,ERR,ERR,ERR,ERR,ERR,ERR,ERR,ERR,ERR,ERR,ERR,ERR,ERR,ERR,ERR,ERR,ERR,ERR,ERR,ERR,ERR,ERR,ERR,ERR,ERR,ERR,ERR,ERR,ERR,ERR,ERR,ERR,ERR,ERR,ERR,ERR,ERR,ERR,ERR,ERR,ERR,ERR,ERR,ERR,-107615104.0,-107616024.0,-107614896.0,0.0,0.0,0.0,0.0,-0.0,0,0,4,17427,7116,0.0,100,0.0,0.0,0.0,0.0,0.0,0,0,0,0,0.0,0,0,0,0,0,0,0,0,0,0,0,0,0,0,0,0,0,0,0,0,0,0,0,0,0,0,0,0,0,0,0,0,0,31,40,40,71,65476,0,300,0,0,8,21553,0.0,-107605600.0,0.0,0.0,0.0,0.0,0.0,0.0,0.0,0.0,0.0,0.0,0.0,0.0,0.0,0.0,0.0,0.0,0.0,0.0,0.0,0.0,-0.0,3.697067386368898e+19,0.0,0.0,0.0,0.0,0.0,0.0,5171.0,-1.0406659998269917e+34,6943.0,-107615104.0,-107616024.0,2.004,2.004,0.0,0.0,0.0,0.0,69,4.066853658014554e+29,0.059,0.0,0.0,0.0,0.0,0.0,0.0,0.0,0,0,0,0.0,0.0,0.0,0.0,0.0,0.0,0.0,0.0,0.0,0.0,0.0,0.0,0.0,0.0,0.0,0.0,0,-107875648.0,69,0.0,138,0.0,2.012,ERR,ERR,ERR,ERR,ERR,ERR,ERR,ERR,ERR,ERR,ERR,ERR,ERR,ERR,ERR,ERR,ERR,ERR,ERR,ERR,ERR,ERR,ERR,ERR,ERR,ERR,ERR,ERR,ERR,ERR,ERR,ERR,ERR,ERR,ERR,ERR,ERR,ERR,ERR,ERR,ERR,ERR,ERR,ERR,ERR,ERR,ERR,ERR,ERR,ERR,ERR,ERR,ERR,ERR,ERR,ERR,ERR,ERR,ERR,ERR,ERR,ERR,ERR,ERR,ERR,ERR,ERR,60.0,60.0,35,0.0,0.0,0.0,0.0,0.0,0.0,0.0,0.0,0.0,0.0,0.0,0.0,0.0,0.0,0.0,0.0,65.2,0,118,57,44,65476,0,300,0,0,8,20529,65476,0,0,2621,60.0,0.0,0.0,0.0,0.0,0.0
2026-07-09T15:20:40,ERR,ERR,ERR,ERR,ERR,ERR,ERR,ERR,ERR,ERR,ERR,ERR,ERR,ERR,ERR,ERR,ERR,ERR,ERR,ERR,ERR,ERR,ERR,ERR,ERR,ERR,ERR,ERR,ERR,ERR,ERR,ERR,ERR,ERR,ERR,ERR,ERR,ERR,ERR,ERR,ERR,ERR,ERR,ERR,ERR,ERR,ERR,ERR,ERR,ERR,ERR,ERR,ERR,ERR,ERR,ERR,ERR,ERR,ERR,ERR,ERR,ERR,ERR,ERR,ERR,ERR,ERR,ERR,ERR,ERR,ERR,ERR,ERR,ERR,ERR,ERR,ERR,ERR,ERR,ERR,ERR,ERR,ERR,ERR,ERR,ERR,ERR,ERR,ERR,ERR,ERR,ERR,ERR,ERR,ERR,ERR,ERR,ERR,ERR,ERR,ERR,ERR,ERR,ERR,ERR,ERR,ERR,ERR,ERR,ERR,ERR,ERR,ERR,ERR,ERR,ERR,ERR,ERR,ERR,ERR,ERR,ERR,ERR,ERR,ERR,-107615104.0,-107616024.0,-107614896.0,0.0,0.0,0.0,0.0,-0.0,0,0,4,17427,7116,0.0,100,0.0,0.0,0.0,0.0,0.0,0,0,0,0,0.0,0,0,0,0,0,0,0,0,0,0,0,0,0,0,0,0,0,0,0,0,0,0,0,0,0,0,0,0,0,0,0,0,0,31,40,40,71,65476,0,300,0,0,8,21553,0.0,-107605600.0,0.0,0.0,0.0,0.0,0.0,0.0,0.0,0.0,0.0,0.0,0.0,0.0,0.0,0.0,0.0,0.0,0.0,0.0,0.0,0.0,-0.0,3.697067386368898e+19,0.0,0.0,0.0,0.0,0.0,0.0,5171.0,-1.0406659998269917e+34,6943.0,-107615104.0,-107616024.0,2.004,2.004,0.0,0.0,0.0,0.0,69,4.066853658014554e+29,0.059,0.0,0.0,0.0,0.0,0.0,0.0,0.0,0,0,0,0.0,0.0,0.0,0.0,0.0,0.0,0.0,0.0,0.0,0.0,0.0,0.0,0.0,0.0,0.0,0.0,0,-107875648.0,69,0.0,138,0.0,2.012,ERR,ERR,ERR,ERR,ERR,ERR,ERR,ERR,ERR,ERR,ERR,ERR,ERR,ERR,ERR,ERR,ERR,ERR,ERR,ERR,ERR,ERR,ERR,ERR,ERR,ERR,ERR,ERR,ERR,ERR,ERR,ERR,ERR,ERR,ERR,ERR,ERR,ERR,ERR,ERR,ERR,ERR,ERR,ERR,ERR,ERR,ERR,ERR,ERR,ERR,ERR,ERR,ERR,ERR,ERR,ERR,ERR,ERR,ERR,ERR,ERR,ERR,ERR,ERR,ERR,ERR,ERR,60.0,60.0,35,0.0,0.0,0.0,0.0,0.0,0.0,0.0,0.0,0.0,0.0,0.0,0.0,0.0,0.0,0.0,0.0,65.6,0,118,57,44,65476,0,300,0,0,8,20529,65476,0,0,2621,60.0,0.0,0.0,0.0,0.0,0.0
2026-07-09T15:20:41,ERR,ERR,ERR,ERR,ERR,ERR,ERR,ERR,ERR,ERR,ERR,ERR,ERR,ERR,ERR,ERR,ERR,ERR,ERR,ERR,ERR,ERR,ERR,ERR,ERR,ERR,ERR,ERR,ERR,ERR,ERR,ERR,ERR,ERR,ERR,ERR,ERR,ERR,ERR,ERR,ERR,ERR,ERR,ERR,ERR,ERR,ERR,ERR,ERR,ERR,ERR,ERR,ERR,ERR,ERR,ERR,ERR,ERR,ERR,ERR,ERR,ERR,ERR,ERR,ERR,ERR,ERR,ERR,ERR,ERR,ERR,ERR,ERR,ERR,ERR,ERR,ERR,ERR,ERR,ERR,ERR,ERR,ERR,ERR,ERR,ERR,ERR,ERR,ERR,ERR,ERR,ERR,ERR,ERR,ERR,ERR,ERR,ERR,ERR,ERR,ERR,ERR,ERR,ERR,ERR,ERR,ERR,ERR,ERR,ERR,ERR,ERR,ERR,ERR,ERR,ERR,ERR,ERR,ERR,ERR,ERR,ERR,ERR,ERR,ERR,0.0,-107616024.0,2.7302258490121003e+23,-0.0,8.018,0.0,0.0,126299734016.0,0,0,4,17427,7116,0.0,100,0.0,0.0,-0.0,0.0,0.0,0,0,0,0,0.0,0,0,0,0,0,0,0,0,0,0,0,0,0,0,0,0,0,0,0,0,0,0,0,0,0,0,0,0,0,0,0,0,0,31,40,40,71,65476,0,300,0,0,8,21553,0.0,-107605600.0,0.0,0.0,0.0,0.0,0.0,0.0,0.0,0.0,0.0,0.0,0.0,0.0,0.0,0.0,0.0,0.0,0.0,0.0,0.0,0.0,-2.004,-0.0,0.0,0.0,0.0,0.0,0.0,0.0,5170.0,-3.697188332647953e+19,6940.0,0.0,0.0,2.004,2.004,0.0,0.0,0.0,0.0,69,2.718417410789135e+23,0.0,0.0,0.0,0.0,0.0,0.0,0.0,0.0,0,0,0,0.0,0.0,0.0,0.0,0.0,0.0,0.0,0.0,0.0,0.0,0.0,0.0,0.0,0.0,0.0,0.0,0,-107875648.0,69,0.0,138,0.0,2.012,ERR,ERR,ERR,ERR,ERR,ERR,ERR,ERR,ERR,ERR,ERR,ERR,ERR,ERR,ERR,ERR,ERR,ERR,ERR,ERR,ERR,ERR,ERR,ERR,ERR,ERR,ERR,ERR,ERR,ERR,ERR,ERR,ERR,ERR,ERR,ERR,ERR,ERR,ERR,ERR,ERR,ERR,ERR,ERR,ERR,ERR,ERR,ERR,ERR,ERR,ERR,ERR,ERR,ERR,ERR,ERR,ERR,ERR,ERR,ERR,ERR,ERR,ERR,ERR,ERR,ERR,ERR,60.0,60.0,35,0.0,0.0,0.0,0.0,0.0,0.0,0.0,0.0,0.0,0.0,0.0,0.0,0.0,0.0,0.0,0.0,65.6,0,118,57,44,65476,0,300,0,0,8,20529,65476,0,0,2621,60.0,0.0,0.0,0.0,0.0,0.0
2026-07-09T15:20:42,ERR,ERR,ERR,ERR,ERR,ERR,ERR,ERR,ERR,ERR,ERR,ERR,ERR,ERR,ERR,ERR,ERR,ERR,ERR,ERR,ERR,ERR,ERR,ERR,ERR,ERR,ERR,ERR,ERR,ERR,ERR,ERR,ERR,ERR,ERR,ERR,ERR,ERR,ERR,ERR,ERR,ERR,ERR,ERR,ERR,ERR,ERR,ERR,ERR,ERR,ERR,ERR,ERR,ERR,ERR,ERR,ERR,ERR,ERR,ERR,ERR,ERR,ERR,ERR,ERR,ERR,ERR,ERR,ERR,ERR,ERR,ERR,ERR,ERR,ERR,ERR,ERR,ERR,ERR,ERR,ERR,ERR,ERR,ERR,ERR,ERR,ERR,ERR,ERR,ERR,ERR,ERR,ERR,ERR,ERR,ERR,ERR,ERR,ERR,ERR,ERR,ERR,ERR,ERR,ERR,ERR,ERR,ERR,ERR,ERR,ERR,ERR,ERR,ERR,ERR,ERR,ERR,ERR,ERR,ERR,ERR,ERR,ERR,ERR,ERR,0.0,-107616024.0,2.7302258490121003e+23,-0.0,8.018,0.0,0.0,126299734016.0,0,0,4,17427,7116,0.0,100,0.0,0.0,-0.0,0.0,0.0,0,0,0,0,0.0,0,0,0,0,0,0,0,0,0,0,0,0,0,0,0,0,0,0,0,0,0,0,0,0,0,0,0,0,0,0,0,0,0,31,40,40,71,65476,0,300,0,0,8,21553,0.0,-107605600.0,0.0,0.0,0.0,0.0,0.0,0.0,0.0,0.0,0.0,0.0,0.0,0.0,0.0,0.0,0.0,0.0,0.0,0.0,0.0,0.0,-2.004,-0.0,0.0,0.0,0.0,0.0,0.0,0.0,5170.0,-3.697188332647953e+19,6940.0,0.0,0.0,2.004,2.004,0.0,0.0,0.0,0.0,69,2.718417410789135e+23,0.0,0.0,0.0,0.0,0.0,0.0,0.0,0.0,0,0,0,0.0,0.0,0.0,0.0,0.0,0.0,0.0,0.0,0.0,0.0,0.0,0.0,0.0,0.0,0.0,0.0,0,-107875648.0,69,0.0,138,0.0,2.012,ERR,ERR,ERR,ERR,ERR,ERR,ERR,ERR,ERR,ERR,ERR,ERR,ERR,ERR,ERR,ERR,ERR,ERR,ERR,ERR,ERR,ERR,ERR,ERR,ERR,ERR,ERR,ERR,ERR,ERR,ERR,ERR,ERR,ERR,ERR,ERR,ERR,ERR,ERR,ERR,ERR,ERR,ERR,ERR,ERR,ERR,ERR,ERR,ERR,ERR,ERR,ERR,ERR,ERR,ERR,ERR,ERR,ERR,ERR,ERR,ERR,ERR,ERR,ERR,ERR,ERR,ERR,60.0,60.0,35,0.0,0.0,0.0,0.0,0.0,0.0,0.0,0.0,0.0,0.0,0.0,0.0,0.0,0.0,0.0,0.0,65.2,0,118,57,44,65476,0,300,0,0,8,20529,65476,0,0,2621,60.0,0.0,0.0,0.0,0.0,0.0
2026-07-09T15:20:43,ERR,ERR,ERR,ERR,ERR,ERR,ERR,ERR,ERR,ERR,ERR,ERR,ERR,ERR,ERR,ERR,ERR,ERR,ERR,ERR,ERR,ERR,ERR,ERR,ERR,ERR,ERR,ERR,ERR,ERR,ERR,ERR,ERR,ERR,ERR,ERR,ERR,ERR,ERR,ERR,ERR,ERR,ERR,ERR,ERR,ERR,ERR,ERR,ERR,ERR,ERR,ERR,ERR,ERR,ERR,ERR,ERR,ERR,ERR,ERR,ERR,ERR,ERR,ERR,ERR,ERR,ERR,ERR,ERR,ERR,ERR,ERR,ERR,ERR,ERR,ERR,ERR,ERR,ERR,ERR,ERR,ERR,ERR,ERR,ERR,ERR,ERR,ERR,ERR,ERR,ERR,ERR,ERR,ERR,ERR,ERR,ERR,ERR,ERR,ERR,ERR,ERR,ERR,ERR,ERR,ERR,ERR,ERR,ERR,ERR,ERR,ERR,ERR,ERR,ERR,ERR,ERR,ERR,ERR,ERR,ERR,ERR,ERR,ERR,ERR,0.0,-107616024.0,2.7302258490121003e+23,-0.0,8.018,0.0,0.0,126299734016.0,0,0,4,17427,7116,0.0,100,0.0,0.0,-0.0,0.0,0.0,0,0,0,0,0.0,0,0,0,0,0,0,0,0,0,0,0,0,0,0,0,0,0,0,0,0,0,0,0,0,0,0,0,0,0,0,0,0,0,31,40,40,71,65476,0,300,0,0,8,21553,0.0,-107605600.0,0.0,0.0,0.0,0.0,0.0,0.0,0.0,0.0,0.0,0.0,0.0,0.0,0.0,0.0,0.0,0.0,0.0,0.0,0.0,0.0,-2.004,-0.0,0.0,0.0,0.0,0.0,0.0,0.0,5170.0,-3.697188332647953e+19,6940.0,0.0,0.0,2.004,2.004,0.0,0.0,0.0,0.0,69,2.718417410789135e+23,0.0,0.0,0.0,0.0,0.0,0.0,0.0,0.0,0,0,0,0.0,0.0,0.0,0.0,0.0,0.0,0.0,0.0,0.0,0.0,0.0,0.0,0.0,0.0,0.0,0.0,0,-107875648.0,69,0.0,138,0.0,2.012,ERR,ERR,ERR,ERR,ERR,ERR,ERR,ERR,ERR,ERR,ERR,ERR,ERR,ERR,ERR,ERR,ERR,ERR,ERR,ERR,ERR,ERR,ERR,ERR,ERR,ERR,ERR,ERR,ERR,ERR,ERR,ERR,ERR,ERR,ERR,ERR,ERR,ERR,ERR,ERR,ERR,ERR,ERR,ERR,ERR,ERR,ERR,ERR,ERR,ERR,ERR,ERR,ERR,ERR,ERR,ERR,ERR,ERR,ERR,ERR,ERR,ERR,ERR,ERR,ERR,ERR,ERR,60.0,60.0,35,0.0,0.0,0.0,0.0,0.0,0.0,0.0,0.0,0.0,0.0,0.0,0.0,0.0,0.0,0.0,0.0,65.6,0,119,57,44,65476,0,300,0,0,8,20529,65476,0,0,2621,60.0,0.0,0.0,0.0,0.0,0.0
2026-07-09T15:20:44,ERR,ERR,ERR,ERR,ERR,ERR,ERR,ERR,ERR,ERR,ERR,ERR,ERR,ERR,ERR,ERR,ERR,ERR,ERR,ERR,ERR,ERR,ERR,ERR,ERR,ERR,ERR,ERR,ERR,ERR,ERR,ERR,ERR,ERR,ERR,ERR,ERR,ERR,ERR,ERR,ERR,ERR,ERR,ERR,ERR,ERR,ERR,ERR,ERR,ERR,ERR,ERR,ERR,ERR,ERR,ERR,ERR,ERR,ERR,ERR,ERR,ERR,ERR,ERR,ERR,ERR,ERR,ERR,ERR,ERR,ERR,ERR,ERR,ERR,ERR,ERR,ERR,ERR,ERR,ERR,ERR,ERR,ERR,ERR,ERR,ERR,ERR,ERR,ERR,ERR,ERR,ERR,ERR,ERR,ERR,ERR,ERR,ERR,ERR,ERR,ERR,ERR,ERR,ERR,ERR,ERR,ERR,ERR,ERR,ERR,ERR,ERR,ERR,ERR,ERR,ERR,ERR,ERR,ERR,ERR,ERR,ERR,ERR,ERR,ERR,0.0,-107616024.0,2.7302258490121003e+23,-0.0,8.018,0.0,0.0,126299734016.0,0,0,4,17427,7116,0.0,100,0.0,0.0,-0.0,0.0,0.0,0,0,0,0,0.0,0,0,0,0,0,0,0,0,0,0,0,0,0,0,0,0,0,0,0,0,0,0,0,0,0,0,0,0,0,0,0,0,0,31,40,40,71,65476,0,300,0,0,8,21553,0.0,-107605600.0,0.0,0.0,0.0,0.0,0.0,0.0,0.0,0.0,0.0,0.0,0.0,0.0,0.0,0.0,0.0,0.0,0.0,0.0,0.0,0.0,-2.004,-0.0,0.0,0.0,0.0,0.0,0.0,0.0,5170.0,-3.697188332647953e+19,6940.0,0.0,0.0,2.004,2.004,0.0,0.0,0.0,0.0,69,2.718417410789135e+23,0.0,0.0,0.0,0.0,0.0,0.0,0.0,0.0,0,0,0,0.0,0.0,0.0,0.0,0.0,0.0,0.0,0.0,0.0,0.0,0.0,0.0,0.0,0.0,0.0,0.0,0,-107875648.0,69,0.0,138,0.0,2.012,ERR,ERR,ERR,ERR,ERR,ERR,ERR,ERR,ERR,ERR,ERR,ERR,ERR,ERR,ERR,ERR,ERR,ERR,ERR,ERR,ERR,ERR,ERR,ERR,ERR,ERR,ERR,ERR,ERR,ERR,ERR,ERR,ERR,ERR,ERR,ERR,ERR,ERR,ERR,ERR,ERR,ERR,ERR,ERR,ERR,ERR,ERR,ERR,ERR,ERR,ERR,ERR,ERR,ERR,ERR,ERR,ERR,ERR,ERR,ERR,ERR,ERR,ERR,ERR,ERR,ERR,ERR,60.0,60.0,35,0.0,0.0,0.0,0.0,0.0,0.0,0.0,0.0,0.0,0.0,0.0,0.0,0.0,0.0,0.0,0.0,65.6,0,119,57,44,65476,0,300,0,0,8,20529,65476,0,0,2621,60.0,0.0,0.0,0.0,0.0,0.0
2026-07-09T15:20:45,ERR,ERR,ERR,ERR,ERR,ERR,ERR,ERR,ERR,ERR,ERR,ERR,ERR,ERR,ERR,ERR,ERR,ERR,ERR,ERR,ERR,ERR,ERR,ERR,ERR,ERR,ERR,ERR,ERR,ERR,ERR,ERR,ERR,ERR,ERR,ERR,ERR,ERR,ERR,ERR,ERR,ERR,ERR,ERR,ERR,ERR,ERR,ERR,ERR,ERR,ERR,ERR,ERR,ERR,ERR,ERR,ERR,ERR,ERR,ERR,ERR,ERR,ERR,ERR,ERR,ERR,ERR,ERR,ERR,ERR,ERR,ERR,ERR,ERR,ERR,ERR,ERR,ERR,ERR,ERR,ERR,ERR,ERR,ERR,ERR,ERR,ERR,ERR,ERR,ERR,ERR,ERR,ERR,ERR,ERR,ERR,ERR,ERR,ERR,ERR,ERR,ERR,ERR,ERR,ERR,ERR,ERR,ERR,ERR,ERR,ERR,ERR,ERR,ERR,ERR,ERR,ERR,ERR,ERR,ERR,ERR,ERR,ERR,ERR,ERR,0.0,-107616024.0,2.7302258490121003e+23,-0.0,8.018,0.0,0.0,126299734016.0,0,0,4,17427,7116,0.0,100,0.0,0.0,-0.0,0.0,0.0,0,0,0,0,0.0,0,0,0,0,0,0,0,0,0,0,0,0,0,0,0,0,0,0,0,0,0,0,0,0,0,0,0,0,0,0,0,0,0,31,40,40,71,65476,0,300,0,0,8,21553,0.0,-107605600.0,0.0,0.0,0.0,0.0,0.0,0.0,0.0,0.0,0.0,0.0,0.0,0.0,0.0,0.0,0.0,0.0,0.0,0.0,0.0,0.0,-2.004,-0.0,0.0,0.0,0.0,0.0,0.0,0.0,5170.0,-3.697188332647953e+19,6940.0,0.0,0.0,2.004,2.004,0.0,0.0,0.0,0.0,69,2.718417410789135e+23,0.0,0.0,0.0,0.0,0.0,0.0,0.0,0.0,0,0,0,0.0,0.0,0.0,0.0,0.0,0.0,0.0,0.0,0.0,0.0,0.0,0.0,0.0,0.0,0.0,0.0,0,-107875648.0,69,0.0,138,0.0,2.012,ERR,ERR,ERR,ERR,ERR,ERR,ERR,ERR,ERR,ERR,ERR,ERR,ERR,ERR,ERR,ERR,ERR,ERR,ERR,ERR,ERR,ERR,ERR,ERR,ERR,ERR,ERR,ERR,ERR,ERR,ERR,ERR,ERR,ERR,ERR,ERR,ERR,ERR,ERR,ERR,ERR,ERR,ERR,ERR,ERR,ERR,ERR,ERR,ERR,ERR,ERR,ERR,ERR,ERR,ERR,ERR,ERR,ERR,ERR,ERR,ERR,ERR,ERR,ERR,ERR,ERR,ERR,60.0,60.0,35,0.0,0.0,0.0,0.0,0.0,0.0,0.0,0.0,0.0,0.0,0.0,0.0,0.0,0.0,0.0,0.0,65.2,0,119,57,44,65476,0,300,0,0,8,20529,65476,0,0,2621,60.0,0.0,0.0,0.0,0.0,0.0
2026-07-09T15:20:46,ERR,ERR,ERR,ERR,ERR,ERR,ERR,ERR,ERR,ERR,ERR,ERR,ERR,ERR,ERR,ERR,ERR,ERR,ERR,ERR,ERR,ERR,ERR,ERR,ERR,ERR,ERR,ERR,ERR,ERR,ERR,ERR,ERR,ERR,ERR,ERR,ERR,ERR,ERR,ERR,ERR,ERR,ERR,ERR,ERR,ERR,ERR,ERR,ERR,ERR,ERR,ERR,ERR,ERR,ERR,ERR,ERR,ERR,ERR,ERR,ERR,ERR,ERR,ERR,ERR,ERR,ERR,ERR,ERR,ERR,ERR,ERR,ERR,ERR,ERR,ERR,ERR,ERR,ERR,ERR,ERR,ERR,ERR,ERR,ERR,ERR,ERR,ERR,ERR,ERR,ERR,ERR,ERR,ERR,ERR,ERR,ERR,ERR,ERR,ERR,ERR,ERR,ERR,ERR,ERR,ERR,ERR,ERR,ERR,ERR,ERR,ERR,ERR,ERR,ERR,ERR,ERR,ERR,ERR,ERR,ERR,ERR,ERR,ERR,ERR,0.0,0.0,-107614896.0,0.0,0.0,8.258194341713936e+19,3.739,2.1358050313139493e+20,0,0,4,17426,7116,0.0,100,0.0,0.0,0.0,0.0,0.0,0,0,0,0,0.0,0,0,0,0,0,0,0,0,0,0,0,0,0,0,0,0,0,0,0,0,0,0,0,0,0,0,0,0,0,0,0,0,0,31,40,40,71,65476,0,300,0,0,8,21553,0.0,-107605600.0,0.0,0.0,0.0,0.0,0.0,0.0,0.0,0.0,0.0,0.0,0.0,0.0,0.0,0.0,0.0,0.0,0.0,0.0,0.0,0.0,-2.004,-0.0,0.0,0.0,0.0,0.0,0.0,0.0,5170.0,-8608187392.0,6938.0,0.0,0.0,2.004,2.004,0.0,0.0,0.0,0.0,69,2.718417410789135e+23,0.0,0.0,0.0,0.0,0.0,0.0,0.0,0.0,0,0,0,0.0,0.0,0.0,0.0,0.0,0.0,0.0,0.0,0.0,0.0,0.0,0.0,0.0,0.0,0.0,0.0,0,-107875648.0,69,0.0,138,0.0,2.012,ERR,ERR,ERR,ERR,ERR,ERR,ERR,ERR,ERR,ERR,ERR,ERR,ERR,ERR,ERR,ERR,ERR,ERR,ERR,ERR,ERR,ERR,ERR,ERR,ERR,ERR,ERR,ERR,ERR,ERR,ERR,ERR,ERR,ERR,ERR,ERR,ERR,ERR,ERR,ERR,ERR,ERR,ERR,ERR,ERR,ERR,ERR,ERR,ERR,ERR,ERR,ERR,ERR,ERR,ERR,ERR,ERR,ERR,ERR,ERR,ERR,ERR,ERR,ERR,ERR,ERR,ERR,60.0,60.0,35,0.0,0.0,0.0,0.0,0.0,0.0,0.0,0.0,0.0,0.0,0.0,0.0,0.0,0.0,0.0,0.0,65.2,0,119,57,44,65476,0,300,0,0,8,20529,65476,0,0,2621,60.0,0.0,0.0,0.0,0.0,0.0
2026-07-09T15:20:47,ERR,ERR,ERR,ERR,ERR,ERR,ERR,ERR,ERR,ERR,ERR,ERR,ERR,ERR,ERR,ERR,ERR,ERR,ERR,ERR,ERR,ERR,ERR,ERR,ERR,ERR,ERR,ERR,ERR,ERR,ERR,ERR,ERR,ERR,ERR,ERR,ERR,ERR,ERR,ERR,ERR,ERR,ERR,ERR,ERR,ERR,ERR,ERR,ERR,ERR,ERR,ERR,ERR,ERR,ERR,ERR,ERR,ERR,ERR,ERR,ERR,ERR,ERR,ERR,ERR,ERR,ERR,ERR,ERR,ERR,ERR,ERR,ERR,ERR,ERR,ERR,ERR,ERR,ERR,ERR,ERR,ERR,ERR,ERR,ERR,ERR,ERR,ERR,ERR,ERR,ERR,ERR,ERR,ERR,ERR,ERR,ERR,ERR,ERR,ERR,ERR,ERR,ERR,ERR,ERR,ERR,ERR,ERR,ERR,ERR,ERR,ERR,ERR,ERR,ERR,ERR,ERR,ERR,ERR,ERR,ERR,ERR,ERR,ERR,ERR,0.0,0.0,-107614896.0,0.0,0.0,8.258194341713936e+19,3.739,2.1358050313139493e+20,0,0,4,17426,7116,0.0,100,0.0,0.0,0.0,0.0,0.0,0,0,0,0,0.0,0,0,0,0,0,0,0,0,0,0,0,0,0,0,0,0,0,0,0,0,0,0,0,0,0,0,0,0,0,0,0,0,0,31,40,40,71,65476,0,300,0,0,8,21553,0.0,-107605600.0,0.0,0.0,0.0,0.0,0.0,0.0,0.0,0.0,0.0,0.0,0.0,0.0,0.0,0.0,0.0,0.0,0.0,0.0,0.0,0.0,-2.004,-0.0,0.0,0.0,0.0,0.0,0.0,0.0,5170.0,-8608187392.0,6938.0,0.0,0.0,2.004,2.004,0.0,0.0,0.0,0.0,69,2.718417410789135e+23,0.0,0.0,0.0,0.0,0.0,0.0,0.0,0.0,0,0,0,0.0,0.0,0.0,0.0,0.0,0.0,0.0,0.0,0.0,0.0,0.0,0.0,0.0,0.0,0.0,0.0,0,-107875648.0,69,0.0,138,0.0,2.012,ERR,ERR,ERR,ERR,ERR,ERR,ERR,ERR,ERR,ERR,ERR,ERR,ERR,ERR,ERR,ERR,ERR,ERR,ERR,ERR,ERR,ERR,ERR,ERR,ERR,ERR,ERR,ERR,ERR,ERR,ERR,ERR,ERR,ERR,ERR,ERR,ERR,ERR,ERR,ERR,ERR,ERR,ERR,ERR,ERR,ERR,ERR,ERR,ERR,ERR,ERR,ERR,ERR,ERR,ERR,ERR,ERR,ERR,ERR,ERR,ERR,ERR,ERR,ERR,ERR,ERR,ERR,60.0,60.0,35,0.0,0.0,0.0,0.0,0.0,0.0,0.0,0.0,0.0,0.0,0.0,0.0,0.0,0.0,0.0,0.0,65.2,0,119,57,44,65476,0,300,0,0,8,20529,65476,0,0,2621,60.0,0.0,0.0,0.0,0.0,0.0
2026-07-09T15:20:48,ERR,ERR,ERR,ERR,ERR,ERR,ERR,ERR,ERR,ERR,ERR,ERR,ERR,ERR,ERR,ERR,ERR,ERR,ERR,ERR,ERR,ERR,ERR,ERR,ERR,ERR,ERR,ERR,ERR,ERR,ERR,ERR,ERR,ERR,ERR,ERR,ERR,ERR,ERR,ERR,ERR,ERR,ERR,ERR,ERR,ERR,ERR,ERR,ERR,ERR,ERR,ERR,ERR,ERR,ERR,ERR,ERR,ERR,ERR,ERR,ERR,ERR,ERR,ERR,ERR,ERR,ERR,ERR,ERR,ERR,ERR,ERR,ERR,ERR,ERR,ERR,ERR,ERR,ERR,ERR,ERR,ERR,ERR,ERR,ERR,ERR,ERR,ERR,ERR,ERR,ERR,ERR,ERR,ERR,ERR,ERR,ERR,ERR,ERR,ERR,ERR,ERR,ERR,ERR,ERR,ERR,ERR,ERR,ERR,ERR,ERR,ERR,ERR,ERR,ERR,ERR,ERR,ERR,ERR,ERR,ERR,ERR,ERR,ERR,ERR,0.0,0.0,-107614896.0,0.0,0.0,8.258194341713936e+19,3.739,2.1358050313139493e+20,0,0,4,17426,7116,0.0,100,0.0,0.0,0.0,0.0,0.0,0,0,0,0,0.0,0,0,0,0,0,0,0,0,0,0,0,0,0,0,0,0,0,0,0,0,0,0,0,0,0,0,0,0,0,0,0,0,0,31,40,40,71,65476,0,300,0,0,8,21553,0.0,-107605600.0,0.0,0.0,0.0,0.0,0.0,0.0,0.0,0.0,0.0,0.0,0.0,0.0,0.0,0.0,0.0,0.0,0.0,0.0,0.0,0.0,-2.004,-0.0,0.0,0.0,0.0,0.0,0.0,0.0,5170.0,-8608187392.0,6938.0,0.0,0.0,2.004,2.004,0.0,0.0,0.0,0.0,69,2.718417410789135e+23,0.0,0.0,0.0,0.0,0.0,0.0,0.0,0.0,0,0,0,0.0,0.0,0.0,0.0,0.0,0.0,0.0,0.0,0.0,0.0,0.0,0.0,0.0,0.0,0.0,0.0,0,-107875648.0,69,0.0,138,0.0,2.012,ERR,ERR,ERR,ERR,ERR,ERR,ERR,ERR,ERR,ERR,ERR,ERR,ERR,ERR,ERR,ERR,ERR,ERR,ERR,ERR,ERR,ERR,ERR,ERR,ERR,ERR,ERR,ERR,ERR,ERR,ERR,ERR,ERR,ERR,ERR,ERR,ERR,ERR,ERR,ERR,ERR,ERR,ERR,ERR,ERR,ERR,ERR,ERR,ERR,ERR,ERR,ERR,ERR,ERR,ERR,ERR,ERR,ERR,ERR,ERR,ERR,ERR,ERR,ERR,ERR,ERR,ERR,60.0,60.0,35,0.0,0.0,0.0,0.0,0.0,0.0,0.0,0.0,0.0,0.0,0.0,0.0,0.0,0.0,0.0,0.0,65.6,0,119,57,44,65476,0,300,0,0,8,20529,65476,0,0,2621,60.0,0.0,0.0,0.0,0.0,0.0
2026-07-09T15:20:49,ERR,ERR,ERR,ERR,ERR,ERR,ERR,ERR,ERR,ERR,ERR,ERR,ERR,ERR,ERR,ERR,ERR,ERR,ERR,ERR,ERR,ERR,ERR,ERR,ERR,ERR,ERR,ERR,ERR,ERR,ERR,ERR,ERR,ERR,ERR,ERR,ERR,ERR,ERR,ERR,ERR,ERR,ERR,ERR,ERR,ERR,ERR,ERR,ERR,ERR,ERR,ERR,ERR,ERR,ERR,ERR,ERR,ERR,ERR,ERR,ERR,ERR,ERR,ERR,ERR,ERR,ERR,ERR,ERR,ERR,ERR,ERR,ERR,ERR,ERR,ERR,ERR,ERR,ERR,ERR,ERR,ERR,ERR,ERR,ERR,ERR,ERR,ERR,ERR,ERR,ERR,ERR,ERR,ERR,ERR,ERR,ERR,ERR,ERR,ERR,ERR,ERR,ERR,ERR,ERR,ERR,ERR,ERR,ERR,ERR,ERR,ERR,ERR,ERR,ERR,ERR,ERR,ERR,ERR,ERR,ERR,ERR,ERR,ERR,ERR,0.0,0.0,-107614896.0,0.0,0.0,8.258194341713936e+19,3.739,2.1358050313139493e+20,0,0,4,17426,7116,0.0,100,0.0,0.0,0.0,0.0,0.0,0,0,0,0,0.0,0,0,0,0,0,0,0,0,0,0,0,0,0,0,0,0,0,0,0,0,0,0,0,0,0,0,0,0,0,0,0,0,0,31,40,40,71,65476,0,300,0,0,8,21553,0.0,-107605600.0,0.0,0.0,0.0,0.0,0.0,0.0,0.0,0.0,0.0,0.0,0.0,0.0,0.0,0.0,0.0,0.0,0.0,0.0,0.0,0.0,-2.004,-0.0,0.0,0.0,0.0,0.0,0.0,0.0,5170.0,-8608187392.0,6938.0,0.0,0.0,2.004,2.004,0.0,0.0,0.0,0.0,69,2.718417410789135e+23,0.0,0.0,0.0,0.0,0.0,0.0,0.0,0.0,0,0,0,0.0,0.0,0.0,0.0,0.0,0.0,0.0,0.0,0.0,0.0,0.0,0.0,0.0,0.0,0.0,0.0,0,-107875648.0,69,0.0,138,0.0,2.012,ERR,ERR,ERR,ERR,ERR,ERR,ERR,ERR,ERR,ERR,ERR,ERR,ERR,ERR,ERR,ERR,ERR,ERR,ERR,ERR,ERR,ERR,ERR,ERR,ERR,ERR,ERR,ERR,ERR,ERR,ERR,ERR,ERR,ERR,ERR,ERR,ERR,ERR,ERR,ERR,ERR,ERR,ERR,ERR,ERR,ERR,ERR,ERR,ERR,ERR,ERR,ERR,ERR,ERR,ERR,ERR,ERR,ERR,ERR,ERR,ERR,ERR,ERR,ERR,ERR,ERR,ERR,60.0,60.0,35,0.0,0.0,0.0,0.0,0.0,0.0,0.0,0.0,0.0,0.0,0.0,0.0,0.0,0.0,0.0,0.0,65.6,0,119,57,44,65476,0,300,0,0,8,20529,65476,0,0,2621,60.0,0.0,0.0,0.0,0.0,0.0
2026-07-09T15:20:51,ERR,ERR,ERR,ERR,ERR,ERR,ERR,ERR,ERR,ERR,ERR,ERR,ERR,ERR,ERR,ERR,ERR,ERR,ERR,ERR,ERR,ERR,ERR,ERR,ERR,ERR,ERR,ERR,ERR,ERR,ERR,ERR,ERR,ERR,ERR,ERR,ERR,ERR,ERR,ERR,ERR,ERR,ERR,ERR,ERR,ERR,ERR,ERR,ERR,ERR,ERR,ERR,ERR,ERR,ERR,ERR,ERR,ERR,ERR,ERR,ERR,ERR,ERR,ERR,ERR,ERR,ERR,ERR,ERR,ERR,ERR,ERR,ERR,ERR,ERR,ERR,ERR,ERR,ERR,ERR,ERR,ERR,ERR,ERR,ERR,ERR,ERR,ERR,ERR,ERR,ERR,ERR,ERR,ERR,ERR,ERR,ERR,ERR,ERR,ERR,ERR,ERR,ERR,ERR,ERR,ERR,ERR,ERR,ERR,ERR,ERR,ERR,ERR,ERR,ERR,ERR,ERR,ERR,ERR,ERR,ERR,ERR,ERR,ERR,ERR,0.0,2.7184455132508097e+23,-0.0,0.0,-2.989,nan,1.3249012035485696e+16,0.0,0,0,4,17426,7116,0.0,100,0.0,0.0,0.0,0.0,0.0,0,0,0,0,0.0,0,0,0,0,0,0,0,0,0,0,0,0,0,0,0,0,0,0,0,0,0,0,0,0,0,0,0,0,0,0,0,0,0,31,40,40,71,65476,0,300,0,0,8,21553,0.0,-107605600.0,0.0,0.0,0.0,0.0,0.0,0.0,0.0,0.0,0.0,0.0,0.0,0.0,0.0,0.0,0.0,0.0,0.0,0.0,0.0,0.0,-2.004,-2.004,0.0,0.0,0.0,0.0,0.0,0.0,5174.0,-1.5879302975875728e+29,6942.0,0.0,2.7184455132508097e+23,2.004,2.004,0.0,0.0,0.0,0.0,69,-0.0,89220.617,0.0,0.0,0.0,0.0,0.0,0.0,0.0,0,0,0,0.0,0.0,0.0,0.0,0.0,0.0,0.0,0.0,0.0,0.0,0.0,0.0,0.0,0.0,0.0,0.0,0,-107875648.0,69,0.0,138,0.0,2.012,ERR,ERR,ERR,ERR,ERR,ERR,ERR,ERR,ERR,ERR,ERR,ERR,ERR,ERR,ERR,ERR,ERR,ERR,ERR,ERR,ERR,ERR,ERR,ERR,ERR,ERR,ERR,ERR,ERR,ERR,ERR,ERR,ERR,ERR,ERR,ERR,ERR,ERR,ERR,ERR,ERR,ERR,ERR,ERR,ERR,ERR,ERR,ERR,ERR,ERR,ERR,ERR,ERR,ERR,ERR,ERR,ERR,ERR,ERR,ERR,ERR,ERR,ERR,ERR,ERR,ERR,ERR,60.0,60.0,35,0.0,0.0,0.0,0.0,0.0,0.0,0.0,0.0,0.0,0.0,0.0,0.0,0.0,0.0,0.0,0.0,65.2,0,119,57,44,65476,0,300,0,0,8,20529,65476,0,0,2621,60.0,0.0,0.0,0.0,0.0,0.0
2026-07-09T15:20:52,ERR,ERR,ERR,ERR,ERR,ERR,ERR,ERR,ERR,ERR,ERR,ERR,ERR,ERR,ERR,ERR,ERR,ERR,ERR,ERR,ERR,ERR,ERR,ERR,ERR,ERR,ERR,ERR,ERR,ERR,ERR,ERR,ERR,ERR,ERR,ERR,ERR,ERR,ERR,ERR,ERR,ERR,ERR,ERR,ERR,ERR,ERR,ERR,ERR,ERR,ERR,ERR,ERR,ERR,ERR,ERR,ERR,ERR,ERR,ERR,ERR,ERR,ERR,ERR,ERR,ERR,ERR,ERR,ERR,ERR,ERR,ERR,ERR,ERR,ERR,ERR,ERR,ERR,ERR,ERR,ERR,ERR,ERR,ERR,ERR,ERR,ERR,ERR,ERR,ERR,ERR,ERR,ERR,ERR,ERR,ERR,ERR,ERR,ERR,ERR,ERR,ERR,ERR,ERR,ERR,ERR,ERR,ERR,ERR,ERR,ERR,ERR,ERR,ERR,ERR,ERR,ERR,ERR,ERR,ERR,ERR,ERR,ERR,ERR,ERR,0.0,2.7184455132508097e+23,-0.0,0.0,-2.989,nan,1.3249012035485696e+16,0.0,0,0,4,17426,7116,0.0,100,0.0,0.0,0.0,0.0,0.0,0,0,0,0,0.0,0,0,0,0,0,0,0,0,0,0,0,0,0,0,0,0,0,0,0,0,0,0,0,0,0,0,0,0,0,0,0,0,0,31,40,40,71,65476,0,300,0,0,8,21553,0.0,-107605600.0,0.0,0.0,0.0,0.0,0.0,0.0,0.0,0.0,0.0,0.0,0.0,0.0,0.0,0.0,0.0,0.0,0.0,0.0,0.0,0.0,-2.004,-2.004,0.0,0.0,0.0,0.0,0.0,0.0,5174.0,-1.5879302975875728e+29,6942.0,0.0,2.7184455132508097e+23,2.004,2.004,0.0,0.0,0.0,0.0,69,-0.0,89220.617,0.0,0.0,0.0,0.0,0.0,0.0,0.0,0,0,0,0.0,0.0,0.0,0.0,0.0,0.0,0.0,0.0,0.0,0.0,0.0,0.0,0.0,0.0,0.0,0.0,0,-107875648.0,69,0.0,138,0.0,2.012,ERR,ERR,ERR,ERR,ERR,ERR,ERR,ERR,ERR,ERR,ERR,ERR,ERR,ERR,ERR,ERR,ERR,ERR,ERR,ERR,ERR,ERR,ERR,ERR,ERR,ERR,ERR,ERR,ERR,ERR,ERR,ERR,ERR,ERR,ERR,ERR,ERR,ERR,ERR,ERR,ERR,ERR,ERR,ERR,ERR,ERR,ERR,ERR,ERR,ERR,ERR,ERR,ERR,ERR,ERR,ERR,ERR,ERR,ERR,ERR,ERR,ERR,ERR,ERR,ERR,ERR,ERR,60.0,60.0,35,0.0,0.0,0.0,0.0,0.0,0.0,0.0,0.0,0.0,0.0,0.0,0.0,0.0,0.0,0.0,0.0,65.2,0,119,57,44,65476,0,300,0,0,8,20529,65476,0,0,2621,60.0,0.0,0.0,0.0,0.0,0.0
2026-07-09T15:20:53,ERR,ERR,ERR,ERR,ERR,ERR,ERR,ERR,ERR,ERR,ERR,ERR,ERR,ERR,ERR,ERR,ERR,ERR,ERR,ERR,ERR,ERR,ERR,ERR,ERR,ERR,ERR,ERR,ERR,ERR,ERR,ERR,ERR,ERR,ERR,ERR,ERR,ERR,ERR,ERR,ERR,ERR,ERR,ERR,ERR,ERR,ERR,ERR,ERR,ERR,ERR,ERR,ERR,ERR,ERR,ERR,ERR,ERR,ERR,ERR,ERR,ERR,ERR,ERR,ERR,ERR,ERR,ERR,ERR,ERR,ERR,ERR,ERR,ERR,ERR,ERR,ERR,ERR,ERR,ERR,ERR,ERR,ERR,ERR,ERR,ERR,ERR,ERR,ERR,ERR,ERR,ERR,ERR,ERR,ERR,ERR,ERR,ERR,ERR,ERR,ERR,ERR,ERR,ERR,ERR,ERR,ERR,ERR,ERR,ERR,ERR,ERR,ERR,ERR,ERR,ERR,ERR,ERR,ERR,ERR,ERR,ERR,ERR,ERR,ERR,0.0,2.7184455132508097e+23,-0.0,0.0,-2.989,nan,1.3249012035485696e+16,0.0,0,0,4,17426,7116,0.0,100,0.0,0.0,0.0,0.0,0.0,0,0,0,0,0.0,0,0,0,0,0,0,0,0,0,0,0,0,0,0,0,0,0,0,0,0,0,0,0,0,0,0,0,0,0,0,0,0,0,31,40,40,71,65476,0,300,0,0,8,21553,0.0,-107605600.0,0.0,0.0,0.0,0.0,0.0,0.0,0.0,0.0,0.0,0.0,0.0,0.0,0.0,0.0,0.0,0.0,0.0,0.0,0.0,0.0,-2.004,-2.004,0.0,0.0,0.0,0.0,0.0,0.0,5174.0,-1.5879302975875728e+29,6942.0,0.0,2.7184455132508097e+23,2.004,2.004,0.0,0.0,0.0,0.0,69,-0.0,89220.617,0.0,0.0,0.0,0.0,0.0,0.0,0.0,0,0,0,0.0,0.0,0.0,0.0,0.0,0.0,0.0,0.0,0.0,0.0,0.0,0.0,0.0,0.0,0.0,0.0,0,-107875648.0,69,0.0,138,0.0,2.012,ERR,ERR,ERR,ERR,ERR,ERR,ERR,ERR,ERR,ERR,ERR,ERR,ERR,ERR,ERR,ERR,ERR,ERR,ERR,ERR,ERR,ERR,ERR,ERR,ERR,ERR,ERR,ERR,ERR,ERR,ERR,ERR,ERR,ERR,ERR,ERR,ERR,ERR,ERR,ERR,ERR,ERR,ERR,ERR,ERR,ERR,ERR,ERR,ERR,ERR,ERR,ERR,ERR,ERR,ERR,ERR,ERR,ERR,ERR,ERR,ERR,ERR,ERR,ERR,ERR,ERR,ERR,60.0,60.0,35,0.0,0.0,0.0,0.0,0.0,0.0,0.0,0.0,0.0,0.0,0.0,0.0,0.0,0.0,0.0,0.0,65.2,0,119,57,44,65476,0,300,0,0,8,20529,65476,0,0,2621,60.0,0.0,0.0,0.0,0.0,0.0
2026-07-09T15:20:54,ERR,ERR,ERR,ERR,ERR,ERR,ERR,ERR,ERR,ERR,ERR,ERR,ERR,ERR,ERR,ERR,ERR,ERR,ERR,ERR,ERR,ERR,ERR,ERR,ERR,ERR,ERR,ERR,ERR,ERR,ERR,ERR,ERR,ERR,ERR,ERR,ERR,ERR,ERR,ERR,ERR,ERR,ERR,ERR,ERR,ERR,ERR,ERR,ERR,ERR,ERR,ERR,ERR,ERR,ERR,ERR,ERR,ERR,ERR,ERR,ERR,ERR,ERR,ERR,ERR,ERR,ERR,ERR,ERR,ERR,ERR,ERR,ERR,ERR,ERR,ERR,ERR,ERR,ERR,ERR,ERR,ERR,ERR,ERR,ERR,ERR,ERR,ERR,ERR,ERR,ERR,ERR,ERR,ERR,ERR,ERR,ERR,ERR,ERR,ERR,ERR,ERR,ERR,ERR,ERR,ERR,ERR,ERR,ERR,ERR,ERR,ERR,ERR,ERR,ERR,ERR,ERR,ERR,ERR,ERR,ERR,ERR,ERR,ERR,ERR,0.0,2.7184455132508097e+23,-0.0,0.0,-2.989,nan,1.3249012035485696e+16,0.0,0,0,4,17426,7116,0.0,100,0.0,0.0,0.0,0.0,0.0,0,0,0,0,0.0,0,0,0,0,0,0,0,0,0,0,0,0,0,0,0,0,0,0,0,0,0,0,0,0,0,0,0,0,0,0,0,0,0,31,40,40,71,65476,0,300,0,0,8,21553,0.0,-107605600.0,0.0,0.0,0.0,0.0,0.0,0.0,0.0,0.0,0.0,0.0,0.0,0.0,0.0,0.0,0.0,0.0,0.0,0.0,0.0,0.0,-2.004,-2.004,0.0,0.0,0.0,0.0,0.0,0.0,5174.0,-1.5879302975875728e+29,6942.0,0.0,2.7184455132508097e+23,2.004,2.004,0.0,0.0,0.0,0.0,69,-0.0,89220.617,0.0,0.0,0.0,0.0,0.0,0.0,0.0,0,0,0,0.0,0.0,0.0,0.0,0.0,0.0,0.0,0.0,0.0,0.0,0.0,0.0,0.0,0.0,0.0,0.0,0,-107875648.0,69,0.0,138,0.0,2.012,ERR,ERR,ERR,ERR,ERR,ERR,ERR,ERR,ERR,ERR,ERR,ERR,ERR,ERR,ERR,ERR,ERR,ERR,ERR,ERR,ERR,ERR,ERR,ERR,ERR,ERR,ERR,ERR,ERR,ERR,ERR,ERR,ERR,ERR,ERR,ERR,ERR,ERR,ERR,ERR,ERR,ERR,ERR,ERR,ERR,ERR,ERR,ERR,ERR,ERR,ERR,ERR,ERR,ERR,ERR,ERR,ERR,ERR,ERR,ERR,ERR,ERR,ERR,ERR,ERR,ERR,ERR,60.0,60.0,35,0.0,0.0,0.0,0.0,0.0,0.0,0.0,0.0,0.0,0.0,0.0,0.0,0.0,0.0,0.0,0.0,65.6,0,119,57,44,65476,0,300,0,0,8,20529,65476,0,0,2621,60.0,0.0,0.0,0.0,0.0,0.0
2026-07-09T15:20:55,ERR,ERR,ERR,ERR,ERR,ERR,ERR,ERR,ERR,ERR,ERR,ERR,ERR,ERR,ERR,ERR,ERR,ERR,ERR,ERR,ERR,ERR,ERR,ERR,ERR,ERR,ERR,ERR,ERR,ERR,ERR,ERR,ERR,ERR,ERR,ERR,ERR,ERR,ERR,ERR,ERR,ERR,ERR,ERR,ERR,ERR,ERR,ERR,ERR,ERR,ERR,ERR,ERR,ERR,ERR,ERR,ERR,ERR,ERR,ERR,ERR,ERR,ERR,ERR,ERR,ERR,ERR,ERR,ERR,ERR,ERR,ERR,ERR,ERR,ERR,ERR,ERR,ERR,ERR,ERR,ERR,ERR,ERR,ERR,ERR,ERR,ERR,ERR,ERR,ERR,ERR,ERR,ERR,ERR,ERR,ERR,ERR,ERR,ERR,ERR,ERR,ERR,ERR,ERR,ERR,ERR,ERR,ERR,ERR,ERR,ERR,ERR,ERR,ERR,ERR,ERR,ERR,ERR,ERR,ERR,ERR,ERR,ERR,ERR,ERR,0.0,2.7184455132508097e+23,-0.0,0.0,-2.989,nan,1.3249012035485696e+16,0.0,0,0,4,17426,7116,0.0,100,0.0,0.0,0.0,0.0,0.0,0,0,0,0,0.0,0,0,0,0,0,0,0,0,0,0,0,0,0,0,0,0,0,0,0,0,0,0,0,0,0,0,0,0,0,0,0,0,0,31,40,40,71,65476,0,300,0,0,8,21553,0.0,-107605600.0,0.0,0.0,0.0,0.0,0.0,0.0,0.0,0.0,0.0,0.0,0.0,0.0,0.0,0.0,0.0,0.0,0.0,0.0,0.0,0.0,-2.004,-2.004,0.0,0.0,0.0,0.0,0.0,0.0,5174.0,-1.5879302975875728e+29,6942.0,0.0,2.7184455132508097e+23,2.004,2.004,0.0,0.0,0.0,0.0,69,-0.0,89220.617,0.0,0.0,0.0,0.0,0.0,0.0,0.0,0,0,0,0.0,0.0,0.0,0.0,0.0,0.0,0.0,0.0,0.0,0.0,0.0,0.0,0.0,0.0,0.0,0.0,0,-107875648.0,69,0.0,138,0.0,2.012,ERR,ERR,ERR,ERR,ERR,ERR,ERR,ERR,ERR,ERR,ERR,ERR,ERR,ERR,ERR,ERR,ERR,ERR,ERR,ERR,ERR,ERR,ERR,ERR,ERR,ERR,ERR,ERR,ERR,ERR,ERR,ERR,ERR,ERR,ERR,ERR,ERR,ERR,ERR,ERR,ERR,ERR,ERR,ERR,ERR,ERR,ERR,ERR,ERR,ERR,ERR,ERR,ERR,ERR,ERR,ERR,ERR,ERR,ERR,ERR,ERR,ERR,ERR,ERR,ERR,ERR,ERR,60.0,60.0,35,0.0,0.0,0.0,0.0,0.0,0.0,0.0,0.0,0.0,0.0,0.0,0.0,0.0,0.0,0.0,0.0,65.6,0,119,57,44,65476,0,300,0,0,8,20529,65476,0,0,2621,60.0,0.0,0.0,0.0,0.0,0.0
2026-07-09T15:20:56,ERR,ERR,ERR,ERR,ERR,ERR,ERR,ERR,ERR,ERR,ERR,ERR,ERR,ERR,ERR,ERR,ERR,ERR,ERR,ERR,ERR,ERR,ERR,ERR,ERR,ERR,ERR,ERR,ERR,ERR,ERR,ERR,ERR,ERR,ERR,ERR,ERR,ERR,ERR,ERR,ERR,ERR,ERR,ERR,ERR,ERR,ERR,ERR,ERR,ERR,ERR,ERR,ERR,ERR,ERR,ERR,ERR,ERR,ERR,ERR,ERR,ERR,ERR,ERR,ERR,ERR,ERR,ERR,ERR,ERR,ERR,ERR,ERR,ERR,ERR,ERR,ERR,ERR,ERR,ERR,ERR,ERR,ERR,ERR,ERR,ERR,ERR,ERR,ERR,ERR,ERR,ERR,ERR,ERR,ERR,ERR,ERR,ERR,ERR,ERR,ERR,ERR,ERR,ERR,ERR,ERR,ERR,ERR,ERR,ERR,ERR,ERR,ERR,ERR,ERR,ERR,ERR,ERR,ERR,ERR,ERR,ERR,ERR,ERR,ERR,-0.0,-0.0,-0.0,0.0,-3.004,-248071.0,-0.0,-3.082,0,0,4,17427,7116,0.0,100,0.0,0.0,-0.0,0.0,0.0,0,0,0,0,0.0,0,0,0,0,0,0,0,0,0,0,0,0,0,0,0,0,0,0,0,0,0,0,0,0,0,0,0,0,0,0,0,0,0,31,40,40,71,65476,0,300,0,0,8,21553,0.0,-107605600.0,0.0,0.0,0.0,0.0,0.0,0.0,0.0,0.0,0.0,0.0,0.0,0.0,0.0,0.0,0.0,0.0,0.0,0.0,0.0,0.0,0.0,-3.697067386368898e+19,0.0,0.0,0.0,0.0,0.0,0.0,5178.0,-3.697188332647953e+19,6940.0,-0.0,-0.0,2.004,2.004,0.0,0.0,0.0,0.0,69,-0.0,0.0,0.0,0.0,0.0,0.0,0.0,0.0,0.0,0,0,0,0.0,0.0,0.0,0.0,0.0,0.0,0.0,0.0,0.0,0.0,0.0,0.0,0.0,0.0,0.0,0.0,0,-107875648.0,69,0.0,138,0.0,2.012,ERR,ERR,ERR,ERR,ERR,ERR,ERR,ERR,ERR,ERR,ERR,ERR,ERR,ERR,ERR,ERR,ERR,ERR,ERR,ERR,ERR,ERR,ERR,ERR,ERR,ERR,ERR,ERR,ERR,ERR,ERR,ERR,ERR,ERR,ERR,ERR,ERR,ERR,ERR,ERR,ERR,ERR,ERR,ERR,ERR,ERR,ERR,ERR,ERR,ERR,ERR,ERR,ERR,ERR,ERR,ERR,ERR,ERR,ERR,ERR,ERR,ERR,ERR,ERR,ERR,ERR,ERR,60.0,60.0,35,0.0,0.0,0.0,0.0,0.0,0.0,0.0,0.0,0.0,0.0,0.0,0.0,0.0,0.0,0.0,0.0,65.2,0,119,57,44,65476,0,300,0,0,8,20529,65476,0,0,2621,60.0,0.0,0.0,0.0,0.0,0.0
2026-07-09T15:20:57,ERR,ERR,ERR,ERR,ERR,ERR,ERR,ERR,ERR,ERR,ERR,ERR,ERR,ERR,ERR,ERR,ERR,ERR,ERR,ERR,ERR,ERR,ERR,ERR,ERR,ERR,ERR,ERR,ERR,ERR,ERR,ERR,ERR,ERR,ERR,ERR,ERR,ERR,ERR,ERR,ERR,ERR,ERR,ERR,ERR,ERR,ERR,ERR,ERR,ERR,ERR,ERR,ERR,ERR,ERR,ERR,ERR,ERR,ERR,ERR,ERR,ERR,ERR,ERR,ERR,ERR,ERR,ERR,ERR,ERR,ERR,ERR,ERR,ERR,ERR,ERR,ERR,ERR,ERR,ERR,ERR,ERR,ERR,ERR,ERR,ERR,ERR,ERR,ERR,ERR,ERR,ERR,ERR,ERR,ERR,ERR,ERR,ERR,ERR,ERR,ERR,ERR,ERR,ERR,ERR,ERR,ERR,ERR,ERR,ERR,ERR,ERR,ERR,ERR,ERR,ERR,ERR,ERR,ERR,ERR,ERR,ERR,ERR,ERR,ERR,-0.0,-0.0,-0.0,0.0,-3.004,-248071.0,-0.0,-3.082,0,0,4,17427,7116,0.0,100,0.0,0.0,-0.0,0.0,0.0,0,0,0,0,0.0,0,0,0,0,0,0,0,0,0,0,0,0,0,0,0,0,0,0,0,0,0,0,0,0,0,0,0,0,0,0,0,0,0,31,40,40,71,65476,0,300,0,0,8,21553,0.0,-107605600.0,0.0,0.0,0.0,0.0,0.0,0.0,0.0,0.0,0.0,0.0,0.0,0.0,0.0,0.0,0.0,0.0,0.0,0.0,0.0,0.0,0.0,-3.697067386368898e+19,0.0,0.0,0.0,0.0,0.0,0.0,5178.0,-3.697188332647953e+19,6940.0,-0.0,-0.0,2.004,2.004,0.0,0.0,0.0,0.0,69,-0.0,0.0,0.0,0.0,0.0,0.0,0.0,0.0,0.0,0,0,0,0.0,0.0,0.0,0.0,0.0,0.0,0.0,0.0,0.0,0.0,0.0,0.0,0.0,0.0,0.0,0.0,0,-107875648.0,69,0.0,138,0.0,2.012,ERR,ERR,ERR,ERR,ERR,ERR,ERR,ERR,ERR,ERR,ERR,ERR,ERR,ERR,ERR,ERR,ERR,ERR,ERR,ERR,ERR,ERR,ERR,ERR,ERR,ERR,ERR,ERR,ERR,ERR,ERR,ERR,ERR,ERR,ERR,ERR,ERR,ERR,ERR,ERR,ERR,ERR,ERR,ERR,ERR,ERR,ERR,ERR,ERR,ERR,ERR,ERR,ERR,ERR,ERR,ERR,ERR,ERR,ERR,ERR,ERR,ERR,ERR,ERR,ERR,ERR,ERR,60.0,60.0,35,0.0,0.0,0.0,0.0,0.0,0.0,0.0,0.0,0.0,0.0,0.0,0.0,0.0,0.0,0.0,0.0,65.2,0,119,57,44,65476,0,300,0,0,8,20529,65476,0,0,2621,60.0,0.0,0.0,0.0,0.0,0.0
2026-07-09T15:20:58,ERR,ERR,ERR,ERR,ERR,ERR,ERR,ERR,ERR,ERR,ERR,ERR,ERR,ERR,ERR,ERR,ERR,ERR,ERR,ERR,ERR,ERR,ERR,ERR,ERR,ERR,ERR,ERR,ERR,ERR,ERR,ERR,ERR,ERR,ERR,ERR,ERR,ERR,ERR,ERR,ERR,ERR,ERR,ERR,ERR,ERR,ERR,ERR,ERR,ERR,ERR,ERR,ERR,ERR,ERR,ERR,ERR,ERR,ERR,ERR,ERR,ERR,ERR,ERR,ERR,ERR,ERR,ERR,ERR,ERR,ERR,ERR,ERR,ERR,ERR,ERR,ERR,ERR,ERR,ERR,ERR,ERR,ERR,ERR,ERR,ERR,ERR,ERR,ERR,ERR,ERR,ERR,ERR,ERR,ERR,ERR,ERR,ERR,ERR,ERR,ERR,ERR,ERR,ERR,ERR,ERR,ERR,ERR,ERR,ERR,ERR,ERR,ERR,ERR,ERR,ERR,ERR,ERR,ERR,ERR,ERR,ERR,ERR,ERR,ERR,-0.0,-0.0,-0.0,0.0,-3.004,-248071.0,-0.0,-3.082,0,0,4,17427,7116,0.0,100,0.0,0.0,-0.0,0.0,0.0,0,0,0,0,0.0,0,0,0,0,0,0,0,0,0,0,0,0,0,0,0,0,0,0,0,0,0,0,0,0,0,0,0,0,0,0,0,0,0,31,40,40,71,65476,0,300,0,0,8,21553,0.0,-107605600.0,0.0,0.0,0.0,0.0,0.0,0.0,0.0,0.0,0.0,0.0,0.0,0.0,0.0,0.0,0.0,0.0,0.0,0.0,0.0,0.0,0.0,-3.697067386368898e+19,0.0,0.0,0.0,0.0,0.0,0.0,5178.0,-3.697188332647953e+19,6940.0,-0.0,-0.0,2.004,2.004,0.0,0.0,0.0,0.0,69,-0.0,0.0,0.0,0.0,0.0,0.0,0.0,0.0,0.0,0,0,0,0.0,0.0,0.0,0.0,0.0,0.0,0.0,0.0,0.0,0.0,0.0,0.0,0.0,0.0,0.0,0.0,0,-107875648.0,69,0.0,138,0.0,2.012,ERR,ERR,ERR,ERR,ERR,ERR,ERR,ERR,ERR,ERR,ERR,ERR,ERR,ERR,ERR,ERR,ERR,ERR,ERR,ERR,ERR,ERR,ERR,ERR,ERR,ERR,ERR,ERR,ERR,ERR,ERR,ERR,ERR,ERR,ERR,ERR,ERR,ERR,ERR,ERR,ERR,ERR,ERR,ERR,ERR,ERR,ERR,ERR,ERR,ERR,ERR,ERR,ERR,ERR,ERR,ERR,ERR,ERR,ERR,ERR,ERR,ERR,ERR,ERR,ERR,ERR,ERR,60.0,60.0,35,0.0,0.0,0.0,0.0,0.0,0.0,0.0,0.0,0.0,0.0,0.0,0.0,0.0,0.0,0.0,0.0,65.2,0,119,57,44,65476,0,300,0,0,8,20529,65476,0,0,2621,60.0,0.0,0.0,0.0,0.0,0.0
2026-07-09T15:20:59,ERR,ERR,ERR,ERR,ERR,ERR,ERR,ERR,ERR,ERR,ERR,ERR,ERR,ERR,ERR,ERR,ERR,ERR,ERR,ERR,ERR,ERR,ERR,ERR,ERR,ERR,ERR,ERR,ERR,ERR,ERR,ERR,ERR,ERR,ERR,ERR,ERR,ERR,ERR,ERR,ERR,ERR,ERR,ERR,ERR,ERR,ERR,ERR,ERR,ERR,ERR,ERR,ERR,ERR,ERR,ERR,ERR,ERR,ERR,ERR,ERR,ERR,ERR,ERR,ERR,ERR,ERR,ERR,ERR,ERR,ERR,ERR,ERR,ERR,ERR,ERR,ERR,ERR,ERR,ERR,ERR,ERR,ERR,ERR,ERR,ERR,ERR,ERR,ERR,ERR,ERR,ERR,ERR,ERR,ERR,ERR,ERR,ERR,ERR,ERR,ERR,ERR,ERR,ERR,ERR,ERR,ERR,ERR,ERR,ERR,ERR,ERR,ERR,ERR,ERR,ERR,ERR,ERR,ERR,ERR,ERR,ERR,ERR,ERR,ERR,-0.0,-0.0,-0.0,0.0,-3.004,-248071.0,-0.0,-3.082,0,0,4,17427,7116,0.0,100,0.0,0.0,-0.0,0.0,0.0,0,0,0,0,0.0,0,0,0,0,0,0,0,0,0,0,0,0,0,0,0,0,0,0,0,0,0,0,0,0,0,0,0,0,0,0,0,0,0,31,40,40,71,65476,0,300,0,0,8,21553,0.0,-107605600.0,0.0,0.0,0.0,0.0,0.0,0.0,0.0,0.0,0.0,0.0,0.0,0.0,0.0,0.0,0.0,0.0,0.0,0.0,0.0,0.0,0.0,-3.697067386368898e+19,0.0,0.0,0.0,0.0,0.0,0.0,5178.0,-3.697188332647953e+19,6940.0,-0.0,-0.0,2.004,2.004,0.0,0.0,0.0,0.0,69,-0.0,0.0,0.0,0.0,0.0,0.0,0.0,0.0,0.0,0,0,0,0.0,0.0,0.0,0.0,0.0,0.0,0.0,0.0,0.0,0.0,0.0,0.0,0.0,0.0,0.0,0.0,0,-107875648.0,69,0.0,138,0.0,2.012,ERR,ERR,ERR,ERR,ERR,ERR,ERR,ERR,ERR,ERR,ERR,ERR,ERR,ERR,ERR,ERR,ERR,ERR,ERR,ERR,ERR,ERR,ERR,ERR,ERR,ERR,ERR,ERR,ERR,ERR,ERR,ERR,ERR,ERR,ERR,ERR,ERR,ERR,ERR,ERR,ERR,ERR,ERR,ERR,ERR,ERR,ERR,ERR,ERR,ERR,ERR,ERR,ERR,ERR,ERR,ERR,ERR,ERR,ERR,ERR,ERR,ERR,ERR,ERR,ERR,ERR,ERR,60.0,60.0,35,0.0,0.0,0.0,0.0,0.0,0.0,0.0,0.0,0.0,0.0,0.0,0.0,0.0,0.0,0.0,0.0,65.2,0,119,57,44,65476,0,300,0,0,8,20529,65476,0,0,2621,60.0,0.0,0.0,0.0,0.0,0.0
2026-07-09T15:21:00,ERR,ERR,ERR,ERR,ERR,ERR,ERR,ERR,ERR,ERR,ERR,ERR,ERR,ERR,ERR,ERR,ERR,ERR,ERR,ERR,ERR,ERR,ERR,ERR,ERR,ERR,ERR,ERR,ERR,ERR,ERR,ERR,ERR,ERR,ERR,ERR,ERR,ERR,ERR,ERR,ERR,ERR,ERR,ERR,ERR,ERR,ERR,ERR,ERR,ERR,ERR,ERR,ERR,ERR,ERR,ERR,ERR,ERR,ERR,ERR,ERR,ERR,ERR,ERR,ERR,ERR,ERR,ERR,ERR,ERR,ERR,ERR,ERR,ERR,ERR,ERR,ERR,ERR,ERR,ERR,ERR,ERR,ERR,ERR,ERR,ERR,ERR,ERR,ERR,ERR,ERR,ERR,ERR,ERR,ERR,ERR,ERR,ERR,ERR,ERR,ERR,ERR,ERR,ERR,ERR,ERR,ERR,ERR,ERR,ERR,ERR,ERR,ERR,ERR,ERR,ERR,ERR,ERR,ERR,ERR,ERR,ERR,ERR,ERR,ERR,-0.0,-0.0,-0.0,0.0,-3.004,-248071.0,-0.0,-3.082,0,0,4,17427,7116,0.0,100,0.0,0.0,-0.0,0.0,0.0,0,0,0,0,0.0,0,0,0,0,0,0,0,0,0,0,0,0,0,0,0,0,0,0,0,0,0,0,0,0,0,0,0,0,0,0,0,0,0,31,40,40,71,65476,0,300,0,0,8,21553,0.0,-107605600.0,0.0,0.0,0.0,0.0,0.0,0.0,0.0,0.0,0.0,0.0,0.0,0.0,0.0,0.0,0.0,0.0,0.0,0.0,0.0,0.0,0.0,-3.697067386368898e+19,0.0,0.0,0.0,0.0,0.0,0.0,5178.0,-3.697188332647953e+19,6940.0,-0.0,-0.0,2.004,2.004,0.0,0.0,0.0,0.0,69,-0.0,0.0,0.0,0.0,0.0,0.0,0.0,0.0,0.0,0,0,0,0.0,0.0,0.0,0.0,0.0,0.0,0.0,0.0,0.0,0.0,0.0,0.0,0.0,0.0,0.0,0.0,0,-107875648.0,69,0.0,138,0.0,2.012,ERR,ERR,ERR,ERR,ERR,ERR,ERR,ERR,ERR,ERR,ERR,ERR,ERR,ERR,ERR,ERR,ERR,ERR,ERR,ERR,ERR,ERR,ERR,ERR,ERR,ERR,ERR,ERR,ERR,ERR,ERR,ERR,ERR,ERR,ERR,ERR,ERR,ERR,ERR,ERR,ERR,ERR,ERR,ERR,ERR,ERR,ERR,ERR,ERR,ERR,ERR,ERR,ERR,ERR,ERR,ERR,ERR,ERR,ERR,ERR,ERR,ERR,ERR,ERR,ERR,ERR,ERR,60.0,60.0,35,0.0,0.0,0.0,0.0,0.0,0.0,0.0,0.0,0.0,0.0,0.0,0.0,0.0,0.0,0.0,0.0,65.6,0,119,57,44,65476,0,300,0,0,8,20529,65476,0,0,2621,60.0,0.0,0.0,0.0,0.0,0.0
2026-07-09T15:21:01,ERR,ERR,ERR,ERR,ERR,ERR,ERR,ERR,ERR,ERR,ERR,ERR,ERR,ERR,ERR,ERR,ERR,ERR,ERR,ERR,ERR,ERR,ERR,ERR,ERR,ERR,ERR,ERR,ERR,ERR,ERR,ERR,ERR,ERR,ERR,ERR,ERR,ERR,ERR,ERR,ERR,ERR,ERR,ERR,ERR,ERR,ERR,ERR,ERR,ERR,ERR,ERR,ERR,ERR,ERR,ERR,ERR,ERR,ERR,ERR,ERR,ERR,ERR,ERR,ERR,ERR,ERR,ERR,ERR,ERR,ERR,ERR,ERR,ERR,ERR,ERR,ERR,ERR,ERR,ERR,ERR,ERR,ERR,ERR,ERR,ERR,ERR,ERR,ERR,ERR,ERR,ERR,ERR,ERR,ERR,ERR,ERR,ERR,ERR,ERR,ERR,ERR,ERR,ERR,ERR,ERR,ERR,ERR,ERR,ERR,ERR,ERR,ERR,ERR,ERR,ERR,ERR,ERR,ERR,ERR,ERR,ERR,ERR,ERR,ERR,-0.0,-107616032.0,0.0,0.0,0.0,0.0,-49005174194176.0,-546001059840.0,0,0,4,17428,7116,0.0,100,0.0,0.0,0.0,0.0,0.0,0,0,0,0,0.0,0,0,0,0,0,0,0,0,0,0,0,0,0,0,0,0,0,0,0,0,0,0,0,0,0,0,0,0,0,0,0,0,0,31,40,40,71,65476,0,300,0,0,8,21553,0.0,-107605600.0,0.0,0.0,0.0,0.0,0.0,0.0,0.0,0.0,0.0,0.0,0.0,0.0,0.0,0.0,0.0,0.0,0.0,0.0,0.0,0.0,0.0,0.0,0.0,0.0,0.0,0.0,0.0,0.0,5175.0,-131350.516,6937.0,-0.0,-107616032.0,2.004,2.004,0.0,0.0,0.0,0.0,69,-71.629,0.0,0.0,0.0,0.0,0.0,0.0,0.0,0.0,0,0,0,0.0,0.0,0.0,0.0,0.0,0.0,0.0,0.0,0.0,0.0,0.0,0.0,0.0,0.0,0.0,0.0,0,-107875648.0,69,0.0,138,0.0,2.012,ERR,ERR,ERR,ERR,ERR,ERR,ERR,ERR,ERR,ERR,ERR,ERR,ERR,ERR,ERR,ERR,ERR,ERR,ERR,ERR,ERR,ERR,ERR,ERR,ERR,ERR,ERR,ERR,ERR,ERR,ERR,ERR,ERR,ERR,ERR,ERR,ERR,ERR,ERR,ERR,ERR,ERR,ERR,ERR,ERR,ERR,ERR,ERR,ERR,ERR,ERR,ERR,ERR,ERR,ERR,ERR,ERR,ERR,ERR,ERR,ERR,ERR,ERR,ERR,ERR,ERR,ERR,60.0,60.0,35,0.0,0.0,0.0,0.0,0.0,0.0,0.0,0.0,0.0,0.0,0.0,0.0,0.0,0.0,0.0,0.0,65.6,0,119,57,44,65476,0,300,0,0,8,20529,65476,0,0,2621,60.0,0.0,0.0,0.0,0.0,0.0
2026-07-09T15:21:02,ERR,ERR,ERR,ERR,ERR,ERR,ERR,ERR,ERR,ERR,ERR,ERR,ERR,ERR,ERR,ERR,ERR,ERR,ERR,ERR,ERR,ERR,ERR,ERR,ERR,ERR,ERR,ERR,ERR,ERR,ERR,ERR,ERR,ERR,ERR,ERR,ERR,ERR,ERR,ERR,ERR,ERR,ERR,ERR,ERR,ERR,ERR,ERR,ERR,ERR,ERR,ERR,ERR,ERR,ERR,ERR,ERR,ERR,ERR,ERR,ERR,ERR,ERR,ERR,ERR,ERR,ERR,ERR,ERR,ERR,ERR,ERR,ERR,ERR,ERR,ERR,ERR,ERR,ERR,ERR,ERR,ERR,ERR,ERR,ERR,ERR,ERR,ERR,ERR,ERR,ERR,ERR,ERR,ERR,ERR,ERR,ERR,ERR,ERR,ERR,ERR,ERR,ERR,ERR,ERR,ERR,ERR,ERR,ERR,ERR,ERR,ERR,ERR,ERR,ERR,ERR,ERR,ERR,ERR,ERR,ERR,ERR,ERR,ERR,ERR,-0.0,-107616032.0,0.0,0.0,0.0,0.0,-49005174194176.0,-546001059840.0,0,0,4,17428,7116,0.0,100,0.0,0.0,0.0,0.0,0.0,0,0,0,0,0.0,0,0,0,0,0,0,0,0,0,0,0,0,0,0,0,0,0,0,0,0,0,0,0,0,0,0,0,0,0,0,0,0,0,31,40,40,71,65476,0,300,0,0,8,21553,0.0,-107605600.0,0.0,0.0,0.0,0.0,0.0,0.0,0.0,0.0,0.0,0.0,0.0,0.0,0.0,0.0,0.0,0.0,0.0,0.0,0.0,0.0,0.0,0.0,0.0,0.0,0.0,0.0,0.0,0.0,5175.0,-131350.516,6937.0,-0.0,-107616032.0,2.004,2.004,0.0,0.0,0.0,0.0,69,-71.629,0.0,0.0,0.0,0.0,0.0,0.0,0.0,0.0,0,0,0,0.0,0.0,0.0,0.0,0.0,0.0,0.0,0.0,0.0,0.0,0.0,0.0,0.0,0.0,0.0,0.0,0,-107875648.0,69,0.0,138,0.0,2.012,ERR,ERR,ERR,ERR,ERR,ERR,ERR,ERR,ERR,ERR,ERR,ERR,ERR,ERR,ERR,ERR,ERR,ERR,ERR,ERR,ERR,ERR,ERR,ERR,ERR,ERR,ERR,ERR,ERR,ERR,ERR,ERR,ERR,ERR,ERR,ERR,ERR,ERR,ERR,ERR,ERR,ERR,ERR,ERR,ERR,ERR,ERR,ERR,ERR,ERR,ERR,ERR,ERR,ERR,ERR,ERR,ERR,ERR,ERR,ERR,ERR,ERR,ERR,ERR,ERR,ERR,ERR,60.0,60.0,35,0.0,0.0,0.0,0.0,0.0,0.0,0.0,0.0,0.0,0.0,0.0,0.0,0.0,0.0,0.0,0.0,65.2,0,119,57,44,65476,0,300,0,0,8,20529,65476,0,0,2621,60.0,0.0,0.0,0.0,0.0,0.0
2026-07-09T15:21:03,ERR,ERR,ERR,ERR,ERR,ERR,ERR,ERR,ERR,ERR,ERR,ERR,ERR,ERR,ERR,ERR,ERR,ERR,ERR,ERR,ERR,ERR,ERR,ERR,ERR,ERR,ERR,ERR,ERR,ERR,ERR,ERR,ERR,ERR,ERR,ERR,ERR,ERR,ERR,ERR,ERR,ERR,ERR,ERR,ERR,ERR,ERR,ERR,ERR,ERR,ERR,ERR,ERR,ERR,ERR,ERR,ERR,ERR,ERR,ERR,ERR,ERR,ERR,ERR,ERR,ERR,ERR,ERR,ERR,ERR,ERR,ERR,ERR,ERR,ERR,ERR,ERR,ERR,ERR,ERR,ERR,ERR,ERR,ERR,ERR,ERR,ERR,ERR,ERR,ERR,ERR,ERR,ERR,ERR,ERR,ERR,ERR,ERR,ERR,ERR,ERR,ERR,ERR,ERR,ERR,ERR,ERR,ERR,ERR,ERR,ERR,ERR,ERR,ERR,ERR,ERR,ERR,ERR,ERR,ERR,ERR,ERR,ERR,ERR,ERR,-0.0,-107616032.0,0.0,0.0,0.0,0.0,-49005174194176.0,-546001059840.0,0,0,4,17428,7116,0.0,100,0.0,0.0,0.0,0.0,0.0,0,0,0,0,0.0,0,0,0,0,0,0,0,0,0,0,0,0,0,0,0,0,0,0,0,0,0,0,0,0,0,0,0,0,0,0,0,0,0,31,40,40,71,65476,0,300,0,0,8,21553,0.0,-107605600.0,0.0,0.0,0.0,0.0,0.0,0.0,0.0,0.0,0.0,0.0,0.0,0.0,0.0,0.0,0.0,0.0,0.0,0.0,0.0,0.0,0.0,0.0,0.0,0.0,0.0,0.0,0.0,0.0,5175.0,-131350.516,6937.0,-0.0,-107616032.0,2.004,2.004,0.0,0.0,0.0,0.0,69,-71.629,0.0,0.0,0.0,0.0,0.0,0.0,0.0,0.0,0,0,0,0.0,0.0,0.0,0.0,0.0,0.0,0.0,0.0,0.0,0.0,0.0,0.0,0.0,0.0,0.0,0.0,0,-107875648.0,69,0.0,138,0.0,2.012,ERR,ERR,ERR,ERR,ERR,ERR,ERR,ERR,ERR,ERR,ERR,ERR,ERR,ERR,ERR,ERR,ERR,ERR,ERR,ERR,ERR,ERR,ERR,ERR,ERR,ERR,ERR,ERR,ERR,ERR,ERR,ERR,ERR,ERR,ERR,ERR,ERR,ERR,ERR,ERR,ERR,ERR,ERR,ERR,ERR,ERR,ERR,ERR,ERR,ERR,ERR,ERR,ERR,ERR,ERR,ERR,ERR,ERR,ERR,ERR,ERR,ERR,ERR,ERR,ERR,ERR,ERR,60.0,60.0,35,0.0,0.0,0.0,0.0,0.0,0.0,0.0,0.0,0.0,0.0,0.0,0.0,0.0,0.0,0.0,0.0,65.2,0,119,57,44,65476,0,300,0,0,8,20529,65476,0,0,2621,60.0,0.0,0.0,0.0,0.0,0.0
2026-07-09T15:21:04,ERR,ERR,ERR,ERR,ERR,ERR,ERR,ERR,ERR,ERR,ERR,ERR,ERR,ERR,ERR,ERR,ERR,ERR,ERR,ERR,ERR,ERR,ERR,ERR,ERR,ERR,ERR,ERR,ERR,ERR,ERR,ERR,ERR,ERR,ERR,ERR,ERR,ERR,ERR,ERR,ERR,ERR,ERR,ERR,ERR,ERR,ERR,ERR,ERR,ERR,ERR,ERR,ERR,ERR,ERR,ERR,ERR,ERR,ERR,ERR,ERR,ERR,ERR,ERR,ERR,ERR,ERR,ERR,ERR,ERR,ERR,ERR,ERR,ERR,ERR,ERR,ERR,ERR,ERR,ERR,ERR,ERR,ERR,ERR,ERR,ERR,ERR,ERR,ERR,ERR,ERR,ERR,ERR,ERR,ERR,ERR,ERR,ERR,ERR,ERR,ERR,ERR,ERR,ERR,ERR,ERR,ERR,ERR,ERR,ERR,ERR,ERR,ERR,ERR,ERR,ERR,ERR,ERR,ERR,ERR,ERR,ERR,ERR,ERR,ERR,-0.0,-107616032.0,0.0,0.0,0.0,0.0,-49005174194176.0,-546001059840.0,0,0,4,17428,7116,0.0,100,0.0,0.0,0.0,0.0,0.0,0,0,0,0,0.0,0,0,0,0,0,0,0,0,0,0,0,0,0,0,0,0,0,0,0,0,0,0,0,0,0,0,0,0,0,0,0,0,0,31,40,40,71,65476,0,300,0,0,8,21553,0.0,-107605600.0,0.0,0.0,0.0,0.0,0.0,0.0,0.0,0.0,0.0,0.0,0.0,0.0,0.0,0.0,0.0,0.0,0.0,0.0,0.0,0.0,0.0,0.0,0.0,0.0,0.0,0.0,0.0,0.0,5175.0,-131350.516,6937.0,-0.0,-107616032.0,2.004,2.004,0.0,0.0,0.0,0.0,69,-71.629,0.0,0.0,0.0,0.0,0.0,0.0,0.0,0.0,0,0,0,0.0,0.0,0.0,0.0,0.0,0.0,0.0,0.0,0.0,0.0,0.0,0.0,0.0,0.0,0.0,0.0,0,-107875648.0,69,0.0,138,0.0,2.012,ERR,ERR,ERR,ERR,ERR,ERR,ERR,ERR,ERR,ERR,ERR,ERR,ERR,ERR,ERR,ERR,ERR,ERR,ERR,ERR,ERR,ERR,ERR,ERR,ERR,ERR,ERR,ERR,ERR,ERR,ERR,ERR,ERR,ERR,ERR,ERR,ERR,ERR,ERR,ERR,ERR,ERR,ERR,ERR,ERR,ERR,ERR,ERR,ERR,ERR,ERR,ERR,ERR,ERR,ERR,ERR,ERR,ERR,ERR,ERR,ERR,ERR,ERR,ERR,ERR,ERR,ERR,60.0,60.0,35,0.0,0.0,0.0,0.0,0.0,0.0,0.0,0.0,0.0,0.0,0.0,0.0,0.0,0.0,0.0,0.0,65.2,0,119,57,44,65476,0,300,0,0,8,20529,65476,0,0,2621,60.0,0.0,0.0,0.0,0.0,0.0
2026-07-09T15:21:05,ERR,ERR,ERR,ERR,ERR,ERR,ERR,ERR,ERR,ERR,ERR,ERR,ERR,ERR,ERR,ERR,ERR,ERR,ERR,ERR,ERR,ERR,ERR,ERR,ERR,ERR,ERR,ERR,ERR,ERR,ERR,ERR,ERR,ERR,ERR,ERR,ERR,ERR,ERR,ERR,ERR,ERR,ERR,ERR,ERR,ERR,ERR,ERR,ERR,ERR,ERR,ERR,ERR,ERR,ERR,ERR,ERR,ERR,ERR,ERR,ERR,ERR,ERR,ERR,ERR,ERR,ERR,ERR,ERR,ERR,ERR,ERR,ERR,ERR,ERR,ERR,ERR,ERR,ERR,ERR,ERR,ERR,ERR,ERR,ERR,ERR,ERR,ERR,ERR,ERR,ERR,ERR,ERR,ERR,ERR,ERR,ERR,ERR,ERR,ERR,ERR,ERR,ERR,ERR,ERR,ERR,ERR,ERR,ERR,ERR,ERR,ERR,ERR,ERR,ERR,ERR,ERR,ERR,ERR,ERR,ERR,ERR,ERR,ERR,ERR,-0.0,-107616032.0,0.0,0.0,0.0,0.0,-49005174194176.0,-546001059840.0,0,0,4,17428,7116,0.0,100,0.0,0.0,0.0,0.0,0.0,0,0,0,0,0.0,0,0,0,0,0,0,0,0,0,0,0,0,0,0,0,0,0,0,0,0,0,0,0,0,0,0,0,0,0,0,0,0,0,31,40,40,71,65476,0,300,0,0,8,21553,0.0,-107605600.0,0.0,0.0,0.0,0.0,0.0,0.0,0.0,0.0,0.0,0.0,0.0,0.0,0.0,0.0,0.0,0.0,0.0,0.0,0.0,0.0,0.0,0.0,0.0,0.0,0.0,0.0,0.0,0.0,5175.0,-131350.516,6937.0,-0.0,-107616032.0,2.004,2.004,0.0,0.0,0.0,0.0,69,-71.629,0.0,0.0,0.0,0.0,0.0,0.0,0.0,0.0,0,0,0,0.0,0.0,0.0,0.0,0.0,0.0,0.0,0.0,0.0,0.0,0.0,0.0,0.0,0.0,0.0,0.0,0,-107875648.0,69,0.0,138,0.0,2.012,ERR,ERR,ERR,ERR,ERR,ERR,ERR,ERR,ERR,ERR,ERR,ERR,ERR,ERR,ERR,ERR,ERR,ERR,ERR,ERR,ERR,ERR,ERR,ERR,ERR,ERR,ERR,ERR,ERR,ERR,ERR,ERR,ERR,ERR,ERR,ERR,ERR,ERR,ERR,ERR,ERR,ERR,ERR,ERR,ERR,ERR,ERR,ERR,ERR,ERR,ERR,ERR,ERR,ERR,ERR,ERR,ERR,ERR,ERR,ERR,ERR,ERR,ERR,ERR,ERR,ERR,ERR,60.0,60.0,35,0.0,0.0,0.0,0.0,0.0,0.0,0.0,0.0,0.0,0.0,0.0,0.0,0.0,0.0,0.0,0.0,65.2,0,119,57,44,65476,0,300,0,0,8,20529,65476,0,0,2621,60.0,0.0,0.0,0.0,0.0,0.0
2026-07-09T15:21:06,ERR,ERR,ERR,ERR,ERR,ERR,ERR,ERR,ERR,ERR,ERR,ERR,ERR,ERR,ERR,ERR,ERR,ERR,ERR,ERR,ERR,ERR,ERR,ERR,ERR,ERR,ERR,ERR,ERR,ERR,ERR,ERR,ERR,ERR,ERR,ERR,ERR,ERR,ERR,ERR,ERR,ERR,ERR,ERR,ERR,ERR,ERR,ERR,ERR,ERR,ERR,ERR,ERR,ERR,ERR,ERR,ERR,ERR,ERR,ERR,ERR,ERR,ERR,ERR,ERR,ERR,ERR,ERR,ERR,ERR,ERR,ERR,ERR,ERR,ERR,ERR,ERR,ERR,ERR,ERR,ERR,ERR,ERR,ERR,ERR,ERR,ERR,ERR,ERR,ERR,ERR,ERR,ERR,ERR,ERR,ERR,ERR,ERR,ERR,ERR,ERR,ERR,ERR,ERR,ERR,ERR,ERR,ERR,ERR,ERR,ERR,ERR,ERR,ERR,ERR,ERR,ERR,ERR,ERR,ERR,ERR,ERR,ERR,ERR,ERR,0.0,-107616032.0,-0.0,0.0,-3.004,7.386278538736573e+22,0.0,0.0,0,0,4,17426,7116,0.0,100,0.0,0.0,0.0,0.0,0.0,0,0,0,0,0.0,0,0,0,0,0,0,0,0,0,0,0,0,0,0,0,0,0,0,0,0,0,0,0,0,0,0,0,0,0,0,0,0,0,31,40,40,71,65476,0,300,0,0,8,21553,0.0,-107605600.0,0.0,0.0,0.0,0.0,0.0,0.0,0.0,0.0,0.0,0.0,0.0,0.0,0.0,0.0,0.0,0.0,0.0,0.0,0.0,0.0,2.004,0.0,0.0,0.0,0.0,0.0,0.0,0.0,5152.0,-8608187392.0,6938.0,0.0,-107616032.0,2.004,2.004,0.0,0.0,0.0,0.0,69,-2.3088280513417105e+20,0.059,0.0,0.0,0.0,0.0,0.0,0.0,0.0,0,0,0,0.0,0.0,0.0,0.0,0.0,0.0,0.0,0.0,0.0,0.0,0.0,0.0,0.0,0.0,0.0,0.0,0,-107875648.0,69,0.0,138,0.0,2.012,ERR,ERR,ERR,ERR,ERR,ERR,ERR,ERR,ERR,ERR,ERR,ERR,ERR,ERR,ERR,ERR,ERR,ERR,ERR,ERR,ERR,ERR,ERR,ERR,ERR,ERR,ERR,ERR,ERR,ERR,ERR,ERR,ERR,ERR,ERR,ERR,ERR,ERR,ERR,ERR,ERR,ERR,ERR,ERR,ERR,ERR,ERR,ERR,ERR,ERR,ERR,ERR,ERR,ERR,ERR,ERR,ERR,ERR,ERR,ERR,ERR,ERR,ERR,ERR,ERR,ERR,ERR,60.0,60.0,35,0.0,0.0,0.0,0.0,0.0,0.0,0.0,0.0,0.0,0.0,0.0,0.0,0.0,0.0,0.0,0.0,65.2,0,119,57,44,65476,0,300,0,0,8,20529,65476,0,0,2621,60.0,0.0,0.0,0.0,0.0,0.0
2026-07-09T15:21:07,ERR,ERR,ERR,ERR,ERR,ERR,ERR,ERR,ERR,ERR,ERR,ERR,ERR,ERR,ERR,ERR,ERR,ERR,ERR,ERR,ERR,ERR,ERR,ERR,ERR,ERR,ERR,ERR,ERR,ERR,ERR,ERR,ERR,ERR,ERR,ERR,ERR,ERR,ERR,ERR,ERR,ERR,ERR,ERR,ERR,ERR,ERR,ERR,ERR,ERR,ERR,ERR,ERR,ERR,ERR,ERR,ERR,ERR,ERR,ERR,ERR,ERR,ERR,ERR,ERR,ERR,ERR,ERR,ERR,ERR,ERR,ERR,ERR,ERR,ERR,ERR,ERR,ERR,ERR,ERR,ERR,ERR,ERR,ERR,ERR,ERR,ERR,ERR,ERR,ERR,ERR,ERR,ERR,ERR,ERR,ERR,ERR,ERR,ERR,ERR,ERR,ERR,ERR,ERR,ERR,ERR,ERR,ERR,ERR,ERR,ERR,ERR,ERR,ERR,ERR,ERR,ERR,ERR,ERR,ERR,ERR,ERR,ERR,ERR,ERR,0.0,-107616032.0,-0.0,0.0,-3.004,7.386278538736573e+22,0.0,0.0,0,0,4,17426,7116,0.0,100,0.0,0.0,0.0,0.0,0.0,0,0,0,0,0.0,0,0,0,0,0,0,0,0,0,0,0,0,0,0,0,0,0,0,0,0,0,0,0,0,0,0,0,0,0,0,0,0,0,31,40,40,71,65476,0,300,0,0,8,21553,0.0,-107605600.0,0.0,0.0,0.0,0.0,0.0,0.0,0.0,0.0,0.0,0.0,0.0,0.0,0.0,0.0,0.0,0.0,0.0,0.0,0.0,0.0,2.004,0.0,0.0,0.0,0.0,0.0,0.0,0.0,5152.0,-8608187392.0,6938.0,0.0,-107616032.0,2.004,2.004,0.0,0.0,0.0,0.0,69,-2.3088280513417105e+20,0.059,0.0,0.0,0.0,0.0,0.0,0.0,0.0,0,0,0,0.0,0.0,0.0,0.0,0.0,0.0,0.0,0.0,0.0,0.0,0.0,0.0,0.0,0.0,0.0,0.0,0,-107875648.0,69,0.0,138,0.0,2.012,ERR,ERR,ERR,ERR,ERR,ERR,ERR,ERR,ERR,ERR,ERR,ERR,ERR,ERR,ERR,ERR,ERR,ERR,ERR,ERR,ERR,ERR,ERR,ERR,ERR,ERR,ERR,ERR,ERR,ERR,ERR,ERR,ERR,ERR,ERR,ERR,ERR,ERR,ERR,ERR,ERR,ERR,ERR,ERR,ERR,ERR,ERR,ERR,ERR,ERR,ERR,ERR,ERR,ERR,ERR,ERR,ERR,ERR,ERR,ERR,ERR,ERR,ERR,ERR,ERR,ERR,ERR,60.0,60.0,35,0.0,0.0,0.0,0.0,0.0,0.0,0.0,0.0,0.0,0.0,0.0,0.0,0.0,0.0,0.0,0.0,65.2,0,119,57,44,65476,0,300,0,0,8,20529,65476,0,0,2621,60.0,0.0,0.0,0.0,0.0,0.0
2026-07-09T15:21:08,ERR,ERR,ERR,ERR,ERR,ERR,ERR,ERR,ERR,ERR,ERR,ERR,ERR,ERR,ERR,ERR,ERR,ERR,ERR,ERR,ERR,ERR,ERR,ERR,ERR,ERR,ERR,ERR,ERR,ERR,ERR,ERR,ERR,ERR,ERR,ERR,ERR,ERR,ERR,ERR,ERR,ERR,ERR,ERR,ERR,ERR,ERR,ERR,ERR,ERR,ERR,ERR,ERR,ERR,ERR,ERR,ERR,ERR,ERR,ERR,ERR,ERR,ERR,ERR,ERR,ERR,ERR,ERR,ERR,ERR,ERR,ERR,ERR,ERR,ERR,ERR,ERR,ERR,ERR,ERR,ERR,ERR,ERR,ERR,ERR,ERR,ERR,ERR,ERR,ERR,ERR,ERR,ERR,ERR,ERR,ERR,ERR,ERR,ERR,ERR,ERR,ERR,ERR,ERR,ERR,ERR,ERR,ERR,ERR,ERR,ERR,ERR,ERR,ERR,ERR,ERR,ERR,ERR,ERR,ERR,ERR,ERR,ERR,ERR,ERR,0.0,-107616032.0,-0.0,0.0,-3.004,7.386278538736573e+22,0.0,0.0,0,0,4,17426,7116,0.0,100,0.0,0.0,0.0,0.0,0.0,0,0,0,0,0.0,0,0,0,0,0,0,0,0,0,0,0,0,0,0,0,0,0,0,0,0,0,0,0,0,0,0,0,0,0,0,0,0,0,31,40,40,71,65476,0,300,0,0,8,21553,0.0,-107605600.0,0.0,0.0,0.0,0.0,0.0,0.0,0.0,0.0,0.0,0.0,0.0,0.0,0.0,0.0,0.0,0.0,0.0,0.0,0.0,0.0,2.004,0.0,0.0,0.0,0.0,0.0,0.0,0.0,5152.0,-8608187392.0,6938.0,0.0,-107616032.0,2.004,2.004,0.0,0.0,0.0,0.0,69,-2.3088280513417105e+20,0.059,0.0,0.0,0.0,0.0,0.0,0.0,0.0,0,0,0,0.0,0.0,0.0,0.0,0.0,0.0,0.0,0.0,0.0,0.0,0.0,0.0,0.0,0.0,0.0,0.0,0,-107875648.0,69,0.0,138,0.0,2.012,ERR,ERR,ERR,ERR,ERR,ERR,ERR,ERR,ERR,ERR,ERR,ERR,ERR,ERR,ERR,ERR,ERR,ERR,ERR,ERR,ERR,ERR,ERR,ERR,ERR,ERR,ERR,ERR,ERR,ERR,ERR,ERR,ERR,ERR,ERR,ERR,ERR,ERR,ERR,ERR,ERR,ERR,ERR,ERR,ERR,ERR,ERR,ERR,ERR,ERR,ERR,ERR,ERR,ERR,ERR,ERR,ERR,ERR,ERR,ERR,ERR,ERR,ERR,ERR,ERR,ERR,ERR,60.0,60.0,35,0.0,0.0,0.0,0.0,0.0,0.0,0.0,0.0,0.0,0.0,0.0,0.0,0.0,0.0,0.0,0.0,65.2,0,119,57,44,65476,0,300,0,0,8,20529,65476,0,0,2621,60.0,0.0,0.0,0.0,0.0,0.0
2026-07-09T15:21:09,ERR,ERR,ERR,ERR,ERR,ERR,ERR,ERR,ERR,ERR,ERR,ERR,ERR,ERR,ERR,ERR,ERR,ERR,ERR,ERR,ERR,ERR,ERR,ERR,ERR,ERR,ERR,ERR,ERR,ERR,ERR,ERR,ERR,ERR,ERR,ERR,ERR,ERR,ERR,ERR,ERR,ERR,ERR,ERR,ERR,ERR,ERR,ERR,ERR,ERR,ERR,ERR,ERR,ERR,ERR,ERR,ERR,ERR,ERR,ERR,ERR,ERR,ERR,ERR,ERR,ERR,ERR,ERR,ERR,ERR,ERR,ERR,ERR,ERR,ERR,ERR,ERR,ERR,ERR,ERR,ERR,ERR,ERR,ERR,ERR,ERR,ERR,ERR,ERR,ERR,ERR,ERR,ERR,ERR,ERR,ERR,ERR,ERR,ERR,ERR,ERR,ERR,ERR,ERR,ERR,ERR,ERR,ERR,ERR,ERR,ERR,ERR,ERR,ERR,ERR,ERR,ERR,ERR,ERR,ERR,ERR,ERR,ERR,ERR,ERR,0.0,-107616032.0,-0.0,0.0,-3.004,7.386278538736573e+22,0.0,0.0,0,0,4,17426,7116,0.0,100,0.0,0.0,0.0,0.0,0.0,0,0,0,0,0.0,0,0,0,0,0,0,0,0,0,0,0,0,0,0,0,0,0,0,0,0,0,0,0,0,0,0,0,0,0,0,0,0,0,31,40,40,71,65476,0,300,0,0,8,21553,0.0,-107605600.0,0.0,0.0,0.0,0.0,0.0,0.0,0.0,0.0,0.0,0.0,0.0,0.0,0.0,0.0,0.0,0.0,0.0,0.0,0.0,0.0,2.004,0.0,0.0,0.0,0.0,0.0,0.0,0.0,5152.0,-8608187392.0,6938.0,0.0,-107616032.0,2.004,2.004,0.0,0.0,0.0,0.0,69,-2.3088280513417105e+20,0.059,0.0,0.0,0.0,0.0,0.0,0.0,0.0,0,0,0,0.0,0.0,0.0,0.0,0.0,0.0,0.0,0.0,0.0,0.0,0.0,0.0,0.0,0.0,0.0,0.0,0,-107875648.0,69,0.0,138,0.0,2.012,ERR,ERR,ERR,ERR,ERR,ERR,ERR,ERR,ERR,ERR,ERR,ERR,ERR,ERR,ERR,ERR,ERR,ERR,ERR,ERR,ERR,ERR,ERR,ERR,ERR,ERR,ERR,ERR,ERR,ERR,ERR,ERR,ERR,ERR,ERR,ERR,ERR,ERR,ERR,ERR,ERR,ERR,ERR,ERR,ERR,ERR,ERR,ERR,ERR,ERR,ERR,ERR,ERR,ERR,ERR,ERR,ERR,ERR,ERR,ERR,ERR,ERR,ERR,ERR,ERR,ERR,ERR,60.0,60.0,35,0.0,0.0,0.0,0.0,0.0,0.0,0.0,0.0,0.0,0.0,0.0,0.0,0.0,0.0,0.0,0.0,65.2,0,119,57,44,65476,0,300,0,0,8,20529,65476,0,0,2621,60.0,0.0,0.0,0.0,0.0,0.0
2026-07-09T15:21:10,ERR,ERR,ERR,ERR,ERR,ERR,ERR,ERR,ERR,ERR,ERR,ERR,ERR,ERR,ERR,ERR,ERR,ERR,ERR,ERR,ERR,ERR,ERR,ERR,ERR,ERR,ERR,ERR,ERR,ERR,ERR,ERR,ERR,ERR,ERR,ERR,ERR,ERR,ERR,ERR,ERR,ERR,ERR,ERR,ERR,ERR,ERR,ERR,ERR,ERR,ERR,ERR,ERR,ERR,ERR,ERR,ERR,ERR,ERR,ERR,ERR,ERR,ERR,ERR,ERR,ERR,ERR,ERR,ERR,ERR,ERR,ERR,ERR,ERR,ERR,ERR,ERR,ERR,ERR,ERR,ERR,ERR,ERR,ERR,ERR,ERR,ERR,ERR,ERR,ERR,ERR,ERR,ERR,ERR,ERR,ERR,ERR,ERR,ERR,ERR,ERR,ERR,ERR,ERR,ERR,ERR,ERR,ERR,ERR,ERR,ERR,ERR,ERR,ERR,ERR,ERR,ERR,ERR,ERR,ERR,ERR,ERR,ERR,ERR,ERR,0.0,-107616032.0,-0.0,0.0,-3.004,7.386278538736573e+22,0.0,0.0,0,0,4,17426,7116,0.0,100,0.0,0.0,0.0,0.0,0.0,0,0,0,0,0.0,0,0,0,0,0,0,0,0,0,0,0,0,0,0,0,0,0,0,0,0,0,0,0,0,0,0,0,0,0,0,0,0,0,31,40,40,71,65476,0,300,0,0,8,21553,0.0,-107605600.0,0.0,0.0,0.0,0.0,0.0,0.0,0.0,0.0,0.0,0.0,0.0,0.0,0.0,0.0,0.0,0.0,0.0,0.0,0.0,0.0,2.004,0.0,0.0,0.0,0.0,0.0,0.0,0.0,5152.0,-8608187392.0,6938.0,0.0,-107616032.0,2.004,2.004,0.0,0.0,0.0,0.0,69,-2.3088280513417105e+20,0.059,0.0,0.0,0.0,0.0,0.0,0.0,0.0,0,0,0,0.0,0.0,0.0,0.0,0.0,0.0,0.0,0.0,0.0,0.0,0.0,0.0,0.0,0.0,0.0,0.0,0,-107875648.0,69,0.0,138,0.0,2.012,ERR,ERR,ERR,ERR,ERR,ERR,ERR,ERR,ERR,ERR,ERR,ERR,ERR,ERR,ERR,ERR,ERR,ERR,ERR,ERR,ERR,ERR,ERR,ERR,ERR,ERR,ERR,ERR,ERR,ERR,ERR,ERR,ERR,ERR,ERR,ERR,ERR,ERR,ERR,ERR,ERR,ERR,ERR,ERR,ERR,ERR,ERR,ERR,ERR,ERR,ERR,ERR,ERR,ERR,ERR,ERR,ERR,ERR,ERR,ERR,ERR,ERR,ERR,ERR,ERR,ERR,ERR,60.0,60.0,35,0.0,0.0,0.0,0.0,0.0,0.0,0.0,0.0,0.0,0.0,0.0,0.0,0.0,0.0,0.0,0.0,65.2,0,119,57,44,65476,0,300,0,0,8,20529,65476,0,0,2621,60.0,0.0,0.0,0.0,0.0,0.0
2026-07-09T15:21:11,ERR,ERR,ERR,ERR,ERR,ERR,ERR,ERR,ERR,ERR,ERR,ERR,ERR,ERR,ERR,ERR,ERR,ERR,ERR,ERR,ERR,ERR,ERR,ERR,ERR,ERR,ERR,ERR,ERR,ERR,ERR,ERR,ERR,ERR,ERR,ERR,ERR,ERR,ERR,ERR,ERR,ERR,ERR,ERR,ERR,ERR,ERR,ERR,ERR,ERR,ERR,ERR,ERR,ERR,ERR,ERR,ERR,ERR,ERR,ERR,ERR,ERR,ERR,ERR,ERR,ERR,ERR,ERR,ERR,ERR,ERR,ERR,ERR,ERR,ERR,ERR,ERR,ERR,ERR,ERR,ERR,ERR,ERR,ERR,ERR,ERR,ERR,ERR,ERR,ERR,ERR,ERR,ERR,ERR,ERR,ERR,ERR,ERR,ERR,ERR,ERR,ERR,ERR,ERR,ERR,ERR,ERR,ERR,ERR,ERR,ERR,ERR,ERR,ERR,ERR,ERR,ERR,ERR,ERR,ERR,ERR,ERR,ERR,ERR,ERR,0.0,0.0,0.0,2.718366610185338e+23,-0.0,-18690738176.0,9.835376188145915e+30,-1.0090962955429478e+17,0,0,4,17428,7116,0.0,100,0.0,0.0,2.718366610185338e+23,0.0,0.0,0,0,0,0,0.0,0,0,0,0,0,0,0,0,0,0,0,0,0,0,0,0,0,0,0,0,0,0,0,0,0,0,0,0,0,0,0,0,0,31,40,40,71,65476,0,300,0,0,8,21553,0.0,-107605600.0,0.0,0.0,0.0,0.0,0.0,0.0,0.0,0.0,0.0,0.0,0.0,0.0,0.0,0.0,0.0,0.0,0.0,0.0,0.0,0.0,2.004,0.0,0.0,0.0,0.0,0.0,0.0,0.0,5182.0,-3.697188332647953e+19,6940.0,0.0,0.0,2.004,2.004,0.0,0.0,0.0,0.0,69,-2.3088280513417105e+20,0.0,0.0,0.0,0.0,0.0,0.0,0.0,0.0,0,0,0,0.0,0.0,0.0,0.0,0.0,0.0,0.0,0.0,0.0,0.0,0.0,0.0,0.0,0.0,0.0,0.0,0,-107875648.0,69,0.0,138,0.0,2.012,ERR,ERR,ERR,ERR,ERR,ERR,ERR,ERR,ERR,ERR,ERR,ERR,ERR,ERR,ERR,ERR,ERR,ERR,ERR,ERR,ERR,ERR,ERR,ERR,ERR,ERR,ERR,ERR,ERR,ERR,ERR,ERR,ERR,ERR,ERR,ERR,ERR,ERR,ERR,ERR,ERR,ERR,ERR,ERR,ERR,ERR,ERR,ERR,ERR,ERR,ERR,ERR,ERR,ERR,ERR,ERR,ERR,ERR,ERR,ERR,ERR,ERR,ERR,ERR,ERR,ERR,ERR,60.0,60.0,35,0.0,0.0,0.0,0.0,0.0,0.0,0.0,0.0,0.0,0.0,0.0,0.0,0.0,0.0,0.0,0.0,65.2,0,119,57,44,65476,0,300,0,0,8,20529,65476,0,0,2621,60.0,0.0,0.0,0.0,0.0,0.0
2026-07-09T15:21:12,ERR,ERR,ERR,ERR,ERR,ERR,ERR,ERR,ERR,ERR,ERR,ERR,ERR,ERR,ERR,ERR,ERR,ERR,ERR,ERR,ERR,ERR,ERR,ERR,ERR,ERR,ERR,ERR,ERR,ERR,ERR,ERR,ERR,ERR,ERR,ERR,ERR,ERR,ERR,ERR,ERR,ERR,ERR,ERR,ERR,ERR,ERR,ERR,ERR,ERR,ERR,ERR,ERR,ERR,ERR,ERR,ERR,ERR,ERR,ERR,ERR,ERR,ERR,ERR,ERR,ERR,ERR,ERR,ERR,ERR,ERR,ERR,ERR,ERR,ERR,ERR,ERR,ERR,ERR,ERR,ERR,ERR,ERR,ERR,ERR,ERR,ERR,ERR,ERR,ERR,ERR,ERR,ERR,ERR,ERR,ERR,ERR,ERR,ERR,ERR,ERR,ERR,ERR,ERR,ERR,ERR,ERR,ERR,ERR,ERR,ERR,ERR,ERR,ERR,ERR,ERR,ERR,ERR,ERR,ERR,ERR,ERR,ERR,ERR,ERR,0.0,0.0,0.0,2.718366610185338e+23,-0.0,-18690738176.0,9.835376188145915e+30,-1.0090962955429478e+17,0,0,4,17428,7116,0.0,100,0.0,0.0,2.718366610185338e+23,0.0,0.0,0,0,0,0,0.0,0,0,0,0,0,0,0,0,0,0,0,0,0,0,0,0,0,0,0,0,0,0,0,0,0,0,0,0,0,0,0,0,0,31,40,40,71,65476,0,300,0,0,8,21553,0.0,-107605600.0,0.0,0.0,0.0,0.0,0.0,0.0,0.0,0.0,0.0,0.0,0.0,0.0,0.0,0.0,0.0,0.0,0.0,0.0,0.0,0.0,2.004,0.0,0.0,0.0,0.0,0.0,0.0,0.0,5182.0,-3.697188332647953e+19,6940.0,0.0,0.0,2.004,2.004,0.0,0.0,0.0,0.0,69,-2.3088280513417105e+20,0.0,0.0,0.0,0.0,0.0,0.0,0.0,0.0,0,0,0,0.0,0.0,0.0,0.0,0.0,0.0,0.0,0.0,0.0,0.0,0.0,0.0,0.0,0.0,0.0,0.0,0,-107875648.0,69,0.0,138,0.0,2.012,ERR,ERR,ERR,ERR,ERR,ERR,ERR,ERR,ERR,ERR,ERR,ERR,ERR,ERR,ERR,ERR,ERR,ERR,ERR,ERR,ERR,ERR,ERR,ERR,ERR,ERR,ERR,ERR,ERR,ERR,ERR,ERR,ERR,ERR,ERR,ERR,ERR,ERR,ERR,ERR,ERR,ERR,ERR,ERR,ERR,ERR,ERR,ERR,ERR,ERR,ERR,ERR,ERR,ERR,ERR,ERR,ERR,ERR,ERR,ERR,ERR,ERR,ERR,ERR,ERR,ERR,ERR,60.0,60.0,35,0.0,0.0,0.0,0.0,0.0,0.0,0.0,0.0,0.0,0.0,0.0,0.0,0.0,0.0,0.0,0.0,65.2,0,119,57,44,65476,0,300,0,0,8,20529,65476,0,0,2621,60.0,0.0,0.0,0.0,0.0,0.0
2026-07-09T15:21:13,ERR,ERR,ERR,ERR,ERR,ERR,ERR,ERR,ERR,ERR,ERR,ERR,ERR,ERR,ERR,ERR,ERR,ERR,ERR,ERR,ERR,ERR,ERR,ERR,ERR,ERR,ERR,ERR,ERR,ERR,ERR,ERR,ERR,ERR,ERR,ERR,ERR,ERR,ERR,ERR,ERR,ERR,ERR,ERR,ERR,ERR,ERR,ERR,ERR,ERR,ERR,ERR,ERR,ERR,ERR,ERR,ERR,ERR,ERR,ERR,ERR,ERR,ERR,ERR,ERR,ERR,ERR,ERR,ERR,ERR,ERR,ERR,ERR,ERR,ERR,ERR,ERR,ERR,ERR,ERR,ERR,ERR,ERR,ERR,ERR,ERR,ERR,ERR,ERR,ERR,ERR,ERR,ERR,ERR,ERR,ERR,ERR,ERR,ERR,ERR,ERR,ERR,ERR,ERR,ERR,ERR,ERR,ERR,ERR,ERR,ERR,ERR,ERR,ERR,ERR,ERR,ERR,ERR,ERR,ERR,ERR,ERR,ERR,ERR,ERR,0.0,0.0,0.0,2.718366610185338e+23,-0.0,-18690738176.0,9.835376188145915e+30,-1.0090962955429478e+17,0,0,4,17428,7116,0.0,100,0.0,0.0,2.718366610185338e+23,0.0,0.0,0,0,0,0,0.0,0,0,0,0,0,0,0,0,0,0,0,0,0,0,0,0,0,0,0,0,0,0,0,0,0,0,0,0,0,0,0,0,0,31,40,40,71,65476,0,300,0,0,8,21553,0.0,-107605600.0,0.0,0.0,0.0,0.0,0.0,0.0,0.0,0.0,0.0,0.0,0.0,0.0,0.0,0.0,0.0,0.0,0.0,0.0,0.0,0.0,2.004,0.0,0.0,0.0,0.0,0.0,0.0,0.0,5182.0,-3.697188332647953e+19,6940.0,0.0,0.0,2.004,2.004,0.0,0.0,0.0,0.0,69,-2.3088280513417105e+20,0.0,0.0,0.0,0.0,0.0,0.0,0.0,0.0,0,0,0,0.0,0.0,0.0,0.0,0.0,0.0,0.0,0.0,0.0,0.0,0.0,0.0,0.0,0.0,0.0,0.0,0,-107875648.0,69,0.0,138,0.0,2.012,ERR,ERR,ERR,ERR,ERR,ERR,ERR,ERR,ERR,ERR,ERR,ERR,ERR,ERR,ERR,ERR,ERR,ERR,ERR,ERR,ERR,ERR,ERR,ERR,ERR,ERR,ERR,ERR,ERR,ERR,ERR,ERR,ERR,ERR,ERR,ERR,ERR,ERR,ERR,ERR,ERR,ERR,ERR,ERR,ERR,ERR,ERR,ERR,ERR,ERR,ERR,ERR,ERR,ERR,ERR,ERR,ERR,ERR,ERR,ERR,ERR,ERR,ERR,ERR,ERR,ERR,ERR,60.0,60.0,35,0.0,0.0,0.0,0.0,0.0,0.0,0.0,0.0,0.0,0.0,0.0,0.0,0.0,0.0,0.0,0.0,65.2,0,119,57,44,65476,0,300,0,0,8,20529,65476,0,0,2621,60.0,0.0,0.0,0.0,0.0,0.0
2026-07-09T15:21:14,ERR,ERR,ERR,ERR,ERR,ERR,ERR,ERR,ERR,ERR,ERR,ERR,ERR,ERR,ERR,ERR,ERR,ERR,ERR,ERR,ERR,ERR,ERR,ERR,ERR,ERR,ERR,ERR,ERR,ERR,ERR,ERR,ERR,ERR,ERR,ERR,ERR,ERR,ERR,ERR,ERR,ERR,ERR,ERR,ERR,ERR,ERR,ERR,ERR,ERR,ERR,ERR,ERR,ERR,ERR,ERR,ERR,ERR,ERR,ERR,ERR,ERR,ERR,ERR,ERR,ERR,ERR,ERR,ERR,ERR,ERR,ERR,ERR,ERR,ERR,ERR,ERR,ERR,ERR,ERR,ERR,ERR,ERR,ERR,ERR,ERR,ERR,ERR,ERR,ERR,ERR,ERR,ERR,ERR,ERR,ERR,ERR,ERR,ERR,ERR,ERR,ERR,ERR,ERR,ERR,ERR,ERR,ERR,ERR,ERR,ERR,ERR,ERR,ERR,ERR,ERR,ERR,ERR,ERR,ERR,ERR,ERR,ERR,ERR,ERR,0.0,0.0,0.0,2.718366610185338e+23,-0.0,-18690738176.0,9.835376188145915e+30,-1.0090962955429478e+17,0,0,4,17428,7116,0.0,100,0.0,0.0,2.718366610185338e+23,0.0,0.0,0,0,0,0,0.0,0,0,0,0,0,0,0,0,0,0,0,0,0,0,0,0,0,0,0,0,0,0,0,0,0,0,0,0,0,0,0,0,0,31,40,40,71,65476,0,300,0,0,8,21553,0.0,-107605600.0,0.0,0.0,0.0,0.0,0.0,0.0,0.0,0.0,0.0,0.0,0.0,0.0,0.0,0.0,0.0,0.0,0.0,0.0,0.0,0.0,2.004,0.0,0.0,0.0,0.0,0.0,0.0,0.0,5182.0,-3.697188332647953e+19,6940.0,0.0,0.0,2.004,2.004,0.0,0.0,0.0,0.0,69,-2.3088280513417105e+20,0.0,0.0,0.0,0.0,0.0,0.0,0.0,0.0,0,0,0,0.0,0.0,0.0,0.0,0.0,0.0,0.0,0.0,0.0,0.0,0.0,0.0,0.0,0.0,0.0,0.0,0,-107875648.0,69,0.0,138,0.0,2.012,ERR,ERR,ERR,ERR,ERR,ERR,ERR,ERR,ERR,ERR,ERR,ERR,ERR,ERR,ERR,ERR,ERR,ERR,ERR,ERR,ERR,ERR,ERR,ERR,ERR,ERR,ERR,ERR,ERR,ERR,ERR,ERR,ERR,ERR,ERR,ERR,ERR,ERR,ERR,ERR,ERR,ERR,ERR,ERR,ERR,ERR,ERR,ERR,ERR,ERR,ERR,ERR,ERR,ERR,ERR,ERR,ERR,ERR,ERR,ERR,ERR,ERR,ERR,ERR,ERR,ERR,ERR,60.0,60.0,35,0.0,0.0,0.0,0.0,0.0,0.0,0.0,0.0,0.0,0.0,0.0,0.0,0.0,0.0,0.0,0.0,65.2,0,118,57,44,65476,0,300,0,0,8,20529,65476,0,0,2621,60.0,0.0,0.0,0.0,0.0,0.0
2026-07-09T15:21:15,ERR,ERR,ERR,ERR,ERR,ERR,ERR,ERR,ERR,ERR,ERR,ERR,ERR,ERR,ERR,ERR,ERR,ERR,ERR,ERR,ERR,ERR,ERR,ERR,ERR,ERR,ERR,ERR,ERR,ERR,ERR,ERR,ERR,ERR,ERR,ERR,ERR,ERR,ERR,ERR,ERR,ERR,ERR,ERR,ERR,ERR,ERR,ERR,ERR,ERR,ERR,ERR,ERR,ERR,ERR,ERR,ERR,ERR,ERR,ERR,ERR,ERR,ERR,ERR,ERR,ERR,ERR,ERR,ERR,ERR,ERR,ERR,ERR,ERR,ERR,ERR,ERR,ERR,ERR,ERR,ERR,ERR,ERR,ERR,ERR,ERR,ERR,ERR,ERR,ERR,ERR,ERR,ERR,ERR,ERR,ERR,ERR,ERR,ERR,ERR,ERR,ERR,ERR,ERR,ERR,ERR,ERR,ERR,ERR,ERR,ERR,ERR,ERR,ERR,ERR,ERR,ERR,ERR,ERR,ERR,ERR,ERR,ERR,ERR,ERR,0.0,0.0,0.0,2.718366610185338e+23,-0.0,-18690738176.0,9.835376188145915e+30,-1.0090962955429478e+17,0,0,4,17428,7116,0.0,100,0.0,0.0,2.718366610185338e+23,0.0,0.0,0,0,0,0,0.0,0,0,0,0,0,0,0,0,0,0,0,0,0,0,0,0,0,0,0,0,0,0,0,0,0,0,0,0,0,0,0,0,0,31,40,40,71,65476,0,300,0,0,8,21553,0.0,-107605600.0,0.0,0.0,0.0,0.0,0.0,0.0,0.0,0.0,0.0,0.0,0.0,0.0,0.0,0.0,0.0,0.0,0.0,0.0,0.0,0.0,2.004,0.0,0.0,0.0,0.0,0.0,0.0,0.0,5182.0,-3.697188332647953e+19,6940.0,0.0,0.0,2.004,2.004,0.0,0.0,0.0,0.0,69,-2.3088280513417105e+20,0.0,0.0,0.0,0.0,0.0,0.0,0.0,0.0,0,0,0,0.0,0.0,0.0,0.0,0.0,0.0,0.0,0.0,0.0,0.0,0.0,0.0,0.0,0.0,0.0,0.0,0,-107875648.0,69,0.0,138,0.0,2.012,ERR,ERR,ERR,ERR,ERR,ERR,ERR,ERR,ERR,ERR,ERR,ERR,ERR,ERR,ERR,ERR,ERR,ERR,ERR,ERR,ERR,ERR,ERR,ERR,ERR,ERR,ERR,ERR,ERR,ERR,ERR,ERR,ERR,ERR,ERR,ERR,ERR,ERR,ERR,ERR,ERR,ERR,ERR,ERR,ERR,ERR,ERR,ERR,ERR,ERR,ERR,ERR,ERR,ERR,ERR,ERR,ERR,ERR,ERR,ERR,ERR,ERR,ERR,ERR,ERR,ERR,ERR,60.0,60.0,35,0.0,0.0,0.0,0.0,0.0,0.0,0.0,0.0,0.0,0.0,0.0,0.0,0.0,0.0,0.0,0.0,65.6,0,118,57,44,65476,0,300,0,0,8,20529,65476,0,0,2621,60.0,0.0,0.0,0.0,0.0,0.0
2026-07-09T15:21:16,ERR,ERR,ERR,ERR,ERR,ERR,ERR,ERR,ERR,ERR,ERR,ERR,ERR,ERR,ERR,ERR,ERR,ERR,ERR,ERR,ERR,ERR,ERR,ERR,ERR,ERR,ERR,ERR,ERR,ERR,ERR,ERR,ERR,ERR,ERR,ERR,ERR,ERR,ERR,ERR,ERR,ERR,ERR,ERR,ERR,ERR,ERR,ERR,ERR,ERR,ERR,ERR,ERR,ERR,ERR,ERR,ERR,ERR,ERR,ERR,ERR,ERR,ERR,ERR,ERR,ERR,ERR,ERR,ERR,ERR,ERR,ERR,ERR,ERR,ERR,ERR,ERR,ERR,ERR,ERR,ERR,ERR,ERR,ERR,ERR,ERR,ERR,ERR,ERR,ERR,ERR,ERR,ERR,ERR,ERR,ERR,ERR,ERR,ERR,ERR,ERR,ERR,ERR,ERR,ERR,ERR,ERR,ERR,ERR,ERR,ERR,ERR,ERR,ERR,ERR,ERR,ERR,ERR,ERR,ERR,ERR,ERR,ERR,ERR,ERR,0.0,0.0,2.7184202930928964e+23,2.718366610185338e+23,-6.461303622076094e+33,0.0,-0.0,-1.79695902613223e+28,0,0,4,17427,7116,0.0,100,0.0,0.0,2.718366610185338e+23,0.0,0.0,0,0,0,0,0.0,0,0,0,0,0,0,0,0,0,0,0,0,0,0,0,0,0,0,0,0,0,0,0,0,0,0,0,0,0,0,0,0,0,31,40,40,71,65476,0,300,0,0,8,21553,0.0,-107605600.0,0.0,0.0,0.0,0.0,0.0,0.0,0.0,0.0,0.0,0.0,0.0,0.0,0.0,0.0,0.0,0.0,0.0,0.0,0.0,0.0,2.004,2.004,0.0,0.0,0.0,0.0,0.0,0.0,5183.0,-564146168922112.0,6939.0,0.0,0.0,2.004,2.004,0.0,0.0,0.0,0.0,69,-3.222002767243768e+26,0.0,0.0,0.0,0.0,0.0,0.0,0.0,0.0,0,0,0,0.0,0.0,0.0,0.0,0.0,0.0,0.0,0.0,0.0,0.0,0.0,0.0,0.0,0.0,0.0,0.0,0,-107875648.0,69,0.0,138,0.0,2.012,ERR,ERR,ERR,ERR,ERR,ERR,ERR,ERR,ERR,ERR,ERR,ERR,ERR,ERR,ERR,ERR,ERR,ERR,ERR,ERR,ERR,ERR,ERR,ERR,ERR,ERR,ERR,ERR,ERR,ERR,ERR,ERR,ERR,ERR,ERR,ERR,ERR,ERR,ERR,ERR,ERR,ERR,ERR,ERR,ERR,ERR,ERR,ERR,ERR,ERR,ERR,ERR,ERR,ERR,ERR,ERR,ERR,ERR,ERR,ERR,ERR,ERR,ERR,ERR,ERR,ERR,ERR,60.0,60.0,35,0.0,0.0,0.0,0.0,0.0,0.0,0.0,0.0,0.0,0.0,0.0,0.0,0.0,0.0,0.0,0.0,65.6,0,118,57,44,65476,0,300,0,0,8,20529,65476,0,0,2621,60.0,0.0,0.0,0.0,0.0,0.0
2026-07-09T15:21:17,ERR,ERR,ERR,ERR,ERR,ERR,ERR,ERR,ERR,ERR,ERR,ERR,ERR,ERR,ERR,ERR,ERR,ERR,ERR,ERR,ERR,ERR,ERR,ERR,ERR,ERR,ERR,ERR,ERR,ERR,ERR,ERR,ERR,ERR,ERR,ERR,ERR,ERR,ERR,ERR,ERR,ERR,ERR,ERR,ERR,ERR,ERR,ERR,ERR,ERR,ERR,ERR,ERR,ERR,ERR,ERR,ERR,ERR,ERR,ERR,ERR,ERR,ERR,ERR,ERR,ERR,ERR,ERR,ERR,ERR,ERR,ERR,ERR,ERR,ERR,ERR,ERR,ERR,ERR,ERR,ERR,ERR,ERR,ERR,ERR,ERR,ERR,ERR,ERR,ERR,ERR,ERR,ERR,ERR,ERR,ERR,ERR,ERR,ERR,ERR,ERR,ERR,ERR,ERR,ERR,ERR,ERR,ERR,ERR,ERR,ERR,ERR,ERR,ERR,ERR,ERR,ERR,ERR,ERR,ERR,ERR,ERR,ERR,ERR,ERR,0.0,0.0,2.7184202930928964e+23,2.718366610185338e+23,-6.461303622076094e+33,0.0,-0.0,-1.79695902613223e+28,0,0,4,17427,7116,0.0,100,0.0,0.0,2.718366610185338e+23,0.0,0.0,0,0,0,0,0.0,0,0,0,0,0,0,0,0,0,0,0,0,0,0,0,0,0,0,0,0,0,0,0,0,0,0,0,0,0,0,0,0,0,31,40,40,71,65476,0,300,0,0,8,21553,0.0,-107605600.0,0.0,0.0,0.0,0.0,0.0,0.0,0.0,0.0,0.0,0.0,0.0,0.0,0.0,0.0,0.0,0.0,0.0,0.0,0.0,0.0,2.004,2.004,0.0,0.0,0.0,0.0,0.0,0.0,5183.0,-564146168922112.0,6939.0,0.0,0.0,2.004,2.004,0.0,0.0,0.0,0.0,69,-3.222002767243768e+26,0.0,0.0,0.0,0.0,0.0,0.0,0.0,0.0,0,0,0,0.0,0.0,0.0,0.0,0.0,0.0,0.0,0.0,0.0,0.0,0.0,0.0,0.0,0.0,0.0,0.0,0,-107875648.0,69,0.0,138,0.0,2.012,ERR,ERR,ERR,ERR,ERR,ERR,ERR,ERR,ERR,ERR,ERR,ERR,ERR,ERR,ERR,ERR,ERR,ERR,ERR,ERR,ERR,ERR,ERR,ERR,ERR,ERR,ERR,ERR,ERR,ERR,ERR,ERR,ERR,ERR,ERR,ERR,ERR,ERR,ERR,ERR,ERR,ERR,ERR,ERR,ERR,ERR,ERR,ERR,ERR,ERR,ERR,ERR,ERR,ERR,ERR,ERR,ERR,ERR,ERR,ERR,ERR,ERR,ERR,ERR,ERR,ERR,ERR,60.0,60.0,35,0.0,0.0,0.0,0.0,0.0,0.0,0.0,0.0,0.0,0.0,0.0,0.0,0.0,0.0,0.0,0.0,65.2,0,118,57,44,65476,0,300,0,0,8,20529,65476,0,0,2621,60.0,0.0,0.0,0.0,0.0,0.0
2026-07-09T15:21:18,ERR,ERR,ERR,ERR,ERR,ERR,ERR,ERR,ERR,ERR,ERR,ERR,ERR,ERR,ERR,ERR,ERR,ERR,ERR,ERR,ERR,ERR,ERR,ERR,ERR,ERR,ERR,ERR,ERR,ERR,ERR,ERR,ERR,ERR,ERR,ERR,ERR,ERR,ERR,ERR,ERR,ERR,ERR,ERR,ERR,ERR,ERR,ERR,ERR,ERR,ERR,ERR,ERR,ERR,ERR,ERR,ERR,ERR,ERR,ERR,ERR,ERR,ERR,ERR,ERR,ERR,ERR,ERR,ERR,ERR,ERR,ERR,ERR,ERR,ERR,ERR,ERR,ERR,ERR,ERR,ERR,ERR,ERR,ERR,ERR,ERR,ERR,ERR,ERR,ERR,ERR,ERR,ERR,ERR,ERR,ERR,ERR,ERR,ERR,ERR,ERR,ERR,ERR,ERR,ERR,ERR,ERR,ERR,ERR,ERR,ERR,ERR,ERR,ERR,ERR,ERR,ERR,ERR,ERR,ERR,ERR,ERR,ERR,ERR,ERR,0.0,0.0,2.7184202930928964e+23,2.718366610185338e+23,-6.461303622076094e+33,0.0,-0.0,-1.79695902613223e+28,0,0,4,17427,7116,0.0,100,0.0,0.0,2.718366610185338e+23,0.0,0.0,0,0,0,0,0.0,0,0,0,0,0,0,0,0,0,0,0,0,0,0,0,0,0,0,0,0,0,0,0,0,0,0,0,0,0,0,0,0,0,31,40,40,71,65476,0,300,0,0,8,21553,0.0,-107605600.0,0.0,0.0,0.0,0.0,0.0,0.0,0.0,0.0,0.0,0.0,0.0,0.0,0.0,0.0,0.0,0.0,0.0,0.0,0.0,0.0,2.004,2.004,0.0,0.0,0.0,0.0,0.0,0.0,5183.0,-564146168922112.0,6939.0,0.0,0.0,2.004,2.004,0.0,0.0,0.0,0.0,69,-3.222002767243768e+26,0.0,0.0,0.0,0.0,0.0,0.0,0.0,0.0,0,0,0,0.0,0.0,0.0,0.0,0.0,0.0,0.0,0.0,0.0,0.0,0.0,0.0,0.0,0.0,0.0,0.0,0,-107875648.0,69,0.0,138,0.0,2.012,ERR,ERR,ERR,ERR,ERR,ERR,ERR,ERR,ERR,ERR,ERR,ERR,ERR,ERR,ERR,ERR,ERR,ERR,ERR,ERR,ERR,ERR,ERR,ERR,ERR,ERR,ERR,ERR,ERR,ERR,ERR,ERR,ERR,ERR,ERR,ERR,ERR,ERR,ERR,ERR,ERR,ERR,ERR,ERR,ERR,ERR,ERR,ERR,ERR,ERR,ERR,ERR,ERR,ERR,ERR,ERR,ERR,ERR,ERR,ERR,ERR,ERR,ERR,ERR,ERR,ERR,ERR,60.0,60.0,35,0.0,0.0,0.0,0.0,0.0,0.0,0.0,0.0,0.0,0.0,0.0,0.0,0.0,0.0,0.0,0.0,65.2,0,118,57,44,65476,0,300,0,0,8,20529,65476,0,0,2621,60.0,0.0,0.0,0.0,0.0,0.0
2026-07-09T15:21:19,ERR,ERR,ERR,ERR,ERR,ERR,ERR,ERR,ERR,ERR,ERR,ERR,ERR,ERR,ERR,ERR,ERR,ERR,ERR,ERR,ERR,ERR,ERR,ERR,ERR,ERR,ERR,ERR,ERR,ERR,ERR,ERR,ERR,ERR,ERR,ERR,ERR,ERR,ERR,ERR,ERR,ERR,ERR,ERR,ERR,ERR,ERR,ERR,ERR,ERR,ERR,ERR,ERR,ERR,ERR,ERR,ERR,ERR,ERR,ERR,ERR,ERR,ERR,ERR,ERR,ERR,ERR,ERR,ERR,ERR,ERR,ERR,ERR,ERR,ERR,ERR,ERR,ERR,ERR,ERR,ERR,ERR,ERR,ERR,ERR,ERR,ERR,ERR,ERR,ERR,ERR,ERR,ERR,ERR,ERR,ERR,ERR,ERR,ERR,ERR,ERR,ERR,ERR,ERR,ERR,ERR,ERR,ERR,ERR,ERR,ERR,ERR,ERR,ERR,ERR,ERR,ERR,ERR,ERR,ERR,ERR,ERR,ERR,ERR,ERR,0.0,0.0,2.7184202930928964e+23,2.718366610185338e+23,-6.461303622076094e+33,0.0,-0.0,-1.79695902613223e+28,0,0,4,17427,7116,0.0,100,0.0,0.0,2.718366610185338e+23,0.0,0.0,0,0,0,0,0.0,0,0,0,0,0,0,0,0,0,0,0,0,0,0,0,0,0,0,0,0,0,0,0,0,0,0,0,0,0,0,0,0,0,31,40,40,71,65476,0,300,0,0,8,21553,0.0,-107605600.0,0.0,0.0,0.0,0.0,0.0,0.0,0.0,0.0,0.0,0.0,0.0,0.0,0.0,0.0,0.0,0.0,0.0,0.0,0.0,0.0,2.004,2.004,0.0,0.0,0.0,0.0,0.0,0.0,5183.0,-564146168922112.0,6939.0,0.0,0.0,2.004,2.004,0.0,0.0,0.0,0.0,69,-3.222002767243768e+26,0.0,0.0,0.0,0.0,0.0,0.0,0.0,0.0,0,0,0,0.0,0.0,0.0,0.0,0.0,0.0,0.0,0.0,0.0,0.0,0.0,0.0,0.0,0.0,0.0,0.0,0,-107875648.0,69,0.0,138,0.0,2.012,ERR,ERR,ERR,ERR,ERR,ERR,ERR,ERR,ERR,ERR,ERR,ERR,ERR,ERR,ERR,ERR,ERR,ERR,ERR,ERR,ERR,ERR,ERR,ERR,ERR,ERR,ERR,ERR,ERR,ERR,ERR,ERR,ERR,ERR,ERR,ERR,ERR,ERR,ERR,ERR,ERR,ERR,ERR,ERR,ERR,ERR,ERR,ERR,ERR,ERR,ERR,ERR,ERR,ERR,ERR,ERR,ERR,ERR,ERR,ERR,ERR,ERR,ERR,ERR,ERR,ERR,ERR,60.0,60.0,35,0.0,0.0,0.0,0.0,0.0,0.0,0.0,0.0,0.0,0.0,0.0,0.0,0.0,0.0,0.0,0.0,65.2,0,118,57,44,65476,0,300,0,0,8,20529,65476,0,0,2621,60.0,0.0,0.0,0.0,0.0,0.0
2026-07-09T15:21:20,ERR,ERR,ERR,ERR,ERR,ERR,ERR,ERR,ERR,ERR,ERR,ERR,ERR,ERR,ERR,ERR,ERR,ERR,ERR,ERR,ERR,ERR,ERR,ERR,ERR,ERR,ERR,ERR,ERR,ERR,ERR,ERR,ERR,ERR,ERR,ERR,ERR,ERR,ERR,ERR,ERR,ERR,ERR,ERR,ERR,ERR,ERR,ERR,ERR,ERR,ERR,ERR,ERR,ERR,ERR,ERR,ERR,ERR,ERR,ERR,ERR,ERR,ERR,ERR,ERR,ERR,ERR,ERR,ERR,ERR,ERR,ERR,ERR,ERR,ERR,ERR,ERR,ERR,ERR,ERR,ERR,ERR,ERR,ERR,ERR,ERR,ERR,ERR,ERR,ERR,ERR,ERR,ERR,ERR,ERR,ERR,ERR,ERR,ERR,ERR,ERR,ERR,ERR,ERR,ERR,ERR,ERR,ERR,ERR,ERR,ERR,ERR,ERR,ERR,ERR,ERR,ERR,ERR,ERR,ERR,ERR,ERR,ERR,ERR,ERR,0.0,0.0,2.7184202930928964e+23,2.718366610185338e+23,-6.461303622076094e+33,0.0,-0.0,-1.79695902613223e+28,0,0,4,17427,7116,0.0,100,0.0,0.0,2.718366610185338e+23,0.0,0.0,0,0,0,0,0.0,0,0,0,0,0,0,0,0,0,0,0,0,0,0,0,0,0,0,0,0,0,0,0,0,0,0,0,0,0,0,0,0,0,31,40,40,71,65476,0,300,0,0,8,21553,0.0,-107605600.0,0.0,0.0,0.0,0.0,0.0,0.0,0.0,0.0,0.0,0.0,0.0,0.0,0.0,0.0,0.0,0.0,0.0,0.0,0.0,0.0,2.004,2.004,0.0,0.0,0.0,0.0,0.0,0.0,5183.0,-564146168922112.0,6939.0,0.0,0.0,2.004,2.004,0.0,0.0,0.0,0.0,69,-3.222002767243768e+26,0.0,0.0,0.0,0.0,0.0,0.0,0.0,0.0,0,0,0,0.0,0.0,0.0,0.0,0.0,0.0,0.0,0.0,0.0,0.0,0.0,0.0,0.0,0.0,0.0,0.0,0,-107875648.0,69,0.0,138,0.0,2.012,ERR,ERR,ERR,ERR,ERR,ERR,ERR,ERR,ERR,ERR,ERR,ERR,ERR,ERR,ERR,ERR,ERR,ERR,ERR,ERR,ERR,ERR,ERR,ERR,ERR,ERR,ERR,ERR,ERR,ERR,ERR,ERR,ERR,ERR,ERR,ERR,ERR,ERR,ERR,ERR,ERR,ERR,ERR,ERR,ERR,ERR,ERR,ERR,ERR,ERR,ERR,ERR,ERR,ERR,ERR,ERR,ERR,ERR,ERR,ERR,ERR,ERR,ERR,ERR,ERR,ERR,ERR,60.0,60.0,35,0.0,0.0,0.0,0.0,0.0,0.0,0.0,0.0,0.0,0.0,0.0,0.0,0.0,0.0,0.0,0.0,65.2,0,118,57,44,65476,0,300,0,0,8,20529,65476,0,0,2621,60.0,0.0,0.0,0.0,0.0,0.0
2026-07-09T15:21:21,ERR,ERR,ERR,ERR,ERR,ERR,ERR,ERR,ERR,ERR,ERR,ERR,ERR,ERR,ERR,ERR,ERR,ERR,ERR,ERR,ERR,ERR,ERR,ERR,ERR,ERR,ERR,ERR,ERR,ERR,ERR,ERR,ERR,ERR,ERR,ERR,ERR,ERR,ERR,ERR,ERR,ERR,ERR,ERR,ERR,ERR,ERR,ERR,ERR,ERR,ERR,ERR,ERR,ERR,ERR,ERR,ERR,ERR,ERR,ERR,ERR,ERR,ERR,ERR,ERR,ERR,ERR,ERR,ERR,ERR,ERR,ERR,ERR,ERR,ERR,ERR,ERR,ERR,ERR,ERR,ERR,ERR,ERR,ERR,ERR,ERR,ERR,ERR,ERR,ERR,ERR,ERR,ERR,ERR,ERR,ERR,ERR,ERR,ERR,ERR,ERR,ERR,ERR,ERR,ERR,ERR,ERR,ERR,ERR,ERR,ERR,ERR,ERR,ERR,ERR,ERR,ERR,ERR,ERR,ERR,ERR,ERR,ERR,ERR,ERR,0.0,2.7184456933947948e+23,-107090624.0,2.718366610185338e+23,0.006,957378688.0,-1.1556225408198246e+17,0.0,0,0,4,17417,7116,0.0,100,0.0,0.0,2.718366610185338e+23,0.0,0.0,0,0,0,0,0.0,0,0,0,0,0,0,0,0,0,0,0,0,0,0,0,0,0,0,0,0,0,0,0,0,0,0,0,0,0,0,0,0,0,31,40,40,71,65476,0,300,0,0,8,21553,0.0,-107605600.0,0.0,0.0,0.0,0.0,0.0,0.0,0.0,0.0,0.0,0.0,0.0,0.0,0.0,0.0,0.0,0.0,0.0,0.0,0.0,0.0,2.004,-0.0,0.0,0.0,0.0,0.0,0.0,0.0,5156.0,-8608187392.0,6938.0,0.0,-0.0,2.004,2.004,0.0,0.0,0.0,0.0,69,0.0,0.0,0.0,0.0,0.0,0.0,0.0,0.0,0.0,0,0,0,0.0,0.0,0.0,0.0,0.0,0.0,0.0,0.0,0.0,0.0,0.0,0.0,0.0,0.0,0.0,0.0,0,-107875648.0,69,0.0,138,0.0,2.012,ERR,ERR,ERR,ERR,ERR,ERR,ERR,ERR,ERR,ERR,ERR,ERR,ERR,ERR,ERR,ERR,ERR,ERR,ERR,ERR,ERR,ERR,ERR,ERR,ERR,ERR,ERR,ERR,ERR,ERR,ERR,ERR,ERR,ERR,ERR,ERR,ERR,ERR,ERR,ERR,ERR,ERR,ERR,ERR,ERR,ERR,ERR,ERR,ERR,ERR,ERR,ERR,ERR,ERR,ERR,ERR,ERR,ERR,ERR,ERR,ERR,ERR,ERR,ERR,ERR,ERR,ERR,60.0,60.0,35,0.0,0.0,0.0,0.0,0.0,0.0,0.0,0.0,0.0,0.0,0.0,0.0,0.0,0.0,0.0,0.0,65.2,0,118,57,44,65476,0,300,0,0,8,20529,65476,0,0,2621,60.0,0.0,0.0,0.0,0.0,0.0
2026-07-09T15:21:22,ERR,ERR,ERR,ERR,ERR,ERR,ERR,ERR,ERR,ERR,ERR,ERR,ERR,ERR,ERR,ERR,ERR,ERR,ERR,ERR,ERR,ERR,ERR,ERR,ERR,ERR,ERR,ERR,ERR,ERR,ERR,ERR,ERR,ERR,ERR,ERR,ERR,ERR,ERR,ERR,ERR,ERR,ERR,ERR,ERR,ERR,ERR,ERR,ERR,ERR,ERR,ERR,ERR,ERR,ERR,ERR,ERR,ERR,ERR,ERR,ERR,ERR,ERR,ERR,ERR,ERR,ERR,ERR,ERR,ERR,ERR,ERR,ERR,ERR,ERR,ERR,ERR,ERR,ERR,ERR,ERR,ERR,ERR,ERR,ERR,ERR,ERR,ERR,ERR,ERR,ERR,ERR,ERR,ERR,ERR,ERR,ERR,ERR,ERR,ERR,ERR,ERR,ERR,ERR,ERR,ERR,ERR,ERR,ERR,ERR,ERR,ERR,ERR,ERR,ERR,ERR,ERR,ERR,ERR,ERR,ERR,ERR,ERR,ERR,ERR,0.0,2.7184456933947948e+23,-107090624.0,2.718366610185338e+23,0.006,957378688.0,-1.1556225408198246e+17,0.0,0,0,4,17417,7116,0.0,100,0.0,0.0,2.718366610185338e+23,0.0,0.0,0,0,0,0,0.0,0,0,0,0,0,0,0,0,0,0,0,0,0,0,0,0,0,0,0,0,0,0,0,0,0,0,0,0,0,0,0,0,0,31,40,40,71,65476,0,300,0,0,8,21553,0.0,-107605600.0,0.0,0.0,0.0,0.0,0.0,0.0,0.0,0.0,0.0,0.0,0.0,0.0,0.0,0.0,0.0,0.0,0.0,0.0,0.0,0.0,2.004,-0.0,0.0,0.0,0.0,0.0,0.0,0.0,5156.0,-8608187392.0,6938.0,0.0,-0.0,2.004,2.004,0.0,0.0,0.0,0.0,69,0.0,0.0,0.0,0.0,0.0,0.0,0.0,0.0,0.0,0,0,0,0.0,0.0,0.0,0.0,0.0,0.0,0.0,0.0,0.0,0.0,0.0,0.0,0.0,0.0,0.0,0.0,0,-107875648.0,69,0.0,138,0.0,2.012,ERR,ERR,ERR,ERR,ERR,ERR,ERR,ERR,ERR,ERR,ERR,ERR,ERR,ERR,ERR,ERR,ERR,ERR,ERR,ERR,ERR,ERR,ERR,ERR,ERR,ERR,ERR,ERR,ERR,ERR,ERR,ERR,ERR,ERR,ERR,ERR,ERR,ERR,ERR,ERR,ERR,ERR,ERR,ERR,ERR,ERR,ERR,ERR,ERR,ERR,ERR,ERR,ERR,ERR,ERR,ERR,ERR,ERR,ERR,ERR,ERR,ERR,ERR,ERR,ERR,ERR,ERR,60.0,60.0,35,0.0,0.0,0.0,0.0,0.0,0.0,0.0,0.0,0.0,0.0,0.0,0.0,0.0,0.0,0.0,0.0,65.2,0,118,57,44,65476,0,300,0,0,8,20529,65476,0,0,2621,60.0,0.0,0.0,0.0,0.0,0.0
2026-07-09T15:21:23,ERR,ERR,ERR,ERR,ERR,ERR,ERR,ERR,ERR,ERR,ERR,ERR,ERR,ERR,ERR,ERR,ERR,ERR,ERR,ERR,ERR,ERR,ERR,ERR,ERR,ERR,ERR,ERR,ERR,ERR,ERR,ERR,ERR,ERR,ERR,ERR,ERR,ERR,ERR,ERR,ERR,ERR,ERR,ERR,ERR,ERR,ERR,ERR,ERR,ERR,ERR,ERR,ERR,ERR,ERR,ERR,ERR,ERR,ERR,ERR,ERR,ERR,ERR,ERR,ERR,ERR,ERR,ERR,ERR,ERR,ERR,ERR,ERR,ERR,ERR,ERR,ERR,ERR,ERR,ERR,ERR,ERR,ERR,ERR,ERR,ERR,ERR,ERR,ERR,ERR,ERR,ERR,ERR,ERR,ERR,ERR,ERR,ERR,ERR,ERR,ERR,ERR,ERR,ERR,ERR,ERR,ERR,ERR,ERR,ERR,ERR,ERR,ERR,ERR,ERR,ERR,ERR,ERR,ERR,ERR,ERR,ERR,ERR,ERR,ERR,0.0,2.7184456933947948e+23,-107090624.0,2.718366610185338e+23,0.006,957378688.0,-1.1556225408198246e+17,0.0,0,0,4,17417,7116,0.0,100,0.0,0.0,2.718366610185338e+23,0.0,0.0,0,0,0,0,0.0,0,0,0,0,0,0,0,0,0,0,0,0,0,0,0,0,0,0,0,0,0,0,0,0,0,0,0,0,0,0,0,0,0,31,40,40,71,65476,0,300,0,0,8,21553,0.0,-107605600.0,0.0,0.0,0.0,0.0,0.0,0.0,0.0,0.0,0.0,0.0,0.0,0.0,0.0,0.0,0.0,0.0,0.0,0.0,0.0,0.0,2.004,-0.0,0.0,0.0,0.0,0.0,0.0,0.0,5156.0,-8608187392.0,6938.0,0.0,-0.0,2.004,2.004,0.0,0.0,0.0,0.0,69,0.0,0.0,0.0,0.0,0.0,0.0,0.0,0.0,0.0,0,0,0,0.0,0.0,0.0,0.0,0.0,0.0,0.0,0.0,0.0,0.0,0.0,0.0,0.0,0.0,0.0,0.0,0,-107875648.0,69,0.0,138,0.0,2.012,ERR,ERR,ERR,ERR,ERR,ERR,ERR,ERR,ERR,ERR,ERR,ERR,ERR,ERR,ERR,ERR,ERR,ERR,ERR,ERR,ERR,ERR,ERR,ERR,ERR,ERR,ERR,ERR,ERR,ERR,ERR,ERR,ERR,ERR,ERR,ERR,ERR,ERR,ERR,ERR,ERR,ERR,ERR,ERR,ERR,ERR,ERR,ERR,ERR,ERR,ERR,ERR,ERR,ERR,ERR,ERR,ERR,ERR,ERR,ERR,ERR,ERR,ERR,ERR,ERR,ERR,ERR,60.0,60.0,35,0.0,0.0,0.0,0.0,0.0,0.0,0.0,0.0,0.0,0.0,0.0,0.0,0.0,0.0,0.0,0.0,65.2,0,118,57,44,65476,0,300,0,0,8,20529,65476,0,0,2621,60.0,0.0,0.0,0.0,0.0,0.0
2026-07-09T15:21:24,ERR,ERR,ERR,ERR,ERR,ERR,ERR,ERR,ERR,ERR,ERR,ERR,ERR,ERR,ERR,ERR,ERR,ERR,ERR,ERR,ERR,ERR,ERR,ERR,ERR,ERR,ERR,ERR,ERR,ERR,ERR,ERR,ERR,ERR,ERR,ERR,ERR,ERR,ERR,ERR,ERR,ERR,ERR,ERR,ERR,ERR,ERR,ERR,ERR,ERR,ERR,ERR,ERR,ERR,ERR,ERR,ERR,ERR,ERR,ERR,ERR,ERR,ERR,ERR,ERR,ERR,ERR,ERR,ERR,ERR,ERR,ERR,ERR,ERR,ERR,ERR,ERR,ERR,ERR,ERR,ERR,ERR,ERR,ERR,ERR,ERR,ERR,ERR,ERR,ERR,ERR,ERR,ERR,ERR,ERR,ERR,ERR,ERR,ERR,ERR,ERR,ERR,ERR,ERR,ERR,ERR,ERR,ERR,ERR,ERR,ERR,ERR,ERR,ERR,ERR,ERR,ERR,ERR,ERR,ERR,ERR,ERR,ERR,ERR,ERR,0.0,2.7184456933947948e+23,-107090624.0,2.718366610185338e+23,0.006,957378688.0,-1.1556225408198246e+17,0.0,0,0,4,17417,7116,0.0,100,0.0,0.0,2.718366610185338e+23,0.0,0.0,0,0,0,0,0.0,0,0,0,0,0,0,0,0,0,0,0,0,0,0,0,0,0,0,0,0,0,0,0,0,0,0,0,0,0,0,0,0,0,31,40,40,71,65476,0,300,0,0,8,21553,0.0,-107605600.0,0.0,0.0,0.0,0.0,0.0,0.0,0.0,0.0,0.0,0.0,0.0,0.0,0.0,0.0,0.0,0.0,0.0,0.0,0.0,0.0,2.004,-0.0,0.0,0.0,0.0,0.0,0.0,0.0,5156.0,-8608187392.0,6938.0,0.0,-0.0,2.004,2.004,0.0,0.0,0.0,0.0,69,0.0,0.0,0.0,0.0,0.0,0.0,0.0,0.0,0.0,0,0,0,0.0,0.0,0.0,0.0,0.0,0.0,0.0,0.0,0.0,0.0,0.0,0.0,0.0,0.0,0.0,0.0,0,-107875648.0,69,0.0,138,0.0,2.012,ERR,ERR,ERR,ERR,ERR,ERR,ERR,ERR,ERR,ERR,ERR,ERR,ERR,ERR,ERR,ERR,ERR,ERR,ERR,ERR,ERR,ERR,ERR,ERR,ERR,ERR,ERR,ERR,ERR,ERR,ERR,ERR,ERR,ERR,ERR,ERR,ERR,ERR,ERR,ERR,ERR,ERR,ERR,ERR,ERR,ERR,ERR,ERR,ERR,ERR,ERR,ERR,ERR,ERR,ERR,ERR,ERR,ERR,ERR,ERR,ERR,ERR,ERR,ERR,ERR,ERR,ERR,60.0,60.0,35,0.0,0.0,0.0,0.0,0.0,0.0,0.0,0.0,0.0,0.0,0.0,0.0,0.0,0.0,0.0,0.0,65.6,0,118,57,44,65476,0,300,0,0,8,20529,65476,0,0,2621,60.0,0.0,0.0,0.0,0.0,0.0
2026-07-09T15:21:25,ERR,ERR,ERR,ERR,ERR,ERR,ERR,ERR,ERR,ERR,ERR,ERR,ERR,ERR,ERR,ERR,ERR,ERR,ERR,ERR,ERR,ERR,ERR,ERR,ERR,ERR,ERR,ERR,ERR,ERR,ERR,ERR,ERR,ERR,ERR,ERR,ERR,ERR,ERR,ERR,ERR,ERR,ERR,ERR,ERR,ERR,ERR,ERR,ERR,ERR,ERR,ERR,ERR,ERR,ERR,ERR,ERR,ERR,ERR,ERR,ERR,ERR,ERR,ERR,ERR,ERR,ERR,ERR,ERR,ERR,ERR,ERR,ERR,ERR,ERR,ERR,ERR,ERR,ERR,ERR,ERR,ERR,ERR,ERR,ERR,ERR,ERR,ERR,ERR,ERR,ERR,ERR,ERR,ERR,ERR,ERR,ERR,ERR,ERR,ERR,ERR,ERR,ERR,ERR,ERR,ERR,ERR,ERR,ERR,ERR,ERR,ERR,ERR,ERR,ERR,ERR,ERR,ERR,ERR,ERR,ERR,ERR,ERR,ERR,ERR,0.0,2.7184456933947948e+23,-107090624.0,2.718366610185338e+23,0.006,957378688.0,-1.1556225408198246e+17,0.0,0,0,4,17417,7116,0.0,100,0.0,0.0,2.718366610185338e+23,0.0,0.0,0,0,0,0,0.0,0,0,0,0,0,0,0,0,0,0,0,0,0,0,0,0,0,0,0,0,0,0,0,0,0,0,0,0,0,0,0,0,0,31,40,40,71,65476,0,300,0,0,8,21553,0.0,-107605600.0,0.0,0.0,0.0,0.0,0.0,0.0,0.0,0.0,0.0,0.0,0.0,0.0,0.0,0.0,0.0,0.0,0.0,0.0,0.0,0.0,2.004,-0.0,0.0,0.0,0.0,0.0,0.0,0.0,5156.0,-8608187392.0,6938.0,0.0,-0.0,2.004,2.004,0.0,0.0,0.0,0.0,69,0.0,0.0,0.0,0.0,0.0,0.0,0.0,0.0,0.0,0,0,0,0.0,0.0,0.0,0.0,0.0,0.0,0.0,0.0,0.0,0.0,0.0,0.0,0.0,0.0,0.0,0.0,0,-107875648.0,69,0.0,138,0.0,2.012,ERR,ERR,ERR,ERR,ERR,ERR,ERR,ERR,ERR,ERR,ERR,ERR,ERR,ERR,ERR,ERR,ERR,ERR,ERR,ERR,ERR,ERR,ERR,ERR,ERR,ERR,ERR,ERR,ERR,ERR,ERR,ERR,ERR,ERR,ERR,ERR,ERR,ERR,ERR,ERR,ERR,ERR,ERR,ERR,ERR,ERR,ERR,ERR,ERR,ERR,ERR,ERR,ERR,ERR,ERR,ERR,ERR,ERR,ERR,ERR,ERR,ERR,ERR,ERR,ERR,ERR,ERR,60.0,60.0,35,0.0,0.0,0.0,0.0,0.0,0.0,0.0,0.0,0.0,0.0,0.0,0.0,0.0,0.0,0.0,0.0,65.2,0,118,57,44,65476,0,300,0,0,8,20529,65476,0,0,2621,60.0,0.0,0.0,0.0,0.0,0.0
2026-07-09T15:21:26,ERR,ERR,ERR,ERR,ERR,ERR,ERR,ERR,ERR,ERR,ERR,ERR,ERR,ERR,ERR,ERR,ERR,ERR,ERR,ERR,ERR,ERR,ERR,ERR,ERR,ERR,ERR,ERR,ERR,ERR,ERR,ERR,ERR,ERR,ERR,ERR,ERR,ERR,ERR,ERR,ERR,ERR,ERR,ERR,ERR,ERR,ERR,ERR,ERR,ERR,ERR,ERR,ERR,ERR,ERR,ERR,ERR,ERR,ERR,ERR,ERR,ERR,ERR,ERR,ERR,ERR,ERR,ERR,ERR,ERR,ERR,ERR,ERR,ERR,ERR,ERR,ERR,ERR,ERR,ERR,ERR,ERR,ERR,ERR,ERR,ERR,ERR,ERR,ERR,ERR,ERR,ERR,ERR,ERR,ERR,ERR,ERR,ERR,ERR,ERR,ERR,ERR,ERR,ERR,ERR,ERR,ERR,ERR,ERR,ERR,ERR,ERR,ERR,ERR,ERR,ERR,ERR,ERR,ERR,ERR,ERR,ERR,ERR,ERR,ERR,0.0,-107616040.0,-0.0,2.7183637278815766e+23,2.664338841092841e+36,0.0,-0.0,0.0,0,0,4,17410,7116,0.0,100,0.0,0.0,2.7183637278815766e+23,0.0,0.0,0,0,0,0,0.0,0,0,0,0,0,0,0,0,0,0,0,0,0,0,0,0,0,0,0,0,0,0,0,0,0,0,0,0,0,0,0,0,0,31,40,40,71,65476,0,300,0,0,8,21553,0.0,-107605600.0,0.0,0.0,0.0,0.0,0.0,0.0,0.0,0.0,0.0,0.0,0.0,0.0,0.0,0.0,0.0,0.0,0.0,0.0,0.0,0.0,2.004,-0.0,0.0,0.0,0.0,0.0,0.0,0.0,5156.0,-2.4229893456841626e+24,6941.0,0.0,-107616040.0,2.004,2.004,0.0,0.0,0.0,0.0,69,0.0,0.059,0.0,0.0,0.0,0.0,0.0,0.0,0.0,0,0,0,0.0,0.0,0.0,0.0,0.0,0.0,0.0,0.0,0.0,0.0,0.0,0.0,0.0,0.0,0.0,0.0,0,-107875648.0,69,0.0,138,0.0,2.012,ERR,ERR,ERR,ERR,ERR,ERR,ERR,ERR,ERR,ERR,ERR,ERR,ERR,ERR,ERR,ERR,ERR,ERR,ERR,ERR,ERR,ERR,ERR,ERR,ERR,ERR,ERR,ERR,ERR,ERR,ERR,ERR,ERR,ERR,ERR,ERR,ERR,ERR,ERR,ERR,ERR,ERR,ERR,ERR,ERR,ERR,ERR,ERR,ERR,ERR,ERR,ERR,ERR,ERR,ERR,ERR,ERR,ERR,ERR,ERR,ERR,ERR,ERR,ERR,ERR,ERR,ERR,60.0,60.0,35,0.0,0.0,0.0,0.0,0.0,0.0,0.0,0.0,0.0,0.0,0.0,0.0,0.0,0.0,0.0,0.0,65.2,0,118,57,44,65476,0,300,0,0,8,20529,65476,0,0,2621,60.0,0.0,0.0,0.0,0.0,0.0
2026-07-09T15:21:27,ERR,ERR,ERR,ERR,ERR,ERR,ERR,ERR,ERR,ERR,ERR,ERR,ERR,ERR,ERR,ERR,ERR,ERR,ERR,ERR,ERR,ERR,ERR,ERR,ERR,ERR,ERR,ERR,ERR,ERR,ERR,ERR,ERR,ERR,ERR,ERR,ERR,ERR,ERR,ERR,ERR,ERR,ERR,ERR,ERR,ERR,ERR,ERR,ERR,ERR,ERR,ERR,ERR,ERR,ERR,ERR,ERR,ERR,ERR,ERR,ERR,ERR,ERR,ERR,ERR,ERR,ERR,ERR,ERR,ERR,ERR,ERR,ERR,ERR,ERR,ERR,ERR,ERR,ERR,ERR,ERR,ERR,ERR,ERR,ERR,ERR,ERR,ERR,ERR,ERR,ERR,ERR,ERR,ERR,ERR,ERR,ERR,ERR,ERR,ERR,ERR,ERR,ERR,ERR,ERR,ERR,ERR,ERR,ERR,ERR,ERR,ERR,ERR,ERR,ERR,ERR,ERR,ERR,ERR,ERR,ERR,ERR,ERR,ERR,ERR,0.0,-107616040.0,-0.0,2.7183637278815766e+23,2.664338841092841e+36,0.0,-0.0,0.0,0,0,4,17410,7116,0.0,100,0.0,0.0,2.7183637278815766e+23,0.0,0.0,0,0,0,0,0.0,0,0,0,0,0,0,0,0,0,0,0,0,0,0,0,0,0,0,0,0,0,0,0,0,0,0,0,0,0,0,0,0,0,31,40,40,71,65476,0,300,0,0,8,21553,0.0,-107605600.0,0.0,0.0,0.0,0.0,0.0,0.0,0.0,0.0,0.0,0.0,0.0,0.0,0.0,0.0,0.0,0.0,0.0,0.0,0.0,0.0,2.004,-0.0,0.0,0.0,0.0,0.0,0.0,0.0,5156.0,-2.4229893456841626e+24,6941.0,0.0,-107616040.0,2.004,2.004,0.0,0.0,0.0,0.0,69,0.0,0.059,0.0,0.0,0.0,0.0,0.0,0.0,0.0,0,0,0,0.0,0.0,0.0,0.0,0.0,0.0,0.0,0.0,0.0,0.0,0.0,0.0,0.0,0.0,0.0,0.0,0,-107875648.0,69,0.0,138,0.0,2.012,ERR,ERR,ERR,ERR,ERR,ERR,ERR,ERR,ERR,ERR,ERR,ERR,ERR,ERR,ERR,ERR,ERR,ERR,ERR,ERR,ERR,ERR,ERR,ERR,ERR,ERR,ERR,ERR,ERR,ERR,ERR,ERR,ERR,ERR,ERR,ERR,ERR,ERR,ERR,ERR,ERR,ERR,ERR,ERR,ERR,ERR,ERR,ERR,ERR,ERR,ERR,ERR,ERR,ERR,ERR,ERR,ERR,ERR,ERR,ERR,ERR,ERR,ERR,ERR,ERR,ERR,ERR,60.0,60.0,35,0.0,0.0,0.0,0.0,0.0,0.0,0.0,0.0,0.0,0.0,0.0,0.0,0.0,0.0,0.0,0.0,65.2,0,118,57,44,65476,0,300,0,0,8,20529,65476,0,0,2621,60.0,0.0,0.0,0.0,0.0,0.0
2026-07-09T15:21:28,ERR,ERR,ERR,ERR,ERR,ERR,ERR,ERR,ERR,ERR,ERR,ERR,ERR,ERR,ERR,ERR,ERR,ERR,ERR,ERR,ERR,ERR,ERR,ERR,ERR,ERR,ERR,ERR,ERR,ERR,ERR,ERR,ERR,ERR,ERR,ERR,ERR,ERR,ERR,ERR,ERR,ERR,ERR,ERR,ERR,ERR,ERR,ERR,ERR,ERR,ERR,ERR,ERR,ERR,ERR,ERR,ERR,ERR,ERR,ERR,ERR,ERR,ERR,ERR,ERR,ERR,ERR,ERR,ERR,ERR,ERR,ERR,ERR,ERR,ERR,ERR,ERR,ERR,ERR,ERR,ERR,ERR,ERR,ERR,ERR,ERR,ERR,ERR,ERR,ERR,ERR,ERR,ERR,ERR,ERR,ERR,ERR,ERR,ERR,ERR,ERR,ERR,ERR,ERR,ERR,ERR,ERR,ERR,ERR,ERR,ERR,ERR,ERR,ERR,ERR,ERR,ERR,ERR,ERR,ERR,ERR,ERR,ERR,ERR,ERR,0.0,-107616040.0,-0.0,2.7183637278815766e+23,2.664338841092841e+36,0.0,-0.0,0.0,0,0,4,17410,7116,0.0,100,0.0,0.0,2.7183637278815766e+23,0.0,0.0,0,0,0,0,0.0,0,0,0,0,0,0,0,0,0,0,0,0,0,0,0,0,0,0,0,0,0,0,0,0,0,0,0,0,0,0,0,0,0,31,40,40,71,65476,0,300,0,0,8,21553,0.0,-107605600.0,0.0,0.0,0.0,0.0,0.0,0.0,0.0,0.0,0.0,0.0,0.0,0.0,0.0,0.0,0.0,0.0,0.0,0.0,0.0,0.0,2.004,-0.0,0.0,0.0,0.0,0.0,0.0,0.0,5156.0,-2.4229893456841626e+24,6941.0,0.0,-107616040.0,2.004,2.004,0.0,0.0,0.0,0.0,69,0.0,0.059,0.0,0.0,0.0,0.0,0.0,0.0,0.0,0,0,0,0.0,0.0,0.0,0.0,0.0,0.0,0.0,0.0,0.0,0.0,0.0,0.0,0.0,0.0,0.0,0.0,0,-107875648.0,69,0.0,138,0.0,2.012,ERR,ERR,ERR,ERR,ERR,ERR,ERR,ERR,ERR,ERR,ERR,ERR,ERR,ERR,ERR,ERR,ERR,ERR,ERR,ERR,ERR,ERR,ERR,ERR,ERR,ERR,ERR,ERR,ERR,ERR,ERR,ERR,ERR,ERR,ERR,ERR,ERR,ERR,ERR,ERR,ERR,ERR,ERR,ERR,ERR,ERR,ERR,ERR,ERR,ERR,ERR,ERR,ERR,ERR,ERR,ERR,ERR,ERR,ERR,ERR,ERR,ERR,ERR,ERR,ERR,ERR,ERR,60.0,60.0,35,0.0,0.0,0.0,0.0,0.0,0.0,0.0,0.0,0.0,0.0,0.0,0.0,0.0,0.0,0.0,0.0,65.2,0,118,57,44,65476,0,300,0,0,8,20529,65476,0,0,2621,60.0,0.0,0.0,0.0,0.0,0.0
2026-07-09T15:21:29,ERR,ERR,ERR,ERR,ERR,ERR,ERR,ERR,ERR,ERR,ERR,ERR,ERR,ERR,ERR,ERR,ERR,ERR,ERR,ERR,ERR,ERR,ERR,ERR,ERR,ERR,ERR,ERR,ERR,ERR,ERR,ERR,ERR,ERR,ERR,ERR,ERR,ERR,ERR,ERR,ERR,ERR,ERR,ERR,ERR,ERR,ERR,ERR,ERR,ERR,ERR,ERR,ERR,ERR,ERR,ERR,ERR,ERR,ERR,ERR,ERR,ERR,ERR,ERR,ERR,ERR,ERR,ERR,ERR,ERR,ERR,ERR,ERR,ERR,ERR,ERR,ERR,ERR,ERR,ERR,ERR,ERR,ERR,ERR,ERR,ERR,ERR,ERR,ERR,ERR,ERR,ERR,ERR,ERR,ERR,ERR,ERR,ERR,ERR,ERR,ERR,ERR,ERR,ERR,ERR,ERR,ERR,ERR,ERR,ERR,ERR,ERR,ERR,ERR,ERR,ERR,ERR,ERR,ERR,ERR,ERR,ERR,ERR,ERR,ERR,0.0,-107616040.0,-0.0,2.7183637278815766e+23,2.664338841092841e+36,0.0,-0.0,0.0,0,0,4,17410,7116,0.0,100,0.0,0.0,2.7183637278815766e+23,0.0,0.0,0,0,0,0,0.0,0,0,0,0,0,0,0,0,0,0,0,0,0,0,0,0,0,0,0,0,0,0,0,0,0,0,0,0,0,0,0,0,0,31,40,40,71,65476,0,300,0,0,8,21553,0.0,-107605600.0,0.0,0.0,0.0,0.0,0.0,0.0,0.0,0.0,0.0,0.0,0.0,0.0,0.0,0.0,0.0,0.0,0.0,0.0,0.0,0.0,2.004,-0.0,0.0,0.0,0.0,0.0,0.0,0.0,5156.0,-2.4229893456841626e+24,6941.0,0.0,-107616040.0,2.004,2.004,0.0,0.0,0.0,0.0,69,0.0,0.059,0.0,0.0,0.0,0.0,0.0,0.0,0.0,0,0,0,0.0,0.0,0.0,0.0,0.0,0.0,0.0,0.0,0.0,0.0,0.0,0.0,0.0,0.0,0.0,0.0,0,-107875648.0,69,0.0,138,0.0,2.012,ERR,ERR,ERR,ERR,ERR,ERR,ERR,ERR,ERR,ERR,ERR,ERR,ERR,ERR,ERR,ERR,ERR,ERR,ERR,ERR,ERR,ERR,ERR,ERR,ERR,ERR,ERR,ERR,ERR,ERR,ERR,ERR,ERR,ERR,ERR,ERR,ERR,ERR,ERR,ERR,ERR,ERR,ERR,ERR,ERR,ERR,ERR,ERR,ERR,ERR,ERR,ERR,ERR,ERR,ERR,ERR,ERR,ERR,ERR,ERR,ERR,ERR,ERR,ERR,ERR,ERR,ERR,60.0,60.0,35,0.0,0.0,0.0,0.0,0.0,0.0,0.0,0.0,0.0,0.0,0.0,0.0,0.0,0.0,0.0,0.0,65.2,0,118,57,44,65476,0,300,0,0,8,20529,65476,0,0,2621,60.0,0.0,0.0,0.0,0.0,0.0
2026-07-09T15:21:30,ERR,ERR,ERR,ERR,ERR,ERR,ERR,ERR,ERR,ERR,ERR,ERR,ERR,ERR,ERR,ERR,ERR,ERR,ERR,ERR,ERR,ERR,ERR,ERR,ERR,ERR,ERR,ERR,ERR,ERR,ERR,ERR,ERR,ERR,ERR,ERR,ERR,ERR,ERR,ERR,ERR,ERR,ERR,ERR,ERR,ERR,ERR,ERR,ERR,ERR,ERR,ERR,ERR,ERR,ERR,ERR,ERR,ERR,ERR,ERR,ERR,ERR,ERR,ERR,ERR,ERR,ERR,ERR,ERR,ERR,ERR,ERR,ERR,ERR,ERR,ERR,ERR,ERR,ERR,ERR,ERR,ERR,ERR,ERR,ERR,ERR,ERR,ERR,ERR,ERR,ERR,ERR,ERR,ERR,ERR,ERR,ERR,ERR,ERR,ERR,ERR,ERR,ERR,ERR,ERR,ERR,ERR,ERR,ERR,ERR,ERR,ERR,ERR,ERR,ERR,ERR,ERR,ERR,ERR,ERR,ERR,ERR,ERR,ERR,ERR,0.0,-107616040.0,-0.0,2.7183637278815766e+23,2.664338841092841e+36,0.0,-0.0,0.0,0,0,4,17410,7116,0.0,100,0.0,0.0,2.7183637278815766e+23,0.0,0.0,0,0,0,0,0.0,0,0,0,0,0,0,0,0,0,0,0,0,0,0,0,0,0,0,0,0,0,0,0,0,0,0,0,0,0,0,0,0,0,31,40,40,71,65476,0,300,0,0,8,21553,0.0,-107605600.0,0.0,0.0,0.0,0.0,0.0,0.0,0.0,0.0,0.0,0.0,0.0,0.0,0.0,0.0,0.0,0.0,0.0,0.0,0.0,0.0,2.004,-0.0,0.0,0.0,0.0,0.0,0.0,0.0,5156.0,-2.4229893456841626e+24,6941.0,0.0,-107616040.0,2.004,2.004,0.0,0.0,0.0,0.0,69,0.0,0.059,0.0,0.0,0.0,0.0,0.0,0.0,0.0,0,0,0,0.0,0.0,0.0,0.0,0.0,0.0,0.0,0.0,0.0,0.0,0.0,0.0,0.0,0.0,0.0,0.0,0,-107875648.0,69,0.0,138,0.0,2.012,ERR,ERR,ERR,ERR,ERR,ERR,ERR,ERR,ERR,ERR,ERR,ERR,ERR,ERR,ERR,ERR,ERR,ERR,ERR,ERR,ERR,ERR,ERR,ERR,ERR,ERR,ERR,ERR,ERR,ERR,ERR,ERR,ERR,ERR,ERR,ERR,ERR,ERR,ERR,ERR,ERR,ERR,ERR,ERR,ERR,ERR,ERR,ERR,ERR,ERR,ERR,ERR,ERR,ERR,ERR,ERR,ERR,ERR,ERR,ERR,ERR,ERR,ERR,ERR,ERR,ERR,ERR,60.0,60.0,35,0.0,0.0,0.0,0.0,0.0,0.0,0.0,0.0,0.0,0.0,0.0,0.0,0.0,0.0,0.0,0.0,65.2,0,118,57,44,65476,0,300,0,0,8,20529,65476,0,0,2621,60.0,0.0,0.0,0.0,0.0,0.0
2026-07-09T15:21:31,ERR,ERR,ERR,ERR,ERR,ERR,ERR,ERR,ERR,ERR,ERR,ERR,ERR,ERR,ERR,ERR,ERR,ERR,ERR,ERR,ERR,ERR,ERR,ERR,ERR,ERR,ERR,ERR,ERR,ERR,ERR,ERR,ERR,ERR,ERR,ERR,ERR,ERR,ERR,ERR,ERR,ERR,ERR,ERR,ERR,ERR,ERR,ERR,ERR,ERR,ERR,ERR,ERR,ERR,ERR,ERR,ERR,ERR,ERR,ERR,ERR,ERR,ERR,ERR,ERR,ERR,ERR,ERR,ERR,ERR,ERR,ERR,ERR,ERR,ERR,ERR,ERR,ERR,ERR,ERR,ERR,ERR,ERR,ERR,ERR,ERR,ERR,ERR,ERR,ERR,ERR,ERR,ERR,ERR,ERR,ERR,ERR,ERR,ERR,ERR,ERR,ERR,ERR,ERR,ERR,ERR,ERR,ERR,ERR,ERR,ERR,ERR,ERR,ERR,ERR,ERR,ERR,ERR,ERR,ERR,ERR,ERR,ERR,ERR,ERR,0.0,0.0,0.0,-107612384.0,5.704714151589835e+22,nan,0.0,1.828514137225182e+26,0,0,4,17412,7116,0.0,100,0.0,0.0,-107612384.0,0.0,0.0,0,0,0,0,0.0,0,0,0,0,0,0,0,0,0,0,0,0,0,0,0,0,0,0,0,0,0,0,0,0,0,0,0,0,0,0,0,0,0,31,40,40,71,65476,0,300,0,0,8,21553,0.0,-107605600.0,0.0,0.0,0.0,0.0,0.0,0.0,0.0,0.0,0.0,0.0,0.0,0.0,0.0,0.0,0.0,0.0,0.0,0.0,0.0,0.0,2.004,-3.697067826173549e+19,0.0,0.0,0.0,0.0,0.0,0.0,5156.0,-1.5879302975875728e+29,6942.0,0.0,0.0,2.004,2.004,0.0,0.0,0.0,0.0,69,0.0,89220.617,0.0,0.0,0.0,0.0,0.0,0.0,0.0,0,0,0,0.0,0.0,0.0,0.0,0.0,0.0,0.0,0.0,0.0,0.0,0.0,0.0,0.0,0.0,0.0,0.0,0,-107875648.0,69,0.0,138,0.0,2.012,ERR,ERR,ERR,ERR,ERR,ERR,ERR,ERR,ERR,ERR,ERR,ERR,ERR,ERR,ERR,ERR,ERR,ERR,ERR,ERR,ERR,ERR,ERR,ERR,ERR,ERR,ERR,ERR,ERR,ERR,ERR,ERR,ERR,ERR,ERR,ERR,ERR,ERR,ERR,ERR,ERR,ERR,ERR,ERR,ERR,ERR,ERR,ERR,ERR,ERR,ERR,ERR,ERR,ERR,ERR,ERR,ERR,ERR,ERR,ERR,ERR,ERR,ERR,ERR,ERR,ERR,ERR,60.0,60.0,35,0.0,0.0,0.0,0.0,0.0,0.0,0.0,0.0,0.0,0.0,0.0,0.0,0.0,0.0,0.0,0.0,65.2,0,118,57,44,65476,0,300,0,0,8,20529,65476,0,0,2621,60.0,0.0,0.0,0.0,0.0,0.0
2026-07-09T15:21:32,ERR,ERR,ERR,ERR,ERR,ERR,ERR,ERR,ERR,ERR,ERR,ERR,ERR,ERR,ERR,ERR,ERR,ERR,ERR,ERR,ERR,ERR,ERR,ERR,ERR,ERR,ERR,ERR,ERR,ERR,ERR,ERR,ERR,ERR,ERR,ERR,ERR,ERR,ERR,ERR,ERR,ERR,ERR,ERR,ERR,ERR,ERR,ERR,ERR,ERR,ERR,ERR,ERR,ERR,ERR,ERR,ERR,ERR,ERR,ERR,ERR,ERR,ERR,ERR,ERR,ERR,ERR,ERR,ERR,ERR,ERR,ERR,ERR,ERR,ERR,ERR,ERR,ERR,ERR,ERR,ERR,ERR,ERR,ERR,ERR,ERR,ERR,ERR,ERR,ERR,ERR,ERR,ERR,ERR,ERR,ERR,ERR,ERR,ERR,ERR,ERR,ERR,ERR,ERR,ERR,ERR,ERR,ERR,ERR,ERR,ERR,ERR,ERR,ERR,ERR,ERR,ERR,ERR,ERR,ERR,ERR,ERR,ERR,ERR,ERR,0.0,0.0,0.0,-107612384.0,5.704714151589835e+22,nan,0.0,1.828514137225182e+26,0,0,4,17412,7116,0.0,100,0.0,0.0,-107612384.0,0.0,0.0,0,0,0,0,0.0,0,0,0,0,0,0,0,0,0,0,0,0,0,0,0,0,0,0,0,0,0,0,0,0,0,0,0,0,0,0,0,0,0,31,40,40,71,65476,0,300,0,0,8,21553,0.0,-107605600.0,0.0,0.0,0.0,0.0,0.0,0.0,0.0,0.0,0.0,0.0,0.0,0.0,0.0,0.0,0.0,0.0,0.0,0.0,0.0,0.0,2.004,-3.697067826173549e+19,0.0,0.0,0.0,0.0,0.0,0.0,5156.0,-1.5879302975875728e+29,6942.0,0.0,0.0,2.004,2.004,0.0,0.0,0.0,0.0,69,0.0,89220.617,0.0,0.0,0.0,0.0,0.0,0.0,0.0,0,0,0,0.0,0.0,0.0,0.0,0.0,0.0,0.0,0.0,0.0,0.0,0.0,0.0,0.0,0.0,0.0,0.0,0,-107875648.0,69,0.0,138,0.0,2.012,ERR,ERR,ERR,ERR,ERR,ERR,ERR,ERR,ERR,ERR,ERR,ERR,ERR,ERR,ERR,ERR,ERR,ERR,ERR,ERR,ERR,ERR,ERR,ERR,ERR,ERR,ERR,ERR,ERR,ERR,ERR,ERR,ERR,ERR,ERR,ERR,ERR,ERR,ERR,ERR,ERR,ERR,ERR,ERR,ERR,ERR,ERR,ERR,ERR,ERR,ERR,ERR,ERR,ERR,ERR,ERR,ERR,ERR,ERR,ERR,ERR,ERR,ERR,ERR,ERR,ERR,ERR,60.0,60.0,35,0.0,0.0,0.0,0.0,0.0,0.0,0.0,0.0,0.0,0.0,0.0,0.0,0.0,0.0,0.0,0.0,65.2,0,118,57,44,65476,0,300,0,0,8,20529,65476,0,0,2621,60.0,0.0,0.0,0.0,0.0,0.0
2026-07-09T15:21:33,ERR,ERR,ERR,ERR,ERR,ERR,ERR,ERR,ERR,ERR,ERR,ERR,ERR,ERR,ERR,ERR,ERR,ERR,ERR,ERR,ERR,ERR,ERR,ERR,ERR,ERR,ERR,ERR,ERR,ERR,ERR,ERR,ERR,ERR,ERR,ERR,ERR,ERR,ERR,ERR,ERR,ERR,ERR,ERR,ERR,ERR,ERR,ERR,ERR,ERR,ERR,ERR,ERR,ERR,ERR,ERR,ERR,ERR,ERR,ERR,ERR,ERR,ERR,ERR,ERR,ERR,ERR,ERR,ERR,ERR,ERR,ERR,ERR,ERR,ERR,ERR,ERR,ERR,ERR,ERR,ERR,ERR,ERR,ERR,ERR,ERR,ERR,ERR,ERR,ERR,ERR,ERR,ERR,ERR,ERR,ERR,ERR,ERR,ERR,ERR,ERR,ERR,ERR,ERR,ERR,ERR,ERR,ERR,ERR,ERR,ERR,ERR,ERR,ERR,ERR,ERR,ERR,ERR,ERR,ERR,ERR,ERR,ERR,ERR,ERR,0.0,0.0,0.0,-107612384.0,5.704714151589835e+22,nan,0.0,1.828514137225182e+26,0,0,4,17412,7116,0.0,100,0.0,0.0,-107612384.0,0.0,0.0,0,0,0,0,0.0,0,0,0,0,0,0,0,0,0,0,0,0,0,0,0,0,0,0,0,0,0,0,0,0,0,0,0,0,0,0,0,0,0,31,40,40,71,65476,0,300,0,0,8,21553,0.0,-107605600.0,0.0,0.0,0.0,0.0,0.0,0.0,0.0,0.0,0.0,0.0,0.0,0.0,0.0,0.0,0.0,0.0,0.0,0.0,0.0,0.0,2.004,-3.697067826173549e+19,0.0,0.0,0.0,0.0,0.0,0.0,5156.0,-1.5879302975875728e+29,6942.0,0.0,0.0,2.004,2.004,0.0,0.0,0.0,0.0,69,0.0,89220.617,0.0,0.0,0.0,0.0,0.0,0.0,0.0,0,0,0,0.0,0.0,0.0,0.0,0.0,0.0,0.0,0.0,0.0,0.0,0.0,0.0,0.0,0.0,0.0,0.0,0,-107875648.0,69,0.0,138,0.0,2.012,ERR,ERR,ERR,ERR,ERR,ERR,ERR,ERR,ERR,ERR,ERR,ERR,ERR,ERR,ERR,ERR,ERR,ERR,ERR,ERR,ERR,ERR,ERR,ERR,ERR,ERR,ERR,ERR,ERR,ERR,ERR,ERR,ERR,ERR,ERR,ERR,ERR,ERR,ERR,ERR,ERR,ERR,ERR,ERR,ERR,ERR,ERR,ERR,ERR,ERR,ERR,ERR,ERR,ERR,ERR,ERR,ERR,ERR,ERR,ERR,ERR,ERR,ERR,ERR,ERR,ERR,ERR,60.0,60.0,35,0.0,0.0,0.0,0.0,0.0,0.0,0.0,0.0,0.0,0.0,0.0,0.0,0.0,0.0,0.0,0.0,65.2,0,118,57,44,65476,0,300,0,0,8,20529,65476,0,0,2621,60.0,0.0,0.0,0.0,0.0,0.0
2026-07-09T15:21:34,ERR,ERR,ERR,ERR,ERR,ERR,ERR,ERR,ERR,ERR,ERR,ERR,ERR,ERR,ERR,ERR,ERR,ERR,ERR,ERR,ERR,ERR,ERR,ERR,ERR,ERR,ERR,ERR,ERR,ERR,ERR,ERR,ERR,ERR,ERR,ERR,ERR,ERR,ERR,ERR,ERR,ERR,ERR,ERR,ERR,ERR,ERR,ERR,ERR,ERR,ERR,ERR,ERR,ERR,ERR,ERR,ERR,ERR,ERR,ERR,ERR,ERR,ERR,ERR,ERR,ERR,ERR,ERR,ERR,ERR,ERR,ERR,ERR,ERR,ERR,ERR,ERR,ERR,ERR,ERR,ERR,ERR,ERR,ERR,ERR,ERR,ERR,ERR,ERR,ERR,ERR,ERR,ERR,ERR,ERR,ERR,ERR,ERR,ERR,ERR,ERR,ERR,ERR,ERR,ERR,ERR,ERR,ERR,ERR,ERR,ERR,ERR,ERR,ERR,ERR,ERR,ERR,ERR,ERR,ERR,ERR,ERR,ERR,ERR,ERR,0.0,0.0,0.0,-107612384.0,5.704714151589835e+22,nan,0.0,1.828514137225182e+26,0,0,4,17412,7116,0.0,100,0.0,0.0,-107612384.0,0.0,0.0,0,0,0,0,0.0,0,0,0,0,0,0,0,0,0,0,0,0,0,0,0,0,0,0,0,0,0,0,0,0,0,0,0,0,0,0,0,0,0,31,40,40,71,65476,0,300,0,0,8,21553,0.0,-107605600.0,0.0,0.0,0.0,0.0,0.0,0.0,0.0,0.0,0.0,0.0,0.0,0.0,0.0,0.0,0.0,0.0,0.0,0.0,0.0,0.0,2.004,-3.697067826173549e+19,0.0,0.0,0.0,0.0,0.0,0.0,5156.0,-1.5879302975875728e+29,6942.0,0.0,0.0,2.004,2.004,0.0,0.0,0.0,0.0,69,0.0,89220.617,0.0,0.0,0.0,0.0,0.0,0.0,0.0,0,0,0,0.0,0.0,0.0,0.0,0.0,0.0,0.0,0.0,0.0,0.0,0.0,0.0,0.0,0.0,0.0,0.0,0,-107875648.0,69,0.0,138,0.0,2.012,ERR,ERR,ERR,ERR,ERR,ERR,ERR,ERR,ERR,ERR,ERR,ERR,ERR,ERR,ERR,ERR,ERR,ERR,ERR,ERR,ERR,ERR,ERR,ERR,ERR,ERR,ERR,ERR,ERR,ERR,ERR,ERR,ERR,ERR,ERR,ERR,ERR,ERR,ERR,ERR,ERR,ERR,ERR,ERR,ERR,ERR,ERR,ERR,ERR,ERR,ERR,ERR,ERR,ERR,ERR,ERR,ERR,ERR,ERR,ERR,ERR,ERR,ERR,ERR,ERR,ERR,ERR,60.0,60.0,35,0.0,0.0,0.0,0.0,0.0,0.0,0.0,0.0,0.0,0.0,0.0,0.0,0.0,0.0,0.0,0.0,65.2,0,118,57,44,65476,0,300,0,0,8,20529,65476,0,0,2621,60.0,0.0,0.0,0.0,0.0,0.0
2026-07-09T15:21:35,ERR,ERR,ERR,ERR,ERR,ERR,ERR,ERR,ERR,ERR,ERR,ERR,ERR,ERR,ERR,ERR,ERR,ERR,ERR,ERR,ERR,ERR,ERR,ERR,ERR,ERR,ERR,ERR,ERR,ERR,ERR,ERR,ERR,ERR,ERR,ERR,ERR,ERR,ERR,ERR,ERR,ERR,ERR,ERR,ERR,ERR,ERR,ERR,ERR,ERR,ERR,ERR,ERR,ERR,ERR,ERR,ERR,ERR,ERR,ERR,ERR,ERR,ERR,ERR,ERR,ERR,ERR,ERR,ERR,ERR,ERR,ERR,ERR,ERR,ERR,ERR,ERR,ERR,ERR,ERR,ERR,ERR,ERR,ERR,ERR,ERR,ERR,ERR,ERR,ERR,ERR,ERR,ERR,ERR,ERR,ERR,ERR,ERR,ERR,ERR,ERR,ERR,ERR,ERR,ERR,ERR,ERR,ERR,ERR,ERR,ERR,ERR,ERR,ERR,ERR,ERR,ERR,ERR,ERR,ERR,ERR,ERR,ERR,ERR,ERR,0.0,0.0,0.0,-107612384.0,5.704714151589835e+22,nan,0.0,1.828514137225182e+26,0,0,4,17412,7116,0.0,100,0.0,0.0,-107612384.0,0.0,0.0,0,0,0,0,0.0,0,0,0,0,0,0,0,0,0,0,0,0,0,0,0,0,0,0,0,0,0,0,0,0,0,0,0,0,0,0,0,0,0,31,40,40,71,65476,0,300,0,0,8,21553,0.0,-107605600.0,0.0,0.0,0.0,0.0,0.0,0.0,0.0,0.0,0.0,0.0,0.0,0.0,0.0,0.0,0.0,0.0,0.0,0.0,0.0,0.0,2.004,-3.697067826173549e+19,0.0,0.0,0.0,0.0,0.0,0.0,5156.0,-1.5879302975875728e+29,6942.0,0.0,0.0,2.004,2.004,0.0,0.0,0.0,0.0,69,0.0,89220.617,0.0,0.0,0.0,0.0,0.0,0.0,0.0,0,0,0,0.0,0.0,0.0,0.0,0.0,0.0,0.0,0.0,0.0,0.0,0.0,0.0,0.0,0.0,0.0,0.0,0,-107875648.0,69,0.0,138,0.0,2.012,ERR,ERR,ERR,ERR,ERR,ERR,ERR,ERR,ERR,ERR,ERR,ERR,ERR,ERR,ERR,ERR,ERR,ERR,ERR,ERR,ERR,ERR,ERR,ERR,ERR,ERR,ERR,ERR,ERR,ERR,ERR,ERR,ERR,ERR,ERR,ERR,ERR,ERR,ERR,ERR,ERR,ERR,ERR,ERR,ERR,ERR,ERR,ERR,ERR,ERR,ERR,ERR,ERR,ERR,ERR,ERR,ERR,ERR,ERR,ERR,ERR,ERR,ERR,ERR,ERR,ERR,ERR,60.0,60.0,35,0.0,0.0,0.0,0.0,0.0,0.0,0.0,0.0,0.0,0.0,0.0,0.0,0.0,0.0,0.0,0.0,65.2,0,118,57,44,65476,0,300,0,0,8,20529,65476,0,0,2621,60.0,0.0,0.0,0.0,0.0,0.0
2026-07-09T15:21:36,ERR,ERR,ERR,ERR,ERR,ERR,ERR,ERR,ERR,ERR,ERR,ERR,ERR,ERR,ERR,ERR,ERR,ERR,ERR,ERR,ERR,ERR,ERR,ERR,ERR,ERR,ERR,ERR,ERR,ERR,ERR,ERR,ERR,ERR,ERR,ERR,ERR,ERR,ERR,ERR,ERR,ERR,ERR,ERR,ERR,ERR,ERR,ERR,ERR,ERR,ERR,ERR,ERR,ERR,ERR,ERR,ERR,ERR,ERR,ERR,ERR,ERR,ERR,ERR,ERR,ERR,ERR,ERR,ERR,ERR,ERR,ERR,ERR,ERR,ERR,ERR,ERR,ERR,ERR,ERR,ERR,ERR,ERR,ERR,ERR,ERR,ERR,ERR,ERR,ERR,ERR,ERR,ERR,ERR,ERR,ERR,ERR,ERR,ERR,ERR,ERR,ERR,ERR,ERR,ERR,ERR,ERR,ERR,ERR,ERR,ERR,ERR,ERR,ERR,ERR,ERR,ERR,ERR,ERR,ERR,ERR,ERR,ERR,ERR,ERR,0.0,2.71844587353878e+23,-107090640.0,0.0,-0.0,-0.0,4.892707515311063e+17,-0.0,0,0,4,17410,7116,0.0,100,0.0,0.0,-0.0,0.0,0.0,0,0,0,0,0.0,0,0,0,0,0,0,0,0,0,0,0,0,0,0,0,0,0,0,0,0,0,0,0,0,0,0,0,0,0,0,0,0,0,31,40,40,71,65476,0,300,0,0,8,21553,0.0,-107605600.0,0.0,0.0,0.0,0.0,0.0,0.0,0.0,0.0,0.0,0.0,0.0,0.0,0.0,0.0,0.0,0.0,0.0,0.0,0.0,0.0,2.004,0.0,0.0,0.0,0.0,0.0,0.0,0.0,5155.0,-1.0406659998269917e+34,6943.0,0.0,2.71844587353878e+23,2.004,2.004,0.0,0.0,0.0,0.0,69,0.0,126840594432.0,0.0,0.0,0.0,0.0,0.0,0.0,0.0,0,0,0,0.0,0.0,0.0,0.0,0.0,0.0,0.0,0.0,0.0,0.0,0.0,0.0,0.0,0.0,0.0,0.0,0,-107875648.0,69,0.0,138,0.0,2.012,ERR,ERR,ERR,ERR,ERR,ERR,ERR,ERR,ERR,ERR,ERR,ERR,ERR,ERR,ERR,ERR,ERR,ERR,ERR,ERR,ERR,ERR,ERR,ERR,ERR,ERR,ERR,ERR,ERR,ERR,ERR,ERR,ERR,ERR,ERR,ERR,ERR,ERR,ERR,ERR,ERR,ERR,ERR,ERR,ERR,ERR,ERR,ERR,ERR,ERR,ERR,ERR,ERR,ERR,ERR,ERR,ERR,ERR,ERR,ERR,ERR,ERR,ERR,ERR,ERR,ERR,ERR,60.0,60.0,35,0.0,0.0,0.0,0.0,0.0,0.0,0.0,0.0,0.0,0.0,0.0,0.0,0.0,0.0,0.0,0.0,65.2,0,118,57,44,65476,0,300,0,0,8,20529,65476,0,0,2621,60.0,0.0,0.0,0.0,0.0,0.0
2026-07-09T15:21:37,ERR,ERR,ERR,ERR,ERR,ERR,ERR,ERR,ERR,ERR,ERR,ERR,ERR,ERR,ERR,ERR,ERR,ERR,ERR,ERR,ERR,ERR,ERR,ERR,ERR,ERR,ERR,ERR,ERR,ERR,ERR,ERR,ERR,ERR,ERR,ERR,ERR,ERR,ERR,ERR,ERR,ERR,ERR,ERR,ERR,ERR,ERR,ERR,ERR,ERR,ERR,ERR,ERR,ERR,ERR,ERR,ERR,ERR,ERR,ERR,ERR,ERR,ERR,ERR,ERR,ERR,ERR,ERR,ERR,ERR,ERR,ERR,ERR,ERR,ERR,ERR,ERR,ERR,ERR,ERR,ERR,ERR,ERR,ERR,ERR,ERR,ERR,ERR,ERR,ERR,ERR,ERR,ERR,ERR,ERR,ERR,ERR,ERR,ERR,ERR,ERR,ERR,ERR,ERR,ERR,ERR,ERR,ERR,ERR,ERR,ERR,ERR,ERR,ERR,ERR,ERR,ERR,ERR,ERR,ERR,ERR,ERR,ERR,ERR,ERR,0.0,2.71844587353878e+23,-107090640.0,0.0,-0.0,-0.0,4.892707515311063e+17,-0.0,0,0,4,17410,7116,0.0,100,0.0,0.0,-0.0,0.0,0.0,0,0,0,0,0.0,0,0,0,0,0,0,0,0,0,0,0,0,0,0,0,0,0,0,0,0,0,0,0,0,0,0,0,0,0,0,0,0,0,31,40,40,71,65476,0,300,0,0,8,21553,0.0,-107605600.0,0.0,0.0,0.0,0.0,0.0,0.0,0.0,0.0,0.0,0.0,0.0,0.0,0.0,0.0,0.0,0.0,0.0,0.0,0.0,0.0,2.004,0.0,0.0,0.0,0.0,0.0,0.0,0.0,5155.0,-1.0406659998269917e+34,6943.0,0.0,2.71844587353878e+23,2.004,2.004,0.0,0.0,0.0,0.0,69,0.0,126840594432.0,0.0,0.0,0.0,0.0,0.0,0.0,0.0,0,0,0,0.0,0.0,0.0,0.0,0.0,0.0,0.0,0.0,0.0,0.0,0.0,0.0,0.0,0.0,0.0,0.0,0,-107875648.0,69,0.0,138,0.0,2.012,ERR,ERR,ERR,ERR,ERR,ERR,ERR,ERR,ERR,ERR,ERR,ERR,ERR,ERR,ERR,ERR,ERR,ERR,ERR,ERR,ERR,ERR,ERR,ERR,ERR,ERR,ERR,ERR,ERR,ERR,ERR,ERR,ERR,ERR,ERR,ERR,ERR,ERR,ERR,ERR,ERR,ERR,ERR,ERR,ERR,ERR,ERR,ERR,ERR,ERR,ERR,ERR,ERR,ERR,ERR,ERR,ERR,ERR,ERR,ERR,ERR,ERR,ERR,ERR,ERR,ERR,ERR,60.0,60.0,35,0.0,0.0,0.0,0.0,0.0,0.0,0.0,0.0,0.0,0.0,0.0,0.0,0.0,0.0,0.0,0.0,65.2,0,118,57,44,65476,0,300,0,0,8,20529,65476,0,0,2621,60.0,0.0,0.0,0.0,0.0,0.0
2026-07-09T15:21:38,ERR,ERR,ERR,ERR,ERR,ERR,ERR,ERR,ERR,ERR,ERR,ERR,ERR,ERR,ERR,ERR,ERR,ERR,ERR,ERR,ERR,ERR,ERR,ERR,ERR,ERR,ERR,ERR,ERR,ERR,ERR,ERR,ERR,ERR,ERR,ERR,ERR,ERR,ERR,ERR,ERR,ERR,ERR,ERR,ERR,ERR,ERR,ERR,ERR,ERR,ERR,ERR,ERR,ERR,ERR,ERR,ERR,ERR,ERR,ERR,ERR,ERR,ERR,ERR,ERR,ERR,ERR,ERR,ERR,ERR,ERR,ERR,ERR,ERR,ERR,ERR,ERR,ERR,ERR,ERR,ERR,ERR,ERR,ERR,ERR,ERR,ERR,ERR,ERR,ERR,ERR,ERR,ERR,ERR,ERR,ERR,ERR,ERR,ERR,ERR,ERR,ERR,ERR,ERR,ERR,ERR,ERR,ERR,ERR,ERR,ERR,ERR,ERR,ERR,ERR,ERR,ERR,ERR,ERR,ERR,ERR,ERR,ERR,ERR,ERR,0.0,2.71844587353878e+23,-107090640.0,0.0,-0.0,-0.0,4.892707515311063e+17,-0.0,0,0,4,17410,7116,0.0,100,0.0,0.0,-0.0,0.0,0.0,0,0,0,0,0.0,0,0,0,0,0,0,0,0,0,0,0,0,0,0,0,0,0,0,0,0,0,0,0,0,0,0,0,0,0,0,0,0,0,31,40,40,71,65476,0,300,0,0,8,21553,0.0,-107605600.0,0.0,0.0,0.0,0.0,0.0,0.0,0.0,0.0,0.0,0.0,0.0,0.0,0.0,0.0,0.0,0.0,0.0,0.0,0.0,0.0,2.004,0.0,0.0,0.0,0.0,0.0,0.0,0.0,5155.0,-1.0406659998269917e+34,6943.0,0.0,2.71844587353878e+23,2.004,2.004,0.0,0.0,0.0,0.0,69,0.0,126840594432.0,0.0,0.0,0.0,0.0,0.0,0.0,0.0,0,0,0,0.0,0.0,0.0,0.0,0.0,0.0,0.0,0.0,0.0,0.0,0.0,0.0,0.0,0.0,0.0,0.0,0,-107875648.0,69,0.0,138,0.0,2.012,ERR,ERR,ERR,ERR,ERR,ERR,ERR,ERR,ERR,ERR,ERR,ERR,ERR,ERR,ERR,ERR,ERR,ERR,ERR,ERR,ERR,ERR,ERR,ERR,ERR,ERR,ERR,ERR,ERR,ERR,ERR,ERR,ERR,ERR,ERR,ERR,ERR,ERR,ERR,ERR,ERR,ERR,ERR,ERR,ERR,ERR,ERR,ERR,ERR,ERR,ERR,ERR,ERR,ERR,ERR,ERR,ERR,ERR,ERR,ERR,ERR,ERR,ERR,ERR,ERR,ERR,ERR,60.0,60.0,35,0.0,0.0,0.0,0.0,0.0,0.0,0.0,0.0,0.0,0.0,0.0,0.0,0.0,0.0,0.0,0.0,65.2,0,118,57,44,65476,0,300,0,0,8,20529,65476,0,0,2621,60.0,0.0,0.0,0.0,0.0,0.0
2026-07-09T15:21:39,ERR,ERR,ERR,ERR,ERR,ERR,ERR,ERR,ERR,ERR,ERR,ERR,ERR,ERR,ERR,ERR,ERR,ERR,ERR,ERR,ERR,ERR,ERR,ERR,ERR,ERR,ERR,ERR,ERR,ERR,ERR,ERR,ERR,ERR,ERR,ERR,ERR,ERR,ERR,ERR,ERR,ERR,ERR,ERR,ERR,ERR,ERR,ERR,ERR,ERR,ERR,ERR,ERR,ERR,ERR,ERR,ERR,ERR,ERR,ERR,ERR,ERR,ERR,ERR,ERR,ERR,ERR,ERR,ERR,ERR,ERR,ERR,ERR,ERR,ERR,ERR,ERR,ERR,ERR,ERR,ERR,ERR,ERR,ERR,ERR,ERR,ERR,ERR,ERR,ERR,ERR,ERR,ERR,ERR,ERR,ERR,ERR,ERR,ERR,ERR,ERR,ERR,ERR,ERR,ERR,ERR,ERR,ERR,ERR,ERR,ERR,ERR,ERR,ERR,ERR,ERR,ERR,ERR,ERR,ERR,ERR,ERR,ERR,ERR,ERR,0.0,2.71844587353878e+23,-107090640.0,0.0,-0.0,-0.0,4.892707515311063e+17,-0.0,0,0,4,17410,7116,0.0,100,0.0,0.0,-0.0,0.0,0.0,0,0,0,0,0.0,0,0,0,0,0,0,0,0,0,0,0,0,0,0,0,0,0,0,0,0,0,0,0,0,0,0,0,0,0,0,0,0,0,31,40,40,71,65476,0,300,0,0,8,21553,0.0,-107605600.0,0.0,0.0,0.0,0.0,0.0,0.0,0.0,0.0,0.0,0.0,0.0,0.0,0.0,0.0,0.0,0.0,0.0,0.0,0.0,0.0,2.004,0.0,0.0,0.0,0.0,0.0,0.0,0.0,5155.0,-1.0406659998269917e+34,6943.0,0.0,2.71844587353878e+23,2.004,2.004,0.0,0.0,0.0,0.0,69,0.0,126840594432.0,0.0,0.0,0.0,0.0,0.0,0.0,0.0,0,0,0,0.0,0.0,0.0,0.0,0.0,0.0,0.0,0.0,0.0,0.0,0.0,0.0,0.0,0.0,0.0,0.0,0,-107875648.0,69,0.0,138,0.0,2.012,ERR,ERR,ERR,ERR,ERR,ERR,ERR,ERR,ERR,ERR,ERR,ERR,ERR,ERR,ERR,ERR,ERR,ERR,ERR,ERR,ERR,ERR,ERR,ERR,ERR,ERR,ERR,ERR,ERR,ERR,ERR,ERR,ERR,ERR,ERR,ERR,ERR,ERR,ERR,ERR,ERR,ERR,ERR,ERR,ERR,ERR,ERR,ERR,ERR,ERR,ERR,ERR,ERR,ERR,ERR,ERR,ERR,ERR,ERR,ERR,ERR,ERR,ERR,ERR,ERR,ERR,ERR,60.0,60.0,35,0.0,0.0,0.0,0.0,0.0,0.0,0.0,0.0,0.0,0.0,0.0,0.0,0.0,0.0,0.0,0.0,65.6,0,119,57,44,65476,0,300,0,0,8,20529,65476,0,0,2621,60.0,0.0,0.0,0.0,0.0,0.0
2026-07-09T15:21:40,ERR,ERR,ERR,ERR,ERR,ERR,ERR,ERR,ERR,ERR,ERR,ERR,ERR,ERR,ERR,ERR,ERR,ERR,ERR,ERR,ERR,ERR,ERR,ERR,ERR,ERR,ERR,ERR,ERR,ERR,ERR,ERR,ERR,ERR,ERR,ERR,ERR,ERR,ERR,ERR,ERR,ERR,ERR,ERR,ERR,ERR,ERR,ERR,ERR,ERR,ERR,ERR,ERR,ERR,ERR,ERR,ERR,ERR,ERR,ERR,ERR,ERR,ERR,ERR,ERR,ERR,ERR,ERR,ERR,ERR,ERR,ERR,ERR,ERR,ERR,ERR,ERR,ERR,ERR,ERR,ERR,ERR,ERR,ERR,ERR,ERR,ERR,ERR,ERR,ERR,ERR,ERR,ERR,ERR,ERR,ERR,ERR,ERR,ERR,ERR,ERR,ERR,ERR,ERR,ERR,ERR,ERR,ERR,ERR,ERR,ERR,ERR,ERR,ERR,ERR,ERR,ERR,ERR,ERR,ERR,ERR,ERR,ERR,ERR,ERR,0.0,-0.0,0.0,0.0,0.0,7.720219100026207e+21,-3.216320579773255e+27,-5.2769855523200336e+26,0,0,4,17411,7116,0.0,100,0.0,0.0,0.0,0.0,0.0,0,0,0,0,0.0,0,0,0,0,0,0,0,0,0,0,0,0,0,0,0,0,0,0,0,0,0,0,0,0,0,0,0,0,0,0,0,0,0,31,40,40,71,65476,0,300,0,0,8,21553,0.0,-107605600.0,0.0,0.0,0.0,0.0,0.0,0.0,0.0,0.0,0.0,0.0,0.0,0.0,0.0,0.0,0.0,0.0,0.0,0.0,0.0,0.0,2.004,0.0,0.0,0.0,0.0,0.0,0.0,0.0,5190.0,0.0,6915.0,0.0,-107616048.0,2.004,2.004,0.0,0.0,0.0,0.0,69,0.0,5.848058456145079e+35,0.0,0.0,0.0,0.0,0.0,0.0,0.0,0,0,0,0.0,0.0,0.0,0.0,0.0,0.0,0.0,0.0,0.0,0.0,0.0,0.0,0.0,0.0,0.0,0.0,0,-107875648.0,69,0.0,138,0.0,2.012,ERR,ERR,ERR,ERR,ERR,ERR,ERR,ERR,ERR,ERR,ERR,ERR,ERR,ERR,ERR,ERR,ERR,ERR,ERR,ERR,ERR,ERR,ERR,ERR,ERR,ERR,ERR,ERR,ERR,ERR,ERR,ERR,ERR,ERR,ERR,ERR,ERR,ERR,ERR,ERR,ERR,ERR,ERR,ERR,ERR,ERR,ERR,ERR,ERR,ERR,ERR,ERR,ERR,ERR,ERR,ERR,ERR,ERR,ERR,ERR,ERR,ERR,ERR,ERR,ERR,ERR,ERR,60.0,60.0,35,0.0,0.0,0.0,0.0,0.0,0.0,0.0,0.0,0.0,0.0,0.0,0.0,0.0,0.0,0.0,0.0,65.6,0,119,57,44,65476,0,300,0,0,8,20529,65476,0,0,2621,60.0,0.0,0.0,0.0,0.0,0.0
2026-07-09T15:21:41,ERR,ERR,ERR,ERR,ERR,ERR,ERR,ERR,ERR,ERR,ERR,ERR,ERR,ERR,ERR,ERR,ERR,ERR,ERR,ERR,ERR,ERR,ERR,ERR,ERR,ERR,ERR,ERR,ERR,ERR,ERR,ERR,ERR,ERR,ERR,ERR,ERR,ERR,ERR,ERR,ERR,ERR,ERR,ERR,ERR,ERR,ERR,ERR,ERR,ERR,ERR,ERR,ERR,ERR,ERR,ERR,ERR,ERR,ERR,ERR,ERR,ERR,ERR,ERR,ERR,ERR,ERR,ERR,ERR,ERR,ERR,ERR,ERR,ERR,ERR,ERR,ERR,ERR,ERR,ERR,ERR,ERR,ERR,ERR,ERR,ERR,ERR,ERR,ERR,ERR,ERR,ERR,ERR,ERR,ERR,ERR,ERR,ERR,ERR,ERR,ERR,ERR,ERR,ERR,ERR,ERR,ERR,ERR,ERR,ERR,ERR,ERR,ERR,ERR,ERR,ERR,ERR,ERR,ERR,ERR,ERR,ERR,ERR,ERR,ERR,0.0,-0.0,0.0,0.0,0.0,7.720219100026207e+21,-3.216320579773255e+27,-5.2769855523200336e+26,0,0,4,17411,7116,0.0,100,0.0,0.0,0.0,0.0,0.0,0,0,0,0,0.0,0,0,0,0,0,0,0,0,0,0,0,0,0,0,0,0,0,0,0,0,0,0,0,0,0,0,0,0,0,0,0,0,0,31,40,40,71,65476,0,300,0,0,8,21553,0.0,-107605600.0,0.0,0.0,0.0,0.0,0.0,0.0,0.0,0.0,0.0,0.0,0.0,0.0,0.0,0.0,0.0,0.0,0.0,0.0,0.0,0.0,2.004,0.0,0.0,0.0,0.0,0.0,0.0,0.0,5190.0,0.0,6915.0,0.0,-107616048.0,2.004,2.004,0.0,0.0,0.0,0.0,69,0.0,5.848058456145079e+35,0.0,0.0,0.0,0.0,0.0,0.0,0.0,0,0,0,0.0,0.0,0.0,0.0,0.0,0.0,0.0,0.0,0.0,0.0,0.0,0.0,0.0,0.0,0.0,0.0,0,-107875648.0,69,0.0,138,0.0,2.012,ERR,ERR,ERR,ERR,ERR,ERR,ERR,ERR,ERR,ERR,ERR,ERR,ERR,ERR,ERR,ERR,ERR,ERR,ERR,ERR,ERR,ERR,ERR,ERR,ERR,ERR,ERR,ERR,ERR,ERR,ERR,ERR,ERR,ERR,ERR,ERR,ERR,ERR,ERR,ERR,ERR,ERR,ERR,ERR,ERR,ERR,ERR,ERR,ERR,ERR,ERR,ERR,ERR,ERR,ERR,ERR,ERR,ERR,ERR,ERR,ERR,ERR,ERR,ERR,ERR,ERR,ERR,60.0,60.0,35,0.0,0.0,0.0,0.0,0.0,0.0,0.0,0.0,0.0,0.0,0.0,0.0,0.0,0.0,0.0,0.0,65.2,0,119,57,44,65476,0,300,0,0,8,20529,65476,0,0,2621,60.0,0.0,0.0,0.0,0.0,0.0
2026-07-09T15:21:42,ERR,ERR,ERR,ERR,ERR,ERR,ERR,ERR,ERR,ERR,ERR,ERR,ERR,ERR,ERR,ERR,ERR,ERR,ERR,ERR,ERR,ERR,ERR,ERR,ERR,ERR,ERR,ERR,ERR,ERR,ERR,ERR,ERR,ERR,ERR,ERR,ERR,ERR,ERR,ERR,ERR,ERR,ERR,ERR,ERR,ERR,ERR,ERR,ERR,ERR,ERR,ERR,ERR,ERR,ERR,ERR,ERR,ERR,ERR,ERR,ERR,ERR,ERR,ERR,ERR,ERR,ERR,ERR,ERR,ERR,ERR,ERR,ERR,ERR,ERR,ERR,ERR,ERR,ERR,ERR,ERR,ERR,ERR,ERR,ERR,ERR,ERR,ERR,ERR,ERR,ERR,ERR,ERR,ERR,ERR,ERR,ERR,ERR,ERR,ERR,ERR,ERR,ERR,ERR,ERR,ERR,ERR,ERR,ERR,ERR,ERR,ERR,ERR,ERR,ERR,ERR,ERR,ERR,ERR,ERR,ERR,ERR,ERR,ERR,ERR,0.0,-0.0,0.0,0.0,0.0,7.720219100026207e+21,-3.216320579773255e+27,-5.2769855523200336e+26,0,0,4,17411,7116,0.0,100,0.0,0.0,0.0,0.0,0.0,0,0,0,0,0.0,0,0,0,0,0,0,0,0,0,0,0,0,0,0,0,0,0,0,0,0,0,0,0,0,0,0,0,0,0,0,0,0,0,31,40,40,71,65476,0,300,0,0,8,21553,0.0,-107605600.0,0.0,0.0,0.0,0.0,0.0,0.0,0.0,0.0,0.0,0.0,0.0,0.0,0.0,0.0,0.0,0.0,0.0,0.0,0.0,0.0,2.004,0.0,0.0,0.0,0.0,0.0,0.0,0.0,5190.0,0.0,6915.0,0.0,-107616048.0,2.004,2.004,0.0,0.0,0.0,0.0,69,0.0,5.848058456145079e+35,0.0,0.0,0.0,0.0,0.0,0.0,0.0,0,0,0,0.0,0.0,0.0,0.0,0.0,0.0,0.0,0.0,0.0,0.0,0.0,0.0,0.0,0.0,0.0,0.0,0,-107875648.0,69,0.0,138,0.0,2.012,ERR,ERR,ERR,ERR,ERR,ERR,ERR,ERR,ERR,ERR,ERR,ERR,ERR,ERR,ERR,ERR,ERR,ERR,ERR,ERR,ERR,ERR,ERR,ERR,ERR,ERR,ERR,ERR,ERR,ERR,ERR,ERR,ERR,ERR,ERR,ERR,ERR,ERR,ERR,ERR,ERR,ERR,ERR,ERR,ERR,ERR,ERR,ERR,ERR,ERR,ERR,ERR,ERR,ERR,ERR,ERR,ERR,ERR,ERR,ERR,ERR,ERR,ERR,ERR,ERR,ERR,ERR,60.0,60.0,35,0.0,0.0,0.0,0.0,0.0,0.0,0.0,0.0,0.0,0.0,0.0,0.0,0.0,0.0,0.0,0.0,65.2,0,119,57,44,65476,0,300,0,0,8,20529,65476,0,0,2621,60.0,0.0,0.0,0.0,0.0,0.0
2026-07-09T15:21:43,ERR,ERR,ERR,ERR,ERR,ERR,ERR,ERR,ERR,ERR,ERR,ERR,ERR,ERR,ERR,ERR,ERR,ERR,ERR,ERR,ERR,ERR,ERR,ERR,ERR,ERR,ERR,ERR,ERR,ERR,ERR,ERR,ERR,ERR,ERR,ERR,ERR,ERR,ERR,ERR,ERR,ERR,ERR,ERR,ERR,ERR,ERR,ERR,ERR,ERR,ERR,ERR,ERR,ERR,ERR,ERR,ERR,ERR,ERR,ERR,ERR,ERR,ERR,ERR,ERR,ERR,ERR,ERR,ERR,ERR,ERR,ERR,ERR,ERR,ERR,ERR,ERR,ERR,ERR,ERR,ERR,ERR,ERR,ERR,ERR,ERR,ERR,ERR,ERR,ERR,ERR,ERR,ERR,ERR,ERR,ERR,ERR,ERR,ERR,ERR,ERR,ERR,ERR,ERR,ERR,ERR,ERR,ERR,ERR,ERR,ERR,ERR,ERR,ERR,ERR,ERR,ERR,ERR,ERR,ERR,ERR,ERR,ERR,ERR,ERR,0.0,-0.0,0.0,0.0,0.0,7.720219100026207e+21,-3.216320579773255e+27,-5.2769855523200336e+26,0,0,4,17411,7116,0.0,100,0.0,0.0,0.0,0.0,0.0,0,0,0,0,0.0,0,0,0,0,0,0,0,0,0,0,0,0,0,0,0,0,0,0,0,0,0,0,0,0,0,0,0,0,0,0,0,0,0,31,40,40,71,65476,0,300,0,0,8,21553,0.0,-107605600.0,0.0,0.0,0.0,0.0,0.0,0.0,0.0,0.0,0.0,0.0,0.0,0.0,0.0,0.0,0.0,0.0,0.0,0.0,0.0,0.0,2.004,0.0,0.0,0.0,0.0,0.0,0.0,0.0,5190.0,0.0,6915.0,0.0,-107616048.0,2.004,2.004,0.0,0.0,0.0,0.0,69,0.0,5.848058456145079e+35,0.0,0.0,0.0,0.0,0.0,0.0,0.0,0,0,0,0.0,0.0,0.0,0.0,0.0,0.0,0.0,0.0,0.0,0.0,0.0,0.0,0.0,0.0,0.0,0.0,0,-107875648.0,69,0.0,138,0.0,2.012,ERR,ERR,ERR,ERR,ERR,ERR,ERR,ERR,ERR,ERR,ERR,ERR,ERR,ERR,ERR,ERR,ERR,ERR,ERR,ERR,ERR,ERR,ERR,ERR,ERR,ERR,ERR,ERR,ERR,ERR,ERR,ERR,ERR,ERR,ERR,ERR,ERR,ERR,ERR,ERR,ERR,ERR,ERR,ERR,ERR,ERR,ERR,ERR,ERR,ERR,ERR,ERR,ERR,ERR,ERR,ERR,ERR,ERR,ERR,ERR,ERR,ERR,ERR,ERR,ERR,ERR,ERR,60.0,60.0,35,0.0,0.0,0.0,0.0,0.0,0.0,0.0,0.0,0.0,0.0,0.0,0.0,0.0,0.0,0.0,0.0,65.2,0,119,57,44,65476,0,300,0,0,8,20529,65476,0,0,2621,60.0,0.0,0.0,0.0,0.0,0.0
2026-07-09T15:21:44,ERR,ERR,ERR,ERR,ERR,ERR,ERR,ERR,ERR,ERR,ERR,ERR,ERR,ERR,ERR,ERR,ERR,ERR,ERR,ERR,ERR,ERR,ERR,ERR,ERR,ERR,ERR,ERR,ERR,ERR,ERR,ERR,ERR,ERR,ERR,ERR,ERR,ERR,ERR,ERR,ERR,ERR,ERR,ERR,ERR,ERR,ERR,ERR,ERR,ERR,ERR,ERR,ERR,ERR,ERR,ERR,ERR,ERR,ERR,ERR,ERR,ERR,ERR,ERR,ERR,ERR,ERR,ERR,ERR,ERR,ERR,ERR,ERR,ERR,ERR,ERR,ERR,ERR,ERR,ERR,ERR,ERR,ERR,ERR,ERR,ERR,ERR,ERR,ERR,ERR,ERR,ERR,ERR,ERR,ERR,ERR,ERR,ERR,ERR,ERR,ERR,ERR,ERR,ERR,ERR,ERR,ERR,ERR,ERR,ERR,ERR,ERR,ERR,ERR,ERR,ERR,ERR,ERR,ERR,ERR,ERR,ERR,ERR,ERR,ERR,0.0,-0.0,0.0,0.0,0.0,7.720219100026207e+21,-3.216320579773255e+27,-5.2769855523200336e+26,0,0,4,17411,7116,0.0,100,0.0,0.0,0.0,0.0,0.0,0,0,0,0,0.0,0,0,0,0,0,0,0,0,0,0,0,0,0,0,0,0,0,0,0,0,0,0,0,0,0,0,0,0,0,0,0,0,0,31,40,40,71,65476,0,300,0,0,8,21553,0.0,-107605600.0,0.0,0.0,0.0,0.0,0.0,0.0,0.0,0.0,0.0,0.0,0.0,0.0,0.0,0.0,0.0,0.0,0.0,0.0,0.0,0.0,2.004,0.0,0.0,0.0,0.0,0.0,0.0,0.0,5190.0,0.0,6915.0,0.0,-107616048.0,2.004,2.004,0.0,0.0,0.0,0.0,69,0.0,5.848058456145079e+35,0.0,0.0,0.0,0.0,0.0,0.0,0.0,0,0,0,0.0,0.0,0.0,0.0,0.0,0.0,0.0,0.0,0.0,0.0,0.0,0.0,0.0,0.0,0.0,0.0,0,-107875648.0,69,0.0,138,0.0,2.012,ERR,ERR,ERR,ERR,ERR,ERR,ERR,ERR,ERR,ERR,ERR,ERR,ERR,ERR,ERR,ERR,ERR,ERR,ERR,ERR,ERR,ERR,ERR,ERR,ERR,ERR,ERR,ERR,ERR,ERR,ERR,ERR,ERR,ERR,ERR,ERR,ERR,ERR,ERR,ERR,ERR,ERR,ERR,ERR,ERR,ERR,ERR,ERR,ERR,ERR,ERR,ERR,ERR,ERR,ERR,ERR,ERR,ERR,ERR,ERR,ERR,ERR,ERR,ERR,ERR,ERR,ERR,60.0,60.0,35,0.0,0.0,0.0,0.0,0.0,0.0,0.0,0.0,0.0,0.0,0.0,0.0,0.0,0.0,0.0,0.0,65.2,0,119,57,44,65476,0,300,0,0,8,20529,65476,0,0,2621,60.0,0.0,0.0,0.0,0.0,0.0
2026-07-09T15:21:45,ERR,ERR,ERR,ERR,ERR,ERR,ERR,ERR,ERR,ERR,ERR,ERR,ERR,ERR,ERR,ERR,ERR,ERR,ERR,ERR,ERR,ERR,ERR,ERR,ERR,ERR,ERR,ERR,ERR,ERR,ERR,ERR,ERR,ERR,ERR,ERR,ERR,ERR,ERR,ERR,ERR,ERR,ERR,ERR,ERR,ERR,ERR,ERR,ERR,ERR,ERR,ERR,ERR,ERR,ERR,ERR,ERR,ERR,ERR,ERR,ERR,ERR,ERR,ERR,ERR,ERR,ERR,ERR,ERR,ERR,ERR,ERR,ERR,ERR,ERR,ERR,ERR,ERR,ERR,ERR,ERR,ERR,ERR,ERR,ERR,ERR,ERR,ERR,ERR,ERR,ERR,ERR,ERR,ERR,ERR,ERR,ERR,ERR,ERR,ERR,ERR,ERR,ERR,ERR,ERR,ERR,ERR,ERR,ERR,ERR,ERR,ERR,ERR,ERR,ERR,ERR,ERR,ERR,ERR,ERR,ERR,ERR,ERR,ERR,ERR,0.0,0.0,2.7184210136688368e+23,-107612384.0,-6606802124800.0,-0.0,-1.5371185363283767e+38,-9.269529429435696e+21,0,0,4,17414,7116,0.0,100,0.0,0.0,-107612384.0,0.0,0.0,0,0,0,0,0.0,0,0,0,0,0,0,0,0,0,0,0,0,0,0,0,0,0,0,0,0,0,0,0,0,0,0,0,0,0,0,0,0,0,31,40,40,71,65476,0,300,0,0,8,21553,0.0,-107605600.0,0.0,0.0,0.0,0.0,0.0,0.0,0.0,0.0,0.0,0.0,0.0,0.0,0.0,0.0,0.0,0.0,0.0,0.0,0.0,0.0,2.004,-0.0,0.0,0.0,0.0,0.0,0.0,0.0,5193.0,2.004,6919.0,0.0,2.718446053682765e+23,2.004,2.004,0.0,0.0,0.0,0.0,69,126840545280.0,-0.0,0.0,0.0,0.0,0.0,0.0,0.0,0.0,0,0,0,0.0,0.0,0.0,0.0,0.0,0.0,0.0,0.0,0.0,0.0,0.0,0.0,0.0,0.0,0.0,0.0,0,-107875648.0,69,0.0,138,0.0,2.012,ERR,ERR,ERR,ERR,ERR,ERR,ERR,ERR,ERR,ERR,ERR,ERR,ERR,ERR,ERR,ERR,ERR,ERR,ERR,ERR,ERR,ERR,ERR,ERR,ERR,ERR,ERR,ERR,ERR,ERR,ERR,ERR,ERR,ERR,ERR,ERR,ERR,ERR,ERR,ERR,ERR,ERR,ERR,ERR,ERR,ERR,ERR,ERR,ERR,ERR,ERR,ERR,ERR,ERR,ERR,ERR,ERR,ERR,ERR,ERR,ERR,ERR,ERR,ERR,ERR,ERR,ERR,60.0,60.0,35,0.0,0.0,0.0,0.0,0.0,0.0,0.0,0.0,0.0,0.0,0.0,0.0,0.0,0.0,0.0,0.0,65.2,0,119,57,44,65476,0,300,0,0,8,20529,65476,0,0,2621,60.0,0.0,0.0,0.0,0.0,0.0
2026-07-09T15:21:46,ERR,ERR,ERR,ERR,ERR,ERR,ERR,ERR,ERR,ERR,ERR,ERR,ERR,ERR,ERR,ERR,ERR,ERR,ERR,ERR,ERR,ERR,ERR,ERR,ERR,ERR,ERR,ERR,ERR,ERR,ERR,ERR,ERR,ERR,ERR,ERR,ERR,ERR,ERR,ERR,ERR,ERR,ERR,ERR,ERR,ERR,ERR,ERR,ERR,ERR,ERR,ERR,ERR,ERR,ERR,ERR,ERR,ERR,ERR,ERR,ERR,ERR,ERR,ERR,ERR,ERR,ERR,ERR,ERR,ERR,ERR,ERR,ERR,ERR,ERR,ERR,ERR,ERR,ERR,ERR,ERR,ERR,ERR,ERR,ERR,ERR,ERR,ERR,ERR,ERR,ERR,ERR,ERR,ERR,ERR,ERR,ERR,ERR,ERR,ERR,ERR,ERR,ERR,ERR,ERR,ERR,ERR,ERR,ERR,ERR,ERR,ERR,ERR,ERR,ERR,ERR,ERR,ERR,ERR,ERR,ERR,ERR,ERR,ERR,ERR,0.0,0.0,2.7184210136688368e+23,-107612384.0,-6606802124800.0,-0.0,-1.5371185363283767e+38,-9.269529429435696e+21,0,0,4,17414,7116,0.0,100,0.0,0.0,-107612384.0,0.0,0.0,0,0,0,0,0.0,0,0,0,0,0,0,0,0,0,0,0,0,0,0,0,0,0,0,0,0,0,0,0,0,0,0,0,0,0,0,0,0,0,31,40,40,71,65476,0,300,0,0,8,21553,0.0,-107605600.0,0.0,0.0,0.0,0.0,0.0,0.0,0.0,0.0,0.0,0.0,0.0,0.0,0.0,0.0,0.0,0.0,0.0,0.0,0.0,0.0,2.004,-0.0,0.0,0.0,0.0,0.0,0.0,0.0,5193.0,2.004,6919.0,0.0,2.718446053682765e+23,2.004,2.004,0.0,0.0,0.0,0.0,69,126840545280.0,-0.0,0.0,0.0,0.0,0.0,0.0,0.0,0.0,0,0,0,0.0,0.0,0.0,0.0,0.0,0.0,0.0,0.0,0.0,0.0,0.0,0.0,0.0,0.0,0.0,0.0,0,-107875648.0,69,0.0,138,0.0,2.012,ERR,ERR,ERR,ERR,ERR,ERR,ERR,ERR,ERR,ERR,ERR,ERR,ERR,ERR,ERR,ERR,ERR,ERR,ERR,ERR,ERR,ERR,ERR,ERR,ERR,ERR,ERR,ERR,ERR,ERR,ERR,ERR,ERR,ERR,ERR,ERR,ERR,ERR,ERR,ERR,ERR,ERR,ERR,ERR,ERR,ERR,ERR,ERR,ERR,ERR,ERR,ERR,ERR,ERR,ERR,ERR,ERR,ERR,ERR,ERR,ERR,ERR,ERR,ERR,ERR,ERR,ERR,60.0,60.0,35,0.0,0.0,0.0,0.0,0.0,0.0,0.0,0.0,0.0,0.0,0.0,0.0,0.0,0.0,0.0,0.0,65.2,0,119,57,44,65476,0,300,0,0,8,20529,65476,0,0,2621,60.0,0.0,0.0,0.0,0.0,0.0
2026-07-09T15:21:47,ERR,ERR,ERR,ERR,ERR,ERR,ERR,ERR,ERR,ERR,ERR,ERR,ERR,ERR,ERR,ERR,ERR,ERR,ERR,ERR,ERR,ERR,ERR,ERR,ERR,ERR,ERR,ERR,ERR,ERR,ERR,ERR,ERR,ERR,ERR,ERR,ERR,ERR,ERR,ERR,ERR,ERR,ERR,ERR,ERR,ERR,ERR,ERR,ERR,ERR,ERR,ERR,ERR,ERR,ERR,ERR,ERR,ERR,ERR,ERR,ERR,ERR,ERR,ERR,ERR,ERR,ERR,ERR,ERR,ERR,ERR,ERR,ERR,ERR,ERR,ERR,ERR,ERR,ERR,ERR,ERR,ERR,ERR,ERR,ERR,ERR,ERR,ERR,ERR,ERR,ERR,ERR,ERR,ERR,ERR,ERR,ERR,ERR,ERR,ERR,ERR,ERR,ERR,ERR,ERR,ERR,ERR,ERR,ERR,ERR,ERR,ERR,ERR,ERR,ERR,ERR,ERR,ERR,ERR,ERR,ERR,ERR,ERR,ERR,ERR,0.0,0.0,2.7184210136688368e+23,-107612384.0,-6606802124800.0,-0.0,-1.5371185363283767e+38,-9.269529429435696e+21,0,0,4,17414,7116,0.0,100,0.0,0.0,-107612384.0,0.0,0.0,0,0,0,0,0.0,0,0,0,0,0,0,0,0,0,0,0,0,0,0,0,0,0,0,0,0,0,0,0,0,0,0,0,0,0,0,0,0,0,31,40,40,71,65476,0,300,0,0,8,21553,0.0,-107605600.0,0.0,0.0,0.0,0.0,0.0,0.0,0.0,0.0,0.0,0.0,0.0,0.0,0.0,0.0,0.0,0.0,0.0,0.0,0.0,0.0,2.004,-0.0,0.0,0.0,0.0,0.0,0.0,0.0,5193.0,2.004,6919.0,0.0,2.718446053682765e+23,2.004,2.004,0.0,0.0,0.0,0.0,69,126840545280.0,-0.0,0.0,0.0,0.0,0.0,0.0,0.0,0.0,0,0,0,0.0,0.0,0.0,0.0,0.0,0.0,0.0,0.0,0.0,0.0,0.0,0.0,0.0,0.0,0.0,0.0,0,-107875648.0,69,0.0,138,0.0,2.012,ERR,ERR,ERR,ERR,ERR,ERR,ERR,ERR,ERR,ERR,ERR,ERR,ERR,ERR,ERR,ERR,ERR,ERR,ERR,ERR,ERR,ERR,ERR,ERR,ERR,ERR,ERR,ERR,ERR,ERR,ERR,ERR,ERR,ERR,ERR,ERR,ERR,ERR,ERR,ERR,ERR,ERR,ERR,ERR,ERR,ERR,ERR,ERR,ERR,ERR,ERR,ERR,ERR,ERR,ERR,ERR,ERR,ERR,ERR,ERR,ERR,ERR,ERR,ERR,ERR,ERR,ERR,60.0,60.0,35,0.0,0.0,0.0,0.0,0.0,0.0,0.0,0.0,0.0,0.0,0.0,0.0,0.0,0.0,0.0,0.0,65.2,0,119,57,44,65476,0,300,0,0,8,20529,65476,0,0,2621,60.0,0.0,0.0,0.0,0.0,0.0
2026-07-09T15:21:48,ERR,ERR,ERR,ERR,ERR,ERR,ERR,ERR,ERR,ERR,ERR,ERR,ERR,ERR,ERR,ERR,ERR,ERR,ERR,ERR,ERR,ERR,ERR,ERR,ERR,ERR,ERR,ERR,ERR,ERR,ERR,ERR,ERR,ERR,ERR,ERR,ERR,ERR,ERR,ERR,ERR,ERR,ERR,ERR,ERR,ERR,ERR,ERR,ERR,ERR,ERR,ERR,ERR,ERR,ERR,ERR,ERR,ERR,ERR,ERR,ERR,ERR,ERR,ERR,ERR,ERR,ERR,ERR,ERR,ERR,ERR,ERR,ERR,ERR,ERR,ERR,ERR,ERR,ERR,ERR,ERR,ERR,ERR,ERR,ERR,ERR,ERR,ERR,ERR,ERR,ERR,ERR,ERR,ERR,ERR,ERR,ERR,ERR,ERR,ERR,ERR,ERR,ERR,ERR,ERR,ERR,ERR,ERR,ERR,ERR,ERR,ERR,ERR,ERR,ERR,ERR,ERR,ERR,ERR,ERR,ERR,ERR,ERR,ERR,ERR,0.0,0.0,2.7184210136688368e+23,-107612384.0,-6606802124800.0,-0.0,-1.5371185363283767e+38,-9.269529429435696e+21,0,0,4,17414,7116,0.0,100,0.0,0.0,-107612384.0,0.0,0.0,0,0,0,0,0.0,0,0,0,0,0,0,0,0,0,0,0,0,0,0,0,0,0,0,0,0,0,0,0,0,0,0,0,0,0,0,0,0,0,31,40,40,71,65476,0,300,0,0,8,21553,0.0,-107605600.0,0.0,0.0,0.0,0.0,0.0,0.0,0.0,0.0,0.0,0.0,0.0,0.0,0.0,0.0,0.0,0.0,0.0,0.0,0.0,0.0,2.004,-0.0,0.0,0.0,0.0,0.0,0.0,0.0,5193.0,2.004,6919.0,0.0,2.718446053682765e+23,2.004,2.004,0.0,0.0,0.0,0.0,69,126840545280.0,-0.0,0.0,0.0,0.0,0.0,0.0,0.0,0.0,0,0,0,0.0,0.0,0.0,0.0,0.0,0.0,0.0,0.0,0.0,0.0,0.0,0.0,0.0,0.0,0.0,0.0,0,-107875648.0,69,0.0,138,0.0,2.012,ERR,ERR,ERR,ERR,ERR,ERR,ERR,ERR,ERR,ERR,ERR,ERR,ERR,ERR,ERR,ERR,ERR,ERR,ERR,ERR,ERR,ERR,ERR,ERR,ERR,ERR,ERR,ERR,ERR,ERR,ERR,ERR,ERR,ERR,ERR,ERR,ERR,ERR,ERR,ERR,ERR,ERR,ERR,ERR,ERR,ERR,ERR,ERR,ERR,ERR,ERR,ERR,ERR,ERR,ERR,ERR,ERR,ERR,ERR,ERR,ERR,ERR,ERR,ERR,ERR,ERR,ERR,60.0,60.0,35,0.0,0.0,0.0,0.0,0.0,0.0,0.0,0.0,0.0,0.0,0.0,0.0,0.0,0.0,0.0,0.0,65.2,0,119,57,44,65476,0,300,0,0,8,20529,65476,0,0,2621,60.0,0.0,0.0,0.0,0.0,0.0
2026-07-09T15:21:49,ERR,ERR,ERR,ERR,ERR,ERR,ERR,ERR,ERR,ERR,ERR,ERR,ERR,ERR,ERR,ERR,ERR,ERR,ERR,ERR,ERR,ERR,ERR,ERR,ERR,ERR,ERR,ERR,ERR,ERR,ERR,ERR,ERR,ERR,ERR,ERR,ERR,ERR,ERR,ERR,ERR,ERR,ERR,ERR,ERR,ERR,ERR,ERR,ERR,ERR,ERR,ERR,ERR,ERR,ERR,ERR,ERR,ERR,ERR,ERR,ERR,ERR,ERR,ERR,ERR,ERR,ERR,ERR,ERR,ERR,ERR,ERR,ERR,ERR,ERR,ERR,ERR,ERR,ERR,ERR,ERR,ERR,ERR,ERR,ERR,ERR,ERR,ERR,ERR,ERR,ERR,ERR,ERR,ERR,ERR,ERR,ERR,ERR,ERR,ERR,ERR,ERR,ERR,ERR,ERR,ERR,ERR,ERR,ERR,ERR,ERR,ERR,ERR,ERR,ERR,ERR,ERR,ERR,ERR,ERR,ERR,ERR,ERR,ERR,ERR,0.0,0.0,2.7184210136688368e+23,-107612384.0,-6606802124800.0,-0.0,-1.5371185363283767e+38,-9.269529429435696e+21,0,0,4,17414,7116,0.0,100,0.0,0.0,-107612384.0,0.0,0.0,0,0,0,0,0.0,0,0,0,0,0,0,0,0,0,0,0,0,0,0,0,0,0,0,0,0,0,0,0,0,0,0,0,0,0,0,0,0,0,31,40,40,71,65476,0,300,0,0,8,21553,0.0,-107605600.0,0.0,0.0,0.0,0.0,0.0,0.0,0.0,0.0,0.0,0.0,0.0,0.0,0.0,0.0,0.0,0.0,0.0,0.0,0.0,0.0,2.004,-0.0,0.0,0.0,0.0,0.0,0.0,0.0,5193.0,2.004,6919.0,0.0,2.718446053682765e+23,2.004,2.004,0.0,0.0,0.0,0.0,69,126840545280.0,-0.0,0.0,0.0,0.0,0.0,0.0,0.0,0.0,0,0,0,0.0,0.0,0.0,0.0,0.0,0.0,0.0,0.0,0.0,0.0,0.0,0.0,0.0,0.0,0.0,0.0,0,-107875648.0,69,0.0,138,0.0,2.012,ERR,ERR,ERR,ERR,ERR,ERR,ERR,ERR,ERR,ERR,ERR,ERR,ERR,ERR,ERR,ERR,ERR,ERR,ERR,ERR,ERR,ERR,ERR,ERR,ERR,ERR,ERR,ERR,ERR,ERR,ERR,ERR,ERR,ERR,ERR,ERR,ERR,ERR,ERR,ERR,ERR,ERR,ERR,ERR,ERR,ERR,ERR,ERR,ERR,ERR,ERR,ERR,ERR,ERR,ERR,ERR,ERR,ERR,ERR,ERR,ERR,ERR,ERR,ERR,ERR,ERR,ERR,60.0,60.0,35,0.0,0.0,0.0,0.0,0.0,0.0,0.0,0.0,0.0,0.0,0.0,0.0,0.0,0.0,0.0,0.0,65.2,0,119,57,44,65476,0,300,0,0,8,20529,65476,0,0,2621,60.0,0.0,0.0,0.0,0.0,0.0
2026-07-09T15:21:50,ERR,ERR,ERR,ERR,ERR,ERR,ERR,ERR,ERR,ERR,ERR,ERR,ERR,ERR,ERR,ERR,ERR,ERR,ERR,ERR,ERR,ERR,ERR,ERR,ERR,ERR,ERR,ERR,ERR,ERR,ERR,ERR,ERR,ERR,ERR,ERR,ERR,ERR,ERR,ERR,ERR,ERR,ERR,ERR,ERR,ERR,ERR,ERR,ERR,ERR,ERR,ERR,ERR,ERR,ERR,ERR,ERR,ERR,ERR,ERR,ERR,ERR,ERR,ERR,ERR,ERR,ERR,ERR,ERR,ERR,ERR,ERR,ERR,ERR,ERR,ERR,ERR,ERR,ERR,ERR,ERR,ERR,ERR,ERR,ERR,ERR,ERR,ERR,ERR,ERR,ERR,ERR,ERR,ERR,ERR,ERR,ERR,ERR,ERR,ERR,ERR,ERR,ERR,ERR,ERR,ERR,ERR,ERR,ERR,ERR,ERR,ERR,ERR,ERR,ERR,ERR,ERR,ERR,ERR,ERR,ERR,ERR,ERR,ERR,ERR,0.0,0.0,2.718421373956807e+23,-107612384.0,0.0,-0.0,-0.0,-3716368897671168.0,0,0,4,17417,7116,0.0,100,0.0,0.0,-107612384.0,0.0,0.0,0,0,0,0,0.0,0,0,0,0,0,0,0,0,0,0,0,0,0,0,0,0,0,0,0,0,0,0,0,0,0,0,0,0,0,0,0,0,0,31,40,40,71,65476,0,300,0,0,8,21553,0.0,-107605600.0,0.0,0.0,0.0,0.0,0.0,0.0,0.0,0.0,0.0,0.0,0.0,0.0,0.0,0.0,0.0,0.0,0.0,0.0,0.0,0.0,2.004,2.004,0.0,0.0,0.0,0.0,0.0,0.0,5195.0,131350.531,6919.0,0.0,-0.0,2.004,2.004,0.0,0.0,0.0,0.0,69,-0.0,-0.0,0.0,0.0,0.0,0.0,0.0,0.0,0.0,0,0,0,0.0,0.0,0.0,0.0,0.0,0.0,0.0,0.0,0.0,0.0,0.0,0.0,0.0,0.0,0.0,0.0,0,-107875648.0,69,0.0,138,0.0,2.012,ERR,ERR,ERR,ERR,ERR,ERR,ERR,ERR,ERR,ERR,ERR,ERR,ERR,ERR,ERR,ERR,ERR,ERR,ERR,ERR,ERR,ERR,ERR,ERR,ERR,ERR,ERR,ERR,ERR,ERR,ERR,ERR,ERR,ERR,ERR,ERR,ERR,ERR,ERR,ERR,ERR,ERR,ERR,ERR,ERR,ERR,ERR,ERR,ERR,ERR,ERR,ERR,ERR,ERR,ERR,ERR,ERR,ERR,ERR,ERR,ERR,ERR,ERR,ERR,ERR,ERR,ERR,60.0,60.0,35,0.0,0.0,0.0,0.0,0.0,0.0,0.0,0.0,0.0,0.0,0.0,0.0,0.0,0.0,0.0,0.0,65.2,0,119,57,44,65476,0,300,0,0,8,20529,65476,0,0,2621,60.0,0.0,0.0,0.0,0.0,0.0
2026-07-09T15:21:51,ERR,ERR,ERR,ERR,ERR,ERR,ERR,ERR,ERR,ERR,ERR,ERR,ERR,ERR,ERR,ERR,ERR,ERR,ERR,ERR,ERR,ERR,ERR,ERR,ERR,ERR,ERR,ERR,ERR,ERR,ERR,ERR,ERR,ERR,ERR,ERR,ERR,ERR,ERR,ERR,ERR,ERR,ERR,ERR,ERR,ERR,ERR,ERR,ERR,ERR,ERR,ERR,ERR,ERR,ERR,ERR,ERR,ERR,ERR,ERR,ERR,ERR,ERR,ERR,ERR,ERR,ERR,ERR,ERR,ERR,ERR,ERR,ERR,ERR,ERR,ERR,ERR,ERR,ERR,ERR,ERR,ERR,ERR,ERR,ERR,ERR,ERR,ERR,ERR,ERR,ERR,ERR,ERR,ERR,ERR,ERR,ERR,ERR,ERR,ERR,ERR,ERR,ERR,ERR,ERR,ERR,ERR,ERR,ERR,ERR,ERR,ERR,ERR,ERR,ERR,ERR,ERR,ERR,ERR,ERR,ERR,ERR,ERR,ERR,ERR,0.0,0.0,2.718421373956807e+23,-107612384.0,0.0,-0.0,-0.0,-3716368897671168.0,0,0,4,17417,7116,0.0,100,0.0,0.0,-107612384.0,0.0,0.0,0,0,0,0,0.0,0,0,0,0,0,0,0,0,0,0,0,0,0,0,0,0,0,0,0,0,0,0,0,0,0,0,0,0,0,0,0,0,0,31,40,40,71,65476,0,300,0,0,8,21553,0.0,-107605600.0,0.0,0.0,0.0,0.0,0.0,0.0,0.0,0.0,0.0,0.0,0.0,0.0,0.0,0.0,0.0,0.0,0.0,0.0,0.0,0.0,2.004,2.004,0.0,0.0,0.0,0.0,0.0,0.0,5195.0,131350.531,6919.0,0.0,-0.0,2.004,2.004,0.0,0.0,0.0,0.0,69,-0.0,-0.0,0.0,0.0,0.0,0.0,0.0,0.0,0.0,0,0,0,0.0,0.0,0.0,0.0,0.0,0.0,0.0,0.0,0.0,0.0,0.0,0.0,0.0,0.0,0.0,0.0,0,-107875648.0,69,0.0,138,0.0,2.012,ERR,ERR,ERR,ERR,ERR,ERR,ERR,ERR,ERR,ERR,ERR,ERR,ERR,ERR,ERR,ERR,ERR,ERR,ERR,ERR,ERR,ERR,ERR,ERR,ERR,ERR,ERR,ERR,ERR,ERR,ERR,ERR,ERR,ERR,ERR,ERR,ERR,ERR,ERR,ERR,ERR,ERR,ERR,ERR,ERR,ERR,ERR,ERR,ERR,ERR,ERR,ERR,ERR,ERR,ERR,ERR,ERR,ERR,ERR,ERR,ERR,ERR,ERR,ERR,ERR,ERR,ERR,60.0,60.0,35,0.0,0.0,0.0,0.0,0.0,0.0,0.0,0.0,0.0,0.0,0.0,0.0,0.0,0.0,0.0,0.0,65.6,0,119,57,44,65476,0,300,0,0,8,20529,65476,0,0,2621,60.0,0.0,0.0,0.0,0.0,0.0
2026-07-09T15:21:52,ERR,ERR,ERR,ERR,ERR,ERR,ERR,ERR,ERR,ERR,ERR,ERR,ERR,ERR,ERR,ERR,ERR,ERR,ERR,ERR,ERR,ERR,ERR,ERR,ERR,ERR,ERR,ERR,ERR,ERR,ERR,ERR,ERR,ERR,ERR,ERR,ERR,ERR,ERR,ERR,ERR,ERR,ERR,ERR,ERR,ERR,ERR,ERR,ERR,ERR,ERR,ERR,ERR,ERR,ERR,ERR,ERR,ERR,ERR,ERR,ERR,ERR,ERR,ERR,ERR,ERR,ERR,ERR,ERR,ERR,ERR,ERR,ERR,ERR,ERR,ERR,ERR,ERR,ERR,ERR,ERR,ERR,ERR,ERR,ERR,ERR,ERR,ERR,ERR,ERR,ERR,ERR,ERR,ERR,ERR,ERR,ERR,ERR,ERR,ERR,ERR,ERR,ERR,ERR,ERR,ERR,ERR,ERR,ERR,ERR,ERR,ERR,ERR,ERR,ERR,ERR,ERR,ERR,ERR,ERR,ERR,ERR,ERR,ERR,ERR,0.0,0.0,2.718421373956807e+23,-107612384.0,0.0,-0.0,-0.0,-3716368897671168.0,0,0,4,17417,7116,0.0,100,0.0,0.0,-107612384.0,0.0,0.0,0,0,0,0,0.0,0,0,0,0,0,0,0,0,0,0,0,0,0,0,0,0,0,0,0,0,0,0,0,0,0,0,0,0,0,0,0,0,0,31,40,40,71,65476,0,300,0,0,8,21553,0.0,-107605600.0,0.0,0.0,0.0,0.0,0.0,0.0,0.0,0.0,0.0,0.0,0.0,0.0,0.0,0.0,0.0,0.0,0.0,0.0,0.0,0.0,2.004,2.004,0.0,0.0,0.0,0.0,0.0,0.0,5195.0,131350.531,6919.0,0.0,-0.0,2.004,2.004,0.0,0.0,0.0,0.0,69,-0.0,-0.0,0.0,0.0,0.0,0.0,0.0,0.0,0.0,0,0,0,0.0,0.0,0.0,0.0,0.0,0.0,0.0,0.0,0.0,0.0,0.0,0.0,0.0,0.0,0.0,0.0,0,-107875648.0,69,0.0,138,0.0,2.012,ERR,ERR,ERR,ERR,ERR,ERR,ERR,ERR,ERR,ERR,ERR,ERR,ERR,ERR,ERR,ERR,ERR,ERR,ERR,ERR,ERR,ERR,ERR,ERR,ERR,ERR,ERR,ERR,ERR,ERR,ERR,ERR,ERR,ERR,ERR,ERR,ERR,ERR,ERR,ERR,ERR,ERR,ERR,ERR,ERR,ERR,ERR,ERR,ERR,ERR,ERR,ERR,ERR,ERR,ERR,ERR,ERR,ERR,ERR,ERR,ERR,ERR,ERR,ERR,ERR,ERR,ERR,60.0,60.0,35,0.0,0.0,0.0,0.0,0.0,0.0,0.0,0.0,0.0,0.0,0.0,0.0,0.0,0.0,0.0,0.0,65.2,0,119,58,44,65476,0,300,0,0,8,20529,65476,0,0,2621,60.0,0.0,0.0,0.0,0.0,0.0
2026-07-09T15:21:53,ERR,ERR,ERR,ERR,ERR,ERR,ERR,ERR,ERR,ERR,ERR,ERR,ERR,ERR,ERR,ERR,ERR,ERR,ERR,ERR,ERR,ERR,ERR,ERR,ERR,ERR,ERR,ERR,ERR,ERR,ERR,ERR,ERR,ERR,ERR,ERR,ERR,ERR,ERR,ERR,ERR,ERR,ERR,ERR,ERR,ERR,ERR,ERR,ERR,ERR,ERR,ERR,ERR,ERR,ERR,ERR,ERR,ERR,ERR,ERR,ERR,ERR,ERR,ERR,ERR,ERR,ERR,ERR,ERR,ERR,ERR,ERR,ERR,ERR,ERR,ERR,ERR,ERR,ERR,ERR,ERR,ERR,ERR,ERR,ERR,ERR,ERR,ERR,ERR,ERR,ERR,ERR,ERR,ERR,ERR,ERR,ERR,ERR,ERR,ERR,ERR,ERR,ERR,ERR,ERR,ERR,ERR,ERR,ERR,ERR,ERR,ERR,ERR,ERR,ERR,ERR,ERR,ERR,ERR,ERR,ERR,ERR,ERR,ERR,ERR,0.0,0.0,2.718421373956807e+23,-107612384.0,0.0,-0.0,-0.0,-3716368897671168.0,0,0,4,17417,7116,0.0,100,0.0,0.0,-107612384.0,0.0,0.0,0,0,0,0,0.0,0,0,0,0,0,0,0,0,0,0,0,0,0,0,0,0,0,0,0,0,0,0,0,0,0,0,0,0,0,0,0,0,0,31,40,40,71,65476,0,300,0,0,8,21553,0.0,-107605600.0,0.0,0.0,0.0,0.0,0.0,0.0,0.0,0.0,0.0,0.0,0.0,0.0,0.0,0.0,0.0,0.0,0.0,0.0,0.0,0.0,2.004,2.004,0.0,0.0,0.0,0.0,0.0,0.0,5195.0,131350.531,6919.0,0.0,-0.0,2.004,2.004,0.0,0.0,0.0,0.0,69,-0.0,-0.0,0.0,0.0,0.0,0.0,0.0,0.0,0.0,0,0,0,0.0,0.0,0.0,0.0,0.0,0.0,0.0,0.0,0.0,0.0,0.0,0.0,0.0,0.0,0.0,0.0,0,-107875648.0,69,0.0,138,0.0,2.012,ERR,ERR,ERR,ERR,ERR,ERR,ERR,ERR,ERR,ERR,ERR,ERR,ERR,ERR,ERR,ERR,ERR,ERR,ERR,ERR,ERR,ERR,ERR,ERR,ERR,ERR,ERR,ERR,ERR,ERR,ERR,ERR,ERR,ERR,ERR,ERR,ERR,ERR,ERR,ERR,ERR,ERR,ERR,ERR,ERR,ERR,ERR,ERR,ERR,ERR,ERR,ERR,ERR,ERR,ERR,ERR,ERR,ERR,ERR,ERR,ERR,ERR,ERR,ERR,ERR,ERR,ERR,60.0,60.0,35,0.0,0.0,0.0,0.0,0.0,0.0,0.0,0.0,0.0,0.0,0.0,0.0,0.0,0.0,0.0,0.0,65.2,0,119,58,44,65476,0,300,0,0,8,20529,65476,0,0,2621,60.0,0.0,0.0,0.0,0.0,0.0
2026-07-09T15:21:54,ERR,ERR,ERR,ERR,ERR,ERR,ERR,ERR,ERR,ERR,ERR,ERR,ERR,ERR,ERR,ERR,ERR,ERR,ERR,ERR,ERR,ERR,ERR,ERR,ERR,ERR,ERR,ERR,ERR,ERR,ERR,ERR,ERR,ERR,ERR,ERR,ERR,ERR,ERR,ERR,ERR,ERR,ERR,ERR,ERR,ERR,ERR,ERR,ERR,ERR,ERR,ERR,ERR,ERR,ERR,ERR,ERR,ERR,ERR,ERR,ERR,ERR,ERR,ERR,ERR,ERR,ERR,ERR,ERR,ERR,ERR,ERR,ERR,ERR,ERR,ERR,ERR,ERR,ERR,ERR,ERR,ERR,ERR,ERR,ERR,ERR,ERR,ERR,ERR,ERR,ERR,ERR,ERR,ERR,ERR,ERR,ERR,ERR,ERR,ERR,ERR,ERR,ERR,ERR,ERR,ERR,ERR,ERR,ERR,ERR,ERR,ERR,ERR,ERR,ERR,ERR,ERR,ERR,ERR,ERR,ERR,ERR,ERR,ERR,ERR,0.0,0.0,2.718421373956807e+23,-107612384.0,0.0,-0.0,-0.0,-3716368897671168.0,0,0,4,17417,7116,0.0,100,0.0,0.0,-107612384.0,0.0,0.0,0,0,0,0,0.0,0,0,0,0,0,0,0,0,0,0,0,0,0,0,0,0,0,0,0,0,0,0,0,0,0,0,0,0,0,0,0,0,0,31,40,40,71,65476,0,300,0,0,8,21553,0.0,-107605600.0,0.0,0.0,0.0,0.0,0.0,0.0,0.0,0.0,0.0,0.0,0.0,0.0,0.0,0.0,0.0,0.0,0.0,0.0,0.0,0.0,2.004,2.004,0.0,0.0,0.0,0.0,0.0,0.0,5195.0,131350.531,6919.0,0.0,-0.0,2.004,2.004,0.0,0.0,0.0,0.0,69,-0.0,-0.0,0.0,0.0,0.0,0.0,0.0,0.0,0.0,0,0,0,0.0,0.0,0.0,0.0,0.0,0.0,0.0,0.0,0.0,0.0,0.0,0.0,0.0,0.0,0.0,0.0,0,-107875648.0,69,0.0,138,0.0,2.012,ERR,ERR,ERR,ERR,ERR,ERR,ERR,ERR,ERR,ERR,ERR,ERR,ERR,ERR,ERR,ERR,ERR,ERR,ERR,ERR,ERR,ERR,ERR,ERR,ERR,ERR,ERR,ERR,ERR,ERR,ERR,ERR,ERR,ERR,ERR,ERR,ERR,ERR,ERR,ERR,ERR,ERR,ERR,ERR,ERR,ERR,ERR,ERR,ERR,ERR,ERR,ERR,ERR,ERR,ERR,ERR,ERR,ERR,ERR,ERR,ERR,ERR,ERR,ERR,ERR,ERR,ERR,60.0,60.0,35,0.0,0.0,0.0,0.0,0.0,0.0,0.0,0.0,0.0,0.0,0.0,0.0,0.0,0.0,0.0,0.0,65.2,0,119,58,44,65476,0,300,0,0,8,20529,65476,0,0,2621,60.0,0.0,0.0,0.0,0.0,0.0
2026-07-09T15:21:55,ERR,ERR,ERR,ERR,ERR,ERR,ERR,ERR,ERR,ERR,ERR,ERR,ERR,ERR,ERR,ERR,ERR,ERR,ERR,ERR,ERR,ERR,ERR,ERR,ERR,ERR,ERR,ERR,ERR,ERR,ERR,ERR,ERR,ERR,ERR,ERR,ERR,ERR,ERR,ERR,ERR,ERR,ERR,ERR,ERR,ERR,ERR,ERR,ERR,ERR,ERR,ERR,ERR,ERR,ERR,ERR,ERR,ERR,ERR,ERR,ERR,ERR,ERR,ERR,ERR,ERR,ERR,ERR,ERR,ERR,ERR,ERR,ERR,ERR,ERR,ERR,ERR,ERR,ERR,ERR,ERR,ERR,ERR,ERR,ERR,ERR,ERR,ERR,ERR,ERR,ERR,ERR,ERR,ERR,ERR,ERR,ERR,ERR,ERR,ERR,ERR,ERR,ERR,ERR,ERR,ERR,ERR,ERR,ERR,ERR,ERR,ERR,ERR,ERR,ERR,ERR,ERR,ERR,ERR,ERR,ERR,ERR,ERR,ERR,ERR,0.0,-0.0,0.0,0.0,1935168634880.0,0.0,0.0,-36352909377536.0,0,0,4,17419,7116,0.0,100,0.0,0.0,0.0,0.0,0.0,0,0,0,0,0.0,0,0,0,0,0,0,0,0,0,0,0,0,0,0,0,0,0,0,0,0,0,0,0,0,0,0,0,0,0,0,0,0,0,31,40,40,71,65476,0,300,0,0,8,21553,0.0,-107605600.0,0.0,0.0,0.0,0.0,0.0,0.0,0.0,0.0,0.0,0.0,0.0,0.0,0.0,0.0,0.0,0.0,0.0,0.0,0.0,0.0,0.0,2.004,0.0,0.0,0.0,0.0,0.0,0.0,5203.0,0.0,6918.0,-0.0,0.0,2.004,2.004,0.0,0.0,0.0,0.0,69,-0.0,-0.0,0.0,0.0,0.0,0.0,0.0,0.0,0.0,0,0,0,0.0,0.0,0.0,0.0,0.0,0.0,0.0,0.0,0.0,0.0,0.0,0.0,0.0,0.0,0.0,0.0,0,-107875648.0,69,0.0,138,0.0,2.012,ERR,ERR,ERR,ERR,ERR,ERR,ERR,ERR,ERR,ERR,ERR,ERR,ERR,ERR,ERR,ERR,ERR,ERR,ERR,ERR,ERR,ERR,ERR,ERR,ERR,ERR,ERR,ERR,ERR,ERR,ERR,ERR,ERR,ERR,ERR,ERR,ERR,ERR,ERR,ERR,ERR,ERR,ERR,ERR,ERR,ERR,ERR,ERR,ERR,ERR,ERR,ERR,ERR,ERR,ERR,ERR,ERR,ERR,ERR,ERR,ERR,ERR,ERR,ERR,ERR,ERR,ERR,60.0,60.0,35,0.0,0.0,0.0,0.0,0.0,0.0,0.0,0.0,0.0,0.0,0.0,0.0,0.0,0.0,0.0,0.0,65.2,0,119,58,44,65476,0,300,0,0,8,20529,65476,0,0,2621,60.0,0.0,0.0,0.0,0.0,0.0
2026-07-09T15:21:56,ERR,ERR,ERR,ERR,ERR,ERR,ERR,ERR,ERR,ERR,ERR,ERR,ERR,ERR,ERR,ERR,ERR,ERR,ERR,ERR,ERR,ERR,ERR,ERR,ERR,ERR,ERR,ERR,ERR,ERR,ERR,ERR,ERR,ERR,ERR,ERR,ERR,ERR,ERR,ERR,ERR,ERR,ERR,ERR,ERR,ERR,ERR,ERR,ERR,ERR,ERR,ERR,ERR,ERR,ERR,ERR,ERR,ERR,ERR,ERR,ERR,ERR,ERR,ERR,ERR,ERR,ERR,ERR,ERR,ERR,ERR,ERR,ERR,ERR,ERR,ERR,ERR,ERR,ERR,ERR,ERR,ERR,ERR,ERR,ERR,ERR,ERR,ERR,ERR,ERR,ERR,ERR,ERR,ERR,ERR,ERR,ERR,ERR,ERR,ERR,ERR,ERR,ERR,ERR,ERR,ERR,ERR,ERR,ERR,ERR,ERR,ERR,ERR,ERR,ERR,ERR,ERR,ERR,ERR,ERR,ERR,ERR,ERR,ERR,ERR,0.0,-0.0,0.0,0.0,1935168634880.0,0.0,0.0,-36352909377536.0,0,0,4,17419,7116,0.0,100,0.0,0.0,0.0,0.0,0.0,0,0,0,0,0.0,0,0,0,0,0,0,0,0,0,0,0,0,0,0,0,0,0,0,0,0,0,0,0,0,0,0,0,0,0,0,0,0,0,31,40,40,71,65476,0,300,0,0,8,21553,0.0,-107605600.0,0.0,0.0,0.0,0.0,0.0,0.0,0.0,0.0,0.0,0.0,0.0,0.0,0.0,0.0,0.0,0.0,0.0,0.0,0.0,0.0,0.0,2.004,0.0,0.0,0.0,0.0,0.0,0.0,5203.0,0.0,6918.0,-0.0,0.0,2.004,2.004,0.0,0.0,0.0,0.0,69,-0.0,-0.0,0.0,0.0,0.0,0.0,0.0,0.0,0.0,0,0,0,0.0,0.0,0.0,0.0,0.0,0.0,0.0,0.0,0.0,0.0,0.0,0.0,0.0,0.0,0.0,0.0,0,-107875648.0,69,0.0,138,0.0,2.012,ERR,ERR,ERR,ERR,ERR,ERR,ERR,ERR,ERR,ERR,ERR,ERR,ERR,ERR,ERR,ERR,ERR,ERR,ERR,ERR,ERR,ERR,ERR,ERR,ERR,ERR,ERR,ERR,ERR,ERR,ERR,ERR,ERR,ERR,ERR,ERR,ERR,ERR,ERR,ERR,ERR,ERR,ERR,ERR,ERR,ERR,ERR,ERR,ERR,ERR,ERR,ERR,ERR,ERR,ERR,ERR,ERR,ERR,ERR,ERR,ERR,ERR,ERR,ERR,ERR,ERR,ERR,60.0,60.0,35,0.0,0.0,0.0,0.0,0.0,0.0,0.0,0.0,0.0,0.0,0.0,0.0,0.0,0.0,0.0,0.0,65.2,0,120,58,44,65476,0,300,0,0,8,20529,65476,0,0,2621,60.0,0.0,0.0,0.0,0.0,0.0
2026-07-09T15:21:57,ERR,ERR,ERR,ERR,ERR,ERR,ERR,ERR,ERR,ERR,ERR,ERR,ERR,ERR,ERR,ERR,ERR,ERR,ERR,ERR,ERR,ERR,ERR,ERR,ERR,ERR,ERR,ERR,ERR,ERR,ERR,ERR,ERR,ERR,ERR,ERR,ERR,ERR,ERR,ERR,ERR,ERR,ERR,ERR,ERR,ERR,ERR,ERR,ERR,ERR,ERR,ERR,ERR,ERR,ERR,ERR,ERR,ERR,ERR,ERR,ERR,ERR,ERR,ERR,ERR,ERR,ERR,ERR,ERR,ERR,ERR,ERR,ERR,ERR,ERR,ERR,ERR,ERR,ERR,ERR,ERR,ERR,ERR,ERR,ERR,ERR,ERR,ERR,ERR,ERR,ERR,ERR,ERR,ERR,ERR,ERR,ERR,ERR,ERR,ERR,ERR,ERR,ERR,ERR,ERR,ERR,ERR,ERR,ERR,ERR,ERR,ERR,ERR,ERR,ERR,ERR,ERR,ERR,ERR,ERR,ERR,ERR,ERR,ERR,ERR,0.0,-0.0,0.0,0.0,1935168634880.0,0.0,0.0,-36352909377536.0,0,0,4,17419,7116,0.0,100,0.0,0.0,0.0,0.0,0.0,0,0,0,0,0.0,0,0,0,0,0,0,0,0,0,0,0,0,0,0,0,0,0,0,0,0,0,0,0,0,0,0,0,0,0,0,0,0,0,31,40,40,71,65476,0,300,0,0,8,21553,0.0,-107605600.0,0.0,0.0,0.0,0.0,0.0,0.0,0.0,0.0,0.0,0.0,0.0,0.0,0.0,0.0,0.0,0.0,0.0,0.0,0.0,0.0,0.0,2.004,0.0,0.0,0.0,0.0,0.0,0.0,5203.0,0.0,6918.0,-0.0,0.0,2.004,2.004,0.0,0.0,0.0,0.0,69,-0.0,-0.0,0.0,0.0,0.0,0.0,0.0,0.0,0.0,0,0,0,0.0,0.0,0.0,0.0,0.0,0.0,0.0,0.0,0.0,0.0,0.0,0.0,0.0,0.0,0.0,0.0,0,-107875648.0,69,0.0,138,0.0,2.012,ERR,ERR,ERR,ERR,ERR,ERR,ERR,ERR,ERR,ERR,ERR,ERR,ERR,ERR,ERR,ERR,ERR,ERR,ERR,ERR,ERR,ERR,ERR,ERR,ERR,ERR,ERR,ERR,ERR,ERR,ERR,ERR,ERR,ERR,ERR,ERR,ERR,ERR,ERR,ERR,ERR,ERR,ERR,ERR,ERR,ERR,ERR,ERR,ERR,ERR,ERR,ERR,ERR,ERR,ERR,ERR,ERR,ERR,ERR,ERR,ERR,ERR,ERR,ERR,ERR,ERR,ERR,60.0,60.0,35,0.0,0.0,0.0,0.0,0.0,0.0,0.0,0.0,0.0,0.0,0.0,0.0,0.0,0.0,0.0,0.0,65.2,0,120,58,44,65476,0,300,0,0,8,20529,65476,0,0,2621,60.0,0.0,0.0,0.0,0.0,0.0
2026-07-09T15:21:58,ERR,ERR,ERR,ERR,ERR,ERR,ERR,ERR,ERR,ERR,ERR,ERR,ERR,ERR,ERR,ERR,ERR,ERR,ERR,ERR,ERR,ERR,ERR,ERR,ERR,ERR,ERR,ERR,ERR,ERR,ERR,ERR,ERR,ERR,ERR,ERR,ERR,ERR,ERR,ERR,ERR,ERR,ERR,ERR,ERR,ERR,ERR,ERR,ERR,ERR,ERR,ERR,ERR,ERR,ERR,ERR,ERR,ERR,ERR,ERR,ERR,ERR,ERR,ERR,ERR,ERR,ERR,ERR,ERR,ERR,ERR,ERR,ERR,ERR,ERR,ERR,ERR,ERR,ERR,ERR,ERR,ERR,ERR,ERR,ERR,ERR,ERR,ERR,ERR,ERR,ERR,ERR,ERR,ERR,ERR,ERR,ERR,ERR,ERR,ERR,ERR,ERR,ERR,ERR,ERR,ERR,ERR,ERR,ERR,ERR,ERR,ERR,ERR,ERR,ERR,ERR,ERR,ERR,ERR,ERR,ERR,ERR,ERR,ERR,ERR,0.0,-0.0,0.0,0.0,1935168634880.0,0.0,0.0,-36352909377536.0,0,0,4,17419,7116,0.0,100,0.0,0.0,0.0,0.0,0.0,0,0,0,0,0.0,0,0,0,0,0,0,0,0,0,0,0,0,0,0,0,0,0,0,0,0,0,0,0,0,0,0,0,0,0,0,0,0,0,31,40,40,71,65476,0,300,0,0,8,21553,0.0,-107605600.0,0.0,0.0,0.0,0.0,0.0,0.0,0.0,0.0,0.0,0.0,0.0,0.0,0.0,0.0,0.0,0.0,0.0,0.0,0.0,0.0,0.0,2.004,0.0,0.0,0.0,0.0,0.0,0.0,5203.0,0.0,6918.0,-0.0,0.0,2.004,2.004,0.0,0.0,0.0,0.0,69,-0.0,-0.0,0.0,0.0,0.0,0.0,0.0,0.0,0.0,0,0,0,0.0,0.0,0.0,0.0,0.0,0.0,0.0,0.0,0.0,0.0,0.0,0.0,0.0,0.0,0.0,0.0,0,-107875648.0,69,0.0,138,0.0,2.012,ERR,ERR,ERR,ERR,ERR,ERR,ERR,ERR,ERR,ERR,ERR,ERR,ERR,ERR,ERR,ERR,ERR,ERR,ERR,ERR,ERR,ERR,ERR,ERR,ERR,ERR,ERR,ERR,ERR,ERR,ERR,ERR,ERR,ERR,ERR,ERR,ERR,ERR,ERR,ERR,ERR,ERR,ERR,ERR,ERR,ERR,ERR,ERR,ERR,ERR,ERR,ERR,ERR,ERR,ERR,ERR,ERR,ERR,ERR,ERR,ERR,ERR,ERR,ERR,ERR,ERR,ERR,60.0,60.0,35,0.0,0.0,0.0,0.0,0.0,0.0,0.0,0.0,0.0,0.0,0.0,0.0,0.0,0.0,0.0,0.0,65.2,0,120,58,44,65476,0,300,0,0,8,20529,65476,0,0,2621,60.0,0.0,0.0,0.0,0.0,0.0
2026-07-09T15:21:59,ERR,ERR,ERR,ERR,ERR,ERR,ERR,ERR,ERR,ERR,ERR,ERR,ERR,ERR,ERR,ERR,ERR,ERR,ERR,ERR,ERR,ERR,ERR,ERR,ERR,ERR,ERR,ERR,ERR,ERR,ERR,ERR,ERR,ERR,ERR,ERR,ERR,ERR,ERR,ERR,ERR,ERR,ERR,ERR,ERR,ERR,ERR,ERR,ERR,ERR,ERR,ERR,ERR,ERR,ERR,ERR,ERR,ERR,ERR,ERR,ERR,ERR,ERR,ERR,ERR,ERR,ERR,ERR,ERR,ERR,ERR,ERR,ERR,ERR,ERR,ERR,ERR,ERR,ERR,ERR,ERR,ERR,ERR,ERR,ERR,ERR,ERR,ERR,ERR,ERR,ERR,ERR,ERR,ERR,ERR,ERR,ERR,ERR,ERR,ERR,ERR,ERR,ERR,ERR,ERR,ERR,ERR,ERR,ERR,ERR,ERR,ERR,ERR,ERR,ERR,ERR,ERR,ERR,ERR,ERR,ERR,ERR,ERR,ERR,ERR,0.0,-0.0,0.0,0.0,1935168634880.0,0.0,0.0,-36352909377536.0,0,0,4,17419,7116,0.0,100,0.0,0.0,0.0,0.0,0.0,0,0,0,0,0.0,0,0,0,0,0,0,0,0,0,0,0,0,0,0,0,0,0,0,0,0,0,0,0,0,0,0,0,0,0,0,0,0,0,31,40,40,71,65476,0,300,0,0,8,21553,0.0,-107605600.0,0.0,0.0,0.0,0.0,0.0,0.0,0.0,0.0,0.0,0.0,0.0,0.0,0.0,0.0,0.0,0.0,0.0,0.0,0.0,0.0,0.0,2.004,0.0,0.0,0.0,0.0,0.0,0.0,5203.0,0.0,6918.0,-0.0,0.0,2.004,2.004,0.0,0.0,0.0,0.0,69,-0.0,-0.0,0.0,0.0,0.0,0.0,0.0,0.0,0.0,0,0,0,0.0,0.0,0.0,0.0,0.0,0.0,0.0,0.0,0.0,0.0,0.0,0.0,0.0,0.0,0.0,0.0,0,-107875648.0,69,0.0,138,0.0,2.012,ERR,ERR,ERR,ERR,ERR,ERR,ERR,ERR,ERR,ERR,ERR,ERR,ERR,ERR,ERR,ERR,ERR,ERR,ERR,ERR,ERR,ERR,ERR,ERR,ERR,ERR,ERR,ERR,ERR,ERR,ERR,ERR,ERR,ERR,ERR,ERR,ERR,ERR,ERR,ERR,ERR,ERR,ERR,ERR,ERR,ERR,ERR,ERR,ERR,ERR,ERR,ERR,ERR,ERR,ERR,ERR,ERR,ERR,ERR,ERR,ERR,ERR,ERR,ERR,ERR,ERR,ERR,60.0,60.0,35,0.0,0.0,0.0,0.0,0.0,0.0,0.0,0.0,0.0,0.0,0.0,0.0,0.0,0.0,0.0,0.0,65.2,0,120,58,44,65476,0,300,0,0,8,20529,65476,0,0,2621,60.0,0.0,0.0,0.0,0.0,0.0
2026-07-09T15:22:00,ERR,ERR,ERR,ERR,ERR,ERR,ERR,ERR,ERR,ERR,ERR,ERR,ERR,ERR,ERR,ERR,ERR,ERR,ERR,ERR,ERR,ERR,ERR,ERR,ERR,ERR,ERR,ERR,ERR,ERR,ERR,ERR,ERR,ERR,ERR,ERR,ERR,ERR,ERR,ERR,ERR,ERR,ERR,ERR,ERR,ERR,ERR,ERR,ERR,ERR,ERR,ERR,ERR,ERR,ERR,ERR,ERR,ERR,ERR,ERR,ERR,ERR,ERR,ERR,ERR,ERR,ERR,ERR,ERR,ERR,ERR,ERR,ERR,ERR,ERR,ERR,ERR,ERR,ERR,ERR,ERR,ERR,ERR,ERR,ERR,ERR,ERR,ERR,ERR,ERR,ERR,ERR,ERR,ERR,ERR,ERR,ERR,ERR,ERR,ERR,ERR,ERR,ERR,ERR,ERR,ERR,ERR,ERR,ERR,ERR,ERR,ERR,ERR,ERR,ERR,ERR,ERR,ERR,ERR,ERR,ERR,ERR,ERR,ERR,ERR,-0.0,0.0,-107090720.0,0.0,3.2361004106928305e+32,15586503680.0,4.2171689455950234e+17,-7.008,0,0,4,17419,7116,0.0,100,0.0,0.0,0.0,0.0,0.0,0,0,0,0,0.0,0,0,0,0,0,0,0,0,0,0,0,0,0,0,0,0,0,0,0,0,0,0,0,0,0,0,0,0,0,0,0,0,0,31,40,40,71,65476,0,300,0,0,8,21553,0.0,-107605600.0,0.0,0.0,0.0,0.0,0.0,0.0,0.0,0.0,0.0,0.0,0.0,0.0,0.0,0.0,0.0,0.0,0.0,0.0,0.0,0.0,0.0,0.0,0.0,0.0,0.0,0.0,0.0,0.0,5205.0,1.0406661236209956e+34,6927.0,-0.0,-107616088.0,2.004,2.004,0.0,0.0,0.0,0.0,69,-107614792.0,0.0,0.0,0.0,0.0,0.0,0.0,0.0,0.0,0,0,0,0.0,0.0,0.0,0.0,0.0,0.0,0.0,0.0,0.0,0.0,0.0,0.0,0.0,0.0,0.0,0.0,0,-107875648.0,69,0.0,138,0.0,2.012,ERR,ERR,ERR,ERR,ERR,ERR,ERR,ERR,ERR,ERR,ERR,ERR,ERR,ERR,ERR,ERR,ERR,ERR,ERR,ERR,ERR,ERR,ERR,ERR,ERR,ERR,ERR,ERR,ERR,ERR,ERR,ERR,ERR,ERR,ERR,ERR,ERR,ERR,ERR,ERR,ERR,ERR,ERR,ERR,ERR,ERR,ERR,ERR,ERR,ERR,ERR,ERR,ERR,ERR,ERR,ERR,ERR,ERR,ERR,ERR,ERR,ERR,ERR,ERR,ERR,ERR,ERR,60.0,60.0,35,0.0,0.0,0.0,0.0,0.0,0.0,0.0,0.0,0.0,0.0,0.0,0.0,0.0,0.0,0.0,0.0,65.2,0,120,58,44,65476,0,300,0,0,8,20529,65476,0,0,2621,60.0,0.0,0.0,0.0,0.0,0.0
2026-07-09T15:22:01,ERR,ERR,ERR,ERR,ERR,ERR,ERR,ERR,ERR,ERR,ERR,ERR,ERR,ERR,ERR,ERR,ERR,ERR,ERR,ERR,ERR,ERR,ERR,ERR,ERR,ERR,ERR,ERR,ERR,ERR,ERR,ERR,ERR,ERR,ERR,ERR,ERR,ERR,ERR,ERR,ERR,ERR,ERR,ERR,ERR,ERR,ERR,ERR,ERR,ERR,ERR,ERR,ERR,ERR,ERR,ERR,ERR,ERR,ERR,ERR,ERR,ERR,ERR,ERR,ERR,ERR,ERR,ERR,ERR,ERR,ERR,ERR,ERR,ERR,ERR,ERR,ERR,ERR,ERR,ERR,ERR,ERR,ERR,ERR,ERR,ERR,ERR,ERR,ERR,ERR,ERR,ERR,ERR,ERR,ERR,ERR,ERR,ERR,ERR,ERR,ERR,ERR,ERR,ERR,ERR,ERR,ERR,ERR,ERR,ERR,ERR,ERR,ERR,ERR,ERR,ERR,ERR,ERR,ERR,ERR,ERR,ERR,ERR,ERR,ERR,-0.0,0.0,-107090720.0,0.0,3.2361004106928305e+32,15586503680.0,4.2171689455950234e+17,-7.008,0,0,4,17419,7116,0.0,100,0.0,0.0,0.0,0.0,0.0,0,0,0,0,0.0,0,0,0,0,0,0,0,0,0,0,0,0,0,0,0,0,0,0,0,0,0,0,0,0,0,0,0,0,0,0,0,0,0,31,40,40,71,65476,0,300,0,0,8,21553,0.0,-107605600.0,0.0,0.0,0.0,0.0,0.0,0.0,0.0,0.0,0.0,0.0,0.0,0.0,0.0,0.0,0.0,0.0,0.0,0.0,0.0,0.0,0.0,0.0,0.0,0.0,0.0,0.0,0.0,0.0,5205.0,1.0406661236209956e+34,6927.0,-0.0,-107616088.0,2.004,2.004,0.0,0.0,0.0,0.0,69,-107614792.0,0.0,0.0,0.0,0.0,0.0,0.0,0.0,0.0,0,0,0,0.0,0.0,0.0,0.0,0.0,0.0,0.0,0.0,0.0,0.0,0.0,0.0,0.0,0.0,0.0,0.0,0,-107875648.0,69,0.0,138,0.0,2.012,ERR,ERR,ERR,ERR,ERR,ERR,ERR,ERR,ERR,ERR,ERR,ERR,ERR,ERR,ERR,ERR,ERR,ERR,ERR,ERR,ERR,ERR,ERR,ERR,ERR,ERR,ERR,ERR,ERR,ERR,ERR,ERR,ERR,ERR,ERR,ERR,ERR,ERR,ERR,ERR,ERR,ERR,ERR,ERR,ERR,ERR,ERR,ERR,ERR,ERR,ERR,ERR,ERR,ERR,ERR,ERR,ERR,ERR,ERR,ERR,ERR,ERR,ERR,ERR,ERR,ERR,ERR,60.0,60.0,35,0.0,0.0,0.0,0.0,0.0,0.0,0.0,0.0,0.0,0.0,0.0,0.0,0.0,0.0,0.0,0.0,65.2,0,120,58,44,65476,0,300,0,0,8,20529,65476,0,0,2621,60.0,0.0,0.0,0.0,0.0,0.0
2026-07-09T15:22:02,ERR,ERR,ERR,ERR,ERR,ERR,ERR,ERR,ERR,ERR,ERR,ERR,ERR,ERR,ERR,ERR,ERR,ERR,ERR,ERR,ERR,ERR,ERR,ERR,ERR,ERR,ERR,ERR,ERR,ERR,ERR,ERR,ERR,ERR,ERR,ERR,ERR,ERR,ERR,ERR,ERR,ERR,ERR,ERR,ERR,ERR,ERR,ERR,ERR,ERR,ERR,ERR,ERR,ERR,ERR,ERR,ERR,ERR,ERR,ERR,ERR,ERR,ERR,ERR,ERR,ERR,ERR,ERR,ERR,ERR,ERR,ERR,ERR,ERR,ERR,ERR,ERR,ERR,ERR,ERR,ERR,ERR,ERR,ERR,ERR,ERR,ERR,ERR,ERR,ERR,ERR,ERR,ERR,ERR,ERR,ERR,ERR,ERR,ERR,ERR,ERR,ERR,ERR,ERR,ERR,ERR,ERR,ERR,ERR,ERR,ERR,ERR,ERR,ERR,ERR,ERR,ERR,ERR,ERR,ERR,ERR,ERR,ERR,ERR,ERR,-0.0,0.0,-107090720.0,0.0,3.2361004106928305e+32,15586503680.0,4.2171689455950234e+17,-7.008,0,0,4,17419,7116,0.0,100,0.0,0.0,0.0,0.0,0.0,0,0,0,0,0.0,0,0,0,0,0,0,0,0,0,0,0,0,0,0,0,0,0,0,0,0,0,0,0,0,0,0,0,0,0,0,0,0,0,31,40,40,71,65476,0,300,0,0,8,21553,0.0,-107605600.0,0.0,0.0,0.0,0.0,0.0,0.0,0.0,0.0,0.0,0.0,0.0,0.0,0.0,0.0,0.0,0.0,0.0,0.0,0.0,0.0,0.0,0.0,0.0,0.0,0.0,0.0,0.0,0.0,5205.0,1.0406661236209956e+34,6927.0,-0.0,-107616088.0,2.004,2.004,0.0,0.0,0.0,0.0,69,-107614792.0,0.0,0.0,0.0,0.0,0.0,0.0,0.0,0.0,0,0,0,0.0,0.0,0.0,0.0,0.0,0.0,0.0,0.0,0.0,0.0,0.0,0.0,0.0,0.0,0.0,0.0,0,-107875648.0,69,0.0,138,0.0,2.012,ERR,ERR,ERR,ERR,ERR,ERR,ERR,ERR,ERR,ERR,ERR,ERR,ERR,ERR,ERR,ERR,ERR,ERR,ERR,ERR,ERR,ERR,ERR,ERR,ERR,ERR,ERR,ERR,ERR,ERR,ERR,ERR,ERR,ERR,ERR,ERR,ERR,ERR,ERR,ERR,ERR,ERR,ERR,ERR,ERR,ERR,ERR,ERR,ERR,ERR,ERR,ERR,ERR,ERR,ERR,ERR,ERR,ERR,ERR,ERR,ERR,ERR,ERR,ERR,ERR,ERR,ERR,60.0,60.0,35,0.0,0.0,0.0,0.0,0.0,0.0,0.0,0.0,0.0,0.0,0.0,0.0,0.0,0.0,0.0,0.0,65.6,0,120,58,44,65476,0,300,0,0,8,20529,65476,0,0,2621,60.0,0.0,0.0,0.0,0.0,0.0
2026-07-09T15:22:03,ERR,ERR,ERR,ERR,ERR,ERR,ERR,ERR,ERR,ERR,ERR,ERR,ERR,ERR,ERR,ERR,ERR,ERR,ERR,ERR,ERR,ERR,ERR,ERR,ERR,ERR,ERR,ERR,ERR,ERR,ERR,ERR,ERR,ERR,ERR,ERR,ERR,ERR,ERR,ERR,ERR,ERR,ERR,ERR,ERR,ERR,ERR,ERR,ERR,ERR,ERR,ERR,ERR,ERR,ERR,ERR,ERR,ERR,ERR,ERR,ERR,ERR,ERR,ERR,ERR,ERR,ERR,ERR,ERR,ERR,ERR,ERR,ERR,ERR,ERR,ERR,ERR,ERR,ERR,ERR,ERR,ERR,ERR,ERR,ERR,ERR,ERR,ERR,ERR,ERR,ERR,ERR,ERR,ERR,ERR,ERR,ERR,ERR,ERR,ERR,ERR,ERR,ERR,ERR,ERR,ERR,ERR,ERR,ERR,ERR,ERR,ERR,ERR,ERR,ERR,ERR,ERR,ERR,ERR,ERR,ERR,ERR,ERR,ERR,ERR,-0.0,0.0,-107090720.0,0.0,3.2361004106928305e+32,15586503680.0,4.2171689455950234e+17,-7.008,0,0,4,17419,7116,0.0,100,0.0,0.0,0.0,0.0,0.0,0,0,0,0,0.0,0,0,0,0,0,0,0,0,0,0,0,0,0,0,0,0,0,0,0,0,0,0,0,0,0,0,0,0,0,0,0,0,0,31,40,40,71,65476,0,300,0,0,8,21553,0.0,-107605600.0,0.0,0.0,0.0,0.0,0.0,0.0,0.0,0.0,0.0,0.0,0.0,0.0,0.0,0.0,0.0,0.0,0.0,0.0,0.0,0.0,0.0,0.0,0.0,0.0,0.0,0.0,0.0,0.0,5205.0,1.0406661236209956e+34,6927.0,-0.0,-107616088.0,2.004,2.004,0.0,0.0,0.0,0.0,69,-107614792.0,0.0,0.0,0.0,0.0,0.0,0.0,0.0,0.0,0,0,0,0.0,0.0,0.0,0.0,0.0,0.0,0.0,0.0,0.0,0.0,0.0,0.0,0.0,0.0,0.0,0.0,0,-107875648.0,69,0.0,138,0.0,2.012,ERR,ERR,ERR,ERR,ERR,ERR,ERR,ERR,ERR,ERR,ERR,ERR,ERR,ERR,ERR,ERR,ERR,ERR,ERR,ERR,ERR,ERR,ERR,ERR,ERR,ERR,ERR,ERR,ERR,ERR,ERR,ERR,ERR,ERR,ERR,ERR,ERR,ERR,ERR,ERR,ERR,ERR,ERR,ERR,ERR,ERR,ERR,ERR,ERR,ERR,ERR,ERR,ERR,ERR,ERR,ERR,ERR,ERR,ERR,ERR,ERR,ERR,ERR,ERR,ERR,ERR,ERR,60.0,60.0,35,0.0,0.0,0.0,0.0,0.0,0.0,0.0,0.0,0.0,0.0,0.0,0.0,0.0,0.0,0.0,0.0,65.6,0,120,58,44,65476,0,300,0,0,8,20529,65476,0,0,2621,60.0,0.0,0.0,0.0,0.0,0.0
2026-07-09T15:22:04,ERR,ERR,ERR,ERR,ERR,ERR,ERR,ERR,ERR,ERR,ERR,ERR,ERR,ERR,ERR,ERR,ERR,ERR,ERR,ERR,ERR,ERR,ERR,ERR,ERR,ERR,ERR,ERR,ERR,ERR,ERR,ERR,ERR,ERR,ERR,ERR,ERR,ERR,ERR,ERR,ERR,ERR,ERR,ERR,ERR,ERR,ERR,ERR,ERR,ERR,ERR,ERR,ERR,ERR,ERR,ERR,ERR,ERR,ERR,ERR,ERR,ERR,ERR,ERR,ERR,ERR,ERR,ERR,ERR,ERR,ERR,ERR,ERR,ERR,ERR,ERR,ERR,ERR,ERR,ERR,ERR,ERR,ERR,ERR,ERR,ERR,ERR,ERR,ERR,ERR,ERR,ERR,ERR,ERR,ERR,ERR,ERR,ERR,ERR,ERR,ERR,ERR,ERR,ERR,ERR,ERR,ERR,ERR,ERR,ERR,ERR,ERR,ERR,ERR,ERR,ERR,ERR,ERR,ERR,ERR,ERR,ERR,ERR,ERR,ERR,-0.0,0.0,-107090720.0,0.0,3.2361004106928305e+32,15586503680.0,4.2171689455950234e+17,-7.008,0,0,4,17419,7116,0.0,100,0.0,0.0,0.0,0.0,0.0,0,0,0,0,0.0,0,0,0,0,0,0,0,0,0,0,0,0,0,0,0,0,0,0,0,0,0,0,0,0,0,0,0,0,0,0,0,0,0,31,40,40,71,65476,0,300,0,0,8,21553,0.0,-107605600.0,0.0,0.0,0.0,0.0,0.0,0.0,0.0,0.0,0.0,0.0,0.0,0.0,0.0,0.0,0.0,0.0,0.0,0.0,0.0,0.0,0.0,0.0,0.0,0.0,0.0,0.0,0.0,0.0,5205.0,1.0406661236209956e+34,6927.0,-0.0,-107616088.0,2.004,2.004,0.0,0.0,0.0,0.0,69,-107614792.0,0.0,0.0,0.0,0.0,0.0,0.0,0.0,0.0,0,0,0,0.0,0.0,0.0,0.0,0.0,0.0,0.0,0.0,0.0,0.0,0.0,0.0,0.0,0.0,0.0,0.0,0,-107875648.0,69,0.0,138,0.0,2.012,ERR,ERR,ERR,ERR,ERR,ERR,ERR,ERR,ERR,ERR,ERR,ERR,ERR,ERR,ERR,ERR,ERR,ERR,ERR,ERR,ERR,ERR,ERR,ERR,ERR,ERR,ERR,ERR,ERR,ERR,ERR,ERR,ERR,ERR,ERR,ERR,ERR,ERR,ERR,ERR,ERR,ERR,ERR,ERR,ERR,ERR,ERR,ERR,ERR,ERR,ERR,ERR,ERR,ERR,ERR,ERR,ERR,ERR,ERR,ERR,ERR,ERR,ERR,ERR,ERR,ERR,ERR,60.0,60.0,35,0.0,0.0,0.0,0.0,0.0,0.0,0.0,0.0,0.0,0.0,0.0,0.0,0.0,0.0,0.0,0.0,65.2,0,120,58,44,65476,0,300,0,0,8,20529,65476,0,0,2621,60.0,0.0,0.0,0.0,0.0,0.0
2026-07-09T15:22:05,ERR,ERR,ERR,ERR,ERR,ERR,ERR,ERR,ERR,ERR,ERR,ERR,ERR,ERR,ERR,ERR,ERR,ERR,ERR,ERR,ERR,ERR,ERR,ERR,ERR,ERR,ERR,ERR,ERR,ERR,ERR,ERR,ERR,ERR,ERR,ERR,ERR,ERR,ERR,ERR,ERR,ERR,ERR,ERR,ERR,ERR,ERR,ERR,ERR,ERR,ERR,ERR,ERR,ERR,ERR,ERR,ERR,ERR,ERR,ERR,ERR,ERR,ERR,ERR,ERR,ERR,ERR,ERR,ERR,ERR,ERR,ERR,ERR,ERR,ERR,ERR,ERR,ERR,ERR,ERR,ERR,ERR,ERR,ERR,ERR,ERR,ERR,ERR,ERR,ERR,ERR,ERR,ERR,ERR,ERR,ERR,ERR,ERR,ERR,ERR,ERR,ERR,ERR,ERR,ERR,ERR,ERR,ERR,ERR,ERR,ERR,ERR,ERR,ERR,ERR,ERR,ERR,ERR,ERR,ERR,ERR,ERR,ERR,ERR,ERR,-0.0,-0.0,-0.0,0.0,0.0,0.0,84.14,9.188839983024471e+20,0,0,4,17423,7116,0.0,100,0.0,0.0,0.0,0.0,0.0,0,0,0,0,0.0,0,0,0,0,0,0,0,0,0,0,0,0,0,0,0,0,0,0,0,0,0,0,0,0,0,0,0,0,0,0,0,0,0,31,40,40,71,65476,0,300,0,0,8,21553,0.0,-107605600.0,0.0,0.0,0.0,0.0,0.0,0.0,0.0,0.0,0.0,0.0,0.0,0.0,0.0,0.0,0.0,0.0,0.0,0.0,0.0,0.0,0.0,2.004,0.0,0.0,0.0,0.0,0.0,0.0,5205.0,-0.0,6932.0,-0.0,0.0,2.004,2.004,0.0,0.0,0.0,0.0,69,-107614792.0,0.059,0.0,0.0,0.0,0.0,0.0,0.0,0.0,0,0,0,0.0,0.0,0.0,0.0,0.0,0.0,0.0,0.0,0.0,0.0,0.0,0.0,0.0,0.0,0.0,0.0,0,-107875648.0,69,0.0,138,0.0,2.012,ERR,ERR,ERR,ERR,ERR,ERR,ERR,ERR,ERR,ERR,ERR,ERR,ERR,ERR,ERR,ERR,ERR,ERR,ERR,ERR,ERR,ERR,ERR,ERR,ERR,ERR,ERR,ERR,ERR,ERR,ERR,ERR,ERR,ERR,ERR,ERR,ERR,ERR,ERR,ERR,ERR,ERR,ERR,ERR,ERR,ERR,ERR,ERR,ERR,ERR,ERR,ERR,ERR,ERR,ERR,ERR,ERR,ERR,ERR,ERR,ERR,ERR,ERR,ERR,ERR,ERR,ERR,60.0,60.0,35,0.0,0.0,0.0,0.0,0.0,0.0,0.0,0.0,0.0,0.0,0.0,0.0,0.0,0.0,0.0,0.0,65.2,0,120,58,44,65476,0,300,0,0,8,20529,65476,0,0,2621,60.0,0.0,0.0,0.0,0.0,0.0
2026-07-09T15:22:06,ERR,ERR,ERR,ERR,ERR,ERR,ERR,ERR,ERR,ERR,ERR,ERR,ERR,ERR,ERR,ERR,ERR,ERR,ERR,ERR,ERR,ERR,ERR,ERR,ERR,ERR,ERR,ERR,ERR,ERR,ERR,ERR,ERR,ERR,ERR,ERR,ERR,ERR,ERR,ERR,ERR,ERR,ERR,ERR,ERR,ERR,ERR,ERR,ERR,ERR,ERR,ERR,ERR,ERR,ERR,ERR,ERR,ERR,ERR,ERR,ERR,ERR,ERR,ERR,ERR,ERR,ERR,ERR,ERR,ERR,ERR,ERR,ERR,ERR,ERR,ERR,ERR,ERR,ERR,ERR,ERR,ERR,ERR,ERR,ERR,ERR,ERR,ERR,ERR,ERR,ERR,ERR,ERR,ERR,ERR,ERR,ERR,ERR,ERR,ERR,ERR,ERR,ERR,ERR,ERR,ERR,ERR,ERR,ERR,ERR,ERR,ERR,ERR,ERR,ERR,ERR,ERR,ERR,ERR,ERR,ERR,ERR,ERR,ERR,ERR,-0.0,-0.0,-0.0,0.0,0.0,0.0,84.14,9.188839983024471e+20,0,0,4,17423,7116,0.0,100,0.0,0.0,0.0,0.0,0.0,0,0,0,0,0.0,0,0,0,0,0,0,0,0,0,0,0,0,0,0,0,0,0,0,0,0,0,0,0,0,0,0,0,0,0,0,0,0,0,31,40,40,71,65476,0,300,0,0,8,21553,0.0,-107605600.0,0.0,0.0,0.0,0.0,0.0,0.0,0.0,0.0,0.0,0.0,0.0,0.0,0.0,0.0,0.0,0.0,0.0,0.0,0.0,0.0,0.0,2.004,0.0,0.0,0.0,0.0,0.0,0.0,5205.0,-0.0,6932.0,-0.0,0.0,2.004,2.004,0.0,0.0,0.0,0.0,69,-107614792.0,0.059,0.0,0.0,0.0,0.0,0.0,0.0,0.0,0,0,0,0.0,0.0,0.0,0.0,0.0,0.0,0.0,0.0,0.0,0.0,0.0,0.0,0.0,0.0,0.0,0.0,0,-107875648.0,69,0.0,138,0.0,2.012,ERR,ERR,ERR,ERR,ERR,ERR,ERR,ERR,ERR,ERR,ERR,ERR,ERR,ERR,ERR,ERR,ERR,ERR,ERR,ERR,ERR,ERR,ERR,ERR,ERR,ERR,ERR,ERR,ERR,ERR,ERR,ERR,ERR,ERR,ERR,ERR,ERR,ERR,ERR,ERR,ERR,ERR,ERR,ERR,ERR,ERR,ERR,ERR,ERR,ERR,ERR,ERR,ERR,ERR,ERR,ERR,ERR,ERR,ERR,ERR,ERR,ERR,ERR,ERR,ERR,ERR,ERR,60.0,60.0,35,0.0,0.0,0.0,0.0,0.0,0.0,0.0,0.0,0.0,0.0,0.0,0.0,0.0,0.0,0.0,0.0,65.2,0,120,58,44,65476,0,300,0,0,8,20529,65476,0,0,2621,60.0,0.0,0.0,0.0,0.0,0.0
2026-07-09T15:22:07,ERR,ERR,ERR,ERR,ERR,ERR,ERR,ERR,ERR,ERR,ERR,ERR,ERR,ERR,ERR,ERR,ERR,ERR,ERR,ERR,ERR,ERR,ERR,ERR,ERR,ERR,ERR,ERR,ERR,ERR,ERR,ERR,ERR,ERR,ERR,ERR,ERR,ERR,ERR,ERR,ERR,ERR,ERR,ERR,ERR,ERR,ERR,ERR,ERR,ERR,ERR,ERR,ERR,ERR,ERR,ERR,ERR,ERR,ERR,ERR,ERR,ERR,ERR,ERR,ERR,ERR,ERR,ERR,ERR,ERR,ERR,ERR,ERR,ERR,ERR,ERR,ERR,ERR,ERR,ERR,ERR,ERR,ERR,ERR,ERR,ERR,ERR,ERR,ERR,ERR,ERR,ERR,ERR,ERR,ERR,ERR,ERR,ERR,ERR,ERR,ERR,ERR,ERR,ERR,ERR,ERR,ERR,ERR,ERR,ERR,ERR,ERR,ERR,ERR,ERR,ERR,ERR,ERR,ERR,ERR,ERR,ERR,ERR,ERR,ERR,-0.0,-0.0,-0.0,0.0,0.0,0.0,84.14,9.188839983024471e+20,0,0,4,17423,7116,0.0,100,0.0,0.0,0.0,0.0,0.0,0,0,0,0,0.0,0,0,0,0,0,0,0,0,0,0,0,0,0,0,0,0,0,0,0,0,0,0,0,0,0,0,0,0,0,0,0,0,0,31,40,40,71,65476,0,300,0,0,8,21553,0.0,-107605600.0,0.0,0.0,0.0,0.0,0.0,0.0,0.0,0.0,0.0,0.0,0.0,0.0,0.0,0.0,0.0,0.0,0.0,0.0,0.0,0.0,0.0,2.004,0.0,0.0,0.0,0.0,0.0,0.0,5205.0,-0.0,6932.0,-0.0,0.0,2.004,2.004,0.0,0.0,0.0,0.0,69,-107614792.0,0.059,0.0,0.0,0.0,0.0,0.0,0.0,0.0,0,0,0,0.0,0.0,0.0,0.0,0.0,0.0,0.0,0.0,0.0,0.0,0.0,0.0,0.0,0.0,0.0,0.0,0,-107875648.0,69,0.0,138,0.0,2.012,ERR,ERR,ERR,ERR,ERR,ERR,ERR,ERR,ERR,ERR,ERR,ERR,ERR,ERR,ERR,ERR,ERR,ERR,ERR,ERR,ERR,ERR,ERR,ERR,ERR,ERR,ERR,ERR,ERR,ERR,ERR,ERR,ERR,ERR,ERR,ERR,ERR,ERR,ERR,ERR,ERR,ERR,ERR,ERR,ERR,ERR,ERR,ERR,ERR,ERR,ERR,ERR,ERR,ERR,ERR,ERR,ERR,ERR,ERR,ERR,ERR,ERR,ERR,ERR,ERR,ERR,ERR,60.0,60.0,35,0.0,0.0,0.0,0.0,0.0,0.0,0.0,0.0,0.0,0.0,0.0,0.0,0.0,0.0,0.0,0.0,65.2,0,120,58,44,65476,0,300,0,0,8,20529,65476,0,0,2621,60.0,0.0,0.0,0.0,0.0,0.0
2026-07-09T15:22:08,ERR,ERR,ERR,ERR,ERR,ERR,ERR,ERR,ERR,ERR,ERR,ERR,ERR,ERR,ERR,ERR,ERR,ERR,ERR,ERR,ERR,ERR,ERR,ERR,ERR,ERR,ERR,ERR,ERR,ERR,ERR,ERR,ERR,ERR,ERR,ERR,ERR,ERR,ERR,ERR,ERR,ERR,ERR,ERR,ERR,ERR,ERR,ERR,ERR,ERR,ERR,ERR,ERR,ERR,ERR,ERR,ERR,ERR,ERR,ERR,ERR,ERR,ERR,ERR,ERR,ERR,ERR,ERR,ERR,ERR,ERR,ERR,ERR,ERR,ERR,ERR,ERR,ERR,ERR,ERR,ERR,ERR,ERR,ERR,ERR,ERR,ERR,ERR,ERR,ERR,ERR,ERR,ERR,ERR,ERR,ERR,ERR,ERR,ERR,ERR,ERR,ERR,ERR,ERR,ERR,ERR,ERR,ERR,ERR,ERR,ERR,ERR,ERR,ERR,ERR,ERR,ERR,ERR,ERR,ERR,ERR,ERR,ERR,ERR,ERR,-0.0,-0.0,-0.0,0.0,0.0,0.0,84.14,9.188839983024471e+20,0,0,4,17423,7116,0.0,100,0.0,0.0,0.0,0.0,0.0,0,0,0,0,0.0,0,0,0,0,0,0,0,0,0,0,0,0,0,0,0,0,0,0,0,0,0,0,0,0,0,0,0,0,0,0,0,0,0,31,40,40,71,65476,0,300,0,0,8,21553,0.0,-107605600.0,0.0,0.0,0.0,0.0,0.0,0.0,0.0,0.0,0.0,0.0,0.0,0.0,0.0,0.0,0.0,0.0,0.0,0.0,0.0,0.0,0.0,2.004,0.0,0.0,0.0,0.0,0.0,0.0,5205.0,-0.0,6932.0,-0.0,0.0,2.004,2.004,0.0,0.0,0.0,0.0,69,-107614792.0,0.059,0.0,0.0,0.0,0.0,0.0,0.0,0.0,0,0,0,0.0,0.0,0.0,0.0,0.0,0.0,0.0,0.0,0.0,0.0,0.0,0.0,0.0,0.0,0.0,0.0,0,-107875648.0,69,0.0,138,0.0,2.012,ERR,ERR,ERR,ERR,ERR,ERR,ERR,ERR,ERR,ERR,ERR,ERR,ERR,ERR,ERR,ERR,ERR,ERR,ERR,ERR,ERR,ERR,ERR,ERR,ERR,ERR,ERR,ERR,ERR,ERR,ERR,ERR,ERR,ERR,ERR,ERR,ERR,ERR,ERR,ERR,ERR,ERR,ERR,ERR,ERR,ERR,ERR,ERR,ERR,ERR,ERR,ERR,ERR,ERR,ERR,ERR,ERR,ERR,ERR,ERR,ERR,ERR,ERR,ERR,ERR,ERR,ERR,60.0,60.0,35,0.0,0.0,0.0,0.0,0.0,0.0,0.0,0.0,0.0,0.0,0.0,0.0,0.0,0.0,0.0,0.0,65.2,0,120,58,44,65476,0,300,0,0,8,20529,65476,0,0,2621,60.0,0.0,0.0,0.0,0.0,0.0
2026-07-09T15:22:09,ERR,ERR,ERR,ERR,ERR,ERR,ERR,ERR,ERR,ERR,ERR,ERR,ERR,ERR,ERR,ERR,ERR,ERR,ERR,ERR,ERR,ERR,ERR,ERR,ERR,ERR,ERR,ERR,ERR,ERR,ERR,ERR,ERR,ERR,ERR,ERR,ERR,ERR,ERR,ERR,ERR,ERR,ERR,ERR,ERR,ERR,ERR,ERR,ERR,ERR,ERR,ERR,ERR,ERR,ERR,ERR,ERR,ERR,ERR,ERR,ERR,ERR,ERR,ERR,ERR,ERR,ERR,ERR,ERR,ERR,ERR,ERR,ERR,ERR,ERR,ERR,ERR,ERR,ERR,ERR,ERR,ERR,ERR,ERR,ERR,ERR,ERR,ERR,ERR,ERR,ERR,ERR,ERR,ERR,ERR,ERR,ERR,ERR,ERR,ERR,ERR,ERR,ERR,ERR,ERR,ERR,ERR,ERR,ERR,ERR,ERR,ERR,ERR,ERR,ERR,ERR,ERR,ERR,ERR,ERR,ERR,ERR,ERR,ERR,ERR,-0.0,-0.0,-0.0,0.0,0.0,0.0,84.14,9.188839983024471e+20,0,0,4,17423,7116,0.0,100,0.0,0.0,0.0,0.0,0.0,0,0,0,0,0.0,0,0,0,0,0,0,0,0,0,0,0,0,0,0,0,0,0,0,0,0,0,0,0,0,0,0,0,0,0,0,0,0,0,31,40,40,71,65476,0,300,0,0,8,21553,0.0,-107605600.0,0.0,0.0,0.0,0.0,0.0,0.0,0.0,0.0,0.0,0.0,0.0,0.0,0.0,0.0,0.0,0.0,0.0,0.0,0.0,0.0,0.0,2.004,0.0,0.0,0.0,0.0,0.0,0.0,5205.0,-0.0,6932.0,-0.0,0.0,2.004,2.004,0.0,0.0,0.0,0.0,69,-107614792.0,0.059,0.0,0.0,0.0,0.0,0.0,0.0,0.0,0,0,0,0.0,0.0,0.0,0.0,0.0,0.0,0.0,0.0,0.0,0.0,0.0,0.0,0.0,0.0,0.0,0.0,0,-107875648.0,69,0.0,138,0.0,2.012,ERR,ERR,ERR,ERR,ERR,ERR,ERR,ERR,ERR,ERR,ERR,ERR,ERR,ERR,ERR,ERR,ERR,ERR,ERR,ERR,ERR,ERR,ERR,ERR,ERR,ERR,ERR,ERR,ERR,ERR,ERR,ERR,ERR,ERR,ERR,ERR,ERR,ERR,ERR,ERR,ERR,ERR,ERR,ERR,ERR,ERR,ERR,ERR,ERR,ERR,ERR,ERR,ERR,ERR,ERR,ERR,ERR,ERR,ERR,ERR,ERR,ERR,ERR,ERR,ERR,ERR,ERR,60.0,60.0,35,0.0,0.0,0.0,0.0,0.0,0.0,0.0,0.0,0.0,0.0,0.0,0.0,0.0,0.0,0.0,0.0,65.2,0,120,58,44,65476,0,300,0,0,8,20529,65476,0,0,2621,60.0,0.0,0.0,0.0,0.0,0.0
2026-07-09T15:22:10,ERR,ERR,ERR,ERR,ERR,ERR,ERR,ERR,ERR,ERR,ERR,ERR,ERR,ERR,ERR,ERR,ERR,ERR,ERR,ERR,ERR,ERR,ERR,ERR,ERR,ERR,ERR,ERR,ERR,ERR,ERR,ERR,ERR,ERR,ERR,ERR,ERR,ERR,ERR,ERR,ERR,ERR,ERR,ERR,ERR,ERR,ERR,ERR,ERR,ERR,ERR,ERR,ERR,ERR,ERR,ERR,ERR,ERR,ERR,ERR,ERR,ERR,ERR,ERR,ERR,ERR,ERR,ERR,ERR,ERR,ERR,ERR,ERR,ERR,ERR,ERR,ERR,ERR,ERR,ERR,ERR,ERR,ERR,ERR,ERR,ERR,ERR,ERR,ERR,ERR,ERR,ERR,ERR,ERR,ERR,ERR,ERR,ERR,ERR,ERR,ERR,ERR,ERR,ERR,ERR,ERR,ERR,ERR,ERR,ERR,ERR,ERR,ERR,ERR,ERR,ERR,ERR,ERR,ERR,ERR,ERR,ERR,ERR,ERR,ERR,-0.0,0.0,-107090768.0,0.0,0.0,-101069701120.0,-1.444170211283112e+31,-0.0,0,0,4,17423,7116,0.0,100,0.0,0.0,0.0,0.0,0.0,0,0,0,0,0.0,0,0,0,0,0,0,0,0,0,0,0,0,0,0,0,0,0,0,0,0,0,0,0,0,0,0,0,0,0,0,0,0,0,31,40,40,71,65476,0,300,0,0,8,21553,0.0,-107605600.0,0.0,0.0,0.0,0.0,0.0,0.0,0.0,0.0,0.0,0.0,0.0,0.0,0.0,0.0,0.0,0.0,0.0,0.0,0.0,0.0,0.0,0.0,0.0,0.0,0.0,0.0,0.0,0.0,5207.0,-8608188416.0,6938.0,-0.0,-0.0,2.004,2.004,0.0,0.0,0.0,0.0,69,-2.308828227263571e+20,1.9056872971567104e+17,0.0,0.0,0.0,0.0,0.0,0.0,0.0,0,0,0,0.0,0.0,0.0,0.0,0.0,0.0,0.0,0.0,0.0,0.0,0.0,0.0,0.0,0.0,0.0,0.0,0,-107875648.0,69,0.0,138,0.0,2.012,ERR,ERR,ERR,ERR,ERR,ERR,ERR,ERR,ERR,ERR,ERR,ERR,ERR,ERR,ERR,ERR,ERR,ERR,ERR,ERR,ERR,ERR,ERR,ERR,ERR,ERR,ERR,ERR,ERR,ERR,ERR,ERR,ERR,ERR,ERR,ERR,ERR,ERR,ERR,ERR,ERR,ERR,ERR,ERR,ERR,ERR,ERR,ERR,ERR,ERR,ERR,ERR,ERR,ERR,ERR,ERR,ERR,ERR,ERR,ERR,ERR,ERR,ERR,ERR,ERR,ERR,ERR,60.0,60.0,35,0.0,0.0,0.0,0.0,0.0,0.0,0.0,0.0,0.0,0.0,0.0,0.0,0.0,0.0,0.0,0.0,65.2,0,120,58,44,65476,0,300,0,0,8,20529,65476,0,0,2621,60.0,0.0,0.0,0.0,0.0,0.0
2026-07-09T15:22:11,ERR,ERR,ERR,ERR,ERR,ERR,ERR,ERR,ERR,ERR,ERR,ERR,ERR,ERR,ERR,ERR,ERR,ERR,ERR,ERR,ERR,ERR,ERR,ERR,ERR,ERR,ERR,ERR,ERR,ERR,ERR,ERR,ERR,ERR,ERR,ERR,ERR,ERR,ERR,ERR,ERR,ERR,ERR,ERR,ERR,ERR,ERR,ERR,ERR,ERR,ERR,ERR,ERR,ERR,ERR,ERR,ERR,ERR,ERR,ERR,ERR,ERR,ERR,ERR,ERR,ERR,ERR,ERR,ERR,ERR,ERR,ERR,ERR,ERR,ERR,ERR,ERR,ERR,ERR,ERR,ERR,ERR,ERR,ERR,ERR,ERR,ERR,ERR,ERR,ERR,ERR,ERR,ERR,ERR,ERR,ERR,ERR,ERR,ERR,ERR,ERR,ERR,ERR,ERR,ERR,ERR,ERR,ERR,ERR,ERR,ERR,ERR,ERR,ERR,ERR,ERR,ERR,ERR,ERR,ERR,ERR,ERR,ERR,ERR,ERR,-0.0,0.0,-107090768.0,0.0,0.0,-101069701120.0,-1.444170211283112e+31,-0.0,0,0,4,17423,7116,0.0,100,0.0,0.0,0.0,0.0,0.0,0,0,0,0,0.0,0,0,0,0,0,0,0,0,0,0,0,0,0,0,0,0,0,0,0,0,0,0,0,0,0,0,0,0,0,0,0,0,0,31,40,40,71,65476,0,300,0,0,8,21553,0.0,-107605600.0,0.0,0.0,0.0,0.0,0.0,0.0,0.0,0.0,0.0,0.0,0.0,0.0,0.0,0.0,0.0,0.0,0.0,0.0,0.0,0.0,0.0,0.0,0.0,0.0,0.0,0.0,0.0,0.0,5207.0,-8608188416.0,6938.0,-0.0,-0.0,2.004,2.004,0.0,0.0,0.0,0.0,69,-2.308828227263571e+20,1.9056872971567104e+17,0.0,0.0,0.0,0.0,0.0,0.0,0.0,0,0,0,0.0,0.0,0.0,0.0,0.0,0.0,0.0,0.0,0.0,0.0,0.0,0.0,0.0,0.0,0.0,0.0,0,-107875648.0,69,0.0,138,0.0,2.012,ERR,ERR,ERR,ERR,ERR,ERR,ERR,ERR,ERR,ERR,ERR,ERR,ERR,ERR,ERR,ERR,ERR,ERR,ERR,ERR,ERR,ERR,ERR,ERR,ERR,ERR,ERR,ERR,ERR,ERR,ERR,ERR,ERR,ERR,ERR,ERR,ERR,ERR,ERR,ERR,ERR,ERR,ERR,ERR,ERR,ERR,ERR,ERR,ERR,ERR,ERR,ERR,ERR,ERR,ERR,ERR,ERR,ERR,ERR,ERR,ERR,ERR,ERR,ERR,ERR,ERR,ERR,60.0,60.0,35,0.0,0.0,0.0,0.0,0.0,0.0,0.0,0.0,0.0,0.0,0.0,0.0,0.0,0.0,0.0,0.0,65.2,0,120,58,44,65476,0,300,0,0,8,20529,65476,0,0,2621,60.0,0.0,0.0,0.0,0.0,0.0
2026-07-09T15:22:12,ERR,ERR,ERR,ERR,ERR,ERR,ERR,ERR,ERR,ERR,ERR,ERR,ERR,ERR,ERR,ERR,ERR,ERR,ERR,ERR,ERR,ERR,ERR,ERR,ERR,ERR,ERR,ERR,ERR,ERR,ERR,ERR,ERR,ERR,ERR,ERR,ERR,ERR,ERR,ERR,ERR,ERR,ERR,ERR,ERR,ERR,ERR,ERR,ERR,ERR,ERR,ERR,ERR,ERR,ERR,ERR,ERR,ERR,ERR,ERR,ERR,ERR,ERR,ERR,ERR,ERR,ERR,ERR,ERR,ERR,ERR,ERR,ERR,ERR,ERR,ERR,ERR,ERR,ERR,ERR,ERR,ERR,ERR,ERR,ERR,ERR,ERR,ERR,ERR,ERR,ERR,ERR,ERR,ERR,ERR,ERR,ERR,ERR,ERR,ERR,ERR,ERR,ERR,ERR,ERR,ERR,ERR,ERR,ERR,ERR,ERR,ERR,ERR,ERR,ERR,ERR,ERR,ERR,ERR,ERR,ERR,ERR,ERR,ERR,ERR,-0.0,0.0,-107090768.0,0.0,0.0,-101069701120.0,-1.444170211283112e+31,-0.0,0,0,4,17423,7116,0.0,100,0.0,0.0,0.0,0.0,0.0,0,0,0,0,0.0,0,0,0,0,0,0,0,0,0,0,0,0,0,0,0,0,0,0,0,0,0,0,0,0,0,0,0,0,0,0,0,0,0,31,40,40,71,65476,0,300,0,0,8,21553,0.0,-107605600.0,0.0,0.0,0.0,0.0,0.0,0.0,0.0,0.0,0.0,0.0,0.0,0.0,0.0,0.0,0.0,0.0,0.0,0.0,0.0,0.0,0.0,0.0,0.0,0.0,0.0,0.0,0.0,0.0,5207.0,-8608188416.0,6938.0,-0.0,-0.0,2.004,2.004,0.0,0.0,0.0,0.0,69,-2.308828227263571e+20,1.9056872971567104e+17,0.0,0.0,0.0,0.0,0.0,0.0,0.0,0,0,0,0.0,0.0,0.0,0.0,0.0,0.0,0.0,0.0,0.0,0.0,0.0,0.0,0.0,0.0,0.0,0.0,0,-107875648.0,69,0.0,138,0.0,2.012,ERR,ERR,ERR,ERR,ERR,ERR,ERR,ERR,ERR,ERR,ERR,ERR,ERR,ERR,ERR,ERR,ERR,ERR,ERR,ERR,ERR,ERR,ERR,ERR,ERR,ERR,ERR,ERR,ERR,ERR,ERR,ERR,ERR,ERR,ERR,ERR,ERR,ERR,ERR,ERR,ERR,ERR,ERR,ERR,ERR,ERR,ERR,ERR,ERR,ERR,ERR,ERR,ERR,ERR,ERR,ERR,ERR,ERR,ERR,ERR,ERR,ERR,ERR,ERR,ERR,ERR,ERR,60.0,60.0,35,0.0,0.0,0.0,0.0,0.0,0.0,0.0,0.0,0.0,0.0,0.0,0.0,0.0,0.0,0.0,0.0,65.2,0,120,58,44,65476,0,300,0,0,8,20529,65476,0,0,2621,60.0,0.0,0.0,0.0,0.0,0.0
2026-07-09T15:22:13,ERR,ERR,ERR,ERR,ERR,ERR,ERR,ERR,ERR,ERR,ERR,ERR,ERR,ERR,ERR,ERR,ERR,ERR,ERR,ERR,ERR,ERR,ERR,ERR,ERR,ERR,ERR,ERR,ERR,ERR,ERR,ERR,ERR,ERR,ERR,ERR,ERR,ERR,ERR,ERR,ERR,ERR,ERR,ERR,ERR,ERR,ERR,ERR,ERR,ERR,ERR,ERR,ERR,ERR,ERR,ERR,ERR,ERR,ERR,ERR,ERR,ERR,ERR,ERR,ERR,ERR,ERR,ERR,ERR,ERR,ERR,ERR,ERR,ERR,ERR,ERR,ERR,ERR,ERR,ERR,ERR,ERR,ERR,ERR,ERR,ERR,ERR,ERR,ERR,ERR,ERR,ERR,ERR,ERR,ERR,ERR,ERR,ERR,ERR,ERR,ERR,ERR,ERR,ERR,ERR,ERR,ERR,ERR,ERR,ERR,ERR,ERR,ERR,ERR,ERR,ERR,ERR,ERR,ERR,ERR,ERR,ERR,ERR,ERR,ERR,-0.0,0.0,-107090768.0,0.0,0.0,-101069701120.0,-1.444170211283112e+31,-0.0,0,0,4,17423,7116,0.0,100,0.0,0.0,0.0,0.0,0.0,0,0,0,0,0.0,0,0,0,0,0,0,0,0,0,0,0,0,0,0,0,0,0,0,0,0,0,0,0,0,0,0,0,0,0,0,0,0,0,31,40,40,71,65476,0,300,0,0,8,21553,0.0,-107605600.0,0.0,0.0,0.0,0.0,0.0,0.0,0.0,0.0,0.0,0.0,0.0,0.0,0.0,0.0,0.0,0.0,0.0,0.0,0.0,0.0,0.0,0.0,0.0,0.0,0.0,0.0,0.0,0.0,5207.0,-8608188416.0,6938.0,-0.0,-0.0,2.004,2.004,0.0,0.0,0.0,0.0,69,-2.308828227263571e+20,1.9056872971567104e+17,0.0,0.0,0.0,0.0,0.0,0.0,0.0,0,0,0,0.0,0.0,0.0,0.0,0.0,0.0,0.0,0.0,0.0,0.0,0.0,0.0,0.0,0.0,0.0,0.0,0,-107875648.0,69,0.0,138,0.0,2.012,ERR,ERR,ERR,ERR,ERR,ERR,ERR,ERR,ERR,ERR,ERR,ERR,ERR,ERR,ERR,ERR,ERR,ERR,ERR,ERR,ERR,ERR,ERR,ERR,ERR,ERR,ERR,ERR,ERR,ERR,ERR,ERR,ERR,ERR,ERR,ERR,ERR,ERR,ERR,ERR,ERR,ERR,ERR,ERR,ERR,ERR,ERR,ERR,ERR,ERR,ERR,ERR,ERR,ERR,ERR,ERR,ERR,ERR,ERR,ERR,ERR,ERR,ERR,ERR,ERR,ERR,ERR,60.0,60.0,35,0.0,0.0,0.0,0.0,0.0,0.0,0.0,0.0,0.0,0.0,0.0,0.0,0.0,0.0,0.0,0.0,65.2,0,120,58,44,65476,0,300,0,0,8,20529,65476,0,0,2621,60.0,0.0,0.0,0.0,0.0,0.0
2026-07-09T15:22:14,ERR,ERR,ERR,ERR,ERR,ERR,ERR,ERR,ERR,ERR,ERR,ERR,ERR,ERR,ERR,ERR,ERR,ERR,ERR,ERR,ERR,ERR,ERR,ERR,ERR,ERR,ERR,ERR,ERR,ERR,ERR,ERR,ERR,ERR,ERR,ERR,ERR,ERR,ERR,ERR,ERR,ERR,ERR,ERR,ERR,ERR,ERR,ERR,ERR,ERR,ERR,ERR,ERR,ERR,ERR,ERR,ERR,ERR,ERR,ERR,ERR,ERR,ERR,ERR,ERR,ERR,ERR,ERR,ERR,ERR,ERR,ERR,ERR,ERR,ERR,ERR,ERR,ERR,ERR,ERR,ERR,ERR,ERR,ERR,ERR,ERR,ERR,ERR,ERR,ERR,ERR,ERR,ERR,ERR,ERR,ERR,ERR,ERR,ERR,ERR,ERR,ERR,ERR,ERR,ERR,ERR,ERR,ERR,ERR,ERR,ERR,ERR,ERR,ERR,ERR,ERR,ERR,ERR,ERR,ERR,ERR,ERR,ERR,ERR,ERR,-0.0,0.0,-107090768.0,0.0,0.0,-101069701120.0,-1.444170211283112e+31,-0.0,0,0,4,17423,7116,0.0,100,0.0,0.0,0.0,0.0,0.0,0,0,0,0,0.0,0,0,0,0,0,0,0,0,0,0,0,0,0,0,0,0,0,0,0,0,0,0,0,0,0,0,0,0,0,0,0,0,0,31,40,40,71,65476,0,300,0,0,8,21553,0.0,-107605600.0,0.0,0.0,0.0,0.0,0.0,0.0,0.0,0.0,0.0,0.0,0.0,0.0,0.0,0.0,0.0,0.0,0.0,0.0,0.0,0.0,0.0,0.0,0.0,0.0,0.0,0.0,0.0,0.0,5207.0,-8608188416.0,6938.0,-0.0,-0.0,2.004,2.004,0.0,0.0,0.0,0.0,69,-2.308828227263571e+20,1.9056872971567104e+17,0.0,0.0,0.0,0.0,0.0,0.0,0.0,0,0,0,0.0,0.0,0.0,0.0,0.0,0.0,0.0,0.0,0.0,0.0,0.0,0.0,0.0,0.0,0.0,0.0,0,-107875648.0,69,0.0,138,0.0,2.012,ERR,ERR,ERR,ERR,ERR,ERR,ERR,ERR,ERR,ERR,ERR,ERR,ERR,ERR,ERR,ERR,ERR,ERR,ERR,ERR,ERR,ERR,ERR,ERR,ERR,ERR,ERR,ERR,ERR,ERR,ERR,ERR,ERR,ERR,ERR,ERR,ERR,ERR,ERR,ERR,ERR,ERR,ERR,ERR,ERR,ERR,ERR,ERR,ERR,ERR,ERR,ERR,ERR,ERR,ERR,ERR,ERR,ERR,ERR,ERR,ERR,ERR,ERR,ERR,ERR,ERR,ERR,60.0,60.0,35,0.0,0.0,0.0,0.0,0.0,0.0,0.0,0.0,0.0,0.0,0.0,0.0,0.0,0.0,0.0,0.0,65.6,0,120,58,44,65476,0,300,0,0,8,20529,65476,0,0,2621,60.0,0.0,0.0,0.0,0.0,0.0
2026-07-09T15:22:15,ERR,ERR,ERR,ERR,ERR,ERR,ERR,ERR,ERR,ERR,ERR,ERR,ERR,ERR,ERR,ERR,ERR,ERR,ERR,ERR,ERR,ERR,ERR,ERR,ERR,ERR,ERR,ERR,ERR,ERR,ERR,ERR,ERR,ERR,ERR,ERR,ERR,ERR,ERR,ERR,ERR,ERR,ERR,ERR,ERR,ERR,ERR,ERR,ERR,ERR,ERR,ERR,ERR,ERR,ERR,ERR,ERR,ERR,ERR,ERR,ERR,ERR,ERR,ERR,ERR,ERR,ERR,ERR,ERR,ERR,ERR,ERR,ERR,ERR,ERR,ERR,ERR,ERR,ERR,ERR,ERR,ERR,ERR,ERR,ERR,ERR,ERR,ERR,ERR,ERR,ERR,ERR,ERR,ERR,ERR,ERR,ERR,ERR,ERR,ERR,ERR,ERR,ERR,ERR,ERR,ERR,ERR,ERR,ERR,ERR,ERR,ERR,ERR,ERR,ERR,ERR,ERR,ERR,ERR,ERR,ERR,ERR,ERR,ERR,ERR,-0.0,2.7184474948346457e+23,0.0,0.0,2.464791017595686e+28,0.0,0.0,7.885741518853402e+29,0,0,4,17424,7116,0.0,100,0.0,0.0,-107612384.0,0.0,0.0,0,0,0,0,0.0,0,0,0,0,0,0,0,0,0,0,0,0,0,0,0,0,0,0,0,0,0,0,0,0,0,0,0,0,0,0,0,0,0,31,40,40,71,65476,0,300,0,0,8,21553,0.0,-107605600.0,0.0,0.0,0.0,0.0,0.0,0.0,0.0,0.0,0.0,0.0,0.0,0.0,0.0,0.0,0.0,0.0,0.0,0.0,0.0,0.0,0.0,-2.004,0.0,0.0,0.0,0.0,0.0,0.0,5211.0,-1.0406661236209956e+34,6943.0,-0.0,-0.0,2.004,2.004,0.0,0.0,0.0,0.0,69,0.0,-0.0,0.0,0.0,0.0,0.0,0.0,0.0,0.0,0,0,0,0.0,0.0,0.0,0.0,0.0,0.0,0.0,0.0,0.0,0.0,0.0,0.0,0.0,0.0,0.0,0.0,0,-107875648.0,69,0.0,138,0.0,2.012,ERR,ERR,ERR,ERR,ERR,ERR,ERR,ERR,ERR,ERR,ERR,ERR,ERR,ERR,ERR,ERR,ERR,ERR,ERR,ERR,ERR,ERR,ERR,ERR,ERR,ERR,ERR,ERR,ERR,ERR,ERR,ERR,ERR,ERR,ERR,ERR,ERR,ERR,ERR,ERR,ERR,ERR,ERR,ERR,ERR,ERR,ERR,ERR,ERR,ERR,ERR,ERR,ERR,ERR,ERR,ERR,ERR,ERR,ERR,ERR,ERR,ERR,ERR,ERR,ERR,ERR,ERR,60.0,60.0,35,0.0,0.0,0.0,0.0,0.0,0.0,0.0,0.0,0.0,0.0,0.0,0.0,0.0,0.0,0.0,0.0,65.6,0,120,58,44,65476,0,300,0,0,8,20529,65476,0,0,2621,60.0,0.0,0.0,0.0,0.0,0.0
2026-07-09T15:22:16,ERR,ERR,ERR,ERR,ERR,ERR,ERR,ERR,ERR,ERR,ERR,ERR,ERR,ERR,ERR,ERR,ERR,ERR,ERR,ERR,ERR,ERR,ERR,ERR,ERR,ERR,ERR,ERR,ERR,ERR,ERR,ERR,ERR,ERR,ERR,ERR,ERR,ERR,ERR,ERR,ERR,ERR,ERR,ERR,ERR,ERR,ERR,ERR,ERR,ERR,ERR,ERR,ERR,ERR,ERR,ERR,ERR,ERR,ERR,ERR,ERR,ERR,ERR,ERR,ERR,ERR,ERR,ERR,ERR,ERR,ERR,ERR,ERR,ERR,ERR,ERR,ERR,ERR,ERR,ERR,ERR,ERR,ERR,ERR,ERR,ERR,ERR,ERR,ERR,ERR,ERR,ERR,ERR,ERR,ERR,ERR,ERR,ERR,ERR,ERR,ERR,ERR,ERR,ERR,ERR,ERR,ERR,ERR,ERR,ERR,ERR,ERR,ERR,ERR,ERR,ERR,ERR,ERR,ERR,ERR,ERR,ERR,ERR,ERR,ERR,-0.0,2.7184474948346457e+23,0.0,0.0,2.464791017595686e+28,0.0,0.0,7.885741518853402e+29,0,0,4,17424,7116,0.0,100,0.0,0.0,-107612384.0,0.0,0.0,0,0,0,0,0.0,0,0,0,0,0,0,0,0,0,0,0,0,0,0,0,0,0,0,0,0,0,0,0,0,0,0,0,0,0,0,0,0,0,31,40,40,71,65476,0,300,0,0,8,21553,0.0,-107605600.0,0.0,0.0,0.0,0.0,0.0,0.0,0.0,0.0,0.0,0.0,0.0,0.0,0.0,0.0,0.0,0.0,0.0,0.0,0.0,0.0,0.0,-2.004,0.0,0.0,0.0,0.0,0.0,0.0,5211.0,-1.0406661236209956e+34,6943.0,-0.0,-0.0,2.004,2.004,0.0,0.0,0.0,0.0,69,0.0,-0.0,0.0,0.0,0.0,0.0,0.0,0.0,0.0,0,0,0,0.0,0.0,0.0,0.0,0.0,0.0,0.0,0.0,0.0,0.0,0.0,0.0,0.0,0.0,0.0,0.0,0,-107875648.0,69,0.0,138,0.0,2.012,ERR,ERR,ERR,ERR,ERR,ERR,ERR,ERR,ERR,ERR,ERR,ERR,ERR,ERR,ERR,ERR,ERR,ERR,ERR,ERR,ERR,ERR,ERR,ERR,ERR,ERR,ERR,ERR,ERR,ERR,ERR,ERR,ERR,ERR,ERR,ERR,ERR,ERR,ERR,ERR,ERR,ERR,ERR,ERR,ERR,ERR,ERR,ERR,ERR,ERR,ERR,ERR,ERR,ERR,ERR,ERR,ERR,ERR,ERR,ERR,ERR,ERR,ERR,ERR,ERR,ERR,ERR,60.0,60.0,35,0.0,0.0,0.0,0.0,0.0,0.0,0.0,0.0,0.0,0.0,0.0,0.0,0.0,0.0,0.0,0.0,65.2,0,120,58,44,65476,0,300,0,0,8,20529,65476,0,0,2621,60.0,0.0,0.0,0.0,0.0,0.0
2026-07-09T15:22:17,ERR,ERR,ERR,ERR,ERR,ERR,ERR,ERR,ERR,ERR,ERR,ERR,ERR,ERR,ERR,ERR,ERR,ERR,ERR,ERR,ERR,ERR,ERR,ERR,ERR,ERR,ERR,ERR,ERR,ERR,ERR,ERR,ERR,ERR,ERR,ERR,ERR,ERR,ERR,ERR,ERR,ERR,ERR,ERR,ERR,ERR,ERR,ERR,ERR,ERR,ERR,ERR,ERR,ERR,ERR,ERR,ERR,ERR,ERR,ERR,ERR,ERR,ERR,ERR,ERR,ERR,ERR,ERR,ERR,ERR,ERR,ERR,ERR,ERR,ERR,ERR,ERR,ERR,ERR,ERR,ERR,ERR,ERR,ERR,ERR,ERR,ERR,ERR,ERR,ERR,ERR,ERR,ERR,ERR,ERR,ERR,ERR,ERR,ERR,ERR,ERR,ERR,ERR,ERR,ERR,ERR,ERR,ERR,ERR,ERR,ERR,ERR,ERR,ERR,ERR,ERR,ERR,ERR,ERR,ERR,ERR,ERR,ERR,ERR,ERR,-0.0,2.7184474948346457e+23,0.0,0.0,2.464791017595686e+28,0.0,0.0,7.885741518853402e+29,0,0,4,17424,7116,0.0,100,0.0,0.0,-107612384.0,0.0,0.0,0,0,0,0,0.0,0,0,0,0,0,0,0,0,0,0,0,0,0,0,0,0,0,0,0,0,0,0,0,0,0,0,0,0,0,0,0,0,0,31,40,40,71,65476,0,300,0,0,8,21553,0.0,-107605600.0,0.0,0.0,0.0,0.0,0.0,0.0,0.0,0.0,0.0,0.0,0.0,0.0,0.0,0.0,0.0,0.0,0.0,0.0,0.0,0.0,0.0,-2.004,0.0,0.0,0.0,0.0,0.0,0.0,5211.0,-1.0406661236209956e+34,6943.0,-0.0,-0.0,2.004,2.004,0.0,0.0,0.0,0.0,69,0.0,-0.0,0.0,0.0,0.0,0.0,0.0,0.0,0.0,0,0,0,0.0,0.0,0.0,0.0,0.0,0.0,0.0,0.0,0.0,0.0,0.0,0.0,0.0,0.0,0.0,0.0,0,-107875648.0,69,0.0,138,0.0,2.012,ERR,ERR,ERR,ERR,ERR,ERR,ERR,ERR,ERR,ERR,ERR,ERR,ERR,ERR,ERR,ERR,ERR,ERR,ERR,ERR,ERR,ERR,ERR,ERR,ERR,ERR,ERR,ERR,ERR,ERR,ERR,ERR,ERR,ERR,ERR,ERR,ERR,ERR,ERR,ERR,ERR,ERR,ERR,ERR,ERR,ERR,ERR,ERR,ERR,ERR,ERR,ERR,ERR,ERR,ERR,ERR,ERR,ERR,ERR,ERR,ERR,ERR,ERR,ERR,ERR,ERR,ERR,60.0,60.0,35,0.0,0.0,0.0,0.0,0.0,0.0,0.0,0.0,0.0,0.0,0.0,0.0,0.0,0.0,0.0,0.0,65.2,0,120,58,44,65476,0,300,0,0,8,20529,65476,0,0,2621,60.0,0.0,0.0,0.0,0.0,0.0
2026-07-09T15:22:18,ERR,ERR,ERR,ERR,ERR,ERR,ERR,ERR,ERR,ERR,ERR,ERR,ERR,ERR,ERR,ERR,ERR,ERR,ERR,ERR,ERR,ERR,ERR,ERR,ERR,ERR,ERR,ERR,ERR,ERR,ERR,ERR,ERR,ERR,ERR,ERR,ERR,ERR,ERR,ERR,ERR,ERR,ERR,ERR,ERR,ERR,ERR,ERR,ERR,ERR,ERR,ERR,ERR,ERR,ERR,ERR,ERR,ERR,ERR,ERR,ERR,ERR,ERR,ERR,ERR,ERR,ERR,ERR,ERR,ERR,ERR,ERR,ERR,ERR,ERR,ERR,ERR,ERR,ERR,ERR,ERR,ERR,ERR,ERR,ERR,ERR,ERR,ERR,ERR,ERR,ERR,ERR,ERR,ERR,ERR,ERR,ERR,ERR,ERR,ERR,ERR,ERR,ERR,ERR,ERR,ERR,ERR,ERR,ERR,ERR,ERR,ERR,ERR,ERR,ERR,ERR,ERR,ERR,ERR,ERR,ERR,ERR,ERR,ERR,ERR,-0.0,2.7184474948346457e+23,0.0,0.0,2.464791017595686e+28,0.0,0.0,7.885741518853402e+29,0,0,4,17424,7116,0.0,100,0.0,0.0,-107612384.0,0.0,0.0,0,0,0,0,0.0,0,0,0,0,0,0,0,0,0,0,0,0,0,0,0,0,0,0,0,0,0,0,0,0,0,0,0,0,0,0,0,0,0,31,40,40,71,65476,0,300,0,0,8,21553,0.0,-107605600.0,0.0,0.0,0.0,0.0,0.0,0.0,0.0,0.0,0.0,0.0,0.0,0.0,0.0,0.0,0.0,0.0,0.0,0.0,0.0,0.0,0.0,-2.004,0.0,0.0,0.0,0.0,0.0,0.0,5211.0,-1.0406661236209956e+34,6943.0,-0.0,-0.0,2.004,2.004,0.0,0.0,0.0,0.0,69,0.0,-0.0,0.0,0.0,0.0,0.0,0.0,0.0,0.0,0,0,0,0.0,0.0,0.0,0.0,0.0,0.0,0.0,0.0,0.0,0.0,0.0,0.0,0.0,0.0,0.0,0.0,0,-107875648.0,69,0.0,138,0.0,2.012,ERR,ERR,ERR,ERR,ERR,ERR,ERR,ERR,ERR,ERR,ERR,ERR,ERR,ERR,ERR,ERR,ERR,ERR,ERR,ERR,ERR,ERR,ERR,ERR,ERR,ERR,ERR,ERR,ERR,ERR,ERR,ERR,ERR,ERR,ERR,ERR,ERR,ERR,ERR,ERR,ERR,ERR,ERR,ERR,ERR,ERR,ERR,ERR,ERR,ERR,ERR,ERR,ERR,ERR,ERR,ERR,ERR,ERR,ERR,ERR,ERR,ERR,ERR,ERR,ERR,ERR,ERR,60.0,60.0,35,0.0,0.0,0.0,0.0,0.0,0.0,0.0,0.0,0.0,0.0,0.0,0.0,0.0,0.0,0.0,0.0,65.2,0,120,58,44,65476,0,300,0,0,8,20529,65476,0,0,2621,60.0,0.0,0.0,0.0,0.0,0.0
2026-07-09T15:22:19,ERR,ERR,ERR,ERR,ERR,ERR,ERR,ERR,ERR,ERR,ERR,ERR,ERR,ERR,ERR,ERR,ERR,ERR,ERR,ERR,ERR,ERR,ERR,ERR,ERR,ERR,ERR,ERR,ERR,ERR,ERR,ERR,ERR,ERR,ERR,ERR,ERR,ERR,ERR,ERR,ERR,ERR,ERR,ERR,ERR,ERR,ERR,ERR,ERR,ERR,ERR,ERR,ERR,ERR,ERR,ERR,ERR,ERR,ERR,ERR,ERR,ERR,ERR,ERR,ERR,ERR,ERR,ERR,ERR,ERR,ERR,ERR,ERR,ERR,ERR,ERR,ERR,ERR,ERR,ERR,ERR,ERR,ERR,ERR,ERR,ERR,ERR,ERR,ERR,ERR,ERR,ERR,ERR,ERR,ERR,ERR,ERR,ERR,ERR,ERR,ERR,ERR,ERR,ERR,ERR,ERR,ERR,ERR,ERR,ERR,ERR,ERR,ERR,ERR,ERR,ERR,ERR,ERR,ERR,ERR,ERR,ERR,ERR,ERR,ERR,-0.0,2.7184474948346457e+23,0.0,0.0,2.464791017595686e+28,0.0,0.0,7.885741518853402e+29,0,0,4,17424,7116,0.0,100,0.0,0.0,-107612384.0,0.0,0.0,0,0,0,0,0.0,0,0,0,0,0,0,0,0,0,0,0,0,0,0,0,0,0,0,0,0,0,0,0,0,0,0,0,0,0,0,0,0,0,31,40,40,71,65476,0,300,0,0,8,21553,0.0,-107605600.0,0.0,0.0,0.0,0.0,0.0,0.0,0.0,0.0,0.0,0.0,0.0,0.0,0.0,0.0,0.0,0.0,0.0,0.0,0.0,0.0,0.0,-2.004,0.0,0.0,0.0,0.0,0.0,0.0,5211.0,-1.0406661236209956e+34,6943.0,-0.0,-0.0,2.004,2.004,0.0,0.0,0.0,0.0,69,0.0,-0.0,0.0,0.0,0.0,0.0,0.0,0.0,0.0,0,0,0,0.0,0.0,0.0,0.0,0.0,0.0,0.0,0.0,0.0,0.0,0.0,0.0,0.0,0.0,0.0,0.0,0,-107875648.0,69,0.0,138,0.0,2.012,ERR,ERR,ERR,ERR,ERR,ERR,ERR,ERR,ERR,ERR,ERR,ERR,ERR,ERR,ERR,ERR,ERR,ERR,ERR,ERR,ERR,ERR,ERR,ERR,ERR,ERR,ERR,ERR,ERR,ERR,ERR,ERR,ERR,ERR,ERR,ERR,ERR,ERR,ERR,ERR,ERR,ERR,ERR,ERR,ERR,ERR,ERR,ERR,ERR,ERR,ERR,ERR,ERR,ERR,ERR,ERR,ERR,ERR,ERR,ERR,ERR,ERR,ERR,ERR,ERR,ERR,ERR,60.0,60.0,35,0.0,0.0,0.0,0.0,0.0,0.0,0.0,0.0,0.0,0.0,0.0,0.0,0.0,0.0,0.0,0.0,65.2,0,120,58,44,65476,0,300,0,0,8,20529,65476,0,0,2621,60.0,0.0,0.0,0.0,0.0,0.0
2026-07-09T15:22:20,ERR,ERR,ERR,ERR,ERR,ERR,ERR,ERR,ERR,ERR,ERR,ERR,ERR,ERR,ERR,ERR,ERR,ERR,ERR,ERR,ERR,ERR,ERR,ERR,ERR,ERR,ERR,ERR,ERR,ERR,ERR,ERR,ERR,ERR,ERR,ERR,ERR,ERR,ERR,ERR,ERR,ERR,ERR,ERR,ERR,ERR,ERR,ERR,ERR,ERR,ERR,ERR,ERR,ERR,ERR,ERR,ERR,ERR,ERR,ERR,ERR,ERR,ERR,ERR,ERR,ERR,ERR,ERR,ERR,ERR,ERR,ERR,ERR,ERR,ERR,ERR,ERR,ERR,ERR,ERR,ERR,ERR,ERR,ERR,ERR,ERR,ERR,ERR,ERR,ERR,ERR,ERR,ERR,ERR,ERR,ERR,ERR,ERR,ERR,ERR,ERR,ERR,ERR,ERR,ERR,ERR,ERR,ERR,ERR,ERR,ERR,ERR,ERR,ERR,ERR,ERR,ERR,ERR,ERR,ERR,ERR,ERR,ERR,ERR,ERR,0.0,-0.0,0.0,0.0,0.0,1.6625774081502284e+21,6.003040175689205e+26,-0.0,0,0,4,17424,7116,0.0,100,0.0,0.0,0.0,0.0,0.0,0,0,0,0,0.0,0,0,0,0,0,0,0,0,0,0,0,0,0,0,0,0,0,0,0,0,0,0,0,0,0,0,0,0,0,0,0,0,0,31,40,40,71,65476,0,300,0,0,8,21553,0.0,-107605600.0,0.0,0.0,0.0,0.0,0.0,0.0,0.0,0.0,0.0,0.0,0.0,0.0,0.0,0.0,0.0,0.0,0.0,0.0,0.0,0.0,-2.004,-0.0,0.0,0.0,0.0,0.0,0.0,0.0,5220.0,0.0,6921.0,0.0,-107616128.0,2.004,2.004,0.0,0.0,0.0,0.0,69,-0.0,0.0,0.0,0.0,0.0,0.0,0.0,0.0,0.0,0,0,0,0.0,0.0,0.0,0.0,0.0,0.0,0.0,0.0,0.0,0.0,0.0,0.0,0.0,0.0,0.0,0.0,0,-107875648.0,69,0.0,138,0.0,2.012,ERR,ERR,ERR,ERR,ERR,ERR,ERR,ERR,ERR,ERR,ERR,ERR,ERR,ERR,ERR,ERR,ERR,ERR,ERR,ERR,ERR,ERR,ERR,ERR,ERR,ERR,ERR,ERR,ERR,ERR,ERR,ERR,ERR,ERR,ERR,ERR,ERR,ERR,ERR,ERR,ERR,ERR,ERR,ERR,ERR,ERR,ERR,ERR,ERR,ERR,ERR,ERR,ERR,ERR,ERR,ERR,ERR,ERR,ERR,ERR,ERR,ERR,ERR,ERR,ERR,ERR,ERR,60.0,60.0,35,0.0,0.0,0.0,0.0,0.0,0.0,0.0,0.0,0.0,0.0,0.0,0.0,0.0,0.0,0.0,0.0,65.2,0,120,58,44,65476,0,300,0,0,8,20529,65476,0,0,2621,60.0,0.0,0.0,0.0,0.0,0.0
2026-07-09T15:22:21,ERR,ERR,ERR,ERR,ERR,ERR,ERR,ERR,ERR,ERR,ERR,ERR,ERR,ERR,ERR,ERR,ERR,ERR,ERR,ERR,ERR,ERR,ERR,ERR,ERR,ERR,ERR,ERR,ERR,ERR,ERR,ERR,ERR,ERR,ERR,ERR,ERR,ERR,ERR,ERR,ERR,ERR,ERR,ERR,ERR,ERR,ERR,ERR,ERR,ERR,ERR,ERR,ERR,ERR,ERR,ERR,ERR,ERR,ERR,ERR,ERR,ERR,ERR,ERR,ERR,ERR,ERR,ERR,ERR,ERR,ERR,ERR,ERR,ERR,ERR,ERR,ERR,ERR,ERR,ERR,ERR,ERR,ERR,ERR,ERR,ERR,ERR,ERR,ERR,ERR,ERR,ERR,ERR,ERR,ERR,ERR,ERR,ERR,ERR,ERR,ERR,ERR,ERR,ERR,ERR,ERR,ERR,ERR,ERR,ERR,ERR,ERR,ERR,ERR,ERR,ERR,ERR,ERR,ERR,ERR,ERR,ERR,ERR,ERR,ERR,0.0,-0.0,0.0,0.0,0.0,1.6625774081502284e+21,6.003040175689205e+26,-0.0,0,0,4,17424,7116,0.0,100,0.0,0.0,0.0,0.0,0.0,0,0,0,0,0.0,0,0,0,0,0,0,0,0,0,0,0,0,0,0,0,0,0,0,0,0,0,0,0,0,0,0,0,0,0,0,0,0,0,31,40,40,71,65476,0,300,0,0,8,21553,0.0,-107605600.0,0.0,0.0,0.0,0.0,0.0,0.0,0.0,0.0,0.0,0.0,0.0,0.0,0.0,0.0,0.0,0.0,0.0,0.0,0.0,0.0,-2.004,-0.0,0.0,0.0,0.0,0.0,0.0,0.0,5220.0,0.0,6921.0,0.0,-107616128.0,2.004,2.004,0.0,0.0,0.0,0.0,69,-0.0,0.0,0.0,0.0,0.0,0.0,0.0,0.0,0.0,0,0,0,0.0,0.0,0.0,0.0,0.0,0.0,0.0,0.0,0.0,0.0,0.0,0.0,0.0,0.0,0.0,0.0,0,-107875648.0,69,0.0,138,0.0,2.012,ERR,ERR,ERR,ERR,ERR,ERR,ERR,ERR,ERR,ERR,ERR,ERR,ERR,ERR,ERR,ERR,ERR,ERR,ERR,ERR,ERR,ERR,ERR,ERR,ERR,ERR,ERR,ERR,ERR,ERR,ERR,ERR,ERR,ERR,ERR,ERR,ERR,ERR,ERR,ERR,ERR,ERR,ERR,ERR,ERR,ERR,ERR,ERR,ERR,ERR,ERR,ERR,ERR,ERR,ERR,ERR,ERR,ERR,ERR,ERR,ERR,ERR,ERR,ERR,ERR,ERR,ERR,60.0,60.0,35,0.0,0.0,0.0,0.0,0.0,0.0,0.0,0.0,0.0,0.0,0.0,0.0,0.0,0.0,0.0,0.0,65.6,0,121,58,44,65476,0,300,0,0,8,20529,65476,0,0,2621,60.0,0.0,0.0,0.0,0.0,0.0
2026-07-09T15:22:22,ERR,ERR,ERR,ERR,ERR,ERR,ERR,ERR,ERR,ERR,ERR,ERR,ERR,ERR,ERR,ERR,ERR,ERR,ERR,ERR,ERR,ERR,ERR,ERR,ERR,ERR,ERR,ERR,ERR,ERR,ERR,ERR,ERR,ERR,ERR,ERR,ERR,ERR,ERR,ERR,ERR,ERR,ERR,ERR,ERR,ERR,ERR,ERR,ERR,ERR,ERR,ERR,ERR,ERR,ERR,ERR,ERR,ERR,ERR,ERR,ERR,ERR,ERR,ERR,ERR,ERR,ERR,ERR,ERR,ERR,ERR,ERR,ERR,ERR,ERR,ERR,ERR,ERR,ERR,ERR,ERR,ERR,ERR,ERR,ERR,ERR,ERR,ERR,ERR,ERR,ERR,ERR,ERR,ERR,ERR,ERR,ERR,ERR,ERR,ERR,ERR,ERR,ERR,ERR,ERR,ERR,ERR,ERR,ERR,ERR,ERR,ERR,ERR,ERR,ERR,ERR,ERR,ERR,ERR,ERR,ERR,ERR,ERR,ERR,ERR,0.0,-0.0,0.0,0.0,0.0,1.6625774081502284e+21,6.003040175689205e+26,-0.0,0,0,4,17424,7116,0.0,100,0.0,0.0,0.0,0.0,0.0,0,0,0,0,0.0,0,0,0,0,0,0,0,0,0,0,0,0,0,0,0,0,0,0,0,0,0,0,0,0,0,0,0,0,0,0,0,0,0,31,40,40,71,65476,0,300,0,0,8,21553,0.0,-107605600.0,0.0,0.0,0.0,0.0,0.0,0.0,0.0,0.0,0.0,0.0,0.0,0.0,0.0,0.0,0.0,0.0,0.0,0.0,0.0,0.0,-2.004,-0.0,0.0,0.0,0.0,0.0,0.0,0.0,5220.0,0.0,6921.0,0.0,-107616128.0,2.004,2.004,0.0,0.0,0.0,0.0,69,-0.0,0.0,0.0,0.0,0.0,0.0,0.0,0.0,0.0,0,0,0,0.0,0.0,0.0,0.0,0.0,0.0,0.0,0.0,0.0,0.0,0.0,0.0,0.0,0.0,0.0,0.0,0,-107875648.0,69,0.0,138,0.0,2.012,ERR,ERR,ERR,ERR,ERR,ERR,ERR,ERR,ERR,ERR,ERR,ERR,ERR,ERR,ERR,ERR,ERR,ERR,ERR,ERR,ERR,ERR,ERR,ERR,ERR,ERR,ERR,ERR,ERR,ERR,ERR,ERR,ERR,ERR,ERR,ERR,ERR,ERR,ERR,ERR,ERR,ERR,ERR,ERR,ERR,ERR,ERR,ERR,ERR,ERR,ERR,ERR,ERR,ERR,ERR,ERR,ERR,ERR,ERR,ERR,ERR,ERR,ERR,ERR,ERR,ERR,ERR,60.0,60.0,35,0.0,0.0,0.0,0.0,0.0,0.0,0.0,0.0,0.0,0.0,0.0,0.0,0.0,0.0,0.0,0.0,65.6,0,121,58,44,65476,0,300,0,0,8,20529,65476,0,0,2621,60.0,0.0,0.0,0.0,0.0,0.0
2026-07-09T15:22:23,ERR,ERR,ERR,ERR,ERR,ERR,ERR,ERR,ERR,ERR,ERR,ERR,ERR,ERR,ERR,ERR,ERR,ERR,ERR,ERR,ERR,ERR,ERR,ERR,ERR,ERR,ERR,ERR,ERR,ERR,ERR,ERR,ERR,ERR,ERR,ERR,ERR,ERR,ERR,ERR,ERR,ERR,ERR,ERR,ERR,ERR,ERR,ERR,ERR,ERR,ERR,ERR,ERR,ERR,ERR,ERR,ERR,ERR,ERR,ERR,ERR,ERR,ERR,ERR,ERR,ERR,ERR,ERR,ERR,ERR,ERR,ERR,ERR,ERR,ERR,ERR,ERR,ERR,ERR,ERR,ERR,ERR,ERR,ERR,ERR,ERR,ERR,ERR,ERR,ERR,ERR,ERR,ERR,ERR,ERR,ERR,ERR,ERR,ERR,ERR,ERR,ERR,ERR,ERR,ERR,ERR,ERR,ERR,ERR,ERR,ERR,ERR,ERR,ERR,ERR,ERR,ERR,ERR,ERR,ERR,ERR,ERR,ERR,ERR,ERR,0.0,-0.0,0.0,0.0,0.0,1.6625774081502284e+21,6.003040175689205e+26,-0.0,0,0,4,17424,7116,0.0,100,0.0,0.0,0.0,0.0,0.0,0,0,0,0,0.0,0,0,0,0,0,0,0,0,0,0,0,0,0,0,0,0,0,0,0,0,0,0,0,0,0,0,0,0,0,0,0,0,0,31,40,40,71,65476,0,300,0,0,8,21553,0.0,-107605600.0,0.0,0.0,0.0,0.0,0.0,0.0,0.0,0.0,0.0,0.0,0.0,0.0,0.0,0.0,0.0,0.0,0.0,0.0,0.0,0.0,-2.004,-0.0,0.0,0.0,0.0,0.0,0.0,0.0,5220.0,0.0,6921.0,0.0,-107616128.0,2.004,2.004,0.0,0.0,0.0,0.0,69,-0.0,0.0,0.0,0.0,0.0,0.0,0.0,0.0,0.0,0,0,0,0.0,0.0,0.0,0.0,0.0,0.0,0.0,0.0,0.0,0.0,0.0,0.0,0.0,0.0,0.0,0.0,0,-107875648.0,69,0.0,138,0.0,2.012,ERR,ERR,ERR,ERR,ERR,ERR,ERR,ERR,ERR,ERR,ERR,ERR,ERR,ERR,ERR,ERR,ERR,ERR,ERR,ERR,ERR,ERR,ERR,ERR,ERR,ERR,ERR,ERR,ERR,ERR,ERR,ERR,ERR,ERR,ERR,ERR,ERR,ERR,ERR,ERR,ERR,ERR,ERR,ERR,ERR,ERR,ERR,ERR,ERR,ERR,ERR,ERR,ERR,ERR,ERR,ERR,ERR,ERR,ERR,ERR,ERR,ERR,ERR,ERR,ERR,ERR,ERR,60.0,60.0,35,0.0,0.0,0.0,0.0,0.0,0.0,0.0,0.0,0.0,0.0,0.0,0.0,0.0,0.0,0.0,0.0,65.2,0,121,58,44,65476,0,300,0,0,8,20529,65476,0,0,2621,60.0,0.0,0.0,0.0,0.0,0.0
2026-07-09T15:22:24,ERR,ERR,ERR,ERR,ERR,ERR,ERR,ERR,ERR,ERR,ERR,ERR,ERR,ERR,ERR,ERR,ERR,ERR,ERR,ERR,ERR,ERR,ERR,ERR,ERR,ERR,ERR,ERR,ERR,ERR,ERR,ERR,ERR,ERR,ERR,ERR,ERR,ERR,ERR,ERR,ERR,ERR,ERR,ERR,ERR,ERR,ERR,ERR,ERR,ERR,ERR,ERR,ERR,ERR,ERR,ERR,ERR,ERR,ERR,ERR,ERR,ERR,ERR,ERR,ERR,ERR,ERR,ERR,ERR,ERR,ERR,ERR,ERR,ERR,ERR,ERR,ERR,ERR,ERR,ERR,ERR,ERR,ERR,ERR,ERR,ERR,ERR,ERR,ERR,ERR,ERR,ERR,ERR,ERR,ERR,ERR,ERR,ERR,ERR,ERR,ERR,ERR,ERR,ERR,ERR,ERR,ERR,ERR,ERR,ERR,ERR,ERR,ERR,ERR,ERR,ERR,ERR,ERR,ERR,ERR,ERR,ERR,ERR,ERR,ERR,0.0,-0.0,0.0,0.0,0.0,1.6625774081502284e+21,6.003040175689205e+26,-0.0,0,0,4,17424,7116,0.0,100,0.0,0.0,0.0,0.0,0.0,0,0,0,0,0.0,0,0,0,0,0,0,0,0,0,0,0,0,0,0,0,0,0,0,0,0,0,0,0,0,0,0,0,0,0,0,0,0,0,31,40,40,71,65476,0,300,0,0,8,21553,0.0,-107605600.0,0.0,0.0,0.0,0.0,0.0,0.0,0.0,0.0,0.0,0.0,0.0,0.0,0.0,0.0,0.0,0.0,0.0,0.0,0.0,0.0,-2.004,-0.0,0.0,0.0,0.0,0.0,0.0,0.0,5220.0,0.0,6921.0,0.0,-107616128.0,2.004,2.004,0.0,0.0,0.0,0.0,69,-0.0,0.0,0.0,0.0,0.0,0.0,0.0,0.0,0.0,0,0,0,0.0,0.0,0.0,0.0,0.0,0.0,0.0,0.0,0.0,0.0,0.0,0.0,0.0,0.0,0.0,0.0,0,-107875648.0,69,0.0,138,0.0,2.012,ERR,ERR,ERR,ERR,ERR,ERR,ERR,ERR,ERR,ERR,ERR,ERR,ERR,ERR,ERR,ERR,ERR,ERR,ERR,ERR,ERR,ERR,ERR,ERR,ERR,ERR,ERR,ERR,ERR,ERR,ERR,ERR,ERR,ERR,ERR,ERR,ERR,ERR,ERR,ERR,ERR,ERR,ERR,ERR,ERR,ERR,ERR,ERR,ERR,ERR,ERR,ERR,ERR,ERR,ERR,ERR,ERR,ERR,ERR,ERR,ERR,ERR,ERR,ERR,ERR,ERR,ERR,60.0,60.0,35,0.0,0.0,0.0,0.0,0.0,0.0,0.0,0.0,0.0,0.0,0.0,0.0,0.0,0.0,0.0,0.0,65.2,0,121,58,44,65476,0,300,0,0,8,20529,65476,0,0,2621,60.0,0.0,0.0,0.0,0.0,0.0
2026-07-09T15:22:25,ERR,ERR,ERR,ERR,ERR,ERR,ERR,ERR,ERR,ERR,ERR,ERR,ERR,ERR,ERR,ERR,ERR,ERR,ERR,ERR,ERR,ERR,ERR,ERR,ERR,ERR,ERR,ERR,ERR,ERR,ERR,ERR,ERR,ERR,ERR,ERR,ERR,ERR,ERR,ERR,ERR,ERR,ERR,ERR,ERR,ERR,ERR,ERR,ERR,ERR,ERR,ERR,ERR,ERR,ERR,ERR,ERR,ERR,ERR,ERR,ERR,ERR,ERR,ERR,ERR,ERR,ERR,ERR,ERR,ERR,ERR,ERR,ERR,ERR,ERR,ERR,ERR,ERR,ERR,ERR,ERR,ERR,ERR,ERR,ERR,ERR,ERR,ERR,ERR,ERR,ERR,ERR,ERR,ERR,ERR,ERR,ERR,ERR,ERR,ERR,ERR,ERR,ERR,ERR,ERR,ERR,ERR,ERR,ERR,ERR,ERR,ERR,ERR,ERR,ERR,ERR,ERR,ERR,ERR,ERR,ERR,ERR,ERR,ERR,ERR,0.0,-0.0,0.0,0.0,0.0,1.6625774081502284e+21,6.003040175689205e+26,-0.0,0,0,4,17424,7116,0.0,100,0.0,0.0,0.0,0.0,0.0,0,0,0,0,0.0,0,0,0,0,0,0,0,0,0,0,0,0,0,0,0,0,0,0,0,0,0,0,0,0,0,0,0,0,0,0,0,0,0,31,40,40,71,65476,0,300,0,0,8,21553,0.0,-107605600.0,0.0,0.0,0.0,0.0,0.0,0.0,0.0,0.0,0.0,0.0,0.0,0.0,0.0,0.0,0.0,0.0,0.0,0.0,0.0,0.0,-2.004,-0.0,0.0,0.0,0.0,0.0,0.0,0.0,5220.0,0.0,6921.0,0.0,-107616128.0,2.004,2.004,0.0,0.0,0.0,0.0,69,-0.0,0.0,0.0,0.0,0.0,0.0,0.0,0.0,0.0,0,0,0,0.0,0.0,0.0,0.0,0.0,0.0,0.0,0.0,0.0,0.0,0.0,0.0,0.0,0.0,0.0,0.0,0,-107875648.0,69,0.0,138,0.0,2.012,ERR,ERR,ERR,ERR,ERR,ERR,ERR,ERR,ERR,ERR,ERR,ERR,ERR,ERR,ERR,ERR,ERR,ERR,ERR,ERR,ERR,ERR,ERR,ERR,ERR,ERR,ERR,ERR,ERR,ERR,ERR,ERR,ERR,ERR,ERR,ERR,ERR,ERR,ERR,ERR,ERR,ERR,ERR,ERR,ERR,ERR,ERR,ERR,ERR,ERR,ERR,ERR,ERR,ERR,ERR,ERR,ERR,ERR,ERR,ERR,ERR,ERR,ERR,ERR,ERR,ERR,ERR,60.0,60.0,35,0.0,0.0,0.0,0.0,0.0,0.0,0.0,0.0,0.0,0.0,0.0,0.0,0.0,0.0,0.0,0.0,65.6,0,121,58,44,65476,0,300,0,0,8,20529,65476,0,0,2621,60.0,0.0,0.0,0.0,0.0,0.0
2026-07-09T15:22:26,ERR,ERR,ERR,ERR,ERR,ERR,ERR,ERR,ERR,ERR,ERR,ERR,ERR,ERR,ERR,ERR,ERR,ERR,ERR,ERR,ERR,ERR,ERR,ERR,ERR,ERR,ERR,ERR,ERR,ERR,ERR,ERR,ERR,ERR,ERR,ERR,ERR,ERR,ERR,ERR,ERR,ERR,ERR,ERR,ERR,ERR,ERR,ERR,ERR,ERR,ERR,ERR,ERR,ERR,ERR,ERR,ERR,ERR,ERR,ERR,ERR,ERR,ERR,ERR,ERR,ERR,ERR,ERR,ERR,ERR,ERR,ERR,ERR,ERR,ERR,ERR,ERR,ERR,ERR,ERR,ERR,ERR,ERR,ERR,ERR,ERR,ERR,ERR,ERR,ERR,ERR,ERR,ERR,ERR,ERR,ERR,ERR,ERR,ERR,ERR,ERR,ERR,ERR,ERR,ERR,ERR,ERR,ERR,ERR,ERR,ERR,ERR,ERR,ERR,ERR,ERR,ERR,ERR,ERR,ERR,ERR,ERR,ERR,ERR,ERR,0.0,2.718447855122616e+23,-0.0,-0.0,-0.0,1.9876694226096825e+37,-0.0,-14041173.0,0,0,4,17425,7116,0.0,100,0.0,0.0,-0.0,0.0,0.0,0,0,0,0,0.0,0,0,0,0,0,0,0,0,0,0,0,0,0,0,0,0,0,0,0,0,0,0,0,0,0,0,0,0,0,0,0,0,0,31,40,40,71,65476,0,300,0,0,8,21553,0.0,-107605600.0,0.0,0.0,0.0,0.0,0.0,0.0,0.0,0.0,0.0,0.0,0.0,0.0,0.0,0.0,0.0,0.0,0.0,0.0,0.0,0.0,-2.004,-3.697070904806107e+19,0.0,0.0,0.0,0.0,0.0,0.0,5225.0,-0.0,6929.0,-107615104.0,2.718447855122616e+23,2.004,2.004,0.0,0.0,0.0,0.0,69,-0.0,-0.0,0.0,0.0,0.0,0.0,0.0,0.0,0.0,0,0,0,0.0,0.0,0.0,0.0,0.0,0.0,0.0,0.0,0.0,0.0,0.0,0.0,0.0,0.0,0.0,0.0,0,-107875648.0,69,0.0,138,0.0,2.012,ERR,ERR,ERR,ERR,ERR,ERR,ERR,ERR,ERR,ERR,ERR,ERR,ERR,ERR,ERR,ERR,ERR,ERR,ERR,ERR,ERR,ERR,ERR,ERR,ERR,ERR,ERR,ERR,ERR,ERR,ERR,ERR,ERR,ERR,ERR,ERR,ERR,ERR,ERR,ERR,ERR,ERR,ERR,ERR,ERR,ERR,ERR,ERR,ERR,ERR,ERR,ERR,ERR,ERR,ERR,ERR,ERR,ERR,ERR,ERR,ERR,ERR,ERR,ERR,ERR,ERR,ERR,60.0,60.0,35,0.0,0.0,0.0,0.0,0.0,0.0,0.0,0.0,0.0,0.0,0.0,0.0,0.0,0.0,0.0,0.0,65.6,0,121,58,44,65476,0,300,0,0,8,20529,65476,0,0,2621,60.0,0.0,0.0,0.0,0.0,0.0
2026-07-09T15:22:27,ERR,ERR,ERR,ERR,ERR,ERR,ERR,ERR,ERR,ERR,ERR,ERR,ERR,ERR,ERR,ERR,ERR,ERR,ERR,ERR,ERR,ERR,ERR,ERR,ERR,ERR,ERR,ERR,ERR,ERR,ERR,ERR,ERR,ERR,ERR,ERR,ERR,ERR,ERR,ERR,ERR,ERR,ERR,ERR,ERR,ERR,ERR,ERR,ERR,ERR,ERR,ERR,ERR,ERR,ERR,ERR,ERR,ERR,ERR,ERR,ERR,ERR,ERR,ERR,ERR,ERR,ERR,ERR,ERR,ERR,ERR,ERR,ERR,ERR,ERR,ERR,ERR,ERR,ERR,ERR,ERR,ERR,ERR,ERR,ERR,ERR,ERR,ERR,ERR,ERR,ERR,ERR,ERR,ERR,ERR,ERR,ERR,ERR,ERR,ERR,ERR,ERR,ERR,ERR,ERR,ERR,ERR,ERR,ERR,ERR,ERR,ERR,ERR,ERR,ERR,ERR,ERR,ERR,ERR,ERR,ERR,ERR,ERR,ERR,ERR,0.0,2.718447855122616e+23,-0.0,-0.0,-0.0,1.9876694226096825e+37,-0.0,-14041173.0,0,0,4,17425,7116,0.0,100,0.0,0.0,-0.0,0.0,0.0,0,0,0,0,0.0,0,0,0,0,0,0,0,0,0,0,0,0,0,0,0,0,0,0,0,0,0,0,0,0,0,0,0,0,0,0,0,0,0,31,40,40,71,65476,0,300,0,0,8,21553,0.0,-107605600.0,0.0,0.0,0.0,0.0,0.0,0.0,0.0,0.0,0.0,0.0,0.0,0.0,0.0,0.0,0.0,0.0,0.0,0.0,0.0,0.0,-2.004,-3.697070904806107e+19,0.0,0.0,0.0,0.0,0.0,0.0,5225.0,-0.0,6929.0,-107615104.0,2.718447855122616e+23,2.004,2.004,0.0,0.0,0.0,0.0,69,-0.0,-0.0,0.0,0.0,0.0,0.0,0.0,0.0,0.0,0,0,0,0.0,0.0,0.0,0.0,0.0,0.0,0.0,0.0,0.0,0.0,0.0,0.0,0.0,0.0,0.0,0.0,0,-107875648.0,69,0.0,138,0.0,2.012,ERR,ERR,ERR,ERR,ERR,ERR,ERR,ERR,ERR,ERR,ERR,ERR,ERR,ERR,ERR,ERR,ERR,ERR,ERR,ERR,ERR,ERR,ERR,ERR,ERR,ERR,ERR,ERR,ERR,ERR,ERR,ERR,ERR,ERR,ERR,ERR,ERR,ERR,ERR,ERR,ERR,ERR,ERR,ERR,ERR,ERR,ERR,ERR,ERR,ERR,ERR,ERR,ERR,ERR,ERR,ERR,ERR,ERR,ERR,ERR,ERR,ERR,ERR,ERR,ERR,ERR,ERR,60.0,60.0,35,0.0,0.0,0.0,0.0,0.0,0.0,0.0,0.0,0.0,0.0,0.0,0.0,0.0,0.0,0.0,0.0,65.2,0,121,58,45,65476,0,300,0,0,8,20529,65476,0,0,2621,60.0,0.0,0.0,0.0,0.0,0.0
2026-07-09T15:22:28,ERR,ERR,ERR,ERR,ERR,ERR,ERR,ERR,ERR,ERR,ERR,ERR,ERR,ERR,ERR,ERR,ERR,ERR,ERR,ERR,ERR,ERR,ERR,ERR,ERR,ERR,ERR,ERR,ERR,ERR,ERR,ERR,ERR,ERR,ERR,ERR,ERR,ERR,ERR,ERR,ERR,ERR,ERR,ERR,ERR,ERR,ERR,ERR,ERR,ERR,ERR,ERR,ERR,ERR,ERR,ERR,ERR,ERR,ERR,ERR,ERR,ERR,ERR,ERR,ERR,ERR,ERR,ERR,ERR,ERR,ERR,ERR,ERR,ERR,ERR,ERR,ERR,ERR,ERR,ERR,ERR,ERR,ERR,ERR,ERR,ERR,ERR,ERR,ERR,ERR,ERR,ERR,ERR,ERR,ERR,ERR,ERR,ERR,ERR,ERR,ERR,ERR,ERR,ERR,ERR,ERR,ERR,ERR,ERR,ERR,ERR,ERR,ERR,ERR,ERR,ERR,ERR,ERR,ERR,ERR,ERR,ERR,ERR,ERR,ERR,0.0,2.718447855122616e+23,-0.0,-0.0,-0.0,1.9876694226096825e+37,-0.0,-14041173.0,0,0,4,17425,7116,0.0,100,0.0,0.0,-0.0,0.0,0.0,0,0,0,0,0.0,0,0,0,0,0,0,0,0,0,0,0,0,0,0,0,0,0,0,0,0,0,0,0,0,0,0,0,0,0,0,0,0,0,31,40,40,71,65476,0,300,0,0,8,21553,0.0,-107605600.0,0.0,0.0,0.0,0.0,0.0,0.0,0.0,0.0,0.0,0.0,0.0,0.0,0.0,0.0,0.0,0.0,0.0,0.0,0.0,0.0,-2.004,-3.697070904806107e+19,0.0,0.0,0.0,0.0,0.0,0.0,5225.0,-0.0,6929.0,-107615104.0,2.718447855122616e+23,2.004,2.004,0.0,0.0,0.0,0.0,69,-0.0,-0.0,0.0,0.0,0.0,0.0,0.0,0.0,0.0,0,0,0,0.0,0.0,0.0,0.0,0.0,0.0,0.0,0.0,0.0,0.0,0.0,0.0,0.0,0.0,0.0,0.0,0,-107875648.0,69,0.0,138,0.0,2.012,ERR,ERR,ERR,ERR,ERR,ERR,ERR,ERR,ERR,ERR,ERR,ERR,ERR,ERR,ERR,ERR,ERR,ERR,ERR,ERR,ERR,ERR,ERR,ERR,ERR,ERR,ERR,ERR,ERR,ERR,ERR,ERR,ERR,ERR,ERR,ERR,ERR,ERR,ERR,ERR,ERR,ERR,ERR,ERR,ERR,ERR,ERR,ERR,ERR,ERR,ERR,ERR,ERR,ERR,ERR,ERR,ERR,ERR,ERR,ERR,ERR,ERR,ERR,ERR,ERR,ERR,ERR,60.0,60.0,35,0.0,0.0,0.0,0.0,0.0,0.0,0.0,0.0,0.0,0.0,0.0,0.0,0.0,0.0,0.0,0.0,65.2,0,121,58,45,65476,0,300,0,0,8,20529,65476,0,0,2621,60.0,0.0,0.0,0.0,0.0,0.0
2026-07-09T15:22:29,ERR,ERR,ERR,ERR,ERR,ERR,ERR,ERR,ERR,ERR,ERR,ERR,ERR,ERR,ERR,ERR,ERR,ERR,ERR,ERR,ERR,ERR,ERR,ERR,ERR,ERR,ERR,ERR,ERR,ERR,ERR,ERR,ERR,ERR,ERR,ERR,ERR,ERR,ERR,ERR,ERR,ERR,ERR,ERR,ERR,ERR,ERR,ERR,ERR,ERR,ERR,ERR,ERR,ERR,ERR,ERR,ERR,ERR,ERR,ERR,ERR,ERR,ERR,ERR,ERR,ERR,ERR,ERR,ERR,ERR,ERR,ERR,ERR,ERR,ERR,ERR,ERR,ERR,ERR,ERR,ERR,ERR,ERR,ERR,ERR,ERR,ERR,ERR,ERR,ERR,ERR,ERR,ERR,ERR,ERR,ERR,ERR,ERR,ERR,ERR,ERR,ERR,ERR,ERR,ERR,ERR,ERR,ERR,ERR,ERR,ERR,ERR,ERR,ERR,ERR,ERR,ERR,ERR,ERR,ERR,ERR,ERR,ERR,ERR,ERR,0.0,2.718447855122616e+23,-0.0,-0.0,-0.0,1.9876694226096825e+37,-0.0,-14041173.0,0,0,4,17425,7116,0.0,100,0.0,0.0,-0.0,0.0,0.0,0,0,0,0,0.0,0,0,0,0,0,0,0,0,0,0,0,0,0,0,0,0,0,0,0,0,0,0,0,0,0,0,0,0,0,0,0,0,0,31,40,40,71,65476,0,300,0,0,8,21553,0.0,-107605600.0,0.0,0.0,0.0,0.0,0.0,0.0,0.0,0.0,0.0,0.0,0.0,0.0,0.0,0.0,0.0,0.0,0.0,0.0,0.0,0.0,-2.004,-3.697070904806107e+19,0.0,0.0,0.0,0.0,0.0,0.0,5225.0,-0.0,6929.0,-107615104.0,2.718447855122616e+23,2.004,2.004,0.0,0.0,0.0,0.0,69,-0.0,-0.0,0.0,0.0,0.0,0.0,0.0,0.0,0.0,0,0,0,0.0,0.0,0.0,0.0,0.0,0.0,0.0,0.0,0.0,0.0,0.0,0.0,0.0,0.0,0.0,0.0,0,-107875648.0,69,0.0,138,0.0,2.012,ERR,ERR,ERR,ERR,ERR,ERR,ERR,ERR,ERR,ERR,ERR,ERR,ERR,ERR,ERR,ERR,ERR,ERR,ERR,ERR,ERR,ERR,ERR,ERR,ERR,ERR,ERR,ERR,ERR,ERR,ERR,ERR,ERR,ERR,ERR,ERR,ERR,ERR,ERR,ERR,ERR,ERR,ERR,ERR,ERR,ERR,ERR,ERR,ERR,ERR,ERR,ERR,ERR,ERR,ERR,ERR,ERR,ERR,ERR,ERR,ERR,ERR,ERR,ERR,ERR,ERR,ERR,60.0,60.0,35,0.0,0.0,0.0,0.0,0.0,0.0,0.0,0.0,0.0,0.0,0.0,0.0,0.0,0.0,0.0,0.0,65.2,0,121,58,45,65476,0,300,0,0,8,20529,65476,0,0,2621,60.0,0.0,0.0,0.0,0.0,0.0
2026-07-09T15:22:30,ERR,ERR,ERR,ERR,ERR,ERR,ERR,ERR,ERR,ERR,ERR,ERR,ERR,ERR,ERR,ERR,ERR,ERR,ERR,ERR,ERR,ERR,ERR,ERR,ERR,ERR,ERR,ERR,ERR,ERR,ERR,ERR,ERR,ERR,ERR,ERR,ERR,ERR,ERR,ERR,ERR,ERR,ERR,ERR,ERR,ERR,ERR,ERR,ERR,ERR,ERR,ERR,ERR,ERR,ERR,ERR,ERR,ERR,ERR,ERR,ERR,ERR,ERR,ERR,ERR,ERR,ERR,ERR,ERR,ERR,ERR,ERR,ERR,ERR,ERR,ERR,ERR,ERR,ERR,ERR,ERR,ERR,ERR,ERR,ERR,ERR,ERR,ERR,ERR,ERR,ERR,ERR,ERR,ERR,ERR,ERR,ERR,ERR,ERR,ERR,ERR,ERR,ERR,ERR,ERR,ERR,ERR,ERR,ERR,ERR,ERR,ERR,ERR,ERR,ERR,ERR,ERR,ERR,ERR,ERR,ERR,ERR,ERR,ERR,ERR,0.0,2.718447855122616e+23,-0.0,-0.0,-0.0,1.9876694226096825e+37,-0.0,-14041173.0,0,0,4,17425,7116,0.0,100,0.0,0.0,-0.0,0.0,0.0,0,0,0,0,0.0,0,0,0,0,0,0,0,0,0,0,0,0,0,0,0,0,0,0,0,0,0,0,0,0,0,0,0,0,0,0,0,0,0,31,40,40,71,65476,0,300,0,0,8,21553,0.0,-107605600.0,0.0,0.0,0.0,0.0,0.0,0.0,0.0,0.0,0.0,0.0,0.0,0.0,0.0,0.0,0.0,0.0,0.0,0.0,0.0,0.0,-2.004,-3.697070904806107e+19,0.0,0.0,0.0,0.0,0.0,0.0,5225.0,-0.0,6929.0,-107615104.0,2.718447855122616e+23,2.004,2.004,0.0,0.0,0.0,0.0,69,-0.0,-0.0,0.0,0.0,0.0,0.0,0.0,0.0,0.0,0,0,0,0.0,0.0,0.0,0.0,0.0,0.0,0.0,0.0,0.0,0.0,0.0,0.0,0.0,0.0,0.0,0.0,0,-107875648.0,69,0.0,138,0.0,2.012,ERR,ERR,ERR,ERR,ERR,ERR,ERR,ERR,ERR,ERR,ERR,ERR,ERR,ERR,ERR,ERR,ERR,ERR,ERR,ERR,ERR,ERR,ERR,ERR,ERR,ERR,ERR,ERR,ERR,ERR,ERR,ERR,ERR,ERR,ERR,ERR,ERR,ERR,ERR,ERR,ERR,ERR,ERR,ERR,ERR,ERR,ERR,ERR,ERR,ERR,ERR,ERR,ERR,ERR,ERR,ERR,ERR,ERR,ERR,ERR,ERR,ERR,ERR,ERR,ERR,ERR,ERR,60.0,60.0,35,0.0,0.0,0.0,0.0,0.0,0.0,0.0,0.0,0.0,0.0,0.0,0.0,0.0,0.0,0.0,0.0,65.2,0,121,58,45,65476,0,300,0,0,8,20529,65476,0,0,2621,60.0,0.0,0.0,0.0,0.0,0.0
2026-07-09T15:22:31,ERR,ERR,ERR,ERR,ERR,ERR,ERR,ERR,ERR,ERR,ERR,ERR,ERR,ERR,ERR,ERR,ERR,ERR,ERR,ERR,ERR,ERR,ERR,ERR,ERR,ERR,ERR,ERR,ERR,ERR,ERR,ERR,ERR,ERR,ERR,ERR,ERR,ERR,ERR,ERR,ERR,ERR,ERR,ERR,ERR,ERR,ERR,ERR,ERR,ERR,ERR,ERR,ERR,ERR,ERR,ERR,ERR,ERR,ERR,ERR,ERR,ERR,ERR,ERR,ERR,ERR,ERR,ERR,ERR,ERR,ERR,ERR,ERR,ERR,ERR,ERR,ERR,ERR,ERR,ERR,ERR,ERR,ERR,ERR,ERR,ERR,ERR,ERR,ERR,ERR,ERR,ERR,ERR,ERR,ERR,ERR,ERR,ERR,ERR,ERR,ERR,ERR,ERR,ERR,ERR,ERR,ERR,ERR,ERR,ERR,ERR,ERR,ERR,ERR,ERR,ERR,ERR,ERR,ERR,ERR,ERR,ERR,ERR,ERR,ERR,2.7184246165485387e+23,-107616136.0,0.0,0.0,-2.6643426440446416e+36,-0.517,-0.0,0.0,0,0,4,17426,7116,0.0,100,0.0,0.0,0.0,0.0,0.0,0,0,0,0,0.0,0,0,0,0,0,0,0,0,0,0,0,0,0,0,0,0,0,0,0,0,0,0,0,0,0,0,0,0,0,0,0,0,0,31,40,40,71,65476,0,300,0,0,8,21553,0.0,-107605600.0,0.0,0.0,0.0,0.0,0.0,0.0,0.0,0.0,0.0,0.0,0.0,0.0,0.0,0.0,0.0,0.0,0.0,0.0,0.0,0.0,2.004,2.004,0.0,0.0,0.0,0.0,0.0,0.0,5226.0,0.0,6912.0,2.7184246165485387e+23,0.0,2.004,2.004,0.0,0.0,0.0,0.0,69,-0.0,-3.222006087657701e+26,0.0,0.0,0.0,0.0,0.0,0.0,0.0,0,0,0,0.0,0.0,0.0,0.0,0.0,0.0,0.0,0.0,0.0,0.0,0.0,0.0,0.0,0.0,0.0,0.0,0,-107875648.0,69,0.0,138,0.0,2.012,ERR,ERR,ERR,ERR,ERR,ERR,ERR,ERR,ERR,ERR,ERR,ERR,ERR,ERR,ERR,ERR,ERR,ERR,ERR,ERR,ERR,ERR,ERR,ERR,ERR,ERR,ERR,ERR,ERR,ERR,ERR,ERR,ERR,ERR,ERR,ERR,ERR,ERR,ERR,ERR,ERR,ERR,ERR,ERR,ERR,ERR,ERR,ERR,ERR,ERR,ERR,ERR,ERR,ERR,ERR,ERR,ERR,ERR,ERR,ERR,ERR,ERR,ERR,ERR,ERR,ERR,ERR,60.0,60.0,35,0.0,0.0,0.0,0.0,0.0,0.0,0.0,0.0,0.0,0.0,0.0,0.0,0.0,0.0,0.0,0.0,65.2,0,121,58,45,65476,0,300,0,0,8,20529,65476,0,0,2621,60.0,0.0,0.0,0.0,0.0,0.0
2026-07-09T15:22:32,ERR,ERR,ERR,ERR,ERR,ERR,ERR,ERR,ERR,ERR,ERR,ERR,ERR,ERR,ERR,ERR,ERR,ERR,ERR,ERR,ERR,ERR,ERR,ERR,ERR,ERR,ERR,ERR,ERR,ERR,ERR,ERR,ERR,ERR,ERR,ERR,ERR,ERR,ERR,ERR,ERR,ERR,ERR,ERR,ERR,ERR,ERR,ERR,ERR,ERR,ERR,ERR,ERR,ERR,ERR,ERR,ERR,ERR,ERR,ERR,ERR,ERR,ERR,ERR,ERR,ERR,ERR,ERR,ERR,ERR,ERR,ERR,ERR,ERR,ERR,ERR,ERR,ERR,ERR,ERR,ERR,ERR,ERR,ERR,ERR,ERR,ERR,ERR,ERR,ERR,ERR,ERR,ERR,ERR,ERR,ERR,ERR,ERR,ERR,ERR,ERR,ERR,ERR,ERR,ERR,ERR,ERR,ERR,ERR,ERR,ERR,ERR,ERR,ERR,ERR,ERR,ERR,ERR,ERR,ERR,ERR,ERR,ERR,ERR,ERR,2.7184246165485387e+23,-107616136.0,0.0,0.0,-2.6643426440446416e+36,-0.517,-0.0,0.0,0,0,4,17426,7116,0.0,100,0.0,0.0,0.0,0.0,0.0,0,0,0,0,0.0,0,0,0,0,0,0,0,0,0,0,0,0,0,0,0,0,0,0,0,0,0,0,0,0,0,0,0,0,0,0,0,0,0,31,40,40,71,65476,0,300,0,0,8,21553,0.0,-107605600.0,0.0,0.0,0.0,0.0,0.0,0.0,0.0,0.0,0.0,0.0,0.0,0.0,0.0,0.0,0.0,0.0,0.0,0.0,0.0,0.0,2.004,2.004,0.0,0.0,0.0,0.0,0.0,0.0,5226.0,0.0,6912.0,2.7184246165485387e+23,0.0,2.004,2.004,0.0,0.0,0.0,0.0,69,-0.0,-3.222006087657701e+26,0.0,0.0,0.0,0.0,0.0,0.0,0.0,0,0,0,0.0,0.0,0.0,0.0,0.0,0.0,0.0,0.0,0.0,0.0,0.0,0.0,0.0,0.0,0.0,0.0,0,-107875648.0,69,0.0,138,0.0,2.012,ERR,ERR,ERR,ERR,ERR,ERR,ERR,ERR,ERR,ERR,ERR,ERR,ERR,ERR,ERR,ERR,ERR,ERR,ERR,ERR,ERR,ERR,ERR,ERR,ERR,ERR,ERR,ERR,ERR,ERR,ERR,ERR,ERR,ERR,ERR,ERR,ERR,ERR,ERR,ERR,ERR,ERR,ERR,ERR,ERR,ERR,ERR,ERR,ERR,ERR,ERR,ERR,ERR,ERR,ERR,ERR,ERR,ERR,ERR,ERR,ERR,ERR,ERR,ERR,ERR,ERR,ERR,60.0,60.0,35,0.0,0.0,0.0,0.0,0.0,0.0,0.0,0.0,0.0,0.0,0.0,0.0,0.0,0.0,0.0,0.0,65.2,0,121,58,45,65476,0,300,0,0,8,20529,65476,0,0,2621,60.0,0.0,0.0,0.0,0.0,0.0
2026-07-09T15:22:33,ERR,ERR,ERR,ERR,ERR,ERR,ERR,ERR,ERR,ERR,ERR,ERR,ERR,ERR,ERR,ERR,ERR,ERR,ERR,ERR,ERR,ERR,ERR,ERR,ERR,ERR,ERR,ERR,ERR,ERR,ERR,ERR,ERR,ERR,ERR,ERR,ERR,ERR,ERR,ERR,ERR,ERR,ERR,ERR,ERR,ERR,ERR,ERR,ERR,ERR,ERR,ERR,ERR,ERR,ERR,ERR,ERR,ERR,ERR,ERR,ERR,ERR,ERR,ERR,ERR,ERR,ERR,ERR,ERR,ERR,ERR,ERR,ERR,ERR,ERR,ERR,ERR,ERR,ERR,ERR,ERR,ERR,ERR,ERR,ERR,ERR,ERR,ERR,ERR,ERR,ERR,ERR,ERR,ERR,ERR,ERR,ERR,ERR,ERR,ERR,ERR,ERR,ERR,ERR,ERR,ERR,ERR,ERR,ERR,ERR,ERR,ERR,ERR,ERR,ERR,ERR,ERR,ERR,ERR,ERR,ERR,ERR,ERR,ERR,ERR,2.7184246165485387e+23,-107616136.0,0.0,0.0,-2.6643426440446416e+36,-0.517,-0.0,0.0,0,0,4,17426,7116,0.0,100,0.0,0.0,0.0,0.0,0.0,0,0,0,0,0.0,0,0,0,0,0,0,0,0,0,0,0,0,0,0,0,0,0,0,0,0,0,0,0,0,0,0,0,0,0,0,0,0,0,31,40,40,71,65476,0,300,0,0,8,21553,0.0,-107605600.0,0.0,0.0,0.0,0.0,0.0,0.0,0.0,0.0,0.0,0.0,0.0,0.0,0.0,0.0,0.0,0.0,0.0,0.0,0.0,0.0,2.004,2.004,0.0,0.0,0.0,0.0,0.0,0.0,5226.0,0.0,6912.0,2.7184246165485387e+23,0.0,2.004,2.004,0.0,0.0,0.0,0.0,69,-0.0,-3.222006087657701e+26,0.0,0.0,0.0,0.0,0.0,0.0,0.0,0,0,0,0.0,0.0,0.0,0.0,0.0,0.0,0.0,0.0,0.0,0.0,0.0,0.0,0.0,0.0,0.0,0.0,0,-107875648.0,69,0.0,138,0.0,2.012,ERR,ERR,ERR,ERR,ERR,ERR,ERR,ERR,ERR,ERR,ERR,ERR,ERR,ERR,ERR,ERR,ERR,ERR,ERR,ERR,ERR,ERR,ERR,ERR,ERR,ERR,ERR,ERR,ERR,ERR,ERR,ERR,ERR,ERR,ERR,ERR,ERR,ERR,ERR,ERR,ERR,ERR,ERR,ERR,ERR,ERR,ERR,ERR,ERR,ERR,ERR,ERR,ERR,ERR,ERR,ERR,ERR,ERR,ERR,ERR,ERR,ERR,ERR,ERR,ERR,ERR,ERR,60.0,60.0,35,0.0,0.0,0.0,0.0,0.0,0.0,0.0,0.0,0.0,0.0,0.0,0.0,0.0,0.0,0.0,0.0,65.2,0,121,58,45,65476,0,300,0,0,8,20529,65476,0,0,2621,60.0,0.0,0.0,0.0,0.0,0.0
2026-07-09T15:22:34,ERR,ERR,ERR,ERR,ERR,ERR,ERR,ERR,ERR,ERR,ERR,ERR,ERR,ERR,ERR,ERR,ERR,ERR,ERR,ERR,ERR,ERR,ERR,ERR,ERR,ERR,ERR,ERR,ERR,ERR,ERR,ERR,ERR,ERR,ERR,ERR,ERR,ERR,ERR,ERR,ERR,ERR,ERR,ERR,ERR,ERR,ERR,ERR,ERR,ERR,ERR,ERR,ERR,ERR,ERR,ERR,ERR,ERR,ERR,ERR,ERR,ERR,ERR,ERR,ERR,ERR,ERR,ERR,ERR,ERR,ERR,ERR,ERR,ERR,ERR,ERR,ERR,ERR,ERR,ERR,ERR,ERR,ERR,ERR,ERR,ERR,ERR,ERR,ERR,ERR,ERR,ERR,ERR,ERR,ERR,ERR,ERR,ERR,ERR,ERR,ERR,ERR,ERR,ERR,ERR,ERR,ERR,ERR,ERR,ERR,ERR,ERR,ERR,ERR,ERR,ERR,ERR,ERR,ERR,ERR,ERR,ERR,ERR,ERR,ERR,2.7184246165485387e+23,-107616136.0,0.0,0.0,-2.6643426440446416e+36,-0.517,-0.0,0.0,0,0,4,17426,7116,0.0,100,0.0,0.0,0.0,0.0,0.0,0,0,0,0,0.0,0,0,0,0,0,0,0,0,0,0,0,0,0,0,0,0,0,0,0,0,0,0,0,0,0,0,0,0,0,0,0,0,0,31,40,40,71,65476,0,300,0,0,8,21553,0.0,-107605600.0,0.0,0.0,0.0,0.0,0.0,0.0,0.0,0.0,0.0,0.0,0.0,0.0,0.0,0.0,0.0,0.0,0.0,0.0,0.0,0.0,2.004,2.004,0.0,0.0,0.0,0.0,0.0,0.0,5226.0,0.0,6912.0,2.7184246165485387e+23,0.0,2.004,2.004,0.0,0.0,0.0,0.0,69,-0.0,-3.222006087657701e+26,0.0,0.0,0.0,0.0,0.0,0.0,0.0,0,0,0,0.0,0.0,0.0,0.0,0.0,0.0,0.0,0.0,0.0,0.0,0.0,0.0,0.0,0.0,0.0,0.0,0,-107875648.0,69,0.0,138,0.0,2.012,ERR,ERR,ERR,ERR,ERR,ERR,ERR,ERR,ERR,ERR,ERR,ERR,ERR,ERR,ERR,ERR,ERR,ERR,ERR,ERR,ERR,ERR,ERR,ERR,ERR,ERR,ERR,ERR,ERR,ERR,ERR,ERR,ERR,ERR,ERR,ERR,ERR,ERR,ERR,ERR,ERR,ERR,ERR,ERR,ERR,ERR,ERR,ERR,ERR,ERR,ERR,ERR,ERR,ERR,ERR,ERR,ERR,ERR,ERR,ERR,ERR,ERR,ERR,ERR,ERR,ERR,ERR,60.0,60.0,35,0.0,0.0,0.0,0.0,0.0,0.0,0.0,0.0,0.0,0.0,0.0,0.0,0.0,0.0,0.0,0.0,65.2,0,121,58,45,65476,0,300,0,0,8,20529,65476,0,0,2621,60.0,0.0,0.0,0.0,0.0,0.0
2026-07-09T15:22:35,ERR,ERR,ERR,ERR,ERR,ERR,ERR,ERR,ERR,ERR,ERR,ERR,ERR,ERR,ERR,ERR,ERR,ERR,ERR,ERR,ERR,ERR,ERR,ERR,ERR,ERR,ERR,ERR,ERR,ERR,ERR,ERR,ERR,ERR,ERR,ERR,ERR,ERR,ERR,ERR,ERR,ERR,ERR,ERR,ERR,ERR,ERR,ERR,ERR,ERR,ERR,ERR,ERR,ERR,ERR,ERR,ERR,ERR,ERR,ERR,ERR,ERR,ERR,ERR,ERR,ERR,ERR,ERR,ERR,ERR,ERR,ERR,ERR,ERR,ERR,ERR,ERR,ERR,ERR,ERR,ERR,ERR,ERR,ERR,ERR,ERR,ERR,ERR,ERR,ERR,ERR,ERR,ERR,ERR,ERR,ERR,ERR,ERR,ERR,ERR,ERR,ERR,ERR,ERR,ERR,ERR,ERR,ERR,ERR,ERR,ERR,ERR,ERR,ERR,ERR,ERR,ERR,ERR,ERR,ERR,ERR,ERR,ERR,ERR,ERR,2.7184246165485387e+23,0.0,0.0,0.0,2.4374822734022263e+32,0.006,19435346.0,9.470309302610512e+29,0,0,4,17428,7116,0.0,100,0.0,0.0,0.0,0.0,0.0,0,0,0,0,0.0,0,0,0,0,0,0,0,0,0,0,0,0,0,0,0,0,0,0,0,0,0,0,0,0,0,0,0,0,0,0,0,0,0,31,40,40,71,65476,0,300,0,0,8,21553,0.0,-107605600.0,0.0,0.0,0.0,0.0,0.0,0.0,0.0,0.0,0.0,0.0,0.0,0.0,0.0,0.0,0.0,0.0,0.0,0.0,0.0,0.0,2.004,-0.0,0.0,0.0,0.0,0.0,0.0,0.0,5269.0,564146370248704.0,6923.0,2.7184246165485387e+23,2.718448035266601e+23,2.004,2.004,0.0,0.0,0.0,0.0,69,-4.95040229166093e+32,89220.641,0.0,0.0,0.0,0.0,0.0,0.0,0.0,0,0,0,0.0,0.0,0.0,0.0,0.0,0.0,0.0,0.0,0.0,0.0,0.0,0.0,0.0,0.0,0.0,0.0,0,-107875648.0,69,0.0,138,0.0,2.012,ERR,ERR,ERR,ERR,ERR,ERR,ERR,ERR,ERR,ERR,ERR,ERR,ERR,ERR,ERR,ERR,ERR,ERR,ERR,ERR,ERR,ERR,ERR,ERR,ERR,ERR,ERR,ERR,ERR,ERR,ERR,ERR,ERR,ERR,ERR,ERR,ERR,ERR,ERR,ERR,ERR,ERR,ERR,ERR,ERR,ERR,ERR,ERR,ERR,ERR,ERR,ERR,ERR,ERR,ERR,ERR,ERR,ERR,ERR,ERR,ERR,ERR,ERR,ERR,ERR,ERR,ERR,60.0,60.0,35,0.0,0.0,0.0,0.0,0.0,0.0,0.0,0.0,0.0,0.0,0.0,0.0,0.0,0.0,0.0,0.0,65.2,0,121,58,45,65476,0,300,0,0,8,20529,65476,0,0,2621,60.0,0.0,0.0,0.0,0.0,0.0
2026-07-09T15:22:36,ERR,ERR,ERR,ERR,ERR,ERR,ERR,ERR,ERR,ERR,ERR,ERR,ERR,ERR,ERR,ERR,ERR,ERR,ERR,ERR,ERR,ERR,ERR,ERR,ERR,ERR,ERR,ERR,ERR,ERR,ERR,ERR,ERR,ERR,ERR,ERR,ERR,ERR,ERR,ERR,ERR,ERR,ERR,ERR,ERR,ERR,ERR,ERR,ERR,ERR,ERR,ERR,ERR,ERR,ERR,ERR,ERR,ERR,ERR,ERR,ERR,ERR,ERR,ERR,ERR,ERR,ERR,ERR,ERR,ERR,ERR,ERR,ERR,ERR,ERR,ERR,ERR,ERR,ERR,ERR,ERR,ERR,ERR,ERR,ERR,ERR,ERR,ERR,ERR,ERR,ERR,ERR,ERR,ERR,ERR,ERR,ERR,ERR,ERR,ERR,ERR,ERR,ERR,ERR,ERR,ERR,ERR,ERR,ERR,ERR,ERR,ERR,ERR,ERR,ERR,ERR,ERR,ERR,ERR,ERR,ERR,ERR,ERR,ERR,ERR,2.7184246165485387e+23,0.0,0.0,0.0,2.4374822734022263e+32,0.006,19435346.0,9.470309302610512e+29,0,0,4,17428,7116,0.0,100,0.0,0.0,0.0,0.0,0.0,0,0,0,0,0.0,0,0,0,0,0,0,0,0,0,0,0,0,0,0,0,0,0,0,0,0,0,0,0,0,0,0,0,0,0,0,0,0,0,31,40,40,71,65476,0,300,0,0,8,21553,0.0,-107605600.0,0.0,0.0,0.0,0.0,0.0,0.0,0.0,0.0,0.0,0.0,0.0,0.0,0.0,0.0,0.0,0.0,0.0,0.0,0.0,0.0,2.004,-0.0,0.0,0.0,0.0,0.0,0.0,0.0,5269.0,564146370248704.0,6923.0,2.7184246165485387e+23,2.718448035266601e+23,2.004,2.004,0.0,0.0,0.0,0.0,69,-4.95040229166093e+32,89220.641,0.0,0.0,0.0,0.0,0.0,0.0,0.0,0,0,0,0.0,0.0,0.0,0.0,0.0,0.0,0.0,0.0,0.0,0.0,0.0,0.0,0.0,0.0,0.0,0.0,0,-107875648.0,69,0.0,138,0.0,2.012,ERR,ERR,ERR,ERR,ERR,ERR,ERR,ERR,ERR,ERR,ERR,ERR,ERR,ERR,ERR,ERR,ERR,ERR,ERR,ERR,ERR,ERR,ERR,ERR,ERR,ERR,ERR,ERR,ERR,ERR,ERR,ERR,ERR,ERR,ERR,ERR,ERR,ERR,ERR,ERR,ERR,ERR,ERR,ERR,ERR,ERR,ERR,ERR,ERR,ERR,ERR,ERR,ERR,ERR,ERR,ERR,ERR,ERR,ERR,ERR,ERR,ERR,ERR,ERR,ERR,ERR,ERR,60.0,60.0,35,0.0,0.0,0.0,0.0,0.0,0.0,0.0,0.0,0.0,0.0,0.0,0.0,0.0,0.0,0.0,0.0,65.6,0,121,58,45,65476,0,300,0,0,8,20529,65476,0,0,2621,60.0,0.0,0.0,0.0,0.0,0.0
2026-07-09T15:22:37,ERR,ERR,ERR,ERR,ERR,ERR,ERR,ERR,ERR,ERR,ERR,ERR,ERR,ERR,ERR,ERR,ERR,ERR,ERR,ERR,ERR,ERR,ERR,ERR,ERR,ERR,ERR,ERR,ERR,ERR,ERR,ERR,ERR,ERR,ERR,ERR,ERR,ERR,ERR,ERR,ERR,ERR,ERR,ERR,ERR,ERR,ERR,ERR,ERR,ERR,ERR,ERR,ERR,ERR,ERR,ERR,ERR,ERR,ERR,ERR,ERR,ERR,ERR,ERR,ERR,ERR,ERR,ERR,ERR,ERR,ERR,ERR,ERR,ERR,ERR,ERR,ERR,ERR,ERR,ERR,ERR,ERR,ERR,ERR,ERR,ERR,ERR,ERR,ERR,ERR,ERR,ERR,ERR,ERR,ERR,ERR,ERR,ERR,ERR,ERR,ERR,ERR,ERR,ERR,ERR,ERR,ERR,ERR,ERR,ERR,ERR,ERR,ERR,ERR,ERR,ERR,ERR,ERR,ERR,ERR,ERR,ERR,ERR,ERR,ERR,2.7184246165485387e+23,0.0,0.0,0.0,2.4374822734022263e+32,0.006,19435346.0,9.470309302610512e+29,0,0,4,17428,7116,0.0,100,0.0,0.0,0.0,0.0,0.0,0,0,0,0,0.0,0,0,0,0,0,0,0,0,0,0,0,0,0,0,0,0,0,0,0,0,0,0,0,0,0,0,0,0,0,0,0,0,0,31,40,40,71,65476,0,300,0,0,8,21553,0.0,-107605600.0,0.0,0.0,0.0,0.0,0.0,0.0,0.0,0.0,0.0,0.0,0.0,0.0,0.0,0.0,0.0,0.0,0.0,0.0,0.0,0.0,2.004,-0.0,0.0,0.0,0.0,0.0,0.0,0.0,5269.0,564146370248704.0,6923.0,2.7184246165485387e+23,2.718448035266601e+23,2.004,2.004,0.0,0.0,0.0,0.0,69,-4.95040229166093e+32,89220.641,0.0,0.0,0.0,0.0,0.0,0.0,0.0,0,0,0,0.0,0.0,0.0,0.0,0.0,0.0,0.0,0.0,0.0,0.0,0.0,0.0,0.0,0.0,0.0,0.0,0,-107875648.0,69,0.0,138,0.0,2.012,ERR,ERR,ERR,ERR,ERR,ERR,ERR,ERR,ERR,ERR,ERR,ERR,ERR,ERR,ERR,ERR,ERR,ERR,ERR,ERR,ERR,ERR,ERR,ERR,ERR,ERR,ERR,ERR,ERR,ERR,ERR,ERR,ERR,ERR,ERR,ERR,ERR,ERR,ERR,ERR,ERR,ERR,ERR,ERR,ERR,ERR,ERR,ERR,ERR,ERR,ERR,ERR,ERR,ERR,ERR,ERR,ERR,ERR,ERR,ERR,ERR,ERR,ERR,ERR,ERR,ERR,ERR,60.0,60.0,35,0.0,0.0,0.0,0.0,0.0,0.0,0.0,0.0,0.0,0.0,0.0,0.0,0.0,0.0,0.0,0.0,65.6,0,121,58,45,65476,0,300,0,0,8,20529,65476,0,0,2621,60.0,0.0,0.0,0.0,0.0,0.0
2026-07-09T15:22:38,ERR,ERR,ERR,ERR,ERR,ERR,ERR,ERR,ERR,ERR,ERR,ERR,ERR,ERR,ERR,ERR,ERR,ERR,ERR,ERR,ERR,ERR,ERR,ERR,ERR,ERR,ERR,ERR,ERR,ERR,ERR,ERR,ERR,ERR,ERR,ERR,ERR,ERR,ERR,ERR,ERR,ERR,ERR,ERR,ERR,ERR,ERR,ERR,ERR,ERR,ERR,ERR,ERR,ERR,ERR,ERR,ERR,ERR,ERR,ERR,ERR,ERR,ERR,ERR,ERR,ERR,ERR,ERR,ERR,ERR,ERR,ERR,ERR,ERR,ERR,ERR,ERR,ERR,ERR,ERR,ERR,ERR,ERR,ERR,ERR,ERR,ERR,ERR,ERR,ERR,ERR,ERR,ERR,ERR,ERR,ERR,ERR,ERR,ERR,ERR,ERR,ERR,ERR,ERR,ERR,ERR,ERR,ERR,ERR,ERR,ERR,ERR,ERR,ERR,ERR,ERR,ERR,ERR,ERR,ERR,ERR,ERR,ERR,ERR,ERR,2.7184246165485387e+23,0.0,0.0,0.0,2.4374822734022263e+32,0.006,19435346.0,9.470309302610512e+29,0,0,4,17428,7116,0.0,100,0.0,0.0,0.0,0.0,0.0,0,0,0,0,0.0,0,0,0,0,0,0,0,0,0,0,0,0,0,0,0,0,0,0,0,0,0,0,0,0,0,0,0,0,0,0,0,0,0,31,40,40,71,65476,0,300,0,0,8,21553,0.0,-107605600.0,0.0,0.0,0.0,0.0,0.0,0.0,0.0,0.0,0.0,0.0,0.0,0.0,0.0,0.0,0.0,0.0,0.0,0.0,0.0,0.0,2.004,-0.0,0.0,0.0,0.0,0.0,0.0,0.0,5269.0,564146370248704.0,6923.0,2.7184246165485387e+23,2.718448035266601e+23,2.004,2.004,0.0,0.0,0.0,0.0,69,-4.95040229166093e+32,89220.641,0.0,0.0,0.0,0.0,0.0,0.0,0.0,0,0,0,0.0,0.0,0.0,0.0,0.0,0.0,0.0,0.0,0.0,0.0,0.0,0.0,0.0,0.0,0.0,0.0,0,-107875648.0,69,0.0,138,0.0,2.012,ERR,ERR,ERR,ERR,ERR,ERR,ERR,ERR,ERR,ERR,ERR,ERR,ERR,ERR,ERR,ERR,ERR,ERR,ERR,ERR,ERR,ERR,ERR,ERR,ERR,ERR,ERR,ERR,ERR,ERR,ERR,ERR,ERR,ERR,ERR,ERR,ERR,ERR,ERR,ERR,ERR,ERR,ERR,ERR,ERR,ERR,ERR,ERR,ERR,ERR,ERR,ERR,ERR,ERR,ERR,ERR,ERR,ERR,ERR,ERR,ERR,ERR,ERR,ERR,ERR,ERR,ERR,60.0,60.0,35,0.0,0.0,0.0,0.0,0.0,0.0,0.0,0.0,0.0,0.0,0.0,0.0,0.0,0.0,0.0,0.0,65.2,0,121,58,45,65476,0,300,0,0,8,20529,65476,0,0,2621,60.0,0.0,0.0,0.0,0.0,0.0
2026-07-09T15:22:39,ERR,ERR,ERR,ERR,ERR,ERR,ERR,ERR,ERR,ERR,ERR,ERR,ERR,ERR,ERR,ERR,ERR,ERR,ERR,ERR,ERR,ERR,ERR,ERR,ERR,ERR,ERR,ERR,ERR,ERR,ERR,ERR,ERR,ERR,ERR,ERR,ERR,ERR,ERR,ERR,ERR,ERR,ERR,ERR,ERR,ERR,ERR,ERR,ERR,ERR,ERR,ERR,ERR,ERR,ERR,ERR,ERR,ERR,ERR,ERR,ERR,ERR,ERR,ERR,ERR,ERR,ERR,ERR,ERR,ERR,ERR,ERR,ERR,ERR,ERR,ERR,ERR,ERR,ERR,ERR,ERR,ERR,ERR,ERR,ERR,ERR,ERR,ERR,ERR,ERR,ERR,ERR,ERR,ERR,ERR,ERR,ERR,ERR,ERR,ERR,ERR,ERR,ERR,ERR,ERR,ERR,ERR,ERR,ERR,ERR,ERR,ERR,ERR,ERR,ERR,ERR,ERR,ERR,ERR,ERR,ERR,ERR,ERR,ERR,ERR,2.7184246165485387e+23,0.0,0.0,0.0,2.4374822734022263e+32,0.006,19435346.0,9.470309302610512e+29,0,0,4,17428,7116,0.0,100,0.0,0.0,0.0,0.0,0.0,0,0,0,0,0.0,0,0,0,0,0,0,0,0,0,0,0,0,0,0,0,0,0,0,0,0,0,0,0,0,0,0,0,0,0,0,0,0,0,31,40,40,71,65476,0,300,0,0,8,21553,0.0,-107605600.0,0.0,0.0,0.0,0.0,0.0,0.0,0.0,0.0,0.0,0.0,0.0,0.0,0.0,0.0,0.0,0.0,0.0,0.0,0.0,0.0,2.004,-0.0,0.0,0.0,0.0,0.0,0.0,0.0,5269.0,564146370248704.0,6923.0,2.7184246165485387e+23,2.718448035266601e+23,2.004,2.004,0.0,0.0,0.0,0.0,69,-4.95040229166093e+32,89220.641,0.0,0.0,0.0,0.0,0.0,0.0,0.0,0,0,0,0.0,0.0,0.0,0.0,0.0,0.0,0.0,0.0,0.0,0.0,0.0,0.0,0.0,0.0,0.0,0.0,0,-107875648.0,69,0.0,138,0.0,2.012,ERR,ERR,ERR,ERR,ERR,ERR,ERR,ERR,ERR,ERR,ERR,ERR,ERR,ERR,ERR,ERR,ERR,ERR,ERR,ERR,ERR,ERR,ERR,ERR,ERR,ERR,ERR,ERR,ERR,ERR,ERR,ERR,ERR,ERR,ERR,ERR,ERR,ERR,ERR,ERR,ERR,ERR,ERR,ERR,ERR,ERR,ERR,ERR,ERR,ERR,ERR,ERR,ERR,ERR,ERR,ERR,ERR,ERR,ERR,ERR,ERR,ERR,ERR,ERR,ERR,ERR,ERR,60.0,60.0,35,0.0,0.0,0.0,0.0,0.0,0.0,0.0,0.0,0.0,0.0,0.0,0.0,0.0,0.0,0.0,0.0,65.2,0,121,58,45,65476,0,300,0,0,8,20529,65476,0,0,2621,60.0,0.0,0.0,0.0,0.0,0.0
2026-07-09T15:22:40,ERR,ERR,ERR,ERR,ERR,ERR,ERR,ERR,ERR,ERR,ERR,ERR,ERR,ERR,ERR,ERR,ERR,ERR,ERR,ERR,ERR,ERR,ERR,ERR,ERR,ERR,ERR,ERR,ERR,ERR,ERR,ERR,ERR,ERR,ERR,ERR,ERR,ERR,ERR,ERR,ERR,ERR,ERR,ERR,ERR,ERR,ERR,ERR,ERR,ERR,ERR,ERR,ERR,ERR,ERR,ERR,ERR,ERR,ERR,ERR,ERR,ERR,ERR,ERR,ERR,ERR,ERR,ERR,ERR,ERR,ERR,ERR,ERR,ERR,ERR,ERR,ERR,ERR,ERR,ERR,ERR,ERR,ERR,ERR,ERR,ERR,ERR,ERR,ERR,ERR,ERR,ERR,ERR,ERR,ERR,ERR,ERR,ERR,ERR,ERR,ERR,ERR,ERR,ERR,ERR,ERR,ERR,ERR,ERR,ERR,ERR,ERR,ERR,ERR,ERR,ERR,ERR,ERR,ERR,ERR,ERR,ERR,ERR,ERR,ERR,-107615104.0,-107616144.0,-107615136.0,0.0,-1.9850901968458978e+28,-0.0,-0.0,-28344500.0,0,0,4,17428,7116,0.0,100,0.0,0.0,0.0,0.0,0.0,0,0,0,0,0.0,0,0,0,0,0,0,0,0,0,0,0,0,0,0,0,0,0,0,0,0,0,0,0,0,0,0,0,0,0,0,0,0,0,31,40,40,71,65476,0,300,0,0,8,21553,0.0,-107605600.0,0.0,0.0,0.0,0.0,0.0,0.0,0.0,0.0,0.0,0.0,0.0,0.0,0.0,0.0,0.0,0.0,0.0,0.0,0.0,0.0,-0.0,-2.004,0.0,0.0,0.0,0.0,0.0,0.0,5274.0,-0.0,6931.0,0.0,-107616144.0,2.004,2.004,0.0,0.0,0.0,0.0,69,1.9056864381632512e+17,-152017448206336.0,0.0,0.0,0.0,0.0,0.0,0.0,0.0,0,0,0,0.0,0.0,0.0,0.0,0.0,0.0,0.0,0.0,0.0,0.0,0.0,0.0,0.0,0.0,0.0,0.0,0,-107875648.0,69,0.0,138,0.0,2.012,ERR,ERR,ERR,ERR,ERR,ERR,ERR,ERR,ERR,ERR,ERR,ERR,ERR,ERR,ERR,ERR,ERR,ERR,ERR,ERR,ERR,ERR,ERR,ERR,ERR,ERR,ERR,ERR,ERR,ERR,ERR,ERR,ERR,ERR,ERR,ERR,ERR,ERR,ERR,ERR,ERR,ERR,ERR,ERR,ERR,ERR,ERR,ERR,ERR,ERR,ERR,ERR,ERR,ERR,ERR,ERR,ERR,ERR,ERR,ERR,ERR,ERR,ERR,ERR,ERR,ERR,ERR,60.0,60.0,35,0.0,0.0,0.0,0.0,0.0,0.0,0.0,0.0,0.0,0.0,0.0,0.0,0.0,0.0,0.0,0.0,65.2,0,121,58,45,65476,0,300,0,0,8,20529,65476,0,0,2621,60.0,0.0,0.0,0.0,0.0,0.0
2026-07-09T15:22:41,ERR,ERR,ERR,ERR,ERR,ERR,ERR,ERR,ERR,ERR,ERR,ERR,ERR,ERR,ERR,ERR,ERR,ERR,ERR,ERR,ERR,ERR,ERR,ERR,ERR,ERR,ERR,ERR,ERR,ERR,ERR,ERR,ERR,ERR,ERR,ERR,ERR,ERR,ERR,ERR,ERR,ERR,ERR,ERR,ERR,ERR,ERR,ERR,ERR,ERR,ERR,ERR,ERR,ERR,ERR,ERR,ERR,ERR,ERR,ERR,ERR,ERR,ERR,ERR,ERR,ERR,ERR,ERR,ERR,ERR,ERR,ERR,ERR,ERR,ERR,ERR,ERR,ERR,ERR,ERR,ERR,ERR,ERR,ERR,ERR,ERR,ERR,ERR,ERR,ERR,ERR,ERR,ERR,ERR,ERR,ERR,ERR,ERR,ERR,ERR,ERR,ERR,ERR,ERR,ERR,ERR,ERR,ERR,ERR,ERR,ERR,ERR,ERR,ERR,ERR,ERR,ERR,ERR,ERR,ERR,ERR,ERR,ERR,ERR,ERR,-107615104.0,-107616144.0,-107615136.0,0.0,-1.9850901968458978e+28,-0.0,-0.0,-28344500.0,0,0,4,17428,7116,0.0,100,0.0,0.0,0.0,0.0,0.0,0,0,0,0,0.0,0,0,0,0,0,0,0,0,0,0,0,0,0,0,0,0,0,0,0,0,0,0,0,0,0,0,0,0,0,0,0,0,0,31,40,40,71,65476,0,300,0,0,8,21553,0.0,-107605600.0,0.0,0.0,0.0,0.0,0.0,0.0,0.0,0.0,0.0,0.0,0.0,0.0,0.0,0.0,0.0,0.0,0.0,0.0,0.0,0.0,-0.0,-2.004,0.0,0.0,0.0,0.0,0.0,0.0,5274.0,-0.0,6931.0,0.0,-107616144.0,2.004,2.004,0.0,0.0,0.0,0.0,69,1.9056864381632512e+17,-152017448206336.0,0.0,0.0,0.0,0.0,0.0,0.0,0.0,0,0,0,0.0,0.0,0.0,0.0,0.0,0.0,0.0,0.0,0.0,0.0,0.0,0.0,0.0,0.0,0.0,0.0,0,-107875648.0,69,0.0,138,0.0,2.012,ERR,ERR,ERR,ERR,ERR,ERR,ERR,ERR,ERR,ERR,ERR,ERR,ERR,ERR,ERR,ERR,ERR,ERR,ERR,ERR,ERR,ERR,ERR,ERR,ERR,ERR,ERR,ERR,ERR,ERR,ERR,ERR,ERR,ERR,ERR,ERR,ERR,ERR,ERR,ERR,ERR,ERR,ERR,ERR,ERR,ERR,ERR,ERR,ERR,ERR,ERR,ERR,ERR,ERR,ERR,ERR,ERR,ERR,ERR,ERR,ERR,ERR,ERR,ERR,ERR,ERR,ERR,60.0,60.0,35,0.0,0.0,0.0,0.0,0.0,0.0,0.0,0.0,0.0,0.0,0.0,0.0,0.0,0.0,0.0,0.0,65.6,0,121,58,45,65476,0,300,0,0,8,20529,65476,0,0,2621,60.0,0.0,0.0,0.0,0.0,0.0
2026-07-09T15:22:42,ERR,ERR,ERR,ERR,ERR,ERR,ERR,ERR,ERR,ERR,ERR,ERR,ERR,ERR,ERR,ERR,ERR,ERR,ERR,ERR,ERR,ERR,ERR,ERR,ERR,ERR,ERR,ERR,ERR,ERR,ERR,ERR,ERR,ERR,ERR,ERR,ERR,ERR,ERR,ERR,ERR,ERR,ERR,ERR,ERR,ERR,ERR,ERR,ERR,ERR,ERR,ERR,ERR,ERR,ERR,ERR,ERR,ERR,ERR,ERR,ERR,ERR,ERR,ERR,ERR,ERR,ERR,ERR,ERR,ERR,ERR,ERR,ERR,ERR,ERR,ERR,ERR,ERR,ERR,ERR,ERR,ERR,ERR,ERR,ERR,ERR,ERR,ERR,ERR,ERR,ERR,ERR,ERR,ERR,ERR,ERR,ERR,ERR,ERR,ERR,ERR,ERR,ERR,ERR,ERR,ERR,ERR,ERR,ERR,ERR,ERR,ERR,ERR,ERR,ERR,ERR,ERR,ERR,ERR,ERR,ERR,ERR,ERR,ERR,ERR,-107615104.0,-107616144.0,-107615136.0,0.0,-1.9850901968458978e+28,-0.0,-0.0,-28344500.0,0,0,4,17428,7116,0.0,100,0.0,0.0,0.0,0.0,0.0,0,0,0,0,0.0,0,0,0,0,0,0,0,0,0,0,0,0,0,0,0,0,0,0,0,0,0,0,0,0,0,0,0,0,0,0,0,0,0,31,40,40,71,65476,0,300,0,0,8,21553,0.0,-107605600.0,0.0,0.0,0.0,0.0,0.0,0.0,0.0,0.0,0.0,0.0,0.0,0.0,0.0,0.0,0.0,0.0,0.0,0.0,0.0,0.0,-0.0,-2.004,0.0,0.0,0.0,0.0,0.0,0.0,5274.0,-0.0,6931.0,0.0,-107616144.0,2.004,2.004,0.0,0.0,0.0,0.0,69,1.9056864381632512e+17,-152017448206336.0,0.0,0.0,0.0,0.0,0.0,0.0,0.0,0,0,0,0.0,0.0,0.0,0.0,0.0,0.0,0.0,0.0,0.0,0.0,0.0,0.0,0.0,0.0,0.0,0.0,0,-107875648.0,69,0.0,138,0.0,2.012,ERR,ERR,ERR,ERR,ERR,ERR,ERR,ERR,ERR,ERR,ERR,ERR,ERR,ERR,ERR,ERR,ERR,ERR,ERR,ERR,ERR,ERR,ERR,ERR,ERR,ERR,ERR,ERR,ERR,ERR,ERR,ERR,ERR,ERR,ERR,ERR,ERR,ERR,ERR,ERR,ERR,ERR,ERR,ERR,ERR,ERR,ERR,ERR,ERR,ERR,ERR,ERR,ERR,ERR,ERR,ERR,ERR,ERR,ERR,ERR,ERR,ERR,ERR,ERR,ERR,ERR,ERR,60.0,60.0,35,0.0,0.0,0.0,0.0,0.0,0.0,0.0,0.0,0.0,0.0,0.0,0.0,0.0,0.0,0.0,0.0,65.6,0,121,58,45,65476,0,300,0,0,8,20529,65476,0,0,2621,60.0,0.0,0.0,0.0,0.0,0.0
2026-07-09T15:22:43,ERR,ERR,ERR,ERR,ERR,ERR,ERR,ERR,ERR,ERR,ERR,ERR,ERR,ERR,ERR,ERR,ERR,ERR,ERR,ERR,ERR,ERR,ERR,ERR,ERR,ERR,ERR,ERR,ERR,ERR,ERR,ERR,ERR,ERR,ERR,ERR,ERR,ERR,ERR,ERR,ERR,ERR,ERR,ERR,ERR,ERR,ERR,ERR,ERR,ERR,ERR,ERR,ERR,ERR,ERR,ERR,ERR,ERR,ERR,ERR,ERR,ERR,ERR,ERR,ERR,ERR,ERR,ERR,ERR,ERR,ERR,ERR,ERR,ERR,ERR,ERR,ERR,ERR,ERR,ERR,ERR,ERR,ERR,ERR,ERR,ERR,ERR,ERR,ERR,ERR,ERR,ERR,ERR,ERR,ERR,ERR,ERR,ERR,ERR,ERR,ERR,ERR,ERR,ERR,ERR,ERR,ERR,ERR,ERR,ERR,ERR,ERR,ERR,ERR,ERR,ERR,ERR,ERR,ERR,ERR,ERR,ERR,ERR,ERR,ERR,-107615104.0,-107616144.0,-107615136.0,0.0,-1.9850901968458978e+28,-0.0,-0.0,-28344500.0,0,0,4,17428,7116,0.0,100,0.0,0.0,0.0,0.0,0.0,0,0,0,0,0.0,0,0,0,0,0,0,0,0,0,0,0,0,0,0,0,0,0,0,0,0,0,0,0,0,0,0,0,0,0,0,0,0,0,31,40,40,71,65476,0,300,0,0,8,21553,0.0,-107605600.0,0.0,0.0,0.0,0.0,0.0,0.0,0.0,0.0,0.0,0.0,0.0,0.0,0.0,0.0,0.0,0.0,0.0,0.0,0.0,0.0,-0.0,-2.004,0.0,0.0,0.0,0.0,0.0,0.0,5274.0,-0.0,6931.0,0.0,-107616144.0,2.004,2.004,0.0,0.0,0.0,0.0,69,1.9056864381632512e+17,-152017448206336.0,0.0,0.0,0.0,0.0,0.0,0.0,0.0,0,0,0,0.0,0.0,0.0,0.0,0.0,0.0,0.0,0.0,0.0,0.0,0.0,0.0,0.0,0.0,0.0,0.0,0,-107875648.0,69,0.0,138,0.0,2.012,ERR,ERR,ERR,ERR,ERR,ERR,ERR,ERR,ERR,ERR,ERR,ERR,ERR,ERR,ERR,ERR,ERR,ERR,ERR,ERR,ERR,ERR,ERR,ERR,ERR,ERR,ERR,ERR,ERR,ERR,ERR,ERR,ERR,ERR,ERR,ERR,ERR,ERR,ERR,ERR,ERR,ERR,ERR,ERR,ERR,ERR,ERR,ERR,ERR,ERR,ERR,ERR,ERR,ERR,ERR,ERR,ERR,ERR,ERR,ERR,ERR,ERR,ERR,ERR,ERR,ERR,ERR,60.0,60.0,35,0.0,0.0,0.0,0.0,0.0,0.0,0.0,0.0,0.0,0.0,0.0,0.0,0.0,0.0,0.0,0.0,65.2,0,121,58,45,65476,0,300,0,0,8,20529,65476,0,0,2621,60.0,0.0,0.0,0.0,0.0,0.0
2026-07-09T15:22:44,ERR,ERR,ERR,ERR,ERR,ERR,ERR,ERR,ERR,ERR,ERR,ERR,ERR,ERR,ERR,ERR,ERR,ERR,ERR,ERR,ERR,ERR,ERR,ERR,ERR,ERR,ERR,ERR,ERR,ERR,ERR,ERR,ERR,ERR,ERR,ERR,ERR,ERR,ERR,ERR,ERR,ERR,ERR,ERR,ERR,ERR,ERR,ERR,ERR,ERR,ERR,ERR,ERR,ERR,ERR,ERR,ERR,ERR,ERR,ERR,ERR,ERR,ERR,ERR,ERR,ERR,ERR,ERR,ERR,ERR,ERR,ERR,ERR,ERR,ERR,ERR,ERR,ERR,ERR,ERR,ERR,ERR,ERR,ERR,ERR,ERR,ERR,ERR,ERR,ERR,ERR,ERR,ERR,ERR,ERR,ERR,ERR,ERR,ERR,ERR,ERR,ERR,ERR,ERR,ERR,ERR,ERR,ERR,ERR,ERR,ERR,ERR,ERR,ERR,ERR,ERR,ERR,ERR,ERR,ERR,ERR,ERR,ERR,ERR,ERR,-107615104.0,-107616144.0,-107615136.0,0.0,-1.9850901968458978e+28,-0.0,-0.0,-28344500.0,0,0,4,17428,7116,0.0,100,0.0,0.0,0.0,0.0,0.0,0,0,0,0,0.0,0,0,0,0,0,0,0,0,0,0,0,0,0,0,0,0,0,0,0,0,0,0,0,0,0,0,0,0,0,0,0,0,0,31,40,40,71,65476,0,300,0,0,8,21553,0.0,-107605600.0,0.0,0.0,0.0,0.0,0.0,0.0,0.0,0.0,0.0,0.0,0.0,0.0,0.0,0.0,0.0,0.0,0.0,0.0,0.0,0.0,-0.0,-2.004,0.0,0.0,0.0,0.0,0.0,0.0,5274.0,-0.0,6931.0,0.0,-107616144.0,2.004,2.004,0.0,0.0,0.0,0.0,69,1.9056864381632512e+17,-152017448206336.0,0.0,0.0,0.0,0.0,0.0,0.0,0.0,0,0,0,0.0,0.0,0.0,0.0,0.0,0.0,0.0,0.0,0.0,0.0,0.0,0.0,0.0,0.0,0.0,0.0,0,-107875648.0,69,0.0,138,0.0,2.012,ERR,ERR,ERR,ERR,ERR,ERR,ERR,ERR,ERR,ERR,ERR,ERR,ERR,ERR,ERR,ERR,ERR,ERR,ERR,ERR,ERR,ERR,ERR,ERR,ERR,ERR,ERR,ERR,ERR,ERR,ERR,ERR,ERR,ERR,ERR,ERR,ERR,ERR,ERR,ERR,ERR,ERR,ERR,ERR,ERR,ERR,ERR,ERR,ERR,ERR,ERR,ERR,ERR,ERR,ERR,ERR,ERR,ERR,ERR,ERR,ERR,ERR,ERR,ERR,ERR,ERR,ERR,60.0,60.0,35,0.0,0.0,0.0,0.0,0.0,0.0,0.0,0.0,0.0,0.0,0.0,0.0,0.0,0.0,0.0,0.0,65.2,0,121,58,45,65476,0,300,0,0,8,20529,65476,0,0,2621,60.0,0.0,0.0,0.0,0.0,0.0
2026-07-09T15:22:45,ERR,ERR,ERR,ERR,ERR,ERR,ERR,ERR,ERR,ERR,ERR,ERR,ERR,ERR,ERR,ERR,ERR,ERR,ERR,ERR,ERR,ERR,ERR,ERR,ERR,ERR,ERR,ERR,ERR,ERR,ERR,ERR,ERR,ERR,ERR,ERR,ERR,ERR,ERR,ERR,ERR,ERR,ERR,ERR,ERR,ERR,ERR,ERR,ERR,ERR,ERR,ERR,ERR,ERR,ERR,ERR,ERR,ERR,ERR,ERR,ERR,ERR,ERR,ERR,ERR,ERR,ERR,ERR,ERR,ERR,ERR,ERR,ERR,ERR,ERR,ERR,ERR,ERR,ERR,ERR,ERR,ERR,ERR,ERR,ERR,ERR,ERR,ERR,ERR,ERR,ERR,ERR,ERR,ERR,ERR,ERR,ERR,ERR,ERR,ERR,ERR,ERR,ERR,ERR,ERR,ERR,ERR,ERR,ERR,ERR,ERR,ERR,ERR,ERR,ERR,ERR,ERR,ERR,ERR,ERR,ERR,ERR,ERR,ERR,ERR,-107615104.0,0.0,-0.0,0.0,1.8066212243050896e+24,-1298.056,-0.068,54067564.0,0,0,4,17428,7116,0.0,100,0.0,0.0,0.0,0.0,0.0,0,0,0,0,0.0,0,0,0,0,0,0,0,0,0,0,0,0,0,0,0,0,0,0,0,0,0,0,0,0,0,0,0,0,0,0,0,0,0,31,40,40,71,65476,0,300,0,0,8,21553,0.0,-107605600.0,0.0,0.0,0.0,0.0,0.0,0.0,0.0,0.0,0.0,0.0,0.0,0.0,0.0,0.0,0.0,0.0,0.0,0.0,0.0,0.0,-0.0,0.0,0.0,0.0,0.0,0.0,0.0,0.0,5249.0,-3.6971896520619065e+19,6940.0,-107615104.0,0.0,2.004,2.004,0.0,0.0,0.0,0.0,69,-0.0,0.0,0.0,0.0,0.0,0.0,0.0,0.0,0.0,0,0,0,0.0,0.0,0.0,0.0,0.0,0.0,0.0,0.0,0.0,0.0,0.0,0.0,0.0,0.0,0.0,0.0,0,-107875648.0,69,0.0,138,0.0,2.012,ERR,ERR,ERR,ERR,ERR,ERR,ERR,ERR,ERR,ERR,ERR,ERR,ERR,ERR,ERR,ERR,ERR,ERR,ERR,ERR,ERR,ERR,ERR,ERR,ERR,ERR,ERR,ERR,ERR,ERR,ERR,ERR,ERR,ERR,ERR,ERR,ERR,ERR,ERR,ERR,ERR,ERR,ERR,ERR,ERR,ERR,ERR,ERR,ERR,ERR,ERR,ERR,ERR,ERR,ERR,ERR,ERR,ERR,ERR,ERR,ERR,ERR,ERR,ERR,ERR,ERR,ERR,60.0,60.0,35,0.0,0.0,0.0,0.0,0.0,0.0,0.0,0.0,0.0,0.0,0.0,0.0,0.0,0.0,0.0,0.0,65.2,0,121,58,45,65476,0,300,0,0,8,20529,65476,0,0,2621,60.0,0.0,0.0,0.0,0.0,0.0
2026-07-09T15:22:46,ERR,ERR,ERR,ERR,ERR,ERR,ERR,ERR,ERR,ERR,ERR,ERR,ERR,ERR,ERR,ERR,ERR,ERR,ERR,ERR,ERR,ERR,ERR,ERR,ERR,ERR,ERR,ERR,ERR,ERR,ERR,ERR,ERR,ERR,ERR,ERR,ERR,ERR,ERR,ERR,ERR,ERR,ERR,ERR,ERR,ERR,ERR,ERR,ERR,ERR,ERR,ERR,ERR,ERR,ERR,ERR,ERR,ERR,ERR,ERR,ERR,ERR,ERR,ERR,ERR,ERR,ERR,ERR,ERR,ERR,ERR,ERR,ERR,ERR,ERR,ERR,ERR,ERR,ERR,ERR,ERR,ERR,ERR,ERR,ERR,ERR,ERR,ERR,ERR,ERR,ERR,ERR,ERR,ERR,ERR,ERR,ERR,ERR,ERR,ERR,ERR,ERR,ERR,ERR,ERR,ERR,ERR,ERR,ERR,ERR,ERR,ERR,ERR,ERR,ERR,ERR,ERR,ERR,ERR,ERR,ERR,ERR,ERR,ERR,ERR,-107615104.0,0.0,-0.0,0.0,1.8066212243050896e+24,-1298.056,-0.068,54067564.0,0,0,4,17428,7116,0.0,100,0.0,0.0,0.0,0.0,0.0,0,0,0,0,0.0,0,0,0,0,0,0,0,0,0,0,0,0,0,0,0,0,0,0,0,0,0,0,0,0,0,0,0,0,0,0,0,0,0,31,40,40,71,65476,0,300,0,0,8,21553,0.0,-107605600.0,0.0,0.0,0.0,0.0,0.0,0.0,0.0,0.0,0.0,0.0,0.0,0.0,0.0,0.0,0.0,0.0,0.0,0.0,0.0,0.0,-0.0,0.0,0.0,0.0,0.0,0.0,0.0,0.0,5249.0,-3.6971896520619065e+19,6940.0,-107615104.0,0.0,2.004,2.004,0.0,0.0,0.0,0.0,69,-0.0,0.0,0.0,0.0,0.0,0.0,0.0,0.0,0.0,0,0,0,0.0,0.0,0.0,0.0,0.0,0.0,0.0,0.0,0.0,0.0,0.0,0.0,0.0,0.0,0.0,0.0,0,-107875648.0,69,0.0,138,0.0,2.012,ERR,ERR,ERR,ERR,ERR,ERR,ERR,ERR,ERR,ERR,ERR,ERR,ERR,ERR,ERR,ERR,ERR,ERR,ERR,ERR,ERR,ERR,ERR,ERR,ERR,ERR,ERR,ERR,ERR,ERR,ERR,ERR,ERR,ERR,ERR,ERR,ERR,ERR,ERR,ERR,ERR,ERR,ERR,ERR,ERR,ERR,ERR,ERR,ERR,ERR,ERR,ERR,ERR,ERR,ERR,ERR,ERR,ERR,ERR,ERR,ERR,ERR,ERR,ERR,ERR,ERR,ERR,60.0,60.0,35,0.0,0.0,0.0,0.0,0.0,0.0,0.0,0.0,0.0,0.0,0.0,0.0,0.0,0.0,0.0,0.0,65.6,0,121,58,45,65476,0,300,0,0,8,20529,65476,0,0,2621,60.0,0.0,0.0,0.0,0.0,0.0
2026-07-09T15:22:47,ERR,ERR,ERR,ERR,ERR,ERR,ERR,ERR,ERR,ERR,ERR,ERR,ERR,ERR,ERR,ERR,ERR,ERR,ERR,ERR,ERR,ERR,ERR,ERR,ERR,ERR,ERR,ERR,ERR,ERR,ERR,ERR,ERR,ERR,ERR,ERR,ERR,ERR,ERR,ERR,ERR,ERR,ERR,ERR,ERR,ERR,ERR,ERR,ERR,ERR,ERR,ERR,ERR,ERR,ERR,ERR,ERR,ERR,ERR,ERR,ERR,ERR,ERR,ERR,ERR,ERR,ERR,ERR,ERR,ERR,ERR,ERR,ERR,ERR,ERR,ERR,ERR,ERR,ERR,ERR,ERR,ERR,ERR,ERR,ERR,ERR,ERR,ERR,ERR,ERR,ERR,ERR,ERR,ERR,ERR,ERR,ERR,ERR,ERR,ERR,ERR,ERR,ERR,ERR,ERR,ERR,ERR,ERR,ERR,ERR,ERR,ERR,ERR,ERR,ERR,ERR,ERR,ERR,ERR,ERR,ERR,ERR,ERR,ERR,ERR,-107615104.0,0.0,-0.0,0.0,1.8066212243050896e+24,-1298.056,-0.068,54067564.0,0,0,4,17428,7116,0.0,100,0.0,0.0,0.0,0.0,0.0,0,0,0,0,0.0,0,0,0,0,0,0,0,0,0,0,0,0,0,0,0,0,0,0,0,0,0,0,0,0,0,0,0,0,0,0,0,0,0,31,40,40,71,65476,0,300,0,0,8,21553,0.0,-107605600.0,0.0,0.0,0.0,0.0,0.0,0.0,0.0,0.0,0.0,0.0,0.0,0.0,0.0,0.0,0.0,0.0,0.0,0.0,0.0,0.0,-0.0,0.0,0.0,0.0,0.0,0.0,0.0,0.0,5249.0,-3.6971896520619065e+19,6940.0,-107615104.0,0.0,2.004,2.004,0.0,0.0,0.0,0.0,69,-0.0,0.0,0.0,0.0,0.0,0.0,0.0,0.0,0.0,0,0,0,0.0,0.0,0.0,0.0,0.0,0.0,0.0,0.0,0.0,0.0,0.0,0.0,0.0,0.0,0.0,0.0,0,-107875648.0,69,0.0,138,0.0,2.012,ERR,ERR,ERR,ERR,ERR,ERR,ERR,ERR,ERR,ERR,ERR,ERR,ERR,ERR,ERR,ERR,ERR,ERR,ERR,ERR,ERR,ERR,ERR,ERR,ERR,ERR,ERR,ERR,ERR,ERR,ERR,ERR,ERR,ERR,ERR,ERR,ERR,ERR,ERR,ERR,ERR,ERR,ERR,ERR,ERR,ERR,ERR,ERR,ERR,ERR,ERR,ERR,ERR,ERR,ERR,ERR,ERR,ERR,ERR,ERR,ERR,ERR,ERR,ERR,ERR,ERR,ERR,60.0,60.0,35,0.0,0.0,0.0,0.0,0.0,0.0,0.0,0.0,0.0,0.0,0.0,0.0,0.0,0.0,0.0,0.0,65.6,0,121,58,45,65476,0,300,0,0,8,20529,65476,0,0,2621,60.0,0.0,0.0,0.0,0.0,0.0
2026-07-09T15:22:48,ERR,ERR,ERR,ERR,ERR,ERR,ERR,ERR,ERR,ERR,ERR,ERR,ERR,ERR,ERR,ERR,ERR,ERR,ERR,ERR,ERR,ERR,ERR,ERR,ERR,ERR,ERR,ERR,ERR,ERR,ERR,ERR,ERR,ERR,ERR,ERR,ERR,ERR,ERR,ERR,ERR,ERR,ERR,ERR,ERR,ERR,ERR,ERR,ERR,ERR,ERR,ERR,ERR,ERR,ERR,ERR,ERR,ERR,ERR,ERR,ERR,ERR,ERR,ERR,ERR,ERR,ERR,ERR,ERR,ERR,ERR,ERR,ERR,ERR,ERR,ERR,ERR,ERR,ERR,ERR,ERR,ERR,ERR,ERR,ERR,ERR,ERR,ERR,ERR,ERR,ERR,ERR,ERR,ERR,ERR,ERR,ERR,ERR,ERR,ERR,ERR,ERR,ERR,ERR,ERR,ERR,ERR,ERR,ERR,ERR,ERR,ERR,ERR,ERR,ERR,ERR,ERR,ERR,ERR,ERR,ERR,ERR,ERR,ERR,ERR,-107615104.0,0.0,-0.0,0.0,1.8066212243050896e+24,-1298.056,-0.068,54067564.0,0,0,4,17428,7116,0.0,100,0.0,0.0,0.0,0.0,0.0,0,0,0,0,0.0,0,0,0,0,0,0,0,0,0,0,0,0,0,0,0,0,0,0,0,0,0,0,0,0,0,0,0,0,0,0,0,0,0,31,40,40,71,65476,0,300,0,0,8,21553,0.0,-107605600.0,0.0,0.0,0.0,0.0,0.0,0.0,0.0,0.0,0.0,0.0,0.0,0.0,0.0,0.0,0.0,0.0,0.0,0.0,0.0,0.0,-0.0,0.0,0.0,0.0,0.0,0.0,0.0,0.0,5249.0,-3.6971896520619065e+19,6940.0,-107615104.0,0.0,2.004,2.004,0.0,0.0,0.0,0.0,69,-0.0,0.0,0.0,0.0,0.0,0.0,0.0,0.0,0.0,0,0,0,0.0,0.0,0.0,0.0,0.0,0.0,0.0,0.0,0.0,0.0,0.0,0.0,0.0,0.0,0.0,0.0,0,-107875648.0,69,0.0,138,0.0,2.012,ERR,ERR,ERR,ERR,ERR,ERR,ERR,ERR,ERR,ERR,ERR,ERR,ERR,ERR,ERR,ERR,ERR,ERR,ERR,ERR,ERR,ERR,ERR,ERR,ERR,ERR,ERR,ERR,ERR,ERR,ERR,ERR,ERR,ERR,ERR,ERR,ERR,ERR,ERR,ERR,ERR,ERR,ERR,ERR,ERR,ERR,ERR,ERR,ERR,ERR,ERR,ERR,ERR,ERR,ERR,ERR,ERR,ERR,ERR,ERR,ERR,ERR,ERR,ERR,ERR,ERR,ERR,60.0,60.0,35,0.0,0.0,0.0,0.0,0.0,0.0,0.0,0.0,0.0,0.0,0.0,0.0,0.0,0.0,0.0,0.0,65.2,0,121,58,45,65476,0,300,0,0,8,20529,65476,0,0,2621,60.0,0.0,0.0,0.0,0.0,0.0
2026-07-09T15:22:49,ERR,ERR,ERR,ERR,ERR,ERR,ERR,ERR,ERR,ERR,ERR,ERR,ERR,ERR,ERR,ERR,ERR,ERR,ERR,ERR,ERR,ERR,ERR,ERR,ERR,ERR,ERR,ERR,ERR,ERR,ERR,ERR,ERR,ERR,ERR,ERR,ERR,ERR,ERR,ERR,ERR,ERR,ERR,ERR,ERR,ERR,ERR,ERR,ERR,ERR,ERR,ERR,ERR,ERR,ERR,ERR,ERR,ERR,ERR,ERR,ERR,ERR,ERR,ERR,ERR,ERR,ERR,ERR,ERR,ERR,ERR,ERR,ERR,ERR,ERR,ERR,ERR,ERR,ERR,ERR,ERR,ERR,ERR,ERR,ERR,ERR,ERR,ERR,ERR,ERR,ERR,ERR,ERR,ERR,ERR,ERR,ERR,ERR,ERR,ERR,ERR,ERR,ERR,ERR,ERR,ERR,ERR,ERR,ERR,ERR,ERR,ERR,ERR,ERR,ERR,ERR,ERR,ERR,ERR,ERR,ERR,ERR,ERR,ERR,ERR,-107615104.0,0.0,-0.0,0.0,1.8066212243050896e+24,-1298.056,-0.068,54067564.0,0,0,4,17428,7116,0.0,100,0.0,0.0,0.0,0.0,0.0,0,0,0,0,0.0,0,0,0,0,0,0,0,0,0,0,0,0,0,0,0,0,0,0,0,0,0,0,0,0,0,0,0,0,0,0,0,0,0,31,40,40,71,65476,0,300,0,0,8,21553,0.0,-107605600.0,0.0,0.0,0.0,0.0,0.0,0.0,0.0,0.0,0.0,0.0,0.0,0.0,0.0,0.0,0.0,0.0,0.0,0.0,0.0,0.0,-0.0,0.0,0.0,0.0,0.0,0.0,0.0,0.0,5249.0,-3.6971896520619065e+19,6940.0,-107615104.0,0.0,2.004,2.004,0.0,0.0,0.0,0.0,69,-0.0,0.0,0.0,0.0,0.0,0.0,0.0,0.0,0.0,0,0,0,0.0,0.0,0.0,0.0,0.0,0.0,0.0,0.0,0.0,0.0,0.0,0.0,0.0,0.0,0.0,0.0,0,-107875648.0,69,0.0,138,0.0,2.012,ERR,ERR,ERR,ERR,ERR,ERR,ERR,ERR,ERR,ERR,ERR,ERR,ERR,ERR,ERR,ERR,ERR,ERR,ERR,ERR,ERR,ERR,ERR,ERR,ERR,ERR,ERR,ERR,ERR,ERR,ERR,ERR,ERR,ERR,ERR,ERR,ERR,ERR,ERR,ERR,ERR,ERR,ERR,ERR,ERR,ERR,ERR,ERR,ERR,ERR,ERR,ERR,ERR,ERR,ERR,ERR,ERR,ERR,ERR,ERR,ERR,ERR,ERR,ERR,ERR,ERR,ERR,60.0,60.0,35,0.0,0.0,0.0,0.0,0.0,0.0,0.0,0.0,0.0,0.0,0.0,0.0,0.0,0.0,0.0,0.0,65.2,0,121,58,45,65476,0,300,0,0,8,20529,65476,0,0,2621,60.0,0.0,0.0,0.0,0.0,0.0
2026-07-09T15:22:50,ERR,ERR,ERR,ERR,ERR,ERR,ERR,ERR,ERR,ERR,ERR,ERR,ERR,ERR,ERR,ERR,ERR,ERR,ERR,ERR,ERR,ERR,ERR,ERR,ERR,ERR,ERR,ERR,ERR,ERR,ERR,ERR,ERR,ERR,ERR,ERR,ERR,ERR,ERR,ERR,ERR,ERR,ERR,ERR,ERR,ERR,ERR,ERR,ERR,ERR,ERR,ERR,ERR,ERR,ERR,ERR,ERR,ERR,ERR,ERR,ERR,ERR,ERR,ERR,ERR,ERR,ERR,ERR,ERR,ERR,ERR,ERR,ERR,ERR,ERR,ERR,ERR,ERR,ERR,ERR,ERR,ERR,ERR,ERR,ERR,ERR,ERR,ERR,ERR,ERR,ERR,ERR,ERR,ERR,ERR,ERR,ERR,ERR,ERR,ERR,ERR,ERR,ERR,ERR,ERR,ERR,ERR,ERR,ERR,ERR,ERR,ERR,ERR,ERR,ERR,ERR,ERR,ERR,ERR,ERR,ERR,ERR,ERR,ERR,ERR,2.7184246165485387e+23,0.0,0.0,-107612384.0,0.0,979996.75,0.0,4.98918390539223e+16,0,0,4,17432,7116,0.0,100,0.0,0.0,-107612384.0,0.0,0.0,0,0,0,0,0.0,0,0,0,0,0,0,0,0,0,0,0,0,0,0,0,0,0,0,0,0,0,0,0,0,0,0,0,0,0,0,0,0,0,31,40,40,71,65476,0,300,0,0,8,21553,0.0,-107605600.0,0.0,0.0,0.0,0.0,0.0,0.0,0.0,0.0,0.0,0.0,0.0,0.0,0.0,0.0,0.0,0.0,0.0,0.0,0.0,0.0,2.004,0.0,0.0,0.0,0.0,0.0,0.0,0.0,5280.0,2.004,6920.0,2.7184246165485387e+23,2.718448215410586e+23,2.004,2.004,0.0,0.0,0.0,0.0,69,-0.0,-0.0,0.0,0.0,0.0,0.0,0.0,0.0,0.0,0,0,0,0.0,0.0,0.0,0.0,0.0,0.0,0.0,0.0,0.0,0.0,0.0,0.0,0.0,0.0,0.0,0.0,0,-107875648.0,69,0.0,138,0.0,2.012,ERR,ERR,ERR,ERR,ERR,ERR,ERR,ERR,ERR,ERR,ERR,ERR,ERR,ERR,ERR,ERR,ERR,ERR,ERR,ERR,ERR,ERR,ERR,ERR,ERR,ERR,ERR,ERR,ERR,ERR,ERR,ERR,ERR,ERR,ERR,ERR,ERR,ERR,ERR,ERR,ERR,ERR,ERR,ERR,ERR,ERR,ERR,ERR,ERR,ERR,ERR,ERR,ERR,ERR,ERR,ERR,ERR,ERR,ERR,ERR,ERR,ERR,ERR,ERR,ERR,ERR,ERR,60.0,60.0,35,0.0,0.0,0.0,0.0,0.0,0.0,0.0,0.0,0.0,0.0,0.0,0.0,0.0,0.0,0.0,0.0,65.2,0,121,58,45,65476,0,300,0,0,8,20529,65476,0,0,2621,60.0,0.0,0.0,0.0,0.0,0.0
2026-07-09T15:22:51,ERR,ERR,ERR,ERR,ERR,ERR,ERR,ERR,ERR,ERR,ERR,ERR,ERR,ERR,ERR,ERR,ERR,ERR,ERR,ERR,ERR,ERR,ERR,ERR,ERR,ERR,ERR,ERR,ERR,ERR,ERR,ERR,ERR,ERR,ERR,ERR,ERR,ERR,ERR,ERR,ERR,ERR,ERR,ERR,ERR,ERR,ERR,ERR,ERR,ERR,ERR,ERR,ERR,ERR,ERR,ERR,ERR,ERR,ERR,ERR,ERR,ERR,ERR,ERR,ERR,ERR,ERR,ERR,ERR,ERR,ERR,ERR,ERR,ERR,ERR,ERR,ERR,ERR,ERR,ERR,ERR,ERR,ERR,ERR,ERR,ERR,ERR,ERR,ERR,ERR,ERR,ERR,ERR,ERR,ERR,ERR,ERR,ERR,ERR,ERR,ERR,ERR,ERR,ERR,ERR,ERR,ERR,ERR,ERR,ERR,ERR,ERR,ERR,ERR,ERR,ERR,ERR,ERR,ERR,ERR,ERR,ERR,ERR,ERR,ERR,2.7184246165485387e+23,0.0,0.0,-107612384.0,0.0,979996.75,0.0,4.98918390539223e+16,0,0,4,17432,7116,0.0,100,0.0,0.0,-107612384.0,0.0,0.0,0,0,0,0,0.0,0,0,0,0,0,0,0,0,0,0,0,0,0,0,0,0,0,0,0,0,0,0,0,0,0,0,0,0,0,0,0,0,0,31,40,40,71,65476,0,300,0,0,8,21553,0.0,-107605600.0,0.0,0.0,0.0,0.0,0.0,0.0,0.0,0.0,0.0,0.0,0.0,0.0,0.0,0.0,0.0,0.0,0.0,0.0,0.0,0.0,2.004,0.0,0.0,0.0,0.0,0.0,0.0,0.0,5280.0,2.004,6920.0,2.7184246165485387e+23,2.718448215410586e+23,2.004,2.004,0.0,0.0,0.0,0.0,69,-0.0,-0.0,0.0,0.0,0.0,0.0,0.0,0.0,0.0,0,0,0,0.0,0.0,0.0,0.0,0.0,0.0,0.0,0.0,0.0,0.0,0.0,0.0,0.0,0.0,0.0,0.0,0,-107875648.0,69,0.0,138,0.0,2.012,ERR,ERR,ERR,ERR,ERR,ERR,ERR,ERR,ERR,ERR,ERR,ERR,ERR,ERR,ERR,ERR,ERR,ERR,ERR,ERR,ERR,ERR,ERR,ERR,ERR,ERR,ERR,ERR,ERR,ERR,ERR,ERR,ERR,ERR,ERR,ERR,ERR,ERR,ERR,ERR,ERR,ERR,ERR,ERR,ERR,ERR,ERR,ERR,ERR,ERR,ERR,ERR,ERR,ERR,ERR,ERR,ERR,ERR,ERR,ERR,ERR,ERR,ERR,ERR,ERR,ERR,ERR,60.0,60.0,35,0.0,0.0,0.0,0.0,0.0,0.0,0.0,0.0,0.0,0.0,0.0,0.0,0.0,0.0,0.0,0.0,65.2,0,121,58,45,65476,0,300,0,0,8,20529,65476,0,0,2621,60.0,0.0,0.0,0.0,0.0,0.0
2026-07-09T15:22:52,ERR,ERR,ERR,ERR,ERR,ERR,ERR,ERR,ERR,ERR,ERR,ERR,ERR,ERR,ERR,ERR,ERR,ERR,ERR,ERR,ERR,ERR,ERR,ERR,ERR,ERR,ERR,ERR,ERR,ERR,ERR,ERR,ERR,ERR,ERR,ERR,ERR,ERR,ERR,ERR,ERR,ERR,ERR,ERR,ERR,ERR,ERR,ERR,ERR,ERR,ERR,ERR,ERR,ERR,ERR,ERR,ERR,ERR,ERR,ERR,ERR,ERR,ERR,ERR,ERR,ERR,ERR,ERR,ERR,ERR,ERR,ERR,ERR,ERR,ERR,ERR,ERR,ERR,ERR,ERR,ERR,ERR,ERR,ERR,ERR,ERR,ERR,ERR,ERR,ERR,ERR,ERR,ERR,ERR,ERR,ERR,ERR,ERR,ERR,ERR,ERR,ERR,ERR,ERR,ERR,ERR,ERR,ERR,ERR,ERR,ERR,ERR,ERR,ERR,ERR,ERR,ERR,ERR,ERR,ERR,ERR,ERR,ERR,ERR,ERR,2.7184246165485387e+23,0.0,0.0,-107612384.0,0.0,979996.75,0.0,4.98918390539223e+16,0,0,4,17432,7116,0.0,100,0.0,0.0,-107612384.0,0.0,0.0,0,0,0,0,0.0,0,0,0,0,0,0,0,0,0,0,0,0,0,0,0,0,0,0,0,0,0,0,0,0,0,0,0,0,0,0,0,0,0,31,40,40,71,65476,0,300,0,0,8,21553,0.0,-107605600.0,0.0,0.0,0.0,0.0,0.0,0.0,0.0,0.0,0.0,0.0,0.0,0.0,0.0,0.0,0.0,0.0,0.0,0.0,0.0,0.0,2.004,0.0,0.0,0.0,0.0,0.0,0.0,0.0,5280.0,2.004,6920.0,2.7184246165485387e+23,2.718448215410586e+23,2.004,2.004,0.0,0.0,0.0,0.0,69,-0.0,-0.0,0.0,0.0,0.0,0.0,0.0,0.0,0.0,0,0,0,0.0,0.0,0.0,0.0,0.0,0.0,0.0,0.0,0.0,0.0,0.0,0.0,0.0,0.0,0.0,0.0,0,-107875648.0,69,0.0,138,0.0,2.012,ERR,ERR,ERR,ERR,ERR,ERR,ERR,ERR,ERR,ERR,ERR,ERR,ERR,ERR,ERR,ERR,ERR,ERR,ERR,ERR,ERR,ERR,ERR,ERR,ERR,ERR,ERR,ERR,ERR,ERR,ERR,ERR,ERR,ERR,ERR,ERR,ERR,ERR,ERR,ERR,ERR,ERR,ERR,ERR,ERR,ERR,ERR,ERR,ERR,ERR,ERR,ERR,ERR,ERR,ERR,ERR,ERR,ERR,ERR,ERR,ERR,ERR,ERR,ERR,ERR,ERR,ERR,60.0,60.0,35,0.0,0.0,0.0,0.0,0.0,0.0,0.0,0.0,0.0,0.0,0.0,0.0,0.0,0.0,0.0,0.0,65.2,0,121,59,45,65476,0,300,0,0,8,20529,65476,0,0,2621,60.0,0.0,0.0,0.0,0.0,0.0
2026-07-09T15:22:53,ERR,ERR,ERR,ERR,ERR,ERR,ERR,ERR,ERR,ERR,ERR,ERR,ERR,ERR,ERR,ERR,ERR,ERR,ERR,ERR,ERR,ERR,ERR,ERR,ERR,ERR,ERR,ERR,ERR,ERR,ERR,ERR,ERR,ERR,ERR,ERR,ERR,ERR,ERR,ERR,ERR,ERR,ERR,ERR,ERR,ERR,ERR,ERR,ERR,ERR,ERR,ERR,ERR,ERR,ERR,ERR,ERR,ERR,ERR,ERR,ERR,ERR,ERR,ERR,ERR,ERR,ERR,ERR,ERR,ERR,ERR,ERR,ERR,ERR,ERR,ERR,ERR,ERR,ERR,ERR,ERR,ERR,ERR,ERR,ERR,ERR,ERR,ERR,ERR,ERR,ERR,ERR,ERR,ERR,ERR,ERR,ERR,ERR,ERR,ERR,ERR,ERR,ERR,ERR,ERR,ERR,ERR,ERR,ERR,ERR,ERR,ERR,ERR,ERR,ERR,ERR,ERR,ERR,ERR,ERR,ERR,ERR,ERR,ERR,ERR,2.7184246165485387e+23,0.0,0.0,-107612384.0,0.0,979996.75,0.0,4.98918390539223e+16,0,0,4,17432,7116,0.0,100,0.0,0.0,-107612384.0,0.0,0.0,0,0,0,0,0.0,0,0,0,0,0,0,0,0,0,0,0,0,0,0,0,0,0,0,0,0,0,0,0,0,0,0,0,0,0,0,0,0,0,31,40,40,71,65476,0,300,0,0,8,21553,0.0,-107605600.0,0.0,0.0,0.0,0.0,0.0,0.0,0.0,0.0,0.0,0.0,0.0,0.0,0.0,0.0,0.0,0.0,0.0,0.0,0.0,0.0,2.004,0.0,0.0,0.0,0.0,0.0,0.0,0.0,5280.0,2.004,6920.0,2.7184246165485387e+23,2.718448215410586e+23,2.004,2.004,0.0,0.0,0.0,0.0,69,-0.0,-0.0,0.0,0.0,0.0,0.0,0.0,0.0,0.0,0,0,0,0.0,0.0,0.0,0.0,0.0,0.0,0.0,0.0,0.0,0.0,0.0,0.0,0.0,0.0,0.0,0.0,0,-107875648.0,69,0.0,138,0.0,2.012,ERR,ERR,ERR,ERR,ERR,ERR,ERR,ERR,ERR,ERR,ERR,ERR,ERR,ERR,ERR,ERR,ERR,ERR,ERR,ERR,ERR,ERR,ERR,ERR,ERR,ERR,ERR,ERR,ERR,ERR,ERR,ERR,ERR,ERR,ERR,ERR,ERR,ERR,ERR,ERR,ERR,ERR,ERR,ERR,ERR,ERR,ERR,ERR,ERR,ERR,ERR,ERR,ERR,ERR,ERR,ERR,ERR,ERR,ERR,ERR,ERR,ERR,ERR,ERR,ERR,ERR,ERR,60.0,60.0,35,0.0,0.0,0.0,0.0,0.0,0.0,0.0,0.0,0.0,0.0,0.0,0.0,0.0,0.0,0.0,0.0,65.2,0,121,59,45,65476,0,300,0,0,8,20529,65476,0,0,2621,60.0,0.0,0.0,0.0,0.0,0.0
2026-07-09T15:22:54,ERR,ERR,ERR,ERR,ERR,ERR,ERR,ERR,ERR,ERR,ERR,ERR,ERR,ERR,ERR,ERR,ERR,ERR,ERR,ERR,ERR,ERR,ERR,ERR,ERR,ERR,ERR,ERR,ERR,ERR,ERR,ERR,ERR,ERR,ERR,ERR,ERR,ERR,ERR,ERR,ERR,ERR,ERR,ERR,ERR,ERR,ERR,ERR,ERR,ERR,ERR,ERR,ERR,ERR,ERR,ERR,ERR,ERR,ERR,ERR,ERR,ERR,ERR,ERR,ERR,ERR,ERR,ERR,ERR,ERR,ERR,ERR,ERR,ERR,ERR,ERR,ERR,ERR,ERR,ERR,ERR,ERR,ERR,ERR,ERR,ERR,ERR,ERR,ERR,ERR,ERR,ERR,ERR,ERR,ERR,ERR,ERR,ERR,ERR,ERR,ERR,ERR,ERR,ERR,ERR,ERR,ERR,ERR,ERR,ERR,ERR,ERR,ERR,ERR,ERR,ERR,ERR,ERR,ERR,ERR,ERR,ERR,ERR,ERR,ERR,2.7184246165485387e+23,0.0,0.0,-107612384.0,0.0,979996.75,0.0,4.98918390539223e+16,0,0,4,17432,7116,0.0,100,0.0,0.0,-107612384.0,0.0,0.0,0,0,0,0,0.0,0,0,0,0,0,0,0,0,0,0,0,0,0,0,0,0,0,0,0,0,0,0,0,0,0,0,0,0,0,0,0,0,0,31,40,40,71,65476,0,300,0,0,8,21553,0.0,-107605600.0,0.0,0.0,0.0,0.0,0.0,0.0,0.0,0.0,0.0,0.0,0.0,0.0,0.0,0.0,0.0,0.0,0.0,0.0,0.0,0.0,2.004,0.0,0.0,0.0,0.0,0.0,0.0,0.0,5280.0,2.004,6920.0,2.7184246165485387e+23,2.718448215410586e+23,2.004,2.004,0.0,0.0,0.0,0.0,69,-0.0,-0.0,0.0,0.0,0.0,0.0,0.0,0.0,0.0,0,0,0,0.0,0.0,0.0,0.0,0.0,0.0,0.0,0.0,0.0,0.0,0.0,0.0,0.0,0.0,0.0,0.0,0,-107875648.0,69,0.0,138,0.0,2.012,ERR,ERR,ERR,ERR,ERR,ERR,ERR,ERR,ERR,ERR,ERR,ERR,ERR,ERR,ERR,ERR,ERR,ERR,ERR,ERR,ERR,ERR,ERR,ERR,ERR,ERR,ERR,ERR,ERR,ERR,ERR,ERR,ERR,ERR,ERR,ERR,ERR,ERR,ERR,ERR,ERR,ERR,ERR,ERR,ERR,ERR,ERR,ERR,ERR,ERR,ERR,ERR,ERR,ERR,ERR,ERR,ERR,ERR,ERR,ERR,ERR,ERR,ERR,ERR,ERR,ERR,ERR,60.0,60.0,35,0.0,0.0,0.0,0.0,0.0,0.0,0.0,0.0,0.0,0.0,0.0,0.0,0.0,0.0,0.0,0.0,65.2,0,121,59,45,65476,0,300,0,0,8,20529,65476,0,0,2621,60.0,0.0,0.0,0.0,0.0,0.0
2026-07-09T15:22:55,ERR,ERR,ERR,ERR,ERR,ERR,ERR,ERR,ERR,ERR,ERR,ERR,ERR,ERR,ERR,ERR,ERR,ERR,ERR,ERR,ERR,ERR,ERR,ERR,ERR,ERR,ERR,ERR,ERR,ERR,ERR,ERR,ERR,ERR,ERR,ERR,ERR,ERR,ERR,ERR,ERR,ERR,ERR,ERR,ERR,ERR,ERR,ERR,ERR,ERR,ERR,ERR,ERR,ERR,ERR,ERR,ERR,ERR,ERR,ERR,ERR,ERR,ERR,ERR,ERR,ERR,ERR,ERR,ERR,ERR,ERR,ERR,ERR,ERR,ERR,ERR,ERR,ERR,ERR,ERR,ERR,ERR,ERR,ERR,ERR,ERR,ERR,ERR,ERR,ERR,ERR,ERR,ERR,ERR,ERR,ERR,ERR,ERR,ERR,ERR,ERR,ERR,ERR,ERR,ERR,ERR,ERR,ERR,ERR,ERR,ERR,ERR,ERR,ERR,ERR,ERR,ERR,ERR,ERR,ERR,ERR,ERR,ERR,ERR,ERR,2.7184246165485387e+23,-0.0,-108139440.0,-107612384.0,-0.0,-7.633,-0.0,-0.0,0,0,4,17432,7116,0.0,100,0.0,0.0,-107612384.0,0.0,0.0,0,0,0,0,0.0,0,0,0,0,0,0,0,0,0,0,0,0,0,0,0,0,0,0,0,0,0,0,0,0,0,0,0,0,0,0,0,0,0,31,40,40,71,65476,0,300,0,0,8,21553,0.0,-107605600.0,0.0,0.0,0.0,0.0,0.0,0.0,0.0,0.0,0.0,0.0,0.0,0.0,0.0,0.0,0.0,0.0,0.0,0.0,0.0,0.0,2.004,3.697071784415409e+19,0.0,0.0,0.0,0.0,0.0,0.0,5285.0,-0.0,6931.0,2.7184246165485387e+23,-107616152.0,2.004,2.004,0.0,0.0,0.0,0.0,69,-0.0,-4.9504057733672904e+32,0.0,0.0,0.0,0.0,0.0,0.0,0.0,0,0,0,0.0,0.0,0.0,0.0,0.0,0.0,0.0,0.0,0.0,0.0,0.0,0.0,0.0,0.0,0.0,0.0,0,-107875648.0,69,0.0,138,0.0,2.012,ERR,ERR,ERR,ERR,ERR,ERR,ERR,ERR,ERR,ERR,ERR,ERR,ERR,ERR,ERR,ERR,ERR,ERR,ERR,ERR,ERR,ERR,ERR,ERR,ERR,ERR,ERR,ERR,ERR,ERR,ERR,ERR,ERR,ERR,ERR,ERR,ERR,ERR,ERR,ERR,ERR,ERR,ERR,ERR,ERR,ERR,ERR,ERR,ERR,ERR,ERR,ERR,ERR,ERR,ERR,ERR,ERR,ERR,ERR,ERR,ERR,ERR,ERR,ERR,ERR,ERR,ERR,60.0,60.0,35,0.0,0.0,0.0,0.0,0.0,0.0,0.0,0.0,0.0,0.0,0.0,0.0,0.0,0.0,0.0,0.0,65.2,0,122,59,45,65476,0,300,0,0,8,20529,65476,0,0,2621,60.0,0.0,0.0,0.0,0.0,0.0
2026-07-09T15:22:56,ERR,ERR,ERR,ERR,ERR,ERR,ERR,ERR,ERR,ERR,ERR,ERR,ERR,ERR,ERR,ERR,ERR,ERR,ERR,ERR,ERR,ERR,ERR,ERR,ERR,ERR,ERR,ERR,ERR,ERR,ERR,ERR,ERR,ERR,ERR,ERR,ERR,ERR,ERR,ERR,ERR,ERR,ERR,ERR,ERR,ERR,ERR,ERR,ERR,ERR,ERR,ERR,ERR,ERR,ERR,ERR,ERR,ERR,ERR,ERR,ERR,ERR,ERR,ERR,ERR,ERR,ERR,ERR,ERR,ERR,ERR,ERR,ERR,ERR,ERR,ERR,ERR,ERR,ERR,ERR,ERR,ERR,ERR,ERR,ERR,ERR,ERR,ERR,ERR,ERR,ERR,ERR,ERR,ERR,ERR,ERR,ERR,ERR,ERR,ERR,ERR,ERR,ERR,ERR,ERR,ERR,ERR,ERR,ERR,ERR,ERR,ERR,ERR,ERR,ERR,ERR,ERR,ERR,ERR,ERR,ERR,ERR,ERR,ERR,ERR,2.7184246165485387e+23,-0.0,-108139440.0,-107612384.0,-0.0,-7.633,-0.0,-0.0,0,0,4,17432,7116,0.0,100,0.0,0.0,-107612384.0,0.0,0.0,0,0,0,0,0.0,0,0,0,0,0,0,0,0,0,0,0,0,0,0,0,0,0,0,0,0,0,0,0,0,0,0,0,0,0,0,0,0,0,31,40,40,71,65476,0,300,0,0,8,21553,0.0,-107605600.0,0.0,0.0,0.0,0.0,0.0,0.0,0.0,0.0,0.0,0.0,0.0,0.0,0.0,0.0,0.0,0.0,0.0,0.0,0.0,0.0,2.004,3.697071784415409e+19,0.0,0.0,0.0,0.0,0.0,0.0,5285.0,-0.0,6931.0,2.7184246165485387e+23,-107616152.0,2.004,2.004,0.0,0.0,0.0,0.0,69,-0.0,-4.9504057733672904e+32,0.0,0.0,0.0,0.0,0.0,0.0,0.0,0,0,0,0.0,0.0,0.0,0.0,0.0,0.0,0.0,0.0,0.0,0.0,0.0,0.0,0.0,0.0,0.0,0.0,0,-107875648.0,69,0.0,138,0.0,2.012,ERR,ERR,ERR,ERR,ERR,ERR,ERR,ERR,ERR,ERR,ERR,ERR,ERR,ERR,ERR,ERR,ERR,ERR,ERR,ERR,ERR,ERR,ERR,ERR,ERR,ERR,ERR,ERR,ERR,ERR,ERR,ERR,ERR,ERR,ERR,ERR,ERR,ERR,ERR,ERR,ERR,ERR,ERR,ERR,ERR,ERR,ERR,ERR,ERR,ERR,ERR,ERR,ERR,ERR,ERR,ERR,ERR,ERR,ERR,ERR,ERR,ERR,ERR,ERR,ERR,ERR,ERR,60.0,60.0,35,0.0,0.0,0.0,0.0,0.0,0.0,0.0,0.0,0.0,0.0,0.0,0.0,0.0,0.0,0.0,0.0,65.2,0,122,59,45,65476,0,300,0,0,8,20529,65476,0,0,2621,60.0,0.0,0.0,0.0,0.0,0.0
2026-07-09T15:22:57,ERR,ERR,ERR,ERR,ERR,ERR,ERR,ERR,ERR,ERR,ERR,ERR,ERR,ERR,ERR,ERR,ERR,ERR,ERR,ERR,ERR,ERR,ERR,ERR,ERR,ERR,ERR,ERR,ERR,ERR,ERR,ERR,ERR,ERR,ERR,ERR,ERR,ERR,ERR,ERR,ERR,ERR,ERR,ERR,ERR,ERR,ERR,ERR,ERR,ERR,ERR,ERR,ERR,ERR,ERR,ERR,ERR,ERR,ERR,ERR,ERR,ERR,ERR,ERR,ERR,ERR,ERR,ERR,ERR,ERR,ERR,ERR,ERR,ERR,ERR,ERR,ERR,ERR,ERR,ERR,ERR,ERR,ERR,ERR,ERR,ERR,ERR,ERR,ERR,ERR,ERR,ERR,ERR,ERR,ERR,ERR,ERR,ERR,ERR,ERR,ERR,ERR,ERR,ERR,ERR,ERR,ERR,ERR,ERR,ERR,ERR,ERR,ERR,ERR,ERR,ERR,ERR,ERR,ERR,ERR,ERR,ERR,ERR,ERR,ERR,2.7184246165485387e+23,-0.0,-108139440.0,-107612384.0,-0.0,-7.633,-0.0,-0.0,0,0,4,17432,7116,0.0,100,0.0,0.0,-107612384.0,0.0,0.0,0,0,0,0,0.0,0,0,0,0,0,0,0,0,0,0,0,0,0,0,0,0,0,0,0,0,0,0,0,0,0,0,0,0,0,0,0,0,0,31,40,40,71,65476,0,300,0,0,8,21553,0.0,-107605600.0,0.0,0.0,0.0,0.0,0.0,0.0,0.0,0.0,0.0,0.0,0.0,0.0,0.0,0.0,0.0,0.0,0.0,0.0,0.0,0.0,2.004,3.697071784415409e+19,0.0,0.0,0.0,0.0,0.0,0.0,5285.0,-0.0,6931.0,2.7184246165485387e+23,-107616152.0,2.004,2.004,0.0,0.0,0.0,0.0,69,-0.0,-4.9504057733672904e+32,0.0,0.0,0.0,0.0,0.0,0.0,0.0,0,0,0,0.0,0.0,0.0,0.0,0.0,0.0,0.0,0.0,0.0,0.0,0.0,0.0,0.0,0.0,0.0,0.0,0,-107875648.0,69,0.0,138,0.0,2.012,ERR,ERR,ERR,ERR,ERR,ERR,ERR,ERR,ERR,ERR,ERR,ERR,ERR,ERR,ERR,ERR,ERR,ERR,ERR,ERR,ERR,ERR,ERR,ERR,ERR,ERR,ERR,ERR,ERR,ERR,ERR,ERR,ERR,ERR,ERR,ERR,ERR,ERR,ERR,ERR,ERR,ERR,ERR,ERR,ERR,ERR,ERR,ERR,ERR,ERR,ERR,ERR,ERR,ERR,ERR,ERR,ERR,ERR,ERR,ERR,ERR,ERR,ERR,ERR,ERR,ERR,ERR,60.0,60.0,35,0.0,0.0,0.0,0.0,0.0,0.0,0.0,0.0,0.0,0.0,0.0,0.0,0.0,0.0,0.0,0.0,65.2,0,122,59,45,65476,0,300,0,0,8,20529,65476,0,0,2621,60.0,0.0,0.0,0.0,0.0,0.0
2026-07-09T15:22:58,ERR,ERR,ERR,ERR,ERR,ERR,ERR,ERR,ERR,ERR,ERR,ERR,ERR,ERR,ERR,ERR,ERR,ERR,ERR,ERR,ERR,ERR,ERR,ERR,ERR,ERR,ERR,ERR,ERR,ERR,ERR,ERR,ERR,ERR,ERR,ERR,ERR,ERR,ERR,ERR,ERR,ERR,ERR,ERR,ERR,ERR,ERR,ERR,ERR,ERR,ERR,ERR,ERR,ERR,ERR,ERR,ERR,ERR,ERR,ERR,ERR,ERR,ERR,ERR,ERR,ERR,ERR,ERR,ERR,ERR,ERR,ERR,ERR,ERR,ERR,ERR,ERR,ERR,ERR,ERR,ERR,ERR,ERR,ERR,ERR,ERR,ERR,ERR,ERR,ERR,ERR,ERR,ERR,ERR,ERR,ERR,ERR,ERR,ERR,ERR,ERR,ERR,ERR,ERR,ERR,ERR,ERR,ERR,ERR,ERR,ERR,ERR,ERR,ERR,ERR,ERR,ERR,ERR,ERR,ERR,ERR,ERR,ERR,ERR,ERR,2.7184246165485387e+23,-0.0,-108139440.0,-107612384.0,-0.0,-7.633,-0.0,-0.0,0,0,4,17432,7116,0.0,100,0.0,0.0,-107612384.0,0.0,0.0,0,0,0,0,0.0,0,0,0,0,0,0,0,0,0,0,0,0,0,0,0,0,0,0,0,0,0,0,0,0,0,0,0,0,0,0,0,0,0,31,40,40,71,65476,0,300,0,0,8,21553,0.0,-107605600.0,0.0,0.0,0.0,0.0,0.0,0.0,0.0,0.0,0.0,0.0,0.0,0.0,0.0,0.0,0.0,0.0,0.0,0.0,0.0,0.0,2.004,3.697071784415409e+19,0.0,0.0,0.0,0.0,0.0,0.0,5285.0,-0.0,6931.0,2.7184246165485387e+23,-107616152.0,2.004,2.004,0.0,0.0,0.0,0.0,69,-0.0,-4.9504057733672904e+32,0.0,0.0,0.0,0.0,0.0,0.0,0.0,0,0,0,0.0,0.0,0.0,0.0,0.0,0.0,0.0,0.0,0.0,0.0,0.0,0.0,0.0,0.0,0.0,0.0,0,-107875648.0,69,0.0,138,0.0,2.012,ERR,ERR,ERR,ERR,ERR,ERR,ERR,ERR,ERR,ERR,ERR,ERR,ERR,ERR,ERR,ERR,ERR,ERR,ERR,ERR,ERR,ERR,ERR,ERR,ERR,ERR,ERR,ERR,ERR,ERR,ERR,ERR,ERR,ERR,ERR,ERR,ERR,ERR,ERR,ERR,ERR,ERR,ERR,ERR,ERR,ERR,ERR,ERR,ERR,ERR,ERR,ERR,ERR,ERR,ERR,ERR,ERR,ERR,ERR,ERR,ERR,ERR,ERR,ERR,ERR,ERR,ERR,60.0,60.0,35,0.0,0.0,0.0,0.0,0.0,0.0,0.0,0.0,0.0,0.0,0.0,0.0,0.0,0.0,0.0,0.0,65.2,0,122,59,45,65476,0,300,0,0,8,20529,65476,0,0,2621,60.0,0.0,0.0,0.0,0.0,0.0
2026-07-09T15:22:59,ERR,ERR,ERR,ERR,ERR,ERR,ERR,ERR,ERR,ERR,ERR,ERR,ERR,ERR,ERR,ERR,ERR,ERR,ERR,ERR,ERR,ERR,ERR,ERR,ERR,ERR,ERR,ERR,ERR,ERR,ERR,ERR,ERR,ERR,ERR,ERR,ERR,ERR,ERR,ERR,ERR,ERR,ERR,ERR,ERR,ERR,ERR,ERR,ERR,ERR,ERR,ERR,ERR,ERR,ERR,ERR,ERR,ERR,ERR,ERR,ERR,ERR,ERR,ERR,ERR,ERR,ERR,ERR,ERR,ERR,ERR,ERR,ERR,ERR,ERR,ERR,ERR,ERR,ERR,ERR,ERR,ERR,ERR,ERR,ERR,ERR,ERR,ERR,ERR,ERR,ERR,ERR,ERR,ERR,ERR,ERR,ERR,ERR,ERR,ERR,ERR,ERR,ERR,ERR,ERR,ERR,ERR,ERR,ERR,ERR,ERR,ERR,ERR,ERR,ERR,ERR,ERR,ERR,ERR,ERR,ERR,ERR,ERR,ERR,ERR,2.7184246165485387e+23,-0.0,-108139440.0,-107612384.0,-0.0,-7.633,-0.0,-0.0,0,0,4,17432,7116,0.0,100,0.0,0.0,-107612384.0,0.0,0.0,0,0,0,0,0.0,0,0,0,0,0,0,0,0,0,0,0,0,0,0,0,0,0,0,0,0,0,0,0,0,0,0,0,0,0,0,0,0,0,31,40,40,71,65476,0,300,0,0,8,21553,0.0,-107605600.0,0.0,0.0,0.0,0.0,0.0,0.0,0.0,0.0,0.0,0.0,0.0,0.0,0.0,0.0,0.0,0.0,0.0,0.0,0.0,0.0,2.004,3.697071784415409e+19,0.0,0.0,0.0,0.0,0.0,0.0,5285.0,-0.0,6931.0,2.7184246165485387e+23,-107616152.0,2.004,2.004,0.0,0.0,0.0,0.0,69,-0.0,-4.9504057733672904e+32,0.0,0.0,0.0,0.0,0.0,0.0,0.0,0,0,0,0.0,0.0,0.0,0.0,0.0,0.0,0.0,0.0,0.0,0.0,0.0,0.0,0.0,0.0,0.0,0.0,0,-107875648.0,69,0.0,138,0.0,2.012,ERR,ERR,ERR,ERR,ERR,ERR,ERR,ERR,ERR,ERR,ERR,ERR,ERR,ERR,ERR,ERR,ERR,ERR,ERR,ERR,ERR,ERR,ERR,ERR,ERR,ERR,ERR,ERR,ERR,ERR,ERR,ERR,ERR,ERR,ERR,ERR,ERR,ERR,ERR,ERR,ERR,ERR,ERR,ERR,ERR,ERR,ERR,ERR,ERR,ERR,ERR,ERR,ERR,ERR,ERR,ERR,ERR,ERR,ERR,ERR,ERR,ERR,ERR,ERR,ERR,ERR,ERR,60.0,60.0,35,0.0,0.0,0.0,0.0,0.0,0.0,0.0,0.0,0.0,0.0,0.0,0.0,0.0,0.0,0.0,0.0,65.2,0,122,59,45,65476,0,300,0,0,8,20529,65476,0,0,2621,60.0,0.0,0.0,0.0,0.0,0.0
2026-07-09T15:23:00,ERR,ERR,ERR,ERR,ERR,ERR,ERR,ERR,ERR,ERR,ERR,ERR,ERR,ERR,ERR,ERR,ERR,ERR,ERR,ERR,ERR,ERR,ERR,ERR,ERR,ERR,ERR,ERR,ERR,ERR,ERR,ERR,ERR,ERR,ERR,ERR,ERR,ERR,ERR,ERR,ERR,ERR,ERR,ERR,ERR,ERR,ERR,ERR,ERR,ERR,ERR,ERR,ERR,ERR,ERR,ERR,ERR,ERR,ERR,ERR,ERR,ERR,ERR,ERR,ERR,ERR,ERR,ERR,ERR,ERR,ERR,ERR,ERR,ERR,ERR,ERR,ERR,ERR,ERR,ERR,ERR,ERR,ERR,ERR,ERR,ERR,ERR,ERR,ERR,ERR,ERR,ERR,ERR,ERR,ERR,ERR,ERR,ERR,ERR,ERR,ERR,ERR,ERR,ERR,ERR,ERR,ERR,ERR,ERR,ERR,ERR,ERR,ERR,ERR,ERR,ERR,ERR,ERR,ERR,ERR,ERR,ERR,ERR,ERR,ERR,2.7184246165485387e+23,0.0,-0.0,2.7183637278815766e+23,-0.0,-1.09874832719358e+37,-24.535,77726464.0,0,0,4,17433,7116,0.0,100,0.0,0.0,2.7183637278815766e+23,0.0,0.0,0,0,0,0,0.0,0,0,0,0,0,0,0,0,0,0,0,0,0,0,0,0,0,0,0,0,0,0,0,0,0,0,0,0,0,0,0,0,0,31,40,40,71,65476,0,300,0,0,8,21553,0.0,-107605600.0,0.0,0.0,0.0,0.0,0.0,0.0,0.0,0.0,0.0,0.0,0.0,0.0,0.0,0.0,0.0,0.0,0.0,0.0,0.0,0.0,2.004,-0.0,0.0,0.0,0.0,0.0,0.0,0.0,5286.0,-564146437357568.0,6939.0,2.7184246165485387e+23,0.0,2.004,2.004,0.0,0.0,0.0,0.0,69,-71.629,89220.656,0.0,0.0,0.0,0.0,0.0,0.0,0.0,0,0,0,0.0,0.0,0.0,0.0,0.0,0.0,0.0,0.0,0.0,0.0,0.0,0.0,0.0,0.0,0.0,0.0,0,-107875648.0,69,0.0,138,0.0,2.012,ERR,ERR,ERR,ERR,ERR,ERR,ERR,ERR,ERR,ERR,ERR,ERR,ERR,ERR,ERR,ERR,ERR,ERR,ERR,ERR,ERR,ERR,ERR,ERR,ERR,ERR,ERR,ERR,ERR,ERR,ERR,ERR,ERR,ERR,ERR,ERR,ERR,ERR,ERR,ERR,ERR,ERR,ERR,ERR,ERR,ERR,ERR,ERR,ERR,ERR,ERR,ERR,ERR,ERR,ERR,ERR,ERR,ERR,ERR,ERR,ERR,ERR,ERR,ERR,ERR,ERR,ERR,60.0,60.0,35,0.0,0.0,0.0,0.0,0.0,0.0,0.0,0.0,0.0,0.0,0.0,0.0,0.0,0.0,0.0,0.0,65.2,0,122,59,45,65476,0,300,0,0,8,20529,65476,0,0,2621,60.0,0.0,0.0,0.0,0.0,0.0
2026-07-09T15:23:01,ERR,ERR,ERR,ERR,ERR,ERR,ERR,ERR,ERR,ERR,ERR,ERR,ERR,ERR,ERR,ERR,ERR,ERR,ERR,ERR,ERR,ERR,ERR,ERR,ERR,ERR,ERR,ERR,ERR,ERR,ERR,ERR,ERR,ERR,ERR,ERR,ERR,ERR,ERR,ERR,ERR,ERR,ERR,ERR,ERR,ERR,ERR,ERR,ERR,ERR,ERR,ERR,ERR,ERR,ERR,ERR,ERR,ERR,ERR,ERR,ERR,ERR,ERR,ERR,ERR,ERR,ERR,ERR,ERR,ERR,ERR,ERR,ERR,ERR,ERR,ERR,ERR,ERR,ERR,ERR,ERR,ERR,ERR,ERR,ERR,ERR,ERR,ERR,ERR,ERR,ERR,ERR,ERR,ERR,ERR,ERR,ERR,ERR,ERR,ERR,ERR,ERR,ERR,ERR,ERR,ERR,ERR,ERR,ERR,ERR,ERR,ERR,ERR,ERR,ERR,ERR,ERR,ERR,ERR,ERR,ERR,ERR,ERR,ERR,ERR,2.7184246165485387e+23,0.0,-0.0,2.7183637278815766e+23,-0.0,-1.09874832719358e+37,-24.535,77726464.0,0,0,4,17433,7116,0.0,100,0.0,0.0,2.7183637278815766e+23,0.0,0.0,0,0,0,0,0.0,0,0,0,0,0,0,0,0,0,0,0,0,0,0,0,0,0,0,0,0,0,0,0,0,0,0,0,0,0,0,0,0,0,31,40,40,71,65476,0,300,0,0,8,21553,0.0,-107605600.0,0.0,0.0,0.0,0.0,0.0,0.0,0.0,0.0,0.0,0.0,0.0,0.0,0.0,0.0,0.0,0.0,0.0,0.0,0.0,0.0,2.004,-0.0,0.0,0.0,0.0,0.0,0.0,0.0,5286.0,-564146437357568.0,6939.0,2.7184246165485387e+23,0.0,2.004,2.004,0.0,0.0,0.0,0.0,69,-71.629,89220.656,0.0,0.0,0.0,0.0,0.0,0.0,0.0,0,0,0,0.0,0.0,0.0,0.0,0.0,0.0,0.0,0.0,0.0,0.0,0.0,0.0,0.0,0.0,0.0,0.0,0,-107875648.0,69,0.0,138,0.0,2.012,ERR,ERR,ERR,ERR,ERR,ERR,ERR,ERR,ERR,ERR,ERR,ERR,ERR,ERR,ERR,ERR,ERR,ERR,ERR,ERR,ERR,ERR,ERR,ERR,ERR,ERR,ERR,ERR,ERR,ERR,ERR,ERR,ERR,ERR,ERR,ERR,ERR,ERR,ERR,ERR,ERR,ERR,ERR,ERR,ERR,ERR,ERR,ERR,ERR,ERR,ERR,ERR,ERR,ERR,ERR,ERR,ERR,ERR,ERR,ERR,ERR,ERR,ERR,ERR,ERR,ERR,ERR,60.0,60.0,35,0.0,0.0,0.0,0.0,0.0,0.0,0.0,0.0,0.0,0.0,0.0,0.0,0.0,0.0,0.0,0.0,65.2,0,122,59,45,65476,0,300,0,0,8,20529,65476,0,0,2621,60.0,0.0,0.0,0.0,0.0,0.0
2026-07-09T15:23:02,ERR,ERR,ERR,ERR,ERR,ERR,ERR,ERR,ERR,ERR,ERR,ERR,ERR,ERR,ERR,ERR,ERR,ERR,ERR,ERR,ERR,ERR,ERR,ERR,ERR,ERR,ERR,ERR,ERR,ERR,ERR,ERR,ERR,ERR,ERR,ERR,ERR,ERR,ERR,ERR,ERR,ERR,ERR,ERR,ERR,ERR,ERR,ERR,ERR,ERR,ERR,ERR,ERR,ERR,ERR,ERR,ERR,ERR,ERR,ERR,ERR,ERR,ERR,ERR,ERR,ERR,ERR,ERR,ERR,ERR,ERR,ERR,ERR,ERR,ERR,ERR,ERR,ERR,ERR,ERR,ERR,ERR,ERR,ERR,ERR,ERR,ERR,ERR,ERR,ERR,ERR,ERR,ERR,ERR,ERR,ERR,ERR,ERR,ERR,ERR,ERR,ERR,ERR,ERR,ERR,ERR,ERR,ERR,ERR,ERR,ERR,ERR,ERR,ERR,ERR,ERR,ERR,ERR,ERR,ERR,ERR,ERR,ERR,ERR,ERR,2.7184246165485387e+23,0.0,-0.0,2.7183637278815766e+23,-0.0,-1.09874832719358e+37,-24.535,77726464.0,0,0,4,17433,7116,0.0,100,0.0,0.0,2.7183637278815766e+23,0.0,0.0,0,0,0,0,0.0,0,0,0,0,0,0,0,0,0,0,0,0,0,0,0,0,0,0,0,0,0,0,0,0,0,0,0,0,0,0,0,0,0,31,40,40,71,65476,0,300,0,0,8,21553,0.0,-107605600.0,0.0,0.0,0.0,0.0,0.0,0.0,0.0,0.0,0.0,0.0,0.0,0.0,0.0,0.0,0.0,0.0,0.0,0.0,0.0,0.0,2.004,-0.0,0.0,0.0,0.0,0.0,0.0,0.0,5286.0,-564146437357568.0,6939.0,2.7184246165485387e+23,0.0,2.004,2.004,0.0,0.0,0.0,0.0,69,-71.629,89220.656,0.0,0.0,0.0,0.0,0.0,0.0,0.0,0,0,0,0.0,0.0,0.0,0.0,0.0,0.0,0.0,0.0,0.0,0.0,0.0,0.0,0.0,0.0,0.0,0.0,0,-107875648.0,69,0.0,138,0.0,2.012,ERR,ERR,ERR,ERR,ERR,ERR,ERR,ERR,ERR,ERR,ERR,ERR,ERR,ERR,ERR,ERR,ERR,ERR,ERR,ERR,ERR,ERR,ERR,ERR,ERR,ERR,ERR,ERR,ERR,ERR,ERR,ERR,ERR,ERR,ERR,ERR,ERR,ERR,ERR,ERR,ERR,ERR,ERR,ERR,ERR,ERR,ERR,ERR,ERR,ERR,ERR,ERR,ERR,ERR,ERR,ERR,ERR,ERR,ERR,ERR,ERR,ERR,ERR,ERR,ERR,ERR,ERR,60.0,60.0,35,0.0,0.0,0.0,0.0,0.0,0.0,0.0,0.0,0.0,0.0,0.0,0.0,0.0,0.0,0.0,0.0,65.2,0,122,59,45,65476,0,300,0,0,8,20529,65476,0,0,2621,60.0,0.0,0.0,0.0,0.0,0.0
2026-07-09T15:23:03,ERR,ERR,ERR,ERR,ERR,ERR,ERR,ERR,ERR,ERR,ERR,ERR,ERR,ERR,ERR,ERR,ERR,ERR,ERR,ERR,ERR,ERR,ERR,ERR,ERR,ERR,ERR,ERR,ERR,ERR,ERR,ERR,ERR,ERR,ERR,ERR,ERR,ERR,ERR,ERR,ERR,ERR,ERR,ERR,ERR,ERR,ERR,ERR,ERR,ERR,ERR,ERR,ERR,ERR,ERR,ERR,ERR,ERR,ERR,ERR,ERR,ERR,ERR,ERR,ERR,ERR,ERR,ERR,ERR,ERR,ERR,ERR,ERR,ERR,ERR,ERR,ERR,ERR,ERR,ERR,ERR,ERR,ERR,ERR,ERR,ERR,ERR,ERR,ERR,ERR,ERR,ERR,ERR,ERR,ERR,ERR,ERR,ERR,ERR,ERR,ERR,ERR,ERR,ERR,ERR,ERR,ERR,ERR,ERR,ERR,ERR,ERR,ERR,ERR,ERR,ERR,ERR,ERR,ERR,ERR,ERR,ERR,ERR,ERR,ERR,2.7184246165485387e+23,0.0,-0.0,2.7183637278815766e+23,-0.0,-1.09874832719358e+37,-24.535,77726464.0,0,0,4,17433,7116,0.0,100,0.0,0.0,2.7183637278815766e+23,0.0,0.0,0,0,0,0,0.0,0,0,0,0,0,0,0,0,0,0,0,0,0,0,0,0,0,0,0,0,0,0,0,0,0,0,0,0,0,0,0,0,0,31,40,40,71,65476,0,300,0,0,8,21553,0.0,-107605600.0,0.0,0.0,0.0,0.0,0.0,0.0,0.0,0.0,0.0,0.0,0.0,0.0,0.0,0.0,0.0,0.0,0.0,0.0,0.0,0.0,2.004,-0.0,0.0,0.0,0.0,0.0,0.0,0.0,5286.0,-564146437357568.0,6939.0,2.7184246165485387e+23,0.0,2.004,2.004,0.0,0.0,0.0,0.0,69,-71.629,89220.656,0.0,0.0,0.0,0.0,0.0,0.0,0.0,0,0,0,0.0,0.0,0.0,0.0,0.0,0.0,0.0,0.0,0.0,0.0,0.0,0.0,0.0,0.0,0.0,0.0,0,-107875648.0,69,0.0,138,0.0,2.012,ERR,ERR,ERR,ERR,ERR,ERR,ERR,ERR,ERR,ERR,ERR,ERR,ERR,ERR,ERR,ERR,ERR,ERR,ERR,ERR,ERR,ERR,ERR,ERR,ERR,ERR,ERR,ERR,ERR,ERR,ERR,ERR,ERR,ERR,ERR,ERR,ERR,ERR,ERR,ERR,ERR,ERR,ERR,ERR,ERR,ERR,ERR,ERR,ERR,ERR,ERR,ERR,ERR,ERR,ERR,ERR,ERR,ERR,ERR,ERR,ERR,ERR,ERR,ERR,ERR,ERR,ERR,60.0,60.0,35,0.0,0.0,0.0,0.0,0.0,0.0,0.0,0.0,0.0,0.0,0.0,0.0,0.0,0.0,0.0,0.0,65.6,0,122,59,45,65476,0,300,0,0,8,20529,65476,0,0,2621,60.0,0.0,0.0,0.0,0.0,0.0
2026-07-09T15:23:04,ERR,ERR,ERR,ERR,ERR,ERR,ERR,ERR,ERR,ERR,ERR,ERR,ERR,ERR,ERR,ERR,ERR,ERR,ERR,ERR,ERR,ERR,ERR,ERR,ERR,ERR,ERR,ERR,ERR,ERR,ERR,ERR,ERR,ERR,ERR,ERR,ERR,ERR,ERR,ERR,ERR,ERR,ERR,ERR,ERR,ERR,ERR,ERR,ERR,ERR,ERR,ERR,ERR,ERR,ERR,ERR,ERR,ERR,ERR,ERR,ERR,ERR,ERR,ERR,ERR,ERR,ERR,ERR,ERR,ERR,ERR,ERR,ERR,ERR,ERR,ERR,ERR,ERR,ERR,ERR,ERR,ERR,ERR,ERR,ERR,ERR,ERR,ERR,ERR,ERR,ERR,ERR,ERR,ERR,ERR,ERR,ERR,ERR,ERR,ERR,ERR,ERR,ERR,ERR,ERR,ERR,ERR,ERR,ERR,ERR,ERR,ERR,ERR,ERR,ERR,ERR,ERR,ERR,ERR,ERR,ERR,ERR,ERR,ERR,ERR,2.7184246165485387e+23,0.0,-0.0,2.7183637278815766e+23,-0.0,-1.09874832719358e+37,-24.535,77726464.0,0,0,4,17433,7116,0.0,100,0.0,0.0,2.7183637278815766e+23,0.0,0.0,0,0,0,0,0.0,0,0,0,0,0,0,0,0,0,0,0,0,0,0,0,0,0,0,0,0,0,0,0,0,0,0,0,0,0,0,0,0,0,31,40,40,71,65476,0,300,0,0,8,21553,0.0,-107605600.0,0.0,0.0,0.0,0.0,0.0,0.0,0.0,0.0,0.0,0.0,0.0,0.0,0.0,0.0,0.0,0.0,0.0,0.0,0.0,0.0,2.004,-0.0,0.0,0.0,0.0,0.0,0.0,0.0,5286.0,-564146437357568.0,6939.0,2.7184246165485387e+23,0.0,2.004,2.004,0.0,0.0,0.0,0.0,69,-71.629,89220.656,0.0,0.0,0.0,0.0,0.0,0.0,0.0,0,0,0,0.0,0.0,0.0,0.0,0.0,0.0,0.0,0.0,0.0,0.0,0.0,0.0,0.0,0.0,0.0,0.0,0,-107875648.0,69,0.0,138,0.0,2.012,ERR,ERR,ERR,ERR,ERR,ERR,ERR,ERR,ERR,ERR,ERR,ERR,ERR,ERR,ERR,ERR,ERR,ERR,ERR,ERR,ERR,ERR,ERR,ERR,ERR,ERR,ERR,ERR,ERR,ERR,ERR,ERR,ERR,ERR,ERR,ERR,ERR,ERR,ERR,ERR,ERR,ERR,ERR,ERR,ERR,ERR,ERR,ERR,ERR,ERR,ERR,ERR,ERR,ERR,ERR,ERR,ERR,ERR,ERR,ERR,ERR,ERR,ERR,ERR,ERR,ERR,ERR,60.0,60.0,35,0.0,0.0,0.0,0.0,0.0,0.0,0.0,0.0,0.0,0.0,0.0,0.0,0.0,0.0,0.0,0.0,65.6,0,122,59,45,65476,0,300,0,0,8,20529,65476,0,0,2621,60.0,0.0,0.0,0.0,0.0,0.0
2026-07-09T15:23:05,ERR,ERR,ERR,ERR,ERR,ERR,ERR,ERR,ERR,ERR,ERR,ERR,ERR,ERR,ERR,ERR,ERR,ERR,ERR,ERR,ERR,ERR,ERR,ERR,ERR,ERR,ERR,ERR,ERR,ERR,ERR,ERR,ERR,ERR,ERR,ERR,ERR,ERR,ERR,ERR,ERR,ERR,ERR,ERR,ERR,ERR,ERR,ERR,ERR,ERR,ERR,ERR,ERR,ERR,ERR,ERR,ERR,ERR,ERR,ERR,ERR,ERR,ERR,ERR,ERR,ERR,ERR,ERR,ERR,ERR,ERR,ERR,ERR,ERR,ERR,ERR,ERR,ERR,ERR,ERR,ERR,ERR,ERR,ERR,ERR,ERR,ERR,ERR,ERR,ERR,ERR,ERR,ERR,ERR,ERR,ERR,ERR,ERR,ERR,ERR,ERR,ERR,ERR,ERR,ERR,ERR,ERR,ERR,ERR,ERR,ERR,ERR,ERR,ERR,ERR,ERR,ERR,ERR,ERR,ERR,ERR,ERR,ERR,ERR,ERR,2.7184246165485387e+23,0.0,0.0,-107612384.0,142148720656384.0,-0.0,2.864409271347714e+21,-3.5344456583789674e+19,0,0,4,17432,7116,0.0,100,0.0,0.0,2.7183637278815766e+23,0.0,0.0,0,0,0,0,0.0,0,0,0,0,0,0,0,0,0,0,0,0,0,0,0,0,0,0,0,0,0,0,0,0,0,0,0,0,0,0,0,0,0,31,40,40,71,65476,0,300,0,0,8,21553,0.0,-107605600.0,0.0,0.0,0.0,0.0,0.0,0.0,0.0,0.0,0.0,0.0,0.0,0.0,0.0,0.0,0.0,0.0,0.0,0.0,0.0,0.0,2.004,-2.004,0.0,0.0,0.0,0.0,0.0,0.0,5329.0,0.0,6916.0,2.7184246165485387e+23,2.7184483955545712e+23,2.004,2.004,0.0,0.0,0.0,0.0,69,0.0,-0.0,0.0,0.0,0.0,0.0,0.0,0.0,0.0,0,0,0,0.0,0.0,0.0,0.0,0.0,0.0,0.0,0.0,0.0,0.0,0.0,0.0,0.0,0.0,0.0,0.0,0,-107875648.0,69,0.0,138,0.0,2.012,ERR,ERR,ERR,ERR,ERR,ERR,ERR,ERR,ERR,ERR,ERR,ERR,ERR,ERR,ERR,ERR,ERR,ERR,ERR,ERR,ERR,ERR,ERR,ERR,ERR,ERR,ERR,ERR,ERR,ERR,ERR,ERR,ERR,ERR,ERR,ERR,ERR,ERR,ERR,ERR,ERR,ERR,ERR,ERR,ERR,ERR,ERR,ERR,ERR,ERR,ERR,ERR,ERR,ERR,ERR,ERR,ERR,ERR,ERR,ERR,ERR,ERR,ERR,ERR,ERR,ERR,ERR,60.0,60.0,35,0.0,0.0,0.0,0.0,0.0,0.0,0.0,0.0,0.0,0.0,0.0,0.0,0.0,0.0,0.0,0.0,65.2,0,122,59,45,65476,0,300,0,0,8,20529,65476,0,0,2621,60.0,0.0,0.0,0.0,0.0,0.0
2026-07-09T15:23:06,ERR,ERR,ERR,ERR,ERR,ERR,ERR,ERR,ERR,ERR,ERR,ERR,ERR,ERR,ERR,ERR,ERR,ERR,ERR,ERR,ERR,ERR,ERR,ERR,ERR,ERR,ERR,ERR,ERR,ERR,ERR,ERR,ERR,ERR,ERR,ERR,ERR,ERR,ERR,ERR,ERR,ERR,ERR,ERR,ERR,ERR,ERR,ERR,ERR,ERR,ERR,ERR,ERR,ERR,ERR,ERR,ERR,ERR,ERR,ERR,ERR,ERR,ERR,ERR,ERR,ERR,ERR,ERR,ERR,ERR,ERR,ERR,ERR,ERR,ERR,ERR,ERR,ERR,ERR,ERR,ERR,ERR,ERR,ERR,ERR,ERR,ERR,ERR,ERR,ERR,ERR,ERR,ERR,ERR,ERR,ERR,ERR,ERR,ERR,ERR,ERR,ERR,ERR,ERR,ERR,ERR,ERR,ERR,ERR,ERR,ERR,ERR,ERR,ERR,ERR,ERR,ERR,ERR,ERR,ERR,ERR,ERR,ERR,ERR,ERR,2.7184246165485387e+23,0.0,0.0,-107612384.0,142148720656384.0,-0.0,2.864409271347714e+21,-3.5344456583789674e+19,0,0,4,17432,7116,0.0,100,0.0,0.0,2.7183637278815766e+23,0.0,0.0,0,0,0,0,0.0,0,0,0,0,0,0,0,0,0,0,0,0,0,0,0,0,0,0,0,0,0,0,0,0,0,0,0,0,0,0,0,0,0,31,40,40,71,65476,0,300,0,0,8,21553,0.0,-107605600.0,0.0,0.0,0.0,0.0,0.0,0.0,0.0,0.0,0.0,0.0,0.0,0.0,0.0,0.0,0.0,0.0,0.0,0.0,0.0,0.0,2.004,-2.004,0.0,0.0,0.0,0.0,0.0,0.0,5329.0,0.0,6916.0,2.7184246165485387e+23,2.7184483955545712e+23,2.004,2.004,0.0,0.0,0.0,0.0,69,0.0,-0.0,0.0,0.0,0.0,0.0,0.0,0.0,0.0,0,0,0,0.0,0.0,0.0,0.0,0.0,0.0,0.0,0.0,0.0,0.0,0.0,0.0,0.0,0.0,0.0,0.0,0,-107875648.0,69,0.0,138,0.0,2.012,ERR,ERR,ERR,ERR,ERR,ERR,ERR,ERR,ERR,ERR,ERR,ERR,ERR,ERR,ERR,ERR,ERR,ERR,ERR,ERR,ERR,ERR,ERR,ERR,ERR,ERR,ERR,ERR,ERR,ERR,ERR,ERR,ERR,ERR,ERR,ERR,ERR,ERR,ERR,ERR,ERR,ERR,ERR,ERR,ERR,ERR,ERR,ERR,ERR,ERR,ERR,ERR,ERR,ERR,ERR,ERR,ERR,ERR,ERR,ERR,ERR,ERR,ERR,ERR,ERR,ERR,ERR,60.0,60.0,35,0.0,0.0,0.0,0.0,0.0,0.0,0.0,0.0,0.0,0.0,0.0,0.0,0.0,0.0,0.0,0.0,65.2,0,122,59,45,65476,0,300,0,0,8,20529,65476,0,0,2621,60.0,0.0,0.0,0.0,0.0,0.0
2026-07-09T15:23:07,ERR,ERR,ERR,ERR,ERR,ERR,ERR,ERR,ERR,ERR,ERR,ERR,ERR,ERR,ERR,ERR,ERR,ERR,ERR,ERR,ERR,ERR,ERR,ERR,ERR,ERR,ERR,ERR,ERR,ERR,ERR,ERR,ERR,ERR,ERR,ERR,ERR,ERR,ERR,ERR,ERR,ERR,ERR,ERR,ERR,ERR,ERR,ERR,ERR,ERR,ERR,ERR,ERR,ERR,ERR,ERR,ERR,ERR,ERR,ERR,ERR,ERR,ERR,ERR,ERR,ERR,ERR,ERR,ERR,ERR,ERR,ERR,ERR,ERR,ERR,ERR,ERR,ERR,ERR,ERR,ERR,ERR,ERR,ERR,ERR,ERR,ERR,ERR,ERR,ERR,ERR,ERR,ERR,ERR,ERR,ERR,ERR,ERR,ERR,ERR,ERR,ERR,ERR,ERR,ERR,ERR,ERR,ERR,ERR,ERR,ERR,ERR,ERR,ERR,ERR,ERR,ERR,ERR,ERR,ERR,ERR,ERR,ERR,ERR,ERR,2.7184246165485387e+23,0.0,0.0,-107612384.0,142148720656384.0,-0.0,2.864409271347714e+21,-3.5344456583789674e+19,0,0,4,17432,7116,0.0,100,0.0,0.0,2.7183637278815766e+23,0.0,0.0,0,0,0,0,0.0,0,0,0,0,0,0,0,0,0,0,0,0,0,0,0,0,0,0,0,0,0,0,0,0,0,0,0,0,0,0,0,0,0,31,40,40,71,65476,0,300,0,0,8,21553,0.0,-107605600.0,0.0,0.0,0.0,0.0,0.0,0.0,0.0,0.0,0.0,0.0,0.0,0.0,0.0,0.0,0.0,0.0,0.0,0.0,0.0,0.0,2.004,-2.004,0.0,0.0,0.0,0.0,0.0,0.0,5329.0,0.0,6916.0,2.7184246165485387e+23,2.7184483955545712e+23,2.004,2.004,0.0,0.0,0.0,0.0,69,0.0,-0.0,0.0,0.0,0.0,0.0,0.0,0.0,0.0,0,0,0,0.0,0.0,0.0,0.0,0.0,0.0,0.0,0.0,0.0,0.0,0.0,0.0,0.0,0.0,0.0,0.0,0,-107875648.0,69,0.0,138,0.0,2.012,ERR,ERR,ERR,ERR,ERR,ERR,ERR,ERR,ERR,ERR,ERR,ERR,ERR,ERR,ERR,ERR,ERR,ERR,ERR,ERR,ERR,ERR,ERR,ERR,ERR,ERR,ERR,ERR,ERR,ERR,ERR,ERR,ERR,ERR,ERR,ERR,ERR,ERR,ERR,ERR,ERR,ERR,ERR,ERR,ERR,ERR,ERR,ERR,ERR,ERR,ERR,ERR,ERR,ERR,ERR,ERR,ERR,ERR,ERR,ERR,ERR,ERR,ERR,ERR,ERR,ERR,ERR,60.0,60.0,35,0.0,0.0,0.0,0.0,0.0,0.0,0.0,0.0,0.0,0.0,0.0,0.0,0.0,0.0,0.0,0.0,65.2,0,122,59,45,65476,0,300,0,0,8,20529,65476,0,0,2621,60.0,0.0,0.0,0.0,0.0,0.0
2026-07-09T15:23:08,ERR,ERR,ERR,ERR,ERR,ERR,ERR,ERR,ERR,ERR,ERR,ERR,ERR,ERR,ERR,ERR,ERR,ERR,ERR,ERR,ERR,ERR,ERR,ERR,ERR,ERR,ERR,ERR,ERR,ERR,ERR,ERR,ERR,ERR,ERR,ERR,ERR,ERR,ERR,ERR,ERR,ERR,ERR,ERR,ERR,ERR,ERR,ERR,ERR,ERR,ERR,ERR,ERR,ERR,ERR,ERR,ERR,ERR,ERR,ERR,ERR,ERR,ERR,ERR,ERR,ERR,ERR,ERR,ERR,ERR,ERR,ERR,ERR,ERR,ERR,ERR,ERR,ERR,ERR,ERR,ERR,ERR,ERR,ERR,ERR,ERR,ERR,ERR,ERR,ERR,ERR,ERR,ERR,ERR,ERR,ERR,ERR,ERR,ERR,ERR,ERR,ERR,ERR,ERR,ERR,ERR,ERR,ERR,ERR,ERR,ERR,ERR,ERR,ERR,ERR,ERR,ERR,ERR,ERR,ERR,ERR,ERR,ERR,ERR,ERR,2.7184246165485387e+23,0.0,0.0,-107612384.0,142148720656384.0,-0.0,2.864409271347714e+21,-3.5344456583789674e+19,0,0,4,17432,7116,0.0,100,0.0,0.0,2.7183637278815766e+23,0.0,0.0,0,0,0,0,0.0,0,0,0,0,0,0,0,0,0,0,0,0,0,0,0,0,0,0,0,0,0,0,0,0,0,0,0,0,0,0,0,0,0,31,40,40,71,65476,0,300,0,0,8,21553,0.0,-107605600.0,0.0,0.0,0.0,0.0,0.0,0.0,0.0,0.0,0.0,0.0,0.0,0.0,0.0,0.0,0.0,0.0,0.0,0.0,0.0,0.0,2.004,-2.004,0.0,0.0,0.0,0.0,0.0,0.0,5329.0,0.0,6916.0,2.7184246165485387e+23,2.7184483955545712e+23,2.004,2.004,0.0,0.0,0.0,0.0,69,0.0,-0.0,0.0,0.0,0.0,0.0,0.0,0.0,0.0,0,0,0,0.0,0.0,0.0,0.0,0.0,0.0,0.0,0.0,0.0,0.0,0.0,0.0,0.0,0.0,0.0,0.0,0,-107875648.0,69,0.0,138,0.0,2.012,ERR,ERR,ERR,ERR,ERR,ERR,ERR,ERR,ERR,ERR,ERR,ERR,ERR,ERR,ERR,ERR,ERR,ERR,ERR,ERR,ERR,ERR,ERR,ERR,ERR,ERR,ERR,ERR,ERR,ERR,ERR,ERR,ERR,ERR,ERR,ERR,ERR,ERR,ERR,ERR,ERR,ERR,ERR,ERR,ERR,ERR,ERR,ERR,ERR,ERR,ERR,ERR,ERR,ERR,ERR,ERR,ERR,ERR,ERR,ERR,ERR,ERR,ERR,ERR,ERR,ERR,ERR,60.0,60.0,35,0.0,0.0,0.0,0.0,0.0,0.0,0.0,0.0,0.0,0.0,0.0,0.0,0.0,0.0,0.0,0.0,65.2,0,122,59,45,65476,0,300,0,0,8,20529,65476,0,0,2621,60.0,0.0,0.0,0.0,0.0,0.0
2026-07-09T15:23:09,ERR,ERR,ERR,ERR,ERR,ERR,ERR,ERR,ERR,ERR,ERR,ERR,ERR,ERR,ERR,ERR,ERR,ERR,ERR,ERR,ERR,ERR,ERR,ERR,ERR,ERR,ERR,ERR,ERR,ERR,ERR,ERR,ERR,ERR,ERR,ERR,ERR,ERR,ERR,ERR,ERR,ERR,ERR,ERR,ERR,ERR,ERR,ERR,ERR,ERR,ERR,ERR,ERR,ERR,ERR,ERR,ERR,ERR,ERR,ERR,ERR,ERR,ERR,ERR,ERR,ERR,ERR,ERR,ERR,ERR,ERR,ERR,ERR,ERR,ERR,ERR,ERR,ERR,ERR,ERR,ERR,ERR,ERR,ERR,ERR,ERR,ERR,ERR,ERR,ERR,ERR,ERR,ERR,ERR,ERR,ERR,ERR,ERR,ERR,ERR,ERR,ERR,ERR,ERR,ERR,ERR,ERR,ERR,ERR,ERR,ERR,ERR,ERR,ERR,ERR,ERR,ERR,ERR,ERR,ERR,ERR,ERR,ERR,ERR,ERR,2.7184246165485387e+23,0.0,0.0,-107612384.0,142148720656384.0,-0.0,2.864409271347714e+21,-3.5344456583789674e+19,0,0,4,17432,7116,0.0,100,0.0,0.0,2.7183637278815766e+23,0.0,0.0,0,0,0,0,0.0,0,0,0,0,0,0,0,0,0,0,0,0,0,0,0,0,0,0,0,0,0,0,0,0,0,0,0,0,0,0,0,0,0,31,40,40,71,65476,0,300,0,0,8,21553,0.0,-107605600.0,0.0,0.0,0.0,0.0,0.0,0.0,0.0,0.0,0.0,0.0,0.0,0.0,0.0,0.0,0.0,0.0,0.0,0.0,0.0,0.0,2.004,-2.004,0.0,0.0,0.0,0.0,0.0,0.0,5329.0,0.0,6916.0,2.7184246165485387e+23,2.7184483955545712e+23,2.004,2.004,0.0,0.0,0.0,0.0,69,0.0,-0.0,0.0,0.0,0.0,0.0,0.0,0.0,0.0,0,0,0,0.0,0.0,0.0,0.0,0.0,0.0,0.0,0.0,0.0,0.0,0.0,0.0,0.0,0.0,0.0,0.0,0,-107875648.0,69,0.0,138,0.0,2.012,ERR,ERR,ERR,ERR,ERR,ERR,ERR,ERR,ERR,ERR,ERR,ERR,ERR,ERR,ERR,ERR,ERR,ERR,ERR,ERR,ERR,ERR,ERR,ERR,ERR,ERR,ERR,ERR,ERR,ERR,ERR,ERR,ERR,ERR,ERR,ERR,ERR,ERR,ERR,ERR,ERR,ERR,ERR,ERR,ERR,ERR,ERR,ERR,ERR,ERR,ERR,ERR,ERR,ERR,ERR,ERR,ERR,ERR,ERR,ERR,ERR,ERR,ERR,ERR,ERR,ERR,ERR,60.0,60.0,35,0.0,0.0,0.0,0.0,0.0,0.0,0.0,0.0,0.0,0.0,0.0,0.0,0.0,0.0,0.0,0.0,65.2,0,122,59,45,65476,0,300,0,0,8,20529,65476,0,0,2621,60.0,0.0,0.0,0.0,0.0,0.0
2026-07-09T15:23:10,ERR,ERR,ERR,ERR,ERR,ERR,ERR,ERR,ERR,ERR,ERR,ERR,ERR,ERR,ERR,ERR,ERR,ERR,ERR,ERR,ERR,ERR,ERR,ERR,ERR,ERR,ERR,ERR,ERR,ERR,ERR,ERR,ERR,ERR,ERR,ERR,ERR,ERR,ERR,ERR,ERR,ERR,ERR,ERR,ERR,ERR,ERR,ERR,ERR,ERR,ERR,ERR,ERR,ERR,ERR,ERR,ERR,ERR,ERR,ERR,ERR,ERR,ERR,ERR,ERR,ERR,ERR,ERR,ERR,ERR,ERR,ERR,ERR,ERR,ERR,ERR,ERR,ERR,ERR,ERR,ERR,ERR,ERR,ERR,ERR,ERR,ERR,ERR,ERR,ERR,ERR,ERR,ERR,ERR,ERR,ERR,ERR,ERR,ERR,ERR,ERR,ERR,ERR,ERR,ERR,ERR,ERR,ERR,ERR,ERR,ERR,ERR,ERR,ERR,ERR,ERR,ERR,ERR,ERR,ERR,ERR,ERR,ERR,ERR,ERR,2.7184246165485387e+23,-0.0,-108139456.0,-107612384.0,-69408555008.0,22840216.0,0.0,-1.6776039178960896e+18,0,0,4,17431,7116,0.0,100,0.0,0.0,0.0,0.0,0.0,0,0,0,0,0.0,0,0,0,0,0,0,0,0,0,0,0,0,0,0,0,0,0,0,0,0,0,0,0,0,0,0,0,0,0,0,0,0,0,31,40,40,71,65476,0,300,0,0,8,21553,0.0,-107605600.0,0.0,0.0,0.0,0.0,0.0,0.0,0.0,0.0,0.0,0.0,0.0,0.0,0.0,0.0,0.0,0.0,0.0,0.0,0.0,0.0,2.004,0.0,0.0,0.0,0.0,0.0,0.0,0.0,5331.0,-0.0,6931.0,0.0,-107616160.0,2.004,2.004,0.0,0.0,0.0,0.0,69,89220.594,0.059,0.0,0.0,0.0,0.0,0.0,0.0,0.0,0,0,0,0.0,0.0,0.0,0.0,0.0,0.0,0.0,0.0,0.0,0.0,0.0,0.0,0.0,0.0,0.0,0.0,0,-107875648.0,69,0.0,138,0.0,2.012,ERR,ERR,ERR,ERR,ERR,ERR,ERR,ERR,ERR,ERR,ERR,ERR,ERR,ERR,ERR,ERR,ERR,ERR,ERR,ERR,ERR,ERR,ERR,ERR,ERR,ERR,ERR,ERR,ERR,ERR,ERR,ERR,ERR,ERR,ERR,ERR,ERR,ERR,ERR,ERR,ERR,ERR,ERR,ERR,ERR,ERR,ERR,ERR,ERR,ERR,ERR,ERR,ERR,ERR,ERR,ERR,ERR,ERR,ERR,ERR,ERR,ERR,ERR,ERR,ERR,ERR,ERR,60.0,60.0,35,0.0,0.0,0.0,0.0,0.0,0.0,0.0,0.0,0.0,0.0,0.0,0.0,0.0,0.0,0.0,0.0,65.6,0,122,59,45,65476,0,300,0,0,8,20529,65476,0,0,2621,60.0,0.0,0.0,0.0,0.0,0.0
2026-07-09T15:23:11,ERR,ERR,ERR,ERR,ERR,ERR,ERR,ERR,ERR,ERR,ERR,ERR,ERR,ERR,ERR,ERR,ERR,ERR,ERR,ERR,ERR,ERR,ERR,ERR,ERR,ERR,ERR,ERR,ERR,ERR,ERR,ERR,ERR,ERR,ERR,ERR,ERR,ERR,ERR,ERR,ERR,ERR,ERR,ERR,ERR,ERR,ERR,ERR,ERR,ERR,ERR,ERR,ERR,ERR,ERR,ERR,ERR,ERR,ERR,ERR,ERR,ERR,ERR,ERR,ERR,ERR,ERR,ERR,ERR,ERR,ERR,ERR,ERR,ERR,ERR,ERR,ERR,ERR,ERR,ERR,ERR,ERR,ERR,ERR,ERR,ERR,ERR,ERR,ERR,ERR,ERR,ERR,ERR,ERR,ERR,ERR,ERR,ERR,ERR,ERR,ERR,ERR,ERR,ERR,ERR,ERR,ERR,ERR,ERR,ERR,ERR,ERR,ERR,ERR,ERR,ERR,ERR,ERR,ERR,ERR,ERR,ERR,ERR,ERR,ERR,2.7184246165485387e+23,-0.0,-108139456.0,-107612384.0,-69408555008.0,22840216.0,0.0,-1.6776039178960896e+18,0,0,4,17431,7116,0.0,100,0.0,0.0,0.0,0.0,0.0,0,0,0,0,0.0,0,0,0,0,0,0,0,0,0,0,0,0,0,0,0,0,0,0,0,0,0,0,0,0,0,0,0,0,0,0,0,0,0,31,40,40,71,65476,0,300,0,0,8,21553,0.0,-107605600.0,0.0,0.0,0.0,0.0,0.0,0.0,0.0,0.0,0.0,0.0,0.0,0.0,0.0,0.0,0.0,0.0,0.0,0.0,0.0,0.0,2.004,0.0,0.0,0.0,0.0,0.0,0.0,0.0,5331.0,-0.0,6931.0,0.0,-107616160.0,2.004,2.004,0.0,0.0,0.0,0.0,69,89220.594,0.059,0.0,0.0,0.0,0.0,0.0,0.0,0.0,0,0,0,0.0,0.0,0.0,0.0,0.0,0.0,0.0,0.0,0.0,0.0,0.0,0.0,0.0,0.0,0.0,0.0,0,-107875648.0,69,0.0,138,0.0,2.012,ERR,ERR,ERR,ERR,ERR,ERR,ERR,ERR,ERR,ERR,ERR,ERR,ERR,ERR,ERR,ERR,ERR,ERR,ERR,ERR,ERR,ERR,ERR,ERR,ERR,ERR,ERR,ERR,ERR,ERR,ERR,ERR,ERR,ERR,ERR,ERR,ERR,ERR,ERR,ERR,ERR,ERR,ERR,ERR,ERR,ERR,ERR,ERR,ERR,ERR,ERR,ERR,ERR,ERR,ERR,ERR,ERR,ERR,ERR,ERR,ERR,ERR,ERR,ERR,ERR,ERR,ERR,60.0,60.0,35,0.0,0.0,0.0,0.0,0.0,0.0,0.0,0.0,0.0,0.0,0.0,0.0,0.0,0.0,0.0,0.0,65.6,0,122,59,45,65476,0,300,0,0,8,20529,65476,0,0,2621,60.0,0.0,0.0,0.0,0.0,0.0
2026-07-09T15:23:12,ERR,ERR,ERR,ERR,ERR,ERR,ERR,ERR,ERR,ERR,ERR,ERR,ERR,ERR,ERR,ERR,ERR,ERR,ERR,ERR,ERR,ERR,ERR,ERR,ERR,ERR,ERR,ERR,ERR,ERR,ERR,ERR,ERR,ERR,ERR,ERR,ERR,ERR,ERR,ERR,ERR,ERR,ERR,ERR,ERR,ERR,ERR,ERR,ERR,ERR,ERR,ERR,ERR,ERR,ERR,ERR,ERR,ERR,ERR,ERR,ERR,ERR,ERR,ERR,ERR,ERR,ERR,ERR,ERR,ERR,ERR,ERR,ERR,ERR,ERR,ERR,ERR,ERR,ERR,ERR,ERR,ERR,ERR,ERR,ERR,ERR,ERR,ERR,ERR,ERR,ERR,ERR,ERR,ERR,ERR,ERR,ERR,ERR,ERR,ERR,ERR,ERR,ERR,ERR,ERR,ERR,ERR,ERR,ERR,ERR,ERR,ERR,ERR,ERR,ERR,ERR,ERR,ERR,ERR,ERR,ERR,ERR,ERR,ERR,ERR,2.7184246165485387e+23,-0.0,-108139456.0,-107612384.0,-69408555008.0,22840216.0,0.0,-1.6776039178960896e+18,0,0,4,17431,7116,0.0,100,0.0,0.0,0.0,0.0,0.0,0,0,0,0,0.0,0,0,0,0,0,0,0,0,0,0,0,0,0,0,0,0,0,0,0,0,0,0,0,0,0,0,0,0,0,0,0,0,0,31,40,40,71,65476,0,300,0,0,8,21553,0.0,-107605600.0,0.0,0.0,0.0,0.0,0.0,0.0,0.0,0.0,0.0,0.0,0.0,0.0,0.0,0.0,0.0,0.0,0.0,0.0,0.0,0.0,2.004,0.0,0.0,0.0,0.0,0.0,0.0,0.0,5331.0,-0.0,6931.0,0.0,-107616160.0,2.004,2.004,0.0,0.0,0.0,0.0,69,89220.594,0.059,0.0,0.0,0.0,0.0,0.0,0.0,0.0,0,0,0,0.0,0.0,0.0,0.0,0.0,0.0,0.0,0.0,0.0,0.0,0.0,0.0,0.0,0.0,0.0,0.0,0,-107875648.0,69,0.0,138,0.0,2.012,ERR,ERR,ERR,ERR,ERR,ERR,ERR,ERR,ERR,ERR,ERR,ERR,ERR,ERR,ERR,ERR,ERR,ERR,ERR,ERR,ERR,ERR,ERR,ERR,ERR,ERR,ERR,ERR,ERR,ERR,ERR,ERR,ERR,ERR,ERR,ERR,ERR,ERR,ERR,ERR,ERR,ERR,ERR,ERR,ERR,ERR,ERR,ERR,ERR,ERR,ERR,ERR,ERR,ERR,ERR,ERR,ERR,ERR,ERR,ERR,ERR,ERR,ERR,ERR,ERR,ERR,ERR,60.0,60.0,35,0.0,0.0,0.0,0.0,0.0,0.0,0.0,0.0,0.0,0.0,0.0,0.0,0.0,0.0,0.0,0.0,65.2,0,122,59,45,65476,0,300,0,0,8,20529,65476,0,0,2621,60.0,0.0,0.0,0.0,0.0,0.0
2026-07-09T15:23:13,ERR,ERR,ERR,ERR,ERR,ERR,ERR,ERR,ERR,ERR,ERR,ERR,ERR,ERR,ERR,ERR,ERR,ERR,ERR,ERR,ERR,ERR,ERR,ERR,ERR,ERR,ERR,ERR,ERR,ERR,ERR,ERR,ERR,ERR,ERR,ERR,ERR,ERR,ERR,ERR,ERR,ERR,ERR,ERR,ERR,ERR,ERR,ERR,ERR,ERR,ERR,ERR,ERR,ERR,ERR,ERR,ERR,ERR,ERR,ERR,ERR,ERR,ERR,ERR,ERR,ERR,ERR,ERR,ERR,ERR,ERR,ERR,ERR,ERR,ERR,ERR,ERR,ERR,ERR,ERR,ERR,ERR,ERR,ERR,ERR,ERR,ERR,ERR,ERR,ERR,ERR,ERR,ERR,ERR,ERR,ERR,ERR,ERR,ERR,ERR,ERR,ERR,ERR,ERR,ERR,ERR,ERR,ERR,ERR,ERR,ERR,ERR,ERR,ERR,ERR,ERR,ERR,ERR,ERR,ERR,ERR,ERR,ERR,ERR,ERR,2.7184246165485387e+23,-0.0,-108139456.0,-107612384.0,-69408555008.0,22840216.0,0.0,-1.6776039178960896e+18,0,0,4,17431,7116,0.0,100,0.0,0.0,0.0,0.0,0.0,0,0,0,0,0.0,0,0,0,0,0,0,0,0,0,0,0,0,0,0,0,0,0,0,0,0,0,0,0,0,0,0,0,0,0,0,0,0,0,31,40,40,71,65476,0,300,0,0,8,21553,0.0,-107605600.0,0.0,0.0,0.0,0.0,0.0,0.0,0.0,0.0,0.0,0.0,0.0,0.0,0.0,0.0,0.0,0.0,0.0,0.0,0.0,0.0,2.004,0.0,0.0,0.0,0.0,0.0,0.0,0.0,5331.0,-0.0,6931.0,0.0,-107616160.0,2.004,2.004,0.0,0.0,0.0,0.0,69,89220.594,0.059,0.0,0.0,0.0,0.0,0.0,0.0,0.0,0,0,0,0.0,0.0,0.0,0.0,0.0,0.0,0.0,0.0,0.0,0.0,0.0,0.0,0.0,0.0,0.0,0.0,0,-107875648.0,69,0.0,138,0.0,2.012,ERR,ERR,ERR,ERR,ERR,ERR,ERR,ERR,ERR,ERR,ERR,ERR,ERR,ERR,ERR,ERR,ERR,ERR,ERR,ERR,ERR,ERR,ERR,ERR,ERR,ERR,ERR,ERR,ERR,ERR,ERR,ERR,ERR,ERR,ERR,ERR,ERR,ERR,ERR,ERR,ERR,ERR,ERR,ERR,ERR,ERR,ERR,ERR,ERR,ERR,ERR,ERR,ERR,ERR,ERR,ERR,ERR,ERR,ERR,ERR,ERR,ERR,ERR,ERR,ERR,ERR,ERR,60.0,60.0,35,0.0,0.0,0.0,0.0,0.0,0.0,0.0,0.0,0.0,0.0,0.0,0.0,0.0,0.0,0.0,0.0,65.2,0,122,59,45,65476,0,300,0,0,8,20529,65476,0,0,2621,60.0,0.0,0.0,0.0,0.0,0.0
2026-07-09T15:23:14,ERR,ERR,ERR,ERR,ERR,ERR,ERR,ERR,ERR,ERR,ERR,ERR,ERR,ERR,ERR,ERR,ERR,ERR,ERR,ERR,ERR,ERR,ERR,ERR,ERR,ERR,ERR,ERR,ERR,ERR,ERR,ERR,ERR,ERR,ERR,ERR,ERR,ERR,ERR,ERR,ERR,ERR,ERR,ERR,ERR,ERR,ERR,ERR,ERR,ERR,ERR,ERR,ERR,ERR,ERR,ERR,ERR,ERR,ERR,ERR,ERR,ERR,ERR,ERR,ERR,ERR,ERR,ERR,ERR,ERR,ERR,ERR,ERR,ERR,ERR,ERR,ERR,ERR,ERR,ERR,ERR,ERR,ERR,ERR,ERR,ERR,ERR,ERR,ERR,ERR,ERR,ERR,ERR,ERR,ERR,ERR,ERR,ERR,ERR,ERR,ERR,ERR,ERR,ERR,ERR,ERR,ERR,ERR,ERR,ERR,ERR,ERR,ERR,ERR,ERR,ERR,ERR,ERR,ERR,ERR,ERR,ERR,ERR,ERR,ERR,2.7184246165485387e+23,-0.0,-108139456.0,-107612384.0,-69408555008.0,22840216.0,0.0,-1.6776039178960896e+18,0,0,4,17431,7116,0.0,100,0.0,0.0,0.0,0.0,0.0,0,0,0,0,0.0,0,0,0,0,0,0,0,0,0,0,0,0,0,0,0,0,0,0,0,0,0,0,0,0,0,0,0,0,0,0,0,0,0,31,40,40,71,65476,0,300,0,0,8,21553,0.0,-107605600.0,0.0,0.0,0.0,0.0,0.0,0.0,0.0,0.0,0.0,0.0,0.0,0.0,0.0,0.0,0.0,0.0,0.0,0.0,0.0,0.0,2.004,0.0,0.0,0.0,0.0,0.0,0.0,0.0,5331.0,-0.0,6931.0,0.0,-107616160.0,2.004,2.004,0.0,0.0,0.0,0.0,69,89220.594,0.059,0.0,0.0,0.0,0.0,0.0,0.0,0.0,0,0,0,0.0,0.0,0.0,0.0,0.0,0.0,0.0,0.0,0.0,0.0,0.0,0.0,0.0,0.0,0.0,0.0,0,-107875648.0,69,0.0,138,0.0,2.012,ERR,ERR,ERR,ERR,ERR,ERR,ERR,ERR,ERR,ERR,ERR,ERR,ERR,ERR,ERR,ERR,ERR,ERR,ERR,ERR,ERR,ERR,ERR,ERR,ERR,ERR,ERR,ERR,ERR,ERR,ERR,ERR,ERR,ERR,ERR,ERR,ERR,ERR,ERR,ERR,ERR,ERR,ERR,ERR,ERR,ERR,ERR,ERR,ERR,ERR,ERR,ERR,ERR,ERR,ERR,ERR,ERR,ERR,ERR,ERR,ERR,ERR,ERR,ERR,ERR,ERR,ERR,60.0,60.0,35,0.0,0.0,0.0,0.0,0.0,0.0,0.0,0.0,0.0,0.0,0.0,0.0,0.0,0.0,0.0,0.0,65.2,0,122,59,45,65476,0,300,0,0,8,20529,65476,0,0,2621,60.0,0.0,0.0,0.0,0.0,0.0
2026-07-09T15:23:15,ERR,ERR,ERR,ERR,ERR,ERR,ERR,ERR,ERR,ERR,ERR,ERR,ERR,ERR,ERR,ERR,ERR,ERR,ERR,ERR,ERR,ERR,ERR,ERR,ERR,ERR,ERR,ERR,ERR,ERR,ERR,ERR,ERR,ERR,ERR,ERR,ERR,ERR,ERR,ERR,ERR,ERR,ERR,ERR,ERR,ERR,ERR,ERR,ERR,ERR,ERR,ERR,ERR,ERR,ERR,ERR,ERR,ERR,ERR,ERR,ERR,ERR,ERR,ERR,ERR,ERR,ERR,ERR,ERR,ERR,ERR,ERR,ERR,ERR,ERR,ERR,ERR,ERR,ERR,ERR,ERR,ERR,ERR,ERR,ERR,ERR,ERR,ERR,ERR,ERR,ERR,ERR,ERR,ERR,ERR,ERR,ERR,ERR,ERR,ERR,ERR,ERR,ERR,ERR,ERR,ERR,ERR,ERR,ERR,ERR,ERR,ERR,ERR,ERR,ERR,ERR,ERR,ERR,ERR,ERR,ERR,ERR,ERR,ERR,ERR,0.0,0.0,0.0,-107612384.0,-0.0,-0.0,1.329844091249759e+30,-0.0,0,0,4,17431,7116,0.0,100,0.0,0.0,-107612384.0,0.0,0.0,0,0,0,0,0.0,0,0,0,0,0,0,0,0,0,0,0,0,0,0,0,0,0,0,0,0,0,0,0,0,0,0,0,0,0,0,0,0,0,31,40,40,71,65476,0,300,0,0,8,21553,0.0,-107605600.0,0.0,0.0,0.0,0.0,0.0,0.0,0.0,0.0,0.0,0.0,0.0,0.0,0.0,0.0,0.0,0.0,0.0,0.0,0.0,0.0,0.0,0.0,0.0,0.0,0.0,0.0,0.0,0.0,5340.0,-1.0406666187970114e+34,6943.0,0.0,0.0,2.004,2.004,0.0,0.0,0.0,0.0,69,-0.0,-0.0,0.0,0.0,0.0,0.0,0.0,0.0,0.0,0,0,0,0.0,0.0,0.0,0.0,0.0,0.0,0.0,0.0,0.0,0.0,0.0,0.0,0.0,0.0,0.0,0.0,0,-107875648.0,69,0.0,138,0.0,2.012,ERR,ERR,ERR,ERR,ERR,ERR,ERR,ERR,ERR,ERR,ERR,ERR,ERR,ERR,ERR,ERR,ERR,ERR,ERR,ERR,ERR,ERR,ERR,ERR,ERR,ERR,ERR,ERR,ERR,ERR,ERR,ERR,ERR,ERR,ERR,ERR,ERR,ERR,ERR,ERR,ERR,ERR,ERR,ERR,ERR,ERR,ERR,ERR,ERR,ERR,ERR,ERR,ERR,ERR,ERR,ERR,ERR,ERR,ERR,ERR,ERR,ERR,ERR,ERR,ERR,ERR,ERR,60.0,60.0,35,0.0,0.0,0.0,0.0,0.0,0.0,0.0,0.0,0.0,0.0,0.0,0.0,0.0,0.0,0.0,0.0,65.2,0,122,59,45,65476,0,300,0,0,8,20529,65476,0,0,2621,60.0,0.0,0.0,0.0,0.0,0.0
2026-07-09T15:23:16,ERR,ERR,ERR,ERR,ERR,ERR,ERR,ERR,ERR,ERR,ERR,ERR,ERR,ERR,ERR,ERR,ERR,ERR,ERR,ERR,ERR,ERR,ERR,ERR,ERR,ERR,ERR,ERR,ERR,ERR,ERR,ERR,ERR,ERR,ERR,ERR,ERR,ERR,ERR,ERR,ERR,ERR,ERR,ERR,ERR,ERR,ERR,ERR,ERR,ERR,ERR,ERR,ERR,ERR,ERR,ERR,ERR,ERR,ERR,ERR,ERR,ERR,ERR,ERR,ERR,ERR,ERR,ERR,ERR,ERR,ERR,ERR,ERR,ERR,ERR,ERR,ERR,ERR,ERR,ERR,ERR,ERR,ERR,ERR,ERR,ERR,ERR,ERR,ERR,ERR,ERR,ERR,ERR,ERR,ERR,ERR,ERR,ERR,ERR,ERR,ERR,ERR,ERR,ERR,ERR,ERR,ERR,ERR,ERR,ERR,ERR,ERR,ERR,ERR,ERR,ERR,ERR,ERR,ERR,ERR,ERR,ERR,ERR,ERR,ERR,0.0,0.0,0.0,-107612384.0,-0.0,-0.0,1.329844091249759e+30,-0.0,0,0,4,17431,7116,0.0,100,0.0,0.0,-107612384.0,0.0,0.0,0,0,0,0,0.0,0,0,0,0,0,0,0,0,0,0,0,0,0,0,0,0,0,0,0,0,0,0,0,0,0,0,0,0,0,0,0,0,0,31,40,40,71,65476,0,300,0,0,8,21553,0.0,-107605600.0,0.0,0.0,0.0,0.0,0.0,0.0,0.0,0.0,0.0,0.0,0.0,0.0,0.0,0.0,0.0,0.0,0.0,0.0,0.0,0.0,0.0,0.0,0.0,0.0,0.0,0.0,0.0,0.0,5340.0,-1.0406666187970114e+34,6943.0,0.0,0.0,2.004,2.004,0.0,0.0,0.0,0.0,69,-0.0,-0.0,0.0,0.0,0.0,0.0,0.0,0.0,0.0,0,0,0,0.0,0.0,0.0,0.0,0.0,0.0,0.0,0.0,0.0,0.0,0.0,0.0,0.0,0.0,0.0,0.0,0,-107875648.0,69,0.0,138,0.0,2.012,ERR,ERR,ERR,ERR,ERR,ERR,ERR,ERR,ERR,ERR,ERR,ERR,ERR,ERR,ERR,ERR,ERR,ERR,ERR,ERR,ERR,ERR,ERR,ERR,ERR,ERR,ERR,ERR,ERR,ERR,ERR,ERR,ERR,ERR,ERR,ERR,ERR,ERR,ERR,ERR,ERR,ERR,ERR,ERR,ERR,ERR,ERR,ERR,ERR,ERR,ERR,ERR,ERR,ERR,ERR,ERR,ERR,ERR,ERR,ERR,ERR,ERR,ERR,ERR,ERR,ERR,ERR,60.0,60.0,35,0.0,0.0,0.0,0.0,0.0,0.0,0.0,0.0,0.0,0.0,0.0,0.0,0.0,0.0,0.0,0.0,65.2,0,122,59,45,65476,0,300,0,0,8,20529,65476,0,0,2621,60.0,0.0,0.0,0.0,0.0,0.0
2026-07-09T15:23:17,ERR,ERR,ERR,ERR,ERR,ERR,ERR,ERR,ERR,ERR,ERR,ERR,ERR,ERR,ERR,ERR,ERR,ERR,ERR,ERR,ERR,ERR,ERR,ERR,ERR,ERR,ERR,ERR,ERR,ERR,ERR,ERR,ERR,ERR,ERR,ERR,ERR,ERR,ERR,ERR,ERR,ERR,ERR,ERR,ERR,ERR,ERR,ERR,ERR,ERR,ERR,ERR,ERR,ERR,ERR,ERR,ERR,ERR,ERR,ERR,ERR,ERR,ERR,ERR,ERR,ERR,ERR,ERR,ERR,ERR,ERR,ERR,ERR,ERR,ERR,ERR,ERR,ERR,ERR,ERR,ERR,ERR,ERR,ERR,ERR,ERR,ERR,ERR,ERR,ERR,ERR,ERR,ERR,ERR,ERR,ERR,ERR,ERR,ERR,ERR,ERR,ERR,ERR,ERR,ERR,ERR,ERR,ERR,ERR,ERR,ERR,ERR,ERR,ERR,ERR,ERR,ERR,ERR,ERR,ERR,ERR,ERR,ERR,ERR,ERR,0.0,0.0,0.0,-107612384.0,-0.0,-0.0,1.329844091249759e+30,-0.0,0,0,4,17431,7116,0.0,100,0.0,0.0,-107612384.0,0.0,0.0,0,0,0,0,0.0,0,0,0,0,0,0,0,0,0,0,0,0,0,0,0,0,0,0,0,0,0,0,0,0,0,0,0,0,0,0,0,0,0,31,40,40,71,65476,0,300,0,0,8,21553,0.0,-107605600.0,0.0,0.0,0.0,0.0,0.0,0.0,0.0,0.0,0.0,0.0,0.0,0.0,0.0,0.0,0.0,0.0,0.0,0.0,0.0,0.0,0.0,0.0,0.0,0.0,0.0,0.0,0.0,0.0,5340.0,-1.0406666187970114e+34,6943.0,0.0,0.0,2.004,2.004,0.0,0.0,0.0,0.0,69,-0.0,-0.0,0.0,0.0,0.0,0.0,0.0,0.0,0.0,0,0,0,0.0,0.0,0.0,0.0,0.0,0.0,0.0,0.0,0.0,0.0,0.0,0.0,0.0,0.0,0.0,0.0,0,-107875648.0,69,0.0,138,0.0,2.012,ERR,ERR,ERR,ERR,ERR,ERR,ERR,ERR,ERR,ERR,ERR,ERR,ERR,ERR,ERR,ERR,ERR,ERR,ERR,ERR,ERR,ERR,ERR,ERR,ERR,ERR,ERR,ERR,ERR,ERR,ERR,ERR,ERR,ERR,ERR,ERR,ERR,ERR,ERR,ERR,ERR,ERR,ERR,ERR,ERR,ERR,ERR,ERR,ERR,ERR,ERR,ERR,ERR,ERR,ERR,ERR,ERR,ERR,ERR,ERR,ERR,ERR,ERR,ERR,ERR,ERR,ERR,60.0,60.0,35,0.0,0.0,0.0,0.0,0.0,0.0,0.0,0.0,0.0,0.0,0.0,0.0,0.0,0.0,0.0,0.0,65.2,0,122,59,45,65476,0,300,0,0,8,20529,65476,0,0,2621,60.0,0.0,0.0,0.0,0.0,0.0
2026-07-09T15:23:18,ERR,ERR,ERR,ERR,ERR,ERR,ERR,ERR,ERR,ERR,ERR,ERR,ERR,ERR,ERR,ERR,ERR,ERR,ERR,ERR,ERR,ERR,ERR,ERR,ERR,ERR,ERR,ERR,ERR,ERR,ERR,ERR,ERR,ERR,ERR,ERR,ERR,ERR,ERR,ERR,ERR,ERR,ERR,ERR,ERR,ERR,ERR,ERR,ERR,ERR,ERR,ERR,ERR,ERR,ERR,ERR,ERR,ERR,ERR,ERR,ERR,ERR,ERR,ERR,ERR,ERR,ERR,ERR,ERR,ERR,ERR,ERR,ERR,ERR,ERR,ERR,ERR,ERR,ERR,ERR,ERR,ERR,ERR,ERR,ERR,ERR,ERR,ERR,ERR,ERR,ERR,ERR,ERR,ERR,ERR,ERR,ERR,ERR,ERR,ERR,ERR,ERR,ERR,ERR,ERR,ERR,ERR,ERR,ERR,ERR,ERR,ERR,ERR,ERR,ERR,ERR,ERR,ERR,ERR,ERR,ERR,ERR,ERR,ERR,ERR,0.0,0.0,0.0,-107612384.0,-0.0,-0.0,1.329844091249759e+30,-0.0,0,0,4,17431,7116,0.0,100,0.0,0.0,-107612384.0,0.0,0.0,0,0,0,0,0.0,0,0,0,0,0,0,0,0,0,0,0,0,0,0,0,0,0,0,0,0,0,0,0,0,0,0,0,0,0,0,0,0,0,31,40,40,71,65476,0,300,0,0,8,21553,0.0,-107605600.0,0.0,0.0,0.0,0.0,0.0,0.0,0.0,0.0,0.0,0.0,0.0,0.0,0.0,0.0,0.0,0.0,0.0,0.0,0.0,0.0,0.0,0.0,0.0,0.0,0.0,0.0,0.0,0.0,5340.0,-1.0406666187970114e+34,6943.0,0.0,0.0,2.004,2.004,0.0,0.0,0.0,0.0,69,-0.0,-0.0,0.0,0.0,0.0,0.0,0.0,0.0,0.0,0,0,0,0.0,0.0,0.0,0.0,0.0,0.0,0.0,0.0,0.0,0.0,0.0,0.0,0.0,0.0,0.0,0.0,0,-107875648.0,69,0.0,138,0.0,2.012,ERR,ERR,ERR,ERR,ERR,ERR,ERR,ERR,ERR,ERR,ERR,ERR,ERR,ERR,ERR,ERR,ERR,ERR,ERR,ERR,ERR,ERR,ERR,ERR,ERR,ERR,ERR,ERR,ERR,ERR,ERR,ERR,ERR,ERR,ERR,ERR,ERR,ERR,ERR,ERR,ERR,ERR,ERR,ERR,ERR,ERR,ERR,ERR,ERR,ERR,ERR,ERR,ERR,ERR,ERR,ERR,ERR,ERR,ERR,ERR,ERR,ERR,ERR,ERR,ERR,ERR,ERR,60.0,60.0,35,0.0,0.0,0.0,0.0,0.0,0.0,0.0,0.0,0.0,0.0,0.0,0.0,0.0,0.0,0.0,0.0,65.2,0,122,59,45,65476,0,300,0,0,8,20529,65476,0,0,2621,60.0,0.0,0.0,0.0,0.0,0.0
2026-07-09T15:23:19,ERR,ERR,ERR,ERR,ERR,ERR,ERR,ERR,ERR,ERR,ERR,ERR,ERR,ERR,ERR,ERR,ERR,ERR,ERR,ERR,ERR,ERR,ERR,ERR,ERR,ERR,ERR,ERR,ERR,ERR,ERR,ERR,ERR,ERR,ERR,ERR,ERR,ERR,ERR,ERR,ERR,ERR,ERR,ERR,ERR,ERR,ERR,ERR,ERR,ERR,ERR,ERR,ERR,ERR,ERR,ERR,ERR,ERR,ERR,ERR,ERR,ERR,ERR,ERR,ERR,ERR,ERR,ERR,ERR,ERR,ERR,ERR,ERR,ERR,ERR,ERR,ERR,ERR,ERR,ERR,ERR,ERR,ERR,ERR,ERR,ERR,ERR,ERR,ERR,ERR,ERR,ERR,ERR,ERR,ERR,ERR,ERR,ERR,ERR,ERR,ERR,ERR,ERR,ERR,ERR,ERR,ERR,ERR,ERR,ERR,ERR,ERR,ERR,ERR,ERR,ERR,ERR,ERR,ERR,ERR,ERR,ERR,ERR,ERR,ERR,-0.0,0.0,-107090896.0,0.0,2.3187085174255632e+36,-9775827910656.0,-0.0,-40000.367,0,0,4,17432,7116,0.0,100,0.0,0.0,0.0,0.0,0.0,0,0,0,0,0.0,0,0,0,0,0,0,0,0,0,0,0,0,0,0,0,0,0,0,0,0,0,0,0,0,0,0,0,0,0,0,0,0,0,31,40,40,71,65476,0,300,0,0,8,21553,0.0,-107605600.0,0.0,0.0,0.0,0.0,0.0,0.0,0.0,0.0,0.0,0.0,0.0,0.0,0.0,0.0,0.0,0.0,0.0,0.0,0.0,0.0,-2.004,3.69707222422006e+19,0.0,0.0,0.0,0.0,0.0,0.0,5375.0,2.004,6921.0,-0.0,2.7184485756985563e+23,2.004,2.004,0.0,0.0,0.0,0.0,69,-2.3088287550291522e+20,0.0,0.0,0.0,0.0,0.0,0.0,0.0,0.0,0,0,0,0.0,0.0,0.0,0.0,0.0,0.0,0.0,0.0,0.0,0.0,0.0,0.0,0.0,0.0,0.0,0.0,0,-107875648.0,69,0.0,138,0.0,2.012,ERR,ERR,ERR,ERR,ERR,ERR,ERR,ERR,ERR,ERR,ERR,ERR,ERR,ERR,ERR,ERR,ERR,ERR,ERR,ERR,ERR,ERR,ERR,ERR,ERR,ERR,ERR,ERR,ERR,ERR,ERR,ERR,ERR,ERR,ERR,ERR,ERR,ERR,ERR,ERR,ERR,ERR,ERR,ERR,ERR,ERR,ERR,ERR,ERR,ERR,ERR,ERR,ERR,ERR,ERR,ERR,ERR,ERR,ERR,ERR,ERR,ERR,ERR,ERR,ERR,ERR,ERR,60.0,60.0,35,0.0,0.0,0.0,0.0,0.0,0.0,0.0,0.0,0.0,0.0,0.0,0.0,0.0,0.0,0.0,0.0,65.2,0,122,59,45,65476,0,300,0,0,8,20529,65476,0,0,2621,60.0,0.0,0.0,0.0,0.0,0.0
2026-07-09T15:23:20,ERR,ERR,ERR,ERR,ERR,ERR,ERR,ERR,ERR,ERR,ERR,ERR,ERR,ERR,ERR,ERR,ERR,ERR,ERR,ERR,ERR,ERR,ERR,ERR,ERR,ERR,ERR,ERR,ERR,ERR,ERR,ERR,ERR,ERR,ERR,ERR,ERR,ERR,ERR,ERR,ERR,ERR,ERR,ERR,ERR,ERR,ERR,ERR,ERR,ERR,ERR,ERR,ERR,ERR,ERR,ERR,ERR,ERR,ERR,ERR,ERR,ERR,ERR,ERR,ERR,ERR,ERR,ERR,ERR,ERR,ERR,ERR,ERR,ERR,ERR,ERR,ERR,ERR,ERR,ERR,ERR,ERR,ERR,ERR,ERR,ERR,ERR,ERR,ERR,ERR,ERR,ERR,ERR,ERR,ERR,ERR,ERR,ERR,ERR,ERR,ERR,ERR,ERR,ERR,ERR,ERR,ERR,ERR,ERR,ERR,ERR,ERR,ERR,ERR,ERR,ERR,ERR,ERR,ERR,ERR,ERR,ERR,ERR,ERR,ERR,-0.0,0.0,-107090896.0,0.0,2.3187085174255632e+36,-9775827910656.0,-0.0,-40000.367,0,0,4,17432,7116,0.0,100,0.0,0.0,0.0,0.0,0.0,0,0,0,0,0.0,0,0,0,0,0,0,0,0,0,0,0,0,0,0,0,0,0,0,0,0,0,0,0,0,0,0,0,0,0,0,0,0,0,31,40,40,71,65476,0,300,0,0,8,21553,0.0,-107605600.0,0.0,0.0,0.0,0.0,0.0,0.0,0.0,0.0,0.0,0.0,0.0,0.0,0.0,0.0,0.0,0.0,0.0,0.0,0.0,0.0,-2.004,3.69707222422006e+19,0.0,0.0,0.0,0.0,0.0,0.0,5375.0,2.004,6921.0,-0.0,2.7184485756985563e+23,2.004,2.004,0.0,0.0,0.0,0.0,69,-2.3088287550291522e+20,0.0,0.0,0.0,0.0,0.0,0.0,0.0,0.0,0,0,0,0.0,0.0,0.0,0.0,0.0,0.0,0.0,0.0,0.0,0.0,0.0,0.0,0.0,0.0,0.0,0.0,0,-107875648.0,69,0.0,138,0.0,2.012,ERR,ERR,ERR,ERR,ERR,ERR,ERR,ERR,ERR,ERR,ERR,ERR,ERR,ERR,ERR,ERR,ERR,ERR,ERR,ERR,ERR,ERR,ERR,ERR,ERR,ERR,ERR,ERR,ERR,ERR,ERR,ERR,ERR,ERR,ERR,ERR,ERR,ERR,ERR,ERR,ERR,ERR,ERR,ERR,ERR,ERR,ERR,ERR,ERR,ERR,ERR,ERR,ERR,ERR,ERR,ERR,ERR,ERR,ERR,ERR,ERR,ERR,ERR,ERR,ERR,ERR,ERR,60.0,60.0,35,0.0,0.0,0.0,0.0,0.0,0.0,0.0,0.0,0.0,0.0,0.0,0.0,0.0,0.0,0.0,0.0,65.2,0,122,59,45,65476,0,300,0,0,8,20529,65476,0,0,2621,60.0,0.0,0.0,0.0,0.0,0.0
2026-07-09T15:23:21,ERR,ERR,ERR,ERR,ERR,ERR,ERR,ERR,ERR,ERR,ERR,ERR,ERR,ERR,ERR,ERR,ERR,ERR,ERR,ERR,ERR,ERR,ERR,ERR,ERR,ERR,ERR,ERR,ERR,ERR,ERR,ERR,ERR,ERR,ERR,ERR,ERR,ERR,ERR,ERR,ERR,ERR,ERR,ERR,ERR,ERR,ERR,ERR,ERR,ERR,ERR,ERR,ERR,ERR,ERR,ERR,ERR,ERR,ERR,ERR,ERR,ERR,ERR,ERR,ERR,ERR,ERR,ERR,ERR,ERR,ERR,ERR,ERR,ERR,ERR,ERR,ERR,ERR,ERR,ERR,ERR,ERR,ERR,ERR,ERR,ERR,ERR,ERR,ERR,ERR,ERR,ERR,ERR,ERR,ERR,ERR,ERR,ERR,ERR,ERR,ERR,ERR,ERR,ERR,ERR,ERR,ERR,ERR,ERR,ERR,ERR,ERR,ERR,ERR,ERR,ERR,ERR,ERR,ERR,ERR,ERR,ERR,ERR,ERR,ERR,-0.0,0.0,-107090896.0,0.0,2.3187085174255632e+36,-9775827910656.0,-0.0,-40000.367,0,0,4,17432,7116,0.0,100,0.0,0.0,0.0,0.0,0.0,0,0,0,0,0.0,0,0,0,0,0,0,0,0,0,0,0,0,0,0,0,0,0,0,0,0,0,0,0,0,0,0,0,0,0,0,0,0,0,31,40,40,71,65476,0,300,0,0,8,21553,0.0,-107605600.0,0.0,0.0,0.0,0.0,0.0,0.0,0.0,0.0,0.0,0.0,0.0,0.0,0.0,0.0,0.0,0.0,0.0,0.0,0.0,0.0,-2.004,3.69707222422006e+19,0.0,0.0,0.0,0.0,0.0,0.0,5375.0,2.004,6921.0,-0.0,2.7184485756985563e+23,2.004,2.004,0.0,0.0,0.0,0.0,69,-2.3088287550291522e+20,0.0,0.0,0.0,0.0,0.0,0.0,0.0,0.0,0,0,0,0.0,0.0,0.0,0.0,0.0,0.0,0.0,0.0,0.0,0.0,0.0,0.0,0.0,0.0,0.0,0.0,0,-107875648.0,69,0.0,138,0.0,2.012,ERR,ERR,ERR,ERR,ERR,ERR,ERR,ERR,ERR,ERR,ERR,ERR,ERR,ERR,ERR,ERR,ERR,ERR,ERR,ERR,ERR,ERR,ERR,ERR,ERR,ERR,ERR,ERR,ERR,ERR,ERR,ERR,ERR,ERR,ERR,ERR,ERR,ERR,ERR,ERR,ERR,ERR,ERR,ERR,ERR,ERR,ERR,ERR,ERR,ERR,ERR,ERR,ERR,ERR,ERR,ERR,ERR,ERR,ERR,ERR,ERR,ERR,ERR,ERR,ERR,ERR,ERR,60.0,60.0,35,0.0,0.0,0.0,0.0,0.0,0.0,0.0,0.0,0.0,0.0,0.0,0.0,0.0,0.0,0.0,0.0,65.6,0,122,59,45,65476,0,300,0,0,8,20529,65476,0,0,2621,60.0,0.0,0.0,0.0,0.0,0.0
2026-07-09T15:23:22,ERR,ERR,ERR,ERR,ERR,ERR,ERR,ERR,ERR,ERR,ERR,ERR,ERR,ERR,ERR,ERR,ERR,ERR,ERR,ERR,ERR,ERR,ERR,ERR,ERR,ERR,ERR,ERR,ERR,ERR,ERR,ERR,ERR,ERR,ERR,ERR,ERR,ERR,ERR,ERR,ERR,ERR,ERR,ERR,ERR,ERR,ERR,ERR,ERR,ERR,ERR,ERR,ERR,ERR,ERR,ERR,ERR,ERR,ERR,ERR,ERR,ERR,ERR,ERR,ERR,ERR,ERR,ERR,ERR,ERR,ERR,ERR,ERR,ERR,ERR,ERR,ERR,ERR,ERR,ERR,ERR,ERR,ERR,ERR,ERR,ERR,ERR,ERR,ERR,ERR,ERR,ERR,ERR,ERR,ERR,ERR,ERR,ERR,ERR,ERR,ERR,ERR,ERR,ERR,ERR,ERR,ERR,ERR,ERR,ERR,ERR,ERR,ERR,ERR,ERR,ERR,ERR,ERR,ERR,ERR,ERR,ERR,ERR,ERR,ERR,-0.0,0.0,-107090896.0,0.0,2.3187085174255632e+36,-9775827910656.0,-0.0,-40000.367,0,0,4,17432,7116,0.0,100,0.0,0.0,0.0,0.0,0.0,0,0,0,0,0.0,0,0,0,0,0,0,0,0,0,0,0,0,0,0,0,0,0,0,0,0,0,0,0,0,0,0,0,0,0,0,0,0,0,31,40,40,71,65476,0,300,0,0,8,21553,0.0,-107605600.0,0.0,0.0,0.0,0.0,0.0,0.0,0.0,0.0,0.0,0.0,0.0,0.0,0.0,0.0,0.0,0.0,0.0,0.0,0.0,0.0,-2.004,3.69707222422006e+19,0.0,0.0,0.0,0.0,0.0,0.0,5375.0,2.004,6921.0,-0.0,2.7184485756985563e+23,2.004,2.004,0.0,0.0,0.0,0.0,69,-2.3088287550291522e+20,0.0,0.0,0.0,0.0,0.0,0.0,0.0,0.0,0,0,0,0.0,0.0,0.0,0.0,0.0,0.0,0.0,0.0,0.0,0.0,0.0,0.0,0.0,0.0,0.0,0.0,0,-107875648.0,69,0.0,138,0.0,2.012,ERR,ERR,ERR,ERR,ERR,ERR,ERR,ERR,ERR,ERR,ERR,ERR,ERR,ERR,ERR,ERR,ERR,ERR,ERR,ERR,ERR,ERR,ERR,ERR,ERR,ERR,ERR,ERR,ERR,ERR,ERR,ERR,ERR,ERR,ERR,ERR,ERR,ERR,ERR,ERR,ERR,ERR,ERR,ERR,ERR,ERR,ERR,ERR,ERR,ERR,ERR,ERR,ERR,ERR,ERR,ERR,ERR,ERR,ERR,ERR,ERR,ERR,ERR,ERR,ERR,ERR,ERR,60.0,60.0,35,0.0,0.0,0.0,0.0,0.0,0.0,0.0,0.0,0.0,0.0,0.0,0.0,0.0,0.0,0.0,0.0,65.6,0,122,59,45,65476,0,300,0,0,8,20529,65476,0,0,2621,60.0,0.0,0.0,0.0,0.0,0.0
2026-07-09T15:23:23,ERR,ERR,ERR,ERR,ERR,ERR,ERR,ERR,ERR,ERR,ERR,ERR,ERR,ERR,ERR,ERR,ERR,ERR,ERR,ERR,ERR,ERR,ERR,ERR,ERR,ERR,ERR,ERR,ERR,ERR,ERR,ERR,ERR,ERR,ERR,ERR,ERR,ERR,ERR,ERR,ERR,ERR,ERR,ERR,ERR,ERR,ERR,ERR,ERR,ERR,ERR,ERR,ERR,ERR,ERR,ERR,ERR,ERR,ERR,ERR,ERR,ERR,ERR,ERR,ERR,ERR,ERR,ERR,ERR,ERR,ERR,ERR,ERR,ERR,ERR,ERR,ERR,ERR,ERR,ERR,ERR,ERR,ERR,ERR,ERR,ERR,ERR,ERR,ERR,ERR,ERR,ERR,ERR,ERR,ERR,ERR,ERR,ERR,ERR,ERR,ERR,ERR,ERR,ERR,ERR,ERR,ERR,ERR,ERR,ERR,ERR,ERR,ERR,ERR,ERR,ERR,ERR,ERR,ERR,ERR,ERR,ERR,ERR,ERR,ERR,-0.0,0.0,-107090896.0,0.0,2.3187085174255632e+36,-9775827910656.0,-0.0,-40000.367,0,0,4,17432,7116,0.0,100,0.0,0.0,0.0,0.0,0.0,0,0,0,0,0.0,0,0,0,0,0,0,0,0,0,0,0,0,0,0,0,0,0,0,0,0,0,0,0,0,0,0,0,0,0,0,0,0,0,31,40,40,71,65476,0,300,0,0,8,21553,0.0,-107605600.0,0.0,0.0,0.0,0.0,0.0,0.0,0.0,0.0,0.0,0.0,0.0,0.0,0.0,0.0,0.0,0.0,0.0,0.0,0.0,0.0,-2.004,3.69707222422006e+19,0.0,0.0,0.0,0.0,0.0,0.0,5375.0,2.004,6921.0,-0.0,2.7184485756985563e+23,2.004,2.004,0.0,0.0,0.0,0.0,69,-2.3088287550291522e+20,0.0,0.0,0.0,0.0,0.0,0.0,0.0,0.0,0,0,0,0.0,0.0,0.0,0.0,0.0,0.0,0.0,0.0,0.0,0.0,0.0,0.0,0.0,0.0,0.0,0.0,0,-107875648.0,69,0.0,138,0.0,2.012,ERR,ERR,ERR,ERR,ERR,ERR,ERR,ERR,ERR,ERR,ERR,ERR,ERR,ERR,ERR,ERR,ERR,ERR,ERR,ERR,ERR,ERR,ERR,ERR,ERR,ERR,ERR,ERR,ERR,ERR,ERR,ERR,ERR,ERR,ERR,ERR,ERR,ERR,ERR,ERR,ERR,ERR,ERR,ERR,ERR,ERR,ERR,ERR,ERR,ERR,ERR,ERR,ERR,ERR,ERR,ERR,ERR,ERR,ERR,ERR,ERR,ERR,ERR,ERR,ERR,ERR,ERR,60.0,60.0,35,0.0,0.0,0.0,0.0,0.0,0.0,0.0,0.0,0.0,0.0,0.0,0.0,0.0,0.0,0.0,0.0,65.2,0,122,59,45,65476,0,300,0,0,8,20529,65476,0,0,2621,60.0,0.0,0.0,0.0,0.0,0.0
2026-07-09T15:23:24,ERR,ERR,ERR,ERR,ERR,ERR,ERR,ERR,ERR,ERR,ERR,ERR,ERR,ERR,ERR,ERR,ERR,ERR,ERR,ERR,ERR,ERR,ERR,ERR,ERR,ERR,ERR,ERR,ERR,ERR,ERR,ERR,ERR,ERR,ERR,ERR,ERR,ERR,ERR,ERR,ERR,ERR,ERR,ERR,ERR,ERR,ERR,ERR,ERR,ERR,ERR,ERR,ERR,ERR,ERR,ERR,ERR,ERR,ERR,ERR,ERR,ERR,ERR,ERR,ERR,ERR,ERR,ERR,ERR,ERR,ERR,ERR,ERR,ERR,ERR,ERR,ERR,ERR,ERR,ERR,ERR,ERR,ERR,ERR,ERR,ERR,ERR,ERR,ERR,ERR,ERR,ERR,ERR,ERR,ERR,ERR,ERR,ERR,ERR,ERR,ERR,ERR,ERR,ERR,ERR,ERR,ERR,ERR,ERR,ERR,ERR,ERR,ERR,ERR,ERR,ERR,ERR,ERR,ERR,ERR,ERR,ERR,ERR,ERR,ERR,-0.0,-0.0,-0.0,-107612384.0,6.422947273043595e+37,0.0,-8297337856.0,-0.0,0,0,4,17432,7116,0.0,100,0.0,0.0,-107612384.0,0.0,0.0,0,0,0,0,0.0,0,0,0,0,0,0,0,0,0,0,0,0,0,0,0,0,0,0,0,0,0,0,0,0,0,0,0,0,0,0,0,0,0,31,40,40,71,65476,0,300,0,0,8,21553,0.0,-107605600.0,0.0,0.0,0.0,0.0,0.0,0.0,0.0,0.0,0.0,0.0,0.0,0.0,0.0,0.0,0.0,0.0,0.0,0.0,0.0,0.0,-2.004,-0.0,0.0,0.0,0.0,0.0,0.0,0.0,5354.0,1.0406667425910153e+34,6927.0,-0.0,-0.0,2.004,2.004,0.0,0.0,0.0,0.0,69,0.0,1.9056883279488614e+17,0.0,0.0,0.0,0.0,0.0,0.0,0.0,0,0,0,0.0,0.0,0.0,0.0,0.0,0.0,0.0,0.0,0.0,0.0,0.0,0.0,0.0,0.0,0.0,0.0,0,-107875648.0,69,0.0,138,0.0,2.012,ERR,ERR,ERR,ERR,ERR,ERR,ERR,ERR,ERR,ERR,ERR,ERR,ERR,ERR,ERR,ERR,ERR,ERR,ERR,ERR,ERR,ERR,ERR,ERR,ERR,ERR,ERR,ERR,ERR,ERR,ERR,ERR,ERR,ERR,ERR,ERR,ERR,ERR,ERR,ERR,ERR,ERR,ERR,ERR,ERR,ERR,ERR,ERR,ERR,ERR,ERR,ERR,ERR,ERR,ERR,ERR,ERR,ERR,ERR,ERR,ERR,ERR,ERR,ERR,ERR,ERR,ERR,60.0,60.0,35,0.0,0.0,0.0,0.0,0.0,0.0,0.0,0.0,0.0,0.0,0.0,0.0,0.0,0.0,0.0,0.0,65.2,0,122,59,45,65476,0,300,0,0,8,20529,65476,0,0,2621,60.0,0.0,0.0,0.0,0.0,0.0
2026-07-09T15:23:25,ERR,ERR,ERR,ERR,ERR,ERR,ERR,ERR,ERR,ERR,ERR,ERR,ERR,ERR,ERR,ERR,ERR,ERR,ERR,ERR,ERR,ERR,ERR,ERR,ERR,ERR,ERR,ERR,ERR,ERR,ERR,ERR,ERR,ERR,ERR,ERR,ERR,ERR,ERR,ERR,ERR,ERR,ERR,ERR,ERR,ERR,ERR,ERR,ERR,ERR,ERR,ERR,ERR,ERR,ERR,ERR,ERR,ERR,ERR,ERR,ERR,ERR,ERR,ERR,ERR,ERR,ERR,ERR,ERR,ERR,ERR,ERR,ERR,ERR,ERR,ERR,ERR,ERR,ERR,ERR,ERR,ERR,ERR,ERR,ERR,ERR,ERR,ERR,ERR,ERR,ERR,ERR,ERR,ERR,ERR,ERR,ERR,ERR,ERR,ERR,ERR,ERR,ERR,ERR,ERR,ERR,ERR,ERR,ERR,ERR,ERR,ERR,ERR,ERR,ERR,ERR,ERR,ERR,ERR,ERR,ERR,ERR,ERR,ERR,ERR,-0.0,-0.0,-0.0,-107612384.0,6.422947273043595e+37,0.0,-8297337856.0,-0.0,0,0,4,17432,7116,0.0,100,0.0,0.0,-107612384.0,0.0,0.0,0,0,0,0,0.0,0,0,0,0,0,0,0,0,0,0,0,0,0,0,0,0,0,0,0,0,0,0,0,0,0,0,0,0,0,0,0,0,0,31,40,40,71,65476,0,300,0,0,8,21553,0.0,-107605600.0,0.0,0.0,0.0,0.0,0.0,0.0,0.0,0.0,0.0,0.0,0.0,0.0,0.0,0.0,0.0,0.0,0.0,0.0,0.0,0.0,-2.004,-0.0,0.0,0.0,0.0,0.0,0.0,0.0,5354.0,1.0406667425910153e+34,6927.0,-0.0,-0.0,2.004,2.004,0.0,0.0,0.0,0.0,69,0.0,1.9056883279488614e+17,0.0,0.0,0.0,0.0,0.0,0.0,0.0,0,0,0,0.0,0.0,0.0,0.0,0.0,0.0,0.0,0.0,0.0,0.0,0.0,0.0,0.0,0.0,0.0,0.0,0,-107875648.0,69,0.0,138,0.0,2.012,ERR,ERR,ERR,ERR,ERR,ERR,ERR,ERR,ERR,ERR,ERR,ERR,ERR,ERR,ERR,ERR,ERR,ERR,ERR,ERR,ERR,ERR,ERR,ERR,ERR,ERR,ERR,ERR,ERR,ERR,ERR,ERR,ERR,ERR,ERR,ERR,ERR,ERR,ERR,ERR,ERR,ERR,ERR,ERR,ERR,ERR,ERR,ERR,ERR,ERR,ERR,ERR,ERR,ERR,ERR,ERR,ERR,ERR,ERR,ERR,ERR,ERR,ERR,ERR,ERR,ERR,ERR,60.0,60.0,35,0.0,0.0,0.0,0.0,0.0,0.0,0.0,0.0,0.0,0.0,0.0,0.0,0.0,0.0,0.0,0.0,65.6,0,122,59,45,65476,0,300,0,0,8,20529,65476,0,0,2621,60.0,0.0,0.0,0.0,0.0,0.0
2026-07-09T15:23:26,ERR,ERR,ERR,ERR,ERR,ERR,ERR,ERR,ERR,ERR,ERR,ERR,ERR,ERR,ERR,ERR,ERR,ERR,ERR,ERR,ERR,ERR,ERR,ERR,ERR,ERR,ERR,ERR,ERR,ERR,ERR,ERR,ERR,ERR,ERR,ERR,ERR,ERR,ERR,ERR,ERR,ERR,ERR,ERR,ERR,ERR,ERR,ERR,ERR,ERR,ERR,ERR,ERR,ERR,ERR,ERR,ERR,ERR,ERR,ERR,ERR,ERR,ERR,ERR,ERR,ERR,ERR,ERR,ERR,ERR,ERR,ERR,ERR,ERR,ERR,ERR,ERR,ERR,ERR,ERR,ERR,ERR,ERR,ERR,ERR,ERR,ERR,ERR,ERR,ERR,ERR,ERR,ERR,ERR,ERR,ERR,ERR,ERR,ERR,ERR,ERR,ERR,ERR,ERR,ERR,ERR,ERR,ERR,ERR,ERR,ERR,ERR,ERR,ERR,ERR,ERR,ERR,ERR,ERR,ERR,ERR,ERR,ERR,ERR,ERR,-0.0,-0.0,-0.0,-107612384.0,6.422947273043595e+37,0.0,-8297337856.0,-0.0,0,0,4,17432,7116,0.0,100,0.0,0.0,-107612384.0,0.0,0.0,0,0,0,0,0.0,0,0,0,0,0,0,0,0,0,0,0,0,0,0,0,0,0,0,0,0,0,0,0,0,0,0,0,0,0,0,0,0,0,31,40,40,71,65476,0,300,0,0,8,21553,0.0,-107605600.0,0.0,0.0,0.0,0.0,0.0,0.0,0.0,0.0,0.0,0.0,0.0,0.0,0.0,0.0,0.0,0.0,0.0,0.0,0.0,0.0,-2.004,-0.0,0.0,0.0,0.0,0.0,0.0,0.0,5354.0,1.0406667425910153e+34,6927.0,-0.0,-0.0,2.004,2.004,0.0,0.0,0.0,0.0,69,0.0,1.9056883279488614e+17,0.0,0.0,0.0,0.0,0.0,0.0,0.0,0,0,0,0.0,0.0,0.0,0.0,0.0,0.0,0.0,0.0,0.0,0.0,0.0,0.0,0.0,0.0,0.0,0.0,0,-107875648.0,69,0.0,138,0.0,2.012,ERR,ERR,ERR,ERR,ERR,ERR,ERR,ERR,ERR,ERR,ERR,ERR,ERR,ERR,ERR,ERR,ERR,ERR,ERR,ERR,ERR,ERR,ERR,ERR,ERR,ERR,ERR,ERR,ERR,ERR,ERR,ERR,ERR,ERR,ERR,ERR,ERR,ERR,ERR,ERR,ERR,ERR,ERR,ERR,ERR,ERR,ERR,ERR,ERR,ERR,ERR,ERR,ERR,ERR,ERR,ERR,ERR,ERR,ERR,ERR,ERR,ERR,ERR,ERR,ERR,ERR,ERR,60.0,60.0,35,0.0,0.0,0.0,0.0,0.0,0.0,0.0,0.0,0.0,0.0,0.0,0.0,0.0,0.0,0.0,0.0,65.6,0,122,59,45,65476,0,300,0,0,8,20529,65476,0,0,2621,60.0,0.0,0.0,0.0,0.0,0.0
2026-07-09T15:23:27,ERR,ERR,ERR,ERR,ERR,ERR,ERR,ERR,ERR,ERR,ERR,ERR,ERR,ERR,ERR,ERR,ERR,ERR,ERR,ERR,ERR,ERR,ERR,ERR,ERR,ERR,ERR,ERR,ERR,ERR,ERR,ERR,ERR,ERR,ERR,ERR,ERR,ERR,ERR,ERR,ERR,ERR,ERR,ERR,ERR,ERR,ERR,ERR,ERR,ERR,ERR,ERR,ERR,ERR,ERR,ERR,ERR,ERR,ERR,ERR,ERR,ERR,ERR,ERR,ERR,ERR,ERR,ERR,ERR,ERR,ERR,ERR,ERR,ERR,ERR,ERR,ERR,ERR,ERR,ERR,ERR,ERR,ERR,ERR,ERR,ERR,ERR,ERR,ERR,ERR,ERR,ERR,ERR,ERR,ERR,ERR,ERR,ERR,ERR,ERR,ERR,ERR,ERR,ERR,ERR,ERR,ERR,ERR,ERR,ERR,ERR,ERR,ERR,ERR,ERR,ERR,ERR,ERR,ERR,ERR,ERR,ERR,ERR,ERR,ERR,-0.0,-0.0,-0.0,-107612384.0,6.422947273043595e+37,0.0,-8297337856.0,-0.0,0,0,4,17432,7116,0.0,100,0.0,0.0,-107612384.0,0.0,0.0,0,0,0,0,0.0,0,0,0,0,0,0,0,0,0,0,0,0,0,0,0,0,0,0,0,0,0,0,0,0,0,0,0,0,0,0,0,0,0,31,40,40,71,65476,0,300,0,0,8,21553,0.0,-107605600.0,0.0,0.0,0.0,0.0,0.0,0.0,0.0,0.0,0.0,0.0,0.0,0.0,0.0,0.0,0.0,0.0,0.0,0.0,0.0,0.0,-2.004,-0.0,0.0,0.0,0.0,0.0,0.0,0.0,5354.0,1.0406667425910153e+34,6927.0,-0.0,-0.0,2.004,2.004,0.0,0.0,0.0,0.0,69,0.0,1.9056883279488614e+17,0.0,0.0,0.0,0.0,0.0,0.0,0.0,0,0,0,0.0,0.0,0.0,0.0,0.0,0.0,0.0,0.0,0.0,0.0,0.0,0.0,0.0,0.0,0.0,0.0,0,-107875648.0,69,0.0,138,0.0,2.012,ERR,ERR,ERR,ERR,ERR,ERR,ERR,ERR,ERR,ERR,ERR,ERR,ERR,ERR,ERR,ERR,ERR,ERR,ERR,ERR,ERR,ERR,ERR,ERR,ERR,ERR,ERR,ERR,ERR,ERR,ERR,ERR,ERR,ERR,ERR,ERR,ERR,ERR,ERR,ERR,ERR,ERR,ERR,ERR,ERR,ERR,ERR,ERR,ERR,ERR,ERR,ERR,ERR,ERR,ERR,ERR,ERR,ERR,ERR,ERR,ERR,ERR,ERR,ERR,ERR,ERR,ERR,60.0,60.0,35,0.0,0.0,0.0,0.0,0.0,0.0,0.0,0.0,0.0,0.0,0.0,0.0,0.0,0.0,0.0,0.0,65.2,0,122,59,45,65476,0,300,0,0,8,20529,65476,0,0,2621,60.0,0.0,0.0,0.0,0.0,0.0
2026-07-09T15:23:28,ERR,ERR,ERR,ERR,ERR,ERR,ERR,ERR,ERR,ERR,ERR,ERR,ERR,ERR,ERR,ERR,ERR,ERR,ERR,ERR,ERR,ERR,ERR,ERR,ERR,ERR,ERR,ERR,ERR,ERR,ERR,ERR,ERR,ERR,ERR,ERR,ERR,ERR,ERR,ERR,ERR,ERR,ERR,ERR,ERR,ERR,ERR,ERR,ERR,ERR,ERR,ERR,ERR,ERR,ERR,ERR,ERR,ERR,ERR,ERR,ERR,ERR,ERR,ERR,ERR,ERR,ERR,ERR,ERR,ERR,ERR,ERR,ERR,ERR,ERR,ERR,ERR,ERR,ERR,ERR,ERR,ERR,ERR,ERR,ERR,ERR,ERR,ERR,ERR,ERR,ERR,ERR,ERR,ERR,ERR,ERR,ERR,ERR,ERR,ERR,ERR,ERR,ERR,ERR,ERR,ERR,ERR,ERR,ERR,ERR,ERR,ERR,ERR,ERR,ERR,ERR,ERR,ERR,ERR,ERR,ERR,ERR,ERR,ERR,ERR,-0.0,-0.0,-0.0,-107612384.0,6.422947273043595e+37,0.0,-8297337856.0,-0.0,0,0,4,17432,7116,0.0,100,0.0,0.0,-107612384.0,0.0,0.0,0,0,0,0,0.0,0,0,0,0,0,0,0,0,0,0,0,0,0,0,0,0,0,0,0,0,0,0,0,0,0,0,0,0,0,0,0,0,0,31,40,40,71,65476,0,300,0,0,8,21553,0.0,-107605600.0,0.0,0.0,0.0,0.0,0.0,0.0,0.0,0.0,0.0,0.0,0.0,0.0,0.0,0.0,0.0,0.0,0.0,0.0,0.0,0.0,-2.004,-0.0,0.0,0.0,0.0,0.0,0.0,0.0,5354.0,1.0406667425910153e+34,6927.0,-0.0,-0.0,2.004,2.004,0.0,0.0,0.0,0.0,69,0.0,1.9056883279488614e+17,0.0,0.0,0.0,0.0,0.0,0.0,0.0,0,0,0,0.0,0.0,0.0,0.0,0.0,0.0,0.0,0.0,0.0,0.0,0.0,0.0,0.0,0.0,0.0,0.0,0,-107875648.0,69,0.0,138,0.0,2.012,ERR,ERR,ERR,ERR,ERR,ERR,ERR,ERR,ERR,ERR,ERR,ERR,ERR,ERR,ERR,ERR,ERR,ERR,ERR,ERR,ERR,ERR,ERR,ERR,ERR,ERR,ERR,ERR,ERR,ERR,ERR,ERR,ERR,ERR,ERR,ERR,ERR,ERR,ERR,ERR,ERR,ERR,ERR,ERR,ERR,ERR,ERR,ERR,ERR,ERR,ERR,ERR,ERR,ERR,ERR,ERR,ERR,ERR,ERR,ERR,ERR,ERR,ERR,ERR,ERR,ERR,ERR,60.0,60.0,35,0.0,0.0,0.0,0.0,0.0,0.0,0.0,0.0,0.0,0.0,0.0,0.0,0.0,0.0,0.0,0.0,65.2,0,122,59,45,65476,0,300,0,0,8,20529,65476,0,0,2621,60.0,0.0,0.0,0.0,0.0,0.0
2026-07-09T15:23:29,ERR,ERR,ERR,ERR,ERR,ERR,ERR,ERR,ERR,ERR,ERR,ERR,ERR,ERR,ERR,ERR,ERR,ERR,ERR,ERR,ERR,ERR,ERR,ERR,ERR,ERR,ERR,ERR,ERR,ERR,ERR,ERR,ERR,ERR,ERR,ERR,ERR,ERR,ERR,ERR,ERR,ERR,ERR,ERR,ERR,ERR,ERR,ERR,ERR,ERR,ERR,ERR,ERR,ERR,ERR,ERR,ERR,ERR,ERR,ERR,ERR,ERR,ERR,ERR,ERR,ERR,ERR,ERR,ERR,ERR,ERR,ERR,ERR,ERR,ERR,ERR,ERR,ERR,ERR,ERR,ERR,ERR,ERR,ERR,ERR,ERR,ERR,ERR,ERR,ERR,ERR,ERR,ERR,ERR,ERR,ERR,ERR,ERR,ERR,ERR,ERR,ERR,ERR,ERR,ERR,ERR,ERR,ERR,ERR,ERR,ERR,ERR,ERR,ERR,ERR,ERR,ERR,ERR,ERR,ERR,ERR,ERR,ERR,ERR,ERR,-0.0,-0.0,-0.0,-107612384.0,6.422947273043595e+37,0.0,-8297337856.0,-0.0,0,0,4,17432,7116,0.0,100,0.0,0.0,-107612384.0,0.0,0.0,0,0,0,0,0.0,0,0,0,0,0,0,0,0,0,0,0,0,0,0,0,0,0,0,0,0,0,0,0,0,0,0,0,0,0,0,0,0,0,31,40,40,71,65476,0,300,0,0,8,21553,0.0,-107605600.0,0.0,0.0,0.0,0.0,0.0,0.0,0.0,0.0,0.0,0.0,0.0,0.0,0.0,0.0,0.0,0.0,0.0,0.0,0.0,0.0,-2.004,-0.0,0.0,0.0,0.0,0.0,0.0,0.0,5354.0,1.0406667425910153e+34,6927.0,-0.0,-0.0,2.004,2.004,0.0,0.0,0.0,0.0,69,0.0,1.9056883279488614e+17,0.0,0.0,0.0,0.0,0.0,0.0,0.0,0,0,0,0.0,0.0,0.0,0.0,0.0,0.0,0.0,0.0,0.0,0.0,0.0,0.0,0.0,0.0,0.0,0.0,0,-107875648.0,69,0.0,138,0.0,2.012,ERR,ERR,ERR,ERR,ERR,ERR,ERR,ERR,ERR,ERR,ERR,ERR,ERR,ERR,ERR,ERR,ERR,ERR,ERR,ERR,ERR,ERR,ERR,ERR,ERR,ERR,ERR,ERR,ERR,ERR,ERR,ERR,ERR,ERR,ERR,ERR,ERR,ERR,ERR,ERR,ERR,ERR,ERR,ERR,ERR,ERR,ERR,ERR,ERR,ERR,ERR,ERR,ERR,ERR,ERR,ERR,ERR,ERR,ERR,ERR,ERR,ERR,ERR,ERR,ERR,ERR,ERR,60.0,60.0,35,0.0,0.0,0.0,0.0,0.0,0.0,0.0,0.0,0.0,0.0,0.0,0.0,0.0,0.0,0.0,0.0,65.2,0,122,59,45,65476,0,300,0,0,8,20529,65476,0,0,2621,60.0,0.0,0.0,0.0,0.0,0.0
2026-07-09T15:23:30,ERR,ERR,ERR,ERR,ERR,ERR,ERR,ERR,ERR,ERR,ERR,ERR,ERR,ERR,ERR,ERR,ERR,ERR,ERR,ERR,ERR,ERR,ERR,ERR,ERR,ERR,ERR,ERR,ERR,ERR,ERR,ERR,ERR,ERR,ERR,ERR,ERR,ERR,ERR,ERR,ERR,ERR,ERR,ERR,ERR,ERR,ERR,ERR,ERR,ERR,ERR,ERR,ERR,ERR,ERR,ERR,ERR,ERR,ERR,ERR,ERR,ERR,ERR,ERR,ERR,ERR,ERR,ERR,ERR,ERR,ERR,ERR,ERR,ERR,ERR,ERR,ERR,ERR,ERR,ERR,ERR,ERR,ERR,ERR,ERR,ERR,ERR,ERR,ERR,ERR,ERR,ERR,ERR,ERR,ERR,ERR,ERR,ERR,ERR,ERR,ERR,ERR,ERR,ERR,ERR,ERR,ERR,ERR,ERR,ERR,ERR,ERR,ERR,ERR,ERR,ERR,ERR,ERR,ERR,ERR,ERR,ERR,ERR,ERR,ERR,-0.0,-107616168.0,0.0,0.0,0.0,0.0,-924620292096.0,-0.0,0,0,4,17434,7116,0.0,100,0.0,0.0,0.0,0.0,0.0,0,0,0,0,0.0,0,0,0,0,0,0,0,0,0,0,0,0,0,0,0,0,0,0,0,0,0,0,0,0,0,0,0,0,0,0,0,0,0,31,40,40,71,65476,0,300,0,0,8,21553,0.0,-107605600.0,0.0,0.0,0.0,0.0,0.0,0.0,0.0,0.0,0.0,0.0,0.0,0.0,0.0,0.0,0.0,0.0,0.0,0.0,0.0,0.0,-2.004,-2.004,0.0,0.0,0.0,0.0,0.0,0.0,5361.0,-0.0,6934.0,-0.0,0.0,2.004,2.004,0.0,0.0,0.0,0.0,69,4.066855546961147e+29,-0.0,0.0,0.0,0.0,0.0,0.0,0.0,0.0,0,0,0,0.0,0.0,0.0,0.0,0.0,0.0,0.0,0.0,0.0,0.0,0.0,0.0,0.0,0.0,0.0,0.0,0,-107875648.0,69,0.0,138,0.0,2.012,ERR,ERR,ERR,ERR,ERR,ERR,ERR,ERR,ERR,ERR,ERR,ERR,ERR,ERR,ERR,ERR,ERR,ERR,ERR,ERR,ERR,ERR,ERR,ERR,ERR,ERR,ERR,ERR,ERR,ERR,ERR,ERR,ERR,ERR,ERR,ERR,ERR,ERR,ERR,ERR,ERR,ERR,ERR,ERR,ERR,ERR,ERR,ERR,ERR,ERR,ERR,ERR,ERR,ERR,ERR,ERR,ERR,ERR,ERR,ERR,ERR,ERR,ERR,ERR,ERR,ERR,ERR,60.0,60.0,35,0.0,0.0,0.0,0.0,0.0,0.0,0.0,0.0,0.0,0.0,0.0,0.0,0.0,0.0,0.0,0.0,65.2,0,122,59,45,65476,0,300,0,0,8,20529,65476,0,0,2621,60.0,0.0,0.0,0.0,0.0,0.0
2026-07-09T15:23:31,ERR,ERR,ERR,ERR,ERR,ERR,ERR,ERR,ERR,ERR,ERR,ERR,ERR,ERR,ERR,ERR,ERR,ERR,ERR,ERR,ERR,ERR,ERR,ERR,ERR,ERR,ERR,ERR,ERR,ERR,ERR,ERR,ERR,ERR,ERR,ERR,ERR,ERR,ERR,ERR,ERR,ERR,ERR,ERR,ERR,ERR,ERR,ERR,ERR,ERR,ERR,ERR,ERR,ERR,ERR,ERR,ERR,ERR,ERR,ERR,ERR,ERR,ERR,ERR,ERR,ERR,ERR,ERR,ERR,ERR,ERR,ERR,ERR,ERR,ERR,ERR,ERR,ERR,ERR,ERR,ERR,ERR,ERR,ERR,ERR,ERR,ERR,ERR,ERR,ERR,ERR,ERR,ERR,ERR,ERR,ERR,ERR,ERR,ERR,ERR,ERR,ERR,ERR,ERR,ERR,ERR,ERR,ERR,ERR,ERR,ERR,ERR,ERR,ERR,ERR,ERR,ERR,ERR,ERR,ERR,ERR,ERR,ERR,ERR,ERR,-0.0,-107616168.0,0.0,0.0,0.0,0.0,-924620292096.0,-0.0,0,0,4,17434,7116,0.0,100,0.0,0.0,0.0,0.0,0.0,0,0,0,0,0.0,0,0,0,0,0,0,0,0,0,0,0,0,0,0,0,0,0,0,0,0,0,0,0,0,0,0,0,0,0,0,0,0,0,31,40,40,71,65476,0,300,0,0,8,21553,0.0,-107605600.0,0.0,0.0,0.0,0.0,0.0,0.0,0.0,0.0,0.0,0.0,0.0,0.0,0.0,0.0,0.0,0.0,0.0,0.0,0.0,0.0,-2.004,-2.004,0.0,0.0,0.0,0.0,0.0,0.0,5361.0,-0.0,6934.0,-0.0,0.0,2.004,2.004,0.0,0.0,0.0,0.0,69,4.066855546961147e+29,-0.0,0.0,0.0,0.0,0.0,0.0,0.0,0.0,0,0,0,0.0,0.0,0.0,0.0,0.0,0.0,0.0,0.0,0.0,0.0,0.0,0.0,0.0,0.0,0.0,0.0,0,-107875648.0,69,0.0,138,0.0,2.012,ERR,ERR,ERR,ERR,ERR,ERR,ERR,ERR,ERR,ERR,ERR,ERR,ERR,ERR,ERR,ERR,ERR,ERR,ERR,ERR,ERR,ERR,ERR,ERR,ERR,ERR,ERR,ERR,ERR,ERR,ERR,ERR,ERR,ERR,ERR,ERR,ERR,ERR,ERR,ERR,ERR,ERR,ERR,ERR,ERR,ERR,ERR,ERR,ERR,ERR,ERR,ERR,ERR,ERR,ERR,ERR,ERR,ERR,ERR,ERR,ERR,ERR,ERR,ERR,ERR,ERR,ERR,60.0,60.0,35,0.0,0.0,0.0,0.0,0.0,0.0,0.0,0.0,0.0,0.0,0.0,0.0,0.0,0.0,0.0,0.0,65.2,0,122,59,45,65476,0,300,0,0,8,20529,65476,0,0,2621,60.0,0.0,0.0,0.0,0.0,0.0
2026-07-09T15:23:32,ERR,ERR,ERR,ERR,ERR,ERR,ERR,ERR,ERR,ERR,ERR,ERR,ERR,ERR,ERR,ERR,ERR,ERR,ERR,ERR,ERR,ERR,ERR,ERR,ERR,ERR,ERR,ERR,ERR,ERR,ERR,ERR,ERR,ERR,ERR,ERR,ERR,ERR,ERR,ERR,ERR,ERR,ERR,ERR,ERR,ERR,ERR,ERR,ERR,ERR,ERR,ERR,ERR,ERR,ERR,ERR,ERR,ERR,ERR,ERR,ERR,ERR,ERR,ERR,ERR,ERR,ERR,ERR,ERR,ERR,ERR,ERR,ERR,ERR,ERR,ERR,ERR,ERR,ERR,ERR,ERR,ERR,ERR,ERR,ERR,ERR,ERR,ERR,ERR,ERR,ERR,ERR,ERR,ERR,ERR,ERR,ERR,ERR,ERR,ERR,ERR,ERR,ERR,ERR,ERR,ERR,ERR,ERR,ERR,ERR,ERR,ERR,ERR,ERR,ERR,ERR,ERR,ERR,ERR,ERR,ERR,ERR,ERR,ERR,ERR,-0.0,-107616168.0,0.0,0.0,0.0,0.0,-924620292096.0,-0.0,0,0,4,17434,7116,0.0,100,0.0,0.0,0.0,0.0,0.0,0,0,0,0,0.0,0,0,0,0,0,0,0,0,0,0,0,0,0,0,0,0,0,0,0,0,0,0,0,0,0,0,0,0,0,0,0,0,0,31,40,40,71,65476,0,300,0,0,8,21553,0.0,-107605600.0,0.0,0.0,0.0,0.0,0.0,0.0,0.0,0.0,0.0,0.0,0.0,0.0,0.0,0.0,0.0,0.0,0.0,0.0,0.0,0.0,-2.004,-2.004,0.0,0.0,0.0,0.0,0.0,0.0,5361.0,-0.0,6934.0,-0.0,0.0,2.004,2.004,0.0,0.0,0.0,0.0,69,4.066855546961147e+29,-0.0,0.0,0.0,0.0,0.0,0.0,0.0,0.0,0,0,0,0.0,0.0,0.0,0.0,0.0,0.0,0.0,0.0,0.0,0.0,0.0,0.0,0.0,0.0,0.0,0.0,0,-107875648.0,69,0.0,138,0.0,2.012,ERR,ERR,ERR,ERR,ERR,ERR,ERR,ERR,ERR,ERR,ERR,ERR,ERR,ERR,ERR,ERR,ERR,ERR,ERR,ERR,ERR,ERR,ERR,ERR,ERR,ERR,ERR,ERR,ERR,ERR,ERR,ERR,ERR,ERR,ERR,ERR,ERR,ERR,ERR,ERR,ERR,ERR,ERR,ERR,ERR,ERR,ERR,ERR,ERR,ERR,ERR,ERR,ERR,ERR,ERR,ERR,ERR,ERR,ERR,ERR,ERR,ERR,ERR,ERR,ERR,ERR,ERR,60.0,60.0,35,0.0,0.0,0.0,0.0,0.0,0.0,0.0,0.0,0.0,0.0,0.0,0.0,0.0,0.0,0.0,0.0,65.2,0,122,59,45,65476,0,300,0,0,8,20529,65476,0,0,2621,60.0,0.0,0.0,0.0,0.0,0.0
2026-07-09T15:23:33,ERR,ERR,ERR,ERR,ERR,ERR,ERR,ERR,ERR,ERR,ERR,ERR,ERR,ERR,ERR,ERR,ERR,ERR,ERR,ERR,ERR,ERR,ERR,ERR,ERR,ERR,ERR,ERR,ERR,ERR,ERR,ERR,ERR,ERR,ERR,ERR,ERR,ERR,ERR,ERR,ERR,ERR,ERR,ERR,ERR,ERR,ERR,ERR,ERR,ERR,ERR,ERR,ERR,ERR,ERR,ERR,ERR,ERR,ERR,ERR,ERR,ERR,ERR,ERR,ERR,ERR,ERR,ERR,ERR,ERR,ERR,ERR,ERR,ERR,ERR,ERR,ERR,ERR,ERR,ERR,ERR,ERR,ERR,ERR,ERR,ERR,ERR,ERR,ERR,ERR,ERR,ERR,ERR,ERR,ERR,ERR,ERR,ERR,ERR,ERR,ERR,ERR,ERR,ERR,ERR,ERR,ERR,ERR,ERR,ERR,ERR,ERR,ERR,ERR,ERR,ERR,ERR,ERR,ERR,ERR,ERR,ERR,ERR,ERR,ERR,-0.0,-107616168.0,0.0,0.0,0.0,0.0,-924620292096.0,-0.0,0,0,4,17434,7116,0.0,100,0.0,0.0,0.0,0.0,0.0,0,0,0,0,0.0,0,0,0,0,0,0,0,0,0,0,0,0,0,0,0,0,0,0,0,0,0,0,0,0,0,0,0,0,0,0,0,0,0,31,40,40,71,65476,0,300,0,0,8,21553,0.0,-107605600.0,0.0,0.0,0.0,0.0,0.0,0.0,0.0,0.0,0.0,0.0,0.0,0.0,0.0,0.0,0.0,0.0,0.0,0.0,0.0,0.0,-2.004,-2.004,0.0,0.0,0.0,0.0,0.0,0.0,5361.0,-0.0,6934.0,-0.0,0.0,2.004,2.004,0.0,0.0,0.0,0.0,69,4.066855546961147e+29,-0.0,0.0,0.0,0.0,0.0,0.0,0.0,0.0,0,0,0,0.0,0.0,0.0,0.0,0.0,0.0,0.0,0.0,0.0,0.0,0.0,0.0,0.0,0.0,0.0,0.0,0,-107875648.0,69,0.0,138,0.0,2.012,ERR,ERR,ERR,ERR,ERR,ERR,ERR,ERR,ERR,ERR,ERR,ERR,ERR,ERR,ERR,ERR,ERR,ERR,ERR,ERR,ERR,ERR,ERR,ERR,ERR,ERR,ERR,ERR,ERR,ERR,ERR,ERR,ERR,ERR,ERR,ERR,ERR,ERR,ERR,ERR,ERR,ERR,ERR,ERR,ERR,ERR,ERR,ERR,ERR,ERR,ERR,ERR,ERR,ERR,ERR,ERR,ERR,ERR,ERR,ERR,ERR,ERR,ERR,ERR,ERR,ERR,ERR,60.0,60.0,35,0.0,0.0,0.0,0.0,0.0,0.0,0.0,0.0,0.0,0.0,0.0,0.0,0.0,0.0,0.0,0.0,65.6,0,123,59,45,65476,0,300,0,0,8,20529,65476,0,0,2621,60.0,0.0,0.0,0.0,0.0,0.0
2026-07-09T15:23:34,ERR,ERR,ERR,ERR,ERR,ERR,ERR,ERR,ERR,ERR,ERR,ERR,ERR,ERR,ERR,ERR,ERR,ERR,ERR,ERR,ERR,ERR,ERR,ERR,ERR,ERR,ERR,ERR,ERR,ERR,ERR,ERR,ERR,ERR,ERR,ERR,ERR,ERR,ERR,ERR,ERR,ERR,ERR,ERR,ERR,ERR,ERR,ERR,ERR,ERR,ERR,ERR,ERR,ERR,ERR,ERR,ERR,ERR,ERR,ERR,ERR,ERR,ERR,ERR,ERR,ERR,ERR,ERR,ERR,ERR,ERR,ERR,ERR,ERR,ERR,ERR,ERR,ERR,ERR,ERR,ERR,ERR,ERR,ERR,ERR,ERR,ERR,ERR,ERR,ERR,ERR,ERR,ERR,ERR,ERR,ERR,ERR,ERR,ERR,ERR,ERR,ERR,ERR,ERR,ERR,ERR,ERR,ERR,ERR,ERR,ERR,ERR,ERR,ERR,ERR,ERR,ERR,ERR,ERR,ERR,ERR,ERR,ERR,ERR,ERR,0.0,0.0,2.7184267782763598e+23,-107612384.0,-3.1199787954828968e+34,0.0,-8.230137366395381e+23,0.0,0,0,4,17434,7116,0.0,100,0.0,0.0,-107612384.0,0.0,0.0,0,0,0,0,0.0,0,0,0,0,0,0,0,0,0,0,0,0,0,0,0,0,0,0,0,0,0,0,0,0,0,0,0,0,0,0,0,0,0,31,40,40,71,65476,0,300,0,0,8,21553,0.0,-107605600.0,0.0,0.0,0.0,0.0,0.0,0.0,0.0,0.0,0.0,0.0,0.0,0.0,0.0,0.0,0.0,0.0,0.0,0.0,0.0,0.0,0.0,-3.69707222422006e+19,0.0,0.0,0.0,0.0,0.0,0.0,5367.0,-2.4229910750664195e+24,6941.0,0.0,0.0,2.004,2.004,0.0,0.0,0.0,0.0,69,-0.0,-3.222007932332108e+26,0.0,0.0,0.0,0.0,0.0,0.0,0.0,0,0,0,0.0,0.0,0.0,0.0,0.0,0.0,0.0,0.0,0.0,0.0,0.0,0.0,0.0,0.0,0.0,0.0,0,-107875648.0,69,0.0,138,0.0,2.012,ERR,ERR,ERR,ERR,ERR,ERR,ERR,ERR,ERR,ERR,ERR,ERR,ERR,ERR,ERR,ERR,ERR,ERR,ERR,ERR,ERR,ERR,ERR,ERR,ERR,ERR,ERR,ERR,ERR,ERR,ERR,ERR,ERR,ERR,ERR,ERR,ERR,ERR,ERR,ERR,ERR,ERR,ERR,ERR,ERR,ERR,ERR,ERR,ERR,ERR,ERR,ERR,ERR,ERR,ERR,ERR,ERR,ERR,ERR,ERR,ERR,ERR,ERR,ERR,ERR,ERR,ERR,60.0,60.0,35,0.0,0.0,0.0,0.0,0.0,0.0,0.0,0.0,0.0,0.0,0.0,0.0,0.0,0.0,0.0,0.0,65.6,0,123,59,45,65476,0,300,0,0,8,20529,65476,0,0,2621,60.0,0.0,0.0,0.0,0.0,0.0
2026-07-09T15:23:35,ERR,ERR,ERR,ERR,ERR,ERR,ERR,ERR,ERR,ERR,ERR,ERR,ERR,ERR,ERR,ERR,ERR,ERR,ERR,ERR,ERR,ERR,ERR,ERR,ERR,ERR,ERR,ERR,ERR,ERR,ERR,ERR,ERR,ERR,ERR,ERR,ERR,ERR,ERR,ERR,ERR,ERR,ERR,ERR,ERR,ERR,ERR,ERR,ERR,ERR,ERR,ERR,ERR,ERR,ERR,ERR,ERR,ERR,ERR,ERR,ERR,ERR,ERR,ERR,ERR,ERR,ERR,ERR,ERR,ERR,ERR,ERR,ERR,ERR,ERR,ERR,ERR,ERR,ERR,ERR,ERR,ERR,ERR,ERR,ERR,ERR,ERR,ERR,ERR,ERR,ERR,ERR,ERR,ERR,ERR,ERR,ERR,ERR,ERR,ERR,ERR,ERR,ERR,ERR,ERR,ERR,ERR,ERR,ERR,ERR,ERR,ERR,ERR,ERR,ERR,ERR,ERR,ERR,ERR,ERR,ERR,ERR,ERR,ERR,ERR,0.0,0.0,2.7184267782763598e+23,-107612384.0,-3.1199787954828968e+34,0.0,-8.230137366395381e+23,0.0,0,0,4,17434,7116,0.0,100,0.0,0.0,-107612384.0,0.0,0.0,0,0,0,0,0.0,0,0,0,0,0,0,0,0,0,0,0,0,0,0,0,0,0,0,0,0,0,0,0,0,0,0,0,0,0,0,0,0,0,31,40,40,71,65476,0,300,0,0,8,21553,0.0,-107605600.0,0.0,0.0,0.0,0.0,0.0,0.0,0.0,0.0,0.0,0.0,0.0,0.0,0.0,0.0,0.0,0.0,0.0,0.0,0.0,0.0,0.0,-3.69707222422006e+19,0.0,0.0,0.0,0.0,0.0,0.0,5367.0,-2.4229910750664195e+24,6941.0,0.0,0.0,2.004,2.004,0.0,0.0,0.0,0.0,69,-0.0,-3.222007932332108e+26,0.0,0.0,0.0,0.0,0.0,0.0,0.0,0,0,0,0.0,0.0,0.0,0.0,0.0,0.0,0.0,0.0,0.0,0.0,0.0,0.0,0.0,0.0,0.0,0.0,0,-107875648.0,69,0.0,138,0.0,2.012,ERR,ERR,ERR,ERR,ERR,ERR,ERR,ERR,ERR,ERR,ERR,ERR,ERR,ERR,ERR,ERR,ERR,ERR,ERR,ERR,ERR,ERR,ERR,ERR,ERR,ERR,ERR,ERR,ERR,ERR,ERR,ERR,ERR,ERR,ERR,ERR,ERR,ERR,ERR,ERR,ERR,ERR,ERR,ERR,ERR,ERR,ERR,ERR,ERR,ERR,ERR,ERR,ERR,ERR,ERR,ERR,ERR,ERR,ERR,ERR,ERR,ERR,ERR,ERR,ERR,ERR,ERR,60.0,60.0,35,0.0,0.0,0.0,0.0,0.0,0.0,0.0,0.0,0.0,0.0,0.0,0.0,0.0,0.0,0.0,0.0,65.2,0,123,59,45,65476,0,300,0,0,8,20529,65476,0,0,2621,60.0,0.0,0.0,0.0,0.0,0.0
2026-07-09T15:23:36,ERR,ERR,ERR,ERR,ERR,ERR,ERR,ERR,ERR,ERR,ERR,ERR,ERR,ERR,ERR,ERR,ERR,ERR,ERR,ERR,ERR,ERR,ERR,ERR,ERR,ERR,ERR,ERR,ERR,ERR,ERR,ERR,ERR,ERR,ERR,ERR,ERR,ERR,ERR,ERR,ERR,ERR,ERR,ERR,ERR,ERR,ERR,ERR,ERR,ERR,ERR,ERR,ERR,ERR,ERR,ERR,ERR,ERR,ERR,ERR,ERR,ERR,ERR,ERR,ERR,ERR,ERR,ERR,ERR,ERR,ERR,ERR,ERR,ERR,ERR,ERR,ERR,ERR,ERR,ERR,ERR,ERR,ERR,ERR,ERR,ERR,ERR,ERR,ERR,ERR,ERR,ERR,ERR,ERR,ERR,ERR,ERR,ERR,ERR,ERR,ERR,ERR,ERR,ERR,ERR,ERR,ERR,ERR,ERR,ERR,ERR,ERR,ERR,ERR,ERR,ERR,ERR,ERR,ERR,ERR,ERR,ERR,ERR,ERR,ERR,0.0,0.0,2.7184267782763598e+23,-107612384.0,-3.1199787954828968e+34,0.0,-8.230137366395381e+23,0.0,0,0,4,17434,7116,0.0,100,0.0,0.0,-107612384.0,0.0,0.0,0,0,0,0,0.0,0,0,0,0,0,0,0,0,0,0,0,0,0,0,0,0,0,0,0,0,0,0,0,0,0,0,0,0,0,0,0,0,0,31,40,40,71,65476,0,300,0,0,8,21553,0.0,-107605600.0,0.0,0.0,0.0,0.0,0.0,0.0,0.0,0.0,0.0,0.0,0.0,0.0,0.0,0.0,0.0,0.0,0.0,0.0,0.0,0.0,0.0,-3.69707222422006e+19,0.0,0.0,0.0,0.0,0.0,0.0,5367.0,-2.4229910750664195e+24,6941.0,0.0,0.0,2.004,2.004,0.0,0.0,0.0,0.0,69,-0.0,-3.222007932332108e+26,0.0,0.0,0.0,0.0,0.0,0.0,0.0,0,0,0,0.0,0.0,0.0,0.0,0.0,0.0,0.0,0.0,0.0,0.0,0.0,0.0,0.0,0.0,0.0,0.0,0,-107875648.0,69,0.0,138,0.0,2.012,ERR,ERR,ERR,ERR,ERR,ERR,ERR,ERR,ERR,ERR,ERR,ERR,ERR,ERR,ERR,ERR,ERR,ERR,ERR,ERR,ERR,ERR,ERR,ERR,ERR,ERR,ERR,ERR,ERR,ERR,ERR,ERR,ERR,ERR,ERR,ERR,ERR,ERR,ERR,ERR,ERR,ERR,ERR,ERR,ERR,ERR,ERR,ERR,ERR,ERR,ERR,ERR,ERR,ERR,ERR,ERR,ERR,ERR,ERR,ERR,ERR,ERR,ERR,ERR,ERR,ERR,ERR,60.0,60.0,35,0.0,0.0,0.0,0.0,0.0,0.0,0.0,0.0,0.0,0.0,0.0,0.0,0.0,0.0,0.0,0.0,65.2,0,123,59,45,65476,0,300,0,0,8,20529,65476,0,0,2621,60.0,0.0,0.0,0.0,0.0,0.0
2026-07-09T15:23:37,ERR,ERR,ERR,ERR,ERR,ERR,ERR,ERR,ERR,ERR,ERR,ERR,ERR,ERR,ERR,ERR,ERR,ERR,ERR,ERR,ERR,ERR,ERR,ERR,ERR,ERR,ERR,ERR,ERR,ERR,ERR,ERR,ERR,ERR,ERR,ERR,ERR,ERR,ERR,ERR,ERR,ERR,ERR,ERR,ERR,ERR,ERR,ERR,ERR,ERR,ERR,ERR,ERR,ERR,ERR,ERR,ERR,ERR,ERR,ERR,ERR,ERR,ERR,ERR,ERR,ERR,ERR,ERR,ERR,ERR,ERR,ERR,ERR,ERR,ERR,ERR,ERR,ERR,ERR,ERR,ERR,ERR,ERR,ERR,ERR,ERR,ERR,ERR,ERR,ERR,ERR,ERR,ERR,ERR,ERR,ERR,ERR,ERR,ERR,ERR,ERR,ERR,ERR,ERR,ERR,ERR,ERR,ERR,ERR,ERR,ERR,ERR,ERR,ERR,ERR,ERR,ERR,ERR,ERR,ERR,ERR,ERR,ERR,ERR,ERR,0.0,0.0,2.7184267782763598e+23,-107612384.0,-3.1199787954828968e+34,0.0,-8.230137366395381e+23,0.0,0,0,4,17434,7116,0.0,100,0.0,0.0,-107612384.0,0.0,0.0,0,0,0,0,0.0,0,0,0,0,0,0,0,0,0,0,0,0,0,0,0,0,0,0,0,0,0,0,0,0,0,0,0,0,0,0,0,0,0,31,40,40,71,65476,0,300,0,0,8,21553,0.0,-107605600.0,0.0,0.0,0.0,0.0,0.0,0.0,0.0,0.0,0.0,0.0,0.0,0.0,0.0,0.0,0.0,0.0,0.0,0.0,0.0,0.0,0.0,-3.69707222422006e+19,0.0,0.0,0.0,0.0,0.0,0.0,5367.0,-2.4229910750664195e+24,6941.0,0.0,0.0,2.004,2.004,0.0,0.0,0.0,0.0,69,-0.0,-3.222007932332108e+26,0.0,0.0,0.0,0.0,0.0,0.0,0.0,0,0,0,0.0,0.0,0.0,0.0,0.0,0.0,0.0,0.0,0.0,0.0,0.0,0.0,0.0,0.0,0.0,0.0,0,-107875648.0,69,0.0,138,0.0,2.012,ERR,ERR,ERR,ERR,ERR,ERR,ERR,ERR,ERR,ERR,ERR,ERR,ERR,ERR,ERR,ERR,ERR,ERR,ERR,ERR,ERR,ERR,ERR,ERR,ERR,ERR,ERR,ERR,ERR,ERR,ERR,ERR,ERR,ERR,ERR,ERR,ERR,ERR,ERR,ERR,ERR,ERR,ERR,ERR,ERR,ERR,ERR,ERR,ERR,ERR,ERR,ERR,ERR,ERR,ERR,ERR,ERR,ERR,ERR,ERR,ERR,ERR,ERR,ERR,ERR,ERR,ERR,60.0,60.0,35,0.0,0.0,0.0,0.0,0.0,0.0,0.0,0.0,0.0,0.0,0.0,0.0,0.0,0.0,0.0,0.0,65.2,0,123,59,45,65476,0,300,0,0,8,20529,65476,0,0,2621,60.0,0.0,0.0,0.0,0.0,0.0
2026-07-09T15:23:38,ERR,ERR,ERR,ERR,ERR,ERR,ERR,ERR,ERR,ERR,ERR,ERR,ERR,ERR,ERR,ERR,ERR,ERR,ERR,ERR,ERR,ERR,ERR,ERR,ERR,ERR,ERR,ERR,ERR,ERR,ERR,ERR,ERR,ERR,ERR,ERR,ERR,ERR,ERR,ERR,ERR,ERR,ERR,ERR,ERR,ERR,ERR,ERR,ERR,ERR,ERR,ERR,ERR,ERR,ERR,ERR,ERR,ERR,ERR,ERR,ERR,ERR,ERR,ERR,ERR,ERR,ERR,ERR,ERR,ERR,ERR,ERR,ERR,ERR,ERR,ERR,ERR,ERR,ERR,ERR,ERR,ERR,ERR,ERR,ERR,ERR,ERR,ERR,ERR,ERR,ERR,ERR,ERR,ERR,ERR,ERR,ERR,ERR,ERR,ERR,ERR,ERR,ERR,ERR,ERR,ERR,ERR,ERR,ERR,ERR,ERR,ERR,ERR,ERR,ERR,ERR,ERR,ERR,ERR,ERR,ERR,ERR,ERR,ERR,ERR,0.0,0.0,2.7184267782763598e+23,-107612384.0,-3.1199787954828968e+34,0.0,-8.230137366395381e+23,0.0,0,0,4,17434,7116,0.0,100,0.0,0.0,-107612384.0,0.0,0.0,0,0,0,0,0.0,0,0,0,0,0,0,0,0,0,0,0,0,0,0,0,0,0,0,0,0,0,0,0,0,0,0,0,0,0,0,0,0,0,31,40,40,71,65476,0,300,0,0,8,21553,0.0,-107605600.0,0.0,0.0,0.0,0.0,0.0,0.0,0.0,0.0,0.0,0.0,0.0,0.0,0.0,0.0,0.0,0.0,0.0,0.0,0.0,0.0,0.0,-3.69707222422006e+19,0.0,0.0,0.0,0.0,0.0,0.0,5367.0,-2.4229910750664195e+24,6941.0,0.0,0.0,2.004,2.004,0.0,0.0,0.0,0.0,69,-0.0,-3.222007932332108e+26,0.0,0.0,0.0,0.0,0.0,0.0,0.0,0,0,0,0.0,0.0,0.0,0.0,0.0,0.0,0.0,0.0,0.0,0.0,0.0,0.0,0.0,0.0,0.0,0.0,0,-107875648.0,69,0.0,138,0.0,2.012,ERR,ERR,ERR,ERR,ERR,ERR,ERR,ERR,ERR,ERR,ERR,ERR,ERR,ERR,ERR,ERR,ERR,ERR,ERR,ERR,ERR,ERR,ERR,ERR,ERR,ERR,ERR,ERR,ERR,ERR,ERR,ERR,ERR,ERR,ERR,ERR,ERR,ERR,ERR,ERR,ERR,ERR,ERR,ERR,ERR,ERR,ERR,ERR,ERR,ERR,ERR,ERR,ERR,ERR,ERR,ERR,ERR,ERR,ERR,ERR,ERR,ERR,ERR,ERR,ERR,ERR,ERR,60.0,60.0,35,0.0,0.0,0.0,0.0,0.0,0.0,0.0,0.0,0.0,0.0,0.0,0.0,0.0,0.0,0.0,0.0,65.2,0,123,59,45,65476,0,300,0,0,8,20529,65476,0,0,2621,60.0,0.0,0.0,0.0,0.0,0.0
2026-07-09T15:23:39,ERR,ERR,ERR,ERR,ERR,ERR,ERR,ERR,ERR,ERR,ERR,ERR,ERR,ERR,ERR,ERR,ERR,ERR,ERR,ERR,ERR,ERR,ERR,ERR,ERR,ERR,ERR,ERR,ERR,ERR,ERR,ERR,ERR,ERR,ERR,ERR,ERR,ERR,ERR,ERR,ERR,ERR,ERR,ERR,ERR,ERR,ERR,ERR,ERR,ERR,ERR,ERR,ERR,ERR,ERR,ERR,ERR,ERR,ERR,ERR,ERR,ERR,ERR,ERR,ERR,ERR,ERR,ERR,ERR,ERR,ERR,ERR,ERR,ERR,ERR,ERR,ERR,ERR,ERR,ERR,ERR,ERR,ERR,ERR,ERR,ERR,ERR,ERR,ERR,ERR,ERR,ERR,ERR,ERR,ERR,ERR,ERR,ERR,ERR,ERR,ERR,ERR,ERR,ERR,ERR,ERR,ERR,ERR,ERR,ERR,ERR,ERR,ERR,ERR,ERR,ERR,ERR,ERR,ERR,ERR,ERR,ERR,ERR,ERR,ERR,-0.0,2.7184487558425414e+23,0.0,-107612384.0,1.5155044508730387e+31,2.3429662700052952e+27,0.0,-0.0,0,0,4,17435,7116,0.0,100,0.0,0.0,-107612384.0,0.0,0.0,0,0,0,0,0.0,0,0,0,0,0,0,0,0,0,0,0,0,0,0,0,0,0,0,0,0,0,0,0,0,0,0,0,0,0,0,0,0,0,31,40,40,71,65476,0,300,0,0,8,21553,0.0,-107605600.0,0.0,0.0,0.0,0.0,0.0,0.0,0.0,0.0,0.0,0.0,0.0,0.0,0.0,0.0,0.0,0.0,0.0,0.0,0.0,0.0,-2.004,0.0,0.0,0.0,0.0,0.0,0.0,0.0,5376.0,0.0,6917.0,-0.0,2.7184487558425414e+23,2.004,2.004,0.0,0.0,0.0,0.0,69,0.059,0.059,0.0,0.0,0.0,0.0,0.0,0.0,0.0,0,0,0,0.0,0.0,0.0,0.0,0.0,0.0,0.0,0.0,0.0,0.0,0.0,0.0,0.0,0.0,0.0,0.0,0,-107875648.0,69,0.0,138,0.0,2.012,ERR,ERR,ERR,ERR,ERR,ERR,ERR,ERR,ERR,ERR,ERR,ERR,ERR,ERR,ERR,ERR,ERR,ERR,ERR,ERR,ERR,ERR,ERR,ERR,ERR,ERR,ERR,ERR,ERR,ERR,ERR,ERR,ERR,ERR,ERR,ERR,ERR,ERR,ERR,ERR,ERR,ERR,ERR,ERR,ERR,ERR,ERR,ERR,ERR,ERR,ERR,ERR,ERR,ERR,ERR,ERR,ERR,ERR,ERR,ERR,ERR,ERR,ERR,ERR,ERR,ERR,ERR,60.0,60.0,35,0.0,0.0,0.0,0.0,0.0,0.0,0.0,0.0,0.0,0.0,0.0,0.0,0.0,0.0,0.0,0.0,65.2,0,123,59,45,65476,0,300,0,0,8,20529,65476,0,0,2621,60.0,0.0,0.0,0.0,0.0,0.0
2026-07-09T15:23:40,ERR,ERR,ERR,ERR,ERR,ERR,ERR,ERR,ERR,ERR,ERR,ERR,ERR,ERR,ERR,ERR,ERR,ERR,ERR,ERR,ERR,ERR,ERR,ERR,ERR,ERR,ERR,ERR,ERR,ERR,ERR,ERR,ERR,ERR,ERR,ERR,ERR,ERR,ERR,ERR,ERR,ERR,ERR,ERR,ERR,ERR,ERR,ERR,ERR,ERR,ERR,ERR,ERR,ERR,ERR,ERR,ERR,ERR,ERR,ERR,ERR,ERR,ERR,ERR,ERR,ERR,ERR,ERR,ERR,ERR,ERR,ERR,ERR,ERR,ERR,ERR,ERR,ERR,ERR,ERR,ERR,ERR,ERR,ERR,ERR,ERR,ERR,ERR,ERR,ERR,ERR,ERR,ERR,ERR,ERR,ERR,ERR,ERR,ERR,ERR,ERR,ERR,ERR,ERR,ERR,ERR,ERR,ERR,ERR,ERR,ERR,ERR,ERR,ERR,ERR,ERR,ERR,ERR,ERR,ERR,ERR,ERR,ERR,ERR,ERR,-0.0,2.7184487558425414e+23,0.0,-107612384.0,1.5155044508730387e+31,2.3429662700052952e+27,0.0,-0.0,0,0,4,17435,7116,0.0,100,0.0,0.0,-107612384.0,0.0,0.0,0,0,0,0,0.0,0,0,0,0,0,0,0,0,0,0,0,0,0,0,0,0,0,0,0,0,0,0,0,0,0,0,0,0,0,0,0,0,0,31,40,40,71,65476,0,300,0,0,8,21553,0.0,-107605600.0,0.0,0.0,0.0,0.0,0.0,0.0,0.0,0.0,0.0,0.0,0.0,0.0,0.0,0.0,0.0,0.0,0.0,0.0,0.0,0.0,-2.004,0.0,0.0,0.0,0.0,0.0,0.0,0.0,5376.0,0.0,6917.0,-0.0,2.7184487558425414e+23,2.004,2.004,0.0,0.0,0.0,0.0,69,0.059,0.059,0.0,0.0,0.0,0.0,0.0,0.0,0.0,0,0,0,0.0,0.0,0.0,0.0,0.0,0.0,0.0,0.0,0.0,0.0,0.0,0.0,0.0,0.0,0.0,0.0,0,-107875648.0,69,0.0,138,0.0,2.012,ERR,ERR,ERR,ERR,ERR,ERR,ERR,ERR,ERR,ERR,ERR,ERR,ERR,ERR,ERR,ERR,ERR,ERR,ERR,ERR,ERR,ERR,ERR,ERR,ERR,ERR,ERR,ERR,ERR,ERR,ERR,ERR,ERR,ERR,ERR,ERR,ERR,ERR,ERR,ERR,ERR,ERR,ERR,ERR,ERR,ERR,ERR,ERR,ERR,ERR,ERR,ERR,ERR,ERR,ERR,ERR,ERR,ERR,ERR,ERR,ERR,ERR,ERR,ERR,ERR,ERR,ERR,60.0,60.0,35,0.0,0.0,0.0,0.0,0.0,0.0,0.0,0.0,0.0,0.0,0.0,0.0,0.0,0.0,0.0,0.0,65.2,0,123,59,45,65476,0,300,0,0,8,20529,65476,0,0,2621,60.0,0.0,0.0,0.0,0.0,0.0
2026-07-09T15:23:41,ERR,ERR,ERR,ERR,ERR,ERR,ERR,ERR,ERR,ERR,ERR,ERR,ERR,ERR,ERR,ERR,ERR,ERR,ERR,ERR,ERR,ERR,ERR,ERR,ERR,ERR,ERR,ERR,ERR,ERR,ERR,ERR,ERR,ERR,ERR,ERR,ERR,ERR,ERR,ERR,ERR,ERR,ERR,ERR,ERR,ERR,ERR,ERR,ERR,ERR,ERR,ERR,ERR,ERR,ERR,ERR,ERR,ERR,ERR,ERR,ERR,ERR,ERR,ERR,ERR,ERR,ERR,ERR,ERR,ERR,ERR,ERR,ERR,ERR,ERR,ERR,ERR,ERR,ERR,ERR,ERR,ERR,ERR,ERR,ERR,ERR,ERR,ERR,ERR,ERR,ERR,ERR,ERR,ERR,ERR,ERR,ERR,ERR,ERR,ERR,ERR,ERR,ERR,ERR,ERR,ERR,ERR,ERR,ERR,ERR,ERR,ERR,ERR,ERR,ERR,ERR,ERR,ERR,ERR,ERR,ERR,ERR,ERR,ERR,ERR,-0.0,2.7184487558425414e+23,0.0,-107612384.0,1.5155044508730387e+31,2.3429662700052952e+27,0.0,-0.0,0,0,4,17435,7116,0.0,100,0.0,0.0,-107612384.0,0.0,0.0,0,0,0,0,0.0,0,0,0,0,0,0,0,0,0,0,0,0,0,0,0,0,0,0,0,0,0,0,0,0,0,0,0,0,0,0,0,0,0,31,40,40,71,65476,0,300,0,0,8,21553,0.0,-107605600.0,0.0,0.0,0.0,0.0,0.0,0.0,0.0,0.0,0.0,0.0,0.0,0.0,0.0,0.0,0.0,0.0,0.0,0.0,0.0,0.0,-2.004,0.0,0.0,0.0,0.0,0.0,0.0,0.0,5376.0,0.0,6917.0,-0.0,2.7184487558425414e+23,2.004,2.004,0.0,0.0,0.0,0.0,69,0.059,0.059,0.0,0.0,0.0,0.0,0.0,0.0,0.0,0,0,0,0.0,0.0,0.0,0.0,0.0,0.0,0.0,0.0,0.0,0.0,0.0,0.0,0.0,0.0,0.0,0.0,0,-107875648.0,69,0.0,138,0.0,2.012,ERR,ERR,ERR,ERR,ERR,ERR,ERR,ERR,ERR,ERR,ERR,ERR,ERR,ERR,ERR,ERR,ERR,ERR,ERR,ERR,ERR,ERR,ERR,ERR,ERR,ERR,ERR,ERR,ERR,ERR,ERR,ERR,ERR,ERR,ERR,ERR,ERR,ERR,ERR,ERR,ERR,ERR,ERR,ERR,ERR,ERR,ERR,ERR,ERR,ERR,ERR,ERR,ERR,ERR,ERR,ERR,ERR,ERR,ERR,ERR,ERR,ERR,ERR,ERR,ERR,ERR,ERR,60.0,60.0,35,0.0,0.0,0.0,0.0,0.0,0.0,0.0,0.0,0.0,0.0,0.0,0.0,0.0,0.0,0.0,0.0,65.2,0,123,59,45,65476,0,300,0,0,8,20529,65476,0,0,2621,60.0,0.0,0.0,0.0,0.0,0.0
2026-07-09T15:23:42,ERR,ERR,ERR,ERR,ERR,ERR,ERR,ERR,ERR,ERR,ERR,ERR,ERR,ERR,ERR,ERR,ERR,ERR,ERR,ERR,ERR,ERR,ERR,ERR,ERR,ERR,ERR,ERR,ERR,ERR,ERR,ERR,ERR,ERR,ERR,ERR,ERR,ERR,ERR,ERR,ERR,ERR,ERR,ERR,ERR,ERR,ERR,ERR,ERR,ERR,ERR,ERR,ERR,ERR,ERR,ERR,ERR,ERR,ERR,ERR,ERR,ERR,ERR,ERR,ERR,ERR,ERR,ERR,ERR,ERR,ERR,ERR,ERR,ERR,ERR,ERR,ERR,ERR,ERR,ERR,ERR,ERR,ERR,ERR,ERR,ERR,ERR,ERR,ERR,ERR,ERR,ERR,ERR,ERR,ERR,ERR,ERR,ERR,ERR,ERR,ERR,ERR,ERR,ERR,ERR,ERR,ERR,ERR,ERR,ERR,ERR,ERR,ERR,ERR,ERR,ERR,ERR,ERR,ERR,ERR,ERR,ERR,ERR,ERR,ERR,-0.0,2.7184487558425414e+23,0.0,-107612384.0,1.5155044508730387e+31,2.3429662700052952e+27,0.0,-0.0,0,0,4,17435,7116,0.0,100,0.0,0.0,-107612384.0,0.0,0.0,0,0,0,0,0.0,0,0,0,0,0,0,0,0,0,0,0,0,0,0,0,0,0,0,0,0,0,0,0,0,0,0,0,0,0,0,0,0,0,31,40,40,71,65476,0,300,0,0,8,21553,0.0,-107605600.0,0.0,0.0,0.0,0.0,0.0,0.0,0.0,0.0,0.0,0.0,0.0,0.0,0.0,0.0,0.0,0.0,0.0,0.0,0.0,0.0,-2.004,0.0,0.0,0.0,0.0,0.0,0.0,0.0,5376.0,0.0,6917.0,-0.0,2.7184487558425414e+23,2.004,2.004,0.0,0.0,0.0,0.0,69,0.059,0.059,0.0,0.0,0.0,0.0,0.0,0.0,0.0,0,0,0,0.0,0.0,0.0,0.0,0.0,0.0,0.0,0.0,0.0,0.0,0.0,0.0,0.0,0.0,0.0,0.0,0,-107875648.0,69,0.0,138,0.0,2.012,ERR,ERR,ERR,ERR,ERR,ERR,ERR,ERR,ERR,ERR,ERR,ERR,ERR,ERR,ERR,ERR,ERR,ERR,ERR,ERR,ERR,ERR,ERR,ERR,ERR,ERR,ERR,ERR,ERR,ERR,ERR,ERR,ERR,ERR,ERR,ERR,ERR,ERR,ERR,ERR,ERR,ERR,ERR,ERR,ERR,ERR,ERR,ERR,ERR,ERR,ERR,ERR,ERR,ERR,ERR,ERR,ERR,ERR,ERR,ERR,ERR,ERR,ERR,ERR,ERR,ERR,ERR,60.0,60.0,35,0.0,0.0,0.0,0.0,0.0,0.0,0.0,0.0,0.0,0.0,0.0,0.0,0.0,0.0,0.0,0.0,65.6,0,123,59,45,65476,0,300,0,0,8,20529,65476,0,0,2621,60.0,0.0,0.0,0.0,0.0,0.0
2026-07-09T15:23:43,ERR,ERR,ERR,ERR,ERR,ERR,ERR,ERR,ERR,ERR,ERR,ERR,ERR,ERR,ERR,ERR,ERR,ERR,ERR,ERR,ERR,ERR,ERR,ERR,ERR,ERR,ERR,ERR,ERR,ERR,ERR,ERR,ERR,ERR,ERR,ERR,ERR,ERR,ERR,ERR,ERR,ERR,ERR,ERR,ERR,ERR,ERR,ERR,ERR,ERR,ERR,ERR,ERR,ERR,ERR,ERR,ERR,ERR,ERR,ERR,ERR,ERR,ERR,ERR,ERR,ERR,ERR,ERR,ERR,ERR,ERR,ERR,ERR,ERR,ERR,ERR,ERR,ERR,ERR,ERR,ERR,ERR,ERR,ERR,ERR,ERR,ERR,ERR,ERR,ERR,ERR,ERR,ERR,ERR,ERR,ERR,ERR,ERR,ERR,ERR,ERR,ERR,ERR,ERR,ERR,ERR,ERR,ERR,ERR,ERR,ERR,ERR,ERR,ERR,ERR,ERR,ERR,ERR,ERR,ERR,ERR,ERR,ERR,ERR,ERR,-0.0,2.7184487558425414e+23,0.0,-107612384.0,1.5155044508730387e+31,2.3429662700052952e+27,0.0,-0.0,0,0,4,17435,7116,0.0,100,0.0,0.0,-107612384.0,0.0,0.0,0,0,0,0,0.0,0,0,0,0,0,0,0,0,0,0,0,0,0,0,0,0,0,0,0,0,0,0,0,0,0,0,0,0,0,0,0,0,0,31,40,40,71,65476,0,300,0,0,8,21553,0.0,-107605600.0,0.0,0.0,0.0,0.0,0.0,0.0,0.0,0.0,0.0,0.0,0.0,0.0,0.0,0.0,0.0,0.0,0.0,0.0,0.0,0.0,-2.004,0.0,0.0,0.0,0.0,0.0,0.0,0.0,5376.0,0.0,6917.0,-0.0,2.7184487558425414e+23,2.004,2.004,0.0,0.0,0.0,0.0,69,0.059,0.059,0.0,0.0,0.0,0.0,0.0,0.0,0.0,0,0,0,0.0,0.0,0.0,0.0,0.0,0.0,0.0,0.0,0.0,0.0,0.0,0.0,0.0,0.0,0.0,0.0,0,-107875648.0,69,0.0,138,0.0,2.012,ERR,ERR,ERR,ERR,ERR,ERR,ERR,ERR,ERR,ERR,ERR,ERR,ERR,ERR,ERR,ERR,ERR,ERR,ERR,ERR,ERR,ERR,ERR,ERR,ERR,ERR,ERR,ERR,ERR,ERR,ERR,ERR,ERR,ERR,ERR,ERR,ERR,ERR,ERR,ERR,ERR,ERR,ERR,ERR,ERR,ERR,ERR,ERR,ERR,ERR,ERR,ERR,ERR,ERR,ERR,ERR,ERR,ERR,ERR,ERR,ERR,ERR,ERR,ERR,ERR,ERR,ERR,60.0,60.0,35,0.0,0.0,0.0,0.0,0.0,0.0,0.0,0.0,0.0,0.0,0.0,0.0,0.0,0.0,0.0,0.0,65.6,0,124,60,45,65476,0,300,0,0,8,20529,65476,0,0,2621,60.0,0.0,0.0,0.0,0.0,0.0
2026-07-09T15:23:44,ERR,ERR,ERR,ERR,ERR,ERR,ERR,ERR,ERR,ERR,ERR,ERR,ERR,ERR,ERR,ERR,ERR,ERR,ERR,ERR,ERR,ERR,ERR,ERR,ERR,ERR,ERR,ERR,ERR,ERR,ERR,ERR,ERR,ERR,ERR,ERR,ERR,ERR,ERR,ERR,ERR,ERR,ERR,ERR,ERR,ERR,ERR,ERR,ERR,ERR,ERR,ERR,ERR,ERR,ERR,ERR,ERR,ERR,ERR,ERR,ERR,ERR,ERR,ERR,ERR,ERR,ERR,ERR,ERR,ERR,ERR,ERR,ERR,ERR,ERR,ERR,ERR,ERR,ERR,ERR,ERR,ERR,ERR,ERR,ERR,ERR,ERR,ERR,ERR,ERR,ERR,ERR,ERR,ERR,ERR,ERR,ERR,ERR,ERR,ERR,ERR,ERR,ERR,ERR,ERR,ERR,ERR,ERR,ERR,ERR,ERR,ERR,ERR,ERR,ERR,ERR,ERR,ERR,ERR,ERR,ERR,ERR,ERR,ERR,ERR,-0.0,-0.0,-0.0,2.7183637278815766e+23,0.023,0.0,2.7295890561932824e+35,0.004,0,0,4,17433,7116,0.0,100,0.0,0.0,2.7183637278815766e+23,0.0,0.0,0,0,0,0,0.0,0,0,0,0,0,0,0,0,0,0,0,0,0,0,0,0,0,0,0,0,0,0,0,0,0,0,0,0,0,0,0,0,0,31,40,40,71,65476,0,300,0,0,8,21553,0.0,-107605600.0,0.0,0.0,0.0,0.0,0.0,0.0,0.0,0.0,0.0,0.0,0.0,0.0,0.0,0.0,0.0,0.0,0.0,0.0,0.0,0.0,-2.004,0.0,0.0,0.0,0.0,0.0,0.0,0.0,5380.0,8608194560.0,6922.0,-0.0,-0.0,2.004,2.004,0.0,0.0,0.0,0.0,69,0.059,4.066859324854333e+29,0.0,0.0,0.0,0.0,0.0,0.0,0.0,0,0,0,0.0,0.0,0.0,0.0,0.0,0.0,0.0,0.0,0.0,0.0,0.0,0.0,0.0,0.0,0.0,0.0,0,-107875648.0,69,0.0,138,0.0,2.012,ERR,ERR,ERR,ERR,ERR,ERR,ERR,ERR,ERR,ERR,ERR,ERR,ERR,ERR,ERR,ERR,ERR,ERR,ERR,ERR,ERR,ERR,ERR,ERR,ERR,ERR,ERR,ERR,ERR,ERR,ERR,ERR,ERR,ERR,ERR,ERR,ERR,ERR,ERR,ERR,ERR,ERR,ERR,ERR,ERR,ERR,ERR,ERR,ERR,ERR,ERR,ERR,ERR,ERR,ERR,ERR,ERR,ERR,ERR,ERR,ERR,ERR,ERR,ERR,ERR,ERR,ERR,60.0,60.0,35,0.0,0.0,0.0,0.0,0.0,0.0,0.0,0.0,0.0,0.0,0.0,0.0,0.0,0.0,0.0,0.0,65.6,0,124,60,45,65476,0,300,0,0,8,20529,65476,0,0,2621,60.0,0.0,0.0,0.0,0.0,0.0
2026-07-09T15:23:45,ERR,ERR,ERR,ERR,ERR,ERR,ERR,ERR,ERR,ERR,ERR,ERR,ERR,ERR,ERR,ERR,ERR,ERR,ERR,ERR,ERR,ERR,ERR,ERR,ERR,ERR,ERR,ERR,ERR,ERR,ERR,ERR,ERR,ERR,ERR,ERR,ERR,ERR,ERR,ERR,ERR,ERR,ERR,ERR,ERR,ERR,ERR,ERR,ERR,ERR,ERR,ERR,ERR,ERR,ERR,ERR,ERR,ERR,ERR,ERR,ERR,ERR,ERR,ERR,ERR,ERR,ERR,ERR,ERR,ERR,ERR,ERR,ERR,ERR,ERR,ERR,ERR,ERR,ERR,ERR,ERR,ERR,ERR,ERR,ERR,ERR,ERR,ERR,ERR,ERR,ERR,ERR,ERR,ERR,ERR,ERR,ERR,ERR,ERR,ERR,ERR,ERR,ERR,ERR,ERR,ERR,ERR,ERR,ERR,ERR,ERR,ERR,ERR,ERR,ERR,ERR,ERR,ERR,ERR,ERR,ERR,ERR,ERR,ERR,ERR,-0.0,-0.0,-0.0,2.7183637278815766e+23,0.023,0.0,2.7295890561932824e+35,0.004,0,0,4,17433,7116,0.0,100,0.0,0.0,2.7183637278815766e+23,0.0,0.0,0,0,0,0,0.0,0,0,0,0,0,0,0,0,0,0,0,0,0,0,0,0,0,0,0,0,0,0,0,0,0,0,0,0,0,0,0,0,0,31,40,40,71,65476,0,300,0,0,8,21553,0.0,-107605600.0,0.0,0.0,0.0,0.0,0.0,0.0,0.0,0.0,0.0,0.0,0.0,0.0,0.0,0.0,0.0,0.0,0.0,0.0,0.0,0.0,-2.004,0.0,0.0,0.0,0.0,0.0,0.0,0.0,5380.0,8608194560.0,6922.0,-0.0,-0.0,2.004,2.004,0.0,0.0,0.0,0.0,69,0.059,4.066859324854333e+29,0.0,0.0,0.0,0.0,0.0,0.0,0.0,0,0,0,0.0,0.0,0.0,0.0,0.0,0.0,0.0,0.0,0.0,0.0,0.0,0.0,0.0,0.0,0.0,0.0,0,-107875648.0,69,0.0,138,0.0,2.012,ERR,ERR,ERR,ERR,ERR,ERR,ERR,ERR,ERR,ERR,ERR,ERR,ERR,ERR,ERR,ERR,ERR,ERR,ERR,ERR,ERR,ERR,ERR,ERR,ERR,ERR,ERR,ERR,ERR,ERR,ERR,ERR,ERR,ERR,ERR,ERR,ERR,ERR,ERR,ERR,ERR,ERR,ERR,ERR,ERR,ERR,ERR,ERR,ERR,ERR,ERR,ERR,ERR,ERR,ERR,ERR,ERR,ERR,ERR,ERR,ERR,ERR,ERR,ERR,ERR,ERR,ERR,60.0,60.0,35,0.0,0.0,0.0,0.0,0.0,0.0,0.0,0.0,0.0,0.0,0.0,0.0,0.0,0.0,0.0,0.0,65.2,0,124,60,45,65476,0,300,0,0,8,20529,65476,0,0,2621,60.0,0.0,0.0,0.0,0.0,0.0
2026-07-09T15:23:46,ERR,ERR,ERR,ERR,ERR,ERR,ERR,ERR,ERR,ERR,ERR,ERR,ERR,ERR,ERR,ERR,ERR,ERR,ERR,ERR,ERR,ERR,ERR,ERR,ERR,ERR,ERR,ERR,ERR,ERR,ERR,ERR,ERR,ERR,ERR,ERR,ERR,ERR,ERR,ERR,ERR,ERR,ERR,ERR,ERR,ERR,ERR,ERR,ERR,ERR,ERR,ERR,ERR,ERR,ERR,ERR,ERR,ERR,ERR,ERR,ERR,ERR,ERR,ERR,ERR,ERR,ERR,ERR,ERR,ERR,ERR,ERR,ERR,ERR,ERR,ERR,ERR,ERR,ERR,ERR,ERR,ERR,ERR,ERR,ERR,ERR,ERR,ERR,ERR,ERR,ERR,ERR,ERR,ERR,ERR,ERR,ERR,ERR,ERR,ERR,ERR,ERR,ERR,ERR,ERR,ERR,ERR,ERR,ERR,ERR,ERR,ERR,ERR,ERR,ERR,ERR,ERR,ERR,ERR,ERR,ERR,ERR,ERR,ERR,ERR,-0.0,-0.0,-0.0,2.7183637278815766e+23,0.023,0.0,2.7295890561932824e+35,0.004,0,0,4,17433,7116,0.0,100,0.0,0.0,2.7183637278815766e+23,0.0,0.0,0,0,0,0,0.0,0,0,0,0,0,0,0,0,0,0,0,0,0,0,0,0,0,0,0,0,0,0,0,0,0,0,0,0,0,0,0,0,0,31,40,40,71,65476,0,300,0,0,8,21553,0.0,-107605600.0,0.0,0.0,0.0,0.0,0.0,0.0,0.0,0.0,0.0,0.0,0.0,0.0,0.0,0.0,0.0,0.0,0.0,0.0,0.0,0.0,-2.004,0.0,0.0,0.0,0.0,0.0,0.0,0.0,5380.0,8608194560.0,6922.0,-0.0,-0.0,2.004,2.004,0.0,0.0,0.0,0.0,69,0.059,4.066859324854333e+29,0.0,0.0,0.0,0.0,0.0,0.0,0.0,0,0,0,0.0,0.0,0.0,0.0,0.0,0.0,0.0,0.0,0.0,0.0,0.0,0.0,0.0,0.0,0.0,0.0,0,-107875648.0,69,0.0,138,0.0,2.012,ERR,ERR,ERR,ERR,ERR,ERR,ERR,ERR,ERR,ERR,ERR,ERR,ERR,ERR,ERR,ERR,ERR,ERR,ERR,ERR,ERR,ERR,ERR,ERR,ERR,ERR,ERR,ERR,ERR,ERR,ERR,ERR,ERR,ERR,ERR,ERR,ERR,ERR,ERR,ERR,ERR,ERR,ERR,ERR,ERR,ERR,ERR,ERR,ERR,ERR,ERR,ERR,ERR,ERR,ERR,ERR,ERR,ERR,ERR,ERR,ERR,ERR,ERR,ERR,ERR,ERR,ERR,60.0,60.0,35,0.0,0.0,0.0,0.0,0.0,0.0,0.0,0.0,0.0,0.0,0.0,0.0,0.0,0.0,0.0,0.0,65.2,0,124,60,45,65476,0,300,0,0,8,20529,65476,0,0,2621,60.0,0.0,0.0,0.0,0.0,0.0
2026-07-09T15:23:47,ERR,ERR,ERR,ERR,ERR,ERR,ERR,ERR,ERR,ERR,ERR,ERR,ERR,ERR,ERR,ERR,ERR,ERR,ERR,ERR,ERR,ERR,ERR,ERR,ERR,ERR,ERR,ERR,ERR,ERR,ERR,ERR,ERR,ERR,ERR,ERR,ERR,ERR,ERR,ERR,ERR,ERR,ERR,ERR,ERR,ERR,ERR,ERR,ERR,ERR,ERR,ERR,ERR,ERR,ERR,ERR,ERR,ERR,ERR,ERR,ERR,ERR,ERR,ERR,ERR,ERR,ERR,ERR,ERR,ERR,ERR,ERR,ERR,ERR,ERR,ERR,ERR,ERR,ERR,ERR,ERR,ERR,ERR,ERR,ERR,ERR,ERR,ERR,ERR,ERR,ERR,ERR,ERR,ERR,ERR,ERR,ERR,ERR,ERR,ERR,ERR,ERR,ERR,ERR,ERR,ERR,ERR,ERR,ERR,ERR,ERR,ERR,ERR,ERR,ERR,ERR,ERR,ERR,ERR,ERR,ERR,ERR,ERR,ERR,ERR,-0.0,-0.0,-0.0,2.7183637278815766e+23,0.023,0.0,2.7295890561932824e+35,0.004,0,0,4,17433,7116,0.0,100,0.0,0.0,2.7183637278815766e+23,0.0,0.0,0,0,0,0,0.0,0,0,0,0,0,0,0,0,0,0,0,0,0,0,0,0,0,0,0,0,0,0,0,0,0,0,0,0,0,0,0,0,0,31,40,40,71,65476,0,300,0,0,8,21553,0.0,-107605600.0,0.0,0.0,0.0,0.0,0.0,0.0,0.0,0.0,0.0,0.0,0.0,0.0,0.0,0.0,0.0,0.0,0.0,0.0,0.0,0.0,-2.004,0.0,0.0,0.0,0.0,0.0,0.0,0.0,5380.0,8608194560.0,6922.0,-0.0,-0.0,2.004,2.004,0.0,0.0,0.0,0.0,69,0.059,4.066859324854333e+29,0.0,0.0,0.0,0.0,0.0,0.0,0.0,0,0,0,0.0,0.0,0.0,0.0,0.0,0.0,0.0,0.0,0.0,0.0,0.0,0.0,0.0,0.0,0.0,0.0,0,-107875648.0,69,0.0,138,0.0,2.012,ERR,ERR,ERR,ERR,ERR,ERR,ERR,ERR,ERR,ERR,ERR,ERR,ERR,ERR,ERR,ERR,ERR,ERR,ERR,ERR,ERR,ERR,ERR,ERR,ERR,ERR,ERR,ERR,ERR,ERR,ERR,ERR,ERR,ERR,ERR,ERR,ERR,ERR,ERR,ERR,ERR,ERR,ERR,ERR,ERR,ERR,ERR,ERR,ERR,ERR,ERR,ERR,ERR,ERR,ERR,ERR,ERR,ERR,ERR,ERR,ERR,ERR,ERR,ERR,ERR,ERR,ERR,60.0,60.0,35,0.0,0.0,0.0,0.0,0.0,0.0,0.0,0.0,0.0,0.0,0.0,0.0,0.0,0.0,0.0,0.0,65.2,0,124,60,45,65476,0,300,0,0,8,20529,65476,0,0,2621,60.0,0.0,0.0,0.0,0.0,0.0
2026-07-09T15:23:48,ERR,ERR,ERR,ERR,ERR,ERR,ERR,ERR,ERR,ERR,ERR,ERR,ERR,ERR,ERR,ERR,ERR,ERR,ERR,ERR,ERR,ERR,ERR,ERR,ERR,ERR,ERR,ERR,ERR,ERR,ERR,ERR,ERR,ERR,ERR,ERR,ERR,ERR,ERR,ERR,ERR,ERR,ERR,ERR,ERR,ERR,ERR,ERR,ERR,ERR,ERR,ERR,ERR,ERR,ERR,ERR,ERR,ERR,ERR,ERR,ERR,ERR,ERR,ERR,ERR,ERR,ERR,ERR,ERR,ERR,ERR,ERR,ERR,ERR,ERR,ERR,ERR,ERR,ERR,ERR,ERR,ERR,ERR,ERR,ERR,ERR,ERR,ERR,ERR,ERR,ERR,ERR,ERR,ERR,ERR,ERR,ERR,ERR,ERR,ERR,ERR,ERR,ERR,ERR,ERR,ERR,ERR,ERR,ERR,ERR,ERR,ERR,ERR,ERR,ERR,ERR,ERR,ERR,ERR,ERR,ERR,ERR,ERR,ERR,ERR,-0.0,-0.0,-0.0,2.7183637278815766e+23,0.023,0.0,2.7295890561932824e+35,0.004,0,0,4,17433,7116,0.0,100,0.0,0.0,2.7183637278815766e+23,0.0,0.0,0,0,0,0,0.0,0,0,0,0,0,0,0,0,0,0,0,0,0,0,0,0,0,0,0,0,0,0,0,0,0,0,0,0,0,0,0,0,0,31,40,40,71,65476,0,300,0,0,8,21553,0.0,-107605600.0,0.0,0.0,0.0,0.0,0.0,0.0,0.0,0.0,0.0,0.0,0.0,0.0,0.0,0.0,0.0,0.0,0.0,0.0,0.0,0.0,-2.004,0.0,0.0,0.0,0.0,0.0,0.0,0.0,5380.0,8608194560.0,6922.0,-0.0,-0.0,2.004,2.004,0.0,0.0,0.0,0.0,69,0.059,4.066859324854333e+29,0.0,0.0,0.0,0.0,0.0,0.0,0.0,0,0,0,0.0,0.0,0.0,0.0,0.0,0.0,0.0,0.0,0.0,0.0,0.0,0.0,0.0,0.0,0.0,0.0,0,-107875648.0,69,0.0,138,0.0,2.012,ERR,ERR,ERR,ERR,ERR,ERR,ERR,ERR,ERR,ERR,ERR,ERR,ERR,ERR,ERR,ERR,ERR,ERR,ERR,ERR,ERR,ERR,ERR,ERR,ERR,ERR,ERR,ERR,ERR,ERR,ERR,ERR,ERR,ERR,ERR,ERR,ERR,ERR,ERR,ERR,ERR,ERR,ERR,ERR,ERR,ERR,ERR,ERR,ERR,ERR,ERR,ERR,ERR,ERR,ERR,ERR,ERR,ERR,ERR,ERR,ERR,ERR,ERR,ERR,ERR,ERR,ERR,60.0,60.0,35,0.0,0.0,0.0,0.0,0.0,0.0,0.0,0.0,0.0,0.0,0.0,0.0,0.0,0.0,0.0,0.0,65.6,0,124,60,45,65476,0,300,0,0,8,20529,65476,0,0,2621,60.0,0.0,0.0,0.0,0.0,0.0
2026-07-09T15:23:49,ERR,ERR,ERR,ERR,ERR,ERR,ERR,ERR,ERR,ERR,ERR,ERR,ERR,ERR,ERR,ERR,ERR,ERR,ERR,ERR,ERR,ERR,ERR,ERR,ERR,ERR,ERR,ERR,ERR,ERR,ERR,ERR,ERR,ERR,ERR,ERR,ERR,ERR,ERR,ERR,ERR,ERR,ERR,ERR,ERR,ERR,ERR,ERR,ERR,ERR,ERR,ERR,ERR,ERR,ERR,ERR,ERR,ERR,ERR,ERR,ERR,ERR,ERR,ERR,ERR,ERR,ERR,ERR,ERR,ERR,ERR,ERR,ERR,ERR,ERR,ERR,ERR,ERR,ERR,ERR,ERR,ERR,ERR,ERR,ERR,ERR,ERR,ERR,ERR,ERR,ERR,ERR,ERR,ERR,ERR,ERR,ERR,ERR,ERR,ERR,ERR,ERR,ERR,ERR,ERR,ERR,ERR,ERR,ERR,ERR,ERR,ERR,ERR,ERR,ERR,ERR,ERR,ERR,ERR,ERR,ERR,ERR,ERR,ERR,ERR,-0.0,-107616176.0,0.0,0.0,1.2929065751650553e+20,-3364.11,2.4069682908100706e+25,nan,0,0,4,17433,7116,0.0,100,0.0,0.0,0.0,0.0,0.0,0,0,0,0,0.0,0,0,0,0,0,0,0,0,0,0,0,0,0,0,0,0,0,0,0,0,0,0,0,0,0,0,0,0,0,0,0,0,0,31,40,40,71,65476,0,300,0,0,8,21553,0.0,-107605600.0,0.0,0.0,0.0,0.0,0.0,0.0,0.0,0.0,0.0,0.0,0.0,0.0,0.0,0.0,0.0,0.0,0.0,0.0,0.0,0.0,-2.004,2.004,0.0,0.0,0.0,0.0,0.0,0.0,5388.0,1.0406668663850192e+34,6927.0,-0.0,-107616176.0,2.004,2.004,0.0,0.0,0.0,0.0,69,-0.0,-0.0,0.0,0.0,0.0,0.0,0.0,0.0,0.0,0,0,0,0.0,0.0,0.0,0.0,0.0,0.0,0.0,0.0,0.0,0.0,0.0,0.0,0.0,0.0,0.0,0.0,0,-107875648.0,69,0.0,138,0.0,2.012,ERR,ERR,ERR,ERR,ERR,ERR,ERR,ERR,ERR,ERR,ERR,ERR,ERR,ERR,ERR,ERR,ERR,ERR,ERR,ERR,ERR,ERR,ERR,ERR,ERR,ERR,ERR,ERR,ERR,ERR,ERR,ERR,ERR,ERR,ERR,ERR,ERR,ERR,ERR,ERR,ERR,ERR,ERR,ERR,ERR,ERR,ERR,ERR,ERR,ERR,ERR,ERR,ERR,ERR,ERR,ERR,ERR,ERR,ERR,ERR,ERR,ERR,ERR,ERR,ERR,ERR,ERR,60.0,60.0,35,0.0,0.0,0.0,0.0,0.0,0.0,0.0,0.0,0.0,0.0,0.0,0.0,0.0,0.0,0.0,0.0,65.6,0,124,60,45,65476,0,300,0,0,8,20529,65476,0,0,2621,60.0,0.0,0.0,0.0,0.0,0.0
2026-07-09T15:23:50,ERR,ERR,ERR,ERR,ERR,ERR,ERR,ERR,ERR,ERR,ERR,ERR,ERR,ERR,ERR,ERR,ERR,ERR,ERR,ERR,ERR,ERR,ERR,ERR,ERR,ERR,ERR,ERR,ERR,ERR,ERR,ERR,ERR,ERR,ERR,ERR,ERR,ERR,ERR,ERR,ERR,ERR,ERR,ERR,ERR,ERR,ERR,ERR,ERR,ERR,ERR,ERR,ERR,ERR,ERR,ERR,ERR,ERR,ERR,ERR,ERR,ERR,ERR,ERR,ERR,ERR,ERR,ERR,ERR,ERR,ERR,ERR,ERR,ERR,ERR,ERR,ERR,ERR,ERR,ERR,ERR,ERR,ERR,ERR,ERR,ERR,ERR,ERR,ERR,ERR,ERR,ERR,ERR,ERR,ERR,ERR,ERR,ERR,ERR,ERR,ERR,ERR,ERR,ERR,ERR,ERR,ERR,ERR,ERR,ERR,ERR,ERR,ERR,ERR,ERR,ERR,ERR,ERR,ERR,ERR,ERR,ERR,ERR,ERR,ERR,-0.0,-107616176.0,0.0,0.0,1.2929065751650553e+20,-3364.11,2.4069682908100706e+25,nan,0,0,4,17433,7116,0.0,100,0.0,0.0,0.0,0.0,0.0,0,0,0,0,0.0,0,0,0,0,0,0,0,0,0,0,0,0,0,0,0,0,0,0,0,0,0,0,0,0,0,0,0,0,0,0,0,0,0,31,40,40,71,65476,0,300,0,0,8,21553,0.0,-107605600.0,0.0,0.0,0.0,0.0,0.0,0.0,0.0,0.0,0.0,0.0,0.0,0.0,0.0,0.0,0.0,0.0,0.0,0.0,0.0,0.0,-2.004,2.004,0.0,0.0,0.0,0.0,0.0,0.0,5388.0,1.0406668663850192e+34,6927.0,-0.0,-107616176.0,2.004,2.004,0.0,0.0,0.0,0.0,69,-0.0,-0.0,0.0,0.0,0.0,0.0,0.0,0.0,0.0,0,0,0,0.0,0.0,0.0,0.0,0.0,0.0,0.0,0.0,0.0,0.0,0.0,0.0,0.0,0.0,0.0,0.0,0,-107875648.0,69,0.0,138,0.0,2.012,ERR,ERR,ERR,ERR,ERR,ERR,ERR,ERR,ERR,ERR,ERR,ERR,ERR,ERR,ERR,ERR,ERR,ERR,ERR,ERR,ERR,ERR,ERR,ERR,ERR,ERR,ERR,ERR,ERR,ERR,ERR,ERR,ERR,ERR,ERR,ERR,ERR,ERR,ERR,ERR,ERR,ERR,ERR,ERR,ERR,ERR,ERR,ERR,ERR,ERR,ERR,ERR,ERR,ERR,ERR,ERR,ERR,ERR,ERR,ERR,ERR,ERR,ERR,ERR,ERR,ERR,ERR,60.0,60.0,35,0.0,0.0,0.0,0.0,0.0,0.0,0.0,0.0,0.0,0.0,0.0,0.0,0.0,0.0,0.0,0.0,65.2,0,124,60,45,65476,0,300,0,0,8,20529,65476,0,0,2621,60.0,0.0,0.0,0.0,0.0,0.0
2026-07-09T15:23:51,ERR,ERR,ERR,ERR,ERR,ERR,ERR,ERR,ERR,ERR,ERR,ERR,ERR,ERR,ERR,ERR,ERR,ERR,ERR,ERR,ERR,ERR,ERR,ERR,ERR,ERR,ERR,ERR,ERR,ERR,ERR,ERR,ERR,ERR,ERR,ERR,ERR,ERR,ERR,ERR,ERR,ERR,ERR,ERR,ERR,ERR,ERR,ERR,ERR,ERR,ERR,ERR,ERR,ERR,ERR,ERR,ERR,ERR,ERR,ERR,ERR,ERR,ERR,ERR,ERR,ERR,ERR,ERR,ERR,ERR,ERR,ERR,ERR,ERR,ERR,ERR,ERR,ERR,ERR,ERR,ERR,ERR,ERR,ERR,ERR,ERR,ERR,ERR,ERR,ERR,ERR,ERR,ERR,ERR,ERR,ERR,ERR,ERR,ERR,ERR,ERR,ERR,ERR,ERR,ERR,ERR,ERR,ERR,ERR,ERR,ERR,ERR,ERR,ERR,ERR,ERR,ERR,ERR,ERR,ERR,ERR,ERR,ERR,ERR,ERR,-0.0,-107616176.0,0.0,0.0,1.2929065751650553e+20,-3364.11,2.4069682908100706e+25,nan,0,0,4,17433,7116,0.0,100,0.0,0.0,0.0,0.0,0.0,0,0,0,0,0.0,0,0,0,0,0,0,0,0,0,0,0,0,0,0,0,0,0,0,0,0,0,0,0,0,0,0,0,0,0,0,0,0,0,31,40,40,71,65476,0,300,0,0,8,21553,0.0,-107605600.0,0.0,0.0,0.0,0.0,0.0,0.0,0.0,0.0,0.0,0.0,0.0,0.0,0.0,0.0,0.0,0.0,0.0,0.0,0.0,0.0,-2.004,2.004,0.0,0.0,0.0,0.0,0.0,0.0,5388.0,1.0406668663850192e+34,6927.0,-0.0,-107616176.0,2.004,2.004,0.0,0.0,0.0,0.0,69,-0.0,-0.0,0.0,0.0,0.0,0.0,0.0,0.0,0.0,0,0,0,0.0,0.0,0.0,0.0,0.0,0.0,0.0,0.0,0.0,0.0,0.0,0.0,0.0,0.0,0.0,0.0,0,-107875648.0,69,0.0,138,0.0,2.012,ERR,ERR,ERR,ERR,ERR,ERR,ERR,ERR,ERR,ERR,ERR,ERR,ERR,ERR,ERR,ERR,ERR,ERR,ERR,ERR,ERR,ERR,ERR,ERR,ERR,ERR,ERR,ERR,ERR,ERR,ERR,ERR,ERR,ERR,ERR,ERR,ERR,ERR,ERR,ERR,ERR,ERR,ERR,ERR,ERR,ERR,ERR,ERR,ERR,ERR,ERR,ERR,ERR,ERR,ERR,ERR,ERR,ERR,ERR,ERR,ERR,ERR,ERR,ERR,ERR,ERR,ERR,60.0,60.0,35,0.0,0.0,0.0,0.0,0.0,0.0,0.0,0.0,0.0,0.0,0.0,0.0,0.0,0.0,0.0,0.0,65.2,0,124,60,45,65476,0,300,0,0,8,20529,65476,0,0,2621,60.0,0.0,0.0,0.0,0.0,0.0
2026-07-09T15:23:52,ERR,ERR,ERR,ERR,ERR,ERR,ERR,ERR,ERR,ERR,ERR,ERR,ERR,ERR,ERR,ERR,ERR,ERR,ERR,ERR,ERR,ERR,ERR,ERR,ERR,ERR,ERR,ERR,ERR,ERR,ERR,ERR,ERR,ERR,ERR,ERR,ERR,ERR,ERR,ERR,ERR,ERR,ERR,ERR,ERR,ERR,ERR,ERR,ERR,ERR,ERR,ERR,ERR,ERR,ERR,ERR,ERR,ERR,ERR,ERR,ERR,ERR,ERR,ERR,ERR,ERR,ERR,ERR,ERR,ERR,ERR,ERR,ERR,ERR,ERR,ERR,ERR,ERR,ERR,ERR,ERR,ERR,ERR,ERR,ERR,ERR,ERR,ERR,ERR,ERR,ERR,ERR,ERR,ERR,ERR,ERR,ERR,ERR,ERR,ERR,ERR,ERR,ERR,ERR,ERR,ERR,ERR,ERR,ERR,ERR,ERR,ERR,ERR,ERR,ERR,ERR,ERR,ERR,ERR,ERR,ERR,ERR,ERR,ERR,ERR,-0.0,-107616176.0,0.0,0.0,1.2929065751650553e+20,-3364.11,2.4069682908100706e+25,nan,0,0,4,17433,7116,0.0,100,0.0,0.0,0.0,0.0,0.0,0,0,0,0,0.0,0,0,0,0,0,0,0,0,0,0,0,0,0,0,0,0,0,0,0,0,0,0,0,0,0,0,0,0,0,0,0,0,0,31,40,40,71,65476,0,300,0,0,8,21553,0.0,-107605600.0,0.0,0.0,0.0,0.0,0.0,0.0,0.0,0.0,0.0,0.0,0.0,0.0,0.0,0.0,0.0,0.0,0.0,0.0,0.0,0.0,-2.004,2.004,0.0,0.0,0.0,0.0,0.0,0.0,5388.0,1.0406668663850192e+34,6927.0,-0.0,-107616176.0,2.004,2.004,0.0,0.0,0.0,0.0,69,-0.0,-0.0,0.0,0.0,0.0,0.0,0.0,0.0,0.0,0,0,0,0.0,0.0,0.0,0.0,0.0,0.0,0.0,0.0,0.0,0.0,0.0,0.0,0.0,0.0,0.0,0.0,0,-107875648.0,69,0.0,138,0.0,2.012,ERR,ERR,ERR,ERR,ERR,ERR,ERR,ERR,ERR,ERR,ERR,ERR,ERR,ERR,ERR,ERR,ERR,ERR,ERR,ERR,ERR,ERR,ERR,ERR,ERR,ERR,ERR,ERR,ERR,ERR,ERR,ERR,ERR,ERR,ERR,ERR,ERR,ERR,ERR,ERR,ERR,ERR,ERR,ERR,ERR,ERR,ERR,ERR,ERR,ERR,ERR,ERR,ERR,ERR,ERR,ERR,ERR,ERR,ERR,ERR,ERR,ERR,ERR,ERR,ERR,ERR,ERR,60.0,60.0,35,0.0,0.0,0.0,0.0,0.0,0.0,0.0,0.0,0.0,0.0,0.0,0.0,0.0,0.0,0.0,0.0,65.2,0,124,60,46,65476,0,300,0,0,8,20529,65476,0,0,2621,60.0,0.0,0.0,0.0,0.0,0.0
2026-07-09T15:23:53,ERR,ERR,ERR,ERR,ERR,ERR,ERR,ERR,ERR,ERR,ERR,ERR,ERR,ERR,ERR,ERR,ERR,ERR,ERR,ERR,ERR,ERR,ERR,ERR,ERR,ERR,ERR,ERR,ERR,ERR,ERR,ERR,ERR,ERR,ERR,ERR,ERR,ERR,ERR,ERR,ERR,ERR,ERR,ERR,ERR,ERR,ERR,ERR,ERR,ERR,ERR,ERR,ERR,ERR,ERR,ERR,ERR,ERR,ERR,ERR,ERR,ERR,ERR,ERR,ERR,ERR,ERR,ERR,ERR,ERR,ERR,ERR,ERR,ERR,ERR,ERR,ERR,ERR,ERR,ERR,ERR,ERR,ERR,ERR,ERR,ERR,ERR,ERR,ERR,ERR,ERR,ERR,ERR,ERR,ERR,ERR,ERR,ERR,ERR,ERR,ERR,ERR,ERR,ERR,ERR,ERR,ERR,ERR,ERR,ERR,ERR,ERR,ERR,ERR,ERR,ERR,ERR,ERR,ERR,ERR,ERR,ERR,ERR,ERR,ERR,-0.0,-107616176.0,0.0,0.0,1.2929065751650553e+20,-3364.11,2.4069682908100706e+25,nan,0,0,4,17433,7116,0.0,100,0.0,0.0,0.0,0.0,0.0,0,0,0,0,0.0,0,0,0,0,0,0,0,0,0,0,0,0,0,0,0,0,0,0,0,0,0,0,0,0,0,0,0,0,0,0,0,0,0,31,40,40,71,65476,0,300,0,0,8,21553,0.0,-107605600.0,0.0,0.0,0.0,0.0,0.0,0.0,0.0,0.0,0.0,0.0,0.0,0.0,0.0,0.0,0.0,0.0,0.0,0.0,0.0,0.0,-2.004,2.004,0.0,0.0,0.0,0.0,0.0,0.0,5388.0,1.0406668663850192e+34,6927.0,-0.0,-107616176.0,2.004,2.004,0.0,0.0,0.0,0.0,69,-0.0,-0.0,0.0,0.0,0.0,0.0,0.0,0.0,0.0,0,0,0,0.0,0.0,0.0,0.0,0.0,0.0,0.0,0.0,0.0,0.0,0.0,0.0,0.0,0.0,0.0,0.0,0,-107875648.0,69,0.0,138,0.0,2.012,ERR,ERR,ERR,ERR,ERR,ERR,ERR,ERR,ERR,ERR,ERR,ERR,ERR,ERR,ERR,ERR,ERR,ERR,ERR,ERR,ERR,ERR,ERR,ERR,ERR,ERR,ERR,ERR,ERR,ERR,ERR,ERR,ERR,ERR,ERR,ERR,ERR,ERR,ERR,ERR,ERR,ERR,ERR,ERR,ERR,ERR,ERR,ERR,ERR,ERR,ERR,ERR,ERR,ERR,ERR,ERR,ERR,ERR,ERR,ERR,ERR,ERR,ERR,ERR,ERR,ERR,ERR,60.0,60.0,35,0.0,0.0,0.0,0.0,0.0,0.0,0.0,0.0,0.0,0.0,0.0,0.0,0.0,0.0,0.0,0.0,65.2,0,124,60,46,65476,0,300,0,0,8,20529,65476,0,0,2621,60.0,0.0,0.0,0.0,0.0,0.0
2026-07-09T15:23:54,ERR,ERR,ERR,ERR,ERR,ERR,ERR,ERR,ERR,ERR,ERR,ERR,ERR,ERR,ERR,ERR,ERR,ERR,ERR,ERR,ERR,ERR,ERR,ERR,ERR,ERR,ERR,ERR,ERR,ERR,ERR,ERR,ERR,ERR,ERR,ERR,ERR,ERR,ERR,ERR,ERR,ERR,ERR,ERR,ERR,ERR,ERR,ERR,ERR,ERR,ERR,ERR,ERR,ERR,ERR,ERR,ERR,ERR,ERR,ERR,ERR,ERR,ERR,ERR,ERR,ERR,ERR,ERR,ERR,ERR,ERR,ERR,ERR,ERR,ERR,ERR,ERR,ERR,ERR,ERR,ERR,ERR,ERR,ERR,ERR,ERR,ERR,ERR,ERR,ERR,ERR,ERR,ERR,ERR,ERR,ERR,ERR,ERR,ERR,ERR,ERR,ERR,ERR,ERR,ERR,ERR,ERR,ERR,ERR,ERR,ERR,ERR,ERR,ERR,ERR,ERR,ERR,ERR,ERR,ERR,ERR,ERR,ERR,ERR,ERR,-0.0,-107616176.0,0.0,-0.0,-2221073760256.0,19139315892224.0,0.0,-0.0,0,0,4,17436,7116,0.0,100,0.0,0.0,-0.0,0.0,0.0,0,0,0,0,0.0,0,0,0,0,0,0,0,0,0,0,0,0,0,0,0,0,0,0,0,0,0,0,0,0,0,0,0,0,0,0,0,0,0,31,40,40,71,65476,0,300,0,0,8,21553,0.0,-107605600.0,0.0,0.0,0.0,0.0,0.0,0.0,0.0,0.0,0.0,0.0,0.0,0.0,0.0,0.0,0.0,0.0,0.0,0.0,0.0,0.0,0.0,2.004,0.0,0.0,0.0,0.0,0.0,0.0,5391.0,-0.0,6932.0,0.0,-107616176.0,2.004,2.004,0.0,0.0,0.0,0.0,69,-0.0,-152017532092416.0,0.0,0.0,0.0,0.0,0.0,0.0,0.0,0,0,0,0.0,0.0,0.0,0.0,0.0,0.0,0.0,0.0,0.0,0.0,0.0,0.0,0.0,0.0,0.0,0.0,0,-107875648.0,69,0.0,138,0.0,2.012,ERR,ERR,ERR,ERR,ERR,ERR,ERR,ERR,ERR,ERR,ERR,ERR,ERR,ERR,ERR,ERR,ERR,ERR,ERR,ERR,ERR,ERR,ERR,ERR,ERR,ERR,ERR,ERR,ERR,ERR,ERR,ERR,ERR,ERR,ERR,ERR,ERR,ERR,ERR,ERR,ERR,ERR,ERR,ERR,ERR,ERR,ERR,ERR,ERR,ERR,ERR,ERR,ERR,ERR,ERR,ERR,ERR,ERR,ERR,ERR,ERR,ERR,ERR,ERR,ERR,ERR,ERR,60.0,60.0,35,0.0,0.0,0.0,0.0,0.0,0.0,0.0,0.0,0.0,0.0,0.0,0.0,0.0,0.0,0.0,0.0,65.2,0,124,60,46,65476,0,300,0,0,8,20529,65476,0,0,2621,60.0,0.0,0.0,0.0,0.0,0.0
2026-07-09T15:23:55,ERR,ERR,ERR,ERR,ERR,ERR,ERR,ERR,ERR,ERR,ERR,ERR,ERR,ERR,ERR,ERR,ERR,ERR,ERR,ERR,ERR,ERR,ERR,ERR,ERR,ERR,ERR,ERR,ERR,ERR,ERR,ERR,ERR,ERR,ERR,ERR,ERR,ERR,ERR,ERR,ERR,ERR,ERR,ERR,ERR,ERR,ERR,ERR,ERR,ERR,ERR,ERR,ERR,ERR,ERR,ERR,ERR,ERR,ERR,ERR,ERR,ERR,ERR,ERR,ERR,ERR,ERR,ERR,ERR,ERR,ERR,ERR,ERR,ERR,ERR,ERR,ERR,ERR,ERR,ERR,ERR,ERR,ERR,ERR,ERR,ERR,ERR,ERR,ERR,ERR,ERR,ERR,ERR,ERR,ERR,ERR,ERR,ERR,ERR,ERR,ERR,ERR,ERR,ERR,ERR,ERR,ERR,ERR,ERR,ERR,ERR,ERR,ERR,ERR,ERR,ERR,ERR,ERR,ERR,ERR,ERR,ERR,ERR,ERR,ERR,-0.0,-107616176.0,0.0,-0.0,-2221073760256.0,19139315892224.0,0.0,-0.0,0,0,4,17436,7116,0.0,100,0.0,0.0,-0.0,0.0,0.0,0,0,0,0,0.0,0,0,0,0,0,0,0,0,0,0,0,0,0,0,0,0,0,0,0,0,0,0,0,0,0,0,0,0,0,0,0,0,0,31,40,40,71,65476,0,300,0,0,8,21553,0.0,-107605600.0,0.0,0.0,0.0,0.0,0.0,0.0,0.0,0.0,0.0,0.0,0.0,0.0,0.0,0.0,0.0,0.0,0.0,0.0,0.0,0.0,0.0,2.004,0.0,0.0,0.0,0.0,0.0,0.0,5391.0,-0.0,6932.0,0.0,-107616176.0,2.004,2.004,0.0,0.0,0.0,0.0,69,-0.0,-152017532092416.0,0.0,0.0,0.0,0.0,0.0,0.0,0.0,0,0,0,0.0,0.0,0.0,0.0,0.0,0.0,0.0,0.0,0.0,0.0,0.0,0.0,0.0,0.0,0.0,0.0,0,-107875648.0,69,0.0,138,0.0,2.012,ERR,ERR,ERR,ERR,ERR,ERR,ERR,ERR,ERR,ERR,ERR,ERR,ERR,ERR,ERR,ERR,ERR,ERR,ERR,ERR,ERR,ERR,ERR,ERR,ERR,ERR,ERR,ERR,ERR,ERR,ERR,ERR,ERR,ERR,ERR,ERR,ERR,ERR,ERR,ERR,ERR,ERR,ERR,ERR,ERR,ERR,ERR,ERR,ERR,ERR,ERR,ERR,ERR,ERR,ERR,ERR,ERR,ERR,ERR,ERR,ERR,ERR,ERR,ERR,ERR,ERR,ERR,60.0,60.0,35,0.0,0.0,0.0,0.0,0.0,0.0,0.0,0.0,0.0,0.0,0.0,0.0,0.0,0.0,0.0,0.0,65.2,0,124,60,46,65476,0,300,0,0,8,20529,65476,0,0,2621,60.0,0.0,0.0,0.0,0.0,0.0
2026-07-09T15:23:56,ERR,ERR,ERR,ERR,ERR,ERR,ERR,ERR,ERR,ERR,ERR,ERR,ERR,ERR,ERR,ERR,ERR,ERR,ERR,ERR,ERR,ERR,ERR,ERR,ERR,ERR,ERR,ERR,ERR,ERR,ERR,ERR,ERR,ERR,ERR,ERR,ERR,ERR,ERR,ERR,ERR,ERR,ERR,ERR,ERR,ERR,ERR,ERR,ERR,ERR,ERR,ERR,ERR,ERR,ERR,ERR,ERR,ERR,ERR,ERR,ERR,ERR,ERR,ERR,ERR,ERR,ERR,ERR,ERR,ERR,ERR,ERR,ERR,ERR,ERR,ERR,ERR,ERR,ERR,ERR,ERR,ERR,ERR,ERR,ERR,ERR,ERR,ERR,ERR,ERR,ERR,ERR,ERR,ERR,ERR,ERR,ERR,ERR,ERR,ERR,ERR,ERR,ERR,ERR,ERR,ERR,ERR,ERR,ERR,ERR,ERR,ERR,ERR,ERR,ERR,ERR,ERR,ERR,ERR,ERR,ERR,ERR,ERR,ERR,ERR,-0.0,-107616176.0,0.0,-0.0,-2221073760256.0,19139315892224.0,0.0,-0.0,0,0,4,17436,7116,0.0,100,0.0,0.0,-0.0,0.0,0.0,0,0,0,0,0.0,0,0,0,0,0,0,0,0,0,0,0,0,0,0,0,0,0,0,0,0,0,0,0,0,0,0,0,0,0,0,0,0,0,31,40,40,71,65476,0,300,0,0,8,21553,0.0,-107605600.0,0.0,0.0,0.0,0.0,0.0,0.0,0.0,0.0,0.0,0.0,0.0,0.0,0.0,0.0,0.0,0.0,0.0,0.0,0.0,0.0,0.0,2.004,0.0,0.0,0.0,0.0,0.0,0.0,5391.0,-0.0,6932.0,0.0,-107616176.0,2.004,2.004,0.0,0.0,0.0,0.0,69,-0.0,-152017532092416.0,0.0,0.0,0.0,0.0,0.0,0.0,0.0,0,0,0,0.0,0.0,0.0,0.0,0.0,0.0,0.0,0.0,0.0,0.0,0.0,0.0,0.0,0.0,0.0,0.0,0,-107875648.0,69,0.0,138,0.0,2.012,ERR,ERR,ERR,ERR,ERR,ERR,ERR,ERR,ERR,ERR,ERR,ERR,ERR,ERR,ERR,ERR,ERR,ERR,ERR,ERR,ERR,ERR,ERR,ERR,ERR,ERR,ERR,ERR,ERR,ERR,ERR,ERR,ERR,ERR,ERR,ERR,ERR,ERR,ERR,ERR,ERR,ERR,ERR,ERR,ERR,ERR,ERR,ERR,ERR,ERR,ERR,ERR,ERR,ERR,ERR,ERR,ERR,ERR,ERR,ERR,ERR,ERR,ERR,ERR,ERR,ERR,ERR,60.0,60.0,35,0.0,0.0,0.0,0.0,0.0,0.0,0.0,0.0,0.0,0.0,0.0,0.0,0.0,0.0,0.0,0.0,65.2,0,124,60,46,65476,0,300,0,0,8,20529,65476,0,0,2621,60.0,0.0,0.0,0.0,0.0,0.0
2026-07-09T15:23:57,ERR,ERR,ERR,ERR,ERR,ERR,ERR,ERR,ERR,ERR,ERR,ERR,ERR,ERR,ERR,ERR,ERR,ERR,ERR,ERR,ERR,ERR,ERR,ERR,ERR,ERR,ERR,ERR,ERR,ERR,ERR,ERR,ERR,ERR,ERR,ERR,ERR,ERR,ERR,ERR,ERR,ERR,ERR,ERR,ERR,ERR,ERR,ERR,ERR,ERR,ERR,ERR,ERR,ERR,ERR,ERR,ERR,ERR,ERR,ERR,ERR,ERR,ERR,ERR,ERR,ERR,ERR,ERR,ERR,ERR,ERR,ERR,ERR,ERR,ERR,ERR,ERR,ERR,ERR,ERR,ERR,ERR,ERR,ERR,ERR,ERR,ERR,ERR,ERR,ERR,ERR,ERR,ERR,ERR,ERR,ERR,ERR,ERR,ERR,ERR,ERR,ERR,ERR,ERR,ERR,ERR,ERR,ERR,ERR,ERR,ERR,ERR,ERR,ERR,ERR,ERR,ERR,ERR,ERR,ERR,ERR,ERR,ERR,ERR,ERR,-0.0,-107616176.0,0.0,-0.0,-2221073760256.0,19139315892224.0,0.0,-0.0,0,0,4,17436,7116,0.0,100,0.0,0.0,-0.0,0.0,0.0,0,0,0,0,0.0,0,0,0,0,0,0,0,0,0,0,0,0,0,0,0,0,0,0,0,0,0,0,0,0,0,0,0,0,0,0,0,0,0,31,40,40,71,65476,0,300,0,0,8,21553,0.0,-107605600.0,0.0,0.0,0.0,0.0,0.0,0.0,0.0,0.0,0.0,0.0,0.0,0.0,0.0,0.0,0.0,0.0,0.0,0.0,0.0,0.0,0.0,2.004,0.0,0.0,0.0,0.0,0.0,0.0,5391.0,-0.0,6932.0,0.0,-107616176.0,2.004,2.004,0.0,0.0,0.0,0.0,69,-0.0,-152017532092416.0,0.0,0.0,0.0,0.0,0.0,0.0,0.0,0,0,0,0.0,0.0,0.0,0.0,0.0,0.0,0.0,0.0,0.0,0.0,0.0,0.0,0.0,0.0,0.0,0.0,0,-107875648.0,69,0.0,138,0.0,2.012,ERR,ERR,ERR,ERR,ERR,ERR,ERR,ERR,ERR,ERR,ERR,ERR,ERR,ERR,ERR,ERR,ERR,ERR,ERR,ERR,ERR,ERR,ERR,ERR,ERR,ERR,ERR,ERR,ERR,ERR,ERR,ERR,ERR,ERR,ERR,ERR,ERR,ERR,ERR,ERR,ERR,ERR,ERR,ERR,ERR,ERR,ERR,ERR,ERR,ERR,ERR,ERR,ERR,ERR,ERR,ERR,ERR,ERR,ERR,ERR,ERR,ERR,ERR,ERR,ERR,ERR,ERR,60.0,60.0,35,0.0,0.0,0.0,0.0,0.0,0.0,0.0,0.0,0.0,0.0,0.0,0.0,0.0,0.0,0.0,0.0,65.2,0,124,60,46,65476,0,300,0,0,8,20529,65476,0,0,2621,60.0,0.0,0.0,0.0,0.0,0.0
2026-07-09T15:23:58,ERR,ERR,ERR,ERR,ERR,ERR,ERR,ERR,ERR,ERR,ERR,ERR,ERR,ERR,ERR,ERR,ERR,ERR,ERR,ERR,ERR,ERR,ERR,ERR,ERR,ERR,ERR,ERR,ERR,ERR,ERR,ERR,ERR,ERR,ERR,ERR,ERR,ERR,ERR,ERR,ERR,ERR,ERR,ERR,ERR,ERR,ERR,ERR,ERR,ERR,ERR,ERR,ERR,ERR,ERR,ERR,ERR,ERR,ERR,ERR,ERR,ERR,ERR,ERR,ERR,ERR,ERR,ERR,ERR,ERR,ERR,ERR,ERR,ERR,ERR,ERR,ERR,ERR,ERR,ERR,ERR,ERR,ERR,ERR,ERR,ERR,ERR,ERR,ERR,ERR,ERR,ERR,ERR,ERR,ERR,ERR,ERR,ERR,ERR,ERR,ERR,ERR,ERR,ERR,ERR,ERR,ERR,ERR,ERR,ERR,ERR,ERR,ERR,ERR,ERR,ERR,ERR,ERR,ERR,ERR,ERR,ERR,ERR,ERR,ERR,-0.0,-107616176.0,0.0,-0.0,-2221073760256.0,19139315892224.0,0.0,-0.0,0,0,4,17436,7116,0.0,100,0.0,0.0,-0.0,0.0,0.0,0,0,0,0,0.0,0,0,0,0,0,0,0,0,0,0,0,0,0,0,0,0,0,0,0,0,0,0,0,0,0,0,0,0,0,0,0,0,0,31,40,40,71,65476,0,300,0,0,8,21553,0.0,-107605600.0,0.0,0.0,0.0,0.0,0.0,0.0,0.0,0.0,0.0,0.0,0.0,0.0,0.0,0.0,0.0,0.0,0.0,0.0,0.0,0.0,0.0,2.004,0.0,0.0,0.0,0.0,0.0,0.0,5391.0,-0.0,6932.0,0.0,-107616176.0,2.004,2.004,0.0,0.0,0.0,0.0,69,-0.0,-152017532092416.0,0.0,0.0,0.0,0.0,0.0,0.0,0.0,0,0,0,0.0,0.0,0.0,0.0,0.0,0.0,0.0,0.0,0.0,0.0,0.0,0.0,0.0,0.0,0.0,0.0,0,-107875648.0,69,0.0,138,0.0,2.012,ERR,ERR,ERR,ERR,ERR,ERR,ERR,ERR,ERR,ERR,ERR,ERR,ERR,ERR,ERR,ERR,ERR,ERR,ERR,ERR,ERR,ERR,ERR,ERR,ERR,ERR,ERR,ERR,ERR,ERR,ERR,ERR,ERR,ERR,ERR,ERR,ERR,ERR,ERR,ERR,ERR,ERR,ERR,ERR,ERR,ERR,ERR,ERR,ERR,ERR,ERR,ERR,ERR,ERR,ERR,ERR,ERR,ERR,ERR,ERR,ERR,ERR,ERR,ERR,ERR,ERR,ERR,60.0,60.0,35,0.0,0.0,0.0,0.0,0.0,0.0,0.0,0.0,0.0,0.0,0.0,0.0,0.0,0.0,0.0,0.0,65.6,0,124,60,46,65476,0,300,0,0,8,20529,65476,0,0,2621,60.0,0.0,0.0,0.0,0.0,0.0
2026-07-09T15:23:59,ERR,ERR,ERR,ERR,ERR,ERR,ERR,ERR,ERR,ERR,ERR,ERR,ERR,ERR,ERR,ERR,ERR,ERR,ERR,ERR,ERR,ERR,ERR,ERR,ERR,ERR,ERR,ERR,ERR,ERR,ERR,ERR,ERR,ERR,ERR,ERR,ERR,ERR,ERR,ERR,ERR,ERR,ERR,ERR,ERR,ERR,ERR,ERR,ERR,ERR,ERR,ERR,ERR,ERR,ERR,ERR,ERR,ERR,ERR,ERR,ERR,ERR,ERR,ERR,ERR,ERR,ERR,ERR,ERR,ERR,ERR,ERR,ERR,ERR,ERR,ERR,ERR,ERR,ERR,ERR,ERR,ERR,ERR,ERR,ERR,ERR,ERR,ERR,ERR,ERR,ERR,ERR,ERR,ERR,ERR,ERR,ERR,ERR,ERR,ERR,ERR,ERR,ERR,ERR,ERR,ERR,ERR,ERR,ERR,ERR,ERR,ERR,ERR,ERR,ERR,ERR,ERR,ERR,ERR,ERR,ERR,ERR,ERR,ERR,ERR,0.0,-107616176.0,-0.0,2.7183637278815766e+23,0.023,0.0,-212105728.0,-1.605173694656536e+32,0,0,4,17433,7116,0.0,100,0.0,0.0,2.7183637278815766e+23,0.0,0.0,0,0,0,0,0.0,0,0,0,0,0,0,0,0,0,0,0,0,0,0,0,0,0,0,0,0,0,0,0,0,0,0,0,0,0,0,0,0,0,31,40,40,71,65476,0,300,0,0,8,21553,0.0,-107605600.0,0.0,0.0,0.0,0.0,0.0,0.0,0.0,0.0,0.0,0.0,0.0,0.0,0.0,0.0,0.0,0.0,0.0,0.0,0.0,0.0,0.0,2.004,0.0,0.0,0.0,0.0,0.0,0.0,5405.0,-0.0,6934.0,0.0,-107616176.0,2.004,2.004,0.0,0.0,0.0,0.0,69,0.0,-3.22200830126699e+26,0.0,0.0,0.0,0.0,0.0,0.0,0.0,0,0,0,0.0,0.0,0.0,0.0,0.0,0.0,0.0,0.0,0.0,0.0,0.0,0.0,0.0,0.0,0.0,0.0,0,-107875648.0,69,0.0,138,0.0,2.012,ERR,ERR,ERR,ERR,ERR,ERR,ERR,ERR,ERR,ERR,ERR,ERR,ERR,ERR,ERR,ERR,ERR,ERR,ERR,ERR,ERR,ERR,ERR,ERR,ERR,ERR,ERR,ERR,ERR,ERR,ERR,ERR,ERR,ERR,ERR,ERR,ERR,ERR,ERR,ERR,ERR,ERR,ERR,ERR,ERR,ERR,ERR,ERR,ERR,ERR,ERR,ERR,ERR,ERR,ERR,ERR,ERR,ERR,ERR,ERR,ERR,ERR,ERR,ERR,ERR,ERR,ERR,60.0,60.0,35,0.0,0.0,0.0,0.0,0.0,0.0,0.0,0.0,0.0,0.0,0.0,0.0,0.0,0.0,0.0,0.0,65.6,0,124,60,46,65476,0,300,0,0,8,20529,65476,0,0,2621,60.0,0.0,0.0,0.0,0.0,0.0
2026-07-09T15:24:00,ERR,ERR,ERR,ERR,ERR,ERR,ERR,ERR,ERR,ERR,ERR,ERR,ERR,ERR,ERR,ERR,ERR,ERR,ERR,ERR,ERR,ERR,ERR,ERR,ERR,ERR,ERR,ERR,ERR,ERR,ERR,ERR,ERR,ERR,ERR,ERR,ERR,ERR,ERR,ERR,ERR,ERR,ERR,ERR,ERR,ERR,ERR,ERR,ERR,ERR,ERR,ERR,ERR,ERR,ERR,ERR,ERR,ERR,ERR,ERR,ERR,ERR,ERR,ERR,ERR,ERR,ERR,ERR,ERR,ERR,ERR,ERR,ERR,ERR,ERR,ERR,ERR,ERR,ERR,ERR,ERR,ERR,ERR,ERR,ERR,ERR,ERR,ERR,ERR,ERR,ERR,ERR,ERR,ERR,ERR,ERR,ERR,ERR,ERR,ERR,ERR,ERR,ERR,ERR,ERR,ERR,ERR,ERR,ERR,ERR,ERR,ERR,ERR,ERR,ERR,ERR,ERR,ERR,ERR,ERR,ERR,ERR,ERR,ERR,ERR,0.0,-107616176.0,-0.0,2.7183637278815766e+23,0.023,0.0,-212105728.0,-1.605173694656536e+32,0,0,4,17433,7116,0.0,100,0.0,0.0,2.7183637278815766e+23,0.0,0.0,0,0,0,0,0.0,0,0,0,0,0,0,0,0,0,0,0,0,0,0,0,0,0,0,0,0,0,0,0,0,0,0,0,0,0,0,0,0,0,31,40,40,71,65476,0,300,0,0,8,21553,0.0,-107605600.0,0.0,0.0,0.0,0.0,0.0,0.0,0.0,0.0,0.0,0.0,0.0,0.0,0.0,0.0,0.0,0.0,0.0,0.0,0.0,0.0,0.0,2.004,0.0,0.0,0.0,0.0,0.0,0.0,5405.0,-0.0,6934.0,0.0,-107616176.0,2.004,2.004,0.0,0.0,0.0,0.0,69,0.0,-3.22200830126699e+26,0.0,0.0,0.0,0.0,0.0,0.0,0.0,0,0,0,0.0,0.0,0.0,0.0,0.0,0.0,0.0,0.0,0.0,0.0,0.0,0.0,0.0,0.0,0.0,0.0,0,-107875648.0,69,0.0,138,0.0,2.012,ERR,ERR,ERR,ERR,ERR,ERR,ERR,ERR,ERR,ERR,ERR,ERR,ERR,ERR,ERR,ERR,ERR,ERR,ERR,ERR,ERR,ERR,ERR,ERR,ERR,ERR,ERR,ERR,ERR,ERR,ERR,ERR,ERR,ERR,ERR,ERR,ERR,ERR,ERR,ERR,ERR,ERR,ERR,ERR,ERR,ERR,ERR,ERR,ERR,ERR,ERR,ERR,ERR,ERR,ERR,ERR,ERR,ERR,ERR,ERR,ERR,ERR,ERR,ERR,ERR,ERR,ERR,60.0,60.0,35,0.0,0.0,0.0,0.0,0.0,0.0,0.0,0.0,0.0,0.0,0.0,0.0,0.0,0.0,0.0,0.0,65.6,0,124,60,46,65476,0,300,0,0,8,20529,65476,0,0,2621,60.0,0.0,0.0,0.0,0.0,0.0
2026-07-09T15:24:01,ERR,ERR,ERR,ERR,ERR,ERR,ERR,ERR,ERR,ERR,ERR,ERR,ERR,ERR,ERR,ERR,ERR,ERR,ERR,ERR,ERR,ERR,ERR,ERR,ERR,ERR,ERR,ERR,ERR,ERR,ERR,ERR,ERR,ERR,ERR,ERR,ERR,ERR,ERR,ERR,ERR,ERR,ERR,ERR,ERR,ERR,ERR,ERR,ERR,ERR,ERR,ERR,ERR,ERR,ERR,ERR,ERR,ERR,ERR,ERR,ERR,ERR,ERR,ERR,ERR,ERR,ERR,ERR,ERR,ERR,ERR,ERR,ERR,ERR,ERR,ERR,ERR,ERR,ERR,ERR,ERR,ERR,ERR,ERR,ERR,ERR,ERR,ERR,ERR,ERR,ERR,ERR,ERR,ERR,ERR,ERR,ERR,ERR,ERR,ERR,ERR,ERR,ERR,ERR,ERR,ERR,ERR,ERR,ERR,ERR,ERR,ERR,ERR,ERR,ERR,ERR,ERR,ERR,ERR,ERR,ERR,ERR,ERR,ERR,ERR,0.0,-107616176.0,-0.0,2.7183637278815766e+23,0.023,0.0,-212105728.0,-1.605173694656536e+32,0,0,4,17433,7116,0.0,100,0.0,0.0,2.7183637278815766e+23,0.0,0.0,0,0,0,0,0.0,0,0,0,0,0,0,0,0,0,0,0,0,0,0,0,0,0,0,0,0,0,0,0,0,0,0,0,0,0,0,0,0,0,31,40,40,71,65476,0,300,0,0,8,21553,0.0,-107605600.0,0.0,0.0,0.0,0.0,0.0,0.0,0.0,0.0,0.0,0.0,0.0,0.0,0.0,0.0,0.0,0.0,0.0,0.0,0.0,0.0,0.0,2.004,0.0,0.0,0.0,0.0,0.0,0.0,5405.0,-0.0,6934.0,0.0,-107616176.0,2.004,2.004,0.0,0.0,0.0,0.0,69,0.0,-3.22200830126699e+26,0.0,0.0,0.0,0.0,0.0,0.0,0.0,0,0,0,0.0,0.0,0.0,0.0,0.0,0.0,0.0,0.0,0.0,0.0,0.0,0.0,0.0,0.0,0.0,0.0,0,-107875648.0,69,0.0,138,0.0,2.012,ERR,ERR,ERR,ERR,ERR,ERR,ERR,ERR,ERR,ERR,ERR,ERR,ERR,ERR,ERR,ERR,ERR,ERR,ERR,ERR,ERR,ERR,ERR,ERR,ERR,ERR,ERR,ERR,ERR,ERR,ERR,ERR,ERR,ERR,ERR,ERR,ERR,ERR,ERR,ERR,ERR,ERR,ERR,ERR,ERR,ERR,ERR,ERR,ERR,ERR,ERR,ERR,ERR,ERR,ERR,ERR,ERR,ERR,ERR,ERR,ERR,ERR,ERR,ERR,ERR,ERR,ERR,60.0,60.0,35,0.0,0.0,0.0,0.0,0.0,0.0,0.0,0.0,0.0,0.0,0.0,0.0,0.0,0.0,0.0,0.0,65.2,0,124,60,46,65476,0,300,0,0,8,20529,65476,0,0,2621,60.0,0.0,0.0,0.0,0.0,0.0
2026-07-09T15:24:02,ERR,ERR,ERR,ERR,ERR,ERR,ERR,ERR,ERR,ERR,ERR,ERR,ERR,ERR,ERR,ERR,ERR,ERR,ERR,ERR,ERR,ERR,ERR,ERR,ERR,ERR,ERR,ERR,ERR,ERR,ERR,ERR,ERR,ERR,ERR,ERR,ERR,ERR,ERR,ERR,ERR,ERR,ERR,ERR,ERR,ERR,ERR,ERR,ERR,ERR,ERR,ERR,ERR,ERR,ERR,ERR,ERR,ERR,ERR,ERR,ERR,ERR,ERR,ERR,ERR,ERR,ERR,ERR,ERR,ERR,ERR,ERR,ERR,ERR,ERR,ERR,ERR,ERR,ERR,ERR,ERR,ERR,ERR,ERR,ERR,ERR,ERR,ERR,ERR,ERR,ERR,ERR,ERR,ERR,ERR,ERR,ERR,ERR,ERR,ERR,ERR,ERR,ERR,ERR,ERR,ERR,ERR,ERR,ERR,ERR,ERR,ERR,ERR,ERR,ERR,ERR,ERR,ERR,ERR,ERR,ERR,ERR,ERR,ERR,ERR,0.0,-107616176.0,-0.0,2.7183637278815766e+23,0.023,0.0,-212105728.0,-1.605173694656536e+32,0,0,4,17433,7116,0.0,100,0.0,0.0,2.7183637278815766e+23,0.0,0.0,0,0,0,0,0.0,0,0,0,0,0,0,0,0,0,0,0,0,0,0,0,0,0,0,0,0,0,0,0,0,0,0,0,0,0,0,0,0,0,31,40,40,71,65476,0,300,0,0,8,21553,0.0,-107605600.0,0.0,0.0,0.0,0.0,0.0,0.0,0.0,0.0,0.0,0.0,0.0,0.0,0.0,0.0,0.0,0.0,0.0,0.0,0.0,0.0,0.0,2.004,0.0,0.0,0.0,0.0,0.0,0.0,5405.0,-0.0,6934.0,0.0,-107616176.0,2.004,2.004,0.0,0.0,0.0,0.0,69,0.0,-3.22200830126699e+26,0.0,0.0,0.0,0.0,0.0,0.0,0.0,0,0,0,0.0,0.0,0.0,0.0,0.0,0.0,0.0,0.0,0.0,0.0,0.0,0.0,0.0,0.0,0.0,0.0,0,-107875648.0,69,0.0,138,0.0,2.012,ERR,ERR,ERR,ERR,ERR,ERR,ERR,ERR,ERR,ERR,ERR,ERR,ERR,ERR,ERR,ERR,ERR,ERR,ERR,ERR,ERR,ERR,ERR,ERR,ERR,ERR,ERR,ERR,ERR,ERR,ERR,ERR,ERR,ERR,ERR,ERR,ERR,ERR,ERR,ERR,ERR,ERR,ERR,ERR,ERR,ERR,ERR,ERR,ERR,ERR,ERR,ERR,ERR,ERR,ERR,ERR,ERR,ERR,ERR,ERR,ERR,ERR,ERR,ERR,ERR,ERR,ERR,60.0,60.0,35,0.0,0.0,0.0,0.0,0.0,0.0,0.0,0.0,0.0,0.0,0.0,0.0,0.0,0.0,0.0,0.0,65.2,0,124,60,46,65476,0,300,0,0,8,20529,65476,0,0,2621,60.0,0.0,0.0,0.0,0.0,0.0
2026-07-09T15:24:03,ERR,ERR,ERR,ERR,ERR,ERR,ERR,ERR,ERR,ERR,ERR,ERR,ERR,ERR,ERR,ERR,ERR,ERR,ERR,ERR,ERR,ERR,ERR,ERR,ERR,ERR,ERR,ERR,ERR,ERR,ERR,ERR,ERR,ERR,ERR,ERR,ERR,ERR,ERR,ERR,ERR,ERR,ERR,ERR,ERR,ERR,ERR,ERR,ERR,ERR,ERR,ERR,ERR,ERR,ERR,ERR,ERR,ERR,ERR,ERR,ERR,ERR,ERR,ERR,ERR,ERR,ERR,ERR,ERR,ERR,ERR,ERR,ERR,ERR,ERR,ERR,ERR,ERR,ERR,ERR,ERR,ERR,ERR,ERR,ERR,ERR,ERR,ERR,ERR,ERR,ERR,ERR,ERR,ERR,ERR,ERR,ERR,ERR,ERR,ERR,ERR,ERR,ERR,ERR,ERR,ERR,ERR,ERR,ERR,ERR,ERR,ERR,ERR,ERR,ERR,ERR,ERR,ERR,ERR,ERR,ERR,ERR,ERR,ERR,ERR,0.0,-107616176.0,-0.0,2.7183637278815766e+23,0.023,0.0,-212105728.0,-1.605173694656536e+32,0,0,4,17433,7116,0.0,100,0.0,0.0,2.7183637278815766e+23,0.0,0.0,0,0,0,0,0.0,0,0,0,0,0,0,0,0,0,0,0,0,0,0,0,0,0,0,0,0,0,0,0,0,0,0,0,0,0,0,0,0,0,31,40,40,71,65476,0,300,0,0,8,21553,0.0,-107605600.0,0.0,0.0,0.0,0.0,0.0,0.0,0.0,0.0,0.0,0.0,0.0,0.0,0.0,0.0,0.0,0.0,0.0,0.0,0.0,0.0,0.0,2.004,0.0,0.0,0.0,0.0,0.0,0.0,5405.0,-0.0,6934.0,0.0,-107616176.0,2.004,2.004,0.0,0.0,0.0,0.0,69,0.0,-3.22200830126699e+26,0.0,0.0,0.0,0.0,0.0,0.0,0.0,0,0,0,0.0,0.0,0.0,0.0,0.0,0.0,0.0,0.0,0.0,0.0,0.0,0.0,0.0,0.0,0.0,0.0,0,-107875648.0,69,0.0,138,0.0,2.012,ERR,ERR,ERR,ERR,ERR,ERR,ERR,ERR,ERR,ERR,ERR,ERR,ERR,ERR,ERR,ERR,ERR,ERR,ERR,ERR,ERR,ERR,ERR,ERR,ERR,ERR,ERR,ERR,ERR,ERR,ERR,ERR,ERR,ERR,ERR,ERR,ERR,ERR,ERR,ERR,ERR,ERR,ERR,ERR,ERR,ERR,ERR,ERR,ERR,ERR,ERR,ERR,ERR,ERR,ERR,ERR,ERR,ERR,ERR,ERR,ERR,ERR,ERR,ERR,ERR,ERR,ERR,60.0,60.0,35,0.0,0.0,0.0,0.0,0.0,0.0,0.0,0.0,0.0,0.0,0.0,0.0,0.0,0.0,0.0,0.0,65.2,0,124,60,46,65476,0,300,0,0,8,20529,65476,0,0,2621,60.0,0.0,0.0,0.0,0.0,0.0
2026-07-09T15:24:04,ERR,ERR,ERR,ERR,ERR,ERR,ERR,ERR,ERR,ERR,ERR,ERR,ERR,ERR,ERR,ERR,ERR,ERR,ERR,ERR,ERR,ERR,ERR,ERR,ERR,ERR,ERR,ERR,ERR,ERR,ERR,ERR,ERR,ERR,ERR,ERR,ERR,ERR,ERR,ERR,ERR,ERR,ERR,ERR,ERR,ERR,ERR,ERR,ERR,ERR,ERR,ERR,ERR,ERR,ERR,ERR,ERR,ERR,ERR,ERR,ERR,ERR,ERR,ERR,ERR,ERR,ERR,ERR,ERR,ERR,ERR,ERR,ERR,ERR,ERR,ERR,ERR,ERR,ERR,ERR,ERR,ERR,ERR,ERR,ERR,ERR,ERR,ERR,ERR,ERR,ERR,ERR,ERR,ERR,ERR,ERR,ERR,ERR,ERR,ERR,ERR,ERR,ERR,ERR,ERR,ERR,ERR,ERR,ERR,ERR,ERR,ERR,ERR,ERR,ERR,ERR,ERR,ERR,ERR,ERR,ERR,ERR,ERR,ERR,ERR,0.0,-107616176.0,-0.0,0.0,0.0,-7994572800.0,-0.0,1872770944.0,0,0,4,17433,7116,0.0,100,0.0,0.0,0.0,0.0,0.0,0,0,0,0,0.0,0,0,0,0,0,0,0,0,0,0,0,0,0,0,0,0,0,0,0,0,0,0,0,0,0,0,0,0,0,0,0,0,0,31,40,40,71,65476,0,300,0,0,8,21553,0.0,-107605600.0,0.0,0.0,0.0,0.0,0.0,0.0,0.0,0.0,0.0,0.0,0.0,0.0,0.0,0.0,0.0,0.0,0.0,0.0,0.0,0.0,0.0,2.004,0.0,0.0,0.0,0.0,0.0,0.0,5377.0,-1.587931619850188e+29,6943.0,-0.0,-107616176.0,2.004,2.004,0.0,0.0,0.0,0.0,69,-0.0,89220.688,0.0,0.0,0.0,0.0,0.0,0.0,0.0,0,0,0,0.0,0.0,0.0,0.0,0.0,0.0,0.0,0.0,0.0,0.0,0.0,0.0,0.0,0.0,0.0,0.0,0,-107875648.0,69,0.0,138,0.0,2.012,ERR,ERR,ERR,ERR,ERR,ERR,ERR,ERR,ERR,ERR,ERR,ERR,ERR,ERR,ERR,ERR,ERR,ERR,ERR,ERR,ERR,ERR,ERR,ERR,ERR,ERR,ERR,ERR,ERR,ERR,ERR,ERR,ERR,ERR,ERR,ERR,ERR,ERR,ERR,ERR,ERR,ERR,ERR,ERR,ERR,ERR,ERR,ERR,ERR,ERR,ERR,ERR,ERR,ERR,ERR,ERR,ERR,ERR,ERR,ERR,ERR,ERR,ERR,ERR,ERR,ERR,ERR,60.0,60.0,35,0.0,0.0,0.0,0.0,0.0,0.0,0.0,0.0,0.0,0.0,0.0,0.0,0.0,0.0,0.0,0.0,65.2,0,124,60,46,65476,0,300,0,0,8,20529,65476,0,0,2621,60.0,0.0,0.0,0.0,0.0,0.0
2026-07-09T15:24:05,ERR,ERR,ERR,ERR,ERR,ERR,ERR,ERR,ERR,ERR,ERR,ERR,ERR,ERR,ERR,ERR,ERR,ERR,ERR,ERR,ERR,ERR,ERR,ERR,ERR,ERR,ERR,ERR,ERR,ERR,ERR,ERR,ERR,ERR,ERR,ERR,ERR,ERR,ERR,ERR,ERR,ERR,ERR,ERR,ERR,ERR,ERR,ERR,ERR,ERR,ERR,ERR,ERR,ERR,ERR,ERR,ERR,ERR,ERR,ERR,ERR,ERR,ERR,ERR,ERR,ERR,ERR,ERR,ERR,ERR,ERR,ERR,ERR,ERR,ERR,ERR,ERR,ERR,ERR,ERR,ERR,ERR,ERR,ERR,ERR,ERR,ERR,ERR,ERR,ERR,ERR,ERR,ERR,ERR,ERR,ERR,ERR,ERR,ERR,ERR,ERR,ERR,ERR,ERR,ERR,ERR,ERR,ERR,ERR,ERR,ERR,ERR,ERR,ERR,ERR,ERR,ERR,ERR,ERR,ERR,ERR,ERR,ERR,ERR,ERR,0.0,-107616176.0,-0.0,0.0,0.0,-7994572800.0,-0.0,1872770944.0,0,0,4,17433,7116,0.0,100,0.0,0.0,0.0,0.0,0.0,0,0,0,0,0.0,0,0,0,0,0,0,0,0,0,0,0,0,0,0,0,0,0,0,0,0,0,0,0,0,0,0,0,0,0,0,0,0,0,31,40,40,71,65476,0,300,0,0,8,21553,0.0,-107605600.0,0.0,0.0,0.0,0.0,0.0,0.0,0.0,0.0,0.0,0.0,0.0,0.0,0.0,0.0,0.0,0.0,0.0,0.0,0.0,0.0,0.0,2.004,0.0,0.0,0.0,0.0,0.0,0.0,5377.0,-1.587931619850188e+29,6943.0,-0.0,-107616176.0,2.004,2.004,0.0,0.0,0.0,0.0,69,-0.0,89220.688,0.0,0.0,0.0,0.0,0.0,0.0,0.0,0,0,0,0.0,0.0,0.0,0.0,0.0,0.0,0.0,0.0,0.0,0.0,0.0,0.0,0.0,0.0,0.0,0.0,0,-107875648.0,69,0.0,138,0.0,2.012,ERR,ERR,ERR,ERR,ERR,ERR,ERR,ERR,ERR,ERR,ERR,ERR,ERR,ERR,ERR,ERR,ERR,ERR,ERR,ERR,ERR,ERR,ERR,ERR,ERR,ERR,ERR,ERR,ERR,ERR,ERR,ERR,ERR,ERR,ERR,ERR,ERR,ERR,ERR,ERR,ERR,ERR,ERR,ERR,ERR,ERR,ERR,ERR,ERR,ERR,ERR,ERR,ERR,ERR,ERR,ERR,ERR,ERR,ERR,ERR,ERR,ERR,ERR,ERR,ERR,ERR,ERR,60.0,60.0,35,0.0,0.0,0.0,0.0,0.0,0.0,0.0,0.0,0.0,0.0,0.0,0.0,0.0,0.0,0.0,0.0,65.2,0,124,60,46,65476,0,300,0,0,8,20529,65476,0,0,2621,60.0,0.0,0.0,0.0,0.0,0.0
2026-07-09T15:24:06,ERR,ERR,ERR,ERR,ERR,ERR,ERR,ERR,ERR,ERR,ERR,ERR,ERR,ERR,ERR,ERR,ERR,ERR,ERR,ERR,ERR,ERR,ERR,ERR,ERR,ERR,ERR,ERR,ERR,ERR,ERR,ERR,ERR,ERR,ERR,ERR,ERR,ERR,ERR,ERR,ERR,ERR,ERR,ERR,ERR,ERR,ERR,ERR,ERR,ERR,ERR,ERR,ERR,ERR,ERR,ERR,ERR,ERR,ERR,ERR,ERR,ERR,ERR,ERR,ERR,ERR,ERR,ERR,ERR,ERR,ERR,ERR,ERR,ERR,ERR,ERR,ERR,ERR,ERR,ERR,ERR,ERR,ERR,ERR,ERR,ERR,ERR,ERR,ERR,ERR,ERR,ERR,ERR,ERR,ERR,ERR,ERR,ERR,ERR,ERR,ERR,ERR,ERR,ERR,ERR,ERR,ERR,ERR,ERR,ERR,ERR,ERR,ERR,ERR,ERR,ERR,ERR,ERR,ERR,ERR,ERR,ERR,ERR,ERR,ERR,0.0,-107616176.0,-0.0,0.0,0.0,-7994572800.0,-0.0,1872770944.0,0,0,4,17433,7116,0.0,100,0.0,0.0,0.0,0.0,0.0,0,0,0,0,0.0,0,0,0,0,0,0,0,0,0,0,0,0,0,0,0,0,0,0,0,0,0,0,0,0,0,0,0,0,0,0,0,0,0,31,40,40,71,65476,0,300,0,0,8,21553,0.0,-107605600.0,0.0,0.0,0.0,0.0,0.0,0.0,0.0,0.0,0.0,0.0,0.0,0.0,0.0,0.0,0.0,0.0,0.0,0.0,0.0,0.0,0.0,2.004,0.0,0.0,0.0,0.0,0.0,0.0,5377.0,-1.587931619850188e+29,6943.0,-0.0,-107616176.0,2.004,2.004,0.0,0.0,0.0,0.0,69,-0.0,89220.688,0.0,0.0,0.0,0.0,0.0,0.0,0.0,0,0,0,0.0,0.0,0.0,0.0,0.0,0.0,0.0,0.0,0.0,0.0,0.0,0.0,0.0,0.0,0.0,0.0,0,-107875648.0,69,0.0,138,0.0,2.012,ERR,ERR,ERR,ERR,ERR,ERR,ERR,ERR,ERR,ERR,ERR,ERR,ERR,ERR,ERR,ERR,ERR,ERR,ERR,ERR,ERR,ERR,ERR,ERR,ERR,ERR,ERR,ERR,ERR,ERR,ERR,ERR,ERR,ERR,ERR,ERR,ERR,ERR,ERR,ERR,ERR,ERR,ERR,ERR,ERR,ERR,ERR,ERR,ERR,ERR,ERR,ERR,ERR,ERR,ERR,ERR,ERR,ERR,ERR,ERR,ERR,ERR,ERR,ERR,ERR,ERR,ERR,60.0,60.0,35,0.0,0.0,0.0,0.0,0.0,0.0,0.0,0.0,0.0,0.0,0.0,0.0,0.0,0.0,0.0,0.0,65.2,0,124,60,46,65476,0,300,0,0,8,20529,65476,0,0,2621,60.0,0.0,0.0,0.0,0.0,0.0
2026-07-09T15:24:07,ERR,ERR,ERR,ERR,ERR,ERR,ERR,ERR,ERR,ERR,ERR,ERR,ERR,ERR,ERR,ERR,ERR,ERR,ERR,ERR,ERR,ERR,ERR,ERR,ERR,ERR,ERR,ERR,ERR,ERR,ERR,ERR,ERR,ERR,ERR,ERR,ERR,ERR,ERR,ERR,ERR,ERR,ERR,ERR,ERR,ERR,ERR,ERR,ERR,ERR,ERR,ERR,ERR,ERR,ERR,ERR,ERR,ERR,ERR,ERR,ERR,ERR,ERR,ERR,ERR,ERR,ERR,ERR,ERR,ERR,ERR,ERR,ERR,ERR,ERR,ERR,ERR,ERR,ERR,ERR,ERR,ERR,ERR,ERR,ERR,ERR,ERR,ERR,ERR,ERR,ERR,ERR,ERR,ERR,ERR,ERR,ERR,ERR,ERR,ERR,ERR,ERR,ERR,ERR,ERR,ERR,ERR,ERR,ERR,ERR,ERR,ERR,ERR,ERR,ERR,ERR,ERR,ERR,ERR,ERR,ERR,ERR,ERR,ERR,ERR,0.0,-107616176.0,-0.0,0.0,0.0,-7994572800.0,-0.0,1872770944.0,0,0,4,17433,7116,0.0,100,0.0,0.0,0.0,0.0,0.0,0,0,0,0,0.0,0,0,0,0,0,0,0,0,0,0,0,0,0,0,0,0,0,0,0,0,0,0,0,0,0,0,0,0,0,0,0,0,0,31,40,40,71,65476,0,300,0,0,8,21553,0.0,-107605600.0,0.0,0.0,0.0,0.0,0.0,0.0,0.0,0.0,0.0,0.0,0.0,0.0,0.0,0.0,0.0,0.0,0.0,0.0,0.0,0.0,0.0,2.004,0.0,0.0,0.0,0.0,0.0,0.0,5377.0,-1.587931619850188e+29,6943.0,-0.0,-107616176.0,2.004,2.004,0.0,0.0,0.0,0.0,69,-0.0,89220.688,0.0,0.0,0.0,0.0,0.0,0.0,0.0,0,0,0,0.0,0.0,0.0,0.0,0.0,0.0,0.0,0.0,0.0,0.0,0.0,0.0,0.0,0.0,0.0,0.0,0,-107875648.0,69,0.0,138,0.0,2.012,ERR,ERR,ERR,ERR,ERR,ERR,ERR,ERR,ERR,ERR,ERR,ERR,ERR,ERR,ERR,ERR,ERR,ERR,ERR,ERR,ERR,ERR,ERR,ERR,ERR,ERR,ERR,ERR,ERR,ERR,ERR,ERR,ERR,ERR,ERR,ERR,ERR,ERR,ERR,ERR,ERR,ERR,ERR,ERR,ERR,ERR,ERR,ERR,ERR,ERR,ERR,ERR,ERR,ERR,ERR,ERR,ERR,ERR,ERR,ERR,ERR,ERR,ERR,ERR,ERR,ERR,ERR,60.0,60.0,35,0.0,0.0,0.0,0.0,0.0,0.0,0.0,0.0,0.0,0.0,0.0,0.0,0.0,0.0,0.0,0.0,65.2,0,124,60,46,65476,0,300,0,0,8,20529,65476,0,0,2621,60.0,0.0,0.0,0.0,0.0,0.0
2026-07-09T15:24:08,ERR,ERR,ERR,ERR,ERR,ERR,ERR,ERR,ERR,ERR,ERR,ERR,ERR,ERR,ERR,ERR,ERR,ERR,ERR,ERR,ERR,ERR,ERR,ERR,ERR,ERR,ERR,ERR,ERR,ERR,ERR,ERR,ERR,ERR,ERR,ERR,ERR,ERR,ERR,ERR,ERR,ERR,ERR,ERR,ERR,ERR,ERR,ERR,ERR,ERR,ERR,ERR,ERR,ERR,ERR,ERR,ERR,ERR,ERR,ERR,ERR,ERR,ERR,ERR,ERR,ERR,ERR,ERR,ERR,ERR,ERR,ERR,ERR,ERR,ERR,ERR,ERR,ERR,ERR,ERR,ERR,ERR,ERR,ERR,ERR,ERR,ERR,ERR,ERR,ERR,ERR,ERR,ERR,ERR,ERR,ERR,ERR,ERR,ERR,ERR,ERR,ERR,ERR,ERR,ERR,ERR,ERR,ERR,ERR,ERR,ERR,ERR,ERR,ERR,ERR,ERR,ERR,ERR,ERR,ERR,ERR,ERR,ERR,ERR,ERR,0.0,-107616176.0,-0.0,0.0,0.0,-7994572800.0,-0.0,1872770944.0,0,0,4,17433,7116,0.0,100,0.0,0.0,0.0,0.0,0.0,0,0,0,0,0.0,0,0,0,0,0,0,0,0,0,0,0,0,0,0,0,0,0,0,0,0,0,0,0,0,0,0,0,0,0,0,0,0,0,31,40,40,71,65476,0,300,0,0,8,21553,0.0,-107605600.0,0.0,0.0,0.0,0.0,0.0,0.0,0.0,0.0,0.0,0.0,0.0,0.0,0.0,0.0,0.0,0.0,0.0,0.0,0.0,0.0,0.0,2.004,0.0,0.0,0.0,0.0,0.0,0.0,5377.0,-1.587931619850188e+29,6943.0,-0.0,-107616176.0,2.004,2.004,0.0,0.0,0.0,0.0,69,-0.0,89220.688,0.0,0.0,0.0,0.0,0.0,0.0,0.0,0,0,0,0.0,0.0,0.0,0.0,0.0,0.0,0.0,0.0,0.0,0.0,0.0,0.0,0.0,0.0,0.0,0.0,0,-107875648.0,69,0.0,138,0.0,2.012,ERR,ERR,ERR,ERR,ERR,ERR,ERR,ERR,ERR,ERR,ERR,ERR,ERR,ERR,ERR,ERR,ERR,ERR,ERR,ERR,ERR,ERR,ERR,ERR,ERR,ERR,ERR,ERR,ERR,ERR,ERR,ERR,ERR,ERR,ERR,ERR,ERR,ERR,ERR,ERR,ERR,ERR,ERR,ERR,ERR,ERR,ERR,ERR,ERR,ERR,ERR,ERR,ERR,ERR,ERR,ERR,ERR,ERR,ERR,ERR,ERR,ERR,ERR,ERR,ERR,ERR,ERR,60.0,60.0,35,0.0,0.0,0.0,0.0,0.0,0.0,0.0,0.0,0.0,0.0,0.0,0.0,0.0,0.0,0.0,0.0,65.2,0,125,60,46,65476,0,300,0,0,8,20529,65476,0,0,2621,60.0,0.0,0.0,0.0,0.0,0.0
2026-07-09T15:24:09,ERR,ERR,ERR,ERR,ERR,ERR,ERR,ERR,ERR,ERR,ERR,ERR,ERR,ERR,ERR,ERR,ERR,ERR,ERR,ERR,ERR,ERR,ERR,ERR,ERR,ERR,ERR,ERR,ERR,ERR,ERR,ERR,ERR,ERR,ERR,ERR,ERR,ERR,ERR,ERR,ERR,ERR,ERR,ERR,ERR,ERR,ERR,ERR,ERR,ERR,ERR,ERR,ERR,ERR,ERR,ERR,ERR,ERR,ERR,ERR,ERR,ERR,ERR,ERR,ERR,ERR,ERR,ERR,ERR,ERR,ERR,ERR,ERR,ERR,ERR,ERR,ERR,ERR,ERR,ERR,ERR,ERR,ERR,ERR,ERR,ERR,ERR,ERR,ERR,ERR,ERR,ERR,ERR,ERR,ERR,ERR,ERR,ERR,ERR,ERR,ERR,ERR,ERR,ERR,ERR,ERR,ERR,ERR,ERR,ERR,ERR,ERR,ERR,ERR,ERR,ERR,ERR,ERR,ERR,ERR,ERR,ERR,ERR,ERR,ERR,0.0,-107616176.0,-0.0,0.0,0.0,-1.6484359359954944e+16,-0.0,27.531,0,0,4,17435,7116,0.0,100,0.0,0.0,0.0,0.0,0.0,0,0,0,0,0.0,0,0,0,0,0,0,0,0,0,0,0,0,0,0,0,0,0,0,0,0,0,0,0,0,0,0,0,0,0,0,0,0,0,31,40,40,71,65476,0,300,0,0,8,21553,0.0,-107605600.0,0.0,0.0,0.0,0.0,0.0,0.0,0.0,0.0,0.0,0.0,0.0,0.0,0.0,0.0,0.0,0.0,0.0,0.0,0.0,0.0,0.0,2.004,0.0,0.0,0.0,0.0,0.0,0.0,5415.0,0.0,6917.0,0.0,-107616176.0,2.004,2.004,0.0,0.0,0.0,0.0,69,-0.0,-0.0,0.0,0.0,0.0,0.0,0.0,0.0,0.0,0,0,0,0.0,0.0,0.0,0.0,0.0,0.0,0.0,0.0,0.0,0.0,0.0,0.0,0.0,0.0,0.0,0.0,0,-107875648.0,69,0.0,138,0.0,2.012,ERR,ERR,ERR,ERR,ERR,ERR,ERR,ERR,ERR,ERR,ERR,ERR,ERR,ERR,ERR,ERR,ERR,ERR,ERR,ERR,ERR,ERR,ERR,ERR,ERR,ERR,ERR,ERR,ERR,ERR,ERR,ERR,ERR,ERR,ERR,ERR,ERR,ERR,ERR,ERR,ERR,ERR,ERR,ERR,ERR,ERR,ERR,ERR,ERR,ERR,ERR,ERR,ERR,ERR,ERR,ERR,ERR,ERR,ERR,ERR,ERR,ERR,ERR,ERR,ERR,ERR,ERR,60.0,60.0,35,0.0,0.0,0.0,0.0,0.0,0.0,0.0,0.0,0.0,0.0,0.0,0.0,0.0,0.0,0.0,0.0,65.2,0,125,60,46,65476,0,300,0,0,8,20529,65476,0,0,2621,60.0,0.0,0.0,0.0,0.0,0.0
2026-07-09T15:24:10,ERR,ERR,ERR,ERR,ERR,ERR,ERR,ERR,ERR,ERR,ERR,ERR,ERR,ERR,ERR,ERR,ERR,ERR,ERR,ERR,ERR,ERR,ERR,ERR,ERR,ERR,ERR,ERR,ERR,ERR,ERR,ERR,ERR,ERR,ERR,ERR,ERR,ERR,ERR,ERR,ERR,ERR,ERR,ERR,ERR,ERR,ERR,ERR,ERR,ERR,ERR,ERR,ERR,ERR,ERR,ERR,ERR,ERR,ERR,ERR,ERR,ERR,ERR,ERR,ERR,ERR,ERR,ERR,ERR,ERR,ERR,ERR,ERR,ERR,ERR,ERR,ERR,ERR,ERR,ERR,ERR,ERR,ERR,ERR,ERR,ERR,ERR,ERR,ERR,ERR,ERR,ERR,ERR,ERR,ERR,ERR,ERR,ERR,ERR,ERR,ERR,ERR,ERR,ERR,ERR,ERR,ERR,ERR,ERR,ERR,ERR,ERR,ERR,ERR,ERR,ERR,ERR,ERR,ERR,ERR,ERR,ERR,ERR,ERR,ERR,0.0,-107616176.0,-0.0,0.0,0.0,-1.6484359359954944e+16,-0.0,27.531,0,0,4,17435,7116,0.0,100,0.0,0.0,0.0,0.0,0.0,0,0,0,0,0.0,0,0,0,0,0,0,0,0,0,0,0,0,0,0,0,0,0,0,0,0,0,0,0,0,0,0,0,0,0,0,0,0,0,31,40,40,71,65476,0,300,0,0,8,21553,0.0,-107605600.0,0.0,0.0,0.0,0.0,0.0,0.0,0.0,0.0,0.0,0.0,0.0,0.0,0.0,0.0,0.0,0.0,0.0,0.0,0.0,0.0,0.0,2.004,0.0,0.0,0.0,0.0,0.0,0.0,5415.0,0.0,6917.0,0.0,-107616176.0,2.004,2.004,0.0,0.0,0.0,0.0,69,-0.0,-0.0,0.0,0.0,0.0,0.0,0.0,0.0,0.0,0,0,0,0.0,0.0,0.0,0.0,0.0,0.0,0.0,0.0,0.0,0.0,0.0,0.0,0.0,0.0,0.0,0.0,0,-107875648.0,69,0.0,138,0.0,2.012,ERR,ERR,ERR,ERR,ERR,ERR,ERR,ERR,ERR,ERR,ERR,ERR,ERR,ERR,ERR,ERR,ERR,ERR,ERR,ERR,ERR,ERR,ERR,ERR,ERR,ERR,ERR,ERR,ERR,ERR,ERR,ERR,ERR,ERR,ERR,ERR,ERR,ERR,ERR,ERR,ERR,ERR,ERR,ERR,ERR,ERR,ERR,ERR,ERR,ERR,ERR,ERR,ERR,ERR,ERR,ERR,ERR,ERR,ERR,ERR,ERR,ERR,ERR,ERR,ERR,ERR,ERR,60.0,60.0,35,0.0,0.0,0.0,0.0,0.0,0.0,0.0,0.0,0.0,0.0,0.0,0.0,0.0,0.0,0.0,0.0,65.2,0,125,60,46,65476,0,300,0,0,8,20529,65476,0,0,2621,60.0,0.0,0.0,0.0,0.0,0.0
2026-07-09T15:24:11,ERR,ERR,ERR,ERR,ERR,ERR,ERR,ERR,ERR,ERR,ERR,ERR,ERR,ERR,ERR,ERR,ERR,ERR,ERR,ERR,ERR,ERR,ERR,ERR,ERR,ERR,ERR,ERR,ERR,ERR,ERR,ERR,ERR,ERR,ERR,ERR,ERR,ERR,ERR,ERR,ERR,ERR,ERR,ERR,ERR,ERR,ERR,ERR,ERR,ERR,ERR,ERR,ERR,ERR,ERR,ERR,ERR,ERR,ERR,ERR,ERR,ERR,ERR,ERR,ERR,ERR,ERR,ERR,ERR,ERR,ERR,ERR,ERR,ERR,ERR,ERR,ERR,ERR,ERR,ERR,ERR,ERR,ERR,ERR,ERR,ERR,ERR,ERR,ERR,ERR,ERR,ERR,ERR,ERR,ERR,ERR,ERR,ERR,ERR,ERR,ERR,ERR,ERR,ERR,ERR,ERR,ERR,ERR,ERR,ERR,ERR,ERR,ERR,ERR,ERR,ERR,ERR,ERR,ERR,ERR,ERR,ERR,ERR,ERR,ERR,0.0,-107616176.0,-0.0,0.0,0.0,-1.6484359359954944e+16,-0.0,27.531,0,0,4,17435,7116,0.0,100,0.0,0.0,0.0,0.0,0.0,0,0,0,0,0.0,0,0,0,0,0,0,0,0,0,0,0,0,0,0,0,0,0,0,0,0,0,0,0,0,0,0,0,0,0,0,0,0,0,31,40,40,71,65476,0,300,0,0,8,21553,0.0,-107605600.0,0.0,0.0,0.0,0.0,0.0,0.0,0.0,0.0,0.0,0.0,0.0,0.0,0.0,0.0,0.0,0.0,0.0,0.0,0.0,0.0,0.0,2.004,0.0,0.0,0.0,0.0,0.0,0.0,5415.0,0.0,6917.0,0.0,-107616176.0,2.004,2.004,0.0,0.0,0.0,0.0,69,-0.0,-0.0,0.0,0.0,0.0,0.0,0.0,0.0,0.0,0,0,0,0.0,0.0,0.0,0.0,0.0,0.0,0.0,0.0,0.0,0.0,0.0,0.0,0.0,0.0,0.0,0.0,0,-107875648.0,69,0.0,138,0.0,2.012,ERR,ERR,ERR,ERR,ERR,ERR,ERR,ERR,ERR,ERR,ERR,ERR,ERR,ERR,ERR,ERR,ERR,ERR,ERR,ERR,ERR,ERR,ERR,ERR,ERR,ERR,ERR,ERR,ERR,ERR,ERR,ERR,ERR,ERR,ERR,ERR,ERR,ERR,ERR,ERR,ERR,ERR,ERR,ERR,ERR,ERR,ERR,ERR,ERR,ERR,ERR,ERR,ERR,ERR,ERR,ERR,ERR,ERR,ERR,ERR,ERR,ERR,ERR,ERR,ERR,ERR,ERR,60.0,60.0,35,0.0,0.0,0.0,0.0,0.0,0.0,0.0,0.0,0.0,0.0,0.0,0.0,0.0,0.0,0.0,0.0,65.2,0,125,60,46,65476,0,300,0,0,8,20529,65476,0,0,2621,60.0,0.0,0.0,0.0,0.0,0.0
2026-07-09T15:24:12,ERR,ERR,ERR,ERR,ERR,ERR,ERR,ERR,ERR,ERR,ERR,ERR,ERR,ERR,ERR,ERR,ERR,ERR,ERR,ERR,ERR,ERR,ERR,ERR,ERR,ERR,ERR,ERR,ERR,ERR,ERR,ERR,ERR,ERR,ERR,ERR,ERR,ERR,ERR,ERR,ERR,ERR,ERR,ERR,ERR,ERR,ERR,ERR,ERR,ERR,ERR,ERR,ERR,ERR,ERR,ERR,ERR,ERR,ERR,ERR,ERR,ERR,ERR,ERR,ERR,ERR,ERR,ERR,ERR,ERR,ERR,ERR,ERR,ERR,ERR,ERR,ERR,ERR,ERR,ERR,ERR,ERR,ERR,ERR,ERR,ERR,ERR,ERR,ERR,ERR,ERR,ERR,ERR,ERR,ERR,ERR,ERR,ERR,ERR,ERR,ERR,ERR,ERR,ERR,ERR,ERR,ERR,ERR,ERR,ERR,ERR,ERR,ERR,ERR,ERR,ERR,ERR,ERR,ERR,ERR,ERR,ERR,ERR,ERR,ERR,0.0,-107616176.0,-0.0,0.0,0.0,-1.6484359359954944e+16,-0.0,27.531,0,0,4,17435,7116,0.0,100,0.0,0.0,0.0,0.0,0.0,0,0,0,0,0.0,0,0,0,0,0,0,0,0,0,0,0,0,0,0,0,0,0,0,0,0,0,0,0,0,0,0,0,0,0,0,0,0,0,31,40,40,71,65476,0,300,0,0,8,21553,0.0,-107605600.0,0.0,0.0,0.0,0.0,0.0,0.0,0.0,0.0,0.0,0.0,0.0,0.0,0.0,0.0,0.0,0.0,0.0,0.0,0.0,0.0,0.0,2.004,0.0,0.0,0.0,0.0,0.0,0.0,5415.0,0.0,6917.0,0.0,-107616176.0,2.004,2.004,0.0,0.0,0.0,0.0,69,-0.0,-0.0,0.0,0.0,0.0,0.0,0.0,0.0,0.0,0,0,0,0.0,0.0,0.0,0.0,0.0,0.0,0.0,0.0,0.0,0.0,0.0,0.0,0.0,0.0,0.0,0.0,0,-107875648.0,69,0.0,138,0.0,2.012,ERR,ERR,ERR,ERR,ERR,ERR,ERR,ERR,ERR,ERR,ERR,ERR,ERR,ERR,ERR,ERR,ERR,ERR,ERR,ERR,ERR,ERR,ERR,ERR,ERR,ERR,ERR,ERR,ERR,ERR,ERR,ERR,ERR,ERR,ERR,ERR,ERR,ERR,ERR,ERR,ERR,ERR,ERR,ERR,ERR,ERR,ERR,ERR,ERR,ERR,ERR,ERR,ERR,ERR,ERR,ERR,ERR,ERR,ERR,ERR,ERR,ERR,ERR,ERR,ERR,ERR,ERR,60.0,60.0,35,0.0,0.0,0.0,0.0,0.0,0.0,0.0,0.0,0.0,0.0,0.0,0.0,0.0,0.0,0.0,0.0,65.2,0,125,60,46,65476,0,300,0,0,8,20529,65476,0,0,2621,60.0,0.0,0.0,0.0,0.0,0.0
2026-07-09T15:24:13,ERR,ERR,ERR,ERR,ERR,ERR,ERR,ERR,ERR,ERR,ERR,ERR,ERR,ERR,ERR,ERR,ERR,ERR,ERR,ERR,ERR,ERR,ERR,ERR,ERR,ERR,ERR,ERR,ERR,ERR,ERR,ERR,ERR,ERR,ERR,ERR,ERR,ERR,ERR,ERR,ERR,ERR,ERR,ERR,ERR,ERR,ERR,ERR,ERR,ERR,ERR,ERR,ERR,ERR,ERR,ERR,ERR,ERR,ERR,ERR,ERR,ERR,ERR,ERR,ERR,ERR,ERR,ERR,ERR,ERR,ERR,ERR,ERR,ERR,ERR,ERR,ERR,ERR,ERR,ERR,ERR,ERR,ERR,ERR,ERR,ERR,ERR,ERR,ERR,ERR,ERR,ERR,ERR,ERR,ERR,ERR,ERR,ERR,ERR,ERR,ERR,ERR,ERR,ERR,ERR,ERR,ERR,ERR,ERR,ERR,ERR,ERR,ERR,ERR,ERR,ERR,ERR,ERR,ERR,ERR,ERR,ERR,ERR,ERR,ERR,0.0,-107616176.0,-0.0,0.0,0.0,-1.6484359359954944e+16,-0.0,27.531,0,0,4,17435,7116,0.0,100,0.0,0.0,0.0,0.0,0.0,0,0,0,0,0.0,0,0,0,0,0,0,0,0,0,0,0,0,0,0,0,0,0,0,0,0,0,0,0,0,0,0,0,0,0,0,0,0,0,31,40,40,71,65476,0,300,0,0,8,21553,0.0,-107605600.0,0.0,0.0,0.0,0.0,0.0,0.0,0.0,0.0,0.0,0.0,0.0,0.0,0.0,0.0,0.0,0.0,0.0,0.0,0.0,0.0,0.0,2.004,0.0,0.0,0.0,0.0,0.0,0.0,5415.0,0.0,6917.0,0.0,-107616176.0,2.004,2.004,0.0,0.0,0.0,0.0,69,-0.0,-0.0,0.0,0.0,0.0,0.0,0.0,0.0,0.0,0,0,0,0.0,0.0,0.0,0.0,0.0,0.0,0.0,0.0,0.0,0.0,0.0,0.0,0.0,0.0,0.0,0.0,0,-107875648.0,69,0.0,138,0.0,2.012,ERR,ERR,ERR,ERR,ERR,ERR,ERR,ERR,ERR,ERR,ERR,ERR,ERR,ERR,ERR,ERR,ERR,ERR,ERR,ERR,ERR,ERR,ERR,ERR,ERR,ERR,ERR,ERR,ERR,ERR,ERR,ERR,ERR,ERR,ERR,ERR,ERR,ERR,ERR,ERR,ERR,ERR,ERR,ERR,ERR,ERR,ERR,ERR,ERR,ERR,ERR,ERR,ERR,ERR,ERR,ERR,ERR,ERR,ERR,ERR,ERR,ERR,ERR,ERR,ERR,ERR,ERR,60.0,60.0,35,0.0,0.0,0.0,0.0,0.0,0.0,0.0,0.0,0.0,0.0,0.0,0.0,0.0,0.0,0.0,0.0,65.2,0,125,60,46,65476,0,300,0,0,8,20529,65476,0,0,2621,60.0,0.0,0.0,0.0,0.0,0.0
2026-07-09T15:24:14,ERR,ERR,ERR,ERR,ERR,ERR,ERR,ERR,ERR,ERR,ERR,ERR,ERR,ERR,ERR,ERR,ERR,ERR,ERR,ERR,ERR,ERR,ERR,ERR,ERR,ERR,ERR,ERR,ERR,ERR,ERR,ERR,ERR,ERR,ERR,ERR,ERR,ERR,ERR,ERR,ERR,ERR,ERR,ERR,ERR,ERR,ERR,ERR,ERR,ERR,ERR,ERR,ERR,ERR,ERR,ERR,ERR,ERR,ERR,ERR,ERR,ERR,ERR,ERR,ERR,ERR,ERR,ERR,ERR,ERR,ERR,ERR,ERR,ERR,ERR,ERR,ERR,ERR,ERR,ERR,ERR,ERR,ERR,ERR,ERR,ERR,ERR,ERR,ERR,ERR,ERR,ERR,ERR,ERR,ERR,ERR,ERR,ERR,ERR,ERR,ERR,ERR,ERR,ERR,ERR,ERR,ERR,ERR,ERR,ERR,ERR,ERR,ERR,ERR,ERR,ERR,ERR,ERR,ERR,ERR,ERR,ERR,ERR,ERR,ERR,2.7184246165485387e+23,-107616176.0,0.0,-107612384.0,1.5234272671244651e+31,-0.0,-0.0,-0.0,0,0,4,17420,7116,0.0,100,0.0,0.0,-107612384.0,0.0,0.0,0,0,0,0,0.0,0,0,0,0,0,0,0,0,0,0,0,0,0,0,0,0,0,0,0,0,0,0,0,0,0,0,0,0,0,0,0,0,0,31,40,40,71,65476,0,300,0,0,8,21553,0.0,-107605600.0,0.0,0.0,0.0,0.0,0.0,0.0,0.0,0.0,0.0,0.0,0.0,0.0,0.0,0.0,0.0,0.0,0.0,0.0,0.0,0.0,2.004,0.0,0.0,0.0,0.0,0.0,0.0,0.0,5422.0,2.422991651527172e+24,6925.0,2.7184246165485387e+23,-0.0,2.004,2.004,0.0,0.0,0.0,0.0,69,-3.222005349787938e+26,-71.63,0.0,0.0,0.0,0.0,0.0,0.0,0.0,0,0,0,0.0,0.0,0.0,0.0,0.0,0.0,0.0,0.0,0.0,0.0,0.0,0.0,0.0,0.0,0.0,0.0,0,-107875648.0,69,0.0,138,0.0,2.012,ERR,ERR,ERR,ERR,ERR,ERR,ERR,ERR,ERR,ERR,ERR,ERR,ERR,ERR,ERR,ERR,ERR,ERR,ERR,ERR,ERR,ERR,ERR,ERR,ERR,ERR,ERR,ERR,ERR,ERR,ERR,ERR,ERR,ERR,ERR,ERR,ERR,ERR,ERR,ERR,ERR,ERR,ERR,ERR,ERR,ERR,ERR,ERR,ERR,ERR,ERR,ERR,ERR,ERR,ERR,ERR,ERR,ERR,ERR,ERR,ERR,ERR,ERR,ERR,ERR,ERR,ERR,60.0,60.0,35,0.0,0.0,0.0,0.0,0.0,0.0,0.0,0.0,0.0,0.0,0.0,0.0,0.0,0.0,0.0,0.0,65.2,0,125,60,46,65476,0,300,0,0,8,20529,65476,0,0,2621,60.0,0.0,0.0,0.0,0.0,0.0
2026-07-09T15:24:15,ERR,ERR,ERR,ERR,ERR,ERR,ERR,ERR,ERR,ERR,ERR,ERR,ERR,ERR,ERR,ERR,ERR,ERR,ERR,ERR,ERR,ERR,ERR,ERR,ERR,ERR,ERR,ERR,ERR,ERR,ERR,ERR,ERR,ERR,ERR,ERR,ERR,ERR,ERR,ERR,ERR,ERR,ERR,ERR,ERR,ERR,ERR,ERR,ERR,ERR,ERR,ERR,ERR,ERR,ERR,ERR,ERR,ERR,ERR,ERR,ERR,ERR,ERR,ERR,ERR,ERR,ERR,ERR,ERR,ERR,ERR,ERR,ERR,ERR,ERR,ERR,ERR,ERR,ERR,ERR,ERR,ERR,ERR,ERR,ERR,ERR,ERR,ERR,ERR,ERR,ERR,ERR,ERR,ERR,ERR,ERR,ERR,ERR,ERR,ERR,ERR,ERR,ERR,ERR,ERR,ERR,ERR,ERR,ERR,ERR,ERR,ERR,ERR,ERR,ERR,ERR,ERR,ERR,ERR,ERR,ERR,ERR,ERR,ERR,ERR,2.7184246165485387e+23,-107616176.0,0.0,-107612384.0,1.5234272671244651e+31,-0.0,-0.0,-0.0,0,0,4,17420,7116,0.0,100,0.0,0.0,-107612384.0,0.0,0.0,0,0,0,0,0.0,0,0,0,0,0,0,0,0,0,0,0,0,0,0,0,0,0,0,0,0,0,0,0,0,0,0,0,0,0,0,0,0,0,31,40,40,71,65476,0,300,0,0,8,21553,0.0,-107605600.0,0.0,0.0,0.0,0.0,0.0,0.0,0.0,0.0,0.0,0.0,0.0,0.0,0.0,0.0,0.0,0.0,0.0,0.0,0.0,0.0,2.004,0.0,0.0,0.0,0.0,0.0,0.0,0.0,5422.0,2.422991651527172e+24,6925.0,2.7184246165485387e+23,-0.0,2.004,2.004,0.0,0.0,0.0,0.0,69,-3.222005349787938e+26,-71.63,0.0,0.0,0.0,0.0,0.0,0.0,0.0,0,0,0,0.0,0.0,0.0,0.0,0.0,0.0,0.0,0.0,0.0,0.0,0.0,0.0,0.0,0.0,0.0,0.0,0,-107875648.0,69,0.0,138,0.0,2.012,ERR,ERR,ERR,ERR,ERR,ERR,ERR,ERR,ERR,ERR,ERR,ERR,ERR,ERR,ERR,ERR,ERR,ERR,ERR,ERR,ERR,ERR,ERR,ERR,ERR,ERR,ERR,ERR,ERR,ERR,ERR,ERR,ERR,ERR,ERR,ERR,ERR,ERR,ERR,ERR,ERR,ERR,ERR,ERR,ERR,ERR,ERR,ERR,ERR,ERR,ERR,ERR,ERR,ERR,ERR,ERR,ERR,ERR,ERR,ERR,ERR,ERR,ERR,ERR,ERR,ERR,ERR,60.0,60.0,35,0.0,0.0,0.0,0.0,0.0,0.0,0.0,0.0,0.0,0.0,0.0,0.0,0.0,0.0,0.0,0.0,65.2,0,125,60,46,65476,0,300,0,0,8,20529,65476,0,0,2621,60.0,0.0,0.0,0.0,0.0,0.0
2026-07-09T15:24:16,ERR,ERR,ERR,ERR,ERR,ERR,ERR,ERR,ERR,ERR,ERR,ERR,ERR,ERR,ERR,ERR,ERR,ERR,ERR,ERR,ERR,ERR,ERR,ERR,ERR,ERR,ERR,ERR,ERR,ERR,ERR,ERR,ERR,ERR,ERR,ERR,ERR,ERR,ERR,ERR,ERR,ERR,ERR,ERR,ERR,ERR,ERR,ERR,ERR,ERR,ERR,ERR,ERR,ERR,ERR,ERR,ERR,ERR,ERR,ERR,ERR,ERR,ERR,ERR,ERR,ERR,ERR,ERR,ERR,ERR,ERR,ERR,ERR,ERR,ERR,ERR,ERR,ERR,ERR,ERR,ERR,ERR,ERR,ERR,ERR,ERR,ERR,ERR,ERR,ERR,ERR,ERR,ERR,ERR,ERR,ERR,ERR,ERR,ERR,ERR,ERR,ERR,ERR,ERR,ERR,ERR,ERR,ERR,ERR,ERR,ERR,ERR,ERR,ERR,ERR,ERR,ERR,ERR,ERR,ERR,ERR,ERR,ERR,ERR,ERR,2.7184246165485387e+23,-107616176.0,0.0,-107612384.0,1.5234272671244651e+31,-0.0,-0.0,-0.0,0,0,4,17420,7116,0.0,100,0.0,0.0,-107612384.0,0.0,0.0,0,0,0,0,0.0,0,0,0,0,0,0,0,0,0,0,0,0,0,0,0,0,0,0,0,0,0,0,0,0,0,0,0,0,0,0,0,0,0,31,40,40,71,65476,0,300,0,0,8,21553,0.0,-107605600.0,0.0,0.0,0.0,0.0,0.0,0.0,0.0,0.0,0.0,0.0,0.0,0.0,0.0,0.0,0.0,0.0,0.0,0.0,0.0,0.0,2.004,0.0,0.0,0.0,0.0,0.0,0.0,0.0,5422.0,2.422991651527172e+24,6925.0,2.7184246165485387e+23,-0.0,2.004,2.004,0.0,0.0,0.0,0.0,69,-3.222005349787938e+26,-71.63,0.0,0.0,0.0,0.0,0.0,0.0,0.0,0,0,0,0.0,0.0,0.0,0.0,0.0,0.0,0.0,0.0,0.0,0.0,0.0,0.0,0.0,0.0,0.0,0.0,0,-107875648.0,69,0.0,138,0.0,2.012,ERR,ERR,ERR,ERR,ERR,ERR,ERR,ERR,ERR,ERR,ERR,ERR,ERR,ERR,ERR,ERR,ERR,ERR,ERR,ERR,ERR,ERR,ERR,ERR,ERR,ERR,ERR,ERR,ERR,ERR,ERR,ERR,ERR,ERR,ERR,ERR,ERR,ERR,ERR,ERR,ERR,ERR,ERR,ERR,ERR,ERR,ERR,ERR,ERR,ERR,ERR,ERR,ERR,ERR,ERR,ERR,ERR,ERR,ERR,ERR,ERR,ERR,ERR,ERR,ERR,ERR,ERR,60.0,60.0,35,0.0,0.0,0.0,0.0,0.0,0.0,0.0,0.0,0.0,0.0,0.0,0.0,0.0,0.0,0.0,0.0,65.2,0,125,60,46,65476,0,300,0,0,8,20529,65476,0,0,2621,60.0,0.0,0.0,0.0,0.0,0.0
2026-07-09T15:24:17,ERR,ERR,ERR,ERR,ERR,ERR,ERR,ERR,ERR,ERR,ERR,ERR,ERR,ERR,ERR,ERR,ERR,ERR,ERR,ERR,ERR,ERR,ERR,ERR,ERR,ERR,ERR,ERR,ERR,ERR,ERR,ERR,ERR,ERR,ERR,ERR,ERR,ERR,ERR,ERR,ERR,ERR,ERR,ERR,ERR,ERR,ERR,ERR,ERR,ERR,ERR,ERR,ERR,ERR,ERR,ERR,ERR,ERR,ERR,ERR,ERR,ERR,ERR,ERR,ERR,ERR,ERR,ERR,ERR,ERR,ERR,ERR,ERR,ERR,ERR,ERR,ERR,ERR,ERR,ERR,ERR,ERR,ERR,ERR,ERR,ERR,ERR,ERR,ERR,ERR,ERR,ERR,ERR,ERR,ERR,ERR,ERR,ERR,ERR,ERR,ERR,ERR,ERR,ERR,ERR,ERR,ERR,ERR,ERR,ERR,ERR,ERR,ERR,ERR,ERR,ERR,ERR,ERR,ERR,ERR,ERR,ERR,ERR,ERR,ERR,2.7184246165485387e+23,-107616176.0,0.0,-107612384.0,1.5234272671244651e+31,-0.0,-0.0,-0.0,0,0,4,17420,7116,0.0,100,0.0,0.0,-107612384.0,0.0,0.0,0,0,0,0,0.0,0,0,0,0,0,0,0,0,0,0,0,0,0,0,0,0,0,0,0,0,0,0,0,0,0,0,0,0,0,0,0,0,0,31,40,40,71,65476,0,300,0,0,8,21553,0.0,-107605600.0,0.0,0.0,0.0,0.0,0.0,0.0,0.0,0.0,0.0,0.0,0.0,0.0,0.0,0.0,0.0,0.0,0.0,0.0,0.0,0.0,2.004,0.0,0.0,0.0,0.0,0.0,0.0,0.0,5422.0,2.422991651527172e+24,6925.0,2.7184246165485387e+23,-0.0,2.004,2.004,0.0,0.0,0.0,0.0,69,-3.222005349787938e+26,-71.63,0.0,0.0,0.0,0.0,0.0,0.0,0.0,0,0,0,0.0,0.0,0.0,0.0,0.0,0.0,0.0,0.0,0.0,0.0,0.0,0.0,0.0,0.0,0.0,0.0,0,-107875648.0,69,0.0,138,0.0,2.012,ERR,ERR,ERR,ERR,ERR,ERR,ERR,ERR,ERR,ERR,ERR,ERR,ERR,ERR,ERR,ERR,ERR,ERR,ERR,ERR,ERR,ERR,ERR,ERR,ERR,ERR,ERR,ERR,ERR,ERR,ERR,ERR,ERR,ERR,ERR,ERR,ERR,ERR,ERR,ERR,ERR,ERR,ERR,ERR,ERR,ERR,ERR,ERR,ERR,ERR,ERR,ERR,ERR,ERR,ERR,ERR,ERR,ERR,ERR,ERR,ERR,ERR,ERR,ERR,ERR,ERR,ERR,60.0,60.0,35,0.0,0.0,0.0,0.0,0.0,0.0,0.0,0.0,0.0,0.0,0.0,0.0,0.0,0.0,0.0,0.0,65.2,0,125,60,46,65476,0,300,0,0,8,20529,65476,0,0,2621,60.0,0.0,0.0,0.0,0.0,0.0
2026-07-09T15:24:18,ERR,ERR,ERR,ERR,ERR,ERR,ERR,ERR,ERR,ERR,ERR,ERR,ERR,ERR,ERR,ERR,ERR,ERR,ERR,ERR,ERR,ERR,ERR,ERR,ERR,ERR,ERR,ERR,ERR,ERR,ERR,ERR,ERR,ERR,ERR,ERR,ERR,ERR,ERR,ERR,ERR,ERR,ERR,ERR,ERR,ERR,ERR,ERR,ERR,ERR,ERR,ERR,ERR,ERR,ERR,ERR,ERR,ERR,ERR,ERR,ERR,ERR,ERR,ERR,ERR,ERR,ERR,ERR,ERR,ERR,ERR,ERR,ERR,ERR,ERR,ERR,ERR,ERR,ERR,ERR,ERR,ERR,ERR,ERR,ERR,ERR,ERR,ERR,ERR,ERR,ERR,ERR,ERR,ERR,ERR,ERR,ERR,ERR,ERR,ERR,ERR,ERR,ERR,ERR,ERR,ERR,ERR,ERR,ERR,ERR,ERR,ERR,ERR,ERR,ERR,ERR,ERR,ERR,ERR,ERR,ERR,ERR,ERR,ERR,ERR,2.7184246165485387e+23,-107616176.0,0.0,-107612384.0,1.5234272671244651e+31,-0.0,-0.0,-0.0,0,0,4,17420,7116,0.0,100,0.0,0.0,-107612384.0,0.0,0.0,0,0,0,0,0.0,0,0,0,0,0,0,0,0,0,0,0,0,0,0,0,0,0,0,0,0,0,0,0,0,0,0,0,0,0,0,0,0,0,31,40,40,71,65476,0,300,0,0,8,21553,0.0,-107605600.0,0.0,0.0,0.0,0.0,0.0,0.0,0.0,0.0,0.0,0.0,0.0,0.0,0.0,0.0,0.0,0.0,0.0,0.0,0.0,0.0,2.004,0.0,0.0,0.0,0.0,0.0,0.0,0.0,5422.0,2.422991651527172e+24,6925.0,2.7184246165485387e+23,-0.0,2.004,2.004,0.0,0.0,0.0,0.0,69,-3.222005349787938e+26,-71.63,0.0,0.0,0.0,0.0,0.0,0.0,0.0,0,0,0,0.0,0.0,0.0,0.0,0.0,0.0,0.0,0.0,0.0,0.0,0.0,0.0,0.0,0.0,0.0,0.0,0,-107875648.0,69,0.0,138,0.0,2.012,ERR,ERR,ERR,ERR,ERR,ERR,ERR,ERR,ERR,ERR,ERR,ERR,ERR,ERR,ERR,ERR,ERR,ERR,ERR,ERR,ERR,ERR,ERR,ERR,ERR,ERR,ERR,ERR,ERR,ERR,ERR,ERR,ERR,ERR,ERR,ERR,ERR,ERR,ERR,ERR,ERR,ERR,ERR,ERR,ERR,ERR,ERR,ERR,ERR,ERR,ERR,ERR,ERR,ERR,ERR,ERR,ERR,ERR,ERR,ERR,ERR,ERR,ERR,ERR,ERR,ERR,ERR,60.0,60.0,35,0.0,0.0,0.0,0.0,0.0,0.0,0.0,0.0,0.0,0.0,0.0,0.0,0.0,0.0,0.0,0.0,65.6,0,124,60,46,65476,0,300,0,0,8,20529,65476,0,0,2621,60.0,0.0,0.0,0.0,0.0,0.0
2026-07-09T15:24:19,ERR,ERR,ERR,ERR,ERR,ERR,ERR,ERR,ERR,ERR,ERR,ERR,ERR,ERR,ERR,ERR,ERR,ERR,ERR,ERR,ERR,ERR,ERR,ERR,ERR,ERR,ERR,ERR,ERR,ERR,ERR,ERR,ERR,ERR,ERR,ERR,ERR,ERR,ERR,ERR,ERR,ERR,ERR,ERR,ERR,ERR,ERR,ERR,ERR,ERR,ERR,ERR,ERR,ERR,ERR,ERR,ERR,ERR,ERR,ERR,ERR,ERR,ERR,ERR,ERR,ERR,ERR,ERR,ERR,ERR,ERR,ERR,ERR,ERR,ERR,ERR,ERR,ERR,ERR,ERR,ERR,ERR,ERR,ERR,ERR,ERR,ERR,ERR,ERR,ERR,ERR,ERR,ERR,ERR,ERR,ERR,ERR,ERR,ERR,ERR,ERR,ERR,ERR,ERR,ERR,ERR,ERR,ERR,ERR,ERR,ERR,ERR,ERR,ERR,ERR,ERR,ERR,ERR,ERR,ERR,ERR,ERR,ERR,ERR,ERR,2.7184246165485387e+23,2.7184487558425414e+23,2.7184267782763598e+23,0.0,0.0,0.0,-7363377831608320.0,1319119488.0,0,0,4,17417,7116,0.0,100,0.0,0.0,0.0,0.0,0.0,0,0,0,0,0.0,0,0,0,0,0,0,0,0,0,0,0,0,0,0,0,0,0,0,0,0,0,0,0,0,0,0,0,0,0,0,0,0,0,31,40,40,71,65476,0,300,0,0,8,21553,0.0,-107605600.0,0.0,0.0,0.0,0.0,0.0,0.0,0.0,0.0,0.0,0.0,0.0,0.0,0.0,0.0,0.0,0.0,0.0,0.0,0.0,0.0,-0.0,0.0,0.0,0.0,0.0,0.0,0.0,0.0,5429.0,1.0406669901790231e+34,6927.0,-107615104.0,2.7184487558425414e+23,2.004,2.004,0.0,0.0,0.0,0.0,69,0.059,-4.950407707648602e+32,0.0,0.0,0.0,0.0,0.0,0.0,0.0,0,0,0,0.0,0.0,0.0,0.0,0.0,0.0,0.0,0.0,0.0,0.0,0.0,0.0,0.0,0.0,0.0,0.0,0,-107875648.0,69,0.0,138,0.0,2.012,ERR,ERR,ERR,ERR,ERR,ERR,ERR,ERR,ERR,ERR,ERR,ERR,ERR,ERR,ERR,ERR,ERR,ERR,ERR,ERR,ERR,ERR,ERR,ERR,ERR,ERR,ERR,ERR,ERR,ERR,ERR,ERR,ERR,ERR,ERR,ERR,ERR,ERR,ERR,ERR,ERR,ERR,ERR,ERR,ERR,ERR,ERR,ERR,ERR,ERR,ERR,ERR,ERR,ERR,ERR,ERR,ERR,ERR,ERR,ERR,ERR,ERR,ERR,ERR,ERR,ERR,ERR,60.0,60.0,35,0.0,0.0,0.0,0.0,0.0,0.0,0.0,0.0,0.0,0.0,0.0,0.0,0.0,0.0,0.0,0.0,65.6,0,124,60,46,65476,0,300,0,0,8,20529,65476,0,0,2621,60.0,0.0,0.0,0.0,0.0,0.0
2026-07-09T15:24:20,ERR,ERR,ERR,ERR,ERR,ERR,ERR,ERR,ERR,ERR,ERR,ERR,ERR,ERR,ERR,ERR,ERR,ERR,ERR,ERR,ERR,ERR,ERR,ERR,ERR,ERR,ERR,ERR,ERR,ERR,ERR,ERR,ERR,ERR,ERR,ERR,ERR,ERR,ERR,ERR,ERR,ERR,ERR,ERR,ERR,ERR,ERR,ERR,ERR,ERR,ERR,ERR,ERR,ERR,ERR,ERR,ERR,ERR,ERR,ERR,ERR,ERR,ERR,ERR,ERR,ERR,ERR,ERR,ERR,ERR,ERR,ERR,ERR,ERR,ERR,ERR,ERR,ERR,ERR,ERR,ERR,ERR,ERR,ERR,ERR,ERR,ERR,ERR,ERR,ERR,ERR,ERR,ERR,ERR,ERR,ERR,ERR,ERR,ERR,ERR,ERR,ERR,ERR,ERR,ERR,ERR,ERR,ERR,ERR,ERR,ERR,ERR,ERR,ERR,ERR,ERR,ERR,ERR,ERR,ERR,ERR,ERR,ERR,ERR,ERR,2.7184246165485387e+23,2.7184487558425414e+23,2.7184267782763598e+23,0.0,0.0,0.0,-7363377831608320.0,1319119488.0,0,0,4,17417,7116,0.0,100,0.0,0.0,0.0,0.0,0.0,0,0,0,0,0.0,0,0,0,0,0,0,0,0,0,0,0,0,0,0,0,0,0,0,0,0,0,0,0,0,0,0,0,0,0,0,0,0,0,31,40,40,71,65476,0,300,0,0,8,21553,0.0,-107605600.0,0.0,0.0,0.0,0.0,0.0,0.0,0.0,0.0,0.0,0.0,0.0,0.0,0.0,0.0,0.0,0.0,0.0,0.0,0.0,0.0,-0.0,0.0,0.0,0.0,0.0,0.0,0.0,0.0,5429.0,1.0406669901790231e+34,6927.0,-107615104.0,2.7184487558425414e+23,2.004,2.004,0.0,0.0,0.0,0.0,69,0.059,-4.950407707648602e+32,0.0,0.0,0.0,0.0,0.0,0.0,0.0,0,0,0,0.0,0.0,0.0,0.0,0.0,0.0,0.0,0.0,0.0,0.0,0.0,0.0,0.0,0.0,0.0,0.0,0,-107875648.0,69,0.0,138,0.0,2.012,ERR,ERR,ERR,ERR,ERR,ERR,ERR,ERR,ERR,ERR,ERR,ERR,ERR,ERR,ERR,ERR,ERR,ERR,ERR,ERR,ERR,ERR,ERR,ERR,ERR,ERR,ERR,ERR,ERR,ERR,ERR,ERR,ERR,ERR,ERR,ERR,ERR,ERR,ERR,ERR,ERR,ERR,ERR,ERR,ERR,ERR,ERR,ERR,ERR,ERR,ERR,ERR,ERR,ERR,ERR,ERR,ERR,ERR,ERR,ERR,ERR,ERR,ERR,ERR,ERR,ERR,ERR,60.0,60.0,35,0.0,0.0,0.0,0.0,0.0,0.0,0.0,0.0,0.0,0.0,0.0,0.0,0.0,0.0,0.0,0.0,65.2,0,125,60,46,65476,0,300,0,0,8,20529,65476,0,0,2621,60.0,0.0,0.0,0.0,0.0,0.0
2026-07-09T15:24:21,ERR,ERR,ERR,ERR,ERR,ERR,ERR,ERR,ERR,ERR,ERR,ERR,ERR,ERR,ERR,ERR,ERR,ERR,ERR,ERR,ERR,ERR,ERR,ERR,ERR,ERR,ERR,ERR,ERR,ERR,ERR,ERR,ERR,ERR,ERR,ERR,ERR,ERR,ERR,ERR,ERR,ERR,ERR,ERR,ERR,ERR,ERR,ERR,ERR,ERR,ERR,ERR,ERR,ERR,ERR,ERR,ERR,ERR,ERR,ERR,ERR,ERR,ERR,ERR,ERR,ERR,ERR,ERR,ERR,ERR,ERR,ERR,ERR,ERR,ERR,ERR,ERR,ERR,ERR,ERR,ERR,ERR,ERR,ERR,ERR,ERR,ERR,ERR,ERR,ERR,ERR,ERR,ERR,ERR,ERR,ERR,ERR,ERR,ERR,ERR,ERR,ERR,ERR,ERR,ERR,ERR,ERR,ERR,ERR,ERR,ERR,ERR,ERR,ERR,ERR,ERR,ERR,ERR,ERR,ERR,ERR,ERR,ERR,ERR,ERR,2.7184246165485387e+23,2.7184487558425414e+23,2.7184267782763598e+23,0.0,0.0,0.0,-7363377831608320.0,1319119488.0,0,0,4,17417,7116,0.0,100,0.0,0.0,0.0,0.0,0.0,0,0,0,0,0.0,0,0,0,0,0,0,0,0,0,0,0,0,0,0,0,0,0,0,0,0,0,0,0,0,0,0,0,0,0,0,0,0,0,31,40,40,71,65476,0,300,0,0,8,21553,0.0,-107605600.0,0.0,0.0,0.0,0.0,0.0,0.0,0.0,0.0,0.0,0.0,0.0,0.0,0.0,0.0,0.0,0.0,0.0,0.0,0.0,0.0,-0.0,0.0,0.0,0.0,0.0,0.0,0.0,0.0,5429.0,1.0406669901790231e+34,6927.0,-107615104.0,2.7184487558425414e+23,2.004,2.004,0.0,0.0,0.0,0.0,69,0.059,-4.950407707648602e+32,0.0,0.0,0.0,0.0,0.0,0.0,0.0,0,0,0,0.0,0.0,0.0,0.0,0.0,0.0,0.0,0.0,0.0,0.0,0.0,0.0,0.0,0.0,0.0,0.0,0,-107875648.0,69,0.0,138,0.0,2.012,ERR,ERR,ERR,ERR,ERR,ERR,ERR,ERR,ERR,ERR,ERR,ERR,ERR,ERR,ERR,ERR,ERR,ERR,ERR,ERR,ERR,ERR,ERR,ERR,ERR,ERR,ERR,ERR,ERR,ERR,ERR,ERR,ERR,ERR,ERR,ERR,ERR,ERR,ERR,ERR,ERR,ERR,ERR,ERR,ERR,ERR,ERR,ERR,ERR,ERR,ERR,ERR,ERR,ERR,ERR,ERR,ERR,ERR,ERR,ERR,ERR,ERR,ERR,ERR,ERR,ERR,ERR,60.0,60.0,35,0.0,0.0,0.0,0.0,0.0,0.0,0.0,0.0,0.0,0.0,0.0,0.0,0.0,0.0,0.0,0.0,65.2,0,125,60,46,65476,0,300,0,0,8,20529,65476,0,0,2621,60.0,0.0,0.0,0.0,0.0,0.0
2026-07-09T15:24:22,ERR,ERR,ERR,ERR,ERR,ERR,ERR,ERR,ERR,ERR,ERR,ERR,ERR,ERR,ERR,ERR,ERR,ERR,ERR,ERR,ERR,ERR,ERR,ERR,ERR,ERR,ERR,ERR,ERR,ERR,ERR,ERR,ERR,ERR,ERR,ERR,ERR,ERR,ERR,ERR,ERR,ERR,ERR,ERR,ERR,ERR,ERR,ERR,ERR,ERR,ERR,ERR,ERR,ERR,ERR,ERR,ERR,ERR,ERR,ERR,ERR,ERR,ERR,ERR,ERR,ERR,ERR,ERR,ERR,ERR,ERR,ERR,ERR,ERR,ERR,ERR,ERR,ERR,ERR,ERR,ERR,ERR,ERR,ERR,ERR,ERR,ERR,ERR,ERR,ERR,ERR,ERR,ERR,ERR,ERR,ERR,ERR,ERR,ERR,ERR,ERR,ERR,ERR,ERR,ERR,ERR,ERR,ERR,ERR,ERR,ERR,ERR,ERR,ERR,ERR,ERR,ERR,ERR,ERR,ERR,ERR,ERR,ERR,ERR,ERR,2.7184246165485387e+23,2.7184487558425414e+23,2.7184267782763598e+23,0.0,0.0,0.0,-7363377831608320.0,1319119488.0,0,0,4,17417,7116,0.0,100,0.0,0.0,0.0,0.0,0.0,0,0,0,0,0.0,0,0,0,0,0,0,0,0,0,0,0,0,0,0,0,0,0,0,0,0,0,0,0,0,0,0,0,0,0,0,0,0,0,31,40,40,71,65476,0,300,0,0,8,21553,0.0,-107605600.0,0.0,0.0,0.0,0.0,0.0,0.0,0.0,0.0,0.0,0.0,0.0,0.0,0.0,0.0,0.0,0.0,0.0,0.0,0.0,0.0,-0.0,0.0,0.0,0.0,0.0,0.0,0.0,0.0,5429.0,1.0406669901790231e+34,6927.0,-107615104.0,2.7184487558425414e+23,2.004,2.004,0.0,0.0,0.0,0.0,69,0.059,-4.950407707648602e+32,0.0,0.0,0.0,0.0,0.0,0.0,0.0,0,0,0,0.0,0.0,0.0,0.0,0.0,0.0,0.0,0.0,0.0,0.0,0.0,0.0,0.0,0.0,0.0,0.0,0,-107875648.0,69,0.0,138,0.0,2.012,ERR,ERR,ERR,ERR,ERR,ERR,ERR,ERR,ERR,ERR,ERR,ERR,ERR,ERR,ERR,ERR,ERR,ERR,ERR,ERR,ERR,ERR,ERR,ERR,ERR,ERR,ERR,ERR,ERR,ERR,ERR,ERR,ERR,ERR,ERR,ERR,ERR,ERR,ERR,ERR,ERR,ERR,ERR,ERR,ERR,ERR,ERR,ERR,ERR,ERR,ERR,ERR,ERR,ERR,ERR,ERR,ERR,ERR,ERR,ERR,ERR,ERR,ERR,ERR,ERR,ERR,ERR,60.0,60.0,35,0.0,0.0,0.0,0.0,0.0,0.0,0.0,0.0,0.0,0.0,0.0,0.0,0.0,0.0,0.0,0.0,65.2,0,125,60,46,65476,0,300,0,0,8,20529,65476,0,0,2621,60.0,0.0,0.0,0.0,0.0,0.0
2026-07-09T15:24:23,ERR,ERR,ERR,ERR,ERR,ERR,ERR,ERR,ERR,ERR,ERR,ERR,ERR,ERR,ERR,ERR,ERR,ERR,ERR,ERR,ERR,ERR,ERR,ERR,ERR,ERR,ERR,ERR,ERR,ERR,ERR,ERR,ERR,ERR,ERR,ERR,ERR,ERR,ERR,ERR,ERR,ERR,ERR,ERR,ERR,ERR,ERR,ERR,ERR,ERR,ERR,ERR,ERR,ERR,ERR,ERR,ERR,ERR,ERR,ERR,ERR,ERR,ERR,ERR,ERR,ERR,ERR,ERR,ERR,ERR,ERR,ERR,ERR,ERR,ERR,ERR,ERR,ERR,ERR,ERR,ERR,ERR,ERR,ERR,ERR,ERR,ERR,ERR,ERR,ERR,ERR,ERR,ERR,ERR,ERR,ERR,ERR,ERR,ERR,ERR,ERR,ERR,ERR,ERR,ERR,ERR,ERR,ERR,ERR,ERR,ERR,ERR,ERR,ERR,ERR,ERR,ERR,ERR,ERR,ERR,ERR,ERR,ERR,ERR,ERR,-107615104.0,0.0,-0.0,0.0,-0.0,-5.784876067552664e+26,9.892053227426284e+18,-47251764.0,0,0,4,17411,7116,0.0,100,0.0,0.0,0.0,0.0,0.0,0,0,0,0,0.0,0,0,0,0,0,0,0,0,0,0,0,0,0,0,0,0,0,0,0,0,0,0,0,0,0,0,0,0,0,0,0,0,0,31,40,40,71,65476,0,300,0,0,8,21553,0.0,-107605600.0,0.0,0.0,0.0,0.0,0.0,0.0,0.0,0.0,0.0,0.0,0.0,0.0,0.0,0.0,0.0,0.0,0.0,0.0,0.0,0.0,-0.0,-3.69707222422006e+19,0.0,0.0,0.0,0.0,0.0,0.0,5411.0,-0.0,6933.0,-107615104.0,0.0,2.004,2.004,0.0,0.0,0.0,0.0,69,-71.63,0.0,0.0,0.0,0.0,0.0,0.0,0.0,0.0,0,0,0,0.0,0.0,0.0,0.0,0.0,0.0,0.0,0.0,0.0,0.0,0.0,0.0,0.0,0.0,0.0,0.0,0,-107875648.0,69,0.0,138,0.0,2.012,ERR,ERR,ERR,ERR,ERR,ERR,ERR,ERR,ERR,ERR,ERR,ERR,ERR,ERR,ERR,ERR,ERR,ERR,ERR,ERR,ERR,ERR,ERR,ERR,ERR,ERR,ERR,ERR,ERR,ERR,ERR,ERR,ERR,ERR,ERR,ERR,ERR,ERR,ERR,ERR,ERR,ERR,ERR,ERR,ERR,ERR,ERR,ERR,ERR,ERR,ERR,ERR,ERR,ERR,ERR,ERR,ERR,ERR,ERR,ERR,ERR,ERR,ERR,ERR,ERR,ERR,ERR,60.0,60.0,35,0.0,0.0,0.0,0.0,0.0,0.0,0.0,0.0,0.0,0.0,0.0,0.0,0.0,0.0,0.0,0.0,65.2,0,125,60,46,65476,0,300,0,0,8,20529,65476,0,0,2621,60.0,0.0,0.0,0.0,0.0,0.0
2026-07-09T15:24:24,ERR,ERR,ERR,ERR,ERR,ERR,ERR,ERR,ERR,ERR,ERR,ERR,ERR,ERR,ERR,ERR,ERR,ERR,ERR,ERR,ERR,ERR,ERR,ERR,ERR,ERR,ERR,ERR,ERR,ERR,ERR,ERR,ERR,ERR,ERR,ERR,ERR,ERR,ERR,ERR,ERR,ERR,ERR,ERR,ERR,ERR,ERR,ERR,ERR,ERR,ERR,ERR,ERR,ERR,ERR,ERR,ERR,ERR,ERR,ERR,ERR,ERR,ERR,ERR,ERR,ERR,ERR,ERR,ERR,ERR,ERR,ERR,ERR,ERR,ERR,ERR,ERR,ERR,ERR,ERR,ERR,ERR,ERR,ERR,ERR,ERR,ERR,ERR,ERR,ERR,ERR,ERR,ERR,ERR,ERR,ERR,ERR,ERR,ERR,ERR,ERR,ERR,ERR,ERR,ERR,ERR,ERR,ERR,ERR,ERR,ERR,ERR,ERR,ERR,ERR,ERR,ERR,ERR,ERR,ERR,ERR,ERR,ERR,ERR,ERR,-107615104.0,0.0,-0.0,0.0,-0.0,-5.784876067552664e+26,9.892053227426284e+18,-47251764.0,0,0,4,17411,7116,0.0,100,0.0,0.0,0.0,0.0,0.0,0,0,0,0,0.0,0,0,0,0,0,0,0,0,0,0,0,0,0,0,0,0,0,0,0,0,0,0,0,0,0,0,0,0,0,0,0,0,0,31,40,40,71,65476,0,300,0,0,8,21553,0.0,-107605600.0,0.0,0.0,0.0,0.0,0.0,0.0,0.0,0.0,0.0,0.0,0.0,0.0,0.0,0.0,0.0,0.0,0.0,0.0,0.0,0.0,-0.0,-3.69707222422006e+19,0.0,0.0,0.0,0.0,0.0,0.0,5411.0,-0.0,6933.0,-107615104.0,0.0,2.004,2.004,0.0,0.0,0.0,0.0,69,-71.63,0.0,0.0,0.0,0.0,0.0,0.0,0.0,0.0,0,0,0,0.0,0.0,0.0,0.0,0.0,0.0,0.0,0.0,0.0,0.0,0.0,0.0,0.0,0.0,0.0,0.0,0,-107875648.0,69,0.0,138,0.0,2.012,ERR,ERR,ERR,ERR,ERR,ERR,ERR,ERR,ERR,ERR,ERR,ERR,ERR,ERR,ERR,ERR,ERR,ERR,ERR,ERR,ERR,ERR,ERR,ERR,ERR,ERR,ERR,ERR,ERR,ERR,ERR,ERR,ERR,ERR,ERR,ERR,ERR,ERR,ERR,ERR,ERR,ERR,ERR,ERR,ERR,ERR,ERR,ERR,ERR,ERR,ERR,ERR,ERR,ERR,ERR,ERR,ERR,ERR,ERR,ERR,ERR,ERR,ERR,ERR,ERR,ERR,ERR,60.0,60.0,35,0.0,0.0,0.0,0.0,0.0,0.0,0.0,0.0,0.0,0.0,0.0,0.0,0.0,0.0,0.0,0.0,65.2,0,125,60,46,65476,0,300,0,0,8,20529,65476,0,0,2621,60.0,0.0,0.0,0.0,0.0,0.0
2026-07-09T15:24:25,ERR,ERR,ERR,ERR,ERR,ERR,ERR,ERR,ERR,ERR,ERR,ERR,ERR,ERR,ERR,ERR,ERR,ERR,ERR,ERR,ERR,ERR,ERR,ERR,ERR,ERR,ERR,ERR,ERR,ERR,ERR,ERR,ERR,ERR,ERR,ERR,ERR,ERR,ERR,ERR,ERR,ERR,ERR,ERR,ERR,ERR,ERR,ERR,ERR,ERR,ERR,ERR,ERR,ERR,ERR,ERR,ERR,ERR,ERR,ERR,ERR,ERR,ERR,ERR,ERR,ERR,ERR,ERR,ERR,ERR,ERR,ERR,ERR,ERR,ERR,ERR,ERR,ERR,ERR,ERR,ERR,ERR,ERR,ERR,ERR,ERR,ERR,ERR,ERR,ERR,ERR,ERR,ERR,ERR,ERR,ERR,ERR,ERR,ERR,ERR,ERR,ERR,ERR,ERR,ERR,ERR,ERR,ERR,ERR,ERR,ERR,ERR,ERR,ERR,ERR,ERR,ERR,ERR,ERR,ERR,ERR,ERR,ERR,ERR,ERR,-107615104.0,0.0,-0.0,0.0,-0.0,-5.784876067552664e+26,9.892053227426284e+18,-47251764.0,0,0,4,17411,7116,0.0,100,0.0,0.0,0.0,0.0,0.0,0,0,0,0,0.0,0,0,0,0,0,0,0,0,0,0,0,0,0,0,0,0,0,0,0,0,0,0,0,0,0,0,0,0,0,0,0,0,0,31,40,40,71,65476,0,300,0,0,8,21553,0.0,-107605600.0,0.0,0.0,0.0,0.0,0.0,0.0,0.0,0.0,0.0,0.0,0.0,0.0,0.0,0.0,0.0,0.0,0.0,0.0,0.0,0.0,-0.0,-3.69707222422006e+19,0.0,0.0,0.0,0.0,0.0,0.0,5411.0,-0.0,6933.0,-107615104.0,0.0,2.004,2.004,0.0,0.0,0.0,0.0,69,-71.63,0.0,0.0,0.0,0.0,0.0,0.0,0.0,0.0,0,0,0,0.0,0.0,0.0,0.0,0.0,0.0,0.0,0.0,0.0,0.0,0.0,0.0,0.0,0.0,0.0,0.0,0,-107875648.0,69,0.0,138,0.0,2.012,ERR,ERR,ERR,ERR,ERR,ERR,ERR,ERR,ERR,ERR,ERR,ERR,ERR,ERR,ERR,ERR,ERR,ERR,ERR,ERR,ERR,ERR,ERR,ERR,ERR,ERR,ERR,ERR,ERR,ERR,ERR,ERR,ERR,ERR,ERR,ERR,ERR,ERR,ERR,ERR,ERR,ERR,ERR,ERR,ERR,ERR,ERR,ERR,ERR,ERR,ERR,ERR,ERR,ERR,ERR,ERR,ERR,ERR,ERR,ERR,ERR,ERR,ERR,ERR,ERR,ERR,ERR,60.0,60.0,35,0.0,0.0,0.0,0.0,0.0,0.0,0.0,0.0,0.0,0.0,0.0,0.0,0.0,0.0,0.0,0.0,65.2,0,125,60,46,65476,0,300,0,0,8,20529,65476,0,0,2621,60.0,0.0,0.0,0.0,0.0,0.0
2026-07-09T15:24:26,ERR,ERR,ERR,ERR,ERR,ERR,ERR,ERR,ERR,ERR,ERR,ERR,ERR,ERR,ERR,ERR,ERR,ERR,ERR,ERR,ERR,ERR,ERR,ERR,ERR,ERR,ERR,ERR,ERR,ERR,ERR,ERR,ERR,ERR,ERR,ERR,ERR,ERR,ERR,ERR,ERR,ERR,ERR,ERR,ERR,ERR,ERR,ERR,ERR,ERR,ERR,ERR,ERR,ERR,ERR,ERR,ERR,ERR,ERR,ERR,ERR,ERR,ERR,ERR,ERR,ERR,ERR,ERR,ERR,ERR,ERR,ERR,ERR,ERR,ERR,ERR,ERR,ERR,ERR,ERR,ERR,ERR,ERR,ERR,ERR,ERR,ERR,ERR,ERR,ERR,ERR,ERR,ERR,ERR,ERR,ERR,ERR,ERR,ERR,ERR,ERR,ERR,ERR,ERR,ERR,ERR,ERR,ERR,ERR,ERR,ERR,ERR,ERR,ERR,ERR,ERR,ERR,ERR,ERR,ERR,ERR,ERR,ERR,ERR,ERR,-107615104.0,0.0,-0.0,0.0,-0.0,-5.784876067552664e+26,9.892053227426284e+18,-47251764.0,0,0,4,17411,7116,0.0,100,0.0,0.0,0.0,0.0,0.0,0,0,0,0,0.0,0,0,0,0,0,0,0,0,0,0,0,0,0,0,0,0,0,0,0,0,0,0,0,0,0,0,0,0,0,0,0,0,0,31,40,40,71,65476,0,300,0,0,8,21553,0.0,-107605600.0,0.0,0.0,0.0,0.0,0.0,0.0,0.0,0.0,0.0,0.0,0.0,0.0,0.0,0.0,0.0,0.0,0.0,0.0,0.0,0.0,-0.0,-3.69707222422006e+19,0.0,0.0,0.0,0.0,0.0,0.0,5411.0,-0.0,6933.0,-107615104.0,0.0,2.004,2.004,0.0,0.0,0.0,0.0,69,-71.63,0.0,0.0,0.0,0.0,0.0,0.0,0.0,0.0,0,0,0,0.0,0.0,0.0,0.0,0.0,0.0,0.0,0.0,0.0,0.0,0.0,0.0,0.0,0.0,0.0,0.0,0,-107875648.0,69,0.0,138,0.0,2.012,ERR,ERR,ERR,ERR,ERR,ERR,ERR,ERR,ERR,ERR,ERR,ERR,ERR,ERR,ERR,ERR,ERR,ERR,ERR,ERR,ERR,ERR,ERR,ERR,ERR,ERR,ERR,ERR,ERR,ERR,ERR,ERR,ERR,ERR,ERR,ERR,ERR,ERR,ERR,ERR,ERR,ERR,ERR,ERR,ERR,ERR,ERR,ERR,ERR,ERR,ERR,ERR,ERR,ERR,ERR,ERR,ERR,ERR,ERR,ERR,ERR,ERR,ERR,ERR,ERR,ERR,ERR,60.0,60.0,35,0.0,0.0,0.0,0.0,0.0,0.0,0.0,0.0,0.0,0.0,0.0,0.0,0.0,0.0,0.0,0.0,65.2,0,125,60,46,65476,0,300,0,0,8,20529,65476,0,0,2621,60.0,0.0,0.0,0.0,0.0,0.0
2026-07-09T15:24:27,ERR,ERR,ERR,ERR,ERR,ERR,ERR,ERR,ERR,ERR,ERR,ERR,ERR,ERR,ERR,ERR,ERR,ERR,ERR,ERR,ERR,ERR,ERR,ERR,ERR,ERR,ERR,ERR,ERR,ERR,ERR,ERR,ERR,ERR,ERR,ERR,ERR,ERR,ERR,ERR,ERR,ERR,ERR,ERR,ERR,ERR,ERR,ERR,ERR,ERR,ERR,ERR,ERR,ERR,ERR,ERR,ERR,ERR,ERR,ERR,ERR,ERR,ERR,ERR,ERR,ERR,ERR,ERR,ERR,ERR,ERR,ERR,ERR,ERR,ERR,ERR,ERR,ERR,ERR,ERR,ERR,ERR,ERR,ERR,ERR,ERR,ERR,ERR,ERR,ERR,ERR,ERR,ERR,ERR,ERR,ERR,ERR,ERR,ERR,ERR,ERR,ERR,ERR,ERR,ERR,ERR,ERR,ERR,ERR,ERR,ERR,ERR,ERR,ERR,ERR,ERR,ERR,ERR,ERR,ERR,ERR,ERR,ERR,ERR,ERR,-107615104.0,0.0,-0.0,0.0,-0.0,-5.784876067552664e+26,9.892053227426284e+18,-47251764.0,0,0,4,17411,7116,0.0,100,0.0,0.0,0.0,0.0,0.0,0,0,0,0,0.0,0,0,0,0,0,0,0,0,0,0,0,0,0,0,0,0,0,0,0,0,0,0,0,0,0,0,0,0,0,0,0,0,0,31,40,40,71,65476,0,300,0,0,8,21553,0.0,-107605600.0,0.0,0.0,0.0,0.0,0.0,0.0,0.0,0.0,0.0,0.0,0.0,0.0,0.0,0.0,0.0,0.0,0.0,0.0,0.0,0.0,-0.0,-3.69707222422006e+19,0.0,0.0,0.0,0.0,0.0,0.0,5411.0,-0.0,6933.0,-107615104.0,0.0,2.004,2.004,0.0,0.0,0.0,0.0,69,-71.63,0.0,0.0,0.0,0.0,0.0,0.0,0.0,0.0,0,0,0,0.0,0.0,0.0,0.0,0.0,0.0,0.0,0.0,0.0,0.0,0.0,0.0,0.0,0.0,0.0,0.0,0,-107875648.0,69,0.0,138,0.0,2.012,ERR,ERR,ERR,ERR,ERR,ERR,ERR,ERR,ERR,ERR,ERR,ERR,ERR,ERR,ERR,ERR,ERR,ERR,ERR,ERR,ERR,ERR,ERR,ERR,ERR,ERR,ERR,ERR,ERR,ERR,ERR,ERR,ERR,ERR,ERR,ERR,ERR,ERR,ERR,ERR,ERR,ERR,ERR,ERR,ERR,ERR,ERR,ERR,ERR,ERR,ERR,ERR,ERR,ERR,ERR,ERR,ERR,ERR,ERR,ERR,ERR,ERR,ERR,ERR,ERR,ERR,ERR,60.0,60.0,35,0.0,0.0,0.0,0.0,0.0,0.0,0.0,0.0,0.0,0.0,0.0,0.0,0.0,0.0,0.0,0.0,65.2,0,125,60,46,65476,0,300,0,0,8,20529,65476,0,0,2621,60.0,0.0,0.0,0.0,0.0,0.0
2026-07-09T15:24:28,ERR,ERR,ERR,ERR,ERR,ERR,ERR,ERR,ERR,ERR,ERR,ERR,ERR,ERR,ERR,ERR,ERR,ERR,ERR,ERR,ERR,ERR,ERR,ERR,ERR,ERR,ERR,ERR,ERR,ERR,ERR,ERR,ERR,ERR,ERR,ERR,ERR,ERR,ERR,ERR,ERR,ERR,ERR,ERR,ERR,ERR,ERR,ERR,ERR,ERR,ERR,ERR,ERR,ERR,ERR,ERR,ERR,ERR,ERR,ERR,ERR,ERR,ERR,ERR,ERR,ERR,ERR,ERR,ERR,ERR,ERR,ERR,ERR,ERR,ERR,ERR,ERR,ERR,ERR,ERR,ERR,ERR,ERR,ERR,ERR,ERR,ERR,ERR,ERR,ERR,ERR,ERR,ERR,ERR,ERR,ERR,ERR,ERR,ERR,ERR,ERR,ERR,ERR,ERR,ERR,ERR,ERR,ERR,ERR,ERR,ERR,ERR,ERR,ERR,ERR,ERR,ERR,ERR,ERR,ERR,ERR,ERR,ERR,ERR,ERR,-107615104.0,0.0,0.0,0.0,275486146560.0,-81.128,-7.616224679590744e+23,-0.0,0,0,4,17409,7116,0.0,100,0.0,0.0,0.0,0.0,0.0,0,0,0,0,0.0,0,0,0,0,0,0,0,0,0,0,0,0,0,0,0,0,0,0,0,0,0,0,0,0,0,0,0,0,0,0,0,0,0,31,40,40,71,65476,0,300,0,0,8,21553,0.0,-107605600.0,0.0,0.0,0.0,0.0,0.0,0.0,0.0,0.0,0.0,0.0,0.0,0.0,0.0,0.0,0.0,0.0,0.0,0.0,0.0,0.0,-0.0,-2.004,0.0,0.0,0.0,0.0,0.0,0.0,5417.0,-1.0406669901790231e+34,6943.0,-107615104.0,0.0,2.004,2.004,0.0,0.0,0.0,0.0,69,0.0,-0.0,0.0,0.0,0.0,0.0,0.0,0.0,0.0,0,0,0,0.0,0.0,0.0,0.0,0.0,0.0,0.0,0.0,0.0,0.0,0.0,0.0,0.0,0.0,0.0,0.0,0,-107875648.0,69,0.0,138,0.0,2.012,ERR,ERR,ERR,ERR,ERR,ERR,ERR,ERR,ERR,ERR,ERR,ERR,ERR,ERR,ERR,ERR,ERR,ERR,ERR,ERR,ERR,ERR,ERR,ERR,ERR,ERR,ERR,ERR,ERR,ERR,ERR,ERR,ERR,ERR,ERR,ERR,ERR,ERR,ERR,ERR,ERR,ERR,ERR,ERR,ERR,ERR,ERR,ERR,ERR,ERR,ERR,ERR,ERR,ERR,ERR,ERR,ERR,ERR,ERR,ERR,ERR,ERR,ERR,ERR,ERR,ERR,ERR,60.0,60.0,35,0.0,0.0,0.0,0.0,0.0,0.0,0.0,0.0,0.0,0.0,0.0,0.0,0.0,0.0,0.0,0.0,65.2,0,125,60,46,65476,0,300,0,0,8,20529,65476,0,0,2621,60.0,0.0,0.0,0.0,0.0,0.0
2026-07-09T15:24:29,ERR,ERR,ERR,ERR,ERR,ERR,ERR,ERR,ERR,ERR,ERR,ERR,ERR,ERR,ERR,ERR,ERR,ERR,ERR,ERR,ERR,ERR,ERR,ERR,ERR,ERR,ERR,ERR,ERR,ERR,ERR,ERR,ERR,ERR,ERR,ERR,ERR,ERR,ERR,ERR,ERR,ERR,ERR,ERR,ERR,ERR,ERR,ERR,ERR,ERR,ERR,ERR,ERR,ERR,ERR,ERR,ERR,ERR,ERR,ERR,ERR,ERR,ERR,ERR,ERR,ERR,ERR,ERR,ERR,ERR,ERR,ERR,ERR,ERR,ERR,ERR,ERR,ERR,ERR,ERR,ERR,ERR,ERR,ERR,ERR,ERR,ERR,ERR,ERR,ERR,ERR,ERR,ERR,ERR,ERR,ERR,ERR,ERR,ERR,ERR,ERR,ERR,ERR,ERR,ERR,ERR,ERR,ERR,ERR,ERR,ERR,ERR,ERR,ERR,ERR,ERR,ERR,ERR,ERR,ERR,ERR,ERR,ERR,ERR,ERR,-107615104.0,0.0,0.0,0.0,275486146560.0,-81.128,-7.616224679590744e+23,-0.0,0,0,4,17409,7116,0.0,100,0.0,0.0,0.0,0.0,0.0,0,0,0,0,0.0,0,0,0,0,0,0,0,0,0,0,0,0,0,0,0,0,0,0,0,0,0,0,0,0,0,0,0,0,0,0,0,0,0,31,40,40,71,65476,0,300,0,0,8,21553,0.0,-107605600.0,0.0,0.0,0.0,0.0,0.0,0.0,0.0,0.0,0.0,0.0,0.0,0.0,0.0,0.0,0.0,0.0,0.0,0.0,0.0,0.0,-0.0,-2.004,0.0,0.0,0.0,0.0,0.0,0.0,5417.0,-1.0406669901790231e+34,6943.0,-107615104.0,0.0,2.004,2.004,0.0,0.0,0.0,0.0,69,0.0,-0.0,0.0,0.0,0.0,0.0,0.0,0.0,0.0,0,0,0,0.0,0.0,0.0,0.0,0.0,0.0,0.0,0.0,0.0,0.0,0.0,0.0,0.0,0.0,0.0,0.0,0,-107875648.0,69,0.0,138,0.0,2.012,ERR,ERR,ERR,ERR,ERR,ERR,ERR,ERR,ERR,ERR,ERR,ERR,ERR,ERR,ERR,ERR,ERR,ERR,ERR,ERR,ERR,ERR,ERR,ERR,ERR,ERR,ERR,ERR,ERR,ERR,ERR,ERR,ERR,ERR,ERR,ERR,ERR,ERR,ERR,ERR,ERR,ERR,ERR,ERR,ERR,ERR,ERR,ERR,ERR,ERR,ERR,ERR,ERR,ERR,ERR,ERR,ERR,ERR,ERR,ERR,ERR,ERR,ERR,ERR,ERR,ERR,ERR,60.0,60.0,35,0.0,0.0,0.0,0.0,0.0,0.0,0.0,0.0,0.0,0.0,0.0,0.0,0.0,0.0,0.0,0.0,65.2,0,125,60,46,65476,0,300,0,0,8,20529,65476,0,0,2621,60.0,0.0,0.0,0.0,0.0,0.0
2026-07-09T15:24:30,ERR,ERR,ERR,ERR,ERR,ERR,ERR,ERR,ERR,ERR,ERR,ERR,ERR,ERR,ERR,ERR,ERR,ERR,ERR,ERR,ERR,ERR,ERR,ERR,ERR,ERR,ERR,ERR,ERR,ERR,ERR,ERR,ERR,ERR,ERR,ERR,ERR,ERR,ERR,ERR,ERR,ERR,ERR,ERR,ERR,ERR,ERR,ERR,ERR,ERR,ERR,ERR,ERR,ERR,ERR,ERR,ERR,ERR,ERR,ERR,ERR,ERR,ERR,ERR,ERR,ERR,ERR,ERR,ERR,ERR,ERR,ERR,ERR,ERR,ERR,ERR,ERR,ERR,ERR,ERR,ERR,ERR,ERR,ERR,ERR,ERR,ERR,ERR,ERR,ERR,ERR,ERR,ERR,ERR,ERR,ERR,ERR,ERR,ERR,ERR,ERR,ERR,ERR,ERR,ERR,ERR,ERR,ERR,ERR,ERR,ERR,ERR,ERR,ERR,ERR,ERR,ERR,ERR,ERR,ERR,ERR,ERR,ERR,ERR,ERR,-107615104.0,0.0,0.0,0.0,275486146560.0,-81.128,-7.616224679590744e+23,-0.0,0,0,4,17409,7116,0.0,100,0.0,0.0,0.0,0.0,0.0,0,0,0,0,0.0,0,0,0,0,0,0,0,0,0,0,0,0,0,0,0,0,0,0,0,0,0,0,0,0,0,0,0,0,0,0,0,0,0,31,40,40,71,65476,0,300,0,0,8,21553,0.0,-107605600.0,0.0,0.0,0.0,0.0,0.0,0.0,0.0,0.0,0.0,0.0,0.0,0.0,0.0,0.0,0.0,0.0,0.0,0.0,0.0,0.0,-0.0,-2.004,0.0,0.0,0.0,0.0,0.0,0.0,5417.0,-1.0406669901790231e+34,6943.0,-107615104.0,0.0,2.004,2.004,0.0,0.0,0.0,0.0,69,0.0,-0.0,0.0,0.0,0.0,0.0,0.0,0.0,0.0,0,0,0,0.0,0.0,0.0,0.0,0.0,0.0,0.0,0.0,0.0,0.0,0.0,0.0,0.0,0.0,0.0,0.0,0,-107875648.0,69,0.0,138,0.0,2.012,ERR,ERR,ERR,ERR,ERR,ERR,ERR,ERR,ERR,ERR,ERR,ERR,ERR,ERR,ERR,ERR,ERR,ERR,ERR,ERR,ERR,ERR,ERR,ERR,ERR,ERR,ERR,ERR,ERR,ERR,ERR,ERR,ERR,ERR,ERR,ERR,ERR,ERR,ERR,ERR,ERR,ERR,ERR,ERR,ERR,ERR,ERR,ERR,ERR,ERR,ERR,ERR,ERR,ERR,ERR,ERR,ERR,ERR,ERR,ERR,ERR,ERR,ERR,ERR,ERR,ERR,ERR,60.0,60.0,35,0.0,0.0,0.0,0.0,0.0,0.0,0.0,0.0,0.0,0.0,0.0,0.0,0.0,0.0,0.0,0.0,65.2,0,125,60,46,65476,0,300,0,0,8,20529,65476,0,0,2621,60.0,0.0,0.0,0.0,0.0,0.0
2026-07-09T15:24:31,ERR,ERR,ERR,ERR,ERR,ERR,ERR,ERR,ERR,ERR,ERR,ERR,ERR,ERR,ERR,ERR,ERR,ERR,ERR,ERR,ERR,ERR,ERR,ERR,ERR,ERR,ERR,ERR,ERR,ERR,ERR,ERR,ERR,ERR,ERR,ERR,ERR,ERR,ERR,ERR,ERR,ERR,ERR,ERR,ERR,ERR,ERR,ERR,ERR,ERR,ERR,ERR,ERR,ERR,ERR,ERR,ERR,ERR,ERR,ERR,ERR,ERR,ERR,ERR,ERR,ERR,ERR,ERR,ERR,ERR,ERR,ERR,ERR,ERR,ERR,ERR,ERR,ERR,ERR,ERR,ERR,ERR,ERR,ERR,ERR,ERR,ERR,ERR,ERR,ERR,ERR,ERR,ERR,ERR,ERR,ERR,ERR,ERR,ERR,ERR,ERR,ERR,ERR,ERR,ERR,ERR,ERR,ERR,ERR,ERR,ERR,ERR,ERR,ERR,ERR,ERR,ERR,ERR,ERR,ERR,ERR,ERR,ERR,ERR,ERR,-107615104.0,0.0,0.0,0.0,275486146560.0,-81.128,-7.616224679590744e+23,-0.0,0,0,4,17409,7116,0.0,100,0.0,0.0,0.0,0.0,0.0,0,0,0,0,0.0,0,0,0,0,0,0,0,0,0,0,0,0,0,0,0,0,0,0,0,0,0,0,0,0,0,0,0,0,0,0,0,0,0,31,40,40,71,65476,0,300,0,0,8,21553,0.0,-107605600.0,0.0,0.0,0.0,0.0,0.0,0.0,0.0,0.0,0.0,0.0,0.0,0.0,0.0,0.0,0.0,0.0,0.0,0.0,0.0,0.0,-0.0,-2.004,0.0,0.0,0.0,0.0,0.0,0.0,5417.0,-1.0406669901790231e+34,6943.0,-107615104.0,0.0,2.004,2.004,0.0,0.0,0.0,0.0,69,0.0,-0.0,0.0,0.0,0.0,0.0,0.0,0.0,0.0,0,0,0,0.0,0.0,0.0,0.0,0.0,0.0,0.0,0.0,0.0,0.0,0.0,0.0,0.0,0.0,0.0,0.0,0,-107875648.0,69,0.0,138,0.0,2.012,ERR,ERR,ERR,ERR,ERR,ERR,ERR,ERR,ERR,ERR,ERR,ERR,ERR,ERR,ERR,ERR,ERR,ERR,ERR,ERR,ERR,ERR,ERR,ERR,ERR,ERR,ERR,ERR,ERR,ERR,ERR,ERR,ERR,ERR,ERR,ERR,ERR,ERR,ERR,ERR,ERR,ERR,ERR,ERR,ERR,ERR,ERR,ERR,ERR,ERR,ERR,ERR,ERR,ERR,ERR,ERR,ERR,ERR,ERR,ERR,ERR,ERR,ERR,ERR,ERR,ERR,ERR,60.0,60.0,35,0.0,0.0,0.0,0.0,0.0,0.0,0.0,0.0,0.0,0.0,0.0,0.0,0.0,0.0,0.0,0.0,65.2,0,125,60,46,65476,0,300,0,0,8,20529,65476,0,0,2621,60.0,0.0,0.0,0.0,0.0,0.0
2026-07-09T15:24:32,ERR,ERR,ERR,ERR,ERR,ERR,ERR,ERR,ERR,ERR,ERR,ERR,ERR,ERR,ERR,ERR,ERR,ERR,ERR,ERR,ERR,ERR,ERR,ERR,ERR,ERR,ERR,ERR,ERR,ERR,ERR,ERR,ERR,ERR,ERR,ERR,ERR,ERR,ERR,ERR,ERR,ERR,ERR,ERR,ERR,ERR,ERR,ERR,ERR,ERR,ERR,ERR,ERR,ERR,ERR,ERR,ERR,ERR,ERR,ERR,ERR,ERR,ERR,ERR,ERR,ERR,ERR,ERR,ERR,ERR,ERR,ERR,ERR,ERR,ERR,ERR,ERR,ERR,ERR,ERR,ERR,ERR,ERR,ERR,ERR,ERR,ERR,ERR,ERR,ERR,ERR,ERR,ERR,ERR,ERR,ERR,ERR,ERR,ERR,ERR,ERR,ERR,ERR,ERR,ERR,ERR,ERR,ERR,ERR,ERR,ERR,ERR,ERR,ERR,ERR,ERR,ERR,ERR,ERR,ERR,ERR,ERR,ERR,ERR,ERR,-107615104.0,0.0,0.0,0.0,275486146560.0,-81.128,-7.616224679590744e+23,-0.0,0,0,4,17409,7116,0.0,100,0.0,0.0,0.0,0.0,0.0,0,0,0,0,0.0,0,0,0,0,0,0,0,0,0,0,0,0,0,0,0,0,0,0,0,0,0,0,0,0,0,0,0,0,0,0,0,0,0,31,40,40,71,65476,0,300,0,0,8,21553,0.0,-107605600.0,0.0,0.0,0.0,0.0,0.0,0.0,0.0,0.0,0.0,0.0,0.0,0.0,0.0,0.0,0.0,0.0,0.0,0.0,0.0,0.0,-0.0,-2.004,0.0,0.0,0.0,0.0,0.0,0.0,5417.0,-1.0406669901790231e+34,6943.0,-107615104.0,0.0,2.004,2.004,0.0,0.0,0.0,0.0,69,0.0,-0.0,0.0,0.0,0.0,0.0,0.0,0.0,0.0,0,0,0,0.0,0.0,0.0,0.0,0.0,0.0,0.0,0.0,0.0,0.0,0.0,0.0,0.0,0.0,0.0,0.0,0,-107875648.0,69,0.0,138,0.0,2.012,ERR,ERR,ERR,ERR,ERR,ERR,ERR,ERR,ERR,ERR,ERR,ERR,ERR,ERR,ERR,ERR,ERR,ERR,ERR,ERR,ERR,ERR,ERR,ERR,ERR,ERR,ERR,ERR,ERR,ERR,ERR,ERR,ERR,ERR,ERR,ERR,ERR,ERR,ERR,ERR,ERR,ERR,ERR,ERR,ERR,ERR,ERR,ERR,ERR,ERR,ERR,ERR,ERR,ERR,ERR,ERR,ERR,ERR,ERR,ERR,ERR,ERR,ERR,ERR,ERR,ERR,ERR,60.0,60.0,35,0.0,0.0,0.0,0.0,0.0,0.0,0.0,0.0,0.0,0.0,0.0,0.0,0.0,0.0,0.0,0.0,65.2,0,125,60,46,65476,0,300,0,0,8,20529,65476,0,0,2621,60.0,0.0,0.0,0.0,0.0,0.0
2026-07-09T15:24:33,ERR,ERR,ERR,ERR,ERR,ERR,ERR,ERR,ERR,ERR,ERR,ERR,ERR,ERR,ERR,ERR,ERR,ERR,ERR,ERR,ERR,ERR,ERR,ERR,ERR,ERR,ERR,ERR,ERR,ERR,ERR,ERR,ERR,ERR,ERR,ERR,ERR,ERR,ERR,ERR,ERR,ERR,ERR,ERR,ERR,ERR,ERR,ERR,ERR,ERR,ERR,ERR,ERR,ERR,ERR,ERR,ERR,ERR,ERR,ERR,ERR,ERR,ERR,ERR,ERR,ERR,ERR,ERR,ERR,ERR,ERR,ERR,ERR,ERR,ERR,ERR,ERR,ERR,ERR,ERR,ERR,ERR,ERR,ERR,ERR,ERR,ERR,ERR,ERR,ERR,ERR,ERR,ERR,ERR,ERR,ERR,ERR,ERR,ERR,ERR,ERR,ERR,ERR,ERR,ERR,ERR,ERR,ERR,ERR,ERR,ERR,ERR,ERR,ERR,ERR,ERR,ERR,ERR,ERR,ERR,ERR,ERR,ERR,ERR,ERR,0.0,-107616168.0,2.7302323341955638e+23,0.0,-0.0,0.0,-0.0,-0.0,0,0,4,17402,7116,0.0,100,0.0,0.0,0.0,0.0,0.0,0,0,0,0,0.0,0,0,0,0,0,0,0,0,0,0,0,0,0,0,0,0,0,0,0,0,0,0,0,0,0,0,0,0,0,0,0,0,0,31,40,40,71,65476,0,300,0,0,8,21553,0.0,-107605600.0,0.0,0.0,0.0,0.0,0.0,0.0,0.0,0.0,0.0,0.0,0.0,0.0,0.0,0.0,0.0,0.0,0.0,0.0,0.0,0.0,-2.004,-0.0,0.0,0.0,0.0,0.0,0.0,0.0,5457.0,0.0,6921.0,0.0,-107616168.0,2.004,2.004,0.0,0.0,0.0,0.0,69,0.0,-4.950408094504864e+32,0.0,0.0,0.0,0.0,0.0,0.0,0.0,0,0,0,0.0,0.0,0.0,0.0,0.0,0.0,0.0,0.0,0.0,0.0,0.0,0.0,0.0,0.0,0.0,0.0,0,-107875648.0,69,0.0,138,0.0,2.012,ERR,ERR,ERR,ERR,ERR,ERR,ERR,ERR,ERR,ERR,ERR,ERR,ERR,ERR,ERR,ERR,ERR,ERR,ERR,ERR,ERR,ERR,ERR,ERR,ERR,ERR,ERR,ERR,ERR,ERR,ERR,ERR,ERR,ERR,ERR,ERR,ERR,ERR,ERR,ERR,ERR,ERR,ERR,ERR,ERR,ERR,ERR,ERR,ERR,ERR,ERR,ERR,ERR,ERR,ERR,ERR,ERR,ERR,ERR,ERR,ERR,ERR,ERR,ERR,ERR,ERR,ERR,60.0,60.0,35,0.0,0.0,0.0,0.0,0.0,0.0,0.0,0.0,0.0,0.0,0.0,0.0,0.0,0.0,0.0,0.0,65.2,0,125,60,46,65476,0,300,0,0,8,20529,65476,0,0,2621,60.0,0.0,0.0,0.0,0.0,0.0
2026-07-09T15:24:34,ERR,ERR,ERR,ERR,ERR,ERR,ERR,ERR,ERR,ERR,ERR,ERR,ERR,ERR,ERR,ERR,ERR,ERR,ERR,ERR,ERR,ERR,ERR,ERR,ERR,ERR,ERR,ERR,ERR,ERR,ERR,ERR,ERR,ERR,ERR,ERR,ERR,ERR,ERR,ERR,ERR,ERR,ERR,ERR,ERR,ERR,ERR,ERR,ERR,ERR,ERR,ERR,ERR,ERR,ERR,ERR,ERR,ERR,ERR,ERR,ERR,ERR,ERR,ERR,ERR,ERR,ERR,ERR,ERR,ERR,ERR,ERR,ERR,ERR,ERR,ERR,ERR,ERR,ERR,ERR,ERR,ERR,ERR,ERR,ERR,ERR,ERR,ERR,ERR,ERR,ERR,ERR,ERR,ERR,ERR,ERR,ERR,ERR,ERR,ERR,ERR,ERR,ERR,ERR,ERR,ERR,ERR,ERR,ERR,ERR,ERR,ERR,ERR,ERR,ERR,ERR,ERR,ERR,ERR,ERR,ERR,ERR,ERR,ERR,ERR,0.0,-107616168.0,2.7302323341955638e+23,0.0,-0.0,0.0,-0.0,-0.0,0,0,4,17402,7116,0.0,100,0.0,0.0,0.0,0.0,0.0,0,0,0,0,0.0,0,0,0,0,0,0,0,0,0,0,0,0,0,0,0,0,0,0,0,0,0,0,0,0,0,0,0,0,0,0,0,0,0,31,40,40,71,65476,0,300,0,0,8,21553,0.0,-107605600.0,0.0,0.0,0.0,0.0,0.0,0.0,0.0,0.0,0.0,0.0,0.0,0.0,0.0,0.0,0.0,0.0,0.0,0.0,0.0,0.0,-2.004,-0.0,0.0,0.0,0.0,0.0,0.0,0.0,5457.0,0.0,6921.0,0.0,-107616168.0,2.004,2.004,0.0,0.0,0.0,0.0,69,0.0,-4.950408094504864e+32,0.0,0.0,0.0,0.0,0.0,0.0,0.0,0,0,0,0.0,0.0,0.0,0.0,0.0,0.0,0.0,0.0,0.0,0.0,0.0,0.0,0.0,0.0,0.0,0.0,0,-107875648.0,69,0.0,138,0.0,2.012,ERR,ERR,ERR,ERR,ERR,ERR,ERR,ERR,ERR,ERR,ERR,ERR,ERR,ERR,ERR,ERR,ERR,ERR,ERR,ERR,ERR,ERR,ERR,ERR,ERR,ERR,ERR,ERR,ERR,ERR,ERR,ERR,ERR,ERR,ERR,ERR,ERR,ERR,ERR,ERR,ERR,ERR,ERR,ERR,ERR,ERR,ERR,ERR,ERR,ERR,ERR,ERR,ERR,ERR,ERR,ERR,ERR,ERR,ERR,ERR,ERR,ERR,ERR,ERR,ERR,ERR,ERR,60.0,60.0,35,0.0,0.0,0.0,0.0,0.0,0.0,0.0,0.0,0.0,0.0,0.0,0.0,0.0,0.0,0.0,0.0,65.6,0,125,60,46,65476,0,300,0,0,8,20529,65476,0,0,2621,60.0,0.0,0.0,0.0,0.0,0.0
2026-07-09T15:24:35,ERR,ERR,ERR,ERR,ERR,ERR,ERR,ERR,ERR,ERR,ERR,ERR,ERR,ERR,ERR,ERR,ERR,ERR,ERR,ERR,ERR,ERR,ERR,ERR,ERR,ERR,ERR,ERR,ERR,ERR,ERR,ERR,ERR,ERR,ERR,ERR,ERR,ERR,ERR,ERR,ERR,ERR,ERR,ERR,ERR,ERR,ERR,ERR,ERR,ERR,ERR,ERR,ERR,ERR,ERR,ERR,ERR,ERR,ERR,ERR,ERR,ERR,ERR,ERR,ERR,ERR,ERR,ERR,ERR,ERR,ERR,ERR,ERR,ERR,ERR,ERR,ERR,ERR,ERR,ERR,ERR,ERR,ERR,ERR,ERR,ERR,ERR,ERR,ERR,ERR,ERR,ERR,ERR,ERR,ERR,ERR,ERR,ERR,ERR,ERR,ERR,ERR,ERR,ERR,ERR,ERR,ERR,ERR,ERR,ERR,ERR,ERR,ERR,ERR,ERR,ERR,ERR,ERR,ERR,ERR,ERR,ERR,ERR,ERR,ERR,0.0,-107616168.0,2.7302323341955638e+23,0.0,-0.0,0.0,-0.0,-0.0,0,0,4,17402,7116,0.0,100,0.0,0.0,0.0,0.0,0.0,0,0,0,0,0.0,0,0,0,0,0,0,0,0,0,0,0,0,0,0,0,0,0,0,0,0,0,0,0,0,0,0,0,0,0,0,0,0,0,31,40,40,71,65476,0,300,0,0,8,21553,0.0,-107605600.0,0.0,0.0,0.0,0.0,0.0,0.0,0.0,0.0,0.0,0.0,0.0,0.0,0.0,0.0,0.0,0.0,0.0,0.0,0.0,0.0,-2.004,-0.0,0.0,0.0,0.0,0.0,0.0,0.0,5457.0,0.0,6921.0,0.0,-107616168.0,2.004,2.004,0.0,0.0,0.0,0.0,69,0.0,-4.950408094504864e+32,0.0,0.0,0.0,0.0,0.0,0.0,0.0,0,0,0,0.0,0.0,0.0,0.0,0.0,0.0,0.0,0.0,0.0,0.0,0.0,0.0,0.0,0.0,0.0,0.0,0,-107875648.0,69,0.0,138,0.0,2.012,ERR,ERR,ERR,ERR,ERR,ERR,ERR,ERR,ERR,ERR,ERR,ERR,ERR,ERR,ERR,ERR,ERR,ERR,ERR,ERR,ERR,ERR,ERR,ERR,ERR,ERR,ERR,ERR,ERR,ERR,ERR,ERR,ERR,ERR,ERR,ERR,ERR,ERR,ERR,ERR,ERR,ERR,ERR,ERR,ERR,ERR,ERR,ERR,ERR,ERR,ERR,ERR,ERR,ERR,ERR,ERR,ERR,ERR,ERR,ERR,ERR,ERR,ERR,ERR,ERR,ERR,ERR,60.0,60.0,35,0.0,0.0,0.0,0.0,0.0,0.0,0.0,0.0,0.0,0.0,0.0,0.0,0.0,0.0,0.0,0.0,65.6,0,125,60,46,65476,0,300,0,0,8,20529,65476,0,0,2621,60.0,0.0,0.0,0.0,0.0,0.0
2026-07-09T15:24:36,ERR,ERR,ERR,ERR,ERR,ERR,ERR,ERR,ERR,ERR,ERR,ERR,ERR,ERR,ERR,ERR,ERR,ERR,ERR,ERR,ERR,ERR,ERR,ERR,ERR,ERR,ERR,ERR,ERR,ERR,ERR,ERR,ERR,ERR,ERR,ERR,ERR,ERR,ERR,ERR,ERR,ERR,ERR,ERR,ERR,ERR,ERR,ERR,ERR,ERR,ERR,ERR,ERR,ERR,ERR,ERR,ERR,ERR,ERR,ERR,ERR,ERR,ERR,ERR,ERR,ERR,ERR,ERR,ERR,ERR,ERR,ERR,ERR,ERR,ERR,ERR,ERR,ERR,ERR,ERR,ERR,ERR,ERR,ERR,ERR,ERR,ERR,ERR,ERR,ERR,ERR,ERR,ERR,ERR,ERR,ERR,ERR,ERR,ERR,ERR,ERR,ERR,ERR,ERR,ERR,ERR,ERR,ERR,ERR,ERR,ERR,ERR,ERR,ERR,ERR,ERR,ERR,ERR,ERR,ERR,ERR,ERR,ERR,ERR,ERR,0.0,-107616168.0,2.7302323341955638e+23,0.0,-0.0,0.0,-0.0,-0.0,0,0,4,17402,7116,0.0,100,0.0,0.0,0.0,0.0,0.0,0,0,0,0,0.0,0,0,0,0,0,0,0,0,0,0,0,0,0,0,0,0,0,0,0,0,0,0,0,0,0,0,0,0,0,0,0,0,0,31,40,40,71,65476,0,300,0,0,8,21553,0.0,-107605600.0,0.0,0.0,0.0,0.0,0.0,0.0,0.0,0.0,0.0,0.0,0.0,0.0,0.0,0.0,0.0,0.0,0.0,0.0,0.0,0.0,-2.004,-0.0,0.0,0.0,0.0,0.0,0.0,0.0,5457.0,0.0,6921.0,0.0,-107616168.0,2.004,2.004,0.0,0.0,0.0,0.0,69,0.0,-4.950408094504864e+32,0.0,0.0,0.0,0.0,0.0,0.0,0.0,0,0,0,0.0,0.0,0.0,0.0,0.0,0.0,0.0,0.0,0.0,0.0,0.0,0.0,0.0,0.0,0.0,0.0,0,-107875648.0,69,0.0,138,0.0,2.012,ERR,ERR,ERR,ERR,ERR,ERR,ERR,ERR,ERR,ERR,ERR,ERR,ERR,ERR,ERR,ERR,ERR,ERR,ERR,ERR,ERR,ERR,ERR,ERR,ERR,ERR,ERR,ERR,ERR,ERR,ERR,ERR,ERR,ERR,ERR,ERR,ERR,ERR,ERR,ERR,ERR,ERR,ERR,ERR,ERR,ERR,ERR,ERR,ERR,ERR,ERR,ERR,ERR,ERR,ERR,ERR,ERR,ERR,ERR,ERR,ERR,ERR,ERR,ERR,ERR,ERR,ERR,60.0,60.0,35,0.0,0.0,0.0,0.0,0.0,0.0,0.0,0.0,0.0,0.0,0.0,0.0,0.0,0.0,0.0,0.0,65.2,0,126,61,46,65476,0,300,0,0,8,20529,65476,0,0,2621,60.0,0.0,0.0,0.0,0.0,0.0
2026-07-09T15:24:37,ERR,ERR,ERR,ERR,ERR,ERR,ERR,ERR,ERR,ERR,ERR,ERR,ERR,ERR,ERR,ERR,ERR,ERR,ERR,ERR,ERR,ERR,ERR,ERR,ERR,ERR,ERR,ERR,ERR,ERR,ERR,ERR,ERR,ERR,ERR,ERR,ERR,ERR,ERR,ERR,ERR,ERR,ERR,ERR,ERR,ERR,ERR,ERR,ERR,ERR,ERR,ERR,ERR,ERR,ERR,ERR,ERR,ERR,ERR,ERR,ERR,ERR,ERR,ERR,ERR,ERR,ERR,ERR,ERR,ERR,ERR,ERR,ERR,ERR,ERR,ERR,ERR,ERR,ERR,ERR,ERR,ERR,ERR,ERR,ERR,ERR,ERR,ERR,ERR,ERR,ERR,ERR,ERR,ERR,ERR,ERR,ERR,ERR,ERR,ERR,ERR,ERR,ERR,ERR,ERR,ERR,ERR,ERR,ERR,ERR,ERR,ERR,ERR,ERR,ERR,ERR,ERR,ERR,ERR,ERR,ERR,ERR,ERR,ERR,ERR,0.0,-107616168.0,2.7302323341955638e+23,0.0,-0.0,0.0,-0.0,-0.0,0,0,4,17402,7116,0.0,100,0.0,0.0,0.0,0.0,0.0,0,0,0,0,0.0,0,0,0,0,0,0,0,0,0,0,0,0,0,0,0,0,0,0,0,0,0,0,0,0,0,0,0,0,0,0,0,0,0,31,40,40,71,65476,0,300,0,0,8,21553,0.0,-107605600.0,0.0,0.0,0.0,0.0,0.0,0.0,0.0,0.0,0.0,0.0,0.0,0.0,0.0,0.0,0.0,0.0,0.0,0.0,0.0,0.0,-2.004,-0.0,0.0,0.0,0.0,0.0,0.0,0.0,5457.0,0.0,6921.0,0.0,-107616168.0,2.004,2.004,0.0,0.0,0.0,0.0,69,0.0,-4.950408094504864e+32,0.0,0.0,0.0,0.0,0.0,0.0,0.0,0,0,0,0.0,0.0,0.0,0.0,0.0,0.0,0.0,0.0,0.0,0.0,0.0,0.0,0.0,0.0,0.0,0.0,0,-107875648.0,69,0.0,138,0.0,2.012,ERR,ERR,ERR,ERR,ERR,ERR,ERR,ERR,ERR,ERR,ERR,ERR,ERR,ERR,ERR,ERR,ERR,ERR,ERR,ERR,ERR,ERR,ERR,ERR,ERR,ERR,ERR,ERR,ERR,ERR,ERR,ERR,ERR,ERR,ERR,ERR,ERR,ERR,ERR,ERR,ERR,ERR,ERR,ERR,ERR,ERR,ERR,ERR,ERR,ERR,ERR,ERR,ERR,ERR,ERR,ERR,ERR,ERR,ERR,ERR,ERR,ERR,ERR,ERR,ERR,ERR,ERR,60.0,60.0,35,0.0,0.0,0.0,0.0,0.0,0.0,0.0,0.0,0.0,0.0,0.0,0.0,0.0,0.0,0.0,0.0,65.2,0,126,61,46,65476,0,300,0,0,8,20529,65476,0,0,2621,60.0,0.0,0.0,0.0,0.0,0.0
2026-07-09T15:24:38,ERR,ERR,ERR,ERR,ERR,ERR,ERR,ERR,ERR,ERR,ERR,ERR,ERR,ERR,ERR,ERR,ERR,ERR,ERR,ERR,ERR,ERR,ERR,ERR,ERR,ERR,ERR,ERR,ERR,ERR,ERR,ERR,ERR,ERR,ERR,ERR,ERR,ERR,ERR,ERR,ERR,ERR,ERR,ERR,ERR,ERR,ERR,ERR,ERR,ERR,ERR,ERR,ERR,ERR,ERR,ERR,ERR,ERR,ERR,ERR,ERR,ERR,ERR,ERR,ERR,ERR,ERR,ERR,ERR,ERR,ERR,ERR,ERR,ERR,ERR,ERR,ERR,ERR,ERR,ERR,ERR,ERR,ERR,ERR,ERR,ERR,ERR,ERR,ERR,ERR,ERR,ERR,ERR,ERR,ERR,ERR,ERR,ERR,ERR,ERR,ERR,ERR,ERR,ERR,ERR,ERR,ERR,ERR,ERR,ERR,ERR,ERR,ERR,ERR,ERR,ERR,ERR,ERR,ERR,ERR,ERR,ERR,ERR,ERR,ERR,0.0,-107616168.0,2.7302323341955638e+23,-107612128.0,8.390944762810247e+34,-2.9045062626842343e+26,0.0,-0.0,0,0,4,17389,7116,0.0,100,0.0,0.0,0.0,0.0,0.0,0,0,0,0,0.0,0,0,0,0,0,0,0,0,0,0,0,0,0,0,0,0,0,0,0,0,0,0,0,0,0,0,0,0,0,0,0,0,0,31,40,40,71,65476,0,300,0,0,8,21553,0.0,-107605600.0,0.0,0.0,0.0,0.0,0.0,0.0,0.0,0.0,0.0,0.0,0.0,0.0,0.0,0.0,0.0,0.0,0.0,0.0,0.0,0.0,0.0,-0.0,0.0,0.0,0.0,0.0,0.0,0.0,5454.0,1.5879319976395066e+29,6926.0,-0.0,-107616168.0,2.004,2.004,0.0,0.0,0.0,0.0,69,0.059,1.9056890151436288e+17,0.0,0.0,0.0,0.0,0.0,0.0,0.0,0,0,0,0.0,0.0,0.0,0.0,0.0,0.0,0.0,0.0,0.0,0.0,0.0,0.0,0.0,0.0,0.0,0.0,0,-107875648.0,69,0.0,138,0.0,2.012,ERR,ERR,ERR,ERR,ERR,ERR,ERR,ERR,ERR,ERR,ERR,ERR,ERR,ERR,ERR,ERR,ERR,ERR,ERR,ERR,ERR,ERR,ERR,ERR,ERR,ERR,ERR,ERR,ERR,ERR,ERR,ERR,ERR,ERR,ERR,ERR,ERR,ERR,ERR,ERR,ERR,ERR,ERR,ERR,ERR,ERR,ERR,ERR,ERR,ERR,ERR,ERR,ERR,ERR,ERR,ERR,ERR,ERR,ERR,ERR,ERR,ERR,ERR,ERR,ERR,ERR,ERR,60.0,60.0,35,0.0,0.0,0.0,0.0,0.0,0.0,0.0,0.0,0.0,0.0,0.0,0.0,0.0,0.0,0.0,0.0,65.6,0,126,61,46,65476,0,300,0,0,8,20529,65476,0,0,2621,60.0,0.0,0.0,0.0,0.0,0.0
2026-07-09T15:24:39,ERR,ERR,ERR,ERR,ERR,ERR,ERR,ERR,ERR,ERR,ERR,ERR,ERR,ERR,ERR,ERR,ERR,ERR,ERR,ERR,ERR,ERR,ERR,ERR,ERR,ERR,ERR,ERR,ERR,ERR,ERR,ERR,ERR,ERR,ERR,ERR,ERR,ERR,ERR,ERR,ERR,ERR,ERR,ERR,ERR,ERR,ERR,ERR,ERR,ERR,ERR,ERR,ERR,ERR,ERR,ERR,ERR,ERR,ERR,ERR,ERR,ERR,ERR,ERR,ERR,ERR,ERR,ERR,ERR,ERR,ERR,ERR,ERR,ERR,ERR,ERR,ERR,ERR,ERR,ERR,ERR,ERR,ERR,ERR,ERR,ERR,ERR,ERR,ERR,ERR,ERR,ERR,ERR,ERR,ERR,ERR,ERR,ERR,ERR,ERR,ERR,ERR,ERR,ERR,ERR,ERR,ERR,ERR,ERR,ERR,ERR,ERR,ERR,ERR,ERR,ERR,ERR,ERR,ERR,ERR,ERR,ERR,ERR,ERR,ERR,0.0,-107616168.0,2.7302323341955638e+23,-107612128.0,8.390944762810247e+34,-2.9045062626842343e+26,0.0,-0.0,0,0,4,17389,7116,0.0,100,0.0,0.0,0.0,0.0,0.0,0,0,0,0,0.0,0,0,0,0,0,0,0,0,0,0,0,0,0,0,0,0,0,0,0,0,0,0,0,0,0,0,0,0,0,0,0,0,0,31,40,40,71,65476,0,300,0,0,8,21553,0.0,-107605600.0,0.0,0.0,0.0,0.0,0.0,0.0,0.0,0.0,0.0,0.0,0.0,0.0,0.0,0.0,0.0,0.0,0.0,0.0,0.0,0.0,0.0,-0.0,0.0,0.0,0.0,0.0,0.0,0.0,5454.0,1.5879319976395066e+29,6926.0,-0.0,-107616168.0,2.004,2.004,0.0,0.0,0.0,0.0,69,0.059,1.9056890151436288e+17,0.0,0.0,0.0,0.0,0.0,0.0,0.0,0,0,0,0.0,0.0,0.0,0.0,0.0,0.0,0.0,0.0,0.0,0.0,0.0,0.0,0.0,0.0,0.0,0.0,0,-107875648.0,69,0.0,138,0.0,2.012,ERR,ERR,ERR,ERR,ERR,ERR,ERR,ERR,ERR,ERR,ERR,ERR,ERR,ERR,ERR,ERR,ERR,ERR,ERR,ERR,ERR,ERR,ERR,ERR,ERR,ERR,ERR,ERR,ERR,ERR,ERR,ERR,ERR,ERR,ERR,ERR,ERR,ERR,ERR,ERR,ERR,ERR,ERR,ERR,ERR,ERR,ERR,ERR,ERR,ERR,ERR,ERR,ERR,ERR,ERR,ERR,ERR,ERR,ERR,ERR,ERR,ERR,ERR,ERR,ERR,ERR,ERR,60.0,60.0,35,0.0,0.0,0.0,0.0,0.0,0.0,0.0,0.0,0.0,0.0,0.0,0.0,0.0,0.0,0.0,0.0,65.2,0,126,61,46,65476,0,300,0,0,8,20529,65476,0,0,2621,60.0,0.0,0.0,0.0,0.0,0.0
2026-07-09T15:24:40,ERR,ERR,ERR,ERR,ERR,ERR,ERR,ERR,ERR,ERR,ERR,ERR,ERR,ERR,ERR,ERR,ERR,ERR,ERR,ERR,ERR,ERR,ERR,ERR,ERR,ERR,ERR,ERR,ERR,ERR,ERR,ERR,ERR,ERR,ERR,ERR,ERR,ERR,ERR,ERR,ERR,ERR,ERR,ERR,ERR,ERR,ERR,ERR,ERR,ERR,ERR,ERR,ERR,ERR,ERR,ERR,ERR,ERR,ERR,ERR,ERR,ERR,ERR,ERR,ERR,ERR,ERR,ERR,ERR,ERR,ERR,ERR,ERR,ERR,ERR,ERR,ERR,ERR,ERR,ERR,ERR,ERR,ERR,ERR,ERR,ERR,ERR,ERR,ERR,ERR,ERR,ERR,ERR,ERR,ERR,ERR,ERR,ERR,ERR,ERR,ERR,ERR,ERR,ERR,ERR,ERR,ERR,ERR,ERR,ERR,ERR,ERR,ERR,ERR,ERR,ERR,ERR,ERR,ERR,ERR,ERR,ERR,ERR,ERR,ERR,0.0,-107616168.0,2.7302323341955638e+23,-107612128.0,8.390944762810247e+34,-2.9045062626842343e+26,0.0,-0.0,0,0,4,17389,7116,0.0,100,0.0,0.0,0.0,0.0,0.0,0,0,0,0,0.0,0,0,0,0,0,0,0,0,0,0,0,0,0,0,0,0,0,0,0,0,0,0,0,0,0,0,0,0,0,0,0,0,0,31,40,40,71,65476,0,300,0,0,8,21553,0.0,-107605600.0,0.0,0.0,0.0,0.0,0.0,0.0,0.0,0.0,0.0,0.0,0.0,0.0,0.0,0.0,0.0,0.0,0.0,0.0,0.0,0.0,0.0,-0.0,0.0,0.0,0.0,0.0,0.0,0.0,5454.0,1.5879319976395066e+29,6926.0,-0.0,-107616168.0,2.004,2.004,0.0,0.0,0.0,0.0,69,0.059,1.9056890151436288e+17,0.0,0.0,0.0,0.0,0.0,0.0,0.0,0,0,0,0.0,0.0,0.0,0.0,0.0,0.0,0.0,0.0,0.0,0.0,0.0,0.0,0.0,0.0,0.0,0.0,0,-107875648.0,69,0.0,138,0.0,2.012,ERR,ERR,ERR,ERR,ERR,ERR,ERR,ERR,ERR,ERR,ERR,ERR,ERR,ERR,ERR,ERR,ERR,ERR,ERR,ERR,ERR,ERR,ERR,ERR,ERR,ERR,ERR,ERR,ERR,ERR,ERR,ERR,ERR,ERR,ERR,ERR,ERR,ERR,ERR,ERR,ERR,ERR,ERR,ERR,ERR,ERR,ERR,ERR,ERR,ERR,ERR,ERR,ERR,ERR,ERR,ERR,ERR,ERR,ERR,ERR,ERR,ERR,ERR,ERR,ERR,ERR,ERR,60.0,60.0,35,0.0,0.0,0.0,0.0,0.0,0.0,0.0,0.0,0.0,0.0,0.0,0.0,0.0,0.0,0.0,0.0,65.2,0,126,61,46,65476,0,300,0,0,8,20529,65476,0,0,2621,60.0,0.0,0.0,0.0,0.0,0.0
2026-07-09T15:24:41,ERR,ERR,ERR,ERR,ERR,ERR,ERR,ERR,ERR,ERR,ERR,ERR,ERR,ERR,ERR,ERR,ERR,ERR,ERR,ERR,ERR,ERR,ERR,ERR,ERR,ERR,ERR,ERR,ERR,ERR,ERR,ERR,ERR,ERR,ERR,ERR,ERR,ERR,ERR,ERR,ERR,ERR,ERR,ERR,ERR,ERR,ERR,ERR,ERR,ERR,ERR,ERR,ERR,ERR,ERR,ERR,ERR,ERR,ERR,ERR,ERR,ERR,ERR,ERR,ERR,ERR,ERR,ERR,ERR,ERR,ERR,ERR,ERR,ERR,ERR,ERR,ERR,ERR,ERR,ERR,ERR,ERR,ERR,ERR,ERR,ERR,ERR,ERR,ERR,ERR,ERR,ERR,ERR,ERR,ERR,ERR,ERR,ERR,ERR,ERR,ERR,ERR,ERR,ERR,ERR,ERR,ERR,ERR,ERR,ERR,ERR,ERR,ERR,ERR,ERR,ERR,ERR,ERR,ERR,ERR,ERR,ERR,ERR,ERR,ERR,0.0,-107616168.0,2.7302323341955638e+23,-107612128.0,8.390944762810247e+34,-2.9045062626842343e+26,0.0,-0.0,0,0,4,17389,7116,0.0,100,0.0,0.0,0.0,0.0,0.0,0,0,0,0,0.0,0,0,0,0,0,0,0,0,0,0,0,0,0,0,0,0,0,0,0,0,0,0,0,0,0,0,0,0,0,0,0,0,0,31,40,40,71,65476,0,300,0,0,8,21553,0.0,-107605600.0,0.0,0.0,0.0,0.0,0.0,0.0,0.0,0.0,0.0,0.0,0.0,0.0,0.0,0.0,0.0,0.0,0.0,0.0,0.0,0.0,0.0,-0.0,0.0,0.0,0.0,0.0,0.0,0.0,5454.0,1.5879319976395066e+29,6926.0,-0.0,-107616168.0,2.004,2.004,0.0,0.0,0.0,0.0,69,0.059,1.9056890151436288e+17,0.0,0.0,0.0,0.0,0.0,0.0,0.0,0,0,0,0.0,0.0,0.0,0.0,0.0,0.0,0.0,0.0,0.0,0.0,0.0,0.0,0.0,0.0,0.0,0.0,0,-107875648.0,69,0.0,138,0.0,2.012,ERR,ERR,ERR,ERR,ERR,ERR,ERR,ERR,ERR,ERR,ERR,ERR,ERR,ERR,ERR,ERR,ERR,ERR,ERR,ERR,ERR,ERR,ERR,ERR,ERR,ERR,ERR,ERR,ERR,ERR,ERR,ERR,ERR,ERR,ERR,ERR,ERR,ERR,ERR,ERR,ERR,ERR,ERR,ERR,ERR,ERR,ERR,ERR,ERR,ERR,ERR,ERR,ERR,ERR,ERR,ERR,ERR,ERR,ERR,ERR,ERR,ERR,ERR,ERR,ERR,ERR,ERR,60.0,60.0,35,0.0,0.0,0.0,0.0,0.0,0.0,0.0,0.0,0.0,0.0,0.0,0.0,0.0,0.0,0.0,0.0,65.6,0,126,61,46,65476,0,300,0,0,8,20529,65476,0,0,2621,60.0,0.0,0.0,0.0,0.0,0.0
2026-07-09T15:24:42,ERR,ERR,ERR,ERR,ERR,ERR,ERR,ERR,ERR,ERR,ERR,ERR,ERR,ERR,ERR,ERR,ERR,ERR,ERR,ERR,ERR,ERR,ERR,ERR,ERR,ERR,ERR,ERR,ERR,ERR,ERR,ERR,ERR,ERR,ERR,ERR,ERR,ERR,ERR,ERR,ERR,ERR,ERR,ERR,ERR,ERR,ERR,ERR,ERR,ERR,ERR,ERR,ERR,ERR,ERR,ERR,ERR,ERR,ERR,ERR,ERR,ERR,ERR,ERR,ERR,ERR,ERR,ERR,ERR,ERR,ERR,ERR,ERR,ERR,ERR,ERR,ERR,ERR,ERR,ERR,ERR,ERR,ERR,ERR,ERR,ERR,ERR,ERR,ERR,ERR,ERR,ERR,ERR,ERR,ERR,ERR,ERR,ERR,ERR,ERR,ERR,ERR,ERR,ERR,ERR,ERR,ERR,ERR,ERR,ERR,ERR,ERR,ERR,ERR,ERR,ERR,ERR,ERR,ERR,ERR,ERR,ERR,ERR,ERR,ERR,0.0,-107616168.0,2.7302323341955638e+23,-107612128.0,8.390944762810247e+34,-2.9045062626842343e+26,0.0,-0.0,0,0,4,17389,7116,0.0,100,0.0,0.0,0.0,0.0,0.0,0,0,0,0,0.0,0,0,0,0,0,0,0,0,0,0,0,0,0,0,0,0,0,0,0,0,0,0,0,0,0,0,0,0,0,0,0,0,0,31,40,40,71,65476,0,300,0,0,8,21553,0.0,-107605600.0,0.0,0.0,0.0,0.0,0.0,0.0,0.0,0.0,0.0,0.0,0.0,0.0,0.0,0.0,0.0,0.0,0.0,0.0,0.0,0.0,0.0,-0.0,0.0,0.0,0.0,0.0,0.0,0.0,5454.0,1.5879319976395066e+29,6926.0,-0.0,-107616168.0,2.004,2.004,0.0,0.0,0.0,0.0,69,0.059,1.9056890151436288e+17,0.0,0.0,0.0,0.0,0.0,0.0,0.0,0,0,0,0.0,0.0,0.0,0.0,0.0,0.0,0.0,0.0,0.0,0.0,0.0,0.0,0.0,0.0,0.0,0.0,0,-107875648.0,69,0.0,138,0.0,2.012,ERR,ERR,ERR,ERR,ERR,ERR,ERR,ERR,ERR,ERR,ERR,ERR,ERR,ERR,ERR,ERR,ERR,ERR,ERR,ERR,ERR,ERR,ERR,ERR,ERR,ERR,ERR,ERR,ERR,ERR,ERR,ERR,ERR,ERR,ERR,ERR,ERR,ERR,ERR,ERR,ERR,ERR,ERR,ERR,ERR,ERR,ERR,ERR,ERR,ERR,ERR,ERR,ERR,ERR,ERR,ERR,ERR,ERR,ERR,ERR,ERR,ERR,ERR,ERR,ERR,ERR,ERR,60.0,60.0,35,0.0,0.0,0.0,0.0,0.0,0.0,0.0,0.0,0.0,0.0,0.0,0.0,0.0,0.0,0.0,0.0,65.6,0,126,61,46,65476,0,300,0,0,8,20529,65476,0,0,2621,60.0,0.0,0.0,0.0,0.0,0.0
2026-07-09T15:24:43,ERR,ERR,ERR,ERR,ERR,ERR,ERR,ERR,ERR,ERR,ERR,ERR,ERR,ERR,ERR,ERR,ERR,ERR,ERR,ERR,ERR,ERR,ERR,ERR,ERR,ERR,ERR,ERR,ERR,ERR,ERR,ERR,ERR,ERR,ERR,ERR,ERR,ERR,ERR,ERR,ERR,ERR,ERR,ERR,ERR,ERR,ERR,ERR,ERR,ERR,ERR,ERR,ERR,ERR,ERR,ERR,ERR,ERR,ERR,ERR,ERR,ERR,ERR,ERR,ERR,ERR,ERR,ERR,ERR,ERR,ERR,ERR,ERR,ERR,ERR,ERR,ERR,ERR,ERR,ERR,ERR,ERR,ERR,ERR,ERR,ERR,ERR,ERR,ERR,ERR,ERR,ERR,ERR,ERR,ERR,ERR,ERR,ERR,ERR,ERR,ERR,ERR,ERR,ERR,ERR,ERR,ERR,ERR,ERR,ERR,ERR,ERR,ERR,ERR,ERR,ERR,ERR,ERR,ERR,ERR,ERR,ERR,ERR,ERR,ERR,-0.0,0.0,-107090896.0,0.0,-0.0,0.0,0.0,-6.944972068759317e+29,0,0,4,17391,7116,0.0,100,0.0,0.0,0.0,0.0,0.0,0,0,0,0,0.0,0,0,0,0,0,0,0,0,0,0,0,0,0,0,0,0,0,0,0,0,0,0,0,0,0,0,0,0,0,0,0,0,0,31,40,40,71,65476,0,300,0,0,8,21553,0.0,-107605600.0,0.0,0.0,0.0,0.0,0.0,0.0,0.0,0.0,0.0,0.0,0.0,0.0,0.0,0.0,0.0,0.0,0.0,0.0,0.0,0.0,0.0,0.0,0.0,0.0,0.0,0.0,0.0,0.0,5499.0,0.0,6917.0,-0.0,2.7184487558425414e+23,2.004,2.004,0.0,0.0,0.0,0.0,69,-2.3088296346384545e+20,2.7184208335248517e+23,0.0,0.0,0.0,0.0,0.0,0.0,0.0,0,0,0,0.0,0.0,0.0,0.0,0.0,0.0,0.0,0.0,0.0,0.0,0.0,0.0,0.0,0.0,0.0,0.0,0,-107875648.0,69,0.0,138,0.0,2.012,ERR,ERR,ERR,ERR,ERR,ERR,ERR,ERR,ERR,ERR,ERR,ERR,ERR,ERR,ERR,ERR,ERR,ERR,ERR,ERR,ERR,ERR,ERR,ERR,ERR,ERR,ERR,ERR,ERR,ERR,ERR,ERR,ERR,ERR,ERR,ERR,ERR,ERR,ERR,ERR,ERR,ERR,ERR,ERR,ERR,ERR,ERR,ERR,ERR,ERR,ERR,ERR,ERR,ERR,ERR,ERR,ERR,ERR,ERR,ERR,ERR,ERR,ERR,ERR,ERR,ERR,ERR,60.0,60.0,35,0.0,0.0,0.0,0.0,0.0,0.0,0.0,0.0,0.0,0.0,0.0,0.0,0.0,0.0,0.0,0.0,65.2,0,125,60,46,65476,0,300,0,0,8,20529,65476,0,0,2621,60.0,0.0,0.0,0.0,0.0,0.0
2026-07-09T15:24:44,ERR,ERR,ERR,ERR,ERR,ERR,ERR,ERR,ERR,ERR,ERR,ERR,ERR,ERR,ERR,ERR,ERR,ERR,ERR,ERR,ERR,ERR,ERR,ERR,ERR,ERR,ERR,ERR,ERR,ERR,ERR,ERR,ERR,ERR,ERR,ERR,ERR,ERR,ERR,ERR,ERR,ERR,ERR,ERR,ERR,ERR,ERR,ERR,ERR,ERR,ERR,ERR,ERR,ERR,ERR,ERR,ERR,ERR,ERR,ERR,ERR,ERR,ERR,ERR,ERR,ERR,ERR,ERR,ERR,ERR,ERR,ERR,ERR,ERR,ERR,ERR,ERR,ERR,ERR,ERR,ERR,ERR,ERR,ERR,ERR,ERR,ERR,ERR,ERR,ERR,ERR,ERR,ERR,ERR,ERR,ERR,ERR,ERR,ERR,ERR,ERR,ERR,ERR,ERR,ERR,ERR,ERR,ERR,ERR,ERR,ERR,ERR,ERR,ERR,ERR,ERR,ERR,ERR,ERR,ERR,ERR,ERR,ERR,ERR,ERR,-0.0,0.0,-107090896.0,0.0,-0.0,0.0,0.0,-6.944972068759317e+29,0,0,4,17391,7116,0.0,100,0.0,0.0,0.0,0.0,0.0,0,0,0,0,0.0,0,0,0,0,0,0,0,0,0,0,0,0,0,0,0,0,0,0,0,0,0,0,0,0,0,0,0,0,0,0,0,0,0,31,40,40,71,65476,0,300,0,0,8,21553,0.0,-107605600.0,0.0,0.0,0.0,0.0,0.0,0.0,0.0,0.0,0.0,0.0,0.0,0.0,0.0,0.0,0.0,0.0,0.0,0.0,0.0,0.0,0.0,0.0,0.0,0.0,0.0,0.0,0.0,0.0,5499.0,0.0,6917.0,-0.0,2.7184487558425414e+23,2.004,2.004,0.0,0.0,0.0,0.0,69,-2.3088296346384545e+20,2.7184208335248517e+23,0.0,0.0,0.0,0.0,0.0,0.0,0.0,0,0,0,0.0,0.0,0.0,0.0,0.0,0.0,0.0,0.0,0.0,0.0,0.0,0.0,0.0,0.0,0.0,0.0,0,-107875648.0,69,0.0,138,0.0,2.012,ERR,ERR,ERR,ERR,ERR,ERR,ERR,ERR,ERR,ERR,ERR,ERR,ERR,ERR,ERR,ERR,ERR,ERR,ERR,ERR,ERR,ERR,ERR,ERR,ERR,ERR,ERR,ERR,ERR,ERR,ERR,ERR,ERR,ERR,ERR,ERR,ERR,ERR,ERR,ERR,ERR,ERR,ERR,ERR,ERR,ERR,ERR,ERR,ERR,ERR,ERR,ERR,ERR,ERR,ERR,ERR,ERR,ERR,ERR,ERR,ERR,ERR,ERR,ERR,ERR,ERR,ERR,60.0,60.0,35,0.0,0.0,0.0,0.0,0.0,0.0,0.0,0.0,0.0,0.0,0.0,0.0,0.0,0.0,0.0,0.0,65.6,0,125,60,46,65476,0,300,0,0,8,20529,65476,0,0,2621,60.0,0.0,0.0,0.0,0.0,0.0
2026-07-09T15:24:45,ERR,ERR,ERR,ERR,ERR,ERR,ERR,ERR,ERR,ERR,ERR,ERR,ERR,ERR,ERR,ERR,ERR,ERR,ERR,ERR,ERR,ERR,ERR,ERR,ERR,ERR,ERR,ERR,ERR,ERR,ERR,ERR,ERR,ERR,ERR,ERR,ERR,ERR,ERR,ERR,ERR,ERR,ERR,ERR,ERR,ERR,ERR,ERR,ERR,ERR,ERR,ERR,ERR,ERR,ERR,ERR,ERR,ERR,ERR,ERR,ERR,ERR,ERR,ERR,ERR,ERR,ERR,ERR,ERR,ERR,ERR,ERR,ERR,ERR,ERR,ERR,ERR,ERR,ERR,ERR,ERR,ERR,ERR,ERR,ERR,ERR,ERR,ERR,ERR,ERR,ERR,ERR,ERR,ERR,ERR,ERR,ERR,ERR,ERR,ERR,ERR,ERR,ERR,ERR,ERR,ERR,ERR,ERR,ERR,ERR,ERR,ERR,ERR,ERR,ERR,ERR,ERR,ERR,ERR,ERR,ERR,ERR,ERR,ERR,ERR,-0.0,0.0,-107090896.0,0.0,-0.0,0.0,0.0,-6.944972068759317e+29,0,0,4,17391,7116,0.0,100,0.0,0.0,0.0,0.0,0.0,0,0,0,0,0.0,0,0,0,0,0,0,0,0,0,0,0,0,0,0,0,0,0,0,0,0,0,0,0,0,0,0,0,0,0,0,0,0,0,31,40,40,71,65476,0,300,0,0,8,21553,0.0,-107605600.0,0.0,0.0,0.0,0.0,0.0,0.0,0.0,0.0,0.0,0.0,0.0,0.0,0.0,0.0,0.0,0.0,0.0,0.0,0.0,0.0,0.0,0.0,0.0,0.0,0.0,0.0,0.0,0.0,5499.0,0.0,6917.0,-0.0,2.7184487558425414e+23,2.004,2.004,0.0,0.0,0.0,0.0,69,-2.3088296346384545e+20,2.7184208335248517e+23,0.0,0.0,0.0,0.0,0.0,0.0,0.0,0,0,0,0.0,0.0,0.0,0.0,0.0,0.0,0.0,0.0,0.0,0.0,0.0,0.0,0.0,0.0,0.0,0.0,0,-107875648.0,69,0.0,138,0.0,2.012,ERR,ERR,ERR,ERR,ERR,ERR,ERR,ERR,ERR,ERR,ERR,ERR,ERR,ERR,ERR,ERR,ERR,ERR,ERR,ERR,ERR,ERR,ERR,ERR,ERR,ERR,ERR,ERR,ERR,ERR,ERR,ERR,ERR,ERR,ERR,ERR,ERR,ERR,ERR,ERR,ERR,ERR,ERR,ERR,ERR,ERR,ERR,ERR,ERR,ERR,ERR,ERR,ERR,ERR,ERR,ERR,ERR,ERR,ERR,ERR,ERR,ERR,ERR,ERR,ERR,ERR,ERR,60.0,60.0,35,0.0,0.0,0.0,0.0,0.0,0.0,0.0,0.0,0.0,0.0,0.0,0.0,0.0,0.0,0.0,0.0,65.6,0,125,60,46,65476,0,300,0,0,8,20529,65476,0,0,2621,60.0,0.0,0.0,0.0,0.0,0.0
2026-07-09T15:24:46,ERR,ERR,ERR,ERR,ERR,ERR,ERR,ERR,ERR,ERR,ERR,ERR,ERR,ERR,ERR,ERR,ERR,ERR,ERR,ERR,ERR,ERR,ERR,ERR,ERR,ERR,ERR,ERR,ERR,ERR,ERR,ERR,ERR,ERR,ERR,ERR,ERR,ERR,ERR,ERR,ERR,ERR,ERR,ERR,ERR,ERR,ERR,ERR,ERR,ERR,ERR,ERR,ERR,ERR,ERR,ERR,ERR,ERR,ERR,ERR,ERR,ERR,ERR,ERR,ERR,ERR,ERR,ERR,ERR,ERR,ERR,ERR,ERR,ERR,ERR,ERR,ERR,ERR,ERR,ERR,ERR,ERR,ERR,ERR,ERR,ERR,ERR,ERR,ERR,ERR,ERR,ERR,ERR,ERR,ERR,ERR,ERR,ERR,ERR,ERR,ERR,ERR,ERR,ERR,ERR,ERR,ERR,ERR,ERR,ERR,ERR,ERR,ERR,ERR,ERR,ERR,ERR,ERR,ERR,ERR,ERR,ERR,ERR,ERR,ERR,-0.0,0.0,-107090896.0,0.0,-0.0,0.0,0.0,-6.944972068759317e+29,0,0,4,17391,7116,0.0,100,0.0,0.0,0.0,0.0,0.0,0,0,0,0,0.0,0,0,0,0,0,0,0,0,0,0,0,0,0,0,0,0,0,0,0,0,0,0,0,0,0,0,0,0,0,0,0,0,0,31,40,40,71,65476,0,300,0,0,8,21553,0.0,-107605600.0,0.0,0.0,0.0,0.0,0.0,0.0,0.0,0.0,0.0,0.0,0.0,0.0,0.0,0.0,0.0,0.0,0.0,0.0,0.0,0.0,0.0,0.0,0.0,0.0,0.0,0.0,0.0,0.0,5499.0,0.0,6917.0,-0.0,2.7184487558425414e+23,2.004,2.004,0.0,0.0,0.0,0.0,69,-2.3088296346384545e+20,2.7184208335248517e+23,0.0,0.0,0.0,0.0,0.0,0.0,0.0,0,0,0,0.0,0.0,0.0,0.0,0.0,0.0,0.0,0.0,0.0,0.0,0.0,0.0,0.0,0.0,0.0,0.0,0,-107875648.0,69,0.0,138,0.0,2.012,ERR,ERR,ERR,ERR,ERR,ERR,ERR,ERR,ERR,ERR,ERR,ERR,ERR,ERR,ERR,ERR,ERR,ERR,ERR,ERR,ERR,ERR,ERR,ERR,ERR,ERR,ERR,ERR,ERR,ERR,ERR,ERR,ERR,ERR,ERR,ERR,ERR,ERR,ERR,ERR,ERR,ERR,ERR,ERR,ERR,ERR,ERR,ERR,ERR,ERR,ERR,ERR,ERR,ERR,ERR,ERR,ERR,ERR,ERR,ERR,ERR,ERR,ERR,ERR,ERR,ERR,ERR,60.0,60.0,35,0.0,0.0,0.0,0.0,0.0,0.0,0.0,0.0,0.0,0.0,0.0,0.0,0.0,0.0,0.0,0.0,65.2,0,125,60,46,65476,0,300,0,0,8,20529,65476,0,0,2621,60.0,0.0,0.0,0.0,0.0,0.0
2026-07-09T15:24:47,ERR,ERR,ERR,ERR,ERR,ERR,ERR,ERR,ERR,ERR,ERR,ERR,ERR,ERR,ERR,ERR,ERR,ERR,ERR,ERR,ERR,ERR,ERR,ERR,ERR,ERR,ERR,ERR,ERR,ERR,ERR,ERR,ERR,ERR,ERR,ERR,ERR,ERR,ERR,ERR,ERR,ERR,ERR,ERR,ERR,ERR,ERR,ERR,ERR,ERR,ERR,ERR,ERR,ERR,ERR,ERR,ERR,ERR,ERR,ERR,ERR,ERR,ERR,ERR,ERR,ERR,ERR,ERR,ERR,ERR,ERR,ERR,ERR,ERR,ERR,ERR,ERR,ERR,ERR,ERR,ERR,ERR,ERR,ERR,ERR,ERR,ERR,ERR,ERR,ERR,ERR,ERR,ERR,ERR,ERR,ERR,ERR,ERR,ERR,ERR,ERR,ERR,ERR,ERR,ERR,ERR,ERR,ERR,ERR,ERR,ERR,ERR,ERR,ERR,ERR,ERR,ERR,ERR,ERR,ERR,ERR,ERR,ERR,ERR,ERR,-0.0,0.0,-107090896.0,0.0,-0.0,0.0,0.0,-6.944972068759317e+29,0,0,4,17391,7116,0.0,100,0.0,0.0,0.0,0.0,0.0,0,0,0,0,0.0,0,0,0,0,0,0,0,0,0,0,0,0,0,0,0,0,0,0,0,0,0,0,0,0,0,0,0,0,0,0,0,0,0,31,40,40,71,65476,0,300,0,0,8,21553,0.0,-107605600.0,0.0,0.0,0.0,0.0,0.0,0.0,0.0,0.0,0.0,0.0,0.0,0.0,0.0,0.0,0.0,0.0,0.0,0.0,0.0,0.0,0.0,0.0,0.0,0.0,0.0,0.0,0.0,0.0,5499.0,0.0,6917.0,-0.0,2.7184487558425414e+23,2.004,2.004,0.0,0.0,0.0,0.0,69,-2.3088296346384545e+20,2.7184208335248517e+23,0.0,0.0,0.0,0.0,0.0,0.0,0.0,0,0,0,0.0,0.0,0.0,0.0,0.0,0.0,0.0,0.0,0.0,0.0,0.0,0.0,0.0,0.0,0.0,0.0,0,-107875648.0,69,0.0,138,0.0,2.012,ERR,ERR,ERR,ERR,ERR,ERR,ERR,ERR,ERR,ERR,ERR,ERR,ERR,ERR,ERR,ERR,ERR,ERR,ERR,ERR,ERR,ERR,ERR,ERR,ERR,ERR,ERR,ERR,ERR,ERR,ERR,ERR,ERR,ERR,ERR,ERR,ERR,ERR,ERR,ERR,ERR,ERR,ERR,ERR,ERR,ERR,ERR,ERR,ERR,ERR,ERR,ERR,ERR,ERR,ERR,ERR,ERR,ERR,ERR,ERR,ERR,ERR,ERR,ERR,ERR,ERR,ERR,60.0,60.0,35,0.0,0.0,0.0,0.0,0.0,0.0,0.0,0.0,0.0,0.0,0.0,0.0,0.0,0.0,0.0,0.0,65.2,0,125,60,46,65476,0,300,0,0,8,20529,65476,0,0,2621,60.0,0.0,0.0,0.0,0.0,0.0
2026-07-09T15:24:48,ERR,ERR,ERR,ERR,ERR,ERR,ERR,ERR,ERR,ERR,ERR,ERR,ERR,ERR,ERR,ERR,ERR,ERR,ERR,ERR,ERR,ERR,ERR,ERR,ERR,ERR,ERR,ERR,ERR,ERR,ERR,ERR,ERR,ERR,ERR,ERR,ERR,ERR,ERR,ERR,ERR,ERR,ERR,ERR,ERR,ERR,ERR,ERR,ERR,ERR,ERR,ERR,ERR,ERR,ERR,ERR,ERR,ERR,ERR,ERR,ERR,ERR,ERR,ERR,ERR,ERR,ERR,ERR,ERR,ERR,ERR,ERR,ERR,ERR,ERR,ERR,ERR,ERR,ERR,ERR,ERR,ERR,ERR,ERR,ERR,ERR,ERR,ERR,ERR,ERR,ERR,ERR,ERR,ERR,ERR,ERR,ERR,ERR,ERR,ERR,ERR,ERR,ERR,ERR,ERR,ERR,ERR,ERR,ERR,ERR,ERR,ERR,ERR,ERR,ERR,ERR,ERR,ERR,ERR,ERR,ERR,ERR,ERR,ERR,ERR,0.0,-107616176.0,-0.0,0.0,1691337451634688.0,-2.8954618384764133e+23,-0.0,-2667218468864.0,0,0,4,17372,7116,0.0,100,0.0,0.0,0.0,0.0,0.0,0,0,0,0,0.0,0,0,0,0,0,0,0,0,0,0,0,0,0,0,0,0,0,0,0,0,0,0,0,0,0,0,0,0,0,0,0,0,0,31,40,40,71,65476,0,300,0,0,8,21553,0.0,-107605600.0,0.0,0.0,0.0,0.0,0.0,0.0,0.0,0.0,0.0,0.0,0.0,0.0,-2.596148429267414e+33,0.0,0.0,0.0,0.0,0.0,0.0,0.0,2.004,3.697072664024711e+19,0.0,0.0,0.0,0.0,0.0,0.0,5513.0,8608198656.0,6922.0,0.0,0.0,2.004,2.004,0.0,0.0,0.0,0.0,69,126840619008.0,-3.222010145941397e+26,0.0,0.0,0.0,0.0,0.0,0.0,0.0,0,0,0,0.0,0.0,0.0,0.0,0.0,0.0,0.0,0.0,0.0,0.0,0.0,0.0,0.0,0.0,0.0,0.0,0,-107875648.0,69,0.0,138,0.0,2.012,ERR,ERR,ERR,ERR,ERR,ERR,ERR,ERR,ERR,ERR,ERR,ERR,ERR,ERR,ERR,ERR,ERR,ERR,ERR,ERR,ERR,ERR,ERR,ERR,ERR,ERR,ERR,ERR,ERR,ERR,ERR,ERR,ERR,ERR,ERR,ERR,ERR,ERR,ERR,ERR,ERR,ERR,ERR,ERR,ERR,ERR,ERR,ERR,ERR,ERR,ERR,ERR,ERR,ERR,ERR,ERR,ERR,ERR,ERR,ERR,ERR,ERR,ERR,ERR,ERR,ERR,ERR,60.0,60.0,35,0.0,0.0,0.0,0.0,0.0,0.0,0.0,0.0,0.0,0.0,0.0,0.0,0.0,0.0,0.0,0.0,65.6,0,125,60,46,65476,0,300,0,0,8,20529,65476,0,0,2621,60.0,0.0,0.0,0.0,0.0,0.0
2026-07-09T15:24:49,ERR,ERR,ERR,ERR,ERR,ERR,ERR,ERR,ERR,ERR,ERR,ERR,ERR,ERR,ERR,ERR,ERR,ERR,ERR,ERR,ERR,ERR,ERR,ERR,ERR,ERR,ERR,ERR,ERR,ERR,ERR,ERR,ERR,ERR,ERR,ERR,ERR,ERR,ERR,ERR,ERR,ERR,ERR,ERR,ERR,ERR,ERR,ERR,ERR,ERR,ERR,ERR,ERR,ERR,ERR,ERR,ERR,ERR,ERR,ERR,ERR,ERR,ERR,ERR,ERR,ERR,ERR,ERR,ERR,ERR,ERR,ERR,ERR,ERR,ERR,ERR,ERR,ERR,ERR,ERR,ERR,ERR,ERR,ERR,ERR,ERR,ERR,ERR,ERR,ERR,ERR,ERR,ERR,ERR,ERR,ERR,ERR,ERR,ERR,ERR,ERR,ERR,ERR,ERR,ERR,ERR,ERR,ERR,ERR,ERR,ERR,ERR,ERR,ERR,ERR,ERR,ERR,ERR,ERR,ERR,ERR,ERR,ERR,ERR,ERR,0.0,-107616176.0,-0.0,0.0,1691337451634688.0,-2.8954618384764133e+23,-0.0,-2667218468864.0,0,0,4,17372,7116,0.0,100,0.0,0.0,0.0,0.0,0.0,0,0,0,0,0.0,0,0,0,0,0,0,0,0,0,0,0,0,0,0,0,0,0,0,0,0,0,0,0,0,0,0,0,0,0,0,0,0,0,31,40,40,71,65476,0,300,0,0,8,21553,0.0,-107605600.0,0.0,0.0,0.0,0.0,0.0,0.0,0.0,0.0,0.0,0.0,0.0,0.0,-2.596148429267414e+33,0.0,0.0,0.0,0.0,0.0,0.0,0.0,2.004,3.697072664024711e+19,0.0,0.0,0.0,0.0,0.0,0.0,5513.0,8608198656.0,6922.0,0.0,0.0,2.004,2.004,0.0,0.0,0.0,0.0,69,126840619008.0,-3.222010145941397e+26,0.0,0.0,0.0,0.0,0.0,0.0,0.0,0,0,0,0.0,0.0,0.0,0.0,0.0,0.0,0.0,0.0,0.0,0.0,0.0,0.0,0.0,0.0,0.0,0.0,0,-107875648.0,69,0.0,138,0.0,2.012,ERR,ERR,ERR,ERR,ERR,ERR,ERR,ERR,ERR,ERR,ERR,ERR,ERR,ERR,ERR,ERR,ERR,ERR,ERR,ERR,ERR,ERR,ERR,ERR,ERR,ERR,ERR,ERR,ERR,ERR,ERR,ERR,ERR,ERR,ERR,ERR,ERR,ERR,ERR,ERR,ERR,ERR,ERR,ERR,ERR,ERR,ERR,ERR,ERR,ERR,ERR,ERR,ERR,ERR,ERR,ERR,ERR,ERR,ERR,ERR,ERR,ERR,ERR,ERR,ERR,ERR,ERR,60.0,60.0,35,0.0,0.0,0.0,0.0,0.0,0.0,0.0,0.0,0.0,0.0,0.0,0.0,0.0,0.0,0.0,0.0,65.2,0,125,60,46,65476,0,300,0,0,8,20529,65476,0,0,2621,60.0,0.0,0.0,0.0,0.0,0.0
2026-07-09T15:24:50,ERR,ERR,ERR,ERR,ERR,ERR,ERR,ERR,ERR,ERR,ERR,ERR,ERR,ERR,ERR,ERR,ERR,ERR,ERR,ERR,ERR,ERR,ERR,ERR,ERR,ERR,ERR,ERR,ERR,ERR,ERR,ERR,ERR,ERR,ERR,ERR,ERR,ERR,ERR,ERR,ERR,ERR,ERR,ERR,ERR,ERR,ERR,ERR,ERR,ERR,ERR,ERR,ERR,ERR,ERR,ERR,ERR,ERR,ERR,ERR,ERR,ERR,ERR,ERR,ERR,ERR,ERR,ERR,ERR,ERR,ERR,ERR,ERR,ERR,ERR,ERR,ERR,ERR,ERR,ERR,ERR,ERR,ERR,ERR,ERR,ERR,ERR,ERR,ERR,ERR,ERR,ERR,ERR,ERR,ERR,ERR,ERR,ERR,ERR,ERR,ERR,ERR,ERR,ERR,ERR,ERR,ERR,ERR,ERR,ERR,ERR,ERR,ERR,ERR,ERR,ERR,ERR,ERR,ERR,ERR,ERR,ERR,ERR,ERR,ERR,0.0,-107616176.0,-0.0,0.0,1691337451634688.0,-2.8954618384764133e+23,-0.0,-2667218468864.0,0,0,4,17372,7116,0.0,100,0.0,0.0,0.0,0.0,0.0,0,0,0,0,0.0,0,0,0,0,0,0,0,0,0,0,0,0,0,0,0,0,0,0,0,0,0,0,0,0,0,0,0,0,0,0,0,0,0,31,40,40,71,65476,0,300,0,0,8,21553,0.0,-107605600.0,0.0,0.0,0.0,0.0,0.0,0.0,0.0,0.0,0.0,0.0,0.0,0.0,-2.596148429267414e+33,0.0,0.0,0.0,0.0,0.0,0.0,0.0,2.004,3.697072664024711e+19,0.0,0.0,0.0,0.0,0.0,0.0,5513.0,8608198656.0,6922.0,0.0,0.0,2.004,2.004,0.0,0.0,0.0,0.0,69,126840619008.0,-3.222010145941397e+26,0.0,0.0,0.0,0.0,0.0,0.0,0.0,0,0,0,0.0,0.0,0.0,0.0,0.0,0.0,0.0,0.0,0.0,0.0,0.0,0.0,0.0,0.0,0.0,0.0,0,-107875648.0,69,0.0,138,0.0,2.012,ERR,ERR,ERR,ERR,ERR,ERR,ERR,ERR,ERR,ERR,ERR,ERR,ERR,ERR,ERR,ERR,ERR,ERR,ERR,ERR,ERR,ERR,ERR,ERR,ERR,ERR,ERR,ERR,ERR,ERR,ERR,ERR,ERR,ERR,ERR,ERR,ERR,ERR,ERR,ERR,ERR,ERR,ERR,ERR,ERR,ERR,ERR,ERR,ERR,ERR,ERR,ERR,ERR,ERR,ERR,ERR,ERR,ERR,ERR,ERR,ERR,ERR,ERR,ERR,ERR,ERR,ERR,60.0,60.0,35,0.0,0.0,0.0,0.0,0.0,0.0,0.0,0.0,0.0,0.0,0.0,0.0,0.0,0.0,0.0,0.0,65.2,0,125,60,46,65476,0,300,0,0,8,20529,65476,0,0,2621,60.0,0.0,0.0,0.0,0.0,0.0
2026-07-09T15:24:51,ERR,ERR,ERR,ERR,ERR,ERR,ERR,ERR,ERR,ERR,ERR,ERR,ERR,ERR,ERR,ERR,ERR,ERR,ERR,ERR,ERR,ERR,ERR,ERR,ERR,ERR,ERR,ERR,ERR,ERR,ERR,ERR,ERR,ERR,ERR,ERR,ERR,ERR,ERR,ERR,ERR,ERR,ERR,ERR,ERR,ERR,ERR,ERR,ERR,ERR,ERR,ERR,ERR,ERR,ERR,ERR,ERR,ERR,ERR,ERR,ERR,ERR,ERR,ERR,ERR,ERR,ERR,ERR,ERR,ERR,ERR,ERR,ERR,ERR,ERR,ERR,ERR,ERR,ERR,ERR,ERR,ERR,ERR,ERR,ERR,ERR,ERR,ERR,ERR,ERR,ERR,ERR,ERR,ERR,ERR,ERR,ERR,ERR,ERR,ERR,ERR,ERR,ERR,ERR,ERR,ERR,ERR,ERR,ERR,ERR,ERR,ERR,ERR,ERR,ERR,ERR,ERR,ERR,ERR,ERR,ERR,ERR,ERR,ERR,ERR,0.0,-107616176.0,-0.0,0.0,1691337451634688.0,-2.8954618384764133e+23,-0.0,-2667218468864.0,0,0,4,17372,7116,0.0,100,0.0,0.0,0.0,0.0,0.0,0,0,0,0,0.0,0,0,0,0,0,0,0,0,0,0,0,0,0,0,0,0,0,0,0,0,0,0,0,0,0,0,0,0,0,0,0,0,0,31,40,40,71,65476,0,300,0,0,8,21553,0.0,-107605600.0,0.0,0.0,0.0,0.0,0.0,0.0,0.0,0.0,0.0,0.0,0.0,0.0,-2.596148429267414e+33,0.0,0.0,0.0,0.0,0.0,0.0,0.0,2.004,3.697072664024711e+19,0.0,0.0,0.0,0.0,0.0,0.0,5513.0,8608198656.0,6922.0,0.0,0.0,2.004,2.004,0.0,0.0,0.0,0.0,69,126840619008.0,-3.222010145941397e+26,0.0,0.0,0.0,0.0,0.0,0.0,0.0,0,0,0,0.0,0.0,0.0,0.0,0.0,0.0,0.0,0.0,0.0,0.0,0.0,0.0,0.0,0.0,0.0,0.0,0,-107875648.0,69,0.0,138,0.0,2.012,ERR,ERR,ERR,ERR,ERR,ERR,ERR,ERR,ERR,ERR,ERR,ERR,ERR,ERR,ERR,ERR,ERR,ERR,ERR,ERR,ERR,ERR,ERR,ERR,ERR,ERR,ERR,ERR,ERR,ERR,ERR,ERR,ERR,ERR,ERR,ERR,ERR,ERR,ERR,ERR,ERR,ERR,ERR,ERR,ERR,ERR,ERR,ERR,ERR,ERR,ERR,ERR,ERR,ERR,ERR,ERR,ERR,ERR,ERR,ERR,ERR,ERR,ERR,ERR,ERR,ERR,ERR,60.0,60.0,35,0.0,0.0,0.0,0.0,0.0,0.0,0.0,0.0,0.0,0.0,0.0,0.0,0.0,0.0,0.0,0.0,65.2,0,126,61,46,65476,0,300,0,0,8,20529,65476,0,0,2621,60.0,0.0,0.0,0.0,0.0,0.0
2026-07-09T15:24:52,ERR,ERR,ERR,ERR,ERR,ERR,ERR,ERR,ERR,ERR,ERR,ERR,ERR,ERR,ERR,ERR,ERR,ERR,ERR,ERR,ERR,ERR,ERR,ERR,ERR,ERR,ERR,ERR,ERR,ERR,ERR,ERR,ERR,ERR,ERR,ERR,ERR,ERR,ERR,ERR,ERR,ERR,ERR,ERR,ERR,ERR,ERR,ERR,ERR,ERR,ERR,ERR,ERR,ERR,ERR,ERR,ERR,ERR,ERR,ERR,ERR,ERR,ERR,ERR,ERR,ERR,ERR,ERR,ERR,ERR,ERR,ERR,ERR,ERR,ERR,ERR,ERR,ERR,ERR,ERR,ERR,ERR,ERR,ERR,ERR,ERR,ERR,ERR,ERR,ERR,ERR,ERR,ERR,ERR,ERR,ERR,ERR,ERR,ERR,ERR,ERR,ERR,ERR,ERR,ERR,ERR,ERR,ERR,ERR,ERR,ERR,ERR,ERR,ERR,ERR,ERR,ERR,ERR,ERR,ERR,ERR,ERR,ERR,ERR,ERR,0.0,-107616176.0,-0.0,0.0,1691337451634688.0,-2.8954618384764133e+23,-0.0,-2667218468864.0,0,0,4,17372,7116,0.0,100,0.0,0.0,0.0,0.0,0.0,0,0,0,0,0.0,0,0,0,0,0,0,0,0,0,0,0,0,0,0,0,0,0,0,0,0,0,0,0,0,0,0,0,0,0,0,0,0,0,31,40,40,71,65476,0,300,0,0,8,21553,0.0,-107605600.0,0.0,0.0,0.0,0.0,0.0,0.0,0.0,0.0,0.0,0.0,0.0,0.0,-2.596148429267414e+33,0.0,0.0,0.0,0.0,0.0,0.0,0.0,2.004,3.697072664024711e+19,0.0,0.0,0.0,0.0,0.0,0.0,5513.0,8608198656.0,6922.0,0.0,0.0,2.004,2.004,0.0,0.0,0.0,0.0,69,126840619008.0,-3.222010145941397e+26,0.0,0.0,0.0,0.0,0.0,0.0,0.0,0,0,0,0.0,0.0,0.0,0.0,0.0,0.0,0.0,0.0,0.0,0.0,0.0,0.0,0.0,0.0,0.0,0.0,0,-107875648.0,69,0.0,138,0.0,2.012,ERR,ERR,ERR,ERR,ERR,ERR,ERR,ERR,ERR,ERR,ERR,ERR,ERR,ERR,ERR,ERR,ERR,ERR,ERR,ERR,ERR,ERR,ERR,ERR,ERR,ERR,ERR,ERR,ERR,ERR,ERR,ERR,ERR,ERR,ERR,ERR,ERR,ERR,ERR,ERR,ERR,ERR,ERR,ERR,ERR,ERR,ERR,ERR,ERR,ERR,ERR,ERR,ERR,ERR,ERR,ERR,ERR,ERR,ERR,ERR,ERR,ERR,ERR,ERR,ERR,ERR,ERR,60.0,60.0,35,0.0,0.0,0.0,0.0,0.0,0.0,0.0,0.0,0.0,0.0,0.0,0.0,0.0,0.0,0.0,0.0,65.2,0,126,61,46,65476,0,300,0,0,8,20529,65476,0,0,2621,60.0,0.0,0.0,0.0,0.0,0.0
2026-07-09T15:24:53,ERR,ERR,ERR,ERR,ERR,ERR,ERR,ERR,ERR,ERR,ERR,ERR,ERR,ERR,ERR,ERR,ERR,ERR,ERR,ERR,ERR,ERR,ERR,ERR,ERR,ERR,ERR,ERR,ERR,ERR,ERR,ERR,ERR,ERR,ERR,ERR,ERR,ERR,ERR,ERR,ERR,ERR,ERR,ERR,ERR,ERR,ERR,ERR,ERR,ERR,ERR,ERR,ERR,ERR,ERR,ERR,ERR,ERR,ERR,ERR,ERR,ERR,ERR,ERR,ERR,ERR,ERR,ERR,ERR,ERR,ERR,ERR,ERR,ERR,ERR,ERR,ERR,ERR,ERR,ERR,ERR,ERR,ERR,ERR,ERR,ERR,ERR,ERR,ERR,ERR,ERR,ERR,ERR,ERR,ERR,ERR,ERR,ERR,ERR,ERR,ERR,ERR,ERR,ERR,ERR,ERR,ERR,ERR,ERR,ERR,ERR,ERR,ERR,ERR,ERR,ERR,ERR,ERR,ERR,ERR,ERR,ERR,ERR,ERR,ERR,0.0,0.0,2.7184267782763598e+23,-107611872.0,-0.0,8.480846351497727e+32,-23122774016.0,0.0,0,0,4,17366,7116,0.0,100,0.0,0.0,-107611872.0,0.0,0.0,0,0,0,0,0.0,0,0,0,0,0,0,0,0,0,0,0,0,0,0,0,0,0,0,0,0,0,0,0,0,0,0,0,0,0,0,0,0,0,31,40,40,71,65476,0,300,0,0,8,21553,0.0,-107605600.0,0.0,0.0,0.0,0.0,0.0,0.0,0.0,0.0,0.0,0.0,0.0,0.0,0.0,0.0,0.0,0.0,0.0,0.0,0.0,0.0,2.004,-0.0,0.0,0.0,0.0,0.0,0.0,0.0,5554.0,-3.6971936103037665e+19,6940.0,0.0,0.0,2.004,2.004,0.0,0.0,0.0,0.0,69,-0.0,-0.0,0.0,0.0,0.0,0.0,0.0,0.0,0.0,0,0,0,0.0,0.0,0.0,0.0,0.0,0.0,0.0,0.0,0.0,0.0,0.0,0.0,0.0,0.0,0.0,0.0,0,-107875648.0,69,0.0,138,0.0,2.012,ERR,ERR,ERR,ERR,ERR,ERR,ERR,ERR,ERR,ERR,ERR,ERR,ERR,ERR,ERR,ERR,ERR,ERR,ERR,ERR,ERR,ERR,ERR,ERR,ERR,ERR,ERR,ERR,ERR,ERR,ERR,ERR,ERR,ERR,ERR,ERR,ERR,ERR,ERR,ERR,ERR,ERR,ERR,ERR,ERR,ERR,ERR,ERR,ERR,ERR,ERR,ERR,ERR,ERR,ERR,ERR,ERR,ERR,ERR,ERR,ERR,ERR,ERR,ERR,ERR,ERR,ERR,60.0,60.0,35,0.0,0.0,0.0,0.0,0.0,0.0,0.0,0.0,0.0,0.0,0.0,0.0,0.0,0.0,0.0,0.0,65.2,0,126,61,46,65476,0,300,0,0,8,20529,65476,0,0,2621,60.0,0.0,0.0,0.0,0.0,0.0
2026-07-09T15:24:54,ERR,ERR,ERR,ERR,ERR,ERR,ERR,ERR,ERR,ERR,ERR,ERR,ERR,ERR,ERR,ERR,ERR,ERR,ERR,ERR,ERR,ERR,ERR,ERR,ERR,ERR,ERR,ERR,ERR,ERR,ERR,ERR,ERR,ERR,ERR,ERR,ERR,ERR,ERR,ERR,ERR,ERR,ERR,ERR,ERR,ERR,ERR,ERR,ERR,ERR,ERR,ERR,ERR,ERR,ERR,ERR,ERR,ERR,ERR,ERR,ERR,ERR,ERR,ERR,ERR,ERR,ERR,ERR,ERR,ERR,ERR,ERR,ERR,ERR,ERR,ERR,ERR,ERR,ERR,ERR,ERR,ERR,ERR,ERR,ERR,ERR,ERR,ERR,ERR,ERR,ERR,ERR,ERR,ERR,ERR,ERR,ERR,ERR,ERR,ERR,ERR,ERR,ERR,ERR,ERR,ERR,ERR,ERR,ERR,ERR,ERR,ERR,ERR,ERR,ERR,ERR,ERR,ERR,ERR,ERR,ERR,ERR,ERR,ERR,ERR,0.0,0.0,2.7184267782763598e+23,-107611872.0,-0.0,8.480846351497727e+32,-23122774016.0,0.0,0,0,4,17366,7116,0.0,100,0.0,0.0,-107611872.0,0.0,0.0,0,0,0,0,0.0,0,0,0,0,0,0,0,0,0,0,0,0,0,0,0,0,0,0,0,0,0,0,0,0,0,0,0,0,0,0,0,0,0,31,40,40,71,65476,0,300,0,0,8,21553,0.0,-107605600.0,0.0,0.0,0.0,0.0,0.0,0.0,0.0,0.0,0.0,0.0,0.0,0.0,0.0,0.0,0.0,0.0,0.0,0.0,0.0,0.0,2.004,-0.0,0.0,0.0,0.0,0.0,0.0,0.0,5554.0,-3.6971936103037665e+19,6940.0,0.0,0.0,2.004,2.004,0.0,0.0,0.0,0.0,69,-0.0,-0.0,0.0,0.0,0.0,0.0,0.0,0.0,0.0,0,0,0,0.0,0.0,0.0,0.0,0.0,0.0,0.0,0.0,0.0,0.0,0.0,0.0,0.0,0.0,0.0,0.0,0,-107875648.0,69,0.0,138,0.0,2.012,ERR,ERR,ERR,ERR,ERR,ERR,ERR,ERR,ERR,ERR,ERR,ERR,ERR,ERR,ERR,ERR,ERR,ERR,ERR,ERR,ERR,ERR,ERR,ERR,ERR,ERR,ERR,ERR,ERR,ERR,ERR,ERR,ERR,ERR,ERR,ERR,ERR,ERR,ERR,ERR,ERR,ERR,ERR,ERR,ERR,ERR,ERR,ERR,ERR,ERR,ERR,ERR,ERR,ERR,ERR,ERR,ERR,ERR,ERR,ERR,ERR,ERR,ERR,ERR,ERR,ERR,ERR,60.0,60.0,35,0.0,0.0,0.0,0.0,0.0,0.0,0.0,0.0,0.0,0.0,0.0,0.0,0.0,0.0,0.0,0.0,65.2,0,126,61,46,65476,0,300,0,0,8,20529,65476,0,0,2621,60.0,0.0,0.0,0.0,0.0,0.0
2026-07-09T15:24:55,ERR,ERR,ERR,ERR,ERR,ERR,ERR,ERR,ERR,ERR,ERR,ERR,ERR,ERR,ERR,ERR,ERR,ERR,ERR,ERR,ERR,ERR,ERR,ERR,ERR,ERR,ERR,ERR,ERR,ERR,ERR,ERR,ERR,ERR,ERR,ERR,ERR,ERR,ERR,ERR,ERR,ERR,ERR,ERR,ERR,ERR,ERR,ERR,ERR,ERR,ERR,ERR,ERR,ERR,ERR,ERR,ERR,ERR,ERR,ERR,ERR,ERR,ERR,ERR,ERR,ERR,ERR,ERR,ERR,ERR,ERR,ERR,ERR,ERR,ERR,ERR,ERR,ERR,ERR,ERR,ERR,ERR,ERR,ERR,ERR,ERR,ERR,ERR,ERR,ERR,ERR,ERR,ERR,ERR,ERR,ERR,ERR,ERR,ERR,ERR,ERR,ERR,ERR,ERR,ERR,ERR,ERR,ERR,ERR,ERR,ERR,ERR,ERR,ERR,ERR,ERR,ERR,ERR,ERR,ERR,ERR,ERR,ERR,ERR,ERR,0.0,0.0,2.7184267782763598e+23,-107611872.0,-0.0,8.480846351497727e+32,-23122774016.0,0.0,0,0,4,17366,7116,0.0,100,0.0,0.0,-107611872.0,0.0,0.0,0,0,0,0,0.0,0,0,0,0,0,0,0,0,0,0,0,0,0,0,0,0,0,0,0,0,0,0,0,0,0,0,0,0,0,0,0,0,0,31,40,40,71,65476,0,300,0,0,8,21553,0.0,-107605600.0,0.0,0.0,0.0,0.0,0.0,0.0,0.0,0.0,0.0,0.0,0.0,0.0,0.0,0.0,0.0,0.0,0.0,0.0,0.0,0.0,2.004,-0.0,0.0,0.0,0.0,0.0,0.0,0.0,5554.0,-3.6971936103037665e+19,6940.0,0.0,0.0,2.004,2.004,0.0,0.0,0.0,0.0,69,-0.0,-0.0,0.0,0.0,0.0,0.0,0.0,0.0,0.0,0,0,0,0.0,0.0,0.0,0.0,0.0,0.0,0.0,0.0,0.0,0.0,0.0,0.0,0.0,0.0,0.0,0.0,0,-107875648.0,69,0.0,138,0.0,2.012,ERR,ERR,ERR,ERR,ERR,ERR,ERR,ERR,ERR,ERR,ERR,ERR,ERR,ERR,ERR,ERR,ERR,ERR,ERR,ERR,ERR,ERR,ERR,ERR,ERR,ERR,ERR,ERR,ERR,ERR,ERR,ERR,ERR,ERR,ERR,ERR,ERR,ERR,ERR,ERR,ERR,ERR,ERR,ERR,ERR,ERR,ERR,ERR,ERR,ERR,ERR,ERR,ERR,ERR,ERR,ERR,ERR,ERR,ERR,ERR,ERR,ERR,ERR,ERR,ERR,ERR,ERR,60.0,60.0,35,0.0,0.0,0.0,0.0,0.0,0.0,0.0,0.0,0.0,0.0,0.0,0.0,0.0,0.0,0.0,0.0,65.2,0,126,61,46,65476,0,300,0,0,8,20529,65476,0,0,2621,60.0,0.0,0.0,0.0,0.0,0.0
2026-07-09T15:24:56,ERR,ERR,ERR,ERR,ERR,ERR,ERR,ERR,ERR,ERR,ERR,ERR,ERR,ERR,ERR,ERR,ERR,ERR,ERR,ERR,ERR,ERR,ERR,ERR,ERR,ERR,ERR,ERR,ERR,ERR,ERR,ERR,ERR,ERR,ERR,ERR,ERR,ERR,ERR,ERR,ERR,ERR,ERR,ERR,ERR,ERR,ERR,ERR,ERR,ERR,ERR,ERR,ERR,ERR,ERR,ERR,ERR,ERR,ERR,ERR,ERR,ERR,ERR,ERR,ERR,ERR,ERR,ERR,ERR,ERR,ERR,ERR,ERR,ERR,ERR,ERR,ERR,ERR,ERR,ERR,ERR,ERR,ERR,ERR,ERR,ERR,ERR,ERR,ERR,ERR,ERR,ERR,ERR,ERR,ERR,ERR,ERR,ERR,ERR,ERR,ERR,ERR,ERR,ERR,ERR,ERR,ERR,ERR,ERR,ERR,ERR,ERR,ERR,ERR,ERR,ERR,ERR,ERR,ERR,ERR,ERR,ERR,ERR,ERR,ERR,0.0,0.0,2.7184267782763598e+23,-107611872.0,-0.0,8.480846351497727e+32,-23122774016.0,0.0,0,0,4,17366,7116,0.0,100,0.0,0.0,-107611872.0,0.0,0.0,0,0,0,0,0.0,0,0,0,0,0,0,0,0,0,0,0,0,0,0,0,0,0,0,0,0,0,0,0,0,0,0,0,0,0,0,0,0,0,31,40,40,71,65476,0,300,0,0,8,21553,0.0,-107605600.0,0.0,0.0,0.0,0.0,0.0,0.0,0.0,0.0,0.0,0.0,0.0,0.0,0.0,0.0,0.0,0.0,0.0,0.0,0.0,0.0,2.004,-0.0,0.0,0.0,0.0,0.0,0.0,0.0,5554.0,-3.6971936103037665e+19,6940.0,0.0,0.0,2.004,2.004,0.0,0.0,0.0,0.0,69,-0.0,-0.0,0.0,0.0,0.0,0.0,0.0,0.0,0.0,0,0,0,0.0,0.0,0.0,0.0,0.0,0.0,0.0,0.0,0.0,0.0,0.0,0.0,0.0,0.0,0.0,0.0,0,-107875648.0,69,0.0,138,0.0,2.012,ERR,ERR,ERR,ERR,ERR,ERR,ERR,ERR,ERR,ERR,ERR,ERR,ERR,ERR,ERR,ERR,ERR,ERR,ERR,ERR,ERR,ERR,ERR,ERR,ERR,ERR,ERR,ERR,ERR,ERR,ERR,ERR,ERR,ERR,ERR,ERR,ERR,ERR,ERR,ERR,ERR,ERR,ERR,ERR,ERR,ERR,ERR,ERR,ERR,ERR,ERR,ERR,ERR,ERR,ERR,ERR,ERR,ERR,ERR,ERR,ERR,ERR,ERR,ERR,ERR,ERR,ERR,60.0,60.0,35,0.0,0.0,0.0,0.0,0.0,0.0,0.0,0.0,0.0,0.0,0.0,0.0,0.0,0.0,0.0,0.0,65.2,0,126,61,46,65476,0,300,0,0,8,20529,65476,0,0,2621,60.0,0.0,0.0,0.0,0.0,0.0
2026-07-09T15:24:57,ERR,ERR,ERR,ERR,ERR,ERR,ERR,ERR,ERR,ERR,ERR,ERR,ERR,ERR,ERR,ERR,ERR,ERR,ERR,ERR,ERR,ERR,ERR,ERR,ERR,ERR,ERR,ERR,ERR,ERR,ERR,ERR,ERR,ERR,ERR,ERR,ERR,ERR,ERR,ERR,ERR,ERR,ERR,ERR,ERR,ERR,ERR,ERR,ERR,ERR,ERR,ERR,ERR,ERR,ERR,ERR,ERR,ERR,ERR,ERR,ERR,ERR,ERR,ERR,ERR,ERR,ERR,ERR,ERR,ERR,ERR,ERR,ERR,ERR,ERR,ERR,ERR,ERR,ERR,ERR,ERR,ERR,ERR,ERR,ERR,ERR,ERR,ERR,ERR,ERR,ERR,ERR,ERR,ERR,ERR,ERR,ERR,ERR,ERR,ERR,ERR,ERR,ERR,ERR,ERR,ERR,ERR,ERR,ERR,ERR,ERR,ERR,ERR,ERR,ERR,ERR,ERR,ERR,ERR,ERR,ERR,ERR,ERR,ERR,ERR,0.0,0.0,2.7184267782763598e+23,-107611872.0,-0.0,8.480846351497727e+32,-23122774016.0,0.0,0,0,4,17366,7116,0.0,100,0.0,0.0,-107611872.0,0.0,0.0,0,0,0,0,0.0,0,0,0,0,0,0,0,0,0,0,0,0,0,0,0,0,0,0,0,0,0,0,0,0,0,0,0,0,0,0,0,0,0,31,40,40,71,65476,0,300,0,0,8,21553,0.0,-107605600.0,0.0,0.0,0.0,0.0,0.0,0.0,0.0,0.0,0.0,0.0,0.0,0.0,0.0,0.0,0.0,0.0,0.0,0.0,0.0,0.0,2.004,-0.0,0.0,0.0,0.0,0.0,0.0,0.0,5554.0,-3.6971936103037665e+19,6940.0,0.0,0.0,2.004,2.004,0.0,0.0,0.0,0.0,69,-0.0,-0.0,0.0,0.0,0.0,0.0,0.0,0.0,0.0,0,0,0,0.0,0.0,0.0,0.0,0.0,0.0,0.0,0.0,0.0,0.0,0.0,0.0,0.0,0.0,0.0,0.0,0,-107875648.0,69,0.0,138,0.0,2.012,ERR,ERR,ERR,ERR,ERR,ERR,ERR,ERR,ERR,ERR,ERR,ERR,ERR,ERR,ERR,ERR,ERR,ERR,ERR,ERR,ERR,ERR,ERR,ERR,ERR,ERR,ERR,ERR,ERR,ERR,ERR,ERR,ERR,ERR,ERR,ERR,ERR,ERR,ERR,ERR,ERR,ERR,ERR,ERR,ERR,ERR,ERR,ERR,ERR,ERR,ERR,ERR,ERR,ERR,ERR,ERR,ERR,ERR,ERR,ERR,ERR,ERR,ERR,ERR,ERR,ERR,ERR,60.0,60.0,35,0.0,0.0,0.0,0.0,0.0,0.0,0.0,0.0,0.0,0.0,0.0,0.0,0.0,0.0,0.0,0.0,65.2,0,126,61,46,65476,0,300,0,0,8,20529,65476,0,0,2621,60.0,0.0,0.0,0.0,0.0,0.0
2026-07-09T15:24:58,ERR,ERR,ERR,ERR,ERR,ERR,ERR,ERR,ERR,ERR,ERR,ERR,ERR,ERR,ERR,ERR,ERR,ERR,ERR,ERR,ERR,ERR,ERR,ERR,ERR,ERR,ERR,ERR,ERR,ERR,ERR,ERR,ERR,ERR,ERR,ERR,ERR,ERR,ERR,ERR,ERR,ERR,ERR,ERR,ERR,ERR,ERR,ERR,ERR,ERR,ERR,ERR,ERR,ERR,ERR,ERR,ERR,ERR,ERR,ERR,ERR,ERR,ERR,ERR,ERR,ERR,ERR,ERR,ERR,ERR,ERR,ERR,ERR,ERR,ERR,ERR,ERR,ERR,ERR,ERR,ERR,ERR,ERR,ERR,ERR,ERR,ERR,ERR,ERR,ERR,ERR,ERR,ERR,ERR,ERR,ERR,ERR,ERR,ERR,ERR,ERR,ERR,ERR,ERR,ERR,ERR,ERR,ERR,ERR,ERR,ERR,ERR,ERR,ERR,ERR,ERR,ERR,ERR,ERR,ERR,ERR,ERR,ERR,ERR,ERR,0.0,-107616176.0,-0.0,-0.0,-2274361276891136.0,-0.0,6.323075674034734e+37,0.0,0,0,4,17365,7116,0.0,100,0.0,0.0,-0.0,0.0,0.0,0,0,0,0,0.0,0,0,0,0,0,0,0,0,0,0,0,0,0,0,0,0,0,0,0,0,0,0,0,0,0,0,0,0,0,0,0,0,0,31,40,40,71,65476,0,300,0,0,8,21553,0.0,-107605600.0,0.0,0.0,0.0,0.0,0.0,0.0,0.0,0.0,0.0,0.0,0.0,0.0,0.0,0.0,0.0,0.0,0.0,0.0,0.0,0.0,2.004,2.004,0.0,0.0,0.0,0.0,0.0,0.0,5606.0,-0.0,6934.0,0.0,-0.0,2.004,2.004,0.0,0.0,0.0,0.0,69,4.066857813697059e+29,-2.308832273466361e+20,0.0,0.0,0.0,0.0,0.0,0.0,0.0,0,0,0,0.0,0.0,0.0,0.0,0.0,0.0,0.0,0.0,0.0,0.0,0.0,0.0,0.0,0.0,0.0,0.0,0,-107875648.0,69,0.0,138,0.0,2.012,ERR,ERR,ERR,ERR,ERR,ERR,ERR,ERR,ERR,ERR,ERR,ERR,ERR,ERR,ERR,ERR,ERR,ERR,ERR,ERR,ERR,ERR,ERR,ERR,ERR,ERR,ERR,ERR,ERR,ERR,ERR,ERR,ERR,ERR,ERR,ERR,ERR,ERR,ERR,ERR,ERR,ERR,ERR,ERR,ERR,ERR,ERR,ERR,ERR,ERR,ERR,ERR,ERR,ERR,ERR,ERR,ERR,ERR,ERR,ERR,ERR,ERR,ERR,ERR,ERR,ERR,ERR,60.0,60.0,35,0.0,0.0,0.0,0.0,0.0,0.0,0.0,0.0,0.0,0.0,0.0,0.0,0.0,0.0,0.0,0.0,65.6,0,126,61,46,65476,0,300,0,0,8,20529,65476,0,0,2621,60.0,0.0,0.0,0.0,0.0,0.0
2026-07-09T15:24:59,ERR,ERR,ERR,ERR,ERR,ERR,ERR,ERR,ERR,ERR,ERR,ERR,ERR,ERR,ERR,ERR,ERR,ERR,ERR,ERR,ERR,ERR,ERR,ERR,ERR,ERR,ERR,ERR,ERR,ERR,ERR,ERR,ERR,ERR,ERR,ERR,ERR,ERR,ERR,ERR,ERR,ERR,ERR,ERR,ERR,ERR,ERR,ERR,ERR,ERR,ERR,ERR,ERR,ERR,ERR,ERR,ERR,ERR,ERR,ERR,ERR,ERR,ERR,ERR,ERR,ERR,ERR,ERR,ERR,ERR,ERR,ERR,ERR,ERR,ERR,ERR,ERR,ERR,ERR,ERR,ERR,ERR,ERR,ERR,ERR,ERR,ERR,ERR,ERR,ERR,ERR,ERR,ERR,ERR,ERR,ERR,ERR,ERR,ERR,ERR,ERR,ERR,ERR,ERR,ERR,ERR,ERR,ERR,ERR,ERR,ERR,ERR,ERR,ERR,ERR,ERR,ERR,ERR,ERR,ERR,ERR,ERR,ERR,ERR,ERR,0.0,-107616176.0,-0.0,-0.0,-2274361276891136.0,-0.0,6.323075674034734e+37,0.0,0,0,4,17365,7116,0.0,100,0.0,0.0,-0.0,0.0,0.0,0,0,0,0,0.0,0,0,0,0,0,0,0,0,0,0,0,0,0,0,0,0,0,0,0,0,0,0,0,0,0,0,0,0,0,0,0,0,0,31,40,40,71,65476,0,300,0,0,8,21553,0.0,-107605600.0,0.0,0.0,0.0,0.0,0.0,0.0,0.0,0.0,0.0,0.0,0.0,0.0,0.0,0.0,0.0,0.0,0.0,0.0,0.0,0.0,2.004,2.004,0.0,0.0,0.0,0.0,0.0,0.0,5606.0,-0.0,6934.0,0.0,-0.0,2.004,2.004,0.0,0.0,0.0,0.0,69,4.066857813697059e+29,-2.308832273466361e+20,0.0,0.0,0.0,0.0,0.0,0.0,0.0,0,0,0,0.0,0.0,0.0,0.0,0.0,0.0,0.0,0.0,0.0,0.0,0.0,0.0,0.0,0.0,0.0,0.0,0,-107875648.0,69,0.0,138,0.0,2.012,ERR,ERR,ERR,ERR,ERR,ERR,ERR,ERR,ERR,ERR,ERR,ERR,ERR,ERR,ERR,ERR,ERR,ERR,ERR,ERR,ERR,ERR,ERR,ERR,ERR,ERR,ERR,ERR,ERR,ERR,ERR,ERR,ERR,ERR,ERR,ERR,ERR,ERR,ERR,ERR,ERR,ERR,ERR,ERR,ERR,ERR,ERR,ERR,ERR,ERR,ERR,ERR,ERR,ERR,ERR,ERR,ERR,ERR,ERR,ERR,ERR,ERR,ERR,ERR,ERR,ERR,ERR,60.0,60.0,35,0.0,0.0,0.0,0.0,0.0,0.0,0.0,0.0,0.0,0.0,0.0,0.0,0.0,0.0,0.0,0.0,65.6,0,126,61,46,65476,0,300,0,0,8,20529,65476,0,0,2621,60.0,0.0,0.0,0.0,0.0,0.0
2026-07-09T15:25:00,ERR,ERR,ERR,ERR,ERR,ERR,ERR,ERR,ERR,ERR,ERR,ERR,ERR,ERR,ERR,ERR,ERR,ERR,ERR,ERR,ERR,ERR,ERR,ERR,ERR,ERR,ERR,ERR,ERR,ERR,ERR,ERR,ERR,ERR,ERR,ERR,ERR,ERR,ERR,ERR,ERR,ERR,ERR,ERR,ERR,ERR,ERR,ERR,ERR,ERR,ERR,ERR,ERR,ERR,ERR,ERR,ERR,ERR,ERR,ERR,ERR,ERR,ERR,ERR,ERR,ERR,ERR,ERR,ERR,ERR,ERR,ERR,ERR,ERR,ERR,ERR,ERR,ERR,ERR,ERR,ERR,ERR,ERR,ERR,ERR,ERR,ERR,ERR,ERR,ERR,ERR,ERR,ERR,ERR,ERR,ERR,ERR,ERR,ERR,ERR,ERR,ERR,ERR,ERR,ERR,ERR,ERR,ERR,ERR,ERR,ERR,ERR,ERR,ERR,ERR,ERR,ERR,ERR,ERR,ERR,ERR,ERR,ERR,ERR,ERR,0.0,-107616176.0,-0.0,-0.0,-2274361276891136.0,-0.0,6.323075674034734e+37,0.0,0,0,4,17365,7116,0.0,100,0.0,0.0,-0.0,0.0,0.0,0,0,0,0,0.0,0,0,0,0,0,0,0,0,0,0,0,0,0,0,0,0,0,0,0,0,0,0,0,0,0,0,0,0,0,0,0,0,0,31,40,40,71,65476,0,300,0,0,8,21553,0.0,-107605600.0,0.0,0.0,0.0,0.0,0.0,0.0,0.0,0.0,0.0,0.0,0.0,0.0,0.0,0.0,0.0,0.0,0.0,0.0,0.0,0.0,2.004,2.004,0.0,0.0,0.0,0.0,0.0,0.0,5606.0,-0.0,6934.0,0.0,-0.0,2.004,2.004,0.0,0.0,0.0,0.0,69,4.066857813697059e+29,-2.308832273466361e+20,0.0,0.0,0.0,0.0,0.0,0.0,0.0,0,0,0,0.0,0.0,0.0,0.0,0.0,0.0,0.0,0.0,0.0,0.0,0.0,0.0,0.0,0.0,0.0,0.0,0,-107875648.0,69,0.0,138,0.0,2.012,ERR,ERR,ERR,ERR,ERR,ERR,ERR,ERR,ERR,ERR,ERR,ERR,ERR,ERR,ERR,ERR,ERR,ERR,ERR,ERR,ERR,ERR,ERR,ERR,ERR,ERR,ERR,ERR,ERR,ERR,ERR,ERR,ERR,ERR,ERR,ERR,ERR,ERR,ERR,ERR,ERR,ERR,ERR,ERR,ERR,ERR,ERR,ERR,ERR,ERR,ERR,ERR,ERR,ERR,ERR,ERR,ERR,ERR,ERR,ERR,ERR,ERR,ERR,ERR,ERR,ERR,ERR,60.0,60.0,35,0.0,0.0,0.0,0.0,0.0,0.0,0.0,0.0,0.0,0.0,0.0,0.0,0.0,0.0,0.0,0.0,65.2,0,126,61,46,65476,0,300,0,0,8,20529,65476,0,0,2621,60.0,0.0,0.0,0.0,0.0,0.0
2026-07-09T15:25:01,ERR,ERR,ERR,ERR,ERR,ERR,ERR,ERR,ERR,ERR,ERR,ERR,ERR,ERR,ERR,ERR,ERR,ERR,ERR,ERR,ERR,ERR,ERR,ERR,ERR,ERR,ERR,ERR,ERR,ERR,ERR,ERR,ERR,ERR,ERR,ERR,ERR,ERR,ERR,ERR,ERR,ERR,ERR,ERR,ERR,ERR,ERR,ERR,ERR,ERR,ERR,ERR,ERR,ERR,ERR,ERR,ERR,ERR,ERR,ERR,ERR,ERR,ERR,ERR,ERR,ERR,ERR,ERR,ERR,ERR,ERR,ERR,ERR,ERR,ERR,ERR,ERR,ERR,ERR,ERR,ERR,ERR,ERR,ERR,ERR,ERR,ERR,ERR,ERR,ERR,ERR,ERR,ERR,ERR,ERR,ERR,ERR,ERR,ERR,ERR,ERR,ERR,ERR,ERR,ERR,ERR,ERR,ERR,ERR,ERR,ERR,ERR,ERR,ERR,ERR,ERR,ERR,ERR,ERR,ERR,ERR,ERR,ERR,ERR,ERR,0.0,-107616176.0,-0.0,-0.0,-2274361276891136.0,-0.0,6.323075674034734e+37,0.0,0,0,4,17365,7116,0.0,100,0.0,0.0,-0.0,0.0,0.0,0,0,0,0,0.0,0,0,0,0,0,0,0,0,0,0,0,0,0,0,0,0,0,0,0,0,0,0,0,0,0,0,0,0,0,0,0,0,0,31,40,40,71,65476,0,300,0,0,8,21553,0.0,-107605600.0,0.0,0.0,0.0,0.0,0.0,0.0,0.0,0.0,0.0,0.0,0.0,0.0,0.0,0.0,0.0,0.0,0.0,0.0,0.0,0.0,2.004,2.004,0.0,0.0,0.0,0.0,0.0,0.0,5606.0,-0.0,6934.0,0.0,-0.0,2.004,2.004,0.0,0.0,0.0,0.0,69,4.066857813697059e+29,-2.308832273466361e+20,0.0,0.0,0.0,0.0,0.0,0.0,0.0,0,0,0,0.0,0.0,0.0,0.0,0.0,0.0,0.0,0.0,0.0,0.0,0.0,0.0,0.0,0.0,0.0,0.0,0,-107875648.0,69,0.0,138,0.0,2.012,ERR,ERR,ERR,ERR,ERR,ERR,ERR,ERR,ERR,ERR,ERR,ERR,ERR,ERR,ERR,ERR,ERR,ERR,ERR,ERR,ERR,ERR,ERR,ERR,ERR,ERR,ERR,ERR,ERR,ERR,ERR,ERR,ERR,ERR,ERR,ERR,ERR,ERR,ERR,ERR,ERR,ERR,ERR,ERR,ERR,ERR,ERR,ERR,ERR,ERR,ERR,ERR,ERR,ERR,ERR,ERR,ERR,ERR,ERR,ERR,ERR,ERR,ERR,ERR,ERR,ERR,ERR,60.0,60.0,35,0.0,0.0,0.0,0.0,0.0,0.0,0.0,0.0,0.0,0.0,0.0,0.0,0.0,0.0,0.0,0.0,65.2,0,126,61,46,65476,0,300,0,0,8,20529,65476,0,0,2621,60.0,0.0,0.0,0.0,0.0,0.0
2026-07-09T15:25:02,ERR,ERR,ERR,ERR,ERR,ERR,ERR,ERR,ERR,ERR,ERR,ERR,ERR,ERR,ERR,ERR,ERR,ERR,ERR,ERR,ERR,ERR,ERR,ERR,ERR,ERR,ERR,ERR,ERR,ERR,ERR,ERR,ERR,ERR,ERR,ERR,ERR,ERR,ERR,ERR,ERR,ERR,ERR,ERR,ERR,ERR,ERR,ERR,ERR,ERR,ERR,ERR,ERR,ERR,ERR,ERR,ERR,ERR,ERR,ERR,ERR,ERR,ERR,ERR,ERR,ERR,ERR,ERR,ERR,ERR,ERR,ERR,ERR,ERR,ERR,ERR,ERR,ERR,ERR,ERR,ERR,ERR,ERR,ERR,ERR,ERR,ERR,ERR,ERR,ERR,ERR,ERR,ERR,ERR,ERR,ERR,ERR,ERR,ERR,ERR,ERR,ERR,ERR,ERR,ERR,ERR,ERR,ERR,ERR,ERR,ERR,ERR,ERR,ERR,ERR,ERR,ERR,ERR,ERR,ERR,ERR,ERR,ERR,ERR,ERR,0.0,-107616176.0,-0.0,-0.0,-2274361276891136.0,-0.0,6.323075674034734e+37,0.0,0,0,4,17365,7116,0.0,100,0.0,0.0,-0.0,0.0,0.0,0,0,0,0,0.0,0,0,0,0,0,0,0,0,0,0,0,0,0,0,0,0,0,0,0,0,0,0,0,0,0,0,0,0,0,0,0,0,0,31,40,40,71,65476,0,300,0,0,8,21553,0.0,-107605600.0,0.0,0.0,0.0,0.0,0.0,0.0,0.0,0.0,0.0,0.0,0.0,0.0,0.0,0.0,0.0,0.0,0.0,0.0,0.0,0.0,2.004,2.004,0.0,0.0,0.0,0.0,0.0,0.0,5606.0,-0.0,6934.0,0.0,-0.0,2.004,2.004,0.0,0.0,0.0,0.0,69,4.066857813697059e+29,-2.308832273466361e+20,0.0,0.0,0.0,0.0,0.0,0.0,0.0,0,0,0,0.0,0.0,0.0,0.0,0.0,0.0,0.0,0.0,0.0,0.0,0.0,0.0,0.0,0.0,0.0,0.0,0,-107875648.0,69,0.0,138,0.0,2.012,ERR,ERR,ERR,ERR,ERR,ERR,ERR,ERR,ERR,ERR,ERR,ERR,ERR,ERR,ERR,ERR,ERR,ERR,ERR,ERR,ERR,ERR,ERR,ERR,ERR,ERR,ERR,ERR,ERR,ERR,ERR,ERR,ERR,ERR,ERR,ERR,ERR,ERR,ERR,ERR,ERR,ERR,ERR,ERR,ERR,ERR,ERR,ERR,ERR,ERR,ERR,ERR,ERR,ERR,ERR,ERR,ERR,ERR,ERR,ERR,ERR,ERR,ERR,ERR,ERR,ERR,ERR,60.0,60.0,35,0.0,0.0,0.0,0.0,0.0,0.0,0.0,0.0,0.0,0.0,0.0,0.0,0.0,0.0,0.0,0.0,65.2,0,126,61,46,65476,0,300,0,0,8,20529,65476,0,0,2621,60.0,0.0,0.0,0.0,0.0,0.0
2026-07-09T15:25:03,ERR,ERR,ERR,ERR,ERR,ERR,ERR,ERR,ERR,ERR,ERR,ERR,ERR,ERR,ERR,ERR,ERR,ERR,ERR,ERR,ERR,ERR,ERR,ERR,ERR,ERR,ERR,ERR,ERR,ERR,ERR,ERR,ERR,ERR,ERR,ERR,ERR,ERR,ERR,ERR,ERR,ERR,ERR,ERR,ERR,ERR,ERR,ERR,ERR,ERR,ERR,ERR,ERR,ERR,ERR,ERR,ERR,ERR,ERR,ERR,ERR,ERR,ERR,ERR,ERR,ERR,ERR,ERR,ERR,ERR,ERR,ERR,ERR,ERR,ERR,ERR,ERR,ERR,ERR,ERR,ERR,ERR,ERR,ERR,ERR,ERR,ERR,ERR,ERR,ERR,ERR,ERR,ERR,ERR,ERR,ERR,ERR,ERR,ERR,ERR,ERR,ERR,ERR,ERR,ERR,ERR,ERR,ERR,ERR,ERR,ERR,ERR,ERR,ERR,ERR,ERR,ERR,ERR,ERR,ERR,ERR,ERR,ERR,ERR,ERR,2.718424976836509e+23,-0.0,-108139456.0,0.0,1.0242802927706249e+31,-12009815.0,-34.07,-0.006,0,0,4,17343,7116,0.0,100,0.0,0.0,0.0,0.0,0.0,0,0,0,0,0.0,0,0,0,0,0,0,0,0,0,0,0,0,0,0,0,0,0,0,0,0,0,0,0,0,0,0,0,0,0,0,0,0,0,31,40,40,71,65476,0,300,0,0,8,21553,0.0,-107605600.0,0.0,0.0,0.0,0.0,0.0,0.0,0.0,0.0,0.0,0.0,0.0,0.0,0.0,0.0,0.0,0.0,0.0,0.0,0.0,0.0,-0.0,3.69707222422006e+19,0.0,0.0,0.0,0.0,0.0,0.0,5693.0,-0.0,6935.0,2.718424976836509e+23,0.0,2.004,2.004,0.0,0.0,0.0,0.0,69,4.0668581914863774e+29,-107615000.0,0.0,0.0,0.0,0.0,0.0,0.0,0.0,0,0,0,0.0,0.0,0.0,0.0,0.0,0.0,0.0,0.0,0.0,0.0,0.0,0.0,0.0,0.0,0.0,0.0,0,-107875648.0,69,0.0,138,0.0,2.012,ERR,ERR,ERR,ERR,ERR,ERR,ERR,ERR,ERR,ERR,ERR,ERR,ERR,ERR,ERR,ERR,ERR,ERR,ERR,ERR,ERR,ERR,ERR,ERR,ERR,ERR,ERR,ERR,ERR,ERR,ERR,ERR,ERR,ERR,ERR,ERR,ERR,ERR,ERR,ERR,ERR,ERR,ERR,ERR,ERR,ERR,ERR,ERR,ERR,ERR,ERR,ERR,ERR,ERR,ERR,ERR,ERR,ERR,ERR,ERR,ERR,ERR,ERR,ERR,ERR,ERR,ERR,60.0,60.0,35,0.0,0.0,0.0,0.0,0.0,0.0,0.0,0.0,0.0,0.0,0.0,0.0,0.0,0.0,0.0,0.0,65.6,0,126,61,46,65476,0,300,0,0,8,20529,65476,0,0,2621,60.0,0.0,0.0,0.0,0.0,0.0
2026-07-09T15:25:04,ERR,ERR,ERR,ERR,ERR,ERR,ERR,ERR,ERR,ERR,ERR,ERR,ERR,ERR,ERR,ERR,ERR,ERR,ERR,ERR,ERR,ERR,ERR,ERR,ERR,ERR,ERR,ERR,ERR,ERR,ERR,ERR,ERR,ERR,ERR,ERR,ERR,ERR,ERR,ERR,ERR,ERR,ERR,ERR,ERR,ERR,ERR,ERR,ERR,ERR,ERR,ERR,ERR,ERR,ERR,ERR,ERR,ERR,ERR,ERR,ERR,ERR,ERR,ERR,ERR,ERR,ERR,ERR,ERR,ERR,ERR,ERR,ERR,ERR,ERR,ERR,ERR,ERR,ERR,ERR,ERR,ERR,ERR,ERR,ERR,ERR,ERR,ERR,ERR,ERR,ERR,ERR,ERR,ERR,ERR,ERR,ERR,ERR,ERR,ERR,ERR,ERR,ERR,ERR,ERR,ERR,ERR,ERR,ERR,ERR,ERR,ERR,ERR,ERR,ERR,ERR,ERR,ERR,ERR,ERR,ERR,ERR,ERR,ERR,ERR,2.718424976836509e+23,-0.0,-108139456.0,0.0,1.0242802927706249e+31,-12009815.0,-34.07,-0.006,0,0,4,17343,7116,0.0,100,0.0,0.0,0.0,0.0,0.0,0,0,0,0,0.0,0,0,0,0,0,0,0,0,0,0,0,0,0,0,0,0,0,0,0,0,0,0,0,0,0,0,0,0,0,0,0,0,0,31,40,40,71,65476,0,300,0,0,8,21553,0.0,-107605600.0,0.0,0.0,0.0,0.0,0.0,0.0,0.0,0.0,0.0,0.0,0.0,0.0,0.0,0.0,0.0,0.0,0.0,0.0,0.0,0.0,-0.0,3.69707222422006e+19,0.0,0.0,0.0,0.0,0.0,0.0,5693.0,-0.0,6935.0,2.718424976836509e+23,0.0,2.004,2.004,0.0,0.0,0.0,0.0,69,4.0668581914863774e+29,-107615000.0,0.0,0.0,0.0,0.0,0.0,0.0,0.0,0,0,0,0.0,0.0,0.0,0.0,0.0,0.0,0.0,0.0,0.0,0.0,0.0,0.0,0.0,0.0,0.0,0.0,0,-107875648.0,69,0.0,138,0.0,2.012,ERR,ERR,ERR,ERR,ERR,ERR,ERR,ERR,ERR,ERR,ERR,ERR,ERR,ERR,ERR,ERR,ERR,ERR,ERR,ERR,ERR,ERR,ERR,ERR,ERR,ERR,ERR,ERR,ERR,ERR,ERR,ERR,ERR,ERR,ERR,ERR,ERR,ERR,ERR,ERR,ERR,ERR,ERR,ERR,ERR,ERR,ERR,ERR,ERR,ERR,ERR,ERR,ERR,ERR,ERR,ERR,ERR,ERR,ERR,ERR,ERR,ERR,ERR,ERR,ERR,ERR,ERR,60.0,60.0,35,0.0,0.0,0.0,0.0,0.0,0.0,0.0,0.0,0.0,0.0,0.0,0.0,0.0,0.0,0.0,0.0,65.6,0,126,61,46,65476,0,300,0,0,8,20529,65476,0,0,2621,60.0,0.0,0.0,0.0,0.0,0.0
2026-07-09T15:25:05,ERR,ERR,ERR,ERR,ERR,ERR,ERR,ERR,ERR,ERR,ERR,ERR,ERR,ERR,ERR,ERR,ERR,ERR,ERR,ERR,ERR,ERR,ERR,ERR,ERR,ERR,ERR,ERR,ERR,ERR,ERR,ERR,ERR,ERR,ERR,ERR,ERR,ERR,ERR,ERR,ERR,ERR,ERR,ERR,ERR,ERR,ERR,ERR,ERR,ERR,ERR,ERR,ERR,ERR,ERR,ERR,ERR,ERR,ERR,ERR,ERR,ERR,ERR,ERR,ERR,ERR,ERR,ERR,ERR,ERR,ERR,ERR,ERR,ERR,ERR,ERR,ERR,ERR,ERR,ERR,ERR,ERR,ERR,ERR,ERR,ERR,ERR,ERR,ERR,ERR,ERR,ERR,ERR,ERR,ERR,ERR,ERR,ERR,ERR,ERR,ERR,ERR,ERR,ERR,ERR,ERR,ERR,ERR,ERR,ERR,ERR,ERR,ERR,ERR,ERR,ERR,ERR,ERR,ERR,ERR,ERR,ERR,ERR,ERR,ERR,2.718424976836509e+23,-0.0,-108139456.0,0.0,1.0242802927706249e+31,-12009815.0,-34.07,-0.006,0,0,4,17343,7116,0.0,100,0.0,0.0,0.0,0.0,0.0,0,0,0,0,0.0,0,0,0,0,0,0,0,0,0,0,0,0,0,0,0,0,0,0,0,0,0,0,0,0,0,0,0,0,0,0,0,0,0,31,40,40,71,65476,0,300,0,0,8,21553,0.0,-107605600.0,0.0,0.0,0.0,0.0,0.0,0.0,0.0,0.0,0.0,0.0,0.0,0.0,0.0,0.0,0.0,0.0,0.0,0.0,0.0,0.0,-0.0,3.69707222422006e+19,0.0,0.0,0.0,0.0,0.0,0.0,5693.0,-0.0,6935.0,2.718424976836509e+23,0.0,2.004,2.004,0.0,0.0,0.0,0.0,69,4.0668581914863774e+29,-107615000.0,0.0,0.0,0.0,0.0,0.0,0.0,0.0,0,0,0,0.0,0.0,0.0,0.0,0.0,0.0,0.0,0.0,0.0,0.0,0.0,0.0,0.0,0.0,0.0,0.0,0,-107875648.0,69,0.0,138,0.0,2.012,ERR,ERR,ERR,ERR,ERR,ERR,ERR,ERR,ERR,ERR,ERR,ERR,ERR,ERR,ERR,ERR,ERR,ERR,ERR,ERR,ERR,ERR,ERR,ERR,ERR,ERR,ERR,ERR,ERR,ERR,ERR,ERR,ERR,ERR,ERR,ERR,ERR,ERR,ERR,ERR,ERR,ERR,ERR,ERR,ERR,ERR,ERR,ERR,ERR,ERR,ERR,ERR,ERR,ERR,ERR,ERR,ERR,ERR,ERR,ERR,ERR,ERR,ERR,ERR,ERR,ERR,ERR,60.0,60.0,35,0.0,0.0,0.0,0.0,0.0,0.0,0.0,0.0,0.0,0.0,0.0,0.0,0.0,0.0,0.0,0.0,65.2,0,127,61,46,65476,0,300,0,0,8,20529,65476,0,0,2621,60.0,0.0,0.0,0.0,0.0,0.0
2026-07-09T15:25:06,ERR,ERR,ERR,ERR,ERR,ERR,ERR,ERR,ERR,ERR,ERR,ERR,ERR,ERR,ERR,ERR,ERR,ERR,ERR,ERR,ERR,ERR,ERR,ERR,ERR,ERR,ERR,ERR,ERR,ERR,ERR,ERR,ERR,ERR,ERR,ERR,ERR,ERR,ERR,ERR,ERR,ERR,ERR,ERR,ERR,ERR,ERR,ERR,ERR,ERR,ERR,ERR,ERR,ERR,ERR,ERR,ERR,ERR,ERR,ERR,ERR,ERR,ERR,ERR,ERR,ERR,ERR,ERR,ERR,ERR,ERR,ERR,ERR,ERR,ERR,ERR,ERR,ERR,ERR,ERR,ERR,ERR,ERR,ERR,ERR,ERR,ERR,ERR,ERR,ERR,ERR,ERR,ERR,ERR,ERR,ERR,ERR,ERR,ERR,ERR,ERR,ERR,ERR,ERR,ERR,ERR,ERR,ERR,ERR,ERR,ERR,ERR,ERR,ERR,ERR,ERR,ERR,ERR,ERR,ERR,ERR,ERR,ERR,ERR,ERR,2.718424976836509e+23,-0.0,-108139456.0,0.0,1.0242802927706249e+31,-12009815.0,-34.07,-0.006,0,0,4,17343,7116,0.0,100,0.0,0.0,0.0,0.0,0.0,0,0,0,0,0.0,0,0,0,0,0,0,0,0,0,0,0,0,0,0,0,0,0,0,0,0,0,0,0,0,0,0,0,0,0,0,0,0,0,31,40,40,71,65476,0,300,0,0,8,21553,0.0,-107605600.0,0.0,0.0,0.0,0.0,0.0,0.0,0.0,0.0,0.0,0.0,0.0,0.0,0.0,0.0,0.0,0.0,0.0,0.0,0.0,0.0,-0.0,3.69707222422006e+19,0.0,0.0,0.0,0.0,0.0,0.0,5693.0,-0.0,6935.0,2.718424976836509e+23,0.0,2.004,2.004,0.0,0.0,0.0,0.0,69,4.0668581914863774e+29,-107615000.0,0.0,0.0,0.0,0.0,0.0,0.0,0.0,0,0,0,0.0,0.0,0.0,0.0,0.0,0.0,0.0,0.0,0.0,0.0,0.0,0.0,0.0,0.0,0.0,0.0,0,-107875648.0,69,0.0,138,0.0,2.012,ERR,ERR,ERR,ERR,ERR,ERR,ERR,ERR,ERR,ERR,ERR,ERR,ERR,ERR,ERR,ERR,ERR,ERR,ERR,ERR,ERR,ERR,ERR,ERR,ERR,ERR,ERR,ERR,ERR,ERR,ERR,ERR,ERR,ERR,ERR,ERR,ERR,ERR,ERR,ERR,ERR,ERR,ERR,ERR,ERR,ERR,ERR,ERR,ERR,ERR,ERR,ERR,ERR,ERR,ERR,ERR,ERR,ERR,ERR,ERR,ERR,ERR,ERR,ERR,ERR,ERR,ERR,60.0,60.0,35,0.0,0.0,0.0,0.0,0.0,0.0,0.0,0.0,0.0,0.0,0.0,0.0,0.0,0.0,0.0,0.0,65.2,0,127,61,46,65476,0,300,0,0,8,20529,65476,0,0,2621,60.0,0.0,0.0,0.0,0.0,0.0
2026-07-09T15:25:07,ERR,ERR,ERR,ERR,ERR,ERR,ERR,ERR,ERR,ERR,ERR,ERR,ERR,ERR,ERR,ERR,ERR,ERR,ERR,ERR,ERR,ERR,ERR,ERR,ERR,ERR,ERR,ERR,ERR,ERR,ERR,ERR,ERR,ERR,ERR,ERR,ERR,ERR,ERR,ERR,ERR,ERR,ERR,ERR,ERR,ERR,ERR,ERR,ERR,ERR,ERR,ERR,ERR,ERR,ERR,ERR,ERR,ERR,ERR,ERR,ERR,ERR,ERR,ERR,ERR,ERR,ERR,ERR,ERR,ERR,ERR,ERR,ERR,ERR,ERR,ERR,ERR,ERR,ERR,ERR,ERR,ERR,ERR,ERR,ERR,ERR,ERR,ERR,ERR,ERR,ERR,ERR,ERR,ERR,ERR,ERR,ERR,ERR,ERR,ERR,ERR,ERR,ERR,ERR,ERR,ERR,ERR,ERR,ERR,ERR,ERR,ERR,ERR,ERR,ERR,ERR,ERR,ERR,ERR,ERR,ERR,ERR,ERR,ERR,ERR,2.718424976836509e+23,-0.0,-108139456.0,0.0,1.0242802927706249e+31,-12009815.0,-34.07,-0.006,0,0,4,17343,7116,0.0,100,0.0,0.0,0.0,0.0,0.0,0,0,0,0,0.0,0,0,0,0,0,0,0,0,0,0,0,0,0,0,0,0,0,0,0,0,0,0,0,0,0,0,0,0,0,0,0,0,0,31,40,40,71,65476,0,300,0,0,8,21553,0.0,-107605600.0,0.0,0.0,0.0,0.0,0.0,0.0,0.0,0.0,0.0,0.0,0.0,0.0,0.0,0.0,0.0,0.0,0.0,0.0,0.0,0.0,-0.0,3.69707222422006e+19,0.0,0.0,0.0,0.0,0.0,0.0,5693.0,-0.0,6935.0,2.718424976836509e+23,0.0,2.004,2.004,0.0,0.0,0.0,0.0,69,4.0668581914863774e+29,-107615000.0,0.0,0.0,0.0,0.0,0.0,0.0,0.0,0,0,0,0.0,0.0,0.0,0.0,0.0,0.0,0.0,0.0,0.0,0.0,0.0,0.0,0.0,0.0,0.0,0.0,0,-107875648.0,69,0.0,138,0.0,2.012,ERR,ERR,ERR,ERR,ERR,ERR,ERR,ERR,ERR,ERR,ERR,ERR,ERR,ERR,ERR,ERR,ERR,ERR,ERR,ERR,ERR,ERR,ERR,ERR,ERR,ERR,ERR,ERR,ERR,ERR,ERR,ERR,ERR,ERR,ERR,ERR,ERR,ERR,ERR,ERR,ERR,ERR,ERR,ERR,ERR,ERR,ERR,ERR,ERR,ERR,ERR,ERR,ERR,ERR,ERR,ERR,ERR,ERR,ERR,ERR,ERR,ERR,ERR,ERR,ERR,ERR,ERR,60.0,60.0,35,0.0,0.0,0.0,0.0,0.0,0.0,0.0,0.0,0.0,0.0,0.0,0.0,0.0,0.0,0.0,0.0,65.2,0,127,61,46,65476,0,300,0,0,8,20529,65476,0,0,2621,60.0,0.0,0.0,0.0,0.0,0.0
2026-07-09T15:25:08,ERR,ERR,ERR,ERR,ERR,ERR,ERR,ERR,ERR,ERR,ERR,ERR,ERR,ERR,ERR,ERR,ERR,ERR,ERR,ERR,ERR,ERR,ERR,ERR,ERR,ERR,ERR,ERR,ERR,ERR,ERR,ERR,ERR,ERR,ERR,ERR,ERR,ERR,ERR,ERR,ERR,ERR,ERR,ERR,ERR,ERR,ERR,ERR,ERR,ERR,ERR,ERR,ERR,ERR,ERR,ERR,ERR,ERR,ERR,ERR,ERR,ERR,ERR,ERR,ERR,ERR,ERR,ERR,ERR,ERR,ERR,ERR,ERR,ERR,ERR,ERR,ERR,ERR,ERR,ERR,ERR,ERR,ERR,ERR,ERR,ERR,ERR,ERR,ERR,ERR,ERR,ERR,ERR,ERR,ERR,ERR,ERR,ERR,ERR,ERR,ERR,ERR,ERR,ERR,ERR,ERR,ERR,ERR,ERR,ERR,ERR,ERR,ERR,ERR,ERR,ERR,ERR,ERR,ERR,ERR,ERR,ERR,ERR,ERR,ERR,2.718424976836509e+23,0.0,0.0,2.7183478752108883e+23,0.0,1.188001573328309e+23,-69.139,7.570660861440712e+22,0,0,4,17325,7116,0.0,100,0.0,0.0,2.7183478752108883e+23,0.0,0.0,0,0,0,0,0.0,0,0,0,0,0,0,0,0,0,0,0,0,0,0,0,0,0,0,0,0,0,0,0,0,0,0,0,0,0,0,0,0,0,31,40,40,71,65476,0,300,0,0,8,21553,0.0,-107605600.0,0.0,0.0,0.0,0.0,0.0,0.0,0.0,0.0,0.0,0.0,0.0,0.0,0.0,0.0,0.0,0.0,0.0,0.0,0.0,0.0,-0.0,2.004,0.0,0.0,0.0,0.0,0.0,0.0,5744.0,2.4229945338309333e+24,6925.0,2.718424976836509e+23,-0.0,2.004,2.004,0.0,0.0,0.0,0.0,69,126840643584.0,0.0,0.0,0.0,0.0,0.0,0.0,0.0,0.0,0,0,0,0.0,0.0,0.0,0.0,0.0,0.0,0.0,0.0,0.0,0.0,0.0,0.0,0.0,0.0,0.0,0.0,0,-107875648.0,69,0.0,138,0.0,2.012,ERR,ERR,ERR,ERR,ERR,ERR,ERR,ERR,ERR,ERR,ERR,ERR,ERR,ERR,ERR,ERR,ERR,ERR,ERR,ERR,ERR,ERR,ERR,ERR,ERR,ERR,ERR,ERR,ERR,ERR,ERR,ERR,ERR,ERR,ERR,ERR,ERR,ERR,ERR,ERR,ERR,ERR,ERR,ERR,ERR,ERR,ERR,ERR,ERR,ERR,ERR,ERR,ERR,ERR,ERR,ERR,ERR,ERR,ERR,ERR,ERR,ERR,ERR,ERR,ERR,ERR,ERR,60.0,60.0,35,0.0,0.0,0.0,0.0,0.0,0.0,0.0,0.0,0.0,0.0,0.0,0.0,0.0,0.0,0.0,0.0,65.6,0,127,61,46,65476,0,300,0,0,8,20529,65476,0,0,2621,60.0,0.0,0.0,0.0,0.0,0.0
2026-07-09T15:25:09,ERR,ERR,ERR,ERR,ERR,ERR,ERR,ERR,ERR,ERR,ERR,ERR,ERR,ERR,ERR,ERR,ERR,ERR,ERR,ERR,ERR,ERR,ERR,ERR,ERR,ERR,ERR,ERR,ERR,ERR,ERR,ERR,ERR,ERR,ERR,ERR,ERR,ERR,ERR,ERR,ERR,ERR,ERR,ERR,ERR,ERR,ERR,ERR,ERR,ERR,ERR,ERR,ERR,ERR,ERR,ERR,ERR,ERR,ERR,ERR,ERR,ERR,ERR,ERR,ERR,ERR,ERR,ERR,ERR,ERR,ERR,ERR,ERR,ERR,ERR,ERR,ERR,ERR,ERR,ERR,ERR,ERR,ERR,ERR,ERR,ERR,ERR,ERR,ERR,ERR,ERR,ERR,ERR,ERR,ERR,ERR,ERR,ERR,ERR,ERR,ERR,ERR,ERR,ERR,ERR,ERR,ERR,ERR,ERR,ERR,ERR,ERR,ERR,ERR,ERR,ERR,ERR,ERR,ERR,ERR,ERR,ERR,ERR,ERR,ERR,2.718424976836509e+23,0.0,0.0,2.7183478752108883e+23,0.0,1.188001573328309e+23,-69.139,7.570660861440712e+22,0,0,4,17325,7116,0.0,100,0.0,0.0,2.7183478752108883e+23,0.0,0.0,0,0,0,0,0.0,0,0,0,0,0,0,0,0,0,0,0,0,0,0,0,0,0,0,0,0,0,0,0,0,0,0,0,0,0,0,0,0,0,31,40,40,71,65476,0,300,0,0,8,21553,0.0,-107605600.0,0.0,0.0,0.0,0.0,0.0,0.0,0.0,0.0,0.0,0.0,0.0,0.0,0.0,0.0,0.0,0.0,0.0,0.0,0.0,0.0,-0.0,2.004,0.0,0.0,0.0,0.0,0.0,0.0,5744.0,2.4229945338309333e+24,6925.0,2.718424976836509e+23,-0.0,2.004,2.004,0.0,0.0,0.0,0.0,69,126840643584.0,0.0,0.0,0.0,0.0,0.0,0.0,0.0,0.0,0,0,0,0.0,0.0,0.0,0.0,0.0,0.0,0.0,0.0,0.0,0.0,0.0,0.0,0.0,0.0,0.0,0.0,0,-107875648.0,69,0.0,138,0.0,2.012,ERR,ERR,ERR,ERR,ERR,ERR,ERR,ERR,ERR,ERR,ERR,ERR,ERR,ERR,ERR,ERR,ERR,ERR,ERR,ERR,ERR,ERR,ERR,ERR,ERR,ERR,ERR,ERR,ERR,ERR,ERR,ERR,ERR,ERR,ERR,ERR,ERR,ERR,ERR,ERR,ERR,ERR,ERR,ERR,ERR,ERR,ERR,ERR,ERR,ERR,ERR,ERR,ERR,ERR,ERR,ERR,ERR,ERR,ERR,ERR,ERR,ERR,ERR,ERR,ERR,ERR,ERR,60.0,60.0,35,0.0,0.0,0.0,0.0,0.0,0.0,0.0,0.0,0.0,0.0,0.0,0.0,0.0,0.0,0.0,0.0,65.6,0,127,61,46,65476,0,300,0,0,8,20529,65476,0,0,2621,60.0,0.0,0.0,0.0,0.0,0.0
2026-07-09T15:25:10,ERR,ERR,ERR,ERR,ERR,ERR,ERR,ERR,ERR,ERR,ERR,ERR,ERR,ERR,ERR,ERR,ERR,ERR,ERR,ERR,ERR,ERR,ERR,ERR,ERR,ERR,ERR,ERR,ERR,ERR,ERR,ERR,ERR,ERR,ERR,ERR,ERR,ERR,ERR,ERR,ERR,ERR,ERR,ERR,ERR,ERR,ERR,ERR,ERR,ERR,ERR,ERR,ERR,ERR,ERR,ERR,ERR,ERR,ERR,ERR,ERR,ERR,ERR,ERR,ERR,ERR,ERR,ERR,ERR,ERR,ERR,ERR,ERR,ERR,ERR,ERR,ERR,ERR,ERR,ERR,ERR,ERR,ERR,ERR,ERR,ERR,ERR,ERR,ERR,ERR,ERR,ERR,ERR,ERR,ERR,ERR,ERR,ERR,ERR,ERR,ERR,ERR,ERR,ERR,ERR,ERR,ERR,ERR,ERR,ERR,ERR,ERR,ERR,ERR,ERR,ERR,ERR,ERR,ERR,ERR,ERR,ERR,ERR,ERR,ERR,2.718424976836509e+23,0.0,0.0,2.7183478752108883e+23,0.0,1.188001573328309e+23,-69.139,7.570660861440712e+22,0,0,4,17325,7116,0.0,100,0.0,0.0,2.7183478752108883e+23,0.0,0.0,0,0,0,0,0.0,0,0,0,0,0,0,0,0,0,0,0,0,0,0,0,0,0,0,0,0,0,0,0,0,0,0,0,0,0,0,0,0,0,31,40,40,71,65476,0,300,0,0,8,21553,0.0,-107605600.0,0.0,0.0,0.0,0.0,0.0,0.0,0.0,0.0,0.0,0.0,0.0,0.0,0.0,0.0,0.0,0.0,0.0,0.0,0.0,0.0,-0.0,2.004,0.0,0.0,0.0,0.0,0.0,0.0,5744.0,2.4229945338309333e+24,6925.0,2.718424976836509e+23,-0.0,2.004,2.004,0.0,0.0,0.0,0.0,69,126840643584.0,0.0,0.0,0.0,0.0,0.0,0.0,0.0,0.0,0,0,0,0.0,0.0,0.0,0.0,0.0,0.0,0.0,0.0,0.0,0.0,0.0,0.0,0.0,0.0,0.0,0.0,0,-107875648.0,69,0.0,138,0.0,2.012,ERR,ERR,ERR,ERR,ERR,ERR,ERR,ERR,ERR,ERR,ERR,ERR,ERR,ERR,ERR,ERR,ERR,ERR,ERR,ERR,ERR,ERR,ERR,ERR,ERR,ERR,ERR,ERR,ERR,ERR,ERR,ERR,ERR,ERR,ERR,ERR,ERR,ERR,ERR,ERR,ERR,ERR,ERR,ERR,ERR,ERR,ERR,ERR,ERR,ERR,ERR,ERR,ERR,ERR,ERR,ERR,ERR,ERR,ERR,ERR,ERR,ERR,ERR,ERR,ERR,ERR,ERR,60.0,60.0,35,0.0,0.0,0.0,0.0,0.0,0.0,0.0,0.0,0.0,0.0,0.0,0.0,0.0,0.0,0.0,0.0,65.6,0,128,62,46,65476,0,300,0,0,8,20529,65476,0,0,2621,60.0,0.0,0.0,0.0,0.0,0.0
2026-07-09T15:25:11,ERR,ERR,ERR,ERR,ERR,ERR,ERR,ERR,ERR,ERR,ERR,ERR,ERR,ERR,ERR,ERR,ERR,ERR,ERR,ERR,ERR,ERR,ERR,ERR,ERR,ERR,ERR,ERR,ERR,ERR,ERR,ERR,ERR,ERR,ERR,ERR,ERR,ERR,ERR,ERR,ERR,ERR,ERR,ERR,ERR,ERR,ERR,ERR,ERR,ERR,ERR,ERR,ERR,ERR,ERR,ERR,ERR,ERR,ERR,ERR,ERR,ERR,ERR,ERR,ERR,ERR,ERR,ERR,ERR,ERR,ERR,ERR,ERR,ERR,ERR,ERR,ERR,ERR,ERR,ERR,ERR,ERR,ERR,ERR,ERR,ERR,ERR,ERR,ERR,ERR,ERR,ERR,ERR,ERR,ERR,ERR,ERR,ERR,ERR,ERR,ERR,ERR,ERR,ERR,ERR,ERR,ERR,ERR,ERR,ERR,ERR,ERR,ERR,ERR,ERR,ERR,ERR,ERR,ERR,ERR,ERR,ERR,ERR,ERR,ERR,2.718424976836509e+23,0.0,0.0,2.7183478752108883e+23,0.0,1.188001573328309e+23,-69.139,7.570660861440712e+22,0,0,4,17325,7116,0.0,100,0.0,0.0,2.7183478752108883e+23,0.0,0.0,0,0,0,0,0.0,0,0,0,0,0,0,0,0,0,0,0,0,0,0,0,0,0,0,0,0,0,0,0,0,0,0,0,0,0,0,0,0,0,31,40,40,71,65476,0,300,0,0,8,21553,0.0,-107605600.0,0.0,0.0,0.0,0.0,0.0,0.0,0.0,0.0,0.0,0.0,0.0,0.0,0.0,0.0,0.0,0.0,0.0,0.0,0.0,0.0,-0.0,2.004,0.0,0.0,0.0,0.0,0.0,0.0,5744.0,2.4229945338309333e+24,6925.0,2.718424976836509e+23,-0.0,2.004,2.004,0.0,0.0,0.0,0.0,69,126840643584.0,0.0,0.0,0.0,0.0,0.0,0.0,0.0,0.0,0,0,0,0.0,0.0,0.0,0.0,0.0,0.0,0.0,0.0,0.0,0.0,0.0,0.0,0.0,0.0,0.0,0.0,0,-107875648.0,69,0.0,138,0.0,2.012,ERR,ERR,ERR,ERR,ERR,ERR,ERR,ERR,ERR,ERR,ERR,ERR,ERR,ERR,ERR,ERR,ERR,ERR,ERR,ERR,ERR,ERR,ERR,ERR,ERR,ERR,ERR,ERR,ERR,ERR,ERR,ERR,ERR,ERR,ERR,ERR,ERR,ERR,ERR,ERR,ERR,ERR,ERR,ERR,ERR,ERR,ERR,ERR,ERR,ERR,ERR,ERR,ERR,ERR,ERR,ERR,ERR,ERR,ERR,ERR,ERR,ERR,ERR,ERR,ERR,ERR,ERR,60.0,60.0,35,0.0,0.0,0.0,0.0,0.0,0.0,0.0,0.0,0.0,0.0,0.0,0.0,0.0,0.0,0.0,0.0,65.2,0,128,62,46,65476,0,300,0,0,8,20529,65476,0,0,2621,60.0,0.0,0.0,0.0,0.0,0.0
2026-07-09T15:25:12,ERR,ERR,ERR,ERR,ERR,ERR,ERR,ERR,ERR,ERR,ERR,ERR,ERR,ERR,ERR,ERR,ERR,ERR,ERR,ERR,ERR,ERR,ERR,ERR,ERR,ERR,ERR,ERR,ERR,ERR,ERR,ERR,ERR,ERR,ERR,ERR,ERR,ERR,ERR,ERR,ERR,ERR,ERR,ERR,ERR,ERR,ERR,ERR,ERR,ERR,ERR,ERR,ERR,ERR,ERR,ERR,ERR,ERR,ERR,ERR,ERR,ERR,ERR,ERR,ERR,ERR,ERR,ERR,ERR,ERR,ERR,ERR,ERR,ERR,ERR,ERR,ERR,ERR,ERR,ERR,ERR,ERR,ERR,ERR,ERR,ERR,ERR,ERR,ERR,ERR,ERR,ERR,ERR,ERR,ERR,ERR,ERR,ERR,ERR,ERR,ERR,ERR,ERR,ERR,ERR,ERR,ERR,ERR,ERR,ERR,ERR,ERR,ERR,ERR,ERR,ERR,ERR,ERR,ERR,ERR,ERR,ERR,ERR,ERR,ERR,2.718424976836509e+23,0.0,0.0,2.7183478752108883e+23,0.0,1.188001573328309e+23,-69.139,7.570660861440712e+22,0,0,4,17325,7116,0.0,100,0.0,0.0,2.7183478752108883e+23,0.0,0.0,0,0,0,0,0.0,0,0,0,0,0,0,0,0,0,0,0,0,0,0,0,0,0,0,0,0,0,0,0,0,0,0,0,0,0,0,0,0,0,31,40,40,71,65476,0,300,0,0,8,21553,0.0,-107605600.0,0.0,0.0,0.0,0.0,0.0,0.0,0.0,0.0,0.0,0.0,0.0,0.0,0.0,0.0,0.0,0.0,0.0,0.0,0.0,0.0,-0.0,2.004,0.0,0.0,0.0,0.0,0.0,0.0,5744.0,2.4229945338309333e+24,6925.0,2.718424976836509e+23,-0.0,2.004,2.004,0.0,0.0,0.0,0.0,69,126840643584.0,0.0,0.0,0.0,0.0,0.0,0.0,0.0,0.0,0,0,0,0.0,0.0,0.0,0.0,0.0,0.0,0.0,0.0,0.0,0.0,0.0,0.0,0.0,0.0,0.0,0.0,0,-107875648.0,69,0.0,138,0.0,2.012,ERR,ERR,ERR,ERR,ERR,ERR,ERR,ERR,ERR,ERR,ERR,ERR,ERR,ERR,ERR,ERR,ERR,ERR,ERR,ERR,ERR,ERR,ERR,ERR,ERR,ERR,ERR,ERR,ERR,ERR,ERR,ERR,ERR,ERR,ERR,ERR,ERR,ERR,ERR,ERR,ERR,ERR,ERR,ERR,ERR,ERR,ERR,ERR,ERR,ERR,ERR,ERR,ERR,ERR,ERR,ERR,ERR,ERR,ERR,ERR,ERR,ERR,ERR,ERR,ERR,ERR,ERR,60.0,60.0,35,0.0,0.0,0.0,0.0,0.0,0.0,0.0,0.0,0.0,0.0,0.0,0.0,0.0,0.0,0.0,0.0,65.2,0,128,62,46,65476,0,300,0,0,8,20529,65476,0,0,2621,60.0,0.0,0.0,0.0,0.0,0.0
2026-07-09T15:25:13,ERR,ERR,ERR,ERR,ERR,ERR,ERR,ERR,ERR,ERR,ERR,ERR,ERR,ERR,ERR,ERR,ERR,ERR,ERR,ERR,ERR,ERR,ERR,ERR,ERR,ERR,ERR,ERR,ERR,ERR,ERR,ERR,ERR,ERR,ERR,ERR,ERR,ERR,ERR,ERR,ERR,ERR,ERR,ERR,ERR,ERR,ERR,ERR,ERR,ERR,ERR,ERR,ERR,ERR,ERR,ERR,ERR,ERR,ERR,ERR,ERR,ERR,ERR,ERR,ERR,ERR,ERR,ERR,ERR,ERR,ERR,ERR,ERR,ERR,ERR,ERR,ERR,ERR,ERR,ERR,ERR,ERR,ERR,ERR,ERR,ERR,ERR,ERR,ERR,ERR,ERR,ERR,ERR,ERR,ERR,ERR,ERR,ERR,ERR,ERR,ERR,ERR,ERR,ERR,ERR,ERR,ERR,ERR,ERR,ERR,ERR,ERR,ERR,ERR,ERR,ERR,ERR,ERR,ERR,ERR,ERR,ERR,ERR,ERR,ERR,-107615120.0,2.718448035266601e+23,nan,-107611616.0,6267927.0,-265488384000.0,-74894.438,1.7706683471212348e+34,0,0,4,17334,7116,0.0,100,0.0,0.0,-107611616.0,0.0,0.0,0,0,0,0,0.0,0,0,0,0,0,0,0,0,0,0,0,0,0,0,0,0,0,0,0,0,0,0,0,0,0,0,0,0,0,0,0,0,0,31,40,40,71,65476,0,300,0,0,8,21553,0.0,-107605600.0,0.0,0.0,0.0,0.0,0.0,0.0,0.0,0.0,0.0,0.0,0.0,0.0,0.0,0.0,0.0,0.0,0.0,0.0,0.0,0.0,-2.004,2.004,0.0,0.0,0.0,0.0,0.0,0.0,5765.0,-1.0406683519130664e+34,6943.0,-107615120.0,2.718447855122616e+23,2.004,2.004,0.0,0.0,0.0,0.0,69,-4.950406547079815e+32,-0.0,0.0,0.0,0.0,0.0,0.0,0.0,0.0,0,0,0,0.0,0.0,0.0,0.0,0.0,0.0,0.0,0.0,0.0,0.0,0.0,0.0,0.0,0.0,0.0,0.0,0,-107875648.0,69,0.0,138,0.0,2.012,ERR,ERR,ERR,ERR,ERR,ERR,ERR,ERR,ERR,ERR,ERR,ERR,ERR,ERR,ERR,ERR,ERR,ERR,ERR,ERR,ERR,ERR,ERR,ERR,ERR,ERR,ERR,ERR,ERR,ERR,ERR,ERR,ERR,ERR,ERR,ERR,ERR,ERR,ERR,ERR,ERR,ERR,ERR,ERR,ERR,ERR,ERR,ERR,ERR,ERR,ERR,ERR,ERR,ERR,ERR,ERR,ERR,ERR,ERR,ERR,ERR,ERR,ERR,ERR,ERR,ERR,ERR,60.0,60.0,35,0.0,0.0,0.0,0.0,0.0,0.0,0.0,0.0,0.0,0.0,0.0,0.0,0.0,0.0,0.0,0.0,65.2,0,128,62,46,65476,0,300,0,0,8,20529,65476,0,0,2621,60.0,0.0,0.0,0.0,0.0,0.0
2026-07-09T15:25:14,ERR,ERR,ERR,ERR,ERR,ERR,ERR,ERR,ERR,ERR,ERR,ERR,ERR,ERR,ERR,ERR,ERR,ERR,ERR,ERR,ERR,ERR,ERR,ERR,ERR,ERR,ERR,ERR,ERR,ERR,ERR,ERR,ERR,ERR,ERR,ERR,ERR,ERR,ERR,ERR,ERR,ERR,ERR,ERR,ERR,ERR,ERR,ERR,ERR,ERR,ERR,ERR,ERR,ERR,ERR,ERR,ERR,ERR,ERR,ERR,ERR,ERR,ERR,ERR,ERR,ERR,ERR,ERR,ERR,ERR,ERR,ERR,ERR,ERR,ERR,ERR,ERR,ERR,ERR,ERR,ERR,ERR,ERR,ERR,ERR,ERR,ERR,ERR,ERR,ERR,ERR,ERR,ERR,ERR,ERR,ERR,ERR,ERR,ERR,ERR,ERR,ERR,ERR,ERR,ERR,ERR,ERR,ERR,ERR,ERR,ERR,ERR,ERR,ERR,ERR,ERR,ERR,ERR,ERR,ERR,ERR,ERR,ERR,ERR,ERR,-107615120.0,2.718448035266601e+23,nan,-107611616.0,6267927.0,-265488384000.0,-74894.438,1.7706683471212348e+34,0,0,4,17334,7116,0.0,100,0.0,0.0,-107611616.0,0.0,0.0,0,0,0,0,0.0,0,0,0,0,0,0,0,0,0,0,0,0,0,0,0,0,0,0,0,0,0,0,0,0,0,0,0,0,0,0,0,0,0,31,40,40,71,65476,0,300,0,0,8,21553,0.0,-107605600.0,0.0,0.0,0.0,0.0,0.0,0.0,0.0,0.0,0.0,0.0,0.0,0.0,0.0,0.0,0.0,0.0,0.0,0.0,0.0,0.0,-2.004,2.004,0.0,0.0,0.0,0.0,0.0,0.0,5765.0,-1.0406683519130664e+34,6943.0,-107615120.0,2.718447855122616e+23,2.004,2.004,0.0,0.0,0.0,0.0,69,-4.950406547079815e+32,-0.0,0.0,0.0,0.0,0.0,0.0,0.0,0.0,0,0,0,0.0,0.0,0.0,0.0,0.0,0.0,0.0,0.0,0.0,0.0,0.0,0.0,0.0,0.0,0.0,0.0,0,-107875648.0,69,0.0,138,0.0,2.012,ERR,ERR,ERR,ERR,ERR,ERR,ERR,ERR,ERR,ERR,ERR,ERR,ERR,ERR,ERR,ERR,ERR,ERR,ERR,ERR,ERR,ERR,ERR,ERR,ERR,ERR,ERR,ERR,ERR,ERR,ERR,ERR,ERR,ERR,ERR,ERR,ERR,ERR,ERR,ERR,ERR,ERR,ERR,ERR,ERR,ERR,ERR,ERR,ERR,ERR,ERR,ERR,ERR,ERR,ERR,ERR,ERR,ERR,ERR,ERR,ERR,ERR,ERR,ERR,ERR,ERR,ERR,60.0,60.0,35,0.0,0.0,0.0,0.0,0.0,0.0,0.0,0.0,0.0,0.0,0.0,0.0,0.0,0.0,0.0,0.0,65.2,0,128,62,46,65476,0,300,0,0,8,20529,65476,0,0,2621,60.0,0.0,0.0,0.0,0.0,0.0
2026-07-09T15:25:15,ERR,ERR,ERR,ERR,ERR,ERR,ERR,ERR,ERR,ERR,ERR,ERR,ERR,ERR,ERR,ERR,ERR,ERR,ERR,ERR,ERR,ERR,ERR,ERR,ERR,ERR,ERR,ERR,ERR,ERR,ERR,ERR,ERR,ERR,ERR,ERR,ERR,ERR,ERR,ERR,ERR,ERR,ERR,ERR,ERR,ERR,ERR,ERR,ERR,ERR,ERR,ERR,ERR,ERR,ERR,ERR,ERR,ERR,ERR,ERR,ERR,ERR,ERR,ERR,ERR,ERR,ERR,ERR,ERR,ERR,ERR,ERR,ERR,ERR,ERR,ERR,ERR,ERR,ERR,ERR,ERR,ERR,ERR,ERR,ERR,ERR,ERR,ERR,ERR,ERR,ERR,ERR,ERR,ERR,ERR,ERR,ERR,ERR,ERR,ERR,ERR,ERR,ERR,ERR,ERR,ERR,ERR,ERR,ERR,ERR,ERR,ERR,ERR,ERR,ERR,ERR,ERR,ERR,ERR,ERR,ERR,ERR,ERR,ERR,ERR,-107615120.0,2.718448035266601e+23,nan,-107611616.0,6267927.0,-265488384000.0,-74894.438,1.7706683471212348e+34,0,0,4,17334,7116,0.0,100,0.0,0.0,-107611616.0,0.0,0.0,0,0,0,0,0.0,0,0,0,0,0,0,0,0,0,0,0,0,0,0,0,0,0,0,0,0,0,0,0,0,0,0,0,0,0,0,0,0,0,31,40,40,71,65476,0,300,0,0,8,21553,0.0,-107605600.0,0.0,0.0,0.0,0.0,0.0,0.0,0.0,0.0,0.0,0.0,0.0,0.0,0.0,0.0,0.0,0.0,0.0,0.0,0.0,0.0,-2.004,2.004,0.0,0.0,0.0,0.0,0.0,0.0,5765.0,-1.0406683519130664e+34,6943.0,-107615120.0,2.718447855122616e+23,2.004,2.004,0.0,0.0,0.0,0.0,69,-4.950406547079815e+32,-0.0,0.0,0.0,0.0,0.0,0.0,0.0,0.0,0,0,0,0.0,0.0,0.0,0.0,0.0,0.0,0.0,0.0,0.0,0.0,0.0,0.0,0.0,0.0,0.0,0.0,0,-107875648.0,69,0.0,138,0.0,2.012,ERR,ERR,ERR,ERR,ERR,ERR,ERR,ERR,ERR,ERR,ERR,ERR,ERR,ERR,ERR,ERR,ERR,ERR,ERR,ERR,ERR,ERR,ERR,ERR,ERR,ERR,ERR,ERR,ERR,ERR,ERR,ERR,ERR,ERR,ERR,ERR,ERR,ERR,ERR,ERR,ERR,ERR,ERR,ERR,ERR,ERR,ERR,ERR,ERR,ERR,ERR,ERR,ERR,ERR,ERR,ERR,ERR,ERR,ERR,ERR,ERR,ERR,ERR,ERR,ERR,ERR,ERR,60.0,60.0,35,0.0,0.0,0.0,0.0,0.0,0.0,0.0,0.0,0.0,0.0,0.0,0.0,0.0,0.0,0.0,0.0,65.6,0,128,62,46,65476,0,300,0,0,8,20529,65476,0,0,2621,60.0,0.0,0.0,0.0,0.0,0.0
2026-07-09T15:25:16,ERR,ERR,ERR,ERR,ERR,ERR,ERR,ERR,ERR,ERR,ERR,ERR,ERR,ERR,ERR,ERR,ERR,ERR,ERR,ERR,ERR,ERR,ERR,ERR,ERR,ERR,ERR,ERR,ERR,ERR,ERR,ERR,ERR,ERR,ERR,ERR,ERR,ERR,ERR,ERR,ERR,ERR,ERR,ERR,ERR,ERR,ERR,ERR,ERR,ERR,ERR,ERR,ERR,ERR,ERR,ERR,ERR,ERR,ERR,ERR,ERR,ERR,ERR,ERR,ERR,ERR,ERR,ERR,ERR,ERR,ERR,ERR,ERR,ERR,ERR,ERR,ERR,ERR,ERR,ERR,ERR,ERR,ERR,ERR,ERR,ERR,ERR,ERR,ERR,ERR,ERR,ERR,ERR,ERR,ERR,ERR,ERR,ERR,ERR,ERR,ERR,ERR,ERR,ERR,ERR,ERR,ERR,ERR,ERR,ERR,ERR,ERR,ERR,ERR,ERR,ERR,ERR,ERR,ERR,ERR,ERR,ERR,ERR,ERR,ERR,-107615120.0,2.718448035266601e+23,nan,-107611616.0,6267927.0,-265488384000.0,-74894.438,1.7706683471212348e+34,0,0,4,17334,7116,0.0,100,0.0,0.0,-107611616.0,0.0,0.0,0,0,0,0,0.0,0,0,0,0,0,0,0,0,0,0,0,0,0,0,0,0,0,0,0,0,0,0,0,0,0,0,0,0,0,0,0,0,0,31,40,40,71,65476,0,300,0,0,8,21553,0.0,-107605600.0,0.0,0.0,0.0,0.0,0.0,0.0,0.0,0.0,0.0,0.0,0.0,0.0,0.0,0.0,0.0,0.0,0.0,0.0,0.0,0.0,-2.004,2.004,0.0,0.0,0.0,0.0,0.0,0.0,5765.0,-1.0406683519130664e+34,6943.0,-107615120.0,2.718447855122616e+23,2.004,2.004,0.0,0.0,0.0,0.0,69,-4.950406547079815e+32,-0.0,0.0,0.0,0.0,0.0,0.0,0.0,0.0,0,0,0,0.0,0.0,0.0,0.0,0.0,0.0,0.0,0.0,0.0,0.0,0.0,0.0,0.0,0.0,0.0,0.0,0,-107875648.0,69,0.0,138,0.0,2.012,ERR,ERR,ERR,ERR,ERR,ERR,ERR,ERR,ERR,ERR,ERR,ERR,ERR,ERR,ERR,ERR,ERR,ERR,ERR,ERR,ERR,ERR,ERR,ERR,ERR,ERR,ERR,ERR,ERR,ERR,ERR,ERR,ERR,ERR,ERR,ERR,ERR,ERR,ERR,ERR,ERR,ERR,ERR,ERR,ERR,ERR,ERR,ERR,ERR,ERR,ERR,ERR,ERR,ERR,ERR,ERR,ERR,ERR,ERR,ERR,ERR,ERR,ERR,ERR,ERR,ERR,ERR,60.0,60.0,35,0.0,0.0,0.0,0.0,0.0,0.0,0.0,0.0,0.0,0.0,0.0,0.0,0.0,0.0,0.0,0.0,65.6,0,128,62,46,65476,0,300,0,0,8,20529,65476,0,0,2621,60.0,0.0,0.0,0.0,0.0,0.0
2026-07-09T15:25:17,ERR,ERR,ERR,ERR,ERR,ERR,ERR,ERR,ERR,ERR,ERR,ERR,ERR,ERR,ERR,ERR,ERR,ERR,ERR,ERR,ERR,ERR,ERR,ERR,ERR,ERR,ERR,ERR,ERR,ERR,ERR,ERR,ERR,ERR,ERR,ERR,ERR,ERR,ERR,ERR,ERR,ERR,ERR,ERR,ERR,ERR,ERR,ERR,ERR,ERR,ERR,ERR,ERR,ERR,ERR,ERR,ERR,ERR,ERR,ERR,ERR,ERR,ERR,ERR,ERR,ERR,ERR,ERR,ERR,ERR,ERR,ERR,ERR,ERR,ERR,ERR,ERR,ERR,ERR,ERR,ERR,ERR,ERR,ERR,ERR,ERR,ERR,ERR,ERR,ERR,ERR,ERR,ERR,ERR,ERR,ERR,ERR,ERR,ERR,ERR,ERR,ERR,ERR,ERR,ERR,ERR,ERR,ERR,ERR,ERR,ERR,ERR,ERR,ERR,ERR,ERR,ERR,ERR,ERR,ERR,ERR,ERR,ERR,ERR,ERR,-107615120.0,2.718448035266601e+23,nan,-107611616.0,6267927.0,-265488384000.0,-74894.438,1.7706683471212348e+34,0,0,4,17334,7116,0.0,100,0.0,0.0,-107611616.0,0.0,0.0,0,0,0,0,0.0,0,0,0,0,0,0,0,0,0,0,0,0,0,0,0,0,0,0,0,0,0,0,0,0,0,0,0,0,0,0,0,0,0,31,40,40,71,65476,0,300,0,0,8,21553,0.0,-107605600.0,0.0,0.0,0.0,0.0,0.0,0.0,0.0,0.0,0.0,0.0,0.0,0.0,0.0,0.0,0.0,0.0,0.0,0.0,0.0,0.0,-2.004,2.004,0.0,0.0,0.0,0.0,0.0,0.0,5765.0,-1.0406683519130664e+34,6943.0,-107615120.0,2.718447855122616e+23,2.004,2.004,0.0,0.0,0.0,0.0,69,-4.950406547079815e+32,-0.0,0.0,0.0,0.0,0.0,0.0,0.0,0.0,0,0,0,0.0,0.0,0.0,0.0,0.0,0.0,0.0,0.0,0.0,0.0,0.0,0.0,0.0,0.0,0.0,0.0,0,-107875648.0,69,0.0,138,0.0,2.012,ERR,ERR,ERR,ERR,ERR,ERR,ERR,ERR,ERR,ERR,ERR,ERR,ERR,ERR,ERR,ERR,ERR,ERR,ERR,ERR,ERR,ERR,ERR,ERR,ERR,ERR,ERR,ERR,ERR,ERR,ERR,ERR,ERR,ERR,ERR,ERR,ERR,ERR,ERR,ERR,ERR,ERR,ERR,ERR,ERR,ERR,ERR,ERR,ERR,ERR,ERR,ERR,ERR,ERR,ERR,ERR,ERR,ERR,ERR,ERR,ERR,ERR,ERR,ERR,ERR,ERR,ERR,60.0,60.0,35,0.0,0.0,0.0,0.0,0.0,0.0,0.0,0.0,0.0,0.0,0.0,0.0,0.0,0.0,0.0,0.0,65.6,0,128,62,46,65476,0,300,0,0,8,20529,65476,0,0,2621,60.0,0.0,0.0,0.0,0.0,0.0
2026-07-09T15:25:18,ERR,ERR,ERR,ERR,ERR,ERR,ERR,ERR,ERR,ERR,ERR,ERR,ERR,ERR,ERR,ERR,ERR,ERR,ERR,ERR,ERR,ERR,ERR,ERR,ERR,ERR,ERR,ERR,ERR,ERR,ERR,ERR,ERR,ERR,ERR,ERR,ERR,ERR,ERR,ERR,ERR,ERR,ERR,ERR,ERR,ERR,ERR,ERR,ERR,ERR,ERR,ERR,ERR,ERR,ERR,ERR,ERR,ERR,ERR,ERR,ERR,ERR,ERR,ERR,ERR,ERR,ERR,ERR,ERR,ERR,ERR,ERR,ERR,ERR,ERR,ERR,ERR,ERR,ERR,ERR,ERR,ERR,ERR,ERR,ERR,ERR,ERR,ERR,ERR,ERR,ERR,ERR,ERR,ERR,ERR,ERR,ERR,ERR,ERR,ERR,ERR,ERR,ERR,ERR,ERR,ERR,ERR,ERR,ERR,ERR,ERR,ERR,ERR,ERR,ERR,ERR,ERR,ERR,ERR,ERR,ERR,ERR,ERR,ERR,ERR,0.0,0.0,0.0,0.0,-0.0,1.92950200716761e+37,0.0,-1.010257495957795e+20,0,0,4,17324,7116,0.0,100,0.0,0.0,0.0,0.0,0.0,0,0,0,0,0.0,0,0,0,0,0,0,0,0,0,0,0,0,0,0,0,0,0,0,0,0,0,0,0,0,0,0,0,0,0,0,0,0,0,31,40,40,71,65476,0,300,0,0,8,21553,0.0,-107605600.0,0.0,0.0,0.0,0.0,0.0,0.0,0.0,0.0,0.0,0.0,0.0,0.0,0.0,0.0,0.0,0.0,0.0,0.0,0.0,0.0,0.0,-2.004,0.0,0.0,0.0,0.0,0.0,0.0,5825.0,0.0,6917.0,0.0,-0.0,2.004,2.004,0.0,0.0,0.0,0.0,69,0.0,0.0,0.0,0.0,0.0,0.0,0.0,0.0,0.0,0,0,0,0.0,0.0,0.0,0.0,0.0,0.0,0.0,0.0,0.0,0.0,0.0,0.0,0.0,0.0,0.0,0.0,0,-107875648.0,69,0.0,138,0.0,2.012,ERR,ERR,ERR,ERR,ERR,ERR,ERR,ERR,ERR,ERR,ERR,ERR,ERR,ERR,ERR,ERR,ERR,ERR,ERR,ERR,ERR,ERR,ERR,ERR,ERR,ERR,ERR,ERR,ERR,ERR,ERR,ERR,ERR,ERR,ERR,ERR,ERR,ERR,ERR,ERR,ERR,ERR,ERR,ERR,ERR,ERR,ERR,ERR,ERR,ERR,ERR,ERR,ERR,ERR,ERR,ERR,ERR,ERR,ERR,ERR,ERR,ERR,ERR,ERR,ERR,ERR,ERR,60.0,60.0,35,0.0,0.0,0.0,0.0,0.0,0.0,0.0,0.0,0.0,0.0,0.0,0.0,0.0,0.0,0.0,0.0,65.2,0,129,62,46,65476,0,300,0,0,8,20529,65476,0,0,2621,60.0,0.0,0.0,0.0,0.0,0.0
2026-07-09T15:25:19,ERR,ERR,ERR,ERR,ERR,ERR,ERR,ERR,ERR,ERR,ERR,ERR,ERR,ERR,ERR,ERR,ERR,ERR,ERR,ERR,ERR,ERR,ERR,ERR,ERR,ERR,ERR,ERR,ERR,ERR,ERR,ERR,ERR,ERR,ERR,ERR,ERR,ERR,ERR,ERR,ERR,ERR,ERR,ERR,ERR,ERR,ERR,ERR,ERR,ERR,ERR,ERR,ERR,ERR,ERR,ERR,ERR,ERR,ERR,ERR,ERR,ERR,ERR,ERR,ERR,ERR,ERR,ERR,ERR,ERR,ERR,ERR,ERR,ERR,ERR,ERR,ERR,ERR,ERR,ERR,ERR,ERR,ERR,ERR,ERR,ERR,ERR,ERR,ERR,ERR,ERR,ERR,ERR,ERR,ERR,ERR,ERR,ERR,ERR,ERR,ERR,ERR,ERR,ERR,ERR,ERR,ERR,ERR,ERR,ERR,ERR,ERR,ERR,ERR,ERR,ERR,ERR,ERR,ERR,ERR,ERR,ERR,ERR,ERR,ERR,0.0,0.0,0.0,0.0,-0.0,1.92950200716761e+37,0.0,-1.010257495957795e+20,0,0,4,17324,7116,0.0,100,0.0,0.0,0.0,0.0,0.0,0,0,0,0,0.0,0,0,0,0,0,0,0,0,0,0,0,0,0,0,0,0,0,0,0,0,0,0,0,0,0,0,0,0,0,0,0,0,0,31,40,40,71,65476,0,300,0,0,8,21553,0.0,-107605600.0,0.0,0.0,0.0,0.0,0.0,0.0,0.0,0.0,0.0,0.0,0.0,0.0,0.0,0.0,0.0,0.0,0.0,0.0,0.0,0.0,0.0,-2.004,0.0,0.0,0.0,0.0,0.0,0.0,5825.0,0.0,6917.0,0.0,-0.0,2.004,2.004,0.0,0.0,0.0,0.0,69,0.0,0.0,0.0,0.0,0.0,0.0,0.0,0.0,0.0,0,0,0,0.0,0.0,0.0,0.0,0.0,0.0,0.0,0.0,0.0,0.0,0.0,0.0,0.0,0.0,0.0,0.0,0,-107875648.0,69,0.0,138,0.0,2.012,ERR,ERR,ERR,ERR,ERR,ERR,ERR,ERR,ERR,ERR,ERR,ERR,ERR,ERR,ERR,ERR,ERR,ERR,ERR,ERR,ERR,ERR,ERR,ERR,ERR,ERR,ERR,ERR,ERR,ERR,ERR,ERR,ERR,ERR,ERR,ERR,ERR,ERR,ERR,ERR,ERR,ERR,ERR,ERR,ERR,ERR,ERR,ERR,ERR,ERR,ERR,ERR,ERR,ERR,ERR,ERR,ERR,ERR,ERR,ERR,ERR,ERR,ERR,ERR,ERR,ERR,ERR,60.0,60.0,35,0.0,0.0,0.0,0.0,0.0,0.0,0.0,0.0,0.0,0.0,0.0,0.0,0.0,0.0,0.0,0.0,65.2,0,129,62,46,65476,0,300,0,0,8,20529,65476,0,0,2621,60.0,0.0,0.0,0.0,0.0,0.0
2026-07-09T15:25:20,ERR,ERR,ERR,ERR,ERR,ERR,ERR,ERR,ERR,ERR,ERR,ERR,ERR,ERR,ERR,ERR,ERR,ERR,ERR,ERR,ERR,ERR,ERR,ERR,ERR,ERR,ERR,ERR,ERR,ERR,ERR,ERR,ERR,ERR,ERR,ERR,ERR,ERR,ERR,ERR,ERR,ERR,ERR,ERR,ERR,ERR,ERR,ERR,ERR,ERR,ERR,ERR,ERR,ERR,ERR,ERR,ERR,ERR,ERR,ERR,ERR,ERR,ERR,ERR,ERR,ERR,ERR,ERR,ERR,ERR,ERR,ERR,ERR,ERR,ERR,ERR,ERR,ERR,ERR,ERR,ERR,ERR,ERR,ERR,ERR,ERR,ERR,ERR,ERR,ERR,ERR,ERR,ERR,ERR,ERR,ERR,ERR,ERR,ERR,ERR,ERR,ERR,ERR,ERR,ERR,ERR,ERR,ERR,ERR,ERR,ERR,ERR,ERR,ERR,ERR,ERR,ERR,ERR,ERR,ERR,ERR,ERR,ERR,ERR,ERR,0.0,0.0,0.0,0.0,-0.0,1.92950200716761e+37,0.0,-1.010257495957795e+20,0,0,4,17324,7116,0.0,100,0.0,0.0,0.0,0.0,0.0,0,0,0,0,0.0,0,0,0,0,0,0,0,0,0,0,0,0,0,0,0,0,0,0,0,0,0,0,0,0,0,0,0,0,0,0,0,0,0,31,40,40,71,65476,0,300,0,0,8,21553,0.0,-107605600.0,0.0,0.0,0.0,0.0,0.0,0.0,0.0,0.0,0.0,0.0,0.0,0.0,0.0,0.0,0.0,0.0,0.0,0.0,0.0,0.0,0.0,-2.004,0.0,0.0,0.0,0.0,0.0,0.0,5825.0,0.0,6917.0,0.0,-0.0,2.004,2.004,0.0,0.0,0.0,0.0,69,0.0,0.0,0.0,0.0,0.0,0.0,0.0,0.0,0.0,0,0,0,0.0,0.0,0.0,0.0,0.0,0.0,0.0,0.0,0.0,0.0,0.0,0.0,0.0,0.0,0.0,0.0,0,-107875648.0,69,0.0,138,0.0,2.012,ERR,ERR,ERR,ERR,ERR,ERR,ERR,ERR,ERR,ERR,ERR,ERR,ERR,ERR,ERR,ERR,ERR,ERR,ERR,ERR,ERR,ERR,ERR,ERR,ERR,ERR,ERR,ERR,ERR,ERR,ERR,ERR,ERR,ERR,ERR,ERR,ERR,ERR,ERR,ERR,ERR,ERR,ERR,ERR,ERR,ERR,ERR,ERR,ERR,ERR,ERR,ERR,ERR,ERR,ERR,ERR,ERR,ERR,ERR,ERR,ERR,ERR,ERR,ERR,ERR,ERR,ERR,60.0,60.0,35,0.0,0.0,0.0,0.0,0.0,0.0,0.0,0.0,0.0,0.0,0.0,0.0,0.0,0.0,0.0,0.0,65.2,0,129,62,46,65476,0,300,0,0,8,20529,65476,0,0,2621,60.0,0.0,0.0,0.0,0.0,0.0
2026-07-09T15:25:21,ERR,ERR,ERR,ERR,ERR,ERR,ERR,ERR,ERR,ERR,ERR,ERR,ERR,ERR,ERR,ERR,ERR,ERR,ERR,ERR,ERR,ERR,ERR,ERR,ERR,ERR,ERR,ERR,ERR,ERR,ERR,ERR,ERR,ERR,ERR,ERR,ERR,ERR,ERR,ERR,ERR,ERR,ERR,ERR,ERR,ERR,ERR,ERR,ERR,ERR,ERR,ERR,ERR,ERR,ERR,ERR,ERR,ERR,ERR,ERR,ERR,ERR,ERR,ERR,ERR,ERR,ERR,ERR,ERR,ERR,ERR,ERR,ERR,ERR,ERR,ERR,ERR,ERR,ERR,ERR,ERR,ERR,ERR,ERR,ERR,ERR,ERR,ERR,ERR,ERR,ERR,ERR,ERR,ERR,ERR,ERR,ERR,ERR,ERR,ERR,ERR,ERR,ERR,ERR,ERR,ERR,ERR,ERR,ERR,ERR,ERR,ERR,ERR,ERR,ERR,ERR,ERR,ERR,ERR,ERR,ERR,ERR,ERR,ERR,ERR,0.0,0.0,0.0,0.0,-0.0,1.92950200716761e+37,0.0,-1.010257495957795e+20,0,0,4,17324,7116,0.0,100,0.0,0.0,0.0,0.0,0.0,0,0,0,0,0.0,0,0,0,0,0,0,0,0,0,0,0,0,0,0,0,0,0,0,0,0,0,0,0,0,0,0,0,0,0,0,0,0,0,31,40,40,71,65476,0,300,0,0,8,21553,0.0,-107605600.0,0.0,0.0,0.0,0.0,0.0,0.0,0.0,0.0,0.0,0.0,0.0,0.0,0.0,0.0,0.0,0.0,0.0,0.0,0.0,0.0,0.0,-2.004,0.0,0.0,0.0,0.0,0.0,0.0,5825.0,0.0,6917.0,0.0,-0.0,2.004,2.004,0.0,0.0,0.0,0.0,69,0.0,0.0,0.0,0.0,0.0,0.0,0.0,0.0,0.0,0,0,0,0.0,0.0,0.0,0.0,0.0,0.0,0.0,0.0,0.0,0.0,0.0,0.0,0.0,0.0,0.0,0.0,0,-107875648.0,69,0.0,138,0.0,2.012,ERR,ERR,ERR,ERR,ERR,ERR,ERR,ERR,ERR,ERR,ERR,ERR,ERR,ERR,ERR,ERR,ERR,ERR,ERR,ERR,ERR,ERR,ERR,ERR,ERR,ERR,ERR,ERR,ERR,ERR,ERR,ERR,ERR,ERR,ERR,ERR,ERR,ERR,ERR,ERR,ERR,ERR,ERR,ERR,ERR,ERR,ERR,ERR,ERR,ERR,ERR,ERR,ERR,ERR,ERR,ERR,ERR,ERR,ERR,ERR,ERR,ERR,ERR,ERR,ERR,ERR,ERR,60.0,60.0,35,0.0,0.0,0.0,0.0,0.0,0.0,0.0,0.0,0.0,0.0,0.0,0.0,0.0,0.0,0.0,0.0,65.2,0,129,62,46,65476,0,300,0,0,8,20529,65476,0,0,2621,60.0,0.0,0.0,0.0,0.0,0.0
2026-07-09T15:25:22,ERR,ERR,ERR,ERR,ERR,ERR,ERR,ERR,ERR,ERR,ERR,ERR,ERR,ERR,ERR,ERR,ERR,ERR,ERR,ERR,ERR,ERR,ERR,ERR,ERR,ERR,ERR,ERR,ERR,ERR,ERR,ERR,ERR,ERR,ERR,ERR,ERR,ERR,ERR,ERR,ERR,ERR,ERR,ERR,ERR,ERR,ERR,ERR,ERR,ERR,ERR,ERR,ERR,ERR,ERR,ERR,ERR,ERR,ERR,ERR,ERR,ERR,ERR,ERR,ERR,ERR,ERR,ERR,ERR,ERR,ERR,ERR,ERR,ERR,ERR,ERR,ERR,ERR,ERR,ERR,ERR,ERR,ERR,ERR,ERR,ERR,ERR,ERR,ERR,ERR,ERR,ERR,ERR,ERR,ERR,ERR,ERR,ERR,ERR,ERR,ERR,ERR,ERR,ERR,ERR,ERR,ERR,ERR,ERR,ERR,ERR,ERR,ERR,ERR,ERR,ERR,ERR,ERR,ERR,ERR,ERR,ERR,ERR,ERR,ERR,0.0,0.0,0.0,0.0,-0.0,1.92950200716761e+37,0.0,-1.010257495957795e+20,0,0,4,17324,7116,0.0,100,0.0,0.0,0.0,0.0,0.0,0,0,0,0,0.0,0,0,0,0,0,0,0,0,0,0,0,0,0,0,0,0,0,0,0,0,0,0,0,0,0,0,0,0,0,0,0,0,0,31,40,40,71,65476,0,300,0,0,8,21553,0.0,-107605600.0,0.0,0.0,0.0,0.0,0.0,0.0,0.0,0.0,0.0,0.0,0.0,0.0,0.0,0.0,0.0,0.0,0.0,0.0,0.0,0.0,0.0,-2.004,0.0,0.0,0.0,0.0,0.0,0.0,5825.0,0.0,6917.0,0.0,-0.0,2.004,2.004,0.0,0.0,0.0,0.0,69,0.0,0.0,0.0,0.0,0.0,0.0,0.0,0.0,0.0,0,0,0,0.0,0.0,0.0,0.0,0.0,0.0,0.0,0.0,0.0,0.0,0.0,0.0,0.0,0.0,0.0,0.0,0,-107875648.0,69,0.0,138,0.0,2.012,ERR,ERR,ERR,ERR,ERR,ERR,ERR,ERR,ERR,ERR,ERR,ERR,ERR,ERR,ERR,ERR,ERR,ERR,ERR,ERR,ERR,ERR,ERR,ERR,ERR,ERR,ERR,ERR,ERR,ERR,ERR,ERR,ERR,ERR,ERR,ERR,ERR,ERR,ERR,ERR,ERR,ERR,ERR,ERR,ERR,ERR,ERR,ERR,ERR,ERR,ERR,ERR,ERR,ERR,ERR,ERR,ERR,ERR,ERR,ERR,ERR,ERR,ERR,ERR,ERR,ERR,ERR,60.0,60.0,35,0.0,0.0,0.0,0.0,0.0,0.0,0.0,0.0,0.0,0.0,0.0,0.0,0.0,0.0,0.0,0.0,65.2,0,129,62,46,65476,0,300,0,0,8,20529,65476,0,0,2621,60.0,0.0,0.0,0.0,0.0,0.0
2026-07-09T15:25:23,ERR,ERR,ERR,ERR,ERR,ERR,ERR,ERR,ERR,ERR,ERR,ERR,ERR,ERR,ERR,ERR,ERR,ERR,ERR,ERR,ERR,ERR,ERR,ERR,ERR,ERR,ERR,ERR,ERR,ERR,ERR,ERR,ERR,ERR,ERR,ERR,ERR,ERR,ERR,ERR,ERR,ERR,ERR,ERR,ERR,ERR,ERR,ERR,ERR,ERR,ERR,ERR,ERR,ERR,ERR,ERR,ERR,ERR,ERR,ERR,ERR,ERR,ERR,ERR,ERR,ERR,ERR,ERR,ERR,ERR,ERR,ERR,ERR,ERR,ERR,ERR,ERR,ERR,ERR,ERR,ERR,ERR,ERR,ERR,ERR,ERR,ERR,ERR,ERR,ERR,ERR,ERR,ERR,ERR,ERR,ERR,ERR,ERR,ERR,ERR,ERR,ERR,ERR,ERR,ERR,ERR,ERR,ERR,ERR,ERR,ERR,ERR,ERR,ERR,ERR,ERR,ERR,ERR,ERR,ERR,ERR,ERR,ERR,ERR,ERR,-0.0,-0.0,-0.0,0.0,-0.0,-0.0,3.501488117568549e+28,0.0,0,0,4,17326,7116,0.0,100,0.0,0.0,0.0,0.0,0.0,0,0,0,0,0.0,0,0,0,0,0,0,0,0,0,0,0,0,0,0,0,0,0,0,0,0,0,0,0,0,0,0,0,0,0,0,0,0,0,31,40,40,71,65476,0,300,0,0,8,21553,0.0,-107605600.0,0.0,0.0,0.0,0.0,0.0,0.0,0.0,0.0,0.0,0.0,0.0,0.0,0.0,0.0,0.0,0.0,0.0,0.0,0.0,0.0,2.004,0.0,0.0,0.0,0.0,0.0,0.0,0.0,5856.0,0.0,6918.0,-0.0,-0.0,2.004,2.004,0.0,0.0,0.0,0.0,69,126840668160.0,5.848069151947019e+35,0.0,0.0,0.0,0.0,0.0,0.0,0.0,0,0,0,0.0,0.0,0.0,0.0,0.0,0.0,0.0,0.0,0.0,0.0,0.0,0.0,0.0,0.0,0.0,0.0,0,-107875648.0,69,0.0,138,0.0,2.012,ERR,ERR,ERR,ERR,ERR,ERR,ERR,ERR,ERR,ERR,ERR,ERR,ERR,ERR,ERR,ERR,ERR,ERR,ERR,ERR,ERR,ERR,ERR,ERR,ERR,ERR,ERR,ERR,ERR,ERR,ERR,ERR,ERR,ERR,ERR,ERR,ERR,ERR,ERR,ERR,ERR,ERR,ERR,ERR,ERR,ERR,ERR,ERR,ERR,ERR,ERR,ERR,ERR,ERR,ERR,ERR,ERR,ERR,ERR,ERR,ERR,ERR,ERR,ERR,ERR,ERR,ERR,60.0,60.0,35,0.0,0.0,0.0,0.0,0.0,0.0,0.0,0.0,0.0,0.0,0.0,0.0,0.0,0.0,0.0,0.0,65.6,0,129,62,46,65476,0,300,0,0,8,20529,65476,0,0,2621,60.0,0.0,0.0,0.0,0.0,0.0
2026-07-09T15:25:24,ERR,ERR,ERR,ERR,ERR,ERR,ERR,ERR,ERR,ERR,ERR,ERR,ERR,ERR,ERR,ERR,ERR,ERR,ERR,ERR,ERR,ERR,ERR,ERR,ERR,ERR,ERR,ERR,ERR,ERR,ERR,ERR,ERR,ERR,ERR,ERR,ERR,ERR,ERR,ERR,ERR,ERR,ERR,ERR,ERR,ERR,ERR,ERR,ERR,ERR,ERR,ERR,ERR,ERR,ERR,ERR,ERR,ERR,ERR,ERR,ERR,ERR,ERR,ERR,ERR,ERR,ERR,ERR,ERR,ERR,ERR,ERR,ERR,ERR,ERR,ERR,ERR,ERR,ERR,ERR,ERR,ERR,ERR,ERR,ERR,ERR,ERR,ERR,ERR,ERR,ERR,ERR,ERR,ERR,ERR,ERR,ERR,ERR,ERR,ERR,ERR,ERR,ERR,ERR,ERR,ERR,ERR,ERR,ERR,ERR,ERR,ERR,ERR,ERR,ERR,ERR,ERR,ERR,ERR,ERR,ERR,ERR,ERR,ERR,ERR,-0.0,-0.0,-0.0,0.0,-0.0,-0.0,3.501488117568549e+28,0.0,0,0,4,17326,7116,0.0,100,0.0,0.0,0.0,0.0,0.0,0,0,0,0,0.0,0,0,0,0,0,0,0,0,0,0,0,0,0,0,0,0,0,0,0,0,0,0,0,0,0,0,0,0,0,0,0,0,0,31,40,40,71,65476,0,300,0,0,8,21553,0.0,-107605600.0,0.0,0.0,0.0,0.0,0.0,0.0,0.0,0.0,0.0,0.0,0.0,0.0,0.0,0.0,0.0,0.0,0.0,0.0,0.0,0.0,2.004,0.0,0.0,0.0,0.0,0.0,0.0,0.0,5856.0,0.0,6918.0,-0.0,-0.0,2.004,2.004,0.0,0.0,0.0,0.0,69,126840668160.0,5.848069151947019e+35,0.0,0.0,0.0,0.0,0.0,0.0,0.0,0,0,0,0.0,0.0,0.0,0.0,0.0,0.0,0.0,0.0,0.0,0.0,0.0,0.0,0.0,0.0,0.0,0.0,0,-107875648.0,69,0.0,138,0.0,2.012,ERR,ERR,ERR,ERR,ERR,ERR,ERR,ERR,ERR,ERR,ERR,ERR,ERR,ERR,ERR,ERR,ERR,ERR,ERR,ERR,ERR,ERR,ERR,ERR,ERR,ERR,ERR,ERR,ERR,ERR,ERR,ERR,ERR,ERR,ERR,ERR,ERR,ERR,ERR,ERR,ERR,ERR,ERR,ERR,ERR,ERR,ERR,ERR,ERR,ERR,ERR,ERR,ERR,ERR,ERR,ERR,ERR,ERR,ERR,ERR,ERR,ERR,ERR,ERR,ERR,ERR,ERR,60.0,60.0,35,0.0,0.0,0.0,0.0,0.0,0.0,0.0,0.0,0.0,0.0,0.0,0.0,0.0,0.0,0.0,0.0,65.6,0,129,62,46,65476,0,300,0,0,8,20529,65476,0,0,2621,60.0,0.0,0.0,0.0,0.0,0.0
2026-07-09T15:25:25,ERR,ERR,ERR,ERR,ERR,ERR,ERR,ERR,ERR,ERR,ERR,ERR,ERR,ERR,ERR,ERR,ERR,ERR,ERR,ERR,ERR,ERR,ERR,ERR,ERR,ERR,ERR,ERR,ERR,ERR,ERR,ERR,ERR,ERR,ERR,ERR,ERR,ERR,ERR,ERR,ERR,ERR,ERR,ERR,ERR,ERR,ERR,ERR,ERR,ERR,ERR,ERR,ERR,ERR,ERR,ERR,ERR,ERR,ERR,ERR,ERR,ERR,ERR,ERR,ERR,ERR,ERR,ERR,ERR,ERR,ERR,ERR,ERR,ERR,ERR,ERR,ERR,ERR,ERR,ERR,ERR,ERR,ERR,ERR,ERR,ERR,ERR,ERR,ERR,ERR,ERR,ERR,ERR,ERR,ERR,ERR,ERR,ERR,ERR,ERR,ERR,ERR,ERR,ERR,ERR,ERR,ERR,ERR,ERR,ERR,ERR,ERR,ERR,ERR,ERR,ERR,ERR,ERR,ERR,ERR,ERR,ERR,ERR,ERR,ERR,-0.0,-0.0,-0.0,0.0,-0.0,-0.0,3.501488117568549e+28,0.0,0,0,4,17326,7116,0.0,100,0.0,0.0,0.0,0.0,0.0,0,0,0,0,0.0,0,0,0,0,0,0,0,0,0,0,0,0,0,0,0,0,0,0,0,0,0,0,0,0,0,0,0,0,0,0,0,0,0,31,40,40,71,65476,0,300,0,0,8,21553,0.0,-107605600.0,0.0,0.0,0.0,0.0,0.0,0.0,0.0,0.0,0.0,0.0,0.0,0.0,0.0,0.0,0.0,0.0,0.0,0.0,0.0,0.0,2.004,0.0,0.0,0.0,0.0,0.0,0.0,0.0,5856.0,0.0,6918.0,-0.0,-0.0,2.004,2.004,0.0,0.0,0.0,0.0,69,126840668160.0,5.848069151947019e+35,0.0,0.0,0.0,0.0,0.0,0.0,0.0,0,0,0,0.0,0.0,0.0,0.0,0.0,0.0,0.0,0.0,0.0,0.0,0.0,0.0,0.0,0.0,0.0,0.0,0,-107875648.0,69,0.0,138,0.0,2.012,ERR,ERR,ERR,ERR,ERR,ERR,ERR,ERR,ERR,ERR,ERR,ERR,ERR,ERR,ERR,ERR,ERR,ERR,ERR,ERR,ERR,ERR,ERR,ERR,ERR,ERR,ERR,ERR,ERR,ERR,ERR,ERR,ERR,ERR,ERR,ERR,ERR,ERR,ERR,ERR,ERR,ERR,ERR,ERR,ERR,ERR,ERR,ERR,ERR,ERR,ERR,ERR,ERR,ERR,ERR,ERR,ERR,ERR,ERR,ERR,ERR,ERR,ERR,ERR,ERR,ERR,ERR,60.0,60.0,35,0.0,0.0,0.0,0.0,0.0,0.0,0.0,0.0,0.0,0.0,0.0,0.0,0.0,0.0,0.0,0.0,65.2,0,130,62,46,65476,0,300,0,0,8,20529,65476,0,0,2621,60.0,0.0,0.0,0.0,0.0,0.0
2026-07-09T15:25:26,ERR,ERR,ERR,ERR,ERR,ERR,ERR,ERR,ERR,ERR,ERR,ERR,ERR,ERR,ERR,ERR,ERR,ERR,ERR,ERR,ERR,ERR,ERR,ERR,ERR,ERR,ERR,ERR,ERR,ERR,ERR,ERR,ERR,ERR,ERR,ERR,ERR,ERR,ERR,ERR,ERR,ERR,ERR,ERR,ERR,ERR,ERR,ERR,ERR,ERR,ERR,ERR,ERR,ERR,ERR,ERR,ERR,ERR,ERR,ERR,ERR,ERR,ERR,ERR,ERR,ERR,ERR,ERR,ERR,ERR,ERR,ERR,ERR,ERR,ERR,ERR,ERR,ERR,ERR,ERR,ERR,ERR,ERR,ERR,ERR,ERR,ERR,ERR,ERR,ERR,ERR,ERR,ERR,ERR,ERR,ERR,ERR,ERR,ERR,ERR,ERR,ERR,ERR,ERR,ERR,ERR,ERR,ERR,ERR,ERR,ERR,ERR,ERR,ERR,ERR,ERR,ERR,ERR,ERR,ERR,ERR,ERR,ERR,ERR,ERR,-0.0,-0.0,-0.0,0.0,-0.0,-0.0,3.501488117568549e+28,0.0,0,0,4,17326,7116,0.0,100,0.0,0.0,0.0,0.0,0.0,0,0,0,0,0.0,0,0,0,0,0,0,0,0,0,0,0,0,0,0,0,0,0,0,0,0,0,0,0,0,0,0,0,0,0,0,0,0,0,31,40,40,71,65476,0,300,0,0,8,21553,0.0,-107605600.0,0.0,0.0,0.0,0.0,0.0,0.0,0.0,0.0,0.0,0.0,0.0,0.0,0.0,0.0,0.0,0.0,0.0,0.0,0.0,0.0,2.004,0.0,0.0,0.0,0.0,0.0,0.0,0.0,5856.0,0.0,6918.0,-0.0,-0.0,2.004,2.004,0.0,0.0,0.0,0.0,69,126840668160.0,5.848069151947019e+35,0.0,0.0,0.0,0.0,0.0,0.0,0.0,0,0,0,0.0,0.0,0.0,0.0,0.0,0.0,0.0,0.0,0.0,0.0,0.0,0.0,0.0,0.0,0.0,0.0,0,-107875648.0,69,0.0,138,0.0,2.012,ERR,ERR,ERR,ERR,ERR,ERR,ERR,ERR,ERR,ERR,ERR,ERR,ERR,ERR,ERR,ERR,ERR,ERR,ERR,ERR,ERR,ERR,ERR,ERR,ERR,ERR,ERR,ERR,ERR,ERR,ERR,ERR,ERR,ERR,ERR,ERR,ERR,ERR,ERR,ERR,ERR,ERR,ERR,ERR,ERR,ERR,ERR,ERR,ERR,ERR,ERR,ERR,ERR,ERR,ERR,ERR,ERR,ERR,ERR,ERR,ERR,ERR,ERR,ERR,ERR,ERR,ERR,60.0,60.0,35,0.0,0.0,0.0,0.0,0.0,0.0,0.0,0.0,0.0,0.0,0.0,0.0,0.0,0.0,0.0,0.0,65.6,0,130,63,46,65476,0,300,0,0,8,20529,65476,0,0,2621,60.0,0.0,0.0,0.0,0.0,0.0
2026-07-09T15:25:27,ERR,ERR,ERR,ERR,ERR,ERR,ERR,ERR,ERR,ERR,ERR,ERR,ERR,ERR,ERR,ERR,ERR,ERR,ERR,ERR,ERR,ERR,ERR,ERR,ERR,ERR,ERR,ERR,ERR,ERR,ERR,ERR,ERR,ERR,ERR,ERR,ERR,ERR,ERR,ERR,ERR,ERR,ERR,ERR,ERR,ERR,ERR,ERR,ERR,ERR,ERR,ERR,ERR,ERR,ERR,ERR,ERR,ERR,ERR,ERR,ERR,ERR,ERR,ERR,ERR,ERR,ERR,ERR,ERR,ERR,ERR,ERR,ERR,ERR,ERR,ERR,ERR,ERR,ERR,ERR,ERR,ERR,ERR,ERR,ERR,ERR,ERR,ERR,ERR,ERR,ERR,ERR,ERR,ERR,ERR,ERR,ERR,ERR,ERR,ERR,ERR,ERR,ERR,ERR,ERR,ERR,ERR,ERR,ERR,ERR,ERR,ERR,ERR,ERR,ERR,ERR,ERR,ERR,ERR,ERR,ERR,ERR,ERR,ERR,ERR,-0.0,-0.0,-0.0,0.0,-0.0,-0.0,3.501488117568549e+28,0.0,0,0,4,17326,7116,0.0,100,0.0,0.0,0.0,0.0,0.0,0,0,0,0,0.0,0,0,0,0,0,0,0,0,0,0,0,0,0,0,0,0,0,0,0,0,0,0,0,0,0,0,0,0,0,0,0,0,0,31,40,40,71,65476,0,300,0,0,8,21553,0.0,-107605600.0,0.0,0.0,0.0,0.0,0.0,0.0,0.0,0.0,0.0,0.0,0.0,0.0,0.0,0.0,0.0,0.0,0.0,0.0,0.0,0.0,2.004,0.0,0.0,0.0,0.0,0.0,0.0,0.0,5856.0,0.0,6918.0,-0.0,-0.0,2.004,2.004,0.0,0.0,0.0,0.0,69,126840668160.0,5.848069151947019e+35,0.0,0.0,0.0,0.0,0.0,0.0,0.0,0,0,0,0.0,0.0,0.0,0.0,0.0,0.0,0.0,0.0,0.0,0.0,0.0,0.0,0.0,0.0,0.0,0.0,0,-107875648.0,69,0.0,138,0.0,2.012,ERR,ERR,ERR,ERR,ERR,ERR,ERR,ERR,ERR,ERR,ERR,ERR,ERR,ERR,ERR,ERR,ERR,ERR,ERR,ERR,ERR,ERR,ERR,ERR,ERR,ERR,ERR,ERR,ERR,ERR,ERR,ERR,ERR,ERR,ERR,ERR,ERR,ERR,ERR,ERR,ERR,ERR,ERR,ERR,ERR,ERR,ERR,ERR,ERR,ERR,ERR,ERR,ERR,ERR,ERR,ERR,ERR,ERR,ERR,ERR,ERR,ERR,ERR,ERR,ERR,ERR,ERR,60.0,60.0,35,0.0,0.0,0.0,0.0,0.0,0.0,0.0,0.0,0.0,0.0,0.0,0.0,0.0,0.0,0.0,0.0,65.6,0,130,63,46,65476,0,300,0,0,8,20529,65476,0,0,2621,60.0,0.0,0.0,0.0,0.0,0.0
2026-07-09T15:25:28,ERR,ERR,ERR,ERR,ERR,ERR,ERR,ERR,ERR,ERR,ERR,ERR,ERR,ERR,ERR,ERR,ERR,ERR,ERR,ERR,ERR,ERR,ERR,ERR,ERR,ERR,ERR,ERR,ERR,ERR,ERR,ERR,ERR,ERR,ERR,ERR,ERR,ERR,ERR,ERR,ERR,ERR,ERR,ERR,ERR,ERR,ERR,ERR,ERR,ERR,ERR,ERR,ERR,ERR,ERR,ERR,ERR,ERR,ERR,ERR,ERR,ERR,ERR,ERR,ERR,ERR,ERR,ERR,ERR,ERR,ERR,ERR,ERR,ERR,ERR,ERR,ERR,ERR,ERR,ERR,ERR,ERR,ERR,ERR,ERR,ERR,ERR,ERR,ERR,ERR,ERR,ERR,ERR,ERR,ERR,ERR,ERR,ERR,ERR,ERR,ERR,ERR,ERR,ERR,ERR,ERR,ERR,ERR,ERR,ERR,ERR,ERR,ERR,ERR,ERR,ERR,ERR,ERR,ERR,ERR,ERR,ERR,ERR,ERR,ERR,0.0,0.0,0.0,0.0,787586.5,0.0,-0.0,-0.0,0,0,4,17326,7116,0.0,100,0.0,0.0,0.0,0.0,0.0,0,0,0,0,0.0,0,0,0,0,0,0,0,0,0,0,0,0,0,0,0,0,0,0,0,0,0,0,0,0,0,0,0,0,0,0,0,0,0,31,40,40,71,65476,0,300,0,0,8,21553,0.0,-107605600.0,0.0,0.0,0.0,0.0,0.0,0.0,0.0,0.0,0.0,0.0,0.0,0.0,0.0,0.0,0.0,0.0,0.0,0.0,0.0,0.0,-0.0,3.697069145587502e+19,0.0,0.0,0.0,0.0,0.0,0.0,5881.0,-0.0,6935.0,0.0,0.0,2.004,2.004,0.0,0.0,0.0,0.0,69,126840676352.0,0.0,0.0,0.0,0.0,0.0,0.0,0.0,0.0,0,0,0,0.0,0.0,0.0,0.0,0.0,0.0,0.0,0.0,0.0,0.0,0.0,0.0,0.0,0.0,0.0,0.0,0,-107875648.0,69,0.0,138,0.0,2.012,ERR,ERR,ERR,ERR,ERR,ERR,ERR,ERR,ERR,ERR,ERR,ERR,ERR,ERR,ERR,ERR,ERR,ERR,ERR,ERR,ERR,ERR,ERR,ERR,ERR,ERR,ERR,ERR,ERR,ERR,ERR,ERR,ERR,ERR,ERR,ERR,ERR,ERR,ERR,ERR,ERR,ERR,ERR,ERR,ERR,ERR,ERR,ERR,ERR,ERR,ERR,ERR,ERR,ERR,ERR,ERR,ERR,ERR,ERR,ERR,ERR,ERR,ERR,ERR,ERR,ERR,ERR,60.0,60.0,35,0.0,0.0,0.0,0.0,0.0,0.0,0.0,0.0,0.0,0.0,0.0,0.0,0.0,0.0,0.0,0.0,65.2,0,130,63,46,65476,0,300,0,0,8,20529,65476,0,0,2621,60.0,0.0,0.0,0.0,0.0,0.0
2026-07-09T15:25:29,ERR,ERR,ERR,ERR,ERR,ERR,ERR,ERR,ERR,ERR,ERR,ERR,ERR,ERR,ERR,ERR,ERR,ERR,ERR,ERR,ERR,ERR,ERR,ERR,ERR,ERR,ERR,ERR,ERR,ERR,ERR,ERR,ERR,ERR,ERR,ERR,ERR,ERR,ERR,ERR,ERR,ERR,ERR,ERR,ERR,ERR,ERR,ERR,ERR,ERR,ERR,ERR,ERR,ERR,ERR,ERR,ERR,ERR,ERR,ERR,ERR,ERR,ERR,ERR,ERR,ERR,ERR,ERR,ERR,ERR,ERR,ERR,ERR,ERR,ERR,ERR,ERR,ERR,ERR,ERR,ERR,ERR,ERR,ERR,ERR,ERR,ERR,ERR,ERR,ERR,ERR,ERR,ERR,ERR,ERR,ERR,ERR,ERR,ERR,ERR,ERR,ERR,ERR,ERR,ERR,ERR,ERR,ERR,ERR,ERR,ERR,ERR,ERR,ERR,ERR,ERR,ERR,ERR,ERR,ERR,ERR,ERR,ERR,ERR,ERR,0.0,0.0,0.0,0.0,787586.5,0.0,-0.0,-0.0,0,0,4,17326,7116,0.0,100,0.0,0.0,0.0,0.0,0.0,0,0,0,0,0.0,0,0,0,0,0,0,0,0,0,0,0,0,0,0,0,0,0,0,0,0,0,0,0,0,0,0,0,0,0,0,0,0,0,31,40,40,71,65476,0,300,0,0,8,21553,0.0,-107605600.0,0.0,0.0,0.0,0.0,0.0,0.0,0.0,0.0,0.0,0.0,0.0,0.0,0.0,0.0,0.0,0.0,0.0,0.0,0.0,0.0,-0.0,3.697069145587502e+19,0.0,0.0,0.0,0.0,0.0,0.0,5881.0,-0.0,6935.0,0.0,0.0,2.004,2.004,0.0,0.0,0.0,0.0,69,126840676352.0,0.0,0.0,0.0,0.0,0.0,0.0,0.0,0.0,0,0,0,0.0,0.0,0.0,0.0,0.0,0.0,0.0,0.0,0.0,0.0,0.0,0.0,0.0,0.0,0.0,0.0,0,-107875648.0,69,0.0,138,0.0,2.012,ERR,ERR,ERR,ERR,ERR,ERR,ERR,ERR,ERR,ERR,ERR,ERR,ERR,ERR,ERR,ERR,ERR,ERR,ERR,ERR,ERR,ERR,ERR,ERR,ERR,ERR,ERR,ERR,ERR,ERR,ERR,ERR,ERR,ERR,ERR,ERR,ERR,ERR,ERR,ERR,ERR,ERR,ERR,ERR,ERR,ERR,ERR,ERR,ERR,ERR,ERR,ERR,ERR,ERR,ERR,ERR,ERR,ERR,ERR,ERR,ERR,ERR,ERR,ERR,ERR,ERR,ERR,60.0,60.0,35,0.0,0.0,0.0,0.0,0.0,0.0,0.0,0.0,0.0,0.0,0.0,0.0,0.0,0.0,0.0,0.0,65.2,0,130,63,46,65476,0,300,0,0,8,20529,65476,0,0,2621,60.0,0.0,0.0,0.0,0.0,0.0
2026-07-09T15:25:30,ERR,ERR,ERR,ERR,ERR,ERR,ERR,ERR,ERR,ERR,ERR,ERR,ERR,ERR,ERR,ERR,ERR,ERR,ERR,ERR,ERR,ERR,ERR,ERR,ERR,ERR,ERR,ERR,ERR,ERR,ERR,ERR,ERR,ERR,ERR,ERR,ERR,ERR,ERR,ERR,ERR,ERR,ERR,ERR,ERR,ERR,ERR,ERR,ERR,ERR,ERR,ERR,ERR,ERR,ERR,ERR,ERR,ERR,ERR,ERR,ERR,ERR,ERR,ERR,ERR,ERR,ERR,ERR,ERR,ERR,ERR,ERR,ERR,ERR,ERR,ERR,ERR,ERR,ERR,ERR,ERR,ERR,ERR,ERR,ERR,ERR,ERR,ERR,ERR,ERR,ERR,ERR,ERR,ERR,ERR,ERR,ERR,ERR,ERR,ERR,ERR,ERR,ERR,ERR,ERR,ERR,ERR,ERR,ERR,ERR,ERR,ERR,ERR,ERR,ERR,ERR,ERR,ERR,ERR,ERR,ERR,ERR,ERR,ERR,ERR,0.0,0.0,0.0,0.0,787586.5,0.0,-0.0,-0.0,0,0,4,17326,7116,0.0,100,0.0,0.0,0.0,0.0,0.0,0,0,0,0,0.0,0,0,0,0,0,0,0,0,0,0,0,0,0,0,0,0,0,0,0,0,0,0,0,0,0,0,0,0,0,0,0,0,0,31,40,40,71,65476,0,300,0,0,8,21553,0.0,-107605600.0,0.0,0.0,0.0,0.0,0.0,0.0,0.0,0.0,0.0,0.0,0.0,0.0,0.0,0.0,0.0,0.0,0.0,0.0,0.0,0.0,-0.0,3.697069145587502e+19,0.0,0.0,0.0,0.0,0.0,0.0,5881.0,-0.0,6935.0,0.0,0.0,2.004,2.004,0.0,0.0,0.0,0.0,69,126840676352.0,0.0,0.0,0.0,0.0,0.0,0.0,0.0,0.0,0,0,0,0.0,0.0,0.0,0.0,0.0,0.0,0.0,0.0,0.0,0.0,0.0,0.0,0.0,0.0,0.0,0.0,0,-107875648.0,69,0.0,138,0.0,2.012,ERR,ERR,ERR,ERR,ERR,ERR,ERR,ERR,ERR,ERR,ERR,ERR,ERR,ERR,ERR,ERR,ERR,ERR,ERR,ERR,ERR,ERR,ERR,ERR,ERR,ERR,ERR,ERR,ERR,ERR,ERR,ERR,ERR,ERR,ERR,ERR,ERR,ERR,ERR,ERR,ERR,ERR,ERR,ERR,ERR,ERR,ERR,ERR,ERR,ERR,ERR,ERR,ERR,ERR,ERR,ERR,ERR,ERR,ERR,ERR,ERR,ERR,ERR,ERR,ERR,ERR,ERR,60.0,60.0,35,0.0,0.0,0.0,0.0,0.0,0.0,0.0,0.0,0.0,0.0,0.0,0.0,0.0,0.0,0.0,0.0,65.6,0,130,63,46,65476,0,300,0,0,8,20529,65476,0,0,2621,60.0,0.0,0.0,0.0,0.0,0.0
2026-07-09T15:25:31,ERR,ERR,ERR,ERR,ERR,ERR,ERR,ERR,ERR,ERR,ERR,ERR,ERR,ERR,ERR,ERR,ERR,ERR,ERR,ERR,ERR,ERR,ERR,ERR,ERR,ERR,ERR,ERR,ERR,ERR,ERR,ERR,ERR,ERR,ERR,ERR,ERR,ERR,ERR,ERR,ERR,ERR,ERR,ERR,ERR,ERR,ERR,ERR,ERR,ERR,ERR,ERR,ERR,ERR,ERR,ERR,ERR,ERR,ERR,ERR,ERR,ERR,ERR,ERR,ERR,ERR,ERR,ERR,ERR,ERR,ERR,ERR,ERR,ERR,ERR,ERR,ERR,ERR,ERR,ERR,ERR,ERR,ERR,ERR,ERR,ERR,ERR,ERR,ERR,ERR,ERR,ERR,ERR,ERR,ERR,ERR,ERR,ERR,ERR,ERR,ERR,ERR,ERR,ERR,ERR,ERR,ERR,ERR,ERR,ERR,ERR,ERR,ERR,ERR,ERR,ERR,ERR,ERR,ERR,ERR,ERR,ERR,ERR,ERR,ERR,0.0,0.0,0.0,0.0,787586.5,0.0,-0.0,-0.0,0,0,4,17326,7116,0.0,100,0.0,0.0,0.0,0.0,0.0,0,0,0,0,0.0,0,0,0,0,0,0,0,0,0,0,0,0,0,0,0,0,0,0,0,0,0,0,0,0,0,0,0,0,0,0,0,0,0,31,40,40,71,65476,0,300,0,0,8,21553,0.0,-107605600.0,0.0,0.0,0.0,0.0,0.0,0.0,0.0,0.0,0.0,0.0,0.0,0.0,0.0,0.0,0.0,0.0,0.0,0.0,0.0,0.0,-0.0,3.697069145587502e+19,0.0,0.0,0.0,0.0,0.0,0.0,5881.0,-0.0,6935.0,0.0,0.0,2.004,2.004,0.0,0.0,0.0,0.0,69,126840676352.0,0.0,0.0,0.0,0.0,0.0,0.0,0.0,0.0,0,0,0,0.0,0.0,0.0,0.0,0.0,0.0,0.0,0.0,0.0,0.0,0.0,0.0,0.0,0.0,0.0,0.0,0,-107875648.0,69,0.0,138,0.0,2.012,ERR,ERR,ERR,ERR,ERR,ERR,ERR,ERR,ERR,ERR,ERR,ERR,ERR,ERR,ERR,ERR,ERR,ERR,ERR,ERR,ERR,ERR,ERR,ERR,ERR,ERR,ERR,ERR,ERR,ERR,ERR,ERR,ERR,ERR,ERR,ERR,ERR,ERR,ERR,ERR,ERR,ERR,ERR,ERR,ERR,ERR,ERR,ERR,ERR,ERR,ERR,ERR,ERR,ERR,ERR,ERR,ERR,ERR,ERR,ERR,ERR,ERR,ERR,ERR,ERR,ERR,ERR,60.0,60.0,35,0.0,0.0,0.0,0.0,0.0,0.0,0.0,0.0,0.0,0.0,0.0,0.0,0.0,0.0,0.0,0.0,65.6,0,130,63,46,65476,0,300,0,0,8,20529,65476,0,0,2621,60.0,0.0,0.0,0.0,0.0,0.0
2026-07-09T15:25:32,ERR,ERR,ERR,ERR,ERR,ERR,ERR,ERR,ERR,ERR,ERR,ERR,ERR,ERR,ERR,ERR,ERR,ERR,ERR,ERR,ERR,ERR,ERR,ERR,ERR,ERR,ERR,ERR,ERR,ERR,ERR,ERR,ERR,ERR,ERR,ERR,ERR,ERR,ERR,ERR,ERR,ERR,ERR,ERR,ERR,ERR,ERR,ERR,ERR,ERR,ERR,ERR,ERR,ERR,ERR,ERR,ERR,ERR,ERR,ERR,ERR,ERR,ERR,ERR,ERR,ERR,ERR,ERR,ERR,ERR,ERR,ERR,ERR,ERR,ERR,ERR,ERR,ERR,ERR,ERR,ERR,ERR,ERR,ERR,ERR,ERR,ERR,ERR,ERR,ERR,ERR,ERR,ERR,ERR,ERR,ERR,ERR,ERR,ERR,ERR,ERR,ERR,ERR,ERR,ERR,ERR,ERR,ERR,ERR,ERR,ERR,ERR,ERR,ERR,ERR,ERR,ERR,ERR,ERR,ERR,ERR,ERR,ERR,ERR,ERR,0.0,0.0,0.0,0.0,787586.5,0.0,-0.0,-0.0,0,0,4,17326,7116,0.0,100,0.0,0.0,0.0,0.0,0.0,0,0,0,0,0.0,0,0,0,0,0,0,0,0,0,0,0,0,0,0,0,0,0,0,0,0,0,0,0,0,0,0,0,0,0,0,0,0,0,31,40,40,71,65476,0,300,0,0,8,21553,0.0,-107605600.0,0.0,0.0,0.0,0.0,0.0,0.0,0.0,0.0,0.0,0.0,0.0,0.0,0.0,0.0,0.0,0.0,0.0,0.0,0.0,0.0,-0.0,3.697069145587502e+19,0.0,0.0,0.0,0.0,0.0,0.0,5881.0,-0.0,6935.0,0.0,0.0,2.004,2.004,0.0,0.0,0.0,0.0,69,126840676352.0,0.0,0.0,0.0,0.0,0.0,0.0,0.0,0.0,0,0,0,0.0,0.0,0.0,0.0,0.0,0.0,0.0,0.0,0.0,0.0,0.0,0.0,0.0,0.0,0.0,0.0,0,-107875648.0,69,0.0,138,0.0,2.012,ERR,ERR,ERR,ERR,ERR,ERR,ERR,ERR,ERR,ERR,ERR,ERR,ERR,ERR,ERR,ERR,ERR,ERR,ERR,ERR,ERR,ERR,ERR,ERR,ERR,ERR,ERR,ERR,ERR,ERR,ERR,ERR,ERR,ERR,ERR,ERR,ERR,ERR,ERR,ERR,ERR,ERR,ERR,ERR,ERR,ERR,ERR,ERR,ERR,ERR,ERR,ERR,ERR,ERR,ERR,ERR,ERR,ERR,ERR,ERR,ERR,ERR,ERR,ERR,ERR,ERR,ERR,60.0,60.0,35,0.0,0.0,0.0,0.0,0.0,0.0,0.0,0.0,0.0,0.0,0.0,0.0,0.0,0.0,0.0,0.0,65.2,0,131,63,46,65476,0,300,0,0,8,20529,65476,0,0,2621,60.0,0.0,0.0,0.0,0.0,0.0
2026-07-09T15:25:33,ERR,ERR,ERR,ERR,ERR,ERR,ERR,ERR,ERR,ERR,ERR,ERR,ERR,ERR,ERR,ERR,ERR,ERR,ERR,ERR,ERR,ERR,ERR,ERR,ERR,ERR,ERR,ERR,ERR,ERR,ERR,ERR,ERR,ERR,ERR,ERR,ERR,ERR,ERR,ERR,ERR,ERR,ERR,ERR,ERR,ERR,ERR,ERR,ERR,ERR,ERR,ERR,ERR,ERR,ERR,ERR,ERR,ERR,ERR,ERR,ERR,ERR,ERR,ERR,ERR,ERR,ERR,ERR,ERR,ERR,ERR,ERR,ERR,ERR,ERR,ERR,ERR,ERR,ERR,ERR,ERR,ERR,ERR,ERR,ERR,ERR,ERR,ERR,ERR,ERR,ERR,ERR,ERR,ERR,ERR,ERR,ERR,ERR,ERR,ERR,ERR,ERR,ERR,ERR,ERR,ERR,ERR,ERR,ERR,ERR,ERR,ERR,ERR,ERR,ERR,ERR,ERR,ERR,ERR,ERR,ERR,ERR,ERR,ERR,ERR,0.0,-0.0,0.0,2.7183478752108883e+23,-1.5144843537790027e+23,-10687469568.0,-0.0,-0.0,0,0,4,17314,7116,0.0,100,0.0,0.0,2.7183478752108883e+23,0.0,0.0,0,0,0,0,0.0,0,0,0,0,0,0,0,0,0,0,0,0,0,0,0,0,0,0,0,0,0,0,0,0,0,0,0,0,0,0,0,0,0,31,40,40,71,65476,0,300,0,0,8,21553,0.0,-107605600.0,0.0,0.0,0.0,0.0,0.0,0.0,0.0,0.0,0.0,0.0,0.0,0.0,0.0,0.0,0.0,0.0,0.0,0.0,0.0,0.0,-0.0,2.004,0.0,0.0,0.0,0.0,0.0,0.0,5907.0,-0.0,6930.0,2.718425337124479e+23,-107616048.0,2.004,2.004,0.0,0.0,0.0,0.0,69,-0.0,126840832000.0,0.0,0.0,0.0,0.0,0.0,0.0,0.0,0,0,0,0.0,0.0,0.0,0.0,0.0,0.0,0.0,0.0,0.0,0.0,0.0,0.0,0.0,0.0,0.0,0.0,0,-107875648.0,69,0.0,138,0.0,2.012,ERR,ERR,ERR,ERR,ERR,ERR,ERR,ERR,ERR,ERR,ERR,ERR,ERR,ERR,ERR,ERR,ERR,ERR,ERR,ERR,ERR,ERR,ERR,ERR,ERR,ERR,ERR,ERR,ERR,ERR,ERR,ERR,ERR,ERR,ERR,ERR,ERR,ERR,ERR,ERR,ERR,ERR,ERR,ERR,ERR,ERR,ERR,ERR,ERR,ERR,ERR,ERR,ERR,ERR,ERR,ERR,ERR,ERR,ERR,ERR,ERR,ERR,ERR,ERR,ERR,ERR,ERR,60.0,60.0,35,0.0,0.0,0.0,0.0,0.0,0.0,0.0,0.0,0.0,0.0,0.0,0.0,0.0,0.0,0.0,0.0,65.2,0,131,63,46,65476,0,300,0,0,8,20529,65476,0,0,2621,60.0,0.0,0.0,0.0,0.0,0.0
2026-07-09T15:25:34,ERR,ERR,ERR,ERR,ERR,ERR,ERR,ERR,ERR,ERR,ERR,ERR,ERR,ERR,ERR,ERR,ERR,ERR,ERR,ERR,ERR,ERR,ERR,ERR,ERR,ERR,ERR,ERR,ERR,ERR,ERR,ERR,ERR,ERR,ERR,ERR,ERR,ERR,ERR,ERR,ERR,ERR,ERR,ERR,ERR,ERR,ERR,ERR,ERR,ERR,ERR,ERR,ERR,ERR,ERR,ERR,ERR,ERR,ERR,ERR,ERR,ERR,ERR,ERR,ERR,ERR,ERR,ERR,ERR,ERR,ERR,ERR,ERR,ERR,ERR,ERR,ERR,ERR,ERR,ERR,ERR,ERR,ERR,ERR,ERR,ERR,ERR,ERR,ERR,ERR,ERR,ERR,ERR,ERR,ERR,ERR,ERR,ERR,ERR,ERR,ERR,ERR,ERR,ERR,ERR,ERR,ERR,ERR,ERR,ERR,ERR,ERR,ERR,ERR,ERR,ERR,ERR,ERR,ERR,ERR,ERR,ERR,ERR,ERR,ERR,0.0,-0.0,0.0,2.7183478752108883e+23,-1.5144843537790027e+23,-10687469568.0,-0.0,-0.0,0,0,4,17314,7116,0.0,100,0.0,0.0,2.7183478752108883e+23,0.0,0.0,0,0,0,0,0.0,0,0,0,0,0,0,0,0,0,0,0,0,0,0,0,0,0,0,0,0,0,0,0,0,0,0,0,0,0,0,0,0,0,31,40,40,71,65476,0,300,0,0,8,21553,0.0,-107605600.0,0.0,0.0,0.0,0.0,0.0,0.0,0.0,0.0,0.0,0.0,0.0,0.0,0.0,0.0,0.0,0.0,0.0,0.0,0.0,0.0,-0.0,2.004,0.0,0.0,0.0,0.0,0.0,0.0,5907.0,-0.0,6930.0,2.718425337124479e+23,-107616048.0,2.004,2.004,0.0,0.0,0.0,0.0,69,-0.0,126840832000.0,0.0,0.0,0.0,0.0,0.0,0.0,0.0,0,0,0,0.0,0.0,0.0,0.0,0.0,0.0,0.0,0.0,0.0,0.0,0.0,0.0,0.0,0.0,0.0,0.0,0,-107875648.0,69,0.0,138,0.0,2.012,ERR,ERR,ERR,ERR,ERR,ERR,ERR,ERR,ERR,ERR,ERR,ERR,ERR,ERR,ERR,ERR,ERR,ERR,ERR,ERR,ERR,ERR,ERR,ERR,ERR,ERR,ERR,ERR,ERR,ERR,ERR,ERR,ERR,ERR,ERR,ERR,ERR,ERR,ERR,ERR,ERR,ERR,ERR,ERR,ERR,ERR,ERR,ERR,ERR,ERR,ERR,ERR,ERR,ERR,ERR,ERR,ERR,ERR,ERR,ERR,ERR,ERR,ERR,ERR,ERR,ERR,ERR,60.0,60.0,35,0.0,0.0,0.0,0.0,0.0,0.0,0.0,0.0,0.0,0.0,0.0,0.0,0.0,0.0,0.0,0.0,65.2,0,131,63,46,65476,0,300,0,0,8,20529,65476,0,0,2621,60.0,0.0,0.0,0.0,0.0,0.0
2026-07-09T15:25:35,ERR,ERR,ERR,ERR,ERR,ERR,ERR,ERR,ERR,ERR,ERR,ERR,ERR,ERR,ERR,ERR,ERR,ERR,ERR,ERR,ERR,ERR,ERR,ERR,ERR,ERR,ERR,ERR,ERR,ERR,ERR,ERR,ERR,ERR,ERR,ERR,ERR,ERR,ERR,ERR,ERR,ERR,ERR,ERR,ERR,ERR,ERR,ERR,ERR,ERR,ERR,ERR,ERR,ERR,ERR,ERR,ERR,ERR,ERR,ERR,ERR,ERR,ERR,ERR,ERR,ERR,ERR,ERR,ERR,ERR,ERR,ERR,ERR,ERR,ERR,ERR,ERR,ERR,ERR,ERR,ERR,ERR,ERR,ERR,ERR,ERR,ERR,ERR,ERR,ERR,ERR,ERR,ERR,ERR,ERR,ERR,ERR,ERR,ERR,ERR,ERR,ERR,ERR,ERR,ERR,ERR,ERR,ERR,ERR,ERR,ERR,ERR,ERR,ERR,ERR,ERR,ERR,ERR,ERR,ERR,ERR,ERR,ERR,ERR,ERR,0.0,-0.0,0.0,2.7183478752108883e+23,-1.5144843537790027e+23,-10687469568.0,-0.0,-0.0,0,0,4,17314,7116,0.0,100,0.0,0.0,2.7183478752108883e+23,0.0,0.0,0,0,0,0,0.0,0,0,0,0,0,0,0,0,0,0,0,0,0,0,0,0,0,0,0,0,0,0,0,0,0,0,0,0,0,0,0,0,0,31,40,40,71,65476,0,300,0,0,8,21553,0.0,-107605600.0,0.0,0.0,0.0,0.0,0.0,0.0,0.0,0.0,0.0,0.0,0.0,0.0,0.0,0.0,0.0,0.0,0.0,0.0,0.0,0.0,-0.0,2.004,0.0,0.0,0.0,0.0,0.0,0.0,5907.0,-0.0,6930.0,2.718425337124479e+23,-107616048.0,2.004,2.004,0.0,0.0,0.0,0.0,69,-0.0,126840832000.0,0.0,0.0,0.0,0.0,0.0,0.0,0.0,0,0,0,0.0,0.0,0.0,0.0,0.0,0.0,0.0,0.0,0.0,0.0,0.0,0.0,0.0,0.0,0.0,0.0,0,-107875648.0,69,0.0,138,0.0,2.012,ERR,ERR,ERR,ERR,ERR,ERR,ERR,ERR,ERR,ERR,ERR,ERR,ERR,ERR,ERR,ERR,ERR,ERR,ERR,ERR,ERR,ERR,ERR,ERR,ERR,ERR,ERR,ERR,ERR,ERR,ERR,ERR,ERR,ERR,ERR,ERR,ERR,ERR,ERR,ERR,ERR,ERR,ERR,ERR,ERR,ERR,ERR,ERR,ERR,ERR,ERR,ERR,ERR,ERR,ERR,ERR,ERR,ERR,ERR,ERR,ERR,ERR,ERR,ERR,ERR,ERR,ERR,60.0,60.0,35,0.0,0.0,0.0,0.0,0.0,0.0,0.0,0.0,0.0,0.0,0.0,0.0,0.0,0.0,0.0,0.0,65.2,0,131,63,46,65476,0,300,0,0,8,20529,65476,0,0,2621,60.0,0.0,0.0,0.0,0.0,0.0
2026-07-09T15:25:36,ERR,ERR,ERR,ERR,ERR,ERR,ERR,ERR,ERR,ERR,ERR,ERR,ERR,ERR,ERR,ERR,ERR,ERR,ERR,ERR,ERR,ERR,ERR,ERR,ERR,ERR,ERR,ERR,ERR,ERR,ERR,ERR,ERR,ERR,ERR,ERR,ERR,ERR,ERR,ERR,ERR,ERR,ERR,ERR,ERR,ERR,ERR,ERR,ERR,ERR,ERR,ERR,ERR,ERR,ERR,ERR,ERR,ERR,ERR,ERR,ERR,ERR,ERR,ERR,ERR,ERR,ERR,ERR,ERR,ERR,ERR,ERR,ERR,ERR,ERR,ERR,ERR,ERR,ERR,ERR,ERR,ERR,ERR,ERR,ERR,ERR,ERR,ERR,ERR,ERR,ERR,ERR,ERR,ERR,ERR,ERR,ERR,ERR,ERR,ERR,ERR,ERR,ERR,ERR,ERR,ERR,ERR,ERR,ERR,ERR,ERR,ERR,ERR,ERR,ERR,ERR,ERR,ERR,ERR,ERR,ERR,ERR,ERR,ERR,ERR,0.0,-0.0,0.0,2.7183478752108883e+23,-1.5144843537790027e+23,-10687469568.0,-0.0,-0.0,0,0,4,17314,7116,0.0,100,0.0,0.0,2.7183478752108883e+23,0.0,0.0,0,0,0,0,0.0,0,0,0,0,0,0,0,0,0,0,0,0,0,0,0,0,0,0,0,0,0,0,0,0,0,0,0,0,0,0,0,0,0,31,40,40,71,65476,0,300,0,0,8,21553,0.0,-107605600.0,0.0,0.0,0.0,0.0,0.0,0.0,0.0,0.0,0.0,0.0,0.0,0.0,0.0,0.0,0.0,0.0,0.0,0.0,0.0,0.0,-0.0,2.004,0.0,0.0,0.0,0.0,0.0,0.0,5907.0,-0.0,6930.0,2.718425337124479e+23,-107616048.0,2.004,2.004,0.0,0.0,0.0,0.0,69,-0.0,126840832000.0,0.0,0.0,0.0,0.0,0.0,0.0,0.0,0,0,0,0.0,0.0,0.0,0.0,0.0,0.0,0.0,0.0,0.0,0.0,0.0,0.0,0.0,0.0,0.0,0.0,0,-107875648.0,69,0.0,138,0.0,2.012,ERR,ERR,ERR,ERR,ERR,ERR,ERR,ERR,ERR,ERR,ERR,ERR,ERR,ERR,ERR,ERR,ERR,ERR,ERR,ERR,ERR,ERR,ERR,ERR,ERR,ERR,ERR,ERR,ERR,ERR,ERR,ERR,ERR,ERR,ERR,ERR,ERR,ERR,ERR,ERR,ERR,ERR,ERR,ERR,ERR,ERR,ERR,ERR,ERR,ERR,ERR,ERR,ERR,ERR,ERR,ERR,ERR,ERR,ERR,ERR,ERR,ERR,ERR,ERR,ERR,ERR,ERR,60.0,60.0,35,0.0,0.0,0.0,0.0,0.0,0.0,0.0,0.0,0.0,0.0,0.0,0.0,0.0,0.0,0.0,0.0,65.2,0,132,63,46,65476,0,300,0,0,8,20529,65476,0,0,2621,60.0,0.0,0.0,0.0,0.0,0.0
2026-07-09T15:25:37,ERR,ERR,ERR,ERR,ERR,ERR,ERR,ERR,ERR,ERR,ERR,ERR,ERR,ERR,ERR,ERR,ERR,ERR,ERR,ERR,ERR,ERR,ERR,ERR,ERR,ERR,ERR,ERR,ERR,ERR,ERR,ERR,ERR,ERR,ERR,ERR,ERR,ERR,ERR,ERR,ERR,ERR,ERR,ERR,ERR,ERR,ERR,ERR,ERR,ERR,ERR,ERR,ERR,ERR,ERR,ERR,ERR,ERR,ERR,ERR,ERR,ERR,ERR,ERR,ERR,ERR,ERR,ERR,ERR,ERR,ERR,ERR,ERR,ERR,ERR,ERR,ERR,ERR,ERR,ERR,ERR,ERR,ERR,ERR,ERR,ERR,ERR,ERR,ERR,ERR,ERR,ERR,ERR,ERR,ERR,ERR,ERR,ERR,ERR,ERR,ERR,ERR,ERR,ERR,ERR,ERR,ERR,ERR,ERR,ERR,ERR,ERR,ERR,ERR,ERR,ERR,ERR,ERR,ERR,ERR,ERR,ERR,ERR,ERR,ERR,0.0,-0.0,0.0,2.7183478752108883e+23,-1.5144843537790027e+23,-10687469568.0,-0.0,-0.0,0,0,4,17314,7116,0.0,100,0.0,0.0,2.7183478752108883e+23,0.0,0.0,0,0,0,0,0.0,0,0,0,0,0,0,0,0,0,0,0,0,0,0,0,0,0,0,0,0,0,0,0,0,0,0,0,0,0,0,0,0,0,31,40,40,71,65476,0,300,0,0,8,21553,0.0,-107605600.0,0.0,0.0,0.0,0.0,0.0,0.0,0.0,0.0,0.0,0.0,0.0,0.0,0.0,0.0,0.0,0.0,0.0,0.0,0.0,0.0,-0.0,2.004,0.0,0.0,0.0,0.0,0.0,0.0,5907.0,-0.0,6930.0,2.718425337124479e+23,-107616048.0,2.004,2.004,0.0,0.0,0.0,0.0,69,-0.0,126840832000.0,0.0,0.0,0.0,0.0,0.0,0.0,0.0,0,0,0,0.0,0.0,0.0,0.0,0.0,0.0,0.0,0.0,0.0,0.0,0.0,0.0,0.0,0.0,0.0,0.0,0,-107875648.0,69,0.0,138,0.0,2.012,ERR,ERR,ERR,ERR,ERR,ERR,ERR,ERR,ERR,ERR,ERR,ERR,ERR,ERR,ERR,ERR,ERR,ERR,ERR,ERR,ERR,ERR,ERR,ERR,ERR,ERR,ERR,ERR,ERR,ERR,ERR,ERR,ERR,ERR,ERR,ERR,ERR,ERR,ERR,ERR,ERR,ERR,ERR,ERR,ERR,ERR,ERR,ERR,ERR,ERR,ERR,ERR,ERR,ERR,ERR,ERR,ERR,ERR,ERR,ERR,ERR,ERR,ERR,ERR,ERR,ERR,ERR,60.0,60.0,35,0.0,0.0,0.0,0.0,0.0,0.0,0.0,0.0,0.0,0.0,0.0,0.0,0.0,0.0,0.0,0.0,65.2,0,132,63,46,65476,0,300,0,0,8,20529,65476,0,0,2621,60.0,0.0,0.0,0.0,0.0,0.0
2026-07-09T15:25:38,ERR,ERR,ERR,ERR,ERR,ERR,ERR,ERR,ERR,ERR,ERR,ERR,ERR,ERR,ERR,ERR,ERR,ERR,ERR,ERR,ERR,ERR,ERR,ERR,ERR,ERR,ERR,ERR,ERR,ERR,ERR,ERR,ERR,ERR,ERR,ERR,ERR,ERR,ERR,ERR,ERR,ERR,ERR,ERR,ERR,ERR,ERR,ERR,ERR,ERR,ERR,ERR,ERR,ERR,ERR,ERR,ERR,ERR,ERR,ERR,ERR,ERR,ERR,ERR,ERR,ERR,ERR,ERR,ERR,ERR,ERR,ERR,ERR,ERR,ERR,ERR,ERR,ERR,ERR,ERR,ERR,ERR,ERR,ERR,ERR,ERR,ERR,ERR,ERR,ERR,ERR,ERR,ERR,ERR,ERR,ERR,ERR,ERR,ERR,ERR,ERR,ERR,ERR,ERR,ERR,ERR,ERR,ERR,ERR,ERR,ERR,ERR,ERR,ERR,ERR,ERR,ERR,ERR,ERR,ERR,ERR,ERR,ERR,ERR,ERR,0.0,2.7184456933947948e+23,-107090608.0,-0.0,0.0,3.4082924511474405e+28,-4.3036447493766517e+30,0.0,0,0,4,17313,7116,0.0,100,0.0,0.0,-107611616.0,0.0,0.0,0,0,0,0,0.0,0,0,0,0,0,0,0,0,0,0,0,0,0,0,0,0,0,0,0,0,0,0,0,0,0,0,0,0,0,0,0,0,0,31,40,40,71,65476,0,300,0,0,8,21553,0.0,-107605600.0,0.0,0.0,0.0,0.0,0.0,0.0,0.0,0.0,0.0,0.0,0.0,0.0,0.0,0.0,0.0,0.0,0.0,0.0,0.0,0.0,-0.0,0.0,0.0,0.0,0.0,0.0,0.0,0.0,5910.0,-0.0,6935.0,0.0,-0.0,2.004,2.004,0.0,0.0,0.0,0.0,69,-4.950408868217389e+32,4.0668672584300245e+29,0.0,0.0,0.0,0.0,0.0,0.0,0.0,0,0,0,0.0,0.0,0.0,0.0,0.0,0.0,0.0,0.0,0.0,0.0,0.0,0.0,0.0,0.0,0.0,0.0,0,-107875648.0,69,0.0,138,0.0,2.012,ERR,ERR,ERR,ERR,ERR,ERR,ERR,ERR,ERR,ERR,ERR,ERR,ERR,ERR,ERR,ERR,ERR,ERR,ERR,ERR,ERR,ERR,ERR,ERR,ERR,ERR,ERR,ERR,ERR,ERR,ERR,ERR,ERR,ERR,ERR,ERR,ERR,ERR,ERR,ERR,ERR,ERR,ERR,ERR,ERR,ERR,ERR,ERR,ERR,ERR,ERR,ERR,ERR,ERR,ERR,ERR,ERR,ERR,ERR,ERR,ERR,ERR,ERR,ERR,ERR,ERR,ERR,60.0,60.0,35,0.0,0.0,0.0,0.0,0.0,0.0,0.0,0.0,0.0,0.0,0.0,0.0,0.0,0.0,0.0,0.0,65.2,0,132,63,46,65476,0,300,0,0,8,20529,65476,0,0,2621,60.0,0.0,0.0,0.0,0.0,0.0
2026-07-09T15:25:39,ERR,ERR,ERR,ERR,ERR,ERR,ERR,ERR,ERR,ERR,ERR,ERR,ERR,ERR,ERR,ERR,ERR,ERR,ERR,ERR,ERR,ERR,ERR,ERR,ERR,ERR,ERR,ERR,ERR,ERR,ERR,ERR,ERR,ERR,ERR,ERR,ERR,ERR,ERR,ERR,ERR,ERR,ERR,ERR,ERR,ERR,ERR,ERR,ERR,ERR,ERR,ERR,ERR,ERR,ERR,ERR,ERR,ERR,ERR,ERR,ERR,ERR,ERR,ERR,ERR,ERR,ERR,ERR,ERR,ERR,ERR,ERR,ERR,ERR,ERR,ERR,ERR,ERR,ERR,ERR,ERR,ERR,ERR,ERR,ERR,ERR,ERR,ERR,ERR,ERR,ERR,ERR,ERR,ERR,ERR,ERR,ERR,ERR,ERR,ERR,ERR,ERR,ERR,ERR,ERR,ERR,ERR,ERR,ERR,ERR,ERR,ERR,ERR,ERR,ERR,ERR,ERR,ERR,ERR,ERR,ERR,ERR,ERR,ERR,ERR,0.0,2.7184456933947948e+23,-107090608.0,-0.0,0.0,3.4082924511474405e+28,-4.3036447493766517e+30,0.0,0,0,4,17313,7116,0.0,100,0.0,0.0,-107611616.0,0.0,0.0,0,0,0,0,0.0,0,0,0,0,0,0,0,0,0,0,0,0,0,0,0,0,0,0,0,0,0,0,0,0,0,0,0,0,0,0,0,0,0,31,40,40,71,65476,0,300,0,0,8,21553,0.0,-107605600.0,0.0,0.0,0.0,0.0,0.0,0.0,0.0,0.0,0.0,0.0,0.0,0.0,0.0,0.0,0.0,0.0,0.0,0.0,0.0,0.0,-0.0,0.0,0.0,0.0,0.0,0.0,0.0,0.0,5910.0,-0.0,6935.0,0.0,-0.0,2.004,2.004,0.0,0.0,0.0,0.0,69,-4.950408868217389e+32,4.0668672584300245e+29,0.0,0.0,0.0,0.0,0.0,0.0,0.0,0,0,0,0.0,0.0,0.0,0.0,0.0,0.0,0.0,0.0,0.0,0.0,0.0,0.0,0.0,0.0,0.0,0.0,0,-107875648.0,69,0.0,138,0.0,2.012,ERR,ERR,ERR,ERR,ERR,ERR,ERR,ERR,ERR,ERR,ERR,ERR,ERR,ERR,ERR,ERR,ERR,ERR,ERR,ERR,ERR,ERR,ERR,ERR,ERR,ERR,ERR,ERR,ERR,ERR,ERR,ERR,ERR,ERR,ERR,ERR,ERR,ERR,ERR,ERR,ERR,ERR,ERR,ERR,ERR,ERR,ERR,ERR,ERR,ERR,ERR,ERR,ERR,ERR,ERR,ERR,ERR,ERR,ERR,ERR,ERR,ERR,ERR,ERR,ERR,ERR,ERR,60.0,60.0,35,0.0,0.0,0.0,0.0,0.0,0.0,0.0,0.0,0.0,0.0,0.0,0.0,0.0,0.0,0.0,0.0,65.2,0,132,64,46,65476,0,300,0,0,8,20529,65476,0,0,2621,60.0,0.0,0.0,0.0,0.0,0.0
2026-07-09T15:25:40,ERR,ERR,ERR,ERR,ERR,ERR,ERR,ERR,ERR,ERR,ERR,ERR,ERR,ERR,ERR,ERR,ERR,ERR,ERR,ERR,ERR,ERR,ERR,ERR,ERR,ERR,ERR,ERR,ERR,ERR,ERR,ERR,ERR,ERR,ERR,ERR,ERR,ERR,ERR,ERR,ERR,ERR,ERR,ERR,ERR,ERR,ERR,ERR,ERR,ERR,ERR,ERR,ERR,ERR,ERR,ERR,ERR,ERR,ERR,ERR,ERR,ERR,ERR,ERR,ERR,ERR,ERR,ERR,ERR,ERR,ERR,ERR,ERR,ERR,ERR,ERR,ERR,ERR,ERR,ERR,ERR,ERR,ERR,ERR,ERR,ERR,ERR,ERR,ERR,ERR,ERR,ERR,ERR,ERR,ERR,ERR,ERR,ERR,ERR,ERR,ERR,ERR,ERR,ERR,ERR,ERR,ERR,ERR,ERR,ERR,ERR,ERR,ERR,ERR,ERR,ERR,ERR,ERR,ERR,ERR,ERR,ERR,ERR,ERR,ERR,0.0,2.7184456933947948e+23,-107090608.0,-0.0,0.0,3.4082924511474405e+28,-4.3036447493766517e+30,0.0,0,0,4,17313,7116,0.0,100,0.0,0.0,-107611616.0,0.0,0.0,0,0,0,0,0.0,0,0,0,0,0,0,0,0,0,0,0,0,0,0,0,0,0,0,0,0,0,0,0,0,0,0,0,0,0,0,0,0,0,31,40,40,71,65476,0,300,0,0,8,21553,0.0,-107605600.0,0.0,0.0,0.0,0.0,0.0,0.0,0.0,0.0,0.0,0.0,0.0,0.0,0.0,0.0,0.0,0.0,0.0,0.0,0.0,0.0,-0.0,0.0,0.0,0.0,0.0,0.0,0.0,0.0,5910.0,-0.0,6935.0,0.0,-0.0,2.004,2.004,0.0,0.0,0.0,0.0,69,-4.950408868217389e+32,4.0668672584300245e+29,0.0,0.0,0.0,0.0,0.0,0.0,0.0,0,0,0,0.0,0.0,0.0,0.0,0.0,0.0,0.0,0.0,0.0,0.0,0.0,0.0,0.0,0.0,0.0,0.0,0,-107875648.0,69,0.0,138,0.0,2.012,ERR,ERR,ERR,ERR,ERR,ERR,ERR,ERR,ERR,ERR,ERR,ERR,ERR,ERR,ERR,ERR,ERR,ERR,ERR,ERR,ERR,ERR,ERR,ERR,ERR,ERR,ERR,ERR,ERR,ERR,ERR,ERR,ERR,ERR,ERR,ERR,ERR,ERR,ERR,ERR,ERR,ERR,ERR,ERR,ERR,ERR,ERR,ERR,ERR,ERR,ERR,ERR,ERR,ERR,ERR,ERR,ERR,ERR,ERR,ERR,ERR,ERR,ERR,ERR,ERR,ERR,ERR,60.0,60.0,35,0.0,0.0,0.0,0.0,0.0,0.0,0.0,0.0,0.0,0.0,0.0,0.0,0.0,0.0,0.0,0.0,65.2,0,132,64,46,65476,0,300,0,0,8,20529,65476,0,0,2621,60.0,0.0,0.0,0.0,0.0,0.0
2026-07-09T15:25:41,ERR,ERR,ERR,ERR,ERR,ERR,ERR,ERR,ERR,ERR,ERR,ERR,ERR,ERR,ERR,ERR,ERR,ERR,ERR,ERR,ERR,ERR,ERR,ERR,ERR,ERR,ERR,ERR,ERR,ERR,ERR,ERR,ERR,ERR,ERR,ERR,ERR,ERR,ERR,ERR,ERR,ERR,ERR,ERR,ERR,ERR,ERR,ERR,ERR,ERR,ERR,ERR,ERR,ERR,ERR,ERR,ERR,ERR,ERR,ERR,ERR,ERR,ERR,ERR,ERR,ERR,ERR,ERR,ERR,ERR,ERR,ERR,ERR,ERR,ERR,ERR,ERR,ERR,ERR,ERR,ERR,ERR,ERR,ERR,ERR,ERR,ERR,ERR,ERR,ERR,ERR,ERR,ERR,ERR,ERR,ERR,ERR,ERR,ERR,ERR,ERR,ERR,ERR,ERR,ERR,ERR,ERR,ERR,ERR,ERR,ERR,ERR,ERR,ERR,ERR,ERR,ERR,ERR,ERR,ERR,ERR,ERR,ERR,ERR,ERR,0.0,2.7184456933947948e+23,-107090608.0,-0.0,0.0,3.4082924511474405e+28,-4.3036447493766517e+30,0.0,0,0,4,17313,7116,0.0,100,0.0,0.0,-107611616.0,0.0,0.0,0,0,0,0,0.0,0,0,0,0,0,0,0,0,0,0,0,0,0,0,0,0,0,0,0,0,0,0,0,0,0,0,0,0,0,0,0,0,0,31,40,40,71,65476,0,300,0,0,8,21553,0.0,-107605600.0,0.0,0.0,0.0,0.0,0.0,0.0,0.0,0.0,0.0,0.0,0.0,0.0,0.0,0.0,0.0,0.0,0.0,0.0,0.0,0.0,-0.0,0.0,0.0,0.0,0.0,0.0,0.0,0.0,5910.0,-0.0,6935.0,0.0,-0.0,2.004,2.004,0.0,0.0,0.0,0.0,69,-4.950408868217389e+32,4.0668672584300245e+29,0.0,0.0,0.0,0.0,0.0,0.0,0.0,0,0,0,0.0,0.0,0.0,0.0,0.0,0.0,0.0,0.0,0.0,0.0,0.0,0.0,0.0,0.0,0.0,0.0,0,-107875648.0,69,0.0,138,0.0,2.012,ERR,ERR,ERR,ERR,ERR,ERR,ERR,ERR,ERR,ERR,ERR,ERR,ERR,ERR,ERR,ERR,ERR,ERR,ERR,ERR,ERR,ERR,ERR,ERR,ERR,ERR,ERR,ERR,ERR,ERR,ERR,ERR,ERR,ERR,ERR,ERR,ERR,ERR,ERR,ERR,ERR,ERR,ERR,ERR,ERR,ERR,ERR,ERR,ERR,ERR,ERR,ERR,ERR,ERR,ERR,ERR,ERR,ERR,ERR,ERR,ERR,ERR,ERR,ERR,ERR,ERR,ERR,60.0,60.0,35,0.0,0.0,0.0,0.0,0.0,0.0,0.0,0.0,0.0,0.0,0.0,0.0,0.0,0.0,0.0,0.0,65.2,0,133,64,46,65476,0,300,0,0,8,20529,65476,0,0,2621,60.0,0.0,0.0,0.0,0.0,0.0
2026-07-09T15:25:42,ERR,ERR,ERR,ERR,ERR,ERR,ERR,ERR,ERR,ERR,ERR,ERR,ERR,ERR,ERR,ERR,ERR,ERR,ERR,ERR,ERR,ERR,ERR,ERR,ERR,ERR,ERR,ERR,ERR,ERR,ERR,ERR,ERR,ERR,ERR,ERR,ERR,ERR,ERR,ERR,ERR,ERR,ERR,ERR,ERR,ERR,ERR,ERR,ERR,ERR,ERR,ERR,ERR,ERR,ERR,ERR,ERR,ERR,ERR,ERR,ERR,ERR,ERR,ERR,ERR,ERR,ERR,ERR,ERR,ERR,ERR,ERR,ERR,ERR,ERR,ERR,ERR,ERR,ERR,ERR,ERR,ERR,ERR,ERR,ERR,ERR,ERR,ERR,ERR,ERR,ERR,ERR,ERR,ERR,ERR,ERR,ERR,ERR,ERR,ERR,ERR,ERR,ERR,ERR,ERR,ERR,ERR,ERR,ERR,ERR,ERR,ERR,ERR,ERR,ERR,ERR,ERR,ERR,ERR,ERR,ERR,ERR,ERR,ERR,ERR,0.0,2.7184456933947948e+23,-107090608.0,-0.0,0.0,3.4082924511474405e+28,-4.3036447493766517e+30,0.0,0,0,4,17313,7116,0.0,100,0.0,0.0,-107611616.0,0.0,0.0,0,0,0,0,0.0,0,0,0,0,0,0,0,0,0,0,0,0,0,0,0,0,0,0,0,0,0,0,0,0,0,0,0,0,0,0,0,0,0,31,40,40,71,65476,0,300,0,0,8,21553,0.0,-107605600.0,0.0,0.0,0.0,0.0,0.0,0.0,0.0,0.0,0.0,0.0,0.0,0.0,0.0,0.0,0.0,0.0,0.0,0.0,0.0,0.0,-0.0,0.0,0.0,0.0,0.0,0.0,0.0,0.0,5910.0,-0.0,6935.0,0.0,-0.0,2.004,2.004,0.0,0.0,0.0,0.0,69,-4.950408868217389e+32,4.0668672584300245e+29,0.0,0.0,0.0,0.0,0.0,0.0,0.0,0,0,0,0.0,0.0,0.0,0.0,0.0,0.0,0.0,0.0,0.0,0.0,0.0,0.0,0.0,0.0,0.0,0.0,0,-107875648.0,69,0.0,138,0.0,2.012,ERR,ERR,ERR,ERR,ERR,ERR,ERR,ERR,ERR,ERR,ERR,ERR,ERR,ERR,ERR,ERR,ERR,ERR,ERR,ERR,ERR,ERR,ERR,ERR,ERR,ERR,ERR,ERR,ERR,ERR,ERR,ERR,ERR,ERR,ERR,ERR,ERR,ERR,ERR,ERR,ERR,ERR,ERR,ERR,ERR,ERR,ERR,ERR,ERR,ERR,ERR,ERR,ERR,ERR,ERR,ERR,ERR,ERR,ERR,ERR,ERR,ERR,ERR,ERR,ERR,ERR,ERR,60.0,60.0,35,0.0,0.0,0.0,0.0,0.0,0.0,0.0,0.0,0.0,0.0,0.0,0.0,0.0,0.0,0.0,0.0,65.2,0,133,64,46,65476,0,300,0,0,8,20529,65476,0,0,2621,60.0,0.0,0.0,0.0,0.0,0.0
2026-07-09T15:25:43,ERR,ERR,ERR,ERR,ERR,ERR,ERR,ERR,ERR,ERR,ERR,ERR,ERR,ERR,ERR,ERR,ERR,ERR,ERR,ERR,ERR,ERR,ERR,ERR,ERR,ERR,ERR,ERR,ERR,ERR,ERR,ERR,ERR,ERR,ERR,ERR,ERR,ERR,ERR,ERR,ERR,ERR,ERR,ERR,ERR,ERR,ERR,ERR,ERR,ERR,ERR,ERR,ERR,ERR,ERR,ERR,ERR,ERR,ERR,ERR,ERR,ERR,ERR,ERR,ERR,ERR,ERR,ERR,ERR,ERR,ERR,ERR,ERR,ERR,ERR,ERR,ERR,ERR,ERR,ERR,ERR,ERR,ERR,ERR,ERR,ERR,ERR,ERR,ERR,ERR,ERR,ERR,ERR,ERR,ERR,ERR,ERR,ERR,ERR,ERR,ERR,ERR,ERR,ERR,ERR,ERR,ERR,ERR,ERR,ERR,ERR,ERR,ERR,ERR,ERR,ERR,ERR,ERR,ERR,ERR,ERR,ERR,ERR,ERR,ERR,0.0,0.0,2.718419212228986e+23,2.7183478752108883e+23,0.031,8397182976.0,-5604109835042816.0,0.0,0,0,4,17316,7116,0.0,100,0.0,0.0,2.7183478752108883e+23,0.0,0.0,0,0,0,0,0.0,0,0,0,0,0,0,0,0,0,0,0,0,0,0,0,0,0,0,0,0,0,0,0,0,0,0,0,0,0,0,0,0,0,31,40,40,71,65476,0,300,0,0,8,21553,0.0,-107605600.0,0.0,0.0,0.0,0.0,0.0,0.0,0.0,0.0,0.0,0.0,0.0,0.0,0.0,0.0,0.0,0.0,0.0,0.0,0.0,0.0,-2.004,-3.697066946564247e+19,0.0,0.0,0.0,0.0,0.0,0.0,5905.0,-564147712425984.0,6941.0,2.718425337124479e+23,0.0,2.004,2.004,0.0,0.0,0.0,0.0,69,0.059,-0.0,0.0,0.0,0.0,0.0,0.0,0.0,0.0,0,0,0,0.0,0.0,0.0,0.0,0.0,0.0,0.0,0.0,0.0,0.0,0.0,0.0,0.0,0.0,0.0,0.0,0,-107875648.0,69,0.0,138,0.0,2.012,ERR,ERR,ERR,ERR,ERR,ERR,ERR,ERR,ERR,ERR,ERR,ERR,ERR,ERR,ERR,ERR,ERR,ERR,ERR,ERR,ERR,ERR,ERR,ERR,ERR,ERR,ERR,ERR,ERR,ERR,ERR,ERR,ERR,ERR,ERR,ERR,ERR,ERR,ERR,ERR,ERR,ERR,ERR,ERR,ERR,ERR,ERR,ERR,ERR,ERR,ERR,ERR,ERR,ERR,ERR,ERR,ERR,ERR,ERR,ERR,ERR,ERR,ERR,ERR,ERR,ERR,ERR,60.0,60.0,35,0.0,0.0,0.0,0.0,0.0,0.0,0.0,0.0,0.0,0.0,0.0,0.0,0.0,0.0,0.0,0.0,65.2,0,133,64,46,65476,0,300,0,0,8,20529,65476,0,0,2621,60.0,0.0,0.0,0.0,0.0,0.0
2026-07-09T15:25:44,ERR,ERR,ERR,ERR,ERR,ERR,ERR,ERR,ERR,ERR,ERR,ERR,ERR,ERR,ERR,ERR,ERR,ERR,ERR,ERR,ERR,ERR,ERR,ERR,ERR,ERR,ERR,ERR,ERR,ERR,ERR,ERR,ERR,ERR,ERR,ERR,ERR,ERR,ERR,ERR,ERR,ERR,ERR,ERR,ERR,ERR,ERR,ERR,ERR,ERR,ERR,ERR,ERR,ERR,ERR,ERR,ERR,ERR,ERR,ERR,ERR,ERR,ERR,ERR,ERR,ERR,ERR,ERR,ERR,ERR,ERR,ERR,ERR,ERR,ERR,ERR,ERR,ERR,ERR,ERR,ERR,ERR,ERR,ERR,ERR,ERR,ERR,ERR,ERR,ERR,ERR,ERR,ERR,ERR,ERR,ERR,ERR,ERR,ERR,ERR,ERR,ERR,ERR,ERR,ERR,ERR,ERR,ERR,ERR,ERR,ERR,ERR,ERR,ERR,ERR,ERR,ERR,ERR,ERR,ERR,ERR,ERR,ERR,ERR,ERR,0.0,0.0,2.718419212228986e+23,2.7183478752108883e+23,0.031,8397182976.0,-5604109835042816.0,0.0,0,0,4,17316,7116,0.0,100,0.0,0.0,2.7183478752108883e+23,0.0,0.0,0,0,0,0,0.0,0,0,0,0,0,0,0,0,0,0,0,0,0,0,0,0,0,0,0,0,0,0,0,0,0,0,0,0,0,0,0,0,0,31,40,40,71,65476,0,300,0,0,8,21553,0.0,-107605600.0,0.0,0.0,0.0,0.0,0.0,0.0,0.0,0.0,0.0,0.0,0.0,0.0,0.0,0.0,0.0,0.0,0.0,0.0,0.0,0.0,-2.004,-3.697066946564247e+19,0.0,0.0,0.0,0.0,0.0,0.0,5905.0,-564147712425984.0,6941.0,2.718425337124479e+23,0.0,2.004,2.004,0.0,0.0,0.0,0.0,69,0.059,-0.0,0.0,0.0,0.0,0.0,0.0,0.0,0.0,0,0,0,0.0,0.0,0.0,0.0,0.0,0.0,0.0,0.0,0.0,0.0,0.0,0.0,0.0,0.0,0.0,0.0,0,-107875648.0,69,0.0,138,0.0,2.012,ERR,ERR,ERR,ERR,ERR,ERR,ERR,ERR,ERR,ERR,ERR,ERR,ERR,ERR,ERR,ERR,ERR,ERR,ERR,ERR,ERR,ERR,ERR,ERR,ERR,ERR,ERR,ERR,ERR,ERR,ERR,ERR,ERR,ERR,ERR,ERR,ERR,ERR,ERR,ERR,ERR,ERR,ERR,ERR,ERR,ERR,ERR,ERR,ERR,ERR,ERR,ERR,ERR,ERR,ERR,ERR,ERR,ERR,ERR,ERR,ERR,ERR,ERR,ERR,ERR,ERR,ERR,60.0,60.0,35,0.0,0.0,0.0,0.0,0.0,0.0,0.0,0.0,0.0,0.0,0.0,0.0,0.0,0.0,0.0,0.0,65.2,0,133,64,46,65476,0,300,0,0,8,20529,65476,0,0,2621,60.0,0.0,0.0,0.0,0.0,0.0
2026-07-09T15:25:45,ERR,ERR,ERR,ERR,ERR,ERR,ERR,ERR,ERR,ERR,ERR,ERR,ERR,ERR,ERR,ERR,ERR,ERR,ERR,ERR,ERR,ERR,ERR,ERR,ERR,ERR,ERR,ERR,ERR,ERR,ERR,ERR,ERR,ERR,ERR,ERR,ERR,ERR,ERR,ERR,ERR,ERR,ERR,ERR,ERR,ERR,ERR,ERR,ERR,ERR,ERR,ERR,ERR,ERR,ERR,ERR,ERR,ERR,ERR,ERR,ERR,ERR,ERR,ERR,ERR,ERR,ERR,ERR,ERR,ERR,ERR,ERR,ERR,ERR,ERR,ERR,ERR,ERR,ERR,ERR,ERR,ERR,ERR,ERR,ERR,ERR,ERR,ERR,ERR,ERR,ERR,ERR,ERR,ERR,ERR,ERR,ERR,ERR,ERR,ERR,ERR,ERR,ERR,ERR,ERR,ERR,ERR,ERR,ERR,ERR,ERR,ERR,ERR,ERR,ERR,ERR,ERR,ERR,ERR,ERR,ERR,ERR,ERR,ERR,ERR,0.0,0.0,2.718419212228986e+23,2.7183478752108883e+23,0.031,8397182976.0,-5604109835042816.0,0.0,0,0,4,17316,7116,0.0,100,0.0,0.0,2.7183478752108883e+23,0.0,0.0,0,0,0,0,0.0,0,0,0,0,0,0,0,0,0,0,0,0,0,0,0,0,0,0,0,0,0,0,0,0,0,0,0,0,0,0,0,0,0,31,40,40,71,65476,0,300,0,0,8,21553,0.0,-107605600.0,0.0,0.0,0.0,0.0,0.0,0.0,0.0,0.0,0.0,0.0,0.0,0.0,0.0,0.0,0.0,0.0,0.0,0.0,0.0,0.0,-2.004,-3.697066946564247e+19,0.0,0.0,0.0,0.0,0.0,0.0,5905.0,-564147712425984.0,6941.0,2.718425337124479e+23,0.0,2.004,2.004,0.0,0.0,0.0,0.0,69,0.059,-0.0,0.0,0.0,0.0,0.0,0.0,0.0,0.0,0,0,0,0.0,0.0,0.0,0.0,0.0,0.0,0.0,0.0,0.0,0.0,0.0,0.0,0.0,0.0,0.0,0.0,0,-107875648.0,69,0.0,138,0.0,2.012,ERR,ERR,ERR,ERR,ERR,ERR,ERR,ERR,ERR,ERR,ERR,ERR,ERR,ERR,ERR,ERR,ERR,ERR,ERR,ERR,ERR,ERR,ERR,ERR,ERR,ERR,ERR,ERR,ERR,ERR,ERR,ERR,ERR,ERR,ERR,ERR,ERR,ERR,ERR,ERR,ERR,ERR,ERR,ERR,ERR,ERR,ERR,ERR,ERR,ERR,ERR,ERR,ERR,ERR,ERR,ERR,ERR,ERR,ERR,ERR,ERR,ERR,ERR,ERR,ERR,ERR,ERR,60.0,60.0,35,0.0,0.0,0.0,0.0,0.0,0.0,0.0,0.0,0.0,0.0,0.0,0.0,0.0,0.0,0.0,0.0,65.2,0,133,64,46,65476,0,300,0,0,8,20529,65476,0,0,2621,60.0,0.0,0.0,0.0,0.0,0.0
2026-07-09T15:25:46,ERR,ERR,ERR,ERR,ERR,ERR,ERR,ERR,ERR,ERR,ERR,ERR,ERR,ERR,ERR,ERR,ERR,ERR,ERR,ERR,ERR,ERR,ERR,ERR,ERR,ERR,ERR,ERR,ERR,ERR,ERR,ERR,ERR,ERR,ERR,ERR,ERR,ERR,ERR,ERR,ERR,ERR,ERR,ERR,ERR,ERR,ERR,ERR,ERR,ERR,ERR,ERR,ERR,ERR,ERR,ERR,ERR,ERR,ERR,ERR,ERR,ERR,ERR,ERR,ERR,ERR,ERR,ERR,ERR,ERR,ERR,ERR,ERR,ERR,ERR,ERR,ERR,ERR,ERR,ERR,ERR,ERR,ERR,ERR,ERR,ERR,ERR,ERR,ERR,ERR,ERR,ERR,ERR,ERR,ERR,ERR,ERR,ERR,ERR,ERR,ERR,ERR,ERR,ERR,ERR,ERR,ERR,ERR,ERR,ERR,ERR,ERR,ERR,ERR,ERR,ERR,ERR,ERR,ERR,ERR,ERR,ERR,ERR,ERR,ERR,0.0,0.0,2.718419212228986e+23,2.7183478752108883e+23,0.031,8397182976.0,-5604109835042816.0,0.0,0,0,4,17316,7116,0.0,100,0.0,0.0,2.7183478752108883e+23,0.0,0.0,0,0,0,0,0.0,0,0,0,0,0,0,0,0,0,0,0,0,0,0,0,0,0,0,0,0,0,0,0,0,0,0,0,0,0,0,0,0,0,31,40,40,71,65476,0,300,0,0,8,21553,0.0,-107605600.0,0.0,0.0,0.0,0.0,0.0,0.0,0.0,0.0,0.0,0.0,0.0,0.0,0.0,0.0,0.0,0.0,0.0,0.0,0.0,0.0,-2.004,-3.697066946564247e+19,0.0,0.0,0.0,0.0,0.0,0.0,5905.0,-564147712425984.0,6941.0,2.718425337124479e+23,0.0,2.004,2.004,0.0,0.0,0.0,0.0,69,0.059,-0.0,0.0,0.0,0.0,0.0,0.0,0.0,0.0,0,0,0,0.0,0.0,0.0,0.0,0.0,0.0,0.0,0.0,0.0,0.0,0.0,0.0,0.0,0.0,0.0,0.0,0,-107875648.0,69,0.0,138,0.0,2.012,ERR,ERR,ERR,ERR,ERR,ERR,ERR,ERR,ERR,ERR,ERR,ERR,ERR,ERR,ERR,ERR,ERR,ERR,ERR,ERR,ERR,ERR,ERR,ERR,ERR,ERR,ERR,ERR,ERR,ERR,ERR,ERR,ERR,ERR,ERR,ERR,ERR,ERR,ERR,ERR,ERR,ERR,ERR,ERR,ERR,ERR,ERR,ERR,ERR,ERR,ERR,ERR,ERR,ERR,ERR,ERR,ERR,ERR,ERR,ERR,ERR,ERR,ERR,ERR,ERR,ERR,ERR,60.0,60.0,35,0.0,0.0,0.0,0.0,0.0,0.0,0.0,0.0,0.0,0.0,0.0,0.0,0.0,0.0,0.0,0.0,65.2,0,134,64,46,65476,0,300,0,0,8,20529,65476,0,0,2621,60.0,0.0,0.0,0.0,0.0,0.0
2026-07-09T15:25:47,ERR,ERR,ERR,ERR,ERR,ERR,ERR,ERR,ERR,ERR,ERR,ERR,ERR,ERR,ERR,ERR,ERR,ERR,ERR,ERR,ERR,ERR,ERR,ERR,ERR,ERR,ERR,ERR,ERR,ERR,ERR,ERR,ERR,ERR,ERR,ERR,ERR,ERR,ERR,ERR,ERR,ERR,ERR,ERR,ERR,ERR,ERR,ERR,ERR,ERR,ERR,ERR,ERR,ERR,ERR,ERR,ERR,ERR,ERR,ERR,ERR,ERR,ERR,ERR,ERR,ERR,ERR,ERR,ERR,ERR,ERR,ERR,ERR,ERR,ERR,ERR,ERR,ERR,ERR,ERR,ERR,ERR,ERR,ERR,ERR,ERR,ERR,ERR,ERR,ERR,ERR,ERR,ERR,ERR,ERR,ERR,ERR,ERR,ERR,ERR,ERR,ERR,ERR,ERR,ERR,ERR,ERR,ERR,ERR,ERR,ERR,ERR,ERR,ERR,ERR,ERR,ERR,ERR,ERR,ERR,ERR,ERR,ERR,ERR,ERR,0.0,0.0,2.718419212228986e+23,2.7183478752108883e+23,0.031,8397182976.0,-5604109835042816.0,0.0,0,0,4,17316,7116,0.0,100,0.0,0.0,2.7183478752108883e+23,0.0,0.0,0,0,0,0,0.0,0,0,0,0,0,0,0,0,0,0,0,0,0,0,0,0,0,0,0,0,0,0,0,0,0,0,0,0,0,0,0,0,0,31,40,40,71,65476,0,300,0,0,8,21553,0.0,-107605600.0,0.0,0.0,0.0,0.0,0.0,0.0,0.0,0.0,0.0,0.0,0.0,0.0,0.0,0.0,0.0,0.0,0.0,0.0,0.0,0.0,-2.004,-3.697066946564247e+19,0.0,0.0,0.0,0.0,0.0,0.0,5905.0,-564147712425984.0,6941.0,2.718425337124479e+23,0.0,2.004,2.004,0.0,0.0,0.0,0.0,69,0.059,-0.0,0.0,0.0,0.0,0.0,0.0,0.0,0.0,0,0,0,0.0,0.0,0.0,0.0,0.0,0.0,0.0,0.0,0.0,0.0,0.0,0.0,0.0,0.0,0.0,0.0,0,-107875648.0,69,0.0,138,0.0,2.012,ERR,ERR,ERR,ERR,ERR,ERR,ERR,ERR,ERR,ERR,ERR,ERR,ERR,ERR,ERR,ERR,ERR,ERR,ERR,ERR,ERR,ERR,ERR,ERR,ERR,ERR,ERR,ERR,ERR,ERR,ERR,ERR,ERR,ERR,ERR,ERR,ERR,ERR,ERR,ERR,ERR,ERR,ERR,ERR,ERR,ERR,ERR,ERR,ERR,ERR,ERR,ERR,ERR,ERR,ERR,ERR,ERR,ERR,ERR,ERR,ERR,ERR,ERR,ERR,ERR,ERR,ERR,60.0,60.0,35,0.0,0.0,0.0,0.0,0.0,0.0,0.0,0.0,0.0,0.0,0.0,0.0,0.0,0.0,0.0,0.0,65.2,0,134,64,46,65476,0,300,0,0,8,20529,65476,0,0,2621,60.0,0.0,0.0,0.0,0.0,0.0
2026-07-09T15:25:48,ERR,ERR,ERR,ERR,ERR,ERR,ERR,ERR,ERR,ERR,ERR,ERR,ERR,ERR,ERR,ERR,ERR,ERR,ERR,ERR,ERR,ERR,ERR,ERR,ERR,ERR,ERR,ERR,ERR,ERR,ERR,ERR,ERR,ERR,ERR,ERR,ERR,ERR,ERR,ERR,ERR,ERR,ERR,ERR,ERR,ERR,ERR,ERR,ERR,ERR,ERR,ERR,ERR,ERR,ERR,ERR,ERR,ERR,ERR,ERR,ERR,ERR,ERR,ERR,ERR,ERR,ERR,ERR,ERR,ERR,ERR,ERR,ERR,ERR,ERR,ERR,ERR,ERR,ERR,ERR,ERR,ERR,ERR,ERR,ERR,ERR,ERR,ERR,ERR,ERR,ERR,ERR,ERR,ERR,ERR,ERR,ERR,ERR,ERR,ERR,ERR,ERR,ERR,ERR,ERR,ERR,ERR,ERR,ERR,ERR,ERR,ERR,ERR,ERR,ERR,ERR,ERR,ERR,ERR,ERR,ERR,ERR,ERR,ERR,ERR,2.718425337124479e+23,-0.0,-108139120.0,-107611744.0,-0.0,-4.0281766693200817e+34,2.706841538450927e+23,-0.0,0,0,4,17313,7116,0.0,100,0.0,0.0,0.0,0.0,0.0,0,0,0,0,0.0,0,0,0,0,0,0,0,0,0,0,0,0,0,0,0,0,0,0,0,0,0,0,0,0,0,0,0,0,0,0,0,0,0,31,40,40,71,65476,0,300,0,0,8,21553,0.0,-107605600.0,0.0,0.0,0.0,0.0,0.0,0.0,0.0,0.0,0.0,0.0,0.0,0.0,0.0,0.0,0.0,0.0,0.0,0.0,0.0,0.0,-2.004,-2.004,0.0,0.0,0.0,0.0,0.0,0.0,5907.0,-8608210944.0,6938.0,2.718425337124479e+23,0.0,2.004,2.004,0.0,0.0,0.0,0.0,69,2.718421373956807e+23,-0.0,0.0,0.0,0.0,0.0,0.0,0.0,0.0,0,0,0,0.0,0.0,0.0,0.0,0.0,0.0,0.0,0.0,0.0,0.0,0.0,0.0,0.0,0.0,0.0,0.0,0,-107875648.0,69,0.0,138,0.0,2.012,ERR,ERR,ERR,ERR,ERR,ERR,ERR,ERR,ERR,ERR,ERR,ERR,ERR,ERR,ERR,ERR,ERR,ERR,ERR,ERR,ERR,ERR,ERR,ERR,ERR,ERR,ERR,ERR,ERR,ERR,ERR,ERR,ERR,ERR,ERR,ERR,ERR,ERR,ERR,ERR,ERR,ERR,ERR,ERR,ERR,ERR,ERR,ERR,ERR,ERR,ERR,ERR,ERR,ERR,ERR,ERR,ERR,ERR,ERR,ERR,ERR,ERR,ERR,ERR,ERR,ERR,ERR,60.0,60.0,35,0.0,0.0,0.0,0.0,0.0,0.0,0.0,0.0,0.0,0.0,0.0,0.0,0.0,0.0,0.0,0.0,65.2,0,134,64,46,65476,0,300,0,0,8,20529,65476,0,0,2621,60.0,0.0,0.0,0.0,0.0,0.0
2026-07-09T15:25:49,ERR,ERR,ERR,ERR,ERR,ERR,ERR,ERR,ERR,ERR,ERR,ERR,ERR,ERR,ERR,ERR,ERR,ERR,ERR,ERR,ERR,ERR,ERR,ERR,ERR,ERR,ERR,ERR,ERR,ERR,ERR,ERR,ERR,ERR,ERR,ERR,ERR,ERR,ERR,ERR,ERR,ERR,ERR,ERR,ERR,ERR,ERR,ERR,ERR,ERR,ERR,ERR,ERR,ERR,ERR,ERR,ERR,ERR,ERR,ERR,ERR,ERR,ERR,ERR,ERR,ERR,ERR,ERR,ERR,ERR,ERR,ERR,ERR,ERR,ERR,ERR,ERR,ERR,ERR,ERR,ERR,ERR,ERR,ERR,ERR,ERR,ERR,ERR,ERR,ERR,ERR,ERR,ERR,ERR,ERR,ERR,ERR,ERR,ERR,ERR,ERR,ERR,ERR,ERR,ERR,ERR,ERR,ERR,ERR,ERR,ERR,ERR,ERR,ERR,ERR,ERR,ERR,ERR,ERR,ERR,ERR,ERR,ERR,ERR,ERR,2.718425337124479e+23,-0.0,-108139120.0,-107611744.0,-0.0,-4.0281766693200817e+34,2.706841538450927e+23,-0.0,0,0,4,17313,7116,0.0,100,0.0,0.0,0.0,0.0,0.0,0,0,0,0,0.0,0,0,0,0,0,0,0,0,0,0,0,0,0,0,0,0,0,0,0,0,0,0,0,0,0,0,0,0,0,0,0,0,0,31,40,40,71,65476,0,300,0,0,8,21553,0.0,-107605600.0,0.0,0.0,0.0,0.0,0.0,0.0,0.0,0.0,0.0,0.0,0.0,0.0,0.0,0.0,0.0,0.0,0.0,0.0,0.0,0.0,-2.004,-2.004,0.0,0.0,0.0,0.0,0.0,0.0,5907.0,-8608210944.0,6938.0,2.718425337124479e+23,0.0,2.004,2.004,0.0,0.0,0.0,0.0,69,2.718421373956807e+23,-0.0,0.0,0.0,0.0,0.0,0.0,0.0,0.0,0,0,0,0.0,0.0,0.0,0.0,0.0,0.0,0.0,0.0,0.0,0.0,0.0,0.0,0.0,0.0,0.0,0.0,0,-107875648.0,69,0.0,138,0.0,2.012,ERR,ERR,ERR,ERR,ERR,ERR,ERR,ERR,ERR,ERR,ERR,ERR,ERR,ERR,ERR,ERR,ERR,ERR,ERR,ERR,ERR,ERR,ERR,ERR,ERR,ERR,ERR,ERR,ERR,ERR,ERR,ERR,ERR,ERR,ERR,ERR,ERR,ERR,ERR,ERR,ERR,ERR,ERR,ERR,ERR,ERR,ERR,ERR,ERR,ERR,ERR,ERR,ERR,ERR,ERR,ERR,ERR,ERR,ERR,ERR,ERR,ERR,ERR,ERR,ERR,ERR,ERR,60.0,60.0,35,0.0,0.0,0.0,0.0,0.0,0.0,0.0,0.0,0.0,0.0,0.0,0.0,0.0,0.0,0.0,0.0,65.2,0,134,64,46,65476,0,300,0,0,8,20529,65476,0,0,2621,60.0,0.0,0.0,0.0,0.0,0.0
2026-07-09T15:25:50,ERR,ERR,ERR,ERR,ERR,ERR,ERR,ERR,ERR,ERR,ERR,ERR,ERR,ERR,ERR,ERR,ERR,ERR,ERR,ERR,ERR,ERR,ERR,ERR,ERR,ERR,ERR,ERR,ERR,ERR,ERR,ERR,ERR,ERR,ERR,ERR,ERR,ERR,ERR,ERR,ERR,ERR,ERR,ERR,ERR,ERR,ERR,ERR,ERR,ERR,ERR,ERR,ERR,ERR,ERR,ERR,ERR,ERR,ERR,ERR,ERR,ERR,ERR,ERR,ERR,ERR,ERR,ERR,ERR,ERR,ERR,ERR,ERR,ERR,ERR,ERR,ERR,ERR,ERR,ERR,ERR,ERR,ERR,ERR,ERR,ERR,ERR,ERR,ERR,ERR,ERR,ERR,ERR,ERR,ERR,ERR,ERR,ERR,ERR,ERR,ERR,ERR,ERR,ERR,ERR,ERR,ERR,ERR,ERR,ERR,ERR,ERR,ERR,ERR,ERR,ERR,ERR,ERR,ERR,ERR,ERR,ERR,ERR,ERR,ERR,2.718425337124479e+23,-0.0,-108139120.0,-107611744.0,-0.0,-4.0281766693200817e+34,2.706841538450927e+23,-0.0,0,0,4,17313,7116,0.0,100,0.0,0.0,0.0,0.0,0.0,0,0,0,0,0.0,0,0,0,0,0,0,0,0,0,0,0,0,0,0,0,0,0,0,0,0,0,0,0,0,0,0,0,0,0,0,0,0,0,31,40,40,71,65476,0,300,0,0,8,21553,0.0,-107605600.0,0.0,0.0,0.0,0.0,0.0,0.0,0.0,0.0,0.0,0.0,0.0,0.0,0.0,0.0,0.0,0.0,0.0,0.0,0.0,0.0,-2.004,-2.004,0.0,0.0,0.0,0.0,0.0,0.0,5907.0,-8608210944.0,6938.0,2.718425337124479e+23,0.0,2.004,2.004,0.0,0.0,0.0,0.0,69,2.718421373956807e+23,-0.0,0.0,0.0,0.0,0.0,0.0,0.0,0.0,0,0,0,0.0,0.0,0.0,0.0,0.0,0.0,0.0,0.0,0.0,0.0,0.0,0.0,0.0,0.0,0.0,0.0,0,-107875648.0,69,0.0,138,0.0,2.012,ERR,ERR,ERR,ERR,ERR,ERR,ERR,ERR,ERR,ERR,ERR,ERR,ERR,ERR,ERR,ERR,ERR,ERR,ERR,ERR,ERR,ERR,ERR,ERR,ERR,ERR,ERR,ERR,ERR,ERR,ERR,ERR,ERR,ERR,ERR,ERR,ERR,ERR,ERR,ERR,ERR,ERR,ERR,ERR,ERR,ERR,ERR,ERR,ERR,ERR,ERR,ERR,ERR,ERR,ERR,ERR,ERR,ERR,ERR,ERR,ERR,ERR,ERR,ERR,ERR,ERR,ERR,60.0,60.0,35,0.0,0.0,0.0,0.0,0.0,0.0,0.0,0.0,0.0,0.0,0.0,0.0,0.0,0.0,0.0,0.0,65.2,0,134,64,46,65476,0,300,0,0,8,20529,65476,0,0,2621,60.0,0.0,0.0,0.0,0.0,0.0
2026-07-09T15:25:51,ERR,ERR,ERR,ERR,ERR,ERR,ERR,ERR,ERR,ERR,ERR,ERR,ERR,ERR,ERR,ERR,ERR,ERR,ERR,ERR,ERR,ERR,ERR,ERR,ERR,ERR,ERR,ERR,ERR,ERR,ERR,ERR,ERR,ERR,ERR,ERR,ERR,ERR,ERR,ERR,ERR,ERR,ERR,ERR,ERR,ERR,ERR,ERR,ERR,ERR,ERR,ERR,ERR,ERR,ERR,ERR,ERR,ERR,ERR,ERR,ERR,ERR,ERR,ERR,ERR,ERR,ERR,ERR,ERR,ERR,ERR,ERR,ERR,ERR,ERR,ERR,ERR,ERR,ERR,ERR,ERR,ERR,ERR,ERR,ERR,ERR,ERR,ERR,ERR,ERR,ERR,ERR,ERR,ERR,ERR,ERR,ERR,ERR,ERR,ERR,ERR,ERR,ERR,ERR,ERR,ERR,ERR,ERR,ERR,ERR,ERR,ERR,ERR,ERR,ERR,ERR,ERR,ERR,ERR,ERR,ERR,ERR,ERR,ERR,ERR,2.718425337124479e+23,-0.0,-108139120.0,-107611744.0,-0.0,-4.0281766693200817e+34,2.706841538450927e+23,-0.0,0,0,4,17313,7116,0.0,100,0.0,0.0,0.0,0.0,0.0,0,0,0,0,0.0,0,0,0,0,0,0,0,0,0,0,0,0,0,0,0,0,0,0,0,0,0,0,0,0,0,0,0,0,0,0,0,0,0,31,40,40,71,65476,0,300,0,0,8,21553,0.0,-107605600.0,0.0,0.0,0.0,0.0,0.0,0.0,0.0,0.0,0.0,0.0,0.0,0.0,0.0,0.0,0.0,0.0,0.0,0.0,0.0,0.0,-2.004,-2.004,0.0,0.0,0.0,0.0,0.0,0.0,5907.0,-8608210944.0,6938.0,2.718425337124479e+23,0.0,2.004,2.004,0.0,0.0,0.0,0.0,69,2.718421373956807e+23,-0.0,0.0,0.0,0.0,0.0,0.0,0.0,0.0,0,0,0,0.0,0.0,0.0,0.0,0.0,0.0,0.0,0.0,0.0,0.0,0.0,0.0,0.0,0.0,0.0,0.0,0,-107875648.0,69,0.0,138,0.0,2.012,ERR,ERR,ERR,ERR,ERR,ERR,ERR,ERR,ERR,ERR,ERR,ERR,ERR,ERR,ERR,ERR,ERR,ERR,ERR,ERR,ERR,ERR,ERR,ERR,ERR,ERR,ERR,ERR,ERR,ERR,ERR,ERR,ERR,ERR,ERR,ERR,ERR,ERR,ERR,ERR,ERR,ERR,ERR,ERR,ERR,ERR,ERR,ERR,ERR,ERR,ERR,ERR,ERR,ERR,ERR,ERR,ERR,ERR,ERR,ERR,ERR,ERR,ERR,ERR,ERR,ERR,ERR,60.0,60.0,35,0.0,0.0,0.0,0.0,0.0,0.0,0.0,0.0,0.0,0.0,0.0,0.0,0.0,0.0,0.0,0.0,65.2,0,135,65,46,65476,0,300,0,0,8,20529,65476,0,0,2621,60.0,0.0,0.0,0.0,0.0,0.0
2026-07-09T15:25:52,ERR,ERR,ERR,ERR,ERR,ERR,ERR,ERR,ERR,ERR,ERR,ERR,ERR,ERR,ERR,ERR,ERR,ERR,ERR,ERR,ERR,ERR,ERR,ERR,ERR,ERR,ERR,ERR,ERR,ERR,ERR,ERR,ERR,ERR,ERR,ERR,ERR,ERR,ERR,ERR,ERR,ERR,ERR,ERR,ERR,ERR,ERR,ERR,ERR,ERR,ERR,ERR,ERR,ERR,ERR,ERR,ERR,ERR,ERR,ERR,ERR,ERR,ERR,ERR,ERR,ERR,ERR,ERR,ERR,ERR,ERR,ERR,ERR,ERR,ERR,ERR,ERR,ERR,ERR,ERR,ERR,ERR,ERR,ERR,ERR,ERR,ERR,ERR,ERR,ERR,ERR,ERR,ERR,ERR,ERR,ERR,ERR,ERR,ERR,ERR,ERR,ERR,ERR,ERR,ERR,ERR,ERR,ERR,ERR,ERR,ERR,ERR,ERR,ERR,ERR,ERR,ERR,ERR,ERR,ERR,ERR,ERR,ERR,ERR,ERR,2.718425337124479e+23,-0.0,-108139120.0,-107611744.0,-0.0,-4.0281766693200817e+34,2.706841538450927e+23,-0.0,0,0,4,17313,7116,0.0,100,0.0,0.0,0.0,0.0,0.0,0,0,0,0,0.0,0,0,0,0,0,0,0,0,0,0,0,0,0,0,0,0,0,0,0,0,0,0,0,0,0,0,0,0,0,0,0,0,0,31,40,40,71,65476,0,300,0,0,8,21553,0.0,-107605600.0,0.0,0.0,0.0,0.0,0.0,0.0,0.0,0.0,0.0,0.0,0.0,0.0,0.0,0.0,0.0,0.0,0.0,0.0,0.0,0.0,-2.004,-2.004,0.0,0.0,0.0,0.0,0.0,0.0,5907.0,-8608210944.0,6938.0,2.718425337124479e+23,0.0,2.004,2.004,0.0,0.0,0.0,0.0,69,2.718421373956807e+23,-0.0,0.0,0.0,0.0,0.0,0.0,0.0,0.0,0,0,0,0.0,0.0,0.0,0.0,0.0,0.0,0.0,0.0,0.0,0.0,0.0,0.0,0.0,0.0,0.0,0.0,0,-107875648.0,69,0.0,138,0.0,2.012,ERR,ERR,ERR,ERR,ERR,ERR,ERR,ERR,ERR,ERR,ERR,ERR,ERR,ERR,ERR,ERR,ERR,ERR,ERR,ERR,ERR,ERR,ERR,ERR,ERR,ERR,ERR,ERR,ERR,ERR,ERR,ERR,ERR,ERR,ERR,ERR,ERR,ERR,ERR,ERR,ERR,ERR,ERR,ERR,ERR,ERR,ERR,ERR,ERR,ERR,ERR,ERR,ERR,ERR,ERR,ERR,ERR,ERR,ERR,ERR,ERR,ERR,ERR,ERR,ERR,ERR,ERR,60.0,60.0,35,0.0,0.0,0.0,0.0,0.0,0.0,0.0,0.0,0.0,0.0,0.0,0.0,0.0,0.0,0.0,0.0,65.2,0,135,65,46,65476,0,300,0,0,8,20529,65476,0,0,2621,60.0,0.0,0.0,0.0,0.0,0.0
2026-07-09T15:25:53,ERR,ERR,ERR,ERR,ERR,ERR,ERR,ERR,ERR,ERR,ERR,ERR,ERR,ERR,ERR,ERR,ERR,ERR,ERR,ERR,ERR,ERR,ERR,ERR,ERR,ERR,ERR,ERR,ERR,ERR,ERR,ERR,ERR,ERR,ERR,ERR,ERR,ERR,ERR,ERR,ERR,ERR,ERR,ERR,ERR,ERR,ERR,ERR,ERR,ERR,ERR,ERR,ERR,ERR,ERR,ERR,ERR,ERR,ERR,ERR,ERR,ERR,ERR,ERR,ERR,ERR,ERR,ERR,ERR,ERR,ERR,ERR,ERR,ERR,ERR,ERR,ERR,ERR,ERR,ERR,ERR,ERR,ERR,ERR,ERR,ERR,ERR,ERR,ERR,ERR,ERR,ERR,ERR,ERR,ERR,ERR,ERR,ERR,ERR,ERR,ERR,ERR,ERR,ERR,ERR,ERR,ERR,ERR,ERR,ERR,ERR,ERR,ERR,ERR,ERR,ERR,ERR,ERR,ERR,ERR,ERR,ERR,ERR,ERR,ERR,-107615136.0,2.7184447926748693e+23,nan,-0.0,-1.1831896347524507e+21,6.226478685319332e+17,1.4261430720503931e+22,2.1204666605025986e+27,0,0,4,17306,7116,0.0,100,0.0,0.0,-0.0,0.0,0.0,0,0,0,0,0.0,0,0,0,0,0,0,0,0,0,0,0,0,0,0,0,0,0,0,0,0,0,0,0,0,0,0,0,0,0,0,0,0,0,31,40,40,71,65476,0,300,0,0,8,21553,0.0,-107605600.0,0.0,0.0,0.0,0.0,0.0,0.0,0.0,0.0,0.0,0.0,0.0,0.0,0.0,0.0,0.0,0.0,0.0,0.0,0.0,0.0,0.0,0.0,0.0,0.0,0.0,0.0,0.0,0.0,5908.0,-0.0,6932.0,-107615136.0,0.0,2.004,2.004,0.0,0.0,0.0,0.0,69,-0.0,0.0,0.0,0.0,0.0,0.0,0.0,0.0,0.0,0,0,0,0.0,0.0,0.0,0.0,0.0,0.0,0.0,0.0,0.0,0.0,0.0,0.0,0.0,0.0,0.0,0.0,0,-107875648.0,69,0.0,138,0.0,2.012,ERR,ERR,ERR,ERR,ERR,ERR,ERR,ERR,ERR,ERR,ERR,ERR,ERR,ERR,ERR,ERR,ERR,ERR,ERR,ERR,ERR,ERR,ERR,ERR,ERR,ERR,ERR,ERR,ERR,ERR,ERR,ERR,ERR,ERR,ERR,ERR,ERR,ERR,ERR,ERR,ERR,ERR,ERR,ERR,ERR,ERR,ERR,ERR,ERR,ERR,ERR,ERR,ERR,ERR,ERR,ERR,ERR,ERR,ERR,ERR,ERR,ERR,ERR,ERR,ERR,ERR,ERR,60.0,60.0,35,0.0,0.0,0.0,0.0,0.0,0.0,0.0,0.0,0.0,0.0,0.0,0.0,0.0,0.0,0.0,0.0,65.2,0,135,65,46,65476,0,300,0,0,8,20529,65476,0,0,2621,60.0,0.0,0.0,0.0,0.0,0.0
2026-07-09T15:25:54,ERR,ERR,ERR,ERR,ERR,ERR,ERR,ERR,ERR,ERR,ERR,ERR,ERR,ERR,ERR,ERR,ERR,ERR,ERR,ERR,ERR,ERR,ERR,ERR,ERR,ERR,ERR,ERR,ERR,ERR,ERR,ERR,ERR,ERR,ERR,ERR,ERR,ERR,ERR,ERR,ERR,ERR,ERR,ERR,ERR,ERR,ERR,ERR,ERR,ERR,ERR,ERR,ERR,ERR,ERR,ERR,ERR,ERR,ERR,ERR,ERR,ERR,ERR,ERR,ERR,ERR,ERR,ERR,ERR,ERR,ERR,ERR,ERR,ERR,ERR,ERR,ERR,ERR,ERR,ERR,ERR,ERR,ERR,ERR,ERR,ERR,ERR,ERR,ERR,ERR,ERR,ERR,ERR,ERR,ERR,ERR,ERR,ERR,ERR,ERR,ERR,ERR,ERR,ERR,ERR,ERR,ERR,ERR,ERR,ERR,ERR,ERR,ERR,ERR,ERR,ERR,ERR,ERR,ERR,ERR,ERR,ERR,ERR,ERR,ERR,-107615136.0,2.7184447926748693e+23,nan,-0.0,-1.1831896347524507e+21,6.226478685319332e+17,1.4261430720503931e+22,2.1204666605025986e+27,0,0,4,17306,7116,0.0,100,0.0,0.0,-0.0,0.0,0.0,0,0,0,0,0.0,0,0,0,0,0,0,0,0,0,0,0,0,0,0,0,0,0,0,0,0,0,0,0,0,0,0,0,0,0,0,0,0,0,31,40,40,71,65476,0,300,0,0,8,21553,0.0,-107605600.0,0.0,0.0,0.0,0.0,0.0,0.0,0.0,0.0,0.0,0.0,0.0,0.0,0.0,0.0,0.0,0.0,0.0,0.0,0.0,0.0,0.0,0.0,0.0,0.0,0.0,0.0,0.0,0.0,5908.0,-0.0,6932.0,-107615136.0,0.0,2.004,2.004,0.0,0.0,0.0,0.0,69,-0.0,0.0,0.0,0.0,0.0,0.0,0.0,0.0,0.0,0,0,0,0.0,0.0,0.0,0.0,0.0,0.0,0.0,0.0,0.0,0.0,0.0,0.0,0.0,0.0,0.0,0.0,0,-107875648.0,69,0.0,138,0.0,2.012,ERR,ERR,ERR,ERR,ERR,ERR,ERR,ERR,ERR,ERR,ERR,ERR,ERR,ERR,ERR,ERR,ERR,ERR,ERR,ERR,ERR,ERR,ERR,ERR,ERR,ERR,ERR,ERR,ERR,ERR,ERR,ERR,ERR,ERR,ERR,ERR,ERR,ERR,ERR,ERR,ERR,ERR,ERR,ERR,ERR,ERR,ERR,ERR,ERR,ERR,ERR,ERR,ERR,ERR,ERR,ERR,ERR,ERR,ERR,ERR,ERR,ERR,ERR,ERR,ERR,ERR,ERR,60.0,60.0,35,0.0,0.0,0.0,0.0,0.0,0.0,0.0,0.0,0.0,0.0,0.0,0.0,0.0,0.0,0.0,0.0,65.6,0,135,65,46,65476,0,300,0,0,8,20529,65476,0,0,2621,60.0,0.0,0.0,0.0,0.0,0.0
2026-07-09T15:25:55,ERR,ERR,ERR,ERR,ERR,ERR,ERR,ERR,ERR,ERR,ERR,ERR,ERR,ERR,ERR,ERR,ERR,ERR,ERR,ERR,ERR,ERR,ERR,ERR,ERR,ERR,ERR,ERR,ERR,ERR,ERR,ERR,ERR,ERR,ERR,ERR,ERR,ERR,ERR,ERR,ERR,ERR,ERR,ERR,ERR,ERR,ERR,ERR,ERR,ERR,ERR,ERR,ERR,ERR,ERR,ERR,ERR,ERR,ERR,ERR,ERR,ERR,ERR,ERR,ERR,ERR,ERR,ERR,ERR,ERR,ERR,ERR,ERR,ERR,ERR,ERR,ERR,ERR,ERR,ERR,ERR,ERR,ERR,ERR,ERR,ERR,ERR,ERR,ERR,ERR,ERR,ERR,ERR,ERR,ERR,ERR,ERR,ERR,ERR,ERR,ERR,ERR,ERR,ERR,ERR,ERR,ERR,ERR,ERR,ERR,ERR,ERR,ERR,ERR,ERR,ERR,ERR,ERR,ERR,ERR,ERR,ERR,ERR,ERR,ERR,-107615136.0,2.7184447926748693e+23,nan,-0.0,-1.1831896347524507e+21,6.226478685319332e+17,1.4261430720503931e+22,2.1204666605025986e+27,0,0,4,17306,7116,0.0,100,0.0,0.0,-0.0,0.0,0.0,0,0,0,0,0.0,0,0,0,0,0,0,0,0,0,0,0,0,0,0,0,0,0,0,0,0,0,0,0,0,0,0,0,0,0,0,0,0,0,31,40,40,71,65476,0,300,0,0,8,21553,0.0,-107605600.0,0.0,0.0,0.0,0.0,0.0,0.0,0.0,0.0,0.0,0.0,0.0,0.0,0.0,0.0,0.0,0.0,0.0,0.0,0.0,0.0,0.0,0.0,0.0,0.0,0.0,0.0,0.0,0.0,5908.0,-0.0,6932.0,-107615136.0,0.0,2.004,2.004,0.0,0.0,0.0,0.0,69,-0.0,0.0,0.0,0.0,0.0,0.0,0.0,0.0,0.0,0,0,0,0.0,0.0,0.0,0.0,0.0,0.0,0.0,0.0,0.0,0.0,0.0,0.0,0.0,0.0,0.0,0.0,0,-107875648.0,69,0.0,138,0.0,2.012,ERR,ERR,ERR,ERR,ERR,ERR,ERR,ERR,ERR,ERR,ERR,ERR,ERR,ERR,ERR,ERR,ERR,ERR,ERR,ERR,ERR,ERR,ERR,ERR,ERR,ERR,ERR,ERR,ERR,ERR,ERR,ERR,ERR,ERR,ERR,ERR,ERR,ERR,ERR,ERR,ERR,ERR,ERR,ERR,ERR,ERR,ERR,ERR,ERR,ERR,ERR,ERR,ERR,ERR,ERR,ERR,ERR,ERR,ERR,ERR,ERR,ERR,ERR,ERR,ERR,ERR,ERR,60.0,60.0,35,0.0,0.0,0.0,0.0,0.0,0.0,0.0,0.0,0.0,0.0,0.0,0.0,0.0,0.0,0.0,0.0,65.2,0,136,65,46,65476,0,300,0,0,8,20529,65476,0,0,2621,60.0,0.0,0.0,0.0,0.0,0.0
2026-07-09T15:25:56,ERR,ERR,ERR,ERR,ERR,ERR,ERR,ERR,ERR,ERR,ERR,ERR,ERR,ERR,ERR,ERR,ERR,ERR,ERR,ERR,ERR,ERR,ERR,ERR,ERR,ERR,ERR,ERR,ERR,ERR,ERR,ERR,ERR,ERR,ERR,ERR,ERR,ERR,ERR,ERR,ERR,ERR,ERR,ERR,ERR,ERR,ERR,ERR,ERR,ERR,ERR,ERR,ERR,ERR,ERR,ERR,ERR,ERR,ERR,ERR,ERR,ERR,ERR,ERR,ERR,ERR,ERR,ERR,ERR,ERR,ERR,ERR,ERR,ERR,ERR,ERR,ERR,ERR,ERR,ERR,ERR,ERR,ERR,ERR,ERR,ERR,ERR,ERR,ERR,ERR,ERR,ERR,ERR,ERR,ERR,ERR,ERR,ERR,ERR,ERR,ERR,ERR,ERR,ERR,ERR,ERR,ERR,ERR,ERR,ERR,ERR,ERR,ERR,ERR,ERR,ERR,ERR,ERR,ERR,ERR,ERR,ERR,ERR,ERR,ERR,-107615136.0,2.7184447926748693e+23,nan,-0.0,-1.1831896347524507e+21,6.226478685319332e+17,1.4261430720503931e+22,2.1204666605025986e+27,0,0,4,17306,7116,0.0,100,0.0,0.0,-0.0,0.0,0.0,0,0,0,0,0.0,0,0,0,0,0,0,0,0,0,0,0,0,0,0,0,0,0,0,0,0,0,0,0,0,0,0,0,0,0,0,0,0,0,31,40,40,71,65476,0,300,0,0,8,21553,0.0,-107605600.0,0.0,0.0,0.0,0.0,0.0,0.0,0.0,0.0,0.0,0.0,0.0,0.0,0.0,0.0,0.0,0.0,0.0,0.0,0.0,0.0,0.0,0.0,0.0,0.0,0.0,0.0,0.0,0.0,5908.0,-0.0,6932.0,-107615136.0,0.0,2.004,2.004,0.0,0.0,0.0,0.0,69,-0.0,0.0,0.0,0.0,0.0,0.0,0.0,0.0,0.0,0,0,0,0.0,0.0,0.0,0.0,0.0,0.0,0.0,0.0,0.0,0.0,0.0,0.0,0.0,0.0,0.0,0.0,0,-107875648.0,69,0.0,138,0.0,2.012,ERR,ERR,ERR,ERR,ERR,ERR,ERR,ERR,ERR,ERR,ERR,ERR,ERR,ERR,ERR,ERR,ERR,ERR,ERR,ERR,ERR,ERR,ERR,ERR,ERR,ERR,ERR,ERR,ERR,ERR,ERR,ERR,ERR,ERR,ERR,ERR,ERR,ERR,ERR,ERR,ERR,ERR,ERR,ERR,ERR,ERR,ERR,ERR,ERR,ERR,ERR,ERR,ERR,ERR,ERR,ERR,ERR,ERR,ERR,ERR,ERR,ERR,ERR,ERR,ERR,ERR,ERR,60.0,60.0,35,0.0,0.0,0.0,0.0,0.0,0.0,0.0,0.0,0.0,0.0,0.0,0.0,0.0,0.0,0.0,0.0,65.2,0,136,65,46,65476,0,300,0,0,8,20529,65476,0,0,2621,60.0,0.0,0.0,0.0,0.0,0.0
2026-07-09T15:25:57,ERR,ERR,ERR,ERR,ERR,ERR,ERR,ERR,ERR,ERR,ERR,ERR,ERR,ERR,ERR,ERR,ERR,ERR,ERR,ERR,ERR,ERR,ERR,ERR,ERR,ERR,ERR,ERR,ERR,ERR,ERR,ERR,ERR,ERR,ERR,ERR,ERR,ERR,ERR,ERR,ERR,ERR,ERR,ERR,ERR,ERR,ERR,ERR,ERR,ERR,ERR,ERR,ERR,ERR,ERR,ERR,ERR,ERR,ERR,ERR,ERR,ERR,ERR,ERR,ERR,ERR,ERR,ERR,ERR,ERR,ERR,ERR,ERR,ERR,ERR,ERR,ERR,ERR,ERR,ERR,ERR,ERR,ERR,ERR,ERR,ERR,ERR,ERR,ERR,ERR,ERR,ERR,ERR,ERR,ERR,ERR,ERR,ERR,ERR,ERR,ERR,ERR,ERR,ERR,ERR,ERR,ERR,ERR,ERR,ERR,ERR,ERR,ERR,ERR,ERR,ERR,ERR,ERR,ERR,ERR,ERR,ERR,ERR,ERR,ERR,-107615136.0,2.7184447926748693e+23,nan,-0.0,-1.1831896347524507e+21,6.226478685319332e+17,1.4261430720503931e+22,2.1204666605025986e+27,0,0,4,17306,7116,0.0,100,0.0,0.0,-0.0,0.0,0.0,0,0,0,0,0.0,0,0,0,0,0,0,0,0,0,0,0,0,0,0,0,0,0,0,0,0,0,0,0,0,0,0,0,0,0,0,0,0,0,31,40,40,71,65476,0,300,0,0,8,21553,0.0,-107605600.0,0.0,0.0,0.0,0.0,0.0,0.0,0.0,0.0,0.0,0.0,0.0,0.0,0.0,0.0,0.0,0.0,0.0,0.0,0.0,0.0,0.0,0.0,0.0,0.0,0.0,0.0,0.0,0.0,5908.0,-0.0,6932.0,-107615136.0,0.0,2.004,2.004,0.0,0.0,0.0,0.0,69,-0.0,0.0,0.0,0.0,0.0,0.0,0.0,0.0,0.0,0,0,0,0.0,0.0,0.0,0.0,0.0,0.0,0.0,0.0,0.0,0.0,0.0,0.0,0.0,0.0,0.0,0.0,0,-107875648.0,69,0.0,138,0.0,2.012,ERR,ERR,ERR,ERR,ERR,ERR,ERR,ERR,ERR,ERR,ERR,ERR,ERR,ERR,ERR,ERR,ERR,ERR,ERR,ERR,ERR,ERR,ERR,ERR,ERR,ERR,ERR,ERR,ERR,ERR,ERR,ERR,ERR,ERR,ERR,ERR,ERR,ERR,ERR,ERR,ERR,ERR,ERR,ERR,ERR,ERR,ERR,ERR,ERR,ERR,ERR,ERR,ERR,ERR,ERR,ERR,ERR,ERR,ERR,ERR,ERR,ERR,ERR,ERR,ERR,ERR,ERR,60.0,60.0,35,0.0,0.0,0.0,0.0,0.0,0.0,0.0,0.0,0.0,0.0,0.0,0.0,0.0,0.0,0.0,0.0,65.2,0,136,65,46,65476,0,300,0,0,8,20529,65476,0,0,2621,60.0,0.0,0.0,0.0,0.0,0.0
2026-07-09T15:25:58,ERR,ERR,ERR,ERR,ERR,ERR,ERR,ERR,ERR,ERR,ERR,ERR,ERR,ERR,ERR,ERR,ERR,ERR,ERR,ERR,ERR,ERR,ERR,ERR,ERR,ERR,ERR,ERR,ERR,ERR,ERR,ERR,ERR,ERR,ERR,ERR,ERR,ERR,ERR,ERR,ERR,ERR,ERR,ERR,ERR,ERR,ERR,ERR,ERR,ERR,ERR,ERR,ERR,ERR,ERR,ERR,ERR,ERR,ERR,ERR,ERR,ERR,ERR,ERR,ERR,ERR,ERR,ERR,ERR,ERR,ERR,ERR,ERR,ERR,ERR,ERR,ERR,ERR,ERR,ERR,ERR,ERR,ERR,ERR,ERR,ERR,ERR,ERR,ERR,ERR,ERR,ERR,ERR,ERR,ERR,ERR,ERR,ERR,ERR,ERR,ERR,ERR,ERR,ERR,ERR,ERR,ERR,ERR,ERR,ERR,ERR,ERR,ERR,ERR,ERR,ERR,ERR,ERR,ERR,ERR,ERR,ERR,ERR,ERR,ERR,-107615136.0,-107615992.0,-107614800.0,-0.0,-9.749838569243532e+32,36354142502912.0,4.1663417528583455e+18,233.251,0,0,4,17308,7116,0.0,100,0.0,0.0,-0.0,0.0,0.0,0,0,0,0,0.0,0,0,0,0,0,0,0,0,0,0,0,0,0,0,0,0,0,0,0,0,0,0,0,0,0,0,0,0,0,0,0,0,0,31,40,40,71,65476,0,300,0,0,8,21553,0.0,-107605600.0,0.0,0.0,0.0,0.0,0.0,0.0,0.0,0.0,0.0,0.0,0.0,0.0,0.0,0.0,0.0,0.0,0.0,0.0,0.0,0.0,0.0,-2.004,0.0,0.0,0.0,0.0,0.0,0.0,5905.0,8608210944.0,6922.0,-107615136.0,-0.0,2.004,2.004,0.0,0.0,0.0,0.0,69,0.0,-4.950415057917585e+32,0.0,0.0,0.0,0.0,0.0,0.0,0.0,0,0,0,0.0,0.0,0.0,0.0,0.0,0.0,0.0,0.0,0.0,0.0,0.0,0.0,0.0,0.0,0.0,0.0,0,-107875648.0,69,0.0,138,0.0,2.012,ERR,ERR,ERR,ERR,ERR,ERR,ERR,ERR,ERR,ERR,ERR,ERR,ERR,ERR,ERR,ERR,ERR,ERR,ERR,ERR,ERR,ERR,ERR,ERR,ERR,ERR,ERR,ERR,ERR,ERR,ERR,ERR,ERR,ERR,ERR,ERR,ERR,ERR,ERR,ERR,ERR,ERR,ERR,ERR,ERR,ERR,ERR,ERR,ERR,ERR,ERR,ERR,ERR,ERR,ERR,ERR,ERR,ERR,ERR,ERR,ERR,ERR,ERR,ERR,ERR,ERR,ERR,60.0,60.0,35,0.0,0.0,0.0,0.0,0.0,0.0,0.0,0.0,0.0,0.0,0.0,0.0,0.0,0.0,0.0,0.0,65.2,0,136,65,46,65476,0,300,0,0,8,20529,65476,0,0,2621,60.0,0.0,0.0,0.0,0.0,0.0
2026-07-09T15:25:59,ERR,ERR,ERR,ERR,ERR,ERR,ERR,ERR,ERR,ERR,ERR,ERR,ERR,ERR,ERR,ERR,ERR,ERR,ERR,ERR,ERR,ERR,ERR,ERR,ERR,ERR,ERR,ERR,ERR,ERR,ERR,ERR,ERR,ERR,ERR,ERR,ERR,ERR,ERR,ERR,ERR,ERR,ERR,ERR,ERR,ERR,ERR,ERR,ERR,ERR,ERR,ERR,ERR,ERR,ERR,ERR,ERR,ERR,ERR,ERR,ERR,ERR,ERR,ERR,ERR,ERR,ERR,ERR,ERR,ERR,ERR,ERR,ERR,ERR,ERR,ERR,ERR,ERR,ERR,ERR,ERR,ERR,ERR,ERR,ERR,ERR,ERR,ERR,ERR,ERR,ERR,ERR,ERR,ERR,ERR,ERR,ERR,ERR,ERR,ERR,ERR,ERR,ERR,ERR,ERR,ERR,ERR,ERR,ERR,ERR,ERR,ERR,ERR,ERR,ERR,ERR,ERR,ERR,ERR,ERR,ERR,ERR,ERR,ERR,ERR,-107615136.0,-107615992.0,-107614800.0,-0.0,-9.749838569243532e+32,36354142502912.0,4.1663417528583455e+18,233.251,0,0,4,17308,7116,0.0,100,0.0,0.0,-0.0,0.0,0.0,0,0,0,0,0.0,0,0,0,0,0,0,0,0,0,0,0,0,0,0,0,0,0,0,0,0,0,0,0,0,0,0,0,0,0,0,0,0,0,31,40,40,71,65476,0,300,0,0,8,21553,0.0,-107605600.0,0.0,0.0,0.0,0.0,0.0,0.0,0.0,0.0,0.0,0.0,0.0,0.0,0.0,0.0,0.0,0.0,0.0,0.0,0.0,0.0,0.0,-2.004,0.0,0.0,0.0,0.0,0.0,0.0,5905.0,8608210944.0,6922.0,-107615136.0,-0.0,2.004,2.004,0.0,0.0,0.0,0.0,69,0.0,-4.950415057917585e+32,0.0,0.0,0.0,0.0,0.0,0.0,0.0,0,0,0,0.0,0.0,0.0,0.0,0.0,0.0,0.0,0.0,0.0,0.0,0.0,0.0,0.0,0.0,0.0,0.0,0,-107875648.0,69,0.0,138,0.0,2.012,ERR,ERR,ERR,ERR,ERR,ERR,ERR,ERR,ERR,ERR,ERR,ERR,ERR,ERR,ERR,ERR,ERR,ERR,ERR,ERR,ERR,ERR,ERR,ERR,ERR,ERR,ERR,ERR,ERR,ERR,ERR,ERR,ERR,ERR,ERR,ERR,ERR,ERR,ERR,ERR,ERR,ERR,ERR,ERR,ERR,ERR,ERR,ERR,ERR,ERR,ERR,ERR,ERR,ERR,ERR,ERR,ERR,ERR,ERR,ERR,ERR,ERR,ERR,ERR,ERR,ERR,ERR,60.0,60.0,35,0.0,0.0,0.0,0.0,0.0,0.0,0.0,0.0,0.0,0.0,0.0,0.0,0.0,0.0,0.0,0.0,65.2,0,136,65,46,65476,0,300,0,0,8,20529,65476,0,0,2621,60.0,0.0,0.0,0.0,0.0,0.0
2026-07-09T15:26:00,ERR,ERR,ERR,ERR,ERR,ERR,ERR,ERR,ERR,ERR,ERR,ERR,ERR,ERR,ERR,ERR,ERR,ERR,ERR,ERR,ERR,ERR,ERR,ERR,ERR,ERR,ERR,ERR,ERR,ERR,ERR,ERR,ERR,ERR,ERR,ERR,ERR,ERR,ERR,ERR,ERR,ERR,ERR,ERR,ERR,ERR,ERR,ERR,ERR,ERR,ERR,ERR,ERR,ERR,ERR,ERR,ERR,ERR,ERR,ERR,ERR,ERR,ERR,ERR,ERR,ERR,ERR,ERR,ERR,ERR,ERR,ERR,ERR,ERR,ERR,ERR,ERR,ERR,ERR,ERR,ERR,ERR,ERR,ERR,ERR,ERR,ERR,ERR,ERR,ERR,ERR,ERR,ERR,ERR,ERR,ERR,ERR,ERR,ERR,ERR,ERR,ERR,ERR,ERR,ERR,ERR,ERR,ERR,ERR,ERR,ERR,ERR,ERR,ERR,ERR,ERR,ERR,ERR,ERR,ERR,ERR,ERR,ERR,ERR,ERR,-107615136.0,-107615992.0,-107614800.0,-0.0,-9.749838569243532e+32,36354142502912.0,4.1663417528583455e+18,233.251,0,0,4,17308,7116,0.0,100,0.0,0.0,-0.0,0.0,0.0,0,0,0,0,0.0,0,0,0,0,0,0,0,0,0,0,0,0,0,0,0,0,0,0,0,0,0,0,0,0,0,0,0,0,0,0,0,0,0,31,40,40,71,65476,0,300,0,0,8,21553,0.0,-107605600.0,0.0,0.0,0.0,0.0,0.0,0.0,0.0,0.0,0.0,0.0,0.0,0.0,0.0,0.0,0.0,0.0,0.0,0.0,0.0,0.0,0.0,-2.004,0.0,0.0,0.0,0.0,0.0,0.0,5905.0,8608210944.0,6922.0,-107615136.0,-0.0,2.004,2.004,0.0,0.0,0.0,0.0,69,0.0,-4.950415057917585e+32,0.0,0.0,0.0,0.0,0.0,0.0,0.0,0,0,0,0.0,0.0,0.0,0.0,0.0,0.0,0.0,0.0,0.0,0.0,0.0,0.0,0.0,0.0,0.0,0.0,0,-107875648.0,69,0.0,138,0.0,2.012,ERR,ERR,ERR,ERR,ERR,ERR,ERR,ERR,ERR,ERR,ERR,ERR,ERR,ERR,ERR,ERR,ERR,ERR,ERR,ERR,ERR,ERR,ERR,ERR,ERR,ERR,ERR,ERR,ERR,ERR,ERR,ERR,ERR,ERR,ERR,ERR,ERR,ERR,ERR,ERR,ERR,ERR,ERR,ERR,ERR,ERR,ERR,ERR,ERR,ERR,ERR,ERR,ERR,ERR,ERR,ERR,ERR,ERR,ERR,ERR,ERR,ERR,ERR,ERR,ERR,ERR,ERR,60.0,60.0,35,0.0,0.0,0.0,0.0,0.0,0.0,0.0,0.0,0.0,0.0,0.0,0.0,0.0,0.0,0.0,0.0,65.2,0,136,65,46,65476,0,300,0,0,8,20529,65476,0,0,2621,60.0,0.0,0.0,0.0,0.0,0.0
2026-07-09T15:26:01,ERR,ERR,ERR,ERR,ERR,ERR,ERR,ERR,ERR,ERR,ERR,ERR,ERR,ERR,ERR,ERR,ERR,ERR,ERR,ERR,ERR,ERR,ERR,ERR,ERR,ERR,ERR,ERR,ERR,ERR,ERR,ERR,ERR,ERR,ERR,ERR,ERR,ERR,ERR,ERR,ERR,ERR,ERR,ERR,ERR,ERR,ERR,ERR,ERR,ERR,ERR,ERR,ERR,ERR,ERR,ERR,ERR,ERR,ERR,ERR,ERR,ERR,ERR,ERR,ERR,ERR,ERR,ERR,ERR,ERR,ERR,ERR,ERR,ERR,ERR,ERR,ERR,ERR,ERR,ERR,ERR,ERR,ERR,ERR,ERR,ERR,ERR,ERR,ERR,ERR,ERR,ERR,ERR,ERR,ERR,ERR,ERR,ERR,ERR,ERR,ERR,ERR,ERR,ERR,ERR,ERR,ERR,ERR,ERR,ERR,ERR,ERR,ERR,ERR,ERR,ERR,ERR,ERR,ERR,ERR,ERR,ERR,ERR,ERR,ERR,-107615136.0,-107615992.0,-107614800.0,-0.0,-9.749838569243532e+32,36354142502912.0,4.1663417528583455e+18,233.251,0,0,4,17308,7116,0.0,100,0.0,0.0,-0.0,0.0,0.0,0,0,0,0,0.0,0,0,0,0,0,0,0,0,0,0,0,0,0,0,0,0,0,0,0,0,0,0,0,0,0,0,0,0,0,0,0,0,0,31,40,40,71,65476,0,300,0,0,8,21553,0.0,-107605600.0,0.0,0.0,0.0,0.0,0.0,0.0,0.0,0.0,0.0,0.0,0.0,0.0,0.0,0.0,0.0,0.0,0.0,0.0,0.0,0.0,0.0,-2.004,0.0,0.0,0.0,0.0,0.0,0.0,5905.0,8608210944.0,6922.0,-107615136.0,-0.0,2.004,2.004,0.0,0.0,0.0,0.0,69,0.0,-4.950415057917585e+32,0.0,0.0,0.0,0.0,0.0,0.0,0.0,0,0,0,0.0,0.0,0.0,0.0,0.0,0.0,0.0,0.0,0.0,0.0,0.0,0.0,0.0,0.0,0.0,0.0,0,-107875648.0,69,0.0,138,0.0,2.012,ERR,ERR,ERR,ERR,ERR,ERR,ERR,ERR,ERR,ERR,ERR,ERR,ERR,ERR,ERR,ERR,ERR,ERR,ERR,ERR,ERR,ERR,ERR,ERR,ERR,ERR,ERR,ERR,ERR,ERR,ERR,ERR,ERR,ERR,ERR,ERR,ERR,ERR,ERR,ERR,ERR,ERR,ERR,ERR,ERR,ERR,ERR,ERR,ERR,ERR,ERR,ERR,ERR,ERR,ERR,ERR,ERR,ERR,ERR,ERR,ERR,ERR,ERR,ERR,ERR,ERR,ERR,60.0,60.0,35,0.0,0.0,0.0,0.0,0.0,0.0,0.0,0.0,0.0,0.0,0.0,0.0,0.0,0.0,0.0,0.0,65.2,0,136,65,46,65476,0,300,0,0,8,20529,65476,0,0,2621,60.0,0.0,0.0,0.0,0.0,0.0
2026-07-09T15:26:02,ERR,ERR,ERR,ERR,ERR,ERR,ERR,ERR,ERR,ERR,ERR,ERR,ERR,ERR,ERR,ERR,ERR,ERR,ERR,ERR,ERR,ERR,ERR,ERR,ERR,ERR,ERR,ERR,ERR,ERR,ERR,ERR,ERR,ERR,ERR,ERR,ERR,ERR,ERR,ERR,ERR,ERR,ERR,ERR,ERR,ERR,ERR,ERR,ERR,ERR,ERR,ERR,ERR,ERR,ERR,ERR,ERR,ERR,ERR,ERR,ERR,ERR,ERR,ERR,ERR,ERR,ERR,ERR,ERR,ERR,ERR,ERR,ERR,ERR,ERR,ERR,ERR,ERR,ERR,ERR,ERR,ERR,ERR,ERR,ERR,ERR,ERR,ERR,ERR,ERR,ERR,ERR,ERR,ERR,ERR,ERR,ERR,ERR,ERR,ERR,ERR,ERR,ERR,ERR,ERR,ERR,ERR,ERR,ERR,ERR,ERR,ERR,ERR,ERR,ERR,ERR,ERR,ERR,ERR,ERR,ERR,ERR,ERR,ERR,ERR,-107615136.0,-107615992.0,-107614800.0,-0.0,-9.749838569243532e+32,36354142502912.0,4.1663417528583455e+18,233.251,0,0,4,17308,7116,0.0,100,0.0,0.0,-0.0,0.0,0.0,0,0,0,0,0.0,0,0,0,0,0,0,0,0,0,0,0,0,0,0,0,0,0,0,0,0,0,0,0,0,0,0,0,0,0,0,0,0,0,31,40,40,71,65476,0,300,0,0,8,21553,0.0,-107605600.0,0.0,0.0,0.0,0.0,0.0,0.0,0.0,0.0,0.0,0.0,0.0,0.0,0.0,0.0,0.0,0.0,0.0,0.0,0.0,0.0,0.0,-2.004,0.0,0.0,0.0,0.0,0.0,0.0,5905.0,8608210944.0,6922.0,-107615136.0,-0.0,2.004,2.004,0.0,0.0,0.0,0.0,69,0.0,-4.950415057917585e+32,0.0,0.0,0.0,0.0,0.0,0.0,0.0,0,0,0,0.0,0.0,0.0,0.0,0.0,0.0,0.0,0.0,0.0,0.0,0.0,0.0,0.0,0.0,0.0,0.0,0,-107875648.0,69,0.0,138,0.0,2.012,ERR,ERR,ERR,ERR,ERR,ERR,ERR,ERR,ERR,ERR,ERR,ERR,ERR,ERR,ERR,ERR,ERR,ERR,ERR,ERR,ERR,ERR,ERR,ERR,ERR,ERR,ERR,ERR,ERR,ERR,ERR,ERR,ERR,ERR,ERR,ERR,ERR,ERR,ERR,ERR,ERR,ERR,ERR,ERR,ERR,ERR,ERR,ERR,ERR,ERR,ERR,ERR,ERR,ERR,ERR,ERR,ERR,ERR,ERR,ERR,ERR,ERR,ERR,ERR,ERR,ERR,ERR,60.0,60.0,35,0.0,0.0,0.0,0.0,0.0,0.0,0.0,0.0,0.0,0.0,0.0,0.0,0.0,0.0,0.0,0.0,65.2,0,137,65,46,65476,0,300,0,0,8,20529,65476,0,0,2621,60.0,0.0,0.0,0.0,0.0,0.0
2026-07-09T15:26:03,ERR,ERR,ERR,ERR,ERR,ERR,ERR,ERR,ERR,ERR,ERR,ERR,ERR,ERR,ERR,ERR,ERR,ERR,ERR,ERR,ERR,ERR,ERR,ERR,ERR,ERR,ERR,ERR,ERR,ERR,ERR,ERR,ERR,ERR,ERR,ERR,ERR,ERR,ERR,ERR,ERR,ERR,ERR,ERR,ERR,ERR,ERR,ERR,ERR,ERR,ERR,ERR,ERR,ERR,ERR,ERR,ERR,ERR,ERR,ERR,ERR,ERR,ERR,ERR,ERR,ERR,ERR,ERR,ERR,ERR,ERR,ERR,ERR,ERR,ERR,ERR,ERR,ERR,ERR,ERR,ERR,ERR,ERR,ERR,ERR,ERR,ERR,ERR,ERR,ERR,ERR,ERR,ERR,ERR,ERR,ERR,ERR,ERR,ERR,ERR,ERR,ERR,ERR,ERR,ERR,ERR,ERR,ERR,ERR,ERR,ERR,ERR,ERR,ERR,ERR,ERR,ERR,ERR,ERR,ERR,ERR,ERR,ERR,ERR,ERR,0.0,2.7184446125308842e+23,-0.0,2.7183478752108883e+23,-0.0,1.3533803414143631e+18,-0.0,0.0,0,0,4,17308,7116,0.0,100,0.0,0.0,-0.0,0.0,0.0,0,0,0,0,0.0,0,0,0,0,0,0,0,0,0,0,0,0,0,0,0,0,0,0,0,0,0,0,0,0,0,0,0,0,0,0,0,0,0,31,40,40,71,65476,0,300,0,0,8,21553,0.0,-107605600.0,0.0,0.0,0.0,0.0,0.0,0.0,0.0,0.0,0.0,0.0,0.0,0.0,0.0,0.0,0.0,0.0,0.0,0.0,0.0,0.0,2.004,-2.004,0.0,0.0,0.0,0.0,0.0,0.0,5908.0,0.0,6919.0,0.0,-0.0,2.004,2.004,0.0,0.0,0.0,0.0,69,0.0,-107615064.0,0.0,0.0,0.0,0.0,0.0,0.0,0.0,0,0,0,0.0,0.0,0.0,0.0,0.0,0.0,0.0,0.0,0.0,0.0,0.0,0.0,0.0,0.0,0.0,0.0,0,-107875648.0,69,0.0,138,0.0,2.012,ERR,ERR,ERR,ERR,ERR,ERR,ERR,ERR,ERR,ERR,ERR,ERR,ERR,ERR,ERR,ERR,ERR,ERR,ERR,ERR,ERR,ERR,ERR,ERR,ERR,ERR,ERR,ERR,ERR,ERR,ERR,ERR,ERR,ERR,ERR,ERR,ERR,ERR,ERR,ERR,ERR,ERR,ERR,ERR,ERR,ERR,ERR,ERR,ERR,ERR,ERR,ERR,ERR,ERR,ERR,ERR,ERR,ERR,ERR,ERR,ERR,ERR,ERR,ERR,ERR,ERR,ERR,60.0,60.0,35,0.0,0.0,0.0,0.0,0.0,0.0,0.0,0.0,0.0,0.0,0.0,0.0,0.0,0.0,0.0,0.0,65.2,0,137,65,46,65476,0,300,0,0,8,20529,65476,0,0,2621,60.0,0.0,0.0,0.0,0.0,0.0
2026-07-09T15:26:04,ERR,ERR,ERR,ERR,ERR,ERR,ERR,ERR,ERR,ERR,ERR,ERR,ERR,ERR,ERR,ERR,ERR,ERR,ERR,ERR,ERR,ERR,ERR,ERR,ERR,ERR,ERR,ERR,ERR,ERR,ERR,ERR,ERR,ERR,ERR,ERR,ERR,ERR,ERR,ERR,ERR,ERR,ERR,ERR,ERR,ERR,ERR,ERR,ERR,ERR,ERR,ERR,ERR,ERR,ERR,ERR,ERR,ERR,ERR,ERR,ERR,ERR,ERR,ERR,ERR,ERR,ERR,ERR,ERR,ERR,ERR,ERR,ERR,ERR,ERR,ERR,ERR,ERR,ERR,ERR,ERR,ERR,ERR,ERR,ERR,ERR,ERR,ERR,ERR,ERR,ERR,ERR,ERR,ERR,ERR,ERR,ERR,ERR,ERR,ERR,ERR,ERR,ERR,ERR,ERR,ERR,ERR,ERR,ERR,ERR,ERR,ERR,ERR,ERR,ERR,ERR,ERR,ERR,ERR,ERR,ERR,ERR,ERR,ERR,ERR,0.0,2.7184446125308842e+23,-0.0,2.7183478752108883e+23,-0.0,1.3533803414143631e+18,-0.0,0.0,0,0,4,17308,7116,0.0,100,0.0,0.0,-0.0,0.0,0.0,0,0,0,0,0.0,0,0,0,0,0,0,0,0,0,0,0,0,0,0,0,0,0,0,0,0,0,0,0,0,0,0,0,0,0,0,0,0,0,31,40,40,71,65476,0,300,0,0,8,21553,0.0,-107605600.0,0.0,0.0,0.0,0.0,0.0,0.0,0.0,0.0,0.0,0.0,0.0,0.0,0.0,0.0,0.0,0.0,0.0,0.0,0.0,0.0,2.004,-2.004,0.0,0.0,0.0,0.0,0.0,0.0,5908.0,0.0,6919.0,0.0,-0.0,2.004,2.004,0.0,0.0,0.0,0.0,69,0.0,-107615064.0,0.0,0.0,0.0,0.0,0.0,0.0,0.0,0,0,0,0.0,0.0,0.0,0.0,0.0,0.0,0.0,0.0,0.0,0.0,0.0,0.0,0.0,0.0,0.0,0.0,0,-107875648.0,69,0.0,138,0.0,2.012,ERR,ERR,ERR,ERR,ERR,ERR,ERR,ERR,ERR,ERR,ERR,ERR,ERR,ERR,ERR,ERR,ERR,ERR,ERR,ERR,ERR,ERR,ERR,ERR,ERR,ERR,ERR,ERR,ERR,ERR,ERR,ERR,ERR,ERR,ERR,ERR,ERR,ERR,ERR,ERR,ERR,ERR,ERR,ERR,ERR,ERR,ERR,ERR,ERR,ERR,ERR,ERR,ERR,ERR,ERR,ERR,ERR,ERR,ERR,ERR,ERR,ERR,ERR,ERR,ERR,ERR,ERR,60.0,60.0,35,0.0,0.0,0.0,0.0,0.0,0.0,0.0,0.0,0.0,0.0,0.0,0.0,0.0,0.0,0.0,0.0,65.2,0,137,66,46,65476,0,300,0,0,8,20529,65476,0,0,2621,60.0,0.0,0.0,0.0,0.0,0.0
2026-07-09T15:26:05,ERR,ERR,ERR,ERR,ERR,ERR,ERR,ERR,ERR,ERR,ERR,ERR,ERR,ERR,ERR,ERR,ERR,ERR,ERR,ERR,ERR,ERR,ERR,ERR,ERR,ERR,ERR,ERR,ERR,ERR,ERR,ERR,ERR,ERR,ERR,ERR,ERR,ERR,ERR,ERR,ERR,ERR,ERR,ERR,ERR,ERR,ERR,ERR,ERR,ERR,ERR,ERR,ERR,ERR,ERR,ERR,ERR,ERR,ERR,ERR,ERR,ERR,ERR,ERR,ERR,ERR,ERR,ERR,ERR,ERR,ERR,ERR,ERR,ERR,ERR,ERR,ERR,ERR,ERR,ERR,ERR,ERR,ERR,ERR,ERR,ERR,ERR,ERR,ERR,ERR,ERR,ERR,ERR,ERR,ERR,ERR,ERR,ERR,ERR,ERR,ERR,ERR,ERR,ERR,ERR,ERR,ERR,ERR,ERR,ERR,ERR,ERR,ERR,ERR,ERR,ERR,ERR,ERR,ERR,ERR,ERR,ERR,ERR,ERR,ERR,0.0,2.7184446125308842e+23,-0.0,2.7183478752108883e+23,-0.0,1.3533803414143631e+18,-0.0,0.0,0,0,4,17308,7116,0.0,100,0.0,0.0,-0.0,0.0,0.0,0,0,0,0,0.0,0,0,0,0,0,0,0,0,0,0,0,0,0,0,0,0,0,0,0,0,0,0,0,0,0,0,0,0,0,0,0,0,0,31,40,40,71,65476,0,300,0,0,8,21553,0.0,-107605600.0,0.0,0.0,0.0,0.0,0.0,0.0,0.0,0.0,0.0,0.0,0.0,0.0,0.0,0.0,0.0,0.0,0.0,0.0,0.0,0.0,2.004,-2.004,0.0,0.0,0.0,0.0,0.0,0.0,5908.0,0.0,6919.0,0.0,-0.0,2.004,2.004,0.0,0.0,0.0,0.0,69,0.0,-107615064.0,0.0,0.0,0.0,0.0,0.0,0.0,0.0,0,0,0,0.0,0.0,0.0,0.0,0.0,0.0,0.0,0.0,0.0,0.0,0.0,0.0,0.0,0.0,0.0,0.0,0,-107875648.0,69,0.0,138,0.0,2.012,ERR,ERR,ERR,ERR,ERR,ERR,ERR,ERR,ERR,ERR,ERR,ERR,ERR,ERR,ERR,ERR,ERR,ERR,ERR,ERR,ERR,ERR,ERR,ERR,ERR,ERR,ERR,ERR,ERR,ERR,ERR,ERR,ERR,ERR,ERR,ERR,ERR,ERR,ERR,ERR,ERR,ERR,ERR,ERR,ERR,ERR,ERR,ERR,ERR,ERR,ERR,ERR,ERR,ERR,ERR,ERR,ERR,ERR,ERR,ERR,ERR,ERR,ERR,ERR,ERR,ERR,ERR,60.0,60.0,35,0.0,0.0,0.0,0.0,0.0,0.0,0.0,0.0,0.0,0.0,0.0,0.0,0.0,0.0,0.0,0.0,65.2,0,137,66,46,65476,0,300,0,0,8,20529,65476,0,0,2621,60.0,0.0,0.0,0.0,0.0,0.0
2026-07-09T15:26:06,ERR,ERR,ERR,ERR,ERR,ERR,ERR,ERR,ERR,ERR,ERR,ERR,ERR,ERR,ERR,ERR,ERR,ERR,ERR,ERR,ERR,ERR,ERR,ERR,ERR,ERR,ERR,ERR,ERR,ERR,ERR,ERR,ERR,ERR,ERR,ERR,ERR,ERR,ERR,ERR,ERR,ERR,ERR,ERR,ERR,ERR,ERR,ERR,ERR,ERR,ERR,ERR,ERR,ERR,ERR,ERR,ERR,ERR,ERR,ERR,ERR,ERR,ERR,ERR,ERR,ERR,ERR,ERR,ERR,ERR,ERR,ERR,ERR,ERR,ERR,ERR,ERR,ERR,ERR,ERR,ERR,ERR,ERR,ERR,ERR,ERR,ERR,ERR,ERR,ERR,ERR,ERR,ERR,ERR,ERR,ERR,ERR,ERR,ERR,ERR,ERR,ERR,ERR,ERR,ERR,ERR,ERR,ERR,ERR,ERR,ERR,ERR,ERR,ERR,ERR,ERR,ERR,ERR,ERR,ERR,ERR,ERR,ERR,ERR,ERR,0.0,2.7184446125308842e+23,-0.0,2.7183478752108883e+23,-0.0,1.3533803414143631e+18,-0.0,0.0,0,0,4,17308,7116,0.0,100,0.0,0.0,-0.0,0.0,0.0,0,0,0,0,0.0,0,0,0,0,0,0,0,0,0,0,0,0,0,0,0,0,0,0,0,0,0,0,0,0,0,0,0,0,0,0,0,0,0,31,40,40,71,65476,0,300,0,0,8,21553,0.0,-107605600.0,0.0,0.0,0.0,0.0,0.0,0.0,0.0,0.0,0.0,0.0,0.0,0.0,0.0,0.0,0.0,0.0,0.0,0.0,0.0,0.0,2.004,-2.004,0.0,0.0,0.0,0.0,0.0,0.0,5908.0,0.0,6919.0,0.0,-0.0,2.004,2.004,0.0,0.0,0.0,0.0,69,0.0,-107615064.0,0.0,0.0,0.0,0.0,0.0,0.0,0.0,0,0,0,0.0,0.0,0.0,0.0,0.0,0.0,0.0,0.0,0.0,0.0,0.0,0.0,0.0,0.0,0.0,0.0,0,-107875648.0,69,0.0,138,0.0,2.012,ERR,ERR,ERR,ERR,ERR,ERR,ERR,ERR,ERR,ERR,ERR,ERR,ERR,ERR,ERR,ERR,ERR,ERR,ERR,ERR,ERR,ERR,ERR,ERR,ERR,ERR,ERR,ERR,ERR,ERR,ERR,ERR,ERR,ERR,ERR,ERR,ERR,ERR,ERR,ERR,ERR,ERR,ERR,ERR,ERR,ERR,ERR,ERR,ERR,ERR,ERR,ERR,ERR,ERR,ERR,ERR,ERR,ERR,ERR,ERR,ERR,ERR,ERR,ERR,ERR,ERR,ERR,60.0,60.0,35,0.0,0.0,0.0,0.0,0.0,0.0,0.0,0.0,0.0,0.0,0.0,0.0,0.0,0.0,0.0,0.0,65.2,0,137,66,46,65476,0,300,0,0,8,20529,65476,0,0,2621,60.0,0.0,0.0,0.0,0.0,0.0
2026-07-09T15:26:07,ERR,ERR,ERR,ERR,ERR,ERR,ERR,ERR,ERR,ERR,ERR,ERR,ERR,ERR,ERR,ERR,ERR,ERR,ERR,ERR,ERR,ERR,ERR,ERR,ERR,ERR,ERR,ERR,ERR,ERR,ERR,ERR,ERR,ERR,ERR,ERR,ERR,ERR,ERR,ERR,ERR,ERR,ERR,ERR,ERR,ERR,ERR,ERR,ERR,ERR,ERR,ERR,ERR,ERR,ERR,ERR,ERR,ERR,ERR,ERR,ERR,ERR,ERR,ERR,ERR,ERR,ERR,ERR,ERR,ERR,ERR,ERR,ERR,ERR,ERR,ERR,ERR,ERR,ERR,ERR,ERR,ERR,ERR,ERR,ERR,ERR,ERR,ERR,ERR,ERR,ERR,ERR,ERR,ERR,ERR,ERR,ERR,ERR,ERR,ERR,ERR,ERR,ERR,ERR,ERR,ERR,ERR,ERR,ERR,ERR,ERR,ERR,ERR,ERR,ERR,ERR,ERR,ERR,ERR,ERR,ERR,ERR,ERR,ERR,ERR,0.0,2.7184446125308842e+23,-0.0,2.7183478752108883e+23,-0.0,1.3533803414143631e+18,-0.0,0.0,0,0,4,17308,7116,0.0,100,0.0,0.0,-0.0,0.0,0.0,0,0,0,0,0.0,0,0,0,0,0,0,0,0,0,0,0,0,0,0,0,0,0,0,0,0,0,0,0,0,0,0,0,0,0,0,0,0,0,31,40,40,71,65476,0,300,0,0,8,21553,0.0,-107605600.0,0.0,0.0,0.0,0.0,0.0,0.0,0.0,0.0,0.0,0.0,0.0,0.0,0.0,0.0,0.0,0.0,0.0,0.0,0.0,0.0,2.004,-2.004,0.0,0.0,0.0,0.0,0.0,0.0,5908.0,0.0,6919.0,0.0,-0.0,2.004,2.004,0.0,0.0,0.0,0.0,69,0.0,-107615064.0,0.0,0.0,0.0,0.0,0.0,0.0,0.0,0,0,0,0.0,0.0,0.0,0.0,0.0,0.0,0.0,0.0,0.0,0.0,0.0,0.0,0.0,0.0,0.0,0.0,0,-107875648.0,69,0.0,138,0.0,2.012,ERR,ERR,ERR,ERR,ERR,ERR,ERR,ERR,ERR,ERR,ERR,ERR,ERR,ERR,ERR,ERR,ERR,ERR,ERR,ERR,ERR,ERR,ERR,ERR,ERR,ERR,ERR,ERR,ERR,ERR,ERR,ERR,ERR,ERR,ERR,ERR,ERR,ERR,ERR,ERR,ERR,ERR,ERR,ERR,ERR,ERR,ERR,ERR,ERR,ERR,ERR,ERR,ERR,ERR,ERR,ERR,ERR,ERR,ERR,ERR,ERR,ERR,ERR,ERR,ERR,ERR,ERR,60.0,60.0,35,0.0,0.0,0.0,0.0,0.0,0.0,0.0,0.0,0.0,0.0,0.0,0.0,0.0,0.0,0.0,0.0,65.2,0,137,66,46,65476,0,300,0,0,8,20529,65476,0,0,2621,60.0,0.0,0.0,0.0,0.0,0.0
2026-07-09T15:26:08,ERR,ERR,ERR,ERR,ERR,ERR,ERR,ERR,ERR,ERR,ERR,ERR,ERR,ERR,ERR,ERR,ERR,ERR,ERR,ERR,ERR,ERR,ERR,ERR,ERR,ERR,ERR,ERR,ERR,ERR,ERR,ERR,ERR,ERR,ERR,ERR,ERR,ERR,ERR,ERR,ERR,ERR,ERR,ERR,ERR,ERR,ERR,ERR,ERR,ERR,ERR,ERR,ERR,ERR,ERR,ERR,ERR,ERR,ERR,ERR,ERR,ERR,ERR,ERR,ERR,ERR,ERR,ERR,ERR,ERR,ERR,ERR,ERR,ERR,ERR,ERR,ERR,ERR,ERR,ERR,ERR,ERR,ERR,ERR,ERR,ERR,ERR,ERR,ERR,ERR,ERR,ERR,ERR,ERR,ERR,ERR,ERR,ERR,ERR,ERR,ERR,ERR,ERR,ERR,ERR,ERR,ERR,ERR,ERR,ERR,ERR,ERR,ERR,ERR,ERR,ERR,ERR,ERR,ERR,ERR,ERR,ERR,ERR,ERR,ERR,0.0,-107615992.0,2.7302236872842792e+23,2.7183478752108883e+23,0.0,-0.0,0.0,-0.0,0,0,4,17309,7116,0.0,100,0.0,0.0,2.7183478752108883e+23,0.0,0.0,0,0,0,0,0.0,0,0,0,0,0,0,0,0,0,0,0,0,0,0,0,0,0,0,0,0,0,0,0,0,0,0,0,0,0,0,0,0,0,31,40,40,71,65476,0,300,0,0,8,21553,0.0,-107605600.0,0.0,0.0,0.0,0.0,0.0,0.0,0.0,0.0,0.0,0.0,0.0,0.0,0.0,0.0,0.0,0.0,0.0,0.0,0.0,0.0,2.004,0.0,0.0,0.0,0.0,0.0,0.0,0.0,5873.0,-3.697198008350278e+19,6940.0,0.0,0.0,2.004,2.004,0.0,0.0,0.0,0.0,69,0.059,1.90569193572139e+17,0.0,0.0,0.0,0.0,0.0,0.0,0.0,0,0,0,0.0,0.0,0.0,0.0,0.0,0.0,0.0,0.0,0.0,0.0,0.0,0.0,0.0,0.0,0.0,0.0,0,-107875648.0,69,0.0,138,0.0,2.012,ERR,ERR,ERR,ERR,ERR,ERR,ERR,ERR,ERR,ERR,ERR,ERR,ERR,ERR,ERR,ERR,ERR,ERR,ERR,ERR,ERR,ERR,ERR,ERR,ERR,ERR,ERR,ERR,ERR,ERR,ERR,ERR,ERR,ERR,ERR,ERR,ERR,ERR,ERR,ERR,ERR,ERR,ERR,ERR,ERR,ERR,ERR,ERR,ERR,ERR,ERR,ERR,ERR,ERR,ERR,ERR,ERR,ERR,ERR,ERR,ERR,ERR,ERR,ERR,ERR,ERR,ERR,60.0,60.0,35,0.0,0.0,0.0,0.0,0.0,0.0,0.0,0.0,0.0,0.0,0.0,0.0,0.0,0.0,0.0,0.0,65.2,0,137,66,46,65476,0,300,0,0,8,20529,65476,0,0,2621,60.0,0.0,0.0,0.0,0.0,0.0
2026-07-09T15:26:09,ERR,ERR,ERR,ERR,ERR,ERR,ERR,ERR,ERR,ERR,ERR,ERR,ERR,ERR,ERR,ERR,ERR,ERR,ERR,ERR,ERR,ERR,ERR,ERR,ERR,ERR,ERR,ERR,ERR,ERR,ERR,ERR,ERR,ERR,ERR,ERR,ERR,ERR,ERR,ERR,ERR,ERR,ERR,ERR,ERR,ERR,ERR,ERR,ERR,ERR,ERR,ERR,ERR,ERR,ERR,ERR,ERR,ERR,ERR,ERR,ERR,ERR,ERR,ERR,ERR,ERR,ERR,ERR,ERR,ERR,ERR,ERR,ERR,ERR,ERR,ERR,ERR,ERR,ERR,ERR,ERR,ERR,ERR,ERR,ERR,ERR,ERR,ERR,ERR,ERR,ERR,ERR,ERR,ERR,ERR,ERR,ERR,ERR,ERR,ERR,ERR,ERR,ERR,ERR,ERR,ERR,ERR,ERR,ERR,ERR,ERR,ERR,ERR,ERR,ERR,ERR,ERR,ERR,ERR,ERR,ERR,ERR,ERR,ERR,ERR,0.0,-107615992.0,2.7302236872842792e+23,2.7183478752108883e+23,0.0,-0.0,0.0,-0.0,0,0,4,17309,7116,0.0,100,0.0,0.0,2.7183478752108883e+23,0.0,0.0,0,0,0,0,0.0,0,0,0,0,0,0,0,0,0,0,0,0,0,0,0,0,0,0,0,0,0,0,0,0,0,0,0,0,0,0,0,0,0,31,40,40,71,65476,0,300,0,0,8,21553,0.0,-107605600.0,0.0,0.0,0.0,0.0,0.0,0.0,0.0,0.0,0.0,0.0,0.0,0.0,0.0,0.0,0.0,0.0,0.0,0.0,0.0,0.0,2.004,0.0,0.0,0.0,0.0,0.0,0.0,0.0,5873.0,-3.697198008350278e+19,6940.0,0.0,0.0,2.004,2.004,0.0,0.0,0.0,0.0,69,0.059,1.90569193572139e+17,0.0,0.0,0.0,0.0,0.0,0.0,0.0,0,0,0,0.0,0.0,0.0,0.0,0.0,0.0,0.0,0.0,0.0,0.0,0.0,0.0,0.0,0.0,0.0,0.0,0,-107875648.0,69,0.0,138,0.0,2.012,ERR,ERR,ERR,ERR,ERR,ERR,ERR,ERR,ERR,ERR,ERR,ERR,ERR,ERR,ERR,ERR,ERR,ERR,ERR,ERR,ERR,ERR,ERR,ERR,ERR,ERR,ERR,ERR,ERR,ERR,ERR,ERR,ERR,ERR,ERR,ERR,ERR,ERR,ERR,ERR,ERR,ERR,ERR,ERR,ERR,ERR,ERR,ERR,ERR,ERR,ERR,ERR,ERR,ERR,ERR,ERR,ERR,ERR,ERR,ERR,ERR,ERR,ERR,ERR,ERR,ERR,ERR,60.0,60.0,35,0.0,0.0,0.0,0.0,0.0,0.0,0.0,0.0,0.0,0.0,0.0,0.0,0.0,0.0,0.0,0.0,65.2,0,138,66,46,65476,0,300,0,0,8,20529,65476,0,0,2621,60.0,0.0,0.0,0.0,0.0,0.0
2026-07-09T15:26:10,ERR,ERR,ERR,ERR,ERR,ERR,ERR,ERR,ERR,ERR,ERR,ERR,ERR,ERR,ERR,ERR,ERR,ERR,ERR,ERR,ERR,ERR,ERR,ERR,ERR,ERR,ERR,ERR,ERR,ERR,ERR,ERR,ERR,ERR,ERR,ERR,ERR,ERR,ERR,ERR,ERR,ERR,ERR,ERR,ERR,ERR,ERR,ERR,ERR,ERR,ERR,ERR,ERR,ERR,ERR,ERR,ERR,ERR,ERR,ERR,ERR,ERR,ERR,ERR,ERR,ERR,ERR,ERR,ERR,ERR,ERR,ERR,ERR,ERR,ERR,ERR,ERR,ERR,ERR,ERR,ERR,ERR,ERR,ERR,ERR,ERR,ERR,ERR,ERR,ERR,ERR,ERR,ERR,ERR,ERR,ERR,ERR,ERR,ERR,ERR,ERR,ERR,ERR,ERR,ERR,ERR,ERR,ERR,ERR,ERR,ERR,ERR,ERR,ERR,ERR,ERR,ERR,ERR,ERR,ERR,ERR,ERR,ERR,ERR,ERR,0.0,-107615992.0,2.7302236872842792e+23,2.7183478752108883e+23,0.0,-0.0,0.0,-0.0,0,0,4,17309,7116,0.0,100,0.0,0.0,2.7183478752108883e+23,0.0,0.0,0,0,0,0,0.0,0,0,0,0,0,0,0,0,0,0,0,0,0,0,0,0,0,0,0,0,0,0,0,0,0,0,0,0,0,0,0,0,0,31,40,40,71,65476,0,300,0,0,8,21553,0.0,-107605600.0,0.0,0.0,0.0,0.0,0.0,0.0,0.0,0.0,0.0,0.0,0.0,0.0,0.0,0.0,0.0,0.0,0.0,0.0,0.0,0.0,2.004,0.0,0.0,0.0,0.0,0.0,0.0,0.0,5873.0,-3.697198008350278e+19,6940.0,0.0,0.0,2.004,2.004,0.0,0.0,0.0,0.0,69,0.059,1.90569193572139e+17,0.0,0.0,0.0,0.0,0.0,0.0,0.0,0,0,0,0.0,0.0,0.0,0.0,0.0,0.0,0.0,0.0,0.0,0.0,0.0,0.0,0.0,0.0,0.0,0.0,0,-107875648.0,69,0.0,138,0.0,2.012,ERR,ERR,ERR,ERR,ERR,ERR,ERR,ERR,ERR,ERR,ERR,ERR,ERR,ERR,ERR,ERR,ERR,ERR,ERR,ERR,ERR,ERR,ERR,ERR,ERR,ERR,ERR,ERR,ERR,ERR,ERR,ERR,ERR,ERR,ERR,ERR,ERR,ERR,ERR,ERR,ERR,ERR,ERR,ERR,ERR,ERR,ERR,ERR,ERR,ERR,ERR,ERR,ERR,ERR,ERR,ERR,ERR,ERR,ERR,ERR,ERR,ERR,ERR,ERR,ERR,ERR,ERR,60.0,60.0,35,0.0,0.0,0.0,0.0,0.0,0.0,0.0,0.0,0.0,0.0,0.0,0.0,0.0,0.0,0.0,0.0,65.2,0,138,66,46,65476,0,300,0,0,8,20529,65476,0,0,2621,60.0,0.0,0.0,0.0,0.0,0.0
2026-07-09T15:26:11,ERR,ERR,ERR,ERR,ERR,ERR,ERR,ERR,ERR,ERR,ERR,ERR,ERR,ERR,ERR,ERR,ERR,ERR,ERR,ERR,ERR,ERR,ERR,ERR,ERR,ERR,ERR,ERR,ERR,ERR,ERR,ERR,ERR,ERR,ERR,ERR,ERR,ERR,ERR,ERR,ERR,ERR,ERR,ERR,ERR,ERR,ERR,ERR,ERR,ERR,ERR,ERR,ERR,ERR,ERR,ERR,ERR,ERR,ERR,ERR,ERR,ERR,ERR,ERR,ERR,ERR,ERR,ERR,ERR,ERR,ERR,ERR,ERR,ERR,ERR,ERR,ERR,ERR,ERR,ERR,ERR,ERR,ERR,ERR,ERR,ERR,ERR,ERR,ERR,ERR,ERR,ERR,ERR,ERR,ERR,ERR,ERR,ERR,ERR,ERR,ERR,ERR,ERR,ERR,ERR,ERR,ERR,ERR,ERR,ERR,ERR,ERR,ERR,ERR,ERR,ERR,ERR,ERR,ERR,ERR,ERR,ERR,ERR,ERR,ERR,0.0,-107615992.0,2.7302236872842792e+23,2.7183478752108883e+23,0.0,-0.0,0.0,-0.0,0,0,4,17309,7116,0.0,100,0.0,0.0,2.7183478752108883e+23,0.0,0.0,0,0,0,0,0.0,0,0,0,0,0,0,0,0,0,0,0,0,0,0,0,0,0,0,0,0,0,0,0,0,0,0,0,0,0,0,0,0,0,31,40,40,71,65476,0,300,0,0,8,21553,0.0,-107605600.0,0.0,0.0,0.0,0.0,0.0,0.0,0.0,0.0,0.0,0.0,0.0,0.0,0.0,0.0,0.0,0.0,0.0,0.0,0.0,0.0,2.004,0.0,0.0,0.0,0.0,0.0,0.0,0.0,5873.0,-3.697198008350278e+19,6940.0,0.0,0.0,2.004,2.004,0.0,0.0,0.0,0.0,69,0.059,1.90569193572139e+17,0.0,0.0,0.0,0.0,0.0,0.0,0.0,0,0,0,0.0,0.0,0.0,0.0,0.0,0.0,0.0,0.0,0.0,0.0,0.0,0.0,0.0,0.0,0.0,0.0,0,-107875648.0,69,0.0,138,0.0,2.012,ERR,ERR,ERR,ERR,ERR,ERR,ERR,ERR,ERR,ERR,ERR,ERR,ERR,ERR,ERR,ERR,ERR,ERR,ERR,ERR,ERR,ERR,ERR,ERR,ERR,ERR,ERR,ERR,ERR,ERR,ERR,ERR,ERR,ERR,ERR,ERR,ERR,ERR,ERR,ERR,ERR,ERR,ERR,ERR,ERR,ERR,ERR,ERR,ERR,ERR,ERR,ERR,ERR,ERR,ERR,ERR,ERR,ERR,ERR,ERR,ERR,ERR,ERR,ERR,ERR,ERR,ERR,60.0,60.0,35,0.0,0.0,0.0,0.0,0.0,0.0,0.0,0.0,0.0,0.0,0.0,0.0,0.0,0.0,0.0,0.0,65.2,0,138,66,46,65476,0,300,0,0,8,20529,65476,0,0,2621,60.0,0.0,0.0,0.0,0.0,0.0
2026-07-09T15:26:12,ERR,ERR,ERR,ERR,ERR,ERR,ERR,ERR,ERR,ERR,ERR,ERR,ERR,ERR,ERR,ERR,ERR,ERR,ERR,ERR,ERR,ERR,ERR,ERR,ERR,ERR,ERR,ERR,ERR,ERR,ERR,ERR,ERR,ERR,ERR,ERR,ERR,ERR,ERR,ERR,ERR,ERR,ERR,ERR,ERR,ERR,ERR,ERR,ERR,ERR,ERR,ERR,ERR,ERR,ERR,ERR,ERR,ERR,ERR,ERR,ERR,ERR,ERR,ERR,ERR,ERR,ERR,ERR,ERR,ERR,ERR,ERR,ERR,ERR,ERR,ERR,ERR,ERR,ERR,ERR,ERR,ERR,ERR,ERR,ERR,ERR,ERR,ERR,ERR,ERR,ERR,ERR,ERR,ERR,ERR,ERR,ERR,ERR,ERR,ERR,ERR,ERR,ERR,ERR,ERR,ERR,ERR,ERR,ERR,ERR,ERR,ERR,ERR,ERR,ERR,ERR,ERR,ERR,ERR,ERR,ERR,ERR,ERR,ERR,ERR,0.0,-107615992.0,2.7302236872842792e+23,2.7183478752108883e+23,0.0,-0.0,0.0,-0.0,0,0,4,17309,7116,0.0,100,0.0,0.0,2.7183478752108883e+23,0.0,0.0,0,0,0,0,0.0,0,0,0,0,0,0,0,0,0,0,0,0,0,0,0,0,0,0,0,0,0,0,0,0,0,0,0,0,0,0,0,0,0,31,40,40,71,65476,0,300,0,0,8,21553,0.0,-107605600.0,0.0,0.0,0.0,0.0,0.0,0.0,0.0,0.0,0.0,0.0,0.0,0.0,0.0,0.0,0.0,0.0,0.0,0.0,0.0,0.0,2.004,0.0,0.0,0.0,0.0,0.0,0.0,0.0,5873.0,-3.697198008350278e+19,6940.0,0.0,0.0,2.004,2.004,0.0,0.0,0.0,0.0,69,0.059,1.90569193572139e+17,0.0,0.0,0.0,0.0,0.0,0.0,0.0,0,0,0,0.0,0.0,0.0,0.0,0.0,0.0,0.0,0.0,0.0,0.0,0.0,0.0,0.0,0.0,0.0,0.0,0,-107875648.0,69,0.0,138,0.0,2.012,ERR,ERR,ERR,ERR,ERR,ERR,ERR,ERR,ERR,ERR,ERR,ERR,ERR,ERR,ERR,ERR,ERR,ERR,ERR,ERR,ERR,ERR,ERR,ERR,ERR,ERR,ERR,ERR,ERR,ERR,ERR,ERR,ERR,ERR,ERR,ERR,ERR,ERR,ERR,ERR,ERR,ERR,ERR,ERR,ERR,ERR,ERR,ERR,ERR,ERR,ERR,ERR,ERR,ERR,ERR,ERR,ERR,ERR,ERR,ERR,ERR,ERR,ERR,ERR,ERR,ERR,ERR,60.0,60.0,35,0.0,0.0,0.0,0.0,0.0,0.0,0.0,0.0,0.0,0.0,0.0,0.0,0.0,0.0,0.0,0.0,65.2,0,138,66,46,65476,0,300,0,0,8,20529,65476,0,0,2621,60.0,0.0,0.0,0.0,0.0,0.0
2026-07-09T15:26:13,ERR,ERR,ERR,ERR,ERR,ERR,ERR,ERR,ERR,ERR,ERR,ERR,ERR,ERR,ERR,ERR,ERR,ERR,ERR,ERR,ERR,ERR,ERR,ERR,ERR,ERR,ERR,ERR,ERR,ERR,ERR,ERR,ERR,ERR,ERR,ERR,ERR,ERR,ERR,ERR,ERR,ERR,ERR,ERR,ERR,ERR,ERR,ERR,ERR,ERR,ERR,ERR,ERR,ERR,ERR,ERR,ERR,ERR,ERR,ERR,ERR,ERR,ERR,ERR,ERR,ERR,ERR,ERR,ERR,ERR,ERR,ERR,ERR,ERR,ERR,ERR,ERR,ERR,ERR,ERR,ERR,ERR,ERR,ERR,ERR,ERR,ERR,ERR,ERR,ERR,ERR,ERR,ERR,ERR,ERR,ERR,ERR,ERR,ERR,ERR,ERR,ERR,ERR,ERR,ERR,ERR,ERR,ERR,ERR,ERR,ERR,ERR,ERR,ERR,ERR,ERR,ERR,ERR,ERR,ERR,ERR,ERR,ERR,ERR,ERR,0.0,-107616000.0,2.7302240475722494e+23,2.7183478752108883e+23,-0.0,-0.0,4198971904.0,-0.0,0,0,4,17310,7116,0.0,100,0.0,0.0,2.7183478752108883e+23,0.0,0.0,0,0,0,0,0.0,0,0,0,0,0,0,0,0,0,0,0,0,0,0,0,0,0,0,0,0,0,0,0,0,0,0,0,0,0,0,0,0,0,31,40,40,71,65476,0,300,0,0,8,21553,0.0,-107605600.0,0.0,0.0,0.0,0.0,0.0,0.0,0.0,0.0,0.0,0.0,0.0,0.0,0.0,0.0,0.0,0.0,0.0,0.0,0.0,0.0,2.004,-0.0,0.0,0.0,0.0,0.0,0.0,0.0,5874.0,-0.0,6933.0,0.0,0.0,2.004,2.004,0.0,0.0,0.0,0.0,69,-0.0,0.0,0.0,0.0,0.0,0.0,0.0,0.0,0.0,0,0,0,0.0,0.0,0.0,0.0,0.0,0.0,0.0,0.0,0.0,0.0,0.0,0.0,0.0,0.0,0.0,0.0,0,-107875648.0,69,0.0,138,0.0,2.012,ERR,ERR,ERR,ERR,ERR,ERR,ERR,ERR,ERR,ERR,ERR,ERR,ERR,ERR,ERR,ERR,ERR,ERR,ERR,ERR,ERR,ERR,ERR,ERR,ERR,ERR,ERR,ERR,ERR,ERR,ERR,ERR,ERR,ERR,ERR,ERR,ERR,ERR,ERR,ERR,ERR,ERR,ERR,ERR,ERR,ERR,ERR,ERR,ERR,ERR,ERR,ERR,ERR,ERR,ERR,ERR,ERR,ERR,ERR,ERR,ERR,ERR,ERR,ERR,ERR,ERR,ERR,60.0,60.0,35,0.0,0.0,0.0,0.0,0.0,0.0,0.0,0.0,0.0,0.0,0.0,0.0,0.0,0.0,0.0,0.0,65.2,0,138,66,46,65476,0,300,0,0,8,20529,65476,0,0,2621,60.0,0.0,0.0,0.0,0.0,0.0
2026-07-09T15:26:14,ERR,ERR,ERR,ERR,ERR,ERR,ERR,ERR,ERR,ERR,ERR,ERR,ERR,ERR,ERR,ERR,ERR,ERR,ERR,ERR,ERR,ERR,ERR,ERR,ERR,ERR,ERR,ERR,ERR,ERR,ERR,ERR,ERR,ERR,ERR,ERR,ERR,ERR,ERR,ERR,ERR,ERR,ERR,ERR,ERR,ERR,ERR,ERR,ERR,ERR,ERR,ERR,ERR,ERR,ERR,ERR,ERR,ERR,ERR,ERR,ERR,ERR,ERR,ERR,ERR,ERR,ERR,ERR,ERR,ERR,ERR,ERR,ERR,ERR,ERR,ERR,ERR,ERR,ERR,ERR,ERR,ERR,ERR,ERR,ERR,ERR,ERR,ERR,ERR,ERR,ERR,ERR,ERR,ERR,ERR,ERR,ERR,ERR,ERR,ERR,ERR,ERR,ERR,ERR,ERR,ERR,ERR,ERR,ERR,ERR,ERR,ERR,ERR,ERR,ERR,ERR,ERR,ERR,ERR,ERR,ERR,ERR,ERR,ERR,ERR,0.0,-107616000.0,2.7302240475722494e+23,2.7183478752108883e+23,-0.0,-0.0,4198971904.0,-0.0,0,0,4,17310,7116,0.0,100,0.0,0.0,2.7183478752108883e+23,0.0,0.0,0,0,0,0,0.0,0,0,0,0,0,0,0,0,0,0,0,0,0,0,0,0,0,0,0,0,0,0,0,0,0,0,0,0,0,0,0,0,0,31,40,40,71,65476,0,300,0,0,8,21553,0.0,-107605600.0,0.0,0.0,0.0,0.0,0.0,0.0,0.0,0.0,0.0,0.0,0.0,0.0,0.0,0.0,0.0,0.0,0.0,0.0,0.0,0.0,2.004,-0.0,0.0,0.0,0.0,0.0,0.0,0.0,5874.0,-0.0,6933.0,0.0,0.0,2.004,2.004,0.0,0.0,0.0,0.0,69,-0.0,0.0,0.0,0.0,0.0,0.0,0.0,0.0,0.0,0,0,0,0.0,0.0,0.0,0.0,0.0,0.0,0.0,0.0,0.0,0.0,0.0,0.0,0.0,0.0,0.0,0.0,0,-107875648.0,69,0.0,138,0.0,2.012,ERR,ERR,ERR,ERR,ERR,ERR,ERR,ERR,ERR,ERR,ERR,ERR,ERR,ERR,ERR,ERR,ERR,ERR,ERR,ERR,ERR,ERR,ERR,ERR,ERR,ERR,ERR,ERR,ERR,ERR,ERR,ERR,ERR,ERR,ERR,ERR,ERR,ERR,ERR,ERR,ERR,ERR,ERR,ERR,ERR,ERR,ERR,ERR,ERR,ERR,ERR,ERR,ERR,ERR,ERR,ERR,ERR,ERR,ERR,ERR,ERR,ERR,ERR,ERR,ERR,ERR,ERR,60.0,60.0,35,0.0,0.0,0.0,0.0,0.0,0.0,0.0,0.0,0.0,0.0,0.0,0.0,0.0,0.0,0.0,0.0,65.2,0,138,66,46,65476,0,300,0,0,8,20529,65476,0,0,2621,60.0,0.0,0.0,0.0,0.0,0.0
2026-07-09T15:26:15,ERR,ERR,ERR,ERR,ERR,ERR,ERR,ERR,ERR,ERR,ERR,ERR,ERR,ERR,ERR,ERR,ERR,ERR,ERR,ERR,ERR,ERR,ERR,ERR,ERR,ERR,ERR,ERR,ERR,ERR,ERR,ERR,ERR,ERR,ERR,ERR,ERR,ERR,ERR,ERR,ERR,ERR,ERR,ERR,ERR,ERR,ERR,ERR,ERR,ERR,ERR,ERR,ERR,ERR,ERR,ERR,ERR,ERR,ERR,ERR,ERR,ERR,ERR,ERR,ERR,ERR,ERR,ERR,ERR,ERR,ERR,ERR,ERR,ERR,ERR,ERR,ERR,ERR,ERR,ERR,ERR,ERR,ERR,ERR,ERR,ERR,ERR,ERR,ERR,ERR,ERR,ERR,ERR,ERR,ERR,ERR,ERR,ERR,ERR,ERR,ERR,ERR,ERR,ERR,ERR,ERR,ERR,ERR,ERR,ERR,ERR,ERR,ERR,ERR,ERR,ERR,ERR,ERR,ERR,ERR,ERR,ERR,ERR,ERR,ERR,0.0,-107616000.0,2.7302240475722494e+23,2.7183478752108883e+23,-0.0,-0.0,4198971904.0,-0.0,0,0,4,17310,7116,0.0,100,0.0,0.0,2.7183478752108883e+23,0.0,0.0,0,0,0,0,0.0,0,0,0,0,0,0,0,0,0,0,0,0,0,0,0,0,0,0,0,0,0,0,0,0,0,0,0,0,0,0,0,0,0,31,40,40,71,65476,0,300,0,0,8,21553,0.0,-107605600.0,0.0,0.0,0.0,0.0,0.0,0.0,0.0,0.0,0.0,0.0,0.0,0.0,0.0,0.0,0.0,0.0,0.0,0.0,0.0,0.0,2.004,-0.0,0.0,0.0,0.0,0.0,0.0,0.0,5874.0,-0.0,6933.0,0.0,0.0,2.004,2.004,0.0,0.0,0.0,0.0,69,-0.0,0.0,0.0,0.0,0.0,0.0,0.0,0.0,0.0,0,0,0,0.0,0.0,0.0,0.0,0.0,0.0,0.0,0.0,0.0,0.0,0.0,0.0,0.0,0.0,0.0,0.0,0,-107875648.0,69,0.0,138,0.0,2.012,ERR,ERR,ERR,ERR,ERR,ERR,ERR,ERR,ERR,ERR,ERR,ERR,ERR,ERR,ERR,ERR,ERR,ERR,ERR,ERR,ERR,ERR,ERR,ERR,ERR,ERR,ERR,ERR,ERR,ERR,ERR,ERR,ERR,ERR,ERR,ERR,ERR,ERR,ERR,ERR,ERR,ERR,ERR,ERR,ERR,ERR,ERR,ERR,ERR,ERR,ERR,ERR,ERR,ERR,ERR,ERR,ERR,ERR,ERR,ERR,ERR,ERR,ERR,ERR,ERR,ERR,ERR,60.0,60.0,35,0.0,0.0,0.0,0.0,0.0,0.0,0.0,0.0,0.0,0.0,0.0,0.0,0.0,0.0,0.0,0.0,65.2,0,138,66,46,65476,0,300,0,0,8,20529,65476,0,0,2621,60.0,0.0,0.0,0.0,0.0,0.0
2026-07-09T15:26:16,ERR,ERR,ERR,ERR,ERR,ERR,ERR,ERR,ERR,ERR,ERR,ERR,ERR,ERR,ERR,ERR,ERR,ERR,ERR,ERR,ERR,ERR,ERR,ERR,ERR,ERR,ERR,ERR,ERR,ERR,ERR,ERR,ERR,ERR,ERR,ERR,ERR,ERR,ERR,ERR,ERR,ERR,ERR,ERR,ERR,ERR,ERR,ERR,ERR,ERR,ERR,ERR,ERR,ERR,ERR,ERR,ERR,ERR,ERR,ERR,ERR,ERR,ERR,ERR,ERR,ERR,ERR,ERR,ERR,ERR,ERR,ERR,ERR,ERR,ERR,ERR,ERR,ERR,ERR,ERR,ERR,ERR,ERR,ERR,ERR,ERR,ERR,ERR,ERR,ERR,ERR,ERR,ERR,ERR,ERR,ERR,ERR,ERR,ERR,ERR,ERR,ERR,ERR,ERR,ERR,ERR,ERR,ERR,ERR,ERR,ERR,ERR,ERR,ERR,ERR,ERR,ERR,ERR,ERR,ERR,ERR,ERR,ERR,ERR,ERR,0.0,-107616000.0,2.7302240475722494e+23,2.7183478752108883e+23,-0.0,-0.0,4198971904.0,-0.0,0,0,4,17310,7116,0.0,100,0.0,0.0,2.7183478752108883e+23,0.0,0.0,0,0,0,0,0.0,0,0,0,0,0,0,0,0,0,0,0,0,0,0,0,0,0,0,0,0,0,0,0,0,0,0,0,0,0,0,0,0,0,31,40,40,71,65476,0,300,0,0,8,21553,0.0,-107605600.0,0.0,0.0,0.0,0.0,0.0,0.0,0.0,0.0,0.0,0.0,0.0,0.0,0.0,0.0,0.0,0.0,0.0,0.0,0.0,0.0,2.004,-0.0,0.0,0.0,0.0,0.0,0.0,0.0,5874.0,-0.0,6933.0,0.0,0.0,2.004,2.004,0.0,0.0,0.0,0.0,69,-0.0,0.0,0.0,0.0,0.0,0.0,0.0,0.0,0.0,0,0,0,0.0,0.0,0.0,0.0,0.0,0.0,0.0,0.0,0.0,0.0,0.0,0.0,0.0,0.0,0.0,0.0,0,-107875648.0,69,0.0,138,0.0,2.012,ERR,ERR,ERR,ERR,ERR,ERR,ERR,ERR,ERR,ERR,ERR,ERR,ERR,ERR,ERR,ERR,ERR,ERR,ERR,ERR,ERR,ERR,ERR,ERR,ERR,ERR,ERR,ERR,ERR,ERR,ERR,ERR,ERR,ERR,ERR,ERR,ERR,ERR,ERR,ERR,ERR,ERR,ERR,ERR,ERR,ERR,ERR,ERR,ERR,ERR,ERR,ERR,ERR,ERR,ERR,ERR,ERR,ERR,ERR,ERR,ERR,ERR,ERR,ERR,ERR,ERR,ERR,60.0,60.0,35,0.0,0.0,0.0,0.0,0.0,0.0,0.0,0.0,0.0,0.0,0.0,0.0,0.0,0.0,0.0,0.0,65.2,0,138,66,46,65476,0,300,0,0,8,20529,65476,0,0,2621,60.0,0.0,0.0,0.0,0.0,0.0
2026-07-09T15:26:17,ERR,ERR,ERR,ERR,ERR,ERR,ERR,ERR,ERR,ERR,ERR,ERR,ERR,ERR,ERR,ERR,ERR,ERR,ERR,ERR,ERR,ERR,ERR,ERR,ERR,ERR,ERR,ERR,ERR,ERR,ERR,ERR,ERR,ERR,ERR,ERR,ERR,ERR,ERR,ERR,ERR,ERR,ERR,ERR,ERR,ERR,ERR,ERR,ERR,ERR,ERR,ERR,ERR,ERR,ERR,ERR,ERR,ERR,ERR,ERR,ERR,ERR,ERR,ERR,ERR,ERR,ERR,ERR,ERR,ERR,ERR,ERR,ERR,ERR,ERR,ERR,ERR,ERR,ERR,ERR,ERR,ERR,ERR,ERR,ERR,ERR,ERR,ERR,ERR,ERR,ERR,ERR,ERR,ERR,ERR,ERR,ERR,ERR,ERR,ERR,ERR,ERR,ERR,ERR,ERR,ERR,ERR,ERR,ERR,ERR,ERR,ERR,ERR,ERR,ERR,ERR,ERR,ERR,ERR,ERR,ERR,ERR,ERR,ERR,ERR,0.0,-107616000.0,2.7302240475722494e+23,2.7183478752108883e+23,-0.0,-0.0,4198971904.0,-0.0,0,0,4,17310,7116,0.0,100,0.0,0.0,2.7183478752108883e+23,0.0,0.0,0,0,0,0,0.0,0,0,0,0,0,0,0,0,0,0,0,0,0,0,0,0,0,0,0,0,0,0,0,0,0,0,0,0,0,0,0,0,0,31,40,40,71,65476,0,300,0,0,8,21553,0.0,-107605600.0,0.0,0.0,0.0,0.0,0.0,0.0,0.0,0.0,0.0,0.0,0.0,0.0,0.0,0.0,0.0,0.0,0.0,0.0,0.0,0.0,2.004,-0.0,0.0,0.0,0.0,0.0,0.0,0.0,5874.0,-0.0,6933.0,0.0,0.0,2.004,2.004,0.0,0.0,0.0,0.0,69,-0.0,0.0,0.0,0.0,0.0,0.0,0.0,0.0,0.0,0,0,0,0.0,0.0,0.0,0.0,0.0,0.0,0.0,0.0,0.0,0.0,0.0,0.0,0.0,0.0,0.0,0.0,0,-107875648.0,69,0.0,138,0.0,2.012,ERR,ERR,ERR,ERR,ERR,ERR,ERR,ERR,ERR,ERR,ERR,ERR,ERR,ERR,ERR,ERR,ERR,ERR,ERR,ERR,ERR,ERR,ERR,ERR,ERR,ERR,ERR,ERR,ERR,ERR,ERR,ERR,ERR,ERR,ERR,ERR,ERR,ERR,ERR,ERR,ERR,ERR,ERR,ERR,ERR,ERR,ERR,ERR,ERR,ERR,ERR,ERR,ERR,ERR,ERR,ERR,ERR,ERR,ERR,ERR,ERR,ERR,ERR,ERR,ERR,ERR,ERR,60.0,60.0,35,0.0,0.0,0.0,0.0,0.0,0.0,0.0,0.0,0.0,0.0,0.0,0.0,0.0,0.0,0.0,0.0,65.2,0,139,66,46,65476,0,300,0,0,8,20529,65476,0,0,2621,60.0,0.0,0.0,0.0,0.0,0.0
2026-07-09T15:26:18,ERR,ERR,ERR,ERR,ERR,ERR,ERR,ERR,ERR,ERR,ERR,ERR,ERR,ERR,ERR,ERR,ERR,ERR,ERR,ERR,ERR,ERR,ERR,ERR,ERR,ERR,ERR,ERR,ERR,ERR,ERR,ERR,ERR,ERR,ERR,ERR,ERR,ERR,ERR,ERR,ERR,ERR,ERR,ERR,ERR,ERR,ERR,ERR,ERR,ERR,ERR,ERR,ERR,ERR,ERR,ERR,ERR,ERR,ERR,ERR,ERR,ERR,ERR,ERR,ERR,ERR,ERR,ERR,ERR,ERR,ERR,ERR,ERR,ERR,ERR,ERR,ERR,ERR,ERR,ERR,ERR,ERR,ERR,ERR,ERR,ERR,ERR,ERR,ERR,ERR,ERR,ERR,ERR,ERR,ERR,ERR,ERR,ERR,ERR,ERR,ERR,ERR,ERR,ERR,ERR,ERR,ERR,ERR,ERR,ERR,ERR,ERR,ERR,ERR,ERR,ERR,ERR,ERR,ERR,ERR,ERR,ERR,ERR,ERR,ERR,0.0,-0.0,0.0,2.7183478752108883e+23,-4.884123099348243e+24,81741471744.0,0.0,-0.0,0,0,4,17309,7116,0.0,100,0.0,0.0,2.7183478752108883e+23,0.0,0.0,0,0,0,0,0.0,0,0,0,0,0,0,0,0,0,0,0,0,0,0,0,0,0,0,0,0,0,0,0,0,0,0,0,0,0,0,0,0,0,31,40,40,71,65476,0,300,0,0,8,21553,0.0,-107605600.0,0.0,0.0,0.0,0.0,0.0,0.0,0.0,0.0,0.0,0.0,0.0,0.0,0.0,0.0,0.0,0.0,0.0,0.0,0.0,0.0,-0.0,0.0,0.0,0.0,0.0,0.0,0.0,0.0,5880.0,-0.0,6929.0,-0.0,-107616008.0,2.004,2.004,0.0,0.0,0.0,0.0,69,0.0,-3.222015311029738e+26,0.0,0.0,0.0,0.0,0.0,0.0,0.0,0,0,0,0.0,0.0,0.0,0.0,0.0,0.0,0.0,0.0,0.0,0.0,0.0,0.0,0.0,0.0,0.0,0.0,0,-107875648.0,69,0.0,138,0.0,2.012,ERR,ERR,ERR,ERR,ERR,ERR,ERR,ERR,ERR,ERR,ERR,ERR,ERR,ERR,ERR,ERR,ERR,ERR,ERR,ERR,ERR,ERR,ERR,ERR,ERR,ERR,ERR,ERR,ERR,ERR,ERR,ERR,ERR,ERR,ERR,ERR,ERR,ERR,ERR,ERR,ERR,ERR,ERR,ERR,ERR,ERR,ERR,ERR,ERR,ERR,ERR,ERR,ERR,ERR,ERR,ERR,ERR,ERR,ERR,ERR,ERR,ERR,ERR,ERR,ERR,ERR,ERR,60.0,60.0,35,0.0,0.0,0.0,0.0,0.0,0.0,0.0,0.0,0.0,0.0,0.0,0.0,0.0,0.0,0.0,0.0,65.2,0,139,66,46,65476,0,300,0,0,8,20529,65476,0,0,2621,60.0,0.0,0.0,0.0,0.0,0.0
2026-07-09T15:26:19,ERR,ERR,ERR,ERR,ERR,ERR,ERR,ERR,ERR,ERR,ERR,ERR,ERR,ERR,ERR,ERR,ERR,ERR,ERR,ERR,ERR,ERR,ERR,ERR,ERR,ERR,ERR,ERR,ERR,ERR,ERR,ERR,ERR,ERR,ERR,ERR,ERR,ERR,ERR,ERR,ERR,ERR,ERR,ERR,ERR,ERR,ERR,ERR,ERR,ERR,ERR,ERR,ERR,ERR,ERR,ERR,ERR,ERR,ERR,ERR,ERR,ERR,ERR,ERR,ERR,ERR,ERR,ERR,ERR,ERR,ERR,ERR,ERR,ERR,ERR,ERR,ERR,ERR,ERR,ERR,ERR,ERR,ERR,ERR,ERR,ERR,ERR,ERR,ERR,ERR,ERR,ERR,ERR,ERR,ERR,ERR,ERR,ERR,ERR,ERR,ERR,ERR,ERR,ERR,ERR,ERR,ERR,ERR,ERR,ERR,ERR,ERR,ERR,ERR,ERR,ERR,ERR,ERR,ERR,ERR,ERR,ERR,ERR,ERR,ERR,0.0,-0.0,0.0,2.7183478752108883e+23,-4.884123099348243e+24,81741471744.0,0.0,-0.0,0,0,4,17309,7116,0.0,100,0.0,0.0,2.7183478752108883e+23,0.0,0.0,0,0,0,0,0.0,0,0,0,0,0,0,0,0,0,0,0,0,0,0,0,0,0,0,0,0,0,0,0,0,0,0,0,0,0,0,0,0,0,31,40,40,71,65476,0,300,0,0,8,21553,0.0,-107605600.0,0.0,0.0,0.0,0.0,0.0,0.0,0.0,0.0,0.0,0.0,0.0,0.0,0.0,0.0,0.0,0.0,0.0,0.0,0.0,0.0,-0.0,0.0,0.0,0.0,0.0,0.0,0.0,0.0,5880.0,-0.0,6929.0,-0.0,-107616008.0,2.004,2.004,0.0,0.0,0.0,0.0,69,0.0,-3.222015311029738e+26,0.0,0.0,0.0,0.0,0.0,0.0,0.0,0,0,0,0.0,0.0,0.0,0.0,0.0,0.0,0.0,0.0,0.0,0.0,0.0,0.0,0.0,0.0,0.0,0.0,0,-107875648.0,69,0.0,138,0.0,2.012,ERR,ERR,ERR,ERR,ERR,ERR,ERR,ERR,ERR,ERR,ERR,ERR,ERR,ERR,ERR,ERR,ERR,ERR,ERR,ERR,ERR,ERR,ERR,ERR,ERR,ERR,ERR,ERR,ERR,ERR,ERR,ERR,ERR,ERR,ERR,ERR,ERR,ERR,ERR,ERR,ERR,ERR,ERR,ERR,ERR,ERR,ERR,ERR,ERR,ERR,ERR,ERR,ERR,ERR,ERR,ERR,ERR,ERR,ERR,ERR,ERR,ERR,ERR,ERR,ERR,ERR,ERR,60.0,60.0,35,0.0,0.0,0.0,0.0,0.0,0.0,0.0,0.0,0.0,0.0,0.0,0.0,0.0,0.0,0.0,0.0,65.2,0,139,66,46,65476,0,300,0,0,8,20529,65476,0,0,2621,60.0,0.0,0.0,0.0,0.0,0.0
2026-07-09T15:26:20,ERR,ERR,ERR,ERR,ERR,ERR,ERR,ERR,ERR,ERR,ERR,ERR,ERR,ERR,ERR,ERR,ERR,ERR,ERR,ERR,ERR,ERR,ERR,ERR,ERR,ERR,ERR,ERR,ERR,ERR,ERR,ERR,ERR,ERR,ERR,ERR,ERR,ERR,ERR,ERR,ERR,ERR,ERR,ERR,ERR,ERR,ERR,ERR,ERR,ERR,ERR,ERR,ERR,ERR,ERR,ERR,ERR,ERR,ERR,ERR,ERR,ERR,ERR,ERR,ERR,ERR,ERR,ERR,ERR,ERR,ERR,ERR,ERR,ERR,ERR,ERR,ERR,ERR,ERR,ERR,ERR,ERR,ERR,ERR,ERR,ERR,ERR,ERR,ERR,ERR,ERR,ERR,ERR,ERR,ERR,ERR,ERR,ERR,ERR,ERR,ERR,ERR,ERR,ERR,ERR,ERR,ERR,ERR,ERR,ERR,ERR,ERR,ERR,ERR,ERR,ERR,ERR,ERR,ERR,ERR,ERR,ERR,ERR,ERR,ERR,0.0,-0.0,0.0,2.7183478752108883e+23,-4.884123099348243e+24,81741471744.0,0.0,-0.0,0,0,4,17309,7116,0.0,100,0.0,0.0,2.7183478752108883e+23,0.0,0.0,0,0,0,0,0.0,0,0,0,0,0,0,0,0,0,0,0,0,0,0,0,0,0,0,0,0,0,0,0,0,0,0,0,0,0,0,0,0,0,31,40,40,71,65476,0,300,0,0,8,21553,0.0,-107605600.0,0.0,0.0,0.0,0.0,0.0,0.0,0.0,0.0,0.0,0.0,0.0,0.0,0.0,0.0,0.0,0.0,0.0,0.0,0.0,0.0,-0.0,0.0,0.0,0.0,0.0,0.0,0.0,0.0,5880.0,-0.0,6929.0,-0.0,-107616008.0,2.004,2.004,0.0,0.0,0.0,0.0,69,0.0,-3.222015311029738e+26,0.0,0.0,0.0,0.0,0.0,0.0,0.0,0,0,0,0.0,0.0,0.0,0.0,0.0,0.0,0.0,0.0,0.0,0.0,0.0,0.0,0.0,0.0,0.0,0.0,0,-107875648.0,69,0.0,138,0.0,2.012,ERR,ERR,ERR,ERR,ERR,ERR,ERR,ERR,ERR,ERR,ERR,ERR,ERR,ERR,ERR,ERR,ERR,ERR,ERR,ERR,ERR,ERR,ERR,ERR,ERR,ERR,ERR,ERR,ERR,ERR,ERR,ERR,ERR,ERR,ERR,ERR,ERR,ERR,ERR,ERR,ERR,ERR,ERR,ERR,ERR,ERR,ERR,ERR,ERR,ERR,ERR,ERR,ERR,ERR,ERR,ERR,ERR,ERR,ERR,ERR,ERR,ERR,ERR,ERR,ERR,ERR,ERR,60.0,60.0,35,0.0,0.0,0.0,0.0,0.0,0.0,0.0,0.0,0.0,0.0,0.0,0.0,0.0,0.0,0.0,0.0,65.2,0,139,67,46,65476,0,300,0,0,8,20529,65476,0,0,2621,60.0,0.0,0.0,0.0,0.0,0.0
2026-07-09T15:26:21,ERR,ERR,ERR,ERR,ERR,ERR,ERR,ERR,ERR,ERR,ERR,ERR,ERR,ERR,ERR,ERR,ERR,ERR,ERR,ERR,ERR,ERR,ERR,ERR,ERR,ERR,ERR,ERR,ERR,ERR,ERR,ERR,ERR,ERR,ERR,ERR,ERR,ERR,ERR,ERR,ERR,ERR,ERR,ERR,ERR,ERR,ERR,ERR,ERR,ERR,ERR,ERR,ERR,ERR,ERR,ERR,ERR,ERR,ERR,ERR,ERR,ERR,ERR,ERR,ERR,ERR,ERR,ERR,ERR,ERR,ERR,ERR,ERR,ERR,ERR,ERR,ERR,ERR,ERR,ERR,ERR,ERR,ERR,ERR,ERR,ERR,ERR,ERR,ERR,ERR,ERR,ERR,ERR,ERR,ERR,ERR,ERR,ERR,ERR,ERR,ERR,ERR,ERR,ERR,ERR,ERR,ERR,ERR,ERR,ERR,ERR,ERR,ERR,ERR,ERR,ERR,ERR,ERR,ERR,ERR,ERR,ERR,ERR,ERR,ERR,0.0,-0.0,0.0,2.7183478752108883e+23,-4.884123099348243e+24,81741471744.0,0.0,-0.0,0,0,4,17309,7116,0.0,100,0.0,0.0,2.7183478752108883e+23,0.0,0.0,0,0,0,0,0.0,0,0,0,0,0,0,0,0,0,0,0,0,0,0,0,0,0,0,0,0,0,0,0,0,0,0,0,0,0,0,0,0,0,31,40,40,71,65476,0,300,0,0,8,21553,0.0,-107605600.0,0.0,0.0,0.0,0.0,0.0,0.0,0.0,0.0,0.0,0.0,0.0,0.0,0.0,0.0,0.0,0.0,0.0,0.0,0.0,0.0,-0.0,0.0,0.0,0.0,0.0,0.0,0.0,0.0,5880.0,-0.0,6929.0,-0.0,-107616008.0,2.004,2.004,0.0,0.0,0.0,0.0,69,0.0,-3.222015311029738e+26,0.0,0.0,0.0,0.0,0.0,0.0,0.0,0,0,0,0.0,0.0,0.0,0.0,0.0,0.0,0.0,0.0,0.0,0.0,0.0,0.0,0.0,0.0,0.0,0.0,0,-107875648.0,69,0.0,138,0.0,2.012,ERR,ERR,ERR,ERR,ERR,ERR,ERR,ERR,ERR,ERR,ERR,ERR,ERR,ERR,ERR,ERR,ERR,ERR,ERR,ERR,ERR,ERR,ERR,ERR,ERR,ERR,ERR,ERR,ERR,ERR,ERR,ERR,ERR,ERR,ERR,ERR,ERR,ERR,ERR,ERR,ERR,ERR,ERR,ERR,ERR,ERR,ERR,ERR,ERR,ERR,ERR,ERR,ERR,ERR,ERR,ERR,ERR,ERR,ERR,ERR,ERR,ERR,ERR,ERR,ERR,ERR,ERR,60.0,60.0,35,0.0,0.0,0.0,0.0,0.0,0.0,0.0,0.0,0.0,0.0,0.0,0.0,0.0,0.0,0.0,0.0,65.2,0,139,67,46,65476,0,300,0,0,8,20529,65476,0,0,2621,60.0,0.0,0.0,0.0,0.0,0.0
2026-07-09T15:26:22,ERR,ERR,ERR,ERR,ERR,ERR,ERR,ERR,ERR,ERR,ERR,ERR,ERR,ERR,ERR,ERR,ERR,ERR,ERR,ERR,ERR,ERR,ERR,ERR,ERR,ERR,ERR,ERR,ERR,ERR,ERR,ERR,ERR,ERR,ERR,ERR,ERR,ERR,ERR,ERR,ERR,ERR,ERR,ERR,ERR,ERR,ERR,ERR,ERR,ERR,ERR,ERR,ERR,ERR,ERR,ERR,ERR,ERR,ERR,ERR,ERR,ERR,ERR,ERR,ERR,ERR,ERR,ERR,ERR,ERR,ERR,ERR,ERR,ERR,ERR,ERR,ERR,ERR,ERR,ERR,ERR,ERR,ERR,ERR,ERR,ERR,ERR,ERR,ERR,ERR,ERR,ERR,ERR,ERR,ERR,ERR,ERR,ERR,ERR,ERR,ERR,ERR,ERR,ERR,ERR,ERR,ERR,ERR,ERR,ERR,ERR,ERR,ERR,ERR,ERR,ERR,ERR,ERR,ERR,ERR,ERR,ERR,ERR,ERR,ERR,0.0,-0.0,0.0,2.7183478752108883e+23,-4.884123099348243e+24,81741471744.0,0.0,-0.0,0,0,4,17309,7116,0.0,100,0.0,0.0,2.7183478752108883e+23,0.0,0.0,0,0,0,0,0.0,0,0,0,0,0,0,0,0,0,0,0,0,0,0,0,0,0,0,0,0,0,0,0,0,0,0,0,0,0,0,0,0,0,31,40,40,71,65476,0,300,0,0,8,21553,0.0,-107605600.0,0.0,0.0,0.0,0.0,0.0,0.0,0.0,0.0,0.0,0.0,0.0,0.0,0.0,0.0,0.0,0.0,0.0,0.0,0.0,0.0,-0.0,0.0,0.0,0.0,0.0,0.0,0.0,0.0,5880.0,-0.0,6929.0,-0.0,-107616008.0,2.004,2.004,0.0,0.0,0.0,0.0,69,0.0,-3.222015311029738e+26,0.0,0.0,0.0,0.0,0.0,0.0,0.0,0,0,0,0.0,0.0,0.0,0.0,0.0,0.0,0.0,0.0,0.0,0.0,0.0,0.0,0.0,0.0,0.0,0.0,0,-107875648.0,69,0.0,138,0.0,2.012,ERR,ERR,ERR,ERR,ERR,ERR,ERR,ERR,ERR,ERR,ERR,ERR,ERR,ERR,ERR,ERR,ERR,ERR,ERR,ERR,ERR,ERR,ERR,ERR,ERR,ERR,ERR,ERR,ERR,ERR,ERR,ERR,ERR,ERR,ERR,ERR,ERR,ERR,ERR,ERR,ERR,ERR,ERR,ERR,ERR,ERR,ERR,ERR,ERR,ERR,ERR,ERR,ERR,ERR,ERR,ERR,ERR,ERR,ERR,ERR,ERR,ERR,ERR,ERR,ERR,ERR,ERR,60.0,60.0,35,0.0,0.0,0.0,0.0,0.0,0.0,0.0,0.0,0.0,0.0,0.0,0.0,0.0,0.0,0.0,0.0,65.2,0,139,67,46,65476,0,300,0,0,8,20529,65476,0,0,2621,60.0,0.0,0.0,0.0,0.0,0.0
2026-07-09T15:26:23,ERR,ERR,ERR,ERR,ERR,ERR,ERR,ERR,ERR,ERR,ERR,ERR,ERR,ERR,ERR,ERR,ERR,ERR,ERR,ERR,ERR,ERR,ERR,ERR,ERR,ERR,ERR,ERR,ERR,ERR,ERR,ERR,ERR,ERR,ERR,ERR,ERR,ERR,ERR,ERR,ERR,ERR,ERR,ERR,ERR,ERR,ERR,ERR,ERR,ERR,ERR,ERR,ERR,ERR,ERR,ERR,ERR,ERR,ERR,ERR,ERR,ERR,ERR,ERR,ERR,ERR,ERR,ERR,ERR,ERR,ERR,ERR,ERR,ERR,ERR,ERR,ERR,ERR,ERR,ERR,ERR,ERR,ERR,ERR,ERR,ERR,ERR,ERR,ERR,ERR,ERR,ERR,ERR,ERR,ERR,ERR,ERR,ERR,ERR,ERR,ERR,ERR,ERR,ERR,ERR,ERR,ERR,ERR,ERR,ERR,ERR,ERR,ERR,ERR,ERR,ERR,ERR,ERR,ERR,ERR,ERR,ERR,ERR,ERR,ERR,-0.0,0.0,-107090544.0,0.0,-1.5891056226810846e+37,-0.0,195.278,-0.0,0,0,4,17309,7116,0.0,100,0.0,0.0,0.0,0.0,0.0,0,0,0,0,0.0,0,0,0,0,0,0,0,0,0,0,0,0,0,0,0,0,0,0,0,0,0,0,0,0,0,0,0,0,0,0,0,0,0,31,40,40,71,65476,0,300,0,0,8,21553,0.0,-107605600.0,0.0,0.0,0.0,0.0,0.0,0.0,0.0,0.0,0.0,0.0,0.0,0.0,0.0,0.0,0.0,0.0,0.0,0.0,0.0,0.0,-0.0,3.697066946564247e+19,0.0,0.0,0.0,0.0,0.0,0.0,5873.0,0.0,6917.0,-0.0,2.7184451529628395e+23,2.004,2.004,0.0,0.0,0.0,0.0,69,0.0,4.066866502851387e+29,0.0,0.0,0.0,0.0,0.0,0.0,0.0,0,0,0,0.0,0.0,0.0,0.0,0.0,0.0,0.0,0.0,0.0,0.0,0.0,0.0,0.0,0.0,0.0,0.0,0,-107875648.0,69,0.0,138,0.0,2.012,ERR,ERR,ERR,ERR,ERR,ERR,ERR,ERR,ERR,ERR,ERR,ERR,ERR,ERR,ERR,ERR,ERR,ERR,ERR,ERR,ERR,ERR,ERR,ERR,ERR,ERR,ERR,ERR,ERR,ERR,ERR,ERR,ERR,ERR,ERR,ERR,ERR,ERR,ERR,ERR,ERR,ERR,ERR,ERR,ERR,ERR,ERR,ERR,ERR,ERR,ERR,ERR,ERR,ERR,ERR,ERR,ERR,ERR,ERR,ERR,ERR,ERR,ERR,ERR,ERR,ERR,ERR,60.0,60.0,35,0.0,0.0,0.0,0.0,0.0,0.0,0.0,0.0,0.0,0.0,0.0,0.0,0.0,0.0,0.0,0.0,65.2,0,139,67,46,65476,0,300,0,0,8,20529,65476,0,0,2621,60.0,0.0,0.0,0.0,0.0,0.0
2026-07-09T15:26:24,ERR,ERR,ERR,ERR,ERR,ERR,ERR,ERR,ERR,ERR,ERR,ERR,ERR,ERR,ERR,ERR,ERR,ERR,ERR,ERR,ERR,ERR,ERR,ERR,ERR,ERR,ERR,ERR,ERR,ERR,ERR,ERR,ERR,ERR,ERR,ERR,ERR,ERR,ERR,ERR,ERR,ERR,ERR,ERR,ERR,ERR,ERR,ERR,ERR,ERR,ERR,ERR,ERR,ERR,ERR,ERR,ERR,ERR,ERR,ERR,ERR,ERR,ERR,ERR,ERR,ERR,ERR,ERR,ERR,ERR,ERR,ERR,ERR,ERR,ERR,ERR,ERR,ERR,ERR,ERR,ERR,ERR,ERR,ERR,ERR,ERR,ERR,ERR,ERR,ERR,ERR,ERR,ERR,ERR,ERR,ERR,ERR,ERR,ERR,ERR,ERR,ERR,ERR,ERR,ERR,ERR,ERR,ERR,ERR,ERR,ERR,ERR,ERR,ERR,ERR,ERR,ERR,ERR,ERR,ERR,ERR,ERR,ERR,ERR,ERR,-0.0,0.0,-107090544.0,0.0,-1.5891056226810846e+37,-0.0,195.278,-0.0,0,0,4,17309,7116,0.0,100,0.0,0.0,0.0,0.0,0.0,0,0,0,0,0.0,0,0,0,0,0,0,0,0,0,0,0,0,0,0,0,0,0,0,0,0,0,0,0,0,0,0,0,0,0,0,0,0,0,31,40,40,71,65476,0,300,0,0,8,21553,0.0,-107605600.0,0.0,0.0,0.0,0.0,0.0,0.0,0.0,0.0,0.0,0.0,0.0,0.0,0.0,0.0,0.0,0.0,0.0,0.0,0.0,0.0,-0.0,3.697066946564247e+19,0.0,0.0,0.0,0.0,0.0,0.0,5873.0,0.0,6917.0,-0.0,2.7184451529628395e+23,2.004,2.004,0.0,0.0,0.0,0.0,69,0.0,4.066866502851387e+29,0.0,0.0,0.0,0.0,0.0,0.0,0.0,0,0,0,0.0,0.0,0.0,0.0,0.0,0.0,0.0,0.0,0.0,0.0,0.0,0.0,0.0,0.0,0.0,0.0,0,-107875648.0,69,0.0,138,0.0,2.012,ERR,ERR,ERR,ERR,ERR,ERR,ERR,ERR,ERR,ERR,ERR,ERR,ERR,ERR,ERR,ERR,ERR,ERR,ERR,ERR,ERR,ERR,ERR,ERR,ERR,ERR,ERR,ERR,ERR,ERR,ERR,ERR,ERR,ERR,ERR,ERR,ERR,ERR,ERR,ERR,ERR,ERR,ERR,ERR,ERR,ERR,ERR,ERR,ERR,ERR,ERR,ERR,ERR,ERR,ERR,ERR,ERR,ERR,ERR,ERR,ERR,ERR,ERR,ERR,ERR,ERR,ERR,60.0,60.0,35,0.0,0.0,0.0,0.0,0.0,0.0,0.0,0.0,0.0,0.0,0.0,0.0,0.0,0.0,0.0,0.0,65.2,0,139,67,46,65476,0,300,0,0,8,20529,65476,0,0,2621,60.0,0.0,0.0,0.0,0.0,0.0
2026-07-09T15:26:25,ERR,ERR,ERR,ERR,ERR,ERR,ERR,ERR,ERR,ERR,ERR,ERR,ERR,ERR,ERR,ERR,ERR,ERR,ERR,ERR,ERR,ERR,ERR,ERR,ERR,ERR,ERR,ERR,ERR,ERR,ERR,ERR,ERR,ERR,ERR,ERR,ERR,ERR,ERR,ERR,ERR,ERR,ERR,ERR,ERR,ERR,ERR,ERR,ERR,ERR,ERR,ERR,ERR,ERR,ERR,ERR,ERR,ERR,ERR,ERR,ERR,ERR,ERR,ERR,ERR,ERR,ERR,ERR,ERR,ERR,ERR,ERR,ERR,ERR,ERR,ERR,ERR,ERR,ERR,ERR,ERR,ERR,ERR,ERR,ERR,ERR,ERR,ERR,ERR,ERR,ERR,ERR,ERR,ERR,ERR,ERR,ERR,ERR,ERR,ERR,ERR,ERR,ERR,ERR,ERR,ERR,ERR,ERR,ERR,ERR,ERR,ERR,ERR,ERR,ERR,ERR,ERR,ERR,ERR,ERR,ERR,ERR,ERR,ERR,ERR,-0.0,0.0,-107090544.0,0.0,-1.5891056226810846e+37,-0.0,195.278,-0.0,0,0,4,17309,7116,0.0,100,0.0,0.0,0.0,0.0,0.0,0,0,0,0,0.0,0,0,0,0,0,0,0,0,0,0,0,0,0,0,0,0,0,0,0,0,0,0,0,0,0,0,0,0,0,0,0,0,0,31,40,40,71,65476,0,300,0,0,8,21553,0.0,-107605600.0,0.0,0.0,0.0,0.0,0.0,0.0,0.0,0.0,0.0,0.0,0.0,0.0,0.0,0.0,0.0,0.0,0.0,0.0,0.0,0.0,-0.0,3.697066946564247e+19,0.0,0.0,0.0,0.0,0.0,0.0,5873.0,0.0,6917.0,-0.0,2.7184451529628395e+23,2.004,2.004,0.0,0.0,0.0,0.0,69,0.0,4.066866502851387e+29,0.0,0.0,0.0,0.0,0.0,0.0,0.0,0,0,0,0.0,0.0,0.0,0.0,0.0,0.0,0.0,0.0,0.0,0.0,0.0,0.0,0.0,0.0,0.0,0.0,0,-107875648.0,69,0.0,138,0.0,2.012,ERR,ERR,ERR,ERR,ERR,ERR,ERR,ERR,ERR,ERR,ERR,ERR,ERR,ERR,ERR,ERR,ERR,ERR,ERR,ERR,ERR,ERR,ERR,ERR,ERR,ERR,ERR,ERR,ERR,ERR,ERR,ERR,ERR,ERR,ERR,ERR,ERR,ERR,ERR,ERR,ERR,ERR,ERR,ERR,ERR,ERR,ERR,ERR,ERR,ERR,ERR,ERR,ERR,ERR,ERR,ERR,ERR,ERR,ERR,ERR,ERR,ERR,ERR,ERR,ERR,ERR,ERR,60.0,60.0,35,0.0,0.0,0.0,0.0,0.0,0.0,0.0,0.0,0.0,0.0,0.0,0.0,0.0,0.0,0.0,0.0,65.2,0,140,67,47,65476,0,300,0,0,8,20529,65476,0,0,2621,60.0,0.0,0.0,0.0,0.0,0.0
2026-07-09T15:26:26,ERR,ERR,ERR,ERR,ERR,ERR,ERR,ERR,ERR,ERR,ERR,ERR,ERR,ERR,ERR,ERR,ERR,ERR,ERR,ERR,ERR,ERR,ERR,ERR,ERR,ERR,ERR,ERR,ERR,ERR,ERR,ERR,ERR,ERR,ERR,ERR,ERR,ERR,ERR,ERR,ERR,ERR,ERR,ERR,ERR,ERR,ERR,ERR,ERR,ERR,ERR,ERR,ERR,ERR,ERR,ERR,ERR,ERR,ERR,ERR,ERR,ERR,ERR,ERR,ERR,ERR,ERR,ERR,ERR,ERR,ERR,ERR,ERR,ERR,ERR,ERR,ERR,ERR,ERR,ERR,ERR,ERR,ERR,ERR,ERR,ERR,ERR,ERR,ERR,ERR,ERR,ERR,ERR,ERR,ERR,ERR,ERR,ERR,ERR,ERR,ERR,ERR,ERR,ERR,ERR,ERR,ERR,ERR,ERR,ERR,ERR,ERR,ERR,ERR,ERR,ERR,ERR,ERR,ERR,ERR,ERR,ERR,ERR,ERR,ERR,-0.0,0.0,-107090544.0,0.0,-1.5891056226810846e+37,-0.0,195.278,-0.0,0,0,4,17309,7116,0.0,100,0.0,0.0,0.0,0.0,0.0,0,0,0,0,0.0,0,0,0,0,0,0,0,0,0,0,0,0,0,0,0,0,0,0,0,0,0,0,0,0,0,0,0,0,0,0,0,0,0,31,40,40,71,65476,0,300,0,0,8,21553,0.0,-107605600.0,0.0,0.0,0.0,0.0,0.0,0.0,0.0,0.0,0.0,0.0,0.0,0.0,0.0,0.0,0.0,0.0,0.0,0.0,0.0,0.0,-0.0,3.697066946564247e+19,0.0,0.0,0.0,0.0,0.0,0.0,5873.0,0.0,6917.0,-0.0,2.7184451529628395e+23,2.004,2.004,0.0,0.0,0.0,0.0,69,0.0,4.066866502851387e+29,0.0,0.0,0.0,0.0,0.0,0.0,0.0,0,0,0,0.0,0.0,0.0,0.0,0.0,0.0,0.0,0.0,0.0,0.0,0.0,0.0,0.0,0.0,0.0,0.0,0,-107875648.0,69,0.0,138,0.0,2.012,ERR,ERR,ERR,ERR,ERR,ERR,ERR,ERR,ERR,ERR,ERR,ERR,ERR,ERR,ERR,ERR,ERR,ERR,ERR,ERR,ERR,ERR,ERR,ERR,ERR,ERR,ERR,ERR,ERR,ERR,ERR,ERR,ERR,ERR,ERR,ERR,ERR,ERR,ERR,ERR,ERR,ERR,ERR,ERR,ERR,ERR,ERR,ERR,ERR,ERR,ERR,ERR,ERR,ERR,ERR,ERR,ERR,ERR,ERR,ERR,ERR,ERR,ERR,ERR,ERR,ERR,ERR,60.0,60.0,35,0.0,0.0,0.0,0.0,0.0,0.0,0.0,0.0,0.0,0.0,0.0,0.0,0.0,0.0,0.0,0.0,65.2,0,140,67,47,65476,0,300,0,0,8,20529,65476,0,0,2621,60.0,0.0,0.0,0.0,0.0,0.0
2026-07-09T15:26:27,ERR,ERR,ERR,ERR,ERR,ERR,ERR,ERR,ERR,ERR,ERR,ERR,ERR,ERR,ERR,ERR,ERR,ERR,ERR,ERR,ERR,ERR,ERR,ERR,ERR,ERR,ERR,ERR,ERR,ERR,ERR,ERR,ERR,ERR,ERR,ERR,ERR,ERR,ERR,ERR,ERR,ERR,ERR,ERR,ERR,ERR,ERR,ERR,ERR,ERR,ERR,ERR,ERR,ERR,ERR,ERR,ERR,ERR,ERR,ERR,ERR,ERR,ERR,ERR,ERR,ERR,ERR,ERR,ERR,ERR,ERR,ERR,ERR,ERR,ERR,ERR,ERR,ERR,ERR,ERR,ERR,ERR,ERR,ERR,ERR,ERR,ERR,ERR,ERR,ERR,ERR,ERR,ERR,ERR,ERR,ERR,ERR,ERR,ERR,ERR,ERR,ERR,ERR,ERR,ERR,ERR,ERR,ERR,ERR,ERR,ERR,ERR,ERR,ERR,ERR,ERR,ERR,ERR,ERR,ERR,ERR,ERR,ERR,ERR,ERR,-0.0,0.0,-107090544.0,0.0,-1.5891056226810846e+37,-0.0,195.278,-0.0,0,0,4,17309,7116,0.0,100,0.0,0.0,0.0,0.0,0.0,0,0,0,0,0.0,0,0,0,0,0,0,0,0,0,0,0,0,0,0,0,0,0,0,0,0,0,0,0,0,0,0,0,0,0,0,0,0,0,31,40,40,71,65476,0,300,0,0,8,21553,0.0,-107605600.0,0.0,0.0,0.0,0.0,0.0,0.0,0.0,0.0,0.0,0.0,0.0,0.0,0.0,0.0,0.0,0.0,0.0,0.0,0.0,0.0,-0.0,3.697066946564247e+19,0.0,0.0,0.0,0.0,0.0,0.0,5873.0,0.0,6917.0,-0.0,2.7184451529628395e+23,2.004,2.004,0.0,0.0,0.0,0.0,69,0.0,4.066866502851387e+29,0.0,0.0,0.0,0.0,0.0,0.0,0.0,0,0,0,0.0,0.0,0.0,0.0,0.0,0.0,0.0,0.0,0.0,0.0,0.0,0.0,0.0,0.0,0.0,0.0,0,-107875648.0,69,0.0,138,0.0,2.012,ERR,ERR,ERR,ERR,ERR,ERR,ERR,ERR,ERR,ERR,ERR,ERR,ERR,ERR,ERR,ERR,ERR,ERR,ERR,ERR,ERR,ERR,ERR,ERR,ERR,ERR,ERR,ERR,ERR,ERR,ERR,ERR,ERR,ERR,ERR,ERR,ERR,ERR,ERR,ERR,ERR,ERR,ERR,ERR,ERR,ERR,ERR,ERR,ERR,ERR,ERR,ERR,ERR,ERR,ERR,ERR,ERR,ERR,ERR,ERR,ERR,ERR,ERR,ERR,ERR,ERR,ERR,60.0,60.0,35,0.0,0.0,0.0,0.0,0.0,0.0,0.0,0.0,0.0,0.0,0.0,0.0,0.0,0.0,0.0,0.0,65.2,0,140,67,47,65476,0,300,0,0,8,20529,65476,0,0,2621,60.0,0.0,0.0,0.0,0.0,0.0
2026-07-09T15:26:28,ERR,ERR,ERR,ERR,ERR,ERR,ERR,ERR,ERR,ERR,ERR,ERR,ERR,ERR,ERR,ERR,ERR,ERR,ERR,ERR,ERR,ERR,ERR,ERR,ERR,ERR,ERR,ERR,ERR,ERR,ERR,ERR,ERR,ERR,ERR,ERR,ERR,ERR,ERR,ERR,ERR,ERR,ERR,ERR,ERR,ERR,ERR,ERR,ERR,ERR,ERR,ERR,ERR,ERR,ERR,ERR,ERR,ERR,ERR,ERR,ERR,ERR,ERR,ERR,ERR,ERR,ERR,ERR,ERR,ERR,ERR,ERR,ERR,ERR,ERR,ERR,ERR,ERR,ERR,ERR,ERR,ERR,ERR,ERR,ERR,ERR,ERR,ERR,ERR,ERR,ERR,ERR,ERR,ERR,ERR,ERR,ERR,ERR,ERR,ERR,ERR,ERR,ERR,ERR,ERR,ERR,ERR,ERR,ERR,ERR,ERR,ERR,ERR,ERR,ERR,ERR,ERR,ERR,ERR,ERR,ERR,ERR,ERR,ERR,ERR,-0.0,-0.0,-0.0,2.7183478752108883e+23,0.0,0.0,-0.0,-0.0,0,0,4,17310,7116,0.0,100,0.0,0.0,2.7183478752108883e+23,0.0,0.0,0,0,0,0,0.0,0,0,0,0,0,0,0,0,0,0,0,0,0,0,0,0,0,0,0,0,0,0,0,0,0,0,0,0,0,0,0,0,0,31,40,40,71,65476,0,300,0,0,8,21553,0.0,-107605600.0,0.0,0.0,0.0,0.0,0.0,0.0,0.0,0.0,0.0,0.0,0.0,0.0,0.0,0.0,0.0,0.0,0.0,0.0,0.0,0.0,-0.0,-2.004,0.0,0.0,0.0,0.0,0.0,0.0,5844.0,-1.5879342643754184e+29,6942.0,-0.0,-107616016.0,2.004,2.004,0.0,0.0,0.0,0.0,69,5.8480683596653936e+35,0.0,0.0,0.0,0.0,0.0,0.0,0.0,0.0,0,0,0,0.0,0.0,0.0,0.0,0.0,0.0,0.0,0.0,0.0,0.0,0.0,0.0,0.0,0.0,0.0,0.0,0,-107875648.0,69,0.0,138,0.0,2.012,ERR,ERR,ERR,ERR,ERR,ERR,ERR,ERR,ERR,ERR,ERR,ERR,ERR,ERR,ERR,ERR,ERR,ERR,ERR,ERR,ERR,ERR,ERR,ERR,ERR,ERR,ERR,ERR,ERR,ERR,ERR,ERR,ERR,ERR,ERR,ERR,ERR,ERR,ERR,ERR,ERR,ERR,ERR,ERR,ERR,ERR,ERR,ERR,ERR,ERR,ERR,ERR,ERR,ERR,ERR,ERR,ERR,ERR,ERR,ERR,ERR,ERR,ERR,ERR,ERR,ERR,ERR,60.0,60.0,35,0.0,0.0,0.0,0.0,0.0,0.0,0.0,0.0,0.0,0.0,0.0,0.0,0.0,0.0,0.0,0.0,65.2,0,140,67,47,65476,0,300,0,0,8,20529,65476,0,0,2621,60.0,0.0,0.0,0.0,0.0,0.0
2026-07-09T15:26:29,ERR,ERR,ERR,ERR,ERR,ERR,ERR,ERR,ERR,ERR,ERR,ERR,ERR,ERR,ERR,ERR,ERR,ERR,ERR,ERR,ERR,ERR,ERR,ERR,ERR,ERR,ERR,ERR,ERR,ERR,ERR,ERR,ERR,ERR,ERR,ERR,ERR,ERR,ERR,ERR,ERR,ERR,ERR,ERR,ERR,ERR,ERR,ERR,ERR,ERR,ERR,ERR,ERR,ERR,ERR,ERR,ERR,ERR,ERR,ERR,ERR,ERR,ERR,ERR,ERR,ERR,ERR,ERR,ERR,ERR,ERR,ERR,ERR,ERR,ERR,ERR,ERR,ERR,ERR,ERR,ERR,ERR,ERR,ERR,ERR,ERR,ERR,ERR,ERR,ERR,ERR,ERR,ERR,ERR,ERR,ERR,ERR,ERR,ERR,ERR,ERR,ERR,ERR,ERR,ERR,ERR,ERR,ERR,ERR,ERR,ERR,ERR,ERR,ERR,ERR,ERR,ERR,ERR,ERR,ERR,ERR,ERR,ERR,ERR,ERR,-0.0,-0.0,-0.0,2.7183478752108883e+23,0.0,0.0,-0.0,-0.0,0,0,4,17310,7116,0.0,100,0.0,0.0,2.7183478752108883e+23,0.0,0.0,0,0,0,0,0.0,0,0,0,0,0,0,0,0,0,0,0,0,0,0,0,0,0,0,0,0,0,0,0,0,0,0,0,0,0,0,0,0,0,31,40,40,71,65476,0,300,0,0,8,21553,0.0,-107605600.0,0.0,0.0,0.0,0.0,0.0,0.0,0.0,0.0,0.0,0.0,0.0,0.0,0.0,0.0,0.0,0.0,0.0,0.0,0.0,0.0,-0.0,-2.004,0.0,0.0,0.0,0.0,0.0,0.0,5844.0,-1.5879342643754184e+29,6942.0,-0.0,-107616016.0,2.004,2.004,0.0,0.0,0.0,0.0,69,5.8480683596653936e+35,0.0,0.0,0.0,0.0,0.0,0.0,0.0,0.0,0,0,0,0.0,0.0,0.0,0.0,0.0,0.0,0.0,0.0,0.0,0.0,0.0,0.0,0.0,0.0,0.0,0.0,0,-107875648.0,69,0.0,138,0.0,2.012,ERR,ERR,ERR,ERR,ERR,ERR,ERR,ERR,ERR,ERR,ERR,ERR,ERR,ERR,ERR,ERR,ERR,ERR,ERR,ERR,ERR,ERR,ERR,ERR,ERR,ERR,ERR,ERR,ERR,ERR,ERR,ERR,ERR,ERR,ERR,ERR,ERR,ERR,ERR,ERR,ERR,ERR,ERR,ERR,ERR,ERR,ERR,ERR,ERR,ERR,ERR,ERR,ERR,ERR,ERR,ERR,ERR,ERR,ERR,ERR,ERR,ERR,ERR,ERR,ERR,ERR,ERR,60.0,60.0,35,0.0,0.0,0.0,0.0,0.0,0.0,0.0,0.0,0.0,0.0,0.0,0.0,0.0,0.0,0.0,0.0,65.2,0,140,67,47,65476,0,300,0,0,8,20529,65476,0,0,2621,60.0,0.0,0.0,0.0,0.0,0.0
2026-07-09T15:26:30,ERR,ERR,ERR,ERR,ERR,ERR,ERR,ERR,ERR,ERR,ERR,ERR,ERR,ERR,ERR,ERR,ERR,ERR,ERR,ERR,ERR,ERR,ERR,ERR,ERR,ERR,ERR,ERR,ERR,ERR,ERR,ERR,ERR,ERR,ERR,ERR,ERR,ERR,ERR,ERR,ERR,ERR,ERR,ERR,ERR,ERR,ERR,ERR,ERR,ERR,ERR,ERR,ERR,ERR,ERR,ERR,ERR,ERR,ERR,ERR,ERR,ERR,ERR,ERR,ERR,ERR,ERR,ERR,ERR,ERR,ERR,ERR,ERR,ERR,ERR,ERR,ERR,ERR,ERR,ERR,ERR,ERR,ERR,ERR,ERR,ERR,ERR,ERR,ERR,ERR,ERR,ERR,ERR,ERR,ERR,ERR,ERR,ERR,ERR,ERR,ERR,ERR,ERR,ERR,ERR,ERR,ERR,ERR,ERR,ERR,ERR,ERR,ERR,ERR,ERR,ERR,ERR,ERR,ERR,ERR,ERR,ERR,ERR,ERR,ERR,-0.0,-0.0,-0.0,2.7183478752108883e+23,0.0,0.0,-0.0,-0.0,0,0,4,17310,7116,0.0,100,0.0,0.0,2.7183478752108883e+23,0.0,0.0,0,0,0,0,0.0,0,0,0,0,0,0,0,0,0,0,0,0,0,0,0,0,0,0,0,0,0,0,0,0,0,0,0,0,0,0,0,0,0,31,40,40,71,65476,0,300,0,0,8,21553,0.0,-107605600.0,0.0,0.0,0.0,0.0,0.0,0.0,0.0,0.0,0.0,0.0,0.0,0.0,0.0,0.0,0.0,0.0,0.0,0.0,0.0,0.0,-0.0,-2.004,0.0,0.0,0.0,0.0,0.0,0.0,5844.0,-1.5879342643754184e+29,6942.0,-0.0,-107616016.0,2.004,2.004,0.0,0.0,0.0,0.0,69,5.8480683596653936e+35,0.0,0.0,0.0,0.0,0.0,0.0,0.0,0.0,0,0,0,0.0,0.0,0.0,0.0,0.0,0.0,0.0,0.0,0.0,0.0,0.0,0.0,0.0,0.0,0.0,0.0,0,-107875648.0,69,0.0,138,0.0,2.012,ERR,ERR,ERR,ERR,ERR,ERR,ERR,ERR,ERR,ERR,ERR,ERR,ERR,ERR,ERR,ERR,ERR,ERR,ERR,ERR,ERR,ERR,ERR,ERR,ERR,ERR,ERR,ERR,ERR,ERR,ERR,ERR,ERR,ERR,ERR,ERR,ERR,ERR,ERR,ERR,ERR,ERR,ERR,ERR,ERR,ERR,ERR,ERR,ERR,ERR,ERR,ERR,ERR,ERR,ERR,ERR,ERR,ERR,ERR,ERR,ERR,ERR,ERR,ERR,ERR,ERR,ERR,60.0,60.0,35,0.0,0.0,0.0,0.0,0.0,0.0,0.0,0.0,0.0,0.0,0.0,0.0,0.0,0.0,0.0,0.0,65.2,0,140,67,47,65476,0,300,0,0,8,20529,65476,0,0,2621,60.0,0.0,0.0,0.0,0.0,0.0
2026-07-09T15:26:31,ERR,ERR,ERR,ERR,ERR,ERR,ERR,ERR,ERR,ERR,ERR,ERR,ERR,ERR,ERR,ERR,ERR,ERR,ERR,ERR,ERR,ERR,ERR,ERR,ERR,ERR,ERR,ERR,ERR,ERR,ERR,ERR,ERR,ERR,ERR,ERR,ERR,ERR,ERR,ERR,ERR,ERR,ERR,ERR,ERR,ERR,ERR,ERR,ERR,ERR,ERR,ERR,ERR,ERR,ERR,ERR,ERR,ERR,ERR,ERR,ERR,ERR,ERR,ERR,ERR,ERR,ERR,ERR,ERR,ERR,ERR,ERR,ERR,ERR,ERR,ERR,ERR,ERR,ERR,ERR,ERR,ERR,ERR,ERR,ERR,ERR,ERR,ERR,ERR,ERR,ERR,ERR,ERR,ERR,ERR,ERR,ERR,ERR,ERR,ERR,ERR,ERR,ERR,ERR,ERR,ERR,ERR,ERR,ERR,ERR,ERR,ERR,ERR,ERR,ERR,ERR,ERR,ERR,ERR,ERR,ERR,ERR,ERR,ERR,ERR,-0.0,-0.0,-0.0,2.7183478752108883e+23,0.0,0.0,-0.0,-0.0,0,0,4,17310,7116,0.0,100,0.0,0.0,2.7183478752108883e+23,0.0,0.0,0,0,0,0,0.0,0,0,0,0,0,0,0,0,0,0,0,0,0,0,0,0,0,0,0,0,0,0,0,0,0,0,0,0,0,0,0,0,0,31,40,40,71,65476,0,300,0,0,8,21553,0.0,-107605600.0,0.0,0.0,0.0,0.0,0.0,0.0,0.0,0.0,0.0,0.0,0.0,0.0,0.0,0.0,0.0,0.0,0.0,0.0,0.0,0.0,-0.0,-2.004,0.0,0.0,0.0,0.0,0.0,0.0,5844.0,-1.5879342643754184e+29,6942.0,-0.0,-107616016.0,2.004,2.004,0.0,0.0,0.0,0.0,69,5.8480683596653936e+35,0.0,0.0,0.0,0.0,0.0,0.0,0.0,0.0,0,0,0,0.0,0.0,0.0,0.0,0.0,0.0,0.0,0.0,0.0,0.0,0.0,0.0,0.0,0.0,0.0,0.0,0,-107875648.0,69,0.0,138,0.0,2.012,ERR,ERR,ERR,ERR,ERR,ERR,ERR,ERR,ERR,ERR,ERR,ERR,ERR,ERR,ERR,ERR,ERR,ERR,ERR,ERR,ERR,ERR,ERR,ERR,ERR,ERR,ERR,ERR,ERR,ERR,ERR,ERR,ERR,ERR,ERR,ERR,ERR,ERR,ERR,ERR,ERR,ERR,ERR,ERR,ERR,ERR,ERR,ERR,ERR,ERR,ERR,ERR,ERR,ERR,ERR,ERR,ERR,ERR,ERR,ERR,ERR,ERR,ERR,ERR,ERR,ERR,ERR,60.0,60.0,35,0.0,0.0,0.0,0.0,0.0,0.0,0.0,0.0,0.0,0.0,0.0,0.0,0.0,0.0,0.0,0.0,65.2,0,140,67,47,65476,0,300,0,0,8,20529,65476,0,0,2621,60.0,0.0,0.0,0.0,0.0,0.0
2026-07-09T15:26:32,ERR,ERR,ERR,ERR,ERR,ERR,ERR,ERR,ERR,ERR,ERR,ERR,ERR,ERR,ERR,ERR,ERR,ERR,ERR,ERR,ERR,ERR,ERR,ERR,ERR,ERR,ERR,ERR,ERR,ERR,ERR,ERR,ERR,ERR,ERR,ERR,ERR,ERR,ERR,ERR,ERR,ERR,ERR,ERR,ERR,ERR,ERR,ERR,ERR,ERR,ERR,ERR,ERR,ERR,ERR,ERR,ERR,ERR,ERR,ERR,ERR,ERR,ERR,ERR,ERR,ERR,ERR,ERR,ERR,ERR,ERR,ERR,ERR,ERR,ERR,ERR,ERR,ERR,ERR,ERR,ERR,ERR,ERR,ERR,ERR,ERR,ERR,ERR,ERR,ERR,ERR,ERR,ERR,ERR,ERR,ERR,ERR,ERR,ERR,ERR,ERR,ERR,ERR,ERR,ERR,ERR,ERR,ERR,ERR,ERR,ERR,ERR,ERR,ERR,ERR,ERR,ERR,ERR,ERR,ERR,ERR,ERR,ERR,ERR,ERR,-0.0,-0.0,-0.0,2.7183478752108883e+23,0.0,0.0,-0.0,-0.0,0,0,4,17310,7116,0.0,100,0.0,0.0,2.7183478752108883e+23,0.0,0.0,0,0,0,0,0.0,0,0,0,0,0,0,0,0,0,0,0,0,0,0,0,0,0,0,0,0,0,0,0,0,0,0,0,0,0,0,0,0,0,31,40,40,71,65476,0,300,0,0,8,21553,0.0,-107605600.0,0.0,0.0,0.0,0.0,0.0,0.0,0.0,0.0,0.0,0.0,0.0,0.0,0.0,0.0,0.0,0.0,0.0,0.0,0.0,0.0,-0.0,-2.004,0.0,0.0,0.0,0.0,0.0,0.0,5844.0,-1.5879342643754184e+29,6942.0,-0.0,-107616016.0,2.004,2.004,0.0,0.0,0.0,0.0,69,5.8480683596653936e+35,0.0,0.0,0.0,0.0,0.0,0.0,0.0,0.0,0,0,0,0.0,0.0,0.0,0.0,0.0,0.0,0.0,0.0,0.0,0.0,0.0,0.0,0.0,0.0,0.0,0.0,0,-107875648.0,69,0.0,138,0.0,2.012,ERR,ERR,ERR,ERR,ERR,ERR,ERR,ERR,ERR,ERR,ERR,ERR,ERR,ERR,ERR,ERR,ERR,ERR,ERR,ERR,ERR,ERR,ERR,ERR,ERR,ERR,ERR,ERR,ERR,ERR,ERR,ERR,ERR,ERR,ERR,ERR,ERR,ERR,ERR,ERR,ERR,ERR,ERR,ERR,ERR,ERR,ERR,ERR,ERR,ERR,ERR,ERR,ERR,ERR,ERR,ERR,ERR,ERR,ERR,ERR,ERR,ERR,ERR,ERR,ERR,ERR,ERR,60.0,60.0,35,0.0,0.0,0.0,0.0,0.0,0.0,0.0,0.0,0.0,0.0,0.0,0.0,0.0,0.0,0.0,0.0,65.2,0,140,67,47,65476,0,300,0,0,8,20529,65476,0,0,2621,60.0,0.0,0.0,0.0,0.0,0.0
2026-07-09T15:26:33,ERR,ERR,ERR,ERR,ERR,ERR,ERR,ERR,ERR,ERR,ERR,ERR,ERR,ERR,ERR,ERR,ERR,ERR,ERR,ERR,ERR,ERR,ERR,ERR,ERR,ERR,ERR,ERR,ERR,ERR,ERR,ERR,ERR,ERR,ERR,ERR,ERR,ERR,ERR,ERR,ERR,ERR,ERR,ERR,ERR,ERR,ERR,ERR,ERR,ERR,ERR,ERR,ERR,ERR,ERR,ERR,ERR,ERR,ERR,ERR,ERR,ERR,ERR,ERR,ERR,ERR,ERR,ERR,ERR,ERR,ERR,ERR,ERR,ERR,ERR,ERR,ERR,ERR,ERR,ERR,ERR,ERR,ERR,ERR,ERR,ERR,ERR,ERR,ERR,ERR,ERR,ERR,ERR,ERR,ERR,ERR,ERR,ERR,ERR,ERR,ERR,ERR,ERR,ERR,ERR,ERR,ERR,ERR,ERR,ERR,ERR,ERR,ERR,ERR,ERR,ERR,ERR,ERR,ERR,ERR,ERR,ERR,ERR,ERR,ERR,0.0,0.0,0.0,0.0,-5.886394004895076e+20,2.9899116901495975e+23,-4.3381718644018713e+27,0.0,0,0,4,17310,7116,0.0,100,0.0,0.0,0.0,0.0,0.0,0,0,0,0,0.0,0,0,0,0,0,0,0,0,0,0,0,0,0,0,0,0,0,0,0,0,0,0,0,0,0,0,0,0,0,0,0,0,0,31,40,40,71,65476,0,300,0,0,8,21553,0.0,-107605600.0,0.0,0.0,0.0,0.0,0.0,0.0,0.0,0.0,0.0,0.0,0.0,0.0,0.0,0.0,0.0,0.0,0.0,0.0,0.0,0.0,-2.004,-3.697066946564247e+19,0.0,0.0,0.0,0.0,0.0,0.0,5836.0,1.5879342643754184e+29,6926.0,0.0,0.0,2.004,2.004,0.0,0.0,0.0,0.0,69,-0.0,-0.0,0.0,0.0,0.0,0.0,0.0,0.0,0.0,0,0,0,0.0,0.0,0.0,0.0,0.0,0.0,0.0,0.0,0.0,0.0,0.0,0.0,0.0,0.0,0.0,0.0,0,-107875648.0,69,0.0,138,0.0,2.012,ERR,ERR,ERR,ERR,ERR,ERR,ERR,ERR,ERR,ERR,ERR,ERR,ERR,ERR,ERR,ERR,ERR,ERR,ERR,ERR,ERR,ERR,ERR,ERR,ERR,ERR,ERR,ERR,ERR,ERR,ERR,ERR,ERR,ERR,ERR,ERR,ERR,ERR,ERR,ERR,ERR,ERR,ERR,ERR,ERR,ERR,ERR,ERR,ERR,ERR,ERR,ERR,ERR,ERR,ERR,ERR,ERR,ERR,ERR,ERR,ERR,ERR,ERR,ERR,ERR,ERR,ERR,60.0,60.0,35,0.0,0.0,0.0,0.0,0.0,0.0,0.0,0.0,0.0,0.0,0.0,0.0,0.0,0.0,0.0,0.0,65.2,0,140,67,47,65476,0,300,0,0,8,20529,65476,0,0,2621,60.0,0.0,0.0,0.0,0.0,0.0
2026-07-09T15:26:34,ERR,ERR,ERR,ERR,ERR,ERR,ERR,ERR,ERR,ERR,ERR,ERR,ERR,ERR,ERR,ERR,ERR,ERR,ERR,ERR,ERR,ERR,ERR,ERR,ERR,ERR,ERR,ERR,ERR,ERR,ERR,ERR,ERR,ERR,ERR,ERR,ERR,ERR,ERR,ERR,ERR,ERR,ERR,ERR,ERR,ERR,ERR,ERR,ERR,ERR,ERR,ERR,ERR,ERR,ERR,ERR,ERR,ERR,ERR,ERR,ERR,ERR,ERR,ERR,ERR,ERR,ERR,ERR,ERR,ERR,ERR,ERR,ERR,ERR,ERR,ERR,ERR,ERR,ERR,ERR,ERR,ERR,ERR,ERR,ERR,ERR,ERR,ERR,ERR,ERR,ERR,ERR,ERR,ERR,ERR,ERR,ERR,ERR,ERR,ERR,ERR,ERR,ERR,ERR,ERR,ERR,ERR,ERR,ERR,ERR,ERR,ERR,ERR,ERR,ERR,ERR,ERR,ERR,ERR,ERR,ERR,ERR,ERR,ERR,ERR,0.0,0.0,0.0,0.0,-5.886394004895076e+20,2.9899116901495975e+23,-4.3381718644018713e+27,0.0,0,0,4,17310,7116,0.0,100,0.0,0.0,0.0,0.0,0.0,0,0,0,0,0.0,0,0,0,0,0,0,0,0,0,0,0,0,0,0,0,0,0,0,0,0,0,0,0,0,0,0,0,0,0,0,0,0,0,31,40,40,71,65476,0,300,0,0,8,21553,0.0,-107605600.0,0.0,0.0,0.0,0.0,0.0,0.0,0.0,0.0,0.0,0.0,0.0,0.0,0.0,0.0,0.0,0.0,0.0,0.0,0.0,0.0,-2.004,-3.697066946564247e+19,0.0,0.0,0.0,0.0,0.0,0.0,5836.0,1.5879342643754184e+29,6926.0,0.0,0.0,2.004,2.004,0.0,0.0,0.0,0.0,69,-0.0,-0.0,0.0,0.0,0.0,0.0,0.0,0.0,0.0,0,0,0,0.0,0.0,0.0,0.0,0.0,0.0,0.0,0.0,0.0,0.0,0.0,0.0,0.0,0.0,0.0,0.0,0,-107875648.0,69,0.0,138,0.0,2.012,ERR,ERR,ERR,ERR,ERR,ERR,ERR,ERR,ERR,ERR,ERR,ERR,ERR,ERR,ERR,ERR,ERR,ERR,ERR,ERR,ERR,ERR,ERR,ERR,ERR,ERR,ERR,ERR,ERR,ERR,ERR,ERR,ERR,ERR,ERR,ERR,ERR,ERR,ERR,ERR,ERR,ERR,ERR,ERR,ERR,ERR,ERR,ERR,ERR,ERR,ERR,ERR,ERR,ERR,ERR,ERR,ERR,ERR,ERR,ERR,ERR,ERR,ERR,ERR,ERR,ERR,ERR,60.0,60.0,35,0.0,0.0,0.0,0.0,0.0,0.0,0.0,0.0,0.0,0.0,0.0,0.0,0.0,0.0,0.0,0.0,65.6,0,141,67,47,65476,0,300,0,0,8,20529,65476,0,0,2621,60.0,0.0,0.0,0.0,0.0,0.0
2026-07-09T15:26:35,ERR,ERR,ERR,ERR,ERR,ERR,ERR,ERR,ERR,ERR,ERR,ERR,ERR,ERR,ERR,ERR,ERR,ERR,ERR,ERR,ERR,ERR,ERR,ERR,ERR,ERR,ERR,ERR,ERR,ERR,ERR,ERR,ERR,ERR,ERR,ERR,ERR,ERR,ERR,ERR,ERR,ERR,ERR,ERR,ERR,ERR,ERR,ERR,ERR,ERR,ERR,ERR,ERR,ERR,ERR,ERR,ERR,ERR,ERR,ERR,ERR,ERR,ERR,ERR,ERR,ERR,ERR,ERR,ERR,ERR,ERR,ERR,ERR,ERR,ERR,ERR,ERR,ERR,ERR,ERR,ERR,ERR,ERR,ERR,ERR,ERR,ERR,ERR,ERR,ERR,ERR,ERR,ERR,ERR,ERR,ERR,ERR,ERR,ERR,ERR,ERR,ERR,ERR,ERR,ERR,ERR,ERR,ERR,ERR,ERR,ERR,ERR,ERR,ERR,ERR,ERR,ERR,ERR,ERR,ERR,ERR,ERR,ERR,ERR,ERR,0.0,0.0,0.0,0.0,-5.886394004895076e+20,2.9899116901495975e+23,-4.3381718644018713e+27,0.0,0,0,4,17310,7116,0.0,100,0.0,0.0,0.0,0.0,0.0,0,0,0,0,0.0,0,0,0,0,0,0,0,0,0,0,0,0,0,0,0,0,0,0,0,0,0,0,0,0,0,0,0,0,0,0,0,0,0,31,40,40,71,65476,0,300,0,0,8,21553,0.0,-107605600.0,0.0,0.0,0.0,0.0,0.0,0.0,0.0,0.0,0.0,0.0,0.0,0.0,0.0,0.0,0.0,0.0,0.0,0.0,0.0,0.0,-2.004,-3.697066946564247e+19,0.0,0.0,0.0,0.0,0.0,0.0,5836.0,1.5879342643754184e+29,6926.0,0.0,0.0,2.004,2.004,0.0,0.0,0.0,0.0,69,-0.0,-0.0,0.0,0.0,0.0,0.0,0.0,0.0,0.0,0,0,0,0.0,0.0,0.0,0.0,0.0,0.0,0.0,0.0,0.0,0.0,0.0,0.0,0.0,0.0,0.0,0.0,0,-107875648.0,69,0.0,138,0.0,2.012,ERR,ERR,ERR,ERR,ERR,ERR,ERR,ERR,ERR,ERR,ERR,ERR,ERR,ERR,ERR,ERR,ERR,ERR,ERR,ERR,ERR,ERR,ERR,ERR,ERR,ERR,ERR,ERR,ERR,ERR,ERR,ERR,ERR,ERR,ERR,ERR,ERR,ERR,ERR,ERR,ERR,ERR,ERR,ERR,ERR,ERR,ERR,ERR,ERR,ERR,ERR,ERR,ERR,ERR,ERR,ERR,ERR,ERR,ERR,ERR,ERR,ERR,ERR,ERR,ERR,ERR,ERR,60.0,60.0,35,0.0,0.0,0.0,0.0,0.0,0.0,0.0,0.0,0.0,0.0,0.0,0.0,0.0,0.0,0.0,0.0,65.6,0,141,67,47,65476,0,300,0,0,8,20529,65476,0,0,2621,60.0,0.0,0.0,0.0,0.0,0.0
2026-07-09T15:26:36,ERR,ERR,ERR,ERR,ERR,ERR,ERR,ERR,ERR,ERR,ERR,ERR,ERR,ERR,ERR,ERR,ERR,ERR,ERR,ERR,ERR,ERR,ERR,ERR,ERR,ERR,ERR,ERR,ERR,ERR,ERR,ERR,ERR,ERR,ERR,ERR,ERR,ERR,ERR,ERR,ERR,ERR,ERR,ERR,ERR,ERR,ERR,ERR,ERR,ERR,ERR,ERR,ERR,ERR,ERR,ERR,ERR,ERR,ERR,ERR,ERR,ERR,ERR,ERR,ERR,ERR,ERR,ERR,ERR,ERR,ERR,ERR,ERR,ERR,ERR,ERR,ERR,ERR,ERR,ERR,ERR,ERR,ERR,ERR,ERR,ERR,ERR,ERR,ERR,ERR,ERR,ERR,ERR,ERR,ERR,ERR,ERR,ERR,ERR,ERR,ERR,ERR,ERR,ERR,ERR,ERR,ERR,ERR,ERR,ERR,ERR,ERR,ERR,ERR,ERR,ERR,ERR,ERR,ERR,ERR,ERR,ERR,ERR,ERR,ERR,0.0,0.0,0.0,0.0,-5.886394004895076e+20,2.9899116901495975e+23,-4.3381718644018713e+27,0.0,0,0,4,17310,7116,0.0,100,0.0,0.0,0.0,0.0,0.0,0,0,0,0,0.0,0,0,0,0,0,0,0,0,0,0,0,0,0,0,0,0,0,0,0,0,0,0,0,0,0,0,0,0,0,0,0,0,0,31,40,40,71,65476,0,300,0,0,8,21553,0.0,-107605600.0,0.0,0.0,0.0,0.0,0.0,0.0,0.0,0.0,0.0,0.0,0.0,0.0,0.0,0.0,0.0,0.0,0.0,0.0,0.0,0.0,-2.004,-3.697066946564247e+19,0.0,0.0,0.0,0.0,0.0,0.0,5836.0,1.5879342643754184e+29,6926.0,0.0,0.0,2.004,2.004,0.0,0.0,0.0,0.0,69,-0.0,-0.0,0.0,0.0,0.0,0.0,0.0,0.0,0.0,0,0,0,0.0,0.0,0.0,0.0,0.0,0.0,0.0,0.0,0.0,0.0,0.0,0.0,0.0,0.0,0.0,0.0,0,-107875648.0,69,0.0,138,0.0,2.012,ERR,ERR,ERR,ERR,ERR,ERR,ERR,ERR,ERR,ERR,ERR,ERR,ERR,ERR,ERR,ERR,ERR,ERR,ERR,ERR,ERR,ERR,ERR,ERR,ERR,ERR,ERR,ERR,ERR,ERR,ERR,ERR,ERR,ERR,ERR,ERR,ERR,ERR,ERR,ERR,ERR,ERR,ERR,ERR,ERR,ERR,ERR,ERR,ERR,ERR,ERR,ERR,ERR,ERR,ERR,ERR,ERR,ERR,ERR,ERR,ERR,ERR,ERR,ERR,ERR,ERR,ERR,60.0,60.0,35,0.0,0.0,0.0,0.0,0.0,0.0,0.0,0.0,0.0,0.0,0.0,0.0,0.0,0.0,0.0,0.0,65.2,0,141,67,47,65476,0,300,0,0,8,20529,65476,0,0,2621,60.0,0.0,0.0,0.0,0.0,0.0
2026-07-09T15:26:37,ERR,ERR,ERR,ERR,ERR,ERR,ERR,ERR,ERR,ERR,ERR,ERR,ERR,ERR,ERR,ERR,ERR,ERR,ERR,ERR,ERR,ERR,ERR,ERR,ERR,ERR,ERR,ERR,ERR,ERR,ERR,ERR,ERR,ERR,ERR,ERR,ERR,ERR,ERR,ERR,ERR,ERR,ERR,ERR,ERR,ERR,ERR,ERR,ERR,ERR,ERR,ERR,ERR,ERR,ERR,ERR,ERR,ERR,ERR,ERR,ERR,ERR,ERR,ERR,ERR,ERR,ERR,ERR,ERR,ERR,ERR,ERR,ERR,ERR,ERR,ERR,ERR,ERR,ERR,ERR,ERR,ERR,ERR,ERR,ERR,ERR,ERR,ERR,ERR,ERR,ERR,ERR,ERR,ERR,ERR,ERR,ERR,ERR,ERR,ERR,ERR,ERR,ERR,ERR,ERR,ERR,ERR,ERR,ERR,ERR,ERR,ERR,ERR,ERR,ERR,ERR,ERR,ERR,ERR,ERR,ERR,ERR,ERR,ERR,ERR,0.0,0.0,0.0,0.0,-5.886394004895076e+20,2.9899116901495975e+23,-4.3381718644018713e+27,0.0,0,0,4,17310,7116,0.0,100,0.0,0.0,0.0,0.0,0.0,0,0,0,0,0.0,0,0,0,0,0,0,0,0,0,0,0,0,0,0,0,0,0,0,0,0,0,0,0,0,0,0,0,0,0,0,0,0,0,31,40,40,71,65476,0,300,0,0,8,21553,0.0,-107605600.0,0.0,0.0,0.0,0.0,0.0,0.0,0.0,0.0,0.0,0.0,0.0,0.0,0.0,0.0,0.0,0.0,0.0,0.0,0.0,0.0,-2.004,-3.697066946564247e+19,0.0,0.0,0.0,0.0,0.0,0.0,5836.0,1.5879342643754184e+29,6926.0,0.0,0.0,2.004,2.004,0.0,0.0,0.0,0.0,69,-0.0,-0.0,0.0,0.0,0.0,0.0,0.0,0.0,0.0,0,0,0,0.0,0.0,0.0,0.0,0.0,0.0,0.0,0.0,0.0,0.0,0.0,0.0,0.0,0.0,0.0,0.0,0,-107875648.0,69,0.0,138,0.0,2.012,ERR,ERR,ERR,ERR,ERR,ERR,ERR,ERR,ERR,ERR,ERR,ERR,ERR,ERR,ERR,ERR,ERR,ERR,ERR,ERR,ERR,ERR,ERR,ERR,ERR,ERR,ERR,ERR,ERR,ERR,ERR,ERR,ERR,ERR,ERR,ERR,ERR,ERR,ERR,ERR,ERR,ERR,ERR,ERR,ERR,ERR,ERR,ERR,ERR,ERR,ERR,ERR,ERR,ERR,ERR,ERR,ERR,ERR,ERR,ERR,ERR,ERR,ERR,ERR,ERR,ERR,ERR,60.0,60.0,35,0.0,0.0,0.0,0.0,0.0,0.0,0.0,0.0,0.0,0.0,0.0,0.0,0.0,0.0,0.0,0.0,65.2,0,141,67,47,65476,0,300,0,0,8,20529,65476,0,0,2621,60.0,0.0,0.0,0.0,0.0,0.0
2026-07-09T15:26:38,ERR,ERR,ERR,ERR,ERR,ERR,ERR,ERR,ERR,ERR,ERR,ERR,ERR,ERR,ERR,ERR,ERR,ERR,ERR,ERR,ERR,ERR,ERR,ERR,ERR,ERR,ERR,ERR,ERR,ERR,ERR,ERR,ERR,ERR,ERR,ERR,ERR,ERR,ERR,ERR,ERR,ERR,ERR,ERR,ERR,ERR,ERR,ERR,ERR,ERR,ERR,ERR,ERR,ERR,ERR,ERR,ERR,ERR,ERR,ERR,ERR,ERR,ERR,ERR,ERR,ERR,ERR,ERR,ERR,ERR,ERR,ERR,ERR,ERR,ERR,ERR,ERR,ERR,ERR,ERR,ERR,ERR,ERR,ERR,ERR,ERR,ERR,ERR,ERR,ERR,ERR,ERR,ERR,ERR,ERR,ERR,ERR,ERR,ERR,ERR,ERR,ERR,ERR,ERR,ERR,ERR,ERR,ERR,ERR,ERR,ERR,ERR,ERR,ERR,ERR,ERR,ERR,ERR,ERR,ERR,ERR,ERR,ERR,ERR,ERR,0.0,0.0,0.0,2.7183478752108883e+23,6.203322010120691e+26,-63956189184.0,15697.808,0.0,0,0,4,17311,7116,0.0,100,0.0,0.0,2.7183478752108883e+23,0.0,0.0,0,0,0,0,0.0,0,0,0,0,0,0,0,0,0,0,0,0,0,0,0,0,0,0,0,0,0,0,0,0,0,0,0,0,0,0,0,0,0,31,40,40,71,65476,0,300,0,0,8,21553,0.0,-107605600.0,0.0,0.0,0.0,0.0,0.0,0.0,0.0,0.0,0.0,0.0,0.0,0.0,0.0,0.0,0.0,0.0,0.0,0.0,0.0,0.0,-2.004,0.0,0.0,0.0,0.0,0.0,0.0,0.0,5847.0,2.004,6920.0,0.0,0.0,2.004,2.004,0.0,0.0,0.0,0.0,69,0.0,89220.82,0.0,0.0,0.0,0.0,0.0,0.0,0.0,0,0,0,0.0,0.0,0.0,0.0,0.0,0.0,0.0,0.0,0.0,0.0,0.0,0.0,0.0,0.0,0.0,0.0,0,-107875648.0,69,0.0,138,0.0,2.012,ERR,ERR,ERR,ERR,ERR,ERR,ERR,ERR,ERR,ERR,ERR,ERR,ERR,ERR,ERR,ERR,ERR,ERR,ERR,ERR,ERR,ERR,ERR,ERR,ERR,ERR,ERR,ERR,ERR,ERR,ERR,ERR,ERR,ERR,ERR,ERR,ERR,ERR,ERR,ERR,ERR,ERR,ERR,ERR,ERR,ERR,ERR,ERR,ERR,ERR,ERR,ERR,ERR,ERR,ERR,ERR,ERR,ERR,ERR,ERR,ERR,ERR,ERR,ERR,ERR,ERR,ERR,60.0,60.0,35,0.0,0.0,0.0,0.0,0.0,0.0,0.0,0.0,0.0,0.0,0.0,0.0,0.0,0.0,0.0,0.0,65.2,0,141,67,47,65476,0,300,0,0,8,20529,65476,0,0,2621,60.0,0.0,0.0,0.0,0.0,0.0
2026-07-09T15:26:39,ERR,ERR,ERR,ERR,ERR,ERR,ERR,ERR,ERR,ERR,ERR,ERR,ERR,ERR,ERR,ERR,ERR,ERR,ERR,ERR,ERR,ERR,ERR,ERR,ERR,ERR,ERR,ERR,ERR,ERR,ERR,ERR,ERR,ERR,ERR,ERR,ERR,ERR,ERR,ERR,ERR,ERR,ERR,ERR,ERR,ERR,ERR,ERR,ERR,ERR,ERR,ERR,ERR,ERR,ERR,ERR,ERR,ERR,ERR,ERR,ERR,ERR,ERR,ERR,ERR,ERR,ERR,ERR,ERR,ERR,ERR,ERR,ERR,ERR,ERR,ERR,ERR,ERR,ERR,ERR,ERR,ERR,ERR,ERR,ERR,ERR,ERR,ERR,ERR,ERR,ERR,ERR,ERR,ERR,ERR,ERR,ERR,ERR,ERR,ERR,ERR,ERR,ERR,ERR,ERR,ERR,ERR,ERR,ERR,ERR,ERR,ERR,ERR,ERR,ERR,ERR,ERR,ERR,ERR,ERR,ERR,ERR,ERR,ERR,ERR,0.0,0.0,0.0,2.7183478752108883e+23,6.203322010120691e+26,-63956189184.0,15697.808,0.0,0,0,4,17311,7116,0.0,100,0.0,0.0,2.7183478752108883e+23,0.0,0.0,0,0,0,0,0.0,0,0,0,0,0,0,0,0,0,0,0,0,0,0,0,0,0,0,0,0,0,0,0,0,0,0,0,0,0,0,0,0,0,31,40,40,71,65476,0,300,0,0,8,21553,0.0,-107605600.0,0.0,0.0,0.0,0.0,0.0,0.0,0.0,0.0,0.0,0.0,0.0,0.0,0.0,0.0,0.0,0.0,0.0,0.0,0.0,0.0,-2.004,0.0,0.0,0.0,0.0,0.0,0.0,0.0,5847.0,2.004,6920.0,0.0,0.0,2.004,2.004,0.0,0.0,0.0,0.0,69,0.0,89220.82,0.0,0.0,0.0,0.0,0.0,0.0,0.0,0,0,0,0.0,0.0,0.0,0.0,0.0,0.0,0.0,0.0,0.0,0.0,0.0,0.0,0.0,0.0,0.0,0.0,0,-107875648.0,69,0.0,138,0.0,2.012,ERR,ERR,ERR,ERR,ERR,ERR,ERR,ERR,ERR,ERR,ERR,ERR,ERR,ERR,ERR,ERR,ERR,ERR,ERR,ERR,ERR,ERR,ERR,ERR,ERR,ERR,ERR,ERR,ERR,ERR,ERR,ERR,ERR,ERR,ERR,ERR,ERR,ERR,ERR,ERR,ERR,ERR,ERR,ERR,ERR,ERR,ERR,ERR,ERR,ERR,ERR,ERR,ERR,ERR,ERR,ERR,ERR,ERR,ERR,ERR,ERR,ERR,ERR,ERR,ERR,ERR,ERR,60.0,60.0,35,0.0,0.0,0.0,0.0,0.0,0.0,0.0,0.0,0.0,0.0,0.0,0.0,0.0,0.0,0.0,0.0,65.2,0,141,67,47,65476,0,300,0,0,8,20529,65476,0,0,2621,60.0,0.0,0.0,0.0,0.0,0.0
2026-07-09T15:26:40,ERR,ERR,ERR,ERR,ERR,ERR,ERR,ERR,ERR,ERR,ERR,ERR,ERR,ERR,ERR,ERR,ERR,ERR,ERR,ERR,ERR,ERR,ERR,ERR,ERR,ERR,ERR,ERR,ERR,ERR,ERR,ERR,ERR,ERR,ERR,ERR,ERR,ERR,ERR,ERR,ERR,ERR,ERR,ERR,ERR,ERR,ERR,ERR,ERR,ERR,ERR,ERR,ERR,ERR,ERR,ERR,ERR,ERR,ERR,ERR,ERR,ERR,ERR,ERR,ERR,ERR,ERR,ERR,ERR,ERR,ERR,ERR,ERR,ERR,ERR,ERR,ERR,ERR,ERR,ERR,ERR,ERR,ERR,ERR,ERR,ERR,ERR,ERR,ERR,ERR,ERR,ERR,ERR,ERR,ERR,ERR,ERR,ERR,ERR,ERR,ERR,ERR,ERR,ERR,ERR,ERR,ERR,ERR,ERR,ERR,ERR,ERR,ERR,ERR,ERR,ERR,ERR,ERR,ERR,ERR,ERR,ERR,ERR,ERR,ERR,0.0,0.0,0.0,2.7183478752108883e+23,6.203322010120691e+26,-63956189184.0,15697.808,0.0,0,0,4,17311,7116,0.0,100,0.0,0.0,2.7183478752108883e+23,0.0,0.0,0,0,0,0,0.0,0,0,0,0,0,0,0,0,0,0,0,0,0,0,0,0,0,0,0,0,0,0,0,0,0,0,0,0,0,0,0,0,0,31,40,40,71,65476,0,300,0,0,8,21553,0.0,-107605600.0,0.0,0.0,0.0,0.0,0.0,0.0,0.0,0.0,0.0,0.0,0.0,0.0,0.0,0.0,0.0,0.0,0.0,0.0,0.0,0.0,-2.004,0.0,0.0,0.0,0.0,0.0,0.0,0.0,5847.0,2.004,6920.0,0.0,0.0,2.004,2.004,0.0,0.0,0.0,0.0,69,0.0,89220.82,0.0,0.0,0.0,0.0,0.0,0.0,0.0,0,0,0,0.0,0.0,0.0,0.0,0.0,0.0,0.0,0.0,0.0,0.0,0.0,0.0,0.0,0.0,0.0,0.0,0,-107875648.0,69,0.0,138,0.0,2.012,ERR,ERR,ERR,ERR,ERR,ERR,ERR,ERR,ERR,ERR,ERR,ERR,ERR,ERR,ERR,ERR,ERR,ERR,ERR,ERR,ERR,ERR,ERR,ERR,ERR,ERR,ERR,ERR,ERR,ERR,ERR,ERR,ERR,ERR,ERR,ERR,ERR,ERR,ERR,ERR,ERR,ERR,ERR,ERR,ERR,ERR,ERR,ERR,ERR,ERR,ERR,ERR,ERR,ERR,ERR,ERR,ERR,ERR,ERR,ERR,ERR,ERR,ERR,ERR,ERR,ERR,ERR,60.0,60.0,35,0.0,0.0,0.0,0.0,0.0,0.0,0.0,0.0,0.0,0.0,0.0,0.0,0.0,0.0,0.0,0.0,65.2,0,141,67,47,65476,0,300,0,0,8,20529,65476,0,0,2621,60.0,0.0,0.0,0.0,0.0,0.0
2026-07-09T15:26:41,ERR,ERR,ERR,ERR,ERR,ERR,ERR,ERR,ERR,ERR,ERR,ERR,ERR,ERR,ERR,ERR,ERR,ERR,ERR,ERR,ERR,ERR,ERR,ERR,ERR,ERR,ERR,ERR,ERR,ERR,ERR,ERR,ERR,ERR,ERR,ERR,ERR,ERR,ERR,ERR,ERR,ERR,ERR,ERR,ERR,ERR,ERR,ERR,ERR,ERR,ERR,ERR,ERR,ERR,ERR,ERR,ERR,ERR,ERR,ERR,ERR,ERR,ERR,ERR,ERR,ERR,ERR,ERR,ERR,ERR,ERR,ERR,ERR,ERR,ERR,ERR,ERR,ERR,ERR,ERR,ERR,ERR,ERR,ERR,ERR,ERR,ERR,ERR,ERR,ERR,ERR,ERR,ERR,ERR,ERR,ERR,ERR,ERR,ERR,ERR,ERR,ERR,ERR,ERR,ERR,ERR,ERR,ERR,ERR,ERR,ERR,ERR,ERR,ERR,ERR,ERR,ERR,ERR,ERR,ERR,ERR,ERR,ERR,ERR,ERR,0.0,0.0,0.0,2.7183478752108883e+23,6.203322010120691e+26,-63956189184.0,15697.808,0.0,0,0,4,17311,7116,0.0,100,0.0,0.0,2.7183478752108883e+23,0.0,0.0,0,0,0,0,0.0,0,0,0,0,0,0,0,0,0,0,0,0,0,0,0,0,0,0,0,0,0,0,0,0,0,0,0,0,0,0,0,0,0,31,40,40,71,65476,0,300,0,0,8,21553,0.0,-107605600.0,0.0,0.0,0.0,0.0,0.0,0.0,0.0,0.0,0.0,0.0,0.0,0.0,0.0,0.0,0.0,0.0,0.0,0.0,0.0,0.0,-2.004,0.0,0.0,0.0,0.0,0.0,0.0,0.0,5847.0,2.004,6920.0,0.0,0.0,2.004,2.004,0.0,0.0,0.0,0.0,69,0.0,89220.82,0.0,0.0,0.0,0.0,0.0,0.0,0.0,0,0,0,0.0,0.0,0.0,0.0,0.0,0.0,0.0,0.0,0.0,0.0,0.0,0.0,0.0,0.0,0.0,0.0,0,-107875648.0,69,0.0,138,0.0,2.012,ERR,ERR,ERR,ERR,ERR,ERR,ERR,ERR,ERR,ERR,ERR,ERR,ERR,ERR,ERR,ERR,ERR,ERR,ERR,ERR,ERR,ERR,ERR,ERR,ERR,ERR,ERR,ERR,ERR,ERR,ERR,ERR,ERR,ERR,ERR,ERR,ERR,ERR,ERR,ERR,ERR,ERR,ERR,ERR,ERR,ERR,ERR,ERR,ERR,ERR,ERR,ERR,ERR,ERR,ERR,ERR,ERR,ERR,ERR,ERR,ERR,ERR,ERR,ERR,ERR,ERR,ERR,60.0,60.0,35,0.0,0.0,0.0,0.0,0.0,0.0,0.0,0.0,0.0,0.0,0.0,0.0,0.0,0.0,0.0,0.0,65.6,0,141,67,47,65476,0,300,0,0,8,20529,65476,0,0,2621,60.0,0.0,0.0,0.0,0.0,0.0
2026-07-09T15:26:42,ERR,ERR,ERR,ERR,ERR,ERR,ERR,ERR,ERR,ERR,ERR,ERR,ERR,ERR,ERR,ERR,ERR,ERR,ERR,ERR,ERR,ERR,ERR,ERR,ERR,ERR,ERR,ERR,ERR,ERR,ERR,ERR,ERR,ERR,ERR,ERR,ERR,ERR,ERR,ERR,ERR,ERR,ERR,ERR,ERR,ERR,ERR,ERR,ERR,ERR,ERR,ERR,ERR,ERR,ERR,ERR,ERR,ERR,ERR,ERR,ERR,ERR,ERR,ERR,ERR,ERR,ERR,ERR,ERR,ERR,ERR,ERR,ERR,ERR,ERR,ERR,ERR,ERR,ERR,ERR,ERR,ERR,ERR,ERR,ERR,ERR,ERR,ERR,ERR,ERR,ERR,ERR,ERR,ERR,ERR,ERR,ERR,ERR,ERR,ERR,ERR,ERR,ERR,ERR,ERR,ERR,ERR,ERR,ERR,ERR,ERR,ERR,ERR,ERR,ERR,ERR,ERR,ERR,ERR,ERR,ERR,ERR,ERR,ERR,ERR,0.0,0.0,0.0,2.7183478752108883e+23,6.203322010120691e+26,-63956189184.0,15697.808,0.0,0,0,4,17311,7116,0.0,100,0.0,0.0,2.7183478752108883e+23,0.0,0.0,0,0,0,0,0.0,0,0,0,0,0,0,0,0,0,0,0,0,0,0,0,0,0,0,0,0,0,0,0,0,0,0,0,0,0,0,0,0,0,31,40,40,71,65476,0,300,0,0,8,21553,0.0,-107605600.0,0.0,0.0,0.0,0.0,0.0,0.0,0.0,0.0,0.0,0.0,0.0,0.0,0.0,0.0,0.0,0.0,0.0,0.0,0.0,0.0,-2.004,0.0,0.0,0.0,0.0,0.0,0.0,0.0,5847.0,2.004,6920.0,0.0,0.0,2.004,2.004,0.0,0.0,0.0,0.0,69,0.0,89220.82,0.0,0.0,0.0,0.0,0.0,0.0,0.0,0,0,0,0.0,0.0,0.0,0.0,0.0,0.0,0.0,0.0,0.0,0.0,0.0,0.0,0.0,0.0,0.0,0.0,0,-107875648.0,69,0.0,138,0.0,2.012,ERR,ERR,ERR,ERR,ERR,ERR,ERR,ERR,ERR,ERR,ERR,ERR,ERR,ERR,ERR,ERR,ERR,ERR,ERR,ERR,ERR,ERR,ERR,ERR,ERR,ERR,ERR,ERR,ERR,ERR,ERR,ERR,ERR,ERR,ERR,ERR,ERR,ERR,ERR,ERR,ERR,ERR,ERR,ERR,ERR,ERR,ERR,ERR,ERR,ERR,ERR,ERR,ERR,ERR,ERR,ERR,ERR,ERR,ERR,ERR,ERR,ERR,ERR,ERR,ERR,ERR,ERR,60.0,60.0,35,0.0,0.0,0.0,0.0,0.0,0.0,0.0,0.0,0.0,0.0,0.0,0.0,0.0,0.0,0.0,0.0,65.2,0,141,68,47,65476,0,300,0,0,8,20529,65476,0,0,2621,60.0,0.0,0.0,0.0,0.0,0.0
2026-07-09T15:26:43,ERR,ERR,ERR,ERR,ERR,ERR,ERR,ERR,ERR,ERR,ERR,ERR,ERR,ERR,ERR,ERR,ERR,ERR,ERR,ERR,ERR,ERR,ERR,ERR,ERR,ERR,ERR,ERR,ERR,ERR,ERR,ERR,ERR,ERR,ERR,ERR,ERR,ERR,ERR,ERR,ERR,ERR,ERR,ERR,ERR,ERR,ERR,ERR,ERR,ERR,ERR,ERR,ERR,ERR,ERR,ERR,ERR,ERR,ERR,ERR,ERR,ERR,ERR,ERR,ERR,ERR,ERR,ERR,ERR,ERR,ERR,ERR,ERR,ERR,ERR,ERR,ERR,ERR,ERR,ERR,ERR,ERR,ERR,ERR,ERR,ERR,ERR,ERR,ERR,ERR,ERR,ERR,ERR,ERR,ERR,ERR,ERR,ERR,ERR,ERR,ERR,ERR,ERR,ERR,ERR,ERR,ERR,ERR,ERR,ERR,ERR,ERR,ERR,ERR,ERR,ERR,ERR,ERR,ERR,ERR,ERR,ERR,ERR,ERR,ERR,0.0,-0.0,0.0,0.0,-24612.053,3.736699661224084e+23,-93.639,1.3226410076441923e+22,0,0,4,17314,7116,0.0,100,0.0,0.0,0.0,0.0,0.0,0,0,0,0,0.0,0,0,0,0,0,0,0,0,0,0,0,0,0,0,0,0,0,0,0,0,0,0,0,0,0,0,0,0,0,0,0,0,0,31,40,40,71,65476,0,300,0,0,8,21553,0.0,-107605600.0,0.0,0.0,0.0,0.0,0.0,0.0,0.0,0.0,0.0,0.0,0.0,0.0,0.0,0.0,0.0,0.0,0.0,0.0,0.0,0.0,-2.004,2.004,0.0,0.0,0.0,0.0,0.0,0.0,5848.0,0.0,6914.0,0.0,-0.0,2.004,2.004,0.0,0.0,0.0,0.0,69,5.848069944228644e+35,0.0,0.0,0.0,0.0,0.0,0.0,0.0,0.0,0,0,0,0.0,0.0,0.0,0.0,0.0,0.0,0.0,0.0,0.0,0.0,0.0,0.0,0.0,0.0,0.0,0.0,0,-107875648.0,69,0.0,138,0.0,2.012,ERR,ERR,ERR,ERR,ERR,ERR,ERR,ERR,ERR,ERR,ERR,ERR,ERR,ERR,ERR,ERR,ERR,ERR,ERR,ERR,ERR,ERR,ERR,ERR,ERR,ERR,ERR,ERR,ERR,ERR,ERR,ERR,ERR,ERR,ERR,ERR,ERR,ERR,ERR,ERR,ERR,ERR,ERR,ERR,ERR,ERR,ERR,ERR,ERR,ERR,ERR,ERR,ERR,ERR,ERR,ERR,ERR,ERR,ERR,ERR,ERR,ERR,ERR,ERR,ERR,ERR,ERR,60.0,60.0,35,0.0,0.0,0.0,0.0,0.0,0.0,0.0,0.0,0.0,0.0,0.0,0.0,0.0,0.0,0.0,0.0,65.2,0,141,68,47,65476,0,300,0,0,8,20529,65476,0,0,2621,60.0,0.0,0.0,0.0,0.0,0.0
2026-07-09T15:26:44,ERR,ERR,ERR,ERR,ERR,ERR,ERR,ERR,ERR,ERR,ERR,ERR,ERR,ERR,ERR,ERR,ERR,ERR,ERR,ERR,ERR,ERR,ERR,ERR,ERR,ERR,ERR,ERR,ERR,ERR,ERR,ERR,ERR,ERR,ERR,ERR,ERR,ERR,ERR,ERR,ERR,ERR,ERR,ERR,ERR,ERR,ERR,ERR,ERR,ERR,ERR,ERR,ERR,ERR,ERR,ERR,ERR,ERR,ERR,ERR,ERR,ERR,ERR,ERR,ERR,ERR,ERR,ERR,ERR,ERR,ERR,ERR,ERR,ERR,ERR,ERR,ERR,ERR,ERR,ERR,ERR,ERR,ERR,ERR,ERR,ERR,ERR,ERR,ERR,ERR,ERR,ERR,ERR,ERR,ERR,ERR,ERR,ERR,ERR,ERR,ERR,ERR,ERR,ERR,ERR,ERR,ERR,ERR,ERR,ERR,ERR,ERR,ERR,ERR,ERR,ERR,ERR,ERR,ERR,ERR,ERR,ERR,ERR,ERR,ERR,0.0,-0.0,0.0,0.0,-24612.053,3.736699661224084e+23,-93.639,1.3226410076441923e+22,0,0,4,17314,7116,0.0,100,0.0,0.0,0.0,0.0,0.0,0,0,0,0,0.0,0,0,0,0,0,0,0,0,0,0,0,0,0,0,0,0,0,0,0,0,0,0,0,0,0,0,0,0,0,0,0,0,0,31,40,40,71,65476,0,300,0,0,8,21553,0.0,-107605600.0,0.0,0.0,0.0,0.0,0.0,0.0,0.0,0.0,0.0,0.0,0.0,0.0,0.0,0.0,0.0,0.0,0.0,0.0,0.0,0.0,-2.004,2.004,0.0,0.0,0.0,0.0,0.0,0.0,5848.0,0.0,6914.0,0.0,-0.0,2.004,2.004,0.0,0.0,0.0,0.0,69,5.848069944228644e+35,0.0,0.0,0.0,0.0,0.0,0.0,0.0,0.0,0,0,0,0.0,0.0,0.0,0.0,0.0,0.0,0.0,0.0,0.0,0.0,0.0,0.0,0.0,0.0,0.0,0.0,0,-107875648.0,69,0.0,138,0.0,2.012,ERR,ERR,ERR,ERR,ERR,ERR,ERR,ERR,ERR,ERR,ERR,ERR,ERR,ERR,ERR,ERR,ERR,ERR,ERR,ERR,ERR,ERR,ERR,ERR,ERR,ERR,ERR,ERR,ERR,ERR,ERR,ERR,ERR,ERR,ERR,ERR,ERR,ERR,ERR,ERR,ERR,ERR,ERR,ERR,ERR,ERR,ERR,ERR,ERR,ERR,ERR,ERR,ERR,ERR,ERR,ERR,ERR,ERR,ERR,ERR,ERR,ERR,ERR,ERR,ERR,ERR,ERR,60.0,60.0,35,0.0,0.0,0.0,0.0,0.0,0.0,0.0,0.0,0.0,0.0,0.0,0.0,0.0,0.0,0.0,0.0,65.2,0,142,68,47,65476,0,300,0,0,8,20529,65476,0,0,2621,60.0,0.0,0.0,0.0,0.0,0.0
2026-07-09T15:26:45,ERR,ERR,ERR,ERR,ERR,ERR,ERR,ERR,ERR,ERR,ERR,ERR,ERR,ERR,ERR,ERR,ERR,ERR,ERR,ERR,ERR,ERR,ERR,ERR,ERR,ERR,ERR,ERR,ERR,ERR,ERR,ERR,ERR,ERR,ERR,ERR,ERR,ERR,ERR,ERR,ERR,ERR,ERR,ERR,ERR,ERR,ERR,ERR,ERR,ERR,ERR,ERR,ERR,ERR,ERR,ERR,ERR,ERR,ERR,ERR,ERR,ERR,ERR,ERR,ERR,ERR,ERR,ERR,ERR,ERR,ERR,ERR,ERR,ERR,ERR,ERR,ERR,ERR,ERR,ERR,ERR,ERR,ERR,ERR,ERR,ERR,ERR,ERR,ERR,ERR,ERR,ERR,ERR,ERR,ERR,ERR,ERR,ERR,ERR,ERR,ERR,ERR,ERR,ERR,ERR,ERR,ERR,ERR,ERR,ERR,ERR,ERR,ERR,ERR,ERR,ERR,ERR,ERR,ERR,ERR,ERR,ERR,ERR,ERR,ERR,0.0,-0.0,0.0,0.0,-24612.053,3.736699661224084e+23,-93.639,1.3226410076441923e+22,0,0,4,17314,7116,0.0,100,0.0,0.0,0.0,0.0,0.0,0,0,0,0,0.0,0,0,0,0,0,0,0,0,0,0,0,0,0,0,0,0,0,0,0,0,0,0,0,0,0,0,0,0,0,0,0,0,0,31,40,40,71,65476,0,300,0,0,8,21553,0.0,-107605600.0,0.0,0.0,0.0,0.0,0.0,0.0,0.0,0.0,0.0,0.0,0.0,0.0,0.0,0.0,0.0,0.0,0.0,0.0,0.0,0.0,-2.004,2.004,0.0,0.0,0.0,0.0,0.0,0.0,5848.0,0.0,6914.0,0.0,-0.0,2.004,2.004,0.0,0.0,0.0,0.0,69,5.848069944228644e+35,0.0,0.0,0.0,0.0,0.0,0.0,0.0,0.0,0,0,0,0.0,0.0,0.0,0.0,0.0,0.0,0.0,0.0,0.0,0.0,0.0,0.0,0.0,0.0,0.0,0.0,0,-107875648.0,69,0.0,138,0.0,2.012,ERR,ERR,ERR,ERR,ERR,ERR,ERR,ERR,ERR,ERR,ERR,ERR,ERR,ERR,ERR,ERR,ERR,ERR,ERR,ERR,ERR,ERR,ERR,ERR,ERR,ERR,ERR,ERR,ERR,ERR,ERR,ERR,ERR,ERR,ERR,ERR,ERR,ERR,ERR,ERR,ERR,ERR,ERR,ERR,ERR,ERR,ERR,ERR,ERR,ERR,ERR,ERR,ERR,ERR,ERR,ERR,ERR,ERR,ERR,ERR,ERR,ERR,ERR,ERR,ERR,ERR,ERR,60.0,60.0,35,0.0,0.0,0.0,0.0,0.0,0.0,0.0,0.0,0.0,0.0,0.0,0.0,0.0,0.0,0.0,0.0,65.2,0,142,68,47,65476,0,300,0,0,8,20529,65476,0,0,2621,60.0,0.0,0.0,0.0,0.0,0.0
2026-07-09T15:26:46,ERR,ERR,ERR,ERR,ERR,ERR,ERR,ERR,ERR,ERR,ERR,ERR,ERR,ERR,ERR,ERR,ERR,ERR,ERR,ERR,ERR,ERR,ERR,ERR,ERR,ERR,ERR,ERR,ERR,ERR,ERR,ERR,ERR,ERR,ERR,ERR,ERR,ERR,ERR,ERR,ERR,ERR,ERR,ERR,ERR,ERR,ERR,ERR,ERR,ERR,ERR,ERR,ERR,ERR,ERR,ERR,ERR,ERR,ERR,ERR,ERR,ERR,ERR,ERR,ERR,ERR,ERR,ERR,ERR,ERR,ERR,ERR,ERR,ERR,ERR,ERR,ERR,ERR,ERR,ERR,ERR,ERR,ERR,ERR,ERR,ERR,ERR,ERR,ERR,ERR,ERR,ERR,ERR,ERR,ERR,ERR,ERR,ERR,ERR,ERR,ERR,ERR,ERR,ERR,ERR,ERR,ERR,ERR,ERR,ERR,ERR,ERR,ERR,ERR,ERR,ERR,ERR,ERR,ERR,ERR,ERR,ERR,ERR,ERR,ERR,0.0,-0.0,0.0,0.0,-24612.053,3.736699661224084e+23,-93.639,1.3226410076441923e+22,0,0,4,17314,7116,0.0,100,0.0,0.0,0.0,0.0,0.0,0,0,0,0,0.0,0,0,0,0,0,0,0,0,0,0,0,0,0,0,0,0,0,0,0,0,0,0,0,0,0,0,0,0,0,0,0,0,0,31,40,40,71,65476,0,300,0,0,8,21553,0.0,-107605600.0,0.0,0.0,0.0,0.0,0.0,0.0,0.0,0.0,0.0,0.0,0.0,0.0,0.0,0.0,0.0,0.0,0.0,0.0,0.0,0.0,-2.004,2.004,0.0,0.0,0.0,0.0,0.0,0.0,5848.0,0.0,6914.0,0.0,-0.0,2.004,2.004,0.0,0.0,0.0,0.0,69,5.848069944228644e+35,0.0,0.0,0.0,0.0,0.0,0.0,0.0,0.0,0,0,0,0.0,0.0,0.0,0.0,0.0,0.0,0.0,0.0,0.0,0.0,0.0,0.0,0.0,0.0,0.0,0.0,0,-107875648.0,69,0.0,138,0.0,2.012,ERR,ERR,ERR,ERR,ERR,ERR,ERR,ERR,ERR,ERR,ERR,ERR,ERR,ERR,ERR,ERR,ERR,ERR,ERR,ERR,ERR,ERR,ERR,ERR,ERR,ERR,ERR,ERR,ERR,ERR,ERR,ERR,ERR,ERR,ERR,ERR,ERR,ERR,ERR,ERR,ERR,ERR,ERR,ERR,ERR,ERR,ERR,ERR,ERR,ERR,ERR,ERR,ERR,ERR,ERR,ERR,ERR,ERR,ERR,ERR,ERR,ERR,ERR,ERR,ERR,ERR,ERR,60.0,60.0,35,0.0,0.0,0.0,0.0,0.0,0.0,0.0,0.0,0.0,0.0,0.0,0.0,0.0,0.0,0.0,0.0,65.2,0,142,68,47,65476,0,300,0,0,8,20529,65476,0,0,2621,60.0,0.0,0.0,0.0,0.0,0.0
2026-07-09T15:26:47,ERR,ERR,ERR,ERR,ERR,ERR,ERR,ERR,ERR,ERR,ERR,ERR,ERR,ERR,ERR,ERR,ERR,ERR,ERR,ERR,ERR,ERR,ERR,ERR,ERR,ERR,ERR,ERR,ERR,ERR,ERR,ERR,ERR,ERR,ERR,ERR,ERR,ERR,ERR,ERR,ERR,ERR,ERR,ERR,ERR,ERR,ERR,ERR,ERR,ERR,ERR,ERR,ERR,ERR,ERR,ERR,ERR,ERR,ERR,ERR,ERR,ERR,ERR,ERR,ERR,ERR,ERR,ERR,ERR,ERR,ERR,ERR,ERR,ERR,ERR,ERR,ERR,ERR,ERR,ERR,ERR,ERR,ERR,ERR,ERR,ERR,ERR,ERR,ERR,ERR,ERR,ERR,ERR,ERR,ERR,ERR,ERR,ERR,ERR,ERR,ERR,ERR,ERR,ERR,ERR,ERR,ERR,ERR,ERR,ERR,ERR,ERR,ERR,ERR,ERR,ERR,ERR,ERR,ERR,ERR,ERR,ERR,ERR,ERR,ERR,0.0,-0.0,0.0,0.0,-24612.053,3.736699661224084e+23,-93.639,1.3226410076441923e+22,0,0,4,17314,7116,0.0,100,0.0,0.0,0.0,0.0,0.0,0,0,0,0,0.0,0,0,0,0,0,0,0,0,0,0,0,0,0,0,0,0,0,0,0,0,0,0,0,0,0,0,0,0,0,0,0,0,0,31,40,40,71,65476,0,300,0,0,8,21553,0.0,-107605600.0,0.0,0.0,0.0,0.0,0.0,0.0,0.0,0.0,0.0,0.0,0.0,0.0,0.0,0.0,0.0,0.0,0.0,0.0,0.0,0.0,-2.004,2.004,0.0,0.0,0.0,0.0,0.0,0.0,5848.0,0.0,6914.0,0.0,-0.0,2.004,2.004,0.0,0.0,0.0,0.0,69,5.848069944228644e+35,0.0,0.0,0.0,0.0,0.0,0.0,0.0,0.0,0,0,0,0.0,0.0,0.0,0.0,0.0,0.0,0.0,0.0,0.0,0.0,0.0,0.0,0.0,0.0,0.0,0.0,0,-107875648.0,69,0.0,138,0.0,2.012,ERR,ERR,ERR,ERR,ERR,ERR,ERR,ERR,ERR,ERR,ERR,ERR,ERR,ERR,ERR,ERR,ERR,ERR,ERR,ERR,ERR,ERR,ERR,ERR,ERR,ERR,ERR,ERR,ERR,ERR,ERR,ERR,ERR,ERR,ERR,ERR,ERR,ERR,ERR,ERR,ERR,ERR,ERR,ERR,ERR,ERR,ERR,ERR,ERR,ERR,ERR,ERR,ERR,ERR,ERR,ERR,ERR,ERR,ERR,ERR,ERR,ERR,ERR,ERR,ERR,ERR,ERR,60.0,60.0,35,0.0,0.0,0.0,0.0,0.0,0.0,0.0,0.0,0.0,0.0,0.0,0.0,0.0,0.0,0.0,0.0,65.2,0,142,68,47,65476,0,300,0,0,8,20529,65476,0,0,2621,60.0,0.0,0.0,0.0,0.0,0.0
2026-07-09T15:26:48,ERR,ERR,ERR,ERR,ERR,ERR,ERR,ERR,ERR,ERR,ERR,ERR,ERR,ERR,ERR,ERR,ERR,ERR,ERR,ERR,ERR,ERR,ERR,ERR,ERR,ERR,ERR,ERR,ERR,ERR,ERR,ERR,ERR,ERR,ERR,ERR,ERR,ERR,ERR,ERR,ERR,ERR,ERR,ERR,ERR,ERR,ERR,ERR,ERR,ERR,ERR,ERR,ERR,ERR,ERR,ERR,ERR,ERR,ERR,ERR,ERR,ERR,ERR,ERR,ERR,ERR,ERR,ERR,ERR,ERR,ERR,ERR,ERR,ERR,ERR,ERR,ERR,ERR,ERR,ERR,ERR,ERR,ERR,ERR,ERR,ERR,ERR,ERR,ERR,ERR,ERR,ERR,ERR,ERR,ERR,ERR,ERR,ERR,ERR,ERR,ERR,ERR,ERR,ERR,ERR,ERR,ERR,ERR,ERR,ERR,ERR,ERR,ERR,ERR,ERR,ERR,ERR,ERR,ERR,ERR,ERR,ERR,ERR,ERR,ERR,0.0,-0.0,0.0,0.0,-24612.053,6.508,0.0,2.2578971471487524e+23,0,0,4,17311,7116,0.0,100,0.0,0.0,0.0,0.0,0.0,0,0,0,0,0.0,0,0,0,0,0,0,0,0,0,0,0,0,0,0,0,0,0,0,0,0,0,0,0,0,0,0,0,0,0,0,0,0,0,31,40,40,71,65476,0,300,0,0,8,21553,0.0,-107605600.0,0.0,0.0,0.0,0.0,0.0,0.0,0.0,0.0,0.0,0.0,0.0,0.0,0.0,0.0,0.0,0.0,0.0,0.0,0.0,0.0,-2.004,2.004,0.0,0.0,0.0,0.0,0.0,0.0,5808.0,-0.0,6934.0,0.0,-0.0,2.004,2.004,0.0,0.0,0.0,0.0,69,4.066867636219343e+29,-0.0,0.0,0.0,0.0,0.0,0.0,0.0,0.0,0,0,0,0.0,0.0,0.0,0.0,0.0,0.0,0.0,0.0,0.0,0.0,0.0,0.0,0.0,0.0,0.0,0.0,0,-107875648.0,69,0.0,138,0.0,2.012,ERR,ERR,ERR,ERR,ERR,ERR,ERR,ERR,ERR,ERR,ERR,ERR,ERR,ERR,ERR,ERR,ERR,ERR,ERR,ERR,ERR,ERR,ERR,ERR,ERR,ERR,ERR,ERR,ERR,ERR,ERR,ERR,ERR,ERR,ERR,ERR,ERR,ERR,ERR,ERR,ERR,ERR,ERR,ERR,ERR,ERR,ERR,ERR,ERR,ERR,ERR,ERR,ERR,ERR,ERR,ERR,ERR,ERR,ERR,ERR,ERR,ERR,ERR,ERR,ERR,ERR,ERR,60.0,60.0,35,0.0,0.0,0.0,0.0,0.0,0.0,0.0,0.0,0.0,0.0,0.0,0.0,0.0,0.0,0.0,0.0,65.2,0,142,68,47,65476,0,300,0,0,8,20529,65476,0,0,2621,60.0,0.0,0.0,0.0,0.0,0.0
2026-07-09T15:26:49,ERR,ERR,ERR,ERR,ERR,ERR,ERR,ERR,ERR,ERR,ERR,ERR,ERR,ERR,ERR,ERR,ERR,ERR,ERR,ERR,ERR,ERR,ERR,ERR,ERR,ERR,ERR,ERR,ERR,ERR,ERR,ERR,ERR,ERR,ERR,ERR,ERR,ERR,ERR,ERR,ERR,ERR,ERR,ERR,ERR,ERR,ERR,ERR,ERR,ERR,ERR,ERR,ERR,ERR,ERR,ERR,ERR,ERR,ERR,ERR,ERR,ERR,ERR,ERR,ERR,ERR,ERR,ERR,ERR,ERR,ERR,ERR,ERR,ERR,ERR,ERR,ERR,ERR,ERR,ERR,ERR,ERR,ERR,ERR,ERR,ERR,ERR,ERR,ERR,ERR,ERR,ERR,ERR,ERR,ERR,ERR,ERR,ERR,ERR,ERR,ERR,ERR,ERR,ERR,ERR,ERR,ERR,ERR,ERR,ERR,ERR,ERR,ERR,ERR,ERR,ERR,ERR,ERR,ERR,ERR,ERR,ERR,ERR,ERR,ERR,0.0,-0.0,0.0,0.0,-24612.053,6.508,0.0,2.2578971471487524e+23,0,0,4,17311,7116,0.0,100,0.0,0.0,0.0,0.0,0.0,0,0,0,0,0.0,0,0,0,0,0,0,0,0,0,0,0,0,0,0,0,0,0,0,0,0,0,0,0,0,0,0,0,0,0,0,0,0,0,31,40,40,71,65476,0,300,0,0,8,21553,0.0,-107605600.0,0.0,0.0,0.0,0.0,0.0,0.0,0.0,0.0,0.0,0.0,0.0,0.0,0.0,0.0,0.0,0.0,0.0,0.0,0.0,0.0,-2.004,2.004,0.0,0.0,0.0,0.0,0.0,0.0,5808.0,-0.0,6934.0,0.0,-0.0,2.004,2.004,0.0,0.0,0.0,0.0,69,4.066867636219343e+29,-0.0,0.0,0.0,0.0,0.0,0.0,0.0,0.0,0,0,0,0.0,0.0,0.0,0.0,0.0,0.0,0.0,0.0,0.0,0.0,0.0,0.0,0.0,0.0,0.0,0.0,0,-107875648.0,69,0.0,138,0.0,2.012,ERR,ERR,ERR,ERR,ERR,ERR,ERR,ERR,ERR,ERR,ERR,ERR,ERR,ERR,ERR,ERR,ERR,ERR,ERR,ERR,ERR,ERR,ERR,ERR,ERR,ERR,ERR,ERR,ERR,ERR,ERR,ERR,ERR,ERR,ERR,ERR,ERR,ERR,ERR,ERR,ERR,ERR,ERR,ERR,ERR,ERR,ERR,ERR,ERR,ERR,ERR,ERR,ERR,ERR,ERR,ERR,ERR,ERR,ERR,ERR,ERR,ERR,ERR,ERR,ERR,ERR,ERR,60.0,60.0,35,0.0,0.0,0.0,0.0,0.0,0.0,0.0,0.0,0.0,0.0,0.0,0.0,0.0,0.0,0.0,0.0,65.2,0,142,68,47,65476,0,300,0,0,8,20529,65476,0,0,2621,60.0,0.0,0.0,0.0,0.0,0.0
2026-07-09T15:26:50,ERR,ERR,ERR,ERR,ERR,ERR,ERR,ERR,ERR,ERR,ERR,ERR,ERR,ERR,ERR,ERR,ERR,ERR,ERR,ERR,ERR,ERR,ERR,ERR,ERR,ERR,ERR,ERR,ERR,ERR,ERR,ERR,ERR,ERR,ERR,ERR,ERR,ERR,ERR,ERR,ERR,ERR,ERR,ERR,ERR,ERR,ERR,ERR,ERR,ERR,ERR,ERR,ERR,ERR,ERR,ERR,ERR,ERR,ERR,ERR,ERR,ERR,ERR,ERR,ERR,ERR,ERR,ERR,ERR,ERR,ERR,ERR,ERR,ERR,ERR,ERR,ERR,ERR,ERR,ERR,ERR,ERR,ERR,ERR,ERR,ERR,ERR,ERR,ERR,ERR,ERR,ERR,ERR,ERR,ERR,ERR,ERR,ERR,ERR,ERR,ERR,ERR,ERR,ERR,ERR,ERR,ERR,ERR,ERR,ERR,ERR,ERR,ERR,ERR,ERR,ERR,ERR,ERR,ERR,ERR,ERR,ERR,ERR,ERR,ERR,0.0,-0.0,0.0,0.0,-24612.053,6.508,0.0,2.2578971471487524e+23,0,0,4,17311,7116,0.0,100,0.0,0.0,0.0,0.0,0.0,0,0,0,0,0.0,0,0,0,0,0,0,0,0,0,0,0,0,0,0,0,0,0,0,0,0,0,0,0,0,0,0,0,0,0,0,0,0,0,31,40,40,71,65476,0,300,0,0,8,21553,0.0,-107605600.0,0.0,0.0,0.0,0.0,0.0,0.0,0.0,0.0,0.0,0.0,0.0,0.0,0.0,0.0,0.0,0.0,0.0,0.0,0.0,0.0,-2.004,2.004,0.0,0.0,0.0,0.0,0.0,0.0,5808.0,-0.0,6934.0,0.0,-0.0,2.004,2.004,0.0,0.0,0.0,0.0,69,4.066867636219343e+29,-0.0,0.0,0.0,0.0,0.0,0.0,0.0,0.0,0,0,0,0.0,0.0,0.0,0.0,0.0,0.0,0.0,0.0,0.0,0.0,0.0,0.0,0.0,0.0,0.0,0.0,0,-107875648.0,69,0.0,138,0.0,2.012,ERR,ERR,ERR,ERR,ERR,ERR,ERR,ERR,ERR,ERR,ERR,ERR,ERR,ERR,ERR,ERR,ERR,ERR,ERR,ERR,ERR,ERR,ERR,ERR,ERR,ERR,ERR,ERR,ERR,ERR,ERR,ERR,ERR,ERR,ERR,ERR,ERR,ERR,ERR,ERR,ERR,ERR,ERR,ERR,ERR,ERR,ERR,ERR,ERR,ERR,ERR,ERR,ERR,ERR,ERR,ERR,ERR,ERR,ERR,ERR,ERR,ERR,ERR,ERR,ERR,ERR,ERR,60.0,60.0,35,0.0,0.0,0.0,0.0,0.0,0.0,0.0,0.0,0.0,0.0,0.0,0.0,0.0,0.0,0.0,0.0,65.2,0,142,68,47,65476,0,300,0,0,8,20529,65476,0,0,2621,60.0,0.0,0.0,0.0,0.0,0.0
2026-07-09T15:26:51,ERR,ERR,ERR,ERR,ERR,ERR,ERR,ERR,ERR,ERR,ERR,ERR,ERR,ERR,ERR,ERR,ERR,ERR,ERR,ERR,ERR,ERR,ERR,ERR,ERR,ERR,ERR,ERR,ERR,ERR,ERR,ERR,ERR,ERR,ERR,ERR,ERR,ERR,ERR,ERR,ERR,ERR,ERR,ERR,ERR,ERR,ERR,ERR,ERR,ERR,ERR,ERR,ERR,ERR,ERR,ERR,ERR,ERR,ERR,ERR,ERR,ERR,ERR,ERR,ERR,ERR,ERR,ERR,ERR,ERR,ERR,ERR,ERR,ERR,ERR,ERR,ERR,ERR,ERR,ERR,ERR,ERR,ERR,ERR,ERR,ERR,ERR,ERR,ERR,ERR,ERR,ERR,ERR,ERR,ERR,ERR,ERR,ERR,ERR,ERR,ERR,ERR,ERR,ERR,ERR,ERR,ERR,ERR,ERR,ERR,ERR,ERR,ERR,ERR,ERR,ERR,ERR,ERR,ERR,ERR,ERR,ERR,ERR,ERR,ERR,0.0,-0.0,0.0,0.0,-24612.053,6.508,0.0,2.2578971471487524e+23,0,0,4,17311,7116,0.0,100,0.0,0.0,0.0,0.0,0.0,0,0,0,0,0.0,0,0,0,0,0,0,0,0,0,0,0,0,0,0,0,0,0,0,0,0,0,0,0,0,0,0,0,0,0,0,0,0,0,31,40,40,71,65476,0,300,0,0,8,21553,0.0,-107605600.0,0.0,0.0,0.0,0.0,0.0,0.0,0.0,0.0,0.0,0.0,0.0,0.0,0.0,0.0,0.0,0.0,0.0,0.0,0.0,0.0,-2.004,2.004,0.0,0.0,0.0,0.0,0.0,0.0,5808.0,-0.0,6934.0,0.0,-0.0,2.004,2.004,0.0,0.0,0.0,0.0,69,4.066867636219343e+29,-0.0,0.0,0.0,0.0,0.0,0.0,0.0,0.0,0,0,0,0.0,0.0,0.0,0.0,0.0,0.0,0.0,0.0,0.0,0.0,0.0,0.0,0.0,0.0,0.0,0.0,0,-107875648.0,69,0.0,138,0.0,2.012,ERR,ERR,ERR,ERR,ERR,ERR,ERR,ERR,ERR,ERR,ERR,ERR,ERR,ERR,ERR,ERR,ERR,ERR,ERR,ERR,ERR,ERR,ERR,ERR,ERR,ERR,ERR,ERR,ERR,ERR,ERR,ERR,ERR,ERR,ERR,ERR,ERR,ERR,ERR,ERR,ERR,ERR,ERR,ERR,ERR,ERR,ERR,ERR,ERR,ERR,ERR,ERR,ERR,ERR,ERR,ERR,ERR,ERR,ERR,ERR,ERR,ERR,ERR,ERR,ERR,ERR,ERR,60.0,60.0,35,0.0,0.0,0.0,0.0,0.0,0.0,0.0,0.0,0.0,0.0,0.0,0.0,0.0,0.0,0.0,0.0,65.2,0,142,68,47,65476,0,300,0,0,8,20529,65476,0,0,2621,60.0,0.0,0.0,0.0,0.0,0.0
2026-07-09T15:26:52,ERR,ERR,ERR,ERR,ERR,ERR,ERR,ERR,ERR,ERR,ERR,ERR,ERR,ERR,ERR,ERR,ERR,ERR,ERR,ERR,ERR,ERR,ERR,ERR,ERR,ERR,ERR,ERR,ERR,ERR,ERR,ERR,ERR,ERR,ERR,ERR,ERR,ERR,ERR,ERR,ERR,ERR,ERR,ERR,ERR,ERR,ERR,ERR,ERR,ERR,ERR,ERR,ERR,ERR,ERR,ERR,ERR,ERR,ERR,ERR,ERR,ERR,ERR,ERR,ERR,ERR,ERR,ERR,ERR,ERR,ERR,ERR,ERR,ERR,ERR,ERR,ERR,ERR,ERR,ERR,ERR,ERR,ERR,ERR,ERR,ERR,ERR,ERR,ERR,ERR,ERR,ERR,ERR,ERR,ERR,ERR,ERR,ERR,ERR,ERR,ERR,ERR,ERR,ERR,ERR,ERR,ERR,ERR,ERR,ERR,ERR,ERR,ERR,ERR,ERR,ERR,ERR,ERR,ERR,ERR,ERR,ERR,ERR,ERR,ERR,0.0,-0.0,0.0,0.0,-24612.053,6.508,0.0,2.2578971471487524e+23,0,0,4,17311,7116,0.0,100,0.0,0.0,0.0,0.0,0.0,0,0,0,0,0.0,0,0,0,0,0,0,0,0,0,0,0,0,0,0,0,0,0,0,0,0,0,0,0,0,0,0,0,0,0,0,0,0,0,31,40,40,71,65476,0,300,0,0,8,21553,0.0,-107605600.0,0.0,0.0,0.0,0.0,0.0,0.0,0.0,0.0,0.0,0.0,0.0,0.0,0.0,0.0,0.0,0.0,0.0,0.0,0.0,0.0,-2.004,2.004,0.0,0.0,0.0,0.0,0.0,0.0,5808.0,-0.0,6934.0,0.0,-0.0,2.004,2.004,0.0,0.0,0.0,0.0,69,4.066867636219343e+29,-0.0,0.0,0.0,0.0,0.0,0.0,0.0,0.0,0,0,0,0.0,0.0,0.0,0.0,0.0,0.0,0.0,0.0,0.0,0.0,0.0,0.0,0.0,0.0,0.0,0.0,0,-107875648.0,69,0.0,138,0.0,2.012,ERR,ERR,ERR,ERR,ERR,ERR,ERR,ERR,ERR,ERR,ERR,ERR,ERR,ERR,ERR,ERR,ERR,ERR,ERR,ERR,ERR,ERR,ERR,ERR,ERR,ERR,ERR,ERR,ERR,ERR,ERR,ERR,ERR,ERR,ERR,ERR,ERR,ERR,ERR,ERR,ERR,ERR,ERR,ERR,ERR,ERR,ERR,ERR,ERR,ERR,ERR,ERR,ERR,ERR,ERR,ERR,ERR,ERR,ERR,ERR,ERR,ERR,ERR,ERR,ERR,ERR,ERR,60.0,60.0,35,0.0,0.0,0.0,0.0,0.0,0.0,0.0,0.0,0.0,0.0,0.0,0.0,0.0,0.0,0.0,0.0,65.2,0,143,68,47,65476,0,300,0,0,8,20529,65476,0,0,2621,60.0,0.0,0.0,0.0,0.0,0.0
2026-07-09T15:26:53,ERR,ERR,ERR,ERR,ERR,ERR,ERR,ERR,ERR,ERR,ERR,ERR,ERR,ERR,ERR,ERR,ERR,ERR,ERR,ERR,ERR,ERR,ERR,ERR,ERR,ERR,ERR,ERR,ERR,ERR,ERR,ERR,ERR,ERR,ERR,ERR,ERR,ERR,ERR,ERR,ERR,ERR,ERR,ERR,ERR,ERR,ERR,ERR,ERR,ERR,ERR,ERR,ERR,ERR,ERR,ERR,ERR,ERR,ERR,ERR,ERR,ERR,ERR,ERR,ERR,ERR,ERR,ERR,ERR,ERR,ERR,ERR,ERR,ERR,ERR,ERR,ERR,ERR,ERR,ERR,ERR,ERR,ERR,ERR,ERR,ERR,ERR,ERR,ERR,ERR,ERR,ERR,ERR,ERR,ERR,ERR,ERR,ERR,ERR,ERR,ERR,ERR,ERR,ERR,ERR,ERR,ERR,ERR,ERR,ERR,ERR,ERR,ERR,ERR,ERR,ERR,ERR,ERR,ERR,ERR,ERR,ERR,ERR,ERR,ERR,2.7184256974124493e+23,-107616024.0,0.0,0.0,-24612.053,-4612978376704.0,-0.0,-270756181180416.0,0,0,4,17308,7116,0.0,100,0.0,0.0,0.0,0.0,0.0,0,0,0,0,0.0,0,0,0,0,0,0,0,0,0,0,0,0,0,0,0,0,0,0,0,0,0,0,0,0,0,0,0,0,0,0,0,0,0,31,40,40,71,65476,0,300,0,0,8,21553,0.0,-107605600.0,0.0,0.0,0.0,0.0,0.0,0.0,0.0,0.0,0.0,0.0,0.0,0.0,0.0,0.0,0.0,0.0,0.0,0.0,0.0,0.0,-2.004,2.004,0.0,0.0,0.0,0.0,0.0,0.0,5810.0,1.587934075480759e+29,6926.0,0.0,-0.0,2.004,2.004,0.0,0.0,0.0,0.0,69,-107615088.0,0.059,0.0,0.0,0.0,0.0,0.0,0.0,0.0,0,0,0,0.0,0.0,0.0,0.0,0.0,0.0,0.0,0.0,0.0,0.0,0.0,0.0,0.0,0.0,0.0,0.0,0,-107875648.0,69,0.0,138,0.0,2.012,ERR,ERR,ERR,ERR,ERR,ERR,ERR,ERR,ERR,ERR,ERR,ERR,ERR,ERR,ERR,ERR,ERR,ERR,ERR,ERR,ERR,ERR,ERR,ERR,ERR,ERR,ERR,ERR,ERR,ERR,ERR,ERR,ERR,ERR,ERR,ERR,ERR,ERR,ERR,ERR,ERR,ERR,ERR,ERR,ERR,ERR,ERR,ERR,ERR,ERR,ERR,ERR,ERR,ERR,ERR,ERR,ERR,ERR,ERR,ERR,ERR,ERR,ERR,ERR,ERR,ERR,ERR,60.0,60.0,35,0.0,0.0,0.0,0.0,0.0,0.0,0.0,0.0,0.0,0.0,0.0,0.0,0.0,0.0,0.0,0.0,65.2,0,143,68,47,65476,0,300,0,0,8,20529,65476,0,0,2621,60.0,0.0,0.0,0.0,0.0,0.0
2026-07-09T15:26:54,ERR,ERR,ERR,ERR,ERR,ERR,ERR,ERR,ERR,ERR,ERR,ERR,ERR,ERR,ERR,ERR,ERR,ERR,ERR,ERR,ERR,ERR,ERR,ERR,ERR,ERR,ERR,ERR,ERR,ERR,ERR,ERR,ERR,ERR,ERR,ERR,ERR,ERR,ERR,ERR,ERR,ERR,ERR,ERR,ERR,ERR,ERR,ERR,ERR,ERR,ERR,ERR,ERR,ERR,ERR,ERR,ERR,ERR,ERR,ERR,ERR,ERR,ERR,ERR,ERR,ERR,ERR,ERR,ERR,ERR,ERR,ERR,ERR,ERR,ERR,ERR,ERR,ERR,ERR,ERR,ERR,ERR,ERR,ERR,ERR,ERR,ERR,ERR,ERR,ERR,ERR,ERR,ERR,ERR,ERR,ERR,ERR,ERR,ERR,ERR,ERR,ERR,ERR,ERR,ERR,ERR,ERR,ERR,ERR,ERR,ERR,ERR,ERR,ERR,ERR,ERR,ERR,ERR,ERR,ERR,ERR,ERR,ERR,ERR,ERR,2.7184256974124493e+23,-107616024.0,0.0,0.0,-24612.053,-4612978376704.0,-0.0,-270756181180416.0,0,0,4,17308,7116,0.0,100,0.0,0.0,0.0,0.0,0.0,0,0,0,0,0.0,0,0,0,0,0,0,0,0,0,0,0,0,0,0,0,0,0,0,0,0,0,0,0,0,0,0,0,0,0,0,0,0,0,31,40,40,71,65476,0,300,0,0,8,21553,0.0,-107605600.0,0.0,0.0,0.0,0.0,0.0,0.0,0.0,0.0,0.0,0.0,0.0,0.0,0.0,0.0,0.0,0.0,0.0,0.0,0.0,0.0,-2.004,2.004,0.0,0.0,0.0,0.0,0.0,0.0,5810.0,1.587934075480759e+29,6926.0,0.0,-0.0,2.004,2.004,0.0,0.0,0.0,0.0,69,-107615088.0,0.059,0.0,0.0,0.0,0.0,0.0,0.0,0.0,0,0,0,0.0,0.0,0.0,0.0,0.0,0.0,0.0,0.0,0.0,0.0,0.0,0.0,0.0,0.0,0.0,0.0,0,-107875648.0,69,0.0,138,0.0,2.012,ERR,ERR,ERR,ERR,ERR,ERR,ERR,ERR,ERR,ERR,ERR,ERR,ERR,ERR,ERR,ERR,ERR,ERR,ERR,ERR,ERR,ERR,ERR,ERR,ERR,ERR,ERR,ERR,ERR,ERR,ERR,ERR,ERR,ERR,ERR,ERR,ERR,ERR,ERR,ERR,ERR,ERR,ERR,ERR,ERR,ERR,ERR,ERR,ERR,ERR,ERR,ERR,ERR,ERR,ERR,ERR,ERR,ERR,ERR,ERR,ERR,ERR,ERR,ERR,ERR,ERR,ERR,60.0,60.0,35,0.0,0.0,0.0,0.0,0.0,0.0,0.0,0.0,0.0,0.0,0.0,0.0,0.0,0.0,0.0,0.0,65.2,0,143,68,47,65476,0,300,0,0,8,20529,65476,0,0,2621,60.0,0.0,0.0,0.0,0.0,0.0
2026-07-09T15:26:55,ERR,ERR,ERR,ERR,ERR,ERR,ERR,ERR,ERR,ERR,ERR,ERR,ERR,ERR,ERR,ERR,ERR,ERR,ERR,ERR,ERR,ERR,ERR,ERR,ERR,ERR,ERR,ERR,ERR,ERR,ERR,ERR,ERR,ERR,ERR,ERR,ERR,ERR,ERR,ERR,ERR,ERR,ERR,ERR,ERR,ERR,ERR,ERR,ERR,ERR,ERR,ERR,ERR,ERR,ERR,ERR,ERR,ERR,ERR,ERR,ERR,ERR,ERR,ERR,ERR,ERR,ERR,ERR,ERR,ERR,ERR,ERR,ERR,ERR,ERR,ERR,ERR,ERR,ERR,ERR,ERR,ERR,ERR,ERR,ERR,ERR,ERR,ERR,ERR,ERR,ERR,ERR,ERR,ERR,ERR,ERR,ERR,ERR,ERR,ERR,ERR,ERR,ERR,ERR,ERR,ERR,ERR,ERR,ERR,ERR,ERR,ERR,ERR,ERR,ERR,ERR,ERR,ERR,ERR,ERR,ERR,ERR,ERR,ERR,ERR,2.7184256974124493e+23,-107616024.0,0.0,0.0,-24612.053,-4612978376704.0,-0.0,-270756181180416.0,0,0,4,17308,7116,0.0,100,0.0,0.0,0.0,0.0,0.0,0,0,0,0,0.0,0,0,0,0,0,0,0,0,0,0,0,0,0,0,0,0,0,0,0,0,0,0,0,0,0,0,0,0,0,0,0,0,0,31,40,40,71,65476,0,300,0,0,8,21553,0.0,-107605600.0,0.0,0.0,0.0,0.0,0.0,0.0,0.0,0.0,0.0,0.0,0.0,0.0,0.0,0.0,0.0,0.0,0.0,0.0,0.0,0.0,-2.004,2.004,0.0,0.0,0.0,0.0,0.0,0.0,5810.0,1.587934075480759e+29,6926.0,0.0,-0.0,2.004,2.004,0.0,0.0,0.0,0.0,69,-107615088.0,0.059,0.0,0.0,0.0,0.0,0.0,0.0,0.0,0,0,0,0.0,0.0,0.0,0.0,0.0,0.0,0.0,0.0,0.0,0.0,0.0,0.0,0.0,0.0,0.0,0.0,0,-107875648.0,69,0.0,138,0.0,2.012,ERR,ERR,ERR,ERR,ERR,ERR,ERR,ERR,ERR,ERR,ERR,ERR,ERR,ERR,ERR,ERR,ERR,ERR,ERR,ERR,ERR,ERR,ERR,ERR,ERR,ERR,ERR,ERR,ERR,ERR,ERR,ERR,ERR,ERR,ERR,ERR,ERR,ERR,ERR,ERR,ERR,ERR,ERR,ERR,ERR,ERR,ERR,ERR,ERR,ERR,ERR,ERR,ERR,ERR,ERR,ERR,ERR,ERR,ERR,ERR,ERR,ERR,ERR,ERR,ERR,ERR,ERR,60.0,60.0,35,0.0,0.0,0.0,0.0,0.0,0.0,0.0,0.0,0.0,0.0,0.0,0.0,0.0,0.0,0.0,0.0,65.2,0,143,68,47,65476,0,300,0,0,8,20529,65476,0,0,2621,60.0,0.0,0.0,0.0,0.0,0.0
2026-07-09T15:26:56,ERR,ERR,ERR,ERR,ERR,ERR,ERR,ERR,ERR,ERR,ERR,ERR,ERR,ERR,ERR,ERR,ERR,ERR,ERR,ERR,ERR,ERR,ERR,ERR,ERR,ERR,ERR,ERR,ERR,ERR,ERR,ERR,ERR,ERR,ERR,ERR,ERR,ERR,ERR,ERR,ERR,ERR,ERR,ERR,ERR,ERR,ERR,ERR,ERR,ERR,ERR,ERR,ERR,ERR,ERR,ERR,ERR,ERR,ERR,ERR,ERR,ERR,ERR,ERR,ERR,ERR,ERR,ERR,ERR,ERR,ERR,ERR,ERR,ERR,ERR,ERR,ERR,ERR,ERR,ERR,ERR,ERR,ERR,ERR,ERR,ERR,ERR,ERR,ERR,ERR,ERR,ERR,ERR,ERR,ERR,ERR,ERR,ERR,ERR,ERR,ERR,ERR,ERR,ERR,ERR,ERR,ERR,ERR,ERR,ERR,ERR,ERR,ERR,ERR,ERR,ERR,ERR,ERR,ERR,ERR,ERR,ERR,ERR,ERR,ERR,2.7184256974124493e+23,-107616024.0,0.0,0.0,-24612.053,-4612978376704.0,-0.0,-270756181180416.0,0,0,4,17308,7116,0.0,100,0.0,0.0,0.0,0.0,0.0,0,0,0,0,0.0,0,0,0,0,0,0,0,0,0,0,0,0,0,0,0,0,0,0,0,0,0,0,0,0,0,0,0,0,0,0,0,0,0,31,40,40,71,65476,0,300,0,0,8,21553,0.0,-107605600.0,0.0,0.0,0.0,0.0,0.0,0.0,0.0,0.0,0.0,0.0,0.0,0.0,0.0,0.0,0.0,0.0,0.0,0.0,0.0,0.0,-2.004,2.004,0.0,0.0,0.0,0.0,0.0,0.0,5810.0,1.587934075480759e+29,6926.0,0.0,-0.0,2.004,2.004,0.0,0.0,0.0,0.0,69,-107615088.0,0.059,0.0,0.0,0.0,0.0,0.0,0.0,0.0,0,0,0,0.0,0.0,0.0,0.0,0.0,0.0,0.0,0.0,0.0,0.0,0.0,0.0,0.0,0.0,0.0,0.0,0,-107875648.0,69,0.0,138,0.0,2.012,ERR,ERR,ERR,ERR,ERR,ERR,ERR,ERR,ERR,ERR,ERR,ERR,ERR,ERR,ERR,ERR,ERR,ERR,ERR,ERR,ERR,ERR,ERR,ERR,ERR,ERR,ERR,ERR,ERR,ERR,ERR,ERR,ERR,ERR,ERR,ERR,ERR,ERR,ERR,ERR,ERR,ERR,ERR,ERR,ERR,ERR,ERR,ERR,ERR,ERR,ERR,ERR,ERR,ERR,ERR,ERR,ERR,ERR,ERR,ERR,ERR,ERR,ERR,ERR,ERR,ERR,ERR,60.0,60.0,35,0.0,0.0,0.0,0.0,0.0,0.0,0.0,0.0,0.0,0.0,0.0,0.0,0.0,0.0,0.0,0.0,65.2,0,143,68,48,65476,0,300,0,0,8,20529,65476,0,0,2621,60.0,0.0,0.0,0.0,0.0,0.0
2026-07-09T15:26:57,ERR,ERR,ERR,ERR,ERR,ERR,ERR,ERR,ERR,ERR,ERR,ERR,ERR,ERR,ERR,ERR,ERR,ERR,ERR,ERR,ERR,ERR,ERR,ERR,ERR,ERR,ERR,ERR,ERR,ERR,ERR,ERR,ERR,ERR,ERR,ERR,ERR,ERR,ERR,ERR,ERR,ERR,ERR,ERR,ERR,ERR,ERR,ERR,ERR,ERR,ERR,ERR,ERR,ERR,ERR,ERR,ERR,ERR,ERR,ERR,ERR,ERR,ERR,ERR,ERR,ERR,ERR,ERR,ERR,ERR,ERR,ERR,ERR,ERR,ERR,ERR,ERR,ERR,ERR,ERR,ERR,ERR,ERR,ERR,ERR,ERR,ERR,ERR,ERR,ERR,ERR,ERR,ERR,ERR,ERR,ERR,ERR,ERR,ERR,ERR,ERR,ERR,ERR,ERR,ERR,ERR,ERR,ERR,ERR,ERR,ERR,ERR,ERR,ERR,ERR,ERR,ERR,ERR,ERR,ERR,ERR,ERR,ERR,ERR,ERR,2.7184256974124493e+23,-107616024.0,0.0,0.0,-24612.053,-4612978376704.0,-0.0,-270756181180416.0,0,0,4,17308,7116,0.0,100,0.0,0.0,0.0,0.0,0.0,0,0,0,0,0.0,0,0,0,0,0,0,0,0,0,0,0,0,0,0,0,0,0,0,0,0,0,0,0,0,0,0,0,0,0,0,0,0,0,31,40,40,71,65476,0,300,0,0,8,21553,0.0,-107605600.0,0.0,0.0,0.0,0.0,0.0,0.0,0.0,0.0,0.0,0.0,0.0,0.0,0.0,0.0,0.0,0.0,0.0,0.0,0.0,0.0,-2.004,2.004,0.0,0.0,0.0,0.0,0.0,0.0,5810.0,1.587934075480759e+29,6926.0,0.0,-0.0,2.004,2.004,0.0,0.0,0.0,0.0,69,-107615088.0,0.059,0.0,0.0,0.0,0.0,0.0,0.0,0.0,0,0,0,0.0,0.0,0.0,0.0,0.0,0.0,0.0,0.0,0.0,0.0,0.0,0.0,0.0,0.0,0.0,0.0,0,-107875648.0,69,0.0,138,0.0,2.012,ERR,ERR,ERR,ERR,ERR,ERR,ERR,ERR,ERR,ERR,ERR,ERR,ERR,ERR,ERR,ERR,ERR,ERR,ERR,ERR,ERR,ERR,ERR,ERR,ERR,ERR,ERR,ERR,ERR,ERR,ERR,ERR,ERR,ERR,ERR,ERR,ERR,ERR,ERR,ERR,ERR,ERR,ERR,ERR,ERR,ERR,ERR,ERR,ERR,ERR,ERR,ERR,ERR,ERR,ERR,ERR,ERR,ERR,ERR,ERR,ERR,ERR,ERR,ERR,ERR,ERR,ERR,60.0,60.0,35,0.0,0.0,0.0,0.0,0.0,0.0,0.0,0.0,0.0,0.0,0.0,0.0,0.0,0.0,0.0,0.0,65.2,0,143,68,48,65476,0,300,0,0,8,20529,65476,0,0,2621,60.0,0.0,0.0,0.0,0.0,0.0
2026-07-09T15:26:58,ERR,ERR,ERR,ERR,ERR,ERR,ERR,ERR,ERR,ERR,ERR,ERR,ERR,ERR,ERR,ERR,ERR,ERR,ERR,ERR,ERR,ERR,ERR,ERR,ERR,ERR,ERR,ERR,ERR,ERR,ERR,ERR,ERR,ERR,ERR,ERR,ERR,ERR,ERR,ERR,ERR,ERR,ERR,ERR,ERR,ERR,ERR,ERR,ERR,ERR,ERR,ERR,ERR,ERR,ERR,ERR,ERR,ERR,ERR,ERR,ERR,ERR,ERR,ERR,ERR,ERR,ERR,ERR,ERR,ERR,ERR,ERR,ERR,ERR,ERR,ERR,ERR,ERR,ERR,ERR,ERR,ERR,ERR,ERR,ERR,ERR,ERR,ERR,ERR,ERR,ERR,ERR,ERR,ERR,ERR,ERR,ERR,ERR,ERR,ERR,ERR,ERR,ERR,ERR,ERR,ERR,ERR,ERR,ERR,ERR,ERR,ERR,ERR,ERR,ERR,ERR,ERR,ERR,ERR,ERR,ERR,ERR,ERR,ERR,ERR,2.7184256974124493e+23,-0.0,-108139136.0,-107611616.0,2.981030405910938e+20,0.0,-4.04324422432766e+19,0.0,0,0,4,17314,7116,0.0,100,0.0,0.0,-107611616.0,0.0,0.0,0,0,0,0,0.0,0,0,0,0,0,0,0,0,0,0,0,0,0,0,0,0,0,0,0,0,0,0,0,0,0,0,0,0,0,0,0,0,0,31,40,40,71,65476,0,300,0,0,8,21553,0.0,-107605600.0,0.0,0.0,0.0,0.0,0.0,0.0,0.0,0.0,0.0,0.0,0.0,0.0,0.0,0.0,0.0,0.0,0.0,0.0,0.0,0.0,-2.004,2.004,0.0,0.0,0.0,0.0,0.0,0.0,5807.0,0.0,6916.0,2.7184256974124493e+23,-0.0,2.004,2.004,0.0,0.0,0.0,0.0,69,-4.950416605342634e+32,-152017800527872.0,0.0,0.0,0.0,0.0,0.0,0.0,0.0,0,0,0,0.0,0.0,0.0,0.0,0.0,0.0,0.0,0.0,0.0,0.0,0.0,0.0,0.0,0.0,0.0,0.0,0,-107875648.0,69,0.0,138,0.0,2.012,ERR,ERR,ERR,ERR,ERR,ERR,ERR,ERR,ERR,ERR,ERR,ERR,ERR,ERR,ERR,ERR,ERR,ERR,ERR,ERR,ERR,ERR,ERR,ERR,ERR,ERR,ERR,ERR,ERR,ERR,ERR,ERR,ERR,ERR,ERR,ERR,ERR,ERR,ERR,ERR,ERR,ERR,ERR,ERR,ERR,ERR,ERR,ERR,ERR,ERR,ERR,ERR,ERR,ERR,ERR,ERR,ERR,ERR,ERR,ERR,ERR,ERR,ERR,ERR,ERR,ERR,ERR,60.0,60.0,35,0.0,0.0,0.0,0.0,0.0,0.0,0.0,0.0,0.0,0.0,0.0,0.0,0.0,0.0,0.0,0.0,65.2,0,143,68,48,65476,0,300,0,0,8,20529,65476,0,0,2621,60.0,0.0,0.0,0.0,0.0,0.0
2026-07-09T15:26:59,ERR,ERR,ERR,ERR,ERR,ERR,ERR,ERR,ERR,ERR,ERR,ERR,ERR,ERR,ERR,ERR,ERR,ERR,ERR,ERR,ERR,ERR,ERR,ERR,ERR,ERR,ERR,ERR,ERR,ERR,ERR,ERR,ERR,ERR,ERR,ERR,ERR,ERR,ERR,ERR,ERR,ERR,ERR,ERR,ERR,ERR,ERR,ERR,ERR,ERR,ERR,ERR,ERR,ERR,ERR,ERR,ERR,ERR,ERR,ERR,ERR,ERR,ERR,ERR,ERR,ERR,ERR,ERR,ERR,ERR,ERR,ERR,ERR,ERR,ERR,ERR,ERR,ERR,ERR,ERR,ERR,ERR,ERR,ERR,ERR,ERR,ERR,ERR,ERR,ERR,ERR,ERR,ERR,ERR,ERR,ERR,ERR,ERR,ERR,ERR,ERR,ERR,ERR,ERR,ERR,ERR,ERR,ERR,ERR,ERR,ERR,ERR,ERR,ERR,ERR,ERR,ERR,ERR,ERR,ERR,ERR,ERR,ERR,ERR,ERR,2.7184256974124493e+23,-0.0,-108139136.0,-107611616.0,2.981030405910938e+20,0.0,-4.04324422432766e+19,0.0,0,0,4,17314,7116,0.0,100,0.0,0.0,-107611616.0,0.0,0.0,0,0,0,0,0.0,0,0,0,0,0,0,0,0,0,0,0,0,0,0,0,0,0,0,0,0,0,0,0,0,0,0,0,0,0,0,0,0,0,31,40,40,71,65476,0,300,0,0,8,21553,0.0,-107605600.0,0.0,0.0,0.0,0.0,0.0,0.0,0.0,0.0,0.0,0.0,0.0,0.0,0.0,0.0,0.0,0.0,0.0,0.0,0.0,0.0,-2.004,2.004,0.0,0.0,0.0,0.0,0.0,0.0,5807.0,0.0,6916.0,2.7184256974124493e+23,-0.0,2.004,2.004,0.0,0.0,0.0,0.0,69,-4.950416605342634e+32,-152017800527872.0,0.0,0.0,0.0,0.0,0.0,0.0,0.0,0,0,0,0.0,0.0,0.0,0.0,0.0,0.0,0.0,0.0,0.0,0.0,0.0,0.0,0.0,0.0,0.0,0.0,0,-107875648.0,69,0.0,138,0.0,2.012,ERR,ERR,ERR,ERR,ERR,ERR,ERR,ERR,ERR,ERR,ERR,ERR,ERR,ERR,ERR,ERR,ERR,ERR,ERR,ERR,ERR,ERR,ERR,ERR,ERR,ERR,ERR,ERR,ERR,ERR,ERR,ERR,ERR,ERR,ERR,ERR,ERR,ERR,ERR,ERR,ERR,ERR,ERR,ERR,ERR,ERR,ERR,ERR,ERR,ERR,ERR,ERR,ERR,ERR,ERR,ERR,ERR,ERR,ERR,ERR,ERR,ERR,ERR,ERR,ERR,ERR,ERR,60.0,60.0,35,0.0,0.0,0.0,0.0,0.0,0.0,0.0,0.0,0.0,0.0,0.0,0.0,0.0,0.0,0.0,0.0,65.2,0,143,68,48,65476,0,65476,0,0,2,20529,65476,0,0,2621,60.0,0.0,0.0,0.0,0.0,0.0
2026-07-09T15:27:00,ERR,ERR,ERR,ERR,ERR,ERR,ERR,ERR,ERR,ERR,ERR,ERR,ERR,ERR,ERR,ERR,ERR,ERR,ERR,ERR,ERR,ERR,ERR,ERR,ERR,ERR,ERR,ERR,ERR,ERR,ERR,ERR,ERR,ERR,ERR,ERR,ERR,ERR,ERR,ERR,ERR,ERR,ERR,ERR,ERR,ERR,ERR,ERR,ERR,ERR,ERR,ERR,ERR,ERR,ERR,ERR,ERR,ERR,ERR,ERR,ERR,ERR,ERR,ERR,ERR,ERR,ERR,ERR,ERR,ERR,ERR,ERR,ERR,ERR,ERR,ERR,ERR,ERR,ERR,ERR,ERR,ERR,ERR,ERR,ERR,ERR,ERR,ERR,ERR,ERR,ERR,ERR,ERR,ERR,ERR,ERR,ERR,ERR,ERR,ERR,ERR,ERR,ERR,ERR,ERR,ERR,ERR,ERR,ERR,ERR,ERR,ERR,ERR,ERR,ERR,ERR,ERR,ERR,ERR,ERR,ERR,ERR,ERR,ERR,ERR,2.7184256974124493e+23,-0.0,-108139136.0,-107611616.0,2.981030405910938e+20,0.0,-4.04324422432766e+19,0.0,0,0,4,17314,7116,0.0,100,0.0,0.0,-107611616.0,0.0,0.0,0,0,0,0,0.0,0,0,0,0,0,0,0,0,0,0,0,0,0,0,0,0,0,0,0,0,0,0,0,0,0,0,0,0,0,0,0,0,0,31,40,40,71,65476,0,300,0,0,8,21553,0.0,-107605600.0,0.0,0.0,0.0,0.0,0.0,0.0,0.0,0.0,0.0,0.0,0.0,0.0,0.0,0.0,0.0,0.0,0.0,0.0,0.0,0.0,-2.004,2.004,0.0,0.0,0.0,0.0,0.0,0.0,5807.0,0.0,6916.0,2.7184256974124493e+23,-0.0,2.004,2.004,0.0,0.0,0.0,0.0,69,-4.950416605342634e+32,-152017800527872.0,0.0,0.0,0.0,0.0,0.0,0.0,0.0,0,0,0,0.0,0.0,0.0,0.0,0.0,0.0,0.0,0.0,0.0,0.0,0.0,0.0,0.0,0.0,0.0,0.0,0,-107875648.0,69,0.0,138,0.0,2.012,ERR,ERR,ERR,ERR,ERR,ERR,ERR,ERR,ERR,ERR,ERR,ERR,ERR,ERR,ERR,ERR,ERR,ERR,ERR,ERR,ERR,ERR,ERR,ERR,ERR,ERR,ERR,ERR,ERR,ERR,ERR,ERR,ERR,ERR,ERR,ERR,ERR,ERR,ERR,ERR,ERR,ERR,ERR,ERR,ERR,ERR,ERR,ERR,ERR,ERR,ERR,ERR,ERR,ERR,ERR,ERR,ERR,ERR,ERR,ERR,ERR,ERR,ERR,ERR,ERR,ERR,ERR,60.0,60.0,35,0.0,0.0,0.0,0.0,0.0,0.0,0.0,0.0,0.0,0.0,0.0,0.0,0.0,0.0,0.0,0.0,65.2,0,143,68,48,65476,0,65476,0,0,2,20529,65476,0,0,2621,60.0,0.0,0.0,0.0,0.0,0.0
2026-07-09T15:27:01,ERR,ERR,ERR,ERR,ERR,ERR,ERR,ERR,ERR,ERR,ERR,ERR,ERR,ERR,ERR,ERR,ERR,ERR,ERR,ERR,ERR,ERR,ERR,ERR,ERR,ERR,ERR,ERR,ERR,ERR,ERR,ERR,ERR,ERR,ERR,ERR,ERR,ERR,ERR,ERR,ERR,ERR,ERR,ERR,ERR,ERR,ERR,ERR,ERR,ERR,ERR,ERR,ERR,ERR,ERR,ERR,ERR,ERR,ERR,ERR,ERR,ERR,ERR,ERR,ERR,ERR,ERR,ERR,ERR,ERR,ERR,ERR,ERR,ERR,ERR,ERR,ERR,ERR,ERR,ERR,ERR,ERR,ERR,ERR,ERR,ERR,ERR,ERR,ERR,ERR,ERR,ERR,ERR,ERR,ERR,ERR,ERR,ERR,ERR,ERR,ERR,ERR,ERR,ERR,ERR,ERR,ERR,ERR,ERR,ERR,ERR,ERR,ERR,ERR,ERR,ERR,ERR,ERR,ERR,ERR,ERR,ERR,ERR,ERR,ERR,2.7184256974124493e+23,-0.0,-108139136.0,-107611616.0,2.981030405910938e+20,0.0,-4.04324422432766e+19,0.0,0,0,4,17314,7116,0.0,100,0.0,0.0,-107611616.0,0.0,0.0,0,0,0,0,0.0,0,0,0,0,0,0,0,0,0,0,0,0,0,0,0,0,0,0,0,0,0,0,0,0,0,0,0,0,0,0,0,0,0,31,40,40,71,65476,0,300,0,0,8,21553,0.0,-107605600.0,0.0,0.0,0.0,0.0,0.0,0.0,0.0,0.0,0.0,0.0,0.0,0.0,0.0,0.0,0.0,0.0,0.0,0.0,0.0,0.0,-2.004,2.004,0.0,0.0,0.0,0.0,0.0,0.0,5807.0,0.0,6916.0,2.7184256974124493e+23,-0.0,2.004,2.004,0.0,0.0,0.0,0.0,69,-4.950416605342634e+32,-152017800527872.0,0.0,0.0,0.0,0.0,0.0,0.0,0.0,0,0,0,0.0,0.0,0.0,0.0,0.0,0.0,0.0,0.0,0.0,0.0,0.0,0.0,0.0,0.0,0.0,0.0,0,-107875648.0,69,0.0,138,0.0,2.012,ERR,ERR,ERR,ERR,ERR,ERR,ERR,ERR,ERR,ERR,ERR,ERR,ERR,ERR,ERR,ERR,ERR,ERR,ERR,ERR,ERR,ERR,ERR,ERR,ERR,ERR,ERR,ERR,ERR,ERR,ERR,ERR,ERR,ERR,ERR,ERR,ERR,ERR,ERR,ERR,ERR,ERR,ERR,ERR,ERR,ERR,ERR,ERR,ERR,ERR,ERR,ERR,ERR,ERR,ERR,ERR,ERR,ERR,ERR,ERR,ERR,ERR,ERR,ERR,ERR,ERR,ERR,60.0,60.0,35,0.0,0.0,0.0,0.0,0.0,0.0,0.0,0.0,0.0,0.0,0.0,0.0,0.0,0.0,0.0,0.0,65.2,0,144,68,48,65476,0,65476,1,0,4,20529,65476,0,0,2621,60.0,0.0,0.0,0.0,0.0,0.0
2026-07-09T15:27:02,ERR,ERR,ERR,ERR,ERR,ERR,ERR,ERR,ERR,ERR,ERR,ERR,ERR,ERR,ERR,ERR,ERR,ERR,ERR,ERR,ERR,ERR,ERR,ERR,ERR,ERR,ERR,ERR,ERR,ERR,ERR,ERR,ERR,ERR,ERR,ERR,ERR,ERR,ERR,ERR,ERR,ERR,ERR,ERR,ERR,ERR,ERR,ERR,ERR,ERR,ERR,ERR,ERR,ERR,ERR,ERR,ERR,ERR,ERR,ERR,ERR,ERR,ERR,ERR,ERR,ERR,ERR,ERR,ERR,ERR,ERR,ERR,ERR,ERR,ERR,ERR,ERR,ERR,ERR,ERR,ERR,ERR,ERR,ERR,ERR,ERR,ERR,ERR,ERR,ERR,ERR,ERR,ERR,ERR,ERR,ERR,ERR,ERR,ERR,ERR,ERR,ERR,ERR,ERR,ERR,ERR,ERR,ERR,ERR,ERR,ERR,ERR,ERR,ERR,ERR,ERR,ERR,ERR,ERR,ERR,ERR,ERR,ERR,ERR,ERR,2.7184256974124493e+23,-0.0,-108139136.0,-107611616.0,2.981030405910938e+20,0.0,-4.04324422432766e+19,0.0,0,0,4,17314,7116,0.0,100,0.0,0.0,-107611616.0,0.0,0.0,0,0,0,0,0.0,0,0,0,0,0,0,0,0,0,0,0,0,0,0,0,0,0,0,0,0,0,0,0,0,0,0,0,0,0,0,0,0,0,31,40,40,71,65476,0,300,0,0,8,21553,0.0,-107605600.0,0.0,0.0,0.0,0.0,0.0,0.0,0.0,0.0,0.0,0.0,0.0,0.0,0.0,0.0,0.0,0.0,0.0,0.0,0.0,0.0,-2.004,2.004,0.0,0.0,0.0,0.0,0.0,0.0,5807.0,0.0,6916.0,2.7184256974124493e+23,-0.0,2.004,2.004,0.0,0.0,0.0,0.0,69,-4.950416605342634e+32,-152017800527872.0,0.0,0.0,0.0,0.0,0.0,0.0,0.0,0,0,0,0.0,0.0,0.0,0.0,0.0,0.0,0.0,0.0,0.0,0.0,0.0,0.0,0.0,0.0,0.0,0.0,0,-107875648.0,69,0.0,138,0.0,2.012,ERR,ERR,ERR,ERR,ERR,ERR,ERR,ERR,ERR,ERR,ERR,ERR,ERR,ERR,ERR,ERR,ERR,ERR,ERR,ERR,ERR,ERR,ERR,ERR,ERR,ERR,ERR,ERR,ERR,ERR,ERR,ERR,ERR,ERR,ERR,ERR,ERR,ERR,ERR,ERR,ERR,ERR,ERR,ERR,ERR,ERR,ERR,ERR,ERR,ERR,ERR,ERR,ERR,ERR,ERR,ERR,ERR,ERR,ERR,ERR,ERR,ERR,ERR,ERR,ERR,ERR,ERR,60.0,60.0,35,0.0,0.0,0.0,0.0,0.0,0.0,0.0,0.0,0.0,0.0,0.0,0.0,0.0,0.0,0.0,0.0,65.2,0,144,68,48,65476,0,65476,1,0,4,20529,65476,0,0,2621,60.0,0.0,0.0,0.0,0.0,0.0
2026-07-09T15:27:03,ERR,ERR,ERR,ERR,ERR,ERR,ERR,ERR,ERR,ERR,ERR,ERR,ERR,ERR,ERR,ERR,ERR,ERR,ERR,ERR,ERR,ERR,ERR,ERR,ERR,ERR,ERR,ERR,ERR,ERR,ERR,ERR,ERR,ERR,ERR,ERR,ERR,ERR,ERR,ERR,ERR,ERR,ERR,ERR,ERR,ERR,ERR,ERR,ERR,ERR,ERR,ERR,ERR,ERR,ERR,ERR,ERR,ERR,ERR,ERR,ERR,ERR,ERR,ERR,ERR,ERR,ERR,ERR,ERR,ERR,ERR,ERR,ERR,ERR,ERR,ERR,ERR,ERR,ERR,ERR,ERR,ERR,ERR,ERR,ERR,ERR,ERR,ERR,ERR,ERR,ERR,ERR,ERR,ERR,ERR,ERR,ERR,ERR,ERR,ERR,ERR,ERR,ERR,ERR,ERR,ERR,ERR,ERR,ERR,ERR,ERR,ERR,ERR,ERR,ERR,ERR,ERR,ERR,ERR,ERR,ERR,ERR,ERR,ERR,ERR,2.7184256974124493e+23,-0.0,-108139136.0,-0.0,-0.0,-0.0,149189536.0,-0.0,0,0,4,17311,7116,0.0,100,0.0,0.0,-0.0,0.0,0.0,0,0,0,0,0.0,0,0,0,0,0,0,0,0,0,0,0,0,0,0,0,0,0,0,0,0,0,0,0,0,0,0,0,0,0,0,0,0,0,31,40,40,71,65476,0,300,0,0,8,21553,0.0,-107605600.0,0.0,0.0,0.0,0.0,0.0,0.0,0.0,0.0,0.0,0.0,0.0,0.0,0.0,0.0,0.0,0.0,0.0,0.0,0.0,0.0,0.0,3.697067386368898e+19,0.0,0.0,0.0,0.0,0.0,0.0,5782.0,-3.697196688936324e+19,6940.0,0.0,-107616024.0,2.004,2.004,0.0,0.0,0.0,0.0,69,-0.0,-0.0,0.0,0.0,0.0,0.0,0.0,0.0,0.0,0,0,0,0.0,0.0,0.0,0.0,0.0,0.0,0.0,0.0,0.0,0.0,0.0,0.0,0.0,0.0,0.0,0.0,0,-107875648.0,69,0.0,138,0.0,2.012,ERR,ERR,ERR,ERR,ERR,ERR,ERR,ERR,ERR,ERR,ERR,ERR,ERR,ERR,ERR,ERR,ERR,ERR,ERR,ERR,ERR,ERR,ERR,ERR,ERR,ERR,ERR,ERR,ERR,ERR,ERR,ERR,ERR,ERR,ERR,ERR,ERR,ERR,ERR,ERR,ERR,ERR,ERR,ERR,ERR,ERR,ERR,ERR,ERR,ERR,ERR,ERR,ERR,ERR,ERR,ERR,ERR,ERR,ERR,ERR,ERR,ERR,ERR,ERR,ERR,ERR,ERR,60.0,60.0,35,0.0,0.0,0.0,0.0,0.0,0.0,0.0,0.0,0.0,0.0,0.0,0.0,0.0,0.0,0.0,0.0,65.2,0,144,68,48,65476,0,65476,1,0,4,20529,65476,0,0,2621,60.0,0.0,0.0,0.0,0.0,0.0
2026-07-09T15:27:04,ERR,ERR,ERR,ERR,ERR,ERR,ERR,ERR,ERR,ERR,ERR,ERR,ERR,ERR,ERR,ERR,ERR,ERR,ERR,ERR,ERR,ERR,ERR,ERR,ERR,ERR,ERR,ERR,ERR,ERR,ERR,ERR,ERR,ERR,ERR,ERR,ERR,ERR,ERR,ERR,ERR,ERR,ERR,ERR,ERR,ERR,ERR,ERR,ERR,ERR,ERR,ERR,ERR,ERR,ERR,ERR,ERR,ERR,ERR,ERR,ERR,ERR,ERR,ERR,ERR,ERR,ERR,ERR,ERR,ERR,ERR,ERR,ERR,ERR,ERR,ERR,ERR,ERR,ERR,ERR,ERR,ERR,ERR,ERR,ERR,ERR,ERR,ERR,ERR,ERR,ERR,ERR,ERR,ERR,ERR,ERR,ERR,ERR,ERR,ERR,ERR,ERR,ERR,ERR,ERR,ERR,ERR,ERR,ERR,ERR,ERR,ERR,ERR,ERR,ERR,ERR,ERR,ERR,ERR,ERR,ERR,ERR,ERR,ERR,ERR,2.7184256974124493e+23,-0.0,-108139136.0,-0.0,-0.0,-0.0,149189536.0,-0.0,0,0,4,17311,7116,0.0,100,0.0,0.0,-0.0,0.0,0.0,0,0,0,0,0.0,0,0,0,0,0,0,0,0,0,0,0,0,0,0,0,0,0,0,0,0,0,0,0,0,0,0,0,0,0,0,0,0,0,31,40,40,71,65476,0,300,0,0,8,21553,0.0,-107605600.0,0.0,0.0,0.0,0.0,0.0,0.0,0.0,0.0,0.0,0.0,0.0,0.0,0.0,0.0,0.0,0.0,0.0,0.0,0.0,0.0,0.0,3.697067386368898e+19,0.0,0.0,0.0,0.0,0.0,0.0,5782.0,-3.697196688936324e+19,6940.0,0.0,-107616024.0,2.004,2.004,0.0,0.0,0.0,0.0,69,-0.0,-0.0,0.0,0.0,0.0,0.0,0.0,0.0,0.0,0,0,0,0.0,0.0,0.0,0.0,0.0,0.0,0.0,0.0,0.0,0.0,0.0,0.0,0.0,0.0,0.0,0.0,0,-107875648.0,69,0.0,138,0.0,2.012,ERR,ERR,ERR,ERR,ERR,ERR,ERR,ERR,ERR,ERR,ERR,ERR,ERR,ERR,ERR,ERR,ERR,ERR,ERR,ERR,ERR,ERR,ERR,ERR,ERR,ERR,ERR,ERR,ERR,ERR,ERR,ERR,ERR,ERR,ERR,ERR,ERR,ERR,ERR,ERR,ERR,ERR,ERR,ERR,ERR,ERR,ERR,ERR,ERR,ERR,ERR,ERR,ERR,ERR,ERR,ERR,ERR,ERR,ERR,ERR,ERR,ERR,ERR,ERR,ERR,ERR,ERR,60.0,60.0,35,0.0,0.0,0.0,0.0,0.0,0.0,0.0,0.0,0.0,0.0,0.0,0.0,0.0,0.0,0.0,0.0,65.2,0,144,69,48,65476,0,65476,1,0,4,20529,65476,0,0,2621,60.0,0.0,0.0,0.0,0.0,0.0
2026-07-09T15:27:05,ERR,ERR,ERR,ERR,ERR,ERR,ERR,ERR,ERR,ERR,ERR,ERR,ERR,ERR,ERR,ERR,ERR,ERR,ERR,ERR,ERR,ERR,ERR,ERR,ERR,ERR,ERR,ERR,ERR,ERR,ERR,ERR,ERR,ERR,ERR,ERR,ERR,ERR,ERR,ERR,ERR,ERR,ERR,ERR,ERR,ERR,ERR,ERR,ERR,ERR,ERR,ERR,ERR,ERR,ERR,ERR,ERR,ERR,ERR,ERR,ERR,ERR,ERR,ERR,ERR,ERR,ERR,ERR,ERR,ERR,ERR,ERR,ERR,ERR,ERR,ERR,ERR,ERR,ERR,ERR,ERR,ERR,ERR,ERR,ERR,ERR,ERR,ERR,ERR,ERR,ERR,ERR,ERR,ERR,ERR,ERR,ERR,ERR,ERR,ERR,ERR,ERR,ERR,ERR,ERR,ERR,ERR,ERR,ERR,ERR,ERR,ERR,ERR,ERR,ERR,ERR,ERR,ERR,ERR,ERR,ERR,ERR,ERR,ERR,ERR,2.7184256974124493e+23,-0.0,-108139136.0,-0.0,-0.0,-0.0,149189536.0,-0.0,0,0,4,17311,7116,0.0,100,0.0,0.0,-0.0,0.0,0.0,0,0,0,0,0.0,0,0,0,0,0,0,0,0,0,0,0,0,0,0,0,0,0,0,0,0,0,0,0,0,0,0,0,0,0,0,0,0,0,31,40,40,71,65476,0,300,0,0,8,21553,0.0,-107605600.0,0.0,0.0,0.0,0.0,0.0,0.0,0.0,0.0,0.0,0.0,0.0,0.0,0.0,0.0,0.0,0.0,0.0,0.0,0.0,0.0,0.0,3.697067386368898e+19,0.0,0.0,0.0,0.0,0.0,0.0,5782.0,-3.697196688936324e+19,6940.0,0.0,-107616024.0,2.004,2.004,0.0,0.0,0.0,0.0,69,-0.0,-0.0,0.0,0.0,0.0,0.0,0.0,0.0,0.0,0,0,0,0.0,0.0,0.0,0.0,0.0,0.0,0.0,0.0,0.0,0.0,0.0,0.0,0.0,0.0,0.0,0.0,0,-107875648.0,69,0.0,138,0.0,2.012,ERR,ERR,ERR,ERR,ERR,ERR,ERR,ERR,ERR,ERR,ERR,ERR,ERR,ERR,ERR,ERR,ERR,ERR,ERR,ERR,ERR,ERR,ERR,ERR,ERR,ERR,ERR,ERR,ERR,ERR,ERR,ERR,ERR,ERR,ERR,ERR,ERR,ERR,ERR,ERR,ERR,ERR,ERR,ERR,ERR,ERR,ERR,ERR,ERR,ERR,ERR,ERR,ERR,ERR,ERR,ERR,ERR,ERR,ERR,ERR,ERR,ERR,ERR,ERR,ERR,ERR,ERR,60.0,60.0,35,0.0,0.0,0.0,0.0,0.0,0.0,0.0,0.0,0.0,0.0,0.0,0.0,0.0,0.0,0.0,0.0,65.2,0,144,69,48,65476,0,65476,1,0,4,20529,65476,0,0,2621,60.0,0.0,0.0,0.0,0.0,0.0
2026-07-09T15:27:06,ERR,ERR,ERR,ERR,ERR,ERR,ERR,ERR,ERR,ERR,ERR,ERR,ERR,ERR,ERR,ERR,ERR,ERR,ERR,ERR,ERR,ERR,ERR,ERR,ERR,ERR,ERR,ERR,ERR,ERR,ERR,ERR,ERR,ERR,ERR,ERR,ERR,ERR,ERR,ERR,ERR,ERR,ERR,ERR,ERR,ERR,ERR,ERR,ERR,ERR,ERR,ERR,ERR,ERR,ERR,ERR,ERR,ERR,ERR,ERR,ERR,ERR,ERR,ERR,ERR,ERR,ERR,ERR,ERR,ERR,ERR,ERR,ERR,ERR,ERR,ERR,ERR,ERR,ERR,ERR,ERR,ERR,ERR,ERR,ERR,ERR,ERR,ERR,ERR,ERR,ERR,ERR,ERR,ERR,ERR,ERR,ERR,ERR,ERR,ERR,ERR,ERR,ERR,ERR,ERR,ERR,ERR,ERR,ERR,ERR,ERR,ERR,ERR,ERR,ERR,ERR,ERR,ERR,ERR,ERR,ERR,ERR,ERR,ERR,ERR,2.7184256974124493e+23,-0.0,-108139136.0,-0.0,-0.0,-0.0,149189536.0,-0.0,0,0,4,17311,7116,0.0,100,0.0,0.0,-0.0,0.0,0.0,0,0,0,0,0.0,0,0,0,0,0,0,0,0,0,0,0,0,0,0,0,0,0,0,0,0,0,0,0,0,0,0,0,0,0,0,0,0,0,31,40,40,71,65476,0,300,0,0,8,21553,0.0,-107605600.0,0.0,0.0,0.0,0.0,0.0,0.0,0.0,0.0,0.0,0.0,0.0,0.0,0.0,0.0,0.0,0.0,0.0,0.0,0.0,0.0,0.0,3.697067386368898e+19,0.0,0.0,0.0,0.0,0.0,0.0,5782.0,-3.697196688936324e+19,6940.0,0.0,-107616024.0,2.004,2.004,0.0,0.0,0.0,0.0,69,-0.0,-0.0,0.0,0.0,0.0,0.0,0.0,0.0,0.0,0,0,0,0.0,0.0,0.0,0.0,0.0,0.0,0.0,0.0,0.0,0.0,0.0,0.0,0.0,0.0,0.0,0.0,0,-107875648.0,69,0.0,138,0.0,2.012,ERR,ERR,ERR,ERR,ERR,ERR,ERR,ERR,ERR,ERR,ERR,ERR,ERR,ERR,ERR,ERR,ERR,ERR,ERR,ERR,ERR,ERR,ERR,ERR,ERR,ERR,ERR,ERR,ERR,ERR,ERR,ERR,ERR,ERR,ERR,ERR,ERR,ERR,ERR,ERR,ERR,ERR,ERR,ERR,ERR,ERR,ERR,ERR,ERR,ERR,ERR,ERR,ERR,ERR,ERR,ERR,ERR,ERR,ERR,ERR,ERR,ERR,ERR,ERR,ERR,ERR,ERR,60.0,60.0,35,0.0,0.0,0.0,0.0,0.0,0.0,0.0,0.0,0.0,0.0,0.0,0.0,0.0,0.0,0.0,0.0,65.2,0,144,69,48,65476,0,65476,1,0,4,20529,65476,0,0,2621,60.0,0.0,0.0,0.0,0.0,0.0
2026-07-09T15:27:07,ERR,ERR,ERR,ERR,ERR,ERR,ERR,ERR,ERR,ERR,ERR,ERR,ERR,ERR,ERR,ERR,ERR,ERR,ERR,ERR,ERR,ERR,ERR,ERR,ERR,ERR,ERR,ERR,ERR,ERR,ERR,ERR,ERR,ERR,ERR,ERR,ERR,ERR,ERR,ERR,ERR,ERR,ERR,ERR,ERR,ERR,ERR,ERR,ERR,ERR,ERR,ERR,ERR,ERR,ERR,ERR,ERR,ERR,ERR,ERR,ERR,ERR,ERR,ERR,ERR,ERR,ERR,ERR,ERR,ERR,ERR,ERR,ERR,ERR,ERR,ERR,ERR,ERR,ERR,ERR,ERR,ERR,ERR,ERR,ERR,ERR,ERR,ERR,ERR,ERR,ERR,ERR,ERR,ERR,ERR,ERR,ERR,ERR,ERR,ERR,ERR,ERR,ERR,ERR,ERR,ERR,ERR,ERR,ERR,ERR,ERR,ERR,ERR,ERR,ERR,ERR,ERR,ERR,ERR,ERR,ERR,ERR,ERR,ERR,ERR,2.7184256974124493e+23,-0.0,-108139136.0,-0.0,-0.0,-0.0,149189536.0,-0.0,0,0,4,17311,7116,0.0,100,0.0,0.0,-0.0,0.0,0.0,0,0,0,0,0.0,0,0,0,0,0,0,0,0,0,0,0,0,0,0,0,0,0,0,0,0,0,0,0,0,0,0,0,0,0,0,0,0,0,31,40,40,71,65476,0,300,0,0,8,21553,0.0,-107605600.0,0.0,0.0,0.0,0.0,0.0,0.0,0.0,0.0,0.0,0.0,0.0,0.0,0.0,0.0,0.0,0.0,0.0,0.0,0.0,0.0,0.0,3.697067386368898e+19,0.0,0.0,0.0,0.0,0.0,0.0,5782.0,-3.697196688936324e+19,6940.0,0.0,-107616024.0,2.004,2.004,0.0,0.0,0.0,0.0,69,-0.0,-0.0,0.0,0.0,0.0,0.0,0.0,0.0,0.0,0,0,0,0.0,0.0,0.0,0.0,0.0,0.0,0.0,0.0,0.0,0.0,0.0,0.0,0.0,0.0,0.0,0.0,0,-107875648.0,69,0.0,138,0.0,2.012,ERR,ERR,ERR,ERR,ERR,ERR,ERR,ERR,ERR,ERR,ERR,ERR,ERR,ERR,ERR,ERR,ERR,ERR,ERR,ERR,ERR,ERR,ERR,ERR,ERR,ERR,ERR,ERR,ERR,ERR,ERR,ERR,ERR,ERR,ERR,ERR,ERR,ERR,ERR,ERR,ERR,ERR,ERR,ERR,ERR,ERR,ERR,ERR,ERR,ERR,ERR,ERR,ERR,ERR,ERR,ERR,ERR,ERR,ERR,ERR,ERR,ERR,ERR,ERR,ERR,ERR,ERR,60.0,60.0,35,0.0,0.0,0.0,0.0,0.0,0.0,0.0,0.0,0.0,0.0,0.0,0.0,0.0,0.0,0.0,0.0,65.2,0,144,69,48,65476,0,65476,1,0,4,20529,65476,0,0,2621,60.0,0.0,0.0,0.0,0.0,0.0
2026-07-09T15:27:08,ERR,ERR,ERR,ERR,ERR,ERR,ERR,ERR,ERR,ERR,ERR,ERR,ERR,ERR,ERR,ERR,ERR,ERR,ERR,ERR,ERR,ERR,ERR,ERR,ERR,ERR,ERR,ERR,ERR,ERR,ERR,ERR,ERR,ERR,ERR,ERR,ERR,ERR,ERR,ERR,ERR,ERR,ERR,ERR,ERR,ERR,ERR,ERR,ERR,ERR,ERR,ERR,ERR,ERR,ERR,ERR,ERR,ERR,ERR,ERR,ERR,ERR,ERR,ERR,ERR,ERR,ERR,ERR,ERR,ERR,ERR,ERR,ERR,ERR,ERR,ERR,ERR,ERR,ERR,ERR,ERR,ERR,ERR,ERR,ERR,ERR,ERR,ERR,ERR,ERR,ERR,ERR,ERR,ERR,ERR,ERR,ERR,ERR,ERR,ERR,ERR,ERR,ERR,ERR,ERR,ERR,ERR,ERR,ERR,ERR,ERR,ERR,ERR,ERR,ERR,ERR,ERR,ERR,ERR,ERR,ERR,ERR,ERR,ERR,ERR,0.0,-107616024.0,-0.0,0.0,0.0,-3.8785267392142587e+21,-0.0,0.012,0,0,4,17312,7116,0.0,100,0.0,0.0,0.0,0.0,0.0,0,0,0,0,0.0,0,0,0,0,0,0,0,0,0,0,0,0,0,0,0,0,0,0,0,0,0,0,0,0,0,0,0,0,0,0,0,0,0,31,40,40,71,65476,0,300,0,0,8,21553,0.0,-107605600.0,0.0,0.0,0.0,0.0,0.0,0.0,0.0,0.0,0.0,0.0,0.0,0.0,0.0,0.0,0.0,0.0,0.0,0.0,0.0,0.0,0.0,-0.0,0.0,0.0,0.0,0.0,0.0,0.0,5773.0,3.697196688936324e+19,6924.0,0.0,0.0,2.004,2.004,0.0,0.0,0.0,0.0,69,4.066869525165936e+29,-2.3088333289975238e+20,0.0,0.0,0.0,0.0,0.0,0.0,0.0,0,0,0,0.0,0.0,0.0,0.0,0.0,0.0,0.0,0.0,0.0,0.0,0.0,0.0,0.0,0.0,0.0,0.0,0,-107875648.0,69,0.0,138,0.0,2.012,ERR,ERR,ERR,ERR,ERR,ERR,ERR,ERR,ERR,ERR,ERR,ERR,ERR,ERR,ERR,ERR,ERR,ERR,ERR,ERR,ERR,ERR,ERR,ERR,ERR,ERR,ERR,ERR,ERR,ERR,ERR,ERR,ERR,ERR,ERR,ERR,ERR,ERR,ERR,ERR,ERR,ERR,ERR,ERR,ERR,ERR,ERR,ERR,ERR,ERR,ERR,ERR,ERR,ERR,ERR,ERR,ERR,ERR,ERR,ERR,ERR,ERR,ERR,ERR,ERR,ERR,ERR,60.0,60.0,35,0.0,0.0,0.0,0.0,0.0,0.0,0.0,0.0,0.0,0.0,0.0,0.0,0.0,0.0,0.0,0.0,65.2,0,144,69,48,65476,0,65476,1,0,4,20529,65476,0,0,2621,60.0,0.0,0.0,0.0,0.0,0.0
2026-07-09T15:27:09,ERR,ERR,ERR,ERR,ERR,ERR,ERR,ERR,ERR,ERR,ERR,ERR,ERR,ERR,ERR,ERR,ERR,ERR,ERR,ERR,ERR,ERR,ERR,ERR,ERR,ERR,ERR,ERR,ERR,ERR,ERR,ERR,ERR,ERR,ERR,ERR,ERR,ERR,ERR,ERR,ERR,ERR,ERR,ERR,ERR,ERR,ERR,ERR,ERR,ERR,ERR,ERR,ERR,ERR,ERR,ERR,ERR,ERR,ERR,ERR,ERR,ERR,ERR,ERR,ERR,ERR,ERR,ERR,ERR,ERR,ERR,ERR,ERR,ERR,ERR,ERR,ERR,ERR,ERR,ERR,ERR,ERR,ERR,ERR,ERR,ERR,ERR,ERR,ERR,ERR,ERR,ERR,ERR,ERR,ERR,ERR,ERR,ERR,ERR,ERR,ERR,ERR,ERR,ERR,ERR,ERR,ERR,ERR,ERR,ERR,ERR,ERR,ERR,ERR,ERR,ERR,ERR,ERR,ERR,ERR,ERR,ERR,ERR,ERR,ERR,0.0,-107616024.0,-0.0,0.0,0.0,-3.8785267392142587e+21,-0.0,0.012,0,0,4,17312,7116,0.0,100,0.0,0.0,0.0,0.0,0.0,0,0,0,0,0.0,0,0,0,0,0,0,0,0,0,0,0,0,0,0,0,0,0,0,0,0,0,0,0,0,0,0,0,0,0,0,0,0,0,31,40,40,71,65476,0,300,0,0,8,21553,0.0,-107605600.0,0.0,0.0,0.0,0.0,0.0,0.0,0.0,0.0,0.0,0.0,0.0,0.0,0.0,0.0,0.0,0.0,0.0,0.0,0.0,0.0,0.0,-0.0,0.0,0.0,0.0,0.0,0.0,0.0,5773.0,3.697196688936324e+19,6924.0,0.0,0.0,2.004,2.004,0.0,0.0,0.0,0.0,69,4.066869525165936e+29,-2.3088333289975238e+20,0.0,0.0,0.0,0.0,0.0,0.0,0.0,0,0,0,0.0,0.0,0.0,0.0,0.0,0.0,0.0,0.0,0.0,0.0,0.0,0.0,0.0,0.0,0.0,0.0,0,-107875648.0,69,0.0,138,0.0,2.012,ERR,ERR,ERR,ERR,ERR,ERR,ERR,ERR,ERR,ERR,ERR,ERR,ERR,ERR,ERR,ERR,ERR,ERR,ERR,ERR,ERR,ERR,ERR,ERR,ERR,ERR,ERR,ERR,ERR,ERR,ERR,ERR,ERR,ERR,ERR,ERR,ERR,ERR,ERR,ERR,ERR,ERR,ERR,ERR,ERR,ERR,ERR,ERR,ERR,ERR,ERR,ERR,ERR,ERR,ERR,ERR,ERR,ERR,ERR,ERR,ERR,ERR,ERR,ERR,ERR,ERR,ERR,60.0,60.0,35,0.0,0.0,0.0,0.0,0.0,0.0,0.0,0.0,0.0,0.0,0.0,0.0,0.0,0.0,0.0,0.0,65.2,0,145,69,48,65476,0,65476,1,0,4,20529,65476,0,0,2621,60.0,0.0,0.0,0.0,0.0,0.0
2026-07-09T15:27:10,ERR,ERR,ERR,ERR,ERR,ERR,ERR,ERR,ERR,ERR,ERR,ERR,ERR,ERR,ERR,ERR,ERR,ERR,ERR,ERR,ERR,ERR,ERR,ERR,ERR,ERR,ERR,ERR,ERR,ERR,ERR,ERR,ERR,ERR,ERR,ERR,ERR,ERR,ERR,ERR,ERR,ERR,ERR,ERR,ERR,ERR,ERR,ERR,ERR,ERR,ERR,ERR,ERR,ERR,ERR,ERR,ERR,ERR,ERR,ERR,ERR,ERR,ERR,ERR,ERR,ERR,ERR,ERR,ERR,ERR,ERR,ERR,ERR,ERR,ERR,ERR,ERR,ERR,ERR,ERR,ERR,ERR,ERR,ERR,ERR,ERR,ERR,ERR,ERR,ERR,ERR,ERR,ERR,ERR,ERR,ERR,ERR,ERR,ERR,ERR,ERR,ERR,ERR,ERR,ERR,ERR,ERR,ERR,ERR,ERR,ERR,ERR,ERR,ERR,ERR,ERR,ERR,ERR,ERR,ERR,ERR,ERR,ERR,ERR,ERR,0.0,-107616024.0,-0.0,0.0,0.0,-3.8785267392142587e+21,-0.0,0.012,0,0,4,17312,7116,0.0,100,0.0,0.0,0.0,0.0,0.0,0,0,0,0,0.0,0,0,0,0,0,0,0,0,0,0,0,0,0,0,0,0,0,0,0,0,0,0,0,0,0,0,0,0,0,0,0,0,0,31,40,40,71,65476,0,300,0,0,8,21553,0.0,-107605600.0,0.0,0.0,0.0,0.0,0.0,0.0,0.0,0.0,0.0,0.0,0.0,0.0,0.0,0.0,0.0,0.0,0.0,0.0,0.0,0.0,0.0,-0.0,0.0,0.0,0.0,0.0,0.0,0.0,5773.0,3.697196688936324e+19,6924.0,0.0,0.0,2.004,2.004,0.0,0.0,0.0,0.0,69,4.066869525165936e+29,-2.3088333289975238e+20,0.0,0.0,0.0,0.0,0.0,0.0,0.0,0,0,0,0.0,0.0,0.0,0.0,0.0,0.0,0.0,0.0,0.0,0.0,0.0,0.0,0.0,0.0,0.0,0.0,0,-107875648.0,69,0.0,138,0.0,2.012,ERR,ERR,ERR,ERR,ERR,ERR,ERR,ERR,ERR,ERR,ERR,ERR,ERR,ERR,ERR,ERR,ERR,ERR,ERR,ERR,ERR,ERR,ERR,ERR,ERR,ERR,ERR,ERR,ERR,ERR,ERR,ERR,ERR,ERR,ERR,ERR,ERR,ERR,ERR,ERR,ERR,ERR,ERR,ERR,ERR,ERR,ERR,ERR,ERR,ERR,ERR,ERR,ERR,ERR,ERR,ERR,ERR,ERR,ERR,ERR,ERR,ERR,ERR,ERR,ERR,ERR,ERR,60.0,60.0,35,0.0,0.0,0.0,0.0,0.0,0.0,0.0,0.0,0.0,0.0,0.0,0.0,0.0,0.0,0.0,0.0,65.2,0,145,69,48,65476,0,65476,1,0,4,20529,65476,0,0,2621,60.0,0.0,0.0,0.0,0.0,0.0
2026-07-09T15:27:11,ERR,ERR,ERR,ERR,ERR,ERR,ERR,ERR,ERR,ERR,ERR,ERR,ERR,ERR,ERR,ERR,ERR,ERR,ERR,ERR,ERR,ERR,ERR,ERR,ERR,ERR,ERR,ERR,ERR,ERR,ERR,ERR,ERR,ERR,ERR,ERR,ERR,ERR,ERR,ERR,ERR,ERR,ERR,ERR,ERR,ERR,ERR,ERR,ERR,ERR,ERR,ERR,ERR,ERR,ERR,ERR,ERR,ERR,ERR,ERR,ERR,ERR,ERR,ERR,ERR,ERR,ERR,ERR,ERR,ERR,ERR,ERR,ERR,ERR,ERR,ERR,ERR,ERR,ERR,ERR,ERR,ERR,ERR,ERR,ERR,ERR,ERR,ERR,ERR,ERR,ERR,ERR,ERR,ERR,ERR,ERR,ERR,ERR,ERR,ERR,ERR,ERR,ERR,ERR,ERR,ERR,ERR,ERR,ERR,ERR,ERR,ERR,ERR,ERR,ERR,ERR,ERR,ERR,ERR,ERR,ERR,ERR,ERR,ERR,ERR,0.0,-107616024.0,-0.0,0.0,0.0,-3.8785267392142587e+21,-0.0,0.012,0,0,4,17312,7116,0.0,100,0.0,0.0,0.0,0.0,0.0,0,0,0,0,0.0,0,0,0,0,0,0,0,0,0,0,0,0,0,0,0,0,0,0,0,0,0,0,0,0,0,0,0,0,0,0,0,0,0,31,40,40,71,65476,0,300,0,0,8,21553,0.0,-107605600.0,0.0,0.0,0.0,0.0,0.0,0.0,0.0,0.0,0.0,0.0,0.0,0.0,0.0,0.0,0.0,0.0,0.0,0.0,0.0,0.0,0.0,-0.0,0.0,0.0,0.0,0.0,0.0,0.0,5773.0,3.697196688936324e+19,6924.0,0.0,0.0,2.004,2.004,0.0,0.0,0.0,0.0,69,4.066869525165936e+29,-2.3088333289975238e+20,0.0,0.0,0.0,0.0,0.0,0.0,0.0,0,0,0,0.0,0.0,0.0,0.0,0.0,0.0,0.0,0.0,0.0,0.0,0.0,0.0,0.0,0.0,0.0,0.0,0,-107875648.0,69,0.0,138,0.0,2.012,ERR,ERR,ERR,ERR,ERR,ERR,ERR,ERR,ERR,ERR,ERR,ERR,ERR,ERR,ERR,ERR,ERR,ERR,ERR,ERR,ERR,ERR,ERR,ERR,ERR,ERR,ERR,ERR,ERR,ERR,ERR,ERR,ERR,ERR,ERR,ERR,ERR,ERR,ERR,ERR,ERR,ERR,ERR,ERR,ERR,ERR,ERR,ERR,ERR,ERR,ERR,ERR,ERR,ERR,ERR,ERR,ERR,ERR,ERR,ERR,ERR,ERR,ERR,ERR,ERR,ERR,ERR,60.0,60.0,35,0.0,0.0,0.0,0.0,0.0,0.0,0.0,0.0,0.0,0.0,0.0,0.0,0.0,0.0,0.0,0.0,65.2,0,145,69,48,65476,0,65476,1,0,4,20529,65476,0,0,2621,60.0,0.0,0.0,0.0,0.0,0.0
2026-07-09T15:27:12,ERR,ERR,ERR,ERR,ERR,ERR,ERR,ERR,ERR,ERR,ERR,ERR,ERR,ERR,ERR,ERR,ERR,ERR,ERR,ERR,ERR,ERR,ERR,ERR,ERR,ERR,ERR,ERR,ERR,ERR,ERR,ERR,ERR,ERR,ERR,ERR,ERR,ERR,ERR,ERR,ERR,ERR,ERR,ERR,ERR,ERR,ERR,ERR,ERR,ERR,ERR,ERR,ERR,ERR,ERR,ERR,ERR,ERR,ERR,ERR,ERR,ERR,ERR,ERR,ERR,ERR,ERR,ERR,ERR,ERR,ERR,ERR,ERR,ERR,ERR,ERR,ERR,ERR,ERR,ERR,ERR,ERR,ERR,ERR,ERR,ERR,ERR,ERR,ERR,ERR,ERR,ERR,ERR,ERR,ERR,ERR,ERR,ERR,ERR,ERR,ERR,ERR,ERR,ERR,ERR,ERR,ERR,ERR,ERR,ERR,ERR,ERR,ERR,ERR,ERR,ERR,ERR,ERR,ERR,ERR,ERR,ERR,ERR,ERR,ERR,0.0,-107616024.0,-0.0,0.0,0.0,-3.8785267392142587e+21,-0.0,0.012,0,0,4,17312,7116,0.0,100,0.0,0.0,0.0,0.0,0.0,0,0,0,0,0.0,0,0,0,0,0,0,0,0,0,0,0,0,0,0,0,0,0,0,0,0,0,0,0,0,0,0,0,0,0,0,0,0,0,31,40,40,71,65476,0,300,0,0,8,21553,0.0,-107605600.0,0.0,0.0,0.0,0.0,0.0,0.0,0.0,0.0,0.0,0.0,0.0,0.0,0.0,0.0,0.0,0.0,0.0,0.0,0.0,0.0,0.0,-0.0,0.0,0.0,0.0,0.0,0.0,0.0,5773.0,3.697196688936324e+19,6924.0,0.0,0.0,2.004,2.004,0.0,0.0,0.0,0.0,69,4.066869525165936e+29,-2.3088333289975238e+20,0.0,0.0,0.0,0.0,0.0,0.0,0.0,0,0,0,0.0,0.0,0.0,0.0,0.0,0.0,0.0,0.0,0.0,0.0,0.0,0.0,0.0,0.0,0.0,0.0,0,-107875648.0,69,0.0,138,0.0,2.012,ERR,ERR,ERR,ERR,ERR,ERR,ERR,ERR,ERR,ERR,ERR,ERR,ERR,ERR,ERR,ERR,ERR,ERR,ERR,ERR,ERR,ERR,ERR,ERR,ERR,ERR,ERR,ERR,ERR,ERR,ERR,ERR,ERR,ERR,ERR,ERR,ERR,ERR,ERR,ERR,ERR,ERR,ERR,ERR,ERR,ERR,ERR,ERR,ERR,ERR,ERR,ERR,ERR,ERR,ERR,ERR,ERR,ERR,ERR,ERR,ERR,ERR,ERR,ERR,ERR,ERR,ERR,60.0,60.0,35,0.0,0.0,0.0,0.0,0.0,0.0,0.0,0.0,0.0,0.0,0.0,0.0,0.0,0.0,0.0,0.0,65.2,0,145,69,48,65476,0,65476,1,0,4,20529,65476,0,0,2621,60.0,0.0,0.0,0.0,0.0,0.0
2026-07-09T15:27:13,ERR,ERR,ERR,ERR,ERR,ERR,ERR,ERR,ERR,ERR,ERR,ERR,ERR,ERR,ERR,ERR,ERR,ERR,ERR,ERR,ERR,ERR,ERR,ERR,ERR,ERR,ERR,ERR,ERR,ERR,ERR,ERR,ERR,ERR,ERR,ERR,ERR,ERR,ERR,ERR,ERR,ERR,ERR,ERR,ERR,ERR,ERR,ERR,ERR,ERR,ERR,ERR,ERR,ERR,ERR,ERR,ERR,ERR,ERR,ERR,ERR,ERR,ERR,ERR,ERR,ERR,ERR,ERR,ERR,ERR,ERR,ERR,ERR,ERR,ERR,ERR,ERR,ERR,ERR,ERR,ERR,ERR,ERR,ERR,ERR,ERR,ERR,ERR,ERR,ERR,ERR,ERR,ERR,ERR,ERR,ERR,ERR,ERR,ERR,ERR,ERR,ERR,ERR,ERR,ERR,ERR,ERR,ERR,ERR,ERR,ERR,ERR,ERR,ERR,ERR,ERR,ERR,ERR,ERR,ERR,ERR,ERR,ERR,ERR,ERR,0.0,0.0,2.718419212228986e+23,2.7183478752108883e+23,0.031,45425050517504.0,-2.7998443476757774e+19,0.0,0,0,4,17315,7116,0.0,100,0.0,0.0,2.7183478752108883e+23,0.0,0.0,0,0,0,0,0.0,0,0,0,0,0,0,0,0,0,0,0,0,0,0,0,0,0,0,0,0,0,0,0,0,0,0,0,0,0,0,0,0,0,31,40,40,71,65476,0,300,0,0,8,21553,0.0,-107605600.0,0.0,0.0,0.0,0.0,0.0,0.0,0.0,0.0,0.0,0.0,0.0,0.0,0.0,0.0,0.0,0.0,0.0,0.0,0.0,0.0,-2.004,-0.0,0.0,0.0,0.0,0.0,0.0,0.0,5742.0,-2.4229945338309333e+24,6941.0,0.0,0.0,2.004,2.004,0.0,0.0,0.0,0.0,69,-71.63,89220.797,0.0,0.0,0.0,0.0,0.0,0.0,0.0,0,0,0,0.0,0.0,0.0,0.0,0.0,0.0,0.0,0.0,0.0,0.0,0.0,0.0,0.0,0.0,0.0,0.0,0,-107875648.0,69,0.0,138,0.0,2.012,ERR,ERR,ERR,ERR,ERR,ERR,ERR,ERR,ERR,ERR,ERR,ERR,ERR,ERR,ERR,ERR,ERR,ERR,ERR,ERR,ERR,ERR,ERR,ERR,ERR,ERR,ERR,ERR,ERR,ERR,ERR,ERR,ERR,ERR,ERR,ERR,ERR,ERR,ERR,ERR,ERR,ERR,ERR,ERR,ERR,ERR,ERR,ERR,ERR,ERR,ERR,ERR,ERR,ERR,ERR,ERR,ERR,ERR,ERR,ERR,ERR,ERR,ERR,ERR,ERR,ERR,ERR,60.0,60.0,35,0.0,0.0,0.0,0.0,0.0,0.0,0.0,0.0,0.0,0.0,0.0,0.0,0.0,0.0,0.0,0.0,65.2,0,145,69,48,65476,0,65476,1,0,4,20529,65476,0,0,2621,60.0,0.0,0.0,0.0,0.0,0.0
2026-07-09T15:27:14,ERR,ERR,ERR,ERR,ERR,ERR,ERR,ERR,ERR,ERR,ERR,ERR,ERR,ERR,ERR,ERR,ERR,ERR,ERR,ERR,ERR,ERR,ERR,ERR,ERR,ERR,ERR,ERR,ERR,ERR,ERR,ERR,ERR,ERR,ERR,ERR,ERR,ERR,ERR,ERR,ERR,ERR,ERR,ERR,ERR,ERR,ERR,ERR,ERR,ERR,ERR,ERR,ERR,ERR,ERR,ERR,ERR,ERR,ERR,ERR,ERR,ERR,ERR,ERR,ERR,ERR,ERR,ERR,ERR,ERR,ERR,ERR,ERR,ERR,ERR,ERR,ERR,ERR,ERR,ERR,ERR,ERR,ERR,ERR,ERR,ERR,ERR,ERR,ERR,ERR,ERR,ERR,ERR,ERR,ERR,ERR,ERR,ERR,ERR,ERR,ERR,ERR,ERR,ERR,ERR,ERR,ERR,ERR,ERR,ERR,ERR,ERR,ERR,ERR,ERR,ERR,ERR,ERR,ERR,ERR,ERR,ERR,ERR,ERR,ERR,0.0,0.0,2.718419212228986e+23,2.7183478752108883e+23,0.031,45425050517504.0,-2.7998443476757774e+19,0.0,0,0,4,17315,7116,0.0,100,0.0,0.0,2.7183478752108883e+23,0.0,0.0,0,0,0,0,0.0,0,0,0,0,0,0,0,0,0,0,0,0,0,0,0,0,0,0,0,0,0,0,0,0,0,0,0,0,0,0,0,0,0,31,40,40,71,65476,0,300,0,0,8,21553,0.0,-107605600.0,0.0,0.0,0.0,0.0,0.0,0.0,0.0,0.0,0.0,0.0,0.0,0.0,0.0,0.0,0.0,0.0,0.0,0.0,0.0,0.0,-2.004,-0.0,0.0,0.0,0.0,0.0,0.0,0.0,5742.0,-2.4229945338309333e+24,6941.0,0.0,0.0,2.004,2.004,0.0,0.0,0.0,0.0,69,-71.63,89220.797,0.0,0.0,0.0,0.0,0.0,0.0,0.0,0,0,0,0.0,0.0,0.0,0.0,0.0,0.0,0.0,0.0,0.0,0.0,0.0,0.0,0.0,0.0,0.0,0.0,0,-107875648.0,69,0.0,138,0.0,2.012,ERR,ERR,ERR,ERR,ERR,ERR,ERR,ERR,ERR,ERR,ERR,ERR,ERR,ERR,ERR,ERR,ERR,ERR,ERR,ERR,ERR,ERR,ERR,ERR,ERR,ERR,ERR,ERR,ERR,ERR,ERR,ERR,ERR,ERR,ERR,ERR,ERR,ERR,ERR,ERR,ERR,ERR,ERR,ERR,ERR,ERR,ERR,ERR,ERR,ERR,ERR,ERR,ERR,ERR,ERR,ERR,ERR,ERR,ERR,ERR,ERR,ERR,ERR,ERR,ERR,ERR,ERR,60.0,60.0,35,0.0,0.0,0.0,0.0,0.0,0.0,0.0,0.0,0.0,0.0,0.0,0.0,0.0,0.0,0.0,0.0,65.2,0,145,69,48,65476,0,65476,1,0,4,20529,65476,0,0,2621,60.0,0.0,0.0,0.0,0.0,0.0
2026-07-09T15:27:15,ERR,ERR,ERR,ERR,ERR,ERR,ERR,ERR,ERR,ERR,ERR,ERR,ERR,ERR,ERR,ERR,ERR,ERR,ERR,ERR,ERR,ERR,ERR,ERR,ERR,ERR,ERR,ERR,ERR,ERR,ERR,ERR,ERR,ERR,ERR,ERR,ERR,ERR,ERR,ERR,ERR,ERR,ERR,ERR,ERR,ERR,ERR,ERR,ERR,ERR,ERR,ERR,ERR,ERR,ERR,ERR,ERR,ERR,ERR,ERR,ERR,ERR,ERR,ERR,ERR,ERR,ERR,ERR,ERR,ERR,ERR,ERR,ERR,ERR,ERR,ERR,ERR,ERR,ERR,ERR,ERR,ERR,ERR,ERR,ERR,ERR,ERR,ERR,ERR,ERR,ERR,ERR,ERR,ERR,ERR,ERR,ERR,ERR,ERR,ERR,ERR,ERR,ERR,ERR,ERR,ERR,ERR,ERR,ERR,ERR,ERR,ERR,ERR,ERR,ERR,ERR,ERR,ERR,ERR,ERR,ERR,ERR,ERR,ERR,ERR,0.0,0.0,2.718419212228986e+23,2.7183478752108883e+23,0.031,45425050517504.0,-2.7998443476757774e+19,0.0,0,0,4,17315,7116,0.0,100,0.0,0.0,2.7183478752108883e+23,0.0,0.0,0,0,0,0,0.0,0,0,0,0,0,0,0,0,0,0,0,0,0,0,0,0,0,0,0,0,0,0,0,0,0,0,0,0,0,0,0,0,0,31,40,40,71,65476,0,300,0,0,8,21553,0.0,-107605600.0,0.0,0.0,0.0,0.0,0.0,0.0,0.0,0.0,0.0,0.0,0.0,0.0,0.0,0.0,0.0,0.0,0.0,0.0,0.0,0.0,-2.004,-0.0,0.0,0.0,0.0,0.0,0.0,0.0,5742.0,-2.4229945338309333e+24,6941.0,0.0,0.0,2.004,2.004,0.0,0.0,0.0,0.0,69,-71.63,89220.797,0.0,0.0,0.0,0.0,0.0,0.0,0.0,0,0,0,0.0,0.0,0.0,0.0,0.0,0.0,0.0,0.0,0.0,0.0,0.0,0.0,0.0,0.0,0.0,0.0,0,-107875648.0,69,0.0,138,0.0,2.012,ERR,ERR,ERR,ERR,ERR,ERR,ERR,ERR,ERR,ERR,ERR,ERR,ERR,ERR,ERR,ERR,ERR,ERR,ERR,ERR,ERR,ERR,ERR,ERR,ERR,ERR,ERR,ERR,ERR,ERR,ERR,ERR,ERR,ERR,ERR,ERR,ERR,ERR,ERR,ERR,ERR,ERR,ERR,ERR,ERR,ERR,ERR,ERR,ERR,ERR,ERR,ERR,ERR,ERR,ERR,ERR,ERR,ERR,ERR,ERR,ERR,ERR,ERR,ERR,ERR,ERR,ERR,60.0,60.0,35,0.0,0.0,0.0,0.0,0.0,0.0,0.0,0.0,0.0,0.0,0.0,0.0,0.0,0.0,0.0,0.0,65.2,0,145,69,48,65476,0,65476,1,0,4,20529,65476,0,0,2621,60.0,0.0,0.0,0.0,0.0,0.0
2026-07-09T15:27:16,ERR,ERR,ERR,ERR,ERR,ERR,ERR,ERR,ERR,ERR,ERR,ERR,ERR,ERR,ERR,ERR,ERR,ERR,ERR,ERR,ERR,ERR,ERR,ERR,ERR,ERR,ERR,ERR,ERR,ERR,ERR,ERR,ERR,ERR,ERR,ERR,ERR,ERR,ERR,ERR,ERR,ERR,ERR,ERR,ERR,ERR,ERR,ERR,ERR,ERR,ERR,ERR,ERR,ERR,ERR,ERR,ERR,ERR,ERR,ERR,ERR,ERR,ERR,ERR,ERR,ERR,ERR,ERR,ERR,ERR,ERR,ERR,ERR,ERR,ERR,ERR,ERR,ERR,ERR,ERR,ERR,ERR,ERR,ERR,ERR,ERR,ERR,ERR,ERR,ERR,ERR,ERR,ERR,ERR,ERR,ERR,ERR,ERR,ERR,ERR,ERR,ERR,ERR,ERR,ERR,ERR,ERR,ERR,ERR,ERR,ERR,ERR,ERR,ERR,ERR,ERR,ERR,ERR,ERR,ERR,ERR,ERR,ERR,ERR,ERR,0.0,0.0,2.718419212228986e+23,2.7183478752108883e+23,0.031,45425050517504.0,-2.7998443476757774e+19,0.0,0,0,4,17315,7116,0.0,100,0.0,0.0,2.7183478752108883e+23,0.0,0.0,0,0,0,0,0.0,0,0,0,0,0,0,0,0,0,0,0,0,0,0,0,0,0,0,0,0,0,0,0,0,0,0,0,0,0,0,0,0,0,31,40,40,71,65476,0,300,0,0,8,21553,0.0,-107605600.0,0.0,0.0,0.0,0.0,0.0,0.0,0.0,0.0,0.0,0.0,0.0,0.0,0.0,0.0,0.0,0.0,0.0,0.0,0.0,0.0,-2.004,-0.0,0.0,0.0,0.0,0.0,0.0,0.0,5742.0,-2.4229945338309333e+24,6941.0,0.0,0.0,2.004,2.004,0.0,0.0,0.0,0.0,69,-71.63,89220.797,0.0,0.0,0.0,0.0,0.0,0.0,0.0,0,0,0,0.0,0.0,0.0,0.0,0.0,0.0,0.0,0.0,0.0,0.0,0.0,0.0,0.0,0.0,0.0,0.0,0,-107875648.0,69,0.0,138,0.0,2.012,ERR,ERR,ERR,ERR,ERR,ERR,ERR,ERR,ERR,ERR,ERR,ERR,ERR,ERR,ERR,ERR,ERR,ERR,ERR,ERR,ERR,ERR,ERR,ERR,ERR,ERR,ERR,ERR,ERR,ERR,ERR,ERR,ERR,ERR,ERR,ERR,ERR,ERR,ERR,ERR,ERR,ERR,ERR,ERR,ERR,ERR,ERR,ERR,ERR,ERR,ERR,ERR,ERR,ERR,ERR,ERR,ERR,ERR,ERR,ERR,ERR,ERR,ERR,ERR,ERR,ERR,ERR,60.0,60.0,35,0.0,0.0,0.0,0.0,0.0,0.0,0.0,0.0,0.0,0.0,0.0,0.0,0.0,0.0,0.0,0.0,65.2,0,145,69,48,65476,0,65476,1,0,4,20529,65476,0,0,2621,60.0,0.0,0.0,0.0,0.0,0.0
2026-07-09T15:27:17,ERR,ERR,ERR,ERR,ERR,ERR,ERR,ERR,ERR,ERR,ERR,ERR,ERR,ERR,ERR,ERR,ERR,ERR,ERR,ERR,ERR,ERR,ERR,ERR,ERR,ERR,ERR,ERR,ERR,ERR,ERR,ERR,ERR,ERR,ERR,ERR,ERR,ERR,ERR,ERR,ERR,ERR,ERR,ERR,ERR,ERR,ERR,ERR,ERR,ERR,ERR,ERR,ERR,ERR,ERR,ERR,ERR,ERR,ERR,ERR,ERR,ERR,ERR,ERR,ERR,ERR,ERR,ERR,ERR,ERR,ERR,ERR,ERR,ERR,ERR,ERR,ERR,ERR,ERR,ERR,ERR,ERR,ERR,ERR,ERR,ERR,ERR,ERR,ERR,ERR,ERR,ERR,ERR,ERR,ERR,ERR,ERR,ERR,ERR,ERR,ERR,ERR,ERR,ERR,ERR,ERR,ERR,ERR,ERR,ERR,ERR,ERR,ERR,ERR,ERR,ERR,ERR,ERR,ERR,ERR,ERR,ERR,ERR,ERR,ERR,0.0,0.0,2.718419212228986e+23,2.7183478752108883e+23,0.031,45425050517504.0,-2.7998443476757774e+19,0.0,0,0,4,17315,7116,0.0,100,0.0,0.0,2.7183478752108883e+23,0.0,0.0,0,0,0,0,0.0,0,0,0,0,0,0,0,0,0,0,0,0,0,0,0,0,0,0,0,0,0,0,0,0,0,0,0,0,0,0,0,0,0,31,40,40,71,65476,0,300,0,0,8,21553,0.0,-107605600.0,0.0,0.0,0.0,0.0,0.0,0.0,0.0,0.0,0.0,0.0,0.0,0.0,0.0,0.0,0.0,0.0,0.0,0.0,0.0,0.0,-2.004,-0.0,0.0,0.0,0.0,0.0,0.0,0.0,5742.0,-2.4229945338309333e+24,6941.0,0.0,0.0,2.004,2.004,0.0,0.0,0.0,0.0,69,-71.63,89220.797,0.0,0.0,0.0,0.0,0.0,0.0,0.0,0,0,0,0.0,0.0,0.0,0.0,0.0,0.0,0.0,0.0,0.0,0.0,0.0,0.0,0.0,0.0,0.0,0.0,0,-107875648.0,69,0.0,138,0.0,2.012,ERR,ERR,ERR,ERR,ERR,ERR,ERR,ERR,ERR,ERR,ERR,ERR,ERR,ERR,ERR,ERR,ERR,ERR,ERR,ERR,ERR,ERR,ERR,ERR,ERR,ERR,ERR,ERR,ERR,ERR,ERR,ERR,ERR,ERR,ERR,ERR,ERR,ERR,ERR,ERR,ERR,ERR,ERR,ERR,ERR,ERR,ERR,ERR,ERR,ERR,ERR,ERR,ERR,ERR,ERR,ERR,ERR,ERR,ERR,ERR,ERR,ERR,ERR,ERR,ERR,ERR,ERR,60.0,60.0,35,0.0,0.0,0.0,0.0,0.0,0.0,0.0,0.0,0.0,0.0,0.0,0.0,0.0,0.0,0.0,0.0,65.2,0,145,69,48,65476,0,65476,1,0,4,20529,65476,0,0,2621,60.0,0.0,0.0,0.0,0.0,0.0
2026-07-09T15:27:18,ERR,ERR,ERR,ERR,ERR,ERR,ERR,ERR,ERR,ERR,ERR,ERR,ERR,ERR,ERR,ERR,ERR,ERR,ERR,ERR,ERR,ERR,ERR,ERR,ERR,ERR,ERR,ERR,ERR,ERR,ERR,ERR,ERR,ERR,ERR,ERR,ERR,ERR,ERR,ERR,ERR,ERR,ERR,ERR,ERR,ERR,ERR,ERR,ERR,ERR,ERR,ERR,ERR,ERR,ERR,ERR,ERR,ERR,ERR,ERR,ERR,ERR,ERR,ERR,ERR,ERR,ERR,ERR,ERR,ERR,ERR,ERR,ERR,ERR,ERR,ERR,ERR,ERR,ERR,ERR,ERR,ERR,ERR,ERR,ERR,ERR,ERR,ERR,ERR,ERR,ERR,ERR,ERR,ERR,ERR,ERR,ERR,ERR,ERR,ERR,ERR,ERR,ERR,ERR,ERR,ERR,ERR,ERR,ERR,ERR,ERR,ERR,ERR,ERR,ERR,ERR,ERR,ERR,ERR,ERR,ERR,ERR,ERR,ERR,ERR,0.0,0.0,2.718419212228986e+23,2.7183478752108883e+23,0.031,-8.043097469551131e+22,198218025533440.0,-0.0,0,0,4,17312,7116,0.0,100,0.0,0.0,2.7183478752108883e+23,0.0,0.0,0,0,0,0,0.0,0,0,0,0,0,0,0,0,0,0,0,0,0,0,0,0,0,0,0,0,0,0,0,0,0,0,0,0,0,0,0,0,0,31,40,40,71,65476,0,300,0,0,8,21553,0.0,-107605600.0,0.0,0.0,0.0,0.0,0.0,0.0,0.0,0.0,0.0,0.0,0.0,0.0,0.0,0.0,0.0,0.0,0.0,0.0,0.0,0.0,-2.004,-0.0,0.0,0.0,0.0,0.0,0.0,0.0,5739.0,3.697196249131673e+19,6924.0,0.0,2.7184455132508097e+23,2.004,2.004,0.0,0.0,0.0,0.0,69,-3.2220190003785525e+26,-0.0,0.0,0.0,0.0,0.0,0.0,0.0,0.0,0,0,0,0.0,0.0,0.0,0.0,0.0,0.0,0.0,0.0,0.0,0.0,0.0,0.0,0.0,0.0,0.0,0.0,0,-107875648.0,69,0.0,138,0.0,2.012,ERR,ERR,ERR,ERR,ERR,ERR,ERR,ERR,ERR,ERR,ERR,ERR,ERR,ERR,ERR,ERR,ERR,ERR,ERR,ERR,ERR,ERR,ERR,ERR,ERR,ERR,ERR,ERR,ERR,ERR,ERR,ERR,ERR,ERR,ERR,ERR,ERR,ERR,ERR,ERR,ERR,ERR,ERR,ERR,ERR,ERR,ERR,ERR,ERR,ERR,ERR,ERR,ERR,ERR,ERR,ERR,ERR,ERR,ERR,ERR,ERR,ERR,ERR,ERR,ERR,ERR,ERR,60.0,60.0,35,0.0,0.0,0.0,0.0,0.0,0.0,0.0,0.0,0.0,0.0,0.0,0.0,0.0,0.0,0.0,0.0,65.2,0,145,69,48,65476,0,65476,1,0,4,20529,65476,0,0,2621,60.0,0.0,0.0,0.0,0.0,0.0
2026-07-09T15:27:19,ERR,ERR,ERR,ERR,ERR,ERR,ERR,ERR,ERR,ERR,ERR,ERR,ERR,ERR,ERR,ERR,ERR,ERR,ERR,ERR,ERR,ERR,ERR,ERR,ERR,ERR,ERR,ERR,ERR,ERR,ERR,ERR,ERR,ERR,ERR,ERR,ERR,ERR,ERR,ERR,ERR,ERR,ERR,ERR,ERR,ERR,ERR,ERR,ERR,ERR,ERR,ERR,ERR,ERR,ERR,ERR,ERR,ERR,ERR,ERR,ERR,ERR,ERR,ERR,ERR,ERR,ERR,ERR,ERR,ERR,ERR,ERR,ERR,ERR,ERR,ERR,ERR,ERR,ERR,ERR,ERR,ERR,ERR,ERR,ERR,ERR,ERR,ERR,ERR,ERR,ERR,ERR,ERR,ERR,ERR,ERR,ERR,ERR,ERR,ERR,ERR,ERR,ERR,ERR,ERR,ERR,ERR,ERR,ERR,ERR,ERR,ERR,ERR,ERR,ERR,ERR,ERR,ERR,ERR,ERR,ERR,ERR,ERR,ERR,ERR,0.0,0.0,2.718419212228986e+23,2.7183478752108883e+23,0.031,-8.043097469551131e+22,198218025533440.0,-0.0,0,0,4,17312,7116,0.0,100,0.0,0.0,2.7183478752108883e+23,0.0,0.0,0,0,0,0,0.0,0,0,0,0,0,0,0,0,0,0,0,0,0,0,0,0,0,0,0,0,0,0,0,0,0,0,0,0,0,0,0,0,0,31,40,40,71,65476,0,300,0,0,8,21553,0.0,-107605600.0,0.0,0.0,0.0,0.0,0.0,0.0,0.0,0.0,0.0,0.0,0.0,0.0,0.0,0.0,0.0,0.0,0.0,0.0,0.0,0.0,-2.004,-0.0,0.0,0.0,0.0,0.0,0.0,0.0,5739.0,3.697196249131673e+19,6924.0,0.0,2.7184455132508097e+23,2.004,2.004,0.0,0.0,0.0,0.0,69,-3.2220190003785525e+26,-0.0,0.0,0.0,0.0,0.0,0.0,0.0,0.0,0,0,0,0.0,0.0,0.0,0.0,0.0,0.0,0.0,0.0,0.0,0.0,0.0,0.0,0.0,0.0,0.0,0.0,0,-107875648.0,69,0.0,138,0.0,2.012,ERR,ERR,ERR,ERR,ERR,ERR,ERR,ERR,ERR,ERR,ERR,ERR,ERR,ERR,ERR,ERR,ERR,ERR,ERR,ERR,ERR,ERR,ERR,ERR,ERR,ERR,ERR,ERR,ERR,ERR,ERR,ERR,ERR,ERR,ERR,ERR,ERR,ERR,ERR,ERR,ERR,ERR,ERR,ERR,ERR,ERR,ERR,ERR,ERR,ERR,ERR,ERR,ERR,ERR,ERR,ERR,ERR,ERR,ERR,ERR,ERR,ERR,ERR,ERR,ERR,ERR,ERR,60.0,60.0,35,0.0,0.0,0.0,0.0,0.0,0.0,0.0,0.0,0.0,0.0,0.0,0.0,0.0,0.0,0.0,0.0,65.2,0,146,69,49,65476,0,65476,1,0,4,20529,65476,0,0,2621,60.0,0.0,0.0,0.0,0.0,0.0
2026-07-09T15:27:20,ERR,ERR,ERR,ERR,ERR,ERR,ERR,ERR,ERR,ERR,ERR,ERR,ERR,ERR,ERR,ERR,ERR,ERR,ERR,ERR,ERR,ERR,ERR,ERR,ERR,ERR,ERR,ERR,ERR,ERR,ERR,ERR,ERR,ERR,ERR,ERR,ERR,ERR,ERR,ERR,ERR,ERR,ERR,ERR,ERR,ERR,ERR,ERR,ERR,ERR,ERR,ERR,ERR,ERR,ERR,ERR,ERR,ERR,ERR,ERR,ERR,ERR,ERR,ERR,ERR,ERR,ERR,ERR,ERR,ERR,ERR,ERR,ERR,ERR,ERR,ERR,ERR,ERR,ERR,ERR,ERR,ERR,ERR,ERR,ERR,ERR,ERR,ERR,ERR,ERR,ERR,ERR,ERR,ERR,ERR,ERR,ERR,ERR,ERR,ERR,ERR,ERR,ERR,ERR,ERR,ERR,ERR,ERR,ERR,ERR,ERR,ERR,ERR,ERR,ERR,ERR,ERR,ERR,ERR,ERR,ERR,ERR,ERR,ERR,ERR,0.0,0.0,2.718419212228986e+23,2.7183478752108883e+23,0.031,-8.043097469551131e+22,198218025533440.0,-0.0,0,0,4,17312,7116,0.0,100,0.0,0.0,2.7183478752108883e+23,0.0,0.0,0,0,0,0,0.0,0,0,0,0,0,0,0,0,0,0,0,0,0,0,0,0,0,0,0,0,0,0,0,0,0,0,0,0,0,0,0,0,0,31,40,40,71,65476,0,300,0,0,8,21553,0.0,-107605600.0,0.0,0.0,0.0,0.0,0.0,0.0,0.0,0.0,0.0,0.0,0.0,0.0,0.0,0.0,0.0,0.0,0.0,0.0,0.0,0.0,-2.004,-0.0,0.0,0.0,0.0,0.0,0.0,0.0,5739.0,3.697196249131673e+19,6924.0,0.0,2.7184455132508097e+23,2.004,2.004,0.0,0.0,0.0,0.0,69,-3.2220190003785525e+26,-0.0,0.0,0.0,0.0,0.0,0.0,0.0,0.0,0,0,0,0.0,0.0,0.0,0.0,0.0,0.0,0.0,0.0,0.0,0.0,0.0,0.0,0.0,0.0,0.0,0.0,0,-107875648.0,69,0.0,138,0.0,2.012,ERR,ERR,ERR,ERR,ERR,ERR,ERR,ERR,ERR,ERR,ERR,ERR,ERR,ERR,ERR,ERR,ERR,ERR,ERR,ERR,ERR,ERR,ERR,ERR,ERR,ERR,ERR,ERR,ERR,ERR,ERR,ERR,ERR,ERR,ERR,ERR,ERR,ERR,ERR,ERR,ERR,ERR,ERR,ERR,ERR,ERR,ERR,ERR,ERR,ERR,ERR,ERR,ERR,ERR,ERR,ERR,ERR,ERR,ERR,ERR,ERR,ERR,ERR,ERR,ERR,ERR,ERR,60.0,60.0,35,0.0,0.0,0.0,0.0,0.0,0.0,0.0,0.0,0.0,0.0,0.0,0.0,0.0,0.0,0.0,0.0,65.2,0,146,69,49,65476,0,65476,1,0,4,20529,65476,0,0,2621,60.0,0.0,0.0,0.0,0.0,0.0
2026-07-09T15:27:21,ERR,ERR,ERR,ERR,ERR,ERR,ERR,ERR,ERR,ERR,ERR,ERR,ERR,ERR,ERR,ERR,ERR,ERR,ERR,ERR,ERR,ERR,ERR,ERR,ERR,ERR,ERR,ERR,ERR,ERR,ERR,ERR,ERR,ERR,ERR,ERR,ERR,ERR,ERR,ERR,ERR,ERR,ERR,ERR,ERR,ERR,ERR,ERR,ERR,ERR,ERR,ERR,ERR,ERR,ERR,ERR,ERR,ERR,ERR,ERR,ERR,ERR,ERR,ERR,ERR,ERR,ERR,ERR,ERR,ERR,ERR,ERR,ERR,ERR,ERR,ERR,ERR,ERR,ERR,ERR,ERR,ERR,ERR,ERR,ERR,ERR,ERR,ERR,ERR,ERR,ERR,ERR,ERR,ERR,ERR,ERR,ERR,ERR,ERR,ERR,ERR,ERR,ERR,ERR,ERR,ERR,ERR,ERR,ERR,ERR,ERR,ERR,ERR,ERR,ERR,ERR,ERR,ERR,ERR,ERR,ERR,ERR,ERR,ERR,ERR,0.0,0.0,2.718419212228986e+23,2.7183478752108883e+23,0.031,-8.043097469551131e+22,198218025533440.0,-0.0,0,0,4,17312,7116,0.0,100,0.0,0.0,2.7183478752108883e+23,0.0,0.0,0,0,0,0,0.0,0,0,0,0,0,0,0,0,0,0,0,0,0,0,0,0,0,0,0,0,0,0,0,0,0,0,0,0,0,0,0,0,0,31,40,40,71,65476,0,300,0,0,8,21553,0.0,-107605600.0,0.0,0.0,0.0,0.0,0.0,0.0,0.0,0.0,0.0,0.0,0.0,0.0,0.0,0.0,0.0,0.0,0.0,0.0,0.0,0.0,-2.004,-0.0,0.0,0.0,0.0,0.0,0.0,0.0,5739.0,3.697196249131673e+19,6924.0,0.0,2.7184455132508097e+23,2.004,2.004,0.0,0.0,0.0,0.0,69,-3.2220190003785525e+26,-0.0,0.0,0.0,0.0,0.0,0.0,0.0,0.0,0,0,0,0.0,0.0,0.0,0.0,0.0,0.0,0.0,0.0,0.0,0.0,0.0,0.0,0.0,0.0,0.0,0.0,0,-107875648.0,69,0.0,138,0.0,2.012,ERR,ERR,ERR,ERR,ERR,ERR,ERR,ERR,ERR,ERR,ERR,ERR,ERR,ERR,ERR,ERR,ERR,ERR,ERR,ERR,ERR,ERR,ERR,ERR,ERR,ERR,ERR,ERR,ERR,ERR,ERR,ERR,ERR,ERR,ERR,ERR,ERR,ERR,ERR,ERR,ERR,ERR,ERR,ERR,ERR,ERR,ERR,ERR,ERR,ERR,ERR,ERR,ERR,ERR,ERR,ERR,ERR,ERR,ERR,ERR,ERR,ERR,ERR,ERR,ERR,ERR,ERR,60.0,60.0,35,0.0,0.0,0.0,0.0,0.0,0.0,0.0,0.0,0.0,0.0,0.0,0.0,0.0,0.0,0.0,0.0,65.2,0,146,69,49,65476,0,65476,1,0,4,20529,65476,0,0,2621,60.0,0.0,0.0,0.0,0.0,0.0
2026-07-09T15:27:22,ERR,ERR,ERR,ERR,ERR,ERR,ERR,ERR,ERR,ERR,ERR,ERR,ERR,ERR,ERR,ERR,ERR,ERR,ERR,ERR,ERR,ERR,ERR,ERR,ERR,ERR,ERR,ERR,ERR,ERR,ERR,ERR,ERR,ERR,ERR,ERR,ERR,ERR,ERR,ERR,ERR,ERR,ERR,ERR,ERR,ERR,ERR,ERR,ERR,ERR,ERR,ERR,ERR,ERR,ERR,ERR,ERR,ERR,ERR,ERR,ERR,ERR,ERR,ERR,ERR,ERR,ERR,ERR,ERR,ERR,ERR,ERR,ERR,ERR,ERR,ERR,ERR,ERR,ERR,ERR,ERR,ERR,ERR,ERR,ERR,ERR,ERR,ERR,ERR,ERR,ERR,ERR,ERR,ERR,ERR,ERR,ERR,ERR,ERR,ERR,ERR,ERR,ERR,ERR,ERR,ERR,ERR,ERR,ERR,ERR,ERR,ERR,ERR,ERR,ERR,ERR,ERR,ERR,ERR,ERR,ERR,ERR,ERR,ERR,ERR,0.0,0.0,2.718419212228986e+23,2.7183478752108883e+23,0.031,-8.043097469551131e+22,198218025533440.0,-0.0,0,0,4,17312,7116,0.0,100,0.0,0.0,2.7183478752108883e+23,0.0,0.0,0,0,0,0,0.0,0,0,0,0,0,0,0,0,0,0,0,0,0,0,0,0,0,0,0,0,0,0,0,0,0,0,0,0,0,0,0,0,0,31,40,40,71,65476,0,300,0,0,8,21553,0.0,-107605600.0,0.0,0.0,0.0,0.0,0.0,0.0,0.0,0.0,0.0,0.0,0.0,0.0,0.0,0.0,0.0,0.0,0.0,0.0,0.0,0.0,-2.004,-0.0,0.0,0.0,0.0,0.0,0.0,0.0,5739.0,3.697196249131673e+19,6924.0,0.0,2.7184455132508097e+23,2.004,2.004,0.0,0.0,0.0,0.0,69,-3.2220190003785525e+26,-0.0,0.0,0.0,0.0,0.0,0.0,0.0,0.0,0,0,0,0.0,0.0,0.0,0.0,0.0,0.0,0.0,0.0,0.0,0.0,0.0,0.0,0.0,0.0,0.0,0.0,0,-107875648.0,69,0.0,138,0.0,2.012,ERR,ERR,ERR,ERR,ERR,ERR,ERR,ERR,ERR,ERR,ERR,ERR,ERR,ERR,ERR,ERR,ERR,ERR,ERR,ERR,ERR,ERR,ERR,ERR,ERR,ERR,ERR,ERR,ERR,ERR,ERR,ERR,ERR,ERR,ERR,ERR,ERR,ERR,ERR,ERR,ERR,ERR,ERR,ERR,ERR,ERR,ERR,ERR,ERR,ERR,ERR,ERR,ERR,ERR,ERR,ERR,ERR,ERR,ERR,ERR,ERR,ERR,ERR,ERR,ERR,ERR,ERR,60.0,60.0,35,0.0,0.0,0.0,0.0,0.0,0.0,0.0,0.0,0.0,0.0,0.0,0.0,0.0,0.0,0.0,0.0,65.2,0,146,69,49,65476,0,65476,1,0,4,20529,65476,0,0,2621,60.0,0.0,0.0,0.0,0.0,0.0
2026-07-09T15:27:23,ERR,ERR,ERR,ERR,ERR,ERR,ERR,ERR,ERR,ERR,ERR,ERR,ERR,ERR,ERR,ERR,ERR,ERR,ERR,ERR,ERR,ERR,ERR,ERR,ERR,ERR,ERR,ERR,ERR,ERR,ERR,ERR,ERR,ERR,ERR,ERR,ERR,ERR,ERR,ERR,ERR,ERR,ERR,ERR,ERR,ERR,ERR,ERR,ERR,ERR,ERR,ERR,ERR,ERR,ERR,ERR,ERR,ERR,ERR,ERR,ERR,ERR,ERR,ERR,ERR,ERR,ERR,ERR,ERR,ERR,ERR,ERR,ERR,ERR,ERR,ERR,ERR,ERR,ERR,ERR,ERR,ERR,ERR,ERR,ERR,ERR,ERR,ERR,ERR,ERR,ERR,ERR,ERR,ERR,ERR,ERR,ERR,ERR,ERR,ERR,ERR,ERR,ERR,ERR,ERR,ERR,ERR,ERR,ERR,ERR,ERR,ERR,ERR,ERR,ERR,ERR,ERR,ERR,ERR,ERR,ERR,ERR,ERR,ERR,ERR,0.0,0.0,2.718419212228986e+23,2.7183478752108883e+23,0.031,5.712521217604188e+31,-588369600.0,0.0,0,0,4,17312,7116,0.0,100,0.0,0.0,2.7183478752108883e+23,0.0,0.0,0,0,0,0,0.0,0,0,0,0,0,0,0,0,0,0,0,0,0,0,0,0,0,0,0,0,0,0,0,0,0,0,0,0,0,0,0,0,0,31,40,40,71,65476,0,300,0,0,8,21553,0.0,-107605600.0,0.0,0.0,0.0,0.0,0.0,0.0,0.0,0.0,0.0,0.0,0.0,0.0,0.0,0.0,0.0,0.0,0.0,0.0,0.0,0.0,-2.004,-2.004,0.0,0.0,0.0,0.0,0.0,0.0,5704.0,-131350.781,6937.0,0.0,2.7184455132508097e+23,2.004,2.004,0.0,0.0,0.0,0.0,69,0.0,-152017750196224.0,0.0,0.0,0.0,0.0,0.0,0.0,0.0,0,0,0,0.0,0.0,0.0,0.0,0.0,0.0,0.0,0.0,0.0,0.0,0.0,0.0,0.0,0.0,0.0,0.0,0,-107875648.0,69,0.0,138,0.0,2.012,ERR,ERR,ERR,ERR,ERR,ERR,ERR,ERR,ERR,ERR,ERR,ERR,ERR,ERR,ERR,ERR,ERR,ERR,ERR,ERR,ERR,ERR,ERR,ERR,ERR,ERR,ERR,ERR,ERR,ERR,ERR,ERR,ERR,ERR,ERR,ERR,ERR,ERR,ERR,ERR,ERR,ERR,ERR,ERR,ERR,ERR,ERR,ERR,ERR,ERR,ERR,ERR,ERR,ERR,ERR,ERR,ERR,ERR,ERR,ERR,ERR,ERR,ERR,ERR,ERR,ERR,ERR,60.0,60.0,35,0.0,0.0,0.0,0.0,0.0,0.0,0.0,0.0,0.0,0.0,0.0,0.0,0.0,0.0,0.0,0.0,65.2,0,146,69,49,65476,0,65476,1,0,4,20529,65476,0,0,2621,60.0,0.0,0.0,0.0,0.0,0.0
2026-07-09T15:27:24,ERR,ERR,ERR,ERR,ERR,ERR,ERR,ERR,ERR,ERR,ERR,ERR,ERR,ERR,ERR,ERR,ERR,ERR,ERR,ERR,ERR,ERR,ERR,ERR,ERR,ERR,ERR,ERR,ERR,ERR,ERR,ERR,ERR,ERR,ERR,ERR,ERR,ERR,ERR,ERR,ERR,ERR,ERR,ERR,ERR,ERR,ERR,ERR,ERR,ERR,ERR,ERR,ERR,ERR,ERR,ERR,ERR,ERR,ERR,ERR,ERR,ERR,ERR,ERR,ERR,ERR,ERR,ERR,ERR,ERR,ERR,ERR,ERR,ERR,ERR,ERR,ERR,ERR,ERR,ERR,ERR,ERR,ERR,ERR,ERR,ERR,ERR,ERR,ERR,ERR,ERR,ERR,ERR,ERR,ERR,ERR,ERR,ERR,ERR,ERR,ERR,ERR,ERR,ERR,ERR,ERR,ERR,ERR,ERR,ERR,ERR,ERR,ERR,ERR,ERR,ERR,ERR,ERR,ERR,ERR,ERR,ERR,ERR,ERR,ERR,0.0,0.0,2.718419212228986e+23,2.7183478752108883e+23,0.031,5.712521217604188e+31,-588369600.0,0.0,0,0,4,17312,7116,0.0,100,0.0,0.0,2.7183478752108883e+23,0.0,0.0,0,0,0,0,0.0,0,0,0,0,0,0,0,0,0,0,0,0,0,0,0,0,0,0,0,0,0,0,0,0,0,0,0,0,0,0,0,0,0,31,40,40,71,65476,0,300,0,0,8,21553,0.0,-107605600.0,0.0,0.0,0.0,0.0,0.0,0.0,0.0,0.0,0.0,0.0,0.0,0.0,0.0,0.0,0.0,0.0,0.0,0.0,0.0,0.0,-2.004,-2.004,0.0,0.0,0.0,0.0,0.0,0.0,5704.0,-131350.781,6937.0,0.0,2.7184455132508097e+23,2.004,2.004,0.0,0.0,0.0,0.0,69,0.0,-152017750196224.0,0.0,0.0,0.0,0.0,0.0,0.0,0.0,0,0,0,0.0,0.0,0.0,0.0,0.0,0.0,0.0,0.0,0.0,0.0,0.0,0.0,0.0,0.0,0.0,0.0,0,-107875648.0,69,0.0,138,0.0,2.012,ERR,ERR,ERR,ERR,ERR,ERR,ERR,ERR,ERR,ERR,ERR,ERR,ERR,ERR,ERR,ERR,ERR,ERR,ERR,ERR,ERR,ERR,ERR,ERR,ERR,ERR,ERR,ERR,ERR,ERR,ERR,ERR,ERR,ERR,ERR,ERR,ERR,ERR,ERR,ERR,ERR,ERR,ERR,ERR,ERR,ERR,ERR,ERR,ERR,ERR,ERR,ERR,ERR,ERR,ERR,ERR,ERR,ERR,ERR,ERR,ERR,ERR,ERR,ERR,ERR,ERR,ERR,60.0,60.0,35,0.0,0.0,0.0,0.0,0.0,0.0,0.0,0.0,0.0,0.0,0.0,0.0,0.0,0.0,0.0,0.0,65.2,0,146,69,49,65476,0,65476,1,0,4,20529,65476,0,0,2621,60.0,0.0,0.0,0.0,0.0,0.0
2026-07-09T15:27:25,ERR,ERR,ERR,ERR,ERR,ERR,ERR,ERR,ERR,ERR,ERR,ERR,ERR,ERR,ERR,ERR,ERR,ERR,ERR,ERR,ERR,ERR,ERR,ERR,ERR,ERR,ERR,ERR,ERR,ERR,ERR,ERR,ERR,ERR,ERR,ERR,ERR,ERR,ERR,ERR,ERR,ERR,ERR,ERR,ERR,ERR,ERR,ERR,ERR,ERR,ERR,ERR,ERR,ERR,ERR,ERR,ERR,ERR,ERR,ERR,ERR,ERR,ERR,ERR,ERR,ERR,ERR,ERR,ERR,ERR,ERR,ERR,ERR,ERR,ERR,ERR,ERR,ERR,ERR,ERR,ERR,ERR,ERR,ERR,ERR,ERR,ERR,ERR,ERR,ERR,ERR,ERR,ERR,ERR,ERR,ERR,ERR,ERR,ERR,ERR,ERR,ERR,ERR,ERR,ERR,ERR,ERR,ERR,ERR,ERR,ERR,ERR,ERR,ERR,ERR,ERR,ERR,ERR,ERR,ERR,ERR,ERR,ERR,ERR,ERR,0.0,0.0,2.718419212228986e+23,2.7183478752108883e+23,0.031,5.712521217604188e+31,-588369600.0,0.0,0,0,4,17312,7116,0.0,100,0.0,0.0,2.7183478752108883e+23,0.0,0.0,0,0,0,0,0.0,0,0,0,0,0,0,0,0,0,0,0,0,0,0,0,0,0,0,0,0,0,0,0,0,0,0,0,0,0,0,0,0,0,31,40,40,71,65476,0,300,0,0,8,21553,0.0,-107605600.0,0.0,0.0,0.0,0.0,0.0,0.0,0.0,0.0,0.0,0.0,0.0,0.0,0.0,0.0,0.0,0.0,0.0,0.0,0.0,0.0,-2.004,-2.004,0.0,0.0,0.0,0.0,0.0,0.0,5704.0,-131350.781,6937.0,0.0,2.7184455132508097e+23,2.004,2.004,0.0,0.0,0.0,0.0,69,0.0,-152017750196224.0,0.0,0.0,0.0,0.0,0.0,0.0,0.0,0,0,0,0.0,0.0,0.0,0.0,0.0,0.0,0.0,0.0,0.0,0.0,0.0,0.0,0.0,0.0,0.0,0.0,0,-107875648.0,69,0.0,138,0.0,2.012,ERR,ERR,ERR,ERR,ERR,ERR,ERR,ERR,ERR,ERR,ERR,ERR,ERR,ERR,ERR,ERR,ERR,ERR,ERR,ERR,ERR,ERR,ERR,ERR,ERR,ERR,ERR,ERR,ERR,ERR,ERR,ERR,ERR,ERR,ERR,ERR,ERR,ERR,ERR,ERR,ERR,ERR,ERR,ERR,ERR,ERR,ERR,ERR,ERR,ERR,ERR,ERR,ERR,ERR,ERR,ERR,ERR,ERR,ERR,ERR,ERR,ERR,ERR,ERR,ERR,ERR,ERR,60.0,60.0,35,0.0,0.0,0.0,0.0,0.0,0.0,0.0,0.0,0.0,0.0,0.0,0.0,0.0,0.0,0.0,0.0,65.2,0,146,69,49,65476,0,65476,1,0,4,20529,65476,0,0,2621,60.0,0.0,0.0,0.0,0.0,0.0
2026-07-09T15:27:26,ERR,ERR,ERR,ERR,ERR,ERR,ERR,ERR,ERR,ERR,ERR,ERR,ERR,ERR,ERR,ERR,ERR,ERR,ERR,ERR,ERR,ERR,ERR,ERR,ERR,ERR,ERR,ERR,ERR,ERR,ERR,ERR,ERR,ERR,ERR,ERR,ERR,ERR,ERR,ERR,ERR,ERR,ERR,ERR,ERR,ERR,ERR,ERR,ERR,ERR,ERR,ERR,ERR,ERR,ERR,ERR,ERR,ERR,ERR,ERR,ERR,ERR,ERR,ERR,ERR,ERR,ERR,ERR,ERR,ERR,ERR,ERR,ERR,ERR,ERR,ERR,ERR,ERR,ERR,ERR,ERR,ERR,ERR,ERR,ERR,ERR,ERR,ERR,ERR,ERR,ERR,ERR,ERR,ERR,ERR,ERR,ERR,ERR,ERR,ERR,ERR,ERR,ERR,ERR,ERR,ERR,ERR,ERR,ERR,ERR,ERR,ERR,ERR,ERR,ERR,ERR,ERR,ERR,ERR,ERR,ERR,ERR,ERR,ERR,ERR,0.0,0.0,2.718419212228986e+23,2.7183478752108883e+23,0.031,5.712521217604188e+31,-588369600.0,0.0,0,0,4,17312,7116,0.0,100,0.0,0.0,2.7183478752108883e+23,0.0,0.0,0,0,0,0,0.0,0,0,0,0,0,0,0,0,0,0,0,0,0,0,0,0,0,0,0,0,0,0,0,0,0,0,0,0,0,0,0,0,0,31,40,40,71,65476,0,300,0,0,8,21553,0.0,-107605600.0,0.0,0.0,0.0,0.0,0.0,0.0,0.0,0.0,0.0,0.0,0.0,0.0,0.0,0.0,0.0,0.0,0.0,0.0,0.0,0.0,-2.004,-2.004,0.0,0.0,0.0,0.0,0.0,0.0,5704.0,-131350.781,6937.0,0.0,2.7184455132508097e+23,2.004,2.004,0.0,0.0,0.0,0.0,69,0.0,-152017750196224.0,0.0,0.0,0.0,0.0,0.0,0.0,0.0,0,0,0,0.0,0.0,0.0,0.0,0.0,0.0,0.0,0.0,0.0,0.0,0.0,0.0,0.0,0.0,0.0,0.0,0,-107875648.0,69,0.0,138,0.0,2.012,ERR,ERR,ERR,ERR,ERR,ERR,ERR,ERR,ERR,ERR,ERR,ERR,ERR,ERR,ERR,ERR,ERR,ERR,ERR,ERR,ERR,ERR,ERR,ERR,ERR,ERR,ERR,ERR,ERR,ERR,ERR,ERR,ERR,ERR,ERR,ERR,ERR,ERR,ERR,ERR,ERR,ERR,ERR,ERR,ERR,ERR,ERR,ERR,ERR,ERR,ERR,ERR,ERR,ERR,ERR,ERR,ERR,ERR,ERR,ERR,ERR,ERR,ERR,ERR,ERR,ERR,ERR,60.0,60.0,35,0.0,0.0,0.0,0.0,0.0,0.0,0.0,0.0,0.0,0.0,0.0,0.0,0.0,0.0,0.0,0.0,65.2,0,146,70,49,65476,0,65476,1,0,4,20529,65476,0,0,2621,60.0,0.0,0.0,0.0,0.0,0.0
2026-07-09T15:27:27,ERR,ERR,ERR,ERR,ERR,ERR,ERR,ERR,ERR,ERR,ERR,ERR,ERR,ERR,ERR,ERR,ERR,ERR,ERR,ERR,ERR,ERR,ERR,ERR,ERR,ERR,ERR,ERR,ERR,ERR,ERR,ERR,ERR,ERR,ERR,ERR,ERR,ERR,ERR,ERR,ERR,ERR,ERR,ERR,ERR,ERR,ERR,ERR,ERR,ERR,ERR,ERR,ERR,ERR,ERR,ERR,ERR,ERR,ERR,ERR,ERR,ERR,ERR,ERR,ERR,ERR,ERR,ERR,ERR,ERR,ERR,ERR,ERR,ERR,ERR,ERR,ERR,ERR,ERR,ERR,ERR,ERR,ERR,ERR,ERR,ERR,ERR,ERR,ERR,ERR,ERR,ERR,ERR,ERR,ERR,ERR,ERR,ERR,ERR,ERR,ERR,ERR,ERR,ERR,ERR,ERR,ERR,ERR,ERR,ERR,ERR,ERR,ERR,ERR,ERR,ERR,ERR,ERR,ERR,ERR,ERR,ERR,ERR,ERR,ERR,0.0,0.0,2.718419212228986e+23,0.0,-0.0,-1.8124632636504634e+28,0.0,0.0,0,0,4,17312,7116,0.0,100,0.0,0.0,2.7183478752108883e+23,0.0,0.0,0,0,0,0,0.0,0,0,0,0,0,0,0,0,0,0,0,0,0,0,0,0,0,0,0,0,0,0,0,0,0,0,0,0,0,0,0,0,0,31,40,40,71,65476,0,300,0,0,8,21553,0.0,-107605600.0,0.0,0.0,0.0,0.0,0.0,0.0,0.0,0.0,0.0,0.0,0.0,0.0,0.0,0.0,0.0,0.0,0.0,0.0,0.0,0.0,-2.004,-0.0,0.0,0.0,0.0,0.0,0.0,0.0,5698.0,1.0406681043250585e+34,6924.0,0.0,0.0,2.004,2.004,0.0,0.0,0.0,0.0,69,126840922112.0,126840766464.0,0.0,0.0,0.0,0.0,0.0,0.0,0.0,0,0,0,0.0,0.0,0.0,0.0,0.0,0.0,0.0,0.0,0.0,0.0,0.0,0.0,0.0,0.0,0.0,0.0,0,-107875648.0,69,0.0,138,0.0,2.012,ERR,ERR,ERR,ERR,ERR,ERR,ERR,ERR,ERR,ERR,ERR,ERR,ERR,ERR,ERR,ERR,ERR,ERR,ERR,ERR,ERR,ERR,ERR,ERR,ERR,ERR,ERR,ERR,ERR,ERR,ERR,ERR,ERR,ERR,ERR,ERR,ERR,ERR,ERR,ERR,ERR,ERR,ERR,ERR,ERR,ERR,ERR,ERR,ERR,ERR,ERR,ERR,ERR,ERR,ERR,ERR,ERR,ERR,ERR,ERR,ERR,ERR,ERR,ERR,ERR,ERR,ERR,60.0,60.0,35,0.0,0.0,0.0,0.0,0.0,0.0,0.0,0.0,0.0,0.0,0.0,0.0,0.0,0.0,0.0,0.0,65.2,0,147,70,49,65476,0,65476,1,0,4,20529,65476,0,0,2621,60.0,0.0,0.0,0.0,0.0,0.0
2026-07-09T15:27:28,ERR,ERR,ERR,ERR,ERR,ERR,ERR,ERR,ERR,ERR,ERR,ERR,ERR,ERR,ERR,ERR,ERR,ERR,ERR,ERR,ERR,ERR,ERR,ERR,ERR,ERR,ERR,ERR,ERR,ERR,ERR,ERR,ERR,ERR,ERR,ERR,ERR,ERR,ERR,ERR,ERR,ERR,ERR,ERR,ERR,ERR,ERR,ERR,ERR,ERR,ERR,ERR,ERR,ERR,ERR,ERR,ERR,ERR,ERR,ERR,ERR,ERR,ERR,ERR,ERR,ERR,ERR,ERR,ERR,ERR,ERR,ERR,ERR,ERR,ERR,ERR,ERR,ERR,ERR,ERR,ERR,ERR,ERR,ERR,ERR,ERR,ERR,ERR,ERR,ERR,ERR,ERR,ERR,ERR,ERR,ERR,ERR,ERR,ERR,ERR,ERR,ERR,ERR,ERR,ERR,ERR,ERR,ERR,ERR,ERR,ERR,ERR,ERR,ERR,ERR,ERR,ERR,ERR,ERR,ERR,ERR,ERR,ERR,ERR,ERR,0.0,0.0,2.718419212228986e+23,0.0,-0.0,-1.8124632636504634e+28,0.0,0.0,0,0,4,17312,7116,0.0,100,0.0,0.0,2.7183478752108883e+23,0.0,0.0,0,0,0,0,0.0,0,0,0,0,0,0,0,0,0,0,0,0,0,0,0,0,0,0,0,0,0,0,0,0,0,0,0,0,0,0,0,0,0,31,40,40,71,65476,0,300,0,0,8,21553,0.0,-107605600.0,0.0,0.0,0.0,0.0,0.0,0.0,0.0,0.0,0.0,0.0,0.0,0.0,0.0,0.0,0.0,0.0,0.0,0.0,0.0,0.0,-2.004,-0.0,0.0,0.0,0.0,0.0,0.0,0.0,5698.0,1.0406681043250585e+34,6924.0,0.0,0.0,2.004,2.004,0.0,0.0,0.0,0.0,69,126840922112.0,126840766464.0,0.0,0.0,0.0,0.0,0.0,0.0,0.0,0,0,0,0.0,0.0,0.0,0.0,0.0,0.0,0.0,0.0,0.0,0.0,0.0,0.0,0.0,0.0,0.0,0.0,0,-107875648.0,69,0.0,138,0.0,2.012,ERR,ERR,ERR,ERR,ERR,ERR,ERR,ERR,ERR,ERR,ERR,ERR,ERR,ERR,ERR,ERR,ERR,ERR,ERR,ERR,ERR,ERR,ERR,ERR,ERR,ERR,ERR,ERR,ERR,ERR,ERR,ERR,ERR,ERR,ERR,ERR,ERR,ERR,ERR,ERR,ERR,ERR,ERR,ERR,ERR,ERR,ERR,ERR,ERR,ERR,ERR,ERR,ERR,ERR,ERR,ERR,ERR,ERR,ERR,ERR,ERR,ERR,ERR,ERR,ERR,ERR,ERR,60.0,60.0,35,0.0,0.0,0.0,0.0,0.0,0.0,0.0,0.0,0.0,0.0,0.0,0.0,0.0,0.0,0.0,0.0,65.2,0,147,70,49,65476,0,65476,1,0,4,20529,65476,0,0,2621,60.0,0.0,0.0,0.0,0.0,0.0
2026-07-09T15:27:29,ERR,ERR,ERR,ERR,ERR,ERR,ERR,ERR,ERR,ERR,ERR,ERR,ERR,ERR,ERR,ERR,ERR,ERR,ERR,ERR,ERR,ERR,ERR,ERR,ERR,ERR,ERR,ERR,ERR,ERR,ERR,ERR,ERR,ERR,ERR,ERR,ERR,ERR,ERR,ERR,ERR,ERR,ERR,ERR,ERR,ERR,ERR,ERR,ERR,ERR,ERR,ERR,ERR,ERR,ERR,ERR,ERR,ERR,ERR,ERR,ERR,ERR,ERR,ERR,ERR,ERR,ERR,ERR,ERR,ERR,ERR,ERR,ERR,ERR,ERR,ERR,ERR,ERR,ERR,ERR,ERR,ERR,ERR,ERR,ERR,ERR,ERR,ERR,ERR,ERR,ERR,ERR,ERR,ERR,ERR,ERR,ERR,ERR,ERR,ERR,ERR,ERR,ERR,ERR,ERR,ERR,ERR,ERR,ERR,ERR,ERR,ERR,ERR,ERR,ERR,ERR,ERR,ERR,ERR,ERR,ERR,ERR,ERR,ERR,ERR,0.0,0.0,2.718419212228986e+23,0.0,-0.0,-1.8124632636504634e+28,0.0,0.0,0,0,4,17312,7116,0.0,100,0.0,0.0,2.7183478752108883e+23,0.0,0.0,0,0,0,0,0.0,0,0,0,0,0,0,0,0,0,0,0,0,0,0,0,0,0,0,0,0,0,0,0,0,0,0,0,0,0,0,0,0,0,31,40,40,71,65476,0,300,0,0,8,21553,0.0,-107605600.0,0.0,0.0,0.0,0.0,0.0,0.0,0.0,0.0,0.0,0.0,0.0,0.0,0.0,0.0,0.0,0.0,0.0,0.0,0.0,0.0,-2.004,-0.0,0.0,0.0,0.0,0.0,0.0,0.0,5698.0,1.0406681043250585e+34,6924.0,0.0,0.0,2.004,2.004,0.0,0.0,0.0,0.0,69,126840922112.0,126840766464.0,0.0,0.0,0.0,0.0,0.0,0.0,0.0,0,0,0,0.0,0.0,0.0,0.0,0.0,0.0,0.0,0.0,0.0,0.0,0.0,0.0,0.0,0.0,0.0,0.0,0,-107875648.0,69,0.0,138,0.0,2.012,ERR,ERR,ERR,ERR,ERR,ERR,ERR,ERR,ERR,ERR,ERR,ERR,ERR,ERR,ERR,ERR,ERR,ERR,ERR,ERR,ERR,ERR,ERR,ERR,ERR,ERR,ERR,ERR,ERR,ERR,ERR,ERR,ERR,ERR,ERR,ERR,ERR,ERR,ERR,ERR,ERR,ERR,ERR,ERR,ERR,ERR,ERR,ERR,ERR,ERR,ERR,ERR,ERR,ERR,ERR,ERR,ERR,ERR,ERR,ERR,ERR,ERR,ERR,ERR,ERR,ERR,ERR,60.0,60.0,35,0.0,0.0,0.0,0.0,0.0,0.0,0.0,0.0,0.0,0.0,0.0,0.0,0.0,0.0,0.0,0.0,65.2,0,147,70,49,65476,0,65476,1,0,4,20529,65476,0,0,2621,60.0,0.0,0.0,0.0,0.0,0.0
2026-07-09T15:27:30,ERR,ERR,ERR,ERR,ERR,ERR,ERR,ERR,ERR,ERR,ERR,ERR,ERR,ERR,ERR,ERR,ERR,ERR,ERR,ERR,ERR,ERR,ERR,ERR,ERR,ERR,ERR,ERR,ERR,ERR,ERR,ERR,ERR,ERR,ERR,ERR,ERR,ERR,ERR,ERR,ERR,ERR,ERR,ERR,ERR,ERR,ERR,ERR,ERR,ERR,ERR,ERR,ERR,ERR,ERR,ERR,ERR,ERR,ERR,ERR,ERR,ERR,ERR,ERR,ERR,ERR,ERR,ERR,ERR,ERR,ERR,ERR,ERR,ERR,ERR,ERR,ERR,ERR,ERR,ERR,ERR,ERR,ERR,ERR,ERR,ERR,ERR,ERR,ERR,ERR,ERR,ERR,ERR,ERR,ERR,ERR,ERR,ERR,ERR,ERR,ERR,ERR,ERR,ERR,ERR,ERR,ERR,ERR,ERR,ERR,ERR,ERR,ERR,ERR,ERR,ERR,ERR,ERR,ERR,ERR,ERR,ERR,ERR,ERR,ERR,0.0,0.0,2.718419212228986e+23,0.0,-0.0,-1.8124632636504634e+28,0.0,0.0,0,0,4,17312,7116,0.0,100,0.0,0.0,2.7183478752108883e+23,0.0,0.0,0,0,0,0,0.0,0,0,0,0,0,0,0,0,0,0,0,0,0,0,0,0,0,0,0,0,0,0,0,0,0,0,0,0,0,0,0,0,0,31,40,40,71,65476,0,300,0,0,8,21553,0.0,-107605600.0,0.0,0.0,0.0,0.0,0.0,0.0,0.0,0.0,0.0,0.0,0.0,0.0,0.0,0.0,0.0,0.0,0.0,0.0,0.0,0.0,-2.004,-0.0,0.0,0.0,0.0,0.0,0.0,0.0,5698.0,1.0406681043250585e+34,6924.0,0.0,0.0,2.004,2.004,0.0,0.0,0.0,0.0,69,126840922112.0,126840766464.0,0.0,0.0,0.0,0.0,0.0,0.0,0.0,0,0,0,0.0,0.0,0.0,0.0,0.0,0.0,0.0,0.0,0.0,0.0,0.0,0.0,0.0,0.0,0.0,0.0,0,-107875648.0,69,0.0,138,0.0,2.012,ERR,ERR,ERR,ERR,ERR,ERR,ERR,ERR,ERR,ERR,ERR,ERR,ERR,ERR,ERR,ERR,ERR,ERR,ERR,ERR,ERR,ERR,ERR,ERR,ERR,ERR,ERR,ERR,ERR,ERR,ERR,ERR,ERR,ERR,ERR,ERR,ERR,ERR,ERR,ERR,ERR,ERR,ERR,ERR,ERR,ERR,ERR,ERR,ERR,ERR,ERR,ERR,ERR,ERR,ERR,ERR,ERR,ERR,ERR,ERR,ERR,ERR,ERR,ERR,ERR,ERR,ERR,60.0,60.0,35,0.0,0.0,0.0,0.0,0.0,0.0,0.0,0.0,0.0,0.0,0.0,0.0,0.0,0.0,0.0,0.0,64.8,0,147,70,49,65476,0,65476,1,0,4,20529,65476,0,0,2621,60.0,0.0,0.0,0.0,0.0,0.0
2026-07-09T15:27:31,ERR,ERR,ERR,ERR,ERR,ERR,ERR,ERR,ERR,ERR,ERR,ERR,ERR,ERR,ERR,ERR,ERR,ERR,ERR,ERR,ERR,ERR,ERR,ERR,ERR,ERR,ERR,ERR,ERR,ERR,ERR,ERR,ERR,ERR,ERR,ERR,ERR,ERR,ERR,ERR,ERR,ERR,ERR,ERR,ERR,ERR,ERR,ERR,ERR,ERR,ERR,ERR,ERR,ERR,ERR,ERR,ERR,ERR,ERR,ERR,ERR,ERR,ERR,ERR,ERR,ERR,ERR,ERR,ERR,ERR,ERR,ERR,ERR,ERR,ERR,ERR,ERR,ERR,ERR,ERR,ERR,ERR,ERR,ERR,ERR,ERR,ERR,ERR,ERR,ERR,ERR,ERR,ERR,ERR,ERR,ERR,ERR,ERR,ERR,ERR,ERR,ERR,ERR,ERR,ERR,ERR,ERR,ERR,ERR,ERR,ERR,ERR,ERR,ERR,ERR,ERR,ERR,ERR,ERR,ERR,ERR,ERR,ERR,ERR,ERR,0.0,0.0,2.718419212228986e+23,0.0,-0.0,-1.8124632636504634e+28,0.0,0.0,0,0,4,17312,7116,0.0,100,0.0,0.0,2.7183478752108883e+23,0.0,0.0,0,0,0,0,0.0,0,0,0,0,0,0,0,0,0,0,0,0,0,0,0,0,0,0,0,0,0,0,0,0,0,0,0,0,0,0,0,0,0,31,40,40,71,65476,0,300,0,0,8,21553,0.0,-107605600.0,0.0,0.0,0.0,0.0,0.0,0.0,0.0,0.0,0.0,0.0,0.0,0.0,0.0,0.0,0.0,0.0,0.0,0.0,0.0,0.0,-2.004,-0.0,0.0,0.0,0.0,0.0,0.0,0.0,5698.0,1.0406681043250585e+34,6924.0,0.0,0.0,2.004,2.004,0.0,0.0,0.0,0.0,69,126840922112.0,126840766464.0,0.0,0.0,0.0,0.0,0.0,0.0,0.0,0,0,0,0.0,0.0,0.0,0.0,0.0,0.0,0.0,0.0,0.0,0.0,0.0,0.0,0.0,0.0,0.0,0.0,0,-107875648.0,69,0.0,138,0.0,2.012,ERR,ERR,ERR,ERR,ERR,ERR,ERR,ERR,ERR,ERR,ERR,ERR,ERR,ERR,ERR,ERR,ERR,ERR,ERR,ERR,ERR,ERR,ERR,ERR,ERR,ERR,ERR,ERR,ERR,ERR,ERR,ERR,ERR,ERR,ERR,ERR,ERR,ERR,ERR,ERR,ERR,ERR,ERR,ERR,ERR,ERR,ERR,ERR,ERR,ERR,ERR,ERR,ERR,ERR,ERR,ERR,ERR,ERR,ERR,ERR,ERR,ERR,ERR,ERR,ERR,ERR,ERR,60.0,60.0,35,0.0,0.0,0.0,0.0,0.0,0.0,0.0,0.0,0.0,0.0,0.0,0.0,0.0,0.0,0.0,0.0,64.8,0,147,70,49,65476,0,65476,1,0,4,20529,65476,0,0,2621,60.0,0.0,0.0,0.0,0.0,0.0
2026-07-09T15:27:32,ERR,ERR,ERR,ERR,ERR,ERR,ERR,ERR,ERR,ERR,ERR,ERR,ERR,ERR,ERR,ERR,ERR,ERR,ERR,ERR,ERR,ERR,ERR,ERR,ERR,ERR,ERR,ERR,ERR,ERR,ERR,ERR,ERR,ERR,ERR,ERR,ERR,ERR,ERR,ERR,ERR,ERR,ERR,ERR,ERR,ERR,ERR,ERR,ERR,ERR,ERR,ERR,ERR,ERR,ERR,ERR,ERR,ERR,ERR,ERR,ERR,ERR,ERR,ERR,ERR,ERR,ERR,ERR,ERR,ERR,ERR,ERR,ERR,ERR,ERR,ERR,ERR,ERR,ERR,ERR,ERR,ERR,ERR,ERR,ERR,ERR,ERR,ERR,ERR,ERR,ERR,ERR,ERR,ERR,ERR,ERR,ERR,ERR,ERR,ERR,ERR,ERR,ERR,ERR,ERR,ERR,ERR,ERR,ERR,ERR,ERR,ERR,ERR,ERR,ERR,ERR,ERR,ERR,ERR,ERR,ERR,ERR,ERR,ERR,ERR,0.0,2.7184455132508097e+23,-107090576.0,2.7183478752108883e+23,-0.0,-0.0,-6905927307362304.0,1650.011,0,0,4,17315,7116,0.0,100,0.0,0.0,2.7183478752108883e+23,0.0,0.0,0,0,0,0,0.0,0,0,0,0,0,0,0,0,0,0,0,0,0,0,0,0,0,0,0,0,0,0,0,0,0,0,0,0,0,0,0,0,0,31,40,40,71,65476,0,300,0,0,8,21553,0.0,-107605600.0,0.0,0.0,0.0,0.0,0.0,0.0,0.0,0.0,0.0,0.0,0.0,0.0,-2.596148429267414e+33,0.0,0.0,0.0,0.0,0.0,0.0,0.0,-2.004,-2.004,0.0,0.0,0.0,0.0,0.0,0.0,5689.0,-2.422993957370181e+24,6941.0,0.0,2.7184455132508097e+23,2.004,2.004,0.0,0.0,0.0,0.0,69,1.905694169104384e+17,2.7184222746767325e+23,0.0,0.0,0.0,0.0,0.0,0.0,0.0,0,0,0,0.0,0.0,0.0,0.0,0.0,0.0,0.0,0.0,0.0,0.0,0.0,0.0,0.0,0.0,0.0,0.0,0,-107875648.0,69,0.0,138,0.0,2.012,ERR,ERR,ERR,ERR,ERR,ERR,ERR,ERR,ERR,ERR,ERR,ERR,ERR,ERR,ERR,ERR,ERR,ERR,ERR,ERR,ERR,ERR,ERR,ERR,ERR,ERR,ERR,ERR,ERR,ERR,ERR,ERR,ERR,ERR,ERR,ERR,ERR,ERR,ERR,ERR,ERR,ERR,ERR,ERR,ERR,ERR,ERR,ERR,ERR,ERR,ERR,ERR,ERR,ERR,ERR,ERR,ERR,ERR,ERR,ERR,ERR,ERR,ERR,ERR,ERR,ERR,ERR,60.0,60.0,35,0.0,0.0,0.0,0.0,0.0,0.0,0.0,0.0,0.0,0.0,0.0,0.0,0.0,0.0,0.0,0.0,65.2,0,147,70,49,65476,0,65476,1,4,4,20529,65476,0,0,2621,60.0,0.0,0.0,0.0,0.0,0.0
2026-07-09T15:27:33,ERR,ERR,ERR,ERR,ERR,ERR,ERR,ERR,ERR,ERR,ERR,ERR,ERR,ERR,ERR,ERR,ERR,ERR,ERR,ERR,ERR,ERR,ERR,ERR,ERR,ERR,ERR,ERR,ERR,ERR,ERR,ERR,ERR,ERR,ERR,ERR,ERR,ERR,ERR,ERR,ERR,ERR,ERR,ERR,ERR,ERR,ERR,ERR,ERR,ERR,ERR,ERR,ERR,ERR,ERR,ERR,ERR,ERR,ERR,ERR,ERR,ERR,ERR,ERR,ERR,ERR,ERR,ERR,ERR,ERR,ERR,ERR,ERR,ERR,ERR,ERR,ERR,ERR,ERR,ERR,ERR,ERR,ERR,ERR,ERR,ERR,ERR,ERR,ERR,ERR,ERR,ERR,ERR,ERR,ERR,ERR,ERR,ERR,ERR,ERR,ERR,ERR,ERR,ERR,ERR,ERR,ERR,ERR,ERR,ERR,ERR,ERR,ERR,ERR,ERR,ERR,ERR,ERR,ERR,ERR,ERR,ERR,ERR,ERR,ERR,0.0,2.7184455132508097e+23,-107090576.0,2.7183478752108883e+23,-0.0,-0.0,-6905927307362304.0,1650.011,0,0,4,17315,7116,0.0,100,0.0,0.0,2.7183478752108883e+23,0.0,0.0,0,0,0,0,0.0,0,0,0,0,0,0,0,0,0,0,0,0,0,0,0,0,0,0,0,0,0,0,0,0,0,0,0,0,0,0,0,0,0,31,40,40,71,65476,0,300,0,0,8,21553,0.0,-107605600.0,0.0,0.0,0.0,0.0,0.0,0.0,0.0,0.0,0.0,0.0,0.0,0.0,-2.596148429267414e+33,0.0,0.0,0.0,0.0,0.0,0.0,0.0,-2.004,-2.004,0.0,0.0,0.0,0.0,0.0,0.0,5689.0,-2.422993957370181e+24,6941.0,0.0,2.7184455132508097e+23,2.004,2.004,0.0,0.0,0.0,0.0,69,1.905694169104384e+17,2.7184222746767325e+23,0.0,0.0,0.0,0.0,0.0,0.0,0.0,0,0,0,0.0,0.0,0.0,0.0,0.0,0.0,0.0,0.0,0.0,0.0,0.0,0.0,0.0,0.0,0.0,0.0,0,-107875648.0,69,0.0,138,0.0,2.012,ERR,ERR,ERR,ERR,ERR,ERR,ERR,ERR,ERR,ERR,ERR,ERR,ERR,ERR,ERR,ERR,ERR,ERR,ERR,ERR,ERR,ERR,ERR,ERR,ERR,ERR,ERR,ERR,ERR,ERR,ERR,ERR,ERR,ERR,ERR,ERR,ERR,ERR,ERR,ERR,ERR,ERR,ERR,ERR,ERR,ERR,ERR,ERR,ERR,ERR,ERR,ERR,ERR,ERR,ERR,ERR,ERR,ERR,ERR,ERR,ERR,ERR,ERR,ERR,ERR,ERR,ERR,60.0,60.0,35,0.0,0.0,0.0,0.0,0.0,0.0,0.0,0.0,0.0,0.0,0.0,0.0,0.0,0.0,0.0,0.0,65.2,0,147,70,49,65476,0,65476,1,4,4,20529,65476,0,0,2621,60.0,0.0,0.0,0.0,0.0,0.0
2026-07-09T15:27:34,ERR,ERR,ERR,ERR,ERR,ERR,ERR,ERR,ERR,ERR,ERR,ERR,ERR,ERR,ERR,ERR,ERR,ERR,ERR,ERR,ERR,ERR,ERR,ERR,ERR,ERR,ERR,ERR,ERR,ERR,ERR,ERR,ERR,ERR,ERR,ERR,ERR,ERR,ERR,ERR,ERR,ERR,ERR,ERR,ERR,ERR,ERR,ERR,ERR,ERR,ERR,ERR,ERR,ERR,ERR,ERR,ERR,ERR,ERR,ERR,ERR,ERR,ERR,ERR,ERR,ERR,ERR,ERR,ERR,ERR,ERR,ERR,ERR,ERR,ERR,ERR,ERR,ERR,ERR,ERR,ERR,ERR,ERR,ERR,ERR,ERR,ERR,ERR,ERR,ERR,ERR,ERR,ERR,ERR,ERR,ERR,ERR,ERR,ERR,ERR,ERR,ERR,ERR,ERR,ERR,ERR,ERR,ERR,ERR,ERR,ERR,ERR,ERR,ERR,ERR,ERR,ERR,ERR,ERR,ERR,ERR,ERR,ERR,ERR,ERR,0.0,2.7184455132508097e+23,-107090576.0,2.7183478752108883e+23,-0.0,-0.0,-6905927307362304.0,1650.011,0,0,4,17315,7116,0.0,100,0.0,0.0,2.7183478752108883e+23,0.0,0.0,0,0,0,0,0.0,0,0,0,0,0,0,0,0,0,0,0,0,0,0,0,0,0,0,0,0,0,0,0,0,0,0,0,0,0,0,0,0,0,31,40,40,71,65476,0,300,0,0,8,21553,0.0,-107605600.0,0.0,0.0,0.0,0.0,0.0,0.0,0.0,0.0,0.0,0.0,0.0,0.0,-2.596148429267414e+33,0.0,0.0,0.0,0.0,0.0,0.0,0.0,-2.004,-2.004,0.0,0.0,0.0,0.0,0.0,0.0,5689.0,-2.422993957370181e+24,6941.0,0.0,2.7184455132508097e+23,2.004,2.004,0.0,0.0,0.0,0.0,69,1.905694169104384e+17,2.7184222746767325e+23,0.0,0.0,0.0,0.0,0.0,0.0,0.0,0,0,0,0.0,0.0,0.0,0.0,0.0,0.0,0.0,0.0,0.0,0.0,0.0,0.0,0.0,0.0,0.0,0.0,0,-107875648.0,69,0.0,138,0.0,2.012,ERR,ERR,ERR,ERR,ERR,ERR,ERR,ERR,ERR,ERR,ERR,ERR,ERR,ERR,ERR,ERR,ERR,ERR,ERR,ERR,ERR,ERR,ERR,ERR,ERR,ERR,ERR,ERR,ERR,ERR,ERR,ERR,ERR,ERR,ERR,ERR,ERR,ERR,ERR,ERR,ERR,ERR,ERR,ERR,ERR,ERR,ERR,ERR,ERR,ERR,ERR,ERR,ERR,ERR,ERR,ERR,ERR,ERR,ERR,ERR,ERR,ERR,ERR,ERR,ERR,ERR,ERR,60.0,60.0,35,0.0,0.0,0.0,0.0,0.0,0.0,0.0,0.0,0.0,0.0,0.0,0.0,0.0,0.0,0.0,0.0,65.2,0,148,70,49,65476,0,65476,1,4,4,20529,65476,0,0,2621,60.0,0.0,0.0,0.0,0.0,0.0
2026-07-09T15:27:35,ERR,ERR,ERR,ERR,ERR,ERR,ERR,ERR,ERR,ERR,ERR,ERR,ERR,ERR,ERR,ERR,ERR,ERR,ERR,ERR,ERR,ERR,ERR,ERR,ERR,ERR,ERR,ERR,ERR,ERR,ERR,ERR,ERR,ERR,ERR,ERR,ERR,ERR,ERR,ERR,ERR,ERR,ERR,ERR,ERR,ERR,ERR,ERR,ERR,ERR,ERR,ERR,ERR,ERR,ERR,ERR,ERR,ERR,ERR,ERR,ERR,ERR,ERR,ERR,ERR,ERR,ERR,ERR,ERR,ERR,ERR,ERR,ERR,ERR,ERR,ERR,ERR,ERR,ERR,ERR,ERR,ERR,ERR,ERR,ERR,ERR,ERR,ERR,ERR,ERR,ERR,ERR,ERR,ERR,ERR,ERR,ERR,ERR,ERR,ERR,ERR,ERR,ERR,ERR,ERR,ERR,ERR,ERR,ERR,ERR,ERR,ERR,ERR,ERR,ERR,ERR,ERR,ERR,ERR,ERR,ERR,ERR,ERR,ERR,ERR,0.0,2.7184455132508097e+23,-107090576.0,2.7183478752108883e+23,-0.0,-0.0,-6905927307362304.0,1650.011,0,0,4,17315,7116,0.0,100,0.0,0.0,2.7183478752108883e+23,0.0,0.0,0,0,0,0,0.0,0,0,0,0,0,0,0,0,0,0,0,0,0,0,0,0,0,0,0,0,0,0,0,0,0,0,0,0,0,0,0,0,0,31,40,40,71,65476,0,300,0,0,8,21553,0.0,-107605600.0,0.0,0.0,0.0,0.0,0.0,0.0,0.0,0.0,0.0,0.0,0.0,0.0,-2.596148429267414e+33,0.0,0.0,0.0,0.0,0.0,0.0,0.0,-2.004,-2.004,0.0,0.0,0.0,0.0,0.0,0.0,5689.0,-2.422993957370181e+24,6941.0,0.0,2.7184455132508097e+23,2.004,2.004,0.0,0.0,0.0,0.0,69,1.905694169104384e+17,2.7184222746767325e+23,0.0,0.0,0.0,0.0,0.0,0.0,0.0,0,0,0,0.0,0.0,0.0,0.0,0.0,0.0,0.0,0.0,0.0,0.0,0.0,0.0,0.0,0.0,0.0,0.0,0,-107875648.0,69,0.0,138,0.0,2.012,ERR,ERR,ERR,ERR,ERR,ERR,ERR,ERR,ERR,ERR,ERR,ERR,ERR,ERR,ERR,ERR,ERR,ERR,ERR,ERR,ERR,ERR,ERR,ERR,ERR,ERR,ERR,ERR,ERR,ERR,ERR,ERR,ERR,ERR,ERR,ERR,ERR,ERR,ERR,ERR,ERR,ERR,ERR,ERR,ERR,ERR,ERR,ERR,ERR,ERR,ERR,ERR,ERR,ERR,ERR,ERR,ERR,ERR,ERR,ERR,ERR,ERR,ERR,ERR,ERR,ERR,ERR,60.0,60.0,35,0.0,0.0,0.0,0.0,0.0,0.0,0.0,0.0,0.0,0.0,0.0,0.0,0.0,0.0,0.0,0.0,64.8,0,148,70,49,65476,0,65476,1,4,4,20529,65476,0,0,2621,60.0,0.0,0.0,0.0,0.0,0.0
2026-07-09T15:27:36,ERR,ERR,ERR,ERR,ERR,ERR,ERR,ERR,ERR,ERR,ERR,ERR,ERR,ERR,ERR,ERR,ERR,ERR,ERR,ERR,ERR,ERR,ERR,ERR,ERR,ERR,ERR,ERR,ERR,ERR,ERR,ERR,ERR,ERR,ERR,ERR,ERR,ERR,ERR,ERR,ERR,ERR,ERR,ERR,ERR,ERR,ERR,ERR,ERR,ERR,ERR,ERR,ERR,ERR,ERR,ERR,ERR,ERR,ERR,ERR,ERR,ERR,ERR,ERR,ERR,ERR,ERR,ERR,ERR,ERR,ERR,ERR,ERR,ERR,ERR,ERR,ERR,ERR,ERR,ERR,ERR,ERR,ERR,ERR,ERR,ERR,ERR,ERR,ERR,ERR,ERR,ERR,ERR,ERR,ERR,ERR,ERR,ERR,ERR,ERR,ERR,ERR,ERR,ERR,ERR,ERR,ERR,ERR,ERR,ERR,ERR,ERR,ERR,ERR,ERR,ERR,ERR,ERR,ERR,ERR,ERR,ERR,ERR,ERR,ERR,0.0,2.7184455132508097e+23,-107090576.0,2.7183478752108883e+23,-0.0,-0.0,-6905927307362304.0,1650.011,0,0,4,17315,7116,0.0,100,0.0,0.0,2.7183478752108883e+23,0.0,0.0,0,0,0,0,0.0,0,0,0,0,0,0,0,0,0,0,0,0,0,0,0,0,0,0,0,0,0,0,0,0,0,0,0,0,0,0,0,0,0,31,40,40,71,65476,0,300,0,0,8,21553,0.0,-107605600.0,0.0,0.0,0.0,0.0,0.0,0.0,0.0,0.0,0.0,0.0,0.0,0.0,-2.596148429267414e+33,0.0,0.0,0.0,0.0,0.0,0.0,0.0,-2.004,-2.004,0.0,0.0,0.0,0.0,0.0,0.0,5689.0,-2.422993957370181e+24,6941.0,0.0,2.7184455132508097e+23,2.004,2.004,0.0,0.0,0.0,0.0,69,1.905694169104384e+17,2.7184222746767325e+23,0.0,0.0,0.0,0.0,0.0,0.0,0.0,0,0,0,0.0,0.0,0.0,0.0,0.0,0.0,0.0,0.0,0.0,0.0,0.0,0.0,0.0,0.0,0.0,0.0,0,-107875648.0,69,0.0,138,0.0,2.012,ERR,ERR,ERR,ERR,ERR,ERR,ERR,ERR,ERR,ERR,ERR,ERR,ERR,ERR,ERR,ERR,ERR,ERR,ERR,ERR,ERR,ERR,ERR,ERR,ERR,ERR,ERR,ERR,ERR,ERR,ERR,ERR,ERR,ERR,ERR,ERR,ERR,ERR,ERR,ERR,ERR,ERR,ERR,ERR,ERR,ERR,ERR,ERR,ERR,ERR,ERR,ERR,ERR,ERR,ERR,ERR,ERR,ERR,ERR,ERR,ERR,ERR,ERR,ERR,ERR,ERR,ERR,60.0,60.0,35,0.0,0.0,0.0,0.0,0.0,0.0,0.0,0.0,0.0,0.0,0.0,0.0,0.0,0.0,0.0,0.0,64.8,0,148,70,49,65476,0,65476,1,4,4,20529,65476,0,0,2621,60.0,0.0,0.0,0.0,0.0,0.0
2026-07-09T15:27:37,ERR,ERR,ERR,ERR,ERR,ERR,ERR,ERR,ERR,ERR,ERR,ERR,ERR,ERR,ERR,ERR,ERR,ERR,ERR,ERR,ERR,ERR,ERR,ERR,ERR,ERR,ERR,ERR,ERR,ERR,ERR,ERR,ERR,ERR,ERR,ERR,ERR,ERR,ERR,ERR,ERR,ERR,ERR,ERR,ERR,ERR,ERR,ERR,ERR,ERR,ERR,ERR,ERR,ERR,ERR,ERR,ERR,ERR,ERR,ERR,ERR,ERR,ERR,ERR,ERR,ERR,ERR,ERR,ERR,ERR,ERR,ERR,ERR,ERR,ERR,ERR,ERR,ERR,ERR,ERR,ERR,ERR,ERR,ERR,ERR,ERR,ERR,ERR,ERR,ERR,ERR,ERR,ERR,ERR,ERR,ERR,ERR,ERR,ERR,ERR,ERR,ERR,ERR,ERR,ERR,ERR,ERR,ERR,ERR,ERR,ERR,ERR,ERR,ERR,ERR,ERR,ERR,ERR,ERR,ERR,ERR,ERR,ERR,ERR,ERR,0.0,-0.0,0.0,2.7183478752108883e+23,-568587030888448.0,-0.0,-26746675200.0,-0.0,0,0,4,17313,7116,0.0,100,0.0,0.0,2.7183478752108883e+23,0.0,0.0,0,0,0,0,0.0,0,0,0,0,0,0,0,0,0,0,0,0,0,0,0,0,0,0,0,0,0,0,0,0,0,0,0,0,0,0,0,0,0,31,40,40,71,65476,0,300,0,0,8,21553,0.0,-107605600.0,0.0,0.0,0.0,0.0,0.0,0.0,0.0,0.0,0.0,0.0,0.0,0.0,0.0,0.0,0.0,0.0,0.0,0.0,0.0,0.0,-2.004,0.0,0.0,0.0,0.0,0.0,0.0,0.0,5690.0,564147242663936.0,6923.0,0.0,-107616032.0,2.004,2.004,0.0,0.0,0.0,0.0,69,1.905694340903076e+17,0.0,0.0,0.0,0.0,0.0,0.0,0.0,0.0,0,0,0,0.0,0.0,0.0,0.0,0.0,0.0,0.0,0.0,0.0,0.0,0.0,0.0,0.0,0.0,0.0,0.0,0,-107875648.0,69,0.0,138,0.0,2.012,ERR,ERR,ERR,ERR,ERR,ERR,ERR,ERR,ERR,ERR,ERR,ERR,ERR,ERR,ERR,ERR,ERR,ERR,ERR,ERR,ERR,ERR,ERR,ERR,ERR,ERR,ERR,ERR,ERR,ERR,ERR,ERR,ERR,ERR,ERR,ERR,ERR,ERR,ERR,ERR,ERR,ERR,ERR,ERR,ERR,ERR,ERR,ERR,ERR,ERR,ERR,ERR,ERR,ERR,ERR,ERR,ERR,ERR,ERR,ERR,ERR,ERR,ERR,ERR,ERR,ERR,ERR,60.0,60.0,35,0.0,0.0,0.0,0.0,0.0,0.0,0.0,0.0,0.0,0.0,0.0,0.0,0.0,0.0,0.0,0.0,65.2,0,148,70,49,65476,0,65476,1,4,4,20529,65476,0,0,2621,60.0,0.0,0.0,0.0,0.0,0.0
2026-07-09T15:27:38,ERR,ERR,ERR,ERR,ERR,ERR,ERR,ERR,ERR,ERR,ERR,ERR,ERR,ERR,ERR,ERR,ERR,ERR,ERR,ERR,ERR,ERR,ERR,ERR,ERR,ERR,ERR,ERR,ERR,ERR,ERR,ERR,ERR,ERR,ERR,ERR,ERR,ERR,ERR,ERR,ERR,ERR,ERR,ERR,ERR,ERR,ERR,ERR,ERR,ERR,ERR,ERR,ERR,ERR,ERR,ERR,ERR,ERR,ERR,ERR,ERR,ERR,ERR,ERR,ERR,ERR,ERR,ERR,ERR,ERR,ERR,ERR,ERR,ERR,ERR,ERR,ERR,ERR,ERR,ERR,ERR,ERR,ERR,ERR,ERR,ERR,ERR,ERR,ERR,ERR,ERR,ERR,ERR,ERR,ERR,ERR,ERR,ERR,ERR,ERR,ERR,ERR,ERR,ERR,ERR,ERR,ERR,ERR,ERR,ERR,ERR,ERR,ERR,ERR,ERR,ERR,ERR,ERR,ERR,ERR,ERR,ERR,ERR,ERR,ERR,0.0,-0.0,0.0,2.7183478752108883e+23,-568587030888448.0,-0.0,-26746675200.0,-0.0,0,0,4,17313,7116,0.0,100,0.0,0.0,2.7183478752108883e+23,0.0,0.0,0,0,0,0,0.0,0,0,0,0,0,0,0,0,0,0,0,0,0,0,0,0,0,0,0,0,0,0,0,0,0,0,0,0,0,0,0,0,0,31,40,40,71,65476,0,300,0,0,8,21553,0.0,-107605600.0,0.0,0.0,0.0,0.0,0.0,0.0,0.0,0.0,0.0,0.0,0.0,0.0,0.0,0.0,0.0,0.0,0.0,0.0,0.0,0.0,-2.004,0.0,0.0,0.0,0.0,0.0,0.0,0.0,5690.0,564147242663936.0,6923.0,0.0,-107616032.0,2.004,2.004,0.0,0.0,0.0,0.0,69,1.905694340903076e+17,0.0,0.0,0.0,0.0,0.0,0.0,0.0,0.0,0,0,0,0.0,0.0,0.0,0.0,0.0,0.0,0.0,0.0,0.0,0.0,0.0,0.0,0.0,0.0,0.0,0.0,0,-107875648.0,69,0.0,138,0.0,2.012,ERR,ERR,ERR,ERR,ERR,ERR,ERR,ERR,ERR,ERR,ERR,ERR,ERR,ERR,ERR,ERR,ERR,ERR,ERR,ERR,ERR,ERR,ERR,ERR,ERR,ERR,ERR,ERR,ERR,ERR,ERR,ERR,ERR,ERR,ERR,ERR,ERR,ERR,ERR,ERR,ERR,ERR,ERR,ERR,ERR,ERR,ERR,ERR,ERR,ERR,ERR,ERR,ERR,ERR,ERR,ERR,ERR,ERR,ERR,ERR,ERR,ERR,ERR,ERR,ERR,ERR,ERR,60.0,60.0,35,0.0,0.0,0.0,0.0,0.0,0.0,0.0,0.0,0.0,0.0,0.0,0.0,0.0,0.0,0.0,0.0,65.2,0,148,70,49,65476,0,65476,1,4,4,20529,65476,0,0,2621,60.0,0.0,0.0,0.0,0.0,0.0
2026-07-09T15:27:39,ERR,ERR,ERR,ERR,ERR,ERR,ERR,ERR,ERR,ERR,ERR,ERR,ERR,ERR,ERR,ERR,ERR,ERR,ERR,ERR,ERR,ERR,ERR,ERR,ERR,ERR,ERR,ERR,ERR,ERR,ERR,ERR,ERR,ERR,ERR,ERR,ERR,ERR,ERR,ERR,ERR,ERR,ERR,ERR,ERR,ERR,ERR,ERR,ERR,ERR,ERR,ERR,ERR,ERR,ERR,ERR,ERR,ERR,ERR,ERR,ERR,ERR,ERR,ERR,ERR,ERR,ERR,ERR,ERR,ERR,ERR,ERR,ERR,ERR,ERR,ERR,ERR,ERR,ERR,ERR,ERR,ERR,ERR,ERR,ERR,ERR,ERR,ERR,ERR,ERR,ERR,ERR,ERR,ERR,ERR,ERR,ERR,ERR,ERR,ERR,ERR,ERR,ERR,ERR,ERR,ERR,ERR,ERR,ERR,ERR,ERR,ERR,ERR,ERR,ERR,ERR,ERR,ERR,ERR,ERR,ERR,ERR,ERR,ERR,ERR,0.0,-0.0,0.0,2.7183478752108883e+23,-568587030888448.0,-0.0,-26746675200.0,-0.0,0,0,4,17313,7116,0.0,100,0.0,0.0,2.7183478752108883e+23,0.0,0.0,0,0,0,0,0.0,0,0,0,0,0,0,0,0,0,0,0,0,0,0,0,0,0,0,0,0,0,0,0,0,0,0,0,0,0,0,0,0,0,31,40,40,71,65476,0,300,0,0,8,21553,0.0,-107605600.0,0.0,0.0,0.0,0.0,0.0,0.0,0.0,0.0,0.0,0.0,0.0,0.0,0.0,0.0,0.0,0.0,0.0,0.0,0.0,0.0,-2.004,0.0,0.0,0.0,0.0,0.0,0.0,0.0,5690.0,564147242663936.0,6923.0,0.0,-107616032.0,2.004,2.004,0.0,0.0,0.0,0.0,69,1.905694340903076e+17,0.0,0.0,0.0,0.0,0.0,0.0,0.0,0.0,0,0,0,0.0,0.0,0.0,0.0,0.0,0.0,0.0,0.0,0.0,0.0,0.0,0.0,0.0,0.0,0.0,0.0,0,-107875648.0,69,0.0,138,0.0,2.012,ERR,ERR,ERR,ERR,ERR,ERR,ERR,ERR,ERR,ERR,ERR,ERR,ERR,ERR,ERR,ERR,ERR,ERR,ERR,ERR,ERR,ERR,ERR,ERR,ERR,ERR,ERR,ERR,ERR,ERR,ERR,ERR,ERR,ERR,ERR,ERR,ERR,ERR,ERR,ERR,ERR,ERR,ERR,ERR,ERR,ERR,ERR,ERR,ERR,ERR,ERR,ERR,ERR,ERR,ERR,ERR,ERR,ERR,ERR,ERR,ERR,ERR,ERR,ERR,ERR,ERR,ERR,60.0,60.0,35,0.0,0.0,0.0,0.0,0.0,0.0,0.0,0.0,0.0,0.0,0.0,0.0,0.0,0.0,0.0,0.0,65.2,0,148,70,49,65476,0,65476,1,4,4,20529,65476,0,0,2621,60.0,0.0,0.0,0.0,0.0,0.0
2026-07-09T15:27:40,ERR,ERR,ERR,ERR,ERR,ERR,ERR,ERR,ERR,ERR,ERR,ERR,ERR,ERR,ERR,ERR,ERR,ERR,ERR,ERR,ERR,ERR,ERR,ERR,ERR,ERR,ERR,ERR,ERR,ERR,ERR,ERR,ERR,ERR,ERR,ERR,ERR,ERR,ERR,ERR,ERR,ERR,ERR,ERR,ERR,ERR,ERR,ERR,ERR,ERR,ERR,ERR,ERR,ERR,ERR,ERR,ERR,ERR,ERR,ERR,ERR,ERR,ERR,ERR,ERR,ERR,ERR,ERR,ERR,ERR,ERR,ERR,ERR,ERR,ERR,ERR,ERR,ERR,ERR,ERR,ERR,ERR,ERR,ERR,ERR,ERR,ERR,ERR,ERR,ERR,ERR,ERR,ERR,ERR,ERR,ERR,ERR,ERR,ERR,ERR,ERR,ERR,ERR,ERR,ERR,ERR,ERR,ERR,ERR,ERR,ERR,ERR,ERR,ERR,ERR,ERR,ERR,ERR,ERR,ERR,ERR,ERR,ERR,ERR,ERR,0.0,-0.0,0.0,2.7183478752108883e+23,-568587030888448.0,-0.0,-26746675200.0,-0.0,0,0,4,17313,7116,0.0,100,0.0,0.0,2.7183478752108883e+23,0.0,0.0,0,0,0,0,0.0,0,0,0,0,0,0,0,0,0,0,0,0,0,0,0,0,0,0,0,0,0,0,0,0,0,0,0,0,0,0,0,0,0,31,40,40,71,65476,0,300,0,0,8,21553,0.0,-107605600.0,0.0,0.0,0.0,0.0,0.0,0.0,0.0,0.0,0.0,0.0,0.0,0.0,0.0,0.0,0.0,0.0,0.0,0.0,0.0,0.0,-2.004,0.0,0.0,0.0,0.0,0.0,0.0,0.0,5690.0,564147242663936.0,6923.0,0.0,-107616032.0,2.004,2.004,0.0,0.0,0.0,0.0,69,1.905694340903076e+17,0.0,0.0,0.0,0.0,0.0,0.0,0.0,0.0,0,0,0,0.0,0.0,0.0,0.0,0.0,0.0,0.0,0.0,0.0,0.0,0.0,0.0,0.0,0.0,0.0,0.0,0,-107875648.0,69,0.0,138,0.0,2.012,ERR,ERR,ERR,ERR,ERR,ERR,ERR,ERR,ERR,ERR,ERR,ERR,ERR,ERR,ERR,ERR,ERR,ERR,ERR,ERR,ERR,ERR,ERR,ERR,ERR,ERR,ERR,ERR,ERR,ERR,ERR,ERR,ERR,ERR,ERR,ERR,ERR,ERR,ERR,ERR,ERR,ERR,ERR,ERR,ERR,ERR,ERR,ERR,ERR,ERR,ERR,ERR,ERR,ERR,ERR,ERR,ERR,ERR,ERR,ERR,ERR,ERR,ERR,ERR,ERR,ERR,ERR,60.0,60.0,35,0.0,0.0,0.0,0.0,0.0,0.0,0.0,0.0,0.0,0.0,0.0,0.0,0.0,0.0,0.0,0.0,65.2,0,148,70,49,65476,0,65476,1,4,4,20529,65476,0,0,2621,60.0,0.0,0.0,0.0,0.0,0.0
2026-07-09T15:27:41,ERR,ERR,ERR,ERR,ERR,ERR,ERR,ERR,ERR,ERR,ERR,ERR,ERR,ERR,ERR,ERR,ERR,ERR,ERR,ERR,ERR,ERR,ERR,ERR,ERR,ERR,ERR,ERR,ERR,ERR,ERR,ERR,ERR,ERR,ERR,ERR,ERR,ERR,ERR,ERR,ERR,ERR,ERR,ERR,ERR,ERR,ERR,ERR,ERR,ERR,ERR,ERR,ERR,ERR,ERR,ERR,ERR,ERR,ERR,ERR,ERR,ERR,ERR,ERR,ERR,ERR,ERR,ERR,ERR,ERR,ERR,ERR,ERR,ERR,ERR,ERR,ERR,ERR,ERR,ERR,ERR,ERR,ERR,ERR,ERR,ERR,ERR,ERR,ERR,ERR,ERR,ERR,ERR,ERR,ERR,ERR,ERR,ERR,ERR,ERR,ERR,ERR,ERR,ERR,ERR,ERR,ERR,ERR,ERR,ERR,ERR,ERR,ERR,ERR,ERR,ERR,ERR,ERR,ERR,ERR,ERR,ERR,ERR,ERR,ERR,0.0,-0.0,0.0,2.7183478752108883e+23,-568587030888448.0,-0.0,-26746675200.0,-0.0,0,0,4,17313,7116,0.0,100,0.0,0.0,2.7183478752108883e+23,0.0,0.0,0,0,0,0,0.0,0,0,0,0,0,0,0,0,0,0,0,0,0,0,0,0,0,0,0,0,0,0,0,0,0,0,0,0,0,0,0,0,0,31,40,40,71,65476,0,300,0,0,8,21553,0.0,-107605600.0,0.0,0.0,0.0,0.0,0.0,0.0,0.0,0.0,0.0,0.0,0.0,0.0,0.0,0.0,0.0,0.0,0.0,0.0,0.0,0.0,-2.004,0.0,0.0,0.0,0.0,0.0,0.0,0.0,5690.0,564147242663936.0,6923.0,0.0,-107616032.0,2.004,2.004,0.0,0.0,0.0,0.0,69,1.905694340903076e+17,0.0,0.0,0.0,0.0,0.0,0.0,0.0,0.0,0,0,0,0.0,0.0,0.0,0.0,0.0,0.0,0.0,0.0,0.0,0.0,0.0,0.0,0.0,0.0,0.0,0.0,0,-107875648.0,69,0.0,138,0.0,2.012,ERR,ERR,ERR,ERR,ERR,ERR,ERR,ERR,ERR,ERR,ERR,ERR,ERR,ERR,ERR,ERR,ERR,ERR,ERR,ERR,ERR,ERR,ERR,ERR,ERR,ERR,ERR,ERR,ERR,ERR,ERR,ERR,ERR,ERR,ERR,ERR,ERR,ERR,ERR,ERR,ERR,ERR,ERR,ERR,ERR,ERR,ERR,ERR,ERR,ERR,ERR,ERR,ERR,ERR,ERR,ERR,ERR,ERR,ERR,ERR,ERR,ERR,ERR,ERR,ERR,ERR,ERR,60.0,60.0,35,0.0,0.0,0.0,0.0,0.0,0.0,0.0,0.0,0.0,0.0,0.0,0.0,0.0,0.0,0.0,0.0,65.2,0,148,70,49,65476,0,65476,1,4,4,20529,65476,0,0,2621,60.0,0.0,0.0,0.0,0.0,0.0
2026-07-09T15:27:42,ERR,ERR,ERR,ERR,ERR,ERR,ERR,ERR,ERR,ERR,ERR,ERR,ERR,ERR,ERR,ERR,ERR,ERR,ERR,ERR,ERR,ERR,ERR,ERR,ERR,ERR,ERR,ERR,ERR,ERR,ERR,ERR,ERR,ERR,ERR,ERR,ERR,ERR,ERR,ERR,ERR,ERR,ERR,ERR,ERR,ERR,ERR,ERR,ERR,ERR,ERR,ERR,ERR,ERR,ERR,ERR,ERR,ERR,ERR,ERR,ERR,ERR,ERR,ERR,ERR,ERR,ERR,ERR,ERR,ERR,ERR,ERR,ERR,ERR,ERR,ERR,ERR,ERR,ERR,ERR,ERR,ERR,ERR,ERR,ERR,ERR,ERR,ERR,ERR,ERR,ERR,ERR,ERR,ERR,ERR,ERR,ERR,ERR,ERR,ERR,ERR,ERR,ERR,ERR,ERR,ERR,ERR,ERR,ERR,ERR,ERR,ERR,ERR,ERR,ERR,ERR,ERR,ERR,ERR,ERR,ERR,ERR,ERR,ERR,ERR,0.0,-107616032.0,-0.0,0.0,-6.71268688174681e+35,8.583853454308104e+34,-1070641250304.0,0.0,0,0,4,17313,7116,0.0,100,0.0,0.0,0.0,0.0,0.0,0,0,0,0,0.0,0,0,0,0,0,0,0,0,0,0,0,0,0,0,0,0,0,0,0,0,0,0,0,0,0,0,0,0,0,0,0,0,0,31,40,40,71,65476,0,300,0,0,8,21553,0.0,-107605600.0,0.0,0.0,0.0,0.0,0.0,0.0,0.0,0.0,0.0,0.0,0.0,0.0,0.0,0.0,0.0,0.0,0.0,0.0,0.0,0.0,-2.004,0.0,0.0,0.0,0.0,0.0,0.0,0.0,5657.0,-0.0,6933.0,0.0,-107616032.0,2.004,2.004,0.0,0.0,0.0,0.0,69,-0.0,0.0,0.0,0.0,0.0,0.0,0.0,0.0,0.0,0,0,0,0.0,0.0,0.0,0.0,0.0,0.0,0.0,0.0,0.0,0.0,0.0,0.0,0.0,0.0,0.0,0.0,0,-107875648.0,69,0.0,138,0.0,2.012,ERR,ERR,ERR,ERR,ERR,ERR,ERR,ERR,ERR,ERR,ERR,ERR,ERR,ERR,ERR,ERR,ERR,ERR,ERR,ERR,ERR,ERR,ERR,ERR,ERR,ERR,ERR,ERR,ERR,ERR,ERR,ERR,ERR,ERR,ERR,ERR,ERR,ERR,ERR,ERR,ERR,ERR,ERR,ERR,ERR,ERR,ERR,ERR,ERR,ERR,ERR,ERR,ERR,ERR,ERR,ERR,ERR,ERR,ERR,ERR,ERR,ERR,ERR,ERR,ERR,ERR,ERR,60.0,60.0,35,0.0,0.0,0.0,0.0,0.0,0.0,0.0,0.0,0.0,0.0,0.0,0.0,0.0,0.0,0.0,0.0,64.8,0,148,70,50,65476,0,65476,1,4,4,20529,65476,0,0,2621,60.0,0.0,0.0,0.0,0.0,0.0
2026-07-09T15:27:43,ERR,ERR,ERR,ERR,ERR,ERR,ERR,ERR,ERR,ERR,ERR,ERR,ERR,ERR,ERR,ERR,ERR,ERR,ERR,ERR,ERR,ERR,ERR,ERR,ERR,ERR,ERR,ERR,ERR,ERR,ERR,ERR,ERR,ERR,ERR,ERR,ERR,ERR,ERR,ERR,ERR,ERR,ERR,ERR,ERR,ERR,ERR,ERR,ERR,ERR,ERR,ERR,ERR,ERR,ERR,ERR,ERR,ERR,ERR,ERR,ERR,ERR,ERR,ERR,ERR,ERR,ERR,ERR,ERR,ERR,ERR,ERR,ERR,ERR,ERR,ERR,ERR,ERR,ERR,ERR,ERR,ERR,ERR,ERR,ERR,ERR,ERR,ERR,ERR,ERR,ERR,ERR,ERR,ERR,ERR,ERR,ERR,ERR,ERR,ERR,ERR,ERR,ERR,ERR,ERR,ERR,ERR,ERR,ERR,ERR,ERR,ERR,ERR,ERR,ERR,ERR,ERR,ERR,ERR,ERR,ERR,ERR,ERR,ERR,ERR,0.0,-107616032.0,-0.0,0.0,-6.71268688174681e+35,8.583853454308104e+34,-1070641250304.0,0.0,0,0,4,17313,7116,0.0,100,0.0,0.0,0.0,0.0,0.0,0,0,0,0,0.0,0,0,0,0,0,0,0,0,0,0,0,0,0,0,0,0,0,0,0,0,0,0,0,0,0,0,0,0,0,0,0,0,0,31,40,40,71,65476,0,300,0,0,8,21553,0.0,-107605600.0,0.0,0.0,0.0,0.0,0.0,0.0,0.0,0.0,0.0,0.0,0.0,0.0,0.0,0.0,0.0,0.0,0.0,0.0,0.0,0.0,-2.004,0.0,0.0,0.0,0.0,0.0,0.0,0.0,5657.0,-0.0,6933.0,0.0,-107616032.0,2.004,2.004,0.0,0.0,0.0,0.0,69,-0.0,0.0,0.0,0.0,0.0,0.0,0.0,0.0,0.0,0,0,0,0.0,0.0,0.0,0.0,0.0,0.0,0.0,0.0,0.0,0.0,0.0,0.0,0.0,0.0,0.0,0.0,0,-107875648.0,69,0.0,138,0.0,2.012,ERR,ERR,ERR,ERR,ERR,ERR,ERR,ERR,ERR,ERR,ERR,ERR,ERR,ERR,ERR,ERR,ERR,ERR,ERR,ERR,ERR,ERR,ERR,ERR,ERR,ERR,ERR,ERR,ERR,ERR,ERR,ERR,ERR,ERR,ERR,ERR,ERR,ERR,ERR,ERR,ERR,ERR,ERR,ERR,ERR,ERR,ERR,ERR,ERR,ERR,ERR,ERR,ERR,ERR,ERR,ERR,ERR,ERR,ERR,ERR,ERR,ERR,ERR,ERR,ERR,ERR,ERR,60.0,60.0,35,0.0,0.0,0.0,0.0,0.0,0.0,0.0,0.0,0.0,0.0,0.0,0.0,0.0,0.0,0.0,0.0,65.2,0,148,70,50,65476,0,65476,1,4,4,20529,65476,0,0,2621,60.0,0.0,0.0,0.0,0.0,0.0
2026-07-09T15:27:44,ERR,ERR,ERR,ERR,ERR,ERR,ERR,ERR,ERR,ERR,ERR,ERR,ERR,ERR,ERR,ERR,ERR,ERR,ERR,ERR,ERR,ERR,ERR,ERR,ERR,ERR,ERR,ERR,ERR,ERR,ERR,ERR,ERR,ERR,ERR,ERR,ERR,ERR,ERR,ERR,ERR,ERR,ERR,ERR,ERR,ERR,ERR,ERR,ERR,ERR,ERR,ERR,ERR,ERR,ERR,ERR,ERR,ERR,ERR,ERR,ERR,ERR,ERR,ERR,ERR,ERR,ERR,ERR,ERR,ERR,ERR,ERR,ERR,ERR,ERR,ERR,ERR,ERR,ERR,ERR,ERR,ERR,ERR,ERR,ERR,ERR,ERR,ERR,ERR,ERR,ERR,ERR,ERR,ERR,ERR,ERR,ERR,ERR,ERR,ERR,ERR,ERR,ERR,ERR,ERR,ERR,ERR,ERR,ERR,ERR,ERR,ERR,ERR,ERR,ERR,ERR,ERR,ERR,ERR,ERR,ERR,ERR,ERR,ERR,ERR,0.0,-107616032.0,-0.0,0.0,-6.71268688174681e+35,8.583853454308104e+34,-1070641250304.0,0.0,0,0,4,17313,7116,0.0,100,0.0,0.0,0.0,0.0,0.0,0,0,0,0,0.0,0,0,0,0,0,0,0,0,0,0,0,0,0,0,0,0,0,0,0,0,0,0,0,0,0,0,0,0,0,0,0,0,0,31,40,40,71,65476,0,300,0,0,8,21553,0.0,-107605600.0,0.0,0.0,0.0,0.0,0.0,0.0,0.0,0.0,0.0,0.0,0.0,0.0,0.0,0.0,0.0,0.0,0.0,0.0,0.0,0.0,-2.004,0.0,0.0,0.0,0.0,0.0,0.0,0.0,5657.0,-0.0,6933.0,0.0,-107616032.0,2.004,2.004,0.0,0.0,0.0,0.0,69,-0.0,0.0,0.0,0.0,0.0,0.0,0.0,0.0,0.0,0,0,0,0.0,0.0,0.0,0.0,0.0,0.0,0.0,0.0,0.0,0.0,0.0,0.0,0.0,0.0,0.0,0.0,0,-107875648.0,69,0.0,138,0.0,2.012,ERR,ERR,ERR,ERR,ERR,ERR,ERR,ERR,ERR,ERR,ERR,ERR,ERR,ERR,ERR,ERR,ERR,ERR,ERR,ERR,ERR,ERR,ERR,ERR,ERR,ERR,ERR,ERR,ERR,ERR,ERR,ERR,ERR,ERR,ERR,ERR,ERR,ERR,ERR,ERR,ERR,ERR,ERR,ERR,ERR,ERR,ERR,ERR,ERR,ERR,ERR,ERR,ERR,ERR,ERR,ERR,ERR,ERR,ERR,ERR,ERR,ERR,ERR,ERR,ERR,ERR,ERR,60.0,60.0,35,0.0,0.0,0.0,0.0,0.0,0.0,0.0,0.0,0.0,0.0,0.0,0.0,0.0,0.0,0.0,0.0,65.2,0,148,70,50,65476,0,65476,1,4,4,20529,65476,0,0,2621,60.0,0.0,0.0,0.0,0.0,0.0
2026-07-09T15:27:45,ERR,ERR,ERR,ERR,ERR,ERR,ERR,ERR,ERR,ERR,ERR,ERR,ERR,ERR,ERR,ERR,ERR,ERR,ERR,ERR,ERR,ERR,ERR,ERR,ERR,ERR,ERR,ERR,ERR,ERR,ERR,ERR,ERR,ERR,ERR,ERR,ERR,ERR,ERR,ERR,ERR,ERR,ERR,ERR,ERR,ERR,ERR,ERR,ERR,ERR,ERR,ERR,ERR,ERR,ERR,ERR,ERR,ERR,ERR,ERR,ERR,ERR,ERR,ERR,ERR,ERR,ERR,ERR,ERR,ERR,ERR,ERR,ERR,ERR,ERR,ERR,ERR,ERR,ERR,ERR,ERR,ERR,ERR,ERR,ERR,ERR,ERR,ERR,ERR,ERR,ERR,ERR,ERR,ERR,ERR,ERR,ERR,ERR,ERR,ERR,ERR,ERR,ERR,ERR,ERR,ERR,ERR,ERR,ERR,ERR,ERR,ERR,ERR,ERR,ERR,ERR,ERR,ERR,ERR,ERR,ERR,ERR,ERR,ERR,ERR,0.0,-107616032.0,-0.0,0.0,-6.71268688174681e+35,8.583853454308104e+34,-1070641250304.0,0.0,0,0,4,17313,7116,0.0,100,0.0,0.0,0.0,0.0,0.0,0,0,0,0,0.0,0,0,0,0,0,0,0,0,0,0,0,0,0,0,0,0,0,0,0,0,0,0,0,0,0,0,0,0,0,0,0,0,0,31,40,40,71,65476,0,300,0,0,8,21553,0.0,-107605600.0,0.0,0.0,0.0,0.0,0.0,0.0,0.0,0.0,0.0,0.0,0.0,0.0,0.0,0.0,0.0,0.0,0.0,0.0,0.0,0.0,-2.004,0.0,0.0,0.0,0.0,0.0,0.0,0.0,5657.0,-0.0,6933.0,0.0,-107616032.0,2.004,2.004,0.0,0.0,0.0,0.0,69,-0.0,0.0,0.0,0.0,0.0,0.0,0.0,0.0,0.0,0,0,0,0.0,0.0,0.0,0.0,0.0,0.0,0.0,0.0,0.0,0.0,0.0,0.0,0.0,0.0,0.0,0.0,0,-107875648.0,69,0.0,138,0.0,2.012,ERR,ERR,ERR,ERR,ERR,ERR,ERR,ERR,ERR,ERR,ERR,ERR,ERR,ERR,ERR,ERR,ERR,ERR,ERR,ERR,ERR,ERR,ERR,ERR,ERR,ERR,ERR,ERR,ERR,ERR,ERR,ERR,ERR,ERR,ERR,ERR,ERR,ERR,ERR,ERR,ERR,ERR,ERR,ERR,ERR,ERR,ERR,ERR,ERR,ERR,ERR,ERR,ERR,ERR,ERR,ERR,ERR,ERR,ERR,ERR,ERR,ERR,ERR,ERR,ERR,ERR,ERR,60.0,60.0,35,0.0,0.0,0.0,0.0,0.0,0.0,0.0,0.0,0.0,0.0,0.0,0.0,0.0,0.0,0.0,0.0,65.2,0,149,71,50,65476,0,65476,1,4,4,20529,65476,0,0,2621,60.0,0.0,0.0,0.0,0.0,0.0
2026-07-09T15:27:46,ERR,ERR,ERR,ERR,ERR,ERR,ERR,ERR,ERR,ERR,ERR,ERR,ERR,ERR,ERR,ERR,ERR,ERR,ERR,ERR,ERR,ERR,ERR,ERR,ERR,ERR,ERR,ERR,ERR,ERR,ERR,ERR,ERR,ERR,ERR,ERR,ERR,ERR,ERR,ERR,ERR,ERR,ERR,ERR,ERR,ERR,ERR,ERR,ERR,ERR,ERR,ERR,ERR,ERR,ERR,ERR,ERR,ERR,ERR,ERR,ERR,ERR,ERR,ERR,ERR,ERR,ERR,ERR,ERR,ERR,ERR,ERR,ERR,ERR,ERR,ERR,ERR,ERR,ERR,ERR,ERR,ERR,ERR,ERR,ERR,ERR,ERR,ERR,ERR,ERR,ERR,ERR,ERR,ERR,ERR,ERR,ERR,ERR,ERR,ERR,ERR,ERR,ERR,ERR,ERR,ERR,ERR,ERR,ERR,ERR,ERR,ERR,ERR,ERR,ERR,ERR,ERR,ERR,ERR,ERR,ERR,ERR,ERR,ERR,ERR,0.0,-107616032.0,-0.0,0.0,-6.71268688174681e+35,8.583853454308104e+34,-1070641250304.0,0.0,0,0,4,17313,7116,0.0,100,0.0,0.0,0.0,0.0,0.0,0,0,0,0,0.0,0,0,0,0,0,0,0,0,0,0,0,0,0,0,0,0,0,0,0,0,0,0,0,0,0,0,0,0,0,0,0,0,0,31,40,40,71,65476,0,300,0,0,8,21553,0.0,-107605600.0,0.0,0.0,0.0,0.0,0.0,0.0,0.0,0.0,0.0,0.0,0.0,0.0,0.0,0.0,0.0,0.0,0.0,0.0,0.0,0.0,-2.004,0.0,0.0,0.0,0.0,0.0,0.0,0.0,5657.0,-0.0,6933.0,0.0,-107616032.0,2.004,2.004,0.0,0.0,0.0,0.0,69,-0.0,0.0,0.0,0.0,0.0,0.0,0.0,0.0,0.0,0,0,0,0.0,0.0,0.0,0.0,0.0,0.0,0.0,0.0,0.0,0.0,0.0,0.0,0.0,0.0,0.0,0.0,0,-107875648.0,69,0.0,138,0.0,2.012,ERR,ERR,ERR,ERR,ERR,ERR,ERR,ERR,ERR,ERR,ERR,ERR,ERR,ERR,ERR,ERR,ERR,ERR,ERR,ERR,ERR,ERR,ERR,ERR,ERR,ERR,ERR,ERR,ERR,ERR,ERR,ERR,ERR,ERR,ERR,ERR,ERR,ERR,ERR,ERR,ERR,ERR,ERR,ERR,ERR,ERR,ERR,ERR,ERR,ERR,ERR,ERR,ERR,ERR,ERR,ERR,ERR,ERR,ERR,ERR,ERR,ERR,ERR,ERR,ERR,ERR,ERR,60.0,60.0,35,0.0,0.0,0.0,0.0,0.0,0.0,0.0,0.0,0.0,0.0,0.0,0.0,0.0,0.0,0.0,0.0,65.2,0,149,71,50,65476,0,65476,1,4,4,20529,65476,0,0,2621,60.0,0.0,0.0,0.0,0.0,0.0
2026-07-09T15:27:47,ERR,ERR,ERR,ERR,ERR,ERR,ERR,ERR,ERR,ERR,ERR,ERR,ERR,ERR,ERR,ERR,ERR,ERR,ERR,ERR,ERR,ERR,ERR,ERR,ERR,ERR,ERR,ERR,ERR,ERR,ERR,ERR,ERR,ERR,ERR,ERR,ERR,ERR,ERR,ERR,ERR,ERR,ERR,ERR,ERR,ERR,ERR,ERR,ERR,ERR,ERR,ERR,ERR,ERR,ERR,ERR,ERR,ERR,ERR,ERR,ERR,ERR,ERR,ERR,ERR,ERR,ERR,ERR,ERR,ERR,ERR,ERR,ERR,ERR,ERR,ERR,ERR,ERR,ERR,ERR,ERR,ERR,ERR,ERR,ERR,ERR,ERR,ERR,ERR,ERR,ERR,ERR,ERR,ERR,ERR,ERR,ERR,ERR,ERR,ERR,ERR,ERR,ERR,ERR,ERR,ERR,ERR,ERR,ERR,ERR,ERR,ERR,ERR,ERR,ERR,ERR,ERR,ERR,ERR,ERR,ERR,ERR,ERR,ERR,ERR,0.0,0.0,2.718419572516956e+23,0.0,0.0,0.0,-0.0,-0.0,0,0,4,17314,7116,0.0,100,0.0,0.0,0.0,0.0,0.0,0,0,0,0,0.0,0,0,0,0,0,0,0,0,0,0,0,0,0,0,0,0,0,0,0,0,0,0,0,0,0,0,0,0,0,0,0,0,0,31,40,40,71,65476,0,300,0,0,8,21553,0.0,-107605600.0,0.0,0.0,0.0,0.0,0.0,0.0,0.0,0.0,0.0,0.0,0.0,0.0,0.0,0.0,0.0,0.0,0.0,0.0,0.0,0.0,-2.004,2.004,0.0,0.0,0.0,0.0,0.0,0.0,5659.0,0.0,6914.0,0.0,2.7184456933947948e+23,2.004,2.004,0.0,0.0,0.0,0.0,69,-4.9504212476177815e+32,1.9056902177344717e+17,0.0,0.0,0.0,0.0,0.0,0.0,0.0,0,0,0,0.0,0.0,0.0,0.0,0.0,0.0,0.0,0.0,0.0,0.0,0.0,0.0,0.0,0.0,0.0,0.0,0,-107875648.0,69,0.0,138,0.0,2.012,ERR,ERR,ERR,ERR,ERR,ERR,ERR,ERR,ERR,ERR,ERR,ERR,ERR,ERR,ERR,ERR,ERR,ERR,ERR,ERR,ERR,ERR,ERR,ERR,ERR,ERR,ERR,ERR,ERR,ERR,ERR,ERR,ERR,ERR,ERR,ERR,ERR,ERR,ERR,ERR,ERR,ERR,ERR,ERR,ERR,ERR,ERR,ERR,ERR,ERR,ERR,ERR,ERR,ERR,ERR,ERR,ERR,ERR,ERR,ERR,ERR,ERR,ERR,ERR,ERR,ERR,ERR,60.0,60.0,35,0.0,0.0,0.0,0.0,0.0,0.0,0.0,0.0,0.0,0.0,0.0,0.0,0.0,0.0,0.0,0.0,65.6,0,149,71,50,65476,0,65476,1,4,4,20529,65476,0,0,2621,60.0,0.0,0.0,0.0,0.0,0.0
2026-07-09T15:27:48,ERR,ERR,ERR,ERR,ERR,ERR,ERR,ERR,ERR,ERR,ERR,ERR,ERR,ERR,ERR,ERR,ERR,ERR,ERR,ERR,ERR,ERR,ERR,ERR,ERR,ERR,ERR,ERR,ERR,ERR,ERR,ERR,ERR,ERR,ERR,ERR,ERR,ERR,ERR,ERR,ERR,ERR,ERR,ERR,ERR,ERR,ERR,ERR,ERR,ERR,ERR,ERR,ERR,ERR,ERR,ERR,ERR,ERR,ERR,ERR,ERR,ERR,ERR,ERR,ERR,ERR,ERR,ERR,ERR,ERR,ERR,ERR,ERR,ERR,ERR,ERR,ERR,ERR,ERR,ERR,ERR,ERR,ERR,ERR,ERR,ERR,ERR,ERR,ERR,ERR,ERR,ERR,ERR,ERR,ERR,ERR,ERR,ERR,ERR,ERR,ERR,ERR,ERR,ERR,ERR,ERR,ERR,ERR,ERR,ERR,ERR,ERR,ERR,ERR,ERR,ERR,ERR,ERR,ERR,ERR,ERR,ERR,ERR,ERR,ERR,0.0,0.0,2.718419572516956e+23,0.0,0.0,0.0,-0.0,-0.0,0,0,4,17314,7116,0.0,100,0.0,0.0,0.0,0.0,0.0,0,0,0,0,0.0,0,0,0,0,0,0,0,0,0,0,0,0,0,0,0,0,0,0,0,0,0,0,0,0,0,0,0,0,0,0,0,0,0,31,40,40,71,65476,0,300,0,0,8,21553,0.0,-107605600.0,0.0,0.0,0.0,0.0,0.0,0.0,0.0,0.0,0.0,0.0,0.0,0.0,0.0,0.0,0.0,0.0,0.0,0.0,0.0,0.0,-2.004,2.004,0.0,0.0,0.0,0.0,0.0,0.0,5659.0,0.0,6914.0,0.0,2.7184456933947948e+23,2.004,2.004,0.0,0.0,0.0,0.0,69,-4.9504212476177815e+32,1.9056902177344717e+17,0.0,0.0,0.0,0.0,0.0,0.0,0.0,0,0,0,0.0,0.0,0.0,0.0,0.0,0.0,0.0,0.0,0.0,0.0,0.0,0.0,0.0,0.0,0.0,0.0,0,-107875648.0,69,0.0,138,0.0,2.012,ERR,ERR,ERR,ERR,ERR,ERR,ERR,ERR,ERR,ERR,ERR,ERR,ERR,ERR,ERR,ERR,ERR,ERR,ERR,ERR,ERR,ERR,ERR,ERR,ERR,ERR,ERR,ERR,ERR,ERR,ERR,ERR,ERR,ERR,ERR,ERR,ERR,ERR,ERR,ERR,ERR,ERR,ERR,ERR,ERR,ERR,ERR,ERR,ERR,ERR,ERR,ERR,ERR,ERR,ERR,ERR,ERR,ERR,ERR,ERR,ERR,ERR,ERR,ERR,ERR,ERR,ERR,60.0,60.0,35,0.0,0.0,0.0,0.0,0.0,0.0,0.0,0.0,0.0,0.0,0.0,0.0,0.0,0.0,0.0,0.0,65.6,0,149,71,50,65476,0,65476,1,4,4,20529,65476,0,0,2621,60.0,0.0,0.0,0.0,0.0,0.0
2026-07-09T15:27:49,ERR,ERR,ERR,ERR,ERR,ERR,ERR,ERR,ERR,ERR,ERR,ERR,ERR,ERR,ERR,ERR,ERR,ERR,ERR,ERR,ERR,ERR,ERR,ERR,ERR,ERR,ERR,ERR,ERR,ERR,ERR,ERR,ERR,ERR,ERR,ERR,ERR,ERR,ERR,ERR,ERR,ERR,ERR,ERR,ERR,ERR,ERR,ERR,ERR,ERR,ERR,ERR,ERR,ERR,ERR,ERR,ERR,ERR,ERR,ERR,ERR,ERR,ERR,ERR,ERR,ERR,ERR,ERR,ERR,ERR,ERR,ERR,ERR,ERR,ERR,ERR,ERR,ERR,ERR,ERR,ERR,ERR,ERR,ERR,ERR,ERR,ERR,ERR,ERR,ERR,ERR,ERR,ERR,ERR,ERR,ERR,ERR,ERR,ERR,ERR,ERR,ERR,ERR,ERR,ERR,ERR,ERR,ERR,ERR,ERR,ERR,ERR,ERR,ERR,ERR,ERR,ERR,ERR,ERR,ERR,ERR,ERR,ERR,ERR,ERR,0.0,0.0,2.718419572516956e+23,0.0,0.0,0.0,-0.0,-0.0,0,0,4,17314,7116,0.0,100,0.0,0.0,0.0,0.0,0.0,0,0,0,0,0.0,0,0,0,0,0,0,0,0,0,0,0,0,0,0,0,0,0,0,0,0,0,0,0,0,0,0,0,0,0,0,0,0,0,31,40,40,71,65476,0,300,0,0,8,21553,0.0,-107605600.0,0.0,0.0,0.0,0.0,0.0,0.0,0.0,0.0,0.0,0.0,0.0,0.0,0.0,0.0,0.0,0.0,0.0,0.0,0.0,0.0,-2.004,2.004,0.0,0.0,0.0,0.0,0.0,0.0,5659.0,0.0,6914.0,0.0,2.7184456933947948e+23,2.004,2.004,0.0,0.0,0.0,0.0,69,-4.9504212476177815e+32,1.9056902177344717e+17,0.0,0.0,0.0,0.0,0.0,0.0,0.0,0,0,0,0.0,0.0,0.0,0.0,0.0,0.0,0.0,0.0,0.0,0.0,0.0,0.0,0.0,0.0,0.0,0.0,0,-107875648.0,69,0.0,138,0.0,2.012,ERR,ERR,ERR,ERR,ERR,ERR,ERR,ERR,ERR,ERR,ERR,ERR,ERR,ERR,ERR,ERR,ERR,ERR,ERR,ERR,ERR,ERR,ERR,ERR,ERR,ERR,ERR,ERR,ERR,ERR,ERR,ERR,ERR,ERR,ERR,ERR,ERR,ERR,ERR,ERR,ERR,ERR,ERR,ERR,ERR,ERR,ERR,ERR,ERR,ERR,ERR,ERR,ERR,ERR,ERR,ERR,ERR,ERR,ERR,ERR,ERR,ERR,ERR,ERR,ERR,ERR,ERR,60.0,60.0,35,0.0,0.0,0.0,0.0,0.0,0.0,0.0,0.0,0.0,0.0,0.0,0.0,0.0,0.0,0.0,0.0,65.2,0,149,71,50,65476,0,65476,1,4,4,20529,65476,0,0,2621,60.0,0.0,0.0,0.0,0.0,0.0
2026-07-09T15:27:50,ERR,ERR,ERR,ERR,ERR,ERR,ERR,ERR,ERR,ERR,ERR,ERR,ERR,ERR,ERR,ERR,ERR,ERR,ERR,ERR,ERR,ERR,ERR,ERR,ERR,ERR,ERR,ERR,ERR,ERR,ERR,ERR,ERR,ERR,ERR,ERR,ERR,ERR,ERR,ERR,ERR,ERR,ERR,ERR,ERR,ERR,ERR,ERR,ERR,ERR,ERR,ERR,ERR,ERR,ERR,ERR,ERR,ERR,ERR,ERR,ERR,ERR,ERR,ERR,ERR,ERR,ERR,ERR,ERR,ERR,ERR,ERR,ERR,ERR,ERR,ERR,ERR,ERR,ERR,ERR,ERR,ERR,ERR,ERR,ERR,ERR,ERR,ERR,ERR,ERR,ERR,ERR,ERR,ERR,ERR,ERR,ERR,ERR,ERR,ERR,ERR,ERR,ERR,ERR,ERR,ERR,ERR,ERR,ERR,ERR,ERR,ERR,ERR,ERR,ERR,ERR,ERR,ERR,ERR,ERR,ERR,ERR,ERR,ERR,ERR,0.0,0.0,2.718419572516956e+23,0.0,0.0,0.0,-0.0,-0.0,0,0,4,17314,7116,0.0,100,0.0,0.0,0.0,0.0,0.0,0,0,0,0,0.0,0,0,0,0,0,0,0,0,0,0,0,0,0,0,0,0,0,0,0,0,0,0,0,0,0,0,0,0,0,0,0,0,0,31,40,40,71,65476,0,300,0,0,8,21553,0.0,-107605600.0,0.0,0.0,0.0,0.0,0.0,0.0,0.0,0.0,0.0,0.0,0.0,0.0,0.0,0.0,0.0,0.0,0.0,0.0,0.0,0.0,-2.004,2.004,0.0,0.0,0.0,0.0,0.0,0.0,5659.0,0.0,6914.0,0.0,2.7184456933947948e+23,2.004,2.004,0.0,0.0,0.0,0.0,69,-4.9504212476177815e+32,1.9056902177344717e+17,0.0,0.0,0.0,0.0,0.0,0.0,0.0,0,0,0,0.0,0.0,0.0,0.0,0.0,0.0,0.0,0.0,0.0,0.0,0.0,0.0,0.0,0.0,0.0,0.0,0,-107875648.0,69,0.0,138,0.0,2.012,ERR,ERR,ERR,ERR,ERR,ERR,ERR,ERR,ERR,ERR,ERR,ERR,ERR,ERR,ERR,ERR,ERR,ERR,ERR,ERR,ERR,ERR,ERR,ERR,ERR,ERR,ERR,ERR,ERR,ERR,ERR,ERR,ERR,ERR,ERR,ERR,ERR,ERR,ERR,ERR,ERR,ERR,ERR,ERR,ERR,ERR,ERR,ERR,ERR,ERR,ERR,ERR,ERR,ERR,ERR,ERR,ERR,ERR,ERR,ERR,ERR,ERR,ERR,ERR,ERR,ERR,ERR,60.0,60.0,35,0.0,0.0,0.0,0.0,0.0,0.0,0.0,0.0,0.0,0.0,0.0,0.0,0.0,0.0,0.0,0.0,65.2,0,149,71,50,65476,0,65476,1,4,4,20529,65476,0,0,2621,60.0,0.0,0.0,0.0,0.0,0.0
2026-07-09T15:27:51,ERR,ERR,ERR,ERR,ERR,ERR,ERR,ERR,ERR,ERR,ERR,ERR,ERR,ERR,ERR,ERR,ERR,ERR,ERR,ERR,ERR,ERR,ERR,ERR,ERR,ERR,ERR,ERR,ERR,ERR,ERR,ERR,ERR,ERR,ERR,ERR,ERR,ERR,ERR,ERR,ERR,ERR,ERR,ERR,ERR,ERR,ERR,ERR,ERR,ERR,ERR,ERR,ERR,ERR,ERR,ERR,ERR,ERR,ERR,ERR,ERR,ERR,ERR,ERR,ERR,ERR,ERR,ERR,ERR,ERR,ERR,ERR,ERR,ERR,ERR,ERR,ERR,ERR,ERR,ERR,ERR,ERR,ERR,ERR,ERR,ERR,ERR,ERR,ERR,ERR,ERR,ERR,ERR,ERR,ERR,ERR,ERR,ERR,ERR,ERR,ERR,ERR,ERR,ERR,ERR,ERR,ERR,ERR,ERR,ERR,ERR,ERR,ERR,ERR,ERR,ERR,ERR,ERR,ERR,ERR,ERR,ERR,ERR,ERR,ERR,0.0,0.0,2.718419572516956e+23,0.0,0.0,0.0,-0.0,-0.0,0,0,4,17314,7116,0.0,100,0.0,0.0,0.0,0.0,0.0,0,0,0,0,0.0,0,0,0,0,0,0,0,0,0,0,0,0,0,0,0,0,0,0,0,0,0,0,0,0,0,0,0,0,0,0,0,0,0,31,40,40,71,65476,0,300,0,0,8,21553,0.0,-107605600.0,0.0,0.0,0.0,0.0,0.0,0.0,0.0,0.0,0.0,0.0,0.0,0.0,0.0,0.0,0.0,0.0,0.0,0.0,0.0,0.0,-2.004,2.004,0.0,0.0,0.0,0.0,0.0,0.0,5659.0,0.0,6914.0,0.0,2.7184456933947948e+23,2.004,2.004,0.0,0.0,0.0,0.0,69,-4.9504212476177815e+32,1.9056902177344717e+17,0.0,0.0,0.0,0.0,0.0,0.0,0.0,0,0,0,0.0,0.0,0.0,0.0,0.0,0.0,0.0,0.0,0.0,0.0,0.0,0.0,0.0,0.0,0.0,0.0,0,-107875648.0,69,0.0,138,0.0,2.012,ERR,ERR,ERR,ERR,ERR,ERR,ERR,ERR,ERR,ERR,ERR,ERR,ERR,ERR,ERR,ERR,ERR,ERR,ERR,ERR,ERR,ERR,ERR,ERR,ERR,ERR,ERR,ERR,ERR,ERR,ERR,ERR,ERR,ERR,ERR,ERR,ERR,ERR,ERR,ERR,ERR,ERR,ERR,ERR,ERR,ERR,ERR,ERR,ERR,ERR,ERR,ERR,ERR,ERR,ERR,ERR,ERR,ERR,ERR,ERR,ERR,ERR,ERR,ERR,ERR,ERR,ERR,60.0,60.0,35,0.0,0.0,0.0,0.0,0.0,0.0,0.0,0.0,0.0,0.0,0.0,0.0,0.0,0.0,0.0,0.0,65.2,0,149,71,50,65476,0,65476,1,4,4,20529,65476,0,0,2621,60.0,0.0,0.0,0.0,0.0,0.0
2026-07-09T15:27:52,ERR,ERR,ERR,ERR,ERR,ERR,ERR,ERR,ERR,ERR,ERR,ERR,ERR,ERR,ERR,ERR,ERR,ERR,ERR,ERR,ERR,ERR,ERR,ERR,ERR,ERR,ERR,ERR,ERR,ERR,ERR,ERR,ERR,ERR,ERR,ERR,ERR,ERR,ERR,ERR,ERR,ERR,ERR,ERR,ERR,ERR,ERR,ERR,ERR,ERR,ERR,ERR,ERR,ERR,ERR,ERR,ERR,ERR,ERR,ERR,ERR,ERR,ERR,ERR,ERR,ERR,ERR,ERR,ERR,ERR,ERR,ERR,ERR,ERR,ERR,ERR,ERR,ERR,ERR,ERR,ERR,ERR,ERR,ERR,ERR,ERR,ERR,ERR,ERR,ERR,ERR,ERR,ERR,ERR,ERR,ERR,ERR,ERR,ERR,ERR,ERR,ERR,ERR,ERR,ERR,ERR,ERR,ERR,ERR,ERR,ERR,ERR,ERR,ERR,ERR,ERR,ERR,ERR,ERR,ERR,ERR,ERR,ERR,ERR,ERR,0.0,-0.0,0.0,0.0,-12.018,13573109760.0,-2.5476637898309632e+17,2.5604727799688657e+35,0,0,4,17312,7116,0.0,100,0.0,0.0,0.0,0.0,0.0,0,0,0,0,0.0,0,0,0,0,0,0,0,0,0,0,0,0,0,0,0,0,0,0,0,0,0,0,0,0,0,0,0,0,0,0,0,0,0,31,40,40,71,65476,0,300,0,0,8,21553,0.0,-107605600.0,0.0,0.0,0.0,0.0,0.0,0.0,0.0,0.0,0.0,0.0,0.0,0.0,0.0,0.0,0.0,0.0,0.0,0.0,0.0,0.0,-2.004,-0.0,0.0,0.0,0.0,0.0,0.0,0.0,5616.0,-0.0,6935.0,0.0,-107616040.0,2.004,2.004,0.0,0.0,0.0,0.0,69,-107615200.0,-3.222011621680923e+26,0.0,0.0,0.0,0.0,0.0,0.0,0.0,0,0,0,0.0,0.0,0.0,0.0,0.0,0.0,0.0,0.0,0.0,0.0,0.0,0.0,0.0,0.0,0.0,0.0,0,-107875648.0,69,0.0,138,0.0,2.012,ERR,ERR,ERR,ERR,ERR,ERR,ERR,ERR,ERR,ERR,ERR,ERR,ERR,ERR,ERR,ERR,ERR,ERR,ERR,ERR,ERR,ERR,ERR,ERR,ERR,ERR,ERR,ERR,ERR,ERR,ERR,ERR,ERR,ERR,ERR,ERR,ERR,ERR,ERR,ERR,ERR,ERR,ERR,ERR,ERR,ERR,ERR,ERR,ERR,ERR,ERR,ERR,ERR,ERR,ERR,ERR,ERR,ERR,ERR,ERR,ERR,ERR,ERR,ERR,ERR,ERR,ERR,60.0,60.0,35,0.0,0.0,0.0,0.0,0.0,0.0,0.0,0.0,0.0,0.0,0.0,0.0,0.0,0.0,0.0,0.0,65.2,0,150,71,50,65476,0,65476,1,4,4,20529,65476,0,0,2621,60.0,0.0,0.0,0.0,0.0,0.0
2026-07-09T15:27:53,ERR,ERR,ERR,ERR,ERR,ERR,ERR,ERR,ERR,ERR,ERR,ERR,ERR,ERR,ERR,ERR,ERR,ERR,ERR,ERR,ERR,ERR,ERR,ERR,ERR,ERR,ERR,ERR,ERR,ERR,ERR,ERR,ERR,ERR,ERR,ERR,ERR,ERR,ERR,ERR,ERR,ERR,ERR,ERR,ERR,ERR,ERR,ERR,ERR,ERR,ERR,ERR,ERR,ERR,ERR,ERR,ERR,ERR,ERR,ERR,ERR,ERR,ERR,ERR,ERR,ERR,ERR,ERR,ERR,ERR,ERR,ERR,ERR,ERR,ERR,ERR,ERR,ERR,ERR,ERR,ERR,ERR,ERR,ERR,ERR,ERR,ERR,ERR,ERR,ERR,ERR,ERR,ERR,ERR,ERR,ERR,ERR,ERR,ERR,ERR,ERR,ERR,ERR,ERR,ERR,ERR,ERR,ERR,ERR,ERR,ERR,ERR,ERR,ERR,ERR,ERR,ERR,ERR,ERR,ERR,ERR,ERR,ERR,ERR,ERR,0.0,-0.0,0.0,0.0,-12.018,13573109760.0,-2.5476637898309632e+17,2.5604727799688657e+35,0,0,4,17312,7116,0.0,100,0.0,0.0,0.0,0.0,0.0,0,0,0,0,0.0,0,0,0,0,0,0,0,0,0,0,0,0,0,0,0,0,0,0,0,0,0,0,0,0,0,0,0,0,0,0,0,0,0,31,40,40,71,65476,0,300,0,0,8,21553,0.0,-107605600.0,0.0,0.0,0.0,0.0,0.0,0.0,0.0,0.0,0.0,0.0,0.0,0.0,0.0,0.0,0.0,0.0,0.0,0.0,0.0,0.0,-2.004,-0.0,0.0,0.0,0.0,0.0,0.0,0.0,5616.0,-0.0,6935.0,0.0,-107616040.0,2.004,2.004,0.0,0.0,0.0,0.0,69,-107615200.0,-3.222011621680923e+26,0.0,0.0,0.0,0.0,0.0,0.0,0.0,0,0,0,0.0,0.0,0.0,0.0,0.0,0.0,0.0,0.0,0.0,0.0,0.0,0.0,0.0,0.0,0.0,0.0,0,-107875648.0,69,0.0,138,0.0,2.012,ERR,ERR,ERR,ERR,ERR,ERR,ERR,ERR,ERR,ERR,ERR,ERR,ERR,ERR,ERR,ERR,ERR,ERR,ERR,ERR,ERR,ERR,ERR,ERR,ERR,ERR,ERR,ERR,ERR,ERR,ERR,ERR,ERR,ERR,ERR,ERR,ERR,ERR,ERR,ERR,ERR,ERR,ERR,ERR,ERR,ERR,ERR,ERR,ERR,ERR,ERR,ERR,ERR,ERR,ERR,ERR,ERR,ERR,ERR,ERR,ERR,ERR,ERR,ERR,ERR,ERR,ERR,60.0,60.0,35,0.0,0.0,0.0,0.0,0.0,0.0,0.0,0.0,0.0,0.0,0.0,0.0,0.0,0.0,0.0,0.0,65.2,0,150,71,50,65476,0,65476,1,4,4,20529,65476,0,0,2621,60.0,0.0,0.0,0.0,0.0,0.0
2026-07-09T15:27:54,ERR,ERR,ERR,ERR,ERR,ERR,ERR,ERR,ERR,ERR,ERR,ERR,ERR,ERR,ERR,ERR,ERR,ERR,ERR,ERR,ERR,ERR,ERR,ERR,ERR,ERR,ERR,ERR,ERR,ERR,ERR,ERR,ERR,ERR,ERR,ERR,ERR,ERR,ERR,ERR,ERR,ERR,ERR,ERR,ERR,ERR,ERR,ERR,ERR,ERR,ERR,ERR,ERR,ERR,ERR,ERR,ERR,ERR,ERR,ERR,ERR,ERR,ERR,ERR,ERR,ERR,ERR,ERR,ERR,ERR,ERR,ERR,ERR,ERR,ERR,ERR,ERR,ERR,ERR,ERR,ERR,ERR,ERR,ERR,ERR,ERR,ERR,ERR,ERR,ERR,ERR,ERR,ERR,ERR,ERR,ERR,ERR,ERR,ERR,ERR,ERR,ERR,ERR,ERR,ERR,ERR,ERR,ERR,ERR,ERR,ERR,ERR,ERR,ERR,ERR,ERR,ERR,ERR,ERR,ERR,ERR,ERR,ERR,ERR,ERR,0.0,-0.0,0.0,0.0,-12.018,13573109760.0,-2.5476637898309632e+17,2.5604727799688657e+35,0,0,4,17312,7116,0.0,100,0.0,0.0,0.0,0.0,0.0,0,0,0,0,0.0,0,0,0,0,0,0,0,0,0,0,0,0,0,0,0,0,0,0,0,0,0,0,0,0,0,0,0,0,0,0,0,0,0,31,40,40,71,65476,0,300,0,0,8,21553,0.0,-107605600.0,0.0,0.0,0.0,0.0,0.0,0.0,0.0,0.0,0.0,0.0,0.0,0.0,0.0,0.0,0.0,0.0,0.0,0.0,0.0,0.0,-2.004,-0.0,0.0,0.0,0.0,0.0,0.0,0.0,5616.0,-0.0,6935.0,0.0,-107616040.0,2.004,2.004,0.0,0.0,0.0,0.0,69,-107615200.0,-3.222011621680923e+26,0.0,0.0,0.0,0.0,0.0,0.0,0.0,0,0,0,0.0,0.0,0.0,0.0,0.0,0.0,0.0,0.0,0.0,0.0,0.0,0.0,0.0,0.0,0.0,0.0,0,-107875648.0,69,0.0,138,0.0,2.012,ERR,ERR,ERR,ERR,ERR,ERR,ERR,ERR,ERR,ERR,ERR,ERR,ERR,ERR,ERR,ERR,ERR,ERR,ERR,ERR,ERR,ERR,ERR,ERR,ERR,ERR,ERR,ERR,ERR,ERR,ERR,ERR,ERR,ERR,ERR,ERR,ERR,ERR,ERR,ERR,ERR,ERR,ERR,ERR,ERR,ERR,ERR,ERR,ERR,ERR,ERR,ERR,ERR,ERR,ERR,ERR,ERR,ERR,ERR,ERR,ERR,ERR,ERR,ERR,ERR,ERR,ERR,60.0,60.0,35,0.0,0.0,0.0,0.0,0.0,0.0,0.0,0.0,0.0,0.0,0.0,0.0,0.0,0.0,0.0,0.0,65.6,0,150,71,50,65476,0,65476,1,4,4,20529,65476,0,0,2621,60.0,0.0,0.0,0.0,0.0,0.0
2026-07-09T15:27:55,ERR,ERR,ERR,ERR,ERR,ERR,ERR,ERR,ERR,ERR,ERR,ERR,ERR,ERR,ERR,ERR,ERR,ERR,ERR,ERR,ERR,ERR,ERR,ERR,ERR,ERR,ERR,ERR,ERR,ERR,ERR,ERR,ERR,ERR,ERR,ERR,ERR,ERR,ERR,ERR,ERR,ERR,ERR,ERR,ERR,ERR,ERR,ERR,ERR,ERR,ERR,ERR,ERR,ERR,ERR,ERR,ERR,ERR,ERR,ERR,ERR,ERR,ERR,ERR,ERR,ERR,ERR,ERR,ERR,ERR,ERR,ERR,ERR,ERR,ERR,ERR,ERR,ERR,ERR,ERR,ERR,ERR,ERR,ERR,ERR,ERR,ERR,ERR,ERR,ERR,ERR,ERR,ERR,ERR,ERR,ERR,ERR,ERR,ERR,ERR,ERR,ERR,ERR,ERR,ERR,ERR,ERR,ERR,ERR,ERR,ERR,ERR,ERR,ERR,ERR,ERR,ERR,ERR,ERR,ERR,ERR,ERR,ERR,ERR,ERR,0.0,-0.0,0.0,0.0,-12.018,13573109760.0,-2.5476637898309632e+17,2.5604727799688657e+35,0,0,4,17312,7116,0.0,100,0.0,0.0,0.0,0.0,0.0,0,0,0,0,0.0,0,0,0,0,0,0,0,0,0,0,0,0,0,0,0,0,0,0,0,0,0,0,0,0,0,0,0,0,0,0,0,0,0,31,40,40,71,65476,0,300,0,0,8,21553,0.0,-107605600.0,0.0,0.0,0.0,0.0,0.0,0.0,0.0,0.0,0.0,0.0,0.0,0.0,0.0,0.0,0.0,0.0,0.0,0.0,0.0,0.0,-2.004,-0.0,0.0,0.0,0.0,0.0,0.0,0.0,5616.0,-0.0,6935.0,0.0,-107616040.0,2.004,2.004,0.0,0.0,0.0,0.0,69,-107615200.0,-3.222011621680923e+26,0.0,0.0,0.0,0.0,0.0,0.0,0.0,0,0,0,0.0,0.0,0.0,0.0,0.0,0.0,0.0,0.0,0.0,0.0,0.0,0.0,0.0,0.0,0.0,0.0,0,-107875648.0,69,0.0,138,0.0,2.012,ERR,ERR,ERR,ERR,ERR,ERR,ERR,ERR,ERR,ERR,ERR,ERR,ERR,ERR,ERR,ERR,ERR,ERR,ERR,ERR,ERR,ERR,ERR,ERR,ERR,ERR,ERR,ERR,ERR,ERR,ERR,ERR,ERR,ERR,ERR,ERR,ERR,ERR,ERR,ERR,ERR,ERR,ERR,ERR,ERR,ERR,ERR,ERR,ERR,ERR,ERR,ERR,ERR,ERR,ERR,ERR,ERR,ERR,ERR,ERR,ERR,ERR,ERR,ERR,ERR,ERR,ERR,60.0,60.0,35,0.0,0.0,0.0,0.0,0.0,0.0,0.0,0.0,0.0,0.0,0.0,0.0,0.0,0.0,0.0,0.0,65.6,0,150,71,50,65476,0,65476,1,4,4,20529,65476,0,0,2621,60.0,0.0,0.0,0.0,0.0,0.0
2026-07-09T15:27:56,ERR,ERR,ERR,ERR,ERR,ERR,ERR,ERR,ERR,ERR,ERR,ERR,ERR,ERR,ERR,ERR,ERR,ERR,ERR,ERR,ERR,ERR,ERR,ERR,ERR,ERR,ERR,ERR,ERR,ERR,ERR,ERR,ERR,ERR,ERR,ERR,ERR,ERR,ERR,ERR,ERR,ERR,ERR,ERR,ERR,ERR,ERR,ERR,ERR,ERR,ERR,ERR,ERR,ERR,ERR,ERR,ERR,ERR,ERR,ERR,ERR,ERR,ERR,ERR,ERR,ERR,ERR,ERR,ERR,ERR,ERR,ERR,ERR,ERR,ERR,ERR,ERR,ERR,ERR,ERR,ERR,ERR,ERR,ERR,ERR,ERR,ERR,ERR,ERR,ERR,ERR,ERR,ERR,ERR,ERR,ERR,ERR,ERR,ERR,ERR,ERR,ERR,ERR,ERR,ERR,ERR,ERR,ERR,ERR,ERR,ERR,ERR,ERR,ERR,ERR,ERR,ERR,ERR,ERR,ERR,ERR,ERR,ERR,ERR,ERR,0.0,-0.0,0.0,0.0,-12.018,13573109760.0,-2.5476637898309632e+17,2.5604727799688657e+35,0,0,4,17312,7116,0.0,100,0.0,0.0,0.0,0.0,0.0,0,0,0,0,0.0,0,0,0,0,0,0,0,0,0,0,0,0,0,0,0,0,0,0,0,0,0,0,0,0,0,0,0,0,0,0,0,0,0,31,40,40,71,65476,0,300,0,0,8,21553,0.0,-107605600.0,0.0,0.0,0.0,0.0,0.0,0.0,0.0,0.0,0.0,0.0,0.0,0.0,0.0,0.0,0.0,0.0,0.0,0.0,0.0,0.0,-2.004,-0.0,0.0,0.0,0.0,0.0,0.0,0.0,5616.0,-0.0,6935.0,0.0,-107616040.0,2.004,2.004,0.0,0.0,0.0,0.0,69,-107615200.0,-3.222011621680923e+26,0.0,0.0,0.0,0.0,0.0,0.0,0.0,0,0,0,0.0,0.0,0.0,0.0,0.0,0.0,0.0,0.0,0.0,0.0,0.0,0.0,0.0,0.0,0.0,0.0,0,-107875648.0,69,0.0,138,0.0,2.012,ERR,ERR,ERR,ERR,ERR,ERR,ERR,ERR,ERR,ERR,ERR,ERR,ERR,ERR,ERR,ERR,ERR,ERR,ERR,ERR,ERR,ERR,ERR,ERR,ERR,ERR,ERR,ERR,ERR,ERR,ERR,ERR,ERR,ERR,ERR,ERR,ERR,ERR,ERR,ERR,ERR,ERR,ERR,ERR,ERR,ERR,ERR,ERR,ERR,ERR,ERR,ERR,ERR,ERR,ERR,ERR,ERR,ERR,ERR,ERR,ERR,ERR,ERR,ERR,ERR,ERR,ERR,60.0,60.0,35,0.0,0.0,0.0,0.0,0.0,0.0,0.0,0.0,0.0,0.0,0.0,0.0,0.0,0.0,0.0,0.0,65.2,0,150,71,50,65476,0,65476,1,4,4,20529,65476,0,0,2621,60.0,0.0,0.0,0.0,0.0,0.0
2026-07-09T15:27:57,ERR,ERR,ERR,ERR,ERR,ERR,ERR,ERR,ERR,ERR,ERR,ERR,ERR,ERR,ERR,ERR,ERR,ERR,ERR,ERR,ERR,ERR,ERR,ERR,ERR,ERR,ERR,ERR,ERR,ERR,ERR,ERR,ERR,ERR,ERR,ERR,ERR,ERR,ERR,ERR,ERR,ERR,ERR,ERR,ERR,ERR,ERR,ERR,ERR,ERR,ERR,ERR,ERR,ERR,ERR,ERR,ERR,ERR,ERR,ERR,ERR,ERR,ERR,ERR,ERR,ERR,ERR,ERR,ERR,ERR,ERR,ERR,ERR,ERR,ERR,ERR,ERR,ERR,ERR,ERR,ERR,ERR,ERR,ERR,ERR,ERR,ERR,ERR,ERR,ERR,ERR,ERR,ERR,ERR,ERR,ERR,ERR,ERR,ERR,ERR,ERR,ERR,ERR,ERR,ERR,ERR,ERR,ERR,ERR,ERR,ERR,ERR,ERR,ERR,ERR,ERR,ERR,ERR,ERR,ERR,ERR,ERR,ERR,ERR,ERR,-0.0,-107616040.0,0.0,0.0,6765311688704000.0,-1.035696305013531e+33,-0.0,-2644.027,0,0,4,17312,7116,0.0,100,0.0,0.0,0.0,0.0,0.0,0,0,0,0,0.0,0,0,0,0,0,0,0,0,0,0,0,0,0,0,0,0,0,0,0,0,0,0,0,0,0,0,0,0,0,0,0,0,0,31,40,40,71,65476,0,300,0,0,8,21553,0.0,-107605600.0,0.0,0.0,0.0,0.0,0.0,0.0,0.0,0.0,0.0,0.0,0.0,0.0,0.0,0.0,0.0,0.0,0.0,0.0,0.0,0.0,-2.004,-0.0,0.0,0.0,0.0,0.0,0.0,0.0,5611.0,3.697194489913069e+19,6924.0,0.0,0.0,2.004,2.004,0.0,0.0,0.0,0.0,69,-2.308837375200314e+20,5.848065190538893e+35,0.0,0.0,0.0,0.0,0.0,0.0,0.0,0,0,0,0.0,0.0,0.0,0.0,0.0,0.0,0.0,0.0,0.0,0.0,0.0,0.0,0.0,0.0,0.0,0.0,0,-107875648.0,69,0.0,138,0.0,2.012,ERR,ERR,ERR,ERR,ERR,ERR,ERR,ERR,ERR,ERR,ERR,ERR,ERR,ERR,ERR,ERR,ERR,ERR,ERR,ERR,ERR,ERR,ERR,ERR,ERR,ERR,ERR,ERR,ERR,ERR,ERR,ERR,ERR,ERR,ERR,ERR,ERR,ERR,ERR,ERR,ERR,ERR,ERR,ERR,ERR,ERR,ERR,ERR,ERR,ERR,ERR,ERR,ERR,ERR,ERR,ERR,ERR,ERR,ERR,ERR,ERR,ERR,ERR,ERR,ERR,ERR,ERR,60.0,60.0,35,0.0,0.0,0.0,0.0,0.0,0.0,0.0,0.0,0.0,0.0,0.0,0.0,0.0,0.0,0.0,0.0,65.2,0,150,71,50,65476,0,65476,1,4,4,20529,65476,0,0,2621,60.0,0.0,0.0,0.0,0.0,0.0
2026-07-09T15:27:58,ERR,ERR,ERR,ERR,ERR,ERR,ERR,ERR,ERR,ERR,ERR,ERR,ERR,ERR,ERR,ERR,ERR,ERR,ERR,ERR,ERR,ERR,ERR,ERR,ERR,ERR,ERR,ERR,ERR,ERR,ERR,ERR,ERR,ERR,ERR,ERR,ERR,ERR,ERR,ERR,ERR,ERR,ERR,ERR,ERR,ERR,ERR,ERR,ERR,ERR,ERR,ERR,ERR,ERR,ERR,ERR,ERR,ERR,ERR,ERR,ERR,ERR,ERR,ERR,ERR,ERR,ERR,ERR,ERR,ERR,ERR,ERR,ERR,ERR,ERR,ERR,ERR,ERR,ERR,ERR,ERR,ERR,ERR,ERR,ERR,ERR,ERR,ERR,ERR,ERR,ERR,ERR,ERR,ERR,ERR,ERR,ERR,ERR,ERR,ERR,ERR,ERR,ERR,ERR,ERR,ERR,ERR,ERR,ERR,ERR,ERR,ERR,ERR,ERR,ERR,ERR,ERR,ERR,ERR,ERR,ERR,ERR,ERR,ERR,ERR,-0.0,-107616040.0,0.0,0.0,6765311688704000.0,-1.035696305013531e+33,-0.0,-2644.027,0,0,4,17312,7116,0.0,100,0.0,0.0,0.0,0.0,0.0,0,0,0,0,0.0,0,0,0,0,0,0,0,0,0,0,0,0,0,0,0,0,0,0,0,0,0,0,0,0,0,0,0,0,0,0,0,0,0,31,40,40,71,65476,0,300,0,0,8,21553,0.0,-107605600.0,0.0,0.0,0.0,0.0,0.0,0.0,0.0,0.0,0.0,0.0,0.0,0.0,0.0,0.0,0.0,0.0,0.0,0.0,0.0,0.0,-2.004,-0.0,0.0,0.0,0.0,0.0,0.0,0.0,5611.0,3.697194489913069e+19,6924.0,0.0,0.0,2.004,2.004,0.0,0.0,0.0,0.0,69,-2.308837375200314e+20,5.848065190538893e+35,0.0,0.0,0.0,0.0,0.0,0.0,0.0,0,0,0,0.0,0.0,0.0,0.0,0.0,0.0,0.0,0.0,0.0,0.0,0.0,0.0,0.0,0.0,0.0,0.0,0,-107875648.0,69,0.0,138,0.0,2.012,ERR,ERR,ERR,ERR,ERR,ERR,ERR,ERR,ERR,ERR,ERR,ERR,ERR,ERR,ERR,ERR,ERR,ERR,ERR,ERR,ERR,ERR,ERR,ERR,ERR,ERR,ERR,ERR,ERR,ERR,ERR,ERR,ERR,ERR,ERR,ERR,ERR,ERR,ERR,ERR,ERR,ERR,ERR,ERR,ERR,ERR,ERR,ERR,ERR,ERR,ERR,ERR,ERR,ERR,ERR,ERR,ERR,ERR,ERR,ERR,ERR,ERR,ERR,ERR,ERR,ERR,ERR,60.0,60.0,35,0.0,0.0,0.0,0.0,0.0,0.0,0.0,0.0,0.0,0.0,0.0,0.0,0.0,0.0,0.0,0.0,65.2,0,150,71,50,65476,0,65476,1,4,4,20529,65476,0,0,2621,60.0,0.0,0.0,0.0,0.0,0.0
2026-07-09T15:27:59,ERR,ERR,ERR,ERR,ERR,ERR,ERR,ERR,ERR,ERR,ERR,ERR,ERR,ERR,ERR,ERR,ERR,ERR,ERR,ERR,ERR,ERR,ERR,ERR,ERR,ERR,ERR,ERR,ERR,ERR,ERR,ERR,ERR,ERR,ERR,ERR,ERR,ERR,ERR,ERR,ERR,ERR,ERR,ERR,ERR,ERR,ERR,ERR,ERR,ERR,ERR,ERR,ERR,ERR,ERR,ERR,ERR,ERR,ERR,ERR,ERR,ERR,ERR,ERR,ERR,ERR,ERR,ERR,ERR,ERR,ERR,ERR,ERR,ERR,ERR,ERR,ERR,ERR,ERR,ERR,ERR,ERR,ERR,ERR,ERR,ERR,ERR,ERR,ERR,ERR,ERR,ERR,ERR,ERR,ERR,ERR,ERR,ERR,ERR,ERR,ERR,ERR,ERR,ERR,ERR,ERR,ERR,ERR,ERR,ERR,ERR,ERR,ERR,ERR,ERR,ERR,ERR,ERR,ERR,ERR,ERR,ERR,ERR,ERR,ERR,-0.0,-107616040.0,0.0,0.0,6765311688704000.0,-1.035696305013531e+33,-0.0,-2644.027,0,0,4,17312,7116,0.0,100,0.0,0.0,0.0,0.0,0.0,0,0,0,0,0.0,0,0,0,0,0,0,0,0,0,0,0,0,0,0,0,0,0,0,0,0,0,0,0,0,0,0,0,0,0,0,0,0,0,31,40,40,71,65476,0,300,0,0,8,21553,0.0,-107605600.0,0.0,0.0,0.0,0.0,0.0,0.0,0.0,0.0,0.0,0.0,0.0,0.0,0.0,0.0,0.0,0.0,0.0,0.0,0.0,0.0,-2.004,-0.0,0.0,0.0,0.0,0.0,0.0,0.0,5611.0,3.697194489913069e+19,6924.0,0.0,0.0,2.004,2.004,0.0,0.0,0.0,0.0,69,-2.308837375200314e+20,5.848065190538893e+35,0.0,0.0,0.0,0.0,0.0,0.0,0.0,0,0,0,0.0,0.0,0.0,0.0,0.0,0.0,0.0,0.0,0.0,0.0,0.0,0.0,0.0,0.0,0.0,0.0,0,-107875648.0,69,0.0,138,0.0,2.012,ERR,ERR,ERR,ERR,ERR,ERR,ERR,ERR,ERR,ERR,ERR,ERR,ERR,ERR,ERR,ERR,ERR,ERR,ERR,ERR,ERR,ERR,ERR,ERR,ERR,ERR,ERR,ERR,ERR,ERR,ERR,ERR,ERR,ERR,ERR,ERR,ERR,ERR,ERR,ERR,ERR,ERR,ERR,ERR,ERR,ERR,ERR,ERR,ERR,ERR,ERR,ERR,ERR,ERR,ERR,ERR,ERR,ERR,ERR,ERR,ERR,ERR,ERR,ERR,ERR,ERR,ERR,60.0,60.0,35,0.0,0.0,0.0,0.0,0.0,0.0,0.0,0.0,0.0,0.0,0.0,0.0,0.0,0.0,0.0,0.0,65.6,0,150,71,50,65476,0,65476,1,4,4,20529,65476,0,0,2621,60.0,0.0,0.0,0.0,0.0,0.0
2026-07-09T15:28:00,ERR,ERR,ERR,ERR,ERR,ERR,ERR,ERR,ERR,ERR,ERR,ERR,ERR,ERR,ERR,ERR,ERR,ERR,ERR,ERR,ERR,ERR,ERR,ERR,ERR,ERR,ERR,ERR,ERR,ERR,ERR,ERR,ERR,ERR,ERR,ERR,ERR,ERR,ERR,ERR,ERR,ERR,ERR,ERR,ERR,ERR,ERR,ERR,ERR,ERR,ERR,ERR,ERR,ERR,ERR,ERR,ERR,ERR,ERR,ERR,ERR,ERR,ERR,ERR,ERR,ERR,ERR,ERR,ERR,ERR,ERR,ERR,ERR,ERR,ERR,ERR,ERR,ERR,ERR,ERR,ERR,ERR,ERR,ERR,ERR,ERR,ERR,ERR,ERR,ERR,ERR,ERR,ERR,ERR,ERR,ERR,ERR,ERR,ERR,ERR,ERR,ERR,ERR,ERR,ERR,ERR,ERR,ERR,ERR,ERR,ERR,ERR,ERR,ERR,ERR,ERR,ERR,ERR,ERR,ERR,ERR,ERR,ERR,ERR,ERR,-0.0,-107616040.0,0.0,0.0,6765311688704000.0,-1.035696305013531e+33,-0.0,-2644.027,0,0,4,17312,7116,0.0,100,0.0,0.0,0.0,0.0,0.0,0,0,0,0,0.0,0,0,0,0,0,0,0,0,0,0,0,0,0,0,0,0,0,0,0,0,0,0,0,0,0,0,0,0,0,0,0,0,0,31,40,40,71,65476,0,300,0,0,8,21553,0.0,-107605600.0,0.0,0.0,0.0,0.0,0.0,0.0,0.0,0.0,0.0,0.0,0.0,0.0,0.0,0.0,0.0,0.0,0.0,0.0,0.0,0.0,-2.004,-0.0,0.0,0.0,0.0,0.0,0.0,0.0,5611.0,3.697194489913069e+19,6924.0,0.0,0.0,2.004,2.004,0.0,0.0,0.0,0.0,69,-2.308837375200314e+20,5.848065190538893e+35,0.0,0.0,0.0,0.0,0.0,0.0,0.0,0,0,0,0.0,0.0,0.0,0.0,0.0,0.0,0.0,0.0,0.0,0.0,0.0,0.0,0.0,0.0,0.0,0.0,0,-107875648.0,69,0.0,138,0.0,2.012,ERR,ERR,ERR,ERR,ERR,ERR,ERR,ERR,ERR,ERR,ERR,ERR,ERR,ERR,ERR,ERR,ERR,ERR,ERR,ERR,ERR,ERR,ERR,ERR,ERR,ERR,ERR,ERR,ERR,ERR,ERR,ERR,ERR,ERR,ERR,ERR,ERR,ERR,ERR,ERR,ERR,ERR,ERR,ERR,ERR,ERR,ERR,ERR,ERR,ERR,ERR,ERR,ERR,ERR,ERR,ERR,ERR,ERR,ERR,ERR,ERR,ERR,ERR,ERR,ERR,ERR,ERR,60.0,60.0,35,0.0,0.0,0.0,0.0,0.0,0.0,0.0,0.0,0.0,0.0,0.0,0.0,0.0,0.0,0.0,0.0,65.2,0,150,71,50,65476,0,65476,1,4,4,20529,65476,0,0,2621,60.0,0.0,0.0,0.0,0.0,0.0
2026-07-09T15:28:01,ERR,ERR,ERR,ERR,ERR,ERR,ERR,ERR,ERR,ERR,ERR,ERR,ERR,ERR,ERR,ERR,ERR,ERR,ERR,ERR,ERR,ERR,ERR,ERR,ERR,ERR,ERR,ERR,ERR,ERR,ERR,ERR,ERR,ERR,ERR,ERR,ERR,ERR,ERR,ERR,ERR,ERR,ERR,ERR,ERR,ERR,ERR,ERR,ERR,ERR,ERR,ERR,ERR,ERR,ERR,ERR,ERR,ERR,ERR,ERR,ERR,ERR,ERR,ERR,ERR,ERR,ERR,ERR,ERR,ERR,ERR,ERR,ERR,ERR,ERR,ERR,ERR,ERR,ERR,ERR,ERR,ERR,ERR,ERR,ERR,ERR,ERR,ERR,ERR,ERR,ERR,ERR,ERR,ERR,ERR,ERR,ERR,ERR,ERR,ERR,ERR,ERR,ERR,ERR,ERR,ERR,ERR,ERR,ERR,ERR,ERR,ERR,ERR,ERR,ERR,ERR,ERR,ERR,ERR,ERR,ERR,ERR,ERR,ERR,ERR,-0.0,-107616040.0,0.0,0.0,6765311688704000.0,-1.035696305013531e+33,-0.0,-2644.027,0,0,4,17312,7116,0.0,100,0.0,0.0,0.0,0.0,0.0,0,0,0,0,0.0,0,0,0,0,0,0,0,0,0,0,0,0,0,0,0,0,0,0,0,0,0,0,0,0,0,0,0,0,0,0,0,0,0,31,40,40,71,65476,0,300,0,0,8,21553,0.0,-107605600.0,0.0,0.0,0.0,0.0,0.0,0.0,0.0,0.0,0.0,0.0,0.0,0.0,0.0,0.0,0.0,0.0,0.0,0.0,0.0,0.0,-2.004,-0.0,0.0,0.0,0.0,0.0,0.0,0.0,5611.0,3.697194489913069e+19,6924.0,0.0,0.0,2.004,2.004,0.0,0.0,0.0,0.0,69,-2.308837375200314e+20,5.848065190538893e+35,0.0,0.0,0.0,0.0,0.0,0.0,0.0,0,0,0,0.0,0.0,0.0,0.0,0.0,0.0,0.0,0.0,0.0,0.0,0.0,0.0,0.0,0.0,0.0,0.0,0,-107875648.0,69,0.0,138,0.0,2.012,ERR,ERR,ERR,ERR,ERR,ERR,ERR,ERR,ERR,ERR,ERR,ERR,ERR,ERR,ERR,ERR,ERR,ERR,ERR,ERR,ERR,ERR,ERR,ERR,ERR,ERR,ERR,ERR,ERR,ERR,ERR,ERR,ERR,ERR,ERR,ERR,ERR,ERR,ERR,ERR,ERR,ERR,ERR,ERR,ERR,ERR,ERR,ERR,ERR,ERR,ERR,ERR,ERR,ERR,ERR,ERR,ERR,ERR,ERR,ERR,ERR,ERR,ERR,ERR,ERR,ERR,ERR,60.0,60.0,35,0.0,0.0,0.0,0.0,0.0,0.0,0.0,0.0,0.0,0.0,0.0,0.0,0.0,0.0,0.0,0.0,65.2,0,150,71,50,65476,0,65476,1,4,4,20529,65476,0,0,2621,60.0,0.0,0.0,0.0,0.0,0.0
2026-07-09T15:28:02,ERR,ERR,ERR,ERR,ERR,ERR,ERR,ERR,ERR,ERR,ERR,ERR,ERR,ERR,ERR,ERR,ERR,ERR,ERR,ERR,ERR,ERR,ERR,ERR,ERR,ERR,ERR,ERR,ERR,ERR,ERR,ERR,ERR,ERR,ERR,ERR,ERR,ERR,ERR,ERR,ERR,ERR,ERR,ERR,ERR,ERR,ERR,ERR,ERR,ERR,ERR,ERR,ERR,ERR,ERR,ERR,ERR,ERR,ERR,ERR,ERR,ERR,ERR,ERR,ERR,ERR,ERR,ERR,ERR,ERR,ERR,ERR,ERR,ERR,ERR,ERR,ERR,ERR,ERR,ERR,ERR,ERR,ERR,ERR,ERR,ERR,ERR,ERR,ERR,ERR,ERR,ERR,ERR,ERR,ERR,ERR,ERR,ERR,ERR,ERR,ERR,ERR,ERR,ERR,ERR,ERR,ERR,ERR,ERR,ERR,ERR,ERR,ERR,ERR,ERR,ERR,ERR,ERR,ERR,ERR,ERR,ERR,ERR,ERR,ERR,-0.0,0.0,-107090608.0,0.0,-3.7887248594080083e+30,-0.0,3.751442191168307e+16,-7.740644670379689e+31,0,0,4,17313,7116,0.0,100,0.0,0.0,0.0,0.0,0.0,0,0,0,0,0.0,0,0,0,0,0,0,0,0,0,0,0,0,0,0,0,0,0,0,0,0,0,0,0,0,0,0,0,0,0,0,0,0,0,31,40,40,71,65476,0,300,0,0,8,21553,0.0,-107605600.0,0.0,0.0,0.0,0.0,0.0,0.0,0.0,0.0,0.0,0.0,0.0,0.0,0.0,0.0,0.0,0.0,0.0,0.0,0.0,0.0,-0.0,0.0,0.0,0.0,0.0,0.0,0.0,0.0,5576.0,-3.697194050108418e+19,6940.0,-0.0,-0.0,2.004,2.004,0.0,0.0,0.0,0.0,69,0.0,-152017666310144.0,0.0,0.0,0.0,0.0,0.0,0.0,0.0,0,0,0,0.0,0.0,0.0,0.0,0.0,0.0,0.0,0.0,0.0,0.0,0.0,0.0,0.0,0.0,0.0,0.0,0,-107875648.0,69,0.0,138,0.0,2.012,ERR,ERR,ERR,ERR,ERR,ERR,ERR,ERR,ERR,ERR,ERR,ERR,ERR,ERR,ERR,ERR,ERR,ERR,ERR,ERR,ERR,ERR,ERR,ERR,ERR,ERR,ERR,ERR,ERR,ERR,ERR,ERR,ERR,ERR,ERR,ERR,ERR,ERR,ERR,ERR,ERR,ERR,ERR,ERR,ERR,ERR,ERR,ERR,ERR,ERR,ERR,ERR,ERR,ERR,ERR,ERR,ERR,ERR,ERR,ERR,ERR,ERR,ERR,ERR,ERR,ERR,ERR,60.0,60.0,35,0.0,0.0,0.0,0.0,0.0,0.0,0.0,0.0,0.0,0.0,0.0,0.0,0.0,0.0,0.0,0.0,65.6,0,150,71,50,65476,0,65476,1,4,4,20529,65476,0,0,2621,60.0,0.0,0.0,0.0,0.0,0.0
2026-07-09T15:28:03,ERR,ERR,ERR,ERR,ERR,ERR,ERR,ERR,ERR,ERR,ERR,ERR,ERR,ERR,ERR,ERR,ERR,ERR,ERR,ERR,ERR,ERR,ERR,ERR,ERR,ERR,ERR,ERR,ERR,ERR,ERR,ERR,ERR,ERR,ERR,ERR,ERR,ERR,ERR,ERR,ERR,ERR,ERR,ERR,ERR,ERR,ERR,ERR,ERR,ERR,ERR,ERR,ERR,ERR,ERR,ERR,ERR,ERR,ERR,ERR,ERR,ERR,ERR,ERR,ERR,ERR,ERR,ERR,ERR,ERR,ERR,ERR,ERR,ERR,ERR,ERR,ERR,ERR,ERR,ERR,ERR,ERR,ERR,ERR,ERR,ERR,ERR,ERR,ERR,ERR,ERR,ERR,ERR,ERR,ERR,ERR,ERR,ERR,ERR,ERR,ERR,ERR,ERR,ERR,ERR,ERR,ERR,ERR,ERR,ERR,ERR,ERR,ERR,ERR,ERR,ERR,ERR,ERR,ERR,ERR,ERR,ERR,ERR,ERR,ERR,-0.0,0.0,-107090608.0,0.0,-3.7887248594080083e+30,-0.0,3.751442191168307e+16,-7.740644670379689e+31,0,0,4,17313,7116,0.0,100,0.0,0.0,0.0,0.0,0.0,0,0,0,0,0.0,0,0,0,0,0,0,0,0,0,0,0,0,0,0,0,0,0,0,0,0,0,0,0,0,0,0,0,0,0,0,0,0,0,31,40,40,71,65476,0,300,0,0,8,21553,0.0,-107605600.0,0.0,0.0,0.0,0.0,0.0,0.0,0.0,0.0,0.0,0.0,0.0,0.0,0.0,0.0,0.0,0.0,0.0,0.0,0.0,0.0,-0.0,0.0,0.0,0.0,0.0,0.0,0.0,0.0,5576.0,-3.697194050108418e+19,6940.0,-0.0,-0.0,2.004,2.004,0.0,0.0,0.0,0.0,69,0.0,-152017666310144.0,0.0,0.0,0.0,0.0,0.0,0.0,0.0,0,0,0,0.0,0.0,0.0,0.0,0.0,0.0,0.0,0.0,0.0,0.0,0.0,0.0,0.0,0.0,0.0,0.0,0,-107875648.0,69,0.0,138,0.0,2.012,ERR,ERR,ERR,ERR,ERR,ERR,ERR,ERR,ERR,ERR,ERR,ERR,ERR,ERR,ERR,ERR,ERR,ERR,ERR,ERR,ERR,ERR,ERR,ERR,ERR,ERR,ERR,ERR,ERR,ERR,ERR,ERR,ERR,ERR,ERR,ERR,ERR,ERR,ERR,ERR,ERR,ERR,ERR,ERR,ERR,ERR,ERR,ERR,ERR,ERR,ERR,ERR,ERR,ERR,ERR,ERR,ERR,ERR,ERR,ERR,ERR,ERR,ERR,ERR,ERR,ERR,ERR,60.0,60.0,35,0.0,0.0,0.0,0.0,0.0,0.0,0.0,0.0,0.0,0.0,0.0,0.0,0.0,0.0,0.0,0.0,65.6,0,150,71,50,65476,0,65476,1,4,4,20529,65476,0,0,2621,60.0,0.0,0.0,0.0,0.0,0.0
2026-07-09T15:28:04,ERR,ERR,ERR,ERR,ERR,ERR,ERR,ERR,ERR,ERR,ERR,ERR,ERR,ERR,ERR,ERR,ERR,ERR,ERR,ERR,ERR,ERR,ERR,ERR,ERR,ERR,ERR,ERR,ERR,ERR,ERR,ERR,ERR,ERR,ERR,ERR,ERR,ERR,ERR,ERR,ERR,ERR,ERR,ERR,ERR,ERR,ERR,ERR,ERR,ERR,ERR,ERR,ERR,ERR,ERR,ERR,ERR,ERR,ERR,ERR,ERR,ERR,ERR,ERR,ERR,ERR,ERR,ERR,ERR,ERR,ERR,ERR,ERR,ERR,ERR,ERR,ERR,ERR,ERR,ERR,ERR,ERR,ERR,ERR,ERR,ERR,ERR,ERR,ERR,ERR,ERR,ERR,ERR,ERR,ERR,ERR,ERR,ERR,ERR,ERR,ERR,ERR,ERR,ERR,ERR,ERR,ERR,ERR,ERR,ERR,ERR,ERR,ERR,ERR,ERR,ERR,ERR,ERR,ERR,ERR,ERR,ERR,ERR,ERR,ERR,-0.0,0.0,-107090608.0,0.0,-3.7887248594080083e+30,-0.0,3.751442191168307e+16,-7.740644670379689e+31,0,0,4,17313,7116,0.0,100,0.0,0.0,0.0,0.0,0.0,0,0,0,0,0.0,0,0,0,0,0,0,0,0,0,0,0,0,0,0,0,0,0,0,0,0,0,0,0,0,0,0,0,0,0,0,0,0,0,31,40,40,71,65476,0,300,0,0,8,21553,0.0,-107605600.0,0.0,0.0,0.0,0.0,0.0,0.0,0.0,0.0,0.0,0.0,0.0,0.0,0.0,0.0,0.0,0.0,0.0,0.0,0.0,0.0,-0.0,0.0,0.0,0.0,0.0,0.0,0.0,0.0,5576.0,-3.697194050108418e+19,6940.0,-0.0,-0.0,2.004,2.004,0.0,0.0,0.0,0.0,69,0.0,-152017666310144.0,0.0,0.0,0.0,0.0,0.0,0.0,0.0,0,0,0,0.0,0.0,0.0,0.0,0.0,0.0,0.0,0.0,0.0,0.0,0.0,0.0,0.0,0.0,0.0,0.0,0,-107875648.0,69,0.0,138,0.0,2.012,ERR,ERR,ERR,ERR,ERR,ERR,ERR,ERR,ERR,ERR,ERR,ERR,ERR,ERR,ERR,ERR,ERR,ERR,ERR,ERR,ERR,ERR,ERR,ERR,ERR,ERR,ERR,ERR,ERR,ERR,ERR,ERR,ERR,ERR,ERR,ERR,ERR,ERR,ERR,ERR,ERR,ERR,ERR,ERR,ERR,ERR,ERR,ERR,ERR,ERR,ERR,ERR,ERR,ERR,ERR,ERR,ERR,ERR,ERR,ERR,ERR,ERR,ERR,ERR,ERR,ERR,ERR,60.0,60.0,35,0.0,0.0,0.0,0.0,0.0,0.0,0.0,0.0,0.0,0.0,0.0,0.0,0.0,0.0,0.0,0.0,65.2,0,150,71,50,65476,0,65476,1,4,4,20529,65476,0,0,2621,60.0,0.0,0.0,0.0,0.0,0.0
2026-07-09T15:28:05,ERR,ERR,ERR,ERR,ERR,ERR,ERR,ERR,ERR,ERR,ERR,ERR,ERR,ERR,ERR,ERR,ERR,ERR,ERR,ERR,ERR,ERR,ERR,ERR,ERR,ERR,ERR,ERR,ERR,ERR,ERR,ERR,ERR,ERR,ERR,ERR,ERR,ERR,ERR,ERR,ERR,ERR,ERR,ERR,ERR,ERR,ERR,ERR,ERR,ERR,ERR,ERR,ERR,ERR,ERR,ERR,ERR,ERR,ERR,ERR,ERR,ERR,ERR,ERR,ERR,ERR,ERR,ERR,ERR,ERR,ERR,ERR,ERR,ERR,ERR,ERR,ERR,ERR,ERR,ERR,ERR,ERR,ERR,ERR,ERR,ERR,ERR,ERR,ERR,ERR,ERR,ERR,ERR,ERR,ERR,ERR,ERR,ERR,ERR,ERR,ERR,ERR,ERR,ERR,ERR,ERR,ERR,ERR,ERR,ERR,ERR,ERR,ERR,ERR,ERR,ERR,ERR,ERR,ERR,ERR,ERR,ERR,ERR,ERR,ERR,-0.0,0.0,-107090608.0,0.0,-3.7887248594080083e+30,-0.0,3.751442191168307e+16,-7.740644670379689e+31,0,0,4,17313,7116,0.0,100,0.0,0.0,0.0,0.0,0.0,0,0,0,0,0.0,0,0,0,0,0,0,0,0,0,0,0,0,0,0,0,0,0,0,0,0,0,0,0,0,0,0,0,0,0,0,0,0,0,31,40,40,71,65476,0,300,0,0,8,21553,0.0,-107605600.0,0.0,0.0,0.0,0.0,0.0,0.0,0.0,0.0,0.0,0.0,0.0,0.0,0.0,0.0,0.0,0.0,0.0,0.0,0.0,0.0,-0.0,0.0,0.0,0.0,0.0,0.0,0.0,0.0,5576.0,-3.697194050108418e+19,6940.0,-0.0,-0.0,2.004,2.004,0.0,0.0,0.0,0.0,69,0.0,-152017666310144.0,0.0,0.0,0.0,0.0,0.0,0.0,0.0,0,0,0,0.0,0.0,0.0,0.0,0.0,0.0,0.0,0.0,0.0,0.0,0.0,0.0,0.0,0.0,0.0,0.0,0,-107875648.0,69,0.0,138,0.0,2.012,ERR,ERR,ERR,ERR,ERR,ERR,ERR,ERR,ERR,ERR,ERR,ERR,ERR,ERR,ERR,ERR,ERR,ERR,ERR,ERR,ERR,ERR,ERR,ERR,ERR,ERR,ERR,ERR,ERR,ERR,ERR,ERR,ERR,ERR,ERR,ERR,ERR,ERR,ERR,ERR,ERR,ERR,ERR,ERR,ERR,ERR,ERR,ERR,ERR,ERR,ERR,ERR,ERR,ERR,ERR,ERR,ERR,ERR,ERR,ERR,ERR,ERR,ERR,ERR,ERR,ERR,ERR,60.0,60.0,35,0.0,0.0,0.0,0.0,0.0,0.0,0.0,0.0,0.0,0.0,0.0,0.0,0.0,0.0,0.0,0.0,65.6,0,150,71,51,65476,0,65476,1,4,4,20529,65476,0,0,2621,60.0,0.0,0.0,0.0,0.0,0.0
2026-07-09T15:28:06,ERR,ERR,ERR,ERR,ERR,ERR,ERR,ERR,ERR,ERR,ERR,ERR,ERR,ERR,ERR,ERR,ERR,ERR,ERR,ERR,ERR,ERR,ERR,ERR,ERR,ERR,ERR,ERR,ERR,ERR,ERR,ERR,ERR,ERR,ERR,ERR,ERR,ERR,ERR,ERR,ERR,ERR,ERR,ERR,ERR,ERR,ERR,ERR,ERR,ERR,ERR,ERR,ERR,ERR,ERR,ERR,ERR,ERR,ERR,ERR,ERR,ERR,ERR,ERR,ERR,ERR,ERR,ERR,ERR,ERR,ERR,ERR,ERR,ERR,ERR,ERR,ERR,ERR,ERR,ERR,ERR,ERR,ERR,ERR,ERR,ERR,ERR,ERR,ERR,ERR,ERR,ERR,ERR,ERR,ERR,ERR,ERR,ERR,ERR,ERR,ERR,ERR,ERR,ERR,ERR,ERR,ERR,ERR,ERR,ERR,ERR,ERR,ERR,ERR,ERR,ERR,ERR,ERR,ERR,ERR,ERR,ERR,ERR,ERR,ERR,-0.0,0.0,-107090608.0,0.0,-3.7887248594080083e+30,-0.0,3.751442191168307e+16,-7.740644670379689e+31,0,0,4,17313,7116,0.0,100,0.0,0.0,0.0,0.0,0.0,0,0,0,0,0.0,0,0,0,0,0,0,0,0,0,0,0,0,0,0,0,0,0,0,0,0,0,0,0,0,0,0,0,0,0,0,0,0,0,31,40,40,71,65476,0,300,0,0,8,21553,0.0,-107605600.0,0.0,0.0,0.0,0.0,0.0,0.0,0.0,0.0,0.0,0.0,0.0,0.0,0.0,0.0,0.0,0.0,0.0,0.0,0.0,0.0,-0.0,0.0,0.0,0.0,0.0,0.0,0.0,0.0,5576.0,-3.697194050108418e+19,6940.0,-0.0,-0.0,2.004,2.004,0.0,0.0,0.0,0.0,69,0.0,-152017666310144.0,0.0,0.0,0.0,0.0,0.0,0.0,0.0,0,0,0,0.0,0.0,0.0,0.0,0.0,0.0,0.0,0.0,0.0,0.0,0.0,0.0,0.0,0.0,0.0,0.0,0,-107875648.0,69,0.0,138,0.0,2.012,ERR,ERR,ERR,ERR,ERR,ERR,ERR,ERR,ERR,ERR,ERR,ERR,ERR,ERR,ERR,ERR,ERR,ERR,ERR,ERR,ERR,ERR,ERR,ERR,ERR,ERR,ERR,ERR,ERR,ERR,ERR,ERR,ERR,ERR,ERR,ERR,ERR,ERR,ERR,ERR,ERR,ERR,ERR,ERR,ERR,ERR,ERR,ERR,ERR,ERR,ERR,ERR,ERR,ERR,ERR,ERR,ERR,ERR,ERR,ERR,ERR,ERR,ERR,ERR,ERR,ERR,ERR,60.0,60.0,35,0.0,0.0,0.0,0.0,0.0,0.0,0.0,0.0,0.0,0.0,0.0,0.0,0.0,0.0,0.0,0.0,65.6,0,150,71,51,65476,0,65476,1,4,4,20529,65476,0,0,2621,60.0,0.0,0.0,0.0,0.0,0.0
2026-07-09T15:28:07,ERR,ERR,ERR,ERR,ERR,ERR,ERR,ERR,ERR,ERR,ERR,ERR,ERR,ERR,ERR,ERR,ERR,ERR,ERR,ERR,ERR,ERR,ERR,ERR,ERR,ERR,ERR,ERR,ERR,ERR,ERR,ERR,ERR,ERR,ERR,ERR,ERR,ERR,ERR,ERR,ERR,ERR,ERR,ERR,ERR,ERR,ERR,ERR,ERR,ERR,ERR,ERR,ERR,ERR,ERR,ERR,ERR,ERR,ERR,ERR,ERR,ERR,ERR,ERR,ERR,ERR,ERR,ERR,ERR,ERR,ERR,ERR,ERR,ERR,ERR,ERR,ERR,ERR,ERR,ERR,ERR,ERR,ERR,ERR,ERR,ERR,ERR,ERR,ERR,ERR,ERR,ERR,ERR,ERR,ERR,ERR,ERR,ERR,ERR,ERR,ERR,ERR,ERR,ERR,ERR,ERR,ERR,ERR,ERR,ERR,ERR,ERR,ERR,ERR,ERR,ERR,ERR,ERR,ERR,ERR,ERR,ERR,ERR,ERR,ERR,-0.0,-0.0,-0.0,0.0,-0.0,-0.0,1.846,-6.322196938638656e+37,0,0,4,17316,7116,0.0,100,0.0,0.0,0.0,0.0,0.0,0,0,0,0,0.0,0,0,0,0,0,0,0,0,0,0,0,0,0,0,0,0,0,0,0,0,0,0,0,0,0,0,0,0,0,0,0,0,0,31,40,40,71,65476,0,300,0,0,8,21553,0.0,-107605600.0,0.0,0.0,0.0,0.0,0.0,0.0,0.0,0.0,0.0,0.0,0.0,0.0,0.0,0.0,0.0,0.0,0.0,0.0,0.0,0.0,-0.0,0.0,0.0,0.0,0.0,0.0,0.0,0.0,5570.0,-0.0,6930.0,-0.0,-0.0,2.004,2.004,0.0,0.0,0.0,0.0,69,0.0,4.0668623471688824e+29,0.0,0.0,0.0,0.0,0.0,0.0,0.0,0,0,0,0.0,0.0,0.0,0.0,0.0,0.0,0.0,0.0,0.0,0.0,0.0,0.0,0.0,0.0,0.0,0.0,0,-107875648.0,69,0.0,138,0.0,2.012,ERR,ERR,ERR,ERR,ERR,ERR,ERR,ERR,ERR,ERR,ERR,ERR,ERR,ERR,ERR,ERR,ERR,ERR,ERR,ERR,ERR,ERR,ERR,ERR,ERR,ERR,ERR,ERR,ERR,ERR,ERR,ERR,ERR,ERR,ERR,ERR,ERR,ERR,ERR,ERR,ERR,ERR,ERR,ERR,ERR,ERR,ERR,ERR,ERR,ERR,ERR,ERR,ERR,ERR,ERR,ERR,ERR,ERR,ERR,ERR,ERR,ERR,ERR,ERR,ERR,ERR,ERR,60.0,60.0,35,0.0,0.0,0.0,0.0,0.0,0.0,0.0,0.0,0.0,0.0,0.0,0.0,0.0,0.0,0.0,0.0,64.8,0,150,71,51,65476,0,65476,1,4,4,20529,65476,0,0,2621,60.0,0.0,0.0,0.0,0.0,0.0
2026-07-09T15:28:08,ERR,ERR,ERR,ERR,ERR,ERR,ERR,ERR,ERR,ERR,ERR,ERR,ERR,ERR,ERR,ERR,ERR,ERR,ERR,ERR,ERR,ERR,ERR,ERR,ERR,ERR,ERR,ERR,ERR,ERR,ERR,ERR,ERR,ERR,ERR,ERR,ERR,ERR,ERR,ERR,ERR,ERR,ERR,ERR,ERR,ERR,ERR,ERR,ERR,ERR,ERR,ERR,ERR,ERR,ERR,ERR,ERR,ERR,ERR,ERR,ERR,ERR,ERR,ERR,ERR,ERR,ERR,ERR,ERR,ERR,ERR,ERR,ERR,ERR,ERR,ERR,ERR,ERR,ERR,ERR,ERR,ERR,ERR,ERR,ERR,ERR,ERR,ERR,ERR,ERR,ERR,ERR,ERR,ERR,ERR,ERR,ERR,ERR,ERR,ERR,ERR,ERR,ERR,ERR,ERR,ERR,ERR,ERR,ERR,ERR,ERR,ERR,ERR,ERR,ERR,ERR,ERR,ERR,ERR,ERR,ERR,ERR,ERR,ERR,ERR,-0.0,-0.0,-0.0,0.0,-0.0,-0.0,1.846,-6.322196938638656e+37,0,0,4,17316,7116,0.0,100,0.0,0.0,0.0,0.0,0.0,0,0,0,0,0.0,0,0,0,0,0,0,0,0,0,0,0,0,0,0,0,0,0,0,0,0,0,0,0,0,0,0,0,0,0,0,0,0,0,31,40,40,71,65476,0,300,0,0,8,21553,0.0,-107605600.0,0.0,0.0,0.0,0.0,0.0,0.0,0.0,0.0,0.0,0.0,0.0,0.0,0.0,0.0,0.0,0.0,0.0,0.0,0.0,0.0,-0.0,0.0,0.0,0.0,0.0,0.0,0.0,0.0,5570.0,-0.0,6930.0,-0.0,-0.0,2.004,2.004,0.0,0.0,0.0,0.0,69,0.0,4.0668623471688824e+29,0.0,0.0,0.0,0.0,0.0,0.0,0.0,0,0,0,0.0,0.0,0.0,0.0,0.0,0.0,0.0,0.0,0.0,0.0,0.0,0.0,0.0,0.0,0.0,0.0,0,-107875648.0,69,0.0,138,0.0,2.012,ERR,ERR,ERR,ERR,ERR,ERR,ERR,ERR,ERR,ERR,ERR,ERR,ERR,ERR,ERR,ERR,ERR,ERR,ERR,ERR,ERR,ERR,ERR,ERR,ERR,ERR,ERR,ERR,ERR,ERR,ERR,ERR,ERR,ERR,ERR,ERR,ERR,ERR,ERR,ERR,ERR,ERR,ERR,ERR,ERR,ERR,ERR,ERR,ERR,ERR,ERR,ERR,ERR,ERR,ERR,ERR,ERR,ERR,ERR,ERR,ERR,ERR,ERR,ERR,ERR,ERR,ERR,60.0,60.0,35,0.0,0.0,0.0,0.0,0.0,0.0,0.0,0.0,0.0,0.0,0.0,0.0,0.0,0.0,0.0,0.0,64.8,0,150,71,51,65476,0,65476,1,4,4,20529,65476,0,0,2621,60.0,0.0,0.0,0.0,0.0,0.0
2026-07-09T15:28:09,ERR,ERR,ERR,ERR,ERR,ERR,ERR,ERR,ERR,ERR,ERR,ERR,ERR,ERR,ERR,ERR,ERR,ERR,ERR,ERR,ERR,ERR,ERR,ERR,ERR,ERR,ERR,ERR,ERR,ERR,ERR,ERR,ERR,ERR,ERR,ERR,ERR,ERR,ERR,ERR,ERR,ERR,ERR,ERR,ERR,ERR,ERR,ERR,ERR,ERR,ERR,ERR,ERR,ERR,ERR,ERR,ERR,ERR,ERR,ERR,ERR,ERR,ERR,ERR,ERR,ERR,ERR,ERR,ERR,ERR,ERR,ERR,ERR,ERR,ERR,ERR,ERR,ERR,ERR,ERR,ERR,ERR,ERR,ERR,ERR,ERR,ERR,ERR,ERR,ERR,ERR,ERR,ERR,ERR,ERR,ERR,ERR,ERR,ERR,ERR,ERR,ERR,ERR,ERR,ERR,ERR,ERR,ERR,ERR,ERR,ERR,ERR,ERR,ERR,ERR,ERR,ERR,ERR,ERR,ERR,ERR,ERR,ERR,ERR,ERR,-0.0,-0.0,-0.0,0.0,-0.0,-0.0,1.846,-6.322196938638656e+37,0,0,4,17316,7116,0.0,100,0.0,0.0,0.0,0.0,0.0,0,0,0,0,0.0,0,0,0,0,0,0,0,0,0,0,0,0,0,0,0,0,0,0,0,0,0,0,0,0,0,0,0,0,0,0,0,0,0,31,40,40,71,65476,0,300,0,0,8,21553,0.0,-107605600.0,0.0,0.0,0.0,0.0,0.0,0.0,0.0,0.0,0.0,0.0,0.0,0.0,0.0,0.0,0.0,0.0,0.0,0.0,0.0,0.0,-0.0,0.0,0.0,0.0,0.0,0.0,0.0,0.0,5570.0,-0.0,6930.0,-0.0,-0.0,2.004,2.004,0.0,0.0,0.0,0.0,69,0.0,4.0668623471688824e+29,0.0,0.0,0.0,0.0,0.0,0.0,0.0,0,0,0,0.0,0.0,0.0,0.0,0.0,0.0,0.0,0.0,0.0,0.0,0.0,0.0,0.0,0.0,0.0,0.0,0,-107875648.0,69,0.0,138,0.0,2.012,ERR,ERR,ERR,ERR,ERR,ERR,ERR,ERR,ERR,ERR,ERR,ERR,ERR,ERR,ERR,ERR,ERR,ERR,ERR,ERR,ERR,ERR,ERR,ERR,ERR,ERR,ERR,ERR,ERR,ERR,ERR,ERR,ERR,ERR,ERR,ERR,ERR,ERR,ERR,ERR,ERR,ERR,ERR,ERR,ERR,ERR,ERR,ERR,ERR,ERR,ERR,ERR,ERR,ERR,ERR,ERR,ERR,ERR,ERR,ERR,ERR,ERR,ERR,ERR,ERR,ERR,ERR,60.0,60.0,35,0.0,0.0,0.0,0.0,0.0,0.0,0.0,0.0,0.0,0.0,0.0,0.0,0.0,0.0,0.0,0.0,65.2,0,150,71,51,65476,0,65476,1,4,4,20529,65476,0,0,2621,60.0,0.0,0.0,0.0,0.0,0.0
2026-07-09T15:28:10,ERR,ERR,ERR,ERR,ERR,ERR,ERR,ERR,ERR,ERR,ERR,ERR,ERR,ERR,ERR,ERR,ERR,ERR,ERR,ERR,ERR,ERR,ERR,ERR,ERR,ERR,ERR,ERR,ERR,ERR,ERR,ERR,ERR,ERR,ERR,ERR,ERR,ERR,ERR,ERR,ERR,ERR,ERR,ERR,ERR,ERR,ERR,ERR,ERR,ERR,ERR,ERR,ERR,ERR,ERR,ERR,ERR,ERR,ERR,ERR,ERR,ERR,ERR,ERR,ERR,ERR,ERR,ERR,ERR,ERR,ERR,ERR,ERR,ERR,ERR,ERR,ERR,ERR,ERR,ERR,ERR,ERR,ERR,ERR,ERR,ERR,ERR,ERR,ERR,ERR,ERR,ERR,ERR,ERR,ERR,ERR,ERR,ERR,ERR,ERR,ERR,ERR,ERR,ERR,ERR,ERR,ERR,ERR,ERR,ERR,ERR,ERR,ERR,ERR,ERR,ERR,ERR,ERR,ERR,ERR,ERR,ERR,ERR,ERR,ERR,-0.0,-0.0,-0.0,0.0,-0.0,-0.0,1.846,-6.322196938638656e+37,0,0,4,17316,7116,0.0,100,0.0,0.0,0.0,0.0,0.0,0,0,0,0,0.0,0,0,0,0,0,0,0,0,0,0,0,0,0,0,0,0,0,0,0,0,0,0,0,0,0,0,0,0,0,0,0,0,0,31,40,40,71,65476,0,300,0,0,8,21553,0.0,-107605600.0,0.0,0.0,0.0,0.0,0.0,0.0,0.0,0.0,0.0,0.0,0.0,0.0,0.0,0.0,0.0,0.0,0.0,0.0,0.0,0.0,-0.0,0.0,0.0,0.0,0.0,0.0,0.0,0.0,5570.0,-0.0,6930.0,-0.0,-0.0,2.004,2.004,0.0,0.0,0.0,0.0,69,0.0,4.0668623471688824e+29,0.0,0.0,0.0,0.0,0.0,0.0,0.0,0,0,0,0.0,0.0,0.0,0.0,0.0,0.0,0.0,0.0,0.0,0.0,0.0,0.0,0.0,0.0,0.0,0.0,0,-107875648.0,69,0.0,138,0.0,2.012,ERR,ERR,ERR,ERR,ERR,ERR,ERR,ERR,ERR,ERR,ERR,ERR,ERR,ERR,ERR,ERR,ERR,ERR,ERR,ERR,ERR,ERR,ERR,ERR,ERR,ERR,ERR,ERR,ERR,ERR,ERR,ERR,ERR,ERR,ERR,ERR,ERR,ERR,ERR,ERR,ERR,ERR,ERR,ERR,ERR,ERR,ERR,ERR,ERR,ERR,ERR,ERR,ERR,ERR,ERR,ERR,ERR,ERR,ERR,ERR,ERR,ERR,ERR,ERR,ERR,ERR,ERR,60.0,60.0,35,0.0,0.0,0.0,0.0,0.0,0.0,0.0,0.0,0.0,0.0,0.0,0.0,0.0,0.0,0.0,0.0,65.2,0,150,71,51,65476,0,65476,1,4,4,20529,65476,0,0,2621,60.0,0.0,0.0,0.0,0.0,0.0
2026-07-09T15:28:11,ERR,ERR,ERR,ERR,ERR,ERR,ERR,ERR,ERR,ERR,ERR,ERR,ERR,ERR,ERR,ERR,ERR,ERR,ERR,ERR,ERR,ERR,ERR,ERR,ERR,ERR,ERR,ERR,ERR,ERR,ERR,ERR,ERR,ERR,ERR,ERR,ERR,ERR,ERR,ERR,ERR,ERR,ERR,ERR,ERR,ERR,ERR,ERR,ERR,ERR,ERR,ERR,ERR,ERR,ERR,ERR,ERR,ERR,ERR,ERR,ERR,ERR,ERR,ERR,ERR,ERR,ERR,ERR,ERR,ERR,ERR,ERR,ERR,ERR,ERR,ERR,ERR,ERR,ERR,ERR,ERR,ERR,ERR,ERR,ERR,ERR,ERR,ERR,ERR,ERR,ERR,ERR,ERR,ERR,ERR,ERR,ERR,ERR,ERR,ERR,ERR,ERR,ERR,ERR,ERR,ERR,ERR,ERR,ERR,ERR,ERR,ERR,ERR,ERR,ERR,ERR,ERR,ERR,ERR,ERR,ERR,ERR,ERR,ERR,ERR,-0.0,-0.0,-0.0,0.0,-0.0,-0.0,1.846,-6.322196938638656e+37,0,0,4,17316,7116,0.0,100,0.0,0.0,0.0,0.0,0.0,0,0,0,0,0.0,0,0,0,0,0,0,0,0,0,0,0,0,0,0,0,0,0,0,0,0,0,0,0,0,0,0,0,0,0,0,0,0,0,31,40,40,71,65476,0,300,0,0,8,21553,0.0,-107605600.0,0.0,0.0,0.0,0.0,0.0,0.0,0.0,0.0,0.0,0.0,0.0,0.0,0.0,0.0,0.0,0.0,0.0,0.0,0.0,0.0,-0.0,0.0,0.0,0.0,0.0,0.0,0.0,0.0,5570.0,-0.0,6930.0,-0.0,-0.0,2.004,2.004,0.0,0.0,0.0,0.0,69,0.0,4.0668623471688824e+29,0.0,0.0,0.0,0.0,0.0,0.0,0.0,0,0,0,0.0,0.0,0.0,0.0,0.0,0.0,0.0,0.0,0.0,0.0,0.0,0.0,0.0,0.0,0.0,0.0,0,-107875648.0,69,0.0,138,0.0,2.012,ERR,ERR,ERR,ERR,ERR,ERR,ERR,ERR,ERR,ERR,ERR,ERR,ERR,ERR,ERR,ERR,ERR,ERR,ERR,ERR,ERR,ERR,ERR,ERR,ERR,ERR,ERR,ERR,ERR,ERR,ERR,ERR,ERR,ERR,ERR,ERR,ERR,ERR,ERR,ERR,ERR,ERR,ERR,ERR,ERR,ERR,ERR,ERR,ERR,ERR,ERR,ERR,ERR,ERR,ERR,ERR,ERR,ERR,ERR,ERR,ERR,ERR,ERR,ERR,ERR,ERR,ERR,60.0,60.0,35,0.0,0.0,0.0,0.0,0.0,0.0,0.0,0.0,0.0,0.0,0.0,0.0,0.0,0.0,0.0,0.0,65.2,0,150,71,51,65476,0,65476,1,4,4,20529,65476,0,0,2621,60.0,0.0,0.0,0.0,0.0,0.0
2026-07-09T15:28:12,ERR,ERR,ERR,ERR,ERR,ERR,ERR,ERR,ERR,ERR,ERR,ERR,ERR,ERR,ERR,ERR,ERR,ERR,ERR,ERR,ERR,ERR,ERR,ERR,ERR,ERR,ERR,ERR,ERR,ERR,ERR,ERR,ERR,ERR,ERR,ERR,ERR,ERR,ERR,ERR,ERR,ERR,ERR,ERR,ERR,ERR,ERR,ERR,ERR,ERR,ERR,ERR,ERR,ERR,ERR,ERR,ERR,ERR,ERR,ERR,ERR,ERR,ERR,ERR,ERR,ERR,ERR,ERR,ERR,ERR,ERR,ERR,ERR,ERR,ERR,ERR,ERR,ERR,ERR,ERR,ERR,ERR,ERR,ERR,ERR,ERR,ERR,ERR,ERR,ERR,ERR,ERR,ERR,ERR,ERR,ERR,ERR,ERR,ERR,ERR,ERR,ERR,ERR,ERR,ERR,ERR,ERR,ERR,ERR,ERR,ERR,ERR,ERR,ERR,ERR,ERR,ERR,ERR,ERR,ERR,ERR,ERR,ERR,ERR,ERR,-0.0,-0.0,-0.0,2.7183478752108883e+23,0.0,5.095073207327886e+35,0.0,0.0,0,0,4,17316,7116,0.0,100,0.0,0.0,2.7183478752108883e+23,0.0,0.0,0,0,0,0,0.0,0,0,0,0,0,0,0,0,0,0,0,0,0,0,0,0,0,0,0,0,0,0,0,0,0,0,0,0,0,0,0,0,0,31,40,40,71,65476,0,300,0,0,8,21553,0.0,-107605600.0,0.0,0.0,0.0,0.0,0.0,0.0,0.0,0.0,0.0,0.0,0.0,0.0,0.0,0.0,0.0,0.0,0.0,0.0,0.0,0.0,-0.0,0.0,0.0,0.0,0.0,0.0,0.0,0.0,5568.0,0.0,6919.0,-0.0,-0.0,2.004,2.004,0.0,0.0,0.0,0.0,69,-0.0,0.0,0.0,0.0,0.0,0.0,0.0,0.0,0.0,0,0,0,0.0,0.0,0.0,0.0,0.0,0.0,0.0,0.0,0.0,0.0,0.0,0.0,0.0,0.0,0.0,0.0,0,-107875648.0,69,0.0,138,0.0,2.012,ERR,ERR,ERR,ERR,ERR,ERR,ERR,ERR,ERR,ERR,ERR,ERR,ERR,ERR,ERR,ERR,ERR,ERR,ERR,ERR,ERR,ERR,ERR,ERR,ERR,ERR,ERR,ERR,ERR,ERR,ERR,ERR,ERR,ERR,ERR,ERR,ERR,ERR,ERR,ERR,ERR,ERR,ERR,ERR,ERR,ERR,ERR,ERR,ERR,ERR,ERR,ERR,ERR,ERR,ERR,ERR,ERR,ERR,ERR,ERR,ERR,ERR,ERR,ERR,ERR,ERR,ERR,60.0,60.0,35,0.0,0.0,0.0,0.0,0.0,0.0,0.0,0.0,0.0,0.0,0.0,0.0,0.0,0.0,0.0,0.0,65.6,0,150,71,51,65476,0,65476,1,4,4,20529,65476,0,0,2621,60.0,0.0,0.0,0.0,0.0,0.0
2026-07-09T15:28:13,ERR,ERR,ERR,ERR,ERR,ERR,ERR,ERR,ERR,ERR,ERR,ERR,ERR,ERR,ERR,ERR,ERR,ERR,ERR,ERR,ERR,ERR,ERR,ERR,ERR,ERR,ERR,ERR,ERR,ERR,ERR,ERR,ERR,ERR,ERR,ERR,ERR,ERR,ERR,ERR,ERR,ERR,ERR,ERR,ERR,ERR,ERR,ERR,ERR,ERR,ERR,ERR,ERR,ERR,ERR,ERR,ERR,ERR,ERR,ERR,ERR,ERR,ERR,ERR,ERR,ERR,ERR,ERR,ERR,ERR,ERR,ERR,ERR,ERR,ERR,ERR,ERR,ERR,ERR,ERR,ERR,ERR,ERR,ERR,ERR,ERR,ERR,ERR,ERR,ERR,ERR,ERR,ERR,ERR,ERR,ERR,ERR,ERR,ERR,ERR,ERR,ERR,ERR,ERR,ERR,ERR,ERR,ERR,ERR,ERR,ERR,ERR,ERR,ERR,ERR,ERR,ERR,ERR,ERR,ERR,ERR,ERR,ERR,ERR,ERR,-0.0,-0.0,-0.0,2.7183478752108883e+23,0.0,5.095073207327886e+35,0.0,0.0,0,0,4,17316,7116,0.0,100,0.0,0.0,2.7183478752108883e+23,0.0,0.0,0,0,0,0,0.0,0,0,0,0,0,0,0,0,0,0,0,0,0,0,0,0,0,0,0,0,0,0,0,0,0,0,0,0,0,0,0,0,0,31,40,40,71,65476,0,300,0,0,8,21553,0.0,-107605600.0,0.0,0.0,0.0,0.0,0.0,0.0,0.0,0.0,0.0,0.0,0.0,0.0,0.0,0.0,0.0,0.0,0.0,0.0,0.0,0.0,-0.0,0.0,0.0,0.0,0.0,0.0,0.0,0.0,5568.0,0.0,6919.0,-0.0,-0.0,2.004,2.004,0.0,0.0,0.0,0.0,69,-0.0,0.0,0.0,0.0,0.0,0.0,0.0,0.0,0.0,0,0,0,0.0,0.0,0.0,0.0,0.0,0.0,0.0,0.0,0.0,0.0,0.0,0.0,0.0,0.0,0.0,0.0,0,-107875648.0,69,0.0,138,0.0,2.012,ERR,ERR,ERR,ERR,ERR,ERR,ERR,ERR,ERR,ERR,ERR,ERR,ERR,ERR,ERR,ERR,ERR,ERR,ERR,ERR,ERR,ERR,ERR,ERR,ERR,ERR,ERR,ERR,ERR,ERR,ERR,ERR,ERR,ERR,ERR,ERR,ERR,ERR,ERR,ERR,ERR,ERR,ERR,ERR,ERR,ERR,ERR,ERR,ERR,ERR,ERR,ERR,ERR,ERR,ERR,ERR,ERR,ERR,ERR,ERR,ERR,ERR,ERR,ERR,ERR,ERR,ERR,60.0,60.0,35,0.0,0.0,0.0,0.0,0.0,0.0,0.0,0.0,0.0,0.0,0.0,0.0,0.0,0.0,0.0,0.0,65.6,0,150,71,51,65476,0,65476,1,4,4,20529,65476,0,0,2621,60.0,0.0,0.0,0.0,0.0,0.0
2026-07-09T15:28:14,ERR,ERR,ERR,ERR,ERR,ERR,ERR,ERR,ERR,ERR,ERR,ERR,ERR,ERR,ERR,ERR,ERR,ERR,ERR,ERR,ERR,ERR,ERR,ERR,ERR,ERR,ERR,ERR,ERR,ERR,ERR,ERR,ERR,ERR,ERR,ERR,ERR,ERR,ERR,ERR,ERR,ERR,ERR,ERR,ERR,ERR,ERR,ERR,ERR,ERR,ERR,ERR,ERR,ERR,ERR,ERR,ERR,ERR,ERR,ERR,ERR,ERR,ERR,ERR,ERR,ERR,ERR,ERR,ERR,ERR,ERR,ERR,ERR,ERR,ERR,ERR,ERR,ERR,ERR,ERR,ERR,ERR,ERR,ERR,ERR,ERR,ERR,ERR,ERR,ERR,ERR,ERR,ERR,ERR,ERR,ERR,ERR,ERR,ERR,ERR,ERR,ERR,ERR,ERR,ERR,ERR,ERR,ERR,ERR,ERR,ERR,ERR,ERR,ERR,ERR,ERR,ERR,ERR,ERR,ERR,ERR,ERR,ERR,ERR,ERR,-0.0,-0.0,-0.0,2.7183478752108883e+23,0.0,5.095073207327886e+35,0.0,0.0,0,0,4,17316,7116,0.0,100,0.0,0.0,2.7183478752108883e+23,0.0,0.0,0,0,0,0,0.0,0,0,0,0,0,0,0,0,0,0,0,0,0,0,0,0,0,0,0,0,0,0,0,0,0,0,0,0,0,0,0,0,0,31,40,40,71,65476,0,300,0,0,8,21553,0.0,-107605600.0,0.0,0.0,0.0,0.0,0.0,0.0,0.0,0.0,0.0,0.0,0.0,0.0,0.0,0.0,0.0,0.0,0.0,0.0,0.0,0.0,-0.0,0.0,0.0,0.0,0.0,0.0,0.0,0.0,5568.0,0.0,6919.0,-0.0,-0.0,2.004,2.004,0.0,0.0,0.0,0.0,69,-0.0,0.0,0.0,0.0,0.0,0.0,0.0,0.0,0.0,0,0,0,0.0,0.0,0.0,0.0,0.0,0.0,0.0,0.0,0.0,0.0,0.0,0.0,0.0,0.0,0.0,0.0,0,-107875648.0,69,0.0,138,0.0,2.012,ERR,ERR,ERR,ERR,ERR,ERR,ERR,ERR,ERR,ERR,ERR,ERR,ERR,ERR,ERR,ERR,ERR,ERR,ERR,ERR,ERR,ERR,ERR,ERR,ERR,ERR,ERR,ERR,ERR,ERR,ERR,ERR,ERR,ERR,ERR,ERR,ERR,ERR,ERR,ERR,ERR,ERR,ERR,ERR,ERR,ERR,ERR,ERR,ERR,ERR,ERR,ERR,ERR,ERR,ERR,ERR,ERR,ERR,ERR,ERR,ERR,ERR,ERR,ERR,ERR,ERR,ERR,60.0,60.0,35,0.0,0.0,0.0,0.0,0.0,0.0,0.0,0.0,0.0,0.0,0.0,0.0,0.0,0.0,0.0,0.0,64.8,0,150,71,51,65476,0,65476,1,4,4,20529,65476,0,0,2621,60.0,0.0,0.0,0.0,0.0,0.0
2026-07-09T15:28:15,ERR,ERR,ERR,ERR,ERR,ERR,ERR,ERR,ERR,ERR,ERR,ERR,ERR,ERR,ERR,ERR,ERR,ERR,ERR,ERR,ERR,ERR,ERR,ERR,ERR,ERR,ERR,ERR,ERR,ERR,ERR,ERR,ERR,ERR,ERR,ERR,ERR,ERR,ERR,ERR,ERR,ERR,ERR,ERR,ERR,ERR,ERR,ERR,ERR,ERR,ERR,ERR,ERR,ERR,ERR,ERR,ERR,ERR,ERR,ERR,ERR,ERR,ERR,ERR,ERR,ERR,ERR,ERR,ERR,ERR,ERR,ERR,ERR,ERR,ERR,ERR,ERR,ERR,ERR,ERR,ERR,ERR,ERR,ERR,ERR,ERR,ERR,ERR,ERR,ERR,ERR,ERR,ERR,ERR,ERR,ERR,ERR,ERR,ERR,ERR,ERR,ERR,ERR,ERR,ERR,ERR,ERR,ERR,ERR,ERR,ERR,ERR,ERR,ERR,ERR,ERR,ERR,ERR,ERR,ERR,ERR,ERR,ERR,ERR,ERR,-0.0,-0.0,-0.0,2.7183478752108883e+23,0.0,5.095073207327886e+35,0.0,0.0,0,0,4,17316,7116,0.0,100,0.0,0.0,2.7183478752108883e+23,0.0,0.0,0,0,0,0,0.0,0,0,0,0,0,0,0,0,0,0,0,0,0,0,0,0,0,0,0,0,0,0,0,0,0,0,0,0,0,0,0,0,0,31,40,40,71,65476,0,300,0,0,8,21553,0.0,-107605600.0,0.0,0.0,0.0,0.0,0.0,0.0,0.0,0.0,0.0,0.0,0.0,0.0,0.0,0.0,0.0,0.0,0.0,0.0,0.0,0.0,-0.0,0.0,0.0,0.0,0.0,0.0,0.0,0.0,5568.0,0.0,6919.0,-0.0,-0.0,2.004,2.004,0.0,0.0,0.0,0.0,69,-0.0,0.0,0.0,0.0,0.0,0.0,0.0,0.0,0.0,0,0,0,0.0,0.0,0.0,0.0,0.0,0.0,0.0,0.0,0.0,0.0,0.0,0.0,0.0,0.0,0.0,0.0,0,-107875648.0,69,0.0,138,0.0,2.012,ERR,ERR,ERR,ERR,ERR,ERR,ERR,ERR,ERR,ERR,ERR,ERR,ERR,ERR,ERR,ERR,ERR,ERR,ERR,ERR,ERR,ERR,ERR,ERR,ERR,ERR,ERR,ERR,ERR,ERR,ERR,ERR,ERR,ERR,ERR,ERR,ERR,ERR,ERR,ERR,ERR,ERR,ERR,ERR,ERR,ERR,ERR,ERR,ERR,ERR,ERR,ERR,ERR,ERR,ERR,ERR,ERR,ERR,ERR,ERR,ERR,ERR,ERR,ERR,ERR,ERR,ERR,60.0,60.0,35,0.0,0.0,0.0,0.0,0.0,0.0,0.0,0.0,0.0,0.0,0.0,0.0,0.0,0.0,0.0,0.0,64.8,0,150,71,51,65476,0,65476,1,4,4,20529,65476,0,0,2621,60.0,0.0,0.0,0.0,0.0,0.0
2026-07-09T15:28:16,ERR,ERR,ERR,ERR,ERR,ERR,ERR,ERR,ERR,ERR,ERR,ERR,ERR,ERR,ERR,ERR,ERR,ERR,ERR,ERR,ERR,ERR,ERR,ERR,ERR,ERR,ERR,ERR,ERR,ERR,ERR,ERR,ERR,ERR,ERR,ERR,ERR,ERR,ERR,ERR,ERR,ERR,ERR,ERR,ERR,ERR,ERR,ERR,ERR,ERR,ERR,ERR,ERR,ERR,ERR,ERR,ERR,ERR,ERR,ERR,ERR,ERR,ERR,ERR,ERR,ERR,ERR,ERR,ERR,ERR,ERR,ERR,ERR,ERR,ERR,ERR,ERR,ERR,ERR,ERR,ERR,ERR,ERR,ERR,ERR,ERR,ERR,ERR,ERR,ERR,ERR,ERR,ERR,ERR,ERR,ERR,ERR,ERR,ERR,ERR,ERR,ERR,ERR,ERR,ERR,ERR,ERR,ERR,ERR,ERR,ERR,ERR,ERR,ERR,ERR,ERR,ERR,ERR,ERR,ERR,ERR,ERR,ERR,ERR,ERR,-0.0,-0.0,-0.0,2.7183478752108883e+23,0.0,5.095073207327886e+35,0.0,0.0,0,0,4,17316,7116,0.0,100,0.0,0.0,2.7183478752108883e+23,0.0,0.0,0,0,0,0,0.0,0,0,0,0,0,0,0,0,0,0,0,0,0,0,0,0,0,0,0,0,0,0,0,0,0,0,0,0,0,0,0,0,0,31,40,40,71,65476,0,300,0,0,8,21553,0.0,-107605600.0,0.0,0.0,0.0,0.0,0.0,0.0,0.0,0.0,0.0,0.0,0.0,0.0,0.0,0.0,0.0,0.0,0.0,0.0,0.0,0.0,-0.0,0.0,0.0,0.0,0.0,0.0,0.0,0.0,5568.0,0.0,6919.0,-0.0,-0.0,2.004,2.004,0.0,0.0,0.0,0.0,69,-0.0,0.0,0.0,0.0,0.0,0.0,0.0,0.0,0.0,0,0,0,0.0,0.0,0.0,0.0,0.0,0.0,0.0,0.0,0.0,0.0,0.0,0.0,0.0,0.0,0.0,0.0,0,-107875648.0,69,0.0,138,0.0,2.012,ERR,ERR,ERR,ERR,ERR,ERR,ERR,ERR,ERR,ERR,ERR,ERR,ERR,ERR,ERR,ERR,ERR,ERR,ERR,ERR,ERR,ERR,ERR,ERR,ERR,ERR,ERR,ERR,ERR,ERR,ERR,ERR,ERR,ERR,ERR,ERR,ERR,ERR,ERR,ERR,ERR,ERR,ERR,ERR,ERR,ERR,ERR,ERR,ERR,ERR,ERR,ERR,ERR,ERR,ERR,ERR,ERR,ERR,ERR,ERR,ERR,ERR,ERR,ERR,ERR,ERR,ERR,60.0,60.0,35,0.0,0.0,0.0,0.0,0.0,0.0,0.0,0.0,0.0,0.0,0.0,0.0,0.0,0.0,0.0,0.0,64.8,0,150,71,51,65476,0,65476,1,4,4,20529,65476,0,0,2621,60.0,0.0,0.0,0.0,0.0,0.0
2026-07-09T15:28:17,ERR,ERR,ERR,ERR,ERR,ERR,ERR,ERR,ERR,ERR,ERR,ERR,ERR,ERR,ERR,ERR,ERR,ERR,ERR,ERR,ERR,ERR,ERR,ERR,ERR,ERR,ERR,ERR,ERR,ERR,ERR,ERR,ERR,ERR,ERR,ERR,ERR,ERR,ERR,ERR,ERR,ERR,ERR,ERR,ERR,ERR,ERR,ERR,ERR,ERR,ERR,ERR,ERR,ERR,ERR,ERR,ERR,ERR,ERR,ERR,ERR,ERR,ERR,ERR,ERR,ERR,ERR,ERR,ERR,ERR,ERR,ERR,ERR,ERR,ERR,ERR,ERR,ERR,ERR,ERR,ERR,ERR,ERR,ERR,ERR,ERR,ERR,ERR,ERR,ERR,ERR,ERR,ERR,ERR,ERR,ERR,ERR,ERR,ERR,ERR,ERR,ERR,ERR,ERR,ERR,ERR,ERR,ERR,ERR,ERR,ERR,ERR,ERR,ERR,ERR,ERR,ERR,ERR,ERR,ERR,ERR,ERR,ERR,ERR,ERR,-0.0,-0.0,-0.0,2.7183478752108883e+23,0.0,1.4481069022530977e+22,0.0,0.0,0,0,4,17316,7116,0.0,100,0.0,0.0,2.7183478752108883e+23,0.0,0.0,0,0,0,0,0.0,0,0,0,0,0,0,0,0,0,0,0,0,0,0,0,0,0,0,0,0,0,0,0,0,0,0,0,0,0,0,0,0,0,31,40,40,71,65476,0,300,0,0,8,21553,0.0,-107605600.0,0.0,0.0,0.0,0.0,0.0,0.0,0.0,0.0,0.0,0.0,0.0,0.0,0.0,0.0,0.0,0.0,0.0,0.0,0.0,0.0,-0.0,0.0,0.0,0.0,0.0,0.0,0.0,0.0,5557.0,-3.6971936103037665e+19,6940.0,-0.0,-0.0,2.004,2.004,0.0,0.0,0.0,0.0,69,0.0,-0.0,0.0,0.0,0.0,0.0,0.0,0.0,0.0,0,0,0,0.0,0.0,0.0,0.0,0.0,0.0,0.0,0.0,0.0,0.0,0.0,0.0,0.0,0.0,0.0,0.0,0,-107875648.0,69,0.0,138,0.0,2.012,ERR,ERR,ERR,ERR,ERR,ERR,ERR,ERR,ERR,ERR,ERR,ERR,ERR,ERR,ERR,ERR,ERR,ERR,ERR,ERR,ERR,ERR,ERR,ERR,ERR,ERR,ERR,ERR,ERR,ERR,ERR,ERR,ERR,ERR,ERR,ERR,ERR,ERR,ERR,ERR,ERR,ERR,ERR,ERR,ERR,ERR,ERR,ERR,ERR,ERR,ERR,ERR,ERR,ERR,ERR,ERR,ERR,ERR,ERR,ERR,ERR,ERR,ERR,ERR,ERR,ERR,ERR,60.0,60.0,35,0.0,0.0,0.0,0.0,0.0,0.0,0.0,0.0,0.0,0.0,0.0,0.0,0.0,0.0,0.0,0.0,64.8,0,150,71,51,65476,0,65476,1,4,4,20529,65476,0,0,2621,60.0,0.0,0.0,0.0,0.0,0.0
2026-07-09T15:28:18,ERR,ERR,ERR,ERR,ERR,ERR,ERR,ERR,ERR,ERR,ERR,ERR,ERR,ERR,ERR,ERR,ERR,ERR,ERR,ERR,ERR,ERR,ERR,ERR,ERR,ERR,ERR,ERR,ERR,ERR,ERR,ERR,ERR,ERR,ERR,ERR,ERR,ERR,ERR,ERR,ERR,ERR,ERR,ERR,ERR,ERR,ERR,ERR,ERR,ERR,ERR,ERR,ERR,ERR,ERR,ERR,ERR,ERR,ERR,ERR,ERR,ERR,ERR,ERR,ERR,ERR,ERR,ERR,ERR,ERR,ERR,ERR,ERR,ERR,ERR,ERR,ERR,ERR,ERR,ERR,ERR,ERR,ERR,ERR,ERR,ERR,ERR,ERR,ERR,ERR,ERR,ERR,ERR,ERR,ERR,ERR,ERR,ERR,ERR,ERR,ERR,ERR,ERR,ERR,ERR,ERR,ERR,ERR,ERR,ERR,ERR,ERR,ERR,ERR,ERR,ERR,ERR,ERR,ERR,ERR,ERR,ERR,ERR,ERR,ERR,-0.0,-0.0,-0.0,2.7183478752108883e+23,0.0,1.4481069022530977e+22,0.0,0.0,0,0,4,17316,7116,0.0,100,0.0,0.0,2.7183478752108883e+23,0.0,0.0,0,0,0,0,0.0,0,0,0,0,0,0,0,0,0,0,0,0,0,0,0,0,0,0,0,0,0,0,0,0,0,0,0,0,0,0,0,0,0,31,40,40,71,65476,0,300,0,0,8,21553,0.0,-107605600.0,0.0,0.0,0.0,0.0,0.0,0.0,0.0,0.0,0.0,0.0,0.0,0.0,0.0,0.0,0.0,0.0,0.0,0.0,0.0,0.0,-0.0,0.0,0.0,0.0,0.0,0.0,0.0,0.0,5557.0,-3.6971936103037665e+19,6940.0,-0.0,-0.0,2.004,2.004,0.0,0.0,0.0,0.0,69,0.0,-0.0,0.0,0.0,0.0,0.0,0.0,0.0,0.0,0,0,0,0.0,0.0,0.0,0.0,0.0,0.0,0.0,0.0,0.0,0.0,0.0,0.0,0.0,0.0,0.0,0.0,0,-107875648.0,69,0.0,138,0.0,2.012,ERR,ERR,ERR,ERR,ERR,ERR,ERR,ERR,ERR,ERR,ERR,ERR,ERR,ERR,ERR,ERR,ERR,ERR,ERR,ERR,ERR,ERR,ERR,ERR,ERR,ERR,ERR,ERR,ERR,ERR,ERR,ERR,ERR,ERR,ERR,ERR,ERR,ERR,ERR,ERR,ERR,ERR,ERR,ERR,ERR,ERR,ERR,ERR,ERR,ERR,ERR,ERR,ERR,ERR,ERR,ERR,ERR,ERR,ERR,ERR,ERR,ERR,ERR,ERR,ERR,ERR,ERR,60.0,60.0,35,0.0,0.0,0.0,0.0,0.0,0.0,0.0,0.0,0.0,0.0,0.0,0.0,0.0,0.0,0.0,0.0,64.8,0,150,71,51,65476,0,65476,1,4,4,20529,65476,0,0,2621,60.0,0.0,0.0,0.0,0.0,0.0
2026-07-09T15:28:19,ERR,ERR,ERR,ERR,ERR,ERR,ERR,ERR,ERR,ERR,ERR,ERR,ERR,ERR,ERR,ERR,ERR,ERR,ERR,ERR,ERR,ERR,ERR,ERR,ERR,ERR,ERR,ERR,ERR,ERR,ERR,ERR,ERR,ERR,ERR,ERR,ERR,ERR,ERR,ERR,ERR,ERR,ERR,ERR,ERR,ERR,ERR,ERR,ERR,ERR,ERR,ERR,ERR,ERR,ERR,ERR,ERR,ERR,ERR,ERR,ERR,ERR,ERR,ERR,ERR,ERR,ERR,ERR,ERR,ERR,ERR,ERR,ERR,ERR,ERR,ERR,ERR,ERR,ERR,ERR,ERR,ERR,ERR,ERR,ERR,ERR,ERR,ERR,ERR,ERR,ERR,ERR,ERR,ERR,ERR,ERR,ERR,ERR,ERR,ERR,ERR,ERR,ERR,ERR,ERR,ERR,ERR,ERR,ERR,ERR,ERR,ERR,ERR,ERR,ERR,ERR,ERR,ERR,ERR,ERR,ERR,ERR,ERR,ERR,ERR,-0.0,-0.0,-0.0,2.7183478752108883e+23,0.0,1.4481069022530977e+22,0.0,0.0,0,0,4,17316,7116,0.0,100,0.0,0.0,2.7183478752108883e+23,0.0,0.0,0,0,0,0,0.0,0,0,0,0,0,0,0,0,0,0,0,0,0,0,0,0,0,0,0,0,0,0,0,0,0,0,0,0,0,0,0,0,0,31,40,40,71,65476,0,300,0,0,8,21553,0.0,-107605600.0,0.0,0.0,0.0,0.0,0.0,0.0,0.0,0.0,0.0,0.0,0.0,0.0,0.0,0.0,0.0,0.0,0.0,0.0,0.0,0.0,-0.0,0.0,0.0,0.0,0.0,0.0,0.0,0.0,5557.0,-3.6971936103037665e+19,6940.0,-0.0,-0.0,2.004,2.004,0.0,0.0,0.0,0.0,69,0.0,-0.0,0.0,0.0,0.0,0.0,0.0,0.0,0.0,0,0,0,0.0,0.0,0.0,0.0,0.0,0.0,0.0,0.0,0.0,0.0,0.0,0.0,0.0,0.0,0.0,0.0,0,-107875648.0,69,0.0,138,0.0,2.012,ERR,ERR,ERR,ERR,ERR,ERR,ERR,ERR,ERR,ERR,ERR,ERR,ERR,ERR,ERR,ERR,ERR,ERR,ERR,ERR,ERR,ERR,ERR,ERR,ERR,ERR,ERR,ERR,ERR,ERR,ERR,ERR,ERR,ERR,ERR,ERR,ERR,ERR,ERR,ERR,ERR,ERR,ERR,ERR,ERR,ERR,ERR,ERR,ERR,ERR,ERR,ERR,ERR,ERR,ERR,ERR,ERR,ERR,ERR,ERR,ERR,ERR,ERR,ERR,ERR,ERR,ERR,60.0,60.0,35,0.0,0.0,0.0,0.0,0.0,0.0,0.0,0.0,0.0,0.0,0.0,0.0,0.0,0.0,0.0,0.0,64.8,0,150,71,51,65476,0,65476,1,4,4,20529,65476,0,0,2621,60.0,0.0,0.0,0.0,0.0,0.0
2026-07-09T15:28:20,ERR,ERR,ERR,ERR,ERR,ERR,ERR,ERR,ERR,ERR,ERR,ERR,ERR,ERR,ERR,ERR,ERR,ERR,ERR,ERR,ERR,ERR,ERR,ERR,ERR,ERR,ERR,ERR,ERR,ERR,ERR,ERR,ERR,ERR,ERR,ERR,ERR,ERR,ERR,ERR,ERR,ERR,ERR,ERR,ERR,ERR,ERR,ERR,ERR,ERR,ERR,ERR,ERR,ERR,ERR,ERR,ERR,ERR,ERR,ERR,ERR,ERR,ERR,ERR,ERR,ERR,ERR,ERR,ERR,ERR,ERR,ERR,ERR,ERR,ERR,ERR,ERR,ERR,ERR,ERR,ERR,ERR,ERR,ERR,ERR,ERR,ERR,ERR,ERR,ERR,ERR,ERR,ERR,ERR,ERR,ERR,ERR,ERR,ERR,ERR,ERR,ERR,ERR,ERR,ERR,ERR,ERR,ERR,ERR,ERR,ERR,ERR,ERR,ERR,ERR,ERR,ERR,ERR,ERR,ERR,ERR,ERR,ERR,ERR,ERR,-0.0,-0.0,-0.0,2.7183478752108883e+23,0.0,1.4481069022530977e+22,0.0,0.0,0,0,4,17316,7116,0.0,100,0.0,0.0,2.7183478752108883e+23,0.0,0.0,0,0,0,0,0.0,0,0,0,0,0,0,0,0,0,0,0,0,0,0,0,0,0,0,0,0,0,0,0,0,0,0,0,0,0,0,0,0,0,31,40,40,71,65476,0,300,0,0,8,21553,0.0,-107605600.0,0.0,0.0,0.0,0.0,0.0,0.0,0.0,0.0,0.0,0.0,0.0,0.0,0.0,0.0,0.0,0.0,0.0,0.0,0.0,0.0,-0.0,0.0,0.0,0.0,0.0,0.0,0.0,0.0,5557.0,-3.6971936103037665e+19,6940.0,-0.0,-0.0,2.004,2.004,0.0,0.0,0.0,0.0,69,0.0,-0.0,0.0,0.0,0.0,0.0,0.0,0.0,0.0,0,0,0,0.0,0.0,0.0,0.0,0.0,0.0,0.0,0.0,0.0,0.0,0.0,0.0,0.0,0.0,0.0,0.0,0,-107875648.0,69,0.0,138,0.0,2.012,ERR,ERR,ERR,ERR,ERR,ERR,ERR,ERR,ERR,ERR,ERR,ERR,ERR,ERR,ERR,ERR,ERR,ERR,ERR,ERR,ERR,ERR,ERR,ERR,ERR,ERR,ERR,ERR,ERR,ERR,ERR,ERR,ERR,ERR,ERR,ERR,ERR,ERR,ERR,ERR,ERR,ERR,ERR,ERR,ERR,ERR,ERR,ERR,ERR,ERR,ERR,ERR,ERR,ERR,ERR,ERR,ERR,ERR,ERR,ERR,ERR,ERR,ERR,ERR,ERR,ERR,ERR,60.0,60.0,35,0.0,0.0,0.0,0.0,0.0,0.0,0.0,0.0,0.0,0.0,0.0,0.0,0.0,0.0,0.0,0.0,65.6,0,150,71,51,65476,0,65476,1,4,4,20529,65476,0,0,2621,60.0,0.0,0.0,0.0,0.0,0.0
2026-07-09T15:28:21,ERR,ERR,ERR,ERR,ERR,ERR,ERR,ERR,ERR,ERR,ERR,ERR,ERR,ERR,ERR,ERR,ERR,ERR,ERR,ERR,ERR,ERR,ERR,ERR,ERR,ERR,ERR,ERR,ERR,ERR,ERR,ERR,ERR,ERR,ERR,ERR,ERR,ERR,ERR,ERR,ERR,ERR,ERR,ERR,ERR,ERR,ERR,ERR,ERR,ERR,ERR,ERR,ERR,ERR,ERR,ERR,ERR,ERR,ERR,ERR,ERR,ERR,ERR,ERR,ERR,ERR,ERR,ERR,ERR,ERR,ERR,ERR,ERR,ERR,ERR,ERR,ERR,ERR,ERR,ERR,ERR,ERR,ERR,ERR,ERR,ERR,ERR,ERR,ERR,ERR,ERR,ERR,ERR,ERR,ERR,ERR,ERR,ERR,ERR,ERR,ERR,ERR,ERR,ERR,ERR,ERR,ERR,ERR,ERR,ERR,ERR,ERR,ERR,ERR,ERR,ERR,ERR,ERR,ERR,ERR,ERR,ERR,ERR,ERR,ERR,-0.0,-0.0,-0.0,2.7183478752108883e+23,0.0,1.4481069022530977e+22,0.0,0.0,0,0,4,17316,7116,0.0,100,0.0,0.0,2.7183478752108883e+23,0.0,0.0,0,0,0,0,0.0,0,0,0,0,0,0,0,0,0,0,0,0,0,0,0,0,0,0,0,0,0,0,0,0,0,0,0,0,0,0,0,0,0,31,40,40,71,65476,0,300,0,0,8,21553,0.0,-107605600.0,0.0,0.0,0.0,0.0,0.0,0.0,0.0,0.0,0.0,0.0,0.0,0.0,0.0,0.0,0.0,0.0,0.0,0.0,0.0,0.0,-0.0,0.0,0.0,0.0,0.0,0.0,0.0,0.0,5557.0,-3.6971936103037665e+19,6940.0,-0.0,-0.0,2.004,2.004,0.0,0.0,0.0,0.0,69,0.0,-0.0,0.0,0.0,0.0,0.0,0.0,0.0,0.0,0,0,0,0.0,0.0,0.0,0.0,0.0,0.0,0.0,0.0,0.0,0.0,0.0,0.0,0.0,0.0,0.0,0.0,0,-107875648.0,69,0.0,138,0.0,2.012,ERR,ERR,ERR,ERR,ERR,ERR,ERR,ERR,ERR,ERR,ERR,ERR,ERR,ERR,ERR,ERR,ERR,ERR,ERR,ERR,ERR,ERR,ERR,ERR,ERR,ERR,ERR,ERR,ERR,ERR,ERR,ERR,ERR,ERR,ERR,ERR,ERR,ERR,ERR,ERR,ERR,ERR,ERR,ERR,ERR,ERR,ERR,ERR,ERR,ERR,ERR,ERR,ERR,ERR,ERR,ERR,ERR,ERR,ERR,ERR,ERR,ERR,ERR,ERR,ERR,ERR,ERR,60.0,60.0,35,0.0,0.0,0.0,0.0,0.0,0.0,0.0,0.0,0.0,0.0,0.0,0.0,0.0,0.0,0.0,0.0,65.6,0,150,71,51,65476,0,65476,1,4,4,20529,65476,0,0,2621,60.0,0.0,0.0,0.0,0.0,0.0
2026-07-09T15:28:22,ERR,ERR,ERR,ERR,ERR,ERR,ERR,ERR,ERR,ERR,ERR,ERR,ERR,ERR,ERR,ERR,ERR,ERR,ERR,ERR,ERR,ERR,ERR,ERR,ERR,ERR,ERR,ERR,ERR,ERR,ERR,ERR,ERR,ERR,ERR,ERR,ERR,ERR,ERR,ERR,ERR,ERR,ERR,ERR,ERR,ERR,ERR,ERR,ERR,ERR,ERR,ERR,ERR,ERR,ERR,ERR,ERR,ERR,ERR,ERR,ERR,ERR,ERR,ERR,ERR,ERR,ERR,ERR,ERR,ERR,ERR,ERR,ERR,ERR,ERR,ERR,ERR,ERR,ERR,ERR,ERR,ERR,ERR,ERR,ERR,ERR,ERR,ERR,ERR,ERR,ERR,ERR,ERR,ERR,ERR,ERR,ERR,ERR,ERR,ERR,ERR,ERR,ERR,ERR,ERR,ERR,ERR,ERR,ERR,ERR,ERR,ERR,ERR,ERR,ERR,ERR,ERR,ERR,ERR,ERR,ERR,ERR,ERR,ERR,ERR,-0.0,-0.0,-0.0,0.0,-0.0,-0.0,0.0,0.0,0,0,4,17316,7116,0.0,100,0.0,0.0,0.0,0.0,0.0,0,0,0,0,0.0,0,0,0,0,0,0,0,0,0,0,0,0,0,0,0,0,0,0,0,0,0,0,0,0,0,0,0,0,0,0,0,0,0,31,40,40,71,65476,0,300,0,0,8,21553,0.0,-107605600.0,0.0,0.0,0.0,0.0,0.0,0.0,0.0,0.0,0.0,0.0,0.0,0.0,0.0,0.0,0.0,0.0,0.0,0.0,0.0,0.0,-0.0,0.0,0.0,0.0,0.0,0.0,0.0,0.0,5557.0,-564146974228480.0,6939.0,-0.0,-0.0,2.004,2.004,0.0,0.0,0.0,0.0,69,-71.63,4.066861969379564e+29,0.0,0.0,0.0,0.0,0.0,0.0,0.0,0,0,0,0.0,0.0,0.0,0.0,0.0,0.0,0.0,0.0,0.0,0.0,0.0,0.0,0.0,0.0,0.0,0.0,0,-107875648.0,69,0.0,138,0.0,2.012,ERR,ERR,ERR,ERR,ERR,ERR,ERR,ERR,ERR,ERR,ERR,ERR,ERR,ERR,ERR,ERR,ERR,ERR,ERR,ERR,ERR,ERR,ERR,ERR,ERR,ERR,ERR,ERR,ERR,ERR,ERR,ERR,ERR,ERR,ERR,ERR,ERR,ERR,ERR,ERR,ERR,ERR,ERR,ERR,ERR,ERR,ERR,ERR,ERR,ERR,ERR,ERR,ERR,ERR,ERR,ERR,ERR,ERR,ERR,ERR,ERR,ERR,ERR,ERR,ERR,ERR,ERR,60.0,60.0,35,0.0,0.0,0.0,0.0,0.0,0.0,0.0,0.0,0.0,0.0,0.0,0.0,0.0,0.0,0.0,0.0,65.2,0,150,71,51,65476,0,65476,1,4,4,20529,65476,0,0,2621,60.0,0.0,0.0,0.0,0.0,0.0
2026-07-09T15:28:23,ERR,ERR,ERR,ERR,ERR,ERR,ERR,ERR,ERR,ERR,ERR,ERR,ERR,ERR,ERR,ERR,ERR,ERR,ERR,ERR,ERR,ERR,ERR,ERR,ERR,ERR,ERR,ERR,ERR,ERR,ERR,ERR,ERR,ERR,ERR,ERR,ERR,ERR,ERR,ERR,ERR,ERR,ERR,ERR,ERR,ERR,ERR,ERR,ERR,ERR,ERR,ERR,ERR,ERR,ERR,ERR,ERR,ERR,ERR,ERR,ERR,ERR,ERR,ERR,ERR,ERR,ERR,ERR,ERR,ERR,ERR,ERR,ERR,ERR,ERR,ERR,ERR,ERR,ERR,ERR,ERR,ERR,ERR,ERR,ERR,ERR,ERR,ERR,ERR,ERR,ERR,ERR,ERR,ERR,ERR,ERR,ERR,ERR,ERR,ERR,ERR,ERR,ERR,ERR,ERR,ERR,ERR,ERR,ERR,ERR,ERR,ERR,ERR,ERR,ERR,ERR,ERR,ERR,ERR,ERR,ERR,ERR,ERR,ERR,ERR,-0.0,-0.0,-0.0,0.0,-0.0,-0.0,0.0,0.0,0,0,4,17316,7116,0.0,100,0.0,0.0,0.0,0.0,0.0,0,0,0,0,0.0,0,0,0,0,0,0,0,0,0,0,0,0,0,0,0,0,0,0,0,0,0,0,0,0,0,0,0,0,0,0,0,0,0,31,40,40,71,65476,0,300,0,0,8,21553,0.0,-107605600.0,0.0,0.0,0.0,0.0,0.0,0.0,0.0,0.0,0.0,0.0,0.0,0.0,0.0,0.0,0.0,0.0,0.0,0.0,0.0,0.0,-0.0,0.0,0.0,0.0,0.0,0.0,0.0,0.0,5557.0,-564146974228480.0,6939.0,-0.0,-0.0,2.004,2.004,0.0,0.0,0.0,0.0,69,-71.63,4.066861969379564e+29,0.0,0.0,0.0,0.0,0.0,0.0,0.0,0,0,0,0.0,0.0,0.0,0.0,0.0,0.0,0.0,0.0,0.0,0.0,0.0,0.0,0.0,0.0,0.0,0.0,0,-107875648.0,69,0.0,138,0.0,2.012,ERR,ERR,ERR,ERR,ERR,ERR,ERR,ERR,ERR,ERR,ERR,ERR,ERR,ERR,ERR,ERR,ERR,ERR,ERR,ERR,ERR,ERR,ERR,ERR,ERR,ERR,ERR,ERR,ERR,ERR,ERR,ERR,ERR,ERR,ERR,ERR,ERR,ERR,ERR,ERR,ERR,ERR,ERR,ERR,ERR,ERR,ERR,ERR,ERR,ERR,ERR,ERR,ERR,ERR,ERR,ERR,ERR,ERR,ERR,ERR,ERR,ERR,ERR,ERR,ERR,ERR,ERR,60.0,60.0,35,0.0,0.0,0.0,0.0,0.0,0.0,0.0,0.0,0.0,0.0,0.0,0.0,0.0,0.0,0.0,0.0,65.2,0,150,71,51,65476,0,65476,1,4,4,20529,65476,0,0,2621,60.0,0.0,0.0,0.0,0.0,0.0
2026-07-09T15:28:24,ERR,ERR,ERR,ERR,ERR,ERR,ERR,ERR,ERR,ERR,ERR,ERR,ERR,ERR,ERR,ERR,ERR,ERR,ERR,ERR,ERR,ERR,ERR,ERR,ERR,ERR,ERR,ERR,ERR,ERR,ERR,ERR,ERR,ERR,ERR,ERR,ERR,ERR,ERR,ERR,ERR,ERR,ERR,ERR,ERR,ERR,ERR,ERR,ERR,ERR,ERR,ERR,ERR,ERR,ERR,ERR,ERR,ERR,ERR,ERR,ERR,ERR,ERR,ERR,ERR,ERR,ERR,ERR,ERR,ERR,ERR,ERR,ERR,ERR,ERR,ERR,ERR,ERR,ERR,ERR,ERR,ERR,ERR,ERR,ERR,ERR,ERR,ERR,ERR,ERR,ERR,ERR,ERR,ERR,ERR,ERR,ERR,ERR,ERR,ERR,ERR,ERR,ERR,ERR,ERR,ERR,ERR,ERR,ERR,ERR,ERR,ERR,ERR,ERR,ERR,ERR,ERR,ERR,ERR,ERR,ERR,ERR,ERR,ERR,ERR,-0.0,-0.0,-0.0,0.0,-0.0,-0.0,0.0,0.0,0,0,4,17316,7116,0.0,100,0.0,0.0,0.0,0.0,0.0,0,0,0,0,0.0,0,0,0,0,0,0,0,0,0,0,0,0,0,0,0,0,0,0,0,0,0,0,0,0,0,0,0,0,0,0,0,0,0,31,40,40,71,65476,0,300,0,0,8,21553,0.0,-107605600.0,0.0,0.0,0.0,0.0,0.0,0.0,0.0,0.0,0.0,0.0,0.0,0.0,0.0,0.0,0.0,0.0,0.0,0.0,0.0,0.0,-0.0,0.0,0.0,0.0,0.0,0.0,0.0,0.0,5557.0,-564146974228480.0,6939.0,-0.0,-0.0,2.004,2.004,0.0,0.0,0.0,0.0,69,-71.63,4.066861969379564e+29,0.0,0.0,0.0,0.0,0.0,0.0,0.0,0,0,0,0.0,0.0,0.0,0.0,0.0,0.0,0.0,0.0,0.0,0.0,0.0,0.0,0.0,0.0,0.0,0.0,0,-107875648.0,69,0.0,138,0.0,2.012,ERR,ERR,ERR,ERR,ERR,ERR,ERR,ERR,ERR,ERR,ERR,ERR,ERR,ERR,ERR,ERR,ERR,ERR,ERR,ERR,ERR,ERR,ERR,ERR,ERR,ERR,ERR,ERR,ERR,ERR,ERR,ERR,ERR,ERR,ERR,ERR,ERR,ERR,ERR,ERR,ERR,ERR,ERR,ERR,ERR,ERR,ERR,ERR,ERR,ERR,ERR,ERR,ERR,ERR,ERR,ERR,ERR,ERR,ERR,ERR,ERR,ERR,ERR,ERR,ERR,ERR,ERR,60.0,60.0,35,0.0,0.0,0.0,0.0,0.0,0.0,0.0,0.0,0.0,0.0,0.0,0.0,0.0,0.0,0.0,0.0,65.6,0,150,71,51,65476,0,65476,1,4,4,20529,65476,0,0,2621,60.0,0.0,0.0,0.0,0.0,0.0
2026-07-09T15:28:25,ERR,ERR,ERR,ERR,ERR,ERR,ERR,ERR,ERR,ERR,ERR,ERR,ERR,ERR,ERR,ERR,ERR,ERR,ERR,ERR,ERR,ERR,ERR,ERR,ERR,ERR,ERR,ERR,ERR,ERR,ERR,ERR,ERR,ERR,ERR,ERR,ERR,ERR,ERR,ERR,ERR,ERR,ERR,ERR,ERR,ERR,ERR,ERR,ERR,ERR,ERR,ERR,ERR,ERR,ERR,ERR,ERR,ERR,ERR,ERR,ERR,ERR,ERR,ERR,ERR,ERR,ERR,ERR,ERR,ERR,ERR,ERR,ERR,ERR,ERR,ERR,ERR,ERR,ERR,ERR,ERR,ERR,ERR,ERR,ERR,ERR,ERR,ERR,ERR,ERR,ERR,ERR,ERR,ERR,ERR,ERR,ERR,ERR,ERR,ERR,ERR,ERR,ERR,ERR,ERR,ERR,ERR,ERR,ERR,ERR,ERR,ERR,ERR,ERR,ERR,ERR,ERR,ERR,ERR,ERR,ERR,ERR,ERR,ERR,ERR,-0.0,-0.0,-0.0,0.0,-0.0,-0.0,0.0,0.0,0,0,4,17316,7116,0.0,100,0.0,0.0,0.0,0.0,0.0,0,0,0,0,0.0,0,0,0,0,0,0,0,0,0,0,0,0,0,0,0,0,0,0,0,0,0,0,0,0,0,0,0,0,0,0,0,0,0,31,40,40,71,65476,0,300,0,0,8,21553,0.0,-107605600.0,0.0,0.0,0.0,0.0,0.0,0.0,0.0,0.0,0.0,0.0,0.0,0.0,0.0,0.0,0.0,0.0,0.0,0.0,0.0,0.0,-0.0,0.0,0.0,0.0,0.0,0.0,0.0,0.0,5557.0,-564146974228480.0,6939.0,-0.0,-0.0,2.004,2.004,0.0,0.0,0.0,0.0,69,-71.63,4.066861969379564e+29,0.0,0.0,0.0,0.0,0.0,0.0,0.0,0,0,0,0.0,0.0,0.0,0.0,0.0,0.0,0.0,0.0,0.0,0.0,0.0,0.0,0.0,0.0,0.0,0.0,0,-107875648.0,69,0.0,138,0.0,2.012,ERR,ERR,ERR,ERR,ERR,ERR,ERR,ERR,ERR,ERR,ERR,ERR,ERR,ERR,ERR,ERR,ERR,ERR,ERR,ERR,ERR,ERR,ERR,ERR,ERR,ERR,ERR,ERR,ERR,ERR,ERR,ERR,ERR,ERR,ERR,ERR,ERR,ERR,ERR,ERR,ERR,ERR,ERR,ERR,ERR,ERR,ERR,ERR,ERR,ERR,ERR,ERR,ERR,ERR,ERR,ERR,ERR,ERR,ERR,ERR,ERR,ERR,ERR,ERR,ERR,ERR,ERR,60.0,60.0,35,0.0,0.0,0.0,0.0,0.0,0.0,0.0,0.0,0.0,0.0,0.0,0.0,0.0,0.0,0.0,0.0,64.8,0,150,71,51,65476,0,65476,1,4,4,20529,65476,0,0,2621,60.0,0.0,0.0,0.0,0.0,0.0
2026-07-09T15:28:26,ERR,ERR,ERR,ERR,ERR,ERR,ERR,ERR,ERR,ERR,ERR,ERR,ERR,ERR,ERR,ERR,ERR,ERR,ERR,ERR,ERR,ERR,ERR,ERR,ERR,ERR,ERR,ERR,ERR,ERR,ERR,ERR,ERR,ERR,ERR,ERR,ERR,ERR,ERR,ERR,ERR,ERR,ERR,ERR,ERR,ERR,ERR,ERR,ERR,ERR,ERR,ERR,ERR,ERR,ERR,ERR,ERR,ERR,ERR,ERR,ERR,ERR,ERR,ERR,ERR,ERR,ERR,ERR,ERR,ERR,ERR,ERR,ERR,ERR,ERR,ERR,ERR,ERR,ERR,ERR,ERR,ERR,ERR,ERR,ERR,ERR,ERR,ERR,ERR,ERR,ERR,ERR,ERR,ERR,ERR,ERR,ERR,ERR,ERR,ERR,ERR,ERR,ERR,ERR,ERR,ERR,ERR,ERR,ERR,ERR,ERR,ERR,ERR,ERR,ERR,ERR,ERR,ERR,ERR,ERR,ERR,ERR,ERR,ERR,ERR,-0.0,-0.0,-0.0,0.0,-0.0,-0.0,0.0,0.0,0,0,4,17316,7116,0.0,100,0.0,0.0,0.0,0.0,0.0,0,0,0,0,0.0,0,0,0,0,0,0,0,0,0,0,0,0,0,0,0,0,0,0,0,0,0,0,0,0,0,0,0,0,0,0,0,0,0,31,40,40,71,65476,0,300,0,0,8,21553,0.0,-107605600.0,0.0,0.0,0.0,0.0,0.0,0.0,0.0,0.0,0.0,0.0,0.0,0.0,0.0,0.0,0.0,0.0,0.0,0.0,0.0,0.0,-0.0,0.0,0.0,0.0,0.0,0.0,0.0,0.0,5557.0,-564146974228480.0,6939.0,-0.0,-0.0,2.004,2.004,0.0,0.0,0.0,0.0,69,-71.63,4.066861969379564e+29,0.0,0.0,0.0,0.0,0.0,0.0,0.0,0,0,0,0.0,0.0,0.0,0.0,0.0,0.0,0.0,0.0,0.0,0.0,0.0,0.0,0.0,0.0,0.0,0.0,0,-107875648.0,69,0.0,138,0.0,2.012,ERR,ERR,ERR,ERR,ERR,ERR,ERR,ERR,ERR,ERR,ERR,ERR,ERR,ERR,ERR,ERR,ERR,ERR,ERR,ERR,ERR,ERR,ERR,ERR,ERR,ERR,ERR,ERR,ERR,ERR,ERR,ERR,ERR,ERR,ERR,ERR,ERR,ERR,ERR,ERR,ERR,ERR,ERR,ERR,ERR,ERR,ERR,ERR,ERR,ERR,ERR,ERR,ERR,ERR,ERR,ERR,ERR,ERR,ERR,ERR,ERR,ERR,ERR,ERR,ERR,ERR,ERR,60.0,60.0,35,0.0,0.0,0.0,0.0,0.0,0.0,0.0,0.0,0.0,0.0,0.0,0.0,0.0,0.0,0.0,0.0,64.8,0,150,71,51,65476,0,65476,1,4,4,20529,65476,0,0,2621,60.0,0.0,0.0,0.0,0.0,0.0
2026-07-09T15:28:27,ERR,ERR,ERR,ERR,ERR,ERR,ERR,ERR,ERR,ERR,ERR,ERR,ERR,ERR,ERR,ERR,ERR,ERR,ERR,ERR,ERR,ERR,ERR,ERR,ERR,ERR,ERR,ERR,ERR,ERR,ERR,ERR,ERR,ERR,ERR,ERR,ERR,ERR,ERR,ERR,ERR,ERR,ERR,ERR,ERR,ERR,ERR,ERR,ERR,ERR,ERR,ERR,ERR,ERR,ERR,ERR,ERR,ERR,ERR,ERR,ERR,ERR,ERR,ERR,ERR,ERR,ERR,ERR,ERR,ERR,ERR,ERR,ERR,ERR,ERR,ERR,ERR,ERR,ERR,ERR,ERR,ERR,ERR,ERR,ERR,ERR,ERR,ERR,ERR,ERR,ERR,ERR,ERR,ERR,ERR,ERR,ERR,ERR,ERR,ERR,ERR,ERR,ERR,ERR,ERR,ERR,ERR,ERR,ERR,ERR,ERR,ERR,ERR,ERR,ERR,ERR,ERR,ERR,ERR,ERR,ERR,ERR,ERR,ERR,ERR,-0.0,-0.0,-0.0,0.0,-0.0,-0.0,3772874.75,-8.928747369881725e+28,0,0,4,17316,7116,0.0,100,0.0,0.0,0.0,0.0,0.0,0,0,0,0,0.0,0,0,0,0,0,0,0,0,0,0,0,0,0,0,0,0,0,0,0,0,0,0,0,0,0,0,0,0,0,0,0,0,0,31,40,40,71,65476,0,300,0,0,8,21553,0.0,-107605600.0,0.0,0.0,0.0,0.0,0.0,0.0,0.0,0.0,0.0,0.0,0.0,0.0,0.0,0.0,0.0,0.0,0.0,0.0,0.0,0.0,-0.0,0.0,0.0,0.0,0.0,0.0,0.0,0.0,5545.0,2.4229928044486764e+24,6921.0,-0.0,-0.0,2.004,2.004,0.0,0.0,0.0,0.0,69,89221.016,-107614952.0,0.0,0.0,0.0,0.0,0.0,0.0,0.0,0,0,0,0.0,0.0,0.0,0.0,0.0,0.0,0.0,0.0,0.0,0.0,0.0,0.0,0.0,0.0,0.0,0.0,0,-107875648.0,69,0.0,138,0.0,2.012,ERR,ERR,ERR,ERR,ERR,ERR,ERR,ERR,ERR,ERR,ERR,ERR,ERR,ERR,ERR,ERR,ERR,ERR,ERR,ERR,ERR,ERR,ERR,ERR,ERR,ERR,ERR,ERR,ERR,ERR,ERR,ERR,ERR,ERR,ERR,ERR,ERR,ERR,ERR,ERR,ERR,ERR,ERR,ERR,ERR,ERR,ERR,ERR,ERR,ERR,ERR,ERR,ERR,ERR,ERR,ERR,ERR,ERR,ERR,ERR,ERR,ERR,ERR,ERR,ERR,ERR,ERR,60.0,60.0,35,0.0,0.0,0.0,0.0,0.0,0.0,0.0,0.0,0.0,0.0,0.0,0.0,0.0,0.0,0.0,0.0,65.2,0,150,71,51,65476,0,65476,1,4,4,20529,65476,0,0,2621,60.0,0.0,0.0,0.0,0.0,0.0
2026-07-09T15:28:28,ERR,ERR,ERR,ERR,ERR,ERR,ERR,ERR,ERR,ERR,ERR,ERR,ERR,ERR,ERR,ERR,ERR,ERR,ERR,ERR,ERR,ERR,ERR,ERR,ERR,ERR,ERR,ERR,ERR,ERR,ERR,ERR,ERR,ERR,ERR,ERR,ERR,ERR,ERR,ERR,ERR,ERR,ERR,ERR,ERR,ERR,ERR,ERR,ERR,ERR,ERR,ERR,ERR,ERR,ERR,ERR,ERR,ERR,ERR,ERR,ERR,ERR,ERR,ERR,ERR,ERR,ERR,ERR,ERR,ERR,ERR,ERR,ERR,ERR,ERR,ERR,ERR,ERR,ERR,ERR,ERR,ERR,ERR,ERR,ERR,ERR,ERR,ERR,ERR,ERR,ERR,ERR,ERR,ERR,ERR,ERR,ERR,ERR,ERR,ERR,ERR,ERR,ERR,ERR,ERR,ERR,ERR,ERR,ERR,ERR,ERR,ERR,ERR,ERR,ERR,ERR,ERR,ERR,ERR,ERR,ERR,ERR,ERR,ERR,ERR,-0.0,-0.0,-0.0,0.0,-0.0,-0.0,3772874.75,-8.928747369881725e+28,0,0,4,17316,7116,0.0,100,0.0,0.0,0.0,0.0,0.0,0,0,0,0,0.0,0,0,0,0,0,0,0,0,0,0,0,0,0,0,0,0,0,0,0,0,0,0,0,0,0,0,0,0,0,0,0,0,0,31,40,40,71,65476,0,300,0,0,8,21553,0.0,-107605600.0,0.0,0.0,0.0,0.0,0.0,0.0,0.0,0.0,0.0,0.0,0.0,0.0,0.0,0.0,0.0,0.0,0.0,0.0,0.0,0.0,-0.0,0.0,0.0,0.0,0.0,0.0,0.0,0.0,5545.0,2.4229928044486764e+24,6921.0,-0.0,-0.0,2.004,2.004,0.0,0.0,0.0,0.0,69,89221.016,-107614952.0,0.0,0.0,0.0,0.0,0.0,0.0,0.0,0,0,0,0.0,0.0,0.0,0.0,0.0,0.0,0.0,0.0,0.0,0.0,0.0,0.0,0.0,0.0,0.0,0.0,0,-107875648.0,69,0.0,138,0.0,2.012,ERR,ERR,ERR,ERR,ERR,ERR,ERR,ERR,ERR,ERR,ERR,ERR,ERR,ERR,ERR,ERR,ERR,ERR,ERR,ERR,ERR,ERR,ERR,ERR,ERR,ERR,ERR,ERR,ERR,ERR,ERR,ERR,ERR,ERR,ERR,ERR,ERR,ERR,ERR,ERR,ERR,ERR,ERR,ERR,ERR,ERR,ERR,ERR,ERR,ERR,ERR,ERR,ERR,ERR,ERR,ERR,ERR,ERR,ERR,ERR,ERR,ERR,ERR,ERR,ERR,ERR,ERR,60.0,60.0,35,0.0,0.0,0.0,0.0,0.0,0.0,0.0,0.0,0.0,0.0,0.0,0.0,0.0,0.0,0.0,0.0,65.2,0,150,71,51,65476,0,65476,1,4,4,20529,65476,0,0,2621,60.0,0.0,0.0,0.0,0.0,0.0
2026-07-09T15:28:29,ERR,ERR,ERR,ERR,ERR,ERR,ERR,ERR,ERR,ERR,ERR,ERR,ERR,ERR,ERR,ERR,ERR,ERR,ERR,ERR,ERR,ERR,ERR,ERR,ERR,ERR,ERR,ERR,ERR,ERR,ERR,ERR,ERR,ERR,ERR,ERR,ERR,ERR,ERR,ERR,ERR,ERR,ERR,ERR,ERR,ERR,ERR,ERR,ERR,ERR,ERR,ERR,ERR,ERR,ERR,ERR,ERR,ERR,ERR,ERR,ERR,ERR,ERR,ERR,ERR,ERR,ERR,ERR,ERR,ERR,ERR,ERR,ERR,ERR,ERR,ERR,ERR,ERR,ERR,ERR,ERR,ERR,ERR,ERR,ERR,ERR,ERR,ERR,ERR,ERR,ERR,ERR,ERR,ERR,ERR,ERR,ERR,ERR,ERR,ERR,ERR,ERR,ERR,ERR,ERR,ERR,ERR,ERR,ERR,ERR,ERR,ERR,ERR,ERR,ERR,ERR,ERR,ERR,ERR,ERR,ERR,ERR,ERR,ERR,ERR,-0.0,-0.0,-0.0,0.0,-0.0,-0.0,3772874.75,-8.928747369881725e+28,0,0,4,17316,7116,0.0,100,0.0,0.0,0.0,0.0,0.0,0,0,0,0,0.0,0,0,0,0,0,0,0,0,0,0,0,0,0,0,0,0,0,0,0,0,0,0,0,0,0,0,0,0,0,0,0,0,0,31,40,40,71,65476,0,300,0,0,8,21553,0.0,-107605600.0,0.0,0.0,0.0,0.0,0.0,0.0,0.0,0.0,0.0,0.0,0.0,0.0,0.0,0.0,0.0,0.0,0.0,0.0,0.0,0.0,-0.0,0.0,0.0,0.0,0.0,0.0,0.0,0.0,5545.0,2.4229928044486764e+24,6921.0,-0.0,-0.0,2.004,2.004,0.0,0.0,0.0,0.0,69,89221.016,-107614952.0,0.0,0.0,0.0,0.0,0.0,0.0,0.0,0,0,0,0.0,0.0,0.0,0.0,0.0,0.0,0.0,0.0,0.0,0.0,0.0,0.0,0.0,0.0,0.0,0.0,0,-107875648.0,69,0.0,138,0.0,2.012,ERR,ERR,ERR,ERR,ERR,ERR,ERR,ERR,ERR,ERR,ERR,ERR,ERR,ERR,ERR,ERR,ERR,ERR,ERR,ERR,ERR,ERR,ERR,ERR,ERR,ERR,ERR,ERR,ERR,ERR,ERR,ERR,ERR,ERR,ERR,ERR,ERR,ERR,ERR,ERR,ERR,ERR,ERR,ERR,ERR,ERR,ERR,ERR,ERR,ERR,ERR,ERR,ERR,ERR,ERR,ERR,ERR,ERR,ERR,ERR,ERR,ERR,ERR,ERR,ERR,ERR,ERR,60.0,60.0,35,0.0,0.0,0.0,0.0,0.0,0.0,0.0,0.0,0.0,0.0,0.0,0.0,0.0,0.0,0.0,0.0,65.6,0,150,71,52,65476,0,65476,1,4,4,20529,65476,0,0,2621,60.0,0.0,0.0,0.0,0.0,0.0
2026-07-09T15:28:30,ERR,ERR,ERR,ERR,ERR,ERR,ERR,ERR,ERR,ERR,ERR,ERR,ERR,ERR,ERR,ERR,ERR,ERR,ERR,ERR,ERR,ERR,ERR,ERR,ERR,ERR,ERR,ERR,ERR,ERR,ERR,ERR,ERR,ERR,ERR,ERR,ERR,ERR,ERR,ERR,ERR,ERR,ERR,ERR,ERR,ERR,ERR,ERR,ERR,ERR,ERR,ERR,ERR,ERR,ERR,ERR,ERR,ERR,ERR,ERR,ERR,ERR,ERR,ERR,ERR,ERR,ERR,ERR,ERR,ERR,ERR,ERR,ERR,ERR,ERR,ERR,ERR,ERR,ERR,ERR,ERR,ERR,ERR,ERR,ERR,ERR,ERR,ERR,ERR,ERR,ERR,ERR,ERR,ERR,ERR,ERR,ERR,ERR,ERR,ERR,ERR,ERR,ERR,ERR,ERR,ERR,ERR,ERR,ERR,ERR,ERR,ERR,ERR,ERR,ERR,ERR,ERR,ERR,ERR,ERR,ERR,ERR,ERR,ERR,ERR,-0.0,-0.0,-0.0,0.0,-0.0,-0.0,3772874.75,-8.928747369881725e+28,0,0,4,17316,7116,0.0,100,0.0,0.0,0.0,0.0,0.0,0,0,0,0,0.0,0,0,0,0,0,0,0,0,0,0,0,0,0,0,0,0,0,0,0,0,0,0,0,0,0,0,0,0,0,0,0,0,0,31,40,40,71,65476,0,300,0,0,8,21553,0.0,-107605600.0,0.0,0.0,0.0,0.0,0.0,0.0,0.0,0.0,0.0,0.0,0.0,0.0,0.0,0.0,0.0,0.0,0.0,0.0,0.0,0.0,-0.0,0.0,0.0,0.0,0.0,0.0,0.0,0.0,5545.0,2.4229928044486764e+24,6921.0,-0.0,-0.0,2.004,2.004,0.0,0.0,0.0,0.0,69,89221.016,-107614952.0,0.0,0.0,0.0,0.0,0.0,0.0,0.0,0,0,0,0.0,0.0,0.0,0.0,0.0,0.0,0.0,0.0,0.0,0.0,0.0,0.0,0.0,0.0,0.0,0.0,0,-107875648.0,69,0.0,138,0.0,2.012,ERR,ERR,ERR,ERR,ERR,ERR,ERR,ERR,ERR,ERR,ERR,ERR,ERR,ERR,ERR,ERR,ERR,ERR,ERR,ERR,ERR,ERR,ERR,ERR,ERR,ERR,ERR,ERR,ERR,ERR,ERR,ERR,ERR,ERR,ERR,ERR,ERR,ERR,ERR,ERR,ERR,ERR,ERR,ERR,ERR,ERR,ERR,ERR,ERR,ERR,ERR,ERR,ERR,ERR,ERR,ERR,ERR,ERR,ERR,ERR,ERR,ERR,ERR,ERR,ERR,ERR,ERR,60.0,60.0,35,0.0,0.0,0.0,0.0,0.0,0.0,0.0,0.0,0.0,0.0,0.0,0.0,0.0,0.0,0.0,0.0,65.6,0,150,71,52,65476,0,65476,1,4,4,20529,65476,0,0,2621,60.0,0.0,0.0,0.0,0.0,0.0
2026-07-09T15:28:31,ERR,ERR,ERR,ERR,ERR,ERR,ERR,ERR,ERR,ERR,ERR,ERR,ERR,ERR,ERR,ERR,ERR,ERR,ERR,ERR,ERR,ERR,ERR,ERR,ERR,ERR,ERR,ERR,ERR,ERR,ERR,ERR,ERR,ERR,ERR,ERR,ERR,ERR,ERR,ERR,ERR,ERR,ERR,ERR,ERR,ERR,ERR,ERR,ERR,ERR,ERR,ERR,ERR,ERR,ERR,ERR,ERR,ERR,ERR,ERR,ERR,ERR,ERR,ERR,ERR,ERR,ERR,ERR,ERR,ERR,ERR,ERR,ERR,ERR,ERR,ERR,ERR,ERR,ERR,ERR,ERR,ERR,ERR,ERR,ERR,ERR,ERR,ERR,ERR,ERR,ERR,ERR,ERR,ERR,ERR,ERR,ERR,ERR,ERR,ERR,ERR,ERR,ERR,ERR,ERR,ERR,ERR,ERR,ERR,ERR,ERR,ERR,ERR,ERR,ERR,ERR,ERR,ERR,ERR,ERR,ERR,ERR,ERR,ERR,ERR,-0.0,-0.0,-0.0,0.0,-0.0,-0.0,3772874.75,-8.928747369881725e+28,0,0,4,17316,7116,0.0,100,0.0,0.0,0.0,0.0,0.0,0,0,0,0,0.0,0,0,0,0,0,0,0,0,0,0,0,0,0,0,0,0,0,0,0,0,0,0,0,0,0,0,0,0,0,0,0,0,0,31,40,40,71,65476,0,300,0,0,8,21553,0.0,-107605600.0,0.0,0.0,0.0,0.0,0.0,0.0,0.0,0.0,0.0,0.0,0.0,0.0,0.0,0.0,0.0,0.0,0.0,0.0,0.0,0.0,-0.0,0.0,0.0,0.0,0.0,0.0,0.0,0.0,5545.0,2.4229928044486764e+24,6921.0,-0.0,-0.0,2.004,2.004,0.0,0.0,0.0,0.0,69,89221.016,-107614952.0,0.0,0.0,0.0,0.0,0.0,0.0,0.0,0,0,0,0.0,0.0,0.0,0.0,0.0,0.0,0.0,0.0,0.0,0.0,0.0,0.0,0.0,0.0,0.0,0.0,0,-107875648.0,69,0.0,138,0.0,2.012,ERR,ERR,ERR,ERR,ERR,ERR,ERR,ERR,ERR,ERR,ERR,ERR,ERR,ERR,ERR,ERR,ERR,ERR,ERR,ERR,ERR,ERR,ERR,ERR,ERR,ERR,ERR,ERR,ERR,ERR,ERR,ERR,ERR,ERR,ERR,ERR,ERR,ERR,ERR,ERR,ERR,ERR,ERR,ERR,ERR,ERR,ERR,ERR,ERR,ERR,ERR,ERR,ERR,ERR,ERR,ERR,ERR,ERR,ERR,ERR,ERR,ERR,ERR,ERR,ERR,ERR,ERR,60.0,60.0,35,0.0,0.0,0.0,0.0,0.0,0.0,0.0,0.0,0.0,0.0,0.0,0.0,0.0,0.0,0.0,0.0,65.2,0,150,71,52,65476,0,65476,1,4,4,20529,65476,0,0,2621,60.0,0.0,0.0,0.0,0.0,0.0
2026-07-09T15:28:32,ERR,ERR,ERR,ERR,ERR,ERR,ERR,ERR,ERR,ERR,ERR,ERR,ERR,ERR,ERR,ERR,ERR,ERR,ERR,ERR,ERR,ERR,ERR,ERR,ERR,ERR,ERR,ERR,ERR,ERR,ERR,ERR,ERR,ERR,ERR,ERR,ERR,ERR,ERR,ERR,ERR,ERR,ERR,ERR,ERR,ERR,ERR,ERR,ERR,ERR,ERR,ERR,ERR,ERR,ERR,ERR,ERR,ERR,ERR,ERR,ERR,ERR,ERR,ERR,ERR,ERR,ERR,ERR,ERR,ERR,ERR,ERR,ERR,ERR,ERR,ERR,ERR,ERR,ERR,ERR,ERR,ERR,ERR,ERR,ERR,ERR,ERR,ERR,ERR,ERR,ERR,ERR,ERR,ERR,ERR,ERR,ERR,ERR,ERR,ERR,ERR,ERR,ERR,ERR,ERR,ERR,ERR,ERR,ERR,ERR,ERR,ERR,ERR,ERR,ERR,ERR,ERR,ERR,ERR,ERR,ERR,ERR,ERR,ERR,ERR,-0.0,2.71844587353878e+23,0.0,0.0,0.249,0.0,-0.0,nan,0,0,4,17315,7116,0.0,100,0.0,0.0,0.0,0.0,0.0,0,0,0,0,0.0,0,0,0,0,0,0,0,0,0,0,0,0,0,0,0,0,0,0,0,0,0,0,0,0,0,0,0,0,0,0,0,0,0,31,40,40,71,65476,0,300,0,0,8,21553,0.0,-107605600.0,0.0,0.0,0.0,0.0,0.0,0.0,0.0,0.0,0.0,0.0,0.0,0.0,0.0,0.0,0.0,0.0,0.0,0.0,0.0,0.0,-0.0,-3.697067826173549e+19,0.0,0.0,0.0,0.0,0.0,0.0,5549.0,-564146907119616.0,6939.0,-0.0,0.0,2.004,2.004,0.0,0.0,0.0,0.0,69,-2.3088382548096162e+20,0.059,0.0,0.0,0.0,0.0,0.0,0.0,0.0,0,0,0,0.0,0.0,0.0,0.0,0.0,0.0,0.0,0.0,0.0,0.0,0.0,0.0,0.0,0.0,0.0,0.0,0,-107875648.0,69,0.0,138,0.0,2.012,ERR,ERR,ERR,ERR,ERR,ERR,ERR,ERR,ERR,ERR,ERR,ERR,ERR,ERR,ERR,ERR,ERR,ERR,ERR,ERR,ERR,ERR,ERR,ERR,ERR,ERR,ERR,ERR,ERR,ERR,ERR,ERR,ERR,ERR,ERR,ERR,ERR,ERR,ERR,ERR,ERR,ERR,ERR,ERR,ERR,ERR,ERR,ERR,ERR,ERR,ERR,ERR,ERR,ERR,ERR,ERR,ERR,ERR,ERR,ERR,ERR,ERR,ERR,ERR,ERR,ERR,ERR,60.0,60.0,35,0.0,0.0,0.0,0.0,0.0,0.0,0.0,0.0,0.0,0.0,0.0,0.0,0.0,0.0,0.0,0.0,64.8,0,150,71,52,65476,0,65476,1,4,4,20529,65476,0,0,2621,60.0,0.0,0.0,0.0,0.0,0.0
2026-07-09T15:28:33,ERR,ERR,ERR,ERR,ERR,ERR,ERR,ERR,ERR,ERR,ERR,ERR,ERR,ERR,ERR,ERR,ERR,ERR,ERR,ERR,ERR,ERR,ERR,ERR,ERR,ERR,ERR,ERR,ERR,ERR,ERR,ERR,ERR,ERR,ERR,ERR,ERR,ERR,ERR,ERR,ERR,ERR,ERR,ERR,ERR,ERR,ERR,ERR,ERR,ERR,ERR,ERR,ERR,ERR,ERR,ERR,ERR,ERR,ERR,ERR,ERR,ERR,ERR,ERR,ERR,ERR,ERR,ERR,ERR,ERR,ERR,ERR,ERR,ERR,ERR,ERR,ERR,ERR,ERR,ERR,ERR,ERR,ERR,ERR,ERR,ERR,ERR,ERR,ERR,ERR,ERR,ERR,ERR,ERR,ERR,ERR,ERR,ERR,ERR,ERR,ERR,ERR,ERR,ERR,ERR,ERR,ERR,ERR,ERR,ERR,ERR,ERR,ERR,ERR,ERR,ERR,ERR,ERR,ERR,ERR,ERR,ERR,ERR,ERR,ERR,-0.0,2.71844587353878e+23,0.0,0.0,0.249,0.0,-0.0,nan,0,0,4,17315,7116,0.0,100,0.0,0.0,0.0,0.0,0.0,0,0,0,0,0.0,0,0,0,0,0,0,0,0,0,0,0,0,0,0,0,0,0,0,0,0,0,0,0,0,0,0,0,0,0,0,0,0,0,31,40,40,71,65476,0,300,0,0,8,21553,0.0,-107605600.0,0.0,0.0,0.0,0.0,0.0,0.0,0.0,0.0,0.0,0.0,0.0,0.0,0.0,0.0,0.0,0.0,0.0,0.0,0.0,0.0,-0.0,-3.697067826173549e+19,0.0,0.0,0.0,0.0,0.0,0.0,5549.0,-564146907119616.0,6939.0,-0.0,0.0,2.004,2.004,0.0,0.0,0.0,0.0,69,-2.3088382548096162e+20,0.059,0.0,0.0,0.0,0.0,0.0,0.0,0.0,0,0,0,0.0,0.0,0.0,0.0,0.0,0.0,0.0,0.0,0.0,0.0,0.0,0.0,0.0,0.0,0.0,0.0,0,-107875648.0,69,0.0,138,0.0,2.012,ERR,ERR,ERR,ERR,ERR,ERR,ERR,ERR,ERR,ERR,ERR,ERR,ERR,ERR,ERR,ERR,ERR,ERR,ERR,ERR,ERR,ERR,ERR,ERR,ERR,ERR,ERR,ERR,ERR,ERR,ERR,ERR,ERR,ERR,ERR,ERR,ERR,ERR,ERR,ERR,ERR,ERR,ERR,ERR,ERR,ERR,ERR,ERR,ERR,ERR,ERR,ERR,ERR,ERR,ERR,ERR,ERR,ERR,ERR,ERR,ERR,ERR,ERR,ERR,ERR,ERR,ERR,60.0,60.0,35,0.0,0.0,0.0,0.0,0.0,0.0,0.0,0.0,0.0,0.0,0.0,0.0,0.0,0.0,0.0,0.0,64.8,0,150,71,52,65476,0,65476,1,4,4,20529,65476,0,0,2621,60.0,0.0,0.0,0.0,0.0,0.0
2026-07-09T15:28:34,ERR,ERR,ERR,ERR,ERR,ERR,ERR,ERR,ERR,ERR,ERR,ERR,ERR,ERR,ERR,ERR,ERR,ERR,ERR,ERR,ERR,ERR,ERR,ERR,ERR,ERR,ERR,ERR,ERR,ERR,ERR,ERR,ERR,ERR,ERR,ERR,ERR,ERR,ERR,ERR,ERR,ERR,ERR,ERR,ERR,ERR,ERR,ERR,ERR,ERR,ERR,ERR,ERR,ERR,ERR,ERR,ERR,ERR,ERR,ERR,ERR,ERR,ERR,ERR,ERR,ERR,ERR,ERR,ERR,ERR,ERR,ERR,ERR,ERR,ERR,ERR,ERR,ERR,ERR,ERR,ERR,ERR,ERR,ERR,ERR,ERR,ERR,ERR,ERR,ERR,ERR,ERR,ERR,ERR,ERR,ERR,ERR,ERR,ERR,ERR,ERR,ERR,ERR,ERR,ERR,ERR,ERR,ERR,ERR,ERR,ERR,ERR,ERR,ERR,ERR,ERR,ERR,ERR,ERR,ERR,ERR,ERR,ERR,ERR,ERR,-0.0,2.71844587353878e+23,0.0,0.0,0.249,0.0,-0.0,nan,0,0,4,17315,7116,0.0,100,0.0,0.0,0.0,0.0,0.0,0,0,0,0,0.0,0,0,0,0,0,0,0,0,0,0,0,0,0,0,0,0,0,0,0,0,0,0,0,0,0,0,0,0,0,0,0,0,0,31,40,40,71,65476,0,300,0,0,8,21553,0.0,-107605600.0,0.0,0.0,0.0,0.0,0.0,0.0,0.0,0.0,0.0,0.0,0.0,0.0,0.0,0.0,0.0,0.0,0.0,0.0,0.0,0.0,-0.0,-3.697067826173549e+19,0.0,0.0,0.0,0.0,0.0,0.0,5549.0,-564146907119616.0,6939.0,-0.0,0.0,2.004,2.004,0.0,0.0,0.0,0.0,69,-2.3088382548096162e+20,0.059,0.0,0.0,0.0,0.0,0.0,0.0,0.0,0,0,0,0.0,0.0,0.0,0.0,0.0,0.0,0.0,0.0,0.0,0.0,0.0,0.0,0.0,0.0,0.0,0.0,0,-107875648.0,69,0.0,138,0.0,2.012,ERR,ERR,ERR,ERR,ERR,ERR,ERR,ERR,ERR,ERR,ERR,ERR,ERR,ERR,ERR,ERR,ERR,ERR,ERR,ERR,ERR,ERR,ERR,ERR,ERR,ERR,ERR,ERR,ERR,ERR,ERR,ERR,ERR,ERR,ERR,ERR,ERR,ERR,ERR,ERR,ERR,ERR,ERR,ERR,ERR,ERR,ERR,ERR,ERR,ERR,ERR,ERR,ERR,ERR,ERR,ERR,ERR,ERR,ERR,ERR,ERR,ERR,ERR,ERR,ERR,ERR,ERR,60.0,60.0,35,0.0,0.0,0.0,0.0,0.0,0.0,0.0,0.0,0.0,0.0,0.0,0.0,0.0,0.0,0.0,0.0,64.8,0,150,71,52,65476,0,65476,1,4,4,20529,65476,0,0,2621,60.0,0.0,0.0,0.0,0.0,0.0
2026-07-09T15:28:35,ERR,ERR,ERR,ERR,ERR,ERR,ERR,ERR,ERR,ERR,ERR,ERR,ERR,ERR,ERR,ERR,ERR,ERR,ERR,ERR,ERR,ERR,ERR,ERR,ERR,ERR,ERR,ERR,ERR,ERR,ERR,ERR,ERR,ERR,ERR,ERR,ERR,ERR,ERR,ERR,ERR,ERR,ERR,ERR,ERR,ERR,ERR,ERR,ERR,ERR,ERR,ERR,ERR,ERR,ERR,ERR,ERR,ERR,ERR,ERR,ERR,ERR,ERR,ERR,ERR,ERR,ERR,ERR,ERR,ERR,ERR,ERR,ERR,ERR,ERR,ERR,ERR,ERR,ERR,ERR,ERR,ERR,ERR,ERR,ERR,ERR,ERR,ERR,ERR,ERR,ERR,ERR,ERR,ERR,ERR,ERR,ERR,ERR,ERR,ERR,ERR,ERR,ERR,ERR,ERR,ERR,ERR,ERR,ERR,ERR,ERR,ERR,ERR,ERR,ERR,ERR,ERR,ERR,ERR,ERR,ERR,ERR,ERR,ERR,ERR,-0.0,2.71844587353878e+23,0.0,0.0,0.249,0.0,-0.0,nan,0,0,4,17315,7116,0.0,100,0.0,0.0,0.0,0.0,0.0,0,0,0,0,0.0,0,0,0,0,0,0,0,0,0,0,0,0,0,0,0,0,0,0,0,0,0,0,0,0,0,0,0,0,0,0,0,0,0,31,40,40,71,65476,0,300,0,0,8,21553,0.0,-107605600.0,0.0,0.0,0.0,0.0,0.0,0.0,0.0,0.0,0.0,0.0,0.0,0.0,0.0,0.0,0.0,0.0,0.0,0.0,0.0,0.0,-0.0,-3.697067826173549e+19,0.0,0.0,0.0,0.0,0.0,0.0,5549.0,-564146907119616.0,6939.0,-0.0,0.0,2.004,2.004,0.0,0.0,0.0,0.0,69,-2.3088382548096162e+20,0.059,0.0,0.0,0.0,0.0,0.0,0.0,0.0,0,0,0,0.0,0.0,0.0,0.0,0.0,0.0,0.0,0.0,0.0,0.0,0.0,0.0,0.0,0.0,0.0,0.0,0,-107875648.0,69,0.0,138,0.0,2.012,ERR,ERR,ERR,ERR,ERR,ERR,ERR,ERR,ERR,ERR,ERR,ERR,ERR,ERR,ERR,ERR,ERR,ERR,ERR,ERR,ERR,ERR,ERR,ERR,ERR,ERR,ERR,ERR,ERR,ERR,ERR,ERR,ERR,ERR,ERR,ERR,ERR,ERR,ERR,ERR,ERR,ERR,ERR,ERR,ERR,ERR,ERR,ERR,ERR,ERR,ERR,ERR,ERR,ERR,ERR,ERR,ERR,ERR,ERR,ERR,ERR,ERR,ERR,ERR,ERR,ERR,ERR,60.0,60.0,35,0.0,0.0,0.0,0.0,0.0,0.0,0.0,0.0,0.0,0.0,0.0,0.0,0.0,0.0,0.0,0.0,64.8,0,150,71,52,65476,0,65476,1,4,4,20529,65476,0,0,2621,60.0,0.0,0.0,0.0,0.0,0.0
2026-07-09T15:28:36,ERR,ERR,ERR,ERR,ERR,ERR,ERR,ERR,ERR,ERR,ERR,ERR,ERR,ERR,ERR,ERR,ERR,ERR,ERR,ERR,ERR,ERR,ERR,ERR,ERR,ERR,ERR,ERR,ERR,ERR,ERR,ERR,ERR,ERR,ERR,ERR,ERR,ERR,ERR,ERR,ERR,ERR,ERR,ERR,ERR,ERR,ERR,ERR,ERR,ERR,ERR,ERR,ERR,ERR,ERR,ERR,ERR,ERR,ERR,ERR,ERR,ERR,ERR,ERR,ERR,ERR,ERR,ERR,ERR,ERR,ERR,ERR,ERR,ERR,ERR,ERR,ERR,ERR,ERR,ERR,ERR,ERR,ERR,ERR,ERR,ERR,ERR,ERR,ERR,ERR,ERR,ERR,ERR,ERR,ERR,ERR,ERR,ERR,ERR,ERR,ERR,ERR,ERR,ERR,ERR,ERR,ERR,ERR,ERR,ERR,ERR,ERR,ERR,ERR,ERR,ERR,ERR,ERR,ERR,ERR,ERR,ERR,ERR,ERR,ERR,-0.0,2.71844587353878e+23,0.0,0.0,0.249,0.0,-0.0,nan,0,0,4,17315,7116,0.0,100,0.0,0.0,0.0,0.0,0.0,0,0,0,0,0.0,0,0,0,0,0,0,0,0,0,0,0,0,0,0,0,0,0,0,0,0,0,0,0,0,0,0,0,0,0,0,0,0,0,31,40,40,71,65476,0,300,0,0,8,21553,0.0,-107605600.0,0.0,0.0,0.0,0.0,0.0,0.0,0.0,0.0,0.0,0.0,0.0,0.0,0.0,0.0,0.0,0.0,0.0,0.0,0.0,0.0,-0.0,-3.697067826173549e+19,0.0,0.0,0.0,0.0,0.0,0.0,5549.0,-564146907119616.0,6939.0,-0.0,0.0,2.004,2.004,0.0,0.0,0.0,0.0,69,-2.3088382548096162e+20,0.059,0.0,0.0,0.0,0.0,0.0,0.0,0.0,0,0,0,0.0,0.0,0.0,0.0,0.0,0.0,0.0,0.0,0.0,0.0,0.0,0.0,0.0,0.0,0.0,0.0,0,-107875648.0,69,0.0,138,0.0,2.012,ERR,ERR,ERR,ERR,ERR,ERR,ERR,ERR,ERR,ERR,ERR,ERR,ERR,ERR,ERR,ERR,ERR,ERR,ERR,ERR,ERR,ERR,ERR,ERR,ERR,ERR,ERR,ERR,ERR,ERR,ERR,ERR,ERR,ERR,ERR,ERR,ERR,ERR,ERR,ERR,ERR,ERR,ERR,ERR,ERR,ERR,ERR,ERR,ERR,ERR,ERR,ERR,ERR,ERR,ERR,ERR,ERR,ERR,ERR,ERR,ERR,ERR,ERR,ERR,ERR,ERR,ERR,60.0,60.0,35,0.0,0.0,0.0,0.0,0.0,0.0,0.0,0.0,0.0,0.0,0.0,0.0,0.0,0.0,0.0,0.0,64.8,0,150,71,52,65476,0,65476,1,4,4,20529,65476,0,0,2621,60.0,0.0,0.0,0.0,0.0,0.0
2026-07-09T15:28:37,ERR,ERR,ERR,ERR,ERR,ERR,ERR,ERR,ERR,ERR,ERR,ERR,ERR,ERR,ERR,ERR,ERR,ERR,ERR,ERR,ERR,ERR,ERR,ERR,ERR,ERR,ERR,ERR,ERR,ERR,ERR,ERR,ERR,ERR,ERR,ERR,ERR,ERR,ERR,ERR,ERR,ERR,ERR,ERR,ERR,ERR,ERR,ERR,ERR,ERR,ERR,ERR,ERR,ERR,ERR,ERR,ERR,ERR,ERR,ERR,ERR,ERR,ERR,ERR,ERR,ERR,ERR,ERR,ERR,ERR,ERR,ERR,ERR,ERR,ERR,ERR,ERR,ERR,ERR,ERR,ERR,ERR,ERR,ERR,ERR,ERR,ERR,ERR,ERR,ERR,ERR,ERR,ERR,ERR,ERR,ERR,ERR,ERR,ERR,ERR,ERR,ERR,ERR,ERR,ERR,ERR,ERR,ERR,ERR,ERR,ERR,ERR,ERR,ERR,ERR,ERR,ERR,ERR,ERR,ERR,ERR,ERR,ERR,ERR,ERR,-0.0,-107616040.0,0.0,0.0,6765311688704000.0,-0.0,0.0,0.0,0,0,4,17317,7116,0.0,100,0.0,0.0,0.0,0.0,0.0,0,0,0,0,0.0,0,0,0,0,0,0,0,0,0,0,0,0,0,0,0,0,0,0,0,0,0,0,0,0,0,0,0,0,0,0,0,0,0,31,40,40,71,65476,0,300,0,0,8,21553,0.0,-107605600.0,0.0,0.0,0.0,0.0,0.0,0.0,0.0,0.0,0.0,0.0,0.0,0.0,0.0,0.0,0.0,0.0,0.0,0.0,0.0,0.0,-0.0,-0.0,0.0,0.0,0.0,0.0,0.0,0.0,5511.0,1.5879323754288253e+29,6926.0,-0.0,-107616040.0,2.004,2.004,0.0,0.0,0.0,0.0,69,152018270289920.0,-0.0,0.0,0.0,0.0,0.0,0.0,0.0,0.0,0,0,0,0.0,0.0,0.0,0.0,0.0,0.0,0.0,0.0,0.0,0.0,0.0,0.0,0.0,0.0,0.0,0.0,0,-107875648.0,69,0.0,138,0.0,2.012,ERR,ERR,ERR,ERR,ERR,ERR,ERR,ERR,ERR,ERR,ERR,ERR,ERR,ERR,ERR,ERR,ERR,ERR,ERR,ERR,ERR,ERR,ERR,ERR,ERR,ERR,ERR,ERR,ERR,ERR,ERR,ERR,ERR,ERR,ERR,ERR,ERR,ERR,ERR,ERR,ERR,ERR,ERR,ERR,ERR,ERR,ERR,ERR,ERR,ERR,ERR,ERR,ERR,ERR,ERR,ERR,ERR,ERR,ERR,ERR,ERR,ERR,ERR,ERR,ERR,ERR,ERR,60.0,60.0,35,0.0,0.0,0.0,0.0,0.0,0.0,0.0,0.0,0.0,0.0,0.0,0.0,0.0,0.0,0.0,0.0,65.2,0,150,71,52,65476,0,65476,1,4,4,20529,65476,0,0,2621,60.0,0.0,0.0,0.0,0.0,0.0
2026-07-09T15:28:38,ERR,ERR,ERR,ERR,ERR,ERR,ERR,ERR,ERR,ERR,ERR,ERR,ERR,ERR,ERR,ERR,ERR,ERR,ERR,ERR,ERR,ERR,ERR,ERR,ERR,ERR,ERR,ERR,ERR,ERR,ERR,ERR,ERR,ERR,ERR,ERR,ERR,ERR,ERR,ERR,ERR,ERR,ERR,ERR,ERR,ERR,ERR,ERR,ERR,ERR,ERR,ERR,ERR,ERR,ERR,ERR,ERR,ERR,ERR,ERR,ERR,ERR,ERR,ERR,ERR,ERR,ERR,ERR,ERR,ERR,ERR,ERR,ERR,ERR,ERR,ERR,ERR,ERR,ERR,ERR,ERR,ERR,ERR,ERR,ERR,ERR,ERR,ERR,ERR,ERR,ERR,ERR,ERR,ERR,ERR,ERR,ERR,ERR,ERR,ERR,ERR,ERR,ERR,ERR,ERR,ERR,ERR,ERR,ERR,ERR,ERR,ERR,ERR,ERR,ERR,ERR,ERR,ERR,ERR,ERR,ERR,ERR,ERR,ERR,ERR,-0.0,-107616040.0,0.0,0.0,6765311688704000.0,-0.0,0.0,0.0,0,0,4,17317,7116,0.0,100,0.0,0.0,0.0,0.0,0.0,0,0,0,0,0.0,0,0,0,0,0,0,0,0,0,0,0,0,0,0,0,0,0,0,0,0,0,0,0,0,0,0,0,0,0,0,0,0,0,31,40,40,71,65476,0,300,0,0,8,21553,0.0,-107605600.0,0.0,0.0,0.0,0.0,0.0,0.0,0.0,0.0,0.0,0.0,0.0,0.0,0.0,0.0,0.0,0.0,0.0,0.0,0.0,0.0,-0.0,-0.0,0.0,0.0,0.0,0.0,0.0,0.0,5511.0,1.5879323754288253e+29,6926.0,-0.0,-107616040.0,2.004,2.004,0.0,0.0,0.0,0.0,69,152018270289920.0,-0.0,0.0,0.0,0.0,0.0,0.0,0.0,0.0,0,0,0,0.0,0.0,0.0,0.0,0.0,0.0,0.0,0.0,0.0,0.0,0.0,0.0,0.0,0.0,0.0,0.0,0,-107875648.0,69,0.0,138,0.0,2.012,ERR,ERR,ERR,ERR,ERR,ERR,ERR,ERR,ERR,ERR,ERR,ERR,ERR,ERR,ERR,ERR,ERR,ERR,ERR,ERR,ERR,ERR,ERR,ERR,ERR,ERR,ERR,ERR,ERR,ERR,ERR,ERR,ERR,ERR,ERR,ERR,ERR,ERR,ERR,ERR,ERR,ERR,ERR,ERR,ERR,ERR,ERR,ERR,ERR,ERR,ERR,ERR,ERR,ERR,ERR,ERR,ERR,ERR,ERR,ERR,ERR,ERR,ERR,ERR,ERR,ERR,ERR,60.0,60.0,35,0.0,0.0,0.0,0.0,0.0,0.0,0.0,0.0,0.0,0.0,0.0,0.0,0.0,0.0,0.0,0.0,65.2,0,150,71,52,65476,0,65476,1,4,4,20529,65476,0,0,2621,60.0,0.0,0.0,0.0,0.0,0.0
2026-07-09T15:28:39,ERR,ERR,ERR,ERR,ERR,ERR,ERR,ERR,ERR,ERR,ERR,ERR,ERR,ERR,ERR,ERR,ERR,ERR,ERR,ERR,ERR,ERR,ERR,ERR,ERR,ERR,ERR,ERR,ERR,ERR,ERR,ERR,ERR,ERR,ERR,ERR,ERR,ERR,ERR,ERR,ERR,ERR,ERR,ERR,ERR,ERR,ERR,ERR,ERR,ERR,ERR,ERR,ERR,ERR,ERR,ERR,ERR,ERR,ERR,ERR,ERR,ERR,ERR,ERR,ERR,ERR,ERR,ERR,ERR,ERR,ERR,ERR,ERR,ERR,ERR,ERR,ERR,ERR,ERR,ERR,ERR,ERR,ERR,ERR,ERR,ERR,ERR,ERR,ERR,ERR,ERR,ERR,ERR,ERR,ERR,ERR,ERR,ERR,ERR,ERR,ERR,ERR,ERR,ERR,ERR,ERR,ERR,ERR,ERR,ERR,ERR,ERR,ERR,ERR,ERR,ERR,ERR,ERR,ERR,ERR,ERR,ERR,ERR,ERR,ERR,-0.0,-107616040.0,0.0,0.0,6765311688704000.0,-0.0,0.0,0.0,0,0,4,17317,7116,0.0,100,0.0,0.0,0.0,0.0,0.0,0,0,0,0,0.0,0,0,0,0,0,0,0,0,0,0,0,0,0,0,0,0,0,0,0,0,0,0,0,0,0,0,0,0,0,0,0,0,0,31,40,40,71,65476,0,300,0,0,8,21553,0.0,-107605600.0,0.0,0.0,0.0,0.0,0.0,0.0,0.0,0.0,0.0,0.0,0.0,0.0,0.0,0.0,0.0,0.0,0.0,0.0,0.0,0.0,-0.0,-0.0,0.0,0.0,0.0,0.0,0.0,0.0,5511.0,1.5879323754288253e+29,6926.0,-0.0,-107616040.0,2.004,2.004,0.0,0.0,0.0,0.0,69,152018270289920.0,-0.0,0.0,0.0,0.0,0.0,0.0,0.0,0.0,0,0,0,0.0,0.0,0.0,0.0,0.0,0.0,0.0,0.0,0.0,0.0,0.0,0.0,0.0,0.0,0.0,0.0,0,-107875648.0,69,0.0,138,0.0,2.012,ERR,ERR,ERR,ERR,ERR,ERR,ERR,ERR,ERR,ERR,ERR,ERR,ERR,ERR,ERR,ERR,ERR,ERR,ERR,ERR,ERR,ERR,ERR,ERR,ERR,ERR,ERR,ERR,ERR,ERR,ERR,ERR,ERR,ERR,ERR,ERR,ERR,ERR,ERR,ERR,ERR,ERR,ERR,ERR,ERR,ERR,ERR,ERR,ERR,ERR,ERR,ERR,ERR,ERR,ERR,ERR,ERR,ERR,ERR,ERR,ERR,ERR,ERR,ERR,ERR,ERR,ERR,60.0,60.0,35,0.0,0.0,0.0,0.0,0.0,0.0,0.0,0.0,0.0,0.0,0.0,0.0,0.0,0.0,0.0,0.0,65.6,0,150,71,52,65476,0,65476,1,4,4,20529,65476,0,0,2621,60.0,0.0,0.0,0.0,0.0,0.0
2026-07-09T15:28:40,ERR,ERR,ERR,ERR,ERR,ERR,ERR,ERR,ERR,ERR,ERR,ERR,ERR,ERR,ERR,ERR,ERR,ERR,ERR,ERR,ERR,ERR,ERR,ERR,ERR,ERR,ERR,ERR,ERR,ERR,ERR,ERR,ERR,ERR,ERR,ERR,ERR,ERR,ERR,ERR,ERR,ERR,ERR,ERR,ERR,ERR,ERR,ERR,ERR,ERR,ERR,ERR,ERR,ERR,ERR,ERR,ERR,ERR,ERR,ERR,ERR,ERR,ERR,ERR,ERR,ERR,ERR,ERR,ERR,ERR,ERR,ERR,ERR,ERR,ERR,ERR,ERR,ERR,ERR,ERR,ERR,ERR,ERR,ERR,ERR,ERR,ERR,ERR,ERR,ERR,ERR,ERR,ERR,ERR,ERR,ERR,ERR,ERR,ERR,ERR,ERR,ERR,ERR,ERR,ERR,ERR,ERR,ERR,ERR,ERR,ERR,ERR,ERR,ERR,ERR,ERR,ERR,ERR,ERR,ERR,ERR,ERR,ERR,ERR,ERR,-0.0,-107616040.0,0.0,0.0,6765311688704000.0,-0.0,0.0,0.0,0,0,4,17317,7116,0.0,100,0.0,0.0,0.0,0.0,0.0,0,0,0,0,0.0,0,0,0,0,0,0,0,0,0,0,0,0,0,0,0,0,0,0,0,0,0,0,0,0,0,0,0,0,0,0,0,0,0,31,40,40,71,65476,0,300,0,0,8,21553,0.0,-107605600.0,0.0,0.0,0.0,0.0,0.0,0.0,0.0,0.0,0.0,0.0,0.0,0.0,0.0,0.0,0.0,0.0,0.0,0.0,0.0,0.0,-0.0,-0.0,0.0,0.0,0.0,0.0,0.0,0.0,5511.0,1.5879323754288253e+29,6926.0,-0.0,-107616040.0,2.004,2.004,0.0,0.0,0.0,0.0,69,152018270289920.0,-0.0,0.0,0.0,0.0,0.0,0.0,0.0,0.0,0,0,0,0.0,0.0,0.0,0.0,0.0,0.0,0.0,0.0,0.0,0.0,0.0,0.0,0.0,0.0,0.0,0.0,0,-107875648.0,69,0.0,138,0.0,2.012,ERR,ERR,ERR,ERR,ERR,ERR,ERR,ERR,ERR,ERR,ERR,ERR,ERR,ERR,ERR,ERR,ERR,ERR,ERR,ERR,ERR,ERR,ERR,ERR,ERR,ERR,ERR,ERR,ERR,ERR,ERR,ERR,ERR,ERR,ERR,ERR,ERR,ERR,ERR,ERR,ERR,ERR,ERR,ERR,ERR,ERR,ERR,ERR,ERR,ERR,ERR,ERR,ERR,ERR,ERR,ERR,ERR,ERR,ERR,ERR,ERR,ERR,ERR,ERR,ERR,ERR,ERR,60.0,60.0,35,0.0,0.0,0.0,0.0,0.0,0.0,0.0,0.0,0.0,0.0,0.0,0.0,0.0,0.0,0.0,0.0,65.6,0,150,71,52,65476,0,65476,1,4,4,20529,65476,0,0,2621,60.0,0.0,0.0,0.0,0.0,0.0
2026-07-09T15:28:41,ERR,ERR,ERR,ERR,ERR,ERR,ERR,ERR,ERR,ERR,ERR,ERR,ERR,ERR,ERR,ERR,ERR,ERR,ERR,ERR,ERR,ERR,ERR,ERR,ERR,ERR,ERR,ERR,ERR,ERR,ERR,ERR,ERR,ERR,ERR,ERR,ERR,ERR,ERR,ERR,ERR,ERR,ERR,ERR,ERR,ERR,ERR,ERR,ERR,ERR,ERR,ERR,ERR,ERR,ERR,ERR,ERR,ERR,ERR,ERR,ERR,ERR,ERR,ERR,ERR,ERR,ERR,ERR,ERR,ERR,ERR,ERR,ERR,ERR,ERR,ERR,ERR,ERR,ERR,ERR,ERR,ERR,ERR,ERR,ERR,ERR,ERR,ERR,ERR,ERR,ERR,ERR,ERR,ERR,ERR,ERR,ERR,ERR,ERR,ERR,ERR,ERR,ERR,ERR,ERR,ERR,ERR,ERR,ERR,ERR,ERR,ERR,ERR,ERR,ERR,ERR,ERR,ERR,ERR,ERR,ERR,ERR,ERR,ERR,ERR,-0.0,-107616040.0,0.0,0.0,6765311688704000.0,-0.0,0.0,0.0,0,0,4,17317,7116,0.0,100,0.0,0.0,0.0,0.0,0.0,0,0,0,0,0.0,0,0,0,0,0,0,0,0,0,0,0,0,0,0,0,0,0,0,0,0,0,0,0,0,0,0,0,0,0,0,0,0,0,31,40,40,71,65476,0,300,0,0,8,21553,0.0,-107605600.0,0.0,0.0,0.0,0.0,0.0,0.0,0.0,0.0,0.0,0.0,0.0,0.0,0.0,0.0,0.0,0.0,0.0,0.0,0.0,0.0,-0.0,-0.0,0.0,0.0,0.0,0.0,0.0,0.0,5511.0,1.5879323754288253e+29,6926.0,-0.0,-107616040.0,2.004,2.004,0.0,0.0,0.0,0.0,69,152018270289920.0,-0.0,0.0,0.0,0.0,0.0,0.0,0.0,0.0,0,0,0,0.0,0.0,0.0,0.0,0.0,0.0,0.0,0.0,0.0,0.0,0.0,0.0,0.0,0.0,0.0,0.0,0,-107875648.0,69,0.0,138,0.0,2.012,ERR,ERR,ERR,ERR,ERR,ERR,ERR,ERR,ERR,ERR,ERR,ERR,ERR,ERR,ERR,ERR,ERR,ERR,ERR,ERR,ERR,ERR,ERR,ERR,ERR,ERR,ERR,ERR,ERR,ERR,ERR,ERR,ERR,ERR,ERR,ERR,ERR,ERR,ERR,ERR,ERR,ERR,ERR,ERR,ERR,ERR,ERR,ERR,ERR,ERR,ERR,ERR,ERR,ERR,ERR,ERR,ERR,ERR,ERR,ERR,ERR,ERR,ERR,ERR,ERR,ERR,ERR,60.0,60.0,35,0.0,0.0,0.0,0.0,0.0,0.0,0.0,0.0,0.0,0.0,0.0,0.0,0.0,0.0,0.0,0.0,64.8,0,150,71,52,65476,0,65476,0,1,8,20529,65476,0,0,2621,60.0,0.0,0.0,0.0,0.0,0.0
2026-07-09T15:28:42,ERR,ERR,ERR,ERR,ERR,ERR,ERR,ERR,ERR,ERR,ERR,ERR,ERR,ERR,ERR,ERR,ERR,ERR,ERR,ERR,ERR,ERR,ERR,ERR,ERR,ERR,ERR,ERR,ERR,ERR,ERR,ERR,ERR,ERR,ERR,ERR,ERR,ERR,ERR,ERR,ERR,ERR,ERR,ERR,ERR,ERR,ERR,ERR,ERR,ERR,ERR,ERR,ERR,ERR,ERR,ERR,ERR,ERR,ERR,ERR,ERR,ERR,ERR,ERR,ERR,ERR,ERR,ERR,ERR,ERR,ERR,ERR,ERR,ERR,ERR,ERR,ERR,ERR,ERR,ERR,ERR,ERR,ERR,ERR,ERR,ERR,ERR,ERR,ERR,ERR,ERR,ERR,ERR,ERR,ERR,ERR,ERR,ERR,ERR,ERR,ERR,ERR,ERR,ERR,ERR,ERR,ERR,ERR,ERR,ERR,ERR,ERR,ERR,ERR,ERR,ERR,ERR,ERR,ERR,ERR,ERR,ERR,ERR,ERR,ERR,0.0,-107616040.0,2.7302258490121003e+23,2.7183478752108883e+23,513.127,-0.548,0.0,0.0,0,0,4,17317,7116,0.0,100,0.0,0.0,2.7183478752108883e+23,0.0,0.0,0,0,0,0,0.0,0,0,0,0,0,0,0,0,0,0,0,0,0,0,0,0,0,0,0,0,0,0,0,0,0,0,0,0,0,0,0,0,0,31,40,40,71,65476,0,300,0,0,8,21553,0.0,-107605600.0,0.0,0.0,0.0,0.0,0.0,0.0,0.0,0.0,0.0,0.0,0.0,0.0,0.0,0.0,0.0,0.0,0.0,0.0,0.0,0.0,2.004,-0.0,0.0,0.0,0.0,0.0,0.0,0.0,5535.0,0.0,6913.0,0.0,-0.0,2.004,2.004,0.0,0.0,0.0,0.0,69,-126841020416.0,0.0,0.0,0.0,0.0,0.0,0.0,0.0,0.0,0,0,0,0.0,0.0,0.0,0.0,0.0,0.0,0.0,0.0,0.0,0.0,0.0,0.0,0.0,0.0,0.0,0.0,0,-107875648.0,69,0.0,138,0.0,2.012,ERR,ERR,ERR,ERR,ERR,ERR,ERR,ERR,ERR,ERR,ERR,ERR,ERR,ERR,ERR,ERR,ERR,ERR,ERR,ERR,ERR,ERR,ERR,ERR,ERR,ERR,ERR,ERR,ERR,ERR,ERR,ERR,ERR,ERR,ERR,ERR,ERR,ERR,ERR,ERR,ERR,ERR,ERR,ERR,ERR,ERR,ERR,ERR,ERR,ERR,ERR,ERR,ERR,ERR,ERR,ERR,ERR,ERR,ERR,ERR,ERR,ERR,ERR,ERR,ERR,ERR,ERR,60.0,60.0,35,0.0,0.0,0.0,0.0,0.0,0.0,0.0,0.0,0.0,0.0,0.0,0.0,0.0,0.0,0.0,0.0,65.6,0,150,71,52,65476,0,65476,0,1,8,20529,65476,0,0,2621,60.0,0.0,0.0,0.0,0.0,0.0
2026-07-09T15:28:43,ERR,ERR,ERR,ERR,ERR,ERR,ERR,ERR,ERR,ERR,ERR,ERR,ERR,ERR,ERR,ERR,ERR,ERR,ERR,ERR,ERR,ERR,ERR,ERR,ERR,ERR,ERR,ERR,ERR,ERR,ERR,ERR,ERR,ERR,ERR,ERR,ERR,ERR,ERR,ERR,ERR,ERR,ERR,ERR,ERR,ERR,ERR,ERR,ERR,ERR,ERR,ERR,ERR,ERR,ERR,ERR,ERR,ERR,ERR,ERR,ERR,ERR,ERR,ERR,ERR,ERR,ERR,ERR,ERR,ERR,ERR,ERR,ERR,ERR,ERR,ERR,ERR,ERR,ERR,ERR,ERR,ERR,ERR,ERR,ERR,ERR,ERR,ERR,ERR,ERR,ERR,ERR,ERR,ERR,ERR,ERR,ERR,ERR,ERR,ERR,ERR,ERR,ERR,ERR,ERR,ERR,ERR,ERR,ERR,ERR,ERR,ERR,ERR,ERR,ERR,ERR,ERR,ERR,ERR,ERR,ERR,ERR,ERR,ERR,ERR,0.0,-107616040.0,2.7302258490121003e+23,2.7183478752108883e+23,513.127,-0.548,0.0,0.0,0,0,4,17317,7116,0.0,100,0.0,0.0,2.7183478752108883e+23,0.0,0.0,0,0,0,0,0.0,0,0,0,0,0,0,0,0,0,0,0,0,0,0,0,0,0,0,0,0,0,0,0,0,0,0,0,0,0,0,0,0,0,31,40,40,71,65476,0,300,0,0,8,21553,0.0,-107605600.0,0.0,0.0,0.0,0.0,0.0,0.0,0.0,0.0,0.0,0.0,0.0,0.0,0.0,0.0,0.0,0.0,0.0,0.0,0.0,0.0,2.004,-0.0,0.0,0.0,0.0,0.0,0.0,0.0,5535.0,0.0,6913.0,0.0,-0.0,2.004,2.004,0.0,0.0,0.0,0.0,69,-126841020416.0,0.0,0.0,0.0,0.0,0.0,0.0,0.0,0.0,0,0,0,0.0,0.0,0.0,0.0,0.0,0.0,0.0,0.0,0.0,0.0,0.0,0.0,0.0,0.0,0.0,0.0,0,-107875648.0,69,0.0,138,0.0,2.012,ERR,ERR,ERR,ERR,ERR,ERR,ERR,ERR,ERR,ERR,ERR,ERR,ERR,ERR,ERR,ERR,ERR,ERR,ERR,ERR,ERR,ERR,ERR,ERR,ERR,ERR,ERR,ERR,ERR,ERR,ERR,ERR,ERR,ERR,ERR,ERR,ERR,ERR,ERR,ERR,ERR,ERR,ERR,ERR,ERR,ERR,ERR,ERR,ERR,ERR,ERR,ERR,ERR,ERR,ERR,ERR,ERR,ERR,ERR,ERR,ERR,ERR,ERR,ERR,ERR,ERR,ERR,60.0,60.0,35,0.0,0.0,0.0,0.0,0.0,0.0,0.0,0.0,0.0,0.0,0.0,0.0,0.0,0.0,0.0,0.0,65.6,0,150,71,52,65476,0,65476,0,1,8,20529,65476,0,0,2621,60.0,0.0,0.0,0.0,0.0,0.0
2026-07-09T15:28:44,ERR,ERR,ERR,ERR,ERR,ERR,ERR,ERR,ERR,ERR,ERR,ERR,ERR,ERR,ERR,ERR,ERR,ERR,ERR,ERR,ERR,ERR,ERR,ERR,ERR,ERR,ERR,ERR,ERR,ERR,ERR,ERR,ERR,ERR,ERR,ERR,ERR,ERR,ERR,ERR,ERR,ERR,ERR,ERR,ERR,ERR,ERR,ERR,ERR,ERR,ERR,ERR,ERR,ERR,ERR,ERR,ERR,ERR,ERR,ERR,ERR,ERR,ERR,ERR,ERR,ERR,ERR,ERR,ERR,ERR,ERR,ERR,ERR,ERR,ERR,ERR,ERR,ERR,ERR,ERR,ERR,ERR,ERR,ERR,ERR,ERR,ERR,ERR,ERR,ERR,ERR,ERR,ERR,ERR,ERR,ERR,ERR,ERR,ERR,ERR,ERR,ERR,ERR,ERR,ERR,ERR,ERR,ERR,ERR,ERR,ERR,ERR,ERR,ERR,ERR,ERR,ERR,ERR,ERR,ERR,ERR,ERR,ERR,ERR,ERR,0.0,-107616040.0,2.7302258490121003e+23,2.7183478752108883e+23,513.127,-0.548,0.0,0.0,0,0,4,17317,7116,0.0,100,0.0,0.0,2.7183478752108883e+23,0.0,0.0,0,0,0,0,0.0,0,0,0,0,0,0,0,0,0,0,0,0,0,0,0,0,0,0,0,0,0,0,0,0,0,0,0,0,0,0,0,0,0,31,40,40,71,65476,0,300,0,0,8,21553,0.0,-107605600.0,0.0,0.0,0.0,0.0,0.0,0.0,0.0,0.0,0.0,0.0,0.0,0.0,0.0,0.0,0.0,0.0,0.0,0.0,0.0,0.0,2.004,-0.0,0.0,0.0,0.0,0.0,0.0,0.0,5535.0,0.0,6913.0,0.0,-0.0,2.004,2.004,0.0,0.0,0.0,0.0,69,-126841020416.0,0.0,0.0,0.0,0.0,0.0,0.0,0.0,0.0,0,0,0,0.0,0.0,0.0,0.0,0.0,0.0,0.0,0.0,0.0,0.0,0.0,0.0,0.0,0.0,0.0,0.0,0,-107875648.0,69,0.0,138,0.0,2.012,ERR,ERR,ERR,ERR,ERR,ERR,ERR,ERR,ERR,ERR,ERR,ERR,ERR,ERR,ERR,ERR,ERR,ERR,ERR,ERR,ERR,ERR,ERR,ERR,ERR,ERR,ERR,ERR,ERR,ERR,ERR,ERR,ERR,ERR,ERR,ERR,ERR,ERR,ERR,ERR,ERR,ERR,ERR,ERR,ERR,ERR,ERR,ERR,ERR,ERR,ERR,ERR,ERR,ERR,ERR,ERR,ERR,ERR,ERR,ERR,ERR,ERR,ERR,ERR,ERR,ERR,ERR,60.0,60.0,35,0.0,0.0,0.0,0.0,0.0,0.0,0.0,0.0,0.0,0.0,0.0,0.0,0.0,0.0,0.0,0.0,65.6,0,150,71,52,65476,0,65476,0,1,8,20529,65476,0,0,2621,60.0,0.0,0.0,0.0,0.0,0.0
2026-07-09T15:28:45,ERR,ERR,ERR,ERR,ERR,ERR,ERR,ERR,ERR,ERR,ERR,ERR,ERR,ERR,ERR,ERR,ERR,ERR,ERR,ERR,ERR,ERR,ERR,ERR,ERR,ERR,ERR,ERR,ERR,ERR,ERR,ERR,ERR,ERR,ERR,ERR,ERR,ERR,ERR,ERR,ERR,ERR,ERR,ERR,ERR,ERR,ERR,ERR,ERR,ERR,ERR,ERR,ERR,ERR,ERR,ERR,ERR,ERR,ERR,ERR,ERR,ERR,ERR,ERR,ERR,ERR,ERR,ERR,ERR,ERR,ERR,ERR,ERR,ERR,ERR,ERR,ERR,ERR,ERR,ERR,ERR,ERR,ERR,ERR,ERR,ERR,ERR,ERR,ERR,ERR,ERR,ERR,ERR,ERR,ERR,ERR,ERR,ERR,ERR,ERR,ERR,ERR,ERR,ERR,ERR,ERR,ERR,ERR,ERR,ERR,ERR,ERR,ERR,ERR,ERR,ERR,ERR,ERR,ERR,ERR,ERR,ERR,ERR,ERR,ERR,0.0,-107616040.0,2.7302258490121003e+23,2.7183478752108883e+23,513.127,-0.548,0.0,0.0,0,0,4,17317,7116,0.0,100,0.0,0.0,2.7183478752108883e+23,0.0,0.0,0,0,0,0,0.0,0,0,0,0,0,0,0,0,0,0,0,0,0,0,0,0,0,0,0,0,0,0,0,0,0,0,0,0,0,0,0,0,0,31,40,40,71,65476,0,300,0,0,8,21553,0.0,-107605600.0,0.0,0.0,0.0,0.0,0.0,0.0,0.0,0.0,0.0,0.0,0.0,0.0,0.0,0.0,0.0,0.0,0.0,0.0,0.0,0.0,2.004,-0.0,0.0,0.0,0.0,0.0,0.0,0.0,5535.0,0.0,6913.0,0.0,-0.0,2.004,2.004,0.0,0.0,0.0,0.0,69,-126841020416.0,0.0,0.0,0.0,0.0,0.0,0.0,0.0,0.0,0,0,0,0.0,0.0,0.0,0.0,0.0,0.0,0.0,0.0,0.0,0.0,0.0,0.0,0.0,0.0,0.0,0.0,0,-107875648.0,69,0.0,138,0.0,2.012,ERR,ERR,ERR,ERR,ERR,ERR,ERR,ERR,ERR,ERR,ERR,ERR,ERR,ERR,ERR,ERR,ERR,ERR,ERR,ERR,ERR,ERR,ERR,ERR,ERR,ERR,ERR,ERR,ERR,ERR,ERR,ERR,ERR,ERR,ERR,ERR,ERR,ERR,ERR,ERR,ERR,ERR,ERR,ERR,ERR,ERR,ERR,ERR,ERR,ERR,ERR,ERR,ERR,ERR,ERR,ERR,ERR,ERR,ERR,ERR,ERR,ERR,ERR,ERR,ERR,ERR,ERR,60.0,60.0,35,0.0,0.0,0.0,0.0,0.0,0.0,0.0,0.0,0.0,0.0,0.0,0.0,0.0,0.0,0.0,0.0,65.6,0,150,71,52,65476,0,65476,0,1,8,20529,65476,0,0,2621,60.0,0.0,0.0,0.0,0.0,0.0
2026-07-09T15:28:46,ERR,ERR,ERR,ERR,ERR,ERR,ERR,ERR,ERR,ERR,ERR,ERR,ERR,ERR,ERR,ERR,ERR,ERR,ERR,ERR,ERR,ERR,ERR,ERR,ERR,ERR,ERR,ERR,ERR,ERR,ERR,ERR,ERR,ERR,ERR,ERR,ERR,ERR,ERR,ERR,ERR,ERR,ERR,ERR,ERR,ERR,ERR,ERR,ERR,ERR,ERR,ERR,ERR,ERR,ERR,ERR,ERR,ERR,ERR,ERR,ERR,ERR,ERR,ERR,ERR,ERR,ERR,ERR,ERR,ERR,ERR,ERR,ERR,ERR,ERR,ERR,ERR,ERR,ERR,ERR,ERR,ERR,ERR,ERR,ERR,ERR,ERR,ERR,ERR,ERR,ERR,ERR,ERR,ERR,ERR,ERR,ERR,ERR,ERR,ERR,ERR,ERR,ERR,ERR,ERR,ERR,ERR,ERR,ERR,ERR,ERR,ERR,ERR,ERR,ERR,ERR,ERR,ERR,ERR,ERR,ERR,ERR,ERR,ERR,ERR,0.0,-107616040.0,2.7302258490121003e+23,2.7183478752108883e+23,513.127,-0.548,0.0,0.0,0,0,4,17317,7116,0.0,100,0.0,0.0,2.7183478752108883e+23,0.0,0.0,0,0,0,0,0.0,0,0,0,0,0,0,0,0,0,0,0,0,0,0,0,0,0,0,0,0,0,0,0,0,0,0,0,0,0,0,0,0,0,31,40,40,71,65476,0,300,0,0,8,21553,0.0,-107605600.0,0.0,0.0,0.0,0.0,0.0,0.0,0.0,0.0,0.0,0.0,0.0,0.0,0.0,0.0,0.0,0.0,0.0,0.0,0.0,0.0,2.004,-0.0,0.0,0.0,0.0,0.0,0.0,0.0,5535.0,0.0,6913.0,0.0,-0.0,2.004,2.004,0.0,0.0,0.0,0.0,69,-126841020416.0,0.0,0.0,0.0,0.0,0.0,0.0,0.0,0.0,0,0,0,0.0,0.0,0.0,0.0,0.0,0.0,0.0,0.0,0.0,0.0,0.0,0.0,0.0,0.0,0.0,0.0,0,-107875648.0,69,0.0,138,0.0,2.012,ERR,ERR,ERR,ERR,ERR,ERR,ERR,ERR,ERR,ERR,ERR,ERR,ERR,ERR,ERR,ERR,ERR,ERR,ERR,ERR,ERR,ERR,ERR,ERR,ERR,ERR,ERR,ERR,ERR,ERR,ERR,ERR,ERR,ERR,ERR,ERR,ERR,ERR,ERR,ERR,ERR,ERR,ERR,ERR,ERR,ERR,ERR,ERR,ERR,ERR,ERR,ERR,ERR,ERR,ERR,ERR,ERR,ERR,ERR,ERR,ERR,ERR,ERR,ERR,ERR,ERR,ERR,60.0,60.0,35,0.0,0.0,0.0,0.0,0.0,0.0,0.0,0.0,0.0,0.0,0.0,0.0,0.0,0.0,0.0,0.0,64.8,0,150,71,52,65476,0,65476,0,1,8,20529,65476,0,0,2621,60.0,0.0,0.0,0.0,0.0,0.0
2026-07-09T15:28:47,ERR,ERR,ERR,ERR,ERR,ERR,ERR,ERR,ERR,ERR,ERR,ERR,ERR,ERR,ERR,ERR,ERR,ERR,ERR,ERR,ERR,ERR,ERR,ERR,ERR,ERR,ERR,ERR,ERR,ERR,ERR,ERR,ERR,ERR,ERR,ERR,ERR,ERR,ERR,ERR,ERR,ERR,ERR,ERR,ERR,ERR,ERR,ERR,ERR,ERR,ERR,ERR,ERR,ERR,ERR,ERR,ERR,ERR,ERR,ERR,ERR,ERR,ERR,ERR,ERR,ERR,ERR,ERR,ERR,ERR,ERR,ERR,ERR,ERR,ERR,ERR,ERR,ERR,ERR,ERR,ERR,ERR,ERR,ERR,ERR,ERR,ERR,ERR,ERR,ERR,ERR,ERR,ERR,ERR,ERR,ERR,ERR,ERR,ERR,ERR,ERR,ERR,ERR,ERR,ERR,ERR,ERR,ERR,ERR,ERR,ERR,ERR,ERR,ERR,ERR,ERR,ERR,ERR,ERR,ERR,ERR,ERR,ERR,ERR,ERR,0.0,2.7184456933947948e+23,-0.0,2.7183478752108883e+23,-0.0,3.738,-0.0,-0.0,0,0,4,17314,7116,0.0,100,0.0,0.0,2.7183478752108883e+23,0.0,0.0,0,0,0,0,0.0,0,0,0,0,0,0,0,0,0,0,0,0,0,0,0,0,0,0,0,0,0,0,0,0,0,0,0,0,0,0,0,0,0,31,40,40,71,65476,0,300,0,0,8,21553,0.0,-107605600.0,0.0,0.0,0.0,0.0,0.0,0.0,0.0,0.0,0.0,0.0,0.0,0.0,0.0,0.0,0.0,0.0,0.0,0.0,0.0,0.0,2.004,2.004,0.0,0.0,0.0,0.0,0.0,0.0,5495.0,-131350.672,6934.0,0.0,0.0,2.004,2.004,0.0,0.0,0.0,0.0,69,2.7184282194282406e+23,-71.63,0.0,0.0,0.0,0.0,0.0,0.0,0.0,0,0,0,0.0,0.0,0.0,0.0,0.0,0.0,0.0,0.0,0.0,0.0,0.0,0.0,0.0,0.0,0.0,0.0,0,-107875648.0,69,0.0,138,0.0,2.012,ERR,ERR,ERR,ERR,ERR,ERR,ERR,ERR,ERR,ERR,ERR,ERR,ERR,ERR,ERR,ERR,ERR,ERR,ERR,ERR,ERR,ERR,ERR,ERR,ERR,ERR,ERR,ERR,ERR,ERR,ERR,ERR,ERR,ERR,ERR,ERR,ERR,ERR,ERR,ERR,ERR,ERR,ERR,ERR,ERR,ERR,ERR,ERR,ERR,ERR,ERR,ERR,ERR,ERR,ERR,ERR,ERR,ERR,ERR,ERR,ERR,ERR,ERR,ERR,ERR,ERR,ERR,60.0,60.0,35,0.0,0.0,0.0,0.0,0.0,0.0,0.0,0.0,0.0,0.0,0.0,0.0,0.0,0.0,0.0,0.0,64.8,0,150,71,52,65476,0,65476,0,1,8,20529,65476,0,0,2621,60.0,0.0,0.0,0.0,0.0,0.0
2026-07-09T15:28:48,ERR,ERR,ERR,ERR,ERR,ERR,ERR,ERR,ERR,ERR,ERR,ERR,ERR,ERR,ERR,ERR,ERR,ERR,ERR,ERR,ERR,ERR,ERR,ERR,ERR,ERR,ERR,ERR,ERR,ERR,ERR,ERR,ERR,ERR,ERR,ERR,ERR,ERR,ERR,ERR,ERR,ERR,ERR,ERR,ERR,ERR,ERR,ERR,ERR,ERR,ERR,ERR,ERR,ERR,ERR,ERR,ERR,ERR,ERR,ERR,ERR,ERR,ERR,ERR,ERR,ERR,ERR,ERR,ERR,ERR,ERR,ERR,ERR,ERR,ERR,ERR,ERR,ERR,ERR,ERR,ERR,ERR,ERR,ERR,ERR,ERR,ERR,ERR,ERR,ERR,ERR,ERR,ERR,ERR,ERR,ERR,ERR,ERR,ERR,ERR,ERR,ERR,ERR,ERR,ERR,ERR,ERR,ERR,ERR,ERR,ERR,ERR,ERR,ERR,ERR,ERR,ERR,ERR,ERR,ERR,ERR,ERR,ERR,ERR,ERR,0.0,2.7184456933947948e+23,-0.0,2.7183478752108883e+23,-0.0,3.738,-0.0,-0.0,0,0,4,17314,7116,0.0,100,0.0,0.0,2.7183478752108883e+23,0.0,0.0,0,0,0,0,0.0,0,0,0,0,0,0,0,0,0,0,0,0,0,0,0,0,0,0,0,0,0,0,0,0,0,0,0,0,0,0,0,0,0,31,40,40,71,65476,0,300,0,0,8,21553,0.0,-107605600.0,0.0,0.0,0.0,0.0,0.0,0.0,0.0,0.0,0.0,0.0,0.0,0.0,0.0,0.0,0.0,0.0,0.0,0.0,0.0,0.0,2.004,2.004,0.0,0.0,0.0,0.0,0.0,0.0,5495.0,-131350.672,6934.0,0.0,0.0,2.004,2.004,0.0,0.0,0.0,0.0,69,2.7184282194282406e+23,-71.63,0.0,0.0,0.0,0.0,0.0,0.0,0.0,0,0,0,0.0,0.0,0.0,0.0,0.0,0.0,0.0,0.0,0.0,0.0,0.0,0.0,0.0,0.0,0.0,0.0,0,-107875648.0,69,0.0,138,0.0,2.012,ERR,ERR,ERR,ERR,ERR,ERR,ERR,ERR,ERR,ERR,ERR,ERR,ERR,ERR,ERR,ERR,ERR,ERR,ERR,ERR,ERR,ERR,ERR,ERR,ERR,ERR,ERR,ERR,ERR,ERR,ERR,ERR,ERR,ERR,ERR,ERR,ERR,ERR,ERR,ERR,ERR,ERR,ERR,ERR,ERR,ERR,ERR,ERR,ERR,ERR,ERR,ERR,ERR,ERR,ERR,ERR,ERR,ERR,ERR,ERR,ERR,ERR,ERR,ERR,ERR,ERR,ERR,60.0,60.0,35,0.0,0.0,0.0,0.0,0.0,0.0,0.0,0.0,0.0,0.0,0.0,0.0,0.0,0.0,0.0,0.0,64.8,0,150,71,52,65476,0,65476,0,1,8,20529,65476,0,0,2621,60.0,0.0,0.0,0.0,0.0,0.0
2026-07-09T15:28:49,ERR,ERR,ERR,ERR,ERR,ERR,ERR,ERR,ERR,ERR,ERR,ERR,ERR,ERR,ERR,ERR,ERR,ERR,ERR,ERR,ERR,ERR,ERR,ERR,ERR,ERR,ERR,ERR,ERR,ERR,ERR,ERR,ERR,ERR,ERR,ERR,ERR,ERR,ERR,ERR,ERR,ERR,ERR,ERR,ERR,ERR,ERR,ERR,ERR,ERR,ERR,ERR,ERR,ERR,ERR,ERR,ERR,ERR,ERR,ERR,ERR,ERR,ERR,ERR,ERR,ERR,ERR,ERR,ERR,ERR,ERR,ERR,ERR,ERR,ERR,ERR,ERR,ERR,ERR,ERR,ERR,ERR,ERR,ERR,ERR,ERR,ERR,ERR,ERR,ERR,ERR,ERR,ERR,ERR,ERR,ERR,ERR,ERR,ERR,ERR,ERR,ERR,ERR,ERR,ERR,ERR,ERR,ERR,ERR,ERR,ERR,ERR,ERR,ERR,ERR,ERR,ERR,ERR,ERR,ERR,ERR,ERR,ERR,ERR,ERR,0.0,2.7184456933947948e+23,-0.0,2.7183478752108883e+23,-0.0,3.738,-0.0,-0.0,0,0,4,17314,7116,0.0,100,0.0,0.0,2.7183478752108883e+23,0.0,0.0,0,0,0,0,0.0,0,0,0,0,0,0,0,0,0,0,0,0,0,0,0,0,0,0,0,0,0,0,0,0,0,0,0,0,0,0,0,0,0,31,40,40,71,65476,0,300,0,0,8,21553,0.0,-107605600.0,0.0,0.0,0.0,0.0,0.0,0.0,0.0,0.0,0.0,0.0,0.0,0.0,0.0,0.0,0.0,0.0,0.0,0.0,0.0,0.0,2.004,2.004,0.0,0.0,0.0,0.0,0.0,0.0,5495.0,-131350.672,6934.0,0.0,0.0,2.004,2.004,0.0,0.0,0.0,0.0,69,2.7184282194282406e+23,-71.63,0.0,0.0,0.0,0.0,0.0,0.0,0.0,0,0,0,0.0,0.0,0.0,0.0,0.0,0.0,0.0,0.0,0.0,0.0,0.0,0.0,0.0,0.0,0.0,0.0,0,-107875648.0,69,0.0,138,0.0,2.012,ERR,ERR,ERR,ERR,ERR,ERR,ERR,ERR,ERR,ERR,ERR,ERR,ERR,ERR,ERR,ERR,ERR,ERR,ERR,ERR,ERR,ERR,ERR,ERR,ERR,ERR,ERR,ERR,ERR,ERR,ERR,ERR,ERR,ERR,ERR,ERR,ERR,ERR,ERR,ERR,ERR,ERR,ERR,ERR,ERR,ERR,ERR,ERR,ERR,ERR,ERR,ERR,ERR,ERR,ERR,ERR,ERR,ERR,ERR,ERR,ERR,ERR,ERR,ERR,ERR,ERR,ERR,60.0,60.0,35,0.0,0.0,0.0,0.0,0.0,0.0,0.0,0.0,0.0,0.0,0.0,0.0,0.0,0.0,0.0,0.0,64.8,0,150,71,53,65476,0,65476,0,1,8,20529,65476,0,0,2621,60.0,0.0,0.0,0.0,0.0,0.0
2026-07-09T15:28:50,ERR,ERR,ERR,ERR,ERR,ERR,ERR,ERR,ERR,ERR,ERR,ERR,ERR,ERR,ERR,ERR,ERR,ERR,ERR,ERR,ERR,ERR,ERR,ERR,ERR,ERR,ERR,ERR,ERR,ERR,ERR,ERR,ERR,ERR,ERR,ERR,ERR,ERR,ERR,ERR,ERR,ERR,ERR,ERR,ERR,ERR,ERR,ERR,ERR,ERR,ERR,ERR,ERR,ERR,ERR,ERR,ERR,ERR,ERR,ERR,ERR,ERR,ERR,ERR,ERR,ERR,ERR,ERR,ERR,ERR,ERR,ERR,ERR,ERR,ERR,ERR,ERR,ERR,ERR,ERR,ERR,ERR,ERR,ERR,ERR,ERR,ERR,ERR,ERR,ERR,ERR,ERR,ERR,ERR,ERR,ERR,ERR,ERR,ERR,ERR,ERR,ERR,ERR,ERR,ERR,ERR,ERR,ERR,ERR,ERR,ERR,ERR,ERR,ERR,ERR,ERR,ERR,ERR,ERR,ERR,ERR,ERR,ERR,ERR,ERR,0.0,2.7184456933947948e+23,-0.0,2.7183478752108883e+23,-0.0,3.738,-0.0,-0.0,0,0,4,17314,7116,0.0,100,0.0,0.0,2.7183478752108883e+23,0.0,0.0,0,0,0,0,0.0,0,0,0,0,0,0,0,0,0,0,0,0,0,0,0,0,0,0,0,0,0,0,0,0,0,0,0,0,0,0,0,0,0,31,40,40,71,65476,0,300,0,0,8,21553,0.0,-107605600.0,0.0,0.0,0.0,0.0,0.0,0.0,0.0,0.0,0.0,0.0,0.0,0.0,0.0,0.0,0.0,0.0,0.0,0.0,0.0,0.0,2.004,2.004,0.0,0.0,0.0,0.0,0.0,0.0,5495.0,-131350.672,6934.0,0.0,0.0,2.004,2.004,0.0,0.0,0.0,0.0,69,2.7184282194282406e+23,-71.63,0.0,0.0,0.0,0.0,0.0,0.0,0.0,0,0,0,0.0,0.0,0.0,0.0,0.0,0.0,0.0,0.0,0.0,0.0,0.0,0.0,0.0,0.0,0.0,0.0,0,-107875648.0,69,0.0,138,0.0,2.012,ERR,ERR,ERR,ERR,ERR,ERR,ERR,ERR,ERR,ERR,ERR,ERR,ERR,ERR,ERR,ERR,ERR,ERR,ERR,ERR,ERR,ERR,ERR,ERR,ERR,ERR,ERR,ERR,ERR,ERR,ERR,ERR,ERR,ERR,ERR,ERR,ERR,ERR,ERR,ERR,ERR,ERR,ERR,ERR,ERR,ERR,ERR,ERR,ERR,ERR,ERR,ERR,ERR,ERR,ERR,ERR,ERR,ERR,ERR,ERR,ERR,ERR,ERR,ERR,ERR,ERR,ERR,60.0,60.0,35,0.0,0.0,0.0,0.0,0.0,0.0,0.0,0.0,0.0,0.0,0.0,0.0,0.0,0.0,0.0,0.0,64.8,0,150,71,53,65476,0,65476,0,1,8,20529,65476,0,0,2621,60.0,0.0,0.0,0.0,0.0,0.0
2026-07-09T15:28:51,ERR,ERR,ERR,ERR,ERR,ERR,ERR,ERR,ERR,ERR,ERR,ERR,ERR,ERR,ERR,ERR,ERR,ERR,ERR,ERR,ERR,ERR,ERR,ERR,ERR,ERR,ERR,ERR,ERR,ERR,ERR,ERR,ERR,ERR,ERR,ERR,ERR,ERR,ERR,ERR,ERR,ERR,ERR,ERR,ERR,ERR,ERR,ERR,ERR,ERR,ERR,ERR,ERR,ERR,ERR,ERR,ERR,ERR,ERR,ERR,ERR,ERR,ERR,ERR,ERR,ERR,ERR,ERR,ERR,ERR,ERR,ERR,ERR,ERR,ERR,ERR,ERR,ERR,ERR,ERR,ERR,ERR,ERR,ERR,ERR,ERR,ERR,ERR,ERR,ERR,ERR,ERR,ERR,ERR,ERR,ERR,ERR,ERR,ERR,ERR,ERR,ERR,ERR,ERR,ERR,ERR,ERR,ERR,ERR,ERR,ERR,ERR,ERR,ERR,ERR,ERR,ERR,ERR,ERR,ERR,ERR,ERR,ERR,ERR,ERR,0.0,2.7184456933947948e+23,-0.0,2.7183478752108883e+23,-0.0,3.738,-0.0,-0.0,0,0,4,17314,7116,0.0,100,0.0,0.0,2.7183478752108883e+23,0.0,0.0,0,0,0,0,0.0,0,0,0,0,0,0,0,0,0,0,0,0,0,0,0,0,0,0,0,0,0,0,0,0,0,0,0,0,0,0,0,0,0,31,40,40,71,65476,0,300,0,0,8,21553,0.0,-107605600.0,0.0,0.0,0.0,0.0,0.0,0.0,0.0,0.0,0.0,0.0,0.0,0.0,0.0,0.0,0.0,0.0,0.0,0.0,0.0,0.0,2.004,2.004,0.0,0.0,0.0,0.0,0.0,0.0,5495.0,-131350.672,6934.0,0.0,0.0,2.004,2.004,0.0,0.0,0.0,0.0,69,2.7184282194282406e+23,-71.63,0.0,0.0,0.0,0.0,0.0,0.0,0.0,0,0,0,0.0,0.0,0.0,0.0,0.0,0.0,0.0,0.0,0.0,0.0,0.0,0.0,0.0,0.0,0.0,0.0,0,-107875648.0,69,0.0,138,0.0,2.012,ERR,ERR,ERR,ERR,ERR,ERR,ERR,ERR,ERR,ERR,ERR,ERR,ERR,ERR,ERR,ERR,ERR,ERR,ERR,ERR,ERR,ERR,ERR,ERR,ERR,ERR,ERR,ERR,ERR,ERR,ERR,ERR,ERR,ERR,ERR,ERR,ERR,ERR,ERR,ERR,ERR,ERR,ERR,ERR,ERR,ERR,ERR,ERR,ERR,ERR,ERR,ERR,ERR,ERR,ERR,ERR,ERR,ERR,ERR,ERR,ERR,ERR,ERR,ERR,ERR,ERR,ERR,60.0,60.0,35,0.0,0.0,0.0,0.0,0.0,0.0,0.0,0.0,0.0,0.0,0.0,0.0,0.0,0.0,0.0,0.0,65.6,0,150,71,53,65476,0,65476,0,1,8,20529,65476,0,0,2621,60.0,0.0,0.0,0.0,0.0,0.0
2026-07-09T15:28:52,ERR,ERR,ERR,ERR,ERR,ERR,ERR,ERR,ERR,ERR,ERR,ERR,ERR,ERR,ERR,ERR,ERR,ERR,ERR,ERR,ERR,ERR,ERR,ERR,ERR,ERR,ERR,ERR,ERR,ERR,ERR,ERR,ERR,ERR,ERR,ERR,ERR,ERR,ERR,ERR,ERR,ERR,ERR,ERR,ERR,ERR,ERR,ERR,ERR,ERR,ERR,ERR,ERR,ERR,ERR,ERR,ERR,ERR,ERR,ERR,ERR,ERR,ERR,ERR,ERR,ERR,ERR,ERR,ERR,ERR,ERR,ERR,ERR,ERR,ERR,ERR,ERR,ERR,ERR,ERR,ERR,ERR,ERR,ERR,ERR,ERR,ERR,ERR,ERR,ERR,ERR,ERR,ERR,ERR,ERR,ERR,ERR,ERR,ERR,ERR,ERR,ERR,ERR,ERR,ERR,ERR,ERR,ERR,ERR,ERR,ERR,ERR,ERR,ERR,ERR,ERR,ERR,ERR,ERR,ERR,ERR,ERR,ERR,ERR,ERR,0.0,0.0,0.0,0.0,-12.018,-0.0,-5.904016485528286e+24,0.0,0,0,4,17316,7116,0.0,100,0.0,0.0,0.0,0.0,0.0,0,0,0,0,0.0,0,0,0,0,0,0,0,0,0,0,0,0,0,0,0,0,0,0,0,0,0,0,0,0,0,0,0,0,0,0,0,0,0,31,40,40,71,65476,0,300,0,0,8,21553,0.0,-107605600.0,0.0,0.0,0.0,0.0,0.0,0.0,0.0,0.0,0.0,0.0,0.0,0.0,0.0,0.0,0.0,0.0,0.0,0.0,0.0,0.0,2.004,0.0,0.0,0.0,0.0,0.0,0.0,0.0,5490.0,1.587932186534166e+29,6926.0,0.0,0.0,2.004,2.004,0.0,0.0,0.0,0.0,69,-4.950424729324142e+32,126840692736.0,0.0,0.0,0.0,0.0,0.0,0.0,0.0,0,0,0,0.0,0.0,0.0,0.0,0.0,0.0,0.0,0.0,0.0,0.0,0.0,0.0,0.0,0.0,0.0,0.0,0,-107875648.0,69,0.0,138,0.0,2.012,ERR,ERR,ERR,ERR,ERR,ERR,ERR,ERR,ERR,ERR,ERR,ERR,ERR,ERR,ERR,ERR,ERR,ERR,ERR,ERR,ERR,ERR,ERR,ERR,ERR,ERR,ERR,ERR,ERR,ERR,ERR,ERR,ERR,ERR,ERR,ERR,ERR,ERR,ERR,ERR,ERR,ERR,ERR,ERR,ERR,ERR,ERR,ERR,ERR,ERR,ERR,ERR,ERR,ERR,ERR,ERR,ERR,ERR,ERR,ERR,ERR,ERR,ERR,ERR,ERR,ERR,ERR,60.0,60.0,35,0.0,0.0,0.0,0.0,0.0,0.0,0.0,0.0,0.0,0.0,0.0,0.0,0.0,0.0,0.0,0.0,65.6,0,150,71,53,65476,0,65476,0,1,8,20529,65476,0,0,2621,60.0,0.0,0.0,0.0,0.0,0.0
2026-07-09T15:28:53,ERR,ERR,ERR,ERR,ERR,ERR,ERR,ERR,ERR,ERR,ERR,ERR,ERR,ERR,ERR,ERR,ERR,ERR,ERR,ERR,ERR,ERR,ERR,ERR,ERR,ERR,ERR,ERR,ERR,ERR,ERR,ERR,ERR,ERR,ERR,ERR,ERR,ERR,ERR,ERR,ERR,ERR,ERR,ERR,ERR,ERR,ERR,ERR,ERR,ERR,ERR,ERR,ERR,ERR,ERR,ERR,ERR,ERR,ERR,ERR,ERR,ERR,ERR,ERR,ERR,ERR,ERR,ERR,ERR,ERR,ERR,ERR,ERR,ERR,ERR,ERR,ERR,ERR,ERR,ERR,ERR,ERR,ERR,ERR,ERR,ERR,ERR,ERR,ERR,ERR,ERR,ERR,ERR,ERR,ERR,ERR,ERR,ERR,ERR,ERR,ERR,ERR,ERR,ERR,ERR,ERR,ERR,ERR,ERR,ERR,ERR,ERR,ERR,ERR,ERR,ERR,ERR,ERR,ERR,ERR,ERR,ERR,ERR,ERR,ERR,0.0,0.0,0.0,0.0,-12.018,-0.0,-5.904016485528286e+24,0.0,0,0,4,17316,7116,0.0,100,0.0,0.0,0.0,0.0,0.0,0,0,0,0,0.0,0,0,0,0,0,0,0,0,0,0,0,0,0,0,0,0,0,0,0,0,0,0,0,0,0,0,0,0,0,0,0,0,0,31,40,40,71,65476,0,300,0,0,8,21553,0.0,-107605600.0,0.0,0.0,0.0,0.0,0.0,0.0,0.0,0.0,0.0,0.0,0.0,0.0,0.0,0.0,0.0,0.0,0.0,0.0,0.0,0.0,2.004,0.0,0.0,0.0,0.0,0.0,0.0,0.0,5490.0,1.587932186534166e+29,6926.0,0.0,0.0,2.004,2.004,0.0,0.0,0.0,0.0,69,-4.950424729324142e+32,126840692736.0,0.0,0.0,0.0,0.0,0.0,0.0,0.0,0,0,0,0.0,0.0,0.0,0.0,0.0,0.0,0.0,0.0,0.0,0.0,0.0,0.0,0.0,0.0,0.0,0.0,0,-107875648.0,69,0.0,138,0.0,2.012,ERR,ERR,ERR,ERR,ERR,ERR,ERR,ERR,ERR,ERR,ERR,ERR,ERR,ERR,ERR,ERR,ERR,ERR,ERR,ERR,ERR,ERR,ERR,ERR,ERR,ERR,ERR,ERR,ERR,ERR,ERR,ERR,ERR,ERR,ERR,ERR,ERR,ERR,ERR,ERR,ERR,ERR,ERR,ERR,ERR,ERR,ERR,ERR,ERR,ERR,ERR,ERR,ERR,ERR,ERR,ERR,ERR,ERR,ERR,ERR,ERR,ERR,ERR,ERR,ERR,ERR,ERR,60.0,60.0,35,0.0,0.0,0.0,0.0,0.0,0.0,0.0,0.0,0.0,0.0,0.0,0.0,0.0,0.0,0.0,0.0,65.6,0,150,71,53,65476,0,65476,0,1,8,20529,65476,0,0,2621,60.0,0.0,0.0,0.0,0.0,0.0
2026-07-09T15:28:54,ERR,ERR,ERR,ERR,ERR,ERR,ERR,ERR,ERR,ERR,ERR,ERR,ERR,ERR,ERR,ERR,ERR,ERR,ERR,ERR,ERR,ERR,ERR,ERR,ERR,ERR,ERR,ERR,ERR,ERR,ERR,ERR,ERR,ERR,ERR,ERR,ERR,ERR,ERR,ERR,ERR,ERR,ERR,ERR,ERR,ERR,ERR,ERR,ERR,ERR,ERR,ERR,ERR,ERR,ERR,ERR,ERR,ERR,ERR,ERR,ERR,ERR,ERR,ERR,ERR,ERR,ERR,ERR,ERR,ERR,ERR,ERR,ERR,ERR,ERR,ERR,ERR,ERR,ERR,ERR,ERR,ERR,ERR,ERR,ERR,ERR,ERR,ERR,ERR,ERR,ERR,ERR,ERR,ERR,ERR,ERR,ERR,ERR,ERR,ERR,ERR,ERR,ERR,ERR,ERR,ERR,ERR,ERR,ERR,ERR,ERR,ERR,ERR,ERR,ERR,ERR,ERR,ERR,ERR,ERR,ERR,ERR,ERR,ERR,ERR,0.0,0.0,0.0,0.0,-12.018,-0.0,-5.904016485528286e+24,0.0,0,0,4,17316,7116,0.0,100,0.0,0.0,0.0,0.0,0.0,0,0,0,0,0.0,0,0,0,0,0,0,0,0,0,0,0,0,0,0,0,0,0,0,0,0,0,0,0,0,0,0,0,0,0,0,0,0,0,31,40,40,71,65476,0,300,0,0,8,21553,0.0,-107605600.0,0.0,0.0,0.0,0.0,0.0,0.0,0.0,0.0,0.0,0.0,0.0,0.0,0.0,0.0,0.0,0.0,0.0,0.0,0.0,0.0,2.004,0.0,0.0,0.0,0.0,0.0,0.0,0.0,5490.0,1.587932186534166e+29,6926.0,0.0,0.0,2.004,2.004,0.0,0.0,0.0,0.0,69,-4.950424729324142e+32,126840692736.0,0.0,0.0,0.0,0.0,0.0,0.0,0.0,0,0,0,0.0,0.0,0.0,0.0,0.0,0.0,0.0,0.0,0.0,0.0,0.0,0.0,0.0,0.0,0.0,0.0,0,-107875648.0,69,0.0,138,0.0,2.012,ERR,ERR,ERR,ERR,ERR,ERR,ERR,ERR,ERR,ERR,ERR,ERR,ERR,ERR,ERR,ERR,ERR,ERR,ERR,ERR,ERR,ERR,ERR,ERR,ERR,ERR,ERR,ERR,ERR,ERR,ERR,ERR,ERR,ERR,ERR,ERR,ERR,ERR,ERR,ERR,ERR,ERR,ERR,ERR,ERR,ERR,ERR,ERR,ERR,ERR,ERR,ERR,ERR,ERR,ERR,ERR,ERR,ERR,ERR,ERR,ERR,ERR,ERR,ERR,ERR,ERR,ERR,60.0,60.0,35,0.0,0.0,0.0,0.0,0.0,0.0,0.0,0.0,0.0,0.0,0.0,0.0,0.0,0.0,0.0,0.0,64.8,0,150,71,53,65476,0,65476,0,1,8,20529,65476,0,0,2621,60.0,0.0,0.0,0.0,0.0,0.0
2026-07-09T15:28:55,ERR,ERR,ERR,ERR,ERR,ERR,ERR,ERR,ERR,ERR,ERR,ERR,ERR,ERR,ERR,ERR,ERR,ERR,ERR,ERR,ERR,ERR,ERR,ERR,ERR,ERR,ERR,ERR,ERR,ERR,ERR,ERR,ERR,ERR,ERR,ERR,ERR,ERR,ERR,ERR,ERR,ERR,ERR,ERR,ERR,ERR,ERR,ERR,ERR,ERR,ERR,ERR,ERR,ERR,ERR,ERR,ERR,ERR,ERR,ERR,ERR,ERR,ERR,ERR,ERR,ERR,ERR,ERR,ERR,ERR,ERR,ERR,ERR,ERR,ERR,ERR,ERR,ERR,ERR,ERR,ERR,ERR,ERR,ERR,ERR,ERR,ERR,ERR,ERR,ERR,ERR,ERR,ERR,ERR,ERR,ERR,ERR,ERR,ERR,ERR,ERR,ERR,ERR,ERR,ERR,ERR,ERR,ERR,ERR,ERR,ERR,ERR,ERR,ERR,ERR,ERR,ERR,ERR,ERR,ERR,ERR,ERR,ERR,ERR,ERR,0.0,0.0,0.0,0.0,-12.018,-0.0,-5.904016485528286e+24,0.0,0,0,4,17316,7116,0.0,100,0.0,0.0,0.0,0.0,0.0,0,0,0,0,0.0,0,0,0,0,0,0,0,0,0,0,0,0,0,0,0,0,0,0,0,0,0,0,0,0,0,0,0,0,0,0,0,0,0,31,40,40,71,65476,0,300,0,0,8,21553,0.0,-107605600.0,0.0,0.0,0.0,0.0,0.0,0.0,0.0,0.0,0.0,0.0,0.0,0.0,0.0,0.0,0.0,0.0,0.0,0.0,0.0,0.0,2.004,0.0,0.0,0.0,0.0,0.0,0.0,0.0,5490.0,1.587932186534166e+29,6926.0,0.0,0.0,2.004,2.004,0.0,0.0,0.0,0.0,69,-4.950424729324142e+32,126840692736.0,0.0,0.0,0.0,0.0,0.0,0.0,0.0,0,0,0,0.0,0.0,0.0,0.0,0.0,0.0,0.0,0.0,0.0,0.0,0.0,0.0,0.0,0.0,0.0,0.0,0,-107875648.0,69,0.0,138,0.0,2.012,ERR,ERR,ERR,ERR,ERR,ERR,ERR,ERR,ERR,ERR,ERR,ERR,ERR,ERR,ERR,ERR,ERR,ERR,ERR,ERR,ERR,ERR,ERR,ERR,ERR,ERR,ERR,ERR,ERR,ERR,ERR,ERR,ERR,ERR,ERR,ERR,ERR,ERR,ERR,ERR,ERR,ERR,ERR,ERR,ERR,ERR,ERR,ERR,ERR,ERR,ERR,ERR,ERR,ERR,ERR,ERR,ERR,ERR,ERR,ERR,ERR,ERR,ERR,ERR,ERR,ERR,ERR,60.0,60.0,35,0.0,0.0,0.0,0.0,0.0,0.0,0.0,0.0,0.0,0.0,0.0,0.0,0.0,0.0,0.0,0.0,64.8,0,150,71,53,65476,0,65476,0,1,8,20529,65476,0,0,2621,60.0,0.0,0.0,0.0,0.0,0.0
2026-07-09T15:28:56,ERR,ERR,ERR,ERR,ERR,ERR,ERR,ERR,ERR,ERR,ERR,ERR,ERR,ERR,ERR,ERR,ERR,ERR,ERR,ERR,ERR,ERR,ERR,ERR,ERR,ERR,ERR,ERR,ERR,ERR,ERR,ERR,ERR,ERR,ERR,ERR,ERR,ERR,ERR,ERR,ERR,ERR,ERR,ERR,ERR,ERR,ERR,ERR,ERR,ERR,ERR,ERR,ERR,ERR,ERR,ERR,ERR,ERR,ERR,ERR,ERR,ERR,ERR,ERR,ERR,ERR,ERR,ERR,ERR,ERR,ERR,ERR,ERR,ERR,ERR,ERR,ERR,ERR,ERR,ERR,ERR,ERR,ERR,ERR,ERR,ERR,ERR,ERR,ERR,ERR,ERR,ERR,ERR,ERR,ERR,ERR,ERR,ERR,ERR,ERR,ERR,ERR,ERR,ERR,ERR,ERR,ERR,ERR,ERR,ERR,ERR,ERR,ERR,ERR,ERR,ERR,ERR,ERR,ERR,ERR,ERR,ERR,ERR,ERR,ERR,0.0,0.0,0.0,0.0,-12.018,-0.0,-5.904016485528286e+24,0.0,0,0,4,17316,7116,0.0,100,0.0,0.0,0.0,0.0,0.0,0,0,0,0,0.0,0,0,0,0,0,0,0,0,0,0,0,0,0,0,0,0,0,0,0,0,0,0,0,0,0,0,0,0,0,0,0,0,0,31,40,40,71,65476,0,300,0,0,8,21553,0.0,-107605600.0,0.0,0.0,0.0,0.0,0.0,0.0,0.0,0.0,0.0,0.0,0.0,0.0,0.0,0.0,0.0,0.0,0.0,0.0,0.0,0.0,2.004,0.0,0.0,0.0,0.0,0.0,0.0,0.0,5490.0,1.587932186534166e+29,6926.0,0.0,0.0,2.004,2.004,0.0,0.0,0.0,0.0,69,-4.950424729324142e+32,126840692736.0,0.0,0.0,0.0,0.0,0.0,0.0,0.0,0,0,0,0.0,0.0,0.0,0.0,0.0,0.0,0.0,0.0,0.0,0.0,0.0,0.0,0.0,0.0,0.0,0.0,0,-107875648.0,69,0.0,138,0.0,2.012,ERR,ERR,ERR,ERR,ERR,ERR,ERR,ERR,ERR,ERR,ERR,ERR,ERR,ERR,ERR,ERR,ERR,ERR,ERR,ERR,ERR,ERR,ERR,ERR,ERR,ERR,ERR,ERR,ERR,ERR,ERR,ERR,ERR,ERR,ERR,ERR,ERR,ERR,ERR,ERR,ERR,ERR,ERR,ERR,ERR,ERR,ERR,ERR,ERR,ERR,ERR,ERR,ERR,ERR,ERR,ERR,ERR,ERR,ERR,ERR,ERR,ERR,ERR,ERR,ERR,ERR,ERR,60.0,60.0,35,0.0,0.0,0.0,0.0,0.0,0.0,0.0,0.0,0.0,0.0,0.0,0.0,0.0,0.0,0.0,0.0,65.6,0,150,71,53,65476,0,65476,0,1,8,20529,65476,0,0,2621,60.0,0.0,0.0,0.0,0.0,0.0
2026-07-09T15:28:57,ERR,ERR,ERR,ERR,ERR,ERR,ERR,ERR,ERR,ERR,ERR,ERR,ERR,ERR,ERR,ERR,ERR,ERR,ERR,ERR,ERR,ERR,ERR,ERR,ERR,ERR,ERR,ERR,ERR,ERR,ERR,ERR,ERR,ERR,ERR,ERR,ERR,ERR,ERR,ERR,ERR,ERR,ERR,ERR,ERR,ERR,ERR,ERR,ERR,ERR,ERR,ERR,ERR,ERR,ERR,ERR,ERR,ERR,ERR,ERR,ERR,ERR,ERR,ERR,ERR,ERR,ERR,ERR,ERR,ERR,ERR,ERR,ERR,ERR,ERR,ERR,ERR,ERR,ERR,ERR,ERR,ERR,ERR,ERR,ERR,ERR,ERR,ERR,ERR,ERR,ERR,ERR,ERR,ERR,ERR,ERR,ERR,ERR,ERR,ERR,ERR,ERR,ERR,ERR,ERR,ERR,ERR,ERR,ERR,ERR,ERR,ERR,ERR,ERR,ERR,ERR,ERR,ERR,ERR,ERR,ERR,ERR,ERR,ERR,ERR,0.0,-107616032.0,2.73022548872413e+23,0.0,-0.0,0.0,45895.176,-12386791587840.0,0,0,4,17313,7116,0.0,100,0.0,0.0,0.0,0.0,0.0,0,0,0,0,0.0,0,0,0,0,0,0,0,0,0,0,0,0,0,0,0,0,0,0,0,0,0,0,0,0,0,0,0,0,0,0,0,0,0,31,40,40,71,65476,0,300,0,0,8,21553,0.0,-107605600.0,0.0,0.0,0.0,0.0,0.0,0.0,0.0,0.0,0.0,0.0,0.0,0.0,0.0,0.0,0.0,0.0,0.0,0.0,0.0,0.0,2.004,0.0,0.0,0.0,0.0,0.0,0.0,0.0,5481.0,0.0,6912.0,0.0,-107616032.0,2.004,2.004,0.0,0.0,0.0,0.0,69,2.3088387825751976e+20,-2.3088312179351985e+20,0.0,0.0,0.0,0.0,0.0,0.0,0.0,0,0,0,0.0,0.0,0.0,0.0,0.0,0.0,0.0,0.0,0.0,0.0,0.0,0.0,0.0,0.0,0.0,0.0,0,-107875648.0,69,0.0,138,0.0,2.012,ERR,ERR,ERR,ERR,ERR,ERR,ERR,ERR,ERR,ERR,ERR,ERR,ERR,ERR,ERR,ERR,ERR,ERR,ERR,ERR,ERR,ERR,ERR,ERR,ERR,ERR,ERR,ERR,ERR,ERR,ERR,ERR,ERR,ERR,ERR,ERR,ERR,ERR,ERR,ERR,ERR,ERR,ERR,ERR,ERR,ERR,ERR,ERR,ERR,ERR,ERR,ERR,ERR,ERR,ERR,ERR,ERR,ERR,ERR,ERR,ERR,ERR,ERR,ERR,ERR,ERR,ERR,60.0,60.0,35,0.0,0.0,0.0,0.0,0.0,0.0,0.0,0.0,0.0,0.0,0.0,0.0,0.0,0.0,0.0,0.0,64.8,0,150,71,53,65476,0,65476,0,1,8,20529,65476,0,0,2621,60.0,0.0,0.0,0.0,0.0,0.0
2026-07-09T15:28:58,ERR,ERR,ERR,ERR,ERR,ERR,ERR,ERR,ERR,ERR,ERR,ERR,ERR,ERR,ERR,ERR,ERR,ERR,ERR,ERR,ERR,ERR,ERR,ERR,ERR,ERR,ERR,ERR,ERR,ERR,ERR,ERR,ERR,ERR,ERR,ERR,ERR,ERR,ERR,ERR,ERR,ERR,ERR,ERR,ERR,ERR,ERR,ERR,ERR,ERR,ERR,ERR,ERR,ERR,ERR,ERR,ERR,ERR,ERR,ERR,ERR,ERR,ERR,ERR,ERR,ERR,ERR,ERR,ERR,ERR,ERR,ERR,ERR,ERR,ERR,ERR,ERR,ERR,ERR,ERR,ERR,ERR,ERR,ERR,ERR,ERR,ERR,ERR,ERR,ERR,ERR,ERR,ERR,ERR,ERR,ERR,ERR,ERR,ERR,ERR,ERR,ERR,ERR,ERR,ERR,ERR,ERR,ERR,ERR,ERR,ERR,ERR,ERR,ERR,ERR,ERR,ERR,ERR,ERR,ERR,ERR,ERR,ERR,ERR,ERR,0.0,-107616032.0,2.73022548872413e+23,0.0,-0.0,0.0,45895.176,-12386791587840.0,0,0,4,17313,7116,0.0,100,0.0,0.0,0.0,0.0,0.0,0,0,0,0,0.0,0,0,0,0,0,0,0,0,0,0,0,0,0,0,0,0,0,0,0,0,0,0,0,0,0,0,0,0,0,0,0,0,0,31,40,40,71,65476,0,300,0,0,8,21553,0.0,-107605600.0,0.0,0.0,0.0,0.0,0.0,0.0,0.0,0.0,0.0,0.0,0.0,0.0,0.0,0.0,0.0,0.0,0.0,0.0,0.0,0.0,2.004,0.0,0.0,0.0,0.0,0.0,0.0,0.0,5481.0,0.0,6912.0,0.0,-107616032.0,2.004,2.004,0.0,0.0,0.0,0.0,69,2.3088387825751976e+20,-2.3088312179351985e+20,0.0,0.0,0.0,0.0,0.0,0.0,0.0,0,0,0,0.0,0.0,0.0,0.0,0.0,0.0,0.0,0.0,0.0,0.0,0.0,0.0,0.0,0.0,0.0,0.0,0,-107875648.0,69,0.0,138,0.0,2.012,ERR,ERR,ERR,ERR,ERR,ERR,ERR,ERR,ERR,ERR,ERR,ERR,ERR,ERR,ERR,ERR,ERR,ERR,ERR,ERR,ERR,ERR,ERR,ERR,ERR,ERR,ERR,ERR,ERR,ERR,ERR,ERR,ERR,ERR,ERR,ERR,ERR,ERR,ERR,ERR,ERR,ERR,ERR,ERR,ERR,ERR,ERR,ERR,ERR,ERR,ERR,ERR,ERR,ERR,ERR,ERR,ERR,ERR,ERR,ERR,ERR,ERR,ERR,ERR,ERR,ERR,ERR,60.0,60.0,35,0.0,0.0,0.0,0.0,0.0,0.0,0.0,0.0,0.0,0.0,0.0,0.0,0.0,0.0,0.0,0.0,64.8,0,150,71,53,65476,0,65476,0,1,8,20529,65476,0,0,2621,60.0,0.0,0.0,0.0,0.0,0.0
2026-07-09T15:28:59,ERR,ERR,ERR,ERR,ERR,ERR,ERR,ERR,ERR,ERR,ERR,ERR,ERR,ERR,ERR,ERR,ERR,ERR,ERR,ERR,ERR,ERR,ERR,ERR,ERR,ERR,ERR,ERR,ERR,ERR,ERR,ERR,ERR,ERR,ERR,ERR,ERR,ERR,ERR,ERR,ERR,ERR,ERR,ERR,ERR,ERR,ERR,ERR,ERR,ERR,ERR,ERR,ERR,ERR,ERR,ERR,ERR,ERR,ERR,ERR,ERR,ERR,ERR,ERR,ERR,ERR,ERR,ERR,ERR,ERR,ERR,ERR,ERR,ERR,ERR,ERR,ERR,ERR,ERR,ERR,ERR,ERR,ERR,ERR,ERR,ERR,ERR,ERR,ERR,ERR,ERR,ERR,ERR,ERR,ERR,ERR,ERR,ERR,ERR,ERR,ERR,ERR,ERR,ERR,ERR,ERR,ERR,ERR,ERR,ERR,ERR,ERR,ERR,ERR,ERR,ERR,ERR,ERR,ERR,ERR,ERR,ERR,ERR,ERR,ERR,0.0,-107616032.0,2.73022548872413e+23,0.0,-0.0,0.0,45895.176,-12386791587840.0,0,0,4,17313,7116,0.0,100,0.0,0.0,0.0,0.0,0.0,0,0,0,0,0.0,0,0,0,0,0,0,0,0,0,0,0,0,0,0,0,0,0,0,0,0,0,0,0,0,0,0,0,0,0,0,0,0,0,31,40,40,71,65476,0,300,0,0,8,21553,0.0,-107605600.0,0.0,0.0,0.0,0.0,0.0,0.0,0.0,0.0,0.0,0.0,0.0,0.0,0.0,0.0,0.0,0.0,0.0,0.0,0.0,0.0,2.004,0.0,0.0,0.0,0.0,0.0,0.0,0.0,5481.0,0.0,6912.0,0.0,-107616032.0,2.004,2.004,0.0,0.0,0.0,0.0,69,2.3088387825751976e+20,-2.3088312179351985e+20,0.0,0.0,0.0,0.0,0.0,0.0,0.0,0,0,0,0.0,0.0,0.0,0.0,0.0,0.0,0.0,0.0,0.0,0.0,0.0,0.0,0.0,0.0,0.0,0.0,0,-107875648.0,69,0.0,138,0.0,2.012,ERR,ERR,ERR,ERR,ERR,ERR,ERR,ERR,ERR,ERR,ERR,ERR,ERR,ERR,ERR,ERR,ERR,ERR,ERR,ERR,ERR,ERR,ERR,ERR,ERR,ERR,ERR,ERR,ERR,ERR,ERR,ERR,ERR,ERR,ERR,ERR,ERR,ERR,ERR,ERR,ERR,ERR,ERR,ERR,ERR,ERR,ERR,ERR,ERR,ERR,ERR,ERR,ERR,ERR,ERR,ERR,ERR,ERR,ERR,ERR,ERR,ERR,ERR,ERR,ERR,ERR,ERR,60.0,60.0,35,0.0,0.0,0.0,0.0,0.0,0.0,0.0,0.0,0.0,0.0,0.0,0.0,0.0,0.0,0.0,0.0,65.6,0,150,71,53,65476,0,65476,0,1,8,20529,65476,0,0,2621,60.0,0.0,0.0,0.0,0.0,0.0
2026-07-09T15:29:00,ERR,ERR,ERR,ERR,ERR,ERR,ERR,ERR,ERR,ERR,ERR,ERR,ERR,ERR,ERR,ERR,ERR,ERR,ERR,ERR,ERR,ERR,ERR,ERR,ERR,ERR,ERR,ERR,ERR,ERR,ERR,ERR,ERR,ERR,ERR,ERR,ERR,ERR,ERR,ERR,ERR,ERR,ERR,ERR,ERR,ERR,ERR,ERR,ERR,ERR,ERR,ERR,ERR,ERR,ERR,ERR,ERR,ERR,ERR,ERR,ERR,ERR,ERR,ERR,ERR,ERR,ERR,ERR,ERR,ERR,ERR,ERR,ERR,ERR,ERR,ERR,ERR,ERR,ERR,ERR,ERR,ERR,ERR,ERR,ERR,ERR,ERR,ERR,ERR,ERR,ERR,ERR,ERR,ERR,ERR,ERR,ERR,ERR,ERR,ERR,ERR,ERR,ERR,ERR,ERR,ERR,ERR,ERR,ERR,ERR,ERR,ERR,ERR,ERR,ERR,ERR,ERR,ERR,ERR,ERR,ERR,ERR,ERR,ERR,ERR,0.0,-107616032.0,2.73022548872413e+23,0.0,-0.0,0.0,45895.176,-12386791587840.0,0,0,4,17313,7116,0.0,100,0.0,0.0,0.0,0.0,0.0,0,0,0,0,0.0,0,0,0,0,0,0,0,0,0,0,0,0,0,0,0,0,0,0,0,0,0,0,0,0,0,0,0,0,0,0,0,0,0,31,40,40,71,65476,0,300,0,0,8,21553,0.0,-107605600.0,0.0,0.0,0.0,0.0,0.0,0.0,0.0,0.0,0.0,0.0,0.0,0.0,0.0,0.0,0.0,0.0,0.0,0.0,0.0,0.0,2.004,0.0,0.0,0.0,0.0,0.0,0.0,0.0,5481.0,0.0,6912.0,0.0,-107616032.0,2.004,2.004,0.0,0.0,0.0,0.0,69,2.3088387825751976e+20,-2.3088312179351985e+20,0.0,0.0,0.0,0.0,0.0,0.0,0.0,0,0,0,0.0,0.0,0.0,0.0,0.0,0.0,0.0,0.0,0.0,0.0,0.0,0.0,0.0,0.0,0.0,0.0,0,-107875648.0,69,0.0,138,0.0,2.012,ERR,ERR,ERR,ERR,ERR,ERR,ERR,ERR,ERR,ERR,ERR,ERR,ERR,ERR,ERR,ERR,ERR,ERR,ERR,ERR,ERR,ERR,ERR,ERR,ERR,ERR,ERR,ERR,ERR,ERR,ERR,ERR,ERR,ERR,ERR,ERR,ERR,ERR,ERR,ERR,ERR,ERR,ERR,ERR,ERR,ERR,ERR,ERR,ERR,ERR,ERR,ERR,ERR,ERR,ERR,ERR,ERR,ERR,ERR,ERR,ERR,ERR,ERR,ERR,ERR,ERR,ERR,60.0,60.0,35,0.0,0.0,0.0,0.0,0.0,0.0,0.0,0.0,0.0,0.0,0.0,0.0,0.0,0.0,0.0,0.0,65.6,0,150,71,53,65476,0,65476,0,1,8,20529,65476,0,0,2621,60.0,0.0,0.0,0.0,0.0,0.0
2026-07-09T15:29:01,ERR,ERR,ERR,ERR,ERR,ERR,ERR,ERR,ERR,ERR,ERR,ERR,ERR,ERR,ERR,ERR,ERR,ERR,ERR,ERR,ERR,ERR,ERR,ERR,ERR,ERR,ERR,ERR,ERR,ERR,ERR,ERR,ERR,ERR,ERR,ERR,ERR,ERR,ERR,ERR,ERR,ERR,ERR,ERR,ERR,ERR,ERR,ERR,ERR,ERR,ERR,ERR,ERR,ERR,ERR,ERR,ERR,ERR,ERR,ERR,ERR,ERR,ERR,ERR,ERR,ERR,ERR,ERR,ERR,ERR,ERR,ERR,ERR,ERR,ERR,ERR,ERR,ERR,ERR,ERR,ERR,ERR,ERR,ERR,ERR,ERR,ERR,ERR,ERR,ERR,ERR,ERR,ERR,ERR,ERR,ERR,ERR,ERR,ERR,ERR,ERR,ERR,ERR,ERR,ERR,ERR,ERR,ERR,ERR,ERR,ERR,ERR,ERR,ERR,ERR,ERR,ERR,ERR,ERR,ERR,ERR,ERR,ERR,ERR,ERR,0.0,-107616032.0,2.73022548872413e+23,0.0,-0.0,0.0,45895.176,-12386791587840.0,0,0,4,17313,7116,0.0,100,0.0,0.0,0.0,0.0,0.0,0,0,0,0,0.0,0,0,0,0,0,0,0,0,0,0,0,0,0,0,0,0,0,0,0,0,0,0,0,0,0,0,0,0,0,0,0,0,0,31,40,40,71,65476,0,300,0,0,8,21553,0.0,-107605600.0,0.0,0.0,0.0,0.0,0.0,0.0,0.0,0.0,0.0,0.0,0.0,0.0,0.0,0.0,0.0,0.0,0.0,0.0,0.0,0.0,2.004,0.0,0.0,0.0,0.0,0.0,0.0,0.0,5481.0,0.0,6912.0,0.0,-107616032.0,2.004,2.004,0.0,0.0,0.0,0.0,69,2.3088387825751976e+20,-2.3088312179351985e+20,0.0,0.0,0.0,0.0,0.0,0.0,0.0,0,0,0,0.0,0.0,0.0,0.0,0.0,0.0,0.0,0.0,0.0,0.0,0.0,0.0,0.0,0.0,0.0,0.0,0,-107875648.0,69,0.0,138,0.0,2.012,ERR,ERR,ERR,ERR,ERR,ERR,ERR,ERR,ERR,ERR,ERR,ERR,ERR,ERR,ERR,ERR,ERR,ERR,ERR,ERR,ERR,ERR,ERR,ERR,ERR,ERR,ERR,ERR,ERR,ERR,ERR,ERR,ERR,ERR,ERR,ERR,ERR,ERR,ERR,ERR,ERR,ERR,ERR,ERR,ERR,ERR,ERR,ERR,ERR,ERR,ERR,ERR,ERR,ERR,ERR,ERR,ERR,ERR,ERR,ERR,ERR,ERR,ERR,ERR,ERR,ERR,ERR,60.0,60.0,35,0.0,0.0,0.0,0.0,0.0,0.0,0.0,0.0,0.0,0.0,0.0,0.0,0.0,0.0,0.0,0.0,64.8,0,150,71,53,65476,0,65476,0,1,8,20529,65476,0,0,2621,60.0,0.0,0.0,0.0,0.0,0.0
2026-07-09T15:29:02,ERR,ERR,ERR,ERR,ERR,ERR,ERR,ERR,ERR,ERR,ERR,ERR,ERR,ERR,ERR,ERR,ERR,ERR,ERR,ERR,ERR,ERR,ERR,ERR,ERR,ERR,ERR,ERR,ERR,ERR,ERR,ERR,ERR,ERR,ERR,ERR,ERR,ERR,ERR,ERR,ERR,ERR,ERR,ERR,ERR,ERR,ERR,ERR,ERR,ERR,ERR,ERR,ERR,ERR,ERR,ERR,ERR,ERR,ERR,ERR,ERR,ERR,ERR,ERR,ERR,ERR,ERR,ERR,ERR,ERR,ERR,ERR,ERR,ERR,ERR,ERR,ERR,ERR,ERR,ERR,ERR,ERR,ERR,ERR,ERR,ERR,ERR,ERR,ERR,ERR,ERR,ERR,ERR,ERR,ERR,ERR,ERR,ERR,ERR,ERR,ERR,ERR,ERR,ERR,ERR,ERR,ERR,ERR,ERR,ERR,ERR,ERR,ERR,ERR,ERR,ERR,ERR,ERR,ERR,ERR,ERR,ERR,ERR,ERR,ERR,0.0,-107616032.0,2.73022548872413e+23,0.0,0.0,3.13167059446033e+35,-0.0,0.0,0,0,4,17313,7116,0.0,100,0.0,0.0,0.0,0.0,0.0,0,0,0,0,0.0,0,0,0,0,0,0,0,0,0,0,0,0,0,0,0,0,0,0,0,0,0,0,0,0,0,0,0,0,0,0,0,0,0,31,40,40,71,65476,0,300,0,0,8,21553,0.0,-107605600.0,0.0,0.0,0.0,0.0,0.0,0.0,0.0,0.0,0.0,0.0,0.0,0.0,0.0,0.0,0.0,0.0,0.0,0.0,0.0,0.0,2.004,0.0,0.0,0.0,0.0,0.0,0.0,0.0,5441.0,-0.0,6928.0,0.0,-107616032.0,2.004,2.004,0.0,0.0,0.0,0.0,69,-1.905696402487378e+17,0.059,0.0,0.0,0.0,0.0,0.0,0.0,0.0,0,0,0,0.0,0.0,0.0,0.0,0.0,0.0,0.0,0.0,0.0,0.0,0.0,0.0,0.0,0.0,0.0,0.0,0,-107875648.0,69,0.0,138,0.0,2.012,ERR,ERR,ERR,ERR,ERR,ERR,ERR,ERR,ERR,ERR,ERR,ERR,ERR,ERR,ERR,ERR,ERR,ERR,ERR,ERR,ERR,ERR,ERR,ERR,ERR,ERR,ERR,ERR,ERR,ERR,ERR,ERR,ERR,ERR,ERR,ERR,ERR,ERR,ERR,ERR,ERR,ERR,ERR,ERR,ERR,ERR,ERR,ERR,ERR,ERR,ERR,ERR,ERR,ERR,ERR,ERR,ERR,ERR,ERR,ERR,ERR,ERR,ERR,ERR,ERR,ERR,ERR,60.0,60.0,35,0.0,0.0,0.0,0.0,0.0,0.0,0.0,0.0,0.0,0.0,0.0,0.0,0.0,0.0,0.0,0.0,64.8,0,150,71,53,65476,0,65476,0,1,8,20529,65476,0,0,2621,60.0,0.0,0.0,0.0,0.0,0.0
2026-07-09T15:29:03,ERR,ERR,ERR,ERR,ERR,ERR,ERR,ERR,ERR,ERR,ERR,ERR,ERR,ERR,ERR,ERR,ERR,ERR,ERR,ERR,ERR,ERR,ERR,ERR,ERR,ERR,ERR,ERR,ERR,ERR,ERR,ERR,ERR,ERR,ERR,ERR,ERR,ERR,ERR,ERR,ERR,ERR,ERR,ERR,ERR,ERR,ERR,ERR,ERR,ERR,ERR,ERR,ERR,ERR,ERR,ERR,ERR,ERR,ERR,ERR,ERR,ERR,ERR,ERR,ERR,ERR,ERR,ERR,ERR,ERR,ERR,ERR,ERR,ERR,ERR,ERR,ERR,ERR,ERR,ERR,ERR,ERR,ERR,ERR,ERR,ERR,ERR,ERR,ERR,ERR,ERR,ERR,ERR,ERR,ERR,ERR,ERR,ERR,ERR,ERR,ERR,ERR,ERR,ERR,ERR,ERR,ERR,ERR,ERR,ERR,ERR,ERR,ERR,ERR,ERR,ERR,ERR,ERR,ERR,ERR,ERR,ERR,ERR,ERR,ERR,0.0,-107616032.0,2.73022548872413e+23,0.0,0.0,3.13167059446033e+35,-0.0,0.0,0,0,4,17313,7116,0.0,100,0.0,0.0,0.0,0.0,0.0,0,0,0,0,0.0,0,0,0,0,0,0,0,0,0,0,0,0,0,0,0,0,0,0,0,0,0,0,0,0,0,0,0,0,0,0,0,0,0,31,40,40,71,65476,0,300,0,0,8,21553,0.0,-107605600.0,0.0,0.0,0.0,0.0,0.0,0.0,0.0,0.0,0.0,0.0,0.0,0.0,0.0,0.0,0.0,0.0,0.0,0.0,0.0,0.0,2.004,0.0,0.0,0.0,0.0,0.0,0.0,0.0,5441.0,-0.0,6928.0,0.0,-107616032.0,2.004,2.004,0.0,0.0,0.0,0.0,69,-1.905696402487378e+17,0.059,0.0,0.0,0.0,0.0,0.0,0.0,0.0,0,0,0,0.0,0.0,0.0,0.0,0.0,0.0,0.0,0.0,0.0,0.0,0.0,0.0,0.0,0.0,0.0,0.0,0,-107875648.0,69,0.0,138,0.0,2.012,ERR,ERR,ERR,ERR,ERR,ERR,ERR,ERR,ERR,ERR,ERR,ERR,ERR,ERR,ERR,ERR,ERR,ERR,ERR,ERR,ERR,ERR,ERR,ERR,ERR,ERR,ERR,ERR,ERR,ERR,ERR,ERR,ERR,ERR,ERR,ERR,ERR,ERR,ERR,ERR,ERR,ERR,ERR,ERR,ERR,ERR,ERR,ERR,ERR,ERR,ERR,ERR,ERR,ERR,ERR,ERR,ERR,ERR,ERR,ERR,ERR,ERR,ERR,ERR,ERR,ERR,ERR,60.0,60.0,35,0.0,0.0,0.0,0.0,0.0,0.0,0.0,0.0,0.0,0.0,0.0,0.0,0.0,0.0,0.0,0.0,64.8,0,150,71,53,65476,0,65476,0,1,8,20529,65476,0,0,2621,60.0,0.0,0.0,0.0,0.0,0.0
2026-07-09T15:29:04,ERR,ERR,ERR,ERR,ERR,ERR,ERR,ERR,ERR,ERR,ERR,ERR,ERR,ERR,ERR,ERR,ERR,ERR,ERR,ERR,ERR,ERR,ERR,ERR,ERR,ERR,ERR,ERR,ERR,ERR,ERR,ERR,ERR,ERR,ERR,ERR,ERR,ERR,ERR,ERR,ERR,ERR,ERR,ERR,ERR,ERR,ERR,ERR,ERR,ERR,ERR,ERR,ERR,ERR,ERR,ERR,ERR,ERR,ERR,ERR,ERR,ERR,ERR,ERR,ERR,ERR,ERR,ERR,ERR,ERR,ERR,ERR,ERR,ERR,ERR,ERR,ERR,ERR,ERR,ERR,ERR,ERR,ERR,ERR,ERR,ERR,ERR,ERR,ERR,ERR,ERR,ERR,ERR,ERR,ERR,ERR,ERR,ERR,ERR,ERR,ERR,ERR,ERR,ERR,ERR,ERR,ERR,ERR,ERR,ERR,ERR,ERR,ERR,ERR,ERR,ERR,ERR,ERR,ERR,ERR,ERR,ERR,ERR,ERR,ERR,0.0,-107616032.0,2.73022548872413e+23,0.0,0.0,3.13167059446033e+35,-0.0,0.0,0,0,4,17313,7116,0.0,100,0.0,0.0,0.0,0.0,0.0,0,0,0,0,0.0,0,0,0,0,0,0,0,0,0,0,0,0,0,0,0,0,0,0,0,0,0,0,0,0,0,0,0,0,0,0,0,0,0,31,40,40,71,65476,0,300,0,0,8,21553,0.0,-107605600.0,0.0,0.0,0.0,0.0,0.0,0.0,0.0,0.0,0.0,0.0,0.0,0.0,0.0,0.0,0.0,0.0,0.0,0.0,0.0,0.0,2.004,0.0,0.0,0.0,0.0,0.0,0.0,0.0,5441.0,-0.0,6928.0,0.0,-107616032.0,2.004,2.004,0.0,0.0,0.0,0.0,69,-1.905696402487378e+17,0.059,0.0,0.0,0.0,0.0,0.0,0.0,0.0,0,0,0,0.0,0.0,0.0,0.0,0.0,0.0,0.0,0.0,0.0,0.0,0.0,0.0,0.0,0.0,0.0,0.0,0,-107875648.0,69,0.0,138,0.0,2.012,ERR,ERR,ERR,ERR,ERR,ERR,ERR,ERR,ERR,ERR,ERR,ERR,ERR,ERR,ERR,ERR,ERR,ERR,ERR,ERR,ERR,ERR,ERR,ERR,ERR,ERR,ERR,ERR,ERR,ERR,ERR,ERR,ERR,ERR,ERR,ERR,ERR,ERR,ERR,ERR,ERR,ERR,ERR,ERR,ERR,ERR,ERR,ERR,ERR,ERR,ERR,ERR,ERR,ERR,ERR,ERR,ERR,ERR,ERR,ERR,ERR,ERR,ERR,ERR,ERR,ERR,ERR,60.0,60.0,35,0.0,0.0,0.0,0.0,0.0,0.0,0.0,0.0,0.0,0.0,0.0,0.0,0.0,0.0,0.0,0.0,64.8,0,150,71,53,65476,0,65476,0,1,8,20529,65476,0,0,2621,60.0,0.0,0.0,0.0,0.0,0.0
2026-07-09T15:29:05,ERR,ERR,ERR,ERR,ERR,ERR,ERR,ERR,ERR,ERR,ERR,ERR,ERR,ERR,ERR,ERR,ERR,ERR,ERR,ERR,ERR,ERR,ERR,ERR,ERR,ERR,ERR,ERR,ERR,ERR,ERR,ERR,ERR,ERR,ERR,ERR,ERR,ERR,ERR,ERR,ERR,ERR,ERR,ERR,ERR,ERR,ERR,ERR,ERR,ERR,ERR,ERR,ERR,ERR,ERR,ERR,ERR,ERR,ERR,ERR,ERR,ERR,ERR,ERR,ERR,ERR,ERR,ERR,ERR,ERR,ERR,ERR,ERR,ERR,ERR,ERR,ERR,ERR,ERR,ERR,ERR,ERR,ERR,ERR,ERR,ERR,ERR,ERR,ERR,ERR,ERR,ERR,ERR,ERR,ERR,ERR,ERR,ERR,ERR,ERR,ERR,ERR,ERR,ERR,ERR,ERR,ERR,ERR,ERR,ERR,ERR,ERR,ERR,ERR,ERR,ERR,ERR,ERR,ERR,ERR,ERR,ERR,ERR,ERR,ERR,0.0,-107616032.0,2.73022548872413e+23,0.0,0.0,3.13167059446033e+35,-0.0,0.0,0,0,4,17313,7116,0.0,100,0.0,0.0,0.0,0.0,0.0,0,0,0,0,0.0,0,0,0,0,0,0,0,0,0,0,0,0,0,0,0,0,0,0,0,0,0,0,0,0,0,0,0,0,0,0,0,0,0,31,40,40,71,65476,0,300,0,0,8,21553,0.0,-107605600.0,0.0,0.0,0.0,0.0,0.0,0.0,0.0,0.0,0.0,0.0,0.0,0.0,0.0,0.0,0.0,0.0,0.0,0.0,0.0,0.0,2.004,0.0,0.0,0.0,0.0,0.0,0.0,0.0,5441.0,-0.0,6928.0,0.0,-107616032.0,2.004,2.004,0.0,0.0,0.0,0.0,69,-1.905696402487378e+17,0.059,0.0,0.0,0.0,0.0,0.0,0.0,0.0,0,0,0,0.0,0.0,0.0,0.0,0.0,0.0,0.0,0.0,0.0,0.0,0.0,0.0,0.0,0.0,0.0,0.0,0,-107875648.0,69,0.0,138,0.0,2.012,ERR,ERR,ERR,ERR,ERR,ERR,ERR,ERR,ERR,ERR,ERR,ERR,ERR,ERR,ERR,ERR,ERR,ERR,ERR,ERR,ERR,ERR,ERR,ERR,ERR,ERR,ERR,ERR,ERR,ERR,ERR,ERR,ERR,ERR,ERR,ERR,ERR,ERR,ERR,ERR,ERR,ERR,ERR,ERR,ERR,ERR,ERR,ERR,ERR,ERR,ERR,ERR,ERR,ERR,ERR,ERR,ERR,ERR,ERR,ERR,ERR,ERR,ERR,ERR,ERR,ERR,ERR,60.0,60.0,35,0.0,0.0,0.0,0.0,0.0,0.0,0.0,0.0,0.0,0.0,0.0,0.0,0.0,0.0,0.0,0.0,65.6,0,150,71,53,65476,0,65476,0,1,8,20529,65476,0,0,2621,60.0,0.0,0.0,0.0,0.0,0.0
2026-07-09T15:29:06,ERR,ERR,ERR,ERR,ERR,ERR,ERR,ERR,ERR,ERR,ERR,ERR,ERR,ERR,ERR,ERR,ERR,ERR,ERR,ERR,ERR,ERR,ERR,ERR,ERR,ERR,ERR,ERR,ERR,ERR,ERR,ERR,ERR,ERR,ERR,ERR,ERR,ERR,ERR,ERR,ERR,ERR,ERR,ERR,ERR,ERR,ERR,ERR,ERR,ERR,ERR,ERR,ERR,ERR,ERR,ERR,ERR,ERR,ERR,ERR,ERR,ERR,ERR,ERR,ERR,ERR,ERR,ERR,ERR,ERR,ERR,ERR,ERR,ERR,ERR,ERR,ERR,ERR,ERR,ERR,ERR,ERR,ERR,ERR,ERR,ERR,ERR,ERR,ERR,ERR,ERR,ERR,ERR,ERR,ERR,ERR,ERR,ERR,ERR,ERR,ERR,ERR,ERR,ERR,ERR,ERR,ERR,ERR,ERR,ERR,ERR,ERR,ERR,ERR,ERR,ERR,ERR,ERR,ERR,ERR,ERR,ERR,ERR,ERR,ERR,0.0,-107616032.0,2.73022548872413e+23,0.0,0.0,3.13167059446033e+35,-0.0,0.0,0,0,4,17313,7116,0.0,100,0.0,0.0,0.0,0.0,0.0,0,0,0,0,0.0,0,0,0,0,0,0,0,0,0,0,0,0,0,0,0,0,0,0,0,0,0,0,0,0,0,0,0,0,0,0,0,0,0,31,40,40,71,65476,0,300,0,0,8,21553,0.0,-107605600.0,0.0,0.0,0.0,0.0,0.0,0.0,0.0,0.0,0.0,0.0,0.0,0.0,0.0,0.0,0.0,0.0,0.0,0.0,0.0,0.0,2.004,0.0,0.0,0.0,0.0,0.0,0.0,0.0,5441.0,-0.0,6928.0,0.0,-107616032.0,2.004,2.004,0.0,0.0,0.0,0.0,69,-1.905696402487378e+17,0.059,0.0,0.0,0.0,0.0,0.0,0.0,0.0,0,0,0,0.0,0.0,0.0,0.0,0.0,0.0,0.0,0.0,0.0,0.0,0.0,0.0,0.0,0.0,0.0,0.0,0,-107875648.0,69,0.0,138,0.0,2.012,ERR,ERR,ERR,ERR,ERR,ERR,ERR,ERR,ERR,ERR,ERR,ERR,ERR,ERR,ERR,ERR,ERR,ERR,ERR,ERR,ERR,ERR,ERR,ERR,ERR,ERR,ERR,ERR,ERR,ERR,ERR,ERR,ERR,ERR,ERR,ERR,ERR,ERR,ERR,ERR,ERR,ERR,ERR,ERR,ERR,ERR,ERR,ERR,ERR,ERR,ERR,ERR,ERR,ERR,ERR,ERR,ERR,ERR,ERR,ERR,ERR,ERR,ERR,ERR,ERR,ERR,ERR,60.0,60.0,35,0.0,0.0,0.0,0.0,0.0,0.0,0.0,0.0,0.0,0.0,0.0,0.0,0.0,0.0,0.0,0.0,65.6,0,150,71,53,65476,0,65476,0,1,8,20529,65476,0,0,2621,60.0,0.0,0.0,0.0,0.0,0.0
2026-07-09T15:29:07,ERR,ERR,ERR,ERR,ERR,ERR,ERR,ERR,ERR,ERR,ERR,ERR,ERR,ERR,ERR,ERR,ERR,ERR,ERR,ERR,ERR,ERR,ERR,ERR,ERR,ERR,ERR,ERR,ERR,ERR,ERR,ERR,ERR,ERR,ERR,ERR,ERR,ERR,ERR,ERR,ERR,ERR,ERR,ERR,ERR,ERR,ERR,ERR,ERR,ERR,ERR,ERR,ERR,ERR,ERR,ERR,ERR,ERR,ERR,ERR,ERR,ERR,ERR,ERR,ERR,ERR,ERR,ERR,ERR,ERR,ERR,ERR,ERR,ERR,ERR,ERR,ERR,ERR,ERR,ERR,ERR,ERR,ERR,ERR,ERR,ERR,ERR,ERR,ERR,ERR,ERR,ERR,ERR,ERR,ERR,ERR,ERR,ERR,ERR,ERR,ERR,ERR,ERR,ERR,ERR,ERR,ERR,ERR,ERR,ERR,ERR,ERR,ERR,ERR,ERR,ERR,ERR,ERR,ERR,ERR,ERR,ERR,ERR,ERR,ERR,0.0,-107616032.0,2.73022548872413e+23,0.0,0.0,-65.628,-1.608887007728092e+23,-3972872011776.0,0,0,4,17316,7116,0.0,100,0.0,0.0,0.0,0.0,0.0,0,0,0,0,0.0,0,0,0,0,0,0,0,0,0,0,0,0,0,0,0,0,0,0,0,0,0,0,0,0,0,0,0,0,0,0,0,0,0,31,40,40,71,65476,0,300,0,0,8,21553,0.0,-107605600.0,0.0,0.0,0.0,0.0,0.0,0.0,0.0,0.0,0.0,0.0,0.0,0.0,0.0,0.0,0.0,0.0,0.0,0.0,0.0,0.0,2.004,0.0,0.0,0.0,0.0,0.0,0.0,0.0,5465.0,3.697192290889813e+19,6924.0,0.0,-107616032.0,2.004,2.004,0.0,0.0,0.0,0.0,69,71.63,0.0,0.0,0.0,0.0,0.0,0.0,0.0,0.0,0,0,0,0.0,0.0,0.0,0.0,0.0,0.0,0.0,0.0,0.0,0.0,0.0,0.0,0.0,0.0,0.0,0.0,0,-107875648.0,69,0.0,138,0.0,2.012,ERR,ERR,ERR,ERR,ERR,ERR,ERR,ERR,ERR,ERR,ERR,ERR,ERR,ERR,ERR,ERR,ERR,ERR,ERR,ERR,ERR,ERR,ERR,ERR,ERR,ERR,ERR,ERR,ERR,ERR,ERR,ERR,ERR,ERR,ERR,ERR,ERR,ERR,ERR,ERR,ERR,ERR,ERR,ERR,ERR,ERR,ERR,ERR,ERR,ERR,ERR,ERR,ERR,ERR,ERR,ERR,ERR,ERR,ERR,ERR,ERR,ERR,ERR,ERR,ERR,ERR,ERR,60.0,60.0,35,0.0,0.0,0.0,0.0,0.0,0.0,0.0,0.0,0.0,0.0,0.0,0.0,0.0,0.0,0.0,0.0,64.8,0,150,71,53,65476,0,65476,0,1,8,20529,65476,0,0,2621,60.0,0.0,0.0,0.0,0.0,0.0
2026-07-09T15:29:08,ERR,ERR,ERR,ERR,ERR,ERR,ERR,ERR,ERR,ERR,ERR,ERR,ERR,ERR,ERR,ERR,ERR,ERR,ERR,ERR,ERR,ERR,ERR,ERR,ERR,ERR,ERR,ERR,ERR,ERR,ERR,ERR,ERR,ERR,ERR,ERR,ERR,ERR,ERR,ERR,ERR,ERR,ERR,ERR,ERR,ERR,ERR,ERR,ERR,ERR,ERR,ERR,ERR,ERR,ERR,ERR,ERR,ERR,ERR,ERR,ERR,ERR,ERR,ERR,ERR,ERR,ERR,ERR,ERR,ERR,ERR,ERR,ERR,ERR,ERR,ERR,ERR,ERR,ERR,ERR,ERR,ERR,ERR,ERR,ERR,ERR,ERR,ERR,ERR,ERR,ERR,ERR,ERR,ERR,ERR,ERR,ERR,ERR,ERR,ERR,ERR,ERR,ERR,ERR,ERR,ERR,ERR,ERR,ERR,ERR,ERR,ERR,ERR,ERR,ERR,ERR,ERR,ERR,ERR,ERR,ERR,ERR,ERR,ERR,ERR,0.0,-107616032.0,2.73022548872413e+23,0.0,0.0,-65.628,-1.608887007728092e+23,-3972872011776.0,0,0,4,17316,7116,0.0,100,0.0,0.0,0.0,0.0,0.0,0,0,0,0,0.0,0,0,0,0,0,0,0,0,0,0,0,0,0,0,0,0,0,0,0,0,0,0,0,0,0,0,0,0,0,0,0,0,0,31,40,40,71,65476,0,300,0,0,8,21553,0.0,-107605600.0,0.0,0.0,0.0,0.0,0.0,0.0,0.0,0.0,0.0,0.0,0.0,0.0,0.0,0.0,0.0,0.0,0.0,0.0,0.0,0.0,2.004,0.0,0.0,0.0,0.0,0.0,0.0,0.0,5465.0,3.697192290889813e+19,6924.0,0.0,-107616032.0,2.004,2.004,0.0,0.0,0.0,0.0,69,71.63,0.0,0.0,0.0,0.0,0.0,0.0,0.0,0.0,0,0,0,0.0,0.0,0.0,0.0,0.0,0.0,0.0,0.0,0.0,0.0,0.0,0.0,0.0,0.0,0.0,0.0,0,-107875648.0,69,0.0,138,0.0,2.012,ERR,ERR,ERR,ERR,ERR,ERR,ERR,ERR,ERR,ERR,ERR,ERR,ERR,ERR,ERR,ERR,ERR,ERR,ERR,ERR,ERR,ERR,ERR,ERR,ERR,ERR,ERR,ERR,ERR,ERR,ERR,ERR,ERR,ERR,ERR,ERR,ERR,ERR,ERR,ERR,ERR,ERR,ERR,ERR,ERR,ERR,ERR,ERR,ERR,ERR,ERR,ERR,ERR,ERR,ERR,ERR,ERR,ERR,ERR,ERR,ERR,ERR,ERR,ERR,ERR,ERR,ERR,60.0,60.0,35,0.0,0.0,0.0,0.0,0.0,0.0,0.0,0.0,0.0,0.0,0.0,0.0,0.0,0.0,0.0,0.0,64.8,0,150,71,53,65476,0,65476,0,1,8,20529,65476,0,0,2621,60.0,0.0,0.0,0.0,0.0,0.0
2026-07-09T15:29:09,ERR,ERR,ERR,ERR,ERR,ERR,ERR,ERR,ERR,ERR,ERR,ERR,ERR,ERR,ERR,ERR,ERR,ERR,ERR,ERR,ERR,ERR,ERR,ERR,ERR,ERR,ERR,ERR,ERR,ERR,ERR,ERR,ERR,ERR,ERR,ERR,ERR,ERR,ERR,ERR,ERR,ERR,ERR,ERR,ERR,ERR,ERR,ERR,ERR,ERR,ERR,ERR,ERR,ERR,ERR,ERR,ERR,ERR,ERR,ERR,ERR,ERR,ERR,ERR,ERR,ERR,ERR,ERR,ERR,ERR,ERR,ERR,ERR,ERR,ERR,ERR,ERR,ERR,ERR,ERR,ERR,ERR,ERR,ERR,ERR,ERR,ERR,ERR,ERR,ERR,ERR,ERR,ERR,ERR,ERR,ERR,ERR,ERR,ERR,ERR,ERR,ERR,ERR,ERR,ERR,ERR,ERR,ERR,ERR,ERR,ERR,ERR,ERR,ERR,ERR,ERR,ERR,ERR,ERR,ERR,ERR,ERR,ERR,ERR,ERR,0.0,-107616032.0,2.73022548872413e+23,0.0,0.0,-65.628,-1.608887007728092e+23,-3972872011776.0,0,0,4,17316,7116,0.0,100,0.0,0.0,0.0,0.0,0.0,0,0,0,0,0.0,0,0,0,0,0,0,0,0,0,0,0,0,0,0,0,0,0,0,0,0,0,0,0,0,0,0,0,0,0,0,0,0,0,31,40,40,71,65476,0,300,0,0,8,21553,0.0,-107605600.0,0.0,0.0,0.0,0.0,0.0,0.0,0.0,0.0,0.0,0.0,0.0,0.0,0.0,0.0,0.0,0.0,0.0,0.0,0.0,0.0,2.004,0.0,0.0,0.0,0.0,0.0,0.0,0.0,5465.0,3.697192290889813e+19,6924.0,0.0,-107616032.0,2.004,2.004,0.0,0.0,0.0,0.0,69,71.63,0.0,0.0,0.0,0.0,0.0,0.0,0.0,0.0,0,0,0,0.0,0.0,0.0,0.0,0.0,0.0,0.0,0.0,0.0,0.0,0.0,0.0,0.0,0.0,0.0,0.0,0,-107875648.0,69,0.0,138,0.0,2.012,ERR,ERR,ERR,ERR,ERR,ERR,ERR,ERR,ERR,ERR,ERR,ERR,ERR,ERR,ERR,ERR,ERR,ERR,ERR,ERR,ERR,ERR,ERR,ERR,ERR,ERR,ERR,ERR,ERR,ERR,ERR,ERR,ERR,ERR,ERR,ERR,ERR,ERR,ERR,ERR,ERR,ERR,ERR,ERR,ERR,ERR,ERR,ERR,ERR,ERR,ERR,ERR,ERR,ERR,ERR,ERR,ERR,ERR,ERR,ERR,ERR,ERR,ERR,ERR,ERR,ERR,ERR,60.0,60.0,35,0.0,0.0,0.0,0.0,0.0,0.0,0.0,0.0,0.0,0.0,0.0,0.0,0.0,0.0,0.0,0.0,64.8,0,150,71,53,65476,0,65476,0,1,8,20529,65476,0,0,2621,60.0,0.0,0.0,0.0,0.0,0.0
2026-07-09T15:29:10,ERR,ERR,ERR,ERR,ERR,ERR,ERR,ERR,ERR,ERR,ERR,ERR,ERR,ERR,ERR,ERR,ERR,ERR,ERR,ERR,ERR,ERR,ERR,ERR,ERR,ERR,ERR,ERR,ERR,ERR,ERR,ERR,ERR,ERR,ERR,ERR,ERR,ERR,ERR,ERR,ERR,ERR,ERR,ERR,ERR,ERR,ERR,ERR,ERR,ERR,ERR,ERR,ERR,ERR,ERR,ERR,ERR,ERR,ERR,ERR,ERR,ERR,ERR,ERR,ERR,ERR,ERR,ERR,ERR,ERR,ERR,ERR,ERR,ERR,ERR,ERR,ERR,ERR,ERR,ERR,ERR,ERR,ERR,ERR,ERR,ERR,ERR,ERR,ERR,ERR,ERR,ERR,ERR,ERR,ERR,ERR,ERR,ERR,ERR,ERR,ERR,ERR,ERR,ERR,ERR,ERR,ERR,ERR,ERR,ERR,ERR,ERR,ERR,ERR,ERR,ERR,ERR,ERR,ERR,ERR,ERR,ERR,ERR,ERR,ERR,0.0,-107616032.0,2.73022548872413e+23,0.0,0.0,-65.628,-1.608887007728092e+23,-3972872011776.0,0,0,4,17316,7116,0.0,100,0.0,0.0,0.0,0.0,0.0,0,0,0,0,0.0,0,0,0,0,0,0,0,0,0,0,0,0,0,0,0,0,0,0,0,0,0,0,0,0,0,0,0,0,0,0,0,0,0,31,40,40,71,65476,0,300,0,0,8,21553,0.0,-107605600.0,0.0,0.0,0.0,0.0,0.0,0.0,0.0,0.0,0.0,0.0,0.0,0.0,0.0,0.0,0.0,0.0,0.0,0.0,0.0,0.0,2.004,0.0,0.0,0.0,0.0,0.0,0.0,0.0,5465.0,3.697192290889813e+19,6924.0,0.0,-107616032.0,2.004,2.004,0.0,0.0,0.0,0.0,69,71.63,0.0,0.0,0.0,0.0,0.0,0.0,0.0,0.0,0,0,0,0.0,0.0,0.0,0.0,0.0,0.0,0.0,0.0,0.0,0.0,0.0,0.0,0.0,0.0,0.0,0.0,0,-107875648.0,69,0.0,138,0.0,2.012,ERR,ERR,ERR,ERR,ERR,ERR,ERR,ERR,ERR,ERR,ERR,ERR,ERR,ERR,ERR,ERR,ERR,ERR,ERR,ERR,ERR,ERR,ERR,ERR,ERR,ERR,ERR,ERR,ERR,ERR,ERR,ERR,ERR,ERR,ERR,ERR,ERR,ERR,ERR,ERR,ERR,ERR,ERR,ERR,ERR,ERR,ERR,ERR,ERR,ERR,ERR,ERR,ERR,ERR,ERR,ERR,ERR,ERR,ERR,ERR,ERR,ERR,ERR,ERR,ERR,ERR,ERR,60.0,60.0,35,0.0,0.0,0.0,0.0,0.0,0.0,0.0,0.0,0.0,0.0,0.0,0.0,0.0,0.0,0.0,0.0,64.8,0,150,71,53,65476,0,65476,0,1,8,20529,65476,0,0,2621,60.0,0.0,0.0,0.0,0.0,0.0
2026-07-09T15:29:11,ERR,ERR,ERR,ERR,ERR,ERR,ERR,ERR,ERR,ERR,ERR,ERR,ERR,ERR,ERR,ERR,ERR,ERR,ERR,ERR,ERR,ERR,ERR,ERR,ERR,ERR,ERR,ERR,ERR,ERR,ERR,ERR,ERR,ERR,ERR,ERR,ERR,ERR,ERR,ERR,ERR,ERR,ERR,ERR,ERR,ERR,ERR,ERR,ERR,ERR,ERR,ERR,ERR,ERR,ERR,ERR,ERR,ERR,ERR,ERR,ERR,ERR,ERR,ERR,ERR,ERR,ERR,ERR,ERR,ERR,ERR,ERR,ERR,ERR,ERR,ERR,ERR,ERR,ERR,ERR,ERR,ERR,ERR,ERR,ERR,ERR,ERR,ERR,ERR,ERR,ERR,ERR,ERR,ERR,ERR,ERR,ERR,ERR,ERR,ERR,ERR,ERR,ERR,ERR,ERR,ERR,ERR,ERR,ERR,ERR,ERR,ERR,ERR,ERR,ERR,ERR,ERR,ERR,ERR,ERR,ERR,ERR,ERR,ERR,ERR,0.0,-107616032.0,2.73022548872413e+23,0.0,0.0,-65.628,-1.608887007728092e+23,-3972872011776.0,0,0,4,17316,7116,0.0,100,0.0,0.0,0.0,0.0,0.0,0,0,0,0,0.0,0,0,0,0,0,0,0,0,0,0,0,0,0,0,0,0,0,0,0,0,0,0,0,0,0,0,0,0,0,0,0,0,0,31,40,40,71,65476,0,300,0,0,8,21553,0.0,-107605600.0,0.0,0.0,0.0,0.0,0.0,0.0,0.0,0.0,0.0,0.0,0.0,0.0,0.0,0.0,0.0,0.0,0.0,0.0,0.0,0.0,2.004,0.0,0.0,0.0,0.0,0.0,0.0,0.0,5465.0,3.697192290889813e+19,6924.0,0.0,-107616032.0,2.004,2.004,0.0,0.0,0.0,0.0,69,71.63,0.0,0.0,0.0,0.0,0.0,0.0,0.0,0.0,0,0,0,0.0,0.0,0.0,0.0,0.0,0.0,0.0,0.0,0.0,0.0,0.0,0.0,0.0,0.0,0.0,0.0,0,-107875648.0,69,0.0,138,0.0,2.012,ERR,ERR,ERR,ERR,ERR,ERR,ERR,ERR,ERR,ERR,ERR,ERR,ERR,ERR,ERR,ERR,ERR,ERR,ERR,ERR,ERR,ERR,ERR,ERR,ERR,ERR,ERR,ERR,ERR,ERR,ERR,ERR,ERR,ERR,ERR,ERR,ERR,ERR,ERR,ERR,ERR,ERR,ERR,ERR,ERR,ERR,ERR,ERR,ERR,ERR,ERR,ERR,ERR,ERR,ERR,ERR,ERR,ERR,ERR,ERR,ERR,ERR,ERR,ERR,ERR,ERR,ERR,60.0,60.0,35,0.0,0.0,0.0,0.0,0.0,0.0,0.0,0.0,0.0,0.0,0.0,0.0,0.0,0.0,0.0,0.0,65.6,0,150,71,53,65476,0,65476,0,1,8,20529,65476,0,0,2621,60.0,0.0,0.0,0.0,0.0,0.0
2026-07-09T15:29:12,ERR,ERR,ERR,ERR,ERR,ERR,ERR,ERR,ERR,ERR,ERR,ERR,ERR,ERR,ERR,ERR,ERR,ERR,ERR,ERR,ERR,ERR,ERR,ERR,ERR,ERR,ERR,ERR,ERR,ERR,ERR,ERR,ERR,ERR,ERR,ERR,ERR,ERR,ERR,ERR,ERR,ERR,ERR,ERR,ERR,ERR,ERR,ERR,ERR,ERR,ERR,ERR,ERR,ERR,ERR,ERR,ERR,ERR,ERR,ERR,ERR,ERR,ERR,ERR,ERR,ERR,ERR,ERR,ERR,ERR,ERR,ERR,ERR,ERR,ERR,ERR,ERR,ERR,ERR,ERR,ERR,ERR,ERR,ERR,ERR,ERR,ERR,ERR,ERR,ERR,ERR,ERR,ERR,ERR,ERR,ERR,ERR,ERR,ERR,ERR,ERR,ERR,ERR,ERR,ERR,ERR,ERR,ERR,ERR,ERR,ERR,ERR,ERR,ERR,ERR,ERR,ERR,ERR,ERR,ERR,ERR,ERR,ERR,ERR,ERR,0.0,0.0,-107614880.0,0.0,1.6261638384492097e+32,0.0,0.0,-3.2679015869130903e+25,0,0,4,17317,7116,0.0,100,0.0,0.0,0.0,0.0,0.0,0,0,0,0,0.0,0,0,0,0,0,0,0,0,0,0,0,0,0,0,0,0,0,0,0,0,0,0,0,0,0,0,0,0,0,0,0,0,0,31,40,40,71,65476,0,300,0,0,8,21553,0.0,-107605600.0,0.0,0.0,0.0,0.0,0.0,0.0,0.0,0.0,0.0,0.0,0.0,0.0,0.0,0.0,0.0,0.0,0.0,0.0,0.0,0.0,0.0,0.0,0.0,0.0,0.0,0.0,0.0,0.0,5454.0,0.0,6913.0,-107615136.0,0.0,2.004,2.004,0.0,0.0,0.0,0.0,69,-71.63,-0.0,0.0,0.0,0.0,0.0,0.0,0.0,0.0,0,0,0,0.0,0.0,0.0,0.0,0.0,0.0,0.0,0.0,0.0,0.0,0.0,0.0,0.0,0.0,0.0,0.0,0,-107875648.0,69,0.0,138,0.0,2.012,ERR,ERR,ERR,ERR,ERR,ERR,ERR,ERR,ERR,ERR,ERR,ERR,ERR,ERR,ERR,ERR,ERR,ERR,ERR,ERR,ERR,ERR,ERR,ERR,ERR,ERR,ERR,ERR,ERR,ERR,ERR,ERR,ERR,ERR,ERR,ERR,ERR,ERR,ERR,ERR,ERR,ERR,ERR,ERR,ERR,ERR,ERR,ERR,ERR,ERR,ERR,ERR,ERR,ERR,ERR,ERR,ERR,ERR,ERR,ERR,ERR,ERR,ERR,ERR,ERR,ERR,ERR,60.0,60.0,35,0.0,0.0,0.0,0.0,0.0,0.0,0.0,0.0,0.0,0.0,0.0,0.0,0.0,0.0,0.0,0.0,64.8,0,150,71,53,65476,0,65476,0,1,8,20529,65476,0,0,2621,60.0,0.0,0.0,0.0,0.0,0.0
2026-07-09T15:29:13,ERR,ERR,ERR,ERR,ERR,ERR,ERR,ERR,ERR,ERR,ERR,ERR,ERR,ERR,ERR,ERR,ERR,ERR,ERR,ERR,ERR,ERR,ERR,ERR,ERR,ERR,ERR,ERR,ERR,ERR,ERR,ERR,ERR,ERR,ERR,ERR,ERR,ERR,ERR,ERR,ERR,ERR,ERR,ERR,ERR,ERR,ERR,ERR,ERR,ERR,ERR,ERR,ERR,ERR,ERR,ERR,ERR,ERR,ERR,ERR,ERR,ERR,ERR,ERR,ERR,ERR,ERR,ERR,ERR,ERR,ERR,ERR,ERR,ERR,ERR,ERR,ERR,ERR,ERR,ERR,ERR,ERR,ERR,ERR,ERR,ERR,ERR,ERR,ERR,ERR,ERR,ERR,ERR,ERR,ERR,ERR,ERR,ERR,ERR,ERR,ERR,ERR,ERR,ERR,ERR,ERR,ERR,ERR,ERR,ERR,ERR,ERR,ERR,ERR,ERR,ERR,ERR,ERR,ERR,ERR,ERR,ERR,ERR,ERR,ERR,0.0,0.0,-107614880.0,0.0,1.6261638384492097e+32,0.0,0.0,-3.2679015869130903e+25,0,0,4,17317,7116,0.0,100,0.0,0.0,0.0,0.0,0.0,0,0,0,0,0.0,0,0,0,0,0,0,0,0,0,0,0,0,0,0,0,0,0,0,0,0,0,0,0,0,0,0,0,0,0,0,0,0,0,31,40,40,71,65476,0,300,0,0,8,21553,0.0,-107605600.0,0.0,0.0,0.0,0.0,0.0,0.0,0.0,0.0,0.0,0.0,0.0,0.0,0.0,0.0,0.0,0.0,0.0,0.0,0.0,0.0,0.0,0.0,0.0,0.0,0.0,0.0,0.0,0.0,5454.0,0.0,6913.0,-107615136.0,0.0,2.004,2.004,0.0,0.0,0.0,0.0,69,-71.63,-0.0,0.0,0.0,0.0,0.0,0.0,0.0,0.0,0,0,0,0.0,0.0,0.0,0.0,0.0,0.0,0.0,0.0,0.0,0.0,0.0,0.0,0.0,0.0,0.0,0.0,0,-107875648.0,69,0.0,138,0.0,2.012,ERR,ERR,ERR,ERR,ERR,ERR,ERR,ERR,ERR,ERR,ERR,ERR,ERR,ERR,ERR,ERR,ERR,ERR,ERR,ERR,ERR,ERR,ERR,ERR,ERR,ERR,ERR,ERR,ERR,ERR,ERR,ERR,ERR,ERR,ERR,ERR,ERR,ERR,ERR,ERR,ERR,ERR,ERR,ERR,ERR,ERR,ERR,ERR,ERR,ERR,ERR,ERR,ERR,ERR,ERR,ERR,ERR,ERR,ERR,ERR,ERR,ERR,ERR,ERR,ERR,ERR,ERR,60.0,60.0,35,0.0,0.0,0.0,0.0,0.0,0.0,0.0,0.0,0.0,0.0,0.0,0.0,0.0,0.0,0.0,0.0,64.8,0,150,71,53,65476,0,65476,0,1,8,20529,65476,0,0,2621,60.0,0.0,0.0,0.0,0.0,0.0
2026-07-09T15:29:14,ERR,ERR,ERR,ERR,ERR,ERR,ERR,ERR,ERR,ERR,ERR,ERR,ERR,ERR,ERR,ERR,ERR,ERR,ERR,ERR,ERR,ERR,ERR,ERR,ERR,ERR,ERR,ERR,ERR,ERR,ERR,ERR,ERR,ERR,ERR,ERR,ERR,ERR,ERR,ERR,ERR,ERR,ERR,ERR,ERR,ERR,ERR,ERR,ERR,ERR,ERR,ERR,ERR,ERR,ERR,ERR,ERR,ERR,ERR,ERR,ERR,ERR,ERR,ERR,ERR,ERR,ERR,ERR,ERR,ERR,ERR,ERR,ERR,ERR,ERR,ERR,ERR,ERR,ERR,ERR,ERR,ERR,ERR,ERR,ERR,ERR,ERR,ERR,ERR,ERR,ERR,ERR,ERR,ERR,ERR,ERR,ERR,ERR,ERR,ERR,ERR,ERR,ERR,ERR,ERR,ERR,ERR,ERR,ERR,ERR,ERR,ERR,ERR,ERR,ERR,ERR,ERR,ERR,ERR,ERR,ERR,ERR,ERR,ERR,ERR,0.0,0.0,-107614880.0,0.0,1.6261638384492097e+32,0.0,0.0,-3.2679015869130903e+25,0,0,4,17317,7116,0.0,100,0.0,0.0,0.0,0.0,0.0,0,0,0,0,0.0,0,0,0,0,0,0,0,0,0,0,0,0,0,0,0,0,0,0,0,0,0,0,0,0,0,0,0,0,0,0,0,0,0,31,40,40,71,65476,0,300,0,0,8,21553,0.0,-107605600.0,0.0,0.0,0.0,0.0,0.0,0.0,0.0,0.0,0.0,0.0,0.0,0.0,0.0,0.0,0.0,0.0,0.0,0.0,0.0,0.0,0.0,0.0,0.0,0.0,0.0,0.0,0.0,0.0,5454.0,0.0,6913.0,-107615136.0,0.0,2.004,2.004,0.0,0.0,0.0,0.0,69,-71.63,-0.0,0.0,0.0,0.0,0.0,0.0,0.0,0.0,0,0,0,0.0,0.0,0.0,0.0,0.0,0.0,0.0,0.0,0.0,0.0,0.0,0.0,0.0,0.0,0.0,0.0,0,-107875648.0,69,0.0,138,0.0,2.012,ERR,ERR,ERR,ERR,ERR,ERR,ERR,ERR,ERR,ERR,ERR,ERR,ERR,ERR,ERR,ERR,ERR,ERR,ERR,ERR,ERR,ERR,ERR,ERR,ERR,ERR,ERR,ERR,ERR,ERR,ERR,ERR,ERR,ERR,ERR,ERR,ERR,ERR,ERR,ERR,ERR,ERR,ERR,ERR,ERR,ERR,ERR,ERR,ERR,ERR,ERR,ERR,ERR,ERR,ERR,ERR,ERR,ERR,ERR,ERR,ERR,ERR,ERR,ERR,ERR,ERR,ERR,60.0,60.0,35,0.0,0.0,0.0,0.0,0.0,0.0,0.0,0.0,0.0,0.0,0.0,0.0,0.0,0.0,0.0,0.0,65.6,0,150,71,53,65476,0,65476,0,1,8,20529,65476,0,0,2621,60.0,0.0,0.0,0.0,0.0,0.0
2026-07-09T15:29:15,ERR,ERR,ERR,ERR,ERR,ERR,ERR,ERR,ERR,ERR,ERR,ERR,ERR,ERR,ERR,ERR,ERR,ERR,ERR,ERR,ERR,ERR,ERR,ERR,ERR,ERR,ERR,ERR,ERR,ERR,ERR,ERR,ERR,ERR,ERR,ERR,ERR,ERR,ERR,ERR,ERR,ERR,ERR,ERR,ERR,ERR,ERR,ERR,ERR,ERR,ERR,ERR,ERR,ERR,ERR,ERR,ERR,ERR,ERR,ERR,ERR,ERR,ERR,ERR,ERR,ERR,ERR,ERR,ERR,ERR,ERR,ERR,ERR,ERR,ERR,ERR,ERR,ERR,ERR,ERR,ERR,ERR,ERR,ERR,ERR,ERR,ERR,ERR,ERR,ERR,ERR,ERR,ERR,ERR,ERR,ERR,ERR,ERR,ERR,ERR,ERR,ERR,ERR,ERR,ERR,ERR,ERR,ERR,ERR,ERR,ERR,ERR,ERR,ERR,ERR,ERR,ERR,ERR,ERR,ERR,ERR,ERR,ERR,ERR,ERR,0.0,0.0,-107614880.0,0.0,1.6261638384492097e+32,0.0,0.0,-3.2679015869130903e+25,0,0,4,17317,7116,0.0,100,0.0,0.0,0.0,0.0,0.0,0,0,0,0,0.0,0,0,0,0,0,0,0,0,0,0,0,0,0,0,0,0,0,0,0,0,0,0,0,0,0,0,0,0,0,0,0,0,0,31,40,40,71,65476,0,300,0,0,8,21553,0.0,-107605600.0,0.0,0.0,0.0,0.0,0.0,0.0,0.0,0.0,0.0,0.0,0.0,0.0,0.0,0.0,0.0,0.0,0.0,0.0,0.0,0.0,0.0,0.0,0.0,0.0,0.0,0.0,0.0,0.0,5454.0,0.0,6913.0,-107615136.0,0.0,2.004,2.004,0.0,0.0,0.0,0.0,69,-71.63,-0.0,0.0,0.0,0.0,0.0,0.0,0.0,0.0,0,0,0,0.0,0.0,0.0,0.0,0.0,0.0,0.0,0.0,0.0,0.0,0.0,0.0,0.0,0.0,0.0,0.0,0,-107875648.0,69,0.0,138,0.0,2.012,ERR,ERR,ERR,ERR,ERR,ERR,ERR,ERR,ERR,ERR,ERR,ERR,ERR,ERR,ERR,ERR,ERR,ERR,ERR,ERR,ERR,ERR,ERR,ERR,ERR,ERR,ERR,ERR,ERR,ERR,ERR,ERR,ERR,ERR,ERR,ERR,ERR,ERR,ERR,ERR,ERR,ERR,ERR,ERR,ERR,ERR,ERR,ERR,ERR,ERR,ERR,ERR,ERR,ERR,ERR,ERR,ERR,ERR,ERR,ERR,ERR,ERR,ERR,ERR,ERR,ERR,ERR,60.0,60.0,35,0.0,0.0,0.0,0.0,0.0,0.0,0.0,0.0,0.0,0.0,0.0,0.0,0.0,0.0,0.0,0.0,65.6,0,150,71,53,65476,0,65476,0,1,8,20529,65476,0,0,2621,60.0,0.0,0.0,0.0,0.0,0.0
2026-07-09T15:29:16,ERR,ERR,ERR,ERR,ERR,ERR,ERR,ERR,ERR,ERR,ERR,ERR,ERR,ERR,ERR,ERR,ERR,ERR,ERR,ERR,ERR,ERR,ERR,ERR,ERR,ERR,ERR,ERR,ERR,ERR,ERR,ERR,ERR,ERR,ERR,ERR,ERR,ERR,ERR,ERR,ERR,ERR,ERR,ERR,ERR,ERR,ERR,ERR,ERR,ERR,ERR,ERR,ERR,ERR,ERR,ERR,ERR,ERR,ERR,ERR,ERR,ERR,ERR,ERR,ERR,ERR,ERR,ERR,ERR,ERR,ERR,ERR,ERR,ERR,ERR,ERR,ERR,ERR,ERR,ERR,ERR,ERR,ERR,ERR,ERR,ERR,ERR,ERR,ERR,ERR,ERR,ERR,ERR,ERR,ERR,ERR,ERR,ERR,ERR,ERR,ERR,ERR,ERR,ERR,ERR,ERR,ERR,ERR,ERR,ERR,ERR,ERR,ERR,ERR,ERR,ERR,ERR,ERR,ERR,ERR,ERR,ERR,ERR,ERR,ERR,0.0,0.0,-107614880.0,0.0,1.6261638384492097e+32,0.0,0.0,-3.2679015869130903e+25,0,0,4,17317,7116,0.0,100,0.0,0.0,0.0,0.0,0.0,0,0,0,0,0.0,0,0,0,0,0,0,0,0,0,0,0,0,0,0,0,0,0,0,0,0,0,0,0,0,0,0,0,0,0,0,0,0,0,31,40,40,71,65476,0,300,0,0,8,21553,0.0,-107605600.0,0.0,0.0,0.0,0.0,0.0,0.0,0.0,0.0,0.0,0.0,0.0,0.0,0.0,0.0,0.0,0.0,0.0,0.0,0.0,0.0,0.0,0.0,0.0,0.0,0.0,0.0,0.0,0.0,5454.0,0.0,6913.0,-107615136.0,0.0,2.004,2.004,0.0,0.0,0.0,0.0,69,-71.63,-0.0,0.0,0.0,0.0,0.0,0.0,0.0,0.0,0,0,0,0.0,0.0,0.0,0.0,0.0,0.0,0.0,0.0,0.0,0.0,0.0,0.0,0.0,0.0,0.0,0.0,0,-107875648.0,69,0.0,138,0.0,2.012,ERR,ERR,ERR,ERR,ERR,ERR,ERR,ERR,ERR,ERR,ERR,ERR,ERR,ERR,ERR,ERR,ERR,ERR,ERR,ERR,ERR,ERR,ERR,ERR,ERR,ERR,ERR,ERR,ERR,ERR,ERR,ERR,ERR,ERR,ERR,ERR,ERR,ERR,ERR,ERR,ERR,ERR,ERR,ERR,ERR,ERR,ERR,ERR,ERR,ERR,ERR,ERR,ERR,ERR,ERR,ERR,ERR,ERR,ERR,ERR,ERR,ERR,ERR,ERR,ERR,ERR,ERR,60.0,60.0,35,0.0,0.0,0.0,0.0,0.0,0.0,0.0,0.0,0.0,0.0,0.0,0.0,0.0,0.0,0.0,0.0,64.8,0,150,71,54,65476,0,65476,0,1,8,20529,65476,0,0,2621,60.0,0.0,0.0,0.0,0.0,0.0
2026-07-09T15:29:17,ERR,ERR,ERR,ERR,ERR,ERR,ERR,ERR,ERR,ERR,ERR,ERR,ERR,ERR,ERR,ERR,ERR,ERR,ERR,ERR,ERR,ERR,ERR,ERR,ERR,ERR,ERR,ERR,ERR,ERR,ERR,ERR,ERR,ERR,ERR,ERR,ERR,ERR,ERR,ERR,ERR,ERR,ERR,ERR,ERR,ERR,ERR,ERR,ERR,ERR,ERR,ERR,ERR,ERR,ERR,ERR,ERR,ERR,ERR,ERR,ERR,ERR,ERR,ERR,ERR,ERR,ERR,ERR,ERR,ERR,ERR,ERR,ERR,ERR,ERR,ERR,ERR,ERR,ERR,ERR,ERR,ERR,ERR,ERR,ERR,ERR,ERR,ERR,ERR,ERR,ERR,ERR,ERR,ERR,ERR,ERR,ERR,ERR,ERR,ERR,ERR,ERR,ERR,ERR,ERR,ERR,ERR,ERR,ERR,ERR,ERR,ERR,ERR,ERR,ERR,ERR,ERR,ERR,ERR,ERR,ERR,ERR,ERR,ERR,ERR,-107615136.0,0.0,-0.0,0.0,0.0,3.36714443592282e+24,1.7365580934815664e+29,5.5429636210956296e+26,0,0,4,17317,7116,0.0,100,0.0,0.0,0.0,0.0,0.0,0,0,0,0,0.0,0,0,0,0,0,0,0,0,0,0,0,0,0,0,0,0,0,0,0,0,0,0,0,0,0,0,0,0,0,0,0,0,0,31,40,40,71,65476,0,300,0,0,8,21553,0.0,-107605600.0,0.0,0.0,0.0,0.0,0.0,0.0,0.0,0.0,0.0,0.0,0.0,0.0,0.0,0.0,0.0,0.0,0.0,0.0,0.0,0.0,0.0,2.004,0.0,0.0,0.0,0.0,0.0,0.0,5418.0,-0.0,6929.0,-107615136.0,0.0,2.004,2.004,0.0,0.0,0.0,0.0,69,126841053184.0,-4.950407707648602e+32,0.0,0.0,0.0,0.0,0.0,0.0,0.0,0,0,0,0.0,0.0,0.0,0.0,0.0,0.0,0.0,0.0,0.0,0.0,0.0,0.0,0.0,0.0,0.0,0.0,0,-107875648.0,69,0.0,138,0.0,2.012,ERR,ERR,ERR,ERR,ERR,ERR,ERR,ERR,ERR,ERR,ERR,ERR,ERR,ERR,ERR,ERR,ERR,ERR,ERR,ERR,ERR,ERR,ERR,ERR,ERR,ERR,ERR,ERR,ERR,ERR,ERR,ERR,ERR,ERR,ERR,ERR,ERR,ERR,ERR,ERR,ERR,ERR,ERR,ERR,ERR,ERR,ERR,ERR,ERR,ERR,ERR,ERR,ERR,ERR,ERR,ERR,ERR,ERR,ERR,ERR,ERR,ERR,ERR,ERR,ERR,ERR,ERR,60.0,60.0,35,0.0,0.0,0.0,0.0,0.0,0.0,0.0,0.0,0.0,0.0,0.0,0.0,0.0,0.0,0.0,0.0,64.8,0,150,71,54,65476,0,65476,0,1,8,20529,65476,0,0,2621,60.0,0.0,0.0,0.0,0.0,0.0
2026-07-09T15:29:18,ERR,ERR,ERR,ERR,ERR,ERR,ERR,ERR,ERR,ERR,ERR,ERR,ERR,ERR,ERR,ERR,ERR,ERR,ERR,ERR,ERR,ERR,ERR,ERR,ERR,ERR,ERR,ERR,ERR,ERR,ERR,ERR,ERR,ERR,ERR,ERR,ERR,ERR,ERR,ERR,ERR,ERR,ERR,ERR,ERR,ERR,ERR,ERR,ERR,ERR,ERR,ERR,ERR,ERR,ERR,ERR,ERR,ERR,ERR,ERR,ERR,ERR,ERR,ERR,ERR,ERR,ERR,ERR,ERR,ERR,ERR,ERR,ERR,ERR,ERR,ERR,ERR,ERR,ERR,ERR,ERR,ERR,ERR,ERR,ERR,ERR,ERR,ERR,ERR,ERR,ERR,ERR,ERR,ERR,ERR,ERR,ERR,ERR,ERR,ERR,ERR,ERR,ERR,ERR,ERR,ERR,ERR,ERR,ERR,ERR,ERR,ERR,ERR,ERR,ERR,ERR,ERR,ERR,ERR,ERR,ERR,ERR,ERR,ERR,ERR,-107615136.0,0.0,-0.0,0.0,0.0,3.36714443592282e+24,1.7365580934815664e+29,5.5429636210956296e+26,0,0,4,17317,7116,0.0,100,0.0,0.0,0.0,0.0,0.0,0,0,0,0,0.0,0,0,0,0,0,0,0,0,0,0,0,0,0,0,0,0,0,0,0,0,0,0,0,0,0,0,0,0,0,0,0,0,0,31,40,40,71,65476,0,300,0,0,8,21553,0.0,-107605600.0,0.0,0.0,0.0,0.0,0.0,0.0,0.0,0.0,0.0,0.0,0.0,0.0,0.0,0.0,0.0,0.0,0.0,0.0,0.0,0.0,0.0,2.004,0.0,0.0,0.0,0.0,0.0,0.0,5418.0,-0.0,6929.0,-107615136.0,0.0,2.004,2.004,0.0,0.0,0.0,0.0,69,126841053184.0,-4.950407707648602e+32,0.0,0.0,0.0,0.0,0.0,0.0,0.0,0,0,0,0.0,0.0,0.0,0.0,0.0,0.0,0.0,0.0,0.0,0.0,0.0,0.0,0.0,0.0,0.0,0.0,0,-107875648.0,69,0.0,138,0.0,2.012,ERR,ERR,ERR,ERR,ERR,ERR,ERR,ERR,ERR,ERR,ERR,ERR,ERR,ERR,ERR,ERR,ERR,ERR,ERR,ERR,ERR,ERR,ERR,ERR,ERR,ERR,ERR,ERR,ERR,ERR,ERR,ERR,ERR,ERR,ERR,ERR,ERR,ERR,ERR,ERR,ERR,ERR,ERR,ERR,ERR,ERR,ERR,ERR,ERR,ERR,ERR,ERR,ERR,ERR,ERR,ERR,ERR,ERR,ERR,ERR,ERR,ERR,ERR,ERR,ERR,ERR,ERR,60.0,60.0,35,0.0,0.0,0.0,0.0,0.0,0.0,0.0,0.0,0.0,0.0,0.0,0.0,0.0,0.0,0.0,0.0,64.8,0,150,71,54,65476,0,65476,0,1,8,20529,65476,0,0,2621,60.0,0.0,0.0,0.0,0.0,0.0
2026-07-09T15:29:19,ERR,ERR,ERR,ERR,ERR,ERR,ERR,ERR,ERR,ERR,ERR,ERR,ERR,ERR,ERR,ERR,ERR,ERR,ERR,ERR,ERR,ERR,ERR,ERR,ERR,ERR,ERR,ERR,ERR,ERR,ERR,ERR,ERR,ERR,ERR,ERR,ERR,ERR,ERR,ERR,ERR,ERR,ERR,ERR,ERR,ERR,ERR,ERR,ERR,ERR,ERR,ERR,ERR,ERR,ERR,ERR,ERR,ERR,ERR,ERR,ERR,ERR,ERR,ERR,ERR,ERR,ERR,ERR,ERR,ERR,ERR,ERR,ERR,ERR,ERR,ERR,ERR,ERR,ERR,ERR,ERR,ERR,ERR,ERR,ERR,ERR,ERR,ERR,ERR,ERR,ERR,ERR,ERR,ERR,ERR,ERR,ERR,ERR,ERR,ERR,ERR,ERR,ERR,ERR,ERR,ERR,ERR,ERR,ERR,ERR,ERR,ERR,ERR,ERR,ERR,ERR,ERR,ERR,ERR,ERR,ERR,ERR,ERR,ERR,ERR,-107615136.0,0.0,-0.0,0.0,0.0,3.36714443592282e+24,1.7365580934815664e+29,5.5429636210956296e+26,0,0,4,17317,7116,0.0,100,0.0,0.0,0.0,0.0,0.0,0,0,0,0,0.0,0,0,0,0,0,0,0,0,0,0,0,0,0,0,0,0,0,0,0,0,0,0,0,0,0,0,0,0,0,0,0,0,0,31,40,40,71,65476,0,300,0,0,8,21553,0.0,-107605600.0,0.0,0.0,0.0,0.0,0.0,0.0,0.0,0.0,0.0,0.0,0.0,0.0,0.0,0.0,0.0,0.0,0.0,0.0,0.0,0.0,0.0,2.004,0.0,0.0,0.0,0.0,0.0,0.0,5418.0,-0.0,6929.0,-107615136.0,0.0,2.004,2.004,0.0,0.0,0.0,0.0,69,126841053184.0,-4.950407707648602e+32,0.0,0.0,0.0,0.0,0.0,0.0,0.0,0,0,0,0.0,0.0,0.0,0.0,0.0,0.0,0.0,0.0,0.0,0.0,0.0,0.0,0.0,0.0,0.0,0.0,0,-107875648.0,69,0.0,138,0.0,2.012,ERR,ERR,ERR,ERR,ERR,ERR,ERR,ERR,ERR,ERR,ERR,ERR,ERR,ERR,ERR,ERR,ERR,ERR,ERR,ERR,ERR,ERR,ERR,ERR,ERR,ERR,ERR,ERR,ERR,ERR,ERR,ERR,ERR,ERR,ERR,ERR,ERR,ERR,ERR,ERR,ERR,ERR,ERR,ERR,ERR,ERR,ERR,ERR,ERR,ERR,ERR,ERR,ERR,ERR,ERR,ERR,ERR,ERR,ERR,ERR,ERR,ERR,ERR,ERR,ERR,ERR,ERR,60.0,60.0,35,0.0,0.0,0.0,0.0,0.0,0.0,0.0,0.0,0.0,0.0,0.0,0.0,0.0,0.0,0.0,0.0,64.8,0,150,71,54,65476,0,65476,0,1,8,20529,65476,0,0,2621,60.0,0.0,0.0,0.0,0.0,0.0
2026-07-09T15:29:20,ERR,ERR,ERR,ERR,ERR,ERR,ERR,ERR,ERR,ERR,ERR,ERR,ERR,ERR,ERR,ERR,ERR,ERR,ERR,ERR,ERR,ERR,ERR,ERR,ERR,ERR,ERR,ERR,ERR,ERR,ERR,ERR,ERR,ERR,ERR,ERR,ERR,ERR,ERR,ERR,ERR,ERR,ERR,ERR,ERR,ERR,ERR,ERR,ERR,ERR,ERR,ERR,ERR,ERR,ERR,ERR,ERR,ERR,ERR,ERR,ERR,ERR,ERR,ERR,ERR,ERR,ERR,ERR,ERR,ERR,ERR,ERR,ERR,ERR,ERR,ERR,ERR,ERR,ERR,ERR,ERR,ERR,ERR,ERR,ERR,ERR,ERR,ERR,ERR,ERR,ERR,ERR,ERR,ERR,ERR,ERR,ERR,ERR,ERR,ERR,ERR,ERR,ERR,ERR,ERR,ERR,ERR,ERR,ERR,ERR,ERR,ERR,ERR,ERR,ERR,ERR,ERR,ERR,ERR,ERR,ERR,ERR,ERR,ERR,ERR,-107615136.0,0.0,-0.0,0.0,0.0,3.36714443592282e+24,1.7365580934815664e+29,5.5429636210956296e+26,0,0,4,17317,7116,0.0,100,0.0,0.0,0.0,0.0,0.0,0,0,0,0,0.0,0,0,0,0,0,0,0,0,0,0,0,0,0,0,0,0,0,0,0,0,0,0,0,0,0,0,0,0,0,0,0,0,0,31,40,40,71,65476,0,300,0,0,8,21553,0.0,-107605600.0,0.0,0.0,0.0,0.0,0.0,0.0,0.0,0.0,0.0,0.0,0.0,0.0,0.0,0.0,0.0,0.0,0.0,0.0,0.0,0.0,0.0,2.004,0.0,0.0,0.0,0.0,0.0,0.0,5418.0,-0.0,6929.0,-107615136.0,0.0,2.004,2.004,0.0,0.0,0.0,0.0,69,126841053184.0,-4.950407707648602e+32,0.0,0.0,0.0,0.0,0.0,0.0,0.0,0,0,0,0.0,0.0,0.0,0.0,0.0,0.0,0.0,0.0,0.0,0.0,0.0,0.0,0.0,0.0,0.0,0.0,0,-107875648.0,69,0.0,138,0.0,2.012,ERR,ERR,ERR,ERR,ERR,ERR,ERR,ERR,ERR,ERR,ERR,ERR,ERR,ERR,ERR,ERR,ERR,ERR,ERR,ERR,ERR,ERR,ERR,ERR,ERR,ERR,ERR,ERR,ERR,ERR,ERR,ERR,ERR,ERR,ERR,ERR,ERR,ERR,ERR,ERR,ERR,ERR,ERR,ERR,ERR,ERR,ERR,ERR,ERR,ERR,ERR,ERR,ERR,ERR,ERR,ERR,ERR,ERR,ERR,ERR,ERR,ERR,ERR,ERR,ERR,ERR,ERR,60.0,60.0,35,0.0,0.0,0.0,0.0,0.0,0.0,0.0,0.0,0.0,0.0,0.0,0.0,0.0,0.0,0.0,0.0,64.8,0,150,71,54,65476,0,65476,0,1,8,20529,65476,0,0,2621,60.0,0.0,0.0,0.0,0.0,0.0
2026-07-09T15:29:21,ERR,ERR,ERR,ERR,ERR,ERR,ERR,ERR,ERR,ERR,ERR,ERR,ERR,ERR,ERR,ERR,ERR,ERR,ERR,ERR,ERR,ERR,ERR,ERR,ERR,ERR,ERR,ERR,ERR,ERR,ERR,ERR,ERR,ERR,ERR,ERR,ERR,ERR,ERR,ERR,ERR,ERR,ERR,ERR,ERR,ERR,ERR,ERR,ERR,ERR,ERR,ERR,ERR,ERR,ERR,ERR,ERR,ERR,ERR,ERR,ERR,ERR,ERR,ERR,ERR,ERR,ERR,ERR,ERR,ERR,ERR,ERR,ERR,ERR,ERR,ERR,ERR,ERR,ERR,ERR,ERR,ERR,ERR,ERR,ERR,ERR,ERR,ERR,ERR,ERR,ERR,ERR,ERR,ERR,ERR,ERR,ERR,ERR,ERR,ERR,ERR,ERR,ERR,ERR,ERR,ERR,ERR,ERR,ERR,ERR,ERR,ERR,ERR,ERR,ERR,ERR,ERR,ERR,ERR,ERR,ERR,ERR,ERR,ERR,ERR,-107615136.0,0.0,-0.0,0.0,0.0,3.36714443592282e+24,1.7365580934815664e+29,5.5429636210956296e+26,0,0,4,17317,7116,0.0,100,0.0,0.0,0.0,0.0,0.0,0,0,0,0,0.0,0,0,0,0,0,0,0,0,0,0,0,0,0,0,0,0,0,0,0,0,0,0,0,0,0,0,0,0,0,0,0,0,0,31,40,40,71,65476,0,300,0,0,8,21553,0.0,-107605600.0,0.0,0.0,0.0,0.0,0.0,0.0,0.0,0.0,0.0,0.0,0.0,0.0,0.0,0.0,0.0,0.0,0.0,0.0,0.0,0.0,0.0,2.004,0.0,0.0,0.0,0.0,0.0,0.0,5418.0,-0.0,6929.0,-107615136.0,0.0,2.004,2.004,0.0,0.0,0.0,0.0,69,126841053184.0,-4.950407707648602e+32,0.0,0.0,0.0,0.0,0.0,0.0,0.0,0,0,0,0.0,0.0,0.0,0.0,0.0,0.0,0.0,0.0,0.0,0.0,0.0,0.0,0.0,0.0,0.0,0.0,0,-107875648.0,69,0.0,138,0.0,2.012,ERR,ERR,ERR,ERR,ERR,ERR,ERR,ERR,ERR,ERR,ERR,ERR,ERR,ERR,ERR,ERR,ERR,ERR,ERR,ERR,ERR,ERR,ERR,ERR,ERR,ERR,ERR,ERR,ERR,ERR,ERR,ERR,ERR,ERR,ERR,ERR,ERR,ERR,ERR,ERR,ERR,ERR,ERR,ERR,ERR,ERR,ERR,ERR,ERR,ERR,ERR,ERR,ERR,ERR,ERR,ERR,ERR,ERR,ERR,ERR,ERR,ERR,ERR,ERR,ERR,ERR,ERR,60.0,60.0,35,0.0,0.0,0.0,0.0,0.0,0.0,0.0,0.0,0.0,0.0,0.0,0.0,0.0,0.0,0.0,0.0,64.8,0,150,71,54,65476,0,65476,0,1,8,20529,65476,0,0,2621,60.0,0.0,0.0,0.0,0.0,0.0
2026-07-09T15:29:22,ERR,ERR,ERR,ERR,ERR,ERR,ERR,ERR,ERR,ERR,ERR,ERR,ERR,ERR,ERR,ERR,ERR,ERR,ERR,ERR,ERR,ERR,ERR,ERR,ERR,ERR,ERR,ERR,ERR,ERR,ERR,ERR,ERR,ERR,ERR,ERR,ERR,ERR,ERR,ERR,ERR,ERR,ERR,ERR,ERR,ERR,ERR,ERR,ERR,ERR,ERR,ERR,ERR,ERR,ERR,ERR,ERR,ERR,ERR,ERR,ERR,ERR,ERR,ERR,ERR,ERR,ERR,ERR,ERR,ERR,ERR,ERR,ERR,ERR,ERR,ERR,ERR,ERR,ERR,ERR,ERR,ERR,ERR,ERR,ERR,ERR,ERR,ERR,ERR,ERR,ERR,ERR,ERR,ERR,ERR,ERR,ERR,ERR,ERR,ERR,ERR,ERR,ERR,ERR,ERR,ERR,ERR,ERR,ERR,ERR,ERR,ERR,ERR,ERR,ERR,ERR,ERR,ERR,ERR,ERR,ERR,ERR,ERR,ERR,ERR,-107615136.0,2.7184456933947948e+23,nan,-0.0,-1.2893616700084689e+33,-96386.633,-1.26,2010.013,0,0,4,17315,7116,0.0,100,0.0,0.0,-0.0,0.0,0.0,0,0,0,0,0.0,0,0,0,0,0,0,0,0,0,0,0,0,0,0,0,0,0,0,0,0,0,0,0,0,0,0,0,0,0,0,0,0,0,31,40,40,71,65476,0,300,0,0,8,21553,0.0,-107605600.0,0.0,0.0,0.0,0.0,0.0,0.0,0.0,0.0,0.0,0.0,0.0,0.0,0.0,0.0,0.0,0.0,0.0,0.0,0.0,0.0,0.0,3.697067826173549e+19,0.0,0.0,0.0,0.0,0.0,0.0,5408.0,8608195584.0,6922.0,-107615136.0,-0.0,2.004,2.004,0.0,0.0,0.0,0.0,69,-71.63,-0.0,0.0,0.0,0.0,0.0,0.0,0.0,0.0,0,0,0,0.0,0.0,0.0,0.0,0.0,0.0,0.0,0.0,0.0,0.0,0.0,0.0,0.0,0.0,0.0,0.0,0,-107875648.0,69,0.0,138,0.0,2.012,ERR,ERR,ERR,ERR,ERR,ERR,ERR,ERR,ERR,ERR,ERR,ERR,ERR,ERR,ERR,ERR,ERR,ERR,ERR,ERR,ERR,ERR,ERR,ERR,ERR,ERR,ERR,ERR,ERR,ERR,ERR,ERR,ERR,ERR,ERR,ERR,ERR,ERR,ERR,ERR,ERR,ERR,ERR,ERR,ERR,ERR,ERR,ERR,ERR,ERR,ERR,ERR,ERR,ERR,ERR,ERR,ERR,ERR,ERR,ERR,ERR,ERR,ERR,ERR,ERR,ERR,ERR,60.0,60.0,35,0.0,0.0,0.0,0.0,0.0,0.0,0.0,0.0,0.0,0.0,0.0,0.0,0.0,0.0,0.0,0.0,65.6,0,150,71,54,65476,0,65476,0,1,8,20529,65476,0,0,2621,60.0,0.0,0.0,0.0,0.0,0.0
2026-07-09T15:29:23,ERR,ERR,ERR,ERR,ERR,ERR,ERR,ERR,ERR,ERR,ERR,ERR,ERR,ERR,ERR,ERR,ERR,ERR,ERR,ERR,ERR,ERR,ERR,ERR,ERR,ERR,ERR,ERR,ERR,ERR,ERR,ERR,ERR,ERR,ERR,ERR,ERR,ERR,ERR,ERR,ERR,ERR,ERR,ERR,ERR,ERR,ERR,ERR,ERR,ERR,ERR,ERR,ERR,ERR,ERR,ERR,ERR,ERR,ERR,ERR,ERR,ERR,ERR,ERR,ERR,ERR,ERR,ERR,ERR,ERR,ERR,ERR,ERR,ERR,ERR,ERR,ERR,ERR,ERR,ERR,ERR,ERR,ERR,ERR,ERR,ERR,ERR,ERR,ERR,ERR,ERR,ERR,ERR,ERR,ERR,ERR,ERR,ERR,ERR,ERR,ERR,ERR,ERR,ERR,ERR,ERR,ERR,ERR,ERR,ERR,ERR,ERR,ERR,ERR,ERR,ERR,ERR,ERR,ERR,ERR,ERR,ERR,ERR,ERR,ERR,-107615136.0,2.7184456933947948e+23,nan,-0.0,-1.2893616700084689e+33,-96386.633,-1.26,2010.013,0,0,4,17315,7116,0.0,100,0.0,0.0,-0.0,0.0,0.0,0,0,0,0,0.0,0,0,0,0,0,0,0,0,0,0,0,0,0,0,0,0,0,0,0,0,0,0,0,0,0,0,0,0,0,0,0,0,0,31,40,40,71,65476,0,300,0,0,8,21553,0.0,-107605600.0,0.0,0.0,0.0,0.0,0.0,0.0,0.0,0.0,0.0,0.0,0.0,0.0,0.0,0.0,0.0,0.0,0.0,0.0,0.0,0.0,0.0,3.697067826173549e+19,0.0,0.0,0.0,0.0,0.0,0.0,5408.0,8608195584.0,6922.0,-107615136.0,-0.0,2.004,2.004,0.0,0.0,0.0,0.0,69,-71.63,-0.0,0.0,0.0,0.0,0.0,0.0,0.0,0.0,0,0,0,0.0,0.0,0.0,0.0,0.0,0.0,0.0,0.0,0.0,0.0,0.0,0.0,0.0,0.0,0.0,0.0,0,-107875648.0,69,0.0,138,0.0,2.012,ERR,ERR,ERR,ERR,ERR,ERR,ERR,ERR,ERR,ERR,ERR,ERR,ERR,ERR,ERR,ERR,ERR,ERR,ERR,ERR,ERR,ERR,ERR,ERR,ERR,ERR,ERR,ERR,ERR,ERR,ERR,ERR,ERR,ERR,ERR,ERR,ERR,ERR,ERR,ERR,ERR,ERR,ERR,ERR,ERR,ERR,ERR,ERR,ERR,ERR,ERR,ERR,ERR,ERR,ERR,ERR,ERR,ERR,ERR,ERR,ERR,ERR,ERR,ERR,ERR,ERR,ERR,60.0,60.0,35,0.0,0.0,0.0,0.0,0.0,0.0,0.0,0.0,0.0,0.0,0.0,0.0,0.0,0.0,0.0,0.0,65.6,0,150,71,54,65476,0,65476,0,1,8,20529,65476,0,0,2621,60.0,0.0,0.0,0.0,0.0,0.0
2026-07-09T15:29:24,ERR,ERR,ERR,ERR,ERR,ERR,ERR,ERR,ERR,ERR,ERR,ERR,ERR,ERR,ERR,ERR,ERR,ERR,ERR,ERR,ERR,ERR,ERR,ERR,ERR,ERR,ERR,ERR,ERR,ERR,ERR,ERR,ERR,ERR,ERR,ERR,ERR,ERR,ERR,ERR,ERR,ERR,ERR,ERR,ERR,ERR,ERR,ERR,ERR,ERR,ERR,ERR,ERR,ERR,ERR,ERR,ERR,ERR,ERR,ERR,ERR,ERR,ERR,ERR,ERR,ERR,ERR,ERR,ERR,ERR,ERR,ERR,ERR,ERR,ERR,ERR,ERR,ERR,ERR,ERR,ERR,ERR,ERR,ERR,ERR,ERR,ERR,ERR,ERR,ERR,ERR,ERR,ERR,ERR,ERR,ERR,ERR,ERR,ERR,ERR,ERR,ERR,ERR,ERR,ERR,ERR,ERR,ERR,ERR,ERR,ERR,ERR,ERR,ERR,ERR,ERR,ERR,ERR,ERR,ERR,ERR,ERR,ERR,ERR,ERR,-107615136.0,2.7184456933947948e+23,nan,-0.0,-1.2893616700084689e+33,-96386.633,-1.26,2010.013,0,0,4,17315,7116,0.0,100,0.0,0.0,-0.0,0.0,0.0,0,0,0,0,0.0,0,0,0,0,0,0,0,0,0,0,0,0,0,0,0,0,0,0,0,0,0,0,0,0,0,0,0,0,0,0,0,0,0,31,40,40,71,65476,0,300,0,0,8,21553,0.0,-107605600.0,0.0,0.0,0.0,0.0,0.0,0.0,0.0,0.0,0.0,0.0,0.0,0.0,0.0,0.0,0.0,0.0,0.0,0.0,0.0,0.0,0.0,3.697067826173549e+19,0.0,0.0,0.0,0.0,0.0,0.0,5408.0,8608195584.0,6922.0,-107615136.0,-0.0,2.004,2.004,0.0,0.0,0.0,0.0,69,-71.63,-0.0,0.0,0.0,0.0,0.0,0.0,0.0,0.0,0,0,0,0.0,0.0,0.0,0.0,0.0,0.0,0.0,0.0,0.0,0.0,0.0,0.0,0.0,0.0,0.0,0.0,0,-107875648.0,69,0.0,138,0.0,2.012,ERR,ERR,ERR,ERR,ERR,ERR,ERR,ERR,ERR,ERR,ERR,ERR,ERR,ERR,ERR,ERR,ERR,ERR,ERR,ERR,ERR,ERR,ERR,ERR,ERR,ERR,ERR,ERR,ERR,ERR,ERR,ERR,ERR,ERR,ERR,ERR,ERR,ERR,ERR,ERR,ERR,ERR,ERR,ERR,ERR,ERR,ERR,ERR,ERR,ERR,ERR,ERR,ERR,ERR,ERR,ERR,ERR,ERR,ERR,ERR,ERR,ERR,ERR,ERR,ERR,ERR,ERR,60.0,60.0,35,0.0,0.0,0.0,0.0,0.0,0.0,0.0,0.0,0.0,0.0,0.0,0.0,0.0,0.0,0.0,0.0,64.8,0,150,71,54,65476,0,65476,0,1,8,20529,65476,0,0,2621,60.0,0.0,0.0,0.0,0.0,0.0
2026-07-09T15:29:25,ERR,ERR,ERR,ERR,ERR,ERR,ERR,ERR,ERR,ERR,ERR,ERR,ERR,ERR,ERR,ERR,ERR,ERR,ERR,ERR,ERR,ERR,ERR,ERR,ERR,ERR,ERR,ERR,ERR,ERR,ERR,ERR,ERR,ERR,ERR,ERR,ERR,ERR,ERR,ERR,ERR,ERR,ERR,ERR,ERR,ERR,ERR,ERR,ERR,ERR,ERR,ERR,ERR,ERR,ERR,ERR,ERR,ERR,ERR,ERR,ERR,ERR,ERR,ERR,ERR,ERR,ERR,ERR,ERR,ERR,ERR,ERR,ERR,ERR,ERR,ERR,ERR,ERR,ERR,ERR,ERR,ERR,ERR,ERR,ERR,ERR,ERR,ERR,ERR,ERR,ERR,ERR,ERR,ERR,ERR,ERR,ERR,ERR,ERR,ERR,ERR,ERR,ERR,ERR,ERR,ERR,ERR,ERR,ERR,ERR,ERR,ERR,ERR,ERR,ERR,ERR,ERR,ERR,ERR,ERR,ERR,ERR,ERR,ERR,ERR,-107615136.0,2.7184456933947948e+23,nan,-0.0,-1.2893616700084689e+33,-96386.633,-1.26,2010.013,0,0,4,17315,7116,0.0,100,0.0,0.0,-0.0,0.0,0.0,0,0,0,0,0.0,0,0,0,0,0,0,0,0,0,0,0,0,0,0,0,0,0,0,0,0,0,0,0,0,0,0,0,0,0,0,0,0,0,31,40,40,71,65476,0,300,0,0,8,21553,0.0,-107605600.0,0.0,0.0,0.0,0.0,0.0,0.0,0.0,0.0,0.0,0.0,0.0,0.0,0.0,0.0,0.0,0.0,0.0,0.0,0.0,0.0,0.0,3.697067826173549e+19,0.0,0.0,0.0,0.0,0.0,0.0,5408.0,8608195584.0,6922.0,-107615136.0,-0.0,2.004,2.004,0.0,0.0,0.0,0.0,69,-71.63,-0.0,0.0,0.0,0.0,0.0,0.0,0.0,0.0,0,0,0,0.0,0.0,0.0,0.0,0.0,0.0,0.0,0.0,0.0,0.0,0.0,0.0,0.0,0.0,0.0,0.0,0,-107875648.0,69,0.0,138,0.0,2.012,ERR,ERR,ERR,ERR,ERR,ERR,ERR,ERR,ERR,ERR,ERR,ERR,ERR,ERR,ERR,ERR,ERR,ERR,ERR,ERR,ERR,ERR,ERR,ERR,ERR,ERR,ERR,ERR,ERR,ERR,ERR,ERR,ERR,ERR,ERR,ERR,ERR,ERR,ERR,ERR,ERR,ERR,ERR,ERR,ERR,ERR,ERR,ERR,ERR,ERR,ERR,ERR,ERR,ERR,ERR,ERR,ERR,ERR,ERR,ERR,ERR,ERR,ERR,ERR,ERR,ERR,ERR,60.0,60.0,35,0.0,0.0,0.0,0.0,0.0,0.0,0.0,0.0,0.0,0.0,0.0,0.0,0.0,0.0,0.0,0.0,64.8,0,150,71,54,65476,0,65476,0,1,8,20529,65476,0,0,2621,60.0,0.0,0.0,0.0,0.0,0.0
2026-07-09T15:29:26,ERR,ERR,ERR,ERR,ERR,ERR,ERR,ERR,ERR,ERR,ERR,ERR,ERR,ERR,ERR,ERR,ERR,ERR,ERR,ERR,ERR,ERR,ERR,ERR,ERR,ERR,ERR,ERR,ERR,ERR,ERR,ERR,ERR,ERR,ERR,ERR,ERR,ERR,ERR,ERR,ERR,ERR,ERR,ERR,ERR,ERR,ERR,ERR,ERR,ERR,ERR,ERR,ERR,ERR,ERR,ERR,ERR,ERR,ERR,ERR,ERR,ERR,ERR,ERR,ERR,ERR,ERR,ERR,ERR,ERR,ERR,ERR,ERR,ERR,ERR,ERR,ERR,ERR,ERR,ERR,ERR,ERR,ERR,ERR,ERR,ERR,ERR,ERR,ERR,ERR,ERR,ERR,ERR,ERR,ERR,ERR,ERR,ERR,ERR,ERR,ERR,ERR,ERR,ERR,ERR,ERR,ERR,ERR,ERR,ERR,ERR,ERR,ERR,ERR,ERR,ERR,ERR,ERR,ERR,ERR,ERR,ERR,ERR,ERR,ERR,-107615136.0,2.7184456933947948e+23,nan,-0.0,-1.2893616700084689e+33,-96386.633,-1.26,2010.013,0,0,4,17315,7116,0.0,100,0.0,0.0,-0.0,0.0,0.0,0,0,0,0,0.0,0,0,0,0,0,0,0,0,0,0,0,0,0,0,0,0,0,0,0,0,0,0,0,0,0,0,0,0,0,0,0,0,0,31,40,40,71,65476,0,300,0,0,8,21553,0.0,-107605600.0,0.0,0.0,0.0,0.0,0.0,0.0,0.0,0.0,0.0,0.0,0.0,0.0,0.0,0.0,0.0,0.0,0.0,0.0,0.0,0.0,0.0,3.697067826173549e+19,0.0,0.0,0.0,0.0,0.0,0.0,5408.0,8608195584.0,6922.0,-107615136.0,-0.0,2.004,2.004,0.0,0.0,0.0,0.0,69,-71.63,-0.0,0.0,0.0,0.0,0.0,0.0,0.0,0.0,0,0,0,0.0,0.0,0.0,0.0,0.0,0.0,0.0,0.0,0.0,0.0,0.0,0.0,0.0,0.0,0.0,0.0,0,-107875648.0,69,0.0,138,0.0,2.012,ERR,ERR,ERR,ERR,ERR,ERR,ERR,ERR,ERR,ERR,ERR,ERR,ERR,ERR,ERR,ERR,ERR,ERR,ERR,ERR,ERR,ERR,ERR,ERR,ERR,ERR,ERR,ERR,ERR,ERR,ERR,ERR,ERR,ERR,ERR,ERR,ERR,ERR,ERR,ERR,ERR,ERR,ERR,ERR,ERR,ERR,ERR,ERR,ERR,ERR,ERR,ERR,ERR,ERR,ERR,ERR,ERR,ERR,ERR,ERR,ERR,ERR,ERR,ERR,ERR,ERR,ERR,60.0,60.0,35,0.0,0.0,0.0,0.0,0.0,0.0,0.0,0.0,0.0,0.0,0.0,0.0,0.0,0.0,0.0,0.0,64.8,0,150,71,54,65476,0,65476,0,1,8,20529,65476,0,0,2621,60.0,0.0,0.0,0.0,0.0,0.0
2026-07-09T15:29:27,ERR,ERR,ERR,ERR,ERR,ERR,ERR,ERR,ERR,ERR,ERR,ERR,ERR,ERR,ERR,ERR,ERR,ERR,ERR,ERR,ERR,ERR,ERR,ERR,ERR,ERR,ERR,ERR,ERR,ERR,ERR,ERR,ERR,ERR,ERR,ERR,ERR,ERR,ERR,ERR,ERR,ERR,ERR,ERR,ERR,ERR,ERR,ERR,ERR,ERR,ERR,ERR,ERR,ERR,ERR,ERR,ERR,ERR,ERR,ERR,ERR,ERR,ERR,ERR,ERR,ERR,ERR,ERR,ERR,ERR,ERR,ERR,ERR,ERR,ERR,ERR,ERR,ERR,ERR,ERR,ERR,ERR,ERR,ERR,ERR,ERR,ERR,ERR,ERR,ERR,ERR,ERR,ERR,ERR,ERR,ERR,ERR,ERR,ERR,ERR,ERR,ERR,ERR,ERR,ERR,ERR,ERR,ERR,ERR,ERR,ERR,ERR,ERR,ERR,ERR,ERR,ERR,ERR,ERR,ERR,ERR,ERR,ERR,ERR,ERR,-107615136.0,-107616040.0,-107614896.0,2.7183478752108883e+23,-0.0,0.0,0.0,-0.0,0,0,4,17318,7116,0.0,100,0.0,0.0,2.7183478752108883e+23,0.0,0.0,0,0,0,0,0.0,0,0,0,0,0,0,0,0,0,0,0,0,0,0,0,0,0,0,0,0,0,0,0,0,0,0,0,0,0,0,0,0,0,31,40,40,71,65476,0,300,0,0,8,21553,0.0,-107605600.0,0.0,0.0,0.0,0.0,0.0,0.0,0.0,0.0,0.0,0.0,0.0,0.0,0.0,0.0,0.0,0.0,0.0,0.0,0.0,0.0,0.0,-0.0,0.0,0.0,0.0,0.0,0.0,0.0,5438.0,0.0,6914.0,-107615136.0,-107616040.0,2.004,2.004,0.0,0.0,0.0,0.0,69,107615296.0,0.0,0.0,0.0,0.0,0.0,0.0,0.0,0.0,0,0,0,0.0,0.0,0.0,0.0,0.0,0.0,0.0,0.0,0.0,0.0,0.0,0.0,0.0,0.0,0.0,0.0,0,-107875648.0,69,0.0,138,0.0,2.012,ERR,ERR,ERR,ERR,ERR,ERR,ERR,ERR,ERR,ERR,ERR,ERR,ERR,ERR,ERR,ERR,ERR,ERR,ERR,ERR,ERR,ERR,ERR,ERR,ERR,ERR,ERR,ERR,ERR,ERR,ERR,ERR,ERR,ERR,ERR,ERR,ERR,ERR,ERR,ERR,ERR,ERR,ERR,ERR,ERR,ERR,ERR,ERR,ERR,ERR,ERR,ERR,ERR,ERR,ERR,ERR,ERR,ERR,ERR,ERR,ERR,ERR,ERR,ERR,ERR,ERR,ERR,60.0,60.0,35,0.0,0.0,0.0,0.0,0.0,0.0,0.0,0.0,0.0,0.0,0.0,0.0,0.0,0.0,0.0,0.0,65.6,0,150,71,54,65476,0,65476,0,1,8,20529,65476,0,0,2621,60.0,0.0,0.0,0.0,0.0,0.0
2026-07-09T15:29:28,ERR,ERR,ERR,ERR,ERR,ERR,ERR,ERR,ERR,ERR,ERR,ERR,ERR,ERR,ERR,ERR,ERR,ERR,ERR,ERR,ERR,ERR,ERR,ERR,ERR,ERR,ERR,ERR,ERR,ERR,ERR,ERR,ERR,ERR,ERR,ERR,ERR,ERR,ERR,ERR,ERR,ERR,ERR,ERR,ERR,ERR,ERR,ERR,ERR,ERR,ERR,ERR,ERR,ERR,ERR,ERR,ERR,ERR,ERR,ERR,ERR,ERR,ERR,ERR,ERR,ERR,ERR,ERR,ERR,ERR,ERR,ERR,ERR,ERR,ERR,ERR,ERR,ERR,ERR,ERR,ERR,ERR,ERR,ERR,ERR,ERR,ERR,ERR,ERR,ERR,ERR,ERR,ERR,ERR,ERR,ERR,ERR,ERR,ERR,ERR,ERR,ERR,ERR,ERR,ERR,ERR,ERR,ERR,ERR,ERR,ERR,ERR,ERR,ERR,ERR,ERR,ERR,ERR,ERR,ERR,ERR,ERR,ERR,ERR,ERR,-107615136.0,-107616040.0,-107614896.0,2.7183478752108883e+23,-0.0,0.0,0.0,-0.0,0,0,4,17318,7116,0.0,100,0.0,0.0,2.7183478752108883e+23,0.0,0.0,0,0,0,0,0.0,0,0,0,0,0,0,0,0,0,0,0,0,0,0,0,0,0,0,0,0,0,0,0,0,0,0,0,0,0,0,0,0,0,31,40,40,71,65476,0,300,0,0,8,21553,0.0,-107605600.0,0.0,0.0,0.0,0.0,0.0,0.0,0.0,0.0,0.0,0.0,0.0,0.0,0.0,0.0,0.0,0.0,0.0,0.0,0.0,0.0,0.0,-0.0,0.0,0.0,0.0,0.0,0.0,0.0,5438.0,0.0,6914.0,-107615136.0,-107616040.0,2.004,2.004,0.0,0.0,0.0,0.0,69,107615296.0,0.0,0.0,0.0,0.0,0.0,0.0,0.0,0.0,0,0,0,0.0,0.0,0.0,0.0,0.0,0.0,0.0,0.0,0.0,0.0,0.0,0.0,0.0,0.0,0.0,0.0,0,-107875648.0,69,0.0,138,0.0,2.012,ERR,ERR,ERR,ERR,ERR,ERR,ERR,ERR,ERR,ERR,ERR,ERR,ERR,ERR,ERR,ERR,ERR,ERR,ERR,ERR,ERR,ERR,ERR,ERR,ERR,ERR,ERR,ERR,ERR,ERR,ERR,ERR,ERR,ERR,ERR,ERR,ERR,ERR,ERR,ERR,ERR,ERR,ERR,ERR,ERR,ERR,ERR,ERR,ERR,ERR,ERR,ERR,ERR,ERR,ERR,ERR,ERR,ERR,ERR,ERR,ERR,ERR,ERR,ERR,ERR,ERR,ERR,60.0,60.0,35,0.0,0.0,0.0,0.0,0.0,0.0,0.0,0.0,0.0,0.0,0.0,0.0,0.0,0.0,0.0,0.0,65.6,0,150,71,54,65476,0,65476,0,1,8,20529,65476,0,0,2621,60.0,0.0,0.0,0.0,0.0,0.0
2026-07-09T15:29:29,ERR,ERR,ERR,ERR,ERR,ERR,ERR,ERR,ERR,ERR,ERR,ERR,ERR,ERR,ERR,ERR,ERR,ERR,ERR,ERR,ERR,ERR,ERR,ERR,ERR,ERR,ERR,ERR,ERR,ERR,ERR,ERR,ERR,ERR,ERR,ERR,ERR,ERR,ERR,ERR,ERR,ERR,ERR,ERR,ERR,ERR,ERR,ERR,ERR,ERR,ERR,ERR,ERR,ERR,ERR,ERR,ERR,ERR,ERR,ERR,ERR,ERR,ERR,ERR,ERR,ERR,ERR,ERR,ERR,ERR,ERR,ERR,ERR,ERR,ERR,ERR,ERR,ERR,ERR,ERR,ERR,ERR,ERR,ERR,ERR,ERR,ERR,ERR,ERR,ERR,ERR,ERR,ERR,ERR,ERR,ERR,ERR,ERR,ERR,ERR,ERR,ERR,ERR,ERR,ERR,ERR,ERR,ERR,ERR,ERR,ERR,ERR,ERR,ERR,ERR,ERR,ERR,ERR,ERR,ERR,ERR,ERR,ERR,ERR,ERR,-107615136.0,-107616040.0,-107614896.0,2.7183478752108883e+23,-0.0,0.0,0.0,-0.0,0,0,4,17318,7116,0.0,100,0.0,0.0,2.7183478752108883e+23,0.0,0.0,0,0,0,0,0.0,0,0,0,0,0,0,0,0,0,0,0,0,0,0,0,0,0,0,0,0,0,0,0,0,0,0,0,0,0,0,0,0,0,31,40,40,71,65476,0,300,0,0,8,21553,0.0,-107605600.0,0.0,0.0,0.0,0.0,0.0,0.0,0.0,0.0,0.0,0.0,0.0,0.0,0.0,0.0,0.0,0.0,0.0,0.0,0.0,0.0,0.0,-0.0,0.0,0.0,0.0,0.0,0.0,0.0,5438.0,0.0,6914.0,-107615136.0,-107616040.0,2.004,2.004,0.0,0.0,0.0,0.0,69,107615296.0,0.0,0.0,0.0,0.0,0.0,0.0,0.0,0.0,0,0,0,0.0,0.0,0.0,0.0,0.0,0.0,0.0,0.0,0.0,0.0,0.0,0.0,0.0,0.0,0.0,0.0,0,-107875648.0,69,0.0,138,0.0,2.012,ERR,ERR,ERR,ERR,ERR,ERR,ERR,ERR,ERR,ERR,ERR,ERR,ERR,ERR,ERR,ERR,ERR,ERR,ERR,ERR,ERR,ERR,ERR,ERR,ERR,ERR,ERR,ERR,ERR,ERR,ERR,ERR,ERR,ERR,ERR,ERR,ERR,ERR,ERR,ERR,ERR,ERR,ERR,ERR,ERR,ERR,ERR,ERR,ERR,ERR,ERR,ERR,ERR,ERR,ERR,ERR,ERR,ERR,ERR,ERR,ERR,ERR,ERR,ERR,ERR,ERR,ERR,60.0,60.0,35,0.0,0.0,0.0,0.0,0.0,0.0,0.0,0.0,0.0,0.0,0.0,0.0,0.0,0.0,0.0,0.0,65.6,0,150,71,54,65476,0,65476,0,1,8,20529,65476,0,0,2621,60.0,0.0,0.0,0.0,0.0,0.0
2026-07-09T15:29:30,ERR,ERR,ERR,ERR,ERR,ERR,ERR,ERR,ERR,ERR,ERR,ERR,ERR,ERR,ERR,ERR,ERR,ERR,ERR,ERR,ERR,ERR,ERR,ERR,ERR,ERR,ERR,ERR,ERR,ERR,ERR,ERR,ERR,ERR,ERR,ERR,ERR,ERR,ERR,ERR,ERR,ERR,ERR,ERR,ERR,ERR,ERR,ERR,ERR,ERR,ERR,ERR,ERR,ERR,ERR,ERR,ERR,ERR,ERR,ERR,ERR,ERR,ERR,ERR,ERR,ERR,ERR,ERR,ERR,ERR,ERR,ERR,ERR,ERR,ERR,ERR,ERR,ERR,ERR,ERR,ERR,ERR,ERR,ERR,ERR,ERR,ERR,ERR,ERR,ERR,ERR,ERR,ERR,ERR,ERR,ERR,ERR,ERR,ERR,ERR,ERR,ERR,ERR,ERR,ERR,ERR,ERR,ERR,ERR,ERR,ERR,ERR,ERR,ERR,ERR,ERR,ERR,ERR,ERR,ERR,ERR,ERR,ERR,ERR,ERR,-107615136.0,-107616040.0,-107614896.0,2.7183478752108883e+23,-0.0,0.0,0.0,-0.0,0,0,4,17318,7116,0.0,100,0.0,0.0,2.7183478752108883e+23,0.0,0.0,0,0,0,0,0.0,0,0,0,0,0,0,0,0,0,0,0,0,0,0,0,0,0,0,0,0,0,0,0,0,0,0,0,0,0,0,0,0,0,31,40,40,71,65476,0,300,0,0,8,21553,0.0,-107605600.0,0.0,0.0,0.0,0.0,0.0,0.0,0.0,0.0,0.0,0.0,0.0,0.0,0.0,0.0,0.0,0.0,0.0,0.0,0.0,0.0,0.0,-0.0,0.0,0.0,0.0,0.0,0.0,0.0,5438.0,0.0,6914.0,-107615136.0,-107616040.0,2.004,2.004,0.0,0.0,0.0,0.0,69,107615296.0,0.0,0.0,0.0,0.0,0.0,0.0,0.0,0.0,0,0,0,0.0,0.0,0.0,0.0,0.0,0.0,0.0,0.0,0.0,0.0,0.0,0.0,0.0,0.0,0.0,0.0,0,-107875648.0,69,0.0,138,0.0,2.012,ERR,ERR,ERR,ERR,ERR,ERR,ERR,ERR,ERR,ERR,ERR,ERR,ERR,ERR,ERR,ERR,ERR,ERR,ERR,ERR,ERR,ERR,ERR,ERR,ERR,ERR,ERR,ERR,ERR,ERR,ERR,ERR,ERR,ERR,ERR,ERR,ERR,ERR,ERR,ERR,ERR,ERR,ERR,ERR,ERR,ERR,ERR,ERR,ERR,ERR,ERR,ERR,ERR,ERR,ERR,ERR,ERR,ERR,ERR,ERR,ERR,ERR,ERR,ERR,ERR,ERR,ERR,60.0,60.0,35,0.0,0.0,0.0,0.0,0.0,0.0,0.0,0.0,0.0,0.0,0.0,0.0,0.0,0.0,0.0,0.0,65.6,0,150,71,54,65476,0,65476,0,1,8,20529,65476,0,0,2621,60.0,0.0,0.0,0.0,0.0,0.0
2026-07-09T15:29:31,ERR,ERR,ERR,ERR,ERR,ERR,ERR,ERR,ERR,ERR,ERR,ERR,ERR,ERR,ERR,ERR,ERR,ERR,ERR,ERR,ERR,ERR,ERR,ERR,ERR,ERR,ERR,ERR,ERR,ERR,ERR,ERR,ERR,ERR,ERR,ERR,ERR,ERR,ERR,ERR,ERR,ERR,ERR,ERR,ERR,ERR,ERR,ERR,ERR,ERR,ERR,ERR,ERR,ERR,ERR,ERR,ERR,ERR,ERR,ERR,ERR,ERR,ERR,ERR,ERR,ERR,ERR,ERR,ERR,ERR,ERR,ERR,ERR,ERR,ERR,ERR,ERR,ERR,ERR,ERR,ERR,ERR,ERR,ERR,ERR,ERR,ERR,ERR,ERR,ERR,ERR,ERR,ERR,ERR,ERR,ERR,ERR,ERR,ERR,ERR,ERR,ERR,ERR,ERR,ERR,ERR,ERR,ERR,ERR,ERR,ERR,ERR,ERR,ERR,ERR,ERR,ERR,ERR,ERR,ERR,ERR,ERR,ERR,ERR,ERR,-107615136.0,-107616040.0,-107614896.0,2.7183478752108883e+23,-0.0,0.0,0.0,-0.0,0,0,4,17318,7116,0.0,100,0.0,0.0,2.7183478752108883e+23,0.0,0.0,0,0,0,0,0.0,0,0,0,0,0,0,0,0,0,0,0,0,0,0,0,0,0,0,0,0,0,0,0,0,0,0,0,0,0,0,0,0,0,31,40,40,71,65476,0,300,0,0,8,21553,0.0,-107605600.0,0.0,0.0,0.0,0.0,0.0,0.0,0.0,0.0,0.0,0.0,0.0,0.0,0.0,0.0,0.0,0.0,0.0,0.0,0.0,0.0,0.0,-0.0,0.0,0.0,0.0,0.0,0.0,0.0,5438.0,0.0,6914.0,-107615136.0,-107616040.0,2.004,2.004,0.0,0.0,0.0,0.0,69,107615296.0,0.0,0.0,0.0,0.0,0.0,0.0,0.0,0.0,0,0,0,0.0,0.0,0.0,0.0,0.0,0.0,0.0,0.0,0.0,0.0,0.0,0.0,0.0,0.0,0.0,0.0,0,-107875648.0,69,0.0,138,0.0,2.012,ERR,ERR,ERR,ERR,ERR,ERR,ERR,ERR,ERR,ERR,ERR,ERR,ERR,ERR,ERR,ERR,ERR,ERR,ERR,ERR,ERR,ERR,ERR,ERR,ERR,ERR,ERR,ERR,ERR,ERR,ERR,ERR,ERR,ERR,ERR,ERR,ERR,ERR,ERR,ERR,ERR,ERR,ERR,ERR,ERR,ERR,ERR,ERR,ERR,ERR,ERR,ERR,ERR,ERR,ERR,ERR,ERR,ERR,ERR,ERR,ERR,ERR,ERR,ERR,ERR,ERR,ERR,60.0,60.0,35,0.0,0.0,0.0,0.0,0.0,0.0,0.0,0.0,0.0,0.0,0.0,0.0,0.0,0.0,0.0,0.0,64.8,0,150,71,54,65476,0,65476,0,1,8,20529,65476,0,0,2621,60.0,0.0,0.0,0.0,0.0,0.0
2026-07-09T15:29:32,ERR,ERR,ERR,ERR,ERR,ERR,ERR,ERR,ERR,ERR,ERR,ERR,ERR,ERR,ERR,ERR,ERR,ERR,ERR,ERR,ERR,ERR,ERR,ERR,ERR,ERR,ERR,ERR,ERR,ERR,ERR,ERR,ERR,ERR,ERR,ERR,ERR,ERR,ERR,ERR,ERR,ERR,ERR,ERR,ERR,ERR,ERR,ERR,ERR,ERR,ERR,ERR,ERR,ERR,ERR,ERR,ERR,ERR,ERR,ERR,ERR,ERR,ERR,ERR,ERR,ERR,ERR,ERR,ERR,ERR,ERR,ERR,ERR,ERR,ERR,ERR,ERR,ERR,ERR,ERR,ERR,ERR,ERR,ERR,ERR,ERR,ERR,ERR,ERR,ERR,ERR,ERR,ERR,ERR,ERR,ERR,ERR,ERR,ERR,ERR,ERR,ERR,ERR,ERR,ERR,ERR,ERR,ERR,ERR,ERR,ERR,ERR,ERR,ERR,ERR,ERR,ERR,ERR,ERR,ERR,ERR,ERR,ERR,ERR,ERR,-107615136.0,-107616040.0,-107614896.0,2.7183478752108883e+23,-0.0,8.776912261763773e+19,0.483,6.814975985524102e+35,0,0,4,17318,7116,0.0,100,0.0,0.0,2.7183478752108883e+23,0.0,0.0,0,0,0,0,0.0,0,0,0,0,0,0,0,0,0,0,0,0,0,0,0,0,0,0,0,0,0,0,0,0,0,0,0,0,0,0,0,0,0,31,40,40,71,65476,0,300,0,0,8,21553,0.0,-107605600.0,0.0,0.0,0.0,0.0,0.0,0.0,0.0,0.0,0.0,0.0,0.0,0.0,0.0,0.0,0.0,0.0,0.0,0.0,0.0,0.0,0.0,-0.0,0.0,0.0,0.0,0.0,0.0,0.0,5387.0,-0.0,6929.0,-107615136.0,-107616040.0,2.004,2.004,0.0,0.0,0.0,0.0,69,-0.0,-0.0,0.0,0.0,0.0,0.0,0.0,0.0,0.0,0,0,0,0.0,0.0,0.0,0.0,0.0,0.0,0.0,0.0,0.0,0.0,0.0,0.0,0.0,0.0,0.0,0.0,0,-107875648.0,69,0.0,138,0.0,2.012,ERR,ERR,ERR,ERR,ERR,ERR,ERR,ERR,ERR,ERR,ERR,ERR,ERR,ERR,ERR,ERR,ERR,ERR,ERR,ERR,ERR,ERR,ERR,ERR,ERR,ERR,ERR,ERR,ERR,ERR,ERR,ERR,ERR,ERR,ERR,ERR,ERR,ERR,ERR,ERR,ERR,ERR,ERR,ERR,ERR,ERR,ERR,ERR,ERR,ERR,ERR,ERR,ERR,ERR,ERR,ERR,ERR,ERR,ERR,ERR,ERR,ERR,ERR,ERR,ERR,ERR,ERR,60.0,60.0,35,0.0,0.0,0.0,0.0,0.0,0.0,0.0,0.0,0.0,0.0,0.0,0.0,0.0,0.0,0.0,0.0,64.8,0,150,71,54,65476,0,65476,0,1,8,20529,65476,0,0,2621,60.0,0.0,0.0,0.0,0.0,0.0
2026-07-09T15:29:33,ERR,ERR,ERR,ERR,ERR,ERR,ERR,ERR,ERR,ERR,ERR,ERR,ERR,ERR,ERR,ERR,ERR,ERR,ERR,ERR,ERR,ERR,ERR,ERR,ERR,ERR,ERR,ERR,ERR,ERR,ERR,ERR,ERR,ERR,ERR,ERR,ERR,ERR,ERR,ERR,ERR,ERR,ERR,ERR,ERR,ERR,ERR,ERR,ERR,ERR,ERR,ERR,ERR,ERR,ERR,ERR,ERR,ERR,ERR,ERR,ERR,ERR,ERR,ERR,ERR,ERR,ERR,ERR,ERR,ERR,ERR,ERR,ERR,ERR,ERR,ERR,ERR,ERR,ERR,ERR,ERR,ERR,ERR,ERR,ERR,ERR,ERR,ERR,ERR,ERR,ERR,ERR,ERR,ERR,ERR,ERR,ERR,ERR,ERR,ERR,ERR,ERR,ERR,ERR,ERR,ERR,ERR,ERR,ERR,ERR,ERR,ERR,ERR,ERR,ERR,ERR,ERR,ERR,ERR,ERR,ERR,ERR,ERR,ERR,ERR,-107615136.0,-107616040.0,-107614896.0,2.7183478752108883e+23,-0.0,8.776912261763773e+19,0.483,6.814975985524102e+35,0,0,4,17318,7116,0.0,100,0.0,0.0,2.7183478752108883e+23,0.0,0.0,0,0,0,0,0.0,0,0,0,0,0,0,0,0,0,0,0,0,0,0,0,0,0,0,0,0,0,0,0,0,0,0,0,0,0,0,0,0,0,31,40,40,71,65476,0,300,0,0,8,21553,0.0,-107605600.0,0.0,0.0,0.0,0.0,0.0,0.0,0.0,0.0,0.0,0.0,0.0,0.0,0.0,0.0,0.0,0.0,0.0,0.0,0.0,0.0,0.0,-0.0,0.0,0.0,0.0,0.0,0.0,0.0,5387.0,-0.0,6929.0,-107615136.0,-107616040.0,2.004,2.004,0.0,0.0,0.0,0.0,69,-0.0,-0.0,0.0,0.0,0.0,0.0,0.0,0.0,0.0,0,0,0,0.0,0.0,0.0,0.0,0.0,0.0,0.0,0.0,0.0,0.0,0.0,0.0,0.0,0.0,0.0,0.0,0,-107875648.0,69,0.0,138,0.0,2.012,ERR,ERR,ERR,ERR,ERR,ERR,ERR,ERR,ERR,ERR,ERR,ERR,ERR,ERR,ERR,ERR,ERR,ERR,ERR,ERR,ERR,ERR,ERR,ERR,ERR,ERR,ERR,ERR,ERR,ERR,ERR,ERR,ERR,ERR,ERR,ERR,ERR,ERR,ERR,ERR,ERR,ERR,ERR,ERR,ERR,ERR,ERR,ERR,ERR,ERR,ERR,ERR,ERR,ERR,ERR,ERR,ERR,ERR,ERR,ERR,ERR,ERR,ERR,ERR,ERR,ERR,ERR,60.0,60.0,35,0.0,0.0,0.0,0.0,0.0,0.0,0.0,0.0,0.0,0.0,0.0,0.0,0.0,0.0,0.0,0.0,64.8,0,150,71,54,65476,0,65476,0,1,8,20529,65476,0,0,2621,60.0,0.0,0.0,0.0,0.0,0.0
2026-07-09T15:29:34,ERR,ERR,ERR,ERR,ERR,ERR,ERR,ERR,ERR,ERR,ERR,ERR,ERR,ERR,ERR,ERR,ERR,ERR,ERR,ERR,ERR,ERR,ERR,ERR,ERR,ERR,ERR,ERR,ERR,ERR,ERR,ERR,ERR,ERR,ERR,ERR,ERR,ERR,ERR,ERR,ERR,ERR,ERR,ERR,ERR,ERR,ERR,ERR,ERR,ERR,ERR,ERR,ERR,ERR,ERR,ERR,ERR,ERR,ERR,ERR,ERR,ERR,ERR,ERR,ERR,ERR,ERR,ERR,ERR,ERR,ERR,ERR,ERR,ERR,ERR,ERR,ERR,ERR,ERR,ERR,ERR,ERR,ERR,ERR,ERR,ERR,ERR,ERR,ERR,ERR,ERR,ERR,ERR,ERR,ERR,ERR,ERR,ERR,ERR,ERR,ERR,ERR,ERR,ERR,ERR,ERR,ERR,ERR,ERR,ERR,ERR,ERR,ERR,ERR,ERR,ERR,ERR,ERR,ERR,ERR,ERR,ERR,ERR,ERR,ERR,-107615136.0,-107616040.0,-107614896.0,2.7183478752108883e+23,-0.0,8.776912261763773e+19,0.483,6.814975985524102e+35,0,0,4,17318,7116,0.0,100,0.0,0.0,2.7183478752108883e+23,0.0,0.0,0,0,0,0,0.0,0,0,0,0,0,0,0,0,0,0,0,0,0,0,0,0,0,0,0,0,0,0,0,0,0,0,0,0,0,0,0,0,0,31,40,40,71,65476,0,300,0,0,8,21553,0.0,-107605600.0,0.0,0.0,0.0,0.0,0.0,0.0,0.0,0.0,0.0,0.0,0.0,0.0,0.0,0.0,0.0,0.0,0.0,0.0,0.0,0.0,0.0,-0.0,0.0,0.0,0.0,0.0,0.0,0.0,5387.0,-0.0,6929.0,-107615136.0,-107616040.0,2.004,2.004,0.0,0.0,0.0,0.0,69,-0.0,-0.0,0.0,0.0,0.0,0.0,0.0,0.0,0.0,0,0,0,0.0,0.0,0.0,0.0,0.0,0.0,0.0,0.0,0.0,0.0,0.0,0.0,0.0,0.0,0.0,0.0,0,-107875648.0,69,0.0,138,0.0,2.012,ERR,ERR,ERR,ERR,ERR,ERR,ERR,ERR,ERR,ERR,ERR,ERR,ERR,ERR,ERR,ERR,ERR,ERR,ERR,ERR,ERR,ERR,ERR,ERR,ERR,ERR,ERR,ERR,ERR,ERR,ERR,ERR,ERR,ERR,ERR,ERR,ERR,ERR,ERR,ERR,ERR,ERR,ERR,ERR,ERR,ERR,ERR,ERR,ERR,ERR,ERR,ERR,ERR,ERR,ERR,ERR,ERR,ERR,ERR,ERR,ERR,ERR,ERR,ERR,ERR,ERR,ERR,60.0,60.0,35,0.0,0.0,0.0,0.0,0.0,0.0,0.0,0.0,0.0,0.0,0.0,0.0,0.0,0.0,0.0,0.0,65.6,0,150,71,54,65476,0,65476,0,1,8,20529,65476,0,0,2621,60.0,0.0,0.0,0.0,0.0,0.0
2026-07-09T15:29:35,ERR,ERR,ERR,ERR,ERR,ERR,ERR,ERR,ERR,ERR,ERR,ERR,ERR,ERR,ERR,ERR,ERR,ERR,ERR,ERR,ERR,ERR,ERR,ERR,ERR,ERR,ERR,ERR,ERR,ERR,ERR,ERR,ERR,ERR,ERR,ERR,ERR,ERR,ERR,ERR,ERR,ERR,ERR,ERR,ERR,ERR,ERR,ERR,ERR,ERR,ERR,ERR,ERR,ERR,ERR,ERR,ERR,ERR,ERR,ERR,ERR,ERR,ERR,ERR,ERR,ERR,ERR,ERR,ERR,ERR,ERR,ERR,ERR,ERR,ERR,ERR,ERR,ERR,ERR,ERR,ERR,ERR,ERR,ERR,ERR,ERR,ERR,ERR,ERR,ERR,ERR,ERR,ERR,ERR,ERR,ERR,ERR,ERR,ERR,ERR,ERR,ERR,ERR,ERR,ERR,ERR,ERR,ERR,ERR,ERR,ERR,ERR,ERR,ERR,ERR,ERR,ERR,ERR,ERR,ERR,ERR,ERR,ERR,ERR,ERR,-107615136.0,-107616040.0,-107614896.0,2.7183478752108883e+23,-0.0,8.776912261763773e+19,0.483,6.814975985524102e+35,0,0,4,17318,7116,0.0,100,0.0,0.0,2.7183478752108883e+23,0.0,0.0,0,0,0,0,0.0,0,0,0,0,0,0,0,0,0,0,0,0,0,0,0,0,0,0,0,0,0,0,0,0,0,0,0,0,0,0,0,0,0,31,40,40,71,65476,0,300,0,0,8,21553,0.0,-107605600.0,0.0,0.0,0.0,0.0,0.0,0.0,0.0,0.0,0.0,0.0,0.0,0.0,0.0,0.0,0.0,0.0,0.0,0.0,0.0,0.0,0.0,-0.0,0.0,0.0,0.0,0.0,0.0,0.0,5387.0,-0.0,6929.0,-107615136.0,-107616040.0,2.004,2.004,0.0,0.0,0.0,0.0,69,-0.0,-0.0,0.0,0.0,0.0,0.0,0.0,0.0,0.0,0,0,0,0.0,0.0,0.0,0.0,0.0,0.0,0.0,0.0,0.0,0.0,0.0,0.0,0.0,0.0,0.0,0.0,0,-107875648.0,69,0.0,138,0.0,2.012,ERR,ERR,ERR,ERR,ERR,ERR,ERR,ERR,ERR,ERR,ERR,ERR,ERR,ERR,ERR,ERR,ERR,ERR,ERR,ERR,ERR,ERR,ERR,ERR,ERR,ERR,ERR,ERR,ERR,ERR,ERR,ERR,ERR,ERR,ERR,ERR,ERR,ERR,ERR,ERR,ERR,ERR,ERR,ERR,ERR,ERR,ERR,ERR,ERR,ERR,ERR,ERR,ERR,ERR,ERR,ERR,ERR,ERR,ERR,ERR,ERR,ERR,ERR,ERR,ERR,ERR,ERR,60.0,60.0,35,0.0,0.0,0.0,0.0,0.0,0.0,0.0,0.0,0.0,0.0,0.0,0.0,0.0,0.0,0.0,0.0,65.6,0,150,71,54,65476,0,65476,0,1,8,20529,65476,0,0,2621,60.0,0.0,0.0,0.0,0.0,0.0
2026-07-09T15:29:36,ERR,ERR,ERR,ERR,ERR,ERR,ERR,ERR,ERR,ERR,ERR,ERR,ERR,ERR,ERR,ERR,ERR,ERR,ERR,ERR,ERR,ERR,ERR,ERR,ERR,ERR,ERR,ERR,ERR,ERR,ERR,ERR,ERR,ERR,ERR,ERR,ERR,ERR,ERR,ERR,ERR,ERR,ERR,ERR,ERR,ERR,ERR,ERR,ERR,ERR,ERR,ERR,ERR,ERR,ERR,ERR,ERR,ERR,ERR,ERR,ERR,ERR,ERR,ERR,ERR,ERR,ERR,ERR,ERR,ERR,ERR,ERR,ERR,ERR,ERR,ERR,ERR,ERR,ERR,ERR,ERR,ERR,ERR,ERR,ERR,ERR,ERR,ERR,ERR,ERR,ERR,ERR,ERR,ERR,ERR,ERR,ERR,ERR,ERR,ERR,ERR,ERR,ERR,ERR,ERR,ERR,ERR,ERR,ERR,ERR,ERR,ERR,ERR,ERR,ERR,ERR,ERR,ERR,ERR,ERR,ERR,ERR,ERR,ERR,ERR,-107615136.0,-107616040.0,-107614896.0,2.7183478752108883e+23,-0.0,-0.0,9.815861909472569e+19,236193488.0,0,0,4,17318,7116,0.0,100,0.0,0.0,0.0,0.0,0.0,0,0,0,0,0.0,0,0,0,0,0,0,0,0,0,0,0,0,0,0,0,0,0,0,0,0,0,0,0,0,0,0,0,0,0,0,0,0,0,31,40,40,71,65476,0,300,0,0,8,21553,0.0,-107605600.0,0.0,0.0,0.0,0.0,0.0,0.0,0.0,0.0,0.0,0.0,0.0,0.0,0.0,0.0,0.0,0.0,0.0,0.0,0.0,0.0,0.0,-0.0,0.0,0.0,0.0,0.0,0.0,0.0,5407.0,0.0,6914.0,-107615136.0,-107616040.0,2.004,2.004,0.0,0.0,0.0,0.0,69,-4.066877836530946e+29,0.0,0.0,0.0,0.0,0.0,0.0,0.0,0.0,0,0,0,0.0,0.0,0.0,0.0,0.0,0.0,0.0,0.0,0.0,0.0,0.0,0.0,0.0,0.0,0.0,0.0,0,-107875648.0,69,0.0,138,0.0,2.012,ERR,ERR,ERR,ERR,ERR,ERR,ERR,ERR,ERR,ERR,ERR,ERR,ERR,ERR,ERR,ERR,ERR,ERR,ERR,ERR,ERR,ERR,ERR,ERR,ERR,ERR,ERR,ERR,ERR,ERR,ERR,ERR,ERR,ERR,ERR,ERR,ERR,ERR,ERR,ERR,ERR,ERR,ERR,ERR,ERR,ERR,ERR,ERR,ERR,ERR,ERR,ERR,ERR,ERR,ERR,ERR,ERR,ERR,ERR,ERR,ERR,ERR,ERR,ERR,ERR,ERR,ERR,60.0,60.0,35,0.0,0.0,0.0,0.0,0.0,0.0,0.0,0.0,0.0,0.0,0.0,0.0,0.0,0.0,0.0,0.0,64.8,0,150,71,54,65476,0,65476,0,1,8,20529,65476,0,0,2621,60.0,0.0,0.0,0.0,0.0,0.0
2026-07-09T15:29:37,ERR,ERR,ERR,ERR,ERR,ERR,ERR,ERR,ERR,ERR,ERR,ERR,ERR,ERR,ERR,ERR,ERR,ERR,ERR,ERR,ERR,ERR,ERR,ERR,ERR,ERR,ERR,ERR,ERR,ERR,ERR,ERR,ERR,ERR,ERR,ERR,ERR,ERR,ERR,ERR,ERR,ERR,ERR,ERR,ERR,ERR,ERR,ERR,ERR,ERR,ERR,ERR,ERR,ERR,ERR,ERR,ERR,ERR,ERR,ERR,ERR,ERR,ERR,ERR,ERR,ERR,ERR,ERR,ERR,ERR,ERR,ERR,ERR,ERR,ERR,ERR,ERR,ERR,ERR,ERR,ERR,ERR,ERR,ERR,ERR,ERR,ERR,ERR,ERR,ERR,ERR,ERR,ERR,ERR,ERR,ERR,ERR,ERR,ERR,ERR,ERR,ERR,ERR,ERR,ERR,ERR,ERR,ERR,ERR,ERR,ERR,ERR,ERR,ERR,ERR,ERR,ERR,ERR,ERR,ERR,ERR,ERR,ERR,ERR,ERR,-107615136.0,-107616040.0,-107614896.0,2.7183478752108883e+23,-0.0,-0.0,9.815861909472569e+19,236193488.0,0,0,4,17318,7116,0.0,100,0.0,0.0,0.0,0.0,0.0,0,0,0,0,0.0,0,0,0,0,0,0,0,0,0,0,0,0,0,0,0,0,0,0,0,0,0,0,0,0,0,0,0,0,0,0,0,0,0,31,40,40,71,65476,0,300,0,0,8,21553,0.0,-107605600.0,0.0,0.0,0.0,0.0,0.0,0.0,0.0,0.0,0.0,0.0,0.0,0.0,0.0,0.0,0.0,0.0,0.0,0.0,0.0,0.0,0.0,-0.0,0.0,0.0,0.0,0.0,0.0,0.0,5407.0,0.0,6914.0,-107615136.0,-107616040.0,2.004,2.004,0.0,0.0,0.0,0.0,69,-4.066877836530946e+29,0.0,0.0,0.0,0.0,0.0,0.0,0.0,0.0,0,0,0,0.0,0.0,0.0,0.0,0.0,0.0,0.0,0.0,0.0,0.0,0.0,0.0,0.0,0.0,0.0,0.0,0,-107875648.0,69,0.0,138,0.0,2.012,ERR,ERR,ERR,ERR,ERR,ERR,ERR,ERR,ERR,ERR,ERR,ERR,ERR,ERR,ERR,ERR,ERR,ERR,ERR,ERR,ERR,ERR,ERR,ERR,ERR,ERR,ERR,ERR,ERR,ERR,ERR,ERR,ERR,ERR,ERR,ERR,ERR,ERR,ERR,ERR,ERR,ERR,ERR,ERR,ERR,ERR,ERR,ERR,ERR,ERR,ERR,ERR,ERR,ERR,ERR,ERR,ERR,ERR,ERR,ERR,ERR,ERR,ERR,ERR,ERR,ERR,ERR,60.0,60.0,35,0.0,0.0,0.0,0.0,0.0,0.0,0.0,0.0,0.0,0.0,0.0,0.0,0.0,0.0,0.0,0.0,65.6,0,150,71,54,65476,0,65476,0,1,8,20529,65476,0,0,2621,60.0,0.0,0.0,0.0,0.0,0.0
2026-07-09T15:29:38,ERR,ERR,ERR,ERR,ERR,ERR,ERR,ERR,ERR,ERR,ERR,ERR,ERR,ERR,ERR,ERR,ERR,ERR,ERR,ERR,ERR,ERR,ERR,ERR,ERR,ERR,ERR,ERR,ERR,ERR,ERR,ERR,ERR,ERR,ERR,ERR,ERR,ERR,ERR,ERR,ERR,ERR,ERR,ERR,ERR,ERR,ERR,ERR,ERR,ERR,ERR,ERR,ERR,ERR,ERR,ERR,ERR,ERR,ERR,ERR,ERR,ERR,ERR,ERR,ERR,ERR,ERR,ERR,ERR,ERR,ERR,ERR,ERR,ERR,ERR,ERR,ERR,ERR,ERR,ERR,ERR,ERR,ERR,ERR,ERR,ERR,ERR,ERR,ERR,ERR,ERR,ERR,ERR,ERR,ERR,ERR,ERR,ERR,ERR,ERR,ERR,ERR,ERR,ERR,ERR,ERR,ERR,ERR,ERR,ERR,ERR,ERR,ERR,ERR,ERR,ERR,ERR,ERR,ERR,ERR,ERR,ERR,ERR,ERR,ERR,-107615136.0,-107616040.0,-107614896.0,2.7183478752108883e+23,-0.0,-0.0,9.815861909472569e+19,236193488.0,0,0,4,17318,7116,0.0,100,0.0,0.0,0.0,0.0,0.0,0,0,0,0,0.0,0,0,0,0,0,0,0,0,0,0,0,0,0,0,0,0,0,0,0,0,0,0,0,0,0,0,0,0,0,0,0,0,0,31,40,40,71,65476,0,300,0,0,8,21553,0.0,-107605600.0,0.0,0.0,0.0,0.0,0.0,0.0,0.0,0.0,0.0,0.0,0.0,0.0,0.0,0.0,0.0,0.0,0.0,0.0,0.0,0.0,0.0,-0.0,0.0,0.0,0.0,0.0,0.0,0.0,5407.0,0.0,6914.0,-107615136.0,-107616040.0,2.004,2.004,0.0,0.0,0.0,0.0,69,-4.066877836530946e+29,0.0,0.0,0.0,0.0,0.0,0.0,0.0,0.0,0,0,0,0.0,0.0,0.0,0.0,0.0,0.0,0.0,0.0,0.0,0.0,0.0,0.0,0.0,0.0,0.0,0.0,0,-107875648.0,69,0.0,138,0.0,2.012,ERR,ERR,ERR,ERR,ERR,ERR,ERR,ERR,ERR,ERR,ERR,ERR,ERR,ERR,ERR,ERR,ERR,ERR,ERR,ERR,ERR,ERR,ERR,ERR,ERR,ERR,ERR,ERR,ERR,ERR,ERR,ERR,ERR,ERR,ERR,ERR,ERR,ERR,ERR,ERR,ERR,ERR,ERR,ERR,ERR,ERR,ERR,ERR,ERR,ERR,ERR,ERR,ERR,ERR,ERR,ERR,ERR,ERR,ERR,ERR,ERR,ERR,ERR,ERR,ERR,ERR,ERR,60.0,60.0,35,0.0,0.0,0.0,0.0,0.0,0.0,0.0,0.0,0.0,0.0,0.0,0.0,0.0,0.0,0.0,0.0,65.6,0,150,71,54,65476,0,65476,0,1,8,20529,65476,0,0,2621,60.0,0.0,0.0,0.0,0.0,0.0
2026-07-09T15:29:39,ERR,ERR,ERR,ERR,ERR,ERR,ERR,ERR,ERR,ERR,ERR,ERR,ERR,ERR,ERR,ERR,ERR,ERR,ERR,ERR,ERR,ERR,ERR,ERR,ERR,ERR,ERR,ERR,ERR,ERR,ERR,ERR,ERR,ERR,ERR,ERR,ERR,ERR,ERR,ERR,ERR,ERR,ERR,ERR,ERR,ERR,ERR,ERR,ERR,ERR,ERR,ERR,ERR,ERR,ERR,ERR,ERR,ERR,ERR,ERR,ERR,ERR,ERR,ERR,ERR,ERR,ERR,ERR,ERR,ERR,ERR,ERR,ERR,ERR,ERR,ERR,ERR,ERR,ERR,ERR,ERR,ERR,ERR,ERR,ERR,ERR,ERR,ERR,ERR,ERR,ERR,ERR,ERR,ERR,ERR,ERR,ERR,ERR,ERR,ERR,ERR,ERR,ERR,ERR,ERR,ERR,ERR,ERR,ERR,ERR,ERR,ERR,ERR,ERR,ERR,ERR,ERR,ERR,ERR,ERR,ERR,ERR,ERR,ERR,ERR,-107615136.0,-107616040.0,-107614896.0,2.7183478752108883e+23,-0.0,-0.0,9.815861909472569e+19,236193488.0,0,0,4,17318,7116,0.0,100,0.0,0.0,0.0,0.0,0.0,0,0,0,0,0.0,0,0,0,0,0,0,0,0,0,0,0,0,0,0,0,0,0,0,0,0,0,0,0,0,0,0,0,0,0,0,0,0,0,31,40,40,71,65476,0,300,0,0,8,21553,0.0,-107605600.0,0.0,0.0,0.0,0.0,0.0,0.0,0.0,0.0,0.0,0.0,0.0,0.0,0.0,0.0,0.0,0.0,0.0,0.0,0.0,0.0,0.0,-0.0,0.0,0.0,0.0,0.0,0.0,0.0,5407.0,0.0,6914.0,-107615136.0,-107616040.0,2.004,2.004,0.0,0.0,0.0,0.0,69,-4.066877836530946e+29,0.0,0.0,0.0,0.0,0.0,0.0,0.0,0.0,0,0,0,0.0,0.0,0.0,0.0,0.0,0.0,0.0,0.0,0.0,0.0,0.0,0.0,0.0,0.0,0.0,0.0,0,-107875648.0,69,0.0,138,0.0,2.012,ERR,ERR,ERR,ERR,ERR,ERR,ERR,ERR,ERR,ERR,ERR,ERR,ERR,ERR,ERR,ERR,ERR,ERR,ERR,ERR,ERR,ERR,ERR,ERR,ERR,ERR,ERR,ERR,ERR,ERR,ERR,ERR,ERR,ERR,ERR,ERR,ERR,ERR,ERR,ERR,ERR,ERR,ERR,ERR,ERR,ERR,ERR,ERR,ERR,ERR,ERR,ERR,ERR,ERR,ERR,ERR,ERR,ERR,ERR,ERR,ERR,ERR,ERR,ERR,ERR,ERR,ERR,60.0,60.0,35,0.0,0.0,0.0,0.0,0.0,0.0,0.0,0.0,0.0,0.0,0.0,0.0,0.0,0.0,0.0,0.0,64.8,0,150,71,54,65476,0,65476,0,1,8,20529,65476,0,0,2621,60.0,0.0,0.0,0.0,0.0,0.0
2026-07-09T15:29:40,ERR,ERR,ERR,ERR,ERR,ERR,ERR,ERR,ERR,ERR,ERR,ERR,ERR,ERR,ERR,ERR,ERR,ERR,ERR,ERR,ERR,ERR,ERR,ERR,ERR,ERR,ERR,ERR,ERR,ERR,ERR,ERR,ERR,ERR,ERR,ERR,ERR,ERR,ERR,ERR,ERR,ERR,ERR,ERR,ERR,ERR,ERR,ERR,ERR,ERR,ERR,ERR,ERR,ERR,ERR,ERR,ERR,ERR,ERR,ERR,ERR,ERR,ERR,ERR,ERR,ERR,ERR,ERR,ERR,ERR,ERR,ERR,ERR,ERR,ERR,ERR,ERR,ERR,ERR,ERR,ERR,ERR,ERR,ERR,ERR,ERR,ERR,ERR,ERR,ERR,ERR,ERR,ERR,ERR,ERR,ERR,ERR,ERR,ERR,ERR,ERR,ERR,ERR,ERR,ERR,ERR,ERR,ERR,ERR,ERR,ERR,ERR,ERR,ERR,ERR,ERR,ERR,ERR,ERR,ERR,ERR,ERR,ERR,ERR,ERR,-107615136.0,-107616040.0,-107614896.0,2.7183478752108883e+23,-0.0,-0.0,9.815861909472569e+19,236193488.0,0,0,4,17318,7116,0.0,100,0.0,0.0,0.0,0.0,0.0,0,0,0,0,0.0,0,0,0,0,0,0,0,0,0,0,0,0,0,0,0,0,0,0,0,0,0,0,0,0,0,0,0,0,0,0,0,0,0,31,40,40,71,65476,0,300,0,0,8,21553,0.0,-107605600.0,0.0,0.0,0.0,0.0,0.0,0.0,0.0,0.0,0.0,0.0,0.0,0.0,0.0,0.0,0.0,0.0,0.0,0.0,0.0,0.0,0.0,-0.0,0.0,0.0,0.0,0.0,0.0,0.0,5407.0,0.0,6914.0,-107615136.0,-107616040.0,2.004,2.004,0.0,0.0,0.0,0.0,69,-4.066877836530946e+29,0.0,0.0,0.0,0.0,0.0,0.0,0.0,0.0,0,0,0,0.0,0.0,0.0,0.0,0.0,0.0,0.0,0.0,0.0,0.0,0.0,0.0,0.0,0.0,0.0,0.0,0,-107875648.0,69,0.0,138,0.0,2.012,ERR,ERR,ERR,ERR,ERR,ERR,ERR,ERR,ERR,ERR,ERR,ERR,ERR,ERR,ERR,ERR,ERR,ERR,ERR,ERR,ERR,ERR,ERR,ERR,ERR,ERR,ERR,ERR,ERR,ERR,ERR,ERR,ERR,ERR,ERR,ERR,ERR,ERR,ERR,ERR,ERR,ERR,ERR,ERR,ERR,ERR,ERR,ERR,ERR,ERR,ERR,ERR,ERR,ERR,ERR,ERR,ERR,ERR,ERR,ERR,ERR,ERR,ERR,ERR,ERR,ERR,ERR,60.0,60.0,35,0.0,0.0,0.0,0.0,0.0,0.0,0.0,0.0,0.0,0.0,0.0,0.0,0.0,0.0,0.0,0.0,64.8,0,150,71,54,65476,0,65476,0,1,8,20529,65476,0,0,2621,60.0,0.0,0.0,0.0,0.0,0.0
2026-07-09T15:29:41,ERR,ERR,ERR,ERR,ERR,ERR,ERR,ERR,ERR,ERR,ERR,ERR,ERR,ERR,ERR,ERR,ERR,ERR,ERR,ERR,ERR,ERR,ERR,ERR,ERR,ERR,ERR,ERR,ERR,ERR,ERR,ERR,ERR,ERR,ERR,ERR,ERR,ERR,ERR,ERR,ERR,ERR,ERR,ERR,ERR,ERR,ERR,ERR,ERR,ERR,ERR,ERR,ERR,ERR,ERR,ERR,ERR,ERR,ERR,ERR,ERR,ERR,ERR,ERR,ERR,ERR,ERR,ERR,ERR,ERR,ERR,ERR,ERR,ERR,ERR,ERR,ERR,ERR,ERR,ERR,ERR,ERR,ERR,ERR,ERR,ERR,ERR,ERR,ERR,ERR,ERR,ERR,ERR,ERR,ERR,ERR,ERR,ERR,ERR,ERR,ERR,ERR,ERR,ERR,ERR,ERR,ERR,ERR,ERR,ERR,ERR,ERR,ERR,ERR,ERR,ERR,ERR,ERR,ERR,ERR,ERR,ERR,ERR,ERR,ERR,-107615136.0,-107616040.0,-107614896.0,2.7183478752108883e+23,-0.0,-0.0,9.815861909472569e+19,236193488.0,0,0,4,17318,7116,0.0,100,0.0,0.0,0.0,0.0,0.0,0,0,0,0,0.0,0,0,0,0,0,0,0,0,0,0,0,0,0,0,0,0,0,0,0,0,0,0,0,0,0,0,0,0,0,0,0,0,0,31,40,40,71,65476,0,300,0,0,8,21553,0.0,-107605600.0,0.0,0.0,0.0,0.0,0.0,0.0,0.0,0.0,0.0,0.0,0.0,0.0,0.0,0.0,0.0,0.0,0.0,0.0,0.0,0.0,0.0,-0.0,0.0,0.0,0.0,0.0,0.0,0.0,5407.0,0.0,6914.0,-107615136.0,-107616040.0,2.004,2.004,0.0,0.0,0.0,0.0,69,-4.066877836530946e+29,0.0,0.0,0.0,0.0,0.0,0.0,0.0,0.0,0,0,0,0.0,0.0,0.0,0.0,0.0,0.0,0.0,0.0,0.0,0.0,0.0,0.0,0.0,0.0,0.0,0.0,0,-107875648.0,69,0.0,138,0.0,2.012,ERR,ERR,ERR,ERR,ERR,ERR,ERR,ERR,ERR,ERR,ERR,ERR,ERR,ERR,ERR,ERR,ERR,ERR,ERR,ERR,ERR,ERR,ERR,ERR,ERR,ERR,ERR,ERR,ERR,ERR,ERR,ERR,ERR,ERR,ERR,ERR,ERR,ERR,ERR,ERR,ERR,ERR,ERR,ERR,ERR,ERR,ERR,ERR,ERR,ERR,ERR,ERR,ERR,ERR,ERR,ERR,ERR,ERR,ERR,ERR,ERR,ERR,ERR,ERR,ERR,ERR,ERR,60.0,60.0,35,0.0,0.0,0.0,0.0,0.0,0.0,0.0,0.0,0.0,0.0,0.0,0.0,0.0,0.0,0.0,0.0,65.6,0,150,71,54,65476,0,65476,0,1,8,20529,65476,0,0,2621,60.0,0.0,0.0,0.0,0.0,0.0
2026-07-09T15:29:42,ERR,ERR,ERR,ERR,ERR,ERR,ERR,ERR,ERR,ERR,ERR,ERR,ERR,ERR,ERR,ERR,ERR,ERR,ERR,ERR,ERR,ERR,ERR,ERR,ERR,ERR,ERR,ERR,ERR,ERR,ERR,ERR,ERR,ERR,ERR,ERR,ERR,ERR,ERR,ERR,ERR,ERR,ERR,ERR,ERR,ERR,ERR,ERR,ERR,ERR,ERR,ERR,ERR,ERR,ERR,ERR,ERR,ERR,ERR,ERR,ERR,ERR,ERR,ERR,ERR,ERR,ERR,ERR,ERR,ERR,ERR,ERR,ERR,ERR,ERR,ERR,ERR,ERR,ERR,ERR,ERR,ERR,ERR,ERR,ERR,ERR,ERR,ERR,ERR,ERR,ERR,ERR,ERR,ERR,ERR,ERR,ERR,ERR,ERR,ERR,ERR,ERR,ERR,ERR,ERR,ERR,ERR,ERR,ERR,ERR,ERR,ERR,ERR,ERR,ERR,ERR,ERR,ERR,ERR,ERR,ERR,ERR,ERR,ERR,ERR,-107615136.0,0.0,-0.0,0.0,-0.0,-99.628,-0.0,0.0,0,0,4,17316,7116,0.0,100,0.0,0.0,0.0,0.0,0.0,0,0,0,0,0.0,0,0,0,0,0,0,0,0,0,0,0,0,0,0,0,0,0,0,0,0,0,0,0,0,0,0,0,0,0,0,0,0,0,31,40,40,71,65476,0,300,0,0,8,21553,0.0,-107605600.0,0.0,0.0,0.0,0.0,0.0,0.0,0.0,0.0,0.0,0.0,0.0,0.0,0.0,0.0,0.0,0.0,0.0,0.0,0.0,0.0,0.0,-3.697067826173549e+19,0.0,0.0,0.0,0.0,0.0,0.0,5367.0,-0.0,6932.0,-107615136.0,0.0,2.004,2.004,0.0,0.0,0.0,0.0,69,3.2220267480110635e+26,-0.0,0.0,0.0,0.0,0.0,0.0,0.0,0.0,0,0,0,0.0,0.0,0.0,0.0,0.0,0.0,0.0,0.0,0.0,0.0,0.0,0.0,0.0,0.0,0.0,0.0,0,-107875648.0,69,0.0,138,0.0,2.012,ERR,ERR,ERR,ERR,ERR,ERR,ERR,ERR,ERR,ERR,ERR,ERR,ERR,ERR,ERR,ERR,ERR,ERR,ERR,ERR,ERR,ERR,ERR,ERR,ERR,ERR,ERR,ERR,ERR,ERR,ERR,ERR,ERR,ERR,ERR,ERR,ERR,ERR,ERR,ERR,ERR,ERR,ERR,ERR,ERR,ERR,ERR,ERR,ERR,ERR,ERR,ERR,ERR,ERR,ERR,ERR,ERR,ERR,ERR,ERR,ERR,ERR,ERR,ERR,ERR,ERR,ERR,60.0,60.0,35,0.0,0.0,0.0,0.0,0.0,0.0,0.0,0.0,0.0,0.0,0.0,0.0,0.0,0.0,0.0,0.0,65.6,0,150,71,55,65476,0,65476,0,1,8,20529,65476,0,0,2621,60.0,0.0,0.0,0.0,0.0,0.0
2026-07-09T15:29:43,ERR,ERR,ERR,ERR,ERR,ERR,ERR,ERR,ERR,ERR,ERR,ERR,ERR,ERR,ERR,ERR,ERR,ERR,ERR,ERR,ERR,ERR,ERR,ERR,ERR,ERR,ERR,ERR,ERR,ERR,ERR,ERR,ERR,ERR,ERR,ERR,ERR,ERR,ERR,ERR,ERR,ERR,ERR,ERR,ERR,ERR,ERR,ERR,ERR,ERR,ERR,ERR,ERR,ERR,ERR,ERR,ERR,ERR,ERR,ERR,ERR,ERR,ERR,ERR,ERR,ERR,ERR,ERR,ERR,ERR,ERR,ERR,ERR,ERR,ERR,ERR,ERR,ERR,ERR,ERR,ERR,ERR,ERR,ERR,ERR,ERR,ERR,ERR,ERR,ERR,ERR,ERR,ERR,ERR,ERR,ERR,ERR,ERR,ERR,ERR,ERR,ERR,ERR,ERR,ERR,ERR,ERR,ERR,ERR,ERR,ERR,ERR,ERR,ERR,ERR,ERR,ERR,ERR,ERR,ERR,ERR,ERR,ERR,ERR,ERR,-107615136.0,0.0,-0.0,0.0,-0.0,-99.628,-0.0,0.0,0,0,4,17316,7116,0.0,100,0.0,0.0,0.0,0.0,0.0,0,0,0,0,0.0,0,0,0,0,0,0,0,0,0,0,0,0,0,0,0,0,0,0,0,0,0,0,0,0,0,0,0,0,0,0,0,0,0,31,40,40,71,65476,0,300,0,0,8,21553,0.0,-107605600.0,0.0,0.0,0.0,0.0,0.0,0.0,0.0,0.0,0.0,0.0,0.0,0.0,0.0,0.0,0.0,0.0,0.0,0.0,0.0,0.0,0.0,-3.697067826173549e+19,0.0,0.0,0.0,0.0,0.0,0.0,5367.0,-0.0,6932.0,-107615136.0,0.0,2.004,2.004,0.0,0.0,0.0,0.0,69,3.2220267480110635e+26,-0.0,0.0,0.0,0.0,0.0,0.0,0.0,0.0,0,0,0,0.0,0.0,0.0,0.0,0.0,0.0,0.0,0.0,0.0,0.0,0.0,0.0,0.0,0.0,0.0,0.0,0,-107875648.0,69,0.0,138,0.0,2.012,ERR,ERR,ERR,ERR,ERR,ERR,ERR,ERR,ERR,ERR,ERR,ERR,ERR,ERR,ERR,ERR,ERR,ERR,ERR,ERR,ERR,ERR,ERR,ERR,ERR,ERR,ERR,ERR,ERR,ERR,ERR,ERR,ERR,ERR,ERR,ERR,ERR,ERR,ERR,ERR,ERR,ERR,ERR,ERR,ERR,ERR,ERR,ERR,ERR,ERR,ERR,ERR,ERR,ERR,ERR,ERR,ERR,ERR,ERR,ERR,ERR,ERR,ERR,ERR,ERR,ERR,ERR,60.0,60.0,35,0.0,0.0,0.0,0.0,0.0,0.0,0.0,0.0,0.0,0.0,0.0,0.0,0.0,0.0,0.0,0.0,65.6,0,150,71,55,65476,0,65476,0,1,8,20529,65476,0,0,2621,60.0,0.0,0.0,0.0,0.0,0.0
2026-07-09T15:29:44,ERR,ERR,ERR,ERR,ERR,ERR,ERR,ERR,ERR,ERR,ERR,ERR,ERR,ERR,ERR,ERR,ERR,ERR,ERR,ERR,ERR,ERR,ERR,ERR,ERR,ERR,ERR,ERR,ERR,ERR,ERR,ERR,ERR,ERR,ERR,ERR,ERR,ERR,ERR,ERR,ERR,ERR,ERR,ERR,ERR,ERR,ERR,ERR,ERR,ERR,ERR,ERR,ERR,ERR,ERR,ERR,ERR,ERR,ERR,ERR,ERR,ERR,ERR,ERR,ERR,ERR,ERR,ERR,ERR,ERR,ERR,ERR,ERR,ERR,ERR,ERR,ERR,ERR,ERR,ERR,ERR,ERR,ERR,ERR,ERR,ERR,ERR,ERR,ERR,ERR,ERR,ERR,ERR,ERR,ERR,ERR,ERR,ERR,ERR,ERR,ERR,ERR,ERR,ERR,ERR,ERR,ERR,ERR,ERR,ERR,ERR,ERR,ERR,ERR,ERR,ERR,ERR,ERR,ERR,ERR,ERR,ERR,ERR,ERR,ERR,-107615136.0,0.0,-0.0,0.0,-0.0,-99.628,-0.0,0.0,0,0,4,17316,7116,0.0,100,0.0,0.0,0.0,0.0,0.0,0,0,0,0,0.0,0,0,0,0,0,0,0,0,0,0,0,0,0,0,0,0,0,0,0,0,0,0,0,0,0,0,0,0,0,0,0,0,0,31,40,40,71,65476,0,300,0,0,8,21553,0.0,-107605600.0,0.0,0.0,0.0,0.0,0.0,0.0,0.0,0.0,0.0,0.0,0.0,0.0,0.0,0.0,0.0,0.0,0.0,0.0,0.0,0.0,0.0,-3.697067826173549e+19,0.0,0.0,0.0,0.0,0.0,0.0,5367.0,-0.0,6932.0,-107615136.0,0.0,2.004,2.004,0.0,0.0,0.0,0.0,69,3.2220267480110635e+26,-0.0,0.0,0.0,0.0,0.0,0.0,0.0,0.0,0,0,0,0.0,0.0,0.0,0.0,0.0,0.0,0.0,0.0,0.0,0.0,0.0,0.0,0.0,0.0,0.0,0.0,0,-107875648.0,69,0.0,138,0.0,2.012,ERR,ERR,ERR,ERR,ERR,ERR,ERR,ERR,ERR,ERR,ERR,ERR,ERR,ERR,ERR,ERR,ERR,ERR,ERR,ERR,ERR,ERR,ERR,ERR,ERR,ERR,ERR,ERR,ERR,ERR,ERR,ERR,ERR,ERR,ERR,ERR,ERR,ERR,ERR,ERR,ERR,ERR,ERR,ERR,ERR,ERR,ERR,ERR,ERR,ERR,ERR,ERR,ERR,ERR,ERR,ERR,ERR,ERR,ERR,ERR,ERR,ERR,ERR,ERR,ERR,ERR,ERR,60.0,60.0,35,0.0,0.0,0.0,0.0,0.0,0.0,0.0,0.0,0.0,0.0,0.0,0.0,0.0,0.0,0.0,0.0,64.8,0,150,71,55,65476,0,65476,0,1,8,20529,65476,0,0,2621,60.0,0.0,0.0,0.0,0.0,0.0
2026-07-09T15:29:45,ERR,ERR,ERR,ERR,ERR,ERR,ERR,ERR,ERR,ERR,ERR,ERR,ERR,ERR,ERR,ERR,ERR,ERR,ERR,ERR,ERR,ERR,ERR,ERR,ERR,ERR,ERR,ERR,ERR,ERR,ERR,ERR,ERR,ERR,ERR,ERR,ERR,ERR,ERR,ERR,ERR,ERR,ERR,ERR,ERR,ERR,ERR,ERR,ERR,ERR,ERR,ERR,ERR,ERR,ERR,ERR,ERR,ERR,ERR,ERR,ERR,ERR,ERR,ERR,ERR,ERR,ERR,ERR,ERR,ERR,ERR,ERR,ERR,ERR,ERR,ERR,ERR,ERR,ERR,ERR,ERR,ERR,ERR,ERR,ERR,ERR,ERR,ERR,ERR,ERR,ERR,ERR,ERR,ERR,ERR,ERR,ERR,ERR,ERR,ERR,ERR,ERR,ERR,ERR,ERR,ERR,ERR,ERR,ERR,ERR,ERR,ERR,ERR,ERR,ERR,ERR,ERR,ERR,ERR,ERR,ERR,ERR,ERR,ERR,ERR,-107615136.0,0.0,-0.0,0.0,-0.0,-99.628,-0.0,0.0,0,0,4,17316,7116,0.0,100,0.0,0.0,0.0,0.0,0.0,0,0,0,0,0.0,0,0,0,0,0,0,0,0,0,0,0,0,0,0,0,0,0,0,0,0,0,0,0,0,0,0,0,0,0,0,0,0,0,31,40,40,71,65476,0,300,0,0,8,21553,0.0,-107605600.0,0.0,0.0,0.0,0.0,0.0,0.0,0.0,0.0,0.0,0.0,0.0,0.0,0.0,0.0,0.0,0.0,0.0,0.0,0.0,0.0,0.0,-3.697067826173549e+19,0.0,0.0,0.0,0.0,0.0,0.0,5367.0,-0.0,6932.0,-107615136.0,0.0,2.004,2.004,0.0,0.0,0.0,0.0,69,3.2220267480110635e+26,-0.0,0.0,0.0,0.0,0.0,0.0,0.0,0.0,0,0,0,0.0,0.0,0.0,0.0,0.0,0.0,0.0,0.0,0.0,0.0,0.0,0.0,0.0,0.0,0.0,0.0,0,-107875648.0,69,0.0,138,0.0,2.012,ERR,ERR,ERR,ERR,ERR,ERR,ERR,ERR,ERR,ERR,ERR,ERR,ERR,ERR,ERR,ERR,ERR,ERR,ERR,ERR,ERR,ERR,ERR,ERR,ERR,ERR,ERR,ERR,ERR,ERR,ERR,ERR,ERR,ERR,ERR,ERR,ERR,ERR,ERR,ERR,ERR,ERR,ERR,ERR,ERR,ERR,ERR,ERR,ERR,ERR,ERR,ERR,ERR,ERR,ERR,ERR,ERR,ERR,ERR,ERR,ERR,ERR,ERR,ERR,ERR,ERR,ERR,60.0,60.0,35,0.0,0.0,0.0,0.0,0.0,0.0,0.0,0.0,0.0,0.0,0.0,0.0,0.0,0.0,0.0,0.0,64.8,0,150,71,55,65476,0,65476,0,1,8,20529,65476,0,0,2621,60.0,0.0,0.0,0.0,0.0,0.0
2026-07-09T15:29:46,ERR,ERR,ERR,ERR,ERR,ERR,ERR,ERR,ERR,ERR,ERR,ERR,ERR,ERR,ERR,ERR,ERR,ERR,ERR,ERR,ERR,ERR,ERR,ERR,ERR,ERR,ERR,ERR,ERR,ERR,ERR,ERR,ERR,ERR,ERR,ERR,ERR,ERR,ERR,ERR,ERR,ERR,ERR,ERR,ERR,ERR,ERR,ERR,ERR,ERR,ERR,ERR,ERR,ERR,ERR,ERR,ERR,ERR,ERR,ERR,ERR,ERR,ERR,ERR,ERR,ERR,ERR,ERR,ERR,ERR,ERR,ERR,ERR,ERR,ERR,ERR,ERR,ERR,ERR,ERR,ERR,ERR,ERR,ERR,ERR,ERR,ERR,ERR,ERR,ERR,ERR,ERR,ERR,ERR,ERR,ERR,ERR,ERR,ERR,ERR,ERR,ERR,ERR,ERR,ERR,ERR,ERR,ERR,ERR,ERR,ERR,ERR,ERR,ERR,ERR,ERR,ERR,ERR,ERR,ERR,ERR,ERR,ERR,ERR,ERR,-107615136.0,0.0,-0.0,0.0,-0.0,-99.628,-0.0,0.0,0,0,4,17316,7116,0.0,100,0.0,0.0,0.0,0.0,0.0,0,0,0,0,0.0,0,0,0,0,0,0,0,0,0,0,0,0,0,0,0,0,0,0,0,0,0,0,0,0,0,0,0,0,0,0,0,0,0,31,40,40,71,65476,0,300,0,0,8,21553,0.0,-107605600.0,0.0,0.0,0.0,0.0,0.0,0.0,0.0,0.0,0.0,0.0,0.0,0.0,0.0,0.0,0.0,0.0,0.0,0.0,0.0,0.0,0.0,-3.697067826173549e+19,0.0,0.0,0.0,0.0,0.0,0.0,5367.0,-0.0,6932.0,-107615136.0,0.0,2.004,2.004,0.0,0.0,0.0,0.0,69,3.2220267480110635e+26,-0.0,0.0,0.0,0.0,0.0,0.0,0.0,0.0,0,0,0,0.0,0.0,0.0,0.0,0.0,0.0,0.0,0.0,0.0,0.0,0.0,0.0,0.0,0.0,0.0,0.0,0,-107875648.0,69,0.0,138,0.0,2.012,ERR,ERR,ERR,ERR,ERR,ERR,ERR,ERR,ERR,ERR,ERR,ERR,ERR,ERR,ERR,ERR,ERR,ERR,ERR,ERR,ERR,ERR,ERR,ERR,ERR,ERR,ERR,ERR,ERR,ERR,ERR,ERR,ERR,ERR,ERR,ERR,ERR,ERR,ERR,ERR,ERR,ERR,ERR,ERR,ERR,ERR,ERR,ERR,ERR,ERR,ERR,ERR,ERR,ERR,ERR,ERR,ERR,ERR,ERR,ERR,ERR,ERR,ERR,ERR,ERR,ERR,ERR,60.0,60.0,35,0.0,0.0,0.0,0.0,0.0,0.0,0.0,0.0,0.0,0.0,0.0,0.0,0.0,0.0,0.0,0.0,65.6,0,150,71,55,65476,0,65476,0,1,8,20529,65476,0,0,2621,60.0,0.0,0.0,0.0,0.0,0.0
2026-07-09T15:29:47,ERR,ERR,ERR,ERR,ERR,ERR,ERR,ERR,ERR,ERR,ERR,ERR,ERR,ERR,ERR,ERR,ERR,ERR,ERR,ERR,ERR,ERR,ERR,ERR,ERR,ERR,ERR,ERR,ERR,ERR,ERR,ERR,ERR,ERR,ERR,ERR,ERR,ERR,ERR,ERR,ERR,ERR,ERR,ERR,ERR,ERR,ERR,ERR,ERR,ERR,ERR,ERR,ERR,ERR,ERR,ERR,ERR,ERR,ERR,ERR,ERR,ERR,ERR,ERR,ERR,ERR,ERR,ERR,ERR,ERR,ERR,ERR,ERR,ERR,ERR,ERR,ERR,ERR,ERR,ERR,ERR,ERR,ERR,ERR,ERR,ERR,ERR,ERR,ERR,ERR,ERR,ERR,ERR,ERR,ERR,ERR,ERR,ERR,ERR,ERR,ERR,ERR,ERR,ERR,ERR,ERR,ERR,ERR,ERR,ERR,ERR,ERR,ERR,ERR,ERR,ERR,ERR,ERR,ERR,ERR,ERR,ERR,ERR,ERR,ERR,-107615136.0,0.0,-0.0,0.0,-0.0,-0.0,0.001,0.0,0,0,4,17319,7116,0.0,100,0.0,0.0,0.0,0.0,0.0,0,0,0,0,0.0,0,0,0,0,0,0,0,0,0,0,0,0,0,0,0,0,0,0,0,0,0,0,0,0,0,0,0,0,0,0,0,0,0,31,40,40,71,65476,0,300,0,0,8,21553,0.0,-107605600.0,0.0,0.0,0.0,0.0,0.0,0.0,0.0,0.0,0.0,0.0,0.0,0.0,0.0,0.0,0.0,0.0,0.0,0.0,0.0,0.0,0.0,-3.697067826173549e+19,0.0,0.0,0.0,0.0,0.0,0.0,5354.0,564146571575296.0,6923.0,-107615136.0,0.0,2.004,2.004,0.0,0.0,0.0,0.0,69,-107615304.0,0.0,0.0,0.0,0.0,0.0,0.0,0.0,0.0,0,0,0,0.0,0.0,0.0,0.0,0.0,0.0,0.0,0.0,0.0,0.0,0.0,0.0,0.0,0.0,0.0,0.0,0,-107875648.0,69,0.0,138,0.0,2.012,ERR,ERR,ERR,ERR,ERR,ERR,ERR,ERR,ERR,ERR,ERR,ERR,ERR,ERR,ERR,ERR,ERR,ERR,ERR,ERR,ERR,ERR,ERR,ERR,ERR,ERR,ERR,ERR,ERR,ERR,ERR,ERR,ERR,ERR,ERR,ERR,ERR,ERR,ERR,ERR,ERR,ERR,ERR,ERR,ERR,ERR,ERR,ERR,ERR,ERR,ERR,ERR,ERR,ERR,ERR,ERR,ERR,ERR,ERR,ERR,ERR,ERR,ERR,ERR,ERR,ERR,ERR,60.0,60.0,35,0.0,0.0,0.0,0.0,0.0,0.0,0.0,0.0,0.0,0.0,0.0,0.0,0.0,0.0,0.0,0.0,65.6,0,150,71,55,65476,0,65476,0,1,8,20529,65476,0,0,2621,60.0,0.0,0.0,0.0,0.0,0.0
2026-07-09T15:29:48,ERR,ERR,ERR,ERR,ERR,ERR,ERR,ERR,ERR,ERR,ERR,ERR,ERR,ERR,ERR,ERR,ERR,ERR,ERR,ERR,ERR,ERR,ERR,ERR,ERR,ERR,ERR,ERR,ERR,ERR,ERR,ERR,ERR,ERR,ERR,ERR,ERR,ERR,ERR,ERR,ERR,ERR,ERR,ERR,ERR,ERR,ERR,ERR,ERR,ERR,ERR,ERR,ERR,ERR,ERR,ERR,ERR,ERR,ERR,ERR,ERR,ERR,ERR,ERR,ERR,ERR,ERR,ERR,ERR,ERR,ERR,ERR,ERR,ERR,ERR,ERR,ERR,ERR,ERR,ERR,ERR,ERR,ERR,ERR,ERR,ERR,ERR,ERR,ERR,ERR,ERR,ERR,ERR,ERR,ERR,ERR,ERR,ERR,ERR,ERR,ERR,ERR,ERR,ERR,ERR,ERR,ERR,ERR,ERR,ERR,ERR,ERR,ERR,ERR,ERR,ERR,ERR,ERR,ERR,ERR,ERR,ERR,ERR,ERR,ERR,-107615136.0,0.0,-0.0,0.0,-0.0,-0.0,0.001,0.0,0,0,4,17319,7116,0.0,100,0.0,0.0,0.0,0.0,0.0,0,0,0,0,0.0,0,0,0,0,0,0,0,0,0,0,0,0,0,0,0,0,0,0,0,0,0,0,0,0,0,0,0,0,0,0,0,0,0,31,40,40,71,65476,0,300,0,0,8,21553,0.0,-107605600.0,0.0,0.0,0.0,0.0,0.0,0.0,0.0,0.0,0.0,0.0,0.0,0.0,0.0,0.0,0.0,0.0,0.0,0.0,0.0,0.0,0.0,-3.697067826173549e+19,0.0,0.0,0.0,0.0,0.0,0.0,5354.0,564146571575296.0,6923.0,-107615136.0,0.0,2.004,2.004,0.0,0.0,0.0,0.0,69,-107615304.0,0.0,0.0,0.0,0.0,0.0,0.0,0.0,0.0,0,0,0,0.0,0.0,0.0,0.0,0.0,0.0,0.0,0.0,0.0,0.0,0.0,0.0,0.0,0.0,0.0,0.0,0,-107875648.0,69,0.0,138,0.0,2.012,ERR,ERR,ERR,ERR,ERR,ERR,ERR,ERR,ERR,ERR,ERR,ERR,ERR,ERR,ERR,ERR,ERR,ERR,ERR,ERR,ERR,ERR,ERR,ERR,ERR,ERR,ERR,ERR,ERR,ERR,ERR,ERR,ERR,ERR,ERR,ERR,ERR,ERR,ERR,ERR,ERR,ERR,ERR,ERR,ERR,ERR,ERR,ERR,ERR,ERR,ERR,ERR,ERR,ERR,ERR,ERR,ERR,ERR,ERR,ERR,ERR,ERR,ERR,ERR,ERR,ERR,ERR,60.0,60.0,35,0.0,0.0,0.0,0.0,0.0,0.0,0.0,0.0,0.0,0.0,0.0,0.0,0.0,0.0,0.0,0.0,65.6,0,150,71,55,65476,0,65476,0,1,8,20529,65476,0,0,2621,60.0,0.0,0.0,0.0,0.0,0.0
2026-07-09T15:29:49,ERR,ERR,ERR,ERR,ERR,ERR,ERR,ERR,ERR,ERR,ERR,ERR,ERR,ERR,ERR,ERR,ERR,ERR,ERR,ERR,ERR,ERR,ERR,ERR,ERR,ERR,ERR,ERR,ERR,ERR,ERR,ERR,ERR,ERR,ERR,ERR,ERR,ERR,ERR,ERR,ERR,ERR,ERR,ERR,ERR,ERR,ERR,ERR,ERR,ERR,ERR,ERR,ERR,ERR,ERR,ERR,ERR,ERR,ERR,ERR,ERR,ERR,ERR,ERR,ERR,ERR,ERR,ERR,ERR,ERR,ERR,ERR,ERR,ERR,ERR,ERR,ERR,ERR,ERR,ERR,ERR,ERR,ERR,ERR,ERR,ERR,ERR,ERR,ERR,ERR,ERR,ERR,ERR,ERR,ERR,ERR,ERR,ERR,ERR,ERR,ERR,ERR,ERR,ERR,ERR,ERR,ERR,ERR,ERR,ERR,ERR,ERR,ERR,ERR,ERR,ERR,ERR,ERR,ERR,ERR,ERR,ERR,ERR,ERR,ERR,-107615136.0,0.0,-0.0,0.0,-0.0,-0.0,0.001,0.0,0,0,4,17319,7116,0.0,100,0.0,0.0,0.0,0.0,0.0,0,0,0,0,0.0,0,0,0,0,0,0,0,0,0,0,0,0,0,0,0,0,0,0,0,0,0,0,0,0,0,0,0,0,0,0,0,0,0,31,40,40,71,65476,0,300,0,0,8,21553,0.0,-107605600.0,0.0,0.0,0.0,0.0,0.0,0.0,0.0,0.0,0.0,0.0,0.0,0.0,0.0,0.0,0.0,0.0,0.0,0.0,0.0,0.0,0.0,-3.697067826173549e+19,0.0,0.0,0.0,0.0,0.0,0.0,5354.0,564146571575296.0,6923.0,-107615136.0,0.0,2.004,2.004,0.0,0.0,0.0,0.0,69,-107615304.0,0.0,0.0,0.0,0.0,0.0,0.0,0.0,0.0,0,0,0,0.0,0.0,0.0,0.0,0.0,0.0,0.0,0.0,0.0,0.0,0.0,0.0,0.0,0.0,0.0,0.0,0,-107875648.0,69,0.0,138,0.0,2.012,ERR,ERR,ERR,ERR,ERR,ERR,ERR,ERR,ERR,ERR,ERR,ERR,ERR,ERR,ERR,ERR,ERR,ERR,ERR,ERR,ERR,ERR,ERR,ERR,ERR,ERR,ERR,ERR,ERR,ERR,ERR,ERR,ERR,ERR,ERR,ERR,ERR,ERR,ERR,ERR,ERR,ERR,ERR,ERR,ERR,ERR,ERR,ERR,ERR,ERR,ERR,ERR,ERR,ERR,ERR,ERR,ERR,ERR,ERR,ERR,ERR,ERR,ERR,ERR,ERR,ERR,ERR,60.0,60.0,35,0.0,0.0,0.0,0.0,0.0,0.0,0.0,0.0,0.0,0.0,0.0,0.0,0.0,0.0,0.0,0.0,64.8,0,150,71,55,65476,0,65476,0,1,8,20529,65476,0,0,2621,60.0,0.0,0.0,0.0,0.0,0.0
2026-07-09T15:29:50,ERR,ERR,ERR,ERR,ERR,ERR,ERR,ERR,ERR,ERR,ERR,ERR,ERR,ERR,ERR,ERR,ERR,ERR,ERR,ERR,ERR,ERR,ERR,ERR,ERR,ERR,ERR,ERR,ERR,ERR,ERR,ERR,ERR,ERR,ERR,ERR,ERR,ERR,ERR,ERR,ERR,ERR,ERR,ERR,ERR,ERR,ERR,ERR,ERR,ERR,ERR,ERR,ERR,ERR,ERR,ERR,ERR,ERR,ERR,ERR,ERR,ERR,ERR,ERR,ERR,ERR,ERR,ERR,ERR,ERR,ERR,ERR,ERR,ERR,ERR,ERR,ERR,ERR,ERR,ERR,ERR,ERR,ERR,ERR,ERR,ERR,ERR,ERR,ERR,ERR,ERR,ERR,ERR,ERR,ERR,ERR,ERR,ERR,ERR,ERR,ERR,ERR,ERR,ERR,ERR,ERR,ERR,ERR,ERR,ERR,ERR,ERR,ERR,ERR,ERR,ERR,ERR,ERR,ERR,ERR,ERR,ERR,ERR,ERR,ERR,-107615136.0,0.0,-0.0,0.0,-0.0,-0.0,0.001,0.0,0,0,4,17319,7116,0.0,100,0.0,0.0,0.0,0.0,0.0,0,0,0,0,0.0,0,0,0,0,0,0,0,0,0,0,0,0,0,0,0,0,0,0,0,0,0,0,0,0,0,0,0,0,0,0,0,0,0,31,40,40,71,65476,0,300,0,0,8,21553,0.0,-107605600.0,0.0,0.0,0.0,0.0,0.0,0.0,0.0,0.0,0.0,0.0,0.0,0.0,0.0,0.0,0.0,0.0,0.0,0.0,0.0,0.0,0.0,-3.697067826173549e+19,0.0,0.0,0.0,0.0,0.0,0.0,5354.0,564146571575296.0,6923.0,-107615136.0,0.0,2.004,2.004,0.0,0.0,0.0,0.0,69,-107615304.0,0.0,0.0,0.0,0.0,0.0,0.0,0.0,0.0,0,0,0,0.0,0.0,0.0,0.0,0.0,0.0,0.0,0.0,0.0,0.0,0.0,0.0,0.0,0.0,0.0,0.0,0,-107875648.0,69,0.0,138,0.0,2.012,ERR,ERR,ERR,ERR,ERR,ERR,ERR,ERR,ERR,ERR,ERR,ERR,ERR,ERR,ERR,ERR,ERR,ERR,ERR,ERR,ERR,ERR,ERR,ERR,ERR,ERR,ERR,ERR,ERR,ERR,ERR,ERR,ERR,ERR,ERR,ERR,ERR,ERR,ERR,ERR,ERR,ERR,ERR,ERR,ERR,ERR,ERR,ERR,ERR,ERR,ERR,ERR,ERR,ERR,ERR,ERR,ERR,ERR,ERR,ERR,ERR,ERR,ERR,ERR,ERR,ERR,ERR,60.0,60.0,35,0.0,0.0,0.0,0.0,0.0,0.0,0.0,0.0,0.0,0.0,0.0,0.0,0.0,0.0,0.0,0.0,64.8,0,150,71,55,65476,0,65476,0,1,8,20529,65476,0,0,2621,60.0,0.0,0.0,0.0,0.0,0.0
2026-07-09T15:29:51,ERR,ERR,ERR,ERR,ERR,ERR,ERR,ERR,ERR,ERR,ERR,ERR,ERR,ERR,ERR,ERR,ERR,ERR,ERR,ERR,ERR,ERR,ERR,ERR,ERR,ERR,ERR,ERR,ERR,ERR,ERR,ERR,ERR,ERR,ERR,ERR,ERR,ERR,ERR,ERR,ERR,ERR,ERR,ERR,ERR,ERR,ERR,ERR,ERR,ERR,ERR,ERR,ERR,ERR,ERR,ERR,ERR,ERR,ERR,ERR,ERR,ERR,ERR,ERR,ERR,ERR,ERR,ERR,ERR,ERR,ERR,ERR,ERR,ERR,ERR,ERR,ERR,ERR,ERR,ERR,ERR,ERR,ERR,ERR,ERR,ERR,ERR,ERR,ERR,ERR,ERR,ERR,ERR,ERR,ERR,ERR,ERR,ERR,ERR,ERR,ERR,ERR,ERR,ERR,ERR,ERR,ERR,ERR,ERR,ERR,ERR,ERR,ERR,ERR,ERR,ERR,ERR,ERR,ERR,ERR,ERR,ERR,ERR,ERR,ERR,-107615136.0,0.0,-0.0,0.0,-0.0,-0.0,0.001,0.0,0,0,4,17319,7116,0.0,100,0.0,0.0,0.0,0.0,0.0,0,0,0,0,0.0,0,0,0,0,0,0,0,0,0,0,0,0,0,0,0,0,0,0,0,0,0,0,0,0,0,0,0,0,0,0,0,0,0,31,40,40,71,65476,0,300,0,0,8,21553,0.0,-107605600.0,0.0,0.0,0.0,0.0,0.0,0.0,0.0,0.0,0.0,0.0,0.0,0.0,0.0,0.0,0.0,0.0,0.0,0.0,0.0,0.0,0.0,-3.697067826173549e+19,0.0,0.0,0.0,0.0,0.0,0.0,5354.0,564146571575296.0,6923.0,-107615136.0,0.0,2.004,2.004,0.0,0.0,0.0,0.0,69,-107615304.0,0.0,0.0,0.0,0.0,0.0,0.0,0.0,0.0,0,0,0,0.0,0.0,0.0,0.0,0.0,0.0,0.0,0.0,0.0,0.0,0.0,0.0,0.0,0.0,0.0,0.0,0,-107875648.0,69,0.0,138,0.0,2.012,ERR,ERR,ERR,ERR,ERR,ERR,ERR,ERR,ERR,ERR,ERR,ERR,ERR,ERR,ERR,ERR,ERR,ERR,ERR,ERR,ERR,ERR,ERR,ERR,ERR,ERR,ERR,ERR,ERR,ERR,ERR,ERR,ERR,ERR,ERR,ERR,ERR,ERR,ERR,ERR,ERR,ERR,ERR,ERR,ERR,ERR,ERR,ERR,ERR,ERR,ERR,ERR,ERR,ERR,ERR,ERR,ERR,ERR,ERR,ERR,ERR,ERR,ERR,ERR,ERR,ERR,ERR,60.0,60.0,35,0.0,0.0,0.0,0.0,0.0,0.0,0.0,0.0,0.0,0.0,0.0,0.0,0.0,0.0,0.0,0.0,64.8,0,150,71,55,65476,0,65476,0,1,8,20529,65476,0,0,2621,60.0,0.0,0.0,0.0,0.0,0.0
2026-07-09T15:29:52,ERR,ERR,ERR,ERR,ERR,ERR,ERR,ERR,ERR,ERR,ERR,ERR,ERR,ERR,ERR,ERR,ERR,ERR,ERR,ERR,ERR,ERR,ERR,ERR,ERR,ERR,ERR,ERR,ERR,ERR,ERR,ERR,ERR,ERR,ERR,ERR,ERR,ERR,ERR,ERR,ERR,ERR,ERR,ERR,ERR,ERR,ERR,ERR,ERR,ERR,ERR,ERR,ERR,ERR,ERR,ERR,ERR,ERR,ERR,ERR,ERR,ERR,ERR,ERR,ERR,ERR,ERR,ERR,ERR,ERR,ERR,ERR,ERR,ERR,ERR,ERR,ERR,ERR,ERR,ERR,ERR,ERR,ERR,ERR,ERR,ERR,ERR,ERR,ERR,ERR,ERR,ERR,ERR,ERR,ERR,ERR,ERR,ERR,ERR,ERR,ERR,ERR,ERR,ERR,ERR,ERR,ERR,ERR,ERR,ERR,ERR,ERR,ERR,ERR,ERR,ERR,ERR,ERR,ERR,ERR,ERR,ERR,ERR,ERR,ERR,-107615136.0,0.0,-0.0,2.7183478752108883e+23,0.0,-1.807,5.728749862801111e+21,-133279088640.0,0,0,4,17316,7116,0.0,100,0.0,0.0,2.7183478752108883e+23,0.0,0.0,0,0,0,0,0.0,0,0,0,0,0,0,0,0,0,0,0,0,0,0,0,0,0,0,0,0,0,0,0,0,0,0,0,0,0,0,0,0,0,31,40,40,71,65476,0,300,0,0,8,21553,0.0,-107605600.0,0.0,0.0,0.0,0.0,0.0,0.0,0.0,0.0,0.0,0.0,0.0,0.0,0.0,0.0,0.0,0.0,0.0,0.0,0.0,0.0,0.0,0.0,0.0,0.0,0.0,0.0,0.0,0.0,5314.0,-1.5879312420608694e+29,6942.0,-107615136.0,0.0,2.004,2.004,0.0,0.0,0.0,0.0,69,89221.078,-0.0,0.0,0.0,0.0,0.0,0.0,0.0,0.0,0,0,0,0.0,0.0,0.0,0.0,0.0,0.0,0.0,0.0,0.0,0.0,0.0,0.0,0.0,0.0,0.0,0.0,0,-107875648.0,69,0.0,138,0.0,2.012,ERR,ERR,ERR,ERR,ERR,ERR,ERR,ERR,ERR,ERR,ERR,ERR,ERR,ERR,ERR,ERR,ERR,ERR,ERR,ERR,ERR,ERR,ERR,ERR,ERR,ERR,ERR,ERR,ERR,ERR,ERR,ERR,ERR,ERR,ERR,ERR,ERR,ERR,ERR,ERR,ERR,ERR,ERR,ERR,ERR,ERR,ERR,ERR,ERR,ERR,ERR,ERR,ERR,ERR,ERR,ERR,ERR,ERR,ERR,ERR,ERR,ERR,ERR,ERR,ERR,ERR,ERR,60.0,60.0,35,0.0,0.0,0.0,0.0,0.0,0.0,0.0,0.0,0.0,0.0,0.0,0.0,0.0,0.0,0.0,0.0,64.8,0,150,71,55,65476,0,65476,0,1,8,20529,65476,0,0,2621,60.0,0.0,0.0,0.0,0.0,0.0
2026-07-09T15:29:53,ERR,ERR,ERR,ERR,ERR,ERR,ERR,ERR,ERR,ERR,ERR,ERR,ERR,ERR,ERR,ERR,ERR,ERR,ERR,ERR,ERR,ERR,ERR,ERR,ERR,ERR,ERR,ERR,ERR,ERR,ERR,ERR,ERR,ERR,ERR,ERR,ERR,ERR,ERR,ERR,ERR,ERR,ERR,ERR,ERR,ERR,ERR,ERR,ERR,ERR,ERR,ERR,ERR,ERR,ERR,ERR,ERR,ERR,ERR,ERR,ERR,ERR,ERR,ERR,ERR,ERR,ERR,ERR,ERR,ERR,ERR,ERR,ERR,ERR,ERR,ERR,ERR,ERR,ERR,ERR,ERR,ERR,ERR,ERR,ERR,ERR,ERR,ERR,ERR,ERR,ERR,ERR,ERR,ERR,ERR,ERR,ERR,ERR,ERR,ERR,ERR,ERR,ERR,ERR,ERR,ERR,ERR,ERR,ERR,ERR,ERR,ERR,ERR,ERR,ERR,ERR,ERR,ERR,ERR,ERR,ERR,ERR,ERR,ERR,ERR,-107615136.0,0.0,-0.0,2.7183478752108883e+23,0.0,-1.807,5.728749862801111e+21,-133279088640.0,0,0,4,17316,7116,0.0,100,0.0,0.0,2.7183478752108883e+23,0.0,0.0,0,0,0,0,0.0,0,0,0,0,0,0,0,0,0,0,0,0,0,0,0,0,0,0,0,0,0,0,0,0,0,0,0,0,0,0,0,0,0,31,40,40,71,65476,0,300,0,0,8,21553,0.0,-107605600.0,0.0,0.0,0.0,0.0,0.0,0.0,0.0,0.0,0.0,0.0,0.0,0.0,0.0,0.0,0.0,0.0,0.0,0.0,0.0,0.0,0.0,0.0,0.0,0.0,0.0,0.0,0.0,0.0,5314.0,-1.5879312420608694e+29,6942.0,-107615136.0,0.0,2.004,2.004,0.0,0.0,0.0,0.0,69,89221.078,-0.0,0.0,0.0,0.0,0.0,0.0,0.0,0.0,0,0,0,0.0,0.0,0.0,0.0,0.0,0.0,0.0,0.0,0.0,0.0,0.0,0.0,0.0,0.0,0.0,0.0,0,-107875648.0,69,0.0,138,0.0,2.012,ERR,ERR,ERR,ERR,ERR,ERR,ERR,ERR,ERR,ERR,ERR,ERR,ERR,ERR,ERR,ERR,ERR,ERR,ERR,ERR,ERR,ERR,ERR,ERR,ERR,ERR,ERR,ERR,ERR,ERR,ERR,ERR,ERR,ERR,ERR,ERR,ERR,ERR,ERR,ERR,ERR,ERR,ERR,ERR,ERR,ERR,ERR,ERR,ERR,ERR,ERR,ERR,ERR,ERR,ERR,ERR,ERR,ERR,ERR,ERR,ERR,ERR,ERR,ERR,ERR,ERR,ERR,60.0,60.0,35,0.0,0.0,0.0,0.0,0.0,0.0,0.0,0.0,0.0,0.0,0.0,0.0,0.0,0.0,0.0,0.0,65.6,0,150,71,55,65476,0,65476,0,1,8,20529,65476,0,0,2621,60.0,0.0,0.0,0.0,0.0,0.0
2026-07-09T15:29:54,ERR,ERR,ERR,ERR,ERR,ERR,ERR,ERR,ERR,ERR,ERR,ERR,ERR,ERR,ERR,ERR,ERR,ERR,ERR,ERR,ERR,ERR,ERR,ERR,ERR,ERR,ERR,ERR,ERR,ERR,ERR,ERR,ERR,ERR,ERR,ERR,ERR,ERR,ERR,ERR,ERR,ERR,ERR,ERR,ERR,ERR,ERR,ERR,ERR,ERR,ERR,ERR,ERR,ERR,ERR,ERR,ERR,ERR,ERR,ERR,ERR,ERR,ERR,ERR,ERR,ERR,ERR,ERR,ERR,ERR,ERR,ERR,ERR,ERR,ERR,ERR,ERR,ERR,ERR,ERR,ERR,ERR,ERR,ERR,ERR,ERR,ERR,ERR,ERR,ERR,ERR,ERR,ERR,ERR,ERR,ERR,ERR,ERR,ERR,ERR,ERR,ERR,ERR,ERR,ERR,ERR,ERR,ERR,ERR,ERR,ERR,ERR,ERR,ERR,ERR,ERR,ERR,ERR,ERR,ERR,ERR,ERR,ERR,ERR,ERR,-107615136.0,0.0,-0.0,2.7183478752108883e+23,0.0,-1.807,5.728749862801111e+21,-133279088640.0,0,0,4,17316,7116,0.0,100,0.0,0.0,2.7183478752108883e+23,0.0,0.0,0,0,0,0,0.0,0,0,0,0,0,0,0,0,0,0,0,0,0,0,0,0,0,0,0,0,0,0,0,0,0,0,0,0,0,0,0,0,0,31,40,40,71,65476,0,300,0,0,8,21553,0.0,-107605600.0,0.0,0.0,0.0,0.0,0.0,0.0,0.0,0.0,0.0,0.0,0.0,0.0,0.0,0.0,0.0,0.0,0.0,0.0,0.0,0.0,0.0,0.0,0.0,0.0,0.0,0.0,0.0,0.0,5314.0,-1.5879312420608694e+29,6942.0,-107615136.0,0.0,2.004,2.004,0.0,0.0,0.0,0.0,69,89221.078,-0.0,0.0,0.0,0.0,0.0,0.0,0.0,0.0,0,0,0,0.0,0.0,0.0,0.0,0.0,0.0,0.0,0.0,0.0,0.0,0.0,0.0,0.0,0.0,0.0,0.0,0,-107875648.0,69,0.0,138,0.0,2.012,ERR,ERR,ERR,ERR,ERR,ERR,ERR,ERR,ERR,ERR,ERR,ERR,ERR,ERR,ERR,ERR,ERR,ERR,ERR,ERR,ERR,ERR,ERR,ERR,ERR,ERR,ERR,ERR,ERR,ERR,ERR,ERR,ERR,ERR,ERR,ERR,ERR,ERR,ERR,ERR,ERR,ERR,ERR,ERR,ERR,ERR,ERR,ERR,ERR,ERR,ERR,ERR,ERR,ERR,ERR,ERR,ERR,ERR,ERR,ERR,ERR,ERR,ERR,ERR,ERR,ERR,ERR,60.0,60.0,35,0.0,0.0,0.0,0.0,0.0,0.0,0.0,0.0,0.0,0.0,0.0,0.0,0.0,0.0,0.0,0.0,65.6,0,150,71,55,65476,0,65476,0,1,8,20529,65476,0,0,2621,60.0,0.0,0.0,0.0,0.0,0.0
2026-07-09T15:29:55,ERR,ERR,ERR,ERR,ERR,ERR,ERR,ERR,ERR,ERR,ERR,ERR,ERR,ERR,ERR,ERR,ERR,ERR,ERR,ERR,ERR,ERR,ERR,ERR,ERR,ERR,ERR,ERR,ERR,ERR,ERR,ERR,ERR,ERR,ERR,ERR,ERR,ERR,ERR,ERR,ERR,ERR,ERR,ERR,ERR,ERR,ERR,ERR,ERR,ERR,ERR,ERR,ERR,ERR,ERR,ERR,ERR,ERR,ERR,ERR,ERR,ERR,ERR,ERR,ERR,ERR,ERR,ERR,ERR,ERR,ERR,ERR,ERR,ERR,ERR,ERR,ERR,ERR,ERR,ERR,ERR,ERR,ERR,ERR,ERR,ERR,ERR,ERR,ERR,ERR,ERR,ERR,ERR,ERR,ERR,ERR,ERR,ERR,ERR,ERR,ERR,ERR,ERR,ERR,ERR,ERR,ERR,ERR,ERR,ERR,ERR,ERR,ERR,ERR,ERR,ERR,ERR,ERR,ERR,ERR,ERR,ERR,ERR,ERR,ERR,-107615136.0,0.0,-0.0,2.7183478752108883e+23,0.0,-1.807,5.728749862801111e+21,-133279088640.0,0,0,4,17316,7116,0.0,100,0.0,0.0,2.7183478752108883e+23,0.0,0.0,0,0,0,0,0.0,0,0,0,0,0,0,0,0,0,0,0,0,0,0,0,0,0,0,0,0,0,0,0,0,0,0,0,0,0,0,0,0,0,31,40,40,71,65476,0,300,0,0,8,21553,0.0,-107605600.0,0.0,0.0,0.0,0.0,0.0,0.0,0.0,0.0,0.0,0.0,0.0,0.0,0.0,0.0,0.0,0.0,0.0,0.0,0.0,0.0,0.0,0.0,0.0,0.0,0.0,0.0,0.0,0.0,5314.0,-1.5879312420608694e+29,6942.0,-107615136.0,0.0,2.004,2.004,0.0,0.0,0.0,0.0,69,89221.078,-0.0,0.0,0.0,0.0,0.0,0.0,0.0,0.0,0,0,0,0.0,0.0,0.0,0.0,0.0,0.0,0.0,0.0,0.0,0.0,0.0,0.0,0.0,0.0,0.0,0.0,0,-107875648.0,69,0.0,138,0.0,2.012,ERR,ERR,ERR,ERR,ERR,ERR,ERR,ERR,ERR,ERR,ERR,ERR,ERR,ERR,ERR,ERR,ERR,ERR,ERR,ERR,ERR,ERR,ERR,ERR,ERR,ERR,ERR,ERR,ERR,ERR,ERR,ERR,ERR,ERR,ERR,ERR,ERR,ERR,ERR,ERR,ERR,ERR,ERR,ERR,ERR,ERR,ERR,ERR,ERR,ERR,ERR,ERR,ERR,ERR,ERR,ERR,ERR,ERR,ERR,ERR,ERR,ERR,ERR,ERR,ERR,ERR,ERR,60.0,60.0,35,0.0,0.0,0.0,0.0,0.0,0.0,0.0,0.0,0.0,0.0,0.0,0.0,0.0,0.0,0.0,0.0,65.6,0,150,71,55,65476,0,65476,0,1,8,20529,65476,0,0,2621,60.0,0.0,0.0,0.0,0.0,0.0
2026-07-09T15:29:56,ERR,ERR,ERR,ERR,ERR,ERR,ERR,ERR,ERR,ERR,ERR,ERR,ERR,ERR,ERR,ERR,ERR,ERR,ERR,ERR,ERR,ERR,ERR,ERR,ERR,ERR,ERR,ERR,ERR,ERR,ERR,ERR,ERR,ERR,ERR,ERR,ERR,ERR,ERR,ERR,ERR,ERR,ERR,ERR,ERR,ERR,ERR,ERR,ERR,ERR,ERR,ERR,ERR,ERR,ERR,ERR,ERR,ERR,ERR,ERR,ERR,ERR,ERR,ERR,ERR,ERR,ERR,ERR,ERR,ERR,ERR,ERR,ERR,ERR,ERR,ERR,ERR,ERR,ERR,ERR,ERR,ERR,ERR,ERR,ERR,ERR,ERR,ERR,ERR,ERR,ERR,ERR,ERR,ERR,ERR,ERR,ERR,ERR,ERR,ERR,ERR,ERR,ERR,ERR,ERR,ERR,ERR,ERR,ERR,ERR,ERR,ERR,ERR,ERR,ERR,ERR,ERR,ERR,ERR,ERR,ERR,ERR,ERR,ERR,ERR,-107615136.0,2.71844587353878e+23,nan,2.7183478752108883e+23,1.656873506754415e+35,1665066.5,-68246157918208.0,-0.0,0,0,4,17317,7116,0.0,100,0.0,0.0,2.7183478752108883e+23,0.0,0.0,0,0,0,0,0.0,0,0,0,0,0,0,0,0,0,0,0,0,0,0,0,0,0,0,0,0,0,0,0,0,0,0,0,0,0,0,0,0,0,31,40,40,71,65476,0,300,0,0,8,21553,0.0,-107605600.0,0.0,0.0,0.0,0.0,0.0,0.0,0.0,0.0,0.0,0.0,0.0,0.0,0.0,0.0,0.0,0.0,0.0,0.0,0.0,0.0,0.0,0.0,0.0,0.0,0.0,0.0,0.0,0.0,5336.0,-0.0,6930.0,-107615136.0,-0.0,2.004,2.004,0.0,0.0,0.0,0.0,69,-0.0,0.0,0.0,0.0,0.0,0.0,0.0,0.0,0.0,0,0,0,0.0,0.0,0.0,0.0,0.0,0.0,0.0,0.0,0.0,0.0,0.0,0.0,0.0,0.0,0.0,0.0,0,-107875648.0,69,0.0,138,0.0,2.012,ERR,ERR,ERR,ERR,ERR,ERR,ERR,ERR,ERR,ERR,ERR,ERR,ERR,ERR,ERR,ERR,ERR,ERR,ERR,ERR,ERR,ERR,ERR,ERR,ERR,ERR,ERR,ERR,ERR,ERR,ERR,ERR,ERR,ERR,ERR,ERR,ERR,ERR,ERR,ERR,ERR,ERR,ERR,ERR,ERR,ERR,ERR,ERR,ERR,ERR,ERR,ERR,ERR,ERR,ERR,ERR,ERR,ERR,ERR,ERR,ERR,ERR,ERR,ERR,ERR,ERR,ERR,60.0,60.0,35,0.0,0.0,0.0,0.0,0.0,0.0,0.0,0.0,0.0,0.0,0.0,0.0,0.0,0.0,0.0,0.0,64.8,0,150,71,55,65476,0,65476,0,1,8,20529,65476,0,0,2621,60.0,0.0,0.0,0.0,0.0,0.0
2026-07-09T15:29:57,ERR,ERR,ERR,ERR,ERR,ERR,ERR,ERR,ERR,ERR,ERR,ERR,ERR,ERR,ERR,ERR,ERR,ERR,ERR,ERR,ERR,ERR,ERR,ERR,ERR,ERR,ERR,ERR,ERR,ERR,ERR,ERR,ERR,ERR,ERR,ERR,ERR,ERR,ERR,ERR,ERR,ERR,ERR,ERR,ERR,ERR,ERR,ERR,ERR,ERR,ERR,ERR,ERR,ERR,ERR,ERR,ERR,ERR,ERR,ERR,ERR,ERR,ERR,ERR,ERR,ERR,ERR,ERR,ERR,ERR,ERR,ERR,ERR,ERR,ERR,ERR,ERR,ERR,ERR,ERR,ERR,ERR,ERR,ERR,ERR,ERR,ERR,ERR,ERR,ERR,ERR,ERR,ERR,ERR,ERR,ERR,ERR,ERR,ERR,ERR,ERR,ERR,ERR,ERR,ERR,ERR,ERR,ERR,ERR,ERR,ERR,ERR,ERR,ERR,ERR,ERR,ERR,ERR,ERR,ERR,ERR,ERR,ERR,ERR,ERR,-107615136.0,2.71844587353878e+23,nan,2.7183478752108883e+23,1.656873506754415e+35,1665066.5,-68246157918208.0,-0.0,0,0,4,17317,7116,0.0,100,0.0,0.0,2.7183478752108883e+23,0.0,0.0,0,0,0,0,0.0,0,0,0,0,0,0,0,0,0,0,0,0,0,0,0,0,0,0,0,0,0,0,0,0,0,0,0,0,0,0,0,0,0,31,40,40,71,65476,0,300,0,0,8,21553,0.0,-107605600.0,0.0,0.0,0.0,0.0,0.0,0.0,0.0,0.0,0.0,0.0,0.0,0.0,0.0,0.0,0.0,0.0,0.0,0.0,0.0,0.0,0.0,0.0,0.0,0.0,0.0,0.0,0.0,0.0,5336.0,-0.0,6930.0,-107615136.0,-0.0,2.004,2.004,0.0,0.0,0.0,0.0,69,-0.0,0.0,0.0,0.0,0.0,0.0,0.0,0.0,0.0,0,0,0,0.0,0.0,0.0,0.0,0.0,0.0,0.0,0.0,0.0,0.0,0.0,0.0,0.0,0.0,0.0,0.0,0,-107875648.0,69,0.0,138,0.0,2.012,ERR,ERR,ERR,ERR,ERR,ERR,ERR,ERR,ERR,ERR,ERR,ERR,ERR,ERR,ERR,ERR,ERR,ERR,ERR,ERR,ERR,ERR,ERR,ERR,ERR,ERR,ERR,ERR,ERR,ERR,ERR,ERR,ERR,ERR,ERR,ERR,ERR,ERR,ERR,ERR,ERR,ERR,ERR,ERR,ERR,ERR,ERR,ERR,ERR,ERR,ERR,ERR,ERR,ERR,ERR,ERR,ERR,ERR,ERR,ERR,ERR,ERR,ERR,ERR,ERR,ERR,ERR,60.0,60.0,35,0.0,0.0,0.0,0.0,0.0,0.0,0.0,0.0,0.0,0.0,0.0,0.0,0.0,0.0,0.0,0.0,64.8,0,150,71,55,65476,0,65476,0,1,8,20529,65476,0,0,2621,60.0,0.0,0.0,0.0,0.0,0.0
2026-07-09T15:29:58,ERR,ERR,ERR,ERR,ERR,ERR,ERR,ERR,ERR,ERR,ERR,ERR,ERR,ERR,ERR,ERR,ERR,ERR,ERR,ERR,ERR,ERR,ERR,ERR,ERR,ERR,ERR,ERR,ERR,ERR,ERR,ERR,ERR,ERR,ERR,ERR,ERR,ERR,ERR,ERR,ERR,ERR,ERR,ERR,ERR,ERR,ERR,ERR,ERR,ERR,ERR,ERR,ERR,ERR,ERR,ERR,ERR,ERR,ERR,ERR,ERR,ERR,ERR,ERR,ERR,ERR,ERR,ERR,ERR,ERR,ERR,ERR,ERR,ERR,ERR,ERR,ERR,ERR,ERR,ERR,ERR,ERR,ERR,ERR,ERR,ERR,ERR,ERR,ERR,ERR,ERR,ERR,ERR,ERR,ERR,ERR,ERR,ERR,ERR,ERR,ERR,ERR,ERR,ERR,ERR,ERR,ERR,ERR,ERR,ERR,ERR,ERR,ERR,ERR,ERR,ERR,ERR,ERR,ERR,ERR,ERR,ERR,ERR,ERR,ERR,-107615136.0,2.71844587353878e+23,nan,2.7183478752108883e+23,1.656873506754415e+35,1665066.5,-68246157918208.0,-0.0,0,0,4,17317,7116,0.0,100,0.0,0.0,2.7183478752108883e+23,0.0,0.0,0,0,0,0,0.0,0,0,0,0,0,0,0,0,0,0,0,0,0,0,0,0,0,0,0,0,0,0,0,0,0,0,0,0,0,0,0,0,0,31,40,40,71,65476,0,300,0,0,8,21553,0.0,-107605600.0,0.0,0.0,0.0,0.0,0.0,0.0,0.0,0.0,0.0,0.0,0.0,0.0,0.0,0.0,0.0,0.0,0.0,0.0,0.0,0.0,0.0,0.0,0.0,0.0,0.0,0.0,0.0,0.0,5336.0,-0.0,6930.0,-107615136.0,-0.0,2.004,2.004,0.0,0.0,0.0,0.0,69,-0.0,0.0,0.0,0.0,0.0,0.0,0.0,0.0,0.0,0,0,0,0.0,0.0,0.0,0.0,0.0,0.0,0.0,0.0,0.0,0.0,0.0,0.0,0.0,0.0,0.0,0.0,0,-107875648.0,69,0.0,138,0.0,2.012,ERR,ERR,ERR,ERR,ERR,ERR,ERR,ERR,ERR,ERR,ERR,ERR,ERR,ERR,ERR,ERR,ERR,ERR,ERR,ERR,ERR,ERR,ERR,ERR,ERR,ERR,ERR,ERR,ERR,ERR,ERR,ERR,ERR,ERR,ERR,ERR,ERR,ERR,ERR,ERR,ERR,ERR,ERR,ERR,ERR,ERR,ERR,ERR,ERR,ERR,ERR,ERR,ERR,ERR,ERR,ERR,ERR,ERR,ERR,ERR,ERR,ERR,ERR,ERR,ERR,ERR,ERR,60.0,60.0,35,0.0,0.0,0.0,0.0,0.0,0.0,0.0,0.0,0.0,0.0,0.0,0.0,0.0,0.0,0.0,0.0,64.8,0,150,71,55,65476,0,65476,0,1,8,20529,65476,0,0,2621,60.0,0.0,0.0,0.0,0.0,0.0
2026-07-09T15:29:59,ERR,ERR,ERR,ERR,ERR,ERR,ERR,ERR,ERR,ERR,ERR,ERR,ERR,ERR,ERR,ERR,ERR,ERR,ERR,ERR,ERR,ERR,ERR,ERR,ERR,ERR,ERR,ERR,ERR,ERR,ERR,ERR,ERR,ERR,ERR,ERR,ERR,ERR,ERR,ERR,ERR,ERR,ERR,ERR,ERR,ERR,ERR,ERR,ERR,ERR,ERR,ERR,ERR,ERR,ERR,ERR,ERR,ERR,ERR,ERR,ERR,ERR,ERR,ERR,ERR,ERR,ERR,ERR,ERR,ERR,ERR,ERR,ERR,ERR,ERR,ERR,ERR,ERR,ERR,ERR,ERR,ERR,ERR,ERR,ERR,ERR,ERR,ERR,ERR,ERR,ERR,ERR,ERR,ERR,ERR,ERR,ERR,ERR,ERR,ERR,ERR,ERR,ERR,ERR,ERR,ERR,ERR,ERR,ERR,ERR,ERR,ERR,ERR,ERR,ERR,ERR,ERR,ERR,ERR,ERR,ERR,ERR,ERR,ERR,ERR,-107615136.0,2.71844587353878e+23,nan,2.7183478752108883e+23,1.656873506754415e+35,1665066.5,-68246157918208.0,-0.0,0,0,4,17317,7116,0.0,100,0.0,0.0,2.7183478752108883e+23,0.0,0.0,0,0,0,0,0.0,0,0,0,0,0,0,0,0,0,0,0,0,0,0,0,0,0,0,0,0,0,0,0,0,0,0,0,0,0,0,0,0,0,31,40,40,71,65476,0,300,0,0,8,21553,0.0,-107605600.0,0.0,0.0,0.0,0.0,0.0,0.0,0.0,0.0,0.0,0.0,0.0,0.0,0.0,0.0,0.0,0.0,0.0,0.0,0.0,0.0,0.0,0.0,0.0,0.0,0.0,0.0,0.0,0.0,5336.0,-0.0,6930.0,-107615136.0,-0.0,2.004,2.004,0.0,0.0,0.0,0.0,69,-0.0,0.0,0.0,0.0,0.0,0.0,0.0,0.0,0.0,0,0,0,0.0,0.0,0.0,0.0,0.0,0.0,0.0,0.0,0.0,0.0,0.0,0.0,0.0,0.0,0.0,0.0,0,-107875648.0,69,0.0,138,0.0,2.012,ERR,ERR,ERR,ERR,ERR,ERR,ERR,ERR,ERR,ERR,ERR,ERR,ERR,ERR,ERR,ERR,ERR,ERR,ERR,ERR,ERR,ERR,ERR,ERR,ERR,ERR,ERR,ERR,ERR,ERR,ERR,ERR,ERR,ERR,ERR,ERR,ERR,ERR,ERR,ERR,ERR,ERR,ERR,ERR,ERR,ERR,ERR,ERR,ERR,ERR,ERR,ERR,ERR,ERR,ERR,ERR,ERR,ERR,ERR,ERR,ERR,ERR,ERR,ERR,ERR,ERR,ERR,60.0,60.0,35,0.0,0.0,0.0,0.0,0.0,0.0,0.0,0.0,0.0,0.0,0.0,0.0,0.0,0.0,0.0,0.0,64.8,0,150,71,55,65476,0,65476,0,1,8,20529,65476,0,0,2621,60.0,0.0,0.0,0.0,0.0,0.0
2026-07-09T15:30:00,ERR,ERR,ERR,ERR,ERR,ERR,ERR,ERR,ERR,ERR,ERR,ERR,ERR,ERR,ERR,ERR,ERR,ERR,ERR,ERR,ERR,ERR,ERR,ERR,ERR,ERR,ERR,ERR,ERR,ERR,ERR,ERR,ERR,ERR,ERR,ERR,ERR,ERR,ERR,ERR,ERR,ERR,ERR,ERR,ERR,ERR,ERR,ERR,ERR,ERR,ERR,ERR,ERR,ERR,ERR,ERR,ERR,ERR,ERR,ERR,ERR,ERR,ERR,ERR,ERR,ERR,ERR,ERR,ERR,ERR,ERR,ERR,ERR,ERR,ERR,ERR,ERR,ERR,ERR,ERR,ERR,ERR,ERR,ERR,ERR,ERR,ERR,ERR,ERR,ERR,ERR,ERR,ERR,ERR,ERR,ERR,ERR,ERR,ERR,ERR,ERR,ERR,ERR,ERR,ERR,ERR,ERR,ERR,ERR,ERR,ERR,ERR,ERR,ERR,ERR,ERR,ERR,ERR,ERR,ERR,ERR,ERR,ERR,ERR,ERR,-107615136.0,2.71844587353878e+23,nan,2.7183478752108883e+23,1.656873506754415e+35,1665066.5,-68246157918208.0,-0.0,0,0,4,17317,7116,0.0,100,0.0,0.0,2.7183478752108883e+23,0.0,0.0,0,0,0,0,0.0,0,0,0,0,0,0,0,0,0,0,0,0,0,0,0,0,0,0,0,0,0,0,0,0,0,0,0,0,0,0,0,0,0,31,40,40,71,65476,0,300,0,0,8,21553,0.0,-107605600.0,0.0,0.0,0.0,0.0,0.0,0.0,0.0,0.0,0.0,0.0,0.0,0.0,0.0,0.0,0.0,0.0,0.0,0.0,0.0,0.0,0.0,0.0,0.0,0.0,0.0,0.0,0.0,0.0,5336.0,-0.0,6930.0,-107615136.0,-0.0,2.004,2.004,0.0,0.0,0.0,0.0,69,-0.0,0.0,0.0,0.0,0.0,0.0,0.0,0.0,0.0,0,0,0,0.0,0.0,0.0,0.0,0.0,0.0,0.0,0.0,0.0,0.0,0.0,0.0,0.0,0.0,0.0,0.0,0,-107875648.0,69,0.0,138,0.0,2.012,ERR,ERR,ERR,ERR,ERR,ERR,ERR,ERR,ERR,ERR,ERR,ERR,ERR,ERR,ERR,ERR,ERR,ERR,ERR,ERR,ERR,ERR,ERR,ERR,ERR,ERR,ERR,ERR,ERR,ERR,ERR,ERR,ERR,ERR,ERR,ERR,ERR,ERR,ERR,ERR,ERR,ERR,ERR,ERR,ERR,ERR,ERR,ERR,ERR,ERR,ERR,ERR,ERR,ERR,ERR,ERR,ERR,ERR,ERR,ERR,ERR,ERR,ERR,ERR,ERR,ERR,ERR,60.0,60.0,35,0.0,0.0,0.0,0.0,0.0,0.0,0.0,0.0,0.0,0.0,0.0,0.0,0.0,0.0,0.0,0.0,64.8,0,150,71,55,65476,0,65476,0,1,8,20529,65476,0,0,2621,60.0,0.0,0.0,0.0,0.0,0.0
2026-07-09T15:30:01,ERR,ERR,ERR,ERR,ERR,ERR,ERR,ERR,ERR,ERR,ERR,ERR,ERR,ERR,ERR,ERR,ERR,ERR,ERR,ERR,ERR,ERR,ERR,ERR,ERR,ERR,ERR,ERR,ERR,ERR,ERR,ERR,ERR,ERR,ERR,ERR,ERR,ERR,ERR,ERR,ERR,ERR,ERR,ERR,ERR,ERR,ERR,ERR,ERR,ERR,ERR,ERR,ERR,ERR,ERR,ERR,ERR,ERR,ERR,ERR,ERR,ERR,ERR,ERR,ERR,ERR,ERR,ERR,ERR,ERR,ERR,ERR,ERR,ERR,ERR,ERR,ERR,ERR,ERR,ERR,ERR,ERR,ERR,ERR,ERR,ERR,ERR,ERR,ERR,ERR,ERR,ERR,ERR,ERR,ERR,ERR,ERR,ERR,ERR,ERR,ERR,ERR,ERR,ERR,ERR,ERR,ERR,ERR,ERR,ERR,ERR,ERR,ERR,ERR,ERR,ERR,ERR,ERR,ERR,ERR,ERR,ERR,ERR,ERR,ERR,-107615136.0,-107616048.0,-107614912.0,0.0,7.940255950847671e+28,-0.0,0.0,2.8077495851362537e+26,0,0,4,17317,7116,0.0,100,0.0,0.0,0.0,0.0,0.0,0,0,0,0,0.0,0,0,0,0,0,0,0,0,0,0,0,0,0,0,0,0,0,0,0,0,0,0,0,0,0,0,0,0,0,0,0,0,0,31,40,40,71,65476,0,300,0,0,8,21553,0.0,-107605600.0,0.0,0.0,0.0,0.0,0.0,0.0,0.0,0.0,0.0,0.0,0.0,0.0,0.0,0.0,0.0,0.0,0.0,0.0,0.0,0.0,0.0,2.004,0.0,0.0,0.0,0.0,0.0,0.0,5333.0,0.0,6917.0,-107615136.0,-107616048.0,2.004,2.004,0.0,0.0,0.0,0.0,69,107615320.0,-0.0,0.0,0.0,0.0,0.0,0.0,0.0,0.0,0,0,0,0.0,0.0,0.0,0.0,0.0,0.0,0.0,0.0,0.0,0.0,0.0,0.0,0.0,0.0,0.0,0.0,0,-107875648.0,69,0.0,138,0.0,2.012,ERR,ERR,ERR,ERR,ERR,ERR,ERR,ERR,ERR,ERR,ERR,ERR,ERR,ERR,ERR,ERR,ERR,ERR,ERR,ERR,ERR,ERR,ERR,ERR,ERR,ERR,ERR,ERR,ERR,ERR,ERR,ERR,ERR,ERR,ERR,ERR,ERR,ERR,ERR,ERR,ERR,ERR,ERR,ERR,ERR,ERR,ERR,ERR,ERR,ERR,ERR,ERR,ERR,ERR,ERR,ERR,ERR,ERR,ERR,ERR,ERR,ERR,ERR,ERR,ERR,ERR,ERR,60.0,60.0,35,0.0,0.0,0.0,0.0,0.0,0.0,0.0,0.0,0.0,0.0,0.0,0.0,0.0,0.0,0.0,0.0,64.8,0,150,71,55,65476,0,65476,0,1,8,20529,65476,0,0,2621,60.0,0.0,0.0,0.0,0.0,0.0
2026-07-09T15:30:02,ERR,ERR,ERR,ERR,ERR,ERR,ERR,ERR,ERR,ERR,ERR,ERR,ERR,ERR,ERR,ERR,ERR,ERR,ERR,ERR,ERR,ERR,ERR,ERR,ERR,ERR,ERR,ERR,ERR,ERR,ERR,ERR,ERR,ERR,ERR,ERR,ERR,ERR,ERR,ERR,ERR,ERR,ERR,ERR,ERR,ERR,ERR,ERR,ERR,ERR,ERR,ERR,ERR,ERR,ERR,ERR,ERR,ERR,ERR,ERR,ERR,ERR,ERR,ERR,ERR,ERR,ERR,ERR,ERR,ERR,ERR,ERR,ERR,ERR,ERR,ERR,ERR,ERR,ERR,ERR,ERR,ERR,ERR,ERR,ERR,ERR,ERR,ERR,ERR,ERR,ERR,ERR,ERR,ERR,ERR,ERR,ERR,ERR,ERR,ERR,ERR,ERR,ERR,ERR,ERR,ERR,ERR,ERR,ERR,ERR,ERR,ERR,ERR,ERR,ERR,ERR,ERR,ERR,ERR,ERR,ERR,ERR,ERR,ERR,ERR,-107615136.0,-107616048.0,-107614912.0,0.0,7.940255950847671e+28,-0.0,0.0,2.8077495851362537e+26,0,0,4,17317,7116,0.0,100,0.0,0.0,0.0,0.0,0.0,0,0,0,0,0.0,0,0,0,0,0,0,0,0,0,0,0,0,0,0,0,0,0,0,0,0,0,0,0,0,0,0,0,0,0,0,0,0,0,31,40,40,71,65476,0,300,0,0,8,21553,0.0,-107605600.0,0.0,0.0,0.0,0.0,0.0,0.0,0.0,0.0,0.0,0.0,0.0,0.0,0.0,0.0,0.0,0.0,0.0,0.0,0.0,0.0,0.0,2.004,0.0,0.0,0.0,0.0,0.0,0.0,5333.0,0.0,6917.0,-107615136.0,-107616048.0,2.004,2.004,0.0,0.0,0.0,0.0,69,107615320.0,-0.0,0.0,0.0,0.0,0.0,0.0,0.0,0.0,0,0,0,0.0,0.0,0.0,0.0,0.0,0.0,0.0,0.0,0.0,0.0,0.0,0.0,0.0,0.0,0.0,0.0,0,-107875648.0,69,0.0,138,0.0,2.012,ERR,ERR,ERR,ERR,ERR,ERR,ERR,ERR,ERR,ERR,ERR,ERR,ERR,ERR,ERR,ERR,ERR,ERR,ERR,ERR,ERR,ERR,ERR,ERR,ERR,ERR,ERR,ERR,ERR,ERR,ERR,ERR,ERR,ERR,ERR,ERR,ERR,ERR,ERR,ERR,ERR,ERR,ERR,ERR,ERR,ERR,ERR,ERR,ERR,ERR,ERR,ERR,ERR,ERR,ERR,ERR,ERR,ERR,ERR,ERR,ERR,ERR,ERR,ERR,ERR,ERR,ERR,60.0,60.0,35,0.0,0.0,0.0,0.0,0.0,0.0,0.0,0.0,0.0,0.0,0.0,0.0,0.0,0.0,0.0,0.0,64.8,0,150,71,55,65476,0,65476,0,1,8,20529,65476,0,0,2621,60.0,0.0,0.0,0.0,0.0,0.0
2026-07-09T15:30:03,ERR,ERR,ERR,ERR,ERR,ERR,ERR,ERR,ERR,ERR,ERR,ERR,ERR,ERR,ERR,ERR,ERR,ERR,ERR,ERR,ERR,ERR,ERR,ERR,ERR,ERR,ERR,ERR,ERR,ERR,ERR,ERR,ERR,ERR,ERR,ERR,ERR,ERR,ERR,ERR,ERR,ERR,ERR,ERR,ERR,ERR,ERR,ERR,ERR,ERR,ERR,ERR,ERR,ERR,ERR,ERR,ERR,ERR,ERR,ERR,ERR,ERR,ERR,ERR,ERR,ERR,ERR,ERR,ERR,ERR,ERR,ERR,ERR,ERR,ERR,ERR,ERR,ERR,ERR,ERR,ERR,ERR,ERR,ERR,ERR,ERR,ERR,ERR,ERR,ERR,ERR,ERR,ERR,ERR,ERR,ERR,ERR,ERR,ERR,ERR,ERR,ERR,ERR,ERR,ERR,ERR,ERR,ERR,ERR,ERR,ERR,ERR,ERR,ERR,ERR,ERR,ERR,ERR,ERR,ERR,ERR,ERR,ERR,ERR,ERR,-107615136.0,-107616048.0,-107614912.0,0.0,7.940255950847671e+28,-0.0,0.0,2.8077495851362537e+26,0,0,4,17317,7116,0.0,100,0.0,0.0,0.0,0.0,0.0,0,0,0,0,0.0,0,0,0,0,0,0,0,0,0,0,0,0,0,0,0,0,0,0,0,0,0,0,0,0,0,0,0,0,0,0,0,0,0,31,40,40,71,65476,0,300,0,0,8,21553,0.0,-107605600.0,0.0,0.0,0.0,0.0,0.0,0.0,0.0,0.0,0.0,0.0,0.0,0.0,0.0,0.0,0.0,0.0,0.0,0.0,0.0,0.0,0.0,2.004,0.0,0.0,0.0,0.0,0.0,0.0,5333.0,0.0,6917.0,-107615136.0,-107616048.0,2.004,2.004,0.0,0.0,0.0,0.0,69,107615320.0,-0.0,0.0,0.0,0.0,0.0,0.0,0.0,0.0,0,0,0,0.0,0.0,0.0,0.0,0.0,0.0,0.0,0.0,0.0,0.0,0.0,0.0,0.0,0.0,0.0,0.0,0,-107875648.0,69,0.0,138,0.0,2.012,ERR,ERR,ERR,ERR,ERR,ERR,ERR,ERR,ERR,ERR,ERR,ERR,ERR,ERR,ERR,ERR,ERR,ERR,ERR,ERR,ERR,ERR,ERR,ERR,ERR,ERR,ERR,ERR,ERR,ERR,ERR,ERR,ERR,ERR,ERR,ERR,ERR,ERR,ERR,ERR,ERR,ERR,ERR,ERR,ERR,ERR,ERR,ERR,ERR,ERR,ERR,ERR,ERR,ERR,ERR,ERR,ERR,ERR,ERR,ERR,ERR,ERR,ERR,ERR,ERR,ERR,ERR,60.0,60.0,35,0.0,0.0,0.0,0.0,0.0,0.0,0.0,0.0,0.0,0.0,0.0,0.0,0.0,0.0,0.0,0.0,64.8,0,150,71,55,65476,0,65476,0,1,8,20529,65476,0,0,2621,60.0,0.0,0.0,0.0,0.0,0.0
2026-07-09T15:30:04,ERR,ERR,ERR,ERR,ERR,ERR,ERR,ERR,ERR,ERR,ERR,ERR,ERR,ERR,ERR,ERR,ERR,ERR,ERR,ERR,ERR,ERR,ERR,ERR,ERR,ERR,ERR,ERR,ERR,ERR,ERR,ERR,ERR,ERR,ERR,ERR,ERR,ERR,ERR,ERR,ERR,ERR,ERR,ERR,ERR,ERR,ERR,ERR,ERR,ERR,ERR,ERR,ERR,ERR,ERR,ERR,ERR,ERR,ERR,ERR,ERR,ERR,ERR,ERR,ERR,ERR,ERR,ERR,ERR,ERR,ERR,ERR,ERR,ERR,ERR,ERR,ERR,ERR,ERR,ERR,ERR,ERR,ERR,ERR,ERR,ERR,ERR,ERR,ERR,ERR,ERR,ERR,ERR,ERR,ERR,ERR,ERR,ERR,ERR,ERR,ERR,ERR,ERR,ERR,ERR,ERR,ERR,ERR,ERR,ERR,ERR,ERR,ERR,ERR,ERR,ERR,ERR,ERR,ERR,ERR,ERR,ERR,ERR,ERR,ERR,-107615136.0,-107616048.0,-107614912.0,0.0,7.940255950847671e+28,-0.0,0.0,2.8077495851362537e+26,0,0,4,17317,7116,0.0,100,0.0,0.0,0.0,0.0,0.0,0,0,0,0,0.0,0,0,0,0,0,0,0,0,0,0,0,0,0,0,0,0,0,0,0,0,0,0,0,0,0,0,0,0,0,0,0,0,0,31,40,40,71,65476,0,300,0,0,8,21553,0.0,-107605600.0,0.0,0.0,0.0,0.0,0.0,0.0,0.0,0.0,0.0,0.0,0.0,0.0,0.0,0.0,0.0,0.0,0.0,0.0,0.0,0.0,0.0,2.004,0.0,0.0,0.0,0.0,0.0,0.0,5333.0,0.0,6917.0,-107615136.0,-107616048.0,2.004,2.004,0.0,0.0,0.0,0.0,69,107615320.0,-0.0,0.0,0.0,0.0,0.0,0.0,0.0,0.0,0,0,0,0.0,0.0,0.0,0.0,0.0,0.0,0.0,0.0,0.0,0.0,0.0,0.0,0.0,0.0,0.0,0.0,0,-107875648.0,69,0.0,138,0.0,2.012,ERR,ERR,ERR,ERR,ERR,ERR,ERR,ERR,ERR,ERR,ERR,ERR,ERR,ERR,ERR,ERR,ERR,ERR,ERR,ERR,ERR,ERR,ERR,ERR,ERR,ERR,ERR,ERR,ERR,ERR,ERR,ERR,ERR,ERR,ERR,ERR,ERR,ERR,ERR,ERR,ERR,ERR,ERR,ERR,ERR,ERR,ERR,ERR,ERR,ERR,ERR,ERR,ERR,ERR,ERR,ERR,ERR,ERR,ERR,ERR,ERR,ERR,ERR,ERR,ERR,ERR,ERR,60.0,60.0,35,0.0,0.0,0.0,0.0,0.0,0.0,0.0,0.0,0.0,0.0,0.0,0.0,0.0,0.0,0.0,0.0,65.6,0,150,71,56,65476,0,65476,0,1,8,20529,65476,0,0,2621,60.0,0.0,0.0,0.0,0.0,0.0
2026-07-09T15:30:05,ERR,ERR,ERR,ERR,ERR,ERR,ERR,ERR,ERR,ERR,ERR,ERR,ERR,ERR,ERR,ERR,ERR,ERR,ERR,ERR,ERR,ERR,ERR,ERR,ERR,ERR,ERR,ERR,ERR,ERR,ERR,ERR,ERR,ERR,ERR,ERR,ERR,ERR,ERR,ERR,ERR,ERR,ERR,ERR,ERR,ERR,ERR,ERR,ERR,ERR,ERR,ERR,ERR,ERR,ERR,ERR,ERR,ERR,ERR,ERR,ERR,ERR,ERR,ERR,ERR,ERR,ERR,ERR,ERR,ERR,ERR,ERR,ERR,ERR,ERR,ERR,ERR,ERR,ERR,ERR,ERR,ERR,ERR,ERR,ERR,ERR,ERR,ERR,ERR,ERR,ERR,ERR,ERR,ERR,ERR,ERR,ERR,ERR,ERR,ERR,ERR,ERR,ERR,ERR,ERR,ERR,ERR,ERR,ERR,ERR,ERR,ERR,ERR,ERR,ERR,ERR,ERR,ERR,ERR,ERR,ERR,ERR,ERR,ERR,ERR,-107615136.0,-107616048.0,-107614912.0,0.0,7.940255950847671e+28,-0.0,0.0,2.8077495851362537e+26,0,0,4,17317,7116,0.0,100,0.0,0.0,0.0,0.0,0.0,0,0,0,0,0.0,0,0,0,0,0,0,0,0,0,0,0,0,0,0,0,0,0,0,0,0,0,0,0,0,0,0,0,0,0,0,0,0,0,31,40,40,71,65476,0,300,0,0,8,21553,0.0,-107605600.0,0.0,0.0,0.0,0.0,0.0,0.0,0.0,0.0,0.0,0.0,0.0,0.0,0.0,0.0,0.0,0.0,0.0,0.0,0.0,0.0,0.0,2.004,0.0,0.0,0.0,0.0,0.0,0.0,5333.0,0.0,6917.0,-107615136.0,-107616048.0,2.004,2.004,0.0,0.0,0.0,0.0,69,107615320.0,-0.0,0.0,0.0,0.0,0.0,0.0,0.0,0.0,0,0,0,0.0,0.0,0.0,0.0,0.0,0.0,0.0,0.0,0.0,0.0,0.0,0.0,0.0,0.0,0.0,0.0,0,-107875648.0,69,0.0,138,0.0,2.012,ERR,ERR,ERR,ERR,ERR,ERR,ERR,ERR,ERR,ERR,ERR,ERR,ERR,ERR,ERR,ERR,ERR,ERR,ERR,ERR,ERR,ERR,ERR,ERR,ERR,ERR,ERR,ERR,ERR,ERR,ERR,ERR,ERR,ERR,ERR,ERR,ERR,ERR,ERR,ERR,ERR,ERR,ERR,ERR,ERR,ERR,ERR,ERR,ERR,ERR,ERR,ERR,ERR,ERR,ERR,ERR,ERR,ERR,ERR,ERR,ERR,ERR,ERR,ERR,ERR,ERR,ERR,60.0,60.0,35,0.0,0.0,0.0,0.0,0.0,0.0,0.0,0.0,0.0,0.0,0.0,0.0,0.0,0.0,0.0,0.0,65.6,0,150,71,56,65476,0,65476,0,1,8,20529,65476,0,0,2621,60.0,0.0,0.0,0.0,0.0,0.0
2026-07-09T15:30:06,ERR,ERR,ERR,ERR,ERR,ERR,ERR,ERR,ERR,ERR,ERR,ERR,ERR,ERR,ERR,ERR,ERR,ERR,ERR,ERR,ERR,ERR,ERR,ERR,ERR,ERR,ERR,ERR,ERR,ERR,ERR,ERR,ERR,ERR,ERR,ERR,ERR,ERR,ERR,ERR,ERR,ERR,ERR,ERR,ERR,ERR,ERR,ERR,ERR,ERR,ERR,ERR,ERR,ERR,ERR,ERR,ERR,ERR,ERR,ERR,ERR,ERR,ERR,ERR,ERR,ERR,ERR,ERR,ERR,ERR,ERR,ERR,ERR,ERR,ERR,ERR,ERR,ERR,ERR,ERR,ERR,ERR,ERR,ERR,ERR,ERR,ERR,ERR,ERR,ERR,ERR,ERR,ERR,ERR,ERR,ERR,ERR,ERR,ERR,ERR,ERR,ERR,ERR,ERR,ERR,ERR,ERR,ERR,ERR,ERR,ERR,ERR,ERR,ERR,ERR,ERR,ERR,ERR,ERR,ERR,ERR,ERR,ERR,ERR,ERR,-107615136.0,-107616048.0,-107614912.0,0.0,7.940255950847671e+28,-1385171517440.0,828531.062,0.0,0,0,4,17317,7116,0.0,100,0.0,0.0,0.0,0.0,0.0,0,0,0,0,0.0,0,0,0,0,0,0,0,0,0,0,0,0,0,0,0,0,0,0,0,0,0,0,0,0,0,0,0,0,0,0,0,0,0,31,40,40,71,65476,0,300,0,0,8,21553,0.0,-107605600.0,0.0,0.0,0.0,0.0,0.0,0.0,0.0,0.0,0.0,0.0,0.0,0.0,0.0,0.0,0.0,0.0,0.0,0.0,0.0,0.0,0.0,2.004,0.0,0.0,0.0,0.0,0.0,0.0,5280.0,-8608191488.0,6933.0,0.0,-107616048.0,2.004,2.004,0.0,0.0,0.0,0.0,69,-0.0,0.0,0.0,0.0,0.0,0.0,0.0,0.0,0.0,0,0,0,0.0,0.0,0.0,0.0,0.0,0.0,0.0,0.0,0.0,0.0,0.0,0.0,0.0,0.0,0.0,0.0,0,-107875648.0,69,0.0,138,0.0,2.012,ERR,ERR,ERR,ERR,ERR,ERR,ERR,ERR,ERR,ERR,ERR,ERR,ERR,ERR,ERR,ERR,ERR,ERR,ERR,ERR,ERR,ERR,ERR,ERR,ERR,ERR,ERR,ERR,ERR,ERR,ERR,ERR,ERR,ERR,ERR,ERR,ERR,ERR,ERR,ERR,ERR,ERR,ERR,ERR,ERR,ERR,ERR,ERR,ERR,ERR,ERR,ERR,ERR,ERR,ERR,ERR,ERR,ERR,ERR,ERR,ERR,ERR,ERR,ERR,ERR,ERR,ERR,60.0,60.0,35,0.0,0.0,0.0,0.0,0.0,0.0,0.0,0.0,0.0,0.0,0.0,0.0,0.0,0.0,0.0,0.0,64.8,0,150,71,56,65476,0,65476,0,1,8,20529,65476,0,0,2621,60.0,0.0,0.0,0.0,0.0,0.0
2026-07-09T15:30:07,ERR,ERR,ERR,ERR,ERR,ERR,ERR,ERR,ERR,ERR,ERR,ERR,ERR,ERR,ERR,ERR,ERR,ERR,ERR,ERR,ERR,ERR,ERR,ERR,ERR,ERR,ERR,ERR,ERR,ERR,ERR,ERR,ERR,ERR,ERR,ERR,ERR,ERR,ERR,ERR,ERR,ERR,ERR,ERR,ERR,ERR,ERR,ERR,ERR,ERR,ERR,ERR,ERR,ERR,ERR,ERR,ERR,ERR,ERR,ERR,ERR,ERR,ERR,ERR,ERR,ERR,ERR,ERR,ERR,ERR,ERR,ERR,ERR,ERR,ERR,ERR,ERR,ERR,ERR,ERR,ERR,ERR,ERR,ERR,ERR,ERR,ERR,ERR,ERR,ERR,ERR,ERR,ERR,ERR,ERR,ERR,ERR,ERR,ERR,ERR,ERR,ERR,ERR,ERR,ERR,ERR,ERR,ERR,ERR,ERR,ERR,ERR,ERR,ERR,ERR,ERR,ERR,ERR,ERR,ERR,ERR,ERR,ERR,ERR,ERR,-107615136.0,-107616048.0,-107614912.0,0.0,7.940255950847671e+28,-1385171517440.0,828531.062,0.0,0,0,4,17317,7116,0.0,100,0.0,0.0,0.0,0.0,0.0,0,0,0,0,0.0,0,0,0,0,0,0,0,0,0,0,0,0,0,0,0,0,0,0,0,0,0,0,0,0,0,0,0,0,0,0,0,0,0,31,40,40,71,65476,0,300,0,0,8,21553,0.0,-107605600.0,0.0,0.0,0.0,0.0,0.0,0.0,0.0,0.0,0.0,0.0,0.0,0.0,0.0,0.0,0.0,0.0,0.0,0.0,0.0,0.0,0.0,2.004,0.0,0.0,0.0,0.0,0.0,0.0,5280.0,-8608191488.0,6933.0,0.0,-107616048.0,2.004,2.004,0.0,0.0,0.0,0.0,69,-0.0,0.0,0.0,0.0,0.0,0.0,0.0,0.0,0.0,0,0,0,0.0,0.0,0.0,0.0,0.0,0.0,0.0,0.0,0.0,0.0,0.0,0.0,0.0,0.0,0.0,0.0,0,-107875648.0,69,0.0,138,0.0,2.012,ERR,ERR,ERR,ERR,ERR,ERR,ERR,ERR,ERR,ERR,ERR,ERR,ERR,ERR,ERR,ERR,ERR,ERR,ERR,ERR,ERR,ERR,ERR,ERR,ERR,ERR,ERR,ERR,ERR,ERR,ERR,ERR,ERR,ERR,ERR,ERR,ERR,ERR,ERR,ERR,ERR,ERR,ERR,ERR,ERR,ERR,ERR,ERR,ERR,ERR,ERR,ERR,ERR,ERR,ERR,ERR,ERR,ERR,ERR,ERR,ERR,ERR,ERR,ERR,ERR,ERR,ERR,60.0,60.0,35,0.0,0.0,0.0,0.0,0.0,0.0,0.0,0.0,0.0,0.0,0.0,0.0,0.0,0.0,0.0,0.0,64.8,0,150,71,56,65476,0,65476,0,1,8,20529,65476,0,0,2621,60.0,0.0,0.0,0.0,0.0,0.0
2026-07-09T15:30:08,ERR,ERR,ERR,ERR,ERR,ERR,ERR,ERR,ERR,ERR,ERR,ERR,ERR,ERR,ERR,ERR,ERR,ERR,ERR,ERR,ERR,ERR,ERR,ERR,ERR,ERR,ERR,ERR,ERR,ERR,ERR,ERR,ERR,ERR,ERR,ERR,ERR,ERR,ERR,ERR,ERR,ERR,ERR,ERR,ERR,ERR,ERR,ERR,ERR,ERR,ERR,ERR,ERR,ERR,ERR,ERR,ERR,ERR,ERR,ERR,ERR,ERR,ERR,ERR,ERR,ERR,ERR,ERR,ERR,ERR,ERR,ERR,ERR,ERR,ERR,ERR,ERR,ERR,ERR,ERR,ERR,ERR,ERR,ERR,ERR,ERR,ERR,ERR,ERR,ERR,ERR,ERR,ERR,ERR,ERR,ERR,ERR,ERR,ERR,ERR,ERR,ERR,ERR,ERR,ERR,ERR,ERR,ERR,ERR,ERR,ERR,ERR,ERR,ERR,ERR,ERR,ERR,ERR,ERR,ERR,ERR,ERR,ERR,ERR,ERR,-107615136.0,-107616048.0,-107614912.0,0.0,7.940255950847671e+28,-1385171517440.0,828531.062,0.0,0,0,4,17317,7116,0.0,100,0.0,0.0,0.0,0.0,0.0,0,0,0,0,0.0,0,0,0,0,0,0,0,0,0,0,0,0,0,0,0,0,0,0,0,0,0,0,0,0,0,0,0,0,0,0,0,0,0,31,40,40,71,65476,0,300,0,0,8,21553,0.0,-107605600.0,0.0,0.0,0.0,0.0,0.0,0.0,0.0,0.0,0.0,0.0,0.0,0.0,0.0,0.0,0.0,0.0,0.0,0.0,0.0,0.0,0.0,2.004,0.0,0.0,0.0,0.0,0.0,0.0,5280.0,-8608191488.0,6933.0,0.0,-107616048.0,2.004,2.004,0.0,0.0,0.0,0.0,69,-0.0,0.0,0.0,0.0,0.0,0.0,0.0,0.0,0.0,0,0,0,0.0,0.0,0.0,0.0,0.0,0.0,0.0,0.0,0.0,0.0,0.0,0.0,0.0,0.0,0.0,0.0,0,-107875648.0,69,0.0,138,0.0,2.012,ERR,ERR,ERR,ERR,ERR,ERR,ERR,ERR,ERR,ERR,ERR,ERR,ERR,ERR,ERR,ERR,ERR,ERR,ERR,ERR,ERR,ERR,ERR,ERR,ERR,ERR,ERR,ERR,ERR,ERR,ERR,ERR,ERR,ERR,ERR,ERR,ERR,ERR,ERR,ERR,ERR,ERR,ERR,ERR,ERR,ERR,ERR,ERR,ERR,ERR,ERR,ERR,ERR,ERR,ERR,ERR,ERR,ERR,ERR,ERR,ERR,ERR,ERR,ERR,ERR,ERR,ERR,60.0,60.0,35,0.0,0.0,0.0,0.0,0.0,0.0,0.0,0.0,0.0,0.0,0.0,0.0,0.0,0.0,0.0,0.0,64.8,0,150,71,56,65476,0,65476,0,1,8,20529,65476,0,0,2621,60.0,0.0,0.0,0.0,0.0,0.0
2026-07-09T15:30:09,ERR,ERR,ERR,ERR,ERR,ERR,ERR,ERR,ERR,ERR,ERR,ERR,ERR,ERR,ERR,ERR,ERR,ERR,ERR,ERR,ERR,ERR,ERR,ERR,ERR,ERR,ERR,ERR,ERR,ERR,ERR,ERR,ERR,ERR,ERR,ERR,ERR,ERR,ERR,ERR,ERR,ERR,ERR,ERR,ERR,ERR,ERR,ERR,ERR,ERR,ERR,ERR,ERR,ERR,ERR,ERR,ERR,ERR,ERR,ERR,ERR,ERR,ERR,ERR,ERR,ERR,ERR,ERR,ERR,ERR,ERR,ERR,ERR,ERR,ERR,ERR,ERR,ERR,ERR,ERR,ERR,ERR,ERR,ERR,ERR,ERR,ERR,ERR,ERR,ERR,ERR,ERR,ERR,ERR,ERR,ERR,ERR,ERR,ERR,ERR,ERR,ERR,ERR,ERR,ERR,ERR,ERR,ERR,ERR,ERR,ERR,ERR,ERR,ERR,ERR,ERR,ERR,ERR,ERR,ERR,ERR,ERR,ERR,ERR,ERR,-107615136.0,-107616048.0,-107614912.0,0.0,7.940255950847671e+28,-1385171517440.0,828531.062,0.0,0,0,4,17317,7116,0.0,100,0.0,0.0,0.0,0.0,0.0,0,0,0,0,0.0,0,0,0,0,0,0,0,0,0,0,0,0,0,0,0,0,0,0,0,0,0,0,0,0,0,0,0,0,0,0,0,0,0,31,40,40,71,65476,0,300,0,0,8,21553,0.0,-107605600.0,0.0,0.0,0.0,0.0,0.0,0.0,0.0,0.0,0.0,0.0,0.0,0.0,0.0,0.0,0.0,0.0,0.0,0.0,0.0,0.0,0.0,2.004,0.0,0.0,0.0,0.0,0.0,0.0,5280.0,-8608191488.0,6933.0,0.0,-107616048.0,2.004,2.004,0.0,0.0,0.0,0.0,69,-0.0,0.0,0.0,0.0,0.0,0.0,0.0,0.0,0.0,0,0,0,0.0,0.0,0.0,0.0,0.0,0.0,0.0,0.0,0.0,0.0,0.0,0.0,0.0,0.0,0.0,0.0,0,-107875648.0,69,0.0,138,0.0,2.012,ERR,ERR,ERR,ERR,ERR,ERR,ERR,ERR,ERR,ERR,ERR,ERR,ERR,ERR,ERR,ERR,ERR,ERR,ERR,ERR,ERR,ERR,ERR,ERR,ERR,ERR,ERR,ERR,ERR,ERR,ERR,ERR,ERR,ERR,ERR,ERR,ERR,ERR,ERR,ERR,ERR,ERR,ERR,ERR,ERR,ERR,ERR,ERR,ERR,ERR,ERR,ERR,ERR,ERR,ERR,ERR,ERR,ERR,ERR,ERR,ERR,ERR,ERR,ERR,ERR,ERR,ERR,60.0,60.0,35,0.0,0.0,0.0,0.0,0.0,0.0,0.0,0.0,0.0,0.0,0.0,0.0,0.0,0.0,0.0,0.0,64.8,0,150,71,56,65476,0,65476,0,1,8,20529,65476,0,0,2621,60.0,0.0,0.0,0.0,0.0,0.0
2026-07-09T15:30:10,ERR,ERR,ERR,ERR,ERR,ERR,ERR,ERR,ERR,ERR,ERR,ERR,ERR,ERR,ERR,ERR,ERR,ERR,ERR,ERR,ERR,ERR,ERR,ERR,ERR,ERR,ERR,ERR,ERR,ERR,ERR,ERR,ERR,ERR,ERR,ERR,ERR,ERR,ERR,ERR,ERR,ERR,ERR,ERR,ERR,ERR,ERR,ERR,ERR,ERR,ERR,ERR,ERR,ERR,ERR,ERR,ERR,ERR,ERR,ERR,ERR,ERR,ERR,ERR,ERR,ERR,ERR,ERR,ERR,ERR,ERR,ERR,ERR,ERR,ERR,ERR,ERR,ERR,ERR,ERR,ERR,ERR,ERR,ERR,ERR,ERR,ERR,ERR,ERR,ERR,ERR,ERR,ERR,ERR,ERR,ERR,ERR,ERR,ERR,ERR,ERR,ERR,ERR,ERR,ERR,ERR,ERR,ERR,ERR,ERR,ERR,ERR,ERR,ERR,ERR,ERR,ERR,ERR,ERR,ERR,ERR,ERR,ERR,ERR,ERR,-107615136.0,-107616048.0,-107614912.0,0.0,7.940255950847671e+28,-1385171517440.0,828531.062,0.0,0,0,4,17317,7116,0.0,100,0.0,0.0,0.0,0.0,0.0,0,0,0,0,0.0,0,0,0,0,0,0,0,0,0,0,0,0,0,0,0,0,0,0,0,0,0,0,0,0,0,0,0,0,0,0,0,0,0,31,40,40,71,65476,0,300,0,0,8,21553,0.0,-107605600.0,0.0,0.0,0.0,0.0,0.0,0.0,0.0,0.0,0.0,0.0,0.0,0.0,0.0,0.0,0.0,0.0,0.0,0.0,0.0,0.0,0.0,2.004,0.0,0.0,0.0,0.0,0.0,0.0,5280.0,-8608191488.0,6933.0,0.0,-107616048.0,2.004,2.004,0.0,0.0,0.0,0.0,69,-0.0,0.0,0.0,0.0,0.0,0.0,0.0,0.0,0.0,0,0,0,0.0,0.0,0.0,0.0,0.0,0.0,0.0,0.0,0.0,0.0,0.0,0.0,0.0,0.0,0.0,0.0,0,-107875648.0,69,0.0,138,0.0,2.012,ERR,ERR,ERR,ERR,ERR,ERR,ERR,ERR,ERR,ERR,ERR,ERR,ERR,ERR,ERR,ERR,ERR,ERR,ERR,ERR,ERR,ERR,ERR,ERR,ERR,ERR,ERR,ERR,ERR,ERR,ERR,ERR,ERR,ERR,ERR,ERR,ERR,ERR,ERR,ERR,ERR,ERR,ERR,ERR,ERR,ERR,ERR,ERR,ERR,ERR,ERR,ERR,ERR,ERR,ERR,ERR,ERR,ERR,ERR,ERR,ERR,ERR,ERR,ERR,ERR,ERR,ERR,60.0,60.0,35,0.0,0.0,0.0,0.0,0.0,0.0,0.0,0.0,0.0,0.0,0.0,0.0,0.0,0.0,0.0,0.0,64.8,0,150,71,56,65476,0,65476,0,1,8,20529,65476,0,0,2621,60.0,0.0,0.0,0.0,0.0,0.0
2026-07-09T15:30:11,ERR,ERR,ERR,ERR,ERR,ERR,ERR,ERR,ERR,ERR,ERR,ERR,ERR,ERR,ERR,ERR,ERR,ERR,ERR,ERR,ERR,ERR,ERR,ERR,ERR,ERR,ERR,ERR,ERR,ERR,ERR,ERR,ERR,ERR,ERR,ERR,ERR,ERR,ERR,ERR,ERR,ERR,ERR,ERR,ERR,ERR,ERR,ERR,ERR,ERR,ERR,ERR,ERR,ERR,ERR,ERR,ERR,ERR,ERR,ERR,ERR,ERR,ERR,ERR,ERR,ERR,ERR,ERR,ERR,ERR,ERR,ERR,ERR,ERR,ERR,ERR,ERR,ERR,ERR,ERR,ERR,ERR,ERR,ERR,ERR,ERR,ERR,ERR,ERR,ERR,ERR,ERR,ERR,ERR,ERR,ERR,ERR,ERR,ERR,ERR,ERR,ERR,ERR,ERR,ERR,ERR,ERR,ERR,ERR,ERR,ERR,ERR,ERR,ERR,ERR,ERR,ERR,ERR,ERR,ERR,ERR,ERR,ERR,ERR,ERR,0.0,0.0,-107614912.0,2.7183478752108883e+23,0.0,0.0,-0.0,-0.0,0,0,4,17320,7116,0.0,100,0.0,0.0,2.7183478752108883e+23,0.0,0.0,0,0,0,0,0.0,0,0,0,0,0,0,0,0,0,0,0,0,0,0,0,0,0,0,0,0,0,0,0,0,0,0,0,0,0,0,0,0,0,31,40,40,71,65476,0,300,0,0,8,21553,0.0,-107605600.0,0.0,0.0,0.0,0.0,0.0,0.0,0.0,0.0,0.0,0.0,0.0,0.0,0.0,0.0,0.0,0.0,0.0,0.0,0.0,0.0,2.004,3.6970682659782e+19,0.0,0.0,0.0,0.0,0.0,0.0,5296.0,-0.0,6928.0,0.0,0.0,2.004,2.004,0.0,0.0,0.0,0.0,69,-2.7184294804361363e+23,-2.3088299864821753e+20,0.0,0.0,0.0,0.0,0.0,0.0,0.0,0,0,0,0.0,0.0,0.0,0.0,0.0,0.0,0.0,0.0,0.0,0.0,0.0,0.0,0.0,0.0,0.0,0.0,0,-107875648.0,69,0.0,138,0.0,2.012,ERR,ERR,ERR,ERR,ERR,ERR,ERR,ERR,ERR,ERR,ERR,ERR,ERR,ERR,ERR,ERR,ERR,ERR,ERR,ERR,ERR,ERR,ERR,ERR,ERR,ERR,ERR,ERR,ERR,ERR,ERR,ERR,ERR,ERR,ERR,ERR,ERR,ERR,ERR,ERR,ERR,ERR,ERR,ERR,ERR,ERR,ERR,ERR,ERR,ERR,ERR,ERR,ERR,ERR,ERR,ERR,ERR,ERR,ERR,ERR,ERR,ERR,ERR,ERR,ERR,ERR,ERR,60.0,60.0,35,0.0,0.0,0.0,0.0,0.0,0.0,0.0,0.0,0.0,0.0,0.0,0.0,0.0,0.0,0.0,0.0,64.8,0,150,71,56,65476,0,65476,0,1,8,20529,65476,0,0,2621,60.0,0.0,0.0,0.0,0.0,0.0
2026-07-09T15:30:12,ERR,ERR,ERR,ERR,ERR,ERR,ERR,ERR,ERR,ERR,ERR,ERR,ERR,ERR,ERR,ERR,ERR,ERR,ERR,ERR,ERR,ERR,ERR,ERR,ERR,ERR,ERR,ERR,ERR,ERR,ERR,ERR,ERR,ERR,ERR,ERR,ERR,ERR,ERR,ERR,ERR,ERR,ERR,ERR,ERR,ERR,ERR,ERR,ERR,ERR,ERR,ERR,ERR,ERR,ERR,ERR,ERR,ERR,ERR,ERR,ERR,ERR,ERR,ERR,ERR,ERR,ERR,ERR,ERR,ERR,ERR,ERR,ERR,ERR,ERR,ERR,ERR,ERR,ERR,ERR,ERR,ERR,ERR,ERR,ERR,ERR,ERR,ERR,ERR,ERR,ERR,ERR,ERR,ERR,ERR,ERR,ERR,ERR,ERR,ERR,ERR,ERR,ERR,ERR,ERR,ERR,ERR,ERR,ERR,ERR,ERR,ERR,ERR,ERR,ERR,ERR,ERR,ERR,ERR,ERR,ERR,ERR,ERR,ERR,ERR,0.0,0.0,-107614912.0,2.7183478752108883e+23,0.0,0.0,-0.0,-0.0,0,0,4,17320,7116,0.0,100,0.0,0.0,2.7183478752108883e+23,0.0,0.0,0,0,0,0,0.0,0,0,0,0,0,0,0,0,0,0,0,0,0,0,0,0,0,0,0,0,0,0,0,0,0,0,0,0,0,0,0,0,0,31,40,40,71,65476,0,300,0,0,8,21553,0.0,-107605600.0,0.0,0.0,0.0,0.0,0.0,0.0,0.0,0.0,0.0,0.0,0.0,0.0,0.0,0.0,0.0,0.0,0.0,0.0,0.0,0.0,2.004,3.6970682659782e+19,0.0,0.0,0.0,0.0,0.0,0.0,5296.0,-0.0,6928.0,0.0,0.0,2.004,2.004,0.0,0.0,0.0,0.0,69,-2.7184294804361363e+23,-2.3088299864821753e+20,0.0,0.0,0.0,0.0,0.0,0.0,0.0,0,0,0,0.0,0.0,0.0,0.0,0.0,0.0,0.0,0.0,0.0,0.0,0.0,0.0,0.0,0.0,0.0,0.0,0,-107875648.0,69,0.0,138,0.0,2.012,ERR,ERR,ERR,ERR,ERR,ERR,ERR,ERR,ERR,ERR,ERR,ERR,ERR,ERR,ERR,ERR,ERR,ERR,ERR,ERR,ERR,ERR,ERR,ERR,ERR,ERR,ERR,ERR,ERR,ERR,ERR,ERR,ERR,ERR,ERR,ERR,ERR,ERR,ERR,ERR,ERR,ERR,ERR,ERR,ERR,ERR,ERR,ERR,ERR,ERR,ERR,ERR,ERR,ERR,ERR,ERR,ERR,ERR,ERR,ERR,ERR,ERR,ERR,ERR,ERR,ERR,ERR,60.0,60.0,35,0.0,0.0,0.0,0.0,0.0,0.0,0.0,0.0,0.0,0.0,0.0,0.0,0.0,0.0,0.0,0.0,64.8,0,150,71,56,65476,0,65476,0,1,8,20529,65476,0,0,2621,60.0,0.0,0.0,0.0,0.0,0.0
2026-07-09T15:30:13,ERR,ERR,ERR,ERR,ERR,ERR,ERR,ERR,ERR,ERR,ERR,ERR,ERR,ERR,ERR,ERR,ERR,ERR,ERR,ERR,ERR,ERR,ERR,ERR,ERR,ERR,ERR,ERR,ERR,ERR,ERR,ERR,ERR,ERR,ERR,ERR,ERR,ERR,ERR,ERR,ERR,ERR,ERR,ERR,ERR,ERR,ERR,ERR,ERR,ERR,ERR,ERR,ERR,ERR,ERR,ERR,ERR,ERR,ERR,ERR,ERR,ERR,ERR,ERR,ERR,ERR,ERR,ERR,ERR,ERR,ERR,ERR,ERR,ERR,ERR,ERR,ERR,ERR,ERR,ERR,ERR,ERR,ERR,ERR,ERR,ERR,ERR,ERR,ERR,ERR,ERR,ERR,ERR,ERR,ERR,ERR,ERR,ERR,ERR,ERR,ERR,ERR,ERR,ERR,ERR,ERR,ERR,ERR,ERR,ERR,ERR,ERR,ERR,ERR,ERR,ERR,ERR,ERR,ERR,ERR,ERR,ERR,ERR,ERR,ERR,0.0,0.0,-107614912.0,2.7183478752108883e+23,0.0,0.0,-0.0,-0.0,0,0,4,17320,7116,0.0,100,0.0,0.0,2.7183478752108883e+23,0.0,0.0,0,0,0,0,0.0,0,0,0,0,0,0,0,0,0,0,0,0,0,0,0,0,0,0,0,0,0,0,0,0,0,0,0,0,0,0,0,0,0,31,40,40,71,65476,0,300,0,0,8,21553,0.0,-107605600.0,0.0,0.0,0.0,0.0,0.0,0.0,0.0,0.0,0.0,0.0,0.0,0.0,0.0,0.0,0.0,0.0,0.0,0.0,0.0,0.0,2.004,3.6970682659782e+19,0.0,0.0,0.0,0.0,0.0,0.0,5296.0,-0.0,6928.0,0.0,0.0,2.004,2.004,0.0,0.0,0.0,0.0,69,-2.7184294804361363e+23,-2.3088299864821753e+20,0.0,0.0,0.0,0.0,0.0,0.0,0.0,0,0,0,0.0,0.0,0.0,0.0,0.0,0.0,0.0,0.0,0.0,0.0,0.0,0.0,0.0,0.0,0.0,0.0,0,-107875648.0,69,0.0,138,0.0,2.012,ERR,ERR,ERR,ERR,ERR,ERR,ERR,ERR,ERR,ERR,ERR,ERR,ERR,ERR,ERR,ERR,ERR,ERR,ERR,ERR,ERR,ERR,ERR,ERR,ERR,ERR,ERR,ERR,ERR,ERR,ERR,ERR,ERR,ERR,ERR,ERR,ERR,ERR,ERR,ERR,ERR,ERR,ERR,ERR,ERR,ERR,ERR,ERR,ERR,ERR,ERR,ERR,ERR,ERR,ERR,ERR,ERR,ERR,ERR,ERR,ERR,ERR,ERR,ERR,ERR,ERR,ERR,60.0,60.0,35,0.0,0.0,0.0,0.0,0.0,0.0,0.0,0.0,0.0,0.0,0.0,0.0,0.0,0.0,0.0,0.0,64.8,0,150,71,56,65476,0,65476,0,1,8,20529,65476,0,0,2621,60.0,0.0,0.0,0.0,0.0,0.0
2026-07-09T15:30:14,ERR,ERR,ERR,ERR,ERR,ERR,ERR,ERR,ERR,ERR,ERR,ERR,ERR,ERR,ERR,ERR,ERR,ERR,ERR,ERR,ERR,ERR,ERR,ERR,ERR,ERR,ERR,ERR,ERR,ERR,ERR,ERR,ERR,ERR,ERR,ERR,ERR,ERR,ERR,ERR,ERR,ERR,ERR,ERR,ERR,ERR,ERR,ERR,ERR,ERR,ERR,ERR,ERR,ERR,ERR,ERR,ERR,ERR,ERR,ERR,ERR,ERR,ERR,ERR,ERR,ERR,ERR,ERR,ERR,ERR,ERR,ERR,ERR,ERR,ERR,ERR,ERR,ERR,ERR,ERR,ERR,ERR,ERR,ERR,ERR,ERR,ERR,ERR,ERR,ERR,ERR,ERR,ERR,ERR,ERR,ERR,ERR,ERR,ERR,ERR,ERR,ERR,ERR,ERR,ERR,ERR,ERR,ERR,ERR,ERR,ERR,ERR,ERR,ERR,ERR,ERR,ERR,ERR,ERR,ERR,ERR,ERR,ERR,ERR,ERR,0.0,0.0,-107614912.0,2.7183478752108883e+23,0.0,0.0,-0.0,-0.0,0,0,4,17320,7116,0.0,100,0.0,0.0,2.7183478752108883e+23,0.0,0.0,0,0,0,0,0.0,0,0,0,0,0,0,0,0,0,0,0,0,0,0,0,0,0,0,0,0,0,0,0,0,0,0,0,0,0,0,0,0,0,31,40,40,71,65476,0,300,0,0,8,21553,0.0,-107605600.0,0.0,0.0,0.0,0.0,0.0,0.0,0.0,0.0,0.0,0.0,0.0,0.0,0.0,0.0,0.0,0.0,0.0,0.0,0.0,0.0,2.004,3.6970682659782e+19,0.0,0.0,0.0,0.0,0.0,0.0,5296.0,-0.0,6928.0,0.0,0.0,2.004,2.004,0.0,0.0,0.0,0.0,69,-2.7184294804361363e+23,-2.3088299864821753e+20,0.0,0.0,0.0,0.0,0.0,0.0,0.0,0,0,0,0.0,0.0,0.0,0.0,0.0,0.0,0.0,0.0,0.0,0.0,0.0,0.0,0.0,0.0,0.0,0.0,0,-107875648.0,69,0.0,138,0.0,2.012,ERR,ERR,ERR,ERR,ERR,ERR,ERR,ERR,ERR,ERR,ERR,ERR,ERR,ERR,ERR,ERR,ERR,ERR,ERR,ERR,ERR,ERR,ERR,ERR,ERR,ERR,ERR,ERR,ERR,ERR,ERR,ERR,ERR,ERR,ERR,ERR,ERR,ERR,ERR,ERR,ERR,ERR,ERR,ERR,ERR,ERR,ERR,ERR,ERR,ERR,ERR,ERR,ERR,ERR,ERR,ERR,ERR,ERR,ERR,ERR,ERR,ERR,ERR,ERR,ERR,ERR,ERR,60.0,60.0,35,0.0,0.0,0.0,0.0,0.0,0.0,0.0,0.0,0.0,0.0,0.0,0.0,0.0,0.0,0.0,0.0,64.8,0,150,71,56,65476,0,65476,0,1,8,20529,65476,0,0,2621,60.0,0.0,0.0,0.0,0.0,0.0
2026-07-09T15:30:15,ERR,ERR,ERR,ERR,ERR,ERR,ERR,ERR,ERR,ERR,ERR,ERR,ERR,ERR,ERR,ERR,ERR,ERR,ERR,ERR,ERR,ERR,ERR,ERR,ERR,ERR,ERR,ERR,ERR,ERR,ERR,ERR,ERR,ERR,ERR,ERR,ERR,ERR,ERR,ERR,ERR,ERR,ERR,ERR,ERR,ERR,ERR,ERR,ERR,ERR,ERR,ERR,ERR,ERR,ERR,ERR,ERR,ERR,ERR,ERR,ERR,ERR,ERR,ERR,ERR,ERR,ERR,ERR,ERR,ERR,ERR,ERR,ERR,ERR,ERR,ERR,ERR,ERR,ERR,ERR,ERR,ERR,ERR,ERR,ERR,ERR,ERR,ERR,ERR,ERR,ERR,ERR,ERR,ERR,ERR,ERR,ERR,ERR,ERR,ERR,ERR,ERR,ERR,ERR,ERR,ERR,ERR,ERR,ERR,ERR,ERR,ERR,ERR,ERR,ERR,ERR,ERR,ERR,ERR,ERR,ERR,ERR,ERR,ERR,ERR,0.0,0.0,-107614912.0,2.7183478752108883e+23,0.0,0.0,-0.0,-0.0,0,0,4,17320,7116,0.0,100,0.0,0.0,2.7183478752108883e+23,0.0,0.0,0,0,0,0,0.0,0,0,0,0,0,0,0,0,0,0,0,0,0,0,0,0,0,0,0,0,0,0,0,0,0,0,0,0,0,0,0,0,0,31,40,40,71,65476,0,300,0,0,8,21553,0.0,-107605600.0,0.0,0.0,0.0,0.0,0.0,0.0,0.0,0.0,0.0,0.0,0.0,0.0,0.0,0.0,0.0,0.0,0.0,0.0,0.0,0.0,2.004,3.6970682659782e+19,0.0,0.0,0.0,0.0,0.0,0.0,5296.0,-0.0,6928.0,0.0,0.0,2.004,2.004,0.0,0.0,0.0,0.0,69,-2.7184294804361363e+23,-2.3088299864821753e+20,0.0,0.0,0.0,0.0,0.0,0.0,0.0,0,0,0,0.0,0.0,0.0,0.0,0.0,0.0,0.0,0.0,0.0,0.0,0.0,0.0,0.0,0.0,0.0,0.0,0,-107875648.0,69,0.0,138,0.0,2.012,ERR,ERR,ERR,ERR,ERR,ERR,ERR,ERR,ERR,ERR,ERR,ERR,ERR,ERR,ERR,ERR,ERR,ERR,ERR,ERR,ERR,ERR,ERR,ERR,ERR,ERR,ERR,ERR,ERR,ERR,ERR,ERR,ERR,ERR,ERR,ERR,ERR,ERR,ERR,ERR,ERR,ERR,ERR,ERR,ERR,ERR,ERR,ERR,ERR,ERR,ERR,ERR,ERR,ERR,ERR,ERR,ERR,ERR,ERR,ERR,ERR,ERR,ERR,ERR,ERR,ERR,ERR,60.0,60.0,35,0.0,0.0,0.0,0.0,0.0,0.0,0.0,0.0,0.0,0.0,0.0,0.0,0.0,0.0,0.0,0.0,64.8,0,150,71,56,65476,0,65476,0,1,8,20529,65476,0,0,2621,60.0,0.0,0.0,0.0,0.0,0.0
2026-07-09T15:30:16,ERR,ERR,ERR,ERR,ERR,ERR,ERR,ERR,ERR,ERR,ERR,ERR,ERR,ERR,ERR,ERR,ERR,ERR,ERR,ERR,ERR,ERR,ERR,ERR,ERR,ERR,ERR,ERR,ERR,ERR,ERR,ERR,ERR,ERR,ERR,ERR,ERR,ERR,ERR,ERR,ERR,ERR,ERR,ERR,ERR,ERR,ERR,ERR,ERR,ERR,ERR,ERR,ERR,ERR,ERR,ERR,ERR,ERR,ERR,ERR,ERR,ERR,ERR,ERR,ERR,ERR,ERR,ERR,ERR,ERR,ERR,ERR,ERR,ERR,ERR,ERR,ERR,ERR,ERR,ERR,ERR,ERR,ERR,ERR,ERR,ERR,ERR,ERR,ERR,ERR,ERR,ERR,ERR,ERR,ERR,ERR,ERR,ERR,ERR,ERR,ERR,ERR,ERR,ERR,ERR,ERR,ERR,ERR,ERR,ERR,ERR,ERR,ERR,ERR,ERR,ERR,ERR,ERR,ERR,ERR,ERR,ERR,ERR,ERR,ERR,0.0,2.718446053682765e+23,-0.0,0.0,0.0,-1.6441139163154046e+21,29587595591680.0,-3.53708275985886e+24,0,0,4,17318,7116,0.0,100,0.0,0.0,0.0,0.0,0.0,0,0,0,0,0.0,0,0,0,0,0,0,0,0,0,0,0,0,0,0,0,0,0,0,0,0,0,0,0,0,0,0,0,0,0,0,0,0,0,31,40,40,71,65476,0,300,0,0,8,21553,0.0,-107605600.0,0.0,0.0,0.0,0.0,0.0,0.0,0.0,0.0,0.0,0.0,0.0,0.0,-2.596148429267414e+33,0.0,0.0,0.0,0.0,0.0,0.0,0.0,2.004,-2.004,0.0,0.0,0.0,0.0,0.0,0.0,5290.0,564146437357568.0,6917.0,0.0,-0.0,2.004,2.004,0.0,0.0,0.0,0.0,69,5.848082620734646e+35,2.718419392372971e+23,0.0,0.0,0.0,0.0,0.0,0.0,0.0,0,0,0,0.0,0.0,0.0,0.0,0.0,0.0,0.0,0.0,0.0,0.0,0.0,0.0,0.0,0.0,0.0,0.0,0,-107875648.0,69,0.0,138,0.0,2.012,ERR,ERR,ERR,ERR,ERR,ERR,ERR,ERR,ERR,ERR,ERR,ERR,ERR,ERR,ERR,ERR,ERR,ERR,ERR,ERR,ERR,ERR,ERR,ERR,ERR,ERR,ERR,ERR,ERR,ERR,ERR,ERR,ERR,ERR,ERR,ERR,ERR,ERR,ERR,ERR,ERR,ERR,ERR,ERR,ERR,ERR,ERR,ERR,ERR,ERR,ERR,ERR,ERR,ERR,ERR,ERR,ERR,ERR,ERR,ERR,ERR,ERR,ERR,ERR,ERR,ERR,ERR,60.0,60.0,35,0.0,0.0,0.0,0.0,0.0,0.0,0.0,0.0,0.0,0.0,0.0,0.0,0.0,0.0,0.0,0.0,64.8,0,150,71,56,65476,0,65476,0,1,8,20529,65476,0,0,2621,60.0,0.0,0.0,0.0,0.0,0.0
2026-07-09T15:30:17,ERR,ERR,ERR,ERR,ERR,ERR,ERR,ERR,ERR,ERR,ERR,ERR,ERR,ERR,ERR,ERR,ERR,ERR,ERR,ERR,ERR,ERR,ERR,ERR,ERR,ERR,ERR,ERR,ERR,ERR,ERR,ERR,ERR,ERR,ERR,ERR,ERR,ERR,ERR,ERR,ERR,ERR,ERR,ERR,ERR,ERR,ERR,ERR,ERR,ERR,ERR,ERR,ERR,ERR,ERR,ERR,ERR,ERR,ERR,ERR,ERR,ERR,ERR,ERR,ERR,ERR,ERR,ERR,ERR,ERR,ERR,ERR,ERR,ERR,ERR,ERR,ERR,ERR,ERR,ERR,ERR,ERR,ERR,ERR,ERR,ERR,ERR,ERR,ERR,ERR,ERR,ERR,ERR,ERR,ERR,ERR,ERR,ERR,ERR,ERR,ERR,ERR,ERR,ERR,ERR,ERR,ERR,ERR,ERR,ERR,ERR,ERR,ERR,ERR,ERR,ERR,ERR,ERR,ERR,ERR,ERR,ERR,ERR,ERR,ERR,0.0,2.718446053682765e+23,-0.0,0.0,0.0,-1.6441139163154046e+21,29587595591680.0,-3.53708275985886e+24,0,0,4,17318,7116,0.0,100,0.0,0.0,0.0,0.0,0.0,0,0,0,0,0.0,0,0,0,0,0,0,0,0,0,0,0,0,0,0,0,0,0,0,0,0,0,0,0,0,0,0,0,0,0,0,0,0,0,31,40,40,71,65476,0,300,0,0,8,21553,0.0,-107605600.0,0.0,0.0,0.0,0.0,0.0,0.0,0.0,0.0,0.0,0.0,0.0,0.0,-2.596148429267414e+33,0.0,0.0,0.0,0.0,0.0,0.0,0.0,2.004,-2.004,0.0,0.0,0.0,0.0,0.0,0.0,5290.0,564146437357568.0,6917.0,0.0,-0.0,2.004,2.004,0.0,0.0,0.0,0.0,69,5.848082620734646e+35,2.718419392372971e+23,0.0,0.0,0.0,0.0,0.0,0.0,0.0,0,0,0,0.0,0.0,0.0,0.0,0.0,0.0,0.0,0.0,0.0,0.0,0.0,0.0,0.0,0.0,0.0,0.0,0,-107875648.0,69,0.0,138,0.0,2.012,ERR,ERR,ERR,ERR,ERR,ERR,ERR,ERR,ERR,ERR,ERR,ERR,ERR,ERR,ERR,ERR,ERR,ERR,ERR,ERR,ERR,ERR,ERR,ERR,ERR,ERR,ERR,ERR,ERR,ERR,ERR,ERR,ERR,ERR,ERR,ERR,ERR,ERR,ERR,ERR,ERR,ERR,ERR,ERR,ERR,ERR,ERR,ERR,ERR,ERR,ERR,ERR,ERR,ERR,ERR,ERR,ERR,ERR,ERR,ERR,ERR,ERR,ERR,ERR,ERR,ERR,ERR,60.0,60.0,35,0.0,0.0,0.0,0.0,0.0,0.0,0.0,0.0,0.0,0.0,0.0,0.0,0.0,0.0,0.0,0.0,64.8,0,150,71,56,65476,0,65476,0,1,8,20529,65476,0,0,2621,60.0,0.0,0.0,0.0,0.0,0.0
2026-07-09T15:30:18,ERR,ERR,ERR,ERR,ERR,ERR,ERR,ERR,ERR,ERR,ERR,ERR,ERR,ERR,ERR,ERR,ERR,ERR,ERR,ERR,ERR,ERR,ERR,ERR,ERR,ERR,ERR,ERR,ERR,ERR,ERR,ERR,ERR,ERR,ERR,ERR,ERR,ERR,ERR,ERR,ERR,ERR,ERR,ERR,ERR,ERR,ERR,ERR,ERR,ERR,ERR,ERR,ERR,ERR,ERR,ERR,ERR,ERR,ERR,ERR,ERR,ERR,ERR,ERR,ERR,ERR,ERR,ERR,ERR,ERR,ERR,ERR,ERR,ERR,ERR,ERR,ERR,ERR,ERR,ERR,ERR,ERR,ERR,ERR,ERR,ERR,ERR,ERR,ERR,ERR,ERR,ERR,ERR,ERR,ERR,ERR,ERR,ERR,ERR,ERR,ERR,ERR,ERR,ERR,ERR,ERR,ERR,ERR,ERR,ERR,ERR,ERR,ERR,ERR,ERR,ERR,ERR,ERR,ERR,ERR,ERR,ERR,ERR,ERR,ERR,0.0,2.718446053682765e+23,-0.0,0.0,0.0,-1.6441139163154046e+21,29587595591680.0,-3.53708275985886e+24,0,0,4,17318,7116,0.0,100,0.0,0.0,0.0,0.0,0.0,0,0,0,0,0.0,0,0,0,0,0,0,0,0,0,0,0,0,0,0,0,0,0,0,0,0,0,0,0,0,0,0,0,0,0,0,0,0,0,31,40,40,71,65476,0,300,0,0,8,21553,0.0,-107605600.0,0.0,0.0,0.0,0.0,0.0,0.0,0.0,0.0,0.0,0.0,0.0,0.0,-2.596148429267414e+33,0.0,0.0,0.0,0.0,0.0,0.0,0.0,2.004,-2.004,0.0,0.0,0.0,0.0,0.0,0.0,5290.0,564146437357568.0,6917.0,0.0,-0.0,2.004,2.004,0.0,0.0,0.0,0.0,69,5.848082620734646e+35,2.718419392372971e+23,0.0,0.0,0.0,0.0,0.0,0.0,0.0,0,0,0,0.0,0.0,0.0,0.0,0.0,0.0,0.0,0.0,0.0,0.0,0.0,0.0,0.0,0.0,0.0,0.0,0,-107875648.0,69,0.0,138,0.0,2.012,ERR,ERR,ERR,ERR,ERR,ERR,ERR,ERR,ERR,ERR,ERR,ERR,ERR,ERR,ERR,ERR,ERR,ERR,ERR,ERR,ERR,ERR,ERR,ERR,ERR,ERR,ERR,ERR,ERR,ERR,ERR,ERR,ERR,ERR,ERR,ERR,ERR,ERR,ERR,ERR,ERR,ERR,ERR,ERR,ERR,ERR,ERR,ERR,ERR,ERR,ERR,ERR,ERR,ERR,ERR,ERR,ERR,ERR,ERR,ERR,ERR,ERR,ERR,ERR,ERR,ERR,ERR,60.0,60.0,35,0.0,0.0,0.0,0.0,0.0,0.0,0.0,0.0,0.0,0.0,0.0,0.0,0.0,0.0,0.0,0.0,64.8,0,150,71,56,65476,0,65476,0,1,8,20529,65476,0,0,2621,60.0,0.0,0.0,0.0,0.0,0.0
2026-07-09T15:30:19,ERR,ERR,ERR,ERR,ERR,ERR,ERR,ERR,ERR,ERR,ERR,ERR,ERR,ERR,ERR,ERR,ERR,ERR,ERR,ERR,ERR,ERR,ERR,ERR,ERR,ERR,ERR,ERR,ERR,ERR,ERR,ERR,ERR,ERR,ERR,ERR,ERR,ERR,ERR,ERR,ERR,ERR,ERR,ERR,ERR,ERR,ERR,ERR,ERR,ERR,ERR,ERR,ERR,ERR,ERR,ERR,ERR,ERR,ERR,ERR,ERR,ERR,ERR,ERR,ERR,ERR,ERR,ERR,ERR,ERR,ERR,ERR,ERR,ERR,ERR,ERR,ERR,ERR,ERR,ERR,ERR,ERR,ERR,ERR,ERR,ERR,ERR,ERR,ERR,ERR,ERR,ERR,ERR,ERR,ERR,ERR,ERR,ERR,ERR,ERR,ERR,ERR,ERR,ERR,ERR,ERR,ERR,ERR,ERR,ERR,ERR,ERR,ERR,ERR,ERR,ERR,ERR,ERR,ERR,ERR,ERR,ERR,ERR,ERR,ERR,0.0,2.718446053682765e+23,-0.0,0.0,0.0,-1.6441139163154046e+21,29587595591680.0,-3.53708275985886e+24,0,0,4,17318,7116,0.0,100,0.0,0.0,0.0,0.0,0.0,0,0,0,0,0.0,0,0,0,0,0,0,0,0,0,0,0,0,0,0,0,0,0,0,0,0,0,0,0,0,0,0,0,0,0,0,0,0,0,31,40,40,71,65476,0,300,0,0,8,21553,0.0,-107605600.0,0.0,0.0,0.0,0.0,0.0,0.0,0.0,0.0,0.0,0.0,0.0,0.0,-2.596148429267414e+33,0.0,0.0,0.0,0.0,0.0,0.0,0.0,2.004,-2.004,0.0,0.0,0.0,0.0,0.0,0.0,5290.0,564146437357568.0,6917.0,0.0,-0.0,2.004,2.004,0.0,0.0,0.0,0.0,69,5.848082620734646e+35,2.718419392372971e+23,0.0,0.0,0.0,0.0,0.0,0.0,0.0,0,0,0,0.0,0.0,0.0,0.0,0.0,0.0,0.0,0.0,0.0,0.0,0.0,0.0,0.0,0.0,0.0,0.0,0,-107875648.0,69,0.0,138,0.0,2.012,ERR,ERR,ERR,ERR,ERR,ERR,ERR,ERR,ERR,ERR,ERR,ERR,ERR,ERR,ERR,ERR,ERR,ERR,ERR,ERR,ERR,ERR,ERR,ERR,ERR,ERR,ERR,ERR,ERR,ERR,ERR,ERR,ERR,ERR,ERR,ERR,ERR,ERR,ERR,ERR,ERR,ERR,ERR,ERR,ERR,ERR,ERR,ERR,ERR,ERR,ERR,ERR,ERR,ERR,ERR,ERR,ERR,ERR,ERR,ERR,ERR,ERR,ERR,ERR,ERR,ERR,ERR,60.0,60.0,35,0.0,0.0,0.0,0.0,0.0,0.0,0.0,0.0,0.0,0.0,0.0,0.0,0.0,0.0,0.0,0.0,64.8,0,150,71,56,65476,0,65476,0,1,8,20529,65476,0,0,2621,60.0,0.0,0.0,0.0,0.0,0.0
2026-07-09T15:30:20,ERR,ERR,ERR,ERR,ERR,ERR,ERR,ERR,ERR,ERR,ERR,ERR,ERR,ERR,ERR,ERR,ERR,ERR,ERR,ERR,ERR,ERR,ERR,ERR,ERR,ERR,ERR,ERR,ERR,ERR,ERR,ERR,ERR,ERR,ERR,ERR,ERR,ERR,ERR,ERR,ERR,ERR,ERR,ERR,ERR,ERR,ERR,ERR,ERR,ERR,ERR,ERR,ERR,ERR,ERR,ERR,ERR,ERR,ERR,ERR,ERR,ERR,ERR,ERR,ERR,ERR,ERR,ERR,ERR,ERR,ERR,ERR,ERR,ERR,ERR,ERR,ERR,ERR,ERR,ERR,ERR,ERR,ERR,ERR,ERR,ERR,ERR,ERR,ERR,ERR,ERR,ERR,ERR,ERR,ERR,ERR,ERR,ERR,ERR,ERR,ERR,ERR,ERR,ERR,ERR,ERR,ERR,ERR,ERR,ERR,ERR,ERR,ERR,ERR,ERR,ERR,ERR,ERR,ERR,ERR,ERR,ERR,ERR,ERR,ERR,0.0,2.718446053682765e+23,-0.0,0.0,0.0,-1.6441139163154046e+21,29587595591680.0,-3.53708275985886e+24,0,0,4,17318,7116,0.0,100,0.0,0.0,0.0,0.0,0.0,0,0,0,0,0.0,0,0,0,0,0,0,0,0,0,0,0,0,0,0,0,0,0,0,0,0,0,0,0,0,0,0,0,0,0,0,0,0,0,31,40,40,71,65476,0,300,0,0,8,21553,0.0,-107605600.0,0.0,0.0,0.0,0.0,0.0,0.0,0.0,0.0,0.0,0.0,0.0,0.0,-2.596148429267414e+33,0.0,0.0,0.0,0.0,0.0,0.0,0.0,2.004,-2.004,0.0,0.0,0.0,0.0,0.0,0.0,5290.0,564146437357568.0,6917.0,0.0,-0.0,2.004,2.004,0.0,0.0,0.0,0.0,69,5.848082620734646e+35,2.718419392372971e+23,0.0,0.0,0.0,0.0,0.0,0.0,0.0,0,0,0,0.0,0.0,0.0,0.0,0.0,0.0,0.0,0.0,0.0,0.0,0.0,0.0,0.0,0.0,0.0,0.0,0,-107875648.0,69,0.0,138,0.0,2.012,ERR,ERR,ERR,ERR,ERR,ERR,ERR,ERR,ERR,ERR,ERR,ERR,ERR,ERR,ERR,ERR,ERR,ERR,ERR,ERR,ERR,ERR,ERR,ERR,ERR,ERR,ERR,ERR,ERR,ERR,ERR,ERR,ERR,ERR,ERR,ERR,ERR,ERR,ERR,ERR,ERR,ERR,ERR,ERR,ERR,ERR,ERR,ERR,ERR,ERR,ERR,ERR,ERR,ERR,ERR,ERR,ERR,ERR,ERR,ERR,ERR,ERR,ERR,ERR,ERR,ERR,ERR,60.0,60.0,35,0.0,0.0,0.0,0.0,0.0,0.0,0.0,0.0,0.0,0.0,0.0,0.0,0.0,0.0,0.0,0.0,64.8,0,150,71,56,65476,0,65476,0,1,8,20529,65476,0,0,2621,60.0,0.0,0.0,0.0,0.0,0.0
2026-07-09T15:30:21,ERR,ERR,ERR,ERR,ERR,ERR,ERR,ERR,ERR,ERR,ERR,ERR,ERR,ERR,ERR,ERR,ERR,ERR,ERR,ERR,ERR,ERR,ERR,ERR,ERR,ERR,ERR,ERR,ERR,ERR,ERR,ERR,ERR,ERR,ERR,ERR,ERR,ERR,ERR,ERR,ERR,ERR,ERR,ERR,ERR,ERR,ERR,ERR,ERR,ERR,ERR,ERR,ERR,ERR,ERR,ERR,ERR,ERR,ERR,ERR,ERR,ERR,ERR,ERR,ERR,ERR,ERR,ERR,ERR,ERR,ERR,ERR,ERR,ERR,ERR,ERR,ERR,ERR,ERR,ERR,ERR,ERR,ERR,ERR,ERR,ERR,ERR,ERR,ERR,ERR,ERR,ERR,ERR,ERR,ERR,ERR,ERR,ERR,ERR,ERR,ERR,ERR,ERR,ERR,ERR,ERR,ERR,ERR,ERR,ERR,ERR,ERR,ERR,ERR,ERR,ERR,ERR,ERR,ERR,ERR,ERR,ERR,ERR,ERR,ERR,0.0,2.718446053682765e+23,-0.0,0.0,0.0,-1.6441139163154046e+21,29587595591680.0,-3.53708275985886e+24,0,0,4,17318,7116,0.0,100,0.0,0.0,0.0,0.0,0.0,0,0,0,0,0.0,0,0,0,0,0,0,0,0,0,0,0,0,0,0,0,0,0,0,0,0,0,0,0,0,0,0,0,0,0,0,0,0,0,31,40,40,71,65476,0,300,0,0,8,21553,0.0,-107605600.0,0.0,0.0,0.0,0.0,0.0,0.0,0.0,0.0,0.0,0.0,0.0,0.0,-2.596148429267414e+33,0.0,0.0,0.0,0.0,0.0,0.0,0.0,2.004,-2.004,0.0,0.0,0.0,0.0,0.0,0.0,5290.0,564146437357568.0,6917.0,0.0,-0.0,2.004,2.004,0.0,0.0,0.0,0.0,69,5.848082620734646e+35,2.718419392372971e+23,0.0,0.0,0.0,0.0,0.0,0.0,0.0,0,0,0,0.0,0.0,0.0,0.0,0.0,0.0,0.0,0.0,0.0,0.0,0.0,0.0,0.0,0.0,0.0,0.0,0,-107875648.0,69,0.0,138,0.0,2.012,ERR,ERR,ERR,ERR,ERR,ERR,ERR,ERR,ERR,ERR,ERR,ERR,ERR,ERR,ERR,ERR,ERR,ERR,ERR,ERR,ERR,ERR,ERR,ERR,ERR,ERR,ERR,ERR,ERR,ERR,ERR,ERR,ERR,ERR,ERR,ERR,ERR,ERR,ERR,ERR,ERR,ERR,ERR,ERR,ERR,ERR,ERR,ERR,ERR,ERR,ERR,ERR,ERR,ERR,ERR,ERR,ERR,ERR,ERR,ERR,ERR,ERR,ERR,ERR,ERR,ERR,ERR,60.0,60.0,35,0.0,0.0,0.0,0.0,0.0,0.0,0.0,0.0,0.0,0.0,0.0,0.0,0.0,0.0,0.0,0.0,64.8,0,150,71,56,65476,0,65476,0,1,8,20529,65476,0,0,2621,60.0,0.0,0.0,0.0,0.0,0.0
2026-07-09T15:30:22,ERR,ERR,ERR,ERR,ERR,ERR,ERR,ERR,ERR,ERR,ERR,ERR,ERR,ERR,ERR,ERR,ERR,ERR,ERR,ERR,ERR,ERR,ERR,ERR,ERR,ERR,ERR,ERR,ERR,ERR,ERR,ERR,ERR,ERR,ERR,ERR,ERR,ERR,ERR,ERR,ERR,ERR,ERR,ERR,ERR,ERR,ERR,ERR,ERR,ERR,ERR,ERR,ERR,ERR,ERR,ERR,ERR,ERR,ERR,ERR,ERR,ERR,ERR,ERR,ERR,ERR,ERR,ERR,ERR,ERR,ERR,ERR,ERR,ERR,ERR,ERR,ERR,ERR,ERR,ERR,ERR,ERR,ERR,ERR,ERR,ERR,ERR,ERR,ERR,ERR,ERR,ERR,ERR,ERR,ERR,ERR,ERR,ERR,ERR,ERR,ERR,ERR,ERR,ERR,ERR,ERR,ERR,ERR,ERR,ERR,ERR,ERR,ERR,ERR,ERR,ERR,ERR,ERR,ERR,ERR,ERR,ERR,ERR,ERR,ERR,0.0,-107616056.0,2.7302265695880407e+23,0.0,-0.0,0.001,-0.0,7.793809043837348e+21,0,0,4,17321,7116,0.0,100,0.0,0.0,0.0,0.0,0.0,0,0,0,0,0.0,0,0,0,0,0,0,0,0,0,0,0,0,0,0,0,0,0,0,0,0,0,0,0,0,0,0,0,0,0,0,0,0,0,31,40,40,71,65476,0,300,0,0,8,21553,0.0,-107605600.0,0.0,0.0,0.0,0.0,0.0,0.0,0.0,0.0,0.0,0.0,0.0,0.0,0.0,0.0,0.0,0.0,0.0,0.0,0.0,0.0,2.004,-3.6970682659782e+19,0.0,0.0,0.0,0.0,0.0,0.0,5273.0,-2.422990210375291e+24,6941.0,0.0,-107616056.0,2.004,2.004,0.0,0.0,0.0,0.0,69,-89221.094,0.0,0.0,0.0,0.0,0.0,0.0,0.0,0.0,0,0,0,0.0,0.0,0.0,0.0,0.0,0.0,0.0,0.0,0.0,0.0,0.0,0.0,0.0,0.0,0.0,0.0,0,-107875648.0,69,0.0,138,0.0,2.012,ERR,ERR,ERR,ERR,ERR,ERR,ERR,ERR,ERR,ERR,ERR,ERR,ERR,ERR,ERR,ERR,ERR,ERR,ERR,ERR,ERR,ERR,ERR,ERR,ERR,ERR,ERR,ERR,ERR,ERR,ERR,ERR,ERR,ERR,ERR,ERR,ERR,ERR,ERR,ERR,ERR,ERR,ERR,ERR,ERR,ERR,ERR,ERR,ERR,ERR,ERR,ERR,ERR,ERR,ERR,ERR,ERR,ERR,ERR,ERR,ERR,ERR,ERR,ERR,ERR,ERR,ERR,60.0,60.0,35,0.0,0.0,0.0,0.0,0.0,0.0,0.0,0.0,0.0,0.0,0.0,0.0,0.0,0.0,0.0,0.0,64.8,0,150,71,56,65476,0,65476,0,1,8,20529,65476,0,0,2621,60.0,0.0,0.0,0.0,0.0,0.0
2026-07-09T15:30:23,ERR,ERR,ERR,ERR,ERR,ERR,ERR,ERR,ERR,ERR,ERR,ERR,ERR,ERR,ERR,ERR,ERR,ERR,ERR,ERR,ERR,ERR,ERR,ERR,ERR,ERR,ERR,ERR,ERR,ERR,ERR,ERR,ERR,ERR,ERR,ERR,ERR,ERR,ERR,ERR,ERR,ERR,ERR,ERR,ERR,ERR,ERR,ERR,ERR,ERR,ERR,ERR,ERR,ERR,ERR,ERR,ERR,ERR,ERR,ERR,ERR,ERR,ERR,ERR,ERR,ERR,ERR,ERR,ERR,ERR,ERR,ERR,ERR,ERR,ERR,ERR,ERR,ERR,ERR,ERR,ERR,ERR,ERR,ERR,ERR,ERR,ERR,ERR,ERR,ERR,ERR,ERR,ERR,ERR,ERR,ERR,ERR,ERR,ERR,ERR,ERR,ERR,ERR,ERR,ERR,ERR,ERR,ERR,ERR,ERR,ERR,ERR,ERR,ERR,ERR,ERR,ERR,ERR,ERR,ERR,ERR,ERR,ERR,ERR,ERR,0.0,-107616056.0,2.7302265695880407e+23,0.0,-0.0,0.001,-0.0,7.793809043837348e+21,0,0,4,17321,7116,0.0,100,0.0,0.0,0.0,0.0,0.0,0,0,0,0,0.0,0,0,0,0,0,0,0,0,0,0,0,0,0,0,0,0,0,0,0,0,0,0,0,0,0,0,0,0,0,0,0,0,0,31,40,40,71,65476,0,300,0,0,8,21553,0.0,-107605600.0,0.0,0.0,0.0,0.0,0.0,0.0,0.0,0.0,0.0,0.0,0.0,0.0,0.0,0.0,0.0,0.0,0.0,0.0,0.0,0.0,2.004,-3.6970682659782e+19,0.0,0.0,0.0,0.0,0.0,0.0,5273.0,-2.422990210375291e+24,6941.0,0.0,-107616056.0,2.004,2.004,0.0,0.0,0.0,0.0,69,-89221.094,0.0,0.0,0.0,0.0,0.0,0.0,0.0,0.0,0,0,0,0.0,0.0,0.0,0.0,0.0,0.0,0.0,0.0,0.0,0.0,0.0,0.0,0.0,0.0,0.0,0.0,0,-107875648.0,69,0.0,138,0.0,2.012,ERR,ERR,ERR,ERR,ERR,ERR,ERR,ERR,ERR,ERR,ERR,ERR,ERR,ERR,ERR,ERR,ERR,ERR,ERR,ERR,ERR,ERR,ERR,ERR,ERR,ERR,ERR,ERR,ERR,ERR,ERR,ERR,ERR,ERR,ERR,ERR,ERR,ERR,ERR,ERR,ERR,ERR,ERR,ERR,ERR,ERR,ERR,ERR,ERR,ERR,ERR,ERR,ERR,ERR,ERR,ERR,ERR,ERR,ERR,ERR,ERR,ERR,ERR,ERR,ERR,ERR,ERR,60.0,60.0,35,0.0,0.0,0.0,0.0,0.0,0.0,0.0,0.0,0.0,0.0,0.0,0.0,0.0,0.0,0.0,0.0,65.6,0,150,71,56,65476,0,65476,0,1,8,20529,65476,0,0,2621,60.0,0.0,0.0,0.0,0.0,0.0
2026-07-09T15:30:24,ERR,ERR,ERR,ERR,ERR,ERR,ERR,ERR,ERR,ERR,ERR,ERR,ERR,ERR,ERR,ERR,ERR,ERR,ERR,ERR,ERR,ERR,ERR,ERR,ERR,ERR,ERR,ERR,ERR,ERR,ERR,ERR,ERR,ERR,ERR,ERR,ERR,ERR,ERR,ERR,ERR,ERR,ERR,ERR,ERR,ERR,ERR,ERR,ERR,ERR,ERR,ERR,ERR,ERR,ERR,ERR,ERR,ERR,ERR,ERR,ERR,ERR,ERR,ERR,ERR,ERR,ERR,ERR,ERR,ERR,ERR,ERR,ERR,ERR,ERR,ERR,ERR,ERR,ERR,ERR,ERR,ERR,ERR,ERR,ERR,ERR,ERR,ERR,ERR,ERR,ERR,ERR,ERR,ERR,ERR,ERR,ERR,ERR,ERR,ERR,ERR,ERR,ERR,ERR,ERR,ERR,ERR,ERR,ERR,ERR,ERR,ERR,ERR,ERR,ERR,ERR,ERR,ERR,ERR,ERR,ERR,ERR,ERR,ERR,ERR,0.0,-107616056.0,2.7302265695880407e+23,0.0,-0.0,0.001,-0.0,7.793809043837348e+21,0,0,4,17321,7116,0.0,100,0.0,0.0,0.0,0.0,0.0,0,0,0,0,0.0,0,0,0,0,0,0,0,0,0,0,0,0,0,0,0,0,0,0,0,0,0,0,0,0,0,0,0,0,0,0,0,0,0,31,40,40,71,65476,0,300,0,0,8,21553,0.0,-107605600.0,0.0,0.0,0.0,0.0,0.0,0.0,0.0,0.0,0.0,0.0,0.0,0.0,0.0,0.0,0.0,0.0,0.0,0.0,0.0,0.0,2.004,-3.6970682659782e+19,0.0,0.0,0.0,0.0,0.0,0.0,5273.0,-2.422990210375291e+24,6941.0,0.0,-107616056.0,2.004,2.004,0.0,0.0,0.0,0.0,69,-89221.094,0.0,0.0,0.0,0.0,0.0,0.0,0.0,0.0,0,0,0,0.0,0.0,0.0,0.0,0.0,0.0,0.0,0.0,0.0,0.0,0.0,0.0,0.0,0.0,0.0,0.0,0,-107875648.0,69,0.0,138,0.0,2.012,ERR,ERR,ERR,ERR,ERR,ERR,ERR,ERR,ERR,ERR,ERR,ERR,ERR,ERR,ERR,ERR,ERR,ERR,ERR,ERR,ERR,ERR,ERR,ERR,ERR,ERR,ERR,ERR,ERR,ERR,ERR,ERR,ERR,ERR,ERR,ERR,ERR,ERR,ERR,ERR,ERR,ERR,ERR,ERR,ERR,ERR,ERR,ERR,ERR,ERR,ERR,ERR,ERR,ERR,ERR,ERR,ERR,ERR,ERR,ERR,ERR,ERR,ERR,ERR,ERR,ERR,ERR,60.0,60.0,35,0.0,0.0,0.0,0.0,0.0,0.0,0.0,0.0,0.0,0.0,0.0,0.0,0.0,0.0,0.0,0.0,65.6,0,150,71,56,65476,0,65476,0,1,8,20529,65476,0,0,2621,60.0,0.0,0.0,0.0,0.0,0.0
2026-07-09T15:30:25,ERR,ERR,ERR,ERR,ERR,ERR,ERR,ERR,ERR,ERR,ERR,ERR,ERR,ERR,ERR,ERR,ERR,ERR,ERR,ERR,ERR,ERR,ERR,ERR,ERR,ERR,ERR,ERR,ERR,ERR,ERR,ERR,ERR,ERR,ERR,ERR,ERR,ERR,ERR,ERR,ERR,ERR,ERR,ERR,ERR,ERR,ERR,ERR,ERR,ERR,ERR,ERR,ERR,ERR,ERR,ERR,ERR,ERR,ERR,ERR,ERR,ERR,ERR,ERR,ERR,ERR,ERR,ERR,ERR,ERR,ERR,ERR,ERR,ERR,ERR,ERR,ERR,ERR,ERR,ERR,ERR,ERR,ERR,ERR,ERR,ERR,ERR,ERR,ERR,ERR,ERR,ERR,ERR,ERR,ERR,ERR,ERR,ERR,ERR,ERR,ERR,ERR,ERR,ERR,ERR,ERR,ERR,ERR,ERR,ERR,ERR,ERR,ERR,ERR,ERR,ERR,ERR,ERR,ERR,ERR,ERR,ERR,ERR,ERR,ERR,0.0,-107616056.0,2.7302265695880407e+23,0.0,-0.0,0.001,-0.0,7.793809043837348e+21,0,0,4,17321,7116,0.0,100,0.0,0.0,0.0,0.0,0.0,0,0,0,0,0.0,0,0,0,0,0,0,0,0,0,0,0,0,0,0,0,0,0,0,0,0,0,0,0,0,0,0,0,0,0,0,0,0,0,31,40,40,71,65476,0,300,0,0,8,21553,0.0,-107605600.0,0.0,0.0,0.0,0.0,0.0,0.0,0.0,0.0,0.0,0.0,0.0,0.0,0.0,0.0,0.0,0.0,0.0,0.0,0.0,0.0,2.004,-3.6970682659782e+19,0.0,0.0,0.0,0.0,0.0,0.0,5273.0,-2.422990210375291e+24,6941.0,0.0,-107616056.0,2.004,2.004,0.0,0.0,0.0,0.0,69,-89221.094,0.0,0.0,0.0,0.0,0.0,0.0,0.0,0.0,0,0,0,0.0,0.0,0.0,0.0,0.0,0.0,0.0,0.0,0.0,0.0,0.0,0.0,0.0,0.0,0.0,0.0,0,-107875648.0,69,0.0,138,0.0,2.012,ERR,ERR,ERR,ERR,ERR,ERR,ERR,ERR,ERR,ERR,ERR,ERR,ERR,ERR,ERR,ERR,ERR,ERR,ERR,ERR,ERR,ERR,ERR,ERR,ERR,ERR,ERR,ERR,ERR,ERR,ERR,ERR,ERR,ERR,ERR,ERR,ERR,ERR,ERR,ERR,ERR,ERR,ERR,ERR,ERR,ERR,ERR,ERR,ERR,ERR,ERR,ERR,ERR,ERR,ERR,ERR,ERR,ERR,ERR,ERR,ERR,ERR,ERR,ERR,ERR,ERR,ERR,60.0,60.0,35,0.0,0.0,0.0,0.0,0.0,0.0,0.0,0.0,0.0,0.0,0.0,0.0,0.0,0.0,0.0,0.0,65.6,0,150,71,56,65476,0,65476,0,1,8,20529,65476,0,0,2621,60.0,0.0,0.0,0.0,0.0,0.0
2026-07-09T15:30:26,ERR,ERR,ERR,ERR,ERR,ERR,ERR,ERR,ERR,ERR,ERR,ERR,ERR,ERR,ERR,ERR,ERR,ERR,ERR,ERR,ERR,ERR,ERR,ERR,ERR,ERR,ERR,ERR,ERR,ERR,ERR,ERR,ERR,ERR,ERR,ERR,ERR,ERR,ERR,ERR,ERR,ERR,ERR,ERR,ERR,ERR,ERR,ERR,ERR,ERR,ERR,ERR,ERR,ERR,ERR,ERR,ERR,ERR,ERR,ERR,ERR,ERR,ERR,ERR,ERR,ERR,ERR,ERR,ERR,ERR,ERR,ERR,ERR,ERR,ERR,ERR,ERR,ERR,ERR,ERR,ERR,ERR,ERR,ERR,ERR,ERR,ERR,ERR,ERR,ERR,ERR,ERR,ERR,ERR,ERR,ERR,ERR,ERR,ERR,ERR,ERR,ERR,ERR,ERR,ERR,ERR,ERR,ERR,ERR,ERR,ERR,ERR,ERR,ERR,ERR,ERR,ERR,ERR,ERR,ERR,ERR,ERR,ERR,ERR,ERR,0.0,-107616056.0,2.7302265695880407e+23,0.0,-0.0,0.001,-0.0,7.793809043837348e+21,0,0,4,17321,7116,0.0,100,0.0,0.0,0.0,0.0,0.0,0,0,0,0,0.0,0,0,0,0,0,0,0,0,0,0,0,0,0,0,0,0,0,0,0,0,0,0,0,0,0,0,0,0,0,0,0,0,0,31,40,40,71,65476,0,300,0,0,8,21553,0.0,-107605600.0,0.0,0.0,0.0,0.0,0.0,0.0,0.0,0.0,0.0,0.0,0.0,0.0,0.0,0.0,0.0,0.0,0.0,0.0,0.0,0.0,2.004,-3.6970682659782e+19,0.0,0.0,0.0,0.0,0.0,0.0,5273.0,-2.422990210375291e+24,6941.0,0.0,-107616056.0,2.004,2.004,0.0,0.0,0.0,0.0,69,-89221.094,0.0,0.0,0.0,0.0,0.0,0.0,0.0,0.0,0,0,0,0.0,0.0,0.0,0.0,0.0,0.0,0.0,0.0,0.0,0.0,0.0,0.0,0.0,0.0,0.0,0.0,0,-107875648.0,69,0.0,138,0.0,2.012,ERR,ERR,ERR,ERR,ERR,ERR,ERR,ERR,ERR,ERR,ERR,ERR,ERR,ERR,ERR,ERR,ERR,ERR,ERR,ERR,ERR,ERR,ERR,ERR,ERR,ERR,ERR,ERR,ERR,ERR,ERR,ERR,ERR,ERR,ERR,ERR,ERR,ERR,ERR,ERR,ERR,ERR,ERR,ERR,ERR,ERR,ERR,ERR,ERR,ERR,ERR,ERR,ERR,ERR,ERR,ERR,ERR,ERR,ERR,ERR,ERR,ERR,ERR,ERR,ERR,ERR,ERR,60.0,60.0,35,0.0,0.0,0.0,0.0,0.0,0.0,0.0,0.0,0.0,0.0,0.0,0.0,0.0,0.0,0.0,0.0,64.8,0,150,71,56,65476,0,65476,0,1,8,20529,65476,0,0,2621,60.0,0.0,0.0,0.0,0.0,0.0
2026-07-09T15:30:27,ERR,ERR,ERR,ERR,ERR,ERR,ERR,ERR,ERR,ERR,ERR,ERR,ERR,ERR,ERR,ERR,ERR,ERR,ERR,ERR,ERR,ERR,ERR,ERR,ERR,ERR,ERR,ERR,ERR,ERR,ERR,ERR,ERR,ERR,ERR,ERR,ERR,ERR,ERR,ERR,ERR,ERR,ERR,ERR,ERR,ERR,ERR,ERR,ERR,ERR,ERR,ERR,ERR,ERR,ERR,ERR,ERR,ERR,ERR,ERR,ERR,ERR,ERR,ERR,ERR,ERR,ERR,ERR,ERR,ERR,ERR,ERR,ERR,ERR,ERR,ERR,ERR,ERR,ERR,ERR,ERR,ERR,ERR,ERR,ERR,ERR,ERR,ERR,ERR,ERR,ERR,ERR,ERR,ERR,ERR,ERR,ERR,ERR,ERR,ERR,ERR,ERR,ERR,ERR,ERR,ERR,ERR,ERR,ERR,ERR,ERR,ERR,ERR,ERR,ERR,ERR,ERR,ERR,ERR,ERR,ERR,ERR,ERR,ERR,ERR,0.0,0.0,0.0,0.0,-564188313288704.0,0.044,-0.0,-7.423720898205091e+31,0,0,4,17310,7116,0.0,100,0.0,0.0,-107611616.0,0.0,0.0,0,0,0,0,0.0,0,0,0,0,0,0,0,0,0,0,0,0,0,0,0,0,0,0,0,0,0,0,0,0,0,0,0,0,0,0,0,0,0,31,40,40,71,65476,0,300,0,0,8,21553,0.0,-107605600.0,0.0,0.0,0.0,0.0,0.0,0.0,0.0,0.0,0.0,0.0,0.0,0.0,0.0,0.0,0.0,0.0,0.0,0.0,0.0,0.0,2.004,0.0,0.0,0.0,0.0,0.0,0.0,0.0,5262.0,-0.0,6930.0,0.0,0.0,2.004,2.004,0.0,0.0,0.0,0.0,69,0.0,-0.0,0.0,0.0,0.0,0.0,0.0,0.0,0.0,0,0,0,0.0,0.0,0.0,0.0,0.0,0.0,0.0,0.0,0.0,0.0,0.0,0.0,0.0,0.0,0.0,0.0,0,-107875648.0,69,0.0,138,0.0,2.012,ERR,ERR,ERR,ERR,ERR,ERR,ERR,ERR,ERR,ERR,ERR,ERR,ERR,ERR,ERR,ERR,ERR,ERR,ERR,ERR,ERR,ERR,ERR,ERR,ERR,ERR,ERR,ERR,ERR,ERR,ERR,ERR,ERR,ERR,ERR,ERR,ERR,ERR,ERR,ERR,ERR,ERR,ERR,ERR,ERR,ERR,ERR,ERR,ERR,ERR,ERR,ERR,ERR,ERR,ERR,ERR,ERR,ERR,ERR,ERR,ERR,ERR,ERR,ERR,ERR,ERR,ERR,60.0,60.0,35,0.0,0.0,0.0,0.0,0.0,0.0,0.0,0.0,0.0,0.0,0.0,0.0,0.0,0.0,0.0,0.0,64.8,0,150,71,56,65476,0,65476,0,1,8,20529,65476,0,0,2621,60.0,0.0,0.0,0.0,0.0,0.0
2026-07-09T15:30:28,ERR,ERR,ERR,ERR,ERR,ERR,ERR,ERR,ERR,ERR,ERR,ERR,ERR,ERR,ERR,ERR,ERR,ERR,ERR,ERR,ERR,ERR,ERR,ERR,ERR,ERR,ERR,ERR,ERR,ERR,ERR,ERR,ERR,ERR,ERR,ERR,ERR,ERR,ERR,ERR,ERR,ERR,ERR,ERR,ERR,ERR,ERR,ERR,ERR,ERR,ERR,ERR,ERR,ERR,ERR,ERR,ERR,ERR,ERR,ERR,ERR,ERR,ERR,ERR,ERR,ERR,ERR,ERR,ERR,ERR,ERR,ERR,ERR,ERR,ERR,ERR,ERR,ERR,ERR,ERR,ERR,ERR,ERR,ERR,ERR,ERR,ERR,ERR,ERR,ERR,ERR,ERR,ERR,ERR,ERR,ERR,ERR,ERR,ERR,ERR,ERR,ERR,ERR,ERR,ERR,ERR,ERR,ERR,ERR,ERR,ERR,ERR,ERR,ERR,ERR,ERR,ERR,ERR,ERR,ERR,ERR,ERR,ERR,ERR,ERR,0.0,0.0,0.0,0.0,-564188313288704.0,0.044,-0.0,-7.423720898205091e+31,0,0,4,17310,7116,0.0,100,0.0,0.0,-107611616.0,0.0,0.0,0,0,0,0,0.0,0,0,0,0,0,0,0,0,0,0,0,0,0,0,0,0,0,0,0,0,0,0,0,0,0,0,0,0,0,0,0,0,0,31,40,40,71,65476,0,300,0,0,8,21553,0.0,-107605600.0,0.0,0.0,0.0,0.0,0.0,0.0,0.0,0.0,0.0,0.0,0.0,0.0,0.0,0.0,0.0,0.0,0.0,0.0,0.0,0.0,2.004,0.0,0.0,0.0,0.0,0.0,0.0,0.0,5262.0,-0.0,6930.0,0.0,0.0,2.004,2.004,0.0,0.0,0.0,0.0,69,0.0,-0.0,0.0,0.0,0.0,0.0,0.0,0.0,0.0,0,0,0,0.0,0.0,0.0,0.0,0.0,0.0,0.0,0.0,0.0,0.0,0.0,0.0,0.0,0.0,0.0,0.0,0,-107875648.0,69,0.0,138,0.0,2.012,ERR,ERR,ERR,ERR,ERR,ERR,ERR,ERR,ERR,ERR,ERR,ERR,ERR,ERR,ERR,ERR,ERR,ERR,ERR,ERR,ERR,ERR,ERR,ERR,ERR,ERR,ERR,ERR,ERR,ERR,ERR,ERR,ERR,ERR,ERR,ERR,ERR,ERR,ERR,ERR,ERR,ERR,ERR,ERR,ERR,ERR,ERR,ERR,ERR,ERR,ERR,ERR,ERR,ERR,ERR,ERR,ERR,ERR,ERR,ERR,ERR,ERR,ERR,ERR,ERR,ERR,ERR,60.0,60.0,35,0.0,0.0,0.0,0.0,0.0,0.0,0.0,0.0,0.0,0.0,0.0,0.0,0.0,0.0,0.0,0.0,64.8,0,150,71,56,65476,0,65476,0,1,8,20529,65476,0,0,2621,60.0,0.0,0.0,0.0,0.0,0.0
2026-07-09T15:30:29,ERR,ERR,ERR,ERR,ERR,ERR,ERR,ERR,ERR,ERR,ERR,ERR,ERR,ERR,ERR,ERR,ERR,ERR,ERR,ERR,ERR,ERR,ERR,ERR,ERR,ERR,ERR,ERR,ERR,ERR,ERR,ERR,ERR,ERR,ERR,ERR,ERR,ERR,ERR,ERR,ERR,ERR,ERR,ERR,ERR,ERR,ERR,ERR,ERR,ERR,ERR,ERR,ERR,ERR,ERR,ERR,ERR,ERR,ERR,ERR,ERR,ERR,ERR,ERR,ERR,ERR,ERR,ERR,ERR,ERR,ERR,ERR,ERR,ERR,ERR,ERR,ERR,ERR,ERR,ERR,ERR,ERR,ERR,ERR,ERR,ERR,ERR,ERR,ERR,ERR,ERR,ERR,ERR,ERR,ERR,ERR,ERR,ERR,ERR,ERR,ERR,ERR,ERR,ERR,ERR,ERR,ERR,ERR,ERR,ERR,ERR,ERR,ERR,ERR,ERR,ERR,ERR,ERR,ERR,ERR,ERR,ERR,ERR,ERR,ERR,0.0,0.0,0.0,0.0,-564188313288704.0,0.044,-0.0,-7.423720898205091e+31,0,0,4,17310,7116,0.0,100,0.0,0.0,-107611616.0,0.0,0.0,0,0,0,0,0.0,0,0,0,0,0,0,0,0,0,0,0,0,0,0,0,0,0,0,0,0,0,0,0,0,0,0,0,0,0,0,0,0,0,31,40,40,71,65476,0,300,0,0,8,21553,0.0,-107605600.0,0.0,0.0,0.0,0.0,0.0,0.0,0.0,0.0,0.0,0.0,0.0,0.0,0.0,0.0,0.0,0.0,0.0,0.0,0.0,0.0,2.004,0.0,0.0,0.0,0.0,0.0,0.0,0.0,5262.0,-0.0,6930.0,0.0,0.0,2.004,2.004,0.0,0.0,0.0,0.0,69,0.0,-0.0,0.0,0.0,0.0,0.0,0.0,0.0,0.0,0,0,0,0.0,0.0,0.0,0.0,0.0,0.0,0.0,0.0,0.0,0.0,0.0,0.0,0.0,0.0,0.0,0.0,0,-107875648.0,69,0.0,138,0.0,2.012,ERR,ERR,ERR,ERR,ERR,ERR,ERR,ERR,ERR,ERR,ERR,ERR,ERR,ERR,ERR,ERR,ERR,ERR,ERR,ERR,ERR,ERR,ERR,ERR,ERR,ERR,ERR,ERR,ERR,ERR,ERR,ERR,ERR,ERR,ERR,ERR,ERR,ERR,ERR,ERR,ERR,ERR,ERR,ERR,ERR,ERR,ERR,ERR,ERR,ERR,ERR,ERR,ERR,ERR,ERR,ERR,ERR,ERR,ERR,ERR,ERR,ERR,ERR,ERR,ERR,ERR,ERR,60.0,60.0,35,0.0,0.0,0.0,0.0,0.0,0.0,0.0,0.0,0.0,0.0,0.0,0.0,0.0,0.0,0.0,0.0,65.2,0,150,71,56,65476,0,65476,0,1,8,20529,65476,0,0,2621,60.0,0.0,0.0,0.0,0.0,0.0
2026-07-09T15:30:30,ERR,ERR,ERR,ERR,ERR,ERR,ERR,ERR,ERR,ERR,ERR,ERR,ERR,ERR,ERR,ERR,ERR,ERR,ERR,ERR,ERR,ERR,ERR,ERR,ERR,ERR,ERR,ERR,ERR,ERR,ERR,ERR,ERR,ERR,ERR,ERR,ERR,ERR,ERR,ERR,ERR,ERR,ERR,ERR,ERR,ERR,ERR,ERR,ERR,ERR,ERR,ERR,ERR,ERR,ERR,ERR,ERR,ERR,ERR,ERR,ERR,ERR,ERR,ERR,ERR,ERR,ERR,ERR,ERR,ERR,ERR,ERR,ERR,ERR,ERR,ERR,ERR,ERR,ERR,ERR,ERR,ERR,ERR,ERR,ERR,ERR,ERR,ERR,ERR,ERR,ERR,ERR,ERR,ERR,ERR,ERR,ERR,ERR,ERR,ERR,ERR,ERR,ERR,ERR,ERR,ERR,ERR,ERR,ERR,ERR,ERR,ERR,ERR,ERR,ERR,ERR,ERR,ERR,ERR,ERR,ERR,ERR,ERR,ERR,ERR,0.0,0.0,0.0,0.0,-564188313288704.0,0.044,-0.0,-7.423720898205091e+31,0,0,4,17310,7116,0.0,100,0.0,0.0,-107611616.0,0.0,0.0,0,0,0,0,0.0,0,0,0,0,0,0,0,0,0,0,0,0,0,0,0,0,0,0,0,0,0,0,0,0,0,0,0,0,0,0,0,0,0,31,40,40,71,65476,0,300,0,0,8,21553,0.0,-107605600.0,0.0,0.0,0.0,0.0,0.0,0.0,0.0,0.0,0.0,0.0,0.0,0.0,0.0,0.0,0.0,0.0,0.0,0.0,0.0,0.0,2.004,0.0,0.0,0.0,0.0,0.0,0.0,0.0,5262.0,-0.0,6930.0,0.0,0.0,2.004,2.004,0.0,0.0,0.0,0.0,69,0.0,-0.0,0.0,0.0,0.0,0.0,0.0,0.0,0.0,0,0,0,0.0,0.0,0.0,0.0,0.0,0.0,0.0,0.0,0.0,0.0,0.0,0.0,0.0,0.0,0.0,0.0,0,-107875648.0,69,0.0,138,0.0,2.012,ERR,ERR,ERR,ERR,ERR,ERR,ERR,ERR,ERR,ERR,ERR,ERR,ERR,ERR,ERR,ERR,ERR,ERR,ERR,ERR,ERR,ERR,ERR,ERR,ERR,ERR,ERR,ERR,ERR,ERR,ERR,ERR,ERR,ERR,ERR,ERR,ERR,ERR,ERR,ERR,ERR,ERR,ERR,ERR,ERR,ERR,ERR,ERR,ERR,ERR,ERR,ERR,ERR,ERR,ERR,ERR,ERR,ERR,ERR,ERR,ERR,ERR,ERR,ERR,ERR,ERR,ERR,60.0,60.0,35,0.0,0.0,0.0,0.0,0.0,0.0,0.0,0.0,0.0,0.0,0.0,0.0,0.0,0.0,0.0,0.0,65.2,0,150,71,56,65476,0,65476,0,1,8,20529,65476,0,0,2621,60.0,0.0,0.0,0.0,0.0,0.0
2026-07-09T15:30:31,ERR,ERR,ERR,ERR,ERR,ERR,ERR,ERR,ERR,ERR,ERR,ERR,ERR,ERR,ERR,ERR,ERR,ERR,ERR,ERR,ERR,ERR,ERR,ERR,ERR,ERR,ERR,ERR,ERR,ERR,ERR,ERR,ERR,ERR,ERR,ERR,ERR,ERR,ERR,ERR,ERR,ERR,ERR,ERR,ERR,ERR,ERR,ERR,ERR,ERR,ERR,ERR,ERR,ERR,ERR,ERR,ERR,ERR,ERR,ERR,ERR,ERR,ERR,ERR,ERR,ERR,ERR,ERR,ERR,ERR,ERR,ERR,ERR,ERR,ERR,ERR,ERR,ERR,ERR,ERR,ERR,ERR,ERR,ERR,ERR,ERR,ERR,ERR,ERR,ERR,ERR,ERR,ERR,ERR,ERR,ERR,ERR,ERR,ERR,ERR,ERR,ERR,ERR,ERR,ERR,ERR,ERR,ERR,ERR,ERR,ERR,ERR,ERR,ERR,ERR,ERR,ERR,ERR,ERR,ERR,ERR,ERR,ERR,ERR,ERR,-0.0,0.0,-107090640.0,-0.0,-1.9288535875240186e+25,-1.7712650617519568e+38,-0.0,-0.0,0,0,4,17313,7116,0.0,100,0.0,0.0,-0.0,0.0,0.0,0,0,0,0,0.0,0,0,0,0,0,0,0,0,0,0,0,0,0,0,0,0,0,0,0,0,0,0,0,0,0,0,0,0,0,0,0,0,0,31,40,40,71,65476,0,300,0,0,8,21553,0.0,-107605600.0,0.0,0.0,0.0,0.0,0.0,0.0,0.0,0.0,0.0,0.0,0.0,0.0,0.0,0.0,0.0,0.0,0.0,0.0,0.0,0.0,-0.0,2.004,0.0,0.0,0.0,0.0,0.0,0.0,5251.0,8608190464.0,6922.0,-0.0,2.71844623382675e+23,2.004,2.004,0.0,0.0,0.0,0.0,69,-0.0,126840619008.0,0.0,0.0,0.0,0.0,0.0,0.0,0.0,0,0,0,0.0,0.0,0.0,0.0,0.0,0.0,0.0,0.0,0.0,0.0,0.0,0.0,0.0,0.0,0.0,0.0,0,-107875648.0,69,0.0,138,0.0,2.012,ERR,ERR,ERR,ERR,ERR,ERR,ERR,ERR,ERR,ERR,ERR,ERR,ERR,ERR,ERR,ERR,ERR,ERR,ERR,ERR,ERR,ERR,ERR,ERR,ERR,ERR,ERR,ERR,ERR,ERR,ERR,ERR,ERR,ERR,ERR,ERR,ERR,ERR,ERR,ERR,ERR,ERR,ERR,ERR,ERR,ERR,ERR,ERR,ERR,ERR,ERR,ERR,ERR,ERR,ERR,ERR,ERR,ERR,ERR,ERR,ERR,ERR,ERR,ERR,ERR,ERR,ERR,60.0,60.0,35,0.0,0.0,0.0,0.0,0.0,0.0,0.0,0.0,0.0,0.0,0.0,0.0,0.0,0.0,0.0,0.0,64.8,0,150,71,56,65476,0,65476,0,1,8,20529,65476,0,0,2621,60.0,0.0,0.0,0.0,0.0,0.0
2026-07-09T15:30:32,ERR,ERR,ERR,ERR,ERR,ERR,ERR,ERR,ERR,ERR,ERR,ERR,ERR,ERR,ERR,ERR,ERR,ERR,ERR,ERR,ERR,ERR,ERR,ERR,ERR,ERR,ERR,ERR,ERR,ERR,ERR,ERR,ERR,ERR,ERR,ERR,ERR,ERR,ERR,ERR,ERR,ERR,ERR,ERR,ERR,ERR,ERR,ERR,ERR,ERR,ERR,ERR,ERR,ERR,ERR,ERR,ERR,ERR,ERR,ERR,ERR,ERR,ERR,ERR,ERR,ERR,ERR,ERR,ERR,ERR,ERR,ERR,ERR,ERR,ERR,ERR,ERR,ERR,ERR,ERR,ERR,ERR,ERR,ERR,ERR,ERR,ERR,ERR,ERR,ERR,ERR,ERR,ERR,ERR,ERR,ERR,ERR,ERR,ERR,ERR,ERR,ERR,ERR,ERR,ERR,ERR,ERR,ERR,ERR,ERR,ERR,ERR,ERR,ERR,ERR,ERR,ERR,ERR,ERR,ERR,ERR,ERR,ERR,ERR,ERR,-0.0,0.0,-107090640.0,-0.0,-1.9288535875240186e+25,-1.7712650617519568e+38,-0.0,-0.0,0,0,4,17313,7116,0.0,100,0.0,0.0,-0.0,0.0,0.0,0,0,0,0,0.0,0,0,0,0,0,0,0,0,0,0,0,0,0,0,0,0,0,0,0,0,0,0,0,0,0,0,0,0,0,0,0,0,0,31,40,40,71,65476,0,300,0,0,8,21553,0.0,-107605600.0,0.0,0.0,0.0,0.0,0.0,0.0,0.0,0.0,0.0,0.0,0.0,0.0,0.0,0.0,0.0,0.0,0.0,0.0,0.0,0.0,-0.0,2.004,0.0,0.0,0.0,0.0,0.0,0.0,5251.0,8608190464.0,6922.0,-0.0,2.71844623382675e+23,2.004,2.004,0.0,0.0,0.0,0.0,69,-0.0,126840619008.0,0.0,0.0,0.0,0.0,0.0,0.0,0.0,0,0,0,0.0,0.0,0.0,0.0,0.0,0.0,0.0,0.0,0.0,0.0,0.0,0.0,0.0,0.0,0.0,0.0,0,-107875648.0,69,0.0,138,0.0,2.012,ERR,ERR,ERR,ERR,ERR,ERR,ERR,ERR,ERR,ERR,ERR,ERR,ERR,ERR,ERR,ERR,ERR,ERR,ERR,ERR,ERR,ERR,ERR,ERR,ERR,ERR,ERR,ERR,ERR,ERR,ERR,ERR,ERR,ERR,ERR,ERR,ERR,ERR,ERR,ERR,ERR,ERR,ERR,ERR,ERR,ERR,ERR,ERR,ERR,ERR,ERR,ERR,ERR,ERR,ERR,ERR,ERR,ERR,ERR,ERR,ERR,ERR,ERR,ERR,ERR,ERR,ERR,60.0,60.0,35,0.0,0.0,0.0,0.0,0.0,0.0,0.0,0.0,0.0,0.0,0.0,0.0,0.0,0.0,0.0,0.0,64.8,0,150,71,56,65476,0,65476,0,1,8,20529,65476,0,0,2621,60.0,0.0,0.0,0.0,0.0,0.0
2026-07-09T15:30:33,ERR,ERR,ERR,ERR,ERR,ERR,ERR,ERR,ERR,ERR,ERR,ERR,ERR,ERR,ERR,ERR,ERR,ERR,ERR,ERR,ERR,ERR,ERR,ERR,ERR,ERR,ERR,ERR,ERR,ERR,ERR,ERR,ERR,ERR,ERR,ERR,ERR,ERR,ERR,ERR,ERR,ERR,ERR,ERR,ERR,ERR,ERR,ERR,ERR,ERR,ERR,ERR,ERR,ERR,ERR,ERR,ERR,ERR,ERR,ERR,ERR,ERR,ERR,ERR,ERR,ERR,ERR,ERR,ERR,ERR,ERR,ERR,ERR,ERR,ERR,ERR,ERR,ERR,ERR,ERR,ERR,ERR,ERR,ERR,ERR,ERR,ERR,ERR,ERR,ERR,ERR,ERR,ERR,ERR,ERR,ERR,ERR,ERR,ERR,ERR,ERR,ERR,ERR,ERR,ERR,ERR,ERR,ERR,ERR,ERR,ERR,ERR,ERR,ERR,ERR,ERR,ERR,ERR,ERR,ERR,ERR,ERR,ERR,ERR,ERR,-0.0,0.0,-107090640.0,-0.0,-1.9288535875240186e+25,-1.7712650617519568e+38,-0.0,-0.0,0,0,4,17313,7116,0.0,100,0.0,0.0,-0.0,0.0,0.0,0,0,0,0,0.0,0,0,0,0,0,0,0,0,0,0,0,0,0,0,0,0,0,0,0,0,0,0,0,0,0,0,0,0,0,0,0,0,0,31,40,40,71,65476,0,300,0,0,8,21553,0.0,-107605600.0,0.0,0.0,0.0,0.0,0.0,0.0,0.0,0.0,0.0,0.0,0.0,0.0,0.0,0.0,0.0,0.0,0.0,0.0,0.0,0.0,-0.0,2.004,0.0,0.0,0.0,0.0,0.0,0.0,5251.0,8608190464.0,6922.0,-0.0,2.71844623382675e+23,2.004,2.004,0.0,0.0,0.0,0.0,69,-0.0,126840619008.0,0.0,0.0,0.0,0.0,0.0,0.0,0.0,0,0,0,0.0,0.0,0.0,0.0,0.0,0.0,0.0,0.0,0.0,0.0,0.0,0.0,0.0,0.0,0.0,0.0,0,-107875648.0,69,0.0,138,0.0,2.012,ERR,ERR,ERR,ERR,ERR,ERR,ERR,ERR,ERR,ERR,ERR,ERR,ERR,ERR,ERR,ERR,ERR,ERR,ERR,ERR,ERR,ERR,ERR,ERR,ERR,ERR,ERR,ERR,ERR,ERR,ERR,ERR,ERR,ERR,ERR,ERR,ERR,ERR,ERR,ERR,ERR,ERR,ERR,ERR,ERR,ERR,ERR,ERR,ERR,ERR,ERR,ERR,ERR,ERR,ERR,ERR,ERR,ERR,ERR,ERR,ERR,ERR,ERR,ERR,ERR,ERR,ERR,60.0,60.0,35,0.0,0.0,0.0,0.0,0.0,0.0,0.0,0.0,0.0,0.0,0.0,0.0,0.0,0.0,0.0,0.0,64.8,0,150,71,56,65476,0,65476,0,1,8,20529,65476,0,0,2621,60.0,0.0,0.0,0.0,0.0,0.0
2026-07-09T15:30:34,ERR,ERR,ERR,ERR,ERR,ERR,ERR,ERR,ERR,ERR,ERR,ERR,ERR,ERR,ERR,ERR,ERR,ERR,ERR,ERR,ERR,ERR,ERR,ERR,ERR,ERR,ERR,ERR,ERR,ERR,ERR,ERR,ERR,ERR,ERR,ERR,ERR,ERR,ERR,ERR,ERR,ERR,ERR,ERR,ERR,ERR,ERR,ERR,ERR,ERR,ERR,ERR,ERR,ERR,ERR,ERR,ERR,ERR,ERR,ERR,ERR,ERR,ERR,ERR,ERR,ERR,ERR,ERR,ERR,ERR,ERR,ERR,ERR,ERR,ERR,ERR,ERR,ERR,ERR,ERR,ERR,ERR,ERR,ERR,ERR,ERR,ERR,ERR,ERR,ERR,ERR,ERR,ERR,ERR,ERR,ERR,ERR,ERR,ERR,ERR,ERR,ERR,ERR,ERR,ERR,ERR,ERR,ERR,ERR,ERR,ERR,ERR,ERR,ERR,ERR,ERR,ERR,ERR,ERR,ERR,ERR,ERR,ERR,ERR,ERR,-0.0,0.0,-107090640.0,-0.0,-1.9288535875240186e+25,-1.7712650617519568e+38,-0.0,-0.0,0,0,4,17313,7116,0.0,100,0.0,0.0,-0.0,0.0,0.0,0,0,0,0,0.0,0,0,0,0,0,0,0,0,0,0,0,0,0,0,0,0,0,0,0,0,0,0,0,0,0,0,0,0,0,0,0,0,0,31,40,40,71,65476,0,300,0,0,8,21553,0.0,-107605600.0,0.0,0.0,0.0,0.0,0.0,0.0,0.0,0.0,0.0,0.0,0.0,0.0,0.0,0.0,0.0,0.0,0.0,0.0,0.0,0.0,-0.0,2.004,0.0,0.0,0.0,0.0,0.0,0.0,5251.0,8608190464.0,6922.0,-0.0,2.71844623382675e+23,2.004,2.004,0.0,0.0,0.0,0.0,69,-0.0,126840619008.0,0.0,0.0,0.0,0.0,0.0,0.0,0.0,0,0,0,0.0,0.0,0.0,0.0,0.0,0.0,0.0,0.0,0.0,0.0,0.0,0.0,0.0,0.0,0.0,0.0,0,-107875648.0,69,0.0,138,0.0,2.012,ERR,ERR,ERR,ERR,ERR,ERR,ERR,ERR,ERR,ERR,ERR,ERR,ERR,ERR,ERR,ERR,ERR,ERR,ERR,ERR,ERR,ERR,ERR,ERR,ERR,ERR,ERR,ERR,ERR,ERR,ERR,ERR,ERR,ERR,ERR,ERR,ERR,ERR,ERR,ERR,ERR,ERR,ERR,ERR,ERR,ERR,ERR,ERR,ERR,ERR,ERR,ERR,ERR,ERR,ERR,ERR,ERR,ERR,ERR,ERR,ERR,ERR,ERR,ERR,ERR,ERR,ERR,60.0,60.0,35,0.0,0.0,0.0,0.0,0.0,0.0,0.0,0.0,0.0,0.0,0.0,0.0,0.0,0.0,0.0,0.0,64.8,0,150,71,56,65476,0,65476,0,1,8,20529,65476,0,0,2621,60.0,0.0,0.0,0.0,0.0,0.0
2026-07-09T15:30:35,ERR,ERR,ERR,ERR,ERR,ERR,ERR,ERR,ERR,ERR,ERR,ERR,ERR,ERR,ERR,ERR,ERR,ERR,ERR,ERR,ERR,ERR,ERR,ERR,ERR,ERR,ERR,ERR,ERR,ERR,ERR,ERR,ERR,ERR,ERR,ERR,ERR,ERR,ERR,ERR,ERR,ERR,ERR,ERR,ERR,ERR,ERR,ERR,ERR,ERR,ERR,ERR,ERR,ERR,ERR,ERR,ERR,ERR,ERR,ERR,ERR,ERR,ERR,ERR,ERR,ERR,ERR,ERR,ERR,ERR,ERR,ERR,ERR,ERR,ERR,ERR,ERR,ERR,ERR,ERR,ERR,ERR,ERR,ERR,ERR,ERR,ERR,ERR,ERR,ERR,ERR,ERR,ERR,ERR,ERR,ERR,ERR,ERR,ERR,ERR,ERR,ERR,ERR,ERR,ERR,ERR,ERR,ERR,ERR,ERR,ERR,ERR,ERR,ERR,ERR,ERR,ERR,ERR,ERR,ERR,ERR,ERR,ERR,ERR,ERR,-0.0,0.0,-107090640.0,-0.0,-1.9288535875240186e+25,-1.7712650617519568e+38,-0.0,-0.0,0,0,4,17313,7116,0.0,100,0.0,0.0,-0.0,0.0,0.0,0,0,0,0,0.0,0,0,0,0,0,0,0,0,0,0,0,0,0,0,0,0,0,0,0,0,0,0,0,0,0,0,0,0,0,0,0,0,0,31,40,40,71,65476,0,300,0,0,8,21553,0.0,-107605600.0,0.0,0.0,0.0,0.0,0.0,0.0,0.0,0.0,0.0,0.0,0.0,0.0,0.0,0.0,0.0,0.0,0.0,0.0,0.0,0.0,-0.0,2.004,0.0,0.0,0.0,0.0,0.0,0.0,5251.0,8608190464.0,6922.0,-0.0,2.71844623382675e+23,2.004,2.004,0.0,0.0,0.0,0.0,69,-0.0,126840619008.0,0.0,0.0,0.0,0.0,0.0,0.0,0.0,0,0,0,0.0,0.0,0.0,0.0,0.0,0.0,0.0,0.0,0.0,0.0,0.0,0.0,0.0,0.0,0.0,0.0,0,-107875648.0,69,0.0,138,0.0,2.012,ERR,ERR,ERR,ERR,ERR,ERR,ERR,ERR,ERR,ERR,ERR,ERR,ERR,ERR,ERR,ERR,ERR,ERR,ERR,ERR,ERR,ERR,ERR,ERR,ERR,ERR,ERR,ERR,ERR,ERR,ERR,ERR,ERR,ERR,ERR,ERR,ERR,ERR,ERR,ERR,ERR,ERR,ERR,ERR,ERR,ERR,ERR,ERR,ERR,ERR,ERR,ERR,ERR,ERR,ERR,ERR,ERR,ERR,ERR,ERR,ERR,ERR,ERR,ERR,ERR,ERR,ERR,60.0,60.0,35,0.0,0.0,0.0,0.0,0.0,0.0,0.0,0.0,0.0,0.0,0.0,0.0,0.0,0.0,0.0,0.0,64.8,0,150,71,56,65476,0,65476,0,1,8,20529,65476,0,0,2621,60.0,0.0,0.0,0.0,0.0,0.0
2026-07-09T15:30:36,ERR,ERR,ERR,ERR,ERR,ERR,ERR,ERR,ERR,ERR,ERR,ERR,ERR,ERR,ERR,ERR,ERR,ERR,ERR,ERR,ERR,ERR,ERR,ERR,ERR,ERR,ERR,ERR,ERR,ERR,ERR,ERR,ERR,ERR,ERR,ERR,ERR,ERR,ERR,ERR,ERR,ERR,ERR,ERR,ERR,ERR,ERR,ERR,ERR,ERR,ERR,ERR,ERR,ERR,ERR,ERR,ERR,ERR,ERR,ERR,ERR,ERR,ERR,ERR,ERR,ERR,ERR,ERR,ERR,ERR,ERR,ERR,ERR,ERR,ERR,ERR,ERR,ERR,ERR,ERR,ERR,ERR,ERR,ERR,ERR,ERR,ERR,ERR,ERR,ERR,ERR,ERR,ERR,ERR,ERR,ERR,ERR,ERR,ERR,ERR,ERR,ERR,ERR,ERR,ERR,ERR,ERR,ERR,ERR,ERR,ERR,ERR,ERR,ERR,ERR,ERR,ERR,ERR,ERR,ERR,ERR,ERR,ERR,ERR,ERR,-0.0,2.71844623382675e+23,0.0,-0.0,0.0,0.0,-1.5615255631879258e+29,-88181841920.0,0,0,4,17316,7116,0.0,100,0.0,0.0,-0.0,0.0,0.0,0,0,0,0,0.0,0,0,0,0,0,0,0,0,0,0,0,0,0,0,0,0,0,0,0,0,0,0,0,0,0,0,0,0,0,0,0,0,0,31,40,40,71,65476,0,300,0,0,8,21553,0.0,-107605600.0,0.0,0.0,0.0,0.0,0.0,0.0,0.0,0.0,0.0,0.0,0.0,0.0,0.0,0.0,0.0,0.0,0.0,0.0,0.0,0.0,-0.0,2.004,0.0,0.0,0.0,0.0,0.0,0.0,5235.0,-1.5879306753768914e+29,6938.0,-0.0,2.71844623382675e+23,2.004,2.004,0.0,0.0,0.0,0.0,69,-1.9056977768769126e+17,-0.0,0.0,0.0,0.0,0.0,0.0,0.0,0.0,0,0,0,0.0,0.0,0.0,0.0,0.0,0.0,0.0,0.0,0.0,0.0,0.0,0.0,0.0,0.0,0.0,0.0,0,-107875648.0,69,0.0,138,0.0,2.012,ERR,ERR,ERR,ERR,ERR,ERR,ERR,ERR,ERR,ERR,ERR,ERR,ERR,ERR,ERR,ERR,ERR,ERR,ERR,ERR,ERR,ERR,ERR,ERR,ERR,ERR,ERR,ERR,ERR,ERR,ERR,ERR,ERR,ERR,ERR,ERR,ERR,ERR,ERR,ERR,ERR,ERR,ERR,ERR,ERR,ERR,ERR,ERR,ERR,ERR,ERR,ERR,ERR,ERR,ERR,ERR,ERR,ERR,ERR,ERR,ERR,ERR,ERR,ERR,ERR,ERR,ERR,60.0,60.0,35,0.0,0.0,0.0,0.0,0.0,0.0,0.0,0.0,0.0,0.0,0.0,0.0,0.0,0.0,0.0,0.0,64.8,0,150,71,56,65476,0,65476,0,1,8,20529,65476,0,0,2621,60.0,0.0,0.0,0.0,0.0,0.0
2026-07-09T15:30:37,ERR,ERR,ERR,ERR,ERR,ERR,ERR,ERR,ERR,ERR,ERR,ERR,ERR,ERR,ERR,ERR,ERR,ERR,ERR,ERR,ERR,ERR,ERR,ERR,ERR,ERR,ERR,ERR,ERR,ERR,ERR,ERR,ERR,ERR,ERR,ERR,ERR,ERR,ERR,ERR,ERR,ERR,ERR,ERR,ERR,ERR,ERR,ERR,ERR,ERR,ERR,ERR,ERR,ERR,ERR,ERR,ERR,ERR,ERR,ERR,ERR,ERR,ERR,ERR,ERR,ERR,ERR,ERR,ERR,ERR,ERR,ERR,ERR,ERR,ERR,ERR,ERR,ERR,ERR,ERR,ERR,ERR,ERR,ERR,ERR,ERR,ERR,ERR,ERR,ERR,ERR,ERR,ERR,ERR,ERR,ERR,ERR,ERR,ERR,ERR,ERR,ERR,ERR,ERR,ERR,ERR,ERR,ERR,ERR,ERR,ERR,ERR,ERR,ERR,ERR,ERR,ERR,ERR,ERR,ERR,ERR,ERR,ERR,ERR,ERR,-0.0,2.71844623382675e+23,0.0,-0.0,0.0,0.0,-1.5615255631879258e+29,-88181841920.0,0,0,4,17316,7116,0.0,100,0.0,0.0,-0.0,0.0,0.0,0,0,0,0,0.0,0,0,0,0,0,0,0,0,0,0,0,0,0,0,0,0,0,0,0,0,0,0,0,0,0,0,0,0,0,0,0,0,0,31,40,40,71,65476,0,300,0,0,8,21553,0.0,-107605600.0,0.0,0.0,0.0,0.0,0.0,0.0,0.0,0.0,0.0,0.0,0.0,0.0,0.0,0.0,0.0,0.0,0.0,0.0,0.0,0.0,-0.0,2.004,0.0,0.0,0.0,0.0,0.0,0.0,5235.0,-1.5879306753768914e+29,6938.0,-0.0,2.71844623382675e+23,2.004,2.004,0.0,0.0,0.0,0.0,69,-1.9056977768769126e+17,-0.0,0.0,0.0,0.0,0.0,0.0,0.0,0.0,0,0,0,0.0,0.0,0.0,0.0,0.0,0.0,0.0,0.0,0.0,0.0,0.0,0.0,0.0,0.0,0.0,0.0,0,-107875648.0,69,0.0,138,0.0,2.012,ERR,ERR,ERR,ERR,ERR,ERR,ERR,ERR,ERR,ERR,ERR,ERR,ERR,ERR,ERR,ERR,ERR,ERR,ERR,ERR,ERR,ERR,ERR,ERR,ERR,ERR,ERR,ERR,ERR,ERR,ERR,ERR,ERR,ERR,ERR,ERR,ERR,ERR,ERR,ERR,ERR,ERR,ERR,ERR,ERR,ERR,ERR,ERR,ERR,ERR,ERR,ERR,ERR,ERR,ERR,ERR,ERR,ERR,ERR,ERR,ERR,ERR,ERR,ERR,ERR,ERR,ERR,60.0,60.0,35,0.0,0.0,0.0,0.0,0.0,0.0,0.0,0.0,0.0,0.0,0.0,0.0,0.0,0.0,0.0,0.0,64.8,0,150,71,57,65476,0,65476,0,1,8,20529,65476,0,0,2621,60.0,0.0,0.0,0.0,0.0,0.0
2026-07-09T15:30:38,ERR,ERR,ERR,ERR,ERR,ERR,ERR,ERR,ERR,ERR,ERR,ERR,ERR,ERR,ERR,ERR,ERR,ERR,ERR,ERR,ERR,ERR,ERR,ERR,ERR,ERR,ERR,ERR,ERR,ERR,ERR,ERR,ERR,ERR,ERR,ERR,ERR,ERR,ERR,ERR,ERR,ERR,ERR,ERR,ERR,ERR,ERR,ERR,ERR,ERR,ERR,ERR,ERR,ERR,ERR,ERR,ERR,ERR,ERR,ERR,ERR,ERR,ERR,ERR,ERR,ERR,ERR,ERR,ERR,ERR,ERR,ERR,ERR,ERR,ERR,ERR,ERR,ERR,ERR,ERR,ERR,ERR,ERR,ERR,ERR,ERR,ERR,ERR,ERR,ERR,ERR,ERR,ERR,ERR,ERR,ERR,ERR,ERR,ERR,ERR,ERR,ERR,ERR,ERR,ERR,ERR,ERR,ERR,ERR,ERR,ERR,ERR,ERR,ERR,ERR,ERR,ERR,ERR,ERR,ERR,ERR,ERR,ERR,ERR,ERR,-0.0,2.71844623382675e+23,0.0,-0.0,0.0,0.0,-1.5615255631879258e+29,-88181841920.0,0,0,4,17316,7116,0.0,100,0.0,0.0,-0.0,0.0,0.0,0,0,0,0,0.0,0,0,0,0,0,0,0,0,0,0,0,0,0,0,0,0,0,0,0,0,0,0,0,0,0,0,0,0,0,0,0,0,0,31,40,40,71,65476,0,300,0,0,8,21553,0.0,-107605600.0,0.0,0.0,0.0,0.0,0.0,0.0,0.0,0.0,0.0,0.0,0.0,0.0,0.0,0.0,0.0,0.0,0.0,0.0,0.0,0.0,-0.0,2.004,0.0,0.0,0.0,0.0,0.0,0.0,5235.0,-1.5879306753768914e+29,6938.0,-0.0,2.71844623382675e+23,2.004,2.004,0.0,0.0,0.0,0.0,69,-1.9056977768769126e+17,-0.0,0.0,0.0,0.0,0.0,0.0,0.0,0.0,0,0,0,0.0,0.0,0.0,0.0,0.0,0.0,0.0,0.0,0.0,0.0,0.0,0.0,0.0,0.0,0.0,0.0,0,-107875648.0,69,0.0,138,0.0,2.012,ERR,ERR,ERR,ERR,ERR,ERR,ERR,ERR,ERR,ERR,ERR,ERR,ERR,ERR,ERR,ERR,ERR,ERR,ERR,ERR,ERR,ERR,ERR,ERR,ERR,ERR,ERR,ERR,ERR,ERR,ERR,ERR,ERR,ERR,ERR,ERR,ERR,ERR,ERR,ERR,ERR,ERR,ERR,ERR,ERR,ERR,ERR,ERR,ERR,ERR,ERR,ERR,ERR,ERR,ERR,ERR,ERR,ERR,ERR,ERR,ERR,ERR,ERR,ERR,ERR,ERR,ERR,60.0,60.0,35,0.0,0.0,0.0,0.0,0.0,0.0,0.0,0.0,0.0,0.0,0.0,0.0,0.0,0.0,0.0,0.0,64.8,0,150,71,57,65476,0,65476,0,1,8,20529,65476,0,0,2621,60.0,0.0,0.0,0.0,0.0,0.0
2026-07-09T15:30:39,ERR,ERR,ERR,ERR,ERR,ERR,ERR,ERR,ERR,ERR,ERR,ERR,ERR,ERR,ERR,ERR,ERR,ERR,ERR,ERR,ERR,ERR,ERR,ERR,ERR,ERR,ERR,ERR,ERR,ERR,ERR,ERR,ERR,ERR,ERR,ERR,ERR,ERR,ERR,ERR,ERR,ERR,ERR,ERR,ERR,ERR,ERR,ERR,ERR,ERR,ERR,ERR,ERR,ERR,ERR,ERR,ERR,ERR,ERR,ERR,ERR,ERR,ERR,ERR,ERR,ERR,ERR,ERR,ERR,ERR,ERR,ERR,ERR,ERR,ERR,ERR,ERR,ERR,ERR,ERR,ERR,ERR,ERR,ERR,ERR,ERR,ERR,ERR,ERR,ERR,ERR,ERR,ERR,ERR,ERR,ERR,ERR,ERR,ERR,ERR,ERR,ERR,ERR,ERR,ERR,ERR,ERR,ERR,ERR,ERR,ERR,ERR,ERR,ERR,ERR,ERR,ERR,ERR,ERR,ERR,ERR,ERR,ERR,ERR,ERR,-0.0,2.71844623382675e+23,0.0,-0.0,0.0,0.0,-1.5615255631879258e+29,-88181841920.0,0,0,4,17316,7116,0.0,100,0.0,0.0,-0.0,0.0,0.0,0,0,0,0,0.0,0,0,0,0,0,0,0,0,0,0,0,0,0,0,0,0,0,0,0,0,0,0,0,0,0,0,0,0,0,0,0,0,0,31,40,40,71,65476,0,300,0,0,8,21553,0.0,-107605600.0,0.0,0.0,0.0,0.0,0.0,0.0,0.0,0.0,0.0,0.0,0.0,0.0,0.0,0.0,0.0,0.0,0.0,0.0,0.0,0.0,-0.0,2.004,0.0,0.0,0.0,0.0,0.0,0.0,5235.0,-1.5879306753768914e+29,6938.0,-0.0,2.71844623382675e+23,2.004,2.004,0.0,0.0,0.0,0.0,69,-1.9056977768769126e+17,-0.0,0.0,0.0,0.0,0.0,0.0,0.0,0.0,0,0,0,0.0,0.0,0.0,0.0,0.0,0.0,0.0,0.0,0.0,0.0,0.0,0.0,0.0,0.0,0.0,0.0,0,-107875648.0,69,0.0,138,0.0,2.012,ERR,ERR,ERR,ERR,ERR,ERR,ERR,ERR,ERR,ERR,ERR,ERR,ERR,ERR,ERR,ERR,ERR,ERR,ERR,ERR,ERR,ERR,ERR,ERR,ERR,ERR,ERR,ERR,ERR,ERR,ERR,ERR,ERR,ERR,ERR,ERR,ERR,ERR,ERR,ERR,ERR,ERR,ERR,ERR,ERR,ERR,ERR,ERR,ERR,ERR,ERR,ERR,ERR,ERR,ERR,ERR,ERR,ERR,ERR,ERR,ERR,ERR,ERR,ERR,ERR,ERR,ERR,60.0,60.0,35,0.0,0.0,0.0,0.0,0.0,0.0,0.0,0.0,0.0,0.0,0.0,0.0,0.0,0.0,0.0,0.0,64.8,0,150,71,57,65476,0,65476,0,1,8,20529,65476,0,0,2621,60.0,0.0,0.0,0.0,0.0,0.0
2026-07-09T15:30:40,ERR,ERR,ERR,ERR,ERR,ERR,ERR,ERR,ERR,ERR,ERR,ERR,ERR,ERR,ERR,ERR,ERR,ERR,ERR,ERR,ERR,ERR,ERR,ERR,ERR,ERR,ERR,ERR,ERR,ERR,ERR,ERR,ERR,ERR,ERR,ERR,ERR,ERR,ERR,ERR,ERR,ERR,ERR,ERR,ERR,ERR,ERR,ERR,ERR,ERR,ERR,ERR,ERR,ERR,ERR,ERR,ERR,ERR,ERR,ERR,ERR,ERR,ERR,ERR,ERR,ERR,ERR,ERR,ERR,ERR,ERR,ERR,ERR,ERR,ERR,ERR,ERR,ERR,ERR,ERR,ERR,ERR,ERR,ERR,ERR,ERR,ERR,ERR,ERR,ERR,ERR,ERR,ERR,ERR,ERR,ERR,ERR,ERR,ERR,ERR,ERR,ERR,ERR,ERR,ERR,ERR,ERR,ERR,ERR,ERR,ERR,ERR,ERR,ERR,ERR,ERR,ERR,ERR,ERR,ERR,ERR,ERR,ERR,ERR,ERR,-0.0,2.71844623382675e+23,0.0,-0.0,0.0,0.0,-1.5615255631879258e+29,-88181841920.0,0,0,4,17316,7116,0.0,100,0.0,0.0,-0.0,0.0,0.0,0,0,0,0,0.0,0,0,0,0,0,0,0,0,0,0,0,0,0,0,0,0,0,0,0,0,0,0,0,0,0,0,0,0,0,0,0,0,0,31,40,40,71,65476,0,300,0,0,8,21553,0.0,-107605600.0,0.0,0.0,0.0,0.0,0.0,0.0,0.0,0.0,0.0,0.0,0.0,0.0,0.0,0.0,0.0,0.0,0.0,0.0,0.0,0.0,-0.0,2.004,0.0,0.0,0.0,0.0,0.0,0.0,5235.0,-1.5879306753768914e+29,6938.0,-0.0,2.71844623382675e+23,2.004,2.004,0.0,0.0,0.0,0.0,69,-1.9056977768769126e+17,-0.0,0.0,0.0,0.0,0.0,0.0,0.0,0.0,0,0,0,0.0,0.0,0.0,0.0,0.0,0.0,0.0,0.0,0.0,0.0,0.0,0.0,0.0,0.0,0.0,0.0,0,-107875648.0,69,0.0,138,0.0,2.012,ERR,ERR,ERR,ERR,ERR,ERR,ERR,ERR,ERR,ERR,ERR,ERR,ERR,ERR,ERR,ERR,ERR,ERR,ERR,ERR,ERR,ERR,ERR,ERR,ERR,ERR,ERR,ERR,ERR,ERR,ERR,ERR,ERR,ERR,ERR,ERR,ERR,ERR,ERR,ERR,ERR,ERR,ERR,ERR,ERR,ERR,ERR,ERR,ERR,ERR,ERR,ERR,ERR,ERR,ERR,ERR,ERR,ERR,ERR,ERR,ERR,ERR,ERR,ERR,ERR,ERR,ERR,60.0,60.0,35,0.0,0.0,0.0,0.0,0.0,0.0,0.0,0.0,0.0,0.0,0.0,0.0,0.0,0.0,0.0,0.0,64.8,0,150,71,57,65476,0,65476,0,1,8,20529,65476,0,0,2621,60.0,0.0,0.0,0.0,0.0,0.0
2026-07-09T15:30:41,ERR,ERR,ERR,ERR,ERR,ERR,ERR,ERR,ERR,ERR,ERR,ERR,ERR,ERR,ERR,ERR,ERR,ERR,ERR,ERR,ERR,ERR,ERR,ERR,ERR,ERR,ERR,ERR,ERR,ERR,ERR,ERR,ERR,ERR,ERR,ERR,ERR,ERR,ERR,ERR,ERR,ERR,ERR,ERR,ERR,ERR,ERR,ERR,ERR,ERR,ERR,ERR,ERR,ERR,ERR,ERR,ERR,ERR,ERR,ERR,ERR,ERR,ERR,ERR,ERR,ERR,ERR,ERR,ERR,ERR,ERR,ERR,ERR,ERR,ERR,ERR,ERR,ERR,ERR,ERR,ERR,ERR,ERR,ERR,ERR,ERR,ERR,ERR,ERR,ERR,ERR,ERR,ERR,ERR,ERR,ERR,ERR,ERR,ERR,ERR,ERR,ERR,ERR,ERR,ERR,ERR,ERR,ERR,ERR,ERR,ERR,ERR,ERR,ERR,ERR,ERR,ERR,ERR,ERR,ERR,ERR,ERR,ERR,ERR,ERR,-0.0,-0.0,-0.0,0.0,-142146774499328.0,0.0,1.421531286100615e+32,0.0,0,0,4,17319,7116,0.0,100,0.0,0.0,0.0,0.0,0.0,0,0,0,0,0.0,0,0,0,0,0,0,0,0,0,0,0,0,0,0,0,0,0,0,0,0,0,0,0,0,0,0,0,0,0,0,0,0,0,31,40,40,71,65476,0,300,0,0,8,21553,0.0,-107605600.0,0.0,0.0,0.0,0.0,0.0,0.0,0.0,0.0,0.0,0.0,0.0,0.0,0.0,0.0,0.0,0.0,0.0,0.0,0.0,0.0,-0.0,3.697068705782851e+19,0.0,0.0,0.0,0.0,0.0,0.0,5221.0,-0.0,6930.0,-0.0,-0.0,2.004,2.004,0.0,0.0,0.0,0.0,69,0.059,0.059,0.0,0.0,0.0,0.0,0.0,0.0,0.0,0,0,0,0.0,0.0,0.0,0.0,0.0,0.0,0.0,0.0,0.0,0.0,0.0,0.0,0.0,0.0,0.0,0.0,0,-107875648.0,69,0.0,138,0.0,2.012,ERR,ERR,ERR,ERR,ERR,ERR,ERR,ERR,ERR,ERR,ERR,ERR,ERR,ERR,ERR,ERR,ERR,ERR,ERR,ERR,ERR,ERR,ERR,ERR,ERR,ERR,ERR,ERR,ERR,ERR,ERR,ERR,ERR,ERR,ERR,ERR,ERR,ERR,ERR,ERR,ERR,ERR,ERR,ERR,ERR,ERR,ERR,ERR,ERR,ERR,ERR,ERR,ERR,ERR,ERR,ERR,ERR,ERR,ERR,ERR,ERR,ERR,ERR,ERR,ERR,ERR,ERR,60.0,60.0,35,0.0,0.0,0.0,0.0,0.0,0.0,0.0,0.0,0.0,0.0,0.0,0.0,0.0,0.0,0.0,0.0,64.8,0,150,71,57,65476,0,65476,0,1,8,20529,65476,0,0,2621,60.0,0.0,0.0,0.0,0.0,0.0
2026-07-09T15:30:42,ERR,ERR,ERR,ERR,ERR,ERR,ERR,ERR,ERR,ERR,ERR,ERR,ERR,ERR,ERR,ERR,ERR,ERR,ERR,ERR,ERR,ERR,ERR,ERR,ERR,ERR,ERR,ERR,ERR,ERR,ERR,ERR,ERR,ERR,ERR,ERR,ERR,ERR,ERR,ERR,ERR,ERR,ERR,ERR,ERR,ERR,ERR,ERR,ERR,ERR,ERR,ERR,ERR,ERR,ERR,ERR,ERR,ERR,ERR,ERR,ERR,ERR,ERR,ERR,ERR,ERR,ERR,ERR,ERR,ERR,ERR,ERR,ERR,ERR,ERR,ERR,ERR,ERR,ERR,ERR,ERR,ERR,ERR,ERR,ERR,ERR,ERR,ERR,ERR,ERR,ERR,ERR,ERR,ERR,ERR,ERR,ERR,ERR,ERR,ERR,ERR,ERR,ERR,ERR,ERR,ERR,ERR,ERR,ERR,ERR,ERR,ERR,ERR,ERR,ERR,ERR,ERR,ERR,ERR,ERR,ERR,ERR,ERR,ERR,ERR,-0.0,-0.0,-0.0,0.0,-142146774499328.0,0.0,1.421531286100615e+32,0.0,0,0,4,17319,7116,0.0,100,0.0,0.0,0.0,0.0,0.0,0,0,0,0,0.0,0,0,0,0,0,0,0,0,0,0,0,0,0,0,0,0,0,0,0,0,0,0,0,0,0,0,0,0,0,0,0,0,0,31,40,40,71,65476,0,300,0,0,8,21553,0.0,-107605600.0,0.0,0.0,0.0,0.0,0.0,0.0,0.0,0.0,0.0,0.0,0.0,0.0,0.0,0.0,0.0,0.0,0.0,0.0,0.0,0.0,-0.0,3.697068705782851e+19,0.0,0.0,0.0,0.0,0.0,0.0,5221.0,-0.0,6930.0,-0.0,-0.0,2.004,2.004,0.0,0.0,0.0,0.0,69,0.059,0.059,0.0,0.0,0.0,0.0,0.0,0.0,0.0,0,0,0,0.0,0.0,0.0,0.0,0.0,0.0,0.0,0.0,0.0,0.0,0.0,0.0,0.0,0.0,0.0,0.0,0,-107875648.0,69,0.0,138,0.0,2.012,ERR,ERR,ERR,ERR,ERR,ERR,ERR,ERR,ERR,ERR,ERR,ERR,ERR,ERR,ERR,ERR,ERR,ERR,ERR,ERR,ERR,ERR,ERR,ERR,ERR,ERR,ERR,ERR,ERR,ERR,ERR,ERR,ERR,ERR,ERR,ERR,ERR,ERR,ERR,ERR,ERR,ERR,ERR,ERR,ERR,ERR,ERR,ERR,ERR,ERR,ERR,ERR,ERR,ERR,ERR,ERR,ERR,ERR,ERR,ERR,ERR,ERR,ERR,ERR,ERR,ERR,ERR,60.0,60.0,35,0.0,0.0,0.0,0.0,0.0,0.0,0.0,0.0,0.0,0.0,0.0,0.0,0.0,0.0,0.0,0.0,64.8,0,150,71,57,65476,0,65476,0,1,8,20529,65476,0,0,2621,60.0,0.0,0.0,0.0,0.0,0.0
2026-07-09T15:30:43,ERR,ERR,ERR,ERR,ERR,ERR,ERR,ERR,ERR,ERR,ERR,ERR,ERR,ERR,ERR,ERR,ERR,ERR,ERR,ERR,ERR,ERR,ERR,ERR,ERR,ERR,ERR,ERR,ERR,ERR,ERR,ERR,ERR,ERR,ERR,ERR,ERR,ERR,ERR,ERR,ERR,ERR,ERR,ERR,ERR,ERR,ERR,ERR,ERR,ERR,ERR,ERR,ERR,ERR,ERR,ERR,ERR,ERR,ERR,ERR,ERR,ERR,ERR,ERR,ERR,ERR,ERR,ERR,ERR,ERR,ERR,ERR,ERR,ERR,ERR,ERR,ERR,ERR,ERR,ERR,ERR,ERR,ERR,ERR,ERR,ERR,ERR,ERR,ERR,ERR,ERR,ERR,ERR,ERR,ERR,ERR,ERR,ERR,ERR,ERR,ERR,ERR,ERR,ERR,ERR,ERR,ERR,ERR,ERR,ERR,ERR,ERR,ERR,ERR,ERR,ERR,ERR,ERR,ERR,ERR,ERR,ERR,ERR,ERR,ERR,-0.0,-0.0,-0.0,0.0,-142146774499328.0,0.0,1.421531286100615e+32,0.0,0,0,4,17319,7116,0.0,100,0.0,0.0,0.0,0.0,0.0,0,0,0,0,0.0,0,0,0,0,0,0,0,0,0,0,0,0,0,0,0,0,0,0,0,0,0,0,0,0,0,0,0,0,0,0,0,0,0,31,40,40,71,65476,0,300,0,0,8,21553,0.0,-107605600.0,0.0,0.0,0.0,0.0,0.0,0.0,0.0,0.0,0.0,0.0,0.0,0.0,0.0,0.0,0.0,0.0,0.0,0.0,0.0,0.0,-0.0,3.697068705782851e+19,0.0,0.0,0.0,0.0,0.0,0.0,5221.0,-0.0,6930.0,-0.0,-0.0,2.004,2.004,0.0,0.0,0.0,0.0,69,0.059,0.059,0.0,0.0,0.0,0.0,0.0,0.0,0.0,0,0,0,0.0,0.0,0.0,0.0,0.0,0.0,0.0,0.0,0.0,0.0,0.0,0.0,0.0,0.0,0.0,0.0,0,-107875648.0,69,0.0,138,0.0,2.012,ERR,ERR,ERR,ERR,ERR,ERR,ERR,ERR,ERR,ERR,ERR,ERR,ERR,ERR,ERR,ERR,ERR,ERR,ERR,ERR,ERR,ERR,ERR,ERR,ERR,ERR,ERR,ERR,ERR,ERR,ERR,ERR,ERR,ERR,ERR,ERR,ERR,ERR,ERR,ERR,ERR,ERR,ERR,ERR,ERR,ERR,ERR,ERR,ERR,ERR,ERR,ERR,ERR,ERR,ERR,ERR,ERR,ERR,ERR,ERR,ERR,ERR,ERR,ERR,ERR,ERR,ERR,60.0,60.0,35,0.0,0.0,0.0,0.0,0.0,0.0,0.0,0.0,0.0,0.0,0.0,0.0,0.0,0.0,0.0,0.0,64.8,0,150,71,57,65476,0,65476,0,1,8,20529,65476,0,0,2621,60.0,0.0,0.0,0.0,0.0,0.0
2026-07-09T15:30:44,ERR,ERR,ERR,ERR,ERR,ERR,ERR,ERR,ERR,ERR,ERR,ERR,ERR,ERR,ERR,ERR,ERR,ERR,ERR,ERR,ERR,ERR,ERR,ERR,ERR,ERR,ERR,ERR,ERR,ERR,ERR,ERR,ERR,ERR,ERR,ERR,ERR,ERR,ERR,ERR,ERR,ERR,ERR,ERR,ERR,ERR,ERR,ERR,ERR,ERR,ERR,ERR,ERR,ERR,ERR,ERR,ERR,ERR,ERR,ERR,ERR,ERR,ERR,ERR,ERR,ERR,ERR,ERR,ERR,ERR,ERR,ERR,ERR,ERR,ERR,ERR,ERR,ERR,ERR,ERR,ERR,ERR,ERR,ERR,ERR,ERR,ERR,ERR,ERR,ERR,ERR,ERR,ERR,ERR,ERR,ERR,ERR,ERR,ERR,ERR,ERR,ERR,ERR,ERR,ERR,ERR,ERR,ERR,ERR,ERR,ERR,ERR,ERR,ERR,ERR,ERR,ERR,ERR,ERR,ERR,ERR,ERR,ERR,ERR,ERR,-0.0,-0.0,-0.0,0.0,-142146774499328.0,0.0,1.421531286100615e+32,0.0,0,0,4,17319,7116,0.0,100,0.0,0.0,0.0,0.0,0.0,0,0,0,0,0.0,0,0,0,0,0,0,0,0,0,0,0,0,0,0,0,0,0,0,0,0,0,0,0,0,0,0,0,0,0,0,0,0,0,31,40,40,71,65476,0,300,0,0,8,21553,0.0,-107605600.0,0.0,0.0,0.0,0.0,0.0,0.0,0.0,0.0,0.0,0.0,0.0,0.0,0.0,0.0,0.0,0.0,0.0,0.0,0.0,0.0,-0.0,3.697068705782851e+19,0.0,0.0,0.0,0.0,0.0,0.0,5221.0,-0.0,6930.0,-0.0,-0.0,2.004,2.004,0.0,0.0,0.0,0.0,69,0.059,0.059,0.0,0.0,0.0,0.0,0.0,0.0,0.0,0,0,0,0.0,0.0,0.0,0.0,0.0,0.0,0.0,0.0,0.0,0.0,0.0,0.0,0.0,0.0,0.0,0.0,0,-107875648.0,69,0.0,138,0.0,2.012,ERR,ERR,ERR,ERR,ERR,ERR,ERR,ERR,ERR,ERR,ERR,ERR,ERR,ERR,ERR,ERR,ERR,ERR,ERR,ERR,ERR,ERR,ERR,ERR,ERR,ERR,ERR,ERR,ERR,ERR,ERR,ERR,ERR,ERR,ERR,ERR,ERR,ERR,ERR,ERR,ERR,ERR,ERR,ERR,ERR,ERR,ERR,ERR,ERR,ERR,ERR,ERR,ERR,ERR,ERR,ERR,ERR,ERR,ERR,ERR,ERR,ERR,ERR,ERR,ERR,ERR,ERR,60.0,60.0,35,0.0,0.0,0.0,0.0,0.0,0.0,0.0,0.0,0.0,0.0,0.0,0.0,0.0,0.0,0.0,0.0,65.2,0,150,71,57,65476,0,65476,0,1,8,20529,65476,0,0,2621,60.0,0.0,0.0,0.0,0.0,0.0
2026-07-09T15:30:45,ERR,ERR,ERR,ERR,ERR,ERR,ERR,ERR,ERR,ERR,ERR,ERR,ERR,ERR,ERR,ERR,ERR,ERR,ERR,ERR,ERR,ERR,ERR,ERR,ERR,ERR,ERR,ERR,ERR,ERR,ERR,ERR,ERR,ERR,ERR,ERR,ERR,ERR,ERR,ERR,ERR,ERR,ERR,ERR,ERR,ERR,ERR,ERR,ERR,ERR,ERR,ERR,ERR,ERR,ERR,ERR,ERR,ERR,ERR,ERR,ERR,ERR,ERR,ERR,ERR,ERR,ERR,ERR,ERR,ERR,ERR,ERR,ERR,ERR,ERR,ERR,ERR,ERR,ERR,ERR,ERR,ERR,ERR,ERR,ERR,ERR,ERR,ERR,ERR,ERR,ERR,ERR,ERR,ERR,ERR,ERR,ERR,ERR,ERR,ERR,ERR,ERR,ERR,ERR,ERR,ERR,ERR,ERR,ERR,ERR,ERR,ERR,ERR,ERR,ERR,ERR,ERR,ERR,ERR,ERR,ERR,ERR,ERR,ERR,ERR,-0.0,-0.0,-0.0,0.0,-142146774499328.0,0.0,1.421531286100615e+32,0.0,0,0,4,17319,7116,0.0,100,0.0,0.0,0.0,0.0,0.0,0,0,0,0,0.0,0,0,0,0,0,0,0,0,0,0,0,0,0,0,0,0,0,0,0,0,0,0,0,0,0,0,0,0,0,0,0,0,0,31,40,40,71,65476,0,300,0,0,8,21553,0.0,-107605600.0,0.0,0.0,0.0,0.0,0.0,0.0,0.0,0.0,0.0,0.0,0.0,0.0,0.0,0.0,0.0,0.0,0.0,0.0,0.0,0.0,-0.0,3.697068705782851e+19,0.0,0.0,0.0,0.0,0.0,0.0,5221.0,-0.0,6930.0,-0.0,-0.0,2.004,2.004,0.0,0.0,0.0,0.0,69,0.059,0.059,0.0,0.0,0.0,0.0,0.0,0.0,0.0,0,0,0,0.0,0.0,0.0,0.0,0.0,0.0,0.0,0.0,0.0,0.0,0.0,0.0,0.0,0.0,0.0,0.0,0,-107875648.0,69,0.0,138,0.0,2.012,ERR,ERR,ERR,ERR,ERR,ERR,ERR,ERR,ERR,ERR,ERR,ERR,ERR,ERR,ERR,ERR,ERR,ERR,ERR,ERR,ERR,ERR,ERR,ERR,ERR,ERR,ERR,ERR,ERR,ERR,ERR,ERR,ERR,ERR,ERR,ERR,ERR,ERR,ERR,ERR,ERR,ERR,ERR,ERR,ERR,ERR,ERR,ERR,ERR,ERR,ERR,ERR,ERR,ERR,ERR,ERR,ERR,ERR,ERR,ERR,ERR,ERR,ERR,ERR,ERR,ERR,ERR,60.0,60.0,35,0.0,0.0,0.0,0.0,0.0,0.0,0.0,0.0,0.0,0.0,0.0,0.0,0.0,0.0,0.0,0.0,65.2,0,150,71,57,65476,0,65476,0,1,8,20529,65476,0,0,2621,60.0,0.0,0.0,0.0,0.0,0.0
2026-07-09T15:30:46,ERR,ERR,ERR,ERR,ERR,ERR,ERR,ERR,ERR,ERR,ERR,ERR,ERR,ERR,ERR,ERR,ERR,ERR,ERR,ERR,ERR,ERR,ERR,ERR,ERR,ERR,ERR,ERR,ERR,ERR,ERR,ERR,ERR,ERR,ERR,ERR,ERR,ERR,ERR,ERR,ERR,ERR,ERR,ERR,ERR,ERR,ERR,ERR,ERR,ERR,ERR,ERR,ERR,ERR,ERR,ERR,ERR,ERR,ERR,ERR,ERR,ERR,ERR,ERR,ERR,ERR,ERR,ERR,ERR,ERR,ERR,ERR,ERR,ERR,ERR,ERR,ERR,ERR,ERR,ERR,ERR,ERR,ERR,ERR,ERR,ERR,ERR,ERR,ERR,ERR,ERR,ERR,ERR,ERR,ERR,ERR,ERR,ERR,ERR,ERR,ERR,ERR,ERR,ERR,ERR,ERR,ERR,ERR,ERR,ERR,ERR,ERR,ERR,ERR,ERR,ERR,ERR,ERR,ERR,ERR,ERR,ERR,ERR,ERR,ERR,-0.0,0.0,-107090640.0,2.7183478752108883e+23,-0.0,-7.202004870028424e+31,0.0,-1.0316151526732595e+17,0,0,4,17320,7116,0.0,100,0.0,0.0,2.7183478752108883e+23,0.0,0.0,0,0,0,0,0.0,0,0,0,0,0,0,0,0,0,0,0,0,0,0,0,0,0,0,0,0,0,0,0,0,0,0,0,0,0,0,0,0,0,31,40,40,71,65476,0,300,0,0,8,21553,0.0,-107605600.0,0.0,0.0,0.0,0.0,0.0,0.0,0.0,0.0,0.0,0.0,0.0,0.0,0.0,0.0,0.0,0.0,0.0,0.0,0.0,0.0,-2.004,-3.6970682659782e+19,0.0,0.0,0.0,0.0,0.0,0.0,5241.0,2.004,6920.0,-0.0,-107616056.0,2.004,2.004,0.0,0.0,0.0,0.0,69,-0.0,-152017414651904.0,0.0,0.0,0.0,0.0,0.0,0.0,0.0,0,0,0,0.0,0.0,0.0,0.0,0.0,0.0,0.0,0.0,0.0,0.0,0.0,0.0,0.0,0.0,0.0,0.0,0,-107875648.0,69,0.0,138,0.0,2.012,ERR,ERR,ERR,ERR,ERR,ERR,ERR,ERR,ERR,ERR,ERR,ERR,ERR,ERR,ERR,ERR,ERR,ERR,ERR,ERR,ERR,ERR,ERR,ERR,ERR,ERR,ERR,ERR,ERR,ERR,ERR,ERR,ERR,ERR,ERR,ERR,ERR,ERR,ERR,ERR,ERR,ERR,ERR,ERR,ERR,ERR,ERR,ERR,ERR,ERR,ERR,ERR,ERR,ERR,ERR,ERR,ERR,ERR,ERR,ERR,ERR,ERR,ERR,ERR,ERR,ERR,ERR,60.0,60.0,35,0.0,0.0,0.0,0.0,0.0,0.0,0.0,0.0,0.0,0.0,0.0,0.0,0.0,0.0,0.0,0.0,64.8,0,150,71,57,65476,0,65476,0,1,8,20529,65476,0,0,2621,60.0,0.0,0.0,0.0,0.0,0.0
2026-07-09T15:30:47,ERR,ERR,ERR,ERR,ERR,ERR,ERR,ERR,ERR,ERR,ERR,ERR,ERR,ERR,ERR,ERR,ERR,ERR,ERR,ERR,ERR,ERR,ERR,ERR,ERR,ERR,ERR,ERR,ERR,ERR,ERR,ERR,ERR,ERR,ERR,ERR,ERR,ERR,ERR,ERR,ERR,ERR,ERR,ERR,ERR,ERR,ERR,ERR,ERR,ERR,ERR,ERR,ERR,ERR,ERR,ERR,ERR,ERR,ERR,ERR,ERR,ERR,ERR,ERR,ERR,ERR,ERR,ERR,ERR,ERR,ERR,ERR,ERR,ERR,ERR,ERR,ERR,ERR,ERR,ERR,ERR,ERR,ERR,ERR,ERR,ERR,ERR,ERR,ERR,ERR,ERR,ERR,ERR,ERR,ERR,ERR,ERR,ERR,ERR,ERR,ERR,ERR,ERR,ERR,ERR,ERR,ERR,ERR,ERR,ERR,ERR,ERR,ERR,ERR,ERR,ERR,ERR,ERR,ERR,ERR,ERR,ERR,ERR,ERR,ERR,-0.0,0.0,-107090640.0,2.7183478752108883e+23,-0.0,-7.202004870028424e+31,0.0,-1.0316151526732595e+17,0,0,4,17320,7116,0.0,100,0.0,0.0,2.7183478752108883e+23,0.0,0.0,0,0,0,0,0.0,0,0,0,0,0,0,0,0,0,0,0,0,0,0,0,0,0,0,0,0,0,0,0,0,0,0,0,0,0,0,0,0,0,31,40,40,71,65476,0,300,0,0,8,21553,0.0,-107605600.0,0.0,0.0,0.0,0.0,0.0,0.0,0.0,0.0,0.0,0.0,0.0,0.0,0.0,0.0,0.0,0.0,0.0,0.0,0.0,0.0,-2.004,-3.6970682659782e+19,0.0,0.0,0.0,0.0,0.0,0.0,5241.0,2.004,6920.0,-0.0,-107616056.0,2.004,2.004,0.0,0.0,0.0,0.0,69,-0.0,-152017414651904.0,0.0,0.0,0.0,0.0,0.0,0.0,0.0,0,0,0,0.0,0.0,0.0,0.0,0.0,0.0,0.0,0.0,0.0,0.0,0.0,0.0,0.0,0.0,0.0,0.0,0,-107875648.0,69,0.0,138,0.0,2.012,ERR,ERR,ERR,ERR,ERR,ERR,ERR,ERR,ERR,ERR,ERR,ERR,ERR,ERR,ERR,ERR,ERR,ERR,ERR,ERR,ERR,ERR,ERR,ERR,ERR,ERR,ERR,ERR,ERR,ERR,ERR,ERR,ERR,ERR,ERR,ERR,ERR,ERR,ERR,ERR,ERR,ERR,ERR,ERR,ERR,ERR,ERR,ERR,ERR,ERR,ERR,ERR,ERR,ERR,ERR,ERR,ERR,ERR,ERR,ERR,ERR,ERR,ERR,ERR,ERR,ERR,ERR,60.0,60.0,35,0.0,0.0,0.0,0.0,0.0,0.0,0.0,0.0,0.0,0.0,0.0,0.0,0.0,0.0,0.0,0.0,64.8,0,150,71,57,65476,0,65476,0,1,8,20529,65476,0,0,2621,60.0,0.0,0.0,0.0,0.0,0.0
2026-07-09T15:30:48,ERR,ERR,ERR,ERR,ERR,ERR,ERR,ERR,ERR,ERR,ERR,ERR,ERR,ERR,ERR,ERR,ERR,ERR,ERR,ERR,ERR,ERR,ERR,ERR,ERR,ERR,ERR,ERR,ERR,ERR,ERR,ERR,ERR,ERR,ERR,ERR,ERR,ERR,ERR,ERR,ERR,ERR,ERR,ERR,ERR,ERR,ERR,ERR,ERR,ERR,ERR,ERR,ERR,ERR,ERR,ERR,ERR,ERR,ERR,ERR,ERR,ERR,ERR,ERR,ERR,ERR,ERR,ERR,ERR,ERR,ERR,ERR,ERR,ERR,ERR,ERR,ERR,ERR,ERR,ERR,ERR,ERR,ERR,ERR,ERR,ERR,ERR,ERR,ERR,ERR,ERR,ERR,ERR,ERR,ERR,ERR,ERR,ERR,ERR,ERR,ERR,ERR,ERR,ERR,ERR,ERR,ERR,ERR,ERR,ERR,ERR,ERR,ERR,ERR,ERR,ERR,ERR,ERR,ERR,ERR,ERR,ERR,ERR,ERR,ERR,-0.0,0.0,-107090640.0,2.7183478752108883e+23,-0.0,-7.202004870028424e+31,0.0,-1.0316151526732595e+17,0,0,4,17320,7116,0.0,100,0.0,0.0,2.7183478752108883e+23,0.0,0.0,0,0,0,0,0.0,0,0,0,0,0,0,0,0,0,0,0,0,0,0,0,0,0,0,0,0,0,0,0,0,0,0,0,0,0,0,0,0,0,31,40,40,71,65476,0,300,0,0,8,21553,0.0,-107605600.0,0.0,0.0,0.0,0.0,0.0,0.0,0.0,0.0,0.0,0.0,0.0,0.0,0.0,0.0,0.0,0.0,0.0,0.0,0.0,0.0,-2.004,-3.6970682659782e+19,0.0,0.0,0.0,0.0,0.0,0.0,5241.0,2.004,6920.0,-0.0,-107616056.0,2.004,2.004,0.0,0.0,0.0,0.0,69,-0.0,-152017414651904.0,0.0,0.0,0.0,0.0,0.0,0.0,0.0,0,0,0,0.0,0.0,0.0,0.0,0.0,0.0,0.0,0.0,0.0,0.0,0.0,0.0,0.0,0.0,0.0,0.0,0,-107875648.0,69,0.0,138,0.0,2.012,ERR,ERR,ERR,ERR,ERR,ERR,ERR,ERR,ERR,ERR,ERR,ERR,ERR,ERR,ERR,ERR,ERR,ERR,ERR,ERR,ERR,ERR,ERR,ERR,ERR,ERR,ERR,ERR,ERR,ERR,ERR,ERR,ERR,ERR,ERR,ERR,ERR,ERR,ERR,ERR,ERR,ERR,ERR,ERR,ERR,ERR,ERR,ERR,ERR,ERR,ERR,ERR,ERR,ERR,ERR,ERR,ERR,ERR,ERR,ERR,ERR,ERR,ERR,ERR,ERR,ERR,ERR,60.0,60.0,35,0.0,0.0,0.0,0.0,0.0,0.0,0.0,0.0,0.0,0.0,0.0,0.0,0.0,0.0,0.0,0.0,64.8,0,150,71,57,65476,0,65476,0,1,8,20529,65476,0,0,2621,60.0,0.0,0.0,0.0,0.0,0.0
2026-07-09T15:30:49,ERR,ERR,ERR,ERR,ERR,ERR,ERR,ERR,ERR,ERR,ERR,ERR,ERR,ERR,ERR,ERR,ERR,ERR,ERR,ERR,ERR,ERR,ERR,ERR,ERR,ERR,ERR,ERR,ERR,ERR,ERR,ERR,ERR,ERR,ERR,ERR,ERR,ERR,ERR,ERR,ERR,ERR,ERR,ERR,ERR,ERR,ERR,ERR,ERR,ERR,ERR,ERR,ERR,ERR,ERR,ERR,ERR,ERR,ERR,ERR,ERR,ERR,ERR,ERR,ERR,ERR,ERR,ERR,ERR,ERR,ERR,ERR,ERR,ERR,ERR,ERR,ERR,ERR,ERR,ERR,ERR,ERR,ERR,ERR,ERR,ERR,ERR,ERR,ERR,ERR,ERR,ERR,ERR,ERR,ERR,ERR,ERR,ERR,ERR,ERR,ERR,ERR,ERR,ERR,ERR,ERR,ERR,ERR,ERR,ERR,ERR,ERR,ERR,ERR,ERR,ERR,ERR,ERR,ERR,ERR,ERR,ERR,ERR,ERR,ERR,-0.0,0.0,-107090640.0,2.7183478752108883e+23,-0.0,-7.202004870028424e+31,0.0,-1.0316151526732595e+17,0,0,4,17320,7116,0.0,100,0.0,0.0,2.7183478752108883e+23,0.0,0.0,0,0,0,0,0.0,0,0,0,0,0,0,0,0,0,0,0,0,0,0,0,0,0,0,0,0,0,0,0,0,0,0,0,0,0,0,0,0,0,31,40,40,71,65476,0,300,0,0,8,21553,0.0,-107605600.0,0.0,0.0,0.0,0.0,0.0,0.0,0.0,0.0,0.0,0.0,0.0,0.0,0.0,0.0,0.0,0.0,0.0,0.0,0.0,0.0,-2.004,-3.6970682659782e+19,0.0,0.0,0.0,0.0,0.0,0.0,5241.0,2.004,6920.0,-0.0,-107616056.0,2.004,2.004,0.0,0.0,0.0,0.0,69,-0.0,-152017414651904.0,0.0,0.0,0.0,0.0,0.0,0.0,0.0,0,0,0,0.0,0.0,0.0,0.0,0.0,0.0,0.0,0.0,0.0,0.0,0.0,0.0,0.0,0.0,0.0,0.0,0,-107875648.0,69,0.0,138,0.0,2.012,ERR,ERR,ERR,ERR,ERR,ERR,ERR,ERR,ERR,ERR,ERR,ERR,ERR,ERR,ERR,ERR,ERR,ERR,ERR,ERR,ERR,ERR,ERR,ERR,ERR,ERR,ERR,ERR,ERR,ERR,ERR,ERR,ERR,ERR,ERR,ERR,ERR,ERR,ERR,ERR,ERR,ERR,ERR,ERR,ERR,ERR,ERR,ERR,ERR,ERR,ERR,ERR,ERR,ERR,ERR,ERR,ERR,ERR,ERR,ERR,ERR,ERR,ERR,ERR,ERR,ERR,ERR,60.0,60.0,35,0.0,0.0,0.0,0.0,0.0,0.0,0.0,0.0,0.0,0.0,0.0,0.0,0.0,0.0,0.0,0.0,65.2,0,150,71,57,65476,0,65476,0,1,8,20529,65476,0,0,2621,60.0,0.0,0.0,0.0,0.0,0.0
2026-07-09T15:30:50,ERR,ERR,ERR,ERR,ERR,ERR,ERR,ERR,ERR,ERR,ERR,ERR,ERR,ERR,ERR,ERR,ERR,ERR,ERR,ERR,ERR,ERR,ERR,ERR,ERR,ERR,ERR,ERR,ERR,ERR,ERR,ERR,ERR,ERR,ERR,ERR,ERR,ERR,ERR,ERR,ERR,ERR,ERR,ERR,ERR,ERR,ERR,ERR,ERR,ERR,ERR,ERR,ERR,ERR,ERR,ERR,ERR,ERR,ERR,ERR,ERR,ERR,ERR,ERR,ERR,ERR,ERR,ERR,ERR,ERR,ERR,ERR,ERR,ERR,ERR,ERR,ERR,ERR,ERR,ERR,ERR,ERR,ERR,ERR,ERR,ERR,ERR,ERR,ERR,ERR,ERR,ERR,ERR,ERR,ERR,ERR,ERR,ERR,ERR,ERR,ERR,ERR,ERR,ERR,ERR,ERR,ERR,ERR,ERR,ERR,ERR,ERR,ERR,ERR,ERR,ERR,ERR,ERR,ERR,ERR,ERR,ERR,ERR,ERR,ERR,-0.0,0.0,-107090640.0,2.7183478752108883e+23,-0.0,-7.202004870028424e+31,0.0,-1.0316151526732595e+17,0,0,4,17320,7116,0.0,100,0.0,0.0,2.7183478752108883e+23,0.0,0.0,0,0,0,0,0.0,0,0,0,0,0,0,0,0,0,0,0,0,0,0,0,0,0,0,0,0,0,0,0,0,0,0,0,0,0,0,0,0,0,31,40,40,71,65476,0,300,0,0,8,21553,0.0,-107605600.0,0.0,0.0,0.0,0.0,0.0,0.0,0.0,0.0,0.0,0.0,0.0,0.0,0.0,0.0,0.0,0.0,0.0,0.0,0.0,0.0,-2.004,-3.6970682659782e+19,0.0,0.0,0.0,0.0,0.0,0.0,5241.0,2.004,6920.0,-0.0,-107616056.0,2.004,2.004,0.0,0.0,0.0,0.0,69,-0.0,-152017414651904.0,0.0,0.0,0.0,0.0,0.0,0.0,0.0,0,0,0,0.0,0.0,0.0,0.0,0.0,0.0,0.0,0.0,0.0,0.0,0.0,0.0,0.0,0.0,0.0,0.0,0,-107875648.0,69,0.0,138,0.0,2.012,ERR,ERR,ERR,ERR,ERR,ERR,ERR,ERR,ERR,ERR,ERR,ERR,ERR,ERR,ERR,ERR,ERR,ERR,ERR,ERR,ERR,ERR,ERR,ERR,ERR,ERR,ERR,ERR,ERR,ERR,ERR,ERR,ERR,ERR,ERR,ERR,ERR,ERR,ERR,ERR,ERR,ERR,ERR,ERR,ERR,ERR,ERR,ERR,ERR,ERR,ERR,ERR,ERR,ERR,ERR,ERR,ERR,ERR,ERR,ERR,ERR,ERR,ERR,ERR,ERR,ERR,ERR,60.0,60.0,35,0.0,0.0,0.0,0.0,0.0,0.0,0.0,0.0,0.0,0.0,0.0,0.0,0.0,0.0,0.0,0.0,65.2,0,150,71,57,65476,0,65476,0,1,8,20529,65476,0,0,2621,60.0,0.0,0.0,0.0,0.0,0.0
2026-07-09T15:30:51,ERR,ERR,ERR,ERR,ERR,ERR,ERR,ERR,ERR,ERR,ERR,ERR,ERR,ERR,ERR,ERR,ERR,ERR,ERR,ERR,ERR,ERR,ERR,ERR,ERR,ERR,ERR,ERR,ERR,ERR,ERR,ERR,ERR,ERR,ERR,ERR,ERR,ERR,ERR,ERR,ERR,ERR,ERR,ERR,ERR,ERR,ERR,ERR,ERR,ERR,ERR,ERR,ERR,ERR,ERR,ERR,ERR,ERR,ERR,ERR,ERR,ERR,ERR,ERR,ERR,ERR,ERR,ERR,ERR,ERR,ERR,ERR,ERR,ERR,ERR,ERR,ERR,ERR,ERR,ERR,ERR,ERR,ERR,ERR,ERR,ERR,ERR,ERR,ERR,ERR,ERR,ERR,ERR,ERR,ERR,ERR,ERR,ERR,ERR,ERR,ERR,ERR,ERR,ERR,ERR,ERR,ERR,ERR,ERR,ERR,ERR,ERR,ERR,ERR,ERR,ERR,ERR,ERR,ERR,ERR,ERR,ERR,ERR,ERR,ERR,0.0,2.718446053682765e+23,-107090624.0,0.0,7.900587600154918e+28,0.0,-0.0,-2.941,0,0,4,17316,7116,0.0,100,0.0,0.0,0.0,0.0,0.0,0,0,0,0,0.0,0,0,0,0,0,0,0,0,0,0,0,0,0,0,0,0,0,0,0,0,0,0,0,0,0,0,0,0,0,0,0,0,0,31,40,40,71,65476,0,300,0,0,8,21553,0.0,-107605600.0,0.0,0.0,0.0,0.0,0.0,0.0,0.0,0.0,0.0,0.0,0.0,0.0,0.0,0.0,0.0,0.0,0.0,0.0,0.0,0.0,-2.004,-0.0,0.0,0.0,0.0,0.0,0.0,0.0,5194.0,-131350.531,6937.0,0.0,0.0,2.004,2.004,0.0,0.0,0.0,0.0,69,-3.222028592685471e+26,1.9056872971567104e+17,0.0,0.0,0.0,0.0,0.0,0.0,0.0,0,0,0,0.0,0.0,0.0,0.0,0.0,0.0,0.0,0.0,0.0,0.0,0.0,0.0,0.0,0.0,0.0,0.0,0,-107875648.0,69,0.0,138,0.0,2.012,ERR,ERR,ERR,ERR,ERR,ERR,ERR,ERR,ERR,ERR,ERR,ERR,ERR,ERR,ERR,ERR,ERR,ERR,ERR,ERR,ERR,ERR,ERR,ERR,ERR,ERR,ERR,ERR,ERR,ERR,ERR,ERR,ERR,ERR,ERR,ERR,ERR,ERR,ERR,ERR,ERR,ERR,ERR,ERR,ERR,ERR,ERR,ERR,ERR,ERR,ERR,ERR,ERR,ERR,ERR,ERR,ERR,ERR,ERR,ERR,ERR,ERR,ERR,ERR,ERR,ERR,ERR,60.0,60.0,35,0.0,0.0,0.0,0.0,0.0,0.0,0.0,0.0,0.0,0.0,0.0,0.0,0.0,0.0,0.0,0.0,65.6,0,150,71,57,65476,0,65476,0,1,8,20529,65476,0,0,2621,60.0,0.0,0.0,0.0,0.0,0.0
2026-07-09T15:30:52,ERR,ERR,ERR,ERR,ERR,ERR,ERR,ERR,ERR,ERR,ERR,ERR,ERR,ERR,ERR,ERR,ERR,ERR,ERR,ERR,ERR,ERR,ERR,ERR,ERR,ERR,ERR,ERR,ERR,ERR,ERR,ERR,ERR,ERR,ERR,ERR,ERR,ERR,ERR,ERR,ERR,ERR,ERR,ERR,ERR,ERR,ERR,ERR,ERR,ERR,ERR,ERR,ERR,ERR,ERR,ERR,ERR,ERR,ERR,ERR,ERR,ERR,ERR,ERR,ERR,ERR,ERR,ERR,ERR,ERR,ERR,ERR,ERR,ERR,ERR,ERR,ERR,ERR,ERR,ERR,ERR,ERR,ERR,ERR,ERR,ERR,ERR,ERR,ERR,ERR,ERR,ERR,ERR,ERR,ERR,ERR,ERR,ERR,ERR,ERR,ERR,ERR,ERR,ERR,ERR,ERR,ERR,ERR,ERR,ERR,ERR,ERR,ERR,ERR,ERR,ERR,ERR,ERR,ERR,ERR,ERR,ERR,ERR,ERR,ERR,0.0,2.718446053682765e+23,-107090624.0,0.0,7.900587600154918e+28,0.0,-0.0,-2.941,0,0,4,17316,7116,0.0,100,0.0,0.0,0.0,0.0,0.0,0,0,0,0,0.0,0,0,0,0,0,0,0,0,0,0,0,0,0,0,0,0,0,0,0,0,0,0,0,0,0,0,0,0,0,0,0,0,0,31,40,40,71,65476,0,300,0,0,8,21553,0.0,-107605600.0,0.0,0.0,0.0,0.0,0.0,0.0,0.0,0.0,0.0,0.0,0.0,0.0,0.0,0.0,0.0,0.0,0.0,0.0,0.0,0.0,-2.004,-0.0,0.0,0.0,0.0,0.0,0.0,0.0,5194.0,-131350.531,6937.0,0.0,0.0,2.004,2.004,0.0,0.0,0.0,0.0,69,-3.222028592685471e+26,1.9056872971567104e+17,0.0,0.0,0.0,0.0,0.0,0.0,0.0,0,0,0,0.0,0.0,0.0,0.0,0.0,0.0,0.0,0.0,0.0,0.0,0.0,0.0,0.0,0.0,0.0,0.0,0,-107875648.0,69,0.0,138,0.0,2.012,ERR,ERR,ERR,ERR,ERR,ERR,ERR,ERR,ERR,ERR,ERR,ERR,ERR,ERR,ERR,ERR,ERR,ERR,ERR,ERR,ERR,ERR,ERR,ERR,ERR,ERR,ERR,ERR,ERR,ERR,ERR,ERR,ERR,ERR,ERR,ERR,ERR,ERR,ERR,ERR,ERR,ERR,ERR,ERR,ERR,ERR,ERR,ERR,ERR,ERR,ERR,ERR,ERR,ERR,ERR,ERR,ERR,ERR,ERR,ERR,ERR,ERR,ERR,ERR,ERR,ERR,ERR,60.0,60.0,35,0.0,0.0,0.0,0.0,0.0,0.0,0.0,0.0,0.0,0.0,0.0,0.0,0.0,0.0,0.0,0.0,65.6,0,150,71,57,65476,0,65476,0,1,8,20529,65476,0,0,2621,60.0,0.0,0.0,0.0,0.0,0.0
2026-07-09T15:30:53,ERR,ERR,ERR,ERR,ERR,ERR,ERR,ERR,ERR,ERR,ERR,ERR,ERR,ERR,ERR,ERR,ERR,ERR,ERR,ERR,ERR,ERR,ERR,ERR,ERR,ERR,ERR,ERR,ERR,ERR,ERR,ERR,ERR,ERR,ERR,ERR,ERR,ERR,ERR,ERR,ERR,ERR,ERR,ERR,ERR,ERR,ERR,ERR,ERR,ERR,ERR,ERR,ERR,ERR,ERR,ERR,ERR,ERR,ERR,ERR,ERR,ERR,ERR,ERR,ERR,ERR,ERR,ERR,ERR,ERR,ERR,ERR,ERR,ERR,ERR,ERR,ERR,ERR,ERR,ERR,ERR,ERR,ERR,ERR,ERR,ERR,ERR,ERR,ERR,ERR,ERR,ERR,ERR,ERR,ERR,ERR,ERR,ERR,ERR,ERR,ERR,ERR,ERR,ERR,ERR,ERR,ERR,ERR,ERR,ERR,ERR,ERR,ERR,ERR,ERR,ERR,ERR,ERR,ERR,ERR,ERR,ERR,ERR,ERR,ERR,0.0,2.718446053682765e+23,-107090624.0,0.0,7.900587600154918e+28,0.0,-0.0,-2.941,0,0,4,17316,7116,0.0,100,0.0,0.0,0.0,0.0,0.0,0,0,0,0,0.0,0,0,0,0,0,0,0,0,0,0,0,0,0,0,0,0,0,0,0,0,0,0,0,0,0,0,0,0,0,0,0,0,0,31,40,40,71,65476,0,300,0,0,8,21553,0.0,-107605600.0,0.0,0.0,0.0,0.0,0.0,0.0,0.0,0.0,0.0,0.0,0.0,0.0,0.0,0.0,0.0,0.0,0.0,0.0,0.0,0.0,-2.004,-0.0,0.0,0.0,0.0,0.0,0.0,0.0,5194.0,-131350.531,6937.0,0.0,0.0,2.004,2.004,0.0,0.0,0.0,0.0,69,-3.222028592685471e+26,1.9056872971567104e+17,0.0,0.0,0.0,0.0,0.0,0.0,0.0,0,0,0,0.0,0.0,0.0,0.0,0.0,0.0,0.0,0.0,0.0,0.0,0.0,0.0,0.0,0.0,0.0,0.0,0,-107875648.0,69,0.0,138,0.0,2.012,ERR,ERR,ERR,ERR,ERR,ERR,ERR,ERR,ERR,ERR,ERR,ERR,ERR,ERR,ERR,ERR,ERR,ERR,ERR,ERR,ERR,ERR,ERR,ERR,ERR,ERR,ERR,ERR,ERR,ERR,ERR,ERR,ERR,ERR,ERR,ERR,ERR,ERR,ERR,ERR,ERR,ERR,ERR,ERR,ERR,ERR,ERR,ERR,ERR,ERR,ERR,ERR,ERR,ERR,ERR,ERR,ERR,ERR,ERR,ERR,ERR,ERR,ERR,ERR,ERR,ERR,ERR,60.0,60.0,35,0.0,0.0,0.0,0.0,0.0,0.0,0.0,0.0,0.0,0.0,0.0,0.0,0.0,0.0,0.0,0.0,64.8,0,150,71,57,65476,0,65476,0,1,8,20529,65476,0,0,2621,60.0,0.0,0.0,0.0,0.0,0.0
2026-07-09T15:30:54,ERR,ERR,ERR,ERR,ERR,ERR,ERR,ERR,ERR,ERR,ERR,ERR,ERR,ERR,ERR,ERR,ERR,ERR,ERR,ERR,ERR,ERR,ERR,ERR,ERR,ERR,ERR,ERR,ERR,ERR,ERR,ERR,ERR,ERR,ERR,ERR,ERR,ERR,ERR,ERR,ERR,ERR,ERR,ERR,ERR,ERR,ERR,ERR,ERR,ERR,ERR,ERR,ERR,ERR,ERR,ERR,ERR,ERR,ERR,ERR,ERR,ERR,ERR,ERR,ERR,ERR,ERR,ERR,ERR,ERR,ERR,ERR,ERR,ERR,ERR,ERR,ERR,ERR,ERR,ERR,ERR,ERR,ERR,ERR,ERR,ERR,ERR,ERR,ERR,ERR,ERR,ERR,ERR,ERR,ERR,ERR,ERR,ERR,ERR,ERR,ERR,ERR,ERR,ERR,ERR,ERR,ERR,ERR,ERR,ERR,ERR,ERR,ERR,ERR,ERR,ERR,ERR,ERR,ERR,ERR,ERR,ERR,ERR,ERR,ERR,0.0,2.718446053682765e+23,-107090624.0,0.0,7.900587600154918e+28,0.0,-0.0,-2.941,0,0,4,17316,7116,0.0,100,0.0,0.0,0.0,0.0,0.0,0,0,0,0,0.0,0,0,0,0,0,0,0,0,0,0,0,0,0,0,0,0,0,0,0,0,0,0,0,0,0,0,0,0,0,0,0,0,0,31,40,40,71,65476,0,300,0,0,8,21553,0.0,-107605600.0,0.0,0.0,0.0,0.0,0.0,0.0,0.0,0.0,0.0,0.0,0.0,0.0,0.0,0.0,0.0,0.0,0.0,0.0,0.0,0.0,-2.004,-0.0,0.0,0.0,0.0,0.0,0.0,0.0,5194.0,-131350.531,6937.0,0.0,0.0,2.004,2.004,0.0,0.0,0.0,0.0,69,-3.222028592685471e+26,1.9056872971567104e+17,0.0,0.0,0.0,0.0,0.0,0.0,0.0,0,0,0,0.0,0.0,0.0,0.0,0.0,0.0,0.0,0.0,0.0,0.0,0.0,0.0,0.0,0.0,0.0,0.0,0,-107875648.0,69,0.0,138,0.0,2.012,ERR,ERR,ERR,ERR,ERR,ERR,ERR,ERR,ERR,ERR,ERR,ERR,ERR,ERR,ERR,ERR,ERR,ERR,ERR,ERR,ERR,ERR,ERR,ERR,ERR,ERR,ERR,ERR,ERR,ERR,ERR,ERR,ERR,ERR,ERR,ERR,ERR,ERR,ERR,ERR,ERR,ERR,ERR,ERR,ERR,ERR,ERR,ERR,ERR,ERR,ERR,ERR,ERR,ERR,ERR,ERR,ERR,ERR,ERR,ERR,ERR,ERR,ERR,ERR,ERR,ERR,ERR,60.0,60.0,35,0.0,0.0,0.0,0.0,0.0,0.0,0.0,0.0,0.0,0.0,0.0,0.0,0.0,0.0,0.0,0.0,65.6,0,150,71,57,65476,0,65476,0,1,8,20529,65476,0,0,2621,60.0,0.0,0.0,0.0,0.0,0.0
2026-07-09T15:30:55,ERR,ERR,ERR,ERR,ERR,ERR,ERR,ERR,ERR,ERR,ERR,ERR,ERR,ERR,ERR,ERR,ERR,ERR,ERR,ERR,ERR,ERR,ERR,ERR,ERR,ERR,ERR,ERR,ERR,ERR,ERR,ERR,ERR,ERR,ERR,ERR,ERR,ERR,ERR,ERR,ERR,ERR,ERR,ERR,ERR,ERR,ERR,ERR,ERR,ERR,ERR,ERR,ERR,ERR,ERR,ERR,ERR,ERR,ERR,ERR,ERR,ERR,ERR,ERR,ERR,ERR,ERR,ERR,ERR,ERR,ERR,ERR,ERR,ERR,ERR,ERR,ERR,ERR,ERR,ERR,ERR,ERR,ERR,ERR,ERR,ERR,ERR,ERR,ERR,ERR,ERR,ERR,ERR,ERR,ERR,ERR,ERR,ERR,ERR,ERR,ERR,ERR,ERR,ERR,ERR,ERR,ERR,ERR,ERR,ERR,ERR,ERR,ERR,ERR,ERR,ERR,ERR,ERR,ERR,ERR,ERR,ERR,ERR,ERR,ERR,0.0,2.718446053682765e+23,-107090624.0,0.0,7.900587600154918e+28,0.0,-0.0,-2.941,0,0,4,17316,7116,0.0,100,0.0,0.0,0.0,0.0,0.0,0,0,0,0,0.0,0,0,0,0,0,0,0,0,0,0,0,0,0,0,0,0,0,0,0,0,0,0,0,0,0,0,0,0,0,0,0,0,0,31,40,40,71,65476,0,300,0,0,8,21553,0.0,-107605600.0,0.0,0.0,0.0,0.0,0.0,0.0,0.0,0.0,0.0,0.0,0.0,0.0,0.0,0.0,0.0,0.0,0.0,0.0,0.0,0.0,-2.004,-0.0,0.0,0.0,0.0,0.0,0.0,0.0,5194.0,-131350.531,6937.0,0.0,0.0,2.004,2.004,0.0,0.0,0.0,0.0,69,-3.222028592685471e+26,1.9056872971567104e+17,0.0,0.0,0.0,0.0,0.0,0.0,0.0,0,0,0,0.0,0.0,0.0,0.0,0.0,0.0,0.0,0.0,0.0,0.0,0.0,0.0,0.0,0.0,0.0,0.0,0,-107875648.0,69,0.0,138,0.0,2.012,ERR,ERR,ERR,ERR,ERR,ERR,ERR,ERR,ERR,ERR,ERR,ERR,ERR,ERR,ERR,ERR,ERR,ERR,ERR,ERR,ERR,ERR,ERR,ERR,ERR,ERR,ERR,ERR,ERR,ERR,ERR,ERR,ERR,ERR,ERR,ERR,ERR,ERR,ERR,ERR,ERR,ERR,ERR,ERR,ERR,ERR,ERR,ERR,ERR,ERR,ERR,ERR,ERR,ERR,ERR,ERR,ERR,ERR,ERR,ERR,ERR,ERR,ERR,ERR,ERR,ERR,ERR,60.0,60.0,35,0.0,0.0,0.0,0.0,0.0,0.0,0.0,0.0,0.0,0.0,0.0,0.0,0.0,0.0,0.0,0.0,65.6,0,150,71,57,65476,0,65476,0,1,8,20529,65476,0,0,2621,60.0,0.0,0.0,0.0,0.0,0.0
2026-07-09T15:30:56,ERR,ERR,ERR,ERR,ERR,ERR,ERR,ERR,ERR,ERR,ERR,ERR,ERR,ERR,ERR,ERR,ERR,ERR,ERR,ERR,ERR,ERR,ERR,ERR,ERR,ERR,ERR,ERR,ERR,ERR,ERR,ERR,ERR,ERR,ERR,ERR,ERR,ERR,ERR,ERR,ERR,ERR,ERR,ERR,ERR,ERR,ERR,ERR,ERR,ERR,ERR,ERR,ERR,ERR,ERR,ERR,ERR,ERR,ERR,ERR,ERR,ERR,ERR,ERR,ERR,ERR,ERR,ERR,ERR,ERR,ERR,ERR,ERR,ERR,ERR,ERR,ERR,ERR,ERR,ERR,ERR,ERR,ERR,ERR,ERR,ERR,ERR,ERR,ERR,ERR,ERR,ERR,ERR,ERR,ERR,ERR,ERR,ERR,ERR,ERR,ERR,ERR,ERR,ERR,ERR,ERR,ERR,ERR,ERR,ERR,ERR,ERR,ERR,ERR,ERR,ERR,ERR,ERR,ERR,ERR,ERR,ERR,ERR,ERR,ERR,2.7184256974124493e+23,0.0,-0.0,0.0,-0.0,-0.0,70400424.0,-0.0,0,0,4,17319,7116,0.0,100,0.0,0.0,0.0,0.0,0.0,0,0,0,0,0.0,0,0,0,0,0,0,0,0,0,0,0,0,0,0,0,0,0,0,0,0,0,0,0,0,0,0,0,0,0,0,0,0,0,31,40,40,71,65476,0,300,0,0,8,21553,0.0,-107605600.0,0.0,0.0,0.0,0.0,0.0,0.0,0.0,0.0,0.0,0.0,0.0,0.0,0.0,0.0,0.0,0.0,0.0,0.0,0.0,0.0,0.0,-0.0,0.0,0.0,0.0,0.0,0.0,0.0,5212.0,-0.0,6933.0,2.7184256974124493e+23,0.0,2.004,2.004,0.0,0.0,0.0,0.0,69,107615352.0,0.0,0.0,0.0,0.0,0.0,0.0,0.0,0.0,0,0,0,0.0,0.0,0.0,0.0,0.0,0.0,0.0,0.0,0.0,0.0,0.0,0.0,0.0,0.0,0.0,0.0,0,-107875648.0,69,0.0,138,0.0,2.012,ERR,ERR,ERR,ERR,ERR,ERR,ERR,ERR,ERR,ERR,ERR,ERR,ERR,ERR,ERR,ERR,ERR,ERR,ERR,ERR,ERR,ERR,ERR,ERR,ERR,ERR,ERR,ERR,ERR,ERR,ERR,ERR,ERR,ERR,ERR,ERR,ERR,ERR,ERR,ERR,ERR,ERR,ERR,ERR,ERR,ERR,ERR,ERR,ERR,ERR,ERR,ERR,ERR,ERR,ERR,ERR,ERR,ERR,ERR,ERR,ERR,ERR,ERR,ERR,ERR,ERR,ERR,60.0,60.0,35,0.0,0.0,0.0,0.0,0.0,0.0,0.0,0.0,0.0,0.0,0.0,0.0,0.0,0.0,0.0,0.0,65.2,0,150,71,57,65476,0,65476,0,1,8,20529,65476,0,0,2621,60.0,0.0,0.0,0.0,0.0,0.0
2026-07-09T15:30:57,ERR,ERR,ERR,ERR,ERR,ERR,ERR,ERR,ERR,ERR,ERR,ERR,ERR,ERR,ERR,ERR,ERR,ERR,ERR,ERR,ERR,ERR,ERR,ERR,ERR,ERR,ERR,ERR,ERR,ERR,ERR,ERR,ERR,ERR,ERR,ERR,ERR,ERR,ERR,ERR,ERR,ERR,ERR,ERR,ERR,ERR,ERR,ERR,ERR,ERR,ERR,ERR,ERR,ERR,ERR,ERR,ERR,ERR,ERR,ERR,ERR,ERR,ERR,ERR,ERR,ERR,ERR,ERR,ERR,ERR,ERR,ERR,ERR,ERR,ERR,ERR,ERR,ERR,ERR,ERR,ERR,ERR,ERR,ERR,ERR,ERR,ERR,ERR,ERR,ERR,ERR,ERR,ERR,ERR,ERR,ERR,ERR,ERR,ERR,ERR,ERR,ERR,ERR,ERR,ERR,ERR,ERR,ERR,ERR,ERR,ERR,ERR,ERR,ERR,ERR,ERR,ERR,ERR,ERR,ERR,ERR,ERR,ERR,ERR,ERR,2.7184256974124493e+23,0.0,-0.0,0.0,-0.0,-0.0,70400424.0,-0.0,0,0,4,17319,7116,0.0,100,0.0,0.0,0.0,0.0,0.0,0,0,0,0,0.0,0,0,0,0,0,0,0,0,0,0,0,0,0,0,0,0,0,0,0,0,0,0,0,0,0,0,0,0,0,0,0,0,0,31,40,40,71,65476,0,300,0,0,8,21553,0.0,-107605600.0,0.0,0.0,0.0,0.0,0.0,0.0,0.0,0.0,0.0,0.0,0.0,0.0,0.0,0.0,0.0,0.0,0.0,0.0,0.0,0.0,0.0,-0.0,0.0,0.0,0.0,0.0,0.0,0.0,5212.0,-0.0,6933.0,2.7184256974124493e+23,0.0,2.004,2.004,0.0,0.0,0.0,0.0,69,107615352.0,0.0,0.0,0.0,0.0,0.0,0.0,0.0,0.0,0,0,0,0.0,0.0,0.0,0.0,0.0,0.0,0.0,0.0,0.0,0.0,0.0,0.0,0.0,0.0,0.0,0.0,0,-107875648.0,69,0.0,138,0.0,2.012,ERR,ERR,ERR,ERR,ERR,ERR,ERR,ERR,ERR,ERR,ERR,ERR,ERR,ERR,ERR,ERR,ERR,ERR,ERR,ERR,ERR,ERR,ERR,ERR,ERR,ERR,ERR,ERR,ERR,ERR,ERR,ERR,ERR,ERR,ERR,ERR,ERR,ERR,ERR,ERR,ERR,ERR,ERR,ERR,ERR,ERR,ERR,ERR,ERR,ERR,ERR,ERR,ERR,ERR,ERR,ERR,ERR,ERR,ERR,ERR,ERR,ERR,ERR,ERR,ERR,ERR,ERR,60.0,60.0,35,0.0,0.0,0.0,0.0,0.0,0.0,0.0,0.0,0.0,0.0,0.0,0.0,0.0,0.0,0.0,0.0,65.6,0,150,71,57,65476,0,65476,0,1,8,20529,65476,0,0,2621,60.0,0.0,0.0,0.0,0.0,0.0
2026-07-09T15:30:58,ERR,ERR,ERR,ERR,ERR,ERR,ERR,ERR,ERR,ERR,ERR,ERR,ERR,ERR,ERR,ERR,ERR,ERR,ERR,ERR,ERR,ERR,ERR,ERR,ERR,ERR,ERR,ERR,ERR,ERR,ERR,ERR,ERR,ERR,ERR,ERR,ERR,ERR,ERR,ERR,ERR,ERR,ERR,ERR,ERR,ERR,ERR,ERR,ERR,ERR,ERR,ERR,ERR,ERR,ERR,ERR,ERR,ERR,ERR,ERR,ERR,ERR,ERR,ERR,ERR,ERR,ERR,ERR,ERR,ERR,ERR,ERR,ERR,ERR,ERR,ERR,ERR,ERR,ERR,ERR,ERR,ERR,ERR,ERR,ERR,ERR,ERR,ERR,ERR,ERR,ERR,ERR,ERR,ERR,ERR,ERR,ERR,ERR,ERR,ERR,ERR,ERR,ERR,ERR,ERR,ERR,ERR,ERR,ERR,ERR,ERR,ERR,ERR,ERR,ERR,ERR,ERR,ERR,ERR,ERR,ERR,ERR,ERR,ERR,ERR,2.7184256974124493e+23,0.0,-0.0,0.0,-0.0,-0.0,70400424.0,-0.0,0,0,4,17319,7116,0.0,100,0.0,0.0,0.0,0.0,0.0,0,0,0,0,0.0,0,0,0,0,0,0,0,0,0,0,0,0,0,0,0,0,0,0,0,0,0,0,0,0,0,0,0,0,0,0,0,0,0,31,40,40,71,65476,0,300,0,0,8,21553,0.0,-107605600.0,0.0,0.0,0.0,0.0,0.0,0.0,0.0,0.0,0.0,0.0,0.0,0.0,0.0,0.0,0.0,0.0,0.0,0.0,0.0,0.0,0.0,-0.0,0.0,0.0,0.0,0.0,0.0,0.0,5212.0,-0.0,6933.0,2.7184256974124493e+23,0.0,2.004,2.004,0.0,0.0,0.0,0.0,69,107615352.0,0.0,0.0,0.0,0.0,0.0,0.0,0.0,0.0,0,0,0,0.0,0.0,0.0,0.0,0.0,0.0,0.0,0.0,0.0,0.0,0.0,0.0,0.0,0.0,0.0,0.0,0,-107875648.0,69,0.0,138,0.0,2.012,ERR,ERR,ERR,ERR,ERR,ERR,ERR,ERR,ERR,ERR,ERR,ERR,ERR,ERR,ERR,ERR,ERR,ERR,ERR,ERR,ERR,ERR,ERR,ERR,ERR,ERR,ERR,ERR,ERR,ERR,ERR,ERR,ERR,ERR,ERR,ERR,ERR,ERR,ERR,ERR,ERR,ERR,ERR,ERR,ERR,ERR,ERR,ERR,ERR,ERR,ERR,ERR,ERR,ERR,ERR,ERR,ERR,ERR,ERR,ERR,ERR,ERR,ERR,ERR,ERR,ERR,ERR,60.0,60.0,35,0.0,0.0,0.0,0.0,0.0,0.0,0.0,0.0,0.0,0.0,0.0,0.0,0.0,0.0,0.0,0.0,65.6,0,150,71,57,65476,0,65476,0,1,8,20529,65476,0,0,2621,60.0,0.0,0.0,0.0,0.0,0.0
2026-07-09T15:30:59,ERR,ERR,ERR,ERR,ERR,ERR,ERR,ERR,ERR,ERR,ERR,ERR,ERR,ERR,ERR,ERR,ERR,ERR,ERR,ERR,ERR,ERR,ERR,ERR,ERR,ERR,ERR,ERR,ERR,ERR,ERR,ERR,ERR,ERR,ERR,ERR,ERR,ERR,ERR,ERR,ERR,ERR,ERR,ERR,ERR,ERR,ERR,ERR,ERR,ERR,ERR,ERR,ERR,ERR,ERR,ERR,ERR,ERR,ERR,ERR,ERR,ERR,ERR,ERR,ERR,ERR,ERR,ERR,ERR,ERR,ERR,ERR,ERR,ERR,ERR,ERR,ERR,ERR,ERR,ERR,ERR,ERR,ERR,ERR,ERR,ERR,ERR,ERR,ERR,ERR,ERR,ERR,ERR,ERR,ERR,ERR,ERR,ERR,ERR,ERR,ERR,ERR,ERR,ERR,ERR,ERR,ERR,ERR,ERR,ERR,ERR,ERR,ERR,ERR,ERR,ERR,ERR,ERR,ERR,ERR,ERR,ERR,ERR,ERR,ERR,2.7184256974124493e+23,0.0,-0.0,0.0,-0.0,-0.0,70400424.0,-0.0,0,0,4,17319,7116,0.0,100,0.0,0.0,0.0,0.0,0.0,0,0,0,0,0.0,0,0,0,0,0,0,0,0,0,0,0,0,0,0,0,0,0,0,0,0,0,0,0,0,0,0,0,0,0,0,0,0,0,31,40,40,71,65476,0,300,0,0,8,21553,0.0,-107605600.0,0.0,0.0,0.0,0.0,0.0,0.0,0.0,0.0,0.0,0.0,0.0,0.0,0.0,0.0,0.0,0.0,0.0,0.0,0.0,0.0,0.0,-0.0,0.0,0.0,0.0,0.0,0.0,0.0,5212.0,-0.0,6933.0,2.7184256974124493e+23,0.0,2.004,2.004,0.0,0.0,0.0,0.0,69,107615352.0,0.0,0.0,0.0,0.0,0.0,0.0,0.0,0.0,0,0,0,0.0,0.0,0.0,0.0,0.0,0.0,0.0,0.0,0.0,0.0,0.0,0.0,0.0,0.0,0.0,0.0,0,-107875648.0,69,0.0,138,0.0,2.012,ERR,ERR,ERR,ERR,ERR,ERR,ERR,ERR,ERR,ERR,ERR,ERR,ERR,ERR,ERR,ERR,ERR,ERR,ERR,ERR,ERR,ERR,ERR,ERR,ERR,ERR,ERR,ERR,ERR,ERR,ERR,ERR,ERR,ERR,ERR,ERR,ERR,ERR,ERR,ERR,ERR,ERR,ERR,ERR,ERR,ERR,ERR,ERR,ERR,ERR,ERR,ERR,ERR,ERR,ERR,ERR,ERR,ERR,ERR,ERR,ERR,ERR,ERR,ERR,ERR,ERR,ERR,60.0,60.0,35,0.0,0.0,0.0,0.0,0.0,0.0,0.0,0.0,0.0,0.0,0.0,0.0,0.0,0.0,0.0,0.0,64.8,0,150,71,57,65476,0,65476,0,1,8,20529,65476,0,0,2621,60.0,0.0,0.0,0.0,0.0,0.0
2026-07-09T15:31:00,ERR,ERR,ERR,ERR,ERR,ERR,ERR,ERR,ERR,ERR,ERR,ERR,ERR,ERR,ERR,ERR,ERR,ERR,ERR,ERR,ERR,ERR,ERR,ERR,ERR,ERR,ERR,ERR,ERR,ERR,ERR,ERR,ERR,ERR,ERR,ERR,ERR,ERR,ERR,ERR,ERR,ERR,ERR,ERR,ERR,ERR,ERR,ERR,ERR,ERR,ERR,ERR,ERR,ERR,ERR,ERR,ERR,ERR,ERR,ERR,ERR,ERR,ERR,ERR,ERR,ERR,ERR,ERR,ERR,ERR,ERR,ERR,ERR,ERR,ERR,ERR,ERR,ERR,ERR,ERR,ERR,ERR,ERR,ERR,ERR,ERR,ERR,ERR,ERR,ERR,ERR,ERR,ERR,ERR,ERR,ERR,ERR,ERR,ERR,ERR,ERR,ERR,ERR,ERR,ERR,ERR,ERR,ERR,ERR,ERR,ERR,ERR,ERR,ERR,ERR,ERR,ERR,ERR,ERR,ERR,ERR,ERR,ERR,ERR,ERR,2.7184256974124493e+23,0.0,-0.0,0.0,-0.0,-0.0,70400424.0,-0.0,0,0,4,17319,7116,0.0,100,0.0,0.0,0.0,0.0,0.0,0,0,0,0,0.0,0,0,0,0,0,0,0,0,0,0,0,0,0,0,0,0,0,0,0,0,0,0,0,0,0,0,0,0,0,0,0,0,0,31,40,40,71,65476,0,300,0,0,8,21553,0.0,-107605600.0,0.0,0.0,0.0,0.0,0.0,0.0,0.0,0.0,0.0,0.0,0.0,0.0,0.0,0.0,0.0,0.0,0.0,0.0,0.0,0.0,0.0,-0.0,0.0,0.0,0.0,0.0,0.0,0.0,5212.0,-0.0,6933.0,2.7184256974124493e+23,0.0,2.004,2.004,0.0,0.0,0.0,0.0,69,107615352.0,0.0,0.0,0.0,0.0,0.0,0.0,0.0,0.0,0,0,0,0.0,0.0,0.0,0.0,0.0,0.0,0.0,0.0,0.0,0.0,0.0,0.0,0.0,0.0,0.0,0.0,0,-107875648.0,69,0.0,138,0.0,2.012,ERR,ERR,ERR,ERR,ERR,ERR,ERR,ERR,ERR,ERR,ERR,ERR,ERR,ERR,ERR,ERR,ERR,ERR,ERR,ERR,ERR,ERR,ERR,ERR,ERR,ERR,ERR,ERR,ERR,ERR,ERR,ERR,ERR,ERR,ERR,ERR,ERR,ERR,ERR,ERR,ERR,ERR,ERR,ERR,ERR,ERR,ERR,ERR,ERR,ERR,ERR,ERR,ERR,ERR,ERR,ERR,ERR,ERR,ERR,ERR,ERR,ERR,ERR,ERR,ERR,ERR,ERR,60.0,60.0,35,0.0,0.0,0.0,0.0,0.0,0.0,0.0,0.0,0.0,0.0,0.0,0.0,0.0,0.0,0.0,0.0,64.8,0,150,71,57,65476,0,65476,0,1,8,20529,65476,0,0,2621,60.0,0.0,0.0,0.0,0.0,0.0
2026-07-09T15:31:01,ERR,ERR,ERR,ERR,ERR,ERR,ERR,ERR,ERR,ERR,ERR,ERR,ERR,ERR,ERR,ERR,ERR,ERR,ERR,ERR,ERR,ERR,ERR,ERR,ERR,ERR,ERR,ERR,ERR,ERR,ERR,ERR,ERR,ERR,ERR,ERR,ERR,ERR,ERR,ERR,ERR,ERR,ERR,ERR,ERR,ERR,ERR,ERR,ERR,ERR,ERR,ERR,ERR,ERR,ERR,ERR,ERR,ERR,ERR,ERR,ERR,ERR,ERR,ERR,ERR,ERR,ERR,ERR,ERR,ERR,ERR,ERR,ERR,ERR,ERR,ERR,ERR,ERR,ERR,ERR,ERR,ERR,ERR,ERR,ERR,ERR,ERR,ERR,ERR,ERR,ERR,ERR,ERR,ERR,ERR,ERR,ERR,ERR,ERR,ERR,ERR,ERR,ERR,ERR,ERR,ERR,ERR,ERR,ERR,ERR,ERR,ERR,ERR,ERR,ERR,ERR,ERR,ERR,ERR,ERR,ERR,ERR,ERR,ERR,ERR,2.7184256974124493e+23,0.0,0.0,0.0,-141047262871552.0,-0.0,-0.0,-5.45197128103978e+36,0,0,4,17322,7116,0.0,100,0.0,0.0,2.7183478752108883e+23,0.0,0.0,0,0,0,0,0.0,0,0,0,0,0,0,0,0,0,0,0,0,0,0,0,0,0,0,0,0,0,0,0,0,0,0,0,0,0,0,0,0,0,31,40,40,71,65476,0,300,0,0,8,21553,0.0,-107605600.0,0.0,0.0,0.0,0.0,0.0,0.0,0.0,0.0,0.0,0.0,0.0,0.0,0.0,0.0,0.0,0.0,0.0,0.0,0.0,0.0,2.004,-0.0,0.0,0.0,0.0,0.0,0.0,0.0,5192.0,2.422989633914539e+24,6925.0,2.7184256974124493e+23,2.718446053682765e+23,2.004,2.004,0.0,0.0,0.0,0.0,69,-0.0,-2.3088292827947336e+20,0.0,0.0,0.0,0.0,0.0,0.0,0.0,0,0,0,0.0,0.0,0.0,0.0,0.0,0.0,0.0,0.0,0.0,0.0,0.0,0.0,0.0,0.0,0.0,0.0,0,-107875648.0,69,0.0,138,0.0,2.012,ERR,ERR,ERR,ERR,ERR,ERR,ERR,ERR,ERR,ERR,ERR,ERR,ERR,ERR,ERR,ERR,ERR,ERR,ERR,ERR,ERR,ERR,ERR,ERR,ERR,ERR,ERR,ERR,ERR,ERR,ERR,ERR,ERR,ERR,ERR,ERR,ERR,ERR,ERR,ERR,ERR,ERR,ERR,ERR,ERR,ERR,ERR,ERR,ERR,ERR,ERR,ERR,ERR,ERR,ERR,ERR,ERR,ERR,ERR,ERR,ERR,ERR,ERR,ERR,ERR,ERR,ERR,60.0,60.0,35,0.0,0.0,0.0,0.0,0.0,0.0,0.0,0.0,0.0,0.0,0.0,0.0,0.0,0.0,0.0,0.0,64.8,0,150,71,57,65476,0,65476,0,1,8,20529,65476,0,0,2621,60.0,0.0,0.0,0.0,0.0,0.0
2026-07-09T15:31:02,ERR,ERR,ERR,ERR,ERR,ERR,ERR,ERR,ERR,ERR,ERR,ERR,ERR,ERR,ERR,ERR,ERR,ERR,ERR,ERR,ERR,ERR,ERR,ERR,ERR,ERR,ERR,ERR,ERR,ERR,ERR,ERR,ERR,ERR,ERR,ERR,ERR,ERR,ERR,ERR,ERR,ERR,ERR,ERR,ERR,ERR,ERR,ERR,ERR,ERR,ERR,ERR,ERR,ERR,ERR,ERR,ERR,ERR,ERR,ERR,ERR,ERR,ERR,ERR,ERR,ERR,ERR,ERR,ERR,ERR,ERR,ERR,ERR,ERR,ERR,ERR,ERR,ERR,ERR,ERR,ERR,ERR,ERR,ERR,ERR,ERR,ERR,ERR,ERR,ERR,ERR,ERR,ERR,ERR,ERR,ERR,ERR,ERR,ERR,ERR,ERR,ERR,ERR,ERR,ERR,ERR,ERR,ERR,ERR,ERR,ERR,ERR,ERR,ERR,ERR,ERR,ERR,ERR,ERR,ERR,ERR,ERR,ERR,ERR,ERR,2.7184256974124493e+23,0.0,0.0,0.0,-141047262871552.0,-0.0,-0.0,-5.45197128103978e+36,0,0,4,17322,7116,0.0,100,0.0,0.0,2.7183478752108883e+23,0.0,0.0,0,0,0,0,0.0,0,0,0,0,0,0,0,0,0,0,0,0,0,0,0,0,0,0,0,0,0,0,0,0,0,0,0,0,0,0,0,0,0,31,40,40,71,65476,0,300,0,0,8,21553,0.0,-107605600.0,0.0,0.0,0.0,0.0,0.0,0.0,0.0,0.0,0.0,0.0,0.0,0.0,0.0,0.0,0.0,0.0,0.0,0.0,0.0,0.0,2.004,-0.0,0.0,0.0,0.0,0.0,0.0,0.0,5192.0,2.422989633914539e+24,6925.0,2.7184256974124493e+23,2.718446053682765e+23,2.004,2.004,0.0,0.0,0.0,0.0,69,-0.0,-2.3088292827947336e+20,0.0,0.0,0.0,0.0,0.0,0.0,0.0,0,0,0,0.0,0.0,0.0,0.0,0.0,0.0,0.0,0.0,0.0,0.0,0.0,0.0,0.0,0.0,0.0,0.0,0,-107875648.0,69,0.0,138,0.0,2.012,ERR,ERR,ERR,ERR,ERR,ERR,ERR,ERR,ERR,ERR,ERR,ERR,ERR,ERR,ERR,ERR,ERR,ERR,ERR,ERR,ERR,ERR,ERR,ERR,ERR,ERR,ERR,ERR,ERR,ERR,ERR,ERR,ERR,ERR,ERR,ERR,ERR,ERR,ERR,ERR,ERR,ERR,ERR,ERR,ERR,ERR,ERR,ERR,ERR,ERR,ERR,ERR,ERR,ERR,ERR,ERR,ERR,ERR,ERR,ERR,ERR,ERR,ERR,ERR,ERR,ERR,ERR,60.0,60.0,35,0.0,0.0,0.0,0.0,0.0,0.0,0.0,0.0,0.0,0.0,0.0,0.0,0.0,0.0,0.0,0.0,64.8,0,150,71,57,65476,0,65476,0,1,8,20529,65476,0,0,2621,60.0,0.0,0.0,0.0,0.0,0.0
2026-07-09T15:31:03,ERR,ERR,ERR,ERR,ERR,ERR,ERR,ERR,ERR,ERR,ERR,ERR,ERR,ERR,ERR,ERR,ERR,ERR,ERR,ERR,ERR,ERR,ERR,ERR,ERR,ERR,ERR,ERR,ERR,ERR,ERR,ERR,ERR,ERR,ERR,ERR,ERR,ERR,ERR,ERR,ERR,ERR,ERR,ERR,ERR,ERR,ERR,ERR,ERR,ERR,ERR,ERR,ERR,ERR,ERR,ERR,ERR,ERR,ERR,ERR,ERR,ERR,ERR,ERR,ERR,ERR,ERR,ERR,ERR,ERR,ERR,ERR,ERR,ERR,ERR,ERR,ERR,ERR,ERR,ERR,ERR,ERR,ERR,ERR,ERR,ERR,ERR,ERR,ERR,ERR,ERR,ERR,ERR,ERR,ERR,ERR,ERR,ERR,ERR,ERR,ERR,ERR,ERR,ERR,ERR,ERR,ERR,ERR,ERR,ERR,ERR,ERR,ERR,ERR,ERR,ERR,ERR,ERR,ERR,ERR,ERR,ERR,ERR,ERR,ERR,2.7184256974124493e+23,0.0,0.0,0.0,-141047262871552.0,-0.0,-0.0,-5.45197128103978e+36,0,0,4,17322,7116,0.0,100,0.0,0.0,2.7183478752108883e+23,0.0,0.0,0,0,0,0,0.0,0,0,0,0,0,0,0,0,0,0,0,0,0,0,0,0,0,0,0,0,0,0,0,0,0,0,0,0,0,0,0,0,0,31,40,40,71,65476,0,300,0,0,8,21553,0.0,-107605600.0,0.0,0.0,0.0,0.0,0.0,0.0,0.0,0.0,0.0,0.0,0.0,0.0,0.0,0.0,0.0,0.0,0.0,0.0,0.0,0.0,2.004,-0.0,0.0,0.0,0.0,0.0,0.0,0.0,5192.0,2.422989633914539e+24,6925.0,2.7184256974124493e+23,2.718446053682765e+23,2.004,2.004,0.0,0.0,0.0,0.0,69,-0.0,-2.3088292827947336e+20,0.0,0.0,0.0,0.0,0.0,0.0,0.0,0,0,0,0.0,0.0,0.0,0.0,0.0,0.0,0.0,0.0,0.0,0.0,0.0,0.0,0.0,0.0,0.0,0.0,0,-107875648.0,69,0.0,138,0.0,2.012,ERR,ERR,ERR,ERR,ERR,ERR,ERR,ERR,ERR,ERR,ERR,ERR,ERR,ERR,ERR,ERR,ERR,ERR,ERR,ERR,ERR,ERR,ERR,ERR,ERR,ERR,ERR,ERR,ERR,ERR,ERR,ERR,ERR,ERR,ERR,ERR,ERR,ERR,ERR,ERR,ERR,ERR,ERR,ERR,ERR,ERR,ERR,ERR,ERR,ERR,ERR,ERR,ERR,ERR,ERR,ERR,ERR,ERR,ERR,ERR,ERR,ERR,ERR,ERR,ERR,ERR,ERR,60.0,60.0,35,0.0,0.0,0.0,0.0,0.0,0.0,0.0,0.0,0.0,0.0,0.0,0.0,0.0,0.0,0.0,0.0,64.8,0,150,71,57,65476,0,65476,0,1,8,20529,65476,0,0,2621,60.0,0.0,0.0,0.0,0.0,0.0
2026-07-09T15:31:04,ERR,ERR,ERR,ERR,ERR,ERR,ERR,ERR,ERR,ERR,ERR,ERR,ERR,ERR,ERR,ERR,ERR,ERR,ERR,ERR,ERR,ERR,ERR,ERR,ERR,ERR,ERR,ERR,ERR,ERR,ERR,ERR,ERR,ERR,ERR,ERR,ERR,ERR,ERR,ERR,ERR,ERR,ERR,ERR,ERR,ERR,ERR,ERR,ERR,ERR,ERR,ERR,ERR,ERR,ERR,ERR,ERR,ERR,ERR,ERR,ERR,ERR,ERR,ERR,ERR,ERR,ERR,ERR,ERR,ERR,ERR,ERR,ERR,ERR,ERR,ERR,ERR,ERR,ERR,ERR,ERR,ERR,ERR,ERR,ERR,ERR,ERR,ERR,ERR,ERR,ERR,ERR,ERR,ERR,ERR,ERR,ERR,ERR,ERR,ERR,ERR,ERR,ERR,ERR,ERR,ERR,ERR,ERR,ERR,ERR,ERR,ERR,ERR,ERR,ERR,ERR,ERR,ERR,ERR,ERR,ERR,ERR,ERR,ERR,ERR,2.7184256974124493e+23,0.0,0.0,0.0,-141047262871552.0,-0.0,-0.0,-5.45197128103978e+36,0,0,4,17322,7116,0.0,100,0.0,0.0,2.7183478752108883e+23,0.0,0.0,0,0,0,0,0.0,0,0,0,0,0,0,0,0,0,0,0,0,0,0,0,0,0,0,0,0,0,0,0,0,0,0,0,0,0,0,0,0,0,31,40,40,71,65476,0,300,0,0,8,21553,0.0,-107605600.0,0.0,0.0,0.0,0.0,0.0,0.0,0.0,0.0,0.0,0.0,0.0,0.0,0.0,0.0,0.0,0.0,0.0,0.0,0.0,0.0,2.004,-0.0,0.0,0.0,0.0,0.0,0.0,0.0,5192.0,2.422989633914539e+24,6925.0,2.7184256974124493e+23,2.718446053682765e+23,2.004,2.004,0.0,0.0,0.0,0.0,69,-0.0,-2.3088292827947336e+20,0.0,0.0,0.0,0.0,0.0,0.0,0.0,0,0,0,0.0,0.0,0.0,0.0,0.0,0.0,0.0,0.0,0.0,0.0,0.0,0.0,0.0,0.0,0.0,0.0,0,-107875648.0,69,0.0,138,0.0,2.012,ERR,ERR,ERR,ERR,ERR,ERR,ERR,ERR,ERR,ERR,ERR,ERR,ERR,ERR,ERR,ERR,ERR,ERR,ERR,ERR,ERR,ERR,ERR,ERR,ERR,ERR,ERR,ERR,ERR,ERR,ERR,ERR,ERR,ERR,ERR,ERR,ERR,ERR,ERR,ERR,ERR,ERR,ERR,ERR,ERR,ERR,ERR,ERR,ERR,ERR,ERR,ERR,ERR,ERR,ERR,ERR,ERR,ERR,ERR,ERR,ERR,ERR,ERR,ERR,ERR,ERR,ERR,60.0,60.0,35,0.0,0.0,0.0,0.0,0.0,0.0,0.0,0.0,0.0,0.0,0.0,0.0,0.0,0.0,0.0,0.0,64.8,0,150,71,57,65476,0,65476,0,1,8,20529,65476,0,0,2621,60.0,0.0,0.0,0.0,0.0,0.0
2026-07-09T15:31:05,ERR,ERR,ERR,ERR,ERR,ERR,ERR,ERR,ERR,ERR,ERR,ERR,ERR,ERR,ERR,ERR,ERR,ERR,ERR,ERR,ERR,ERR,ERR,ERR,ERR,ERR,ERR,ERR,ERR,ERR,ERR,ERR,ERR,ERR,ERR,ERR,ERR,ERR,ERR,ERR,ERR,ERR,ERR,ERR,ERR,ERR,ERR,ERR,ERR,ERR,ERR,ERR,ERR,ERR,ERR,ERR,ERR,ERR,ERR,ERR,ERR,ERR,ERR,ERR,ERR,ERR,ERR,ERR,ERR,ERR,ERR,ERR,ERR,ERR,ERR,ERR,ERR,ERR,ERR,ERR,ERR,ERR,ERR,ERR,ERR,ERR,ERR,ERR,ERR,ERR,ERR,ERR,ERR,ERR,ERR,ERR,ERR,ERR,ERR,ERR,ERR,ERR,ERR,ERR,ERR,ERR,ERR,ERR,ERR,ERR,ERR,ERR,ERR,ERR,ERR,ERR,ERR,ERR,ERR,ERR,ERR,ERR,ERR,ERR,ERR,2.7184256974124493e+23,0.0,0.0,0.0,-141047262871552.0,-0.0,-0.0,-5.45197128103978e+36,0,0,4,17322,7116,0.0,100,0.0,0.0,2.7183478752108883e+23,0.0,0.0,0,0,0,0,0.0,0,0,0,0,0,0,0,0,0,0,0,0,0,0,0,0,0,0,0,0,0,0,0,0,0,0,0,0,0,0,0,0,0,31,40,40,71,65476,0,300,0,0,8,21553,0.0,-107605600.0,0.0,0.0,0.0,0.0,0.0,0.0,0.0,0.0,0.0,0.0,0.0,0.0,0.0,0.0,0.0,0.0,0.0,0.0,0.0,0.0,2.004,-0.0,0.0,0.0,0.0,0.0,0.0,0.0,5192.0,2.422989633914539e+24,6925.0,2.7184256974124493e+23,2.718446053682765e+23,2.004,2.004,0.0,0.0,0.0,0.0,69,-0.0,-2.3088292827947336e+20,0.0,0.0,0.0,0.0,0.0,0.0,0.0,0,0,0,0.0,0.0,0.0,0.0,0.0,0.0,0.0,0.0,0.0,0.0,0.0,0.0,0.0,0.0,0.0,0.0,0,-107875648.0,69,0.0,138,0.0,2.012,ERR,ERR,ERR,ERR,ERR,ERR,ERR,ERR,ERR,ERR,ERR,ERR,ERR,ERR,ERR,ERR,ERR,ERR,ERR,ERR,ERR,ERR,ERR,ERR,ERR,ERR,ERR,ERR,ERR,ERR,ERR,ERR,ERR,ERR,ERR,ERR,ERR,ERR,ERR,ERR,ERR,ERR,ERR,ERR,ERR,ERR,ERR,ERR,ERR,ERR,ERR,ERR,ERR,ERR,ERR,ERR,ERR,ERR,ERR,ERR,ERR,ERR,ERR,ERR,ERR,ERR,ERR,60.0,60.0,35,0.0,0.0,0.0,0.0,0.0,0.0,0.0,0.0,0.0,0.0,0.0,0.0,0.0,0.0,0.0,0.0,64.8,0,150,71,57,65476,0,65476,0,1,8,20529,65476,0,0,2621,60.0,0.0,0.0,0.0,0.0,0.0
2026-07-09T15:31:06,ERR,ERR,ERR,ERR,ERR,ERR,ERR,ERR,ERR,ERR,ERR,ERR,ERR,ERR,ERR,ERR,ERR,ERR,ERR,ERR,ERR,ERR,ERR,ERR,ERR,ERR,ERR,ERR,ERR,ERR,ERR,ERR,ERR,ERR,ERR,ERR,ERR,ERR,ERR,ERR,ERR,ERR,ERR,ERR,ERR,ERR,ERR,ERR,ERR,ERR,ERR,ERR,ERR,ERR,ERR,ERR,ERR,ERR,ERR,ERR,ERR,ERR,ERR,ERR,ERR,ERR,ERR,ERR,ERR,ERR,ERR,ERR,ERR,ERR,ERR,ERR,ERR,ERR,ERR,ERR,ERR,ERR,ERR,ERR,ERR,ERR,ERR,ERR,ERR,ERR,ERR,ERR,ERR,ERR,ERR,ERR,ERR,ERR,ERR,ERR,ERR,ERR,ERR,ERR,ERR,ERR,ERR,ERR,ERR,ERR,ERR,ERR,ERR,ERR,ERR,ERR,ERR,ERR,ERR,ERR,ERR,ERR,ERR,ERR,ERR,-107615152.0,-107616056.0,-107614912.0,-0.0,-0.001,0.0,-6216905216.0,-0.0,0,0,4,17317,7116,0.0,100,0.0,0.0,-0.0,0.0,0.0,0,0,0,0,0.0,0,0,0,0,0,0,0,0,0,0,0,0,0,0,0,0,0,0,0,0,0,0,0,0,0,0,0,0,0,0,0,0,0,31,40,40,71,65476,0,300,0,0,8,21553,0.0,-107605600.0,0.0,0.0,0.0,0.0,0.0,0.0,0.0,0.0,0.0,0.0,0.0,0.0,0.0,0.0,0.0,0.0,0.0,0.0,0.0,0.0,2.004,-3.6970682659782e+19,0.0,0.0,0.0,0.0,0.0,0.0,5208.0,-0.0,6930.0,-107615152.0,0.0,2.004,2.004,0.0,0.0,0.0,0.0,69,-152018471616512.0,0.0,0.0,0.0,0.0,0.0,0.0,0.0,0.0,0,0,0,0.0,0.0,0.0,0.0,0.0,0.0,0.0,0.0,0.0,0.0,0.0,0.0,0.0,0.0,0.0,0.0,0,-107875648.0,69,0.0,138,0.0,2.012,ERR,ERR,ERR,ERR,ERR,ERR,ERR,ERR,ERR,ERR,ERR,ERR,ERR,ERR,ERR,ERR,ERR,ERR,ERR,ERR,ERR,ERR,ERR,ERR,ERR,ERR,ERR,ERR,ERR,ERR,ERR,ERR,ERR,ERR,ERR,ERR,ERR,ERR,ERR,ERR,ERR,ERR,ERR,ERR,ERR,ERR,ERR,ERR,ERR,ERR,ERR,ERR,ERR,ERR,ERR,ERR,ERR,ERR,ERR,ERR,ERR,ERR,ERR,ERR,ERR,ERR,ERR,60.0,60.0,35,0.0,0.0,0.0,0.0,0.0,0.0,0.0,0.0,0.0,0.0,0.0,0.0,0.0,0.0,0.0,0.0,65.2,0,150,71,57,65476,0,65476,0,1,8,20529,65476,0,0,2621,60.0,0.0,0.0,0.0,0.0,0.0
2026-07-09T15:31:07,ERR,ERR,ERR,ERR,ERR,ERR,ERR,ERR,ERR,ERR,ERR,ERR,ERR,ERR,ERR,ERR,ERR,ERR,ERR,ERR,ERR,ERR,ERR,ERR,ERR,ERR,ERR,ERR,ERR,ERR,ERR,ERR,ERR,ERR,ERR,ERR,ERR,ERR,ERR,ERR,ERR,ERR,ERR,ERR,ERR,ERR,ERR,ERR,ERR,ERR,ERR,ERR,ERR,ERR,ERR,ERR,ERR,ERR,ERR,ERR,ERR,ERR,ERR,ERR,ERR,ERR,ERR,ERR,ERR,ERR,ERR,ERR,ERR,ERR,ERR,ERR,ERR,ERR,ERR,ERR,ERR,ERR,ERR,ERR,ERR,ERR,ERR,ERR,ERR,ERR,ERR,ERR,ERR,ERR,ERR,ERR,ERR,ERR,ERR,ERR,ERR,ERR,ERR,ERR,ERR,ERR,ERR,ERR,ERR,ERR,ERR,ERR,ERR,ERR,ERR,ERR,ERR,ERR,ERR,ERR,ERR,ERR,ERR,ERR,ERR,-107615152.0,-107616056.0,-107614912.0,-0.0,-0.001,0.0,-6216905216.0,-0.0,0,0,4,17317,7116,0.0,100,0.0,0.0,-0.0,0.0,0.0,0,0,0,0,0.0,0,0,0,0,0,0,0,0,0,0,0,0,0,0,0,0,0,0,0,0,0,0,0,0,0,0,0,0,0,0,0,0,0,31,40,40,71,65476,0,300,0,0,8,21553,0.0,-107605600.0,0.0,0.0,0.0,0.0,0.0,0.0,0.0,0.0,0.0,0.0,0.0,0.0,0.0,0.0,0.0,0.0,0.0,0.0,0.0,0.0,2.004,-3.6970682659782e+19,0.0,0.0,0.0,0.0,0.0,0.0,5208.0,-0.0,6930.0,-107615152.0,0.0,2.004,2.004,0.0,0.0,0.0,0.0,69,-152018471616512.0,0.0,0.0,0.0,0.0,0.0,0.0,0.0,0.0,0,0,0,0.0,0.0,0.0,0.0,0.0,0.0,0.0,0.0,0.0,0.0,0.0,0.0,0.0,0.0,0.0,0.0,0,-107875648.0,69,0.0,138,0.0,2.012,ERR,ERR,ERR,ERR,ERR,ERR,ERR,ERR,ERR,ERR,ERR,ERR,ERR,ERR,ERR,ERR,ERR,ERR,ERR,ERR,ERR,ERR,ERR,ERR,ERR,ERR,ERR,ERR,ERR,ERR,ERR,ERR,ERR,ERR,ERR,ERR,ERR,ERR,ERR,ERR,ERR,ERR,ERR,ERR,ERR,ERR,ERR,ERR,ERR,ERR,ERR,ERR,ERR,ERR,ERR,ERR,ERR,ERR,ERR,ERR,ERR,ERR,ERR,ERR,ERR,ERR,ERR,60.0,60.0,35,0.0,0.0,0.0,0.0,0.0,0.0,0.0,0.0,0.0,0.0,0.0,0.0,0.0,0.0,0.0,0.0,64.8,0,150,71,57,65476,0,65476,0,1,8,20529,65476,0,0,2621,60.0,0.0,0.0,0.0,0.0,0.0
2026-07-09T15:31:08,ERR,ERR,ERR,ERR,ERR,ERR,ERR,ERR,ERR,ERR,ERR,ERR,ERR,ERR,ERR,ERR,ERR,ERR,ERR,ERR,ERR,ERR,ERR,ERR,ERR,ERR,ERR,ERR,ERR,ERR,ERR,ERR,ERR,ERR,ERR,ERR,ERR,ERR,ERR,ERR,ERR,ERR,ERR,ERR,ERR,ERR,ERR,ERR,ERR,ERR,ERR,ERR,ERR,ERR,ERR,ERR,ERR,ERR,ERR,ERR,ERR,ERR,ERR,ERR,ERR,ERR,ERR,ERR,ERR,ERR,ERR,ERR,ERR,ERR,ERR,ERR,ERR,ERR,ERR,ERR,ERR,ERR,ERR,ERR,ERR,ERR,ERR,ERR,ERR,ERR,ERR,ERR,ERR,ERR,ERR,ERR,ERR,ERR,ERR,ERR,ERR,ERR,ERR,ERR,ERR,ERR,ERR,ERR,ERR,ERR,ERR,ERR,ERR,ERR,ERR,ERR,ERR,ERR,ERR,ERR,ERR,ERR,ERR,ERR,ERR,-107615152.0,-107616056.0,-107614912.0,-0.0,-0.001,0.0,-6216905216.0,-0.0,0,0,4,17317,7116,0.0,100,0.0,0.0,-0.0,0.0,0.0,0,0,0,0,0.0,0,0,0,0,0,0,0,0,0,0,0,0,0,0,0,0,0,0,0,0,0,0,0,0,0,0,0,0,0,0,0,0,0,31,40,40,71,65476,0,300,0,0,8,21553,0.0,-107605600.0,0.0,0.0,0.0,0.0,0.0,0.0,0.0,0.0,0.0,0.0,0.0,0.0,0.0,0.0,0.0,0.0,0.0,0.0,0.0,0.0,2.004,-3.6970682659782e+19,0.0,0.0,0.0,0.0,0.0,0.0,5208.0,-0.0,6930.0,-107615152.0,0.0,2.004,2.004,0.0,0.0,0.0,0.0,69,-152018471616512.0,0.0,0.0,0.0,0.0,0.0,0.0,0.0,0.0,0,0,0,0.0,0.0,0.0,0.0,0.0,0.0,0.0,0.0,0.0,0.0,0.0,0.0,0.0,0.0,0.0,0.0,0,-107875648.0,69,0.0,138,0.0,2.012,ERR,ERR,ERR,ERR,ERR,ERR,ERR,ERR,ERR,ERR,ERR,ERR,ERR,ERR,ERR,ERR,ERR,ERR,ERR,ERR,ERR,ERR,ERR,ERR,ERR,ERR,ERR,ERR,ERR,ERR,ERR,ERR,ERR,ERR,ERR,ERR,ERR,ERR,ERR,ERR,ERR,ERR,ERR,ERR,ERR,ERR,ERR,ERR,ERR,ERR,ERR,ERR,ERR,ERR,ERR,ERR,ERR,ERR,ERR,ERR,ERR,ERR,ERR,ERR,ERR,ERR,ERR,60.0,60.0,35,0.0,0.0,0.0,0.0,0.0,0.0,0.0,0.0,0.0,0.0,0.0,0.0,0.0,0.0,0.0,0.0,64.8,0,150,71,57,65476,0,65476,0,1,8,20529,65476,0,0,2621,60.0,0.0,0.0,0.0,0.0,0.0
2026-07-09T15:31:09,ERR,ERR,ERR,ERR,ERR,ERR,ERR,ERR,ERR,ERR,ERR,ERR,ERR,ERR,ERR,ERR,ERR,ERR,ERR,ERR,ERR,ERR,ERR,ERR,ERR,ERR,ERR,ERR,ERR,ERR,ERR,ERR,ERR,ERR,ERR,ERR,ERR,ERR,ERR,ERR,ERR,ERR,ERR,ERR,ERR,ERR,ERR,ERR,ERR,ERR,ERR,ERR,ERR,ERR,ERR,ERR,ERR,ERR,ERR,ERR,ERR,ERR,ERR,ERR,ERR,ERR,ERR,ERR,ERR,ERR,ERR,ERR,ERR,ERR,ERR,ERR,ERR,ERR,ERR,ERR,ERR,ERR,ERR,ERR,ERR,ERR,ERR,ERR,ERR,ERR,ERR,ERR,ERR,ERR,ERR,ERR,ERR,ERR,ERR,ERR,ERR,ERR,ERR,ERR,ERR,ERR,ERR,ERR,ERR,ERR,ERR,ERR,ERR,ERR,ERR,ERR,ERR,ERR,ERR,ERR,ERR,ERR,ERR,ERR,ERR,-107615152.0,-107616056.0,-107614912.0,-0.0,-0.001,0.0,-6216905216.0,-0.0,0,0,4,17317,7116,0.0,100,0.0,0.0,-0.0,0.0,0.0,0,0,0,0,0.0,0,0,0,0,0,0,0,0,0,0,0,0,0,0,0,0,0,0,0,0,0,0,0,0,0,0,0,0,0,0,0,0,0,31,40,40,71,65476,0,300,0,0,8,21553,0.0,-107605600.0,0.0,0.0,0.0,0.0,0.0,0.0,0.0,0.0,0.0,0.0,0.0,0.0,0.0,0.0,0.0,0.0,0.0,0.0,0.0,0.0,2.004,-3.6970682659782e+19,0.0,0.0,0.0,0.0,0.0,0.0,5208.0,-0.0,6930.0,-107615152.0,0.0,2.004,2.004,0.0,0.0,0.0,0.0,69,-152018471616512.0,0.0,0.0,0.0,0.0,0.0,0.0,0.0,0.0,0,0,0,0.0,0.0,0.0,0.0,0.0,0.0,0.0,0.0,0.0,0.0,0.0,0.0,0.0,0.0,0.0,0.0,0,-107875648.0,69,0.0,138,0.0,2.012,ERR,ERR,ERR,ERR,ERR,ERR,ERR,ERR,ERR,ERR,ERR,ERR,ERR,ERR,ERR,ERR,ERR,ERR,ERR,ERR,ERR,ERR,ERR,ERR,ERR,ERR,ERR,ERR,ERR,ERR,ERR,ERR,ERR,ERR,ERR,ERR,ERR,ERR,ERR,ERR,ERR,ERR,ERR,ERR,ERR,ERR,ERR,ERR,ERR,ERR,ERR,ERR,ERR,ERR,ERR,ERR,ERR,ERR,ERR,ERR,ERR,ERR,ERR,ERR,ERR,ERR,ERR,60.0,60.0,35,0.0,0.0,0.0,0.0,0.0,0.0,0.0,0.0,0.0,0.0,0.0,0.0,0.0,0.0,0.0,0.0,65.2,0,150,71,57,65476,0,65476,0,1,8,20529,65476,0,0,2621,60.0,0.0,0.0,0.0,0.0,0.0
2026-07-09T15:31:10,ERR,ERR,ERR,ERR,ERR,ERR,ERR,ERR,ERR,ERR,ERR,ERR,ERR,ERR,ERR,ERR,ERR,ERR,ERR,ERR,ERR,ERR,ERR,ERR,ERR,ERR,ERR,ERR,ERR,ERR,ERR,ERR,ERR,ERR,ERR,ERR,ERR,ERR,ERR,ERR,ERR,ERR,ERR,ERR,ERR,ERR,ERR,ERR,ERR,ERR,ERR,ERR,ERR,ERR,ERR,ERR,ERR,ERR,ERR,ERR,ERR,ERR,ERR,ERR,ERR,ERR,ERR,ERR,ERR,ERR,ERR,ERR,ERR,ERR,ERR,ERR,ERR,ERR,ERR,ERR,ERR,ERR,ERR,ERR,ERR,ERR,ERR,ERR,ERR,ERR,ERR,ERR,ERR,ERR,ERR,ERR,ERR,ERR,ERR,ERR,ERR,ERR,ERR,ERR,ERR,ERR,ERR,ERR,ERR,ERR,ERR,ERR,ERR,ERR,ERR,ERR,ERR,ERR,ERR,ERR,ERR,ERR,ERR,ERR,ERR,-107615152.0,-107616056.0,-107614912.0,-0.0,-0.001,0.0,-6216905216.0,-0.0,0,0,4,17317,7116,0.0,100,0.0,0.0,-0.0,0.0,0.0,0,0,0,0,0.0,0,0,0,0,0,0,0,0,0,0,0,0,0,0,0,0,0,0,0,0,0,0,0,0,0,0,0,0,0,0,0,0,0,31,40,40,71,65476,0,300,0,0,8,21553,0.0,-107605600.0,0.0,0.0,0.0,0.0,0.0,0.0,0.0,0.0,0.0,0.0,0.0,0.0,0.0,0.0,0.0,0.0,0.0,0.0,0.0,0.0,2.004,-3.6970682659782e+19,0.0,0.0,0.0,0.0,0.0,0.0,5208.0,-0.0,6930.0,-107615152.0,0.0,2.004,2.004,0.0,0.0,0.0,0.0,69,-152018471616512.0,0.0,0.0,0.0,0.0,0.0,0.0,0.0,0.0,0,0,0,0.0,0.0,0.0,0.0,0.0,0.0,0.0,0.0,0.0,0.0,0.0,0.0,0.0,0.0,0.0,0.0,0,-107875648.0,69,0.0,138,0.0,2.012,ERR,ERR,ERR,ERR,ERR,ERR,ERR,ERR,ERR,ERR,ERR,ERR,ERR,ERR,ERR,ERR,ERR,ERR,ERR,ERR,ERR,ERR,ERR,ERR,ERR,ERR,ERR,ERR,ERR,ERR,ERR,ERR,ERR,ERR,ERR,ERR,ERR,ERR,ERR,ERR,ERR,ERR,ERR,ERR,ERR,ERR,ERR,ERR,ERR,ERR,ERR,ERR,ERR,ERR,ERR,ERR,ERR,ERR,ERR,ERR,ERR,ERR,ERR,ERR,ERR,ERR,ERR,60.0,60.0,35,0.0,0.0,0.0,0.0,0.0,0.0,0.0,0.0,0.0,0.0,0.0,0.0,0.0,0.0,0.0,0.0,65.2,0,150,71,57,65476,0,65476,0,1,8,20529,65476,0,0,2621,60.0,0.0,0.0,0.0,0.0,0.0
2026-07-09T15:31:11,ERR,ERR,ERR,ERR,ERR,ERR,ERR,ERR,ERR,ERR,ERR,ERR,ERR,ERR,ERR,ERR,ERR,ERR,ERR,ERR,ERR,ERR,ERR,ERR,ERR,ERR,ERR,ERR,ERR,ERR,ERR,ERR,ERR,ERR,ERR,ERR,ERR,ERR,ERR,ERR,ERR,ERR,ERR,ERR,ERR,ERR,ERR,ERR,ERR,ERR,ERR,ERR,ERR,ERR,ERR,ERR,ERR,ERR,ERR,ERR,ERR,ERR,ERR,ERR,ERR,ERR,ERR,ERR,ERR,ERR,ERR,ERR,ERR,ERR,ERR,ERR,ERR,ERR,ERR,ERR,ERR,ERR,ERR,ERR,ERR,ERR,ERR,ERR,ERR,ERR,ERR,ERR,ERR,ERR,ERR,ERR,ERR,ERR,ERR,ERR,ERR,ERR,ERR,ERR,ERR,ERR,ERR,ERR,ERR,ERR,ERR,ERR,ERR,ERR,ERR,ERR,ERR,ERR,ERR,ERR,ERR,ERR,ERR,ERR,ERR,-107615152.0,0.0,0.0,0.0,0.0,1.7576482632404492e+36,-1.7449869690453696e+38,-549893.562,0,0,4,17320,7116,0.0,100,0.0,0.0,0.0,0.0,0.0,0,0,0,0,0.0,0,0,0,0,0,0,0,0,0,0,0,0,0,0,0,0,0,0,0,0,0,0,0,0,0,0,0,0,0,0,0,0,0,31,40,40,71,65476,0,300,0,0,8,21553,0.0,-107605600.0,0.0,0.0,0.0,0.0,0.0,0.0,0.0,0.0,0.0,0.0,0.0,0.0,0.0,0.0,0.0,0.0,0.0,0.0,0.0,0.0,2.004,0.0,0.0,0.0,0.0,0.0,0.0,0.0,5190.0,-2.004,6936.0,-107615152.0,0.0,2.004,2.004,0.0,0.0,0.0,0.0,69,0.0,126840602624.0,0.0,0.0,0.0,0.0,0.0,0.0,0.0,0,0,0,0.0,0.0,0.0,0.0,0.0,0.0,0.0,0.0,0.0,0.0,0.0,0.0,0.0,0.0,0.0,0.0,0,-107875648.0,69,0.0,138,0.0,2.012,ERR,ERR,ERR,ERR,ERR,ERR,ERR,ERR,ERR,ERR,ERR,ERR,ERR,ERR,ERR,ERR,ERR,ERR,ERR,ERR,ERR,ERR,ERR,ERR,ERR,ERR,ERR,ERR,ERR,ERR,ERR,ERR,ERR,ERR,ERR,ERR,ERR,ERR,ERR,ERR,ERR,ERR,ERR,ERR,ERR,ERR,ERR,ERR,ERR,ERR,ERR,ERR,ERR,ERR,ERR,ERR,ERR,ERR,ERR,ERR,ERR,ERR,ERR,ERR,ERR,ERR,ERR,60.0,60.0,35,0.0,0.0,0.0,0.0,0.0,0.0,0.0,0.0,0.0,0.0,0.0,0.0,0.0,0.0,0.0,0.0,64.8,0,150,71,58,65476,0,65476,0,1,8,20529,65476,0,0,2621,60.0,0.0,0.0,0.0,0.0,0.0
2026-07-09T15:31:12,ERR,ERR,ERR,ERR,ERR,ERR,ERR,ERR,ERR,ERR,ERR,ERR,ERR,ERR,ERR,ERR,ERR,ERR,ERR,ERR,ERR,ERR,ERR,ERR,ERR,ERR,ERR,ERR,ERR,ERR,ERR,ERR,ERR,ERR,ERR,ERR,ERR,ERR,ERR,ERR,ERR,ERR,ERR,ERR,ERR,ERR,ERR,ERR,ERR,ERR,ERR,ERR,ERR,ERR,ERR,ERR,ERR,ERR,ERR,ERR,ERR,ERR,ERR,ERR,ERR,ERR,ERR,ERR,ERR,ERR,ERR,ERR,ERR,ERR,ERR,ERR,ERR,ERR,ERR,ERR,ERR,ERR,ERR,ERR,ERR,ERR,ERR,ERR,ERR,ERR,ERR,ERR,ERR,ERR,ERR,ERR,ERR,ERR,ERR,ERR,ERR,ERR,ERR,ERR,ERR,ERR,ERR,ERR,ERR,ERR,ERR,ERR,ERR,ERR,ERR,ERR,ERR,ERR,ERR,ERR,ERR,ERR,ERR,ERR,ERR,-107615152.0,0.0,0.0,0.0,0.0,1.7576482632404492e+36,-1.7449869690453696e+38,-549893.562,0,0,4,17320,7116,0.0,100,0.0,0.0,0.0,0.0,0.0,0,0,0,0,0.0,0,0,0,0,0,0,0,0,0,0,0,0,0,0,0,0,0,0,0,0,0,0,0,0,0,0,0,0,0,0,0,0,0,31,40,40,71,65476,0,300,0,0,8,21553,0.0,-107605600.0,0.0,0.0,0.0,0.0,0.0,0.0,0.0,0.0,0.0,0.0,0.0,0.0,0.0,0.0,0.0,0.0,0.0,0.0,0.0,0.0,2.004,0.0,0.0,0.0,0.0,0.0,0.0,0.0,5190.0,-2.004,6936.0,-107615152.0,0.0,2.004,2.004,0.0,0.0,0.0,0.0,69,0.0,126840602624.0,0.0,0.0,0.0,0.0,0.0,0.0,0.0,0,0,0,0.0,0.0,0.0,0.0,0.0,0.0,0.0,0.0,0.0,0.0,0.0,0.0,0.0,0.0,0.0,0.0,0,-107875648.0,69,0.0,138,0.0,2.012,ERR,ERR,ERR,ERR,ERR,ERR,ERR,ERR,ERR,ERR,ERR,ERR,ERR,ERR,ERR,ERR,ERR,ERR,ERR,ERR,ERR,ERR,ERR,ERR,ERR,ERR,ERR,ERR,ERR,ERR,ERR,ERR,ERR,ERR,ERR,ERR,ERR,ERR,ERR,ERR,ERR,ERR,ERR,ERR,ERR,ERR,ERR,ERR,ERR,ERR,ERR,ERR,ERR,ERR,ERR,ERR,ERR,ERR,ERR,ERR,ERR,ERR,ERR,ERR,ERR,ERR,ERR,60.0,60.0,35,0.0,0.0,0.0,0.0,0.0,0.0,0.0,0.0,0.0,0.0,0.0,0.0,0.0,0.0,0.0,0.0,65.2,0,150,71,58,65476,0,65476,0,1,8,20529,65476,0,0,2621,60.0,0.0,0.0,0.0,0.0,0.0
2026-07-09T15:31:13,ERR,ERR,ERR,ERR,ERR,ERR,ERR,ERR,ERR,ERR,ERR,ERR,ERR,ERR,ERR,ERR,ERR,ERR,ERR,ERR,ERR,ERR,ERR,ERR,ERR,ERR,ERR,ERR,ERR,ERR,ERR,ERR,ERR,ERR,ERR,ERR,ERR,ERR,ERR,ERR,ERR,ERR,ERR,ERR,ERR,ERR,ERR,ERR,ERR,ERR,ERR,ERR,ERR,ERR,ERR,ERR,ERR,ERR,ERR,ERR,ERR,ERR,ERR,ERR,ERR,ERR,ERR,ERR,ERR,ERR,ERR,ERR,ERR,ERR,ERR,ERR,ERR,ERR,ERR,ERR,ERR,ERR,ERR,ERR,ERR,ERR,ERR,ERR,ERR,ERR,ERR,ERR,ERR,ERR,ERR,ERR,ERR,ERR,ERR,ERR,ERR,ERR,ERR,ERR,ERR,ERR,ERR,ERR,ERR,ERR,ERR,ERR,ERR,ERR,ERR,ERR,ERR,ERR,ERR,ERR,ERR,ERR,ERR,ERR,ERR,-107615152.0,0.0,0.0,0.0,0.0,1.7576482632404492e+36,-1.7449869690453696e+38,-549893.562,0,0,4,17320,7116,0.0,100,0.0,0.0,0.0,0.0,0.0,0,0,0,0,0.0,0,0,0,0,0,0,0,0,0,0,0,0,0,0,0,0,0,0,0,0,0,0,0,0,0,0,0,0,0,0,0,0,0,31,40,40,71,65476,0,300,0,0,8,21553,0.0,-107605600.0,0.0,0.0,0.0,0.0,0.0,0.0,0.0,0.0,0.0,0.0,0.0,0.0,0.0,0.0,0.0,0.0,0.0,0.0,0.0,0.0,2.004,0.0,0.0,0.0,0.0,0.0,0.0,0.0,5190.0,-2.004,6936.0,-107615152.0,0.0,2.004,2.004,0.0,0.0,0.0,0.0,69,0.0,126840602624.0,0.0,0.0,0.0,0.0,0.0,0.0,0.0,0,0,0,0.0,0.0,0.0,0.0,0.0,0.0,0.0,0.0,0.0,0.0,0.0,0.0,0.0,0.0,0.0,0.0,0,-107875648.0,69,0.0,138,0.0,2.012,ERR,ERR,ERR,ERR,ERR,ERR,ERR,ERR,ERR,ERR,ERR,ERR,ERR,ERR,ERR,ERR,ERR,ERR,ERR,ERR,ERR,ERR,ERR,ERR,ERR,ERR,ERR,ERR,ERR,ERR,ERR,ERR,ERR,ERR,ERR,ERR,ERR,ERR,ERR,ERR,ERR,ERR,ERR,ERR,ERR,ERR,ERR,ERR,ERR,ERR,ERR,ERR,ERR,ERR,ERR,ERR,ERR,ERR,ERR,ERR,ERR,ERR,ERR,ERR,ERR,ERR,ERR,60.0,60.0,35,0.0,0.0,0.0,0.0,0.0,0.0,0.0,0.0,0.0,0.0,0.0,0.0,0.0,0.0,0.0,0.0,65.2,0,150,71,58,65476,0,65476,0,1,8,20529,65476,0,0,2621,60.0,0.0,0.0,0.0,0.0,0.0
2026-07-09T15:31:14,ERR,ERR,ERR,ERR,ERR,ERR,ERR,ERR,ERR,ERR,ERR,ERR,ERR,ERR,ERR,ERR,ERR,ERR,ERR,ERR,ERR,ERR,ERR,ERR,ERR,ERR,ERR,ERR,ERR,ERR,ERR,ERR,ERR,ERR,ERR,ERR,ERR,ERR,ERR,ERR,ERR,ERR,ERR,ERR,ERR,ERR,ERR,ERR,ERR,ERR,ERR,ERR,ERR,ERR,ERR,ERR,ERR,ERR,ERR,ERR,ERR,ERR,ERR,ERR,ERR,ERR,ERR,ERR,ERR,ERR,ERR,ERR,ERR,ERR,ERR,ERR,ERR,ERR,ERR,ERR,ERR,ERR,ERR,ERR,ERR,ERR,ERR,ERR,ERR,ERR,ERR,ERR,ERR,ERR,ERR,ERR,ERR,ERR,ERR,ERR,ERR,ERR,ERR,ERR,ERR,ERR,ERR,ERR,ERR,ERR,ERR,ERR,ERR,ERR,ERR,ERR,ERR,ERR,ERR,ERR,ERR,ERR,ERR,ERR,ERR,-107615152.0,0.0,0.0,0.0,0.0,1.7576482632404492e+36,-1.7449869690453696e+38,-549893.562,0,0,4,17320,7116,0.0,100,0.0,0.0,0.0,0.0,0.0,0,0,0,0,0.0,0,0,0,0,0,0,0,0,0,0,0,0,0,0,0,0,0,0,0,0,0,0,0,0,0,0,0,0,0,0,0,0,0,31,40,40,71,65476,0,300,0,0,8,21553,0.0,-107605600.0,0.0,0.0,0.0,0.0,0.0,0.0,0.0,0.0,0.0,0.0,0.0,0.0,0.0,0.0,0.0,0.0,0.0,0.0,0.0,0.0,2.004,0.0,0.0,0.0,0.0,0.0,0.0,0.0,5190.0,-2.004,6936.0,-107615152.0,0.0,2.004,2.004,0.0,0.0,0.0,0.0,69,0.0,126840602624.0,0.0,0.0,0.0,0.0,0.0,0.0,0.0,0,0,0,0.0,0.0,0.0,0.0,0.0,0.0,0.0,0.0,0.0,0.0,0.0,0.0,0.0,0.0,0.0,0.0,0,-107875648.0,69,0.0,138,0.0,2.012,ERR,ERR,ERR,ERR,ERR,ERR,ERR,ERR,ERR,ERR,ERR,ERR,ERR,ERR,ERR,ERR,ERR,ERR,ERR,ERR,ERR,ERR,ERR,ERR,ERR,ERR,ERR,ERR,ERR,ERR,ERR,ERR,ERR,ERR,ERR,ERR,ERR,ERR,ERR,ERR,ERR,ERR,ERR,ERR,ERR,ERR,ERR,ERR,ERR,ERR,ERR,ERR,ERR,ERR,ERR,ERR,ERR,ERR,ERR,ERR,ERR,ERR,ERR,ERR,ERR,ERR,ERR,60.0,60.0,35,0.0,0.0,0.0,0.0,0.0,0.0,0.0,0.0,0.0,0.0,0.0,0.0,0.0,0.0,0.0,0.0,64.8,0,150,71,58,65476,0,65476,0,1,8,20529,65476,0,0,2621,60.0,0.0,0.0,0.0,0.0,0.0
2026-07-09T15:31:15,ERR,ERR,ERR,ERR,ERR,ERR,ERR,ERR,ERR,ERR,ERR,ERR,ERR,ERR,ERR,ERR,ERR,ERR,ERR,ERR,ERR,ERR,ERR,ERR,ERR,ERR,ERR,ERR,ERR,ERR,ERR,ERR,ERR,ERR,ERR,ERR,ERR,ERR,ERR,ERR,ERR,ERR,ERR,ERR,ERR,ERR,ERR,ERR,ERR,ERR,ERR,ERR,ERR,ERR,ERR,ERR,ERR,ERR,ERR,ERR,ERR,ERR,ERR,ERR,ERR,ERR,ERR,ERR,ERR,ERR,ERR,ERR,ERR,ERR,ERR,ERR,ERR,ERR,ERR,ERR,ERR,ERR,ERR,ERR,ERR,ERR,ERR,ERR,ERR,ERR,ERR,ERR,ERR,ERR,ERR,ERR,ERR,ERR,ERR,ERR,ERR,ERR,ERR,ERR,ERR,ERR,ERR,ERR,ERR,ERR,ERR,ERR,ERR,ERR,ERR,ERR,ERR,ERR,ERR,ERR,ERR,ERR,ERR,ERR,ERR,-107615152.0,0.0,0.0,0.0,0.0,1.7576482632404492e+36,-1.7449869690453696e+38,-549893.562,0,0,4,17320,7116,0.0,100,0.0,0.0,0.0,0.0,0.0,0,0,0,0,0.0,0,0,0,0,0,0,0,0,0,0,0,0,0,0,0,0,0,0,0,0,0,0,0,0,0,0,0,0,0,0,0,0,0,31,40,40,71,65476,0,300,0,0,8,21553,0.0,-107605600.0,0.0,0.0,0.0,0.0,0.0,0.0,0.0,0.0,0.0,0.0,0.0,0.0,0.0,0.0,0.0,0.0,0.0,0.0,0.0,0.0,2.004,0.0,0.0,0.0,0.0,0.0,0.0,0.0,5190.0,-2.004,6936.0,-107615152.0,0.0,2.004,2.004,0.0,0.0,0.0,0.0,69,0.0,126840602624.0,0.0,0.0,0.0,0.0,0.0,0.0,0.0,0,0,0,0.0,0.0,0.0,0.0,0.0,0.0,0.0,0.0,0.0,0.0,0.0,0.0,0.0,0.0,0.0,0.0,0,-107875648.0,69,0.0,138,0.0,2.012,ERR,ERR,ERR,ERR,ERR,ERR,ERR,ERR,ERR,ERR,ERR,ERR,ERR,ERR,ERR,ERR,ERR,ERR,ERR,ERR,ERR,ERR,ERR,ERR,ERR,ERR,ERR,ERR,ERR,ERR,ERR,ERR,ERR,ERR,ERR,ERR,ERR,ERR,ERR,ERR,ERR,ERR,ERR,ERR,ERR,ERR,ERR,ERR,ERR,ERR,ERR,ERR,ERR,ERR,ERR,ERR,ERR,ERR,ERR,ERR,ERR,ERR,ERR,ERR,ERR,ERR,ERR,60.0,60.0,35,0.0,0.0,0.0,0.0,0.0,0.0,0.0,0.0,0.0,0.0,0.0,0.0,0.0,0.0,0.0,0.0,64.8,0,150,71,58,65476,0,65476,0,1,8,20529,65476,0,0,2621,60.0,0.0,0.0,0.0,0.0,0.0
2026-07-09T15:31:16,ERR,ERR,ERR,ERR,ERR,ERR,ERR,ERR,ERR,ERR,ERR,ERR,ERR,ERR,ERR,ERR,ERR,ERR,ERR,ERR,ERR,ERR,ERR,ERR,ERR,ERR,ERR,ERR,ERR,ERR,ERR,ERR,ERR,ERR,ERR,ERR,ERR,ERR,ERR,ERR,ERR,ERR,ERR,ERR,ERR,ERR,ERR,ERR,ERR,ERR,ERR,ERR,ERR,ERR,ERR,ERR,ERR,ERR,ERR,ERR,ERR,ERR,ERR,ERR,ERR,ERR,ERR,ERR,ERR,ERR,ERR,ERR,ERR,ERR,ERR,ERR,ERR,ERR,ERR,ERR,ERR,ERR,ERR,ERR,ERR,ERR,ERR,ERR,ERR,ERR,ERR,ERR,ERR,ERR,ERR,ERR,ERR,ERR,ERR,ERR,ERR,ERR,ERR,ERR,ERR,ERR,ERR,ERR,ERR,ERR,ERR,ERR,ERR,ERR,ERR,ERR,ERR,ERR,ERR,ERR,ERR,ERR,ERR,ERR,ERR,0.0,2.71844623382675e+23,-0.0,2.7183478752108883e+23,-0.0,0.0,1.884424455003862e+30,-3.415250858159949e+26,0,0,4,17317,7116,0.0,100,0.0,0.0,-0.0,0.0,0.0,0,0,0,0,0.0,0,0,0,0,0,0,0,0,0,0,0,0,0,0,0,0,0,0,0,0,0,0,0,0,0,0,0,0,0,0,0,0,0,31,40,40,71,65476,0,300,0,0,8,21553,0.0,-107605600.0,0.0,0.0,0.0,0.0,0.0,0.0,0.0,0.0,0.0,0.0,0.0,0.0,0.0,0.0,0.0,0.0,0.0,0.0,0.0,0.0,-0.0,2.004,0.0,0.0,0.0,0.0,0.0,0.0,5202.0,-1.0406661236209956e+34,6943.0,0.0,2.71844623382675e+23,2.004,2.004,0.0,0.0,0.0,0.0,69,1.905698292272988e+17,-0.0,0.0,0.0,0.0,0.0,0.0,0.0,0.0,0,0,0,0.0,0.0,0.0,0.0,0.0,0.0,0.0,0.0,0.0,0.0,0.0,0.0,0.0,0.0,0.0,0.0,0,-107875648.0,69,0.0,138,0.0,2.012,ERR,ERR,ERR,ERR,ERR,ERR,ERR,ERR,ERR,ERR,ERR,ERR,ERR,ERR,ERR,ERR,ERR,ERR,ERR,ERR,ERR,ERR,ERR,ERR,ERR,ERR,ERR,ERR,ERR,ERR,ERR,ERR,ERR,ERR,ERR,ERR,ERR,ERR,ERR,ERR,ERR,ERR,ERR,ERR,ERR,ERR,ERR,ERR,ERR,ERR,ERR,ERR,ERR,ERR,ERR,ERR,ERR,ERR,ERR,ERR,ERR,ERR,ERR,ERR,ERR,ERR,ERR,60.0,60.0,35,0.0,0.0,0.0,0.0,0.0,0.0,0.0,0.0,0.0,0.0,0.0,0.0,0.0,0.0,0.0,0.0,64.8,0,150,71,58,65476,0,65476,0,1,8,20529,65476,0,0,2621,60.0,0.0,0.0,0.0,0.0,0.0
2026-07-09T15:31:17,ERR,ERR,ERR,ERR,ERR,ERR,ERR,ERR,ERR,ERR,ERR,ERR,ERR,ERR,ERR,ERR,ERR,ERR,ERR,ERR,ERR,ERR,ERR,ERR,ERR,ERR,ERR,ERR,ERR,ERR,ERR,ERR,ERR,ERR,ERR,ERR,ERR,ERR,ERR,ERR,ERR,ERR,ERR,ERR,ERR,ERR,ERR,ERR,ERR,ERR,ERR,ERR,ERR,ERR,ERR,ERR,ERR,ERR,ERR,ERR,ERR,ERR,ERR,ERR,ERR,ERR,ERR,ERR,ERR,ERR,ERR,ERR,ERR,ERR,ERR,ERR,ERR,ERR,ERR,ERR,ERR,ERR,ERR,ERR,ERR,ERR,ERR,ERR,ERR,ERR,ERR,ERR,ERR,ERR,ERR,ERR,ERR,ERR,ERR,ERR,ERR,ERR,ERR,ERR,ERR,ERR,ERR,ERR,ERR,ERR,ERR,ERR,ERR,ERR,ERR,ERR,ERR,ERR,ERR,ERR,ERR,ERR,ERR,ERR,ERR,0.0,2.71844623382675e+23,-0.0,2.7183478752108883e+23,-0.0,0.0,1.884424455003862e+30,-3.415250858159949e+26,0,0,4,17317,7116,0.0,100,0.0,0.0,-0.0,0.0,0.0,0,0,0,0,0.0,0,0,0,0,0,0,0,0,0,0,0,0,0,0,0,0,0,0,0,0,0,0,0,0,0,0,0,0,0,0,0,0,0,31,40,40,71,65476,0,300,0,0,8,21553,0.0,-107605600.0,0.0,0.0,0.0,0.0,0.0,0.0,0.0,0.0,0.0,0.0,0.0,0.0,0.0,0.0,0.0,0.0,0.0,0.0,0.0,0.0,-0.0,2.004,0.0,0.0,0.0,0.0,0.0,0.0,5202.0,-1.0406661236209956e+34,6943.0,0.0,2.71844623382675e+23,2.004,2.004,0.0,0.0,0.0,0.0,69,1.905698292272988e+17,-0.0,0.0,0.0,0.0,0.0,0.0,0.0,0.0,0,0,0,0.0,0.0,0.0,0.0,0.0,0.0,0.0,0.0,0.0,0.0,0.0,0.0,0.0,0.0,0.0,0.0,0,-107875648.0,69,0.0,138,0.0,2.012,ERR,ERR,ERR,ERR,ERR,ERR,ERR,ERR,ERR,ERR,ERR,ERR,ERR,ERR,ERR,ERR,ERR,ERR,ERR,ERR,ERR,ERR,ERR,ERR,ERR,ERR,ERR,ERR,ERR,ERR,ERR,ERR,ERR,ERR,ERR,ERR,ERR,ERR,ERR,ERR,ERR,ERR,ERR,ERR,ERR,ERR,ERR,ERR,ERR,ERR,ERR,ERR,ERR,ERR,ERR,ERR,ERR,ERR,ERR,ERR,ERR,ERR,ERR,ERR,ERR,ERR,ERR,60.0,60.0,35,0.0,0.0,0.0,0.0,0.0,0.0,0.0,0.0,0.0,0.0,0.0,0.0,0.0,0.0,0.0,0.0,64.8,0,150,71,58,65476,0,65476,0,1,8,20529,65476,0,0,2621,60.0,0.0,0.0,0.0,0.0,0.0
2026-07-09T15:31:18,ERR,ERR,ERR,ERR,ERR,ERR,ERR,ERR,ERR,ERR,ERR,ERR,ERR,ERR,ERR,ERR,ERR,ERR,ERR,ERR,ERR,ERR,ERR,ERR,ERR,ERR,ERR,ERR,ERR,ERR,ERR,ERR,ERR,ERR,ERR,ERR,ERR,ERR,ERR,ERR,ERR,ERR,ERR,ERR,ERR,ERR,ERR,ERR,ERR,ERR,ERR,ERR,ERR,ERR,ERR,ERR,ERR,ERR,ERR,ERR,ERR,ERR,ERR,ERR,ERR,ERR,ERR,ERR,ERR,ERR,ERR,ERR,ERR,ERR,ERR,ERR,ERR,ERR,ERR,ERR,ERR,ERR,ERR,ERR,ERR,ERR,ERR,ERR,ERR,ERR,ERR,ERR,ERR,ERR,ERR,ERR,ERR,ERR,ERR,ERR,ERR,ERR,ERR,ERR,ERR,ERR,ERR,ERR,ERR,ERR,ERR,ERR,ERR,ERR,ERR,ERR,ERR,ERR,ERR,ERR,ERR,ERR,ERR,ERR,ERR,0.0,2.71844623382675e+23,-0.0,2.7183478752108883e+23,-0.0,0.0,1.884424455003862e+30,-3.415250858159949e+26,0,0,4,17317,7116,0.0,100,0.0,0.0,-0.0,0.0,0.0,0,0,0,0,0.0,0,0,0,0,0,0,0,0,0,0,0,0,0,0,0,0,0,0,0,0,0,0,0,0,0,0,0,0,0,0,0,0,0,31,40,40,71,65476,0,300,0,0,8,21553,0.0,-107605600.0,0.0,0.0,0.0,0.0,0.0,0.0,0.0,0.0,0.0,0.0,0.0,0.0,0.0,0.0,0.0,0.0,0.0,0.0,0.0,0.0,-0.0,2.004,0.0,0.0,0.0,0.0,0.0,0.0,5202.0,-1.0406661236209956e+34,6943.0,0.0,2.71844623382675e+23,2.004,2.004,0.0,0.0,0.0,0.0,69,1.905698292272988e+17,-0.0,0.0,0.0,0.0,0.0,0.0,0.0,0.0,0,0,0,0.0,0.0,0.0,0.0,0.0,0.0,0.0,0.0,0.0,0.0,0.0,0.0,0.0,0.0,0.0,0.0,0,-107875648.0,69,0.0,138,0.0,2.012,ERR,ERR,ERR,ERR,ERR,ERR,ERR,ERR,ERR,ERR,ERR,ERR,ERR,ERR,ERR,ERR,ERR,ERR,ERR,ERR,ERR,ERR,ERR,ERR,ERR,ERR,ERR,ERR,ERR,ERR,ERR,ERR,ERR,ERR,ERR,ERR,ERR,ERR,ERR,ERR,ERR,ERR,ERR,ERR,ERR,ERR,ERR,ERR,ERR,ERR,ERR,ERR,ERR,ERR,ERR,ERR,ERR,ERR,ERR,ERR,ERR,ERR,ERR,ERR,ERR,ERR,ERR,60.0,60.0,35,0.0,0.0,0.0,0.0,0.0,0.0,0.0,0.0,0.0,0.0,0.0,0.0,0.0,0.0,0.0,0.0,64.8,0,150,71,58,65476,0,65476,0,1,8,20529,65476,0,0,2621,60.0,0.0,0.0,0.0,0.0,0.0
2026-07-09T15:31:19,ERR,ERR,ERR,ERR,ERR,ERR,ERR,ERR,ERR,ERR,ERR,ERR,ERR,ERR,ERR,ERR,ERR,ERR,ERR,ERR,ERR,ERR,ERR,ERR,ERR,ERR,ERR,ERR,ERR,ERR,ERR,ERR,ERR,ERR,ERR,ERR,ERR,ERR,ERR,ERR,ERR,ERR,ERR,ERR,ERR,ERR,ERR,ERR,ERR,ERR,ERR,ERR,ERR,ERR,ERR,ERR,ERR,ERR,ERR,ERR,ERR,ERR,ERR,ERR,ERR,ERR,ERR,ERR,ERR,ERR,ERR,ERR,ERR,ERR,ERR,ERR,ERR,ERR,ERR,ERR,ERR,ERR,ERR,ERR,ERR,ERR,ERR,ERR,ERR,ERR,ERR,ERR,ERR,ERR,ERR,ERR,ERR,ERR,ERR,ERR,ERR,ERR,ERR,ERR,ERR,ERR,ERR,ERR,ERR,ERR,ERR,ERR,ERR,ERR,ERR,ERR,ERR,ERR,ERR,ERR,ERR,ERR,ERR,ERR,ERR,0.0,2.71844623382675e+23,-0.0,2.7183478752108883e+23,-0.0,0.0,1.884424455003862e+30,-3.415250858159949e+26,0,0,4,17317,7116,0.0,100,0.0,0.0,-0.0,0.0,0.0,0,0,0,0,0.0,0,0,0,0,0,0,0,0,0,0,0,0,0,0,0,0,0,0,0,0,0,0,0,0,0,0,0,0,0,0,0,0,0,31,40,40,71,65476,0,300,0,0,8,21553,0.0,-107605600.0,0.0,0.0,0.0,0.0,0.0,0.0,0.0,0.0,0.0,0.0,0.0,0.0,0.0,0.0,0.0,0.0,0.0,0.0,0.0,0.0,-0.0,2.004,0.0,0.0,0.0,0.0,0.0,0.0,5202.0,-1.0406661236209956e+34,6943.0,0.0,2.71844623382675e+23,2.004,2.004,0.0,0.0,0.0,0.0,69,1.905698292272988e+17,-0.0,0.0,0.0,0.0,0.0,0.0,0.0,0.0,0,0,0,0.0,0.0,0.0,0.0,0.0,0.0,0.0,0.0,0.0,0.0,0.0,0.0,0.0,0.0,0.0,0.0,0,-107875648.0,69,0.0,138,0.0,2.012,ERR,ERR,ERR,ERR,ERR,ERR,ERR,ERR,ERR,ERR,ERR,ERR,ERR,ERR,ERR,ERR,ERR,ERR,ERR,ERR,ERR,ERR,ERR,ERR,ERR,ERR,ERR,ERR,ERR,ERR,ERR,ERR,ERR,ERR,ERR,ERR,ERR,ERR,ERR,ERR,ERR,ERR,ERR,ERR,ERR,ERR,ERR,ERR,ERR,ERR,ERR,ERR,ERR,ERR,ERR,ERR,ERR,ERR,ERR,ERR,ERR,ERR,ERR,ERR,ERR,ERR,ERR,60.0,60.0,35,0.0,0.0,0.0,0.0,0.0,0.0,0.0,0.0,0.0,0.0,0.0,0.0,0.0,0.0,0.0,0.0,64.8,0,150,71,58,65476,0,65476,0,1,8,20529,65476,0,0,2621,60.0,0.0,0.0,0.0,0.0,0.0
2026-07-09T15:31:20,ERR,ERR,ERR,ERR,ERR,ERR,ERR,ERR,ERR,ERR,ERR,ERR,ERR,ERR,ERR,ERR,ERR,ERR,ERR,ERR,ERR,ERR,ERR,ERR,ERR,ERR,ERR,ERR,ERR,ERR,ERR,ERR,ERR,ERR,ERR,ERR,ERR,ERR,ERR,ERR,ERR,ERR,ERR,ERR,ERR,ERR,ERR,ERR,ERR,ERR,ERR,ERR,ERR,ERR,ERR,ERR,ERR,ERR,ERR,ERR,ERR,ERR,ERR,ERR,ERR,ERR,ERR,ERR,ERR,ERR,ERR,ERR,ERR,ERR,ERR,ERR,ERR,ERR,ERR,ERR,ERR,ERR,ERR,ERR,ERR,ERR,ERR,ERR,ERR,ERR,ERR,ERR,ERR,ERR,ERR,ERR,ERR,ERR,ERR,ERR,ERR,ERR,ERR,ERR,ERR,ERR,ERR,ERR,ERR,ERR,ERR,ERR,ERR,ERR,ERR,ERR,ERR,ERR,ERR,ERR,ERR,ERR,ERR,ERR,ERR,0.0,2.71844623382675e+23,-0.0,2.7183478752108883e+23,-0.0,0.0,1.884424455003862e+30,-3.415250858159949e+26,0,0,4,17317,7116,0.0,100,0.0,0.0,-0.0,0.0,0.0,0,0,0,0,0.0,0,0,0,0,0,0,0,0,0,0,0,0,0,0,0,0,0,0,0,0,0,0,0,0,0,0,0,0,0,0,0,0,0,31,40,40,71,65476,0,300,0,0,8,21553,0.0,-107605600.0,0.0,0.0,0.0,0.0,0.0,0.0,0.0,0.0,0.0,0.0,0.0,0.0,0.0,0.0,0.0,0.0,0.0,0.0,0.0,0.0,-0.0,2.004,0.0,0.0,0.0,0.0,0.0,0.0,5202.0,-1.0406661236209956e+34,6943.0,0.0,2.71844623382675e+23,2.004,2.004,0.0,0.0,0.0,0.0,69,1.905698292272988e+17,-0.0,0.0,0.0,0.0,0.0,0.0,0.0,0.0,0,0,0,0.0,0.0,0.0,0.0,0.0,0.0,0.0,0.0,0.0,0.0,0.0,0.0,0.0,0.0,0.0,0.0,0,-107875648.0,69,0.0,138,0.0,2.012,ERR,ERR,ERR,ERR,ERR,ERR,ERR,ERR,ERR,ERR,ERR,ERR,ERR,ERR,ERR,ERR,ERR,ERR,ERR,ERR,ERR,ERR,ERR,ERR,ERR,ERR,ERR,ERR,ERR,ERR,ERR,ERR,ERR,ERR,ERR,ERR,ERR,ERR,ERR,ERR,ERR,ERR,ERR,ERR,ERR,ERR,ERR,ERR,ERR,ERR,ERR,ERR,ERR,ERR,ERR,ERR,ERR,ERR,ERR,ERR,ERR,ERR,ERR,ERR,ERR,ERR,ERR,60.0,60.0,35,0.0,0.0,0.0,0.0,0.0,0.0,0.0,0.0,0.0,0.0,0.0,0.0,0.0,0.0,0.0,0.0,64.8,0,150,71,58,65476,0,65476,0,1,8,20529,65476,0,0,2621,60.0,0.0,0.0,0.0,0.0,0.0
2026-07-09T15:31:21,ERR,ERR,ERR,ERR,ERR,ERR,ERR,ERR,ERR,ERR,ERR,ERR,ERR,ERR,ERR,ERR,ERR,ERR,ERR,ERR,ERR,ERR,ERR,ERR,ERR,ERR,ERR,ERR,ERR,ERR,ERR,ERR,ERR,ERR,ERR,ERR,ERR,ERR,ERR,ERR,ERR,ERR,ERR,ERR,ERR,ERR,ERR,ERR,ERR,ERR,ERR,ERR,ERR,ERR,ERR,ERR,ERR,ERR,ERR,ERR,ERR,ERR,ERR,ERR,ERR,ERR,ERR,ERR,ERR,ERR,ERR,ERR,ERR,ERR,ERR,ERR,ERR,ERR,ERR,ERR,ERR,ERR,ERR,ERR,ERR,ERR,ERR,ERR,ERR,ERR,ERR,ERR,ERR,ERR,ERR,ERR,ERR,ERR,ERR,ERR,ERR,ERR,ERR,ERR,ERR,ERR,ERR,ERR,ERR,ERR,ERR,ERR,ERR,ERR,ERR,ERR,ERR,ERR,ERR,ERR,ERR,ERR,ERR,ERR,ERR,0.0,-0.0,0.0,0.0,3303375634432.0,-3663667233030144.0,140800944.0,-4.4000423995863204e+18,0,0,4,17318,7116,0.0,100,0.0,0.0,0.0,0.0,0.0,0,0,0,0,0.0,0,0,0,0,0,0,0,0,0,0,0,0,0,0,0,0,0,0,0,0,0,0,0,0,0,0,0,0,0,0,0,0,0,31,40,40,71,65476,0,300,0,0,8,21553,0.0,-107605600.0,0.0,0.0,0.0,0.0,0.0,0.0,0.0,0.0,0.0,0.0,0.0,0.0,0.0,0.0,0.0,0.0,0.0,0.0,0.0,0.0,-0.0,-0.0,0.0,0.0,0.0,0.0,0.0,0.0,5247.0,-0.0,6929.0,0.0,-107616064.0,2.004,2.004,0.0,0.0,0.0,0.0,69,-0.0,126840610816.0,0.0,0.0,0.0,0.0,0.0,0.0,0.0,0,0,0,0.0,0.0,0.0,0.0,0.0,0.0,0.0,0.0,0.0,0.0,0.0,0.0,0.0,0.0,0.0,0.0,0,-107875648.0,69,0.0,138,0.0,2.012,ERR,ERR,ERR,ERR,ERR,ERR,ERR,ERR,ERR,ERR,ERR,ERR,ERR,ERR,ERR,ERR,ERR,ERR,ERR,ERR,ERR,ERR,ERR,ERR,ERR,ERR,ERR,ERR,ERR,ERR,ERR,ERR,ERR,ERR,ERR,ERR,ERR,ERR,ERR,ERR,ERR,ERR,ERR,ERR,ERR,ERR,ERR,ERR,ERR,ERR,ERR,ERR,ERR,ERR,ERR,ERR,ERR,ERR,ERR,ERR,ERR,ERR,ERR,ERR,ERR,ERR,ERR,60.0,60.0,35,0.0,0.0,0.0,0.0,0.0,0.0,0.0,0.0,0.0,0.0,0.0,0.0,0.0,0.0,0.0,0.0,64.8,0,150,71,58,65476,0,65476,0,1,8,20529,65476,0,0,2621,60.0,0.0,0.0,0.0,0.0,0.0
2026-07-09T15:31:22,ERR,ERR,ERR,ERR,ERR,ERR,ERR,ERR,ERR,ERR,ERR,ERR,ERR,ERR,ERR,ERR,ERR,ERR,ERR,ERR,ERR,ERR,ERR,ERR,ERR,ERR,ERR,ERR,ERR,ERR,ERR,ERR,ERR,ERR,ERR,ERR,ERR,ERR,ERR,ERR,ERR,ERR,ERR,ERR,ERR,ERR,ERR,ERR,ERR,ERR,ERR,ERR,ERR,ERR,ERR,ERR,ERR,ERR,ERR,ERR,ERR,ERR,ERR,ERR,ERR,ERR,ERR,ERR,ERR,ERR,ERR,ERR,ERR,ERR,ERR,ERR,ERR,ERR,ERR,ERR,ERR,ERR,ERR,ERR,ERR,ERR,ERR,ERR,ERR,ERR,ERR,ERR,ERR,ERR,ERR,ERR,ERR,ERR,ERR,ERR,ERR,ERR,ERR,ERR,ERR,ERR,ERR,ERR,ERR,ERR,ERR,ERR,ERR,ERR,ERR,ERR,ERR,ERR,ERR,ERR,ERR,ERR,ERR,ERR,ERR,0.0,-0.0,0.0,0.0,3303375634432.0,-3663667233030144.0,140800944.0,-4.4000423995863204e+18,0,0,4,17318,7116,0.0,100,0.0,0.0,0.0,0.0,0.0,0,0,0,0,0.0,0,0,0,0,0,0,0,0,0,0,0,0,0,0,0,0,0,0,0,0,0,0,0,0,0,0,0,0,0,0,0,0,0,31,40,40,71,65476,0,300,0,0,8,21553,0.0,-107605600.0,0.0,0.0,0.0,0.0,0.0,0.0,0.0,0.0,0.0,0.0,0.0,0.0,0.0,0.0,0.0,0.0,0.0,0.0,0.0,0.0,-0.0,-0.0,0.0,0.0,0.0,0.0,0.0,0.0,5247.0,-0.0,6929.0,0.0,-107616064.0,2.004,2.004,0.0,0.0,0.0,0.0,69,-0.0,126840610816.0,0.0,0.0,0.0,0.0,0.0,0.0,0.0,0,0,0,0.0,0.0,0.0,0.0,0.0,0.0,0.0,0.0,0.0,0.0,0.0,0.0,0.0,0.0,0.0,0.0,0,-107875648.0,69,0.0,138,0.0,2.012,ERR,ERR,ERR,ERR,ERR,ERR,ERR,ERR,ERR,ERR,ERR,ERR,ERR,ERR,ERR,ERR,ERR,ERR,ERR,ERR,ERR,ERR,ERR,ERR,ERR,ERR,ERR,ERR,ERR,ERR,ERR,ERR,ERR,ERR,ERR,ERR,ERR,ERR,ERR,ERR,ERR,ERR,ERR,ERR,ERR,ERR,ERR,ERR,ERR,ERR,ERR,ERR,ERR,ERR,ERR,ERR,ERR,ERR,ERR,ERR,ERR,ERR,ERR,ERR,ERR,ERR,ERR,60.0,60.0,35,0.0,0.0,0.0,0.0,0.0,0.0,0.0,0.0,0.0,0.0,0.0,0.0,0.0,0.0,0.0,0.0,64.8,0,150,71,58,65476,0,65476,0,1,8,20529,65476,0,0,2621,60.0,0.0,0.0,0.0,0.0,0.0
2026-07-09T15:31:23,ERR,ERR,ERR,ERR,ERR,ERR,ERR,ERR,ERR,ERR,ERR,ERR,ERR,ERR,ERR,ERR,ERR,ERR,ERR,ERR,ERR,ERR,ERR,ERR,ERR,ERR,ERR,ERR,ERR,ERR,ERR,ERR,ERR,ERR,ERR,ERR,ERR,ERR,ERR,ERR,ERR,ERR,ERR,ERR,ERR,ERR,ERR,ERR,ERR,ERR,ERR,ERR,ERR,ERR,ERR,ERR,ERR,ERR,ERR,ERR,ERR,ERR,ERR,ERR,ERR,ERR,ERR,ERR,ERR,ERR,ERR,ERR,ERR,ERR,ERR,ERR,ERR,ERR,ERR,ERR,ERR,ERR,ERR,ERR,ERR,ERR,ERR,ERR,ERR,ERR,ERR,ERR,ERR,ERR,ERR,ERR,ERR,ERR,ERR,ERR,ERR,ERR,ERR,ERR,ERR,ERR,ERR,ERR,ERR,ERR,ERR,ERR,ERR,ERR,ERR,ERR,ERR,ERR,ERR,ERR,ERR,ERR,ERR,ERR,ERR,0.0,-0.0,0.0,0.0,3303375634432.0,-3663667233030144.0,140800944.0,-4.4000423995863204e+18,0,0,4,17318,7116,0.0,100,0.0,0.0,0.0,0.0,0.0,0,0,0,0,0.0,0,0,0,0,0,0,0,0,0,0,0,0,0,0,0,0,0,0,0,0,0,0,0,0,0,0,0,0,0,0,0,0,0,31,40,40,71,65476,0,300,0,0,8,21553,0.0,-107605600.0,0.0,0.0,0.0,0.0,0.0,0.0,0.0,0.0,0.0,0.0,0.0,0.0,0.0,0.0,0.0,0.0,0.0,0.0,0.0,0.0,-0.0,-0.0,0.0,0.0,0.0,0.0,0.0,0.0,5247.0,-0.0,6929.0,0.0,-107616064.0,2.004,2.004,0.0,0.0,0.0,0.0,69,-0.0,126840610816.0,0.0,0.0,0.0,0.0,0.0,0.0,0.0,0,0,0,0.0,0.0,0.0,0.0,0.0,0.0,0.0,0.0,0.0,0.0,0.0,0.0,0.0,0.0,0.0,0.0,0,-107875648.0,69,0.0,138,0.0,2.012,ERR,ERR,ERR,ERR,ERR,ERR,ERR,ERR,ERR,ERR,ERR,ERR,ERR,ERR,ERR,ERR,ERR,ERR,ERR,ERR,ERR,ERR,ERR,ERR,ERR,ERR,ERR,ERR,ERR,ERR,ERR,ERR,ERR,ERR,ERR,ERR,ERR,ERR,ERR,ERR,ERR,ERR,ERR,ERR,ERR,ERR,ERR,ERR,ERR,ERR,ERR,ERR,ERR,ERR,ERR,ERR,ERR,ERR,ERR,ERR,ERR,ERR,ERR,ERR,ERR,ERR,ERR,60.0,60.0,35,0.0,0.0,0.0,0.0,0.0,0.0,0.0,0.0,0.0,0.0,0.0,0.0,0.0,0.0,0.0,0.0,64.8,0,150,71,58,65476,0,65476,0,1,8,20529,65476,0,0,2621,60.0,0.0,0.0,0.0,0.0,0.0
2026-07-09T15:31:24,ERR,ERR,ERR,ERR,ERR,ERR,ERR,ERR,ERR,ERR,ERR,ERR,ERR,ERR,ERR,ERR,ERR,ERR,ERR,ERR,ERR,ERR,ERR,ERR,ERR,ERR,ERR,ERR,ERR,ERR,ERR,ERR,ERR,ERR,ERR,ERR,ERR,ERR,ERR,ERR,ERR,ERR,ERR,ERR,ERR,ERR,ERR,ERR,ERR,ERR,ERR,ERR,ERR,ERR,ERR,ERR,ERR,ERR,ERR,ERR,ERR,ERR,ERR,ERR,ERR,ERR,ERR,ERR,ERR,ERR,ERR,ERR,ERR,ERR,ERR,ERR,ERR,ERR,ERR,ERR,ERR,ERR,ERR,ERR,ERR,ERR,ERR,ERR,ERR,ERR,ERR,ERR,ERR,ERR,ERR,ERR,ERR,ERR,ERR,ERR,ERR,ERR,ERR,ERR,ERR,ERR,ERR,ERR,ERR,ERR,ERR,ERR,ERR,ERR,ERR,ERR,ERR,ERR,ERR,ERR,ERR,ERR,ERR,ERR,ERR,0.0,-0.0,0.0,0.0,3303375634432.0,-3663667233030144.0,140800944.0,-4.4000423995863204e+18,0,0,4,17318,7116,0.0,100,0.0,0.0,0.0,0.0,0.0,0,0,0,0,0.0,0,0,0,0,0,0,0,0,0,0,0,0,0,0,0,0,0,0,0,0,0,0,0,0,0,0,0,0,0,0,0,0,0,31,40,40,71,65476,0,300,0,0,8,21553,0.0,-107605600.0,0.0,0.0,0.0,0.0,0.0,0.0,0.0,0.0,0.0,0.0,0.0,0.0,0.0,0.0,0.0,0.0,0.0,0.0,0.0,0.0,-0.0,-0.0,0.0,0.0,0.0,0.0,0.0,0.0,5247.0,-0.0,6929.0,0.0,-107616064.0,2.004,2.004,0.0,0.0,0.0,0.0,69,-0.0,126840610816.0,0.0,0.0,0.0,0.0,0.0,0.0,0.0,0,0,0,0.0,0.0,0.0,0.0,0.0,0.0,0.0,0.0,0.0,0.0,0.0,0.0,0.0,0.0,0.0,0.0,0,-107875648.0,69,0.0,138,0.0,2.012,ERR,ERR,ERR,ERR,ERR,ERR,ERR,ERR,ERR,ERR,ERR,ERR,ERR,ERR,ERR,ERR,ERR,ERR,ERR,ERR,ERR,ERR,ERR,ERR,ERR,ERR,ERR,ERR,ERR,ERR,ERR,ERR,ERR,ERR,ERR,ERR,ERR,ERR,ERR,ERR,ERR,ERR,ERR,ERR,ERR,ERR,ERR,ERR,ERR,ERR,ERR,ERR,ERR,ERR,ERR,ERR,ERR,ERR,ERR,ERR,ERR,ERR,ERR,ERR,ERR,ERR,ERR,60.0,60.0,35,0.0,0.0,0.0,0.0,0.0,0.0,0.0,0.0,0.0,0.0,0.0,0.0,0.0,0.0,0.0,0.0,64.8,0,150,71,58,65476,0,65476,0,1,8,20529,65476,0,0,2621,60.0,0.0,0.0,0.0,0.0,0.0
2026-07-09T15:31:25,ERR,ERR,ERR,ERR,ERR,ERR,ERR,ERR,ERR,ERR,ERR,ERR,ERR,ERR,ERR,ERR,ERR,ERR,ERR,ERR,ERR,ERR,ERR,ERR,ERR,ERR,ERR,ERR,ERR,ERR,ERR,ERR,ERR,ERR,ERR,ERR,ERR,ERR,ERR,ERR,ERR,ERR,ERR,ERR,ERR,ERR,ERR,ERR,ERR,ERR,ERR,ERR,ERR,ERR,ERR,ERR,ERR,ERR,ERR,ERR,ERR,ERR,ERR,ERR,ERR,ERR,ERR,ERR,ERR,ERR,ERR,ERR,ERR,ERR,ERR,ERR,ERR,ERR,ERR,ERR,ERR,ERR,ERR,ERR,ERR,ERR,ERR,ERR,ERR,ERR,ERR,ERR,ERR,ERR,ERR,ERR,ERR,ERR,ERR,ERR,ERR,ERR,ERR,ERR,ERR,ERR,ERR,ERR,ERR,ERR,ERR,ERR,ERR,ERR,ERR,ERR,ERR,ERR,ERR,ERR,ERR,ERR,ERR,ERR,ERR,0.0,-0.0,0.0,0.0,3303375634432.0,-3663667233030144.0,140800944.0,-4.4000423995863204e+18,0,0,4,17318,7116,0.0,100,0.0,0.0,0.0,0.0,0.0,0,0,0,0,0.0,0,0,0,0,0,0,0,0,0,0,0,0,0,0,0,0,0,0,0,0,0,0,0,0,0,0,0,0,0,0,0,0,0,31,40,40,71,65476,0,300,0,0,8,21553,0.0,-107605600.0,0.0,0.0,0.0,0.0,0.0,0.0,0.0,0.0,0.0,0.0,0.0,0.0,0.0,0.0,0.0,0.0,0.0,0.0,0.0,0.0,-0.0,-0.0,0.0,0.0,0.0,0.0,0.0,0.0,5247.0,-0.0,6929.0,0.0,-107616064.0,2.004,2.004,0.0,0.0,0.0,0.0,69,-0.0,126840610816.0,0.0,0.0,0.0,0.0,0.0,0.0,0.0,0,0,0,0.0,0.0,0.0,0.0,0.0,0.0,0.0,0.0,0.0,0.0,0.0,0.0,0.0,0.0,0.0,0.0,0,-107875648.0,69,0.0,138,0.0,2.012,ERR,ERR,ERR,ERR,ERR,ERR,ERR,ERR,ERR,ERR,ERR,ERR,ERR,ERR,ERR,ERR,ERR,ERR,ERR,ERR,ERR,ERR,ERR,ERR,ERR,ERR,ERR,ERR,ERR,ERR,ERR,ERR,ERR,ERR,ERR,ERR,ERR,ERR,ERR,ERR,ERR,ERR,ERR,ERR,ERR,ERR,ERR,ERR,ERR,ERR,ERR,ERR,ERR,ERR,ERR,ERR,ERR,ERR,ERR,ERR,ERR,ERR,ERR,ERR,ERR,ERR,ERR,60.0,60.0,35,0.0,0.0,0.0,0.0,0.0,0.0,0.0,0.0,0.0,0.0,0.0,0.0,0.0,0.0,0.0,0.0,64.8,0,150,71,58,65476,0,65476,0,1,8,20529,65476,0,0,2621,60.0,0.0,0.0,0.0,0.0,0.0
2026-07-09T15:31:26,ERR,ERR,ERR,ERR,ERR,ERR,ERR,ERR,ERR,ERR,ERR,ERR,ERR,ERR,ERR,ERR,ERR,ERR,ERR,ERR,ERR,ERR,ERR,ERR,ERR,ERR,ERR,ERR,ERR,ERR,ERR,ERR,ERR,ERR,ERR,ERR,ERR,ERR,ERR,ERR,ERR,ERR,ERR,ERR,ERR,ERR,ERR,ERR,ERR,ERR,ERR,ERR,ERR,ERR,ERR,ERR,ERR,ERR,ERR,ERR,ERR,ERR,ERR,ERR,ERR,ERR,ERR,ERR,ERR,ERR,ERR,ERR,ERR,ERR,ERR,ERR,ERR,ERR,ERR,ERR,ERR,ERR,ERR,ERR,ERR,ERR,ERR,ERR,ERR,ERR,ERR,ERR,ERR,ERR,ERR,ERR,ERR,ERR,ERR,ERR,ERR,ERR,ERR,ERR,ERR,ERR,ERR,ERR,ERR,ERR,ERR,ERR,ERR,ERR,ERR,ERR,ERR,ERR,ERR,ERR,ERR,ERR,ERR,ERR,ERR,-0.0,-0.0,-0.0,2.7183478752108883e+23,0.0,-0.0,53026024.0,9.788373942856308e+20,0,0,4,17323,7116,0.0,100,0.0,0.0,2.7183478752108883e+23,0.0,0.0,0,0,0,0,0.0,0,0,0,0,0,0,0,0,0,0,0,0,0,0,0,0,0,0,0,0,0,0,0,0,0,0,0,0,0,0,0,0,0,31,40,40,71,65476,0,300,0,0,8,21553,0.0,-107605600.0,0.0,0.0,0.0,0.0,0.0,0.0,0.0,0.0,0.0,0.0,0.0,0.0,0.0,0.0,0.0,0.0,0.0,0.0,0.0,0.0,-2.004,0.0,0.0,0.0,0.0,0.0,0.0,0.0,5232.0,-564146303139840.0,6939.0,-0.0,-107616072.0,2.004,2.004,0.0,0.0,0.0,0.0,69,-4.950429371599289e+32,-0.0,0.0,0.0,0.0,0.0,0.0,0.0,0.0,0,0,0,0.0,0.0,0.0,0.0,0.0,0.0,0.0,0.0,0.0,0.0,0.0,0.0,0.0,0.0,0.0,0.0,0,-107875648.0,69,0.0,138,0.0,2.012,ERR,ERR,ERR,ERR,ERR,ERR,ERR,ERR,ERR,ERR,ERR,ERR,ERR,ERR,ERR,ERR,ERR,ERR,ERR,ERR,ERR,ERR,ERR,ERR,ERR,ERR,ERR,ERR,ERR,ERR,ERR,ERR,ERR,ERR,ERR,ERR,ERR,ERR,ERR,ERR,ERR,ERR,ERR,ERR,ERR,ERR,ERR,ERR,ERR,ERR,ERR,ERR,ERR,ERR,ERR,ERR,ERR,ERR,ERR,ERR,ERR,ERR,ERR,ERR,ERR,ERR,ERR,60.0,60.0,35,0.0,0.0,0.0,0.0,0.0,0.0,0.0,0.0,0.0,0.0,0.0,0.0,0.0,0.0,0.0,0.0,64.8,0,150,71,58,65476,0,65476,0,1,8,20529,65476,0,0,2621,60.0,0.0,0.0,0.0,0.0,0.0
2026-07-09T15:31:27,ERR,ERR,ERR,ERR,ERR,ERR,ERR,ERR,ERR,ERR,ERR,ERR,ERR,ERR,ERR,ERR,ERR,ERR,ERR,ERR,ERR,ERR,ERR,ERR,ERR,ERR,ERR,ERR,ERR,ERR,ERR,ERR,ERR,ERR,ERR,ERR,ERR,ERR,ERR,ERR,ERR,ERR,ERR,ERR,ERR,ERR,ERR,ERR,ERR,ERR,ERR,ERR,ERR,ERR,ERR,ERR,ERR,ERR,ERR,ERR,ERR,ERR,ERR,ERR,ERR,ERR,ERR,ERR,ERR,ERR,ERR,ERR,ERR,ERR,ERR,ERR,ERR,ERR,ERR,ERR,ERR,ERR,ERR,ERR,ERR,ERR,ERR,ERR,ERR,ERR,ERR,ERR,ERR,ERR,ERR,ERR,ERR,ERR,ERR,ERR,ERR,ERR,ERR,ERR,ERR,ERR,ERR,ERR,ERR,ERR,ERR,ERR,ERR,ERR,ERR,ERR,ERR,ERR,ERR,ERR,ERR,ERR,ERR,ERR,ERR,-0.0,-0.0,-0.0,2.7183478752108883e+23,0.0,-0.0,53026024.0,9.788373942856308e+20,0,0,4,17323,7116,0.0,100,0.0,0.0,2.7183478752108883e+23,0.0,0.0,0,0,0,0,0.0,0,0,0,0,0,0,0,0,0,0,0,0,0,0,0,0,0,0,0,0,0,0,0,0,0,0,0,0,0,0,0,0,0,31,40,40,71,65476,0,300,0,0,8,21553,0.0,-107605600.0,0.0,0.0,0.0,0.0,0.0,0.0,0.0,0.0,0.0,0.0,0.0,0.0,0.0,0.0,0.0,0.0,0.0,0.0,0.0,0.0,-2.004,0.0,0.0,0.0,0.0,0.0,0.0,0.0,5232.0,-564146303139840.0,6939.0,-0.0,-107616072.0,2.004,2.004,0.0,0.0,0.0,0.0,69,-4.950429371599289e+32,-0.0,0.0,0.0,0.0,0.0,0.0,0.0,0.0,0,0,0,0.0,0.0,0.0,0.0,0.0,0.0,0.0,0.0,0.0,0.0,0.0,0.0,0.0,0.0,0.0,0.0,0,-107875648.0,69,0.0,138,0.0,2.012,ERR,ERR,ERR,ERR,ERR,ERR,ERR,ERR,ERR,ERR,ERR,ERR,ERR,ERR,ERR,ERR,ERR,ERR,ERR,ERR,ERR,ERR,ERR,ERR,ERR,ERR,ERR,ERR,ERR,ERR,ERR,ERR,ERR,ERR,ERR,ERR,ERR,ERR,ERR,ERR,ERR,ERR,ERR,ERR,ERR,ERR,ERR,ERR,ERR,ERR,ERR,ERR,ERR,ERR,ERR,ERR,ERR,ERR,ERR,ERR,ERR,ERR,ERR,ERR,ERR,ERR,ERR,60.0,60.0,35,0.0,0.0,0.0,0.0,0.0,0.0,0.0,0.0,0.0,0.0,0.0,0.0,0.0,0.0,0.0,0.0,64.8,0,150,71,58,65476,0,65476,0,1,8,20529,65476,0,0,2621,60.0,0.0,0.0,0.0,0.0,0.0
2026-07-09T15:31:28,ERR,ERR,ERR,ERR,ERR,ERR,ERR,ERR,ERR,ERR,ERR,ERR,ERR,ERR,ERR,ERR,ERR,ERR,ERR,ERR,ERR,ERR,ERR,ERR,ERR,ERR,ERR,ERR,ERR,ERR,ERR,ERR,ERR,ERR,ERR,ERR,ERR,ERR,ERR,ERR,ERR,ERR,ERR,ERR,ERR,ERR,ERR,ERR,ERR,ERR,ERR,ERR,ERR,ERR,ERR,ERR,ERR,ERR,ERR,ERR,ERR,ERR,ERR,ERR,ERR,ERR,ERR,ERR,ERR,ERR,ERR,ERR,ERR,ERR,ERR,ERR,ERR,ERR,ERR,ERR,ERR,ERR,ERR,ERR,ERR,ERR,ERR,ERR,ERR,ERR,ERR,ERR,ERR,ERR,ERR,ERR,ERR,ERR,ERR,ERR,ERR,ERR,ERR,ERR,ERR,ERR,ERR,ERR,ERR,ERR,ERR,ERR,ERR,ERR,ERR,ERR,ERR,ERR,ERR,ERR,ERR,ERR,ERR,ERR,ERR,-0.0,-0.0,-0.0,2.7183478752108883e+23,0.0,-0.0,53026024.0,9.788373942856308e+20,0,0,4,17323,7116,0.0,100,0.0,0.0,2.7183478752108883e+23,0.0,0.0,0,0,0,0,0.0,0,0,0,0,0,0,0,0,0,0,0,0,0,0,0,0,0,0,0,0,0,0,0,0,0,0,0,0,0,0,0,0,0,31,40,40,71,65476,0,300,0,0,8,21553,0.0,-107605600.0,0.0,0.0,0.0,0.0,0.0,0.0,0.0,0.0,0.0,0.0,0.0,0.0,0.0,0.0,0.0,0.0,0.0,0.0,0.0,0.0,-2.004,0.0,0.0,0.0,0.0,0.0,0.0,0.0,5232.0,-564146303139840.0,6939.0,-0.0,-107616072.0,2.004,2.004,0.0,0.0,0.0,0.0,69,-4.950429371599289e+32,-0.0,0.0,0.0,0.0,0.0,0.0,0.0,0.0,0,0,0,0.0,0.0,0.0,0.0,0.0,0.0,0.0,0.0,0.0,0.0,0.0,0.0,0.0,0.0,0.0,0.0,0,-107875648.0,69,0.0,138,0.0,2.012,ERR,ERR,ERR,ERR,ERR,ERR,ERR,ERR,ERR,ERR,ERR,ERR,ERR,ERR,ERR,ERR,ERR,ERR,ERR,ERR,ERR,ERR,ERR,ERR,ERR,ERR,ERR,ERR,ERR,ERR,ERR,ERR,ERR,ERR,ERR,ERR,ERR,ERR,ERR,ERR,ERR,ERR,ERR,ERR,ERR,ERR,ERR,ERR,ERR,ERR,ERR,ERR,ERR,ERR,ERR,ERR,ERR,ERR,ERR,ERR,ERR,ERR,ERR,ERR,ERR,ERR,ERR,60.0,60.0,35,0.0,0.0,0.0,0.0,0.0,0.0,0.0,0.0,0.0,0.0,0.0,0.0,0.0,0.0,0.0,0.0,64.8,0,150,71,58,65476,0,65476,0,1,8,20529,65476,0,0,2621,60.0,0.0,0.0,0.0,0.0,0.0
2026-07-09T15:31:29,ERR,ERR,ERR,ERR,ERR,ERR,ERR,ERR,ERR,ERR,ERR,ERR,ERR,ERR,ERR,ERR,ERR,ERR,ERR,ERR,ERR,ERR,ERR,ERR,ERR,ERR,ERR,ERR,ERR,ERR,ERR,ERR,ERR,ERR,ERR,ERR,ERR,ERR,ERR,ERR,ERR,ERR,ERR,ERR,ERR,ERR,ERR,ERR,ERR,ERR,ERR,ERR,ERR,ERR,ERR,ERR,ERR,ERR,ERR,ERR,ERR,ERR,ERR,ERR,ERR,ERR,ERR,ERR,ERR,ERR,ERR,ERR,ERR,ERR,ERR,ERR,ERR,ERR,ERR,ERR,ERR,ERR,ERR,ERR,ERR,ERR,ERR,ERR,ERR,ERR,ERR,ERR,ERR,ERR,ERR,ERR,ERR,ERR,ERR,ERR,ERR,ERR,ERR,ERR,ERR,ERR,ERR,ERR,ERR,ERR,ERR,ERR,ERR,ERR,ERR,ERR,ERR,ERR,ERR,ERR,ERR,ERR,ERR,ERR,ERR,-0.0,-0.0,-0.0,2.7183478752108883e+23,0.0,-0.0,53026024.0,9.788373942856308e+20,0,0,4,17323,7116,0.0,100,0.0,0.0,2.7183478752108883e+23,0.0,0.0,0,0,0,0,0.0,0,0,0,0,0,0,0,0,0,0,0,0,0,0,0,0,0,0,0,0,0,0,0,0,0,0,0,0,0,0,0,0,0,31,40,40,71,65476,0,300,0,0,8,21553,0.0,-107605600.0,0.0,0.0,0.0,0.0,0.0,0.0,0.0,0.0,0.0,0.0,0.0,0.0,0.0,0.0,0.0,0.0,0.0,0.0,0.0,0.0,-2.004,0.0,0.0,0.0,0.0,0.0,0.0,0.0,5232.0,-564146303139840.0,6939.0,-0.0,-107616072.0,2.004,2.004,0.0,0.0,0.0,0.0,69,-4.950429371599289e+32,-0.0,0.0,0.0,0.0,0.0,0.0,0.0,0.0,0,0,0,0.0,0.0,0.0,0.0,0.0,0.0,0.0,0.0,0.0,0.0,0.0,0.0,0.0,0.0,0.0,0.0,0,-107875648.0,69,0.0,138,0.0,2.012,ERR,ERR,ERR,ERR,ERR,ERR,ERR,ERR,ERR,ERR,ERR,ERR,ERR,ERR,ERR,ERR,ERR,ERR,ERR,ERR,ERR,ERR,ERR,ERR,ERR,ERR,ERR,ERR,ERR,ERR,ERR,ERR,ERR,ERR,ERR,ERR,ERR,ERR,ERR,ERR,ERR,ERR,ERR,ERR,ERR,ERR,ERR,ERR,ERR,ERR,ERR,ERR,ERR,ERR,ERR,ERR,ERR,ERR,ERR,ERR,ERR,ERR,ERR,ERR,ERR,ERR,ERR,60.0,60.0,35,0.0,0.0,0.0,0.0,0.0,0.0,0.0,0.0,0.0,0.0,0.0,0.0,0.0,0.0,0.0,0.0,64.8,0,150,71,58,65476,0,65476,0,1,8,20529,65476,0,0,2621,60.0,0.0,0.0,0.0,0.0,0.0
2026-07-09T15:31:30,ERR,ERR,ERR,ERR,ERR,ERR,ERR,ERR,ERR,ERR,ERR,ERR,ERR,ERR,ERR,ERR,ERR,ERR,ERR,ERR,ERR,ERR,ERR,ERR,ERR,ERR,ERR,ERR,ERR,ERR,ERR,ERR,ERR,ERR,ERR,ERR,ERR,ERR,ERR,ERR,ERR,ERR,ERR,ERR,ERR,ERR,ERR,ERR,ERR,ERR,ERR,ERR,ERR,ERR,ERR,ERR,ERR,ERR,ERR,ERR,ERR,ERR,ERR,ERR,ERR,ERR,ERR,ERR,ERR,ERR,ERR,ERR,ERR,ERR,ERR,ERR,ERR,ERR,ERR,ERR,ERR,ERR,ERR,ERR,ERR,ERR,ERR,ERR,ERR,ERR,ERR,ERR,ERR,ERR,ERR,ERR,ERR,ERR,ERR,ERR,ERR,ERR,ERR,ERR,ERR,ERR,ERR,ERR,ERR,ERR,ERR,ERR,ERR,ERR,ERR,ERR,ERR,ERR,ERR,ERR,ERR,ERR,ERR,ERR,ERR,-0.0,-0.0,-0.0,2.7183478752108883e+23,0.0,-0.0,53026024.0,9.788373942856308e+20,0,0,4,17323,7116,0.0,100,0.0,0.0,2.7183478752108883e+23,0.0,0.0,0,0,0,0,0.0,0,0,0,0,0,0,0,0,0,0,0,0,0,0,0,0,0,0,0,0,0,0,0,0,0,0,0,0,0,0,0,0,0,31,40,40,71,65476,0,300,0,0,8,21553,0.0,-107605600.0,0.0,0.0,0.0,0.0,0.0,0.0,0.0,0.0,0.0,0.0,0.0,0.0,0.0,0.0,0.0,0.0,0.0,0.0,0.0,0.0,-2.004,0.0,0.0,0.0,0.0,0.0,0.0,0.0,5232.0,-564146303139840.0,6939.0,-0.0,-107616072.0,2.004,2.004,0.0,0.0,0.0,0.0,69,-4.950429371599289e+32,-0.0,0.0,0.0,0.0,0.0,0.0,0.0,0.0,0,0,0,0.0,0.0,0.0,0.0,0.0,0.0,0.0,0.0,0.0,0.0,0.0,0.0,0.0,0.0,0.0,0.0,0,-107875648.0,69,0.0,138,0.0,2.012,ERR,ERR,ERR,ERR,ERR,ERR,ERR,ERR,ERR,ERR,ERR,ERR,ERR,ERR,ERR,ERR,ERR,ERR,ERR,ERR,ERR,ERR,ERR,ERR,ERR,ERR,ERR,ERR,ERR,ERR,ERR,ERR,ERR,ERR,ERR,ERR,ERR,ERR,ERR,ERR,ERR,ERR,ERR,ERR,ERR,ERR,ERR,ERR,ERR,ERR,ERR,ERR,ERR,ERR,ERR,ERR,ERR,ERR,ERR,ERR,ERR,ERR,ERR,ERR,ERR,ERR,ERR,60.0,60.0,35,0.0,0.0,0.0,0.0,0.0,0.0,0.0,0.0,0.0,0.0,0.0,0.0,0.0,0.0,0.0,0.0,64.8,0,150,71,58,65476,0,65476,0,1,8,20529,65476,0,0,2621,60.0,0.0,0.0,0.0,0.0,0.0
2026-07-09T15:31:31,ERR,ERR,ERR,ERR,ERR,ERR,ERR,ERR,ERR,ERR,ERR,ERR,ERR,ERR,ERR,ERR,ERR,ERR,ERR,ERR,ERR,ERR,ERR,ERR,ERR,ERR,ERR,ERR,ERR,ERR,ERR,ERR,ERR,ERR,ERR,ERR,ERR,ERR,ERR,ERR,ERR,ERR,ERR,ERR,ERR,ERR,ERR,ERR,ERR,ERR,ERR,ERR,ERR,ERR,ERR,ERR,ERR,ERR,ERR,ERR,ERR,ERR,ERR,ERR,ERR,ERR,ERR,ERR,ERR,ERR,ERR,ERR,ERR,ERR,ERR,ERR,ERR,ERR,ERR,ERR,ERR,ERR,ERR,ERR,ERR,ERR,ERR,ERR,ERR,ERR,ERR,ERR,ERR,ERR,ERR,ERR,ERR,ERR,ERR,ERR,ERR,ERR,ERR,ERR,ERR,ERR,ERR,ERR,ERR,ERR,ERR,ERR,ERR,ERR,ERR,ERR,ERR,ERR,ERR,ERR,ERR,ERR,ERR,ERR,ERR,-0.0,-0.0,-0.0,0.0,0.0,-0.0,-0.0,-0.0,0,0,4,17321,7116,0.0,100,0.0,0.0,0.0,0.0,0.0,0,0,0,0,0.0,0,0,0,0,0,0,0,0,0,0,0,0,0,0,0,0,0,0,0,0,0,0,0,0,0,0,0,0,0,0,0,0,0,31,40,40,71,65476,0,300,0,0,8,21553,0.0,-107605600.0,0.0,0.0,0.0,0.0,0.0,0.0,0.0,0.0,0.0,0.0,0.0,0.0,0.0,0.0,0.0,0.0,0.0,0.0,0.0,0.0,0.0,-2.004,0.0,0.0,0.0,0.0,0.0,0.0,5272.0,8608190464.0,6922.0,-0.0,-107616080.0,2.004,2.004,0.0,0.0,0.0,0.0,69,0.0,126840619008.0,0.0,0.0,0.0,0.0,0.0,0.0,0.0,0,0,0,0.0,0.0,0.0,0.0,0.0,0.0,0.0,0.0,0.0,0.0,0.0,0.0,0.0,0.0,0.0,0.0,0,-107875648.0,69,0.0,138,0.0,2.012,ERR,ERR,ERR,ERR,ERR,ERR,ERR,ERR,ERR,ERR,ERR,ERR,ERR,ERR,ERR,ERR,ERR,ERR,ERR,ERR,ERR,ERR,ERR,ERR,ERR,ERR,ERR,ERR,ERR,ERR,ERR,ERR,ERR,ERR,ERR,ERR,ERR,ERR,ERR,ERR,ERR,ERR,ERR,ERR,ERR,ERR,ERR,ERR,ERR,ERR,ERR,ERR,ERR,ERR,ERR,ERR,ERR,ERR,ERR,ERR,ERR,ERR,ERR,ERR,ERR,ERR,ERR,60.0,60.0,35,0.0,0.0,0.0,0.0,0.0,0.0,0.0,0.0,0.0,0.0,0.0,0.0,0.0,0.0,0.0,0.0,64.8,0,150,71,58,65476,0,65476,0,1,8,20529,65476,0,0,2621,60.0,0.0,0.0,0.0,0.0,0.0
2026-07-09T15:31:32,ERR,ERR,ERR,ERR,ERR,ERR,ERR,ERR,ERR,ERR,ERR,ERR,ERR,ERR,ERR,ERR,ERR,ERR,ERR,ERR,ERR,ERR,ERR,ERR,ERR,ERR,ERR,ERR,ERR,ERR,ERR,ERR,ERR,ERR,ERR,ERR,ERR,ERR,ERR,ERR,ERR,ERR,ERR,ERR,ERR,ERR,ERR,ERR,ERR,ERR,ERR,ERR,ERR,ERR,ERR,ERR,ERR,ERR,ERR,ERR,ERR,ERR,ERR,ERR,ERR,ERR,ERR,ERR,ERR,ERR,ERR,ERR,ERR,ERR,ERR,ERR,ERR,ERR,ERR,ERR,ERR,ERR,ERR,ERR,ERR,ERR,ERR,ERR,ERR,ERR,ERR,ERR,ERR,ERR,ERR,ERR,ERR,ERR,ERR,ERR,ERR,ERR,ERR,ERR,ERR,ERR,ERR,ERR,ERR,ERR,ERR,ERR,ERR,ERR,ERR,ERR,ERR,ERR,ERR,ERR,ERR,ERR,ERR,ERR,ERR,-0.0,-0.0,-0.0,0.0,0.0,-0.0,-0.0,-0.0,0,0,4,17321,7116,0.0,100,0.0,0.0,0.0,0.0,0.0,0,0,0,0,0.0,0,0,0,0,0,0,0,0,0,0,0,0,0,0,0,0,0,0,0,0,0,0,0,0,0,0,0,0,0,0,0,0,0,31,40,40,71,65476,0,300,0,0,8,21553,0.0,-107605600.0,0.0,0.0,0.0,0.0,0.0,0.0,0.0,0.0,0.0,0.0,0.0,0.0,0.0,0.0,0.0,0.0,0.0,0.0,0.0,0.0,0.0,-2.004,0.0,0.0,0.0,0.0,0.0,0.0,5272.0,8608190464.0,6922.0,-0.0,-107616080.0,2.004,2.004,0.0,0.0,0.0,0.0,69,0.0,126840619008.0,0.0,0.0,0.0,0.0,0.0,0.0,0.0,0,0,0,0.0,0.0,0.0,0.0,0.0,0.0,0.0,0.0,0.0,0.0,0.0,0.0,0.0,0.0,0.0,0.0,0,-107875648.0,69,0.0,138,0.0,2.012,ERR,ERR,ERR,ERR,ERR,ERR,ERR,ERR,ERR,ERR,ERR,ERR,ERR,ERR,ERR,ERR,ERR,ERR,ERR,ERR,ERR,ERR,ERR,ERR,ERR,ERR,ERR,ERR,ERR,ERR,ERR,ERR,ERR,ERR,ERR,ERR,ERR,ERR,ERR,ERR,ERR,ERR,ERR,ERR,ERR,ERR,ERR,ERR,ERR,ERR,ERR,ERR,ERR,ERR,ERR,ERR,ERR,ERR,ERR,ERR,ERR,ERR,ERR,ERR,ERR,ERR,ERR,60.0,60.0,35,0.0,0.0,0.0,0.0,0.0,0.0,0.0,0.0,0.0,0.0,0.0,0.0,0.0,0.0,0.0,0.0,64.8,0,150,71,58,65476,0,65476,0,1,8,20529,65476,0,0,2621,60.0,0.0,0.0,0.0,0.0,0.0
2026-07-09T15:31:33,ERR,ERR,ERR,ERR,ERR,ERR,ERR,ERR,ERR,ERR,ERR,ERR,ERR,ERR,ERR,ERR,ERR,ERR,ERR,ERR,ERR,ERR,ERR,ERR,ERR,ERR,ERR,ERR,ERR,ERR,ERR,ERR,ERR,ERR,ERR,ERR,ERR,ERR,ERR,ERR,ERR,ERR,ERR,ERR,ERR,ERR,ERR,ERR,ERR,ERR,ERR,ERR,ERR,ERR,ERR,ERR,ERR,ERR,ERR,ERR,ERR,ERR,ERR,ERR,ERR,ERR,ERR,ERR,ERR,ERR,ERR,ERR,ERR,ERR,ERR,ERR,ERR,ERR,ERR,ERR,ERR,ERR,ERR,ERR,ERR,ERR,ERR,ERR,ERR,ERR,ERR,ERR,ERR,ERR,ERR,ERR,ERR,ERR,ERR,ERR,ERR,ERR,ERR,ERR,ERR,ERR,ERR,ERR,ERR,ERR,ERR,ERR,ERR,ERR,ERR,ERR,ERR,ERR,ERR,ERR,ERR,ERR,ERR,ERR,ERR,-0.0,-0.0,-0.0,0.0,0.0,-0.0,-0.0,-0.0,0,0,4,17321,7116,0.0,100,0.0,0.0,0.0,0.0,0.0,0,0,0,0,0.0,0,0,0,0,0,0,0,0,0,0,0,0,0,0,0,0,0,0,0,0,0,0,0,0,0,0,0,0,0,0,0,0,0,31,40,40,71,65476,0,300,0,0,8,21553,0.0,-107605600.0,0.0,0.0,0.0,0.0,0.0,0.0,0.0,0.0,0.0,0.0,0.0,0.0,0.0,0.0,0.0,0.0,0.0,0.0,0.0,0.0,0.0,-2.004,0.0,0.0,0.0,0.0,0.0,0.0,5272.0,8608190464.0,6922.0,-0.0,-107616080.0,2.004,2.004,0.0,0.0,0.0,0.0,69,0.0,126840619008.0,0.0,0.0,0.0,0.0,0.0,0.0,0.0,0,0,0,0.0,0.0,0.0,0.0,0.0,0.0,0.0,0.0,0.0,0.0,0.0,0.0,0.0,0.0,0.0,0.0,0,-107875648.0,69,0.0,138,0.0,2.012,ERR,ERR,ERR,ERR,ERR,ERR,ERR,ERR,ERR,ERR,ERR,ERR,ERR,ERR,ERR,ERR,ERR,ERR,ERR,ERR,ERR,ERR,ERR,ERR,ERR,ERR,ERR,ERR,ERR,ERR,ERR,ERR,ERR,ERR,ERR,ERR,ERR,ERR,ERR,ERR,ERR,ERR,ERR,ERR,ERR,ERR,ERR,ERR,ERR,ERR,ERR,ERR,ERR,ERR,ERR,ERR,ERR,ERR,ERR,ERR,ERR,ERR,ERR,ERR,ERR,ERR,ERR,60.0,60.0,35,0.0,0.0,0.0,0.0,0.0,0.0,0.0,0.0,0.0,0.0,0.0,0.0,0.0,0.0,0.0,0.0,64.8,0,150,71,58,65476,0,65476,0,1,8,20529,65476,0,0,2621,60.0,0.0,0.0,0.0,0.0,0.0
2026-07-09T15:31:34,ERR,ERR,ERR,ERR,ERR,ERR,ERR,ERR,ERR,ERR,ERR,ERR,ERR,ERR,ERR,ERR,ERR,ERR,ERR,ERR,ERR,ERR,ERR,ERR,ERR,ERR,ERR,ERR,ERR,ERR,ERR,ERR,ERR,ERR,ERR,ERR,ERR,ERR,ERR,ERR,ERR,ERR,ERR,ERR,ERR,ERR,ERR,ERR,ERR,ERR,ERR,ERR,ERR,ERR,ERR,ERR,ERR,ERR,ERR,ERR,ERR,ERR,ERR,ERR,ERR,ERR,ERR,ERR,ERR,ERR,ERR,ERR,ERR,ERR,ERR,ERR,ERR,ERR,ERR,ERR,ERR,ERR,ERR,ERR,ERR,ERR,ERR,ERR,ERR,ERR,ERR,ERR,ERR,ERR,ERR,ERR,ERR,ERR,ERR,ERR,ERR,ERR,ERR,ERR,ERR,ERR,ERR,ERR,ERR,ERR,ERR,ERR,ERR,ERR,ERR,ERR,ERR,ERR,ERR,ERR,ERR,ERR,ERR,ERR,ERR,-0.0,-0.0,-0.0,0.0,0.0,-0.0,-0.0,-0.0,0,0,4,17321,7116,0.0,100,0.0,0.0,0.0,0.0,0.0,0,0,0,0,0.0,0,0,0,0,0,0,0,0,0,0,0,0,0,0,0,0,0,0,0,0,0,0,0,0,0,0,0,0,0,0,0,0,0,31,40,40,71,65476,0,300,0,0,8,21553,0.0,-107605600.0,0.0,0.0,0.0,0.0,0.0,0.0,0.0,0.0,0.0,0.0,0.0,0.0,0.0,0.0,0.0,0.0,0.0,0.0,0.0,0.0,0.0,-2.004,0.0,0.0,0.0,0.0,0.0,0.0,5272.0,8608190464.0,6922.0,-0.0,-107616080.0,2.004,2.004,0.0,0.0,0.0,0.0,69,0.0,126840619008.0,0.0,0.0,0.0,0.0,0.0,0.0,0.0,0,0,0,0.0,0.0,0.0,0.0,0.0,0.0,0.0,0.0,0.0,0.0,0.0,0.0,0.0,0.0,0.0,0.0,0,-107875648.0,69,0.0,138,0.0,2.012,ERR,ERR,ERR,ERR,ERR,ERR,ERR,ERR,ERR,ERR,ERR,ERR,ERR,ERR,ERR,ERR,ERR,ERR,ERR,ERR,ERR,ERR,ERR,ERR,ERR,ERR,ERR,ERR,ERR,ERR,ERR,ERR,ERR,ERR,ERR,ERR,ERR,ERR,ERR,ERR,ERR,ERR,ERR,ERR,ERR,ERR,ERR,ERR,ERR,ERR,ERR,ERR,ERR,ERR,ERR,ERR,ERR,ERR,ERR,ERR,ERR,ERR,ERR,ERR,ERR,ERR,ERR,60.0,60.0,35,0.0,0.0,0.0,0.0,0.0,0.0,0.0,0.0,0.0,0.0,0.0,0.0,0.0,0.0,0.0,0.0,64.8,0,150,71,58,65476,0,65476,0,1,8,20529,65476,0,0,2621,60.0,0.0,0.0,0.0,0.0,0.0
2026-07-09T15:31:35,ERR,ERR,ERR,ERR,ERR,ERR,ERR,ERR,ERR,ERR,ERR,ERR,ERR,ERR,ERR,ERR,ERR,ERR,ERR,ERR,ERR,ERR,ERR,ERR,ERR,ERR,ERR,ERR,ERR,ERR,ERR,ERR,ERR,ERR,ERR,ERR,ERR,ERR,ERR,ERR,ERR,ERR,ERR,ERR,ERR,ERR,ERR,ERR,ERR,ERR,ERR,ERR,ERR,ERR,ERR,ERR,ERR,ERR,ERR,ERR,ERR,ERR,ERR,ERR,ERR,ERR,ERR,ERR,ERR,ERR,ERR,ERR,ERR,ERR,ERR,ERR,ERR,ERR,ERR,ERR,ERR,ERR,ERR,ERR,ERR,ERR,ERR,ERR,ERR,ERR,ERR,ERR,ERR,ERR,ERR,ERR,ERR,ERR,ERR,ERR,ERR,ERR,ERR,ERR,ERR,ERR,ERR,ERR,ERR,ERR,ERR,ERR,ERR,ERR,ERR,ERR,ERR,ERR,ERR,ERR,ERR,ERR,ERR,ERR,ERR,-0.0,-0.0,-0.0,0.0,0.0,-0.0,-0.0,-0.0,0,0,4,17321,7116,0.0,100,0.0,0.0,0.0,0.0,0.0,0,0,0,0,0.0,0,0,0,0,0,0,0,0,0,0,0,0,0,0,0,0,0,0,0,0,0,0,0,0,0,0,0,0,0,0,0,0,0,31,40,40,71,65476,0,300,0,0,8,21553,0.0,-107605600.0,0.0,0.0,0.0,0.0,0.0,0.0,0.0,0.0,0.0,0.0,0.0,0.0,0.0,0.0,0.0,0.0,0.0,0.0,0.0,0.0,0.0,-2.004,0.0,0.0,0.0,0.0,0.0,0.0,5272.0,8608190464.0,6922.0,-0.0,-107616080.0,2.004,2.004,0.0,0.0,0.0,0.0,69,0.0,126840619008.0,0.0,0.0,0.0,0.0,0.0,0.0,0.0,0,0,0,0.0,0.0,0.0,0.0,0.0,0.0,0.0,0.0,0.0,0.0,0.0,0.0,0.0,0.0,0.0,0.0,0,-107875648.0,69,0.0,138,0.0,2.012,ERR,ERR,ERR,ERR,ERR,ERR,ERR,ERR,ERR,ERR,ERR,ERR,ERR,ERR,ERR,ERR,ERR,ERR,ERR,ERR,ERR,ERR,ERR,ERR,ERR,ERR,ERR,ERR,ERR,ERR,ERR,ERR,ERR,ERR,ERR,ERR,ERR,ERR,ERR,ERR,ERR,ERR,ERR,ERR,ERR,ERR,ERR,ERR,ERR,ERR,ERR,ERR,ERR,ERR,ERR,ERR,ERR,ERR,ERR,ERR,ERR,ERR,ERR,ERR,ERR,ERR,ERR,60.0,60.0,35,0.0,0.0,0.0,0.0,0.0,0.0,0.0,0.0,0.0,0.0,0.0,0.0,0.0,0.0,0.0,0.0,64.8,0,150,71,58,65476,0,65476,0,1,8,20529,65476,0,0,2621,60.0,0.0,0.0,0.0,0.0,0.0
2026-07-09T15:31:36,ERR,ERR,ERR,ERR,ERR,ERR,ERR,ERR,ERR,ERR,ERR,ERR,ERR,ERR,ERR,ERR,ERR,ERR,ERR,ERR,ERR,ERR,ERR,ERR,ERR,ERR,ERR,ERR,ERR,ERR,ERR,ERR,ERR,ERR,ERR,ERR,ERR,ERR,ERR,ERR,ERR,ERR,ERR,ERR,ERR,ERR,ERR,ERR,ERR,ERR,ERR,ERR,ERR,ERR,ERR,ERR,ERR,ERR,ERR,ERR,ERR,ERR,ERR,ERR,ERR,ERR,ERR,ERR,ERR,ERR,ERR,ERR,ERR,ERR,ERR,ERR,ERR,ERR,ERR,ERR,ERR,ERR,ERR,ERR,ERR,ERR,ERR,ERR,ERR,ERR,ERR,ERR,ERR,ERR,ERR,ERR,ERR,ERR,ERR,ERR,ERR,ERR,ERR,ERR,ERR,ERR,ERR,ERR,ERR,ERR,ERR,ERR,ERR,ERR,ERR,ERR,ERR,ERR,ERR,ERR,ERR,ERR,ERR,ERR,ERR,0.0,-0.0,0.0,2.7183478752108883e+23,-2.5006748637890676e+27,-3903575.75,2.7113574152511696e+26,-1.963357650885329e+35,0,0,4,17325,7116,0.0,100,0.0,0.0,2.7183478752108883e+23,0.0,0.0,0,0,0,0,0.0,0,0,0,0,0,0,0,0,0,0,0,0,0,0,0,0,0,0,0,0,0,0,0,0,0,0,0,0,0,0,0,0,0,31,40,40,71,65476,0,300,0,0,8,21553,0.0,-107605600.0,0.0,0.0,0.0,0.0,0.0,0.0,0.0,0.0,0.0,0.0,0.0,0.0,0.0,0.0,0.0,0.0,0.0,0.0,0.0,0.0,0.0,2.004,0.0,0.0,0.0,0.0,0.0,0.0,5252.0,-564146370248704.0,6939.0,0.0,-107616088.0,2.004,2.004,0.0,0.0,0.0,0.0,69,1.90569846407168e+17,0.0,0.0,0.0,0.0,0.0,0.0,0.0,0.0,0,0,0,0.0,0.0,0.0,0.0,0.0,0.0,0.0,0.0,0.0,0.0,0.0,0.0,0.0,0.0,0.0,0.0,0,-107875648.0,69,0.0,138,0.0,2.012,ERR,ERR,ERR,ERR,ERR,ERR,ERR,ERR,ERR,ERR,ERR,ERR,ERR,ERR,ERR,ERR,ERR,ERR,ERR,ERR,ERR,ERR,ERR,ERR,ERR,ERR,ERR,ERR,ERR,ERR,ERR,ERR,ERR,ERR,ERR,ERR,ERR,ERR,ERR,ERR,ERR,ERR,ERR,ERR,ERR,ERR,ERR,ERR,ERR,ERR,ERR,ERR,ERR,ERR,ERR,ERR,ERR,ERR,ERR,ERR,ERR,ERR,ERR,ERR,ERR,ERR,ERR,60.0,60.0,35,0.0,0.0,0.0,0.0,0.0,0.0,0.0,0.0,0.0,0.0,0.0,0.0,0.0,0.0,0.0,0.0,65.2,0,150,71,58,65476,0,65476,0,1,8,20529,65476,0,0,2621,60.0,0.0,0.0,0.0,0.0,0.0
2026-07-09T15:31:37,ERR,ERR,ERR,ERR,ERR,ERR,ERR,ERR,ERR,ERR,ERR,ERR,ERR,ERR,ERR,ERR,ERR,ERR,ERR,ERR,ERR,ERR,ERR,ERR,ERR,ERR,ERR,ERR,ERR,ERR,ERR,ERR,ERR,ERR,ERR,ERR,ERR,ERR,ERR,ERR,ERR,ERR,ERR,ERR,ERR,ERR,ERR,ERR,ERR,ERR,ERR,ERR,ERR,ERR,ERR,ERR,ERR,ERR,ERR,ERR,ERR,ERR,ERR,ERR,ERR,ERR,ERR,ERR,ERR,ERR,ERR,ERR,ERR,ERR,ERR,ERR,ERR,ERR,ERR,ERR,ERR,ERR,ERR,ERR,ERR,ERR,ERR,ERR,ERR,ERR,ERR,ERR,ERR,ERR,ERR,ERR,ERR,ERR,ERR,ERR,ERR,ERR,ERR,ERR,ERR,ERR,ERR,ERR,ERR,ERR,ERR,ERR,ERR,ERR,ERR,ERR,ERR,ERR,ERR,ERR,ERR,ERR,ERR,ERR,ERR,0.0,-0.0,0.0,2.7183478752108883e+23,-2.5006748637890676e+27,-3903575.75,2.7113574152511696e+26,-1.963357650885329e+35,0,0,4,17325,7116,0.0,100,0.0,0.0,2.7183478752108883e+23,0.0,0.0,0,0,0,0,0.0,0,0,0,0,0,0,0,0,0,0,0,0,0,0,0,0,0,0,0,0,0,0,0,0,0,0,0,0,0,0,0,0,0,31,40,40,71,65476,0,300,0,0,8,21553,0.0,-107605600.0,0.0,0.0,0.0,0.0,0.0,0.0,0.0,0.0,0.0,0.0,0.0,0.0,0.0,0.0,0.0,0.0,0.0,0.0,0.0,0.0,0.0,2.004,0.0,0.0,0.0,0.0,0.0,0.0,5252.0,-564146370248704.0,6939.0,0.0,-107616088.0,2.004,2.004,0.0,0.0,0.0,0.0,69,1.90569846407168e+17,0.0,0.0,0.0,0.0,0.0,0.0,0.0,0.0,0,0,0,0.0,0.0,0.0,0.0,0.0,0.0,0.0,0.0,0.0,0.0,0.0,0.0,0.0,0.0,0.0,0.0,0,-107875648.0,69,0.0,138,0.0,2.012,ERR,ERR,ERR,ERR,ERR,ERR,ERR,ERR,ERR,ERR,ERR,ERR,ERR,ERR,ERR,ERR,ERR,ERR,ERR,ERR,ERR,ERR,ERR,ERR,ERR,ERR,ERR,ERR,ERR,ERR,ERR,ERR,ERR,ERR,ERR,ERR,ERR,ERR,ERR,ERR,ERR,ERR,ERR,ERR,ERR,ERR,ERR,ERR,ERR,ERR,ERR,ERR,ERR,ERR,ERR,ERR,ERR,ERR,ERR,ERR,ERR,ERR,ERR,ERR,ERR,ERR,ERR,60.0,60.0,35,0.0,0.0,0.0,0.0,0.0,0.0,0.0,0.0,0.0,0.0,0.0,0.0,0.0,0.0,0.0,0.0,65.2,0,150,71,58,65476,0,65476,0,1,8,20529,65476,0,0,2621,60.0,0.0,0.0,0.0,0.0,0.0
2026-07-09T15:31:38,ERR,ERR,ERR,ERR,ERR,ERR,ERR,ERR,ERR,ERR,ERR,ERR,ERR,ERR,ERR,ERR,ERR,ERR,ERR,ERR,ERR,ERR,ERR,ERR,ERR,ERR,ERR,ERR,ERR,ERR,ERR,ERR,ERR,ERR,ERR,ERR,ERR,ERR,ERR,ERR,ERR,ERR,ERR,ERR,ERR,ERR,ERR,ERR,ERR,ERR,ERR,ERR,ERR,ERR,ERR,ERR,ERR,ERR,ERR,ERR,ERR,ERR,ERR,ERR,ERR,ERR,ERR,ERR,ERR,ERR,ERR,ERR,ERR,ERR,ERR,ERR,ERR,ERR,ERR,ERR,ERR,ERR,ERR,ERR,ERR,ERR,ERR,ERR,ERR,ERR,ERR,ERR,ERR,ERR,ERR,ERR,ERR,ERR,ERR,ERR,ERR,ERR,ERR,ERR,ERR,ERR,ERR,ERR,ERR,ERR,ERR,ERR,ERR,ERR,ERR,ERR,ERR,ERR,ERR,ERR,ERR,ERR,ERR,ERR,ERR,0.0,-0.0,0.0,2.7183478752108883e+23,-2.5006748637890676e+27,-3903575.75,2.7113574152511696e+26,-1.963357650885329e+35,0,0,4,17325,7116,0.0,100,0.0,0.0,2.7183478752108883e+23,0.0,0.0,0,0,0,0,0.0,0,0,0,0,0,0,0,0,0,0,0,0,0,0,0,0,0,0,0,0,0,0,0,0,0,0,0,0,0,0,0,0,0,31,40,40,71,65476,0,300,0,0,8,21553,0.0,-107605600.0,0.0,0.0,0.0,0.0,0.0,0.0,0.0,0.0,0.0,0.0,0.0,0.0,0.0,0.0,0.0,0.0,0.0,0.0,0.0,0.0,0.0,2.004,0.0,0.0,0.0,0.0,0.0,0.0,5252.0,-564146370248704.0,6939.0,0.0,-107616088.0,2.004,2.004,0.0,0.0,0.0,0.0,69,1.90569846407168e+17,0.0,0.0,0.0,0.0,0.0,0.0,0.0,0.0,0,0,0,0.0,0.0,0.0,0.0,0.0,0.0,0.0,0.0,0.0,0.0,0.0,0.0,0.0,0.0,0.0,0.0,0,-107875648.0,69,0.0,138,0.0,2.012,ERR,ERR,ERR,ERR,ERR,ERR,ERR,ERR,ERR,ERR,ERR,ERR,ERR,ERR,ERR,ERR,ERR,ERR,ERR,ERR,ERR,ERR,ERR,ERR,ERR,ERR,ERR,ERR,ERR,ERR,ERR,ERR,ERR,ERR,ERR,ERR,ERR,ERR,ERR,ERR,ERR,ERR,ERR,ERR,ERR,ERR,ERR,ERR,ERR,ERR,ERR,ERR,ERR,ERR,ERR,ERR,ERR,ERR,ERR,ERR,ERR,ERR,ERR,ERR,ERR,ERR,ERR,60.0,60.0,35,0.0,0.0,0.0,0.0,0.0,0.0,0.0,0.0,0.0,0.0,0.0,0.0,0.0,0.0,0.0,0.0,65.2,0,150,71,58,65476,0,65476,0,1,8,20529,65476,0,0,2621,60.0,0.0,0.0,0.0,0.0,0.0
2026-07-09T15:31:39,ERR,ERR,ERR,ERR,ERR,ERR,ERR,ERR,ERR,ERR,ERR,ERR,ERR,ERR,ERR,ERR,ERR,ERR,ERR,ERR,ERR,ERR,ERR,ERR,ERR,ERR,ERR,ERR,ERR,ERR,ERR,ERR,ERR,ERR,ERR,ERR,ERR,ERR,ERR,ERR,ERR,ERR,ERR,ERR,ERR,ERR,ERR,ERR,ERR,ERR,ERR,ERR,ERR,ERR,ERR,ERR,ERR,ERR,ERR,ERR,ERR,ERR,ERR,ERR,ERR,ERR,ERR,ERR,ERR,ERR,ERR,ERR,ERR,ERR,ERR,ERR,ERR,ERR,ERR,ERR,ERR,ERR,ERR,ERR,ERR,ERR,ERR,ERR,ERR,ERR,ERR,ERR,ERR,ERR,ERR,ERR,ERR,ERR,ERR,ERR,ERR,ERR,ERR,ERR,ERR,ERR,ERR,ERR,ERR,ERR,ERR,ERR,ERR,ERR,ERR,ERR,ERR,ERR,ERR,ERR,ERR,ERR,ERR,ERR,ERR,0.0,-0.0,0.0,2.7183478752108883e+23,-2.5006748637890676e+27,-3903575.75,2.7113574152511696e+26,-1.963357650885329e+35,0,0,4,17325,7116,0.0,100,0.0,0.0,2.7183478752108883e+23,0.0,0.0,0,0,0,0,0.0,0,0,0,0,0,0,0,0,0,0,0,0,0,0,0,0,0,0,0,0,0,0,0,0,0,0,0,0,0,0,0,0,0,31,40,40,71,65476,0,300,0,0,8,21553,0.0,-107605600.0,0.0,0.0,0.0,0.0,0.0,0.0,0.0,0.0,0.0,0.0,0.0,0.0,0.0,0.0,0.0,0.0,0.0,0.0,0.0,0.0,0.0,2.004,0.0,0.0,0.0,0.0,0.0,0.0,5252.0,-564146370248704.0,6939.0,0.0,-107616088.0,2.004,2.004,0.0,0.0,0.0,0.0,69,1.90569846407168e+17,0.0,0.0,0.0,0.0,0.0,0.0,0.0,0.0,0,0,0,0.0,0.0,0.0,0.0,0.0,0.0,0.0,0.0,0.0,0.0,0.0,0.0,0.0,0.0,0.0,0.0,0,-107875648.0,69,0.0,138,0.0,2.012,ERR,ERR,ERR,ERR,ERR,ERR,ERR,ERR,ERR,ERR,ERR,ERR,ERR,ERR,ERR,ERR,ERR,ERR,ERR,ERR,ERR,ERR,ERR,ERR,ERR,ERR,ERR,ERR,ERR,ERR,ERR,ERR,ERR,ERR,ERR,ERR,ERR,ERR,ERR,ERR,ERR,ERR,ERR,ERR,ERR,ERR,ERR,ERR,ERR,ERR,ERR,ERR,ERR,ERR,ERR,ERR,ERR,ERR,ERR,ERR,ERR,ERR,ERR,ERR,ERR,ERR,ERR,60.0,60.0,35,0.0,0.0,0.0,0.0,0.0,0.0,0.0,0.0,0.0,0.0,0.0,0.0,0.0,0.0,0.0,0.0,64.8,0,150,71,58,65476,0,65476,0,1,8,20529,65476,0,0,2621,60.0,0.0,0.0,0.0,0.0,0.0
2026-07-09T15:31:40,ERR,ERR,ERR,ERR,ERR,ERR,ERR,ERR,ERR,ERR,ERR,ERR,ERR,ERR,ERR,ERR,ERR,ERR,ERR,ERR,ERR,ERR,ERR,ERR,ERR,ERR,ERR,ERR,ERR,ERR,ERR,ERR,ERR,ERR,ERR,ERR,ERR,ERR,ERR,ERR,ERR,ERR,ERR,ERR,ERR,ERR,ERR,ERR,ERR,ERR,ERR,ERR,ERR,ERR,ERR,ERR,ERR,ERR,ERR,ERR,ERR,ERR,ERR,ERR,ERR,ERR,ERR,ERR,ERR,ERR,ERR,ERR,ERR,ERR,ERR,ERR,ERR,ERR,ERR,ERR,ERR,ERR,ERR,ERR,ERR,ERR,ERR,ERR,ERR,ERR,ERR,ERR,ERR,ERR,ERR,ERR,ERR,ERR,ERR,ERR,ERR,ERR,ERR,ERR,ERR,ERR,ERR,ERR,ERR,ERR,ERR,ERR,ERR,ERR,ERR,ERR,ERR,ERR,ERR,ERR,ERR,ERR,ERR,ERR,ERR,0.0,0.0,2.7184217342447772e+23,2.7183478752108883e+23,-17542836912128.0,-11536.343,2.0710243158362798e+24,0.095,0,0,4,17326,7116,0.0,100,0.0,0.0,2.7183478752108883e+23,0.0,0.0,0,0,0,0,0.0,0,0,0,0,0,0,0,0,0,0,0,0,0,0,0,0,0,0,0,0,0,0,0,0,0,0,0,0,0,0,0,0,0,31,40,40,71,65476,0,300,0,0,8,21553,0.0,-107605600.0,0.0,0.0,0.0,0.0,0.0,0.0,0.0,0.0,0.0,0.0,0.0,0.0,0.0,0.0,0.0,0.0,0.0,0.0,0.0,0.0,0.0,-3.697069585392153e+19,0.0,0.0,0.0,0.0,0.0,0.0,5293.0,3.697190091866558e+19,6924.0,0.0,-0.0,2.004,2.004,0.0,0.0,0.0,0.0,69,-0.0,-0.0,0.0,0.0,0.0,0.0,0.0,0.0,0.0,0,0,0,0.0,0.0,0.0,0.0,0.0,0.0,0.0,0.0,0.0,0.0,0.0,0.0,0.0,0.0,0.0,0.0,0,-107875648.0,69,0.0,138,0.0,2.012,ERR,ERR,ERR,ERR,ERR,ERR,ERR,ERR,ERR,ERR,ERR,ERR,ERR,ERR,ERR,ERR,ERR,ERR,ERR,ERR,ERR,ERR,ERR,ERR,ERR,ERR,ERR,ERR,ERR,ERR,ERR,ERR,ERR,ERR,ERR,ERR,ERR,ERR,ERR,ERR,ERR,ERR,ERR,ERR,ERR,ERR,ERR,ERR,ERR,ERR,ERR,ERR,ERR,ERR,ERR,ERR,ERR,ERR,ERR,ERR,ERR,ERR,ERR,ERR,ERR,ERR,ERR,60.0,60.0,35,0.0,0.0,0.0,0.0,0.0,0.0,0.0,0.0,0.0,0.0,0.0,0.0,0.0,0.0,0.0,0.0,64.8,0,150,71,58,65476,0,65476,0,1,8,20529,65476,0,0,2621,60.0,0.0,0.0,0.0,0.0,0.0
2026-07-09T15:31:41,ERR,ERR,ERR,ERR,ERR,ERR,ERR,ERR,ERR,ERR,ERR,ERR,ERR,ERR,ERR,ERR,ERR,ERR,ERR,ERR,ERR,ERR,ERR,ERR,ERR,ERR,ERR,ERR,ERR,ERR,ERR,ERR,ERR,ERR,ERR,ERR,ERR,ERR,ERR,ERR,ERR,ERR,ERR,ERR,ERR,ERR,ERR,ERR,ERR,ERR,ERR,ERR,ERR,ERR,ERR,ERR,ERR,ERR,ERR,ERR,ERR,ERR,ERR,ERR,ERR,ERR,ERR,ERR,ERR,ERR,ERR,ERR,ERR,ERR,ERR,ERR,ERR,ERR,ERR,ERR,ERR,ERR,ERR,ERR,ERR,ERR,ERR,ERR,ERR,ERR,ERR,ERR,ERR,ERR,ERR,ERR,ERR,ERR,ERR,ERR,ERR,ERR,ERR,ERR,ERR,ERR,ERR,ERR,ERR,ERR,ERR,ERR,ERR,ERR,ERR,ERR,ERR,ERR,ERR,ERR,ERR,ERR,ERR,ERR,ERR,0.0,0.0,2.7184217342447772e+23,2.7183478752108883e+23,-17542836912128.0,-11536.343,2.0710243158362798e+24,0.095,0,0,4,17326,7116,0.0,100,0.0,0.0,2.7183478752108883e+23,0.0,0.0,0,0,0,0,0.0,0,0,0,0,0,0,0,0,0,0,0,0,0,0,0,0,0,0,0,0,0,0,0,0,0,0,0,0,0,0,0,0,0,31,40,40,71,65476,0,300,0,0,8,21553,0.0,-107605600.0,0.0,0.0,0.0,0.0,0.0,0.0,0.0,0.0,0.0,0.0,0.0,0.0,0.0,0.0,0.0,0.0,0.0,0.0,0.0,0.0,0.0,-3.697069585392153e+19,0.0,0.0,0.0,0.0,0.0,0.0,5293.0,3.697190091866558e+19,6924.0,0.0,-0.0,2.004,2.004,0.0,0.0,0.0,0.0,69,-0.0,-0.0,0.0,0.0,0.0,0.0,0.0,0.0,0.0,0,0,0,0.0,0.0,0.0,0.0,0.0,0.0,0.0,0.0,0.0,0.0,0.0,0.0,0.0,0.0,0.0,0.0,0,-107875648.0,69,0.0,138,0.0,2.012,ERR,ERR,ERR,ERR,ERR,ERR,ERR,ERR,ERR,ERR,ERR,ERR,ERR,ERR,ERR,ERR,ERR,ERR,ERR,ERR,ERR,ERR,ERR,ERR,ERR,ERR,ERR,ERR,ERR,ERR,ERR,ERR,ERR,ERR,ERR,ERR,ERR,ERR,ERR,ERR,ERR,ERR,ERR,ERR,ERR,ERR,ERR,ERR,ERR,ERR,ERR,ERR,ERR,ERR,ERR,ERR,ERR,ERR,ERR,ERR,ERR,ERR,ERR,ERR,ERR,ERR,ERR,60.0,60.0,35,0.0,0.0,0.0,0.0,0.0,0.0,0.0,0.0,0.0,0.0,0.0,0.0,0.0,0.0,0.0,0.0,64.8,0,150,71,58,65476,0,65476,0,1,8,20529,65476,0,0,2621,60.0,0.0,0.0,0.0,0.0,0.0
2026-07-09T15:31:42,ERR,ERR,ERR,ERR,ERR,ERR,ERR,ERR,ERR,ERR,ERR,ERR,ERR,ERR,ERR,ERR,ERR,ERR,ERR,ERR,ERR,ERR,ERR,ERR,ERR,ERR,ERR,ERR,ERR,ERR,ERR,ERR,ERR,ERR,ERR,ERR,ERR,ERR,ERR,ERR,ERR,ERR,ERR,ERR,ERR,ERR,ERR,ERR,ERR,ERR,ERR,ERR,ERR,ERR,ERR,ERR,ERR,ERR,ERR,ERR,ERR,ERR,ERR,ERR,ERR,ERR,ERR,ERR,ERR,ERR,ERR,ERR,ERR,ERR,ERR,ERR,ERR,ERR,ERR,ERR,ERR,ERR,ERR,ERR,ERR,ERR,ERR,ERR,ERR,ERR,ERR,ERR,ERR,ERR,ERR,ERR,ERR,ERR,ERR,ERR,ERR,ERR,ERR,ERR,ERR,ERR,ERR,ERR,ERR,ERR,ERR,ERR,ERR,ERR,ERR,ERR,ERR,ERR,ERR,ERR,ERR,ERR,ERR,ERR,ERR,0.0,0.0,2.7184217342447772e+23,2.7183478752108883e+23,-17542836912128.0,-11536.343,2.0710243158362798e+24,0.095,0,0,4,17326,7116,0.0,100,0.0,0.0,2.7183478752108883e+23,0.0,0.0,0,0,0,0,0.0,0,0,0,0,0,0,0,0,0,0,0,0,0,0,0,0,0,0,0,0,0,0,0,0,0,0,0,0,0,0,0,0,0,31,40,40,71,65476,0,300,0,0,8,21553,0.0,-107605600.0,0.0,0.0,0.0,0.0,0.0,0.0,0.0,0.0,0.0,0.0,0.0,0.0,0.0,0.0,0.0,0.0,0.0,0.0,0.0,0.0,0.0,-3.697069585392153e+19,0.0,0.0,0.0,0.0,0.0,0.0,5293.0,3.697190091866558e+19,6924.0,0.0,-0.0,2.004,2.004,0.0,0.0,0.0,0.0,69,-0.0,-0.0,0.0,0.0,0.0,0.0,0.0,0.0,0.0,0,0,0,0.0,0.0,0.0,0.0,0.0,0.0,0.0,0.0,0.0,0.0,0.0,0.0,0.0,0.0,0.0,0.0,0,-107875648.0,69,0.0,138,0.0,2.012,ERR,ERR,ERR,ERR,ERR,ERR,ERR,ERR,ERR,ERR,ERR,ERR,ERR,ERR,ERR,ERR,ERR,ERR,ERR,ERR,ERR,ERR,ERR,ERR,ERR,ERR,ERR,ERR,ERR,ERR,ERR,ERR,ERR,ERR,ERR,ERR,ERR,ERR,ERR,ERR,ERR,ERR,ERR,ERR,ERR,ERR,ERR,ERR,ERR,ERR,ERR,ERR,ERR,ERR,ERR,ERR,ERR,ERR,ERR,ERR,ERR,ERR,ERR,ERR,ERR,ERR,ERR,60.0,60.0,35,0.0,0.0,0.0,0.0,0.0,0.0,0.0,0.0,0.0,0.0,0.0,0.0,0.0,0.0,0.0,0.0,65.2,0,150,71,58,65476,0,65476,0,1,8,20529,65476,0,0,2621,60.0,0.0,0.0,0.0,0.0,0.0
2026-07-09T15:31:43,ERR,ERR,ERR,ERR,ERR,ERR,ERR,ERR,ERR,ERR,ERR,ERR,ERR,ERR,ERR,ERR,ERR,ERR,ERR,ERR,ERR,ERR,ERR,ERR,ERR,ERR,ERR,ERR,ERR,ERR,ERR,ERR,ERR,ERR,ERR,ERR,ERR,ERR,ERR,ERR,ERR,ERR,ERR,ERR,ERR,ERR,ERR,ERR,ERR,ERR,ERR,ERR,ERR,ERR,ERR,ERR,ERR,ERR,ERR,ERR,ERR,ERR,ERR,ERR,ERR,ERR,ERR,ERR,ERR,ERR,ERR,ERR,ERR,ERR,ERR,ERR,ERR,ERR,ERR,ERR,ERR,ERR,ERR,ERR,ERR,ERR,ERR,ERR,ERR,ERR,ERR,ERR,ERR,ERR,ERR,ERR,ERR,ERR,ERR,ERR,ERR,ERR,ERR,ERR,ERR,ERR,ERR,ERR,ERR,ERR,ERR,ERR,ERR,ERR,ERR,ERR,ERR,ERR,ERR,ERR,ERR,ERR,ERR,ERR,ERR,0.0,0.0,2.7184217342447772e+23,2.7183478752108883e+23,-17542836912128.0,-11536.343,2.0710243158362798e+24,0.095,0,0,4,17326,7116,0.0,100,0.0,0.0,2.7183478752108883e+23,0.0,0.0,0,0,0,0,0.0,0,0,0,0,0,0,0,0,0,0,0,0,0,0,0,0,0,0,0,0,0,0,0,0,0,0,0,0,0,0,0,0,0,31,40,40,71,65476,0,300,0,0,8,21553,0.0,-107605600.0,0.0,0.0,0.0,0.0,0.0,0.0,0.0,0.0,0.0,0.0,0.0,0.0,0.0,0.0,0.0,0.0,0.0,0.0,0.0,0.0,0.0,-3.697069585392153e+19,0.0,0.0,0.0,0.0,0.0,0.0,5293.0,3.697190091866558e+19,6924.0,0.0,-0.0,2.004,2.004,0.0,0.0,0.0,0.0,69,-0.0,-0.0,0.0,0.0,0.0,0.0,0.0,0.0,0.0,0,0,0,0.0,0.0,0.0,0.0,0.0,0.0,0.0,0.0,0.0,0.0,0.0,0.0,0.0,0.0,0.0,0.0,0,-107875648.0,69,0.0,138,0.0,2.012,ERR,ERR,ERR,ERR,ERR,ERR,ERR,ERR,ERR,ERR,ERR,ERR,ERR,ERR,ERR,ERR,ERR,ERR,ERR,ERR,ERR,ERR,ERR,ERR,ERR,ERR,ERR,ERR,ERR,ERR,ERR,ERR,ERR,ERR,ERR,ERR,ERR,ERR,ERR,ERR,ERR,ERR,ERR,ERR,ERR,ERR,ERR,ERR,ERR,ERR,ERR,ERR,ERR,ERR,ERR,ERR,ERR,ERR,ERR,ERR,ERR,ERR,ERR,ERR,ERR,ERR,ERR,60.0,60.0,35,0.0,0.0,0.0,0.0,0.0,0.0,0.0,0.0,0.0,0.0,0.0,0.0,0.0,0.0,0.0,0.0,65.2,0,150,71,58,65476,0,65476,0,1,8,20529,65476,0,0,2621,60.0,0.0,0.0,0.0,0.0,0.0
2026-07-09T15:31:44,ERR,ERR,ERR,ERR,ERR,ERR,ERR,ERR,ERR,ERR,ERR,ERR,ERR,ERR,ERR,ERR,ERR,ERR,ERR,ERR,ERR,ERR,ERR,ERR,ERR,ERR,ERR,ERR,ERR,ERR,ERR,ERR,ERR,ERR,ERR,ERR,ERR,ERR,ERR,ERR,ERR,ERR,ERR,ERR,ERR,ERR,ERR,ERR,ERR,ERR,ERR,ERR,ERR,ERR,ERR,ERR,ERR,ERR,ERR,ERR,ERR,ERR,ERR,ERR,ERR,ERR,ERR,ERR,ERR,ERR,ERR,ERR,ERR,ERR,ERR,ERR,ERR,ERR,ERR,ERR,ERR,ERR,ERR,ERR,ERR,ERR,ERR,ERR,ERR,ERR,ERR,ERR,ERR,ERR,ERR,ERR,ERR,ERR,ERR,ERR,ERR,ERR,ERR,ERR,ERR,ERR,ERR,ERR,ERR,ERR,ERR,ERR,ERR,ERR,ERR,ERR,ERR,ERR,ERR,ERR,ERR,ERR,ERR,ERR,ERR,0.0,0.0,2.7184217342447772e+23,2.7183478752108883e+23,-17542836912128.0,-11536.343,2.0710243158362798e+24,0.095,0,0,4,17326,7116,0.0,100,0.0,0.0,2.7183478752108883e+23,0.0,0.0,0,0,0,0,0.0,0,0,0,0,0,0,0,0,0,0,0,0,0,0,0,0,0,0,0,0,0,0,0,0,0,0,0,0,0,0,0,0,0,31,40,40,71,65476,0,300,0,0,8,21553,0.0,-107605600.0,0.0,0.0,0.0,0.0,0.0,0.0,0.0,0.0,0.0,0.0,0.0,0.0,0.0,0.0,0.0,0.0,0.0,0.0,0.0,0.0,0.0,-3.697069585392153e+19,0.0,0.0,0.0,0.0,0.0,0.0,5293.0,3.697190091866558e+19,6924.0,0.0,-0.0,2.004,2.004,0.0,0.0,0.0,0.0,69,-0.0,-0.0,0.0,0.0,0.0,0.0,0.0,0.0,0.0,0,0,0,0.0,0.0,0.0,0.0,0.0,0.0,0.0,0.0,0.0,0.0,0.0,0.0,0.0,0.0,0.0,0.0,0,-107875648.0,69,0.0,138,0.0,2.012,ERR,ERR,ERR,ERR,ERR,ERR,ERR,ERR,ERR,ERR,ERR,ERR,ERR,ERR,ERR,ERR,ERR,ERR,ERR,ERR,ERR,ERR,ERR,ERR,ERR,ERR,ERR,ERR,ERR,ERR,ERR,ERR,ERR,ERR,ERR,ERR,ERR,ERR,ERR,ERR,ERR,ERR,ERR,ERR,ERR,ERR,ERR,ERR,ERR,ERR,ERR,ERR,ERR,ERR,ERR,ERR,ERR,ERR,ERR,ERR,ERR,ERR,ERR,ERR,ERR,ERR,ERR,60.0,60.0,35,0.0,0.0,0.0,0.0,0.0,0.0,0.0,0.0,0.0,0.0,0.0,0.0,0.0,0.0,0.0,0.0,64.8,0,150,71,58,65476,0,65476,0,1,8,20529,65476,0,0,2621,60.0,0.0,0.0,0.0,0.0,0.0
2026-07-09T15:31:45,ERR,ERR,ERR,ERR,ERR,ERR,ERR,ERR,ERR,ERR,ERR,ERR,ERR,ERR,ERR,ERR,ERR,ERR,ERR,ERR,ERR,ERR,ERR,ERR,ERR,ERR,ERR,ERR,ERR,ERR,ERR,ERR,ERR,ERR,ERR,ERR,ERR,ERR,ERR,ERR,ERR,ERR,ERR,ERR,ERR,ERR,ERR,ERR,ERR,ERR,ERR,ERR,ERR,ERR,ERR,ERR,ERR,ERR,ERR,ERR,ERR,ERR,ERR,ERR,ERR,ERR,ERR,ERR,ERR,ERR,ERR,ERR,ERR,ERR,ERR,ERR,ERR,ERR,ERR,ERR,ERR,ERR,ERR,ERR,ERR,ERR,ERR,ERR,ERR,ERR,ERR,ERR,ERR,ERR,ERR,ERR,ERR,ERR,ERR,ERR,ERR,ERR,ERR,ERR,ERR,ERR,ERR,ERR,ERR,ERR,ERR,ERR,ERR,ERR,ERR,ERR,ERR,ERR,ERR,ERR,ERR,ERR,ERR,ERR,ERR,2.7184260577004195e+23,0.0,-0.0,0.0,-1.0657238740516143e+37,-0.001,3.7520070137274696e+18,-5.383,0,0,4,17330,7116,0.0,100,0.0,0.0,0.0,0.0,0.0,0,0,0,0,0.0,0,0,0,0,0,0,0,0,0,0,0,0,0,0,0,0,0,0,0,0,0,0,0,0,0,0,0,0,0,0,0,0,0,31,40,40,71,65476,0,300,0,0,8,21553,0.0,-107605600.0,0.0,0.0,0.0,0.0,0.0,0.0,0.0,0.0,0.0,0.0,0.0,0.0,0.0,0.0,0.0,0.0,0.0,0.0,0.0,0.0,2.004,2.004,0.0,0.0,0.0,0.0,0.0,0.0,5300.0,-131350.578,6937.0,2.7184260577004195e+23,0.0,2.004,2.004,0.0,0.0,0.0,0.0,69,-0.0,0.059,0.0,0.0,0.0,0.0,0.0,0.0,0.0,0,0,0,0.0,0.0,0.0,0.0,0.0,0.0,0.0,0.0,0.0,0.0,0.0,0.0,0.0,0.0,0.0,0.0,0,-107875648.0,69,0.0,138,0.0,2.012,ERR,ERR,ERR,ERR,ERR,ERR,ERR,ERR,ERR,ERR,ERR,ERR,ERR,ERR,ERR,ERR,ERR,ERR,ERR,ERR,ERR,ERR,ERR,ERR,ERR,ERR,ERR,ERR,ERR,ERR,ERR,ERR,ERR,ERR,ERR,ERR,ERR,ERR,ERR,ERR,ERR,ERR,ERR,ERR,ERR,ERR,ERR,ERR,ERR,ERR,ERR,ERR,ERR,ERR,ERR,ERR,ERR,ERR,ERR,ERR,ERR,ERR,ERR,ERR,ERR,ERR,ERR,60.0,60.0,35,0.0,0.0,0.0,0.0,0.0,0.0,0.0,0.0,0.0,0.0,0.0,0.0,0.0,0.0,0.0,0.0,64.8,0,150,71,58,65476,0,65476,0,1,8,20529,65476,0,0,2621,60.0,0.0,0.0,0.0,0.0,0.0
2026-07-09T15:31:46,ERR,ERR,ERR,ERR,ERR,ERR,ERR,ERR,ERR,ERR,ERR,ERR,ERR,ERR,ERR,ERR,ERR,ERR,ERR,ERR,ERR,ERR,ERR,ERR,ERR,ERR,ERR,ERR,ERR,ERR,ERR,ERR,ERR,ERR,ERR,ERR,ERR,ERR,ERR,ERR,ERR,ERR,ERR,ERR,ERR,ERR,ERR,ERR,ERR,ERR,ERR,ERR,ERR,ERR,ERR,ERR,ERR,ERR,ERR,ERR,ERR,ERR,ERR,ERR,ERR,ERR,ERR,ERR,ERR,ERR,ERR,ERR,ERR,ERR,ERR,ERR,ERR,ERR,ERR,ERR,ERR,ERR,ERR,ERR,ERR,ERR,ERR,ERR,ERR,ERR,ERR,ERR,ERR,ERR,ERR,ERR,ERR,ERR,ERR,ERR,ERR,ERR,ERR,ERR,ERR,ERR,ERR,ERR,ERR,ERR,ERR,ERR,ERR,ERR,ERR,ERR,ERR,ERR,ERR,ERR,ERR,ERR,ERR,ERR,ERR,2.7184260577004195e+23,0.0,-0.0,0.0,-1.0657238740516143e+37,-0.001,3.7520070137274696e+18,-5.383,0,0,4,17330,7116,0.0,100,0.0,0.0,0.0,0.0,0.0,0,0,0,0,0.0,0,0,0,0,0,0,0,0,0,0,0,0,0,0,0,0,0,0,0,0,0,0,0,0,0,0,0,0,0,0,0,0,0,31,40,40,71,65476,0,300,0,0,8,21553,0.0,-107605600.0,0.0,0.0,0.0,0.0,0.0,0.0,0.0,0.0,0.0,0.0,0.0,0.0,0.0,0.0,0.0,0.0,0.0,0.0,0.0,0.0,2.004,2.004,0.0,0.0,0.0,0.0,0.0,0.0,5300.0,-131350.578,6937.0,2.7184260577004195e+23,0.0,2.004,2.004,0.0,0.0,0.0,0.0,69,-0.0,0.059,0.0,0.0,0.0,0.0,0.0,0.0,0.0,0,0,0,0.0,0.0,0.0,0.0,0.0,0.0,0.0,0.0,0.0,0.0,0.0,0.0,0.0,0.0,0.0,0.0,0,-107875648.0,69,0.0,138,0.0,2.012,ERR,ERR,ERR,ERR,ERR,ERR,ERR,ERR,ERR,ERR,ERR,ERR,ERR,ERR,ERR,ERR,ERR,ERR,ERR,ERR,ERR,ERR,ERR,ERR,ERR,ERR,ERR,ERR,ERR,ERR,ERR,ERR,ERR,ERR,ERR,ERR,ERR,ERR,ERR,ERR,ERR,ERR,ERR,ERR,ERR,ERR,ERR,ERR,ERR,ERR,ERR,ERR,ERR,ERR,ERR,ERR,ERR,ERR,ERR,ERR,ERR,ERR,ERR,ERR,ERR,ERR,ERR,60.0,60.0,35,0.0,0.0,0.0,0.0,0.0,0.0,0.0,0.0,0.0,0.0,0.0,0.0,0.0,0.0,0.0,0.0,64.8,0,150,71,58,65476,0,65476,0,1,8,20529,65476,0,0,2621,60.0,0.0,0.0,0.0,0.0,0.0
2026-07-09T15:31:47,ERR,ERR,ERR,ERR,ERR,ERR,ERR,ERR,ERR,ERR,ERR,ERR,ERR,ERR,ERR,ERR,ERR,ERR,ERR,ERR,ERR,ERR,ERR,ERR,ERR,ERR,ERR,ERR,ERR,ERR,ERR,ERR,ERR,ERR,ERR,ERR,ERR,ERR,ERR,ERR,ERR,ERR,ERR,ERR,ERR,ERR,ERR,ERR,ERR,ERR,ERR,ERR,ERR,ERR,ERR,ERR,ERR,ERR,ERR,ERR,ERR,ERR,ERR,ERR,ERR,ERR,ERR,ERR,ERR,ERR,ERR,ERR,ERR,ERR,ERR,ERR,ERR,ERR,ERR,ERR,ERR,ERR,ERR,ERR,ERR,ERR,ERR,ERR,ERR,ERR,ERR,ERR,ERR,ERR,ERR,ERR,ERR,ERR,ERR,ERR,ERR,ERR,ERR,ERR,ERR,ERR,ERR,ERR,ERR,ERR,ERR,ERR,ERR,ERR,ERR,ERR,ERR,ERR,ERR,ERR,ERR,ERR,ERR,ERR,ERR,2.7184260577004195e+23,0.0,-0.0,0.0,-1.0657238740516143e+37,-0.001,3.7520070137274696e+18,-5.383,0,0,4,17330,7116,0.0,100,0.0,0.0,0.0,0.0,0.0,0,0,0,0,0.0,0,0,0,0,0,0,0,0,0,0,0,0,0,0,0,0,0,0,0,0,0,0,0,0,0,0,0,0,0,0,0,0,0,31,40,40,71,65476,0,300,0,0,8,21553,0.0,-107605600.0,0.0,0.0,0.0,0.0,0.0,0.0,0.0,0.0,0.0,0.0,0.0,0.0,0.0,0.0,0.0,0.0,0.0,0.0,0.0,0.0,2.004,2.004,0.0,0.0,0.0,0.0,0.0,0.0,5300.0,-131350.578,6937.0,2.7184260577004195e+23,0.0,2.004,2.004,0.0,0.0,0.0,0.0,69,-0.0,0.059,0.0,0.0,0.0,0.0,0.0,0.0,0.0,0,0,0,0.0,0.0,0.0,0.0,0.0,0.0,0.0,0.0,0.0,0.0,0.0,0.0,0.0,0.0,0.0,0.0,0,-107875648.0,69,0.0,138,0.0,2.012,ERR,ERR,ERR,ERR,ERR,ERR,ERR,ERR,ERR,ERR,ERR,ERR,ERR,ERR,ERR,ERR,ERR,ERR,ERR,ERR,ERR,ERR,ERR,ERR,ERR,ERR,ERR,ERR,ERR,ERR,ERR,ERR,ERR,ERR,ERR,ERR,ERR,ERR,ERR,ERR,ERR,ERR,ERR,ERR,ERR,ERR,ERR,ERR,ERR,ERR,ERR,ERR,ERR,ERR,ERR,ERR,ERR,ERR,ERR,ERR,ERR,ERR,ERR,ERR,ERR,ERR,ERR,60.0,60.0,35,0.0,0.0,0.0,0.0,0.0,0.0,0.0,0.0,0.0,0.0,0.0,0.0,0.0,0.0,0.0,0.0,64.8,0,150,71,58,65476,0,65476,0,1,8,20529,65476,0,0,2621,60.0,0.0,0.0,0.0,0.0,0.0
2026-07-09T15:31:48,ERR,ERR,ERR,ERR,ERR,ERR,ERR,ERR,ERR,ERR,ERR,ERR,ERR,ERR,ERR,ERR,ERR,ERR,ERR,ERR,ERR,ERR,ERR,ERR,ERR,ERR,ERR,ERR,ERR,ERR,ERR,ERR,ERR,ERR,ERR,ERR,ERR,ERR,ERR,ERR,ERR,ERR,ERR,ERR,ERR,ERR,ERR,ERR,ERR,ERR,ERR,ERR,ERR,ERR,ERR,ERR,ERR,ERR,ERR,ERR,ERR,ERR,ERR,ERR,ERR,ERR,ERR,ERR,ERR,ERR,ERR,ERR,ERR,ERR,ERR,ERR,ERR,ERR,ERR,ERR,ERR,ERR,ERR,ERR,ERR,ERR,ERR,ERR,ERR,ERR,ERR,ERR,ERR,ERR,ERR,ERR,ERR,ERR,ERR,ERR,ERR,ERR,ERR,ERR,ERR,ERR,ERR,ERR,ERR,ERR,ERR,ERR,ERR,ERR,ERR,ERR,ERR,ERR,ERR,ERR,ERR,ERR,ERR,ERR,ERR,2.7184260577004195e+23,0.0,-0.0,0.0,-1.0657238740516143e+37,-0.001,3.7520070137274696e+18,-5.383,0,0,4,17330,7116,0.0,100,0.0,0.0,0.0,0.0,0.0,0,0,0,0,0.0,0,0,0,0,0,0,0,0,0,0,0,0,0,0,0,0,0,0,0,0,0,0,0,0,0,0,0,0,0,0,0,0,0,31,40,40,71,65476,0,300,0,0,8,21553,0.0,-107605600.0,0.0,0.0,0.0,0.0,0.0,0.0,0.0,0.0,0.0,0.0,0.0,0.0,0.0,0.0,0.0,0.0,0.0,0.0,0.0,0.0,2.004,2.004,0.0,0.0,0.0,0.0,0.0,0.0,5300.0,-131350.578,6937.0,2.7184260577004195e+23,0.0,2.004,2.004,0.0,0.0,0.0,0.0,69,-0.0,0.059,0.0,0.0,0.0,0.0,0.0,0.0,0.0,0,0,0,0.0,0.0,0.0,0.0,0.0,0.0,0.0,0.0,0.0,0.0,0.0,0.0,0.0,0.0,0.0,0.0,0,-107875648.0,69,0.0,138,0.0,2.012,ERR,ERR,ERR,ERR,ERR,ERR,ERR,ERR,ERR,ERR,ERR,ERR,ERR,ERR,ERR,ERR,ERR,ERR,ERR,ERR,ERR,ERR,ERR,ERR,ERR,ERR,ERR,ERR,ERR,ERR,ERR,ERR,ERR,ERR,ERR,ERR,ERR,ERR,ERR,ERR,ERR,ERR,ERR,ERR,ERR,ERR,ERR,ERR,ERR,ERR,ERR,ERR,ERR,ERR,ERR,ERR,ERR,ERR,ERR,ERR,ERR,ERR,ERR,ERR,ERR,ERR,ERR,60.0,60.0,35,0.0,0.0,0.0,0.0,0.0,0.0,0.0,0.0,0.0,0.0,0.0,0.0,0.0,0.0,0.0,0.0,64.8,0,150,71,58,65476,0,65476,0,1,8,20529,65476,0,0,2621,60.0,0.0,0.0,0.0,0.0,0.0
2026-07-09T15:31:49,ERR,ERR,ERR,ERR,ERR,ERR,ERR,ERR,ERR,ERR,ERR,ERR,ERR,ERR,ERR,ERR,ERR,ERR,ERR,ERR,ERR,ERR,ERR,ERR,ERR,ERR,ERR,ERR,ERR,ERR,ERR,ERR,ERR,ERR,ERR,ERR,ERR,ERR,ERR,ERR,ERR,ERR,ERR,ERR,ERR,ERR,ERR,ERR,ERR,ERR,ERR,ERR,ERR,ERR,ERR,ERR,ERR,ERR,ERR,ERR,ERR,ERR,ERR,ERR,ERR,ERR,ERR,ERR,ERR,ERR,ERR,ERR,ERR,ERR,ERR,ERR,ERR,ERR,ERR,ERR,ERR,ERR,ERR,ERR,ERR,ERR,ERR,ERR,ERR,ERR,ERR,ERR,ERR,ERR,ERR,ERR,ERR,ERR,ERR,ERR,ERR,ERR,ERR,ERR,ERR,ERR,ERR,ERR,ERR,ERR,ERR,ERR,ERR,ERR,ERR,ERR,ERR,ERR,ERR,ERR,ERR,ERR,ERR,ERR,ERR,2.7184260577004195e+23,0.0,-0.0,0.0,-1.0657238740516143e+37,-0.001,3.7520070137274696e+18,-5.383,0,0,4,17330,7116,0.0,100,0.0,0.0,0.0,0.0,0.0,0,0,0,0,0.0,0,0,0,0,0,0,0,0,0,0,0,0,0,0,0,0,0,0,0,0,0,0,0,0,0,0,0,0,0,0,0,0,0,31,40,40,71,65476,0,300,0,0,8,21553,0.0,-107605600.0,0.0,0.0,0.0,0.0,0.0,0.0,0.0,0.0,0.0,0.0,0.0,0.0,0.0,0.0,0.0,0.0,0.0,0.0,0.0,0.0,2.004,2.004,0.0,0.0,0.0,0.0,0.0,0.0,5300.0,-131350.578,6937.0,2.7184260577004195e+23,0.0,2.004,2.004,0.0,0.0,0.0,0.0,69,-0.0,0.059,0.0,0.0,0.0,0.0,0.0,0.0,0.0,0,0,0,0.0,0.0,0.0,0.0,0.0,0.0,0.0,0.0,0.0,0.0,0.0,0.0,0.0,0.0,0.0,0.0,0,-107875648.0,69,0.0,138,0.0,2.012,ERR,ERR,ERR,ERR,ERR,ERR,ERR,ERR,ERR,ERR,ERR,ERR,ERR,ERR,ERR,ERR,ERR,ERR,ERR,ERR,ERR,ERR,ERR,ERR,ERR,ERR,ERR,ERR,ERR,ERR,ERR,ERR,ERR,ERR,ERR,ERR,ERR,ERR,ERR,ERR,ERR,ERR,ERR,ERR,ERR,ERR,ERR,ERR,ERR,ERR,ERR,ERR,ERR,ERR,ERR,ERR,ERR,ERR,ERR,ERR,ERR,ERR,ERR,ERR,ERR,ERR,ERR,60.0,60.0,35,0.0,0.0,0.0,0.0,0.0,0.0,0.0,0.0,0.0,0.0,0.0,0.0,0.0,0.0,0.0,0.0,65.2,0,150,71,58,65476,0,65476,0,1,8,20529,65476,0,0,2621,60.0,0.0,0.0,0.0,0.0,0.0
2026-07-09T15:31:50,ERR,ERR,ERR,ERR,ERR,ERR,ERR,ERR,ERR,ERR,ERR,ERR,ERR,ERR,ERR,ERR,ERR,ERR,ERR,ERR,ERR,ERR,ERR,ERR,ERR,ERR,ERR,ERR,ERR,ERR,ERR,ERR,ERR,ERR,ERR,ERR,ERR,ERR,ERR,ERR,ERR,ERR,ERR,ERR,ERR,ERR,ERR,ERR,ERR,ERR,ERR,ERR,ERR,ERR,ERR,ERR,ERR,ERR,ERR,ERR,ERR,ERR,ERR,ERR,ERR,ERR,ERR,ERR,ERR,ERR,ERR,ERR,ERR,ERR,ERR,ERR,ERR,ERR,ERR,ERR,ERR,ERR,ERR,ERR,ERR,ERR,ERR,ERR,ERR,ERR,ERR,ERR,ERR,ERR,ERR,ERR,ERR,ERR,ERR,ERR,ERR,ERR,ERR,ERR,ERR,ERR,ERR,ERR,ERR,ERR,ERR,ERR,ERR,ERR,ERR,ERR,ERR,ERR,ERR,ERR,ERR,ERR,ERR,ERR,ERR,2.7184260577004195e+23,-107616104.0,0.0,0.0,0.0,-0.0,0.0,-0.0,0,0,4,17325,7116,0.0,100,0.0,0.0,0.0,0.0,0.0,0,0,0,0,0.0,0,0,0,0,0,0,0,0,0,0,0,0,0,0,0,0,0,0,0,0,0,0,0,0,0,0,0,0,0,0,0,0,0,31,40,40,71,65476,0,300,0,0,8,21553,0.0,-107605600.0,0.0,0.0,0.0,0.0,0.0,0.0,0.0,0.0,0.0,0.0,0.0,0.0,0.0,0.0,0.0,0.0,0.0,0.0,0.0,0.0,2.004,-0.0,0.0,0.0,0.0,0.0,0.0,0.0,5336.0,564146504466432.0,6923.0,-107615168.0,-107616104.0,2.004,2.004,0.0,0.0,0.0,0.0,69,-107615368.0,0.0,0.0,0.0,0.0,0.0,0.0,0.0,0.0,0,0,0,0.0,0.0,0.0,0.0,0.0,0.0,0.0,0.0,0.0,0.0,0.0,0.0,0.0,0.0,0.0,0.0,0,-107875648.0,69,0.0,138,0.0,2.012,ERR,ERR,ERR,ERR,ERR,ERR,ERR,ERR,ERR,ERR,ERR,ERR,ERR,ERR,ERR,ERR,ERR,ERR,ERR,ERR,ERR,ERR,ERR,ERR,ERR,ERR,ERR,ERR,ERR,ERR,ERR,ERR,ERR,ERR,ERR,ERR,ERR,ERR,ERR,ERR,ERR,ERR,ERR,ERR,ERR,ERR,ERR,ERR,ERR,ERR,ERR,ERR,ERR,ERR,ERR,ERR,ERR,ERR,ERR,ERR,ERR,ERR,ERR,ERR,ERR,ERR,ERR,60.0,60.0,35,0.0,0.0,0.0,0.0,0.0,0.0,0.0,0.0,0.0,0.0,0.0,0.0,0.0,0.0,0.0,0.0,64.8,0,150,71,58,65476,0,65476,0,1,8,20529,65476,0,0,2621,60.0,0.0,0.0,0.0,0.0,0.0
2026-07-09T15:31:51,ERR,ERR,ERR,ERR,ERR,ERR,ERR,ERR,ERR,ERR,ERR,ERR,ERR,ERR,ERR,ERR,ERR,ERR,ERR,ERR,ERR,ERR,ERR,ERR,ERR,ERR,ERR,ERR,ERR,ERR,ERR,ERR,ERR,ERR,ERR,ERR,ERR,ERR,ERR,ERR,ERR,ERR,ERR,ERR,ERR,ERR,ERR,ERR,ERR,ERR,ERR,ERR,ERR,ERR,ERR,ERR,ERR,ERR,ERR,ERR,ERR,ERR,ERR,ERR,ERR,ERR,ERR,ERR,ERR,ERR,ERR,ERR,ERR,ERR,ERR,ERR,ERR,ERR,ERR,ERR,ERR,ERR,ERR,ERR,ERR,ERR,ERR,ERR,ERR,ERR,ERR,ERR,ERR,ERR,ERR,ERR,ERR,ERR,ERR,ERR,ERR,ERR,ERR,ERR,ERR,ERR,ERR,ERR,ERR,ERR,ERR,ERR,ERR,ERR,ERR,ERR,ERR,ERR,ERR,ERR,ERR,ERR,ERR,ERR,ERR,2.7184260577004195e+23,-107616104.0,0.0,0.0,0.0,-0.0,0.0,-0.0,0,0,4,17325,7116,0.0,100,0.0,0.0,0.0,0.0,0.0,0,0,0,0,0.0,0,0,0,0,0,0,0,0,0,0,0,0,0,0,0,0,0,0,0,0,0,0,0,0,0,0,0,0,0,0,0,0,0,31,40,40,71,65476,0,300,0,0,8,21553,0.0,-107605600.0,0.0,0.0,0.0,0.0,0.0,0.0,0.0,0.0,0.0,0.0,0.0,0.0,0.0,0.0,0.0,0.0,0.0,0.0,0.0,0.0,2.004,-0.0,0.0,0.0,0.0,0.0,0.0,0.0,5336.0,564146504466432.0,6923.0,-107615168.0,-107616104.0,2.004,2.004,0.0,0.0,0.0,0.0,69,-107615368.0,0.0,0.0,0.0,0.0,0.0,0.0,0.0,0.0,0,0,0,0.0,0.0,0.0,0.0,0.0,0.0,0.0,0.0,0.0,0.0,0.0,0.0,0.0,0.0,0.0,0.0,0,-107875648.0,69,0.0,138,0.0,2.012,ERR,ERR,ERR,ERR,ERR,ERR,ERR,ERR,ERR,ERR,ERR,ERR,ERR,ERR,ERR,ERR,ERR,ERR,ERR,ERR,ERR,ERR,ERR,ERR,ERR,ERR,ERR,ERR,ERR,ERR,ERR,ERR,ERR,ERR,ERR,ERR,ERR,ERR,ERR,ERR,ERR,ERR,ERR,ERR,ERR,ERR,ERR,ERR,ERR,ERR,ERR,ERR,ERR,ERR,ERR,ERR,ERR,ERR,ERR,ERR,ERR,ERR,ERR,ERR,ERR,ERR,ERR,60.0,60.0,35,0.0,0.0,0.0,0.0,0.0,0.0,0.0,0.0,0.0,0.0,0.0,0.0,0.0,0.0,0.0,0.0,64.8,0,150,71,58,65476,0,65476,0,1,8,20529,65476,0,0,2621,60.0,0.0,0.0,0.0,0.0,0.0
2026-07-09T15:31:52,ERR,ERR,ERR,ERR,ERR,ERR,ERR,ERR,ERR,ERR,ERR,ERR,ERR,ERR,ERR,ERR,ERR,ERR,ERR,ERR,ERR,ERR,ERR,ERR,ERR,ERR,ERR,ERR,ERR,ERR,ERR,ERR,ERR,ERR,ERR,ERR,ERR,ERR,ERR,ERR,ERR,ERR,ERR,ERR,ERR,ERR,ERR,ERR,ERR,ERR,ERR,ERR,ERR,ERR,ERR,ERR,ERR,ERR,ERR,ERR,ERR,ERR,ERR,ERR,ERR,ERR,ERR,ERR,ERR,ERR,ERR,ERR,ERR,ERR,ERR,ERR,ERR,ERR,ERR,ERR,ERR,ERR,ERR,ERR,ERR,ERR,ERR,ERR,ERR,ERR,ERR,ERR,ERR,ERR,ERR,ERR,ERR,ERR,ERR,ERR,ERR,ERR,ERR,ERR,ERR,ERR,ERR,ERR,ERR,ERR,ERR,ERR,ERR,ERR,ERR,ERR,ERR,ERR,ERR,ERR,ERR,ERR,ERR,ERR,ERR,2.7184260577004195e+23,-107616104.0,0.0,0.0,0.0,-0.0,0.0,-0.0,0,0,4,17325,7116,0.0,100,0.0,0.0,0.0,0.0,0.0,0,0,0,0,0.0,0,0,0,0,0,0,0,0,0,0,0,0,0,0,0,0,0,0,0,0,0,0,0,0,0,0,0,0,0,0,0,0,0,31,40,40,71,65476,0,300,0,0,8,21553,0.0,-107605600.0,0.0,0.0,0.0,0.0,0.0,0.0,0.0,0.0,0.0,0.0,0.0,0.0,0.0,0.0,0.0,0.0,0.0,0.0,0.0,0.0,2.004,-0.0,0.0,0.0,0.0,0.0,0.0,0.0,5336.0,564146504466432.0,6923.0,-107615168.0,-107616104.0,2.004,2.004,0.0,0.0,0.0,0.0,69,-107615368.0,0.0,0.0,0.0,0.0,0.0,0.0,0.0,0.0,0,0,0,0.0,0.0,0.0,0.0,0.0,0.0,0.0,0.0,0.0,0.0,0.0,0.0,0.0,0.0,0.0,0.0,0,-107875648.0,69,0.0,138,0.0,2.012,ERR,ERR,ERR,ERR,ERR,ERR,ERR,ERR,ERR,ERR,ERR,ERR,ERR,ERR,ERR,ERR,ERR,ERR,ERR,ERR,ERR,ERR,ERR,ERR,ERR,ERR,ERR,ERR,ERR,ERR,ERR,ERR,ERR,ERR,ERR,ERR,ERR,ERR,ERR,ERR,ERR,ERR,ERR,ERR,ERR,ERR,ERR,ERR,ERR,ERR,ERR,ERR,ERR,ERR,ERR,ERR,ERR,ERR,ERR,ERR,ERR,ERR,ERR,ERR,ERR,ERR,ERR,60.0,60.0,35,0.0,0.0,0.0,0.0,0.0,0.0,0.0,0.0,0.0,0.0,0.0,0.0,0.0,0.0,0.0,0.0,65.2,0,150,71,58,65476,0,65476,0,1,8,20529,65476,0,0,2621,60.0,0.0,0.0,0.0,0.0,0.0
2026-07-09T15:31:53,ERR,ERR,ERR,ERR,ERR,ERR,ERR,ERR,ERR,ERR,ERR,ERR,ERR,ERR,ERR,ERR,ERR,ERR,ERR,ERR,ERR,ERR,ERR,ERR,ERR,ERR,ERR,ERR,ERR,ERR,ERR,ERR,ERR,ERR,ERR,ERR,ERR,ERR,ERR,ERR,ERR,ERR,ERR,ERR,ERR,ERR,ERR,ERR,ERR,ERR,ERR,ERR,ERR,ERR,ERR,ERR,ERR,ERR,ERR,ERR,ERR,ERR,ERR,ERR,ERR,ERR,ERR,ERR,ERR,ERR,ERR,ERR,ERR,ERR,ERR,ERR,ERR,ERR,ERR,ERR,ERR,ERR,ERR,ERR,ERR,ERR,ERR,ERR,ERR,ERR,ERR,ERR,ERR,ERR,ERR,ERR,ERR,ERR,ERR,ERR,ERR,ERR,ERR,ERR,ERR,ERR,ERR,ERR,ERR,ERR,ERR,ERR,ERR,ERR,ERR,ERR,ERR,ERR,ERR,ERR,ERR,ERR,ERR,ERR,ERR,2.7184260577004195e+23,-107616104.0,0.0,0.0,0.0,-0.0,0.0,-0.0,0,0,4,17325,7116,0.0,100,0.0,0.0,0.0,0.0,0.0,0,0,0,0,0.0,0,0,0,0,0,0,0,0,0,0,0,0,0,0,0,0,0,0,0,0,0,0,0,0,0,0,0,0,0,0,0,0,0,31,40,40,71,65476,0,300,0,0,8,21553,0.0,-107605600.0,0.0,0.0,0.0,0.0,0.0,0.0,0.0,0.0,0.0,0.0,0.0,0.0,0.0,0.0,0.0,0.0,0.0,0.0,0.0,0.0,2.004,-0.0,0.0,0.0,0.0,0.0,0.0,0.0,5336.0,564146504466432.0,6923.0,-107615168.0,-107616104.0,2.004,2.004,0.0,0.0,0.0,0.0,69,-107615368.0,0.0,0.0,0.0,0.0,0.0,0.0,0.0,0.0,0,0,0,0.0,0.0,0.0,0.0,0.0,0.0,0.0,0.0,0.0,0.0,0.0,0.0,0.0,0.0,0.0,0.0,0,-107875648.0,69,0.0,138,0.0,2.012,ERR,ERR,ERR,ERR,ERR,ERR,ERR,ERR,ERR,ERR,ERR,ERR,ERR,ERR,ERR,ERR,ERR,ERR,ERR,ERR,ERR,ERR,ERR,ERR,ERR,ERR,ERR,ERR,ERR,ERR,ERR,ERR,ERR,ERR,ERR,ERR,ERR,ERR,ERR,ERR,ERR,ERR,ERR,ERR,ERR,ERR,ERR,ERR,ERR,ERR,ERR,ERR,ERR,ERR,ERR,ERR,ERR,ERR,ERR,ERR,ERR,ERR,ERR,ERR,ERR,ERR,ERR,60.0,60.0,35,0.0,0.0,0.0,0.0,0.0,0.0,0.0,0.0,0.0,0.0,0.0,0.0,0.0,0.0,0.0,0.0,65.2,0,150,71,58,65476,0,65476,0,1,8,20529,65476,0,0,2621,60.0,0.0,0.0,0.0,0.0,0.0
2026-07-09T15:31:54,ERR,ERR,ERR,ERR,ERR,ERR,ERR,ERR,ERR,ERR,ERR,ERR,ERR,ERR,ERR,ERR,ERR,ERR,ERR,ERR,ERR,ERR,ERR,ERR,ERR,ERR,ERR,ERR,ERR,ERR,ERR,ERR,ERR,ERR,ERR,ERR,ERR,ERR,ERR,ERR,ERR,ERR,ERR,ERR,ERR,ERR,ERR,ERR,ERR,ERR,ERR,ERR,ERR,ERR,ERR,ERR,ERR,ERR,ERR,ERR,ERR,ERR,ERR,ERR,ERR,ERR,ERR,ERR,ERR,ERR,ERR,ERR,ERR,ERR,ERR,ERR,ERR,ERR,ERR,ERR,ERR,ERR,ERR,ERR,ERR,ERR,ERR,ERR,ERR,ERR,ERR,ERR,ERR,ERR,ERR,ERR,ERR,ERR,ERR,ERR,ERR,ERR,ERR,ERR,ERR,ERR,ERR,ERR,ERR,ERR,ERR,ERR,ERR,ERR,ERR,ERR,ERR,ERR,ERR,ERR,ERR,ERR,ERR,ERR,ERR,2.7184260577004195e+23,-107616104.0,0.0,0.0,0.0,-0.0,0.0,-0.0,0,0,4,17325,7116,0.0,100,0.0,0.0,0.0,0.0,0.0,0,0,0,0,0.0,0,0,0,0,0,0,0,0,0,0,0,0,0,0,0,0,0,0,0,0,0,0,0,0,0,0,0,0,0,0,0,0,0,31,40,40,71,65476,0,300,0,0,8,21553,0.0,-107605600.0,0.0,0.0,0.0,0.0,0.0,0.0,0.0,0.0,0.0,0.0,0.0,0.0,0.0,0.0,0.0,0.0,0.0,0.0,0.0,0.0,2.004,-0.0,0.0,0.0,0.0,0.0,0.0,0.0,5336.0,564146504466432.0,6923.0,-107615168.0,-107616104.0,2.004,2.004,0.0,0.0,0.0,0.0,69,-107615368.0,0.0,0.0,0.0,0.0,0.0,0.0,0.0,0.0,0,0,0,0.0,0.0,0.0,0.0,0.0,0.0,0.0,0.0,0.0,0.0,0.0,0.0,0.0,0.0,0.0,0.0,0,-107875648.0,69,0.0,138,0.0,2.012,ERR,ERR,ERR,ERR,ERR,ERR,ERR,ERR,ERR,ERR,ERR,ERR,ERR,ERR,ERR,ERR,ERR,ERR,ERR,ERR,ERR,ERR,ERR,ERR,ERR,ERR,ERR,ERR,ERR,ERR,ERR,ERR,ERR,ERR,ERR,ERR,ERR,ERR,ERR,ERR,ERR,ERR,ERR,ERR,ERR,ERR,ERR,ERR,ERR,ERR,ERR,ERR,ERR,ERR,ERR,ERR,ERR,ERR,ERR,ERR,ERR,ERR,ERR,ERR,ERR,ERR,ERR,60.0,60.0,35,0.0,0.0,0.0,0.0,0.0,0.0,0.0,0.0,0.0,0.0,0.0,0.0,0.0,0.0,0.0,0.0,64.8,0,150,71,58,65476,0,65476,0,1,8,20529,65476,0,0,2621,60.0,0.0,0.0,0.0,0.0,0.0
2026-07-09T15:31:55,ERR,ERR,ERR,ERR,ERR,ERR,ERR,ERR,ERR,ERR,ERR,ERR,ERR,ERR,ERR,ERR,ERR,ERR,ERR,ERR,ERR,ERR,ERR,ERR,ERR,ERR,ERR,ERR,ERR,ERR,ERR,ERR,ERR,ERR,ERR,ERR,ERR,ERR,ERR,ERR,ERR,ERR,ERR,ERR,ERR,ERR,ERR,ERR,ERR,ERR,ERR,ERR,ERR,ERR,ERR,ERR,ERR,ERR,ERR,ERR,ERR,ERR,ERR,ERR,ERR,ERR,ERR,ERR,ERR,ERR,ERR,ERR,ERR,ERR,ERR,ERR,ERR,ERR,ERR,ERR,ERR,ERR,ERR,ERR,ERR,ERR,ERR,ERR,ERR,ERR,ERR,ERR,ERR,ERR,ERR,ERR,ERR,ERR,ERR,ERR,ERR,ERR,ERR,ERR,ERR,ERR,ERR,ERR,ERR,ERR,ERR,ERR,ERR,ERR,ERR,ERR,ERR,ERR,ERR,ERR,ERR,ERR,ERR,ERR,ERR,-107615168.0,0.0,-0.0,0.0,-0.0,0.0,-0.055,-0.0,0,0,4,17326,7116,0.0,100,0.0,0.0,0.0,0.0,0.0,0,0,0,0,0.0,0,0,0,0,0,0,0,0,0,0,0,0,0,0,0,0,0,0,0,0,0,0,0,0,0,0,0,0,0,0,0,0,0,31,40,40,71,65476,0,300,0,0,8,21553,0.0,-107605600.0,0.0,0.0,0.0,0.0,0.0,0.0,0.0,0.0,0.0,0.0,0.0,0.0,0.0,0.0,0.0,0.0,0.0,0.0,0.0,0.0,-0.0,0.0,0.0,0.0,0.0,0.0,0.0,0.0,5312.0,-1.5879312420608694e+29,6942.0,-107615168.0,2.7184473146906606e+23,2.004,2.004,0.0,0.0,0.0,0.0,69,-3.222029699490115e+26,-0.0,0.0,0.0,0.0,0.0,0.0,0.0,0.0,0,0,0,0.0,0.0,0.0,0.0,0.0,0.0,0.0,0.0,0.0,0.0,0.0,0.0,0.0,0.0,0.0,0.0,0,-107875648.0,69,0.0,138,0.0,2.012,ERR,ERR,ERR,ERR,ERR,ERR,ERR,ERR,ERR,ERR,ERR,ERR,ERR,ERR,ERR,ERR,ERR,ERR,ERR,ERR,ERR,ERR,ERR,ERR,ERR,ERR,ERR,ERR,ERR,ERR,ERR,ERR,ERR,ERR,ERR,ERR,ERR,ERR,ERR,ERR,ERR,ERR,ERR,ERR,ERR,ERR,ERR,ERR,ERR,ERR,ERR,ERR,ERR,ERR,ERR,ERR,ERR,ERR,ERR,ERR,ERR,ERR,ERR,ERR,ERR,ERR,ERR,60.0,60.0,35,0.0,0.0,0.0,0.0,0.0,0.0,0.0,0.0,0.0,0.0,0.0,0.0,0.0,0.0,0.0,0.0,65.2,0,150,71,58,65476,0,65476,0,1,8,20529,65476,0,0,2621,60.0,0.0,0.0,0.0,0.0,0.0
2026-07-09T15:31:56,ERR,ERR,ERR,ERR,ERR,ERR,ERR,ERR,ERR,ERR,ERR,ERR,ERR,ERR,ERR,ERR,ERR,ERR,ERR,ERR,ERR,ERR,ERR,ERR,ERR,ERR,ERR,ERR,ERR,ERR,ERR,ERR,ERR,ERR,ERR,ERR,ERR,ERR,ERR,ERR,ERR,ERR,ERR,ERR,ERR,ERR,ERR,ERR,ERR,ERR,ERR,ERR,ERR,ERR,ERR,ERR,ERR,ERR,ERR,ERR,ERR,ERR,ERR,ERR,ERR,ERR,ERR,ERR,ERR,ERR,ERR,ERR,ERR,ERR,ERR,ERR,ERR,ERR,ERR,ERR,ERR,ERR,ERR,ERR,ERR,ERR,ERR,ERR,ERR,ERR,ERR,ERR,ERR,ERR,ERR,ERR,ERR,ERR,ERR,ERR,ERR,ERR,ERR,ERR,ERR,ERR,ERR,ERR,ERR,ERR,ERR,ERR,ERR,ERR,ERR,ERR,ERR,ERR,ERR,ERR,ERR,ERR,ERR,ERR,ERR,-107615168.0,0.0,-0.0,0.0,-0.0,0.0,-0.055,-0.0,0,0,4,17326,7116,0.0,100,0.0,0.0,0.0,0.0,0.0,0,0,0,0,0.0,0,0,0,0,0,0,0,0,0,0,0,0,0,0,0,0,0,0,0,0,0,0,0,0,0,0,0,0,0,0,0,0,0,31,40,40,71,65476,0,300,0,0,8,21553,0.0,-107605600.0,0.0,0.0,0.0,0.0,0.0,0.0,0.0,0.0,0.0,0.0,0.0,0.0,0.0,0.0,0.0,0.0,0.0,0.0,0.0,0.0,-0.0,0.0,0.0,0.0,0.0,0.0,0.0,0.0,5312.0,-1.5879312420608694e+29,6942.0,-107615168.0,2.7184473146906606e+23,2.004,2.004,0.0,0.0,0.0,0.0,69,-3.222029699490115e+26,-0.0,0.0,0.0,0.0,0.0,0.0,0.0,0.0,0,0,0,0.0,0.0,0.0,0.0,0.0,0.0,0.0,0.0,0.0,0.0,0.0,0.0,0.0,0.0,0.0,0.0,0,-107875648.0,69,0.0,138,0.0,2.012,ERR,ERR,ERR,ERR,ERR,ERR,ERR,ERR,ERR,ERR,ERR,ERR,ERR,ERR,ERR,ERR,ERR,ERR,ERR,ERR,ERR,ERR,ERR,ERR,ERR,ERR,ERR,ERR,ERR,ERR,ERR,ERR,ERR,ERR,ERR,ERR,ERR,ERR,ERR,ERR,ERR,ERR,ERR,ERR,ERR,ERR,ERR,ERR,ERR,ERR,ERR,ERR,ERR,ERR,ERR,ERR,ERR,ERR,ERR,ERR,ERR,ERR,ERR,ERR,ERR,ERR,ERR,60.0,60.0,35,0.0,0.0,0.0,0.0,0.0,0.0,0.0,0.0,0.0,0.0,0.0,0.0,0.0,0.0,0.0,0.0,65.2,0,150,71,58,65476,0,65476,0,1,8,20529,65476,0,0,2621,60.0,0.0,0.0,0.0,0.0,0.0
2026-07-09T15:31:57,ERR,ERR,ERR,ERR,ERR,ERR,ERR,ERR,ERR,ERR,ERR,ERR,ERR,ERR,ERR,ERR,ERR,ERR,ERR,ERR,ERR,ERR,ERR,ERR,ERR,ERR,ERR,ERR,ERR,ERR,ERR,ERR,ERR,ERR,ERR,ERR,ERR,ERR,ERR,ERR,ERR,ERR,ERR,ERR,ERR,ERR,ERR,ERR,ERR,ERR,ERR,ERR,ERR,ERR,ERR,ERR,ERR,ERR,ERR,ERR,ERR,ERR,ERR,ERR,ERR,ERR,ERR,ERR,ERR,ERR,ERR,ERR,ERR,ERR,ERR,ERR,ERR,ERR,ERR,ERR,ERR,ERR,ERR,ERR,ERR,ERR,ERR,ERR,ERR,ERR,ERR,ERR,ERR,ERR,ERR,ERR,ERR,ERR,ERR,ERR,ERR,ERR,ERR,ERR,ERR,ERR,ERR,ERR,ERR,ERR,ERR,ERR,ERR,ERR,ERR,ERR,ERR,ERR,ERR,ERR,ERR,ERR,ERR,ERR,ERR,-107615168.0,0.0,-0.0,0.0,-0.0,0.0,-0.055,-0.0,0,0,4,17326,7116,0.0,100,0.0,0.0,0.0,0.0,0.0,0,0,0,0,0.0,0,0,0,0,0,0,0,0,0,0,0,0,0,0,0,0,0,0,0,0,0,0,0,0,0,0,0,0,0,0,0,0,0,31,40,40,71,65476,0,300,0,0,8,21553,0.0,-107605600.0,0.0,0.0,0.0,0.0,0.0,0.0,0.0,0.0,0.0,0.0,0.0,0.0,0.0,0.0,0.0,0.0,0.0,0.0,0.0,0.0,-0.0,0.0,0.0,0.0,0.0,0.0,0.0,0.0,5312.0,-1.5879312420608694e+29,6942.0,-107615168.0,2.7184473146906606e+23,2.004,2.004,0.0,0.0,0.0,0.0,69,-3.222029699490115e+26,-0.0,0.0,0.0,0.0,0.0,0.0,0.0,0.0,0,0,0,0.0,0.0,0.0,0.0,0.0,0.0,0.0,0.0,0.0,0.0,0.0,0.0,0.0,0.0,0.0,0.0,0,-107875648.0,69,0.0,138,0.0,2.012,ERR,ERR,ERR,ERR,ERR,ERR,ERR,ERR,ERR,ERR,ERR,ERR,ERR,ERR,ERR,ERR,ERR,ERR,ERR,ERR,ERR,ERR,ERR,ERR,ERR,ERR,ERR,ERR,ERR,ERR,ERR,ERR,ERR,ERR,ERR,ERR,ERR,ERR,ERR,ERR,ERR,ERR,ERR,ERR,ERR,ERR,ERR,ERR,ERR,ERR,ERR,ERR,ERR,ERR,ERR,ERR,ERR,ERR,ERR,ERR,ERR,ERR,ERR,ERR,ERR,ERR,ERR,60.0,60.0,35,0.0,0.0,0.0,0.0,0.0,0.0,0.0,0.0,0.0,0.0,0.0,0.0,0.0,0.0,0.0,0.0,64.8,0,150,71,58,65476,0,65476,0,1,8,20529,65476,0,0,2621,60.0,0.0,0.0,0.0,0.0,0.0
2026-07-09T15:31:58,ERR,ERR,ERR,ERR,ERR,ERR,ERR,ERR,ERR,ERR,ERR,ERR,ERR,ERR,ERR,ERR,ERR,ERR,ERR,ERR,ERR,ERR,ERR,ERR,ERR,ERR,ERR,ERR,ERR,ERR,ERR,ERR,ERR,ERR,ERR,ERR,ERR,ERR,ERR,ERR,ERR,ERR,ERR,ERR,ERR,ERR,ERR,ERR,ERR,ERR,ERR,ERR,ERR,ERR,ERR,ERR,ERR,ERR,ERR,ERR,ERR,ERR,ERR,ERR,ERR,ERR,ERR,ERR,ERR,ERR,ERR,ERR,ERR,ERR,ERR,ERR,ERR,ERR,ERR,ERR,ERR,ERR,ERR,ERR,ERR,ERR,ERR,ERR,ERR,ERR,ERR,ERR,ERR,ERR,ERR,ERR,ERR,ERR,ERR,ERR,ERR,ERR,ERR,ERR,ERR,ERR,ERR,ERR,ERR,ERR,ERR,ERR,ERR,ERR,ERR,ERR,ERR,ERR,ERR,ERR,ERR,ERR,ERR,ERR,ERR,-107615168.0,0.0,-0.0,0.0,-0.0,0.0,-0.055,-0.0,0,0,4,17326,7116,0.0,100,0.0,0.0,0.0,0.0,0.0,0,0,0,0,0.0,0,0,0,0,0,0,0,0,0,0,0,0,0,0,0,0,0,0,0,0,0,0,0,0,0,0,0,0,0,0,0,0,0,31,40,40,71,65476,0,300,0,0,8,21553,0.0,-107605600.0,0.0,0.0,0.0,0.0,0.0,0.0,0.0,0.0,0.0,0.0,0.0,0.0,0.0,0.0,0.0,0.0,0.0,0.0,0.0,0.0,-0.0,0.0,0.0,0.0,0.0,0.0,0.0,0.0,5312.0,-1.5879312420608694e+29,6942.0,-107615168.0,2.7184473146906606e+23,2.004,2.004,0.0,0.0,0.0,0.0,69,-3.222029699490115e+26,-0.0,0.0,0.0,0.0,0.0,0.0,0.0,0.0,0,0,0,0.0,0.0,0.0,0.0,0.0,0.0,0.0,0.0,0.0,0.0,0.0,0.0,0.0,0.0,0.0,0.0,0,-107875648.0,69,0.0,138,0.0,2.012,ERR,ERR,ERR,ERR,ERR,ERR,ERR,ERR,ERR,ERR,ERR,ERR,ERR,ERR,ERR,ERR,ERR,ERR,ERR,ERR,ERR,ERR,ERR,ERR,ERR,ERR,ERR,ERR,ERR,ERR,ERR,ERR,ERR,ERR,ERR,ERR,ERR,ERR,ERR,ERR,ERR,ERR,ERR,ERR,ERR,ERR,ERR,ERR,ERR,ERR,ERR,ERR,ERR,ERR,ERR,ERR,ERR,ERR,ERR,ERR,ERR,ERR,ERR,ERR,ERR,ERR,ERR,60.0,60.0,35,0.0,0.0,0.0,0.0,0.0,0.0,0.0,0.0,0.0,0.0,0.0,0.0,0.0,0.0,0.0,0.0,64.8,0,150,71,58,65476,0,65476,0,1,8,20529,65476,0,0,2621,60.0,0.0,0.0,0.0,0.0,0.0
2026-07-09T15:31:59,ERR,ERR,ERR,ERR,ERR,ERR,ERR,ERR,ERR,ERR,ERR,ERR,ERR,ERR,ERR,ERR,ERR,ERR,ERR,ERR,ERR,ERR,ERR,ERR,ERR,ERR,ERR,ERR,ERR,ERR,ERR,ERR,ERR,ERR,ERR,ERR,ERR,ERR,ERR,ERR,ERR,ERR,ERR,ERR,ERR,ERR,ERR,ERR,ERR,ERR,ERR,ERR,ERR,ERR,ERR,ERR,ERR,ERR,ERR,ERR,ERR,ERR,ERR,ERR,ERR,ERR,ERR,ERR,ERR,ERR,ERR,ERR,ERR,ERR,ERR,ERR,ERR,ERR,ERR,ERR,ERR,ERR,ERR,ERR,ERR,ERR,ERR,ERR,ERR,ERR,ERR,ERR,ERR,ERR,ERR,ERR,ERR,ERR,ERR,ERR,ERR,ERR,ERR,ERR,ERR,ERR,ERR,ERR,ERR,ERR,ERR,ERR,ERR,ERR,ERR,ERR,ERR,ERR,ERR,ERR,ERR,ERR,ERR,ERR,ERR,-107615168.0,0.0,-0.0,0.0,-0.0,0.0,-0.055,-0.0,0,0,4,17326,7116,0.0,100,0.0,0.0,0.0,0.0,0.0,0,0,0,0,0.0,0,0,0,0,0,0,0,0,0,0,0,0,0,0,0,0,0,0,0,0,0,0,0,0,0,0,0,0,0,0,0,0,0,31,40,40,71,65476,0,300,0,0,8,21553,0.0,-107605600.0,0.0,0.0,0.0,0.0,0.0,0.0,0.0,0.0,0.0,0.0,0.0,0.0,0.0,0.0,0.0,0.0,0.0,0.0,0.0,0.0,-0.0,0.0,0.0,0.0,0.0,0.0,0.0,0.0,5312.0,-1.5879312420608694e+29,6942.0,-107615168.0,2.7184473146906606e+23,2.004,2.004,0.0,0.0,0.0,0.0,69,-3.222029699490115e+26,-0.0,0.0,0.0,0.0,0.0,0.0,0.0,0.0,0,0,0,0.0,0.0,0.0,0.0,0.0,0.0,0.0,0.0,0.0,0.0,0.0,0.0,0.0,0.0,0.0,0.0,0,-107875648.0,69,0.0,138,0.0,2.012,ERR,ERR,ERR,ERR,ERR,ERR,ERR,ERR,ERR,ERR,ERR,ERR,ERR,ERR,ERR,ERR,ERR,ERR,ERR,ERR,ERR,ERR,ERR,ERR,ERR,ERR,ERR,ERR,ERR,ERR,ERR,ERR,ERR,ERR,ERR,ERR,ERR,ERR,ERR,ERR,ERR,ERR,ERR,ERR,ERR,ERR,ERR,ERR,ERR,ERR,ERR,ERR,ERR,ERR,ERR,ERR,ERR,ERR,ERR,ERR,ERR,ERR,ERR,ERR,ERR,ERR,ERR,60.0,60.0,35,0.0,0.0,0.0,0.0,0.0,0.0,0.0,0.0,0.0,0.0,0.0,0.0,0.0,0.0,0.0,0.0,64.8,0,150,71,58,65476,0,65476,0,1,8,20529,65476,0,0,2621,60.0,0.0,0.0,0.0,0.0,0.0
2026-07-09T15:32:00,ERR,ERR,ERR,ERR,ERR,ERR,ERR,ERR,ERR,ERR,ERR,ERR,ERR,ERR,ERR,ERR,ERR,ERR,ERR,ERR,ERR,ERR,ERR,ERR,ERR,ERR,ERR,ERR,ERR,ERR,ERR,ERR,ERR,ERR,ERR,ERR,ERR,ERR,ERR,ERR,ERR,ERR,ERR,ERR,ERR,ERR,ERR,ERR,ERR,ERR,ERR,ERR,ERR,ERR,ERR,ERR,ERR,ERR,ERR,ERR,ERR,ERR,ERR,ERR,ERR,ERR,ERR,ERR,ERR,ERR,ERR,ERR,ERR,ERR,ERR,ERR,ERR,ERR,ERR,ERR,ERR,ERR,ERR,ERR,ERR,ERR,ERR,ERR,ERR,ERR,ERR,ERR,ERR,ERR,ERR,ERR,ERR,ERR,ERR,ERR,ERR,ERR,ERR,ERR,ERR,ERR,ERR,ERR,ERR,ERR,ERR,ERR,ERR,ERR,ERR,ERR,ERR,ERR,ERR,ERR,ERR,ERR,ERR,ERR,ERR,-107615168.0,-107616112.0,-107615008.0,0.0,9.24368441466631e+18,0.0,-0.0,-0.0,0,0,4,17327,7116,0.0,100,0.0,0.0,0.0,0.0,0.0,0,0,0,0,0.0,0,0,0,0,0,0,0,0,0,0,0,0,0,0,0,0,0,0,0,0,0,0,0,0,0,0,0,0,0,0,0,0,0,31,40,40,71,65476,0,300,0,0,8,21553,0.0,-107605600.0,0.0,0.0,0.0,0.0,0.0,0.0,0.0,0.0,0.0,0.0,0.0,0.0,0.0,0.0,0.0,0.0,0.0,0.0,0.0,0.0,-0.0,3.697070465001456e+19,0.0,0.0,0.0,0.0,0.0,0.0,5357.0,-2.004,6936.0,-107615168.0,0.0,2.004,2.004,0.0,0.0,0.0,0.0,69,0.0,-0.0,0.0,0.0,0.0,0.0,0.0,0.0,0.0,0,0,0,0.0,0.0,0.0,0.0,0.0,0.0,0.0,0.0,0.0,0.0,0.0,0.0,0.0,0.0,0.0,0.0,0,-107875648.0,69,0.0,138,0.0,2.012,ERR,ERR,ERR,ERR,ERR,ERR,ERR,ERR,ERR,ERR,ERR,ERR,ERR,ERR,ERR,ERR,ERR,ERR,ERR,ERR,ERR,ERR,ERR,ERR,ERR,ERR,ERR,ERR,ERR,ERR,ERR,ERR,ERR,ERR,ERR,ERR,ERR,ERR,ERR,ERR,ERR,ERR,ERR,ERR,ERR,ERR,ERR,ERR,ERR,ERR,ERR,ERR,ERR,ERR,ERR,ERR,ERR,ERR,ERR,ERR,ERR,ERR,ERR,ERR,ERR,ERR,ERR,60.0,60.0,35,0.0,0.0,0.0,0.0,0.0,0.0,0.0,0.0,0.0,0.0,0.0,0.0,0.0,0.0,0.0,0.0,64.8,0,150,71,58,65476,0,65476,0,1,8,20529,65476,0,0,2621,60.0,0.0,0.0,0.0,0.0,0.0
2026-07-09T15:32:01,ERR,ERR,ERR,ERR,ERR,ERR,ERR,ERR,ERR,ERR,ERR,ERR,ERR,ERR,ERR,ERR,ERR,ERR,ERR,ERR,ERR,ERR,ERR,ERR,ERR,ERR,ERR,ERR,ERR,ERR,ERR,ERR,ERR,ERR,ERR,ERR,ERR,ERR,ERR,ERR,ERR,ERR,ERR,ERR,ERR,ERR,ERR,ERR,ERR,ERR,ERR,ERR,ERR,ERR,ERR,ERR,ERR,ERR,ERR,ERR,ERR,ERR,ERR,ERR,ERR,ERR,ERR,ERR,ERR,ERR,ERR,ERR,ERR,ERR,ERR,ERR,ERR,ERR,ERR,ERR,ERR,ERR,ERR,ERR,ERR,ERR,ERR,ERR,ERR,ERR,ERR,ERR,ERR,ERR,ERR,ERR,ERR,ERR,ERR,ERR,ERR,ERR,ERR,ERR,ERR,ERR,ERR,ERR,ERR,ERR,ERR,ERR,ERR,ERR,ERR,ERR,ERR,ERR,ERR,ERR,ERR,ERR,ERR,ERR,ERR,-107615168.0,-107616112.0,-107615008.0,0.0,9.24368441466631e+18,0.0,-0.0,-0.0,0,0,4,17327,7116,0.0,100,0.0,0.0,0.0,0.0,0.0,0,0,0,0,0.0,0,0,0,0,0,0,0,0,0,0,0,0,0,0,0,0,0,0,0,0,0,0,0,0,0,0,0,0,0,0,0,0,0,31,40,40,71,65476,0,300,0,0,8,21553,0.0,-107605600.0,0.0,0.0,0.0,0.0,0.0,0.0,0.0,0.0,0.0,0.0,0.0,0.0,0.0,0.0,0.0,0.0,0.0,0.0,0.0,0.0,-0.0,3.697070465001456e+19,0.0,0.0,0.0,0.0,0.0,0.0,5357.0,-2.004,6936.0,-107615168.0,0.0,2.004,2.004,0.0,0.0,0.0,0.0,69,0.0,-0.0,0.0,0.0,0.0,0.0,0.0,0.0,0.0,0,0,0,0.0,0.0,0.0,0.0,0.0,0.0,0.0,0.0,0.0,0.0,0.0,0.0,0.0,0.0,0.0,0.0,0,-107875648.0,69,0.0,138,0.0,2.012,ERR,ERR,ERR,ERR,ERR,ERR,ERR,ERR,ERR,ERR,ERR,ERR,ERR,ERR,ERR,ERR,ERR,ERR,ERR,ERR,ERR,ERR,ERR,ERR,ERR,ERR,ERR,ERR,ERR,ERR,ERR,ERR,ERR,ERR,ERR,ERR,ERR,ERR,ERR,ERR,ERR,ERR,ERR,ERR,ERR,ERR,ERR,ERR,ERR,ERR,ERR,ERR,ERR,ERR,ERR,ERR,ERR,ERR,ERR,ERR,ERR,ERR,ERR,ERR,ERR,ERR,ERR,60.0,60.0,35,0.0,0.0,0.0,0.0,0.0,0.0,0.0,0.0,0.0,0.0,0.0,0.0,0.0,0.0,0.0,0.0,64.8,0,150,71,58,65476,0,65476,0,1,8,20529,65476,0,0,2621,60.0,0.0,0.0,0.0,0.0,0.0
2026-07-09T15:32:02,ERR,ERR,ERR,ERR,ERR,ERR,ERR,ERR,ERR,ERR,ERR,ERR,ERR,ERR,ERR,ERR,ERR,ERR,ERR,ERR,ERR,ERR,ERR,ERR,ERR,ERR,ERR,ERR,ERR,ERR,ERR,ERR,ERR,ERR,ERR,ERR,ERR,ERR,ERR,ERR,ERR,ERR,ERR,ERR,ERR,ERR,ERR,ERR,ERR,ERR,ERR,ERR,ERR,ERR,ERR,ERR,ERR,ERR,ERR,ERR,ERR,ERR,ERR,ERR,ERR,ERR,ERR,ERR,ERR,ERR,ERR,ERR,ERR,ERR,ERR,ERR,ERR,ERR,ERR,ERR,ERR,ERR,ERR,ERR,ERR,ERR,ERR,ERR,ERR,ERR,ERR,ERR,ERR,ERR,ERR,ERR,ERR,ERR,ERR,ERR,ERR,ERR,ERR,ERR,ERR,ERR,ERR,ERR,ERR,ERR,ERR,ERR,ERR,ERR,ERR,ERR,ERR,ERR,ERR,ERR,ERR,ERR,ERR,ERR,ERR,-107615168.0,-107616112.0,-107615008.0,0.0,9.24368441466631e+18,0.0,-0.0,-0.0,0,0,4,17327,7116,0.0,100,0.0,0.0,0.0,0.0,0.0,0,0,0,0,0.0,0,0,0,0,0,0,0,0,0,0,0,0,0,0,0,0,0,0,0,0,0,0,0,0,0,0,0,0,0,0,0,0,0,31,40,40,71,65476,0,300,0,0,8,21553,0.0,-107605600.0,0.0,0.0,0.0,0.0,0.0,0.0,0.0,0.0,0.0,0.0,0.0,0.0,0.0,0.0,0.0,0.0,0.0,0.0,0.0,0.0,-0.0,3.697070465001456e+19,0.0,0.0,0.0,0.0,0.0,0.0,5357.0,-2.004,6936.0,-107615168.0,0.0,2.004,2.004,0.0,0.0,0.0,0.0,69,0.0,-0.0,0.0,0.0,0.0,0.0,0.0,0.0,0.0,0,0,0,0.0,0.0,0.0,0.0,0.0,0.0,0.0,0.0,0.0,0.0,0.0,0.0,0.0,0.0,0.0,0.0,0,-107875648.0,69,0.0,138,0.0,2.012,ERR,ERR,ERR,ERR,ERR,ERR,ERR,ERR,ERR,ERR,ERR,ERR,ERR,ERR,ERR,ERR,ERR,ERR,ERR,ERR,ERR,ERR,ERR,ERR,ERR,ERR,ERR,ERR,ERR,ERR,ERR,ERR,ERR,ERR,ERR,ERR,ERR,ERR,ERR,ERR,ERR,ERR,ERR,ERR,ERR,ERR,ERR,ERR,ERR,ERR,ERR,ERR,ERR,ERR,ERR,ERR,ERR,ERR,ERR,ERR,ERR,ERR,ERR,ERR,ERR,ERR,ERR,60.0,60.0,35,0.0,0.0,0.0,0.0,0.0,0.0,0.0,0.0,0.0,0.0,0.0,0.0,0.0,0.0,0.0,0.0,64.8,0,150,71,58,65476,0,65476,0,1,8,20529,65476,0,0,2621,60.0,0.0,0.0,0.0,0.0,0.0
2026-07-09T15:32:03,ERR,ERR,ERR,ERR,ERR,ERR,ERR,ERR,ERR,ERR,ERR,ERR,ERR,ERR,ERR,ERR,ERR,ERR,ERR,ERR,ERR,ERR,ERR,ERR,ERR,ERR,ERR,ERR,ERR,ERR,ERR,ERR,ERR,ERR,ERR,ERR,ERR,ERR,ERR,ERR,ERR,ERR,ERR,ERR,ERR,ERR,ERR,ERR,ERR,ERR,ERR,ERR,ERR,ERR,ERR,ERR,ERR,ERR,ERR,ERR,ERR,ERR,ERR,ERR,ERR,ERR,ERR,ERR,ERR,ERR,ERR,ERR,ERR,ERR,ERR,ERR,ERR,ERR,ERR,ERR,ERR,ERR,ERR,ERR,ERR,ERR,ERR,ERR,ERR,ERR,ERR,ERR,ERR,ERR,ERR,ERR,ERR,ERR,ERR,ERR,ERR,ERR,ERR,ERR,ERR,ERR,ERR,ERR,ERR,ERR,ERR,ERR,ERR,ERR,ERR,ERR,ERR,ERR,ERR,ERR,ERR,ERR,ERR,ERR,ERR,-107615168.0,-107616112.0,-107615008.0,0.0,9.24368441466631e+18,0.0,-0.0,-0.0,0,0,4,17327,7116,0.0,100,0.0,0.0,0.0,0.0,0.0,0,0,0,0,0.0,0,0,0,0,0,0,0,0,0,0,0,0,0,0,0,0,0,0,0,0,0,0,0,0,0,0,0,0,0,0,0,0,0,31,40,40,71,65476,0,300,0,0,8,21553,0.0,-107605600.0,0.0,0.0,0.0,0.0,0.0,0.0,0.0,0.0,0.0,0.0,0.0,0.0,0.0,0.0,0.0,0.0,0.0,0.0,0.0,0.0,-0.0,3.697070465001456e+19,0.0,0.0,0.0,0.0,0.0,0.0,5357.0,-2.004,6936.0,-107615168.0,0.0,2.004,2.004,0.0,0.0,0.0,0.0,69,0.0,-0.0,0.0,0.0,0.0,0.0,0.0,0.0,0.0,0,0,0,0.0,0.0,0.0,0.0,0.0,0.0,0.0,0.0,0.0,0.0,0.0,0.0,0.0,0.0,0.0,0.0,0,-107875648.0,69,0.0,138,0.0,2.012,ERR,ERR,ERR,ERR,ERR,ERR,ERR,ERR,ERR,ERR,ERR,ERR,ERR,ERR,ERR,ERR,ERR,ERR,ERR,ERR,ERR,ERR,ERR,ERR,ERR,ERR,ERR,ERR,ERR,ERR,ERR,ERR,ERR,ERR,ERR,ERR,ERR,ERR,ERR,ERR,ERR,ERR,ERR,ERR,ERR,ERR,ERR,ERR,ERR,ERR,ERR,ERR,ERR,ERR,ERR,ERR,ERR,ERR,ERR,ERR,ERR,ERR,ERR,ERR,ERR,ERR,ERR,60.0,60.0,35,0.0,0.0,0.0,0.0,0.0,0.0,0.0,0.0,0.0,0.0,0.0,0.0,0.0,0.0,0.0,0.0,64.8,0,150,71,58,65476,0,65476,0,1,8,20529,65476,0,0,2621,60.0,0.0,0.0,0.0,0.0,0.0
2026-07-09T15:32:04,ERR,ERR,ERR,ERR,ERR,ERR,ERR,ERR,ERR,ERR,ERR,ERR,ERR,ERR,ERR,ERR,ERR,ERR,ERR,ERR,ERR,ERR,ERR,ERR,ERR,ERR,ERR,ERR,ERR,ERR,ERR,ERR,ERR,ERR,ERR,ERR,ERR,ERR,ERR,ERR,ERR,ERR,ERR,ERR,ERR,ERR,ERR,ERR,ERR,ERR,ERR,ERR,ERR,ERR,ERR,ERR,ERR,ERR,ERR,ERR,ERR,ERR,ERR,ERR,ERR,ERR,ERR,ERR,ERR,ERR,ERR,ERR,ERR,ERR,ERR,ERR,ERR,ERR,ERR,ERR,ERR,ERR,ERR,ERR,ERR,ERR,ERR,ERR,ERR,ERR,ERR,ERR,ERR,ERR,ERR,ERR,ERR,ERR,ERR,ERR,ERR,ERR,ERR,ERR,ERR,ERR,ERR,ERR,ERR,ERR,ERR,ERR,ERR,ERR,ERR,ERR,ERR,ERR,ERR,ERR,ERR,ERR,ERR,ERR,ERR,-107615168.0,-107616112.0,-107615008.0,0.0,9.24368441466631e+18,0.0,-0.0,-0.0,0,0,4,17327,7116,0.0,100,0.0,0.0,0.0,0.0,0.0,0,0,0,0,0.0,0,0,0,0,0,0,0,0,0,0,0,0,0,0,0,0,0,0,0,0,0,0,0,0,0,0,0,0,0,0,0,0,0,31,40,40,71,65476,0,300,0,0,8,21553,0.0,-107605600.0,0.0,0.0,0.0,0.0,0.0,0.0,0.0,0.0,0.0,0.0,0.0,0.0,0.0,0.0,0.0,0.0,0.0,0.0,0.0,0.0,-0.0,3.697070465001456e+19,0.0,0.0,0.0,0.0,0.0,0.0,5357.0,-2.004,6936.0,-107615168.0,0.0,2.004,2.004,0.0,0.0,0.0,0.0,69,0.0,-0.0,0.0,0.0,0.0,0.0,0.0,0.0,0.0,0,0,0,0.0,0.0,0.0,0.0,0.0,0.0,0.0,0.0,0.0,0.0,0.0,0.0,0.0,0.0,0.0,0.0,0,-107875648.0,69,0.0,138,0.0,2.012,ERR,ERR,ERR,ERR,ERR,ERR,ERR,ERR,ERR,ERR,ERR,ERR,ERR,ERR,ERR,ERR,ERR,ERR,ERR,ERR,ERR,ERR,ERR,ERR,ERR,ERR,ERR,ERR,ERR,ERR,ERR,ERR,ERR,ERR,ERR,ERR,ERR,ERR,ERR,ERR,ERR,ERR,ERR,ERR,ERR,ERR,ERR,ERR,ERR,ERR,ERR,ERR,ERR,ERR,ERR,ERR,ERR,ERR,ERR,ERR,ERR,ERR,ERR,ERR,ERR,ERR,ERR,60.0,60.0,35,0.0,0.0,0.0,0.0,0.0,0.0,0.0,0.0,0.0,0.0,0.0,0.0,0.0,0.0,0.0,0.0,65.2,0,150,71,58,65476,0,65476,0,1,8,20529,65476,0,0,2621,60.0,0.0,0.0,0.0,0.0,0.0
2026-07-09T15:32:05,ERR,ERR,ERR,ERR,ERR,ERR,ERR,ERR,ERR,ERR,ERR,ERR,ERR,ERR,ERR,ERR,ERR,ERR,ERR,ERR,ERR,ERR,ERR,ERR,ERR,ERR,ERR,ERR,ERR,ERR,ERR,ERR,ERR,ERR,ERR,ERR,ERR,ERR,ERR,ERR,ERR,ERR,ERR,ERR,ERR,ERR,ERR,ERR,ERR,ERR,ERR,ERR,ERR,ERR,ERR,ERR,ERR,ERR,ERR,ERR,ERR,ERR,ERR,ERR,ERR,ERR,ERR,ERR,ERR,ERR,ERR,ERR,ERR,ERR,ERR,ERR,ERR,ERR,ERR,ERR,ERR,ERR,ERR,ERR,ERR,ERR,ERR,ERR,ERR,ERR,ERR,ERR,ERR,ERR,ERR,ERR,ERR,ERR,ERR,ERR,ERR,ERR,ERR,ERR,ERR,ERR,ERR,ERR,ERR,ERR,ERR,ERR,ERR,ERR,ERR,ERR,ERR,ERR,ERR,ERR,ERR,ERR,ERR,ERR,ERR,-107615168.0,2.7184474948346457e+23,nan,2.7183478752108883e+23,0.0,0.461,44637428.0,8.887555402061169e+24,0,0,4,17324,7116,0.0,100,0.0,0.0,0.0,0.0,0.0,0,0,0,0,0.0,0,0,0,0,0,0,0,0,0,0,0,0,0,0,0,0,0,0,0,0,0,0,0,0,0,0,0,0,0,0,0,0,0,31,40,40,71,65476,0,300,0,0,8,21553,0.0,-107605600.0,0.0,0.0,0.0,0.0,0.0,0.0,0.0,0.0,0.0,0.0,0.0,0.0,0.0,0.0,0.0,0.0,0.0,0.0,0.0,0.0,-0.0,-0.0,0.0,0.0,0.0,0.0,0.0,0.0,5400.0,0.0,6917.0,-107615168.0,-0.0,2.004,2.004,0.0,0.0,0.0,0.0,69,2.718430741444032e+23,0.059,0.0,0.0,0.0,0.0,0.0,0.0,0.0,0,0,0,0.0,0.0,0.0,0.0,0.0,0.0,0.0,0.0,0.0,0.0,0.0,0.0,0.0,0.0,0.0,0.0,0,-107875648.0,69,0.0,138,0.0,2.012,ERR,ERR,ERR,ERR,ERR,ERR,ERR,ERR,ERR,ERR,ERR,ERR,ERR,ERR,ERR,ERR,ERR,ERR,ERR,ERR,ERR,ERR,ERR,ERR,ERR,ERR,ERR,ERR,ERR,ERR,ERR,ERR,ERR,ERR,ERR,ERR,ERR,ERR,ERR,ERR,ERR,ERR,ERR,ERR,ERR,ERR,ERR,ERR,ERR,ERR,ERR,ERR,ERR,ERR,ERR,ERR,ERR,ERR,ERR,ERR,ERR,ERR,ERR,ERR,ERR,ERR,ERR,60.0,60.0,35,0.0,0.0,0.0,0.0,0.0,0.0,0.0,0.0,0.0,0.0,0.0,0.0,0.0,0.0,0.0,0.0,64.8,0,150,71,58,65476,0,65476,0,1,8,20529,65476,0,0,2621,60.0,0.0,0.0,0.0,0.0,0.0
2026-07-09T15:32:06,ERR,ERR,ERR,ERR,ERR,ERR,ERR,ERR,ERR,ERR,ERR,ERR,ERR,ERR,ERR,ERR,ERR,ERR,ERR,ERR,ERR,ERR,ERR,ERR,ERR,ERR,ERR,ERR,ERR,ERR,ERR,ERR,ERR,ERR,ERR,ERR,ERR,ERR,ERR,ERR,ERR,ERR,ERR,ERR,ERR,ERR,ERR,ERR,ERR,ERR,ERR,ERR,ERR,ERR,ERR,ERR,ERR,ERR,ERR,ERR,ERR,ERR,ERR,ERR,ERR,ERR,ERR,ERR,ERR,ERR,ERR,ERR,ERR,ERR,ERR,ERR,ERR,ERR,ERR,ERR,ERR,ERR,ERR,ERR,ERR,ERR,ERR,ERR,ERR,ERR,ERR,ERR,ERR,ERR,ERR,ERR,ERR,ERR,ERR,ERR,ERR,ERR,ERR,ERR,ERR,ERR,ERR,ERR,ERR,ERR,ERR,ERR,ERR,ERR,ERR,ERR,ERR,ERR,ERR,ERR,ERR,ERR,ERR,ERR,ERR,-107615168.0,2.7184474948346457e+23,nan,2.7183478752108883e+23,0.0,0.461,44637428.0,8.887555402061169e+24,0,0,4,17324,7116,0.0,100,0.0,0.0,0.0,0.0,0.0,0,0,0,0,0.0,0,0,0,0,0,0,0,0,0,0,0,0,0,0,0,0,0,0,0,0,0,0,0,0,0,0,0,0,0,0,0,0,0,31,40,40,71,65476,0,300,0,0,8,21553,0.0,-107605600.0,0.0,0.0,0.0,0.0,0.0,0.0,0.0,0.0,0.0,0.0,0.0,0.0,0.0,0.0,0.0,0.0,0.0,0.0,0.0,0.0,-0.0,-0.0,0.0,0.0,0.0,0.0,0.0,0.0,5400.0,0.0,6917.0,-107615168.0,-0.0,2.004,2.004,0.0,0.0,0.0,0.0,69,2.718430741444032e+23,0.059,0.0,0.0,0.0,0.0,0.0,0.0,0.0,0,0,0,0.0,0.0,0.0,0.0,0.0,0.0,0.0,0.0,0.0,0.0,0.0,0.0,0.0,0.0,0.0,0.0,0,-107875648.0,69,0.0,138,0.0,2.012,ERR,ERR,ERR,ERR,ERR,ERR,ERR,ERR,ERR,ERR,ERR,ERR,ERR,ERR,ERR,ERR,ERR,ERR,ERR,ERR,ERR,ERR,ERR,ERR,ERR,ERR,ERR,ERR,ERR,ERR,ERR,ERR,ERR,ERR,ERR,ERR,ERR,ERR,ERR,ERR,ERR,ERR,ERR,ERR,ERR,ERR,ERR,ERR,ERR,ERR,ERR,ERR,ERR,ERR,ERR,ERR,ERR,ERR,ERR,ERR,ERR,ERR,ERR,ERR,ERR,ERR,ERR,60.0,60.0,35,0.0,0.0,0.0,0.0,0.0,0.0,0.0,0.0,0.0,0.0,0.0,0.0,0.0,0.0,0.0,0.0,64.8,0,150,71,58,65476,0,65476,0,1,8,20529,65476,0,0,2621,60.0,0.0,0.0,0.0,0.0,0.0
2026-07-09T15:32:07,ERR,ERR,ERR,ERR,ERR,ERR,ERR,ERR,ERR,ERR,ERR,ERR,ERR,ERR,ERR,ERR,ERR,ERR,ERR,ERR,ERR,ERR,ERR,ERR,ERR,ERR,ERR,ERR,ERR,ERR,ERR,ERR,ERR,ERR,ERR,ERR,ERR,ERR,ERR,ERR,ERR,ERR,ERR,ERR,ERR,ERR,ERR,ERR,ERR,ERR,ERR,ERR,ERR,ERR,ERR,ERR,ERR,ERR,ERR,ERR,ERR,ERR,ERR,ERR,ERR,ERR,ERR,ERR,ERR,ERR,ERR,ERR,ERR,ERR,ERR,ERR,ERR,ERR,ERR,ERR,ERR,ERR,ERR,ERR,ERR,ERR,ERR,ERR,ERR,ERR,ERR,ERR,ERR,ERR,ERR,ERR,ERR,ERR,ERR,ERR,ERR,ERR,ERR,ERR,ERR,ERR,ERR,ERR,ERR,ERR,ERR,ERR,ERR,ERR,ERR,ERR,ERR,ERR,ERR,ERR,ERR,ERR,ERR,ERR,ERR,-107615168.0,2.7184474948346457e+23,nan,2.7183478752108883e+23,0.0,0.461,44637428.0,8.887555402061169e+24,0,0,4,17324,7116,0.0,100,0.0,0.0,0.0,0.0,0.0,0,0,0,0,0.0,0,0,0,0,0,0,0,0,0,0,0,0,0,0,0,0,0,0,0,0,0,0,0,0,0,0,0,0,0,0,0,0,0,31,40,40,71,65476,0,300,0,0,8,21553,0.0,-107605600.0,0.0,0.0,0.0,0.0,0.0,0.0,0.0,0.0,0.0,0.0,0.0,0.0,0.0,0.0,0.0,0.0,0.0,0.0,0.0,0.0,-0.0,-0.0,0.0,0.0,0.0,0.0,0.0,0.0,5400.0,0.0,6917.0,-107615168.0,-0.0,2.004,2.004,0.0,0.0,0.0,0.0,69,2.718430741444032e+23,0.059,0.0,0.0,0.0,0.0,0.0,0.0,0.0,0,0,0,0.0,0.0,0.0,0.0,0.0,0.0,0.0,0.0,0.0,0.0,0.0,0.0,0.0,0.0,0.0,0.0,0,-107875648.0,69,0.0,138,0.0,2.012,ERR,ERR,ERR,ERR,ERR,ERR,ERR,ERR,ERR,ERR,ERR,ERR,ERR,ERR,ERR,ERR,ERR,ERR,ERR,ERR,ERR,ERR,ERR,ERR,ERR,ERR,ERR,ERR,ERR,ERR,ERR,ERR,ERR,ERR,ERR,ERR,ERR,ERR,ERR,ERR,ERR,ERR,ERR,ERR,ERR,ERR,ERR,ERR,ERR,ERR,ERR,ERR,ERR,ERR,ERR,ERR,ERR,ERR,ERR,ERR,ERR,ERR,ERR,ERR,ERR,ERR,ERR,60.0,60.0,35,0.0,0.0,0.0,0.0,0.0,0.0,0.0,0.0,0.0,0.0,0.0,0.0,0.0,0.0,0.0,0.0,64.8,0,150,71,58,65476,0,65476,0,1,8,20529,65476,0,0,2621,60.0,0.0,0.0,0.0,0.0,0.0
2026-07-09T15:32:08,ERR,ERR,ERR,ERR,ERR,ERR,ERR,ERR,ERR,ERR,ERR,ERR,ERR,ERR,ERR,ERR,ERR,ERR,ERR,ERR,ERR,ERR,ERR,ERR,ERR,ERR,ERR,ERR,ERR,ERR,ERR,ERR,ERR,ERR,ERR,ERR,ERR,ERR,ERR,ERR,ERR,ERR,ERR,ERR,ERR,ERR,ERR,ERR,ERR,ERR,ERR,ERR,ERR,ERR,ERR,ERR,ERR,ERR,ERR,ERR,ERR,ERR,ERR,ERR,ERR,ERR,ERR,ERR,ERR,ERR,ERR,ERR,ERR,ERR,ERR,ERR,ERR,ERR,ERR,ERR,ERR,ERR,ERR,ERR,ERR,ERR,ERR,ERR,ERR,ERR,ERR,ERR,ERR,ERR,ERR,ERR,ERR,ERR,ERR,ERR,ERR,ERR,ERR,ERR,ERR,ERR,ERR,ERR,ERR,ERR,ERR,ERR,ERR,ERR,ERR,ERR,ERR,ERR,ERR,ERR,ERR,ERR,ERR,ERR,ERR,-107615168.0,2.7184474948346457e+23,nan,2.7183478752108883e+23,0.0,0.461,44637428.0,8.887555402061169e+24,0,0,4,17324,7116,0.0,100,0.0,0.0,0.0,0.0,0.0,0,0,0,0,0.0,0,0,0,0,0,0,0,0,0,0,0,0,0,0,0,0,0,0,0,0,0,0,0,0,0,0,0,0,0,0,0,0,0,31,40,40,71,65476,0,300,0,0,8,21553,0.0,-107605600.0,0.0,0.0,0.0,0.0,0.0,0.0,0.0,0.0,0.0,0.0,0.0,0.0,0.0,0.0,0.0,0.0,0.0,0.0,0.0,0.0,-0.0,-0.0,0.0,0.0,0.0,0.0,0.0,0.0,5400.0,0.0,6917.0,-107615168.0,-0.0,2.004,2.004,0.0,0.0,0.0,0.0,69,2.718430741444032e+23,0.059,0.0,0.0,0.0,0.0,0.0,0.0,0.0,0,0,0,0.0,0.0,0.0,0.0,0.0,0.0,0.0,0.0,0.0,0.0,0.0,0.0,0.0,0.0,0.0,0.0,0,-107875648.0,69,0.0,138,0.0,2.012,ERR,ERR,ERR,ERR,ERR,ERR,ERR,ERR,ERR,ERR,ERR,ERR,ERR,ERR,ERR,ERR,ERR,ERR,ERR,ERR,ERR,ERR,ERR,ERR,ERR,ERR,ERR,ERR,ERR,ERR,ERR,ERR,ERR,ERR,ERR,ERR,ERR,ERR,ERR,ERR,ERR,ERR,ERR,ERR,ERR,ERR,ERR,ERR,ERR,ERR,ERR,ERR,ERR,ERR,ERR,ERR,ERR,ERR,ERR,ERR,ERR,ERR,ERR,ERR,ERR,ERR,ERR,60.0,60.0,35,0.0,0.0,0.0,0.0,0.0,0.0,0.0,0.0,0.0,0.0,0.0,0.0,0.0,0.0,0.0,0.0,64.8,0,150,71,58,65476,0,65476,0,1,8,20529,65476,0,0,2621,60.0,0.0,0.0,0.0,0.0,0.0
2026-07-09T15:32:09,ERR,ERR,ERR,ERR,ERR,ERR,ERR,ERR,ERR,ERR,ERR,ERR,ERR,ERR,ERR,ERR,ERR,ERR,ERR,ERR,ERR,ERR,ERR,ERR,ERR,ERR,ERR,ERR,ERR,ERR,ERR,ERR,ERR,ERR,ERR,ERR,ERR,ERR,ERR,ERR,ERR,ERR,ERR,ERR,ERR,ERR,ERR,ERR,ERR,ERR,ERR,ERR,ERR,ERR,ERR,ERR,ERR,ERR,ERR,ERR,ERR,ERR,ERR,ERR,ERR,ERR,ERR,ERR,ERR,ERR,ERR,ERR,ERR,ERR,ERR,ERR,ERR,ERR,ERR,ERR,ERR,ERR,ERR,ERR,ERR,ERR,ERR,ERR,ERR,ERR,ERR,ERR,ERR,ERR,ERR,ERR,ERR,ERR,ERR,ERR,ERR,ERR,ERR,ERR,ERR,ERR,ERR,ERR,ERR,ERR,ERR,ERR,ERR,ERR,ERR,ERR,ERR,ERR,ERR,ERR,ERR,ERR,ERR,ERR,ERR,-107615168.0,2.7184474948346457e+23,nan,2.7183478752108883e+23,0.0,0.461,44637428.0,8.887555402061169e+24,0,0,4,17324,7116,0.0,100,0.0,0.0,0.0,0.0,0.0,0,0,0,0,0.0,0,0,0,0,0,0,0,0,0,0,0,0,0,0,0,0,0,0,0,0,0,0,0,0,0,0,0,0,0,0,0,0,0,31,40,40,71,65476,0,300,0,0,8,21553,0.0,-107605600.0,0.0,0.0,0.0,0.0,0.0,0.0,0.0,0.0,0.0,0.0,0.0,0.0,0.0,0.0,0.0,0.0,0.0,0.0,0.0,0.0,-0.0,-0.0,0.0,0.0,0.0,0.0,0.0,0.0,5400.0,0.0,6917.0,-107615168.0,-0.0,2.004,2.004,0.0,0.0,0.0,0.0,69,2.718430741444032e+23,0.059,0.0,0.0,0.0,0.0,0.0,0.0,0.0,0,0,0,0.0,0.0,0.0,0.0,0.0,0.0,0.0,0.0,0.0,0.0,0.0,0.0,0.0,0.0,0.0,0.0,0,-107875648.0,69,0.0,138,0.0,2.012,ERR,ERR,ERR,ERR,ERR,ERR,ERR,ERR,ERR,ERR,ERR,ERR,ERR,ERR,ERR,ERR,ERR,ERR,ERR,ERR,ERR,ERR,ERR,ERR,ERR,ERR,ERR,ERR,ERR,ERR,ERR,ERR,ERR,ERR,ERR,ERR,ERR,ERR,ERR,ERR,ERR,ERR,ERR,ERR,ERR,ERR,ERR,ERR,ERR,ERR,ERR,ERR,ERR,ERR,ERR,ERR,ERR,ERR,ERR,ERR,ERR,ERR,ERR,ERR,ERR,ERR,ERR,60.0,60.0,35,0.0,0.0,0.0,0.0,0.0,0.0,0.0,0.0,0.0,0.0,0.0,0.0,0.0,0.0,0.0,0.0,65.2,0,150,71,58,65476,0,65476,0,1,8,20529,65476,0,0,2621,60.0,0.0,0.0,0.0,0.0,0.0
2026-07-09T15:32:10,ERR,ERR,ERR,ERR,ERR,ERR,ERR,ERR,ERR,ERR,ERR,ERR,ERR,ERR,ERR,ERR,ERR,ERR,ERR,ERR,ERR,ERR,ERR,ERR,ERR,ERR,ERR,ERR,ERR,ERR,ERR,ERR,ERR,ERR,ERR,ERR,ERR,ERR,ERR,ERR,ERR,ERR,ERR,ERR,ERR,ERR,ERR,ERR,ERR,ERR,ERR,ERR,ERR,ERR,ERR,ERR,ERR,ERR,ERR,ERR,ERR,ERR,ERR,ERR,ERR,ERR,ERR,ERR,ERR,ERR,ERR,ERR,ERR,ERR,ERR,ERR,ERR,ERR,ERR,ERR,ERR,ERR,ERR,ERR,ERR,ERR,ERR,ERR,ERR,ERR,ERR,ERR,ERR,ERR,ERR,ERR,ERR,ERR,ERR,ERR,ERR,ERR,ERR,ERR,ERR,ERR,ERR,ERR,ERR,ERR,ERR,ERR,ERR,ERR,ERR,ERR,ERR,ERR,ERR,ERR,ERR,ERR,ERR,ERR,ERR,-107615168.0,-0.0,2.730228731315862e+23,2.7183478752108883e+23,3.697475525085128e+19,-3.326465062005845e+38,-1.3953738503694307e+27,0.0,0,0,4,17330,7116,0.0,100,0.0,0.0,2.7183478752108883e+23,0.0,0.0,0,0,0,0,0.0,0,0,0,0,0,0,0,0,0,0,0,0,0,0,0,0,0,0,0,0,0,0,0,0,0,0,0,0,0,0,0,0,0,31,40,40,71,65476,0,300,0,0,8,21553,0.0,-107605600.0,0.0,0.0,0.0,0.0,0.0,0.0,0.0,0.0,0.0,0.0,0.0,0.0,0.0,0.0,0.0,0.0,0.0,0.0,0.0,0.0,-0.0,-2.004,0.0,0.0,0.0,0.0,0.0,0.0,5401.0,-0.0,6934.0,-107615168.0,-0.0,2.004,2.004,0.0,0.0,0.0,0.0,69,3.222030068424997e+26,-3.22200830126699e+26,0.0,0.0,0.0,0.0,0.0,0.0,0.0,0,0,0,0.0,0.0,0.0,0.0,0.0,0.0,0.0,0.0,0.0,0.0,0.0,0.0,0.0,0.0,0.0,0.0,0,-107875648.0,69,0.0,138,0.0,2.012,ERR,ERR,ERR,ERR,ERR,ERR,ERR,ERR,ERR,ERR,ERR,ERR,ERR,ERR,ERR,ERR,ERR,ERR,ERR,ERR,ERR,ERR,ERR,ERR,ERR,ERR,ERR,ERR,ERR,ERR,ERR,ERR,ERR,ERR,ERR,ERR,ERR,ERR,ERR,ERR,ERR,ERR,ERR,ERR,ERR,ERR,ERR,ERR,ERR,ERR,ERR,ERR,ERR,ERR,ERR,ERR,ERR,ERR,ERR,ERR,ERR,ERR,ERR,ERR,ERR,ERR,ERR,60.0,60.0,35,0.0,0.0,0.0,0.0,0.0,0.0,0.0,0.0,0.0,0.0,0.0,0.0,0.0,0.0,0.0,0.0,65.2,0,150,71,58,65476,0,65476,0,1,8,20529,65476,0,0,2621,60.0,0.0,0.0,0.0,0.0,0.0
2026-07-09T15:32:11,ERR,ERR,ERR,ERR,ERR,ERR,ERR,ERR,ERR,ERR,ERR,ERR,ERR,ERR,ERR,ERR,ERR,ERR,ERR,ERR,ERR,ERR,ERR,ERR,ERR,ERR,ERR,ERR,ERR,ERR,ERR,ERR,ERR,ERR,ERR,ERR,ERR,ERR,ERR,ERR,ERR,ERR,ERR,ERR,ERR,ERR,ERR,ERR,ERR,ERR,ERR,ERR,ERR,ERR,ERR,ERR,ERR,ERR,ERR,ERR,ERR,ERR,ERR,ERR,ERR,ERR,ERR,ERR,ERR,ERR,ERR,ERR,ERR,ERR,ERR,ERR,ERR,ERR,ERR,ERR,ERR,ERR,ERR,ERR,ERR,ERR,ERR,ERR,ERR,ERR,ERR,ERR,ERR,ERR,ERR,ERR,ERR,ERR,ERR,ERR,ERR,ERR,ERR,ERR,ERR,ERR,ERR,ERR,ERR,ERR,ERR,ERR,ERR,ERR,ERR,ERR,ERR,ERR,ERR,ERR,ERR,ERR,ERR,ERR,ERR,-107615168.0,-0.0,2.730228731315862e+23,2.7183478752108883e+23,3.697475525085128e+19,-3.326465062005845e+38,-1.3953738503694307e+27,0.0,0,0,4,17330,7116,0.0,100,0.0,0.0,2.7183478752108883e+23,0.0,0.0,0,0,0,0,0.0,0,0,0,0,0,0,0,0,0,0,0,0,0,0,0,0,0,0,0,0,0,0,0,0,0,0,0,0,0,0,0,0,0,31,40,40,71,65476,0,300,0,0,8,21553,0.0,-107605600.0,0.0,0.0,0.0,0.0,0.0,0.0,0.0,0.0,0.0,0.0,0.0,0.0,0.0,0.0,0.0,0.0,0.0,0.0,0.0,0.0,-0.0,-2.004,0.0,0.0,0.0,0.0,0.0,0.0,5401.0,-0.0,6934.0,-107615168.0,-0.0,2.004,2.004,0.0,0.0,0.0,0.0,69,3.222030068424997e+26,-3.22200830126699e+26,0.0,0.0,0.0,0.0,0.0,0.0,0.0,0,0,0,0.0,0.0,0.0,0.0,0.0,0.0,0.0,0.0,0.0,0.0,0.0,0.0,0.0,0.0,0.0,0.0,0,-107875648.0,69,0.0,138,0.0,2.012,ERR,ERR,ERR,ERR,ERR,ERR,ERR,ERR,ERR,ERR,ERR,ERR,ERR,ERR,ERR,ERR,ERR,ERR,ERR,ERR,ERR,ERR,ERR,ERR,ERR,ERR,ERR,ERR,ERR,ERR,ERR,ERR,ERR,ERR,ERR,ERR,ERR,ERR,ERR,ERR,ERR,ERR,ERR,ERR,ERR,ERR,ERR,ERR,ERR,ERR,ERR,ERR,ERR,ERR,ERR,ERR,ERR,ERR,ERR,ERR,ERR,ERR,ERR,ERR,ERR,ERR,ERR,60.0,60.0,35,0.0,0.0,0.0,0.0,0.0,0.0,0.0,0.0,0.0,0.0,0.0,0.0,0.0,0.0,0.0,0.0,64.8,0,150,71,58,65476,0,65476,0,1,8,20529,65476,0,0,2621,60.0,0.0,0.0,0.0,0.0,0.0
2026-07-09T15:32:12,ERR,ERR,ERR,ERR,ERR,ERR,ERR,ERR,ERR,ERR,ERR,ERR,ERR,ERR,ERR,ERR,ERR,ERR,ERR,ERR,ERR,ERR,ERR,ERR,ERR,ERR,ERR,ERR,ERR,ERR,ERR,ERR,ERR,ERR,ERR,ERR,ERR,ERR,ERR,ERR,ERR,ERR,ERR,ERR,ERR,ERR,ERR,ERR,ERR,ERR,ERR,ERR,ERR,ERR,ERR,ERR,ERR,ERR,ERR,ERR,ERR,ERR,ERR,ERR,ERR,ERR,ERR,ERR,ERR,ERR,ERR,ERR,ERR,ERR,ERR,ERR,ERR,ERR,ERR,ERR,ERR,ERR,ERR,ERR,ERR,ERR,ERR,ERR,ERR,ERR,ERR,ERR,ERR,ERR,ERR,ERR,ERR,ERR,ERR,ERR,ERR,ERR,ERR,ERR,ERR,ERR,ERR,ERR,ERR,ERR,ERR,ERR,ERR,ERR,ERR,ERR,ERR,ERR,ERR,ERR,ERR,ERR,ERR,ERR,ERR,-107615168.0,-0.0,2.730228731315862e+23,2.7183478752108883e+23,3.697475525085128e+19,-3.326465062005845e+38,-1.3953738503694307e+27,0.0,0,0,4,17330,7116,0.0,100,0.0,0.0,2.7183478752108883e+23,0.0,0.0,0,0,0,0,0.0,0,0,0,0,0,0,0,0,0,0,0,0,0,0,0,0,0,0,0,0,0,0,0,0,0,0,0,0,0,0,0,0,0,31,40,40,71,65476,0,300,0,0,8,21553,0.0,-107605600.0,0.0,0.0,0.0,0.0,0.0,0.0,0.0,0.0,0.0,0.0,0.0,0.0,0.0,0.0,0.0,0.0,0.0,0.0,0.0,0.0,-0.0,-2.004,0.0,0.0,0.0,0.0,0.0,0.0,5401.0,-0.0,6934.0,-107615168.0,-0.0,2.004,2.004,0.0,0.0,0.0,0.0,69,3.222030068424997e+26,-3.22200830126699e+26,0.0,0.0,0.0,0.0,0.0,0.0,0.0,0,0,0,0.0,0.0,0.0,0.0,0.0,0.0,0.0,0.0,0.0,0.0,0.0,0.0,0.0,0.0,0.0,0.0,0,-107875648.0,69,0.0,138,0.0,2.012,ERR,ERR,ERR,ERR,ERR,ERR,ERR,ERR,ERR,ERR,ERR,ERR,ERR,ERR,ERR,ERR,ERR,ERR,ERR,ERR,ERR,ERR,ERR,ERR,ERR,ERR,ERR,ERR,ERR,ERR,ERR,ERR,ERR,ERR,ERR,ERR,ERR,ERR,ERR,ERR,ERR,ERR,ERR,ERR,ERR,ERR,ERR,ERR,ERR,ERR,ERR,ERR,ERR,ERR,ERR,ERR,ERR,ERR,ERR,ERR,ERR,ERR,ERR,ERR,ERR,ERR,ERR,60.0,60.0,35,0.0,0.0,0.0,0.0,0.0,0.0,0.0,0.0,0.0,0.0,0.0,0.0,0.0,0.0,0.0,0.0,65.2,0,150,71,58,65476,0,65476,0,1,8,20529,65476,0,0,2621,60.0,0.0,0.0,0.0,0.0,0.0
2026-07-09T15:32:13,ERR,ERR,ERR,ERR,ERR,ERR,ERR,ERR,ERR,ERR,ERR,ERR,ERR,ERR,ERR,ERR,ERR,ERR,ERR,ERR,ERR,ERR,ERR,ERR,ERR,ERR,ERR,ERR,ERR,ERR,ERR,ERR,ERR,ERR,ERR,ERR,ERR,ERR,ERR,ERR,ERR,ERR,ERR,ERR,ERR,ERR,ERR,ERR,ERR,ERR,ERR,ERR,ERR,ERR,ERR,ERR,ERR,ERR,ERR,ERR,ERR,ERR,ERR,ERR,ERR,ERR,ERR,ERR,ERR,ERR,ERR,ERR,ERR,ERR,ERR,ERR,ERR,ERR,ERR,ERR,ERR,ERR,ERR,ERR,ERR,ERR,ERR,ERR,ERR,ERR,ERR,ERR,ERR,ERR,ERR,ERR,ERR,ERR,ERR,ERR,ERR,ERR,ERR,ERR,ERR,ERR,ERR,ERR,ERR,ERR,ERR,ERR,ERR,ERR,ERR,ERR,ERR,ERR,ERR,ERR,ERR,ERR,ERR,ERR,ERR,-107615168.0,-0.0,2.730228731315862e+23,2.7183478752108883e+23,3.697475525085128e+19,-3.326465062005845e+38,-1.3953738503694307e+27,0.0,0,0,4,17330,7116,0.0,100,0.0,0.0,2.7183478752108883e+23,0.0,0.0,0,0,0,0,0.0,0,0,0,0,0,0,0,0,0,0,0,0,0,0,0,0,0,0,0,0,0,0,0,0,0,0,0,0,0,0,0,0,0,31,40,40,71,65476,0,300,0,0,8,21553,0.0,-107605600.0,0.0,0.0,0.0,0.0,0.0,0.0,0.0,0.0,0.0,0.0,0.0,0.0,0.0,0.0,0.0,0.0,0.0,0.0,0.0,0.0,-0.0,-2.004,0.0,0.0,0.0,0.0,0.0,0.0,5401.0,-0.0,6934.0,-107615168.0,-0.0,2.004,2.004,0.0,0.0,0.0,0.0,69,3.222030068424997e+26,-3.22200830126699e+26,0.0,0.0,0.0,0.0,0.0,0.0,0.0,0,0,0,0.0,0.0,0.0,0.0,0.0,0.0,0.0,0.0,0.0,0.0,0.0,0.0,0.0,0.0,0.0,0.0,0,-107875648.0,69,0.0,138,0.0,2.012,ERR,ERR,ERR,ERR,ERR,ERR,ERR,ERR,ERR,ERR,ERR,ERR,ERR,ERR,ERR,ERR,ERR,ERR,ERR,ERR,ERR,ERR,ERR,ERR,ERR,ERR,ERR,ERR,ERR,ERR,ERR,ERR,ERR,ERR,ERR,ERR,ERR,ERR,ERR,ERR,ERR,ERR,ERR,ERR,ERR,ERR,ERR,ERR,ERR,ERR,ERR,ERR,ERR,ERR,ERR,ERR,ERR,ERR,ERR,ERR,ERR,ERR,ERR,ERR,ERR,ERR,ERR,60.0,60.0,35,0.0,0.0,0.0,0.0,0.0,0.0,0.0,0.0,0.0,0.0,0.0,0.0,0.0,0.0,0.0,0.0,65.2,0,150,71,58,65476,0,65476,0,1,8,20529,65476,0,0,2621,60.0,0.0,0.0,0.0,0.0,0.0
2026-07-09T15:32:14,ERR,ERR,ERR,ERR,ERR,ERR,ERR,ERR,ERR,ERR,ERR,ERR,ERR,ERR,ERR,ERR,ERR,ERR,ERR,ERR,ERR,ERR,ERR,ERR,ERR,ERR,ERR,ERR,ERR,ERR,ERR,ERR,ERR,ERR,ERR,ERR,ERR,ERR,ERR,ERR,ERR,ERR,ERR,ERR,ERR,ERR,ERR,ERR,ERR,ERR,ERR,ERR,ERR,ERR,ERR,ERR,ERR,ERR,ERR,ERR,ERR,ERR,ERR,ERR,ERR,ERR,ERR,ERR,ERR,ERR,ERR,ERR,ERR,ERR,ERR,ERR,ERR,ERR,ERR,ERR,ERR,ERR,ERR,ERR,ERR,ERR,ERR,ERR,ERR,ERR,ERR,ERR,ERR,ERR,ERR,ERR,ERR,ERR,ERR,ERR,ERR,ERR,ERR,ERR,ERR,ERR,ERR,ERR,ERR,ERR,ERR,ERR,ERR,ERR,ERR,ERR,ERR,ERR,ERR,ERR,ERR,ERR,ERR,ERR,ERR,-107615168.0,-0.0,2.730228731315862e+23,2.7183478752108883e+23,3.697475525085128e+19,-3.326465062005845e+38,-1.3953738503694307e+27,0.0,0,0,4,17330,7116,0.0,100,0.0,0.0,2.7183478752108883e+23,0.0,0.0,0,0,0,0,0.0,0,0,0,0,0,0,0,0,0,0,0,0,0,0,0,0,0,0,0,0,0,0,0,0,0,0,0,0,0,0,0,0,0,31,40,40,71,65476,0,300,0,0,8,21553,0.0,-107605600.0,0.0,0.0,0.0,0.0,0.0,0.0,0.0,0.0,0.0,0.0,0.0,0.0,0.0,0.0,0.0,0.0,0.0,0.0,0.0,0.0,-0.0,-2.004,0.0,0.0,0.0,0.0,0.0,0.0,5401.0,-0.0,6934.0,-107615168.0,-0.0,2.004,2.004,0.0,0.0,0.0,0.0,69,3.222030068424997e+26,-3.22200830126699e+26,0.0,0.0,0.0,0.0,0.0,0.0,0.0,0,0,0,0.0,0.0,0.0,0.0,0.0,0.0,0.0,0.0,0.0,0.0,0.0,0.0,0.0,0.0,0.0,0.0,0,-107875648.0,69,0.0,138,0.0,2.012,ERR,ERR,ERR,ERR,ERR,ERR,ERR,ERR,ERR,ERR,ERR,ERR,ERR,ERR,ERR,ERR,ERR,ERR,ERR,ERR,ERR,ERR,ERR,ERR,ERR,ERR,ERR,ERR,ERR,ERR,ERR,ERR,ERR,ERR,ERR,ERR,ERR,ERR,ERR,ERR,ERR,ERR,ERR,ERR,ERR,ERR,ERR,ERR,ERR,ERR,ERR,ERR,ERR,ERR,ERR,ERR,ERR,ERR,ERR,ERR,ERR,ERR,ERR,ERR,ERR,ERR,ERR,60.0,60.0,35,0.0,0.0,0.0,0.0,0.0,0.0,0.0,0.0,0.0,0.0,0.0,0.0,0.0,0.0,0.0,0.0,64.8,0,150,71,58,65476,0,65476,0,1,8,20529,65476,0,0,2621,60.0,0.0,0.0,0.0,0.0,0.0
2026-07-09T15:32:15,ERR,ERR,ERR,ERR,ERR,ERR,ERR,ERR,ERR,ERR,ERR,ERR,ERR,ERR,ERR,ERR,ERR,ERR,ERR,ERR,ERR,ERR,ERR,ERR,ERR,ERR,ERR,ERR,ERR,ERR,ERR,ERR,ERR,ERR,ERR,ERR,ERR,ERR,ERR,ERR,ERR,ERR,ERR,ERR,ERR,ERR,ERR,ERR,ERR,ERR,ERR,ERR,ERR,ERR,ERR,ERR,ERR,ERR,ERR,ERR,ERR,ERR,ERR,ERR,ERR,ERR,ERR,ERR,ERR,ERR,ERR,ERR,ERR,ERR,ERR,ERR,ERR,ERR,ERR,ERR,ERR,ERR,ERR,ERR,ERR,ERR,ERR,ERR,ERR,ERR,ERR,ERR,ERR,ERR,ERR,ERR,ERR,ERR,ERR,ERR,ERR,ERR,ERR,ERR,ERR,ERR,ERR,ERR,ERR,ERR,ERR,ERR,ERR,ERR,ERR,ERR,ERR,ERR,ERR,ERR,ERR,ERR,ERR,ERR,ERR,-107615168.0,-0.0,2.730228731315862e+23,0.0,-0.0,-0.0,2.7482976036061184e+16,-0.001,0,0,4,17330,7116,0.0,100,0.0,0.0,0.0,0.0,0.0,0,0,0,0,0.0,0,0,0,0,0,0,0,0,0,0,0,0,0,0,0,0,0,0,0,0,0,0,0,0,0,0,0,0,0,0,0,0,0,31,40,40,71,65476,0,300,0,0,8,21553,0.0,-107605600.0,0.0,0.0,0.0,0.0,0.0,0.0,0.0,0.0,0.0,0.0,0.0,0.0,0.0,0.0,0.0,0.0,0.0,0.0,0.0,0.0,-2.004,-2.004,0.0,0.0,0.0,0.0,0.0,0.0,5438.0,0.0,6915.0,0.0,-0.0,2.004,2.004,0.0,0.0,0.0,0.0,69,-0.0,4.066859702643652e+29,0.0,0.0,0.0,0.0,0.0,0.0,0.0,0,0,0,0.0,0.0,0.0,0.0,0.0,0.0,0.0,0.0,0.0,0.0,0.0,0.0,0.0,0.0,0.0,0.0,0,-107875648.0,69,0.0,138,0.0,2.012,ERR,ERR,ERR,ERR,ERR,ERR,ERR,ERR,ERR,ERR,ERR,ERR,ERR,ERR,ERR,ERR,ERR,ERR,ERR,ERR,ERR,ERR,ERR,ERR,ERR,ERR,ERR,ERR,ERR,ERR,ERR,ERR,ERR,ERR,ERR,ERR,ERR,ERR,ERR,ERR,ERR,ERR,ERR,ERR,ERR,ERR,ERR,ERR,ERR,ERR,ERR,ERR,ERR,ERR,ERR,ERR,ERR,ERR,ERR,ERR,ERR,ERR,ERR,ERR,ERR,ERR,ERR,60.0,60.0,35,0.0,0.0,0.0,0.0,0.0,0.0,0.0,0.0,0.0,0.0,0.0,0.0,0.0,0.0,0.0,0.0,64.8,0,150,71,58,65476,0,65476,0,1,8,20529,65476,0,0,2621,60.0,0.0,0.0,0.0,0.0,0.0
2026-07-09T15:32:16,ERR,ERR,ERR,ERR,ERR,ERR,ERR,ERR,ERR,ERR,ERR,ERR,ERR,ERR,ERR,ERR,ERR,ERR,ERR,ERR,ERR,ERR,ERR,ERR,ERR,ERR,ERR,ERR,ERR,ERR,ERR,ERR,ERR,ERR,ERR,ERR,ERR,ERR,ERR,ERR,ERR,ERR,ERR,ERR,ERR,ERR,ERR,ERR,ERR,ERR,ERR,ERR,ERR,ERR,ERR,ERR,ERR,ERR,ERR,ERR,ERR,ERR,ERR,ERR,ERR,ERR,ERR,ERR,ERR,ERR,ERR,ERR,ERR,ERR,ERR,ERR,ERR,ERR,ERR,ERR,ERR,ERR,ERR,ERR,ERR,ERR,ERR,ERR,ERR,ERR,ERR,ERR,ERR,ERR,ERR,ERR,ERR,ERR,ERR,ERR,ERR,ERR,ERR,ERR,ERR,ERR,ERR,ERR,ERR,ERR,ERR,ERR,ERR,ERR,ERR,ERR,ERR,ERR,ERR,ERR,ERR,ERR,ERR,ERR,ERR,-107615168.0,-0.0,2.730228731315862e+23,0.0,-0.0,-0.0,2.7482976036061184e+16,-0.001,0,0,4,17330,7116,0.0,100,0.0,0.0,0.0,0.0,0.0,0,0,0,0,0.0,0,0,0,0,0,0,0,0,0,0,0,0,0,0,0,0,0,0,0,0,0,0,0,0,0,0,0,0,0,0,0,0,0,31,40,40,71,65476,0,300,0,0,8,21553,0.0,-107605600.0,0.0,0.0,0.0,0.0,0.0,0.0,0.0,0.0,0.0,0.0,0.0,0.0,0.0,0.0,0.0,0.0,0.0,0.0,0.0,0.0,-2.004,-2.004,0.0,0.0,0.0,0.0,0.0,0.0,5438.0,0.0,6915.0,0.0,-0.0,2.004,2.004,0.0,0.0,0.0,0.0,69,-0.0,4.066859702643652e+29,0.0,0.0,0.0,0.0,0.0,0.0,0.0,0,0,0,0.0,0.0,0.0,0.0,0.0,0.0,0.0,0.0,0.0,0.0,0.0,0.0,0.0,0.0,0.0,0.0,0,-107875648.0,69,0.0,138,0.0,2.012,ERR,ERR,ERR,ERR,ERR,ERR,ERR,ERR,ERR,ERR,ERR,ERR,ERR,ERR,ERR,ERR,ERR,ERR,ERR,ERR,ERR,ERR,ERR,ERR,ERR,ERR,ERR,ERR,ERR,ERR,ERR,ERR,ERR,ERR,ERR,ERR,ERR,ERR,ERR,ERR,ERR,ERR,ERR,ERR,ERR,ERR,ERR,ERR,ERR,ERR,ERR,ERR,ERR,ERR,ERR,ERR,ERR,ERR,ERR,ERR,ERR,ERR,ERR,ERR,ERR,ERR,ERR,60.0,60.0,35,0.0,0.0,0.0,0.0,0.0,0.0,0.0,0.0,0.0,0.0,0.0,0.0,0.0,0.0,0.0,0.0,64.8,0,150,71,58,65476,0,65476,0,1,8,20529,65476,0,0,2621,60.0,0.0,0.0,0.0,0.0,0.0
2026-07-09T15:32:17,ERR,ERR,ERR,ERR,ERR,ERR,ERR,ERR,ERR,ERR,ERR,ERR,ERR,ERR,ERR,ERR,ERR,ERR,ERR,ERR,ERR,ERR,ERR,ERR,ERR,ERR,ERR,ERR,ERR,ERR,ERR,ERR,ERR,ERR,ERR,ERR,ERR,ERR,ERR,ERR,ERR,ERR,ERR,ERR,ERR,ERR,ERR,ERR,ERR,ERR,ERR,ERR,ERR,ERR,ERR,ERR,ERR,ERR,ERR,ERR,ERR,ERR,ERR,ERR,ERR,ERR,ERR,ERR,ERR,ERR,ERR,ERR,ERR,ERR,ERR,ERR,ERR,ERR,ERR,ERR,ERR,ERR,ERR,ERR,ERR,ERR,ERR,ERR,ERR,ERR,ERR,ERR,ERR,ERR,ERR,ERR,ERR,ERR,ERR,ERR,ERR,ERR,ERR,ERR,ERR,ERR,ERR,ERR,ERR,ERR,ERR,ERR,ERR,ERR,ERR,ERR,ERR,ERR,ERR,ERR,ERR,ERR,ERR,ERR,ERR,-107615168.0,-0.0,2.730228731315862e+23,0.0,-0.0,-0.0,2.7482976036061184e+16,-0.001,0,0,4,17330,7116,0.0,100,0.0,0.0,0.0,0.0,0.0,0,0,0,0,0.0,0,0,0,0,0,0,0,0,0,0,0,0,0,0,0,0,0,0,0,0,0,0,0,0,0,0,0,0,0,0,0,0,0,31,40,40,71,65476,0,300,0,0,8,21553,0.0,-107605600.0,0.0,0.0,0.0,0.0,0.0,0.0,0.0,0.0,0.0,0.0,0.0,0.0,0.0,0.0,0.0,0.0,0.0,0.0,0.0,0.0,-2.004,-2.004,0.0,0.0,0.0,0.0,0.0,0.0,5438.0,0.0,6915.0,0.0,-0.0,2.004,2.004,0.0,0.0,0.0,0.0,69,-0.0,4.066859702643652e+29,0.0,0.0,0.0,0.0,0.0,0.0,0.0,0,0,0,0.0,0.0,0.0,0.0,0.0,0.0,0.0,0.0,0.0,0.0,0.0,0.0,0.0,0.0,0.0,0.0,0,-107875648.0,69,0.0,138,0.0,2.012,ERR,ERR,ERR,ERR,ERR,ERR,ERR,ERR,ERR,ERR,ERR,ERR,ERR,ERR,ERR,ERR,ERR,ERR,ERR,ERR,ERR,ERR,ERR,ERR,ERR,ERR,ERR,ERR,ERR,ERR,ERR,ERR,ERR,ERR,ERR,ERR,ERR,ERR,ERR,ERR,ERR,ERR,ERR,ERR,ERR,ERR,ERR,ERR,ERR,ERR,ERR,ERR,ERR,ERR,ERR,ERR,ERR,ERR,ERR,ERR,ERR,ERR,ERR,ERR,ERR,ERR,ERR,60.0,60.0,35,0.0,0.0,0.0,0.0,0.0,0.0,0.0,0.0,0.0,0.0,0.0,0.0,0.0,0.0,0.0,0.0,64.8,0,150,71,58,65476,0,65476,0,1,8,20529,65476,0,0,2621,60.0,0.0,0.0,0.0,0.0,0.0
2026-07-09T15:32:18,ERR,ERR,ERR,ERR,ERR,ERR,ERR,ERR,ERR,ERR,ERR,ERR,ERR,ERR,ERR,ERR,ERR,ERR,ERR,ERR,ERR,ERR,ERR,ERR,ERR,ERR,ERR,ERR,ERR,ERR,ERR,ERR,ERR,ERR,ERR,ERR,ERR,ERR,ERR,ERR,ERR,ERR,ERR,ERR,ERR,ERR,ERR,ERR,ERR,ERR,ERR,ERR,ERR,ERR,ERR,ERR,ERR,ERR,ERR,ERR,ERR,ERR,ERR,ERR,ERR,ERR,ERR,ERR,ERR,ERR,ERR,ERR,ERR,ERR,ERR,ERR,ERR,ERR,ERR,ERR,ERR,ERR,ERR,ERR,ERR,ERR,ERR,ERR,ERR,ERR,ERR,ERR,ERR,ERR,ERR,ERR,ERR,ERR,ERR,ERR,ERR,ERR,ERR,ERR,ERR,ERR,ERR,ERR,ERR,ERR,ERR,ERR,ERR,ERR,ERR,ERR,ERR,ERR,ERR,ERR,ERR,ERR,ERR,ERR,ERR,-107615168.0,-0.0,2.730228731315862e+23,0.0,-0.0,-0.0,2.7482976036061184e+16,-0.001,0,0,4,17330,7116,0.0,100,0.0,0.0,0.0,0.0,0.0,0,0,0,0,0.0,0,0,0,0,0,0,0,0,0,0,0,0,0,0,0,0,0,0,0,0,0,0,0,0,0,0,0,0,0,0,0,0,0,31,40,40,71,65476,0,300,0,0,8,21553,0.0,-107605600.0,0.0,0.0,0.0,0.0,0.0,0.0,0.0,0.0,0.0,0.0,0.0,0.0,0.0,0.0,0.0,0.0,0.0,0.0,0.0,0.0,-2.004,-2.004,0.0,0.0,0.0,0.0,0.0,0.0,5438.0,0.0,6915.0,0.0,-0.0,2.004,2.004,0.0,0.0,0.0,0.0,69,-0.0,4.066859702643652e+29,0.0,0.0,0.0,0.0,0.0,0.0,0.0,0,0,0,0.0,0.0,0.0,0.0,0.0,0.0,0.0,0.0,0.0,0.0,0.0,0.0,0.0,0.0,0.0,0.0,0,-107875648.0,69,0.0,138,0.0,2.012,ERR,ERR,ERR,ERR,ERR,ERR,ERR,ERR,ERR,ERR,ERR,ERR,ERR,ERR,ERR,ERR,ERR,ERR,ERR,ERR,ERR,ERR,ERR,ERR,ERR,ERR,ERR,ERR,ERR,ERR,ERR,ERR,ERR,ERR,ERR,ERR,ERR,ERR,ERR,ERR,ERR,ERR,ERR,ERR,ERR,ERR,ERR,ERR,ERR,ERR,ERR,ERR,ERR,ERR,ERR,ERR,ERR,ERR,ERR,ERR,ERR,ERR,ERR,ERR,ERR,ERR,ERR,60.0,60.0,35,0.0,0.0,0.0,0.0,0.0,0.0,0.0,0.0,0.0,0.0,0.0,0.0,0.0,0.0,0.0,0.0,64.8,0,150,71,58,65476,0,65476,0,1,8,20529,65476,0,0,2621,60.0,0.0,0.0,0.0,0.0,0.0
2026-07-09T15:32:19,ERR,ERR,ERR,ERR,ERR,ERR,ERR,ERR,ERR,ERR,ERR,ERR,ERR,ERR,ERR,ERR,ERR,ERR,ERR,ERR,ERR,ERR,ERR,ERR,ERR,ERR,ERR,ERR,ERR,ERR,ERR,ERR,ERR,ERR,ERR,ERR,ERR,ERR,ERR,ERR,ERR,ERR,ERR,ERR,ERR,ERR,ERR,ERR,ERR,ERR,ERR,ERR,ERR,ERR,ERR,ERR,ERR,ERR,ERR,ERR,ERR,ERR,ERR,ERR,ERR,ERR,ERR,ERR,ERR,ERR,ERR,ERR,ERR,ERR,ERR,ERR,ERR,ERR,ERR,ERR,ERR,ERR,ERR,ERR,ERR,ERR,ERR,ERR,ERR,ERR,ERR,ERR,ERR,ERR,ERR,ERR,ERR,ERR,ERR,ERR,ERR,ERR,ERR,ERR,ERR,ERR,ERR,ERR,ERR,ERR,ERR,ERR,ERR,ERR,ERR,ERR,ERR,ERR,ERR,ERR,ERR,ERR,ERR,ERR,ERR,-107615168.0,-0.0,2.730228731315862e+23,0.0,-0.0,-0.0,2.7482976036061184e+16,-0.001,0,0,4,17330,7116,0.0,100,0.0,0.0,0.0,0.0,0.0,0,0,0,0,0.0,0,0,0,0,0,0,0,0,0,0,0,0,0,0,0,0,0,0,0,0,0,0,0,0,0,0,0,0,0,0,0,0,0,31,40,40,71,65476,0,300,0,0,8,21553,0.0,-107605600.0,0.0,0.0,0.0,0.0,0.0,0.0,0.0,0.0,0.0,0.0,0.0,0.0,0.0,0.0,0.0,0.0,0.0,0.0,0.0,0.0,-2.004,-2.004,0.0,0.0,0.0,0.0,0.0,0.0,5438.0,0.0,6915.0,0.0,-0.0,2.004,2.004,0.0,0.0,0.0,0.0,69,-0.0,4.066859702643652e+29,0.0,0.0,0.0,0.0,0.0,0.0,0.0,0,0,0,0.0,0.0,0.0,0.0,0.0,0.0,0.0,0.0,0.0,0.0,0.0,0.0,0.0,0.0,0.0,0.0,0,-107875648.0,69,0.0,138,0.0,2.012,ERR,ERR,ERR,ERR,ERR,ERR,ERR,ERR,ERR,ERR,ERR,ERR,ERR,ERR,ERR,ERR,ERR,ERR,ERR,ERR,ERR,ERR,ERR,ERR,ERR,ERR,ERR,ERR,ERR,ERR,ERR,ERR,ERR,ERR,ERR,ERR,ERR,ERR,ERR,ERR,ERR,ERR,ERR,ERR,ERR,ERR,ERR,ERR,ERR,ERR,ERR,ERR,ERR,ERR,ERR,ERR,ERR,ERR,ERR,ERR,ERR,ERR,ERR,ERR,ERR,ERR,ERR,60.0,60.0,35,0.0,0.0,0.0,0.0,0.0,0.0,0.0,0.0,0.0,0.0,0.0,0.0,0.0,0.0,0.0,0.0,64.8,0,150,71,58,65476,0,65476,0,1,8,20529,65476,0,0,2621,60.0,0.0,0.0,0.0,0.0,0.0
2026-07-09T15:32:20,ERR,ERR,ERR,ERR,ERR,ERR,ERR,ERR,ERR,ERR,ERR,ERR,ERR,ERR,ERR,ERR,ERR,ERR,ERR,ERR,ERR,ERR,ERR,ERR,ERR,ERR,ERR,ERR,ERR,ERR,ERR,ERR,ERR,ERR,ERR,ERR,ERR,ERR,ERR,ERR,ERR,ERR,ERR,ERR,ERR,ERR,ERR,ERR,ERR,ERR,ERR,ERR,ERR,ERR,ERR,ERR,ERR,ERR,ERR,ERR,ERR,ERR,ERR,ERR,ERR,ERR,ERR,ERR,ERR,ERR,ERR,ERR,ERR,ERR,ERR,ERR,ERR,ERR,ERR,ERR,ERR,ERR,ERR,ERR,ERR,ERR,ERR,ERR,ERR,ERR,ERR,ERR,ERR,ERR,ERR,ERR,ERR,ERR,ERR,ERR,ERR,ERR,ERR,ERR,ERR,ERR,ERR,ERR,ERR,ERR,ERR,ERR,ERR,ERR,ERR,ERR,ERR,ERR,ERR,ERR,ERR,ERR,ERR,ERR,ERR,0.0,-0.0,0.0,2.7183478752108883e+23,0.0,-95797936914432.0,-0.0,-3924.026,0,0,4,17327,7116,0.0,100,0.0,0.0,2.7183478752108883e+23,0.0,0.0,0,0,0,0,0.0,0,0,0,0,0,0,0,0,0,0,0,0,0,0,0,0,0,0,0,0,0,0,0,0,0,0,0,0,0,0,0,0,0,31,40,40,71,65476,0,300,0,0,8,21553,0.0,-107605600.0,0.0,0.0,0.0,0.0,0.0,0.0,0.0,0.0,0.0,0.0,0.0,0.0,0.0,0.0,0.0,0.0,0.0,0.0,0.0,0.0,-2.004,-3.697070465001456e+19,0.0,0.0,0.0,0.0,0.0,0.0,5416.0,0.0,6919.0,0.0,-107616120.0,2.004,2.004,0.0,0.0,0.0,0.0,69,-0.0,-0.0,0.0,0.0,0.0,0.0,0.0,0.0,0.0,0,0,0,0.0,0.0,0.0,0.0,0.0,0.0,0.0,0.0,0.0,0.0,0.0,0.0,0.0,0.0,0.0,0.0,0,-107875648.0,69,0.0,138,0.0,2.012,ERR,ERR,ERR,ERR,ERR,ERR,ERR,ERR,ERR,ERR,ERR,ERR,ERR,ERR,ERR,ERR,ERR,ERR,ERR,ERR,ERR,ERR,ERR,ERR,ERR,ERR,ERR,ERR,ERR,ERR,ERR,ERR,ERR,ERR,ERR,ERR,ERR,ERR,ERR,ERR,ERR,ERR,ERR,ERR,ERR,ERR,ERR,ERR,ERR,ERR,ERR,ERR,ERR,ERR,ERR,ERR,ERR,ERR,ERR,ERR,ERR,ERR,ERR,ERR,ERR,ERR,ERR,60.0,60.0,35,0.0,0.0,0.0,0.0,0.0,0.0,0.0,0.0,0.0,0.0,0.0,0.0,0.0,0.0,0.0,0.0,64.8,0,150,71,58,65476,0,65476,0,1,8,20529,65476,0,0,2621,60.0,0.0,0.0,0.0,0.0,0.0
2026-07-09T15:32:21,ERR,ERR,ERR,ERR,ERR,ERR,ERR,ERR,ERR,ERR,ERR,ERR,ERR,ERR,ERR,ERR,ERR,ERR,ERR,ERR,ERR,ERR,ERR,ERR,ERR,ERR,ERR,ERR,ERR,ERR,ERR,ERR,ERR,ERR,ERR,ERR,ERR,ERR,ERR,ERR,ERR,ERR,ERR,ERR,ERR,ERR,ERR,ERR,ERR,ERR,ERR,ERR,ERR,ERR,ERR,ERR,ERR,ERR,ERR,ERR,ERR,ERR,ERR,ERR,ERR,ERR,ERR,ERR,ERR,ERR,ERR,ERR,ERR,ERR,ERR,ERR,ERR,ERR,ERR,ERR,ERR,ERR,ERR,ERR,ERR,ERR,ERR,ERR,ERR,ERR,ERR,ERR,ERR,ERR,ERR,ERR,ERR,ERR,ERR,ERR,ERR,ERR,ERR,ERR,ERR,ERR,ERR,ERR,ERR,ERR,ERR,ERR,ERR,ERR,ERR,ERR,ERR,ERR,ERR,ERR,ERR,ERR,ERR,ERR,ERR,0.0,-0.0,0.0,2.7183478752108883e+23,0.0,-95797936914432.0,-0.0,-3924.026,0,0,4,17327,7116,0.0,100,0.0,0.0,2.7183478752108883e+23,0.0,0.0,0,0,0,0,0.0,0,0,0,0,0,0,0,0,0,0,0,0,0,0,0,0,0,0,0,0,0,0,0,0,0,0,0,0,0,0,0,0,0,31,40,40,71,65476,0,300,0,0,8,21553,0.0,-107605600.0,0.0,0.0,0.0,0.0,0.0,0.0,0.0,0.0,0.0,0.0,0.0,0.0,0.0,0.0,0.0,0.0,0.0,0.0,0.0,0.0,-2.004,-3.697070465001456e+19,0.0,0.0,0.0,0.0,0.0,0.0,5416.0,0.0,6919.0,0.0,-107616120.0,2.004,2.004,0.0,0.0,0.0,0.0,69,-0.0,-0.0,0.0,0.0,0.0,0.0,0.0,0.0,0.0,0,0,0,0.0,0.0,0.0,0.0,0.0,0.0,0.0,0.0,0.0,0.0,0.0,0.0,0.0,0.0,0.0,0.0,0,-107875648.0,69,0.0,138,0.0,2.012,ERR,ERR,ERR,ERR,ERR,ERR,ERR,ERR,ERR,ERR,ERR,ERR,ERR,ERR,ERR,ERR,ERR,ERR,ERR,ERR,ERR,ERR,ERR,ERR,ERR,ERR,ERR,ERR,ERR,ERR,ERR,ERR,ERR,ERR,ERR,ERR,ERR,ERR,ERR,ERR,ERR,ERR,ERR,ERR,ERR,ERR,ERR,ERR,ERR,ERR,ERR,ERR,ERR,ERR,ERR,ERR,ERR,ERR,ERR,ERR,ERR,ERR,ERR,ERR,ERR,ERR,ERR,60.0,60.0,35,0.0,0.0,0.0,0.0,0.0,0.0,0.0,0.0,0.0,0.0,0.0,0.0,0.0,0.0,0.0,0.0,64.8,0,150,71,58,65476,0,65476,0,1,8,20529,65476,0,0,2621,60.0,0.0,0.0,0.0,0.0,0.0
2026-07-09T15:32:22,ERR,ERR,ERR,ERR,ERR,ERR,ERR,ERR,ERR,ERR,ERR,ERR,ERR,ERR,ERR,ERR,ERR,ERR,ERR,ERR,ERR,ERR,ERR,ERR,ERR,ERR,ERR,ERR,ERR,ERR,ERR,ERR,ERR,ERR,ERR,ERR,ERR,ERR,ERR,ERR,ERR,ERR,ERR,ERR,ERR,ERR,ERR,ERR,ERR,ERR,ERR,ERR,ERR,ERR,ERR,ERR,ERR,ERR,ERR,ERR,ERR,ERR,ERR,ERR,ERR,ERR,ERR,ERR,ERR,ERR,ERR,ERR,ERR,ERR,ERR,ERR,ERR,ERR,ERR,ERR,ERR,ERR,ERR,ERR,ERR,ERR,ERR,ERR,ERR,ERR,ERR,ERR,ERR,ERR,ERR,ERR,ERR,ERR,ERR,ERR,ERR,ERR,ERR,ERR,ERR,ERR,ERR,ERR,ERR,ERR,ERR,ERR,ERR,ERR,ERR,ERR,ERR,ERR,ERR,ERR,ERR,ERR,ERR,ERR,ERR,0.0,-0.0,0.0,2.7183478752108883e+23,0.0,-95797936914432.0,-0.0,-3924.026,0,0,4,17327,7116,0.0,100,0.0,0.0,2.7183478752108883e+23,0.0,0.0,0,0,0,0,0.0,0,0,0,0,0,0,0,0,0,0,0,0,0,0,0,0,0,0,0,0,0,0,0,0,0,0,0,0,0,0,0,0,0,31,40,40,71,65476,0,300,0,0,8,21553,0.0,-107605600.0,0.0,0.0,0.0,0.0,0.0,0.0,0.0,0.0,0.0,0.0,0.0,0.0,0.0,0.0,0.0,0.0,0.0,0.0,0.0,0.0,-2.004,-3.697070465001456e+19,0.0,0.0,0.0,0.0,0.0,0.0,5416.0,0.0,6919.0,0.0,-107616120.0,2.004,2.004,0.0,0.0,0.0,0.0,69,-0.0,-0.0,0.0,0.0,0.0,0.0,0.0,0.0,0.0,0,0,0,0.0,0.0,0.0,0.0,0.0,0.0,0.0,0.0,0.0,0.0,0.0,0.0,0.0,0.0,0.0,0.0,0,-107875648.0,69,0.0,138,0.0,2.012,ERR,ERR,ERR,ERR,ERR,ERR,ERR,ERR,ERR,ERR,ERR,ERR,ERR,ERR,ERR,ERR,ERR,ERR,ERR,ERR,ERR,ERR,ERR,ERR,ERR,ERR,ERR,ERR,ERR,ERR,ERR,ERR,ERR,ERR,ERR,ERR,ERR,ERR,ERR,ERR,ERR,ERR,ERR,ERR,ERR,ERR,ERR,ERR,ERR,ERR,ERR,ERR,ERR,ERR,ERR,ERR,ERR,ERR,ERR,ERR,ERR,ERR,ERR,ERR,ERR,ERR,ERR,60.0,60.0,35,0.0,0.0,0.0,0.0,0.0,0.0,0.0,0.0,0.0,0.0,0.0,0.0,0.0,0.0,0.0,0.0,65.2,0,150,71,58,65476,0,65476,0,1,8,20529,65476,0,0,2621,60.0,0.0,0.0,0.0,0.0,0.0
2026-07-09T15:32:23,ERR,ERR,ERR,ERR,ERR,ERR,ERR,ERR,ERR,ERR,ERR,ERR,ERR,ERR,ERR,ERR,ERR,ERR,ERR,ERR,ERR,ERR,ERR,ERR,ERR,ERR,ERR,ERR,ERR,ERR,ERR,ERR,ERR,ERR,ERR,ERR,ERR,ERR,ERR,ERR,ERR,ERR,ERR,ERR,ERR,ERR,ERR,ERR,ERR,ERR,ERR,ERR,ERR,ERR,ERR,ERR,ERR,ERR,ERR,ERR,ERR,ERR,ERR,ERR,ERR,ERR,ERR,ERR,ERR,ERR,ERR,ERR,ERR,ERR,ERR,ERR,ERR,ERR,ERR,ERR,ERR,ERR,ERR,ERR,ERR,ERR,ERR,ERR,ERR,ERR,ERR,ERR,ERR,ERR,ERR,ERR,ERR,ERR,ERR,ERR,ERR,ERR,ERR,ERR,ERR,ERR,ERR,ERR,ERR,ERR,ERR,ERR,ERR,ERR,ERR,ERR,ERR,ERR,ERR,ERR,ERR,ERR,ERR,ERR,ERR,0.0,-0.0,0.0,2.7183478752108883e+23,0.0,-95797936914432.0,-0.0,-3924.026,0,0,4,17327,7116,0.0,100,0.0,0.0,2.7183478752108883e+23,0.0,0.0,0,0,0,0,0.0,0,0,0,0,0,0,0,0,0,0,0,0,0,0,0,0,0,0,0,0,0,0,0,0,0,0,0,0,0,0,0,0,0,31,40,40,71,65476,0,300,0,0,8,21553,0.0,-107605600.0,0.0,0.0,0.0,0.0,0.0,0.0,0.0,0.0,0.0,0.0,0.0,0.0,0.0,0.0,0.0,0.0,0.0,0.0,0.0,0.0,-2.004,-3.697070465001456e+19,0.0,0.0,0.0,0.0,0.0,0.0,5416.0,0.0,6919.0,0.0,-107616120.0,2.004,2.004,0.0,0.0,0.0,0.0,69,-0.0,-0.0,0.0,0.0,0.0,0.0,0.0,0.0,0.0,0,0,0,0.0,0.0,0.0,0.0,0.0,0.0,0.0,0.0,0.0,0.0,0.0,0.0,0.0,0.0,0.0,0.0,0,-107875648.0,69,0.0,138,0.0,2.012,ERR,ERR,ERR,ERR,ERR,ERR,ERR,ERR,ERR,ERR,ERR,ERR,ERR,ERR,ERR,ERR,ERR,ERR,ERR,ERR,ERR,ERR,ERR,ERR,ERR,ERR,ERR,ERR,ERR,ERR,ERR,ERR,ERR,ERR,ERR,ERR,ERR,ERR,ERR,ERR,ERR,ERR,ERR,ERR,ERR,ERR,ERR,ERR,ERR,ERR,ERR,ERR,ERR,ERR,ERR,ERR,ERR,ERR,ERR,ERR,ERR,ERR,ERR,ERR,ERR,ERR,ERR,60.0,60.0,35,0.0,0.0,0.0,0.0,0.0,0.0,0.0,0.0,0.0,0.0,0.0,0.0,0.0,0.0,0.0,0.0,65.2,0,150,71,58,65476,0,65476,0,1,8,20529,65476,0,0,2621,60.0,0.0,0.0,0.0,0.0,0.0
2026-07-09T15:32:24,ERR,ERR,ERR,ERR,ERR,ERR,ERR,ERR,ERR,ERR,ERR,ERR,ERR,ERR,ERR,ERR,ERR,ERR,ERR,ERR,ERR,ERR,ERR,ERR,ERR,ERR,ERR,ERR,ERR,ERR,ERR,ERR,ERR,ERR,ERR,ERR,ERR,ERR,ERR,ERR,ERR,ERR,ERR,ERR,ERR,ERR,ERR,ERR,ERR,ERR,ERR,ERR,ERR,ERR,ERR,ERR,ERR,ERR,ERR,ERR,ERR,ERR,ERR,ERR,ERR,ERR,ERR,ERR,ERR,ERR,ERR,ERR,ERR,ERR,ERR,ERR,ERR,ERR,ERR,ERR,ERR,ERR,ERR,ERR,ERR,ERR,ERR,ERR,ERR,ERR,ERR,ERR,ERR,ERR,ERR,ERR,ERR,ERR,ERR,ERR,ERR,ERR,ERR,ERR,ERR,ERR,ERR,ERR,ERR,ERR,ERR,ERR,ERR,ERR,ERR,ERR,ERR,ERR,ERR,ERR,ERR,ERR,ERR,ERR,ERR,0.0,-0.0,0.0,2.7183478752108883e+23,0.0,-95797936914432.0,-0.0,-3924.026,0,0,4,17327,7116,0.0,100,0.0,0.0,2.7183478752108883e+23,0.0,0.0,0,0,0,0,0.0,0,0,0,0,0,0,0,0,0,0,0,0,0,0,0,0,0,0,0,0,0,0,0,0,0,0,0,0,0,0,0,0,0,31,40,40,71,65476,0,300,0,0,8,21553,0.0,-107605600.0,0.0,0.0,0.0,0.0,0.0,0.0,0.0,0.0,0.0,0.0,0.0,0.0,0.0,0.0,0.0,0.0,0.0,0.0,0.0,0.0,-2.004,-3.697070465001456e+19,0.0,0.0,0.0,0.0,0.0,0.0,5416.0,0.0,6919.0,0.0,-107616120.0,2.004,2.004,0.0,0.0,0.0,0.0,69,-0.0,-0.0,0.0,0.0,0.0,0.0,0.0,0.0,0.0,0,0,0,0.0,0.0,0.0,0.0,0.0,0.0,0.0,0.0,0.0,0.0,0.0,0.0,0.0,0.0,0.0,0.0,0,-107875648.0,69,0.0,138,0.0,2.012,ERR,ERR,ERR,ERR,ERR,ERR,ERR,ERR,ERR,ERR,ERR,ERR,ERR,ERR,ERR,ERR,ERR,ERR,ERR,ERR,ERR,ERR,ERR,ERR,ERR,ERR,ERR,ERR,ERR,ERR,ERR,ERR,ERR,ERR,ERR,ERR,ERR,ERR,ERR,ERR,ERR,ERR,ERR,ERR,ERR,ERR,ERR,ERR,ERR,ERR,ERR,ERR,ERR,ERR,ERR,ERR,ERR,ERR,ERR,ERR,ERR,ERR,ERR,ERR,ERR,ERR,ERR,60.0,60.0,35,0.0,0.0,0.0,0.0,0.0,0.0,0.0,0.0,0.0,0.0,0.0,0.0,0.0,0.0,0.0,0.0,64.8,0,150,71,58,65476,0,65476,0,1,8,20529,65476,0,0,2621,60.0,0.0,0.0,0.0,0.0,0.0
2026-07-09T15:32:25,ERR,ERR,ERR,ERR,ERR,ERR,ERR,ERR,ERR,ERR,ERR,ERR,ERR,ERR,ERR,ERR,ERR,ERR,ERR,ERR,ERR,ERR,ERR,ERR,ERR,ERR,ERR,ERR,ERR,ERR,ERR,ERR,ERR,ERR,ERR,ERR,ERR,ERR,ERR,ERR,ERR,ERR,ERR,ERR,ERR,ERR,ERR,ERR,ERR,ERR,ERR,ERR,ERR,ERR,ERR,ERR,ERR,ERR,ERR,ERR,ERR,ERR,ERR,ERR,ERR,ERR,ERR,ERR,ERR,ERR,ERR,ERR,ERR,ERR,ERR,ERR,ERR,ERR,ERR,ERR,ERR,ERR,ERR,ERR,ERR,ERR,ERR,ERR,ERR,ERR,ERR,ERR,ERR,ERR,ERR,ERR,ERR,ERR,ERR,ERR,ERR,ERR,ERR,ERR,ERR,ERR,ERR,ERR,ERR,ERR,ERR,ERR,ERR,ERR,ERR,ERR,ERR,ERR,ERR,ERR,ERR,ERR,ERR,ERR,ERR,-0.0,-107616120.0,0.0,0.0,384.564,6.451651794740183e+17,0.0,7.92641568588466e+34,0,0,4,17327,7116,0.0,100,0.0,0.0,0.0,0.0,0.0,0,0,0,0,0.0,0,0,0,0,0,0,0,0,0,0,0,0,0,0,0,0,0,0,0,0,0,0,0,0,0,0,0,0,0,0,0,0,0,31,40,40,71,65476,0,300,0,0,8,21553,0.0,-107605600.0,0.0,0.0,0.0,0.0,0.0,0.0,0.0,0.0,0.0,0.0,0.0,0.0,0.0,0.0,0.0,0.0,0.0,0.0,0.0,0.0,0.0,-3.697070465001456e+19,0.0,0.0,0.0,0.0,0.0,0.0,5427.0,0.0,6915.0,-0.0,-107616120.0,2.004,2.004,0.0,0.0,0.0,0.0,69,-4.950430145311814e+32,4.066859702643652e+29,0.0,0.0,0.0,0.0,0.0,0.0,0.0,0,0,0,0.0,0.0,0.0,0.0,0.0,0.0,0.0,0.0,0.0,0.0,0.0,0.0,0.0,0.0,0.0,0.0,0,-107875648.0,69,0.0,138,0.0,2.012,ERR,ERR,ERR,ERR,ERR,ERR,ERR,ERR,ERR,ERR,ERR,ERR,ERR,ERR,ERR,ERR,ERR,ERR,ERR,ERR,ERR,ERR,ERR,ERR,ERR,ERR,ERR,ERR,ERR,ERR,ERR,ERR,ERR,ERR,ERR,ERR,ERR,ERR,ERR,ERR,ERR,ERR,ERR,ERR,ERR,ERR,ERR,ERR,ERR,ERR,ERR,ERR,ERR,ERR,ERR,ERR,ERR,ERR,ERR,ERR,ERR,ERR,ERR,ERR,ERR,ERR,ERR,60.0,60.0,35,0.0,0.0,0.0,0.0,0.0,0.0,0.0,0.0,0.0,0.0,0.0,0.0,0.0,0.0,0.0,0.0,64.8,0,150,71,58,65476,0,65476,0,1,8,20529,65476,0,0,2621,60.0,0.0,0.0,0.0,0.0,0.0
2026-07-09T15:32:26,ERR,ERR,ERR,ERR,ERR,ERR,ERR,ERR,ERR,ERR,ERR,ERR,ERR,ERR,ERR,ERR,ERR,ERR,ERR,ERR,ERR,ERR,ERR,ERR,ERR,ERR,ERR,ERR,ERR,ERR,ERR,ERR,ERR,ERR,ERR,ERR,ERR,ERR,ERR,ERR,ERR,ERR,ERR,ERR,ERR,ERR,ERR,ERR,ERR,ERR,ERR,ERR,ERR,ERR,ERR,ERR,ERR,ERR,ERR,ERR,ERR,ERR,ERR,ERR,ERR,ERR,ERR,ERR,ERR,ERR,ERR,ERR,ERR,ERR,ERR,ERR,ERR,ERR,ERR,ERR,ERR,ERR,ERR,ERR,ERR,ERR,ERR,ERR,ERR,ERR,ERR,ERR,ERR,ERR,ERR,ERR,ERR,ERR,ERR,ERR,ERR,ERR,ERR,ERR,ERR,ERR,ERR,ERR,ERR,ERR,ERR,ERR,ERR,ERR,ERR,ERR,ERR,ERR,ERR,ERR,ERR,ERR,ERR,ERR,ERR,-0.0,-107616120.0,0.0,0.0,384.564,6.451651794740183e+17,0.0,7.92641568588466e+34,0,0,4,17327,7116,0.0,100,0.0,0.0,0.0,0.0,0.0,0,0,0,0,0.0,0,0,0,0,0,0,0,0,0,0,0,0,0,0,0,0,0,0,0,0,0,0,0,0,0,0,0,0,0,0,0,0,0,31,40,40,71,65476,0,300,0,0,8,21553,0.0,-107605600.0,0.0,0.0,0.0,0.0,0.0,0.0,0.0,0.0,0.0,0.0,0.0,0.0,0.0,0.0,0.0,0.0,0.0,0.0,0.0,0.0,0.0,-3.697070465001456e+19,0.0,0.0,0.0,0.0,0.0,0.0,5427.0,0.0,6915.0,-0.0,-107616120.0,2.004,2.004,0.0,0.0,0.0,0.0,69,-4.950430145311814e+32,4.066859702643652e+29,0.0,0.0,0.0,0.0,0.0,0.0,0.0,0,0,0,0.0,0.0,0.0,0.0,0.0,0.0,0.0,0.0,0.0,0.0,0.0,0.0,0.0,0.0,0.0,0.0,0,-107875648.0,69,0.0,138,0.0,2.012,ERR,ERR,ERR,ERR,ERR,ERR,ERR,ERR,ERR,ERR,ERR,ERR,ERR,ERR,ERR,ERR,ERR,ERR,ERR,ERR,ERR,ERR,ERR,ERR,ERR,ERR,ERR,ERR,ERR,ERR,ERR,ERR,ERR,ERR,ERR,ERR,ERR,ERR,ERR,ERR,ERR,ERR,ERR,ERR,ERR,ERR,ERR,ERR,ERR,ERR,ERR,ERR,ERR,ERR,ERR,ERR,ERR,ERR,ERR,ERR,ERR,ERR,ERR,ERR,ERR,ERR,ERR,60.0,60.0,35,0.0,0.0,0.0,0.0,0.0,0.0,0.0,0.0,0.0,0.0,0.0,0.0,0.0,0.0,0.0,0.0,64.8,0,150,71,58,65476,0,65476,0,1,8,20529,65476,0,0,2621,60.0,0.0,0.0,0.0,0.0,0.0
2026-07-09T15:32:27,ERR,ERR,ERR,ERR,ERR,ERR,ERR,ERR,ERR,ERR,ERR,ERR,ERR,ERR,ERR,ERR,ERR,ERR,ERR,ERR,ERR,ERR,ERR,ERR,ERR,ERR,ERR,ERR,ERR,ERR,ERR,ERR,ERR,ERR,ERR,ERR,ERR,ERR,ERR,ERR,ERR,ERR,ERR,ERR,ERR,ERR,ERR,ERR,ERR,ERR,ERR,ERR,ERR,ERR,ERR,ERR,ERR,ERR,ERR,ERR,ERR,ERR,ERR,ERR,ERR,ERR,ERR,ERR,ERR,ERR,ERR,ERR,ERR,ERR,ERR,ERR,ERR,ERR,ERR,ERR,ERR,ERR,ERR,ERR,ERR,ERR,ERR,ERR,ERR,ERR,ERR,ERR,ERR,ERR,ERR,ERR,ERR,ERR,ERR,ERR,ERR,ERR,ERR,ERR,ERR,ERR,ERR,ERR,ERR,ERR,ERR,ERR,ERR,ERR,ERR,ERR,ERR,ERR,ERR,ERR,ERR,ERR,ERR,ERR,ERR,-0.0,-107616120.0,0.0,0.0,384.564,6.451651794740183e+17,0.0,7.92641568588466e+34,0,0,4,17327,7116,0.0,100,0.0,0.0,0.0,0.0,0.0,0,0,0,0,0.0,0,0,0,0,0,0,0,0,0,0,0,0,0,0,0,0,0,0,0,0,0,0,0,0,0,0,0,0,0,0,0,0,0,31,40,40,71,65476,0,300,0,0,8,21553,0.0,-107605600.0,0.0,0.0,0.0,0.0,0.0,0.0,0.0,0.0,0.0,0.0,0.0,0.0,0.0,0.0,0.0,0.0,0.0,0.0,0.0,0.0,0.0,-3.697070465001456e+19,0.0,0.0,0.0,0.0,0.0,0.0,5427.0,0.0,6915.0,-0.0,-107616120.0,2.004,2.004,0.0,0.0,0.0,0.0,69,-4.950430145311814e+32,4.066859702643652e+29,0.0,0.0,0.0,0.0,0.0,0.0,0.0,0,0,0,0.0,0.0,0.0,0.0,0.0,0.0,0.0,0.0,0.0,0.0,0.0,0.0,0.0,0.0,0.0,0.0,0,-107875648.0,69,0.0,138,0.0,2.012,ERR,ERR,ERR,ERR,ERR,ERR,ERR,ERR,ERR,ERR,ERR,ERR,ERR,ERR,ERR,ERR,ERR,ERR,ERR,ERR,ERR,ERR,ERR,ERR,ERR,ERR,ERR,ERR,ERR,ERR,ERR,ERR,ERR,ERR,ERR,ERR,ERR,ERR,ERR,ERR,ERR,ERR,ERR,ERR,ERR,ERR,ERR,ERR,ERR,ERR,ERR,ERR,ERR,ERR,ERR,ERR,ERR,ERR,ERR,ERR,ERR,ERR,ERR,ERR,ERR,ERR,ERR,60.0,60.0,35,0.0,0.0,0.0,0.0,0.0,0.0,0.0,0.0,0.0,0.0,0.0,0.0,0.0,0.0,0.0,0.0,65.2,0,150,71,58,65476,0,65476,0,1,8,20529,65476,0,0,2621,60.0,0.0,0.0,0.0,0.0,0.0
2026-07-09T15:32:28,ERR,ERR,ERR,ERR,ERR,ERR,ERR,ERR,ERR,ERR,ERR,ERR,ERR,ERR,ERR,ERR,ERR,ERR,ERR,ERR,ERR,ERR,ERR,ERR,ERR,ERR,ERR,ERR,ERR,ERR,ERR,ERR,ERR,ERR,ERR,ERR,ERR,ERR,ERR,ERR,ERR,ERR,ERR,ERR,ERR,ERR,ERR,ERR,ERR,ERR,ERR,ERR,ERR,ERR,ERR,ERR,ERR,ERR,ERR,ERR,ERR,ERR,ERR,ERR,ERR,ERR,ERR,ERR,ERR,ERR,ERR,ERR,ERR,ERR,ERR,ERR,ERR,ERR,ERR,ERR,ERR,ERR,ERR,ERR,ERR,ERR,ERR,ERR,ERR,ERR,ERR,ERR,ERR,ERR,ERR,ERR,ERR,ERR,ERR,ERR,ERR,ERR,ERR,ERR,ERR,ERR,ERR,ERR,ERR,ERR,ERR,ERR,ERR,ERR,ERR,ERR,ERR,ERR,ERR,ERR,ERR,ERR,ERR,ERR,ERR,-0.0,-107616120.0,0.0,0.0,384.564,6.451651794740183e+17,0.0,7.92641568588466e+34,0,0,4,17327,7116,0.0,100,0.0,0.0,0.0,0.0,0.0,0,0,0,0,0.0,0,0,0,0,0,0,0,0,0,0,0,0,0,0,0,0,0,0,0,0,0,0,0,0,0,0,0,0,0,0,0,0,0,31,40,40,71,65476,0,300,0,0,8,21553,0.0,-107605600.0,0.0,0.0,0.0,0.0,0.0,0.0,0.0,0.0,0.0,0.0,0.0,0.0,0.0,0.0,0.0,0.0,0.0,0.0,0.0,0.0,0.0,-3.697070465001456e+19,0.0,0.0,0.0,0.0,0.0,0.0,5427.0,0.0,6915.0,-0.0,-107616120.0,2.004,2.004,0.0,0.0,0.0,0.0,69,-4.950430145311814e+32,4.066859702643652e+29,0.0,0.0,0.0,0.0,0.0,0.0,0.0,0,0,0,0.0,0.0,0.0,0.0,0.0,0.0,0.0,0.0,0.0,0.0,0.0,0.0,0.0,0.0,0.0,0.0,0,-107875648.0,69,0.0,138,0.0,2.012,ERR,ERR,ERR,ERR,ERR,ERR,ERR,ERR,ERR,ERR,ERR,ERR,ERR,ERR,ERR,ERR,ERR,ERR,ERR,ERR,ERR,ERR,ERR,ERR,ERR,ERR,ERR,ERR,ERR,ERR,ERR,ERR,ERR,ERR,ERR,ERR,ERR,ERR,ERR,ERR,ERR,ERR,ERR,ERR,ERR,ERR,ERR,ERR,ERR,ERR,ERR,ERR,ERR,ERR,ERR,ERR,ERR,ERR,ERR,ERR,ERR,ERR,ERR,ERR,ERR,ERR,ERR,60.0,60.0,35,0.0,0.0,0.0,0.0,0.0,0.0,0.0,0.0,0.0,0.0,0.0,0.0,0.0,0.0,0.0,0.0,65.2,0,150,71,58,65476,0,65476,0,1,8,20529,65476,0,0,2621,60.0,0.0,0.0,0.0,0.0,0.0
2026-07-09T15:32:29,ERR,ERR,ERR,ERR,ERR,ERR,ERR,ERR,ERR,ERR,ERR,ERR,ERR,ERR,ERR,ERR,ERR,ERR,ERR,ERR,ERR,ERR,ERR,ERR,ERR,ERR,ERR,ERR,ERR,ERR,ERR,ERR,ERR,ERR,ERR,ERR,ERR,ERR,ERR,ERR,ERR,ERR,ERR,ERR,ERR,ERR,ERR,ERR,ERR,ERR,ERR,ERR,ERR,ERR,ERR,ERR,ERR,ERR,ERR,ERR,ERR,ERR,ERR,ERR,ERR,ERR,ERR,ERR,ERR,ERR,ERR,ERR,ERR,ERR,ERR,ERR,ERR,ERR,ERR,ERR,ERR,ERR,ERR,ERR,ERR,ERR,ERR,ERR,ERR,ERR,ERR,ERR,ERR,ERR,ERR,ERR,ERR,ERR,ERR,ERR,ERR,ERR,ERR,ERR,ERR,ERR,ERR,ERR,ERR,ERR,ERR,ERR,ERR,ERR,ERR,ERR,ERR,ERR,ERR,ERR,ERR,ERR,ERR,ERR,ERR,-0.0,-107616120.0,0.0,0.0,384.564,6.451651794740183e+17,0.0,7.92641568588466e+34,0,0,4,17327,7116,0.0,100,0.0,0.0,0.0,0.0,0.0,0,0,0,0,0.0,0,0,0,0,0,0,0,0,0,0,0,0,0,0,0,0,0,0,0,0,0,0,0,0,0,0,0,0,0,0,0,0,0,31,40,40,71,65476,0,300,0,0,8,21553,0.0,-107605600.0,0.0,0.0,0.0,0.0,0.0,0.0,0.0,0.0,0.0,0.0,0.0,0.0,0.0,0.0,0.0,0.0,0.0,0.0,0.0,0.0,0.0,-3.697070465001456e+19,0.0,0.0,0.0,0.0,0.0,0.0,5427.0,0.0,6915.0,-0.0,-107616120.0,2.004,2.004,0.0,0.0,0.0,0.0,69,-4.950430145311814e+32,4.066859702643652e+29,0.0,0.0,0.0,0.0,0.0,0.0,0.0,0,0,0,0.0,0.0,0.0,0.0,0.0,0.0,0.0,0.0,0.0,0.0,0.0,0.0,0.0,0.0,0.0,0.0,0,-107875648.0,69,0.0,138,0.0,2.012,ERR,ERR,ERR,ERR,ERR,ERR,ERR,ERR,ERR,ERR,ERR,ERR,ERR,ERR,ERR,ERR,ERR,ERR,ERR,ERR,ERR,ERR,ERR,ERR,ERR,ERR,ERR,ERR,ERR,ERR,ERR,ERR,ERR,ERR,ERR,ERR,ERR,ERR,ERR,ERR,ERR,ERR,ERR,ERR,ERR,ERR,ERR,ERR,ERR,ERR,ERR,ERR,ERR,ERR,ERR,ERR,ERR,ERR,ERR,ERR,ERR,ERR,ERR,ERR,ERR,ERR,ERR,60.0,60.0,35,0.0,0.0,0.0,0.0,0.0,0.0,0.0,0.0,0.0,0.0,0.0,0.0,0.0,0.0,0.0,0.0,64.8,0,150,71,58,65476,0,65476,0,1,8,20529,65476,0,0,2621,60.0,0.0,0.0,0.0,0.0,0.0
2026-07-09T15:32:30,ERR,ERR,ERR,ERR,ERR,ERR,ERR,ERR,ERR,ERR,ERR,ERR,ERR,ERR,ERR,ERR,ERR,ERR,ERR,ERR,ERR,ERR,ERR,ERR,ERR,ERR,ERR,ERR,ERR,ERR,ERR,ERR,ERR,ERR,ERR,ERR,ERR,ERR,ERR,ERR,ERR,ERR,ERR,ERR,ERR,ERR,ERR,ERR,ERR,ERR,ERR,ERR,ERR,ERR,ERR,ERR,ERR,ERR,ERR,ERR,ERR,ERR,ERR,ERR,ERR,ERR,ERR,ERR,ERR,ERR,ERR,ERR,ERR,ERR,ERR,ERR,ERR,ERR,ERR,ERR,ERR,ERR,ERR,ERR,ERR,ERR,ERR,ERR,ERR,ERR,ERR,ERR,ERR,ERR,ERR,ERR,ERR,ERR,ERR,ERR,ERR,ERR,ERR,ERR,ERR,ERR,ERR,ERR,ERR,ERR,ERR,ERR,ERR,ERR,ERR,ERR,ERR,ERR,ERR,ERR,ERR,ERR,ERR,ERR,ERR,-0.0,-107616120.0,0.0,2.7183478752108883e+23,0.0,-0.0,361293792.0,-6.598298989569352e+29,0,0,4,17327,7116,0.0,100,0.0,0.0,2.7183478752108883e+23,0.0,0.0,0,0,0,0,0.0,0,0,0,0,0,0,0,0,0,0,0,0,0,0,0,0,0,0,0,0,0,0,0,0,0,0,0,0,0,0,0,0,0,31,40,40,71,65476,0,300,0,0,8,21553,0.0,-107605600.0,0.0,0.0,0.0,0.0,0.0,0.0,0.0,0.0,0.0,0.0,0.0,0.0,0.0,0.0,0.0,0.0,0.0,0.0,0.0,0.0,0.0,0.0,0.0,0.0,0.0,0.0,0.0,0.0,5434.0,0.0,6913.0,-0.0,0.0,2.004,2.004,0.0,0.0,0.0,0.0,69,0.0,1.905688671546245e+17,0.0,0.0,0.0,0.0,0.0,0.0,0.0,0,0,0,0.0,0.0,0.0,0.0,0.0,0.0,0.0,0.0,0.0,0.0,0.0,0.0,0.0,0.0,0.0,0.0,0,-107875648.0,69,0.0,138,0.0,2.012,ERR,ERR,ERR,ERR,ERR,ERR,ERR,ERR,ERR,ERR,ERR,ERR,ERR,ERR,ERR,ERR,ERR,ERR,ERR,ERR,ERR,ERR,ERR,ERR,ERR,ERR,ERR,ERR,ERR,ERR,ERR,ERR,ERR,ERR,ERR,ERR,ERR,ERR,ERR,ERR,ERR,ERR,ERR,ERR,ERR,ERR,ERR,ERR,ERR,ERR,ERR,ERR,ERR,ERR,ERR,ERR,ERR,ERR,ERR,ERR,ERR,ERR,ERR,ERR,ERR,ERR,ERR,60.0,60.0,35,0.0,0.0,0.0,0.0,0.0,0.0,0.0,0.0,0.0,0.0,0.0,0.0,0.0,0.0,0.0,0.0,64.8,0,150,71,58,65476,0,65476,0,1,8,20529,65476,0,0,2621,60.0,0.0,0.0,0.0,0.0,0.0
2026-07-09T15:32:31,ERR,ERR,ERR,ERR,ERR,ERR,ERR,ERR,ERR,ERR,ERR,ERR,ERR,ERR,ERR,ERR,ERR,ERR,ERR,ERR,ERR,ERR,ERR,ERR,ERR,ERR,ERR,ERR,ERR,ERR,ERR,ERR,ERR,ERR,ERR,ERR,ERR,ERR,ERR,ERR,ERR,ERR,ERR,ERR,ERR,ERR,ERR,ERR,ERR,ERR,ERR,ERR,ERR,ERR,ERR,ERR,ERR,ERR,ERR,ERR,ERR,ERR,ERR,ERR,ERR,ERR,ERR,ERR,ERR,ERR,ERR,ERR,ERR,ERR,ERR,ERR,ERR,ERR,ERR,ERR,ERR,ERR,ERR,ERR,ERR,ERR,ERR,ERR,ERR,ERR,ERR,ERR,ERR,ERR,ERR,ERR,ERR,ERR,ERR,ERR,ERR,ERR,ERR,ERR,ERR,ERR,ERR,ERR,ERR,ERR,ERR,ERR,ERR,ERR,ERR,ERR,ERR,ERR,ERR,ERR,ERR,ERR,ERR,ERR,ERR,-0.0,-107616120.0,0.0,2.7183478752108883e+23,0.0,-0.0,361293792.0,-6.598298989569352e+29,0,0,4,17327,7116,0.0,100,0.0,0.0,2.7183478752108883e+23,0.0,0.0,0,0,0,0,0.0,0,0,0,0,0,0,0,0,0,0,0,0,0,0,0,0,0,0,0,0,0,0,0,0,0,0,0,0,0,0,0,0,0,31,40,40,71,65476,0,300,0,0,8,21553,0.0,-107605600.0,0.0,0.0,0.0,0.0,0.0,0.0,0.0,0.0,0.0,0.0,0.0,0.0,0.0,0.0,0.0,0.0,0.0,0.0,0.0,0.0,0.0,0.0,0.0,0.0,0.0,0.0,0.0,0.0,5434.0,0.0,6913.0,-0.0,0.0,2.004,2.004,0.0,0.0,0.0,0.0,69,0.0,1.905688671546245e+17,0.0,0.0,0.0,0.0,0.0,0.0,0.0,0,0,0,0.0,0.0,0.0,0.0,0.0,0.0,0.0,0.0,0.0,0.0,0.0,0.0,0.0,0.0,0.0,0.0,0,-107875648.0,69,0.0,138,0.0,2.012,ERR,ERR,ERR,ERR,ERR,ERR,ERR,ERR,ERR,ERR,ERR,ERR,ERR,ERR,ERR,ERR,ERR,ERR,ERR,ERR,ERR,ERR,ERR,ERR,ERR,ERR,ERR,ERR,ERR,ERR,ERR,ERR,ERR,ERR,ERR,ERR,ERR,ERR,ERR,ERR,ERR,ERR,ERR,ERR,ERR,ERR,ERR,ERR,ERR,ERR,ERR,ERR,ERR,ERR,ERR,ERR,ERR,ERR,ERR,ERR,ERR,ERR,ERR,ERR,ERR,ERR,ERR,60.0,60.0,35,0.0,0.0,0.0,0.0,0.0,0.0,0.0,0.0,0.0,0.0,0.0,0.0,0.0,0.0,0.0,0.0,64.8,0,150,71,58,65476,0,65476,0,1,8,20529,65476,0,0,2621,60.0,0.0,0.0,0.0,0.0,0.0
2026-07-09T15:32:32,ERR,ERR,ERR,ERR,ERR,ERR,ERR,ERR,ERR,ERR,ERR,ERR,ERR,ERR,ERR,ERR,ERR,ERR,ERR,ERR,ERR,ERR,ERR,ERR,ERR,ERR,ERR,ERR,ERR,ERR,ERR,ERR,ERR,ERR,ERR,ERR,ERR,ERR,ERR,ERR,ERR,ERR,ERR,ERR,ERR,ERR,ERR,ERR,ERR,ERR,ERR,ERR,ERR,ERR,ERR,ERR,ERR,ERR,ERR,ERR,ERR,ERR,ERR,ERR,ERR,ERR,ERR,ERR,ERR,ERR,ERR,ERR,ERR,ERR,ERR,ERR,ERR,ERR,ERR,ERR,ERR,ERR,ERR,ERR,ERR,ERR,ERR,ERR,ERR,ERR,ERR,ERR,ERR,ERR,ERR,ERR,ERR,ERR,ERR,ERR,ERR,ERR,ERR,ERR,ERR,ERR,ERR,ERR,ERR,ERR,ERR,ERR,ERR,ERR,ERR,ERR,ERR,ERR,ERR,ERR,ERR,ERR,ERR,ERR,ERR,-0.0,-107616120.0,0.0,2.7183478752108883e+23,0.0,-0.0,361293792.0,-6.598298989569352e+29,0,0,4,17327,7116,0.0,100,0.0,0.0,2.7183478752108883e+23,0.0,0.0,0,0,0,0,0.0,0,0,0,0,0,0,0,0,0,0,0,0,0,0,0,0,0,0,0,0,0,0,0,0,0,0,0,0,0,0,0,0,0,31,40,40,71,65476,0,300,0,0,8,21553,0.0,-107605600.0,0.0,0.0,0.0,0.0,0.0,0.0,0.0,0.0,0.0,0.0,0.0,0.0,0.0,0.0,0.0,0.0,0.0,0.0,0.0,0.0,0.0,0.0,0.0,0.0,0.0,0.0,0.0,0.0,5434.0,0.0,6913.0,-0.0,0.0,2.004,2.004,0.0,0.0,0.0,0.0,69,0.0,1.905688671546245e+17,0.0,0.0,0.0,0.0,0.0,0.0,0.0,0,0,0,0.0,0.0,0.0,0.0,0.0,0.0,0.0,0.0,0.0,0.0,0.0,0.0,0.0,0.0,0.0,0.0,0,-107875648.0,69,0.0,138,0.0,2.012,ERR,ERR,ERR,ERR,ERR,ERR,ERR,ERR,ERR,ERR,ERR,ERR,ERR,ERR,ERR,ERR,ERR,ERR,ERR,ERR,ERR,ERR,ERR,ERR,ERR,ERR,ERR,ERR,ERR,ERR,ERR,ERR,ERR,ERR,ERR,ERR,ERR,ERR,ERR,ERR,ERR,ERR,ERR,ERR,ERR,ERR,ERR,ERR,ERR,ERR,ERR,ERR,ERR,ERR,ERR,ERR,ERR,ERR,ERR,ERR,ERR,ERR,ERR,ERR,ERR,ERR,ERR,60.0,60.0,35,0.0,0.0,0.0,0.0,0.0,0.0,0.0,0.0,0.0,0.0,0.0,0.0,0.0,0.0,0.0,0.0,64.8,0,150,71,58,65476,0,65476,0,1,8,20529,65476,0,0,2621,60.0,0.0,0.0,0.0,0.0,0.0
2026-07-09T15:32:33,ERR,ERR,ERR,ERR,ERR,ERR,ERR,ERR,ERR,ERR,ERR,ERR,ERR,ERR,ERR,ERR,ERR,ERR,ERR,ERR,ERR,ERR,ERR,ERR,ERR,ERR,ERR,ERR,ERR,ERR,ERR,ERR,ERR,ERR,ERR,ERR,ERR,ERR,ERR,ERR,ERR,ERR,ERR,ERR,ERR,ERR,ERR,ERR,ERR,ERR,ERR,ERR,ERR,ERR,ERR,ERR,ERR,ERR,ERR,ERR,ERR,ERR,ERR,ERR,ERR,ERR,ERR,ERR,ERR,ERR,ERR,ERR,ERR,ERR,ERR,ERR,ERR,ERR,ERR,ERR,ERR,ERR,ERR,ERR,ERR,ERR,ERR,ERR,ERR,ERR,ERR,ERR,ERR,ERR,ERR,ERR,ERR,ERR,ERR,ERR,ERR,ERR,ERR,ERR,ERR,ERR,ERR,ERR,ERR,ERR,ERR,ERR,ERR,ERR,ERR,ERR,ERR,ERR,ERR,ERR,ERR,ERR,ERR,ERR,ERR,-0.0,-107616120.0,0.0,2.7183478752108883e+23,0.0,-0.0,361293792.0,-6.598298989569352e+29,0,0,4,17327,7116,0.0,100,0.0,0.0,2.7183478752108883e+23,0.0,0.0,0,0,0,0,0.0,0,0,0,0,0,0,0,0,0,0,0,0,0,0,0,0,0,0,0,0,0,0,0,0,0,0,0,0,0,0,0,0,0,31,40,40,71,65476,0,300,0,0,8,21553,0.0,-107605600.0,0.0,0.0,0.0,0.0,0.0,0.0,0.0,0.0,0.0,0.0,0.0,0.0,0.0,0.0,0.0,0.0,0.0,0.0,0.0,0.0,0.0,0.0,0.0,0.0,0.0,0.0,0.0,0.0,5434.0,0.0,6913.0,-0.0,0.0,2.004,2.004,0.0,0.0,0.0,0.0,69,0.0,1.905688671546245e+17,0.0,0.0,0.0,0.0,0.0,0.0,0.0,0,0,0,0.0,0.0,0.0,0.0,0.0,0.0,0.0,0.0,0.0,0.0,0.0,0.0,0.0,0.0,0.0,0.0,0,-107875648.0,69,0.0,138,0.0,2.012,ERR,ERR,ERR,ERR,ERR,ERR,ERR,ERR,ERR,ERR,ERR,ERR,ERR,ERR,ERR,ERR,ERR,ERR,ERR,ERR,ERR,ERR,ERR,ERR,ERR,ERR,ERR,ERR,ERR,ERR,ERR,ERR,ERR,ERR,ERR,ERR,ERR,ERR,ERR,ERR,ERR,ERR,ERR,ERR,ERR,ERR,ERR,ERR,ERR,ERR,ERR,ERR,ERR,ERR,ERR,ERR,ERR,ERR,ERR,ERR,ERR,ERR,ERR,ERR,ERR,ERR,ERR,60.0,60.0,35,0.0,0.0,0.0,0.0,0.0,0.0,0.0,0.0,0.0,0.0,0.0,0.0,0.0,0.0,0.0,0.0,64.8,0,150,71,58,65476,0,65476,0,1,8,20529,65476,0,0,2621,60.0,0.0,0.0,0.0,0.0,0.0
2026-07-09T15:32:34,ERR,ERR,ERR,ERR,ERR,ERR,ERR,ERR,ERR,ERR,ERR,ERR,ERR,ERR,ERR,ERR,ERR,ERR,ERR,ERR,ERR,ERR,ERR,ERR,ERR,ERR,ERR,ERR,ERR,ERR,ERR,ERR,ERR,ERR,ERR,ERR,ERR,ERR,ERR,ERR,ERR,ERR,ERR,ERR,ERR,ERR,ERR,ERR,ERR,ERR,ERR,ERR,ERR,ERR,ERR,ERR,ERR,ERR,ERR,ERR,ERR,ERR,ERR,ERR,ERR,ERR,ERR,ERR,ERR,ERR,ERR,ERR,ERR,ERR,ERR,ERR,ERR,ERR,ERR,ERR,ERR,ERR,ERR,ERR,ERR,ERR,ERR,ERR,ERR,ERR,ERR,ERR,ERR,ERR,ERR,ERR,ERR,ERR,ERR,ERR,ERR,ERR,ERR,ERR,ERR,ERR,ERR,ERR,ERR,ERR,ERR,ERR,ERR,ERR,ERR,ERR,ERR,ERR,ERR,ERR,ERR,ERR,ERR,ERR,ERR,-0.0,-107616120.0,0.0,2.7183478752108883e+23,0.0,-0.0,361293792.0,-6.598298989569352e+29,0,0,4,17327,7116,0.0,100,0.0,0.0,2.7183478752108883e+23,0.0,0.0,0,0,0,0,0.0,0,0,0,0,0,0,0,0,0,0,0,0,0,0,0,0,0,0,0,0,0,0,0,0,0,0,0,0,0,0,0,0,0,31,40,40,71,65476,0,300,0,0,8,21553,0.0,-107605600.0,0.0,0.0,0.0,0.0,0.0,0.0,0.0,0.0,0.0,0.0,0.0,0.0,0.0,0.0,0.0,0.0,0.0,0.0,0.0,0.0,0.0,0.0,0.0,0.0,0.0,0.0,0.0,0.0,5434.0,0.0,6913.0,-0.0,0.0,2.004,2.004,0.0,0.0,0.0,0.0,69,0.0,1.905688671546245e+17,0.0,0.0,0.0,0.0,0.0,0.0,0.0,0,0,0,0.0,0.0,0.0,0.0,0.0,0.0,0.0,0.0,0.0,0.0,0.0,0.0,0.0,0.0,0.0,0.0,0,-107875648.0,69,0.0,138,0.0,2.012,ERR,ERR,ERR,ERR,ERR,ERR,ERR,ERR,ERR,ERR,ERR,ERR,ERR,ERR,ERR,ERR,ERR,ERR,ERR,ERR,ERR,ERR,ERR,ERR,ERR,ERR,ERR,ERR,ERR,ERR,ERR,ERR,ERR,ERR,ERR,ERR,ERR,ERR,ERR,ERR,ERR,ERR,ERR,ERR,ERR,ERR,ERR,ERR,ERR,ERR,ERR,ERR,ERR,ERR,ERR,ERR,ERR,ERR,ERR,ERR,ERR,ERR,ERR,ERR,ERR,ERR,ERR,60.0,60.0,35,0.0,0.0,0.0,0.0,0.0,0.0,0.0,0.0,0.0,0.0,0.0,0.0,0.0,0.0,0.0,0.0,64.8,0,150,71,58,65476,0,65476,0,1,8,20529,65476,0,0,2621,60.0,0.0,0.0,0.0,0.0,0.0
2026-07-09T15:32:35,ERR,ERR,ERR,ERR,ERR,ERR,ERR,ERR,ERR,ERR,ERR,ERR,ERR,ERR,ERR,ERR,ERR,ERR,ERR,ERR,ERR,ERR,ERR,ERR,ERR,ERR,ERR,ERR,ERR,ERR,ERR,ERR,ERR,ERR,ERR,ERR,ERR,ERR,ERR,ERR,ERR,ERR,ERR,ERR,ERR,ERR,ERR,ERR,ERR,ERR,ERR,ERR,ERR,ERR,ERR,ERR,ERR,ERR,ERR,ERR,ERR,ERR,ERR,ERR,ERR,ERR,ERR,ERR,ERR,ERR,ERR,ERR,ERR,ERR,ERR,ERR,ERR,ERR,ERR,ERR,ERR,ERR,ERR,ERR,ERR,ERR,ERR,ERR,ERR,ERR,ERR,ERR,ERR,ERR,ERR,ERR,ERR,ERR,ERR,ERR,ERR,ERR,ERR,ERR,ERR,ERR,ERR,ERR,ERR,ERR,ERR,ERR,ERR,ERR,ERR,ERR,ERR,ERR,ERR,ERR,ERR,ERR,ERR,ERR,ERR,-0.0,0.0,-107090736.0,2.7183478752108883e+23,-0.0,0.0,-0.0,1.8397348788709622e+18,0,0,4,17331,7116,0.0,100,0.0,0.0,2.7183478752108883e+23,0.0,0.0,0,0,0,0,0.0,0,0,0,0,0,0,0,0,0,0,0,0,0,0,0,0,0,0,0,0,0,0,0,0,0,0,0,0,0,0,0,0,0,31,40,40,71,65476,0,300,0,0,8,21553,0.0,-107605600.0,0.0,0.0,0.0,0.0,0.0,0.0,0.0,0.0,0.0,0.0,0.0,0.0,0.0,0.0,0.0,0.0,0.0,0.0,0.0,0.0,0.0,2.004,0.0,0.0,0.0,0.0,0.0,0.0,5411.0,0.0,6912.0,-0.0,2.7184476749786308e+23,2.004,2.004,0.0,0.0,0.0,0.0,69,152018538725376.0,0.0,0.0,0.0,0.0,0.0,0.0,0.0,0.0,0,0,0,0.0,0.0,0.0,0.0,0.0,0.0,0.0,0.0,0.0,0.0,0.0,0.0,0.0,0.0,0.0,0.0,0,-107875648.0,69,0.0,138,0.0,2.012,ERR,ERR,ERR,ERR,ERR,ERR,ERR,ERR,ERR,ERR,ERR,ERR,ERR,ERR,ERR,ERR,ERR,ERR,ERR,ERR,ERR,ERR,ERR,ERR,ERR,ERR,ERR,ERR,ERR,ERR,ERR,ERR,ERR,ERR,ERR,ERR,ERR,ERR,ERR,ERR,ERR,ERR,ERR,ERR,ERR,ERR,ERR,ERR,ERR,ERR,ERR,ERR,ERR,ERR,ERR,ERR,ERR,ERR,ERR,ERR,ERR,ERR,ERR,ERR,ERR,ERR,ERR,60.0,60.0,35,0.0,0.0,0.0,0.0,0.0,0.0,0.0,0.0,0.0,0.0,0.0,0.0,0.0,0.0,0.0,0.0,65.2,0,150,71,58,65476,0,65476,0,1,8,20529,65476,0,0,2621,60.0,0.0,0.0,0.0,0.0,0.0
2026-07-09T15:32:36,ERR,ERR,ERR,ERR,ERR,ERR,ERR,ERR,ERR,ERR,ERR,ERR,ERR,ERR,ERR,ERR,ERR,ERR,ERR,ERR,ERR,ERR,ERR,ERR,ERR,ERR,ERR,ERR,ERR,ERR,ERR,ERR,ERR,ERR,ERR,ERR,ERR,ERR,ERR,ERR,ERR,ERR,ERR,ERR,ERR,ERR,ERR,ERR,ERR,ERR,ERR,ERR,ERR,ERR,ERR,ERR,ERR,ERR,ERR,ERR,ERR,ERR,ERR,ERR,ERR,ERR,ERR,ERR,ERR,ERR,ERR,ERR,ERR,ERR,ERR,ERR,ERR,ERR,ERR,ERR,ERR,ERR,ERR,ERR,ERR,ERR,ERR,ERR,ERR,ERR,ERR,ERR,ERR,ERR,ERR,ERR,ERR,ERR,ERR,ERR,ERR,ERR,ERR,ERR,ERR,ERR,ERR,ERR,ERR,ERR,ERR,ERR,ERR,ERR,ERR,ERR,ERR,ERR,ERR,ERR,ERR,ERR,ERR,ERR,ERR,-0.0,0.0,-107090736.0,2.7183478752108883e+23,-0.0,0.0,-0.0,1.8397348788709622e+18,0,0,4,17331,7116,0.0,100,0.0,0.0,2.7183478752108883e+23,0.0,0.0,0,0,0,0,0.0,0,0,0,0,0,0,0,0,0,0,0,0,0,0,0,0,0,0,0,0,0,0,0,0,0,0,0,0,0,0,0,0,0,31,40,40,71,65476,0,300,0,0,8,21553,0.0,-107605600.0,0.0,0.0,0.0,0.0,0.0,0.0,0.0,0.0,0.0,0.0,0.0,0.0,0.0,0.0,0.0,0.0,0.0,0.0,0.0,0.0,0.0,2.004,0.0,0.0,0.0,0.0,0.0,0.0,5411.0,0.0,6912.0,-0.0,2.7184476749786308e+23,2.004,2.004,0.0,0.0,0.0,0.0,69,152018538725376.0,0.0,0.0,0.0,0.0,0.0,0.0,0.0,0.0,0,0,0,0.0,0.0,0.0,0.0,0.0,0.0,0.0,0.0,0.0,0.0,0.0,0.0,0.0,0.0,0.0,0.0,0,-107875648.0,69,0.0,138,0.0,2.012,ERR,ERR,ERR,ERR,ERR,ERR,ERR,ERR,ERR,ERR,ERR,ERR,ERR,ERR,ERR,ERR,ERR,ERR,ERR,ERR,ERR,ERR,ERR,ERR,ERR,ERR,ERR,ERR,ERR,ERR,ERR,ERR,ERR,ERR,ERR,ERR,ERR,ERR,ERR,ERR,ERR,ERR,ERR,ERR,ERR,ERR,ERR,ERR,ERR,ERR,ERR,ERR,ERR,ERR,ERR,ERR,ERR,ERR,ERR,ERR,ERR,ERR,ERR,ERR,ERR,ERR,ERR,60.0,60.0,35,0.0,0.0,0.0,0.0,0.0,0.0,0.0,0.0,0.0,0.0,0.0,0.0,0.0,0.0,0.0,0.0,65.2,0,150,71,58,65476,0,65476,0,1,8,20529,65476,0,0,2621,60.0,0.0,0.0,0.0,0.0,0.0
2026-07-09T15:32:37,ERR,ERR,ERR,ERR,ERR,ERR,ERR,ERR,ERR,ERR,ERR,ERR,ERR,ERR,ERR,ERR,ERR,ERR,ERR,ERR,ERR,ERR,ERR,ERR,ERR,ERR,ERR,ERR,ERR,ERR,ERR,ERR,ERR,ERR,ERR,ERR,ERR,ERR,ERR,ERR,ERR,ERR,ERR,ERR,ERR,ERR,ERR,ERR,ERR,ERR,ERR,ERR,ERR,ERR,ERR,ERR,ERR,ERR,ERR,ERR,ERR,ERR,ERR,ERR,ERR,ERR,ERR,ERR,ERR,ERR,ERR,ERR,ERR,ERR,ERR,ERR,ERR,ERR,ERR,ERR,ERR,ERR,ERR,ERR,ERR,ERR,ERR,ERR,ERR,ERR,ERR,ERR,ERR,ERR,ERR,ERR,ERR,ERR,ERR,ERR,ERR,ERR,ERR,ERR,ERR,ERR,ERR,ERR,ERR,ERR,ERR,ERR,ERR,ERR,ERR,ERR,ERR,ERR,ERR,ERR,ERR,ERR,ERR,ERR,ERR,-0.0,0.0,-107090736.0,2.7183478752108883e+23,-0.0,0.0,-0.0,1.8397348788709622e+18,0,0,4,17331,7116,0.0,100,0.0,0.0,2.7183478752108883e+23,0.0,0.0,0,0,0,0,0.0,0,0,0,0,0,0,0,0,0,0,0,0,0,0,0,0,0,0,0,0,0,0,0,0,0,0,0,0,0,0,0,0,0,31,40,40,71,65476,0,300,0,0,8,21553,0.0,-107605600.0,0.0,0.0,0.0,0.0,0.0,0.0,0.0,0.0,0.0,0.0,0.0,0.0,0.0,0.0,0.0,0.0,0.0,0.0,0.0,0.0,0.0,2.004,0.0,0.0,0.0,0.0,0.0,0.0,5411.0,0.0,6912.0,-0.0,2.7184476749786308e+23,2.004,2.004,0.0,0.0,0.0,0.0,69,152018538725376.0,0.0,0.0,0.0,0.0,0.0,0.0,0.0,0.0,0,0,0,0.0,0.0,0.0,0.0,0.0,0.0,0.0,0.0,0.0,0.0,0.0,0.0,0.0,0.0,0.0,0.0,0,-107875648.0,69,0.0,138,0.0,2.012,ERR,ERR,ERR,ERR,ERR,ERR,ERR,ERR,ERR,ERR,ERR,ERR,ERR,ERR,ERR,ERR,ERR,ERR,ERR,ERR,ERR,ERR,ERR,ERR,ERR,ERR,ERR,ERR,ERR,ERR,ERR,ERR,ERR,ERR,ERR,ERR,ERR,ERR,ERR,ERR,ERR,ERR,ERR,ERR,ERR,ERR,ERR,ERR,ERR,ERR,ERR,ERR,ERR,ERR,ERR,ERR,ERR,ERR,ERR,ERR,ERR,ERR,ERR,ERR,ERR,ERR,ERR,60.0,60.0,35,0.0,0.0,0.0,0.0,0.0,0.0,0.0,0.0,0.0,0.0,0.0,0.0,0.0,0.0,0.0,0.0,64.8,0,150,71,58,65476,0,65476,0,1,8,20529,65476,0,0,2621,60.0,0.0,0.0,0.0,0.0,0.0
2026-07-09T15:32:38,ERR,ERR,ERR,ERR,ERR,ERR,ERR,ERR,ERR,ERR,ERR,ERR,ERR,ERR,ERR,ERR,ERR,ERR,ERR,ERR,ERR,ERR,ERR,ERR,ERR,ERR,ERR,ERR,ERR,ERR,ERR,ERR,ERR,ERR,ERR,ERR,ERR,ERR,ERR,ERR,ERR,ERR,ERR,ERR,ERR,ERR,ERR,ERR,ERR,ERR,ERR,ERR,ERR,ERR,ERR,ERR,ERR,ERR,ERR,ERR,ERR,ERR,ERR,ERR,ERR,ERR,ERR,ERR,ERR,ERR,ERR,ERR,ERR,ERR,ERR,ERR,ERR,ERR,ERR,ERR,ERR,ERR,ERR,ERR,ERR,ERR,ERR,ERR,ERR,ERR,ERR,ERR,ERR,ERR,ERR,ERR,ERR,ERR,ERR,ERR,ERR,ERR,ERR,ERR,ERR,ERR,ERR,ERR,ERR,ERR,ERR,ERR,ERR,ERR,ERR,ERR,ERR,ERR,ERR,ERR,ERR,ERR,ERR,ERR,ERR,-0.0,0.0,-107090736.0,2.7183478752108883e+23,-0.0,0.0,-0.0,1.8397348788709622e+18,0,0,4,17331,7116,0.0,100,0.0,0.0,2.7183478752108883e+23,0.0,0.0,0,0,0,0,0.0,0,0,0,0,0,0,0,0,0,0,0,0,0,0,0,0,0,0,0,0,0,0,0,0,0,0,0,0,0,0,0,0,0,31,40,40,71,65476,0,300,0,0,8,21553,0.0,-107605600.0,0.0,0.0,0.0,0.0,0.0,0.0,0.0,0.0,0.0,0.0,0.0,0.0,0.0,0.0,0.0,0.0,0.0,0.0,0.0,0.0,0.0,2.004,0.0,0.0,0.0,0.0,0.0,0.0,5411.0,0.0,6912.0,-0.0,2.7184476749786308e+23,2.004,2.004,0.0,0.0,0.0,0.0,69,152018538725376.0,0.0,0.0,0.0,0.0,0.0,0.0,0.0,0.0,0,0,0,0.0,0.0,0.0,0.0,0.0,0.0,0.0,0.0,0.0,0.0,0.0,0.0,0.0,0.0,0.0,0.0,0,-107875648.0,69,0.0,138,0.0,2.012,ERR,ERR,ERR,ERR,ERR,ERR,ERR,ERR,ERR,ERR,ERR,ERR,ERR,ERR,ERR,ERR,ERR,ERR,ERR,ERR,ERR,ERR,ERR,ERR,ERR,ERR,ERR,ERR,ERR,ERR,ERR,ERR,ERR,ERR,ERR,ERR,ERR,ERR,ERR,ERR,ERR,ERR,ERR,ERR,ERR,ERR,ERR,ERR,ERR,ERR,ERR,ERR,ERR,ERR,ERR,ERR,ERR,ERR,ERR,ERR,ERR,ERR,ERR,ERR,ERR,ERR,ERR,60.0,60.0,35,0.0,0.0,0.0,0.0,0.0,0.0,0.0,0.0,0.0,0.0,0.0,0.0,0.0,0.0,0.0,0.0,65.2,0,150,71,58,65476,0,65476,0,1,8,20529,65476,0,0,2621,60.0,0.0,0.0,0.0,0.0,0.0
2026-07-09T15:32:39,ERR,ERR,ERR,ERR,ERR,ERR,ERR,ERR,ERR,ERR,ERR,ERR,ERR,ERR,ERR,ERR,ERR,ERR,ERR,ERR,ERR,ERR,ERR,ERR,ERR,ERR,ERR,ERR,ERR,ERR,ERR,ERR,ERR,ERR,ERR,ERR,ERR,ERR,ERR,ERR,ERR,ERR,ERR,ERR,ERR,ERR,ERR,ERR,ERR,ERR,ERR,ERR,ERR,ERR,ERR,ERR,ERR,ERR,ERR,ERR,ERR,ERR,ERR,ERR,ERR,ERR,ERR,ERR,ERR,ERR,ERR,ERR,ERR,ERR,ERR,ERR,ERR,ERR,ERR,ERR,ERR,ERR,ERR,ERR,ERR,ERR,ERR,ERR,ERR,ERR,ERR,ERR,ERR,ERR,ERR,ERR,ERR,ERR,ERR,ERR,ERR,ERR,ERR,ERR,ERR,ERR,ERR,ERR,ERR,ERR,ERR,ERR,ERR,ERR,ERR,ERR,ERR,ERR,ERR,ERR,ERR,ERR,ERR,ERR,ERR,-0.0,0.0,-107090736.0,2.7183478752108883e+23,-0.0,0.0,-0.0,1.8397348788709622e+18,0,0,4,17331,7116,0.0,100,0.0,0.0,2.7183478752108883e+23,0.0,0.0,0,0,0,0,0.0,0,0,0,0,0,0,0,0,0,0,0,0,0,0,0,0,0,0,0,0,0,0,0,0,0,0,0,0,0,0,0,0,0,31,40,40,71,65476,0,300,0,0,8,21553,0.0,-107605600.0,0.0,0.0,0.0,0.0,0.0,0.0,0.0,0.0,0.0,0.0,0.0,0.0,0.0,0.0,0.0,0.0,0.0,0.0,0.0,0.0,0.0,2.004,0.0,0.0,0.0,0.0,0.0,0.0,5411.0,0.0,6912.0,-0.0,2.7184476749786308e+23,2.004,2.004,0.0,0.0,0.0,0.0,69,152018538725376.0,0.0,0.0,0.0,0.0,0.0,0.0,0.0,0.0,0,0,0,0.0,0.0,0.0,0.0,0.0,0.0,0.0,0.0,0.0,0.0,0.0,0.0,0.0,0.0,0.0,0.0,0,-107875648.0,69,0.0,138,0.0,2.012,ERR,ERR,ERR,ERR,ERR,ERR,ERR,ERR,ERR,ERR,ERR,ERR,ERR,ERR,ERR,ERR,ERR,ERR,ERR,ERR,ERR,ERR,ERR,ERR,ERR,ERR,ERR,ERR,ERR,ERR,ERR,ERR,ERR,ERR,ERR,ERR,ERR,ERR,ERR,ERR,ERR,ERR,ERR,ERR,ERR,ERR,ERR,ERR,ERR,ERR,ERR,ERR,ERR,ERR,ERR,ERR,ERR,ERR,ERR,ERR,ERR,ERR,ERR,ERR,ERR,ERR,ERR,60.0,60.0,35,0.0,0.0,0.0,0.0,0.0,0.0,0.0,0.0,0.0,0.0,0.0,0.0,0.0,0.0,0.0,0.0,65.2,0,150,71,58,65476,0,65476,0,1,8,20529,65476,0,0,2621,60.0,0.0,0.0,0.0,0.0,0.0
2026-07-09T15:32:40,ERR,ERR,ERR,ERR,ERR,ERR,ERR,ERR,ERR,ERR,ERR,ERR,ERR,ERR,ERR,ERR,ERR,ERR,ERR,ERR,ERR,ERR,ERR,ERR,ERR,ERR,ERR,ERR,ERR,ERR,ERR,ERR,ERR,ERR,ERR,ERR,ERR,ERR,ERR,ERR,ERR,ERR,ERR,ERR,ERR,ERR,ERR,ERR,ERR,ERR,ERR,ERR,ERR,ERR,ERR,ERR,ERR,ERR,ERR,ERR,ERR,ERR,ERR,ERR,ERR,ERR,ERR,ERR,ERR,ERR,ERR,ERR,ERR,ERR,ERR,ERR,ERR,ERR,ERR,ERR,ERR,ERR,ERR,ERR,ERR,ERR,ERR,ERR,ERR,ERR,ERR,ERR,ERR,ERR,ERR,ERR,ERR,ERR,ERR,ERR,ERR,ERR,ERR,ERR,ERR,ERR,ERR,ERR,ERR,ERR,ERR,ERR,ERR,ERR,ERR,ERR,ERR,ERR,ERR,ERR,ERR,ERR,ERR,ERR,ERR,-0.0,-0.0,-0.0,0.0,1.2187314652945562e+32,4.42174256660969e+34,-4.367309530993646e+36,-2.9441380552713078e+32,0,0,4,17331,7116,0.0,100,0.0,0.0,2.7183478752108883e+23,0.0,0.0,0,0,0,0,0.0,0,0,0,0,0,0,0,0,0,0,0,0,0,0,0,0,0,0,0,0,0,0,0,0,0,0,0,0,0,0,0,0,0,31,40,40,71,65476,0,300,0,0,8,21553,0.0,-107605600.0,0.0,0.0,0.0,0.0,0.0,0.0,0.0,0.0,0.0,0.0,0.0,0.0,0.0,0.0,0.0,0.0,0.0,0.0,0.0,0.0,0.0,3.697070904806107e+19,0.0,0.0,0.0,0.0,0.0,0.0,5382.0,-0.0,6930.0,0.0,-0.0,2.004,2.004,0.0,0.0,0.0,0.0,69,3.222030437359878e+26,-71.63,0.0,0.0,0.0,0.0,0.0,0.0,0.0,0,0,0,0.0,0.0,0.0,0.0,0.0,0.0,0.0,0.0,0.0,0.0,0.0,0.0,0.0,0.0,0.0,0.0,0,-107875648.0,69,0.0,138,0.0,2.012,ERR,ERR,ERR,ERR,ERR,ERR,ERR,ERR,ERR,ERR,ERR,ERR,ERR,ERR,ERR,ERR,ERR,ERR,ERR,ERR,ERR,ERR,ERR,ERR,ERR,ERR,ERR,ERR,ERR,ERR,ERR,ERR,ERR,ERR,ERR,ERR,ERR,ERR,ERR,ERR,ERR,ERR,ERR,ERR,ERR,ERR,ERR,ERR,ERR,ERR,ERR,ERR,ERR,ERR,ERR,ERR,ERR,ERR,ERR,ERR,ERR,ERR,ERR,ERR,ERR,ERR,ERR,60.0,60.0,35,0.0,0.0,0.0,0.0,0.0,0.0,0.0,0.0,0.0,0.0,0.0,0.0,0.0,0.0,0.0,0.0,65.2,0,150,71,58,65476,0,65476,0,1,8,20529,65476,0,0,2621,60.0,0.0,0.0,0.0,0.0,0.0
2026-07-09T15:32:41,ERR,ERR,ERR,ERR,ERR,ERR,ERR,ERR,ERR,ERR,ERR,ERR,ERR,ERR,ERR,ERR,ERR,ERR,ERR,ERR,ERR,ERR,ERR,ERR,ERR,ERR,ERR,ERR,ERR,ERR,ERR,ERR,ERR,ERR,ERR,ERR,ERR,ERR,ERR,ERR,ERR,ERR,ERR,ERR,ERR,ERR,ERR,ERR,ERR,ERR,ERR,ERR,ERR,ERR,ERR,ERR,ERR,ERR,ERR,ERR,ERR,ERR,ERR,ERR,ERR,ERR,ERR,ERR,ERR,ERR,ERR,ERR,ERR,ERR,ERR,ERR,ERR,ERR,ERR,ERR,ERR,ERR,ERR,ERR,ERR,ERR,ERR,ERR,ERR,ERR,ERR,ERR,ERR,ERR,ERR,ERR,ERR,ERR,ERR,ERR,ERR,ERR,ERR,ERR,ERR,ERR,ERR,ERR,ERR,ERR,ERR,ERR,ERR,ERR,ERR,ERR,ERR,ERR,ERR,ERR,ERR,ERR,ERR,ERR,ERR,-0.0,-0.0,-0.0,0.0,1.2187314652945562e+32,4.42174256660969e+34,-4.367309530993646e+36,-2.9441380552713078e+32,0,0,4,17331,7116,0.0,100,0.0,0.0,2.7183478752108883e+23,0.0,0.0,0,0,0,0,0.0,0,0,0,0,0,0,0,0,0,0,0,0,0,0,0,0,0,0,0,0,0,0,0,0,0,0,0,0,0,0,0,0,0,31,40,40,71,65476,0,300,0,0,8,21553,0.0,-107605600.0,0.0,0.0,0.0,0.0,0.0,0.0,0.0,0.0,0.0,0.0,0.0,0.0,0.0,0.0,0.0,0.0,0.0,0.0,0.0,0.0,0.0,3.697070904806107e+19,0.0,0.0,0.0,0.0,0.0,0.0,5382.0,-0.0,6930.0,0.0,-0.0,2.004,2.004,0.0,0.0,0.0,0.0,69,3.222030437359878e+26,-71.63,0.0,0.0,0.0,0.0,0.0,0.0,0.0,0,0,0,0.0,0.0,0.0,0.0,0.0,0.0,0.0,0.0,0.0,0.0,0.0,0.0,0.0,0.0,0.0,0.0,0,-107875648.0,69,0.0,138,0.0,2.012,ERR,ERR,ERR,ERR,ERR,ERR,ERR,ERR,ERR,ERR,ERR,ERR,ERR,ERR,ERR,ERR,ERR,ERR,ERR,ERR,ERR,ERR,ERR,ERR,ERR,ERR,ERR,ERR,ERR,ERR,ERR,ERR,ERR,ERR,ERR,ERR,ERR,ERR,ERR,ERR,ERR,ERR,ERR,ERR,ERR,ERR,ERR,ERR,ERR,ERR,ERR,ERR,ERR,ERR,ERR,ERR,ERR,ERR,ERR,ERR,ERR,ERR,ERR,ERR,ERR,ERR,ERR,60.0,60.0,35,0.0,0.0,0.0,0.0,0.0,0.0,0.0,0.0,0.0,0.0,0.0,0.0,0.0,0.0,0.0,0.0,65.2,0,150,71,58,65476,0,65476,0,1,8,20529,65476,0,0,2621,60.0,0.0,0.0,0.0,0.0,0.0
2026-07-09T15:32:42,ERR,ERR,ERR,ERR,ERR,ERR,ERR,ERR,ERR,ERR,ERR,ERR,ERR,ERR,ERR,ERR,ERR,ERR,ERR,ERR,ERR,ERR,ERR,ERR,ERR,ERR,ERR,ERR,ERR,ERR,ERR,ERR,ERR,ERR,ERR,ERR,ERR,ERR,ERR,ERR,ERR,ERR,ERR,ERR,ERR,ERR,ERR,ERR,ERR,ERR,ERR,ERR,ERR,ERR,ERR,ERR,ERR,ERR,ERR,ERR,ERR,ERR,ERR,ERR,ERR,ERR,ERR,ERR,ERR,ERR,ERR,ERR,ERR,ERR,ERR,ERR,ERR,ERR,ERR,ERR,ERR,ERR,ERR,ERR,ERR,ERR,ERR,ERR,ERR,ERR,ERR,ERR,ERR,ERR,ERR,ERR,ERR,ERR,ERR,ERR,ERR,ERR,ERR,ERR,ERR,ERR,ERR,ERR,ERR,ERR,ERR,ERR,ERR,ERR,ERR,ERR,ERR,ERR,ERR,ERR,ERR,ERR,ERR,ERR,ERR,-0.0,-0.0,-0.0,0.0,1.2187314652945562e+32,4.42174256660969e+34,-4.367309530993646e+36,-2.9441380552713078e+32,0,0,4,17331,7116,0.0,100,0.0,0.0,2.7183478752108883e+23,0.0,0.0,0,0,0,0,0.0,0,0,0,0,0,0,0,0,0,0,0,0,0,0,0,0,0,0,0,0,0,0,0,0,0,0,0,0,0,0,0,0,0,31,40,40,71,65476,0,300,0,0,8,21553,0.0,-107605600.0,0.0,0.0,0.0,0.0,0.0,0.0,0.0,0.0,0.0,0.0,0.0,0.0,0.0,0.0,0.0,0.0,0.0,0.0,0.0,0.0,0.0,3.697070904806107e+19,0.0,0.0,0.0,0.0,0.0,0.0,5382.0,-0.0,6930.0,0.0,-0.0,2.004,2.004,0.0,0.0,0.0,0.0,69,3.222030437359878e+26,-71.63,0.0,0.0,0.0,0.0,0.0,0.0,0.0,0,0,0,0.0,0.0,0.0,0.0,0.0,0.0,0.0,0.0,0.0,0.0,0.0,0.0,0.0,0.0,0.0,0.0,0,-107875648.0,69,0.0,138,0.0,2.012,ERR,ERR,ERR,ERR,ERR,ERR,ERR,ERR,ERR,ERR,ERR,ERR,ERR,ERR,ERR,ERR,ERR,ERR,ERR,ERR,ERR,ERR,ERR,ERR,ERR,ERR,ERR,ERR,ERR,ERR,ERR,ERR,ERR,ERR,ERR,ERR,ERR,ERR,ERR,ERR,ERR,ERR,ERR,ERR,ERR,ERR,ERR,ERR,ERR,ERR,ERR,ERR,ERR,ERR,ERR,ERR,ERR,ERR,ERR,ERR,ERR,ERR,ERR,ERR,ERR,ERR,ERR,60.0,60.0,35,0.0,0.0,0.0,0.0,0.0,0.0,0.0,0.0,0.0,0.0,0.0,0.0,0.0,0.0,0.0,0.0,65.2,0,150,71,58,65476,0,65476,0,1,8,20529,65476,0,0,2621,60.0,0.0,0.0,0.0,0.0,0.0
2026-07-09T15:32:43,ERR,ERR,ERR,ERR,ERR,ERR,ERR,ERR,ERR,ERR,ERR,ERR,ERR,ERR,ERR,ERR,ERR,ERR,ERR,ERR,ERR,ERR,ERR,ERR,ERR,ERR,ERR,ERR,ERR,ERR,ERR,ERR,ERR,ERR,ERR,ERR,ERR,ERR,ERR,ERR,ERR,ERR,ERR,ERR,ERR,ERR,ERR,ERR,ERR,ERR,ERR,ERR,ERR,ERR,ERR,ERR,ERR,ERR,ERR,ERR,ERR,ERR,ERR,ERR,ERR,ERR,ERR,ERR,ERR,ERR,ERR,ERR,ERR,ERR,ERR,ERR,ERR,ERR,ERR,ERR,ERR,ERR,ERR,ERR,ERR,ERR,ERR,ERR,ERR,ERR,ERR,ERR,ERR,ERR,ERR,ERR,ERR,ERR,ERR,ERR,ERR,ERR,ERR,ERR,ERR,ERR,ERR,ERR,ERR,ERR,ERR,ERR,ERR,ERR,ERR,ERR,ERR,ERR,ERR,ERR,ERR,ERR,ERR,ERR,ERR,-0.0,-0.0,-0.0,0.0,1.2187314652945562e+32,4.42174256660969e+34,-4.367309530993646e+36,-2.9441380552713078e+32,0,0,4,17331,7116,0.0,100,0.0,0.0,2.7183478752108883e+23,0.0,0.0,0,0,0,0,0.0,0,0,0,0,0,0,0,0,0,0,0,0,0,0,0,0,0,0,0,0,0,0,0,0,0,0,0,0,0,0,0,0,0,31,40,40,71,65476,0,300,0,0,8,21553,0.0,-107605600.0,0.0,0.0,0.0,0.0,0.0,0.0,0.0,0.0,0.0,0.0,0.0,0.0,0.0,0.0,0.0,0.0,0.0,0.0,0.0,0.0,0.0,3.697070904806107e+19,0.0,0.0,0.0,0.0,0.0,0.0,5382.0,-0.0,6930.0,0.0,-0.0,2.004,2.004,0.0,0.0,0.0,0.0,69,3.222030437359878e+26,-71.63,0.0,0.0,0.0,0.0,0.0,0.0,0.0,0,0,0,0.0,0.0,0.0,0.0,0.0,0.0,0.0,0.0,0.0,0.0,0.0,0.0,0.0,0.0,0.0,0.0,0,-107875648.0,69,0.0,138,0.0,2.012,ERR,ERR,ERR,ERR,ERR,ERR,ERR,ERR,ERR,ERR,ERR,ERR,ERR,ERR,ERR,ERR,ERR,ERR,ERR,ERR,ERR,ERR,ERR,ERR,ERR,ERR,ERR,ERR,ERR,ERR,ERR,ERR,ERR,ERR,ERR,ERR,ERR,ERR,ERR,ERR,ERR,ERR,ERR,ERR,ERR,ERR,ERR,ERR,ERR,ERR,ERR,ERR,ERR,ERR,ERR,ERR,ERR,ERR,ERR,ERR,ERR,ERR,ERR,ERR,ERR,ERR,ERR,60.0,60.0,35,0.0,0.0,0.0,0.0,0.0,0.0,0.0,0.0,0.0,0.0,0.0,0.0,0.0,0.0,0.0,0.0,65.2,0,150,71,58,65476,0,65476,0,1,8,20529,65476,0,0,2621,60.0,0.0,0.0,0.0,0.0,0.0
2026-07-09T15:32:44,ERR,ERR,ERR,ERR,ERR,ERR,ERR,ERR,ERR,ERR,ERR,ERR,ERR,ERR,ERR,ERR,ERR,ERR,ERR,ERR,ERR,ERR,ERR,ERR,ERR,ERR,ERR,ERR,ERR,ERR,ERR,ERR,ERR,ERR,ERR,ERR,ERR,ERR,ERR,ERR,ERR,ERR,ERR,ERR,ERR,ERR,ERR,ERR,ERR,ERR,ERR,ERR,ERR,ERR,ERR,ERR,ERR,ERR,ERR,ERR,ERR,ERR,ERR,ERR,ERR,ERR,ERR,ERR,ERR,ERR,ERR,ERR,ERR,ERR,ERR,ERR,ERR,ERR,ERR,ERR,ERR,ERR,ERR,ERR,ERR,ERR,ERR,ERR,ERR,ERR,ERR,ERR,ERR,ERR,ERR,ERR,ERR,ERR,ERR,ERR,ERR,ERR,ERR,ERR,ERR,ERR,ERR,ERR,ERR,ERR,ERR,ERR,ERR,ERR,ERR,ERR,ERR,ERR,ERR,ERR,ERR,ERR,ERR,ERR,ERR,0.0,-107616128.0,-0.0,2.7183478752108883e+23,262721.469,-0.016,0.0,7.922897491241512e+32,0,0,4,17328,7116,0.0,100,0.0,0.0,2.7183478752108883e+23,0.0,0.0,0,0,0,0,0.0,0,0,0,0,0,0,0,0,0,0,0,0,0,0,0,0,0,0,0,0,0,0,0,0,0,0,0,0,0,0,0,0,0,31,40,40,71,65476,0,300,0,0,8,21553,0.0,-107605600.0,0.0,0.0,0.0,0.0,0.0,0.0,0.0,0.0,0.0,0.0,0.0,0.0,0.0,0.0,0.0,0.0,0.0,0.0,0.0,0.0,2.004,-0.0,0.0,0.0,0.0,0.0,0.0,0.0,5391.0,564146638684160.0,6923.0,0.0,-107616128.0,2.004,2.004,0.0,0.0,0.0,0.0,69,-0.0,0.0,0.0,0.0,0.0,0.0,0.0,0.0,0.0,0,0,0,0.0,0.0,0.0,0.0,0.0,0.0,0.0,0.0,0.0,0.0,0.0,0.0,0.0,0.0,0.0,0.0,0,-107875648.0,69,0.0,138,0.0,2.012,ERR,ERR,ERR,ERR,ERR,ERR,ERR,ERR,ERR,ERR,ERR,ERR,ERR,ERR,ERR,ERR,ERR,ERR,ERR,ERR,ERR,ERR,ERR,ERR,ERR,ERR,ERR,ERR,ERR,ERR,ERR,ERR,ERR,ERR,ERR,ERR,ERR,ERR,ERR,ERR,ERR,ERR,ERR,ERR,ERR,ERR,ERR,ERR,ERR,ERR,ERR,ERR,ERR,ERR,ERR,ERR,ERR,ERR,ERR,ERR,ERR,ERR,ERR,ERR,ERR,ERR,ERR,60.0,60.0,35,0.0,0.0,0.0,0.0,0.0,0.0,0.0,0.0,0.0,0.0,0.0,0.0,0.0,0.0,0.0,0.0,65.2,0,150,71,58,65476,0,65476,0,1,8,20529,65476,0,0,2621,60.0,0.0,0.0,0.0,0.0,0.0
2026-07-09T15:32:45,ERR,ERR,ERR,ERR,ERR,ERR,ERR,ERR,ERR,ERR,ERR,ERR,ERR,ERR,ERR,ERR,ERR,ERR,ERR,ERR,ERR,ERR,ERR,ERR,ERR,ERR,ERR,ERR,ERR,ERR,ERR,ERR,ERR,ERR,ERR,ERR,ERR,ERR,ERR,ERR,ERR,ERR,ERR,ERR,ERR,ERR,ERR,ERR,ERR,ERR,ERR,ERR,ERR,ERR,ERR,ERR,ERR,ERR,ERR,ERR,ERR,ERR,ERR,ERR,ERR,ERR,ERR,ERR,ERR,ERR,ERR,ERR,ERR,ERR,ERR,ERR,ERR,ERR,ERR,ERR,ERR,ERR,ERR,ERR,ERR,ERR,ERR,ERR,ERR,ERR,ERR,ERR,ERR,ERR,ERR,ERR,ERR,ERR,ERR,ERR,ERR,ERR,ERR,ERR,ERR,ERR,ERR,ERR,ERR,ERR,ERR,ERR,ERR,ERR,ERR,ERR,ERR,ERR,ERR,ERR,ERR,ERR,ERR,ERR,ERR,0.0,-107616128.0,-0.0,2.7183478752108883e+23,262721.469,-0.016,0.0,7.922897491241512e+32,0,0,4,17328,7116,0.0,100,0.0,0.0,2.7183478752108883e+23,0.0,0.0,0,0,0,0,0.0,0,0,0,0,0,0,0,0,0,0,0,0,0,0,0,0,0,0,0,0,0,0,0,0,0,0,0,0,0,0,0,0,0,31,40,40,71,65476,0,300,0,0,8,21553,0.0,-107605600.0,0.0,0.0,0.0,0.0,0.0,0.0,0.0,0.0,0.0,0.0,0.0,0.0,0.0,0.0,0.0,0.0,0.0,0.0,0.0,0.0,2.004,-0.0,0.0,0.0,0.0,0.0,0.0,0.0,5391.0,564146638684160.0,6923.0,0.0,-107616128.0,2.004,2.004,0.0,0.0,0.0,0.0,69,-0.0,0.0,0.0,0.0,0.0,0.0,0.0,0.0,0.0,0,0,0,0.0,0.0,0.0,0.0,0.0,0.0,0.0,0.0,0.0,0.0,0.0,0.0,0.0,0.0,0.0,0.0,0,-107875648.0,69,0.0,138,0.0,2.012,ERR,ERR,ERR,ERR,ERR,ERR,ERR,ERR,ERR,ERR,ERR,ERR,ERR,ERR,ERR,ERR,ERR,ERR,ERR,ERR,ERR,ERR,ERR,ERR,ERR,ERR,ERR,ERR,ERR,ERR,ERR,ERR,ERR,ERR,ERR,ERR,ERR,ERR,ERR,ERR,ERR,ERR,ERR,ERR,ERR,ERR,ERR,ERR,ERR,ERR,ERR,ERR,ERR,ERR,ERR,ERR,ERR,ERR,ERR,ERR,ERR,ERR,ERR,ERR,ERR,ERR,ERR,60.0,60.0,35,0.0,0.0,0.0,0.0,0.0,0.0,0.0,0.0,0.0,0.0,0.0,0.0,0.0,0.0,0.0,0.0,64.8,0,150,71,58,65476,0,65476,0,1,8,20529,65476,0,0,2621,60.0,0.0,0.0,0.0,0.0,0.0
2026-07-09T15:32:46,ERR,ERR,ERR,ERR,ERR,ERR,ERR,ERR,ERR,ERR,ERR,ERR,ERR,ERR,ERR,ERR,ERR,ERR,ERR,ERR,ERR,ERR,ERR,ERR,ERR,ERR,ERR,ERR,ERR,ERR,ERR,ERR,ERR,ERR,ERR,ERR,ERR,ERR,ERR,ERR,ERR,ERR,ERR,ERR,ERR,ERR,ERR,ERR,ERR,ERR,ERR,ERR,ERR,ERR,ERR,ERR,ERR,ERR,ERR,ERR,ERR,ERR,ERR,ERR,ERR,ERR,ERR,ERR,ERR,ERR,ERR,ERR,ERR,ERR,ERR,ERR,ERR,ERR,ERR,ERR,ERR,ERR,ERR,ERR,ERR,ERR,ERR,ERR,ERR,ERR,ERR,ERR,ERR,ERR,ERR,ERR,ERR,ERR,ERR,ERR,ERR,ERR,ERR,ERR,ERR,ERR,ERR,ERR,ERR,ERR,ERR,ERR,ERR,ERR,ERR,ERR,ERR,ERR,ERR,ERR,ERR,ERR,ERR,ERR,ERR,0.0,-107616128.0,-0.0,2.7183478752108883e+23,262721.469,-0.016,0.0,7.922897491241512e+32,0,0,4,17328,7116,0.0,100,0.0,0.0,2.7183478752108883e+23,0.0,0.0,0,0,0,0,0.0,0,0,0,0,0,0,0,0,0,0,0,0,0,0,0,0,0,0,0,0,0,0,0,0,0,0,0,0,0,0,0,0,0,31,40,40,71,65476,0,300,0,0,8,21553,0.0,-107605600.0,0.0,0.0,0.0,0.0,0.0,0.0,0.0,0.0,0.0,0.0,0.0,0.0,0.0,0.0,0.0,0.0,0.0,0.0,0.0,0.0,2.004,-0.0,0.0,0.0,0.0,0.0,0.0,0.0,5391.0,564146638684160.0,6923.0,0.0,-107616128.0,2.004,2.004,0.0,0.0,0.0,0.0,69,-0.0,0.0,0.0,0.0,0.0,0.0,0.0,0.0,0.0,0,0,0,0.0,0.0,0.0,0.0,0.0,0.0,0.0,0.0,0.0,0.0,0.0,0.0,0.0,0.0,0.0,0.0,0,-107875648.0,69,0.0,138,0.0,2.012,ERR,ERR,ERR,ERR,ERR,ERR,ERR,ERR,ERR,ERR,ERR,ERR,ERR,ERR,ERR,ERR,ERR,ERR,ERR,ERR,ERR,ERR,ERR,ERR,ERR,ERR,ERR,ERR,ERR,ERR,ERR,ERR,ERR,ERR,ERR,ERR,ERR,ERR,ERR,ERR,ERR,ERR,ERR,ERR,ERR,ERR,ERR,ERR,ERR,ERR,ERR,ERR,ERR,ERR,ERR,ERR,ERR,ERR,ERR,ERR,ERR,ERR,ERR,ERR,ERR,ERR,ERR,60.0,60.0,35,0.0,0.0,0.0,0.0,0.0,0.0,0.0,0.0,0.0,0.0,0.0,0.0,0.0,0.0,0.0,0.0,64.8,0,150,71,58,65476,0,65476,0,1,8,20529,65476,0,0,2621,60.0,0.0,0.0,0.0,0.0,0.0
2026-07-09T15:32:47,ERR,ERR,ERR,ERR,ERR,ERR,ERR,ERR,ERR,ERR,ERR,ERR,ERR,ERR,ERR,ERR,ERR,ERR,ERR,ERR,ERR,ERR,ERR,ERR,ERR,ERR,ERR,ERR,ERR,ERR,ERR,ERR,ERR,ERR,ERR,ERR,ERR,ERR,ERR,ERR,ERR,ERR,ERR,ERR,ERR,ERR,ERR,ERR,ERR,ERR,ERR,ERR,ERR,ERR,ERR,ERR,ERR,ERR,ERR,ERR,ERR,ERR,ERR,ERR,ERR,ERR,ERR,ERR,ERR,ERR,ERR,ERR,ERR,ERR,ERR,ERR,ERR,ERR,ERR,ERR,ERR,ERR,ERR,ERR,ERR,ERR,ERR,ERR,ERR,ERR,ERR,ERR,ERR,ERR,ERR,ERR,ERR,ERR,ERR,ERR,ERR,ERR,ERR,ERR,ERR,ERR,ERR,ERR,ERR,ERR,ERR,ERR,ERR,ERR,ERR,ERR,ERR,ERR,ERR,ERR,ERR,ERR,ERR,ERR,ERR,0.0,-107616128.0,-0.0,2.7183478752108883e+23,262721.469,-0.016,0.0,7.922897491241512e+32,0,0,4,17328,7116,0.0,100,0.0,0.0,2.7183478752108883e+23,0.0,0.0,0,0,0,0,0.0,0,0,0,0,0,0,0,0,0,0,0,0,0,0,0,0,0,0,0,0,0,0,0,0,0,0,0,0,0,0,0,0,0,31,40,40,71,65476,0,300,0,0,8,21553,0.0,-107605600.0,0.0,0.0,0.0,0.0,0.0,0.0,0.0,0.0,0.0,0.0,0.0,0.0,0.0,0.0,0.0,0.0,0.0,0.0,0.0,0.0,2.004,-0.0,0.0,0.0,0.0,0.0,0.0,0.0,5391.0,564146638684160.0,6923.0,0.0,-107616128.0,2.004,2.004,0.0,0.0,0.0,0.0,69,-0.0,0.0,0.0,0.0,0.0,0.0,0.0,0.0,0.0,0,0,0,0.0,0.0,0.0,0.0,0.0,0.0,0.0,0.0,0.0,0.0,0.0,0.0,0.0,0.0,0.0,0.0,0,-107875648.0,69,0.0,138,0.0,2.012,ERR,ERR,ERR,ERR,ERR,ERR,ERR,ERR,ERR,ERR,ERR,ERR,ERR,ERR,ERR,ERR,ERR,ERR,ERR,ERR,ERR,ERR,ERR,ERR,ERR,ERR,ERR,ERR,ERR,ERR,ERR,ERR,ERR,ERR,ERR,ERR,ERR,ERR,ERR,ERR,ERR,ERR,ERR,ERR,ERR,ERR,ERR,ERR,ERR,ERR,ERR,ERR,ERR,ERR,ERR,ERR,ERR,ERR,ERR,ERR,ERR,ERR,ERR,ERR,ERR,ERR,ERR,60.0,60.0,35,0.0,0.0,0.0,0.0,0.0,0.0,0.0,0.0,0.0,0.0,0.0,0.0,0.0,0.0,0.0,0.0,64.8,0,150,71,58,65476,0,65476,0,1,8,20529,65476,0,0,2621,60.0,0.0,0.0,0.0,0.0,0.0
2026-07-09T15:32:48,ERR,ERR,ERR,ERR,ERR,ERR,ERR,ERR,ERR,ERR,ERR,ERR,ERR,ERR,ERR,ERR,ERR,ERR,ERR,ERR,ERR,ERR,ERR,ERR,ERR,ERR,ERR,ERR,ERR,ERR,ERR,ERR,ERR,ERR,ERR,ERR,ERR,ERR,ERR,ERR,ERR,ERR,ERR,ERR,ERR,ERR,ERR,ERR,ERR,ERR,ERR,ERR,ERR,ERR,ERR,ERR,ERR,ERR,ERR,ERR,ERR,ERR,ERR,ERR,ERR,ERR,ERR,ERR,ERR,ERR,ERR,ERR,ERR,ERR,ERR,ERR,ERR,ERR,ERR,ERR,ERR,ERR,ERR,ERR,ERR,ERR,ERR,ERR,ERR,ERR,ERR,ERR,ERR,ERR,ERR,ERR,ERR,ERR,ERR,ERR,ERR,ERR,ERR,ERR,ERR,ERR,ERR,ERR,ERR,ERR,ERR,ERR,ERR,ERR,ERR,ERR,ERR,ERR,ERR,ERR,ERR,ERR,ERR,ERR,ERR,0.0,-107616128.0,-0.0,2.7183478752108883e+23,262721.469,-0.016,0.0,7.922897491241512e+32,0,0,4,17328,7116,0.0,100,0.0,0.0,2.7183478752108883e+23,0.0,0.0,0,0,0,0,0.0,0,0,0,0,0,0,0,0,0,0,0,0,0,0,0,0,0,0,0,0,0,0,0,0,0,0,0,0,0,0,0,0,0,31,40,40,71,65476,0,300,0,0,8,21553,0.0,-107605600.0,0.0,0.0,0.0,0.0,0.0,0.0,0.0,0.0,0.0,0.0,0.0,0.0,0.0,0.0,0.0,0.0,0.0,0.0,0.0,0.0,2.004,-0.0,0.0,0.0,0.0,0.0,0.0,0.0,5391.0,564146638684160.0,6923.0,0.0,-107616128.0,2.004,2.004,0.0,0.0,0.0,0.0,69,-0.0,0.0,0.0,0.0,0.0,0.0,0.0,0.0,0.0,0,0,0,0.0,0.0,0.0,0.0,0.0,0.0,0.0,0.0,0.0,0.0,0.0,0.0,0.0,0.0,0.0,0.0,0,-107875648.0,69,0.0,138,0.0,2.012,ERR,ERR,ERR,ERR,ERR,ERR,ERR,ERR,ERR,ERR,ERR,ERR,ERR,ERR,ERR,ERR,ERR,ERR,ERR,ERR,ERR,ERR,ERR,ERR,ERR,ERR,ERR,ERR,ERR,ERR,ERR,ERR,ERR,ERR,ERR,ERR,ERR,ERR,ERR,ERR,ERR,ERR,ERR,ERR,ERR,ERR,ERR,ERR,ERR,ERR,ERR,ERR,ERR,ERR,ERR,ERR,ERR,ERR,ERR,ERR,ERR,ERR,ERR,ERR,ERR,ERR,ERR,60.0,60.0,35,0.0,0.0,0.0,0.0,0.0,0.0,0.0,0.0,0.0,0.0,0.0,0.0,0.0,0.0,0.0,0.0,64.8,0,150,71,58,65476,0,65476,0,1,8,20529,65476,0,0,2621,60.0,0.0,0.0,0.0,0.0,0.0
2026-07-09T15:32:49,ERR,ERR,ERR,ERR,ERR,ERR,ERR,ERR,ERR,ERR,ERR,ERR,ERR,ERR,ERR,ERR,ERR,ERR,ERR,ERR,ERR,ERR,ERR,ERR,ERR,ERR,ERR,ERR,ERR,ERR,ERR,ERR,ERR,ERR,ERR,ERR,ERR,ERR,ERR,ERR,ERR,ERR,ERR,ERR,ERR,ERR,ERR,ERR,ERR,ERR,ERR,ERR,ERR,ERR,ERR,ERR,ERR,ERR,ERR,ERR,ERR,ERR,ERR,ERR,ERR,ERR,ERR,ERR,ERR,ERR,ERR,ERR,ERR,ERR,ERR,ERR,ERR,ERR,ERR,ERR,ERR,ERR,ERR,ERR,ERR,ERR,ERR,ERR,ERR,ERR,ERR,ERR,ERR,ERR,ERR,ERR,ERR,ERR,ERR,ERR,ERR,ERR,ERR,ERR,ERR,ERR,ERR,ERR,ERR,ERR,ERR,ERR,ERR,ERR,ERR,ERR,ERR,ERR,ERR,ERR,ERR,ERR,ERR,ERR,ERR,0.0,0.0,2.718423175396658e+23,0.0,0.0,12730729.0,33161044033536.0,0.0,0,0,4,17329,7116,0.0,100,0.0,0.0,0.0,0.0,0.0,0,0,0,0,0.0,0,0,0,0,0,0,0,0,0,0,0,0,0,0,0,0,0,0,0,0,0,0,0,0,0,0,0,0,0,0,0,0,0,31,40,40,71,65476,0,300,0,0,8,21553,0.0,-107605600.0,0.0,0.0,0.0,0.0,0.0,0.0,0.0,0.0,0.0,0.0,0.0,0.0,0.0,0.0,0.0,0.0,0.0,0.0,0.0,0.0,2.004,-2.004,0.0,0.0,0.0,0.0,0.0,0.0,5371.0,-3.69719097147586e+19,6940.0,0.0,0.0,2.004,2.004,0.0,0.0,0.0,0.0,69,-0.059,-2.3088305142477567e+20,0.0,0.0,0.0,0.0,0.0,0.0,0.0,0,0,0,0.0,0.0,0.0,0.0,0.0,0.0,0.0,0.0,0.0,0.0,0.0,0.0,0.0,0.0,0.0,0.0,0,-107875648.0,69,0.0,138,0.0,2.012,ERR,ERR,ERR,ERR,ERR,ERR,ERR,ERR,ERR,ERR,ERR,ERR,ERR,ERR,ERR,ERR,ERR,ERR,ERR,ERR,ERR,ERR,ERR,ERR,ERR,ERR,ERR,ERR,ERR,ERR,ERR,ERR,ERR,ERR,ERR,ERR,ERR,ERR,ERR,ERR,ERR,ERR,ERR,ERR,ERR,ERR,ERR,ERR,ERR,ERR,ERR,ERR,ERR,ERR,ERR,ERR,ERR,ERR,ERR,ERR,ERR,ERR,ERR,ERR,ERR,ERR,ERR,60.0,60.0,35,0.0,0.0,0.0,0.0,0.0,0.0,0.0,0.0,0.0,0.0,0.0,0.0,0.0,0.0,0.0,0.0,64.8,0,150,71,58,65476,0,65476,0,1,8,20529,65476,0,0,2621,60.0,0.0,0.0,0.0,0.0,0.0
2026-07-09T15:32:50,ERR,ERR,ERR,ERR,ERR,ERR,ERR,ERR,ERR,ERR,ERR,ERR,ERR,ERR,ERR,ERR,ERR,ERR,ERR,ERR,ERR,ERR,ERR,ERR,ERR,ERR,ERR,ERR,ERR,ERR,ERR,ERR,ERR,ERR,ERR,ERR,ERR,ERR,ERR,ERR,ERR,ERR,ERR,ERR,ERR,ERR,ERR,ERR,ERR,ERR,ERR,ERR,ERR,ERR,ERR,ERR,ERR,ERR,ERR,ERR,ERR,ERR,ERR,ERR,ERR,ERR,ERR,ERR,ERR,ERR,ERR,ERR,ERR,ERR,ERR,ERR,ERR,ERR,ERR,ERR,ERR,ERR,ERR,ERR,ERR,ERR,ERR,ERR,ERR,ERR,ERR,ERR,ERR,ERR,ERR,ERR,ERR,ERR,ERR,ERR,ERR,ERR,ERR,ERR,ERR,ERR,ERR,ERR,ERR,ERR,ERR,ERR,ERR,ERR,ERR,ERR,ERR,ERR,ERR,ERR,ERR,ERR,ERR,ERR,ERR,0.0,0.0,2.718423175396658e+23,0.0,0.0,12730729.0,33161044033536.0,0.0,0,0,4,17329,7116,0.0,100,0.0,0.0,0.0,0.0,0.0,0,0,0,0,0.0,0,0,0,0,0,0,0,0,0,0,0,0,0,0,0,0,0,0,0,0,0,0,0,0,0,0,0,0,0,0,0,0,0,31,40,40,71,65476,0,300,0,0,8,21553,0.0,-107605600.0,0.0,0.0,0.0,0.0,0.0,0.0,0.0,0.0,0.0,0.0,0.0,0.0,0.0,0.0,0.0,0.0,0.0,0.0,0.0,0.0,2.004,-2.004,0.0,0.0,0.0,0.0,0.0,0.0,5371.0,-3.69719097147586e+19,6940.0,0.0,0.0,2.004,2.004,0.0,0.0,0.0,0.0,69,-0.059,-2.3088305142477567e+20,0.0,0.0,0.0,0.0,0.0,0.0,0.0,0,0,0,0.0,0.0,0.0,0.0,0.0,0.0,0.0,0.0,0.0,0.0,0.0,0.0,0.0,0.0,0.0,0.0,0,-107875648.0,69,0.0,138,0.0,2.012,ERR,ERR,ERR,ERR,ERR,ERR,ERR,ERR,ERR,ERR,ERR,ERR,ERR,ERR,ERR,ERR,ERR,ERR,ERR,ERR,ERR,ERR,ERR,ERR,ERR,ERR,ERR,ERR,ERR,ERR,ERR,ERR,ERR,ERR,ERR,ERR,ERR,ERR,ERR,ERR,ERR,ERR,ERR,ERR,ERR,ERR,ERR,ERR,ERR,ERR,ERR,ERR,ERR,ERR,ERR,ERR,ERR,ERR,ERR,ERR,ERR,ERR,ERR,ERR,ERR,ERR,ERR,60.0,60.0,35,0.0,0.0,0.0,0.0,0.0,0.0,0.0,0.0,0.0,0.0,0.0,0.0,0.0,0.0,0.0,0.0,65.2,0,150,71,58,65476,0,65476,0,1,8,20529,65476,0,0,2621,60.0,0.0,0.0,0.0,0.0,0.0
2026-07-09T15:32:51,ERR,ERR,ERR,ERR,ERR,ERR,ERR,ERR,ERR,ERR,ERR,ERR,ERR,ERR,ERR,ERR,ERR,ERR,ERR,ERR,ERR,ERR,ERR,ERR,ERR,ERR,ERR,ERR,ERR,ERR,ERR,ERR,ERR,ERR,ERR,ERR,ERR,ERR,ERR,ERR,ERR,ERR,ERR,ERR,ERR,ERR,ERR,ERR,ERR,ERR,ERR,ERR,ERR,ERR,ERR,ERR,ERR,ERR,ERR,ERR,ERR,ERR,ERR,ERR,ERR,ERR,ERR,ERR,ERR,ERR,ERR,ERR,ERR,ERR,ERR,ERR,ERR,ERR,ERR,ERR,ERR,ERR,ERR,ERR,ERR,ERR,ERR,ERR,ERR,ERR,ERR,ERR,ERR,ERR,ERR,ERR,ERR,ERR,ERR,ERR,ERR,ERR,ERR,ERR,ERR,ERR,ERR,ERR,ERR,ERR,ERR,ERR,ERR,ERR,ERR,ERR,ERR,ERR,ERR,ERR,ERR,ERR,ERR,ERR,ERR,0.0,0.0,2.718423175396658e+23,0.0,0.0,12730729.0,33161044033536.0,0.0,0,0,4,17329,7116,0.0,100,0.0,0.0,0.0,0.0,0.0,0,0,0,0,0.0,0,0,0,0,0,0,0,0,0,0,0,0,0,0,0,0,0,0,0,0,0,0,0,0,0,0,0,0,0,0,0,0,0,31,40,40,71,65476,0,300,0,0,8,21553,0.0,-107605600.0,0.0,0.0,0.0,0.0,0.0,0.0,0.0,0.0,0.0,0.0,0.0,0.0,0.0,0.0,0.0,0.0,0.0,0.0,0.0,0.0,2.004,-2.004,0.0,0.0,0.0,0.0,0.0,0.0,5371.0,-3.69719097147586e+19,6940.0,0.0,0.0,2.004,2.004,0.0,0.0,0.0,0.0,69,-0.059,-2.3088305142477567e+20,0.0,0.0,0.0,0.0,0.0,0.0,0.0,0,0,0,0.0,0.0,0.0,0.0,0.0,0.0,0.0,0.0,0.0,0.0,0.0,0.0,0.0,0.0,0.0,0.0,0,-107875648.0,69,0.0,138,0.0,2.012,ERR,ERR,ERR,ERR,ERR,ERR,ERR,ERR,ERR,ERR,ERR,ERR,ERR,ERR,ERR,ERR,ERR,ERR,ERR,ERR,ERR,ERR,ERR,ERR,ERR,ERR,ERR,ERR,ERR,ERR,ERR,ERR,ERR,ERR,ERR,ERR,ERR,ERR,ERR,ERR,ERR,ERR,ERR,ERR,ERR,ERR,ERR,ERR,ERR,ERR,ERR,ERR,ERR,ERR,ERR,ERR,ERR,ERR,ERR,ERR,ERR,ERR,ERR,ERR,ERR,ERR,ERR,60.0,60.0,35,0.0,0.0,0.0,0.0,0.0,0.0,0.0,0.0,0.0,0.0,0.0,0.0,0.0,0.0,0.0,0.0,65.2,0,150,71,58,65476,0,65476,0,1,8,20529,65476,0,0,2621,60.0,0.0,0.0,0.0,0.0,0.0
2026-07-09T15:32:52,ERR,ERR,ERR,ERR,ERR,ERR,ERR,ERR,ERR,ERR,ERR,ERR,ERR,ERR,ERR,ERR,ERR,ERR,ERR,ERR,ERR,ERR,ERR,ERR,ERR,ERR,ERR,ERR,ERR,ERR,ERR,ERR,ERR,ERR,ERR,ERR,ERR,ERR,ERR,ERR,ERR,ERR,ERR,ERR,ERR,ERR,ERR,ERR,ERR,ERR,ERR,ERR,ERR,ERR,ERR,ERR,ERR,ERR,ERR,ERR,ERR,ERR,ERR,ERR,ERR,ERR,ERR,ERR,ERR,ERR,ERR,ERR,ERR,ERR,ERR,ERR,ERR,ERR,ERR,ERR,ERR,ERR,ERR,ERR,ERR,ERR,ERR,ERR,ERR,ERR,ERR,ERR,ERR,ERR,ERR,ERR,ERR,ERR,ERR,ERR,ERR,ERR,ERR,ERR,ERR,ERR,ERR,ERR,ERR,ERR,ERR,ERR,ERR,ERR,ERR,ERR,ERR,ERR,ERR,ERR,ERR,ERR,ERR,ERR,ERR,0.0,0.0,2.718423175396658e+23,0.0,0.0,12730729.0,33161044033536.0,0.0,0,0,4,17329,7116,0.0,100,0.0,0.0,0.0,0.0,0.0,0,0,0,0,0.0,0,0,0,0,0,0,0,0,0,0,0,0,0,0,0,0,0,0,0,0,0,0,0,0,0,0,0,0,0,0,0,0,0,31,40,40,71,65476,0,300,0,0,8,21553,0.0,-107605600.0,0.0,0.0,0.0,0.0,0.0,0.0,0.0,0.0,0.0,0.0,0.0,0.0,0.0,0.0,0.0,0.0,0.0,0.0,0.0,0.0,2.004,-2.004,0.0,0.0,0.0,0.0,0.0,0.0,5371.0,-3.69719097147586e+19,6940.0,0.0,0.0,2.004,2.004,0.0,0.0,0.0,0.0,69,-0.059,-2.3088305142477567e+20,0.0,0.0,0.0,0.0,0.0,0.0,0.0,0,0,0,0.0,0.0,0.0,0.0,0.0,0.0,0.0,0.0,0.0,0.0,0.0,0.0,0.0,0.0,0.0,0.0,0,-107875648.0,69,0.0,138,0.0,2.012,ERR,ERR,ERR,ERR,ERR,ERR,ERR,ERR,ERR,ERR,ERR,ERR,ERR,ERR,ERR,ERR,ERR,ERR,ERR,ERR,ERR,ERR,ERR,ERR,ERR,ERR,ERR,ERR,ERR,ERR,ERR,ERR,ERR,ERR,ERR,ERR,ERR,ERR,ERR,ERR,ERR,ERR,ERR,ERR,ERR,ERR,ERR,ERR,ERR,ERR,ERR,ERR,ERR,ERR,ERR,ERR,ERR,ERR,ERR,ERR,ERR,ERR,ERR,ERR,ERR,ERR,ERR,60.0,60.0,35,0.0,0.0,0.0,0.0,0.0,0.0,0.0,0.0,0.0,0.0,0.0,0.0,0.0,0.0,0.0,0.0,64.8,0,150,71,58,65476,0,65476,0,1,8,20529,65476,0,0,2621,60.0,0.0,0.0,0.0,0.0,0.0
2026-07-09T15:32:53,ERR,ERR,ERR,ERR,ERR,ERR,ERR,ERR,ERR,ERR,ERR,ERR,ERR,ERR,ERR,ERR,ERR,ERR,ERR,ERR,ERR,ERR,ERR,ERR,ERR,ERR,ERR,ERR,ERR,ERR,ERR,ERR,ERR,ERR,ERR,ERR,ERR,ERR,ERR,ERR,ERR,ERR,ERR,ERR,ERR,ERR,ERR,ERR,ERR,ERR,ERR,ERR,ERR,ERR,ERR,ERR,ERR,ERR,ERR,ERR,ERR,ERR,ERR,ERR,ERR,ERR,ERR,ERR,ERR,ERR,ERR,ERR,ERR,ERR,ERR,ERR,ERR,ERR,ERR,ERR,ERR,ERR,ERR,ERR,ERR,ERR,ERR,ERR,ERR,ERR,ERR,ERR,ERR,ERR,ERR,ERR,ERR,ERR,ERR,ERR,ERR,ERR,ERR,ERR,ERR,ERR,ERR,ERR,ERR,ERR,ERR,ERR,ERR,ERR,ERR,ERR,ERR,ERR,ERR,ERR,ERR,ERR,ERR,ERR,ERR,0.0,0.0,2.718423175396658e+23,0.0,0.0,12730729.0,33161044033536.0,0.0,0,0,4,17329,7116,0.0,100,0.0,0.0,0.0,0.0,0.0,0,0,0,0,0.0,0,0,0,0,0,0,0,0,0,0,0,0,0,0,0,0,0,0,0,0,0,0,0,0,0,0,0,0,0,0,0,0,0,31,40,40,71,65476,0,300,0,0,8,21553,0.0,-107605600.0,0.0,0.0,0.0,0.0,0.0,0.0,0.0,0.0,0.0,0.0,0.0,0.0,0.0,0.0,0.0,0.0,0.0,0.0,0.0,0.0,2.004,-2.004,0.0,0.0,0.0,0.0,0.0,0.0,5371.0,-3.69719097147586e+19,6940.0,0.0,0.0,2.004,2.004,0.0,0.0,0.0,0.0,69,-0.059,-2.3088305142477567e+20,0.0,0.0,0.0,0.0,0.0,0.0,0.0,0,0,0,0.0,0.0,0.0,0.0,0.0,0.0,0.0,0.0,0.0,0.0,0.0,0.0,0.0,0.0,0.0,0.0,0,-107875648.0,69,0.0,138,0.0,2.012,ERR,ERR,ERR,ERR,ERR,ERR,ERR,ERR,ERR,ERR,ERR,ERR,ERR,ERR,ERR,ERR,ERR,ERR,ERR,ERR,ERR,ERR,ERR,ERR,ERR,ERR,ERR,ERR,ERR,ERR,ERR,ERR,ERR,ERR,ERR,ERR,ERR,ERR,ERR,ERR,ERR,ERR,ERR,ERR,ERR,ERR,ERR,ERR,ERR,ERR,ERR,ERR,ERR,ERR,ERR,ERR,ERR,ERR,ERR,ERR,ERR,ERR,ERR,ERR,ERR,ERR,ERR,60.0,60.0,35,0.0,0.0,0.0,0.0,0.0,0.0,0.0,0.0,0.0,0.0,0.0,0.0,0.0,0.0,0.0,0.0,64.8,0,150,71,58,65476,0,65476,0,1,8,20529,65476,0,0,2621,60.0,0.0,0.0,0.0,0.0,0.0
2026-07-09T15:32:54,ERR,ERR,ERR,ERR,ERR,ERR,ERR,ERR,ERR,ERR,ERR,ERR,ERR,ERR,ERR,ERR,ERR,ERR,ERR,ERR,ERR,ERR,ERR,ERR,ERR,ERR,ERR,ERR,ERR,ERR,ERR,ERR,ERR,ERR,ERR,ERR,ERR,ERR,ERR,ERR,ERR,ERR,ERR,ERR,ERR,ERR,ERR,ERR,ERR,ERR,ERR,ERR,ERR,ERR,ERR,ERR,ERR,ERR,ERR,ERR,ERR,ERR,ERR,ERR,ERR,ERR,ERR,ERR,ERR,ERR,ERR,ERR,ERR,ERR,ERR,ERR,ERR,ERR,ERR,ERR,ERR,ERR,ERR,ERR,ERR,ERR,ERR,ERR,ERR,ERR,ERR,ERR,ERR,ERR,ERR,ERR,ERR,ERR,ERR,ERR,ERR,ERR,ERR,ERR,ERR,ERR,ERR,ERR,ERR,ERR,ERR,ERR,ERR,ERR,ERR,ERR,ERR,ERR,ERR,ERR,ERR,ERR,ERR,ERR,ERR,0.0,0.0,2.718423175396658e+23,0.0,0.0,-0.0,-0.0,-0.0,0,0,4,17328,7116,0.0,100,0.0,0.0,0.0,0.0,0.0,0,0,0,0,0.0,0,0,0,0,0,0,0,0,0,0,0,0,0,0,0,0,0,0,0,0,0,0,0,0,0,0,0,0,0,0,0,0,0,31,40,40,71,65476,0,300,0,0,8,21553,0.0,-107605600.0,0.0,0.0,0.0,0.0,0.0,0.0,0.0,0.0,0.0,0.0,0.0,0.0,0.0,0.0,0.0,0.0,0.0,0.0,0.0,0.0,-0.0,-2.004,0.0,0.0,0.0,0.0,0.0,0.0,5349.0,-0.0,6930.0,2.7184264179883896e+23,0.0,2.004,2.004,0.0,0.0,0.0,0.0,69,-4.066881992213451e+29,5.848061229130767e+35,0.0,0.0,0.0,0.0,0.0,0.0,0.0,0,0,0,0.0,0.0,0.0,0.0,0.0,0.0,0.0,0.0,0.0,0.0,0.0,0.0,0.0,0.0,0.0,0.0,0,-107875648.0,69,0.0,138,0.0,2.012,ERR,ERR,ERR,ERR,ERR,ERR,ERR,ERR,ERR,ERR,ERR,ERR,ERR,ERR,ERR,ERR,ERR,ERR,ERR,ERR,ERR,ERR,ERR,ERR,ERR,ERR,ERR,ERR,ERR,ERR,ERR,ERR,ERR,ERR,ERR,ERR,ERR,ERR,ERR,ERR,ERR,ERR,ERR,ERR,ERR,ERR,ERR,ERR,ERR,ERR,ERR,ERR,ERR,ERR,ERR,ERR,ERR,ERR,ERR,ERR,ERR,ERR,ERR,ERR,ERR,ERR,ERR,60.0,60.0,35,0.0,0.0,0.0,0.0,0.0,0.0,0.0,0.0,0.0,0.0,0.0,0.0,0.0,0.0,0.0,0.0,64.8,0,150,71,58,65476,0,65476,0,1,8,20529,65476,0,0,2621,60.0,0.0,0.0,0.0,0.0,0.0
2026-07-09T15:32:55,ERR,ERR,ERR,ERR,ERR,ERR,ERR,ERR,ERR,ERR,ERR,ERR,ERR,ERR,ERR,ERR,ERR,ERR,ERR,ERR,ERR,ERR,ERR,ERR,ERR,ERR,ERR,ERR,ERR,ERR,ERR,ERR,ERR,ERR,ERR,ERR,ERR,ERR,ERR,ERR,ERR,ERR,ERR,ERR,ERR,ERR,ERR,ERR,ERR,ERR,ERR,ERR,ERR,ERR,ERR,ERR,ERR,ERR,ERR,ERR,ERR,ERR,ERR,ERR,ERR,ERR,ERR,ERR,ERR,ERR,ERR,ERR,ERR,ERR,ERR,ERR,ERR,ERR,ERR,ERR,ERR,ERR,ERR,ERR,ERR,ERR,ERR,ERR,ERR,ERR,ERR,ERR,ERR,ERR,ERR,ERR,ERR,ERR,ERR,ERR,ERR,ERR,ERR,ERR,ERR,ERR,ERR,ERR,ERR,ERR,ERR,ERR,ERR,ERR,ERR,ERR,ERR,ERR,ERR,ERR,ERR,ERR,ERR,ERR,ERR,0.0,0.0,2.718423175396658e+23,0.0,0.0,-0.0,-0.0,-0.0,0,0,4,17328,7116,0.0,100,0.0,0.0,0.0,0.0,0.0,0,0,0,0,0.0,0,0,0,0,0,0,0,0,0,0,0,0,0,0,0,0,0,0,0,0,0,0,0,0,0,0,0,0,0,0,0,0,0,31,40,40,71,65476,0,300,0,0,8,21553,0.0,-107605600.0,0.0,0.0,0.0,0.0,0.0,0.0,0.0,0.0,0.0,0.0,0.0,0.0,0.0,0.0,0.0,0.0,0.0,0.0,0.0,0.0,-0.0,-2.004,0.0,0.0,0.0,0.0,0.0,0.0,5349.0,-0.0,6930.0,2.7184264179883896e+23,0.0,2.004,2.004,0.0,0.0,0.0,0.0,69,-4.066881992213451e+29,5.848061229130767e+35,0.0,0.0,0.0,0.0,0.0,0.0,0.0,0,0,0,0.0,0.0,0.0,0.0,0.0,0.0,0.0,0.0,0.0,0.0,0.0,0.0,0.0,0.0,0.0,0.0,0,-107875648.0,69,0.0,138,0.0,2.012,ERR,ERR,ERR,ERR,ERR,ERR,ERR,ERR,ERR,ERR,ERR,ERR,ERR,ERR,ERR,ERR,ERR,ERR,ERR,ERR,ERR,ERR,ERR,ERR,ERR,ERR,ERR,ERR,ERR,ERR,ERR,ERR,ERR,ERR,ERR,ERR,ERR,ERR,ERR,ERR,ERR,ERR,ERR,ERR,ERR,ERR,ERR,ERR,ERR,ERR,ERR,ERR,ERR,ERR,ERR,ERR,ERR,ERR,ERR,ERR,ERR,ERR,ERR,ERR,ERR,ERR,ERR,60.0,60.0,35,0.0,0.0,0.0,0.0,0.0,0.0,0.0,0.0,0.0,0.0,0.0,0.0,0.0,0.0,0.0,0.0,64.8,0,150,71,58,65476,0,65476,0,1,8,20529,65476,0,0,2621,60.0,0.0,0.0,0.0,0.0,0.0
2026-07-09T15:32:56,ERR,ERR,ERR,ERR,ERR,ERR,ERR,ERR,ERR,ERR,ERR,ERR,ERR,ERR,ERR,ERR,ERR,ERR,ERR,ERR,ERR,ERR,ERR,ERR,ERR,ERR,ERR,ERR,ERR,ERR,ERR,ERR,ERR,ERR,ERR,ERR,ERR,ERR,ERR,ERR,ERR,ERR,ERR,ERR,ERR,ERR,ERR,ERR,ERR,ERR,ERR,ERR,ERR,ERR,ERR,ERR,ERR,ERR,ERR,ERR,ERR,ERR,ERR,ERR,ERR,ERR,ERR,ERR,ERR,ERR,ERR,ERR,ERR,ERR,ERR,ERR,ERR,ERR,ERR,ERR,ERR,ERR,ERR,ERR,ERR,ERR,ERR,ERR,ERR,ERR,ERR,ERR,ERR,ERR,ERR,ERR,ERR,ERR,ERR,ERR,ERR,ERR,ERR,ERR,ERR,ERR,ERR,ERR,ERR,ERR,ERR,ERR,ERR,ERR,ERR,ERR,ERR,ERR,ERR,ERR,ERR,ERR,ERR,ERR,ERR,0.0,0.0,2.718423175396658e+23,0.0,0.0,-0.0,-0.0,-0.0,0,0,4,17328,7116,0.0,100,0.0,0.0,0.0,0.0,0.0,0,0,0,0,0.0,0,0,0,0,0,0,0,0,0,0,0,0,0,0,0,0,0,0,0,0,0,0,0,0,0,0,0,0,0,0,0,0,0,31,40,40,71,65476,0,300,0,0,8,21553,0.0,-107605600.0,0.0,0.0,0.0,0.0,0.0,0.0,0.0,0.0,0.0,0.0,0.0,0.0,0.0,0.0,0.0,0.0,0.0,0.0,0.0,0.0,-0.0,-2.004,0.0,0.0,0.0,0.0,0.0,0.0,5349.0,-0.0,6930.0,2.7184264179883896e+23,0.0,2.004,2.004,0.0,0.0,0.0,0.0,69,-4.066881992213451e+29,5.848061229130767e+35,0.0,0.0,0.0,0.0,0.0,0.0,0.0,0,0,0,0.0,0.0,0.0,0.0,0.0,0.0,0.0,0.0,0.0,0.0,0.0,0.0,0.0,0.0,0.0,0.0,0,-107875648.0,69,0.0,138,0.0,2.012,ERR,ERR,ERR,ERR,ERR,ERR,ERR,ERR,ERR,ERR,ERR,ERR,ERR,ERR,ERR,ERR,ERR,ERR,ERR,ERR,ERR,ERR,ERR,ERR,ERR,ERR,ERR,ERR,ERR,ERR,ERR,ERR,ERR,ERR,ERR,ERR,ERR,ERR,ERR,ERR,ERR,ERR,ERR,ERR,ERR,ERR,ERR,ERR,ERR,ERR,ERR,ERR,ERR,ERR,ERR,ERR,ERR,ERR,ERR,ERR,ERR,ERR,ERR,ERR,ERR,ERR,ERR,60.0,60.0,35,0.0,0.0,0.0,0.0,0.0,0.0,0.0,0.0,0.0,0.0,0.0,0.0,0.0,0.0,0.0,0.0,64.8,0,150,71,58,65476,0,65476,0,1,8,20529,65476,0,0,2621,60.0,0.0,0.0,0.0,0.0,0.0
2026-07-09T15:32:57,ERR,ERR,ERR,ERR,ERR,ERR,ERR,ERR,ERR,ERR,ERR,ERR,ERR,ERR,ERR,ERR,ERR,ERR,ERR,ERR,ERR,ERR,ERR,ERR,ERR,ERR,ERR,ERR,ERR,ERR,ERR,ERR,ERR,ERR,ERR,ERR,ERR,ERR,ERR,ERR,ERR,ERR,ERR,ERR,ERR,ERR,ERR,ERR,ERR,ERR,ERR,ERR,ERR,ERR,ERR,ERR,ERR,ERR,ERR,ERR,ERR,ERR,ERR,ERR,ERR,ERR,ERR,ERR,ERR,ERR,ERR,ERR,ERR,ERR,ERR,ERR,ERR,ERR,ERR,ERR,ERR,ERR,ERR,ERR,ERR,ERR,ERR,ERR,ERR,ERR,ERR,ERR,ERR,ERR,ERR,ERR,ERR,ERR,ERR,ERR,ERR,ERR,ERR,ERR,ERR,ERR,ERR,ERR,ERR,ERR,ERR,ERR,ERR,ERR,ERR,ERR,ERR,ERR,ERR,ERR,ERR,ERR,ERR,ERR,ERR,0.0,0.0,2.718423175396658e+23,0.0,0.0,-0.0,-0.0,-0.0,0,0,4,17328,7116,0.0,100,0.0,0.0,0.0,0.0,0.0,0,0,0,0,0.0,0,0,0,0,0,0,0,0,0,0,0,0,0,0,0,0,0,0,0,0,0,0,0,0,0,0,0,0,0,0,0,0,0,31,40,40,71,65476,0,300,0,0,8,21553,0.0,-107605600.0,0.0,0.0,0.0,0.0,0.0,0.0,0.0,0.0,0.0,0.0,0.0,0.0,0.0,0.0,0.0,0.0,0.0,0.0,0.0,0.0,-0.0,-2.004,0.0,0.0,0.0,0.0,0.0,0.0,5349.0,-0.0,6930.0,2.7184264179883896e+23,0.0,2.004,2.004,0.0,0.0,0.0,0.0,69,-4.066881992213451e+29,5.848061229130767e+35,0.0,0.0,0.0,0.0,0.0,0.0,0.0,0,0,0,0.0,0.0,0.0,0.0,0.0,0.0,0.0,0.0,0.0,0.0,0.0,0.0,0.0,0.0,0.0,0.0,0,-107875648.0,69,0.0,138,0.0,2.012,ERR,ERR,ERR,ERR,ERR,ERR,ERR,ERR,ERR,ERR,ERR,ERR,ERR,ERR,ERR,ERR,ERR,ERR,ERR,ERR,ERR,ERR,ERR,ERR,ERR,ERR,ERR,ERR,ERR,ERR,ERR,ERR,ERR,ERR,ERR,ERR,ERR,ERR,ERR,ERR,ERR,ERR,ERR,ERR,ERR,ERR,ERR,ERR,ERR,ERR,ERR,ERR,ERR,ERR,ERR,ERR,ERR,ERR,ERR,ERR,ERR,ERR,ERR,ERR,ERR,ERR,ERR,60.0,60.0,35,0.0,0.0,0.0,0.0,0.0,0.0,0.0,0.0,0.0,0.0,0.0,0.0,0.0,0.0,0.0,0.0,64.8,0,150,71,58,65476,0,65476,0,1,8,20529,65476,0,0,2621,60.0,0.0,0.0,0.0,0.0,0.0
2026-07-09T15:32:58,ERR,ERR,ERR,ERR,ERR,ERR,ERR,ERR,ERR,ERR,ERR,ERR,ERR,ERR,ERR,ERR,ERR,ERR,ERR,ERR,ERR,ERR,ERR,ERR,ERR,ERR,ERR,ERR,ERR,ERR,ERR,ERR,ERR,ERR,ERR,ERR,ERR,ERR,ERR,ERR,ERR,ERR,ERR,ERR,ERR,ERR,ERR,ERR,ERR,ERR,ERR,ERR,ERR,ERR,ERR,ERR,ERR,ERR,ERR,ERR,ERR,ERR,ERR,ERR,ERR,ERR,ERR,ERR,ERR,ERR,ERR,ERR,ERR,ERR,ERR,ERR,ERR,ERR,ERR,ERR,ERR,ERR,ERR,ERR,ERR,ERR,ERR,ERR,ERR,ERR,ERR,ERR,ERR,ERR,ERR,ERR,ERR,ERR,ERR,ERR,ERR,ERR,ERR,ERR,ERR,ERR,ERR,ERR,ERR,ERR,ERR,ERR,ERR,ERR,ERR,ERR,ERR,ERR,ERR,ERR,ERR,ERR,ERR,ERR,ERR,0.0,0.0,2.718423175396658e+23,0.0,0.0,-0.0,-0.0,-0.0,0,0,4,17328,7116,0.0,100,0.0,0.0,0.0,0.0,0.0,0,0,0,0,0.0,0,0,0,0,0,0,0,0,0,0,0,0,0,0,0,0,0,0,0,0,0,0,0,0,0,0,0,0,0,0,0,0,0,31,40,40,71,65476,0,300,0,0,8,21553,0.0,-107605600.0,0.0,0.0,0.0,0.0,0.0,0.0,0.0,0.0,0.0,0.0,0.0,0.0,0.0,0.0,0.0,0.0,0.0,0.0,0.0,0.0,-0.0,-2.004,0.0,0.0,0.0,0.0,0.0,0.0,5349.0,-0.0,6930.0,2.7184264179883896e+23,0.0,2.004,2.004,0.0,0.0,0.0,0.0,69,-4.066881992213451e+29,5.848061229130767e+35,0.0,0.0,0.0,0.0,0.0,0.0,0.0,0,0,0,0.0,0.0,0.0,0.0,0.0,0.0,0.0,0.0,0.0,0.0,0.0,0.0,0.0,0.0,0.0,0.0,0,-107875648.0,69,0.0,138,0.0,2.012,ERR,ERR,ERR,ERR,ERR,ERR,ERR,ERR,ERR,ERR,ERR,ERR,ERR,ERR,ERR,ERR,ERR,ERR,ERR,ERR,ERR,ERR,ERR,ERR,ERR,ERR,ERR,ERR,ERR,ERR,ERR,ERR,ERR,ERR,ERR,ERR,ERR,ERR,ERR,ERR,ERR,ERR,ERR,ERR,ERR,ERR,ERR,ERR,ERR,ERR,ERR,ERR,ERR,ERR,ERR,ERR,ERR,ERR,ERR,ERR,ERR,ERR,ERR,ERR,ERR,ERR,ERR,60.0,60.0,35,0.0,0.0,0.0,0.0,0.0,0.0,0.0,0.0,0.0,0.0,0.0,0.0,0.0,0.0,0.0,0.0,64.8,0,150,71,58,65476,0,65476,0,1,8,20529,65476,0,0,2621,60.0,0.0,0.0,0.0,0.0,0.0
2026-07-09T15:32:59,ERR,ERR,ERR,ERR,ERR,ERR,ERR,ERR,ERR,ERR,ERR,ERR,ERR,ERR,ERR,ERR,ERR,ERR,ERR,ERR,ERR,ERR,ERR,ERR,ERR,ERR,ERR,ERR,ERR,ERR,ERR,ERR,ERR,ERR,ERR,ERR,ERR,ERR,ERR,ERR,ERR,ERR,ERR,ERR,ERR,ERR,ERR,ERR,ERR,ERR,ERR,ERR,ERR,ERR,ERR,ERR,ERR,ERR,ERR,ERR,ERR,ERR,ERR,ERR,ERR,ERR,ERR,ERR,ERR,ERR,ERR,ERR,ERR,ERR,ERR,ERR,ERR,ERR,ERR,ERR,ERR,ERR,ERR,ERR,ERR,ERR,ERR,ERR,ERR,ERR,ERR,ERR,ERR,ERR,ERR,ERR,ERR,ERR,ERR,ERR,ERR,ERR,ERR,ERR,ERR,ERR,ERR,ERR,ERR,ERR,ERR,ERR,ERR,ERR,ERR,ERR,ERR,ERR,ERR,ERR,ERR,ERR,ERR,ERR,ERR,2.7184264179883896e+23,2.718447855122616e+23,2.718423175396658e+23,0.0,0.0,-3.947841596686336e+16,-386459712.0,5.598883357781834e+25,0,0,4,17329,7116,0.0,100,0.0,0.0,0.0,0.0,0.0,0,0,0,0,0.0,0,0,0,0,0,0,0,0,0,0,0,0,0,0,0,0,0,0,0,0,0,0,0,0,0,0,0,0,0,0,0,0,0,31,40,40,71,65476,0,300,0,0,8,21553,0.0,-107605600.0,0.0,0.0,0.0,0.0,0.0,0.0,0.0,0.0,0.0,0.0,0.0,0.0,0.0,0.0,0.0,0.0,0.0,0.0,0.0,0.0,-0.0,-3.697070904806107e+19,0.0,0.0,0.0,0.0,0.0,0.0,5354.0,0.0,6917.0,2.7184264179883896e+23,2.718447855122616e+23,2.004,2.004,0.0,0.0,0.0,0.0,69,0.0,-4.950406547079815e+32,0.0,0.0,0.0,0.0,0.0,0.0,0.0,0,0,0,0.0,0.0,0.0,0.0,0.0,0.0,0.0,0.0,0.0,0.0,0.0,0.0,0.0,0.0,0.0,0.0,0,-107875648.0,69,0.0,138,0.0,2.012,ERR,ERR,ERR,ERR,ERR,ERR,ERR,ERR,ERR,ERR,ERR,ERR,ERR,ERR,ERR,ERR,ERR,ERR,ERR,ERR,ERR,ERR,ERR,ERR,ERR,ERR,ERR,ERR,ERR,ERR,ERR,ERR,ERR,ERR,ERR,ERR,ERR,ERR,ERR,ERR,ERR,ERR,ERR,ERR,ERR,ERR,ERR,ERR,ERR,ERR,ERR,ERR,ERR,ERR,ERR,ERR,ERR,ERR,ERR,ERR,ERR,ERR,ERR,ERR,ERR,ERR,ERR,60.0,60.0,35,0.0,0.0,0.0,0.0,0.0,0.0,0.0,0.0,0.0,0.0,0.0,0.0,0.0,0.0,0.0,0.0,64.8,0,150,71,58,65476,0,65476,0,1,8,20529,65476,0,0,2621,60.0,0.0,0.0,0.0,0.0,0.0
2026-07-09T15:33:00,ERR,ERR,ERR,ERR,ERR,ERR,ERR,ERR,ERR,ERR,ERR,ERR,ERR,ERR,ERR,ERR,ERR,ERR,ERR,ERR,ERR,ERR,ERR,ERR,ERR,ERR,ERR,ERR,ERR,ERR,ERR,ERR,ERR,ERR,ERR,ERR,ERR,ERR,ERR,ERR,ERR,ERR,ERR,ERR,ERR,ERR,ERR,ERR,ERR,ERR,ERR,ERR,ERR,ERR,ERR,ERR,ERR,ERR,ERR,ERR,ERR,ERR,ERR,ERR,ERR,ERR,ERR,ERR,ERR,ERR,ERR,ERR,ERR,ERR,ERR,ERR,ERR,ERR,ERR,ERR,ERR,ERR,ERR,ERR,ERR,ERR,ERR,ERR,ERR,ERR,ERR,ERR,ERR,ERR,ERR,ERR,ERR,ERR,ERR,ERR,ERR,ERR,ERR,ERR,ERR,ERR,ERR,ERR,ERR,ERR,ERR,ERR,ERR,ERR,ERR,ERR,ERR,ERR,ERR,ERR,ERR,ERR,ERR,ERR,ERR,2.7184264179883896e+23,2.718447855122616e+23,2.718423175396658e+23,0.0,0.0,-3.947841596686336e+16,-386459712.0,5.598883357781834e+25,0,0,4,17329,7116,0.0,100,0.0,0.0,0.0,0.0,0.0,0,0,0,0,0.0,0,0,0,0,0,0,0,0,0,0,0,0,0,0,0,0,0,0,0,0,0,0,0,0,0,0,0,0,0,0,0,0,0,31,40,40,71,65476,0,300,0,0,8,21553,0.0,-107605600.0,0.0,0.0,0.0,0.0,0.0,0.0,0.0,0.0,0.0,0.0,0.0,0.0,0.0,0.0,0.0,0.0,0.0,0.0,0.0,0.0,-0.0,-3.697070904806107e+19,0.0,0.0,0.0,0.0,0.0,0.0,5354.0,0.0,6917.0,2.7184264179883896e+23,2.718447855122616e+23,2.004,2.004,0.0,0.0,0.0,0.0,69,0.0,-4.950406547079815e+32,0.0,0.0,0.0,0.0,0.0,0.0,0.0,0,0,0,0.0,0.0,0.0,0.0,0.0,0.0,0.0,0.0,0.0,0.0,0.0,0.0,0.0,0.0,0.0,0.0,0,-107875648.0,69,0.0,138,0.0,2.012,ERR,ERR,ERR,ERR,ERR,ERR,ERR,ERR,ERR,ERR,ERR,ERR,ERR,ERR,ERR,ERR,ERR,ERR,ERR,ERR,ERR,ERR,ERR,ERR,ERR,ERR,ERR,ERR,ERR,ERR,ERR,ERR,ERR,ERR,ERR,ERR,ERR,ERR,ERR,ERR,ERR,ERR,ERR,ERR,ERR,ERR,ERR,ERR,ERR,ERR,ERR,ERR,ERR,ERR,ERR,ERR,ERR,ERR,ERR,ERR,ERR,ERR,ERR,ERR,ERR,ERR,ERR,60.0,60.0,35,0.0,0.0,0.0,0.0,0.0,0.0,0.0,0.0,0.0,0.0,0.0,0.0,0.0,0.0,0.0,0.0,64.8,0,150,71,58,65476,0,65476,0,1,8,20529,65476,0,0,2621,60.0,0.0,0.0,0.0,0.0,0.0
2026-07-09T15:33:01,ERR,ERR,ERR,ERR,ERR,ERR,ERR,ERR,ERR,ERR,ERR,ERR,ERR,ERR,ERR,ERR,ERR,ERR,ERR,ERR,ERR,ERR,ERR,ERR,ERR,ERR,ERR,ERR,ERR,ERR,ERR,ERR,ERR,ERR,ERR,ERR,ERR,ERR,ERR,ERR,ERR,ERR,ERR,ERR,ERR,ERR,ERR,ERR,ERR,ERR,ERR,ERR,ERR,ERR,ERR,ERR,ERR,ERR,ERR,ERR,ERR,ERR,ERR,ERR,ERR,ERR,ERR,ERR,ERR,ERR,ERR,ERR,ERR,ERR,ERR,ERR,ERR,ERR,ERR,ERR,ERR,ERR,ERR,ERR,ERR,ERR,ERR,ERR,ERR,ERR,ERR,ERR,ERR,ERR,ERR,ERR,ERR,ERR,ERR,ERR,ERR,ERR,ERR,ERR,ERR,ERR,ERR,ERR,ERR,ERR,ERR,ERR,ERR,ERR,ERR,ERR,ERR,ERR,ERR,ERR,ERR,ERR,ERR,ERR,ERR,2.7184264179883896e+23,2.718447855122616e+23,2.718423175396658e+23,0.0,0.0,-3.947841596686336e+16,-386459712.0,5.598883357781834e+25,0,0,4,17329,7116,0.0,100,0.0,0.0,0.0,0.0,0.0,0,0,0,0,0.0,0,0,0,0,0,0,0,0,0,0,0,0,0,0,0,0,0,0,0,0,0,0,0,0,0,0,0,0,0,0,0,0,0,31,40,40,71,65476,0,300,0,0,8,21553,0.0,-107605600.0,0.0,0.0,0.0,0.0,0.0,0.0,0.0,0.0,0.0,0.0,0.0,0.0,0.0,0.0,0.0,0.0,0.0,0.0,0.0,0.0,-0.0,-3.697070904806107e+19,0.0,0.0,0.0,0.0,0.0,0.0,5354.0,0.0,6917.0,2.7184264179883896e+23,2.718447855122616e+23,2.004,2.004,0.0,0.0,0.0,0.0,69,0.0,-4.950406547079815e+32,0.0,0.0,0.0,0.0,0.0,0.0,0.0,0,0,0,0.0,0.0,0.0,0.0,0.0,0.0,0.0,0.0,0.0,0.0,0.0,0.0,0.0,0.0,0.0,0.0,0,-107875648.0,69,0.0,138,0.0,2.012,ERR,ERR,ERR,ERR,ERR,ERR,ERR,ERR,ERR,ERR,ERR,ERR,ERR,ERR,ERR,ERR,ERR,ERR,ERR,ERR,ERR,ERR,ERR,ERR,ERR,ERR,ERR,ERR,ERR,ERR,ERR,ERR,ERR,ERR,ERR,ERR,ERR,ERR,ERR,ERR,ERR,ERR,ERR,ERR,ERR,ERR,ERR,ERR,ERR,ERR,ERR,ERR,ERR,ERR,ERR,ERR,ERR,ERR,ERR,ERR,ERR,ERR,ERR,ERR,ERR,ERR,ERR,60.0,60.0,35,0.0,0.0,0.0,0.0,0.0,0.0,0.0,0.0,0.0,0.0,0.0,0.0,0.0,0.0,0.0,0.0,64.8,0,150,71,58,65476,0,65476,0,1,8,20529,65476,0,0,2621,60.0,0.0,0.0,0.0,0.0,0.0
2026-07-09T15:33:02,ERR,ERR,ERR,ERR,ERR,ERR,ERR,ERR,ERR,ERR,ERR,ERR,ERR,ERR,ERR,ERR,ERR,ERR,ERR,ERR,ERR,ERR,ERR,ERR,ERR,ERR,ERR,ERR,ERR,ERR,ERR,ERR,ERR,ERR,ERR,ERR,ERR,ERR,ERR,ERR,ERR,ERR,ERR,ERR,ERR,ERR,ERR,ERR,ERR,ERR,ERR,ERR,ERR,ERR,ERR,ERR,ERR,ERR,ERR,ERR,ERR,ERR,ERR,ERR,ERR,ERR,ERR,ERR,ERR,ERR,ERR,ERR,ERR,ERR,ERR,ERR,ERR,ERR,ERR,ERR,ERR,ERR,ERR,ERR,ERR,ERR,ERR,ERR,ERR,ERR,ERR,ERR,ERR,ERR,ERR,ERR,ERR,ERR,ERR,ERR,ERR,ERR,ERR,ERR,ERR,ERR,ERR,ERR,ERR,ERR,ERR,ERR,ERR,ERR,ERR,ERR,ERR,ERR,ERR,ERR,ERR,ERR,ERR,ERR,ERR,2.7184264179883896e+23,2.718447855122616e+23,2.718423175396658e+23,0.0,0.0,-3.947841596686336e+16,-386459712.0,5.598883357781834e+25,0,0,4,17329,7116,0.0,100,0.0,0.0,0.0,0.0,0.0,0,0,0,0,0.0,0,0,0,0,0,0,0,0,0,0,0,0,0,0,0,0,0,0,0,0,0,0,0,0,0,0,0,0,0,0,0,0,0,31,40,40,71,65476,0,300,0,0,8,21553,0.0,-107605600.0,0.0,0.0,0.0,0.0,0.0,0.0,0.0,0.0,0.0,0.0,0.0,0.0,0.0,0.0,0.0,0.0,0.0,0.0,0.0,0.0,-0.0,-3.697070904806107e+19,0.0,0.0,0.0,0.0,0.0,0.0,5354.0,0.0,6917.0,2.7184264179883896e+23,2.718447855122616e+23,2.004,2.004,0.0,0.0,0.0,0.0,69,0.0,-4.950406547079815e+32,0.0,0.0,0.0,0.0,0.0,0.0,0.0,0,0,0,0.0,0.0,0.0,0.0,0.0,0.0,0.0,0.0,0.0,0.0,0.0,0.0,0.0,0.0,0.0,0.0,0,-107875648.0,69,0.0,138,0.0,2.012,ERR,ERR,ERR,ERR,ERR,ERR,ERR,ERR,ERR,ERR,ERR,ERR,ERR,ERR,ERR,ERR,ERR,ERR,ERR,ERR,ERR,ERR,ERR,ERR,ERR,ERR,ERR,ERR,ERR,ERR,ERR,ERR,ERR,ERR,ERR,ERR,ERR,ERR,ERR,ERR,ERR,ERR,ERR,ERR,ERR,ERR,ERR,ERR,ERR,ERR,ERR,ERR,ERR,ERR,ERR,ERR,ERR,ERR,ERR,ERR,ERR,ERR,ERR,ERR,ERR,ERR,ERR,60.0,60.0,35,0.0,0.0,0.0,0.0,0.0,0.0,0.0,0.0,0.0,0.0,0.0,0.0,0.0,0.0,0.0,0.0,64.8,0,150,71,58,65476,0,65476,0,1,8,20529,65476,0,0,2621,60.0,0.0,0.0,0.0,0.0,0.0
2026-07-09T15:33:03,ERR,ERR,ERR,ERR,ERR,ERR,ERR,ERR,ERR,ERR,ERR,ERR,ERR,ERR,ERR,ERR,ERR,ERR,ERR,ERR,ERR,ERR,ERR,ERR,ERR,ERR,ERR,ERR,ERR,ERR,ERR,ERR,ERR,ERR,ERR,ERR,ERR,ERR,ERR,ERR,ERR,ERR,ERR,ERR,ERR,ERR,ERR,ERR,ERR,ERR,ERR,ERR,ERR,ERR,ERR,ERR,ERR,ERR,ERR,ERR,ERR,ERR,ERR,ERR,ERR,ERR,ERR,ERR,ERR,ERR,ERR,ERR,ERR,ERR,ERR,ERR,ERR,ERR,ERR,ERR,ERR,ERR,ERR,ERR,ERR,ERR,ERR,ERR,ERR,ERR,ERR,ERR,ERR,ERR,ERR,ERR,ERR,ERR,ERR,ERR,ERR,ERR,ERR,ERR,ERR,ERR,ERR,ERR,ERR,ERR,ERR,ERR,ERR,ERR,ERR,ERR,ERR,ERR,ERR,ERR,ERR,ERR,ERR,ERR,ERR,2.7184264179883896e+23,2.718447855122616e+23,2.718423175396658e+23,0.0,0.0,-3.947841596686336e+16,-386459712.0,5.598883357781834e+25,0,0,4,17329,7116,0.0,100,0.0,0.0,0.0,0.0,0.0,0,0,0,0,0.0,0,0,0,0,0,0,0,0,0,0,0,0,0,0,0,0,0,0,0,0,0,0,0,0,0,0,0,0,0,0,0,0,0,31,40,40,71,65476,0,300,0,0,8,21553,0.0,-107605600.0,0.0,0.0,0.0,0.0,0.0,0.0,0.0,0.0,0.0,0.0,0.0,0.0,0.0,0.0,0.0,0.0,0.0,0.0,0.0,0.0,-0.0,-3.697070904806107e+19,0.0,0.0,0.0,0.0,0.0,0.0,5354.0,0.0,6917.0,2.7184264179883896e+23,2.718447855122616e+23,2.004,2.004,0.0,0.0,0.0,0.0,69,0.0,-4.950406547079815e+32,0.0,0.0,0.0,0.0,0.0,0.0,0.0,0,0,0,0.0,0.0,0.0,0.0,0.0,0.0,0.0,0.0,0.0,0.0,0.0,0.0,0.0,0.0,0.0,0.0,0,-107875648.0,69,0.0,138,0.0,2.012,ERR,ERR,ERR,ERR,ERR,ERR,ERR,ERR,ERR,ERR,ERR,ERR,ERR,ERR,ERR,ERR,ERR,ERR,ERR,ERR,ERR,ERR,ERR,ERR,ERR,ERR,ERR,ERR,ERR,ERR,ERR,ERR,ERR,ERR,ERR,ERR,ERR,ERR,ERR,ERR,ERR,ERR,ERR,ERR,ERR,ERR,ERR,ERR,ERR,ERR,ERR,ERR,ERR,ERR,ERR,ERR,ERR,ERR,ERR,ERR,ERR,ERR,ERR,ERR,ERR,ERR,ERR,60.0,60.0,35,0.0,0.0,0.0,0.0,0.0,0.0,0.0,0.0,0.0,0.0,0.0,0.0,0.0,0.0,0.0,0.0,64.8,0,150,71,58,65476,0,65476,0,1,8,20529,65476,0,0,2621,60.0,0.0,0.0,0.0,0.0,0.0
2026-07-09T15:33:04,ERR,ERR,ERR,ERR,ERR,ERR,ERR,ERR,ERR,ERR,ERR,ERR,ERR,ERR,ERR,ERR,ERR,ERR,ERR,ERR,ERR,ERR,ERR,ERR,ERR,ERR,ERR,ERR,ERR,ERR,ERR,ERR,ERR,ERR,ERR,ERR,ERR,ERR,ERR,ERR,ERR,ERR,ERR,ERR,ERR,ERR,ERR,ERR,ERR,ERR,ERR,ERR,ERR,ERR,ERR,ERR,ERR,ERR,ERR,ERR,ERR,ERR,ERR,ERR,ERR,ERR,ERR,ERR,ERR,ERR,ERR,ERR,ERR,ERR,ERR,ERR,ERR,ERR,ERR,ERR,ERR,ERR,ERR,ERR,ERR,ERR,ERR,ERR,ERR,ERR,ERR,ERR,ERR,ERR,ERR,ERR,ERR,ERR,ERR,ERR,ERR,ERR,ERR,ERR,ERR,ERR,ERR,ERR,ERR,ERR,ERR,ERR,ERR,ERR,ERR,ERR,ERR,ERR,ERR,ERR,ERR,ERR,ERR,ERR,ERR,-107615184.0,2.718447855122616e+23,nan,2.7183478752108883e+23,-0.0,-3.0649198985481905e+24,-1392231097303040.0,-0.0,0,0,4,17329,7116,0.0,100,0.0,0.0,2.7183478752108883e+23,0.0,0.0,0,0,0,0,0.0,0,0,0,0,0,0,0,0,0,0,0,0,0,0,0,0,0,0,0,0,0,0,0,0,0,0,0,0,0,0,0,0,0,31,40,40,71,65476,0,300,0,0,8,21553,0.0,-107605600.0,0.0,0.0,0.0,0.0,0.0,0.0,0.0,0.0,0.0,0.0,0.0,0.0,0.0,0.0,0.0,0.0,0.0,0.0,0.0,0.0,-2.004,-3.697070904806107e+19,0.0,0.0,0.0,0.0,0.0,0.0,5332.0,-8608192512.0,6938.0,-107615184.0,-0.0,2.004,2.004,0.0,0.0,0.0,0.0,69,0.059,-0.0,0.0,0.0,0.0,0.0,0.0,0.0,0.0,0,0,0,0.0,0.0,0.0,0.0,0.0,0.0,0.0,0.0,0.0,0.0,0.0,0.0,0.0,0.0,0.0,0.0,0,-107875648.0,69,0.0,138,0.0,2.012,ERR,ERR,ERR,ERR,ERR,ERR,ERR,ERR,ERR,ERR,ERR,ERR,ERR,ERR,ERR,ERR,ERR,ERR,ERR,ERR,ERR,ERR,ERR,ERR,ERR,ERR,ERR,ERR,ERR,ERR,ERR,ERR,ERR,ERR,ERR,ERR,ERR,ERR,ERR,ERR,ERR,ERR,ERR,ERR,ERR,ERR,ERR,ERR,ERR,ERR,ERR,ERR,ERR,ERR,ERR,ERR,ERR,ERR,ERR,ERR,ERR,ERR,ERR,ERR,ERR,ERR,ERR,60.0,60.0,35,0.0,0.0,0.0,0.0,0.0,0.0,0.0,0.0,0.0,0.0,0.0,0.0,0.0,0.0,0.0,0.0,64.8,0,150,71,58,65476,0,65476,0,1,8,20529,65476,0,0,2621,60.0,0.0,0.0,0.0,0.0,0.0
2026-07-09T15:33:05,ERR,ERR,ERR,ERR,ERR,ERR,ERR,ERR,ERR,ERR,ERR,ERR,ERR,ERR,ERR,ERR,ERR,ERR,ERR,ERR,ERR,ERR,ERR,ERR,ERR,ERR,ERR,ERR,ERR,ERR,ERR,ERR,ERR,ERR,ERR,ERR,ERR,ERR,ERR,ERR,ERR,ERR,ERR,ERR,ERR,ERR,ERR,ERR,ERR,ERR,ERR,ERR,ERR,ERR,ERR,ERR,ERR,ERR,ERR,ERR,ERR,ERR,ERR,ERR,ERR,ERR,ERR,ERR,ERR,ERR,ERR,ERR,ERR,ERR,ERR,ERR,ERR,ERR,ERR,ERR,ERR,ERR,ERR,ERR,ERR,ERR,ERR,ERR,ERR,ERR,ERR,ERR,ERR,ERR,ERR,ERR,ERR,ERR,ERR,ERR,ERR,ERR,ERR,ERR,ERR,ERR,ERR,ERR,ERR,ERR,ERR,ERR,ERR,ERR,ERR,ERR,ERR,ERR,ERR,ERR,ERR,ERR,ERR,ERR,ERR,-107615184.0,2.718447855122616e+23,nan,2.7183478752108883e+23,-0.0,-3.0649198985481905e+24,-1392231097303040.0,-0.0,0,0,4,17329,7116,0.0,100,0.0,0.0,2.7183478752108883e+23,0.0,0.0,0,0,0,0,0.0,0,0,0,0,0,0,0,0,0,0,0,0,0,0,0,0,0,0,0,0,0,0,0,0,0,0,0,0,0,0,0,0,0,31,40,40,71,65476,0,300,0,0,8,21553,0.0,-107605600.0,0.0,0.0,0.0,0.0,0.0,0.0,0.0,0.0,0.0,0.0,0.0,0.0,0.0,0.0,0.0,0.0,0.0,0.0,0.0,0.0,-2.004,-3.697070904806107e+19,0.0,0.0,0.0,0.0,0.0,0.0,5332.0,-8608192512.0,6938.0,-107615184.0,-0.0,2.004,2.004,0.0,0.0,0.0,0.0,69,0.059,-0.0,0.0,0.0,0.0,0.0,0.0,0.0,0.0,0,0,0,0.0,0.0,0.0,0.0,0.0,0.0,0.0,0.0,0.0,0.0,0.0,0.0,0.0,0.0,0.0,0.0,0,-107875648.0,69,0.0,138,0.0,2.012,ERR,ERR,ERR,ERR,ERR,ERR,ERR,ERR,ERR,ERR,ERR,ERR,ERR,ERR,ERR,ERR,ERR,ERR,ERR,ERR,ERR,ERR,ERR,ERR,ERR,ERR,ERR,ERR,ERR,ERR,ERR,ERR,ERR,ERR,ERR,ERR,ERR,ERR,ERR,ERR,ERR,ERR,ERR,ERR,ERR,ERR,ERR,ERR,ERR,ERR,ERR,ERR,ERR,ERR,ERR,ERR,ERR,ERR,ERR,ERR,ERR,ERR,ERR,ERR,ERR,ERR,ERR,60.0,60.0,35,0.0,0.0,0.0,0.0,0.0,0.0,0.0,0.0,0.0,0.0,0.0,0.0,0.0,0.0,0.0,0.0,64.8,0,150,71,58,65476,0,65476,0,1,8,20529,65476,0,0,2621,60.0,0.0,0.0,0.0,0.0,0.0
2026-07-09T15:33:06,ERR,ERR,ERR,ERR,ERR,ERR,ERR,ERR,ERR,ERR,ERR,ERR,ERR,ERR,ERR,ERR,ERR,ERR,ERR,ERR,ERR,ERR,ERR,ERR,ERR,ERR,ERR,ERR,ERR,ERR,ERR,ERR,ERR,ERR,ERR,ERR,ERR,ERR,ERR,ERR,ERR,ERR,ERR,ERR,ERR,ERR,ERR,ERR,ERR,ERR,ERR,ERR,ERR,ERR,ERR,ERR,ERR,ERR,ERR,ERR,ERR,ERR,ERR,ERR,ERR,ERR,ERR,ERR,ERR,ERR,ERR,ERR,ERR,ERR,ERR,ERR,ERR,ERR,ERR,ERR,ERR,ERR,ERR,ERR,ERR,ERR,ERR,ERR,ERR,ERR,ERR,ERR,ERR,ERR,ERR,ERR,ERR,ERR,ERR,ERR,ERR,ERR,ERR,ERR,ERR,ERR,ERR,ERR,ERR,ERR,ERR,ERR,ERR,ERR,ERR,ERR,ERR,ERR,ERR,ERR,ERR,ERR,ERR,ERR,ERR,-107615184.0,2.718447855122616e+23,nan,2.7183478752108883e+23,-0.0,-3.0649198985481905e+24,-1392231097303040.0,-0.0,0,0,4,17329,7116,0.0,100,0.0,0.0,2.7183478752108883e+23,0.0,0.0,0,0,0,0,0.0,0,0,0,0,0,0,0,0,0,0,0,0,0,0,0,0,0,0,0,0,0,0,0,0,0,0,0,0,0,0,0,0,0,31,40,40,71,65476,0,300,0,0,8,21553,0.0,-107605600.0,0.0,0.0,0.0,0.0,0.0,0.0,0.0,0.0,0.0,0.0,0.0,0.0,0.0,0.0,0.0,0.0,0.0,0.0,0.0,0.0,-2.004,-3.697070904806107e+19,0.0,0.0,0.0,0.0,0.0,0.0,5332.0,-8608192512.0,6938.0,-107615184.0,-0.0,2.004,2.004,0.0,0.0,0.0,0.0,69,0.059,-0.0,0.0,0.0,0.0,0.0,0.0,0.0,0.0,0,0,0,0.0,0.0,0.0,0.0,0.0,0.0,0.0,0.0,0.0,0.0,0.0,0.0,0.0,0.0,0.0,0.0,0,-107875648.0,69,0.0,138,0.0,2.012,ERR,ERR,ERR,ERR,ERR,ERR,ERR,ERR,ERR,ERR,ERR,ERR,ERR,ERR,ERR,ERR,ERR,ERR,ERR,ERR,ERR,ERR,ERR,ERR,ERR,ERR,ERR,ERR,ERR,ERR,ERR,ERR,ERR,ERR,ERR,ERR,ERR,ERR,ERR,ERR,ERR,ERR,ERR,ERR,ERR,ERR,ERR,ERR,ERR,ERR,ERR,ERR,ERR,ERR,ERR,ERR,ERR,ERR,ERR,ERR,ERR,ERR,ERR,ERR,ERR,ERR,ERR,60.0,60.0,35,0.0,0.0,0.0,0.0,0.0,0.0,0.0,0.0,0.0,0.0,0.0,0.0,0.0,0.0,0.0,0.0,64.8,0,150,71,58,65476,0,65476,0,1,8,20529,65476,0,0,2621,60.0,0.0,0.0,0.0,0.0,0.0
2026-07-09T15:33:07,ERR,ERR,ERR,ERR,ERR,ERR,ERR,ERR,ERR,ERR,ERR,ERR,ERR,ERR,ERR,ERR,ERR,ERR,ERR,ERR,ERR,ERR,ERR,ERR,ERR,ERR,ERR,ERR,ERR,ERR,ERR,ERR,ERR,ERR,ERR,ERR,ERR,ERR,ERR,ERR,ERR,ERR,ERR,ERR,ERR,ERR,ERR,ERR,ERR,ERR,ERR,ERR,ERR,ERR,ERR,ERR,ERR,ERR,ERR,ERR,ERR,ERR,ERR,ERR,ERR,ERR,ERR,ERR,ERR,ERR,ERR,ERR,ERR,ERR,ERR,ERR,ERR,ERR,ERR,ERR,ERR,ERR,ERR,ERR,ERR,ERR,ERR,ERR,ERR,ERR,ERR,ERR,ERR,ERR,ERR,ERR,ERR,ERR,ERR,ERR,ERR,ERR,ERR,ERR,ERR,ERR,ERR,ERR,ERR,ERR,ERR,ERR,ERR,ERR,ERR,ERR,ERR,ERR,ERR,ERR,ERR,ERR,ERR,ERR,ERR,-107615184.0,2.718447855122616e+23,nan,2.7183478752108883e+23,-0.0,-3.0649198985481905e+24,-1392231097303040.0,-0.0,0,0,4,17329,7116,0.0,100,0.0,0.0,2.7183478752108883e+23,0.0,0.0,0,0,0,0,0.0,0,0,0,0,0,0,0,0,0,0,0,0,0,0,0,0,0,0,0,0,0,0,0,0,0,0,0,0,0,0,0,0,0,31,40,40,71,65476,0,300,0,0,8,21553,0.0,-107605600.0,0.0,0.0,0.0,0.0,0.0,0.0,0.0,0.0,0.0,0.0,0.0,0.0,0.0,0.0,0.0,0.0,0.0,0.0,0.0,0.0,-2.004,-3.697070904806107e+19,0.0,0.0,0.0,0.0,0.0,0.0,5332.0,-8608192512.0,6938.0,-107615184.0,-0.0,2.004,2.004,0.0,0.0,0.0,0.0,69,0.059,-0.0,0.0,0.0,0.0,0.0,0.0,0.0,0.0,0,0,0,0.0,0.0,0.0,0.0,0.0,0.0,0.0,0.0,0.0,0.0,0.0,0.0,0.0,0.0,0.0,0.0,0,-107875648.0,69,0.0,138,0.0,2.012,ERR,ERR,ERR,ERR,ERR,ERR,ERR,ERR,ERR,ERR,ERR,ERR,ERR,ERR,ERR,ERR,ERR,ERR,ERR,ERR,ERR,ERR,ERR,ERR,ERR,ERR,ERR,ERR,ERR,ERR,ERR,ERR,ERR,ERR,ERR,ERR,ERR,ERR,ERR,ERR,ERR,ERR,ERR,ERR,ERR,ERR,ERR,ERR,ERR,ERR,ERR,ERR,ERR,ERR,ERR,ERR,ERR,ERR,ERR,ERR,ERR,ERR,ERR,ERR,ERR,ERR,ERR,60.0,60.0,35,0.0,0.0,0.0,0.0,0.0,0.0,0.0,0.0,0.0,0.0,0.0,0.0,0.0,0.0,0.0,0.0,64.8,0,150,71,58,65476,0,65476,0,1,8,20529,65476,0,0,2621,60.0,0.0,0.0,0.0,0.0,0.0
2026-07-09T15:33:08,ERR,ERR,ERR,ERR,ERR,ERR,ERR,ERR,ERR,ERR,ERR,ERR,ERR,ERR,ERR,ERR,ERR,ERR,ERR,ERR,ERR,ERR,ERR,ERR,ERR,ERR,ERR,ERR,ERR,ERR,ERR,ERR,ERR,ERR,ERR,ERR,ERR,ERR,ERR,ERR,ERR,ERR,ERR,ERR,ERR,ERR,ERR,ERR,ERR,ERR,ERR,ERR,ERR,ERR,ERR,ERR,ERR,ERR,ERR,ERR,ERR,ERR,ERR,ERR,ERR,ERR,ERR,ERR,ERR,ERR,ERR,ERR,ERR,ERR,ERR,ERR,ERR,ERR,ERR,ERR,ERR,ERR,ERR,ERR,ERR,ERR,ERR,ERR,ERR,ERR,ERR,ERR,ERR,ERR,ERR,ERR,ERR,ERR,ERR,ERR,ERR,ERR,ERR,ERR,ERR,ERR,ERR,ERR,ERR,ERR,ERR,ERR,ERR,ERR,ERR,ERR,ERR,ERR,ERR,ERR,ERR,ERR,ERR,ERR,ERR,-107615184.0,2.718447855122616e+23,nan,2.7183478752108883e+23,-0.0,-3.0649198985481905e+24,-1392231097303040.0,-0.0,0,0,4,17329,7116,0.0,100,0.0,0.0,2.7183478752108883e+23,0.0,0.0,0,0,0,0,0.0,0,0,0,0,0,0,0,0,0,0,0,0,0,0,0,0,0,0,0,0,0,0,0,0,0,0,0,0,0,0,0,0,0,31,40,40,71,65476,0,300,0,0,8,21553,0.0,-107605600.0,0.0,0.0,0.0,0.0,0.0,0.0,0.0,0.0,0.0,0.0,0.0,0.0,0.0,0.0,0.0,0.0,0.0,0.0,0.0,0.0,-2.004,-3.697070904806107e+19,0.0,0.0,0.0,0.0,0.0,0.0,5332.0,-8608192512.0,6938.0,-107615184.0,-0.0,2.004,2.004,0.0,0.0,0.0,0.0,69,0.059,-0.0,0.0,0.0,0.0,0.0,0.0,0.0,0.0,0,0,0,0.0,0.0,0.0,0.0,0.0,0.0,0.0,0.0,0.0,0.0,0.0,0.0,0.0,0.0,0.0,0.0,0,-107875648.0,69,0.0,138,0.0,2.012,ERR,ERR,ERR,ERR,ERR,ERR,ERR,ERR,ERR,ERR,ERR,ERR,ERR,ERR,ERR,ERR,ERR,ERR,ERR,ERR,ERR,ERR,ERR,ERR,ERR,ERR,ERR,ERR,ERR,ERR,ERR,ERR,ERR,ERR,ERR,ERR,ERR,ERR,ERR,ERR,ERR,ERR,ERR,ERR,ERR,ERR,ERR,ERR,ERR,ERR,ERR,ERR,ERR,ERR,ERR,ERR,ERR,ERR,ERR,ERR,ERR,ERR,ERR,ERR,ERR,ERR,ERR,60.0,60.0,35,0.0,0.0,0.0,0.0,0.0,0.0,0.0,0.0,0.0,0.0,0.0,0.0,0.0,0.0,0.0,0.0,65.2,0,150,71,58,65476,0,65476,0,1,8,20529,65476,0,0,2621,60.0,0.0,0.0,0.0,0.0,0.0
2026-07-09T15:33:09,ERR,ERR,ERR,ERR,ERR,ERR,ERR,ERR,ERR,ERR,ERR,ERR,ERR,ERR,ERR,ERR,ERR,ERR,ERR,ERR,ERR,ERR,ERR,ERR,ERR,ERR,ERR,ERR,ERR,ERR,ERR,ERR,ERR,ERR,ERR,ERR,ERR,ERR,ERR,ERR,ERR,ERR,ERR,ERR,ERR,ERR,ERR,ERR,ERR,ERR,ERR,ERR,ERR,ERR,ERR,ERR,ERR,ERR,ERR,ERR,ERR,ERR,ERR,ERR,ERR,ERR,ERR,ERR,ERR,ERR,ERR,ERR,ERR,ERR,ERR,ERR,ERR,ERR,ERR,ERR,ERR,ERR,ERR,ERR,ERR,ERR,ERR,ERR,ERR,ERR,ERR,ERR,ERR,ERR,ERR,ERR,ERR,ERR,ERR,ERR,ERR,ERR,ERR,ERR,ERR,ERR,ERR,ERR,ERR,ERR,ERR,ERR,ERR,ERR,ERR,ERR,ERR,ERR,ERR,ERR,ERR,ERR,ERR,ERR,ERR,-107615184.0,-107616136.0,-107615040.0,2.7183478752108883e+23,0.0,-1243657344.0,-213.278,-0.0,0,0,4,17332,7116,0.0,100,0.0,0.0,2.7183478752108883e+23,0.0,0.0,0,0,0,0,0.0,0,0,0,0,0,0,0,0,0,0,0,0,0,0,0,0,0,0,0,0,0,0,0,0,0,0,0,0,0,0,0,0,0,31,40,40,71,65476,0,300,0,0,8,21553,0.0,-107605600.0,0.0,0.0,0.0,0.0,0.0,0.0,0.0,0.0,0.0,0.0,0.0,0.0,0.0,0.0,0.0,0.0,0.0,0.0,0.0,0.0,-2.004,2.004,0.0,0.0,0.0,0.0,0.0,0.0,5338.0,-0.0,6931.0,-107615184.0,0.0,2.004,2.004,0.0,0.0,0.0,0.0,69,1.9056989794677555e+17,0.059,0.0,0.0,0.0,0.0,0.0,0.0,0.0,0,0,0,0.0,0.0,0.0,0.0,0.0,0.0,0.0,0.0,0.0,0.0,0.0,0.0,0.0,0.0,0.0,0.0,0,-107875648.0,69,0.0,138,0.0,2.012,ERR,ERR,ERR,ERR,ERR,ERR,ERR,ERR,ERR,ERR,ERR,ERR,ERR,ERR,ERR,ERR,ERR,ERR,ERR,ERR,ERR,ERR,ERR,ERR,ERR,ERR,ERR,ERR,ERR,ERR,ERR,ERR,ERR,ERR,ERR,ERR,ERR,ERR,ERR,ERR,ERR,ERR,ERR,ERR,ERR,ERR,ERR,ERR,ERR,ERR,ERR,ERR,ERR,ERR,ERR,ERR,ERR,ERR,ERR,ERR,ERR,ERR,ERR,ERR,ERR,ERR,ERR,60.0,60.0,35,0.0,0.0,0.0,0.0,0.0,0.0,0.0,0.0,0.0,0.0,0.0,0.0,0.0,0.0,0.0,0.0,65.2,0,150,71,58,65476,0,65476,0,1,8,20529,65476,0,0,2621,60.0,0.0,0.0,0.0,0.0,0.0
2026-07-09T15:33:10,ERR,ERR,ERR,ERR,ERR,ERR,ERR,ERR,ERR,ERR,ERR,ERR,ERR,ERR,ERR,ERR,ERR,ERR,ERR,ERR,ERR,ERR,ERR,ERR,ERR,ERR,ERR,ERR,ERR,ERR,ERR,ERR,ERR,ERR,ERR,ERR,ERR,ERR,ERR,ERR,ERR,ERR,ERR,ERR,ERR,ERR,ERR,ERR,ERR,ERR,ERR,ERR,ERR,ERR,ERR,ERR,ERR,ERR,ERR,ERR,ERR,ERR,ERR,ERR,ERR,ERR,ERR,ERR,ERR,ERR,ERR,ERR,ERR,ERR,ERR,ERR,ERR,ERR,ERR,ERR,ERR,ERR,ERR,ERR,ERR,ERR,ERR,ERR,ERR,ERR,ERR,ERR,ERR,ERR,ERR,ERR,ERR,ERR,ERR,ERR,ERR,ERR,ERR,ERR,ERR,ERR,ERR,ERR,ERR,ERR,ERR,ERR,ERR,ERR,ERR,ERR,ERR,ERR,ERR,ERR,ERR,ERR,ERR,ERR,ERR,-107615184.0,-107616136.0,-107615040.0,2.7183478752108883e+23,0.0,-1243657344.0,-213.278,-0.0,0,0,4,17332,7116,0.0,100,0.0,0.0,2.7183478752108883e+23,0.0,0.0,0,0,0,0,0.0,0,0,0,0,0,0,0,0,0,0,0,0,0,0,0,0,0,0,0,0,0,0,0,0,0,0,0,0,0,0,0,0,0,31,40,40,71,65476,0,300,0,0,8,21553,0.0,-107605600.0,0.0,0.0,0.0,0.0,0.0,0.0,0.0,0.0,0.0,0.0,0.0,0.0,0.0,0.0,0.0,0.0,0.0,0.0,0.0,0.0,-2.004,2.004,0.0,0.0,0.0,0.0,0.0,0.0,5338.0,-0.0,6931.0,-107615184.0,0.0,2.004,2.004,0.0,0.0,0.0,0.0,69,1.9056989794677555e+17,0.059,0.0,0.0,0.0,0.0,0.0,0.0,0.0,0,0,0,0.0,0.0,0.0,0.0,0.0,0.0,0.0,0.0,0.0,0.0,0.0,0.0,0.0,0.0,0.0,0.0,0,-107875648.0,69,0.0,138,0.0,2.012,ERR,ERR,ERR,ERR,ERR,ERR,ERR,ERR,ERR,ERR,ERR,ERR,ERR,ERR,ERR,ERR,ERR,ERR,ERR,ERR,ERR,ERR,ERR,ERR,ERR,ERR,ERR,ERR,ERR,ERR,ERR,ERR,ERR,ERR,ERR,ERR,ERR,ERR,ERR,ERR,ERR,ERR,ERR,ERR,ERR,ERR,ERR,ERR,ERR,ERR,ERR,ERR,ERR,ERR,ERR,ERR,ERR,ERR,ERR,ERR,ERR,ERR,ERR,ERR,ERR,ERR,ERR,60.0,60.0,35,0.0,0.0,0.0,0.0,0.0,0.0,0.0,0.0,0.0,0.0,0.0,0.0,0.0,0.0,0.0,0.0,65.2,0,150,71,58,65476,0,65476,0,1,8,20529,65476,0,0,2621,60.0,0.0,0.0,0.0,0.0,0.0
2026-07-09T15:33:11,ERR,ERR,ERR,ERR,ERR,ERR,ERR,ERR,ERR,ERR,ERR,ERR,ERR,ERR,ERR,ERR,ERR,ERR,ERR,ERR,ERR,ERR,ERR,ERR,ERR,ERR,ERR,ERR,ERR,ERR,ERR,ERR,ERR,ERR,ERR,ERR,ERR,ERR,ERR,ERR,ERR,ERR,ERR,ERR,ERR,ERR,ERR,ERR,ERR,ERR,ERR,ERR,ERR,ERR,ERR,ERR,ERR,ERR,ERR,ERR,ERR,ERR,ERR,ERR,ERR,ERR,ERR,ERR,ERR,ERR,ERR,ERR,ERR,ERR,ERR,ERR,ERR,ERR,ERR,ERR,ERR,ERR,ERR,ERR,ERR,ERR,ERR,ERR,ERR,ERR,ERR,ERR,ERR,ERR,ERR,ERR,ERR,ERR,ERR,ERR,ERR,ERR,ERR,ERR,ERR,ERR,ERR,ERR,ERR,ERR,ERR,ERR,ERR,ERR,ERR,ERR,ERR,ERR,ERR,ERR,ERR,ERR,ERR,ERR,ERR,-107615184.0,-107616136.0,-107615040.0,2.7183478752108883e+23,0.0,-1243657344.0,-213.278,-0.0,0,0,4,17332,7116,0.0,100,0.0,0.0,2.7183478752108883e+23,0.0,0.0,0,0,0,0,0.0,0,0,0,0,0,0,0,0,0,0,0,0,0,0,0,0,0,0,0,0,0,0,0,0,0,0,0,0,0,0,0,0,0,31,40,40,71,65476,0,300,0,0,8,21553,0.0,-107605600.0,0.0,0.0,0.0,0.0,0.0,0.0,0.0,0.0,0.0,0.0,0.0,0.0,0.0,0.0,0.0,0.0,0.0,0.0,0.0,0.0,-2.004,2.004,0.0,0.0,0.0,0.0,0.0,0.0,5338.0,-0.0,6931.0,-107615184.0,0.0,2.004,2.004,0.0,0.0,0.0,0.0,69,1.9056989794677555e+17,0.059,0.0,0.0,0.0,0.0,0.0,0.0,0.0,0,0,0,0.0,0.0,0.0,0.0,0.0,0.0,0.0,0.0,0.0,0.0,0.0,0.0,0.0,0.0,0.0,0.0,0,-107875648.0,69,0.0,138,0.0,2.012,ERR,ERR,ERR,ERR,ERR,ERR,ERR,ERR,ERR,ERR,ERR,ERR,ERR,ERR,ERR,ERR,ERR,ERR,ERR,ERR,ERR,ERR,ERR,ERR,ERR,ERR,ERR,ERR,ERR,ERR,ERR,ERR,ERR,ERR,ERR,ERR,ERR,ERR,ERR,ERR,ERR,ERR,ERR,ERR,ERR,ERR,ERR,ERR,ERR,ERR,ERR,ERR,ERR,ERR,ERR,ERR,ERR,ERR,ERR,ERR,ERR,ERR,ERR,ERR,ERR,ERR,ERR,60.0,60.0,35,0.0,0.0,0.0,0.0,0.0,0.0,0.0,0.0,0.0,0.0,0.0,0.0,0.0,0.0,0.0,0.0,65.2,0,150,71,58,65476,0,65476,0,1,8,20529,65476,0,0,2621,60.0,0.0,0.0,0.0,0.0,0.0
2026-07-09T15:33:12,ERR,ERR,ERR,ERR,ERR,ERR,ERR,ERR,ERR,ERR,ERR,ERR,ERR,ERR,ERR,ERR,ERR,ERR,ERR,ERR,ERR,ERR,ERR,ERR,ERR,ERR,ERR,ERR,ERR,ERR,ERR,ERR,ERR,ERR,ERR,ERR,ERR,ERR,ERR,ERR,ERR,ERR,ERR,ERR,ERR,ERR,ERR,ERR,ERR,ERR,ERR,ERR,ERR,ERR,ERR,ERR,ERR,ERR,ERR,ERR,ERR,ERR,ERR,ERR,ERR,ERR,ERR,ERR,ERR,ERR,ERR,ERR,ERR,ERR,ERR,ERR,ERR,ERR,ERR,ERR,ERR,ERR,ERR,ERR,ERR,ERR,ERR,ERR,ERR,ERR,ERR,ERR,ERR,ERR,ERR,ERR,ERR,ERR,ERR,ERR,ERR,ERR,ERR,ERR,ERR,ERR,ERR,ERR,ERR,ERR,ERR,ERR,ERR,ERR,ERR,ERR,ERR,ERR,ERR,ERR,ERR,ERR,ERR,ERR,ERR,-107615184.0,-107616136.0,-107615040.0,2.7183478752108883e+23,0.0,-1243657344.0,-213.278,-0.0,0,0,4,17332,7116,0.0,100,0.0,0.0,2.7183478752108883e+23,0.0,0.0,0,0,0,0,0.0,0,0,0,0,0,0,0,0,0,0,0,0,0,0,0,0,0,0,0,0,0,0,0,0,0,0,0,0,0,0,0,0,0,31,40,40,71,65476,0,300,0,0,8,21553,0.0,-107605600.0,0.0,0.0,0.0,0.0,0.0,0.0,0.0,0.0,0.0,0.0,0.0,0.0,0.0,0.0,0.0,0.0,0.0,0.0,0.0,0.0,-2.004,2.004,0.0,0.0,0.0,0.0,0.0,0.0,5338.0,-0.0,6931.0,-107615184.0,0.0,2.004,2.004,0.0,0.0,0.0,0.0,69,1.9056989794677555e+17,0.059,0.0,0.0,0.0,0.0,0.0,0.0,0.0,0,0,0,0.0,0.0,0.0,0.0,0.0,0.0,0.0,0.0,0.0,0.0,0.0,0.0,0.0,0.0,0.0,0.0,0,-107875648.0,69,0.0,138,0.0,2.012,ERR,ERR,ERR,ERR,ERR,ERR,ERR,ERR,ERR,ERR,ERR,ERR,ERR,ERR,ERR,ERR,ERR,ERR,ERR,ERR,ERR,ERR,ERR,ERR,ERR,ERR,ERR,ERR,ERR,ERR,ERR,ERR,ERR,ERR,ERR,ERR,ERR,ERR,ERR,ERR,ERR,ERR,ERR,ERR,ERR,ERR,ERR,ERR,ERR,ERR,ERR,ERR,ERR,ERR,ERR,ERR,ERR,ERR,ERR,ERR,ERR,ERR,ERR,ERR,ERR,ERR,ERR,60.0,60.0,35,0.0,0.0,0.0,0.0,0.0,0.0,0.0,0.0,0.0,0.0,0.0,0.0,0.0,0.0,0.0,0.0,65.2,0,150,71,58,65476,0,65476,0,1,8,20529,65476,0,0,2621,60.0,0.0,0.0,0.0,0.0,0.0
2026-07-09T15:33:13,ERR,ERR,ERR,ERR,ERR,ERR,ERR,ERR,ERR,ERR,ERR,ERR,ERR,ERR,ERR,ERR,ERR,ERR,ERR,ERR,ERR,ERR,ERR,ERR,ERR,ERR,ERR,ERR,ERR,ERR,ERR,ERR,ERR,ERR,ERR,ERR,ERR,ERR,ERR,ERR,ERR,ERR,ERR,ERR,ERR,ERR,ERR,ERR,ERR,ERR,ERR,ERR,ERR,ERR,ERR,ERR,ERR,ERR,ERR,ERR,ERR,ERR,ERR,ERR,ERR,ERR,ERR,ERR,ERR,ERR,ERR,ERR,ERR,ERR,ERR,ERR,ERR,ERR,ERR,ERR,ERR,ERR,ERR,ERR,ERR,ERR,ERR,ERR,ERR,ERR,ERR,ERR,ERR,ERR,ERR,ERR,ERR,ERR,ERR,ERR,ERR,ERR,ERR,ERR,ERR,ERR,ERR,ERR,ERR,ERR,ERR,ERR,ERR,ERR,ERR,ERR,ERR,ERR,ERR,ERR,ERR,ERR,ERR,ERR,ERR,-107615184.0,-107616136.0,-107615040.0,2.7183478752108883e+23,0.0,-1243657344.0,-213.278,-0.0,0,0,4,17332,7116,0.0,100,0.0,0.0,2.7183478752108883e+23,0.0,0.0,0,0,0,0,0.0,0,0,0,0,0,0,0,0,0,0,0,0,0,0,0,0,0,0,0,0,0,0,0,0,0,0,0,0,0,0,0,0,0,31,40,40,71,65476,0,300,0,0,8,21553,0.0,-107605600.0,0.0,0.0,0.0,0.0,0.0,0.0,0.0,0.0,0.0,0.0,0.0,0.0,0.0,0.0,0.0,0.0,0.0,0.0,0.0,0.0,-2.004,2.004,0.0,0.0,0.0,0.0,0.0,0.0,5338.0,-0.0,6931.0,-107615184.0,0.0,2.004,2.004,0.0,0.0,0.0,0.0,69,1.9056989794677555e+17,0.059,0.0,0.0,0.0,0.0,0.0,0.0,0.0,0,0,0,0.0,0.0,0.0,0.0,0.0,0.0,0.0,0.0,0.0,0.0,0.0,0.0,0.0,0.0,0.0,0.0,0,-107875648.0,69,0.0,138,0.0,2.012,ERR,ERR,ERR,ERR,ERR,ERR,ERR,ERR,ERR,ERR,ERR,ERR,ERR,ERR,ERR,ERR,ERR,ERR,ERR,ERR,ERR,ERR,ERR,ERR,ERR,ERR,ERR,ERR,ERR,ERR,ERR,ERR,ERR,ERR,ERR,ERR,ERR,ERR,ERR,ERR,ERR,ERR,ERR,ERR,ERR,ERR,ERR,ERR,ERR,ERR,ERR,ERR,ERR,ERR,ERR,ERR,ERR,ERR,ERR,ERR,ERR,ERR,ERR,ERR,ERR,ERR,ERR,60.0,60.0,35,0.0,0.0,0.0,0.0,0.0,0.0,0.0,0.0,0.0,0.0,0.0,0.0,0.0,0.0,0.0,0.0,64.8,0,150,71,58,65476,0,65476,0,1,8,20529,65476,0,0,2621,60.0,0.0,0.0,0.0,0.0,0.0
2026-07-09T15:33:14,ERR,ERR,ERR,ERR,ERR,ERR,ERR,ERR,ERR,ERR,ERR,ERR,ERR,ERR,ERR,ERR,ERR,ERR,ERR,ERR,ERR,ERR,ERR,ERR,ERR,ERR,ERR,ERR,ERR,ERR,ERR,ERR,ERR,ERR,ERR,ERR,ERR,ERR,ERR,ERR,ERR,ERR,ERR,ERR,ERR,ERR,ERR,ERR,ERR,ERR,ERR,ERR,ERR,ERR,ERR,ERR,ERR,ERR,ERR,ERR,ERR,ERR,ERR,ERR,ERR,ERR,ERR,ERR,ERR,ERR,ERR,ERR,ERR,ERR,ERR,ERR,ERR,ERR,ERR,ERR,ERR,ERR,ERR,ERR,ERR,ERR,ERR,ERR,ERR,ERR,ERR,ERR,ERR,ERR,ERR,ERR,ERR,ERR,ERR,ERR,ERR,ERR,ERR,ERR,ERR,ERR,ERR,ERR,ERR,ERR,ERR,ERR,ERR,ERR,ERR,ERR,ERR,ERR,ERR,ERR,ERR,ERR,ERR,ERR,ERR,0.0,0.0,0.0,0.0,-0.0,4.081946656823444e+33,4.10914091894544e+35,-0.0,0,0,4,17332,7116,0.0,100,0.0,0.0,0.0,0.0,0.0,0,0,0,0,0.0,0,0,0,0,0,0,0,0,0,0,0,0,0,0,0,0,0,0,0,0,0,0,0,0,0,0,0,0,0,0,0,0,0,31,40,40,71,65476,0,300,0,0,8,21553,0.0,-107605600.0,0.0,0.0,0.0,0.0,0.0,0.0,0.0,0.0,0.0,0.0,0.0,0.0,0.0,0.0,0.0,0.0,0.0,0.0,0.0,0.0,0.0,3.697071344610758e+19,0.0,0.0,0.0,0.0,0.0,0.0,5316.0,0.0,6918.0,0.0,0.0,2.004,2.004,0.0,0.0,0.0,0.0,69,-0.0,-0.0,0.0,0.0,0.0,0.0,0.0,0.0,0.0,0,0,0,0.0,0.0,0.0,0.0,0.0,0.0,0.0,0.0,0.0,0.0,0.0,0.0,0.0,0.0,0.0,0.0,0,-107875648.0,69,0.0,138,0.0,2.012,ERR,ERR,ERR,ERR,ERR,ERR,ERR,ERR,ERR,ERR,ERR,ERR,ERR,ERR,ERR,ERR,ERR,ERR,ERR,ERR,ERR,ERR,ERR,ERR,ERR,ERR,ERR,ERR,ERR,ERR,ERR,ERR,ERR,ERR,ERR,ERR,ERR,ERR,ERR,ERR,ERR,ERR,ERR,ERR,ERR,ERR,ERR,ERR,ERR,ERR,ERR,ERR,ERR,ERR,ERR,ERR,ERR,ERR,ERR,ERR,ERR,ERR,ERR,ERR,ERR,ERR,ERR,60.0,60.0,35,0.0,0.0,0.0,0.0,0.0,0.0,0.0,0.0,0.0,0.0,0.0,0.0,0.0,0.0,0.0,0.0,64.8,0,150,71,58,65476,0,65476,0,1,8,20529,65476,0,0,2621,60.0,0.0,0.0,0.0,0.0,0.0
2026-07-09T15:33:15,ERR,ERR,ERR,ERR,ERR,ERR,ERR,ERR,ERR,ERR,ERR,ERR,ERR,ERR,ERR,ERR,ERR,ERR,ERR,ERR,ERR,ERR,ERR,ERR,ERR,ERR,ERR,ERR,ERR,ERR,ERR,ERR,ERR,ERR,ERR,ERR,ERR,ERR,ERR,ERR,ERR,ERR,ERR,ERR,ERR,ERR,ERR,ERR,ERR,ERR,ERR,ERR,ERR,ERR,ERR,ERR,ERR,ERR,ERR,ERR,ERR,ERR,ERR,ERR,ERR,ERR,ERR,ERR,ERR,ERR,ERR,ERR,ERR,ERR,ERR,ERR,ERR,ERR,ERR,ERR,ERR,ERR,ERR,ERR,ERR,ERR,ERR,ERR,ERR,ERR,ERR,ERR,ERR,ERR,ERR,ERR,ERR,ERR,ERR,ERR,ERR,ERR,ERR,ERR,ERR,ERR,ERR,ERR,ERR,ERR,ERR,ERR,ERR,ERR,ERR,ERR,ERR,ERR,ERR,ERR,ERR,ERR,ERR,ERR,ERR,0.0,0.0,0.0,0.0,-0.0,4.081946656823444e+33,4.10914091894544e+35,-0.0,0,0,4,17332,7116,0.0,100,0.0,0.0,0.0,0.0,0.0,0,0,0,0,0.0,0,0,0,0,0,0,0,0,0,0,0,0,0,0,0,0,0,0,0,0,0,0,0,0,0,0,0,0,0,0,0,0,0,31,40,40,71,65476,0,300,0,0,8,21553,0.0,-107605600.0,0.0,0.0,0.0,0.0,0.0,0.0,0.0,0.0,0.0,0.0,0.0,0.0,0.0,0.0,0.0,0.0,0.0,0.0,0.0,0.0,0.0,3.697071344610758e+19,0.0,0.0,0.0,0.0,0.0,0.0,5316.0,0.0,6918.0,0.0,0.0,2.004,2.004,0.0,0.0,0.0,0.0,69,-0.0,-0.0,0.0,0.0,0.0,0.0,0.0,0.0,0.0,0,0,0,0.0,0.0,0.0,0.0,0.0,0.0,0.0,0.0,0.0,0.0,0.0,0.0,0.0,0.0,0.0,0.0,0,-107875648.0,69,0.0,138,0.0,2.012,ERR,ERR,ERR,ERR,ERR,ERR,ERR,ERR,ERR,ERR,ERR,ERR,ERR,ERR,ERR,ERR,ERR,ERR,ERR,ERR,ERR,ERR,ERR,ERR,ERR,ERR,ERR,ERR,ERR,ERR,ERR,ERR,ERR,ERR,ERR,ERR,ERR,ERR,ERR,ERR,ERR,ERR,ERR,ERR,ERR,ERR,ERR,ERR,ERR,ERR,ERR,ERR,ERR,ERR,ERR,ERR,ERR,ERR,ERR,ERR,ERR,ERR,ERR,ERR,ERR,ERR,ERR,60.0,60.0,35,0.0,0.0,0.0,0.0,0.0,0.0,0.0,0.0,0.0,0.0,0.0,0.0,0.0,0.0,0.0,0.0,64.8,0,150,71,58,65476,0,65476,0,1,8,20529,65476,0,0,2621,60.0,0.0,0.0,0.0,0.0,0.0
2026-07-09T15:33:16,ERR,ERR,ERR,ERR,ERR,ERR,ERR,ERR,ERR,ERR,ERR,ERR,ERR,ERR,ERR,ERR,ERR,ERR,ERR,ERR,ERR,ERR,ERR,ERR,ERR,ERR,ERR,ERR,ERR,ERR,ERR,ERR,ERR,ERR,ERR,ERR,ERR,ERR,ERR,ERR,ERR,ERR,ERR,ERR,ERR,ERR,ERR,ERR,ERR,ERR,ERR,ERR,ERR,ERR,ERR,ERR,ERR,ERR,ERR,ERR,ERR,ERR,ERR,ERR,ERR,ERR,ERR,ERR,ERR,ERR,ERR,ERR,ERR,ERR,ERR,ERR,ERR,ERR,ERR,ERR,ERR,ERR,ERR,ERR,ERR,ERR,ERR,ERR,ERR,ERR,ERR,ERR,ERR,ERR,ERR,ERR,ERR,ERR,ERR,ERR,ERR,ERR,ERR,ERR,ERR,ERR,ERR,ERR,ERR,ERR,ERR,ERR,ERR,ERR,ERR,ERR,ERR,ERR,ERR,ERR,ERR,ERR,ERR,ERR,ERR,0.0,0.0,0.0,0.0,-0.0,4.081946656823444e+33,4.10914091894544e+35,-0.0,0,0,4,17332,7116,0.0,100,0.0,0.0,0.0,0.0,0.0,0,0,0,0,0.0,0,0,0,0,0,0,0,0,0,0,0,0,0,0,0,0,0,0,0,0,0,0,0,0,0,0,0,0,0,0,0,0,0,31,40,40,71,65476,0,300,0,0,8,21553,0.0,-107605600.0,0.0,0.0,0.0,0.0,0.0,0.0,0.0,0.0,0.0,0.0,0.0,0.0,0.0,0.0,0.0,0.0,0.0,0.0,0.0,0.0,0.0,3.697071344610758e+19,0.0,0.0,0.0,0.0,0.0,0.0,5316.0,0.0,6918.0,0.0,0.0,2.004,2.004,0.0,0.0,0.0,0.0,69,-0.0,-0.0,0.0,0.0,0.0,0.0,0.0,0.0,0.0,0,0,0,0.0,0.0,0.0,0.0,0.0,0.0,0.0,0.0,0.0,0.0,0.0,0.0,0.0,0.0,0.0,0.0,0,-107875648.0,69,0.0,138,0.0,2.012,ERR,ERR,ERR,ERR,ERR,ERR,ERR,ERR,ERR,ERR,ERR,ERR,ERR,ERR,ERR,ERR,ERR,ERR,ERR,ERR,ERR,ERR,ERR,ERR,ERR,ERR,ERR,ERR,ERR,ERR,ERR,ERR,ERR,ERR,ERR,ERR,ERR,ERR,ERR,ERR,ERR,ERR,ERR,ERR,ERR,ERR,ERR,ERR,ERR,ERR,ERR,ERR,ERR,ERR,ERR,ERR,ERR,ERR,ERR,ERR,ERR,ERR,ERR,ERR,ERR,ERR,ERR,60.0,60.0,35,0.0,0.0,0.0,0.0,0.0,0.0,0.0,0.0,0.0,0.0,0.0,0.0,0.0,0.0,0.0,0.0,64.8,0,150,71,58,65476,0,65476,0,1,8,20529,65476,0,0,2621,60.0,0.0,0.0,0.0,0.0,0.0
2026-07-09T15:33:17,ERR,ERR,ERR,ERR,ERR,ERR,ERR,ERR,ERR,ERR,ERR,ERR,ERR,ERR,ERR,ERR,ERR,ERR,ERR,ERR,ERR,ERR,ERR,ERR,ERR,ERR,ERR,ERR,ERR,ERR,ERR,ERR,ERR,ERR,ERR,ERR,ERR,ERR,ERR,ERR,ERR,ERR,ERR,ERR,ERR,ERR,ERR,ERR,ERR,ERR,ERR,ERR,ERR,ERR,ERR,ERR,ERR,ERR,ERR,ERR,ERR,ERR,ERR,ERR,ERR,ERR,ERR,ERR,ERR,ERR,ERR,ERR,ERR,ERR,ERR,ERR,ERR,ERR,ERR,ERR,ERR,ERR,ERR,ERR,ERR,ERR,ERR,ERR,ERR,ERR,ERR,ERR,ERR,ERR,ERR,ERR,ERR,ERR,ERR,ERR,ERR,ERR,ERR,ERR,ERR,ERR,ERR,ERR,ERR,ERR,ERR,ERR,ERR,ERR,ERR,ERR,ERR,ERR,ERR,ERR,ERR,ERR,ERR,ERR,ERR,0.0,0.0,0.0,0.0,-0.0,4.081946656823444e+33,4.10914091894544e+35,-0.0,0,0,4,17332,7116,0.0,100,0.0,0.0,0.0,0.0,0.0,0,0,0,0,0.0,0,0,0,0,0,0,0,0,0,0,0,0,0,0,0,0,0,0,0,0,0,0,0,0,0,0,0,0,0,0,0,0,0,31,40,40,71,65476,0,300,0,0,8,21553,0.0,-107605600.0,0.0,0.0,0.0,0.0,0.0,0.0,0.0,0.0,0.0,0.0,0.0,0.0,0.0,0.0,0.0,0.0,0.0,0.0,0.0,0.0,0.0,3.697071344610758e+19,0.0,0.0,0.0,0.0,0.0,0.0,5316.0,0.0,6918.0,0.0,0.0,2.004,2.004,0.0,0.0,0.0,0.0,69,-0.0,-0.0,0.0,0.0,0.0,0.0,0.0,0.0,0.0,0,0,0,0.0,0.0,0.0,0.0,0.0,0.0,0.0,0.0,0.0,0.0,0.0,0.0,0.0,0.0,0.0,0.0,0,-107875648.0,69,0.0,138,0.0,2.012,ERR,ERR,ERR,ERR,ERR,ERR,ERR,ERR,ERR,ERR,ERR,ERR,ERR,ERR,ERR,ERR,ERR,ERR,ERR,ERR,ERR,ERR,ERR,ERR,ERR,ERR,ERR,ERR,ERR,ERR,ERR,ERR,ERR,ERR,ERR,ERR,ERR,ERR,ERR,ERR,ERR,ERR,ERR,ERR,ERR,ERR,ERR,ERR,ERR,ERR,ERR,ERR,ERR,ERR,ERR,ERR,ERR,ERR,ERR,ERR,ERR,ERR,ERR,ERR,ERR,ERR,ERR,60.0,60.0,35,0.0,0.0,0.0,0.0,0.0,0.0,0.0,0.0,0.0,0.0,0.0,0.0,0.0,0.0,0.0,0.0,64.8,0,150,71,58,65476,0,65476,0,1,8,20529,65476,0,0,2621,60.0,0.0,0.0,0.0,0.0,0.0
2026-07-09T15:33:18,ERR,ERR,ERR,ERR,ERR,ERR,ERR,ERR,ERR,ERR,ERR,ERR,ERR,ERR,ERR,ERR,ERR,ERR,ERR,ERR,ERR,ERR,ERR,ERR,ERR,ERR,ERR,ERR,ERR,ERR,ERR,ERR,ERR,ERR,ERR,ERR,ERR,ERR,ERR,ERR,ERR,ERR,ERR,ERR,ERR,ERR,ERR,ERR,ERR,ERR,ERR,ERR,ERR,ERR,ERR,ERR,ERR,ERR,ERR,ERR,ERR,ERR,ERR,ERR,ERR,ERR,ERR,ERR,ERR,ERR,ERR,ERR,ERR,ERR,ERR,ERR,ERR,ERR,ERR,ERR,ERR,ERR,ERR,ERR,ERR,ERR,ERR,ERR,ERR,ERR,ERR,ERR,ERR,ERR,ERR,ERR,ERR,ERR,ERR,ERR,ERR,ERR,ERR,ERR,ERR,ERR,ERR,ERR,ERR,ERR,ERR,ERR,ERR,ERR,ERR,ERR,ERR,ERR,ERR,ERR,ERR,ERR,ERR,ERR,ERR,0.0,0.0,0.0,0.0,-0.0,4.081946656823444e+33,4.10914091894544e+35,-0.0,0,0,4,17332,7116,0.0,100,0.0,0.0,0.0,0.0,0.0,0,0,0,0,0.0,0,0,0,0,0,0,0,0,0,0,0,0,0,0,0,0,0,0,0,0,0,0,0,0,0,0,0,0,0,0,0,0,0,31,40,40,71,65476,0,300,0,0,8,21553,0.0,-107605600.0,0.0,0.0,0.0,0.0,0.0,0.0,0.0,0.0,0.0,0.0,0.0,0.0,0.0,0.0,0.0,0.0,0.0,0.0,0.0,0.0,0.0,3.697071344610758e+19,0.0,0.0,0.0,0.0,0.0,0.0,5316.0,0.0,6918.0,0.0,0.0,2.004,2.004,0.0,0.0,0.0,0.0,69,-0.0,-0.0,0.0,0.0,0.0,0.0,0.0,0.0,0.0,0,0,0,0.0,0.0,0.0,0.0,0.0,0.0,0.0,0.0,0.0,0.0,0.0,0.0,0.0,0.0,0.0,0.0,0,-107875648.0,69,0.0,138,0.0,2.012,ERR,ERR,ERR,ERR,ERR,ERR,ERR,ERR,ERR,ERR,ERR,ERR,ERR,ERR,ERR,ERR,ERR,ERR,ERR,ERR,ERR,ERR,ERR,ERR,ERR,ERR,ERR,ERR,ERR,ERR,ERR,ERR,ERR,ERR,ERR,ERR,ERR,ERR,ERR,ERR,ERR,ERR,ERR,ERR,ERR,ERR,ERR,ERR,ERR,ERR,ERR,ERR,ERR,ERR,ERR,ERR,ERR,ERR,ERR,ERR,ERR,ERR,ERR,ERR,ERR,ERR,ERR,60.0,60.0,35,0.0,0.0,0.0,0.0,0.0,0.0,0.0,0.0,0.0,0.0,0.0,0.0,0.0,0.0,0.0,0.0,64.8,0,150,71,58,65476,0,65476,0,1,8,20529,65476,0,0,2621,60.0,0.0,0.0,0.0,0.0,0.0
2026-07-09T15:33:19,ERR,ERR,ERR,ERR,ERR,ERR,ERR,ERR,ERR,ERR,ERR,ERR,ERR,ERR,ERR,ERR,ERR,ERR,ERR,ERR,ERR,ERR,ERR,ERR,ERR,ERR,ERR,ERR,ERR,ERR,ERR,ERR,ERR,ERR,ERR,ERR,ERR,ERR,ERR,ERR,ERR,ERR,ERR,ERR,ERR,ERR,ERR,ERR,ERR,ERR,ERR,ERR,ERR,ERR,ERR,ERR,ERR,ERR,ERR,ERR,ERR,ERR,ERR,ERR,ERR,ERR,ERR,ERR,ERR,ERR,ERR,ERR,ERR,ERR,ERR,ERR,ERR,ERR,ERR,ERR,ERR,ERR,ERR,ERR,ERR,ERR,ERR,ERR,ERR,ERR,ERR,ERR,ERR,ERR,ERR,ERR,ERR,ERR,ERR,ERR,ERR,ERR,ERR,ERR,ERR,ERR,ERR,ERR,ERR,ERR,ERR,ERR,ERR,ERR,ERR,ERR,ERR,ERR,ERR,ERR,ERR,ERR,ERR,ERR,ERR,-0.0,-0.0,-0.0,2.7183478752108883e+23,-33628352.0,-0.0,-0.0,-0.0,0,0,4,17332,7116,0.0,100,0.0,0.0,2.7183478752108883e+23,0.0,0.0,0,0,0,0,0.0,0,0,0,0,0,0,0,0,0,0,0,0,0,0,0,0,0,0,0,0,0,0,0,0,0,0,0,0,0,0,0,0,0,31,40,40,71,65476,0,300,0,0,8,21553,0.0,-107605600.0,0.0,0.0,0.0,0.0,0.0,0.0,0.0,0.0,0.0,0.0,0.0,0.0,0.0,0.0,0.0,0.0,0.0,0.0,0.0,0.0,2.004,-0.0,0.0,0.0,0.0,0.0,0.0,0.0,5295.0,-0.0,6930.0,-0.0,-0.0,2.004,2.004,0.0,0.0,0.0,0.0,69,-89221.156,-3.222006825527464e+26,0.0,0.0,0.0,0.0,0.0,0.0,0.0,0,0,0,0.0,0.0,0.0,0.0,0.0,0.0,0.0,0.0,0.0,0.0,0.0,0.0,0.0,0.0,0.0,0.0,0,-107875648.0,69,0.0,138,0.0,2.012,ERR,ERR,ERR,ERR,ERR,ERR,ERR,ERR,ERR,ERR,ERR,ERR,ERR,ERR,ERR,ERR,ERR,ERR,ERR,ERR,ERR,ERR,ERR,ERR,ERR,ERR,ERR,ERR,ERR,ERR,ERR,ERR,ERR,ERR,ERR,ERR,ERR,ERR,ERR,ERR,ERR,ERR,ERR,ERR,ERR,ERR,ERR,ERR,ERR,ERR,ERR,ERR,ERR,ERR,ERR,ERR,ERR,ERR,ERR,ERR,ERR,ERR,ERR,ERR,ERR,ERR,ERR,60.0,60.0,35,0.0,0.0,0.0,0.0,0.0,0.0,0.0,0.0,0.0,0.0,0.0,0.0,0.0,0.0,0.0,0.0,64.8,0,150,71,58,65476,0,65476,0,1,8,20529,65476,0,0,2621,60.0,0.0,0.0,0.0,0.0,0.0
2026-07-09T15:33:20,ERR,ERR,ERR,ERR,ERR,ERR,ERR,ERR,ERR,ERR,ERR,ERR,ERR,ERR,ERR,ERR,ERR,ERR,ERR,ERR,ERR,ERR,ERR,ERR,ERR,ERR,ERR,ERR,ERR,ERR,ERR,ERR,ERR,ERR,ERR,ERR,ERR,ERR,ERR,ERR,ERR,ERR,ERR,ERR,ERR,ERR,ERR,ERR,ERR,ERR,ERR,ERR,ERR,ERR,ERR,ERR,ERR,ERR,ERR,ERR,ERR,ERR,ERR,ERR,ERR,ERR,ERR,ERR,ERR,ERR,ERR,ERR,ERR,ERR,ERR,ERR,ERR,ERR,ERR,ERR,ERR,ERR,ERR,ERR,ERR,ERR,ERR,ERR,ERR,ERR,ERR,ERR,ERR,ERR,ERR,ERR,ERR,ERR,ERR,ERR,ERR,ERR,ERR,ERR,ERR,ERR,ERR,ERR,ERR,ERR,ERR,ERR,ERR,ERR,ERR,ERR,ERR,ERR,ERR,ERR,ERR,ERR,ERR,ERR,ERR,-0.0,-0.0,-0.0,2.7183478752108883e+23,-33628352.0,-0.0,-0.0,-0.0,0,0,4,17332,7116,0.0,100,0.0,0.0,2.7183478752108883e+23,0.0,0.0,0,0,0,0,0.0,0,0,0,0,0,0,0,0,0,0,0,0,0,0,0,0,0,0,0,0,0,0,0,0,0,0,0,0,0,0,0,0,0,31,40,40,71,65476,0,300,0,0,8,21553,0.0,-107605600.0,0.0,0.0,0.0,0.0,0.0,0.0,0.0,0.0,0.0,0.0,0.0,0.0,0.0,0.0,0.0,0.0,0.0,0.0,0.0,0.0,2.004,-0.0,0.0,0.0,0.0,0.0,0.0,0.0,5295.0,-0.0,6930.0,-0.0,-0.0,2.004,2.004,0.0,0.0,0.0,0.0,69,-89221.156,-3.222006825527464e+26,0.0,0.0,0.0,0.0,0.0,0.0,0.0,0,0,0,0.0,0.0,0.0,0.0,0.0,0.0,0.0,0.0,0.0,0.0,0.0,0.0,0.0,0.0,0.0,0.0,0,-107875648.0,69,0.0,138,0.0,2.012,ERR,ERR,ERR,ERR,ERR,ERR,ERR,ERR,ERR,ERR,ERR,ERR,ERR,ERR,ERR,ERR,ERR,ERR,ERR,ERR,ERR,ERR,ERR,ERR,ERR,ERR,ERR,ERR,ERR,ERR,ERR,ERR,ERR,ERR,ERR,ERR,ERR,ERR,ERR,ERR,ERR,ERR,ERR,ERR,ERR,ERR,ERR,ERR,ERR,ERR,ERR,ERR,ERR,ERR,ERR,ERR,ERR,ERR,ERR,ERR,ERR,ERR,ERR,ERR,ERR,ERR,ERR,60.0,60.0,35,0.0,0.0,0.0,0.0,0.0,0.0,0.0,0.0,0.0,0.0,0.0,0.0,0.0,0.0,0.0,0.0,64.8,0,150,71,58,65476,0,65476,0,1,8,20529,65476,0,0,2621,60.0,0.0,0.0,0.0,0.0,0.0
2026-07-09T15:33:21,ERR,ERR,ERR,ERR,ERR,ERR,ERR,ERR,ERR,ERR,ERR,ERR,ERR,ERR,ERR,ERR,ERR,ERR,ERR,ERR,ERR,ERR,ERR,ERR,ERR,ERR,ERR,ERR,ERR,ERR,ERR,ERR,ERR,ERR,ERR,ERR,ERR,ERR,ERR,ERR,ERR,ERR,ERR,ERR,ERR,ERR,ERR,ERR,ERR,ERR,ERR,ERR,ERR,ERR,ERR,ERR,ERR,ERR,ERR,ERR,ERR,ERR,ERR,ERR,ERR,ERR,ERR,ERR,ERR,ERR,ERR,ERR,ERR,ERR,ERR,ERR,ERR,ERR,ERR,ERR,ERR,ERR,ERR,ERR,ERR,ERR,ERR,ERR,ERR,ERR,ERR,ERR,ERR,ERR,ERR,ERR,ERR,ERR,ERR,ERR,ERR,ERR,ERR,ERR,ERR,ERR,ERR,ERR,ERR,ERR,ERR,ERR,ERR,ERR,ERR,ERR,ERR,ERR,ERR,ERR,ERR,ERR,ERR,ERR,ERR,-0.0,-0.0,-0.0,2.7183478752108883e+23,-33628352.0,-0.0,-0.0,-0.0,0,0,4,17332,7116,0.0,100,0.0,0.0,2.7183478752108883e+23,0.0,0.0,0,0,0,0,0.0,0,0,0,0,0,0,0,0,0,0,0,0,0,0,0,0,0,0,0,0,0,0,0,0,0,0,0,0,0,0,0,0,0,31,40,40,71,65476,0,300,0,0,8,21553,0.0,-107605600.0,0.0,0.0,0.0,0.0,0.0,0.0,0.0,0.0,0.0,0.0,0.0,0.0,0.0,0.0,0.0,0.0,0.0,0.0,0.0,0.0,2.004,-0.0,0.0,0.0,0.0,0.0,0.0,0.0,5295.0,-0.0,6930.0,-0.0,-0.0,2.004,2.004,0.0,0.0,0.0,0.0,69,-89221.156,-3.222006825527464e+26,0.0,0.0,0.0,0.0,0.0,0.0,0.0,0,0,0,0.0,0.0,0.0,0.0,0.0,0.0,0.0,0.0,0.0,0.0,0.0,0.0,0.0,0.0,0.0,0.0,0,-107875648.0,69,0.0,138,0.0,2.012,ERR,ERR,ERR,ERR,ERR,ERR,ERR,ERR,ERR,ERR,ERR,ERR,ERR,ERR,ERR,ERR,ERR,ERR,ERR,ERR,ERR,ERR,ERR,ERR,ERR,ERR,ERR,ERR,ERR,ERR,ERR,ERR,ERR,ERR,ERR,ERR,ERR,ERR,ERR,ERR,ERR,ERR,ERR,ERR,ERR,ERR,ERR,ERR,ERR,ERR,ERR,ERR,ERR,ERR,ERR,ERR,ERR,ERR,ERR,ERR,ERR,ERR,ERR,ERR,ERR,ERR,ERR,60.0,60.0,35,0.0,0.0,0.0,0.0,0.0,0.0,0.0,0.0,0.0,0.0,0.0,0.0,0.0,0.0,0.0,0.0,64.8,0,150,71,58,65476,0,65476,0,1,8,20529,65476,0,0,2621,60.0,0.0,0.0,0.0,0.0,0.0
2026-07-09T15:33:22,ERR,ERR,ERR,ERR,ERR,ERR,ERR,ERR,ERR,ERR,ERR,ERR,ERR,ERR,ERR,ERR,ERR,ERR,ERR,ERR,ERR,ERR,ERR,ERR,ERR,ERR,ERR,ERR,ERR,ERR,ERR,ERR,ERR,ERR,ERR,ERR,ERR,ERR,ERR,ERR,ERR,ERR,ERR,ERR,ERR,ERR,ERR,ERR,ERR,ERR,ERR,ERR,ERR,ERR,ERR,ERR,ERR,ERR,ERR,ERR,ERR,ERR,ERR,ERR,ERR,ERR,ERR,ERR,ERR,ERR,ERR,ERR,ERR,ERR,ERR,ERR,ERR,ERR,ERR,ERR,ERR,ERR,ERR,ERR,ERR,ERR,ERR,ERR,ERR,ERR,ERR,ERR,ERR,ERR,ERR,ERR,ERR,ERR,ERR,ERR,ERR,ERR,ERR,ERR,ERR,ERR,ERR,ERR,ERR,ERR,ERR,ERR,ERR,ERR,ERR,ERR,ERR,ERR,ERR,ERR,ERR,ERR,ERR,ERR,ERR,-0.0,-0.0,-0.0,2.7183478752108883e+23,-33628352.0,-0.0,-0.0,-0.0,0,0,4,17332,7116,0.0,100,0.0,0.0,2.7183478752108883e+23,0.0,0.0,0,0,0,0,0.0,0,0,0,0,0,0,0,0,0,0,0,0,0,0,0,0,0,0,0,0,0,0,0,0,0,0,0,0,0,0,0,0,0,31,40,40,71,65476,0,300,0,0,8,21553,0.0,-107605600.0,0.0,0.0,0.0,0.0,0.0,0.0,0.0,0.0,0.0,0.0,0.0,0.0,0.0,0.0,0.0,0.0,0.0,0.0,0.0,0.0,2.004,-0.0,0.0,0.0,0.0,0.0,0.0,0.0,5295.0,-0.0,6930.0,-0.0,-0.0,2.004,2.004,0.0,0.0,0.0,0.0,69,-89221.156,-3.222006825527464e+26,0.0,0.0,0.0,0.0,0.0,0.0,0.0,0,0,0,0.0,0.0,0.0,0.0,0.0,0.0,0.0,0.0,0.0,0.0,0.0,0.0,0.0,0.0,0.0,0.0,0,-107875648.0,69,0.0,138,0.0,2.012,ERR,ERR,ERR,ERR,ERR,ERR,ERR,ERR,ERR,ERR,ERR,ERR,ERR,ERR,ERR,ERR,ERR,ERR,ERR,ERR,ERR,ERR,ERR,ERR,ERR,ERR,ERR,ERR,ERR,ERR,ERR,ERR,ERR,ERR,ERR,ERR,ERR,ERR,ERR,ERR,ERR,ERR,ERR,ERR,ERR,ERR,ERR,ERR,ERR,ERR,ERR,ERR,ERR,ERR,ERR,ERR,ERR,ERR,ERR,ERR,ERR,ERR,ERR,ERR,ERR,ERR,ERR,60.0,60.0,35,0.0,0.0,0.0,0.0,0.0,0.0,0.0,0.0,0.0,0.0,0.0,0.0,0.0,0.0,0.0,0.0,64.8,0,150,71,58,65476,0,65476,0,1,8,20529,65476,0,0,2621,60.0,0.0,0.0,0.0,0.0,0.0
2026-07-09T15:33:23,ERR,ERR,ERR,ERR,ERR,ERR,ERR,ERR,ERR,ERR,ERR,ERR,ERR,ERR,ERR,ERR,ERR,ERR,ERR,ERR,ERR,ERR,ERR,ERR,ERR,ERR,ERR,ERR,ERR,ERR,ERR,ERR,ERR,ERR,ERR,ERR,ERR,ERR,ERR,ERR,ERR,ERR,ERR,ERR,ERR,ERR,ERR,ERR,ERR,ERR,ERR,ERR,ERR,ERR,ERR,ERR,ERR,ERR,ERR,ERR,ERR,ERR,ERR,ERR,ERR,ERR,ERR,ERR,ERR,ERR,ERR,ERR,ERR,ERR,ERR,ERR,ERR,ERR,ERR,ERR,ERR,ERR,ERR,ERR,ERR,ERR,ERR,ERR,ERR,ERR,ERR,ERR,ERR,ERR,ERR,ERR,ERR,ERR,ERR,ERR,ERR,ERR,ERR,ERR,ERR,ERR,ERR,ERR,ERR,ERR,ERR,ERR,ERR,ERR,ERR,ERR,ERR,ERR,ERR,ERR,ERR,ERR,ERR,ERR,ERR,-0.0,-0.0,-0.0,2.7183478752108883e+23,-33628352.0,-0.0,-0.0,-0.0,0,0,4,17332,7116,0.0,100,0.0,0.0,2.7183478752108883e+23,0.0,0.0,0,0,0,0,0.0,0,0,0,0,0,0,0,0,0,0,0,0,0,0,0,0,0,0,0,0,0,0,0,0,0,0,0,0,0,0,0,0,0,31,40,40,71,65476,0,300,0,0,8,21553,0.0,-107605600.0,0.0,0.0,0.0,0.0,0.0,0.0,0.0,0.0,0.0,0.0,0.0,0.0,0.0,0.0,0.0,0.0,0.0,0.0,0.0,0.0,2.004,-0.0,0.0,0.0,0.0,0.0,0.0,0.0,5295.0,-0.0,6930.0,-0.0,-0.0,2.004,2.004,0.0,0.0,0.0,0.0,69,-89221.156,-3.222006825527464e+26,0.0,0.0,0.0,0.0,0.0,0.0,0.0,0,0,0,0.0,0.0,0.0,0.0,0.0,0.0,0.0,0.0,0.0,0.0,0.0,0.0,0.0,0.0,0.0,0.0,0,-107875648.0,69,0.0,138,0.0,2.012,ERR,ERR,ERR,ERR,ERR,ERR,ERR,ERR,ERR,ERR,ERR,ERR,ERR,ERR,ERR,ERR,ERR,ERR,ERR,ERR,ERR,ERR,ERR,ERR,ERR,ERR,ERR,ERR,ERR,ERR,ERR,ERR,ERR,ERR,ERR,ERR,ERR,ERR,ERR,ERR,ERR,ERR,ERR,ERR,ERR,ERR,ERR,ERR,ERR,ERR,ERR,ERR,ERR,ERR,ERR,ERR,ERR,ERR,ERR,ERR,ERR,ERR,ERR,ERR,ERR,ERR,ERR,60.0,60.0,35,0.0,0.0,0.0,0.0,0.0,0.0,0.0,0.0,0.0,0.0,0.0,0.0,0.0,0.0,0.0,0.0,64.8,0,150,71,58,65476,0,65476,0,1,8,20529,65476,0,0,2621,60.0,0.0,0.0,0.0,0.0,0.0
2026-07-09T15:33:24,ERR,ERR,ERR,ERR,ERR,ERR,ERR,ERR,ERR,ERR,ERR,ERR,ERR,ERR,ERR,ERR,ERR,ERR,ERR,ERR,ERR,ERR,ERR,ERR,ERR,ERR,ERR,ERR,ERR,ERR,ERR,ERR,ERR,ERR,ERR,ERR,ERR,ERR,ERR,ERR,ERR,ERR,ERR,ERR,ERR,ERR,ERR,ERR,ERR,ERR,ERR,ERR,ERR,ERR,ERR,ERR,ERR,ERR,ERR,ERR,ERR,ERR,ERR,ERR,ERR,ERR,ERR,ERR,ERR,ERR,ERR,ERR,ERR,ERR,ERR,ERR,ERR,ERR,ERR,ERR,ERR,ERR,ERR,ERR,ERR,ERR,ERR,ERR,ERR,ERR,ERR,ERR,ERR,ERR,ERR,ERR,ERR,ERR,ERR,ERR,ERR,ERR,ERR,ERR,ERR,ERR,ERR,ERR,ERR,ERR,ERR,ERR,ERR,ERR,ERR,ERR,ERR,ERR,ERR,ERR,ERR,ERR,ERR,ERR,ERR,0.0,-0.0,0.0,0.0,-135561888.0,-0.0,-0.0,-14565472.0,0,0,4,17330,7116,0.0,100,0.0,0.0,0.0,0.0,0.0,0,0,0,0,0.0,0,0,0,0,0,0,0,0,0,0,0,0,0,0,0,0,0,0,0,0,0,0,0,0,0,0,0,0,0,0,0,0,0,31,40,40,71,65476,0,300,0,0,8,21553,0.0,-107605600.0,0.0,0.0,0.0,0.0,0.0,0.0,0.0,0.0,0.0,0.0,0.0,0.0,0.0,0.0,0.0,0.0,0.0,0.0,0.0,0.0,-0.0,-0.0,0.0,0.0,0.0,0.0,0.0,0.0,5299.0,2.004,6920.0,0.0,-0.0,2.004,2.004,0.0,0.0,0.0,0.0,69,-1.9056989794677555e+17,-0.0,0.0,0.0,0.0,0.0,0.0,0.0,0.0,0,0,0,0.0,0.0,0.0,0.0,0.0,0.0,0.0,0.0,0.0,0.0,0.0,0.0,0.0,0.0,0.0,0.0,0,-107875648.0,69,0.0,138,0.0,2.012,ERR,ERR,ERR,ERR,ERR,ERR,ERR,ERR,ERR,ERR,ERR,ERR,ERR,ERR,ERR,ERR,ERR,ERR,ERR,ERR,ERR,ERR,ERR,ERR,ERR,ERR,ERR,ERR,ERR,ERR,ERR,ERR,ERR,ERR,ERR,ERR,ERR,ERR,ERR,ERR,ERR,ERR,ERR,ERR,ERR,ERR,ERR,ERR,ERR,ERR,ERR,ERR,ERR,ERR,ERR,ERR,ERR,ERR,ERR,ERR,ERR,ERR,ERR,ERR,ERR,ERR,ERR,60.0,60.0,35,0.0,0.0,0.0,0.0,0.0,0.0,0.0,0.0,0.0,0.0,0.0,0.0,0.0,0.0,0.0,0.0,65.2,0,150,71,58,65476,0,65476,0,1,8,20529,65476,0,0,2621,60.0,0.0,0.0,0.0,0.0,0.0
2026-07-09T15:33:25,ERR,ERR,ERR,ERR,ERR,ERR,ERR,ERR,ERR,ERR,ERR,ERR,ERR,ERR,ERR,ERR,ERR,ERR,ERR,ERR,ERR,ERR,ERR,ERR,ERR,ERR,ERR,ERR,ERR,ERR,ERR,ERR,ERR,ERR,ERR,ERR,ERR,ERR,ERR,ERR,ERR,ERR,ERR,ERR,ERR,ERR,ERR,ERR,ERR,ERR,ERR,ERR,ERR,ERR,ERR,ERR,ERR,ERR,ERR,ERR,ERR,ERR,ERR,ERR,ERR,ERR,ERR,ERR,ERR,ERR,ERR,ERR,ERR,ERR,ERR,ERR,ERR,ERR,ERR,ERR,ERR,ERR,ERR,ERR,ERR,ERR,ERR,ERR,ERR,ERR,ERR,ERR,ERR,ERR,ERR,ERR,ERR,ERR,ERR,ERR,ERR,ERR,ERR,ERR,ERR,ERR,ERR,ERR,ERR,ERR,ERR,ERR,ERR,ERR,ERR,ERR,ERR,ERR,ERR,ERR,ERR,ERR,ERR,ERR,ERR,0.0,-0.0,0.0,0.0,-135561888.0,-0.0,-0.0,-14565472.0,0,0,4,17330,7116,0.0,100,0.0,0.0,0.0,0.0,0.0,0,0,0,0,0.0,0,0,0,0,0,0,0,0,0,0,0,0,0,0,0,0,0,0,0,0,0,0,0,0,0,0,0,0,0,0,0,0,0,31,40,40,71,65476,0,300,0,0,8,21553,0.0,-107605600.0,0.0,0.0,0.0,0.0,0.0,0.0,0.0,0.0,0.0,0.0,0.0,0.0,0.0,0.0,0.0,0.0,0.0,0.0,0.0,0.0,-0.0,-0.0,0.0,0.0,0.0,0.0,0.0,0.0,5299.0,2.004,6920.0,0.0,-0.0,2.004,2.004,0.0,0.0,0.0,0.0,69,-1.9056989794677555e+17,-0.0,0.0,0.0,0.0,0.0,0.0,0.0,0.0,0,0,0,0.0,0.0,0.0,0.0,0.0,0.0,0.0,0.0,0.0,0.0,0.0,0.0,0.0,0.0,0.0,0.0,0,-107875648.0,69,0.0,138,0.0,2.012,ERR,ERR,ERR,ERR,ERR,ERR,ERR,ERR,ERR,ERR,ERR,ERR,ERR,ERR,ERR,ERR,ERR,ERR,ERR,ERR,ERR,ERR,ERR,ERR,ERR,ERR,ERR,ERR,ERR,ERR,ERR,ERR,ERR,ERR,ERR,ERR,ERR,ERR,ERR,ERR,ERR,ERR,ERR,ERR,ERR,ERR,ERR,ERR,ERR,ERR,ERR,ERR,ERR,ERR,ERR,ERR,ERR,ERR,ERR,ERR,ERR,ERR,ERR,ERR,ERR,ERR,ERR,60.0,60.0,35,0.0,0.0,0.0,0.0,0.0,0.0,0.0,0.0,0.0,0.0,0.0,0.0,0.0,0.0,0.0,0.0,64.8,0,150,71,58,65476,0,65476,0,1,8,20529,65476,0,0,2621,60.0,0.0,0.0,0.0,0.0,0.0
2026-07-09T15:33:26,ERR,ERR,ERR,ERR,ERR,ERR,ERR,ERR,ERR,ERR,ERR,ERR,ERR,ERR,ERR,ERR,ERR,ERR,ERR,ERR,ERR,ERR,ERR,ERR,ERR,ERR,ERR,ERR,ERR,ERR,ERR,ERR,ERR,ERR,ERR,ERR,ERR,ERR,ERR,ERR,ERR,ERR,ERR,ERR,ERR,ERR,ERR,ERR,ERR,ERR,ERR,ERR,ERR,ERR,ERR,ERR,ERR,ERR,ERR,ERR,ERR,ERR,ERR,ERR,ERR,ERR,ERR,ERR,ERR,ERR,ERR,ERR,ERR,ERR,ERR,ERR,ERR,ERR,ERR,ERR,ERR,ERR,ERR,ERR,ERR,ERR,ERR,ERR,ERR,ERR,ERR,ERR,ERR,ERR,ERR,ERR,ERR,ERR,ERR,ERR,ERR,ERR,ERR,ERR,ERR,ERR,ERR,ERR,ERR,ERR,ERR,ERR,ERR,ERR,ERR,ERR,ERR,ERR,ERR,ERR,ERR,ERR,ERR,ERR,ERR,0.0,-0.0,0.0,0.0,-135561888.0,-0.0,-0.0,-14565472.0,0,0,4,17330,7116,0.0,100,0.0,0.0,0.0,0.0,0.0,0,0,0,0,0.0,0,0,0,0,0,0,0,0,0,0,0,0,0,0,0,0,0,0,0,0,0,0,0,0,0,0,0,0,0,0,0,0,0,31,40,40,71,65476,0,300,0,0,8,21553,0.0,-107605600.0,0.0,0.0,0.0,0.0,0.0,0.0,0.0,0.0,0.0,0.0,0.0,0.0,0.0,0.0,0.0,0.0,0.0,0.0,0.0,0.0,-0.0,-0.0,0.0,0.0,0.0,0.0,0.0,0.0,5299.0,2.004,6920.0,0.0,-0.0,2.004,2.004,0.0,0.0,0.0,0.0,69,-1.9056989794677555e+17,-0.0,0.0,0.0,0.0,0.0,0.0,0.0,0.0,0,0,0,0.0,0.0,0.0,0.0,0.0,0.0,0.0,0.0,0.0,0.0,0.0,0.0,0.0,0.0,0.0,0.0,0,-107875648.0,69,0.0,138,0.0,2.012,ERR,ERR,ERR,ERR,ERR,ERR,ERR,ERR,ERR,ERR,ERR,ERR,ERR,ERR,ERR,ERR,ERR,ERR,ERR,ERR,ERR,ERR,ERR,ERR,ERR,ERR,ERR,ERR,ERR,ERR,ERR,ERR,ERR,ERR,ERR,ERR,ERR,ERR,ERR,ERR,ERR,ERR,ERR,ERR,ERR,ERR,ERR,ERR,ERR,ERR,ERR,ERR,ERR,ERR,ERR,ERR,ERR,ERR,ERR,ERR,ERR,ERR,ERR,ERR,ERR,ERR,ERR,60.0,60.0,35,0.0,0.0,0.0,0.0,0.0,0.0,0.0,0.0,0.0,0.0,0.0,0.0,0.0,0.0,0.0,0.0,64.8,0,150,71,58,65476,0,65476,0,1,8,20529,65476,0,0,2621,60.0,0.0,0.0,0.0,0.0,0.0
2026-07-09T15:33:27,ERR,ERR,ERR,ERR,ERR,ERR,ERR,ERR,ERR,ERR,ERR,ERR,ERR,ERR,ERR,ERR,ERR,ERR,ERR,ERR,ERR,ERR,ERR,ERR,ERR,ERR,ERR,ERR,ERR,ERR,ERR,ERR,ERR,ERR,ERR,ERR,ERR,ERR,ERR,ERR,ERR,ERR,ERR,ERR,ERR,ERR,ERR,ERR,ERR,ERR,ERR,ERR,ERR,ERR,ERR,ERR,ERR,ERR,ERR,ERR,ERR,ERR,ERR,ERR,ERR,ERR,ERR,ERR,ERR,ERR,ERR,ERR,ERR,ERR,ERR,ERR,ERR,ERR,ERR,ERR,ERR,ERR,ERR,ERR,ERR,ERR,ERR,ERR,ERR,ERR,ERR,ERR,ERR,ERR,ERR,ERR,ERR,ERR,ERR,ERR,ERR,ERR,ERR,ERR,ERR,ERR,ERR,ERR,ERR,ERR,ERR,ERR,ERR,ERR,ERR,ERR,ERR,ERR,ERR,ERR,ERR,ERR,ERR,ERR,ERR,0.0,-0.0,0.0,0.0,-135561888.0,-0.0,-0.0,-14565472.0,0,0,4,17330,7116,0.0,100,0.0,0.0,0.0,0.0,0.0,0,0,0,0,0.0,0,0,0,0,0,0,0,0,0,0,0,0,0,0,0,0,0,0,0,0,0,0,0,0,0,0,0,0,0,0,0,0,0,31,40,40,71,65476,0,300,0,0,8,21553,0.0,-107605600.0,0.0,0.0,0.0,0.0,0.0,0.0,0.0,0.0,0.0,0.0,0.0,0.0,0.0,0.0,0.0,0.0,0.0,0.0,0.0,0.0,-0.0,-0.0,0.0,0.0,0.0,0.0,0.0,0.0,5299.0,2.004,6920.0,0.0,-0.0,2.004,2.004,0.0,0.0,0.0,0.0,69,-1.9056989794677555e+17,-0.0,0.0,0.0,0.0,0.0,0.0,0.0,0.0,0,0,0,0.0,0.0,0.0,0.0,0.0,0.0,0.0,0.0,0.0,0.0,0.0,0.0,0.0,0.0,0.0,0.0,0,-107875648.0,69,0.0,138,0.0,2.012,ERR,ERR,ERR,ERR,ERR,ERR,ERR,ERR,ERR,ERR,ERR,ERR,ERR,ERR,ERR,ERR,ERR,ERR,ERR,ERR,ERR,ERR,ERR,ERR,ERR,ERR,ERR,ERR,ERR,ERR,ERR,ERR,ERR,ERR,ERR,ERR,ERR,ERR,ERR,ERR,ERR,ERR,ERR,ERR,ERR,ERR,ERR,ERR,ERR,ERR,ERR,ERR,ERR,ERR,ERR,ERR,ERR,ERR,ERR,ERR,ERR,ERR,ERR,ERR,ERR,ERR,ERR,60.0,60.0,35,0.0,0.0,0.0,0.0,0.0,0.0,0.0,0.0,0.0,0.0,0.0,0.0,0.0,0.0,0.0,0.0,64.8,0,150,71,58,65476,0,65476,0,1,8,20529,65476,0,0,2621,60.0,0.0,0.0,0.0,0.0,0.0
2026-07-09T15:33:28,ERR,ERR,ERR,ERR,ERR,ERR,ERR,ERR,ERR,ERR,ERR,ERR,ERR,ERR,ERR,ERR,ERR,ERR,ERR,ERR,ERR,ERR,ERR,ERR,ERR,ERR,ERR,ERR,ERR,ERR,ERR,ERR,ERR,ERR,ERR,ERR,ERR,ERR,ERR,ERR,ERR,ERR,ERR,ERR,ERR,ERR,ERR,ERR,ERR,ERR,ERR,ERR,ERR,ERR,ERR,ERR,ERR,ERR,ERR,ERR,ERR,ERR,ERR,ERR,ERR,ERR,ERR,ERR,ERR,ERR,ERR,ERR,ERR,ERR,ERR,ERR,ERR,ERR,ERR,ERR,ERR,ERR,ERR,ERR,ERR,ERR,ERR,ERR,ERR,ERR,ERR,ERR,ERR,ERR,ERR,ERR,ERR,ERR,ERR,ERR,ERR,ERR,ERR,ERR,ERR,ERR,ERR,ERR,ERR,ERR,ERR,ERR,ERR,ERR,ERR,ERR,ERR,ERR,ERR,ERR,ERR,ERR,ERR,ERR,ERR,0.0,-0.0,0.0,0.0,-135561888.0,-0.0,-0.0,-14565472.0,0,0,4,17330,7116,0.0,100,0.0,0.0,0.0,0.0,0.0,0,0,0,0,0.0,0,0,0,0,0,0,0,0,0,0,0,0,0,0,0,0,0,0,0,0,0,0,0,0,0,0,0,0,0,0,0,0,0,31,40,40,71,65476,0,300,0,0,8,21553,0.0,-107605600.0,0.0,0.0,0.0,0.0,0.0,0.0,0.0,0.0,0.0,0.0,0.0,0.0,0.0,0.0,0.0,0.0,0.0,0.0,0.0,0.0,-0.0,-0.0,0.0,0.0,0.0,0.0,0.0,0.0,5299.0,2.004,6920.0,0.0,-0.0,2.004,2.004,0.0,0.0,0.0,0.0,69,-1.9056989794677555e+17,-0.0,0.0,0.0,0.0,0.0,0.0,0.0,0.0,0,0,0,0.0,0.0,0.0,0.0,0.0,0.0,0.0,0.0,0.0,0.0,0.0,0.0,0.0,0.0,0.0,0.0,0,-107875648.0,69,0.0,138,0.0,2.012,ERR,ERR,ERR,ERR,ERR,ERR,ERR,ERR,ERR,ERR,ERR,ERR,ERR,ERR,ERR,ERR,ERR,ERR,ERR,ERR,ERR,ERR,ERR,ERR,ERR,ERR,ERR,ERR,ERR,ERR,ERR,ERR,ERR,ERR,ERR,ERR,ERR,ERR,ERR,ERR,ERR,ERR,ERR,ERR,ERR,ERR,ERR,ERR,ERR,ERR,ERR,ERR,ERR,ERR,ERR,ERR,ERR,ERR,ERR,ERR,ERR,ERR,ERR,ERR,ERR,ERR,ERR,60.0,60.0,35,0.0,0.0,0.0,0.0,0.0,0.0,0.0,0.0,0.0,0.0,0.0,0.0,0.0,0.0,0.0,0.0,64.8,0,150,71,58,65476,0,65476,0,1,8,20529,65476,0,0,2621,60.0,0.0,0.0,0.0,0.0,0.0
2026-07-09T15:33:29,ERR,ERR,ERR,ERR,ERR,ERR,ERR,ERR,ERR,ERR,ERR,ERR,ERR,ERR,ERR,ERR,ERR,ERR,ERR,ERR,ERR,ERR,ERR,ERR,ERR,ERR,ERR,ERR,ERR,ERR,ERR,ERR,ERR,ERR,ERR,ERR,ERR,ERR,ERR,ERR,ERR,ERR,ERR,ERR,ERR,ERR,ERR,ERR,ERR,ERR,ERR,ERR,ERR,ERR,ERR,ERR,ERR,ERR,ERR,ERR,ERR,ERR,ERR,ERR,ERR,ERR,ERR,ERR,ERR,ERR,ERR,ERR,ERR,ERR,ERR,ERR,ERR,ERR,ERR,ERR,ERR,ERR,ERR,ERR,ERR,ERR,ERR,ERR,ERR,ERR,ERR,ERR,ERR,ERR,ERR,ERR,ERR,ERR,ERR,ERR,ERR,ERR,ERR,ERR,ERR,ERR,ERR,ERR,ERR,ERR,ERR,ERR,ERR,ERR,ERR,ERR,ERR,ERR,ERR,ERR,ERR,ERR,ERR,ERR,ERR,2.7184267782763598e+23,-107616144.0,0.0,0.0,-0.0,-8.442903502910971e+36,-3.207859740796175e+25,0.0,0,0,4,17332,7116,0.0,100,0.0,0.0,2.7183478752108883e+23,0.0,0.0,0,0,0,0,0.0,0,0,0,0,0,0,0,0,0,0,0,0,0,0,0,0,0,0,0,0,0,0,0,0,0,0,0,0,0,0,0,0,0,31,40,40,71,65476,0,300,0,0,8,21553,0.0,-107605600.0,0.0,0.0,0.0,0.0,0.0,0.0,0.0,0.0,0.0,0.0,0.0,0.0,0.0,0.0,0.0,0.0,0.0,0.0,0.0,0.0,-2.004,-2.004,0.0,0.0,0.0,0.0,0.0,0.0,5271.0,-1.5879308642715508e+29,6942.0,2.7184267782763598e+23,-107616144.0,2.004,2.004,0.0,0.0,0.0,0.0,69,-4.06688237000277e+29,0.0,0.0,0.0,0.0,0.0,0.0,0.0,0.0,0,0,0,0.0,0.0,0.0,0.0,0.0,0.0,0.0,0.0,0.0,0.0,0.0,0.0,0.0,0.0,0.0,0.0,0,-107875648.0,69,0.0,138,0.0,2.012,ERR,ERR,ERR,ERR,ERR,ERR,ERR,ERR,ERR,ERR,ERR,ERR,ERR,ERR,ERR,ERR,ERR,ERR,ERR,ERR,ERR,ERR,ERR,ERR,ERR,ERR,ERR,ERR,ERR,ERR,ERR,ERR,ERR,ERR,ERR,ERR,ERR,ERR,ERR,ERR,ERR,ERR,ERR,ERR,ERR,ERR,ERR,ERR,ERR,ERR,ERR,ERR,ERR,ERR,ERR,ERR,ERR,ERR,ERR,ERR,ERR,ERR,ERR,ERR,ERR,ERR,ERR,60.0,60.0,35,0.0,0.0,0.0,0.0,0.0,0.0,0.0,0.0,0.0,0.0,0.0,0.0,0.0,0.0,0.0,0.0,64.8,0,150,71,58,65476,0,65476,0,1,8,20529,65476,0,0,2621,60.0,0.0,0.0,0.0,0.0,0.0
2026-07-09T15:33:30,ERR,ERR,ERR,ERR,ERR,ERR,ERR,ERR,ERR,ERR,ERR,ERR,ERR,ERR,ERR,ERR,ERR,ERR,ERR,ERR,ERR,ERR,ERR,ERR,ERR,ERR,ERR,ERR,ERR,ERR,ERR,ERR,ERR,ERR,ERR,ERR,ERR,ERR,ERR,ERR,ERR,ERR,ERR,ERR,ERR,ERR,ERR,ERR,ERR,ERR,ERR,ERR,ERR,ERR,ERR,ERR,ERR,ERR,ERR,ERR,ERR,ERR,ERR,ERR,ERR,ERR,ERR,ERR,ERR,ERR,ERR,ERR,ERR,ERR,ERR,ERR,ERR,ERR,ERR,ERR,ERR,ERR,ERR,ERR,ERR,ERR,ERR,ERR,ERR,ERR,ERR,ERR,ERR,ERR,ERR,ERR,ERR,ERR,ERR,ERR,ERR,ERR,ERR,ERR,ERR,ERR,ERR,ERR,ERR,ERR,ERR,ERR,ERR,ERR,ERR,ERR,ERR,ERR,ERR,ERR,ERR,ERR,ERR,ERR,ERR,2.7184267782763598e+23,-107616144.0,0.0,0.0,-0.0,-8.442903502910971e+36,-3.207859740796175e+25,0.0,0,0,4,17332,7116,0.0,100,0.0,0.0,2.7183478752108883e+23,0.0,0.0,0,0,0,0,0.0,0,0,0,0,0,0,0,0,0,0,0,0,0,0,0,0,0,0,0,0,0,0,0,0,0,0,0,0,0,0,0,0,0,31,40,40,71,65476,0,300,0,0,8,21553,0.0,-107605600.0,0.0,0.0,0.0,0.0,0.0,0.0,0.0,0.0,0.0,0.0,0.0,0.0,0.0,0.0,0.0,0.0,0.0,0.0,0.0,0.0,-2.004,-2.004,0.0,0.0,0.0,0.0,0.0,0.0,5271.0,-1.5879308642715508e+29,6942.0,2.7184267782763598e+23,-107616144.0,2.004,2.004,0.0,0.0,0.0,0.0,69,-4.06688237000277e+29,0.0,0.0,0.0,0.0,0.0,0.0,0.0,0.0,0,0,0,0.0,0.0,0.0,0.0,0.0,0.0,0.0,0.0,0.0,0.0,0.0,0.0,0.0,0.0,0.0,0.0,0,-107875648.0,69,0.0,138,0.0,2.012,ERR,ERR,ERR,ERR,ERR,ERR,ERR,ERR,ERR,ERR,ERR,ERR,ERR,ERR,ERR,ERR,ERR,ERR,ERR,ERR,ERR,ERR,ERR,ERR,ERR,ERR,ERR,ERR,ERR,ERR,ERR,ERR,ERR,ERR,ERR,ERR,ERR,ERR,ERR,ERR,ERR,ERR,ERR,ERR,ERR,ERR,ERR,ERR,ERR,ERR,ERR,ERR,ERR,ERR,ERR,ERR,ERR,ERR,ERR,ERR,ERR,ERR,ERR,ERR,ERR,ERR,ERR,60.0,60.0,35,0.0,0.0,0.0,0.0,0.0,0.0,0.0,0.0,0.0,0.0,0.0,0.0,0.0,0.0,0.0,0.0,64.8,0,150,71,58,65476,0,65476,0,1,8,20529,65476,0,0,2621,60.0,0.0,0.0,0.0,0.0,0.0
2026-07-09T15:33:31,ERR,ERR,ERR,ERR,ERR,ERR,ERR,ERR,ERR,ERR,ERR,ERR,ERR,ERR,ERR,ERR,ERR,ERR,ERR,ERR,ERR,ERR,ERR,ERR,ERR,ERR,ERR,ERR,ERR,ERR,ERR,ERR,ERR,ERR,ERR,ERR,ERR,ERR,ERR,ERR,ERR,ERR,ERR,ERR,ERR,ERR,ERR,ERR,ERR,ERR,ERR,ERR,ERR,ERR,ERR,ERR,ERR,ERR,ERR,ERR,ERR,ERR,ERR,ERR,ERR,ERR,ERR,ERR,ERR,ERR,ERR,ERR,ERR,ERR,ERR,ERR,ERR,ERR,ERR,ERR,ERR,ERR,ERR,ERR,ERR,ERR,ERR,ERR,ERR,ERR,ERR,ERR,ERR,ERR,ERR,ERR,ERR,ERR,ERR,ERR,ERR,ERR,ERR,ERR,ERR,ERR,ERR,ERR,ERR,ERR,ERR,ERR,ERR,ERR,ERR,ERR,ERR,ERR,ERR,ERR,ERR,ERR,ERR,ERR,ERR,2.7184267782763598e+23,-107616144.0,0.0,0.0,-0.0,-8.442903502910971e+36,-3.207859740796175e+25,0.0,0,0,4,17332,7116,0.0,100,0.0,0.0,2.7183478752108883e+23,0.0,0.0,0,0,0,0,0.0,0,0,0,0,0,0,0,0,0,0,0,0,0,0,0,0,0,0,0,0,0,0,0,0,0,0,0,0,0,0,0,0,0,31,40,40,71,65476,0,300,0,0,8,21553,0.0,-107605600.0,0.0,0.0,0.0,0.0,0.0,0.0,0.0,0.0,0.0,0.0,0.0,0.0,0.0,0.0,0.0,0.0,0.0,0.0,0.0,0.0,-2.004,-2.004,0.0,0.0,0.0,0.0,0.0,0.0,5271.0,-1.5879308642715508e+29,6942.0,2.7184267782763598e+23,-107616144.0,2.004,2.004,0.0,0.0,0.0,0.0,69,-4.06688237000277e+29,0.0,0.0,0.0,0.0,0.0,0.0,0.0,0.0,0,0,0,0.0,0.0,0.0,0.0,0.0,0.0,0.0,0.0,0.0,0.0,0.0,0.0,0.0,0.0,0.0,0.0,0,-107875648.0,69,0.0,138,0.0,2.012,ERR,ERR,ERR,ERR,ERR,ERR,ERR,ERR,ERR,ERR,ERR,ERR,ERR,ERR,ERR,ERR,ERR,ERR,ERR,ERR,ERR,ERR,ERR,ERR,ERR,ERR,ERR,ERR,ERR,ERR,ERR,ERR,ERR,ERR,ERR,ERR,ERR,ERR,ERR,ERR,ERR,ERR,ERR,ERR,ERR,ERR,ERR,ERR,ERR,ERR,ERR,ERR,ERR,ERR,ERR,ERR,ERR,ERR,ERR,ERR,ERR,ERR,ERR,ERR,ERR,ERR,ERR,60.0,60.0,35,0.0,0.0,0.0,0.0,0.0,0.0,0.0,0.0,0.0,0.0,0.0,0.0,0.0,0.0,0.0,0.0,64.8,0,150,71,58,65476,0,65476,0,1,8,20529,65476,0,0,2621,60.0,0.0,0.0,0.0,0.0,0.0
2026-07-09T15:33:32,ERR,ERR,ERR,ERR,ERR,ERR,ERR,ERR,ERR,ERR,ERR,ERR,ERR,ERR,ERR,ERR,ERR,ERR,ERR,ERR,ERR,ERR,ERR,ERR,ERR,ERR,ERR,ERR,ERR,ERR,ERR,ERR,ERR,ERR,ERR,ERR,ERR,ERR,ERR,ERR,ERR,ERR,ERR,ERR,ERR,ERR,ERR,ERR,ERR,ERR,ERR,ERR,ERR,ERR,ERR,ERR,ERR,ERR,ERR,ERR,ERR,ERR,ERR,ERR,ERR,ERR,ERR,ERR,ERR,ERR,ERR,ERR,ERR,ERR,ERR,ERR,ERR,ERR,ERR,ERR,ERR,ERR,ERR,ERR,ERR,ERR,ERR,ERR,ERR,ERR,ERR,ERR,ERR,ERR,ERR,ERR,ERR,ERR,ERR,ERR,ERR,ERR,ERR,ERR,ERR,ERR,ERR,ERR,ERR,ERR,ERR,ERR,ERR,ERR,ERR,ERR,ERR,ERR,ERR,ERR,ERR,ERR,ERR,ERR,ERR,2.7184267782763598e+23,-107616144.0,0.0,0.0,-0.0,-8.442903502910971e+36,-3.207859740796175e+25,0.0,0,0,4,17332,7116,0.0,100,0.0,0.0,2.7183478752108883e+23,0.0,0.0,0,0,0,0,0.0,0,0,0,0,0,0,0,0,0,0,0,0,0,0,0,0,0,0,0,0,0,0,0,0,0,0,0,0,0,0,0,0,0,31,40,40,71,65476,0,300,0,0,8,21553,0.0,-107605600.0,0.0,0.0,0.0,0.0,0.0,0.0,0.0,0.0,0.0,0.0,0.0,0.0,0.0,0.0,0.0,0.0,0.0,0.0,0.0,0.0,-2.004,-2.004,0.0,0.0,0.0,0.0,0.0,0.0,5271.0,-1.5879308642715508e+29,6942.0,2.7184267782763598e+23,-107616144.0,2.004,2.004,0.0,0.0,0.0,0.0,69,-4.06688237000277e+29,0.0,0.0,0.0,0.0,0.0,0.0,0.0,0.0,0,0,0,0.0,0.0,0.0,0.0,0.0,0.0,0.0,0.0,0.0,0.0,0.0,0.0,0.0,0.0,0.0,0.0,0,-107875648.0,69,0.0,138,0.0,2.012,ERR,ERR,ERR,ERR,ERR,ERR,ERR,ERR,ERR,ERR,ERR,ERR,ERR,ERR,ERR,ERR,ERR,ERR,ERR,ERR,ERR,ERR,ERR,ERR,ERR,ERR,ERR,ERR,ERR,ERR,ERR,ERR,ERR,ERR,ERR,ERR,ERR,ERR,ERR,ERR,ERR,ERR,ERR,ERR,ERR,ERR,ERR,ERR,ERR,ERR,ERR,ERR,ERR,ERR,ERR,ERR,ERR,ERR,ERR,ERR,ERR,ERR,ERR,ERR,ERR,ERR,ERR,60.0,60.0,35,0.0,0.0,0.0,0.0,0.0,0.0,0.0,0.0,0.0,0.0,0.0,0.0,0.0,0.0,0.0,0.0,65.2,0,150,71,58,65476,0,65476,0,1,8,20529,65476,0,0,2621,60.0,0.0,0.0,0.0,0.0,0.0
2026-07-09T15:33:33,ERR,ERR,ERR,ERR,ERR,ERR,ERR,ERR,ERR,ERR,ERR,ERR,ERR,ERR,ERR,ERR,ERR,ERR,ERR,ERR,ERR,ERR,ERR,ERR,ERR,ERR,ERR,ERR,ERR,ERR,ERR,ERR,ERR,ERR,ERR,ERR,ERR,ERR,ERR,ERR,ERR,ERR,ERR,ERR,ERR,ERR,ERR,ERR,ERR,ERR,ERR,ERR,ERR,ERR,ERR,ERR,ERR,ERR,ERR,ERR,ERR,ERR,ERR,ERR,ERR,ERR,ERR,ERR,ERR,ERR,ERR,ERR,ERR,ERR,ERR,ERR,ERR,ERR,ERR,ERR,ERR,ERR,ERR,ERR,ERR,ERR,ERR,ERR,ERR,ERR,ERR,ERR,ERR,ERR,ERR,ERR,ERR,ERR,ERR,ERR,ERR,ERR,ERR,ERR,ERR,ERR,ERR,ERR,ERR,ERR,ERR,ERR,ERR,ERR,ERR,ERR,ERR,ERR,ERR,ERR,ERR,ERR,ERR,ERR,ERR,2.7184267782763598e+23,-107616144.0,0.0,0.0,-0.0,-8.442903502910971e+36,-3.207859740796175e+25,0.0,0,0,4,17332,7116,0.0,100,0.0,0.0,2.7183478752108883e+23,0.0,0.0,0,0,0,0,0.0,0,0,0,0,0,0,0,0,0,0,0,0,0,0,0,0,0,0,0,0,0,0,0,0,0,0,0,0,0,0,0,0,0,31,40,40,71,65476,0,300,0,0,8,21553,0.0,-107605600.0,0.0,0.0,0.0,0.0,0.0,0.0,0.0,0.0,0.0,0.0,0.0,0.0,0.0,0.0,0.0,0.0,0.0,0.0,0.0,0.0,-2.004,-2.004,0.0,0.0,0.0,0.0,0.0,0.0,5271.0,-1.5879308642715508e+29,6942.0,2.7184267782763598e+23,-107616144.0,2.004,2.004,0.0,0.0,0.0,0.0,69,-4.06688237000277e+29,0.0,0.0,0.0,0.0,0.0,0.0,0.0,0.0,0,0,0,0.0,0.0,0.0,0.0,0.0,0.0,0.0,0.0,0.0,0.0,0.0,0.0,0.0,0.0,0.0,0.0,0,-107875648.0,69,0.0,138,0.0,2.012,ERR,ERR,ERR,ERR,ERR,ERR,ERR,ERR,ERR,ERR,ERR,ERR,ERR,ERR,ERR,ERR,ERR,ERR,ERR,ERR,ERR,ERR,ERR,ERR,ERR,ERR,ERR,ERR,ERR,ERR,ERR,ERR,ERR,ERR,ERR,ERR,ERR,ERR,ERR,ERR,ERR,ERR,ERR,ERR,ERR,ERR,ERR,ERR,ERR,ERR,ERR,ERR,ERR,ERR,ERR,ERR,ERR,ERR,ERR,ERR,ERR,ERR,ERR,ERR,ERR,ERR,ERR,60.0,60.0,35,0.0,0.0,0.0,0.0,0.0,0.0,0.0,0.0,0.0,0.0,0.0,0.0,0.0,0.0,0.0,0.0,65.2,0,150,71,58,65476,0,65476,0,1,8,20529,65476,0,0,2621,60.0,0.0,0.0,0.0,0.0,0.0
2026-07-09T15:33:34,ERR,ERR,ERR,ERR,ERR,ERR,ERR,ERR,ERR,ERR,ERR,ERR,ERR,ERR,ERR,ERR,ERR,ERR,ERR,ERR,ERR,ERR,ERR,ERR,ERR,ERR,ERR,ERR,ERR,ERR,ERR,ERR,ERR,ERR,ERR,ERR,ERR,ERR,ERR,ERR,ERR,ERR,ERR,ERR,ERR,ERR,ERR,ERR,ERR,ERR,ERR,ERR,ERR,ERR,ERR,ERR,ERR,ERR,ERR,ERR,ERR,ERR,ERR,ERR,ERR,ERR,ERR,ERR,ERR,ERR,ERR,ERR,ERR,ERR,ERR,ERR,ERR,ERR,ERR,ERR,ERR,ERR,ERR,ERR,ERR,ERR,ERR,ERR,ERR,ERR,ERR,ERR,ERR,ERR,ERR,ERR,ERR,ERR,ERR,ERR,ERR,ERR,ERR,ERR,ERR,ERR,ERR,ERR,ERR,ERR,ERR,ERR,ERR,ERR,ERR,ERR,ERR,ERR,ERR,ERR,ERR,ERR,ERR,ERR,ERR,2.7184267782763598e+23,0.0,-0.0,0.0,-2.5408855310487137e+30,-2527322.25,-1.205,-0.0,0,0,4,17332,7116,0.0,100,0.0,0.0,0.0,0.0,0.0,0,0,0,0,0.0,0,0,0,0,0,0,0,0,0,0,0,0,0,0,0,0,0,0,0,0,0,0,0,0,0,0,0,0,0,0,0,0,0,31,40,40,71,65476,0,300,0,0,8,21553,0.0,-107605600.0,0.0,0.0,0.0,0.0,0.0,0.0,0.0,0.0,0.0,0.0,0.0,0.0,0.0,0.0,0.0,0.0,0.0,0.0,0.0,0.0,-2.004,-3.697071344610758e+19,0.0,0.0,0.0,0.0,0.0,0.0,5277.0,8608190464.0,6922.0,2.7184267782763598e+23,-107616144.0,2.004,2.004,0.0,0.0,0.0,0.0,69,0.0,126840619008.0,0.0,0.0,0.0,0.0,0.0,0.0,0.0,0,0,0,0.0,0.0,0.0,0.0,0.0,0.0,0.0,0.0,0.0,0.0,0.0,0.0,0.0,0.0,0.0,0.0,0,-107875648.0,69,0.0,138,0.0,2.012,ERR,ERR,ERR,ERR,ERR,ERR,ERR,ERR,ERR,ERR,ERR,ERR,ERR,ERR,ERR,ERR,ERR,ERR,ERR,ERR,ERR,ERR,ERR,ERR,ERR,ERR,ERR,ERR,ERR,ERR,ERR,ERR,ERR,ERR,ERR,ERR,ERR,ERR,ERR,ERR,ERR,ERR,ERR,ERR,ERR,ERR,ERR,ERR,ERR,ERR,ERR,ERR,ERR,ERR,ERR,ERR,ERR,ERR,ERR,ERR,ERR,ERR,ERR,ERR,ERR,ERR,ERR,60.0,60.0,35,0.0,0.0,0.0,0.0,0.0,0.0,0.0,0.0,0.0,0.0,0.0,0.0,0.0,0.0,0.0,0.0,64.8,0,150,71,58,65476,0,65476,0,1,8,20529,65476,0,0,2621,60.0,0.0,0.0,0.0,0.0,0.0
2026-07-09T15:33:35,ERR,ERR,ERR,ERR,ERR,ERR,ERR,ERR,ERR,ERR,ERR,ERR,ERR,ERR,ERR,ERR,ERR,ERR,ERR,ERR,ERR,ERR,ERR,ERR,ERR,ERR,ERR,ERR,ERR,ERR,ERR,ERR,ERR,ERR,ERR,ERR,ERR,ERR,ERR,ERR,ERR,ERR,ERR,ERR,ERR,ERR,ERR,ERR,ERR,ERR,ERR,ERR,ERR,ERR,ERR,ERR,ERR,ERR,ERR,ERR,ERR,ERR,ERR,ERR,ERR,ERR,ERR,ERR,ERR,ERR,ERR,ERR,ERR,ERR,ERR,ERR,ERR,ERR,ERR,ERR,ERR,ERR,ERR,ERR,ERR,ERR,ERR,ERR,ERR,ERR,ERR,ERR,ERR,ERR,ERR,ERR,ERR,ERR,ERR,ERR,ERR,ERR,ERR,ERR,ERR,ERR,ERR,ERR,ERR,ERR,ERR,ERR,ERR,ERR,ERR,ERR,ERR,ERR,ERR,ERR,ERR,ERR,ERR,ERR,ERR,2.7184267782763598e+23,0.0,-0.0,0.0,-2.5408855310487137e+30,-2527322.25,-1.205,-0.0,0,0,4,17332,7116,0.0,100,0.0,0.0,0.0,0.0,0.0,0,0,0,0,0.0,0,0,0,0,0,0,0,0,0,0,0,0,0,0,0,0,0,0,0,0,0,0,0,0,0,0,0,0,0,0,0,0,0,31,40,40,71,65476,0,300,0,0,8,21553,0.0,-107605600.0,0.0,0.0,0.0,0.0,0.0,0.0,0.0,0.0,0.0,0.0,0.0,0.0,0.0,0.0,0.0,0.0,0.0,0.0,0.0,0.0,-2.004,-3.697071344610758e+19,0.0,0.0,0.0,0.0,0.0,0.0,5277.0,8608190464.0,6922.0,2.7184267782763598e+23,-107616144.0,2.004,2.004,0.0,0.0,0.0,0.0,69,0.0,126840619008.0,0.0,0.0,0.0,0.0,0.0,0.0,0.0,0,0,0,0.0,0.0,0.0,0.0,0.0,0.0,0.0,0.0,0.0,0.0,0.0,0.0,0.0,0.0,0.0,0.0,0,-107875648.0,69,0.0,138,0.0,2.012,ERR,ERR,ERR,ERR,ERR,ERR,ERR,ERR,ERR,ERR,ERR,ERR,ERR,ERR,ERR,ERR,ERR,ERR,ERR,ERR,ERR,ERR,ERR,ERR,ERR,ERR,ERR,ERR,ERR,ERR,ERR,ERR,ERR,ERR,ERR,ERR,ERR,ERR,ERR,ERR,ERR,ERR,ERR,ERR,ERR,ERR,ERR,ERR,ERR,ERR,ERR,ERR,ERR,ERR,ERR,ERR,ERR,ERR,ERR,ERR,ERR,ERR,ERR,ERR,ERR,ERR,ERR,60.0,60.0,35,0.0,0.0,0.0,0.0,0.0,0.0,0.0,0.0,0.0,0.0,0.0,0.0,0.0,0.0,0.0,0.0,64.8,0,150,71,58,65476,0,65476,0,1,8,20529,65476,0,0,2621,60.0,0.0,0.0,0.0,0.0,0.0
2026-07-09T15:33:36,ERR,ERR,ERR,ERR,ERR,ERR,ERR,ERR,ERR,ERR,ERR,ERR,ERR,ERR,ERR,ERR,ERR,ERR,ERR,ERR,ERR,ERR,ERR,ERR,ERR,ERR,ERR,ERR,ERR,ERR,ERR,ERR,ERR,ERR,ERR,ERR,ERR,ERR,ERR,ERR,ERR,ERR,ERR,ERR,ERR,ERR,ERR,ERR,ERR,ERR,ERR,ERR,ERR,ERR,ERR,ERR,ERR,ERR,ERR,ERR,ERR,ERR,ERR,ERR,ERR,ERR,ERR,ERR,ERR,ERR,ERR,ERR,ERR,ERR,ERR,ERR,ERR,ERR,ERR,ERR,ERR,ERR,ERR,ERR,ERR,ERR,ERR,ERR,ERR,ERR,ERR,ERR,ERR,ERR,ERR,ERR,ERR,ERR,ERR,ERR,ERR,ERR,ERR,ERR,ERR,ERR,ERR,ERR,ERR,ERR,ERR,ERR,ERR,ERR,ERR,ERR,ERR,ERR,ERR,ERR,ERR,ERR,ERR,ERR,ERR,2.7184267782763598e+23,0.0,-0.0,0.0,-2.5408855310487137e+30,-2527322.25,-1.205,-0.0,0,0,4,17332,7116,0.0,100,0.0,0.0,0.0,0.0,0.0,0,0,0,0,0.0,0,0,0,0,0,0,0,0,0,0,0,0,0,0,0,0,0,0,0,0,0,0,0,0,0,0,0,0,0,0,0,0,0,31,40,40,71,65476,0,300,0,0,8,21553,0.0,-107605600.0,0.0,0.0,0.0,0.0,0.0,0.0,0.0,0.0,0.0,0.0,0.0,0.0,0.0,0.0,0.0,0.0,0.0,0.0,0.0,0.0,-2.004,-3.697071344610758e+19,0.0,0.0,0.0,0.0,0.0,0.0,5277.0,8608190464.0,6922.0,2.7184267782763598e+23,-107616144.0,2.004,2.004,0.0,0.0,0.0,0.0,69,0.0,126840619008.0,0.0,0.0,0.0,0.0,0.0,0.0,0.0,0,0,0,0.0,0.0,0.0,0.0,0.0,0.0,0.0,0.0,0.0,0.0,0.0,0.0,0.0,0.0,0.0,0.0,0,-107875648.0,69,0.0,138,0.0,2.012,ERR,ERR,ERR,ERR,ERR,ERR,ERR,ERR,ERR,ERR,ERR,ERR,ERR,ERR,ERR,ERR,ERR,ERR,ERR,ERR,ERR,ERR,ERR,ERR,ERR,ERR,ERR,ERR,ERR,ERR,ERR,ERR,ERR,ERR,ERR,ERR,ERR,ERR,ERR,ERR,ERR,ERR,ERR,ERR,ERR,ERR,ERR,ERR,ERR,ERR,ERR,ERR,ERR,ERR,ERR,ERR,ERR,ERR,ERR,ERR,ERR,ERR,ERR,ERR,ERR,ERR,ERR,60.0,60.0,35,0.0,0.0,0.0,0.0,0.0,0.0,0.0,0.0,0.0,0.0,0.0,0.0,0.0,0.0,0.0,0.0,64.8,0,150,71,58,65476,0,65476,0,1,8,20529,65476,0,0,2621,60.0,0.0,0.0,0.0,0.0,0.0
2026-07-09T15:33:37,ERR,ERR,ERR,ERR,ERR,ERR,ERR,ERR,ERR,ERR,ERR,ERR,ERR,ERR,ERR,ERR,ERR,ERR,ERR,ERR,ERR,ERR,ERR,ERR,ERR,ERR,ERR,ERR,ERR,ERR,ERR,ERR,ERR,ERR,ERR,ERR,ERR,ERR,ERR,ERR,ERR,ERR,ERR,ERR,ERR,ERR,ERR,ERR,ERR,ERR,ERR,ERR,ERR,ERR,ERR,ERR,ERR,ERR,ERR,ERR,ERR,ERR,ERR,ERR,ERR,ERR,ERR,ERR,ERR,ERR,ERR,ERR,ERR,ERR,ERR,ERR,ERR,ERR,ERR,ERR,ERR,ERR,ERR,ERR,ERR,ERR,ERR,ERR,ERR,ERR,ERR,ERR,ERR,ERR,ERR,ERR,ERR,ERR,ERR,ERR,ERR,ERR,ERR,ERR,ERR,ERR,ERR,ERR,ERR,ERR,ERR,ERR,ERR,ERR,ERR,ERR,ERR,ERR,ERR,ERR,ERR,ERR,ERR,ERR,ERR,2.7184267782763598e+23,0.0,-0.0,0.0,-2.5408855310487137e+30,-2527322.25,-1.205,-0.0,0,0,4,17332,7116,0.0,100,0.0,0.0,0.0,0.0,0.0,0,0,0,0,0.0,0,0,0,0,0,0,0,0,0,0,0,0,0,0,0,0,0,0,0,0,0,0,0,0,0,0,0,0,0,0,0,0,0,31,40,40,71,65476,0,300,0,0,8,21553,0.0,-107605600.0,0.0,0.0,0.0,0.0,0.0,0.0,0.0,0.0,0.0,0.0,0.0,0.0,0.0,0.0,0.0,0.0,0.0,0.0,0.0,0.0,-2.004,-3.697071344610758e+19,0.0,0.0,0.0,0.0,0.0,0.0,5277.0,8608190464.0,6922.0,2.7184267782763598e+23,-107616144.0,2.004,2.004,0.0,0.0,0.0,0.0,69,0.0,126840619008.0,0.0,0.0,0.0,0.0,0.0,0.0,0.0,0,0,0,0.0,0.0,0.0,0.0,0.0,0.0,0.0,0.0,0.0,0.0,0.0,0.0,0.0,0.0,0.0,0.0,0,-107875648.0,69,0.0,138,0.0,2.012,ERR,ERR,ERR,ERR,ERR,ERR,ERR,ERR,ERR,ERR,ERR,ERR,ERR,ERR,ERR,ERR,ERR,ERR,ERR,ERR,ERR,ERR,ERR,ERR,ERR,ERR,ERR,ERR,ERR,ERR,ERR,ERR,ERR,ERR,ERR,ERR,ERR,ERR,ERR,ERR,ERR,ERR,ERR,ERR,ERR,ERR,ERR,ERR,ERR,ERR,ERR,ERR,ERR,ERR,ERR,ERR,ERR,ERR,ERR,ERR,ERR,ERR,ERR,ERR,ERR,ERR,ERR,60.0,60.0,35,0.0,0.0,0.0,0.0,0.0,0.0,0.0,0.0,0.0,0.0,0.0,0.0,0.0,0.0,0.0,0.0,65.2,0,150,71,58,65476,0,65476,0,1,8,20529,65476,0,0,2621,60.0,0.0,0.0,0.0,0.0,0.0
2026-07-09T15:33:38,ERR,ERR,ERR,ERR,ERR,ERR,ERR,ERR,ERR,ERR,ERR,ERR,ERR,ERR,ERR,ERR,ERR,ERR,ERR,ERR,ERR,ERR,ERR,ERR,ERR,ERR,ERR,ERR,ERR,ERR,ERR,ERR,ERR,ERR,ERR,ERR,ERR,ERR,ERR,ERR,ERR,ERR,ERR,ERR,ERR,ERR,ERR,ERR,ERR,ERR,ERR,ERR,ERR,ERR,ERR,ERR,ERR,ERR,ERR,ERR,ERR,ERR,ERR,ERR,ERR,ERR,ERR,ERR,ERR,ERR,ERR,ERR,ERR,ERR,ERR,ERR,ERR,ERR,ERR,ERR,ERR,ERR,ERR,ERR,ERR,ERR,ERR,ERR,ERR,ERR,ERR,ERR,ERR,ERR,ERR,ERR,ERR,ERR,ERR,ERR,ERR,ERR,ERR,ERR,ERR,ERR,ERR,ERR,ERR,ERR,ERR,ERR,ERR,ERR,ERR,ERR,ERR,ERR,ERR,ERR,ERR,ERR,ERR,ERR,ERR,2.7184267782763598e+23,0.0,-0.0,0.0,-2.5408855310487137e+30,-2527322.25,-1.205,-0.0,0,0,4,17332,7116,0.0,100,0.0,0.0,0.0,0.0,0.0,0,0,0,0,0.0,0,0,0,0,0,0,0,0,0,0,0,0,0,0,0,0,0,0,0,0,0,0,0,0,0,0,0,0,0,0,0,0,0,31,40,40,71,65476,0,300,0,0,8,21553,0.0,-107605600.0,0.0,0.0,0.0,0.0,0.0,0.0,0.0,0.0,0.0,0.0,0.0,0.0,0.0,0.0,0.0,0.0,0.0,0.0,0.0,0.0,-2.004,-3.697071344610758e+19,0.0,0.0,0.0,0.0,0.0,0.0,5277.0,8608190464.0,6922.0,2.7184267782763598e+23,-107616144.0,2.004,2.004,0.0,0.0,0.0,0.0,69,0.0,126840619008.0,0.0,0.0,0.0,0.0,0.0,0.0,0.0,0,0,0,0.0,0.0,0.0,0.0,0.0,0.0,0.0,0.0,0.0,0.0,0.0,0.0,0.0,0.0,0.0,0.0,0,-107875648.0,69,0.0,138,0.0,2.012,ERR,ERR,ERR,ERR,ERR,ERR,ERR,ERR,ERR,ERR,ERR,ERR,ERR,ERR,ERR,ERR,ERR,ERR,ERR,ERR,ERR,ERR,ERR,ERR,ERR,ERR,ERR,ERR,ERR,ERR,ERR,ERR,ERR,ERR,ERR,ERR,ERR,ERR,ERR,ERR,ERR,ERR,ERR,ERR,ERR,ERR,ERR,ERR,ERR,ERR,ERR,ERR,ERR,ERR,ERR,ERR,ERR,ERR,ERR,ERR,ERR,ERR,ERR,ERR,ERR,ERR,ERR,60.0,60.0,35,0.0,0.0,0.0,0.0,0.0,0.0,0.0,0.0,0.0,0.0,0.0,0.0,0.0,0.0,0.0,0.0,64.8,0,150,71,58,65476,0,65476,0,1,8,20529,65476,0,0,2621,60.0,0.0,0.0,0.0,0.0,0.0
2026-07-09T15:33:39,ERR,ERR,ERR,ERR,ERR,ERR,ERR,ERR,ERR,ERR,ERR,ERR,ERR,ERR,ERR,ERR,ERR,ERR,ERR,ERR,ERR,ERR,ERR,ERR,ERR,ERR,ERR,ERR,ERR,ERR,ERR,ERR,ERR,ERR,ERR,ERR,ERR,ERR,ERR,ERR,ERR,ERR,ERR,ERR,ERR,ERR,ERR,ERR,ERR,ERR,ERR,ERR,ERR,ERR,ERR,ERR,ERR,ERR,ERR,ERR,ERR,ERR,ERR,ERR,ERR,ERR,ERR,ERR,ERR,ERR,ERR,ERR,ERR,ERR,ERR,ERR,ERR,ERR,ERR,ERR,ERR,ERR,ERR,ERR,ERR,ERR,ERR,ERR,ERR,ERR,ERR,ERR,ERR,ERR,ERR,ERR,ERR,ERR,ERR,ERR,ERR,ERR,ERR,ERR,ERR,ERR,ERR,ERR,ERR,ERR,ERR,ERR,ERR,ERR,ERR,ERR,ERR,ERR,ERR,ERR,ERR,ERR,ERR,ERR,ERR,2.7184267782763598e+23,-107616144.0,0.0,2.7183478752108883e+23,8.592261519286482e+37,-0.0,-0.0,0.391,0,0,4,17329,7116,0.0,100,0.0,0.0,2.7183478752108883e+23,0.0,0.0,0,0,0,0,0.0,0,0,0,0,0,0,0,0,0,0,0,0,0,0,0,0,0,0,0,0,0,0,0,0,0,0,0,0,0,0,0,0,0,31,40,40,71,65476,0,300,0,0,8,21553,0.0,-107605600.0,0.0,0.0,0.0,0.0,0.0,0.0,0.0,0.0,0.0,0.0,0.0,0.0,0.0,0.0,0.0,0.0,0.0,0.0,0.0,0.0,-2.004,-2.004,0.0,0.0,0.0,0.0,0.0,0.0,5279.0,0.0,6941.0,2.7184267782763598e+23,-107616144.0,2.004,2.004,0.0,0.0,0.0,0.0,69,0.0,-107614856.0,0.0,0.0,0.0,0.0,0.0,0.0,0.0,0,0,0,0.0,0.0,0.0,0.0,0.0,0.0,0.0,0.0,0.0,0.0,0.0,0.0,0.0,0.0,0.0,0.0,0,-107875648.0,69,0.0,138,0.0,2.012,ERR,ERR,ERR,ERR,ERR,ERR,ERR,ERR,ERR,ERR,ERR,ERR,ERR,ERR,ERR,ERR,ERR,ERR,ERR,ERR,ERR,ERR,ERR,ERR,ERR,ERR,ERR,ERR,ERR,ERR,ERR,ERR,ERR,ERR,ERR,ERR,ERR,ERR,ERR,ERR,ERR,ERR,ERR,ERR,ERR,ERR,ERR,ERR,ERR,ERR,ERR,ERR,ERR,ERR,ERR,ERR,ERR,ERR,ERR,ERR,ERR,ERR,ERR,ERR,ERR,ERR,ERR,60.0,60.0,35,0.0,0.0,0.0,0.0,0.0,0.0,0.0,0.0,0.0,0.0,0.0,0.0,0.0,0.0,0.0,0.0,64.8,0,150,71,58,65476,0,65476,0,1,8,20529,65476,0,0,2621,60.0,0.0,0.0,0.0,0.0,0.0
2026-07-09T15:33:40,ERR,ERR,ERR,ERR,ERR,ERR,ERR,ERR,ERR,ERR,ERR,ERR,ERR,ERR,ERR,ERR,ERR,ERR,ERR,ERR,ERR,ERR,ERR,ERR,ERR,ERR,ERR,ERR,ERR,ERR,ERR,ERR,ERR,ERR,ERR,ERR,ERR,ERR,ERR,ERR,ERR,ERR,ERR,ERR,ERR,ERR,ERR,ERR,ERR,ERR,ERR,ERR,ERR,ERR,ERR,ERR,ERR,ERR,ERR,ERR,ERR,ERR,ERR,ERR,ERR,ERR,ERR,ERR,ERR,ERR,ERR,ERR,ERR,ERR,ERR,ERR,ERR,ERR,ERR,ERR,ERR,ERR,ERR,ERR,ERR,ERR,ERR,ERR,ERR,ERR,ERR,ERR,ERR,ERR,ERR,ERR,ERR,ERR,ERR,ERR,ERR,ERR,ERR,ERR,ERR,ERR,ERR,ERR,ERR,ERR,ERR,ERR,ERR,ERR,ERR,ERR,ERR,ERR,ERR,ERR,ERR,ERR,ERR,ERR,ERR,2.7184267782763598e+23,-107616144.0,0.0,2.7183478752108883e+23,8.592261519286482e+37,-0.0,-0.0,0.391,0,0,4,17329,7116,0.0,100,0.0,0.0,2.7183478752108883e+23,0.0,0.0,0,0,0,0,0.0,0,0,0,0,0,0,0,0,0,0,0,0,0,0,0,0,0,0,0,0,0,0,0,0,0,0,0,0,0,0,0,0,0,31,40,40,71,65476,0,300,0,0,8,21553,0.0,-107605600.0,0.0,0.0,0.0,0.0,0.0,0.0,0.0,0.0,0.0,0.0,0.0,0.0,0.0,0.0,0.0,0.0,0.0,0.0,0.0,0.0,-2.004,-2.004,0.0,0.0,0.0,0.0,0.0,0.0,5279.0,0.0,6941.0,2.7184267782763598e+23,-107616144.0,2.004,2.004,0.0,0.0,0.0,0.0,69,0.0,-107614856.0,0.0,0.0,0.0,0.0,0.0,0.0,0.0,0,0,0,0.0,0.0,0.0,0.0,0.0,0.0,0.0,0.0,0.0,0.0,0.0,0.0,0.0,0.0,0.0,0.0,0,-107875648.0,69,0.0,138,0.0,2.012,ERR,ERR,ERR,ERR,ERR,ERR,ERR,ERR,ERR,ERR,ERR,ERR,ERR,ERR,ERR,ERR,ERR,ERR,ERR,ERR,ERR,ERR,ERR,ERR,ERR,ERR,ERR,ERR,ERR,ERR,ERR,ERR,ERR,ERR,ERR,ERR,ERR,ERR,ERR,ERR,ERR,ERR,ERR,ERR,ERR,ERR,ERR,ERR,ERR,ERR,ERR,ERR,ERR,ERR,ERR,ERR,ERR,ERR,ERR,ERR,ERR,ERR,ERR,ERR,ERR,ERR,ERR,60.0,60.0,35,0.0,0.0,0.0,0.0,0.0,0.0,0.0,0.0,0.0,0.0,0.0,0.0,0.0,0.0,0.0,0.0,64.8,0,150,71,58,65476,0,65476,0,1,8,20529,65476,0,0,2621,60.0,0.0,0.0,0.0,0.0,0.0
2026-07-09T15:33:41,ERR,ERR,ERR,ERR,ERR,ERR,ERR,ERR,ERR,ERR,ERR,ERR,ERR,ERR,ERR,ERR,ERR,ERR,ERR,ERR,ERR,ERR,ERR,ERR,ERR,ERR,ERR,ERR,ERR,ERR,ERR,ERR,ERR,ERR,ERR,ERR,ERR,ERR,ERR,ERR,ERR,ERR,ERR,ERR,ERR,ERR,ERR,ERR,ERR,ERR,ERR,ERR,ERR,ERR,ERR,ERR,ERR,ERR,ERR,ERR,ERR,ERR,ERR,ERR,ERR,ERR,ERR,ERR,ERR,ERR,ERR,ERR,ERR,ERR,ERR,ERR,ERR,ERR,ERR,ERR,ERR,ERR,ERR,ERR,ERR,ERR,ERR,ERR,ERR,ERR,ERR,ERR,ERR,ERR,ERR,ERR,ERR,ERR,ERR,ERR,ERR,ERR,ERR,ERR,ERR,ERR,ERR,ERR,ERR,ERR,ERR,ERR,ERR,ERR,ERR,ERR,ERR,ERR,ERR,ERR,ERR,ERR,ERR,ERR,ERR,2.7184267782763598e+23,-107616144.0,0.0,2.7183478752108883e+23,8.592261519286482e+37,-0.0,-0.0,0.391,0,0,4,17329,7116,0.0,100,0.0,0.0,2.7183478752108883e+23,0.0,0.0,0,0,0,0,0.0,0,0,0,0,0,0,0,0,0,0,0,0,0,0,0,0,0,0,0,0,0,0,0,0,0,0,0,0,0,0,0,0,0,31,40,40,71,65476,0,300,0,0,8,21553,0.0,-107605600.0,0.0,0.0,0.0,0.0,0.0,0.0,0.0,0.0,0.0,0.0,0.0,0.0,0.0,0.0,0.0,0.0,0.0,0.0,0.0,0.0,-2.004,-2.004,0.0,0.0,0.0,0.0,0.0,0.0,5279.0,0.0,6941.0,2.7184267782763598e+23,-107616144.0,2.004,2.004,0.0,0.0,0.0,0.0,69,0.0,-107614856.0,0.0,0.0,0.0,0.0,0.0,0.0,0.0,0,0,0,0.0,0.0,0.0,0.0,0.0,0.0,0.0,0.0,0.0,0.0,0.0,0.0,0.0,0.0,0.0,0.0,0,-107875648.0,69,0.0,138,0.0,2.012,ERR,ERR,ERR,ERR,ERR,ERR,ERR,ERR,ERR,ERR,ERR,ERR,ERR,ERR,ERR,ERR,ERR,ERR,ERR,ERR,ERR,ERR,ERR,ERR,ERR,ERR,ERR,ERR,ERR,ERR,ERR,ERR,ERR,ERR,ERR,ERR,ERR,ERR,ERR,ERR,ERR,ERR,ERR,ERR,ERR,ERR,ERR,ERR,ERR,ERR,ERR,ERR,ERR,ERR,ERR,ERR,ERR,ERR,ERR,ERR,ERR,ERR,ERR,ERR,ERR,ERR,ERR,60.0,60.0,35,0.0,0.0,0.0,0.0,0.0,0.0,0.0,0.0,0.0,0.0,0.0,0.0,0.0,0.0,0.0,0.0,64.8,0,150,71,58,65476,0,65476,0,1,8,20529,65476,0,0,2621,60.0,0.0,0.0,0.0,0.0,0.0
2026-07-09T15:33:42,ERR,ERR,ERR,ERR,ERR,ERR,ERR,ERR,ERR,ERR,ERR,ERR,ERR,ERR,ERR,ERR,ERR,ERR,ERR,ERR,ERR,ERR,ERR,ERR,ERR,ERR,ERR,ERR,ERR,ERR,ERR,ERR,ERR,ERR,ERR,ERR,ERR,ERR,ERR,ERR,ERR,ERR,ERR,ERR,ERR,ERR,ERR,ERR,ERR,ERR,ERR,ERR,ERR,ERR,ERR,ERR,ERR,ERR,ERR,ERR,ERR,ERR,ERR,ERR,ERR,ERR,ERR,ERR,ERR,ERR,ERR,ERR,ERR,ERR,ERR,ERR,ERR,ERR,ERR,ERR,ERR,ERR,ERR,ERR,ERR,ERR,ERR,ERR,ERR,ERR,ERR,ERR,ERR,ERR,ERR,ERR,ERR,ERR,ERR,ERR,ERR,ERR,ERR,ERR,ERR,ERR,ERR,ERR,ERR,ERR,ERR,ERR,ERR,ERR,ERR,ERR,ERR,ERR,ERR,ERR,ERR,ERR,ERR,ERR,ERR,2.7184267782763598e+23,-107616144.0,0.0,2.7183478752108883e+23,8.592261519286482e+37,-0.0,-0.0,0.391,0,0,4,17329,7116,0.0,100,0.0,0.0,2.7183478752108883e+23,0.0,0.0,0,0,0,0,0.0,0,0,0,0,0,0,0,0,0,0,0,0,0,0,0,0,0,0,0,0,0,0,0,0,0,0,0,0,0,0,0,0,0,31,40,40,71,65476,0,300,0,0,8,21553,0.0,-107605600.0,0.0,0.0,0.0,0.0,0.0,0.0,0.0,0.0,0.0,0.0,0.0,0.0,0.0,0.0,0.0,0.0,0.0,0.0,0.0,0.0,-2.004,-2.004,0.0,0.0,0.0,0.0,0.0,0.0,5279.0,0.0,6941.0,2.7184267782763598e+23,-107616144.0,2.004,2.004,0.0,0.0,0.0,0.0,69,0.0,-107614856.0,0.0,0.0,0.0,0.0,0.0,0.0,0.0,0,0,0,0.0,0.0,0.0,0.0,0.0,0.0,0.0,0.0,0.0,0.0,0.0,0.0,0.0,0.0,0.0,0.0,0,-107875648.0,69,0.0,138,0.0,2.012,ERR,ERR,ERR,ERR,ERR,ERR,ERR,ERR,ERR,ERR,ERR,ERR,ERR,ERR,ERR,ERR,ERR,ERR,ERR,ERR,ERR,ERR,ERR,ERR,ERR,ERR,ERR,ERR,ERR,ERR,ERR,ERR,ERR,ERR,ERR,ERR,ERR,ERR,ERR,ERR,ERR,ERR,ERR,ERR,ERR,ERR,ERR,ERR,ERR,ERR,ERR,ERR,ERR,ERR,ERR,ERR,ERR,ERR,ERR,ERR,ERR,ERR,ERR,ERR,ERR,ERR,ERR,60.0,60.0,35,0.0,0.0,0.0,0.0,0.0,0.0,0.0,0.0,0.0,0.0,0.0,0.0,0.0,0.0,0.0,0.0,65.2,0,150,71,58,65476,0,65476,0,1,8,20529,65476,0,0,2621,60.0,0.0,0.0,0.0,0.0,0.0
2026-07-09T15:33:43,ERR,ERR,ERR,ERR,ERR,ERR,ERR,ERR,ERR,ERR,ERR,ERR,ERR,ERR,ERR,ERR,ERR,ERR,ERR,ERR,ERR,ERR,ERR,ERR,ERR,ERR,ERR,ERR,ERR,ERR,ERR,ERR,ERR,ERR,ERR,ERR,ERR,ERR,ERR,ERR,ERR,ERR,ERR,ERR,ERR,ERR,ERR,ERR,ERR,ERR,ERR,ERR,ERR,ERR,ERR,ERR,ERR,ERR,ERR,ERR,ERR,ERR,ERR,ERR,ERR,ERR,ERR,ERR,ERR,ERR,ERR,ERR,ERR,ERR,ERR,ERR,ERR,ERR,ERR,ERR,ERR,ERR,ERR,ERR,ERR,ERR,ERR,ERR,ERR,ERR,ERR,ERR,ERR,ERR,ERR,ERR,ERR,ERR,ERR,ERR,ERR,ERR,ERR,ERR,ERR,ERR,ERR,ERR,ERR,ERR,ERR,ERR,ERR,ERR,ERR,ERR,ERR,ERR,ERR,ERR,ERR,ERR,ERR,ERR,ERR,2.7184267782763598e+23,-107616144.0,0.0,2.7183478752108883e+23,8.592261519286482e+37,-0.0,-0.0,0.391,0,0,4,17329,7116,0.0,100,0.0,0.0,2.7183478752108883e+23,0.0,0.0,0,0,0,0,0.0,0,0,0,0,0,0,0,0,0,0,0,0,0,0,0,0,0,0,0,0,0,0,0,0,0,0,0,0,0,0,0,0,0,31,40,40,71,65476,0,300,0,0,8,21553,0.0,-107605600.0,0.0,0.0,0.0,0.0,0.0,0.0,0.0,0.0,0.0,0.0,0.0,0.0,0.0,0.0,0.0,0.0,0.0,0.0,0.0,0.0,-2.004,-2.004,0.0,0.0,0.0,0.0,0.0,0.0,5279.0,0.0,6941.0,2.7184267782763598e+23,-107616144.0,2.004,2.004,0.0,0.0,0.0,0.0,69,0.0,-107614856.0,0.0,0.0,0.0,0.0,0.0,0.0,0.0,0,0,0,0.0,0.0,0.0,0.0,0.0,0.0,0.0,0.0,0.0,0.0,0.0,0.0,0.0,0.0,0.0,0.0,0,-107875648.0,69,0.0,138,0.0,2.012,ERR,ERR,ERR,ERR,ERR,ERR,ERR,ERR,ERR,ERR,ERR,ERR,ERR,ERR,ERR,ERR,ERR,ERR,ERR,ERR,ERR,ERR,ERR,ERR,ERR,ERR,ERR,ERR,ERR,ERR,ERR,ERR,ERR,ERR,ERR,ERR,ERR,ERR,ERR,ERR,ERR,ERR,ERR,ERR,ERR,ERR,ERR,ERR,ERR,ERR,ERR,ERR,ERR,ERR,ERR,ERR,ERR,ERR,ERR,ERR,ERR,ERR,ERR,ERR,ERR,ERR,ERR,60.0,60.0,35,0.0,0.0,0.0,0.0,0.0,0.0,0.0,0.0,0.0,0.0,0.0,0.0,0.0,0.0,0.0,0.0,65.2,0,150,71,58,65476,0,65476,0,1,8,20529,65476,0,0,2621,60.0,0.0,0.0,0.0,0.0,0.0
2026-07-09T15:33:44,ERR,ERR,ERR,ERR,ERR,ERR,ERR,ERR,ERR,ERR,ERR,ERR,ERR,ERR,ERR,ERR,ERR,ERR,ERR,ERR,ERR,ERR,ERR,ERR,ERR,ERR,ERR,ERR,ERR,ERR,ERR,ERR,ERR,ERR,ERR,ERR,ERR,ERR,ERR,ERR,ERR,ERR,ERR,ERR,ERR,ERR,ERR,ERR,ERR,ERR,ERR,ERR,ERR,ERR,ERR,ERR,ERR,ERR,ERR,ERR,ERR,ERR,ERR,ERR,ERR,ERR,ERR,ERR,ERR,ERR,ERR,ERR,ERR,ERR,ERR,ERR,ERR,ERR,ERR,ERR,ERR,ERR,ERR,ERR,ERR,ERR,ERR,ERR,ERR,ERR,ERR,ERR,ERR,ERR,ERR,ERR,ERR,ERR,ERR,ERR,ERR,ERR,ERR,ERR,ERR,ERR,ERR,ERR,ERR,ERR,ERR,ERR,ERR,ERR,ERR,ERR,ERR,ERR,ERR,ERR,ERR,ERR,ERR,ERR,ERR,-107615200.0,-107616144.0,-107615040.0,2.7183478752108883e+23,0.0,5.857174288298987e+28,3.712288650627853e+31,-2.94413844212757e+32,0,0,4,17332,7116,0.0,100,0.0,0.0,2.7183478752108883e+23,0.0,0.0,0,0,0,0,0.0,0,0,0,0,0,0,0,0,0,0,0,0,0,0,0,0,0,0,0,0,0,0,0,0,0,0,0,0,0,0,0,0,0,31,40,40,71,65476,0,300,0,0,8,21553,0.0,-107605600.0,0.0,0.0,0.0,0.0,0.0,0.0,0.0,0.0,0.0,0.0,0.0,0.0,0.0,0.0,0.0,0.0,0.0,0.0,0.0,0.0,0.0,-2.004,0.0,0.0,0.0,0.0,0.0,0.0,5224.0,-564146303139840.0,6939.0,-107615200.0,-107616144.0,2.004,2.004,0.0,0.0,0.0,0.0,69,1.9056991512664474e+17,-0.0,0.0,0.0,0.0,0.0,0.0,0.0,0.0,0,0,0,0.0,0.0,0.0,0.0,0.0,0.0,0.0,0.0,0.0,0.0,0.0,0.0,0.0,0.0,0.0,0.0,0,-107875648.0,69,0.0,138,0.0,2.012,ERR,ERR,ERR,ERR,ERR,ERR,ERR,ERR,ERR,ERR,ERR,ERR,ERR,ERR,ERR,ERR,ERR,ERR,ERR,ERR,ERR,ERR,ERR,ERR,ERR,ERR,ERR,ERR,ERR,ERR,ERR,ERR,ERR,ERR,ERR,ERR,ERR,ERR,ERR,ERR,ERR,ERR,ERR,ERR,ERR,ERR,ERR,ERR,ERR,ERR,ERR,ERR,ERR,ERR,ERR,ERR,ERR,ERR,ERR,ERR,ERR,ERR,ERR,ERR,ERR,ERR,ERR,60.0,60.0,35,0.0,0.0,0.0,0.0,0.0,0.0,0.0,0.0,0.0,0.0,0.0,0.0,0.0,0.0,0.0,0.0,65.2,0,150,71,58,65476,0,65476,0,1,8,20529,65476,0,0,2621,60.0,0.0,0.0,0.0,0.0,0.0
2026-07-09T15:33:45,ERR,ERR,ERR,ERR,ERR,ERR,ERR,ERR,ERR,ERR,ERR,ERR,ERR,ERR,ERR,ERR,ERR,ERR,ERR,ERR,ERR,ERR,ERR,ERR,ERR,ERR,ERR,ERR,ERR,ERR,ERR,ERR,ERR,ERR,ERR,ERR,ERR,ERR,ERR,ERR,ERR,ERR,ERR,ERR,ERR,ERR,ERR,ERR,ERR,ERR,ERR,ERR,ERR,ERR,ERR,ERR,ERR,ERR,ERR,ERR,ERR,ERR,ERR,ERR,ERR,ERR,ERR,ERR,ERR,ERR,ERR,ERR,ERR,ERR,ERR,ERR,ERR,ERR,ERR,ERR,ERR,ERR,ERR,ERR,ERR,ERR,ERR,ERR,ERR,ERR,ERR,ERR,ERR,ERR,ERR,ERR,ERR,ERR,ERR,ERR,ERR,ERR,ERR,ERR,ERR,ERR,ERR,ERR,ERR,ERR,ERR,ERR,ERR,ERR,ERR,ERR,ERR,ERR,ERR,ERR,ERR,ERR,ERR,ERR,ERR,-107615200.0,-107616144.0,-107615040.0,2.7183478752108883e+23,0.0,5.857174288298987e+28,3.712288650627853e+31,-2.94413844212757e+32,0,0,4,17332,7116,0.0,100,0.0,0.0,2.7183478752108883e+23,0.0,0.0,0,0,0,0,0.0,0,0,0,0,0,0,0,0,0,0,0,0,0,0,0,0,0,0,0,0,0,0,0,0,0,0,0,0,0,0,0,0,0,31,40,40,71,65476,0,300,0,0,8,21553,0.0,-107605600.0,0.0,0.0,0.0,0.0,0.0,0.0,0.0,0.0,0.0,0.0,0.0,0.0,0.0,0.0,0.0,0.0,0.0,0.0,0.0,0.0,0.0,-2.004,0.0,0.0,0.0,0.0,0.0,0.0,5224.0,-564146303139840.0,6939.0,-107615200.0,-107616144.0,2.004,2.004,0.0,0.0,0.0,0.0,69,1.9056991512664474e+17,-0.0,0.0,0.0,0.0,0.0,0.0,0.0,0.0,0,0,0,0.0,0.0,0.0,0.0,0.0,0.0,0.0,0.0,0.0,0.0,0.0,0.0,0.0,0.0,0.0,0.0,0,-107875648.0,69,0.0,138,0.0,2.012,ERR,ERR,ERR,ERR,ERR,ERR,ERR,ERR,ERR,ERR,ERR,ERR,ERR,ERR,ERR,ERR,ERR,ERR,ERR,ERR,ERR,ERR,ERR,ERR,ERR,ERR,ERR,ERR,ERR,ERR,ERR,ERR,ERR,ERR,ERR,ERR,ERR,ERR,ERR,ERR,ERR,ERR,ERR,ERR,ERR,ERR,ERR,ERR,ERR,ERR,ERR,ERR,ERR,ERR,ERR,ERR,ERR,ERR,ERR,ERR,ERR,ERR,ERR,ERR,ERR,ERR,ERR,60.0,60.0,35,0.0,0.0,0.0,0.0,0.0,0.0,0.0,0.0,0.0,0.0,0.0,0.0,0.0,0.0,0.0,0.0,64.8,0,150,71,58,65476,0,65476,0,1,8,20529,65476,0,0,2621,60.0,0.0,0.0,0.0,0.0,0.0
2026-07-09T15:33:46,ERR,ERR,ERR,ERR,ERR,ERR,ERR,ERR,ERR,ERR,ERR,ERR,ERR,ERR,ERR,ERR,ERR,ERR,ERR,ERR,ERR,ERR,ERR,ERR,ERR,ERR,ERR,ERR,ERR,ERR,ERR,ERR,ERR,ERR,ERR,ERR,ERR,ERR,ERR,ERR,ERR,ERR,ERR,ERR,ERR,ERR,ERR,ERR,ERR,ERR,ERR,ERR,ERR,ERR,ERR,ERR,ERR,ERR,ERR,ERR,ERR,ERR,ERR,ERR,ERR,ERR,ERR,ERR,ERR,ERR,ERR,ERR,ERR,ERR,ERR,ERR,ERR,ERR,ERR,ERR,ERR,ERR,ERR,ERR,ERR,ERR,ERR,ERR,ERR,ERR,ERR,ERR,ERR,ERR,ERR,ERR,ERR,ERR,ERR,ERR,ERR,ERR,ERR,ERR,ERR,ERR,ERR,ERR,ERR,ERR,ERR,ERR,ERR,ERR,ERR,ERR,ERR,ERR,ERR,ERR,ERR,ERR,ERR,ERR,ERR,-107615200.0,-107616144.0,-107615040.0,2.7183478752108883e+23,0.0,5.857174288298987e+28,3.712288650627853e+31,-2.94413844212757e+32,0,0,4,17332,7116,0.0,100,0.0,0.0,2.7183478752108883e+23,0.0,0.0,0,0,0,0,0.0,0,0,0,0,0,0,0,0,0,0,0,0,0,0,0,0,0,0,0,0,0,0,0,0,0,0,0,0,0,0,0,0,0,31,40,40,71,65476,0,300,0,0,8,21553,0.0,-107605600.0,0.0,0.0,0.0,0.0,0.0,0.0,0.0,0.0,0.0,0.0,0.0,0.0,0.0,0.0,0.0,0.0,0.0,0.0,0.0,0.0,0.0,-2.004,0.0,0.0,0.0,0.0,0.0,0.0,5224.0,-564146303139840.0,6939.0,-107615200.0,-107616144.0,2.004,2.004,0.0,0.0,0.0,0.0,69,1.9056991512664474e+17,-0.0,0.0,0.0,0.0,0.0,0.0,0.0,0.0,0,0,0,0.0,0.0,0.0,0.0,0.0,0.0,0.0,0.0,0.0,0.0,0.0,0.0,0.0,0.0,0.0,0.0,0,-107875648.0,69,0.0,138,0.0,2.012,ERR,ERR,ERR,ERR,ERR,ERR,ERR,ERR,ERR,ERR,ERR,ERR,ERR,ERR,ERR,ERR,ERR,ERR,ERR,ERR,ERR,ERR,ERR,ERR,ERR,ERR,ERR,ERR,ERR,ERR,ERR,ERR,ERR,ERR,ERR,ERR,ERR,ERR,ERR,ERR,ERR,ERR,ERR,ERR,ERR,ERR,ERR,ERR,ERR,ERR,ERR,ERR,ERR,ERR,ERR,ERR,ERR,ERR,ERR,ERR,ERR,ERR,ERR,ERR,ERR,ERR,ERR,60.0,60.0,35,0.0,0.0,0.0,0.0,0.0,0.0,0.0,0.0,0.0,0.0,0.0,0.0,0.0,0.0,0.0,0.0,64.8,0,150,71,58,65476,0,65476,0,1,8,20529,65476,0,0,2621,60.0,0.0,0.0,0.0,0.0,0.0
2026-07-09T15:33:47,ERR,ERR,ERR,ERR,ERR,ERR,ERR,ERR,ERR,ERR,ERR,ERR,ERR,ERR,ERR,ERR,ERR,ERR,ERR,ERR,ERR,ERR,ERR,ERR,ERR,ERR,ERR,ERR,ERR,ERR,ERR,ERR,ERR,ERR,ERR,ERR,ERR,ERR,ERR,ERR,ERR,ERR,ERR,ERR,ERR,ERR,ERR,ERR,ERR,ERR,ERR,ERR,ERR,ERR,ERR,ERR,ERR,ERR,ERR,ERR,ERR,ERR,ERR,ERR,ERR,ERR,ERR,ERR,ERR,ERR,ERR,ERR,ERR,ERR,ERR,ERR,ERR,ERR,ERR,ERR,ERR,ERR,ERR,ERR,ERR,ERR,ERR,ERR,ERR,ERR,ERR,ERR,ERR,ERR,ERR,ERR,ERR,ERR,ERR,ERR,ERR,ERR,ERR,ERR,ERR,ERR,ERR,ERR,ERR,ERR,ERR,ERR,ERR,ERR,ERR,ERR,ERR,ERR,ERR,ERR,ERR,ERR,ERR,ERR,ERR,-107615200.0,-107616144.0,-107615040.0,2.7183478752108883e+23,0.0,5.857174288298987e+28,3.712288650627853e+31,-2.94413844212757e+32,0,0,4,17332,7116,0.0,100,0.0,0.0,2.7183478752108883e+23,0.0,0.0,0,0,0,0,0.0,0,0,0,0,0,0,0,0,0,0,0,0,0,0,0,0,0,0,0,0,0,0,0,0,0,0,0,0,0,0,0,0,0,31,40,40,71,65476,0,300,0,0,8,21553,0.0,-107605600.0,0.0,0.0,0.0,0.0,0.0,0.0,0.0,0.0,0.0,0.0,0.0,0.0,0.0,0.0,0.0,0.0,0.0,0.0,0.0,0.0,0.0,-2.004,0.0,0.0,0.0,0.0,0.0,0.0,5224.0,-564146303139840.0,6939.0,-107615200.0,-107616144.0,2.004,2.004,0.0,0.0,0.0,0.0,69,1.9056991512664474e+17,-0.0,0.0,0.0,0.0,0.0,0.0,0.0,0.0,0,0,0,0.0,0.0,0.0,0.0,0.0,0.0,0.0,0.0,0.0,0.0,0.0,0.0,0.0,0.0,0.0,0.0,0,-107875648.0,69,0.0,138,0.0,2.012,ERR,ERR,ERR,ERR,ERR,ERR,ERR,ERR,ERR,ERR,ERR,ERR,ERR,ERR,ERR,ERR,ERR,ERR,ERR,ERR,ERR,ERR,ERR,ERR,ERR,ERR,ERR,ERR,ERR,ERR,ERR,ERR,ERR,ERR,ERR,ERR,ERR,ERR,ERR,ERR,ERR,ERR,ERR,ERR,ERR,ERR,ERR,ERR,ERR,ERR,ERR,ERR,ERR,ERR,ERR,ERR,ERR,ERR,ERR,ERR,ERR,ERR,ERR,ERR,ERR,ERR,ERR,60.0,60.0,35,0.0,0.0,0.0,0.0,0.0,0.0,0.0,0.0,0.0,0.0,0.0,0.0,0.0,0.0,0.0,0.0,64.8,0,150,71,58,65476,0,65476,0,1,8,20529,65476,0,0,2621,60.0,0.0,0.0,0.0,0.0,0.0
2026-07-09T15:33:48,ERR,ERR,ERR,ERR,ERR,ERR,ERR,ERR,ERR,ERR,ERR,ERR,ERR,ERR,ERR,ERR,ERR,ERR,ERR,ERR,ERR,ERR,ERR,ERR,ERR,ERR,ERR,ERR,ERR,ERR,ERR,ERR,ERR,ERR,ERR,ERR,ERR,ERR,ERR,ERR,ERR,ERR,ERR,ERR,ERR,ERR,ERR,ERR,ERR,ERR,ERR,ERR,ERR,ERR,ERR,ERR,ERR,ERR,ERR,ERR,ERR,ERR,ERR,ERR,ERR,ERR,ERR,ERR,ERR,ERR,ERR,ERR,ERR,ERR,ERR,ERR,ERR,ERR,ERR,ERR,ERR,ERR,ERR,ERR,ERR,ERR,ERR,ERR,ERR,ERR,ERR,ERR,ERR,ERR,ERR,ERR,ERR,ERR,ERR,ERR,ERR,ERR,ERR,ERR,ERR,ERR,ERR,ERR,ERR,ERR,ERR,ERR,ERR,ERR,ERR,ERR,ERR,ERR,ERR,ERR,ERR,ERR,ERR,ERR,ERR,-107615200.0,-107616144.0,-107615040.0,2.7183478752108883e+23,0.0,5.857174288298987e+28,3.712288650627853e+31,-2.94413844212757e+32,0,0,4,17332,7116,0.0,100,0.0,0.0,2.7183478752108883e+23,0.0,0.0,0,0,0,0,0.0,0,0,0,0,0,0,0,0,0,0,0,0,0,0,0,0,0,0,0,0,0,0,0,0,0,0,0,0,0,0,0,0,0,31,40,40,71,65476,0,300,0,0,8,21553,0.0,-107605600.0,0.0,0.0,0.0,0.0,0.0,0.0,0.0,0.0,0.0,0.0,0.0,0.0,0.0,0.0,0.0,0.0,0.0,0.0,0.0,0.0,0.0,-2.004,0.0,0.0,0.0,0.0,0.0,0.0,5224.0,-564146303139840.0,6939.0,-107615200.0,-107616144.0,2.004,2.004,0.0,0.0,0.0,0.0,69,1.9056991512664474e+17,-0.0,0.0,0.0,0.0,0.0,0.0,0.0,0.0,0,0,0,0.0,0.0,0.0,0.0,0.0,0.0,0.0,0.0,0.0,0.0,0.0,0.0,0.0,0.0,0.0,0.0,0,-107875648.0,69,0.0,138,0.0,2.012,ERR,ERR,ERR,ERR,ERR,ERR,ERR,ERR,ERR,ERR,ERR,ERR,ERR,ERR,ERR,ERR,ERR,ERR,ERR,ERR,ERR,ERR,ERR,ERR,ERR,ERR,ERR,ERR,ERR,ERR,ERR,ERR,ERR,ERR,ERR,ERR,ERR,ERR,ERR,ERR,ERR,ERR,ERR,ERR,ERR,ERR,ERR,ERR,ERR,ERR,ERR,ERR,ERR,ERR,ERR,ERR,ERR,ERR,ERR,ERR,ERR,ERR,ERR,ERR,ERR,ERR,ERR,60.0,60.0,35,0.0,0.0,0.0,0.0,0.0,0.0,0.0,0.0,0.0,0.0,0.0,0.0,0.0,0.0,0.0,0.0,64.8,0,150,71,58,65476,0,65476,0,1,8,20529,65476,0,0,2621,60.0,0.0,0.0,0.0,0.0,0.0
2026-07-09T15:33:49,ERR,ERR,ERR,ERR,ERR,ERR,ERR,ERR,ERR,ERR,ERR,ERR,ERR,ERR,ERR,ERR,ERR,ERR,ERR,ERR,ERR,ERR,ERR,ERR,ERR,ERR,ERR,ERR,ERR,ERR,ERR,ERR,ERR,ERR,ERR,ERR,ERR,ERR,ERR,ERR,ERR,ERR,ERR,ERR,ERR,ERR,ERR,ERR,ERR,ERR,ERR,ERR,ERR,ERR,ERR,ERR,ERR,ERR,ERR,ERR,ERR,ERR,ERR,ERR,ERR,ERR,ERR,ERR,ERR,ERR,ERR,ERR,ERR,ERR,ERR,ERR,ERR,ERR,ERR,ERR,ERR,ERR,ERR,ERR,ERR,ERR,ERR,ERR,ERR,ERR,ERR,ERR,ERR,ERR,ERR,ERR,ERR,ERR,ERR,ERR,ERR,ERR,ERR,ERR,ERR,ERR,ERR,ERR,ERR,ERR,ERR,ERR,ERR,ERR,ERR,ERR,ERR,ERR,ERR,ERR,ERR,ERR,ERR,ERR,ERR,-107615200.0,-107616144.0,-107615040.0,0.0,4513519391211520.0,0.0,2820.454,2.1083902412403276e+28,0,0,4,17326,7116,0.0,100,0.0,0.0,0.0,0.0,0.0,0,0,0,0,0.0,0,0,0,0,0,0,0,0,0,0,0,0,0,0,0,0,0,0,0,0,0,0,0,0,0,0,0,0,0,0,0,0,0,31,40,40,71,65476,0,300,0,0,8,21553,0.0,-107605600.0,0.0,0.0,0.0,0.0,0.0,0.0,0.0,0.0,0.0,0.0,0.0,0.0,0.0,0.0,0.0,0.0,0.0,0.0,0.0,0.0,2.004,-2.004,0.0,0.0,0.0,0.0,0.0,0.0,5228.0,1.0406662474149996e+34,6927.0,0.0,-107616144.0,2.004,2.004,0.0,0.0,0.0,0.0,69,152018572279808.0,0.0,0.0,0.0,0.0,0.0,0.0,0.0,0.0,0,0,0,0.0,0.0,0.0,0.0,0.0,0.0,0.0,0.0,0.0,0.0,0.0,0.0,0.0,0.0,0.0,0.0,0,-107875648.0,69,0.0,138,0.0,2.012,ERR,ERR,ERR,ERR,ERR,ERR,ERR,ERR,ERR,ERR,ERR,ERR,ERR,ERR,ERR,ERR,ERR,ERR,ERR,ERR,ERR,ERR,ERR,ERR,ERR,ERR,ERR,ERR,ERR,ERR,ERR,ERR,ERR,ERR,ERR,ERR,ERR,ERR,ERR,ERR,ERR,ERR,ERR,ERR,ERR,ERR,ERR,ERR,ERR,ERR,ERR,ERR,ERR,ERR,ERR,ERR,ERR,ERR,ERR,ERR,ERR,ERR,ERR,ERR,ERR,ERR,ERR,60.0,60.0,35,0.0,0.0,0.0,0.0,0.0,0.0,0.0,0.0,0.0,0.0,0.0,0.0,0.0,0.0,0.0,0.0,64.8,0,150,71,58,65476,0,65476,0,1,8,20529,65476,0,0,2621,60.0,0.0,0.0,0.0,0.0,0.0
2026-07-09T15:33:50,ERR,ERR,ERR,ERR,ERR,ERR,ERR,ERR,ERR,ERR,ERR,ERR,ERR,ERR,ERR,ERR,ERR,ERR,ERR,ERR,ERR,ERR,ERR,ERR,ERR,ERR,ERR,ERR,ERR,ERR,ERR,ERR,ERR,ERR,ERR,ERR,ERR,ERR,ERR,ERR,ERR,ERR,ERR,ERR,ERR,ERR,ERR,ERR,ERR,ERR,ERR,ERR,ERR,ERR,ERR,ERR,ERR,ERR,ERR,ERR,ERR,ERR,ERR,ERR,ERR,ERR,ERR,ERR,ERR,ERR,ERR,ERR,ERR,ERR,ERR,ERR,ERR,ERR,ERR,ERR,ERR,ERR,ERR,ERR,ERR,ERR,ERR,ERR,ERR,ERR,ERR,ERR,ERR,ERR,ERR,ERR,ERR,ERR,ERR,ERR,ERR,ERR,ERR,ERR,ERR,ERR,ERR,ERR,ERR,ERR,ERR,ERR,ERR,ERR,ERR,ERR,ERR,ERR,ERR,ERR,ERR,ERR,ERR,ERR,ERR,-107615200.0,-107616144.0,-107615040.0,0.0,4513519391211520.0,0.0,2820.454,2.1083902412403276e+28,0,0,4,17326,7116,0.0,100,0.0,0.0,0.0,0.0,0.0,0,0,0,0,0.0,0,0,0,0,0,0,0,0,0,0,0,0,0,0,0,0,0,0,0,0,0,0,0,0,0,0,0,0,0,0,0,0,0,31,40,40,71,65476,0,300,0,0,8,21553,0.0,-107605600.0,0.0,0.0,0.0,0.0,0.0,0.0,0.0,0.0,0.0,0.0,0.0,0.0,0.0,0.0,0.0,0.0,0.0,0.0,0.0,0.0,2.004,-2.004,0.0,0.0,0.0,0.0,0.0,0.0,5228.0,1.0406662474149996e+34,6927.0,0.0,-107616144.0,2.004,2.004,0.0,0.0,0.0,0.0,69,152018572279808.0,0.0,0.0,0.0,0.0,0.0,0.0,0.0,0.0,0,0,0,0.0,0.0,0.0,0.0,0.0,0.0,0.0,0.0,0.0,0.0,0.0,0.0,0.0,0.0,0.0,0.0,0,-107875648.0,69,0.0,138,0.0,2.012,ERR,ERR,ERR,ERR,ERR,ERR,ERR,ERR,ERR,ERR,ERR,ERR,ERR,ERR,ERR,ERR,ERR,ERR,ERR,ERR,ERR,ERR,ERR,ERR,ERR,ERR,ERR,ERR,ERR,ERR,ERR,ERR,ERR,ERR,ERR,ERR,ERR,ERR,ERR,ERR,ERR,ERR,ERR,ERR,ERR,ERR,ERR,ERR,ERR,ERR,ERR,ERR,ERR,ERR,ERR,ERR,ERR,ERR,ERR,ERR,ERR,ERR,ERR,ERR,ERR,ERR,ERR,60.0,60.0,35,0.0,0.0,0.0,0.0,0.0,0.0,0.0,0.0,0.0,0.0,0.0,0.0,0.0,0.0,0.0,0.0,65.2,0,150,71,58,65476,0,65476,0,1,8,20529,65476,0,0,2621,60.0,0.0,0.0,0.0,0.0,0.0
2026-07-09T15:33:51,ERR,ERR,ERR,ERR,ERR,ERR,ERR,ERR,ERR,ERR,ERR,ERR,ERR,ERR,ERR,ERR,ERR,ERR,ERR,ERR,ERR,ERR,ERR,ERR,ERR,ERR,ERR,ERR,ERR,ERR,ERR,ERR,ERR,ERR,ERR,ERR,ERR,ERR,ERR,ERR,ERR,ERR,ERR,ERR,ERR,ERR,ERR,ERR,ERR,ERR,ERR,ERR,ERR,ERR,ERR,ERR,ERR,ERR,ERR,ERR,ERR,ERR,ERR,ERR,ERR,ERR,ERR,ERR,ERR,ERR,ERR,ERR,ERR,ERR,ERR,ERR,ERR,ERR,ERR,ERR,ERR,ERR,ERR,ERR,ERR,ERR,ERR,ERR,ERR,ERR,ERR,ERR,ERR,ERR,ERR,ERR,ERR,ERR,ERR,ERR,ERR,ERR,ERR,ERR,ERR,ERR,ERR,ERR,ERR,ERR,ERR,ERR,ERR,ERR,ERR,ERR,ERR,ERR,ERR,ERR,ERR,ERR,ERR,ERR,ERR,-107615200.0,-107616144.0,-107615040.0,0.0,4513519391211520.0,0.0,2820.454,2.1083902412403276e+28,0,0,4,17326,7116,0.0,100,0.0,0.0,0.0,0.0,0.0,0,0,0,0,0.0,0,0,0,0,0,0,0,0,0,0,0,0,0,0,0,0,0,0,0,0,0,0,0,0,0,0,0,0,0,0,0,0,0,31,40,40,71,65476,0,300,0,0,8,21553,0.0,-107605600.0,0.0,0.0,0.0,0.0,0.0,0.0,0.0,0.0,0.0,0.0,0.0,0.0,0.0,0.0,0.0,0.0,0.0,0.0,0.0,0.0,2.004,-2.004,0.0,0.0,0.0,0.0,0.0,0.0,5228.0,1.0406662474149996e+34,6927.0,0.0,-107616144.0,2.004,2.004,0.0,0.0,0.0,0.0,69,152018572279808.0,0.0,0.0,0.0,0.0,0.0,0.0,0.0,0.0,0,0,0,0.0,0.0,0.0,0.0,0.0,0.0,0.0,0.0,0.0,0.0,0.0,0.0,0.0,0.0,0.0,0.0,0,-107875648.0,69,0.0,138,0.0,2.012,ERR,ERR,ERR,ERR,ERR,ERR,ERR,ERR,ERR,ERR,ERR,ERR,ERR,ERR,ERR,ERR,ERR,ERR,ERR,ERR,ERR,ERR,ERR,ERR,ERR,ERR,ERR,ERR,ERR,ERR,ERR,ERR,ERR,ERR,ERR,ERR,ERR,ERR,ERR,ERR,ERR,ERR,ERR,ERR,ERR,ERR,ERR,ERR,ERR,ERR,ERR,ERR,ERR,ERR,ERR,ERR,ERR,ERR,ERR,ERR,ERR,ERR,ERR,ERR,ERR,ERR,ERR,60.0,60.0,35,0.0,0.0,0.0,0.0,0.0,0.0,0.0,0.0,0.0,0.0,0.0,0.0,0.0,0.0,0.0,0.0,65.2,0,150,71,58,65476,0,65476,0,1,8,20529,65476,0,0,2621,60.0,0.0,0.0,0.0,0.0,0.0
2026-07-09T15:33:52,ERR,ERR,ERR,ERR,ERR,ERR,ERR,ERR,ERR,ERR,ERR,ERR,ERR,ERR,ERR,ERR,ERR,ERR,ERR,ERR,ERR,ERR,ERR,ERR,ERR,ERR,ERR,ERR,ERR,ERR,ERR,ERR,ERR,ERR,ERR,ERR,ERR,ERR,ERR,ERR,ERR,ERR,ERR,ERR,ERR,ERR,ERR,ERR,ERR,ERR,ERR,ERR,ERR,ERR,ERR,ERR,ERR,ERR,ERR,ERR,ERR,ERR,ERR,ERR,ERR,ERR,ERR,ERR,ERR,ERR,ERR,ERR,ERR,ERR,ERR,ERR,ERR,ERR,ERR,ERR,ERR,ERR,ERR,ERR,ERR,ERR,ERR,ERR,ERR,ERR,ERR,ERR,ERR,ERR,ERR,ERR,ERR,ERR,ERR,ERR,ERR,ERR,ERR,ERR,ERR,ERR,ERR,ERR,ERR,ERR,ERR,ERR,ERR,ERR,ERR,ERR,ERR,ERR,ERR,ERR,ERR,ERR,ERR,ERR,ERR,-107615200.0,-107616144.0,-107615040.0,0.0,4513519391211520.0,0.0,2820.454,2.1083902412403276e+28,0,0,4,17326,7116,0.0,100,0.0,0.0,0.0,0.0,0.0,0,0,0,0,0.0,0,0,0,0,0,0,0,0,0,0,0,0,0,0,0,0,0,0,0,0,0,0,0,0,0,0,0,0,0,0,0,0,0,31,40,40,71,65476,0,300,0,0,8,21553,0.0,-107605600.0,0.0,0.0,0.0,0.0,0.0,0.0,0.0,0.0,0.0,0.0,0.0,0.0,0.0,0.0,0.0,0.0,0.0,0.0,0.0,0.0,2.004,-2.004,0.0,0.0,0.0,0.0,0.0,0.0,5228.0,1.0406662474149996e+34,6927.0,0.0,-107616144.0,2.004,2.004,0.0,0.0,0.0,0.0,69,152018572279808.0,0.0,0.0,0.0,0.0,0.0,0.0,0.0,0.0,0,0,0,0.0,0.0,0.0,0.0,0.0,0.0,0.0,0.0,0.0,0.0,0.0,0.0,0.0,0.0,0.0,0.0,0,-107875648.0,69,0.0,138,0.0,2.012,ERR,ERR,ERR,ERR,ERR,ERR,ERR,ERR,ERR,ERR,ERR,ERR,ERR,ERR,ERR,ERR,ERR,ERR,ERR,ERR,ERR,ERR,ERR,ERR,ERR,ERR,ERR,ERR,ERR,ERR,ERR,ERR,ERR,ERR,ERR,ERR,ERR,ERR,ERR,ERR,ERR,ERR,ERR,ERR,ERR,ERR,ERR,ERR,ERR,ERR,ERR,ERR,ERR,ERR,ERR,ERR,ERR,ERR,ERR,ERR,ERR,ERR,ERR,ERR,ERR,ERR,ERR,60.0,60.0,35,0.0,0.0,0.0,0.0,0.0,0.0,0.0,0.0,0.0,0.0,0.0,0.0,0.0,0.0,0.0,0.0,65.2,0,150,71,58,65476,0,65476,0,1,8,20529,65476,0,0,2621,60.0,0.0,0.0,0.0,0.0,0.0
2026-07-09T15:33:53,ERR,ERR,ERR,ERR,ERR,ERR,ERR,ERR,ERR,ERR,ERR,ERR,ERR,ERR,ERR,ERR,ERR,ERR,ERR,ERR,ERR,ERR,ERR,ERR,ERR,ERR,ERR,ERR,ERR,ERR,ERR,ERR,ERR,ERR,ERR,ERR,ERR,ERR,ERR,ERR,ERR,ERR,ERR,ERR,ERR,ERR,ERR,ERR,ERR,ERR,ERR,ERR,ERR,ERR,ERR,ERR,ERR,ERR,ERR,ERR,ERR,ERR,ERR,ERR,ERR,ERR,ERR,ERR,ERR,ERR,ERR,ERR,ERR,ERR,ERR,ERR,ERR,ERR,ERR,ERR,ERR,ERR,ERR,ERR,ERR,ERR,ERR,ERR,ERR,ERR,ERR,ERR,ERR,ERR,ERR,ERR,ERR,ERR,ERR,ERR,ERR,ERR,ERR,ERR,ERR,ERR,ERR,ERR,ERR,ERR,ERR,ERR,ERR,ERR,ERR,ERR,ERR,ERR,ERR,ERR,ERR,ERR,ERR,ERR,ERR,-107615200.0,-107616144.0,-107615040.0,0.0,4513519391211520.0,0.0,2820.454,2.1083902412403276e+28,0,0,4,17326,7116,0.0,100,0.0,0.0,0.0,0.0,0.0,0,0,0,0,0.0,0,0,0,0,0,0,0,0,0,0,0,0,0,0,0,0,0,0,0,0,0,0,0,0,0,0,0,0,0,0,0,0,0,31,40,40,71,65476,0,300,0,0,8,21553,0.0,-107605600.0,0.0,0.0,0.0,0.0,0.0,0.0,0.0,0.0,0.0,0.0,0.0,0.0,0.0,0.0,0.0,0.0,0.0,0.0,0.0,0.0,2.004,-2.004,0.0,0.0,0.0,0.0,0.0,0.0,5228.0,1.0406662474149996e+34,6927.0,0.0,-107616144.0,2.004,2.004,0.0,0.0,0.0,0.0,69,152018572279808.0,0.0,0.0,0.0,0.0,0.0,0.0,0.0,0.0,0,0,0,0.0,0.0,0.0,0.0,0.0,0.0,0.0,0.0,0.0,0.0,0.0,0.0,0.0,0.0,0.0,0.0,0,-107875648.0,69,0.0,138,0.0,2.012,ERR,ERR,ERR,ERR,ERR,ERR,ERR,ERR,ERR,ERR,ERR,ERR,ERR,ERR,ERR,ERR,ERR,ERR,ERR,ERR,ERR,ERR,ERR,ERR,ERR,ERR,ERR,ERR,ERR,ERR,ERR,ERR,ERR,ERR,ERR,ERR,ERR,ERR,ERR,ERR,ERR,ERR,ERR,ERR,ERR,ERR,ERR,ERR,ERR,ERR,ERR,ERR,ERR,ERR,ERR,ERR,ERR,ERR,ERR,ERR,ERR,ERR,ERR,ERR,ERR,ERR,ERR,60.0,60.0,35,0.0,0.0,0.0,0.0,0.0,0.0,0.0,0.0,0.0,0.0,0.0,0.0,0.0,0.0,0.0,0.0,65.2,0,150,71,58,65476,0,65476,0,1,8,20529,65476,0,0,2621,60.0,0.0,0.0,0.0,0.0,0.0
2026-07-09T15:33:54,ERR,ERR,ERR,ERR,ERR,ERR,ERR,ERR,ERR,ERR,ERR,ERR,ERR,ERR,ERR,ERR,ERR,ERR,ERR,ERR,ERR,ERR,ERR,ERR,ERR,ERR,ERR,ERR,ERR,ERR,ERR,ERR,ERR,ERR,ERR,ERR,ERR,ERR,ERR,ERR,ERR,ERR,ERR,ERR,ERR,ERR,ERR,ERR,ERR,ERR,ERR,ERR,ERR,ERR,ERR,ERR,ERR,ERR,ERR,ERR,ERR,ERR,ERR,ERR,ERR,ERR,ERR,ERR,ERR,ERR,ERR,ERR,ERR,ERR,ERR,ERR,ERR,ERR,ERR,ERR,ERR,ERR,ERR,ERR,ERR,ERR,ERR,ERR,ERR,ERR,ERR,ERR,ERR,ERR,ERR,ERR,ERR,ERR,ERR,ERR,ERR,ERR,ERR,ERR,ERR,ERR,ERR,ERR,ERR,ERR,ERR,ERR,ERR,ERR,ERR,ERR,ERR,ERR,ERR,ERR,ERR,ERR,ERR,ERR,ERR,0.0,-107616144.0,2.730229091603832e+23,0.0,0.0,-0.0,-0.0,-0.0,0,0,4,17332,7116,0.0,100,0.0,0.0,0.0,0.0,0.0,0,0,0,0,0.0,0,0,0,0,0,0,0,0,0,0,0,0,0,0,0,0,0,0,0,0,0,0,0,0,0,0,0,0,0,0,0,0,0,31,40,40,71,65476,0,300,0,0,8,21553,0.0,-107605600.0,0.0,0.0,0.0,0.0,0.0,0.0,0.0,0.0,0.0,0.0,0.0,0.0,0.0,0.0,0.0,0.0,0.0,0.0,0.0,0.0,2.004,-2.004,0.0,0.0,0.0,0.0,0.0,0.0,5230.0,131350.547,6921.0,0.0,-107616144.0,2.004,2.004,0.0,0.0,0.0,0.0,69,4.066882747792088e+29,-3.2220057187228195e+26,0.0,0.0,0.0,0.0,0.0,0.0,0.0,0,0,0,0.0,0.0,0.0,0.0,0.0,0.0,0.0,0.0,0.0,0.0,0.0,0.0,0.0,0.0,0.0,0.0,0,-107875648.0,69,0.0,138,0.0,2.012,ERR,ERR,ERR,ERR,ERR,ERR,ERR,ERR,ERR,ERR,ERR,ERR,ERR,ERR,ERR,ERR,ERR,ERR,ERR,ERR,ERR,ERR,ERR,ERR,ERR,ERR,ERR,ERR,ERR,ERR,ERR,ERR,ERR,ERR,ERR,ERR,ERR,ERR,ERR,ERR,ERR,ERR,ERR,ERR,ERR,ERR,ERR,ERR,ERR,ERR,ERR,ERR,ERR,ERR,ERR,ERR,ERR,ERR,ERR,ERR,ERR,ERR,ERR,ERR,ERR,ERR,ERR,60.0,60.0,35,0.0,0.0,0.0,0.0,0.0,0.0,0.0,0.0,0.0,0.0,0.0,0.0,0.0,0.0,0.0,0.0,64.8,0,150,71,58,65476,0,65476,0,1,8,20529,65476,0,0,2621,60.0,0.0,0.0,0.0,0.0,0.0
2026-07-09T15:33:55,ERR,ERR,ERR,ERR,ERR,ERR,ERR,ERR,ERR,ERR,ERR,ERR,ERR,ERR,ERR,ERR,ERR,ERR,ERR,ERR,ERR,ERR,ERR,ERR,ERR,ERR,ERR,ERR,ERR,ERR,ERR,ERR,ERR,ERR,ERR,ERR,ERR,ERR,ERR,ERR,ERR,ERR,ERR,ERR,ERR,ERR,ERR,ERR,ERR,ERR,ERR,ERR,ERR,ERR,ERR,ERR,ERR,ERR,ERR,ERR,ERR,ERR,ERR,ERR,ERR,ERR,ERR,ERR,ERR,ERR,ERR,ERR,ERR,ERR,ERR,ERR,ERR,ERR,ERR,ERR,ERR,ERR,ERR,ERR,ERR,ERR,ERR,ERR,ERR,ERR,ERR,ERR,ERR,ERR,ERR,ERR,ERR,ERR,ERR,ERR,ERR,ERR,ERR,ERR,ERR,ERR,ERR,ERR,ERR,ERR,ERR,ERR,ERR,ERR,ERR,ERR,ERR,ERR,ERR,ERR,ERR,ERR,ERR,ERR,ERR,0.0,-107616144.0,2.730229091603832e+23,0.0,0.0,-0.0,-0.0,-0.0,0,0,4,17332,7116,0.0,100,0.0,0.0,0.0,0.0,0.0,0,0,0,0,0.0,0,0,0,0,0,0,0,0,0,0,0,0,0,0,0,0,0,0,0,0,0,0,0,0,0,0,0,0,0,0,0,0,0,31,40,40,71,65476,0,300,0,0,8,21553,0.0,-107605600.0,0.0,0.0,0.0,0.0,0.0,0.0,0.0,0.0,0.0,0.0,0.0,0.0,0.0,0.0,0.0,0.0,0.0,0.0,0.0,0.0,2.004,-2.004,0.0,0.0,0.0,0.0,0.0,0.0,5230.0,131350.547,6921.0,0.0,-107616144.0,2.004,2.004,0.0,0.0,0.0,0.0,69,4.066882747792088e+29,-3.2220057187228195e+26,0.0,0.0,0.0,0.0,0.0,0.0,0.0,0,0,0,0.0,0.0,0.0,0.0,0.0,0.0,0.0,0.0,0.0,0.0,0.0,0.0,0.0,0.0,0.0,0.0,0,-107875648.0,69,0.0,138,0.0,2.012,ERR,ERR,ERR,ERR,ERR,ERR,ERR,ERR,ERR,ERR,ERR,ERR,ERR,ERR,ERR,ERR,ERR,ERR,ERR,ERR,ERR,ERR,ERR,ERR,ERR,ERR,ERR,ERR,ERR,ERR,ERR,ERR,ERR,ERR,ERR,ERR,ERR,ERR,ERR,ERR,ERR,ERR,ERR,ERR,ERR,ERR,ERR,ERR,ERR,ERR,ERR,ERR,ERR,ERR,ERR,ERR,ERR,ERR,ERR,ERR,ERR,ERR,ERR,ERR,ERR,ERR,ERR,60.0,60.0,35,0.0,0.0,0.0,0.0,0.0,0.0,0.0,0.0,0.0,0.0,0.0,0.0,0.0,0.0,0.0,0.0,64.8,0,150,71,58,65476,0,65476,0,1,8,20529,65476,0,0,2621,60.0,0.0,0.0,0.0,0.0,0.0
2026-07-09T15:33:56,ERR,ERR,ERR,ERR,ERR,ERR,ERR,ERR,ERR,ERR,ERR,ERR,ERR,ERR,ERR,ERR,ERR,ERR,ERR,ERR,ERR,ERR,ERR,ERR,ERR,ERR,ERR,ERR,ERR,ERR,ERR,ERR,ERR,ERR,ERR,ERR,ERR,ERR,ERR,ERR,ERR,ERR,ERR,ERR,ERR,ERR,ERR,ERR,ERR,ERR,ERR,ERR,ERR,ERR,ERR,ERR,ERR,ERR,ERR,ERR,ERR,ERR,ERR,ERR,ERR,ERR,ERR,ERR,ERR,ERR,ERR,ERR,ERR,ERR,ERR,ERR,ERR,ERR,ERR,ERR,ERR,ERR,ERR,ERR,ERR,ERR,ERR,ERR,ERR,ERR,ERR,ERR,ERR,ERR,ERR,ERR,ERR,ERR,ERR,ERR,ERR,ERR,ERR,ERR,ERR,ERR,ERR,ERR,ERR,ERR,ERR,ERR,ERR,ERR,ERR,ERR,ERR,ERR,ERR,ERR,ERR,ERR,ERR,ERR,ERR,0.0,-107616144.0,2.730229091603832e+23,0.0,0.0,-0.0,-0.0,-0.0,0,0,4,17332,7116,0.0,100,0.0,0.0,0.0,0.0,0.0,0,0,0,0,0.0,0,0,0,0,0,0,0,0,0,0,0,0,0,0,0,0,0,0,0,0,0,0,0,0,0,0,0,0,0,0,0,0,0,31,40,40,71,65476,0,300,0,0,8,21553,0.0,-107605600.0,0.0,0.0,0.0,0.0,0.0,0.0,0.0,0.0,0.0,0.0,0.0,0.0,0.0,0.0,0.0,0.0,0.0,0.0,0.0,0.0,2.004,-2.004,0.0,0.0,0.0,0.0,0.0,0.0,5230.0,131350.547,6921.0,0.0,-107616144.0,2.004,2.004,0.0,0.0,0.0,0.0,69,4.066882747792088e+29,-3.2220057187228195e+26,0.0,0.0,0.0,0.0,0.0,0.0,0.0,0,0,0,0.0,0.0,0.0,0.0,0.0,0.0,0.0,0.0,0.0,0.0,0.0,0.0,0.0,0.0,0.0,0.0,0,-107875648.0,69,0.0,138,0.0,2.012,ERR,ERR,ERR,ERR,ERR,ERR,ERR,ERR,ERR,ERR,ERR,ERR,ERR,ERR,ERR,ERR,ERR,ERR,ERR,ERR,ERR,ERR,ERR,ERR,ERR,ERR,ERR,ERR,ERR,ERR,ERR,ERR,ERR,ERR,ERR,ERR,ERR,ERR,ERR,ERR,ERR,ERR,ERR,ERR,ERR,ERR,ERR,ERR,ERR,ERR,ERR,ERR,ERR,ERR,ERR,ERR,ERR,ERR,ERR,ERR,ERR,ERR,ERR,ERR,ERR,ERR,ERR,60.0,60.0,35,0.0,0.0,0.0,0.0,0.0,0.0,0.0,0.0,0.0,0.0,0.0,0.0,0.0,0.0,0.0,0.0,64.8,0,150,71,58,65476,0,65476,0,1,8,20529,65476,0,0,2621,60.0,0.0,0.0,0.0,0.0,0.0
2026-07-09T15:33:57,ERR,ERR,ERR,ERR,ERR,ERR,ERR,ERR,ERR,ERR,ERR,ERR,ERR,ERR,ERR,ERR,ERR,ERR,ERR,ERR,ERR,ERR,ERR,ERR,ERR,ERR,ERR,ERR,ERR,ERR,ERR,ERR,ERR,ERR,ERR,ERR,ERR,ERR,ERR,ERR,ERR,ERR,ERR,ERR,ERR,ERR,ERR,ERR,ERR,ERR,ERR,ERR,ERR,ERR,ERR,ERR,ERR,ERR,ERR,ERR,ERR,ERR,ERR,ERR,ERR,ERR,ERR,ERR,ERR,ERR,ERR,ERR,ERR,ERR,ERR,ERR,ERR,ERR,ERR,ERR,ERR,ERR,ERR,ERR,ERR,ERR,ERR,ERR,ERR,ERR,ERR,ERR,ERR,ERR,ERR,ERR,ERR,ERR,ERR,ERR,ERR,ERR,ERR,ERR,ERR,ERR,ERR,ERR,ERR,ERR,ERR,ERR,ERR,ERR,ERR,ERR,ERR,ERR,ERR,ERR,ERR,ERR,ERR,ERR,ERR,0.0,-107616144.0,2.730229091603832e+23,0.0,0.0,-0.0,-0.0,-0.0,0,0,4,17332,7116,0.0,100,0.0,0.0,0.0,0.0,0.0,0,0,0,0,0.0,0,0,0,0,0,0,0,0,0,0,0,0,0,0,0,0,0,0,0,0,0,0,0,0,0,0,0,0,0,0,0,0,0,31,40,40,71,65476,0,300,0,0,8,21553,0.0,-107605600.0,0.0,0.0,0.0,0.0,0.0,0.0,0.0,0.0,0.0,0.0,0.0,0.0,0.0,0.0,0.0,0.0,0.0,0.0,0.0,0.0,2.004,-2.004,0.0,0.0,0.0,0.0,0.0,0.0,5230.0,131350.547,6921.0,0.0,-107616144.0,2.004,2.004,0.0,0.0,0.0,0.0,69,4.066882747792088e+29,-3.2220057187228195e+26,0.0,0.0,0.0,0.0,0.0,0.0,0.0,0,0,0,0.0,0.0,0.0,0.0,0.0,0.0,0.0,0.0,0.0,0.0,0.0,0.0,0.0,0.0,0.0,0.0,0,-107875648.0,69,0.0,138,0.0,2.012,ERR,ERR,ERR,ERR,ERR,ERR,ERR,ERR,ERR,ERR,ERR,ERR,ERR,ERR,ERR,ERR,ERR,ERR,ERR,ERR,ERR,ERR,ERR,ERR,ERR,ERR,ERR,ERR,ERR,ERR,ERR,ERR,ERR,ERR,ERR,ERR,ERR,ERR,ERR,ERR,ERR,ERR,ERR,ERR,ERR,ERR,ERR,ERR,ERR,ERR,ERR,ERR,ERR,ERR,ERR,ERR,ERR,ERR,ERR,ERR,ERR,ERR,ERR,ERR,ERR,ERR,ERR,60.0,60.0,35,0.0,0.0,0.0,0.0,0.0,0.0,0.0,0.0,0.0,0.0,0.0,0.0,0.0,0.0,0.0,0.0,64.8,0,150,71,58,65476,0,65476,0,1,8,20529,65476,0,0,2621,60.0,0.0,0.0,0.0,0.0,0.0
2026-07-09T15:33:58,ERR,ERR,ERR,ERR,ERR,ERR,ERR,ERR,ERR,ERR,ERR,ERR,ERR,ERR,ERR,ERR,ERR,ERR,ERR,ERR,ERR,ERR,ERR,ERR,ERR,ERR,ERR,ERR,ERR,ERR,ERR,ERR,ERR,ERR,ERR,ERR,ERR,ERR,ERR,ERR,ERR,ERR,ERR,ERR,ERR,ERR,ERR,ERR,ERR,ERR,ERR,ERR,ERR,ERR,ERR,ERR,ERR,ERR,ERR,ERR,ERR,ERR,ERR,ERR,ERR,ERR,ERR,ERR,ERR,ERR,ERR,ERR,ERR,ERR,ERR,ERR,ERR,ERR,ERR,ERR,ERR,ERR,ERR,ERR,ERR,ERR,ERR,ERR,ERR,ERR,ERR,ERR,ERR,ERR,ERR,ERR,ERR,ERR,ERR,ERR,ERR,ERR,ERR,ERR,ERR,ERR,ERR,ERR,ERR,ERR,ERR,ERR,ERR,ERR,ERR,ERR,ERR,ERR,ERR,ERR,ERR,ERR,ERR,ERR,ERR,0.0,-107616144.0,2.730229091603832e+23,0.0,0.0,-0.0,-0.0,-0.0,0,0,4,17332,7116,0.0,100,0.0,0.0,0.0,0.0,0.0,0,0,0,0,0.0,0,0,0,0,0,0,0,0,0,0,0,0,0,0,0,0,0,0,0,0,0,0,0,0,0,0,0,0,0,0,0,0,0,31,40,40,71,65476,0,300,0,0,8,21553,0.0,-107605600.0,0.0,0.0,0.0,0.0,0.0,0.0,0.0,0.0,0.0,0.0,0.0,0.0,0.0,0.0,0.0,0.0,0.0,0.0,0.0,0.0,2.004,-2.004,0.0,0.0,0.0,0.0,0.0,0.0,5230.0,131350.547,6921.0,0.0,-107616144.0,2.004,2.004,0.0,0.0,0.0,0.0,69,4.066882747792088e+29,-3.2220057187228195e+26,0.0,0.0,0.0,0.0,0.0,0.0,0.0,0,0,0,0.0,0.0,0.0,0.0,0.0,0.0,0.0,0.0,0.0,0.0,0.0,0.0,0.0,0.0,0.0,0.0,0,-107875648.0,69,0.0,138,0.0,2.012,ERR,ERR,ERR,ERR,ERR,ERR,ERR,ERR,ERR,ERR,ERR,ERR,ERR,ERR,ERR,ERR,ERR,ERR,ERR,ERR,ERR,ERR,ERR,ERR,ERR,ERR,ERR,ERR,ERR,ERR,ERR,ERR,ERR,ERR,ERR,ERR,ERR,ERR,ERR,ERR,ERR,ERR,ERR,ERR,ERR,ERR,ERR,ERR,ERR,ERR,ERR,ERR,ERR,ERR,ERR,ERR,ERR,ERR,ERR,ERR,ERR,ERR,ERR,ERR,ERR,ERR,ERR,60.0,60.0,35,0.0,0.0,0.0,0.0,0.0,0.0,0.0,0.0,0.0,0.0,0.0,0.0,0.0,0.0,0.0,0.0,64.8,0,150,71,58,65476,0,65476,0,1,8,20529,65476,0,0,2621,60.0,0.0,0.0,0.0,0.0,0.0
2026-07-09T15:33:59,ERR,ERR,ERR,ERR,ERR,ERR,ERR,ERR,ERR,ERR,ERR,ERR,ERR,ERR,ERR,ERR,ERR,ERR,ERR,ERR,ERR,ERR,ERR,ERR,ERR,ERR,ERR,ERR,ERR,ERR,ERR,ERR,ERR,ERR,ERR,ERR,ERR,ERR,ERR,ERR,ERR,ERR,ERR,ERR,ERR,ERR,ERR,ERR,ERR,ERR,ERR,ERR,ERR,ERR,ERR,ERR,ERR,ERR,ERR,ERR,ERR,ERR,ERR,ERR,ERR,ERR,ERR,ERR,ERR,ERR,ERR,ERR,ERR,ERR,ERR,ERR,ERR,ERR,ERR,ERR,ERR,ERR,ERR,ERR,ERR,ERR,ERR,ERR,ERR,ERR,ERR,ERR,ERR,ERR,ERR,ERR,ERR,ERR,ERR,ERR,ERR,ERR,ERR,ERR,ERR,ERR,ERR,ERR,ERR,ERR,ERR,ERR,ERR,ERR,ERR,ERR,ERR,ERR,ERR,ERR,ERR,ERR,ERR,ERR,ERR,0.0,-107616144.0,2.730229091603832e+23,0.0,0.0,3.037608067709545e+36,1.0253555153343343e+38,-24224.193,0,0,4,17329,7116,0.0,100,0.0,0.0,0.0,0.0,0.0,0,0,0,0,0.0,0,0,0,0,0,0,0,0,0,0,0,0,0,0,0,0,0,0,0,0,0,0,0,0,0,0,0,0,0,0,0,0,0,31,40,40,71,65476,0,300,0,0,8,21553,0.0,-107605600.0,0.0,0.0,0.0,0.0,0.0,0.0,0.0,0.0,0.0,0.0,0.0,0.0,0.0,0.0,0.0,0.0,0.0,0.0,0.0,0.0,2.004,-2.004,0.0,0.0,0.0,0.0,0.0,0.0,5239.0,0.0,6918.0,0.0,-107616144.0,2.004,2.004,0.0,0.0,0.0,0.0,69,-0.0,-0.0,0.0,0.0,0.0,0.0,0.0,0.0,0.0,0,0,0,0.0,0.0,0.0,0.0,0.0,0.0,0.0,0.0,0.0,0.0,0.0,0.0,0.0,0.0,0.0,0.0,0,-107875648.0,69,0.0,138,0.0,2.012,ERR,ERR,ERR,ERR,ERR,ERR,ERR,ERR,ERR,ERR,ERR,ERR,ERR,ERR,ERR,ERR,ERR,ERR,ERR,ERR,ERR,ERR,ERR,ERR,ERR,ERR,ERR,ERR,ERR,ERR,ERR,ERR,ERR,ERR,ERR,ERR,ERR,ERR,ERR,ERR,ERR,ERR,ERR,ERR,ERR,ERR,ERR,ERR,ERR,ERR,ERR,ERR,ERR,ERR,ERR,ERR,ERR,ERR,ERR,ERR,ERR,ERR,ERR,ERR,ERR,ERR,ERR,60.0,60.0,35,0.0,0.0,0.0,0.0,0.0,0.0,0.0,0.0,0.0,0.0,0.0,0.0,0.0,0.0,0.0,0.0,64.8,0,150,71,58,65476,0,65476,0,1,8,20529,65476,0,0,2621,60.0,0.0,0.0,0.0,0.0,0.0
2026-07-09T15:34:00,ERR,ERR,ERR,ERR,ERR,ERR,ERR,ERR,ERR,ERR,ERR,ERR,ERR,ERR,ERR,ERR,ERR,ERR,ERR,ERR,ERR,ERR,ERR,ERR,ERR,ERR,ERR,ERR,ERR,ERR,ERR,ERR,ERR,ERR,ERR,ERR,ERR,ERR,ERR,ERR,ERR,ERR,ERR,ERR,ERR,ERR,ERR,ERR,ERR,ERR,ERR,ERR,ERR,ERR,ERR,ERR,ERR,ERR,ERR,ERR,ERR,ERR,ERR,ERR,ERR,ERR,ERR,ERR,ERR,ERR,ERR,ERR,ERR,ERR,ERR,ERR,ERR,ERR,ERR,ERR,ERR,ERR,ERR,ERR,ERR,ERR,ERR,ERR,ERR,ERR,ERR,ERR,ERR,ERR,ERR,ERR,ERR,ERR,ERR,ERR,ERR,ERR,ERR,ERR,ERR,ERR,ERR,ERR,ERR,ERR,ERR,ERR,ERR,ERR,ERR,ERR,ERR,ERR,ERR,ERR,ERR,ERR,ERR,ERR,ERR,0.0,-107616144.0,2.730229091603832e+23,0.0,0.0,3.037608067709545e+36,1.0253555153343343e+38,-24224.193,0,0,4,17329,7116,0.0,100,0.0,0.0,0.0,0.0,0.0,0,0,0,0,0.0,0,0,0,0,0,0,0,0,0,0,0,0,0,0,0,0,0,0,0,0,0,0,0,0,0,0,0,0,0,0,0,0,0,31,40,40,71,65476,0,300,0,0,8,21553,0.0,-107605600.0,0.0,0.0,0.0,0.0,0.0,0.0,0.0,0.0,0.0,0.0,0.0,0.0,0.0,0.0,0.0,0.0,0.0,0.0,0.0,0.0,2.004,-2.004,0.0,0.0,0.0,0.0,0.0,0.0,5239.0,0.0,6918.0,0.0,-107616144.0,2.004,2.004,0.0,0.0,0.0,0.0,69,-0.0,-0.0,0.0,0.0,0.0,0.0,0.0,0.0,0.0,0,0,0,0.0,0.0,0.0,0.0,0.0,0.0,0.0,0.0,0.0,0.0,0.0,0.0,0.0,0.0,0.0,0.0,0,-107875648.0,69,0.0,138,0.0,2.012,ERR,ERR,ERR,ERR,ERR,ERR,ERR,ERR,ERR,ERR,ERR,ERR,ERR,ERR,ERR,ERR,ERR,ERR,ERR,ERR,ERR,ERR,ERR,ERR,ERR,ERR,ERR,ERR,ERR,ERR,ERR,ERR,ERR,ERR,ERR,ERR,ERR,ERR,ERR,ERR,ERR,ERR,ERR,ERR,ERR,ERR,ERR,ERR,ERR,ERR,ERR,ERR,ERR,ERR,ERR,ERR,ERR,ERR,ERR,ERR,ERR,ERR,ERR,ERR,ERR,ERR,ERR,60.0,60.0,35,0.0,0.0,0.0,0.0,0.0,0.0,0.0,0.0,0.0,0.0,0.0,0.0,0.0,0.0,0.0,0.0,64.8,0,150,71,58,65476,0,65476,0,1,8,20529,65476,0,0,2621,60.0,0.0,0.0,0.0,0.0,0.0
2026-07-09T15:34:01,ERR,ERR,ERR,ERR,ERR,ERR,ERR,ERR,ERR,ERR,ERR,ERR,ERR,ERR,ERR,ERR,ERR,ERR,ERR,ERR,ERR,ERR,ERR,ERR,ERR,ERR,ERR,ERR,ERR,ERR,ERR,ERR,ERR,ERR,ERR,ERR,ERR,ERR,ERR,ERR,ERR,ERR,ERR,ERR,ERR,ERR,ERR,ERR,ERR,ERR,ERR,ERR,ERR,ERR,ERR,ERR,ERR,ERR,ERR,ERR,ERR,ERR,ERR,ERR,ERR,ERR,ERR,ERR,ERR,ERR,ERR,ERR,ERR,ERR,ERR,ERR,ERR,ERR,ERR,ERR,ERR,ERR,ERR,ERR,ERR,ERR,ERR,ERR,ERR,ERR,ERR,ERR,ERR,ERR,ERR,ERR,ERR,ERR,ERR,ERR,ERR,ERR,ERR,ERR,ERR,ERR,ERR,ERR,ERR,ERR,ERR,ERR,ERR,ERR,ERR,ERR,ERR,ERR,ERR,ERR,ERR,ERR,ERR,ERR,ERR,0.0,-107616144.0,2.730229091603832e+23,0.0,0.0,3.037608067709545e+36,1.0253555153343343e+38,-24224.193,0,0,4,17329,7116,0.0,100,0.0,0.0,0.0,0.0,0.0,0,0,0,0,0.0,0,0,0,0,0,0,0,0,0,0,0,0,0,0,0,0,0,0,0,0,0,0,0,0,0,0,0,0,0,0,0,0,0,31,40,40,71,65476,0,300,0,0,8,21553,0.0,-107605600.0,0.0,0.0,0.0,0.0,0.0,0.0,0.0,0.0,0.0,0.0,0.0,0.0,0.0,0.0,0.0,0.0,0.0,0.0,0.0,0.0,2.004,-2.004,0.0,0.0,0.0,0.0,0.0,0.0,5239.0,0.0,6918.0,0.0,-107616144.0,2.004,2.004,0.0,0.0,0.0,0.0,69,-0.0,-0.0,0.0,0.0,0.0,0.0,0.0,0.0,0.0,0,0,0,0.0,0.0,0.0,0.0,0.0,0.0,0.0,0.0,0.0,0.0,0.0,0.0,0.0,0.0,0.0,0.0,0,-107875648.0,69,0.0,138,0.0,2.012,ERR,ERR,ERR,ERR,ERR,ERR,ERR,ERR,ERR,ERR,ERR,ERR,ERR,ERR,ERR,ERR,ERR,ERR,ERR,ERR,ERR,ERR,ERR,ERR,ERR,ERR,ERR,ERR,ERR,ERR,ERR,ERR,ERR,ERR,ERR,ERR,ERR,ERR,ERR,ERR,ERR,ERR,ERR,ERR,ERR,ERR,ERR,ERR,ERR,ERR,ERR,ERR,ERR,ERR,ERR,ERR,ERR,ERR,ERR,ERR,ERR,ERR,ERR,ERR,ERR,ERR,ERR,60.0,60.0,35,0.0,0.0,0.0,0.0,0.0,0.0,0.0,0.0,0.0,0.0,0.0,0.0,0.0,0.0,0.0,0.0,64.8,0,150,71,58,65476,0,65476,0,1,8,20529,65476,0,0,2621,60.0,0.0,0.0,0.0,0.0,0.0
2026-07-09T15:34:02,ERR,ERR,ERR,ERR,ERR,ERR,ERR,ERR,ERR,ERR,ERR,ERR,ERR,ERR,ERR,ERR,ERR,ERR,ERR,ERR,ERR,ERR,ERR,ERR,ERR,ERR,ERR,ERR,ERR,ERR,ERR,ERR,ERR,ERR,ERR,ERR,ERR,ERR,ERR,ERR,ERR,ERR,ERR,ERR,ERR,ERR,ERR,ERR,ERR,ERR,ERR,ERR,ERR,ERR,ERR,ERR,ERR,ERR,ERR,ERR,ERR,ERR,ERR,ERR,ERR,ERR,ERR,ERR,ERR,ERR,ERR,ERR,ERR,ERR,ERR,ERR,ERR,ERR,ERR,ERR,ERR,ERR,ERR,ERR,ERR,ERR,ERR,ERR,ERR,ERR,ERR,ERR,ERR,ERR,ERR,ERR,ERR,ERR,ERR,ERR,ERR,ERR,ERR,ERR,ERR,ERR,ERR,ERR,ERR,ERR,ERR,ERR,ERR,ERR,ERR,ERR,ERR,ERR,ERR,ERR,ERR,ERR,ERR,ERR,ERR,0.0,-107616144.0,2.730229091603832e+23,0.0,0.0,3.037608067709545e+36,1.0253555153343343e+38,-24224.193,0,0,4,17329,7116,0.0,100,0.0,0.0,0.0,0.0,0.0,0,0,0,0,0.0,0,0,0,0,0,0,0,0,0,0,0,0,0,0,0,0,0,0,0,0,0,0,0,0,0,0,0,0,0,0,0,0,0,31,40,40,71,65476,0,300,0,0,8,21553,0.0,-107605600.0,0.0,0.0,0.0,0.0,0.0,0.0,0.0,0.0,0.0,0.0,0.0,0.0,0.0,0.0,0.0,0.0,0.0,0.0,0.0,0.0,2.004,-2.004,0.0,0.0,0.0,0.0,0.0,0.0,5239.0,0.0,6918.0,0.0,-107616144.0,2.004,2.004,0.0,0.0,0.0,0.0,69,-0.0,-0.0,0.0,0.0,0.0,0.0,0.0,0.0,0.0,0,0,0,0.0,0.0,0.0,0.0,0.0,0.0,0.0,0.0,0.0,0.0,0.0,0.0,0.0,0.0,0.0,0.0,0,-107875648.0,69,0.0,138,0.0,2.012,ERR,ERR,ERR,ERR,ERR,ERR,ERR,ERR,ERR,ERR,ERR,ERR,ERR,ERR,ERR,ERR,ERR,ERR,ERR,ERR,ERR,ERR,ERR,ERR,ERR,ERR,ERR,ERR,ERR,ERR,ERR,ERR,ERR,ERR,ERR,ERR,ERR,ERR,ERR,ERR,ERR,ERR,ERR,ERR,ERR,ERR,ERR,ERR,ERR,ERR,ERR,ERR,ERR,ERR,ERR,ERR,ERR,ERR,ERR,ERR,ERR,ERR,ERR,ERR,ERR,ERR,ERR,60.0,60.0,35,0.0,0.0,0.0,0.0,0.0,0.0,0.0,0.0,0.0,0.0,0.0,0.0,0.0,0.0,0.0,0.0,64.8,0,150,71,59,65476,0,65476,0,1,8,20529,65476,0,0,2621,60.0,0.0,0.0,0.0,0.0,0.0
2026-07-09T15:34:03,ERR,ERR,ERR,ERR,ERR,ERR,ERR,ERR,ERR,ERR,ERR,ERR,ERR,ERR,ERR,ERR,ERR,ERR,ERR,ERR,ERR,ERR,ERR,ERR,ERR,ERR,ERR,ERR,ERR,ERR,ERR,ERR,ERR,ERR,ERR,ERR,ERR,ERR,ERR,ERR,ERR,ERR,ERR,ERR,ERR,ERR,ERR,ERR,ERR,ERR,ERR,ERR,ERR,ERR,ERR,ERR,ERR,ERR,ERR,ERR,ERR,ERR,ERR,ERR,ERR,ERR,ERR,ERR,ERR,ERR,ERR,ERR,ERR,ERR,ERR,ERR,ERR,ERR,ERR,ERR,ERR,ERR,ERR,ERR,ERR,ERR,ERR,ERR,ERR,ERR,ERR,ERR,ERR,ERR,ERR,ERR,ERR,ERR,ERR,ERR,ERR,ERR,ERR,ERR,ERR,ERR,ERR,ERR,ERR,ERR,ERR,ERR,ERR,ERR,ERR,ERR,ERR,ERR,ERR,ERR,ERR,ERR,ERR,ERR,ERR,0.0,-107616144.0,2.730229091603832e+23,0.0,0.0,3.037608067709545e+36,1.0253555153343343e+38,-24224.193,0,0,4,17329,7116,0.0,100,0.0,0.0,0.0,0.0,0.0,0,0,0,0,0.0,0,0,0,0,0,0,0,0,0,0,0,0,0,0,0,0,0,0,0,0,0,0,0,0,0,0,0,0,0,0,0,0,0,31,40,40,71,65476,0,300,0,0,8,21553,0.0,-107605600.0,0.0,0.0,0.0,0.0,0.0,0.0,0.0,0.0,0.0,0.0,0.0,0.0,0.0,0.0,0.0,0.0,0.0,0.0,0.0,0.0,2.004,-2.004,0.0,0.0,0.0,0.0,0.0,0.0,5239.0,0.0,6918.0,0.0,-107616144.0,2.004,2.004,0.0,0.0,0.0,0.0,69,-0.0,-0.0,0.0,0.0,0.0,0.0,0.0,0.0,0.0,0,0,0,0.0,0.0,0.0,0.0,0.0,0.0,0.0,0.0,0.0,0.0,0.0,0.0,0.0,0.0,0.0,0.0,0,-107875648.0,69,0.0,138,0.0,2.012,ERR,ERR,ERR,ERR,ERR,ERR,ERR,ERR,ERR,ERR,ERR,ERR,ERR,ERR,ERR,ERR,ERR,ERR,ERR,ERR,ERR,ERR,ERR,ERR,ERR,ERR,ERR,ERR,ERR,ERR,ERR,ERR,ERR,ERR,ERR,ERR,ERR,ERR,ERR,ERR,ERR,ERR,ERR,ERR,ERR,ERR,ERR,ERR,ERR,ERR,ERR,ERR,ERR,ERR,ERR,ERR,ERR,ERR,ERR,ERR,ERR,ERR,ERR,ERR,ERR,ERR,ERR,60.0,60.0,35,0.0,0.0,0.0,0.0,0.0,0.0,0.0,0.0,0.0,0.0,0.0,0.0,0.0,0.0,0.0,0.0,64.8,0,150,71,59,65476,0,65476,0,1,8,20529,65476,0,0,2621,60.0,0.0,0.0,0.0,0.0,0.0
2026-07-09T15:34:04,ERR,ERR,ERR,ERR,ERR,ERR,ERR,ERR,ERR,ERR,ERR,ERR,ERR,ERR,ERR,ERR,ERR,ERR,ERR,ERR,ERR,ERR,ERR,ERR,ERR,ERR,ERR,ERR,ERR,ERR,ERR,ERR,ERR,ERR,ERR,ERR,ERR,ERR,ERR,ERR,ERR,ERR,ERR,ERR,ERR,ERR,ERR,ERR,ERR,ERR,ERR,ERR,ERR,ERR,ERR,ERR,ERR,ERR,ERR,ERR,ERR,ERR,ERR,ERR,ERR,ERR,ERR,ERR,ERR,ERR,ERR,ERR,ERR,ERR,ERR,ERR,ERR,ERR,ERR,ERR,ERR,ERR,ERR,ERR,ERR,ERR,ERR,ERR,ERR,ERR,ERR,ERR,ERR,ERR,ERR,ERR,ERR,ERR,ERR,ERR,ERR,ERR,ERR,ERR,ERR,ERR,ERR,ERR,ERR,ERR,ERR,ERR,ERR,ERR,ERR,ERR,ERR,ERR,ERR,ERR,ERR,ERR,ERR,ERR,ERR,0.0,-107616144.0,2.730229091603832e+23,0.0,0.0,-0.0,-0.0,-0.0,0,0,4,17328,7116,0.0,100,0.0,0.0,2.7183478752108883e+23,0.0,0.0,0,0,0,0,0.0,0,0,0,0,0,0,0,0,0,0,0,0,0,0,0,0,0,0,0,0,0,0,0,0,0,0,0,0,0,0,0,0,0,31,40,40,71,65476,0,300,0,0,8,21553,0.0,-107605600.0,0.0,0.0,0.0,0.0,0.0,0.0,0.0,0.0,0.0,0.0,0.0,0.0,0.0,0.0,0.0,0.0,0.0,0.0,0.0,0.0,2.004,-0.0,0.0,0.0,0.0,0.0,0.0,0.0,5209.0,-0.0,6935.0,0.0,-0.0,2.004,2.004,0.0,0.0,0.0,0.0,69,-0.0,0.0,0.0,0.0,0.0,0.0,0.0,0.0,0.0,0,0,0,0.0,0.0,0.0,0.0,0.0,0.0,0.0,0.0,0.0,0.0,0.0,0.0,0.0,0.0,0.0,0.0,0,-107875648.0,69,0.0,138,0.0,2.012,ERR,ERR,ERR,ERR,ERR,ERR,ERR,ERR,ERR,ERR,ERR,ERR,ERR,ERR,ERR,ERR,ERR,ERR,ERR,ERR,ERR,ERR,ERR,ERR,ERR,ERR,ERR,ERR,ERR,ERR,ERR,ERR,ERR,ERR,ERR,ERR,ERR,ERR,ERR,ERR,ERR,ERR,ERR,ERR,ERR,ERR,ERR,ERR,ERR,ERR,ERR,ERR,ERR,ERR,ERR,ERR,ERR,ERR,ERR,ERR,ERR,ERR,ERR,ERR,ERR,ERR,ERR,60.0,60.0,35,0.0,0.0,0.0,0.0,0.0,0.0,0.0,0.0,0.0,0.0,0.0,0.0,0.0,0.0,0.0,0.0,64.8,0,150,71,59,65476,0,65476,0,1,8,20529,65476,0,0,2621,60.0,0.0,0.0,0.0,0.0,0.0
2026-07-09T15:34:05,ERR,ERR,ERR,ERR,ERR,ERR,ERR,ERR,ERR,ERR,ERR,ERR,ERR,ERR,ERR,ERR,ERR,ERR,ERR,ERR,ERR,ERR,ERR,ERR,ERR,ERR,ERR,ERR,ERR,ERR,ERR,ERR,ERR,ERR,ERR,ERR,ERR,ERR,ERR,ERR,ERR,ERR,ERR,ERR,ERR,ERR,ERR,ERR,ERR,ERR,ERR,ERR,ERR,ERR,ERR,ERR,ERR,ERR,ERR,ERR,ERR,ERR,ERR,ERR,ERR,ERR,ERR,ERR,ERR,ERR,ERR,ERR,ERR,ERR,ERR,ERR,ERR,ERR,ERR,ERR,ERR,ERR,ERR,ERR,ERR,ERR,ERR,ERR,ERR,ERR,ERR,ERR,ERR,ERR,ERR,ERR,ERR,ERR,ERR,ERR,ERR,ERR,ERR,ERR,ERR,ERR,ERR,ERR,ERR,ERR,ERR,ERR,ERR,ERR,ERR,ERR,ERR,ERR,ERR,ERR,ERR,ERR,ERR,ERR,ERR,0.0,-107616144.0,2.730229091603832e+23,0.0,0.0,-0.0,-0.0,-0.0,0,0,4,17328,7116,0.0,100,0.0,0.0,2.7183478752108883e+23,0.0,0.0,0,0,0,0,0.0,0,0,0,0,0,0,0,0,0,0,0,0,0,0,0,0,0,0,0,0,0,0,0,0,0,0,0,0,0,0,0,0,0,31,40,40,71,65476,0,300,0,0,8,21553,0.0,-107605600.0,0.0,0.0,0.0,0.0,0.0,0.0,0.0,0.0,0.0,0.0,0.0,0.0,0.0,0.0,0.0,0.0,0.0,0.0,0.0,0.0,2.004,-0.0,0.0,0.0,0.0,0.0,0.0,0.0,5209.0,-0.0,6935.0,0.0,-0.0,2.004,2.004,0.0,0.0,0.0,0.0,69,-0.0,0.0,0.0,0.0,0.0,0.0,0.0,0.0,0.0,0,0,0,0.0,0.0,0.0,0.0,0.0,0.0,0.0,0.0,0.0,0.0,0.0,0.0,0.0,0.0,0.0,0.0,0,-107875648.0,69,0.0,138,0.0,2.012,ERR,ERR,ERR,ERR,ERR,ERR,ERR,ERR,ERR,ERR,ERR,ERR,ERR,ERR,ERR,ERR,ERR,ERR,ERR,ERR,ERR,ERR,ERR,ERR,ERR,ERR,ERR,ERR,ERR,ERR,ERR,ERR,ERR,ERR,ERR,ERR,ERR,ERR,ERR,ERR,ERR,ERR,ERR,ERR,ERR,ERR,ERR,ERR,ERR,ERR,ERR,ERR,ERR,ERR,ERR,ERR,ERR,ERR,ERR,ERR,ERR,ERR,ERR,ERR,ERR,ERR,ERR,60.0,60.0,35,0.0,0.0,0.0,0.0,0.0,0.0,0.0,0.0,0.0,0.0,0.0,0.0,0.0,0.0,0.0,0.0,64.8,0,150,71,59,65476,0,65476,0,1,8,20529,65476,0,0,2621,60.0,0.0,0.0,0.0,0.0,0.0
2026-07-09T15:34:06,ERR,ERR,ERR,ERR,ERR,ERR,ERR,ERR,ERR,ERR,ERR,ERR,ERR,ERR,ERR,ERR,ERR,ERR,ERR,ERR,ERR,ERR,ERR,ERR,ERR,ERR,ERR,ERR,ERR,ERR,ERR,ERR,ERR,ERR,ERR,ERR,ERR,ERR,ERR,ERR,ERR,ERR,ERR,ERR,ERR,ERR,ERR,ERR,ERR,ERR,ERR,ERR,ERR,ERR,ERR,ERR,ERR,ERR,ERR,ERR,ERR,ERR,ERR,ERR,ERR,ERR,ERR,ERR,ERR,ERR,ERR,ERR,ERR,ERR,ERR,ERR,ERR,ERR,ERR,ERR,ERR,ERR,ERR,ERR,ERR,ERR,ERR,ERR,ERR,ERR,ERR,ERR,ERR,ERR,ERR,ERR,ERR,ERR,ERR,ERR,ERR,ERR,ERR,ERR,ERR,ERR,ERR,ERR,ERR,ERR,ERR,ERR,ERR,ERR,ERR,ERR,ERR,ERR,ERR,ERR,ERR,ERR,ERR,ERR,ERR,0.0,-107616144.0,2.730229091603832e+23,0.0,0.0,-0.0,-0.0,-0.0,0,0,4,17328,7116,0.0,100,0.0,0.0,2.7183478752108883e+23,0.0,0.0,0,0,0,0,0.0,0,0,0,0,0,0,0,0,0,0,0,0,0,0,0,0,0,0,0,0,0,0,0,0,0,0,0,0,0,0,0,0,0,31,40,40,71,65476,0,300,0,0,8,21553,0.0,-107605600.0,0.0,0.0,0.0,0.0,0.0,0.0,0.0,0.0,0.0,0.0,0.0,0.0,0.0,0.0,0.0,0.0,0.0,0.0,0.0,0.0,2.004,-0.0,0.0,0.0,0.0,0.0,0.0,0.0,5209.0,-0.0,6935.0,0.0,-0.0,2.004,2.004,0.0,0.0,0.0,0.0,69,-0.0,0.0,0.0,0.0,0.0,0.0,0.0,0.0,0.0,0,0,0,0.0,0.0,0.0,0.0,0.0,0.0,0.0,0.0,0.0,0.0,0.0,0.0,0.0,0.0,0.0,0.0,0,-107875648.0,69,0.0,138,0.0,2.012,ERR,ERR,ERR,ERR,ERR,ERR,ERR,ERR,ERR,ERR,ERR,ERR,ERR,ERR,ERR,ERR,ERR,ERR,ERR,ERR,ERR,ERR,ERR,ERR,ERR,ERR,ERR,ERR,ERR,ERR,ERR,ERR,ERR,ERR,ERR,ERR,ERR,ERR,ERR,ERR,ERR,ERR,ERR,ERR,ERR,ERR,ERR,ERR,ERR,ERR,ERR,ERR,ERR,ERR,ERR,ERR,ERR,ERR,ERR,ERR,ERR,ERR,ERR,ERR,ERR,ERR,ERR,60.0,60.0,35,0.0,0.0,0.0,0.0,0.0,0.0,0.0,0.0,0.0,0.0,0.0,0.0,0.0,0.0,0.0,0.0,64.8,0,150,71,59,65476,0,65476,0,1,8,20529,65476,0,0,2621,60.0,0.0,0.0,0.0,0.0,0.0
2026-07-09T15:34:07,ERR,ERR,ERR,ERR,ERR,ERR,ERR,ERR,ERR,ERR,ERR,ERR,ERR,ERR,ERR,ERR,ERR,ERR,ERR,ERR,ERR,ERR,ERR,ERR,ERR,ERR,ERR,ERR,ERR,ERR,ERR,ERR,ERR,ERR,ERR,ERR,ERR,ERR,ERR,ERR,ERR,ERR,ERR,ERR,ERR,ERR,ERR,ERR,ERR,ERR,ERR,ERR,ERR,ERR,ERR,ERR,ERR,ERR,ERR,ERR,ERR,ERR,ERR,ERR,ERR,ERR,ERR,ERR,ERR,ERR,ERR,ERR,ERR,ERR,ERR,ERR,ERR,ERR,ERR,ERR,ERR,ERR,ERR,ERR,ERR,ERR,ERR,ERR,ERR,ERR,ERR,ERR,ERR,ERR,ERR,ERR,ERR,ERR,ERR,ERR,ERR,ERR,ERR,ERR,ERR,ERR,ERR,ERR,ERR,ERR,ERR,ERR,ERR,ERR,ERR,ERR,ERR,ERR,ERR,ERR,ERR,ERR,ERR,ERR,ERR,0.0,-107616144.0,2.730229091603832e+23,0.0,0.0,-0.0,-0.0,-0.0,0,0,4,17328,7116,0.0,100,0.0,0.0,2.7183478752108883e+23,0.0,0.0,0,0,0,0,0.0,0,0,0,0,0,0,0,0,0,0,0,0,0,0,0,0,0,0,0,0,0,0,0,0,0,0,0,0,0,0,0,0,0,31,40,40,71,65476,0,300,0,0,8,21553,0.0,-107605600.0,0.0,0.0,0.0,0.0,0.0,0.0,0.0,0.0,0.0,0.0,0.0,0.0,0.0,0.0,0.0,0.0,0.0,0.0,0.0,0.0,2.004,-0.0,0.0,0.0,0.0,0.0,0.0,0.0,5209.0,-0.0,6935.0,0.0,-0.0,2.004,2.004,0.0,0.0,0.0,0.0,69,-0.0,0.0,0.0,0.0,0.0,0.0,0.0,0.0,0.0,0,0,0,0.0,0.0,0.0,0.0,0.0,0.0,0.0,0.0,0.0,0.0,0.0,0.0,0.0,0.0,0.0,0.0,0,-107875648.0,69,0.0,138,0.0,2.012,ERR,ERR,ERR,ERR,ERR,ERR,ERR,ERR,ERR,ERR,ERR,ERR,ERR,ERR,ERR,ERR,ERR,ERR,ERR,ERR,ERR,ERR,ERR,ERR,ERR,ERR,ERR,ERR,ERR,ERR,ERR,ERR,ERR,ERR,ERR,ERR,ERR,ERR,ERR,ERR,ERR,ERR,ERR,ERR,ERR,ERR,ERR,ERR,ERR,ERR,ERR,ERR,ERR,ERR,ERR,ERR,ERR,ERR,ERR,ERR,ERR,ERR,ERR,ERR,ERR,ERR,ERR,60.0,60.0,35,0.0,0.0,0.0,0.0,0.0,0.0,0.0,0.0,0.0,0.0,0.0,0.0,0.0,0.0,0.0,0.0,64.8,0,150,71,59,65476,0,65476,0,1,8,20529,65476,0,0,2621,60.0,0.0,0.0,0.0,0.0,0.0
2026-07-09T15:34:08,ERR,ERR,ERR,ERR,ERR,ERR,ERR,ERR,ERR,ERR,ERR,ERR,ERR,ERR,ERR,ERR,ERR,ERR,ERR,ERR,ERR,ERR,ERR,ERR,ERR,ERR,ERR,ERR,ERR,ERR,ERR,ERR,ERR,ERR,ERR,ERR,ERR,ERR,ERR,ERR,ERR,ERR,ERR,ERR,ERR,ERR,ERR,ERR,ERR,ERR,ERR,ERR,ERR,ERR,ERR,ERR,ERR,ERR,ERR,ERR,ERR,ERR,ERR,ERR,ERR,ERR,ERR,ERR,ERR,ERR,ERR,ERR,ERR,ERR,ERR,ERR,ERR,ERR,ERR,ERR,ERR,ERR,ERR,ERR,ERR,ERR,ERR,ERR,ERR,ERR,ERR,ERR,ERR,ERR,ERR,ERR,ERR,ERR,ERR,ERR,ERR,ERR,ERR,ERR,ERR,ERR,ERR,ERR,ERR,ERR,ERR,ERR,ERR,ERR,ERR,ERR,ERR,ERR,ERR,ERR,ERR,ERR,ERR,ERR,ERR,0.0,-107616144.0,2.730229091603832e+23,0.0,0.0,-0.0,-0.0,-0.0,0,0,4,17328,7116,0.0,100,0.0,0.0,2.7183478752108883e+23,0.0,0.0,0,0,0,0,0.0,0,0,0,0,0,0,0,0,0,0,0,0,0,0,0,0,0,0,0,0,0,0,0,0,0,0,0,0,0,0,0,0,0,31,40,40,71,65476,0,300,0,0,8,21553,0.0,-107605600.0,0.0,0.0,0.0,0.0,0.0,0.0,0.0,0.0,0.0,0.0,0.0,0.0,0.0,0.0,0.0,0.0,0.0,0.0,0.0,0.0,2.004,-0.0,0.0,0.0,0.0,0.0,0.0,0.0,5209.0,-0.0,6935.0,0.0,-0.0,2.004,2.004,0.0,0.0,0.0,0.0,69,-0.0,0.0,0.0,0.0,0.0,0.0,0.0,0.0,0.0,0,0,0,0.0,0.0,0.0,0.0,0.0,0.0,0.0,0.0,0.0,0.0,0.0,0.0,0.0,0.0,0.0,0.0,0,-107875648.0,69,0.0,138,0.0,2.012,ERR,ERR,ERR,ERR,ERR,ERR,ERR,ERR,ERR,ERR,ERR,ERR,ERR,ERR,ERR,ERR,ERR,ERR,ERR,ERR,ERR,ERR,ERR,ERR,ERR,ERR,ERR,ERR,ERR,ERR,ERR,ERR,ERR,ERR,ERR,ERR,ERR,ERR,ERR,ERR,ERR,ERR,ERR,ERR,ERR,ERR,ERR,ERR,ERR,ERR,ERR,ERR,ERR,ERR,ERR,ERR,ERR,ERR,ERR,ERR,ERR,ERR,ERR,ERR,ERR,ERR,ERR,60.0,60.0,35,0.0,0.0,0.0,0.0,0.0,0.0,0.0,0.0,0.0,0.0,0.0,0.0,0.0,0.0,0.0,0.0,64.8,0,150,71,59,65476,0,65476,0,1,8,20529,65476,0,0,2621,60.0,0.0,0.0,0.0,0.0,0.0
2026-07-09T15:34:09,ERR,ERR,ERR,ERR,ERR,ERR,ERR,ERR,ERR,ERR,ERR,ERR,ERR,ERR,ERR,ERR,ERR,ERR,ERR,ERR,ERR,ERR,ERR,ERR,ERR,ERR,ERR,ERR,ERR,ERR,ERR,ERR,ERR,ERR,ERR,ERR,ERR,ERR,ERR,ERR,ERR,ERR,ERR,ERR,ERR,ERR,ERR,ERR,ERR,ERR,ERR,ERR,ERR,ERR,ERR,ERR,ERR,ERR,ERR,ERR,ERR,ERR,ERR,ERR,ERR,ERR,ERR,ERR,ERR,ERR,ERR,ERR,ERR,ERR,ERR,ERR,ERR,ERR,ERR,ERR,ERR,ERR,ERR,ERR,ERR,ERR,ERR,ERR,ERR,ERR,ERR,ERR,ERR,ERR,ERR,ERR,ERR,ERR,ERR,ERR,ERR,ERR,ERR,ERR,ERR,ERR,ERR,ERR,ERR,ERR,ERR,ERR,ERR,ERR,ERR,ERR,ERR,ERR,ERR,ERR,ERR,ERR,ERR,ERR,ERR,0.0,-0.0,0.0,2.7183478752108883e+23,-0.0,-5.9484382707102775e+29,-3.5204220472736612e+19,-0.0,0,0,4,17332,7116,0.0,100,0.0,0.0,2.7183478752108883e+23,0.0,0.0,0,0,0,0,0.0,0,0,0,0,0,0,0,0,0,0,0,0,0,0,0,0,0,0,0,0,0,0,0,0,0,0,0,0,0,0,0,0,0,31,40,40,71,65476,0,300,0,0,8,21553,0.0,-107605600.0,0.0,0.0,0.0,0.0,0.0,0.0,0.0,0.0,0.0,0.0,0.0,0.0,0.0,0.0,0.0,0.0,0.0,0.0,0.0,0.0,2.004,-0.0,0.0,0.0,0.0,0.0,0.0,0.0,5184.0,564146236030976.0,6923.0,-107615200.0,-0.0,2.004,2.004,0.0,0.0,0.0,0.0,69,-89221.164,-2.3088292827947336e+20,0.0,0.0,0.0,0.0,0.0,0.0,0.0,0,0,0,0.0,0.0,0.0,0.0,0.0,0.0,0.0,0.0,0.0,0.0,0.0,0.0,0.0,0.0,0.0,0.0,0,-107875648.0,69,0.0,138,0.0,2.012,ERR,ERR,ERR,ERR,ERR,ERR,ERR,ERR,ERR,ERR,ERR,ERR,ERR,ERR,ERR,ERR,ERR,ERR,ERR,ERR,ERR,ERR,ERR,ERR,ERR,ERR,ERR,ERR,ERR,ERR,ERR,ERR,ERR,ERR,ERR,ERR,ERR,ERR,ERR,ERR,ERR,ERR,ERR,ERR,ERR,ERR,ERR,ERR,ERR,ERR,ERR,ERR,ERR,ERR,ERR,ERR,ERR,ERR,ERR,ERR,ERR,ERR,ERR,ERR,ERR,ERR,ERR,60.0,60.0,35,0.0,0.0,0.0,0.0,0.0,0.0,0.0,0.0,0.0,0.0,0.0,0.0,0.0,0.0,0.0,0.0,64.8,0,150,71,59,65476,0,65476,0,1,8,20529,65476,0,0,2621,60.0,0.0,0.0,0.0,0.0,0.0
2026-07-09T15:34:10,ERR,ERR,ERR,ERR,ERR,ERR,ERR,ERR,ERR,ERR,ERR,ERR,ERR,ERR,ERR,ERR,ERR,ERR,ERR,ERR,ERR,ERR,ERR,ERR,ERR,ERR,ERR,ERR,ERR,ERR,ERR,ERR,ERR,ERR,ERR,ERR,ERR,ERR,ERR,ERR,ERR,ERR,ERR,ERR,ERR,ERR,ERR,ERR,ERR,ERR,ERR,ERR,ERR,ERR,ERR,ERR,ERR,ERR,ERR,ERR,ERR,ERR,ERR,ERR,ERR,ERR,ERR,ERR,ERR,ERR,ERR,ERR,ERR,ERR,ERR,ERR,ERR,ERR,ERR,ERR,ERR,ERR,ERR,ERR,ERR,ERR,ERR,ERR,ERR,ERR,ERR,ERR,ERR,ERR,ERR,ERR,ERR,ERR,ERR,ERR,ERR,ERR,ERR,ERR,ERR,ERR,ERR,ERR,ERR,ERR,ERR,ERR,ERR,ERR,ERR,ERR,ERR,ERR,ERR,ERR,ERR,ERR,ERR,ERR,ERR,0.0,-0.0,0.0,2.7183478752108883e+23,-0.0,-5.9484382707102775e+29,-3.5204220472736612e+19,-0.0,0,0,4,17332,7116,0.0,100,0.0,0.0,2.7183478752108883e+23,0.0,0.0,0,0,0,0,0.0,0,0,0,0,0,0,0,0,0,0,0,0,0,0,0,0,0,0,0,0,0,0,0,0,0,0,0,0,0,0,0,0,0,31,40,40,71,65476,0,300,0,0,8,21553,0.0,-107605600.0,0.0,0.0,0.0,0.0,0.0,0.0,0.0,0.0,0.0,0.0,0.0,0.0,0.0,0.0,0.0,0.0,0.0,0.0,0.0,0.0,2.004,-0.0,0.0,0.0,0.0,0.0,0.0,0.0,5184.0,564146236030976.0,6923.0,-107615200.0,-0.0,2.004,2.004,0.0,0.0,0.0,0.0,69,-89221.164,-2.3088292827947336e+20,0.0,0.0,0.0,0.0,0.0,0.0,0.0,0,0,0,0.0,0.0,0.0,0.0,0.0,0.0,0.0,0.0,0.0,0.0,0.0,0.0,0.0,0.0,0.0,0.0,0,-107875648.0,69,0.0,138,0.0,2.012,ERR,ERR,ERR,ERR,ERR,ERR,ERR,ERR,ERR,ERR,ERR,ERR,ERR,ERR,ERR,ERR,ERR,ERR,ERR,ERR,ERR,ERR,ERR,ERR,ERR,ERR,ERR,ERR,ERR,ERR,ERR,ERR,ERR,ERR,ERR,ERR,ERR,ERR,ERR,ERR,ERR,ERR,ERR,ERR,ERR,ERR,ERR,ERR,ERR,ERR,ERR,ERR,ERR,ERR,ERR,ERR,ERR,ERR,ERR,ERR,ERR,ERR,ERR,ERR,ERR,ERR,ERR,60.0,60.0,35,0.0,0.0,0.0,0.0,0.0,0.0,0.0,0.0,0.0,0.0,0.0,0.0,0.0,0.0,0.0,0.0,64.8,0,150,71,59,65476,0,65476,0,1,8,20529,65476,0,0,2621,60.0,0.0,0.0,0.0,0.0,0.0
2026-07-09T15:34:11,ERR,ERR,ERR,ERR,ERR,ERR,ERR,ERR,ERR,ERR,ERR,ERR,ERR,ERR,ERR,ERR,ERR,ERR,ERR,ERR,ERR,ERR,ERR,ERR,ERR,ERR,ERR,ERR,ERR,ERR,ERR,ERR,ERR,ERR,ERR,ERR,ERR,ERR,ERR,ERR,ERR,ERR,ERR,ERR,ERR,ERR,ERR,ERR,ERR,ERR,ERR,ERR,ERR,ERR,ERR,ERR,ERR,ERR,ERR,ERR,ERR,ERR,ERR,ERR,ERR,ERR,ERR,ERR,ERR,ERR,ERR,ERR,ERR,ERR,ERR,ERR,ERR,ERR,ERR,ERR,ERR,ERR,ERR,ERR,ERR,ERR,ERR,ERR,ERR,ERR,ERR,ERR,ERR,ERR,ERR,ERR,ERR,ERR,ERR,ERR,ERR,ERR,ERR,ERR,ERR,ERR,ERR,ERR,ERR,ERR,ERR,ERR,ERR,ERR,ERR,ERR,ERR,ERR,ERR,ERR,ERR,ERR,ERR,ERR,ERR,0.0,-0.0,0.0,2.7183478752108883e+23,-0.0,-5.9484382707102775e+29,-3.5204220472736612e+19,-0.0,0,0,4,17332,7116,0.0,100,0.0,0.0,2.7183478752108883e+23,0.0,0.0,0,0,0,0,0.0,0,0,0,0,0,0,0,0,0,0,0,0,0,0,0,0,0,0,0,0,0,0,0,0,0,0,0,0,0,0,0,0,0,31,40,40,71,65476,0,300,0,0,8,21553,0.0,-107605600.0,0.0,0.0,0.0,0.0,0.0,0.0,0.0,0.0,0.0,0.0,0.0,0.0,0.0,0.0,0.0,0.0,0.0,0.0,0.0,0.0,2.004,-0.0,0.0,0.0,0.0,0.0,0.0,0.0,5184.0,564146236030976.0,6923.0,-107615200.0,-0.0,2.004,2.004,0.0,0.0,0.0,0.0,69,-89221.164,-2.3088292827947336e+20,0.0,0.0,0.0,0.0,0.0,0.0,0.0,0,0,0,0.0,0.0,0.0,0.0,0.0,0.0,0.0,0.0,0.0,0.0,0.0,0.0,0.0,0.0,0.0,0.0,0,-107875648.0,69,0.0,138,0.0,2.012,ERR,ERR,ERR,ERR,ERR,ERR,ERR,ERR,ERR,ERR,ERR,ERR,ERR,ERR,ERR,ERR,ERR,ERR,ERR,ERR,ERR,ERR,ERR,ERR,ERR,ERR,ERR,ERR,ERR,ERR,ERR,ERR,ERR,ERR,ERR,ERR,ERR,ERR,ERR,ERR,ERR,ERR,ERR,ERR,ERR,ERR,ERR,ERR,ERR,ERR,ERR,ERR,ERR,ERR,ERR,ERR,ERR,ERR,ERR,ERR,ERR,ERR,ERR,ERR,ERR,ERR,ERR,60.0,60.0,35,0.0,0.0,0.0,0.0,0.0,0.0,0.0,0.0,0.0,0.0,0.0,0.0,0.0,0.0,0.0,0.0,64.8,0,150,71,59,65476,0,65476,0,1,8,20529,65476,0,0,2621,60.0,0.0,0.0,0.0,0.0,0.0
2026-07-09T15:34:12,ERR,ERR,ERR,ERR,ERR,ERR,ERR,ERR,ERR,ERR,ERR,ERR,ERR,ERR,ERR,ERR,ERR,ERR,ERR,ERR,ERR,ERR,ERR,ERR,ERR,ERR,ERR,ERR,ERR,ERR,ERR,ERR,ERR,ERR,ERR,ERR,ERR,ERR,ERR,ERR,ERR,ERR,ERR,ERR,ERR,ERR,ERR,ERR,ERR,ERR,ERR,ERR,ERR,ERR,ERR,ERR,ERR,ERR,ERR,ERR,ERR,ERR,ERR,ERR,ERR,ERR,ERR,ERR,ERR,ERR,ERR,ERR,ERR,ERR,ERR,ERR,ERR,ERR,ERR,ERR,ERR,ERR,ERR,ERR,ERR,ERR,ERR,ERR,ERR,ERR,ERR,ERR,ERR,ERR,ERR,ERR,ERR,ERR,ERR,ERR,ERR,ERR,ERR,ERR,ERR,ERR,ERR,ERR,ERR,ERR,ERR,ERR,ERR,ERR,ERR,ERR,ERR,ERR,ERR,ERR,ERR,ERR,ERR,ERR,ERR,0.0,-0.0,0.0,2.7183478752108883e+23,-0.0,-5.9484382707102775e+29,-3.5204220472736612e+19,-0.0,0,0,4,17332,7116,0.0,100,0.0,0.0,2.7183478752108883e+23,0.0,0.0,0,0,0,0,0.0,0,0,0,0,0,0,0,0,0,0,0,0,0,0,0,0,0,0,0,0,0,0,0,0,0,0,0,0,0,0,0,0,0,31,40,40,71,65476,0,300,0,0,8,21553,0.0,-107605600.0,0.0,0.0,0.0,0.0,0.0,0.0,0.0,0.0,0.0,0.0,0.0,0.0,0.0,0.0,0.0,0.0,0.0,0.0,0.0,0.0,2.004,-0.0,0.0,0.0,0.0,0.0,0.0,0.0,5184.0,564146236030976.0,6923.0,-107615200.0,-0.0,2.004,2.004,0.0,0.0,0.0,0.0,69,-89221.164,-2.3088292827947336e+20,0.0,0.0,0.0,0.0,0.0,0.0,0.0,0,0,0,0.0,0.0,0.0,0.0,0.0,0.0,0.0,0.0,0.0,0.0,0.0,0.0,0.0,0.0,0.0,0.0,0,-107875648.0,69,0.0,138,0.0,2.012,ERR,ERR,ERR,ERR,ERR,ERR,ERR,ERR,ERR,ERR,ERR,ERR,ERR,ERR,ERR,ERR,ERR,ERR,ERR,ERR,ERR,ERR,ERR,ERR,ERR,ERR,ERR,ERR,ERR,ERR,ERR,ERR,ERR,ERR,ERR,ERR,ERR,ERR,ERR,ERR,ERR,ERR,ERR,ERR,ERR,ERR,ERR,ERR,ERR,ERR,ERR,ERR,ERR,ERR,ERR,ERR,ERR,ERR,ERR,ERR,ERR,ERR,ERR,ERR,ERR,ERR,ERR,60.0,60.0,35,0.0,0.0,0.0,0.0,0.0,0.0,0.0,0.0,0.0,0.0,0.0,0.0,0.0,0.0,0.0,0.0,65.2,0,150,71,59,65476,0,65476,0,1,8,20529,65476,0,0,2621,60.0,0.0,0.0,0.0,0.0,0.0
2026-07-09T15:34:13,ERR,ERR,ERR,ERR,ERR,ERR,ERR,ERR,ERR,ERR,ERR,ERR,ERR,ERR,ERR,ERR,ERR,ERR,ERR,ERR,ERR,ERR,ERR,ERR,ERR,ERR,ERR,ERR,ERR,ERR,ERR,ERR,ERR,ERR,ERR,ERR,ERR,ERR,ERR,ERR,ERR,ERR,ERR,ERR,ERR,ERR,ERR,ERR,ERR,ERR,ERR,ERR,ERR,ERR,ERR,ERR,ERR,ERR,ERR,ERR,ERR,ERR,ERR,ERR,ERR,ERR,ERR,ERR,ERR,ERR,ERR,ERR,ERR,ERR,ERR,ERR,ERR,ERR,ERR,ERR,ERR,ERR,ERR,ERR,ERR,ERR,ERR,ERR,ERR,ERR,ERR,ERR,ERR,ERR,ERR,ERR,ERR,ERR,ERR,ERR,ERR,ERR,ERR,ERR,ERR,ERR,ERR,ERR,ERR,ERR,ERR,ERR,ERR,ERR,ERR,ERR,ERR,ERR,ERR,ERR,ERR,ERR,ERR,ERR,ERR,0.0,-0.0,0.0,2.7183478752108883e+23,-0.0,-5.9484382707102775e+29,-3.5204220472736612e+19,-0.0,0,0,4,17332,7116,0.0,100,0.0,0.0,2.7183478752108883e+23,0.0,0.0,0,0,0,0,0.0,0,0,0,0,0,0,0,0,0,0,0,0,0,0,0,0,0,0,0,0,0,0,0,0,0,0,0,0,0,0,0,0,0,31,40,40,71,65476,0,300,0,0,8,21553,0.0,-107605600.0,0.0,0.0,0.0,0.0,0.0,0.0,0.0,0.0,0.0,0.0,0.0,0.0,0.0,0.0,0.0,0.0,0.0,0.0,0.0,0.0,2.004,-0.0,0.0,0.0,0.0,0.0,0.0,0.0,5184.0,564146236030976.0,6923.0,-107615200.0,-0.0,2.004,2.004,0.0,0.0,0.0,0.0,69,-89221.164,-2.3088292827947336e+20,0.0,0.0,0.0,0.0,0.0,0.0,0.0,0,0,0,0.0,0.0,0.0,0.0,0.0,0.0,0.0,0.0,0.0,0.0,0.0,0.0,0.0,0.0,0.0,0.0,0,-107875648.0,69,0.0,138,0.0,2.012,ERR,ERR,ERR,ERR,ERR,ERR,ERR,ERR,ERR,ERR,ERR,ERR,ERR,ERR,ERR,ERR,ERR,ERR,ERR,ERR,ERR,ERR,ERR,ERR,ERR,ERR,ERR,ERR,ERR,ERR,ERR,ERR,ERR,ERR,ERR,ERR,ERR,ERR,ERR,ERR,ERR,ERR,ERR,ERR,ERR,ERR,ERR,ERR,ERR,ERR,ERR,ERR,ERR,ERR,ERR,ERR,ERR,ERR,ERR,ERR,ERR,ERR,ERR,ERR,ERR,ERR,ERR,60.0,60.0,35,0.0,0.0,0.0,0.0,0.0,0.0,0.0,0.0,0.0,0.0,0.0,0.0,0.0,0.0,0.0,0.0,65.2,0,150,71,59,65476,0,65476,0,1,8,20529,65476,0,0,2621,60.0,0.0,0.0,0.0,0.0,0.0
2026-07-09T15:34:14,ERR,ERR,ERR,ERR,ERR,ERR,ERR,ERR,ERR,ERR,ERR,ERR,ERR,ERR,ERR,ERR,ERR,ERR,ERR,ERR,ERR,ERR,ERR,ERR,ERR,ERR,ERR,ERR,ERR,ERR,ERR,ERR,ERR,ERR,ERR,ERR,ERR,ERR,ERR,ERR,ERR,ERR,ERR,ERR,ERR,ERR,ERR,ERR,ERR,ERR,ERR,ERR,ERR,ERR,ERR,ERR,ERR,ERR,ERR,ERR,ERR,ERR,ERR,ERR,ERR,ERR,ERR,ERR,ERR,ERR,ERR,ERR,ERR,ERR,ERR,ERR,ERR,ERR,ERR,ERR,ERR,ERR,ERR,ERR,ERR,ERR,ERR,ERR,ERR,ERR,ERR,ERR,ERR,ERR,ERR,ERR,ERR,ERR,ERR,ERR,ERR,ERR,ERR,ERR,ERR,ERR,ERR,ERR,ERR,ERR,ERR,ERR,ERR,ERR,ERR,ERR,ERR,ERR,ERR,ERR,ERR,ERR,ERR,ERR,ERR,0.0,-107616144.0,2.730229091603832e+23,0.0,0.0,-6.602475515573961e+18,-26612469760.0,4.019950137051834e+23,0,0,4,17332,7116,0.0,100,0.0,0.0,0.0,0.0,0.0,0,0,0,0,0.0,0,0,0,0,0,0,0,0,0,0,0,0,0,0,0,0,0,0,0,0,0,0,0,0,0,0,0,0,0,0,0,0,0,31,40,40,71,65476,0,300,0,0,8,21553,0.0,-107605600.0,0.0,0.0,0.0,0.0,0.0,0.0,0.0,0.0,0.0,0.0,0.0,0.0,0.0,0.0,0.0,0.0,0.0,0.0,0.0,0.0,0.0,-0.0,0.0,0.0,0.0,0.0,0.0,0.0,5192.0,0.0,6919.0,0.0,-0.0,2.004,2.004,0.0,0.0,0.0,0.0,69,-2.3088415973249647e+20,-0.0,0.0,0.0,0.0,0.0,0.0,0.0,0.0,0,0,0,0.0,0.0,0.0,0.0,0.0,0.0,0.0,0.0,0.0,0.0,0.0,0.0,0.0,0.0,0.0,0.0,0,-107875648.0,69,0.0,138,0.0,2.012,ERR,ERR,ERR,ERR,ERR,ERR,ERR,ERR,ERR,ERR,ERR,ERR,ERR,ERR,ERR,ERR,ERR,ERR,ERR,ERR,ERR,ERR,ERR,ERR,ERR,ERR,ERR,ERR,ERR,ERR,ERR,ERR,ERR,ERR,ERR,ERR,ERR,ERR,ERR,ERR,ERR,ERR,ERR,ERR,ERR,ERR,ERR,ERR,ERR,ERR,ERR,ERR,ERR,ERR,ERR,ERR,ERR,ERR,ERR,ERR,ERR,ERR,ERR,ERR,ERR,ERR,ERR,60.0,60.0,35,0.0,0.0,0.0,0.0,0.0,0.0,0.0,0.0,0.0,0.0,0.0,0.0,0.0,0.0,0.0,0.0,64.8,0,150,71,58,65476,0,65476,0,1,8,20529,65476,0,0,2621,60.0,0.0,0.0,0.0,0.0,0.0
2026-07-09T15:34:15,ERR,ERR,ERR,ERR,ERR,ERR,ERR,ERR,ERR,ERR,ERR,ERR,ERR,ERR,ERR,ERR,ERR,ERR,ERR,ERR,ERR,ERR,ERR,ERR,ERR,ERR,ERR,ERR,ERR,ERR,ERR,ERR,ERR,ERR,ERR,ERR,ERR,ERR,ERR,ERR,ERR,ERR,ERR,ERR,ERR,ERR,ERR,ERR,ERR,ERR,ERR,ERR,ERR,ERR,ERR,ERR,ERR,ERR,ERR,ERR,ERR,ERR,ERR,ERR,ERR,ERR,ERR,ERR,ERR,ERR,ERR,ERR,ERR,ERR,ERR,ERR,ERR,ERR,ERR,ERR,ERR,ERR,ERR,ERR,ERR,ERR,ERR,ERR,ERR,ERR,ERR,ERR,ERR,ERR,ERR,ERR,ERR,ERR,ERR,ERR,ERR,ERR,ERR,ERR,ERR,ERR,ERR,ERR,ERR,ERR,ERR,ERR,ERR,ERR,ERR,ERR,ERR,ERR,ERR,ERR,ERR,ERR,ERR,ERR,ERR,0.0,-107616144.0,2.730229091603832e+23,0.0,0.0,-6.602475515573961e+18,-26612469760.0,4.019950137051834e+23,0,0,4,17332,7116,0.0,100,0.0,0.0,0.0,0.0,0.0,0,0,0,0,0.0,0,0,0,0,0,0,0,0,0,0,0,0,0,0,0,0,0,0,0,0,0,0,0,0,0,0,0,0,0,0,0,0,0,31,40,40,71,65476,0,300,0,0,8,21553,0.0,-107605600.0,0.0,0.0,0.0,0.0,0.0,0.0,0.0,0.0,0.0,0.0,0.0,0.0,0.0,0.0,0.0,0.0,0.0,0.0,0.0,0.0,0.0,-0.0,0.0,0.0,0.0,0.0,0.0,0.0,5192.0,0.0,6919.0,0.0,-0.0,2.004,2.004,0.0,0.0,0.0,0.0,69,-2.3088415973249647e+20,-0.0,0.0,0.0,0.0,0.0,0.0,0.0,0.0,0,0,0,0.0,0.0,0.0,0.0,0.0,0.0,0.0,0.0,0.0,0.0,0.0,0.0,0.0,0.0,0.0,0.0,0,-107875648.0,69,0.0,138,0.0,2.012,ERR,ERR,ERR,ERR,ERR,ERR,ERR,ERR,ERR,ERR,ERR,ERR,ERR,ERR,ERR,ERR,ERR,ERR,ERR,ERR,ERR,ERR,ERR,ERR,ERR,ERR,ERR,ERR,ERR,ERR,ERR,ERR,ERR,ERR,ERR,ERR,ERR,ERR,ERR,ERR,ERR,ERR,ERR,ERR,ERR,ERR,ERR,ERR,ERR,ERR,ERR,ERR,ERR,ERR,ERR,ERR,ERR,ERR,ERR,ERR,ERR,ERR,ERR,ERR,ERR,ERR,ERR,60.0,60.0,35,0.0,0.0,0.0,0.0,0.0,0.0,0.0,0.0,0.0,0.0,0.0,0.0,0.0,0.0,0.0,0.0,64.8,0,150,71,58,65476,0,65476,0,1,8,20529,65476,0,0,2621,60.0,0.0,0.0,0.0,0.0,0.0
2026-07-09T15:34:16,ERR,ERR,ERR,ERR,ERR,ERR,ERR,ERR,ERR,ERR,ERR,ERR,ERR,ERR,ERR,ERR,ERR,ERR,ERR,ERR,ERR,ERR,ERR,ERR,ERR,ERR,ERR,ERR,ERR,ERR,ERR,ERR,ERR,ERR,ERR,ERR,ERR,ERR,ERR,ERR,ERR,ERR,ERR,ERR,ERR,ERR,ERR,ERR,ERR,ERR,ERR,ERR,ERR,ERR,ERR,ERR,ERR,ERR,ERR,ERR,ERR,ERR,ERR,ERR,ERR,ERR,ERR,ERR,ERR,ERR,ERR,ERR,ERR,ERR,ERR,ERR,ERR,ERR,ERR,ERR,ERR,ERR,ERR,ERR,ERR,ERR,ERR,ERR,ERR,ERR,ERR,ERR,ERR,ERR,ERR,ERR,ERR,ERR,ERR,ERR,ERR,ERR,ERR,ERR,ERR,ERR,ERR,ERR,ERR,ERR,ERR,ERR,ERR,ERR,ERR,ERR,ERR,ERR,ERR,ERR,ERR,ERR,ERR,ERR,ERR,0.0,-107616144.0,2.730229091603832e+23,0.0,0.0,-6.602475515573961e+18,-26612469760.0,4.019950137051834e+23,0,0,4,17332,7116,0.0,100,0.0,0.0,0.0,0.0,0.0,0,0,0,0,0.0,0,0,0,0,0,0,0,0,0,0,0,0,0,0,0,0,0,0,0,0,0,0,0,0,0,0,0,0,0,0,0,0,0,31,40,40,71,65476,0,300,0,0,8,21553,0.0,-107605600.0,0.0,0.0,0.0,0.0,0.0,0.0,0.0,0.0,0.0,0.0,0.0,0.0,0.0,0.0,0.0,0.0,0.0,0.0,0.0,0.0,0.0,-0.0,0.0,0.0,0.0,0.0,0.0,0.0,5192.0,0.0,6919.0,0.0,-0.0,2.004,2.004,0.0,0.0,0.0,0.0,69,-2.3088415973249647e+20,-0.0,0.0,0.0,0.0,0.0,0.0,0.0,0.0,0,0,0,0.0,0.0,0.0,0.0,0.0,0.0,0.0,0.0,0.0,0.0,0.0,0.0,0.0,0.0,0.0,0.0,0,-107875648.0,69,0.0,138,0.0,2.012,ERR,ERR,ERR,ERR,ERR,ERR,ERR,ERR,ERR,ERR,ERR,ERR,ERR,ERR,ERR,ERR,ERR,ERR,ERR,ERR,ERR,ERR,ERR,ERR,ERR,ERR,ERR,ERR,ERR,ERR,ERR,ERR,ERR,ERR,ERR,ERR,ERR,ERR,ERR,ERR,ERR,ERR,ERR,ERR,ERR,ERR,ERR,ERR,ERR,ERR,ERR,ERR,ERR,ERR,ERR,ERR,ERR,ERR,ERR,ERR,ERR,ERR,ERR,ERR,ERR,ERR,ERR,60.0,60.0,35,0.0,0.0,0.0,0.0,0.0,0.0,0.0,0.0,0.0,0.0,0.0,0.0,0.0,0.0,0.0,0.0,64.8,0,150,71,58,65476,0,65476,0,1,8,20529,65476,0,0,2621,60.0,0.0,0.0,0.0,0.0,0.0
2026-07-09T15:34:17,ERR,ERR,ERR,ERR,ERR,ERR,ERR,ERR,ERR,ERR,ERR,ERR,ERR,ERR,ERR,ERR,ERR,ERR,ERR,ERR,ERR,ERR,ERR,ERR,ERR,ERR,ERR,ERR,ERR,ERR,ERR,ERR,ERR,ERR,ERR,ERR,ERR,ERR,ERR,ERR,ERR,ERR,ERR,ERR,ERR,ERR,ERR,ERR,ERR,ERR,ERR,ERR,ERR,ERR,ERR,ERR,ERR,ERR,ERR,ERR,ERR,ERR,ERR,ERR,ERR,ERR,ERR,ERR,ERR,ERR,ERR,ERR,ERR,ERR,ERR,ERR,ERR,ERR,ERR,ERR,ERR,ERR,ERR,ERR,ERR,ERR,ERR,ERR,ERR,ERR,ERR,ERR,ERR,ERR,ERR,ERR,ERR,ERR,ERR,ERR,ERR,ERR,ERR,ERR,ERR,ERR,ERR,ERR,ERR,ERR,ERR,ERR,ERR,ERR,ERR,ERR,ERR,ERR,ERR,ERR,ERR,ERR,ERR,ERR,ERR,0.0,-107616144.0,2.730229091603832e+23,0.0,0.0,-6.602475515573961e+18,-26612469760.0,4.019950137051834e+23,0,0,4,17332,7116,0.0,100,0.0,0.0,0.0,0.0,0.0,0,0,0,0,0.0,0,0,0,0,0,0,0,0,0,0,0,0,0,0,0,0,0,0,0,0,0,0,0,0,0,0,0,0,0,0,0,0,0,31,40,40,71,65476,0,300,0,0,8,21553,0.0,-107605600.0,0.0,0.0,0.0,0.0,0.0,0.0,0.0,0.0,0.0,0.0,0.0,0.0,0.0,0.0,0.0,0.0,0.0,0.0,0.0,0.0,0.0,-0.0,0.0,0.0,0.0,0.0,0.0,0.0,5192.0,0.0,6919.0,0.0,-0.0,2.004,2.004,0.0,0.0,0.0,0.0,69,-2.3088415973249647e+20,-0.0,0.0,0.0,0.0,0.0,0.0,0.0,0.0,0,0,0,0.0,0.0,0.0,0.0,0.0,0.0,0.0,0.0,0.0,0.0,0.0,0.0,0.0,0.0,0.0,0.0,0,-107875648.0,69,0.0,138,0.0,2.012,ERR,ERR,ERR,ERR,ERR,ERR,ERR,ERR,ERR,ERR,ERR,ERR,ERR,ERR,ERR,ERR,ERR,ERR,ERR,ERR,ERR,ERR,ERR,ERR,ERR,ERR,ERR,ERR,ERR,ERR,ERR,ERR,ERR,ERR,ERR,ERR,ERR,ERR,ERR,ERR,ERR,ERR,ERR,ERR,ERR,ERR,ERR,ERR,ERR,ERR,ERR,ERR,ERR,ERR,ERR,ERR,ERR,ERR,ERR,ERR,ERR,ERR,ERR,ERR,ERR,ERR,ERR,60.0,60.0,35,0.0,0.0,0.0,0.0,0.0,0.0,0.0,0.0,0.0,0.0,0.0,0.0,0.0,0.0,0.0,0.0,65.2,0,150,71,58,65476,0,65476,0,1,8,20529,65476,0,0,2621,60.0,0.0,0.0,0.0,0.0,0.0
2026-07-09T15:34:18,ERR,ERR,ERR,ERR,ERR,ERR,ERR,ERR,ERR,ERR,ERR,ERR,ERR,ERR,ERR,ERR,ERR,ERR,ERR,ERR,ERR,ERR,ERR,ERR,ERR,ERR,ERR,ERR,ERR,ERR,ERR,ERR,ERR,ERR,ERR,ERR,ERR,ERR,ERR,ERR,ERR,ERR,ERR,ERR,ERR,ERR,ERR,ERR,ERR,ERR,ERR,ERR,ERR,ERR,ERR,ERR,ERR,ERR,ERR,ERR,ERR,ERR,ERR,ERR,ERR,ERR,ERR,ERR,ERR,ERR,ERR,ERR,ERR,ERR,ERR,ERR,ERR,ERR,ERR,ERR,ERR,ERR,ERR,ERR,ERR,ERR,ERR,ERR,ERR,ERR,ERR,ERR,ERR,ERR,ERR,ERR,ERR,ERR,ERR,ERR,ERR,ERR,ERR,ERR,ERR,ERR,ERR,ERR,ERR,ERR,ERR,ERR,ERR,ERR,ERR,ERR,ERR,ERR,ERR,ERR,ERR,ERR,ERR,ERR,ERR,0.0,-107616144.0,2.730229091603832e+23,0.0,0.0,-6.602475515573961e+18,-26612469760.0,4.019950137051834e+23,0,0,4,17332,7116,0.0,100,0.0,0.0,0.0,0.0,0.0,0,0,0,0,0.0,0,0,0,0,0,0,0,0,0,0,0,0,0,0,0,0,0,0,0,0,0,0,0,0,0,0,0,0,0,0,0,0,0,31,40,40,71,65476,0,300,0,0,8,21553,0.0,-107605600.0,0.0,0.0,0.0,0.0,0.0,0.0,0.0,0.0,0.0,0.0,0.0,0.0,0.0,0.0,0.0,0.0,0.0,0.0,0.0,0.0,0.0,-0.0,0.0,0.0,0.0,0.0,0.0,0.0,5192.0,0.0,6919.0,0.0,-0.0,2.004,2.004,0.0,0.0,0.0,0.0,69,-2.3088415973249647e+20,-0.0,0.0,0.0,0.0,0.0,0.0,0.0,0.0,0,0,0,0.0,0.0,0.0,0.0,0.0,0.0,0.0,0.0,0.0,0.0,0.0,0.0,0.0,0.0,0.0,0.0,0,-107875648.0,69,0.0,138,0.0,2.012,ERR,ERR,ERR,ERR,ERR,ERR,ERR,ERR,ERR,ERR,ERR,ERR,ERR,ERR,ERR,ERR,ERR,ERR,ERR,ERR,ERR,ERR,ERR,ERR,ERR,ERR,ERR,ERR,ERR,ERR,ERR,ERR,ERR,ERR,ERR,ERR,ERR,ERR,ERR,ERR,ERR,ERR,ERR,ERR,ERR,ERR,ERR,ERR,ERR,ERR,ERR,ERR,ERR,ERR,ERR,ERR,ERR,ERR,ERR,ERR,ERR,ERR,ERR,ERR,ERR,ERR,ERR,60.0,60.0,35,0.0,0.0,0.0,0.0,0.0,0.0,0.0,0.0,0.0,0.0,0.0,0.0,0.0,0.0,0.0,0.0,64.8,0,150,71,58,65476,0,65476,0,1,8,20529,65476,0,0,2621,60.0,0.0,0.0,0.0,0.0,0.0
2026-07-09T15:34:19,ERR,ERR,ERR,ERR,ERR,ERR,ERR,ERR,ERR,ERR,ERR,ERR,ERR,ERR,ERR,ERR,ERR,ERR,ERR,ERR,ERR,ERR,ERR,ERR,ERR,ERR,ERR,ERR,ERR,ERR,ERR,ERR,ERR,ERR,ERR,ERR,ERR,ERR,ERR,ERR,ERR,ERR,ERR,ERR,ERR,ERR,ERR,ERR,ERR,ERR,ERR,ERR,ERR,ERR,ERR,ERR,ERR,ERR,ERR,ERR,ERR,ERR,ERR,ERR,ERR,ERR,ERR,ERR,ERR,ERR,ERR,ERR,ERR,ERR,ERR,ERR,ERR,ERR,ERR,ERR,ERR,ERR,ERR,ERR,ERR,ERR,ERR,ERR,ERR,ERR,ERR,ERR,ERR,ERR,ERR,ERR,ERR,ERR,ERR,ERR,ERR,ERR,ERR,ERR,ERR,ERR,ERR,ERR,ERR,ERR,ERR,ERR,ERR,ERR,ERR,ERR,ERR,ERR,ERR,ERR,ERR,ERR,ERR,ERR,ERR,-107615200.0,-107616144.0,-107615040.0,2.7183478752108883e+23,0.0,-0.0,-0.0,-440357863030784.0,0,0,4,17329,7116,0.0,100,0.0,0.0,2.7183478752108883e+23,0.0,0.0,0,0,0,0,0.0,0,0,0,0,0,0,0,0,0,0,0,0,0,0,0,0,0,0,0,0,0,0,0,0,0,0,0,0,0,0,0,0,0,31,40,40,71,65476,0,300,0,0,8,21553,0.0,-107605600.0,0.0,0.0,0.0,0.0,0.0,0.0,0.0,0.0,0.0,0.0,0.0,0.0,0.0,0.0,0.0,0.0,0.0,0.0,0.0,0.0,0.0,-3.697071344610758e+19,0.0,0.0,0.0,0.0,0.0,0.0,5195.0,0.0,6913.0,-107615200.0,0.0,2.004,2.004,0.0,0.0,0.0,0.0,69,-5.848086186001959e+35,2.7184186717970306e+23,0.0,0.0,0.0,0.0,0.0,0.0,0.0,0,0,0,0.0,0.0,0.0,0.0,0.0,0.0,0.0,0.0,0.0,0.0,0.0,0.0,0.0,0.0,0.0,0.0,0,-107875648.0,69,0.0,138,0.0,2.012,ERR,ERR,ERR,ERR,ERR,ERR,ERR,ERR,ERR,ERR,ERR,ERR,ERR,ERR,ERR,ERR,ERR,ERR,ERR,ERR,ERR,ERR,ERR,ERR,ERR,ERR,ERR,ERR,ERR,ERR,ERR,ERR,ERR,ERR,ERR,ERR,ERR,ERR,ERR,ERR,ERR,ERR,ERR,ERR,ERR,ERR,ERR,ERR,ERR,ERR,ERR,ERR,ERR,ERR,ERR,ERR,ERR,ERR,ERR,ERR,ERR,ERR,ERR,ERR,ERR,ERR,ERR,60.0,60.0,35,0.0,0.0,0.0,0.0,0.0,0.0,0.0,0.0,0.0,0.0,0.0,0.0,0.0,0.0,0.0,0.0,64.8,0,150,71,58,65476,0,65476,0,1,8,20529,65476,0,0,2621,60.0,0.0,0.0,0.0,0.0,0.0
2026-07-09T15:34:20,ERR,ERR,ERR,ERR,ERR,ERR,ERR,ERR,ERR,ERR,ERR,ERR,ERR,ERR,ERR,ERR,ERR,ERR,ERR,ERR,ERR,ERR,ERR,ERR,ERR,ERR,ERR,ERR,ERR,ERR,ERR,ERR,ERR,ERR,ERR,ERR,ERR,ERR,ERR,ERR,ERR,ERR,ERR,ERR,ERR,ERR,ERR,ERR,ERR,ERR,ERR,ERR,ERR,ERR,ERR,ERR,ERR,ERR,ERR,ERR,ERR,ERR,ERR,ERR,ERR,ERR,ERR,ERR,ERR,ERR,ERR,ERR,ERR,ERR,ERR,ERR,ERR,ERR,ERR,ERR,ERR,ERR,ERR,ERR,ERR,ERR,ERR,ERR,ERR,ERR,ERR,ERR,ERR,ERR,ERR,ERR,ERR,ERR,ERR,ERR,ERR,ERR,ERR,ERR,ERR,ERR,ERR,ERR,ERR,ERR,ERR,ERR,ERR,ERR,ERR,ERR,ERR,ERR,ERR,ERR,ERR,ERR,ERR,ERR,ERR,-107615200.0,-107616144.0,-107615040.0,2.7183478752108883e+23,0.0,-0.0,-0.0,-440357863030784.0,0,0,4,17329,7116,0.0,100,0.0,0.0,2.7183478752108883e+23,0.0,0.0,0,0,0,0,0.0,0,0,0,0,0,0,0,0,0,0,0,0,0,0,0,0,0,0,0,0,0,0,0,0,0,0,0,0,0,0,0,0,0,31,40,40,71,65476,0,300,0,0,8,21553,0.0,-107605600.0,0.0,0.0,0.0,0.0,0.0,0.0,0.0,0.0,0.0,0.0,0.0,0.0,0.0,0.0,0.0,0.0,0.0,0.0,0.0,0.0,0.0,-3.697071344610758e+19,0.0,0.0,0.0,0.0,0.0,0.0,5195.0,0.0,6913.0,-107615200.0,0.0,2.004,2.004,0.0,0.0,0.0,0.0,69,-5.848086186001959e+35,2.7184186717970306e+23,0.0,0.0,0.0,0.0,0.0,0.0,0.0,0,0,0,0.0,0.0,0.0,0.0,0.0,0.0,0.0,0.0,0.0,0.0,0.0,0.0,0.0,0.0,0.0,0.0,0,-107875648.0,69,0.0,138,0.0,2.012,ERR,ERR,ERR,ERR,ERR,ERR,ERR,ERR,ERR,ERR,ERR,ERR,ERR,ERR,ERR,ERR,ERR,ERR,ERR,ERR,ERR,ERR,ERR,ERR,ERR,ERR,ERR,ERR,ERR,ERR,ERR,ERR,ERR,ERR,ERR,ERR,ERR,ERR,ERR,ERR,ERR,ERR,ERR,ERR,ERR,ERR,ERR,ERR,ERR,ERR,ERR,ERR,ERR,ERR,ERR,ERR,ERR,ERR,ERR,ERR,ERR,ERR,ERR,ERR,ERR,ERR,ERR,60.0,60.0,35,0.0,0.0,0.0,0.0,0.0,0.0,0.0,0.0,0.0,0.0,0.0,0.0,0.0,0.0,0.0,0.0,64.8,0,150,71,58,65476,0,65476,0,1,8,20529,65476,0,0,2621,60.0,0.0,0.0,0.0,0.0,0.0
2026-07-09T15:34:21,ERR,ERR,ERR,ERR,ERR,ERR,ERR,ERR,ERR,ERR,ERR,ERR,ERR,ERR,ERR,ERR,ERR,ERR,ERR,ERR,ERR,ERR,ERR,ERR,ERR,ERR,ERR,ERR,ERR,ERR,ERR,ERR,ERR,ERR,ERR,ERR,ERR,ERR,ERR,ERR,ERR,ERR,ERR,ERR,ERR,ERR,ERR,ERR,ERR,ERR,ERR,ERR,ERR,ERR,ERR,ERR,ERR,ERR,ERR,ERR,ERR,ERR,ERR,ERR,ERR,ERR,ERR,ERR,ERR,ERR,ERR,ERR,ERR,ERR,ERR,ERR,ERR,ERR,ERR,ERR,ERR,ERR,ERR,ERR,ERR,ERR,ERR,ERR,ERR,ERR,ERR,ERR,ERR,ERR,ERR,ERR,ERR,ERR,ERR,ERR,ERR,ERR,ERR,ERR,ERR,ERR,ERR,ERR,ERR,ERR,ERR,ERR,ERR,ERR,ERR,ERR,ERR,ERR,ERR,ERR,ERR,ERR,ERR,ERR,ERR,-107615200.0,-107616144.0,-107615040.0,2.7183478752108883e+23,0.0,-0.0,-0.0,-440357863030784.0,0,0,4,17329,7116,0.0,100,0.0,0.0,2.7183478752108883e+23,0.0,0.0,0,0,0,0,0.0,0,0,0,0,0,0,0,0,0,0,0,0,0,0,0,0,0,0,0,0,0,0,0,0,0,0,0,0,0,0,0,0,0,31,40,40,71,65476,0,300,0,0,8,21553,0.0,-107605600.0,0.0,0.0,0.0,0.0,0.0,0.0,0.0,0.0,0.0,0.0,0.0,0.0,0.0,0.0,0.0,0.0,0.0,0.0,0.0,0.0,0.0,-3.697071344610758e+19,0.0,0.0,0.0,0.0,0.0,0.0,5195.0,0.0,6913.0,-107615200.0,0.0,2.004,2.004,0.0,0.0,0.0,0.0,69,-5.848086186001959e+35,2.7184186717970306e+23,0.0,0.0,0.0,0.0,0.0,0.0,0.0,0,0,0,0.0,0.0,0.0,0.0,0.0,0.0,0.0,0.0,0.0,0.0,0.0,0.0,0.0,0.0,0.0,0.0,0,-107875648.0,69,0.0,138,0.0,2.012,ERR,ERR,ERR,ERR,ERR,ERR,ERR,ERR,ERR,ERR,ERR,ERR,ERR,ERR,ERR,ERR,ERR,ERR,ERR,ERR,ERR,ERR,ERR,ERR,ERR,ERR,ERR,ERR,ERR,ERR,ERR,ERR,ERR,ERR,ERR,ERR,ERR,ERR,ERR,ERR,ERR,ERR,ERR,ERR,ERR,ERR,ERR,ERR,ERR,ERR,ERR,ERR,ERR,ERR,ERR,ERR,ERR,ERR,ERR,ERR,ERR,ERR,ERR,ERR,ERR,ERR,ERR,60.0,60.0,35,0.0,0.0,0.0,0.0,0.0,0.0,0.0,0.0,0.0,0.0,0.0,0.0,0.0,0.0,0.0,0.0,64.8,0,150,71,58,65476,0,65476,0,1,8,20529,65476,0,0,2621,60.0,0.0,0.0,0.0,0.0,0.0
2026-07-09T15:34:22,ERR,ERR,ERR,ERR,ERR,ERR,ERR,ERR,ERR,ERR,ERR,ERR,ERR,ERR,ERR,ERR,ERR,ERR,ERR,ERR,ERR,ERR,ERR,ERR,ERR,ERR,ERR,ERR,ERR,ERR,ERR,ERR,ERR,ERR,ERR,ERR,ERR,ERR,ERR,ERR,ERR,ERR,ERR,ERR,ERR,ERR,ERR,ERR,ERR,ERR,ERR,ERR,ERR,ERR,ERR,ERR,ERR,ERR,ERR,ERR,ERR,ERR,ERR,ERR,ERR,ERR,ERR,ERR,ERR,ERR,ERR,ERR,ERR,ERR,ERR,ERR,ERR,ERR,ERR,ERR,ERR,ERR,ERR,ERR,ERR,ERR,ERR,ERR,ERR,ERR,ERR,ERR,ERR,ERR,ERR,ERR,ERR,ERR,ERR,ERR,ERR,ERR,ERR,ERR,ERR,ERR,ERR,ERR,ERR,ERR,ERR,ERR,ERR,ERR,ERR,ERR,ERR,ERR,ERR,ERR,ERR,ERR,ERR,ERR,ERR,-107615200.0,-107616144.0,-107615040.0,2.7183478752108883e+23,0.0,-0.0,-0.0,-440357863030784.0,0,0,4,17329,7116,0.0,100,0.0,0.0,2.7183478752108883e+23,0.0,0.0,0,0,0,0,0.0,0,0,0,0,0,0,0,0,0,0,0,0,0,0,0,0,0,0,0,0,0,0,0,0,0,0,0,0,0,0,0,0,0,31,40,40,71,65476,0,300,0,0,8,21553,0.0,-107605600.0,0.0,0.0,0.0,0.0,0.0,0.0,0.0,0.0,0.0,0.0,0.0,0.0,0.0,0.0,0.0,0.0,0.0,0.0,0.0,0.0,0.0,-3.697071344610758e+19,0.0,0.0,0.0,0.0,0.0,0.0,5195.0,0.0,6913.0,-107615200.0,0.0,2.004,2.004,0.0,0.0,0.0,0.0,69,-5.848086186001959e+35,2.7184186717970306e+23,0.0,0.0,0.0,0.0,0.0,0.0,0.0,0,0,0,0.0,0.0,0.0,0.0,0.0,0.0,0.0,0.0,0.0,0.0,0.0,0.0,0.0,0.0,0.0,0.0,0,-107875648.0,69,0.0,138,0.0,2.012,ERR,ERR,ERR,ERR,ERR,ERR,ERR,ERR,ERR,ERR,ERR,ERR,ERR,ERR,ERR,ERR,ERR,ERR,ERR,ERR,ERR,ERR,ERR,ERR,ERR,ERR,ERR,ERR,ERR,ERR,ERR,ERR,ERR,ERR,ERR,ERR,ERR,ERR,ERR,ERR,ERR,ERR,ERR,ERR,ERR,ERR,ERR,ERR,ERR,ERR,ERR,ERR,ERR,ERR,ERR,ERR,ERR,ERR,ERR,ERR,ERR,ERR,ERR,ERR,ERR,ERR,ERR,60.0,60.0,35,0.0,0.0,0.0,0.0,0.0,0.0,0.0,0.0,0.0,0.0,0.0,0.0,0.0,0.0,0.0,0.0,64.8,0,150,71,58,65476,0,65476,0,1,8,20529,65476,0,0,2621,60.0,0.0,0.0,0.0,0.0,0.0
2026-07-09T15:34:23,ERR,ERR,ERR,ERR,ERR,ERR,ERR,ERR,ERR,ERR,ERR,ERR,ERR,ERR,ERR,ERR,ERR,ERR,ERR,ERR,ERR,ERR,ERR,ERR,ERR,ERR,ERR,ERR,ERR,ERR,ERR,ERR,ERR,ERR,ERR,ERR,ERR,ERR,ERR,ERR,ERR,ERR,ERR,ERR,ERR,ERR,ERR,ERR,ERR,ERR,ERR,ERR,ERR,ERR,ERR,ERR,ERR,ERR,ERR,ERR,ERR,ERR,ERR,ERR,ERR,ERR,ERR,ERR,ERR,ERR,ERR,ERR,ERR,ERR,ERR,ERR,ERR,ERR,ERR,ERR,ERR,ERR,ERR,ERR,ERR,ERR,ERR,ERR,ERR,ERR,ERR,ERR,ERR,ERR,ERR,ERR,ERR,ERR,ERR,ERR,ERR,ERR,ERR,ERR,ERR,ERR,ERR,ERR,ERR,ERR,ERR,ERR,ERR,ERR,ERR,ERR,ERR,ERR,ERR,ERR,ERR,ERR,ERR,ERR,ERR,-107615200.0,-107616144.0,-107615040.0,2.7183478752108883e+23,0.0,-0.0,-0.0,-440357863030784.0,0,0,4,17329,7116,0.0,100,0.0,0.0,2.7183478752108883e+23,0.0,0.0,0,0,0,0,0.0,0,0,0,0,0,0,0,0,0,0,0,0,0,0,0,0,0,0,0,0,0,0,0,0,0,0,0,0,0,0,0,0,0,31,40,40,71,65476,0,300,0,0,8,21553,0.0,-107605600.0,0.0,0.0,0.0,0.0,0.0,0.0,0.0,0.0,0.0,0.0,0.0,0.0,0.0,0.0,0.0,0.0,0.0,0.0,0.0,0.0,0.0,-3.697071344610758e+19,0.0,0.0,0.0,0.0,0.0,0.0,5195.0,0.0,6913.0,-107615200.0,0.0,2.004,2.004,0.0,0.0,0.0,0.0,69,-5.848086186001959e+35,2.7184186717970306e+23,0.0,0.0,0.0,0.0,0.0,0.0,0.0,0,0,0,0.0,0.0,0.0,0.0,0.0,0.0,0.0,0.0,0.0,0.0,0.0,0.0,0.0,0.0,0.0,0.0,0,-107875648.0,69,0.0,138,0.0,2.012,ERR,ERR,ERR,ERR,ERR,ERR,ERR,ERR,ERR,ERR,ERR,ERR,ERR,ERR,ERR,ERR,ERR,ERR,ERR,ERR,ERR,ERR,ERR,ERR,ERR,ERR,ERR,ERR,ERR,ERR,ERR,ERR,ERR,ERR,ERR,ERR,ERR,ERR,ERR,ERR,ERR,ERR,ERR,ERR,ERR,ERR,ERR,ERR,ERR,ERR,ERR,ERR,ERR,ERR,ERR,ERR,ERR,ERR,ERR,ERR,ERR,ERR,ERR,ERR,ERR,ERR,ERR,60.0,60.0,35,0.0,0.0,0.0,0.0,0.0,0.0,0.0,0.0,0.0,0.0,0.0,0.0,0.0,0.0,0.0,0.0,64.8,0,150,71,58,65476,0,65476,0,1,8,20529,65476,0,0,2621,60.0,0.0,0.0,0.0,0.0,0.0
2026-07-09T15:34:24,ERR,ERR,ERR,ERR,ERR,ERR,ERR,ERR,ERR,ERR,ERR,ERR,ERR,ERR,ERR,ERR,ERR,ERR,ERR,ERR,ERR,ERR,ERR,ERR,ERR,ERR,ERR,ERR,ERR,ERR,ERR,ERR,ERR,ERR,ERR,ERR,ERR,ERR,ERR,ERR,ERR,ERR,ERR,ERR,ERR,ERR,ERR,ERR,ERR,ERR,ERR,ERR,ERR,ERR,ERR,ERR,ERR,ERR,ERR,ERR,ERR,ERR,ERR,ERR,ERR,ERR,ERR,ERR,ERR,ERR,ERR,ERR,ERR,ERR,ERR,ERR,ERR,ERR,ERR,ERR,ERR,ERR,ERR,ERR,ERR,ERR,ERR,ERR,ERR,ERR,ERR,ERR,ERR,ERR,ERR,ERR,ERR,ERR,ERR,ERR,ERR,ERR,ERR,ERR,ERR,ERR,ERR,ERR,ERR,ERR,ERR,ERR,ERR,ERR,ERR,ERR,ERR,ERR,ERR,ERR,ERR,ERR,ERR,ERR,ERR,-107615200.0,0.0,0.0,2.7183478752108883e+23,8.525800119497236e+37,-0.0,-0.0,285187.25,0,0,4,17329,7116,0.0,100,0.0,0.0,2.7183478752108883e+23,0.0,0.0,0,0,0,0,0.0,0,0,0,0,0,0,0,0,0,0,0,0,0,0,0,0,0,0,0,0,0,0,0,0,0,0,0,0,0,0,0,0,0,31,40,40,71,65476,0,300,0,0,8,21553,0.0,-107605600.0,0.0,0.0,0.0,0.0,0.0,0.0,0.0,0.0,0.0,0.0,0.0,0.0,0.0,0.0,0.0,0.0,0.0,0.0,0.0,0.0,0.0,-3.697071344610758e+19,0.0,0.0,0.0,0.0,0.0,0.0,5168.0,-2.004,6936.0,-107615200.0,-107616144.0,2.004,2.004,0.0,0.0,0.0,0.0,69,0.0,0.0,0.0,0.0,0.0,0.0,0.0,0.0,0.0,0,0,0,0.0,0.0,0.0,0.0,0.0,0.0,0.0,0.0,0.0,0.0,0.0,0.0,0.0,0.0,0.0,0.0,0,-107875648.0,69,0.0,138,0.0,2.012,ERR,ERR,ERR,ERR,ERR,ERR,ERR,ERR,ERR,ERR,ERR,ERR,ERR,ERR,ERR,ERR,ERR,ERR,ERR,ERR,ERR,ERR,ERR,ERR,ERR,ERR,ERR,ERR,ERR,ERR,ERR,ERR,ERR,ERR,ERR,ERR,ERR,ERR,ERR,ERR,ERR,ERR,ERR,ERR,ERR,ERR,ERR,ERR,ERR,ERR,ERR,ERR,ERR,ERR,ERR,ERR,ERR,ERR,ERR,ERR,ERR,ERR,ERR,ERR,ERR,ERR,ERR,60.0,60.0,35,0.0,0.0,0.0,0.0,0.0,0.0,0.0,0.0,0.0,0.0,0.0,0.0,0.0,0.0,0.0,0.0,64.8,0,150,71,58,65476,0,65476,0,1,8,20529,65476,0,0,2621,60.0,0.0,0.0,0.0,0.0,0.0
2026-07-09T15:34:25,ERR,ERR,ERR,ERR,ERR,ERR,ERR,ERR,ERR,ERR,ERR,ERR,ERR,ERR,ERR,ERR,ERR,ERR,ERR,ERR,ERR,ERR,ERR,ERR,ERR,ERR,ERR,ERR,ERR,ERR,ERR,ERR,ERR,ERR,ERR,ERR,ERR,ERR,ERR,ERR,ERR,ERR,ERR,ERR,ERR,ERR,ERR,ERR,ERR,ERR,ERR,ERR,ERR,ERR,ERR,ERR,ERR,ERR,ERR,ERR,ERR,ERR,ERR,ERR,ERR,ERR,ERR,ERR,ERR,ERR,ERR,ERR,ERR,ERR,ERR,ERR,ERR,ERR,ERR,ERR,ERR,ERR,ERR,ERR,ERR,ERR,ERR,ERR,ERR,ERR,ERR,ERR,ERR,ERR,ERR,ERR,ERR,ERR,ERR,ERR,ERR,ERR,ERR,ERR,ERR,ERR,ERR,ERR,ERR,ERR,ERR,ERR,ERR,ERR,ERR,ERR,ERR,ERR,ERR,ERR,ERR,ERR,ERR,ERR,ERR,-107615200.0,0.0,0.0,2.7183478752108883e+23,8.525800119497236e+37,-0.0,-0.0,285187.25,0,0,4,17329,7116,0.0,100,0.0,0.0,2.7183478752108883e+23,0.0,0.0,0,0,0,0,0.0,0,0,0,0,0,0,0,0,0,0,0,0,0,0,0,0,0,0,0,0,0,0,0,0,0,0,0,0,0,0,0,0,0,31,40,40,71,65476,0,300,0,0,8,21553,0.0,-107605600.0,0.0,0.0,0.0,0.0,0.0,0.0,0.0,0.0,0.0,0.0,0.0,0.0,0.0,0.0,0.0,0.0,0.0,0.0,0.0,0.0,0.0,-3.697071344610758e+19,0.0,0.0,0.0,0.0,0.0,0.0,5168.0,-2.004,6936.0,-107615200.0,-107616144.0,2.004,2.004,0.0,0.0,0.0,0.0,69,0.0,0.0,0.0,0.0,0.0,0.0,0.0,0.0,0.0,0,0,0,0.0,0.0,0.0,0.0,0.0,0.0,0.0,0.0,0.0,0.0,0.0,0.0,0.0,0.0,0.0,0.0,0,-107875648.0,69,0.0,138,0.0,2.012,ERR,ERR,ERR,ERR,ERR,ERR,ERR,ERR,ERR,ERR,ERR,ERR,ERR,ERR,ERR,ERR,ERR,ERR,ERR,ERR,ERR,ERR,ERR,ERR,ERR,ERR,ERR,ERR,ERR,ERR,ERR,ERR,ERR,ERR,ERR,ERR,ERR,ERR,ERR,ERR,ERR,ERR,ERR,ERR,ERR,ERR,ERR,ERR,ERR,ERR,ERR,ERR,ERR,ERR,ERR,ERR,ERR,ERR,ERR,ERR,ERR,ERR,ERR,ERR,ERR,ERR,ERR,60.0,60.0,35,0.0,0.0,0.0,0.0,0.0,0.0,0.0,0.0,0.0,0.0,0.0,0.0,0.0,0.0,0.0,0.0,64.8,0,150,71,58,65476,0,65476,0,1,8,20529,65476,0,0,2621,60.0,0.0,0.0,0.0,0.0,0.0
2026-07-09T15:34:26,ERR,ERR,ERR,ERR,ERR,ERR,ERR,ERR,ERR,ERR,ERR,ERR,ERR,ERR,ERR,ERR,ERR,ERR,ERR,ERR,ERR,ERR,ERR,ERR,ERR,ERR,ERR,ERR,ERR,ERR,ERR,ERR,ERR,ERR,ERR,ERR,ERR,ERR,ERR,ERR,ERR,ERR,ERR,ERR,ERR,ERR,ERR,ERR,ERR,ERR,ERR,ERR,ERR,ERR,ERR,ERR,ERR,ERR,ERR,ERR,ERR,ERR,ERR,ERR,ERR,ERR,ERR,ERR,ERR,ERR,ERR,ERR,ERR,ERR,ERR,ERR,ERR,ERR,ERR,ERR,ERR,ERR,ERR,ERR,ERR,ERR,ERR,ERR,ERR,ERR,ERR,ERR,ERR,ERR,ERR,ERR,ERR,ERR,ERR,ERR,ERR,ERR,ERR,ERR,ERR,ERR,ERR,ERR,ERR,ERR,ERR,ERR,ERR,ERR,ERR,ERR,ERR,ERR,ERR,ERR,ERR,ERR,ERR,ERR,ERR,-107615200.0,0.0,0.0,2.7183478752108883e+23,8.525800119497236e+37,-0.0,-0.0,285187.25,0,0,4,17329,7116,0.0,100,0.0,0.0,2.7183478752108883e+23,0.0,0.0,0,0,0,0,0.0,0,0,0,0,0,0,0,0,0,0,0,0,0,0,0,0,0,0,0,0,0,0,0,0,0,0,0,0,0,0,0,0,0,31,40,40,71,65476,0,300,0,0,8,21553,0.0,-107605600.0,0.0,0.0,0.0,0.0,0.0,0.0,0.0,0.0,0.0,0.0,0.0,0.0,0.0,0.0,0.0,0.0,0.0,0.0,0.0,0.0,0.0,-3.697071344610758e+19,0.0,0.0,0.0,0.0,0.0,0.0,5168.0,-2.004,6936.0,-107615200.0,-107616144.0,2.004,2.004,0.0,0.0,0.0,0.0,69,0.0,0.0,0.0,0.0,0.0,0.0,0.0,0.0,0.0,0,0,0,0.0,0.0,0.0,0.0,0.0,0.0,0.0,0.0,0.0,0.0,0.0,0.0,0.0,0.0,0.0,0.0,0,-107875648.0,69,0.0,138,0.0,2.012,ERR,ERR,ERR,ERR,ERR,ERR,ERR,ERR,ERR,ERR,ERR,ERR,ERR,ERR,ERR,ERR,ERR,ERR,ERR,ERR,ERR,ERR,ERR,ERR,ERR,ERR,ERR,ERR,ERR,ERR,ERR,ERR,ERR,ERR,ERR,ERR,ERR,ERR,ERR,ERR,ERR,ERR,ERR,ERR,ERR,ERR,ERR,ERR,ERR,ERR,ERR,ERR,ERR,ERR,ERR,ERR,ERR,ERR,ERR,ERR,ERR,ERR,ERR,ERR,ERR,ERR,ERR,60.0,60.0,35,0.0,0.0,0.0,0.0,0.0,0.0,0.0,0.0,0.0,0.0,0.0,0.0,0.0,0.0,0.0,0.0,64.8,0,150,71,58,65476,0,65476,0,1,8,20529,65476,0,0,2621,60.0,0.0,0.0,0.0,0.0,0.0
2026-07-09T15:34:27,ERR,ERR,ERR,ERR,ERR,ERR,ERR,ERR,ERR,ERR,ERR,ERR,ERR,ERR,ERR,ERR,ERR,ERR,ERR,ERR,ERR,ERR,ERR,ERR,ERR,ERR,ERR,ERR,ERR,ERR,ERR,ERR,ERR,ERR,ERR,ERR,ERR,ERR,ERR,ERR,ERR,ERR,ERR,ERR,ERR,ERR,ERR,ERR,ERR,ERR,ERR,ERR,ERR,ERR,ERR,ERR,ERR,ERR,ERR,ERR,ERR,ERR,ERR,ERR,ERR,ERR,ERR,ERR,ERR,ERR,ERR,ERR,ERR,ERR,ERR,ERR,ERR,ERR,ERR,ERR,ERR,ERR,ERR,ERR,ERR,ERR,ERR,ERR,ERR,ERR,ERR,ERR,ERR,ERR,ERR,ERR,ERR,ERR,ERR,ERR,ERR,ERR,ERR,ERR,ERR,ERR,ERR,ERR,ERR,ERR,ERR,ERR,ERR,ERR,ERR,ERR,ERR,ERR,ERR,ERR,ERR,ERR,ERR,ERR,ERR,-107615200.0,0.0,0.0,2.7183478752108883e+23,8.525800119497236e+37,-0.0,-0.0,285187.25,0,0,4,17329,7116,0.0,100,0.0,0.0,2.7183478752108883e+23,0.0,0.0,0,0,0,0,0.0,0,0,0,0,0,0,0,0,0,0,0,0,0,0,0,0,0,0,0,0,0,0,0,0,0,0,0,0,0,0,0,0,0,31,40,40,71,65476,0,300,0,0,8,21553,0.0,-107605600.0,0.0,0.0,0.0,0.0,0.0,0.0,0.0,0.0,0.0,0.0,0.0,0.0,0.0,0.0,0.0,0.0,0.0,0.0,0.0,0.0,0.0,-3.697071344610758e+19,0.0,0.0,0.0,0.0,0.0,0.0,5168.0,-2.004,6936.0,-107615200.0,-107616144.0,2.004,2.004,0.0,0.0,0.0,0.0,69,0.0,0.0,0.0,0.0,0.0,0.0,0.0,0.0,0.0,0,0,0,0.0,0.0,0.0,0.0,0.0,0.0,0.0,0.0,0.0,0.0,0.0,0.0,0.0,0.0,0.0,0.0,0,-107875648.0,69,0.0,138,0.0,2.012,ERR,ERR,ERR,ERR,ERR,ERR,ERR,ERR,ERR,ERR,ERR,ERR,ERR,ERR,ERR,ERR,ERR,ERR,ERR,ERR,ERR,ERR,ERR,ERR,ERR,ERR,ERR,ERR,ERR,ERR,ERR,ERR,ERR,ERR,ERR,ERR,ERR,ERR,ERR,ERR,ERR,ERR,ERR,ERR,ERR,ERR,ERR,ERR,ERR,ERR,ERR,ERR,ERR,ERR,ERR,ERR,ERR,ERR,ERR,ERR,ERR,ERR,ERR,ERR,ERR,ERR,ERR,60.0,60.0,35,0.0,0.0,0.0,0.0,0.0,0.0,0.0,0.0,0.0,0.0,0.0,0.0,0.0,0.0,0.0,0.0,64.8,0,150,71,58,65476,0,65476,0,1,8,20529,65476,0,0,2621,60.0,0.0,0.0,0.0,0.0,0.0
2026-07-09T15:34:28,ERR,ERR,ERR,ERR,ERR,ERR,ERR,ERR,ERR,ERR,ERR,ERR,ERR,ERR,ERR,ERR,ERR,ERR,ERR,ERR,ERR,ERR,ERR,ERR,ERR,ERR,ERR,ERR,ERR,ERR,ERR,ERR,ERR,ERR,ERR,ERR,ERR,ERR,ERR,ERR,ERR,ERR,ERR,ERR,ERR,ERR,ERR,ERR,ERR,ERR,ERR,ERR,ERR,ERR,ERR,ERR,ERR,ERR,ERR,ERR,ERR,ERR,ERR,ERR,ERR,ERR,ERR,ERR,ERR,ERR,ERR,ERR,ERR,ERR,ERR,ERR,ERR,ERR,ERR,ERR,ERR,ERR,ERR,ERR,ERR,ERR,ERR,ERR,ERR,ERR,ERR,ERR,ERR,ERR,ERR,ERR,ERR,ERR,ERR,ERR,ERR,ERR,ERR,ERR,ERR,ERR,ERR,ERR,ERR,ERR,ERR,ERR,ERR,ERR,ERR,ERR,ERR,ERR,ERR,ERR,ERR,ERR,ERR,ERR,ERR,-107615200.0,0.0,0.0,2.7183478752108883e+23,8.525800119497236e+37,-0.0,-0.0,285187.25,0,0,4,17329,7116,0.0,100,0.0,0.0,2.7183478752108883e+23,0.0,0.0,0,0,0,0,0.0,0,0,0,0,0,0,0,0,0,0,0,0,0,0,0,0,0,0,0,0,0,0,0,0,0,0,0,0,0,0,0,0,0,31,40,40,71,65476,0,300,0,0,8,21553,0.0,-107605600.0,0.0,0.0,0.0,0.0,0.0,0.0,0.0,0.0,0.0,0.0,0.0,0.0,0.0,0.0,0.0,0.0,0.0,0.0,0.0,0.0,0.0,-3.697071344610758e+19,0.0,0.0,0.0,0.0,0.0,0.0,5168.0,-2.004,6936.0,-107615200.0,-107616144.0,2.004,2.004,0.0,0.0,0.0,0.0,69,0.0,0.0,0.0,0.0,0.0,0.0,0.0,0.0,0.0,0,0,0,0.0,0.0,0.0,0.0,0.0,0.0,0.0,0.0,0.0,0.0,0.0,0.0,0.0,0.0,0.0,0.0,0,-107875648.0,69,0.0,138,0.0,2.012,ERR,ERR,ERR,ERR,ERR,ERR,ERR,ERR,ERR,ERR,ERR,ERR,ERR,ERR,ERR,ERR,ERR,ERR,ERR,ERR,ERR,ERR,ERR,ERR,ERR,ERR,ERR,ERR,ERR,ERR,ERR,ERR,ERR,ERR,ERR,ERR,ERR,ERR,ERR,ERR,ERR,ERR,ERR,ERR,ERR,ERR,ERR,ERR,ERR,ERR,ERR,ERR,ERR,ERR,ERR,ERR,ERR,ERR,ERR,ERR,ERR,ERR,ERR,ERR,ERR,ERR,ERR,60.0,60.0,35,0.0,0.0,0.0,0.0,0.0,0.0,0.0,0.0,0.0,0.0,0.0,0.0,0.0,0.0,0.0,0.0,64.8,0,150,71,58,65476,0,65476,0,1,8,20529,65476,0,0,2621,60.0,0.0,0.0,0.0,0.0,0.0
2026-07-09T15:34:29,ERR,ERR,ERR,ERR,ERR,ERR,ERR,ERR,ERR,ERR,ERR,ERR,ERR,ERR,ERR,ERR,ERR,ERR,ERR,ERR,ERR,ERR,ERR,ERR,ERR,ERR,ERR,ERR,ERR,ERR,ERR,ERR,ERR,ERR,ERR,ERR,ERR,ERR,ERR,ERR,ERR,ERR,ERR,ERR,ERR,ERR,ERR,ERR,ERR,ERR,ERR,ERR,ERR,ERR,ERR,ERR,ERR,ERR,ERR,ERR,ERR,ERR,ERR,ERR,ERR,ERR,ERR,ERR,ERR,ERR,ERR,ERR,ERR,ERR,ERR,ERR,ERR,ERR,ERR,ERR,ERR,ERR,ERR,ERR,ERR,ERR,ERR,ERR,ERR,ERR,ERR,ERR,ERR,ERR,ERR,ERR,ERR,ERR,ERR,ERR,ERR,ERR,ERR,ERR,ERR,ERR,ERR,ERR,ERR,ERR,ERR,ERR,ERR,ERR,ERR,ERR,ERR,ERR,ERR,ERR,ERR,ERR,ERR,ERR,ERR,-107615200.0,-0.0,2.730229091603832e+23,0.0,0.0,4.2691857823794245e+25,9.363676378480723e+28,-929093969248256.0,0,0,4,17332,7116,0.0,100,0.0,0.0,0.0,0.0,0.0,0,0,0,0,0.0,0,0,0,0,0,0,0,0,0,0,0,0,0,0,0,0,0,0,0,0,0,0,0,0,0,0,0,0,0,0,0,0,0,31,40,40,71,65476,0,300,0,0,8,21553,0.0,-107605600.0,0.0,0.0,0.0,0.0,0.0,0.0,0.0,0.0,0.0,0.0,0.0,0.0,0.0,0.0,0.0,0.0,0.0,0.0,0.0,0.0,0.0,-0.0,0.0,0.0,0.0,0.0,0.0,0.0,5170.0,-0.0,6928.0,-107615200.0,2.718448035266601e+23,2.004,2.004,0.0,0.0,0.0,0.0,69,0.0,-0.0,0.0,0.0,0.0,0.0,0.0,0.0,0.0,0,0,0,0.0,0.0,0.0,0.0,0.0,0.0,0.0,0.0,0.0,0.0,0.0,0.0,0.0,0.0,0.0,0.0,0,-107875648.0,69,0.0,138,0.0,2.012,ERR,ERR,ERR,ERR,ERR,ERR,ERR,ERR,ERR,ERR,ERR,ERR,ERR,ERR,ERR,ERR,ERR,ERR,ERR,ERR,ERR,ERR,ERR,ERR,ERR,ERR,ERR,ERR,ERR,ERR,ERR,ERR,ERR,ERR,ERR,ERR,ERR,ERR,ERR,ERR,ERR,ERR,ERR,ERR,ERR,ERR,ERR,ERR,ERR,ERR,ERR,ERR,ERR,ERR,ERR,ERR,ERR,ERR,ERR,ERR,ERR,ERR,ERR,ERR,ERR,ERR,ERR,60.0,60.0,35,0.0,0.0,0.0,0.0,0.0,0.0,0.0,0.0,0.0,0.0,0.0,0.0,0.0,0.0,0.0,0.0,65.2,0,150,71,58,65476,0,65476,0,1,8,20529,65476,0,0,2621,60.0,0.0,0.0,0.0,0.0,0.0
2026-07-09T15:34:30,ERR,ERR,ERR,ERR,ERR,ERR,ERR,ERR,ERR,ERR,ERR,ERR,ERR,ERR,ERR,ERR,ERR,ERR,ERR,ERR,ERR,ERR,ERR,ERR,ERR,ERR,ERR,ERR,ERR,ERR,ERR,ERR,ERR,ERR,ERR,ERR,ERR,ERR,ERR,ERR,ERR,ERR,ERR,ERR,ERR,ERR,ERR,ERR,ERR,ERR,ERR,ERR,ERR,ERR,ERR,ERR,ERR,ERR,ERR,ERR,ERR,ERR,ERR,ERR,ERR,ERR,ERR,ERR,ERR,ERR,ERR,ERR,ERR,ERR,ERR,ERR,ERR,ERR,ERR,ERR,ERR,ERR,ERR,ERR,ERR,ERR,ERR,ERR,ERR,ERR,ERR,ERR,ERR,ERR,ERR,ERR,ERR,ERR,ERR,ERR,ERR,ERR,ERR,ERR,ERR,ERR,ERR,ERR,ERR,ERR,ERR,ERR,ERR,ERR,ERR,ERR,ERR,ERR,ERR,ERR,ERR,ERR,ERR,ERR,ERR,-107615200.0,-0.0,2.730229091603832e+23,0.0,0.0,4.2691857823794245e+25,9.363676378480723e+28,-929093969248256.0,0,0,4,17332,7116,0.0,100,0.0,0.0,0.0,0.0,0.0,0,0,0,0,0.0,0,0,0,0,0,0,0,0,0,0,0,0,0,0,0,0,0,0,0,0,0,0,0,0,0,0,0,0,0,0,0,0,0,31,40,40,71,65476,0,300,0,0,8,21553,0.0,-107605600.0,0.0,0.0,0.0,0.0,0.0,0.0,0.0,0.0,0.0,0.0,0.0,0.0,0.0,0.0,0.0,0.0,0.0,0.0,0.0,0.0,0.0,-0.0,0.0,0.0,0.0,0.0,0.0,0.0,5170.0,-0.0,6928.0,-107615200.0,2.718448035266601e+23,2.004,2.004,0.0,0.0,0.0,0.0,69,0.0,-0.0,0.0,0.0,0.0,0.0,0.0,0.0,0.0,0,0,0,0.0,0.0,0.0,0.0,0.0,0.0,0.0,0.0,0.0,0.0,0.0,0.0,0.0,0.0,0.0,0.0,0,-107875648.0,69,0.0,138,0.0,2.012,ERR,ERR,ERR,ERR,ERR,ERR,ERR,ERR,ERR,ERR,ERR,ERR,ERR,ERR,ERR,ERR,ERR,ERR,ERR,ERR,ERR,ERR,ERR,ERR,ERR,ERR,ERR,ERR,ERR,ERR,ERR,ERR,ERR,ERR,ERR,ERR,ERR,ERR,ERR,ERR,ERR,ERR,ERR,ERR,ERR,ERR,ERR,ERR,ERR,ERR,ERR,ERR,ERR,ERR,ERR,ERR,ERR,ERR,ERR,ERR,ERR,ERR,ERR,ERR,ERR,ERR,ERR,60.0,60.0,35,0.0,0.0,0.0,0.0,0.0,0.0,0.0,0.0,0.0,0.0,0.0,0.0,0.0,0.0,0.0,0.0,64.8,0,150,71,58,65476,0,65476,0,1,8,20529,65476,0,0,2621,60.0,0.0,0.0,0.0,0.0,0.0
2026-07-09T15:34:31,ERR,ERR,ERR,ERR,ERR,ERR,ERR,ERR,ERR,ERR,ERR,ERR,ERR,ERR,ERR,ERR,ERR,ERR,ERR,ERR,ERR,ERR,ERR,ERR,ERR,ERR,ERR,ERR,ERR,ERR,ERR,ERR,ERR,ERR,ERR,ERR,ERR,ERR,ERR,ERR,ERR,ERR,ERR,ERR,ERR,ERR,ERR,ERR,ERR,ERR,ERR,ERR,ERR,ERR,ERR,ERR,ERR,ERR,ERR,ERR,ERR,ERR,ERR,ERR,ERR,ERR,ERR,ERR,ERR,ERR,ERR,ERR,ERR,ERR,ERR,ERR,ERR,ERR,ERR,ERR,ERR,ERR,ERR,ERR,ERR,ERR,ERR,ERR,ERR,ERR,ERR,ERR,ERR,ERR,ERR,ERR,ERR,ERR,ERR,ERR,ERR,ERR,ERR,ERR,ERR,ERR,ERR,ERR,ERR,ERR,ERR,ERR,ERR,ERR,ERR,ERR,ERR,ERR,ERR,ERR,ERR,ERR,ERR,ERR,ERR,-107615200.0,-0.0,2.730229091603832e+23,0.0,0.0,4.2691857823794245e+25,9.363676378480723e+28,-929093969248256.0,0,0,4,17332,7116,0.0,100,0.0,0.0,0.0,0.0,0.0,0,0,0,0,0.0,0,0,0,0,0,0,0,0,0,0,0,0,0,0,0,0,0,0,0,0,0,0,0,0,0,0,0,0,0,0,0,0,0,31,40,40,71,65476,0,300,0,0,8,21553,0.0,-107605600.0,0.0,0.0,0.0,0.0,0.0,0.0,0.0,0.0,0.0,0.0,0.0,0.0,0.0,0.0,0.0,0.0,0.0,0.0,0.0,0.0,0.0,-0.0,0.0,0.0,0.0,0.0,0.0,0.0,5170.0,-0.0,6928.0,-107615200.0,2.718448035266601e+23,2.004,2.004,0.0,0.0,0.0,0.0,69,0.0,-0.0,0.0,0.0,0.0,0.0,0.0,0.0,0.0,0,0,0,0.0,0.0,0.0,0.0,0.0,0.0,0.0,0.0,0.0,0.0,0.0,0.0,0.0,0.0,0.0,0.0,0,-107875648.0,69,0.0,138,0.0,2.012,ERR,ERR,ERR,ERR,ERR,ERR,ERR,ERR,ERR,ERR,ERR,ERR,ERR,ERR,ERR,ERR,ERR,ERR,ERR,ERR,ERR,ERR,ERR,ERR,ERR,ERR,ERR,ERR,ERR,ERR,ERR,ERR,ERR,ERR,ERR,ERR,ERR,ERR,ERR,ERR,ERR,ERR,ERR,ERR,ERR,ERR,ERR,ERR,ERR,ERR,ERR,ERR,ERR,ERR,ERR,ERR,ERR,ERR,ERR,ERR,ERR,ERR,ERR,ERR,ERR,ERR,ERR,60.0,60.0,35,0.0,0.0,0.0,0.0,0.0,0.0,0.0,0.0,0.0,0.0,0.0,0.0,0.0,0.0,0.0,0.0,64.8,0,150,71,58,65476,0,65476,0,1,8,20529,65476,0,0,2621,60.0,0.0,0.0,0.0,0.0,0.0
2026-07-09T15:34:32,ERR,ERR,ERR,ERR,ERR,ERR,ERR,ERR,ERR,ERR,ERR,ERR,ERR,ERR,ERR,ERR,ERR,ERR,ERR,ERR,ERR,ERR,ERR,ERR,ERR,ERR,ERR,ERR,ERR,ERR,ERR,ERR,ERR,ERR,ERR,ERR,ERR,ERR,ERR,ERR,ERR,ERR,ERR,ERR,ERR,ERR,ERR,ERR,ERR,ERR,ERR,ERR,ERR,ERR,ERR,ERR,ERR,ERR,ERR,ERR,ERR,ERR,ERR,ERR,ERR,ERR,ERR,ERR,ERR,ERR,ERR,ERR,ERR,ERR,ERR,ERR,ERR,ERR,ERR,ERR,ERR,ERR,ERR,ERR,ERR,ERR,ERR,ERR,ERR,ERR,ERR,ERR,ERR,ERR,ERR,ERR,ERR,ERR,ERR,ERR,ERR,ERR,ERR,ERR,ERR,ERR,ERR,ERR,ERR,ERR,ERR,ERR,ERR,ERR,ERR,ERR,ERR,ERR,ERR,ERR,ERR,ERR,ERR,ERR,ERR,-107615200.0,-0.0,2.730229091603832e+23,0.0,0.0,4.2691857823794245e+25,9.363676378480723e+28,-929093969248256.0,0,0,4,17332,7116,0.0,100,0.0,0.0,0.0,0.0,0.0,0,0,0,0,0.0,0,0,0,0,0,0,0,0,0,0,0,0,0,0,0,0,0,0,0,0,0,0,0,0,0,0,0,0,0,0,0,0,0,31,40,40,71,65476,0,300,0,0,8,21553,0.0,-107605600.0,0.0,0.0,0.0,0.0,0.0,0.0,0.0,0.0,0.0,0.0,0.0,0.0,0.0,0.0,0.0,0.0,0.0,0.0,0.0,0.0,0.0,-0.0,0.0,0.0,0.0,0.0,0.0,0.0,5170.0,-0.0,6928.0,-107615200.0,2.718448035266601e+23,2.004,2.004,0.0,0.0,0.0,0.0,69,0.0,-0.0,0.0,0.0,0.0,0.0,0.0,0.0,0.0,0,0,0,0.0,0.0,0.0,0.0,0.0,0.0,0.0,0.0,0.0,0.0,0.0,0.0,0.0,0.0,0.0,0.0,0,-107875648.0,69,0.0,138,0.0,2.012,ERR,ERR,ERR,ERR,ERR,ERR,ERR,ERR,ERR,ERR,ERR,ERR,ERR,ERR,ERR,ERR,ERR,ERR,ERR,ERR,ERR,ERR,ERR,ERR,ERR,ERR,ERR,ERR,ERR,ERR,ERR,ERR,ERR,ERR,ERR,ERR,ERR,ERR,ERR,ERR,ERR,ERR,ERR,ERR,ERR,ERR,ERR,ERR,ERR,ERR,ERR,ERR,ERR,ERR,ERR,ERR,ERR,ERR,ERR,ERR,ERR,ERR,ERR,ERR,ERR,ERR,ERR,60.0,60.0,35,0.0,0.0,0.0,0.0,0.0,0.0,0.0,0.0,0.0,0.0,0.0,0.0,0.0,0.0,0.0,0.0,64.8,0,150,71,58,65476,0,65476,0,1,8,20529,65476,0,0,2621,60.0,0.0,0.0,0.0,0.0,0.0
2026-07-09T15:34:33,ERR,ERR,ERR,ERR,ERR,ERR,ERR,ERR,ERR,ERR,ERR,ERR,ERR,ERR,ERR,ERR,ERR,ERR,ERR,ERR,ERR,ERR,ERR,ERR,ERR,ERR,ERR,ERR,ERR,ERR,ERR,ERR,ERR,ERR,ERR,ERR,ERR,ERR,ERR,ERR,ERR,ERR,ERR,ERR,ERR,ERR,ERR,ERR,ERR,ERR,ERR,ERR,ERR,ERR,ERR,ERR,ERR,ERR,ERR,ERR,ERR,ERR,ERR,ERR,ERR,ERR,ERR,ERR,ERR,ERR,ERR,ERR,ERR,ERR,ERR,ERR,ERR,ERR,ERR,ERR,ERR,ERR,ERR,ERR,ERR,ERR,ERR,ERR,ERR,ERR,ERR,ERR,ERR,ERR,ERR,ERR,ERR,ERR,ERR,ERR,ERR,ERR,ERR,ERR,ERR,ERR,ERR,ERR,ERR,ERR,ERR,ERR,ERR,ERR,ERR,ERR,ERR,ERR,ERR,ERR,ERR,ERR,ERR,ERR,ERR,2.7184267782763598e+23,-0.0,-108139328.0,2.7183478752108883e+23,0.0,124546.82,752814784512.0,0.0,0,0,4,17329,7116,0.0,100,0.0,0.0,2.7183478752108883e+23,0.0,0.0,0,0,0,0,0.0,0,0,0,0,0,0,0,0,0,0,0,0,0,0,0,0,0,0,0,0,0,0,0,0,0,0,0,0,0,0,0,0,0,31,40,40,71,65476,0,300,0,0,8,21553,0.0,-107605600.0,0.0,0.0,0.0,0.0,0.0,0.0,0.0,0.0,0.0,0.0,0.0,0.0,0.0,0.0,0.0,0.0,0.0,0.0,0.0,0.0,-2.004,-2.004,0.0,0.0,0.0,0.0,0.0,0.0,5173.0,8608187392.0,6922.0,2.7184267782763598e+23,-107616144.0,2.004,2.004,0.0,0.0,0.0,0.0,69,0.0,5.848058060004267e+35,0.0,0.0,0.0,0.0,0.0,0.0,0.0,0,0,0,0.0,0.0,0.0,0.0,0.0,0.0,0.0,0.0,0.0,0.0,0.0,0.0,0.0,0.0,0.0,0.0,0,-107875648.0,69,0.0,138,0.0,2.012,ERR,ERR,ERR,ERR,ERR,ERR,ERR,ERR,ERR,ERR,ERR,ERR,ERR,ERR,ERR,ERR,ERR,ERR,ERR,ERR,ERR,ERR,ERR,ERR,ERR,ERR,ERR,ERR,ERR,ERR,ERR,ERR,ERR,ERR,ERR,ERR,ERR,ERR,ERR,ERR,ERR,ERR,ERR,ERR,ERR,ERR,ERR,ERR,ERR,ERR,ERR,ERR,ERR,ERR,ERR,ERR,ERR,ERR,ERR,ERR,ERR,ERR,ERR,ERR,ERR,ERR,ERR,60.0,60.0,35,0.0,0.0,0.0,0.0,0.0,0.0,0.0,0.0,0.0,0.0,0.0,0.0,0.0,0.0,0.0,0.0,64.8,0,150,71,58,65476,0,65476,0,1,8,20529,65476,0,0,2621,60.0,0.0,0.0,0.0,0.0,0.0
2026-07-09T15:34:34,ERR,ERR,ERR,ERR,ERR,ERR,ERR,ERR,ERR,ERR,ERR,ERR,ERR,ERR,ERR,ERR,ERR,ERR,ERR,ERR,ERR,ERR,ERR,ERR,ERR,ERR,ERR,ERR,ERR,ERR,ERR,ERR,ERR,ERR,ERR,ERR,ERR,ERR,ERR,ERR,ERR,ERR,ERR,ERR,ERR,ERR,ERR,ERR,ERR,ERR,ERR,ERR,ERR,ERR,ERR,ERR,ERR,ERR,ERR,ERR,ERR,ERR,ERR,ERR,ERR,ERR,ERR,ERR,ERR,ERR,ERR,ERR,ERR,ERR,ERR,ERR,ERR,ERR,ERR,ERR,ERR,ERR,ERR,ERR,ERR,ERR,ERR,ERR,ERR,ERR,ERR,ERR,ERR,ERR,ERR,ERR,ERR,ERR,ERR,ERR,ERR,ERR,ERR,ERR,ERR,ERR,ERR,ERR,ERR,ERR,ERR,ERR,ERR,ERR,ERR,ERR,ERR,ERR,ERR,ERR,ERR,ERR,ERR,ERR,ERR,2.7184267782763598e+23,-0.0,-108139328.0,2.7183478752108883e+23,0.0,124546.82,752814784512.0,0.0,0,0,4,17329,7116,0.0,100,0.0,0.0,2.7183478752108883e+23,0.0,0.0,0,0,0,0,0.0,0,0,0,0,0,0,0,0,0,0,0,0,0,0,0,0,0,0,0,0,0,0,0,0,0,0,0,0,0,0,0,0,0,31,40,40,71,65476,0,300,0,0,8,21553,0.0,-107605600.0,0.0,0.0,0.0,0.0,0.0,0.0,0.0,0.0,0.0,0.0,0.0,0.0,0.0,0.0,0.0,0.0,0.0,0.0,0.0,0.0,-2.004,-2.004,0.0,0.0,0.0,0.0,0.0,0.0,5173.0,8608187392.0,6922.0,2.7184267782763598e+23,-107616144.0,2.004,2.004,0.0,0.0,0.0,0.0,69,0.0,5.848058060004267e+35,0.0,0.0,0.0,0.0,0.0,0.0,0.0,0,0,0,0.0,0.0,0.0,0.0,0.0,0.0,0.0,0.0,0.0,0.0,0.0,0.0,0.0,0.0,0.0,0.0,0,-107875648.0,69,0.0,138,0.0,2.012,ERR,ERR,ERR,ERR,ERR,ERR,ERR,ERR,ERR,ERR,ERR,ERR,ERR,ERR,ERR,ERR,ERR,ERR,ERR,ERR,ERR,ERR,ERR,ERR,ERR,ERR,ERR,ERR,ERR,ERR,ERR,ERR,ERR,ERR,ERR,ERR,ERR,ERR,ERR,ERR,ERR,ERR,ERR,ERR,ERR,ERR,ERR,ERR,ERR,ERR,ERR,ERR,ERR,ERR,ERR,ERR,ERR,ERR,ERR,ERR,ERR,ERR,ERR,ERR,ERR,ERR,ERR,60.0,60.0,35,0.0,0.0,0.0,0.0,0.0,0.0,0.0,0.0,0.0,0.0,0.0,0.0,0.0,0.0,0.0,0.0,65.2,0,150,71,58,65476,0,65476,0,1,8,20529,65476,0,0,2621,60.0,0.0,0.0,0.0,0.0,0.0
2026-07-09T15:34:35,ERR,ERR,ERR,ERR,ERR,ERR,ERR,ERR,ERR,ERR,ERR,ERR,ERR,ERR,ERR,ERR,ERR,ERR,ERR,ERR,ERR,ERR,ERR,ERR,ERR,ERR,ERR,ERR,ERR,ERR,ERR,ERR,ERR,ERR,ERR,ERR,ERR,ERR,ERR,ERR,ERR,ERR,ERR,ERR,ERR,ERR,ERR,ERR,ERR,ERR,ERR,ERR,ERR,ERR,ERR,ERR,ERR,ERR,ERR,ERR,ERR,ERR,ERR,ERR,ERR,ERR,ERR,ERR,ERR,ERR,ERR,ERR,ERR,ERR,ERR,ERR,ERR,ERR,ERR,ERR,ERR,ERR,ERR,ERR,ERR,ERR,ERR,ERR,ERR,ERR,ERR,ERR,ERR,ERR,ERR,ERR,ERR,ERR,ERR,ERR,ERR,ERR,ERR,ERR,ERR,ERR,ERR,ERR,ERR,ERR,ERR,ERR,ERR,ERR,ERR,ERR,ERR,ERR,ERR,ERR,ERR,ERR,ERR,ERR,ERR,2.7184267782763598e+23,-0.0,-108139328.0,2.7183478752108883e+23,0.0,124546.82,752814784512.0,0.0,0,0,4,17329,7116,0.0,100,0.0,0.0,2.7183478752108883e+23,0.0,0.0,0,0,0,0,0.0,0,0,0,0,0,0,0,0,0,0,0,0,0,0,0,0,0,0,0,0,0,0,0,0,0,0,0,0,0,0,0,0,0,31,40,40,71,65476,0,300,0,0,8,21553,0.0,-107605600.0,0.0,0.0,0.0,0.0,0.0,0.0,0.0,0.0,0.0,0.0,0.0,0.0,0.0,0.0,0.0,0.0,0.0,0.0,0.0,0.0,-2.004,-2.004,0.0,0.0,0.0,0.0,0.0,0.0,5173.0,8608187392.0,6922.0,2.7184267782763598e+23,-107616144.0,2.004,2.004,0.0,0.0,0.0,0.0,69,0.0,5.848058060004267e+35,0.0,0.0,0.0,0.0,0.0,0.0,0.0,0,0,0,0.0,0.0,0.0,0.0,0.0,0.0,0.0,0.0,0.0,0.0,0.0,0.0,0.0,0.0,0.0,0.0,0,-107875648.0,69,0.0,138,0.0,2.012,ERR,ERR,ERR,ERR,ERR,ERR,ERR,ERR,ERR,ERR,ERR,ERR,ERR,ERR,ERR,ERR,ERR,ERR,ERR,ERR,ERR,ERR,ERR,ERR,ERR,ERR,ERR,ERR,ERR,ERR,ERR,ERR,ERR,ERR,ERR,ERR,ERR,ERR,ERR,ERR,ERR,ERR,ERR,ERR,ERR,ERR,ERR,ERR,ERR,ERR,ERR,ERR,ERR,ERR,ERR,ERR,ERR,ERR,ERR,ERR,ERR,ERR,ERR,ERR,ERR,ERR,ERR,60.0,60.0,35,0.0,0.0,0.0,0.0,0.0,0.0,0.0,0.0,0.0,0.0,0.0,0.0,0.0,0.0,0.0,0.0,64.8,0,150,71,58,65476,0,65476,0,1,8,20529,65476,0,0,2621,60.0,0.0,0.0,0.0,0.0,0.0
2026-07-09T15:34:36,ERR,ERR,ERR,ERR,ERR,ERR,ERR,ERR,ERR,ERR,ERR,ERR,ERR,ERR,ERR,ERR,ERR,ERR,ERR,ERR,ERR,ERR,ERR,ERR,ERR,ERR,ERR,ERR,ERR,ERR,ERR,ERR,ERR,ERR,ERR,ERR,ERR,ERR,ERR,ERR,ERR,ERR,ERR,ERR,ERR,ERR,ERR,ERR,ERR,ERR,ERR,ERR,ERR,ERR,ERR,ERR,ERR,ERR,ERR,ERR,ERR,ERR,ERR,ERR,ERR,ERR,ERR,ERR,ERR,ERR,ERR,ERR,ERR,ERR,ERR,ERR,ERR,ERR,ERR,ERR,ERR,ERR,ERR,ERR,ERR,ERR,ERR,ERR,ERR,ERR,ERR,ERR,ERR,ERR,ERR,ERR,ERR,ERR,ERR,ERR,ERR,ERR,ERR,ERR,ERR,ERR,ERR,ERR,ERR,ERR,ERR,ERR,ERR,ERR,ERR,ERR,ERR,ERR,ERR,ERR,ERR,ERR,ERR,ERR,ERR,2.7184267782763598e+23,-0.0,-108139328.0,2.7183478752108883e+23,0.0,124546.82,752814784512.0,0.0,0,0,4,17329,7116,0.0,100,0.0,0.0,2.7183478752108883e+23,0.0,0.0,0,0,0,0,0.0,0,0,0,0,0,0,0,0,0,0,0,0,0,0,0,0,0,0,0,0,0,0,0,0,0,0,0,0,0,0,0,0,0,31,40,40,71,65476,0,300,0,0,8,21553,0.0,-107605600.0,0.0,0.0,0.0,0.0,0.0,0.0,0.0,0.0,0.0,0.0,0.0,0.0,0.0,0.0,0.0,0.0,0.0,0.0,0.0,0.0,-2.004,-2.004,0.0,0.0,0.0,0.0,0.0,0.0,5173.0,8608187392.0,6922.0,2.7184267782763598e+23,-107616144.0,2.004,2.004,0.0,0.0,0.0,0.0,69,0.0,5.848058060004267e+35,0.0,0.0,0.0,0.0,0.0,0.0,0.0,0,0,0,0.0,0.0,0.0,0.0,0.0,0.0,0.0,0.0,0.0,0.0,0.0,0.0,0.0,0.0,0.0,0.0,0,-107875648.0,69,0.0,138,0.0,2.012,ERR,ERR,ERR,ERR,ERR,ERR,ERR,ERR,ERR,ERR,ERR,ERR,ERR,ERR,ERR,ERR,ERR,ERR,ERR,ERR,ERR,ERR,ERR,ERR,ERR,ERR,ERR,ERR,ERR,ERR,ERR,ERR,ERR,ERR,ERR,ERR,ERR,ERR,ERR,ERR,ERR,ERR,ERR,ERR,ERR,ERR,ERR,ERR,ERR,ERR,ERR,ERR,ERR,ERR,ERR,ERR,ERR,ERR,ERR,ERR,ERR,ERR,ERR,ERR,ERR,ERR,ERR,60.0,60.0,35,0.0,0.0,0.0,0.0,0.0,0.0,0.0,0.0,0.0,0.0,0.0,0.0,0.0,0.0,0.0,0.0,64.8,0,150,71,58,65476,0,65476,0,1,8,20529,65476,0,0,2621,60.0,0.0,0.0,0.0,0.0,0.0
2026-07-09T15:34:37,ERR,ERR,ERR,ERR,ERR,ERR,ERR,ERR,ERR,ERR,ERR,ERR,ERR,ERR,ERR,ERR,ERR,ERR,ERR,ERR,ERR,ERR,ERR,ERR,ERR,ERR,ERR,ERR,ERR,ERR,ERR,ERR,ERR,ERR,ERR,ERR,ERR,ERR,ERR,ERR,ERR,ERR,ERR,ERR,ERR,ERR,ERR,ERR,ERR,ERR,ERR,ERR,ERR,ERR,ERR,ERR,ERR,ERR,ERR,ERR,ERR,ERR,ERR,ERR,ERR,ERR,ERR,ERR,ERR,ERR,ERR,ERR,ERR,ERR,ERR,ERR,ERR,ERR,ERR,ERR,ERR,ERR,ERR,ERR,ERR,ERR,ERR,ERR,ERR,ERR,ERR,ERR,ERR,ERR,ERR,ERR,ERR,ERR,ERR,ERR,ERR,ERR,ERR,ERR,ERR,ERR,ERR,ERR,ERR,ERR,ERR,ERR,ERR,ERR,ERR,ERR,ERR,ERR,ERR,ERR,ERR,ERR,ERR,ERR,ERR,2.7184267782763598e+23,-0.0,-108139328.0,2.7183478752108883e+23,0.0,124546.82,752814784512.0,0.0,0,0,4,17329,7116,0.0,100,0.0,0.0,2.7183478752108883e+23,0.0,0.0,0,0,0,0,0.0,0,0,0,0,0,0,0,0,0,0,0,0,0,0,0,0,0,0,0,0,0,0,0,0,0,0,0,0,0,0,0,0,0,31,40,40,71,65476,0,300,0,0,8,21553,0.0,-107605600.0,0.0,0.0,0.0,0.0,0.0,0.0,0.0,0.0,0.0,0.0,0.0,0.0,0.0,0.0,0.0,0.0,0.0,0.0,0.0,0.0,-2.004,-2.004,0.0,0.0,0.0,0.0,0.0,0.0,5173.0,8608187392.0,6922.0,2.7184267782763598e+23,-107616144.0,2.004,2.004,0.0,0.0,0.0,0.0,69,0.0,5.848058060004267e+35,0.0,0.0,0.0,0.0,0.0,0.0,0.0,0,0,0,0.0,0.0,0.0,0.0,0.0,0.0,0.0,0.0,0.0,0.0,0.0,0.0,0.0,0.0,0.0,0.0,0,-107875648.0,69,0.0,138,0.0,2.012,ERR,ERR,ERR,ERR,ERR,ERR,ERR,ERR,ERR,ERR,ERR,ERR,ERR,ERR,ERR,ERR,ERR,ERR,ERR,ERR,ERR,ERR,ERR,ERR,ERR,ERR,ERR,ERR,ERR,ERR,ERR,ERR,ERR,ERR,ERR,ERR,ERR,ERR,ERR,ERR,ERR,ERR,ERR,ERR,ERR,ERR,ERR,ERR,ERR,ERR,ERR,ERR,ERR,ERR,ERR,ERR,ERR,ERR,ERR,ERR,ERR,ERR,ERR,ERR,ERR,ERR,ERR,60.0,60.0,35,0.0,0.0,0.0,0.0,0.0,0.0,0.0,0.0,0.0,0.0,0.0,0.0,0.0,0.0,0.0,0.0,64.8,0,150,71,58,65476,0,65476,0,1,8,20529,65476,0,0,2621,60.0,0.0,0.0,0.0,0.0,0.0
2026-07-09T15:34:38,ERR,ERR,ERR,ERR,ERR,ERR,ERR,ERR,ERR,ERR,ERR,ERR,ERR,ERR,ERR,ERR,ERR,ERR,ERR,ERR,ERR,ERR,ERR,ERR,ERR,ERR,ERR,ERR,ERR,ERR,ERR,ERR,ERR,ERR,ERR,ERR,ERR,ERR,ERR,ERR,ERR,ERR,ERR,ERR,ERR,ERR,ERR,ERR,ERR,ERR,ERR,ERR,ERR,ERR,ERR,ERR,ERR,ERR,ERR,ERR,ERR,ERR,ERR,ERR,ERR,ERR,ERR,ERR,ERR,ERR,ERR,ERR,ERR,ERR,ERR,ERR,ERR,ERR,ERR,ERR,ERR,ERR,ERR,ERR,ERR,ERR,ERR,ERR,ERR,ERR,ERR,ERR,ERR,ERR,ERR,ERR,ERR,ERR,ERR,ERR,ERR,ERR,ERR,ERR,ERR,ERR,ERR,ERR,ERR,ERR,ERR,ERR,ERR,ERR,ERR,ERR,ERR,ERR,ERR,ERR,ERR,ERR,ERR,ERR,ERR,2.7184267782763598e+23,-107616144.0,0.0,2.7183478752108883e+23,8.592261519286482e+37,-0.0,-0.0,23840.203,0,0,4,17329,7116,0.0,100,0.0,0.0,0.0,0.0,0.0,0,0,0,0,0.0,0,0,0,0,0,0,0,0,0,0,0,0,0,0,0,0,0,0,0,0,0,0,0,0,0,0,0,0,0,0,0,0,0,31,40,40,71,65476,0,300,0,0,8,21553,0.0,-107605600.0,0.0,0.0,0.0,0.0,0.0,0.0,0.0,0.0,0.0,0.0,0.0,0.0,0.0,0.0,0.0,0.0,0.0,0.0,0.0,0.0,-2.004,-2.004,0.0,0.0,0.0,0.0,0.0,0.0,5176.0,0.0,6912.0,2.7184267782763598e+23,-107616144.0,2.004,2.004,0.0,0.0,0.0,0.0,69,0.059,0.0,0.0,0.0,0.0,0.0,0.0,0.0,0.0,0,0,0,0.0,0.0,0.0,0.0,0.0,0.0,0.0,0.0,0.0,0.0,0.0,0.0,0.0,0.0,0.0,0.0,0,-107875648.0,69,0.0,138,0.0,2.012,ERR,ERR,ERR,ERR,ERR,ERR,ERR,ERR,ERR,ERR,ERR,ERR,ERR,ERR,ERR,ERR,ERR,ERR,ERR,ERR,ERR,ERR,ERR,ERR,ERR,ERR,ERR,ERR,ERR,ERR,ERR,ERR,ERR,ERR,ERR,ERR,ERR,ERR,ERR,ERR,ERR,ERR,ERR,ERR,ERR,ERR,ERR,ERR,ERR,ERR,ERR,ERR,ERR,ERR,ERR,ERR,ERR,ERR,ERR,ERR,ERR,ERR,ERR,ERR,ERR,ERR,ERR,60.0,60.0,35,0.0,0.0,0.0,0.0,0.0,0.0,0.0,0.0,0.0,0.0,0.0,0.0,0.0,0.0,0.0,0.0,64.8,0,150,71,58,65476,0,65476,0,1,8,20529,65476,0,0,2621,60.0,0.0,0.0,0.0,0.0,0.0
2026-07-09T15:34:39,ERR,ERR,ERR,ERR,ERR,ERR,ERR,ERR,ERR,ERR,ERR,ERR,ERR,ERR,ERR,ERR,ERR,ERR,ERR,ERR,ERR,ERR,ERR,ERR,ERR,ERR,ERR,ERR,ERR,ERR,ERR,ERR,ERR,ERR,ERR,ERR,ERR,ERR,ERR,ERR,ERR,ERR,ERR,ERR,ERR,ERR,ERR,ERR,ERR,ERR,ERR,ERR,ERR,ERR,ERR,ERR,ERR,ERR,ERR,ERR,ERR,ERR,ERR,ERR,ERR,ERR,ERR,ERR,ERR,ERR,ERR,ERR,ERR,ERR,ERR,ERR,ERR,ERR,ERR,ERR,ERR,ERR,ERR,ERR,ERR,ERR,ERR,ERR,ERR,ERR,ERR,ERR,ERR,ERR,ERR,ERR,ERR,ERR,ERR,ERR,ERR,ERR,ERR,ERR,ERR,ERR,ERR,ERR,ERR,ERR,ERR,ERR,ERR,ERR,ERR,ERR,ERR,ERR,ERR,ERR,ERR,ERR,ERR,ERR,ERR,2.7184267782763598e+23,-107616144.0,0.0,2.7183478752108883e+23,8.592261519286482e+37,-0.0,-0.0,23840.203,0,0,4,17329,7116,0.0,100,0.0,0.0,0.0,0.0,0.0,0,0,0,0,0.0,0,0,0,0,0,0,0,0,0,0,0,0,0,0,0,0,0,0,0,0,0,0,0,0,0,0,0,0,0,0,0,0,0,31,40,40,71,65476,0,300,0,0,8,21553,0.0,-107605600.0,0.0,0.0,0.0,0.0,0.0,0.0,0.0,0.0,0.0,0.0,0.0,0.0,0.0,0.0,0.0,0.0,0.0,0.0,0.0,0.0,-2.004,-2.004,0.0,0.0,0.0,0.0,0.0,0.0,5176.0,0.0,6912.0,2.7184267782763598e+23,-107616144.0,2.004,2.004,0.0,0.0,0.0,0.0,69,0.059,0.0,0.0,0.0,0.0,0.0,0.0,0.0,0.0,0,0,0,0.0,0.0,0.0,0.0,0.0,0.0,0.0,0.0,0.0,0.0,0.0,0.0,0.0,0.0,0.0,0.0,0,-107875648.0,69,0.0,138,0.0,2.012,ERR,ERR,ERR,ERR,ERR,ERR,ERR,ERR,ERR,ERR,ERR,ERR,ERR,ERR,ERR,ERR,ERR,ERR,ERR,ERR,ERR,ERR,ERR,ERR,ERR,ERR,ERR,ERR,ERR,ERR,ERR,ERR,ERR,ERR,ERR,ERR,ERR,ERR,ERR,ERR,ERR,ERR,ERR,ERR,ERR,ERR,ERR,ERR,ERR,ERR,ERR,ERR,ERR,ERR,ERR,ERR,ERR,ERR,ERR,ERR,ERR,ERR,ERR,ERR,ERR,ERR,ERR,60.0,60.0,35,0.0,0.0,0.0,0.0,0.0,0.0,0.0,0.0,0.0,0.0,0.0,0.0,0.0,0.0,0.0,0.0,65.2,0,150,71,58,65476,0,65476,0,1,8,20529,65476,0,0,2621,60.0,0.0,0.0,0.0,0.0,0.0
2026-07-09T15:34:40,ERR,ERR,ERR,ERR,ERR,ERR,ERR,ERR,ERR,ERR,ERR,ERR,ERR,ERR,ERR,ERR,ERR,ERR,ERR,ERR,ERR,ERR,ERR,ERR,ERR,ERR,ERR,ERR,ERR,ERR,ERR,ERR,ERR,ERR,ERR,ERR,ERR,ERR,ERR,ERR,ERR,ERR,ERR,ERR,ERR,ERR,ERR,ERR,ERR,ERR,ERR,ERR,ERR,ERR,ERR,ERR,ERR,ERR,ERR,ERR,ERR,ERR,ERR,ERR,ERR,ERR,ERR,ERR,ERR,ERR,ERR,ERR,ERR,ERR,ERR,ERR,ERR,ERR,ERR,ERR,ERR,ERR,ERR,ERR,ERR,ERR,ERR,ERR,ERR,ERR,ERR,ERR,ERR,ERR,ERR,ERR,ERR,ERR,ERR,ERR,ERR,ERR,ERR,ERR,ERR,ERR,ERR,ERR,ERR,ERR,ERR,ERR,ERR,ERR,ERR,ERR,ERR,ERR,ERR,ERR,ERR,ERR,ERR,ERR,ERR,2.7184267782763598e+23,-107616144.0,0.0,2.7183478752108883e+23,8.592261519286482e+37,-0.0,-0.0,23840.203,0,0,4,17329,7116,0.0,100,0.0,0.0,0.0,0.0,0.0,0,0,0,0,0.0,0,0,0,0,0,0,0,0,0,0,0,0,0,0,0,0,0,0,0,0,0,0,0,0,0,0,0,0,0,0,0,0,0,31,40,40,71,65476,0,300,0,0,8,21553,0.0,-107605600.0,0.0,0.0,0.0,0.0,0.0,0.0,0.0,0.0,0.0,0.0,0.0,0.0,0.0,0.0,0.0,0.0,0.0,0.0,0.0,0.0,-2.004,-2.004,0.0,0.0,0.0,0.0,0.0,0.0,5176.0,0.0,6912.0,2.7184267782763598e+23,-107616144.0,2.004,2.004,0.0,0.0,0.0,0.0,69,0.059,0.0,0.0,0.0,0.0,0.0,0.0,0.0,0.0,0,0,0,0.0,0.0,0.0,0.0,0.0,0.0,0.0,0.0,0.0,0.0,0.0,0.0,0.0,0.0,0.0,0.0,0,-107875648.0,69,0.0,138,0.0,2.012,ERR,ERR,ERR,ERR,ERR,ERR,ERR,ERR,ERR,ERR,ERR,ERR,ERR,ERR,ERR,ERR,ERR,ERR,ERR,ERR,ERR,ERR,ERR,ERR,ERR,ERR,ERR,ERR,ERR,ERR,ERR,ERR,ERR,ERR,ERR,ERR,ERR,ERR,ERR,ERR,ERR,ERR,ERR,ERR,ERR,ERR,ERR,ERR,ERR,ERR,ERR,ERR,ERR,ERR,ERR,ERR,ERR,ERR,ERR,ERR,ERR,ERR,ERR,ERR,ERR,ERR,ERR,60.0,60.0,35,0.0,0.0,0.0,0.0,0.0,0.0,0.0,0.0,0.0,0.0,0.0,0.0,0.0,0.0,0.0,0.0,64.8,0,150,71,58,65476,0,65476,0,1,8,20529,65476,0,0,2621,60.0,0.0,0.0,0.0,0.0,0.0
2026-07-09T15:34:41,ERR,ERR,ERR,ERR,ERR,ERR,ERR,ERR,ERR,ERR,ERR,ERR,ERR,ERR,ERR,ERR,ERR,ERR,ERR,ERR,ERR,ERR,ERR,ERR,ERR,ERR,ERR,ERR,ERR,ERR,ERR,ERR,ERR,ERR,ERR,ERR,ERR,ERR,ERR,ERR,ERR,ERR,ERR,ERR,ERR,ERR,ERR,ERR,ERR,ERR,ERR,ERR,ERR,ERR,ERR,ERR,ERR,ERR,ERR,ERR,ERR,ERR,ERR,ERR,ERR,ERR,ERR,ERR,ERR,ERR,ERR,ERR,ERR,ERR,ERR,ERR,ERR,ERR,ERR,ERR,ERR,ERR,ERR,ERR,ERR,ERR,ERR,ERR,ERR,ERR,ERR,ERR,ERR,ERR,ERR,ERR,ERR,ERR,ERR,ERR,ERR,ERR,ERR,ERR,ERR,ERR,ERR,ERR,ERR,ERR,ERR,ERR,ERR,ERR,ERR,ERR,ERR,ERR,ERR,ERR,ERR,ERR,ERR,ERR,ERR,2.7184267782763598e+23,-107616144.0,0.0,2.7183478752108883e+23,8.592261519286482e+37,-0.0,-0.0,23840.203,0,0,4,17329,7116,0.0,100,0.0,0.0,0.0,0.0,0.0,0,0,0,0,0.0,0,0,0,0,0,0,0,0,0,0,0,0,0,0,0,0,0,0,0,0,0,0,0,0,0,0,0,0,0,0,0,0,0,31,40,40,71,65476,0,300,0,0,8,21553,0.0,-107605600.0,0.0,0.0,0.0,0.0,0.0,0.0,0.0,0.0,0.0,0.0,0.0,0.0,0.0,0.0,0.0,0.0,0.0,0.0,0.0,0.0,-2.004,-2.004,0.0,0.0,0.0,0.0,0.0,0.0,5176.0,0.0,6912.0,2.7184267782763598e+23,-107616144.0,2.004,2.004,0.0,0.0,0.0,0.0,69,0.059,0.0,0.0,0.0,0.0,0.0,0.0,0.0,0.0,0,0,0,0.0,0.0,0.0,0.0,0.0,0.0,0.0,0.0,0.0,0.0,0.0,0.0,0.0,0.0,0.0,0.0,0,-107875648.0,69,0.0,138,0.0,2.012,ERR,ERR,ERR,ERR,ERR,ERR,ERR,ERR,ERR,ERR,ERR,ERR,ERR,ERR,ERR,ERR,ERR,ERR,ERR,ERR,ERR,ERR,ERR,ERR,ERR,ERR,ERR,ERR,ERR,ERR,ERR,ERR,ERR,ERR,ERR,ERR,ERR,ERR,ERR,ERR,ERR,ERR,ERR,ERR,ERR,ERR,ERR,ERR,ERR,ERR,ERR,ERR,ERR,ERR,ERR,ERR,ERR,ERR,ERR,ERR,ERR,ERR,ERR,ERR,ERR,ERR,ERR,60.0,60.0,35,0.0,0.0,0.0,0.0,0.0,0.0,0.0,0.0,0.0,0.0,0.0,0.0,0.0,0.0,0.0,0.0,64.8,0,150,71,58,65476,0,65476,0,1,8,20529,65476,0,0,2621,60.0,0.0,0.0,0.0,0.0,0.0
2026-07-09T15:34:42,ERR,ERR,ERR,ERR,ERR,ERR,ERR,ERR,ERR,ERR,ERR,ERR,ERR,ERR,ERR,ERR,ERR,ERR,ERR,ERR,ERR,ERR,ERR,ERR,ERR,ERR,ERR,ERR,ERR,ERR,ERR,ERR,ERR,ERR,ERR,ERR,ERR,ERR,ERR,ERR,ERR,ERR,ERR,ERR,ERR,ERR,ERR,ERR,ERR,ERR,ERR,ERR,ERR,ERR,ERR,ERR,ERR,ERR,ERR,ERR,ERR,ERR,ERR,ERR,ERR,ERR,ERR,ERR,ERR,ERR,ERR,ERR,ERR,ERR,ERR,ERR,ERR,ERR,ERR,ERR,ERR,ERR,ERR,ERR,ERR,ERR,ERR,ERR,ERR,ERR,ERR,ERR,ERR,ERR,ERR,ERR,ERR,ERR,ERR,ERR,ERR,ERR,ERR,ERR,ERR,ERR,ERR,ERR,ERR,ERR,ERR,ERR,ERR,ERR,ERR,ERR,ERR,ERR,ERR,ERR,ERR,ERR,ERR,ERR,ERR,2.7184267782763598e+23,-107616144.0,0.0,2.7183478752108883e+23,8.592261519286482e+37,-0.0,-0.0,23840.203,0,0,4,17329,7116,0.0,100,0.0,0.0,0.0,0.0,0.0,0,0,0,0,0.0,0,0,0,0,0,0,0,0,0,0,0,0,0,0,0,0,0,0,0,0,0,0,0,0,0,0,0,0,0,0,0,0,0,31,40,40,71,65476,0,300,0,0,8,21553,0.0,-107605600.0,0.0,0.0,0.0,0.0,0.0,0.0,0.0,0.0,0.0,0.0,0.0,0.0,0.0,0.0,0.0,0.0,0.0,0.0,0.0,0.0,-2.004,-2.004,0.0,0.0,0.0,0.0,0.0,0.0,5176.0,0.0,6912.0,2.7184267782763598e+23,-107616144.0,2.004,2.004,0.0,0.0,0.0,0.0,69,0.059,0.0,0.0,0.0,0.0,0.0,0.0,0.0,0.0,0,0,0,0.0,0.0,0.0,0.0,0.0,0.0,0.0,0.0,0.0,0.0,0.0,0.0,0.0,0.0,0.0,0.0,0,-107875648.0,69,0.0,138,0.0,2.012,ERR,ERR,ERR,ERR,ERR,ERR,ERR,ERR,ERR,ERR,ERR,ERR,ERR,ERR,ERR,ERR,ERR,ERR,ERR,ERR,ERR,ERR,ERR,ERR,ERR,ERR,ERR,ERR,ERR,ERR,ERR,ERR,ERR,ERR,ERR,ERR,ERR,ERR,ERR,ERR,ERR,ERR,ERR,ERR,ERR,ERR,ERR,ERR,ERR,ERR,ERR,ERR,ERR,ERR,ERR,ERR,ERR,ERR,ERR,ERR,ERR,ERR,ERR,ERR,ERR,ERR,ERR,60.0,60.0,35,0.0,0.0,0.0,0.0,0.0,0.0,0.0,0.0,0.0,0.0,0.0,0.0,0.0,0.0,0.0,0.0,64.8,0,150,71,58,65476,0,65476,0,1,8,20529,65476,0,0,2621,60.0,0.0,0.0,0.0,0.0,0.0
2026-07-09T15:34:43,ERR,ERR,ERR,ERR,ERR,ERR,ERR,ERR,ERR,ERR,ERR,ERR,ERR,ERR,ERR,ERR,ERR,ERR,ERR,ERR,ERR,ERR,ERR,ERR,ERR,ERR,ERR,ERR,ERR,ERR,ERR,ERR,ERR,ERR,ERR,ERR,ERR,ERR,ERR,ERR,ERR,ERR,ERR,ERR,ERR,ERR,ERR,ERR,ERR,ERR,ERR,ERR,ERR,ERR,ERR,ERR,ERR,ERR,ERR,ERR,ERR,ERR,ERR,ERR,ERR,ERR,ERR,ERR,ERR,ERR,ERR,ERR,ERR,ERR,ERR,ERR,ERR,ERR,ERR,ERR,ERR,ERR,ERR,ERR,ERR,ERR,ERR,ERR,ERR,ERR,ERR,ERR,ERR,ERR,ERR,ERR,ERR,ERR,ERR,ERR,ERR,ERR,ERR,ERR,ERR,ERR,ERR,ERR,ERR,ERR,ERR,ERR,ERR,ERR,ERR,ERR,ERR,ERR,ERR,ERR,ERR,ERR,ERR,ERR,ERR,2.7184267782763598e+23,0.0,-0.0,0.0,-2.5408855310487137e+30,709767004160.0,2.9561256594007654e+17,0.0,0,0,4,17327,7116,0.0,100,0.0,0.0,0.0,0.0,0.0,0,0,0,0,0.0,0,0,0,0,0,0,0,0,0,0,0,0,0,0,0,0,0,0,0,0,0,0,0,0,0,0,0,0,0,0,0,0,0,31,40,40,71,65476,0,300,0,0,8,21553,0.0,-107605600.0,0.0,0.0,0.0,0.0,0.0,0.0,0.0,0.0,0.0,0.0,0.0,0.0,0.0,0.0,0.0,0.0,0.0,0.0,0.0,0.0,-2.004,-3.697071344610758e+19,0.0,0.0,0.0,0.0,0.0,0.0,5148.0,-2.4229890574537865e+24,6941.0,2.7184267782763598e+23,0.0,2.004,2.004,0.0,0.0,0.0,0.0,69,126841176064.0,-4.950403452229717e+32,0.0,0.0,0.0,0.0,0.0,0.0,0.0,0,0,0,0.0,0.0,0.0,0.0,0.0,0.0,0.0,0.0,0.0,0.0,0.0,0.0,0.0,0.0,0.0,0.0,0,-107875648.0,69,0.0,138,0.0,2.012,ERR,ERR,ERR,ERR,ERR,ERR,ERR,ERR,ERR,ERR,ERR,ERR,ERR,ERR,ERR,ERR,ERR,ERR,ERR,ERR,ERR,ERR,ERR,ERR,ERR,ERR,ERR,ERR,ERR,ERR,ERR,ERR,ERR,ERR,ERR,ERR,ERR,ERR,ERR,ERR,ERR,ERR,ERR,ERR,ERR,ERR,ERR,ERR,ERR,ERR,ERR,ERR,ERR,ERR,ERR,ERR,ERR,ERR,ERR,ERR,ERR,ERR,ERR,ERR,ERR,ERR,ERR,60.0,60.0,35,0.0,0.0,0.0,0.0,0.0,0.0,0.0,0.0,0.0,0.0,0.0,0.0,0.0,0.0,0.0,0.0,64.8,0,150,71,58,65476,0,65476,0,1,8,20529,65476,0,0,2621,60.0,0.0,0.0,0.0,0.0,0.0
2026-07-09T15:34:44,ERR,ERR,ERR,ERR,ERR,ERR,ERR,ERR,ERR,ERR,ERR,ERR,ERR,ERR,ERR,ERR,ERR,ERR,ERR,ERR,ERR,ERR,ERR,ERR,ERR,ERR,ERR,ERR,ERR,ERR,ERR,ERR,ERR,ERR,ERR,ERR,ERR,ERR,ERR,ERR,ERR,ERR,ERR,ERR,ERR,ERR,ERR,ERR,ERR,ERR,ERR,ERR,ERR,ERR,ERR,ERR,ERR,ERR,ERR,ERR,ERR,ERR,ERR,ERR,ERR,ERR,ERR,ERR,ERR,ERR,ERR,ERR,ERR,ERR,ERR,ERR,ERR,ERR,ERR,ERR,ERR,ERR,ERR,ERR,ERR,ERR,ERR,ERR,ERR,ERR,ERR,ERR,ERR,ERR,ERR,ERR,ERR,ERR,ERR,ERR,ERR,ERR,ERR,ERR,ERR,ERR,ERR,ERR,ERR,ERR,ERR,ERR,ERR,ERR,ERR,ERR,ERR,ERR,ERR,ERR,ERR,ERR,ERR,ERR,ERR,2.7184267782763598e+23,0.0,-0.0,0.0,-2.5408855310487137e+30,709767004160.0,2.9561256594007654e+17,0.0,0,0,4,17327,7116,0.0,100,0.0,0.0,0.0,0.0,0.0,0,0,0,0,0.0,0,0,0,0,0,0,0,0,0,0,0,0,0,0,0,0,0,0,0,0,0,0,0,0,0,0,0,0,0,0,0,0,0,31,40,40,71,65476,0,300,0,0,8,21553,0.0,-107605600.0,0.0,0.0,0.0,0.0,0.0,0.0,0.0,0.0,0.0,0.0,0.0,0.0,0.0,0.0,0.0,0.0,0.0,0.0,0.0,0.0,-2.004,-3.697071344610758e+19,0.0,0.0,0.0,0.0,0.0,0.0,5148.0,-2.4229890574537865e+24,6941.0,2.7184267782763598e+23,0.0,2.004,2.004,0.0,0.0,0.0,0.0,69,126841176064.0,-4.950403452229717e+32,0.0,0.0,0.0,0.0,0.0,0.0,0.0,0,0,0,0.0,0.0,0.0,0.0,0.0,0.0,0.0,0.0,0.0,0.0,0.0,0.0,0.0,0.0,0.0,0.0,0,-107875648.0,69,0.0,138,0.0,2.012,ERR,ERR,ERR,ERR,ERR,ERR,ERR,ERR,ERR,ERR,ERR,ERR,ERR,ERR,ERR,ERR,ERR,ERR,ERR,ERR,ERR,ERR,ERR,ERR,ERR,ERR,ERR,ERR,ERR,ERR,ERR,ERR,ERR,ERR,ERR,ERR,ERR,ERR,ERR,ERR,ERR,ERR,ERR,ERR,ERR,ERR,ERR,ERR,ERR,ERR,ERR,ERR,ERR,ERR,ERR,ERR,ERR,ERR,ERR,ERR,ERR,ERR,ERR,ERR,ERR,ERR,ERR,60.0,60.0,35,0.0,0.0,0.0,0.0,0.0,0.0,0.0,0.0,0.0,0.0,0.0,0.0,0.0,0.0,0.0,0.0,64.8,0,150,71,58,65476,0,65476,0,1,8,20529,65476,0,0,2621,60.0,0.0,0.0,0.0,0.0,0.0
2026-07-09T15:34:45,ERR,ERR,ERR,ERR,ERR,ERR,ERR,ERR,ERR,ERR,ERR,ERR,ERR,ERR,ERR,ERR,ERR,ERR,ERR,ERR,ERR,ERR,ERR,ERR,ERR,ERR,ERR,ERR,ERR,ERR,ERR,ERR,ERR,ERR,ERR,ERR,ERR,ERR,ERR,ERR,ERR,ERR,ERR,ERR,ERR,ERR,ERR,ERR,ERR,ERR,ERR,ERR,ERR,ERR,ERR,ERR,ERR,ERR,ERR,ERR,ERR,ERR,ERR,ERR,ERR,ERR,ERR,ERR,ERR,ERR,ERR,ERR,ERR,ERR,ERR,ERR,ERR,ERR,ERR,ERR,ERR,ERR,ERR,ERR,ERR,ERR,ERR,ERR,ERR,ERR,ERR,ERR,ERR,ERR,ERR,ERR,ERR,ERR,ERR,ERR,ERR,ERR,ERR,ERR,ERR,ERR,ERR,ERR,ERR,ERR,ERR,ERR,ERR,ERR,ERR,ERR,ERR,ERR,ERR,ERR,ERR,ERR,ERR,ERR,ERR,2.7184267782763598e+23,0.0,-0.0,0.0,-2.5408855310487137e+30,709767004160.0,2.9561256594007654e+17,0.0,0,0,4,17327,7116,0.0,100,0.0,0.0,0.0,0.0,0.0,0,0,0,0,0.0,0,0,0,0,0,0,0,0,0,0,0,0,0,0,0,0,0,0,0,0,0,0,0,0,0,0,0,0,0,0,0,0,0,31,40,40,71,65476,0,300,0,0,8,21553,0.0,-107605600.0,0.0,0.0,0.0,0.0,0.0,0.0,0.0,0.0,0.0,0.0,0.0,0.0,0.0,0.0,0.0,0.0,0.0,0.0,0.0,0.0,-2.004,-3.697071344610758e+19,0.0,0.0,0.0,0.0,0.0,0.0,5148.0,-2.4229890574537865e+24,6941.0,2.7184267782763598e+23,0.0,2.004,2.004,0.0,0.0,0.0,0.0,69,126841176064.0,-4.950403452229717e+32,0.0,0.0,0.0,0.0,0.0,0.0,0.0,0,0,0,0.0,0.0,0.0,0.0,0.0,0.0,0.0,0.0,0.0,0.0,0.0,0.0,0.0,0.0,0.0,0.0,0,-107875648.0,69,0.0,138,0.0,2.012,ERR,ERR,ERR,ERR,ERR,ERR,ERR,ERR,ERR,ERR,ERR,ERR,ERR,ERR,ERR,ERR,ERR,ERR,ERR,ERR,ERR,ERR,ERR,ERR,ERR,ERR,ERR,ERR,ERR,ERR,ERR,ERR,ERR,ERR,ERR,ERR,ERR,ERR,ERR,ERR,ERR,ERR,ERR,ERR,ERR,ERR,ERR,ERR,ERR,ERR,ERR,ERR,ERR,ERR,ERR,ERR,ERR,ERR,ERR,ERR,ERR,ERR,ERR,ERR,ERR,ERR,ERR,60.0,60.0,35,0.0,0.0,0.0,0.0,0.0,0.0,0.0,0.0,0.0,0.0,0.0,0.0,0.0,0.0,0.0,0.0,64.8,0,150,71,58,65476,0,65476,0,1,8,20529,65476,0,0,2621,60.0,0.0,0.0,0.0,0.0,0.0
2026-07-09T15:34:46,ERR,ERR,ERR,ERR,ERR,ERR,ERR,ERR,ERR,ERR,ERR,ERR,ERR,ERR,ERR,ERR,ERR,ERR,ERR,ERR,ERR,ERR,ERR,ERR,ERR,ERR,ERR,ERR,ERR,ERR,ERR,ERR,ERR,ERR,ERR,ERR,ERR,ERR,ERR,ERR,ERR,ERR,ERR,ERR,ERR,ERR,ERR,ERR,ERR,ERR,ERR,ERR,ERR,ERR,ERR,ERR,ERR,ERR,ERR,ERR,ERR,ERR,ERR,ERR,ERR,ERR,ERR,ERR,ERR,ERR,ERR,ERR,ERR,ERR,ERR,ERR,ERR,ERR,ERR,ERR,ERR,ERR,ERR,ERR,ERR,ERR,ERR,ERR,ERR,ERR,ERR,ERR,ERR,ERR,ERR,ERR,ERR,ERR,ERR,ERR,ERR,ERR,ERR,ERR,ERR,ERR,ERR,ERR,ERR,ERR,ERR,ERR,ERR,ERR,ERR,ERR,ERR,ERR,ERR,ERR,ERR,ERR,ERR,ERR,ERR,2.7184267782763598e+23,0.0,-0.0,0.0,-2.5408855310487137e+30,709767004160.0,2.9561256594007654e+17,0.0,0,0,4,17327,7116,0.0,100,0.0,0.0,0.0,0.0,0.0,0,0,0,0,0.0,0,0,0,0,0,0,0,0,0,0,0,0,0,0,0,0,0,0,0,0,0,0,0,0,0,0,0,0,0,0,0,0,0,31,40,40,71,65476,0,300,0,0,8,21553,0.0,-107605600.0,0.0,0.0,0.0,0.0,0.0,0.0,0.0,0.0,0.0,0.0,0.0,0.0,0.0,0.0,0.0,0.0,0.0,0.0,0.0,0.0,-2.004,-3.697071344610758e+19,0.0,0.0,0.0,0.0,0.0,0.0,5148.0,-2.4229890574537865e+24,6941.0,2.7184267782763598e+23,0.0,2.004,2.004,0.0,0.0,0.0,0.0,69,126841176064.0,-4.950403452229717e+32,0.0,0.0,0.0,0.0,0.0,0.0,0.0,0,0,0,0.0,0.0,0.0,0.0,0.0,0.0,0.0,0.0,0.0,0.0,0.0,0.0,0.0,0.0,0.0,0.0,0,-107875648.0,69,0.0,138,0.0,2.012,ERR,ERR,ERR,ERR,ERR,ERR,ERR,ERR,ERR,ERR,ERR,ERR,ERR,ERR,ERR,ERR,ERR,ERR,ERR,ERR,ERR,ERR,ERR,ERR,ERR,ERR,ERR,ERR,ERR,ERR,ERR,ERR,ERR,ERR,ERR,ERR,ERR,ERR,ERR,ERR,ERR,ERR,ERR,ERR,ERR,ERR,ERR,ERR,ERR,ERR,ERR,ERR,ERR,ERR,ERR,ERR,ERR,ERR,ERR,ERR,ERR,ERR,ERR,ERR,ERR,ERR,ERR,60.0,60.0,35,0.0,0.0,0.0,0.0,0.0,0.0,0.0,0.0,0.0,0.0,0.0,0.0,0.0,0.0,0.0,0.0,64.8,0,150,71,58,65476,0,65476,0,1,8,20529,65476,0,0,2621,60.0,0.0,0.0,0.0,0.0,0.0
2026-07-09T15:34:47,ERR,ERR,ERR,ERR,ERR,ERR,ERR,ERR,ERR,ERR,ERR,ERR,ERR,ERR,ERR,ERR,ERR,ERR,ERR,ERR,ERR,ERR,ERR,ERR,ERR,ERR,ERR,ERR,ERR,ERR,ERR,ERR,ERR,ERR,ERR,ERR,ERR,ERR,ERR,ERR,ERR,ERR,ERR,ERR,ERR,ERR,ERR,ERR,ERR,ERR,ERR,ERR,ERR,ERR,ERR,ERR,ERR,ERR,ERR,ERR,ERR,ERR,ERR,ERR,ERR,ERR,ERR,ERR,ERR,ERR,ERR,ERR,ERR,ERR,ERR,ERR,ERR,ERR,ERR,ERR,ERR,ERR,ERR,ERR,ERR,ERR,ERR,ERR,ERR,ERR,ERR,ERR,ERR,ERR,ERR,ERR,ERR,ERR,ERR,ERR,ERR,ERR,ERR,ERR,ERR,ERR,ERR,ERR,ERR,ERR,ERR,ERR,ERR,ERR,ERR,ERR,ERR,ERR,ERR,ERR,ERR,ERR,ERR,ERR,ERR,2.7184267782763598e+23,0.0,-0.0,0.0,-2.5408855310487137e+30,709767004160.0,2.9561256594007654e+17,0.0,0,0,4,17327,7116,0.0,100,0.0,0.0,0.0,0.0,0.0,0,0,0,0,0.0,0,0,0,0,0,0,0,0,0,0,0,0,0,0,0,0,0,0,0,0,0,0,0,0,0,0,0,0,0,0,0,0,0,31,40,40,71,65476,0,300,0,0,8,21553,0.0,-107605600.0,0.0,0.0,0.0,0.0,0.0,0.0,0.0,0.0,0.0,0.0,0.0,0.0,0.0,0.0,0.0,0.0,0.0,0.0,0.0,0.0,-2.004,-3.697071344610758e+19,0.0,0.0,0.0,0.0,0.0,0.0,5148.0,-2.4229890574537865e+24,6941.0,2.7184267782763598e+23,0.0,2.004,2.004,0.0,0.0,0.0,0.0,69,126841176064.0,-4.950403452229717e+32,0.0,0.0,0.0,0.0,0.0,0.0,0.0,0,0,0,0.0,0.0,0.0,0.0,0.0,0.0,0.0,0.0,0.0,0.0,0.0,0.0,0.0,0.0,0.0,0.0,0,-107875648.0,69,0.0,138,0.0,2.012,ERR,ERR,ERR,ERR,ERR,ERR,ERR,ERR,ERR,ERR,ERR,ERR,ERR,ERR,ERR,ERR,ERR,ERR,ERR,ERR,ERR,ERR,ERR,ERR,ERR,ERR,ERR,ERR,ERR,ERR,ERR,ERR,ERR,ERR,ERR,ERR,ERR,ERR,ERR,ERR,ERR,ERR,ERR,ERR,ERR,ERR,ERR,ERR,ERR,ERR,ERR,ERR,ERR,ERR,ERR,ERR,ERR,ERR,ERR,ERR,ERR,ERR,ERR,ERR,ERR,ERR,ERR,60.0,60.0,35,0.0,0.0,0.0,0.0,0.0,0.0,0.0,0.0,0.0,0.0,0.0,0.0,0.0,0.0,0.0,0.0,64.8,0,150,71,58,65476,0,65476,0,1,8,20529,65476,0,0,2621,60.0,0.0,0.0,0.0,0.0,0.0
2026-07-09T15:34:48,ERR,ERR,ERR,ERR,ERR,ERR,ERR,ERR,ERR,ERR,ERR,ERR,ERR,ERR,ERR,ERR,ERR,ERR,ERR,ERR,ERR,ERR,ERR,ERR,ERR,ERR,ERR,ERR,ERR,ERR,ERR,ERR,ERR,ERR,ERR,ERR,ERR,ERR,ERR,ERR,ERR,ERR,ERR,ERR,ERR,ERR,ERR,ERR,ERR,ERR,ERR,ERR,ERR,ERR,ERR,ERR,ERR,ERR,ERR,ERR,ERR,ERR,ERR,ERR,ERR,ERR,ERR,ERR,ERR,ERR,ERR,ERR,ERR,ERR,ERR,ERR,ERR,ERR,ERR,ERR,ERR,ERR,ERR,ERR,ERR,ERR,ERR,ERR,ERR,ERR,ERR,ERR,ERR,ERR,ERR,ERR,ERR,ERR,ERR,ERR,ERR,ERR,ERR,ERR,ERR,ERR,ERR,ERR,ERR,ERR,ERR,ERR,ERR,ERR,ERR,ERR,ERR,ERR,ERR,ERR,ERR,ERR,ERR,ERR,ERR,2.7184267782763598e+23,0.0,-0.0,0.0,-2.5408855310487137e+30,709767004160.0,2.9561256594007654e+17,0.0,0,0,4,17327,7116,0.0,100,0.0,0.0,0.0,0.0,0.0,0,0,0,0,0.0,0,0,0,0,0,0,0,0,0,0,0,0,0,0,0,0,0,0,0,0,0,0,0,0,0,0,0,0,0,0,0,0,0,31,40,40,71,65476,0,300,0,0,8,21553,0.0,-107605600.0,0.0,0.0,0.0,0.0,0.0,0.0,0.0,0.0,0.0,0.0,0.0,0.0,0.0,0.0,0.0,0.0,0.0,0.0,0.0,0.0,-2.004,-3.697071344610758e+19,0.0,0.0,0.0,0.0,0.0,0.0,5148.0,-2.4229890574537865e+24,6941.0,2.7184267782763598e+23,0.0,2.004,2.004,0.0,0.0,0.0,0.0,69,126841176064.0,-4.950403452229717e+32,0.0,0.0,0.0,0.0,0.0,0.0,0.0,0,0,0,0.0,0.0,0.0,0.0,0.0,0.0,0.0,0.0,0.0,0.0,0.0,0.0,0.0,0.0,0.0,0.0,0,-107875648.0,69,0.0,138,0.0,2.012,ERR,ERR,ERR,ERR,ERR,ERR,ERR,ERR,ERR,ERR,ERR,ERR,ERR,ERR,ERR,ERR,ERR,ERR,ERR,ERR,ERR,ERR,ERR,ERR,ERR,ERR,ERR,ERR,ERR,ERR,ERR,ERR,ERR,ERR,ERR,ERR,ERR,ERR,ERR,ERR,ERR,ERR,ERR,ERR,ERR,ERR,ERR,ERR,ERR,ERR,ERR,ERR,ERR,ERR,ERR,ERR,ERR,ERR,ERR,ERR,ERR,ERR,ERR,ERR,ERR,ERR,ERR,60.0,60.0,35,0.0,0.0,0.0,0.0,0.0,0.0,0.0,0.0,0.0,0.0,0.0,0.0,0.0,0.0,0.0,0.0,64.8,0,150,71,58,65476,0,65476,0,1,8,20529,65476,0,0,2621,60.0,0.0,0.0,0.0,0.0,0.0
2026-07-09T15:34:49,ERR,ERR,ERR,ERR,ERR,ERR,ERR,ERR,ERR,ERR,ERR,ERR,ERR,ERR,ERR,ERR,ERR,ERR,ERR,ERR,ERR,ERR,ERR,ERR,ERR,ERR,ERR,ERR,ERR,ERR,ERR,ERR,ERR,ERR,ERR,ERR,ERR,ERR,ERR,ERR,ERR,ERR,ERR,ERR,ERR,ERR,ERR,ERR,ERR,ERR,ERR,ERR,ERR,ERR,ERR,ERR,ERR,ERR,ERR,ERR,ERR,ERR,ERR,ERR,ERR,ERR,ERR,ERR,ERR,ERR,ERR,ERR,ERR,ERR,ERR,ERR,ERR,ERR,ERR,ERR,ERR,ERR,ERR,ERR,ERR,ERR,ERR,ERR,ERR,ERR,ERR,ERR,ERR,ERR,ERR,ERR,ERR,ERR,ERR,ERR,ERR,ERR,ERR,ERR,ERR,ERR,ERR,ERR,ERR,ERR,ERR,ERR,ERR,ERR,ERR,ERR,ERR,ERR,ERR,ERR,ERR,ERR,ERR,ERR,ERR,2.7184267782763598e+23,0.0,-0.0,0.0,0.0,0.0,0.0,-0.0,0,0,4,17333,7116,0.0,100,0.0,0.0,0.0,0.0,0.0,0,0,0,0,0.0,0,0,0,0,0,0,0,0,0,0,0,0,0,0,0,0,0,0,0,0,0,0,0,0,0,0,0,0,0,0,0,0,0,31,40,40,71,65476,0,300,0,0,8,21553,0.0,-107605600.0,0.0,0.0,0.0,0.0,0.0,0.0,0.0,0.0,0.0,0.0,0.0,0.0,0.0,0.0,0.0,0.0,0.0,0.0,0.0,0.0,-2.004,-2.004,0.0,0.0,0.0,0.0,0.0,0.0,5177.0,-131350.5,6937.0,2.7184267782763598e+23,-107616144.0,2.004,2.004,0.0,0.0,0.0,0.0,69,89221.172,-107614824.0,0.0,0.0,0.0,0.0,0.0,0.0,0.0,0,0,0,0.0,0.0,0.0,0.0,0.0,0.0,0.0,0.0,0.0,0.0,0.0,0.0,0.0,0.0,0.0,0.0,0,-107875648.0,69,0.0,138,0.0,2.012,ERR,ERR,ERR,ERR,ERR,ERR,ERR,ERR,ERR,ERR,ERR,ERR,ERR,ERR,ERR,ERR,ERR,ERR,ERR,ERR,ERR,ERR,ERR,ERR,ERR,ERR,ERR,ERR,ERR,ERR,ERR,ERR,ERR,ERR,ERR,ERR,ERR,ERR,ERR,ERR,ERR,ERR,ERR,ERR,ERR,ERR,ERR,ERR,ERR,ERR,ERR,ERR,ERR,ERR,ERR,ERR,ERR,ERR,ERR,ERR,ERR,ERR,ERR,ERR,ERR,ERR,ERR,60.0,60.0,35,0.0,0.0,0.0,0.0,0.0,0.0,0.0,0.0,0.0,0.0,0.0,0.0,0.0,0.0,0.0,0.0,64.8,0,150,71,58,65476,0,65476,0,1,8,20529,65476,0,0,2621,60.0,0.0,0.0,0.0,0.0,0.0
2026-07-09T15:34:50,ERR,ERR,ERR,ERR,ERR,ERR,ERR,ERR,ERR,ERR,ERR,ERR,ERR,ERR,ERR,ERR,ERR,ERR,ERR,ERR,ERR,ERR,ERR,ERR,ERR,ERR,ERR,ERR,ERR,ERR,ERR,ERR,ERR,ERR,ERR,ERR,ERR,ERR,ERR,ERR,ERR,ERR,ERR,ERR,ERR,ERR,ERR,ERR,ERR,ERR,ERR,ERR,ERR,ERR,ERR,ERR,ERR,ERR,ERR,ERR,ERR,ERR,ERR,ERR,ERR,ERR,ERR,ERR,ERR,ERR,ERR,ERR,ERR,ERR,ERR,ERR,ERR,ERR,ERR,ERR,ERR,ERR,ERR,ERR,ERR,ERR,ERR,ERR,ERR,ERR,ERR,ERR,ERR,ERR,ERR,ERR,ERR,ERR,ERR,ERR,ERR,ERR,ERR,ERR,ERR,ERR,ERR,ERR,ERR,ERR,ERR,ERR,ERR,ERR,ERR,ERR,ERR,ERR,ERR,ERR,ERR,ERR,ERR,ERR,ERR,2.7184267782763598e+23,0.0,-0.0,0.0,0.0,0.0,0.0,-0.0,0,0,4,17333,7116,0.0,100,0.0,0.0,0.0,0.0,0.0,0,0,0,0,0.0,0,0,0,0,0,0,0,0,0,0,0,0,0,0,0,0,0,0,0,0,0,0,0,0,0,0,0,0,0,0,0,0,0,31,40,40,71,65476,0,300,0,0,8,21553,0.0,-107605600.0,0.0,0.0,0.0,0.0,0.0,0.0,0.0,0.0,0.0,0.0,0.0,0.0,0.0,0.0,0.0,0.0,0.0,0.0,0.0,0.0,-2.004,-2.004,0.0,0.0,0.0,0.0,0.0,0.0,5177.0,-131350.5,6937.0,2.7184267782763598e+23,-107616144.0,2.004,2.004,0.0,0.0,0.0,0.0,69,89221.172,-107614824.0,0.0,0.0,0.0,0.0,0.0,0.0,0.0,0,0,0,0.0,0.0,0.0,0.0,0.0,0.0,0.0,0.0,0.0,0.0,0.0,0.0,0.0,0.0,0.0,0.0,0,-107875648.0,69,0.0,138,0.0,2.012,ERR,ERR,ERR,ERR,ERR,ERR,ERR,ERR,ERR,ERR,ERR,ERR,ERR,ERR,ERR,ERR,ERR,ERR,ERR,ERR,ERR,ERR,ERR,ERR,ERR,ERR,ERR,ERR,ERR,ERR,ERR,ERR,ERR,ERR,ERR,ERR,ERR,ERR,ERR,ERR,ERR,ERR,ERR,ERR,ERR,ERR,ERR,ERR,ERR,ERR,ERR,ERR,ERR,ERR,ERR,ERR,ERR,ERR,ERR,ERR,ERR,ERR,ERR,ERR,ERR,ERR,ERR,60.0,60.0,35,0.0,0.0,0.0,0.0,0.0,0.0,0.0,0.0,0.0,0.0,0.0,0.0,0.0,0.0,0.0,0.0,64.8,0,150,71,58,65476,0,65476,0,1,8,20529,65476,0,0,2621,60.0,0.0,0.0,0.0,0.0,0.0
2026-07-09T15:34:51,ERR,ERR,ERR,ERR,ERR,ERR,ERR,ERR,ERR,ERR,ERR,ERR,ERR,ERR,ERR,ERR,ERR,ERR,ERR,ERR,ERR,ERR,ERR,ERR,ERR,ERR,ERR,ERR,ERR,ERR,ERR,ERR,ERR,ERR,ERR,ERR,ERR,ERR,ERR,ERR,ERR,ERR,ERR,ERR,ERR,ERR,ERR,ERR,ERR,ERR,ERR,ERR,ERR,ERR,ERR,ERR,ERR,ERR,ERR,ERR,ERR,ERR,ERR,ERR,ERR,ERR,ERR,ERR,ERR,ERR,ERR,ERR,ERR,ERR,ERR,ERR,ERR,ERR,ERR,ERR,ERR,ERR,ERR,ERR,ERR,ERR,ERR,ERR,ERR,ERR,ERR,ERR,ERR,ERR,ERR,ERR,ERR,ERR,ERR,ERR,ERR,ERR,ERR,ERR,ERR,ERR,ERR,ERR,ERR,ERR,ERR,ERR,ERR,ERR,ERR,ERR,ERR,ERR,ERR,ERR,ERR,ERR,ERR,ERR,ERR,2.7184267782763598e+23,0.0,-0.0,0.0,0.0,0.0,0.0,-0.0,0,0,4,17333,7116,0.0,100,0.0,0.0,0.0,0.0,0.0,0,0,0,0,0.0,0,0,0,0,0,0,0,0,0,0,0,0,0,0,0,0,0,0,0,0,0,0,0,0,0,0,0,0,0,0,0,0,0,31,40,40,71,65476,0,300,0,0,8,21553,0.0,-107605600.0,0.0,0.0,0.0,0.0,0.0,0.0,0.0,0.0,0.0,0.0,0.0,0.0,0.0,0.0,0.0,0.0,0.0,0.0,0.0,0.0,-2.004,-2.004,0.0,0.0,0.0,0.0,0.0,0.0,5177.0,-131350.5,6937.0,2.7184267782763598e+23,-107616144.0,2.004,2.004,0.0,0.0,0.0,0.0,69,89221.172,-107614824.0,0.0,0.0,0.0,0.0,0.0,0.0,0.0,0,0,0,0.0,0.0,0.0,0.0,0.0,0.0,0.0,0.0,0.0,0.0,0.0,0.0,0.0,0.0,0.0,0.0,0,-107875648.0,69,0.0,138,0.0,2.012,ERR,ERR,ERR,ERR,ERR,ERR,ERR,ERR,ERR,ERR,ERR,ERR,ERR,ERR,ERR,ERR,ERR,ERR,ERR,ERR,ERR,ERR,ERR,ERR,ERR,ERR,ERR,ERR,ERR,ERR,ERR,ERR,ERR,ERR,ERR,ERR,ERR,ERR,ERR,ERR,ERR,ERR,ERR,ERR,ERR,ERR,ERR,ERR,ERR,ERR,ERR,ERR,ERR,ERR,ERR,ERR,ERR,ERR,ERR,ERR,ERR,ERR,ERR,ERR,ERR,ERR,ERR,60.0,60.0,35,0.0,0.0,0.0,0.0,0.0,0.0,0.0,0.0,0.0,0.0,0.0,0.0,0.0,0.0,0.0,0.0,64.8,0,150,71,58,65476,0,65476,0,1,8,20529,65476,0,0,2621,60.0,0.0,0.0,0.0,0.0,0.0
2026-07-09T15:34:52,ERR,ERR,ERR,ERR,ERR,ERR,ERR,ERR,ERR,ERR,ERR,ERR,ERR,ERR,ERR,ERR,ERR,ERR,ERR,ERR,ERR,ERR,ERR,ERR,ERR,ERR,ERR,ERR,ERR,ERR,ERR,ERR,ERR,ERR,ERR,ERR,ERR,ERR,ERR,ERR,ERR,ERR,ERR,ERR,ERR,ERR,ERR,ERR,ERR,ERR,ERR,ERR,ERR,ERR,ERR,ERR,ERR,ERR,ERR,ERR,ERR,ERR,ERR,ERR,ERR,ERR,ERR,ERR,ERR,ERR,ERR,ERR,ERR,ERR,ERR,ERR,ERR,ERR,ERR,ERR,ERR,ERR,ERR,ERR,ERR,ERR,ERR,ERR,ERR,ERR,ERR,ERR,ERR,ERR,ERR,ERR,ERR,ERR,ERR,ERR,ERR,ERR,ERR,ERR,ERR,ERR,ERR,ERR,ERR,ERR,ERR,ERR,ERR,ERR,ERR,ERR,ERR,ERR,ERR,ERR,ERR,ERR,ERR,ERR,ERR,2.7184267782763598e+23,0.0,-0.0,0.0,0.0,0.0,0.0,-0.0,0,0,4,17333,7116,0.0,100,0.0,0.0,0.0,0.0,0.0,0,0,0,0,0.0,0,0,0,0,0,0,0,0,0,0,0,0,0,0,0,0,0,0,0,0,0,0,0,0,0,0,0,0,0,0,0,0,0,31,40,40,71,65476,0,300,0,0,8,21553,0.0,-107605600.0,0.0,0.0,0.0,0.0,0.0,0.0,0.0,0.0,0.0,0.0,0.0,0.0,0.0,0.0,0.0,0.0,0.0,0.0,0.0,0.0,-2.004,-2.004,0.0,0.0,0.0,0.0,0.0,0.0,5177.0,-131350.5,6937.0,2.7184267782763598e+23,-107616144.0,2.004,2.004,0.0,0.0,0.0,0.0,69,89221.172,-107614824.0,0.0,0.0,0.0,0.0,0.0,0.0,0.0,0,0,0,0.0,0.0,0.0,0.0,0.0,0.0,0.0,0.0,0.0,0.0,0.0,0.0,0.0,0.0,0.0,0.0,0,-107875648.0,69,0.0,138,0.0,2.012,ERR,ERR,ERR,ERR,ERR,ERR,ERR,ERR,ERR,ERR,ERR,ERR,ERR,ERR,ERR,ERR,ERR,ERR,ERR,ERR,ERR,ERR,ERR,ERR,ERR,ERR,ERR,ERR,ERR,ERR,ERR,ERR,ERR,ERR,ERR,ERR,ERR,ERR,ERR,ERR,ERR,ERR,ERR,ERR,ERR,ERR,ERR,ERR,ERR,ERR,ERR,ERR,ERR,ERR,ERR,ERR,ERR,ERR,ERR,ERR,ERR,ERR,ERR,ERR,ERR,ERR,ERR,60.0,60.0,35,0.0,0.0,0.0,0.0,0.0,0.0,0.0,0.0,0.0,0.0,0.0,0.0,0.0,0.0,0.0,0.0,65.2,0,150,71,58,65476,0,65476,0,1,8,20529,65476,0,0,2621,60.0,0.0,0.0,0.0,0.0,0.0
2026-07-09T15:34:53,ERR,ERR,ERR,ERR,ERR,ERR,ERR,ERR,ERR,ERR,ERR,ERR,ERR,ERR,ERR,ERR,ERR,ERR,ERR,ERR,ERR,ERR,ERR,ERR,ERR,ERR,ERR,ERR,ERR,ERR,ERR,ERR,ERR,ERR,ERR,ERR,ERR,ERR,ERR,ERR,ERR,ERR,ERR,ERR,ERR,ERR,ERR,ERR,ERR,ERR,ERR,ERR,ERR,ERR,ERR,ERR,ERR,ERR,ERR,ERR,ERR,ERR,ERR,ERR,ERR,ERR,ERR,ERR,ERR,ERR,ERR,ERR,ERR,ERR,ERR,ERR,ERR,ERR,ERR,ERR,ERR,ERR,ERR,ERR,ERR,ERR,ERR,ERR,ERR,ERR,ERR,ERR,ERR,ERR,ERR,ERR,ERR,ERR,ERR,ERR,ERR,ERR,ERR,ERR,ERR,ERR,ERR,ERR,ERR,ERR,ERR,ERR,ERR,ERR,ERR,ERR,ERR,ERR,ERR,ERR,ERR,ERR,ERR,ERR,ERR,0.0,0.0,0.0,2.7183478752108883e+23,0.0,-0.0,-287893536.0,-1.0352372748220133e+29,0,0,4,17333,7116,0.0,100,0.0,0.0,2.7183478752108883e+23,0.0,0.0,0,0,0,0,0.0,0,0,0,0,0,0,0,0,0,0,0,0,0,0,0,0,0,0,0,0,0,0,0,0,0,0,0,0,0,0,0,0,0,31,40,40,71,65476,0,300,0,0,8,21553,0.0,-107605600.0,0.0,0.0,0.0,0.0,0.0,0.0,0.0,0.0,0.0,0.0,0.0,0.0,0.0,0.0,0.0,0.0,0.0,0.0,0.0,0.0,-2.004,-3.697071344610758e+19,0.0,0.0,0.0,0.0,0.0,0.0,5150.0,-0.0,6934.0,0.0,0.0,2.004,2.004,0.0,0.0,0.0,0.0,69,1.9056993230651392e+17,-0.0,0.0,0.0,0.0,0.0,0.0,0.0,0.0,0,0,0,0.0,0.0,0.0,0.0,0.0,0.0,0.0,0.0,0.0,0.0,0.0,0.0,0.0,0.0,0.0,0.0,0,-107875648.0,69,0.0,138,0.0,2.012,ERR,ERR,ERR,ERR,ERR,ERR,ERR,ERR,ERR,ERR,ERR,ERR,ERR,ERR,ERR,ERR,ERR,ERR,ERR,ERR,ERR,ERR,ERR,ERR,ERR,ERR,ERR,ERR,ERR,ERR,ERR,ERR,ERR,ERR,ERR,ERR,ERR,ERR,ERR,ERR,ERR,ERR,ERR,ERR,ERR,ERR,ERR,ERR,ERR,ERR,ERR,ERR,ERR,ERR,ERR,ERR,ERR,ERR,ERR,ERR,ERR,ERR,ERR,ERR,ERR,ERR,ERR,60.0,60.0,35,0.0,0.0,0.0,0.0,0.0,0.0,0.0,0.0,0.0,0.0,0.0,0.0,0.0,0.0,0.0,0.0,65.2,0,150,71,58,65476,0,65476,0,1,8,20529,65476,0,0,2621,60.0,0.0,0.0,0.0,0.0,0.0
2026-07-09T15:34:54,ERR,ERR,ERR,ERR,ERR,ERR,ERR,ERR,ERR,ERR,ERR,ERR,ERR,ERR,ERR,ERR,ERR,ERR,ERR,ERR,ERR,ERR,ERR,ERR,ERR,ERR,ERR,ERR,ERR,ERR,ERR,ERR,ERR,ERR,ERR,ERR,ERR,ERR,ERR,ERR,ERR,ERR,ERR,ERR,ERR,ERR,ERR,ERR,ERR,ERR,ERR,ERR,ERR,ERR,ERR,ERR,ERR,ERR,ERR,ERR,ERR,ERR,ERR,ERR,ERR,ERR,ERR,ERR,ERR,ERR,ERR,ERR,ERR,ERR,ERR,ERR,ERR,ERR,ERR,ERR,ERR,ERR,ERR,ERR,ERR,ERR,ERR,ERR,ERR,ERR,ERR,ERR,ERR,ERR,ERR,ERR,ERR,ERR,ERR,ERR,ERR,ERR,ERR,ERR,ERR,ERR,ERR,ERR,ERR,ERR,ERR,ERR,ERR,ERR,ERR,ERR,ERR,ERR,ERR,ERR,ERR,ERR,ERR,ERR,ERR,0.0,0.0,0.0,2.7183478752108883e+23,0.0,-0.0,-287893536.0,-1.0352372748220133e+29,0,0,4,17333,7116,0.0,100,0.0,0.0,2.7183478752108883e+23,0.0,0.0,0,0,0,0,0.0,0,0,0,0,0,0,0,0,0,0,0,0,0,0,0,0,0,0,0,0,0,0,0,0,0,0,0,0,0,0,0,0,0,31,40,40,71,65476,0,300,0,0,8,21553,0.0,-107605600.0,0.0,0.0,0.0,0.0,0.0,0.0,0.0,0.0,0.0,0.0,0.0,0.0,0.0,0.0,0.0,0.0,0.0,0.0,0.0,0.0,-2.004,-3.697071344610758e+19,0.0,0.0,0.0,0.0,0.0,0.0,5150.0,-0.0,6934.0,0.0,0.0,2.004,2.004,0.0,0.0,0.0,0.0,69,1.9056993230651392e+17,-0.0,0.0,0.0,0.0,0.0,0.0,0.0,0.0,0,0,0,0.0,0.0,0.0,0.0,0.0,0.0,0.0,0.0,0.0,0.0,0.0,0.0,0.0,0.0,0.0,0.0,0,-107875648.0,69,0.0,138,0.0,2.012,ERR,ERR,ERR,ERR,ERR,ERR,ERR,ERR,ERR,ERR,ERR,ERR,ERR,ERR,ERR,ERR,ERR,ERR,ERR,ERR,ERR,ERR,ERR,ERR,ERR,ERR,ERR,ERR,ERR,ERR,ERR,ERR,ERR,ERR,ERR,ERR,ERR,ERR,ERR,ERR,ERR,ERR,ERR,ERR,ERR,ERR,ERR,ERR,ERR,ERR,ERR,ERR,ERR,ERR,ERR,ERR,ERR,ERR,ERR,ERR,ERR,ERR,ERR,ERR,ERR,ERR,ERR,60.0,60.0,35,0.0,0.0,0.0,0.0,0.0,0.0,0.0,0.0,0.0,0.0,0.0,0.0,0.0,0.0,0.0,0.0,64.8,0,150,71,58,65476,0,65476,0,1,8,20529,65476,0,0,2621,60.0,0.0,0.0,0.0,0.0,0.0
2026-07-09T15:34:55,ERR,ERR,ERR,ERR,ERR,ERR,ERR,ERR,ERR,ERR,ERR,ERR,ERR,ERR,ERR,ERR,ERR,ERR,ERR,ERR,ERR,ERR,ERR,ERR,ERR,ERR,ERR,ERR,ERR,ERR,ERR,ERR,ERR,ERR,ERR,ERR,ERR,ERR,ERR,ERR,ERR,ERR,ERR,ERR,ERR,ERR,ERR,ERR,ERR,ERR,ERR,ERR,ERR,ERR,ERR,ERR,ERR,ERR,ERR,ERR,ERR,ERR,ERR,ERR,ERR,ERR,ERR,ERR,ERR,ERR,ERR,ERR,ERR,ERR,ERR,ERR,ERR,ERR,ERR,ERR,ERR,ERR,ERR,ERR,ERR,ERR,ERR,ERR,ERR,ERR,ERR,ERR,ERR,ERR,ERR,ERR,ERR,ERR,ERR,ERR,ERR,ERR,ERR,ERR,ERR,ERR,ERR,ERR,ERR,ERR,ERR,ERR,ERR,ERR,ERR,ERR,ERR,ERR,ERR,ERR,ERR,ERR,ERR,ERR,ERR,0.0,0.0,0.0,2.7183478752108883e+23,0.0,-0.0,-287893536.0,-1.0352372748220133e+29,0,0,4,17333,7116,0.0,100,0.0,0.0,2.7183478752108883e+23,0.0,0.0,0,0,0,0,0.0,0,0,0,0,0,0,0,0,0,0,0,0,0,0,0,0,0,0,0,0,0,0,0,0,0,0,0,0,0,0,0,0,0,31,40,40,71,65476,0,300,0,0,8,21553,0.0,-107605600.0,0.0,0.0,0.0,0.0,0.0,0.0,0.0,0.0,0.0,0.0,0.0,0.0,0.0,0.0,0.0,0.0,0.0,0.0,0.0,0.0,-2.004,-3.697071344610758e+19,0.0,0.0,0.0,0.0,0.0,0.0,5150.0,-0.0,6934.0,0.0,0.0,2.004,2.004,0.0,0.0,0.0,0.0,69,1.9056993230651392e+17,-0.0,0.0,0.0,0.0,0.0,0.0,0.0,0.0,0,0,0,0.0,0.0,0.0,0.0,0.0,0.0,0.0,0.0,0.0,0.0,0.0,0.0,0.0,0.0,0.0,0.0,0,-107875648.0,69,0.0,138,0.0,2.012,ERR,ERR,ERR,ERR,ERR,ERR,ERR,ERR,ERR,ERR,ERR,ERR,ERR,ERR,ERR,ERR,ERR,ERR,ERR,ERR,ERR,ERR,ERR,ERR,ERR,ERR,ERR,ERR,ERR,ERR,ERR,ERR,ERR,ERR,ERR,ERR,ERR,ERR,ERR,ERR,ERR,ERR,ERR,ERR,ERR,ERR,ERR,ERR,ERR,ERR,ERR,ERR,ERR,ERR,ERR,ERR,ERR,ERR,ERR,ERR,ERR,ERR,ERR,ERR,ERR,ERR,ERR,60.0,60.0,35,0.0,0.0,0.0,0.0,0.0,0.0,0.0,0.0,0.0,0.0,0.0,0.0,0.0,0.0,0.0,0.0,64.8,0,150,71,58,65476,0,65476,0,1,8,20529,65476,0,0,2621,60.0,0.0,0.0,0.0,0.0,0.0
2026-07-09T15:34:56,ERR,ERR,ERR,ERR,ERR,ERR,ERR,ERR,ERR,ERR,ERR,ERR,ERR,ERR,ERR,ERR,ERR,ERR,ERR,ERR,ERR,ERR,ERR,ERR,ERR,ERR,ERR,ERR,ERR,ERR,ERR,ERR,ERR,ERR,ERR,ERR,ERR,ERR,ERR,ERR,ERR,ERR,ERR,ERR,ERR,ERR,ERR,ERR,ERR,ERR,ERR,ERR,ERR,ERR,ERR,ERR,ERR,ERR,ERR,ERR,ERR,ERR,ERR,ERR,ERR,ERR,ERR,ERR,ERR,ERR,ERR,ERR,ERR,ERR,ERR,ERR,ERR,ERR,ERR,ERR,ERR,ERR,ERR,ERR,ERR,ERR,ERR,ERR,ERR,ERR,ERR,ERR,ERR,ERR,ERR,ERR,ERR,ERR,ERR,ERR,ERR,ERR,ERR,ERR,ERR,ERR,ERR,ERR,ERR,ERR,ERR,ERR,ERR,ERR,ERR,ERR,ERR,ERR,ERR,ERR,ERR,ERR,ERR,ERR,ERR,0.0,0.0,0.0,2.7183478752108883e+23,0.0,-0.0,-287893536.0,-1.0352372748220133e+29,0,0,4,17333,7116,0.0,100,0.0,0.0,2.7183478752108883e+23,0.0,0.0,0,0,0,0,0.0,0,0,0,0,0,0,0,0,0,0,0,0,0,0,0,0,0,0,0,0,0,0,0,0,0,0,0,0,0,0,0,0,0,31,40,40,71,65476,0,300,0,0,8,21553,0.0,-107605600.0,0.0,0.0,0.0,0.0,0.0,0.0,0.0,0.0,0.0,0.0,0.0,0.0,0.0,0.0,0.0,0.0,0.0,0.0,0.0,0.0,-2.004,-3.697071344610758e+19,0.0,0.0,0.0,0.0,0.0,0.0,5150.0,-0.0,6934.0,0.0,0.0,2.004,2.004,0.0,0.0,0.0,0.0,69,1.9056993230651392e+17,-0.0,0.0,0.0,0.0,0.0,0.0,0.0,0.0,0,0,0,0.0,0.0,0.0,0.0,0.0,0.0,0.0,0.0,0.0,0.0,0.0,0.0,0.0,0.0,0.0,0.0,0,-107875648.0,69,0.0,138,0.0,2.012,ERR,ERR,ERR,ERR,ERR,ERR,ERR,ERR,ERR,ERR,ERR,ERR,ERR,ERR,ERR,ERR,ERR,ERR,ERR,ERR,ERR,ERR,ERR,ERR,ERR,ERR,ERR,ERR,ERR,ERR,ERR,ERR,ERR,ERR,ERR,ERR,ERR,ERR,ERR,ERR,ERR,ERR,ERR,ERR,ERR,ERR,ERR,ERR,ERR,ERR,ERR,ERR,ERR,ERR,ERR,ERR,ERR,ERR,ERR,ERR,ERR,ERR,ERR,ERR,ERR,ERR,ERR,60.0,60.0,35,0.0,0.0,0.0,0.0,0.0,0.0,0.0,0.0,0.0,0.0,0.0,0.0,0.0,0.0,0.0,0.0,64.8,0,150,71,58,65476,0,65476,0,1,8,20529,65476,0,0,2621,60.0,0.0,0.0,0.0,0.0,0.0
2026-07-09T15:34:57,ERR,ERR,ERR,ERR,ERR,ERR,ERR,ERR,ERR,ERR,ERR,ERR,ERR,ERR,ERR,ERR,ERR,ERR,ERR,ERR,ERR,ERR,ERR,ERR,ERR,ERR,ERR,ERR,ERR,ERR,ERR,ERR,ERR,ERR,ERR,ERR,ERR,ERR,ERR,ERR,ERR,ERR,ERR,ERR,ERR,ERR,ERR,ERR,ERR,ERR,ERR,ERR,ERR,ERR,ERR,ERR,ERR,ERR,ERR,ERR,ERR,ERR,ERR,ERR,ERR,ERR,ERR,ERR,ERR,ERR,ERR,ERR,ERR,ERR,ERR,ERR,ERR,ERR,ERR,ERR,ERR,ERR,ERR,ERR,ERR,ERR,ERR,ERR,ERR,ERR,ERR,ERR,ERR,ERR,ERR,ERR,ERR,ERR,ERR,ERR,ERR,ERR,ERR,ERR,ERR,ERR,ERR,ERR,ERR,ERR,ERR,ERR,ERR,ERR,ERR,ERR,ERR,ERR,ERR,ERR,ERR,ERR,ERR,ERR,ERR,0.0,0.0,0.0,2.7183478752108883e+23,0.0,-0.0,-287893536.0,-1.0352372748220133e+29,0,0,4,17333,7116,0.0,100,0.0,0.0,2.7183478752108883e+23,0.0,0.0,0,0,0,0,0.0,0,0,0,0,0,0,0,0,0,0,0,0,0,0,0,0,0,0,0,0,0,0,0,0,0,0,0,0,0,0,0,0,0,31,40,40,71,65476,0,300,0,0,8,21553,0.0,-107605600.0,0.0,0.0,0.0,0.0,0.0,0.0,0.0,0.0,0.0,0.0,0.0,0.0,0.0,0.0,0.0,0.0,0.0,0.0,0.0,0.0,-2.004,-3.697071344610758e+19,0.0,0.0,0.0,0.0,0.0,0.0,5150.0,-0.0,6934.0,0.0,0.0,2.004,2.004,0.0,0.0,0.0,0.0,69,1.9056993230651392e+17,-0.0,0.0,0.0,0.0,0.0,0.0,0.0,0.0,0,0,0,0.0,0.0,0.0,0.0,0.0,0.0,0.0,0.0,0.0,0.0,0.0,0.0,0.0,0.0,0.0,0.0,0,-107875648.0,69,0.0,138,0.0,2.012,ERR,ERR,ERR,ERR,ERR,ERR,ERR,ERR,ERR,ERR,ERR,ERR,ERR,ERR,ERR,ERR,ERR,ERR,ERR,ERR,ERR,ERR,ERR,ERR,ERR,ERR,ERR,ERR,ERR,ERR,ERR,ERR,ERR,ERR,ERR,ERR,ERR,ERR,ERR,ERR,ERR,ERR,ERR,ERR,ERR,ERR,ERR,ERR,ERR,ERR,ERR,ERR,ERR,ERR,ERR,ERR,ERR,ERR,ERR,ERR,ERR,ERR,ERR,ERR,ERR,ERR,ERR,60.0,60.0,35,0.0,0.0,0.0,0.0,0.0,0.0,0.0,0.0,0.0,0.0,0.0,0.0,0.0,0.0,0.0,0.0,64.8,0,150,71,58,65476,0,65476,0,1,8,20529,65476,0,0,2621,60.0,0.0,0.0,0.0,0.0,0.0
2026-07-09T15:34:58,ERR,ERR,ERR,ERR,ERR,ERR,ERR,ERR,ERR,ERR,ERR,ERR,ERR,ERR,ERR,ERR,ERR,ERR,ERR,ERR,ERR,ERR,ERR,ERR,ERR,ERR,ERR,ERR,ERR,ERR,ERR,ERR,ERR,ERR,ERR,ERR,ERR,ERR,ERR,ERR,ERR,ERR,ERR,ERR,ERR,ERR,ERR,ERR,ERR,ERR,ERR,ERR,ERR,ERR,ERR,ERR,ERR,ERR,ERR,ERR,ERR,ERR,ERR,ERR,ERR,ERR,ERR,ERR,ERR,ERR,ERR,ERR,ERR,ERR,ERR,ERR,ERR,ERR,ERR,ERR,ERR,ERR,ERR,ERR,ERR,ERR,ERR,ERR,ERR,ERR,ERR,ERR,ERR,ERR,ERR,ERR,ERR,ERR,ERR,ERR,ERR,ERR,ERR,ERR,ERR,ERR,ERR,ERR,ERR,ERR,ERR,ERR,ERR,ERR,ERR,ERR,ERR,ERR,ERR,ERR,ERR,ERR,ERR,ERR,ERR,0.0,0.0,2.718423535684628e+23,0.0,-0.0,0.0,1.1487613924119937e+20,0.0,0,0,4,17330,7116,0.0,100,0.0,0.0,0.0,0.0,0.0,0,0,0,0,0.0,0,0,0,0,0,0,0,0,0,0,0,0,0,0,0,0,0,0,0,0,0,0,0,0,0,0,0,0,0,0,0,0,0,31,40,40,71,65476,0,300,0,0,8,21553,0.0,-107605600.0,0.0,0.0,0.0,0.0,0.0,0.0,0.0,0.0,0.0,0.0,0.0,0.0,0.0,0.0,0.0,0.0,0.0,0.0,0.0,0.0,-0.0,0.0,0.0,0.0,0.0,0.0,0.0,0.0,5148.0,2.4229890574537865e+24,6922.0,0.0,0.0,2.004,2.004,0.0,0.0,0.0,0.0,69,2.7184314620199723e+23,0.0,0.0,0.0,0.0,0.0,0.0,0.0,0.0,0,0,0,0.0,0.0,0.0,0.0,0.0,0.0,0.0,0.0,0.0,0.0,0.0,0.0,0.0,0.0,0.0,0.0,0,-107875648.0,69,0.0,138,0.0,2.012,ERR,ERR,ERR,ERR,ERR,ERR,ERR,ERR,ERR,ERR,ERR,ERR,ERR,ERR,ERR,ERR,ERR,ERR,ERR,ERR,ERR,ERR,ERR,ERR,ERR,ERR,ERR,ERR,ERR,ERR,ERR,ERR,ERR,ERR,ERR,ERR,ERR,ERR,ERR,ERR,ERR,ERR,ERR,ERR,ERR,ERR,ERR,ERR,ERR,ERR,ERR,ERR,ERR,ERR,ERR,ERR,ERR,ERR,ERR,ERR,ERR,ERR,ERR,ERR,ERR,ERR,ERR,60.0,60.0,35,0.0,0.0,0.0,0.0,0.0,0.0,0.0,0.0,0.0,0.0,0.0,0.0,0.0,0.0,0.0,0.0,64.8,0,150,71,58,65476,0,65476,0,1,8,20529,65476,0,0,2621,60.0,0.0,0.0,0.0,0.0,0.0
2026-07-09T15:34:59,ERR,ERR,ERR,ERR,ERR,ERR,ERR,ERR,ERR,ERR,ERR,ERR,ERR,ERR,ERR,ERR,ERR,ERR,ERR,ERR,ERR,ERR,ERR,ERR,ERR,ERR,ERR,ERR,ERR,ERR,ERR,ERR,ERR,ERR,ERR,ERR,ERR,ERR,ERR,ERR,ERR,ERR,ERR,ERR,ERR,ERR,ERR,ERR,ERR,ERR,ERR,ERR,ERR,ERR,ERR,ERR,ERR,ERR,ERR,ERR,ERR,ERR,ERR,ERR,ERR,ERR,ERR,ERR,ERR,ERR,ERR,ERR,ERR,ERR,ERR,ERR,ERR,ERR,ERR,ERR,ERR,ERR,ERR,ERR,ERR,ERR,ERR,ERR,ERR,ERR,ERR,ERR,ERR,ERR,ERR,ERR,ERR,ERR,ERR,ERR,ERR,ERR,ERR,ERR,ERR,ERR,ERR,ERR,ERR,ERR,ERR,ERR,ERR,ERR,ERR,ERR,ERR,ERR,ERR,ERR,ERR,ERR,ERR,ERR,ERR,0.0,0.0,2.718423535684628e+23,0.0,-0.0,0.0,1.1487613924119937e+20,0.0,0,0,4,17330,7116,0.0,100,0.0,0.0,0.0,0.0,0.0,0,0,0,0,0.0,0,0,0,0,0,0,0,0,0,0,0,0,0,0,0,0,0,0,0,0,0,0,0,0,0,0,0,0,0,0,0,0,0,31,40,40,71,65476,0,300,0,0,8,21553,0.0,-107605600.0,0.0,0.0,0.0,0.0,0.0,0.0,0.0,0.0,0.0,0.0,0.0,0.0,0.0,0.0,0.0,0.0,0.0,0.0,0.0,0.0,-0.0,0.0,0.0,0.0,0.0,0.0,0.0,0.0,5148.0,2.4229890574537865e+24,6922.0,0.0,0.0,2.004,2.004,0.0,0.0,0.0,0.0,69,2.7184314620199723e+23,0.0,0.0,0.0,0.0,0.0,0.0,0.0,0.0,0,0,0,0.0,0.0,0.0,0.0,0.0,0.0,0.0,0.0,0.0,0.0,0.0,0.0,0.0,0.0,0.0,0.0,0,-107875648.0,69,0.0,138,0.0,2.012,ERR,ERR,ERR,ERR,ERR,ERR,ERR,ERR,ERR,ERR,ERR,ERR,ERR,ERR,ERR,ERR,ERR,ERR,ERR,ERR,ERR,ERR,ERR,ERR,ERR,ERR,ERR,ERR,ERR,ERR,ERR,ERR,ERR,ERR,ERR,ERR,ERR,ERR,ERR,ERR,ERR,ERR,ERR,ERR,ERR,ERR,ERR,ERR,ERR,ERR,ERR,ERR,ERR,ERR,ERR,ERR,ERR,ERR,ERR,ERR,ERR,ERR,ERR,ERR,ERR,ERR,ERR,60.0,60.0,35,0.0,0.0,0.0,0.0,0.0,0.0,0.0,0.0,0.0,0.0,0.0,0.0,0.0,0.0,0.0,0.0,64.8,0,150,71,58,65476,0,65476,0,1,8,20529,65476,0,0,2621,60.0,0.0,0.0,0.0,0.0,0.0
2026-07-09T15:35:00,ERR,ERR,ERR,ERR,ERR,ERR,ERR,ERR,ERR,ERR,ERR,ERR,ERR,ERR,ERR,ERR,ERR,ERR,ERR,ERR,ERR,ERR,ERR,ERR,ERR,ERR,ERR,ERR,ERR,ERR,ERR,ERR,ERR,ERR,ERR,ERR,ERR,ERR,ERR,ERR,ERR,ERR,ERR,ERR,ERR,ERR,ERR,ERR,ERR,ERR,ERR,ERR,ERR,ERR,ERR,ERR,ERR,ERR,ERR,ERR,ERR,ERR,ERR,ERR,ERR,ERR,ERR,ERR,ERR,ERR,ERR,ERR,ERR,ERR,ERR,ERR,ERR,ERR,ERR,ERR,ERR,ERR,ERR,ERR,ERR,ERR,ERR,ERR,ERR,ERR,ERR,ERR,ERR,ERR,ERR,ERR,ERR,ERR,ERR,ERR,ERR,ERR,ERR,ERR,ERR,ERR,ERR,ERR,ERR,ERR,ERR,ERR,ERR,ERR,ERR,ERR,ERR,ERR,ERR,ERR,ERR,ERR,ERR,ERR,ERR,0.0,0.0,2.718423535684628e+23,0.0,-0.0,0.0,1.1487613924119937e+20,0.0,0,0,4,17330,7116,0.0,100,0.0,0.0,0.0,0.0,0.0,0,0,0,0,0.0,0,0,0,0,0,0,0,0,0,0,0,0,0,0,0,0,0,0,0,0,0,0,0,0,0,0,0,0,0,0,0,0,0,31,40,40,71,65476,0,300,0,0,8,21553,0.0,-107605600.0,0.0,0.0,0.0,0.0,0.0,0.0,0.0,0.0,0.0,0.0,0.0,0.0,0.0,0.0,0.0,0.0,0.0,0.0,0.0,0.0,-0.0,0.0,0.0,0.0,0.0,0.0,0.0,0.0,5148.0,2.4229890574537865e+24,6922.0,0.0,0.0,2.004,2.004,0.0,0.0,0.0,0.0,69,2.7184314620199723e+23,0.0,0.0,0.0,0.0,0.0,0.0,0.0,0.0,0,0,0,0.0,0.0,0.0,0.0,0.0,0.0,0.0,0.0,0.0,0.0,0.0,0.0,0.0,0.0,0.0,0.0,0,-107875648.0,69,0.0,138,0.0,2.012,ERR,ERR,ERR,ERR,ERR,ERR,ERR,ERR,ERR,ERR,ERR,ERR,ERR,ERR,ERR,ERR,ERR,ERR,ERR,ERR,ERR,ERR,ERR,ERR,ERR,ERR,ERR,ERR,ERR,ERR,ERR,ERR,ERR,ERR,ERR,ERR,ERR,ERR,ERR,ERR,ERR,ERR,ERR,ERR,ERR,ERR,ERR,ERR,ERR,ERR,ERR,ERR,ERR,ERR,ERR,ERR,ERR,ERR,ERR,ERR,ERR,ERR,ERR,ERR,ERR,ERR,ERR,60.0,60.0,35,0.0,0.0,0.0,0.0,0.0,0.0,0.0,0.0,0.0,0.0,0.0,0.0,0.0,0.0,0.0,0.0,64.8,0,150,71,58,65476,0,65476,0,1,8,20529,65476,0,0,2621,60.0,0.0,0.0,0.0,0.0,0.0
2026-07-09T15:35:01,ERR,ERR,ERR,ERR,ERR,ERR,ERR,ERR,ERR,ERR,ERR,ERR,ERR,ERR,ERR,ERR,ERR,ERR,ERR,ERR,ERR,ERR,ERR,ERR,ERR,ERR,ERR,ERR,ERR,ERR,ERR,ERR,ERR,ERR,ERR,ERR,ERR,ERR,ERR,ERR,ERR,ERR,ERR,ERR,ERR,ERR,ERR,ERR,ERR,ERR,ERR,ERR,ERR,ERR,ERR,ERR,ERR,ERR,ERR,ERR,ERR,ERR,ERR,ERR,ERR,ERR,ERR,ERR,ERR,ERR,ERR,ERR,ERR,ERR,ERR,ERR,ERR,ERR,ERR,ERR,ERR,ERR,ERR,ERR,ERR,ERR,ERR,ERR,ERR,ERR,ERR,ERR,ERR,ERR,ERR,ERR,ERR,ERR,ERR,ERR,ERR,ERR,ERR,ERR,ERR,ERR,ERR,ERR,ERR,ERR,ERR,ERR,ERR,ERR,ERR,ERR,ERR,ERR,ERR,ERR,ERR,ERR,ERR,ERR,ERR,0.0,0.0,2.718423535684628e+23,0.0,-0.0,0.0,1.1487613924119937e+20,0.0,0,0,4,17330,7116,0.0,100,0.0,0.0,0.0,0.0,0.0,0,0,0,0,0.0,0,0,0,0,0,0,0,0,0,0,0,0,0,0,0,0,0,0,0,0,0,0,0,0,0,0,0,0,0,0,0,0,0,31,40,40,71,65476,0,300,0,0,8,21553,0.0,-107605600.0,0.0,0.0,0.0,0.0,0.0,0.0,0.0,0.0,0.0,0.0,0.0,0.0,0.0,0.0,0.0,0.0,0.0,0.0,0.0,0.0,-0.0,0.0,0.0,0.0,0.0,0.0,0.0,0.0,5148.0,2.4229890574537865e+24,6922.0,0.0,0.0,2.004,2.004,0.0,0.0,0.0,0.0,69,2.7184314620199723e+23,0.0,0.0,0.0,0.0,0.0,0.0,0.0,0.0,0,0,0,0.0,0.0,0.0,0.0,0.0,0.0,0.0,0.0,0.0,0.0,0.0,0.0,0.0,0.0,0.0,0.0,0,-107875648.0,69,0.0,138,0.0,2.012,ERR,ERR,ERR,ERR,ERR,ERR,ERR,ERR,ERR,ERR,ERR,ERR,ERR,ERR,ERR,ERR,ERR,ERR,ERR,ERR,ERR,ERR,ERR,ERR,ERR,ERR,ERR,ERR,ERR,ERR,ERR,ERR,ERR,ERR,ERR,ERR,ERR,ERR,ERR,ERR,ERR,ERR,ERR,ERR,ERR,ERR,ERR,ERR,ERR,ERR,ERR,ERR,ERR,ERR,ERR,ERR,ERR,ERR,ERR,ERR,ERR,ERR,ERR,ERR,ERR,ERR,ERR,60.0,60.0,35,0.0,0.0,0.0,0.0,0.0,0.0,0.0,0.0,0.0,0.0,0.0,0.0,0.0,0.0,0.0,0.0,64.8,0,150,71,58,65476,0,65476,0,1,8,20529,65476,0,0,2621,60.0,0.0,0.0,0.0,0.0,0.0
2026-07-09T15:35:02,ERR,ERR,ERR,ERR,ERR,ERR,ERR,ERR,ERR,ERR,ERR,ERR,ERR,ERR,ERR,ERR,ERR,ERR,ERR,ERR,ERR,ERR,ERR,ERR,ERR,ERR,ERR,ERR,ERR,ERR,ERR,ERR,ERR,ERR,ERR,ERR,ERR,ERR,ERR,ERR,ERR,ERR,ERR,ERR,ERR,ERR,ERR,ERR,ERR,ERR,ERR,ERR,ERR,ERR,ERR,ERR,ERR,ERR,ERR,ERR,ERR,ERR,ERR,ERR,ERR,ERR,ERR,ERR,ERR,ERR,ERR,ERR,ERR,ERR,ERR,ERR,ERR,ERR,ERR,ERR,ERR,ERR,ERR,ERR,ERR,ERR,ERR,ERR,ERR,ERR,ERR,ERR,ERR,ERR,ERR,ERR,ERR,ERR,ERR,ERR,ERR,ERR,ERR,ERR,ERR,ERR,ERR,ERR,ERR,ERR,ERR,ERR,ERR,ERR,ERR,ERR,ERR,ERR,ERR,ERR,ERR,ERR,ERR,ERR,ERR,0.0,0.0,2.718423535684628e+23,0.0,-0.0,0.0,1.1487613924119937e+20,0.0,0,0,4,17330,7116,0.0,100,0.0,0.0,0.0,0.0,0.0,0,0,0,0,0.0,0,0,0,0,0,0,0,0,0,0,0,0,0,0,0,0,0,0,0,0,0,0,0,0,0,0,0,0,0,0,0,0,0,31,40,40,71,65476,0,300,0,0,8,21553,0.0,-107605600.0,0.0,0.0,0.0,0.0,0.0,0.0,0.0,0.0,0.0,0.0,0.0,0.0,0.0,0.0,0.0,0.0,0.0,0.0,0.0,0.0,-0.0,0.0,0.0,0.0,0.0,0.0,0.0,0.0,5148.0,2.4229890574537865e+24,6922.0,0.0,0.0,2.004,2.004,0.0,0.0,0.0,0.0,69,2.7184314620199723e+23,0.0,0.0,0.0,0.0,0.0,0.0,0.0,0.0,0,0,0,0.0,0.0,0.0,0.0,0.0,0.0,0.0,0.0,0.0,0.0,0.0,0.0,0.0,0.0,0.0,0.0,0,-107875648.0,69,0.0,138,0.0,2.012,ERR,ERR,ERR,ERR,ERR,ERR,ERR,ERR,ERR,ERR,ERR,ERR,ERR,ERR,ERR,ERR,ERR,ERR,ERR,ERR,ERR,ERR,ERR,ERR,ERR,ERR,ERR,ERR,ERR,ERR,ERR,ERR,ERR,ERR,ERR,ERR,ERR,ERR,ERR,ERR,ERR,ERR,ERR,ERR,ERR,ERR,ERR,ERR,ERR,ERR,ERR,ERR,ERR,ERR,ERR,ERR,ERR,ERR,ERR,ERR,ERR,ERR,ERR,ERR,ERR,ERR,ERR,60.0,60.0,35,0.0,0.0,0.0,0.0,0.0,0.0,0.0,0.0,0.0,0.0,0.0,0.0,0.0,0.0,0.0,0.0,64.8,0,150,71,58,65476,0,65476,0,1,8,20529,65476,0,0,2621,60.0,0.0,0.0,0.0,0.0,0.0
2026-07-09T15:35:03,ERR,ERR,ERR,ERR,ERR,ERR,ERR,ERR,ERR,ERR,ERR,ERR,ERR,ERR,ERR,ERR,ERR,ERR,ERR,ERR,ERR,ERR,ERR,ERR,ERR,ERR,ERR,ERR,ERR,ERR,ERR,ERR,ERR,ERR,ERR,ERR,ERR,ERR,ERR,ERR,ERR,ERR,ERR,ERR,ERR,ERR,ERR,ERR,ERR,ERR,ERR,ERR,ERR,ERR,ERR,ERR,ERR,ERR,ERR,ERR,ERR,ERR,ERR,ERR,ERR,ERR,ERR,ERR,ERR,ERR,ERR,ERR,ERR,ERR,ERR,ERR,ERR,ERR,ERR,ERR,ERR,ERR,ERR,ERR,ERR,ERR,ERR,ERR,ERR,ERR,ERR,ERR,ERR,ERR,ERR,ERR,ERR,ERR,ERR,ERR,ERR,ERR,ERR,ERR,ERR,ERR,ERR,ERR,ERR,ERR,ERR,ERR,ERR,ERR,ERR,ERR,ERR,ERR,ERR,ERR,ERR,ERR,ERR,ERR,ERR,-0.0,0.0,-107090768.0,2.7183478752108883e+23,-0.0,-4616.175,0.0,-0.0,0,0,4,17333,7116,0.0,100,0.0,0.0,2.7183478752108883e+23,0.0,0.0,0,0,0,0,0.0,0,0,0,0,0,0,0,0,0,0,0,0,0,0,0,0,0,0,0,0,0,0,0,0,0,0,0,0,0,0,0,0,0,31,40,40,71,65476,0,300,0,0,8,21553,0.0,-107605600.0,0.0,0.0,0.0,0.0,0.0,0.0,0.0,0.0,0.0,0.0,0.0,0.0,0.0,0.0,0.0,0.0,0.0,0.0,0.0,0.0,2.004,-3.697071344610758e+19,0.0,0.0,0.0,0.0,0.0,0.0,5121.0,0.0,6917.0,-0.0,0.0,2.004,2.004,0.0,0.0,0.0,0.0,69,2.7184314620199723e+23,-152017347543040.0,0.0,0.0,0.0,0.0,0.0,0.0,0.0,0,0,0,0.0,0.0,0.0,0.0,0.0,0.0,0.0,0.0,0.0,0.0,0.0,0.0,0.0,0.0,0.0,0.0,0,-107875648.0,69,0.0,138,0.0,2.012,ERR,ERR,ERR,ERR,ERR,ERR,ERR,ERR,ERR,ERR,ERR,ERR,ERR,ERR,ERR,ERR,ERR,ERR,ERR,ERR,ERR,ERR,ERR,ERR,ERR,ERR,ERR,ERR,ERR,ERR,ERR,ERR,ERR,ERR,ERR,ERR,ERR,ERR,ERR,ERR,ERR,ERR,ERR,ERR,ERR,ERR,ERR,ERR,ERR,ERR,ERR,ERR,ERR,ERR,ERR,ERR,ERR,ERR,ERR,ERR,ERR,ERR,ERR,ERR,ERR,ERR,ERR,60.0,60.0,35,0.0,0.0,0.0,0.0,0.0,0.0,0.0,0.0,0.0,0.0,0.0,0.0,0.0,0.0,0.0,0.0,64.8,0,150,71,58,65476,0,65476,0,1,8,20529,65476,0,0,2621,60.0,0.0,0.0,0.0,0.0,0.0
2026-07-09T15:35:04,ERR,ERR,ERR,ERR,ERR,ERR,ERR,ERR,ERR,ERR,ERR,ERR,ERR,ERR,ERR,ERR,ERR,ERR,ERR,ERR,ERR,ERR,ERR,ERR,ERR,ERR,ERR,ERR,ERR,ERR,ERR,ERR,ERR,ERR,ERR,ERR,ERR,ERR,ERR,ERR,ERR,ERR,ERR,ERR,ERR,ERR,ERR,ERR,ERR,ERR,ERR,ERR,ERR,ERR,ERR,ERR,ERR,ERR,ERR,ERR,ERR,ERR,ERR,ERR,ERR,ERR,ERR,ERR,ERR,ERR,ERR,ERR,ERR,ERR,ERR,ERR,ERR,ERR,ERR,ERR,ERR,ERR,ERR,ERR,ERR,ERR,ERR,ERR,ERR,ERR,ERR,ERR,ERR,ERR,ERR,ERR,ERR,ERR,ERR,ERR,ERR,ERR,ERR,ERR,ERR,ERR,ERR,ERR,ERR,ERR,ERR,ERR,ERR,ERR,ERR,ERR,ERR,ERR,ERR,ERR,ERR,ERR,ERR,ERR,ERR,-0.0,0.0,-107090768.0,2.7183478752108883e+23,-0.0,-4616.175,0.0,-0.0,0,0,4,17333,7116,0.0,100,0.0,0.0,2.7183478752108883e+23,0.0,0.0,0,0,0,0,0.0,0,0,0,0,0,0,0,0,0,0,0,0,0,0,0,0,0,0,0,0,0,0,0,0,0,0,0,0,0,0,0,0,0,31,40,40,71,65476,0,300,0,0,8,21553,0.0,-107605600.0,0.0,0.0,0.0,0.0,0.0,0.0,0.0,0.0,0.0,0.0,0.0,0.0,0.0,0.0,0.0,0.0,0.0,0.0,0.0,0.0,2.004,-3.697071344610758e+19,0.0,0.0,0.0,0.0,0.0,0.0,5121.0,0.0,6917.0,-0.0,0.0,2.004,2.004,0.0,0.0,0.0,0.0,69,2.7184314620199723e+23,-152017347543040.0,0.0,0.0,0.0,0.0,0.0,0.0,0.0,0,0,0,0.0,0.0,0.0,0.0,0.0,0.0,0.0,0.0,0.0,0.0,0.0,0.0,0.0,0.0,0.0,0.0,0,-107875648.0,69,0.0,138,0.0,2.012,ERR,ERR,ERR,ERR,ERR,ERR,ERR,ERR,ERR,ERR,ERR,ERR,ERR,ERR,ERR,ERR,ERR,ERR,ERR,ERR,ERR,ERR,ERR,ERR,ERR,ERR,ERR,ERR,ERR,ERR,ERR,ERR,ERR,ERR,ERR,ERR,ERR,ERR,ERR,ERR,ERR,ERR,ERR,ERR,ERR,ERR,ERR,ERR,ERR,ERR,ERR,ERR,ERR,ERR,ERR,ERR,ERR,ERR,ERR,ERR,ERR,ERR,ERR,ERR,ERR,ERR,ERR,60.0,60.0,35,0.0,0.0,0.0,0.0,0.0,0.0,0.0,0.0,0.0,0.0,0.0,0.0,0.0,0.0,0.0,0.0,64.8,0,150,71,58,65476,0,65476,0,1,8,20529,65476,0,0,2621,60.0,0.0,0.0,0.0,0.0,0.0
2026-07-09T15:35:05,ERR,ERR,ERR,ERR,ERR,ERR,ERR,ERR,ERR,ERR,ERR,ERR,ERR,ERR,ERR,ERR,ERR,ERR,ERR,ERR,ERR,ERR,ERR,ERR,ERR,ERR,ERR,ERR,ERR,ERR,ERR,ERR,ERR,ERR,ERR,ERR,ERR,ERR,ERR,ERR,ERR,ERR,ERR,ERR,ERR,ERR,ERR,ERR,ERR,ERR,ERR,ERR,ERR,ERR,ERR,ERR,ERR,ERR,ERR,ERR,ERR,ERR,ERR,ERR,ERR,ERR,ERR,ERR,ERR,ERR,ERR,ERR,ERR,ERR,ERR,ERR,ERR,ERR,ERR,ERR,ERR,ERR,ERR,ERR,ERR,ERR,ERR,ERR,ERR,ERR,ERR,ERR,ERR,ERR,ERR,ERR,ERR,ERR,ERR,ERR,ERR,ERR,ERR,ERR,ERR,ERR,ERR,ERR,ERR,ERR,ERR,ERR,ERR,ERR,ERR,ERR,ERR,ERR,ERR,ERR,ERR,ERR,ERR,ERR,ERR,-0.0,0.0,-107090768.0,2.7183478752108883e+23,-0.0,-4616.175,0.0,-0.0,0,0,4,17333,7116,0.0,100,0.0,0.0,2.7183478752108883e+23,0.0,0.0,0,0,0,0,0.0,0,0,0,0,0,0,0,0,0,0,0,0,0,0,0,0,0,0,0,0,0,0,0,0,0,0,0,0,0,0,0,0,0,31,40,40,71,65476,0,300,0,0,8,21553,0.0,-107605600.0,0.0,0.0,0.0,0.0,0.0,0.0,0.0,0.0,0.0,0.0,0.0,0.0,0.0,0.0,0.0,0.0,0.0,0.0,0.0,0.0,2.004,-3.697071344610758e+19,0.0,0.0,0.0,0.0,0.0,0.0,5121.0,0.0,6917.0,-0.0,0.0,2.004,2.004,0.0,0.0,0.0,0.0,69,2.7184314620199723e+23,-152017347543040.0,0.0,0.0,0.0,0.0,0.0,0.0,0.0,0,0,0,0.0,0.0,0.0,0.0,0.0,0.0,0.0,0.0,0.0,0.0,0.0,0.0,0.0,0.0,0.0,0.0,0,-107875648.0,69,0.0,138,0.0,2.012,ERR,ERR,ERR,ERR,ERR,ERR,ERR,ERR,ERR,ERR,ERR,ERR,ERR,ERR,ERR,ERR,ERR,ERR,ERR,ERR,ERR,ERR,ERR,ERR,ERR,ERR,ERR,ERR,ERR,ERR,ERR,ERR,ERR,ERR,ERR,ERR,ERR,ERR,ERR,ERR,ERR,ERR,ERR,ERR,ERR,ERR,ERR,ERR,ERR,ERR,ERR,ERR,ERR,ERR,ERR,ERR,ERR,ERR,ERR,ERR,ERR,ERR,ERR,ERR,ERR,ERR,ERR,60.0,60.0,35,0.0,0.0,0.0,0.0,0.0,0.0,0.0,0.0,0.0,0.0,0.0,0.0,0.0,0.0,0.0,0.0,64.8,0,150,71,58,65476,0,65476,0,1,8,20529,65476,0,0,2621,60.0,0.0,0.0,0.0,0.0,0.0
2026-07-09T15:35:06,ERR,ERR,ERR,ERR,ERR,ERR,ERR,ERR,ERR,ERR,ERR,ERR,ERR,ERR,ERR,ERR,ERR,ERR,ERR,ERR,ERR,ERR,ERR,ERR,ERR,ERR,ERR,ERR,ERR,ERR,ERR,ERR,ERR,ERR,ERR,ERR,ERR,ERR,ERR,ERR,ERR,ERR,ERR,ERR,ERR,ERR,ERR,ERR,ERR,ERR,ERR,ERR,ERR,ERR,ERR,ERR,ERR,ERR,ERR,ERR,ERR,ERR,ERR,ERR,ERR,ERR,ERR,ERR,ERR,ERR,ERR,ERR,ERR,ERR,ERR,ERR,ERR,ERR,ERR,ERR,ERR,ERR,ERR,ERR,ERR,ERR,ERR,ERR,ERR,ERR,ERR,ERR,ERR,ERR,ERR,ERR,ERR,ERR,ERR,ERR,ERR,ERR,ERR,ERR,ERR,ERR,ERR,ERR,ERR,ERR,ERR,ERR,ERR,ERR,ERR,ERR,ERR,ERR,ERR,ERR,ERR,ERR,ERR,ERR,ERR,-0.0,0.0,-107090768.0,2.7183478752108883e+23,-0.0,-4616.175,0.0,-0.0,0,0,4,17333,7116,0.0,100,0.0,0.0,2.7183478752108883e+23,0.0,0.0,0,0,0,0,0.0,0,0,0,0,0,0,0,0,0,0,0,0,0,0,0,0,0,0,0,0,0,0,0,0,0,0,0,0,0,0,0,0,0,31,40,40,71,65476,0,300,0,0,8,21553,0.0,-107605600.0,0.0,0.0,0.0,0.0,0.0,0.0,0.0,0.0,0.0,0.0,0.0,0.0,0.0,0.0,0.0,0.0,0.0,0.0,0.0,0.0,2.004,-3.697071344610758e+19,0.0,0.0,0.0,0.0,0.0,0.0,5121.0,0.0,6917.0,-0.0,0.0,2.004,2.004,0.0,0.0,0.0,0.0,69,2.7184314620199723e+23,-152017347543040.0,0.0,0.0,0.0,0.0,0.0,0.0,0.0,0,0,0,0.0,0.0,0.0,0.0,0.0,0.0,0.0,0.0,0.0,0.0,0.0,0.0,0.0,0.0,0.0,0.0,0,-107875648.0,69,0.0,138,0.0,2.012,ERR,ERR,ERR,ERR,ERR,ERR,ERR,ERR,ERR,ERR,ERR,ERR,ERR,ERR,ERR,ERR,ERR,ERR,ERR,ERR,ERR,ERR,ERR,ERR,ERR,ERR,ERR,ERR,ERR,ERR,ERR,ERR,ERR,ERR,ERR,ERR,ERR,ERR,ERR,ERR,ERR,ERR,ERR,ERR,ERR,ERR,ERR,ERR,ERR,ERR,ERR,ERR,ERR,ERR,ERR,ERR,ERR,ERR,ERR,ERR,ERR,ERR,ERR,ERR,ERR,ERR,ERR,60.0,60.0,35,0.0,0.0,0.0,0.0,0.0,0.0,0.0,0.0,0.0,0.0,0.0,0.0,0.0,0.0,0.0,0.0,64.8,0,150,71,58,65476,0,65476,0,1,8,20529,65476,0,0,2621,60.0,0.0,0.0,0.0,0.0,0.0
2026-07-09T15:35:07,ERR,ERR,ERR,ERR,ERR,ERR,ERR,ERR,ERR,ERR,ERR,ERR,ERR,ERR,ERR,ERR,ERR,ERR,ERR,ERR,ERR,ERR,ERR,ERR,ERR,ERR,ERR,ERR,ERR,ERR,ERR,ERR,ERR,ERR,ERR,ERR,ERR,ERR,ERR,ERR,ERR,ERR,ERR,ERR,ERR,ERR,ERR,ERR,ERR,ERR,ERR,ERR,ERR,ERR,ERR,ERR,ERR,ERR,ERR,ERR,ERR,ERR,ERR,ERR,ERR,ERR,ERR,ERR,ERR,ERR,ERR,ERR,ERR,ERR,ERR,ERR,ERR,ERR,ERR,ERR,ERR,ERR,ERR,ERR,ERR,ERR,ERR,ERR,ERR,ERR,ERR,ERR,ERR,ERR,ERR,ERR,ERR,ERR,ERR,ERR,ERR,ERR,ERR,ERR,ERR,ERR,ERR,ERR,ERR,ERR,ERR,ERR,ERR,ERR,ERR,ERR,ERR,ERR,ERR,ERR,ERR,ERR,ERR,ERR,ERR,-0.0,0.0,-107090768.0,2.7183478752108883e+23,-0.0,-4616.175,0.0,-0.0,0,0,4,17333,7116,0.0,100,0.0,0.0,2.7183478752108883e+23,0.0,0.0,0,0,0,0,0.0,0,0,0,0,0,0,0,0,0,0,0,0,0,0,0,0,0,0,0,0,0,0,0,0,0,0,0,0,0,0,0,0,0,31,40,40,71,65476,0,300,0,0,8,21553,0.0,-107605600.0,0.0,0.0,0.0,0.0,0.0,0.0,0.0,0.0,0.0,0.0,0.0,0.0,0.0,0.0,0.0,0.0,0.0,0.0,0.0,0.0,2.004,-3.697071344610758e+19,0.0,0.0,0.0,0.0,0.0,0.0,5121.0,0.0,6917.0,-0.0,0.0,2.004,2.004,0.0,0.0,0.0,0.0,69,2.7184314620199723e+23,-152017347543040.0,0.0,0.0,0.0,0.0,0.0,0.0,0.0,0,0,0,0.0,0.0,0.0,0.0,0.0,0.0,0.0,0.0,0.0,0.0,0.0,0.0,0.0,0.0,0.0,0.0,0,-107875648.0,69,0.0,138,0.0,2.012,ERR,ERR,ERR,ERR,ERR,ERR,ERR,ERR,ERR,ERR,ERR,ERR,ERR,ERR,ERR,ERR,ERR,ERR,ERR,ERR,ERR,ERR,ERR,ERR,ERR,ERR,ERR,ERR,ERR,ERR,ERR,ERR,ERR,ERR,ERR,ERR,ERR,ERR,ERR,ERR,ERR,ERR,ERR,ERR,ERR,ERR,ERR,ERR,ERR,ERR,ERR,ERR,ERR,ERR,ERR,ERR,ERR,ERR,ERR,ERR,ERR,ERR,ERR,ERR,ERR,ERR,ERR,60.0,60.0,35,0.0,0.0,0.0,0.0,0.0,0.0,0.0,0.0,0.0,0.0,0.0,0.0,0.0,0.0,0.0,0.0,64.8,0,150,71,58,65476,0,65476,0,1,8,20529,65476,0,0,2621,60.0,0.0,0.0,0.0,0.0,0.0
2026-07-09T15:35:08,ERR,ERR,ERR,ERR,ERR,ERR,ERR,ERR,ERR,ERR,ERR,ERR,ERR,ERR,ERR,ERR,ERR,ERR,ERR,ERR,ERR,ERR,ERR,ERR,ERR,ERR,ERR,ERR,ERR,ERR,ERR,ERR,ERR,ERR,ERR,ERR,ERR,ERR,ERR,ERR,ERR,ERR,ERR,ERR,ERR,ERR,ERR,ERR,ERR,ERR,ERR,ERR,ERR,ERR,ERR,ERR,ERR,ERR,ERR,ERR,ERR,ERR,ERR,ERR,ERR,ERR,ERR,ERR,ERR,ERR,ERR,ERR,ERR,ERR,ERR,ERR,ERR,ERR,ERR,ERR,ERR,ERR,ERR,ERR,ERR,ERR,ERR,ERR,ERR,ERR,ERR,ERR,ERR,ERR,ERR,ERR,ERR,ERR,ERR,ERR,ERR,ERR,ERR,ERR,ERR,ERR,ERR,ERR,ERR,ERR,ERR,ERR,ERR,ERR,ERR,ERR,ERR,ERR,ERR,ERR,ERR,ERR,ERR,ERR,ERR,-0.0,-107616144.0,0.0,2.7183478752108883e+23,0.0,-0.117,0.0,-6.790629339797914e+16,0,0,4,17333,7116,0.0,100,0.0,0.0,2.7183478752108883e+23,0.0,0.0,0,0,0,0,0.0,0,0,0,0,0,0,0,0,0,0,0,0,0,0,0,0,0,0,0,0,0,0,0,0,0,0,0,0,0,0,0,0,0,31,40,40,71,65476,0,300,0,0,8,21553,0.0,-107605600.0,0.0,0.0,0.0,0.0,0.0,0.0,0.0,0.0,0.0,0.0,0.0,0.0,0.0,0.0,0.0,0.0,0.0,0.0,0.0,0.0,2.004,-2.004,0.0,0.0,0.0,0.0,0.0,0.0,5092.0,-1.5879299197982542e+29,6942.0,-0.0,-107616144.0,2.004,2.004,0.0,0.0,0.0,0.0,69,-0.0,-0.0,0.0,0.0,0.0,0.0,0.0,0.0,0.0,0,0,0,0.0,0.0,0.0,0.0,0.0,0.0,0.0,0.0,0.0,0.0,0.0,0.0,0.0,0.0,0.0,0.0,0,-107875648.0,69,0.0,138,0.0,2.012,ERR,ERR,ERR,ERR,ERR,ERR,ERR,ERR,ERR,ERR,ERR,ERR,ERR,ERR,ERR,ERR,ERR,ERR,ERR,ERR,ERR,ERR,ERR,ERR,ERR,ERR,ERR,ERR,ERR,ERR,ERR,ERR,ERR,ERR,ERR,ERR,ERR,ERR,ERR,ERR,ERR,ERR,ERR,ERR,ERR,ERR,ERR,ERR,ERR,ERR,ERR,ERR,ERR,ERR,ERR,ERR,ERR,ERR,ERR,ERR,ERR,ERR,ERR,ERR,ERR,ERR,ERR,60.0,60.0,35,0.0,0.0,0.0,0.0,0.0,0.0,0.0,0.0,0.0,0.0,0.0,0.0,0.0,0.0,0.0,0.0,64.8,0,150,71,58,65476,0,65476,0,1,8,20529,65476,0,0,2621,60.0,0.0,0.0,0.0,0.0,0.0
2026-07-09T15:35:09,ERR,ERR,ERR,ERR,ERR,ERR,ERR,ERR,ERR,ERR,ERR,ERR,ERR,ERR,ERR,ERR,ERR,ERR,ERR,ERR,ERR,ERR,ERR,ERR,ERR,ERR,ERR,ERR,ERR,ERR,ERR,ERR,ERR,ERR,ERR,ERR,ERR,ERR,ERR,ERR,ERR,ERR,ERR,ERR,ERR,ERR,ERR,ERR,ERR,ERR,ERR,ERR,ERR,ERR,ERR,ERR,ERR,ERR,ERR,ERR,ERR,ERR,ERR,ERR,ERR,ERR,ERR,ERR,ERR,ERR,ERR,ERR,ERR,ERR,ERR,ERR,ERR,ERR,ERR,ERR,ERR,ERR,ERR,ERR,ERR,ERR,ERR,ERR,ERR,ERR,ERR,ERR,ERR,ERR,ERR,ERR,ERR,ERR,ERR,ERR,ERR,ERR,ERR,ERR,ERR,ERR,ERR,ERR,ERR,ERR,ERR,ERR,ERR,ERR,ERR,ERR,ERR,ERR,ERR,ERR,ERR,ERR,ERR,ERR,ERR,-0.0,-107616144.0,0.0,2.7183478752108883e+23,0.0,-0.117,0.0,-6.790629339797914e+16,0,0,4,17333,7116,0.0,100,0.0,0.0,2.7183478752108883e+23,0.0,0.0,0,0,0,0,0.0,0,0,0,0,0,0,0,0,0,0,0,0,0,0,0,0,0,0,0,0,0,0,0,0,0,0,0,0,0,0,0,0,0,31,40,40,71,65476,0,300,0,0,8,21553,0.0,-107605600.0,0.0,0.0,0.0,0.0,0.0,0.0,0.0,0.0,0.0,0.0,0.0,0.0,0.0,0.0,0.0,0.0,0.0,0.0,0.0,0.0,2.004,-2.004,0.0,0.0,0.0,0.0,0.0,0.0,5092.0,-1.5879299197982542e+29,6942.0,-0.0,-107616144.0,2.004,2.004,0.0,0.0,0.0,0.0,69,-0.0,-0.0,0.0,0.0,0.0,0.0,0.0,0.0,0.0,0,0,0,0.0,0.0,0.0,0.0,0.0,0.0,0.0,0.0,0.0,0.0,0.0,0.0,0.0,0.0,0.0,0.0,0,-107875648.0,69,0.0,138,0.0,2.012,ERR,ERR,ERR,ERR,ERR,ERR,ERR,ERR,ERR,ERR,ERR,ERR,ERR,ERR,ERR,ERR,ERR,ERR,ERR,ERR,ERR,ERR,ERR,ERR,ERR,ERR,ERR,ERR,ERR,ERR,ERR,ERR,ERR,ERR,ERR,ERR,ERR,ERR,ERR,ERR,ERR,ERR,ERR,ERR,ERR,ERR,ERR,ERR,ERR,ERR,ERR,ERR,ERR,ERR,ERR,ERR,ERR,ERR,ERR,ERR,ERR,ERR,ERR,ERR,ERR,ERR,ERR,60.0,60.0,35,0.0,0.0,0.0,0.0,0.0,0.0,0.0,0.0,0.0,0.0,0.0,0.0,0.0,0.0,0.0,0.0,64.8,0,150,71,58,65476,0,65476,0,1,8,20529,65476,0,0,2621,60.0,0.0,0.0,0.0,0.0,0.0
2026-07-09T15:35:10,ERR,ERR,ERR,ERR,ERR,ERR,ERR,ERR,ERR,ERR,ERR,ERR,ERR,ERR,ERR,ERR,ERR,ERR,ERR,ERR,ERR,ERR,ERR,ERR,ERR,ERR,ERR,ERR,ERR,ERR,ERR,ERR,ERR,ERR,ERR,ERR,ERR,ERR,ERR,ERR,ERR,ERR,ERR,ERR,ERR,ERR,ERR,ERR,ERR,ERR,ERR,ERR,ERR,ERR,ERR,ERR,ERR,ERR,ERR,ERR,ERR,ERR,ERR,ERR,ERR,ERR,ERR,ERR,ERR,ERR,ERR,ERR,ERR,ERR,ERR,ERR,ERR,ERR,ERR,ERR,ERR,ERR,ERR,ERR,ERR,ERR,ERR,ERR,ERR,ERR,ERR,ERR,ERR,ERR,ERR,ERR,ERR,ERR,ERR,ERR,ERR,ERR,ERR,ERR,ERR,ERR,ERR,ERR,ERR,ERR,ERR,ERR,ERR,ERR,ERR,ERR,ERR,ERR,ERR,ERR,ERR,ERR,ERR,ERR,ERR,-0.0,-107616144.0,0.0,2.7183478752108883e+23,0.0,-0.117,0.0,-6.790629339797914e+16,0,0,4,17333,7116,0.0,100,0.0,0.0,2.7183478752108883e+23,0.0,0.0,0,0,0,0,0.0,0,0,0,0,0,0,0,0,0,0,0,0,0,0,0,0,0,0,0,0,0,0,0,0,0,0,0,0,0,0,0,0,0,31,40,40,71,65476,0,300,0,0,8,21553,0.0,-107605600.0,0.0,0.0,0.0,0.0,0.0,0.0,0.0,0.0,0.0,0.0,0.0,0.0,0.0,0.0,0.0,0.0,0.0,0.0,0.0,0.0,2.004,-2.004,0.0,0.0,0.0,0.0,0.0,0.0,5092.0,-1.5879299197982542e+29,6942.0,-0.0,-107616144.0,2.004,2.004,0.0,0.0,0.0,0.0,69,-0.0,-0.0,0.0,0.0,0.0,0.0,0.0,0.0,0.0,0,0,0,0.0,0.0,0.0,0.0,0.0,0.0,0.0,0.0,0.0,0.0,0.0,0.0,0.0,0.0,0.0,0.0,0,-107875648.0,69,0.0,138,0.0,2.012,ERR,ERR,ERR,ERR,ERR,ERR,ERR,ERR,ERR,ERR,ERR,ERR,ERR,ERR,ERR,ERR,ERR,ERR,ERR,ERR,ERR,ERR,ERR,ERR,ERR,ERR,ERR,ERR,ERR,ERR,ERR,ERR,ERR,ERR,ERR,ERR,ERR,ERR,ERR,ERR,ERR,ERR,ERR,ERR,ERR,ERR,ERR,ERR,ERR,ERR,ERR,ERR,ERR,ERR,ERR,ERR,ERR,ERR,ERR,ERR,ERR,ERR,ERR,ERR,ERR,ERR,ERR,60.0,60.0,35,0.0,0.0,0.0,0.0,0.0,0.0,0.0,0.0,0.0,0.0,0.0,0.0,0.0,0.0,0.0,0.0,64.8,0,150,71,58,65476,0,65476,0,1,8,20529,65476,0,0,2621,60.0,0.0,0.0,0.0,0.0,0.0
2026-07-09T15:35:11,ERR,ERR,ERR,ERR,ERR,ERR,ERR,ERR,ERR,ERR,ERR,ERR,ERR,ERR,ERR,ERR,ERR,ERR,ERR,ERR,ERR,ERR,ERR,ERR,ERR,ERR,ERR,ERR,ERR,ERR,ERR,ERR,ERR,ERR,ERR,ERR,ERR,ERR,ERR,ERR,ERR,ERR,ERR,ERR,ERR,ERR,ERR,ERR,ERR,ERR,ERR,ERR,ERR,ERR,ERR,ERR,ERR,ERR,ERR,ERR,ERR,ERR,ERR,ERR,ERR,ERR,ERR,ERR,ERR,ERR,ERR,ERR,ERR,ERR,ERR,ERR,ERR,ERR,ERR,ERR,ERR,ERR,ERR,ERR,ERR,ERR,ERR,ERR,ERR,ERR,ERR,ERR,ERR,ERR,ERR,ERR,ERR,ERR,ERR,ERR,ERR,ERR,ERR,ERR,ERR,ERR,ERR,ERR,ERR,ERR,ERR,ERR,ERR,ERR,ERR,ERR,ERR,ERR,ERR,ERR,ERR,ERR,ERR,ERR,ERR,-0.0,-107616144.0,0.0,2.7183478752108883e+23,0.0,-0.117,0.0,-6.790629339797914e+16,0,0,4,17333,7116,0.0,100,0.0,0.0,2.7183478752108883e+23,0.0,0.0,0,0,0,0,0.0,0,0,0,0,0,0,0,0,0,0,0,0,0,0,0,0,0,0,0,0,0,0,0,0,0,0,0,0,0,0,0,0,0,31,40,40,71,65476,0,300,0,0,8,21553,0.0,-107605600.0,0.0,0.0,0.0,0.0,0.0,0.0,0.0,0.0,0.0,0.0,0.0,0.0,0.0,0.0,0.0,0.0,0.0,0.0,0.0,0.0,2.004,-2.004,0.0,0.0,0.0,0.0,0.0,0.0,5092.0,-1.5879299197982542e+29,6942.0,-0.0,-107616144.0,2.004,2.004,0.0,0.0,0.0,0.0,69,-0.0,-0.0,0.0,0.0,0.0,0.0,0.0,0.0,0.0,0,0,0,0.0,0.0,0.0,0.0,0.0,0.0,0.0,0.0,0.0,0.0,0.0,0.0,0.0,0.0,0.0,0.0,0,-107875648.0,69,0.0,138,0.0,2.012,ERR,ERR,ERR,ERR,ERR,ERR,ERR,ERR,ERR,ERR,ERR,ERR,ERR,ERR,ERR,ERR,ERR,ERR,ERR,ERR,ERR,ERR,ERR,ERR,ERR,ERR,ERR,ERR,ERR,ERR,ERR,ERR,ERR,ERR,ERR,ERR,ERR,ERR,ERR,ERR,ERR,ERR,ERR,ERR,ERR,ERR,ERR,ERR,ERR,ERR,ERR,ERR,ERR,ERR,ERR,ERR,ERR,ERR,ERR,ERR,ERR,ERR,ERR,ERR,ERR,ERR,ERR,60.0,60.0,35,0.0,0.0,0.0,0.0,0.0,0.0,0.0,0.0,0.0,0.0,0.0,0.0,0.0,0.0,0.0,0.0,64.8,0,150,71,58,65476,0,65476,0,1,8,20529,65476,0,0,2621,60.0,0.0,0.0,0.0,0.0,0.0
2026-07-09T15:35:12,ERR,ERR,ERR,ERR,ERR,ERR,ERR,ERR,ERR,ERR,ERR,ERR,ERR,ERR,ERR,ERR,ERR,ERR,ERR,ERR,ERR,ERR,ERR,ERR,ERR,ERR,ERR,ERR,ERR,ERR,ERR,ERR,ERR,ERR,ERR,ERR,ERR,ERR,ERR,ERR,ERR,ERR,ERR,ERR,ERR,ERR,ERR,ERR,ERR,ERR,ERR,ERR,ERR,ERR,ERR,ERR,ERR,ERR,ERR,ERR,ERR,ERR,ERR,ERR,ERR,ERR,ERR,ERR,ERR,ERR,ERR,ERR,ERR,ERR,ERR,ERR,ERR,ERR,ERR,ERR,ERR,ERR,ERR,ERR,ERR,ERR,ERR,ERR,ERR,ERR,ERR,ERR,ERR,ERR,ERR,ERR,ERR,ERR,ERR,ERR,ERR,ERR,ERR,ERR,ERR,ERR,ERR,ERR,ERR,ERR,ERR,ERR,ERR,ERR,ERR,ERR,ERR,ERR,ERR,ERR,ERR,ERR,ERR,ERR,ERR,-0.0,-107616144.0,0.0,2.7183478752108883e+23,0.0,-0.117,0.0,-6.790629339797914e+16,0,0,4,17333,7116,0.0,100,0.0,0.0,2.7183478752108883e+23,0.0,0.0,0,0,0,0,0.0,0,0,0,0,0,0,0,0,0,0,0,0,0,0,0,0,0,0,0,0,0,0,0,0,0,0,0,0,0,0,0,0,0,31,40,40,71,65476,0,300,0,0,8,21553,0.0,-107605600.0,0.0,0.0,0.0,0.0,0.0,0.0,0.0,0.0,0.0,0.0,0.0,0.0,0.0,0.0,0.0,0.0,0.0,0.0,0.0,0.0,2.004,-2.004,0.0,0.0,0.0,0.0,0.0,0.0,5092.0,-1.5879299197982542e+29,6942.0,-0.0,-107616144.0,2.004,2.004,0.0,0.0,0.0,0.0,69,-0.0,-0.0,0.0,0.0,0.0,0.0,0.0,0.0,0.0,0,0,0,0.0,0.0,0.0,0.0,0.0,0.0,0.0,0.0,0.0,0.0,0.0,0.0,0.0,0.0,0.0,0.0,0,-107875648.0,69,0.0,138,0.0,2.012,ERR,ERR,ERR,ERR,ERR,ERR,ERR,ERR,ERR,ERR,ERR,ERR,ERR,ERR,ERR,ERR,ERR,ERR,ERR,ERR,ERR,ERR,ERR,ERR,ERR,ERR,ERR,ERR,ERR,ERR,ERR,ERR,ERR,ERR,ERR,ERR,ERR,ERR,ERR,ERR,ERR,ERR,ERR,ERR,ERR,ERR,ERR,ERR,ERR,ERR,ERR,ERR,ERR,ERR,ERR,ERR,ERR,ERR,ERR,ERR,ERR,ERR,ERR,ERR,ERR,ERR,ERR,60.0,60.0,35,0.0,0.0,0.0,0.0,0.0,0.0,0.0,0.0,0.0,0.0,0.0,0.0,0.0,0.0,0.0,0.0,64.8,0,150,71,58,65476,0,65476,0,1,8,20529,65476,0,0,2621,60.0,0.0,0.0,0.0,0.0,0.0
2026-07-09T15:35:13,ERR,ERR,ERR,ERR,ERR,ERR,ERR,ERR,ERR,ERR,ERR,ERR,ERR,ERR,ERR,ERR,ERR,ERR,ERR,ERR,ERR,ERR,ERR,ERR,ERR,ERR,ERR,ERR,ERR,ERR,ERR,ERR,ERR,ERR,ERR,ERR,ERR,ERR,ERR,ERR,ERR,ERR,ERR,ERR,ERR,ERR,ERR,ERR,ERR,ERR,ERR,ERR,ERR,ERR,ERR,ERR,ERR,ERR,ERR,ERR,ERR,ERR,ERR,ERR,ERR,ERR,ERR,ERR,ERR,ERR,ERR,ERR,ERR,ERR,ERR,ERR,ERR,ERR,ERR,ERR,ERR,ERR,ERR,ERR,ERR,ERR,ERR,ERR,ERR,ERR,ERR,ERR,ERR,ERR,ERR,ERR,ERR,ERR,ERR,ERR,ERR,ERR,ERR,ERR,ERR,ERR,ERR,ERR,ERR,ERR,ERR,ERR,ERR,ERR,ERR,ERR,ERR,ERR,ERR,ERR,ERR,ERR,ERR,ERR,ERR,0.0,-0.0,0.0,0.0,0.188,-25760.701,0.0,0.0,0,0,4,17330,7116,0.0,100,0.0,0.0,0.0,0.0,0.0,0,0,0,0,0.0,0,0,0,0,0,0,0,0,0,0,0,0,0,0,0,0,0,0,0,0,0,0,0,0,0,0,0,0,0,0,0,0,0,31,40,40,71,65476,0,300,0,0,8,21553,0.0,-107605600.0,0.0,0.0,0.0,0.0,0.0,0.0,0.0,0.0,0.0,0.0,0.0,0.0,0.0,0.0,0.0,0.0,0.0,0.0,0.0,0.0,0.0,-0.0,0.0,0.0,0.0,0.0,0.0,0.0,5096.0,-0.0,6935.0,-0.0,-0.0,2.004,2.004,0.0,0.0,0.0,0.0,69,-0.0,126840569856.0,0.0,0.0,0.0,0.0,0.0,0.0,0.0,0,0,0,0.0,0.0,0.0,0.0,0.0,0.0,0.0,0.0,0.0,0.0,0.0,0.0,0.0,0.0,0.0,0.0,0,-107875648.0,69,0.0,138,0.0,2.012,ERR,ERR,ERR,ERR,ERR,ERR,ERR,ERR,ERR,ERR,ERR,ERR,ERR,ERR,ERR,ERR,ERR,ERR,ERR,ERR,ERR,ERR,ERR,ERR,ERR,ERR,ERR,ERR,ERR,ERR,ERR,ERR,ERR,ERR,ERR,ERR,ERR,ERR,ERR,ERR,ERR,ERR,ERR,ERR,ERR,ERR,ERR,ERR,ERR,ERR,ERR,ERR,ERR,ERR,ERR,ERR,ERR,ERR,ERR,ERR,ERR,ERR,ERR,ERR,ERR,ERR,ERR,60.0,60.0,35,0.0,0.0,0.0,0.0,0.0,0.0,0.0,0.0,0.0,0.0,0.0,0.0,0.0,0.0,0.0,0.0,64.8,0,150,71,58,65476,0,65476,0,1,8,20529,65476,0,0,2621,60.0,0.0,0.0,0.0,0.0,0.0
2026-07-09T15:35:14,ERR,ERR,ERR,ERR,ERR,ERR,ERR,ERR,ERR,ERR,ERR,ERR,ERR,ERR,ERR,ERR,ERR,ERR,ERR,ERR,ERR,ERR,ERR,ERR,ERR,ERR,ERR,ERR,ERR,ERR,ERR,ERR,ERR,ERR,ERR,ERR,ERR,ERR,ERR,ERR,ERR,ERR,ERR,ERR,ERR,ERR,ERR,ERR,ERR,ERR,ERR,ERR,ERR,ERR,ERR,ERR,ERR,ERR,ERR,ERR,ERR,ERR,ERR,ERR,ERR,ERR,ERR,ERR,ERR,ERR,ERR,ERR,ERR,ERR,ERR,ERR,ERR,ERR,ERR,ERR,ERR,ERR,ERR,ERR,ERR,ERR,ERR,ERR,ERR,ERR,ERR,ERR,ERR,ERR,ERR,ERR,ERR,ERR,ERR,ERR,ERR,ERR,ERR,ERR,ERR,ERR,ERR,ERR,ERR,ERR,ERR,ERR,ERR,ERR,ERR,ERR,ERR,ERR,ERR,ERR,ERR,ERR,ERR,ERR,ERR,0.0,-0.0,0.0,0.0,0.188,-25760.701,0.0,0.0,0,0,4,17330,7116,0.0,100,0.0,0.0,0.0,0.0,0.0,0,0,0,0,0.0,0,0,0,0,0,0,0,0,0,0,0,0,0,0,0,0,0,0,0,0,0,0,0,0,0,0,0,0,0,0,0,0,0,31,40,40,71,65476,0,300,0,0,8,21553,0.0,-107605600.0,0.0,0.0,0.0,0.0,0.0,0.0,0.0,0.0,0.0,0.0,0.0,0.0,0.0,0.0,0.0,0.0,0.0,0.0,0.0,0.0,0.0,-0.0,0.0,0.0,0.0,0.0,0.0,0.0,5096.0,-0.0,6935.0,-0.0,-0.0,2.004,2.004,0.0,0.0,0.0,0.0,69,-0.0,126840569856.0,0.0,0.0,0.0,0.0,0.0,0.0,0.0,0,0,0,0.0,0.0,0.0,0.0,0.0,0.0,0.0,0.0,0.0,0.0,0.0,0.0,0.0,0.0,0.0,0.0,0,-107875648.0,69,0.0,138,0.0,2.012,ERR,ERR,ERR,ERR,ERR,ERR,ERR,ERR,ERR,ERR,ERR,ERR,ERR,ERR,ERR,ERR,ERR,ERR,ERR,ERR,ERR,ERR,ERR,ERR,ERR,ERR,ERR,ERR,ERR,ERR,ERR,ERR,ERR,ERR,ERR,ERR,ERR,ERR,ERR,ERR,ERR,ERR,ERR,ERR,ERR,ERR,ERR,ERR,ERR,ERR,ERR,ERR,ERR,ERR,ERR,ERR,ERR,ERR,ERR,ERR,ERR,ERR,ERR,ERR,ERR,ERR,ERR,60.0,60.0,35,0.0,0.0,0.0,0.0,0.0,0.0,0.0,0.0,0.0,0.0,0.0,0.0,0.0,0.0,0.0,0.0,64.8,0,150,71,58,65476,0,65476,0,1,8,20529,65476,0,0,2621,60.0,0.0,0.0,0.0,0.0,0.0
2026-07-09T15:35:15,ERR,ERR,ERR,ERR,ERR,ERR,ERR,ERR,ERR,ERR,ERR,ERR,ERR,ERR,ERR,ERR,ERR,ERR,ERR,ERR,ERR,ERR,ERR,ERR,ERR,ERR,ERR,ERR,ERR,ERR,ERR,ERR,ERR,ERR,ERR,ERR,ERR,ERR,ERR,ERR,ERR,ERR,ERR,ERR,ERR,ERR,ERR,ERR,ERR,ERR,ERR,ERR,ERR,ERR,ERR,ERR,ERR,ERR,ERR,ERR,ERR,ERR,ERR,ERR,ERR,ERR,ERR,ERR,ERR,ERR,ERR,ERR,ERR,ERR,ERR,ERR,ERR,ERR,ERR,ERR,ERR,ERR,ERR,ERR,ERR,ERR,ERR,ERR,ERR,ERR,ERR,ERR,ERR,ERR,ERR,ERR,ERR,ERR,ERR,ERR,ERR,ERR,ERR,ERR,ERR,ERR,ERR,ERR,ERR,ERR,ERR,ERR,ERR,ERR,ERR,ERR,ERR,ERR,ERR,ERR,ERR,ERR,ERR,ERR,ERR,0.0,-0.0,0.0,0.0,0.188,-25760.701,0.0,0.0,0,0,4,17330,7116,0.0,100,0.0,0.0,0.0,0.0,0.0,0,0,0,0,0.0,0,0,0,0,0,0,0,0,0,0,0,0,0,0,0,0,0,0,0,0,0,0,0,0,0,0,0,0,0,0,0,0,0,31,40,40,71,65476,0,300,0,0,8,21553,0.0,-107605600.0,0.0,0.0,0.0,0.0,0.0,0.0,0.0,0.0,0.0,0.0,0.0,0.0,0.0,0.0,0.0,0.0,0.0,0.0,0.0,0.0,0.0,-0.0,0.0,0.0,0.0,0.0,0.0,0.0,5096.0,-0.0,6935.0,-0.0,-0.0,2.004,2.004,0.0,0.0,0.0,0.0,69,-0.0,126840569856.0,0.0,0.0,0.0,0.0,0.0,0.0,0.0,0,0,0,0.0,0.0,0.0,0.0,0.0,0.0,0.0,0.0,0.0,0.0,0.0,0.0,0.0,0.0,0.0,0.0,0,-107875648.0,69,0.0,138,0.0,2.012,ERR,ERR,ERR,ERR,ERR,ERR,ERR,ERR,ERR,ERR,ERR,ERR,ERR,ERR,ERR,ERR,ERR,ERR,ERR,ERR,ERR,ERR,ERR,ERR,ERR,ERR,ERR,ERR,ERR,ERR,ERR,ERR,ERR,ERR,ERR,ERR,ERR,ERR,ERR,ERR,ERR,ERR,ERR,ERR,ERR,ERR,ERR,ERR,ERR,ERR,ERR,ERR,ERR,ERR,ERR,ERR,ERR,ERR,ERR,ERR,ERR,ERR,ERR,ERR,ERR,ERR,ERR,60.0,60.0,35,0.0,0.0,0.0,0.0,0.0,0.0,0.0,0.0,0.0,0.0,0.0,0.0,0.0,0.0,0.0,0.0,64.8,0,150,71,58,65476,0,65476,0,1,8,20529,65476,0,0,2621,60.0,0.0,0.0,0.0,0.0,0.0
2026-07-09T15:35:16,ERR,ERR,ERR,ERR,ERR,ERR,ERR,ERR,ERR,ERR,ERR,ERR,ERR,ERR,ERR,ERR,ERR,ERR,ERR,ERR,ERR,ERR,ERR,ERR,ERR,ERR,ERR,ERR,ERR,ERR,ERR,ERR,ERR,ERR,ERR,ERR,ERR,ERR,ERR,ERR,ERR,ERR,ERR,ERR,ERR,ERR,ERR,ERR,ERR,ERR,ERR,ERR,ERR,ERR,ERR,ERR,ERR,ERR,ERR,ERR,ERR,ERR,ERR,ERR,ERR,ERR,ERR,ERR,ERR,ERR,ERR,ERR,ERR,ERR,ERR,ERR,ERR,ERR,ERR,ERR,ERR,ERR,ERR,ERR,ERR,ERR,ERR,ERR,ERR,ERR,ERR,ERR,ERR,ERR,ERR,ERR,ERR,ERR,ERR,ERR,ERR,ERR,ERR,ERR,ERR,ERR,ERR,ERR,ERR,ERR,ERR,ERR,ERR,ERR,ERR,ERR,ERR,ERR,ERR,ERR,ERR,ERR,ERR,ERR,ERR,0.0,-0.0,0.0,0.0,0.188,-25760.701,0.0,0.0,0,0,4,17330,7116,0.0,100,0.0,0.0,0.0,0.0,0.0,0,0,0,0,0.0,0,0,0,0,0,0,0,0,0,0,0,0,0,0,0,0,0,0,0,0,0,0,0,0,0,0,0,0,0,0,0,0,0,31,40,40,71,65476,0,300,0,0,8,21553,0.0,-107605600.0,0.0,0.0,0.0,0.0,0.0,0.0,0.0,0.0,0.0,0.0,0.0,0.0,0.0,0.0,0.0,0.0,0.0,0.0,0.0,0.0,0.0,-0.0,0.0,0.0,0.0,0.0,0.0,0.0,5096.0,-0.0,6935.0,-0.0,-0.0,2.004,2.004,0.0,0.0,0.0,0.0,69,-0.0,126840569856.0,0.0,0.0,0.0,0.0,0.0,0.0,0.0,0,0,0,0.0,0.0,0.0,0.0,0.0,0.0,0.0,0.0,0.0,0.0,0.0,0.0,0.0,0.0,0.0,0.0,0,-107875648.0,69,0.0,138,0.0,2.012,ERR,ERR,ERR,ERR,ERR,ERR,ERR,ERR,ERR,ERR,ERR,ERR,ERR,ERR,ERR,ERR,ERR,ERR,ERR,ERR,ERR,ERR,ERR,ERR,ERR,ERR,ERR,ERR,ERR,ERR,ERR,ERR,ERR,ERR,ERR,ERR,ERR,ERR,ERR,ERR,ERR,ERR,ERR,ERR,ERR,ERR,ERR,ERR,ERR,ERR,ERR,ERR,ERR,ERR,ERR,ERR,ERR,ERR,ERR,ERR,ERR,ERR,ERR,ERR,ERR,ERR,ERR,60.0,60.0,35,0.0,0.0,0.0,0.0,0.0,0.0,0.0,0.0,0.0,0.0,0.0,0.0,0.0,0.0,0.0,0.0,64.8,0,150,71,58,65476,0,65476,0,1,8,20529,65476,0,0,2621,60.0,0.0,0.0,0.0,0.0,0.0
2026-07-09T15:35:17,ERR,ERR,ERR,ERR,ERR,ERR,ERR,ERR,ERR,ERR,ERR,ERR,ERR,ERR,ERR,ERR,ERR,ERR,ERR,ERR,ERR,ERR,ERR,ERR,ERR,ERR,ERR,ERR,ERR,ERR,ERR,ERR,ERR,ERR,ERR,ERR,ERR,ERR,ERR,ERR,ERR,ERR,ERR,ERR,ERR,ERR,ERR,ERR,ERR,ERR,ERR,ERR,ERR,ERR,ERR,ERR,ERR,ERR,ERR,ERR,ERR,ERR,ERR,ERR,ERR,ERR,ERR,ERR,ERR,ERR,ERR,ERR,ERR,ERR,ERR,ERR,ERR,ERR,ERR,ERR,ERR,ERR,ERR,ERR,ERR,ERR,ERR,ERR,ERR,ERR,ERR,ERR,ERR,ERR,ERR,ERR,ERR,ERR,ERR,ERR,ERR,ERR,ERR,ERR,ERR,ERR,ERR,ERR,ERR,ERR,ERR,ERR,ERR,ERR,ERR,ERR,ERR,ERR,ERR,ERR,ERR,ERR,ERR,ERR,ERR,0.0,-0.0,0.0,0.0,0.188,-25760.701,0.0,0.0,0,0,4,17330,7116,0.0,100,0.0,0.0,0.0,0.0,0.0,0,0,0,0,0.0,0,0,0,0,0,0,0,0,0,0,0,0,0,0,0,0,0,0,0,0,0,0,0,0,0,0,0,0,0,0,0,0,0,31,40,40,71,65476,0,300,0,0,8,21553,0.0,-107605600.0,0.0,0.0,0.0,0.0,0.0,0.0,0.0,0.0,0.0,0.0,0.0,0.0,0.0,0.0,0.0,0.0,0.0,0.0,0.0,0.0,0.0,-0.0,0.0,0.0,0.0,0.0,0.0,0.0,5096.0,-0.0,6935.0,-0.0,-0.0,2.004,2.004,0.0,0.0,0.0,0.0,69,-0.0,126840569856.0,0.0,0.0,0.0,0.0,0.0,0.0,0.0,0,0,0,0.0,0.0,0.0,0.0,0.0,0.0,0.0,0.0,0.0,0.0,0.0,0.0,0.0,0.0,0.0,0.0,0,-107875648.0,69,0.0,138,0.0,2.012,ERR,ERR,ERR,ERR,ERR,ERR,ERR,ERR,ERR,ERR,ERR,ERR,ERR,ERR,ERR,ERR,ERR,ERR,ERR,ERR,ERR,ERR,ERR,ERR,ERR,ERR,ERR,ERR,ERR,ERR,ERR,ERR,ERR,ERR,ERR,ERR,ERR,ERR,ERR,ERR,ERR,ERR,ERR,ERR,ERR,ERR,ERR,ERR,ERR,ERR,ERR,ERR,ERR,ERR,ERR,ERR,ERR,ERR,ERR,ERR,ERR,ERR,ERR,ERR,ERR,ERR,ERR,60.0,60.0,35,0.0,0.0,0.0,0.0,0.0,0.0,0.0,0.0,0.0,0.0,0.0,0.0,0.0,0.0,0.0,0.0,65.2,0,150,71,58,65476,0,65476,0,1,8,20529,65476,0,0,2621,60.0,0.0,0.0,0.0,0.0,0.0
2026-07-09T15:35:18,ERR,ERR,ERR,ERR,ERR,ERR,ERR,ERR,ERR,ERR,ERR,ERR,ERR,ERR,ERR,ERR,ERR,ERR,ERR,ERR,ERR,ERR,ERR,ERR,ERR,ERR,ERR,ERR,ERR,ERR,ERR,ERR,ERR,ERR,ERR,ERR,ERR,ERR,ERR,ERR,ERR,ERR,ERR,ERR,ERR,ERR,ERR,ERR,ERR,ERR,ERR,ERR,ERR,ERR,ERR,ERR,ERR,ERR,ERR,ERR,ERR,ERR,ERR,ERR,ERR,ERR,ERR,ERR,ERR,ERR,ERR,ERR,ERR,ERR,ERR,ERR,ERR,ERR,ERR,ERR,ERR,ERR,ERR,ERR,ERR,ERR,ERR,ERR,ERR,ERR,ERR,ERR,ERR,ERR,ERR,ERR,ERR,ERR,ERR,ERR,ERR,ERR,ERR,ERR,ERR,ERR,ERR,ERR,ERR,ERR,ERR,ERR,ERR,ERR,ERR,ERR,ERR,ERR,ERR,ERR,ERR,ERR,ERR,ERR,ERR,0.0,0.0,0.0,0.0,-134513312.0,-726801278042112.0,0.0,1.1487227086022569e+24,0,0,4,17332,7116,0.0,100,0.0,0.0,0.0,0.0,0.0,0,0,0,0,0.0,0,0,0,0,0,0,0,0,0,0,0,0,0,0,0,0,0,0,0,0,0,0,0,0,0,0,0,0,0,0,0,0,0,31,40,40,71,65476,0,300,0,0,8,21553,0.0,-107605600.0,0.0,0.0,0.0,0.0,0.0,0.0,0.0,0.0,0.0,0.0,0.0,0.0,0.0,0.0,0.0,0.0,0.0,0.0,0.0,0.0,0.0,3.697071344610758e+19,0.0,0.0,0.0,0.0,0.0,0.0,5093.0,1.0406657522389839e+34,6927.0,0.0,0.0,2.004,2.004,0.0,0.0,0.0,0.0,69,4.950431692736863e+32,-4.950402678517192e+32,0.0,0.0,0.0,0.0,0.0,0.0,0.0,0,0,0,0.0,0.0,0.0,0.0,0.0,0.0,0.0,0.0,0.0,0.0,0.0,0.0,0.0,0.0,0.0,0.0,0,-107875648.0,69,0.0,138,0.0,2.012,ERR,ERR,ERR,ERR,ERR,ERR,ERR,ERR,ERR,ERR,ERR,ERR,ERR,ERR,ERR,ERR,ERR,ERR,ERR,ERR,ERR,ERR,ERR,ERR,ERR,ERR,ERR,ERR,ERR,ERR,ERR,ERR,ERR,ERR,ERR,ERR,ERR,ERR,ERR,ERR,ERR,ERR,ERR,ERR,ERR,ERR,ERR,ERR,ERR,ERR,ERR,ERR,ERR,ERR,ERR,ERR,ERR,ERR,ERR,ERR,ERR,ERR,ERR,ERR,ERR,ERR,ERR,60.0,60.0,35,0.0,0.0,0.0,0.0,0.0,0.0,0.0,0.0,0.0,0.0,0.0,0.0,0.0,0.0,0.0,0.0,65.2,0,150,71,58,65476,0,65476,0,1,8,20529,65476,0,0,2621,60.0,0.0,0.0,0.0,0.0,0.0
2026-07-09T15:35:19,ERR,ERR,ERR,ERR,ERR,ERR,ERR,ERR,ERR,ERR,ERR,ERR,ERR,ERR,ERR,ERR,ERR,ERR,ERR,ERR,ERR,ERR,ERR,ERR,ERR,ERR,ERR,ERR,ERR,ERR,ERR,ERR,ERR,ERR,ERR,ERR,ERR,ERR,ERR,ERR,ERR,ERR,ERR,ERR,ERR,ERR,ERR,ERR,ERR,ERR,ERR,ERR,ERR,ERR,ERR,ERR,ERR,ERR,ERR,ERR,ERR,ERR,ERR,ERR,ERR,ERR,ERR,ERR,ERR,ERR,ERR,ERR,ERR,ERR,ERR,ERR,ERR,ERR,ERR,ERR,ERR,ERR,ERR,ERR,ERR,ERR,ERR,ERR,ERR,ERR,ERR,ERR,ERR,ERR,ERR,ERR,ERR,ERR,ERR,ERR,ERR,ERR,ERR,ERR,ERR,ERR,ERR,ERR,ERR,ERR,ERR,ERR,ERR,ERR,ERR,ERR,ERR,ERR,ERR,ERR,ERR,ERR,ERR,ERR,ERR,0.0,0.0,0.0,0.0,-134513312.0,-726801278042112.0,0.0,1.1487227086022569e+24,0,0,4,17332,7116,0.0,100,0.0,0.0,0.0,0.0,0.0,0,0,0,0,0.0,0,0,0,0,0,0,0,0,0,0,0,0,0,0,0,0,0,0,0,0,0,0,0,0,0,0,0,0,0,0,0,0,0,31,40,40,71,65476,0,300,0,0,8,21553,0.0,-107605600.0,0.0,0.0,0.0,0.0,0.0,0.0,0.0,0.0,0.0,0.0,0.0,0.0,0.0,0.0,0.0,0.0,0.0,0.0,0.0,0.0,0.0,3.697071344610758e+19,0.0,0.0,0.0,0.0,0.0,0.0,5093.0,1.0406657522389839e+34,6927.0,0.0,0.0,2.004,2.004,0.0,0.0,0.0,0.0,69,4.950431692736863e+32,-4.950402678517192e+32,0.0,0.0,0.0,0.0,0.0,0.0,0.0,0,0,0,0.0,0.0,0.0,0.0,0.0,0.0,0.0,0.0,0.0,0.0,0.0,0.0,0.0,0.0,0.0,0.0,0,-107875648.0,69,0.0,138,0.0,2.012,ERR,ERR,ERR,ERR,ERR,ERR,ERR,ERR,ERR,ERR,ERR,ERR,ERR,ERR,ERR,ERR,ERR,ERR,ERR,ERR,ERR,ERR,ERR,ERR,ERR,ERR,ERR,ERR,ERR,ERR,ERR,ERR,ERR,ERR,ERR,ERR,ERR,ERR,ERR,ERR,ERR,ERR,ERR,ERR,ERR,ERR,ERR,ERR,ERR,ERR,ERR,ERR,ERR,ERR,ERR,ERR,ERR,ERR,ERR,ERR,ERR,ERR,ERR,ERR,ERR,ERR,ERR,60.0,60.0,35,0.0,0.0,0.0,0.0,0.0,0.0,0.0,0.0,0.0,0.0,0.0,0.0,0.0,0.0,0.0,0.0,64.8,0,150,71,58,65476,0,65476,0,1,8,20529,65476,0,0,2621,60.0,0.0,0.0,0.0,0.0,0.0
2026-07-09T15:35:20,ERR,ERR,ERR,ERR,ERR,ERR,ERR,ERR,ERR,ERR,ERR,ERR,ERR,ERR,ERR,ERR,ERR,ERR,ERR,ERR,ERR,ERR,ERR,ERR,ERR,ERR,ERR,ERR,ERR,ERR,ERR,ERR,ERR,ERR,ERR,ERR,ERR,ERR,ERR,ERR,ERR,ERR,ERR,ERR,ERR,ERR,ERR,ERR,ERR,ERR,ERR,ERR,ERR,ERR,ERR,ERR,ERR,ERR,ERR,ERR,ERR,ERR,ERR,ERR,ERR,ERR,ERR,ERR,ERR,ERR,ERR,ERR,ERR,ERR,ERR,ERR,ERR,ERR,ERR,ERR,ERR,ERR,ERR,ERR,ERR,ERR,ERR,ERR,ERR,ERR,ERR,ERR,ERR,ERR,ERR,ERR,ERR,ERR,ERR,ERR,ERR,ERR,ERR,ERR,ERR,ERR,ERR,ERR,ERR,ERR,ERR,ERR,ERR,ERR,ERR,ERR,ERR,ERR,ERR,ERR,ERR,ERR,ERR,ERR,ERR,0.0,0.0,0.0,0.0,-134513312.0,-726801278042112.0,0.0,1.1487227086022569e+24,0,0,4,17332,7116,0.0,100,0.0,0.0,0.0,0.0,0.0,0,0,0,0,0.0,0,0,0,0,0,0,0,0,0,0,0,0,0,0,0,0,0,0,0,0,0,0,0,0,0,0,0,0,0,0,0,0,0,31,40,40,71,65476,0,300,0,0,8,21553,0.0,-107605600.0,0.0,0.0,0.0,0.0,0.0,0.0,0.0,0.0,0.0,0.0,0.0,0.0,0.0,0.0,0.0,0.0,0.0,0.0,0.0,0.0,0.0,3.697071344610758e+19,0.0,0.0,0.0,0.0,0.0,0.0,5093.0,1.0406657522389839e+34,6927.0,0.0,0.0,2.004,2.004,0.0,0.0,0.0,0.0,69,4.950431692736863e+32,-4.950402678517192e+32,0.0,0.0,0.0,0.0,0.0,0.0,0.0,0,0,0,0.0,0.0,0.0,0.0,0.0,0.0,0.0,0.0,0.0,0.0,0.0,0.0,0.0,0.0,0.0,0.0,0,-107875648.0,69,0.0,138,0.0,2.012,ERR,ERR,ERR,ERR,ERR,ERR,ERR,ERR,ERR,ERR,ERR,ERR,ERR,ERR,ERR,ERR,ERR,ERR,ERR,ERR,ERR,ERR,ERR,ERR,ERR,ERR,ERR,ERR,ERR,ERR,ERR,ERR,ERR,ERR,ERR,ERR,ERR,ERR,ERR,ERR,ERR,ERR,ERR,ERR,ERR,ERR,ERR,ERR,ERR,ERR,ERR,ERR,ERR,ERR,ERR,ERR,ERR,ERR,ERR,ERR,ERR,ERR,ERR,ERR,ERR,ERR,ERR,60.0,60.0,35,0.0,0.0,0.0,0.0,0.0,0.0,0.0,0.0,0.0,0.0,0.0,0.0,0.0,0.0,0.0,0.0,64.8,0,150,71,58,65476,0,65476,0,1,8,20529,65476,0,0,2621,60.0,0.0,0.0,0.0,0.0,0.0
2026-07-09T15:35:21,ERR,ERR,ERR,ERR,ERR,ERR,ERR,ERR,ERR,ERR,ERR,ERR,ERR,ERR,ERR,ERR,ERR,ERR,ERR,ERR,ERR,ERR,ERR,ERR,ERR,ERR,ERR,ERR,ERR,ERR,ERR,ERR,ERR,ERR,ERR,ERR,ERR,ERR,ERR,ERR,ERR,ERR,ERR,ERR,ERR,ERR,ERR,ERR,ERR,ERR,ERR,ERR,ERR,ERR,ERR,ERR,ERR,ERR,ERR,ERR,ERR,ERR,ERR,ERR,ERR,ERR,ERR,ERR,ERR,ERR,ERR,ERR,ERR,ERR,ERR,ERR,ERR,ERR,ERR,ERR,ERR,ERR,ERR,ERR,ERR,ERR,ERR,ERR,ERR,ERR,ERR,ERR,ERR,ERR,ERR,ERR,ERR,ERR,ERR,ERR,ERR,ERR,ERR,ERR,ERR,ERR,ERR,ERR,ERR,ERR,ERR,ERR,ERR,ERR,ERR,ERR,ERR,ERR,ERR,ERR,ERR,ERR,ERR,ERR,ERR,0.0,0.0,0.0,0.0,-134513312.0,-726801278042112.0,0.0,1.1487227086022569e+24,0,0,4,17332,7116,0.0,100,0.0,0.0,0.0,0.0,0.0,0,0,0,0,0.0,0,0,0,0,0,0,0,0,0,0,0,0,0,0,0,0,0,0,0,0,0,0,0,0,0,0,0,0,0,0,0,0,0,31,40,40,71,65476,0,300,0,0,8,21553,0.0,-107605600.0,0.0,0.0,0.0,0.0,0.0,0.0,0.0,0.0,0.0,0.0,0.0,0.0,0.0,0.0,0.0,0.0,0.0,0.0,0.0,0.0,0.0,3.697071344610758e+19,0.0,0.0,0.0,0.0,0.0,0.0,5093.0,1.0406657522389839e+34,6927.0,0.0,0.0,2.004,2.004,0.0,0.0,0.0,0.0,69,4.950431692736863e+32,-4.950402678517192e+32,0.0,0.0,0.0,0.0,0.0,0.0,0.0,0,0,0,0.0,0.0,0.0,0.0,0.0,0.0,0.0,0.0,0.0,0.0,0.0,0.0,0.0,0.0,0.0,0.0,0,-107875648.0,69,0.0,138,0.0,2.012,ERR,ERR,ERR,ERR,ERR,ERR,ERR,ERR,ERR,ERR,ERR,ERR,ERR,ERR,ERR,ERR,ERR,ERR,ERR,ERR,ERR,ERR,ERR,ERR,ERR,ERR,ERR,ERR,ERR,ERR,ERR,ERR,ERR,ERR,ERR,ERR,ERR,ERR,ERR,ERR,ERR,ERR,ERR,ERR,ERR,ERR,ERR,ERR,ERR,ERR,ERR,ERR,ERR,ERR,ERR,ERR,ERR,ERR,ERR,ERR,ERR,ERR,ERR,ERR,ERR,ERR,ERR,60.0,60.0,35,0.0,0.0,0.0,0.0,0.0,0.0,0.0,0.0,0.0,0.0,0.0,0.0,0.0,0.0,0.0,0.0,64.8,0,150,71,58,65476,0,65476,0,1,8,20529,65476,0,0,2621,60.0,0.0,0.0,0.0,0.0,0.0
2026-07-09T15:35:22,ERR,ERR,ERR,ERR,ERR,ERR,ERR,ERR,ERR,ERR,ERR,ERR,ERR,ERR,ERR,ERR,ERR,ERR,ERR,ERR,ERR,ERR,ERR,ERR,ERR,ERR,ERR,ERR,ERR,ERR,ERR,ERR,ERR,ERR,ERR,ERR,ERR,ERR,ERR,ERR,ERR,ERR,ERR,ERR,ERR,ERR,ERR,ERR,ERR,ERR,ERR,ERR,ERR,ERR,ERR,ERR,ERR,ERR,ERR,ERR,ERR,ERR,ERR,ERR,ERR,ERR,ERR,ERR,ERR,ERR,ERR,ERR,ERR,ERR,ERR,ERR,ERR,ERR,ERR,ERR,ERR,ERR,ERR,ERR,ERR,ERR,ERR,ERR,ERR,ERR,ERR,ERR,ERR,ERR,ERR,ERR,ERR,ERR,ERR,ERR,ERR,ERR,ERR,ERR,ERR,ERR,ERR,ERR,ERR,ERR,ERR,ERR,ERR,ERR,ERR,ERR,ERR,ERR,ERR,ERR,ERR,ERR,ERR,ERR,ERR,0.0,0.0,0.0,0.0,-134513312.0,-726801278042112.0,0.0,1.1487227086022569e+24,0,0,4,17332,7116,0.0,100,0.0,0.0,0.0,0.0,0.0,0,0,0,0,0.0,0,0,0,0,0,0,0,0,0,0,0,0,0,0,0,0,0,0,0,0,0,0,0,0,0,0,0,0,0,0,0,0,0,31,40,40,71,65476,0,300,0,0,8,21553,0.0,-107605600.0,0.0,0.0,0.0,0.0,0.0,0.0,0.0,0.0,0.0,0.0,0.0,0.0,0.0,0.0,0.0,0.0,0.0,0.0,0.0,0.0,0.0,3.697071344610758e+19,0.0,0.0,0.0,0.0,0.0,0.0,5093.0,1.0406657522389839e+34,6927.0,0.0,0.0,2.004,2.004,0.0,0.0,0.0,0.0,69,4.950431692736863e+32,-4.950402678517192e+32,0.0,0.0,0.0,0.0,0.0,0.0,0.0,0,0,0,0.0,0.0,0.0,0.0,0.0,0.0,0.0,0.0,0.0,0.0,0.0,0.0,0.0,0.0,0.0,0.0,0,-107875648.0,69,0.0,138,0.0,2.012,ERR,ERR,ERR,ERR,ERR,ERR,ERR,ERR,ERR,ERR,ERR,ERR,ERR,ERR,ERR,ERR,ERR,ERR,ERR,ERR,ERR,ERR,ERR,ERR,ERR,ERR,ERR,ERR,ERR,ERR,ERR,ERR,ERR,ERR,ERR,ERR,ERR,ERR,ERR,ERR,ERR,ERR,ERR,ERR,ERR,ERR,ERR,ERR,ERR,ERR,ERR,ERR,ERR,ERR,ERR,ERR,ERR,ERR,ERR,ERR,ERR,ERR,ERR,ERR,ERR,ERR,ERR,60.0,60.0,35,0.0,0.0,0.0,0.0,0.0,0.0,0.0,0.0,0.0,0.0,0.0,0.0,0.0,0.0,0.0,0.0,64.8,0,150,71,58,65476,0,65476,0,1,8,20529,65476,0,0,2621,60.0,0.0,0.0,0.0,0.0,0.0
2026-07-09T15:35:23,ERR,ERR,ERR,ERR,ERR,ERR,ERR,ERR,ERR,ERR,ERR,ERR,ERR,ERR,ERR,ERR,ERR,ERR,ERR,ERR,ERR,ERR,ERR,ERR,ERR,ERR,ERR,ERR,ERR,ERR,ERR,ERR,ERR,ERR,ERR,ERR,ERR,ERR,ERR,ERR,ERR,ERR,ERR,ERR,ERR,ERR,ERR,ERR,ERR,ERR,ERR,ERR,ERR,ERR,ERR,ERR,ERR,ERR,ERR,ERR,ERR,ERR,ERR,ERR,ERR,ERR,ERR,ERR,ERR,ERR,ERR,ERR,ERR,ERR,ERR,ERR,ERR,ERR,ERR,ERR,ERR,ERR,ERR,ERR,ERR,ERR,ERR,ERR,ERR,ERR,ERR,ERR,ERR,ERR,ERR,ERR,ERR,ERR,ERR,ERR,ERR,ERR,ERR,ERR,ERR,ERR,ERR,ERR,ERR,ERR,ERR,ERR,ERR,ERR,ERR,ERR,ERR,ERR,ERR,ERR,ERR,ERR,ERR,ERR,ERR,0.0,0.0,-107615040.0,2.7183478752108883e+23,0.0,-550853083136.0,0.0,-0.0,0,0,4,17329,7116,0.0,100,0.0,0.0,2.7183478752108883e+23,0.0,0.0,0,0,0,0,0.0,0,0,0,0,0,0,0,0,0,0,0,0,0,0,0,0,0,0,0,0,0,0,0,0,0,0,0,0,0,0,0,0,0,31,40,40,71,65476,0,300,0,0,8,21553,0.0,-107605600.0,0.0,0.0,0.0,0.0,0.0,0.0,0.0,0.0,0.0,0.0,0.0,0.0,0.0,0.0,0.0,0.0,0.0,0.0,0.0,0.0,0.0,2.004,0.0,0.0,0.0,0.0,0.0,0.0,5099.0,2.4229887692234103e+24,6925.0,0.0,0.0,2.004,2.004,0.0,0.0,0.0,0.0,69,-0.0,0.0,0.0,0.0,0.0,0.0,0.0,0.0,0.0,0,0,0,0.0,0.0,0.0,0.0,0.0,0.0,0.0,0.0,0.0,0.0,0.0,0.0,0.0,0.0,0.0,0.0,0,-107875648.0,69,0.0,138,0.0,2.012,ERR,ERR,ERR,ERR,ERR,ERR,ERR,ERR,ERR,ERR,ERR,ERR,ERR,ERR,ERR,ERR,ERR,ERR,ERR,ERR,ERR,ERR,ERR,ERR,ERR,ERR,ERR,ERR,ERR,ERR,ERR,ERR,ERR,ERR,ERR,ERR,ERR,ERR,ERR,ERR,ERR,ERR,ERR,ERR,ERR,ERR,ERR,ERR,ERR,ERR,ERR,ERR,ERR,ERR,ERR,ERR,ERR,ERR,ERR,ERR,ERR,ERR,ERR,ERR,ERR,ERR,ERR,60.0,60.0,35,0.0,0.0,0.0,0.0,0.0,0.0,0.0,0.0,0.0,0.0,0.0,0.0,0.0,0.0,0.0,0.0,64.8,0,150,71,58,65476,0,65476,0,1,8,20529,65476,0,0,2621,60.0,0.0,0.0,0.0,0.0,0.0
2026-07-09T15:35:24,ERR,ERR,ERR,ERR,ERR,ERR,ERR,ERR,ERR,ERR,ERR,ERR,ERR,ERR,ERR,ERR,ERR,ERR,ERR,ERR,ERR,ERR,ERR,ERR,ERR,ERR,ERR,ERR,ERR,ERR,ERR,ERR,ERR,ERR,ERR,ERR,ERR,ERR,ERR,ERR,ERR,ERR,ERR,ERR,ERR,ERR,ERR,ERR,ERR,ERR,ERR,ERR,ERR,ERR,ERR,ERR,ERR,ERR,ERR,ERR,ERR,ERR,ERR,ERR,ERR,ERR,ERR,ERR,ERR,ERR,ERR,ERR,ERR,ERR,ERR,ERR,ERR,ERR,ERR,ERR,ERR,ERR,ERR,ERR,ERR,ERR,ERR,ERR,ERR,ERR,ERR,ERR,ERR,ERR,ERR,ERR,ERR,ERR,ERR,ERR,ERR,ERR,ERR,ERR,ERR,ERR,ERR,ERR,ERR,ERR,ERR,ERR,ERR,ERR,ERR,ERR,ERR,ERR,ERR,ERR,ERR,ERR,ERR,ERR,ERR,0.0,0.0,-107615040.0,2.7183478752108883e+23,0.0,-550853083136.0,0.0,-0.0,0,0,4,17329,7116,0.0,100,0.0,0.0,2.7183478752108883e+23,0.0,0.0,0,0,0,0,0.0,0,0,0,0,0,0,0,0,0,0,0,0,0,0,0,0,0,0,0,0,0,0,0,0,0,0,0,0,0,0,0,0,0,31,40,40,71,65476,0,300,0,0,8,21553,0.0,-107605600.0,0.0,0.0,0.0,0.0,0.0,0.0,0.0,0.0,0.0,0.0,0.0,0.0,0.0,0.0,0.0,0.0,0.0,0.0,0.0,0.0,0.0,2.004,0.0,0.0,0.0,0.0,0.0,0.0,5099.0,2.4229887692234103e+24,6925.0,0.0,0.0,2.004,2.004,0.0,0.0,0.0,0.0,69,-0.0,0.0,0.0,0.0,0.0,0.0,0.0,0.0,0.0,0,0,0,0.0,0.0,0.0,0.0,0.0,0.0,0.0,0.0,0.0,0.0,0.0,0.0,0.0,0.0,0.0,0.0,0,-107875648.0,69,0.0,138,0.0,2.012,ERR,ERR,ERR,ERR,ERR,ERR,ERR,ERR,ERR,ERR,ERR,ERR,ERR,ERR,ERR,ERR,ERR,ERR,ERR,ERR,ERR,ERR,ERR,ERR,ERR,ERR,ERR,ERR,ERR,ERR,ERR,ERR,ERR,ERR,ERR,ERR,ERR,ERR,ERR,ERR,ERR,ERR,ERR,ERR,ERR,ERR,ERR,ERR,ERR,ERR,ERR,ERR,ERR,ERR,ERR,ERR,ERR,ERR,ERR,ERR,ERR,ERR,ERR,ERR,ERR,ERR,ERR,60.0,60.0,35,0.0,0.0,0.0,0.0,0.0,0.0,0.0,0.0,0.0,0.0,0.0,0.0,0.0,0.0,0.0,0.0,64.8,0,150,71,58,65476,0,65476,0,1,8,20529,65476,0,0,2621,60.0,0.0,0.0,0.0,0.0,0.0
2026-07-09T15:35:25,ERR,ERR,ERR,ERR,ERR,ERR,ERR,ERR,ERR,ERR,ERR,ERR,ERR,ERR,ERR,ERR,ERR,ERR,ERR,ERR,ERR,ERR,ERR,ERR,ERR,ERR,ERR,ERR,ERR,ERR,ERR,ERR,ERR,ERR,ERR,ERR,ERR,ERR,ERR,ERR,ERR,ERR,ERR,ERR,ERR,ERR,ERR,ERR,ERR,ERR,ERR,ERR,ERR,ERR,ERR,ERR,ERR,ERR,ERR,ERR,ERR,ERR,ERR,ERR,ERR,ERR,ERR,ERR,ERR,ERR,ERR,ERR,ERR,ERR,ERR,ERR,ERR,ERR,ERR,ERR,ERR,ERR,ERR,ERR,ERR,ERR,ERR,ERR,ERR,ERR,ERR,ERR,ERR,ERR,ERR,ERR,ERR,ERR,ERR,ERR,ERR,ERR,ERR,ERR,ERR,ERR,ERR,ERR,ERR,ERR,ERR,ERR,ERR,ERR,ERR,ERR,ERR,ERR,ERR,ERR,ERR,ERR,ERR,ERR,ERR,0.0,0.0,-107615040.0,2.7183478752108883e+23,0.0,-550853083136.0,0.0,-0.0,0,0,4,17329,7116,0.0,100,0.0,0.0,2.7183478752108883e+23,0.0,0.0,0,0,0,0,0.0,0,0,0,0,0,0,0,0,0,0,0,0,0,0,0,0,0,0,0,0,0,0,0,0,0,0,0,0,0,0,0,0,0,31,40,40,71,65476,0,300,0,0,8,21553,0.0,-107605600.0,0.0,0.0,0.0,0.0,0.0,0.0,0.0,0.0,0.0,0.0,0.0,0.0,0.0,0.0,0.0,0.0,0.0,0.0,0.0,0.0,0.0,2.004,0.0,0.0,0.0,0.0,0.0,0.0,5099.0,2.4229887692234103e+24,6925.0,0.0,0.0,2.004,2.004,0.0,0.0,0.0,0.0,69,-0.0,0.0,0.0,0.0,0.0,0.0,0.0,0.0,0.0,0,0,0,0.0,0.0,0.0,0.0,0.0,0.0,0.0,0.0,0.0,0.0,0.0,0.0,0.0,0.0,0.0,0.0,0,-107875648.0,69,0.0,138,0.0,2.012,ERR,ERR,ERR,ERR,ERR,ERR,ERR,ERR,ERR,ERR,ERR,ERR,ERR,ERR,ERR,ERR,ERR,ERR,ERR,ERR,ERR,ERR,ERR,ERR,ERR,ERR,ERR,ERR,ERR,ERR,ERR,ERR,ERR,ERR,ERR,ERR,ERR,ERR,ERR,ERR,ERR,ERR,ERR,ERR,ERR,ERR,ERR,ERR,ERR,ERR,ERR,ERR,ERR,ERR,ERR,ERR,ERR,ERR,ERR,ERR,ERR,ERR,ERR,ERR,ERR,ERR,ERR,60.0,60.0,35,0.0,0.0,0.0,0.0,0.0,0.0,0.0,0.0,0.0,0.0,0.0,0.0,0.0,0.0,0.0,0.0,64.8,0,150,71,58,65476,0,65476,0,1,8,20529,65476,0,0,2621,60.0,0.0,0.0,0.0,0.0,0.0
2026-07-09T15:35:26,ERR,ERR,ERR,ERR,ERR,ERR,ERR,ERR,ERR,ERR,ERR,ERR,ERR,ERR,ERR,ERR,ERR,ERR,ERR,ERR,ERR,ERR,ERR,ERR,ERR,ERR,ERR,ERR,ERR,ERR,ERR,ERR,ERR,ERR,ERR,ERR,ERR,ERR,ERR,ERR,ERR,ERR,ERR,ERR,ERR,ERR,ERR,ERR,ERR,ERR,ERR,ERR,ERR,ERR,ERR,ERR,ERR,ERR,ERR,ERR,ERR,ERR,ERR,ERR,ERR,ERR,ERR,ERR,ERR,ERR,ERR,ERR,ERR,ERR,ERR,ERR,ERR,ERR,ERR,ERR,ERR,ERR,ERR,ERR,ERR,ERR,ERR,ERR,ERR,ERR,ERR,ERR,ERR,ERR,ERR,ERR,ERR,ERR,ERR,ERR,ERR,ERR,ERR,ERR,ERR,ERR,ERR,ERR,ERR,ERR,ERR,ERR,ERR,ERR,ERR,ERR,ERR,ERR,ERR,ERR,ERR,ERR,ERR,ERR,ERR,0.0,0.0,-107615040.0,2.7183478752108883e+23,0.0,-550853083136.0,0.0,-0.0,0,0,4,17329,7116,0.0,100,0.0,0.0,2.7183478752108883e+23,0.0,0.0,0,0,0,0,0.0,0,0,0,0,0,0,0,0,0,0,0,0,0,0,0,0,0,0,0,0,0,0,0,0,0,0,0,0,0,0,0,0,0,31,40,40,71,65476,0,300,0,0,8,21553,0.0,-107605600.0,0.0,0.0,0.0,0.0,0.0,0.0,0.0,0.0,0.0,0.0,0.0,0.0,0.0,0.0,0.0,0.0,0.0,0.0,0.0,0.0,0.0,2.004,0.0,0.0,0.0,0.0,0.0,0.0,5099.0,2.4229887692234103e+24,6925.0,0.0,0.0,2.004,2.004,0.0,0.0,0.0,0.0,69,-0.0,0.0,0.0,0.0,0.0,0.0,0.0,0.0,0.0,0,0,0,0.0,0.0,0.0,0.0,0.0,0.0,0.0,0.0,0.0,0.0,0.0,0.0,0.0,0.0,0.0,0.0,0,-107875648.0,69,0.0,138,0.0,2.012,ERR,ERR,ERR,ERR,ERR,ERR,ERR,ERR,ERR,ERR,ERR,ERR,ERR,ERR,ERR,ERR,ERR,ERR,ERR,ERR,ERR,ERR,ERR,ERR,ERR,ERR,ERR,ERR,ERR,ERR,ERR,ERR,ERR,ERR,ERR,ERR,ERR,ERR,ERR,ERR,ERR,ERR,ERR,ERR,ERR,ERR,ERR,ERR,ERR,ERR,ERR,ERR,ERR,ERR,ERR,ERR,ERR,ERR,ERR,ERR,ERR,ERR,ERR,ERR,ERR,ERR,ERR,60.0,60.0,35,0.0,0.0,0.0,0.0,0.0,0.0,0.0,0.0,0.0,0.0,0.0,0.0,0.0,0.0,0.0,0.0,64.8,0,150,71,58,65476,0,65476,0,1,8,20529,65476,0,0,2621,60.0,0.0,0.0,0.0,0.0,0.0
2026-07-09T15:35:27,ERR,ERR,ERR,ERR,ERR,ERR,ERR,ERR,ERR,ERR,ERR,ERR,ERR,ERR,ERR,ERR,ERR,ERR,ERR,ERR,ERR,ERR,ERR,ERR,ERR,ERR,ERR,ERR,ERR,ERR,ERR,ERR,ERR,ERR,ERR,ERR,ERR,ERR,ERR,ERR,ERR,ERR,ERR,ERR,ERR,ERR,ERR,ERR,ERR,ERR,ERR,ERR,ERR,ERR,ERR,ERR,ERR,ERR,ERR,ERR,ERR,ERR,ERR,ERR,ERR,ERR,ERR,ERR,ERR,ERR,ERR,ERR,ERR,ERR,ERR,ERR,ERR,ERR,ERR,ERR,ERR,ERR,ERR,ERR,ERR,ERR,ERR,ERR,ERR,ERR,ERR,ERR,ERR,ERR,ERR,ERR,ERR,ERR,ERR,ERR,ERR,ERR,ERR,ERR,ERR,ERR,ERR,ERR,ERR,ERR,ERR,ERR,ERR,ERR,ERR,ERR,ERR,ERR,ERR,ERR,ERR,ERR,ERR,ERR,ERR,0.0,0.0,-107615040.0,2.7183478752108883e+23,0.0,-550853083136.0,0.0,-0.0,0,0,4,17329,7116,0.0,100,0.0,0.0,2.7183478752108883e+23,0.0,0.0,0,0,0,0,0.0,0,0,0,0,0,0,0,0,0,0,0,0,0,0,0,0,0,0,0,0,0,0,0,0,0,0,0,0,0,0,0,0,0,31,40,40,71,65476,0,300,0,0,8,21553,0.0,-107605600.0,0.0,0.0,0.0,0.0,0.0,0.0,0.0,0.0,0.0,0.0,0.0,0.0,0.0,0.0,0.0,0.0,0.0,0.0,0.0,0.0,0.0,2.004,0.0,0.0,0.0,0.0,0.0,0.0,5099.0,2.4229887692234103e+24,6925.0,0.0,0.0,2.004,2.004,0.0,0.0,0.0,0.0,69,-0.0,0.0,0.0,0.0,0.0,0.0,0.0,0.0,0.0,0,0,0,0.0,0.0,0.0,0.0,0.0,0.0,0.0,0.0,0.0,0.0,0.0,0.0,0.0,0.0,0.0,0.0,0,-107875648.0,69,0.0,138,0.0,2.012,ERR,ERR,ERR,ERR,ERR,ERR,ERR,ERR,ERR,ERR,ERR,ERR,ERR,ERR,ERR,ERR,ERR,ERR,ERR,ERR,ERR,ERR,ERR,ERR,ERR,ERR,ERR,ERR,ERR,ERR,ERR,ERR,ERR,ERR,ERR,ERR,ERR,ERR,ERR,ERR,ERR,ERR,ERR,ERR,ERR,ERR,ERR,ERR,ERR,ERR,ERR,ERR,ERR,ERR,ERR,ERR,ERR,ERR,ERR,ERR,ERR,ERR,ERR,ERR,ERR,ERR,ERR,60.0,60.0,35,0.0,0.0,0.0,0.0,0.0,0.0,0.0,0.0,0.0,0.0,0.0,0.0,0.0,0.0,0.0,0.0,64.8,0,150,71,58,65476,0,65476,0,1,8,20529,65476,0,0,2621,60.0,0.0,0.0,0.0,0.0,0.0
2026-07-09T15:35:28,ERR,ERR,ERR,ERR,ERR,ERR,ERR,ERR,ERR,ERR,ERR,ERR,ERR,ERR,ERR,ERR,ERR,ERR,ERR,ERR,ERR,ERR,ERR,ERR,ERR,ERR,ERR,ERR,ERR,ERR,ERR,ERR,ERR,ERR,ERR,ERR,ERR,ERR,ERR,ERR,ERR,ERR,ERR,ERR,ERR,ERR,ERR,ERR,ERR,ERR,ERR,ERR,ERR,ERR,ERR,ERR,ERR,ERR,ERR,ERR,ERR,ERR,ERR,ERR,ERR,ERR,ERR,ERR,ERR,ERR,ERR,ERR,ERR,ERR,ERR,ERR,ERR,ERR,ERR,ERR,ERR,ERR,ERR,ERR,ERR,ERR,ERR,ERR,ERR,ERR,ERR,ERR,ERR,ERR,ERR,ERR,ERR,ERR,ERR,ERR,ERR,ERR,ERR,ERR,ERR,ERR,ERR,ERR,ERR,ERR,ERR,ERR,ERR,ERR,ERR,ERR,ERR,ERR,ERR,ERR,ERR,ERR,ERR,ERR,ERR,0.0,-107616136.0,2.730229091603832e+23,2.7183478752108883e+23,-4.732769235058918e+21,13624012701696.0,-0.0,-0.0,0,0,4,17326,7116,0.0,100,0.0,0.0,2.7183478752108883e+23,0.0,0.0,0,0,0,0,0.0,0,0,0,0,0,0,0,0,0,0,0,0,0,0,0,0,0,0,0,0,0,0,0,0,0,0,0,0,0,0,0,0,0,31,40,40,71,65476,0,300,0,0,8,21553,0.0,-107605600.0,0.0,0.0,0.0,0.0,0.0,0.0,0.0,0.0,0.0,0.0,0.0,0.0,0.0,0.0,0.0,0.0,0.0,0.0,0.0,0.0,-2.004,0.0,0.0,0.0,0.0,0.0,0.0,0.0,5092.0,0.0,6917.0,-107615184.0,-107616136.0,2.004,2.004,0.0,0.0,0.0,0.0,69,4.950431692736863e+32,-71.629,0.0,0.0,0.0,0.0,0.0,0.0,0.0,0,0,0,0.0,0.0,0.0,0.0,0.0,0.0,0.0,0.0,0.0,0.0,0.0,0.0,0.0,0.0,0.0,0.0,0,-107875648.0,69,0.0,138,0.0,2.012,ERR,ERR,ERR,ERR,ERR,ERR,ERR,ERR,ERR,ERR,ERR,ERR,ERR,ERR,ERR,ERR,ERR,ERR,ERR,ERR,ERR,ERR,ERR,ERR,ERR,ERR,ERR,ERR,ERR,ERR,ERR,ERR,ERR,ERR,ERR,ERR,ERR,ERR,ERR,ERR,ERR,ERR,ERR,ERR,ERR,ERR,ERR,ERR,ERR,ERR,ERR,ERR,ERR,ERR,ERR,ERR,ERR,ERR,ERR,ERR,ERR,ERR,ERR,ERR,ERR,ERR,ERR,60.0,60.0,35,0.0,0.0,0.0,0.0,0.0,0.0,0.0,0.0,0.0,0.0,0.0,0.0,0.0,0.0,0.0,0.0,64.8,0,150,71,58,65476,0,65476,0,1,8,20529,65476,0,0,2621,60.0,0.0,0.0,0.0,0.0,0.0
2026-07-09T15:35:29,ERR,ERR,ERR,ERR,ERR,ERR,ERR,ERR,ERR,ERR,ERR,ERR,ERR,ERR,ERR,ERR,ERR,ERR,ERR,ERR,ERR,ERR,ERR,ERR,ERR,ERR,ERR,ERR,ERR,ERR,ERR,ERR,ERR,ERR,ERR,ERR,ERR,ERR,ERR,ERR,ERR,ERR,ERR,ERR,ERR,ERR,ERR,ERR,ERR,ERR,ERR,ERR,ERR,ERR,ERR,ERR,ERR,ERR,ERR,ERR,ERR,ERR,ERR,ERR,ERR,ERR,ERR,ERR,ERR,ERR,ERR,ERR,ERR,ERR,ERR,ERR,ERR,ERR,ERR,ERR,ERR,ERR,ERR,ERR,ERR,ERR,ERR,ERR,ERR,ERR,ERR,ERR,ERR,ERR,ERR,ERR,ERR,ERR,ERR,ERR,ERR,ERR,ERR,ERR,ERR,ERR,ERR,ERR,ERR,ERR,ERR,ERR,ERR,ERR,ERR,ERR,ERR,ERR,ERR,ERR,ERR,ERR,ERR,ERR,ERR,0.0,-107616136.0,2.730229091603832e+23,2.7183478752108883e+23,-4.732769235058918e+21,13624012701696.0,-0.0,-0.0,0,0,4,17326,7116,0.0,100,0.0,0.0,2.7183478752108883e+23,0.0,0.0,0,0,0,0,0.0,0,0,0,0,0,0,0,0,0,0,0,0,0,0,0,0,0,0,0,0,0,0,0,0,0,0,0,0,0,0,0,0,0,31,40,40,71,65476,0,300,0,0,8,21553,0.0,-107605600.0,0.0,0.0,0.0,0.0,0.0,0.0,0.0,0.0,0.0,0.0,0.0,0.0,0.0,0.0,0.0,0.0,0.0,0.0,0.0,0.0,-2.004,0.0,0.0,0.0,0.0,0.0,0.0,0.0,5092.0,0.0,6917.0,-107615184.0,-107616136.0,2.004,2.004,0.0,0.0,0.0,0.0,69,4.950431692736863e+32,-71.629,0.0,0.0,0.0,0.0,0.0,0.0,0.0,0,0,0,0.0,0.0,0.0,0.0,0.0,0.0,0.0,0.0,0.0,0.0,0.0,0.0,0.0,0.0,0.0,0.0,0,-107875648.0,69,0.0,138,0.0,2.012,ERR,ERR,ERR,ERR,ERR,ERR,ERR,ERR,ERR,ERR,ERR,ERR,ERR,ERR,ERR,ERR,ERR,ERR,ERR,ERR,ERR,ERR,ERR,ERR,ERR,ERR,ERR,ERR,ERR,ERR,ERR,ERR,ERR,ERR,ERR,ERR,ERR,ERR,ERR,ERR,ERR,ERR,ERR,ERR,ERR,ERR,ERR,ERR,ERR,ERR,ERR,ERR,ERR,ERR,ERR,ERR,ERR,ERR,ERR,ERR,ERR,ERR,ERR,ERR,ERR,ERR,ERR,60.0,60.0,35,0.0,0.0,0.0,0.0,0.0,0.0,0.0,0.0,0.0,0.0,0.0,0.0,0.0,0.0,0.0,0.0,65.2,0,150,71,58,65476,0,65476,0,1,8,20529,65476,0,0,2621,60.0,0.0,0.0,0.0,0.0,0.0
2026-07-09T15:35:30,ERR,ERR,ERR,ERR,ERR,ERR,ERR,ERR,ERR,ERR,ERR,ERR,ERR,ERR,ERR,ERR,ERR,ERR,ERR,ERR,ERR,ERR,ERR,ERR,ERR,ERR,ERR,ERR,ERR,ERR,ERR,ERR,ERR,ERR,ERR,ERR,ERR,ERR,ERR,ERR,ERR,ERR,ERR,ERR,ERR,ERR,ERR,ERR,ERR,ERR,ERR,ERR,ERR,ERR,ERR,ERR,ERR,ERR,ERR,ERR,ERR,ERR,ERR,ERR,ERR,ERR,ERR,ERR,ERR,ERR,ERR,ERR,ERR,ERR,ERR,ERR,ERR,ERR,ERR,ERR,ERR,ERR,ERR,ERR,ERR,ERR,ERR,ERR,ERR,ERR,ERR,ERR,ERR,ERR,ERR,ERR,ERR,ERR,ERR,ERR,ERR,ERR,ERR,ERR,ERR,ERR,ERR,ERR,ERR,ERR,ERR,ERR,ERR,ERR,ERR,ERR,ERR,ERR,ERR,ERR,ERR,ERR,ERR,ERR,ERR,0.0,-107616136.0,2.730229091603832e+23,2.7183478752108883e+23,-4.732769235058918e+21,13624012701696.0,-0.0,-0.0,0,0,4,17326,7116,0.0,100,0.0,0.0,2.7183478752108883e+23,0.0,0.0,0,0,0,0,0.0,0,0,0,0,0,0,0,0,0,0,0,0,0,0,0,0,0,0,0,0,0,0,0,0,0,0,0,0,0,0,0,0,0,31,40,40,71,65476,0,300,0,0,8,21553,0.0,-107605600.0,0.0,0.0,0.0,0.0,0.0,0.0,0.0,0.0,0.0,0.0,0.0,0.0,0.0,0.0,0.0,0.0,0.0,0.0,0.0,0.0,-2.004,0.0,0.0,0.0,0.0,0.0,0.0,0.0,5092.0,0.0,6917.0,-107615184.0,-107616136.0,2.004,2.004,0.0,0.0,0.0,0.0,69,4.950431692736863e+32,-71.629,0.0,0.0,0.0,0.0,0.0,0.0,0.0,0,0,0,0.0,0.0,0.0,0.0,0.0,0.0,0.0,0.0,0.0,0.0,0.0,0.0,0.0,0.0,0.0,0.0,0,-107875648.0,69,0.0,138,0.0,2.012,ERR,ERR,ERR,ERR,ERR,ERR,ERR,ERR,ERR,ERR,ERR,ERR,ERR,ERR,ERR,ERR,ERR,ERR,ERR,ERR,ERR,ERR,ERR,ERR,ERR,ERR,ERR,ERR,ERR,ERR,ERR,ERR,ERR,ERR,ERR,ERR,ERR,ERR,ERR,ERR,ERR,ERR,ERR,ERR,ERR,ERR,ERR,ERR,ERR,ERR,ERR,ERR,ERR,ERR,ERR,ERR,ERR,ERR,ERR,ERR,ERR,ERR,ERR,ERR,ERR,ERR,ERR,60.0,60.0,35,0.0,0.0,0.0,0.0,0.0,0.0,0.0,0.0,0.0,0.0,0.0,0.0,0.0,0.0,0.0,0.0,65.2,0,150,71,58,65476,0,65476,0,1,8,20529,65476,0,0,2621,60.0,0.0,0.0,0.0,0.0,0.0
2026-07-09T15:35:31,ERR,ERR,ERR,ERR,ERR,ERR,ERR,ERR,ERR,ERR,ERR,ERR,ERR,ERR,ERR,ERR,ERR,ERR,ERR,ERR,ERR,ERR,ERR,ERR,ERR,ERR,ERR,ERR,ERR,ERR,ERR,ERR,ERR,ERR,ERR,ERR,ERR,ERR,ERR,ERR,ERR,ERR,ERR,ERR,ERR,ERR,ERR,ERR,ERR,ERR,ERR,ERR,ERR,ERR,ERR,ERR,ERR,ERR,ERR,ERR,ERR,ERR,ERR,ERR,ERR,ERR,ERR,ERR,ERR,ERR,ERR,ERR,ERR,ERR,ERR,ERR,ERR,ERR,ERR,ERR,ERR,ERR,ERR,ERR,ERR,ERR,ERR,ERR,ERR,ERR,ERR,ERR,ERR,ERR,ERR,ERR,ERR,ERR,ERR,ERR,ERR,ERR,ERR,ERR,ERR,ERR,ERR,ERR,ERR,ERR,ERR,ERR,ERR,ERR,ERR,ERR,ERR,ERR,ERR,ERR,ERR,ERR,ERR,ERR,ERR,0.0,-107616136.0,2.730229091603832e+23,2.7183478752108883e+23,-4.732769235058918e+21,13624012701696.0,-0.0,-0.0,0,0,4,17326,7116,0.0,100,0.0,0.0,2.7183478752108883e+23,0.0,0.0,0,0,0,0,0.0,0,0,0,0,0,0,0,0,0,0,0,0,0,0,0,0,0,0,0,0,0,0,0,0,0,0,0,0,0,0,0,0,0,31,40,40,71,65476,0,300,0,0,8,21553,0.0,-107605600.0,0.0,0.0,0.0,0.0,0.0,0.0,0.0,0.0,0.0,0.0,0.0,0.0,0.0,0.0,0.0,0.0,0.0,0.0,0.0,0.0,-2.004,0.0,0.0,0.0,0.0,0.0,0.0,0.0,5092.0,0.0,6917.0,-107615184.0,-107616136.0,2.004,2.004,0.0,0.0,0.0,0.0,69,4.950431692736863e+32,-71.629,0.0,0.0,0.0,0.0,0.0,0.0,0.0,0,0,0,0.0,0.0,0.0,0.0,0.0,0.0,0.0,0.0,0.0,0.0,0.0,0.0,0.0,0.0,0.0,0.0,0,-107875648.0,69,0.0,138,0.0,2.012,ERR,ERR,ERR,ERR,ERR,ERR,ERR,ERR,ERR,ERR,ERR,ERR,ERR,ERR,ERR,ERR,ERR,ERR,ERR,ERR,ERR,ERR,ERR,ERR,ERR,ERR,ERR,ERR,ERR,ERR,ERR,ERR,ERR,ERR,ERR,ERR,ERR,ERR,ERR,ERR,ERR,ERR,ERR,ERR,ERR,ERR,ERR,ERR,ERR,ERR,ERR,ERR,ERR,ERR,ERR,ERR,ERR,ERR,ERR,ERR,ERR,ERR,ERR,ERR,ERR,ERR,ERR,60.0,60.0,35,0.0,0.0,0.0,0.0,0.0,0.0,0.0,0.0,0.0,0.0,0.0,0.0,0.0,0.0,0.0,0.0,64.8,0,150,71,58,65476,0,65476,0,1,8,20529,65476,0,0,2621,60.0,0.0,0.0,0.0,0.0,0.0
2026-07-09T15:35:32,ERR,ERR,ERR,ERR,ERR,ERR,ERR,ERR,ERR,ERR,ERR,ERR,ERR,ERR,ERR,ERR,ERR,ERR,ERR,ERR,ERR,ERR,ERR,ERR,ERR,ERR,ERR,ERR,ERR,ERR,ERR,ERR,ERR,ERR,ERR,ERR,ERR,ERR,ERR,ERR,ERR,ERR,ERR,ERR,ERR,ERR,ERR,ERR,ERR,ERR,ERR,ERR,ERR,ERR,ERR,ERR,ERR,ERR,ERR,ERR,ERR,ERR,ERR,ERR,ERR,ERR,ERR,ERR,ERR,ERR,ERR,ERR,ERR,ERR,ERR,ERR,ERR,ERR,ERR,ERR,ERR,ERR,ERR,ERR,ERR,ERR,ERR,ERR,ERR,ERR,ERR,ERR,ERR,ERR,ERR,ERR,ERR,ERR,ERR,ERR,ERR,ERR,ERR,ERR,ERR,ERR,ERR,ERR,ERR,ERR,ERR,ERR,ERR,ERR,ERR,ERR,ERR,ERR,ERR,ERR,ERR,ERR,ERR,ERR,ERR,0.0,-107616136.0,2.730229091603832e+23,2.7183478752108883e+23,-4.732769235058918e+21,13624012701696.0,-0.0,-0.0,0,0,4,17326,7116,0.0,100,0.0,0.0,2.7183478752108883e+23,0.0,0.0,0,0,0,0,0.0,0,0,0,0,0,0,0,0,0,0,0,0,0,0,0,0,0,0,0,0,0,0,0,0,0,0,0,0,0,0,0,0,0,31,40,40,71,65476,0,300,0,0,8,21553,0.0,-107605600.0,0.0,0.0,0.0,0.0,0.0,0.0,0.0,0.0,0.0,0.0,0.0,0.0,0.0,0.0,0.0,0.0,0.0,0.0,0.0,0.0,-2.004,0.0,0.0,0.0,0.0,0.0,0.0,0.0,5092.0,0.0,6917.0,-107615184.0,-107616136.0,2.004,2.004,0.0,0.0,0.0,0.0,69,4.950431692736863e+32,-71.629,0.0,0.0,0.0,0.0,0.0,0.0,0.0,0,0,0,0.0,0.0,0.0,0.0,0.0,0.0,0.0,0.0,0.0,0.0,0.0,0.0,0.0,0.0,0.0,0.0,0,-107875648.0,69,0.0,138,0.0,2.012,ERR,ERR,ERR,ERR,ERR,ERR,ERR,ERR,ERR,ERR,ERR,ERR,ERR,ERR,ERR,ERR,ERR,ERR,ERR,ERR,ERR,ERR,ERR,ERR,ERR,ERR,ERR,ERR,ERR,ERR,ERR,ERR,ERR,ERR,ERR,ERR,ERR,ERR,ERR,ERR,ERR,ERR,ERR,ERR,ERR,ERR,ERR,ERR,ERR,ERR,ERR,ERR,ERR,ERR,ERR,ERR,ERR,ERR,ERR,ERR,ERR,ERR,ERR,ERR,ERR,ERR,ERR,60.0,60.0,35,0.0,0.0,0.0,0.0,0.0,0.0,0.0,0.0,0.0,0.0,0.0,0.0,0.0,0.0,0.0,0.0,64.8,0,150,71,58,65476,0,65476,0,1,8,20529,65476,0,0,2621,60.0,0.0,0.0,0.0,0.0,0.0
2026-07-09T15:35:33,ERR,ERR,ERR,ERR,ERR,ERR,ERR,ERR,ERR,ERR,ERR,ERR,ERR,ERR,ERR,ERR,ERR,ERR,ERR,ERR,ERR,ERR,ERR,ERR,ERR,ERR,ERR,ERR,ERR,ERR,ERR,ERR,ERR,ERR,ERR,ERR,ERR,ERR,ERR,ERR,ERR,ERR,ERR,ERR,ERR,ERR,ERR,ERR,ERR,ERR,ERR,ERR,ERR,ERR,ERR,ERR,ERR,ERR,ERR,ERR,ERR,ERR,ERR,ERR,ERR,ERR,ERR,ERR,ERR,ERR,ERR,ERR,ERR,ERR,ERR,ERR,ERR,ERR,ERR,ERR,ERR,ERR,ERR,ERR,ERR,ERR,ERR,ERR,ERR,ERR,ERR,ERR,ERR,ERR,ERR,ERR,ERR,ERR,ERR,ERR,ERR,ERR,ERR,ERR,ERR,ERR,ERR,ERR,ERR,ERR,ERR,ERR,ERR,ERR,ERR,ERR,ERR,ERR,ERR,ERR,ERR,ERR,ERR,ERR,ERR,-107615184.0,-0.0,2.730229091603832e+23,0.0,0.0,-1.4135321486688256e+21,3337676128256.0,211382821715968.0,0,0,4,17332,7116,0.0,100,0.0,0.0,2.7183478752108883e+23,0.0,0.0,0,0,0,0,0.0,0,0,0,0,0,0,0,0,0,0,0,0,0,0,0,0,0,0,0,0,0,0,0,0,0,0,0,0,0,0,0,0,0,31,40,40,71,65476,0,300,0,0,8,21553,0.0,-107605600.0,0.0,0.0,0.0,0.0,0.0,0.0,0.0,0.0,0.0,0.0,0.0,0.0,0.0,0.0,0.0,0.0,0.0,0.0,0.0,0.0,-2.004,0.0,0.0,0.0,0.0,0.0,0.0,0.0,5089.0,0.0,6912.0,-107615184.0,-107616136.0,2.004,2.004,0.0,0.0,0.0,0.0,69,2.7184314620199723e+23,-0.0,0.0,0.0,0.0,0.0,0.0,0.0,0.0,0,0,0,0.0,0.0,0.0,0.0,0.0,0.0,0.0,0.0,0.0,0.0,0.0,0.0,0.0,0.0,0.0,0.0,0,-107875648.0,69,0.0,138,0.0,2.012,ERR,ERR,ERR,ERR,ERR,ERR,ERR,ERR,ERR,ERR,ERR,ERR,ERR,ERR,ERR,ERR,ERR,ERR,ERR,ERR,ERR,ERR,ERR,ERR,ERR,ERR,ERR,ERR,ERR,ERR,ERR,ERR,ERR,ERR,ERR,ERR,ERR,ERR,ERR,ERR,ERR,ERR,ERR,ERR,ERR,ERR,ERR,ERR,ERR,ERR,ERR,ERR,ERR,ERR,ERR,ERR,ERR,ERR,ERR,ERR,ERR,ERR,ERR,ERR,ERR,ERR,ERR,60.0,60.0,35,0.0,0.0,0.0,0.0,0.0,0.0,0.0,0.0,0.0,0.0,0.0,0.0,0.0,0.0,0.0,0.0,64.8,0,150,71,58,65476,0,65476,0,1,8,20529,65476,0,0,2621,60.0,0.0,0.0,0.0,0.0,0.0
2026-07-09T15:35:34,ERR,ERR,ERR,ERR,ERR,ERR,ERR,ERR,ERR,ERR,ERR,ERR,ERR,ERR,ERR,ERR,ERR,ERR,ERR,ERR,ERR,ERR,ERR,ERR,ERR,ERR,ERR,ERR,ERR,ERR,ERR,ERR,ERR,ERR,ERR,ERR,ERR,ERR,ERR,ERR,ERR,ERR,ERR,ERR,ERR,ERR,ERR,ERR,ERR,ERR,ERR,ERR,ERR,ERR,ERR,ERR,ERR,ERR,ERR,ERR,ERR,ERR,ERR,ERR,ERR,ERR,ERR,ERR,ERR,ERR,ERR,ERR,ERR,ERR,ERR,ERR,ERR,ERR,ERR,ERR,ERR,ERR,ERR,ERR,ERR,ERR,ERR,ERR,ERR,ERR,ERR,ERR,ERR,ERR,ERR,ERR,ERR,ERR,ERR,ERR,ERR,ERR,ERR,ERR,ERR,ERR,ERR,ERR,ERR,ERR,ERR,ERR,ERR,ERR,ERR,ERR,ERR,ERR,ERR,ERR,ERR,ERR,ERR,ERR,ERR,-107615184.0,-0.0,2.730229091603832e+23,0.0,0.0,-1.4135321486688256e+21,3337676128256.0,211382821715968.0,0,0,4,17332,7116,0.0,100,0.0,0.0,2.7183478752108883e+23,0.0,0.0,0,0,0,0,0.0,0,0,0,0,0,0,0,0,0,0,0,0,0,0,0,0,0,0,0,0,0,0,0,0,0,0,0,0,0,0,0,0,0,31,40,40,71,65476,0,300,0,0,8,21553,0.0,-107605600.0,0.0,0.0,0.0,0.0,0.0,0.0,0.0,0.0,0.0,0.0,0.0,0.0,0.0,0.0,0.0,0.0,0.0,0.0,0.0,0.0,-2.004,0.0,0.0,0.0,0.0,0.0,0.0,0.0,5089.0,0.0,6912.0,-107615184.0,-107616136.0,2.004,2.004,0.0,0.0,0.0,0.0,69,2.7184314620199723e+23,-0.0,0.0,0.0,0.0,0.0,0.0,0.0,0.0,0,0,0,0.0,0.0,0.0,0.0,0.0,0.0,0.0,0.0,0.0,0.0,0.0,0.0,0.0,0.0,0.0,0.0,0,-107875648.0,69,0.0,138,0.0,2.012,ERR,ERR,ERR,ERR,ERR,ERR,ERR,ERR,ERR,ERR,ERR,ERR,ERR,ERR,ERR,ERR,ERR,ERR,ERR,ERR,ERR,ERR,ERR,ERR,ERR,ERR,ERR,ERR,ERR,ERR,ERR,ERR,ERR,ERR,ERR,ERR,ERR,ERR,ERR,ERR,ERR,ERR,ERR,ERR,ERR,ERR,ERR,ERR,ERR,ERR,ERR,ERR,ERR,ERR,ERR,ERR,ERR,ERR,ERR,ERR,ERR,ERR,ERR,ERR,ERR,ERR,ERR,60.0,60.0,35,0.0,0.0,0.0,0.0,0.0,0.0,0.0,0.0,0.0,0.0,0.0,0.0,0.0,0.0,0.0,0.0,64.8,0,150,71,58,65476,0,65476,0,1,8,20529,65476,0,0,2621,60.0,0.0,0.0,0.0,0.0,0.0
2026-07-09T15:35:35,ERR,ERR,ERR,ERR,ERR,ERR,ERR,ERR,ERR,ERR,ERR,ERR,ERR,ERR,ERR,ERR,ERR,ERR,ERR,ERR,ERR,ERR,ERR,ERR,ERR,ERR,ERR,ERR,ERR,ERR,ERR,ERR,ERR,ERR,ERR,ERR,ERR,ERR,ERR,ERR,ERR,ERR,ERR,ERR,ERR,ERR,ERR,ERR,ERR,ERR,ERR,ERR,ERR,ERR,ERR,ERR,ERR,ERR,ERR,ERR,ERR,ERR,ERR,ERR,ERR,ERR,ERR,ERR,ERR,ERR,ERR,ERR,ERR,ERR,ERR,ERR,ERR,ERR,ERR,ERR,ERR,ERR,ERR,ERR,ERR,ERR,ERR,ERR,ERR,ERR,ERR,ERR,ERR,ERR,ERR,ERR,ERR,ERR,ERR,ERR,ERR,ERR,ERR,ERR,ERR,ERR,ERR,ERR,ERR,ERR,ERR,ERR,ERR,ERR,ERR,ERR,ERR,ERR,ERR,ERR,ERR,ERR,ERR,ERR,ERR,-107615184.0,-0.0,2.730229091603832e+23,0.0,0.0,-1.4135321486688256e+21,3337676128256.0,211382821715968.0,0,0,4,17332,7116,0.0,100,0.0,0.0,2.7183478752108883e+23,0.0,0.0,0,0,0,0,0.0,0,0,0,0,0,0,0,0,0,0,0,0,0,0,0,0,0,0,0,0,0,0,0,0,0,0,0,0,0,0,0,0,0,31,40,40,71,65476,0,300,0,0,8,21553,0.0,-107605600.0,0.0,0.0,0.0,0.0,0.0,0.0,0.0,0.0,0.0,0.0,0.0,0.0,0.0,0.0,0.0,0.0,0.0,0.0,0.0,0.0,-2.004,0.0,0.0,0.0,0.0,0.0,0.0,0.0,5089.0,0.0,6912.0,-107615184.0,-107616136.0,2.004,2.004,0.0,0.0,0.0,0.0,69,2.7184314620199723e+23,-0.0,0.0,0.0,0.0,0.0,0.0,0.0,0.0,0,0,0,0.0,0.0,0.0,0.0,0.0,0.0,0.0,0.0,0.0,0.0,0.0,0.0,0.0,0.0,0.0,0.0,0,-107875648.0,69,0.0,138,0.0,2.012,ERR,ERR,ERR,ERR,ERR,ERR,ERR,ERR,ERR,ERR,ERR,ERR,ERR,ERR,ERR,ERR,ERR,ERR,ERR,ERR,ERR,ERR,ERR,ERR,ERR,ERR,ERR,ERR,ERR,ERR,ERR,ERR,ERR,ERR,ERR,ERR,ERR,ERR,ERR,ERR,ERR,ERR,ERR,ERR,ERR,ERR,ERR,ERR,ERR,ERR,ERR,ERR,ERR,ERR,ERR,ERR,ERR,ERR,ERR,ERR,ERR,ERR,ERR,ERR,ERR,ERR,ERR,60.0,60.0,35,0.0,0.0,0.0,0.0,0.0,0.0,0.0,0.0,0.0,0.0,0.0,0.0,0.0,0.0,0.0,0.0,64.8,0,150,71,58,65476,0,65476,0,1,8,20529,65476,0,0,2621,60.0,0.0,0.0,0.0,0.0,0.0
2026-07-09T15:35:36,ERR,ERR,ERR,ERR,ERR,ERR,ERR,ERR,ERR,ERR,ERR,ERR,ERR,ERR,ERR,ERR,ERR,ERR,ERR,ERR,ERR,ERR,ERR,ERR,ERR,ERR,ERR,ERR,ERR,ERR,ERR,ERR,ERR,ERR,ERR,ERR,ERR,ERR,ERR,ERR,ERR,ERR,ERR,ERR,ERR,ERR,ERR,ERR,ERR,ERR,ERR,ERR,ERR,ERR,ERR,ERR,ERR,ERR,ERR,ERR,ERR,ERR,ERR,ERR,ERR,ERR,ERR,ERR,ERR,ERR,ERR,ERR,ERR,ERR,ERR,ERR,ERR,ERR,ERR,ERR,ERR,ERR,ERR,ERR,ERR,ERR,ERR,ERR,ERR,ERR,ERR,ERR,ERR,ERR,ERR,ERR,ERR,ERR,ERR,ERR,ERR,ERR,ERR,ERR,ERR,ERR,ERR,ERR,ERR,ERR,ERR,ERR,ERR,ERR,ERR,ERR,ERR,ERR,ERR,ERR,ERR,ERR,ERR,ERR,ERR,-107615184.0,-0.0,2.730229091603832e+23,0.0,0.0,-1.4135321486688256e+21,3337676128256.0,211382821715968.0,0,0,4,17332,7116,0.0,100,0.0,0.0,2.7183478752108883e+23,0.0,0.0,0,0,0,0,0.0,0,0,0,0,0,0,0,0,0,0,0,0,0,0,0,0,0,0,0,0,0,0,0,0,0,0,0,0,0,0,0,0,0,31,40,40,71,65476,0,300,0,0,8,21553,0.0,-107605600.0,0.0,0.0,0.0,0.0,0.0,0.0,0.0,0.0,0.0,0.0,0.0,0.0,0.0,0.0,0.0,0.0,0.0,0.0,0.0,0.0,-2.004,0.0,0.0,0.0,0.0,0.0,0.0,0.0,5089.0,0.0,6912.0,-107615184.0,-107616136.0,2.004,2.004,0.0,0.0,0.0,0.0,69,2.7184314620199723e+23,-0.0,0.0,0.0,0.0,0.0,0.0,0.0,0.0,0,0,0,0.0,0.0,0.0,0.0,0.0,0.0,0.0,0.0,0.0,0.0,0.0,0.0,0.0,0.0,0.0,0.0,0,-107875648.0,69,0.0,138,0.0,2.012,ERR,ERR,ERR,ERR,ERR,ERR,ERR,ERR,ERR,ERR,ERR,ERR,ERR,ERR,ERR,ERR,ERR,ERR,ERR,ERR,ERR,ERR,ERR,ERR,ERR,ERR,ERR,ERR,ERR,ERR,ERR,ERR,ERR,ERR,ERR,ERR,ERR,ERR,ERR,ERR,ERR,ERR,ERR,ERR,ERR,ERR,ERR,ERR,ERR,ERR,ERR,ERR,ERR,ERR,ERR,ERR,ERR,ERR,ERR,ERR,ERR,ERR,ERR,ERR,ERR,ERR,ERR,60.0,60.0,35,0.0,0.0,0.0,0.0,0.0,0.0,0.0,0.0,0.0,0.0,0.0,0.0,0.0,0.0,0.0,0.0,64.8,0,150,71,58,65476,0,65476,0,1,8,20529,65476,0,0,2621,60.0,0.0,0.0,0.0,0.0,0.0
2026-07-09T15:35:37,ERR,ERR,ERR,ERR,ERR,ERR,ERR,ERR,ERR,ERR,ERR,ERR,ERR,ERR,ERR,ERR,ERR,ERR,ERR,ERR,ERR,ERR,ERR,ERR,ERR,ERR,ERR,ERR,ERR,ERR,ERR,ERR,ERR,ERR,ERR,ERR,ERR,ERR,ERR,ERR,ERR,ERR,ERR,ERR,ERR,ERR,ERR,ERR,ERR,ERR,ERR,ERR,ERR,ERR,ERR,ERR,ERR,ERR,ERR,ERR,ERR,ERR,ERR,ERR,ERR,ERR,ERR,ERR,ERR,ERR,ERR,ERR,ERR,ERR,ERR,ERR,ERR,ERR,ERR,ERR,ERR,ERR,ERR,ERR,ERR,ERR,ERR,ERR,ERR,ERR,ERR,ERR,ERR,ERR,ERR,ERR,ERR,ERR,ERR,ERR,ERR,ERR,ERR,ERR,ERR,ERR,ERR,ERR,ERR,ERR,ERR,ERR,ERR,ERR,ERR,ERR,ERR,ERR,ERR,ERR,ERR,ERR,ERR,ERR,ERR,-107615184.0,-0.0,2.730229091603832e+23,0.0,0.0,-1.4135321486688256e+21,3337676128256.0,211382821715968.0,0,0,4,17332,7116,0.0,100,0.0,0.0,2.7183478752108883e+23,0.0,0.0,0,0,0,0,0.0,0,0,0,0,0,0,0,0,0,0,0,0,0,0,0,0,0,0,0,0,0,0,0,0,0,0,0,0,0,0,0,0,0,31,40,40,71,65476,0,300,0,0,8,21553,0.0,-107605600.0,0.0,0.0,0.0,0.0,0.0,0.0,0.0,0.0,0.0,0.0,0.0,0.0,0.0,0.0,0.0,0.0,0.0,0.0,0.0,0.0,-2.004,0.0,0.0,0.0,0.0,0.0,0.0,0.0,5089.0,0.0,6912.0,-107615184.0,-107616136.0,2.004,2.004,0.0,0.0,0.0,0.0,69,2.7184314620199723e+23,-0.0,0.0,0.0,0.0,0.0,0.0,0.0,0.0,0,0,0,0.0,0.0,0.0,0.0,0.0,0.0,0.0,0.0,0.0,0.0,0.0,0.0,0.0,0.0,0.0,0.0,0,-107875648.0,69,0.0,138,0.0,2.012,ERR,ERR,ERR,ERR,ERR,ERR,ERR,ERR,ERR,ERR,ERR,ERR,ERR,ERR,ERR,ERR,ERR,ERR,ERR,ERR,ERR,ERR,ERR,ERR,ERR,ERR,ERR,ERR,ERR,ERR,ERR,ERR,ERR,ERR,ERR,ERR,ERR,ERR,ERR,ERR,ERR,ERR,ERR,ERR,ERR,ERR,ERR,ERR,ERR,ERR,ERR,ERR,ERR,ERR,ERR,ERR,ERR,ERR,ERR,ERR,ERR,ERR,ERR,ERR,ERR,ERR,ERR,60.0,60.0,35,0.0,0.0,0.0,0.0,0.0,0.0,0.0,0.0,0.0,0.0,0.0,0.0,0.0,0.0,0.0,0.0,64.8,0,150,71,58,65476,0,65476,0,1,8,20529,65476,0,0,2621,60.0,0.0,0.0,0.0,0.0,0.0
2026-07-09T15:35:38,ERR,ERR,ERR,ERR,ERR,ERR,ERR,ERR,ERR,ERR,ERR,ERR,ERR,ERR,ERR,ERR,ERR,ERR,ERR,ERR,ERR,ERR,ERR,ERR,ERR,ERR,ERR,ERR,ERR,ERR,ERR,ERR,ERR,ERR,ERR,ERR,ERR,ERR,ERR,ERR,ERR,ERR,ERR,ERR,ERR,ERR,ERR,ERR,ERR,ERR,ERR,ERR,ERR,ERR,ERR,ERR,ERR,ERR,ERR,ERR,ERR,ERR,ERR,ERR,ERR,ERR,ERR,ERR,ERR,ERR,ERR,ERR,ERR,ERR,ERR,ERR,ERR,ERR,ERR,ERR,ERR,ERR,ERR,ERR,ERR,ERR,ERR,ERR,ERR,ERR,ERR,ERR,ERR,ERR,ERR,ERR,ERR,ERR,ERR,ERR,ERR,ERR,ERR,ERR,ERR,ERR,ERR,ERR,ERR,ERR,ERR,ERR,ERR,ERR,ERR,ERR,ERR,ERR,ERR,ERR,ERR,ERR,ERR,ERR,ERR,-107615184.0,0.0,0.0,2.7183478752108883e+23,8.525800119497236e+37,410123.188,-2770740183040.0,-0.0,0,0,4,17330,7116,0.0,100,0.0,0.0,2.7183478752108883e+23,0.0,0.0,0,0,0,0,0.0,0,0,0,0,0,0,0,0,0,0,0,0,0,0,0,0,0,0,0,0,0,0,0,0,0,0,0,0,0,0,0,0,0,31,40,40,71,65476,0,300,0,0,8,21553,0.0,-107605600.0,0.0,0.0,0.0,0.0,0.0,0.0,0.0,0.0,0.0,0.0,0.0,0.0,0.0,0.0,0.0,0.0,0.0,0.0,0.0,0.0,-2.004,2.004,0.0,0.0,0.0,0.0,0.0,0.0,5063.0,-2.422988480993034e+24,6941.0,-107615184.0,0.0,2.004,2.004,0.0,0.0,0.0,0.0,69,-0.0,1.9056864381632512e+17,0.0,0.0,0.0,0.0,0.0,0.0,0.0,0,0,0,0.0,0.0,0.0,0.0,0.0,0.0,0.0,0.0,0.0,0.0,0.0,0.0,0.0,0.0,0.0,0.0,0,-107875648.0,69,0.0,138,0.0,2.012,ERR,ERR,ERR,ERR,ERR,ERR,ERR,ERR,ERR,ERR,ERR,ERR,ERR,ERR,ERR,ERR,ERR,ERR,ERR,ERR,ERR,ERR,ERR,ERR,ERR,ERR,ERR,ERR,ERR,ERR,ERR,ERR,ERR,ERR,ERR,ERR,ERR,ERR,ERR,ERR,ERR,ERR,ERR,ERR,ERR,ERR,ERR,ERR,ERR,ERR,ERR,ERR,ERR,ERR,ERR,ERR,ERR,ERR,ERR,ERR,ERR,ERR,ERR,ERR,ERR,ERR,ERR,60.0,60.0,35,0.0,0.0,0.0,0.0,0.0,0.0,0.0,0.0,0.0,0.0,0.0,0.0,0.0,0.0,0.0,0.0,64.8,0,150,71,58,65476,0,65476,0,1,8,20529,65476,0,0,2621,60.0,0.0,0.0,0.0,0.0,0.0
2026-07-09T15:35:39,ERR,ERR,ERR,ERR,ERR,ERR,ERR,ERR,ERR,ERR,ERR,ERR,ERR,ERR,ERR,ERR,ERR,ERR,ERR,ERR,ERR,ERR,ERR,ERR,ERR,ERR,ERR,ERR,ERR,ERR,ERR,ERR,ERR,ERR,ERR,ERR,ERR,ERR,ERR,ERR,ERR,ERR,ERR,ERR,ERR,ERR,ERR,ERR,ERR,ERR,ERR,ERR,ERR,ERR,ERR,ERR,ERR,ERR,ERR,ERR,ERR,ERR,ERR,ERR,ERR,ERR,ERR,ERR,ERR,ERR,ERR,ERR,ERR,ERR,ERR,ERR,ERR,ERR,ERR,ERR,ERR,ERR,ERR,ERR,ERR,ERR,ERR,ERR,ERR,ERR,ERR,ERR,ERR,ERR,ERR,ERR,ERR,ERR,ERR,ERR,ERR,ERR,ERR,ERR,ERR,ERR,ERR,ERR,ERR,ERR,ERR,ERR,ERR,ERR,ERR,ERR,ERR,ERR,ERR,ERR,ERR,ERR,ERR,ERR,ERR,-107615184.0,0.0,0.0,2.7183478752108883e+23,8.525800119497236e+37,410123.188,-2770740183040.0,-0.0,0,0,4,17330,7116,0.0,100,0.0,0.0,2.7183478752108883e+23,0.0,0.0,0,0,0,0,0.0,0,0,0,0,0,0,0,0,0,0,0,0,0,0,0,0,0,0,0,0,0,0,0,0,0,0,0,0,0,0,0,0,0,31,40,40,71,65476,0,300,0,0,8,21553,0.0,-107605600.0,0.0,0.0,0.0,0.0,0.0,0.0,0.0,0.0,0.0,0.0,0.0,0.0,0.0,0.0,0.0,0.0,0.0,0.0,0.0,0.0,-2.004,2.004,0.0,0.0,0.0,0.0,0.0,0.0,5063.0,-2.422988480993034e+24,6941.0,-107615184.0,0.0,2.004,2.004,0.0,0.0,0.0,0.0,69,-0.0,1.9056864381632512e+17,0.0,0.0,0.0,0.0,0.0,0.0,0.0,0,0,0,0.0,0.0,0.0,0.0,0.0,0.0,0.0,0.0,0.0,0.0,0.0,0.0,0.0,0.0,0.0,0.0,0,-107875648.0,69,0.0,138,0.0,2.012,ERR,ERR,ERR,ERR,ERR,ERR,ERR,ERR,ERR,ERR,ERR,ERR,ERR,ERR,ERR,ERR,ERR,ERR,ERR,ERR,ERR,ERR,ERR,ERR,ERR,ERR,ERR,ERR,ERR,ERR,ERR,ERR,ERR,ERR,ERR,ERR,ERR,ERR,ERR,ERR,ERR,ERR,ERR,ERR,ERR,ERR,ERR,ERR,ERR,ERR,ERR,ERR,ERR,ERR,ERR,ERR,ERR,ERR,ERR,ERR,ERR,ERR,ERR,ERR,ERR,ERR,ERR,60.0,60.0,35,0.0,0.0,0.0,0.0,0.0,0.0,0.0,0.0,0.0,0.0,0.0,0.0,0.0,0.0,0.0,0.0,64.8,0,150,71,58,65476,0,65476,0,1,8,20529,65476,0,0,2621,60.0,0.0,0.0,0.0,0.0,0.0
2026-07-09T15:35:40,ERR,ERR,ERR,ERR,ERR,ERR,ERR,ERR,ERR,ERR,ERR,ERR,ERR,ERR,ERR,ERR,ERR,ERR,ERR,ERR,ERR,ERR,ERR,ERR,ERR,ERR,ERR,ERR,ERR,ERR,ERR,ERR,ERR,ERR,ERR,ERR,ERR,ERR,ERR,ERR,ERR,ERR,ERR,ERR,ERR,ERR,ERR,ERR,ERR,ERR,ERR,ERR,ERR,ERR,ERR,ERR,ERR,ERR,ERR,ERR,ERR,ERR,ERR,ERR,ERR,ERR,ERR,ERR,ERR,ERR,ERR,ERR,ERR,ERR,ERR,ERR,ERR,ERR,ERR,ERR,ERR,ERR,ERR,ERR,ERR,ERR,ERR,ERR,ERR,ERR,ERR,ERR,ERR,ERR,ERR,ERR,ERR,ERR,ERR,ERR,ERR,ERR,ERR,ERR,ERR,ERR,ERR,ERR,ERR,ERR,ERR,ERR,ERR,ERR,ERR,ERR,ERR,ERR,ERR,ERR,ERR,ERR,ERR,ERR,ERR,-107615184.0,0.0,0.0,2.7183478752108883e+23,8.525800119497236e+37,410123.188,-2770740183040.0,-0.0,0,0,4,17330,7116,0.0,100,0.0,0.0,2.7183478752108883e+23,0.0,0.0,0,0,0,0,0.0,0,0,0,0,0,0,0,0,0,0,0,0,0,0,0,0,0,0,0,0,0,0,0,0,0,0,0,0,0,0,0,0,0,31,40,40,71,65476,0,300,0,0,8,21553,0.0,-107605600.0,0.0,0.0,0.0,0.0,0.0,0.0,0.0,0.0,0.0,0.0,0.0,0.0,0.0,0.0,0.0,0.0,0.0,0.0,0.0,0.0,-2.004,2.004,0.0,0.0,0.0,0.0,0.0,0.0,5063.0,-2.422988480993034e+24,6941.0,-107615184.0,0.0,2.004,2.004,0.0,0.0,0.0,0.0,69,-0.0,1.9056864381632512e+17,0.0,0.0,0.0,0.0,0.0,0.0,0.0,0,0,0,0.0,0.0,0.0,0.0,0.0,0.0,0.0,0.0,0.0,0.0,0.0,0.0,0.0,0.0,0.0,0.0,0,-107875648.0,69,0.0,138,0.0,2.012,ERR,ERR,ERR,ERR,ERR,ERR,ERR,ERR,ERR,ERR,ERR,ERR,ERR,ERR,ERR,ERR,ERR,ERR,ERR,ERR,ERR,ERR,ERR,ERR,ERR,ERR,ERR,ERR,ERR,ERR,ERR,ERR,ERR,ERR,ERR,ERR,ERR,ERR,ERR,ERR,ERR,ERR,ERR,ERR,ERR,ERR,ERR,ERR,ERR,ERR,ERR,ERR,ERR,ERR,ERR,ERR,ERR,ERR,ERR,ERR,ERR,ERR,ERR,ERR,ERR,ERR,ERR,60.0,60.0,35,0.0,0.0,0.0,0.0,0.0,0.0,0.0,0.0,0.0,0.0,0.0,0.0,0.0,0.0,0.0,0.0,64.8,0,150,71,58,65476,0,65476,0,1,8,20529,65476,0,0,2621,60.0,0.0,0.0,0.0,0.0,0.0
2026-07-09T15:35:41,ERR,ERR,ERR,ERR,ERR,ERR,ERR,ERR,ERR,ERR,ERR,ERR,ERR,ERR,ERR,ERR,ERR,ERR,ERR,ERR,ERR,ERR,ERR,ERR,ERR,ERR,ERR,ERR,ERR,ERR,ERR,ERR,ERR,ERR,ERR,ERR,ERR,ERR,ERR,ERR,ERR,ERR,ERR,ERR,ERR,ERR,ERR,ERR,ERR,ERR,ERR,ERR,ERR,ERR,ERR,ERR,ERR,ERR,ERR,ERR,ERR,ERR,ERR,ERR,ERR,ERR,ERR,ERR,ERR,ERR,ERR,ERR,ERR,ERR,ERR,ERR,ERR,ERR,ERR,ERR,ERR,ERR,ERR,ERR,ERR,ERR,ERR,ERR,ERR,ERR,ERR,ERR,ERR,ERR,ERR,ERR,ERR,ERR,ERR,ERR,ERR,ERR,ERR,ERR,ERR,ERR,ERR,ERR,ERR,ERR,ERR,ERR,ERR,ERR,ERR,ERR,ERR,ERR,ERR,ERR,ERR,ERR,ERR,ERR,ERR,-107615184.0,0.0,0.0,2.7183478752108883e+23,8.525800119497236e+37,410123.188,-2770740183040.0,-0.0,0,0,4,17330,7116,0.0,100,0.0,0.0,2.7183478752108883e+23,0.0,0.0,0,0,0,0,0.0,0,0,0,0,0,0,0,0,0,0,0,0,0,0,0,0,0,0,0,0,0,0,0,0,0,0,0,0,0,0,0,0,0,31,40,40,71,65476,0,300,0,0,8,21553,0.0,-107605600.0,0.0,0.0,0.0,0.0,0.0,0.0,0.0,0.0,0.0,0.0,0.0,0.0,0.0,0.0,0.0,0.0,0.0,0.0,0.0,0.0,-2.004,2.004,0.0,0.0,0.0,0.0,0.0,0.0,5063.0,-2.422988480993034e+24,6941.0,-107615184.0,0.0,2.004,2.004,0.0,0.0,0.0,0.0,69,-0.0,1.9056864381632512e+17,0.0,0.0,0.0,0.0,0.0,0.0,0.0,0,0,0,0.0,0.0,0.0,0.0,0.0,0.0,0.0,0.0,0.0,0.0,0.0,0.0,0.0,0.0,0.0,0.0,0,-107875648.0,69,0.0,138,0.0,2.012,ERR,ERR,ERR,ERR,ERR,ERR,ERR,ERR,ERR,ERR,ERR,ERR,ERR,ERR,ERR,ERR,ERR,ERR,ERR,ERR,ERR,ERR,ERR,ERR,ERR,ERR,ERR,ERR,ERR,ERR,ERR,ERR,ERR,ERR,ERR,ERR,ERR,ERR,ERR,ERR,ERR,ERR,ERR,ERR,ERR,ERR,ERR,ERR,ERR,ERR,ERR,ERR,ERR,ERR,ERR,ERR,ERR,ERR,ERR,ERR,ERR,ERR,ERR,ERR,ERR,ERR,ERR,60.0,60.0,35,0.0,0.0,0.0,0.0,0.0,0.0,0.0,0.0,0.0,0.0,0.0,0.0,0.0,0.0,0.0,0.0,64.8,0,150,71,58,65476,0,65476,0,1,8,20529,65476,0,0,2621,60.0,0.0,0.0,0.0,0.0,0.0
2026-07-09T15:35:42,ERR,ERR,ERR,ERR,ERR,ERR,ERR,ERR,ERR,ERR,ERR,ERR,ERR,ERR,ERR,ERR,ERR,ERR,ERR,ERR,ERR,ERR,ERR,ERR,ERR,ERR,ERR,ERR,ERR,ERR,ERR,ERR,ERR,ERR,ERR,ERR,ERR,ERR,ERR,ERR,ERR,ERR,ERR,ERR,ERR,ERR,ERR,ERR,ERR,ERR,ERR,ERR,ERR,ERR,ERR,ERR,ERR,ERR,ERR,ERR,ERR,ERR,ERR,ERR,ERR,ERR,ERR,ERR,ERR,ERR,ERR,ERR,ERR,ERR,ERR,ERR,ERR,ERR,ERR,ERR,ERR,ERR,ERR,ERR,ERR,ERR,ERR,ERR,ERR,ERR,ERR,ERR,ERR,ERR,ERR,ERR,ERR,ERR,ERR,ERR,ERR,ERR,ERR,ERR,ERR,ERR,ERR,ERR,ERR,ERR,ERR,ERR,ERR,ERR,ERR,ERR,ERR,ERR,ERR,ERR,ERR,ERR,ERR,ERR,ERR,-107615184.0,0.0,0.0,2.7183478752108883e+23,8.525800119497236e+37,410123.188,-2770740183040.0,-0.0,0,0,4,17330,7116,0.0,100,0.0,0.0,2.7183478752108883e+23,0.0,0.0,0,0,0,0,0.0,0,0,0,0,0,0,0,0,0,0,0,0,0,0,0,0,0,0,0,0,0,0,0,0,0,0,0,0,0,0,0,0,0,31,40,40,71,65476,0,300,0,0,8,21553,0.0,-107605600.0,0.0,0.0,0.0,0.0,0.0,0.0,0.0,0.0,0.0,0.0,0.0,0.0,0.0,0.0,0.0,0.0,0.0,0.0,0.0,0.0,-2.004,2.004,0.0,0.0,0.0,0.0,0.0,0.0,5063.0,-2.422988480993034e+24,6941.0,-107615184.0,0.0,2.004,2.004,0.0,0.0,0.0,0.0,69,-0.0,1.9056864381632512e+17,0.0,0.0,0.0,0.0,0.0,0.0,0.0,0,0,0,0.0,0.0,0.0,0.0,0.0,0.0,0.0,0.0,0.0,0.0,0.0,0.0,0.0,0.0,0.0,0.0,0,-107875648.0,69,0.0,138,0.0,2.012,ERR,ERR,ERR,ERR,ERR,ERR,ERR,ERR,ERR,ERR,ERR,ERR,ERR,ERR,ERR,ERR,ERR,ERR,ERR,ERR,ERR,ERR,ERR,ERR,ERR,ERR,ERR,ERR,ERR,ERR,ERR,ERR,ERR,ERR,ERR,ERR,ERR,ERR,ERR,ERR,ERR,ERR,ERR,ERR,ERR,ERR,ERR,ERR,ERR,ERR,ERR,ERR,ERR,ERR,ERR,ERR,ERR,ERR,ERR,ERR,ERR,ERR,ERR,ERR,ERR,ERR,ERR,60.0,60.0,35,0.0,0.0,0.0,0.0,0.0,0.0,0.0,0.0,0.0,0.0,0.0,0.0,0.0,0.0,0.0,0.0,65.2,0,150,71,58,65476,0,65476,0,1,8,20529,65476,0,0,2621,60.0,0.0,0.0,0.0,0.0,0.0
2026-07-09T15:35:43,ERR,ERR,ERR,ERR,ERR,ERR,ERR,ERR,ERR,ERR,ERR,ERR,ERR,ERR,ERR,ERR,ERR,ERR,ERR,ERR,ERR,ERR,ERR,ERR,ERR,ERR,ERR,ERR,ERR,ERR,ERR,ERR,ERR,ERR,ERR,ERR,ERR,ERR,ERR,ERR,ERR,ERR,ERR,ERR,ERR,ERR,ERR,ERR,ERR,ERR,ERR,ERR,ERR,ERR,ERR,ERR,ERR,ERR,ERR,ERR,ERR,ERR,ERR,ERR,ERR,ERR,ERR,ERR,ERR,ERR,ERR,ERR,ERR,ERR,ERR,ERR,ERR,ERR,ERR,ERR,ERR,ERR,ERR,ERR,ERR,ERR,ERR,ERR,ERR,ERR,ERR,ERR,ERR,ERR,ERR,ERR,ERR,ERR,ERR,ERR,ERR,ERR,ERR,ERR,ERR,ERR,ERR,ERR,ERR,ERR,ERR,ERR,ERR,ERR,ERR,ERR,ERR,ERR,ERR,ERR,ERR,ERR,ERR,ERR,ERR,-107615184.0,0.0,-0.0,0.0,0.0,-2.7838488518013747e+17,1.494591649898885e+35,-1.541,0,0,4,17333,7116,0.0,100,0.0,0.0,0.0,0.0,0.0,0,0,0,0,0.0,0,0,0,0,0,0,0,0,0,0,0,0,0,0,0,0,0,0,0,0,0,0,0,0,0,0,0,0,0,0,0,0,0,31,40,40,71,65476,0,300,0,0,8,21553,0.0,-107605600.0,0.0,0.0,0.0,0.0,0.0,0.0,0.0,0.0,0.0,0.0,0.0,0.0,0.0,0.0,0.0,0.0,0.0,0.0,0.0,0.0,-0.0,3.697071344610758e+19,0.0,0.0,0.0,0.0,0.0,0.0,5064.0,-0.0,6934.0,2.7184264179883896e+23,0.0,2.004,2.004,0.0,0.0,0.0,0.0,69,-0.0,0.0,0.0,0.0,0.0,0.0,0.0,0.0,0.0,0,0,0,0.0,0.0,0.0,0.0,0.0,0.0,0.0,0.0,0.0,0.0,0.0,0.0,0.0,0.0,0.0,0.0,0,-107875648.0,69,0.0,138,0.0,2.012,ERR,ERR,ERR,ERR,ERR,ERR,ERR,ERR,ERR,ERR,ERR,ERR,ERR,ERR,ERR,ERR,ERR,ERR,ERR,ERR,ERR,ERR,ERR,ERR,ERR,ERR,ERR,ERR,ERR,ERR,ERR,ERR,ERR,ERR,ERR,ERR,ERR,ERR,ERR,ERR,ERR,ERR,ERR,ERR,ERR,ERR,ERR,ERR,ERR,ERR,ERR,ERR,ERR,ERR,ERR,ERR,ERR,ERR,ERR,ERR,ERR,ERR,ERR,ERR,ERR,ERR,ERR,60.0,60.0,35,0.0,0.0,0.0,0.0,0.0,0.0,0.0,0.0,0.0,0.0,0.0,0.0,0.0,0.0,0.0,0.0,65.2,0,150,71,58,65476,0,65476,0,1,8,20529,65476,0,0,2621,60.0,0.0,0.0,0.0,0.0,0.0
2026-07-09T15:35:44,ERR,ERR,ERR,ERR,ERR,ERR,ERR,ERR,ERR,ERR,ERR,ERR,ERR,ERR,ERR,ERR,ERR,ERR,ERR,ERR,ERR,ERR,ERR,ERR,ERR,ERR,ERR,ERR,ERR,ERR,ERR,ERR,ERR,ERR,ERR,ERR,ERR,ERR,ERR,ERR,ERR,ERR,ERR,ERR,ERR,ERR,ERR,ERR,ERR,ERR,ERR,ERR,ERR,ERR,ERR,ERR,ERR,ERR,ERR,ERR,ERR,ERR,ERR,ERR,ERR,ERR,ERR,ERR,ERR,ERR,ERR,ERR,ERR,ERR,ERR,ERR,ERR,ERR,ERR,ERR,ERR,ERR,ERR,ERR,ERR,ERR,ERR,ERR,ERR,ERR,ERR,ERR,ERR,ERR,ERR,ERR,ERR,ERR,ERR,ERR,ERR,ERR,ERR,ERR,ERR,ERR,ERR,ERR,ERR,ERR,ERR,ERR,ERR,ERR,ERR,ERR,ERR,ERR,ERR,ERR,ERR,ERR,ERR,ERR,ERR,-107615184.0,0.0,-0.0,0.0,0.0,-2.7838488518013747e+17,1.494591649898885e+35,-1.541,0,0,4,17333,7116,0.0,100,0.0,0.0,0.0,0.0,0.0,0,0,0,0,0.0,0,0,0,0,0,0,0,0,0,0,0,0,0,0,0,0,0,0,0,0,0,0,0,0,0,0,0,0,0,0,0,0,0,31,40,40,71,65476,0,300,0,0,8,21553,0.0,-107605600.0,0.0,0.0,0.0,0.0,0.0,0.0,0.0,0.0,0.0,0.0,0.0,0.0,0.0,0.0,0.0,0.0,0.0,0.0,0.0,0.0,-0.0,3.697071344610758e+19,0.0,0.0,0.0,0.0,0.0,0.0,5064.0,-0.0,6934.0,2.7184264179883896e+23,0.0,2.004,2.004,0.0,0.0,0.0,0.0,69,-0.0,0.0,0.0,0.0,0.0,0.0,0.0,0.0,0.0,0,0,0,0.0,0.0,0.0,0.0,0.0,0.0,0.0,0.0,0.0,0.0,0.0,0.0,0.0,0.0,0.0,0.0,0,-107875648.0,69,0.0,138,0.0,2.012,ERR,ERR,ERR,ERR,ERR,ERR,ERR,ERR,ERR,ERR,ERR,ERR,ERR,ERR,ERR,ERR,ERR,ERR,ERR,ERR,ERR,ERR,ERR,ERR,ERR,ERR,ERR,ERR,ERR,ERR,ERR,ERR,ERR,ERR,ERR,ERR,ERR,ERR,ERR,ERR,ERR,ERR,ERR,ERR,ERR,ERR,ERR,ERR,ERR,ERR,ERR,ERR,ERR,ERR,ERR,ERR,ERR,ERR,ERR,ERR,ERR,ERR,ERR,ERR,ERR,ERR,ERR,60.0,60.0,35,0.0,0.0,0.0,0.0,0.0,0.0,0.0,0.0,0.0,0.0,0.0,0.0,0.0,0.0,0.0,0.0,64.8,0,150,71,58,65476,0,65476,0,1,8,20529,65476,0,0,2621,60.0,0.0,0.0,0.0,0.0,0.0
2026-07-09T15:35:45,ERR,ERR,ERR,ERR,ERR,ERR,ERR,ERR,ERR,ERR,ERR,ERR,ERR,ERR,ERR,ERR,ERR,ERR,ERR,ERR,ERR,ERR,ERR,ERR,ERR,ERR,ERR,ERR,ERR,ERR,ERR,ERR,ERR,ERR,ERR,ERR,ERR,ERR,ERR,ERR,ERR,ERR,ERR,ERR,ERR,ERR,ERR,ERR,ERR,ERR,ERR,ERR,ERR,ERR,ERR,ERR,ERR,ERR,ERR,ERR,ERR,ERR,ERR,ERR,ERR,ERR,ERR,ERR,ERR,ERR,ERR,ERR,ERR,ERR,ERR,ERR,ERR,ERR,ERR,ERR,ERR,ERR,ERR,ERR,ERR,ERR,ERR,ERR,ERR,ERR,ERR,ERR,ERR,ERR,ERR,ERR,ERR,ERR,ERR,ERR,ERR,ERR,ERR,ERR,ERR,ERR,ERR,ERR,ERR,ERR,ERR,ERR,ERR,ERR,ERR,ERR,ERR,ERR,ERR,ERR,ERR,ERR,ERR,ERR,ERR,-107615184.0,0.0,-0.0,0.0,0.0,-2.7838488518013747e+17,1.494591649898885e+35,-1.541,0,0,4,17333,7116,0.0,100,0.0,0.0,0.0,0.0,0.0,0,0,0,0,0.0,0,0,0,0,0,0,0,0,0,0,0,0,0,0,0,0,0,0,0,0,0,0,0,0,0,0,0,0,0,0,0,0,0,31,40,40,71,65476,0,300,0,0,8,21553,0.0,-107605600.0,0.0,0.0,0.0,0.0,0.0,0.0,0.0,0.0,0.0,0.0,0.0,0.0,0.0,0.0,0.0,0.0,0.0,0.0,0.0,0.0,-0.0,3.697071344610758e+19,0.0,0.0,0.0,0.0,0.0,0.0,5064.0,-0.0,6934.0,2.7184264179883896e+23,0.0,2.004,2.004,0.0,0.0,0.0,0.0,69,-0.0,0.0,0.0,0.0,0.0,0.0,0.0,0.0,0.0,0,0,0,0.0,0.0,0.0,0.0,0.0,0.0,0.0,0.0,0.0,0.0,0.0,0.0,0.0,0.0,0.0,0.0,0,-107875648.0,69,0.0,138,0.0,2.012,ERR,ERR,ERR,ERR,ERR,ERR,ERR,ERR,ERR,ERR,ERR,ERR,ERR,ERR,ERR,ERR,ERR,ERR,ERR,ERR,ERR,ERR,ERR,ERR,ERR,ERR,ERR,ERR,ERR,ERR,ERR,ERR,ERR,ERR,ERR,ERR,ERR,ERR,ERR,ERR,ERR,ERR,ERR,ERR,ERR,ERR,ERR,ERR,ERR,ERR,ERR,ERR,ERR,ERR,ERR,ERR,ERR,ERR,ERR,ERR,ERR,ERR,ERR,ERR,ERR,ERR,ERR,60.0,60.0,35,0.0,0.0,0.0,0.0,0.0,0.0,0.0,0.0,0.0,0.0,0.0,0.0,0.0,0.0,0.0,0.0,64.8,0,150,71,58,65476,0,65476,0,1,8,20529,65476,0,0,2621,60.0,0.0,0.0,0.0,0.0,0.0
2026-07-09T15:35:46,ERR,ERR,ERR,ERR,ERR,ERR,ERR,ERR,ERR,ERR,ERR,ERR,ERR,ERR,ERR,ERR,ERR,ERR,ERR,ERR,ERR,ERR,ERR,ERR,ERR,ERR,ERR,ERR,ERR,ERR,ERR,ERR,ERR,ERR,ERR,ERR,ERR,ERR,ERR,ERR,ERR,ERR,ERR,ERR,ERR,ERR,ERR,ERR,ERR,ERR,ERR,ERR,ERR,ERR,ERR,ERR,ERR,ERR,ERR,ERR,ERR,ERR,ERR,ERR,ERR,ERR,ERR,ERR,ERR,ERR,ERR,ERR,ERR,ERR,ERR,ERR,ERR,ERR,ERR,ERR,ERR,ERR,ERR,ERR,ERR,ERR,ERR,ERR,ERR,ERR,ERR,ERR,ERR,ERR,ERR,ERR,ERR,ERR,ERR,ERR,ERR,ERR,ERR,ERR,ERR,ERR,ERR,ERR,ERR,ERR,ERR,ERR,ERR,ERR,ERR,ERR,ERR,ERR,ERR,ERR,ERR,ERR,ERR,ERR,ERR,-107615184.0,0.0,-0.0,0.0,0.0,-2.7838488518013747e+17,1.494591649898885e+35,-1.541,0,0,4,17333,7116,0.0,100,0.0,0.0,0.0,0.0,0.0,0,0,0,0,0.0,0,0,0,0,0,0,0,0,0,0,0,0,0,0,0,0,0,0,0,0,0,0,0,0,0,0,0,0,0,0,0,0,0,31,40,40,71,65476,0,300,0,0,8,21553,0.0,-107605600.0,0.0,0.0,0.0,0.0,0.0,0.0,0.0,0.0,0.0,0.0,0.0,0.0,0.0,0.0,0.0,0.0,0.0,0.0,0.0,0.0,-0.0,3.697071344610758e+19,0.0,0.0,0.0,0.0,0.0,0.0,5064.0,-0.0,6934.0,2.7184264179883896e+23,0.0,2.004,2.004,0.0,0.0,0.0,0.0,69,-0.0,0.0,0.0,0.0,0.0,0.0,0.0,0.0,0.0,0,0,0,0.0,0.0,0.0,0.0,0.0,0.0,0.0,0.0,0.0,0.0,0.0,0.0,0.0,0.0,0.0,0.0,0,-107875648.0,69,0.0,138,0.0,2.012,ERR,ERR,ERR,ERR,ERR,ERR,ERR,ERR,ERR,ERR,ERR,ERR,ERR,ERR,ERR,ERR,ERR,ERR,ERR,ERR,ERR,ERR,ERR,ERR,ERR,ERR,ERR,ERR,ERR,ERR,ERR,ERR,ERR,ERR,ERR,ERR,ERR,ERR,ERR,ERR,ERR,ERR,ERR,ERR,ERR,ERR,ERR,ERR,ERR,ERR,ERR,ERR,ERR,ERR,ERR,ERR,ERR,ERR,ERR,ERR,ERR,ERR,ERR,ERR,ERR,ERR,ERR,60.0,60.0,35,0.0,0.0,0.0,0.0,0.0,0.0,0.0,0.0,0.0,0.0,0.0,0.0,0.0,0.0,0.0,0.0,64.8,0,150,71,58,65476,0,65476,0,1,8,20529,65476,0,0,2621,60.0,0.0,0.0,0.0,0.0,0.0
2026-07-09T15:35:47,ERR,ERR,ERR,ERR,ERR,ERR,ERR,ERR,ERR,ERR,ERR,ERR,ERR,ERR,ERR,ERR,ERR,ERR,ERR,ERR,ERR,ERR,ERR,ERR,ERR,ERR,ERR,ERR,ERR,ERR,ERR,ERR,ERR,ERR,ERR,ERR,ERR,ERR,ERR,ERR,ERR,ERR,ERR,ERR,ERR,ERR,ERR,ERR,ERR,ERR,ERR,ERR,ERR,ERR,ERR,ERR,ERR,ERR,ERR,ERR,ERR,ERR,ERR,ERR,ERR,ERR,ERR,ERR,ERR,ERR,ERR,ERR,ERR,ERR,ERR,ERR,ERR,ERR,ERR,ERR,ERR,ERR,ERR,ERR,ERR,ERR,ERR,ERR,ERR,ERR,ERR,ERR,ERR,ERR,ERR,ERR,ERR,ERR,ERR,ERR,ERR,ERR,ERR,ERR,ERR,ERR,ERR,ERR,ERR,ERR,ERR,ERR,ERR,ERR,ERR,ERR,ERR,ERR,ERR,ERR,ERR,ERR,ERR,ERR,ERR,-107615184.0,0.0,-0.0,0.0,0.0,-2.7838488518013747e+17,1.494591649898885e+35,-1.541,0,0,4,17333,7116,0.0,100,0.0,0.0,0.0,0.0,0.0,0,0,0,0,0.0,0,0,0,0,0,0,0,0,0,0,0,0,0,0,0,0,0,0,0,0,0,0,0,0,0,0,0,0,0,0,0,0,0,31,40,40,71,65476,0,300,0,0,8,21553,0.0,-107605600.0,0.0,0.0,0.0,0.0,0.0,0.0,0.0,0.0,0.0,0.0,0.0,0.0,0.0,0.0,0.0,0.0,0.0,0.0,0.0,0.0,-0.0,3.697071344610758e+19,0.0,0.0,0.0,0.0,0.0,0.0,5064.0,-0.0,6934.0,2.7184264179883896e+23,0.0,2.004,2.004,0.0,0.0,0.0,0.0,69,-0.0,0.0,0.0,0.0,0.0,0.0,0.0,0.0,0.0,0,0,0,0.0,0.0,0.0,0.0,0.0,0.0,0.0,0.0,0.0,0.0,0.0,0.0,0.0,0.0,0.0,0.0,0,-107875648.0,69,0.0,138,0.0,2.012,ERR,ERR,ERR,ERR,ERR,ERR,ERR,ERR,ERR,ERR,ERR,ERR,ERR,ERR,ERR,ERR,ERR,ERR,ERR,ERR,ERR,ERR,ERR,ERR,ERR,ERR,ERR,ERR,ERR,ERR,ERR,ERR,ERR,ERR,ERR,ERR,ERR,ERR,ERR,ERR,ERR,ERR,ERR,ERR,ERR,ERR,ERR,ERR,ERR,ERR,ERR,ERR,ERR,ERR,ERR,ERR,ERR,ERR,ERR,ERR,ERR,ERR,ERR,ERR,ERR,ERR,ERR,60.0,60.0,35,0.0,0.0,0.0,0.0,0.0,0.0,0.0,0.0,0.0,0.0,0.0,0.0,0.0,0.0,0.0,0.0,64.8,0,150,71,58,65476,0,65476,0,1,8,20529,65476,0,0,2621,60.0,0.0,0.0,0.0,0.0,0.0
2026-07-09T15:35:48,ERR,ERR,ERR,ERR,ERR,ERR,ERR,ERR,ERR,ERR,ERR,ERR,ERR,ERR,ERR,ERR,ERR,ERR,ERR,ERR,ERR,ERR,ERR,ERR,ERR,ERR,ERR,ERR,ERR,ERR,ERR,ERR,ERR,ERR,ERR,ERR,ERR,ERR,ERR,ERR,ERR,ERR,ERR,ERR,ERR,ERR,ERR,ERR,ERR,ERR,ERR,ERR,ERR,ERR,ERR,ERR,ERR,ERR,ERR,ERR,ERR,ERR,ERR,ERR,ERR,ERR,ERR,ERR,ERR,ERR,ERR,ERR,ERR,ERR,ERR,ERR,ERR,ERR,ERR,ERR,ERR,ERR,ERR,ERR,ERR,ERR,ERR,ERR,ERR,ERR,ERR,ERR,ERR,ERR,ERR,ERR,ERR,ERR,ERR,ERR,ERR,ERR,ERR,ERR,ERR,ERR,ERR,ERR,ERR,ERR,ERR,ERR,ERR,ERR,ERR,ERR,ERR,ERR,ERR,ERR,ERR,ERR,ERR,ERR,ERR,2.7184264179883896e+23,0.0,-0.0,2.7183478752108883e+23,-33628352.0,-0.0,0.0,-0.0,0,0,4,17330,7116,0.0,100,0.0,0.0,2.7183478752108883e+23,0.0,0.0,0,0,0,0,0.0,0,0,0,0,0,0,0,0,0,0,0,0,0,0,0,0,0,0,0,0,0,0,0,0,0,0,0,0,0,0,0,0,0,31,40,40,71,65476,0,300,0,0,8,21553,0.0,-107605600.0,0.0,0.0,0.0,0.0,0.0,0.0,0.0,0.0,0.0,0.0,0.0,0.0,0.0,0.0,0.0,0.0,0.0,0.0,0.0,0.0,-0.0,2.004,0.0,0.0,0.0,0.0,0.0,0.0,5087.0,-0.0,6929.0,2.7184264179883896e+23,0.0,2.004,2.004,0.0,0.0,0.0,0.0,69,2.308841773246825e+20,-3.2220035051135306e+26,0.0,0.0,0.0,0.0,0.0,0.0,0.0,0,0,0,0.0,0.0,0.0,0.0,0.0,0.0,0.0,0.0,0.0,0.0,0.0,0.0,0.0,0.0,0.0,0.0,0,-107875648.0,69,0.0,138,0.0,2.012,ERR,ERR,ERR,ERR,ERR,ERR,ERR,ERR,ERR,ERR,ERR,ERR,ERR,ERR,ERR,ERR,ERR,ERR,ERR,ERR,ERR,ERR,ERR,ERR,ERR,ERR,ERR,ERR,ERR,ERR,ERR,ERR,ERR,ERR,ERR,ERR,ERR,ERR,ERR,ERR,ERR,ERR,ERR,ERR,ERR,ERR,ERR,ERR,ERR,ERR,ERR,ERR,ERR,ERR,ERR,ERR,ERR,ERR,ERR,ERR,ERR,ERR,ERR,ERR,ERR,ERR,ERR,60.0,60.0,35,0.0,0.0,0.0,0.0,0.0,0.0,0.0,0.0,0.0,0.0,0.0,0.0,0.0,0.0,0.0,0.0,64.8,0,150,71,58,65476,0,65476,0,1,8,20529,65476,0,0,2621,60.0,0.0,0.0,0.0,0.0,0.0
2026-07-09T15:35:49,ERR,ERR,ERR,ERR,ERR,ERR,ERR,ERR,ERR,ERR,ERR,ERR,ERR,ERR,ERR,ERR,ERR,ERR,ERR,ERR,ERR,ERR,ERR,ERR,ERR,ERR,ERR,ERR,ERR,ERR,ERR,ERR,ERR,ERR,ERR,ERR,ERR,ERR,ERR,ERR,ERR,ERR,ERR,ERR,ERR,ERR,ERR,ERR,ERR,ERR,ERR,ERR,ERR,ERR,ERR,ERR,ERR,ERR,ERR,ERR,ERR,ERR,ERR,ERR,ERR,ERR,ERR,ERR,ERR,ERR,ERR,ERR,ERR,ERR,ERR,ERR,ERR,ERR,ERR,ERR,ERR,ERR,ERR,ERR,ERR,ERR,ERR,ERR,ERR,ERR,ERR,ERR,ERR,ERR,ERR,ERR,ERR,ERR,ERR,ERR,ERR,ERR,ERR,ERR,ERR,ERR,ERR,ERR,ERR,ERR,ERR,ERR,ERR,ERR,ERR,ERR,ERR,ERR,ERR,ERR,ERR,ERR,ERR,ERR,ERR,2.7184264179883896e+23,0.0,-0.0,2.7183478752108883e+23,-33628352.0,-0.0,0.0,-0.0,0,0,4,17330,7116,0.0,100,0.0,0.0,2.7183478752108883e+23,0.0,0.0,0,0,0,0,0.0,0,0,0,0,0,0,0,0,0,0,0,0,0,0,0,0,0,0,0,0,0,0,0,0,0,0,0,0,0,0,0,0,0,31,40,40,71,65476,0,300,0,0,8,21553,0.0,-107605600.0,0.0,0.0,0.0,0.0,0.0,0.0,0.0,0.0,0.0,0.0,0.0,0.0,0.0,0.0,0.0,0.0,0.0,0.0,0.0,0.0,-0.0,2.004,0.0,0.0,0.0,0.0,0.0,0.0,5087.0,-0.0,6929.0,2.7184264179883896e+23,0.0,2.004,2.004,0.0,0.0,0.0,0.0,69,2.308841773246825e+20,-3.2220035051135306e+26,0.0,0.0,0.0,0.0,0.0,0.0,0.0,0,0,0,0.0,0.0,0.0,0.0,0.0,0.0,0.0,0.0,0.0,0.0,0.0,0.0,0.0,0.0,0.0,0.0,0,-107875648.0,69,0.0,138,0.0,2.012,ERR,ERR,ERR,ERR,ERR,ERR,ERR,ERR,ERR,ERR,ERR,ERR,ERR,ERR,ERR,ERR,ERR,ERR,ERR,ERR,ERR,ERR,ERR,ERR,ERR,ERR,ERR,ERR,ERR,ERR,ERR,ERR,ERR,ERR,ERR,ERR,ERR,ERR,ERR,ERR,ERR,ERR,ERR,ERR,ERR,ERR,ERR,ERR,ERR,ERR,ERR,ERR,ERR,ERR,ERR,ERR,ERR,ERR,ERR,ERR,ERR,ERR,ERR,ERR,ERR,ERR,ERR,60.0,60.0,35,0.0,0.0,0.0,0.0,0.0,0.0,0.0,0.0,0.0,0.0,0.0,0.0,0.0,0.0,0.0,0.0,64.8,0,150,71,58,65476,0,65476,0,1,8,20529,65476,0,0,2621,60.0,0.0,0.0,0.0,0.0,0.0
2026-07-09T15:35:50,ERR,ERR,ERR,ERR,ERR,ERR,ERR,ERR,ERR,ERR,ERR,ERR,ERR,ERR,ERR,ERR,ERR,ERR,ERR,ERR,ERR,ERR,ERR,ERR,ERR,ERR,ERR,ERR,ERR,ERR,ERR,ERR,ERR,ERR,ERR,ERR,ERR,ERR,ERR,ERR,ERR,ERR,ERR,ERR,ERR,ERR,ERR,ERR,ERR,ERR,ERR,ERR,ERR,ERR,ERR,ERR,ERR,ERR,ERR,ERR,ERR,ERR,ERR,ERR,ERR,ERR,ERR,ERR,ERR,ERR,ERR,ERR,ERR,ERR,ERR,ERR,ERR,ERR,ERR,ERR,ERR,ERR,ERR,ERR,ERR,ERR,ERR,ERR,ERR,ERR,ERR,ERR,ERR,ERR,ERR,ERR,ERR,ERR,ERR,ERR,ERR,ERR,ERR,ERR,ERR,ERR,ERR,ERR,ERR,ERR,ERR,ERR,ERR,ERR,ERR,ERR,ERR,ERR,ERR,ERR,ERR,ERR,ERR,ERR,ERR,2.7184264179883896e+23,0.0,-0.0,2.7183478752108883e+23,-33628352.0,-0.0,0.0,-0.0,0,0,4,17330,7116,0.0,100,0.0,0.0,2.7183478752108883e+23,0.0,0.0,0,0,0,0,0.0,0,0,0,0,0,0,0,0,0,0,0,0,0,0,0,0,0,0,0,0,0,0,0,0,0,0,0,0,0,0,0,0,0,31,40,40,71,65476,0,300,0,0,8,21553,0.0,-107605600.0,0.0,0.0,0.0,0.0,0.0,0.0,0.0,0.0,0.0,0.0,0.0,0.0,0.0,0.0,0.0,0.0,0.0,0.0,0.0,0.0,-0.0,2.004,0.0,0.0,0.0,0.0,0.0,0.0,5087.0,-0.0,6929.0,2.7184264179883896e+23,0.0,2.004,2.004,0.0,0.0,0.0,0.0,69,2.308841773246825e+20,-3.2220035051135306e+26,0.0,0.0,0.0,0.0,0.0,0.0,0.0,0,0,0,0.0,0.0,0.0,0.0,0.0,0.0,0.0,0.0,0.0,0.0,0.0,0.0,0.0,0.0,0.0,0.0,0,-107875648.0,69,0.0,138,0.0,2.012,ERR,ERR,ERR,ERR,ERR,ERR,ERR,ERR,ERR,ERR,ERR,ERR,ERR,ERR,ERR,ERR,ERR,ERR,ERR,ERR,ERR,ERR,ERR,ERR,ERR,ERR,ERR,ERR,ERR,ERR,ERR,ERR,ERR,ERR,ERR,ERR,ERR,ERR,ERR,ERR,ERR,ERR,ERR,ERR,ERR,ERR,ERR,ERR,ERR,ERR,ERR,ERR,ERR,ERR,ERR,ERR,ERR,ERR,ERR,ERR,ERR,ERR,ERR,ERR,ERR,ERR,ERR,60.0,60.0,35,0.0,0.0,0.0,0.0,0.0,0.0,0.0,0.0,0.0,0.0,0.0,0.0,0.0,0.0,0.0,0.0,64.8,0,150,71,58,65476,0,65476,0,1,8,20529,65476,0,0,2621,60.0,0.0,0.0,0.0,0.0,0.0
2026-07-09T15:35:51,ERR,ERR,ERR,ERR,ERR,ERR,ERR,ERR,ERR,ERR,ERR,ERR,ERR,ERR,ERR,ERR,ERR,ERR,ERR,ERR,ERR,ERR,ERR,ERR,ERR,ERR,ERR,ERR,ERR,ERR,ERR,ERR,ERR,ERR,ERR,ERR,ERR,ERR,ERR,ERR,ERR,ERR,ERR,ERR,ERR,ERR,ERR,ERR,ERR,ERR,ERR,ERR,ERR,ERR,ERR,ERR,ERR,ERR,ERR,ERR,ERR,ERR,ERR,ERR,ERR,ERR,ERR,ERR,ERR,ERR,ERR,ERR,ERR,ERR,ERR,ERR,ERR,ERR,ERR,ERR,ERR,ERR,ERR,ERR,ERR,ERR,ERR,ERR,ERR,ERR,ERR,ERR,ERR,ERR,ERR,ERR,ERR,ERR,ERR,ERR,ERR,ERR,ERR,ERR,ERR,ERR,ERR,ERR,ERR,ERR,ERR,ERR,ERR,ERR,ERR,ERR,ERR,ERR,ERR,ERR,ERR,ERR,ERR,ERR,ERR,2.7184264179883896e+23,0.0,-0.0,2.7183478752108883e+23,-33628352.0,-0.0,0.0,-0.0,0,0,4,17330,7116,0.0,100,0.0,0.0,2.7183478752108883e+23,0.0,0.0,0,0,0,0,0.0,0,0,0,0,0,0,0,0,0,0,0,0,0,0,0,0,0,0,0,0,0,0,0,0,0,0,0,0,0,0,0,0,0,31,40,40,71,65476,0,300,0,0,8,21553,0.0,-107605600.0,0.0,0.0,0.0,0.0,0.0,0.0,0.0,0.0,0.0,0.0,0.0,0.0,0.0,0.0,0.0,0.0,0.0,0.0,0.0,0.0,-0.0,2.004,0.0,0.0,0.0,0.0,0.0,0.0,5087.0,-0.0,6929.0,2.7184264179883896e+23,0.0,2.004,2.004,0.0,0.0,0.0,0.0,69,2.308841773246825e+20,-3.2220035051135306e+26,0.0,0.0,0.0,0.0,0.0,0.0,0.0,0,0,0,0.0,0.0,0.0,0.0,0.0,0.0,0.0,0.0,0.0,0.0,0.0,0.0,0.0,0.0,0.0,0.0,0,-107875648.0,69,0.0,138,0.0,2.012,ERR,ERR,ERR,ERR,ERR,ERR,ERR,ERR,ERR,ERR,ERR,ERR,ERR,ERR,ERR,ERR,ERR,ERR,ERR,ERR,ERR,ERR,ERR,ERR,ERR,ERR,ERR,ERR,ERR,ERR,ERR,ERR,ERR,ERR,ERR,ERR,ERR,ERR,ERR,ERR,ERR,ERR,ERR,ERR,ERR,ERR,ERR,ERR,ERR,ERR,ERR,ERR,ERR,ERR,ERR,ERR,ERR,ERR,ERR,ERR,ERR,ERR,ERR,ERR,ERR,ERR,ERR,60.0,60.0,35,0.0,0.0,0.0,0.0,0.0,0.0,0.0,0.0,0.0,0.0,0.0,0.0,0.0,0.0,0.0,0.0,64.8,0,150,71,58,65476,0,65476,0,1,8,20529,65476,0,0,2621,60.0,0.0,0.0,0.0,0.0,0.0
2026-07-09T15:35:52,ERR,ERR,ERR,ERR,ERR,ERR,ERR,ERR,ERR,ERR,ERR,ERR,ERR,ERR,ERR,ERR,ERR,ERR,ERR,ERR,ERR,ERR,ERR,ERR,ERR,ERR,ERR,ERR,ERR,ERR,ERR,ERR,ERR,ERR,ERR,ERR,ERR,ERR,ERR,ERR,ERR,ERR,ERR,ERR,ERR,ERR,ERR,ERR,ERR,ERR,ERR,ERR,ERR,ERR,ERR,ERR,ERR,ERR,ERR,ERR,ERR,ERR,ERR,ERR,ERR,ERR,ERR,ERR,ERR,ERR,ERR,ERR,ERR,ERR,ERR,ERR,ERR,ERR,ERR,ERR,ERR,ERR,ERR,ERR,ERR,ERR,ERR,ERR,ERR,ERR,ERR,ERR,ERR,ERR,ERR,ERR,ERR,ERR,ERR,ERR,ERR,ERR,ERR,ERR,ERR,ERR,ERR,ERR,ERR,ERR,ERR,ERR,ERR,ERR,ERR,ERR,ERR,ERR,ERR,ERR,ERR,ERR,ERR,ERR,ERR,2.7184264179883896e+23,0.0,-0.0,2.7183478752108883e+23,-33628352.0,-0.0,0.0,-0.0,0,0,4,17330,7116,0.0,100,0.0,0.0,2.7183478752108883e+23,0.0,0.0,0,0,0,0,0.0,0,0,0,0,0,0,0,0,0,0,0,0,0,0,0,0,0,0,0,0,0,0,0,0,0,0,0,0,0,0,0,0,0,31,40,40,71,65476,0,300,0,0,8,21553,0.0,-107605600.0,0.0,0.0,0.0,0.0,0.0,0.0,0.0,0.0,0.0,0.0,0.0,0.0,0.0,0.0,0.0,0.0,0.0,0.0,0.0,0.0,-0.0,2.004,0.0,0.0,0.0,0.0,0.0,0.0,5087.0,-0.0,6929.0,2.7184264179883896e+23,0.0,2.004,2.004,0.0,0.0,0.0,0.0,69,2.308841773246825e+20,-3.2220035051135306e+26,0.0,0.0,0.0,0.0,0.0,0.0,0.0,0,0,0,0.0,0.0,0.0,0.0,0.0,0.0,0.0,0.0,0.0,0.0,0.0,0.0,0.0,0.0,0.0,0.0,0,-107875648.0,69,0.0,138,0.0,2.012,ERR,ERR,ERR,ERR,ERR,ERR,ERR,ERR,ERR,ERR,ERR,ERR,ERR,ERR,ERR,ERR,ERR,ERR,ERR,ERR,ERR,ERR,ERR,ERR,ERR,ERR,ERR,ERR,ERR,ERR,ERR,ERR,ERR,ERR,ERR,ERR,ERR,ERR,ERR,ERR,ERR,ERR,ERR,ERR,ERR,ERR,ERR,ERR,ERR,ERR,ERR,ERR,ERR,ERR,ERR,ERR,ERR,ERR,ERR,ERR,ERR,ERR,ERR,ERR,ERR,ERR,ERR,60.0,60.0,35,0.0,0.0,0.0,0.0,0.0,0.0,0.0,0.0,0.0,0.0,0.0,0.0,0.0,0.0,0.0,0.0,64.8,0,150,71,58,65476,0,65476,0,1,8,20529,65476,0,0,2621,60.0,0.0,0.0,0.0,0.0,0.0
2026-07-09T15:35:53,ERR,ERR,ERR,ERR,ERR,ERR,ERR,ERR,ERR,ERR,ERR,ERR,ERR,ERR,ERR,ERR,ERR,ERR,ERR,ERR,ERR,ERR,ERR,ERR,ERR,ERR,ERR,ERR,ERR,ERR,ERR,ERR,ERR,ERR,ERR,ERR,ERR,ERR,ERR,ERR,ERR,ERR,ERR,ERR,ERR,ERR,ERR,ERR,ERR,ERR,ERR,ERR,ERR,ERR,ERR,ERR,ERR,ERR,ERR,ERR,ERR,ERR,ERR,ERR,ERR,ERR,ERR,ERR,ERR,ERR,ERR,ERR,ERR,ERR,ERR,ERR,ERR,ERR,ERR,ERR,ERR,ERR,ERR,ERR,ERR,ERR,ERR,ERR,ERR,ERR,ERR,ERR,ERR,ERR,ERR,ERR,ERR,ERR,ERR,ERR,ERR,ERR,ERR,ERR,ERR,ERR,ERR,ERR,ERR,ERR,ERR,ERR,ERR,ERR,ERR,ERR,ERR,ERR,ERR,ERR,ERR,ERR,ERR,ERR,ERR,2.7184264179883896e+23,-0.0,-108139328.0,0.0,4548703763300352.0,0.0,-33161035644928.0,-0.0,0,0,4,17332,7116,0.0,100,0.0,0.0,0.0,0.0,0.0,0,0,0,0,0.0,0,0,0,0,0,0,0,0,0,0,0,0,0,0,0,0,0,0,0,0,0,0,0,0,0,0,0,0,0,0,0,0,0,31,40,40,71,65476,0,300,0,0,8,21553,0.0,-107605600.0,0.0,0.0,0.0,0.0,0.0,0.0,0.0,0.0,0.0,0.0,0.0,0.0,0.0,0.0,0.0,0.0,0.0,0.0,0.0,0.0,2.004,0.0,0.0,0.0,0.0,0.0,0.0,0.0,5081.0,0.0,6917.0,0.0,-0.0,2.004,2.004,0.0,0.0,0.0,0.0,69,71.63,4.066854413593191e+29,0.0,0.0,0.0,0.0,0.0,0.0,0.0,0,0,0,0.0,0.0,0.0,0.0,0.0,0.0,0.0,0.0,0.0,0.0,0.0,0.0,0.0,0.0,0.0,0.0,0,-107875648.0,69,0.0,138,0.0,2.012,ERR,ERR,ERR,ERR,ERR,ERR,ERR,ERR,ERR,ERR,ERR,ERR,ERR,ERR,ERR,ERR,ERR,ERR,ERR,ERR,ERR,ERR,ERR,ERR,ERR,ERR,ERR,ERR,ERR,ERR,ERR,ERR,ERR,ERR,ERR,ERR,ERR,ERR,ERR,ERR,ERR,ERR,ERR,ERR,ERR,ERR,ERR,ERR,ERR,ERR,ERR,ERR,ERR,ERR,ERR,ERR,ERR,ERR,ERR,ERR,ERR,ERR,ERR,ERR,ERR,ERR,ERR,60.0,60.0,35,0.0,0.0,0.0,0.0,0.0,0.0,0.0,0.0,0.0,0.0,0.0,0.0,0.0,0.0,0.0,0.0,65.2,0,150,71,58,65476,0,65476,0,1,8,20529,65476,0,0,2621,60.0,0.0,0.0,0.0,0.0,0.0
2026-07-09T15:35:54,ERR,ERR,ERR,ERR,ERR,ERR,ERR,ERR,ERR,ERR,ERR,ERR,ERR,ERR,ERR,ERR,ERR,ERR,ERR,ERR,ERR,ERR,ERR,ERR,ERR,ERR,ERR,ERR,ERR,ERR,ERR,ERR,ERR,ERR,ERR,ERR,ERR,ERR,ERR,ERR,ERR,ERR,ERR,ERR,ERR,ERR,ERR,ERR,ERR,ERR,ERR,ERR,ERR,ERR,ERR,ERR,ERR,ERR,ERR,ERR,ERR,ERR,ERR,ERR,ERR,ERR,ERR,ERR,ERR,ERR,ERR,ERR,ERR,ERR,ERR,ERR,ERR,ERR,ERR,ERR,ERR,ERR,ERR,ERR,ERR,ERR,ERR,ERR,ERR,ERR,ERR,ERR,ERR,ERR,ERR,ERR,ERR,ERR,ERR,ERR,ERR,ERR,ERR,ERR,ERR,ERR,ERR,ERR,ERR,ERR,ERR,ERR,ERR,ERR,ERR,ERR,ERR,ERR,ERR,ERR,ERR,ERR,ERR,ERR,ERR,2.7184264179883896e+23,-0.0,-108139328.0,0.0,4548703763300352.0,0.0,-33161035644928.0,-0.0,0,0,4,17332,7116,0.0,100,0.0,0.0,0.0,0.0,0.0,0,0,0,0,0.0,0,0,0,0,0,0,0,0,0,0,0,0,0,0,0,0,0,0,0,0,0,0,0,0,0,0,0,0,0,0,0,0,0,31,40,40,71,65476,0,300,0,0,8,21553,0.0,-107605600.0,0.0,0.0,0.0,0.0,0.0,0.0,0.0,0.0,0.0,0.0,0.0,0.0,0.0,0.0,0.0,0.0,0.0,0.0,0.0,0.0,2.004,0.0,0.0,0.0,0.0,0.0,0.0,0.0,5081.0,0.0,6917.0,0.0,-0.0,2.004,2.004,0.0,0.0,0.0,0.0,69,71.63,4.066854413593191e+29,0.0,0.0,0.0,0.0,0.0,0.0,0.0,0,0,0,0.0,0.0,0.0,0.0,0.0,0.0,0.0,0.0,0.0,0.0,0.0,0.0,0.0,0.0,0.0,0.0,0,-107875648.0,69,0.0,138,0.0,2.012,ERR,ERR,ERR,ERR,ERR,ERR,ERR,ERR,ERR,ERR,ERR,ERR,ERR,ERR,ERR,ERR,ERR,ERR,ERR,ERR,ERR,ERR,ERR,ERR,ERR,ERR,ERR,ERR,ERR,ERR,ERR,ERR,ERR,ERR,ERR,ERR,ERR,ERR,ERR,ERR,ERR,ERR,ERR,ERR,ERR,ERR,ERR,ERR,ERR,ERR,ERR,ERR,ERR,ERR,ERR,ERR,ERR,ERR,ERR,ERR,ERR,ERR,ERR,ERR,ERR,ERR,ERR,60.0,60.0,35,0.0,0.0,0.0,0.0,0.0,0.0,0.0,0.0,0.0,0.0,0.0,0.0,0.0,0.0,0.0,0.0,65.2,0,150,71,58,65476,0,65476,0,1,8,20529,65476,0,0,2621,60.0,0.0,0.0,0.0,0.0,0.0
2026-07-09T15:35:55,ERR,ERR,ERR,ERR,ERR,ERR,ERR,ERR,ERR,ERR,ERR,ERR,ERR,ERR,ERR,ERR,ERR,ERR,ERR,ERR,ERR,ERR,ERR,ERR,ERR,ERR,ERR,ERR,ERR,ERR,ERR,ERR,ERR,ERR,ERR,ERR,ERR,ERR,ERR,ERR,ERR,ERR,ERR,ERR,ERR,ERR,ERR,ERR,ERR,ERR,ERR,ERR,ERR,ERR,ERR,ERR,ERR,ERR,ERR,ERR,ERR,ERR,ERR,ERR,ERR,ERR,ERR,ERR,ERR,ERR,ERR,ERR,ERR,ERR,ERR,ERR,ERR,ERR,ERR,ERR,ERR,ERR,ERR,ERR,ERR,ERR,ERR,ERR,ERR,ERR,ERR,ERR,ERR,ERR,ERR,ERR,ERR,ERR,ERR,ERR,ERR,ERR,ERR,ERR,ERR,ERR,ERR,ERR,ERR,ERR,ERR,ERR,ERR,ERR,ERR,ERR,ERR,ERR,ERR,ERR,ERR,ERR,ERR,ERR,ERR,2.7184264179883896e+23,-0.0,-108139328.0,0.0,4548703763300352.0,0.0,-33161035644928.0,-0.0,0,0,4,17332,7116,0.0,100,0.0,0.0,0.0,0.0,0.0,0,0,0,0,0.0,0,0,0,0,0,0,0,0,0,0,0,0,0,0,0,0,0,0,0,0,0,0,0,0,0,0,0,0,0,0,0,0,0,31,40,40,71,65476,0,300,0,0,8,21553,0.0,-107605600.0,0.0,0.0,0.0,0.0,0.0,0.0,0.0,0.0,0.0,0.0,0.0,0.0,0.0,0.0,0.0,0.0,0.0,0.0,0.0,0.0,2.004,0.0,0.0,0.0,0.0,0.0,0.0,0.0,5081.0,0.0,6917.0,0.0,-0.0,2.004,2.004,0.0,0.0,0.0,0.0,69,71.63,4.066854413593191e+29,0.0,0.0,0.0,0.0,0.0,0.0,0.0,0,0,0,0.0,0.0,0.0,0.0,0.0,0.0,0.0,0.0,0.0,0.0,0.0,0.0,0.0,0.0,0.0,0.0,0,-107875648.0,69,0.0,138,0.0,2.012,ERR,ERR,ERR,ERR,ERR,ERR,ERR,ERR,ERR,ERR,ERR,ERR,ERR,ERR,ERR,ERR,ERR,ERR,ERR,ERR,ERR,ERR,ERR,ERR,ERR,ERR,ERR,ERR,ERR,ERR,ERR,ERR,ERR,ERR,ERR,ERR,ERR,ERR,ERR,ERR,ERR,ERR,ERR,ERR,ERR,ERR,ERR,ERR,ERR,ERR,ERR,ERR,ERR,ERR,ERR,ERR,ERR,ERR,ERR,ERR,ERR,ERR,ERR,ERR,ERR,ERR,ERR,60.0,60.0,35,0.0,0.0,0.0,0.0,0.0,0.0,0.0,0.0,0.0,0.0,0.0,0.0,0.0,0.0,0.0,0.0,65.2,0,150,71,58,65476,0,65476,0,1,8,20529,65476,0,0,2621,60.0,0.0,0.0,0.0,0.0,0.0
2026-07-09T15:35:56,ERR,ERR,ERR,ERR,ERR,ERR,ERR,ERR,ERR,ERR,ERR,ERR,ERR,ERR,ERR,ERR,ERR,ERR,ERR,ERR,ERR,ERR,ERR,ERR,ERR,ERR,ERR,ERR,ERR,ERR,ERR,ERR,ERR,ERR,ERR,ERR,ERR,ERR,ERR,ERR,ERR,ERR,ERR,ERR,ERR,ERR,ERR,ERR,ERR,ERR,ERR,ERR,ERR,ERR,ERR,ERR,ERR,ERR,ERR,ERR,ERR,ERR,ERR,ERR,ERR,ERR,ERR,ERR,ERR,ERR,ERR,ERR,ERR,ERR,ERR,ERR,ERR,ERR,ERR,ERR,ERR,ERR,ERR,ERR,ERR,ERR,ERR,ERR,ERR,ERR,ERR,ERR,ERR,ERR,ERR,ERR,ERR,ERR,ERR,ERR,ERR,ERR,ERR,ERR,ERR,ERR,ERR,ERR,ERR,ERR,ERR,ERR,ERR,ERR,ERR,ERR,ERR,ERR,ERR,ERR,ERR,ERR,ERR,ERR,ERR,2.7184264179883896e+23,-0.0,-108139328.0,0.0,4548703763300352.0,0.0,-33161035644928.0,-0.0,0,0,4,17332,7116,0.0,100,0.0,0.0,0.0,0.0,0.0,0,0,0,0,0.0,0,0,0,0,0,0,0,0,0,0,0,0,0,0,0,0,0,0,0,0,0,0,0,0,0,0,0,0,0,0,0,0,0,31,40,40,71,65476,0,300,0,0,8,21553,0.0,-107605600.0,0.0,0.0,0.0,0.0,0.0,0.0,0.0,0.0,0.0,0.0,0.0,0.0,0.0,0.0,0.0,0.0,0.0,0.0,0.0,0.0,2.004,0.0,0.0,0.0,0.0,0.0,0.0,0.0,5081.0,0.0,6917.0,0.0,-0.0,2.004,2.004,0.0,0.0,0.0,0.0,69,71.63,4.066854413593191e+29,0.0,0.0,0.0,0.0,0.0,0.0,0.0,0,0,0,0.0,0.0,0.0,0.0,0.0,0.0,0.0,0.0,0.0,0.0,0.0,0.0,0.0,0.0,0.0,0.0,0,-107875648.0,69,0.0,138,0.0,2.012,ERR,ERR,ERR,ERR,ERR,ERR,ERR,ERR,ERR,ERR,ERR,ERR,ERR,ERR,ERR,ERR,ERR,ERR,ERR,ERR,ERR,ERR,ERR,ERR,ERR,ERR,ERR,ERR,ERR,ERR,ERR,ERR,ERR,ERR,ERR,ERR,ERR,ERR,ERR,ERR,ERR,ERR,ERR,ERR,ERR,ERR,ERR,ERR,ERR,ERR,ERR,ERR,ERR,ERR,ERR,ERR,ERR,ERR,ERR,ERR,ERR,ERR,ERR,ERR,ERR,ERR,ERR,60.0,60.0,35,0.0,0.0,0.0,0.0,0.0,0.0,0.0,0.0,0.0,0.0,0.0,0.0,0.0,0.0,0.0,0.0,65.2,0,150,71,58,65476,0,65476,0,1,8,20529,65476,0,0,2621,60.0,0.0,0.0,0.0,0.0,0.0
2026-07-09T15:35:57,ERR,ERR,ERR,ERR,ERR,ERR,ERR,ERR,ERR,ERR,ERR,ERR,ERR,ERR,ERR,ERR,ERR,ERR,ERR,ERR,ERR,ERR,ERR,ERR,ERR,ERR,ERR,ERR,ERR,ERR,ERR,ERR,ERR,ERR,ERR,ERR,ERR,ERR,ERR,ERR,ERR,ERR,ERR,ERR,ERR,ERR,ERR,ERR,ERR,ERR,ERR,ERR,ERR,ERR,ERR,ERR,ERR,ERR,ERR,ERR,ERR,ERR,ERR,ERR,ERR,ERR,ERR,ERR,ERR,ERR,ERR,ERR,ERR,ERR,ERR,ERR,ERR,ERR,ERR,ERR,ERR,ERR,ERR,ERR,ERR,ERR,ERR,ERR,ERR,ERR,ERR,ERR,ERR,ERR,ERR,ERR,ERR,ERR,ERR,ERR,ERR,ERR,ERR,ERR,ERR,ERR,ERR,ERR,ERR,ERR,ERR,ERR,ERR,ERR,ERR,ERR,ERR,ERR,ERR,ERR,ERR,ERR,ERR,ERR,ERR,0.0,2.718447855122616e+23,-107090752.0,2.7183478752108883e+23,0.0,-0.0,7.848796409791775e+17,-5.378890271941389e+29,0,0,4,17332,7116,0.0,100,0.0,0.0,2.7183478752108883e+23,0.0,0.0,0,0,0,0,0.0,0,0,0,0,0,0,0,0,0,0,0,0,0,0,0,0,0,0,0,0,0,0,0,0,0,0,0,0,0,0,0,0,0,31,40,40,71,65476,0,300,0,0,8,21553,0.0,-107605600.0,0.0,0.0,0.0,0.0,0.0,0.0,0.0,0.0,0.0,0.0,0.0,0.0,0.0,0.0,0.0,0.0,0.0,0.0,0.0,0.0,2.004,-3.697070904806107e+19,0.0,0.0,0.0,0.0,0.0,0.0,5078.0,0.0,6915.0,0.0,2.718447855122616e+23,2.004,2.004,0.0,0.0,0.0,0.0,69,0.0,1.9056862663645594e+17,0.0,0.0,0.0,0.0,0.0,0.0,0.0,0,0,0,0.0,0.0,0.0,0.0,0.0,0.0,0.0,0.0,0.0,0.0,0.0,0.0,0.0,0.0,0.0,0.0,0,-107875648.0,69,0.0,138,0.0,2.012,ERR,ERR,ERR,ERR,ERR,ERR,ERR,ERR,ERR,ERR,ERR,ERR,ERR,ERR,ERR,ERR,ERR,ERR,ERR,ERR,ERR,ERR,ERR,ERR,ERR,ERR,ERR,ERR,ERR,ERR,ERR,ERR,ERR,ERR,ERR,ERR,ERR,ERR,ERR,ERR,ERR,ERR,ERR,ERR,ERR,ERR,ERR,ERR,ERR,ERR,ERR,ERR,ERR,ERR,ERR,ERR,ERR,ERR,ERR,ERR,ERR,ERR,ERR,ERR,ERR,ERR,ERR,60.0,60.0,35,0.0,0.0,0.0,0.0,0.0,0.0,0.0,0.0,0.0,0.0,0.0,0.0,0.0,0.0,0.0,0.0,65.2,0,150,71,58,65476,0,65476,0,1,8,20529,65476,0,0,2621,60.0,0.0,0.0,0.0,0.0,0.0
2026-07-09T15:35:58,ERR,ERR,ERR,ERR,ERR,ERR,ERR,ERR,ERR,ERR,ERR,ERR,ERR,ERR,ERR,ERR,ERR,ERR,ERR,ERR,ERR,ERR,ERR,ERR,ERR,ERR,ERR,ERR,ERR,ERR,ERR,ERR,ERR,ERR,ERR,ERR,ERR,ERR,ERR,ERR,ERR,ERR,ERR,ERR,ERR,ERR,ERR,ERR,ERR,ERR,ERR,ERR,ERR,ERR,ERR,ERR,ERR,ERR,ERR,ERR,ERR,ERR,ERR,ERR,ERR,ERR,ERR,ERR,ERR,ERR,ERR,ERR,ERR,ERR,ERR,ERR,ERR,ERR,ERR,ERR,ERR,ERR,ERR,ERR,ERR,ERR,ERR,ERR,ERR,ERR,ERR,ERR,ERR,ERR,ERR,ERR,ERR,ERR,ERR,ERR,ERR,ERR,ERR,ERR,ERR,ERR,ERR,ERR,ERR,ERR,ERR,ERR,ERR,ERR,ERR,ERR,ERR,ERR,ERR,ERR,ERR,ERR,ERR,ERR,ERR,0.0,2.718447855122616e+23,-107090752.0,2.7183478752108883e+23,0.0,-0.0,7.848796409791775e+17,-5.378890271941389e+29,0,0,4,17332,7116,0.0,100,0.0,0.0,2.7183478752108883e+23,0.0,0.0,0,0,0,0,0.0,0,0,0,0,0,0,0,0,0,0,0,0,0,0,0,0,0,0,0,0,0,0,0,0,0,0,0,0,0,0,0,0,0,31,40,40,71,65476,0,300,0,0,8,21553,0.0,-107605600.0,0.0,0.0,0.0,0.0,0.0,0.0,0.0,0.0,0.0,0.0,0.0,0.0,0.0,0.0,0.0,0.0,0.0,0.0,0.0,0.0,2.004,-3.697070904806107e+19,0.0,0.0,0.0,0.0,0.0,0.0,5078.0,0.0,6915.0,0.0,2.718447855122616e+23,2.004,2.004,0.0,0.0,0.0,0.0,69,0.0,1.9056862663645594e+17,0.0,0.0,0.0,0.0,0.0,0.0,0.0,0,0,0,0.0,0.0,0.0,0.0,0.0,0.0,0.0,0.0,0.0,0.0,0.0,0.0,0.0,0.0,0.0,0.0,0,-107875648.0,69,0.0,138,0.0,2.012,ERR,ERR,ERR,ERR,ERR,ERR,ERR,ERR,ERR,ERR,ERR,ERR,ERR,ERR,ERR,ERR,ERR,ERR,ERR,ERR,ERR,ERR,ERR,ERR,ERR,ERR,ERR,ERR,ERR,ERR,ERR,ERR,ERR,ERR,ERR,ERR,ERR,ERR,ERR,ERR,ERR,ERR,ERR,ERR,ERR,ERR,ERR,ERR,ERR,ERR,ERR,ERR,ERR,ERR,ERR,ERR,ERR,ERR,ERR,ERR,ERR,ERR,ERR,ERR,ERR,ERR,ERR,60.0,60.0,35,0.0,0.0,0.0,0.0,0.0,0.0,0.0,0.0,0.0,0.0,0.0,0.0,0.0,0.0,0.0,0.0,64.8,0,150,71,58,65476,0,65476,0,1,8,20529,65476,0,0,2621,60.0,0.0,0.0,0.0,0.0,0.0
2026-07-09T15:35:59,ERR,ERR,ERR,ERR,ERR,ERR,ERR,ERR,ERR,ERR,ERR,ERR,ERR,ERR,ERR,ERR,ERR,ERR,ERR,ERR,ERR,ERR,ERR,ERR,ERR,ERR,ERR,ERR,ERR,ERR,ERR,ERR,ERR,ERR,ERR,ERR,ERR,ERR,ERR,ERR,ERR,ERR,ERR,ERR,ERR,ERR,ERR,ERR,ERR,ERR,ERR,ERR,ERR,ERR,ERR,ERR,ERR,ERR,ERR,ERR,ERR,ERR,ERR,ERR,ERR,ERR,ERR,ERR,ERR,ERR,ERR,ERR,ERR,ERR,ERR,ERR,ERR,ERR,ERR,ERR,ERR,ERR,ERR,ERR,ERR,ERR,ERR,ERR,ERR,ERR,ERR,ERR,ERR,ERR,ERR,ERR,ERR,ERR,ERR,ERR,ERR,ERR,ERR,ERR,ERR,ERR,ERR,ERR,ERR,ERR,ERR,ERR,ERR,ERR,ERR,ERR,ERR,ERR,ERR,ERR,ERR,ERR,ERR,ERR,ERR,0.0,2.718447855122616e+23,-107090752.0,2.7183478752108883e+23,0.0,-0.0,7.848796409791775e+17,-5.378890271941389e+29,0,0,4,17332,7116,0.0,100,0.0,0.0,2.7183478752108883e+23,0.0,0.0,0,0,0,0,0.0,0,0,0,0,0,0,0,0,0,0,0,0,0,0,0,0,0,0,0,0,0,0,0,0,0,0,0,0,0,0,0,0,0,31,40,40,71,65476,0,300,0,0,8,21553,0.0,-107605600.0,0.0,0.0,0.0,0.0,0.0,0.0,0.0,0.0,0.0,0.0,0.0,0.0,0.0,0.0,0.0,0.0,0.0,0.0,0.0,0.0,2.004,-3.697070904806107e+19,0.0,0.0,0.0,0.0,0.0,0.0,5078.0,0.0,6915.0,0.0,2.718447855122616e+23,2.004,2.004,0.0,0.0,0.0,0.0,69,0.0,1.9056862663645594e+17,0.0,0.0,0.0,0.0,0.0,0.0,0.0,0,0,0,0.0,0.0,0.0,0.0,0.0,0.0,0.0,0.0,0.0,0.0,0.0,0.0,0.0,0.0,0.0,0.0,0,-107875648.0,69,0.0,138,0.0,2.012,ERR,ERR,ERR,ERR,ERR,ERR,ERR,ERR,ERR,ERR,ERR,ERR,ERR,ERR,ERR,ERR,ERR,ERR,ERR,ERR,ERR,ERR,ERR,ERR,ERR,ERR,ERR,ERR,ERR,ERR,ERR,ERR,ERR,ERR,ERR,ERR,ERR,ERR,ERR,ERR,ERR,ERR,ERR,ERR,ERR,ERR,ERR,ERR,ERR,ERR,ERR,ERR,ERR,ERR,ERR,ERR,ERR,ERR,ERR,ERR,ERR,ERR,ERR,ERR,ERR,ERR,ERR,60.0,60.0,35,0.0,0.0,0.0,0.0,0.0,0.0,0.0,0.0,0.0,0.0,0.0,0.0,0.0,0.0,0.0,0.0,64.8,0,150,71,58,65476,0,65476,0,1,8,20529,65476,0,0,2621,60.0,0.0,0.0,0.0,0.0,0.0
2026-07-09T15:36:00,ERR,ERR,ERR,ERR,ERR,ERR,ERR,ERR,ERR,ERR,ERR,ERR,ERR,ERR,ERR,ERR,ERR,ERR,ERR,ERR,ERR,ERR,ERR,ERR,ERR,ERR,ERR,ERR,ERR,ERR,ERR,ERR,ERR,ERR,ERR,ERR,ERR,ERR,ERR,ERR,ERR,ERR,ERR,ERR,ERR,ERR,ERR,ERR,ERR,ERR,ERR,ERR,ERR,ERR,ERR,ERR,ERR,ERR,ERR,ERR,ERR,ERR,ERR,ERR,ERR,ERR,ERR,ERR,ERR,ERR,ERR,ERR,ERR,ERR,ERR,ERR,ERR,ERR,ERR,ERR,ERR,ERR,ERR,ERR,ERR,ERR,ERR,ERR,ERR,ERR,ERR,ERR,ERR,ERR,ERR,ERR,ERR,ERR,ERR,ERR,ERR,ERR,ERR,ERR,ERR,ERR,ERR,ERR,ERR,ERR,ERR,ERR,ERR,ERR,ERR,ERR,ERR,ERR,ERR,ERR,ERR,ERR,ERR,ERR,ERR,0.0,2.718447855122616e+23,-107090752.0,2.7183478752108883e+23,0.0,-0.0,7.848796409791775e+17,-5.378890271941389e+29,0,0,4,17332,7116,0.0,100,0.0,0.0,2.7183478752108883e+23,0.0,0.0,0,0,0,0,0.0,0,0,0,0,0,0,0,0,0,0,0,0,0,0,0,0,0,0,0,0,0,0,0,0,0,0,0,0,0,0,0,0,0,31,40,40,71,65476,0,300,0,0,8,21553,0.0,-107605600.0,0.0,0.0,0.0,0.0,0.0,0.0,0.0,0.0,0.0,0.0,0.0,0.0,0.0,0.0,0.0,0.0,0.0,0.0,0.0,0.0,2.004,-3.697070904806107e+19,0.0,0.0,0.0,0.0,0.0,0.0,5078.0,0.0,6915.0,0.0,2.718447855122616e+23,2.004,2.004,0.0,0.0,0.0,0.0,69,0.0,1.9056862663645594e+17,0.0,0.0,0.0,0.0,0.0,0.0,0.0,0,0,0,0.0,0.0,0.0,0.0,0.0,0.0,0.0,0.0,0.0,0.0,0.0,0.0,0.0,0.0,0.0,0.0,0,-107875648.0,69,0.0,138,0.0,2.012,ERR,ERR,ERR,ERR,ERR,ERR,ERR,ERR,ERR,ERR,ERR,ERR,ERR,ERR,ERR,ERR,ERR,ERR,ERR,ERR,ERR,ERR,ERR,ERR,ERR,ERR,ERR,ERR,ERR,ERR,ERR,ERR,ERR,ERR,ERR,ERR,ERR,ERR,ERR,ERR,ERR,ERR,ERR,ERR,ERR,ERR,ERR,ERR,ERR,ERR,ERR,ERR,ERR,ERR,ERR,ERR,ERR,ERR,ERR,ERR,ERR,ERR,ERR,ERR,ERR,ERR,ERR,60.0,60.0,35,0.0,0.0,0.0,0.0,0.0,0.0,0.0,0.0,0.0,0.0,0.0,0.0,0.0,0.0,0.0,0.0,64.8,0,150,71,58,65476,0,65476,0,1,8,20529,65476,0,0,2621,60.0,0.0,0.0,0.0,0.0,0.0
2026-07-09T15:36:01,ERR,ERR,ERR,ERR,ERR,ERR,ERR,ERR,ERR,ERR,ERR,ERR,ERR,ERR,ERR,ERR,ERR,ERR,ERR,ERR,ERR,ERR,ERR,ERR,ERR,ERR,ERR,ERR,ERR,ERR,ERR,ERR,ERR,ERR,ERR,ERR,ERR,ERR,ERR,ERR,ERR,ERR,ERR,ERR,ERR,ERR,ERR,ERR,ERR,ERR,ERR,ERR,ERR,ERR,ERR,ERR,ERR,ERR,ERR,ERR,ERR,ERR,ERR,ERR,ERR,ERR,ERR,ERR,ERR,ERR,ERR,ERR,ERR,ERR,ERR,ERR,ERR,ERR,ERR,ERR,ERR,ERR,ERR,ERR,ERR,ERR,ERR,ERR,ERR,ERR,ERR,ERR,ERR,ERR,ERR,ERR,ERR,ERR,ERR,ERR,ERR,ERR,ERR,ERR,ERR,ERR,ERR,ERR,ERR,ERR,ERR,ERR,ERR,ERR,ERR,ERR,ERR,ERR,ERR,ERR,ERR,ERR,ERR,ERR,ERR,0.0,2.718447855122616e+23,-107090752.0,2.7183478752108883e+23,0.0,-0.0,7.848796409791775e+17,-5.378890271941389e+29,0,0,4,17332,7116,0.0,100,0.0,0.0,2.7183478752108883e+23,0.0,0.0,0,0,0,0,0.0,0,0,0,0,0,0,0,0,0,0,0,0,0,0,0,0,0,0,0,0,0,0,0,0,0,0,0,0,0,0,0,0,0,31,40,40,71,65476,0,300,0,0,8,21553,0.0,-107605600.0,0.0,0.0,0.0,0.0,0.0,0.0,0.0,0.0,0.0,0.0,0.0,0.0,0.0,0.0,0.0,0.0,0.0,0.0,0.0,0.0,2.004,-3.697070904806107e+19,0.0,0.0,0.0,0.0,0.0,0.0,5078.0,0.0,6915.0,0.0,2.718447855122616e+23,2.004,2.004,0.0,0.0,0.0,0.0,69,0.0,1.9056862663645594e+17,0.0,0.0,0.0,0.0,0.0,0.0,0.0,0,0,0,0.0,0.0,0.0,0.0,0.0,0.0,0.0,0.0,0.0,0.0,0.0,0.0,0.0,0.0,0.0,0.0,0,-107875648.0,69,0.0,138,0.0,2.012,ERR,ERR,ERR,ERR,ERR,ERR,ERR,ERR,ERR,ERR,ERR,ERR,ERR,ERR,ERR,ERR,ERR,ERR,ERR,ERR,ERR,ERR,ERR,ERR,ERR,ERR,ERR,ERR,ERR,ERR,ERR,ERR,ERR,ERR,ERR,ERR,ERR,ERR,ERR,ERR,ERR,ERR,ERR,ERR,ERR,ERR,ERR,ERR,ERR,ERR,ERR,ERR,ERR,ERR,ERR,ERR,ERR,ERR,ERR,ERR,ERR,ERR,ERR,ERR,ERR,ERR,ERR,60.0,60.0,35,0.0,0.0,0.0,0.0,0.0,0.0,0.0,0.0,0.0,0.0,0.0,0.0,0.0,0.0,0.0,0.0,64.8,0,150,71,58,65476,0,65476,0,1,8,20529,65476,0,0,2621,60.0,0.0,0.0,0.0,0.0,0.0
2026-07-09T15:36:02,ERR,ERR,ERR,ERR,ERR,ERR,ERR,ERR,ERR,ERR,ERR,ERR,ERR,ERR,ERR,ERR,ERR,ERR,ERR,ERR,ERR,ERR,ERR,ERR,ERR,ERR,ERR,ERR,ERR,ERR,ERR,ERR,ERR,ERR,ERR,ERR,ERR,ERR,ERR,ERR,ERR,ERR,ERR,ERR,ERR,ERR,ERR,ERR,ERR,ERR,ERR,ERR,ERR,ERR,ERR,ERR,ERR,ERR,ERR,ERR,ERR,ERR,ERR,ERR,ERR,ERR,ERR,ERR,ERR,ERR,ERR,ERR,ERR,ERR,ERR,ERR,ERR,ERR,ERR,ERR,ERR,ERR,ERR,ERR,ERR,ERR,ERR,ERR,ERR,ERR,ERR,ERR,ERR,ERR,ERR,ERR,ERR,ERR,ERR,ERR,ERR,ERR,ERR,ERR,ERR,ERR,ERR,ERR,ERR,ERR,ERR,ERR,ERR,ERR,ERR,ERR,ERR,ERR,ERR,ERR,ERR,ERR,ERR,ERR,ERR,0.0,-0.0,0.0,0.0,-0.0,-1.1442262745966182e+17,-1805885056.0,0.0,0,0,4,17332,7116,0.0,100,0.0,0.0,0.0,0.0,0.0,0,0,0,0,0.0,0,0,0,0,0,0,0,0,0,0,0,0,0,0,0,0,0,0,0,0,0,0,0,0,0,0,0,0,0,0,0,0,0,31,40,40,71,65476,0,300,0,0,8,21553,0.0,-107605600.0,0.0,0.0,0.0,0.0,0.0,0.0,0.0,0.0,0.0,0.0,0.0,0.0,0.0,0.0,0.0,0.0,0.0,0.0,0.0,0.0,2.004,-3.697070904806107e+19,0.0,0.0,0.0,0.0,0.0,0.0,5071.0,0.0,6914.0,0.0,2.718447855122616e+23,2.004,2.004,0.0,0.0,0.0,0.0,69,0.0,0.0,0.0,0.0,0.0,0.0,0.0,0.0,0.0,0,0,0,0.0,0.0,0.0,0.0,0.0,0.0,0.0,0.0,0.0,0.0,0.0,0.0,0.0,0.0,0.0,0.0,0,-107875648.0,69,0.0,138,0.0,2.012,ERR,ERR,ERR,ERR,ERR,ERR,ERR,ERR,ERR,ERR,ERR,ERR,ERR,ERR,ERR,ERR,ERR,ERR,ERR,ERR,ERR,ERR,ERR,ERR,ERR,ERR,ERR,ERR,ERR,ERR,ERR,ERR,ERR,ERR,ERR,ERR,ERR,ERR,ERR,ERR,ERR,ERR,ERR,ERR,ERR,ERR,ERR,ERR,ERR,ERR,ERR,ERR,ERR,ERR,ERR,ERR,ERR,ERR,ERR,ERR,ERR,ERR,ERR,ERR,ERR,ERR,ERR,60.0,60.0,35,0.0,0.0,0.0,0.0,0.0,0.0,0.0,0.0,0.0,0.0,0.0,0.0,0.0,0.0,0.0,0.0,64.8,0,150,71,58,65476,0,65476,0,1,8,20529,65476,0,0,2621,60.0,0.0,0.0,0.0,0.0,0.0
2026-07-09T15:36:03,ERR,ERR,ERR,ERR,ERR,ERR,ERR,ERR,ERR,ERR,ERR,ERR,ERR,ERR,ERR,ERR,ERR,ERR,ERR,ERR,ERR,ERR,ERR,ERR,ERR,ERR,ERR,ERR,ERR,ERR,ERR,ERR,ERR,ERR,ERR,ERR,ERR,ERR,ERR,ERR,ERR,ERR,ERR,ERR,ERR,ERR,ERR,ERR,ERR,ERR,ERR,ERR,ERR,ERR,ERR,ERR,ERR,ERR,ERR,ERR,ERR,ERR,ERR,ERR,ERR,ERR,ERR,ERR,ERR,ERR,ERR,ERR,ERR,ERR,ERR,ERR,ERR,ERR,ERR,ERR,ERR,ERR,ERR,ERR,ERR,ERR,ERR,ERR,ERR,ERR,ERR,ERR,ERR,ERR,ERR,ERR,ERR,ERR,ERR,ERR,ERR,ERR,ERR,ERR,ERR,ERR,ERR,ERR,ERR,ERR,ERR,ERR,ERR,ERR,ERR,ERR,ERR,ERR,ERR,ERR,ERR,ERR,ERR,ERR,ERR,0.0,-0.0,0.0,0.0,-0.0,-1.1442262745966182e+17,-1805885056.0,0.0,0,0,4,17332,7116,0.0,100,0.0,0.0,0.0,0.0,0.0,0,0,0,0,0.0,0,0,0,0,0,0,0,0,0,0,0,0,0,0,0,0,0,0,0,0,0,0,0,0,0,0,0,0,0,0,0,0,0,31,40,40,71,65476,0,300,0,0,8,21553,0.0,-107605600.0,0.0,0.0,0.0,0.0,0.0,0.0,0.0,0.0,0.0,0.0,0.0,0.0,0.0,0.0,0.0,0.0,0.0,0.0,0.0,0.0,2.004,-3.697070904806107e+19,0.0,0.0,0.0,0.0,0.0,0.0,5071.0,0.0,6914.0,0.0,2.718447855122616e+23,2.004,2.004,0.0,0.0,0.0,0.0,69,0.0,0.0,0.0,0.0,0.0,0.0,0.0,0.0,0.0,0,0,0,0.0,0.0,0.0,0.0,0.0,0.0,0.0,0.0,0.0,0.0,0.0,0.0,0.0,0.0,0.0,0.0,0,-107875648.0,69,0.0,138,0.0,2.012,ERR,ERR,ERR,ERR,ERR,ERR,ERR,ERR,ERR,ERR,ERR,ERR,ERR,ERR,ERR,ERR,ERR,ERR,ERR,ERR,ERR,ERR,ERR,ERR,ERR,ERR,ERR,ERR,ERR,ERR,ERR,ERR,ERR,ERR,ERR,ERR,ERR,ERR,ERR,ERR,ERR,ERR,ERR,ERR,ERR,ERR,ERR,ERR,ERR,ERR,ERR,ERR,ERR,ERR,ERR,ERR,ERR,ERR,ERR,ERR,ERR,ERR,ERR,ERR,ERR,ERR,ERR,60.0,60.0,35,0.0,0.0,0.0,0.0,0.0,0.0,0.0,0.0,0.0,0.0,0.0,0.0,0.0,0.0,0.0,0.0,64.8,0,150,71,58,65476,0,65476,0,1,8,20529,65476,0,0,2621,60.0,0.0,0.0,0.0,0.0,0.0
2026-07-09T15:36:04,ERR,ERR,ERR,ERR,ERR,ERR,ERR,ERR,ERR,ERR,ERR,ERR,ERR,ERR,ERR,ERR,ERR,ERR,ERR,ERR,ERR,ERR,ERR,ERR,ERR,ERR,ERR,ERR,ERR,ERR,ERR,ERR,ERR,ERR,ERR,ERR,ERR,ERR,ERR,ERR,ERR,ERR,ERR,ERR,ERR,ERR,ERR,ERR,ERR,ERR,ERR,ERR,ERR,ERR,ERR,ERR,ERR,ERR,ERR,ERR,ERR,ERR,ERR,ERR,ERR,ERR,ERR,ERR,ERR,ERR,ERR,ERR,ERR,ERR,ERR,ERR,ERR,ERR,ERR,ERR,ERR,ERR,ERR,ERR,ERR,ERR,ERR,ERR,ERR,ERR,ERR,ERR,ERR,ERR,ERR,ERR,ERR,ERR,ERR,ERR,ERR,ERR,ERR,ERR,ERR,ERR,ERR,ERR,ERR,ERR,ERR,ERR,ERR,ERR,ERR,ERR,ERR,ERR,ERR,ERR,ERR,ERR,ERR,ERR,ERR,0.0,-0.0,0.0,0.0,-0.0,-1.1442262745966182e+17,-1805885056.0,0.0,0,0,4,17332,7116,0.0,100,0.0,0.0,0.0,0.0,0.0,0,0,0,0,0.0,0,0,0,0,0,0,0,0,0,0,0,0,0,0,0,0,0,0,0,0,0,0,0,0,0,0,0,0,0,0,0,0,0,31,40,40,71,65476,0,300,0,0,8,21553,0.0,-107605600.0,0.0,0.0,0.0,0.0,0.0,0.0,0.0,0.0,0.0,0.0,0.0,0.0,0.0,0.0,0.0,0.0,0.0,0.0,0.0,0.0,2.004,-3.697070904806107e+19,0.0,0.0,0.0,0.0,0.0,0.0,5071.0,0.0,6914.0,0.0,2.718447855122616e+23,2.004,2.004,0.0,0.0,0.0,0.0,69,0.0,0.0,0.0,0.0,0.0,0.0,0.0,0.0,0.0,0,0,0,0.0,0.0,0.0,0.0,0.0,0.0,0.0,0.0,0.0,0.0,0.0,0.0,0.0,0.0,0.0,0.0,0,-107875648.0,69,0.0,138,0.0,2.012,ERR,ERR,ERR,ERR,ERR,ERR,ERR,ERR,ERR,ERR,ERR,ERR,ERR,ERR,ERR,ERR,ERR,ERR,ERR,ERR,ERR,ERR,ERR,ERR,ERR,ERR,ERR,ERR,ERR,ERR,ERR,ERR,ERR,ERR,ERR,ERR,ERR,ERR,ERR,ERR,ERR,ERR,ERR,ERR,ERR,ERR,ERR,ERR,ERR,ERR,ERR,ERR,ERR,ERR,ERR,ERR,ERR,ERR,ERR,ERR,ERR,ERR,ERR,ERR,ERR,ERR,ERR,60.0,60.0,35,0.0,0.0,0.0,0.0,0.0,0.0,0.0,0.0,0.0,0.0,0.0,0.0,0.0,0.0,0.0,0.0,64.8,0,150,71,58,65476,0,65476,0,1,8,20529,65476,0,0,2621,60.0,0.0,0.0,0.0,0.0,0.0
2026-07-09T15:36:05,ERR,ERR,ERR,ERR,ERR,ERR,ERR,ERR,ERR,ERR,ERR,ERR,ERR,ERR,ERR,ERR,ERR,ERR,ERR,ERR,ERR,ERR,ERR,ERR,ERR,ERR,ERR,ERR,ERR,ERR,ERR,ERR,ERR,ERR,ERR,ERR,ERR,ERR,ERR,ERR,ERR,ERR,ERR,ERR,ERR,ERR,ERR,ERR,ERR,ERR,ERR,ERR,ERR,ERR,ERR,ERR,ERR,ERR,ERR,ERR,ERR,ERR,ERR,ERR,ERR,ERR,ERR,ERR,ERR,ERR,ERR,ERR,ERR,ERR,ERR,ERR,ERR,ERR,ERR,ERR,ERR,ERR,ERR,ERR,ERR,ERR,ERR,ERR,ERR,ERR,ERR,ERR,ERR,ERR,ERR,ERR,ERR,ERR,ERR,ERR,ERR,ERR,ERR,ERR,ERR,ERR,ERR,ERR,ERR,ERR,ERR,ERR,ERR,ERR,ERR,ERR,ERR,ERR,ERR,ERR,ERR,ERR,ERR,ERR,ERR,0.0,-0.0,0.0,0.0,-0.0,-1.1442262745966182e+17,-1805885056.0,0.0,0,0,4,17332,7116,0.0,100,0.0,0.0,0.0,0.0,0.0,0,0,0,0,0.0,0,0,0,0,0,0,0,0,0,0,0,0,0,0,0,0,0,0,0,0,0,0,0,0,0,0,0,0,0,0,0,0,0,31,40,40,71,65476,0,300,0,0,8,21553,0.0,-107605600.0,0.0,0.0,0.0,0.0,0.0,0.0,0.0,0.0,0.0,0.0,0.0,0.0,0.0,0.0,0.0,0.0,0.0,0.0,0.0,0.0,2.004,-3.697070904806107e+19,0.0,0.0,0.0,0.0,0.0,0.0,5071.0,0.0,6914.0,0.0,2.718447855122616e+23,2.004,2.004,0.0,0.0,0.0,0.0,69,0.0,0.0,0.0,0.0,0.0,0.0,0.0,0.0,0.0,0,0,0,0.0,0.0,0.0,0.0,0.0,0.0,0.0,0.0,0.0,0.0,0.0,0.0,0.0,0.0,0.0,0.0,0,-107875648.0,69,0.0,138,0.0,2.012,ERR,ERR,ERR,ERR,ERR,ERR,ERR,ERR,ERR,ERR,ERR,ERR,ERR,ERR,ERR,ERR,ERR,ERR,ERR,ERR,ERR,ERR,ERR,ERR,ERR,ERR,ERR,ERR,ERR,ERR,ERR,ERR,ERR,ERR,ERR,ERR,ERR,ERR,ERR,ERR,ERR,ERR,ERR,ERR,ERR,ERR,ERR,ERR,ERR,ERR,ERR,ERR,ERR,ERR,ERR,ERR,ERR,ERR,ERR,ERR,ERR,ERR,ERR,ERR,ERR,ERR,ERR,60.0,60.0,35,0.0,0.0,0.0,0.0,0.0,0.0,0.0,0.0,0.0,0.0,0.0,0.0,0.0,0.0,0.0,0.0,65.2,0,150,71,57,65476,0,65476,0,1,8,20529,65476,0,0,2621,60.0,0.0,0.0,0.0,0.0,0.0
2026-07-09T15:36:06,ERR,ERR,ERR,ERR,ERR,ERR,ERR,ERR,ERR,ERR,ERR,ERR,ERR,ERR,ERR,ERR,ERR,ERR,ERR,ERR,ERR,ERR,ERR,ERR,ERR,ERR,ERR,ERR,ERR,ERR,ERR,ERR,ERR,ERR,ERR,ERR,ERR,ERR,ERR,ERR,ERR,ERR,ERR,ERR,ERR,ERR,ERR,ERR,ERR,ERR,ERR,ERR,ERR,ERR,ERR,ERR,ERR,ERR,ERR,ERR,ERR,ERR,ERR,ERR,ERR,ERR,ERR,ERR,ERR,ERR,ERR,ERR,ERR,ERR,ERR,ERR,ERR,ERR,ERR,ERR,ERR,ERR,ERR,ERR,ERR,ERR,ERR,ERR,ERR,ERR,ERR,ERR,ERR,ERR,ERR,ERR,ERR,ERR,ERR,ERR,ERR,ERR,ERR,ERR,ERR,ERR,ERR,ERR,ERR,ERR,ERR,ERR,ERR,ERR,ERR,ERR,ERR,ERR,ERR,ERR,ERR,ERR,ERR,ERR,ERR,0.0,-0.0,0.0,0.0,-0.0,-1.1442262745966182e+17,-1805885056.0,0.0,0,0,4,17332,7116,0.0,100,0.0,0.0,0.0,0.0,0.0,0,0,0,0,0.0,0,0,0,0,0,0,0,0,0,0,0,0,0,0,0,0,0,0,0,0,0,0,0,0,0,0,0,0,0,0,0,0,0,31,40,40,71,65476,0,300,0,0,8,21553,0.0,-107605600.0,0.0,0.0,0.0,0.0,0.0,0.0,0.0,0.0,0.0,0.0,0.0,0.0,0.0,0.0,0.0,0.0,0.0,0.0,0.0,0.0,2.004,-3.697070904806107e+19,0.0,0.0,0.0,0.0,0.0,0.0,5071.0,0.0,6914.0,0.0,2.718447855122616e+23,2.004,2.004,0.0,0.0,0.0,0.0,69,0.0,0.0,0.0,0.0,0.0,0.0,0.0,0.0,0.0,0,0,0,0.0,0.0,0.0,0.0,0.0,0.0,0.0,0.0,0.0,0.0,0.0,0.0,0.0,0.0,0.0,0.0,0,-107875648.0,69,0.0,138,0.0,2.012,ERR,ERR,ERR,ERR,ERR,ERR,ERR,ERR,ERR,ERR,ERR,ERR,ERR,ERR,ERR,ERR,ERR,ERR,ERR,ERR,ERR,ERR,ERR,ERR,ERR,ERR,ERR,ERR,ERR,ERR,ERR,ERR,ERR,ERR,ERR,ERR,ERR,ERR,ERR,ERR,ERR,ERR,ERR,ERR,ERR,ERR,ERR,ERR,ERR,ERR,ERR,ERR,ERR,ERR,ERR,ERR,ERR,ERR,ERR,ERR,ERR,ERR,ERR,ERR,ERR,ERR,ERR,60.0,60.0,35,0.0,0.0,0.0,0.0,0.0,0.0,0.0,0.0,0.0,0.0,0.0,0.0,0.0,0.0,0.0,0.0,65.2,0,150,71,57,65476,0,65476,0,1,8,20529,65476,0,0,2621,60.0,0.0,0.0,0.0,0.0,0.0
2026-07-09T15:36:07,ERR,ERR,ERR,ERR,ERR,ERR,ERR,ERR,ERR,ERR,ERR,ERR,ERR,ERR,ERR,ERR,ERR,ERR,ERR,ERR,ERR,ERR,ERR,ERR,ERR,ERR,ERR,ERR,ERR,ERR,ERR,ERR,ERR,ERR,ERR,ERR,ERR,ERR,ERR,ERR,ERR,ERR,ERR,ERR,ERR,ERR,ERR,ERR,ERR,ERR,ERR,ERR,ERR,ERR,ERR,ERR,ERR,ERR,ERR,ERR,ERR,ERR,ERR,ERR,ERR,ERR,ERR,ERR,ERR,ERR,ERR,ERR,ERR,ERR,ERR,ERR,ERR,ERR,ERR,ERR,ERR,ERR,ERR,ERR,ERR,ERR,ERR,ERR,ERR,ERR,ERR,ERR,ERR,ERR,ERR,ERR,ERR,ERR,ERR,ERR,ERR,ERR,ERR,ERR,ERR,ERR,ERR,ERR,ERR,ERR,ERR,ERR,ERR,ERR,ERR,ERR,ERR,ERR,ERR,ERR,ERR,ERR,ERR,ERR,ERR,-0.0,0.0,-107090752.0,2.7183478752108883e+23,0.0,2.63556306426623e+27,5.834293534884585e+30,0.0,0,0,4,17329,7116,0.0,100,0.0,0.0,2.7183478752108883e+23,0.0,0.0,0,0,0,0,0.0,0,0,0,0,0,0,0,0,0,0,0,0,0,0,0,0,0,0,0,0,0,0,0,0,0,0,0,0,0,0,0,0,0,31,40,40,71,65476,0,300,0,0,8,21553,0.0,-107605600.0,0.0,0.0,0.0,0.0,0.0,0.0,0.0,0.0,0.0,0.0,0.0,0.0,0.0,0.0,0.0,0.0,0.0,0.0,0.0,0.0,0.0,-2.004,0.0,0.0,0.0,0.0,0.0,0.0,5037.0,-1.5879295420089355e+29,6942.0,-0.0,0.0,2.004,2.004,0.0,0.0,0.0,0.0,69,-5.848086186001959e+35,0.0,0.0,0.0,0.0,0.0,0.0,0.0,0.0,0,0,0,0.0,0.0,0.0,0.0,0.0,0.0,0.0,0.0,0.0,0.0,0.0,0.0,0.0,0.0,0.0,0.0,0,-107875648.0,69,0.0,138,0.0,2.012,ERR,ERR,ERR,ERR,ERR,ERR,ERR,ERR,ERR,ERR,ERR,ERR,ERR,ERR,ERR,ERR,ERR,ERR,ERR,ERR,ERR,ERR,ERR,ERR,ERR,ERR,ERR,ERR,ERR,ERR,ERR,ERR,ERR,ERR,ERR,ERR,ERR,ERR,ERR,ERR,ERR,ERR,ERR,ERR,ERR,ERR,ERR,ERR,ERR,ERR,ERR,ERR,ERR,ERR,ERR,ERR,ERR,ERR,ERR,ERR,ERR,ERR,ERR,ERR,ERR,ERR,ERR,60.0,60.0,35,0.0,0.0,0.0,0.0,0.0,0.0,0.0,0.0,0.0,0.0,0.0,0.0,0.0,0.0,0.0,0.0,64.8,0,150,71,57,65476,0,65476,0,1,8,20529,65476,0,0,2621,60.0,0.0,0.0,0.0,0.0,0.0
2026-07-09T15:36:08,ERR,ERR,ERR,ERR,ERR,ERR,ERR,ERR,ERR,ERR,ERR,ERR,ERR,ERR,ERR,ERR,ERR,ERR,ERR,ERR,ERR,ERR,ERR,ERR,ERR,ERR,ERR,ERR,ERR,ERR,ERR,ERR,ERR,ERR,ERR,ERR,ERR,ERR,ERR,ERR,ERR,ERR,ERR,ERR,ERR,ERR,ERR,ERR,ERR,ERR,ERR,ERR,ERR,ERR,ERR,ERR,ERR,ERR,ERR,ERR,ERR,ERR,ERR,ERR,ERR,ERR,ERR,ERR,ERR,ERR,ERR,ERR,ERR,ERR,ERR,ERR,ERR,ERR,ERR,ERR,ERR,ERR,ERR,ERR,ERR,ERR,ERR,ERR,ERR,ERR,ERR,ERR,ERR,ERR,ERR,ERR,ERR,ERR,ERR,ERR,ERR,ERR,ERR,ERR,ERR,ERR,ERR,ERR,ERR,ERR,ERR,ERR,ERR,ERR,ERR,ERR,ERR,ERR,ERR,ERR,ERR,ERR,ERR,ERR,ERR,-0.0,0.0,-107090752.0,2.7183478752108883e+23,0.0,2.63556306426623e+27,5.834293534884585e+30,0.0,0,0,4,17329,7116,0.0,100,0.0,0.0,2.7183478752108883e+23,0.0,0.0,0,0,0,0,0.0,0,0,0,0,0,0,0,0,0,0,0,0,0,0,0,0,0,0,0,0,0,0,0,0,0,0,0,0,0,0,0,0,0,31,40,40,71,65476,0,300,0,0,8,21553,0.0,-107605600.0,0.0,0.0,0.0,0.0,0.0,0.0,0.0,0.0,0.0,0.0,0.0,0.0,0.0,0.0,0.0,0.0,0.0,0.0,0.0,0.0,0.0,-2.004,0.0,0.0,0.0,0.0,0.0,0.0,5037.0,-1.5879295420089355e+29,6942.0,-0.0,0.0,2.004,2.004,0.0,0.0,0.0,0.0,69,-5.848086186001959e+35,0.0,0.0,0.0,0.0,0.0,0.0,0.0,0.0,0,0,0,0.0,0.0,0.0,0.0,0.0,0.0,0.0,0.0,0.0,0.0,0.0,0.0,0.0,0.0,0.0,0.0,0,-107875648.0,69,0.0,138,0.0,2.012,ERR,ERR,ERR,ERR,ERR,ERR,ERR,ERR,ERR,ERR,ERR,ERR,ERR,ERR,ERR,ERR,ERR,ERR,ERR,ERR,ERR,ERR,ERR,ERR,ERR,ERR,ERR,ERR,ERR,ERR,ERR,ERR,ERR,ERR,ERR,ERR,ERR,ERR,ERR,ERR,ERR,ERR,ERR,ERR,ERR,ERR,ERR,ERR,ERR,ERR,ERR,ERR,ERR,ERR,ERR,ERR,ERR,ERR,ERR,ERR,ERR,ERR,ERR,ERR,ERR,ERR,ERR,60.0,60.0,35,0.0,0.0,0.0,0.0,0.0,0.0,0.0,0.0,0.0,0.0,0.0,0.0,0.0,0.0,0.0,0.0,64.8,0,150,71,57,65476,0,65476,0,1,8,20529,65476,0,0,2621,60.0,0.0,0.0,0.0,0.0,0.0
2026-07-09T15:36:09,ERR,ERR,ERR,ERR,ERR,ERR,ERR,ERR,ERR,ERR,ERR,ERR,ERR,ERR,ERR,ERR,ERR,ERR,ERR,ERR,ERR,ERR,ERR,ERR,ERR,ERR,ERR,ERR,ERR,ERR,ERR,ERR,ERR,ERR,ERR,ERR,ERR,ERR,ERR,ERR,ERR,ERR,ERR,ERR,ERR,ERR,ERR,ERR,ERR,ERR,ERR,ERR,ERR,ERR,ERR,ERR,ERR,ERR,ERR,ERR,ERR,ERR,ERR,ERR,ERR,ERR,ERR,ERR,ERR,ERR,ERR,ERR,ERR,ERR,ERR,ERR,ERR,ERR,ERR,ERR,ERR,ERR,ERR,ERR,ERR,ERR,ERR,ERR,ERR,ERR,ERR,ERR,ERR,ERR,ERR,ERR,ERR,ERR,ERR,ERR,ERR,ERR,ERR,ERR,ERR,ERR,ERR,ERR,ERR,ERR,ERR,ERR,ERR,ERR,ERR,ERR,ERR,ERR,ERR,ERR,ERR,ERR,ERR,ERR,ERR,-0.0,0.0,-107090752.0,2.7183478752108883e+23,0.0,2.63556306426623e+27,5.834293534884585e+30,0.0,0,0,4,17329,7116,0.0,100,0.0,0.0,2.7183478752108883e+23,0.0,0.0,0,0,0,0,0.0,0,0,0,0,0,0,0,0,0,0,0,0,0,0,0,0,0,0,0,0,0,0,0,0,0,0,0,0,0,0,0,0,0,31,40,40,71,65476,0,300,0,0,8,21553,0.0,-107605600.0,0.0,0.0,0.0,0.0,0.0,0.0,0.0,0.0,0.0,0.0,0.0,0.0,0.0,0.0,0.0,0.0,0.0,0.0,0.0,0.0,0.0,-2.004,0.0,0.0,0.0,0.0,0.0,0.0,5037.0,-1.5879295420089355e+29,6942.0,-0.0,0.0,2.004,2.004,0.0,0.0,0.0,0.0,69,-5.848086186001959e+35,0.0,0.0,0.0,0.0,0.0,0.0,0.0,0.0,0,0,0,0.0,0.0,0.0,0.0,0.0,0.0,0.0,0.0,0.0,0.0,0.0,0.0,0.0,0.0,0.0,0.0,0,-107875648.0,69,0.0,138,0.0,2.012,ERR,ERR,ERR,ERR,ERR,ERR,ERR,ERR,ERR,ERR,ERR,ERR,ERR,ERR,ERR,ERR,ERR,ERR,ERR,ERR,ERR,ERR,ERR,ERR,ERR,ERR,ERR,ERR,ERR,ERR,ERR,ERR,ERR,ERR,ERR,ERR,ERR,ERR,ERR,ERR,ERR,ERR,ERR,ERR,ERR,ERR,ERR,ERR,ERR,ERR,ERR,ERR,ERR,ERR,ERR,ERR,ERR,ERR,ERR,ERR,ERR,ERR,ERR,ERR,ERR,ERR,ERR,60.0,60.0,35,0.0,0.0,0.0,0.0,0.0,0.0,0.0,0.0,0.0,0.0,0.0,0.0,0.0,0.0,0.0,0.0,64.8,0,150,71,57,65476,0,65476,0,1,8,20529,65476,0,0,2621,60.0,0.0,0.0,0.0,0.0,0.0
2026-07-09T15:36:10,ERR,ERR,ERR,ERR,ERR,ERR,ERR,ERR,ERR,ERR,ERR,ERR,ERR,ERR,ERR,ERR,ERR,ERR,ERR,ERR,ERR,ERR,ERR,ERR,ERR,ERR,ERR,ERR,ERR,ERR,ERR,ERR,ERR,ERR,ERR,ERR,ERR,ERR,ERR,ERR,ERR,ERR,ERR,ERR,ERR,ERR,ERR,ERR,ERR,ERR,ERR,ERR,ERR,ERR,ERR,ERR,ERR,ERR,ERR,ERR,ERR,ERR,ERR,ERR,ERR,ERR,ERR,ERR,ERR,ERR,ERR,ERR,ERR,ERR,ERR,ERR,ERR,ERR,ERR,ERR,ERR,ERR,ERR,ERR,ERR,ERR,ERR,ERR,ERR,ERR,ERR,ERR,ERR,ERR,ERR,ERR,ERR,ERR,ERR,ERR,ERR,ERR,ERR,ERR,ERR,ERR,ERR,ERR,ERR,ERR,ERR,ERR,ERR,ERR,ERR,ERR,ERR,ERR,ERR,ERR,ERR,ERR,ERR,ERR,ERR,-0.0,0.0,-107090752.0,2.7183478752108883e+23,0.0,2.63556306426623e+27,5.834293534884585e+30,0.0,0,0,4,17329,7116,0.0,100,0.0,0.0,2.7183478752108883e+23,0.0,0.0,0,0,0,0,0.0,0,0,0,0,0,0,0,0,0,0,0,0,0,0,0,0,0,0,0,0,0,0,0,0,0,0,0,0,0,0,0,0,0,31,40,40,71,65476,0,300,0,0,8,21553,0.0,-107605600.0,0.0,0.0,0.0,0.0,0.0,0.0,0.0,0.0,0.0,0.0,0.0,0.0,0.0,0.0,0.0,0.0,0.0,0.0,0.0,0.0,0.0,-2.004,0.0,0.0,0.0,0.0,0.0,0.0,5037.0,-1.5879295420089355e+29,6942.0,-0.0,0.0,2.004,2.004,0.0,0.0,0.0,0.0,69,-5.848086186001959e+35,0.0,0.0,0.0,0.0,0.0,0.0,0.0,0.0,0,0,0,0.0,0.0,0.0,0.0,0.0,0.0,0.0,0.0,0.0,0.0,0.0,0.0,0.0,0.0,0.0,0.0,0,-107875648.0,69,0.0,138,0.0,2.012,ERR,ERR,ERR,ERR,ERR,ERR,ERR,ERR,ERR,ERR,ERR,ERR,ERR,ERR,ERR,ERR,ERR,ERR,ERR,ERR,ERR,ERR,ERR,ERR,ERR,ERR,ERR,ERR,ERR,ERR,ERR,ERR,ERR,ERR,ERR,ERR,ERR,ERR,ERR,ERR,ERR,ERR,ERR,ERR,ERR,ERR,ERR,ERR,ERR,ERR,ERR,ERR,ERR,ERR,ERR,ERR,ERR,ERR,ERR,ERR,ERR,ERR,ERR,ERR,ERR,ERR,ERR,60.0,60.0,35,0.0,0.0,0.0,0.0,0.0,0.0,0.0,0.0,0.0,0.0,0.0,0.0,0.0,0.0,0.0,0.0,64.8,0,150,71,57,65476,0,65476,0,1,8,20529,65476,0,0,2621,60.0,0.0,0.0,0.0,0.0,0.0
2026-07-09T15:36:11,ERR,ERR,ERR,ERR,ERR,ERR,ERR,ERR,ERR,ERR,ERR,ERR,ERR,ERR,ERR,ERR,ERR,ERR,ERR,ERR,ERR,ERR,ERR,ERR,ERR,ERR,ERR,ERR,ERR,ERR,ERR,ERR,ERR,ERR,ERR,ERR,ERR,ERR,ERR,ERR,ERR,ERR,ERR,ERR,ERR,ERR,ERR,ERR,ERR,ERR,ERR,ERR,ERR,ERR,ERR,ERR,ERR,ERR,ERR,ERR,ERR,ERR,ERR,ERR,ERR,ERR,ERR,ERR,ERR,ERR,ERR,ERR,ERR,ERR,ERR,ERR,ERR,ERR,ERR,ERR,ERR,ERR,ERR,ERR,ERR,ERR,ERR,ERR,ERR,ERR,ERR,ERR,ERR,ERR,ERR,ERR,ERR,ERR,ERR,ERR,ERR,ERR,ERR,ERR,ERR,ERR,ERR,ERR,ERR,ERR,ERR,ERR,ERR,ERR,ERR,ERR,ERR,ERR,ERR,ERR,ERR,ERR,ERR,ERR,ERR,-0.0,0.0,-107090752.0,2.7183478752108883e+23,0.0,2.63556306426623e+27,5.834293534884585e+30,0.0,0,0,4,17329,7116,0.0,100,0.0,0.0,2.7183478752108883e+23,0.0,0.0,0,0,0,0,0.0,0,0,0,0,0,0,0,0,0,0,0,0,0,0,0,0,0,0,0,0,0,0,0,0,0,0,0,0,0,0,0,0,0,31,40,40,71,65476,0,300,0,0,8,21553,0.0,-107605600.0,0.0,0.0,0.0,0.0,0.0,0.0,0.0,0.0,0.0,0.0,0.0,0.0,0.0,0.0,0.0,0.0,0.0,0.0,0.0,0.0,0.0,-2.004,0.0,0.0,0.0,0.0,0.0,0.0,5037.0,-1.5879295420089355e+29,6942.0,-0.0,0.0,2.004,2.004,0.0,0.0,0.0,0.0,69,-5.848086186001959e+35,0.0,0.0,0.0,0.0,0.0,0.0,0.0,0.0,0,0,0,0.0,0.0,0.0,0.0,0.0,0.0,0.0,0.0,0.0,0.0,0.0,0.0,0.0,0.0,0.0,0.0,0,-107875648.0,69,0.0,138,0.0,2.012,ERR,ERR,ERR,ERR,ERR,ERR,ERR,ERR,ERR,ERR,ERR,ERR,ERR,ERR,ERR,ERR,ERR,ERR,ERR,ERR,ERR,ERR,ERR,ERR,ERR,ERR,ERR,ERR,ERR,ERR,ERR,ERR,ERR,ERR,ERR,ERR,ERR,ERR,ERR,ERR,ERR,ERR,ERR,ERR,ERR,ERR,ERR,ERR,ERR,ERR,ERR,ERR,ERR,ERR,ERR,ERR,ERR,ERR,ERR,ERR,ERR,ERR,ERR,ERR,ERR,ERR,ERR,60.0,60.0,35,0.0,0.0,0.0,0.0,0.0,0.0,0.0,0.0,0.0,0.0,0.0,0.0,0.0,0.0,0.0,0.0,64.8,0,150,71,57,65476,0,65476,0,1,8,20529,65476,0,0,2621,60.0,0.0,0.0,0.0,0.0,0.0
2026-07-09T15:36:12,ERR,ERR,ERR,ERR,ERR,ERR,ERR,ERR,ERR,ERR,ERR,ERR,ERR,ERR,ERR,ERR,ERR,ERR,ERR,ERR,ERR,ERR,ERR,ERR,ERR,ERR,ERR,ERR,ERR,ERR,ERR,ERR,ERR,ERR,ERR,ERR,ERR,ERR,ERR,ERR,ERR,ERR,ERR,ERR,ERR,ERR,ERR,ERR,ERR,ERR,ERR,ERR,ERR,ERR,ERR,ERR,ERR,ERR,ERR,ERR,ERR,ERR,ERR,ERR,ERR,ERR,ERR,ERR,ERR,ERR,ERR,ERR,ERR,ERR,ERR,ERR,ERR,ERR,ERR,ERR,ERR,ERR,ERR,ERR,ERR,ERR,ERR,ERR,ERR,ERR,ERR,ERR,ERR,ERR,ERR,ERR,ERR,ERR,ERR,ERR,ERR,ERR,ERR,ERR,ERR,ERR,ERR,ERR,ERR,ERR,ERR,ERR,ERR,ERR,ERR,ERR,ERR,ERR,ERR,ERR,ERR,ERR,ERR,ERR,ERR,-0.0,0.0,2.718423175396658e+23,0.0,0.0,-2.1710992408987e+35,0.0,1109406976.0,0,0,4,17329,7116,0.0,100,0.0,0.0,0.0,0.0,0.0,0,0,0,0,0.0,0,0,0,0,0,0,0,0,0,0,0,0,0,0,0,0,0,0,0,0,0,0,0,0,0,0,0,0,0,0,0,0,0,31,40,40,71,65476,0,300,0,0,8,21553,0.0,-107605600.0,0.0,0.0,0.0,0.0,0.0,0.0,0.0,0.0,0.0,0.0,0.0,0.0,0.0,0.0,0.0,0.0,0.0,0.0,0.0,0.0,0.0,-0.0,0.0,0.0,0.0,0.0,0.0,0.0,5031.0,-0.0,6934.0,-0.0,0.0,2.004,2.004,0.0,0.0,0.0,0.0,69,-2.7184312818759872e+23,-152017297211392.0,0.0,0.0,0.0,0.0,0.0,0.0,0.0,0,0,0,0.0,0.0,0.0,0.0,0.0,0.0,0.0,0.0,0.0,0.0,0.0,0.0,0.0,0.0,0.0,0.0,0,-107875648.0,69,0.0,138,0.0,2.012,ERR,ERR,ERR,ERR,ERR,ERR,ERR,ERR,ERR,ERR,ERR,ERR,ERR,ERR,ERR,ERR,ERR,ERR,ERR,ERR,ERR,ERR,ERR,ERR,ERR,ERR,ERR,ERR,ERR,ERR,ERR,ERR,ERR,ERR,ERR,ERR,ERR,ERR,ERR,ERR,ERR,ERR,ERR,ERR,ERR,ERR,ERR,ERR,ERR,ERR,ERR,ERR,ERR,ERR,ERR,ERR,ERR,ERR,ERR,ERR,ERR,ERR,ERR,ERR,ERR,ERR,ERR,60.0,60.0,35,0.0,0.0,0.0,0.0,0.0,0.0,0.0,0.0,0.0,0.0,0.0,0.0,0.0,0.0,0.0,0.0,64.8,0,150,71,57,65476,0,65476,0,1,8,20529,65476,0,0,2621,60.0,0.0,0.0,0.0,0.0,0.0
2026-07-09T15:36:13,ERR,ERR,ERR,ERR,ERR,ERR,ERR,ERR,ERR,ERR,ERR,ERR,ERR,ERR,ERR,ERR,ERR,ERR,ERR,ERR,ERR,ERR,ERR,ERR,ERR,ERR,ERR,ERR,ERR,ERR,ERR,ERR,ERR,ERR,ERR,ERR,ERR,ERR,ERR,ERR,ERR,ERR,ERR,ERR,ERR,ERR,ERR,ERR,ERR,ERR,ERR,ERR,ERR,ERR,ERR,ERR,ERR,ERR,ERR,ERR,ERR,ERR,ERR,ERR,ERR,ERR,ERR,ERR,ERR,ERR,ERR,ERR,ERR,ERR,ERR,ERR,ERR,ERR,ERR,ERR,ERR,ERR,ERR,ERR,ERR,ERR,ERR,ERR,ERR,ERR,ERR,ERR,ERR,ERR,ERR,ERR,ERR,ERR,ERR,ERR,ERR,ERR,ERR,ERR,ERR,ERR,ERR,ERR,ERR,ERR,ERR,ERR,ERR,ERR,ERR,ERR,ERR,ERR,ERR,ERR,ERR,ERR,ERR,ERR,ERR,-0.0,0.0,2.718423175396658e+23,0.0,0.0,-2.1710992408987e+35,0.0,1109406976.0,0,0,4,17329,7116,0.0,100,0.0,0.0,0.0,0.0,0.0,0,0,0,0,0.0,0,0,0,0,0,0,0,0,0,0,0,0,0,0,0,0,0,0,0,0,0,0,0,0,0,0,0,0,0,0,0,0,0,31,40,40,71,65476,0,300,0,0,8,21553,0.0,-107605600.0,0.0,0.0,0.0,0.0,0.0,0.0,0.0,0.0,0.0,0.0,0.0,0.0,0.0,0.0,0.0,0.0,0.0,0.0,0.0,0.0,0.0,-0.0,0.0,0.0,0.0,0.0,0.0,0.0,5031.0,-0.0,6934.0,-0.0,0.0,2.004,2.004,0.0,0.0,0.0,0.0,69,-2.7184312818759872e+23,-152017297211392.0,0.0,0.0,0.0,0.0,0.0,0.0,0.0,0,0,0,0.0,0.0,0.0,0.0,0.0,0.0,0.0,0.0,0.0,0.0,0.0,0.0,0.0,0.0,0.0,0.0,0,-107875648.0,69,0.0,138,0.0,2.012,ERR,ERR,ERR,ERR,ERR,ERR,ERR,ERR,ERR,ERR,ERR,ERR,ERR,ERR,ERR,ERR,ERR,ERR,ERR,ERR,ERR,ERR,ERR,ERR,ERR,ERR,ERR,ERR,ERR,ERR,ERR,ERR,ERR,ERR,ERR,ERR,ERR,ERR,ERR,ERR,ERR,ERR,ERR,ERR,ERR,ERR,ERR,ERR,ERR,ERR,ERR,ERR,ERR,ERR,ERR,ERR,ERR,ERR,ERR,ERR,ERR,ERR,ERR,ERR,ERR,ERR,ERR,60.0,60.0,35,0.0,0.0,0.0,0.0,0.0,0.0,0.0,0.0,0.0,0.0,0.0,0.0,0.0,0.0,0.0,0.0,65.2,0,150,71,57,65476,0,65476,0,0,2,20529,65476,0,0,2621,60.0,0.0,0.0,0.0,0.0,0.0
2026-07-09T15:36:14,ERR,ERR,ERR,ERR,ERR,ERR,ERR,ERR,ERR,ERR,ERR,ERR,ERR,ERR,ERR,ERR,ERR,ERR,ERR,ERR,ERR,ERR,ERR,ERR,ERR,ERR,ERR,ERR,ERR,ERR,ERR,ERR,ERR,ERR,ERR,ERR,ERR,ERR,ERR,ERR,ERR,ERR,ERR,ERR,ERR,ERR,ERR,ERR,ERR,ERR,ERR,ERR,ERR,ERR,ERR,ERR,ERR,ERR,ERR,ERR,ERR,ERR,ERR,ERR,ERR,ERR,ERR,ERR,ERR,ERR,ERR,ERR,ERR,ERR,ERR,ERR,ERR,ERR,ERR,ERR,ERR,ERR,ERR,ERR,ERR,ERR,ERR,ERR,ERR,ERR,ERR,ERR,ERR,ERR,ERR,ERR,ERR,ERR,ERR,ERR,ERR,ERR,ERR,ERR,ERR,ERR,ERR,ERR,ERR,ERR,ERR,ERR,ERR,ERR,ERR,ERR,ERR,ERR,ERR,ERR,ERR,ERR,ERR,ERR,ERR,-0.0,0.0,2.718423175396658e+23,0.0,0.0,-2.1710992408987e+35,0.0,1109406976.0,0,0,4,17329,7116,0.0,100,0.0,0.0,0.0,0.0,0.0,0,0,0,0,0.0,0,0,0,0,0,0,0,0,0,0,0,0,0,0,0,0,0,0,0,0,0,0,0,0,0,0,0,0,0,0,0,0,0,31,40,40,71,65476,0,300,0,0,8,21553,0.0,-107605600.0,0.0,0.0,0.0,0.0,0.0,0.0,0.0,0.0,0.0,0.0,0.0,0.0,0.0,0.0,0.0,0.0,0.0,0.0,0.0,0.0,0.0,-0.0,0.0,0.0,0.0,0.0,0.0,0.0,5031.0,-0.0,6934.0,-0.0,0.0,2.004,2.004,0.0,0.0,0.0,0.0,69,-2.7184312818759872e+23,-152017297211392.0,0.0,0.0,0.0,0.0,0.0,0.0,0.0,0,0,0,0.0,0.0,0.0,0.0,0.0,0.0,0.0,0.0,0.0,0.0,0.0,0.0,0.0,0.0,0.0,0.0,0,-107875648.0,69,0.0,138,0.0,2.012,ERR,ERR,ERR,ERR,ERR,ERR,ERR,ERR,ERR,ERR,ERR,ERR,ERR,ERR,ERR,ERR,ERR,ERR,ERR,ERR,ERR,ERR,ERR,ERR,ERR,ERR,ERR,ERR,ERR,ERR,ERR,ERR,ERR,ERR,ERR,ERR,ERR,ERR,ERR,ERR,ERR,ERR,ERR,ERR,ERR,ERR,ERR,ERR,ERR,ERR,ERR,ERR,ERR,ERR,ERR,ERR,ERR,ERR,ERR,ERR,ERR,ERR,ERR,ERR,ERR,ERR,ERR,60.0,60.0,35,0.0,0.0,0.0,0.0,0.0,0.0,0.0,0.0,0.0,0.0,0.0,0.0,0.0,0.0,0.0,0.0,65.2,0,150,71,57,65476,0,65476,0,0,2,20529,65476,0,0,2621,60.0,0.0,0.0,0.0,0.0,0.0
2026-07-09T15:36:15,ERR,ERR,ERR,ERR,ERR,ERR,ERR,ERR,ERR,ERR,ERR,ERR,ERR,ERR,ERR,ERR,ERR,ERR,ERR,ERR,ERR,ERR,ERR,ERR,ERR,ERR,ERR,ERR,ERR,ERR,ERR,ERR,ERR,ERR,ERR,ERR,ERR,ERR,ERR,ERR,ERR,ERR,ERR,ERR,ERR,ERR,ERR,ERR,ERR,ERR,ERR,ERR,ERR,ERR,ERR,ERR,ERR,ERR,ERR,ERR,ERR,ERR,ERR,ERR,ERR,ERR,ERR,ERR,ERR,ERR,ERR,ERR,ERR,ERR,ERR,ERR,ERR,ERR,ERR,ERR,ERR,ERR,ERR,ERR,ERR,ERR,ERR,ERR,ERR,ERR,ERR,ERR,ERR,ERR,ERR,ERR,ERR,ERR,ERR,ERR,ERR,ERR,ERR,ERR,ERR,ERR,ERR,ERR,ERR,ERR,ERR,ERR,ERR,ERR,ERR,ERR,ERR,ERR,ERR,ERR,ERR,ERR,ERR,ERR,ERR,-0.0,0.0,2.718423175396658e+23,0.0,0.0,-2.1710992408987e+35,0.0,1109406976.0,0,0,4,17329,7116,0.0,100,0.0,0.0,0.0,0.0,0.0,0,0,0,0,0.0,0,0,0,0,0,0,0,0,0,0,0,0,0,0,0,0,0,0,0,0,0,0,0,0,0,0,0,0,0,0,0,0,0,31,40,40,71,65476,0,300,0,0,8,21553,0.0,-107605600.0,0.0,0.0,0.0,0.0,0.0,0.0,0.0,0.0,0.0,0.0,0.0,0.0,0.0,0.0,0.0,0.0,0.0,0.0,0.0,0.0,0.0,-0.0,0.0,0.0,0.0,0.0,0.0,0.0,5031.0,-0.0,6934.0,-0.0,0.0,2.004,2.004,0.0,0.0,0.0,0.0,69,-2.7184312818759872e+23,-152017297211392.0,0.0,0.0,0.0,0.0,0.0,0.0,0.0,0,0,0,0.0,0.0,0.0,0.0,0.0,0.0,0.0,0.0,0.0,0.0,0.0,0.0,0.0,0.0,0.0,0.0,0,-107875648.0,69,0.0,138,0.0,2.012,ERR,ERR,ERR,ERR,ERR,ERR,ERR,ERR,ERR,ERR,ERR,ERR,ERR,ERR,ERR,ERR,ERR,ERR,ERR,ERR,ERR,ERR,ERR,ERR,ERR,ERR,ERR,ERR,ERR,ERR,ERR,ERR,ERR,ERR,ERR,ERR,ERR,ERR,ERR,ERR,ERR,ERR,ERR,ERR,ERR,ERR,ERR,ERR,ERR,ERR,ERR,ERR,ERR,ERR,ERR,ERR,ERR,ERR,ERR,ERR,ERR,ERR,ERR,ERR,ERR,ERR,ERR,60.0,60.0,35,0.0,0.0,0.0,0.0,0.0,0.0,0.0,0.0,0.0,0.0,0.0,0.0,0.0,0.0,0.0,0.0,64.8,0,150,71,57,65476,0,65476,0,0,4,20529,65476,0,0,2621,60.0,0.0,0.0,0.0,0.0,0.0
2026-07-09T15:36:16,ERR,ERR,ERR,ERR,ERR,ERR,ERR,ERR,ERR,ERR,ERR,ERR,ERR,ERR,ERR,ERR,ERR,ERR,ERR,ERR,ERR,ERR,ERR,ERR,ERR,ERR,ERR,ERR,ERR,ERR,ERR,ERR,ERR,ERR,ERR,ERR,ERR,ERR,ERR,ERR,ERR,ERR,ERR,ERR,ERR,ERR,ERR,ERR,ERR,ERR,ERR,ERR,ERR,ERR,ERR,ERR,ERR,ERR,ERR,ERR,ERR,ERR,ERR,ERR,ERR,ERR,ERR,ERR,ERR,ERR,ERR,ERR,ERR,ERR,ERR,ERR,ERR,ERR,ERR,ERR,ERR,ERR,ERR,ERR,ERR,ERR,ERR,ERR,ERR,ERR,ERR,ERR,ERR,ERR,ERR,ERR,ERR,ERR,ERR,ERR,ERR,ERR,ERR,ERR,ERR,ERR,ERR,ERR,ERR,ERR,ERR,ERR,ERR,ERR,ERR,ERR,ERR,ERR,ERR,ERR,ERR,ERR,ERR,ERR,ERR,-0.0,0.0,2.718423175396658e+23,0.0,0.0,-2.1710992408987e+35,0.0,1109406976.0,0,0,4,17329,7116,0.0,100,0.0,0.0,0.0,0.0,0.0,0,0,0,0,0.0,0,0,0,0,0,0,0,0,0,0,0,0,0,0,0,0,0,0,0,0,0,0,0,0,0,0,0,0,0,0,0,0,0,31,40,40,71,65476,0,300,0,0,8,21553,0.0,-107605600.0,0.0,0.0,0.0,0.0,0.0,0.0,0.0,0.0,0.0,0.0,0.0,0.0,0.0,0.0,0.0,0.0,0.0,0.0,0.0,0.0,0.0,-0.0,0.0,0.0,0.0,0.0,0.0,0.0,5031.0,-0.0,6934.0,-0.0,0.0,2.004,2.004,0.0,0.0,0.0,0.0,69,-2.7184312818759872e+23,-152017297211392.0,0.0,0.0,0.0,0.0,0.0,0.0,0.0,0,0,0,0.0,0.0,0.0,0.0,0.0,0.0,0.0,0.0,0.0,0.0,0.0,0.0,0.0,0.0,0.0,0.0,0,-107875648.0,69,0.0,138,0.0,2.012,ERR,ERR,ERR,ERR,ERR,ERR,ERR,ERR,ERR,ERR,ERR,ERR,ERR,ERR,ERR,ERR,ERR,ERR,ERR,ERR,ERR,ERR,ERR,ERR,ERR,ERR,ERR,ERR,ERR,ERR,ERR,ERR,ERR,ERR,ERR,ERR,ERR,ERR,ERR,ERR,ERR,ERR,ERR,ERR,ERR,ERR,ERR,ERR,ERR,ERR,ERR,ERR,ERR,ERR,ERR,ERR,ERR,ERR,ERR,ERR,ERR,ERR,ERR,ERR,ERR,ERR,ERR,60.0,60.0,35,0.0,0.0,0.0,0.0,0.0,0.0,0.0,0.0,0.0,0.0,0.0,0.0,0.0,0.0,0.0,0.0,64.8,0,150,71,57,65476,0,65476,1,0,4,20529,65476,0,0,2621,60.0,0.0,0.0,0.0,0.0,0.0
2026-07-09T15:36:17,ERR,ERR,ERR,ERR,ERR,ERR,ERR,ERR,ERR,ERR,ERR,ERR,ERR,ERR,ERR,ERR,ERR,ERR,ERR,ERR,ERR,ERR,ERR,ERR,ERR,ERR,ERR,ERR,ERR,ERR,ERR,ERR,ERR,ERR,ERR,ERR,ERR,ERR,ERR,ERR,ERR,ERR,ERR,ERR,ERR,ERR,ERR,ERR,ERR,ERR,ERR,ERR,ERR,ERR,ERR,ERR,ERR,ERR,ERR,ERR,ERR,ERR,ERR,ERR,ERR,ERR,ERR,ERR,ERR,ERR,ERR,ERR,ERR,ERR,ERR,ERR,ERR,ERR,ERR,ERR,ERR,ERR,ERR,ERR,ERR,ERR,ERR,ERR,ERR,ERR,ERR,ERR,ERR,ERR,ERR,ERR,ERR,ERR,ERR,ERR,ERR,ERR,ERR,ERR,ERR,ERR,ERR,ERR,ERR,ERR,ERR,ERR,ERR,ERR,ERR,ERR,ERR,ERR,ERR,ERR,ERR,ERR,ERR,ERR,ERR,-0.0,0.0,2.718423175396658e+23,0.0,0.0,0.0,0.0,5.8089261946062036e+26,0,0,4,17328,7116,0.0,100,0.0,0.0,0.0,0.0,0.0,0,0,0,0,0.0,0,0,0,0,0,0,0,0,0,0,0,0,0,0,0,0,0,0,0,0,0,0,0,0,0,0,0,0,0,0,0,0,0,31,40,40,71,65476,0,300,0,0,8,21553,0.0,-107605600.0,0.0,0.0,0.0,0.0,0.0,0.0,0.0,0.0,0.0,0.0,0.0,0.0,0.0,0.0,0.0,0.0,0.0,0.0,0.0,0.0,0.0,-0.0,0.0,0.0,0.0,0.0,0.0,0.0,5027.0,1.5879295420089355e+29,6926.0,-0.0,-107616128.0,2.004,2.004,0.0,0.0,0.0,0.0,69,-126841167872.0,-0.0,0.0,0.0,0.0,0.0,0.0,0.0,0.0,0,0,0,0.0,0.0,0.0,0.0,0.0,0.0,0.0,0.0,0.0,0.0,0.0,0.0,0.0,0.0,0.0,0.0,0,-107875648.0,69,0.0,138,0.0,2.012,ERR,ERR,ERR,ERR,ERR,ERR,ERR,ERR,ERR,ERR,ERR,ERR,ERR,ERR,ERR,ERR,ERR,ERR,ERR,ERR,ERR,ERR,ERR,ERR,ERR,ERR,ERR,ERR,ERR,ERR,ERR,ERR,ERR,ERR,ERR,ERR,ERR,ERR,ERR,ERR,ERR,ERR,ERR,ERR,ERR,ERR,ERR,ERR,ERR,ERR,ERR,ERR,ERR,ERR,ERR,ERR,ERR,ERR,ERR,ERR,ERR,ERR,ERR,ERR,ERR,ERR,ERR,60.0,60.0,35,0.0,0.0,0.0,0.0,0.0,0.0,0.0,0.0,0.0,0.0,0.0,0.0,0.0,0.0,0.0,0.0,64.8,0,150,71,57,65476,0,65476,1,0,4,20529,65476,0,0,2621,60.0,0.0,0.0,0.0,0.0,0.0
2026-07-09T15:36:18,ERR,ERR,ERR,ERR,ERR,ERR,ERR,ERR,ERR,ERR,ERR,ERR,ERR,ERR,ERR,ERR,ERR,ERR,ERR,ERR,ERR,ERR,ERR,ERR,ERR,ERR,ERR,ERR,ERR,ERR,ERR,ERR,ERR,ERR,ERR,ERR,ERR,ERR,ERR,ERR,ERR,ERR,ERR,ERR,ERR,ERR,ERR,ERR,ERR,ERR,ERR,ERR,ERR,ERR,ERR,ERR,ERR,ERR,ERR,ERR,ERR,ERR,ERR,ERR,ERR,ERR,ERR,ERR,ERR,ERR,ERR,ERR,ERR,ERR,ERR,ERR,ERR,ERR,ERR,ERR,ERR,ERR,ERR,ERR,ERR,ERR,ERR,ERR,ERR,ERR,ERR,ERR,ERR,ERR,ERR,ERR,ERR,ERR,ERR,ERR,ERR,ERR,ERR,ERR,ERR,ERR,ERR,ERR,ERR,ERR,ERR,ERR,ERR,ERR,ERR,ERR,ERR,ERR,ERR,ERR,ERR,ERR,ERR,ERR,ERR,-0.0,0.0,2.718423175396658e+23,0.0,0.0,0.0,0.0,5.8089261946062036e+26,0,0,4,17328,7116,0.0,100,0.0,0.0,0.0,0.0,0.0,0,0,0,0,0.0,0,0,0,0,0,0,0,0,0,0,0,0,0,0,0,0,0,0,0,0,0,0,0,0,0,0,0,0,0,0,0,0,0,31,40,40,71,65476,0,300,0,0,8,21553,0.0,-107605600.0,0.0,0.0,0.0,0.0,0.0,0.0,0.0,0.0,0.0,0.0,0.0,0.0,0.0,0.0,0.0,0.0,0.0,0.0,0.0,0.0,0.0,-0.0,0.0,0.0,0.0,0.0,0.0,0.0,5027.0,1.5879295420089355e+29,6926.0,-0.0,-107616128.0,2.004,2.004,0.0,0.0,0.0,0.0,69,-126841167872.0,-0.0,0.0,0.0,0.0,0.0,0.0,0.0,0.0,0,0,0,0.0,0.0,0.0,0.0,0.0,0.0,0.0,0.0,0.0,0.0,0.0,0.0,0.0,0.0,0.0,0.0,0,-107875648.0,69,0.0,138,0.0,2.012,ERR,ERR,ERR,ERR,ERR,ERR,ERR,ERR,ERR,ERR,ERR,ERR,ERR,ERR,ERR,ERR,ERR,ERR,ERR,ERR,ERR,ERR,ERR,ERR,ERR,ERR,ERR,ERR,ERR,ERR,ERR,ERR,ERR,ERR,ERR,ERR,ERR,ERR,ERR,ERR,ERR,ERR,ERR,ERR,ERR,ERR,ERR,ERR,ERR,ERR,ERR,ERR,ERR,ERR,ERR,ERR,ERR,ERR,ERR,ERR,ERR,ERR,ERR,ERR,ERR,ERR,ERR,60.0,60.0,35,0.0,0.0,0.0,0.0,0.0,0.0,0.0,0.0,0.0,0.0,0.0,0.0,0.0,0.0,0.0,0.0,65.2,0,150,71,57,65476,0,65476,1,0,4,20529,65476,0,0,2621,60.0,0.0,0.0,0.0,0.0,0.0
2026-07-09T15:36:19,ERR,ERR,ERR,ERR,ERR,ERR,ERR,ERR,ERR,ERR,ERR,ERR,ERR,ERR,ERR,ERR,ERR,ERR,ERR,ERR,ERR,ERR,ERR,ERR,ERR,ERR,ERR,ERR,ERR,ERR,ERR,ERR,ERR,ERR,ERR,ERR,ERR,ERR,ERR,ERR,ERR,ERR,ERR,ERR,ERR,ERR,ERR,ERR,ERR,ERR,ERR,ERR,ERR,ERR,ERR,ERR,ERR,ERR,ERR,ERR,ERR,ERR,ERR,ERR,ERR,ERR,ERR,ERR,ERR,ERR,ERR,ERR,ERR,ERR,ERR,ERR,ERR,ERR,ERR,ERR,ERR,ERR,ERR,ERR,ERR,ERR,ERR,ERR,ERR,ERR,ERR,ERR,ERR,ERR,ERR,ERR,ERR,ERR,ERR,ERR,ERR,ERR,ERR,ERR,ERR,ERR,ERR,ERR,ERR,ERR,ERR,ERR,ERR,ERR,ERR,ERR,ERR,ERR,ERR,ERR,ERR,ERR,ERR,ERR,ERR,-0.0,0.0,2.718423175396658e+23,0.0,0.0,0.0,0.0,5.8089261946062036e+26,0,0,4,17328,7116,0.0,100,0.0,0.0,0.0,0.0,0.0,0,0,0,0,0.0,0,0,0,0,0,0,0,0,0,0,0,0,0,0,0,0,0,0,0,0,0,0,0,0,0,0,0,0,0,0,0,0,0,31,40,40,71,65476,0,300,0,0,8,21553,0.0,-107605600.0,0.0,0.0,0.0,0.0,0.0,0.0,0.0,0.0,0.0,0.0,0.0,0.0,0.0,0.0,0.0,0.0,0.0,0.0,0.0,0.0,0.0,-0.0,0.0,0.0,0.0,0.0,0.0,0.0,5027.0,1.5879295420089355e+29,6926.0,-0.0,-107616128.0,2.004,2.004,0.0,0.0,0.0,0.0,69,-126841167872.0,-0.0,0.0,0.0,0.0,0.0,0.0,0.0,0.0,0,0,0,0.0,0.0,0.0,0.0,0.0,0.0,0.0,0.0,0.0,0.0,0.0,0.0,0.0,0.0,0.0,0.0,0,-107875648.0,69,0.0,138,0.0,2.012,ERR,ERR,ERR,ERR,ERR,ERR,ERR,ERR,ERR,ERR,ERR,ERR,ERR,ERR,ERR,ERR,ERR,ERR,ERR,ERR,ERR,ERR,ERR,ERR,ERR,ERR,ERR,ERR,ERR,ERR,ERR,ERR,ERR,ERR,ERR,ERR,ERR,ERR,ERR,ERR,ERR,ERR,ERR,ERR,ERR,ERR,ERR,ERR,ERR,ERR,ERR,ERR,ERR,ERR,ERR,ERR,ERR,ERR,ERR,ERR,ERR,ERR,ERR,ERR,ERR,ERR,ERR,60.0,60.0,35,0.0,0.0,0.0,0.0,0.0,0.0,0.0,0.0,0.0,0.0,0.0,0.0,0.0,0.0,0.0,0.0,65.2,0,150,71,57,65476,0,65476,1,0,4,20529,65476,0,0,2621,60.0,0.0,0.0,0.0,0.0,0.0
2026-07-09T15:36:20,ERR,ERR,ERR,ERR,ERR,ERR,ERR,ERR,ERR,ERR,ERR,ERR,ERR,ERR,ERR,ERR,ERR,ERR,ERR,ERR,ERR,ERR,ERR,ERR,ERR,ERR,ERR,ERR,ERR,ERR,ERR,ERR,ERR,ERR,ERR,ERR,ERR,ERR,ERR,ERR,ERR,ERR,ERR,ERR,ERR,ERR,ERR,ERR,ERR,ERR,ERR,ERR,ERR,ERR,ERR,ERR,ERR,ERR,ERR,ERR,ERR,ERR,ERR,ERR,ERR,ERR,ERR,ERR,ERR,ERR,ERR,ERR,ERR,ERR,ERR,ERR,ERR,ERR,ERR,ERR,ERR,ERR,ERR,ERR,ERR,ERR,ERR,ERR,ERR,ERR,ERR,ERR,ERR,ERR,ERR,ERR,ERR,ERR,ERR,ERR,ERR,ERR,ERR,ERR,ERR,ERR,ERR,ERR,ERR,ERR,ERR,ERR,ERR,ERR,ERR,ERR,ERR,ERR,ERR,ERR,ERR,ERR,ERR,ERR,ERR,-0.0,0.0,2.718423175396658e+23,0.0,0.0,0.0,0.0,5.8089261946062036e+26,0,0,4,17328,7116,0.0,100,0.0,0.0,0.0,0.0,0.0,0,0,0,0,0.0,0,0,0,0,0,0,0,0,0,0,0,0,0,0,0,0,0,0,0,0,0,0,0,0,0,0,0,0,0,0,0,0,0,31,40,40,71,65476,0,300,0,0,8,21553,0.0,-107605600.0,0.0,0.0,0.0,0.0,0.0,0.0,0.0,0.0,0.0,0.0,0.0,0.0,0.0,0.0,0.0,0.0,0.0,0.0,0.0,0.0,0.0,-0.0,0.0,0.0,0.0,0.0,0.0,0.0,5027.0,1.5879295420089355e+29,6926.0,-0.0,-107616128.0,2.004,2.004,0.0,0.0,0.0,0.0,69,-126841167872.0,-0.0,0.0,0.0,0.0,0.0,0.0,0.0,0.0,0,0,0,0.0,0.0,0.0,0.0,0.0,0.0,0.0,0.0,0.0,0.0,0.0,0.0,0.0,0.0,0.0,0.0,0,-107875648.0,69,0.0,138,0.0,2.012,ERR,ERR,ERR,ERR,ERR,ERR,ERR,ERR,ERR,ERR,ERR,ERR,ERR,ERR,ERR,ERR,ERR,ERR,ERR,ERR,ERR,ERR,ERR,ERR,ERR,ERR,ERR,ERR,ERR,ERR,ERR,ERR,ERR,ERR,ERR,ERR,ERR,ERR,ERR,ERR,ERR,ERR,ERR,ERR,ERR,ERR,ERR,ERR,ERR,ERR,ERR,ERR,ERR,ERR,ERR,ERR,ERR,ERR,ERR,ERR,ERR,ERR,ERR,ERR,ERR,ERR,ERR,60.0,60.0,35,0.0,0.0,0.0,0.0,0.0,0.0,0.0,0.0,0.0,0.0,0.0,0.0,0.0,0.0,0.0,0.0,64.8,0,150,71,57,65476,0,65476,1,0,4,20529,65476,0,0,2621,60.0,0.0,0.0,0.0,0.0,0.0
2026-07-09T15:36:21,ERR,ERR,ERR,ERR,ERR,ERR,ERR,ERR,ERR,ERR,ERR,ERR,ERR,ERR,ERR,ERR,ERR,ERR,ERR,ERR,ERR,ERR,ERR,ERR,ERR,ERR,ERR,ERR,ERR,ERR,ERR,ERR,ERR,ERR,ERR,ERR,ERR,ERR,ERR,ERR,ERR,ERR,ERR,ERR,ERR,ERR,ERR,ERR,ERR,ERR,ERR,ERR,ERR,ERR,ERR,ERR,ERR,ERR,ERR,ERR,ERR,ERR,ERR,ERR,ERR,ERR,ERR,ERR,ERR,ERR,ERR,ERR,ERR,ERR,ERR,ERR,ERR,ERR,ERR,ERR,ERR,ERR,ERR,ERR,ERR,ERR,ERR,ERR,ERR,ERR,ERR,ERR,ERR,ERR,ERR,ERR,ERR,ERR,ERR,ERR,ERR,ERR,ERR,ERR,ERR,ERR,ERR,ERR,ERR,ERR,ERR,ERR,ERR,ERR,ERR,ERR,ERR,ERR,ERR,ERR,ERR,ERR,ERR,ERR,ERR,-0.0,-107616128.0,0.0,2.7183478752108883e+23,-0.0,-0.0,-0.681,0.0,0,0,4,17331,7116,0.0,100,0.0,0.0,2.7183478752108883e+23,0.0,0.0,0,0,0,0,0.0,0,0,0,0,0,0,0,0,0,0,0,0,0,0,0,0,0,0,0,0,0,0,0,0,0,0,0,0,0,0,0,0,0,31,40,40,71,65476,0,300,0,0,8,21553,0.0,-107605600.0,0.0,0.0,0.0,0.0,0.0,0.0,0.0,0.0,0.0,0.0,0.0,0.0,-2.596148429267414e+33,0.0,0.0,0.0,0.0,0.0,0.0,0.0,0.0,-0.0,0.0,0.0,0.0,0.0,0.0,0.0,5049.0,8608183296.0,6922.0,0.0,-107616128.0,2.004,2.004,0.0,0.0,0.0,0.0,69,-0.0,1.9056860945658675e+17,0.0,0.0,0.0,0.0,0.0,0.0,0.0,0,0,0,0.0,0.0,0.0,0.0,0.0,0.0,0.0,0.0,0.0,0.0,0.0,0.0,0.0,0.0,0.0,0.0,0,-107875648.0,69,0.0,138,0.0,2.012,ERR,ERR,ERR,ERR,ERR,ERR,ERR,ERR,ERR,ERR,ERR,ERR,ERR,ERR,ERR,ERR,ERR,ERR,ERR,ERR,ERR,ERR,ERR,ERR,ERR,ERR,ERR,ERR,ERR,ERR,ERR,ERR,ERR,ERR,ERR,ERR,ERR,ERR,ERR,ERR,ERR,ERR,ERR,ERR,ERR,ERR,ERR,ERR,ERR,ERR,ERR,ERR,ERR,ERR,ERR,ERR,ERR,ERR,ERR,ERR,ERR,ERR,ERR,ERR,ERR,ERR,ERR,60.0,60.0,35,0.0,0.0,0.0,0.0,0.0,0.0,0.0,0.0,0.0,0.0,0.0,0.0,0.0,0.0,0.0,0.0,64.8,0,150,71,57,65476,0,65476,1,0,4,20529,65476,0,0,2621,60.0,0.0,0.0,0.0,0.0,0.0
2026-07-09T15:36:22,ERR,ERR,ERR,ERR,ERR,ERR,ERR,ERR,ERR,ERR,ERR,ERR,ERR,ERR,ERR,ERR,ERR,ERR,ERR,ERR,ERR,ERR,ERR,ERR,ERR,ERR,ERR,ERR,ERR,ERR,ERR,ERR,ERR,ERR,ERR,ERR,ERR,ERR,ERR,ERR,ERR,ERR,ERR,ERR,ERR,ERR,ERR,ERR,ERR,ERR,ERR,ERR,ERR,ERR,ERR,ERR,ERR,ERR,ERR,ERR,ERR,ERR,ERR,ERR,ERR,ERR,ERR,ERR,ERR,ERR,ERR,ERR,ERR,ERR,ERR,ERR,ERR,ERR,ERR,ERR,ERR,ERR,ERR,ERR,ERR,ERR,ERR,ERR,ERR,ERR,ERR,ERR,ERR,ERR,ERR,ERR,ERR,ERR,ERR,ERR,ERR,ERR,ERR,ERR,ERR,ERR,ERR,ERR,ERR,ERR,ERR,ERR,ERR,ERR,ERR,ERR,ERR,ERR,ERR,ERR,ERR,ERR,ERR,ERR,ERR,-0.0,-107616128.0,0.0,2.7183478752108883e+23,-0.0,-0.0,-0.681,0.0,0,0,4,17331,7116,0.0,100,0.0,0.0,2.7183478752108883e+23,0.0,0.0,0,0,0,0,0.0,0,0,0,0,0,0,0,0,0,0,0,0,0,0,0,0,0,0,0,0,0,0,0,0,0,0,0,0,0,0,0,0,0,31,40,40,71,65476,0,300,0,0,8,21553,0.0,-107605600.0,0.0,0.0,0.0,0.0,0.0,0.0,0.0,0.0,0.0,0.0,0.0,0.0,-2.596148429267414e+33,0.0,0.0,0.0,0.0,0.0,0.0,0.0,0.0,-0.0,0.0,0.0,0.0,0.0,0.0,0.0,5049.0,8608183296.0,6922.0,0.0,-107616128.0,2.004,2.004,0.0,0.0,0.0,0.0,69,-0.0,1.9056860945658675e+17,0.0,0.0,0.0,0.0,0.0,0.0,0.0,0,0,0,0.0,0.0,0.0,0.0,0.0,0.0,0.0,0.0,0.0,0.0,0.0,0.0,0.0,0.0,0.0,0.0,0,-107875648.0,69,0.0,138,0.0,2.012,ERR,ERR,ERR,ERR,ERR,ERR,ERR,ERR,ERR,ERR,ERR,ERR,ERR,ERR,ERR,ERR,ERR,ERR,ERR,ERR,ERR,ERR,ERR,ERR,ERR,ERR,ERR,ERR,ERR,ERR,ERR,ERR,ERR,ERR,ERR,ERR,ERR,ERR,ERR,ERR,ERR,ERR,ERR,ERR,ERR,ERR,ERR,ERR,ERR,ERR,ERR,ERR,ERR,ERR,ERR,ERR,ERR,ERR,ERR,ERR,ERR,ERR,ERR,ERR,ERR,ERR,ERR,60.0,60.0,35,0.0,0.0,0.0,0.0,0.0,0.0,0.0,0.0,0.0,0.0,0.0,0.0,0.0,0.0,0.0,0.0,64.8,0,150,71,57,65476,0,65476,1,0,4,20529,65476,0,0,2621,60.0,0.0,0.0,0.0,0.0,0.0
2026-07-09T15:36:23,ERR,ERR,ERR,ERR,ERR,ERR,ERR,ERR,ERR,ERR,ERR,ERR,ERR,ERR,ERR,ERR,ERR,ERR,ERR,ERR,ERR,ERR,ERR,ERR,ERR,ERR,ERR,ERR,ERR,ERR,ERR,ERR,ERR,ERR,ERR,ERR,ERR,ERR,ERR,ERR,ERR,ERR,ERR,ERR,ERR,ERR,ERR,ERR,ERR,ERR,ERR,ERR,ERR,ERR,ERR,ERR,ERR,ERR,ERR,ERR,ERR,ERR,ERR,ERR,ERR,ERR,ERR,ERR,ERR,ERR,ERR,ERR,ERR,ERR,ERR,ERR,ERR,ERR,ERR,ERR,ERR,ERR,ERR,ERR,ERR,ERR,ERR,ERR,ERR,ERR,ERR,ERR,ERR,ERR,ERR,ERR,ERR,ERR,ERR,ERR,ERR,ERR,ERR,ERR,ERR,ERR,ERR,ERR,ERR,ERR,ERR,ERR,ERR,ERR,ERR,ERR,ERR,ERR,ERR,ERR,ERR,ERR,ERR,ERR,ERR,-0.0,-107616128.0,0.0,2.7183478752108883e+23,-0.0,-0.0,-0.681,0.0,0,0,4,17331,7116,0.0,100,0.0,0.0,2.7183478752108883e+23,0.0,0.0,0,0,0,0,0.0,0,0,0,0,0,0,0,0,0,0,0,0,0,0,0,0,0,0,0,0,0,0,0,0,0,0,0,0,0,0,0,0,0,31,40,40,71,65476,0,300,0,0,8,21553,0.0,-107605600.0,0.0,0.0,0.0,0.0,0.0,0.0,0.0,0.0,0.0,0.0,0.0,0.0,-2.596148429267414e+33,0.0,0.0,0.0,0.0,0.0,0.0,0.0,0.0,-0.0,0.0,0.0,0.0,0.0,0.0,0.0,5049.0,8608183296.0,6922.0,0.0,-107616128.0,2.004,2.004,0.0,0.0,0.0,0.0,69,-0.0,1.9056860945658675e+17,0.0,0.0,0.0,0.0,0.0,0.0,0.0,0,0,0,0.0,0.0,0.0,0.0,0.0,0.0,0.0,0.0,0.0,0.0,0.0,0.0,0.0,0.0,0.0,0.0,0,-107875648.0,69,0.0,138,0.0,2.012,ERR,ERR,ERR,ERR,ERR,ERR,ERR,ERR,ERR,ERR,ERR,ERR,ERR,ERR,ERR,ERR,ERR,ERR,ERR,ERR,ERR,ERR,ERR,ERR,ERR,ERR,ERR,ERR,ERR,ERR,ERR,ERR,ERR,ERR,ERR,ERR,ERR,ERR,ERR,ERR,ERR,ERR,ERR,ERR,ERR,ERR,ERR,ERR,ERR,ERR,ERR,ERR,ERR,ERR,ERR,ERR,ERR,ERR,ERR,ERR,ERR,ERR,ERR,ERR,ERR,ERR,ERR,60.0,60.0,35,0.0,0.0,0.0,0.0,0.0,0.0,0.0,0.0,0.0,0.0,0.0,0.0,0.0,0.0,0.0,0.0,64.8,0,150,71,57,65476,0,65476,1,0,4,20529,65476,0,0,2621,60.0,0.0,0.0,0.0,0.0,0.0
2026-07-09T15:36:24,ERR,ERR,ERR,ERR,ERR,ERR,ERR,ERR,ERR,ERR,ERR,ERR,ERR,ERR,ERR,ERR,ERR,ERR,ERR,ERR,ERR,ERR,ERR,ERR,ERR,ERR,ERR,ERR,ERR,ERR,ERR,ERR,ERR,ERR,ERR,ERR,ERR,ERR,ERR,ERR,ERR,ERR,ERR,ERR,ERR,ERR,ERR,ERR,ERR,ERR,ERR,ERR,ERR,ERR,ERR,ERR,ERR,ERR,ERR,ERR,ERR,ERR,ERR,ERR,ERR,ERR,ERR,ERR,ERR,ERR,ERR,ERR,ERR,ERR,ERR,ERR,ERR,ERR,ERR,ERR,ERR,ERR,ERR,ERR,ERR,ERR,ERR,ERR,ERR,ERR,ERR,ERR,ERR,ERR,ERR,ERR,ERR,ERR,ERR,ERR,ERR,ERR,ERR,ERR,ERR,ERR,ERR,ERR,ERR,ERR,ERR,ERR,ERR,ERR,ERR,ERR,ERR,ERR,ERR,ERR,ERR,ERR,ERR,ERR,ERR,-0.0,-107616128.0,0.0,2.7183478752108883e+23,-0.0,-0.0,-0.681,0.0,0,0,4,17331,7116,0.0,100,0.0,0.0,2.7183478752108883e+23,0.0,0.0,0,0,0,0,0.0,0,0,0,0,0,0,0,0,0,0,0,0,0,0,0,0,0,0,0,0,0,0,0,0,0,0,0,0,0,0,0,0,0,31,40,40,71,65476,0,300,0,0,8,21553,0.0,-107605600.0,0.0,0.0,0.0,0.0,0.0,0.0,0.0,0.0,0.0,0.0,0.0,0.0,-2.596148429267414e+33,0.0,0.0,0.0,0.0,0.0,0.0,0.0,0.0,-0.0,0.0,0.0,0.0,0.0,0.0,0.0,5049.0,8608183296.0,6922.0,0.0,-107616128.0,2.004,2.004,0.0,0.0,0.0,0.0,69,-0.0,1.9056860945658675e+17,0.0,0.0,0.0,0.0,0.0,0.0,0.0,0,0,0,0.0,0.0,0.0,0.0,0.0,0.0,0.0,0.0,0.0,0.0,0.0,0.0,0.0,0.0,0.0,0.0,0,-107875648.0,69,0.0,138,0.0,2.012,ERR,ERR,ERR,ERR,ERR,ERR,ERR,ERR,ERR,ERR,ERR,ERR,ERR,ERR,ERR,ERR,ERR,ERR,ERR,ERR,ERR,ERR,ERR,ERR,ERR,ERR,ERR,ERR,ERR,ERR,ERR,ERR,ERR,ERR,ERR,ERR,ERR,ERR,ERR,ERR,ERR,ERR,ERR,ERR,ERR,ERR,ERR,ERR,ERR,ERR,ERR,ERR,ERR,ERR,ERR,ERR,ERR,ERR,ERR,ERR,ERR,ERR,ERR,ERR,ERR,ERR,ERR,60.0,60.0,35,0.0,0.0,0.0,0.0,0.0,0.0,0.0,0.0,0.0,0.0,0.0,0.0,0.0,0.0,0.0,0.0,64.8,0,150,71,57,65476,0,65476,1,0,4,20529,65476,0,0,2621,60.0,0.0,0.0,0.0,0.0,0.0
2026-07-09T15:36:25,ERR,ERR,ERR,ERR,ERR,ERR,ERR,ERR,ERR,ERR,ERR,ERR,ERR,ERR,ERR,ERR,ERR,ERR,ERR,ERR,ERR,ERR,ERR,ERR,ERR,ERR,ERR,ERR,ERR,ERR,ERR,ERR,ERR,ERR,ERR,ERR,ERR,ERR,ERR,ERR,ERR,ERR,ERR,ERR,ERR,ERR,ERR,ERR,ERR,ERR,ERR,ERR,ERR,ERR,ERR,ERR,ERR,ERR,ERR,ERR,ERR,ERR,ERR,ERR,ERR,ERR,ERR,ERR,ERR,ERR,ERR,ERR,ERR,ERR,ERR,ERR,ERR,ERR,ERR,ERR,ERR,ERR,ERR,ERR,ERR,ERR,ERR,ERR,ERR,ERR,ERR,ERR,ERR,ERR,ERR,ERR,ERR,ERR,ERR,ERR,ERR,ERR,ERR,ERR,ERR,ERR,ERR,ERR,ERR,ERR,ERR,ERR,ERR,ERR,ERR,ERR,ERR,ERR,ERR,ERR,ERR,ERR,ERR,ERR,ERR,-0.0,-107616128.0,0.0,2.7183478752108883e+23,-0.0,-0.0,-0.681,0.0,0,0,4,17331,7116,0.0,100,0.0,0.0,2.7183478752108883e+23,0.0,0.0,0,0,0,0,0.0,0,0,0,0,0,0,0,0,0,0,0,0,0,0,0,0,0,0,0,0,0,0,0,0,0,0,0,0,0,0,0,0,0,31,40,40,71,65476,0,300,0,0,8,21553,0.0,-107605600.0,0.0,0.0,0.0,0.0,0.0,0.0,0.0,0.0,0.0,0.0,0.0,0.0,-2.596148429267414e+33,0.0,0.0,0.0,0.0,0.0,0.0,0.0,0.0,-0.0,0.0,0.0,0.0,0.0,0.0,0.0,5049.0,8608183296.0,6922.0,0.0,-107616128.0,2.004,2.004,0.0,0.0,0.0,0.0,69,-0.0,1.9056860945658675e+17,0.0,0.0,0.0,0.0,0.0,0.0,0.0,0,0,0,0.0,0.0,0.0,0.0,0.0,0.0,0.0,0.0,0.0,0.0,0.0,0.0,0.0,0.0,0.0,0.0,0,-107875648.0,69,0.0,138,0.0,2.012,ERR,ERR,ERR,ERR,ERR,ERR,ERR,ERR,ERR,ERR,ERR,ERR,ERR,ERR,ERR,ERR,ERR,ERR,ERR,ERR,ERR,ERR,ERR,ERR,ERR,ERR,ERR,ERR,ERR,ERR,ERR,ERR,ERR,ERR,ERR,ERR,ERR,ERR,ERR,ERR,ERR,ERR,ERR,ERR,ERR,ERR,ERR,ERR,ERR,ERR,ERR,ERR,ERR,ERR,ERR,ERR,ERR,ERR,ERR,ERR,ERR,ERR,ERR,ERR,ERR,ERR,ERR,60.0,60.0,35,0.0,0.0,0.0,0.0,0.0,0.0,0.0,0.0,0.0,0.0,0.0,0.0,0.0,0.0,0.0,0.0,64.8,0,150,71,57,65476,0,65476,1,0,4,20529,65476,0,0,2621,60.0,0.0,0.0,0.0,0.0,0.0
2026-07-09T15:36:26,ERR,ERR,ERR,ERR,ERR,ERR,ERR,ERR,ERR,ERR,ERR,ERR,ERR,ERR,ERR,ERR,ERR,ERR,ERR,ERR,ERR,ERR,ERR,ERR,ERR,ERR,ERR,ERR,ERR,ERR,ERR,ERR,ERR,ERR,ERR,ERR,ERR,ERR,ERR,ERR,ERR,ERR,ERR,ERR,ERR,ERR,ERR,ERR,ERR,ERR,ERR,ERR,ERR,ERR,ERR,ERR,ERR,ERR,ERR,ERR,ERR,ERR,ERR,ERR,ERR,ERR,ERR,ERR,ERR,ERR,ERR,ERR,ERR,ERR,ERR,ERR,ERR,ERR,ERR,ERR,ERR,ERR,ERR,ERR,ERR,ERR,ERR,ERR,ERR,ERR,ERR,ERR,ERR,ERR,ERR,ERR,ERR,ERR,ERR,ERR,ERR,ERR,ERR,ERR,ERR,ERR,ERR,ERR,ERR,ERR,ERR,ERR,ERR,ERR,ERR,ERR,ERR,ERR,ERR,ERR,ERR,ERR,ERR,ERR,ERR,0.0,-0.0,0.0,0.0,-8.08,-0.415,0.0,0.0,0,0,4,17328,7116,0.0,100,0.0,0.0,0.0,0.0,0.0,0,0,0,0,0.0,0,0,0,0,0,0,0,0,0,0,0,0,0,0,0,0,0,0,0,0,0,0,0,0,0,0,0,0,0,0,0,0,0,31,40,40,71,65476,0,300,0,0,8,21553,0.0,-107605600.0,0.0,0.0,0.0,0.0,0.0,0.0,0.0,0.0,0.0,0.0,0.0,0.0,0.0,0.0,0.0,0.0,0.0,0.0,0.0,0.0,-2.004,2.004,0.0,0.0,0.0,0.0,0.0,0.0,5043.0,131350.453,6921.0,0.0,2.7184476749786308e+23,2.004,2.004,0.0,0.0,0.0,0.0,69,4.066882747792088e+29,89220.57,0.0,0.0,0.0,0.0,0.0,0.0,0.0,0,0,0,0.0,0.0,0.0,0.0,0.0,0.0,0.0,0.0,0.0,0.0,0.0,0.0,0.0,0.0,0.0,0.0,0,-107875648.0,69,0.0,138,0.0,2.012,ERR,ERR,ERR,ERR,ERR,ERR,ERR,ERR,ERR,ERR,ERR,ERR,ERR,ERR,ERR,ERR,ERR,ERR,ERR,ERR,ERR,ERR,ERR,ERR,ERR,ERR,ERR,ERR,ERR,ERR,ERR,ERR,ERR,ERR,ERR,ERR,ERR,ERR,ERR,ERR,ERR,ERR,ERR,ERR,ERR,ERR,ERR,ERR,ERR,ERR,ERR,ERR,ERR,ERR,ERR,ERR,ERR,ERR,ERR,ERR,ERR,ERR,ERR,ERR,ERR,ERR,ERR,60.0,60.0,35,0.0,0.0,0.0,0.0,0.0,0.0,0.0,0.0,0.0,0.0,0.0,0.0,0.0,0.0,0.0,0.0,65.2,0,150,71,57,65476,0,65476,1,0,4,20529,65476,0,0,2621,60.0,0.0,0.0,0.0,0.0,0.0
2026-07-09T15:36:27,ERR,ERR,ERR,ERR,ERR,ERR,ERR,ERR,ERR,ERR,ERR,ERR,ERR,ERR,ERR,ERR,ERR,ERR,ERR,ERR,ERR,ERR,ERR,ERR,ERR,ERR,ERR,ERR,ERR,ERR,ERR,ERR,ERR,ERR,ERR,ERR,ERR,ERR,ERR,ERR,ERR,ERR,ERR,ERR,ERR,ERR,ERR,ERR,ERR,ERR,ERR,ERR,ERR,ERR,ERR,ERR,ERR,ERR,ERR,ERR,ERR,ERR,ERR,ERR,ERR,ERR,ERR,ERR,ERR,ERR,ERR,ERR,ERR,ERR,ERR,ERR,ERR,ERR,ERR,ERR,ERR,ERR,ERR,ERR,ERR,ERR,ERR,ERR,ERR,ERR,ERR,ERR,ERR,ERR,ERR,ERR,ERR,ERR,ERR,ERR,ERR,ERR,ERR,ERR,ERR,ERR,ERR,ERR,ERR,ERR,ERR,ERR,ERR,ERR,ERR,ERR,ERR,ERR,ERR,ERR,ERR,ERR,ERR,ERR,ERR,0.0,-0.0,0.0,0.0,-8.08,-0.415,0.0,0.0,0,0,4,17328,7116,0.0,100,0.0,0.0,0.0,0.0,0.0,0,0,0,0,0.0,0,0,0,0,0,0,0,0,0,0,0,0,0,0,0,0,0,0,0,0,0,0,0,0,0,0,0,0,0,0,0,0,0,31,40,40,71,65476,0,300,0,0,8,21553,0.0,-107605600.0,0.0,0.0,0.0,0.0,0.0,0.0,0.0,0.0,0.0,0.0,0.0,0.0,0.0,0.0,0.0,0.0,0.0,0.0,0.0,0.0,-2.004,2.004,0.0,0.0,0.0,0.0,0.0,0.0,5043.0,131350.453,6921.0,0.0,2.7184476749786308e+23,2.004,2.004,0.0,0.0,0.0,0.0,69,4.066882747792088e+29,89220.57,0.0,0.0,0.0,0.0,0.0,0.0,0.0,0,0,0,0.0,0.0,0.0,0.0,0.0,0.0,0.0,0.0,0.0,0.0,0.0,0.0,0.0,0.0,0.0,0.0,0,-107875648.0,69,0.0,138,0.0,2.012,ERR,ERR,ERR,ERR,ERR,ERR,ERR,ERR,ERR,ERR,ERR,ERR,ERR,ERR,ERR,ERR,ERR,ERR,ERR,ERR,ERR,ERR,ERR,ERR,ERR,ERR,ERR,ERR,ERR,ERR,ERR,ERR,ERR,ERR,ERR,ERR,ERR,ERR,ERR,ERR,ERR,ERR,ERR,ERR,ERR,ERR,ERR,ERR,ERR,ERR,ERR,ERR,ERR,ERR,ERR,ERR,ERR,ERR,ERR,ERR,ERR,ERR,ERR,ERR,ERR,ERR,ERR,60.0,60.0,35,0.0,0.0,0.0,0.0,0.0,0.0,0.0,0.0,0.0,0.0,0.0,0.0,0.0,0.0,0.0,0.0,65.2,0,150,71,57,65476,0,65476,1,0,4,20529,65476,0,0,2621,60.0,0.0,0.0,0.0,0.0,0.0
2026-07-09T15:36:28,ERR,ERR,ERR,ERR,ERR,ERR,ERR,ERR,ERR,ERR,ERR,ERR,ERR,ERR,ERR,ERR,ERR,ERR,ERR,ERR,ERR,ERR,ERR,ERR,ERR,ERR,ERR,ERR,ERR,ERR,ERR,ERR,ERR,ERR,ERR,ERR,ERR,ERR,ERR,ERR,ERR,ERR,ERR,ERR,ERR,ERR,ERR,ERR,ERR,ERR,ERR,ERR,ERR,ERR,ERR,ERR,ERR,ERR,ERR,ERR,ERR,ERR,ERR,ERR,ERR,ERR,ERR,ERR,ERR,ERR,ERR,ERR,ERR,ERR,ERR,ERR,ERR,ERR,ERR,ERR,ERR,ERR,ERR,ERR,ERR,ERR,ERR,ERR,ERR,ERR,ERR,ERR,ERR,ERR,ERR,ERR,ERR,ERR,ERR,ERR,ERR,ERR,ERR,ERR,ERR,ERR,ERR,ERR,ERR,ERR,ERR,ERR,ERR,ERR,ERR,ERR,ERR,ERR,ERR,ERR,ERR,ERR,ERR,ERR,ERR,0.0,-0.0,0.0,0.0,-8.08,-0.415,0.0,0.0,0,0,4,17328,7116,0.0,100,0.0,0.0,0.0,0.0,0.0,0,0,0,0,0.0,0,0,0,0,0,0,0,0,0,0,0,0,0,0,0,0,0,0,0,0,0,0,0,0,0,0,0,0,0,0,0,0,0,31,40,40,71,65476,0,300,0,0,8,21553,0.0,-107605600.0,0.0,0.0,0.0,0.0,0.0,0.0,0.0,0.0,0.0,0.0,0.0,0.0,0.0,0.0,0.0,0.0,0.0,0.0,0.0,0.0,-2.004,2.004,0.0,0.0,0.0,0.0,0.0,0.0,5043.0,131350.453,6921.0,0.0,2.7184476749786308e+23,2.004,2.004,0.0,0.0,0.0,0.0,69,4.066882747792088e+29,89220.57,0.0,0.0,0.0,0.0,0.0,0.0,0.0,0,0,0,0.0,0.0,0.0,0.0,0.0,0.0,0.0,0.0,0.0,0.0,0.0,0.0,0.0,0.0,0.0,0.0,0,-107875648.0,69,0.0,138,0.0,2.012,ERR,ERR,ERR,ERR,ERR,ERR,ERR,ERR,ERR,ERR,ERR,ERR,ERR,ERR,ERR,ERR,ERR,ERR,ERR,ERR,ERR,ERR,ERR,ERR,ERR,ERR,ERR,ERR,ERR,ERR,ERR,ERR,ERR,ERR,ERR,ERR,ERR,ERR,ERR,ERR,ERR,ERR,ERR,ERR,ERR,ERR,ERR,ERR,ERR,ERR,ERR,ERR,ERR,ERR,ERR,ERR,ERR,ERR,ERR,ERR,ERR,ERR,ERR,ERR,ERR,ERR,ERR,60.0,60.0,35,0.0,0.0,0.0,0.0,0.0,0.0,0.0,0.0,0.0,0.0,0.0,0.0,0.0,0.0,0.0,0.0,64.8,0,150,71,57,65476,0,65476,1,0,4,20529,65476,0,0,2621,60.0,0.0,0.0,0.0,0.0,0.0
2026-07-09T15:36:29,ERR,ERR,ERR,ERR,ERR,ERR,ERR,ERR,ERR,ERR,ERR,ERR,ERR,ERR,ERR,ERR,ERR,ERR,ERR,ERR,ERR,ERR,ERR,ERR,ERR,ERR,ERR,ERR,ERR,ERR,ERR,ERR,ERR,ERR,ERR,ERR,ERR,ERR,ERR,ERR,ERR,ERR,ERR,ERR,ERR,ERR,ERR,ERR,ERR,ERR,ERR,ERR,ERR,ERR,ERR,ERR,ERR,ERR,ERR,ERR,ERR,ERR,ERR,ERR,ERR,ERR,ERR,ERR,ERR,ERR,ERR,ERR,ERR,ERR,ERR,ERR,ERR,ERR,ERR,ERR,ERR,ERR,ERR,ERR,ERR,ERR,ERR,ERR,ERR,ERR,ERR,ERR,ERR,ERR,ERR,ERR,ERR,ERR,ERR,ERR,ERR,ERR,ERR,ERR,ERR,ERR,ERR,ERR,ERR,ERR,ERR,ERR,ERR,ERR,ERR,ERR,ERR,ERR,ERR,ERR,ERR,ERR,ERR,ERR,ERR,0.0,-0.0,0.0,0.0,-8.08,-0.415,0.0,0.0,0,0,4,17328,7116,0.0,100,0.0,0.0,0.0,0.0,0.0,0,0,0,0,0.0,0,0,0,0,0,0,0,0,0,0,0,0,0,0,0,0,0,0,0,0,0,0,0,0,0,0,0,0,0,0,0,0,0,31,40,40,71,65476,0,300,0,0,8,21553,0.0,-107605600.0,0.0,0.0,0.0,0.0,0.0,0.0,0.0,0.0,0.0,0.0,0.0,0.0,0.0,0.0,0.0,0.0,0.0,0.0,0.0,0.0,-2.004,2.004,0.0,0.0,0.0,0.0,0.0,0.0,5043.0,131350.453,6921.0,0.0,2.7184476749786308e+23,2.004,2.004,0.0,0.0,0.0,0.0,69,4.066882747792088e+29,89220.57,0.0,0.0,0.0,0.0,0.0,0.0,0.0,0,0,0,0.0,0.0,0.0,0.0,0.0,0.0,0.0,0.0,0.0,0.0,0.0,0.0,0.0,0.0,0.0,0.0,0,-107875648.0,69,0.0,138,0.0,2.012,ERR,ERR,ERR,ERR,ERR,ERR,ERR,ERR,ERR,ERR,ERR,ERR,ERR,ERR,ERR,ERR,ERR,ERR,ERR,ERR,ERR,ERR,ERR,ERR,ERR,ERR,ERR,ERR,ERR,ERR,ERR,ERR,ERR,ERR,ERR,ERR,ERR,ERR,ERR,ERR,ERR,ERR,ERR,ERR,ERR,ERR,ERR,ERR,ERR,ERR,ERR,ERR,ERR,ERR,ERR,ERR,ERR,ERR,ERR,ERR,ERR,ERR,ERR,ERR,ERR,ERR,ERR,60.0,60.0,35,0.0,0.0,0.0,0.0,0.0,0.0,0.0,0.0,0.0,0.0,0.0,0.0,0.0,0.0,0.0,0.0,64.8,0,150,71,57,65476,0,65476,1,0,4,20529,65476,0,0,2621,60.0,0.0,0.0,0.0,0.0,0.0
2026-07-09T15:36:30,ERR,ERR,ERR,ERR,ERR,ERR,ERR,ERR,ERR,ERR,ERR,ERR,ERR,ERR,ERR,ERR,ERR,ERR,ERR,ERR,ERR,ERR,ERR,ERR,ERR,ERR,ERR,ERR,ERR,ERR,ERR,ERR,ERR,ERR,ERR,ERR,ERR,ERR,ERR,ERR,ERR,ERR,ERR,ERR,ERR,ERR,ERR,ERR,ERR,ERR,ERR,ERR,ERR,ERR,ERR,ERR,ERR,ERR,ERR,ERR,ERR,ERR,ERR,ERR,ERR,ERR,ERR,ERR,ERR,ERR,ERR,ERR,ERR,ERR,ERR,ERR,ERR,ERR,ERR,ERR,ERR,ERR,ERR,ERR,ERR,ERR,ERR,ERR,ERR,ERR,ERR,ERR,ERR,ERR,ERR,ERR,ERR,ERR,ERR,ERR,ERR,ERR,ERR,ERR,ERR,ERR,ERR,ERR,ERR,ERR,ERR,ERR,ERR,ERR,ERR,ERR,ERR,ERR,ERR,ERR,ERR,ERR,ERR,ERR,ERR,0.0,-0.0,0.0,0.0,-8.08,-0.415,0.0,0.0,0,0,4,17328,7116,0.0,100,0.0,0.0,0.0,0.0,0.0,0,0,0,0,0.0,0,0,0,0,0,0,0,0,0,0,0,0,0,0,0,0,0,0,0,0,0,0,0,0,0,0,0,0,0,0,0,0,0,31,40,40,71,65476,0,300,0,0,8,21553,0.0,-107605600.0,0.0,0.0,0.0,0.0,0.0,0.0,0.0,0.0,0.0,0.0,0.0,0.0,0.0,0.0,0.0,0.0,0.0,0.0,0.0,0.0,-2.004,2.004,0.0,0.0,0.0,0.0,0.0,0.0,5043.0,131350.453,6921.0,0.0,2.7184476749786308e+23,2.004,2.004,0.0,0.0,0.0,0.0,69,4.066882747792088e+29,89220.57,0.0,0.0,0.0,0.0,0.0,0.0,0.0,0,0,0,0.0,0.0,0.0,0.0,0.0,0.0,0.0,0.0,0.0,0.0,0.0,0.0,0.0,0.0,0.0,0.0,0,-107875648.0,69,0.0,138,0.0,2.012,ERR,ERR,ERR,ERR,ERR,ERR,ERR,ERR,ERR,ERR,ERR,ERR,ERR,ERR,ERR,ERR,ERR,ERR,ERR,ERR,ERR,ERR,ERR,ERR,ERR,ERR,ERR,ERR,ERR,ERR,ERR,ERR,ERR,ERR,ERR,ERR,ERR,ERR,ERR,ERR,ERR,ERR,ERR,ERR,ERR,ERR,ERR,ERR,ERR,ERR,ERR,ERR,ERR,ERR,ERR,ERR,ERR,ERR,ERR,ERR,ERR,ERR,ERR,ERR,ERR,ERR,ERR,60.0,60.0,35,0.0,0.0,0.0,0.0,0.0,0.0,0.0,0.0,0.0,0.0,0.0,0.0,0.0,0.0,0.0,0.0,64.8,0,150,71,57,65476,0,65476,1,0,4,20529,65476,0,0,2621,60.0,0.0,0.0,0.0,0.0,0.0
2026-07-09T15:36:31,ERR,ERR,ERR,ERR,ERR,ERR,ERR,ERR,ERR,ERR,ERR,ERR,ERR,ERR,ERR,ERR,ERR,ERR,ERR,ERR,ERR,ERR,ERR,ERR,ERR,ERR,ERR,ERR,ERR,ERR,ERR,ERR,ERR,ERR,ERR,ERR,ERR,ERR,ERR,ERR,ERR,ERR,ERR,ERR,ERR,ERR,ERR,ERR,ERR,ERR,ERR,ERR,ERR,ERR,ERR,ERR,ERR,ERR,ERR,ERR,ERR,ERR,ERR,ERR,ERR,ERR,ERR,ERR,ERR,ERR,ERR,ERR,ERR,ERR,ERR,ERR,ERR,ERR,ERR,ERR,ERR,ERR,ERR,ERR,ERR,ERR,ERR,ERR,ERR,ERR,ERR,ERR,ERR,ERR,ERR,ERR,ERR,ERR,ERR,ERR,ERR,ERR,ERR,ERR,ERR,ERR,ERR,ERR,ERR,ERR,ERR,ERR,ERR,ERR,ERR,ERR,ERR,ERR,ERR,ERR,ERR,ERR,ERR,ERR,ERR,-107615168.0,0.0,0.0,0.0,0.0,0.0,3.512024007228247e+35,0.0,0,0,4,17330,7116,0.0,100,0.0,0.0,0.0,0.0,0.0,0,0,0,0,0.0,0,0,0,0,0,0,0,0,0,0,0,0,0,0,0,0,0,0,0,0,0,0,0,0,0,0,0,0,0,0,0,0,0,31,40,40,71,65476,0,300,0,0,8,21553,0.0,-107605600.0,0.0,0.0,0.0,0.0,0.0,0.0,0.0,0.0,0.0,0.0,0.0,0.0,0.0,0.0,0.0,0.0,0.0,0.0,0.0,0.0,-0.0,-3.697070465001456e+19,0.0,0.0,0.0,0.0,0.0,0.0,5031.0,0.0,6917.0,-107615168.0,-107616120.0,2.004,2.004,0.0,0.0,0.0,0.0,69,0.059,89220.57,0.0,0.0,0.0,0.0,0.0,0.0,0.0,0,0,0,0.0,0.0,0.0,0.0,0.0,0.0,0.0,0.0,0.0,0.0,0.0,0.0,0.0,0.0,0.0,0.0,0,-107875648.0,69,0.0,138,0.0,2.012,ERR,ERR,ERR,ERR,ERR,ERR,ERR,ERR,ERR,ERR,ERR,ERR,ERR,ERR,ERR,ERR,ERR,ERR,ERR,ERR,ERR,ERR,ERR,ERR,ERR,ERR,ERR,ERR,ERR,ERR,ERR,ERR,ERR,ERR,ERR,ERR,ERR,ERR,ERR,ERR,ERR,ERR,ERR,ERR,ERR,ERR,ERR,ERR,ERR,ERR,ERR,ERR,ERR,ERR,ERR,ERR,ERR,ERR,ERR,ERR,ERR,ERR,ERR,ERR,ERR,ERR,ERR,60.0,60.0,35,0.0,0.0,0.0,0.0,0.0,0.0,0.0,0.0,0.0,0.0,0.0,0.0,0.0,0.0,0.0,0.0,65.2,0,150,71,57,65476,0,65476,1,0,4,20529,65476,0,0,2621,60.0,0.0,0.0,0.0,0.0,0.0
2026-07-09T15:36:32,ERR,ERR,ERR,ERR,ERR,ERR,ERR,ERR,ERR,ERR,ERR,ERR,ERR,ERR,ERR,ERR,ERR,ERR,ERR,ERR,ERR,ERR,ERR,ERR,ERR,ERR,ERR,ERR,ERR,ERR,ERR,ERR,ERR,ERR,ERR,ERR,ERR,ERR,ERR,ERR,ERR,ERR,ERR,ERR,ERR,ERR,ERR,ERR,ERR,ERR,ERR,ERR,ERR,ERR,ERR,ERR,ERR,ERR,ERR,ERR,ERR,ERR,ERR,ERR,ERR,ERR,ERR,ERR,ERR,ERR,ERR,ERR,ERR,ERR,ERR,ERR,ERR,ERR,ERR,ERR,ERR,ERR,ERR,ERR,ERR,ERR,ERR,ERR,ERR,ERR,ERR,ERR,ERR,ERR,ERR,ERR,ERR,ERR,ERR,ERR,ERR,ERR,ERR,ERR,ERR,ERR,ERR,ERR,ERR,ERR,ERR,ERR,ERR,ERR,ERR,ERR,ERR,ERR,ERR,ERR,ERR,ERR,ERR,ERR,ERR,-107615168.0,0.0,0.0,0.0,0.0,0.0,3.512024007228247e+35,0.0,0,0,4,17330,7116,0.0,100,0.0,0.0,0.0,0.0,0.0,0,0,0,0,0.0,0,0,0,0,0,0,0,0,0,0,0,0,0,0,0,0,0,0,0,0,0,0,0,0,0,0,0,0,0,0,0,0,0,31,40,40,71,65476,0,300,0,0,8,21553,0.0,-107605600.0,0.0,0.0,0.0,0.0,0.0,0.0,0.0,0.0,0.0,0.0,0.0,0.0,0.0,0.0,0.0,0.0,0.0,0.0,0.0,0.0,-0.0,-3.697070465001456e+19,0.0,0.0,0.0,0.0,0.0,0.0,5031.0,0.0,6917.0,-107615168.0,-107616120.0,2.004,2.004,0.0,0.0,0.0,0.0,69,0.059,89220.57,0.0,0.0,0.0,0.0,0.0,0.0,0.0,0,0,0,0.0,0.0,0.0,0.0,0.0,0.0,0.0,0.0,0.0,0.0,0.0,0.0,0.0,0.0,0.0,0.0,0,-107875648.0,69,0.0,138,0.0,2.012,ERR,ERR,ERR,ERR,ERR,ERR,ERR,ERR,ERR,ERR,ERR,ERR,ERR,ERR,ERR,ERR,ERR,ERR,ERR,ERR,ERR,ERR,ERR,ERR,ERR,ERR,ERR,ERR,ERR,ERR,ERR,ERR,ERR,ERR,ERR,ERR,ERR,ERR,ERR,ERR,ERR,ERR,ERR,ERR,ERR,ERR,ERR,ERR,ERR,ERR,ERR,ERR,ERR,ERR,ERR,ERR,ERR,ERR,ERR,ERR,ERR,ERR,ERR,ERR,ERR,ERR,ERR,60.0,60.0,35,0.0,0.0,0.0,0.0,0.0,0.0,0.0,0.0,0.0,0.0,0.0,0.0,0.0,0.0,0.0,0.0,64.8,0,150,71,57,65476,0,65476,1,0,4,20529,65476,0,0,2621,60.0,0.0,0.0,0.0,0.0,0.0
2026-07-09T15:36:33,ERR,ERR,ERR,ERR,ERR,ERR,ERR,ERR,ERR,ERR,ERR,ERR,ERR,ERR,ERR,ERR,ERR,ERR,ERR,ERR,ERR,ERR,ERR,ERR,ERR,ERR,ERR,ERR,ERR,ERR,ERR,ERR,ERR,ERR,ERR,ERR,ERR,ERR,ERR,ERR,ERR,ERR,ERR,ERR,ERR,ERR,ERR,ERR,ERR,ERR,ERR,ERR,ERR,ERR,ERR,ERR,ERR,ERR,ERR,ERR,ERR,ERR,ERR,ERR,ERR,ERR,ERR,ERR,ERR,ERR,ERR,ERR,ERR,ERR,ERR,ERR,ERR,ERR,ERR,ERR,ERR,ERR,ERR,ERR,ERR,ERR,ERR,ERR,ERR,ERR,ERR,ERR,ERR,ERR,ERR,ERR,ERR,ERR,ERR,ERR,ERR,ERR,ERR,ERR,ERR,ERR,ERR,ERR,ERR,ERR,ERR,ERR,ERR,ERR,ERR,ERR,ERR,ERR,ERR,ERR,ERR,ERR,ERR,ERR,ERR,-107615168.0,0.0,0.0,0.0,0.0,0.0,3.512024007228247e+35,0.0,0,0,4,17330,7116,0.0,100,0.0,0.0,0.0,0.0,0.0,0,0,0,0,0.0,0,0,0,0,0,0,0,0,0,0,0,0,0,0,0,0,0,0,0,0,0,0,0,0,0,0,0,0,0,0,0,0,0,31,40,40,71,65476,0,300,0,0,8,21553,0.0,-107605600.0,0.0,0.0,0.0,0.0,0.0,0.0,0.0,0.0,0.0,0.0,0.0,0.0,0.0,0.0,0.0,0.0,0.0,0.0,0.0,0.0,-0.0,-3.697070465001456e+19,0.0,0.0,0.0,0.0,0.0,0.0,5031.0,0.0,6917.0,-107615168.0,-107616120.0,2.004,2.004,0.0,0.0,0.0,0.0,69,0.059,89220.57,0.0,0.0,0.0,0.0,0.0,0.0,0.0,0,0,0,0.0,0.0,0.0,0.0,0.0,0.0,0.0,0.0,0.0,0.0,0.0,0.0,0.0,0.0,0.0,0.0,0,-107875648.0,69,0.0,138,0.0,2.012,ERR,ERR,ERR,ERR,ERR,ERR,ERR,ERR,ERR,ERR,ERR,ERR,ERR,ERR,ERR,ERR,ERR,ERR,ERR,ERR,ERR,ERR,ERR,ERR,ERR,ERR,ERR,ERR,ERR,ERR,ERR,ERR,ERR,ERR,ERR,ERR,ERR,ERR,ERR,ERR,ERR,ERR,ERR,ERR,ERR,ERR,ERR,ERR,ERR,ERR,ERR,ERR,ERR,ERR,ERR,ERR,ERR,ERR,ERR,ERR,ERR,ERR,ERR,ERR,ERR,ERR,ERR,60.0,60.0,35,0.0,0.0,0.0,0.0,0.0,0.0,0.0,0.0,0.0,0.0,0.0,0.0,0.0,0.0,0.0,0.0,64.8,0,150,71,57,65476,0,65476,1,0,4,20529,65476,0,0,2621,60.0,0.0,0.0,0.0,0.0,0.0
2026-07-09T15:36:34,ERR,ERR,ERR,ERR,ERR,ERR,ERR,ERR,ERR,ERR,ERR,ERR,ERR,ERR,ERR,ERR,ERR,ERR,ERR,ERR,ERR,ERR,ERR,ERR,ERR,ERR,ERR,ERR,ERR,ERR,ERR,ERR,ERR,ERR,ERR,ERR,ERR,ERR,ERR,ERR,ERR,ERR,ERR,ERR,ERR,ERR,ERR,ERR,ERR,ERR,ERR,ERR,ERR,ERR,ERR,ERR,ERR,ERR,ERR,ERR,ERR,ERR,ERR,ERR,ERR,ERR,ERR,ERR,ERR,ERR,ERR,ERR,ERR,ERR,ERR,ERR,ERR,ERR,ERR,ERR,ERR,ERR,ERR,ERR,ERR,ERR,ERR,ERR,ERR,ERR,ERR,ERR,ERR,ERR,ERR,ERR,ERR,ERR,ERR,ERR,ERR,ERR,ERR,ERR,ERR,ERR,ERR,ERR,ERR,ERR,ERR,ERR,ERR,ERR,ERR,ERR,ERR,ERR,ERR,ERR,ERR,ERR,ERR,ERR,ERR,-107615168.0,0.0,0.0,0.0,0.0,0.0,3.512024007228247e+35,0.0,0,0,4,17330,7116,0.0,100,0.0,0.0,0.0,0.0,0.0,0,0,0,0,0.0,0,0,0,0,0,0,0,0,0,0,0,0,0,0,0,0,0,0,0,0,0,0,0,0,0,0,0,0,0,0,0,0,0,31,40,40,71,65476,0,300,0,0,8,21553,0.0,-107605600.0,0.0,0.0,0.0,0.0,0.0,0.0,0.0,0.0,0.0,0.0,0.0,0.0,0.0,0.0,0.0,0.0,0.0,0.0,0.0,0.0,-0.0,-3.697070465001456e+19,0.0,0.0,0.0,0.0,0.0,0.0,5031.0,0.0,6917.0,-107615168.0,-107616120.0,2.004,2.004,0.0,0.0,0.0,0.0,69,0.059,89220.57,0.0,0.0,0.0,0.0,0.0,0.0,0.0,0,0,0,0.0,0.0,0.0,0.0,0.0,0.0,0.0,0.0,0.0,0.0,0.0,0.0,0.0,0.0,0.0,0.0,0,-107875648.0,69,0.0,138,0.0,2.012,ERR,ERR,ERR,ERR,ERR,ERR,ERR,ERR,ERR,ERR,ERR,ERR,ERR,ERR,ERR,ERR,ERR,ERR,ERR,ERR,ERR,ERR,ERR,ERR,ERR,ERR,ERR,ERR,ERR,ERR,ERR,ERR,ERR,ERR,ERR,ERR,ERR,ERR,ERR,ERR,ERR,ERR,ERR,ERR,ERR,ERR,ERR,ERR,ERR,ERR,ERR,ERR,ERR,ERR,ERR,ERR,ERR,ERR,ERR,ERR,ERR,ERR,ERR,ERR,ERR,ERR,ERR,60.0,60.0,35,0.0,0.0,0.0,0.0,0.0,0.0,0.0,0.0,0.0,0.0,0.0,0.0,0.0,0.0,0.0,0.0,65.2,0,150,71,57,65476,0,65476,1,0,4,20529,65476,0,0,2621,60.0,0.0,0.0,0.0,0.0,0.0
2026-07-09T15:36:35,ERR,ERR,ERR,ERR,ERR,ERR,ERR,ERR,ERR,ERR,ERR,ERR,ERR,ERR,ERR,ERR,ERR,ERR,ERR,ERR,ERR,ERR,ERR,ERR,ERR,ERR,ERR,ERR,ERR,ERR,ERR,ERR,ERR,ERR,ERR,ERR,ERR,ERR,ERR,ERR,ERR,ERR,ERR,ERR,ERR,ERR,ERR,ERR,ERR,ERR,ERR,ERR,ERR,ERR,ERR,ERR,ERR,ERR,ERR,ERR,ERR,ERR,ERR,ERR,ERR,ERR,ERR,ERR,ERR,ERR,ERR,ERR,ERR,ERR,ERR,ERR,ERR,ERR,ERR,ERR,ERR,ERR,ERR,ERR,ERR,ERR,ERR,ERR,ERR,ERR,ERR,ERR,ERR,ERR,ERR,ERR,ERR,ERR,ERR,ERR,ERR,ERR,ERR,ERR,ERR,ERR,ERR,ERR,ERR,ERR,ERR,ERR,ERR,ERR,ERR,ERR,ERR,ERR,ERR,ERR,ERR,ERR,ERR,ERR,ERR,-107615168.0,0.0,0.0,0.0,0.0,0.0,3.512024007228247e+35,0.0,0,0,4,17330,7116,0.0,100,0.0,0.0,0.0,0.0,0.0,0,0,0,0,0.0,0,0,0,0,0,0,0,0,0,0,0,0,0,0,0,0,0,0,0,0,0,0,0,0,0,0,0,0,0,0,0,0,0,31,40,40,71,65476,0,300,0,0,8,21553,0.0,-107605600.0,0.0,0.0,0.0,0.0,0.0,0.0,0.0,0.0,0.0,0.0,0.0,0.0,0.0,0.0,0.0,0.0,0.0,0.0,0.0,0.0,-0.0,-3.697070465001456e+19,0.0,0.0,0.0,0.0,0.0,0.0,5031.0,0.0,6917.0,-107615168.0,-107616120.0,2.004,2.004,0.0,0.0,0.0,0.0,69,0.059,89220.57,0.0,0.0,0.0,0.0,0.0,0.0,0.0,0,0,0,0.0,0.0,0.0,0.0,0.0,0.0,0.0,0.0,0.0,0.0,0.0,0.0,0.0,0.0,0.0,0.0,0,-107875648.0,69,0.0,138,0.0,2.012,ERR,ERR,ERR,ERR,ERR,ERR,ERR,ERR,ERR,ERR,ERR,ERR,ERR,ERR,ERR,ERR,ERR,ERR,ERR,ERR,ERR,ERR,ERR,ERR,ERR,ERR,ERR,ERR,ERR,ERR,ERR,ERR,ERR,ERR,ERR,ERR,ERR,ERR,ERR,ERR,ERR,ERR,ERR,ERR,ERR,ERR,ERR,ERR,ERR,ERR,ERR,ERR,ERR,ERR,ERR,ERR,ERR,ERR,ERR,ERR,ERR,ERR,ERR,ERR,ERR,ERR,ERR,60.0,60.0,35,0.0,0.0,0.0,0.0,0.0,0.0,0.0,0.0,0.0,0.0,0.0,0.0,0.0,0.0,0.0,0.0,65.2,0,150,71,57,65476,0,65476,1,0,4,20529,65476,0,0,2621,60.0,0.0,0.0,0.0,0.0,0.0
2026-07-09T15:36:36,ERR,ERR,ERR,ERR,ERR,ERR,ERR,ERR,ERR,ERR,ERR,ERR,ERR,ERR,ERR,ERR,ERR,ERR,ERR,ERR,ERR,ERR,ERR,ERR,ERR,ERR,ERR,ERR,ERR,ERR,ERR,ERR,ERR,ERR,ERR,ERR,ERR,ERR,ERR,ERR,ERR,ERR,ERR,ERR,ERR,ERR,ERR,ERR,ERR,ERR,ERR,ERR,ERR,ERR,ERR,ERR,ERR,ERR,ERR,ERR,ERR,ERR,ERR,ERR,ERR,ERR,ERR,ERR,ERR,ERR,ERR,ERR,ERR,ERR,ERR,ERR,ERR,ERR,ERR,ERR,ERR,ERR,ERR,ERR,ERR,ERR,ERR,ERR,ERR,ERR,ERR,ERR,ERR,ERR,ERR,ERR,ERR,ERR,ERR,ERR,ERR,ERR,ERR,ERR,ERR,ERR,ERR,ERR,ERR,ERR,ERR,ERR,ERR,ERR,ERR,ERR,ERR,ERR,ERR,ERR,ERR,ERR,ERR,ERR,ERR,-107615168.0,-0.0,2.730228731315862e+23,0.0,-2.004,-2.691,0.0,-0.454,0,0,4,17327,7116,0.0,100,0.0,0.0,0.0,0.0,0.0,0,0,0,0,0.0,0,0,0,0,0,0,0,0,0,0,0,0,0,0,0,0,0,0,0,0,0,0,0,0,0,0,0,0,0,0,0,0,0,31,40,40,71,65476,0,300,0,0,8,21553,0.0,-107605600.0,0.0,0.0,0.0,0.0,0.0,0.0,0.0,0.0,0.0,0.0,0.0,0.0,-2.596148429267414e+33,0.0,0.0,0.0,0.0,0.0,0.0,0.0,-0.0,-0.0,0.0,0.0,0.0,0.0,0.0,0.0,5031.0,0.0,6913.0,-107615168.0,2.7184474948346457e+23,2.004,2.004,0.0,0.0,0.0,0.0,69,71.63,0.0,0.0,0.0,0.0,0.0,0.0,0.0,0.0,0,0,0,0.0,0.0,0.0,0.0,0.0,0.0,0.0,0.0,0.0,0.0,0.0,0.0,0.0,0.0,0.0,0.0,0,-107875648.0,69,0.0,138,0.0,2.012,ERR,ERR,ERR,ERR,ERR,ERR,ERR,ERR,ERR,ERR,ERR,ERR,ERR,ERR,ERR,ERR,ERR,ERR,ERR,ERR,ERR,ERR,ERR,ERR,ERR,ERR,ERR,ERR,ERR,ERR,ERR,ERR,ERR,ERR,ERR,ERR,ERR,ERR,ERR,ERR,ERR,ERR,ERR,ERR,ERR,ERR,ERR,ERR,ERR,ERR,ERR,ERR,ERR,ERR,ERR,ERR,ERR,ERR,ERR,ERR,ERR,ERR,ERR,ERR,ERR,ERR,ERR,60.0,60.0,35,0.0,0.0,0.0,0.0,0.0,0.0,0.0,0.0,0.0,0.0,0.0,0.0,0.0,0.0,0.0,0.0,64.8,0,150,71,57,65476,0,65476,1,0,4,20529,65476,0,0,2621,60.0,0.0,0.0,0.0,0.0,0.0
2026-07-09T15:36:37,ERR,ERR,ERR,ERR,ERR,ERR,ERR,ERR,ERR,ERR,ERR,ERR,ERR,ERR,ERR,ERR,ERR,ERR,ERR,ERR,ERR,ERR,ERR,ERR,ERR,ERR,ERR,ERR,ERR,ERR,ERR,ERR,ERR,ERR,ERR,ERR,ERR,ERR,ERR,ERR,ERR,ERR,ERR,ERR,ERR,ERR,ERR,ERR,ERR,ERR,ERR,ERR,ERR,ERR,ERR,ERR,ERR,ERR,ERR,ERR,ERR,ERR,ERR,ERR,ERR,ERR,ERR,ERR,ERR,ERR,ERR,ERR,ERR,ERR,ERR,ERR,ERR,ERR,ERR,ERR,ERR,ERR,ERR,ERR,ERR,ERR,ERR,ERR,ERR,ERR,ERR,ERR,ERR,ERR,ERR,ERR,ERR,ERR,ERR,ERR,ERR,ERR,ERR,ERR,ERR,ERR,ERR,ERR,ERR,ERR,ERR,ERR,ERR,ERR,ERR,ERR,ERR,ERR,ERR,ERR,ERR,ERR,ERR,ERR,ERR,-107615168.0,-0.0,2.730228731315862e+23,0.0,-2.004,-2.691,0.0,-0.454,0,0,4,17327,7116,0.0,100,0.0,0.0,0.0,0.0,0.0,0,0,0,0,0.0,0,0,0,0,0,0,0,0,0,0,0,0,0,0,0,0,0,0,0,0,0,0,0,0,0,0,0,0,0,0,0,0,0,31,40,40,71,65476,0,300,0,0,8,21553,0.0,-107605600.0,0.0,0.0,0.0,0.0,0.0,0.0,0.0,0.0,0.0,0.0,0.0,0.0,-2.596148429267414e+33,0.0,0.0,0.0,0.0,0.0,0.0,0.0,-0.0,-0.0,0.0,0.0,0.0,0.0,0.0,0.0,5031.0,0.0,6913.0,-107615168.0,2.7184474948346457e+23,2.004,2.004,0.0,0.0,0.0,0.0,69,71.63,0.0,0.0,0.0,0.0,0.0,0.0,0.0,0.0,0,0,0,0.0,0.0,0.0,0.0,0.0,0.0,0.0,0.0,0.0,0.0,0.0,0.0,0.0,0.0,0.0,0.0,0,-107875648.0,69,0.0,138,0.0,2.012,ERR,ERR,ERR,ERR,ERR,ERR,ERR,ERR,ERR,ERR,ERR,ERR,ERR,ERR,ERR,ERR,ERR,ERR,ERR,ERR,ERR,ERR,ERR,ERR,ERR,ERR,ERR,ERR,ERR,ERR,ERR,ERR,ERR,ERR,ERR,ERR,ERR,ERR,ERR,ERR,ERR,ERR,ERR,ERR,ERR,ERR,ERR,ERR,ERR,ERR,ERR,ERR,ERR,ERR,ERR,ERR,ERR,ERR,ERR,ERR,ERR,ERR,ERR,ERR,ERR,ERR,ERR,60.0,60.0,35,0.0,0.0,0.0,0.0,0.0,0.0,0.0,0.0,0.0,0.0,0.0,0.0,0.0,0.0,0.0,0.0,65.2,0,150,71,56,65476,0,65476,1,0,4,20529,65476,0,0,2621,60.0,0.0,0.0,0.0,0.0,0.0
2026-07-09T15:36:38,ERR,ERR,ERR,ERR,ERR,ERR,ERR,ERR,ERR,ERR,ERR,ERR,ERR,ERR,ERR,ERR,ERR,ERR,ERR,ERR,ERR,ERR,ERR,ERR,ERR,ERR,ERR,ERR,ERR,ERR,ERR,ERR,ERR,ERR,ERR,ERR,ERR,ERR,ERR,ERR,ERR,ERR,ERR,ERR,ERR,ERR,ERR,ERR,ERR,ERR,ERR,ERR,ERR,ERR,ERR,ERR,ERR,ERR,ERR,ERR,ERR,ERR,ERR,ERR,ERR,ERR,ERR,ERR,ERR,ERR,ERR,ERR,ERR,ERR,ERR,ERR,ERR,ERR,ERR,ERR,ERR,ERR,ERR,ERR,ERR,ERR,ERR,ERR,ERR,ERR,ERR,ERR,ERR,ERR,ERR,ERR,ERR,ERR,ERR,ERR,ERR,ERR,ERR,ERR,ERR,ERR,ERR,ERR,ERR,ERR,ERR,ERR,ERR,ERR,ERR,ERR,ERR,ERR,ERR,ERR,ERR,ERR,ERR,ERR,ERR,-107615168.0,-0.0,2.730228731315862e+23,0.0,-2.004,-2.691,0.0,-0.454,0,0,4,17327,7116,0.0,100,0.0,0.0,0.0,0.0,0.0,0,0,0,0,0.0,0,0,0,0,0,0,0,0,0,0,0,0,0,0,0,0,0,0,0,0,0,0,0,0,0,0,0,0,0,0,0,0,0,31,40,40,71,65476,0,300,0,0,8,21553,0.0,-107605600.0,0.0,0.0,0.0,0.0,0.0,0.0,0.0,0.0,0.0,0.0,0.0,0.0,-2.596148429267414e+33,0.0,0.0,0.0,0.0,0.0,0.0,0.0,-0.0,-0.0,0.0,0.0,0.0,0.0,0.0,0.0,5031.0,0.0,6913.0,-107615168.0,2.7184474948346457e+23,2.004,2.004,0.0,0.0,0.0,0.0,69,71.63,0.0,0.0,0.0,0.0,0.0,0.0,0.0,0.0,0,0,0,0.0,0.0,0.0,0.0,0.0,0.0,0.0,0.0,0.0,0.0,0.0,0.0,0.0,0.0,0.0,0.0,0,-107875648.0,69,0.0,138,0.0,2.012,ERR,ERR,ERR,ERR,ERR,ERR,ERR,ERR,ERR,ERR,ERR,ERR,ERR,ERR,ERR,ERR,ERR,ERR,ERR,ERR,ERR,ERR,ERR,ERR,ERR,ERR,ERR,ERR,ERR,ERR,ERR,ERR,ERR,ERR,ERR,ERR,ERR,ERR,ERR,ERR,ERR,ERR,ERR,ERR,ERR,ERR,ERR,ERR,ERR,ERR,ERR,ERR,ERR,ERR,ERR,ERR,ERR,ERR,ERR,ERR,ERR,ERR,ERR,ERR,ERR,ERR,ERR,60.0,60.0,35,0.0,0.0,0.0,0.0,0.0,0.0,0.0,0.0,0.0,0.0,0.0,0.0,0.0,0.0,0.0,0.0,65.2,0,150,71,56,65476,0,65476,1,0,4,20529,65476,0,0,2621,60.0,0.0,0.0,0.0,0.0,0.0
2026-07-09T15:36:39,ERR,ERR,ERR,ERR,ERR,ERR,ERR,ERR,ERR,ERR,ERR,ERR,ERR,ERR,ERR,ERR,ERR,ERR,ERR,ERR,ERR,ERR,ERR,ERR,ERR,ERR,ERR,ERR,ERR,ERR,ERR,ERR,ERR,ERR,ERR,ERR,ERR,ERR,ERR,ERR,ERR,ERR,ERR,ERR,ERR,ERR,ERR,ERR,ERR,ERR,ERR,ERR,ERR,ERR,ERR,ERR,ERR,ERR,ERR,ERR,ERR,ERR,ERR,ERR,ERR,ERR,ERR,ERR,ERR,ERR,ERR,ERR,ERR,ERR,ERR,ERR,ERR,ERR,ERR,ERR,ERR,ERR,ERR,ERR,ERR,ERR,ERR,ERR,ERR,ERR,ERR,ERR,ERR,ERR,ERR,ERR,ERR,ERR,ERR,ERR,ERR,ERR,ERR,ERR,ERR,ERR,ERR,ERR,ERR,ERR,ERR,ERR,ERR,ERR,ERR,ERR,ERR,ERR,ERR,ERR,ERR,ERR,ERR,ERR,ERR,-107615168.0,-0.0,2.730228731315862e+23,0.0,-2.004,-2.691,0.0,-0.454,0,0,4,17327,7116,0.0,100,0.0,0.0,0.0,0.0,0.0,0,0,0,0,0.0,0,0,0,0,0,0,0,0,0,0,0,0,0,0,0,0,0,0,0,0,0,0,0,0,0,0,0,0,0,0,0,0,0,31,40,40,71,65476,0,300,0,0,8,21553,0.0,-107605600.0,0.0,0.0,0.0,0.0,0.0,0.0,0.0,0.0,0.0,0.0,0.0,0.0,-2.596148429267414e+33,0.0,0.0,0.0,0.0,0.0,0.0,0.0,-0.0,-0.0,0.0,0.0,0.0,0.0,0.0,0.0,5031.0,0.0,6913.0,-107615168.0,2.7184474948346457e+23,2.004,2.004,0.0,0.0,0.0,0.0,69,71.63,0.0,0.0,0.0,0.0,0.0,0.0,0.0,0.0,0,0,0,0.0,0.0,0.0,0.0,0.0,0.0,0.0,0.0,0.0,0.0,0.0,0.0,0.0,0.0,0.0,0.0,0,-107875648.0,69,0.0,138,0.0,2.012,ERR,ERR,ERR,ERR,ERR,ERR,ERR,ERR,ERR,ERR,ERR,ERR,ERR,ERR,ERR,ERR,ERR,ERR,ERR,ERR,ERR,ERR,ERR,ERR,ERR,ERR,ERR,ERR,ERR,ERR,ERR,ERR,ERR,ERR,ERR,ERR,ERR,ERR,ERR,ERR,ERR,ERR,ERR,ERR,ERR,ERR,ERR,ERR,ERR,ERR,ERR,ERR,ERR,ERR,ERR,ERR,ERR,ERR,ERR,ERR,ERR,ERR,ERR,ERR,ERR,ERR,ERR,60.0,60.0,35,0.0,0.0,0.0,0.0,0.0,0.0,0.0,0.0,0.0,0.0,0.0,0.0,0.0,0.0,0.0,0.0,64.8,0,150,71,56,65476,0,65476,1,0,4,20529,65476,0,0,2621,60.0,0.0,0.0,0.0,0.0,0.0
2026-07-09T15:36:40,ERR,ERR,ERR,ERR,ERR,ERR,ERR,ERR,ERR,ERR,ERR,ERR,ERR,ERR,ERR,ERR,ERR,ERR,ERR,ERR,ERR,ERR,ERR,ERR,ERR,ERR,ERR,ERR,ERR,ERR,ERR,ERR,ERR,ERR,ERR,ERR,ERR,ERR,ERR,ERR,ERR,ERR,ERR,ERR,ERR,ERR,ERR,ERR,ERR,ERR,ERR,ERR,ERR,ERR,ERR,ERR,ERR,ERR,ERR,ERR,ERR,ERR,ERR,ERR,ERR,ERR,ERR,ERR,ERR,ERR,ERR,ERR,ERR,ERR,ERR,ERR,ERR,ERR,ERR,ERR,ERR,ERR,ERR,ERR,ERR,ERR,ERR,ERR,ERR,ERR,ERR,ERR,ERR,ERR,ERR,ERR,ERR,ERR,ERR,ERR,ERR,ERR,ERR,ERR,ERR,ERR,ERR,ERR,ERR,ERR,ERR,ERR,ERR,ERR,ERR,ERR,ERR,ERR,ERR,ERR,ERR,ERR,ERR,ERR,ERR,-107615168.0,-0.0,2.730228731315862e+23,0.0,-2.004,-2.691,0.0,-0.454,0,0,4,17327,7116,0.0,100,0.0,0.0,0.0,0.0,0.0,0,0,0,0,0.0,0,0,0,0,0,0,0,0,0,0,0,0,0,0,0,0,0,0,0,0,0,0,0,0,0,0,0,0,0,0,0,0,0,31,40,40,71,65476,0,300,0,0,8,21553,0.0,-107605600.0,0.0,0.0,0.0,0.0,0.0,0.0,0.0,0.0,0.0,0.0,0.0,0.0,-2.596148429267414e+33,0.0,0.0,0.0,0.0,0.0,0.0,0.0,-0.0,-0.0,0.0,0.0,0.0,0.0,0.0,0.0,5031.0,0.0,6913.0,-107615168.0,2.7184474948346457e+23,2.004,2.004,0.0,0.0,0.0,0.0,69,71.63,0.0,0.0,0.0,0.0,0.0,0.0,0.0,0.0,0,0,0,0.0,0.0,0.0,0.0,0.0,0.0,0.0,0.0,0.0,0.0,0.0,0.0,0.0,0.0,0.0,0.0,0,-107875648.0,69,0.0,138,0.0,2.012,ERR,ERR,ERR,ERR,ERR,ERR,ERR,ERR,ERR,ERR,ERR,ERR,ERR,ERR,ERR,ERR,ERR,ERR,ERR,ERR,ERR,ERR,ERR,ERR,ERR,ERR,ERR,ERR,ERR,ERR,ERR,ERR,ERR,ERR,ERR,ERR,ERR,ERR,ERR,ERR,ERR,ERR,ERR,ERR,ERR,ERR,ERR,ERR,ERR,ERR,ERR,ERR,ERR,ERR,ERR,ERR,ERR,ERR,ERR,ERR,ERR,ERR,ERR,ERR,ERR,ERR,ERR,60.0,60.0,35,0.0,0.0,0.0,0.0,0.0,0.0,0.0,0.0,0.0,0.0,0.0,0.0,0.0,0.0,0.0,0.0,64.8,0,150,71,56,65476,0,65476,1,0,4,20529,65476,0,0,2621,60.0,0.0,0.0,0.0,0.0,0.0
2026-07-09T15:36:41,ERR,ERR,ERR,ERR,ERR,ERR,ERR,ERR,ERR,ERR,ERR,ERR,ERR,ERR,ERR,ERR,ERR,ERR,ERR,ERR,ERR,ERR,ERR,ERR,ERR,ERR,ERR,ERR,ERR,ERR,ERR,ERR,ERR,ERR,ERR,ERR,ERR,ERR,ERR,ERR,ERR,ERR,ERR,ERR,ERR,ERR,ERR,ERR,ERR,ERR,ERR,ERR,ERR,ERR,ERR,ERR,ERR,ERR,ERR,ERR,ERR,ERR,ERR,ERR,ERR,ERR,ERR,ERR,ERR,ERR,ERR,ERR,ERR,ERR,ERR,ERR,ERR,ERR,ERR,ERR,ERR,ERR,ERR,ERR,ERR,ERR,ERR,ERR,ERR,ERR,ERR,ERR,ERR,ERR,ERR,ERR,ERR,ERR,ERR,ERR,ERR,ERR,ERR,ERR,ERR,ERR,ERR,ERR,ERR,ERR,ERR,ERR,ERR,ERR,ERR,ERR,ERR,ERR,ERR,ERR,ERR,ERR,ERR,ERR,ERR,-107615168.0,0.0,-0.0,2.7183478752108883e+23,-2042.255,3.9154205088366545e+21,-1.1501613182910978e+26,-6.8206564229375195e+37,0,0,4,17329,7116,0.0,100,0.0,0.0,2.7183478752108883e+23,0.0,0.0,0,0,0,0,0.0,0,0,0,0,0,0,0,0,0,0,0,0,0,0,0,0,0,0,0,0,0,0,0,0,0,0,0,0,0,0,0,0,0,31,40,40,71,65476,0,300,0,0,8,21553,0.0,-107605600.0,0.0,0.0,0.0,0.0,0.0,0.0,0.0,0.0,0.0,0.0,0.0,0.0,0.0,0.0,0.0,0.0,0.0,0.0,0.0,0.0,-0.0,-0.0,0.0,0.0,0.0,0.0,0.0,0.0,5023.0,-3.697186133624698e+19,6940.0,-107615168.0,0.0,2.004,2.004,0.0,0.0,0.0,0.0,69,0.0,-107614784.0,0.0,0.0,0.0,0.0,0.0,0.0,0.0,0,0,0,0.0,0.0,0.0,0.0,0.0,0.0,0.0,0.0,0.0,0.0,0.0,0.0,0.0,0.0,0.0,0.0,0,-107875648.0,69,0.0,138,0.0,2.012,ERR,ERR,ERR,ERR,ERR,ERR,ERR,ERR,ERR,ERR,ERR,ERR,ERR,ERR,ERR,ERR,ERR,ERR,ERR,ERR,ERR,ERR,ERR,ERR,ERR,ERR,ERR,ERR,ERR,ERR,ERR,ERR,ERR,ERR,ERR,ERR,ERR,ERR,ERR,ERR,ERR,ERR,ERR,ERR,ERR,ERR,ERR,ERR,ERR,ERR,ERR,ERR,ERR,ERR,ERR,ERR,ERR,ERR,ERR,ERR,ERR,ERR,ERR,ERR,ERR,ERR,ERR,60.0,60.0,35,0.0,0.0,0.0,0.0,0.0,0.0,0.0,0.0,0.0,0.0,0.0,0.0,0.0,0.0,0.0,0.0,64.8,0,150,71,56,65476,0,65476,1,0,4,20529,65476,0,0,2621,60.0,0.0,0.0,0.0,0.0,0.0
2026-07-09T15:36:42,ERR,ERR,ERR,ERR,ERR,ERR,ERR,ERR,ERR,ERR,ERR,ERR,ERR,ERR,ERR,ERR,ERR,ERR,ERR,ERR,ERR,ERR,ERR,ERR,ERR,ERR,ERR,ERR,ERR,ERR,ERR,ERR,ERR,ERR,ERR,ERR,ERR,ERR,ERR,ERR,ERR,ERR,ERR,ERR,ERR,ERR,ERR,ERR,ERR,ERR,ERR,ERR,ERR,ERR,ERR,ERR,ERR,ERR,ERR,ERR,ERR,ERR,ERR,ERR,ERR,ERR,ERR,ERR,ERR,ERR,ERR,ERR,ERR,ERR,ERR,ERR,ERR,ERR,ERR,ERR,ERR,ERR,ERR,ERR,ERR,ERR,ERR,ERR,ERR,ERR,ERR,ERR,ERR,ERR,ERR,ERR,ERR,ERR,ERR,ERR,ERR,ERR,ERR,ERR,ERR,ERR,ERR,ERR,ERR,ERR,ERR,ERR,ERR,ERR,ERR,ERR,ERR,ERR,ERR,ERR,ERR,ERR,ERR,ERR,ERR,-107615168.0,0.0,-0.0,2.7183478752108883e+23,-2042.255,3.9154205088366545e+21,-1.1501613182910978e+26,-6.8206564229375195e+37,0,0,4,17329,7116,0.0,100,0.0,0.0,2.7183478752108883e+23,0.0,0.0,0,0,0,0,0.0,0,0,0,0,0,0,0,0,0,0,0,0,0,0,0,0,0,0,0,0,0,0,0,0,0,0,0,0,0,0,0,0,0,31,40,40,71,65476,0,300,0,0,8,21553,0.0,-107605600.0,0.0,0.0,0.0,0.0,0.0,0.0,0.0,0.0,0.0,0.0,0.0,0.0,0.0,0.0,0.0,0.0,0.0,0.0,0.0,0.0,-0.0,-0.0,0.0,0.0,0.0,0.0,0.0,0.0,5023.0,-3.697186133624698e+19,6940.0,-107615168.0,0.0,2.004,2.004,0.0,0.0,0.0,0.0,69,0.0,-107614784.0,0.0,0.0,0.0,0.0,0.0,0.0,0.0,0,0,0,0.0,0.0,0.0,0.0,0.0,0.0,0.0,0.0,0.0,0.0,0.0,0.0,0.0,0.0,0.0,0.0,0,-107875648.0,69,0.0,138,0.0,2.012,ERR,ERR,ERR,ERR,ERR,ERR,ERR,ERR,ERR,ERR,ERR,ERR,ERR,ERR,ERR,ERR,ERR,ERR,ERR,ERR,ERR,ERR,ERR,ERR,ERR,ERR,ERR,ERR,ERR,ERR,ERR,ERR,ERR,ERR,ERR,ERR,ERR,ERR,ERR,ERR,ERR,ERR,ERR,ERR,ERR,ERR,ERR,ERR,ERR,ERR,ERR,ERR,ERR,ERR,ERR,ERR,ERR,ERR,ERR,ERR,ERR,ERR,ERR,ERR,ERR,ERR,ERR,60.0,60.0,35,0.0,0.0,0.0,0.0,0.0,0.0,0.0,0.0,0.0,0.0,0.0,0.0,0.0,0.0,0.0,0.0,64.8,0,150,71,56,65476,0,65476,1,0,4,20529,65476,0,0,2621,60.0,0.0,0.0,0.0,0.0,0.0
2026-07-09T15:36:43,ERR,ERR,ERR,ERR,ERR,ERR,ERR,ERR,ERR,ERR,ERR,ERR,ERR,ERR,ERR,ERR,ERR,ERR,ERR,ERR,ERR,ERR,ERR,ERR,ERR,ERR,ERR,ERR,ERR,ERR,ERR,ERR,ERR,ERR,ERR,ERR,ERR,ERR,ERR,ERR,ERR,ERR,ERR,ERR,ERR,ERR,ERR,ERR,ERR,ERR,ERR,ERR,ERR,ERR,ERR,ERR,ERR,ERR,ERR,ERR,ERR,ERR,ERR,ERR,ERR,ERR,ERR,ERR,ERR,ERR,ERR,ERR,ERR,ERR,ERR,ERR,ERR,ERR,ERR,ERR,ERR,ERR,ERR,ERR,ERR,ERR,ERR,ERR,ERR,ERR,ERR,ERR,ERR,ERR,ERR,ERR,ERR,ERR,ERR,ERR,ERR,ERR,ERR,ERR,ERR,ERR,ERR,ERR,ERR,ERR,ERR,ERR,ERR,ERR,ERR,ERR,ERR,ERR,ERR,ERR,ERR,ERR,ERR,ERR,ERR,-107615168.0,0.0,-0.0,2.7183478752108883e+23,-2042.255,3.9154205088366545e+21,-1.1501613182910978e+26,-6.8206564229375195e+37,0,0,4,17329,7116,0.0,100,0.0,0.0,2.7183478752108883e+23,0.0,0.0,0,0,0,0,0.0,0,0,0,0,0,0,0,0,0,0,0,0,0,0,0,0,0,0,0,0,0,0,0,0,0,0,0,0,0,0,0,0,0,31,40,40,71,65476,0,300,0,0,8,21553,0.0,-107605600.0,0.0,0.0,0.0,0.0,0.0,0.0,0.0,0.0,0.0,0.0,0.0,0.0,0.0,0.0,0.0,0.0,0.0,0.0,0.0,0.0,-0.0,-0.0,0.0,0.0,0.0,0.0,0.0,0.0,5023.0,-3.697186133624698e+19,6940.0,-107615168.0,0.0,2.004,2.004,0.0,0.0,0.0,0.0,69,0.0,-107614784.0,0.0,0.0,0.0,0.0,0.0,0.0,0.0,0,0,0,0.0,0.0,0.0,0.0,0.0,0.0,0.0,0.0,0.0,0.0,0.0,0.0,0.0,0.0,0.0,0.0,0,-107875648.0,69,0.0,138,0.0,2.012,ERR,ERR,ERR,ERR,ERR,ERR,ERR,ERR,ERR,ERR,ERR,ERR,ERR,ERR,ERR,ERR,ERR,ERR,ERR,ERR,ERR,ERR,ERR,ERR,ERR,ERR,ERR,ERR,ERR,ERR,ERR,ERR,ERR,ERR,ERR,ERR,ERR,ERR,ERR,ERR,ERR,ERR,ERR,ERR,ERR,ERR,ERR,ERR,ERR,ERR,ERR,ERR,ERR,ERR,ERR,ERR,ERR,ERR,ERR,ERR,ERR,ERR,ERR,ERR,ERR,ERR,ERR,60.0,60.0,35,0.0,0.0,0.0,0.0,0.0,0.0,0.0,0.0,0.0,0.0,0.0,0.0,0.0,0.0,0.0,0.0,64.8,0,150,71,56,65476,0,65476,1,0,4,20529,65476,0,0,2621,60.0,0.0,0.0,0.0,0.0,0.0
2026-07-09T15:36:44,ERR,ERR,ERR,ERR,ERR,ERR,ERR,ERR,ERR,ERR,ERR,ERR,ERR,ERR,ERR,ERR,ERR,ERR,ERR,ERR,ERR,ERR,ERR,ERR,ERR,ERR,ERR,ERR,ERR,ERR,ERR,ERR,ERR,ERR,ERR,ERR,ERR,ERR,ERR,ERR,ERR,ERR,ERR,ERR,ERR,ERR,ERR,ERR,ERR,ERR,ERR,ERR,ERR,ERR,ERR,ERR,ERR,ERR,ERR,ERR,ERR,ERR,ERR,ERR,ERR,ERR,ERR,ERR,ERR,ERR,ERR,ERR,ERR,ERR,ERR,ERR,ERR,ERR,ERR,ERR,ERR,ERR,ERR,ERR,ERR,ERR,ERR,ERR,ERR,ERR,ERR,ERR,ERR,ERR,ERR,ERR,ERR,ERR,ERR,ERR,ERR,ERR,ERR,ERR,ERR,ERR,ERR,ERR,ERR,ERR,ERR,ERR,ERR,ERR,ERR,ERR,ERR,ERR,ERR,ERR,ERR,ERR,ERR,ERR,ERR,-107615168.0,0.0,-0.0,2.7183478752108883e+23,-2042.255,3.9154205088366545e+21,-1.1501613182910978e+26,-6.8206564229375195e+37,0,0,4,17329,7116,0.0,100,0.0,0.0,2.7183478752108883e+23,0.0,0.0,0,0,0,0,0.0,0,0,0,0,0,0,0,0,0,0,0,0,0,0,0,0,0,0,0,0,0,0,0,0,0,0,0,0,0,0,0,0,0,31,40,40,71,65476,0,300,0,0,8,21553,0.0,-107605600.0,0.0,0.0,0.0,0.0,0.0,0.0,0.0,0.0,0.0,0.0,0.0,0.0,0.0,0.0,0.0,0.0,0.0,0.0,0.0,0.0,-0.0,-0.0,0.0,0.0,0.0,0.0,0.0,0.0,5023.0,-3.697186133624698e+19,6940.0,-107615168.0,0.0,2.004,2.004,0.0,0.0,0.0,0.0,69,0.0,-107614784.0,0.0,0.0,0.0,0.0,0.0,0.0,0.0,0,0,0,0.0,0.0,0.0,0.0,0.0,0.0,0.0,0.0,0.0,0.0,0.0,0.0,0.0,0.0,0.0,0.0,0,-107875648.0,69,0.0,138,0.0,2.012,ERR,ERR,ERR,ERR,ERR,ERR,ERR,ERR,ERR,ERR,ERR,ERR,ERR,ERR,ERR,ERR,ERR,ERR,ERR,ERR,ERR,ERR,ERR,ERR,ERR,ERR,ERR,ERR,ERR,ERR,ERR,ERR,ERR,ERR,ERR,ERR,ERR,ERR,ERR,ERR,ERR,ERR,ERR,ERR,ERR,ERR,ERR,ERR,ERR,ERR,ERR,ERR,ERR,ERR,ERR,ERR,ERR,ERR,ERR,ERR,ERR,ERR,ERR,ERR,ERR,ERR,ERR,60.0,60.0,35,0.0,0.0,0.0,0.0,0.0,0.0,0.0,0.0,0.0,0.0,0.0,0.0,0.0,0.0,0.0,0.0,65.2,0,150,71,56,65476,0,65476,1,0,4,20529,65476,0,0,2621,60.0,0.0,0.0,0.0,0.0,0.0
2026-07-09T15:36:45,ERR,ERR,ERR,ERR,ERR,ERR,ERR,ERR,ERR,ERR,ERR,ERR,ERR,ERR,ERR,ERR,ERR,ERR,ERR,ERR,ERR,ERR,ERR,ERR,ERR,ERR,ERR,ERR,ERR,ERR,ERR,ERR,ERR,ERR,ERR,ERR,ERR,ERR,ERR,ERR,ERR,ERR,ERR,ERR,ERR,ERR,ERR,ERR,ERR,ERR,ERR,ERR,ERR,ERR,ERR,ERR,ERR,ERR,ERR,ERR,ERR,ERR,ERR,ERR,ERR,ERR,ERR,ERR,ERR,ERR,ERR,ERR,ERR,ERR,ERR,ERR,ERR,ERR,ERR,ERR,ERR,ERR,ERR,ERR,ERR,ERR,ERR,ERR,ERR,ERR,ERR,ERR,ERR,ERR,ERR,ERR,ERR,ERR,ERR,ERR,ERR,ERR,ERR,ERR,ERR,ERR,ERR,ERR,ERR,ERR,ERR,ERR,ERR,ERR,ERR,ERR,ERR,ERR,ERR,ERR,ERR,ERR,ERR,ERR,ERR,-107615168.0,0.0,-0.0,2.7183478752108883e+23,-2042.255,3.9154205088366545e+21,-1.1501613182910978e+26,-6.8206564229375195e+37,0,0,4,17329,7116,0.0,100,0.0,0.0,2.7183478752108883e+23,0.0,0.0,0,0,0,0,0.0,0,0,0,0,0,0,0,0,0,0,0,0,0,0,0,0,0,0,0,0,0,0,0,0,0,0,0,0,0,0,0,0,0,31,40,40,71,65476,0,300,0,0,8,21553,0.0,-107605600.0,0.0,0.0,0.0,0.0,0.0,0.0,0.0,0.0,0.0,0.0,0.0,0.0,0.0,0.0,0.0,0.0,0.0,0.0,0.0,0.0,-0.0,-0.0,0.0,0.0,0.0,0.0,0.0,0.0,5023.0,-3.697186133624698e+19,6940.0,-107615168.0,0.0,2.004,2.004,0.0,0.0,0.0,0.0,69,0.0,-107614784.0,0.0,0.0,0.0,0.0,0.0,0.0,0.0,0,0,0,0.0,0.0,0.0,0.0,0.0,0.0,0.0,0.0,0.0,0.0,0.0,0.0,0.0,0.0,0.0,0.0,0,-107875648.0,69,0.0,138,0.0,2.012,ERR,ERR,ERR,ERR,ERR,ERR,ERR,ERR,ERR,ERR,ERR,ERR,ERR,ERR,ERR,ERR,ERR,ERR,ERR,ERR,ERR,ERR,ERR,ERR,ERR,ERR,ERR,ERR,ERR,ERR,ERR,ERR,ERR,ERR,ERR,ERR,ERR,ERR,ERR,ERR,ERR,ERR,ERR,ERR,ERR,ERR,ERR,ERR,ERR,ERR,ERR,ERR,ERR,ERR,ERR,ERR,ERR,ERR,ERR,ERR,ERR,ERR,ERR,ERR,ERR,ERR,ERR,60.0,60.0,35,0.0,0.0,0.0,0.0,0.0,0.0,0.0,0.0,0.0,0.0,0.0,0.0,0.0,0.0,0.0,0.0,64.8,0,150,71,56,65476,0,65476,1,4,4,20529,65476,0,0,2621,60.0,0.0,0.0,0.0,0.0,0.0
2026-07-09T15:36:46,ERR,ERR,ERR,ERR,ERR,ERR,ERR,ERR,ERR,ERR,ERR,ERR,ERR,ERR,ERR,ERR,ERR,ERR,ERR,ERR,ERR,ERR,ERR,ERR,ERR,ERR,ERR,ERR,ERR,ERR,ERR,ERR,ERR,ERR,ERR,ERR,ERR,ERR,ERR,ERR,ERR,ERR,ERR,ERR,ERR,ERR,ERR,ERR,ERR,ERR,ERR,ERR,ERR,ERR,ERR,ERR,ERR,ERR,ERR,ERR,ERR,ERR,ERR,ERR,ERR,ERR,ERR,ERR,ERR,ERR,ERR,ERR,ERR,ERR,ERR,ERR,ERR,ERR,ERR,ERR,ERR,ERR,ERR,ERR,ERR,ERR,ERR,ERR,ERR,ERR,ERR,ERR,ERR,ERR,ERR,ERR,ERR,ERR,ERR,ERR,ERR,ERR,ERR,ERR,ERR,ERR,ERR,ERR,ERR,ERR,ERR,ERR,ERR,ERR,ERR,ERR,ERR,ERR,ERR,ERR,ERR,ERR,ERR,ERR,ERR,-107615168.0,0.0,-0.0,0.0,-5.1777318750026155e+33,nan,0.0,0.0,0,0,4,17329,7116,0.0,100,0.0,0.0,0.0,0.0,0.0,0,0,0,0,0.0,0,0,0,0,0,0,0,0,0,0,0,0,0,0,0,0,0,0,0,0,0,0,0,0,0,0,0,0,0,0,0,0,0,31,40,40,71,65476,0,300,0,0,8,21553,0.0,-107605600.0,0.0,0.0,0.0,0.0,0.0,0.0,0.0,0.0,0.0,0.0,0.0,0.0,0.0,0.0,0.0,0.0,0.0,0.0,0.0,0.0,-0.0,3.697070465001456e+19,0.0,0.0,0.0,0.0,0.0,0.0,5009.0,-0.0,6934.0,-107615168.0,0.0,2.004,2.004,0.0,0.0,0.0,0.0,69,-126841159680.0,-0.0,0.0,0.0,0.0,0.0,0.0,0.0,0.0,0,0,0,0.0,0.0,0.0,0.0,0.0,0.0,0.0,0.0,0.0,0.0,0.0,0.0,0.0,0.0,0.0,0.0,0,-107875648.0,69,0.0,138,0.0,2.012,ERR,ERR,ERR,ERR,ERR,ERR,ERR,ERR,ERR,ERR,ERR,ERR,ERR,ERR,ERR,ERR,ERR,ERR,ERR,ERR,ERR,ERR,ERR,ERR,ERR,ERR,ERR,ERR,ERR,ERR,ERR,ERR,ERR,ERR,ERR,ERR,ERR,ERR,ERR,ERR,ERR,ERR,ERR,ERR,ERR,ERR,ERR,ERR,ERR,ERR,ERR,ERR,ERR,ERR,ERR,ERR,ERR,ERR,ERR,ERR,ERR,ERR,ERR,ERR,ERR,ERR,ERR,60.0,60.0,35,0.0,0.0,0.0,0.0,0.0,0.0,0.0,0.0,0.0,0.0,0.0,0.0,0.0,0.0,0.0,0.0,64.8,0,150,71,56,65476,0,65476,1,4,4,20529,65476,0,0,2621,60.0,0.0,0.0,0.0,0.0,0.0
2026-07-09T15:36:47,ERR,ERR,ERR,ERR,ERR,ERR,ERR,ERR,ERR,ERR,ERR,ERR,ERR,ERR,ERR,ERR,ERR,ERR,ERR,ERR,ERR,ERR,ERR,ERR,ERR,ERR,ERR,ERR,ERR,ERR,ERR,ERR,ERR,ERR,ERR,ERR,ERR,ERR,ERR,ERR,ERR,ERR,ERR,ERR,ERR,ERR,ERR,ERR,ERR,ERR,ERR,ERR,ERR,ERR,ERR,ERR,ERR,ERR,ERR,ERR,ERR,ERR,ERR,ERR,ERR,ERR,ERR,ERR,ERR,ERR,ERR,ERR,ERR,ERR,ERR,ERR,ERR,ERR,ERR,ERR,ERR,ERR,ERR,ERR,ERR,ERR,ERR,ERR,ERR,ERR,ERR,ERR,ERR,ERR,ERR,ERR,ERR,ERR,ERR,ERR,ERR,ERR,ERR,ERR,ERR,ERR,ERR,ERR,ERR,ERR,ERR,ERR,ERR,ERR,ERR,ERR,ERR,ERR,ERR,ERR,ERR,ERR,ERR,ERR,ERR,-107615168.0,0.0,-0.0,0.0,-5.1777318750026155e+33,nan,0.0,0.0,0,0,4,17329,7116,0.0,100,0.0,0.0,0.0,0.0,0.0,0,0,0,0,0.0,0,0,0,0,0,0,0,0,0,0,0,0,0,0,0,0,0,0,0,0,0,0,0,0,0,0,0,0,0,0,0,0,0,31,40,40,71,65476,0,300,0,0,8,21553,0.0,-107605600.0,0.0,0.0,0.0,0.0,0.0,0.0,0.0,0.0,0.0,0.0,0.0,0.0,0.0,0.0,0.0,0.0,0.0,0.0,0.0,0.0,-0.0,3.697070465001456e+19,0.0,0.0,0.0,0.0,0.0,0.0,5009.0,-0.0,6934.0,-107615168.0,0.0,2.004,2.004,0.0,0.0,0.0,0.0,69,-126841159680.0,-0.0,0.0,0.0,0.0,0.0,0.0,0.0,0.0,0,0,0,0.0,0.0,0.0,0.0,0.0,0.0,0.0,0.0,0.0,0.0,0.0,0.0,0.0,0.0,0.0,0.0,0,-107875648.0,69,0.0,138,0.0,2.012,ERR,ERR,ERR,ERR,ERR,ERR,ERR,ERR,ERR,ERR,ERR,ERR,ERR,ERR,ERR,ERR,ERR,ERR,ERR,ERR,ERR,ERR,ERR,ERR,ERR,ERR,ERR,ERR,ERR,ERR,ERR,ERR,ERR,ERR,ERR,ERR,ERR,ERR,ERR,ERR,ERR,ERR,ERR,ERR,ERR,ERR,ERR,ERR,ERR,ERR,ERR,ERR,ERR,ERR,ERR,ERR,ERR,ERR,ERR,ERR,ERR,ERR,ERR,ERR,ERR,ERR,ERR,60.0,60.0,35,0.0,0.0,0.0,0.0,0.0,0.0,0.0,0.0,0.0,0.0,0.0,0.0,0.0,0.0,0.0,0.0,64.8,0,150,71,56,65476,0,65476,1,4,4,20529,65476,0,0,2621,60.0,0.0,0.0,0.0,0.0,0.0
2026-07-09T15:36:48,ERR,ERR,ERR,ERR,ERR,ERR,ERR,ERR,ERR,ERR,ERR,ERR,ERR,ERR,ERR,ERR,ERR,ERR,ERR,ERR,ERR,ERR,ERR,ERR,ERR,ERR,ERR,ERR,ERR,ERR,ERR,ERR,ERR,ERR,ERR,ERR,ERR,ERR,ERR,ERR,ERR,ERR,ERR,ERR,ERR,ERR,ERR,ERR,ERR,ERR,ERR,ERR,ERR,ERR,ERR,ERR,ERR,ERR,ERR,ERR,ERR,ERR,ERR,ERR,ERR,ERR,ERR,ERR,ERR,ERR,ERR,ERR,ERR,ERR,ERR,ERR,ERR,ERR,ERR,ERR,ERR,ERR,ERR,ERR,ERR,ERR,ERR,ERR,ERR,ERR,ERR,ERR,ERR,ERR,ERR,ERR,ERR,ERR,ERR,ERR,ERR,ERR,ERR,ERR,ERR,ERR,ERR,ERR,ERR,ERR,ERR,ERR,ERR,ERR,ERR,ERR,ERR,ERR,ERR,ERR,ERR,ERR,ERR,ERR,ERR,-107615168.0,0.0,-0.0,0.0,-5.1777318750026155e+33,nan,0.0,0.0,0,0,4,17329,7116,0.0,100,0.0,0.0,0.0,0.0,0.0,0,0,0,0,0.0,0,0,0,0,0,0,0,0,0,0,0,0,0,0,0,0,0,0,0,0,0,0,0,0,0,0,0,0,0,0,0,0,0,31,40,40,71,65476,0,300,0,0,8,21553,0.0,-107605600.0,0.0,0.0,0.0,0.0,0.0,0.0,0.0,0.0,0.0,0.0,0.0,0.0,0.0,0.0,0.0,0.0,0.0,0.0,0.0,0.0,-0.0,3.697070465001456e+19,0.0,0.0,0.0,0.0,0.0,0.0,5009.0,-0.0,6934.0,-107615168.0,0.0,2.004,2.004,0.0,0.0,0.0,0.0,69,-126841159680.0,-0.0,0.0,0.0,0.0,0.0,0.0,0.0,0.0,0,0,0,0.0,0.0,0.0,0.0,0.0,0.0,0.0,0.0,0.0,0.0,0.0,0.0,0.0,0.0,0.0,0.0,0,-107875648.0,69,0.0,138,0.0,2.012,ERR,ERR,ERR,ERR,ERR,ERR,ERR,ERR,ERR,ERR,ERR,ERR,ERR,ERR,ERR,ERR,ERR,ERR,ERR,ERR,ERR,ERR,ERR,ERR,ERR,ERR,ERR,ERR,ERR,ERR,ERR,ERR,ERR,ERR,ERR,ERR,ERR,ERR,ERR,ERR,ERR,ERR,ERR,ERR,ERR,ERR,ERR,ERR,ERR,ERR,ERR,ERR,ERR,ERR,ERR,ERR,ERR,ERR,ERR,ERR,ERR,ERR,ERR,ERR,ERR,ERR,ERR,60.0,60.0,35,0.0,0.0,0.0,0.0,0.0,0.0,0.0,0.0,0.0,0.0,0.0,0.0,0.0,0.0,0.0,0.0,64.8,0,150,71,56,65476,0,65476,1,4,4,20529,65476,0,0,2621,60.0,0.0,0.0,0.0,0.0,0.0
2026-07-09T15:36:49,ERR,ERR,ERR,ERR,ERR,ERR,ERR,ERR,ERR,ERR,ERR,ERR,ERR,ERR,ERR,ERR,ERR,ERR,ERR,ERR,ERR,ERR,ERR,ERR,ERR,ERR,ERR,ERR,ERR,ERR,ERR,ERR,ERR,ERR,ERR,ERR,ERR,ERR,ERR,ERR,ERR,ERR,ERR,ERR,ERR,ERR,ERR,ERR,ERR,ERR,ERR,ERR,ERR,ERR,ERR,ERR,ERR,ERR,ERR,ERR,ERR,ERR,ERR,ERR,ERR,ERR,ERR,ERR,ERR,ERR,ERR,ERR,ERR,ERR,ERR,ERR,ERR,ERR,ERR,ERR,ERR,ERR,ERR,ERR,ERR,ERR,ERR,ERR,ERR,ERR,ERR,ERR,ERR,ERR,ERR,ERR,ERR,ERR,ERR,ERR,ERR,ERR,ERR,ERR,ERR,ERR,ERR,ERR,ERR,ERR,ERR,ERR,ERR,ERR,ERR,ERR,ERR,ERR,ERR,ERR,ERR,ERR,ERR,ERR,ERR,-107615168.0,0.0,-0.0,0.0,-5.1777318750026155e+33,nan,0.0,0.0,0,0,4,17329,7116,0.0,100,0.0,0.0,0.0,0.0,0.0,0,0,0,0,0.0,0,0,0,0,0,0,0,0,0,0,0,0,0,0,0,0,0,0,0,0,0,0,0,0,0,0,0,0,0,0,0,0,0,31,40,40,71,65476,0,300,0,0,8,21553,0.0,-107605600.0,0.0,0.0,0.0,0.0,0.0,0.0,0.0,0.0,0.0,0.0,0.0,0.0,0.0,0.0,0.0,0.0,0.0,0.0,0.0,0.0,-0.0,3.697070465001456e+19,0.0,0.0,0.0,0.0,0.0,0.0,5009.0,-0.0,6934.0,-107615168.0,0.0,2.004,2.004,0.0,0.0,0.0,0.0,69,-126841159680.0,-0.0,0.0,0.0,0.0,0.0,0.0,0.0,0.0,0,0,0,0.0,0.0,0.0,0.0,0.0,0.0,0.0,0.0,0.0,0.0,0.0,0.0,0.0,0.0,0.0,0.0,0,-107875648.0,69,0.0,138,0.0,2.012,ERR,ERR,ERR,ERR,ERR,ERR,ERR,ERR,ERR,ERR,ERR,ERR,ERR,ERR,ERR,ERR,ERR,ERR,ERR,ERR,ERR,ERR,ERR,ERR,ERR,ERR,ERR,ERR,ERR,ERR,ERR,ERR,ERR,ERR,ERR,ERR,ERR,ERR,ERR,ERR,ERR,ERR,ERR,ERR,ERR,ERR,ERR,ERR,ERR,ERR,ERR,ERR,ERR,ERR,ERR,ERR,ERR,ERR,ERR,ERR,ERR,ERR,ERR,ERR,ERR,ERR,ERR,60.0,60.0,35,0.0,0.0,0.0,0.0,0.0,0.0,0.0,0.0,0.0,0.0,0.0,0.0,0.0,0.0,0.0,0.0,64.8,0,150,71,56,65476,0,65476,1,4,4,20529,65476,0,0,2621,60.0,0.0,0.0,0.0,0.0,0.0
2026-07-09T15:36:50,ERR,ERR,ERR,ERR,ERR,ERR,ERR,ERR,ERR,ERR,ERR,ERR,ERR,ERR,ERR,ERR,ERR,ERR,ERR,ERR,ERR,ERR,ERR,ERR,ERR,ERR,ERR,ERR,ERR,ERR,ERR,ERR,ERR,ERR,ERR,ERR,ERR,ERR,ERR,ERR,ERR,ERR,ERR,ERR,ERR,ERR,ERR,ERR,ERR,ERR,ERR,ERR,ERR,ERR,ERR,ERR,ERR,ERR,ERR,ERR,ERR,ERR,ERR,ERR,ERR,ERR,ERR,ERR,ERR,ERR,ERR,ERR,ERR,ERR,ERR,ERR,ERR,ERR,ERR,ERR,ERR,ERR,ERR,ERR,ERR,ERR,ERR,ERR,ERR,ERR,ERR,ERR,ERR,ERR,ERR,ERR,ERR,ERR,ERR,ERR,ERR,ERR,ERR,ERR,ERR,ERR,ERR,ERR,ERR,ERR,ERR,ERR,ERR,ERR,ERR,ERR,ERR,ERR,ERR,ERR,ERR,ERR,ERR,ERR,ERR,2.7184260577004195e+23,-107616112.0,0.0,2.7183478752108883e+23,5.203733567587766e+33,-2.1239235213124308e+28,-0.0,0.0,0,0,4,17329,7116,0.0,100,0.0,0.0,2.7183478752108883e+23,0.0,0.0,0,0,0,0,0.0,0,0,0,0,0,0,0,0,0,0,0,0,0,0,0,0,0,0,0,0,0,0,0,0,0,0,0,0,0,0,0,0,0,31,40,40,71,65476,0,300,0,0,8,21553,0.0,-107605600.0,0.0,0.0,0.0,0.0,0.0,0.0,0.0,0.0,0.0,0.0,0.0,0.0,-2.596148429267414e+33,0.0,0.0,0.0,0.0,0.0,0.0,0.0,-0.0,2.004,0.0,0.0,0.0,0.0,0.0,0.0,4998.0,-0.0,6927.0,2.7184260577004195e+23,-107616112.0,2.004,2.004,0.0,0.0,0.0,0.0,69,-0.0,89220.562,0.0,0.0,0.0,0.0,0.0,0.0,0.0,0,0,0,0.0,0.0,0.0,0.0,0.0,0.0,0.0,0.0,0.0,0.0,0.0,0.0,0.0,0.0,0.0,0.0,0,-107875648.0,69,0.0,138,0.0,2.012,ERR,ERR,ERR,ERR,ERR,ERR,ERR,ERR,ERR,ERR,ERR,ERR,ERR,ERR,ERR,ERR,ERR,ERR,ERR,ERR,ERR,ERR,ERR,ERR,ERR,ERR,ERR,ERR,ERR,ERR,ERR,ERR,ERR,ERR,ERR,ERR,ERR,ERR,ERR,ERR,ERR,ERR,ERR,ERR,ERR,ERR,ERR,ERR,ERR,ERR,ERR,ERR,ERR,ERR,ERR,ERR,ERR,ERR,ERR,ERR,ERR,ERR,ERR,ERR,ERR,ERR,ERR,60.0,60.0,35,0.0,0.0,0.0,0.0,0.0,0.0,0.0,0.0,0.0,0.0,0.0,0.0,0.0,0.0,0.0,0.0,64.8,0,149,71,56,65476,0,65476,1,4,4,20529,65476,0,0,2621,60.0,0.0,0.0,0.0,0.0,0.0
2026-07-09T15:36:51,ERR,ERR,ERR,ERR,ERR,ERR,ERR,ERR,ERR,ERR,ERR,ERR,ERR,ERR,ERR,ERR,ERR,ERR,ERR,ERR,ERR,ERR,ERR,ERR,ERR,ERR,ERR,ERR,ERR,ERR,ERR,ERR,ERR,ERR,ERR,ERR,ERR,ERR,ERR,ERR,ERR,ERR,ERR,ERR,ERR,ERR,ERR,ERR,ERR,ERR,ERR,ERR,ERR,ERR,ERR,ERR,ERR,ERR,ERR,ERR,ERR,ERR,ERR,ERR,ERR,ERR,ERR,ERR,ERR,ERR,ERR,ERR,ERR,ERR,ERR,ERR,ERR,ERR,ERR,ERR,ERR,ERR,ERR,ERR,ERR,ERR,ERR,ERR,ERR,ERR,ERR,ERR,ERR,ERR,ERR,ERR,ERR,ERR,ERR,ERR,ERR,ERR,ERR,ERR,ERR,ERR,ERR,ERR,ERR,ERR,ERR,ERR,ERR,ERR,ERR,ERR,ERR,ERR,ERR,ERR,ERR,ERR,ERR,ERR,ERR,2.7184260577004195e+23,-107616112.0,0.0,2.7183478752108883e+23,5.203733567587766e+33,-2.1239235213124308e+28,-0.0,0.0,0,0,4,17329,7116,0.0,100,0.0,0.0,2.7183478752108883e+23,0.0,0.0,0,0,0,0,0.0,0,0,0,0,0,0,0,0,0,0,0,0,0,0,0,0,0,0,0,0,0,0,0,0,0,0,0,0,0,0,0,0,0,31,40,40,71,65476,0,300,0,0,8,21553,0.0,-107605600.0,0.0,0.0,0.0,0.0,0.0,0.0,0.0,0.0,0.0,0.0,0.0,0.0,-2.596148429267414e+33,0.0,0.0,0.0,0.0,0.0,0.0,0.0,-0.0,2.004,0.0,0.0,0.0,0.0,0.0,0.0,4998.0,-0.0,6927.0,2.7184260577004195e+23,-107616112.0,2.004,2.004,0.0,0.0,0.0,0.0,69,-0.0,89220.562,0.0,0.0,0.0,0.0,0.0,0.0,0.0,0,0,0,0.0,0.0,0.0,0.0,0.0,0.0,0.0,0.0,0.0,0.0,0.0,0.0,0.0,0.0,0.0,0.0,0,-107875648.0,69,0.0,138,0.0,2.012,ERR,ERR,ERR,ERR,ERR,ERR,ERR,ERR,ERR,ERR,ERR,ERR,ERR,ERR,ERR,ERR,ERR,ERR,ERR,ERR,ERR,ERR,ERR,ERR,ERR,ERR,ERR,ERR,ERR,ERR,ERR,ERR,ERR,ERR,ERR,ERR,ERR,ERR,ERR,ERR,ERR,ERR,ERR,ERR,ERR,ERR,ERR,ERR,ERR,ERR,ERR,ERR,ERR,ERR,ERR,ERR,ERR,ERR,ERR,ERR,ERR,ERR,ERR,ERR,ERR,ERR,ERR,60.0,60.0,35,0.0,0.0,0.0,0.0,0.0,0.0,0.0,0.0,0.0,0.0,0.0,0.0,0.0,0.0,0.0,0.0,64.8,0,149,71,56,65476,0,65476,1,4,4,20529,65476,0,0,2621,60.0,0.0,0.0,0.0,0.0,0.0
2026-07-09T15:36:52,ERR,ERR,ERR,ERR,ERR,ERR,ERR,ERR,ERR,ERR,ERR,ERR,ERR,ERR,ERR,ERR,ERR,ERR,ERR,ERR,ERR,ERR,ERR,ERR,ERR,ERR,ERR,ERR,ERR,ERR,ERR,ERR,ERR,ERR,ERR,ERR,ERR,ERR,ERR,ERR,ERR,ERR,ERR,ERR,ERR,ERR,ERR,ERR,ERR,ERR,ERR,ERR,ERR,ERR,ERR,ERR,ERR,ERR,ERR,ERR,ERR,ERR,ERR,ERR,ERR,ERR,ERR,ERR,ERR,ERR,ERR,ERR,ERR,ERR,ERR,ERR,ERR,ERR,ERR,ERR,ERR,ERR,ERR,ERR,ERR,ERR,ERR,ERR,ERR,ERR,ERR,ERR,ERR,ERR,ERR,ERR,ERR,ERR,ERR,ERR,ERR,ERR,ERR,ERR,ERR,ERR,ERR,ERR,ERR,ERR,ERR,ERR,ERR,ERR,ERR,ERR,ERR,ERR,ERR,ERR,ERR,ERR,ERR,ERR,ERR,2.7184260577004195e+23,-107616112.0,0.0,2.7183478752108883e+23,5.203733567587766e+33,-2.1239235213124308e+28,-0.0,0.0,0,0,4,17329,7116,0.0,100,0.0,0.0,2.7183478752108883e+23,0.0,0.0,0,0,0,0,0.0,0,0,0,0,0,0,0,0,0,0,0,0,0,0,0,0,0,0,0,0,0,0,0,0,0,0,0,0,0,0,0,0,0,31,40,40,71,65476,0,300,0,0,8,21553,0.0,-107605600.0,0.0,0.0,0.0,0.0,0.0,0.0,0.0,0.0,0.0,0.0,0.0,0.0,-2.596148429267414e+33,0.0,0.0,0.0,0.0,0.0,0.0,0.0,-0.0,2.004,0.0,0.0,0.0,0.0,0.0,0.0,4998.0,-0.0,6927.0,2.7184260577004195e+23,-107616112.0,2.004,2.004,0.0,0.0,0.0,0.0,69,-0.0,89220.562,0.0,0.0,0.0,0.0,0.0,0.0,0.0,0,0,0,0.0,0.0,0.0,0.0,0.0,0.0,0.0,0.0,0.0,0.0,0.0,0.0,0.0,0.0,0.0,0.0,0,-107875648.0,69,0.0,138,0.0,2.012,ERR,ERR,ERR,ERR,ERR,ERR,ERR,ERR,ERR,ERR,ERR,ERR,ERR,ERR,ERR,ERR,ERR,ERR,ERR,ERR,ERR,ERR,ERR,ERR,ERR,ERR,ERR,ERR,ERR,ERR,ERR,ERR,ERR,ERR,ERR,ERR,ERR,ERR,ERR,ERR,ERR,ERR,ERR,ERR,ERR,ERR,ERR,ERR,ERR,ERR,ERR,ERR,ERR,ERR,ERR,ERR,ERR,ERR,ERR,ERR,ERR,ERR,ERR,ERR,ERR,ERR,ERR,60.0,60.0,35,0.0,0.0,0.0,0.0,0.0,0.0,0.0,0.0,0.0,0.0,0.0,0.0,0.0,0.0,0.0,0.0,64.8,0,149,71,56,65476,0,65476,1,4,4,20529,65476,0,0,2621,60.0,0.0,0.0,0.0,0.0,0.0
2026-07-09T15:36:53,ERR,ERR,ERR,ERR,ERR,ERR,ERR,ERR,ERR,ERR,ERR,ERR,ERR,ERR,ERR,ERR,ERR,ERR,ERR,ERR,ERR,ERR,ERR,ERR,ERR,ERR,ERR,ERR,ERR,ERR,ERR,ERR,ERR,ERR,ERR,ERR,ERR,ERR,ERR,ERR,ERR,ERR,ERR,ERR,ERR,ERR,ERR,ERR,ERR,ERR,ERR,ERR,ERR,ERR,ERR,ERR,ERR,ERR,ERR,ERR,ERR,ERR,ERR,ERR,ERR,ERR,ERR,ERR,ERR,ERR,ERR,ERR,ERR,ERR,ERR,ERR,ERR,ERR,ERR,ERR,ERR,ERR,ERR,ERR,ERR,ERR,ERR,ERR,ERR,ERR,ERR,ERR,ERR,ERR,ERR,ERR,ERR,ERR,ERR,ERR,ERR,ERR,ERR,ERR,ERR,ERR,ERR,ERR,ERR,ERR,ERR,ERR,ERR,ERR,ERR,ERR,ERR,ERR,ERR,ERR,ERR,ERR,ERR,ERR,ERR,2.7184260577004195e+23,-107616112.0,0.0,2.7183478752108883e+23,5.203733567587766e+33,-2.1239235213124308e+28,-0.0,0.0,0,0,4,17329,7116,0.0,100,0.0,0.0,2.7183478752108883e+23,0.0,0.0,0,0,0,0,0.0,0,0,0,0,0,0,0,0,0,0,0,0,0,0,0,0,0,0,0,0,0,0,0,0,0,0,0,0,0,0,0,0,0,31,40,40,71,65476,0,300,0,0,8,21553,0.0,-107605600.0,0.0,0.0,0.0,0.0,0.0,0.0,0.0,0.0,0.0,0.0,0.0,0.0,-2.596148429267414e+33,0.0,0.0,0.0,0.0,0.0,0.0,0.0,-0.0,2.004,0.0,0.0,0.0,0.0,0.0,0.0,4998.0,-0.0,6927.0,2.7184260577004195e+23,-107616112.0,2.004,2.004,0.0,0.0,0.0,0.0,69,-0.0,89220.562,0.0,0.0,0.0,0.0,0.0,0.0,0.0,0,0,0,0.0,0.0,0.0,0.0,0.0,0.0,0.0,0.0,0.0,0.0,0.0,0.0,0.0,0.0,0.0,0.0,0,-107875648.0,69,0.0,138,0.0,2.012,ERR,ERR,ERR,ERR,ERR,ERR,ERR,ERR,ERR,ERR,ERR,ERR,ERR,ERR,ERR,ERR,ERR,ERR,ERR,ERR,ERR,ERR,ERR,ERR,ERR,ERR,ERR,ERR,ERR,ERR,ERR,ERR,ERR,ERR,ERR,ERR,ERR,ERR,ERR,ERR,ERR,ERR,ERR,ERR,ERR,ERR,ERR,ERR,ERR,ERR,ERR,ERR,ERR,ERR,ERR,ERR,ERR,ERR,ERR,ERR,ERR,ERR,ERR,ERR,ERR,ERR,ERR,60.0,60.0,35,0.0,0.0,0.0,0.0,0.0,0.0,0.0,0.0,0.0,0.0,0.0,0.0,0.0,0.0,0.0,0.0,64.8,0,149,71,56,65476,0,65476,1,4,4,20529,65476,0,0,2621,60.0,0.0,0.0,0.0,0.0,0.0
2026-07-09T15:36:54,ERR,ERR,ERR,ERR,ERR,ERR,ERR,ERR,ERR,ERR,ERR,ERR,ERR,ERR,ERR,ERR,ERR,ERR,ERR,ERR,ERR,ERR,ERR,ERR,ERR,ERR,ERR,ERR,ERR,ERR,ERR,ERR,ERR,ERR,ERR,ERR,ERR,ERR,ERR,ERR,ERR,ERR,ERR,ERR,ERR,ERR,ERR,ERR,ERR,ERR,ERR,ERR,ERR,ERR,ERR,ERR,ERR,ERR,ERR,ERR,ERR,ERR,ERR,ERR,ERR,ERR,ERR,ERR,ERR,ERR,ERR,ERR,ERR,ERR,ERR,ERR,ERR,ERR,ERR,ERR,ERR,ERR,ERR,ERR,ERR,ERR,ERR,ERR,ERR,ERR,ERR,ERR,ERR,ERR,ERR,ERR,ERR,ERR,ERR,ERR,ERR,ERR,ERR,ERR,ERR,ERR,ERR,ERR,ERR,ERR,ERR,ERR,ERR,ERR,ERR,ERR,ERR,ERR,ERR,ERR,ERR,ERR,ERR,ERR,ERR,2.7184260577004195e+23,-107616112.0,0.0,2.7183478752108883e+23,5.203733567587766e+33,-2.1239235213124308e+28,-0.0,0.0,0,0,4,17329,7116,0.0,100,0.0,0.0,2.7183478752108883e+23,0.0,0.0,0,0,0,0,0.0,0,0,0,0,0,0,0,0,0,0,0,0,0,0,0,0,0,0,0,0,0,0,0,0,0,0,0,0,0,0,0,0,0,31,40,40,71,65476,0,300,0,0,8,21553,0.0,-107605600.0,0.0,0.0,0.0,0.0,0.0,0.0,0.0,0.0,0.0,0.0,0.0,0.0,-2.596148429267414e+33,0.0,0.0,0.0,0.0,0.0,0.0,0.0,-0.0,2.004,0.0,0.0,0.0,0.0,0.0,0.0,4998.0,-0.0,6927.0,2.7184260577004195e+23,-107616112.0,2.004,2.004,0.0,0.0,0.0,0.0,69,-0.0,89220.562,0.0,0.0,0.0,0.0,0.0,0.0,0.0,0,0,0,0.0,0.0,0.0,0.0,0.0,0.0,0.0,0.0,0.0,0.0,0.0,0.0,0.0,0.0,0.0,0.0,0,-107875648.0,69,0.0,138,0.0,2.012,ERR,ERR,ERR,ERR,ERR,ERR,ERR,ERR,ERR,ERR,ERR,ERR,ERR,ERR,ERR,ERR,ERR,ERR,ERR,ERR,ERR,ERR,ERR,ERR,ERR,ERR,ERR,ERR,ERR,ERR,ERR,ERR,ERR,ERR,ERR,ERR,ERR,ERR,ERR,ERR,ERR,ERR,ERR,ERR,ERR,ERR,ERR,ERR,ERR,ERR,ERR,ERR,ERR,ERR,ERR,ERR,ERR,ERR,ERR,ERR,ERR,ERR,ERR,ERR,ERR,ERR,ERR,60.0,60.0,35,0.0,0.0,0.0,0.0,0.0,0.0,0.0,0.0,0.0,0.0,0.0,0.0,0.0,0.0,0.0,0.0,64.8,0,149,71,56,65476,0,65476,1,4,4,20529,65476,0,0,2621,60.0,0.0,0.0,0.0,0.0,0.0
2026-07-09T15:36:55,ERR,ERR,ERR,ERR,ERR,ERR,ERR,ERR,ERR,ERR,ERR,ERR,ERR,ERR,ERR,ERR,ERR,ERR,ERR,ERR,ERR,ERR,ERR,ERR,ERR,ERR,ERR,ERR,ERR,ERR,ERR,ERR,ERR,ERR,ERR,ERR,ERR,ERR,ERR,ERR,ERR,ERR,ERR,ERR,ERR,ERR,ERR,ERR,ERR,ERR,ERR,ERR,ERR,ERR,ERR,ERR,ERR,ERR,ERR,ERR,ERR,ERR,ERR,ERR,ERR,ERR,ERR,ERR,ERR,ERR,ERR,ERR,ERR,ERR,ERR,ERR,ERR,ERR,ERR,ERR,ERR,ERR,ERR,ERR,ERR,ERR,ERR,ERR,ERR,ERR,ERR,ERR,ERR,ERR,ERR,ERR,ERR,ERR,ERR,ERR,ERR,ERR,ERR,ERR,ERR,ERR,ERR,ERR,ERR,ERR,ERR,ERR,ERR,ERR,ERR,ERR,ERR,ERR,ERR,ERR,ERR,ERR,ERR,ERR,ERR,2.7184260577004195e+23,-0.0,-108139296.0,-0.0,-1.6388436327297213e+32,0.185,39918816.0,5.659337488628797e+25,0,0,4,17326,7116,0.0,100,0.0,0.0,-0.0,0.0,0.0,0,0,0,0,0.0,0,0,0,0,0,0,0,0,0,0,0,0,0,0,0,0,0,0,0,0,0,0,0,0,0,0,0,0,0,0,0,0,0,31,40,40,71,65476,0,300,0,0,8,21553,0.0,-107605600.0,0.0,0.0,0.0,0.0,0.0,0.0,0.0,0.0,0.0,0.0,0.0,0.0,0.0,0.0,0.0,0.0,0.0,0.0,0.0,0.0,2.004,0.0,0.0,0.0,0.0,0.0,0.0,0.0,5019.0,1.040665380856972e+34,6927.0,2.7184260577004195e+23,-0.0,2.004,2.004,0.0,0.0,0.0,0.0,69,2.3088414214031042e+20,89220.562,0.0,0.0,0.0,0.0,0.0,0.0,0.0,0,0,0,0.0,0.0,0.0,0.0,0.0,0.0,0.0,0.0,0.0,0.0,0.0,0.0,0.0,0.0,0.0,0.0,0,-107875648.0,69,0.0,138,0.0,2.012,ERR,ERR,ERR,ERR,ERR,ERR,ERR,ERR,ERR,ERR,ERR,ERR,ERR,ERR,ERR,ERR,ERR,ERR,ERR,ERR,ERR,ERR,ERR,ERR,ERR,ERR,ERR,ERR,ERR,ERR,ERR,ERR,ERR,ERR,ERR,ERR,ERR,ERR,ERR,ERR,ERR,ERR,ERR,ERR,ERR,ERR,ERR,ERR,ERR,ERR,ERR,ERR,ERR,ERR,ERR,ERR,ERR,ERR,ERR,ERR,ERR,ERR,ERR,ERR,ERR,ERR,ERR,60.0,60.0,35,0.0,0.0,0.0,0.0,0.0,0.0,0.0,0.0,0.0,0.0,0.0,0.0,0.0,0.0,0.0,0.0,64.8,0,149,71,56,65476,0,65476,1,4,4,20529,65476,0,0,2621,60.0,0.0,0.0,0.0,0.0,0.0
2026-07-09T15:36:56,ERR,ERR,ERR,ERR,ERR,ERR,ERR,ERR,ERR,ERR,ERR,ERR,ERR,ERR,ERR,ERR,ERR,ERR,ERR,ERR,ERR,ERR,ERR,ERR,ERR,ERR,ERR,ERR,ERR,ERR,ERR,ERR,ERR,ERR,ERR,ERR,ERR,ERR,ERR,ERR,ERR,ERR,ERR,ERR,ERR,ERR,ERR,ERR,ERR,ERR,ERR,ERR,ERR,ERR,ERR,ERR,ERR,ERR,ERR,ERR,ERR,ERR,ERR,ERR,ERR,ERR,ERR,ERR,ERR,ERR,ERR,ERR,ERR,ERR,ERR,ERR,ERR,ERR,ERR,ERR,ERR,ERR,ERR,ERR,ERR,ERR,ERR,ERR,ERR,ERR,ERR,ERR,ERR,ERR,ERR,ERR,ERR,ERR,ERR,ERR,ERR,ERR,ERR,ERR,ERR,ERR,ERR,ERR,ERR,ERR,ERR,ERR,ERR,ERR,ERR,ERR,ERR,ERR,ERR,ERR,ERR,ERR,ERR,ERR,ERR,2.7184260577004195e+23,-0.0,-108139296.0,-0.0,-1.6388436327297213e+32,0.185,39918816.0,5.659337488628797e+25,0,0,4,17326,7116,0.0,100,0.0,0.0,-0.0,0.0,0.0,0,0,0,0,0.0,0,0,0,0,0,0,0,0,0,0,0,0,0,0,0,0,0,0,0,0,0,0,0,0,0,0,0,0,0,0,0,0,0,31,40,40,71,65476,0,300,0,0,8,21553,0.0,-107605600.0,0.0,0.0,0.0,0.0,0.0,0.0,0.0,0.0,0.0,0.0,0.0,0.0,0.0,0.0,0.0,0.0,0.0,0.0,0.0,0.0,2.004,0.0,0.0,0.0,0.0,0.0,0.0,0.0,5019.0,1.040665380856972e+34,6927.0,2.7184260577004195e+23,-0.0,2.004,2.004,0.0,0.0,0.0,0.0,69,2.3088414214031042e+20,89220.562,0.0,0.0,0.0,0.0,0.0,0.0,0.0,0,0,0,0.0,0.0,0.0,0.0,0.0,0.0,0.0,0.0,0.0,0.0,0.0,0.0,0.0,0.0,0.0,0.0,0,-107875648.0,69,0.0,138,0.0,2.012,ERR,ERR,ERR,ERR,ERR,ERR,ERR,ERR,ERR,ERR,ERR,ERR,ERR,ERR,ERR,ERR,ERR,ERR,ERR,ERR,ERR,ERR,ERR,ERR,ERR,ERR,ERR,ERR,ERR,ERR,ERR,ERR,ERR,ERR,ERR,ERR,ERR,ERR,ERR,ERR,ERR,ERR,ERR,ERR,ERR,ERR,ERR,ERR,ERR,ERR,ERR,ERR,ERR,ERR,ERR,ERR,ERR,ERR,ERR,ERR,ERR,ERR,ERR,ERR,ERR,ERR,ERR,60.0,60.0,35,0.0,0.0,0.0,0.0,0.0,0.0,0.0,0.0,0.0,0.0,0.0,0.0,0.0,0.0,0.0,0.0,64.8,0,149,70,56,65476,0,65476,1,4,4,20529,65476,0,0,2621,60.0,0.0,0.0,0.0,0.0,0.0
2026-07-09T15:36:57,ERR,ERR,ERR,ERR,ERR,ERR,ERR,ERR,ERR,ERR,ERR,ERR,ERR,ERR,ERR,ERR,ERR,ERR,ERR,ERR,ERR,ERR,ERR,ERR,ERR,ERR,ERR,ERR,ERR,ERR,ERR,ERR,ERR,ERR,ERR,ERR,ERR,ERR,ERR,ERR,ERR,ERR,ERR,ERR,ERR,ERR,ERR,ERR,ERR,ERR,ERR,ERR,ERR,ERR,ERR,ERR,ERR,ERR,ERR,ERR,ERR,ERR,ERR,ERR,ERR,ERR,ERR,ERR,ERR,ERR,ERR,ERR,ERR,ERR,ERR,ERR,ERR,ERR,ERR,ERR,ERR,ERR,ERR,ERR,ERR,ERR,ERR,ERR,ERR,ERR,ERR,ERR,ERR,ERR,ERR,ERR,ERR,ERR,ERR,ERR,ERR,ERR,ERR,ERR,ERR,ERR,ERR,ERR,ERR,ERR,ERR,ERR,ERR,ERR,ERR,ERR,ERR,ERR,ERR,ERR,ERR,ERR,ERR,ERR,ERR,2.7184260577004195e+23,-0.0,-108139296.0,-0.0,-1.6388436327297213e+32,0.185,39918816.0,5.659337488628797e+25,0,0,4,17326,7116,0.0,100,0.0,0.0,-0.0,0.0,0.0,0,0,0,0,0.0,0,0,0,0,0,0,0,0,0,0,0,0,0,0,0,0,0,0,0,0,0,0,0,0,0,0,0,0,0,0,0,0,0,31,40,40,71,65476,0,300,0,0,8,21553,0.0,-107605600.0,0.0,0.0,0.0,0.0,0.0,0.0,0.0,0.0,0.0,0.0,0.0,0.0,0.0,0.0,0.0,0.0,0.0,0.0,0.0,0.0,2.004,0.0,0.0,0.0,0.0,0.0,0.0,0.0,5019.0,1.040665380856972e+34,6927.0,2.7184260577004195e+23,-0.0,2.004,2.004,0.0,0.0,0.0,0.0,69,2.3088414214031042e+20,89220.562,0.0,0.0,0.0,0.0,0.0,0.0,0.0,0,0,0,0.0,0.0,0.0,0.0,0.0,0.0,0.0,0.0,0.0,0.0,0.0,0.0,0.0,0.0,0.0,0.0,0,-107875648.0,69,0.0,138,0.0,2.012,ERR,ERR,ERR,ERR,ERR,ERR,ERR,ERR,ERR,ERR,ERR,ERR,ERR,ERR,ERR,ERR,ERR,ERR,ERR,ERR,ERR,ERR,ERR,ERR,ERR,ERR,ERR,ERR,ERR,ERR,ERR,ERR,ERR,ERR,ERR,ERR,ERR,ERR,ERR,ERR,ERR,ERR,ERR,ERR,ERR,ERR,ERR,ERR,ERR,ERR,ERR,ERR,ERR,ERR,ERR,ERR,ERR,ERR,ERR,ERR,ERR,ERR,ERR,ERR,ERR,ERR,ERR,60.0,60.0,35,0.0,0.0,0.0,0.0,0.0,0.0,0.0,0.0,0.0,0.0,0.0,0.0,0.0,0.0,0.0,0.0,64.8,0,149,70,56,65476,0,65476,1,4,4,20529,65476,0,0,2621,60.0,0.0,0.0,0.0,0.0,0.0
2026-07-09T15:36:58,ERR,ERR,ERR,ERR,ERR,ERR,ERR,ERR,ERR,ERR,ERR,ERR,ERR,ERR,ERR,ERR,ERR,ERR,ERR,ERR,ERR,ERR,ERR,ERR,ERR,ERR,ERR,ERR,ERR,ERR,ERR,ERR,ERR,ERR,ERR,ERR,ERR,ERR,ERR,ERR,ERR,ERR,ERR,ERR,ERR,ERR,ERR,ERR,ERR,ERR,ERR,ERR,ERR,ERR,ERR,ERR,ERR,ERR,ERR,ERR,ERR,ERR,ERR,ERR,ERR,ERR,ERR,ERR,ERR,ERR,ERR,ERR,ERR,ERR,ERR,ERR,ERR,ERR,ERR,ERR,ERR,ERR,ERR,ERR,ERR,ERR,ERR,ERR,ERR,ERR,ERR,ERR,ERR,ERR,ERR,ERR,ERR,ERR,ERR,ERR,ERR,ERR,ERR,ERR,ERR,ERR,ERR,ERR,ERR,ERR,ERR,ERR,ERR,ERR,ERR,ERR,ERR,ERR,ERR,ERR,ERR,ERR,ERR,ERR,ERR,2.7184260577004195e+23,-0.0,-108139296.0,-0.0,-1.6388436327297213e+32,0.185,39918816.0,5.659337488628797e+25,0,0,4,17326,7116,0.0,100,0.0,0.0,-0.0,0.0,0.0,0,0,0,0,0.0,0,0,0,0,0,0,0,0,0,0,0,0,0,0,0,0,0,0,0,0,0,0,0,0,0,0,0,0,0,0,0,0,0,31,40,40,71,65476,0,300,0,0,8,21553,0.0,-107605600.0,0.0,0.0,0.0,0.0,0.0,0.0,0.0,0.0,0.0,0.0,0.0,0.0,0.0,0.0,0.0,0.0,0.0,0.0,0.0,0.0,2.004,0.0,0.0,0.0,0.0,0.0,0.0,0.0,5019.0,1.040665380856972e+34,6927.0,2.7184260577004195e+23,-0.0,2.004,2.004,0.0,0.0,0.0,0.0,69,2.3088414214031042e+20,89220.562,0.0,0.0,0.0,0.0,0.0,0.0,0.0,0,0,0,0.0,0.0,0.0,0.0,0.0,0.0,0.0,0.0,0.0,0.0,0.0,0.0,0.0,0.0,0.0,0.0,0,-107875648.0,69,0.0,138,0.0,2.012,ERR,ERR,ERR,ERR,ERR,ERR,ERR,ERR,ERR,ERR,ERR,ERR,ERR,ERR,ERR,ERR,ERR,ERR,ERR,ERR,ERR,ERR,ERR,ERR,ERR,ERR,ERR,ERR,ERR,ERR,ERR,ERR,ERR,ERR,ERR,ERR,ERR,ERR,ERR,ERR,ERR,ERR,ERR,ERR,ERR,ERR,ERR,ERR,ERR,ERR,ERR,ERR,ERR,ERR,ERR,ERR,ERR,ERR,ERR,ERR,ERR,ERR,ERR,ERR,ERR,ERR,ERR,60.0,60.0,35,0.0,0.0,0.0,0.0,0.0,0.0,0.0,0.0,0.0,0.0,0.0,0.0,0.0,0.0,0.0,0.0,65.2,0,148,70,56,65476,0,65476,1,4,4,20529,65476,0,0,2621,60.0,0.0,0.0,0.0,0.0,0.0
2026-07-09T15:36:59,ERR,ERR,ERR,ERR,ERR,ERR,ERR,ERR,ERR,ERR,ERR,ERR,ERR,ERR,ERR,ERR,ERR,ERR,ERR,ERR,ERR,ERR,ERR,ERR,ERR,ERR,ERR,ERR,ERR,ERR,ERR,ERR,ERR,ERR,ERR,ERR,ERR,ERR,ERR,ERR,ERR,ERR,ERR,ERR,ERR,ERR,ERR,ERR,ERR,ERR,ERR,ERR,ERR,ERR,ERR,ERR,ERR,ERR,ERR,ERR,ERR,ERR,ERR,ERR,ERR,ERR,ERR,ERR,ERR,ERR,ERR,ERR,ERR,ERR,ERR,ERR,ERR,ERR,ERR,ERR,ERR,ERR,ERR,ERR,ERR,ERR,ERR,ERR,ERR,ERR,ERR,ERR,ERR,ERR,ERR,ERR,ERR,ERR,ERR,ERR,ERR,ERR,ERR,ERR,ERR,ERR,ERR,ERR,ERR,ERR,ERR,ERR,ERR,ERR,ERR,ERR,ERR,ERR,ERR,ERR,ERR,ERR,ERR,ERR,ERR,2.7184260577004195e+23,-0.0,-108139296.0,-0.0,-1.6388436327297213e+32,0.185,39918816.0,5.659337488628797e+25,0,0,4,17326,7116,0.0,100,0.0,0.0,-0.0,0.0,0.0,0,0,0,0,0.0,0,0,0,0,0,0,0,0,0,0,0,0,0,0,0,0,0,0,0,0,0,0,0,0,0,0,0,0,0,0,0,0,0,31,40,40,71,65476,0,300,0,0,8,21553,0.0,-107605600.0,0.0,0.0,0.0,0.0,0.0,0.0,0.0,0.0,0.0,0.0,0.0,0.0,0.0,0.0,0.0,0.0,0.0,0.0,0.0,0.0,2.004,0.0,0.0,0.0,0.0,0.0,0.0,0.0,5019.0,1.040665380856972e+34,6927.0,2.7184260577004195e+23,-0.0,2.004,2.004,0.0,0.0,0.0,0.0,69,2.3088414214031042e+20,89220.562,0.0,0.0,0.0,0.0,0.0,0.0,0.0,0,0,0,0.0,0.0,0.0,0.0,0.0,0.0,0.0,0.0,0.0,0.0,0.0,0.0,0.0,0.0,0.0,0.0,0,-107875648.0,69,0.0,138,0.0,2.012,ERR,ERR,ERR,ERR,ERR,ERR,ERR,ERR,ERR,ERR,ERR,ERR,ERR,ERR,ERR,ERR,ERR,ERR,ERR,ERR,ERR,ERR,ERR,ERR,ERR,ERR,ERR,ERR,ERR,ERR,ERR,ERR,ERR,ERR,ERR,ERR,ERR,ERR,ERR,ERR,ERR,ERR,ERR,ERR,ERR,ERR,ERR,ERR,ERR,ERR,ERR,ERR,ERR,ERR,ERR,ERR,ERR,ERR,ERR,ERR,ERR,ERR,ERR,ERR,ERR,ERR,ERR,60.0,60.0,35,0.0,0.0,0.0,0.0,0.0,0.0,0.0,0.0,0.0,0.0,0.0,0.0,0.0,0.0,0.0,0.0,65.2,0,148,70,56,65476,0,65476,1,4,4,20529,65476,0,0,2621,60.0,0.0,0.0,0.0,0.0,0.0
2026-07-09T15:37:00,ERR,ERR,ERR,ERR,ERR,ERR,ERR,ERR,ERR,ERR,ERR,ERR,ERR,ERR,ERR,ERR,ERR,ERR,ERR,ERR,ERR,ERR,ERR,ERR,ERR,ERR,ERR,ERR,ERR,ERR,ERR,ERR,ERR,ERR,ERR,ERR,ERR,ERR,ERR,ERR,ERR,ERR,ERR,ERR,ERR,ERR,ERR,ERR,ERR,ERR,ERR,ERR,ERR,ERR,ERR,ERR,ERR,ERR,ERR,ERR,ERR,ERR,ERR,ERR,ERR,ERR,ERR,ERR,ERR,ERR,ERR,ERR,ERR,ERR,ERR,ERR,ERR,ERR,ERR,ERR,ERR,ERR,ERR,ERR,ERR,ERR,ERR,ERR,ERR,ERR,ERR,ERR,ERR,ERR,ERR,ERR,ERR,ERR,ERR,ERR,ERR,ERR,ERR,ERR,ERR,ERR,ERR,ERR,ERR,ERR,ERR,ERR,ERR,ERR,ERR,ERR,ERR,ERR,ERR,ERR,ERR,ERR,ERR,ERR,ERR,0.0,2.7184473146906606e+23,-107090720.0,0.0,9.197499428741579e+18,-55366193152.0,-78990.359,-0.0,0,0,4,17325,7116,0.0,100,0.0,0.0,0.0,0.0,0.0,0,0,0,0,0.0,0,0,0,0,0,0,0,0,0,0,0,0,0,0,0,0,0,0,0,0,0,0,0,0,0,0,0,0,0,0,0,0,0,31,40,40,71,65476,0,300,0,0,8,21553,0.0,-107605600.0,0.0,0.0,0.0,0.0,0.0,0.0,0.0,0.0,0.0,0.0,0.0,0.0,0.0,0.0,0.0,0.0,0.0,0.0,0.0,0.0,0.0,-3.6970700251968045e+19,0.0,0.0,0.0,0.0,0.0,0.0,5007.0,3.697186133624698e+19,6924.0,0.0,0.0,2.004,2.004,0.0,0.0,0.0,0.0,69,0.0,0.0,0.0,0.0,0.0,0.0,0.0,0.0,0.0,0,0,0,0.0,0.0,0.0,0.0,0.0,0.0,0.0,0.0,0.0,0.0,0.0,0.0,0.0,0.0,0.0,0.0,0,-107875648.0,69,0.0,138,0.0,2.012,ERR,ERR,ERR,ERR,ERR,ERR,ERR,ERR,ERR,ERR,ERR,ERR,ERR,ERR,ERR,ERR,ERR,ERR,ERR,ERR,ERR,ERR,ERR,ERR,ERR,ERR,ERR,ERR,ERR,ERR,ERR,ERR,ERR,ERR,ERR,ERR,ERR,ERR,ERR,ERR,ERR,ERR,ERR,ERR,ERR,ERR,ERR,ERR,ERR,ERR,ERR,ERR,ERR,ERR,ERR,ERR,ERR,ERR,ERR,ERR,ERR,ERR,ERR,ERR,ERR,ERR,ERR,60.0,60.0,35,0.0,0.0,0.0,0.0,0.0,0.0,0.0,0.0,0.0,0.0,0.0,0.0,0.0,0.0,0.0,0.0,64.8,0,148,70,56,65476,0,65476,1,4,4,20529,65476,0,0,2621,60.0,0.0,0.0,0.0,0.0,0.0
2026-07-09T15:37:01,ERR,ERR,ERR,ERR,ERR,ERR,ERR,ERR,ERR,ERR,ERR,ERR,ERR,ERR,ERR,ERR,ERR,ERR,ERR,ERR,ERR,ERR,ERR,ERR,ERR,ERR,ERR,ERR,ERR,ERR,ERR,ERR,ERR,ERR,ERR,ERR,ERR,ERR,ERR,ERR,ERR,ERR,ERR,ERR,ERR,ERR,ERR,ERR,ERR,ERR,ERR,ERR,ERR,ERR,ERR,ERR,ERR,ERR,ERR,ERR,ERR,ERR,ERR,ERR,ERR,ERR,ERR,ERR,ERR,ERR,ERR,ERR,ERR,ERR,ERR,ERR,ERR,ERR,ERR,ERR,ERR,ERR,ERR,ERR,ERR,ERR,ERR,ERR,ERR,ERR,ERR,ERR,ERR,ERR,ERR,ERR,ERR,ERR,ERR,ERR,ERR,ERR,ERR,ERR,ERR,ERR,ERR,ERR,ERR,ERR,ERR,ERR,ERR,ERR,ERR,ERR,ERR,ERR,ERR,ERR,ERR,ERR,ERR,ERR,ERR,0.0,2.7184473146906606e+23,-107090720.0,0.0,9.197499428741579e+18,-55366193152.0,-78990.359,-0.0,0,0,4,17325,7116,0.0,100,0.0,0.0,0.0,0.0,0.0,0,0,0,0,0.0,0,0,0,0,0,0,0,0,0,0,0,0,0,0,0,0,0,0,0,0,0,0,0,0,0,0,0,0,0,0,0,0,0,31,40,40,71,65476,0,300,0,0,8,21553,0.0,-107605600.0,0.0,0.0,0.0,0.0,0.0,0.0,0.0,0.0,0.0,0.0,0.0,0.0,0.0,0.0,0.0,0.0,0.0,0.0,0.0,0.0,0.0,-3.6970700251968045e+19,0.0,0.0,0.0,0.0,0.0,0.0,5007.0,3.697186133624698e+19,6924.0,0.0,0.0,2.004,2.004,0.0,0.0,0.0,0.0,69,0.0,0.0,0.0,0.0,0.0,0.0,0.0,0.0,0.0,0,0,0,0.0,0.0,0.0,0.0,0.0,0.0,0.0,0.0,0.0,0.0,0.0,0.0,0.0,0.0,0.0,0.0,0,-107875648.0,69,0.0,138,0.0,2.012,ERR,ERR,ERR,ERR,ERR,ERR,ERR,ERR,ERR,ERR,ERR,ERR,ERR,ERR,ERR,ERR,ERR,ERR,ERR,ERR,ERR,ERR,ERR,ERR,ERR,ERR,ERR,ERR,ERR,ERR,ERR,ERR,ERR,ERR,ERR,ERR,ERR,ERR,ERR,ERR,ERR,ERR,ERR,ERR,ERR,ERR,ERR,ERR,ERR,ERR,ERR,ERR,ERR,ERR,ERR,ERR,ERR,ERR,ERR,ERR,ERR,ERR,ERR,ERR,ERR,ERR,ERR,60.0,60.0,35,0.0,0.0,0.0,0.0,0.0,0.0,0.0,0.0,0.0,0.0,0.0,0.0,0.0,0.0,0.0,0.0,64.8,0,148,70,56,65476,0,65476,1,4,4,20529,65476,0,0,2621,60.0,0.0,0.0,0.0,0.0,0.0
2026-07-09T15:37:02,ERR,ERR,ERR,ERR,ERR,ERR,ERR,ERR,ERR,ERR,ERR,ERR,ERR,ERR,ERR,ERR,ERR,ERR,ERR,ERR,ERR,ERR,ERR,ERR,ERR,ERR,ERR,ERR,ERR,ERR,ERR,ERR,ERR,ERR,ERR,ERR,ERR,ERR,ERR,ERR,ERR,ERR,ERR,ERR,ERR,ERR,ERR,ERR,ERR,ERR,ERR,ERR,ERR,ERR,ERR,ERR,ERR,ERR,ERR,ERR,ERR,ERR,ERR,ERR,ERR,ERR,ERR,ERR,ERR,ERR,ERR,ERR,ERR,ERR,ERR,ERR,ERR,ERR,ERR,ERR,ERR,ERR,ERR,ERR,ERR,ERR,ERR,ERR,ERR,ERR,ERR,ERR,ERR,ERR,ERR,ERR,ERR,ERR,ERR,ERR,ERR,ERR,ERR,ERR,ERR,ERR,ERR,ERR,ERR,ERR,ERR,ERR,ERR,ERR,ERR,ERR,ERR,ERR,ERR,ERR,ERR,ERR,ERR,ERR,ERR,0.0,2.7184473146906606e+23,-107090720.0,0.0,9.197499428741579e+18,-55366193152.0,-78990.359,-0.0,0,0,4,17325,7116,0.0,100,0.0,0.0,0.0,0.0,0.0,0,0,0,0,0.0,0,0,0,0,0,0,0,0,0,0,0,0,0,0,0,0,0,0,0,0,0,0,0,0,0,0,0,0,0,0,0,0,0,31,40,40,71,65476,0,300,0,0,8,21553,0.0,-107605600.0,0.0,0.0,0.0,0.0,0.0,0.0,0.0,0.0,0.0,0.0,0.0,0.0,0.0,0.0,0.0,0.0,0.0,0.0,0.0,0.0,0.0,-3.6970700251968045e+19,0.0,0.0,0.0,0.0,0.0,0.0,5007.0,3.697186133624698e+19,6924.0,0.0,0.0,2.004,2.004,0.0,0.0,0.0,0.0,69,0.0,0.0,0.0,0.0,0.0,0.0,0.0,0.0,0.0,0,0,0,0.0,0.0,0.0,0.0,0.0,0.0,0.0,0.0,0.0,0.0,0.0,0.0,0.0,0.0,0.0,0.0,0,-107875648.0,69,0.0,138,0.0,2.012,ERR,ERR,ERR,ERR,ERR,ERR,ERR,ERR,ERR,ERR,ERR,ERR,ERR,ERR,ERR,ERR,ERR,ERR,ERR,ERR,ERR,ERR,ERR,ERR,ERR,ERR,ERR,ERR,ERR,ERR,ERR,ERR,ERR,ERR,ERR,ERR,ERR,ERR,ERR,ERR,ERR,ERR,ERR,ERR,ERR,ERR,ERR,ERR,ERR,ERR,ERR,ERR,ERR,ERR,ERR,ERR,ERR,ERR,ERR,ERR,ERR,ERR,ERR,ERR,ERR,ERR,ERR,60.0,60.0,35,0.0,0.0,0.0,0.0,0.0,0.0,0.0,0.0,0.0,0.0,0.0,0.0,0.0,0.0,0.0,0.0,64.8,0,148,70,56,65476,0,65476,1,4,4,20529,65476,0,0,2621,60.0,0.0,0.0,0.0,0.0,0.0
2026-07-09T15:37:03,ERR,ERR,ERR,ERR,ERR,ERR,ERR,ERR,ERR,ERR,ERR,ERR,ERR,ERR,ERR,ERR,ERR,ERR,ERR,ERR,ERR,ERR,ERR,ERR,ERR,ERR,ERR,ERR,ERR,ERR,ERR,ERR,ERR,ERR,ERR,ERR,ERR,ERR,ERR,ERR,ERR,ERR,ERR,ERR,ERR,ERR,ERR,ERR,ERR,ERR,ERR,ERR,ERR,ERR,ERR,ERR,ERR,ERR,ERR,ERR,ERR,ERR,ERR,ERR,ERR,ERR,ERR,ERR,ERR,ERR,ERR,ERR,ERR,ERR,ERR,ERR,ERR,ERR,ERR,ERR,ERR,ERR,ERR,ERR,ERR,ERR,ERR,ERR,ERR,ERR,ERR,ERR,ERR,ERR,ERR,ERR,ERR,ERR,ERR,ERR,ERR,ERR,ERR,ERR,ERR,ERR,ERR,ERR,ERR,ERR,ERR,ERR,ERR,ERR,ERR,ERR,ERR,ERR,ERR,ERR,ERR,ERR,ERR,ERR,ERR,0.0,2.7184473146906606e+23,-107090720.0,0.0,9.197499428741579e+18,-55366193152.0,-78990.359,-0.0,0,0,4,17325,7116,0.0,100,0.0,0.0,0.0,0.0,0.0,0,0,0,0,0.0,0,0,0,0,0,0,0,0,0,0,0,0,0,0,0,0,0,0,0,0,0,0,0,0,0,0,0,0,0,0,0,0,0,31,40,40,71,65476,0,300,0,0,8,21553,0.0,-107605600.0,0.0,0.0,0.0,0.0,0.0,0.0,0.0,0.0,0.0,0.0,0.0,0.0,0.0,0.0,0.0,0.0,0.0,0.0,0.0,0.0,0.0,-3.6970700251968045e+19,0.0,0.0,0.0,0.0,0.0,0.0,5007.0,3.697186133624698e+19,6924.0,0.0,0.0,2.004,2.004,0.0,0.0,0.0,0.0,69,0.0,0.0,0.0,0.0,0.0,0.0,0.0,0.0,0.0,0,0,0,0.0,0.0,0.0,0.0,0.0,0.0,0.0,0.0,0.0,0.0,0.0,0.0,0.0,0.0,0.0,0.0,0,-107875648.0,69,0.0,138,0.0,2.012,ERR,ERR,ERR,ERR,ERR,ERR,ERR,ERR,ERR,ERR,ERR,ERR,ERR,ERR,ERR,ERR,ERR,ERR,ERR,ERR,ERR,ERR,ERR,ERR,ERR,ERR,ERR,ERR,ERR,ERR,ERR,ERR,ERR,ERR,ERR,ERR,ERR,ERR,ERR,ERR,ERR,ERR,ERR,ERR,ERR,ERR,ERR,ERR,ERR,ERR,ERR,ERR,ERR,ERR,ERR,ERR,ERR,ERR,ERR,ERR,ERR,ERR,ERR,ERR,ERR,ERR,ERR,60.0,60.0,35,0.0,0.0,0.0,0.0,0.0,0.0,0.0,0.0,0.0,0.0,0.0,0.0,0.0,0.0,0.0,0.0,64.8,0,148,70,56,65476,0,65476,1,4,4,20529,65476,0,0,2621,60.0,0.0,0.0,0.0,0.0,0.0
2026-07-09T15:37:04,ERR,ERR,ERR,ERR,ERR,ERR,ERR,ERR,ERR,ERR,ERR,ERR,ERR,ERR,ERR,ERR,ERR,ERR,ERR,ERR,ERR,ERR,ERR,ERR,ERR,ERR,ERR,ERR,ERR,ERR,ERR,ERR,ERR,ERR,ERR,ERR,ERR,ERR,ERR,ERR,ERR,ERR,ERR,ERR,ERR,ERR,ERR,ERR,ERR,ERR,ERR,ERR,ERR,ERR,ERR,ERR,ERR,ERR,ERR,ERR,ERR,ERR,ERR,ERR,ERR,ERR,ERR,ERR,ERR,ERR,ERR,ERR,ERR,ERR,ERR,ERR,ERR,ERR,ERR,ERR,ERR,ERR,ERR,ERR,ERR,ERR,ERR,ERR,ERR,ERR,ERR,ERR,ERR,ERR,ERR,ERR,ERR,ERR,ERR,ERR,ERR,ERR,ERR,ERR,ERR,ERR,ERR,ERR,ERR,ERR,ERR,ERR,ERR,ERR,ERR,ERR,ERR,ERR,ERR,ERR,ERR,ERR,ERR,ERR,ERR,0.0,2.7184473146906606e+23,-107090720.0,0.0,9.197499428741579e+18,-55366193152.0,-78990.359,-0.0,0,0,4,17325,7116,0.0,100,0.0,0.0,0.0,0.0,0.0,0,0,0,0,0.0,0,0,0,0,0,0,0,0,0,0,0,0,0,0,0,0,0,0,0,0,0,0,0,0,0,0,0,0,0,0,0,0,0,31,40,40,71,65476,0,300,0,0,8,21553,0.0,-107605600.0,0.0,0.0,0.0,0.0,0.0,0.0,0.0,0.0,0.0,0.0,0.0,0.0,0.0,0.0,0.0,0.0,0.0,0.0,0.0,0.0,0.0,-3.6970700251968045e+19,0.0,0.0,0.0,0.0,0.0,0.0,5007.0,3.697186133624698e+19,6924.0,0.0,0.0,2.004,2.004,0.0,0.0,0.0,0.0,69,0.0,0.0,0.0,0.0,0.0,0.0,0.0,0.0,0.0,0,0,0,0.0,0.0,0.0,0.0,0.0,0.0,0.0,0.0,0.0,0.0,0.0,0.0,0.0,0.0,0.0,0.0,0,-107875648.0,69,0.0,138,0.0,2.012,ERR,ERR,ERR,ERR,ERR,ERR,ERR,ERR,ERR,ERR,ERR,ERR,ERR,ERR,ERR,ERR,ERR,ERR,ERR,ERR,ERR,ERR,ERR,ERR,ERR,ERR,ERR,ERR,ERR,ERR,ERR,ERR,ERR,ERR,ERR,ERR,ERR,ERR,ERR,ERR,ERR,ERR,ERR,ERR,ERR,ERR,ERR,ERR,ERR,ERR,ERR,ERR,ERR,ERR,ERR,ERR,ERR,ERR,ERR,ERR,ERR,ERR,ERR,ERR,ERR,ERR,ERR,60.0,60.0,35,0.0,0.0,0.0,0.0,0.0,0.0,0.0,0.0,0.0,0.0,0.0,0.0,0.0,0.0,0.0,0.0,64.8,0,148,70,56,65476,0,65476,1,4,4,20529,65476,0,0,2621,60.0,0.0,0.0,0.0,0.0,0.0
2026-07-09T15:37:05,ERR,ERR,ERR,ERR,ERR,ERR,ERR,ERR,ERR,ERR,ERR,ERR,ERR,ERR,ERR,ERR,ERR,ERR,ERR,ERR,ERR,ERR,ERR,ERR,ERR,ERR,ERR,ERR,ERR,ERR,ERR,ERR,ERR,ERR,ERR,ERR,ERR,ERR,ERR,ERR,ERR,ERR,ERR,ERR,ERR,ERR,ERR,ERR,ERR,ERR,ERR,ERR,ERR,ERR,ERR,ERR,ERR,ERR,ERR,ERR,ERR,ERR,ERR,ERR,ERR,ERR,ERR,ERR,ERR,ERR,ERR,ERR,ERR,ERR,ERR,ERR,ERR,ERR,ERR,ERR,ERR,ERR,ERR,ERR,ERR,ERR,ERR,ERR,ERR,ERR,ERR,ERR,ERR,ERR,ERR,ERR,ERR,ERR,ERR,ERR,ERR,ERR,ERR,ERR,ERR,ERR,ERR,ERR,ERR,ERR,ERR,ERR,ERR,ERR,ERR,ERR,ERR,ERR,ERR,ERR,ERR,ERR,ERR,ERR,ERR,0.0,0.0,0.0,0.0,-16338.04,2.1840762197073176e+35,-4476318515200.0,1.1049978565369296e+35,0,0,4,17325,7116,0.0,100,0.0,0.0,0.0,0.0,0.0,0,0,0,0,0.0,0,0,0,0,0,0,0,0,0,0,0,0,0,0,0,0,0,0,0,0,0,0,0,0,0,0,0,0,0,0,0,0,0,31,40,40,71,65476,0,300,0,0,8,21553,0.0,-107605600.0,0.0,0.0,0.0,0.0,0.0,0.0,0.0,0.0,0.0,0.0,0.0,0.0,0.0,0.0,0.0,0.0,0.0,0.0,0.0,0.0,0.0,-0.0,0.0,0.0,0.0,0.0,0.0,0.0,5003.0,564145833377792.0,6923.0,0.0,-107616104.0,2.004,2.004,0.0,0.0,0.0,0.0,69,0.0,0.0,0.0,0.0,0.0,0.0,0.0,0.0,0.0,0,0,0,0.0,0.0,0.0,0.0,0.0,0.0,0.0,0.0,0.0,0.0,0.0,0.0,0.0,0.0,0.0,0.0,0,-107875648.0,69,0.0,138,0.0,2.012,ERR,ERR,ERR,ERR,ERR,ERR,ERR,ERR,ERR,ERR,ERR,ERR,ERR,ERR,ERR,ERR,ERR,ERR,ERR,ERR,ERR,ERR,ERR,ERR,ERR,ERR,ERR,ERR,ERR,ERR,ERR,ERR,ERR,ERR,ERR,ERR,ERR,ERR,ERR,ERR,ERR,ERR,ERR,ERR,ERR,ERR,ERR,ERR,ERR,ERR,ERR,ERR,ERR,ERR,ERR,ERR,ERR,ERR,ERR,ERR,ERR,ERR,ERR,ERR,ERR,ERR,ERR,60.0,60.0,35,0.0,0.0,0.0,0.0,0.0,0.0,0.0,0.0,0.0,0.0,0.0,0.0,0.0,0.0,0.0,0.0,64.8,0,148,70,56,65476,0,65476,1,4,4,20529,65476,0,0,2621,60.0,0.0,0.0,0.0,0.0,0.0
2026-07-09T15:37:06,ERR,ERR,ERR,ERR,ERR,ERR,ERR,ERR,ERR,ERR,ERR,ERR,ERR,ERR,ERR,ERR,ERR,ERR,ERR,ERR,ERR,ERR,ERR,ERR,ERR,ERR,ERR,ERR,ERR,ERR,ERR,ERR,ERR,ERR,ERR,ERR,ERR,ERR,ERR,ERR,ERR,ERR,ERR,ERR,ERR,ERR,ERR,ERR,ERR,ERR,ERR,ERR,ERR,ERR,ERR,ERR,ERR,ERR,ERR,ERR,ERR,ERR,ERR,ERR,ERR,ERR,ERR,ERR,ERR,ERR,ERR,ERR,ERR,ERR,ERR,ERR,ERR,ERR,ERR,ERR,ERR,ERR,ERR,ERR,ERR,ERR,ERR,ERR,ERR,ERR,ERR,ERR,ERR,ERR,ERR,ERR,ERR,ERR,ERR,ERR,ERR,ERR,ERR,ERR,ERR,ERR,ERR,ERR,ERR,ERR,ERR,ERR,ERR,ERR,ERR,ERR,ERR,ERR,ERR,ERR,ERR,ERR,ERR,ERR,ERR,0.0,0.0,0.0,0.0,-16338.04,2.1840762197073176e+35,-4476318515200.0,1.1049978565369296e+35,0,0,4,17325,7116,0.0,100,0.0,0.0,0.0,0.0,0.0,0,0,0,0,0.0,0,0,0,0,0,0,0,0,0,0,0,0,0,0,0,0,0,0,0,0,0,0,0,0,0,0,0,0,0,0,0,0,0,31,40,40,71,65476,0,300,0,0,8,21553,0.0,-107605600.0,0.0,0.0,0.0,0.0,0.0,0.0,0.0,0.0,0.0,0.0,0.0,0.0,0.0,0.0,0.0,0.0,0.0,0.0,0.0,0.0,0.0,-0.0,0.0,0.0,0.0,0.0,0.0,0.0,5003.0,564145833377792.0,6923.0,0.0,-107616104.0,2.004,2.004,0.0,0.0,0.0,0.0,69,0.0,0.0,0.0,0.0,0.0,0.0,0.0,0.0,0.0,0,0,0,0.0,0.0,0.0,0.0,0.0,0.0,0.0,0.0,0.0,0.0,0.0,0.0,0.0,0.0,0.0,0.0,0,-107875648.0,69,0.0,138,0.0,2.012,ERR,ERR,ERR,ERR,ERR,ERR,ERR,ERR,ERR,ERR,ERR,ERR,ERR,ERR,ERR,ERR,ERR,ERR,ERR,ERR,ERR,ERR,ERR,ERR,ERR,ERR,ERR,ERR,ERR,ERR,ERR,ERR,ERR,ERR,ERR,ERR,ERR,ERR,ERR,ERR,ERR,ERR,ERR,ERR,ERR,ERR,ERR,ERR,ERR,ERR,ERR,ERR,ERR,ERR,ERR,ERR,ERR,ERR,ERR,ERR,ERR,ERR,ERR,ERR,ERR,ERR,ERR,60.0,60.0,35,0.0,0.0,0.0,0.0,0.0,0.0,0.0,0.0,0.0,0.0,0.0,0.0,0.0,0.0,0.0,0.0,64.8,0,148,70,56,65476,0,65476,1,4,4,20529,65476,0,0,2621,60.0,0.0,0.0,0.0,0.0,0.0
2026-07-09T15:37:07,ERR,ERR,ERR,ERR,ERR,ERR,ERR,ERR,ERR,ERR,ERR,ERR,ERR,ERR,ERR,ERR,ERR,ERR,ERR,ERR,ERR,ERR,ERR,ERR,ERR,ERR,ERR,ERR,ERR,ERR,ERR,ERR,ERR,ERR,ERR,ERR,ERR,ERR,ERR,ERR,ERR,ERR,ERR,ERR,ERR,ERR,ERR,ERR,ERR,ERR,ERR,ERR,ERR,ERR,ERR,ERR,ERR,ERR,ERR,ERR,ERR,ERR,ERR,ERR,ERR,ERR,ERR,ERR,ERR,ERR,ERR,ERR,ERR,ERR,ERR,ERR,ERR,ERR,ERR,ERR,ERR,ERR,ERR,ERR,ERR,ERR,ERR,ERR,ERR,ERR,ERR,ERR,ERR,ERR,ERR,ERR,ERR,ERR,ERR,ERR,ERR,ERR,ERR,ERR,ERR,ERR,ERR,ERR,ERR,ERR,ERR,ERR,ERR,ERR,ERR,ERR,ERR,ERR,ERR,ERR,ERR,ERR,ERR,ERR,ERR,0.0,0.0,0.0,0.0,-16338.04,2.1840762197073176e+35,-4476318515200.0,1.1049978565369296e+35,0,0,4,17325,7116,0.0,100,0.0,0.0,0.0,0.0,0.0,0,0,0,0,0.0,0,0,0,0,0,0,0,0,0,0,0,0,0,0,0,0,0,0,0,0,0,0,0,0,0,0,0,0,0,0,0,0,0,31,40,40,71,65476,0,300,0,0,8,21553,0.0,-107605600.0,0.0,0.0,0.0,0.0,0.0,0.0,0.0,0.0,0.0,0.0,0.0,0.0,0.0,0.0,0.0,0.0,0.0,0.0,0.0,0.0,0.0,-0.0,0.0,0.0,0.0,0.0,0.0,0.0,5003.0,564145833377792.0,6923.0,0.0,-107616104.0,2.004,2.004,0.0,0.0,0.0,0.0,69,0.0,0.0,0.0,0.0,0.0,0.0,0.0,0.0,0.0,0,0,0,0.0,0.0,0.0,0.0,0.0,0.0,0.0,0.0,0.0,0.0,0.0,0.0,0.0,0.0,0.0,0.0,0,-107875648.0,69,0.0,138,0.0,2.012,ERR,ERR,ERR,ERR,ERR,ERR,ERR,ERR,ERR,ERR,ERR,ERR,ERR,ERR,ERR,ERR,ERR,ERR,ERR,ERR,ERR,ERR,ERR,ERR,ERR,ERR,ERR,ERR,ERR,ERR,ERR,ERR,ERR,ERR,ERR,ERR,ERR,ERR,ERR,ERR,ERR,ERR,ERR,ERR,ERR,ERR,ERR,ERR,ERR,ERR,ERR,ERR,ERR,ERR,ERR,ERR,ERR,ERR,ERR,ERR,ERR,ERR,ERR,ERR,ERR,ERR,ERR,60.0,60.0,35,0.0,0.0,0.0,0.0,0.0,0.0,0.0,0.0,0.0,0.0,0.0,0.0,0.0,0.0,0.0,0.0,64.8,0,148,70,56,65476,0,65476,1,4,4,20529,65476,0,0,2621,60.0,0.0,0.0,0.0,0.0,0.0
2026-07-09T15:37:08,ERR,ERR,ERR,ERR,ERR,ERR,ERR,ERR,ERR,ERR,ERR,ERR,ERR,ERR,ERR,ERR,ERR,ERR,ERR,ERR,ERR,ERR,ERR,ERR,ERR,ERR,ERR,ERR,ERR,ERR,ERR,ERR,ERR,ERR,ERR,ERR,ERR,ERR,ERR,ERR,ERR,ERR,ERR,ERR,ERR,ERR,ERR,ERR,ERR,ERR,ERR,ERR,ERR,ERR,ERR,ERR,ERR,ERR,ERR,ERR,ERR,ERR,ERR,ERR,ERR,ERR,ERR,ERR,ERR,ERR,ERR,ERR,ERR,ERR,ERR,ERR,ERR,ERR,ERR,ERR,ERR,ERR,ERR,ERR,ERR,ERR,ERR,ERR,ERR,ERR,ERR,ERR,ERR,ERR,ERR,ERR,ERR,ERR,ERR,ERR,ERR,ERR,ERR,ERR,ERR,ERR,ERR,ERR,ERR,ERR,ERR,ERR,ERR,ERR,ERR,ERR,ERR,ERR,ERR,ERR,ERR,ERR,ERR,ERR,ERR,0.0,0.0,0.0,0.0,-16338.04,2.1840762197073176e+35,-4476318515200.0,1.1049978565369296e+35,0,0,4,17325,7116,0.0,100,0.0,0.0,0.0,0.0,0.0,0,0,0,0,0.0,0,0,0,0,0,0,0,0,0,0,0,0,0,0,0,0,0,0,0,0,0,0,0,0,0,0,0,0,0,0,0,0,0,31,40,40,71,65476,0,300,0,0,8,21553,0.0,-107605600.0,0.0,0.0,0.0,0.0,0.0,0.0,0.0,0.0,0.0,0.0,0.0,0.0,0.0,0.0,0.0,0.0,0.0,0.0,0.0,0.0,0.0,-0.0,0.0,0.0,0.0,0.0,0.0,0.0,5003.0,564145833377792.0,6923.0,0.0,-107616104.0,2.004,2.004,0.0,0.0,0.0,0.0,69,0.0,0.0,0.0,0.0,0.0,0.0,0.0,0.0,0.0,0,0,0,0.0,0.0,0.0,0.0,0.0,0.0,0.0,0.0,0.0,0.0,0.0,0.0,0.0,0.0,0.0,0.0,0,-107875648.0,69,0.0,138,0.0,2.012,ERR,ERR,ERR,ERR,ERR,ERR,ERR,ERR,ERR,ERR,ERR,ERR,ERR,ERR,ERR,ERR,ERR,ERR,ERR,ERR,ERR,ERR,ERR,ERR,ERR,ERR,ERR,ERR,ERR,ERR,ERR,ERR,ERR,ERR,ERR,ERR,ERR,ERR,ERR,ERR,ERR,ERR,ERR,ERR,ERR,ERR,ERR,ERR,ERR,ERR,ERR,ERR,ERR,ERR,ERR,ERR,ERR,ERR,ERR,ERR,ERR,ERR,ERR,ERR,ERR,ERR,ERR,60.0,60.0,35,0.0,0.0,0.0,0.0,0.0,0.0,0.0,0.0,0.0,0.0,0.0,0.0,0.0,0.0,0.0,0.0,64.8,0,147,70,56,65476,0,65476,1,4,4,20529,65476,0,0,2621,60.0,0.0,0.0,0.0,0.0,0.0
2026-07-09T15:37:09,ERR,ERR,ERR,ERR,ERR,ERR,ERR,ERR,ERR,ERR,ERR,ERR,ERR,ERR,ERR,ERR,ERR,ERR,ERR,ERR,ERR,ERR,ERR,ERR,ERR,ERR,ERR,ERR,ERR,ERR,ERR,ERR,ERR,ERR,ERR,ERR,ERR,ERR,ERR,ERR,ERR,ERR,ERR,ERR,ERR,ERR,ERR,ERR,ERR,ERR,ERR,ERR,ERR,ERR,ERR,ERR,ERR,ERR,ERR,ERR,ERR,ERR,ERR,ERR,ERR,ERR,ERR,ERR,ERR,ERR,ERR,ERR,ERR,ERR,ERR,ERR,ERR,ERR,ERR,ERR,ERR,ERR,ERR,ERR,ERR,ERR,ERR,ERR,ERR,ERR,ERR,ERR,ERR,ERR,ERR,ERR,ERR,ERR,ERR,ERR,ERR,ERR,ERR,ERR,ERR,ERR,ERR,ERR,ERR,ERR,ERR,ERR,ERR,ERR,ERR,ERR,ERR,ERR,ERR,ERR,ERR,ERR,ERR,ERR,ERR,0.0,0.0,0.0,0.0,-16338.04,2.1840762197073176e+35,-4476318515200.0,1.1049978565369296e+35,0,0,4,17325,7116,0.0,100,0.0,0.0,0.0,0.0,0.0,0,0,0,0,0.0,0,0,0,0,0,0,0,0,0,0,0,0,0,0,0,0,0,0,0,0,0,0,0,0,0,0,0,0,0,0,0,0,0,31,40,40,71,65476,0,300,0,0,8,21553,0.0,-107605600.0,0.0,0.0,0.0,0.0,0.0,0.0,0.0,0.0,0.0,0.0,0.0,0.0,0.0,0.0,0.0,0.0,0.0,0.0,0.0,0.0,0.0,-0.0,0.0,0.0,0.0,0.0,0.0,0.0,5003.0,564145833377792.0,6923.0,0.0,-107616104.0,2.004,2.004,0.0,0.0,0.0,0.0,69,0.0,0.0,0.0,0.0,0.0,0.0,0.0,0.0,0.0,0,0,0,0.0,0.0,0.0,0.0,0.0,0.0,0.0,0.0,0.0,0.0,0.0,0.0,0.0,0.0,0.0,0.0,0,-107875648.0,69,0.0,138,0.0,2.012,ERR,ERR,ERR,ERR,ERR,ERR,ERR,ERR,ERR,ERR,ERR,ERR,ERR,ERR,ERR,ERR,ERR,ERR,ERR,ERR,ERR,ERR,ERR,ERR,ERR,ERR,ERR,ERR,ERR,ERR,ERR,ERR,ERR,ERR,ERR,ERR,ERR,ERR,ERR,ERR,ERR,ERR,ERR,ERR,ERR,ERR,ERR,ERR,ERR,ERR,ERR,ERR,ERR,ERR,ERR,ERR,ERR,ERR,ERR,ERR,ERR,ERR,ERR,ERR,ERR,ERR,ERR,60.0,60.0,35,0.0,0.0,0.0,0.0,0.0,0.0,0.0,0.0,0.0,0.0,0.0,0.0,0.0,0.0,0.0,0.0,65.2,0,147,70,55,65476,0,65476,1,4,4,20529,65476,0,0,2621,60.0,0.0,0.0,0.0,0.0,0.0
2026-07-09T15:37:10,ERR,ERR,ERR,ERR,ERR,ERR,ERR,ERR,ERR,ERR,ERR,ERR,ERR,ERR,ERR,ERR,ERR,ERR,ERR,ERR,ERR,ERR,ERR,ERR,ERR,ERR,ERR,ERR,ERR,ERR,ERR,ERR,ERR,ERR,ERR,ERR,ERR,ERR,ERR,ERR,ERR,ERR,ERR,ERR,ERR,ERR,ERR,ERR,ERR,ERR,ERR,ERR,ERR,ERR,ERR,ERR,ERR,ERR,ERR,ERR,ERR,ERR,ERR,ERR,ERR,ERR,ERR,ERR,ERR,ERR,ERR,ERR,ERR,ERR,ERR,ERR,ERR,ERR,ERR,ERR,ERR,ERR,ERR,ERR,ERR,ERR,ERR,ERR,ERR,ERR,ERR,ERR,ERR,ERR,ERR,ERR,ERR,ERR,ERR,ERR,ERR,ERR,ERR,ERR,ERR,ERR,ERR,ERR,ERR,ERR,ERR,ERR,ERR,ERR,ERR,ERR,ERR,ERR,ERR,ERR,ERR,ERR,ERR,ERR,ERR,0.0,-0.0,0.0,2.7183478752108883e+23,-4.065415882537286e+31,-10576.325,1.5585925004430783e+25,1.381310642983445e+24,0,0,4,17324,7116,0.0,100,0.0,0.0,2.7183478752108883e+23,0.0,0.0,0,0,0,0,0.0,0,0,0,0,0,0,0,0,0,0,0,0,0,0,0,0,0,0,0,0,0,0,0,0,0,0,0,0,0,0,0,0,0,31,40,40,71,65476,0,300,0,0,8,21553,0.0,-107605600.0,0.0,0.0,0.0,0.0,0.0,0.0,0.0,0.0,0.0,0.0,0.0,0.0,0.0,0.0,0.0,0.0,0.0,0.0,0.0,0.0,0.0,-0.0,0.0,0.0,0.0,0.0,0.0,0.0,5022.0,8608182272.0,6922.0,0.0,2.7184471345466755e+23,2.004,2.004,0.0,0.0,0.0,0.0,69,-0.0,-4.950401131092143e+32,0.0,0.0,0.0,0.0,0.0,0.0,0.0,0,0,0,0.0,0.0,0.0,0.0,0.0,0.0,0.0,0.0,0.0,0.0,0.0,0.0,0.0,0.0,0.0,0.0,0,-107875648.0,69,0.0,138,0.0,2.012,ERR,ERR,ERR,ERR,ERR,ERR,ERR,ERR,ERR,ERR,ERR,ERR,ERR,ERR,ERR,ERR,ERR,ERR,ERR,ERR,ERR,ERR,ERR,ERR,ERR,ERR,ERR,ERR,ERR,ERR,ERR,ERR,ERR,ERR,ERR,ERR,ERR,ERR,ERR,ERR,ERR,ERR,ERR,ERR,ERR,ERR,ERR,ERR,ERR,ERR,ERR,ERR,ERR,ERR,ERR,ERR,ERR,ERR,ERR,ERR,ERR,ERR,ERR,ERR,ERR,ERR,ERR,60.0,60.0,35,0.0,0.0,0.0,0.0,0.0,0.0,0.0,0.0,0.0,0.0,0.0,0.0,0.0,0.0,0.0,0.0,65.2,0,147,70,55,65476,0,65476,1,4,4,20529,65476,0,0,2621,60.0,0.0,0.0,0.0,0.0,0.0
2026-07-09T15:37:11,ERR,ERR,ERR,ERR,ERR,ERR,ERR,ERR,ERR,ERR,ERR,ERR,ERR,ERR,ERR,ERR,ERR,ERR,ERR,ERR,ERR,ERR,ERR,ERR,ERR,ERR,ERR,ERR,ERR,ERR,ERR,ERR,ERR,ERR,ERR,ERR,ERR,ERR,ERR,ERR,ERR,ERR,ERR,ERR,ERR,ERR,ERR,ERR,ERR,ERR,ERR,ERR,ERR,ERR,ERR,ERR,ERR,ERR,ERR,ERR,ERR,ERR,ERR,ERR,ERR,ERR,ERR,ERR,ERR,ERR,ERR,ERR,ERR,ERR,ERR,ERR,ERR,ERR,ERR,ERR,ERR,ERR,ERR,ERR,ERR,ERR,ERR,ERR,ERR,ERR,ERR,ERR,ERR,ERR,ERR,ERR,ERR,ERR,ERR,ERR,ERR,ERR,ERR,ERR,ERR,ERR,ERR,ERR,ERR,ERR,ERR,ERR,ERR,ERR,ERR,ERR,ERR,ERR,ERR,ERR,ERR,ERR,ERR,ERR,ERR,0.0,-0.0,0.0,2.7183478752108883e+23,-4.065415882537286e+31,-10576.325,1.5585925004430783e+25,1.381310642983445e+24,0,0,4,17324,7116,0.0,100,0.0,0.0,2.7183478752108883e+23,0.0,0.0,0,0,0,0,0.0,0,0,0,0,0,0,0,0,0,0,0,0,0,0,0,0,0,0,0,0,0,0,0,0,0,0,0,0,0,0,0,0,0,31,40,40,71,65476,0,300,0,0,8,21553,0.0,-107605600.0,0.0,0.0,0.0,0.0,0.0,0.0,0.0,0.0,0.0,0.0,0.0,0.0,0.0,0.0,0.0,0.0,0.0,0.0,0.0,0.0,0.0,-0.0,0.0,0.0,0.0,0.0,0.0,0.0,5022.0,8608182272.0,6922.0,0.0,2.7184471345466755e+23,2.004,2.004,0.0,0.0,0.0,0.0,69,-0.0,-4.950401131092143e+32,0.0,0.0,0.0,0.0,0.0,0.0,0.0,0,0,0,0.0,0.0,0.0,0.0,0.0,0.0,0.0,0.0,0.0,0.0,0.0,0.0,0.0,0.0,0.0,0.0,0,-107875648.0,69,0.0,138,0.0,2.012,ERR,ERR,ERR,ERR,ERR,ERR,ERR,ERR,ERR,ERR,ERR,ERR,ERR,ERR,ERR,ERR,ERR,ERR,ERR,ERR,ERR,ERR,ERR,ERR,ERR,ERR,ERR,ERR,ERR,ERR,ERR,ERR,ERR,ERR,ERR,ERR,ERR,ERR,ERR,ERR,ERR,ERR,ERR,ERR,ERR,ERR,ERR,ERR,ERR,ERR,ERR,ERR,ERR,ERR,ERR,ERR,ERR,ERR,ERR,ERR,ERR,ERR,ERR,ERR,ERR,ERR,ERR,60.0,60.0,35,0.0,0.0,0.0,0.0,0.0,0.0,0.0,0.0,0.0,0.0,0.0,0.0,0.0,0.0,0.0,0.0,64.8,0,147,70,55,65476,0,65476,1,4,4,20529,65476,0,0,2621,60.0,0.0,0.0,0.0,0.0,0.0
2026-07-09T15:37:12,ERR,ERR,ERR,ERR,ERR,ERR,ERR,ERR,ERR,ERR,ERR,ERR,ERR,ERR,ERR,ERR,ERR,ERR,ERR,ERR,ERR,ERR,ERR,ERR,ERR,ERR,ERR,ERR,ERR,ERR,ERR,ERR,ERR,ERR,ERR,ERR,ERR,ERR,ERR,ERR,ERR,ERR,ERR,ERR,ERR,ERR,ERR,ERR,ERR,ERR,ERR,ERR,ERR,ERR,ERR,ERR,ERR,ERR,ERR,ERR,ERR,ERR,ERR,ERR,ERR,ERR,ERR,ERR,ERR,ERR,ERR,ERR,ERR,ERR,ERR,ERR,ERR,ERR,ERR,ERR,ERR,ERR,ERR,ERR,ERR,ERR,ERR,ERR,ERR,ERR,ERR,ERR,ERR,ERR,ERR,ERR,ERR,ERR,ERR,ERR,ERR,ERR,ERR,ERR,ERR,ERR,ERR,ERR,ERR,ERR,ERR,ERR,ERR,ERR,ERR,ERR,ERR,ERR,ERR,ERR,ERR,ERR,ERR,ERR,ERR,0.0,-0.0,0.0,2.7183478752108883e+23,-4.065415882537286e+31,-10576.325,1.5585925004430783e+25,1.381310642983445e+24,0,0,4,17324,7116,0.0,100,0.0,0.0,2.7183478752108883e+23,0.0,0.0,0,0,0,0,0.0,0,0,0,0,0,0,0,0,0,0,0,0,0,0,0,0,0,0,0,0,0,0,0,0,0,0,0,0,0,0,0,0,0,31,40,40,71,65476,0,300,0,0,8,21553,0.0,-107605600.0,0.0,0.0,0.0,0.0,0.0,0.0,0.0,0.0,0.0,0.0,0.0,0.0,0.0,0.0,0.0,0.0,0.0,0.0,0.0,0.0,0.0,-0.0,0.0,0.0,0.0,0.0,0.0,0.0,5022.0,8608182272.0,6922.0,0.0,2.7184471345466755e+23,2.004,2.004,0.0,0.0,0.0,0.0,69,-0.0,-4.950401131092143e+32,0.0,0.0,0.0,0.0,0.0,0.0,0.0,0,0,0,0.0,0.0,0.0,0.0,0.0,0.0,0.0,0.0,0.0,0.0,0.0,0.0,0.0,0.0,0.0,0.0,0,-107875648.0,69,0.0,138,0.0,2.012,ERR,ERR,ERR,ERR,ERR,ERR,ERR,ERR,ERR,ERR,ERR,ERR,ERR,ERR,ERR,ERR,ERR,ERR,ERR,ERR,ERR,ERR,ERR,ERR,ERR,ERR,ERR,ERR,ERR,ERR,ERR,ERR,ERR,ERR,ERR,ERR,ERR,ERR,ERR,ERR,ERR,ERR,ERR,ERR,ERR,ERR,ERR,ERR,ERR,ERR,ERR,ERR,ERR,ERR,ERR,ERR,ERR,ERR,ERR,ERR,ERR,ERR,ERR,ERR,ERR,ERR,ERR,60.0,60.0,35,0.0,0.0,0.0,0.0,0.0,0.0,0.0,0.0,0.0,0.0,0.0,0.0,0.0,0.0,0.0,0.0,64.8,0,147,70,55,65476,0,65476,1,4,4,20529,65476,0,0,2621,60.0,0.0,0.0,0.0,0.0,0.0
2026-07-09T15:37:13,ERR,ERR,ERR,ERR,ERR,ERR,ERR,ERR,ERR,ERR,ERR,ERR,ERR,ERR,ERR,ERR,ERR,ERR,ERR,ERR,ERR,ERR,ERR,ERR,ERR,ERR,ERR,ERR,ERR,ERR,ERR,ERR,ERR,ERR,ERR,ERR,ERR,ERR,ERR,ERR,ERR,ERR,ERR,ERR,ERR,ERR,ERR,ERR,ERR,ERR,ERR,ERR,ERR,ERR,ERR,ERR,ERR,ERR,ERR,ERR,ERR,ERR,ERR,ERR,ERR,ERR,ERR,ERR,ERR,ERR,ERR,ERR,ERR,ERR,ERR,ERR,ERR,ERR,ERR,ERR,ERR,ERR,ERR,ERR,ERR,ERR,ERR,ERR,ERR,ERR,ERR,ERR,ERR,ERR,ERR,ERR,ERR,ERR,ERR,ERR,ERR,ERR,ERR,ERR,ERR,ERR,ERR,ERR,ERR,ERR,ERR,ERR,ERR,ERR,ERR,ERR,ERR,ERR,ERR,ERR,ERR,ERR,ERR,ERR,ERR,0.0,-0.0,0.0,2.7183478752108883e+23,-4.065415882537286e+31,-10576.325,1.5585925004430783e+25,1.381310642983445e+24,0,0,4,17324,7116,0.0,100,0.0,0.0,2.7183478752108883e+23,0.0,0.0,0,0,0,0,0.0,0,0,0,0,0,0,0,0,0,0,0,0,0,0,0,0,0,0,0,0,0,0,0,0,0,0,0,0,0,0,0,0,0,31,40,40,71,65476,0,300,0,0,8,21553,0.0,-107605600.0,0.0,0.0,0.0,0.0,0.0,0.0,0.0,0.0,0.0,0.0,0.0,0.0,0.0,0.0,0.0,0.0,0.0,0.0,0.0,0.0,0.0,-0.0,0.0,0.0,0.0,0.0,0.0,0.0,5022.0,8608182272.0,6922.0,0.0,2.7184471345466755e+23,2.004,2.004,0.0,0.0,0.0,0.0,69,-0.0,-4.950401131092143e+32,0.0,0.0,0.0,0.0,0.0,0.0,0.0,0,0,0,0.0,0.0,0.0,0.0,0.0,0.0,0.0,0.0,0.0,0.0,0.0,0.0,0.0,0.0,0.0,0.0,0,-107875648.0,69,0.0,138,0.0,2.012,ERR,ERR,ERR,ERR,ERR,ERR,ERR,ERR,ERR,ERR,ERR,ERR,ERR,ERR,ERR,ERR,ERR,ERR,ERR,ERR,ERR,ERR,ERR,ERR,ERR,ERR,ERR,ERR,ERR,ERR,ERR,ERR,ERR,ERR,ERR,ERR,ERR,ERR,ERR,ERR,ERR,ERR,ERR,ERR,ERR,ERR,ERR,ERR,ERR,ERR,ERR,ERR,ERR,ERR,ERR,ERR,ERR,ERR,ERR,ERR,ERR,ERR,ERR,ERR,ERR,ERR,ERR,60.0,60.0,35,0.0,0.0,0.0,0.0,0.0,0.0,0.0,0.0,0.0,0.0,0.0,0.0,0.0,0.0,0.0,0.0,64.8,0,147,70,55,65476,0,65476,1,4,4,20529,65476,0,0,2621,60.0,0.0,0.0,0.0,0.0,0.0
2026-07-09T15:37:14,ERR,ERR,ERR,ERR,ERR,ERR,ERR,ERR,ERR,ERR,ERR,ERR,ERR,ERR,ERR,ERR,ERR,ERR,ERR,ERR,ERR,ERR,ERR,ERR,ERR,ERR,ERR,ERR,ERR,ERR,ERR,ERR,ERR,ERR,ERR,ERR,ERR,ERR,ERR,ERR,ERR,ERR,ERR,ERR,ERR,ERR,ERR,ERR,ERR,ERR,ERR,ERR,ERR,ERR,ERR,ERR,ERR,ERR,ERR,ERR,ERR,ERR,ERR,ERR,ERR,ERR,ERR,ERR,ERR,ERR,ERR,ERR,ERR,ERR,ERR,ERR,ERR,ERR,ERR,ERR,ERR,ERR,ERR,ERR,ERR,ERR,ERR,ERR,ERR,ERR,ERR,ERR,ERR,ERR,ERR,ERR,ERR,ERR,ERR,ERR,ERR,ERR,ERR,ERR,ERR,ERR,ERR,ERR,ERR,ERR,ERR,ERR,ERR,ERR,ERR,ERR,ERR,ERR,ERR,ERR,ERR,ERR,ERR,ERR,ERR,-0.0,0.0,-107090704.0,0.0,-4.4106594048104045e+20,-38339888.0,-0.0,2.1398171474619673e+27,0,0,4,17324,7116,0.0,100,0.0,0.0,0.0,0.0,0.0,0,0,0,0,0.0,0,0,0,0,0,0,0,0,0,0,0,0,0,0,0,0,0,0,0,0,0,0,0,0,0,0,0,0,0,0,0,0,0,31,40,40,71,65476,0,300,0,0,8,21553,0.0,-107605600.0,0.0,0.0,0.0,0.0,0.0,0.0,0.0,0.0,0.0,0.0,0.0,0.0,0.0,0.0,0.0,0.0,0.0,0.0,0.0,0.0,-2.004,2.004,0.0,0.0,0.0,0.0,0.0,0.0,5007.0,0.0,6918.0,-0.0,0.0,2.004,2.004,0.0,0.0,0.0,0.0,69,4.066881992213451e+29,-4.950401131092143e+32,0.0,0.0,0.0,0.0,0.0,0.0,0.0,0,0,0,0.0,0.0,0.0,0.0,0.0,0.0,0.0,0.0,0.0,0.0,0.0,0.0,0.0,0.0,0.0,0.0,0,-107875648.0,69,0.0,138,0.0,2.012,ERR,ERR,ERR,ERR,ERR,ERR,ERR,ERR,ERR,ERR,ERR,ERR,ERR,ERR,ERR,ERR,ERR,ERR,ERR,ERR,ERR,ERR,ERR,ERR,ERR,ERR,ERR,ERR,ERR,ERR,ERR,ERR,ERR,ERR,ERR,ERR,ERR,ERR,ERR,ERR,ERR,ERR,ERR,ERR,ERR,ERR,ERR,ERR,ERR,ERR,ERR,ERR,ERR,ERR,ERR,ERR,ERR,ERR,ERR,ERR,ERR,ERR,ERR,ERR,ERR,ERR,ERR,60.0,60.0,35,0.0,0.0,0.0,0.0,0.0,0.0,0.0,0.0,0.0,0.0,0.0,0.0,0.0,0.0,0.0,0.0,65.2,0,146,70,55,65476,0,65476,1,4,4,20529,65476,0,0,2621,60.0,0.0,0.0,0.0,0.0,0.0
2026-07-09T15:37:15,ERR,ERR,ERR,ERR,ERR,ERR,ERR,ERR,ERR,ERR,ERR,ERR,ERR,ERR,ERR,ERR,ERR,ERR,ERR,ERR,ERR,ERR,ERR,ERR,ERR,ERR,ERR,ERR,ERR,ERR,ERR,ERR,ERR,ERR,ERR,ERR,ERR,ERR,ERR,ERR,ERR,ERR,ERR,ERR,ERR,ERR,ERR,ERR,ERR,ERR,ERR,ERR,ERR,ERR,ERR,ERR,ERR,ERR,ERR,ERR,ERR,ERR,ERR,ERR,ERR,ERR,ERR,ERR,ERR,ERR,ERR,ERR,ERR,ERR,ERR,ERR,ERR,ERR,ERR,ERR,ERR,ERR,ERR,ERR,ERR,ERR,ERR,ERR,ERR,ERR,ERR,ERR,ERR,ERR,ERR,ERR,ERR,ERR,ERR,ERR,ERR,ERR,ERR,ERR,ERR,ERR,ERR,ERR,ERR,ERR,ERR,ERR,ERR,ERR,ERR,ERR,ERR,ERR,ERR,ERR,ERR,ERR,ERR,ERR,ERR,-0.0,0.0,-107090704.0,0.0,-4.4106594048104045e+20,-38339888.0,-0.0,2.1398171474619673e+27,0,0,4,17324,7116,0.0,100,0.0,0.0,0.0,0.0,0.0,0,0,0,0,0.0,0,0,0,0,0,0,0,0,0,0,0,0,0,0,0,0,0,0,0,0,0,0,0,0,0,0,0,0,0,0,0,0,0,31,40,40,71,65476,0,300,0,0,8,21553,0.0,-107605600.0,0.0,0.0,0.0,0.0,0.0,0.0,0.0,0.0,0.0,0.0,0.0,0.0,0.0,0.0,0.0,0.0,0.0,0.0,0.0,0.0,-2.004,2.004,0.0,0.0,0.0,0.0,0.0,0.0,5007.0,0.0,6918.0,-0.0,0.0,2.004,2.004,0.0,0.0,0.0,0.0,69,4.066881992213451e+29,-4.950401131092143e+32,0.0,0.0,0.0,0.0,0.0,0.0,0.0,0,0,0,0.0,0.0,0.0,0.0,0.0,0.0,0.0,0.0,0.0,0.0,0.0,0.0,0.0,0.0,0.0,0.0,0,-107875648.0,69,0.0,138,0.0,2.012,ERR,ERR,ERR,ERR,ERR,ERR,ERR,ERR,ERR,ERR,ERR,ERR,ERR,ERR,ERR,ERR,ERR,ERR,ERR,ERR,ERR,ERR,ERR,ERR,ERR,ERR,ERR,ERR,ERR,ERR,ERR,ERR,ERR,ERR,ERR,ERR,ERR,ERR,ERR,ERR,ERR,ERR,ERR,ERR,ERR,ERR,ERR,ERR,ERR,ERR,ERR,ERR,ERR,ERR,ERR,ERR,ERR,ERR,ERR,ERR,ERR,ERR,ERR,ERR,ERR,ERR,ERR,60.0,60.0,35,0.0,0.0,0.0,0.0,0.0,0.0,0.0,0.0,0.0,0.0,0.0,0.0,0.0,0.0,0.0,0.0,65.2,0,146,70,55,65476,0,65476,1,4,4,20529,65476,0,0,2621,60.0,0.0,0.0,0.0,0.0,0.0
2026-07-09T15:37:16,ERR,ERR,ERR,ERR,ERR,ERR,ERR,ERR,ERR,ERR,ERR,ERR,ERR,ERR,ERR,ERR,ERR,ERR,ERR,ERR,ERR,ERR,ERR,ERR,ERR,ERR,ERR,ERR,ERR,ERR,ERR,ERR,ERR,ERR,ERR,ERR,ERR,ERR,ERR,ERR,ERR,ERR,ERR,ERR,ERR,ERR,ERR,ERR,ERR,ERR,ERR,ERR,ERR,ERR,ERR,ERR,ERR,ERR,ERR,ERR,ERR,ERR,ERR,ERR,ERR,ERR,ERR,ERR,ERR,ERR,ERR,ERR,ERR,ERR,ERR,ERR,ERR,ERR,ERR,ERR,ERR,ERR,ERR,ERR,ERR,ERR,ERR,ERR,ERR,ERR,ERR,ERR,ERR,ERR,ERR,ERR,ERR,ERR,ERR,ERR,ERR,ERR,ERR,ERR,ERR,ERR,ERR,ERR,ERR,ERR,ERR,ERR,ERR,ERR,ERR,ERR,ERR,ERR,ERR,ERR,ERR,ERR,ERR,ERR,ERR,-0.0,0.0,-107090704.0,0.0,-4.4106594048104045e+20,-38339888.0,-0.0,2.1398171474619673e+27,0,0,4,17324,7116,0.0,100,0.0,0.0,0.0,0.0,0.0,0,0,0,0,0.0,0,0,0,0,0,0,0,0,0,0,0,0,0,0,0,0,0,0,0,0,0,0,0,0,0,0,0,0,0,0,0,0,0,31,40,40,71,65476,0,300,0,0,8,21553,0.0,-107605600.0,0.0,0.0,0.0,0.0,0.0,0.0,0.0,0.0,0.0,0.0,0.0,0.0,0.0,0.0,0.0,0.0,0.0,0.0,0.0,0.0,-2.004,2.004,0.0,0.0,0.0,0.0,0.0,0.0,5007.0,0.0,6918.0,-0.0,0.0,2.004,2.004,0.0,0.0,0.0,0.0,69,4.066881992213451e+29,-4.950401131092143e+32,0.0,0.0,0.0,0.0,0.0,0.0,0.0,0,0,0,0.0,0.0,0.0,0.0,0.0,0.0,0.0,0.0,0.0,0.0,0.0,0.0,0.0,0.0,0.0,0.0,0,-107875648.0,69,0.0,138,0.0,2.012,ERR,ERR,ERR,ERR,ERR,ERR,ERR,ERR,ERR,ERR,ERR,ERR,ERR,ERR,ERR,ERR,ERR,ERR,ERR,ERR,ERR,ERR,ERR,ERR,ERR,ERR,ERR,ERR,ERR,ERR,ERR,ERR,ERR,ERR,ERR,ERR,ERR,ERR,ERR,ERR,ERR,ERR,ERR,ERR,ERR,ERR,ERR,ERR,ERR,ERR,ERR,ERR,ERR,ERR,ERR,ERR,ERR,ERR,ERR,ERR,ERR,ERR,ERR,ERR,ERR,ERR,ERR,60.0,60.0,35,0.0,0.0,0.0,0.0,0.0,0.0,0.0,0.0,0.0,0.0,0.0,0.0,0.0,0.0,0.0,0.0,65.2,0,146,69,55,65476,0,65476,1,4,4,20529,65476,0,0,2621,60.0,0.0,0.0,0.0,0.0,0.0
2026-07-09T15:37:17,ERR,ERR,ERR,ERR,ERR,ERR,ERR,ERR,ERR,ERR,ERR,ERR,ERR,ERR,ERR,ERR,ERR,ERR,ERR,ERR,ERR,ERR,ERR,ERR,ERR,ERR,ERR,ERR,ERR,ERR,ERR,ERR,ERR,ERR,ERR,ERR,ERR,ERR,ERR,ERR,ERR,ERR,ERR,ERR,ERR,ERR,ERR,ERR,ERR,ERR,ERR,ERR,ERR,ERR,ERR,ERR,ERR,ERR,ERR,ERR,ERR,ERR,ERR,ERR,ERR,ERR,ERR,ERR,ERR,ERR,ERR,ERR,ERR,ERR,ERR,ERR,ERR,ERR,ERR,ERR,ERR,ERR,ERR,ERR,ERR,ERR,ERR,ERR,ERR,ERR,ERR,ERR,ERR,ERR,ERR,ERR,ERR,ERR,ERR,ERR,ERR,ERR,ERR,ERR,ERR,ERR,ERR,ERR,ERR,ERR,ERR,ERR,ERR,ERR,ERR,ERR,ERR,ERR,ERR,ERR,ERR,ERR,ERR,ERR,ERR,-0.0,0.0,-107090704.0,0.0,-4.4106594048104045e+20,-38339888.0,-0.0,2.1398171474619673e+27,0,0,4,17324,7116,0.0,100,0.0,0.0,0.0,0.0,0.0,0,0,0,0,0.0,0,0,0,0,0,0,0,0,0,0,0,0,0,0,0,0,0,0,0,0,0,0,0,0,0,0,0,0,0,0,0,0,0,31,40,40,71,65476,0,300,0,0,8,21553,0.0,-107605600.0,0.0,0.0,0.0,0.0,0.0,0.0,0.0,0.0,0.0,0.0,0.0,0.0,0.0,0.0,0.0,0.0,0.0,0.0,0.0,0.0,-2.004,2.004,0.0,0.0,0.0,0.0,0.0,0.0,5007.0,0.0,6918.0,-0.0,0.0,2.004,2.004,0.0,0.0,0.0,0.0,69,4.066881992213451e+29,-4.950401131092143e+32,0.0,0.0,0.0,0.0,0.0,0.0,0.0,0,0,0,0.0,0.0,0.0,0.0,0.0,0.0,0.0,0.0,0.0,0.0,0.0,0.0,0.0,0.0,0.0,0.0,0,-107875648.0,69,0.0,138,0.0,2.012,ERR,ERR,ERR,ERR,ERR,ERR,ERR,ERR,ERR,ERR,ERR,ERR,ERR,ERR,ERR,ERR,ERR,ERR,ERR,ERR,ERR,ERR,ERR,ERR,ERR,ERR,ERR,ERR,ERR,ERR,ERR,ERR,ERR,ERR,ERR,ERR,ERR,ERR,ERR,ERR,ERR,ERR,ERR,ERR,ERR,ERR,ERR,ERR,ERR,ERR,ERR,ERR,ERR,ERR,ERR,ERR,ERR,ERR,ERR,ERR,ERR,ERR,ERR,ERR,ERR,ERR,ERR,60.0,60.0,35,0.0,0.0,0.0,0.0,0.0,0.0,0.0,0.0,0.0,0.0,0.0,0.0,0.0,0.0,0.0,0.0,65.2,0,146,69,55,65476,0,65476,1,4,4,20529,65476,0,0,2621,60.0,0.0,0.0,0.0,0.0,0.0
2026-07-09T15:37:18,ERR,ERR,ERR,ERR,ERR,ERR,ERR,ERR,ERR,ERR,ERR,ERR,ERR,ERR,ERR,ERR,ERR,ERR,ERR,ERR,ERR,ERR,ERR,ERR,ERR,ERR,ERR,ERR,ERR,ERR,ERR,ERR,ERR,ERR,ERR,ERR,ERR,ERR,ERR,ERR,ERR,ERR,ERR,ERR,ERR,ERR,ERR,ERR,ERR,ERR,ERR,ERR,ERR,ERR,ERR,ERR,ERR,ERR,ERR,ERR,ERR,ERR,ERR,ERR,ERR,ERR,ERR,ERR,ERR,ERR,ERR,ERR,ERR,ERR,ERR,ERR,ERR,ERR,ERR,ERR,ERR,ERR,ERR,ERR,ERR,ERR,ERR,ERR,ERR,ERR,ERR,ERR,ERR,ERR,ERR,ERR,ERR,ERR,ERR,ERR,ERR,ERR,ERR,ERR,ERR,ERR,ERR,ERR,ERR,ERR,ERR,ERR,ERR,ERR,ERR,ERR,ERR,ERR,ERR,ERR,ERR,ERR,ERR,ERR,ERR,-0.0,0.0,-107090704.0,0.0,-4.4106594048104045e+20,-38339888.0,-0.0,2.1398171474619673e+27,0,0,4,17324,7116,0.0,100,0.0,0.0,0.0,0.0,0.0,0,0,0,0,0.0,0,0,0,0,0,0,0,0,0,0,0,0,0,0,0,0,0,0,0,0,0,0,0,0,0,0,0,0,0,0,0,0,0,31,40,40,71,65476,0,300,0,0,8,21553,0.0,-107605600.0,0.0,0.0,0.0,0.0,0.0,0.0,0.0,0.0,0.0,0.0,0.0,0.0,0.0,0.0,0.0,0.0,0.0,0.0,0.0,0.0,-2.004,2.004,0.0,0.0,0.0,0.0,0.0,0.0,5007.0,0.0,6918.0,-0.0,0.0,2.004,2.004,0.0,0.0,0.0,0.0,69,4.066881992213451e+29,-4.950401131092143e+32,0.0,0.0,0.0,0.0,0.0,0.0,0.0,0,0,0,0.0,0.0,0.0,0.0,0.0,0.0,0.0,0.0,0.0,0.0,0.0,0.0,0.0,0.0,0.0,0.0,0,-107875648.0,69,0.0,138,0.0,2.012,ERR,ERR,ERR,ERR,ERR,ERR,ERR,ERR,ERR,ERR,ERR,ERR,ERR,ERR,ERR,ERR,ERR,ERR,ERR,ERR,ERR,ERR,ERR,ERR,ERR,ERR,ERR,ERR,ERR,ERR,ERR,ERR,ERR,ERR,ERR,ERR,ERR,ERR,ERR,ERR,ERR,ERR,ERR,ERR,ERR,ERR,ERR,ERR,ERR,ERR,ERR,ERR,ERR,ERR,ERR,ERR,ERR,ERR,ERR,ERR,ERR,ERR,ERR,ERR,ERR,ERR,ERR,60.0,60.0,35,0.0,0.0,0.0,0.0,0.0,0.0,0.0,0.0,0.0,0.0,0.0,0.0,0.0,0.0,0.0,0.0,64.8,0,146,69,55,65476,0,65476,1,4,4,20529,65476,0,0,2621,60.0,0.0,0.0,0.0,0.0,0.0
2026-07-09T15:37:19,ERR,ERR,ERR,ERR,ERR,ERR,ERR,ERR,ERR,ERR,ERR,ERR,ERR,ERR,ERR,ERR,ERR,ERR,ERR,ERR,ERR,ERR,ERR,ERR,ERR,ERR,ERR,ERR,ERR,ERR,ERR,ERR,ERR,ERR,ERR,ERR,ERR,ERR,ERR,ERR,ERR,ERR,ERR,ERR,ERR,ERR,ERR,ERR,ERR,ERR,ERR,ERR,ERR,ERR,ERR,ERR,ERR,ERR,ERR,ERR,ERR,ERR,ERR,ERR,ERR,ERR,ERR,ERR,ERR,ERR,ERR,ERR,ERR,ERR,ERR,ERR,ERR,ERR,ERR,ERR,ERR,ERR,ERR,ERR,ERR,ERR,ERR,ERR,ERR,ERR,ERR,ERR,ERR,ERR,ERR,ERR,ERR,ERR,ERR,ERR,ERR,ERR,ERR,ERR,ERR,ERR,ERR,ERR,ERR,ERR,ERR,ERR,ERR,ERR,ERR,ERR,ERR,ERR,ERR,ERR,ERR,ERR,ERR,ERR,ERR,-0.0,-107616096.0,0.0,2.7183478752108883e+23,0.0,196351168.0,0.0,-0.0,0,0,4,17326,7116,0.0,100,0.0,0.0,2.7183478752108883e+23,0.0,0.0,0,0,0,0,0.0,0,0,0,0,0,0,0,0,0,0,0,0,0,0,0,0,0,0,0,0,0,0,0,0,0,0,0,0,0,0,0,0,0,31,40,40,71,65476,0,300,0,0,8,21553,0.0,-107605600.0,0.0,0.0,0.0,0.0,0.0,0.0,0.0,0.0,0.0,0.0,0.0,0.0,0.0,0.0,0.0,0.0,0.0,0.0,0.0,0.0,-2.004,0.0,0.0,0.0,0.0,0.0,0.0,0.0,4994.0,8608182272.0,6922.0,-0.0,-0.0,2.004,2.004,0.0,0.0,0.0,0.0,69,0.059,0.0,0.0,0.0,0.0,0.0,0.0,0.0,0.0,0,0,0,0.0,0.0,0.0,0.0,0.0,0.0,0.0,0.0,0.0,0.0,0.0,0.0,0.0,0.0,0.0,0.0,0,-107875648.0,69,0.0,138,0.0,2.012,ERR,ERR,ERR,ERR,ERR,ERR,ERR,ERR,ERR,ERR,ERR,ERR,ERR,ERR,ERR,ERR,ERR,ERR,ERR,ERR,ERR,ERR,ERR,ERR,ERR,ERR,ERR,ERR,ERR,ERR,ERR,ERR,ERR,ERR,ERR,ERR,ERR,ERR,ERR,ERR,ERR,ERR,ERR,ERR,ERR,ERR,ERR,ERR,ERR,ERR,ERR,ERR,ERR,ERR,ERR,ERR,ERR,ERR,ERR,ERR,ERR,ERR,ERR,ERR,ERR,ERR,ERR,60.0,60.0,35,0.0,0.0,0.0,0.0,0.0,0.0,0.0,0.0,0.0,0.0,0.0,0.0,0.0,0.0,0.0,0.0,64.8,0,146,69,55,65476,0,65476,1,4,4,20529,65476,0,0,2621,60.0,0.0,0.0,0.0,0.0,0.0
2026-07-09T15:37:20,ERR,ERR,ERR,ERR,ERR,ERR,ERR,ERR,ERR,ERR,ERR,ERR,ERR,ERR,ERR,ERR,ERR,ERR,ERR,ERR,ERR,ERR,ERR,ERR,ERR,ERR,ERR,ERR,ERR,ERR,ERR,ERR,ERR,ERR,ERR,ERR,ERR,ERR,ERR,ERR,ERR,ERR,ERR,ERR,ERR,ERR,ERR,ERR,ERR,ERR,ERR,ERR,ERR,ERR,ERR,ERR,ERR,ERR,ERR,ERR,ERR,ERR,ERR,ERR,ERR,ERR,ERR,ERR,ERR,ERR,ERR,ERR,ERR,ERR,ERR,ERR,ERR,ERR,ERR,ERR,ERR,ERR,ERR,ERR,ERR,ERR,ERR,ERR,ERR,ERR,ERR,ERR,ERR,ERR,ERR,ERR,ERR,ERR,ERR,ERR,ERR,ERR,ERR,ERR,ERR,ERR,ERR,ERR,ERR,ERR,ERR,ERR,ERR,ERR,ERR,ERR,ERR,ERR,ERR,ERR,ERR,ERR,ERR,ERR,ERR,-0.0,-107616096.0,0.0,2.7183478752108883e+23,0.0,196351168.0,0.0,-0.0,0,0,4,17326,7116,0.0,100,0.0,0.0,2.7183478752108883e+23,0.0,0.0,0,0,0,0,0.0,0,0,0,0,0,0,0,0,0,0,0,0,0,0,0,0,0,0,0,0,0,0,0,0,0,0,0,0,0,0,0,0,0,31,40,40,71,65476,0,300,0,0,8,21553,0.0,-107605600.0,0.0,0.0,0.0,0.0,0.0,0.0,0.0,0.0,0.0,0.0,0.0,0.0,0.0,0.0,0.0,0.0,0.0,0.0,0.0,0.0,-2.004,0.0,0.0,0.0,0.0,0.0,0.0,0.0,4994.0,8608182272.0,6922.0,-0.0,-0.0,2.004,2.004,0.0,0.0,0.0,0.0,69,0.059,0.0,0.0,0.0,0.0,0.0,0.0,0.0,0.0,0,0,0,0.0,0.0,0.0,0.0,0.0,0.0,0.0,0.0,0.0,0.0,0.0,0.0,0.0,0.0,0.0,0.0,0,-107875648.0,69,0.0,138,0.0,2.012,ERR,ERR,ERR,ERR,ERR,ERR,ERR,ERR,ERR,ERR,ERR,ERR,ERR,ERR,ERR,ERR,ERR,ERR,ERR,ERR,ERR,ERR,ERR,ERR,ERR,ERR,ERR,ERR,ERR,ERR,ERR,ERR,ERR,ERR,ERR,ERR,ERR,ERR,ERR,ERR,ERR,ERR,ERR,ERR,ERR,ERR,ERR,ERR,ERR,ERR,ERR,ERR,ERR,ERR,ERR,ERR,ERR,ERR,ERR,ERR,ERR,ERR,ERR,ERR,ERR,ERR,ERR,60.0,60.0,35,0.0,0.0,0.0,0.0,0.0,0.0,0.0,0.0,0.0,0.0,0.0,0.0,0.0,0.0,0.0,0.0,64.8,0,146,69,55,65476,0,65476,1,4,4,20529,65476,0,0,2621,60.0,0.0,0.0,0.0,0.0,0.0
2026-07-09T15:37:21,ERR,ERR,ERR,ERR,ERR,ERR,ERR,ERR,ERR,ERR,ERR,ERR,ERR,ERR,ERR,ERR,ERR,ERR,ERR,ERR,ERR,ERR,ERR,ERR,ERR,ERR,ERR,ERR,ERR,ERR,ERR,ERR,ERR,ERR,ERR,ERR,ERR,ERR,ERR,ERR,ERR,ERR,ERR,ERR,ERR,ERR,ERR,ERR,ERR,ERR,ERR,ERR,ERR,ERR,ERR,ERR,ERR,ERR,ERR,ERR,ERR,ERR,ERR,ERR,ERR,ERR,ERR,ERR,ERR,ERR,ERR,ERR,ERR,ERR,ERR,ERR,ERR,ERR,ERR,ERR,ERR,ERR,ERR,ERR,ERR,ERR,ERR,ERR,ERR,ERR,ERR,ERR,ERR,ERR,ERR,ERR,ERR,ERR,ERR,ERR,ERR,ERR,ERR,ERR,ERR,ERR,ERR,ERR,ERR,ERR,ERR,ERR,ERR,ERR,ERR,ERR,ERR,ERR,ERR,ERR,ERR,ERR,ERR,ERR,ERR,-0.0,-107616096.0,0.0,2.7183478752108883e+23,0.0,196351168.0,0.0,-0.0,0,0,4,17326,7116,0.0,100,0.0,0.0,2.7183478752108883e+23,0.0,0.0,0,0,0,0,0.0,0,0,0,0,0,0,0,0,0,0,0,0,0,0,0,0,0,0,0,0,0,0,0,0,0,0,0,0,0,0,0,0,0,31,40,40,71,65476,0,300,0,0,8,21553,0.0,-107605600.0,0.0,0.0,0.0,0.0,0.0,0.0,0.0,0.0,0.0,0.0,0.0,0.0,0.0,0.0,0.0,0.0,0.0,0.0,0.0,0.0,-2.004,0.0,0.0,0.0,0.0,0.0,0.0,0.0,4994.0,8608182272.0,6922.0,-0.0,-0.0,2.004,2.004,0.0,0.0,0.0,0.0,69,0.059,0.0,0.0,0.0,0.0,0.0,0.0,0.0,0.0,0,0,0,0.0,0.0,0.0,0.0,0.0,0.0,0.0,0.0,0.0,0.0,0.0,0.0,0.0,0.0,0.0,0.0,0,-107875648.0,69,0.0,138,0.0,2.012,ERR,ERR,ERR,ERR,ERR,ERR,ERR,ERR,ERR,ERR,ERR,ERR,ERR,ERR,ERR,ERR,ERR,ERR,ERR,ERR,ERR,ERR,ERR,ERR,ERR,ERR,ERR,ERR,ERR,ERR,ERR,ERR,ERR,ERR,ERR,ERR,ERR,ERR,ERR,ERR,ERR,ERR,ERR,ERR,ERR,ERR,ERR,ERR,ERR,ERR,ERR,ERR,ERR,ERR,ERR,ERR,ERR,ERR,ERR,ERR,ERR,ERR,ERR,ERR,ERR,ERR,ERR,60.0,60.0,35,0.0,0.0,0.0,0.0,0.0,0.0,0.0,0.0,0.0,0.0,0.0,0.0,0.0,0.0,0.0,0.0,64.8,0,146,69,55,65476,0,65476,1,4,4,20529,65476,0,0,2621,60.0,0.0,0.0,0.0,0.0,0.0
2026-07-09T15:37:22,ERR,ERR,ERR,ERR,ERR,ERR,ERR,ERR,ERR,ERR,ERR,ERR,ERR,ERR,ERR,ERR,ERR,ERR,ERR,ERR,ERR,ERR,ERR,ERR,ERR,ERR,ERR,ERR,ERR,ERR,ERR,ERR,ERR,ERR,ERR,ERR,ERR,ERR,ERR,ERR,ERR,ERR,ERR,ERR,ERR,ERR,ERR,ERR,ERR,ERR,ERR,ERR,ERR,ERR,ERR,ERR,ERR,ERR,ERR,ERR,ERR,ERR,ERR,ERR,ERR,ERR,ERR,ERR,ERR,ERR,ERR,ERR,ERR,ERR,ERR,ERR,ERR,ERR,ERR,ERR,ERR,ERR,ERR,ERR,ERR,ERR,ERR,ERR,ERR,ERR,ERR,ERR,ERR,ERR,ERR,ERR,ERR,ERR,ERR,ERR,ERR,ERR,ERR,ERR,ERR,ERR,ERR,ERR,ERR,ERR,ERR,ERR,ERR,ERR,ERR,ERR,ERR,ERR,ERR,ERR,ERR,ERR,ERR,ERR,ERR,-0.0,-107616096.0,0.0,2.7183478752108883e+23,0.0,196351168.0,0.0,-0.0,0,0,4,17326,7116,0.0,100,0.0,0.0,2.7183478752108883e+23,0.0,0.0,0,0,0,0,0.0,0,0,0,0,0,0,0,0,0,0,0,0,0,0,0,0,0,0,0,0,0,0,0,0,0,0,0,0,0,0,0,0,0,31,40,40,71,65476,0,300,0,0,8,21553,0.0,-107605600.0,0.0,0.0,0.0,0.0,0.0,0.0,0.0,0.0,0.0,0.0,0.0,0.0,0.0,0.0,0.0,0.0,0.0,0.0,0.0,0.0,-2.004,0.0,0.0,0.0,0.0,0.0,0.0,0.0,4994.0,8608182272.0,6922.0,-0.0,-0.0,2.004,2.004,0.0,0.0,0.0,0.0,69,0.059,0.0,0.0,0.0,0.0,0.0,0.0,0.0,0.0,0,0,0,0.0,0.0,0.0,0.0,0.0,0.0,0.0,0.0,0.0,0.0,0.0,0.0,0.0,0.0,0.0,0.0,0,-107875648.0,69,0.0,138,0.0,2.012,ERR,ERR,ERR,ERR,ERR,ERR,ERR,ERR,ERR,ERR,ERR,ERR,ERR,ERR,ERR,ERR,ERR,ERR,ERR,ERR,ERR,ERR,ERR,ERR,ERR,ERR,ERR,ERR,ERR,ERR,ERR,ERR,ERR,ERR,ERR,ERR,ERR,ERR,ERR,ERR,ERR,ERR,ERR,ERR,ERR,ERR,ERR,ERR,ERR,ERR,ERR,ERR,ERR,ERR,ERR,ERR,ERR,ERR,ERR,ERR,ERR,ERR,ERR,ERR,ERR,ERR,ERR,60.0,60.0,35,0.0,0.0,0.0,0.0,0.0,0.0,0.0,0.0,0.0,0.0,0.0,0.0,0.0,0.0,0.0,0.0,64.8,0,146,69,55,65476,0,65476,1,4,4,20529,65476,0,0,2621,60.0,0.0,0.0,0.0,0.0,0.0
2026-07-09T15:37:23,ERR,ERR,ERR,ERR,ERR,ERR,ERR,ERR,ERR,ERR,ERR,ERR,ERR,ERR,ERR,ERR,ERR,ERR,ERR,ERR,ERR,ERR,ERR,ERR,ERR,ERR,ERR,ERR,ERR,ERR,ERR,ERR,ERR,ERR,ERR,ERR,ERR,ERR,ERR,ERR,ERR,ERR,ERR,ERR,ERR,ERR,ERR,ERR,ERR,ERR,ERR,ERR,ERR,ERR,ERR,ERR,ERR,ERR,ERR,ERR,ERR,ERR,ERR,ERR,ERR,ERR,ERR,ERR,ERR,ERR,ERR,ERR,ERR,ERR,ERR,ERR,ERR,ERR,ERR,ERR,ERR,ERR,ERR,ERR,ERR,ERR,ERR,ERR,ERR,ERR,ERR,ERR,ERR,ERR,ERR,ERR,ERR,ERR,ERR,ERR,ERR,ERR,ERR,ERR,ERR,ERR,ERR,ERR,ERR,ERR,ERR,ERR,ERR,ERR,ERR,ERR,ERR,ERR,ERR,ERR,ERR,ERR,ERR,ERR,ERR,-0.0,-107616096.0,0.0,2.7183478752108883e+23,0.0,196351168.0,0.0,-0.0,0,0,4,17326,7116,0.0,100,0.0,0.0,2.7183478752108883e+23,0.0,0.0,0,0,0,0,0.0,0,0,0,0,0,0,0,0,0,0,0,0,0,0,0,0,0,0,0,0,0,0,0,0,0,0,0,0,0,0,0,0,0,31,40,40,71,65476,0,300,0,0,8,21553,0.0,-107605600.0,0.0,0.0,0.0,0.0,0.0,0.0,0.0,0.0,0.0,0.0,0.0,0.0,0.0,0.0,0.0,0.0,0.0,0.0,0.0,0.0,-2.004,0.0,0.0,0.0,0.0,0.0,0.0,0.0,4994.0,8608182272.0,6922.0,-0.0,-0.0,2.004,2.004,0.0,0.0,0.0,0.0,69,0.059,0.0,0.0,0.0,0.0,0.0,0.0,0.0,0.0,0,0,0,0.0,0.0,0.0,0.0,0.0,0.0,0.0,0.0,0.0,0.0,0.0,0.0,0.0,0.0,0.0,0.0,0,-107875648.0,69,0.0,138,0.0,2.012,ERR,ERR,ERR,ERR,ERR,ERR,ERR,ERR,ERR,ERR,ERR,ERR,ERR,ERR,ERR,ERR,ERR,ERR,ERR,ERR,ERR,ERR,ERR,ERR,ERR,ERR,ERR,ERR,ERR,ERR,ERR,ERR,ERR,ERR,ERR,ERR,ERR,ERR,ERR,ERR,ERR,ERR,ERR,ERR,ERR,ERR,ERR,ERR,ERR,ERR,ERR,ERR,ERR,ERR,ERR,ERR,ERR,ERR,ERR,ERR,ERR,ERR,ERR,ERR,ERR,ERR,ERR,60.0,60.0,35,0.0,0.0,0.0,0.0,0.0,0.0,0.0,0.0,0.0,0.0,0.0,0.0,0.0,0.0,0.0,0.0,64.8,0,146,69,55,65476,0,65476,1,4,4,20529,65476,0,0,2621,60.0,0.0,0.0,0.0,0.0,0.0
2026-07-09T15:37:24,ERR,ERR,ERR,ERR,ERR,ERR,ERR,ERR,ERR,ERR,ERR,ERR,ERR,ERR,ERR,ERR,ERR,ERR,ERR,ERR,ERR,ERR,ERR,ERR,ERR,ERR,ERR,ERR,ERR,ERR,ERR,ERR,ERR,ERR,ERR,ERR,ERR,ERR,ERR,ERR,ERR,ERR,ERR,ERR,ERR,ERR,ERR,ERR,ERR,ERR,ERR,ERR,ERR,ERR,ERR,ERR,ERR,ERR,ERR,ERR,ERR,ERR,ERR,ERR,ERR,ERR,ERR,ERR,ERR,ERR,ERR,ERR,ERR,ERR,ERR,ERR,ERR,ERR,ERR,ERR,ERR,ERR,ERR,ERR,ERR,ERR,ERR,ERR,ERR,ERR,ERR,ERR,ERR,ERR,ERR,ERR,ERR,ERR,ERR,ERR,ERR,ERR,ERR,ERR,ERR,ERR,ERR,ERR,ERR,ERR,ERR,ERR,ERR,ERR,ERR,ERR,ERR,ERR,ERR,ERR,ERR,ERR,ERR,ERR,ERR,0.0,0.0,0.0,2.7183478752108883e+23,3.176105780442936e+29,-0.377,-0.0,-0.0,0,0,4,17323,7116,0.0,100,0.0,0.0,2.7183478752108883e+23,0.0,0.0,0,0,0,0,0.0,0,0,0,0,0,0,0,0,0,0,0,0,0,0,0,0,0,0,0,0,0,0,0,0,0,0,0,0,0,0,0,0,0,31,40,40,71,65476,0,300,0,0,8,21553,0.0,-107605600.0,0.0,0.0,0.0,0.0,0.0,0.0,0.0,0.0,0.0,0.0,0.0,0.0,0.0,0.0,0.0,0.0,0.0,0.0,0.0,0.0,-0.0,-0.0,0.0,0.0,0.0,0.0,0.0,0.0,5015.0,131350.438,6921.0,0.0,0.0,2.004,2.004,0.0,0.0,0.0,0.0,69,0.0,0.0,0.0,0.0,0.0,0.0,0.0,0.0,0.0,0,0,0,0.0,0.0,0.0,0.0,0.0,0.0,0.0,0.0,0.0,0.0,0.0,0.0,0.0,0.0,0.0,0.0,0,-107875648.0,69,0.0,138,0.0,2.012,ERR,ERR,ERR,ERR,ERR,ERR,ERR,ERR,ERR,ERR,ERR,ERR,ERR,ERR,ERR,ERR,ERR,ERR,ERR,ERR,ERR,ERR,ERR,ERR,ERR,ERR,ERR,ERR,ERR,ERR,ERR,ERR,ERR,ERR,ERR,ERR,ERR,ERR,ERR,ERR,ERR,ERR,ERR,ERR,ERR,ERR,ERR,ERR,ERR,ERR,ERR,ERR,ERR,ERR,ERR,ERR,ERR,ERR,ERR,ERR,ERR,ERR,ERR,ERR,ERR,ERR,ERR,60.0,60.0,35,0.0,0.0,0.0,0.0,0.0,0.0,0.0,0.0,0.0,0.0,0.0,0.0,0.0,0.0,0.0,0.0,64.8,0,145,69,55,65476,0,65476,1,4,4,20529,65476,0,0,2621,60.0,0.0,0.0,0.0,0.0,0.0
2026-07-09T15:37:25,ERR,ERR,ERR,ERR,ERR,ERR,ERR,ERR,ERR,ERR,ERR,ERR,ERR,ERR,ERR,ERR,ERR,ERR,ERR,ERR,ERR,ERR,ERR,ERR,ERR,ERR,ERR,ERR,ERR,ERR,ERR,ERR,ERR,ERR,ERR,ERR,ERR,ERR,ERR,ERR,ERR,ERR,ERR,ERR,ERR,ERR,ERR,ERR,ERR,ERR,ERR,ERR,ERR,ERR,ERR,ERR,ERR,ERR,ERR,ERR,ERR,ERR,ERR,ERR,ERR,ERR,ERR,ERR,ERR,ERR,ERR,ERR,ERR,ERR,ERR,ERR,ERR,ERR,ERR,ERR,ERR,ERR,ERR,ERR,ERR,ERR,ERR,ERR,ERR,ERR,ERR,ERR,ERR,ERR,ERR,ERR,ERR,ERR,ERR,ERR,ERR,ERR,ERR,ERR,ERR,ERR,ERR,ERR,ERR,ERR,ERR,ERR,ERR,ERR,ERR,ERR,ERR,ERR,ERR,ERR,ERR,ERR,ERR,ERR,ERR,0.0,0.0,0.0,2.7183478752108883e+23,3.176105780442936e+29,-0.377,-0.0,-0.0,0,0,4,17323,7116,0.0,100,0.0,0.0,2.7183478752108883e+23,0.0,0.0,0,0,0,0,0.0,0,0,0,0,0,0,0,0,0,0,0,0,0,0,0,0,0,0,0,0,0,0,0,0,0,0,0,0,0,0,0,0,0,31,40,40,71,65476,0,300,0,0,8,21553,0.0,-107605600.0,0.0,0.0,0.0,0.0,0.0,0.0,0.0,0.0,0.0,0.0,0.0,0.0,0.0,0.0,0.0,0.0,0.0,0.0,0.0,0.0,-0.0,-0.0,0.0,0.0,0.0,0.0,0.0,0.0,5015.0,131350.438,6921.0,0.0,0.0,2.004,2.004,0.0,0.0,0.0,0.0,69,0.0,0.0,0.0,0.0,0.0,0.0,0.0,0.0,0.0,0,0,0,0.0,0.0,0.0,0.0,0.0,0.0,0.0,0.0,0.0,0.0,0.0,0.0,0.0,0.0,0.0,0.0,0,-107875648.0,69,0.0,138,0.0,2.012,ERR,ERR,ERR,ERR,ERR,ERR,ERR,ERR,ERR,ERR,ERR,ERR,ERR,ERR,ERR,ERR,ERR,ERR,ERR,ERR,ERR,ERR,ERR,ERR,ERR,ERR,ERR,ERR,ERR,ERR,ERR,ERR,ERR,ERR,ERR,ERR,ERR,ERR,ERR,ERR,ERR,ERR,ERR,ERR,ERR,ERR,ERR,ERR,ERR,ERR,ERR,ERR,ERR,ERR,ERR,ERR,ERR,ERR,ERR,ERR,ERR,ERR,ERR,ERR,ERR,ERR,ERR,60.0,60.0,35,0.0,0.0,0.0,0.0,0.0,0.0,0.0,0.0,0.0,0.0,0.0,0.0,0.0,0.0,0.0,0.0,64.8,0,145,69,55,65476,0,65476,1,4,4,20529,65476,0,0,2621,60.0,0.0,0.0,0.0,0.0,0.0
2026-07-09T15:37:26,ERR,ERR,ERR,ERR,ERR,ERR,ERR,ERR,ERR,ERR,ERR,ERR,ERR,ERR,ERR,ERR,ERR,ERR,ERR,ERR,ERR,ERR,ERR,ERR,ERR,ERR,ERR,ERR,ERR,ERR,ERR,ERR,ERR,ERR,ERR,ERR,ERR,ERR,ERR,ERR,ERR,ERR,ERR,ERR,ERR,ERR,ERR,ERR,ERR,ERR,ERR,ERR,ERR,ERR,ERR,ERR,ERR,ERR,ERR,ERR,ERR,ERR,ERR,ERR,ERR,ERR,ERR,ERR,ERR,ERR,ERR,ERR,ERR,ERR,ERR,ERR,ERR,ERR,ERR,ERR,ERR,ERR,ERR,ERR,ERR,ERR,ERR,ERR,ERR,ERR,ERR,ERR,ERR,ERR,ERR,ERR,ERR,ERR,ERR,ERR,ERR,ERR,ERR,ERR,ERR,ERR,ERR,ERR,ERR,ERR,ERR,ERR,ERR,ERR,ERR,ERR,ERR,ERR,ERR,ERR,ERR,ERR,ERR,ERR,ERR,0.0,0.0,0.0,2.7183478752108883e+23,3.176105780442936e+29,-0.377,-0.0,-0.0,0,0,4,17323,7116,0.0,100,0.0,0.0,2.7183478752108883e+23,0.0,0.0,0,0,0,0,0.0,0,0,0,0,0,0,0,0,0,0,0,0,0,0,0,0,0,0,0,0,0,0,0,0,0,0,0,0,0,0,0,0,0,31,40,40,71,65476,0,300,0,0,8,21553,0.0,-107605600.0,0.0,0.0,0.0,0.0,0.0,0.0,0.0,0.0,0.0,0.0,0.0,0.0,0.0,0.0,0.0,0.0,0.0,0.0,0.0,0.0,-0.0,-0.0,0.0,0.0,0.0,0.0,0.0,0.0,5015.0,131350.438,6921.0,0.0,0.0,2.004,2.004,0.0,0.0,0.0,0.0,69,0.0,0.0,0.0,0.0,0.0,0.0,0.0,0.0,0.0,0,0,0,0.0,0.0,0.0,0.0,0.0,0.0,0.0,0.0,0.0,0.0,0.0,0.0,0.0,0.0,0.0,0.0,0,-107875648.0,69,0.0,138,0.0,2.012,ERR,ERR,ERR,ERR,ERR,ERR,ERR,ERR,ERR,ERR,ERR,ERR,ERR,ERR,ERR,ERR,ERR,ERR,ERR,ERR,ERR,ERR,ERR,ERR,ERR,ERR,ERR,ERR,ERR,ERR,ERR,ERR,ERR,ERR,ERR,ERR,ERR,ERR,ERR,ERR,ERR,ERR,ERR,ERR,ERR,ERR,ERR,ERR,ERR,ERR,ERR,ERR,ERR,ERR,ERR,ERR,ERR,ERR,ERR,ERR,ERR,ERR,ERR,ERR,ERR,ERR,ERR,60.0,60.0,35,0.0,0.0,0.0,0.0,0.0,0.0,0.0,0.0,0.0,0.0,0.0,0.0,0.0,0.0,0.0,0.0,64.8,0,145,69,55,65476,0,65476,1,4,4,20529,65476,0,0,2621,60.0,0.0,0.0,0.0,0.0,0.0
2026-07-09T15:37:27,ERR,ERR,ERR,ERR,ERR,ERR,ERR,ERR,ERR,ERR,ERR,ERR,ERR,ERR,ERR,ERR,ERR,ERR,ERR,ERR,ERR,ERR,ERR,ERR,ERR,ERR,ERR,ERR,ERR,ERR,ERR,ERR,ERR,ERR,ERR,ERR,ERR,ERR,ERR,ERR,ERR,ERR,ERR,ERR,ERR,ERR,ERR,ERR,ERR,ERR,ERR,ERR,ERR,ERR,ERR,ERR,ERR,ERR,ERR,ERR,ERR,ERR,ERR,ERR,ERR,ERR,ERR,ERR,ERR,ERR,ERR,ERR,ERR,ERR,ERR,ERR,ERR,ERR,ERR,ERR,ERR,ERR,ERR,ERR,ERR,ERR,ERR,ERR,ERR,ERR,ERR,ERR,ERR,ERR,ERR,ERR,ERR,ERR,ERR,ERR,ERR,ERR,ERR,ERR,ERR,ERR,ERR,ERR,ERR,ERR,ERR,ERR,ERR,ERR,ERR,ERR,ERR,ERR,ERR,ERR,ERR,ERR,ERR,ERR,ERR,0.0,0.0,0.0,2.7183478752108883e+23,3.176105780442936e+29,-0.377,-0.0,-0.0,0,0,4,17323,7116,0.0,100,0.0,0.0,2.7183478752108883e+23,0.0,0.0,0,0,0,0,0.0,0,0,0,0,0,0,0,0,0,0,0,0,0,0,0,0,0,0,0,0,0,0,0,0,0,0,0,0,0,0,0,0,0,31,40,40,71,65476,0,300,0,0,8,21553,0.0,-107605600.0,0.0,0.0,0.0,0.0,0.0,0.0,0.0,0.0,0.0,0.0,0.0,0.0,0.0,0.0,0.0,0.0,0.0,0.0,0.0,0.0,-0.0,-0.0,0.0,0.0,0.0,0.0,0.0,0.0,5015.0,131350.438,6921.0,0.0,0.0,2.004,2.004,0.0,0.0,0.0,0.0,69,0.0,0.0,0.0,0.0,0.0,0.0,0.0,0.0,0.0,0,0,0,0.0,0.0,0.0,0.0,0.0,0.0,0.0,0.0,0.0,0.0,0.0,0.0,0.0,0.0,0.0,0.0,0,-107875648.0,69,0.0,138,0.0,2.012,ERR,ERR,ERR,ERR,ERR,ERR,ERR,ERR,ERR,ERR,ERR,ERR,ERR,ERR,ERR,ERR,ERR,ERR,ERR,ERR,ERR,ERR,ERR,ERR,ERR,ERR,ERR,ERR,ERR,ERR,ERR,ERR,ERR,ERR,ERR,ERR,ERR,ERR,ERR,ERR,ERR,ERR,ERR,ERR,ERR,ERR,ERR,ERR,ERR,ERR,ERR,ERR,ERR,ERR,ERR,ERR,ERR,ERR,ERR,ERR,ERR,ERR,ERR,ERR,ERR,ERR,ERR,60.0,60.0,35,0.0,0.0,0.0,0.0,0.0,0.0,0.0,0.0,0.0,0.0,0.0,0.0,0.0,0.0,0.0,0.0,64.8,0,145,69,55,65476,0,65476,1,4,4,20529,65476,0,0,2621,60.0,0.0,0.0,0.0,0.0,0.0
2026-07-09T15:37:28,ERR,ERR,ERR,ERR,ERR,ERR,ERR,ERR,ERR,ERR,ERR,ERR,ERR,ERR,ERR,ERR,ERR,ERR,ERR,ERR,ERR,ERR,ERR,ERR,ERR,ERR,ERR,ERR,ERR,ERR,ERR,ERR,ERR,ERR,ERR,ERR,ERR,ERR,ERR,ERR,ERR,ERR,ERR,ERR,ERR,ERR,ERR,ERR,ERR,ERR,ERR,ERR,ERR,ERR,ERR,ERR,ERR,ERR,ERR,ERR,ERR,ERR,ERR,ERR,ERR,ERR,ERR,ERR,ERR,ERR,ERR,ERR,ERR,ERR,ERR,ERR,ERR,ERR,ERR,ERR,ERR,ERR,ERR,ERR,ERR,ERR,ERR,ERR,ERR,ERR,ERR,ERR,ERR,ERR,ERR,ERR,ERR,ERR,ERR,ERR,ERR,ERR,ERR,ERR,ERR,ERR,ERR,ERR,ERR,ERR,ERR,ERR,ERR,ERR,ERR,ERR,ERR,ERR,ERR,ERR,ERR,ERR,ERR,ERR,ERR,0.0,0.0,0.0,2.7183478752108883e+23,3.176105780442936e+29,-0.377,-0.0,-0.0,0,0,4,17323,7116,0.0,100,0.0,0.0,2.7183478752108883e+23,0.0,0.0,0,0,0,0,0.0,0,0,0,0,0,0,0,0,0,0,0,0,0,0,0,0,0,0,0,0,0,0,0,0,0,0,0,0,0,0,0,0,0,31,40,40,71,65476,0,300,0,0,8,21553,0.0,-107605600.0,0.0,0.0,0.0,0.0,0.0,0.0,0.0,0.0,0.0,0.0,0.0,0.0,0.0,0.0,0.0,0.0,0.0,0.0,0.0,0.0,-0.0,-0.0,0.0,0.0,0.0,0.0,0.0,0.0,5015.0,131350.438,6921.0,0.0,0.0,2.004,2.004,0.0,0.0,0.0,0.0,69,0.0,0.0,0.0,0.0,0.0,0.0,0.0,0.0,0.0,0,0,0,0.0,0.0,0.0,0.0,0.0,0.0,0.0,0.0,0.0,0.0,0.0,0.0,0.0,0.0,0.0,0.0,0,-107875648.0,69,0.0,138,0.0,2.012,ERR,ERR,ERR,ERR,ERR,ERR,ERR,ERR,ERR,ERR,ERR,ERR,ERR,ERR,ERR,ERR,ERR,ERR,ERR,ERR,ERR,ERR,ERR,ERR,ERR,ERR,ERR,ERR,ERR,ERR,ERR,ERR,ERR,ERR,ERR,ERR,ERR,ERR,ERR,ERR,ERR,ERR,ERR,ERR,ERR,ERR,ERR,ERR,ERR,ERR,ERR,ERR,ERR,ERR,ERR,ERR,ERR,ERR,ERR,ERR,ERR,ERR,ERR,ERR,ERR,ERR,ERR,60.0,60.0,35,0.0,0.0,0.0,0.0,0.0,0.0,0.0,0.0,0.0,0.0,0.0,0.0,0.0,0.0,0.0,0.0,64.8,0,145,69,55,65476,0,65476,1,4,4,20529,65476,0,0,2621,60.0,0.0,0.0,0.0,0.0,0.0
2026-07-09T15:37:29,ERR,ERR,ERR,ERR,ERR,ERR,ERR,ERR,ERR,ERR,ERR,ERR,ERR,ERR,ERR,ERR,ERR,ERR,ERR,ERR,ERR,ERR,ERR,ERR,ERR,ERR,ERR,ERR,ERR,ERR,ERR,ERR,ERR,ERR,ERR,ERR,ERR,ERR,ERR,ERR,ERR,ERR,ERR,ERR,ERR,ERR,ERR,ERR,ERR,ERR,ERR,ERR,ERR,ERR,ERR,ERR,ERR,ERR,ERR,ERR,ERR,ERR,ERR,ERR,ERR,ERR,ERR,ERR,ERR,ERR,ERR,ERR,ERR,ERR,ERR,ERR,ERR,ERR,ERR,ERR,ERR,ERR,ERR,ERR,ERR,ERR,ERR,ERR,ERR,ERR,ERR,ERR,ERR,ERR,ERR,ERR,ERR,ERR,ERR,ERR,ERR,ERR,ERR,ERR,ERR,ERR,ERR,ERR,ERR,ERR,ERR,ERR,ERR,ERR,ERR,ERR,ERR,ERR,ERR,ERR,ERR,ERR,ERR,ERR,ERR,0.0,-0.0,0.0,-107611616.0,2221043613696.0,0.0,0.0,0.0,0,0,4,17305,7116,0.0,100,0.0,0.0,0.0,0.0,0.0,0,0,0,0,0.0,0,0,0,0,0,0,0,0,0,0,0,0,0,0,0,0,0,0,0,0,0,0,0,0,0,0,0,0,0,0,0,0,0,31,40,40,71,65476,0,300,0,0,8,21553,0.0,-107605600.0,0.0,0.0,0.0,0.0,0.0,0.0,0.0,0.0,0.0,0.0,0.0,0.0,0.0,0.0,0.0,0.0,0.0,0.0,0.0,0.0,-0.0,0.0,0.0,0.0,0.0,0.0,0.0,0.0,5000.0,564145833377792.0,6923.0,0.0,2.7184467742587054e+23,2.004,2.004,0.0,0.0,0.0,0.0,69,-0.059,0.0,0.0,0.0,0.0,0.0,0.0,0.0,0.0,0,0,0,0.0,0.0,0.0,0.0,0.0,0.0,0.0,0.0,0.0,0.0,0.0,0.0,0.0,0.0,0.0,0.0,0,-107875648.0,69,0.0,138,0.0,2.012,ERR,ERR,ERR,ERR,ERR,ERR,ERR,ERR,ERR,ERR,ERR,ERR,ERR,ERR,ERR,ERR,ERR,ERR,ERR,ERR,ERR,ERR,ERR,ERR,ERR,ERR,ERR,ERR,ERR,ERR,ERR,ERR,ERR,ERR,ERR,ERR,ERR,ERR,ERR,ERR,ERR,ERR,ERR,ERR,ERR,ERR,ERR,ERR,ERR,ERR,ERR,ERR,ERR,ERR,ERR,ERR,ERR,ERR,ERR,ERR,ERR,ERR,ERR,ERR,ERR,ERR,ERR,60.0,60.0,35,0.0,0.0,0.0,0.0,0.0,0.0,0.0,0.0,0.0,0.0,0.0,0.0,0.0,0.0,0.0,0.0,65.2,0,145,69,55,65476,0,65476,1,4,4,20529,65476,0,0,2621,60.0,0.0,0.0,0.0,0.0,0.0
2026-07-09T15:37:30,ERR,ERR,ERR,ERR,ERR,ERR,ERR,ERR,ERR,ERR,ERR,ERR,ERR,ERR,ERR,ERR,ERR,ERR,ERR,ERR,ERR,ERR,ERR,ERR,ERR,ERR,ERR,ERR,ERR,ERR,ERR,ERR,ERR,ERR,ERR,ERR,ERR,ERR,ERR,ERR,ERR,ERR,ERR,ERR,ERR,ERR,ERR,ERR,ERR,ERR,ERR,ERR,ERR,ERR,ERR,ERR,ERR,ERR,ERR,ERR,ERR,ERR,ERR,ERR,ERR,ERR,ERR,ERR,ERR,ERR,ERR,ERR,ERR,ERR,ERR,ERR,ERR,ERR,ERR,ERR,ERR,ERR,ERR,ERR,ERR,ERR,ERR,ERR,ERR,ERR,ERR,ERR,ERR,ERR,ERR,ERR,ERR,ERR,ERR,ERR,ERR,ERR,ERR,ERR,ERR,ERR,ERR,ERR,ERR,ERR,ERR,ERR,ERR,ERR,ERR,ERR,ERR,ERR,ERR,ERR,ERR,ERR,ERR,ERR,ERR,0.0,-0.0,0.0,-107611616.0,2221043613696.0,0.0,0.0,0.0,0,0,4,17305,7116,0.0,100,0.0,0.0,0.0,0.0,0.0,0,0,0,0,0.0,0,0,0,0,0,0,0,0,0,0,0,0,0,0,0,0,0,0,0,0,0,0,0,0,0,0,0,0,0,0,0,0,0,31,40,40,71,65476,0,300,0,0,8,21553,0.0,-107605600.0,0.0,0.0,0.0,0.0,0.0,0.0,0.0,0.0,0.0,0.0,0.0,0.0,0.0,0.0,0.0,0.0,0.0,0.0,0.0,0.0,-0.0,0.0,0.0,0.0,0.0,0.0,0.0,0.0,5000.0,564145833377792.0,6923.0,0.0,2.7184467742587054e+23,2.004,2.004,0.0,0.0,0.0,0.0,69,-0.059,0.0,0.0,0.0,0.0,0.0,0.0,0.0,0.0,0,0,0,0.0,0.0,0.0,0.0,0.0,0.0,0.0,0.0,0.0,0.0,0.0,0.0,0.0,0.0,0.0,0.0,0,-107875648.0,69,0.0,138,0.0,2.012,ERR,ERR,ERR,ERR,ERR,ERR,ERR,ERR,ERR,ERR,ERR,ERR,ERR,ERR,ERR,ERR,ERR,ERR,ERR,ERR,ERR,ERR,ERR,ERR,ERR,ERR,ERR,ERR,ERR,ERR,ERR,ERR,ERR,ERR,ERR,ERR,ERR,ERR,ERR,ERR,ERR,ERR,ERR,ERR,ERR,ERR,ERR,ERR,ERR,ERR,ERR,ERR,ERR,ERR,ERR,ERR,ERR,ERR,ERR,ERR,ERR,ERR,ERR,ERR,ERR,ERR,ERR,60.0,60.0,35,0.0,0.0,0.0,0.0,0.0,0.0,0.0,0.0,0.0,0.0,0.0,0.0,0.0,0.0,0.0,0.0,65.2,0,145,69,55,65476,0,65476,1,4,4,20529,65476,0,0,2621,60.0,0.0,0.0,0.0,0.0,0.0
2026-07-09T15:37:31,ERR,ERR,ERR,ERR,ERR,ERR,ERR,ERR,ERR,ERR,ERR,ERR,ERR,ERR,ERR,ERR,ERR,ERR,ERR,ERR,ERR,ERR,ERR,ERR,ERR,ERR,ERR,ERR,ERR,ERR,ERR,ERR,ERR,ERR,ERR,ERR,ERR,ERR,ERR,ERR,ERR,ERR,ERR,ERR,ERR,ERR,ERR,ERR,ERR,ERR,ERR,ERR,ERR,ERR,ERR,ERR,ERR,ERR,ERR,ERR,ERR,ERR,ERR,ERR,ERR,ERR,ERR,ERR,ERR,ERR,ERR,ERR,ERR,ERR,ERR,ERR,ERR,ERR,ERR,ERR,ERR,ERR,ERR,ERR,ERR,ERR,ERR,ERR,ERR,ERR,ERR,ERR,ERR,ERR,ERR,ERR,ERR,ERR,ERR,ERR,ERR,ERR,ERR,ERR,ERR,ERR,ERR,ERR,ERR,ERR,ERR,ERR,ERR,ERR,ERR,ERR,ERR,ERR,ERR,ERR,ERR,ERR,ERR,ERR,ERR,0.0,-0.0,0.0,-107611616.0,2221043613696.0,0.0,0.0,0.0,0,0,4,17305,7116,0.0,100,0.0,0.0,0.0,0.0,0.0,0,0,0,0,0.0,0,0,0,0,0,0,0,0,0,0,0,0,0,0,0,0,0,0,0,0,0,0,0,0,0,0,0,0,0,0,0,0,0,31,40,40,71,65476,0,300,0,0,8,21553,0.0,-107605600.0,0.0,0.0,0.0,0.0,0.0,0.0,0.0,0.0,0.0,0.0,0.0,0.0,0.0,0.0,0.0,0.0,0.0,0.0,0.0,0.0,-0.0,0.0,0.0,0.0,0.0,0.0,0.0,0.0,5000.0,564145833377792.0,6923.0,0.0,2.7184467742587054e+23,2.004,2.004,0.0,0.0,0.0,0.0,69,-0.059,0.0,0.0,0.0,0.0,0.0,0.0,0.0,0.0,0,0,0,0.0,0.0,0.0,0.0,0.0,0.0,0.0,0.0,0.0,0.0,0.0,0.0,0.0,0.0,0.0,0.0,0,-107875648.0,69,0.0,138,0.0,2.012,ERR,ERR,ERR,ERR,ERR,ERR,ERR,ERR,ERR,ERR,ERR,ERR,ERR,ERR,ERR,ERR,ERR,ERR,ERR,ERR,ERR,ERR,ERR,ERR,ERR,ERR,ERR,ERR,ERR,ERR,ERR,ERR,ERR,ERR,ERR,ERR,ERR,ERR,ERR,ERR,ERR,ERR,ERR,ERR,ERR,ERR,ERR,ERR,ERR,ERR,ERR,ERR,ERR,ERR,ERR,ERR,ERR,ERR,ERR,ERR,ERR,ERR,ERR,ERR,ERR,ERR,ERR,60.0,60.0,35,0.0,0.0,0.0,0.0,0.0,0.0,0.0,0.0,0.0,0.0,0.0,0.0,0.0,0.0,0.0,0.0,64.8,0,145,69,55,65476,0,65476,1,4,4,20529,65476,0,0,2621,60.0,0.0,0.0,0.0,0.0,0.0
2026-07-09T15:37:32,ERR,ERR,ERR,ERR,ERR,ERR,ERR,ERR,ERR,ERR,ERR,ERR,ERR,ERR,ERR,ERR,ERR,ERR,ERR,ERR,ERR,ERR,ERR,ERR,ERR,ERR,ERR,ERR,ERR,ERR,ERR,ERR,ERR,ERR,ERR,ERR,ERR,ERR,ERR,ERR,ERR,ERR,ERR,ERR,ERR,ERR,ERR,ERR,ERR,ERR,ERR,ERR,ERR,ERR,ERR,ERR,ERR,ERR,ERR,ERR,ERR,ERR,ERR,ERR,ERR,ERR,ERR,ERR,ERR,ERR,ERR,ERR,ERR,ERR,ERR,ERR,ERR,ERR,ERR,ERR,ERR,ERR,ERR,ERR,ERR,ERR,ERR,ERR,ERR,ERR,ERR,ERR,ERR,ERR,ERR,ERR,ERR,ERR,ERR,ERR,ERR,ERR,ERR,ERR,ERR,ERR,ERR,ERR,ERR,ERR,ERR,ERR,ERR,ERR,ERR,ERR,ERR,ERR,ERR,ERR,ERR,ERR,ERR,ERR,ERR,0.0,-0.0,0.0,-107611616.0,2221043613696.0,0.0,0.0,0.0,0,0,4,17305,7116,0.0,100,0.0,0.0,0.0,0.0,0.0,0,0,0,0,0.0,0,0,0,0,0,0,0,0,0,0,0,0,0,0,0,0,0,0,0,0,0,0,0,0,0,0,0,0,0,0,0,0,0,31,40,40,71,65476,0,300,0,0,8,21553,0.0,-107605600.0,0.0,0.0,0.0,0.0,0.0,0.0,0.0,0.0,0.0,0.0,0.0,0.0,0.0,0.0,0.0,0.0,0.0,0.0,0.0,0.0,-0.0,0.0,0.0,0.0,0.0,0.0,0.0,0.0,5000.0,564145833377792.0,6923.0,0.0,2.7184467742587054e+23,2.004,2.004,0.0,0.0,0.0,0.0,69,-0.059,0.0,0.0,0.0,0.0,0.0,0.0,0.0,0.0,0,0,0,0.0,0.0,0.0,0.0,0.0,0.0,0.0,0.0,0.0,0.0,0.0,0.0,0.0,0.0,0.0,0.0,0,-107875648.0,69,0.0,138,0.0,2.012,ERR,ERR,ERR,ERR,ERR,ERR,ERR,ERR,ERR,ERR,ERR,ERR,ERR,ERR,ERR,ERR,ERR,ERR,ERR,ERR,ERR,ERR,ERR,ERR,ERR,ERR,ERR,ERR,ERR,ERR,ERR,ERR,ERR,ERR,ERR,ERR,ERR,ERR,ERR,ERR,ERR,ERR,ERR,ERR,ERR,ERR,ERR,ERR,ERR,ERR,ERR,ERR,ERR,ERR,ERR,ERR,ERR,ERR,ERR,ERR,ERR,ERR,ERR,ERR,ERR,ERR,ERR,60.0,60.0,35,0.0,0.0,0.0,0.0,0.0,0.0,0.0,0.0,0.0,0.0,0.0,0.0,0.0,0.0,0.0,0.0,65.2,0,145,69,55,65476,0,65476,1,4,4,20529,65476,0,0,2621,60.0,0.0,0.0,0.0,0.0,0.0
2026-07-09T15:37:33,ERR,ERR,ERR,ERR,ERR,ERR,ERR,ERR,ERR,ERR,ERR,ERR,ERR,ERR,ERR,ERR,ERR,ERR,ERR,ERR,ERR,ERR,ERR,ERR,ERR,ERR,ERR,ERR,ERR,ERR,ERR,ERR,ERR,ERR,ERR,ERR,ERR,ERR,ERR,ERR,ERR,ERR,ERR,ERR,ERR,ERR,ERR,ERR,ERR,ERR,ERR,ERR,ERR,ERR,ERR,ERR,ERR,ERR,ERR,ERR,ERR,ERR,ERR,ERR,ERR,ERR,ERR,ERR,ERR,ERR,ERR,ERR,ERR,ERR,ERR,ERR,ERR,ERR,ERR,ERR,ERR,ERR,ERR,ERR,ERR,ERR,ERR,ERR,ERR,ERR,ERR,ERR,ERR,ERR,ERR,ERR,ERR,ERR,ERR,ERR,ERR,ERR,ERR,ERR,ERR,ERR,ERR,ERR,ERR,ERR,ERR,ERR,ERR,ERR,ERR,ERR,ERR,ERR,ERR,ERR,ERR,ERR,ERR,ERR,ERR,0.0,-0.0,0.0,-107611616.0,2221043613696.0,0.0,0.0,0.0,0,0,4,17305,7116,0.0,100,0.0,0.0,0.0,0.0,0.0,0,0,0,0,0.0,0,0,0,0,0,0,0,0,0,0,0,0,0,0,0,0,0,0,0,0,0,0,0,0,0,0,0,0,0,0,0,0,0,31,40,40,71,65476,0,300,0,0,8,21553,0.0,-107605600.0,0.0,0.0,0.0,0.0,0.0,0.0,0.0,0.0,0.0,0.0,0.0,0.0,0.0,0.0,0.0,0.0,0.0,0.0,0.0,0.0,-0.0,0.0,0.0,0.0,0.0,0.0,0.0,0.0,5000.0,564145833377792.0,6923.0,0.0,2.7184467742587054e+23,2.004,2.004,0.0,0.0,0.0,0.0,69,-0.059,0.0,0.0,0.0,0.0,0.0,0.0,0.0,0.0,0,0,0,0.0,0.0,0.0,0.0,0.0,0.0,0.0,0.0,0.0,0.0,0.0,0.0,0.0,0.0,0.0,0.0,0,-107875648.0,69,0.0,138,0.0,2.012,ERR,ERR,ERR,ERR,ERR,ERR,ERR,ERR,ERR,ERR,ERR,ERR,ERR,ERR,ERR,ERR,ERR,ERR,ERR,ERR,ERR,ERR,ERR,ERR,ERR,ERR,ERR,ERR,ERR,ERR,ERR,ERR,ERR,ERR,ERR,ERR,ERR,ERR,ERR,ERR,ERR,ERR,ERR,ERR,ERR,ERR,ERR,ERR,ERR,ERR,ERR,ERR,ERR,ERR,ERR,ERR,ERR,ERR,ERR,ERR,ERR,ERR,ERR,ERR,ERR,ERR,ERR,60.0,60.0,35,0.0,0.0,0.0,0.0,0.0,0.0,0.0,0.0,0.0,0.0,0.0,0.0,0.0,0.0,0.0,0.0,65.2,0,145,69,55,65476,0,65476,1,4,4,20529,65476,0,0,2621,60.0,0.0,0.0,0.0,0.0,0.0
2026-07-09T15:37:34,ERR,ERR,ERR,ERR,ERR,ERR,ERR,ERR,ERR,ERR,ERR,ERR,ERR,ERR,ERR,ERR,ERR,ERR,ERR,ERR,ERR,ERR,ERR,ERR,ERR,ERR,ERR,ERR,ERR,ERR,ERR,ERR,ERR,ERR,ERR,ERR,ERR,ERR,ERR,ERR,ERR,ERR,ERR,ERR,ERR,ERR,ERR,ERR,ERR,ERR,ERR,ERR,ERR,ERR,ERR,ERR,ERR,ERR,ERR,ERR,ERR,ERR,ERR,ERR,ERR,ERR,ERR,ERR,ERR,ERR,ERR,ERR,ERR,ERR,ERR,ERR,ERR,ERR,ERR,ERR,ERR,ERR,ERR,ERR,ERR,ERR,ERR,ERR,ERR,ERR,ERR,ERR,ERR,ERR,ERR,ERR,ERR,ERR,ERR,ERR,ERR,ERR,ERR,ERR,ERR,ERR,ERR,ERR,ERR,ERR,ERR,ERR,ERR,ERR,ERR,ERR,ERR,ERR,ERR,ERR,ERR,ERR,ERR,ERR,ERR,-107615152.0,-107616080.0,-107614960.0,0.0,-0.0,-0.0,6504.894,1268790016.0,0,0,4,17315,7116,0.0,100,0.0,0.0,0.0,0.0,0.0,0,0,0,0,0.0,0,0,0,0,0,0,0,0,0,0,0,0,0,0,0,0,0,0,0,0,0,0,0,0,0,0,0,0,0,0,0,0,0,31,40,40,71,65476,0,300,0,0,8,21553,0.0,-107605600.0,0.0,0.0,0.0,0.0,0.0,0.0,0.0,0.0,0.0,0.0,0.0,0.0,0.0,0.0,0.0,0.0,0.0,0.0,0.0,0.0,2.004,-0.0,0.0,0.0,0.0,0.0,0.0,0.0,5023.0,-0.0,6925.0,-107615152.0,-0.0,2.004,2.004,0.0,0.0,0.0,0.0,69,4.950430145311814e+32,0.0,0.0,0.0,0.0,0.0,0.0,0.0,0.0,0,0,0,0.0,0.0,0.0,0.0,0.0,0.0,0.0,0.0,0.0,0.0,0.0,0.0,0.0,0.0,0.0,0.0,0,-107875648.0,69,0.0,138,0.0,2.012,ERR,ERR,ERR,ERR,ERR,ERR,ERR,ERR,ERR,ERR,ERR,ERR,ERR,ERR,ERR,ERR,ERR,ERR,ERR,ERR,ERR,ERR,ERR,ERR,ERR,ERR,ERR,ERR,ERR,ERR,ERR,ERR,ERR,ERR,ERR,ERR,ERR,ERR,ERR,ERR,ERR,ERR,ERR,ERR,ERR,ERR,ERR,ERR,ERR,ERR,ERR,ERR,ERR,ERR,ERR,ERR,ERR,ERR,ERR,ERR,ERR,ERR,ERR,ERR,ERR,ERR,ERR,60.0,60.0,35,0.0,0.0,0.0,0.0,0.0,0.0,0.0,0.0,0.0,0.0,0.0,0.0,0.0,0.0,0.0,0.0,64.8,0,144,69,55,65476,0,65476,1,4,4,20529,65476,0,0,2621,60.0,0.0,0.0,0.0,0.0,0.0
2026-07-09T15:37:35,ERR,ERR,ERR,ERR,ERR,ERR,ERR,ERR,ERR,ERR,ERR,ERR,ERR,ERR,ERR,ERR,ERR,ERR,ERR,ERR,ERR,ERR,ERR,ERR,ERR,ERR,ERR,ERR,ERR,ERR,ERR,ERR,ERR,ERR,ERR,ERR,ERR,ERR,ERR,ERR,ERR,ERR,ERR,ERR,ERR,ERR,ERR,ERR,ERR,ERR,ERR,ERR,ERR,ERR,ERR,ERR,ERR,ERR,ERR,ERR,ERR,ERR,ERR,ERR,ERR,ERR,ERR,ERR,ERR,ERR,ERR,ERR,ERR,ERR,ERR,ERR,ERR,ERR,ERR,ERR,ERR,ERR,ERR,ERR,ERR,ERR,ERR,ERR,ERR,ERR,ERR,ERR,ERR,ERR,ERR,ERR,ERR,ERR,ERR,ERR,ERR,ERR,ERR,ERR,ERR,ERR,ERR,ERR,ERR,ERR,ERR,ERR,ERR,ERR,ERR,ERR,ERR,ERR,ERR,ERR,ERR,ERR,ERR,ERR,ERR,-107615152.0,-107616080.0,-107614960.0,0.0,-0.0,-0.0,6504.894,1268790016.0,0,0,4,17315,7116,0.0,100,0.0,0.0,0.0,0.0,0.0,0,0,0,0,0.0,0,0,0,0,0,0,0,0,0,0,0,0,0,0,0,0,0,0,0,0,0,0,0,0,0,0,0,0,0,0,0,0,0,31,40,40,71,65476,0,300,0,0,8,21553,0.0,-107605600.0,0.0,0.0,0.0,0.0,0.0,0.0,0.0,0.0,0.0,0.0,0.0,0.0,0.0,0.0,0.0,0.0,0.0,0.0,0.0,0.0,2.004,-0.0,0.0,0.0,0.0,0.0,0.0,0.0,5023.0,-0.0,6925.0,-107615152.0,-0.0,2.004,2.004,0.0,0.0,0.0,0.0,69,4.950430145311814e+32,0.0,0.0,0.0,0.0,0.0,0.0,0.0,0.0,0,0,0,0.0,0.0,0.0,0.0,0.0,0.0,0.0,0.0,0.0,0.0,0.0,0.0,0.0,0.0,0.0,0.0,0,-107875648.0,69,0.0,138,0.0,2.012,ERR,ERR,ERR,ERR,ERR,ERR,ERR,ERR,ERR,ERR,ERR,ERR,ERR,ERR,ERR,ERR,ERR,ERR,ERR,ERR,ERR,ERR,ERR,ERR,ERR,ERR,ERR,ERR,ERR,ERR,ERR,ERR,ERR,ERR,ERR,ERR,ERR,ERR,ERR,ERR,ERR,ERR,ERR,ERR,ERR,ERR,ERR,ERR,ERR,ERR,ERR,ERR,ERR,ERR,ERR,ERR,ERR,ERR,ERR,ERR,ERR,ERR,ERR,ERR,ERR,ERR,ERR,60.0,60.0,35,0.0,0.0,0.0,0.0,0.0,0.0,0.0,0.0,0.0,0.0,0.0,0.0,0.0,0.0,0.0,0.0,64.8,0,144,69,55,65476,0,65476,1,4,4,20529,65476,0,0,2621,60.0,0.0,0.0,0.0,0.0,0.0
2026-07-09T15:37:36,ERR,ERR,ERR,ERR,ERR,ERR,ERR,ERR,ERR,ERR,ERR,ERR,ERR,ERR,ERR,ERR,ERR,ERR,ERR,ERR,ERR,ERR,ERR,ERR,ERR,ERR,ERR,ERR,ERR,ERR,ERR,ERR,ERR,ERR,ERR,ERR,ERR,ERR,ERR,ERR,ERR,ERR,ERR,ERR,ERR,ERR,ERR,ERR,ERR,ERR,ERR,ERR,ERR,ERR,ERR,ERR,ERR,ERR,ERR,ERR,ERR,ERR,ERR,ERR,ERR,ERR,ERR,ERR,ERR,ERR,ERR,ERR,ERR,ERR,ERR,ERR,ERR,ERR,ERR,ERR,ERR,ERR,ERR,ERR,ERR,ERR,ERR,ERR,ERR,ERR,ERR,ERR,ERR,ERR,ERR,ERR,ERR,ERR,ERR,ERR,ERR,ERR,ERR,ERR,ERR,ERR,ERR,ERR,ERR,ERR,ERR,ERR,ERR,ERR,ERR,ERR,ERR,ERR,ERR,ERR,ERR,ERR,ERR,ERR,ERR,-107615152.0,-107616080.0,-107614960.0,0.0,-0.0,-0.0,6504.894,1268790016.0,0,0,4,17315,7116,0.0,100,0.0,0.0,0.0,0.0,0.0,0,0,0,0,0.0,0,0,0,0,0,0,0,0,0,0,0,0,0,0,0,0,0,0,0,0,0,0,0,0,0,0,0,0,0,0,0,0,0,31,40,40,71,65476,0,300,0,0,8,21553,0.0,-107605600.0,0.0,0.0,0.0,0.0,0.0,0.0,0.0,0.0,0.0,0.0,0.0,0.0,0.0,0.0,0.0,0.0,0.0,0.0,0.0,0.0,2.004,-0.0,0.0,0.0,0.0,0.0,0.0,0.0,5023.0,-0.0,6925.0,-107615152.0,-0.0,2.004,2.004,0.0,0.0,0.0,0.0,69,4.950430145311814e+32,0.0,0.0,0.0,0.0,0.0,0.0,0.0,0.0,0,0,0,0.0,0.0,0.0,0.0,0.0,0.0,0.0,0.0,0.0,0.0,0.0,0.0,0.0,0.0,0.0,0.0,0,-107875648.0,69,0.0,138,0.0,2.012,ERR,ERR,ERR,ERR,ERR,ERR,ERR,ERR,ERR,ERR,ERR,ERR,ERR,ERR,ERR,ERR,ERR,ERR,ERR,ERR,ERR,ERR,ERR,ERR,ERR,ERR,ERR,ERR,ERR,ERR,ERR,ERR,ERR,ERR,ERR,ERR,ERR,ERR,ERR,ERR,ERR,ERR,ERR,ERR,ERR,ERR,ERR,ERR,ERR,ERR,ERR,ERR,ERR,ERR,ERR,ERR,ERR,ERR,ERR,ERR,ERR,ERR,ERR,ERR,ERR,ERR,ERR,60.0,60.0,35,0.0,0.0,0.0,0.0,0.0,0.0,0.0,0.0,0.0,0.0,0.0,0.0,0.0,0.0,0.0,0.0,64.8,0,144,69,55,65476,0,65476,1,4,4,20529,65476,0,0,2621,60.0,0.0,0.0,0.0,0.0,0.0
2026-07-09T15:37:37,ERR,ERR,ERR,ERR,ERR,ERR,ERR,ERR,ERR,ERR,ERR,ERR,ERR,ERR,ERR,ERR,ERR,ERR,ERR,ERR,ERR,ERR,ERR,ERR,ERR,ERR,ERR,ERR,ERR,ERR,ERR,ERR,ERR,ERR,ERR,ERR,ERR,ERR,ERR,ERR,ERR,ERR,ERR,ERR,ERR,ERR,ERR,ERR,ERR,ERR,ERR,ERR,ERR,ERR,ERR,ERR,ERR,ERR,ERR,ERR,ERR,ERR,ERR,ERR,ERR,ERR,ERR,ERR,ERR,ERR,ERR,ERR,ERR,ERR,ERR,ERR,ERR,ERR,ERR,ERR,ERR,ERR,ERR,ERR,ERR,ERR,ERR,ERR,ERR,ERR,ERR,ERR,ERR,ERR,ERR,ERR,ERR,ERR,ERR,ERR,ERR,ERR,ERR,ERR,ERR,ERR,ERR,ERR,ERR,ERR,ERR,ERR,ERR,ERR,ERR,ERR,ERR,ERR,ERR,ERR,ERR,ERR,ERR,ERR,ERR,-107615152.0,-107616080.0,-107614960.0,0.0,-0.0,-0.0,6504.894,1268790016.0,0,0,4,17315,7116,0.0,100,0.0,0.0,0.0,0.0,0.0,0,0,0,0,0.0,0,0,0,0,0,0,0,0,0,0,0,0,0,0,0,0,0,0,0,0,0,0,0,0,0,0,0,0,0,0,0,0,0,31,40,40,71,65476,0,300,0,0,8,21553,0.0,-107605600.0,0.0,0.0,0.0,0.0,0.0,0.0,0.0,0.0,0.0,0.0,0.0,0.0,0.0,0.0,0.0,0.0,0.0,0.0,0.0,0.0,2.004,-0.0,0.0,0.0,0.0,0.0,0.0,0.0,5023.0,-0.0,6925.0,-107615152.0,-0.0,2.004,2.004,0.0,0.0,0.0,0.0,69,4.950430145311814e+32,0.0,0.0,0.0,0.0,0.0,0.0,0.0,0.0,0,0,0,0.0,0.0,0.0,0.0,0.0,0.0,0.0,0.0,0.0,0.0,0.0,0.0,0.0,0.0,0.0,0.0,0,-107875648.0,69,0.0,138,0.0,2.012,ERR,ERR,ERR,ERR,ERR,ERR,ERR,ERR,ERR,ERR,ERR,ERR,ERR,ERR,ERR,ERR,ERR,ERR,ERR,ERR,ERR,ERR,ERR,ERR,ERR,ERR,ERR,ERR,ERR,ERR,ERR,ERR,ERR,ERR,ERR,ERR,ERR,ERR,ERR,ERR,ERR,ERR,ERR,ERR,ERR,ERR,ERR,ERR,ERR,ERR,ERR,ERR,ERR,ERR,ERR,ERR,ERR,ERR,ERR,ERR,ERR,ERR,ERR,ERR,ERR,ERR,ERR,60.0,60.0,35,0.0,0.0,0.0,0.0,0.0,0.0,0.0,0.0,0.0,0.0,0.0,0.0,0.0,0.0,0.0,0.0,64.8,0,144,69,54,65476,0,65476,1,4,4,20529,65476,0,0,2621,60.0,0.0,0.0,0.0,0.0,0.0
2026-07-09T15:37:38,ERR,ERR,ERR,ERR,ERR,ERR,ERR,ERR,ERR,ERR,ERR,ERR,ERR,ERR,ERR,ERR,ERR,ERR,ERR,ERR,ERR,ERR,ERR,ERR,ERR,ERR,ERR,ERR,ERR,ERR,ERR,ERR,ERR,ERR,ERR,ERR,ERR,ERR,ERR,ERR,ERR,ERR,ERR,ERR,ERR,ERR,ERR,ERR,ERR,ERR,ERR,ERR,ERR,ERR,ERR,ERR,ERR,ERR,ERR,ERR,ERR,ERR,ERR,ERR,ERR,ERR,ERR,ERR,ERR,ERR,ERR,ERR,ERR,ERR,ERR,ERR,ERR,ERR,ERR,ERR,ERR,ERR,ERR,ERR,ERR,ERR,ERR,ERR,ERR,ERR,ERR,ERR,ERR,ERR,ERR,ERR,ERR,ERR,ERR,ERR,ERR,ERR,ERR,ERR,ERR,ERR,ERR,ERR,ERR,ERR,ERR,ERR,ERR,ERR,ERR,ERR,ERR,ERR,ERR,ERR,ERR,ERR,ERR,ERR,ERR,-107615152.0,-107616080.0,-107614960.0,0.0,-0.0,-0.0,6504.894,1268790016.0,0,0,4,17315,7116,0.0,100,0.0,0.0,0.0,0.0,0.0,0,0,0,0,0.0,0,0,0,0,0,0,0,0,0,0,0,0,0,0,0,0,0,0,0,0,0,0,0,0,0,0,0,0,0,0,0,0,0,31,40,40,71,65476,0,300,0,0,8,21553,0.0,-107605600.0,0.0,0.0,0.0,0.0,0.0,0.0,0.0,0.0,0.0,0.0,0.0,0.0,0.0,0.0,0.0,0.0,0.0,0.0,0.0,0.0,2.004,-0.0,0.0,0.0,0.0,0.0,0.0,0.0,5023.0,-0.0,6925.0,-107615152.0,-0.0,2.004,2.004,0.0,0.0,0.0,0.0,69,4.950430145311814e+32,0.0,0.0,0.0,0.0,0.0,0.0,0.0,0.0,0,0,0,0.0,0.0,0.0,0.0,0.0,0.0,0.0,0.0,0.0,0.0,0.0,0.0,0.0,0.0,0.0,0.0,0,-107875648.0,69,0.0,138,0.0,2.012,ERR,ERR,ERR,ERR,ERR,ERR,ERR,ERR,ERR,ERR,ERR,ERR,ERR,ERR,ERR,ERR,ERR,ERR,ERR,ERR,ERR,ERR,ERR,ERR,ERR,ERR,ERR,ERR,ERR,ERR,ERR,ERR,ERR,ERR,ERR,ERR,ERR,ERR,ERR,ERR,ERR,ERR,ERR,ERR,ERR,ERR,ERR,ERR,ERR,ERR,ERR,ERR,ERR,ERR,ERR,ERR,ERR,ERR,ERR,ERR,ERR,ERR,ERR,ERR,ERR,ERR,ERR,60.0,60.0,35,0.0,0.0,0.0,0.0,0.0,0.0,0.0,0.0,0.0,0.0,0.0,0.0,0.0,0.0,0.0,0.0,64.8,0,144,69,54,65476,0,65476,1,4,4,20529,65476,0,0,2621,60.0,0.0,0.0,0.0,0.0,0.0
2026-07-09T15:37:39,ERR,ERR,ERR,ERR,ERR,ERR,ERR,ERR,ERR,ERR,ERR,ERR,ERR,ERR,ERR,ERR,ERR,ERR,ERR,ERR,ERR,ERR,ERR,ERR,ERR,ERR,ERR,ERR,ERR,ERR,ERR,ERR,ERR,ERR,ERR,ERR,ERR,ERR,ERR,ERR,ERR,ERR,ERR,ERR,ERR,ERR,ERR,ERR,ERR,ERR,ERR,ERR,ERR,ERR,ERR,ERR,ERR,ERR,ERR,ERR,ERR,ERR,ERR,ERR,ERR,ERR,ERR,ERR,ERR,ERR,ERR,ERR,ERR,ERR,ERR,ERR,ERR,ERR,ERR,ERR,ERR,ERR,ERR,ERR,ERR,ERR,ERR,ERR,ERR,ERR,ERR,ERR,ERR,ERR,ERR,ERR,ERR,ERR,ERR,ERR,ERR,ERR,ERR,ERR,ERR,ERR,ERR,ERR,ERR,ERR,ERR,ERR,ERR,ERR,ERR,ERR,ERR,ERR,ERR,ERR,ERR,ERR,ERR,ERR,ERR,2.7184256974124493e+23,0.0,-0.0,0.0,542247040.0,3.678353726611648e+22,-0.0,-1.4684588347047738e+35,0,0,4,17325,7116,0.0,100,0.0,0.0,0.0,0.0,0.0,0,0,0,0,0.0,0,0,0,0,0,0,0,0,0,0,0,0,0,0,0,0,0,0,0,0,0,0,0,0,0,0,0,0,0,0,0,0,0,31,40,40,71,65476,0,300,0,0,8,21553,0.0,-107605600.0,0.0,0.0,0.0,0.0,0.0,0.0,0.0,0.0,0.0,0.0,0.0,0.0,0.0,0.0,0.0,0.0,0.0,0.0,0.0,0.0,0.0,0.0,0.0,0.0,0.0,0.0,0.0,0.0,5006.0,-0.0,6928.0,2.7184256974124493e+23,-0.0,2.004,2.004,0.0,0.0,0.0,0.0,69,0.0,5.848055683159391e+35,0.0,0.0,0.0,0.0,0.0,0.0,0.0,0,0,0,0.0,0.0,0.0,0.0,0.0,0.0,0.0,0.0,0.0,0.0,0.0,0.0,0.0,0.0,0.0,0.0,0,-107875648.0,69,0.0,138,0.0,2.012,ERR,ERR,ERR,ERR,ERR,ERR,ERR,ERR,ERR,ERR,ERR,ERR,ERR,ERR,ERR,ERR,ERR,ERR,ERR,ERR,ERR,ERR,ERR,ERR,ERR,ERR,ERR,ERR,ERR,ERR,ERR,ERR,ERR,ERR,ERR,ERR,ERR,ERR,ERR,ERR,ERR,ERR,ERR,ERR,ERR,ERR,ERR,ERR,ERR,ERR,ERR,ERR,ERR,ERR,ERR,ERR,ERR,ERR,ERR,ERR,ERR,ERR,ERR,ERR,ERR,ERR,ERR,60.0,60.0,35,0.0,0.0,0.0,0.0,0.0,0.0,0.0,0.0,0.0,0.0,0.0,0.0,0.0,0.0,0.0,0.0,65.2,0,144,69,54,65476,0,65476,1,4,4,20529,65476,0,0,2621,60.0,0.0,0.0,0.0,0.0,0.0
2026-07-09T15:37:40,ERR,ERR,ERR,ERR,ERR,ERR,ERR,ERR,ERR,ERR,ERR,ERR,ERR,ERR,ERR,ERR,ERR,ERR,ERR,ERR,ERR,ERR,ERR,ERR,ERR,ERR,ERR,ERR,ERR,ERR,ERR,ERR,ERR,ERR,ERR,ERR,ERR,ERR,ERR,ERR,ERR,ERR,ERR,ERR,ERR,ERR,ERR,ERR,ERR,ERR,ERR,ERR,ERR,ERR,ERR,ERR,ERR,ERR,ERR,ERR,ERR,ERR,ERR,ERR,ERR,ERR,ERR,ERR,ERR,ERR,ERR,ERR,ERR,ERR,ERR,ERR,ERR,ERR,ERR,ERR,ERR,ERR,ERR,ERR,ERR,ERR,ERR,ERR,ERR,ERR,ERR,ERR,ERR,ERR,ERR,ERR,ERR,ERR,ERR,ERR,ERR,ERR,ERR,ERR,ERR,ERR,ERR,ERR,ERR,ERR,ERR,ERR,ERR,ERR,ERR,ERR,ERR,ERR,ERR,ERR,ERR,ERR,ERR,ERR,ERR,2.7184256974124493e+23,0.0,-0.0,0.0,542247040.0,3.678353726611648e+22,-0.0,-1.4684588347047738e+35,0,0,4,17325,7116,0.0,100,0.0,0.0,0.0,0.0,0.0,0,0,0,0,0.0,0,0,0,0,0,0,0,0,0,0,0,0,0,0,0,0,0,0,0,0,0,0,0,0,0,0,0,0,0,0,0,0,0,31,40,40,71,65476,0,300,0,0,8,21553,0.0,-107605600.0,0.0,0.0,0.0,0.0,0.0,0.0,0.0,0.0,0.0,0.0,0.0,0.0,0.0,0.0,0.0,0.0,0.0,0.0,0.0,0.0,0.0,0.0,0.0,0.0,0.0,0.0,0.0,0.0,5006.0,-0.0,6928.0,2.7184256974124493e+23,-0.0,2.004,2.004,0.0,0.0,0.0,0.0,69,0.0,5.848055683159391e+35,0.0,0.0,0.0,0.0,0.0,0.0,0.0,0,0,0,0.0,0.0,0.0,0.0,0.0,0.0,0.0,0.0,0.0,0.0,0.0,0.0,0.0,0.0,0.0,0.0,0,-107875648.0,69,0.0,138,0.0,2.012,ERR,ERR,ERR,ERR,ERR,ERR,ERR,ERR,ERR,ERR,ERR,ERR,ERR,ERR,ERR,ERR,ERR,ERR,ERR,ERR,ERR,ERR,ERR,ERR,ERR,ERR,ERR,ERR,ERR,ERR,ERR,ERR,ERR,ERR,ERR,ERR,ERR,ERR,ERR,ERR,ERR,ERR,ERR,ERR,ERR,ERR,ERR,ERR,ERR,ERR,ERR,ERR,ERR,ERR,ERR,ERR,ERR,ERR,ERR,ERR,ERR,ERR,ERR,ERR,ERR,ERR,ERR,60.0,60.0,35,0.0,0.0,0.0,0.0,0.0,0.0,0.0,0.0,0.0,0.0,0.0,0.0,0.0,0.0,0.0,0.0,64.8,0,144,68,54,65476,0,65476,1,4,4,20529,65476,0,0,2621,60.0,0.0,0.0,0.0,0.0,0.0
2026-07-09T15:37:41,ERR,ERR,ERR,ERR,ERR,ERR,ERR,ERR,ERR,ERR,ERR,ERR,ERR,ERR,ERR,ERR,ERR,ERR,ERR,ERR,ERR,ERR,ERR,ERR,ERR,ERR,ERR,ERR,ERR,ERR,ERR,ERR,ERR,ERR,ERR,ERR,ERR,ERR,ERR,ERR,ERR,ERR,ERR,ERR,ERR,ERR,ERR,ERR,ERR,ERR,ERR,ERR,ERR,ERR,ERR,ERR,ERR,ERR,ERR,ERR,ERR,ERR,ERR,ERR,ERR,ERR,ERR,ERR,ERR,ERR,ERR,ERR,ERR,ERR,ERR,ERR,ERR,ERR,ERR,ERR,ERR,ERR,ERR,ERR,ERR,ERR,ERR,ERR,ERR,ERR,ERR,ERR,ERR,ERR,ERR,ERR,ERR,ERR,ERR,ERR,ERR,ERR,ERR,ERR,ERR,ERR,ERR,ERR,ERR,ERR,ERR,ERR,ERR,ERR,ERR,ERR,ERR,ERR,ERR,ERR,ERR,ERR,ERR,ERR,ERR,2.7184256974124493e+23,0.0,-0.0,0.0,542247040.0,3.678353726611648e+22,-0.0,-1.4684588347047738e+35,0,0,4,17325,7116,0.0,100,0.0,0.0,0.0,0.0,0.0,0,0,0,0,0.0,0,0,0,0,0,0,0,0,0,0,0,0,0,0,0,0,0,0,0,0,0,0,0,0,0,0,0,0,0,0,0,0,0,31,40,40,71,65476,0,300,0,0,8,21553,0.0,-107605600.0,0.0,0.0,0.0,0.0,0.0,0.0,0.0,0.0,0.0,0.0,0.0,0.0,0.0,0.0,0.0,0.0,0.0,0.0,0.0,0.0,0.0,0.0,0.0,0.0,0.0,0.0,0.0,0.0,5006.0,-0.0,6928.0,2.7184256974124493e+23,-0.0,2.004,2.004,0.0,0.0,0.0,0.0,69,0.0,5.848055683159391e+35,0.0,0.0,0.0,0.0,0.0,0.0,0.0,0,0,0,0.0,0.0,0.0,0.0,0.0,0.0,0.0,0.0,0.0,0.0,0.0,0.0,0.0,0.0,0.0,0.0,0,-107875648.0,69,0.0,138,0.0,2.012,ERR,ERR,ERR,ERR,ERR,ERR,ERR,ERR,ERR,ERR,ERR,ERR,ERR,ERR,ERR,ERR,ERR,ERR,ERR,ERR,ERR,ERR,ERR,ERR,ERR,ERR,ERR,ERR,ERR,ERR,ERR,ERR,ERR,ERR,ERR,ERR,ERR,ERR,ERR,ERR,ERR,ERR,ERR,ERR,ERR,ERR,ERR,ERR,ERR,ERR,ERR,ERR,ERR,ERR,ERR,ERR,ERR,ERR,ERR,ERR,ERR,ERR,ERR,ERR,ERR,ERR,ERR,60.0,60.0,35,0.0,0.0,0.0,0.0,0.0,0.0,0.0,0.0,0.0,0.0,0.0,0.0,0.0,0.0,0.0,0.0,64.8,0,144,68,54,65476,0,65476,1,4,4,20529,65476,0,0,2621,60.0,0.0,0.0,0.0,0.0,0.0
2026-07-09T15:37:42,ERR,ERR,ERR,ERR,ERR,ERR,ERR,ERR,ERR,ERR,ERR,ERR,ERR,ERR,ERR,ERR,ERR,ERR,ERR,ERR,ERR,ERR,ERR,ERR,ERR,ERR,ERR,ERR,ERR,ERR,ERR,ERR,ERR,ERR,ERR,ERR,ERR,ERR,ERR,ERR,ERR,ERR,ERR,ERR,ERR,ERR,ERR,ERR,ERR,ERR,ERR,ERR,ERR,ERR,ERR,ERR,ERR,ERR,ERR,ERR,ERR,ERR,ERR,ERR,ERR,ERR,ERR,ERR,ERR,ERR,ERR,ERR,ERR,ERR,ERR,ERR,ERR,ERR,ERR,ERR,ERR,ERR,ERR,ERR,ERR,ERR,ERR,ERR,ERR,ERR,ERR,ERR,ERR,ERR,ERR,ERR,ERR,ERR,ERR,ERR,ERR,ERR,ERR,ERR,ERR,ERR,ERR,ERR,ERR,ERR,ERR,ERR,ERR,ERR,ERR,ERR,ERR,ERR,ERR,ERR,ERR,ERR,ERR,ERR,ERR,2.7184256974124493e+23,0.0,-0.0,0.0,542247040.0,3.678353726611648e+22,-0.0,-1.4684588347047738e+35,0,0,4,17325,7116,0.0,100,0.0,0.0,0.0,0.0,0.0,0,0,0,0,0.0,0,0,0,0,0,0,0,0,0,0,0,0,0,0,0,0,0,0,0,0,0,0,0,0,0,0,0,0,0,0,0,0,0,31,40,40,71,65476,0,300,0,0,8,21553,0.0,-107605600.0,0.0,0.0,0.0,0.0,0.0,0.0,0.0,0.0,0.0,0.0,0.0,0.0,0.0,0.0,0.0,0.0,0.0,0.0,0.0,0.0,0.0,0.0,0.0,0.0,0.0,0.0,0.0,0.0,5006.0,-0.0,6928.0,2.7184256974124493e+23,-0.0,2.004,2.004,0.0,0.0,0.0,0.0,69,0.0,5.848055683159391e+35,0.0,0.0,0.0,0.0,0.0,0.0,0.0,0,0,0,0.0,0.0,0.0,0.0,0.0,0.0,0.0,0.0,0.0,0.0,0.0,0.0,0.0,0.0,0.0,0.0,0,-107875648.0,69,0.0,138,0.0,2.012,ERR,ERR,ERR,ERR,ERR,ERR,ERR,ERR,ERR,ERR,ERR,ERR,ERR,ERR,ERR,ERR,ERR,ERR,ERR,ERR,ERR,ERR,ERR,ERR,ERR,ERR,ERR,ERR,ERR,ERR,ERR,ERR,ERR,ERR,ERR,ERR,ERR,ERR,ERR,ERR,ERR,ERR,ERR,ERR,ERR,ERR,ERR,ERR,ERR,ERR,ERR,ERR,ERR,ERR,ERR,ERR,ERR,ERR,ERR,ERR,ERR,ERR,ERR,ERR,ERR,ERR,ERR,60.0,60.0,35,0.0,0.0,0.0,0.0,0.0,0.0,0.0,0.0,0.0,0.0,0.0,0.0,0.0,0.0,0.0,0.0,64.8,0,144,68,54,65476,0,65476,1,4,4,20529,65476,0,0,2621,60.0,0.0,0.0,0.0,0.0,0.0
2026-07-09T15:37:43,ERR,ERR,ERR,ERR,ERR,ERR,ERR,ERR,ERR,ERR,ERR,ERR,ERR,ERR,ERR,ERR,ERR,ERR,ERR,ERR,ERR,ERR,ERR,ERR,ERR,ERR,ERR,ERR,ERR,ERR,ERR,ERR,ERR,ERR,ERR,ERR,ERR,ERR,ERR,ERR,ERR,ERR,ERR,ERR,ERR,ERR,ERR,ERR,ERR,ERR,ERR,ERR,ERR,ERR,ERR,ERR,ERR,ERR,ERR,ERR,ERR,ERR,ERR,ERR,ERR,ERR,ERR,ERR,ERR,ERR,ERR,ERR,ERR,ERR,ERR,ERR,ERR,ERR,ERR,ERR,ERR,ERR,ERR,ERR,ERR,ERR,ERR,ERR,ERR,ERR,ERR,ERR,ERR,ERR,ERR,ERR,ERR,ERR,ERR,ERR,ERR,ERR,ERR,ERR,ERR,ERR,ERR,ERR,ERR,ERR,ERR,ERR,ERR,ERR,ERR,ERR,ERR,ERR,ERR,ERR,ERR,ERR,ERR,ERR,ERR,2.7184256974124493e+23,0.0,-0.0,-0.0,-4.4567762649946784e+20,-0.0,-0.0,1.2488593230789163e+22,0,0,4,17326,7116,0.0,100,0.0,0.0,-0.0,0.0,0.0,0,0,0,0,0.0,0,0,0,0,0,0,0,0,0,0,0,0,0,0,0,0,0,0,0,0,0,0,0,0,0,0,0,0,0,0,0,0,0,31,40,40,71,65476,0,300,0,0,8,21553,0.0,-107605600.0,0.0,0.0,0.0,0.0,0.0,0.0,0.0,0.0,0.0,0.0,0.0,0.0,0.0,0.0,0.0,0.0,0.0,0.0,0.0,0.0,0.0,3.697068705782851e+19,0.0,0.0,0.0,0.0,0.0,0.0,5000.0,-0.0,6931.0,2.7184256974124493e+23,-0.0,2.004,2.004,0.0,0.0,0.0,0.0,69,0.0,4.066853658014554e+29,0.0,0.0,0.0,0.0,0.0,0.0,0.0,0,0,0,0.0,0.0,0.0,0.0,0.0,0.0,0.0,0.0,0.0,0.0,0.0,0.0,0.0,0.0,0.0,0.0,0,-107875648.0,69,0.0,138,0.0,2.012,ERR,ERR,ERR,ERR,ERR,ERR,ERR,ERR,ERR,ERR,ERR,ERR,ERR,ERR,ERR,ERR,ERR,ERR,ERR,ERR,ERR,ERR,ERR,ERR,ERR,ERR,ERR,ERR,ERR,ERR,ERR,ERR,ERR,ERR,ERR,ERR,ERR,ERR,ERR,ERR,ERR,ERR,ERR,ERR,ERR,ERR,ERR,ERR,ERR,ERR,ERR,ERR,ERR,ERR,ERR,ERR,ERR,ERR,ERR,ERR,ERR,ERR,ERR,ERR,ERR,ERR,ERR,60.0,60.0,35,0.0,0.0,0.0,0.0,0.0,0.0,0.0,0.0,0.0,0.0,0.0,0.0,0.0,0.0,0.0,0.0,64.8,0,144,68,54,65476,0,65476,1,4,4,20529,65476,0,0,2621,60.0,0.0,0.0,0.0,0.0,0.0
2026-07-09T15:37:44,ERR,ERR,ERR,ERR,ERR,ERR,ERR,ERR,ERR,ERR,ERR,ERR,ERR,ERR,ERR,ERR,ERR,ERR,ERR,ERR,ERR,ERR,ERR,ERR,ERR,ERR,ERR,ERR,ERR,ERR,ERR,ERR,ERR,ERR,ERR,ERR,ERR,ERR,ERR,ERR,ERR,ERR,ERR,ERR,ERR,ERR,ERR,ERR,ERR,ERR,ERR,ERR,ERR,ERR,ERR,ERR,ERR,ERR,ERR,ERR,ERR,ERR,ERR,ERR,ERR,ERR,ERR,ERR,ERR,ERR,ERR,ERR,ERR,ERR,ERR,ERR,ERR,ERR,ERR,ERR,ERR,ERR,ERR,ERR,ERR,ERR,ERR,ERR,ERR,ERR,ERR,ERR,ERR,ERR,ERR,ERR,ERR,ERR,ERR,ERR,ERR,ERR,ERR,ERR,ERR,ERR,ERR,ERR,ERR,ERR,ERR,ERR,ERR,ERR,ERR,ERR,ERR,ERR,ERR,ERR,ERR,ERR,ERR,ERR,ERR,2.7184256974124493e+23,0.0,-0.0,-0.0,-4.4567762649946784e+20,-0.0,-0.0,1.2488593230789163e+22,0,0,4,17326,7116,0.0,100,0.0,0.0,-0.0,0.0,0.0,0,0,0,0,0.0,0,0,0,0,0,0,0,0,0,0,0,0,0,0,0,0,0,0,0,0,0,0,0,0,0,0,0,0,0,0,0,0,0,31,40,40,71,65476,0,300,0,0,8,21553,0.0,-107605600.0,0.0,0.0,0.0,0.0,0.0,0.0,0.0,0.0,0.0,0.0,0.0,0.0,0.0,0.0,0.0,0.0,0.0,0.0,0.0,0.0,0.0,3.697068705782851e+19,0.0,0.0,0.0,0.0,0.0,0.0,5000.0,-0.0,6931.0,2.7184256974124493e+23,-0.0,2.004,2.004,0.0,0.0,0.0,0.0,69,0.0,4.066853658014554e+29,0.0,0.0,0.0,0.0,0.0,0.0,0.0,0,0,0,0.0,0.0,0.0,0.0,0.0,0.0,0.0,0.0,0.0,0.0,0.0,0.0,0.0,0.0,0.0,0.0,0,-107875648.0,69,0.0,138,0.0,2.012,ERR,ERR,ERR,ERR,ERR,ERR,ERR,ERR,ERR,ERR,ERR,ERR,ERR,ERR,ERR,ERR,ERR,ERR,ERR,ERR,ERR,ERR,ERR,ERR,ERR,ERR,ERR,ERR,ERR,ERR,ERR,ERR,ERR,ERR,ERR,ERR,ERR,ERR,ERR,ERR,ERR,ERR,ERR,ERR,ERR,ERR,ERR,ERR,ERR,ERR,ERR,ERR,ERR,ERR,ERR,ERR,ERR,ERR,ERR,ERR,ERR,ERR,ERR,ERR,ERR,ERR,ERR,60.0,60.0,35,0.0,0.0,0.0,0.0,0.0,0.0,0.0,0.0,0.0,0.0,0.0,0.0,0.0,0.0,0.0,0.0,64.8,0,143,68,54,65476,0,65476,1,4,4,20529,65476,0,0,2621,60.0,0.0,0.0,0.0,0.0,0.0
2026-07-09T15:37:45,ERR,ERR,ERR,ERR,ERR,ERR,ERR,ERR,ERR,ERR,ERR,ERR,ERR,ERR,ERR,ERR,ERR,ERR,ERR,ERR,ERR,ERR,ERR,ERR,ERR,ERR,ERR,ERR,ERR,ERR,ERR,ERR,ERR,ERR,ERR,ERR,ERR,ERR,ERR,ERR,ERR,ERR,ERR,ERR,ERR,ERR,ERR,ERR,ERR,ERR,ERR,ERR,ERR,ERR,ERR,ERR,ERR,ERR,ERR,ERR,ERR,ERR,ERR,ERR,ERR,ERR,ERR,ERR,ERR,ERR,ERR,ERR,ERR,ERR,ERR,ERR,ERR,ERR,ERR,ERR,ERR,ERR,ERR,ERR,ERR,ERR,ERR,ERR,ERR,ERR,ERR,ERR,ERR,ERR,ERR,ERR,ERR,ERR,ERR,ERR,ERR,ERR,ERR,ERR,ERR,ERR,ERR,ERR,ERR,ERR,ERR,ERR,ERR,ERR,ERR,ERR,ERR,ERR,ERR,ERR,ERR,ERR,ERR,ERR,ERR,2.7184256974124493e+23,0.0,-0.0,-0.0,-4.4567762649946784e+20,-0.0,-0.0,1.2488593230789163e+22,0,0,4,17326,7116,0.0,100,0.0,0.0,-0.0,0.0,0.0,0,0,0,0,0.0,0,0,0,0,0,0,0,0,0,0,0,0,0,0,0,0,0,0,0,0,0,0,0,0,0,0,0,0,0,0,0,0,0,31,40,40,71,65476,0,300,0,0,8,21553,0.0,-107605600.0,0.0,0.0,0.0,0.0,0.0,0.0,0.0,0.0,0.0,0.0,0.0,0.0,0.0,0.0,0.0,0.0,0.0,0.0,0.0,0.0,0.0,3.697068705782851e+19,0.0,0.0,0.0,0.0,0.0,0.0,5000.0,-0.0,6931.0,2.7184256974124493e+23,-0.0,2.004,2.004,0.0,0.0,0.0,0.0,69,0.0,4.066853658014554e+29,0.0,0.0,0.0,0.0,0.0,0.0,0.0,0,0,0,0.0,0.0,0.0,0.0,0.0,0.0,0.0,0.0,0.0,0.0,0.0,0.0,0.0,0.0,0.0,0.0,0,-107875648.0,69,0.0,138,0.0,2.012,ERR,ERR,ERR,ERR,ERR,ERR,ERR,ERR,ERR,ERR,ERR,ERR,ERR,ERR,ERR,ERR,ERR,ERR,ERR,ERR,ERR,ERR,ERR,ERR,ERR,ERR,ERR,ERR,ERR,ERR,ERR,ERR,ERR,ERR,ERR,ERR,ERR,ERR,ERR,ERR,ERR,ERR,ERR,ERR,ERR,ERR,ERR,ERR,ERR,ERR,ERR,ERR,ERR,ERR,ERR,ERR,ERR,ERR,ERR,ERR,ERR,ERR,ERR,ERR,ERR,ERR,ERR,60.0,60.0,35,0.0,0.0,0.0,0.0,0.0,0.0,0.0,0.0,0.0,0.0,0.0,0.0,0.0,0.0,0.0,0.0,64.8,0,143,68,54,65476,0,65476,1,4,4,20529,65476,0,0,2621,60.0,0.0,0.0,0.0,0.0,0.0
2026-07-09T15:37:46,ERR,ERR,ERR,ERR,ERR,ERR,ERR,ERR,ERR,ERR,ERR,ERR,ERR,ERR,ERR,ERR,ERR,ERR,ERR,ERR,ERR,ERR,ERR,ERR,ERR,ERR,ERR,ERR,ERR,ERR,ERR,ERR,ERR,ERR,ERR,ERR,ERR,ERR,ERR,ERR,ERR,ERR,ERR,ERR,ERR,ERR,ERR,ERR,ERR,ERR,ERR,ERR,ERR,ERR,ERR,ERR,ERR,ERR,ERR,ERR,ERR,ERR,ERR,ERR,ERR,ERR,ERR,ERR,ERR,ERR,ERR,ERR,ERR,ERR,ERR,ERR,ERR,ERR,ERR,ERR,ERR,ERR,ERR,ERR,ERR,ERR,ERR,ERR,ERR,ERR,ERR,ERR,ERR,ERR,ERR,ERR,ERR,ERR,ERR,ERR,ERR,ERR,ERR,ERR,ERR,ERR,ERR,ERR,ERR,ERR,ERR,ERR,ERR,ERR,ERR,ERR,ERR,ERR,ERR,ERR,ERR,ERR,ERR,ERR,ERR,2.7184256974124493e+23,0.0,-0.0,-0.0,-4.4567762649946784e+20,-0.0,-0.0,1.2488593230789163e+22,0,0,4,17326,7116,0.0,100,0.0,0.0,-0.0,0.0,0.0,0,0,0,0,0.0,0,0,0,0,0,0,0,0,0,0,0,0,0,0,0,0,0,0,0,0,0,0,0,0,0,0,0,0,0,0,0,0,0,31,40,40,71,65476,0,300,0,0,8,21553,0.0,-107605600.0,0.0,0.0,0.0,0.0,0.0,0.0,0.0,0.0,0.0,0.0,0.0,0.0,0.0,0.0,0.0,0.0,0.0,0.0,0.0,0.0,0.0,3.697068705782851e+19,0.0,0.0,0.0,0.0,0.0,0.0,5000.0,-0.0,6931.0,2.7184256974124493e+23,-0.0,2.004,2.004,0.0,0.0,0.0,0.0,69,0.0,4.066853658014554e+29,0.0,0.0,0.0,0.0,0.0,0.0,0.0,0,0,0,0.0,0.0,0.0,0.0,0.0,0.0,0.0,0.0,0.0,0.0,0.0,0.0,0.0,0.0,0.0,0.0,0,-107875648.0,69,0.0,138,0.0,2.012,ERR,ERR,ERR,ERR,ERR,ERR,ERR,ERR,ERR,ERR,ERR,ERR,ERR,ERR,ERR,ERR,ERR,ERR,ERR,ERR,ERR,ERR,ERR,ERR,ERR,ERR,ERR,ERR,ERR,ERR,ERR,ERR,ERR,ERR,ERR,ERR,ERR,ERR,ERR,ERR,ERR,ERR,ERR,ERR,ERR,ERR,ERR,ERR,ERR,ERR,ERR,ERR,ERR,ERR,ERR,ERR,ERR,ERR,ERR,ERR,ERR,ERR,ERR,ERR,ERR,ERR,ERR,60.0,60.0,35,0.0,0.0,0.0,0.0,0.0,0.0,0.0,0.0,0.0,0.0,0.0,0.0,0.0,0.0,0.0,0.0,64.8,0,143,68,54,65476,0,65476,1,4,4,20529,65476,0,0,2621,60.0,0.0,0.0,0.0,0.0,0.0
2026-07-09T15:37:47,ERR,ERR,ERR,ERR,ERR,ERR,ERR,ERR,ERR,ERR,ERR,ERR,ERR,ERR,ERR,ERR,ERR,ERR,ERR,ERR,ERR,ERR,ERR,ERR,ERR,ERR,ERR,ERR,ERR,ERR,ERR,ERR,ERR,ERR,ERR,ERR,ERR,ERR,ERR,ERR,ERR,ERR,ERR,ERR,ERR,ERR,ERR,ERR,ERR,ERR,ERR,ERR,ERR,ERR,ERR,ERR,ERR,ERR,ERR,ERR,ERR,ERR,ERR,ERR,ERR,ERR,ERR,ERR,ERR,ERR,ERR,ERR,ERR,ERR,ERR,ERR,ERR,ERR,ERR,ERR,ERR,ERR,ERR,ERR,ERR,ERR,ERR,ERR,ERR,ERR,ERR,ERR,ERR,ERR,ERR,ERR,ERR,ERR,ERR,ERR,ERR,ERR,ERR,ERR,ERR,ERR,ERR,ERR,ERR,ERR,ERR,ERR,ERR,ERR,ERR,ERR,ERR,ERR,ERR,ERR,ERR,ERR,ERR,ERR,ERR,2.7184256974124493e+23,0.0,-0.0,-0.0,-4.4567762649946784e+20,-0.0,-0.0,1.2488593230789163e+22,0,0,4,17326,7116,0.0,100,0.0,0.0,-0.0,0.0,0.0,0,0,0,0,0.0,0,0,0,0,0,0,0,0,0,0,0,0,0,0,0,0,0,0,0,0,0,0,0,0,0,0,0,0,0,0,0,0,0,31,40,40,71,65476,0,300,0,0,8,21553,0.0,-107605600.0,0.0,0.0,0.0,0.0,0.0,0.0,0.0,0.0,0.0,0.0,0.0,0.0,0.0,0.0,0.0,0.0,0.0,0.0,0.0,0.0,0.0,3.697068705782851e+19,0.0,0.0,0.0,0.0,0.0,0.0,5000.0,-0.0,6931.0,2.7184256974124493e+23,-0.0,2.004,2.004,0.0,0.0,0.0,0.0,69,0.0,4.066853658014554e+29,0.0,0.0,0.0,0.0,0.0,0.0,0.0,0,0,0,0.0,0.0,0.0,0.0,0.0,0.0,0.0,0.0,0.0,0.0,0.0,0.0,0.0,0.0,0.0,0.0,0,-107875648.0,69,0.0,138,0.0,2.012,ERR,ERR,ERR,ERR,ERR,ERR,ERR,ERR,ERR,ERR,ERR,ERR,ERR,ERR,ERR,ERR,ERR,ERR,ERR,ERR,ERR,ERR,ERR,ERR,ERR,ERR,ERR,ERR,ERR,ERR,ERR,ERR,ERR,ERR,ERR,ERR,ERR,ERR,ERR,ERR,ERR,ERR,ERR,ERR,ERR,ERR,ERR,ERR,ERR,ERR,ERR,ERR,ERR,ERR,ERR,ERR,ERR,ERR,ERR,ERR,ERR,ERR,ERR,ERR,ERR,ERR,ERR,60.0,60.0,35,0.0,0.0,0.0,0.0,0.0,0.0,0.0,0.0,0.0,0.0,0.0,0.0,0.0,0.0,0.0,0.0,65.2,0,143,68,54,65476,0,65476,1,4,4,20529,65476,0,0,2621,60.0,0.0,0.0,0.0,0.0,0.0
2026-07-09T15:37:48,ERR,ERR,ERR,ERR,ERR,ERR,ERR,ERR,ERR,ERR,ERR,ERR,ERR,ERR,ERR,ERR,ERR,ERR,ERR,ERR,ERR,ERR,ERR,ERR,ERR,ERR,ERR,ERR,ERR,ERR,ERR,ERR,ERR,ERR,ERR,ERR,ERR,ERR,ERR,ERR,ERR,ERR,ERR,ERR,ERR,ERR,ERR,ERR,ERR,ERR,ERR,ERR,ERR,ERR,ERR,ERR,ERR,ERR,ERR,ERR,ERR,ERR,ERR,ERR,ERR,ERR,ERR,ERR,ERR,ERR,ERR,ERR,ERR,ERR,ERR,ERR,ERR,ERR,ERR,ERR,ERR,ERR,ERR,ERR,ERR,ERR,ERR,ERR,ERR,ERR,ERR,ERR,ERR,ERR,ERR,ERR,ERR,ERR,ERR,ERR,ERR,ERR,ERR,ERR,ERR,ERR,ERR,ERR,ERR,ERR,ERR,ERR,ERR,ERR,ERR,ERR,ERR,ERR,ERR,ERR,ERR,ERR,ERR,ERR,ERR,2.7184256974124493e+23,0.0,0.0,-0.0,0.0,3.7753014911236263e+31,-7055756800.0,6.507493070988409e+24,0,0,4,17319,7116,0.0,100,0.0,0.0,-0.0,0.0,0.0,0,0,0,0,0.0,0,0,0,0,0,0,0,0,0,0,0,0,0,0,0,0,0,0,0,0,0,0,0,0,0,0,0,0,0,0,0,0,0,31,40,40,71,65476,0,300,0,0,8,21553,0.0,-107605600.0,0.0,0.0,0.0,0.0,0.0,0.0,0.0,0.0,0.0,0.0,0.0,0.0,0.0,0.0,0.0,0.0,0.0,0.0,0.0,0.0,0.0,0.0,0.0,0.0,0.0,0.0,0.0,0.0,5012.0,-0.0,6935.0,2.7184256974124493e+23,2.71844587353878e+23,2.004,2.004,0.0,0.0,0.0,0.0,69,-0.0,-0.0,0.0,0.0,0.0,0.0,0.0,0.0,0.0,0,0,0,0.0,0.0,0.0,0.0,0.0,0.0,0.0,0.0,0.0,0.0,0.0,0.0,0.0,0.0,0.0,0.0,0,-107875648.0,69,0.0,138,0.0,2.012,ERR,ERR,ERR,ERR,ERR,ERR,ERR,ERR,ERR,ERR,ERR,ERR,ERR,ERR,ERR,ERR,ERR,ERR,ERR,ERR,ERR,ERR,ERR,ERR,ERR,ERR,ERR,ERR,ERR,ERR,ERR,ERR,ERR,ERR,ERR,ERR,ERR,ERR,ERR,ERR,ERR,ERR,ERR,ERR,ERR,ERR,ERR,ERR,ERR,ERR,ERR,ERR,ERR,ERR,ERR,ERR,ERR,ERR,ERR,ERR,ERR,ERR,ERR,ERR,ERR,ERR,ERR,60.0,60.0,35,0.0,0.0,0.0,0.0,0.0,0.0,0.0,0.0,0.0,0.0,0.0,0.0,0.0,0.0,0.0,0.0,65.2,0,143,68,54,65476,0,65476,1,4,4,20529,65476,0,0,2621,60.0,0.0,0.0,0.0,0.0,0.0
2026-07-09T15:37:49,ERR,ERR,ERR,ERR,ERR,ERR,ERR,ERR,ERR,ERR,ERR,ERR,ERR,ERR,ERR,ERR,ERR,ERR,ERR,ERR,ERR,ERR,ERR,ERR,ERR,ERR,ERR,ERR,ERR,ERR,ERR,ERR,ERR,ERR,ERR,ERR,ERR,ERR,ERR,ERR,ERR,ERR,ERR,ERR,ERR,ERR,ERR,ERR,ERR,ERR,ERR,ERR,ERR,ERR,ERR,ERR,ERR,ERR,ERR,ERR,ERR,ERR,ERR,ERR,ERR,ERR,ERR,ERR,ERR,ERR,ERR,ERR,ERR,ERR,ERR,ERR,ERR,ERR,ERR,ERR,ERR,ERR,ERR,ERR,ERR,ERR,ERR,ERR,ERR,ERR,ERR,ERR,ERR,ERR,ERR,ERR,ERR,ERR,ERR,ERR,ERR,ERR,ERR,ERR,ERR,ERR,ERR,ERR,ERR,ERR,ERR,ERR,ERR,ERR,ERR,ERR,ERR,ERR,ERR,ERR,ERR,ERR,ERR,ERR,ERR,2.7184256974124493e+23,0.0,0.0,-0.0,0.0,3.7753014911236263e+31,-7055756800.0,6.507493070988409e+24,0,0,4,17319,7116,0.0,100,0.0,0.0,-0.0,0.0,0.0,0,0,0,0,0.0,0,0,0,0,0,0,0,0,0,0,0,0,0,0,0,0,0,0,0,0,0,0,0,0,0,0,0,0,0,0,0,0,0,31,40,40,71,65476,0,300,0,0,8,21553,0.0,-107605600.0,0.0,0.0,0.0,0.0,0.0,0.0,0.0,0.0,0.0,0.0,0.0,0.0,0.0,0.0,0.0,0.0,0.0,0.0,0.0,0.0,0.0,0.0,0.0,0.0,0.0,0.0,0.0,0.0,5012.0,-0.0,6935.0,2.7184256974124493e+23,2.71844587353878e+23,2.004,2.004,0.0,0.0,0.0,0.0,69,-0.0,-0.0,0.0,0.0,0.0,0.0,0.0,0.0,0.0,0,0,0,0.0,0.0,0.0,0.0,0.0,0.0,0.0,0.0,0.0,0.0,0.0,0.0,0.0,0.0,0.0,0.0,0,-107875648.0,69,0.0,138,0.0,2.012,ERR,ERR,ERR,ERR,ERR,ERR,ERR,ERR,ERR,ERR,ERR,ERR,ERR,ERR,ERR,ERR,ERR,ERR,ERR,ERR,ERR,ERR,ERR,ERR,ERR,ERR,ERR,ERR,ERR,ERR,ERR,ERR,ERR,ERR,ERR,ERR,ERR,ERR,ERR,ERR,ERR,ERR,ERR,ERR,ERR,ERR,ERR,ERR,ERR,ERR,ERR,ERR,ERR,ERR,ERR,ERR,ERR,ERR,ERR,ERR,ERR,ERR,ERR,ERR,ERR,ERR,ERR,60.0,60.0,35,0.0,0.0,0.0,0.0,0.0,0.0,0.0,0.0,0.0,0.0,0.0,0.0,0.0,0.0,0.0,0.0,64.8,0,143,68,54,65476,0,65476,1,4,4,20529,65476,0,0,2621,60.0,0.0,0.0,0.0,0.0,0.0
2026-07-09T15:37:50,ERR,ERR,ERR,ERR,ERR,ERR,ERR,ERR,ERR,ERR,ERR,ERR,ERR,ERR,ERR,ERR,ERR,ERR,ERR,ERR,ERR,ERR,ERR,ERR,ERR,ERR,ERR,ERR,ERR,ERR,ERR,ERR,ERR,ERR,ERR,ERR,ERR,ERR,ERR,ERR,ERR,ERR,ERR,ERR,ERR,ERR,ERR,ERR,ERR,ERR,ERR,ERR,ERR,ERR,ERR,ERR,ERR,ERR,ERR,ERR,ERR,ERR,ERR,ERR,ERR,ERR,ERR,ERR,ERR,ERR,ERR,ERR,ERR,ERR,ERR,ERR,ERR,ERR,ERR,ERR,ERR,ERR,ERR,ERR,ERR,ERR,ERR,ERR,ERR,ERR,ERR,ERR,ERR,ERR,ERR,ERR,ERR,ERR,ERR,ERR,ERR,ERR,ERR,ERR,ERR,ERR,ERR,ERR,ERR,ERR,ERR,ERR,ERR,ERR,ERR,ERR,ERR,ERR,ERR,ERR,ERR,ERR,ERR,ERR,ERR,2.7184256974124493e+23,0.0,0.0,-0.0,0.0,3.7753014911236263e+31,-7055756800.0,6.507493070988409e+24,0,0,4,17319,7116,0.0,100,0.0,0.0,-0.0,0.0,0.0,0,0,0,0,0.0,0,0,0,0,0,0,0,0,0,0,0,0,0,0,0,0,0,0,0,0,0,0,0,0,0,0,0,0,0,0,0,0,0,31,40,40,71,65476,0,300,0,0,8,21553,0.0,-107605600.0,0.0,0.0,0.0,0.0,0.0,0.0,0.0,0.0,0.0,0.0,0.0,0.0,0.0,0.0,0.0,0.0,0.0,0.0,0.0,0.0,0.0,0.0,0.0,0.0,0.0,0.0,0.0,0.0,5012.0,-0.0,6935.0,2.7184256974124493e+23,2.71844587353878e+23,2.004,2.004,0.0,0.0,0.0,0.0,69,-0.0,-0.0,0.0,0.0,0.0,0.0,0.0,0.0,0.0,0,0,0,0.0,0.0,0.0,0.0,0.0,0.0,0.0,0.0,0.0,0.0,0.0,0.0,0.0,0.0,0.0,0.0,0,-107875648.0,69,0.0,138,0.0,2.012,ERR,ERR,ERR,ERR,ERR,ERR,ERR,ERR,ERR,ERR,ERR,ERR,ERR,ERR,ERR,ERR,ERR,ERR,ERR,ERR,ERR,ERR,ERR,ERR,ERR,ERR,ERR,ERR,ERR,ERR,ERR,ERR,ERR,ERR,ERR,ERR,ERR,ERR,ERR,ERR,ERR,ERR,ERR,ERR,ERR,ERR,ERR,ERR,ERR,ERR,ERR,ERR,ERR,ERR,ERR,ERR,ERR,ERR,ERR,ERR,ERR,ERR,ERR,ERR,ERR,ERR,ERR,60.0,60.0,35,0.0,0.0,0.0,0.0,0.0,0.0,0.0,0.0,0.0,0.0,0.0,0.0,0.0,0.0,0.0,0.0,65.2,0,143,68,54,65476,0,65476,1,4,4,20529,65476,0,0,2621,60.0,0.0,0.0,0.0,0.0,0.0
2026-07-09T15:37:51,ERR,ERR,ERR,ERR,ERR,ERR,ERR,ERR,ERR,ERR,ERR,ERR,ERR,ERR,ERR,ERR,ERR,ERR,ERR,ERR,ERR,ERR,ERR,ERR,ERR,ERR,ERR,ERR,ERR,ERR,ERR,ERR,ERR,ERR,ERR,ERR,ERR,ERR,ERR,ERR,ERR,ERR,ERR,ERR,ERR,ERR,ERR,ERR,ERR,ERR,ERR,ERR,ERR,ERR,ERR,ERR,ERR,ERR,ERR,ERR,ERR,ERR,ERR,ERR,ERR,ERR,ERR,ERR,ERR,ERR,ERR,ERR,ERR,ERR,ERR,ERR,ERR,ERR,ERR,ERR,ERR,ERR,ERR,ERR,ERR,ERR,ERR,ERR,ERR,ERR,ERR,ERR,ERR,ERR,ERR,ERR,ERR,ERR,ERR,ERR,ERR,ERR,ERR,ERR,ERR,ERR,ERR,ERR,ERR,ERR,ERR,ERR,ERR,ERR,ERR,ERR,ERR,ERR,ERR,ERR,ERR,ERR,ERR,ERR,ERR,2.7184256974124493e+23,0.0,0.0,-0.0,0.0,3.7753014911236263e+31,-7055756800.0,6.507493070988409e+24,0,0,4,17319,7116,0.0,100,0.0,0.0,-0.0,0.0,0.0,0,0,0,0,0.0,0,0,0,0,0,0,0,0,0,0,0,0,0,0,0,0,0,0,0,0,0,0,0,0,0,0,0,0,0,0,0,0,0,31,40,40,71,65476,0,300,0,0,8,21553,0.0,-107605600.0,0.0,0.0,0.0,0.0,0.0,0.0,0.0,0.0,0.0,0.0,0.0,0.0,0.0,0.0,0.0,0.0,0.0,0.0,0.0,0.0,0.0,0.0,0.0,0.0,0.0,0.0,0.0,0.0,5012.0,-0.0,6935.0,2.7184256974124493e+23,2.71844587353878e+23,2.004,2.004,0.0,0.0,0.0,0.0,69,-0.0,-0.0,0.0,0.0,0.0,0.0,0.0,0.0,0.0,0,0,0,0.0,0.0,0.0,0.0,0.0,0.0,0.0,0.0,0.0,0.0,0.0,0.0,0.0,0.0,0.0,0.0,0,-107875648.0,69,0.0,138,0.0,2.012,ERR,ERR,ERR,ERR,ERR,ERR,ERR,ERR,ERR,ERR,ERR,ERR,ERR,ERR,ERR,ERR,ERR,ERR,ERR,ERR,ERR,ERR,ERR,ERR,ERR,ERR,ERR,ERR,ERR,ERR,ERR,ERR,ERR,ERR,ERR,ERR,ERR,ERR,ERR,ERR,ERR,ERR,ERR,ERR,ERR,ERR,ERR,ERR,ERR,ERR,ERR,ERR,ERR,ERR,ERR,ERR,ERR,ERR,ERR,ERR,ERR,ERR,ERR,ERR,ERR,ERR,ERR,60.0,60.0,35,0.0,0.0,0.0,0.0,0.0,0.0,0.0,0.0,0.0,0.0,0.0,0.0,0.0,0.0,0.0,0.0,65.2,0,143,68,54,65476,0,65476,1,4,4,20529,65476,0,0,2621,60.0,0.0,0.0,0.0,0.0,0.0
2026-07-09T15:37:52,ERR,ERR,ERR,ERR,ERR,ERR,ERR,ERR,ERR,ERR,ERR,ERR,ERR,ERR,ERR,ERR,ERR,ERR,ERR,ERR,ERR,ERR,ERR,ERR,ERR,ERR,ERR,ERR,ERR,ERR,ERR,ERR,ERR,ERR,ERR,ERR,ERR,ERR,ERR,ERR,ERR,ERR,ERR,ERR,ERR,ERR,ERR,ERR,ERR,ERR,ERR,ERR,ERR,ERR,ERR,ERR,ERR,ERR,ERR,ERR,ERR,ERR,ERR,ERR,ERR,ERR,ERR,ERR,ERR,ERR,ERR,ERR,ERR,ERR,ERR,ERR,ERR,ERR,ERR,ERR,ERR,ERR,ERR,ERR,ERR,ERR,ERR,ERR,ERR,ERR,ERR,ERR,ERR,ERR,ERR,ERR,ERR,ERR,ERR,ERR,ERR,ERR,ERR,ERR,ERR,ERR,ERR,ERR,ERR,ERR,ERR,ERR,ERR,ERR,ERR,ERR,ERR,ERR,ERR,ERR,ERR,ERR,ERR,ERR,ERR,2.7184256974124493e+23,0.0,0.0,-0.0,0.0,3.7753014911236263e+31,-7055756800.0,6.507493070988409e+24,0,0,4,17319,7116,0.0,100,0.0,0.0,-0.0,0.0,0.0,0,0,0,0,0.0,0,0,0,0,0,0,0,0,0,0,0,0,0,0,0,0,0,0,0,0,0,0,0,0,0,0,0,0,0,0,0,0,0,31,40,40,71,65476,0,300,0,0,8,21553,0.0,-107605600.0,0.0,0.0,0.0,0.0,0.0,0.0,0.0,0.0,0.0,0.0,0.0,0.0,0.0,0.0,0.0,0.0,0.0,0.0,0.0,0.0,0.0,0.0,0.0,0.0,0.0,0.0,0.0,0.0,5012.0,-0.0,6935.0,2.7184256974124493e+23,2.71844587353878e+23,2.004,2.004,0.0,0.0,0.0,0.0,69,-0.0,-0.0,0.0,0.0,0.0,0.0,0.0,0.0,0.0,0,0,0,0.0,0.0,0.0,0.0,0.0,0.0,0.0,0.0,0.0,0.0,0.0,0.0,0.0,0.0,0.0,0.0,0,-107875648.0,69,0.0,138,0.0,2.012,ERR,ERR,ERR,ERR,ERR,ERR,ERR,ERR,ERR,ERR,ERR,ERR,ERR,ERR,ERR,ERR,ERR,ERR,ERR,ERR,ERR,ERR,ERR,ERR,ERR,ERR,ERR,ERR,ERR,ERR,ERR,ERR,ERR,ERR,ERR,ERR,ERR,ERR,ERR,ERR,ERR,ERR,ERR,ERR,ERR,ERR,ERR,ERR,ERR,ERR,ERR,ERR,ERR,ERR,ERR,ERR,ERR,ERR,ERR,ERR,ERR,ERR,ERR,ERR,ERR,ERR,ERR,60.0,60.0,35,0.0,0.0,0.0,0.0,0.0,0.0,0.0,0.0,0.0,0.0,0.0,0.0,0.0,0.0,0.0,0.0,64.8,0,142,68,54,65476,0,65476,1,4,4,20529,65476,0,0,2621,60.0,0.0,0.0,0.0,0.0,0.0
2026-07-09T15:37:53,ERR,ERR,ERR,ERR,ERR,ERR,ERR,ERR,ERR,ERR,ERR,ERR,ERR,ERR,ERR,ERR,ERR,ERR,ERR,ERR,ERR,ERR,ERR,ERR,ERR,ERR,ERR,ERR,ERR,ERR,ERR,ERR,ERR,ERR,ERR,ERR,ERR,ERR,ERR,ERR,ERR,ERR,ERR,ERR,ERR,ERR,ERR,ERR,ERR,ERR,ERR,ERR,ERR,ERR,ERR,ERR,ERR,ERR,ERR,ERR,ERR,ERR,ERR,ERR,ERR,ERR,ERR,ERR,ERR,ERR,ERR,ERR,ERR,ERR,ERR,ERR,ERR,ERR,ERR,ERR,ERR,ERR,ERR,ERR,ERR,ERR,ERR,ERR,ERR,ERR,ERR,ERR,ERR,ERR,ERR,ERR,ERR,ERR,ERR,ERR,ERR,ERR,ERR,ERR,ERR,ERR,ERR,ERR,ERR,ERR,ERR,ERR,ERR,ERR,ERR,ERR,ERR,ERR,ERR,ERR,ERR,ERR,ERR,ERR,ERR,0.0,-107616032.0,-0.0,-0.0,-0.001,-717.02,0.0,-2.7162539693021594e+17,0,0,4,17317,7116,0.0,100,0.0,0.0,-0.0,0.0,0.0,0,0,0,0,0.0,0,0,0,0,0,0,0,0,0,0,0,0,0,0,0,0,0,0,0,0,0,0,0,0,0,0,0,0,0,0,0,0,0,31,40,40,71,65476,0,300,0,0,8,21553,0.0,-107605600.0,0.0,0.0,0.0,0.0,0.0,0.0,0.0,0.0,0.0,0.0,0.0,0.0,0.0,0.0,0.0,0.0,0.0,0.0,0.0,0.0,-2.004,-3.697067386368898e+19,0.0,0.0,0.0,0.0,0.0,0.0,4994.0,-0.0,6933.0,0.0,2.7184455132508097e+23,2.004,2.004,0.0,0.0,0.0,0.0,69,126841135104.0,-0.0,0.0,0.0,0.0,0.0,0.0,0.0,0.0,0,0,0,0.0,0.0,0.0,0.0,0.0,0.0,0.0,0.0,0.0,0.0,0.0,0.0,0.0,0.0,0.0,0.0,0,-107875648.0,69,0.0,138,0.0,2.012,ERR,ERR,ERR,ERR,ERR,ERR,ERR,ERR,ERR,ERR,ERR,ERR,ERR,ERR,ERR,ERR,ERR,ERR,ERR,ERR,ERR,ERR,ERR,ERR,ERR,ERR,ERR,ERR,ERR,ERR,ERR,ERR,ERR,ERR,ERR,ERR,ERR,ERR,ERR,ERR,ERR,ERR,ERR,ERR,ERR,ERR,ERR,ERR,ERR,ERR,ERR,ERR,ERR,ERR,ERR,ERR,ERR,ERR,ERR,ERR,ERR,ERR,ERR,ERR,ERR,ERR,ERR,60.0,60.0,35,0.0,0.0,0.0,0.0,0.0,0.0,0.0,0.0,0.0,0.0,0.0,0.0,0.0,0.0,0.0,0.0,64.8,0,142,68,54,65476,0,65476,1,4,4,20529,65476,0,0,2621,60.0,0.0,0.0,0.0,0.0,0.0
2026-07-09T15:37:54,ERR,ERR,ERR,ERR,ERR,ERR,ERR,ERR,ERR,ERR,ERR,ERR,ERR,ERR,ERR,ERR,ERR,ERR,ERR,ERR,ERR,ERR,ERR,ERR,ERR,ERR,ERR,ERR,ERR,ERR,ERR,ERR,ERR,ERR,ERR,ERR,ERR,ERR,ERR,ERR,ERR,ERR,ERR,ERR,ERR,ERR,ERR,ERR,ERR,ERR,ERR,ERR,ERR,ERR,ERR,ERR,ERR,ERR,ERR,ERR,ERR,ERR,ERR,ERR,ERR,ERR,ERR,ERR,ERR,ERR,ERR,ERR,ERR,ERR,ERR,ERR,ERR,ERR,ERR,ERR,ERR,ERR,ERR,ERR,ERR,ERR,ERR,ERR,ERR,ERR,ERR,ERR,ERR,ERR,ERR,ERR,ERR,ERR,ERR,ERR,ERR,ERR,ERR,ERR,ERR,ERR,ERR,ERR,ERR,ERR,ERR,ERR,ERR,ERR,ERR,ERR,ERR,ERR,ERR,ERR,ERR,ERR,ERR,ERR,ERR,0.0,-107616032.0,-0.0,-0.0,-0.001,-717.02,0.0,-2.7162539693021594e+17,0,0,4,17317,7116,0.0,100,0.0,0.0,-0.0,0.0,0.0,0,0,0,0,0.0,0,0,0,0,0,0,0,0,0,0,0,0,0,0,0,0,0,0,0,0,0,0,0,0,0,0,0,0,0,0,0,0,0,31,40,40,71,65476,0,300,0,0,8,21553,0.0,-107605600.0,0.0,0.0,0.0,0.0,0.0,0.0,0.0,0.0,0.0,0.0,0.0,0.0,0.0,0.0,0.0,0.0,0.0,0.0,0.0,0.0,-2.004,-3.697067386368898e+19,0.0,0.0,0.0,0.0,0.0,0.0,4994.0,-0.0,6933.0,0.0,2.7184455132508097e+23,2.004,2.004,0.0,0.0,0.0,0.0,69,126841135104.0,-0.0,0.0,0.0,0.0,0.0,0.0,0.0,0.0,0,0,0,0.0,0.0,0.0,0.0,0.0,0.0,0.0,0.0,0.0,0.0,0.0,0.0,0.0,0.0,0.0,0.0,0,-107875648.0,69,0.0,138,0.0,2.012,ERR,ERR,ERR,ERR,ERR,ERR,ERR,ERR,ERR,ERR,ERR,ERR,ERR,ERR,ERR,ERR,ERR,ERR,ERR,ERR,ERR,ERR,ERR,ERR,ERR,ERR,ERR,ERR,ERR,ERR,ERR,ERR,ERR,ERR,ERR,ERR,ERR,ERR,ERR,ERR,ERR,ERR,ERR,ERR,ERR,ERR,ERR,ERR,ERR,ERR,ERR,ERR,ERR,ERR,ERR,ERR,ERR,ERR,ERR,ERR,ERR,ERR,ERR,ERR,ERR,ERR,ERR,60.0,60.0,35,0.0,0.0,0.0,0.0,0.0,0.0,0.0,0.0,0.0,0.0,0.0,0.0,0.0,0.0,0.0,0.0,65.2,0,142,68,54,65476,0,65476,1,4,4,20529,65476,0,0,2621,60.0,0.0,0.0,0.0,0.0,0.0
2026-07-09T15:37:55,ERR,ERR,ERR,ERR,ERR,ERR,ERR,ERR,ERR,ERR,ERR,ERR,ERR,ERR,ERR,ERR,ERR,ERR,ERR,ERR,ERR,ERR,ERR,ERR,ERR,ERR,ERR,ERR,ERR,ERR,ERR,ERR,ERR,ERR,ERR,ERR,ERR,ERR,ERR,ERR,ERR,ERR,ERR,ERR,ERR,ERR,ERR,ERR,ERR,ERR,ERR,ERR,ERR,ERR,ERR,ERR,ERR,ERR,ERR,ERR,ERR,ERR,ERR,ERR,ERR,ERR,ERR,ERR,ERR,ERR,ERR,ERR,ERR,ERR,ERR,ERR,ERR,ERR,ERR,ERR,ERR,ERR,ERR,ERR,ERR,ERR,ERR,ERR,ERR,ERR,ERR,ERR,ERR,ERR,ERR,ERR,ERR,ERR,ERR,ERR,ERR,ERR,ERR,ERR,ERR,ERR,ERR,ERR,ERR,ERR,ERR,ERR,ERR,ERR,ERR,ERR,ERR,ERR,ERR,ERR,ERR,ERR,ERR,ERR,ERR,0.0,-107616032.0,-0.0,-0.0,-0.001,-717.02,0.0,-2.7162539693021594e+17,0,0,4,17317,7116,0.0,100,0.0,0.0,-0.0,0.0,0.0,0,0,0,0,0.0,0,0,0,0,0,0,0,0,0,0,0,0,0,0,0,0,0,0,0,0,0,0,0,0,0,0,0,0,0,0,0,0,0,31,40,40,71,65476,0,300,0,0,8,21553,0.0,-107605600.0,0.0,0.0,0.0,0.0,0.0,0.0,0.0,0.0,0.0,0.0,0.0,0.0,0.0,0.0,0.0,0.0,0.0,0.0,0.0,0.0,-2.004,-3.697067386368898e+19,0.0,0.0,0.0,0.0,0.0,0.0,4994.0,-0.0,6933.0,0.0,2.7184455132508097e+23,2.004,2.004,0.0,0.0,0.0,0.0,69,126841135104.0,-0.0,0.0,0.0,0.0,0.0,0.0,0.0,0.0,0,0,0,0.0,0.0,0.0,0.0,0.0,0.0,0.0,0.0,0.0,0.0,0.0,0.0,0.0,0.0,0.0,0.0,0,-107875648.0,69,0.0,138,0.0,2.012,ERR,ERR,ERR,ERR,ERR,ERR,ERR,ERR,ERR,ERR,ERR,ERR,ERR,ERR,ERR,ERR,ERR,ERR,ERR,ERR,ERR,ERR,ERR,ERR,ERR,ERR,ERR,ERR,ERR,ERR,ERR,ERR,ERR,ERR,ERR,ERR,ERR,ERR,ERR,ERR,ERR,ERR,ERR,ERR,ERR,ERR,ERR,ERR,ERR,ERR,ERR,ERR,ERR,ERR,ERR,ERR,ERR,ERR,ERR,ERR,ERR,ERR,ERR,ERR,ERR,ERR,ERR,60.0,60.0,35,0.0,0.0,0.0,0.0,0.0,0.0,0.0,0.0,0.0,0.0,0.0,0.0,0.0,0.0,0.0,0.0,64.8,0,142,68,54,65476,0,65476,1,4,4,20529,65476,0,0,2621,60.0,0.0,0.0,0.0,0.0,0.0
2026-07-09T15:37:56,ERR,ERR,ERR,ERR,ERR,ERR,ERR,ERR,ERR,ERR,ERR,ERR,ERR,ERR,ERR,ERR,ERR,ERR,ERR,ERR,ERR,ERR,ERR,ERR,ERR,ERR,ERR,ERR,ERR,ERR,ERR,ERR,ERR,ERR,ERR,ERR,ERR,ERR,ERR,ERR,ERR,ERR,ERR,ERR,ERR,ERR,ERR,ERR,ERR,ERR,ERR,ERR,ERR,ERR,ERR,ERR,ERR,ERR,ERR,ERR,ERR,ERR,ERR,ERR,ERR,ERR,ERR,ERR,ERR,ERR,ERR,ERR,ERR,ERR,ERR,ERR,ERR,ERR,ERR,ERR,ERR,ERR,ERR,ERR,ERR,ERR,ERR,ERR,ERR,ERR,ERR,ERR,ERR,ERR,ERR,ERR,ERR,ERR,ERR,ERR,ERR,ERR,ERR,ERR,ERR,ERR,ERR,ERR,ERR,ERR,ERR,ERR,ERR,ERR,ERR,ERR,ERR,ERR,ERR,ERR,ERR,ERR,ERR,ERR,ERR,0.0,-107616032.0,-0.0,-0.0,-0.001,-717.02,0.0,-2.7162539693021594e+17,0,0,4,17317,7116,0.0,100,0.0,0.0,-0.0,0.0,0.0,0,0,0,0,0.0,0,0,0,0,0,0,0,0,0,0,0,0,0,0,0,0,0,0,0,0,0,0,0,0,0,0,0,0,0,0,0,0,0,31,40,40,71,65476,0,300,0,0,8,21553,0.0,-107605600.0,0.0,0.0,0.0,0.0,0.0,0.0,0.0,0.0,0.0,0.0,0.0,0.0,0.0,0.0,0.0,0.0,0.0,0.0,0.0,0.0,-2.004,-3.697067386368898e+19,0.0,0.0,0.0,0.0,0.0,0.0,4994.0,-0.0,6933.0,0.0,2.7184455132508097e+23,2.004,2.004,0.0,0.0,0.0,0.0,69,126841135104.0,-0.0,0.0,0.0,0.0,0.0,0.0,0.0,0.0,0,0,0,0.0,0.0,0.0,0.0,0.0,0.0,0.0,0.0,0.0,0.0,0.0,0.0,0.0,0.0,0.0,0.0,0,-107875648.0,69,0.0,138,0.0,2.012,ERR,ERR,ERR,ERR,ERR,ERR,ERR,ERR,ERR,ERR,ERR,ERR,ERR,ERR,ERR,ERR,ERR,ERR,ERR,ERR,ERR,ERR,ERR,ERR,ERR,ERR,ERR,ERR,ERR,ERR,ERR,ERR,ERR,ERR,ERR,ERR,ERR,ERR,ERR,ERR,ERR,ERR,ERR,ERR,ERR,ERR,ERR,ERR,ERR,ERR,ERR,ERR,ERR,ERR,ERR,ERR,ERR,ERR,ERR,ERR,ERR,ERR,ERR,ERR,ERR,ERR,ERR,60.0,60.0,35,0.0,0.0,0.0,0.0,0.0,0.0,0.0,0.0,0.0,0.0,0.0,0.0,0.0,0.0,0.0,0.0,64.8,0,142,68,54,65476,0,65476,1,4,4,20529,65476,0,0,2621,60.0,0.0,0.0,0.0,0.0,0.0
2026-07-09T15:37:57,ERR,ERR,ERR,ERR,ERR,ERR,ERR,ERR,ERR,ERR,ERR,ERR,ERR,ERR,ERR,ERR,ERR,ERR,ERR,ERR,ERR,ERR,ERR,ERR,ERR,ERR,ERR,ERR,ERR,ERR,ERR,ERR,ERR,ERR,ERR,ERR,ERR,ERR,ERR,ERR,ERR,ERR,ERR,ERR,ERR,ERR,ERR,ERR,ERR,ERR,ERR,ERR,ERR,ERR,ERR,ERR,ERR,ERR,ERR,ERR,ERR,ERR,ERR,ERR,ERR,ERR,ERR,ERR,ERR,ERR,ERR,ERR,ERR,ERR,ERR,ERR,ERR,ERR,ERR,ERR,ERR,ERR,ERR,ERR,ERR,ERR,ERR,ERR,ERR,ERR,ERR,ERR,ERR,ERR,ERR,ERR,ERR,ERR,ERR,ERR,ERR,ERR,ERR,ERR,ERR,ERR,ERR,ERR,ERR,ERR,ERR,ERR,ERR,ERR,ERR,ERR,ERR,ERR,ERR,ERR,ERR,ERR,ERR,ERR,ERR,0.0,-107616032.0,-0.0,-0.0,-0.001,-717.02,0.0,-2.7162539693021594e+17,0,0,4,17317,7116,0.0,100,0.0,0.0,-0.0,0.0,0.0,0,0,0,0,0.0,0,0,0,0,0,0,0,0,0,0,0,0,0,0,0,0,0,0,0,0,0,0,0,0,0,0,0,0,0,0,0,0,0,31,40,40,71,65476,0,300,0,0,8,21553,0.0,-107605600.0,0.0,0.0,0.0,0.0,0.0,0.0,0.0,0.0,0.0,0.0,0.0,0.0,0.0,0.0,0.0,0.0,0.0,0.0,0.0,0.0,-2.004,-3.697067386368898e+19,0.0,0.0,0.0,0.0,0.0,0.0,4994.0,-0.0,6933.0,0.0,2.7184455132508097e+23,2.004,2.004,0.0,0.0,0.0,0.0,69,126841135104.0,-0.0,0.0,0.0,0.0,0.0,0.0,0.0,0.0,0,0,0,0.0,0.0,0.0,0.0,0.0,0.0,0.0,0.0,0.0,0.0,0.0,0.0,0.0,0.0,0.0,0.0,0,-107875648.0,69,0.0,138,0.0,2.012,ERR,ERR,ERR,ERR,ERR,ERR,ERR,ERR,ERR,ERR,ERR,ERR,ERR,ERR,ERR,ERR,ERR,ERR,ERR,ERR,ERR,ERR,ERR,ERR,ERR,ERR,ERR,ERR,ERR,ERR,ERR,ERR,ERR,ERR,ERR,ERR,ERR,ERR,ERR,ERR,ERR,ERR,ERR,ERR,ERR,ERR,ERR,ERR,ERR,ERR,ERR,ERR,ERR,ERR,ERR,ERR,ERR,ERR,ERR,ERR,ERR,ERR,ERR,ERR,ERR,ERR,ERR,60.0,60.0,35,0.0,0.0,0.0,0.0,0.0,0.0,0.0,0.0,0.0,0.0,0.0,0.0,0.0,0.0,0.0,0.0,64.8,0,142,68,54,65476,0,65476,1,4,4,20529,65476,0,0,2621,60.0,0.0,0.0,0.0,0.0,0.0
2026-07-09T15:37:58,ERR,ERR,ERR,ERR,ERR,ERR,ERR,ERR,ERR,ERR,ERR,ERR,ERR,ERR,ERR,ERR,ERR,ERR,ERR,ERR,ERR,ERR,ERR,ERR,ERR,ERR,ERR,ERR,ERR,ERR,ERR,ERR,ERR,ERR,ERR,ERR,ERR,ERR,ERR,ERR,ERR,ERR,ERR,ERR,ERR,ERR,ERR,ERR,ERR,ERR,ERR,ERR,ERR,ERR,ERR,ERR,ERR,ERR,ERR,ERR,ERR,ERR,ERR,ERR,ERR,ERR,ERR,ERR,ERR,ERR,ERR,ERR,ERR,ERR,ERR,ERR,ERR,ERR,ERR,ERR,ERR,ERR,ERR,ERR,ERR,ERR,ERR,ERR,ERR,ERR,ERR,ERR,ERR,ERR,ERR,ERR,ERR,ERR,ERR,ERR,ERR,ERR,ERR,ERR,ERR,ERR,ERR,ERR,ERR,ERR,ERR,ERR,ERR,ERR,ERR,ERR,ERR,ERR,ERR,ERR,ERR,ERR,ERR,ERR,ERR,0.0,-0.0,0.0,-0.0,-8.913546900489823e+20,-13517130.0,-8.482904972340815e+27,-1763719552.0,0,0,4,17310,7116,0.0,100,0.0,0.0,-0.0,0.0,0.0,0,0,0,0,0.0,0,0,0,0,0,0,0,0,0,0,0,0,0,0,0,0,0,0,0,0,0,0,0,0,0,0,0,0,0,0,0,0,0,31,40,40,71,65476,0,300,0,0,8,21553,0.0,-107605600.0,0.0,0.0,0.0,0.0,0.0,0.0,0.0,0.0,0.0,0.0,0.0,0.0,0.0,0.0,0.0,0.0,0.0,0.0,0.0,0.0,-2.004,0.0,0.0,0.0,0.0,0.0,0.0,0.0,5011.0,-0.0,6934.0,0.0,2.7184453331068246e+23,2.004,2.004,0.0,0.0,0.0,0.0,69,0.0,-0.0,0.0,0.0,0.0,0.0,0.0,0.0,0.0,0,0,0,0.0,0.0,0.0,0.0,0.0,0.0,0.0,0.0,0.0,0.0,0.0,0.0,0.0,0.0,0.0,0.0,0,-107875648.0,69,0.0,138,0.0,2.012,ERR,ERR,ERR,ERR,ERR,ERR,ERR,ERR,ERR,ERR,ERR,ERR,ERR,ERR,ERR,ERR,ERR,ERR,ERR,ERR,ERR,ERR,ERR,ERR,ERR,ERR,ERR,ERR,ERR,ERR,ERR,ERR,ERR,ERR,ERR,ERR,ERR,ERR,ERR,ERR,ERR,ERR,ERR,ERR,ERR,ERR,ERR,ERR,ERR,ERR,ERR,ERR,ERR,ERR,ERR,ERR,ERR,ERR,ERR,ERR,ERR,ERR,ERR,ERR,ERR,ERR,ERR,60.0,60.0,35,0.0,0.0,0.0,0.0,0.0,0.0,0.0,0.0,0.0,0.0,0.0,0.0,0.0,0.0,0.0,0.0,64.8,0,142,68,54,65476,0,65476,1,4,4,20529,65476,0,0,2621,60.0,0.0,0.0,0.0,0.0,0.0
2026-07-09T15:37:59,ERR,ERR,ERR,ERR,ERR,ERR,ERR,ERR,ERR,ERR,ERR,ERR,ERR,ERR,ERR,ERR,ERR,ERR,ERR,ERR,ERR,ERR,ERR,ERR,ERR,ERR,ERR,ERR,ERR,ERR,ERR,ERR,ERR,ERR,ERR,ERR,ERR,ERR,ERR,ERR,ERR,ERR,ERR,ERR,ERR,ERR,ERR,ERR,ERR,ERR,ERR,ERR,ERR,ERR,ERR,ERR,ERR,ERR,ERR,ERR,ERR,ERR,ERR,ERR,ERR,ERR,ERR,ERR,ERR,ERR,ERR,ERR,ERR,ERR,ERR,ERR,ERR,ERR,ERR,ERR,ERR,ERR,ERR,ERR,ERR,ERR,ERR,ERR,ERR,ERR,ERR,ERR,ERR,ERR,ERR,ERR,ERR,ERR,ERR,ERR,ERR,ERR,ERR,ERR,ERR,ERR,ERR,ERR,ERR,ERR,ERR,ERR,ERR,ERR,ERR,ERR,ERR,ERR,ERR,ERR,ERR,ERR,ERR,ERR,ERR,0.0,-0.0,0.0,-0.0,-8.913546900489823e+20,-13517130.0,-8.482904972340815e+27,-1763719552.0,0,0,4,17310,7116,0.0,100,0.0,0.0,-0.0,0.0,0.0,0,0,0,0,0.0,0,0,0,0,0,0,0,0,0,0,0,0,0,0,0,0,0,0,0,0,0,0,0,0,0,0,0,0,0,0,0,0,0,31,40,40,71,65476,0,300,0,0,8,21553,0.0,-107605600.0,0.0,0.0,0.0,0.0,0.0,0.0,0.0,0.0,0.0,0.0,0.0,0.0,0.0,0.0,0.0,0.0,0.0,0.0,0.0,0.0,-2.004,0.0,0.0,0.0,0.0,0.0,0.0,0.0,5011.0,-0.0,6934.0,0.0,2.7184453331068246e+23,2.004,2.004,0.0,0.0,0.0,0.0,69,0.0,-0.0,0.0,0.0,0.0,0.0,0.0,0.0,0.0,0,0,0,0.0,0.0,0.0,0.0,0.0,0.0,0.0,0.0,0.0,0.0,0.0,0.0,0.0,0.0,0.0,0.0,0,-107875648.0,69,0.0,138,0.0,2.012,ERR,ERR,ERR,ERR,ERR,ERR,ERR,ERR,ERR,ERR,ERR,ERR,ERR,ERR,ERR,ERR,ERR,ERR,ERR,ERR,ERR,ERR,ERR,ERR,ERR,ERR,ERR,ERR,ERR,ERR,ERR,ERR,ERR,ERR,ERR,ERR,ERR,ERR,ERR,ERR,ERR,ERR,ERR,ERR,ERR,ERR,ERR,ERR,ERR,ERR,ERR,ERR,ERR,ERR,ERR,ERR,ERR,ERR,ERR,ERR,ERR,ERR,ERR,ERR,ERR,ERR,ERR,60.0,60.0,35,0.0,0.0,0.0,0.0,0.0,0.0,0.0,0.0,0.0,0.0,0.0,0.0,0.0,0.0,0.0,0.0,64.8,0,142,68,54,65476,0,65476,1,4,4,20529,65476,0,0,2621,60.0,0.0,0.0,0.0,0.0,0.0
2026-07-09T15:38:00,ERR,ERR,ERR,ERR,ERR,ERR,ERR,ERR,ERR,ERR,ERR,ERR,ERR,ERR,ERR,ERR,ERR,ERR,ERR,ERR,ERR,ERR,ERR,ERR,ERR,ERR,ERR,ERR,ERR,ERR,ERR,ERR,ERR,ERR,ERR,ERR,ERR,ERR,ERR,ERR,ERR,ERR,ERR,ERR,ERR,ERR,ERR,ERR,ERR,ERR,ERR,ERR,ERR,ERR,ERR,ERR,ERR,ERR,ERR,ERR,ERR,ERR,ERR,ERR,ERR,ERR,ERR,ERR,ERR,ERR,ERR,ERR,ERR,ERR,ERR,ERR,ERR,ERR,ERR,ERR,ERR,ERR,ERR,ERR,ERR,ERR,ERR,ERR,ERR,ERR,ERR,ERR,ERR,ERR,ERR,ERR,ERR,ERR,ERR,ERR,ERR,ERR,ERR,ERR,ERR,ERR,ERR,ERR,ERR,ERR,ERR,ERR,ERR,ERR,ERR,ERR,ERR,ERR,ERR,ERR,ERR,ERR,ERR,ERR,ERR,0.0,-0.0,0.0,-0.0,-8.913546900489823e+20,-13517130.0,-8.482904972340815e+27,-1763719552.0,0,0,4,17310,7116,0.0,100,0.0,0.0,-0.0,0.0,0.0,0,0,0,0,0.0,0,0,0,0,0,0,0,0,0,0,0,0,0,0,0,0,0,0,0,0,0,0,0,0,0,0,0,0,0,0,0,0,0,31,40,40,71,65476,0,300,0,0,8,21553,0.0,-107605600.0,0.0,0.0,0.0,0.0,0.0,0.0,0.0,0.0,0.0,0.0,0.0,0.0,0.0,0.0,0.0,0.0,0.0,0.0,0.0,0.0,-2.004,0.0,0.0,0.0,0.0,0.0,0.0,0.0,5011.0,-0.0,6934.0,0.0,2.7184453331068246e+23,2.004,2.004,0.0,0.0,0.0,0.0,69,0.0,-0.0,0.0,0.0,0.0,0.0,0.0,0.0,0.0,0,0,0,0.0,0.0,0.0,0.0,0.0,0.0,0.0,0.0,0.0,0.0,0.0,0.0,0.0,0.0,0.0,0.0,0,-107875648.0,69,0.0,138,0.0,2.012,ERR,ERR,ERR,ERR,ERR,ERR,ERR,ERR,ERR,ERR,ERR,ERR,ERR,ERR,ERR,ERR,ERR,ERR,ERR,ERR,ERR,ERR,ERR,ERR,ERR,ERR,ERR,ERR,ERR,ERR,ERR,ERR,ERR,ERR,ERR,ERR,ERR,ERR,ERR,ERR,ERR,ERR,ERR,ERR,ERR,ERR,ERR,ERR,ERR,ERR,ERR,ERR,ERR,ERR,ERR,ERR,ERR,ERR,ERR,ERR,ERR,ERR,ERR,ERR,ERR,ERR,ERR,60.0,60.0,35,0.0,0.0,0.0,0.0,0.0,0.0,0.0,0.0,0.0,0.0,0.0,0.0,0.0,0.0,0.0,0.0,64.8,0,142,68,54,65476,0,65476,1,4,4,20529,65476,0,0,2621,60.0,0.0,0.0,0.0,0.0,0.0
2026-07-09T15:38:01,ERR,ERR,ERR,ERR,ERR,ERR,ERR,ERR,ERR,ERR,ERR,ERR,ERR,ERR,ERR,ERR,ERR,ERR,ERR,ERR,ERR,ERR,ERR,ERR,ERR,ERR,ERR,ERR,ERR,ERR,ERR,ERR,ERR,ERR,ERR,ERR,ERR,ERR,ERR,ERR,ERR,ERR,ERR,ERR,ERR,ERR,ERR,ERR,ERR,ERR,ERR,ERR,ERR,ERR,ERR,ERR,ERR,ERR,ERR,ERR,ERR,ERR,ERR,ERR,ERR,ERR,ERR,ERR,ERR,ERR,ERR,ERR,ERR,ERR,ERR,ERR,ERR,ERR,ERR,ERR,ERR,ERR,ERR,ERR,ERR,ERR,ERR,ERR,ERR,ERR,ERR,ERR,ERR,ERR,ERR,ERR,ERR,ERR,ERR,ERR,ERR,ERR,ERR,ERR,ERR,ERR,ERR,ERR,ERR,ERR,ERR,ERR,ERR,ERR,ERR,ERR,ERR,ERR,ERR,ERR,ERR,ERR,ERR,ERR,ERR,0.0,-0.0,0.0,-0.0,-8.913546900489823e+20,-13517130.0,-8.482904972340815e+27,-1763719552.0,0,0,4,17310,7116,0.0,100,0.0,0.0,-0.0,0.0,0.0,0,0,0,0,0.0,0,0,0,0,0,0,0,0,0,0,0,0,0,0,0,0,0,0,0,0,0,0,0,0,0,0,0,0,0,0,0,0,0,31,40,40,71,65476,0,300,0,0,8,21553,0.0,-107605600.0,0.0,0.0,0.0,0.0,0.0,0.0,0.0,0.0,0.0,0.0,0.0,0.0,0.0,0.0,0.0,0.0,0.0,0.0,0.0,0.0,-2.004,0.0,0.0,0.0,0.0,0.0,0.0,0.0,5011.0,-0.0,6934.0,0.0,2.7184453331068246e+23,2.004,2.004,0.0,0.0,0.0,0.0,69,0.0,-0.0,0.0,0.0,0.0,0.0,0.0,0.0,0.0,0,0,0,0.0,0.0,0.0,0.0,0.0,0.0,0.0,0.0,0.0,0.0,0.0,0.0,0.0,0.0,0.0,0.0,0,-107875648.0,69,0.0,138,0.0,2.012,ERR,ERR,ERR,ERR,ERR,ERR,ERR,ERR,ERR,ERR,ERR,ERR,ERR,ERR,ERR,ERR,ERR,ERR,ERR,ERR,ERR,ERR,ERR,ERR,ERR,ERR,ERR,ERR,ERR,ERR,ERR,ERR,ERR,ERR,ERR,ERR,ERR,ERR,ERR,ERR,ERR,ERR,ERR,ERR,ERR,ERR,ERR,ERR,ERR,ERR,ERR,ERR,ERR,ERR,ERR,ERR,ERR,ERR,ERR,ERR,ERR,ERR,ERR,ERR,ERR,ERR,ERR,60.0,60.0,35,0.0,0.0,0.0,0.0,0.0,0.0,0.0,0.0,0.0,0.0,0.0,0.0,0.0,0.0,0.0,0.0,64.8,0,142,68,54,65476,0,65476,1,4,4,20529,65476,0,0,2621,60.0,0.0,0.0,0.0,0.0,0.0
2026-07-09T15:38:02,ERR,ERR,ERR,ERR,ERR,ERR,ERR,ERR,ERR,ERR,ERR,ERR,ERR,ERR,ERR,ERR,ERR,ERR,ERR,ERR,ERR,ERR,ERR,ERR,ERR,ERR,ERR,ERR,ERR,ERR,ERR,ERR,ERR,ERR,ERR,ERR,ERR,ERR,ERR,ERR,ERR,ERR,ERR,ERR,ERR,ERR,ERR,ERR,ERR,ERR,ERR,ERR,ERR,ERR,ERR,ERR,ERR,ERR,ERR,ERR,ERR,ERR,ERR,ERR,ERR,ERR,ERR,ERR,ERR,ERR,ERR,ERR,ERR,ERR,ERR,ERR,ERR,ERR,ERR,ERR,ERR,ERR,ERR,ERR,ERR,ERR,ERR,ERR,ERR,ERR,ERR,ERR,ERR,ERR,ERR,ERR,ERR,ERR,ERR,ERR,ERR,ERR,ERR,ERR,ERR,ERR,ERR,ERR,ERR,ERR,ERR,ERR,ERR,ERR,ERR,ERR,ERR,ERR,ERR,ERR,ERR,ERR,ERR,ERR,ERR,0.0,-0.0,0.0,-0.0,-8.913546900489823e+20,-13517130.0,-8.482904972340815e+27,-1763719552.0,0,0,4,17310,7116,0.0,100,0.0,0.0,-0.0,0.0,0.0,0,0,0,0,0.0,0,0,0,0,0,0,0,0,0,0,0,0,0,0,0,0,0,0,0,0,0,0,0,0,0,0,0,0,0,0,0,0,0,31,40,40,71,65476,0,300,0,0,8,21553,0.0,-107605600.0,0.0,0.0,0.0,0.0,0.0,0.0,0.0,0.0,0.0,0.0,0.0,0.0,0.0,0.0,0.0,0.0,0.0,0.0,0.0,0.0,-2.004,0.0,0.0,0.0,0.0,0.0,0.0,0.0,5011.0,-0.0,6934.0,0.0,2.7184453331068246e+23,2.004,2.004,0.0,0.0,0.0,0.0,69,0.0,-0.0,0.0,0.0,0.0,0.0,0.0,0.0,0.0,0,0,0,0.0,0.0,0.0,0.0,0.0,0.0,0.0,0.0,0.0,0.0,0.0,0.0,0.0,0.0,0.0,0.0,0,-107875648.0,69,0.0,138,0.0,2.012,ERR,ERR,ERR,ERR,ERR,ERR,ERR,ERR,ERR,ERR,ERR,ERR,ERR,ERR,ERR,ERR,ERR,ERR,ERR,ERR,ERR,ERR,ERR,ERR,ERR,ERR,ERR,ERR,ERR,ERR,ERR,ERR,ERR,ERR,ERR,ERR,ERR,ERR,ERR,ERR,ERR,ERR,ERR,ERR,ERR,ERR,ERR,ERR,ERR,ERR,ERR,ERR,ERR,ERR,ERR,ERR,ERR,ERR,ERR,ERR,ERR,ERR,ERR,ERR,ERR,ERR,ERR,60.0,60.0,35,0.0,0.0,0.0,0.0,0.0,0.0,0.0,0.0,0.0,0.0,0.0,0.0,0.0,0.0,0.0,0.0,65.2,0,141,68,54,65476,0,65476,1,4,4,20529,65476,0,0,2621,60.0,0.0,0.0,0.0,0.0,0.0
2026-07-09T15:38:03,ERR,ERR,ERR,ERR,ERR,ERR,ERR,ERR,ERR,ERR,ERR,ERR,ERR,ERR,ERR,ERR,ERR,ERR,ERR,ERR,ERR,ERR,ERR,ERR,ERR,ERR,ERR,ERR,ERR,ERR,ERR,ERR,ERR,ERR,ERR,ERR,ERR,ERR,ERR,ERR,ERR,ERR,ERR,ERR,ERR,ERR,ERR,ERR,ERR,ERR,ERR,ERR,ERR,ERR,ERR,ERR,ERR,ERR,ERR,ERR,ERR,ERR,ERR,ERR,ERR,ERR,ERR,ERR,ERR,ERR,ERR,ERR,ERR,ERR,ERR,ERR,ERR,ERR,ERR,ERR,ERR,ERR,ERR,ERR,ERR,ERR,ERR,ERR,ERR,ERR,ERR,ERR,ERR,ERR,ERR,ERR,ERR,ERR,ERR,ERR,ERR,ERR,ERR,ERR,ERR,ERR,ERR,ERR,ERR,ERR,ERR,ERR,ERR,ERR,ERR,ERR,ERR,ERR,ERR,ERR,ERR,ERR,ERR,ERR,ERR,0.0,0.0,0.0,2.7183478752108883e+23,6.203322010120691e+26,-0.0,-3.676692666248069e+17,-0.0,0,0,4,17313,7116,0.0,100,0.0,0.0,2.7183478752108883e+23,0.0,0.0,0,0,0,0,0.0,0,0,0,0,0,0,0,0,0,0,0,0,0,0,0,0,0,0,0,0,0,0,0,0,0,0,0,0,0,0,0,0,0,31,40,40,71,65476,0,300,0,0,8,21553,0.0,-107605600.0,0.0,0.0,0.0,0.0,0.0,0.0,0.0,0.0,0.0,0.0,0.0,0.0,0.0,0.0,0.0,0.0,0.0,0.0,0.0,0.0,-2.004,-3.697066946564247e+19,0.0,0.0,0.0,0.0,0.0,0.0,4998.0,-8608182272.0,6938.0,0.0,0.0,2.004,2.004,0.0,0.0,0.0,0.0,69,-71.63,-0.0,0.0,0.0,0.0,0.0,0.0,0.0,0.0,0,0,0,0.0,0.0,0.0,0.0,0.0,0.0,0.0,0.0,0.0,0.0,0.0,0.0,0.0,0.0,0.0,0.0,0,-107875648.0,69,0.0,138,0.0,2.012,ERR,ERR,ERR,ERR,ERR,ERR,ERR,ERR,ERR,ERR,ERR,ERR,ERR,ERR,ERR,ERR,ERR,ERR,ERR,ERR,ERR,ERR,ERR,ERR,ERR,ERR,ERR,ERR,ERR,ERR,ERR,ERR,ERR,ERR,ERR,ERR,ERR,ERR,ERR,ERR,ERR,ERR,ERR,ERR,ERR,ERR,ERR,ERR,ERR,ERR,ERR,ERR,ERR,ERR,ERR,ERR,ERR,ERR,ERR,ERR,ERR,ERR,ERR,ERR,ERR,ERR,ERR,60.0,60.0,35,0.0,0.0,0.0,0.0,0.0,0.0,0.0,0.0,0.0,0.0,0.0,0.0,0.0,0.0,0.0,0.0,65.2,0,141,68,54,65476,0,65476,1,4,4,20529,65476,0,0,2621,60.0,0.0,0.0,0.0,0.0,0.0
2026-07-09T15:38:04,ERR,ERR,ERR,ERR,ERR,ERR,ERR,ERR,ERR,ERR,ERR,ERR,ERR,ERR,ERR,ERR,ERR,ERR,ERR,ERR,ERR,ERR,ERR,ERR,ERR,ERR,ERR,ERR,ERR,ERR,ERR,ERR,ERR,ERR,ERR,ERR,ERR,ERR,ERR,ERR,ERR,ERR,ERR,ERR,ERR,ERR,ERR,ERR,ERR,ERR,ERR,ERR,ERR,ERR,ERR,ERR,ERR,ERR,ERR,ERR,ERR,ERR,ERR,ERR,ERR,ERR,ERR,ERR,ERR,ERR,ERR,ERR,ERR,ERR,ERR,ERR,ERR,ERR,ERR,ERR,ERR,ERR,ERR,ERR,ERR,ERR,ERR,ERR,ERR,ERR,ERR,ERR,ERR,ERR,ERR,ERR,ERR,ERR,ERR,ERR,ERR,ERR,ERR,ERR,ERR,ERR,ERR,ERR,ERR,ERR,ERR,ERR,ERR,ERR,ERR,ERR,ERR,ERR,ERR,ERR,ERR,ERR,ERR,ERR,ERR,0.0,0.0,0.0,2.7183478752108883e+23,6.203322010120691e+26,-0.0,-3.676692666248069e+17,-0.0,0,0,4,17313,7116,0.0,100,0.0,0.0,2.7183478752108883e+23,0.0,0.0,0,0,0,0,0.0,0,0,0,0,0,0,0,0,0,0,0,0,0,0,0,0,0,0,0,0,0,0,0,0,0,0,0,0,0,0,0,0,0,31,40,40,71,65476,0,300,0,0,8,21553,0.0,-107605600.0,0.0,0.0,0.0,0.0,0.0,0.0,0.0,0.0,0.0,0.0,0.0,0.0,0.0,0.0,0.0,0.0,0.0,0.0,0.0,0.0,-2.004,-3.697066946564247e+19,0.0,0.0,0.0,0.0,0.0,0.0,4998.0,-8608182272.0,6938.0,0.0,0.0,2.004,2.004,0.0,0.0,0.0,0.0,69,-71.63,-0.0,0.0,0.0,0.0,0.0,0.0,0.0,0.0,0,0,0,0.0,0.0,0.0,0.0,0.0,0.0,0.0,0.0,0.0,0.0,0.0,0.0,0.0,0.0,0.0,0.0,0,-107875648.0,69,0.0,138,0.0,2.012,ERR,ERR,ERR,ERR,ERR,ERR,ERR,ERR,ERR,ERR,ERR,ERR,ERR,ERR,ERR,ERR,ERR,ERR,ERR,ERR,ERR,ERR,ERR,ERR,ERR,ERR,ERR,ERR,ERR,ERR,ERR,ERR,ERR,ERR,ERR,ERR,ERR,ERR,ERR,ERR,ERR,ERR,ERR,ERR,ERR,ERR,ERR,ERR,ERR,ERR,ERR,ERR,ERR,ERR,ERR,ERR,ERR,ERR,ERR,ERR,ERR,ERR,ERR,ERR,ERR,ERR,ERR,60.0,60.0,35,0.0,0.0,0.0,0.0,0.0,0.0,0.0,0.0,0.0,0.0,0.0,0.0,0.0,0.0,0.0,0.0,65.2,0,141,67,54,65476,0,65476,1,4,4,20529,65476,0,0,2621,60.0,0.0,0.0,0.0,0.0,0.0
2026-07-09T15:38:05,ERR,ERR,ERR,ERR,ERR,ERR,ERR,ERR,ERR,ERR,ERR,ERR,ERR,ERR,ERR,ERR,ERR,ERR,ERR,ERR,ERR,ERR,ERR,ERR,ERR,ERR,ERR,ERR,ERR,ERR,ERR,ERR,ERR,ERR,ERR,ERR,ERR,ERR,ERR,ERR,ERR,ERR,ERR,ERR,ERR,ERR,ERR,ERR,ERR,ERR,ERR,ERR,ERR,ERR,ERR,ERR,ERR,ERR,ERR,ERR,ERR,ERR,ERR,ERR,ERR,ERR,ERR,ERR,ERR,ERR,ERR,ERR,ERR,ERR,ERR,ERR,ERR,ERR,ERR,ERR,ERR,ERR,ERR,ERR,ERR,ERR,ERR,ERR,ERR,ERR,ERR,ERR,ERR,ERR,ERR,ERR,ERR,ERR,ERR,ERR,ERR,ERR,ERR,ERR,ERR,ERR,ERR,ERR,ERR,ERR,ERR,ERR,ERR,ERR,ERR,ERR,ERR,ERR,ERR,ERR,ERR,ERR,ERR,ERR,ERR,0.0,0.0,0.0,2.7183478752108883e+23,6.203322010120691e+26,-0.0,-3.676692666248069e+17,-0.0,0,0,4,17313,7116,0.0,100,0.0,0.0,2.7183478752108883e+23,0.0,0.0,0,0,0,0,0.0,0,0,0,0,0,0,0,0,0,0,0,0,0,0,0,0,0,0,0,0,0,0,0,0,0,0,0,0,0,0,0,0,0,31,40,40,71,65476,0,300,0,0,8,21553,0.0,-107605600.0,0.0,0.0,0.0,0.0,0.0,0.0,0.0,0.0,0.0,0.0,0.0,0.0,0.0,0.0,0.0,0.0,0.0,0.0,0.0,0.0,-2.004,-3.697066946564247e+19,0.0,0.0,0.0,0.0,0.0,0.0,4998.0,-8608182272.0,6938.0,0.0,0.0,2.004,2.004,0.0,0.0,0.0,0.0,69,-71.63,-0.0,0.0,0.0,0.0,0.0,0.0,0.0,0.0,0,0,0,0.0,0.0,0.0,0.0,0.0,0.0,0.0,0.0,0.0,0.0,0.0,0.0,0.0,0.0,0.0,0.0,0,-107875648.0,69,0.0,138,0.0,2.012,ERR,ERR,ERR,ERR,ERR,ERR,ERR,ERR,ERR,ERR,ERR,ERR,ERR,ERR,ERR,ERR,ERR,ERR,ERR,ERR,ERR,ERR,ERR,ERR,ERR,ERR,ERR,ERR,ERR,ERR,ERR,ERR,ERR,ERR,ERR,ERR,ERR,ERR,ERR,ERR,ERR,ERR,ERR,ERR,ERR,ERR,ERR,ERR,ERR,ERR,ERR,ERR,ERR,ERR,ERR,ERR,ERR,ERR,ERR,ERR,ERR,ERR,ERR,ERR,ERR,ERR,ERR,60.0,60.0,35,0.0,0.0,0.0,0.0,0.0,0.0,0.0,0.0,0.0,0.0,0.0,0.0,0.0,0.0,0.0,0.0,64.8,0,141,67,54,65476,0,65476,1,4,4,20529,65476,0,0,2621,60.0,0.0,0.0,0.0,0.0,0.0
2026-07-09T15:38:06,ERR,ERR,ERR,ERR,ERR,ERR,ERR,ERR,ERR,ERR,ERR,ERR,ERR,ERR,ERR,ERR,ERR,ERR,ERR,ERR,ERR,ERR,ERR,ERR,ERR,ERR,ERR,ERR,ERR,ERR,ERR,ERR,ERR,ERR,ERR,ERR,ERR,ERR,ERR,ERR,ERR,ERR,ERR,ERR,ERR,ERR,ERR,ERR,ERR,ERR,ERR,ERR,ERR,ERR,ERR,ERR,ERR,ERR,ERR,ERR,ERR,ERR,ERR,ERR,ERR,ERR,ERR,ERR,ERR,ERR,ERR,ERR,ERR,ERR,ERR,ERR,ERR,ERR,ERR,ERR,ERR,ERR,ERR,ERR,ERR,ERR,ERR,ERR,ERR,ERR,ERR,ERR,ERR,ERR,ERR,ERR,ERR,ERR,ERR,ERR,ERR,ERR,ERR,ERR,ERR,ERR,ERR,ERR,ERR,ERR,ERR,ERR,ERR,ERR,ERR,ERR,ERR,ERR,ERR,ERR,ERR,ERR,ERR,ERR,ERR,0.0,0.0,0.0,2.7183478752108883e+23,6.203322010120691e+26,-0.0,-3.676692666248069e+17,-0.0,0,0,4,17313,7116,0.0,100,0.0,0.0,2.7183478752108883e+23,0.0,0.0,0,0,0,0,0.0,0,0,0,0,0,0,0,0,0,0,0,0,0,0,0,0,0,0,0,0,0,0,0,0,0,0,0,0,0,0,0,0,0,31,40,40,71,65476,0,300,0,0,8,21553,0.0,-107605600.0,0.0,0.0,0.0,0.0,0.0,0.0,0.0,0.0,0.0,0.0,0.0,0.0,0.0,0.0,0.0,0.0,0.0,0.0,0.0,0.0,-2.004,-3.697066946564247e+19,0.0,0.0,0.0,0.0,0.0,0.0,4998.0,-8608182272.0,6938.0,0.0,0.0,2.004,2.004,0.0,0.0,0.0,0.0,69,-71.63,-0.0,0.0,0.0,0.0,0.0,0.0,0.0,0.0,0,0,0,0.0,0.0,0.0,0.0,0.0,0.0,0.0,0.0,0.0,0.0,0.0,0.0,0.0,0.0,0.0,0.0,0,-107875648.0,69,0.0,138,0.0,2.012,ERR,ERR,ERR,ERR,ERR,ERR,ERR,ERR,ERR,ERR,ERR,ERR,ERR,ERR,ERR,ERR,ERR,ERR,ERR,ERR,ERR,ERR,ERR,ERR,ERR,ERR,ERR,ERR,ERR,ERR,ERR,ERR,ERR,ERR,ERR,ERR,ERR,ERR,ERR,ERR,ERR,ERR,ERR,ERR,ERR,ERR,ERR,ERR,ERR,ERR,ERR,ERR,ERR,ERR,ERR,ERR,ERR,ERR,ERR,ERR,ERR,ERR,ERR,ERR,ERR,ERR,ERR,60.0,60.0,35,0.0,0.0,0.0,0.0,0.0,0.0,0.0,0.0,0.0,0.0,0.0,0.0,0.0,0.0,0.0,0.0,64.8,0,141,67,54,65476,0,65476,1,4,4,20529,65476,0,0,2621,60.0,0.0,0.0,0.0,0.0,0.0
2026-07-09T15:38:07,ERR,ERR,ERR,ERR,ERR,ERR,ERR,ERR,ERR,ERR,ERR,ERR,ERR,ERR,ERR,ERR,ERR,ERR,ERR,ERR,ERR,ERR,ERR,ERR,ERR,ERR,ERR,ERR,ERR,ERR,ERR,ERR,ERR,ERR,ERR,ERR,ERR,ERR,ERR,ERR,ERR,ERR,ERR,ERR,ERR,ERR,ERR,ERR,ERR,ERR,ERR,ERR,ERR,ERR,ERR,ERR,ERR,ERR,ERR,ERR,ERR,ERR,ERR,ERR,ERR,ERR,ERR,ERR,ERR,ERR,ERR,ERR,ERR,ERR,ERR,ERR,ERR,ERR,ERR,ERR,ERR,ERR,ERR,ERR,ERR,ERR,ERR,ERR,ERR,ERR,ERR,ERR,ERR,ERR,ERR,ERR,ERR,ERR,ERR,ERR,ERR,ERR,ERR,ERR,ERR,ERR,ERR,ERR,ERR,ERR,ERR,ERR,ERR,ERR,ERR,ERR,ERR,ERR,ERR,ERR,ERR,ERR,ERR,ERR,ERR,0.0,0.0,0.0,2.7183478752108883e+23,6.203322010120691e+26,-0.0,-3.676692666248069e+17,-0.0,0,0,4,17313,7116,0.0,100,0.0,0.0,2.7183478752108883e+23,0.0,0.0,0,0,0,0,0.0,0,0,0,0,0,0,0,0,0,0,0,0,0,0,0,0,0,0,0,0,0,0,0,0,0,0,0,0,0,0,0,0,0,31,40,40,71,65476,0,300,0,0,8,21553,0.0,-107605600.0,0.0,0.0,0.0,0.0,0.0,0.0,0.0,0.0,0.0,0.0,0.0,0.0,0.0,0.0,0.0,0.0,0.0,0.0,0.0,0.0,-2.004,-3.697066946564247e+19,0.0,0.0,0.0,0.0,0.0,0.0,4998.0,-8608182272.0,6938.0,0.0,0.0,2.004,2.004,0.0,0.0,0.0,0.0,69,-71.63,-0.0,0.0,0.0,0.0,0.0,0.0,0.0,0.0,0,0,0,0.0,0.0,0.0,0.0,0.0,0.0,0.0,0.0,0.0,0.0,0.0,0.0,0.0,0.0,0.0,0.0,0,-107875648.0,69,0.0,138,0.0,2.012,ERR,ERR,ERR,ERR,ERR,ERR,ERR,ERR,ERR,ERR,ERR,ERR,ERR,ERR,ERR,ERR,ERR,ERR,ERR,ERR,ERR,ERR,ERR,ERR,ERR,ERR,ERR,ERR,ERR,ERR,ERR,ERR,ERR,ERR,ERR,ERR,ERR,ERR,ERR,ERR,ERR,ERR,ERR,ERR,ERR,ERR,ERR,ERR,ERR,ERR,ERR,ERR,ERR,ERR,ERR,ERR,ERR,ERR,ERR,ERR,ERR,ERR,ERR,ERR,ERR,ERR,ERR,60.0,60.0,35,0.0,0.0,0.0,0.0,0.0,0.0,0.0,0.0,0.0,0.0,0.0,0.0,0.0,0.0,0.0,0.0,65.2,0,141,67,54,65476,0,65476,1,4,4,20529,65476,0,0,2621,60.0,0.0,0.0,0.0,0.0,0.0
2026-07-09T15:38:08,ERR,ERR,ERR,ERR,ERR,ERR,ERR,ERR,ERR,ERR,ERR,ERR,ERR,ERR,ERR,ERR,ERR,ERR,ERR,ERR,ERR,ERR,ERR,ERR,ERR,ERR,ERR,ERR,ERR,ERR,ERR,ERR,ERR,ERR,ERR,ERR,ERR,ERR,ERR,ERR,ERR,ERR,ERR,ERR,ERR,ERR,ERR,ERR,ERR,ERR,ERR,ERR,ERR,ERR,ERR,ERR,ERR,ERR,ERR,ERR,ERR,ERR,ERR,ERR,ERR,ERR,ERR,ERR,ERR,ERR,ERR,ERR,ERR,ERR,ERR,ERR,ERR,ERR,ERR,ERR,ERR,ERR,ERR,ERR,ERR,ERR,ERR,ERR,ERR,ERR,ERR,ERR,ERR,ERR,ERR,ERR,ERR,ERR,ERR,ERR,ERR,ERR,ERR,ERR,ERR,ERR,ERR,ERR,ERR,ERR,ERR,ERR,ERR,ERR,ERR,ERR,ERR,ERR,ERR,ERR,ERR,ERR,ERR,ERR,ERR,0.0,0.0,2.7184188519410157e+23,0.0,0.0,2375203422208.0,-0.0,-0.0,0,0,4,17316,7116,0.0,100,0.0,0.0,0.0,0.0,0.0,0,0,0,0,0.0,0,0,0,0,0,0,0,0,0,0,0,0,0,0,0,0,0,0,0,0,0,0,0,0,0,0,0,0,0,0,0,0,0,31,40,40,71,65476,0,300,0,0,8,21553,0.0,-107605600.0,0.0,0.0,0.0,0.0,0.0,0.0,0.0,0.0,0.0,0.0,0.0,0.0,0.0,0.0,0.0,0.0,0.0,0.0,0.0,0.0,-2.004,0.0,0.0,0.0,0.0,0.0,0.0,0.0,5048.0,2.004,6920.0,-0.0,0.0,2.004,2.004,0.0,0.0,0.0,0.0,69,2.7184303811560617e+23,89220.57,0.0,0.0,0.0,0.0,0.0,0.0,0.0,0,0,0,0.0,0.0,0.0,0.0,0.0,0.0,0.0,0.0,0.0,0.0,0.0,0.0,0.0,0.0,0.0,0.0,0,-107875648.0,69,0.0,138,0.0,2.012,ERR,ERR,ERR,ERR,ERR,ERR,ERR,ERR,ERR,ERR,ERR,ERR,ERR,ERR,ERR,ERR,ERR,ERR,ERR,ERR,ERR,ERR,ERR,ERR,ERR,ERR,ERR,ERR,ERR,ERR,ERR,ERR,ERR,ERR,ERR,ERR,ERR,ERR,ERR,ERR,ERR,ERR,ERR,ERR,ERR,ERR,ERR,ERR,ERR,ERR,ERR,ERR,ERR,ERR,ERR,ERR,ERR,ERR,ERR,ERR,ERR,ERR,ERR,ERR,ERR,ERR,ERR,60.0,60.0,35,0.0,0.0,0.0,0.0,0.0,0.0,0.0,0.0,0.0,0.0,0.0,0.0,0.0,0.0,0.0,0.0,64.8,0,141,67,54,65476,0,65476,1,4,4,20529,65476,0,0,2621,60.0,0.0,0.0,0.0,0.0,0.0
2026-07-09T15:38:09,ERR,ERR,ERR,ERR,ERR,ERR,ERR,ERR,ERR,ERR,ERR,ERR,ERR,ERR,ERR,ERR,ERR,ERR,ERR,ERR,ERR,ERR,ERR,ERR,ERR,ERR,ERR,ERR,ERR,ERR,ERR,ERR,ERR,ERR,ERR,ERR,ERR,ERR,ERR,ERR,ERR,ERR,ERR,ERR,ERR,ERR,ERR,ERR,ERR,ERR,ERR,ERR,ERR,ERR,ERR,ERR,ERR,ERR,ERR,ERR,ERR,ERR,ERR,ERR,ERR,ERR,ERR,ERR,ERR,ERR,ERR,ERR,ERR,ERR,ERR,ERR,ERR,ERR,ERR,ERR,ERR,ERR,ERR,ERR,ERR,ERR,ERR,ERR,ERR,ERR,ERR,ERR,ERR,ERR,ERR,ERR,ERR,ERR,ERR,ERR,ERR,ERR,ERR,ERR,ERR,ERR,ERR,ERR,ERR,ERR,ERR,ERR,ERR,ERR,ERR,ERR,ERR,ERR,ERR,ERR,ERR,ERR,ERR,ERR,ERR,0.0,0.0,2.7184188519410157e+23,0.0,0.0,2375203422208.0,-0.0,-0.0,0,0,4,17316,7116,0.0,100,0.0,0.0,0.0,0.0,0.0,0,0,0,0,0.0,0,0,0,0,0,0,0,0,0,0,0,0,0,0,0,0,0,0,0,0,0,0,0,0,0,0,0,0,0,0,0,0,0,31,40,40,71,65476,0,300,0,0,8,21553,0.0,-107605600.0,0.0,0.0,0.0,0.0,0.0,0.0,0.0,0.0,0.0,0.0,0.0,0.0,0.0,0.0,0.0,0.0,0.0,0.0,0.0,0.0,-2.004,0.0,0.0,0.0,0.0,0.0,0.0,0.0,5048.0,2.004,6920.0,-0.0,0.0,2.004,2.004,0.0,0.0,0.0,0.0,69,2.7184303811560617e+23,89220.57,0.0,0.0,0.0,0.0,0.0,0.0,0.0,0,0,0,0.0,0.0,0.0,0.0,0.0,0.0,0.0,0.0,0.0,0.0,0.0,0.0,0.0,0.0,0.0,0.0,0,-107875648.0,69,0.0,138,0.0,2.012,ERR,ERR,ERR,ERR,ERR,ERR,ERR,ERR,ERR,ERR,ERR,ERR,ERR,ERR,ERR,ERR,ERR,ERR,ERR,ERR,ERR,ERR,ERR,ERR,ERR,ERR,ERR,ERR,ERR,ERR,ERR,ERR,ERR,ERR,ERR,ERR,ERR,ERR,ERR,ERR,ERR,ERR,ERR,ERR,ERR,ERR,ERR,ERR,ERR,ERR,ERR,ERR,ERR,ERR,ERR,ERR,ERR,ERR,ERR,ERR,ERR,ERR,ERR,ERR,ERR,ERR,ERR,60.0,60.0,35,0.0,0.0,0.0,0.0,0.0,0.0,0.0,0.0,0.0,0.0,0.0,0.0,0.0,0.0,0.0,0.0,64.8,0,141,67,54,65476,0,65476,1,4,4,20529,65476,0,0,2621,60.0,0.0,0.0,0.0,0.0,0.0
2026-07-09T15:38:10,ERR,ERR,ERR,ERR,ERR,ERR,ERR,ERR,ERR,ERR,ERR,ERR,ERR,ERR,ERR,ERR,ERR,ERR,ERR,ERR,ERR,ERR,ERR,ERR,ERR,ERR,ERR,ERR,ERR,ERR,ERR,ERR,ERR,ERR,ERR,ERR,ERR,ERR,ERR,ERR,ERR,ERR,ERR,ERR,ERR,ERR,ERR,ERR,ERR,ERR,ERR,ERR,ERR,ERR,ERR,ERR,ERR,ERR,ERR,ERR,ERR,ERR,ERR,ERR,ERR,ERR,ERR,ERR,ERR,ERR,ERR,ERR,ERR,ERR,ERR,ERR,ERR,ERR,ERR,ERR,ERR,ERR,ERR,ERR,ERR,ERR,ERR,ERR,ERR,ERR,ERR,ERR,ERR,ERR,ERR,ERR,ERR,ERR,ERR,ERR,ERR,ERR,ERR,ERR,ERR,ERR,ERR,ERR,ERR,ERR,ERR,ERR,ERR,ERR,ERR,ERR,ERR,ERR,ERR,ERR,ERR,ERR,ERR,ERR,ERR,0.0,0.0,2.7184188519410157e+23,0.0,0.0,2375203422208.0,-0.0,-0.0,0,0,4,17316,7116,0.0,100,0.0,0.0,0.0,0.0,0.0,0,0,0,0,0.0,0,0,0,0,0,0,0,0,0,0,0,0,0,0,0,0,0,0,0,0,0,0,0,0,0,0,0,0,0,0,0,0,0,31,40,40,71,65476,0,300,0,0,8,21553,0.0,-107605600.0,0.0,0.0,0.0,0.0,0.0,0.0,0.0,0.0,0.0,0.0,0.0,0.0,0.0,0.0,0.0,0.0,0.0,0.0,0.0,0.0,-2.004,0.0,0.0,0.0,0.0,0.0,0.0,0.0,5048.0,2.004,6920.0,-0.0,0.0,2.004,2.004,0.0,0.0,0.0,0.0,69,2.7184303811560617e+23,89220.57,0.0,0.0,0.0,0.0,0.0,0.0,0.0,0,0,0,0.0,0.0,0.0,0.0,0.0,0.0,0.0,0.0,0.0,0.0,0.0,0.0,0.0,0.0,0.0,0.0,0,-107875648.0,69,0.0,138,0.0,2.012,ERR,ERR,ERR,ERR,ERR,ERR,ERR,ERR,ERR,ERR,ERR,ERR,ERR,ERR,ERR,ERR,ERR,ERR,ERR,ERR,ERR,ERR,ERR,ERR,ERR,ERR,ERR,ERR,ERR,ERR,ERR,ERR,ERR,ERR,ERR,ERR,ERR,ERR,ERR,ERR,ERR,ERR,ERR,ERR,ERR,ERR,ERR,ERR,ERR,ERR,ERR,ERR,ERR,ERR,ERR,ERR,ERR,ERR,ERR,ERR,ERR,ERR,ERR,ERR,ERR,ERR,ERR,60.0,60.0,35,0.0,0.0,0.0,0.0,0.0,0.0,0.0,0.0,0.0,0.0,0.0,0.0,0.0,0.0,0.0,0.0,64.8,0,141,67,54,65476,0,65476,1,4,4,20529,65476,0,0,2621,60.0,0.0,0.0,0.0,0.0,0.0
2026-07-09T15:38:11,ERR,ERR,ERR,ERR,ERR,ERR,ERR,ERR,ERR,ERR,ERR,ERR,ERR,ERR,ERR,ERR,ERR,ERR,ERR,ERR,ERR,ERR,ERR,ERR,ERR,ERR,ERR,ERR,ERR,ERR,ERR,ERR,ERR,ERR,ERR,ERR,ERR,ERR,ERR,ERR,ERR,ERR,ERR,ERR,ERR,ERR,ERR,ERR,ERR,ERR,ERR,ERR,ERR,ERR,ERR,ERR,ERR,ERR,ERR,ERR,ERR,ERR,ERR,ERR,ERR,ERR,ERR,ERR,ERR,ERR,ERR,ERR,ERR,ERR,ERR,ERR,ERR,ERR,ERR,ERR,ERR,ERR,ERR,ERR,ERR,ERR,ERR,ERR,ERR,ERR,ERR,ERR,ERR,ERR,ERR,ERR,ERR,ERR,ERR,ERR,ERR,ERR,ERR,ERR,ERR,ERR,ERR,ERR,ERR,ERR,ERR,ERR,ERR,ERR,ERR,ERR,ERR,ERR,ERR,ERR,ERR,ERR,ERR,ERR,ERR,0.0,0.0,2.7184188519410157e+23,0.0,0.0,2375203422208.0,-0.0,-0.0,0,0,4,17316,7116,0.0,100,0.0,0.0,0.0,0.0,0.0,0,0,0,0,0.0,0,0,0,0,0,0,0,0,0,0,0,0,0,0,0,0,0,0,0,0,0,0,0,0,0,0,0,0,0,0,0,0,0,31,40,40,71,65476,0,300,0,0,8,21553,0.0,-107605600.0,0.0,0.0,0.0,0.0,0.0,0.0,0.0,0.0,0.0,0.0,0.0,0.0,0.0,0.0,0.0,0.0,0.0,0.0,0.0,0.0,-2.004,0.0,0.0,0.0,0.0,0.0,0.0,0.0,5048.0,2.004,6920.0,-0.0,0.0,2.004,2.004,0.0,0.0,0.0,0.0,69,2.7184303811560617e+23,89220.57,0.0,0.0,0.0,0.0,0.0,0.0,0.0,0,0,0,0.0,0.0,0.0,0.0,0.0,0.0,0.0,0.0,0.0,0.0,0.0,0.0,0.0,0.0,0.0,0.0,0,-107875648.0,69,0.0,138,0.0,2.012,ERR,ERR,ERR,ERR,ERR,ERR,ERR,ERR,ERR,ERR,ERR,ERR,ERR,ERR,ERR,ERR,ERR,ERR,ERR,ERR,ERR,ERR,ERR,ERR,ERR,ERR,ERR,ERR,ERR,ERR,ERR,ERR,ERR,ERR,ERR,ERR,ERR,ERR,ERR,ERR,ERR,ERR,ERR,ERR,ERR,ERR,ERR,ERR,ERR,ERR,ERR,ERR,ERR,ERR,ERR,ERR,ERR,ERR,ERR,ERR,ERR,ERR,ERR,ERR,ERR,ERR,ERR,60.0,60.0,35,0.0,0.0,0.0,0.0,0.0,0.0,0.0,0.0,0.0,0.0,0.0,0.0,0.0,0.0,0.0,0.0,64.8,0,141,67,54,65476,0,65476,1,4,4,20529,65476,0,0,2621,60.0,0.0,0.0,0.0,0.0,0.0
2026-07-09T15:38:12,ERR,ERR,ERR,ERR,ERR,ERR,ERR,ERR,ERR,ERR,ERR,ERR,ERR,ERR,ERR,ERR,ERR,ERR,ERR,ERR,ERR,ERR,ERR,ERR,ERR,ERR,ERR,ERR,ERR,ERR,ERR,ERR,ERR,ERR,ERR,ERR,ERR,ERR,ERR,ERR,ERR,ERR,ERR,ERR,ERR,ERR,ERR,ERR,ERR,ERR,ERR,ERR,ERR,ERR,ERR,ERR,ERR,ERR,ERR,ERR,ERR,ERR,ERR,ERR,ERR,ERR,ERR,ERR,ERR,ERR,ERR,ERR,ERR,ERR,ERR,ERR,ERR,ERR,ERR,ERR,ERR,ERR,ERR,ERR,ERR,ERR,ERR,ERR,ERR,ERR,ERR,ERR,ERR,ERR,ERR,ERR,ERR,ERR,ERR,ERR,ERR,ERR,ERR,ERR,ERR,ERR,ERR,ERR,ERR,ERR,ERR,ERR,ERR,ERR,ERR,ERR,ERR,ERR,ERR,ERR,ERR,ERR,ERR,ERR,ERR,0.0,0.0,2.7184188519410157e+23,0.0,0.0,2375203422208.0,-0.0,-0.0,0,0,4,17316,7116,0.0,100,0.0,0.0,0.0,0.0,0.0,0,0,0,0,0.0,0,0,0,0,0,0,0,0,0,0,0,0,0,0,0,0,0,0,0,0,0,0,0,0,0,0,0,0,0,0,0,0,0,31,40,40,71,65476,0,300,0,0,8,21553,0.0,-107605600.0,0.0,0.0,0.0,0.0,0.0,0.0,0.0,0.0,0.0,0.0,0.0,0.0,0.0,0.0,0.0,0.0,0.0,0.0,0.0,0.0,-2.004,0.0,0.0,0.0,0.0,0.0,0.0,0.0,5048.0,2.004,6920.0,-0.0,0.0,2.004,2.004,0.0,0.0,0.0,0.0,69,2.7184303811560617e+23,89220.57,0.0,0.0,0.0,0.0,0.0,0.0,0.0,0,0,0,0.0,0.0,0.0,0.0,0.0,0.0,0.0,0.0,0.0,0.0,0.0,0.0,0.0,0.0,0.0,0.0,0,-107875648.0,69,0.0,138,0.0,2.012,ERR,ERR,ERR,ERR,ERR,ERR,ERR,ERR,ERR,ERR,ERR,ERR,ERR,ERR,ERR,ERR,ERR,ERR,ERR,ERR,ERR,ERR,ERR,ERR,ERR,ERR,ERR,ERR,ERR,ERR,ERR,ERR,ERR,ERR,ERR,ERR,ERR,ERR,ERR,ERR,ERR,ERR,ERR,ERR,ERR,ERR,ERR,ERR,ERR,ERR,ERR,ERR,ERR,ERR,ERR,ERR,ERR,ERR,ERR,ERR,ERR,ERR,ERR,ERR,ERR,ERR,ERR,60.0,60.0,35,0.0,0.0,0.0,0.0,0.0,0.0,0.0,0.0,0.0,0.0,0.0,0.0,0.0,0.0,0.0,0.0,64.8,0,140,67,54,65476,0,65476,1,4,4,20529,65476,0,0,2621,60.0,0.0,0.0,0.0,0.0,0.0
2026-07-09T15:38:13,ERR,ERR,ERR,ERR,ERR,ERR,ERR,ERR,ERR,ERR,ERR,ERR,ERR,ERR,ERR,ERR,ERR,ERR,ERR,ERR,ERR,ERR,ERR,ERR,ERR,ERR,ERR,ERR,ERR,ERR,ERR,ERR,ERR,ERR,ERR,ERR,ERR,ERR,ERR,ERR,ERR,ERR,ERR,ERR,ERR,ERR,ERR,ERR,ERR,ERR,ERR,ERR,ERR,ERR,ERR,ERR,ERR,ERR,ERR,ERR,ERR,ERR,ERR,ERR,ERR,ERR,ERR,ERR,ERR,ERR,ERR,ERR,ERR,ERR,ERR,ERR,ERR,ERR,ERR,ERR,ERR,ERR,ERR,ERR,ERR,ERR,ERR,ERR,ERR,ERR,ERR,ERR,ERR,ERR,ERR,ERR,ERR,ERR,ERR,ERR,ERR,ERR,ERR,ERR,ERR,ERR,ERR,ERR,ERR,ERR,ERR,ERR,ERR,ERR,ERR,ERR,ERR,ERR,ERR,ERR,ERR,ERR,ERR,ERR,ERR,-0.0,0.0,-107090560.0,-0.0,-0.0,0.0,1.6332674955403305e+36,1.1599586570804572e+30,0,0,4,17314,7116,0.0,100,0.0,0.0,-0.0,0.0,0.0,0,0,0,0,0.0,0,0,0,0,0,0,0,0,0,0,0,0,0,0,0,0,0,0,0,0,0,0,0,0,0,0,0,0,0,0,0,0,0,31,40,40,71,65476,0,300,0,0,8,21553,0.0,-107605600.0,0.0,0.0,0.0,0.0,0.0,0.0,0.0,0.0,0.0,0.0,0.0,0.0,0.0,0.0,0.0,0.0,0.0,0.0,0.0,0.0,-0.0,0.0,0.0,0.0,0.0,0.0,0.0,0.0,5038.0,-0.0,6932.0,-0.0,2.7184453331068246e+23,2.004,2.004,0.0,0.0,0.0,0.0,69,71.63,-71.629,0.0,0.0,0.0,0.0,0.0,0.0,0.0,0,0,0,0.0,0.0,0.0,0.0,0.0,0.0,0.0,0.0,0.0,0.0,0.0,0.0,0.0,0.0,0.0,0.0,0,-107875648.0,69,0.0,138,0.0,2.012,ERR,ERR,ERR,ERR,ERR,ERR,ERR,ERR,ERR,ERR,ERR,ERR,ERR,ERR,ERR,ERR,ERR,ERR,ERR,ERR,ERR,ERR,ERR,ERR,ERR,ERR,ERR,ERR,ERR,ERR,ERR,ERR,ERR,ERR,ERR,ERR,ERR,ERR,ERR,ERR,ERR,ERR,ERR,ERR,ERR,ERR,ERR,ERR,ERR,ERR,ERR,ERR,ERR,ERR,ERR,ERR,ERR,ERR,ERR,ERR,ERR,ERR,ERR,ERR,ERR,ERR,ERR,60.0,60.0,35,0.0,0.0,0.0,0.0,0.0,0.0,0.0,0.0,0.0,0.0,0.0,0.0,0.0,0.0,0.0,0.0,64.8,0,140,67,54,65476,0,65476,1,4,4,20529,65476,0,0,2621,60.0,0.0,0.0,0.0,0.0,0.0
2026-07-09T15:38:14,ERR,ERR,ERR,ERR,ERR,ERR,ERR,ERR,ERR,ERR,ERR,ERR,ERR,ERR,ERR,ERR,ERR,ERR,ERR,ERR,ERR,ERR,ERR,ERR,ERR,ERR,ERR,ERR,ERR,ERR,ERR,ERR,ERR,ERR,ERR,ERR,ERR,ERR,ERR,ERR,ERR,ERR,ERR,ERR,ERR,ERR,ERR,ERR,ERR,ERR,ERR,ERR,ERR,ERR,ERR,ERR,ERR,ERR,ERR,ERR,ERR,ERR,ERR,ERR,ERR,ERR,ERR,ERR,ERR,ERR,ERR,ERR,ERR,ERR,ERR,ERR,ERR,ERR,ERR,ERR,ERR,ERR,ERR,ERR,ERR,ERR,ERR,ERR,ERR,ERR,ERR,ERR,ERR,ERR,ERR,ERR,ERR,ERR,ERR,ERR,ERR,ERR,ERR,ERR,ERR,ERR,ERR,ERR,ERR,ERR,ERR,ERR,ERR,ERR,ERR,ERR,ERR,ERR,ERR,ERR,ERR,ERR,ERR,ERR,ERR,-0.0,0.0,-107090560.0,-0.0,-0.0,0.0,1.6332674955403305e+36,1.1599586570804572e+30,0,0,4,17314,7116,0.0,100,0.0,0.0,-0.0,0.0,0.0,0,0,0,0,0.0,0,0,0,0,0,0,0,0,0,0,0,0,0,0,0,0,0,0,0,0,0,0,0,0,0,0,0,0,0,0,0,0,0,31,40,40,71,65476,0,300,0,0,8,21553,0.0,-107605600.0,0.0,0.0,0.0,0.0,0.0,0.0,0.0,0.0,0.0,0.0,0.0,0.0,0.0,0.0,0.0,0.0,0.0,0.0,0.0,0.0,-0.0,0.0,0.0,0.0,0.0,0.0,0.0,0.0,5038.0,-0.0,6932.0,-0.0,2.7184453331068246e+23,2.004,2.004,0.0,0.0,0.0,0.0,69,71.63,-71.629,0.0,0.0,0.0,0.0,0.0,0.0,0.0,0,0,0,0.0,0.0,0.0,0.0,0.0,0.0,0.0,0.0,0.0,0.0,0.0,0.0,0.0,0.0,0.0,0.0,0,-107875648.0,69,0.0,138,0.0,2.012,ERR,ERR,ERR,ERR,ERR,ERR,ERR,ERR,ERR,ERR,ERR,ERR,ERR,ERR,ERR,ERR,ERR,ERR,ERR,ERR,ERR,ERR,ERR,ERR,ERR,ERR,ERR,ERR,ERR,ERR,ERR,ERR,ERR,ERR,ERR,ERR,ERR,ERR,ERR,ERR,ERR,ERR,ERR,ERR,ERR,ERR,ERR,ERR,ERR,ERR,ERR,ERR,ERR,ERR,ERR,ERR,ERR,ERR,ERR,ERR,ERR,ERR,ERR,ERR,ERR,ERR,ERR,60.0,60.0,35,0.0,0.0,0.0,0.0,0.0,0.0,0.0,0.0,0.0,0.0,0.0,0.0,0.0,0.0,0.0,0.0,64.8,0,140,67,54,65476,0,65476,1,4,4,20529,65476,0,0,2621,60.0,0.0,0.0,0.0,0.0,0.0
2026-07-09T15:38:15,ERR,ERR,ERR,ERR,ERR,ERR,ERR,ERR,ERR,ERR,ERR,ERR,ERR,ERR,ERR,ERR,ERR,ERR,ERR,ERR,ERR,ERR,ERR,ERR,ERR,ERR,ERR,ERR,ERR,ERR,ERR,ERR,ERR,ERR,ERR,ERR,ERR,ERR,ERR,ERR,ERR,ERR,ERR,ERR,ERR,ERR,ERR,ERR,ERR,ERR,ERR,ERR,ERR,ERR,ERR,ERR,ERR,ERR,ERR,ERR,ERR,ERR,ERR,ERR,ERR,ERR,ERR,ERR,ERR,ERR,ERR,ERR,ERR,ERR,ERR,ERR,ERR,ERR,ERR,ERR,ERR,ERR,ERR,ERR,ERR,ERR,ERR,ERR,ERR,ERR,ERR,ERR,ERR,ERR,ERR,ERR,ERR,ERR,ERR,ERR,ERR,ERR,ERR,ERR,ERR,ERR,ERR,ERR,ERR,ERR,ERR,ERR,ERR,ERR,ERR,ERR,ERR,ERR,ERR,ERR,ERR,ERR,ERR,ERR,ERR,-0.0,0.0,-107090560.0,-0.0,-0.0,0.0,1.6332674955403305e+36,1.1599586570804572e+30,0,0,4,17314,7116,0.0,100,0.0,0.0,-0.0,0.0,0.0,0,0,0,0,0.0,0,0,0,0,0,0,0,0,0,0,0,0,0,0,0,0,0,0,0,0,0,0,0,0,0,0,0,0,0,0,0,0,0,31,40,40,71,65476,0,300,0,0,8,21553,0.0,-107605600.0,0.0,0.0,0.0,0.0,0.0,0.0,0.0,0.0,0.0,0.0,0.0,0.0,0.0,0.0,0.0,0.0,0.0,0.0,0.0,0.0,-0.0,0.0,0.0,0.0,0.0,0.0,0.0,0.0,5038.0,-0.0,6932.0,-0.0,2.7184453331068246e+23,2.004,2.004,0.0,0.0,0.0,0.0,69,71.63,-71.629,0.0,0.0,0.0,0.0,0.0,0.0,0.0,0,0,0,0.0,0.0,0.0,0.0,0.0,0.0,0.0,0.0,0.0,0.0,0.0,0.0,0.0,0.0,0.0,0.0,0,-107875648.0,69,0.0,138,0.0,2.012,ERR,ERR,ERR,ERR,ERR,ERR,ERR,ERR,ERR,ERR,ERR,ERR,ERR,ERR,ERR,ERR,ERR,ERR,ERR,ERR,ERR,ERR,ERR,ERR,ERR,ERR,ERR,ERR,ERR,ERR,ERR,ERR,ERR,ERR,ERR,ERR,ERR,ERR,ERR,ERR,ERR,ERR,ERR,ERR,ERR,ERR,ERR,ERR,ERR,ERR,ERR,ERR,ERR,ERR,ERR,ERR,ERR,ERR,ERR,ERR,ERR,ERR,ERR,ERR,ERR,ERR,ERR,60.0,60.0,35,0.0,0.0,0.0,0.0,0.0,0.0,0.0,0.0,0.0,0.0,0.0,0.0,0.0,0.0,0.0,0.0,64.8,0,140,67,53,65476,0,65476,1,4,4,20529,65476,0,0,2621,60.0,0.0,0.0,0.0,0.0,0.0
2026-07-09T15:38:16,ERR,ERR,ERR,ERR,ERR,ERR,ERR,ERR,ERR,ERR,ERR,ERR,ERR,ERR,ERR,ERR,ERR,ERR,ERR,ERR,ERR,ERR,ERR,ERR,ERR,ERR,ERR,ERR,ERR,ERR,ERR,ERR,ERR,ERR,ERR,ERR,ERR,ERR,ERR,ERR,ERR,ERR,ERR,ERR,ERR,ERR,ERR,ERR,ERR,ERR,ERR,ERR,ERR,ERR,ERR,ERR,ERR,ERR,ERR,ERR,ERR,ERR,ERR,ERR,ERR,ERR,ERR,ERR,ERR,ERR,ERR,ERR,ERR,ERR,ERR,ERR,ERR,ERR,ERR,ERR,ERR,ERR,ERR,ERR,ERR,ERR,ERR,ERR,ERR,ERR,ERR,ERR,ERR,ERR,ERR,ERR,ERR,ERR,ERR,ERR,ERR,ERR,ERR,ERR,ERR,ERR,ERR,ERR,ERR,ERR,ERR,ERR,ERR,ERR,ERR,ERR,ERR,ERR,ERR,ERR,ERR,ERR,ERR,ERR,ERR,-0.0,0.0,-107090560.0,-0.0,-0.0,0.0,1.6332674955403305e+36,1.1599586570804572e+30,0,0,4,17314,7116,0.0,100,0.0,0.0,-0.0,0.0,0.0,0,0,0,0,0.0,0,0,0,0,0,0,0,0,0,0,0,0,0,0,0,0,0,0,0,0,0,0,0,0,0,0,0,0,0,0,0,0,0,31,40,40,71,65476,0,300,0,0,8,21553,0.0,-107605600.0,0.0,0.0,0.0,0.0,0.0,0.0,0.0,0.0,0.0,0.0,0.0,0.0,0.0,0.0,0.0,0.0,0.0,0.0,0.0,0.0,-0.0,0.0,0.0,0.0,0.0,0.0,0.0,0.0,5038.0,-0.0,6932.0,-0.0,2.7184453331068246e+23,2.004,2.004,0.0,0.0,0.0,0.0,69,71.63,-71.629,0.0,0.0,0.0,0.0,0.0,0.0,0.0,0,0,0,0.0,0.0,0.0,0.0,0.0,0.0,0.0,0.0,0.0,0.0,0.0,0.0,0.0,0.0,0.0,0.0,0,-107875648.0,69,0.0,138,0.0,2.012,ERR,ERR,ERR,ERR,ERR,ERR,ERR,ERR,ERR,ERR,ERR,ERR,ERR,ERR,ERR,ERR,ERR,ERR,ERR,ERR,ERR,ERR,ERR,ERR,ERR,ERR,ERR,ERR,ERR,ERR,ERR,ERR,ERR,ERR,ERR,ERR,ERR,ERR,ERR,ERR,ERR,ERR,ERR,ERR,ERR,ERR,ERR,ERR,ERR,ERR,ERR,ERR,ERR,ERR,ERR,ERR,ERR,ERR,ERR,ERR,ERR,ERR,ERR,ERR,ERR,ERR,ERR,60.0,60.0,35,0.0,0.0,0.0,0.0,0.0,0.0,0.0,0.0,0.0,0.0,0.0,0.0,0.0,0.0,0.0,0.0,64.8,0,140,67,53,65476,0,65476,1,4,4,20529,65476,0,0,2621,60.0,0.0,0.0,0.0,0.0,0.0
2026-07-09T15:38:17,ERR,ERR,ERR,ERR,ERR,ERR,ERR,ERR,ERR,ERR,ERR,ERR,ERR,ERR,ERR,ERR,ERR,ERR,ERR,ERR,ERR,ERR,ERR,ERR,ERR,ERR,ERR,ERR,ERR,ERR,ERR,ERR,ERR,ERR,ERR,ERR,ERR,ERR,ERR,ERR,ERR,ERR,ERR,ERR,ERR,ERR,ERR,ERR,ERR,ERR,ERR,ERR,ERR,ERR,ERR,ERR,ERR,ERR,ERR,ERR,ERR,ERR,ERR,ERR,ERR,ERR,ERR,ERR,ERR,ERR,ERR,ERR,ERR,ERR,ERR,ERR,ERR,ERR,ERR,ERR,ERR,ERR,ERR,ERR,ERR,ERR,ERR,ERR,ERR,ERR,ERR,ERR,ERR,ERR,ERR,ERR,ERR,ERR,ERR,ERR,ERR,ERR,ERR,ERR,ERR,ERR,ERR,ERR,ERR,ERR,ERR,ERR,ERR,ERR,ERR,ERR,ERR,ERR,ERR,ERR,ERR,ERR,ERR,ERR,ERR,-0.0,2.7184453331068246e+23,0.0,2.7183478752108883e+23,4368526475264.0,-0.0,273212608.0,-0.001,0,0,4,17314,7116,0.0,100,0.0,0.0,2.7183478752108883e+23,0.0,0.0,0,0,0,0,0.0,0,0,0,0,0,0,0,0,0,0,0,0,0,0,0,0,0,0,0,0,0,0,0,0,0,0,0,0,0,0,0,0,0,31,40,40,71,65476,0,300,0,0,8,21553,0.0,-107605600.0,0.0,0.0,0.0,0.0,0.0,0.0,0.0,0.0,0.0,0.0,0.0,0.0,0.0,0.0,0.0,0.0,0.0,0.0,0.0,0.0,-0.0,0.0,0.0,0.0,0.0,0.0,0.0,0.0,5053.0,-1.040665504650976e+34,6943.0,-0.0,0.0,2.004,2.004,0.0,0.0,0.0,0.0,69,-4.0668804810561766e+29,0.0,0.0,0.0,0.0,0.0,0.0,0.0,0.0,0,0,0,0.0,0.0,0.0,0.0,0.0,0.0,0.0,0.0,0.0,0.0,0.0,0.0,0.0,0.0,0.0,0.0,0,-107875648.0,69,0.0,138,0.0,2.012,ERR,ERR,ERR,ERR,ERR,ERR,ERR,ERR,ERR,ERR,ERR,ERR,ERR,ERR,ERR,ERR,ERR,ERR,ERR,ERR,ERR,ERR,ERR,ERR,ERR,ERR,ERR,ERR,ERR,ERR,ERR,ERR,ERR,ERR,ERR,ERR,ERR,ERR,ERR,ERR,ERR,ERR,ERR,ERR,ERR,ERR,ERR,ERR,ERR,ERR,ERR,ERR,ERR,ERR,ERR,ERR,ERR,ERR,ERR,ERR,ERR,ERR,ERR,ERR,ERR,ERR,ERR,60.0,60.0,35,0.0,0.0,0.0,0.0,0.0,0.0,0.0,0.0,0.0,0.0,0.0,0.0,0.0,0.0,0.0,0.0,64.8,0,140,67,53,65476,0,65476,1,4,4,20529,65476,0,0,2621,60.0,0.0,0.0,0.0,0.0,0.0
2026-07-09T15:38:18,ERR,ERR,ERR,ERR,ERR,ERR,ERR,ERR,ERR,ERR,ERR,ERR,ERR,ERR,ERR,ERR,ERR,ERR,ERR,ERR,ERR,ERR,ERR,ERR,ERR,ERR,ERR,ERR,ERR,ERR,ERR,ERR,ERR,ERR,ERR,ERR,ERR,ERR,ERR,ERR,ERR,ERR,ERR,ERR,ERR,ERR,ERR,ERR,ERR,ERR,ERR,ERR,ERR,ERR,ERR,ERR,ERR,ERR,ERR,ERR,ERR,ERR,ERR,ERR,ERR,ERR,ERR,ERR,ERR,ERR,ERR,ERR,ERR,ERR,ERR,ERR,ERR,ERR,ERR,ERR,ERR,ERR,ERR,ERR,ERR,ERR,ERR,ERR,ERR,ERR,ERR,ERR,ERR,ERR,ERR,ERR,ERR,ERR,ERR,ERR,ERR,ERR,ERR,ERR,ERR,ERR,ERR,ERR,ERR,ERR,ERR,ERR,ERR,ERR,ERR,ERR,ERR,ERR,ERR,ERR,ERR,ERR,ERR,ERR,ERR,-0.0,2.7184453331068246e+23,0.0,2.7183478752108883e+23,4368526475264.0,-0.0,273212608.0,-0.001,0,0,4,17314,7116,0.0,100,0.0,0.0,2.7183478752108883e+23,0.0,0.0,0,0,0,0,0.0,0,0,0,0,0,0,0,0,0,0,0,0,0,0,0,0,0,0,0,0,0,0,0,0,0,0,0,0,0,0,0,0,0,31,40,40,71,65476,0,300,0,0,8,21553,0.0,-107605600.0,0.0,0.0,0.0,0.0,0.0,0.0,0.0,0.0,0.0,0.0,0.0,0.0,0.0,0.0,0.0,0.0,0.0,0.0,0.0,0.0,-0.0,0.0,0.0,0.0,0.0,0.0,0.0,0.0,5053.0,-1.040665504650976e+34,6943.0,-0.0,0.0,2.004,2.004,0.0,0.0,0.0,0.0,69,-4.0668804810561766e+29,0.0,0.0,0.0,0.0,0.0,0.0,0.0,0.0,0,0,0,0.0,0.0,0.0,0.0,0.0,0.0,0.0,0.0,0.0,0.0,0.0,0.0,0.0,0.0,0.0,0.0,0,-107875648.0,69,0.0,138,0.0,2.012,ERR,ERR,ERR,ERR,ERR,ERR,ERR,ERR,ERR,ERR,ERR,ERR,ERR,ERR,ERR,ERR,ERR,ERR,ERR,ERR,ERR,ERR,ERR,ERR,ERR,ERR,ERR,ERR,ERR,ERR,ERR,ERR,ERR,ERR,ERR,ERR,ERR,ERR,ERR,ERR,ERR,ERR,ERR,ERR,ERR,ERR,ERR,ERR,ERR,ERR,ERR,ERR,ERR,ERR,ERR,ERR,ERR,ERR,ERR,ERR,ERR,ERR,ERR,ERR,ERR,ERR,ERR,60.0,60.0,35,0.0,0.0,0.0,0.0,0.0,0.0,0.0,0.0,0.0,0.0,0.0,0.0,0.0,0.0,0.0,0.0,65.2,0,140,67,53,65476,0,65476,1,4,4,20529,65476,0,0,2621,60.0,0.0,0.0,0.0,0.0,0.0
2026-07-09T15:38:19,ERR,ERR,ERR,ERR,ERR,ERR,ERR,ERR,ERR,ERR,ERR,ERR,ERR,ERR,ERR,ERR,ERR,ERR,ERR,ERR,ERR,ERR,ERR,ERR,ERR,ERR,ERR,ERR,ERR,ERR,ERR,ERR,ERR,ERR,ERR,ERR,ERR,ERR,ERR,ERR,ERR,ERR,ERR,ERR,ERR,ERR,ERR,ERR,ERR,ERR,ERR,ERR,ERR,ERR,ERR,ERR,ERR,ERR,ERR,ERR,ERR,ERR,ERR,ERR,ERR,ERR,ERR,ERR,ERR,ERR,ERR,ERR,ERR,ERR,ERR,ERR,ERR,ERR,ERR,ERR,ERR,ERR,ERR,ERR,ERR,ERR,ERR,ERR,ERR,ERR,ERR,ERR,ERR,ERR,ERR,ERR,ERR,ERR,ERR,ERR,ERR,ERR,ERR,ERR,ERR,ERR,ERR,ERR,ERR,ERR,ERR,ERR,ERR,ERR,ERR,ERR,ERR,ERR,ERR,ERR,ERR,ERR,ERR,ERR,ERR,-0.0,2.7184453331068246e+23,0.0,2.7183478752108883e+23,4368526475264.0,-0.0,273212608.0,-0.001,0,0,4,17314,7116,0.0,100,0.0,0.0,2.7183478752108883e+23,0.0,0.0,0,0,0,0,0.0,0,0,0,0,0,0,0,0,0,0,0,0,0,0,0,0,0,0,0,0,0,0,0,0,0,0,0,0,0,0,0,0,0,31,40,40,71,65476,0,300,0,0,8,21553,0.0,-107605600.0,0.0,0.0,0.0,0.0,0.0,0.0,0.0,0.0,0.0,0.0,0.0,0.0,0.0,0.0,0.0,0.0,0.0,0.0,0.0,0.0,-0.0,0.0,0.0,0.0,0.0,0.0,0.0,0.0,5053.0,-1.040665504650976e+34,6943.0,-0.0,0.0,2.004,2.004,0.0,0.0,0.0,0.0,69,-4.0668804810561766e+29,0.0,0.0,0.0,0.0,0.0,0.0,0.0,0.0,0,0,0,0.0,0.0,0.0,0.0,0.0,0.0,0.0,0.0,0.0,0.0,0.0,0.0,0.0,0.0,0.0,0.0,0,-107875648.0,69,0.0,138,0.0,2.012,ERR,ERR,ERR,ERR,ERR,ERR,ERR,ERR,ERR,ERR,ERR,ERR,ERR,ERR,ERR,ERR,ERR,ERR,ERR,ERR,ERR,ERR,ERR,ERR,ERR,ERR,ERR,ERR,ERR,ERR,ERR,ERR,ERR,ERR,ERR,ERR,ERR,ERR,ERR,ERR,ERR,ERR,ERR,ERR,ERR,ERR,ERR,ERR,ERR,ERR,ERR,ERR,ERR,ERR,ERR,ERR,ERR,ERR,ERR,ERR,ERR,ERR,ERR,ERR,ERR,ERR,ERR,60.0,60.0,35,0.0,0.0,0.0,0.0,0.0,0.0,0.0,0.0,0.0,0.0,0.0,0.0,0.0,0.0,0.0,0.0,65.2,0,140,67,53,65476,0,65476,1,4,4,20529,65476,0,0,2621,60.0,0.0,0.0,0.0,0.0,0.0
2026-07-09T15:38:20,ERR,ERR,ERR,ERR,ERR,ERR,ERR,ERR,ERR,ERR,ERR,ERR,ERR,ERR,ERR,ERR,ERR,ERR,ERR,ERR,ERR,ERR,ERR,ERR,ERR,ERR,ERR,ERR,ERR,ERR,ERR,ERR,ERR,ERR,ERR,ERR,ERR,ERR,ERR,ERR,ERR,ERR,ERR,ERR,ERR,ERR,ERR,ERR,ERR,ERR,ERR,ERR,ERR,ERR,ERR,ERR,ERR,ERR,ERR,ERR,ERR,ERR,ERR,ERR,ERR,ERR,ERR,ERR,ERR,ERR,ERR,ERR,ERR,ERR,ERR,ERR,ERR,ERR,ERR,ERR,ERR,ERR,ERR,ERR,ERR,ERR,ERR,ERR,ERR,ERR,ERR,ERR,ERR,ERR,ERR,ERR,ERR,ERR,ERR,ERR,ERR,ERR,ERR,ERR,ERR,ERR,ERR,ERR,ERR,ERR,ERR,ERR,ERR,ERR,ERR,ERR,ERR,ERR,ERR,ERR,ERR,ERR,ERR,ERR,ERR,-0.0,2.7184453331068246e+23,0.0,2.7183478752108883e+23,4368526475264.0,-0.0,273212608.0,-0.001,0,0,4,17314,7116,0.0,100,0.0,0.0,2.7183478752108883e+23,0.0,0.0,0,0,0,0,0.0,0,0,0,0,0,0,0,0,0,0,0,0,0,0,0,0,0,0,0,0,0,0,0,0,0,0,0,0,0,0,0,0,0,31,40,40,71,65476,0,300,0,0,8,21553,0.0,-107605600.0,0.0,0.0,0.0,0.0,0.0,0.0,0.0,0.0,0.0,0.0,0.0,0.0,0.0,0.0,0.0,0.0,0.0,0.0,0.0,0.0,-0.0,0.0,0.0,0.0,0.0,0.0,0.0,0.0,5053.0,-1.040665504650976e+34,6943.0,-0.0,0.0,2.004,2.004,0.0,0.0,0.0,0.0,69,-4.0668804810561766e+29,0.0,0.0,0.0,0.0,0.0,0.0,0.0,0.0,0,0,0,0.0,0.0,0.0,0.0,0.0,0.0,0.0,0.0,0.0,0.0,0.0,0.0,0.0,0.0,0.0,0.0,0,-107875648.0,69,0.0,138,0.0,2.012,ERR,ERR,ERR,ERR,ERR,ERR,ERR,ERR,ERR,ERR,ERR,ERR,ERR,ERR,ERR,ERR,ERR,ERR,ERR,ERR,ERR,ERR,ERR,ERR,ERR,ERR,ERR,ERR,ERR,ERR,ERR,ERR,ERR,ERR,ERR,ERR,ERR,ERR,ERR,ERR,ERR,ERR,ERR,ERR,ERR,ERR,ERR,ERR,ERR,ERR,ERR,ERR,ERR,ERR,ERR,ERR,ERR,ERR,ERR,ERR,ERR,ERR,ERR,ERR,ERR,ERR,ERR,60.0,60.0,35,0.0,0.0,0.0,0.0,0.0,0.0,0.0,0.0,0.0,0.0,0.0,0.0,0.0,0.0,0.0,0.0,65.2,0,140,67,53,65476,0,65476,1,4,4,20529,65476,0,0,2621,60.0,0.0,0.0,0.0,0.0,0.0
2026-07-09T15:38:21,ERR,ERR,ERR,ERR,ERR,ERR,ERR,ERR,ERR,ERR,ERR,ERR,ERR,ERR,ERR,ERR,ERR,ERR,ERR,ERR,ERR,ERR,ERR,ERR,ERR,ERR,ERR,ERR,ERR,ERR,ERR,ERR,ERR,ERR,ERR,ERR,ERR,ERR,ERR,ERR,ERR,ERR,ERR,ERR,ERR,ERR,ERR,ERR,ERR,ERR,ERR,ERR,ERR,ERR,ERR,ERR,ERR,ERR,ERR,ERR,ERR,ERR,ERR,ERR,ERR,ERR,ERR,ERR,ERR,ERR,ERR,ERR,ERR,ERR,ERR,ERR,ERR,ERR,ERR,ERR,ERR,ERR,ERR,ERR,ERR,ERR,ERR,ERR,ERR,ERR,ERR,ERR,ERR,ERR,ERR,ERR,ERR,ERR,ERR,ERR,ERR,ERR,ERR,ERR,ERR,ERR,ERR,ERR,ERR,ERR,ERR,ERR,ERR,ERR,ERR,ERR,ERR,ERR,ERR,ERR,ERR,ERR,ERR,ERR,ERR,-0.0,2.7184453331068246e+23,0.0,2.7183478752108883e+23,4368526475264.0,-0.0,273212608.0,-0.001,0,0,4,17314,7116,0.0,100,0.0,0.0,2.7183478752108883e+23,0.0,0.0,0,0,0,0,0.0,0,0,0,0,0,0,0,0,0,0,0,0,0,0,0,0,0,0,0,0,0,0,0,0,0,0,0,0,0,0,0,0,0,31,40,40,71,65476,0,300,0,0,8,21553,0.0,-107605600.0,0.0,0.0,0.0,0.0,0.0,0.0,0.0,0.0,0.0,0.0,0.0,0.0,0.0,0.0,0.0,0.0,0.0,0.0,0.0,0.0,-0.0,0.0,0.0,0.0,0.0,0.0,0.0,0.0,5053.0,-1.040665504650976e+34,6943.0,-0.0,0.0,2.004,2.004,0.0,0.0,0.0,0.0,69,-4.0668804810561766e+29,0.0,0.0,0.0,0.0,0.0,0.0,0.0,0.0,0,0,0,0.0,0.0,0.0,0.0,0.0,0.0,0.0,0.0,0.0,0.0,0.0,0.0,0.0,0.0,0.0,0.0,0,-107875648.0,69,0.0,138,0.0,2.012,ERR,ERR,ERR,ERR,ERR,ERR,ERR,ERR,ERR,ERR,ERR,ERR,ERR,ERR,ERR,ERR,ERR,ERR,ERR,ERR,ERR,ERR,ERR,ERR,ERR,ERR,ERR,ERR,ERR,ERR,ERR,ERR,ERR,ERR,ERR,ERR,ERR,ERR,ERR,ERR,ERR,ERR,ERR,ERR,ERR,ERR,ERR,ERR,ERR,ERR,ERR,ERR,ERR,ERR,ERR,ERR,ERR,ERR,ERR,ERR,ERR,ERR,ERR,ERR,ERR,ERR,ERR,60.0,60.0,35,0.0,0.0,0.0,0.0,0.0,0.0,0.0,0.0,0.0,0.0,0.0,0.0,0.0,0.0,0.0,0.0,64.8,0,139,67,53,65476,0,65476,1,4,4,20529,65476,0,0,2621,60.0,0.0,0.0,0.0,0.0,0.0
2026-07-09T15:38:22,ERR,ERR,ERR,ERR,ERR,ERR,ERR,ERR,ERR,ERR,ERR,ERR,ERR,ERR,ERR,ERR,ERR,ERR,ERR,ERR,ERR,ERR,ERR,ERR,ERR,ERR,ERR,ERR,ERR,ERR,ERR,ERR,ERR,ERR,ERR,ERR,ERR,ERR,ERR,ERR,ERR,ERR,ERR,ERR,ERR,ERR,ERR,ERR,ERR,ERR,ERR,ERR,ERR,ERR,ERR,ERR,ERR,ERR,ERR,ERR,ERR,ERR,ERR,ERR,ERR,ERR,ERR,ERR,ERR,ERR,ERR,ERR,ERR,ERR,ERR,ERR,ERR,ERR,ERR,ERR,ERR,ERR,ERR,ERR,ERR,ERR,ERR,ERR,ERR,ERR,ERR,ERR,ERR,ERR,ERR,ERR,ERR,ERR,ERR,ERR,ERR,ERR,ERR,ERR,ERR,ERR,ERR,ERR,ERR,ERR,ERR,ERR,ERR,ERR,ERR,ERR,ERR,ERR,ERR,ERR,ERR,ERR,ERR,ERR,ERR,0.0,0.0,-107614848.0,2.7183478752108883e+23,0.0,1.3532825087169032e+23,901.112,-627719.25,0,0,4,17313,7116,0.0,100,0.0,0.0,2.7183478752108883e+23,0.0,0.0,0,0,0,0,0.0,0,0,0,0,0,0,0,0,0,0,0,0,0,0,0,0,0,0,0,0,0,0,0,0,0,0,0,0,0,0,0,0,0,31,40,40,71,65476,0,300,0,0,8,21553,0.0,-107605600.0,0.0,0.0,0.0,0.0,0.0,0.0,0.0,0.0,0.0,0.0,0.0,0.0,0.0,0.0,0.0,0.0,0.0,0.0,0.0,0.0,2.004,-3.697066946564247e+19,0.0,0.0,0.0,0.0,0.0,0.0,5073.0,1.04066562844498e+34,6927.0,0.0,0.0,2.004,2.004,0.0,0.0,0.0,0.0,69,-0.0,-152017313988608.0,0.0,0.0,0.0,0.0,0.0,0.0,0.0,0,0,0,0.0,0.0,0.0,0.0,0.0,0.0,0.0,0.0,0.0,0.0,0.0,0.0,0.0,0.0,0.0,0.0,0,-107875648.0,69,0.0,138,0.0,2.012,ERR,ERR,ERR,ERR,ERR,ERR,ERR,ERR,ERR,ERR,ERR,ERR,ERR,ERR,ERR,ERR,ERR,ERR,ERR,ERR,ERR,ERR,ERR,ERR,ERR,ERR,ERR,ERR,ERR,ERR,ERR,ERR,ERR,ERR,ERR,ERR,ERR,ERR,ERR,ERR,ERR,ERR,ERR,ERR,ERR,ERR,ERR,ERR,ERR,ERR,ERR,ERR,ERR,ERR,ERR,ERR,ERR,ERR,ERR,ERR,ERR,ERR,ERR,ERR,ERR,ERR,ERR,60.0,60.0,35,0.0,0.0,0.0,0.0,0.0,0.0,0.0,0.0,0.0,0.0,0.0,0.0,0.0,0.0,0.0,0.0,64.8,0,139,67,53,65476,0,65476,1,4,4,20529,65476,0,0,2621,60.0,0.0,0.0,0.0,0.0,0.0
2026-07-09T15:38:23,ERR,ERR,ERR,ERR,ERR,ERR,ERR,ERR,ERR,ERR,ERR,ERR,ERR,ERR,ERR,ERR,ERR,ERR,ERR,ERR,ERR,ERR,ERR,ERR,ERR,ERR,ERR,ERR,ERR,ERR,ERR,ERR,ERR,ERR,ERR,ERR,ERR,ERR,ERR,ERR,ERR,ERR,ERR,ERR,ERR,ERR,ERR,ERR,ERR,ERR,ERR,ERR,ERR,ERR,ERR,ERR,ERR,ERR,ERR,ERR,ERR,ERR,ERR,ERR,ERR,ERR,ERR,ERR,ERR,ERR,ERR,ERR,ERR,ERR,ERR,ERR,ERR,ERR,ERR,ERR,ERR,ERR,ERR,ERR,ERR,ERR,ERR,ERR,ERR,ERR,ERR,ERR,ERR,ERR,ERR,ERR,ERR,ERR,ERR,ERR,ERR,ERR,ERR,ERR,ERR,ERR,ERR,ERR,ERR,ERR,ERR,ERR,ERR,ERR,ERR,ERR,ERR,ERR,ERR,ERR,ERR,ERR,ERR,ERR,ERR,0.0,0.0,-107614848.0,2.7183478752108883e+23,0.0,1.3532825087169032e+23,901.112,-627719.25,0,0,4,17313,7116,0.0,100,0.0,0.0,2.7183478752108883e+23,0.0,0.0,0,0,0,0,0.0,0,0,0,0,0,0,0,0,0,0,0,0,0,0,0,0,0,0,0,0,0,0,0,0,0,0,0,0,0,0,0,0,0,31,40,40,71,65476,0,300,0,0,8,21553,0.0,-107605600.0,0.0,0.0,0.0,0.0,0.0,0.0,0.0,0.0,0.0,0.0,0.0,0.0,0.0,0.0,0.0,0.0,0.0,0.0,0.0,0.0,2.004,-3.697066946564247e+19,0.0,0.0,0.0,0.0,0.0,0.0,5073.0,1.04066562844498e+34,6927.0,0.0,0.0,2.004,2.004,0.0,0.0,0.0,0.0,69,-0.0,-152017313988608.0,0.0,0.0,0.0,0.0,0.0,0.0,0.0,0,0,0,0.0,0.0,0.0,0.0,0.0,0.0,0.0,0.0,0.0,0.0,0.0,0.0,0.0,0.0,0.0,0.0,0,-107875648.0,69,0.0,138,0.0,2.012,ERR,ERR,ERR,ERR,ERR,ERR,ERR,ERR,ERR,ERR,ERR,ERR,ERR,ERR,ERR,ERR,ERR,ERR,ERR,ERR,ERR,ERR,ERR,ERR,ERR,ERR,ERR,ERR,ERR,ERR,ERR,ERR,ERR,ERR,ERR,ERR,ERR,ERR,ERR,ERR,ERR,ERR,ERR,ERR,ERR,ERR,ERR,ERR,ERR,ERR,ERR,ERR,ERR,ERR,ERR,ERR,ERR,ERR,ERR,ERR,ERR,ERR,ERR,ERR,ERR,ERR,ERR,60.0,60.0,35,0.0,0.0,0.0,0.0,0.0,0.0,0.0,0.0,0.0,0.0,0.0,0.0,0.0,0.0,0.0,0.0,65.2,0,139,67,53,65476,0,65476,1,4,4,20529,65476,0,0,2621,60.0,0.0,0.0,0.0,0.0,0.0
2026-07-09T15:38:24,ERR,ERR,ERR,ERR,ERR,ERR,ERR,ERR,ERR,ERR,ERR,ERR,ERR,ERR,ERR,ERR,ERR,ERR,ERR,ERR,ERR,ERR,ERR,ERR,ERR,ERR,ERR,ERR,ERR,ERR,ERR,ERR,ERR,ERR,ERR,ERR,ERR,ERR,ERR,ERR,ERR,ERR,ERR,ERR,ERR,ERR,ERR,ERR,ERR,ERR,ERR,ERR,ERR,ERR,ERR,ERR,ERR,ERR,ERR,ERR,ERR,ERR,ERR,ERR,ERR,ERR,ERR,ERR,ERR,ERR,ERR,ERR,ERR,ERR,ERR,ERR,ERR,ERR,ERR,ERR,ERR,ERR,ERR,ERR,ERR,ERR,ERR,ERR,ERR,ERR,ERR,ERR,ERR,ERR,ERR,ERR,ERR,ERR,ERR,ERR,ERR,ERR,ERR,ERR,ERR,ERR,ERR,ERR,ERR,ERR,ERR,ERR,ERR,ERR,ERR,ERR,ERR,ERR,ERR,ERR,ERR,ERR,ERR,ERR,ERR,0.0,0.0,-107614848.0,2.7183478752108883e+23,0.0,1.3532825087169032e+23,901.112,-627719.25,0,0,4,17313,7116,0.0,100,0.0,0.0,2.7183478752108883e+23,0.0,0.0,0,0,0,0,0.0,0,0,0,0,0,0,0,0,0,0,0,0,0,0,0,0,0,0,0,0,0,0,0,0,0,0,0,0,0,0,0,0,0,31,40,40,71,65476,0,300,0,0,8,21553,0.0,-107605600.0,0.0,0.0,0.0,0.0,0.0,0.0,0.0,0.0,0.0,0.0,0.0,0.0,0.0,0.0,0.0,0.0,0.0,0.0,0.0,0.0,2.004,-3.697066946564247e+19,0.0,0.0,0.0,0.0,0.0,0.0,5073.0,1.04066562844498e+34,6927.0,0.0,0.0,2.004,2.004,0.0,0.0,0.0,0.0,69,-0.0,-152017313988608.0,0.0,0.0,0.0,0.0,0.0,0.0,0.0,0,0,0,0.0,0.0,0.0,0.0,0.0,0.0,0.0,0.0,0.0,0.0,0.0,0.0,0.0,0.0,0.0,0.0,0,-107875648.0,69,0.0,138,0.0,2.012,ERR,ERR,ERR,ERR,ERR,ERR,ERR,ERR,ERR,ERR,ERR,ERR,ERR,ERR,ERR,ERR,ERR,ERR,ERR,ERR,ERR,ERR,ERR,ERR,ERR,ERR,ERR,ERR,ERR,ERR,ERR,ERR,ERR,ERR,ERR,ERR,ERR,ERR,ERR,ERR,ERR,ERR,ERR,ERR,ERR,ERR,ERR,ERR,ERR,ERR,ERR,ERR,ERR,ERR,ERR,ERR,ERR,ERR,ERR,ERR,ERR,ERR,ERR,ERR,ERR,ERR,ERR,60.0,60.0,35,0.0,0.0,0.0,0.0,0.0,0.0,0.0,0.0,0.0,0.0,0.0,0.0,0.0,0.0,0.0,0.0,65.2,0,139,67,53,65476,0,65476,1,4,4,20529,65476,0,0,2621,60.0,0.0,0.0,0.0,0.0,0.0
2026-07-09T15:38:25,ERR,ERR,ERR,ERR,ERR,ERR,ERR,ERR,ERR,ERR,ERR,ERR,ERR,ERR,ERR,ERR,ERR,ERR,ERR,ERR,ERR,ERR,ERR,ERR,ERR,ERR,ERR,ERR,ERR,ERR,ERR,ERR,ERR,ERR,ERR,ERR,ERR,ERR,ERR,ERR,ERR,ERR,ERR,ERR,ERR,ERR,ERR,ERR,ERR,ERR,ERR,ERR,ERR,ERR,ERR,ERR,ERR,ERR,ERR,ERR,ERR,ERR,ERR,ERR,ERR,ERR,ERR,ERR,ERR,ERR,ERR,ERR,ERR,ERR,ERR,ERR,ERR,ERR,ERR,ERR,ERR,ERR,ERR,ERR,ERR,ERR,ERR,ERR,ERR,ERR,ERR,ERR,ERR,ERR,ERR,ERR,ERR,ERR,ERR,ERR,ERR,ERR,ERR,ERR,ERR,ERR,ERR,ERR,ERR,ERR,ERR,ERR,ERR,ERR,ERR,ERR,ERR,ERR,ERR,ERR,ERR,ERR,ERR,ERR,ERR,0.0,0.0,-107614848.0,2.7183478752108883e+23,0.0,1.3532825087169032e+23,901.112,-627719.25,0,0,4,17313,7116,0.0,100,0.0,0.0,2.7183478752108883e+23,0.0,0.0,0,0,0,0,0.0,0,0,0,0,0,0,0,0,0,0,0,0,0,0,0,0,0,0,0,0,0,0,0,0,0,0,0,0,0,0,0,0,0,31,40,40,71,65476,0,300,0,0,8,21553,0.0,-107605600.0,0.0,0.0,0.0,0.0,0.0,0.0,0.0,0.0,0.0,0.0,0.0,0.0,0.0,0.0,0.0,0.0,0.0,0.0,0.0,0.0,2.004,-3.697066946564247e+19,0.0,0.0,0.0,0.0,0.0,0.0,5073.0,1.04066562844498e+34,6927.0,0.0,0.0,2.004,2.004,0.0,0.0,0.0,0.0,69,-0.0,-152017313988608.0,0.0,0.0,0.0,0.0,0.0,0.0,0.0,0,0,0,0.0,0.0,0.0,0.0,0.0,0.0,0.0,0.0,0.0,0.0,0.0,0.0,0.0,0.0,0.0,0.0,0,-107875648.0,69,0.0,138,0.0,2.012,ERR,ERR,ERR,ERR,ERR,ERR,ERR,ERR,ERR,ERR,ERR,ERR,ERR,ERR,ERR,ERR,ERR,ERR,ERR,ERR,ERR,ERR,ERR,ERR,ERR,ERR,ERR,ERR,ERR,ERR,ERR,ERR,ERR,ERR,ERR,ERR,ERR,ERR,ERR,ERR,ERR,ERR,ERR,ERR,ERR,ERR,ERR,ERR,ERR,ERR,ERR,ERR,ERR,ERR,ERR,ERR,ERR,ERR,ERR,ERR,ERR,ERR,ERR,ERR,ERR,ERR,ERR,60.0,60.0,35,0.0,0.0,0.0,0.0,0.0,0.0,0.0,0.0,0.0,0.0,0.0,0.0,0.0,0.0,0.0,0.0,65.2,0,139,67,53,65476,0,65476,1,4,4,20529,65476,0,0,2621,60.0,0.0,0.0,0.0,0.0,0.0
2026-07-09T15:38:26,ERR,ERR,ERR,ERR,ERR,ERR,ERR,ERR,ERR,ERR,ERR,ERR,ERR,ERR,ERR,ERR,ERR,ERR,ERR,ERR,ERR,ERR,ERR,ERR,ERR,ERR,ERR,ERR,ERR,ERR,ERR,ERR,ERR,ERR,ERR,ERR,ERR,ERR,ERR,ERR,ERR,ERR,ERR,ERR,ERR,ERR,ERR,ERR,ERR,ERR,ERR,ERR,ERR,ERR,ERR,ERR,ERR,ERR,ERR,ERR,ERR,ERR,ERR,ERR,ERR,ERR,ERR,ERR,ERR,ERR,ERR,ERR,ERR,ERR,ERR,ERR,ERR,ERR,ERR,ERR,ERR,ERR,ERR,ERR,ERR,ERR,ERR,ERR,ERR,ERR,ERR,ERR,ERR,ERR,ERR,ERR,ERR,ERR,ERR,ERR,ERR,ERR,ERR,ERR,ERR,ERR,ERR,ERR,ERR,ERR,ERR,ERR,ERR,ERR,ERR,ERR,ERR,ERR,ERR,ERR,ERR,ERR,ERR,ERR,ERR,0.0,0.0,-107614848.0,2.7183478752108883e+23,0.0,1.3532825087169032e+23,901.112,-627719.25,0,0,4,17313,7116,0.0,100,0.0,0.0,2.7183478752108883e+23,0.0,0.0,0,0,0,0,0.0,0,0,0,0,0,0,0,0,0,0,0,0,0,0,0,0,0,0,0,0,0,0,0,0,0,0,0,0,0,0,0,0,0,31,40,40,71,65476,0,300,0,0,8,21553,0.0,-107605600.0,0.0,0.0,0.0,0.0,0.0,0.0,0.0,0.0,0.0,0.0,0.0,0.0,0.0,0.0,0.0,0.0,0.0,0.0,0.0,0.0,2.004,-3.697066946564247e+19,0.0,0.0,0.0,0.0,0.0,0.0,5073.0,1.04066562844498e+34,6927.0,0.0,0.0,2.004,2.004,0.0,0.0,0.0,0.0,69,-0.0,-152017313988608.0,0.0,0.0,0.0,0.0,0.0,0.0,0.0,0,0,0,0.0,0.0,0.0,0.0,0.0,0.0,0.0,0.0,0.0,0.0,0.0,0.0,0.0,0.0,0.0,0.0,0,-107875648.0,69,0.0,138,0.0,2.012,ERR,ERR,ERR,ERR,ERR,ERR,ERR,ERR,ERR,ERR,ERR,ERR,ERR,ERR,ERR,ERR,ERR,ERR,ERR,ERR,ERR,ERR,ERR,ERR,ERR,ERR,ERR,ERR,ERR,ERR,ERR,ERR,ERR,ERR,ERR,ERR,ERR,ERR,ERR,ERR,ERR,ERR,ERR,ERR,ERR,ERR,ERR,ERR,ERR,ERR,ERR,ERR,ERR,ERR,ERR,ERR,ERR,ERR,ERR,ERR,ERR,ERR,ERR,ERR,ERR,ERR,ERR,60.0,60.0,35,0.0,0.0,0.0,0.0,0.0,0.0,0.0,0.0,0.0,0.0,0.0,0.0,0.0,0.0,0.0,0.0,64.8,0,139,67,53,65476,0,65476,1,4,4,20529,65476,0,0,2621,60.0,0.0,0.0,0.0,0.0,0.0
2026-07-09T15:38:27,ERR,ERR,ERR,ERR,ERR,ERR,ERR,ERR,ERR,ERR,ERR,ERR,ERR,ERR,ERR,ERR,ERR,ERR,ERR,ERR,ERR,ERR,ERR,ERR,ERR,ERR,ERR,ERR,ERR,ERR,ERR,ERR,ERR,ERR,ERR,ERR,ERR,ERR,ERR,ERR,ERR,ERR,ERR,ERR,ERR,ERR,ERR,ERR,ERR,ERR,ERR,ERR,ERR,ERR,ERR,ERR,ERR,ERR,ERR,ERR,ERR,ERR,ERR,ERR,ERR,ERR,ERR,ERR,ERR,ERR,ERR,ERR,ERR,ERR,ERR,ERR,ERR,ERR,ERR,ERR,ERR,ERR,ERR,ERR,ERR,ERR,ERR,ERR,ERR,ERR,ERR,ERR,ERR,ERR,ERR,ERR,ERR,ERR,ERR,ERR,ERR,ERR,ERR,ERR,ERR,ERR,ERR,ERR,ERR,ERR,ERR,ERR,ERR,ERR,ERR,ERR,ERR,ERR,ERR,ERR,ERR,ERR,ERR,ERR,ERR,0.0,-107616016.0,2.7302247681481898e+23,2.7183478752108883e+23,-0.0,0.0,-1.3972334098508722e+35,-0.942,0,0,4,17310,7116,0.0,100,0.0,0.0,2.7183478752108883e+23,0.0,0.0,0,0,0,0,0.0,0,0,0,0,0,0,0,0,0,0,0,0,0,0,0,0,0,0,0,0,0,0,0,0,0,0,0,0,0,0,0,0,0,31,40,40,71,65476,0,300,0,0,8,21553,0.0,-107605600.0,0.0,0.0,0.0,0.0,0.0,0.0,0.0,0.0,0.0,0.0,0.0,0.0,0.0,0.0,0.0,0.0,0.0,0.0,0.0,0.0,2.004,-2.004,0.0,0.0,0.0,0.0,0.0,0.0,5117.0,0.0,6912.0,0.0,-107616016.0,2.004,2.004,0.0,0.0,0.0,0.0,69,107615352.0,-0.0,0.0,0.0,0.0,0.0,0.0,0.0,0.0,0,0,0,0.0,0.0,0.0,0.0,0.0,0.0,0.0,0.0,0.0,0.0,0.0,0.0,0.0,0.0,0.0,0.0,0,-107875648.0,69,0.0,138,0.0,2.012,ERR,ERR,ERR,ERR,ERR,ERR,ERR,ERR,ERR,ERR,ERR,ERR,ERR,ERR,ERR,ERR,ERR,ERR,ERR,ERR,ERR,ERR,ERR,ERR,ERR,ERR,ERR,ERR,ERR,ERR,ERR,ERR,ERR,ERR,ERR,ERR,ERR,ERR,ERR,ERR,ERR,ERR,ERR,ERR,ERR,ERR,ERR,ERR,ERR,ERR,ERR,ERR,ERR,ERR,ERR,ERR,ERR,ERR,ERR,ERR,ERR,ERR,ERR,ERR,ERR,ERR,ERR,60.0,60.0,35,0.0,0.0,0.0,0.0,0.0,0.0,0.0,0.0,0.0,0.0,0.0,0.0,0.0,0.0,0.0,0.0,64.8,0,139,67,53,65476,0,65476,1,4,4,20529,65476,0,0,2621,60.0,0.0,0.0,0.0,0.0,0.0
2026-07-09T15:38:28,ERR,ERR,ERR,ERR,ERR,ERR,ERR,ERR,ERR,ERR,ERR,ERR,ERR,ERR,ERR,ERR,ERR,ERR,ERR,ERR,ERR,ERR,ERR,ERR,ERR,ERR,ERR,ERR,ERR,ERR,ERR,ERR,ERR,ERR,ERR,ERR,ERR,ERR,ERR,ERR,ERR,ERR,ERR,ERR,ERR,ERR,ERR,ERR,ERR,ERR,ERR,ERR,ERR,ERR,ERR,ERR,ERR,ERR,ERR,ERR,ERR,ERR,ERR,ERR,ERR,ERR,ERR,ERR,ERR,ERR,ERR,ERR,ERR,ERR,ERR,ERR,ERR,ERR,ERR,ERR,ERR,ERR,ERR,ERR,ERR,ERR,ERR,ERR,ERR,ERR,ERR,ERR,ERR,ERR,ERR,ERR,ERR,ERR,ERR,ERR,ERR,ERR,ERR,ERR,ERR,ERR,ERR,ERR,ERR,ERR,ERR,ERR,ERR,ERR,ERR,ERR,ERR,ERR,ERR,ERR,ERR,ERR,ERR,ERR,ERR,0.0,-107616016.0,2.7302247681481898e+23,2.7183478752108883e+23,-0.0,0.0,-1.3972334098508722e+35,-0.942,0,0,4,17310,7116,0.0,100,0.0,0.0,2.7183478752108883e+23,0.0,0.0,0,0,0,0,0.0,0,0,0,0,0,0,0,0,0,0,0,0,0,0,0,0,0,0,0,0,0,0,0,0,0,0,0,0,0,0,0,0,0,31,40,40,71,65476,0,300,0,0,8,21553,0.0,-107605600.0,0.0,0.0,0.0,0.0,0.0,0.0,0.0,0.0,0.0,0.0,0.0,0.0,0.0,0.0,0.0,0.0,0.0,0.0,0.0,0.0,2.004,-2.004,0.0,0.0,0.0,0.0,0.0,0.0,5117.0,0.0,6912.0,0.0,-107616016.0,2.004,2.004,0.0,0.0,0.0,0.0,69,107615352.0,-0.0,0.0,0.0,0.0,0.0,0.0,0.0,0.0,0,0,0,0.0,0.0,0.0,0.0,0.0,0.0,0.0,0.0,0.0,0.0,0.0,0.0,0.0,0.0,0.0,0.0,0,-107875648.0,69,0.0,138,0.0,2.012,ERR,ERR,ERR,ERR,ERR,ERR,ERR,ERR,ERR,ERR,ERR,ERR,ERR,ERR,ERR,ERR,ERR,ERR,ERR,ERR,ERR,ERR,ERR,ERR,ERR,ERR,ERR,ERR,ERR,ERR,ERR,ERR,ERR,ERR,ERR,ERR,ERR,ERR,ERR,ERR,ERR,ERR,ERR,ERR,ERR,ERR,ERR,ERR,ERR,ERR,ERR,ERR,ERR,ERR,ERR,ERR,ERR,ERR,ERR,ERR,ERR,ERR,ERR,ERR,ERR,ERR,ERR,60.0,60.0,35,0.0,0.0,0.0,0.0,0.0,0.0,0.0,0.0,0.0,0.0,0.0,0.0,0.0,0.0,0.0,0.0,64.8,0,139,67,53,65476,0,65476,1,4,4,20529,65476,0,0,2621,60.0,0.0,0.0,0.0,0.0,0.0
2026-07-09T15:38:29,ERR,ERR,ERR,ERR,ERR,ERR,ERR,ERR,ERR,ERR,ERR,ERR,ERR,ERR,ERR,ERR,ERR,ERR,ERR,ERR,ERR,ERR,ERR,ERR,ERR,ERR,ERR,ERR,ERR,ERR,ERR,ERR,ERR,ERR,ERR,ERR,ERR,ERR,ERR,ERR,ERR,ERR,ERR,ERR,ERR,ERR,ERR,ERR,ERR,ERR,ERR,ERR,ERR,ERR,ERR,ERR,ERR,ERR,ERR,ERR,ERR,ERR,ERR,ERR,ERR,ERR,ERR,ERR,ERR,ERR,ERR,ERR,ERR,ERR,ERR,ERR,ERR,ERR,ERR,ERR,ERR,ERR,ERR,ERR,ERR,ERR,ERR,ERR,ERR,ERR,ERR,ERR,ERR,ERR,ERR,ERR,ERR,ERR,ERR,ERR,ERR,ERR,ERR,ERR,ERR,ERR,ERR,ERR,ERR,ERR,ERR,ERR,ERR,ERR,ERR,ERR,ERR,ERR,ERR,ERR,ERR,ERR,ERR,ERR,ERR,0.0,-107616016.0,2.7302247681481898e+23,2.7183478752108883e+23,-0.0,0.0,-1.3972334098508722e+35,-0.942,0,0,4,17310,7116,0.0,100,0.0,0.0,2.7183478752108883e+23,0.0,0.0,0,0,0,0,0.0,0,0,0,0,0,0,0,0,0,0,0,0,0,0,0,0,0,0,0,0,0,0,0,0,0,0,0,0,0,0,0,0,0,31,40,40,71,65476,0,300,0,0,8,21553,0.0,-107605600.0,0.0,0.0,0.0,0.0,0.0,0.0,0.0,0.0,0.0,0.0,0.0,0.0,0.0,0.0,0.0,0.0,0.0,0.0,0.0,0.0,2.004,-2.004,0.0,0.0,0.0,0.0,0.0,0.0,5117.0,0.0,6912.0,0.0,-107616016.0,2.004,2.004,0.0,0.0,0.0,0.0,69,107615352.0,-0.0,0.0,0.0,0.0,0.0,0.0,0.0,0.0,0,0,0,0.0,0.0,0.0,0.0,0.0,0.0,0.0,0.0,0.0,0.0,0.0,0.0,0.0,0.0,0.0,0.0,0,-107875648.0,69,0.0,138,0.0,2.012,ERR,ERR,ERR,ERR,ERR,ERR,ERR,ERR,ERR,ERR,ERR,ERR,ERR,ERR,ERR,ERR,ERR,ERR,ERR,ERR,ERR,ERR,ERR,ERR,ERR,ERR,ERR,ERR,ERR,ERR,ERR,ERR,ERR,ERR,ERR,ERR,ERR,ERR,ERR,ERR,ERR,ERR,ERR,ERR,ERR,ERR,ERR,ERR,ERR,ERR,ERR,ERR,ERR,ERR,ERR,ERR,ERR,ERR,ERR,ERR,ERR,ERR,ERR,ERR,ERR,ERR,ERR,60.0,60.0,35,0.0,0.0,0.0,0.0,0.0,0.0,0.0,0.0,0.0,0.0,0.0,0.0,0.0,0.0,0.0,0.0,64.8,0,139,67,53,65476,0,65476,1,4,4,20529,65476,0,0,2621,60.0,0.0,0.0,0.0,0.0,0.0
2026-07-09T15:38:30,ERR,ERR,ERR,ERR,ERR,ERR,ERR,ERR,ERR,ERR,ERR,ERR,ERR,ERR,ERR,ERR,ERR,ERR,ERR,ERR,ERR,ERR,ERR,ERR,ERR,ERR,ERR,ERR,ERR,ERR,ERR,ERR,ERR,ERR,ERR,ERR,ERR,ERR,ERR,ERR,ERR,ERR,ERR,ERR,ERR,ERR,ERR,ERR,ERR,ERR,ERR,ERR,ERR,ERR,ERR,ERR,ERR,ERR,ERR,ERR,ERR,ERR,ERR,ERR,ERR,ERR,ERR,ERR,ERR,ERR,ERR,ERR,ERR,ERR,ERR,ERR,ERR,ERR,ERR,ERR,ERR,ERR,ERR,ERR,ERR,ERR,ERR,ERR,ERR,ERR,ERR,ERR,ERR,ERR,ERR,ERR,ERR,ERR,ERR,ERR,ERR,ERR,ERR,ERR,ERR,ERR,ERR,ERR,ERR,ERR,ERR,ERR,ERR,ERR,ERR,ERR,ERR,ERR,ERR,ERR,ERR,ERR,ERR,ERR,ERR,0.0,-107616016.0,2.7302247681481898e+23,2.7183478752108883e+23,-0.0,0.0,-1.3972334098508722e+35,-0.942,0,0,4,17310,7116,0.0,100,0.0,0.0,2.7183478752108883e+23,0.0,0.0,0,0,0,0,0.0,0,0,0,0,0,0,0,0,0,0,0,0,0,0,0,0,0,0,0,0,0,0,0,0,0,0,0,0,0,0,0,0,0,31,40,40,71,65476,0,300,0,0,8,21553,0.0,-107605600.0,0.0,0.0,0.0,0.0,0.0,0.0,0.0,0.0,0.0,0.0,0.0,0.0,0.0,0.0,0.0,0.0,0.0,0.0,0.0,0.0,2.004,-2.004,0.0,0.0,0.0,0.0,0.0,0.0,5117.0,0.0,6912.0,0.0,-107616016.0,2.004,2.004,0.0,0.0,0.0,0.0,69,107615352.0,-0.0,0.0,0.0,0.0,0.0,0.0,0.0,0.0,0,0,0,0.0,0.0,0.0,0.0,0.0,0.0,0.0,0.0,0.0,0.0,0.0,0.0,0.0,0.0,0.0,0.0,0,-107875648.0,69,0.0,138,0.0,2.012,ERR,ERR,ERR,ERR,ERR,ERR,ERR,ERR,ERR,ERR,ERR,ERR,ERR,ERR,ERR,ERR,ERR,ERR,ERR,ERR,ERR,ERR,ERR,ERR,ERR,ERR,ERR,ERR,ERR,ERR,ERR,ERR,ERR,ERR,ERR,ERR,ERR,ERR,ERR,ERR,ERR,ERR,ERR,ERR,ERR,ERR,ERR,ERR,ERR,ERR,ERR,ERR,ERR,ERR,ERR,ERR,ERR,ERR,ERR,ERR,ERR,ERR,ERR,ERR,ERR,ERR,ERR,60.0,60.0,35,0.0,0.0,0.0,0.0,0.0,0.0,0.0,0.0,0.0,0.0,0.0,0.0,0.0,0.0,0.0,0.0,64.8,0,139,66,53,65476,0,65476,1,4,4,20529,65476,0,0,2621,60.0,0.0,0.0,0.0,0.0,0.0
2026-07-09T15:38:31,ERR,ERR,ERR,ERR,ERR,ERR,ERR,ERR,ERR,ERR,ERR,ERR,ERR,ERR,ERR,ERR,ERR,ERR,ERR,ERR,ERR,ERR,ERR,ERR,ERR,ERR,ERR,ERR,ERR,ERR,ERR,ERR,ERR,ERR,ERR,ERR,ERR,ERR,ERR,ERR,ERR,ERR,ERR,ERR,ERR,ERR,ERR,ERR,ERR,ERR,ERR,ERR,ERR,ERR,ERR,ERR,ERR,ERR,ERR,ERR,ERR,ERR,ERR,ERR,ERR,ERR,ERR,ERR,ERR,ERR,ERR,ERR,ERR,ERR,ERR,ERR,ERR,ERR,ERR,ERR,ERR,ERR,ERR,ERR,ERR,ERR,ERR,ERR,ERR,ERR,ERR,ERR,ERR,ERR,ERR,ERR,ERR,ERR,ERR,ERR,ERR,ERR,ERR,ERR,ERR,ERR,ERR,ERR,ERR,ERR,ERR,ERR,ERR,ERR,ERR,ERR,ERR,ERR,ERR,ERR,ERR,ERR,ERR,ERR,ERR,0.0,-107616016.0,2.7302247681481898e+23,2.7183478752108883e+23,-0.0,0.0,-1.3972334098508722e+35,-0.942,0,0,4,17310,7116,0.0,100,0.0,0.0,2.7183478752108883e+23,0.0,0.0,0,0,0,0,0.0,0,0,0,0,0,0,0,0,0,0,0,0,0,0,0,0,0,0,0,0,0,0,0,0,0,0,0,0,0,0,0,0,0,31,40,40,71,65476,0,300,0,0,8,21553,0.0,-107605600.0,0.0,0.0,0.0,0.0,0.0,0.0,0.0,0.0,0.0,0.0,0.0,0.0,0.0,0.0,0.0,0.0,0.0,0.0,0.0,0.0,2.004,-2.004,0.0,0.0,0.0,0.0,0.0,0.0,5117.0,0.0,6912.0,0.0,-107616016.0,2.004,2.004,0.0,0.0,0.0,0.0,69,107615352.0,-0.0,0.0,0.0,0.0,0.0,0.0,0.0,0.0,0,0,0,0.0,0.0,0.0,0.0,0.0,0.0,0.0,0.0,0.0,0.0,0.0,0.0,0.0,0.0,0.0,0.0,0,-107875648.0,69,0.0,138,0.0,2.012,ERR,ERR,ERR,ERR,ERR,ERR,ERR,ERR,ERR,ERR,ERR,ERR,ERR,ERR,ERR,ERR,ERR,ERR,ERR,ERR,ERR,ERR,ERR,ERR,ERR,ERR,ERR,ERR,ERR,ERR,ERR,ERR,ERR,ERR,ERR,ERR,ERR,ERR,ERR,ERR,ERR,ERR,ERR,ERR,ERR,ERR,ERR,ERR,ERR,ERR,ERR,ERR,ERR,ERR,ERR,ERR,ERR,ERR,ERR,ERR,ERR,ERR,ERR,ERR,ERR,ERR,ERR,60.0,60.0,35,0.0,0.0,0.0,0.0,0.0,0.0,0.0,0.0,0.0,0.0,0.0,0.0,0.0,0.0,0.0,0.0,65.2,0,139,66,53,65476,0,65476,1,4,4,20529,65476,0,0,2621,60.0,0.0,0.0,0.0,0.0,0.0
2026-07-09T15:38:32,ERR,ERR,ERR,ERR,ERR,ERR,ERR,ERR,ERR,ERR,ERR,ERR,ERR,ERR,ERR,ERR,ERR,ERR,ERR,ERR,ERR,ERR,ERR,ERR,ERR,ERR,ERR,ERR,ERR,ERR,ERR,ERR,ERR,ERR,ERR,ERR,ERR,ERR,ERR,ERR,ERR,ERR,ERR,ERR,ERR,ERR,ERR,ERR,ERR,ERR,ERR,ERR,ERR,ERR,ERR,ERR,ERR,ERR,ERR,ERR,ERR,ERR,ERR,ERR,ERR,ERR,ERR,ERR,ERR,ERR,ERR,ERR,ERR,ERR,ERR,ERR,ERR,ERR,ERR,ERR,ERR,ERR,ERR,ERR,ERR,ERR,ERR,ERR,ERR,ERR,ERR,ERR,ERR,ERR,ERR,ERR,ERR,ERR,ERR,ERR,ERR,ERR,ERR,ERR,ERR,ERR,ERR,ERR,ERR,ERR,ERR,ERR,ERR,ERR,ERR,ERR,ERR,ERR,ERR,ERR,ERR,ERR,ERR,ERR,ERR,0.0,2.7184451529628395e+23,-0.0,0.0,0.0,-0.0,3.0494396994216264e+18,1.0664599212169605e+21,0,0,4,17310,7116,0.0,100,0.0,0.0,0.0,0.0,0.0,0,0,0,0,0.0,0,0,0,0,0,0,0,0,0,0,0,0,0,0,0,0,0,0,0,0,0,0,0,0,0,0,0,0,0,0,0,0,0,31,40,40,71,65476,0,300,0,0,8,21553,0.0,-107605600.0,0.0,0.0,0.0,0.0,0.0,0.0,0.0,0.0,0.0,0.0,0.0,0.0,0.0,0.0,0.0,0.0,0.0,0.0,0.0,0.0,0.0,-0.0,0.0,0.0,0.0,0.0,0.0,0.0,5106.0,-0.0,6930.0,0.0,2.7184451529628395e+23,2.004,2.004,0.0,0.0,0.0,0.0,69,0.0,0.059,0.0,0.0,0.0,0.0,0.0,0.0,0.0,0,0,0,0.0,0.0,0.0,0.0,0.0,0.0,0.0,0.0,0.0,0.0,0.0,0.0,0.0,0.0,0.0,0.0,0,-107875648.0,69,0.0,138,0.0,2.012,ERR,ERR,ERR,ERR,ERR,ERR,ERR,ERR,ERR,ERR,ERR,ERR,ERR,ERR,ERR,ERR,ERR,ERR,ERR,ERR,ERR,ERR,ERR,ERR,ERR,ERR,ERR,ERR,ERR,ERR,ERR,ERR,ERR,ERR,ERR,ERR,ERR,ERR,ERR,ERR,ERR,ERR,ERR,ERR,ERR,ERR,ERR,ERR,ERR,ERR,ERR,ERR,ERR,ERR,ERR,ERR,ERR,ERR,ERR,ERR,ERR,ERR,ERR,ERR,ERR,ERR,ERR,60.0,60.0,35,0.0,0.0,0.0,0.0,0.0,0.0,0.0,0.0,0.0,0.0,0.0,0.0,0.0,0.0,0.0,0.0,65.2,0,139,66,53,65476,0,65476,1,4,4,20529,65476,0,0,2621,60.0,0.0,0.0,0.0,0.0,0.0
2026-07-09T15:38:33,ERR,ERR,ERR,ERR,ERR,ERR,ERR,ERR,ERR,ERR,ERR,ERR,ERR,ERR,ERR,ERR,ERR,ERR,ERR,ERR,ERR,ERR,ERR,ERR,ERR,ERR,ERR,ERR,ERR,ERR,ERR,ERR,ERR,ERR,ERR,ERR,ERR,ERR,ERR,ERR,ERR,ERR,ERR,ERR,ERR,ERR,ERR,ERR,ERR,ERR,ERR,ERR,ERR,ERR,ERR,ERR,ERR,ERR,ERR,ERR,ERR,ERR,ERR,ERR,ERR,ERR,ERR,ERR,ERR,ERR,ERR,ERR,ERR,ERR,ERR,ERR,ERR,ERR,ERR,ERR,ERR,ERR,ERR,ERR,ERR,ERR,ERR,ERR,ERR,ERR,ERR,ERR,ERR,ERR,ERR,ERR,ERR,ERR,ERR,ERR,ERR,ERR,ERR,ERR,ERR,ERR,ERR,ERR,ERR,ERR,ERR,ERR,ERR,ERR,ERR,ERR,ERR,ERR,ERR,ERR,ERR,ERR,ERR,ERR,ERR,0.0,2.7184451529628395e+23,-0.0,0.0,0.0,-0.0,3.0494396994216264e+18,1.0664599212169605e+21,0,0,4,17310,7116,0.0,100,0.0,0.0,0.0,0.0,0.0,0,0,0,0,0.0,0,0,0,0,0,0,0,0,0,0,0,0,0,0,0,0,0,0,0,0,0,0,0,0,0,0,0,0,0,0,0,0,0,31,40,40,71,65476,0,300,0,0,8,21553,0.0,-107605600.0,0.0,0.0,0.0,0.0,0.0,0.0,0.0,0.0,0.0,0.0,0.0,0.0,0.0,0.0,0.0,0.0,0.0,0.0,0.0,0.0,0.0,-0.0,0.0,0.0,0.0,0.0,0.0,0.0,5106.0,-0.0,6930.0,0.0,2.7184451529628395e+23,2.004,2.004,0.0,0.0,0.0,0.0,69,0.0,0.059,0.0,0.0,0.0,0.0,0.0,0.0,0.0,0,0,0,0.0,0.0,0.0,0.0,0.0,0.0,0.0,0.0,0.0,0.0,0.0,0.0,0.0,0.0,0.0,0.0,0,-107875648.0,69,0.0,138,0.0,2.012,ERR,ERR,ERR,ERR,ERR,ERR,ERR,ERR,ERR,ERR,ERR,ERR,ERR,ERR,ERR,ERR,ERR,ERR,ERR,ERR,ERR,ERR,ERR,ERR,ERR,ERR,ERR,ERR,ERR,ERR,ERR,ERR,ERR,ERR,ERR,ERR,ERR,ERR,ERR,ERR,ERR,ERR,ERR,ERR,ERR,ERR,ERR,ERR,ERR,ERR,ERR,ERR,ERR,ERR,ERR,ERR,ERR,ERR,ERR,ERR,ERR,ERR,ERR,ERR,ERR,ERR,ERR,60.0,60.0,35,0.0,0.0,0.0,0.0,0.0,0.0,0.0,0.0,0.0,0.0,0.0,0.0,0.0,0.0,0.0,0.0,64.8,0,139,66,53,65476,0,65476,1,4,4,20529,65476,0,0,2621,60.0,0.0,0.0,0.0,0.0,0.0
2026-07-09T15:38:34,ERR,ERR,ERR,ERR,ERR,ERR,ERR,ERR,ERR,ERR,ERR,ERR,ERR,ERR,ERR,ERR,ERR,ERR,ERR,ERR,ERR,ERR,ERR,ERR,ERR,ERR,ERR,ERR,ERR,ERR,ERR,ERR,ERR,ERR,ERR,ERR,ERR,ERR,ERR,ERR,ERR,ERR,ERR,ERR,ERR,ERR,ERR,ERR,ERR,ERR,ERR,ERR,ERR,ERR,ERR,ERR,ERR,ERR,ERR,ERR,ERR,ERR,ERR,ERR,ERR,ERR,ERR,ERR,ERR,ERR,ERR,ERR,ERR,ERR,ERR,ERR,ERR,ERR,ERR,ERR,ERR,ERR,ERR,ERR,ERR,ERR,ERR,ERR,ERR,ERR,ERR,ERR,ERR,ERR,ERR,ERR,ERR,ERR,ERR,ERR,ERR,ERR,ERR,ERR,ERR,ERR,ERR,ERR,ERR,ERR,ERR,ERR,ERR,ERR,ERR,ERR,ERR,ERR,ERR,ERR,ERR,ERR,ERR,ERR,ERR,0.0,2.7184451529628395e+23,-0.0,0.0,0.0,-0.0,3.0494396994216264e+18,1.0664599212169605e+21,0,0,4,17310,7116,0.0,100,0.0,0.0,0.0,0.0,0.0,0,0,0,0,0.0,0,0,0,0,0,0,0,0,0,0,0,0,0,0,0,0,0,0,0,0,0,0,0,0,0,0,0,0,0,0,0,0,0,31,40,40,71,65476,0,300,0,0,8,21553,0.0,-107605600.0,0.0,0.0,0.0,0.0,0.0,0.0,0.0,0.0,0.0,0.0,0.0,0.0,0.0,0.0,0.0,0.0,0.0,0.0,0.0,0.0,0.0,-0.0,0.0,0.0,0.0,0.0,0.0,0.0,5106.0,-0.0,6930.0,0.0,2.7184451529628395e+23,2.004,2.004,0.0,0.0,0.0,0.0,69,0.0,0.059,0.0,0.0,0.0,0.0,0.0,0.0,0.0,0,0,0,0.0,0.0,0.0,0.0,0.0,0.0,0.0,0.0,0.0,0.0,0.0,0.0,0.0,0.0,0.0,0.0,0,-107875648.0,69,0.0,138,0.0,2.012,ERR,ERR,ERR,ERR,ERR,ERR,ERR,ERR,ERR,ERR,ERR,ERR,ERR,ERR,ERR,ERR,ERR,ERR,ERR,ERR,ERR,ERR,ERR,ERR,ERR,ERR,ERR,ERR,ERR,ERR,ERR,ERR,ERR,ERR,ERR,ERR,ERR,ERR,ERR,ERR,ERR,ERR,ERR,ERR,ERR,ERR,ERR,ERR,ERR,ERR,ERR,ERR,ERR,ERR,ERR,ERR,ERR,ERR,ERR,ERR,ERR,ERR,ERR,ERR,ERR,ERR,ERR,60.0,60.0,35,0.0,0.0,0.0,0.0,0.0,0.0,0.0,0.0,0.0,0.0,0.0,0.0,0.0,0.0,0.0,0.0,64.8,0,138,66,53,65476,0,65476,1,4,4,20529,65476,0,0,2621,60.0,0.0,0.0,0.0,0.0,0.0
2026-07-09T15:38:35,ERR,ERR,ERR,ERR,ERR,ERR,ERR,ERR,ERR,ERR,ERR,ERR,ERR,ERR,ERR,ERR,ERR,ERR,ERR,ERR,ERR,ERR,ERR,ERR,ERR,ERR,ERR,ERR,ERR,ERR,ERR,ERR,ERR,ERR,ERR,ERR,ERR,ERR,ERR,ERR,ERR,ERR,ERR,ERR,ERR,ERR,ERR,ERR,ERR,ERR,ERR,ERR,ERR,ERR,ERR,ERR,ERR,ERR,ERR,ERR,ERR,ERR,ERR,ERR,ERR,ERR,ERR,ERR,ERR,ERR,ERR,ERR,ERR,ERR,ERR,ERR,ERR,ERR,ERR,ERR,ERR,ERR,ERR,ERR,ERR,ERR,ERR,ERR,ERR,ERR,ERR,ERR,ERR,ERR,ERR,ERR,ERR,ERR,ERR,ERR,ERR,ERR,ERR,ERR,ERR,ERR,ERR,ERR,ERR,ERR,ERR,ERR,ERR,ERR,ERR,ERR,ERR,ERR,ERR,ERR,ERR,ERR,ERR,ERR,ERR,0.0,2.7184451529628395e+23,-0.0,0.0,0.0,-0.0,3.0494396994216264e+18,1.0664599212169605e+21,0,0,4,17310,7116,0.0,100,0.0,0.0,0.0,0.0,0.0,0,0,0,0,0.0,0,0,0,0,0,0,0,0,0,0,0,0,0,0,0,0,0,0,0,0,0,0,0,0,0,0,0,0,0,0,0,0,0,31,40,40,71,65476,0,300,0,0,8,21553,0.0,-107605600.0,0.0,0.0,0.0,0.0,0.0,0.0,0.0,0.0,0.0,0.0,0.0,0.0,0.0,0.0,0.0,0.0,0.0,0.0,0.0,0.0,0.0,-0.0,0.0,0.0,0.0,0.0,0.0,0.0,5106.0,-0.0,6930.0,0.0,2.7184451529628395e+23,2.004,2.004,0.0,0.0,0.0,0.0,69,0.0,0.059,0.0,0.0,0.0,0.0,0.0,0.0,0.0,0,0,0,0.0,0.0,0.0,0.0,0.0,0.0,0.0,0.0,0.0,0.0,0.0,0.0,0.0,0.0,0.0,0.0,0,-107875648.0,69,0.0,138,0.0,2.012,ERR,ERR,ERR,ERR,ERR,ERR,ERR,ERR,ERR,ERR,ERR,ERR,ERR,ERR,ERR,ERR,ERR,ERR,ERR,ERR,ERR,ERR,ERR,ERR,ERR,ERR,ERR,ERR,ERR,ERR,ERR,ERR,ERR,ERR,ERR,ERR,ERR,ERR,ERR,ERR,ERR,ERR,ERR,ERR,ERR,ERR,ERR,ERR,ERR,ERR,ERR,ERR,ERR,ERR,ERR,ERR,ERR,ERR,ERR,ERR,ERR,ERR,ERR,ERR,ERR,ERR,ERR,60.0,60.0,35,0.0,0.0,0.0,0.0,0.0,0.0,0.0,0.0,0.0,0.0,0.0,0.0,0.0,0.0,0.0,0.0,64.8,0,138,66,53,65476,0,65476,1,4,4,20529,65476,0,0,2621,60.0,0.0,0.0,0.0,0.0,0.0
2026-07-09T15:38:36,ERR,ERR,ERR,ERR,ERR,ERR,ERR,ERR,ERR,ERR,ERR,ERR,ERR,ERR,ERR,ERR,ERR,ERR,ERR,ERR,ERR,ERR,ERR,ERR,ERR,ERR,ERR,ERR,ERR,ERR,ERR,ERR,ERR,ERR,ERR,ERR,ERR,ERR,ERR,ERR,ERR,ERR,ERR,ERR,ERR,ERR,ERR,ERR,ERR,ERR,ERR,ERR,ERR,ERR,ERR,ERR,ERR,ERR,ERR,ERR,ERR,ERR,ERR,ERR,ERR,ERR,ERR,ERR,ERR,ERR,ERR,ERR,ERR,ERR,ERR,ERR,ERR,ERR,ERR,ERR,ERR,ERR,ERR,ERR,ERR,ERR,ERR,ERR,ERR,ERR,ERR,ERR,ERR,ERR,ERR,ERR,ERR,ERR,ERR,ERR,ERR,ERR,ERR,ERR,ERR,ERR,ERR,ERR,ERR,ERR,ERR,ERR,ERR,ERR,ERR,ERR,ERR,ERR,ERR,ERR,ERR,ERR,ERR,ERR,ERR,0.0,2.7184451529628395e+23,-0.0,0.0,0.0,-0.0,3.0494396994216264e+18,1.0664599212169605e+21,0,0,4,17310,7116,0.0,100,0.0,0.0,0.0,0.0,0.0,0,0,0,0,0.0,0,0,0,0,0,0,0,0,0,0,0,0,0,0,0,0,0,0,0,0,0,0,0,0,0,0,0,0,0,0,0,0,0,31,40,40,71,65476,0,300,0,0,8,21553,0.0,-107605600.0,0.0,0.0,0.0,0.0,0.0,0.0,0.0,0.0,0.0,0.0,0.0,0.0,0.0,0.0,0.0,0.0,0.0,0.0,0.0,0.0,0.0,-0.0,0.0,0.0,0.0,0.0,0.0,0.0,5106.0,-0.0,6930.0,0.0,2.7184451529628395e+23,2.004,2.004,0.0,0.0,0.0,0.0,69,0.0,0.059,0.0,0.0,0.0,0.0,0.0,0.0,0.0,0,0,0,0.0,0.0,0.0,0.0,0.0,0.0,0.0,0.0,0.0,0.0,0.0,0.0,0.0,0.0,0.0,0.0,0,-107875648.0,69,0.0,138,0.0,2.012,ERR,ERR,ERR,ERR,ERR,ERR,ERR,ERR,ERR,ERR,ERR,ERR,ERR,ERR,ERR,ERR,ERR,ERR,ERR,ERR,ERR,ERR,ERR,ERR,ERR,ERR,ERR,ERR,ERR,ERR,ERR,ERR,ERR,ERR,ERR,ERR,ERR,ERR,ERR,ERR,ERR,ERR,ERR,ERR,ERR,ERR,ERR,ERR,ERR,ERR,ERR,ERR,ERR,ERR,ERR,ERR,ERR,ERR,ERR,ERR,ERR,ERR,ERR,ERR,ERR,ERR,ERR,60.0,60.0,35,0.0,0.0,0.0,0.0,0.0,0.0,0.0,0.0,0.0,0.0,0.0,0.0,0.0,0.0,0.0,0.0,64.8,0,138,66,53,65476,0,65476,1,4,4,20529,65476,0,0,2621,60.0,0.0,0.0,0.0,0.0,0.0
2026-07-09T15:38:37,ERR,ERR,ERR,ERR,ERR,ERR,ERR,ERR,ERR,ERR,ERR,ERR,ERR,ERR,ERR,ERR,ERR,ERR,ERR,ERR,ERR,ERR,ERR,ERR,ERR,ERR,ERR,ERR,ERR,ERR,ERR,ERR,ERR,ERR,ERR,ERR,ERR,ERR,ERR,ERR,ERR,ERR,ERR,ERR,ERR,ERR,ERR,ERR,ERR,ERR,ERR,ERR,ERR,ERR,ERR,ERR,ERR,ERR,ERR,ERR,ERR,ERR,ERR,ERR,ERR,ERR,ERR,ERR,ERR,ERR,ERR,ERR,ERR,ERR,ERR,ERR,ERR,ERR,ERR,ERR,ERR,ERR,ERR,ERR,ERR,ERR,ERR,ERR,ERR,ERR,ERR,ERR,ERR,ERR,ERR,ERR,ERR,ERR,ERR,ERR,ERR,ERR,ERR,ERR,ERR,ERR,ERR,ERR,ERR,ERR,ERR,ERR,ERR,ERR,ERR,ERR,ERR,ERR,ERR,ERR,ERR,ERR,ERR,ERR,ERR,-107615136.0,0.0,-0.0,2.7183478752108883e+23,0.0,58893975683072.0,-0.0,-0.0,0,0,4,17309,7116,0.0,100,0.0,0.0,2.7183478752108883e+23,0.0,0.0,0,0,0,0,0.0,0,0,0,0,0,0,0,0,0,0,0,0,0,0,0,0,0,0,0,0,0,0,0,0,0,0,0,0,0,0,0,0,0,31,40,40,71,65476,0,300,0,0,8,21553,0.0,-107605600.0,0.0,0.0,0.0,0.0,0.0,0.0,0.0,0.0,0.0,0.0,0.0,0.0,0.0,0.0,0.0,0.0,0.0,0.0,0.0,0.0,0.0,3.697066946564247e+19,0.0,0.0,0.0,0.0,0.0,0.0,5090.0,-1.5879299197982542e+29,6915.0,-107615136.0,0.0,2.004,2.004,0.0,0.0,0.0,0.0,69,-0.0,-3.2220042429832936e+26,0.0,0.0,0.0,0.0,0.0,0.0,0.0,0,0,0,0.0,0.0,0.0,0.0,0.0,0.0,0.0,0.0,0.0,0.0,0.0,0.0,0.0,0.0,0.0,0.0,0,-107875648.0,69,0.0,138,0.0,2.012,ERR,ERR,ERR,ERR,ERR,ERR,ERR,ERR,ERR,ERR,ERR,ERR,ERR,ERR,ERR,ERR,ERR,ERR,ERR,ERR,ERR,ERR,ERR,ERR,ERR,ERR,ERR,ERR,ERR,ERR,ERR,ERR,ERR,ERR,ERR,ERR,ERR,ERR,ERR,ERR,ERR,ERR,ERR,ERR,ERR,ERR,ERR,ERR,ERR,ERR,ERR,ERR,ERR,ERR,ERR,ERR,ERR,ERR,ERR,ERR,ERR,ERR,ERR,ERR,ERR,ERR,ERR,60.0,60.0,35,0.0,0.0,0.0,0.0,0.0,0.0,0.0,0.0,0.0,0.0,0.0,0.0,0.0,0.0,0.0,0.0,64.8,0,138,66,53,65476,0,65476,1,4,4,20529,65476,0,0,2621,60.0,0.0,0.0,0.0,0.0,0.0
2026-07-09T15:38:38,ERR,ERR,ERR,ERR,ERR,ERR,ERR,ERR,ERR,ERR,ERR,ERR,ERR,ERR,ERR,ERR,ERR,ERR,ERR,ERR,ERR,ERR,ERR,ERR,ERR,ERR,ERR,ERR,ERR,ERR,ERR,ERR,ERR,ERR,ERR,ERR,ERR,ERR,ERR,ERR,ERR,ERR,ERR,ERR,ERR,ERR,ERR,ERR,ERR,ERR,ERR,ERR,ERR,ERR,ERR,ERR,ERR,ERR,ERR,ERR,ERR,ERR,ERR,ERR,ERR,ERR,ERR,ERR,ERR,ERR,ERR,ERR,ERR,ERR,ERR,ERR,ERR,ERR,ERR,ERR,ERR,ERR,ERR,ERR,ERR,ERR,ERR,ERR,ERR,ERR,ERR,ERR,ERR,ERR,ERR,ERR,ERR,ERR,ERR,ERR,ERR,ERR,ERR,ERR,ERR,ERR,ERR,ERR,ERR,ERR,ERR,ERR,ERR,ERR,ERR,ERR,ERR,ERR,ERR,ERR,ERR,ERR,ERR,ERR,ERR,-107615136.0,0.0,-0.0,2.7183478752108883e+23,0.0,58893975683072.0,-0.0,-0.0,0,0,4,17309,7116,0.0,100,0.0,0.0,2.7183478752108883e+23,0.0,0.0,0,0,0,0,0.0,0,0,0,0,0,0,0,0,0,0,0,0,0,0,0,0,0,0,0,0,0,0,0,0,0,0,0,0,0,0,0,0,0,31,40,40,71,65476,0,300,0,0,8,21553,0.0,-107605600.0,0.0,0.0,0.0,0.0,0.0,0.0,0.0,0.0,0.0,0.0,0.0,0.0,0.0,0.0,0.0,0.0,0.0,0.0,0.0,0.0,0.0,3.697066946564247e+19,0.0,0.0,0.0,0.0,0.0,0.0,5090.0,-1.5879299197982542e+29,6915.0,-107615136.0,0.0,2.004,2.004,0.0,0.0,0.0,0.0,69,-0.0,-3.2220042429832936e+26,0.0,0.0,0.0,0.0,0.0,0.0,0.0,0,0,0,0.0,0.0,0.0,0.0,0.0,0.0,0.0,0.0,0.0,0.0,0.0,0.0,0.0,0.0,0.0,0.0,0,-107875648.0,69,0.0,138,0.0,2.012,ERR,ERR,ERR,ERR,ERR,ERR,ERR,ERR,ERR,ERR,ERR,ERR,ERR,ERR,ERR,ERR,ERR,ERR,ERR,ERR,ERR,ERR,ERR,ERR,ERR,ERR,ERR,ERR,ERR,ERR,ERR,ERR,ERR,ERR,ERR,ERR,ERR,ERR,ERR,ERR,ERR,ERR,ERR,ERR,ERR,ERR,ERR,ERR,ERR,ERR,ERR,ERR,ERR,ERR,ERR,ERR,ERR,ERR,ERR,ERR,ERR,ERR,ERR,ERR,ERR,ERR,ERR,60.0,60.0,35,0.0,0.0,0.0,0.0,0.0,0.0,0.0,0.0,0.0,0.0,0.0,0.0,0.0,0.0,0.0,0.0,64.8,0,138,66,53,65476,0,65476,1,4,4,20529,65476,0,0,2621,60.0,0.0,0.0,0.0,0.0,0.0
2026-07-09T15:38:39,ERR,ERR,ERR,ERR,ERR,ERR,ERR,ERR,ERR,ERR,ERR,ERR,ERR,ERR,ERR,ERR,ERR,ERR,ERR,ERR,ERR,ERR,ERR,ERR,ERR,ERR,ERR,ERR,ERR,ERR,ERR,ERR,ERR,ERR,ERR,ERR,ERR,ERR,ERR,ERR,ERR,ERR,ERR,ERR,ERR,ERR,ERR,ERR,ERR,ERR,ERR,ERR,ERR,ERR,ERR,ERR,ERR,ERR,ERR,ERR,ERR,ERR,ERR,ERR,ERR,ERR,ERR,ERR,ERR,ERR,ERR,ERR,ERR,ERR,ERR,ERR,ERR,ERR,ERR,ERR,ERR,ERR,ERR,ERR,ERR,ERR,ERR,ERR,ERR,ERR,ERR,ERR,ERR,ERR,ERR,ERR,ERR,ERR,ERR,ERR,ERR,ERR,ERR,ERR,ERR,ERR,ERR,ERR,ERR,ERR,ERR,ERR,ERR,ERR,ERR,ERR,ERR,ERR,ERR,ERR,ERR,ERR,ERR,ERR,ERR,-107615136.0,0.0,-0.0,2.7183478752108883e+23,0.0,58893975683072.0,-0.0,-0.0,0,0,4,17309,7116,0.0,100,0.0,0.0,2.7183478752108883e+23,0.0,0.0,0,0,0,0,0.0,0,0,0,0,0,0,0,0,0,0,0,0,0,0,0,0,0,0,0,0,0,0,0,0,0,0,0,0,0,0,0,0,0,31,40,40,71,65476,0,300,0,0,8,21553,0.0,-107605600.0,0.0,0.0,0.0,0.0,0.0,0.0,0.0,0.0,0.0,0.0,0.0,0.0,0.0,0.0,0.0,0.0,0.0,0.0,0.0,0.0,0.0,3.697066946564247e+19,0.0,0.0,0.0,0.0,0.0,0.0,5090.0,-1.5879299197982542e+29,6915.0,-107615136.0,0.0,2.004,2.004,0.0,0.0,0.0,0.0,69,-0.0,-3.2220042429832936e+26,0.0,0.0,0.0,0.0,0.0,0.0,0.0,0,0,0,0.0,0.0,0.0,0.0,0.0,0.0,0.0,0.0,0.0,0.0,0.0,0.0,0.0,0.0,0.0,0.0,0,-107875648.0,69,0.0,138,0.0,2.012,ERR,ERR,ERR,ERR,ERR,ERR,ERR,ERR,ERR,ERR,ERR,ERR,ERR,ERR,ERR,ERR,ERR,ERR,ERR,ERR,ERR,ERR,ERR,ERR,ERR,ERR,ERR,ERR,ERR,ERR,ERR,ERR,ERR,ERR,ERR,ERR,ERR,ERR,ERR,ERR,ERR,ERR,ERR,ERR,ERR,ERR,ERR,ERR,ERR,ERR,ERR,ERR,ERR,ERR,ERR,ERR,ERR,ERR,ERR,ERR,ERR,ERR,ERR,ERR,ERR,ERR,ERR,60.0,60.0,35,0.0,0.0,0.0,0.0,0.0,0.0,0.0,0.0,0.0,0.0,0.0,0.0,0.0,0.0,0.0,0.0,64.8,0,138,66,53,65476,0,65476,1,4,4,20529,65476,0,0,2621,60.0,0.0,0.0,0.0,0.0,0.0
2026-07-09T15:38:40,ERR,ERR,ERR,ERR,ERR,ERR,ERR,ERR,ERR,ERR,ERR,ERR,ERR,ERR,ERR,ERR,ERR,ERR,ERR,ERR,ERR,ERR,ERR,ERR,ERR,ERR,ERR,ERR,ERR,ERR,ERR,ERR,ERR,ERR,ERR,ERR,ERR,ERR,ERR,ERR,ERR,ERR,ERR,ERR,ERR,ERR,ERR,ERR,ERR,ERR,ERR,ERR,ERR,ERR,ERR,ERR,ERR,ERR,ERR,ERR,ERR,ERR,ERR,ERR,ERR,ERR,ERR,ERR,ERR,ERR,ERR,ERR,ERR,ERR,ERR,ERR,ERR,ERR,ERR,ERR,ERR,ERR,ERR,ERR,ERR,ERR,ERR,ERR,ERR,ERR,ERR,ERR,ERR,ERR,ERR,ERR,ERR,ERR,ERR,ERR,ERR,ERR,ERR,ERR,ERR,ERR,ERR,ERR,ERR,ERR,ERR,ERR,ERR,ERR,ERR,ERR,ERR,ERR,ERR,ERR,ERR,ERR,ERR,ERR,ERR,-107615136.0,0.0,-0.0,2.7183478752108883e+23,0.0,58893975683072.0,-0.0,-0.0,0,0,4,17309,7116,0.0,100,0.0,0.0,2.7183478752108883e+23,0.0,0.0,0,0,0,0,0.0,0,0,0,0,0,0,0,0,0,0,0,0,0,0,0,0,0,0,0,0,0,0,0,0,0,0,0,0,0,0,0,0,0,31,40,40,71,65476,0,300,0,0,8,21553,0.0,-107605600.0,0.0,0.0,0.0,0.0,0.0,0.0,0.0,0.0,0.0,0.0,0.0,0.0,0.0,0.0,0.0,0.0,0.0,0.0,0.0,0.0,0.0,3.697066946564247e+19,0.0,0.0,0.0,0.0,0.0,0.0,5090.0,-1.5879299197982542e+29,6915.0,-107615136.0,0.0,2.004,2.004,0.0,0.0,0.0,0.0,69,-0.0,-3.2220042429832936e+26,0.0,0.0,0.0,0.0,0.0,0.0,0.0,0,0,0,0.0,0.0,0.0,0.0,0.0,0.0,0.0,0.0,0.0,0.0,0.0,0.0,0.0,0.0,0.0,0.0,0,-107875648.0,69,0.0,138,0.0,2.012,ERR,ERR,ERR,ERR,ERR,ERR,ERR,ERR,ERR,ERR,ERR,ERR,ERR,ERR,ERR,ERR,ERR,ERR,ERR,ERR,ERR,ERR,ERR,ERR,ERR,ERR,ERR,ERR,ERR,ERR,ERR,ERR,ERR,ERR,ERR,ERR,ERR,ERR,ERR,ERR,ERR,ERR,ERR,ERR,ERR,ERR,ERR,ERR,ERR,ERR,ERR,ERR,ERR,ERR,ERR,ERR,ERR,ERR,ERR,ERR,ERR,ERR,ERR,ERR,ERR,ERR,ERR,60.0,60.0,35,0.0,0.0,0.0,0.0,0.0,0.0,0.0,0.0,0.0,0.0,0.0,0.0,0.0,0.0,0.0,0.0,64.8,0,138,66,53,65476,0,65476,1,4,4,20529,65476,0,0,2621,60.0,0.0,0.0,0.0,0.0,0.0
2026-07-09T15:38:41,ERR,ERR,ERR,ERR,ERR,ERR,ERR,ERR,ERR,ERR,ERR,ERR,ERR,ERR,ERR,ERR,ERR,ERR,ERR,ERR,ERR,ERR,ERR,ERR,ERR,ERR,ERR,ERR,ERR,ERR,ERR,ERR,ERR,ERR,ERR,ERR,ERR,ERR,ERR,ERR,ERR,ERR,ERR,ERR,ERR,ERR,ERR,ERR,ERR,ERR,ERR,ERR,ERR,ERR,ERR,ERR,ERR,ERR,ERR,ERR,ERR,ERR,ERR,ERR,ERR,ERR,ERR,ERR,ERR,ERR,ERR,ERR,ERR,ERR,ERR,ERR,ERR,ERR,ERR,ERR,ERR,ERR,ERR,ERR,ERR,ERR,ERR,ERR,ERR,ERR,ERR,ERR,ERR,ERR,ERR,ERR,ERR,ERR,ERR,ERR,ERR,ERR,ERR,ERR,ERR,ERR,ERR,ERR,ERR,ERR,ERR,ERR,ERR,ERR,ERR,ERR,ERR,ERR,ERR,ERR,ERR,ERR,ERR,ERR,ERR,-107615136.0,0.0,-0.0,2.7183478752108883e+23,0.0,58893975683072.0,-0.0,-0.0,0,0,4,17309,7116,0.0,100,0.0,0.0,2.7183478752108883e+23,0.0,0.0,0,0,0,0,0.0,0,0,0,0,0,0,0,0,0,0,0,0,0,0,0,0,0,0,0,0,0,0,0,0,0,0,0,0,0,0,0,0,0,31,40,40,71,65476,0,300,0,0,8,21553,0.0,-107605600.0,0.0,0.0,0.0,0.0,0.0,0.0,0.0,0.0,0.0,0.0,0.0,0.0,0.0,0.0,0.0,0.0,0.0,0.0,0.0,0.0,0.0,3.697066946564247e+19,0.0,0.0,0.0,0.0,0.0,0.0,5090.0,-1.5879299197982542e+29,6915.0,-107615136.0,0.0,2.004,2.004,0.0,0.0,0.0,0.0,69,-0.0,-3.2220042429832936e+26,0.0,0.0,0.0,0.0,0.0,0.0,0.0,0,0,0,0.0,0.0,0.0,0.0,0.0,0.0,0.0,0.0,0.0,0.0,0.0,0.0,0.0,0.0,0.0,0.0,0,-107875648.0,69,0.0,138,0.0,2.012,ERR,ERR,ERR,ERR,ERR,ERR,ERR,ERR,ERR,ERR,ERR,ERR,ERR,ERR,ERR,ERR,ERR,ERR,ERR,ERR,ERR,ERR,ERR,ERR,ERR,ERR,ERR,ERR,ERR,ERR,ERR,ERR,ERR,ERR,ERR,ERR,ERR,ERR,ERR,ERR,ERR,ERR,ERR,ERR,ERR,ERR,ERR,ERR,ERR,ERR,ERR,ERR,ERR,ERR,ERR,ERR,ERR,ERR,ERR,ERR,ERR,ERR,ERR,ERR,ERR,ERR,ERR,60.0,60.0,35,0.0,0.0,0.0,0.0,0.0,0.0,0.0,0.0,0.0,0.0,0.0,0.0,0.0,0.0,0.0,0.0,64.8,0,138,66,53,65476,0,65476,1,4,4,20529,65476,0,0,2621,60.0,0.0,0.0,0.0,0.0,0.0
2026-07-09T15:38:42,ERR,ERR,ERR,ERR,ERR,ERR,ERR,ERR,ERR,ERR,ERR,ERR,ERR,ERR,ERR,ERR,ERR,ERR,ERR,ERR,ERR,ERR,ERR,ERR,ERR,ERR,ERR,ERR,ERR,ERR,ERR,ERR,ERR,ERR,ERR,ERR,ERR,ERR,ERR,ERR,ERR,ERR,ERR,ERR,ERR,ERR,ERR,ERR,ERR,ERR,ERR,ERR,ERR,ERR,ERR,ERR,ERR,ERR,ERR,ERR,ERR,ERR,ERR,ERR,ERR,ERR,ERR,ERR,ERR,ERR,ERR,ERR,ERR,ERR,ERR,ERR,ERR,ERR,ERR,ERR,ERR,ERR,ERR,ERR,ERR,ERR,ERR,ERR,ERR,ERR,ERR,ERR,ERR,ERR,ERR,ERR,ERR,ERR,ERR,ERR,ERR,ERR,ERR,ERR,ERR,ERR,ERR,ERR,ERR,ERR,ERR,ERR,ERR,ERR,ERR,ERR,ERR,ERR,ERR,ERR,ERR,ERR,ERR,ERR,ERR,-107615136.0,-0.0,2.7302244078602196e+23,0.0,-0.0,1.998570656652111e+31,0.0,-7.209033070361929e+22,0,0,4,17311,7116,0.0,100,0.0,0.0,0.0,0.0,0.0,0,0,0,0,0.0,0,0,0,0,0,0,0,0,0,0,0,0,0,0,0,0,0,0,0,0,0,0,0,0,0,0,0,0,0,0,0,0,0,31,40,40,71,65476,0,300,0,0,8,21553,0.0,-107605600.0,0.0,0.0,0.0,0.0,0.0,0.0,0.0,0.0,0.0,0.0,0.0,0.0,0.0,0.0,0.0,0.0,0.0,0.0,0.0,0.0,0.0,-3.697066506759596e+19,0.0,0.0,0.0,0.0,0.0,0.0,5137.0,-0.0,6931.0,-107615136.0,0.0,2.004,2.004,0.0,0.0,0.0,0.0,69,3.222028592685471e+26,-0.0,0.0,0.0,0.0,0.0,0.0,0.0,0.0,0,0,0,0.0,0.0,0.0,0.0,0.0,0.0,0.0,0.0,0.0,0.0,0.0,0.0,0.0,0.0,0.0,0.0,0,-107875648.0,69,0.0,138,0.0,2.012,ERR,ERR,ERR,ERR,ERR,ERR,ERR,ERR,ERR,ERR,ERR,ERR,ERR,ERR,ERR,ERR,ERR,ERR,ERR,ERR,ERR,ERR,ERR,ERR,ERR,ERR,ERR,ERR,ERR,ERR,ERR,ERR,ERR,ERR,ERR,ERR,ERR,ERR,ERR,ERR,ERR,ERR,ERR,ERR,ERR,ERR,ERR,ERR,ERR,ERR,ERR,ERR,ERR,ERR,ERR,ERR,ERR,ERR,ERR,ERR,ERR,ERR,ERR,ERR,ERR,ERR,ERR,60.0,60.0,35,0.0,0.0,0.0,0.0,0.0,0.0,0.0,0.0,0.0,0.0,0.0,0.0,0.0,0.0,0.0,0.0,64.8,0,138,66,53,65476,0,65476,1,4,4,20529,65476,0,0,2621,60.0,0.0,0.0,0.0,0.0,0.0
2026-07-09T15:38:43,ERR,ERR,ERR,ERR,ERR,ERR,ERR,ERR,ERR,ERR,ERR,ERR,ERR,ERR,ERR,ERR,ERR,ERR,ERR,ERR,ERR,ERR,ERR,ERR,ERR,ERR,ERR,ERR,ERR,ERR,ERR,ERR,ERR,ERR,ERR,ERR,ERR,ERR,ERR,ERR,ERR,ERR,ERR,ERR,ERR,ERR,ERR,ERR,ERR,ERR,ERR,ERR,ERR,ERR,ERR,ERR,ERR,ERR,ERR,ERR,ERR,ERR,ERR,ERR,ERR,ERR,ERR,ERR,ERR,ERR,ERR,ERR,ERR,ERR,ERR,ERR,ERR,ERR,ERR,ERR,ERR,ERR,ERR,ERR,ERR,ERR,ERR,ERR,ERR,ERR,ERR,ERR,ERR,ERR,ERR,ERR,ERR,ERR,ERR,ERR,ERR,ERR,ERR,ERR,ERR,ERR,ERR,ERR,ERR,ERR,ERR,ERR,ERR,ERR,ERR,ERR,ERR,ERR,ERR,ERR,ERR,ERR,ERR,ERR,ERR,-107615136.0,-0.0,2.7302244078602196e+23,0.0,-0.0,1.998570656652111e+31,0.0,-7.209033070361929e+22,0,0,4,17311,7116,0.0,100,0.0,0.0,0.0,0.0,0.0,0,0,0,0,0.0,0,0,0,0,0,0,0,0,0,0,0,0,0,0,0,0,0,0,0,0,0,0,0,0,0,0,0,0,0,0,0,0,0,31,40,40,71,65476,0,300,0,0,8,21553,0.0,-107605600.0,0.0,0.0,0.0,0.0,0.0,0.0,0.0,0.0,0.0,0.0,0.0,0.0,0.0,0.0,0.0,0.0,0.0,0.0,0.0,0.0,0.0,-3.697066506759596e+19,0.0,0.0,0.0,0.0,0.0,0.0,5137.0,-0.0,6931.0,-107615136.0,0.0,2.004,2.004,0.0,0.0,0.0,0.0,69,3.222028592685471e+26,-0.0,0.0,0.0,0.0,0.0,0.0,0.0,0.0,0,0,0,0.0,0.0,0.0,0.0,0.0,0.0,0.0,0.0,0.0,0.0,0.0,0.0,0.0,0.0,0.0,0.0,0,-107875648.0,69,0.0,138,0.0,2.012,ERR,ERR,ERR,ERR,ERR,ERR,ERR,ERR,ERR,ERR,ERR,ERR,ERR,ERR,ERR,ERR,ERR,ERR,ERR,ERR,ERR,ERR,ERR,ERR,ERR,ERR,ERR,ERR,ERR,ERR,ERR,ERR,ERR,ERR,ERR,ERR,ERR,ERR,ERR,ERR,ERR,ERR,ERR,ERR,ERR,ERR,ERR,ERR,ERR,ERR,ERR,ERR,ERR,ERR,ERR,ERR,ERR,ERR,ERR,ERR,ERR,ERR,ERR,ERR,ERR,ERR,ERR,60.0,60.0,35,0.0,0.0,0.0,0.0,0.0,0.0,0.0,0.0,0.0,0.0,0.0,0.0,0.0,0.0,0.0,0.0,65.2,0,138,66,53,65476,0,65476,1,4,4,20529,65476,0,0,2621,60.0,0.0,0.0,0.0,0.0,0.0
2026-07-09T15:38:44,ERR,ERR,ERR,ERR,ERR,ERR,ERR,ERR,ERR,ERR,ERR,ERR,ERR,ERR,ERR,ERR,ERR,ERR,ERR,ERR,ERR,ERR,ERR,ERR,ERR,ERR,ERR,ERR,ERR,ERR,ERR,ERR,ERR,ERR,ERR,ERR,ERR,ERR,ERR,ERR,ERR,ERR,ERR,ERR,ERR,ERR,ERR,ERR,ERR,ERR,ERR,ERR,ERR,ERR,ERR,ERR,ERR,ERR,ERR,ERR,ERR,ERR,ERR,ERR,ERR,ERR,ERR,ERR,ERR,ERR,ERR,ERR,ERR,ERR,ERR,ERR,ERR,ERR,ERR,ERR,ERR,ERR,ERR,ERR,ERR,ERR,ERR,ERR,ERR,ERR,ERR,ERR,ERR,ERR,ERR,ERR,ERR,ERR,ERR,ERR,ERR,ERR,ERR,ERR,ERR,ERR,ERR,ERR,ERR,ERR,ERR,ERR,ERR,ERR,ERR,ERR,ERR,ERR,ERR,ERR,ERR,ERR,ERR,ERR,ERR,-107615136.0,-0.0,2.7302244078602196e+23,0.0,-0.0,1.998570656652111e+31,0.0,-7.209033070361929e+22,0,0,4,17311,7116,0.0,100,0.0,0.0,0.0,0.0,0.0,0,0,0,0,0.0,0,0,0,0,0,0,0,0,0,0,0,0,0,0,0,0,0,0,0,0,0,0,0,0,0,0,0,0,0,0,0,0,0,31,40,40,71,65476,0,300,0,0,8,21553,0.0,-107605600.0,0.0,0.0,0.0,0.0,0.0,0.0,0.0,0.0,0.0,0.0,0.0,0.0,0.0,0.0,0.0,0.0,0.0,0.0,0.0,0.0,0.0,-3.697066506759596e+19,0.0,0.0,0.0,0.0,0.0,0.0,5137.0,-0.0,6931.0,-107615136.0,0.0,2.004,2.004,0.0,0.0,0.0,0.0,69,3.222028592685471e+26,-0.0,0.0,0.0,0.0,0.0,0.0,0.0,0.0,0,0,0,0.0,0.0,0.0,0.0,0.0,0.0,0.0,0.0,0.0,0.0,0.0,0.0,0.0,0.0,0.0,0.0,0,-107875648.0,69,0.0,138,0.0,2.012,ERR,ERR,ERR,ERR,ERR,ERR,ERR,ERR,ERR,ERR,ERR,ERR,ERR,ERR,ERR,ERR,ERR,ERR,ERR,ERR,ERR,ERR,ERR,ERR,ERR,ERR,ERR,ERR,ERR,ERR,ERR,ERR,ERR,ERR,ERR,ERR,ERR,ERR,ERR,ERR,ERR,ERR,ERR,ERR,ERR,ERR,ERR,ERR,ERR,ERR,ERR,ERR,ERR,ERR,ERR,ERR,ERR,ERR,ERR,ERR,ERR,ERR,ERR,ERR,ERR,ERR,ERR,60.0,60.0,35,0.0,0.0,0.0,0.0,0.0,0.0,0.0,0.0,0.0,0.0,0.0,0.0,0.0,0.0,0.0,0.0,64.8,0,138,66,53,65476,0,65476,1,4,4,20529,65476,0,0,2621,60.0,0.0,0.0,0.0,0.0,0.0
2026-07-09T15:38:45,ERR,ERR,ERR,ERR,ERR,ERR,ERR,ERR,ERR,ERR,ERR,ERR,ERR,ERR,ERR,ERR,ERR,ERR,ERR,ERR,ERR,ERR,ERR,ERR,ERR,ERR,ERR,ERR,ERR,ERR,ERR,ERR,ERR,ERR,ERR,ERR,ERR,ERR,ERR,ERR,ERR,ERR,ERR,ERR,ERR,ERR,ERR,ERR,ERR,ERR,ERR,ERR,ERR,ERR,ERR,ERR,ERR,ERR,ERR,ERR,ERR,ERR,ERR,ERR,ERR,ERR,ERR,ERR,ERR,ERR,ERR,ERR,ERR,ERR,ERR,ERR,ERR,ERR,ERR,ERR,ERR,ERR,ERR,ERR,ERR,ERR,ERR,ERR,ERR,ERR,ERR,ERR,ERR,ERR,ERR,ERR,ERR,ERR,ERR,ERR,ERR,ERR,ERR,ERR,ERR,ERR,ERR,ERR,ERR,ERR,ERR,ERR,ERR,ERR,ERR,ERR,ERR,ERR,ERR,ERR,ERR,ERR,ERR,ERR,ERR,-107615136.0,-0.0,2.7302244078602196e+23,0.0,-0.0,1.998570656652111e+31,0.0,-7.209033070361929e+22,0,0,4,17311,7116,0.0,100,0.0,0.0,0.0,0.0,0.0,0,0,0,0,0.0,0,0,0,0,0,0,0,0,0,0,0,0,0,0,0,0,0,0,0,0,0,0,0,0,0,0,0,0,0,0,0,0,0,31,40,40,71,65476,0,300,0,0,8,21553,0.0,-107605600.0,0.0,0.0,0.0,0.0,0.0,0.0,0.0,0.0,0.0,0.0,0.0,0.0,0.0,0.0,0.0,0.0,0.0,0.0,0.0,0.0,0.0,-3.697066506759596e+19,0.0,0.0,0.0,0.0,0.0,0.0,5137.0,-0.0,6931.0,-107615136.0,0.0,2.004,2.004,0.0,0.0,0.0,0.0,69,3.222028592685471e+26,-0.0,0.0,0.0,0.0,0.0,0.0,0.0,0.0,0,0,0,0.0,0.0,0.0,0.0,0.0,0.0,0.0,0.0,0.0,0.0,0.0,0.0,0.0,0.0,0.0,0.0,0,-107875648.0,69,0.0,138,0.0,2.012,ERR,ERR,ERR,ERR,ERR,ERR,ERR,ERR,ERR,ERR,ERR,ERR,ERR,ERR,ERR,ERR,ERR,ERR,ERR,ERR,ERR,ERR,ERR,ERR,ERR,ERR,ERR,ERR,ERR,ERR,ERR,ERR,ERR,ERR,ERR,ERR,ERR,ERR,ERR,ERR,ERR,ERR,ERR,ERR,ERR,ERR,ERR,ERR,ERR,ERR,ERR,ERR,ERR,ERR,ERR,ERR,ERR,ERR,ERR,ERR,ERR,ERR,ERR,ERR,ERR,ERR,ERR,60.0,60.0,35,0.0,0.0,0.0,0.0,0.0,0.0,0.0,0.0,0.0,0.0,0.0,0.0,0.0,0.0,0.0,0.0,64.8,0,138,66,53,65476,0,65476,1,4,4,20529,65476,0,0,2621,60.0,0.0,0.0,0.0,0.0,0.0
2026-07-09T15:38:46,ERR,ERR,ERR,ERR,ERR,ERR,ERR,ERR,ERR,ERR,ERR,ERR,ERR,ERR,ERR,ERR,ERR,ERR,ERR,ERR,ERR,ERR,ERR,ERR,ERR,ERR,ERR,ERR,ERR,ERR,ERR,ERR,ERR,ERR,ERR,ERR,ERR,ERR,ERR,ERR,ERR,ERR,ERR,ERR,ERR,ERR,ERR,ERR,ERR,ERR,ERR,ERR,ERR,ERR,ERR,ERR,ERR,ERR,ERR,ERR,ERR,ERR,ERR,ERR,ERR,ERR,ERR,ERR,ERR,ERR,ERR,ERR,ERR,ERR,ERR,ERR,ERR,ERR,ERR,ERR,ERR,ERR,ERR,ERR,ERR,ERR,ERR,ERR,ERR,ERR,ERR,ERR,ERR,ERR,ERR,ERR,ERR,ERR,ERR,ERR,ERR,ERR,ERR,ERR,ERR,ERR,ERR,ERR,ERR,ERR,ERR,ERR,ERR,ERR,ERR,ERR,ERR,ERR,ERR,ERR,ERR,ERR,ERR,ERR,ERR,-107615136.0,-0.0,2.7302244078602196e+23,0.0,-0.0,1.998570656652111e+31,0.0,-7.209033070361929e+22,0,0,4,17311,7116,0.0,100,0.0,0.0,0.0,0.0,0.0,0,0,0,0,0.0,0,0,0,0,0,0,0,0,0,0,0,0,0,0,0,0,0,0,0,0,0,0,0,0,0,0,0,0,0,0,0,0,0,31,40,40,71,65476,0,300,0,0,8,21553,0.0,-107605600.0,0.0,0.0,0.0,0.0,0.0,0.0,0.0,0.0,0.0,0.0,0.0,0.0,0.0,0.0,0.0,0.0,0.0,0.0,0.0,0.0,0.0,-3.697066506759596e+19,0.0,0.0,0.0,0.0,0.0,0.0,5137.0,-0.0,6931.0,-107615136.0,0.0,2.004,2.004,0.0,0.0,0.0,0.0,69,3.222028592685471e+26,-0.0,0.0,0.0,0.0,0.0,0.0,0.0,0.0,0,0,0,0.0,0.0,0.0,0.0,0.0,0.0,0.0,0.0,0.0,0.0,0.0,0.0,0.0,0.0,0.0,0.0,0,-107875648.0,69,0.0,138,0.0,2.012,ERR,ERR,ERR,ERR,ERR,ERR,ERR,ERR,ERR,ERR,ERR,ERR,ERR,ERR,ERR,ERR,ERR,ERR,ERR,ERR,ERR,ERR,ERR,ERR,ERR,ERR,ERR,ERR,ERR,ERR,ERR,ERR,ERR,ERR,ERR,ERR,ERR,ERR,ERR,ERR,ERR,ERR,ERR,ERR,ERR,ERR,ERR,ERR,ERR,ERR,ERR,ERR,ERR,ERR,ERR,ERR,ERR,ERR,ERR,ERR,ERR,ERR,ERR,ERR,ERR,ERR,ERR,60.0,60.0,35,0.0,0.0,0.0,0.0,0.0,0.0,0.0,0.0,0.0,0.0,0.0,0.0,0.0,0.0,0.0,0.0,65.2,0,138,66,53,65476,0,65476,1,4,4,20529,65476,0,0,2621,60.0,0.0,0.0,0.0,0.0,0.0
2026-07-09T15:38:47,ERR,ERR,ERR,ERR,ERR,ERR,ERR,ERR,ERR,ERR,ERR,ERR,ERR,ERR,ERR,ERR,ERR,ERR,ERR,ERR,ERR,ERR,ERR,ERR,ERR,ERR,ERR,ERR,ERR,ERR,ERR,ERR,ERR,ERR,ERR,ERR,ERR,ERR,ERR,ERR,ERR,ERR,ERR,ERR,ERR,ERR,ERR,ERR,ERR,ERR,ERR,ERR,ERR,ERR,ERR,ERR,ERR,ERR,ERR,ERR,ERR,ERR,ERR,ERR,ERR,ERR,ERR,ERR,ERR,ERR,ERR,ERR,ERR,ERR,ERR,ERR,ERR,ERR,ERR,ERR,ERR,ERR,ERR,ERR,ERR,ERR,ERR,ERR,ERR,ERR,ERR,ERR,ERR,ERR,ERR,ERR,ERR,ERR,ERR,ERR,ERR,ERR,ERR,ERR,ERR,ERR,ERR,ERR,ERR,ERR,ERR,ERR,ERR,ERR,ERR,ERR,ERR,ERR,ERR,ERR,ERR,ERR,ERR,ERR,ERR,-107615136.0,0.0,-0.0,2.7183478752108883e+23,-0.0,0.0,0.0,-0.0,0,0,4,17308,7116,0.0,100,0.0,0.0,2.7183478752108883e+23,0.0,0.0,0,0,0,0,0.0,0,0,0,0,0,0,0,0,0,0,0,0,0,0,0,0,0,0,0,0,0,0,0,0,0,0,0,0,0,0,0,0,0,31,40,40,71,65476,0,300,0,0,8,21553,0.0,-107605600.0,0.0,0.0,0.0,0.0,0.0,0.0,0.0,0.0,0.0,0.0,0.0,0.0,0.0,0.0,0.0,0.0,0.0,0.0,0.0,0.0,-2.004,-0.0,0.0,0.0,0.0,0.0,0.0,0.0,5182.0,0.0,6914.0,2.718425337124479e+23,0.0,2.004,2.004,0.0,0.0,0.0,0.0,69,0.0,0.0,0.0,0.0,0.0,0.0,0.0,0.0,0.0,0,0,0,0.0,0.0,0.0,0.0,0.0,0.0,0.0,0.0,0.0,0.0,0.0,0.0,0.0,0.0,0.0,0.0,0,-107875648.0,69,0.0,138,0.0,2.012,ERR,ERR,ERR,ERR,ERR,ERR,ERR,ERR,ERR,ERR,ERR,ERR,ERR,ERR,ERR,ERR,ERR,ERR,ERR,ERR,ERR,ERR,ERR,ERR,ERR,ERR,ERR,ERR,ERR,ERR,ERR,ERR,ERR,ERR,ERR,ERR,ERR,ERR,ERR,ERR,ERR,ERR,ERR,ERR,ERR,ERR,ERR,ERR,ERR,ERR,ERR,ERR,ERR,ERR,ERR,ERR,ERR,ERR,ERR,ERR,ERR,ERR,ERR,ERR,ERR,ERR,ERR,60.0,60.0,35,0.0,0.0,0.0,0.0,0.0,0.0,0.0,0.0,0.0,0.0,0.0,0.0,0.0,0.0,0.0,0.0,65.2,0,138,66,53,65476,0,65476,1,4,4,20529,65476,0,0,2621,60.0,0.0,0.0,0.0,0.0,0.0
2026-07-09T15:38:48,ERR,ERR,ERR,ERR,ERR,ERR,ERR,ERR,ERR,ERR,ERR,ERR,ERR,ERR,ERR,ERR,ERR,ERR,ERR,ERR,ERR,ERR,ERR,ERR,ERR,ERR,ERR,ERR,ERR,ERR,ERR,ERR,ERR,ERR,ERR,ERR,ERR,ERR,ERR,ERR,ERR,ERR,ERR,ERR,ERR,ERR,ERR,ERR,ERR,ERR,ERR,ERR,ERR,ERR,ERR,ERR,ERR,ERR,ERR,ERR,ERR,ERR,ERR,ERR,ERR,ERR,ERR,ERR,ERR,ERR,ERR,ERR,ERR,ERR,ERR,ERR,ERR,ERR,ERR,ERR,ERR,ERR,ERR,ERR,ERR,ERR,ERR,ERR,ERR,ERR,ERR,ERR,ERR,ERR,ERR,ERR,ERR,ERR,ERR,ERR,ERR,ERR,ERR,ERR,ERR,ERR,ERR,ERR,ERR,ERR,ERR,ERR,ERR,ERR,ERR,ERR,ERR,ERR,ERR,ERR,ERR,ERR,ERR,ERR,ERR,-107615136.0,0.0,-0.0,2.7183478752108883e+23,-0.0,0.0,0.0,-0.0,0,0,4,17308,7116,0.0,100,0.0,0.0,2.7183478752108883e+23,0.0,0.0,0,0,0,0,0.0,0,0,0,0,0,0,0,0,0,0,0,0,0,0,0,0,0,0,0,0,0,0,0,0,0,0,0,0,0,0,0,0,0,31,40,40,71,65476,0,300,0,0,8,21553,0.0,-107605600.0,0.0,0.0,0.0,0.0,0.0,0.0,0.0,0.0,0.0,0.0,0.0,0.0,0.0,0.0,0.0,0.0,0.0,0.0,0.0,0.0,-2.004,-0.0,0.0,0.0,0.0,0.0,0.0,0.0,5182.0,0.0,6914.0,2.718425337124479e+23,0.0,2.004,2.004,0.0,0.0,0.0,0.0,69,0.0,0.0,0.0,0.0,0.0,0.0,0.0,0.0,0.0,0,0,0,0.0,0.0,0.0,0.0,0.0,0.0,0.0,0.0,0.0,0.0,0.0,0.0,0.0,0.0,0.0,0.0,0,-107875648.0,69,0.0,138,0.0,2.012,ERR,ERR,ERR,ERR,ERR,ERR,ERR,ERR,ERR,ERR,ERR,ERR,ERR,ERR,ERR,ERR,ERR,ERR,ERR,ERR,ERR,ERR,ERR,ERR,ERR,ERR,ERR,ERR,ERR,ERR,ERR,ERR,ERR,ERR,ERR,ERR,ERR,ERR,ERR,ERR,ERR,ERR,ERR,ERR,ERR,ERR,ERR,ERR,ERR,ERR,ERR,ERR,ERR,ERR,ERR,ERR,ERR,ERR,ERR,ERR,ERR,ERR,ERR,ERR,ERR,ERR,ERR,60.0,60.0,35,0.0,0.0,0.0,0.0,0.0,0.0,0.0,0.0,0.0,0.0,0.0,0.0,0.0,0.0,0.0,0.0,64.8,0,138,66,53,65476,0,65476,1,4,4,20529,65476,0,0,2621,60.0,0.0,0.0,0.0,0.0,0.0
2026-07-09T15:38:49,ERR,ERR,ERR,ERR,ERR,ERR,ERR,ERR,ERR,ERR,ERR,ERR,ERR,ERR,ERR,ERR,ERR,ERR,ERR,ERR,ERR,ERR,ERR,ERR,ERR,ERR,ERR,ERR,ERR,ERR,ERR,ERR,ERR,ERR,ERR,ERR,ERR,ERR,ERR,ERR,ERR,ERR,ERR,ERR,ERR,ERR,ERR,ERR,ERR,ERR,ERR,ERR,ERR,ERR,ERR,ERR,ERR,ERR,ERR,ERR,ERR,ERR,ERR,ERR,ERR,ERR,ERR,ERR,ERR,ERR,ERR,ERR,ERR,ERR,ERR,ERR,ERR,ERR,ERR,ERR,ERR,ERR,ERR,ERR,ERR,ERR,ERR,ERR,ERR,ERR,ERR,ERR,ERR,ERR,ERR,ERR,ERR,ERR,ERR,ERR,ERR,ERR,ERR,ERR,ERR,ERR,ERR,ERR,ERR,ERR,ERR,ERR,ERR,ERR,ERR,ERR,ERR,ERR,ERR,ERR,ERR,ERR,ERR,ERR,ERR,-107615136.0,0.0,-0.0,2.7183478752108883e+23,-0.0,0.0,0.0,-0.0,0,0,4,17308,7116,0.0,100,0.0,0.0,2.7183478752108883e+23,0.0,0.0,0,0,0,0,0.0,0,0,0,0,0,0,0,0,0,0,0,0,0,0,0,0,0,0,0,0,0,0,0,0,0,0,0,0,0,0,0,0,0,31,40,40,71,65476,0,300,0,0,8,21553,0.0,-107605600.0,0.0,0.0,0.0,0.0,0.0,0.0,0.0,0.0,0.0,0.0,0.0,0.0,0.0,0.0,0.0,0.0,0.0,0.0,0.0,0.0,-2.004,-0.0,0.0,0.0,0.0,0.0,0.0,0.0,5182.0,0.0,6914.0,2.718425337124479e+23,0.0,2.004,2.004,0.0,0.0,0.0,0.0,69,0.0,0.0,0.0,0.0,0.0,0.0,0.0,0.0,0.0,0,0,0,0.0,0.0,0.0,0.0,0.0,0.0,0.0,0.0,0.0,0.0,0.0,0.0,0.0,0.0,0.0,0.0,0,-107875648.0,69,0.0,138,0.0,2.012,ERR,ERR,ERR,ERR,ERR,ERR,ERR,ERR,ERR,ERR,ERR,ERR,ERR,ERR,ERR,ERR,ERR,ERR,ERR,ERR,ERR,ERR,ERR,ERR,ERR,ERR,ERR,ERR,ERR,ERR,ERR,ERR,ERR,ERR,ERR,ERR,ERR,ERR,ERR,ERR,ERR,ERR,ERR,ERR,ERR,ERR,ERR,ERR,ERR,ERR,ERR,ERR,ERR,ERR,ERR,ERR,ERR,ERR,ERR,ERR,ERR,ERR,ERR,ERR,ERR,ERR,ERR,60.0,60.0,35,0.0,0.0,0.0,0.0,0.0,0.0,0.0,0.0,0.0,0.0,0.0,0.0,0.0,0.0,0.0,0.0,64.8,0,138,66,53,65476,0,65476,1,4,4,20529,65476,0,0,2621,60.0,0.0,0.0,0.0,0.0,0.0
2026-07-09T15:38:50,ERR,ERR,ERR,ERR,ERR,ERR,ERR,ERR,ERR,ERR,ERR,ERR,ERR,ERR,ERR,ERR,ERR,ERR,ERR,ERR,ERR,ERR,ERR,ERR,ERR,ERR,ERR,ERR,ERR,ERR,ERR,ERR,ERR,ERR,ERR,ERR,ERR,ERR,ERR,ERR,ERR,ERR,ERR,ERR,ERR,ERR,ERR,ERR,ERR,ERR,ERR,ERR,ERR,ERR,ERR,ERR,ERR,ERR,ERR,ERR,ERR,ERR,ERR,ERR,ERR,ERR,ERR,ERR,ERR,ERR,ERR,ERR,ERR,ERR,ERR,ERR,ERR,ERR,ERR,ERR,ERR,ERR,ERR,ERR,ERR,ERR,ERR,ERR,ERR,ERR,ERR,ERR,ERR,ERR,ERR,ERR,ERR,ERR,ERR,ERR,ERR,ERR,ERR,ERR,ERR,ERR,ERR,ERR,ERR,ERR,ERR,ERR,ERR,ERR,ERR,ERR,ERR,ERR,ERR,ERR,ERR,ERR,ERR,ERR,ERR,-107615136.0,0.0,-0.0,2.7183478752108883e+23,-0.0,0.0,0.0,-0.0,0,0,4,17308,7116,0.0,100,0.0,0.0,2.7183478752108883e+23,0.0,0.0,0,0,0,0,0.0,0,0,0,0,0,0,0,0,0,0,0,0,0,0,0,0,0,0,0,0,0,0,0,0,0,0,0,0,0,0,0,0,0,31,40,40,71,65476,0,300,0,0,8,21553,0.0,-107605600.0,0.0,0.0,0.0,0.0,0.0,0.0,0.0,0.0,0.0,0.0,0.0,0.0,0.0,0.0,0.0,0.0,0.0,0.0,0.0,0.0,-2.004,-0.0,0.0,0.0,0.0,0.0,0.0,0.0,5182.0,0.0,6914.0,2.718425337124479e+23,0.0,2.004,2.004,0.0,0.0,0.0,0.0,69,0.0,0.0,0.0,0.0,0.0,0.0,0.0,0.0,0.0,0,0,0,0.0,0.0,0.0,0.0,0.0,0.0,0.0,0.0,0.0,0.0,0.0,0.0,0.0,0.0,0.0,0.0,0,-107875648.0,69,0.0,138,0.0,2.012,ERR,ERR,ERR,ERR,ERR,ERR,ERR,ERR,ERR,ERR,ERR,ERR,ERR,ERR,ERR,ERR,ERR,ERR,ERR,ERR,ERR,ERR,ERR,ERR,ERR,ERR,ERR,ERR,ERR,ERR,ERR,ERR,ERR,ERR,ERR,ERR,ERR,ERR,ERR,ERR,ERR,ERR,ERR,ERR,ERR,ERR,ERR,ERR,ERR,ERR,ERR,ERR,ERR,ERR,ERR,ERR,ERR,ERR,ERR,ERR,ERR,ERR,ERR,ERR,ERR,ERR,ERR,60.0,60.0,35,0.0,0.0,0.0,0.0,0.0,0.0,0.0,0.0,0.0,0.0,0.0,0.0,0.0,0.0,0.0,0.0,64.8,0,137,66,52,65476,0,65476,1,4,4,20529,65476,0,0,2621,60.0,0.0,0.0,0.0,0.0,0.0
2026-07-09T15:38:51,ERR,ERR,ERR,ERR,ERR,ERR,ERR,ERR,ERR,ERR,ERR,ERR,ERR,ERR,ERR,ERR,ERR,ERR,ERR,ERR,ERR,ERR,ERR,ERR,ERR,ERR,ERR,ERR,ERR,ERR,ERR,ERR,ERR,ERR,ERR,ERR,ERR,ERR,ERR,ERR,ERR,ERR,ERR,ERR,ERR,ERR,ERR,ERR,ERR,ERR,ERR,ERR,ERR,ERR,ERR,ERR,ERR,ERR,ERR,ERR,ERR,ERR,ERR,ERR,ERR,ERR,ERR,ERR,ERR,ERR,ERR,ERR,ERR,ERR,ERR,ERR,ERR,ERR,ERR,ERR,ERR,ERR,ERR,ERR,ERR,ERR,ERR,ERR,ERR,ERR,ERR,ERR,ERR,ERR,ERR,ERR,ERR,ERR,ERR,ERR,ERR,ERR,ERR,ERR,ERR,ERR,ERR,ERR,ERR,ERR,ERR,ERR,ERR,ERR,ERR,ERR,ERR,ERR,ERR,ERR,ERR,ERR,ERR,ERR,ERR,-107615136.0,0.0,-0.0,2.7183478752108883e+23,-0.0,0.0,0.0,-0.0,0,0,4,17308,7116,0.0,100,0.0,0.0,2.7183478752108883e+23,0.0,0.0,0,0,0,0,0.0,0,0,0,0,0,0,0,0,0,0,0,0,0,0,0,0,0,0,0,0,0,0,0,0,0,0,0,0,0,0,0,0,0,31,40,40,71,65476,0,300,0,0,8,21553,0.0,-107605600.0,0.0,0.0,0.0,0.0,0.0,0.0,0.0,0.0,0.0,0.0,0.0,0.0,0.0,0.0,0.0,0.0,0.0,0.0,0.0,0.0,-2.004,-0.0,0.0,0.0,0.0,0.0,0.0,0.0,5182.0,0.0,6914.0,2.718425337124479e+23,0.0,2.004,2.004,0.0,0.0,0.0,0.0,69,0.0,0.0,0.0,0.0,0.0,0.0,0.0,0.0,0.0,0,0,0,0.0,0.0,0.0,0.0,0.0,0.0,0.0,0.0,0.0,0.0,0.0,0.0,0.0,0.0,0.0,0.0,0,-107875648.0,69,0.0,138,0.0,2.012,ERR,ERR,ERR,ERR,ERR,ERR,ERR,ERR,ERR,ERR,ERR,ERR,ERR,ERR,ERR,ERR,ERR,ERR,ERR,ERR,ERR,ERR,ERR,ERR,ERR,ERR,ERR,ERR,ERR,ERR,ERR,ERR,ERR,ERR,ERR,ERR,ERR,ERR,ERR,ERR,ERR,ERR,ERR,ERR,ERR,ERR,ERR,ERR,ERR,ERR,ERR,ERR,ERR,ERR,ERR,ERR,ERR,ERR,ERR,ERR,ERR,ERR,ERR,ERR,ERR,ERR,ERR,60.0,60.0,35,0.0,0.0,0.0,0.0,0.0,0.0,0.0,0.0,0.0,0.0,0.0,0.0,0.0,0.0,0.0,0.0,64.8,0,137,66,52,65476,0,65476,1,4,4,20529,65476,0,0,2621,60.0,0.0,0.0,0.0,0.0,0.0
2026-07-09T15:38:52,ERR,ERR,ERR,ERR,ERR,ERR,ERR,ERR,ERR,ERR,ERR,ERR,ERR,ERR,ERR,ERR,ERR,ERR,ERR,ERR,ERR,ERR,ERR,ERR,ERR,ERR,ERR,ERR,ERR,ERR,ERR,ERR,ERR,ERR,ERR,ERR,ERR,ERR,ERR,ERR,ERR,ERR,ERR,ERR,ERR,ERR,ERR,ERR,ERR,ERR,ERR,ERR,ERR,ERR,ERR,ERR,ERR,ERR,ERR,ERR,ERR,ERR,ERR,ERR,ERR,ERR,ERR,ERR,ERR,ERR,ERR,ERR,ERR,ERR,ERR,ERR,ERR,ERR,ERR,ERR,ERR,ERR,ERR,ERR,ERR,ERR,ERR,ERR,ERR,ERR,ERR,ERR,ERR,ERR,ERR,ERR,ERR,ERR,ERR,ERR,ERR,ERR,ERR,ERR,ERR,ERR,ERR,ERR,ERR,ERR,ERR,ERR,ERR,ERR,ERR,ERR,ERR,ERR,ERR,ERR,ERR,ERR,ERR,ERR,ERR,2.718425337124479e+23,-0.0,-108139104.0,0.0,-0.0,-7.984059782035932e+22,-534974247731200.0,0.0,0,0,4,17310,7116,0.0,100,0.0,0.0,0.0,0.0,0.0,0,0,0,0,0.0,0,0,0,0,0,0,0,0,0,0,0,0,0,0,0,0,0,0,0,0,0,0,0,0,0,0,0,0,0,0,0,0,0,31,40,40,71,65476,0,300,0,0,8,21553,0.0,-107605600.0,0.0,0.0,0.0,0.0,0.0,0.0,0.0,0.0,0.0,0.0,0.0,0.0,0.0,0.0,0.0,0.0,0.0,0.0,0.0,0.0,-2.004,2.004,0.0,0.0,0.0,0.0,0.0,0.0,5164.0,-0.0,6933.0,2.718425337124479e+23,2.7184447926748693e+23,2.004,2.004,0.0,0.0,0.0,0.0,69,-0.0,-3.2220049808530565e+26,0.0,0.0,0.0,0.0,0.0,0.0,0.0,0,0,0,0.0,0.0,0.0,0.0,0.0,0.0,0.0,0.0,0.0,0.0,0.0,0.0,0.0,0.0,0.0,0.0,0,-107875648.0,69,0.0,138,0.0,2.012,ERR,ERR,ERR,ERR,ERR,ERR,ERR,ERR,ERR,ERR,ERR,ERR,ERR,ERR,ERR,ERR,ERR,ERR,ERR,ERR,ERR,ERR,ERR,ERR,ERR,ERR,ERR,ERR,ERR,ERR,ERR,ERR,ERR,ERR,ERR,ERR,ERR,ERR,ERR,ERR,ERR,ERR,ERR,ERR,ERR,ERR,ERR,ERR,ERR,ERR,ERR,ERR,ERR,ERR,ERR,ERR,ERR,ERR,ERR,ERR,ERR,ERR,ERR,ERR,ERR,ERR,ERR,60.0,60.0,35,0.0,0.0,0.0,0.0,0.0,0.0,0.0,0.0,0.0,0.0,0.0,0.0,0.0,0.0,0.0,0.0,64.8,0,137,66,52,65476,0,65476,1,4,4,20529,65476,0,0,2621,60.0,0.0,0.0,0.0,0.0,0.0
2026-07-09T15:38:53,ERR,ERR,ERR,ERR,ERR,ERR,ERR,ERR,ERR,ERR,ERR,ERR,ERR,ERR,ERR,ERR,ERR,ERR,ERR,ERR,ERR,ERR,ERR,ERR,ERR,ERR,ERR,ERR,ERR,ERR,ERR,ERR,ERR,ERR,ERR,ERR,ERR,ERR,ERR,ERR,ERR,ERR,ERR,ERR,ERR,ERR,ERR,ERR,ERR,ERR,ERR,ERR,ERR,ERR,ERR,ERR,ERR,ERR,ERR,ERR,ERR,ERR,ERR,ERR,ERR,ERR,ERR,ERR,ERR,ERR,ERR,ERR,ERR,ERR,ERR,ERR,ERR,ERR,ERR,ERR,ERR,ERR,ERR,ERR,ERR,ERR,ERR,ERR,ERR,ERR,ERR,ERR,ERR,ERR,ERR,ERR,ERR,ERR,ERR,ERR,ERR,ERR,ERR,ERR,ERR,ERR,ERR,ERR,ERR,ERR,ERR,ERR,ERR,ERR,ERR,ERR,ERR,ERR,ERR,ERR,ERR,ERR,ERR,ERR,ERR,2.718425337124479e+23,-0.0,-108139104.0,0.0,-0.0,-7.984059782035932e+22,-534974247731200.0,0.0,0,0,4,17310,7116,0.0,100,0.0,0.0,0.0,0.0,0.0,0,0,0,0,0.0,0,0,0,0,0,0,0,0,0,0,0,0,0,0,0,0,0,0,0,0,0,0,0,0,0,0,0,0,0,0,0,0,0,31,40,40,71,65476,0,300,0,0,8,21553,0.0,-107605600.0,0.0,0.0,0.0,0.0,0.0,0.0,0.0,0.0,0.0,0.0,0.0,0.0,0.0,0.0,0.0,0.0,0.0,0.0,0.0,0.0,-2.004,2.004,0.0,0.0,0.0,0.0,0.0,0.0,5164.0,-0.0,6933.0,2.718425337124479e+23,2.7184447926748693e+23,2.004,2.004,0.0,0.0,0.0,0.0,69,-0.0,-3.2220049808530565e+26,0.0,0.0,0.0,0.0,0.0,0.0,0.0,0,0,0,0.0,0.0,0.0,0.0,0.0,0.0,0.0,0.0,0.0,0.0,0.0,0.0,0.0,0.0,0.0,0.0,0,-107875648.0,69,0.0,138,0.0,2.012,ERR,ERR,ERR,ERR,ERR,ERR,ERR,ERR,ERR,ERR,ERR,ERR,ERR,ERR,ERR,ERR,ERR,ERR,ERR,ERR,ERR,ERR,ERR,ERR,ERR,ERR,ERR,ERR,ERR,ERR,ERR,ERR,ERR,ERR,ERR,ERR,ERR,ERR,ERR,ERR,ERR,ERR,ERR,ERR,ERR,ERR,ERR,ERR,ERR,ERR,ERR,ERR,ERR,ERR,ERR,ERR,ERR,ERR,ERR,ERR,ERR,ERR,ERR,ERR,ERR,ERR,ERR,60.0,60.0,35,0.0,0.0,0.0,0.0,0.0,0.0,0.0,0.0,0.0,0.0,0.0,0.0,0.0,0.0,0.0,0.0,64.8,0,137,66,52,65476,0,65476,1,4,4,20529,65476,0,0,2621,60.0,0.0,0.0,0.0,0.0,0.0
2026-07-09T15:38:54,ERR,ERR,ERR,ERR,ERR,ERR,ERR,ERR,ERR,ERR,ERR,ERR,ERR,ERR,ERR,ERR,ERR,ERR,ERR,ERR,ERR,ERR,ERR,ERR,ERR,ERR,ERR,ERR,ERR,ERR,ERR,ERR,ERR,ERR,ERR,ERR,ERR,ERR,ERR,ERR,ERR,ERR,ERR,ERR,ERR,ERR,ERR,ERR,ERR,ERR,ERR,ERR,ERR,ERR,ERR,ERR,ERR,ERR,ERR,ERR,ERR,ERR,ERR,ERR,ERR,ERR,ERR,ERR,ERR,ERR,ERR,ERR,ERR,ERR,ERR,ERR,ERR,ERR,ERR,ERR,ERR,ERR,ERR,ERR,ERR,ERR,ERR,ERR,ERR,ERR,ERR,ERR,ERR,ERR,ERR,ERR,ERR,ERR,ERR,ERR,ERR,ERR,ERR,ERR,ERR,ERR,ERR,ERR,ERR,ERR,ERR,ERR,ERR,ERR,ERR,ERR,ERR,ERR,ERR,ERR,ERR,ERR,ERR,ERR,ERR,2.718425337124479e+23,-0.0,-108139104.0,0.0,-0.0,-7.984059782035932e+22,-534974247731200.0,0.0,0,0,4,17310,7116,0.0,100,0.0,0.0,0.0,0.0,0.0,0,0,0,0,0.0,0,0,0,0,0,0,0,0,0,0,0,0,0,0,0,0,0,0,0,0,0,0,0,0,0,0,0,0,0,0,0,0,0,31,40,40,71,65476,0,300,0,0,8,21553,0.0,-107605600.0,0.0,0.0,0.0,0.0,0.0,0.0,0.0,0.0,0.0,0.0,0.0,0.0,0.0,0.0,0.0,0.0,0.0,0.0,0.0,0.0,-2.004,2.004,0.0,0.0,0.0,0.0,0.0,0.0,5164.0,-0.0,6933.0,2.718425337124479e+23,2.7184447926748693e+23,2.004,2.004,0.0,0.0,0.0,0.0,69,-0.0,-3.2220049808530565e+26,0.0,0.0,0.0,0.0,0.0,0.0,0.0,0,0,0,0.0,0.0,0.0,0.0,0.0,0.0,0.0,0.0,0.0,0.0,0.0,0.0,0.0,0.0,0.0,0.0,0,-107875648.0,69,0.0,138,0.0,2.012,ERR,ERR,ERR,ERR,ERR,ERR,ERR,ERR,ERR,ERR,ERR,ERR,ERR,ERR,ERR,ERR,ERR,ERR,ERR,ERR,ERR,ERR,ERR,ERR,ERR,ERR,ERR,ERR,ERR,ERR,ERR,ERR,ERR,ERR,ERR,ERR,ERR,ERR,ERR,ERR,ERR,ERR,ERR,ERR,ERR,ERR,ERR,ERR,ERR,ERR,ERR,ERR,ERR,ERR,ERR,ERR,ERR,ERR,ERR,ERR,ERR,ERR,ERR,ERR,ERR,ERR,ERR,60.0,60.0,35,0.0,0.0,0.0,0.0,0.0,0.0,0.0,0.0,0.0,0.0,0.0,0.0,0.0,0.0,0.0,0.0,64.8,0,137,66,52,65476,0,65476,1,4,4,20529,65476,0,0,2621,60.0,0.0,0.0,0.0,0.0,0.0
2026-07-09T15:38:55,ERR,ERR,ERR,ERR,ERR,ERR,ERR,ERR,ERR,ERR,ERR,ERR,ERR,ERR,ERR,ERR,ERR,ERR,ERR,ERR,ERR,ERR,ERR,ERR,ERR,ERR,ERR,ERR,ERR,ERR,ERR,ERR,ERR,ERR,ERR,ERR,ERR,ERR,ERR,ERR,ERR,ERR,ERR,ERR,ERR,ERR,ERR,ERR,ERR,ERR,ERR,ERR,ERR,ERR,ERR,ERR,ERR,ERR,ERR,ERR,ERR,ERR,ERR,ERR,ERR,ERR,ERR,ERR,ERR,ERR,ERR,ERR,ERR,ERR,ERR,ERR,ERR,ERR,ERR,ERR,ERR,ERR,ERR,ERR,ERR,ERR,ERR,ERR,ERR,ERR,ERR,ERR,ERR,ERR,ERR,ERR,ERR,ERR,ERR,ERR,ERR,ERR,ERR,ERR,ERR,ERR,ERR,ERR,ERR,ERR,ERR,ERR,ERR,ERR,ERR,ERR,ERR,ERR,ERR,ERR,ERR,ERR,ERR,ERR,ERR,2.718425337124479e+23,-0.0,-108139104.0,0.0,-0.0,-7.984059782035932e+22,-534974247731200.0,0.0,0,0,4,17310,7116,0.0,100,0.0,0.0,0.0,0.0,0.0,0,0,0,0,0.0,0,0,0,0,0,0,0,0,0,0,0,0,0,0,0,0,0,0,0,0,0,0,0,0,0,0,0,0,0,0,0,0,0,31,40,40,71,65476,0,300,0,0,8,21553,0.0,-107605600.0,0.0,0.0,0.0,0.0,0.0,0.0,0.0,0.0,0.0,0.0,0.0,0.0,0.0,0.0,0.0,0.0,0.0,0.0,0.0,0.0,-2.004,2.004,0.0,0.0,0.0,0.0,0.0,0.0,5164.0,-0.0,6933.0,2.718425337124479e+23,2.7184447926748693e+23,2.004,2.004,0.0,0.0,0.0,0.0,69,-0.0,-3.2220049808530565e+26,0.0,0.0,0.0,0.0,0.0,0.0,0.0,0,0,0,0.0,0.0,0.0,0.0,0.0,0.0,0.0,0.0,0.0,0.0,0.0,0.0,0.0,0.0,0.0,0.0,0,-107875648.0,69,0.0,138,0.0,2.012,ERR,ERR,ERR,ERR,ERR,ERR,ERR,ERR,ERR,ERR,ERR,ERR,ERR,ERR,ERR,ERR,ERR,ERR,ERR,ERR,ERR,ERR,ERR,ERR,ERR,ERR,ERR,ERR,ERR,ERR,ERR,ERR,ERR,ERR,ERR,ERR,ERR,ERR,ERR,ERR,ERR,ERR,ERR,ERR,ERR,ERR,ERR,ERR,ERR,ERR,ERR,ERR,ERR,ERR,ERR,ERR,ERR,ERR,ERR,ERR,ERR,ERR,ERR,ERR,ERR,ERR,ERR,60.0,60.0,35,0.0,0.0,0.0,0.0,0.0,0.0,0.0,0.0,0.0,0.0,0.0,0.0,0.0,0.0,0.0,0.0,64.8,0,137,66,52,65476,0,65476,1,4,4,20529,65476,0,0,2621,60.0,0.0,0.0,0.0,0.0,0.0
2026-07-09T15:38:56,ERR,ERR,ERR,ERR,ERR,ERR,ERR,ERR,ERR,ERR,ERR,ERR,ERR,ERR,ERR,ERR,ERR,ERR,ERR,ERR,ERR,ERR,ERR,ERR,ERR,ERR,ERR,ERR,ERR,ERR,ERR,ERR,ERR,ERR,ERR,ERR,ERR,ERR,ERR,ERR,ERR,ERR,ERR,ERR,ERR,ERR,ERR,ERR,ERR,ERR,ERR,ERR,ERR,ERR,ERR,ERR,ERR,ERR,ERR,ERR,ERR,ERR,ERR,ERR,ERR,ERR,ERR,ERR,ERR,ERR,ERR,ERR,ERR,ERR,ERR,ERR,ERR,ERR,ERR,ERR,ERR,ERR,ERR,ERR,ERR,ERR,ERR,ERR,ERR,ERR,ERR,ERR,ERR,ERR,ERR,ERR,ERR,ERR,ERR,ERR,ERR,ERR,ERR,ERR,ERR,ERR,ERR,ERR,ERR,ERR,ERR,ERR,ERR,ERR,ERR,ERR,ERR,ERR,ERR,ERR,ERR,ERR,ERR,ERR,ERR,2.718425337124479e+23,-0.0,-108139104.0,0.0,-0.0,-7.984059782035932e+22,-534974247731200.0,0.0,0,0,4,17310,7116,0.0,100,0.0,0.0,0.0,0.0,0.0,0,0,0,0,0.0,0,0,0,0,0,0,0,0,0,0,0,0,0,0,0,0,0,0,0,0,0,0,0,0,0,0,0,0,0,0,0,0,0,31,40,40,71,65476,0,300,0,0,8,21553,0.0,-107605600.0,0.0,0.0,0.0,0.0,0.0,0.0,0.0,0.0,0.0,0.0,0.0,0.0,0.0,0.0,0.0,0.0,0.0,0.0,0.0,0.0,-2.004,2.004,0.0,0.0,0.0,0.0,0.0,0.0,5164.0,-0.0,6933.0,2.718425337124479e+23,2.7184447926748693e+23,2.004,2.004,0.0,0.0,0.0,0.0,69,-0.0,-3.2220049808530565e+26,0.0,0.0,0.0,0.0,0.0,0.0,0.0,0,0,0,0.0,0.0,0.0,0.0,0.0,0.0,0.0,0.0,0.0,0.0,0.0,0.0,0.0,0.0,0.0,0.0,0,-107875648.0,69,0.0,138,0.0,2.012,ERR,ERR,ERR,ERR,ERR,ERR,ERR,ERR,ERR,ERR,ERR,ERR,ERR,ERR,ERR,ERR,ERR,ERR,ERR,ERR,ERR,ERR,ERR,ERR,ERR,ERR,ERR,ERR,ERR,ERR,ERR,ERR,ERR,ERR,ERR,ERR,ERR,ERR,ERR,ERR,ERR,ERR,ERR,ERR,ERR,ERR,ERR,ERR,ERR,ERR,ERR,ERR,ERR,ERR,ERR,ERR,ERR,ERR,ERR,ERR,ERR,ERR,ERR,ERR,ERR,ERR,ERR,60.0,60.0,35,0.0,0.0,0.0,0.0,0.0,0.0,0.0,0.0,0.0,0.0,0.0,0.0,0.0,0.0,0.0,0.0,65.2,0,137,65,52,65476,0,65476,1,4,4,20529,65476,0,0,2621,60.0,0.0,0.0,0.0,0.0,0.0
2026-07-09T15:38:57,ERR,ERR,ERR,ERR,ERR,ERR,ERR,ERR,ERR,ERR,ERR,ERR,ERR,ERR,ERR,ERR,ERR,ERR,ERR,ERR,ERR,ERR,ERR,ERR,ERR,ERR,ERR,ERR,ERR,ERR,ERR,ERR,ERR,ERR,ERR,ERR,ERR,ERR,ERR,ERR,ERR,ERR,ERR,ERR,ERR,ERR,ERR,ERR,ERR,ERR,ERR,ERR,ERR,ERR,ERR,ERR,ERR,ERR,ERR,ERR,ERR,ERR,ERR,ERR,ERR,ERR,ERR,ERR,ERR,ERR,ERR,ERR,ERR,ERR,ERR,ERR,ERR,ERR,ERR,ERR,ERR,ERR,ERR,ERR,ERR,ERR,ERR,ERR,ERR,ERR,ERR,ERR,ERR,ERR,ERR,ERR,ERR,ERR,ERR,ERR,ERR,ERR,ERR,ERR,ERR,ERR,ERR,ERR,ERR,ERR,ERR,ERR,ERR,ERR,ERR,ERR,ERR,ERR,ERR,ERR,ERR,ERR,ERR,ERR,ERR,2.718425337124479e+23,-107615992.0,0.0,2.7183478752108883e+23,-2118150.25,0.0,0.0,0.0,0,0,4,17306,7116,0.0,100,0.0,0.0,2.7183478752108883e+23,0.0,0.0,0,0,0,0,0.0,0,0,0,0,0,0,0,0,0,0,0,0,0,0,0,0,0,0,0,0,0,0,0,0,0,0,0,0,0,0,0,0,0,31,40,40,71,65476,0,300,0,0,8,21553,0.0,-107605600.0,0.0,0.0,0.0,0.0,0.0,0.0,0.0,0.0,0.0,0.0,0.0,0.0,0.0,0.0,0.0,0.0,0.0,0.0,0.0,0.0,-2.004,-2.004,0.0,0.0,0.0,0.0,0.0,0.0,5173.0,-2.004,6936.0,2.718425337124479e+23,-0.0,2.004,2.004,0.0,0.0,0.0,0.0,69,0.0,0.0,0.0,0.0,0.0,0.0,0.0,0.0,0.0,0,0,0,0.0,0.0,0.0,0.0,0.0,0.0,0.0,0.0,0.0,0.0,0.0,0.0,0.0,0.0,0.0,0.0,0,-107875648.0,69,0.0,138,0.0,2.012,ERR,ERR,ERR,ERR,ERR,ERR,ERR,ERR,ERR,ERR,ERR,ERR,ERR,ERR,ERR,ERR,ERR,ERR,ERR,ERR,ERR,ERR,ERR,ERR,ERR,ERR,ERR,ERR,ERR,ERR,ERR,ERR,ERR,ERR,ERR,ERR,ERR,ERR,ERR,ERR,ERR,ERR,ERR,ERR,ERR,ERR,ERR,ERR,ERR,ERR,ERR,ERR,ERR,ERR,ERR,ERR,ERR,ERR,ERR,ERR,ERR,ERR,ERR,ERR,ERR,ERR,ERR,60.0,60.0,35,0.0,0.0,0.0,0.0,0.0,0.0,0.0,0.0,0.0,0.0,0.0,0.0,0.0,0.0,0.0,0.0,65.2,0,137,65,52,65476,0,65476,1,4,4,20529,65476,0,0,2621,60.0,0.0,0.0,0.0,0.0,0.0
2026-07-09T15:38:58,ERR,ERR,ERR,ERR,ERR,ERR,ERR,ERR,ERR,ERR,ERR,ERR,ERR,ERR,ERR,ERR,ERR,ERR,ERR,ERR,ERR,ERR,ERR,ERR,ERR,ERR,ERR,ERR,ERR,ERR,ERR,ERR,ERR,ERR,ERR,ERR,ERR,ERR,ERR,ERR,ERR,ERR,ERR,ERR,ERR,ERR,ERR,ERR,ERR,ERR,ERR,ERR,ERR,ERR,ERR,ERR,ERR,ERR,ERR,ERR,ERR,ERR,ERR,ERR,ERR,ERR,ERR,ERR,ERR,ERR,ERR,ERR,ERR,ERR,ERR,ERR,ERR,ERR,ERR,ERR,ERR,ERR,ERR,ERR,ERR,ERR,ERR,ERR,ERR,ERR,ERR,ERR,ERR,ERR,ERR,ERR,ERR,ERR,ERR,ERR,ERR,ERR,ERR,ERR,ERR,ERR,ERR,ERR,ERR,ERR,ERR,ERR,ERR,ERR,ERR,ERR,ERR,ERR,ERR,ERR,ERR,ERR,ERR,ERR,ERR,2.718425337124479e+23,-107615992.0,0.0,2.7183478752108883e+23,-2118150.25,0.0,0.0,0.0,0,0,4,17306,7116,0.0,100,0.0,0.0,2.7183478752108883e+23,0.0,0.0,0,0,0,0,0.0,0,0,0,0,0,0,0,0,0,0,0,0,0,0,0,0,0,0,0,0,0,0,0,0,0,0,0,0,0,0,0,0,0,31,40,40,71,65476,0,300,0,0,8,21553,0.0,-107605600.0,0.0,0.0,0.0,0.0,0.0,0.0,0.0,0.0,0.0,0.0,0.0,0.0,0.0,0.0,0.0,0.0,0.0,0.0,0.0,0.0,-2.004,-2.004,0.0,0.0,0.0,0.0,0.0,0.0,5173.0,-2.004,6936.0,2.718425337124479e+23,-0.0,2.004,2.004,0.0,0.0,0.0,0.0,69,0.0,0.0,0.0,0.0,0.0,0.0,0.0,0.0,0.0,0,0,0,0.0,0.0,0.0,0.0,0.0,0.0,0.0,0.0,0.0,0.0,0.0,0.0,0.0,0.0,0.0,0.0,0,-107875648.0,69,0.0,138,0.0,2.012,ERR,ERR,ERR,ERR,ERR,ERR,ERR,ERR,ERR,ERR,ERR,ERR,ERR,ERR,ERR,ERR,ERR,ERR,ERR,ERR,ERR,ERR,ERR,ERR,ERR,ERR,ERR,ERR,ERR,ERR,ERR,ERR,ERR,ERR,ERR,ERR,ERR,ERR,ERR,ERR,ERR,ERR,ERR,ERR,ERR,ERR,ERR,ERR,ERR,ERR,ERR,ERR,ERR,ERR,ERR,ERR,ERR,ERR,ERR,ERR,ERR,ERR,ERR,ERR,ERR,ERR,ERR,60.0,60.0,35,0.0,0.0,0.0,0.0,0.0,0.0,0.0,0.0,0.0,0.0,0.0,0.0,0.0,0.0,0.0,0.0,64.8,0,137,65,52,65476,0,65476,1,4,4,20529,65476,0,0,2621,60.0,0.0,0.0,0.0,0.0,0.0
2026-07-09T15:38:59,ERR,ERR,ERR,ERR,ERR,ERR,ERR,ERR,ERR,ERR,ERR,ERR,ERR,ERR,ERR,ERR,ERR,ERR,ERR,ERR,ERR,ERR,ERR,ERR,ERR,ERR,ERR,ERR,ERR,ERR,ERR,ERR,ERR,ERR,ERR,ERR,ERR,ERR,ERR,ERR,ERR,ERR,ERR,ERR,ERR,ERR,ERR,ERR,ERR,ERR,ERR,ERR,ERR,ERR,ERR,ERR,ERR,ERR,ERR,ERR,ERR,ERR,ERR,ERR,ERR,ERR,ERR,ERR,ERR,ERR,ERR,ERR,ERR,ERR,ERR,ERR,ERR,ERR,ERR,ERR,ERR,ERR,ERR,ERR,ERR,ERR,ERR,ERR,ERR,ERR,ERR,ERR,ERR,ERR,ERR,ERR,ERR,ERR,ERR,ERR,ERR,ERR,ERR,ERR,ERR,ERR,ERR,ERR,ERR,ERR,ERR,ERR,ERR,ERR,ERR,ERR,ERR,ERR,ERR,ERR,ERR,ERR,ERR,ERR,ERR,2.718425337124479e+23,-107615992.0,0.0,2.7183478752108883e+23,-2118150.25,0.0,0.0,0.0,0,0,4,17306,7116,0.0,100,0.0,0.0,2.7183478752108883e+23,0.0,0.0,0,0,0,0,0.0,0,0,0,0,0,0,0,0,0,0,0,0,0,0,0,0,0,0,0,0,0,0,0,0,0,0,0,0,0,0,0,0,0,31,40,40,71,65476,0,300,0,0,8,21553,0.0,-107605600.0,0.0,0.0,0.0,0.0,0.0,0.0,0.0,0.0,0.0,0.0,0.0,0.0,0.0,0.0,0.0,0.0,0.0,0.0,0.0,0.0,-2.004,-2.004,0.0,0.0,0.0,0.0,0.0,0.0,5173.0,-2.004,6936.0,2.718425337124479e+23,-0.0,2.004,2.004,0.0,0.0,0.0,0.0,69,0.0,0.0,0.0,0.0,0.0,0.0,0.0,0.0,0.0,0,0,0,0.0,0.0,0.0,0.0,0.0,0.0,0.0,0.0,0.0,0.0,0.0,0.0,0.0,0.0,0.0,0.0,0,-107875648.0,69,0.0,138,0.0,2.012,ERR,ERR,ERR,ERR,ERR,ERR,ERR,ERR,ERR,ERR,ERR,ERR,ERR,ERR,ERR,ERR,ERR,ERR,ERR,ERR,ERR,ERR,ERR,ERR,ERR,ERR,ERR,ERR,ERR,ERR,ERR,ERR,ERR,ERR,ERR,ERR,ERR,ERR,ERR,ERR,ERR,ERR,ERR,ERR,ERR,ERR,ERR,ERR,ERR,ERR,ERR,ERR,ERR,ERR,ERR,ERR,ERR,ERR,ERR,ERR,ERR,ERR,ERR,ERR,ERR,ERR,ERR,60.0,60.0,35,0.0,0.0,0.0,0.0,0.0,0.0,0.0,0.0,0.0,0.0,0.0,0.0,0.0,0.0,0.0,0.0,64.8,0,137,65,52,65476,0,65476,1,4,4,20529,65476,0,0,2621,60.0,0.0,0.0,0.0,0.0,0.0
2026-07-09T15:39:00,ERR,ERR,ERR,ERR,ERR,ERR,ERR,ERR,ERR,ERR,ERR,ERR,ERR,ERR,ERR,ERR,ERR,ERR,ERR,ERR,ERR,ERR,ERR,ERR,ERR,ERR,ERR,ERR,ERR,ERR,ERR,ERR,ERR,ERR,ERR,ERR,ERR,ERR,ERR,ERR,ERR,ERR,ERR,ERR,ERR,ERR,ERR,ERR,ERR,ERR,ERR,ERR,ERR,ERR,ERR,ERR,ERR,ERR,ERR,ERR,ERR,ERR,ERR,ERR,ERR,ERR,ERR,ERR,ERR,ERR,ERR,ERR,ERR,ERR,ERR,ERR,ERR,ERR,ERR,ERR,ERR,ERR,ERR,ERR,ERR,ERR,ERR,ERR,ERR,ERR,ERR,ERR,ERR,ERR,ERR,ERR,ERR,ERR,ERR,ERR,ERR,ERR,ERR,ERR,ERR,ERR,ERR,ERR,ERR,ERR,ERR,ERR,ERR,ERR,ERR,ERR,ERR,ERR,ERR,ERR,ERR,ERR,ERR,ERR,ERR,2.718425337124479e+23,-107615992.0,0.0,2.7183478752108883e+23,-2118150.25,0.0,0.0,0.0,0,0,4,17306,7116,0.0,100,0.0,0.0,2.7183478752108883e+23,0.0,0.0,0,0,0,0,0.0,0,0,0,0,0,0,0,0,0,0,0,0,0,0,0,0,0,0,0,0,0,0,0,0,0,0,0,0,0,0,0,0,0,31,40,40,71,65476,0,300,0,0,8,21553,0.0,-107605600.0,0.0,0.0,0.0,0.0,0.0,0.0,0.0,0.0,0.0,0.0,0.0,0.0,0.0,0.0,0.0,0.0,0.0,0.0,0.0,0.0,-2.004,-2.004,0.0,0.0,0.0,0.0,0.0,0.0,5173.0,-2.004,6936.0,2.718425337124479e+23,-0.0,2.004,2.004,0.0,0.0,0.0,0.0,69,0.0,0.0,0.0,0.0,0.0,0.0,0.0,0.0,0.0,0,0,0,0.0,0.0,0.0,0.0,0.0,0.0,0.0,0.0,0.0,0.0,0.0,0.0,0.0,0.0,0.0,0.0,0,-107875648.0,69,0.0,138,0.0,2.012,ERR,ERR,ERR,ERR,ERR,ERR,ERR,ERR,ERR,ERR,ERR,ERR,ERR,ERR,ERR,ERR,ERR,ERR,ERR,ERR,ERR,ERR,ERR,ERR,ERR,ERR,ERR,ERR,ERR,ERR,ERR,ERR,ERR,ERR,ERR,ERR,ERR,ERR,ERR,ERR,ERR,ERR,ERR,ERR,ERR,ERR,ERR,ERR,ERR,ERR,ERR,ERR,ERR,ERR,ERR,ERR,ERR,ERR,ERR,ERR,ERR,ERR,ERR,ERR,ERR,ERR,ERR,60.0,60.0,35,0.0,0.0,0.0,0.0,0.0,0.0,0.0,0.0,0.0,0.0,0.0,0.0,0.0,0.0,0.0,0.0,64.8,0,137,65,52,65476,0,65476,1,4,4,20529,65476,0,0,2621,60.0,0.0,0.0,0.0,0.0,0.0
2026-07-09T15:39:01,ERR,ERR,ERR,ERR,ERR,ERR,ERR,ERR,ERR,ERR,ERR,ERR,ERR,ERR,ERR,ERR,ERR,ERR,ERR,ERR,ERR,ERR,ERR,ERR,ERR,ERR,ERR,ERR,ERR,ERR,ERR,ERR,ERR,ERR,ERR,ERR,ERR,ERR,ERR,ERR,ERR,ERR,ERR,ERR,ERR,ERR,ERR,ERR,ERR,ERR,ERR,ERR,ERR,ERR,ERR,ERR,ERR,ERR,ERR,ERR,ERR,ERR,ERR,ERR,ERR,ERR,ERR,ERR,ERR,ERR,ERR,ERR,ERR,ERR,ERR,ERR,ERR,ERR,ERR,ERR,ERR,ERR,ERR,ERR,ERR,ERR,ERR,ERR,ERR,ERR,ERR,ERR,ERR,ERR,ERR,ERR,ERR,ERR,ERR,ERR,ERR,ERR,ERR,ERR,ERR,ERR,ERR,ERR,ERR,ERR,ERR,ERR,ERR,ERR,ERR,ERR,ERR,ERR,ERR,ERR,ERR,ERR,ERR,ERR,ERR,2.718425337124479e+23,-107615992.0,0.0,2.7183478752108883e+23,-2118150.25,0.0,0.0,0.0,0,0,4,17306,7116,0.0,100,0.0,0.0,2.7183478752108883e+23,0.0,0.0,0,0,0,0,0.0,0,0,0,0,0,0,0,0,0,0,0,0,0,0,0,0,0,0,0,0,0,0,0,0,0,0,0,0,0,0,0,0,0,31,40,40,71,65476,0,300,0,0,8,21553,0.0,-107605600.0,0.0,0.0,0.0,0.0,0.0,0.0,0.0,0.0,0.0,0.0,0.0,0.0,0.0,0.0,0.0,0.0,0.0,0.0,0.0,0.0,-2.004,-2.004,0.0,0.0,0.0,0.0,0.0,0.0,5173.0,-2.004,6936.0,2.718425337124479e+23,-0.0,2.004,2.004,0.0,0.0,0.0,0.0,69,0.0,0.0,0.0,0.0,0.0,0.0,0.0,0.0,0.0,0,0,0,0.0,0.0,0.0,0.0,0.0,0.0,0.0,0.0,0.0,0.0,0.0,0.0,0.0,0.0,0.0,0.0,0,-107875648.0,69,0.0,138,0.0,2.012,ERR,ERR,ERR,ERR,ERR,ERR,ERR,ERR,ERR,ERR,ERR,ERR,ERR,ERR,ERR,ERR,ERR,ERR,ERR,ERR,ERR,ERR,ERR,ERR,ERR,ERR,ERR,ERR,ERR,ERR,ERR,ERR,ERR,ERR,ERR,ERR,ERR,ERR,ERR,ERR,ERR,ERR,ERR,ERR,ERR,ERR,ERR,ERR,ERR,ERR,ERR,ERR,ERR,ERR,ERR,ERR,ERR,ERR,ERR,ERR,ERR,ERR,ERR,ERR,ERR,ERR,ERR,60.0,60.0,35,0.0,0.0,0.0,0.0,0.0,0.0,0.0,0.0,0.0,0.0,0.0,0.0,0.0,0.0,0.0,0.0,64.8,0,136,65,52,65476,0,65476,1,4,4,20529,65476,0,0,2621,60.0,0.0,0.0,0.0,0.0,0.0
2026-07-09T15:39:02,ERR,ERR,ERR,ERR,ERR,ERR,ERR,ERR,ERR,ERR,ERR,ERR,ERR,ERR,ERR,ERR,ERR,ERR,ERR,ERR,ERR,ERR,ERR,ERR,ERR,ERR,ERR,ERR,ERR,ERR,ERR,ERR,ERR,ERR,ERR,ERR,ERR,ERR,ERR,ERR,ERR,ERR,ERR,ERR,ERR,ERR,ERR,ERR,ERR,ERR,ERR,ERR,ERR,ERR,ERR,ERR,ERR,ERR,ERR,ERR,ERR,ERR,ERR,ERR,ERR,ERR,ERR,ERR,ERR,ERR,ERR,ERR,ERR,ERR,ERR,ERR,ERR,ERR,ERR,ERR,ERR,ERR,ERR,ERR,ERR,ERR,ERR,ERR,ERR,ERR,ERR,ERR,ERR,ERR,ERR,ERR,ERR,ERR,ERR,ERR,ERR,ERR,ERR,ERR,ERR,ERR,ERR,ERR,ERR,ERR,ERR,ERR,ERR,ERR,ERR,ERR,ERR,ERR,ERR,ERR,ERR,ERR,ERR,ERR,ERR,2.718425337124479e+23,0.0,0.0,0.0,5.811354339528626e+25,-420363.25,-1.4905929595170655e+25,-0.0,0,0,4,17308,7116,0.0,100,0.0,0.0,0.0,0.0,0.0,0,0,0,0,0.0,0,0,0,0,0,0,0,0,0,0,0,0,0,0,0,0,0,0,0,0,0,0,0,0,0,0,0,0,0,0,0,0,0,31,40,40,71,65476,0,300,0,0,8,21553,0.0,-107605600.0,0.0,0.0,0.0,0.0,0.0,0.0,0.0,0.0,0.0,0.0,0.0,0.0,0.0,0.0,0.0,0.0,0.0,0.0,0.0,0.0,-2.004,-0.0,0.0,0.0,0.0,0.0,0.0,0.0,5159.0,-1.5879302975875728e+29,6912.0,0.0,0.0,2.004,2.004,0.0,0.0,0.0,0.0,69,-1.9056976050782208e+17,1.9056871253580186e+17,0.0,0.0,0.0,0.0,0.0,0.0,0.0,0,0,0,0.0,0.0,0.0,0.0,0.0,0.0,0.0,0.0,0.0,0.0,0.0,0.0,0.0,0.0,0.0,0.0,0,-107875648.0,69,0.0,138,0.0,2.012,ERR,ERR,ERR,ERR,ERR,ERR,ERR,ERR,ERR,ERR,ERR,ERR,ERR,ERR,ERR,ERR,ERR,ERR,ERR,ERR,ERR,ERR,ERR,ERR,ERR,ERR,ERR,ERR,ERR,ERR,ERR,ERR,ERR,ERR,ERR,ERR,ERR,ERR,ERR,ERR,ERR,ERR,ERR,ERR,ERR,ERR,ERR,ERR,ERR,ERR,ERR,ERR,ERR,ERR,ERR,ERR,ERR,ERR,ERR,ERR,ERR,ERR,ERR,ERR,ERR,ERR,ERR,60.0,60.0,35,0.0,0.0,0.0,0.0,0.0,0.0,0.0,0.0,0.0,0.0,0.0,0.0,0.0,0.0,0.0,0.0,64.8,0,136,65,52,65476,0,65476,1,4,4,20529,65476,0,0,2621,60.0,0.0,0.0,0.0,0.0,0.0
2026-07-09T15:39:03,ERR,ERR,ERR,ERR,ERR,ERR,ERR,ERR,ERR,ERR,ERR,ERR,ERR,ERR,ERR,ERR,ERR,ERR,ERR,ERR,ERR,ERR,ERR,ERR,ERR,ERR,ERR,ERR,ERR,ERR,ERR,ERR,ERR,ERR,ERR,ERR,ERR,ERR,ERR,ERR,ERR,ERR,ERR,ERR,ERR,ERR,ERR,ERR,ERR,ERR,ERR,ERR,ERR,ERR,ERR,ERR,ERR,ERR,ERR,ERR,ERR,ERR,ERR,ERR,ERR,ERR,ERR,ERR,ERR,ERR,ERR,ERR,ERR,ERR,ERR,ERR,ERR,ERR,ERR,ERR,ERR,ERR,ERR,ERR,ERR,ERR,ERR,ERR,ERR,ERR,ERR,ERR,ERR,ERR,ERR,ERR,ERR,ERR,ERR,ERR,ERR,ERR,ERR,ERR,ERR,ERR,ERR,ERR,ERR,ERR,ERR,ERR,ERR,ERR,ERR,ERR,ERR,ERR,ERR,ERR,ERR,ERR,ERR,ERR,ERR,2.718425337124479e+23,0.0,0.0,0.0,5.811354339528626e+25,-420363.25,-1.4905929595170655e+25,-0.0,0,0,4,17308,7116,0.0,100,0.0,0.0,0.0,0.0,0.0,0,0,0,0,0.0,0,0,0,0,0,0,0,0,0,0,0,0,0,0,0,0,0,0,0,0,0,0,0,0,0,0,0,0,0,0,0,0,0,31,40,40,71,65476,0,300,0,0,8,21553,0.0,-107605600.0,0.0,0.0,0.0,0.0,0.0,0.0,0.0,0.0,0.0,0.0,0.0,0.0,0.0,0.0,0.0,0.0,0.0,0.0,0.0,0.0,-2.004,-0.0,0.0,0.0,0.0,0.0,0.0,0.0,5159.0,-1.5879302975875728e+29,6912.0,0.0,0.0,2.004,2.004,0.0,0.0,0.0,0.0,69,-1.9056976050782208e+17,1.9056871253580186e+17,0.0,0.0,0.0,0.0,0.0,0.0,0.0,0,0,0,0.0,0.0,0.0,0.0,0.0,0.0,0.0,0.0,0.0,0.0,0.0,0.0,0.0,0.0,0.0,0.0,0,-107875648.0,69,0.0,138,0.0,2.012,ERR,ERR,ERR,ERR,ERR,ERR,ERR,ERR,ERR,ERR,ERR,ERR,ERR,ERR,ERR,ERR,ERR,ERR,ERR,ERR,ERR,ERR,ERR,ERR,ERR,ERR,ERR,ERR,ERR,ERR,ERR,ERR,ERR,ERR,ERR,ERR,ERR,ERR,ERR,ERR,ERR,ERR,ERR,ERR,ERR,ERR,ERR,ERR,ERR,ERR,ERR,ERR,ERR,ERR,ERR,ERR,ERR,ERR,ERR,ERR,ERR,ERR,ERR,ERR,ERR,ERR,ERR,60.0,60.0,35,0.0,0.0,0.0,0.0,0.0,0.0,0.0,0.0,0.0,0.0,0.0,0.0,0.0,0.0,0.0,0.0,65.2,0,136,65,52,65476,0,65476,1,4,4,20529,65476,0,0,2621,60.0,0.0,0.0,0.0,0.0,0.0
2026-07-09T15:39:04,ERR,ERR,ERR,ERR,ERR,ERR,ERR,ERR,ERR,ERR,ERR,ERR,ERR,ERR,ERR,ERR,ERR,ERR,ERR,ERR,ERR,ERR,ERR,ERR,ERR,ERR,ERR,ERR,ERR,ERR,ERR,ERR,ERR,ERR,ERR,ERR,ERR,ERR,ERR,ERR,ERR,ERR,ERR,ERR,ERR,ERR,ERR,ERR,ERR,ERR,ERR,ERR,ERR,ERR,ERR,ERR,ERR,ERR,ERR,ERR,ERR,ERR,ERR,ERR,ERR,ERR,ERR,ERR,ERR,ERR,ERR,ERR,ERR,ERR,ERR,ERR,ERR,ERR,ERR,ERR,ERR,ERR,ERR,ERR,ERR,ERR,ERR,ERR,ERR,ERR,ERR,ERR,ERR,ERR,ERR,ERR,ERR,ERR,ERR,ERR,ERR,ERR,ERR,ERR,ERR,ERR,ERR,ERR,ERR,ERR,ERR,ERR,ERR,ERR,ERR,ERR,ERR,ERR,ERR,ERR,ERR,ERR,ERR,ERR,ERR,2.718425337124479e+23,0.0,0.0,0.0,5.811354339528626e+25,-420363.25,-1.4905929595170655e+25,-0.0,0,0,4,17308,7116,0.0,100,0.0,0.0,0.0,0.0,0.0,0,0,0,0,0.0,0,0,0,0,0,0,0,0,0,0,0,0,0,0,0,0,0,0,0,0,0,0,0,0,0,0,0,0,0,0,0,0,0,31,40,40,71,65476,0,300,0,0,8,21553,0.0,-107605600.0,0.0,0.0,0.0,0.0,0.0,0.0,0.0,0.0,0.0,0.0,0.0,0.0,0.0,0.0,0.0,0.0,0.0,0.0,0.0,0.0,-2.004,-0.0,0.0,0.0,0.0,0.0,0.0,0.0,5159.0,-1.5879302975875728e+29,6912.0,0.0,0.0,2.004,2.004,0.0,0.0,0.0,0.0,69,-1.9056976050782208e+17,1.9056871253580186e+17,0.0,0.0,0.0,0.0,0.0,0.0,0.0,0,0,0,0.0,0.0,0.0,0.0,0.0,0.0,0.0,0.0,0.0,0.0,0.0,0.0,0.0,0.0,0.0,0.0,0,-107875648.0,69,0.0,138,0.0,2.012,ERR,ERR,ERR,ERR,ERR,ERR,ERR,ERR,ERR,ERR,ERR,ERR,ERR,ERR,ERR,ERR,ERR,ERR,ERR,ERR,ERR,ERR,ERR,ERR,ERR,ERR,ERR,ERR,ERR,ERR,ERR,ERR,ERR,ERR,ERR,ERR,ERR,ERR,ERR,ERR,ERR,ERR,ERR,ERR,ERR,ERR,ERR,ERR,ERR,ERR,ERR,ERR,ERR,ERR,ERR,ERR,ERR,ERR,ERR,ERR,ERR,ERR,ERR,ERR,ERR,ERR,ERR,60.0,60.0,35,0.0,0.0,0.0,0.0,0.0,0.0,0.0,0.0,0.0,0.0,0.0,0.0,0.0,0.0,0.0,0.0,65.2,0,136,65,52,65476,0,65476,1,4,4,20529,65476,0,0,2621,60.0,0.0,0.0,0.0,0.0,0.0
2026-07-09T15:39:05,ERR,ERR,ERR,ERR,ERR,ERR,ERR,ERR,ERR,ERR,ERR,ERR,ERR,ERR,ERR,ERR,ERR,ERR,ERR,ERR,ERR,ERR,ERR,ERR,ERR,ERR,ERR,ERR,ERR,ERR,ERR,ERR,ERR,ERR,ERR,ERR,ERR,ERR,ERR,ERR,ERR,ERR,ERR,ERR,ERR,ERR,ERR,ERR,ERR,ERR,ERR,ERR,ERR,ERR,ERR,ERR,ERR,ERR,ERR,ERR,ERR,ERR,ERR,ERR,ERR,ERR,ERR,ERR,ERR,ERR,ERR,ERR,ERR,ERR,ERR,ERR,ERR,ERR,ERR,ERR,ERR,ERR,ERR,ERR,ERR,ERR,ERR,ERR,ERR,ERR,ERR,ERR,ERR,ERR,ERR,ERR,ERR,ERR,ERR,ERR,ERR,ERR,ERR,ERR,ERR,ERR,ERR,ERR,ERR,ERR,ERR,ERR,ERR,ERR,ERR,ERR,ERR,ERR,ERR,ERR,ERR,ERR,ERR,ERR,ERR,2.718425337124479e+23,0.0,0.0,0.0,5.811354339528626e+25,-420363.25,-1.4905929595170655e+25,-0.0,0,0,4,17308,7116,0.0,100,0.0,0.0,0.0,0.0,0.0,0,0,0,0,0.0,0,0,0,0,0,0,0,0,0,0,0,0,0,0,0,0,0,0,0,0,0,0,0,0,0,0,0,0,0,0,0,0,0,31,40,40,71,65476,0,300,0,0,8,21553,0.0,-107605600.0,0.0,0.0,0.0,0.0,0.0,0.0,0.0,0.0,0.0,0.0,0.0,0.0,0.0,0.0,0.0,0.0,0.0,0.0,0.0,0.0,-2.004,-0.0,0.0,0.0,0.0,0.0,0.0,0.0,5159.0,-1.5879302975875728e+29,6912.0,0.0,0.0,2.004,2.004,0.0,0.0,0.0,0.0,69,-1.9056976050782208e+17,1.9056871253580186e+17,0.0,0.0,0.0,0.0,0.0,0.0,0.0,0,0,0,0.0,0.0,0.0,0.0,0.0,0.0,0.0,0.0,0.0,0.0,0.0,0.0,0.0,0.0,0.0,0.0,0,-107875648.0,69,0.0,138,0.0,2.012,ERR,ERR,ERR,ERR,ERR,ERR,ERR,ERR,ERR,ERR,ERR,ERR,ERR,ERR,ERR,ERR,ERR,ERR,ERR,ERR,ERR,ERR,ERR,ERR,ERR,ERR,ERR,ERR,ERR,ERR,ERR,ERR,ERR,ERR,ERR,ERR,ERR,ERR,ERR,ERR,ERR,ERR,ERR,ERR,ERR,ERR,ERR,ERR,ERR,ERR,ERR,ERR,ERR,ERR,ERR,ERR,ERR,ERR,ERR,ERR,ERR,ERR,ERR,ERR,ERR,ERR,ERR,60.0,60.0,35,0.0,0.0,0.0,0.0,0.0,0.0,0.0,0.0,0.0,0.0,0.0,0.0,0.0,0.0,0.0,0.0,64.8,0,136,65,52,65476,0,65476,1,4,4,20529,65476,0,0,2621,60.0,0.0,0.0,0.0,0.0,0.0
2026-07-09T15:39:06,ERR,ERR,ERR,ERR,ERR,ERR,ERR,ERR,ERR,ERR,ERR,ERR,ERR,ERR,ERR,ERR,ERR,ERR,ERR,ERR,ERR,ERR,ERR,ERR,ERR,ERR,ERR,ERR,ERR,ERR,ERR,ERR,ERR,ERR,ERR,ERR,ERR,ERR,ERR,ERR,ERR,ERR,ERR,ERR,ERR,ERR,ERR,ERR,ERR,ERR,ERR,ERR,ERR,ERR,ERR,ERR,ERR,ERR,ERR,ERR,ERR,ERR,ERR,ERR,ERR,ERR,ERR,ERR,ERR,ERR,ERR,ERR,ERR,ERR,ERR,ERR,ERR,ERR,ERR,ERR,ERR,ERR,ERR,ERR,ERR,ERR,ERR,ERR,ERR,ERR,ERR,ERR,ERR,ERR,ERR,ERR,ERR,ERR,ERR,ERR,ERR,ERR,ERR,ERR,ERR,ERR,ERR,ERR,ERR,ERR,ERR,ERR,ERR,ERR,ERR,ERR,ERR,ERR,ERR,ERR,ERR,ERR,ERR,ERR,ERR,2.718425337124479e+23,0.0,0.0,0.0,5.811354339528626e+25,-420363.25,-1.4905929595170655e+25,-0.0,0,0,4,17308,7116,0.0,100,0.0,0.0,0.0,0.0,0.0,0,0,0,0,0.0,0,0,0,0,0,0,0,0,0,0,0,0,0,0,0,0,0,0,0,0,0,0,0,0,0,0,0,0,0,0,0,0,0,31,40,40,71,65476,0,300,0,0,8,21553,0.0,-107605600.0,0.0,0.0,0.0,0.0,0.0,0.0,0.0,0.0,0.0,0.0,0.0,0.0,0.0,0.0,0.0,0.0,0.0,0.0,0.0,0.0,-2.004,-0.0,0.0,0.0,0.0,0.0,0.0,0.0,5159.0,-1.5879302975875728e+29,6912.0,0.0,0.0,2.004,2.004,0.0,0.0,0.0,0.0,69,-1.9056976050782208e+17,1.9056871253580186e+17,0.0,0.0,0.0,0.0,0.0,0.0,0.0,0,0,0,0.0,0.0,0.0,0.0,0.0,0.0,0.0,0.0,0.0,0.0,0.0,0.0,0.0,0.0,0.0,0.0,0,-107875648.0,69,0.0,138,0.0,2.012,ERR,ERR,ERR,ERR,ERR,ERR,ERR,ERR,ERR,ERR,ERR,ERR,ERR,ERR,ERR,ERR,ERR,ERR,ERR,ERR,ERR,ERR,ERR,ERR,ERR,ERR,ERR,ERR,ERR,ERR,ERR,ERR,ERR,ERR,ERR,ERR,ERR,ERR,ERR,ERR,ERR,ERR,ERR,ERR,ERR,ERR,ERR,ERR,ERR,ERR,ERR,ERR,ERR,ERR,ERR,ERR,ERR,ERR,ERR,ERR,ERR,ERR,ERR,ERR,ERR,ERR,ERR,60.0,60.0,35,0.0,0.0,0.0,0.0,0.0,0.0,0.0,0.0,0.0,0.0,0.0,0.0,0.0,0.0,0.0,0.0,65.2,0,135,65,52,65476,0,65476,1,4,4,20529,65476,0,0,2621,60.0,0.0,0.0,0.0,0.0,0.0
2026-07-09T15:39:07,ERR,ERR,ERR,ERR,ERR,ERR,ERR,ERR,ERR,ERR,ERR,ERR,ERR,ERR,ERR,ERR,ERR,ERR,ERR,ERR,ERR,ERR,ERR,ERR,ERR,ERR,ERR,ERR,ERR,ERR,ERR,ERR,ERR,ERR,ERR,ERR,ERR,ERR,ERR,ERR,ERR,ERR,ERR,ERR,ERR,ERR,ERR,ERR,ERR,ERR,ERR,ERR,ERR,ERR,ERR,ERR,ERR,ERR,ERR,ERR,ERR,ERR,ERR,ERR,ERR,ERR,ERR,ERR,ERR,ERR,ERR,ERR,ERR,ERR,ERR,ERR,ERR,ERR,ERR,ERR,ERR,ERR,ERR,ERR,ERR,ERR,ERR,ERR,ERR,ERR,ERR,ERR,ERR,ERR,ERR,ERR,ERR,ERR,ERR,ERR,ERR,ERR,ERR,ERR,ERR,ERR,ERR,ERR,ERR,ERR,ERR,ERR,ERR,ERR,ERR,ERR,ERR,ERR,ERR,ERR,ERR,ERR,ERR,ERR,ERR,0.0,0.0,2.718417771077105e+23,2.7183478752108883e+23,0.0,-1.7218116540069371e+37,-0.0,3.639822598631068e+36,0,0,4,17308,7116,0.0,100,0.0,0.0,2.7183478752108883e+23,0.0,0.0,0,0,0,0,0.0,0,0,0,0,0,0,0,0,0,0,0,0,0,0,0,0,0,0,0,0,0,0,0,0,0,0,0,0,0,0,0,0,0,31,40,40,71,65476,0,300,0,0,8,21553,0.0,-107605600.0,0.0,0.0,0.0,0.0,0.0,0.0,0.0,0.0,0.0,0.0,0.0,0.0,0.0,0.0,0.0,0.0,0.0,0.0,0.0,0.0,-0.0,-0.0,0.0,0.0,0.0,0.0,0.0,0.0,5206.0,0.0,6919.0,0.0,0.0,2.004,2.004,0.0,0.0,0.0,0.0,69,-0.0,-0.0,0.0,0.0,0.0,0.0,0.0,0.0,0.0,0,0,0,0.0,0.0,0.0,0.0,0.0,0.0,0.0,0.0,0.0,0.0,0.0,0.0,0.0,0.0,0.0,0.0,0,-107875648.0,69,0.0,138,0.0,2.012,ERR,ERR,ERR,ERR,ERR,ERR,ERR,ERR,ERR,ERR,ERR,ERR,ERR,ERR,ERR,ERR,ERR,ERR,ERR,ERR,ERR,ERR,ERR,ERR,ERR,ERR,ERR,ERR,ERR,ERR,ERR,ERR,ERR,ERR,ERR,ERR,ERR,ERR,ERR,ERR,ERR,ERR,ERR,ERR,ERR,ERR,ERR,ERR,ERR,ERR,ERR,ERR,ERR,ERR,ERR,ERR,ERR,ERR,ERR,ERR,ERR,ERR,ERR,ERR,ERR,ERR,ERR,60.0,60.0,35,0.0,0.0,0.0,0.0,0.0,0.0,0.0,0.0,0.0,0.0,0.0,0.0,0.0,0.0,0.0,0.0,65.2,0,135,65,52,65476,0,65476,1,4,4,20529,65476,0,0,2621,60.0,0.0,0.0,0.0,0.0,0.0
2026-07-09T15:39:08,ERR,ERR,ERR,ERR,ERR,ERR,ERR,ERR,ERR,ERR,ERR,ERR,ERR,ERR,ERR,ERR,ERR,ERR,ERR,ERR,ERR,ERR,ERR,ERR,ERR,ERR,ERR,ERR,ERR,ERR,ERR,ERR,ERR,ERR,ERR,ERR,ERR,ERR,ERR,ERR,ERR,ERR,ERR,ERR,ERR,ERR,ERR,ERR,ERR,ERR,ERR,ERR,ERR,ERR,ERR,ERR,ERR,ERR,ERR,ERR,ERR,ERR,ERR,ERR,ERR,ERR,ERR,ERR,ERR,ERR,ERR,ERR,ERR,ERR,ERR,ERR,ERR,ERR,ERR,ERR,ERR,ERR,ERR,ERR,ERR,ERR,ERR,ERR,ERR,ERR,ERR,ERR,ERR,ERR,ERR,ERR,ERR,ERR,ERR,ERR,ERR,ERR,ERR,ERR,ERR,ERR,ERR,ERR,ERR,ERR,ERR,ERR,ERR,ERR,ERR,ERR,ERR,ERR,ERR,ERR,ERR,ERR,ERR,ERR,ERR,0.0,0.0,2.718417771077105e+23,2.7183478752108883e+23,0.0,-1.7218116540069371e+37,-0.0,3.639822598631068e+36,0,0,4,17308,7116,0.0,100,0.0,0.0,2.7183478752108883e+23,0.0,0.0,0,0,0,0,0.0,0,0,0,0,0,0,0,0,0,0,0,0,0,0,0,0,0,0,0,0,0,0,0,0,0,0,0,0,0,0,0,0,0,31,40,40,71,65476,0,300,0,0,8,21553,0.0,-107605600.0,0.0,0.0,0.0,0.0,0.0,0.0,0.0,0.0,0.0,0.0,0.0,0.0,0.0,0.0,0.0,0.0,0.0,0.0,0.0,0.0,-0.0,-0.0,0.0,0.0,0.0,0.0,0.0,0.0,5206.0,0.0,6919.0,0.0,0.0,2.004,2.004,0.0,0.0,0.0,0.0,69,-0.0,-0.0,0.0,0.0,0.0,0.0,0.0,0.0,0.0,0,0,0,0.0,0.0,0.0,0.0,0.0,0.0,0.0,0.0,0.0,0.0,0.0,0.0,0.0,0.0,0.0,0.0,0,-107875648.0,69,0.0,138,0.0,2.012,ERR,ERR,ERR,ERR,ERR,ERR,ERR,ERR,ERR,ERR,ERR,ERR,ERR,ERR,ERR,ERR,ERR,ERR,ERR,ERR,ERR,ERR,ERR,ERR,ERR,ERR,ERR,ERR,ERR,ERR,ERR,ERR,ERR,ERR,ERR,ERR,ERR,ERR,ERR,ERR,ERR,ERR,ERR,ERR,ERR,ERR,ERR,ERR,ERR,ERR,ERR,ERR,ERR,ERR,ERR,ERR,ERR,ERR,ERR,ERR,ERR,ERR,ERR,ERR,ERR,ERR,ERR,60.0,60.0,35,0.0,0.0,0.0,0.0,0.0,0.0,0.0,0.0,0.0,0.0,0.0,0.0,0.0,0.0,0.0,0.0,64.8,0,135,65,52,65476,0,65476,1,4,4,20529,65476,0,0,2621,60.0,0.0,0.0,0.0,0.0,0.0
2026-07-09T15:39:09,ERR,ERR,ERR,ERR,ERR,ERR,ERR,ERR,ERR,ERR,ERR,ERR,ERR,ERR,ERR,ERR,ERR,ERR,ERR,ERR,ERR,ERR,ERR,ERR,ERR,ERR,ERR,ERR,ERR,ERR,ERR,ERR,ERR,ERR,ERR,ERR,ERR,ERR,ERR,ERR,ERR,ERR,ERR,ERR,ERR,ERR,ERR,ERR,ERR,ERR,ERR,ERR,ERR,ERR,ERR,ERR,ERR,ERR,ERR,ERR,ERR,ERR,ERR,ERR,ERR,ERR,ERR,ERR,ERR,ERR,ERR,ERR,ERR,ERR,ERR,ERR,ERR,ERR,ERR,ERR,ERR,ERR,ERR,ERR,ERR,ERR,ERR,ERR,ERR,ERR,ERR,ERR,ERR,ERR,ERR,ERR,ERR,ERR,ERR,ERR,ERR,ERR,ERR,ERR,ERR,ERR,ERR,ERR,ERR,ERR,ERR,ERR,ERR,ERR,ERR,ERR,ERR,ERR,ERR,ERR,ERR,ERR,ERR,ERR,ERR,0.0,0.0,2.718417771077105e+23,2.7183478752108883e+23,0.0,-1.7218116540069371e+37,-0.0,3.639822598631068e+36,0,0,4,17308,7116,0.0,100,0.0,0.0,2.7183478752108883e+23,0.0,0.0,0,0,0,0,0.0,0,0,0,0,0,0,0,0,0,0,0,0,0,0,0,0,0,0,0,0,0,0,0,0,0,0,0,0,0,0,0,0,0,31,40,40,71,65476,0,300,0,0,8,21553,0.0,-107605600.0,0.0,0.0,0.0,0.0,0.0,0.0,0.0,0.0,0.0,0.0,0.0,0.0,0.0,0.0,0.0,0.0,0.0,0.0,0.0,0.0,-0.0,-0.0,0.0,0.0,0.0,0.0,0.0,0.0,5206.0,0.0,6919.0,0.0,0.0,2.004,2.004,0.0,0.0,0.0,0.0,69,-0.0,-0.0,0.0,0.0,0.0,0.0,0.0,0.0,0.0,0,0,0,0.0,0.0,0.0,0.0,0.0,0.0,0.0,0.0,0.0,0.0,0.0,0.0,0.0,0.0,0.0,0.0,0,-107875648.0,69,0.0,138,0.0,2.012,ERR,ERR,ERR,ERR,ERR,ERR,ERR,ERR,ERR,ERR,ERR,ERR,ERR,ERR,ERR,ERR,ERR,ERR,ERR,ERR,ERR,ERR,ERR,ERR,ERR,ERR,ERR,ERR,ERR,ERR,ERR,ERR,ERR,ERR,ERR,ERR,ERR,ERR,ERR,ERR,ERR,ERR,ERR,ERR,ERR,ERR,ERR,ERR,ERR,ERR,ERR,ERR,ERR,ERR,ERR,ERR,ERR,ERR,ERR,ERR,ERR,ERR,ERR,ERR,ERR,ERR,ERR,60.0,60.0,35,0.0,0.0,0.0,0.0,0.0,0.0,0.0,0.0,0.0,0.0,0.0,0.0,0.0,0.0,0.0,0.0,64.8,0,135,65,52,65476,0,65476,1,4,4,20529,65476,0,0,2621,60.0,0.0,0.0,0.0,0.0,0.0
2026-07-09T15:39:10,ERR,ERR,ERR,ERR,ERR,ERR,ERR,ERR,ERR,ERR,ERR,ERR,ERR,ERR,ERR,ERR,ERR,ERR,ERR,ERR,ERR,ERR,ERR,ERR,ERR,ERR,ERR,ERR,ERR,ERR,ERR,ERR,ERR,ERR,ERR,ERR,ERR,ERR,ERR,ERR,ERR,ERR,ERR,ERR,ERR,ERR,ERR,ERR,ERR,ERR,ERR,ERR,ERR,ERR,ERR,ERR,ERR,ERR,ERR,ERR,ERR,ERR,ERR,ERR,ERR,ERR,ERR,ERR,ERR,ERR,ERR,ERR,ERR,ERR,ERR,ERR,ERR,ERR,ERR,ERR,ERR,ERR,ERR,ERR,ERR,ERR,ERR,ERR,ERR,ERR,ERR,ERR,ERR,ERR,ERR,ERR,ERR,ERR,ERR,ERR,ERR,ERR,ERR,ERR,ERR,ERR,ERR,ERR,ERR,ERR,ERR,ERR,ERR,ERR,ERR,ERR,ERR,ERR,ERR,ERR,ERR,ERR,ERR,ERR,ERR,0.0,0.0,2.718417771077105e+23,2.7183478752108883e+23,0.0,-1.7218116540069371e+37,-0.0,3.639822598631068e+36,0,0,4,17308,7116,0.0,100,0.0,0.0,2.7183478752108883e+23,0.0,0.0,0,0,0,0,0.0,0,0,0,0,0,0,0,0,0,0,0,0,0,0,0,0,0,0,0,0,0,0,0,0,0,0,0,0,0,0,0,0,0,31,40,40,71,65476,0,300,0,0,8,21553,0.0,-107605600.0,0.0,0.0,0.0,0.0,0.0,0.0,0.0,0.0,0.0,0.0,0.0,0.0,0.0,0.0,0.0,0.0,0.0,0.0,0.0,0.0,-0.0,-0.0,0.0,0.0,0.0,0.0,0.0,0.0,5206.0,0.0,6919.0,0.0,0.0,2.004,2.004,0.0,0.0,0.0,0.0,69,-0.0,-0.0,0.0,0.0,0.0,0.0,0.0,0.0,0.0,0,0,0,0.0,0.0,0.0,0.0,0.0,0.0,0.0,0.0,0.0,0.0,0.0,0.0,0.0,0.0,0.0,0.0,0,-107875648.0,69,0.0,138,0.0,2.012,ERR,ERR,ERR,ERR,ERR,ERR,ERR,ERR,ERR,ERR,ERR,ERR,ERR,ERR,ERR,ERR,ERR,ERR,ERR,ERR,ERR,ERR,ERR,ERR,ERR,ERR,ERR,ERR,ERR,ERR,ERR,ERR,ERR,ERR,ERR,ERR,ERR,ERR,ERR,ERR,ERR,ERR,ERR,ERR,ERR,ERR,ERR,ERR,ERR,ERR,ERR,ERR,ERR,ERR,ERR,ERR,ERR,ERR,ERR,ERR,ERR,ERR,ERR,ERR,ERR,ERR,ERR,60.0,60.0,35,0.0,0.0,0.0,0.0,0.0,0.0,0.0,0.0,0.0,0.0,0.0,0.0,0.0,0.0,0.0,0.0,64.8,0,135,65,52,65476,0,65476,1,4,4,20529,65476,0,0,2621,60.0,0.0,0.0,0.0,0.0,0.0
2026-07-09T15:39:11,ERR,ERR,ERR,ERR,ERR,ERR,ERR,ERR,ERR,ERR,ERR,ERR,ERR,ERR,ERR,ERR,ERR,ERR,ERR,ERR,ERR,ERR,ERR,ERR,ERR,ERR,ERR,ERR,ERR,ERR,ERR,ERR,ERR,ERR,ERR,ERR,ERR,ERR,ERR,ERR,ERR,ERR,ERR,ERR,ERR,ERR,ERR,ERR,ERR,ERR,ERR,ERR,ERR,ERR,ERR,ERR,ERR,ERR,ERR,ERR,ERR,ERR,ERR,ERR,ERR,ERR,ERR,ERR,ERR,ERR,ERR,ERR,ERR,ERR,ERR,ERR,ERR,ERR,ERR,ERR,ERR,ERR,ERR,ERR,ERR,ERR,ERR,ERR,ERR,ERR,ERR,ERR,ERR,ERR,ERR,ERR,ERR,ERR,ERR,ERR,ERR,ERR,ERR,ERR,ERR,ERR,ERR,ERR,ERR,ERR,ERR,ERR,ERR,ERR,ERR,ERR,ERR,ERR,ERR,ERR,ERR,ERR,ERR,ERR,ERR,0.0,0.0,2.718417771077105e+23,2.7183478752108883e+23,0.0,-1.7218116540069371e+37,-0.0,3.639822598631068e+36,0,0,4,17308,7116,0.0,100,0.0,0.0,2.7183478752108883e+23,0.0,0.0,0,0,0,0,0.0,0,0,0,0,0,0,0,0,0,0,0,0,0,0,0,0,0,0,0,0,0,0,0,0,0,0,0,0,0,0,0,0,0,31,40,40,71,65476,0,300,0,0,8,21553,0.0,-107605600.0,0.0,0.0,0.0,0.0,0.0,0.0,0.0,0.0,0.0,0.0,0.0,0.0,0.0,0.0,0.0,0.0,0.0,0.0,0.0,0.0,-0.0,-0.0,0.0,0.0,0.0,0.0,0.0,0.0,5206.0,0.0,6919.0,0.0,0.0,2.004,2.004,0.0,0.0,0.0,0.0,69,-0.0,-0.0,0.0,0.0,0.0,0.0,0.0,0.0,0.0,0,0,0,0.0,0.0,0.0,0.0,0.0,0.0,0.0,0.0,0.0,0.0,0.0,0.0,0.0,0.0,0.0,0.0,0,-107875648.0,69,0.0,138,0.0,2.012,ERR,ERR,ERR,ERR,ERR,ERR,ERR,ERR,ERR,ERR,ERR,ERR,ERR,ERR,ERR,ERR,ERR,ERR,ERR,ERR,ERR,ERR,ERR,ERR,ERR,ERR,ERR,ERR,ERR,ERR,ERR,ERR,ERR,ERR,ERR,ERR,ERR,ERR,ERR,ERR,ERR,ERR,ERR,ERR,ERR,ERR,ERR,ERR,ERR,ERR,ERR,ERR,ERR,ERR,ERR,ERR,ERR,ERR,ERR,ERR,ERR,ERR,ERR,ERR,ERR,ERR,ERR,60.0,60.0,35,0.0,0.0,0.0,0.0,0.0,0.0,0.0,0.0,0.0,0.0,0.0,0.0,0.0,0.0,0.0,0.0,64.8,0,135,65,52,65476,0,65476,1,4,4,20529,65476,0,0,2621,60.0,0.0,0.0,0.0,0.0,0.0
2026-07-09T15:39:12,ERR,ERR,ERR,ERR,ERR,ERR,ERR,ERR,ERR,ERR,ERR,ERR,ERR,ERR,ERR,ERR,ERR,ERR,ERR,ERR,ERR,ERR,ERR,ERR,ERR,ERR,ERR,ERR,ERR,ERR,ERR,ERR,ERR,ERR,ERR,ERR,ERR,ERR,ERR,ERR,ERR,ERR,ERR,ERR,ERR,ERR,ERR,ERR,ERR,ERR,ERR,ERR,ERR,ERR,ERR,ERR,ERR,ERR,ERR,ERR,ERR,ERR,ERR,ERR,ERR,ERR,ERR,ERR,ERR,ERR,ERR,ERR,ERR,ERR,ERR,ERR,ERR,ERR,ERR,ERR,ERR,ERR,ERR,ERR,ERR,ERR,ERR,ERR,ERR,ERR,ERR,ERR,ERR,ERR,ERR,ERR,ERR,ERR,ERR,ERR,ERR,ERR,ERR,ERR,ERR,ERR,ERR,ERR,ERR,ERR,ERR,ERR,ERR,ERR,ERR,ERR,ERR,ERR,ERR,ERR,ERR,ERR,ERR,ERR,ERR,0.0,0.0,2.718417771077105e+23,2.7183478752108883e+23,0.0,-1.979,-0.0,4.904730674960794e+16,0,0,4,17309,7116,0.0,100,0.0,0.0,2.7183478752108883e+23,0.0,0.0,0,0,0,0,0.0,0,0,0,0,0,0,0,0,0,0,0,0,0,0,0,0,0,0,0,0,0,0,0,0,0,0,0,0,0,0,0,0,0,31,40,40,71,65476,0,300,0,0,8,21553,0.0,-107605600.0,0.0,0.0,0.0,0.0,0.0,0.0,0.0,0.0,0.0,0.0,0.0,0.0,0.0,0.0,0.0,0.0,0.0,0.0,0.0,0.0,2.004,-0.0,0.0,0.0,0.0,0.0,0.0,0.0,5190.0,0.0,6913.0,-0.0,2.7184446125308842e+23,2.004,2.004,0.0,0.0,0.0,0.0,69,71.63,2.7184186717970306e+23,0.0,0.0,0.0,0.0,0.0,0.0,0.0,0,0,0,0.0,0.0,0.0,0.0,0.0,0.0,0.0,0.0,0.0,0.0,0.0,0.0,0.0,0.0,0.0,0.0,0,-107875648.0,69,0.0,138,0.0,2.012,ERR,ERR,ERR,ERR,ERR,ERR,ERR,ERR,ERR,ERR,ERR,ERR,ERR,ERR,ERR,ERR,ERR,ERR,ERR,ERR,ERR,ERR,ERR,ERR,ERR,ERR,ERR,ERR,ERR,ERR,ERR,ERR,ERR,ERR,ERR,ERR,ERR,ERR,ERR,ERR,ERR,ERR,ERR,ERR,ERR,ERR,ERR,ERR,ERR,ERR,ERR,ERR,ERR,ERR,ERR,ERR,ERR,ERR,ERR,ERR,ERR,ERR,ERR,ERR,ERR,ERR,ERR,60.0,60.0,35,0.0,0.0,0.0,0.0,0.0,0.0,0.0,0.0,0.0,0.0,0.0,0.0,0.0,0.0,0.0,0.0,64.8,0,135,65,52,65476,0,65476,1,4,4,20529,65476,0,0,2621,60.0,0.0,0.0,0.0,0.0,0.0
2026-07-09T15:39:13,ERR,ERR,ERR,ERR,ERR,ERR,ERR,ERR,ERR,ERR,ERR,ERR,ERR,ERR,ERR,ERR,ERR,ERR,ERR,ERR,ERR,ERR,ERR,ERR,ERR,ERR,ERR,ERR,ERR,ERR,ERR,ERR,ERR,ERR,ERR,ERR,ERR,ERR,ERR,ERR,ERR,ERR,ERR,ERR,ERR,ERR,ERR,ERR,ERR,ERR,ERR,ERR,ERR,ERR,ERR,ERR,ERR,ERR,ERR,ERR,ERR,ERR,ERR,ERR,ERR,ERR,ERR,ERR,ERR,ERR,ERR,ERR,ERR,ERR,ERR,ERR,ERR,ERR,ERR,ERR,ERR,ERR,ERR,ERR,ERR,ERR,ERR,ERR,ERR,ERR,ERR,ERR,ERR,ERR,ERR,ERR,ERR,ERR,ERR,ERR,ERR,ERR,ERR,ERR,ERR,ERR,ERR,ERR,ERR,ERR,ERR,ERR,ERR,ERR,ERR,ERR,ERR,ERR,ERR,ERR,ERR,ERR,ERR,ERR,ERR,0.0,0.0,2.718417771077105e+23,2.7183478752108883e+23,0.0,-1.979,-0.0,4.904730674960794e+16,0,0,4,17309,7116,0.0,100,0.0,0.0,2.7183478752108883e+23,0.0,0.0,0,0,0,0,0.0,0,0,0,0,0,0,0,0,0,0,0,0,0,0,0,0,0,0,0,0,0,0,0,0,0,0,0,0,0,0,0,0,0,31,40,40,71,65476,0,300,0,0,8,21553,0.0,-107605600.0,0.0,0.0,0.0,0.0,0.0,0.0,0.0,0.0,0.0,0.0,0.0,0.0,0.0,0.0,0.0,0.0,0.0,0.0,0.0,0.0,2.004,-0.0,0.0,0.0,0.0,0.0,0.0,0.0,5190.0,0.0,6913.0,-0.0,2.7184446125308842e+23,2.004,2.004,0.0,0.0,0.0,0.0,69,71.63,2.7184186717970306e+23,0.0,0.0,0.0,0.0,0.0,0.0,0.0,0,0,0,0.0,0.0,0.0,0.0,0.0,0.0,0.0,0.0,0.0,0.0,0.0,0.0,0.0,0.0,0.0,0.0,0,-107875648.0,69,0.0,138,0.0,2.012,ERR,ERR,ERR,ERR,ERR,ERR,ERR,ERR,ERR,ERR,ERR,ERR,ERR,ERR,ERR,ERR,ERR,ERR,ERR,ERR,ERR,ERR,ERR,ERR,ERR,ERR,ERR,ERR,ERR,ERR,ERR,ERR,ERR,ERR,ERR,ERR,ERR,ERR,ERR,ERR,ERR,ERR,ERR,ERR,ERR,ERR,ERR,ERR,ERR,ERR,ERR,ERR,ERR,ERR,ERR,ERR,ERR,ERR,ERR,ERR,ERR,ERR,ERR,ERR,ERR,ERR,ERR,60.0,60.0,35,0.0,0.0,0.0,0.0,0.0,0.0,0.0,0.0,0.0,0.0,0.0,0.0,0.0,0.0,0.0,0.0,65.2,0,135,65,51,65476,0,65476,1,4,4,20529,65476,0,0,2621,60.0,0.0,0.0,0.0,0.0,0.0
2026-07-09T15:39:14,ERR,ERR,ERR,ERR,ERR,ERR,ERR,ERR,ERR,ERR,ERR,ERR,ERR,ERR,ERR,ERR,ERR,ERR,ERR,ERR,ERR,ERR,ERR,ERR,ERR,ERR,ERR,ERR,ERR,ERR,ERR,ERR,ERR,ERR,ERR,ERR,ERR,ERR,ERR,ERR,ERR,ERR,ERR,ERR,ERR,ERR,ERR,ERR,ERR,ERR,ERR,ERR,ERR,ERR,ERR,ERR,ERR,ERR,ERR,ERR,ERR,ERR,ERR,ERR,ERR,ERR,ERR,ERR,ERR,ERR,ERR,ERR,ERR,ERR,ERR,ERR,ERR,ERR,ERR,ERR,ERR,ERR,ERR,ERR,ERR,ERR,ERR,ERR,ERR,ERR,ERR,ERR,ERR,ERR,ERR,ERR,ERR,ERR,ERR,ERR,ERR,ERR,ERR,ERR,ERR,ERR,ERR,ERR,ERR,ERR,ERR,ERR,ERR,ERR,ERR,ERR,ERR,ERR,ERR,ERR,ERR,ERR,ERR,ERR,ERR,0.0,0.0,2.718417771077105e+23,2.7183478752108883e+23,0.0,-1.979,-0.0,4.904730674960794e+16,0,0,4,17309,7116,0.0,100,0.0,0.0,2.7183478752108883e+23,0.0,0.0,0,0,0,0,0.0,0,0,0,0,0,0,0,0,0,0,0,0,0,0,0,0,0,0,0,0,0,0,0,0,0,0,0,0,0,0,0,0,0,31,40,40,71,65476,0,300,0,0,8,21553,0.0,-107605600.0,0.0,0.0,0.0,0.0,0.0,0.0,0.0,0.0,0.0,0.0,0.0,0.0,0.0,0.0,0.0,0.0,0.0,0.0,0.0,0.0,2.004,-0.0,0.0,0.0,0.0,0.0,0.0,0.0,5190.0,0.0,6913.0,-0.0,2.7184446125308842e+23,2.004,2.004,0.0,0.0,0.0,0.0,69,71.63,2.7184186717970306e+23,0.0,0.0,0.0,0.0,0.0,0.0,0.0,0,0,0,0.0,0.0,0.0,0.0,0.0,0.0,0.0,0.0,0.0,0.0,0.0,0.0,0.0,0.0,0.0,0.0,0,-107875648.0,69,0.0,138,0.0,2.012,ERR,ERR,ERR,ERR,ERR,ERR,ERR,ERR,ERR,ERR,ERR,ERR,ERR,ERR,ERR,ERR,ERR,ERR,ERR,ERR,ERR,ERR,ERR,ERR,ERR,ERR,ERR,ERR,ERR,ERR,ERR,ERR,ERR,ERR,ERR,ERR,ERR,ERR,ERR,ERR,ERR,ERR,ERR,ERR,ERR,ERR,ERR,ERR,ERR,ERR,ERR,ERR,ERR,ERR,ERR,ERR,ERR,ERR,ERR,ERR,ERR,ERR,ERR,ERR,ERR,ERR,ERR,60.0,60.0,35,0.0,0.0,0.0,0.0,0.0,0.0,0.0,0.0,0.0,0.0,0.0,0.0,0.0,0.0,0.0,0.0,65.2,0,135,65,51,65476,0,65476,1,4,4,20529,65476,0,0,2621,60.0,0.0,0.0,0.0,0.0,0.0
2026-07-09T15:39:15,ERR,ERR,ERR,ERR,ERR,ERR,ERR,ERR,ERR,ERR,ERR,ERR,ERR,ERR,ERR,ERR,ERR,ERR,ERR,ERR,ERR,ERR,ERR,ERR,ERR,ERR,ERR,ERR,ERR,ERR,ERR,ERR,ERR,ERR,ERR,ERR,ERR,ERR,ERR,ERR,ERR,ERR,ERR,ERR,ERR,ERR,ERR,ERR,ERR,ERR,ERR,ERR,ERR,ERR,ERR,ERR,ERR,ERR,ERR,ERR,ERR,ERR,ERR,ERR,ERR,ERR,ERR,ERR,ERR,ERR,ERR,ERR,ERR,ERR,ERR,ERR,ERR,ERR,ERR,ERR,ERR,ERR,ERR,ERR,ERR,ERR,ERR,ERR,ERR,ERR,ERR,ERR,ERR,ERR,ERR,ERR,ERR,ERR,ERR,ERR,ERR,ERR,ERR,ERR,ERR,ERR,ERR,ERR,ERR,ERR,ERR,ERR,ERR,ERR,ERR,ERR,ERR,ERR,ERR,ERR,ERR,ERR,ERR,ERR,ERR,0.0,0.0,2.718417771077105e+23,2.7183478752108883e+23,0.0,-1.979,-0.0,4.904730674960794e+16,0,0,4,17309,7116,0.0,100,0.0,0.0,2.7183478752108883e+23,0.0,0.0,0,0,0,0,0.0,0,0,0,0,0,0,0,0,0,0,0,0,0,0,0,0,0,0,0,0,0,0,0,0,0,0,0,0,0,0,0,0,0,31,40,40,71,65476,0,300,0,0,8,21553,0.0,-107605600.0,0.0,0.0,0.0,0.0,0.0,0.0,0.0,0.0,0.0,0.0,0.0,0.0,0.0,0.0,0.0,0.0,0.0,0.0,0.0,0.0,2.004,-0.0,0.0,0.0,0.0,0.0,0.0,0.0,5190.0,0.0,6913.0,-0.0,2.7184446125308842e+23,2.004,2.004,0.0,0.0,0.0,0.0,69,71.63,2.7184186717970306e+23,0.0,0.0,0.0,0.0,0.0,0.0,0.0,0,0,0,0.0,0.0,0.0,0.0,0.0,0.0,0.0,0.0,0.0,0.0,0.0,0.0,0.0,0.0,0.0,0.0,0,-107875648.0,69,0.0,138,0.0,2.012,ERR,ERR,ERR,ERR,ERR,ERR,ERR,ERR,ERR,ERR,ERR,ERR,ERR,ERR,ERR,ERR,ERR,ERR,ERR,ERR,ERR,ERR,ERR,ERR,ERR,ERR,ERR,ERR,ERR,ERR,ERR,ERR,ERR,ERR,ERR,ERR,ERR,ERR,ERR,ERR,ERR,ERR,ERR,ERR,ERR,ERR,ERR,ERR,ERR,ERR,ERR,ERR,ERR,ERR,ERR,ERR,ERR,ERR,ERR,ERR,ERR,ERR,ERR,ERR,ERR,ERR,ERR,60.0,60.0,35,0.0,0.0,0.0,0.0,0.0,0.0,0.0,0.0,0.0,0.0,0.0,0.0,0.0,0.0,0.0,0.0,64.8,0,134,64,51,65476,0,65476,1,4,4,20529,65476,0,0,2621,60.0,0.0,0.0,0.0,0.0,0.0
2026-07-09T15:39:16,ERR,ERR,ERR,ERR,ERR,ERR,ERR,ERR,ERR,ERR,ERR,ERR,ERR,ERR,ERR,ERR,ERR,ERR,ERR,ERR,ERR,ERR,ERR,ERR,ERR,ERR,ERR,ERR,ERR,ERR,ERR,ERR,ERR,ERR,ERR,ERR,ERR,ERR,ERR,ERR,ERR,ERR,ERR,ERR,ERR,ERR,ERR,ERR,ERR,ERR,ERR,ERR,ERR,ERR,ERR,ERR,ERR,ERR,ERR,ERR,ERR,ERR,ERR,ERR,ERR,ERR,ERR,ERR,ERR,ERR,ERR,ERR,ERR,ERR,ERR,ERR,ERR,ERR,ERR,ERR,ERR,ERR,ERR,ERR,ERR,ERR,ERR,ERR,ERR,ERR,ERR,ERR,ERR,ERR,ERR,ERR,ERR,ERR,ERR,ERR,ERR,ERR,ERR,ERR,ERR,ERR,ERR,ERR,ERR,ERR,ERR,ERR,ERR,ERR,ERR,ERR,ERR,ERR,ERR,ERR,ERR,ERR,ERR,ERR,ERR,0.0,0.0,2.718417771077105e+23,2.7183478752108883e+23,0.0,-1.979,-0.0,4.904730674960794e+16,0,0,4,17309,7116,0.0,100,0.0,0.0,2.7183478752108883e+23,0.0,0.0,0,0,0,0,0.0,0,0,0,0,0,0,0,0,0,0,0,0,0,0,0,0,0,0,0,0,0,0,0,0,0,0,0,0,0,0,0,0,0,31,40,40,71,65476,0,300,0,0,8,21553,0.0,-107605600.0,0.0,0.0,0.0,0.0,0.0,0.0,0.0,0.0,0.0,0.0,0.0,0.0,0.0,0.0,0.0,0.0,0.0,0.0,0.0,0.0,2.004,-0.0,0.0,0.0,0.0,0.0,0.0,0.0,5190.0,0.0,6913.0,-0.0,2.7184446125308842e+23,2.004,2.004,0.0,0.0,0.0,0.0,69,71.63,2.7184186717970306e+23,0.0,0.0,0.0,0.0,0.0,0.0,0.0,0,0,0,0.0,0.0,0.0,0.0,0.0,0.0,0.0,0.0,0.0,0.0,0.0,0.0,0.0,0.0,0.0,0.0,0,-107875648.0,69,0.0,138,0.0,2.012,ERR,ERR,ERR,ERR,ERR,ERR,ERR,ERR,ERR,ERR,ERR,ERR,ERR,ERR,ERR,ERR,ERR,ERR,ERR,ERR,ERR,ERR,ERR,ERR,ERR,ERR,ERR,ERR,ERR,ERR,ERR,ERR,ERR,ERR,ERR,ERR,ERR,ERR,ERR,ERR,ERR,ERR,ERR,ERR,ERR,ERR,ERR,ERR,ERR,ERR,ERR,ERR,ERR,ERR,ERR,ERR,ERR,ERR,ERR,ERR,ERR,ERR,ERR,ERR,ERR,ERR,ERR,60.0,60.0,35,0.0,0.0,0.0,0.0,0.0,0.0,0.0,0.0,0.0,0.0,0.0,0.0,0.0,0.0,0.0,0.0,64.8,0,134,64,51,65476,0,65476,1,4,4,20529,65476,0,0,2621,60.0,0.0,0.0,0.0,0.0,0.0
2026-07-09T15:39:17,ERR,ERR,ERR,ERR,ERR,ERR,ERR,ERR,ERR,ERR,ERR,ERR,ERR,ERR,ERR,ERR,ERR,ERR,ERR,ERR,ERR,ERR,ERR,ERR,ERR,ERR,ERR,ERR,ERR,ERR,ERR,ERR,ERR,ERR,ERR,ERR,ERR,ERR,ERR,ERR,ERR,ERR,ERR,ERR,ERR,ERR,ERR,ERR,ERR,ERR,ERR,ERR,ERR,ERR,ERR,ERR,ERR,ERR,ERR,ERR,ERR,ERR,ERR,ERR,ERR,ERR,ERR,ERR,ERR,ERR,ERR,ERR,ERR,ERR,ERR,ERR,ERR,ERR,ERR,ERR,ERR,ERR,ERR,ERR,ERR,ERR,ERR,ERR,ERR,ERR,ERR,ERR,ERR,ERR,ERR,ERR,ERR,ERR,ERR,ERR,ERR,ERR,ERR,ERR,ERR,ERR,ERR,ERR,ERR,ERR,ERR,ERR,ERR,ERR,ERR,ERR,ERR,ERR,ERR,ERR,ERR,ERR,ERR,ERR,ERR,-0.0,-107615992.0,0.0,2.7183478752108883e+23,3.7672921631328488e+22,-3.2168812755260463e+34,-0.003,-1.598530854284164e+24,0,0,4,17308,7116,0.0,100,0.0,0.0,2.7183478752108883e+23,0.0,0.0,0,0,0,0,0.0,0,0,0,0,0,0,0,0,0,0,0,0,0,0,0,0,0,0,0,0,0,0,0,0,0,0,0,0,0,0,0,0,0,31,40,40,71,65476,0,300,0,0,8,21553,0.0,-107605600.0,0.0,0.0,0.0,0.0,0.0,0.0,0.0,0.0,0.0,0.0,0.0,0.0,0.0,0.0,0.0,0.0,0.0,0.0,0.0,0.0,2.004,0.0,0.0,0.0,0.0,0.0,0.0,0.0,5169.0,-3.697188332647953e+19,6940.0,-0.0,0.0,2.004,2.004,0.0,0.0,0.0,0.0,69,-0.059,0.0,0.0,0.0,0.0,0.0,0.0,0.0,0.0,0,0,0,0.0,0.0,0.0,0.0,0.0,0.0,0.0,0.0,0.0,0.0,0.0,0.0,0.0,0.0,0.0,0.0,0,-107875648.0,69,0.0,138,0.0,2.012,ERR,ERR,ERR,ERR,ERR,ERR,ERR,ERR,ERR,ERR,ERR,ERR,ERR,ERR,ERR,ERR,ERR,ERR,ERR,ERR,ERR,ERR,ERR,ERR,ERR,ERR,ERR,ERR,ERR,ERR,ERR,ERR,ERR,ERR,ERR,ERR,ERR,ERR,ERR,ERR,ERR,ERR,ERR,ERR,ERR,ERR,ERR,ERR,ERR,ERR,ERR,ERR,ERR,ERR,ERR,ERR,ERR,ERR,ERR,ERR,ERR,ERR,ERR,ERR,ERR,ERR,ERR,60.0,60.0,35,0.0,0.0,0.0,0.0,0.0,0.0,0.0,0.0,0.0,0.0,0.0,0.0,0.0,0.0,0.0,0.0,64.8,0,134,64,51,65476,0,65476,1,4,4,20529,65476,0,0,2621,60.0,0.0,0.0,0.0,0.0,0.0
2026-07-09T15:39:18,ERR,ERR,ERR,ERR,ERR,ERR,ERR,ERR,ERR,ERR,ERR,ERR,ERR,ERR,ERR,ERR,ERR,ERR,ERR,ERR,ERR,ERR,ERR,ERR,ERR,ERR,ERR,ERR,ERR,ERR,ERR,ERR,ERR,ERR,ERR,ERR,ERR,ERR,ERR,ERR,ERR,ERR,ERR,ERR,ERR,ERR,ERR,ERR,ERR,ERR,ERR,ERR,ERR,ERR,ERR,ERR,ERR,ERR,ERR,ERR,ERR,ERR,ERR,ERR,ERR,ERR,ERR,ERR,ERR,ERR,ERR,ERR,ERR,ERR,ERR,ERR,ERR,ERR,ERR,ERR,ERR,ERR,ERR,ERR,ERR,ERR,ERR,ERR,ERR,ERR,ERR,ERR,ERR,ERR,ERR,ERR,ERR,ERR,ERR,ERR,ERR,ERR,ERR,ERR,ERR,ERR,ERR,ERR,ERR,ERR,ERR,ERR,ERR,ERR,ERR,ERR,ERR,ERR,ERR,ERR,ERR,ERR,ERR,ERR,ERR,-0.0,-107615992.0,0.0,2.7183478752108883e+23,3.7672921631328488e+22,-3.2168812755260463e+34,-0.003,-1.598530854284164e+24,0,0,4,17308,7116,0.0,100,0.0,0.0,2.7183478752108883e+23,0.0,0.0,0,0,0,0,0.0,0,0,0,0,0,0,0,0,0,0,0,0,0,0,0,0,0,0,0,0,0,0,0,0,0,0,0,0,0,0,0,0,0,31,40,40,71,65476,0,300,0,0,8,21553,0.0,-107605600.0,0.0,0.0,0.0,0.0,0.0,0.0,0.0,0.0,0.0,0.0,0.0,0.0,0.0,0.0,0.0,0.0,0.0,0.0,0.0,0.0,2.004,0.0,0.0,0.0,0.0,0.0,0.0,0.0,5169.0,-3.697188332647953e+19,6940.0,-0.0,0.0,2.004,2.004,0.0,0.0,0.0,0.0,69,-0.059,0.0,0.0,0.0,0.0,0.0,0.0,0.0,0.0,0,0,0,0.0,0.0,0.0,0.0,0.0,0.0,0.0,0.0,0.0,0.0,0.0,0.0,0.0,0.0,0.0,0.0,0,-107875648.0,69,0.0,138,0.0,2.012,ERR,ERR,ERR,ERR,ERR,ERR,ERR,ERR,ERR,ERR,ERR,ERR,ERR,ERR,ERR,ERR,ERR,ERR,ERR,ERR,ERR,ERR,ERR,ERR,ERR,ERR,ERR,ERR,ERR,ERR,ERR,ERR,ERR,ERR,ERR,ERR,ERR,ERR,ERR,ERR,ERR,ERR,ERR,ERR,ERR,ERR,ERR,ERR,ERR,ERR,ERR,ERR,ERR,ERR,ERR,ERR,ERR,ERR,ERR,ERR,ERR,ERR,ERR,ERR,ERR,ERR,ERR,60.0,60.0,35,0.0,0.0,0.0,0.0,0.0,0.0,0.0,0.0,0.0,0.0,0.0,0.0,0.0,0.0,0.0,0.0,64.8,0,134,64,51,65476,0,65476,1,4,4,20529,65476,0,0,2621,60.0,0.0,0.0,0.0,0.0,0.0
2026-07-09T15:39:19,ERR,ERR,ERR,ERR,ERR,ERR,ERR,ERR,ERR,ERR,ERR,ERR,ERR,ERR,ERR,ERR,ERR,ERR,ERR,ERR,ERR,ERR,ERR,ERR,ERR,ERR,ERR,ERR,ERR,ERR,ERR,ERR,ERR,ERR,ERR,ERR,ERR,ERR,ERR,ERR,ERR,ERR,ERR,ERR,ERR,ERR,ERR,ERR,ERR,ERR,ERR,ERR,ERR,ERR,ERR,ERR,ERR,ERR,ERR,ERR,ERR,ERR,ERR,ERR,ERR,ERR,ERR,ERR,ERR,ERR,ERR,ERR,ERR,ERR,ERR,ERR,ERR,ERR,ERR,ERR,ERR,ERR,ERR,ERR,ERR,ERR,ERR,ERR,ERR,ERR,ERR,ERR,ERR,ERR,ERR,ERR,ERR,ERR,ERR,ERR,ERR,ERR,ERR,ERR,ERR,ERR,ERR,ERR,ERR,ERR,ERR,ERR,ERR,ERR,ERR,ERR,ERR,ERR,ERR,ERR,ERR,ERR,ERR,ERR,ERR,-0.0,-107615992.0,0.0,2.7183478752108883e+23,3.7672921631328488e+22,-3.2168812755260463e+34,-0.003,-1.598530854284164e+24,0,0,4,17308,7116,0.0,100,0.0,0.0,2.7183478752108883e+23,0.0,0.0,0,0,0,0,0.0,0,0,0,0,0,0,0,0,0,0,0,0,0,0,0,0,0,0,0,0,0,0,0,0,0,0,0,0,0,0,0,0,0,31,40,40,71,65476,0,300,0,0,8,21553,0.0,-107605600.0,0.0,0.0,0.0,0.0,0.0,0.0,0.0,0.0,0.0,0.0,0.0,0.0,0.0,0.0,0.0,0.0,0.0,0.0,0.0,0.0,2.004,0.0,0.0,0.0,0.0,0.0,0.0,0.0,5169.0,-3.697188332647953e+19,6940.0,-0.0,0.0,2.004,2.004,0.0,0.0,0.0,0.0,69,-0.059,0.0,0.0,0.0,0.0,0.0,0.0,0.0,0.0,0,0,0,0.0,0.0,0.0,0.0,0.0,0.0,0.0,0.0,0.0,0.0,0.0,0.0,0.0,0.0,0.0,0.0,0,-107875648.0,69,0.0,138,0.0,2.012,ERR,ERR,ERR,ERR,ERR,ERR,ERR,ERR,ERR,ERR,ERR,ERR,ERR,ERR,ERR,ERR,ERR,ERR,ERR,ERR,ERR,ERR,ERR,ERR,ERR,ERR,ERR,ERR,ERR,ERR,ERR,ERR,ERR,ERR,ERR,ERR,ERR,ERR,ERR,ERR,ERR,ERR,ERR,ERR,ERR,ERR,ERR,ERR,ERR,ERR,ERR,ERR,ERR,ERR,ERR,ERR,ERR,ERR,ERR,ERR,ERR,ERR,ERR,ERR,ERR,ERR,ERR,60.0,60.0,35,0.0,0.0,0.0,0.0,0.0,0.0,0.0,0.0,0.0,0.0,0.0,0.0,0.0,0.0,0.0,0.0,64.8,0,134,64,51,65476,0,65476,1,4,4,20529,65476,0,0,2621,60.0,0.0,0.0,0.0,0.0,0.0
2026-07-09T15:39:20,ERR,ERR,ERR,ERR,ERR,ERR,ERR,ERR,ERR,ERR,ERR,ERR,ERR,ERR,ERR,ERR,ERR,ERR,ERR,ERR,ERR,ERR,ERR,ERR,ERR,ERR,ERR,ERR,ERR,ERR,ERR,ERR,ERR,ERR,ERR,ERR,ERR,ERR,ERR,ERR,ERR,ERR,ERR,ERR,ERR,ERR,ERR,ERR,ERR,ERR,ERR,ERR,ERR,ERR,ERR,ERR,ERR,ERR,ERR,ERR,ERR,ERR,ERR,ERR,ERR,ERR,ERR,ERR,ERR,ERR,ERR,ERR,ERR,ERR,ERR,ERR,ERR,ERR,ERR,ERR,ERR,ERR,ERR,ERR,ERR,ERR,ERR,ERR,ERR,ERR,ERR,ERR,ERR,ERR,ERR,ERR,ERR,ERR,ERR,ERR,ERR,ERR,ERR,ERR,ERR,ERR,ERR,ERR,ERR,ERR,ERR,ERR,ERR,ERR,ERR,ERR,ERR,ERR,ERR,ERR,ERR,ERR,ERR,ERR,ERR,-0.0,-107615992.0,0.0,2.7183478752108883e+23,3.7672921631328488e+22,-3.2168812755260463e+34,-0.003,-1.598530854284164e+24,0,0,4,17308,7116,0.0,100,0.0,0.0,2.7183478752108883e+23,0.0,0.0,0,0,0,0,0.0,0,0,0,0,0,0,0,0,0,0,0,0,0,0,0,0,0,0,0,0,0,0,0,0,0,0,0,0,0,0,0,0,0,31,40,40,71,65476,0,300,0,0,8,21553,0.0,-107605600.0,0.0,0.0,0.0,0.0,0.0,0.0,0.0,0.0,0.0,0.0,0.0,0.0,0.0,0.0,0.0,0.0,0.0,0.0,0.0,0.0,2.004,0.0,0.0,0.0,0.0,0.0,0.0,0.0,5169.0,-3.697188332647953e+19,6940.0,-0.0,0.0,2.004,2.004,0.0,0.0,0.0,0.0,69,-0.059,0.0,0.0,0.0,0.0,0.0,0.0,0.0,0.0,0,0,0,0.0,0.0,0.0,0.0,0.0,0.0,0.0,0.0,0.0,0.0,0.0,0.0,0.0,0.0,0.0,0.0,0,-107875648.0,69,0.0,138,0.0,2.012,ERR,ERR,ERR,ERR,ERR,ERR,ERR,ERR,ERR,ERR,ERR,ERR,ERR,ERR,ERR,ERR,ERR,ERR,ERR,ERR,ERR,ERR,ERR,ERR,ERR,ERR,ERR,ERR,ERR,ERR,ERR,ERR,ERR,ERR,ERR,ERR,ERR,ERR,ERR,ERR,ERR,ERR,ERR,ERR,ERR,ERR,ERR,ERR,ERR,ERR,ERR,ERR,ERR,ERR,ERR,ERR,ERR,ERR,ERR,ERR,ERR,ERR,ERR,ERR,ERR,ERR,ERR,60.0,60.0,35,0.0,0.0,0.0,0.0,0.0,0.0,0.0,0.0,0.0,0.0,0.0,0.0,0.0,0.0,0.0,0.0,65.2,0,134,64,51,65476,0,65476,1,4,4,20529,65476,0,0,2621,60.0,0.0,0.0,0.0,0.0,0.0
2026-07-09T15:39:21,ERR,ERR,ERR,ERR,ERR,ERR,ERR,ERR,ERR,ERR,ERR,ERR,ERR,ERR,ERR,ERR,ERR,ERR,ERR,ERR,ERR,ERR,ERR,ERR,ERR,ERR,ERR,ERR,ERR,ERR,ERR,ERR,ERR,ERR,ERR,ERR,ERR,ERR,ERR,ERR,ERR,ERR,ERR,ERR,ERR,ERR,ERR,ERR,ERR,ERR,ERR,ERR,ERR,ERR,ERR,ERR,ERR,ERR,ERR,ERR,ERR,ERR,ERR,ERR,ERR,ERR,ERR,ERR,ERR,ERR,ERR,ERR,ERR,ERR,ERR,ERR,ERR,ERR,ERR,ERR,ERR,ERR,ERR,ERR,ERR,ERR,ERR,ERR,ERR,ERR,ERR,ERR,ERR,ERR,ERR,ERR,ERR,ERR,ERR,ERR,ERR,ERR,ERR,ERR,ERR,ERR,ERR,ERR,ERR,ERR,ERR,ERR,ERR,ERR,ERR,ERR,ERR,ERR,ERR,ERR,ERR,ERR,ERR,ERR,ERR,-0.0,-107615992.0,0.0,2.7183478752108883e+23,3.7672921631328488e+22,-3.2168812755260463e+34,-0.003,-1.598530854284164e+24,0,0,4,17308,7116,0.0,100,0.0,0.0,2.7183478752108883e+23,0.0,0.0,0,0,0,0,0.0,0,0,0,0,0,0,0,0,0,0,0,0,0,0,0,0,0,0,0,0,0,0,0,0,0,0,0,0,0,0,0,0,0,31,40,40,71,65476,0,300,0,0,8,21553,0.0,-107605600.0,0.0,0.0,0.0,0.0,0.0,0.0,0.0,0.0,0.0,0.0,0.0,0.0,0.0,0.0,0.0,0.0,0.0,0.0,0.0,0.0,2.004,0.0,0.0,0.0,0.0,0.0,0.0,0.0,5169.0,-3.697188332647953e+19,6940.0,-0.0,0.0,2.004,2.004,0.0,0.0,0.0,0.0,69,-0.059,0.0,0.0,0.0,0.0,0.0,0.0,0.0,0.0,0,0,0,0.0,0.0,0.0,0.0,0.0,0.0,0.0,0.0,0.0,0.0,0.0,0.0,0.0,0.0,0.0,0.0,0,-107875648.0,69,0.0,138,0.0,2.012,ERR,ERR,ERR,ERR,ERR,ERR,ERR,ERR,ERR,ERR,ERR,ERR,ERR,ERR,ERR,ERR,ERR,ERR,ERR,ERR,ERR,ERR,ERR,ERR,ERR,ERR,ERR,ERR,ERR,ERR,ERR,ERR,ERR,ERR,ERR,ERR,ERR,ERR,ERR,ERR,ERR,ERR,ERR,ERR,ERR,ERR,ERR,ERR,ERR,ERR,ERR,ERR,ERR,ERR,ERR,ERR,ERR,ERR,ERR,ERR,ERR,ERR,ERR,ERR,ERR,ERR,ERR,60.0,60.0,35,0.0,0.0,0.0,0.0,0.0,0.0,0.0,0.0,0.0,0.0,0.0,0.0,0.0,0.0,0.0,0.0,65.2,0,134,64,51,65476,0,65476,1,4,4,20529,65476,0,0,2621,60.0,0.0,0.0,0.0,0.0,0.0
2026-07-09T15:39:22,ERR,ERR,ERR,ERR,ERR,ERR,ERR,ERR,ERR,ERR,ERR,ERR,ERR,ERR,ERR,ERR,ERR,ERR,ERR,ERR,ERR,ERR,ERR,ERR,ERR,ERR,ERR,ERR,ERR,ERR,ERR,ERR,ERR,ERR,ERR,ERR,ERR,ERR,ERR,ERR,ERR,ERR,ERR,ERR,ERR,ERR,ERR,ERR,ERR,ERR,ERR,ERR,ERR,ERR,ERR,ERR,ERR,ERR,ERR,ERR,ERR,ERR,ERR,ERR,ERR,ERR,ERR,ERR,ERR,ERR,ERR,ERR,ERR,ERR,ERR,ERR,ERR,ERR,ERR,ERR,ERR,ERR,ERR,ERR,ERR,ERR,ERR,ERR,ERR,ERR,ERR,ERR,ERR,ERR,ERR,ERR,ERR,ERR,ERR,ERR,ERR,ERR,ERR,ERR,ERR,ERR,ERR,ERR,ERR,ERR,ERR,ERR,ERR,ERR,ERR,ERR,ERR,ERR,ERR,ERR,ERR,ERR,ERR,ERR,ERR,-0.0,-107616000.0,0.0,0.0,2.837576036637906e+22,5532941153206272.0,-1.9170600956786115e+20,-0.0,0,0,4,17310,7116,0.0,100,0.0,0.0,0.0,0.0,0.0,0,0,0,0,0.0,0,0,0,0,0,0,0,0,0,0,0,0,0,0,0,0,0,0,0,0,0,0,0,0,0,0,0,0,0,0,0,0,0,31,40,40,71,65476,0,300,0,0,8,21553,0.0,-107605600.0,0.0,0.0,0.0,0.0,0.0,0.0,0.0,0.0,0.0,0.0,0.0,0.0,0.0,0.0,0.0,0.0,0.0,0.0,0.0,0.0,0.0,-2.004,0.0,0.0,0.0,0.0,0.0,0.0,5177.0,-0.0,6932.0,0.0,0.0,2.004,2.004,0.0,0.0,0.0,0.0,69,107615320.0,-4.950403839085979e+32,0.0,0.0,0.0,0.0,0.0,0.0,0.0,0,0,0,0.0,0.0,0.0,0.0,0.0,0.0,0.0,0.0,0.0,0.0,0.0,0.0,0.0,0.0,0.0,0.0,0,-107875648.0,69,0.0,138,0.0,2.012,ERR,ERR,ERR,ERR,ERR,ERR,ERR,ERR,ERR,ERR,ERR,ERR,ERR,ERR,ERR,ERR,ERR,ERR,ERR,ERR,ERR,ERR,ERR,ERR,ERR,ERR,ERR,ERR,ERR,ERR,ERR,ERR,ERR,ERR,ERR,ERR,ERR,ERR,ERR,ERR,ERR,ERR,ERR,ERR,ERR,ERR,ERR,ERR,ERR,ERR,ERR,ERR,ERR,ERR,ERR,ERR,ERR,ERR,ERR,ERR,ERR,ERR,ERR,ERR,ERR,ERR,ERR,60.0,60.0,35,0.0,0.0,0.0,0.0,0.0,0.0,0.0,0.0,0.0,0.0,0.0,0.0,0.0,0.0,0.0,0.0,64.8,0,133,64,51,65476,0,65476,1,4,4,20529,65476,0,0,2621,60.0,0.0,0.0,0.0,0.0,0.0
2026-07-09T15:39:23,ERR,ERR,ERR,ERR,ERR,ERR,ERR,ERR,ERR,ERR,ERR,ERR,ERR,ERR,ERR,ERR,ERR,ERR,ERR,ERR,ERR,ERR,ERR,ERR,ERR,ERR,ERR,ERR,ERR,ERR,ERR,ERR,ERR,ERR,ERR,ERR,ERR,ERR,ERR,ERR,ERR,ERR,ERR,ERR,ERR,ERR,ERR,ERR,ERR,ERR,ERR,ERR,ERR,ERR,ERR,ERR,ERR,ERR,ERR,ERR,ERR,ERR,ERR,ERR,ERR,ERR,ERR,ERR,ERR,ERR,ERR,ERR,ERR,ERR,ERR,ERR,ERR,ERR,ERR,ERR,ERR,ERR,ERR,ERR,ERR,ERR,ERR,ERR,ERR,ERR,ERR,ERR,ERR,ERR,ERR,ERR,ERR,ERR,ERR,ERR,ERR,ERR,ERR,ERR,ERR,ERR,ERR,ERR,ERR,ERR,ERR,ERR,ERR,ERR,ERR,ERR,ERR,ERR,ERR,ERR,ERR,ERR,ERR,ERR,ERR,-0.0,-107616000.0,0.0,0.0,2.837576036637906e+22,5532941153206272.0,-1.9170600956786115e+20,-0.0,0,0,4,17310,7116,0.0,100,0.0,0.0,0.0,0.0,0.0,0,0,0,0,0.0,0,0,0,0,0,0,0,0,0,0,0,0,0,0,0,0,0,0,0,0,0,0,0,0,0,0,0,0,0,0,0,0,0,31,40,40,71,65476,0,300,0,0,8,21553,0.0,-107605600.0,0.0,0.0,0.0,0.0,0.0,0.0,0.0,0.0,0.0,0.0,0.0,0.0,0.0,0.0,0.0,0.0,0.0,0.0,0.0,0.0,0.0,-2.004,0.0,0.0,0.0,0.0,0.0,0.0,5177.0,-0.0,6932.0,0.0,0.0,2.004,2.004,0.0,0.0,0.0,0.0,69,107615320.0,-4.950403839085979e+32,0.0,0.0,0.0,0.0,0.0,0.0,0.0,0,0,0,0.0,0.0,0.0,0.0,0.0,0.0,0.0,0.0,0.0,0.0,0.0,0.0,0.0,0.0,0.0,0.0,0,-107875648.0,69,0.0,138,0.0,2.012,ERR,ERR,ERR,ERR,ERR,ERR,ERR,ERR,ERR,ERR,ERR,ERR,ERR,ERR,ERR,ERR,ERR,ERR,ERR,ERR,ERR,ERR,ERR,ERR,ERR,ERR,ERR,ERR,ERR,ERR,ERR,ERR,ERR,ERR,ERR,ERR,ERR,ERR,ERR,ERR,ERR,ERR,ERR,ERR,ERR,ERR,ERR,ERR,ERR,ERR,ERR,ERR,ERR,ERR,ERR,ERR,ERR,ERR,ERR,ERR,ERR,ERR,ERR,ERR,ERR,ERR,ERR,60.0,60.0,35,0.0,0.0,0.0,0.0,0.0,0.0,0.0,0.0,0.0,0.0,0.0,0.0,0.0,0.0,0.0,0.0,64.8,0,133,64,51,65476,0,65476,1,4,4,20529,65476,0,0,2621,60.0,0.0,0.0,0.0,0.0,0.0
2026-07-09T15:39:24,ERR,ERR,ERR,ERR,ERR,ERR,ERR,ERR,ERR,ERR,ERR,ERR,ERR,ERR,ERR,ERR,ERR,ERR,ERR,ERR,ERR,ERR,ERR,ERR,ERR,ERR,ERR,ERR,ERR,ERR,ERR,ERR,ERR,ERR,ERR,ERR,ERR,ERR,ERR,ERR,ERR,ERR,ERR,ERR,ERR,ERR,ERR,ERR,ERR,ERR,ERR,ERR,ERR,ERR,ERR,ERR,ERR,ERR,ERR,ERR,ERR,ERR,ERR,ERR,ERR,ERR,ERR,ERR,ERR,ERR,ERR,ERR,ERR,ERR,ERR,ERR,ERR,ERR,ERR,ERR,ERR,ERR,ERR,ERR,ERR,ERR,ERR,ERR,ERR,ERR,ERR,ERR,ERR,ERR,ERR,ERR,ERR,ERR,ERR,ERR,ERR,ERR,ERR,ERR,ERR,ERR,ERR,ERR,ERR,ERR,ERR,ERR,ERR,ERR,ERR,ERR,ERR,ERR,ERR,ERR,ERR,ERR,ERR,ERR,ERR,-0.0,-107616000.0,0.0,0.0,2.837576036637906e+22,5532941153206272.0,-1.9170600956786115e+20,-0.0,0,0,4,17310,7116,0.0,100,0.0,0.0,0.0,0.0,0.0,0,0,0,0,0.0,0,0,0,0,0,0,0,0,0,0,0,0,0,0,0,0,0,0,0,0,0,0,0,0,0,0,0,0,0,0,0,0,0,31,40,40,71,65476,0,300,0,0,8,21553,0.0,-107605600.0,0.0,0.0,0.0,0.0,0.0,0.0,0.0,0.0,0.0,0.0,0.0,0.0,0.0,0.0,0.0,0.0,0.0,0.0,0.0,0.0,0.0,-2.004,0.0,0.0,0.0,0.0,0.0,0.0,5177.0,-0.0,6932.0,0.0,0.0,2.004,2.004,0.0,0.0,0.0,0.0,69,107615320.0,-4.950403839085979e+32,0.0,0.0,0.0,0.0,0.0,0.0,0.0,0,0,0,0.0,0.0,0.0,0.0,0.0,0.0,0.0,0.0,0.0,0.0,0.0,0.0,0.0,0.0,0.0,0.0,0,-107875648.0,69,0.0,138,0.0,2.012,ERR,ERR,ERR,ERR,ERR,ERR,ERR,ERR,ERR,ERR,ERR,ERR,ERR,ERR,ERR,ERR,ERR,ERR,ERR,ERR,ERR,ERR,ERR,ERR,ERR,ERR,ERR,ERR,ERR,ERR,ERR,ERR,ERR,ERR,ERR,ERR,ERR,ERR,ERR,ERR,ERR,ERR,ERR,ERR,ERR,ERR,ERR,ERR,ERR,ERR,ERR,ERR,ERR,ERR,ERR,ERR,ERR,ERR,ERR,ERR,ERR,ERR,ERR,ERR,ERR,ERR,ERR,60.0,60.0,35,0.0,0.0,0.0,0.0,0.0,0.0,0.0,0.0,0.0,0.0,0.0,0.0,0.0,0.0,0.0,0.0,64.8,0,133,64,51,65476,0,65476,1,4,4,20529,65476,0,0,2621,60.0,0.0,0.0,0.0,0.0,0.0
2026-07-09T15:39:25,ERR,ERR,ERR,ERR,ERR,ERR,ERR,ERR,ERR,ERR,ERR,ERR,ERR,ERR,ERR,ERR,ERR,ERR,ERR,ERR,ERR,ERR,ERR,ERR,ERR,ERR,ERR,ERR,ERR,ERR,ERR,ERR,ERR,ERR,ERR,ERR,ERR,ERR,ERR,ERR,ERR,ERR,ERR,ERR,ERR,ERR,ERR,ERR,ERR,ERR,ERR,ERR,ERR,ERR,ERR,ERR,ERR,ERR,ERR,ERR,ERR,ERR,ERR,ERR,ERR,ERR,ERR,ERR,ERR,ERR,ERR,ERR,ERR,ERR,ERR,ERR,ERR,ERR,ERR,ERR,ERR,ERR,ERR,ERR,ERR,ERR,ERR,ERR,ERR,ERR,ERR,ERR,ERR,ERR,ERR,ERR,ERR,ERR,ERR,ERR,ERR,ERR,ERR,ERR,ERR,ERR,ERR,ERR,ERR,ERR,ERR,ERR,ERR,ERR,ERR,ERR,ERR,ERR,ERR,ERR,ERR,ERR,ERR,ERR,ERR,-0.0,-107616000.0,0.0,0.0,2.837576036637906e+22,5532941153206272.0,-1.9170600956786115e+20,-0.0,0,0,4,17310,7116,0.0,100,0.0,0.0,0.0,0.0,0.0,0,0,0,0,0.0,0,0,0,0,0,0,0,0,0,0,0,0,0,0,0,0,0,0,0,0,0,0,0,0,0,0,0,0,0,0,0,0,0,31,40,40,71,65476,0,300,0,0,8,21553,0.0,-107605600.0,0.0,0.0,0.0,0.0,0.0,0.0,0.0,0.0,0.0,0.0,0.0,0.0,0.0,0.0,0.0,0.0,0.0,0.0,0.0,0.0,0.0,-2.004,0.0,0.0,0.0,0.0,0.0,0.0,5177.0,-0.0,6932.0,0.0,0.0,2.004,2.004,0.0,0.0,0.0,0.0,69,107615320.0,-4.950403839085979e+32,0.0,0.0,0.0,0.0,0.0,0.0,0.0,0,0,0,0.0,0.0,0.0,0.0,0.0,0.0,0.0,0.0,0.0,0.0,0.0,0.0,0.0,0.0,0.0,0.0,0,-107875648.0,69,0.0,138,0.0,2.012,ERR,ERR,ERR,ERR,ERR,ERR,ERR,ERR,ERR,ERR,ERR,ERR,ERR,ERR,ERR,ERR,ERR,ERR,ERR,ERR,ERR,ERR,ERR,ERR,ERR,ERR,ERR,ERR,ERR,ERR,ERR,ERR,ERR,ERR,ERR,ERR,ERR,ERR,ERR,ERR,ERR,ERR,ERR,ERR,ERR,ERR,ERR,ERR,ERR,ERR,ERR,ERR,ERR,ERR,ERR,ERR,ERR,ERR,ERR,ERR,ERR,ERR,ERR,ERR,ERR,ERR,ERR,60.0,60.0,35,0.0,0.0,0.0,0.0,0.0,0.0,0.0,0.0,0.0,0.0,0.0,0.0,0.0,0.0,0.0,0.0,64.8,0,133,64,51,65476,0,65476,1,4,4,20529,65476,0,0,2621,60.0,0.0,0.0,0.0,0.0,0.0
2026-07-09T15:39:26,ERR,ERR,ERR,ERR,ERR,ERR,ERR,ERR,ERR,ERR,ERR,ERR,ERR,ERR,ERR,ERR,ERR,ERR,ERR,ERR,ERR,ERR,ERR,ERR,ERR,ERR,ERR,ERR,ERR,ERR,ERR,ERR,ERR,ERR,ERR,ERR,ERR,ERR,ERR,ERR,ERR,ERR,ERR,ERR,ERR,ERR,ERR,ERR,ERR,ERR,ERR,ERR,ERR,ERR,ERR,ERR,ERR,ERR,ERR,ERR,ERR,ERR,ERR,ERR,ERR,ERR,ERR,ERR,ERR,ERR,ERR,ERR,ERR,ERR,ERR,ERR,ERR,ERR,ERR,ERR,ERR,ERR,ERR,ERR,ERR,ERR,ERR,ERR,ERR,ERR,ERR,ERR,ERR,ERR,ERR,ERR,ERR,ERR,ERR,ERR,ERR,ERR,ERR,ERR,ERR,ERR,ERR,ERR,ERR,ERR,ERR,ERR,ERR,ERR,ERR,ERR,ERR,ERR,ERR,ERR,ERR,ERR,ERR,ERR,ERR,-0.0,-107616000.0,0.0,0.0,2.837576036637906e+22,5532941153206272.0,-1.9170600956786115e+20,-0.0,0,0,4,17310,7116,0.0,100,0.0,0.0,0.0,0.0,0.0,0,0,0,0,0.0,0,0,0,0,0,0,0,0,0,0,0,0,0,0,0,0,0,0,0,0,0,0,0,0,0,0,0,0,0,0,0,0,0,31,40,40,71,65476,0,300,0,0,8,21553,0.0,-107605600.0,0.0,0.0,0.0,0.0,0.0,0.0,0.0,0.0,0.0,0.0,0.0,0.0,0.0,0.0,0.0,0.0,0.0,0.0,0.0,0.0,0.0,-2.004,0.0,0.0,0.0,0.0,0.0,0.0,5177.0,-0.0,6932.0,0.0,0.0,2.004,2.004,0.0,0.0,0.0,0.0,69,107615320.0,-4.950403839085979e+32,0.0,0.0,0.0,0.0,0.0,0.0,0.0,0,0,0,0.0,0.0,0.0,0.0,0.0,0.0,0.0,0.0,0.0,0.0,0.0,0.0,0.0,0.0,0.0,0.0,0,-107875648.0,69,0.0,138,0.0,2.012,ERR,ERR,ERR,ERR,ERR,ERR,ERR,ERR,ERR,ERR,ERR,ERR,ERR,ERR,ERR,ERR,ERR,ERR,ERR,ERR,ERR,ERR,ERR,ERR,ERR,ERR,ERR,ERR,ERR,ERR,ERR,ERR,ERR,ERR,ERR,ERR,ERR,ERR,ERR,ERR,ERR,ERR,ERR,ERR,ERR,ERR,ERR,ERR,ERR,ERR,ERR,ERR,ERR,ERR,ERR,ERR,ERR,ERR,ERR,ERR,ERR,ERR,ERR,ERR,ERR,ERR,ERR,60.0,60.0,35,0.0,0.0,0.0,0.0,0.0,0.0,0.0,0.0,0.0,0.0,0.0,0.0,0.0,0.0,0.0,0.0,64.8,0,133,64,51,65476,0,65476,1,4,4,20529,65476,0,0,2621,60.0,0.0,0.0,0.0,0.0,0.0
2026-07-09T15:39:27,ERR,ERR,ERR,ERR,ERR,ERR,ERR,ERR,ERR,ERR,ERR,ERR,ERR,ERR,ERR,ERR,ERR,ERR,ERR,ERR,ERR,ERR,ERR,ERR,ERR,ERR,ERR,ERR,ERR,ERR,ERR,ERR,ERR,ERR,ERR,ERR,ERR,ERR,ERR,ERR,ERR,ERR,ERR,ERR,ERR,ERR,ERR,ERR,ERR,ERR,ERR,ERR,ERR,ERR,ERR,ERR,ERR,ERR,ERR,ERR,ERR,ERR,ERR,ERR,ERR,ERR,ERR,ERR,ERR,ERR,ERR,ERR,ERR,ERR,ERR,ERR,ERR,ERR,ERR,ERR,ERR,ERR,ERR,ERR,ERR,ERR,ERR,ERR,ERR,ERR,ERR,ERR,ERR,ERR,ERR,ERR,ERR,ERR,ERR,ERR,ERR,ERR,ERR,ERR,ERR,ERR,ERR,ERR,ERR,ERR,ERR,ERR,ERR,ERR,ERR,ERR,ERR,ERR,ERR,ERR,ERR,ERR,ERR,ERR,ERR,0.0,0.0,0.0,0.0,0.0,2.373747510764012e+32,-242513056.0,5.568644532559005e+25,0,0,4,17315,7116,0.0,100,0.0,0.0,0.0,0.0,0.0,0,0,0,0,0.0,0,0,0,0,0,0,0,0,0,0,0,0,0,0,0,0,0,0,0,0,0,0,0,0,0,0,0,0,0,0,0,0,0,31,40,40,71,65476,0,300,0,0,8,21553,0.0,-107605600.0,0.0,0.0,0.0,0.0,0.0,0.0,0.0,0.0,0.0,0.0,0.0,0.0,0.0,0.0,0.0,0.0,0.0,0.0,0.0,0.0,0.0,-0.0,0.0,0.0,0.0,0.0,0.0,0.0,5161.0,-0.0,6933.0,0.0,-107616016.0,2.004,2.004,0.0,0.0,0.0,0.0,69,-4.0668785921095834e+29,-107614832.0,0.0,0.0,0.0,0.0,0.0,0.0,0.0,0,0,0,0.0,0.0,0.0,0.0,0.0,0.0,0.0,0.0,0.0,0.0,0.0,0.0,0.0,0.0,0.0,0.0,0,-107875648.0,69,0.0,138,0.0,2.012,ERR,ERR,ERR,ERR,ERR,ERR,ERR,ERR,ERR,ERR,ERR,ERR,ERR,ERR,ERR,ERR,ERR,ERR,ERR,ERR,ERR,ERR,ERR,ERR,ERR,ERR,ERR,ERR,ERR,ERR,ERR,ERR,ERR,ERR,ERR,ERR,ERR,ERR,ERR,ERR,ERR,ERR,ERR,ERR,ERR,ERR,ERR,ERR,ERR,ERR,ERR,ERR,ERR,ERR,ERR,ERR,ERR,ERR,ERR,ERR,ERR,ERR,ERR,ERR,ERR,ERR,ERR,60.0,60.0,35,0.0,0.0,0.0,0.0,0.0,0.0,0.0,0.0,0.0,0.0,0.0,0.0,0.0,0.0,0.0,0.0,64.8,0,133,64,51,65476,0,65476,1,4,4,20529,65476,0,0,2621,60.0,0.0,0.0,0.0,0.0,0.0
2026-07-09T15:39:28,ERR,ERR,ERR,ERR,ERR,ERR,ERR,ERR,ERR,ERR,ERR,ERR,ERR,ERR,ERR,ERR,ERR,ERR,ERR,ERR,ERR,ERR,ERR,ERR,ERR,ERR,ERR,ERR,ERR,ERR,ERR,ERR,ERR,ERR,ERR,ERR,ERR,ERR,ERR,ERR,ERR,ERR,ERR,ERR,ERR,ERR,ERR,ERR,ERR,ERR,ERR,ERR,ERR,ERR,ERR,ERR,ERR,ERR,ERR,ERR,ERR,ERR,ERR,ERR,ERR,ERR,ERR,ERR,ERR,ERR,ERR,ERR,ERR,ERR,ERR,ERR,ERR,ERR,ERR,ERR,ERR,ERR,ERR,ERR,ERR,ERR,ERR,ERR,ERR,ERR,ERR,ERR,ERR,ERR,ERR,ERR,ERR,ERR,ERR,ERR,ERR,ERR,ERR,ERR,ERR,ERR,ERR,ERR,ERR,ERR,ERR,ERR,ERR,ERR,ERR,ERR,ERR,ERR,ERR,ERR,ERR,ERR,ERR,ERR,ERR,0.0,0.0,0.0,0.0,0.0,2.373747510764012e+32,-242513056.0,5.568644532559005e+25,0,0,4,17315,7116,0.0,100,0.0,0.0,0.0,0.0,0.0,0,0,0,0,0.0,0,0,0,0,0,0,0,0,0,0,0,0,0,0,0,0,0,0,0,0,0,0,0,0,0,0,0,0,0,0,0,0,0,31,40,40,71,65476,0,300,0,0,8,21553,0.0,-107605600.0,0.0,0.0,0.0,0.0,0.0,0.0,0.0,0.0,0.0,0.0,0.0,0.0,0.0,0.0,0.0,0.0,0.0,0.0,0.0,0.0,0.0,-0.0,0.0,0.0,0.0,0.0,0.0,0.0,5161.0,-0.0,6933.0,0.0,-107616016.0,2.004,2.004,0.0,0.0,0.0,0.0,69,-4.0668785921095834e+29,-107614832.0,0.0,0.0,0.0,0.0,0.0,0.0,0.0,0,0,0,0.0,0.0,0.0,0.0,0.0,0.0,0.0,0.0,0.0,0.0,0.0,0.0,0.0,0.0,0.0,0.0,0,-107875648.0,69,0.0,138,0.0,2.012,ERR,ERR,ERR,ERR,ERR,ERR,ERR,ERR,ERR,ERR,ERR,ERR,ERR,ERR,ERR,ERR,ERR,ERR,ERR,ERR,ERR,ERR,ERR,ERR,ERR,ERR,ERR,ERR,ERR,ERR,ERR,ERR,ERR,ERR,ERR,ERR,ERR,ERR,ERR,ERR,ERR,ERR,ERR,ERR,ERR,ERR,ERR,ERR,ERR,ERR,ERR,ERR,ERR,ERR,ERR,ERR,ERR,ERR,ERR,ERR,ERR,ERR,ERR,ERR,ERR,ERR,ERR,60.0,60.0,35,0.0,0.0,0.0,0.0,0.0,0.0,0.0,0.0,0.0,0.0,0.0,0.0,0.0,0.0,0.0,0.0,64.8,0,133,64,51,65476,0,65476,1,4,4,20529,65476,0,0,2621,60.0,0.0,0.0,0.0,0.0,0.0
2026-07-09T15:39:29,ERR,ERR,ERR,ERR,ERR,ERR,ERR,ERR,ERR,ERR,ERR,ERR,ERR,ERR,ERR,ERR,ERR,ERR,ERR,ERR,ERR,ERR,ERR,ERR,ERR,ERR,ERR,ERR,ERR,ERR,ERR,ERR,ERR,ERR,ERR,ERR,ERR,ERR,ERR,ERR,ERR,ERR,ERR,ERR,ERR,ERR,ERR,ERR,ERR,ERR,ERR,ERR,ERR,ERR,ERR,ERR,ERR,ERR,ERR,ERR,ERR,ERR,ERR,ERR,ERR,ERR,ERR,ERR,ERR,ERR,ERR,ERR,ERR,ERR,ERR,ERR,ERR,ERR,ERR,ERR,ERR,ERR,ERR,ERR,ERR,ERR,ERR,ERR,ERR,ERR,ERR,ERR,ERR,ERR,ERR,ERR,ERR,ERR,ERR,ERR,ERR,ERR,ERR,ERR,ERR,ERR,ERR,ERR,ERR,ERR,ERR,ERR,ERR,ERR,ERR,ERR,ERR,ERR,ERR,ERR,ERR,ERR,ERR,ERR,ERR,0.0,0.0,0.0,0.0,0.0,2.373747510764012e+32,-242513056.0,5.568644532559005e+25,0,0,4,17315,7116,0.0,100,0.0,0.0,0.0,0.0,0.0,0,0,0,0,0.0,0,0,0,0,0,0,0,0,0,0,0,0,0,0,0,0,0,0,0,0,0,0,0,0,0,0,0,0,0,0,0,0,0,31,40,40,71,65476,0,300,0,0,8,21553,0.0,-107605600.0,0.0,0.0,0.0,0.0,0.0,0.0,0.0,0.0,0.0,0.0,0.0,0.0,0.0,0.0,0.0,0.0,0.0,0.0,0.0,0.0,0.0,-0.0,0.0,0.0,0.0,0.0,0.0,0.0,5161.0,-0.0,6933.0,0.0,-107616016.0,2.004,2.004,0.0,0.0,0.0,0.0,69,-4.0668785921095834e+29,-107614832.0,0.0,0.0,0.0,0.0,0.0,0.0,0.0,0,0,0,0.0,0.0,0.0,0.0,0.0,0.0,0.0,0.0,0.0,0.0,0.0,0.0,0.0,0.0,0.0,0.0,0,-107875648.0,69,0.0,138,0.0,2.012,ERR,ERR,ERR,ERR,ERR,ERR,ERR,ERR,ERR,ERR,ERR,ERR,ERR,ERR,ERR,ERR,ERR,ERR,ERR,ERR,ERR,ERR,ERR,ERR,ERR,ERR,ERR,ERR,ERR,ERR,ERR,ERR,ERR,ERR,ERR,ERR,ERR,ERR,ERR,ERR,ERR,ERR,ERR,ERR,ERR,ERR,ERR,ERR,ERR,ERR,ERR,ERR,ERR,ERR,ERR,ERR,ERR,ERR,ERR,ERR,ERR,ERR,ERR,ERR,ERR,ERR,ERR,60.0,60.0,35,0.0,0.0,0.0,0.0,0.0,0.0,0.0,0.0,0.0,0.0,0.0,0.0,0.0,0.0,0.0,0.0,64.8,0,132,64,51,65476,0,65476,1,4,4,20529,65476,0,0,2621,60.0,0.0,0.0,0.0,0.0,0.0
2026-07-09T15:39:30,ERR,ERR,ERR,ERR,ERR,ERR,ERR,ERR,ERR,ERR,ERR,ERR,ERR,ERR,ERR,ERR,ERR,ERR,ERR,ERR,ERR,ERR,ERR,ERR,ERR,ERR,ERR,ERR,ERR,ERR,ERR,ERR,ERR,ERR,ERR,ERR,ERR,ERR,ERR,ERR,ERR,ERR,ERR,ERR,ERR,ERR,ERR,ERR,ERR,ERR,ERR,ERR,ERR,ERR,ERR,ERR,ERR,ERR,ERR,ERR,ERR,ERR,ERR,ERR,ERR,ERR,ERR,ERR,ERR,ERR,ERR,ERR,ERR,ERR,ERR,ERR,ERR,ERR,ERR,ERR,ERR,ERR,ERR,ERR,ERR,ERR,ERR,ERR,ERR,ERR,ERR,ERR,ERR,ERR,ERR,ERR,ERR,ERR,ERR,ERR,ERR,ERR,ERR,ERR,ERR,ERR,ERR,ERR,ERR,ERR,ERR,ERR,ERR,ERR,ERR,ERR,ERR,ERR,ERR,ERR,ERR,ERR,ERR,ERR,ERR,0.0,0.0,0.0,0.0,0.0,2.373747510764012e+32,-242513056.0,5.568644532559005e+25,0,0,4,17315,7116,0.0,100,0.0,0.0,0.0,0.0,0.0,0,0,0,0,0.0,0,0,0,0,0,0,0,0,0,0,0,0,0,0,0,0,0,0,0,0,0,0,0,0,0,0,0,0,0,0,0,0,0,31,40,40,71,65476,0,300,0,0,8,21553,0.0,-107605600.0,0.0,0.0,0.0,0.0,0.0,0.0,0.0,0.0,0.0,0.0,0.0,0.0,0.0,0.0,0.0,0.0,0.0,0.0,0.0,0.0,0.0,-0.0,0.0,0.0,0.0,0.0,0.0,0.0,5161.0,-0.0,6933.0,0.0,-107616016.0,2.004,2.004,0.0,0.0,0.0,0.0,69,-4.0668785921095834e+29,-107614832.0,0.0,0.0,0.0,0.0,0.0,0.0,0.0,0,0,0,0.0,0.0,0.0,0.0,0.0,0.0,0.0,0.0,0.0,0.0,0.0,0.0,0.0,0.0,0.0,0.0,0,-107875648.0,69,0.0,138,0.0,2.012,ERR,ERR,ERR,ERR,ERR,ERR,ERR,ERR,ERR,ERR,ERR,ERR,ERR,ERR,ERR,ERR,ERR,ERR,ERR,ERR,ERR,ERR,ERR,ERR,ERR,ERR,ERR,ERR,ERR,ERR,ERR,ERR,ERR,ERR,ERR,ERR,ERR,ERR,ERR,ERR,ERR,ERR,ERR,ERR,ERR,ERR,ERR,ERR,ERR,ERR,ERR,ERR,ERR,ERR,ERR,ERR,ERR,ERR,ERR,ERR,ERR,ERR,ERR,ERR,ERR,ERR,ERR,60.0,60.0,35,0.0,0.0,0.0,0.0,0.0,0.0,0.0,0.0,0.0,0.0,0.0,0.0,0.0,0.0,0.0,0.0,64.8,0,132,63,51,65476,0,65476,1,4,4,20529,65476,0,0,2621,60.0,0.0,0.0,0.0,0.0,0.0
2026-07-09T15:39:31,ERR,ERR,ERR,ERR,ERR,ERR,ERR,ERR,ERR,ERR,ERR,ERR,ERR,ERR,ERR,ERR,ERR,ERR,ERR,ERR,ERR,ERR,ERR,ERR,ERR,ERR,ERR,ERR,ERR,ERR,ERR,ERR,ERR,ERR,ERR,ERR,ERR,ERR,ERR,ERR,ERR,ERR,ERR,ERR,ERR,ERR,ERR,ERR,ERR,ERR,ERR,ERR,ERR,ERR,ERR,ERR,ERR,ERR,ERR,ERR,ERR,ERR,ERR,ERR,ERR,ERR,ERR,ERR,ERR,ERR,ERR,ERR,ERR,ERR,ERR,ERR,ERR,ERR,ERR,ERR,ERR,ERR,ERR,ERR,ERR,ERR,ERR,ERR,ERR,ERR,ERR,ERR,ERR,ERR,ERR,ERR,ERR,ERR,ERR,ERR,ERR,ERR,ERR,ERR,ERR,ERR,ERR,ERR,ERR,ERR,ERR,ERR,ERR,ERR,ERR,ERR,ERR,ERR,ERR,ERR,ERR,ERR,ERR,ERR,ERR,0.0,0.0,0.0,0.0,0.0,2.373747510764012e+32,-242513056.0,5.568644532559005e+25,0,0,4,17315,7116,0.0,100,0.0,0.0,0.0,0.0,0.0,0,0,0,0,0.0,0,0,0,0,0,0,0,0,0,0,0,0,0,0,0,0,0,0,0,0,0,0,0,0,0,0,0,0,0,0,0,0,0,31,40,40,71,65476,0,300,0,0,8,21553,0.0,-107605600.0,0.0,0.0,0.0,0.0,0.0,0.0,0.0,0.0,0.0,0.0,0.0,0.0,0.0,0.0,0.0,0.0,0.0,0.0,0.0,0.0,0.0,-0.0,0.0,0.0,0.0,0.0,0.0,0.0,5161.0,-0.0,6933.0,0.0,-107616016.0,2.004,2.004,0.0,0.0,0.0,0.0,69,-4.0668785921095834e+29,-107614832.0,0.0,0.0,0.0,0.0,0.0,0.0,0.0,0,0,0,0.0,0.0,0.0,0.0,0.0,0.0,0.0,0.0,0.0,0.0,0.0,0.0,0.0,0.0,0.0,0.0,0,-107875648.0,69,0.0,138,0.0,2.012,ERR,ERR,ERR,ERR,ERR,ERR,ERR,ERR,ERR,ERR,ERR,ERR,ERR,ERR,ERR,ERR,ERR,ERR,ERR,ERR,ERR,ERR,ERR,ERR,ERR,ERR,ERR,ERR,ERR,ERR,ERR,ERR,ERR,ERR,ERR,ERR,ERR,ERR,ERR,ERR,ERR,ERR,ERR,ERR,ERR,ERR,ERR,ERR,ERR,ERR,ERR,ERR,ERR,ERR,ERR,ERR,ERR,ERR,ERR,ERR,ERR,ERR,ERR,ERR,ERR,ERR,ERR,60.0,60.0,35,0.0,0.0,0.0,0.0,0.0,0.0,0.0,0.0,0.0,0.0,0.0,0.0,0.0,0.0,0.0,0.0,64.8,0,132,63,51,65476,0,65476,1,4,4,20529,65476,0,0,2621,60.0,0.0,0.0,0.0,0.0,0.0
2026-07-09T15:39:32,ERR,ERR,ERR,ERR,ERR,ERR,ERR,ERR,ERR,ERR,ERR,ERR,ERR,ERR,ERR,ERR,ERR,ERR,ERR,ERR,ERR,ERR,ERR,ERR,ERR,ERR,ERR,ERR,ERR,ERR,ERR,ERR,ERR,ERR,ERR,ERR,ERR,ERR,ERR,ERR,ERR,ERR,ERR,ERR,ERR,ERR,ERR,ERR,ERR,ERR,ERR,ERR,ERR,ERR,ERR,ERR,ERR,ERR,ERR,ERR,ERR,ERR,ERR,ERR,ERR,ERR,ERR,ERR,ERR,ERR,ERR,ERR,ERR,ERR,ERR,ERR,ERR,ERR,ERR,ERR,ERR,ERR,ERR,ERR,ERR,ERR,ERR,ERR,ERR,ERR,ERR,ERR,ERR,ERR,ERR,ERR,ERR,ERR,ERR,ERR,ERR,ERR,ERR,ERR,ERR,ERR,ERR,ERR,ERR,ERR,ERR,ERR,ERR,ERR,ERR,ERR,ERR,ERR,ERR,ERR,ERR,ERR,ERR,ERR,ERR,0.0,0.0,-107614880.0,2.7183478752108883e+23,0.0,-0.0,-0.0,1.726628575954111e+23,0,0,4,17319,7116,0.0,100,0.0,0.0,2.7183478752108883e+23,0.0,0.0,0,0,0,0,0.0,0,0,0,0,0,0,0,0,0,0,0,0,0,0,0,0,0,0,0,0,0,0,0,0,0,0,0,0,0,0,0,0,0,31,40,40,71,65476,0,300,0,0,8,21553,0.0,-107605600.0,0.0,0.0,0.0,0.0,0.0,0.0,0.0,0.0,0.0,0.0,0.0,0.0,0.0,0.0,0.0,0.0,0.0,0.0,0.0,0.0,0.0,-2.004,0.0,0.0,0.0,0.0,0.0,0.0,5167.0,2.004,6920.0,-107615120.0,-0.0,2.004,2.004,0.0,0.0,0.0,0.0,69,-0.0,2.7184184916530455e+23,0.0,0.0,0.0,0.0,0.0,0.0,0.0,0,0,0,0.0,0.0,0.0,0.0,0.0,0.0,0.0,0.0,0.0,0.0,0.0,0.0,0.0,0.0,0.0,0.0,0,-107875648.0,69,0.0,138,0.0,2.012,ERR,ERR,ERR,ERR,ERR,ERR,ERR,ERR,ERR,ERR,ERR,ERR,ERR,ERR,ERR,ERR,ERR,ERR,ERR,ERR,ERR,ERR,ERR,ERR,ERR,ERR,ERR,ERR,ERR,ERR,ERR,ERR,ERR,ERR,ERR,ERR,ERR,ERR,ERR,ERR,ERR,ERR,ERR,ERR,ERR,ERR,ERR,ERR,ERR,ERR,ERR,ERR,ERR,ERR,ERR,ERR,ERR,ERR,ERR,ERR,ERR,ERR,ERR,ERR,ERR,ERR,ERR,60.0,60.0,35,0.0,0.0,0.0,0.0,0.0,0.0,0.0,0.0,0.0,0.0,0.0,0.0,0.0,0.0,0.0,0.0,64.8,0,132,63,51,65476,0,65476,1,4,4,20529,65476,0,0,2621,60.0,0.0,0.0,0.0,0.0,0.0
2026-07-09T15:39:33,ERR,ERR,ERR,ERR,ERR,ERR,ERR,ERR,ERR,ERR,ERR,ERR,ERR,ERR,ERR,ERR,ERR,ERR,ERR,ERR,ERR,ERR,ERR,ERR,ERR,ERR,ERR,ERR,ERR,ERR,ERR,ERR,ERR,ERR,ERR,ERR,ERR,ERR,ERR,ERR,ERR,ERR,ERR,ERR,ERR,ERR,ERR,ERR,ERR,ERR,ERR,ERR,ERR,ERR,ERR,ERR,ERR,ERR,ERR,ERR,ERR,ERR,ERR,ERR,ERR,ERR,ERR,ERR,ERR,ERR,ERR,ERR,ERR,ERR,ERR,ERR,ERR,ERR,ERR,ERR,ERR,ERR,ERR,ERR,ERR,ERR,ERR,ERR,ERR,ERR,ERR,ERR,ERR,ERR,ERR,ERR,ERR,ERR,ERR,ERR,ERR,ERR,ERR,ERR,ERR,ERR,ERR,ERR,ERR,ERR,ERR,ERR,ERR,ERR,ERR,ERR,ERR,ERR,ERR,ERR,ERR,ERR,ERR,ERR,ERR,0.0,0.0,-107614880.0,2.7183478752108883e+23,0.0,-0.0,-0.0,1.726628575954111e+23,0,0,4,17319,7116,0.0,100,0.0,0.0,2.7183478752108883e+23,0.0,0.0,0,0,0,0,0.0,0,0,0,0,0,0,0,0,0,0,0,0,0,0,0,0,0,0,0,0,0,0,0,0,0,0,0,0,0,0,0,0,0,31,40,40,71,65476,0,300,0,0,8,21553,0.0,-107605600.0,0.0,0.0,0.0,0.0,0.0,0.0,0.0,0.0,0.0,0.0,0.0,0.0,0.0,0.0,0.0,0.0,0.0,0.0,0.0,0.0,0.0,-2.004,0.0,0.0,0.0,0.0,0.0,0.0,5167.0,2.004,6920.0,-107615120.0,-0.0,2.004,2.004,0.0,0.0,0.0,0.0,69,-0.0,2.7184184916530455e+23,0.0,0.0,0.0,0.0,0.0,0.0,0.0,0,0,0,0.0,0.0,0.0,0.0,0.0,0.0,0.0,0.0,0.0,0.0,0.0,0.0,0.0,0.0,0.0,0.0,0,-107875648.0,69,0.0,138,0.0,2.012,ERR,ERR,ERR,ERR,ERR,ERR,ERR,ERR,ERR,ERR,ERR,ERR,ERR,ERR,ERR,ERR,ERR,ERR,ERR,ERR,ERR,ERR,ERR,ERR,ERR,ERR,ERR,ERR,ERR,ERR,ERR,ERR,ERR,ERR,ERR,ERR,ERR,ERR,ERR,ERR,ERR,ERR,ERR,ERR,ERR,ERR,ERR,ERR,ERR,ERR,ERR,ERR,ERR,ERR,ERR,ERR,ERR,ERR,ERR,ERR,ERR,ERR,ERR,ERR,ERR,ERR,ERR,60.0,60.0,35,0.0,0.0,0.0,0.0,0.0,0.0,0.0,0.0,0.0,0.0,0.0,0.0,0.0,0.0,0.0,0.0,64.8,0,132,63,51,65476,0,65476,1,4,4,20529,65476,0,0,2621,60.0,0.0,0.0,0.0,0.0,0.0
2026-07-09T15:39:34,ERR,ERR,ERR,ERR,ERR,ERR,ERR,ERR,ERR,ERR,ERR,ERR,ERR,ERR,ERR,ERR,ERR,ERR,ERR,ERR,ERR,ERR,ERR,ERR,ERR,ERR,ERR,ERR,ERR,ERR,ERR,ERR,ERR,ERR,ERR,ERR,ERR,ERR,ERR,ERR,ERR,ERR,ERR,ERR,ERR,ERR,ERR,ERR,ERR,ERR,ERR,ERR,ERR,ERR,ERR,ERR,ERR,ERR,ERR,ERR,ERR,ERR,ERR,ERR,ERR,ERR,ERR,ERR,ERR,ERR,ERR,ERR,ERR,ERR,ERR,ERR,ERR,ERR,ERR,ERR,ERR,ERR,ERR,ERR,ERR,ERR,ERR,ERR,ERR,ERR,ERR,ERR,ERR,ERR,ERR,ERR,ERR,ERR,ERR,ERR,ERR,ERR,ERR,ERR,ERR,ERR,ERR,ERR,ERR,ERR,ERR,ERR,ERR,ERR,ERR,ERR,ERR,ERR,ERR,ERR,ERR,ERR,ERR,ERR,ERR,0.0,0.0,-107614880.0,2.7183478752108883e+23,0.0,-0.0,-0.0,1.726628575954111e+23,0,0,4,17319,7116,0.0,100,0.0,0.0,2.7183478752108883e+23,0.0,0.0,0,0,0,0,0.0,0,0,0,0,0,0,0,0,0,0,0,0,0,0,0,0,0,0,0,0,0,0,0,0,0,0,0,0,0,0,0,0,0,31,40,40,71,65476,0,300,0,0,8,21553,0.0,-107605600.0,0.0,0.0,0.0,0.0,0.0,0.0,0.0,0.0,0.0,0.0,0.0,0.0,0.0,0.0,0.0,0.0,0.0,0.0,0.0,0.0,0.0,-2.004,0.0,0.0,0.0,0.0,0.0,0.0,5167.0,2.004,6920.0,-107615120.0,-0.0,2.004,2.004,0.0,0.0,0.0,0.0,69,-0.0,2.7184184916530455e+23,0.0,0.0,0.0,0.0,0.0,0.0,0.0,0,0,0,0.0,0.0,0.0,0.0,0.0,0.0,0.0,0.0,0.0,0.0,0.0,0.0,0.0,0.0,0.0,0.0,0,-107875648.0,69,0.0,138,0.0,2.012,ERR,ERR,ERR,ERR,ERR,ERR,ERR,ERR,ERR,ERR,ERR,ERR,ERR,ERR,ERR,ERR,ERR,ERR,ERR,ERR,ERR,ERR,ERR,ERR,ERR,ERR,ERR,ERR,ERR,ERR,ERR,ERR,ERR,ERR,ERR,ERR,ERR,ERR,ERR,ERR,ERR,ERR,ERR,ERR,ERR,ERR,ERR,ERR,ERR,ERR,ERR,ERR,ERR,ERR,ERR,ERR,ERR,ERR,ERR,ERR,ERR,ERR,ERR,ERR,ERR,ERR,ERR,60.0,60.0,35,0.0,0.0,0.0,0.0,0.0,0.0,0.0,0.0,0.0,0.0,0.0,0.0,0.0,0.0,0.0,0.0,64.8,0,131,63,51,65476,0,65476,1,4,4,20529,65476,0,0,2621,60.0,0.0,0.0,0.0,0.0,0.0
2026-07-09T15:39:35,ERR,ERR,ERR,ERR,ERR,ERR,ERR,ERR,ERR,ERR,ERR,ERR,ERR,ERR,ERR,ERR,ERR,ERR,ERR,ERR,ERR,ERR,ERR,ERR,ERR,ERR,ERR,ERR,ERR,ERR,ERR,ERR,ERR,ERR,ERR,ERR,ERR,ERR,ERR,ERR,ERR,ERR,ERR,ERR,ERR,ERR,ERR,ERR,ERR,ERR,ERR,ERR,ERR,ERR,ERR,ERR,ERR,ERR,ERR,ERR,ERR,ERR,ERR,ERR,ERR,ERR,ERR,ERR,ERR,ERR,ERR,ERR,ERR,ERR,ERR,ERR,ERR,ERR,ERR,ERR,ERR,ERR,ERR,ERR,ERR,ERR,ERR,ERR,ERR,ERR,ERR,ERR,ERR,ERR,ERR,ERR,ERR,ERR,ERR,ERR,ERR,ERR,ERR,ERR,ERR,ERR,ERR,ERR,ERR,ERR,ERR,ERR,ERR,ERR,ERR,ERR,ERR,ERR,ERR,ERR,ERR,ERR,ERR,ERR,ERR,0.0,0.0,-107614880.0,2.7183478752108883e+23,0.0,-0.0,-0.0,1.726628575954111e+23,0,0,4,17319,7116,0.0,100,0.0,0.0,2.7183478752108883e+23,0.0,0.0,0,0,0,0,0.0,0,0,0,0,0,0,0,0,0,0,0,0,0,0,0,0,0,0,0,0,0,0,0,0,0,0,0,0,0,0,0,0,0,31,40,40,71,65476,0,300,0,0,8,21553,0.0,-107605600.0,0.0,0.0,0.0,0.0,0.0,0.0,0.0,0.0,0.0,0.0,0.0,0.0,0.0,0.0,0.0,0.0,0.0,0.0,0.0,0.0,0.0,-2.004,0.0,0.0,0.0,0.0,0.0,0.0,5167.0,2.004,6920.0,-107615120.0,-0.0,2.004,2.004,0.0,0.0,0.0,0.0,69,-0.0,2.7184184916530455e+23,0.0,0.0,0.0,0.0,0.0,0.0,0.0,0,0,0,0.0,0.0,0.0,0.0,0.0,0.0,0.0,0.0,0.0,0.0,0.0,0.0,0.0,0.0,0.0,0.0,0,-107875648.0,69,0.0,138,0.0,2.012,ERR,ERR,ERR,ERR,ERR,ERR,ERR,ERR,ERR,ERR,ERR,ERR,ERR,ERR,ERR,ERR,ERR,ERR,ERR,ERR,ERR,ERR,ERR,ERR,ERR,ERR,ERR,ERR,ERR,ERR,ERR,ERR,ERR,ERR,ERR,ERR,ERR,ERR,ERR,ERR,ERR,ERR,ERR,ERR,ERR,ERR,ERR,ERR,ERR,ERR,ERR,ERR,ERR,ERR,ERR,ERR,ERR,ERR,ERR,ERR,ERR,ERR,ERR,ERR,ERR,ERR,ERR,60.0,60.0,35,0.0,0.0,0.0,0.0,0.0,0.0,0.0,0.0,0.0,0.0,0.0,0.0,0.0,0.0,0.0,0.0,64.8,0,131,63,51,65476,0,65476,1,4,4,20529,65476,0,0,2621,60.0,0.0,0.0,0.0,0.0,0.0
2026-07-09T15:39:36,ERR,ERR,ERR,ERR,ERR,ERR,ERR,ERR,ERR,ERR,ERR,ERR,ERR,ERR,ERR,ERR,ERR,ERR,ERR,ERR,ERR,ERR,ERR,ERR,ERR,ERR,ERR,ERR,ERR,ERR,ERR,ERR,ERR,ERR,ERR,ERR,ERR,ERR,ERR,ERR,ERR,ERR,ERR,ERR,ERR,ERR,ERR,ERR,ERR,ERR,ERR,ERR,ERR,ERR,ERR,ERR,ERR,ERR,ERR,ERR,ERR,ERR,ERR,ERR,ERR,ERR,ERR,ERR,ERR,ERR,ERR,ERR,ERR,ERR,ERR,ERR,ERR,ERR,ERR,ERR,ERR,ERR,ERR,ERR,ERR,ERR,ERR,ERR,ERR,ERR,ERR,ERR,ERR,ERR,ERR,ERR,ERR,ERR,ERR,ERR,ERR,ERR,ERR,ERR,ERR,ERR,ERR,ERR,ERR,ERR,ERR,ERR,ERR,ERR,ERR,ERR,ERR,ERR,ERR,ERR,ERR,ERR,ERR,ERR,ERR,0.0,0.0,-107614880.0,2.7183478752108883e+23,0.0,-0.0,-0.0,1.726628575954111e+23,0,0,4,17319,7116,0.0,100,0.0,0.0,2.7183478752108883e+23,0.0,0.0,0,0,0,0,0.0,0,0,0,0,0,0,0,0,0,0,0,0,0,0,0,0,0,0,0,0,0,0,0,0,0,0,0,0,0,0,0,0,0,31,40,40,71,65476,0,300,0,0,8,21553,0.0,-107605600.0,0.0,0.0,0.0,0.0,0.0,0.0,0.0,0.0,0.0,0.0,0.0,0.0,0.0,0.0,0.0,0.0,0.0,0.0,0.0,0.0,0.0,-2.004,0.0,0.0,0.0,0.0,0.0,0.0,5167.0,2.004,6920.0,-107615120.0,-0.0,2.004,2.004,0.0,0.0,0.0,0.0,69,-0.0,2.7184184916530455e+23,0.0,0.0,0.0,0.0,0.0,0.0,0.0,0,0,0,0.0,0.0,0.0,0.0,0.0,0.0,0.0,0.0,0.0,0.0,0.0,0.0,0.0,0.0,0.0,0.0,0,-107875648.0,69,0.0,138,0.0,2.012,ERR,ERR,ERR,ERR,ERR,ERR,ERR,ERR,ERR,ERR,ERR,ERR,ERR,ERR,ERR,ERR,ERR,ERR,ERR,ERR,ERR,ERR,ERR,ERR,ERR,ERR,ERR,ERR,ERR,ERR,ERR,ERR,ERR,ERR,ERR,ERR,ERR,ERR,ERR,ERR,ERR,ERR,ERR,ERR,ERR,ERR,ERR,ERR,ERR,ERR,ERR,ERR,ERR,ERR,ERR,ERR,ERR,ERR,ERR,ERR,ERR,ERR,ERR,ERR,ERR,ERR,ERR,60.0,60.0,35,0.0,0.0,0.0,0.0,0.0,0.0,0.0,0.0,0.0,0.0,0.0,0.0,0.0,0.0,0.0,0.0,64.8,0,131,63,51,65476,0,65476,1,4,4,20529,65476,0,0,2621,60.0,0.0,0.0,0.0,0.0,0.0
2026-07-09T15:39:37,ERR,ERR,ERR,ERR,ERR,ERR,ERR,ERR,ERR,ERR,ERR,ERR,ERR,ERR,ERR,ERR,ERR,ERR,ERR,ERR,ERR,ERR,ERR,ERR,ERR,ERR,ERR,ERR,ERR,ERR,ERR,ERR,ERR,ERR,ERR,ERR,ERR,ERR,ERR,ERR,ERR,ERR,ERR,ERR,ERR,ERR,ERR,ERR,ERR,ERR,ERR,ERR,ERR,ERR,ERR,ERR,ERR,ERR,ERR,ERR,ERR,ERR,ERR,ERR,ERR,ERR,ERR,ERR,ERR,ERR,ERR,ERR,ERR,ERR,ERR,ERR,ERR,ERR,ERR,ERR,ERR,ERR,ERR,ERR,ERR,ERR,ERR,ERR,ERR,ERR,ERR,ERR,ERR,ERR,ERR,ERR,ERR,ERR,ERR,ERR,ERR,ERR,ERR,ERR,ERR,ERR,ERR,ERR,ERR,ERR,ERR,ERR,ERR,ERR,ERR,ERR,ERR,ERR,ERR,ERR,ERR,ERR,ERR,ERR,ERR,-107615120.0,-107616040.0,-107614912.0,2.7183478752108883e+23,0.0,3.4336261595723727e+19,-0.0,1180885957214208.0,0,0,4,17299,7116,0.0,100,0.0,0.0,0.0,0.0,0.0,0,0,0,0,0.0,0,0,0,0,0,0,0,0,0,0,0,0,0,0,0,0,0,0,0,0,0,0,0,0,0,0,0,0,0,0,0,0,0,31,40,40,71,65476,0,300,0,0,8,21553,0.0,-107605600.0,0.0,0.0,0.0,0.0,0.0,0.0,0.0,0.0,0.0,0.0,0.0,0.0,0.0,0.0,0.0,0.0,0.0,0.0,0.0,0.0,-2.004,-3.697067826173549e+19,0.0,0.0,0.0,0.0,0.0,0.0,5182.0,0.0,6914.0,-107615120.0,2.71844587353878e+23,2.004,2.004,0.0,0.0,0.0,0.0,69,0.0,0.0,0.0,0.0,0.0,0.0,0.0,0.0,0.0,0,0,0,0.0,0.0,0.0,0.0,0.0,0.0,0.0,0.0,0.0,0.0,0.0,0.0,0.0,0.0,0.0,0.0,0,-107875648.0,69,0.0,138,0.0,2.012,ERR,ERR,ERR,ERR,ERR,ERR,ERR,ERR,ERR,ERR,ERR,ERR,ERR,ERR,ERR,ERR,ERR,ERR,ERR,ERR,ERR,ERR,ERR,ERR,ERR,ERR,ERR,ERR,ERR,ERR,ERR,ERR,ERR,ERR,ERR,ERR,ERR,ERR,ERR,ERR,ERR,ERR,ERR,ERR,ERR,ERR,ERR,ERR,ERR,ERR,ERR,ERR,ERR,ERR,ERR,ERR,ERR,ERR,ERR,ERR,ERR,ERR,ERR,ERR,ERR,ERR,ERR,60.0,60.0,35,0.0,0.0,0.0,0.0,0.0,0.0,0.0,0.0,0.0,0.0,0.0,0.0,0.0,0.0,0.0,0.0,64.8,0,131,63,51,65476,0,65476,1,4,4,20529,65476,0,0,2621,60.0,0.0,0.0,0.0,0.0,0.0
2026-07-09T15:39:38,ERR,ERR,ERR,ERR,ERR,ERR,ERR,ERR,ERR,ERR,ERR,ERR,ERR,ERR,ERR,ERR,ERR,ERR,ERR,ERR,ERR,ERR,ERR,ERR,ERR,ERR,ERR,ERR,ERR,ERR,ERR,ERR,ERR,ERR,ERR,ERR,ERR,ERR,ERR,ERR,ERR,ERR,ERR,ERR,ERR,ERR,ERR,ERR,ERR,ERR,ERR,ERR,ERR,ERR,ERR,ERR,ERR,ERR,ERR,ERR,ERR,ERR,ERR,ERR,ERR,ERR,ERR,ERR,ERR,ERR,ERR,ERR,ERR,ERR,ERR,ERR,ERR,ERR,ERR,ERR,ERR,ERR,ERR,ERR,ERR,ERR,ERR,ERR,ERR,ERR,ERR,ERR,ERR,ERR,ERR,ERR,ERR,ERR,ERR,ERR,ERR,ERR,ERR,ERR,ERR,ERR,ERR,ERR,ERR,ERR,ERR,ERR,ERR,ERR,ERR,ERR,ERR,ERR,ERR,ERR,ERR,ERR,ERR,ERR,ERR,-107615120.0,-107616040.0,-107614912.0,2.7183478752108883e+23,0.0,3.4336261595723727e+19,-0.0,1180885957214208.0,0,0,4,17299,7116,0.0,100,0.0,0.0,0.0,0.0,0.0,0,0,0,0,0.0,0,0,0,0,0,0,0,0,0,0,0,0,0,0,0,0,0,0,0,0,0,0,0,0,0,0,0,0,0,0,0,0,0,31,40,40,71,65476,0,300,0,0,8,21553,0.0,-107605600.0,0.0,0.0,0.0,0.0,0.0,0.0,0.0,0.0,0.0,0.0,0.0,0.0,0.0,0.0,0.0,0.0,0.0,0.0,0.0,0.0,-2.004,-3.697067826173549e+19,0.0,0.0,0.0,0.0,0.0,0.0,5182.0,0.0,6914.0,-107615120.0,2.71844587353878e+23,2.004,2.004,0.0,0.0,0.0,0.0,69,0.0,0.0,0.0,0.0,0.0,0.0,0.0,0.0,0.0,0,0,0,0.0,0.0,0.0,0.0,0.0,0.0,0.0,0.0,0.0,0.0,0.0,0.0,0.0,0.0,0.0,0.0,0,-107875648.0,69,0.0,138,0.0,2.012,ERR,ERR,ERR,ERR,ERR,ERR,ERR,ERR,ERR,ERR,ERR,ERR,ERR,ERR,ERR,ERR,ERR,ERR,ERR,ERR,ERR,ERR,ERR,ERR,ERR,ERR,ERR,ERR,ERR,ERR,ERR,ERR,ERR,ERR,ERR,ERR,ERR,ERR,ERR,ERR,ERR,ERR,ERR,ERR,ERR,ERR,ERR,ERR,ERR,ERR,ERR,ERR,ERR,ERR,ERR,ERR,ERR,ERR,ERR,ERR,ERR,ERR,ERR,ERR,ERR,ERR,ERR,60.0,60.0,35,0.0,0.0,0.0,0.0,0.0,0.0,0.0,0.0,0.0,0.0,0.0,0.0,0.0,0.0,0.0,0.0,64.8,0,131,63,51,65476,0,65476,1,4,4,20529,65476,0,0,2621,60.0,0.0,0.0,0.0,0.0,0.0
2026-07-09T15:39:39,ERR,ERR,ERR,ERR,ERR,ERR,ERR,ERR,ERR,ERR,ERR,ERR,ERR,ERR,ERR,ERR,ERR,ERR,ERR,ERR,ERR,ERR,ERR,ERR,ERR,ERR,ERR,ERR,ERR,ERR,ERR,ERR,ERR,ERR,ERR,ERR,ERR,ERR,ERR,ERR,ERR,ERR,ERR,ERR,ERR,ERR,ERR,ERR,ERR,ERR,ERR,ERR,ERR,ERR,ERR,ERR,ERR,ERR,ERR,ERR,ERR,ERR,ERR,ERR,ERR,ERR,ERR,ERR,ERR,ERR,ERR,ERR,ERR,ERR,ERR,ERR,ERR,ERR,ERR,ERR,ERR,ERR,ERR,ERR,ERR,ERR,ERR,ERR,ERR,ERR,ERR,ERR,ERR,ERR,ERR,ERR,ERR,ERR,ERR,ERR,ERR,ERR,ERR,ERR,ERR,ERR,ERR,ERR,ERR,ERR,ERR,ERR,ERR,ERR,ERR,ERR,ERR,ERR,ERR,ERR,ERR,ERR,ERR,ERR,ERR,-107615120.0,-107616040.0,-107614912.0,2.7183478752108883e+23,0.0,3.4336261595723727e+19,-0.0,1180885957214208.0,0,0,4,17299,7116,0.0,100,0.0,0.0,0.0,0.0,0.0,0,0,0,0,0.0,0,0,0,0,0,0,0,0,0,0,0,0,0,0,0,0,0,0,0,0,0,0,0,0,0,0,0,0,0,0,0,0,0,31,40,40,71,65476,0,300,0,0,8,21553,0.0,-107605600.0,0.0,0.0,0.0,0.0,0.0,0.0,0.0,0.0,0.0,0.0,0.0,0.0,0.0,0.0,0.0,0.0,0.0,0.0,0.0,0.0,-2.004,-3.697067826173549e+19,0.0,0.0,0.0,0.0,0.0,0.0,5182.0,0.0,6914.0,-107615120.0,2.71844587353878e+23,2.004,2.004,0.0,0.0,0.0,0.0,69,0.0,0.0,0.0,0.0,0.0,0.0,0.0,0.0,0.0,0,0,0,0.0,0.0,0.0,0.0,0.0,0.0,0.0,0.0,0.0,0.0,0.0,0.0,0.0,0.0,0.0,0.0,0,-107875648.0,69,0.0,138,0.0,2.012,ERR,ERR,ERR,ERR,ERR,ERR,ERR,ERR,ERR,ERR,ERR,ERR,ERR,ERR,ERR,ERR,ERR,ERR,ERR,ERR,ERR,ERR,ERR,ERR,ERR,ERR,ERR,ERR,ERR,ERR,ERR,ERR,ERR,ERR,ERR,ERR,ERR,ERR,ERR,ERR,ERR,ERR,ERR,ERR,ERR,ERR,ERR,ERR,ERR,ERR,ERR,ERR,ERR,ERR,ERR,ERR,ERR,ERR,ERR,ERR,ERR,ERR,ERR,ERR,ERR,ERR,ERR,60.0,60.0,35,0.0,0.0,0.0,0.0,0.0,0.0,0.0,0.0,0.0,0.0,0.0,0.0,0.0,0.0,0.0,0.0,64.8,0,131,63,51,65476,0,65476,1,4,4,20529,65476,0,0,2621,60.0,0.0,0.0,0.0,0.0,0.0
2026-07-09T15:39:40,ERR,ERR,ERR,ERR,ERR,ERR,ERR,ERR,ERR,ERR,ERR,ERR,ERR,ERR,ERR,ERR,ERR,ERR,ERR,ERR,ERR,ERR,ERR,ERR,ERR,ERR,ERR,ERR,ERR,ERR,ERR,ERR,ERR,ERR,ERR,ERR,ERR,ERR,ERR,ERR,ERR,ERR,ERR,ERR,ERR,ERR,ERR,ERR,ERR,ERR,ERR,ERR,ERR,ERR,ERR,ERR,ERR,ERR,ERR,ERR,ERR,ERR,ERR,ERR,ERR,ERR,ERR,ERR,ERR,ERR,ERR,ERR,ERR,ERR,ERR,ERR,ERR,ERR,ERR,ERR,ERR,ERR,ERR,ERR,ERR,ERR,ERR,ERR,ERR,ERR,ERR,ERR,ERR,ERR,ERR,ERR,ERR,ERR,ERR,ERR,ERR,ERR,ERR,ERR,ERR,ERR,ERR,ERR,ERR,ERR,ERR,ERR,ERR,ERR,ERR,ERR,ERR,ERR,ERR,ERR,ERR,ERR,ERR,ERR,ERR,-107615120.0,-107616040.0,-107614912.0,2.7183478752108883e+23,0.0,3.4336261595723727e+19,-0.0,1180885957214208.0,0,0,4,17299,7116,0.0,100,0.0,0.0,0.0,0.0,0.0,0,0,0,0,0.0,0,0,0,0,0,0,0,0,0,0,0,0,0,0,0,0,0,0,0,0,0,0,0,0,0,0,0,0,0,0,0,0,0,31,40,40,71,65476,0,300,0,0,8,21553,0.0,-107605600.0,0.0,0.0,0.0,0.0,0.0,0.0,0.0,0.0,0.0,0.0,0.0,0.0,0.0,0.0,0.0,0.0,0.0,0.0,0.0,0.0,-2.004,-3.697067826173549e+19,0.0,0.0,0.0,0.0,0.0,0.0,5182.0,0.0,6914.0,-107615120.0,2.71844587353878e+23,2.004,2.004,0.0,0.0,0.0,0.0,69,0.0,0.0,0.0,0.0,0.0,0.0,0.0,0.0,0.0,0,0,0,0.0,0.0,0.0,0.0,0.0,0.0,0.0,0.0,0.0,0.0,0.0,0.0,0.0,0.0,0.0,0.0,0,-107875648.0,69,0.0,138,0.0,2.012,ERR,ERR,ERR,ERR,ERR,ERR,ERR,ERR,ERR,ERR,ERR,ERR,ERR,ERR,ERR,ERR,ERR,ERR,ERR,ERR,ERR,ERR,ERR,ERR,ERR,ERR,ERR,ERR,ERR,ERR,ERR,ERR,ERR,ERR,ERR,ERR,ERR,ERR,ERR,ERR,ERR,ERR,ERR,ERR,ERR,ERR,ERR,ERR,ERR,ERR,ERR,ERR,ERR,ERR,ERR,ERR,ERR,ERR,ERR,ERR,ERR,ERR,ERR,ERR,ERR,ERR,ERR,60.0,60.0,35,0.0,0.0,0.0,0.0,0.0,0.0,0.0,0.0,0.0,0.0,0.0,0.0,0.0,0.0,0.0,0.0,64.8,0,130,63,51,65476,0,65476,1,4,4,20529,65476,0,0,2621,60.0,0.0,0.0,0.0,0.0,0.0
2026-07-09T15:39:41,ERR,ERR,ERR,ERR,ERR,ERR,ERR,ERR,ERR,ERR,ERR,ERR,ERR,ERR,ERR,ERR,ERR,ERR,ERR,ERR,ERR,ERR,ERR,ERR,ERR,ERR,ERR,ERR,ERR,ERR,ERR,ERR,ERR,ERR,ERR,ERR,ERR,ERR,ERR,ERR,ERR,ERR,ERR,ERR,ERR,ERR,ERR,ERR,ERR,ERR,ERR,ERR,ERR,ERR,ERR,ERR,ERR,ERR,ERR,ERR,ERR,ERR,ERR,ERR,ERR,ERR,ERR,ERR,ERR,ERR,ERR,ERR,ERR,ERR,ERR,ERR,ERR,ERR,ERR,ERR,ERR,ERR,ERR,ERR,ERR,ERR,ERR,ERR,ERR,ERR,ERR,ERR,ERR,ERR,ERR,ERR,ERR,ERR,ERR,ERR,ERR,ERR,ERR,ERR,ERR,ERR,ERR,ERR,ERR,ERR,ERR,ERR,ERR,ERR,ERR,ERR,ERR,ERR,ERR,ERR,ERR,ERR,ERR,ERR,ERR,-107615120.0,-107616040.0,-107614912.0,2.7183478752108883e+23,0.0,3.4336261595723727e+19,-0.0,1180885957214208.0,0,0,4,17299,7116,0.0,100,0.0,0.0,0.0,0.0,0.0,0,0,0,0,0.0,0,0,0,0,0,0,0,0,0,0,0,0,0,0,0,0,0,0,0,0,0,0,0,0,0,0,0,0,0,0,0,0,0,31,40,40,71,65476,0,300,0,0,8,21553,0.0,-107605600.0,0.0,0.0,0.0,0.0,0.0,0.0,0.0,0.0,0.0,0.0,0.0,0.0,0.0,0.0,0.0,0.0,0.0,0.0,0.0,0.0,-2.004,-3.697067826173549e+19,0.0,0.0,0.0,0.0,0.0,0.0,5182.0,0.0,6914.0,-107615120.0,2.71844587353878e+23,2.004,2.004,0.0,0.0,0.0,0.0,69,0.0,0.0,0.0,0.0,0.0,0.0,0.0,0.0,0.0,0,0,0,0.0,0.0,0.0,0.0,0.0,0.0,0.0,0.0,0.0,0.0,0.0,0.0,0.0,0.0,0.0,0.0,0,-107875648.0,69,0.0,138,0.0,2.012,ERR,ERR,ERR,ERR,ERR,ERR,ERR,ERR,ERR,ERR,ERR,ERR,ERR,ERR,ERR,ERR,ERR,ERR,ERR,ERR,ERR,ERR,ERR,ERR,ERR,ERR,ERR,ERR,ERR,ERR,ERR,ERR,ERR,ERR,ERR,ERR,ERR,ERR,ERR,ERR,ERR,ERR,ERR,ERR,ERR,ERR,ERR,ERR,ERR,ERR,ERR,ERR,ERR,ERR,ERR,ERR,ERR,ERR,ERR,ERR,ERR,ERR,ERR,ERR,ERR,ERR,ERR,60.0,60.0,35,0.0,0.0,0.0,0.0,0.0,0.0,0.0,0.0,0.0,0.0,0.0,0.0,0.0,0.0,0.0,0.0,64.8,0,130,63,51,65476,0,65476,1,4,4,20529,65476,0,0,2621,60.0,0.0,0.0,0.0,0.0,0.0
2026-07-09T15:39:42,ERR,ERR,ERR,ERR,ERR,ERR,ERR,ERR,ERR,ERR,ERR,ERR,ERR,ERR,ERR,ERR,ERR,ERR,ERR,ERR,ERR,ERR,ERR,ERR,ERR,ERR,ERR,ERR,ERR,ERR,ERR,ERR,ERR,ERR,ERR,ERR,ERR,ERR,ERR,ERR,ERR,ERR,ERR,ERR,ERR,ERR,ERR,ERR,ERR,ERR,ERR,ERR,ERR,ERR,ERR,ERR,ERR,ERR,ERR,ERR,ERR,ERR,ERR,ERR,ERR,ERR,ERR,ERR,ERR,ERR,ERR,ERR,ERR,ERR,ERR,ERR,ERR,ERR,ERR,ERR,ERR,ERR,ERR,ERR,ERR,ERR,ERR,ERR,ERR,ERR,ERR,ERR,ERR,ERR,ERR,ERR,ERR,ERR,ERR,ERR,ERR,ERR,ERR,ERR,ERR,ERR,ERR,ERR,ERR,ERR,ERR,ERR,ERR,ERR,ERR,ERR,ERR,ERR,ERR,ERR,ERR,ERR,ERR,ERR,ERR,-107615120.0,-107616056.0,-107614944.0,0.0,0.125,0.0,-0.0,0.172,0,0,4,17319,7116,0.0,100,0.0,0.0,0.0,0.0,0.0,0,0,0,0,0.0,0,0,0,0,0,0,0,0,0,0,0,0,0,0,0,0,0,0,0,0,0,0,0,0,0,0,0,0,0,0,0,0,0,31,40,40,71,65476,0,300,0,0,8,21553,0.0,-107605600.0,0.0,0.0,0.0,0.0,0.0,0.0,0.0,0.0,0.0,0.0,0.0,0.0,0.0,0.0,0.0,0.0,0.0,0.0,0.0,0.0,-2.004,2.004,0.0,0.0,0.0,0.0,0.0,0.0,5129.0,-2.4229890574537865e+24,6912.0,-107615120.0,2.71844623382675e+23,2.004,2.004,0.0,0.0,0.0,0.0,69,-0.0,0.0,0.0,0.0,0.0,0.0,0.0,0.0,0.0,0,0,0,0.0,0.0,0.0,0.0,0.0,0.0,0.0,0.0,0.0,0.0,0.0,0.0,0.0,0.0,0.0,0.0,0,-107875648.0,69,0.0,138,0.0,2.012,ERR,ERR,ERR,ERR,ERR,ERR,ERR,ERR,ERR,ERR,ERR,ERR,ERR,ERR,ERR,ERR,ERR,ERR,ERR,ERR,ERR,ERR,ERR,ERR,ERR,ERR,ERR,ERR,ERR,ERR,ERR,ERR,ERR,ERR,ERR,ERR,ERR,ERR,ERR,ERR,ERR,ERR,ERR,ERR,ERR,ERR,ERR,ERR,ERR,ERR,ERR,ERR,ERR,ERR,ERR,ERR,ERR,ERR,ERR,ERR,ERR,ERR,ERR,ERR,ERR,ERR,ERR,60.0,60.0,35,0.0,0.0,0.0,0.0,0.0,0.0,0.0,0.0,0.0,0.0,0.0,0.0,0.0,0.0,0.0,0.0,64.8,0,130,63,50,65476,0,65476,1,4,4,20529,65476,0,0,2621,60.0,0.0,0.0,0.0,0.0,0.0
2026-07-09T15:39:43,ERR,ERR,ERR,ERR,ERR,ERR,ERR,ERR,ERR,ERR,ERR,ERR,ERR,ERR,ERR,ERR,ERR,ERR,ERR,ERR,ERR,ERR,ERR,ERR,ERR,ERR,ERR,ERR,ERR,ERR,ERR,ERR,ERR,ERR,ERR,ERR,ERR,ERR,ERR,ERR,ERR,ERR,ERR,ERR,ERR,ERR,ERR,ERR,ERR,ERR,ERR,ERR,ERR,ERR,ERR,ERR,ERR,ERR,ERR,ERR,ERR,ERR,ERR,ERR,ERR,ERR,ERR,ERR,ERR,ERR,ERR,ERR,ERR,ERR,ERR,ERR,ERR,ERR,ERR,ERR,ERR,ERR,ERR,ERR,ERR,ERR,ERR,ERR,ERR,ERR,ERR,ERR,ERR,ERR,ERR,ERR,ERR,ERR,ERR,ERR,ERR,ERR,ERR,ERR,ERR,ERR,ERR,ERR,ERR,ERR,ERR,ERR,ERR,ERR,ERR,ERR,ERR,ERR,ERR,ERR,ERR,ERR,ERR,ERR,ERR,-107615120.0,-107616056.0,-107614944.0,0.0,0.125,0.0,-0.0,0.172,0,0,4,17319,7116,0.0,100,0.0,0.0,0.0,0.0,0.0,0,0,0,0,0.0,0,0,0,0,0,0,0,0,0,0,0,0,0,0,0,0,0,0,0,0,0,0,0,0,0,0,0,0,0,0,0,0,0,31,40,40,71,65476,0,300,0,0,8,21553,0.0,-107605600.0,0.0,0.0,0.0,0.0,0.0,0.0,0.0,0.0,0.0,0.0,0.0,0.0,0.0,0.0,0.0,0.0,0.0,0.0,0.0,0.0,-2.004,2.004,0.0,0.0,0.0,0.0,0.0,0.0,5129.0,-2.4229890574537865e+24,6912.0,-107615120.0,2.71844623382675e+23,2.004,2.004,0.0,0.0,0.0,0.0,69,-0.0,0.0,0.0,0.0,0.0,0.0,0.0,0.0,0.0,0,0,0,0.0,0.0,0.0,0.0,0.0,0.0,0.0,0.0,0.0,0.0,0.0,0.0,0.0,0.0,0.0,0.0,0,-107875648.0,69,0.0,138,0.0,2.012,ERR,ERR,ERR,ERR,ERR,ERR,ERR,ERR,ERR,ERR,ERR,ERR,ERR,ERR,ERR,ERR,ERR,ERR,ERR,ERR,ERR,ERR,ERR,ERR,ERR,ERR,ERR,ERR,ERR,ERR,ERR,ERR,ERR,ERR,ERR,ERR,ERR,ERR,ERR,ERR,ERR,ERR,ERR,ERR,ERR,ERR,ERR,ERR,ERR,ERR,ERR,ERR,ERR,ERR,ERR,ERR,ERR,ERR,ERR,ERR,ERR,ERR,ERR,ERR,ERR,ERR,ERR,60.0,60.0,35,0.0,0.0,0.0,0.0,0.0,0.0,0.0,0.0,0.0,0.0,0.0,0.0,0.0,0.0,0.0,0.0,64.8,0,130,63,50,65476,0,65476,1,4,4,20529,65476,0,0,2621,60.0,0.0,0.0,0.0,0.0,0.0
2026-07-09T15:39:44,ERR,ERR,ERR,ERR,ERR,ERR,ERR,ERR,ERR,ERR,ERR,ERR,ERR,ERR,ERR,ERR,ERR,ERR,ERR,ERR,ERR,ERR,ERR,ERR,ERR,ERR,ERR,ERR,ERR,ERR,ERR,ERR,ERR,ERR,ERR,ERR,ERR,ERR,ERR,ERR,ERR,ERR,ERR,ERR,ERR,ERR,ERR,ERR,ERR,ERR,ERR,ERR,ERR,ERR,ERR,ERR,ERR,ERR,ERR,ERR,ERR,ERR,ERR,ERR,ERR,ERR,ERR,ERR,ERR,ERR,ERR,ERR,ERR,ERR,ERR,ERR,ERR,ERR,ERR,ERR,ERR,ERR,ERR,ERR,ERR,ERR,ERR,ERR,ERR,ERR,ERR,ERR,ERR,ERR,ERR,ERR,ERR,ERR,ERR,ERR,ERR,ERR,ERR,ERR,ERR,ERR,ERR,ERR,ERR,ERR,ERR,ERR,ERR,ERR,ERR,ERR,ERR,ERR,ERR,ERR,ERR,ERR,ERR,ERR,ERR,-107615120.0,-107616056.0,-107614944.0,0.0,0.125,0.0,-0.0,0.172,0,0,4,17319,7116,0.0,100,0.0,0.0,0.0,0.0,0.0,0,0,0,0,0.0,0,0,0,0,0,0,0,0,0,0,0,0,0,0,0,0,0,0,0,0,0,0,0,0,0,0,0,0,0,0,0,0,0,31,40,40,71,65476,0,300,0,0,8,21553,0.0,-107605600.0,0.0,0.0,0.0,0.0,0.0,0.0,0.0,0.0,0.0,0.0,0.0,0.0,0.0,0.0,0.0,0.0,0.0,0.0,0.0,0.0,-2.004,2.004,0.0,0.0,0.0,0.0,0.0,0.0,5129.0,-2.4229890574537865e+24,6912.0,-107615120.0,2.71844623382675e+23,2.004,2.004,0.0,0.0,0.0,0.0,69,-0.0,0.0,0.0,0.0,0.0,0.0,0.0,0.0,0.0,0,0,0,0.0,0.0,0.0,0.0,0.0,0.0,0.0,0.0,0.0,0.0,0.0,0.0,0.0,0.0,0.0,0.0,0,-107875648.0,69,0.0,138,0.0,2.012,ERR,ERR,ERR,ERR,ERR,ERR,ERR,ERR,ERR,ERR,ERR,ERR,ERR,ERR,ERR,ERR,ERR,ERR,ERR,ERR,ERR,ERR,ERR,ERR,ERR,ERR,ERR,ERR,ERR,ERR,ERR,ERR,ERR,ERR,ERR,ERR,ERR,ERR,ERR,ERR,ERR,ERR,ERR,ERR,ERR,ERR,ERR,ERR,ERR,ERR,ERR,ERR,ERR,ERR,ERR,ERR,ERR,ERR,ERR,ERR,ERR,ERR,ERR,ERR,ERR,ERR,ERR,60.0,60.0,35,0.0,0.0,0.0,0.0,0.0,0.0,0.0,0.0,0.0,0.0,0.0,0.0,0.0,0.0,0.0,0.0,64.8,0,130,63,50,65476,0,65476,1,4,4,20529,65476,0,0,2621,60.0,0.0,0.0,0.0,0.0,0.0
2026-07-09T15:39:45,ERR,ERR,ERR,ERR,ERR,ERR,ERR,ERR,ERR,ERR,ERR,ERR,ERR,ERR,ERR,ERR,ERR,ERR,ERR,ERR,ERR,ERR,ERR,ERR,ERR,ERR,ERR,ERR,ERR,ERR,ERR,ERR,ERR,ERR,ERR,ERR,ERR,ERR,ERR,ERR,ERR,ERR,ERR,ERR,ERR,ERR,ERR,ERR,ERR,ERR,ERR,ERR,ERR,ERR,ERR,ERR,ERR,ERR,ERR,ERR,ERR,ERR,ERR,ERR,ERR,ERR,ERR,ERR,ERR,ERR,ERR,ERR,ERR,ERR,ERR,ERR,ERR,ERR,ERR,ERR,ERR,ERR,ERR,ERR,ERR,ERR,ERR,ERR,ERR,ERR,ERR,ERR,ERR,ERR,ERR,ERR,ERR,ERR,ERR,ERR,ERR,ERR,ERR,ERR,ERR,ERR,ERR,ERR,ERR,ERR,ERR,ERR,ERR,ERR,ERR,ERR,ERR,ERR,ERR,ERR,ERR,ERR,ERR,ERR,ERR,-107615120.0,-107616056.0,-107614944.0,0.0,0.125,0.0,-0.0,0.172,0,0,4,17319,7116,0.0,100,0.0,0.0,0.0,0.0,0.0,0,0,0,0,0.0,0,0,0,0,0,0,0,0,0,0,0,0,0,0,0,0,0,0,0,0,0,0,0,0,0,0,0,0,0,0,0,0,0,31,40,40,71,65476,0,300,0,0,8,21553,0.0,-107605600.0,0.0,0.0,0.0,0.0,0.0,0.0,0.0,0.0,0.0,0.0,0.0,0.0,0.0,0.0,0.0,0.0,0.0,0.0,0.0,0.0,-2.004,2.004,0.0,0.0,0.0,0.0,0.0,0.0,5129.0,-2.4229890574537865e+24,6912.0,-107615120.0,2.71844623382675e+23,2.004,2.004,0.0,0.0,0.0,0.0,69,-0.0,0.0,0.0,0.0,0.0,0.0,0.0,0.0,0.0,0,0,0,0.0,0.0,0.0,0.0,0.0,0.0,0.0,0.0,0.0,0.0,0.0,0.0,0.0,0.0,0.0,0.0,0,-107875648.0,69,0.0,138,0.0,2.012,ERR,ERR,ERR,ERR,ERR,ERR,ERR,ERR,ERR,ERR,ERR,ERR,ERR,ERR,ERR,ERR,ERR,ERR,ERR,ERR,ERR,ERR,ERR,ERR,ERR,ERR,ERR,ERR,ERR,ERR,ERR,ERR,ERR,ERR,ERR,ERR,ERR,ERR,ERR,ERR,ERR,ERR,ERR,ERR,ERR,ERR,ERR,ERR,ERR,ERR,ERR,ERR,ERR,ERR,ERR,ERR,ERR,ERR,ERR,ERR,ERR,ERR,ERR,ERR,ERR,ERR,ERR,60.0,60.0,35,0.0,0.0,0.0,0.0,0.0,0.0,0.0,0.0,0.0,0.0,0.0,0.0,0.0,0.0,0.0,0.0,64.8,0,130,63,50,65476,0,65476,1,4,4,20529,65476,0,0,2621,60.0,0.0,0.0,0.0,0.0,0.0
2026-07-09T15:39:46,ERR,ERR,ERR,ERR,ERR,ERR,ERR,ERR,ERR,ERR,ERR,ERR,ERR,ERR,ERR,ERR,ERR,ERR,ERR,ERR,ERR,ERR,ERR,ERR,ERR,ERR,ERR,ERR,ERR,ERR,ERR,ERR,ERR,ERR,ERR,ERR,ERR,ERR,ERR,ERR,ERR,ERR,ERR,ERR,ERR,ERR,ERR,ERR,ERR,ERR,ERR,ERR,ERR,ERR,ERR,ERR,ERR,ERR,ERR,ERR,ERR,ERR,ERR,ERR,ERR,ERR,ERR,ERR,ERR,ERR,ERR,ERR,ERR,ERR,ERR,ERR,ERR,ERR,ERR,ERR,ERR,ERR,ERR,ERR,ERR,ERR,ERR,ERR,ERR,ERR,ERR,ERR,ERR,ERR,ERR,ERR,ERR,ERR,ERR,ERR,ERR,ERR,ERR,ERR,ERR,ERR,ERR,ERR,ERR,ERR,ERR,ERR,ERR,ERR,ERR,ERR,ERR,ERR,ERR,ERR,ERR,ERR,ERR,ERR,ERR,-107615120.0,-107616056.0,-107614944.0,0.0,0.125,0.0,-0.0,0.172,0,0,4,17319,7116,0.0,100,0.0,0.0,0.0,0.0,0.0,0,0,0,0,0.0,0,0,0,0,0,0,0,0,0,0,0,0,0,0,0,0,0,0,0,0,0,0,0,0,0,0,0,0,0,0,0,0,0,31,40,40,71,65476,0,300,0,0,8,21553,0.0,-107605600.0,0.0,0.0,0.0,0.0,0.0,0.0,0.0,0.0,0.0,0.0,0.0,0.0,0.0,0.0,0.0,0.0,0.0,0.0,0.0,0.0,-2.004,2.004,0.0,0.0,0.0,0.0,0.0,0.0,5129.0,-2.4229890574537865e+24,6912.0,-107615120.0,2.71844623382675e+23,2.004,2.004,0.0,0.0,0.0,0.0,69,-0.0,0.0,0.0,0.0,0.0,0.0,0.0,0.0,0.0,0,0,0,0.0,0.0,0.0,0.0,0.0,0.0,0.0,0.0,0.0,0.0,0.0,0.0,0.0,0.0,0.0,0.0,0,-107875648.0,69,0.0,138,0.0,2.012,ERR,ERR,ERR,ERR,ERR,ERR,ERR,ERR,ERR,ERR,ERR,ERR,ERR,ERR,ERR,ERR,ERR,ERR,ERR,ERR,ERR,ERR,ERR,ERR,ERR,ERR,ERR,ERR,ERR,ERR,ERR,ERR,ERR,ERR,ERR,ERR,ERR,ERR,ERR,ERR,ERR,ERR,ERR,ERR,ERR,ERR,ERR,ERR,ERR,ERR,ERR,ERR,ERR,ERR,ERR,ERR,ERR,ERR,ERR,ERR,ERR,ERR,ERR,ERR,ERR,ERR,ERR,60.0,60.0,35,0.0,0.0,0.0,0.0,0.0,0.0,0.0,0.0,0.0,0.0,0.0,0.0,0.0,0.0,0.0,0.0,64.8,0,130,63,50,65476,0,65476,1,4,4,20529,65476,0,0,2621,60.0,0.0,0.0,0.0,0.0,0.0
2026-07-09T15:39:47,ERR,ERR,ERR,ERR,ERR,ERR,ERR,ERR,ERR,ERR,ERR,ERR,ERR,ERR,ERR,ERR,ERR,ERR,ERR,ERR,ERR,ERR,ERR,ERR,ERR,ERR,ERR,ERR,ERR,ERR,ERR,ERR,ERR,ERR,ERR,ERR,ERR,ERR,ERR,ERR,ERR,ERR,ERR,ERR,ERR,ERR,ERR,ERR,ERR,ERR,ERR,ERR,ERR,ERR,ERR,ERR,ERR,ERR,ERR,ERR,ERR,ERR,ERR,ERR,ERR,ERR,ERR,ERR,ERR,ERR,ERR,ERR,ERR,ERR,ERR,ERR,ERR,ERR,ERR,ERR,ERR,ERR,ERR,ERR,ERR,ERR,ERR,ERR,ERR,ERR,ERR,ERR,ERR,ERR,ERR,ERR,ERR,ERR,ERR,ERR,ERR,ERR,ERR,ERR,ERR,ERR,ERR,ERR,ERR,ERR,ERR,ERR,ERR,ERR,ERR,ERR,ERR,ERR,ERR,ERR,ERR,ERR,ERR,ERR,ERR,-107615120.0,-107616072.0,-107614976.0,0.0,-0.0,-0.0,-30687151259648.0,-2.6402961044399372e+36,0,0,4,17328,7116,0.0,100,0.0,0.0,0.0,0.0,0.0,0,0,0,0,0.0,0,0,0,0,0,0,0,0,0,0,0,0,0,0,0,0,0,0,0,0,0,0,0,0,0,0,0,0,0,0,0,0,0,31,40,40,71,65476,0,300,0,0,8,21553,0.0,-107605600.0,0.0,0.0,0.0,0.0,0.0,0.0,0.0,0.0,0.0,0.0,0.0,0.0,0.0,0.0,0.0,0.0,0.0,0.0,0.0,0.0,0.0,3.697069145587502e+19,0.0,0.0,0.0,0.0,0.0,0.0,5139.0,-3.697187892843302e+19,6940.0,0.0,2.7184465941147203e+23,2.004,2.004,0.0,0.0,0.0,0.0,69,0.059,-3.222004611918175e+26,0.0,0.0,0.0,0.0,0.0,0.0,0.0,0,0,0,0.0,0.0,0.0,0.0,0.0,0.0,0.0,0.0,0.0,0.0,0.0,0.0,0.0,0.0,0.0,0.0,0,-107875648.0,69,0.0,138,0.0,2.012,ERR,ERR,ERR,ERR,ERR,ERR,ERR,ERR,ERR,ERR,ERR,ERR,ERR,ERR,ERR,ERR,ERR,ERR,ERR,ERR,ERR,ERR,ERR,ERR,ERR,ERR,ERR,ERR,ERR,ERR,ERR,ERR,ERR,ERR,ERR,ERR,ERR,ERR,ERR,ERR,ERR,ERR,ERR,ERR,ERR,ERR,ERR,ERR,ERR,ERR,ERR,ERR,ERR,ERR,ERR,ERR,ERR,ERR,ERR,ERR,ERR,ERR,ERR,ERR,ERR,ERR,ERR,60.0,60.0,35,0.0,0.0,0.0,0.0,0.0,0.0,0.0,0.0,0.0,0.0,0.0,0.0,0.0,0.0,0.0,0.0,64.8,0,130,62,50,65476,0,65476,1,4,4,20529,65476,0,0,2621,60.0,0.0,0.0,0.0,0.0,0.0
2026-07-09T15:39:48,ERR,ERR,ERR,ERR,ERR,ERR,ERR,ERR,ERR,ERR,ERR,ERR,ERR,ERR,ERR,ERR,ERR,ERR,ERR,ERR,ERR,ERR,ERR,ERR,ERR,ERR,ERR,ERR,ERR,ERR,ERR,ERR,ERR,ERR,ERR,ERR,ERR,ERR,ERR,ERR,ERR,ERR,ERR,ERR,ERR,ERR,ERR,ERR,ERR,ERR,ERR,ERR,ERR,ERR,ERR,ERR,ERR,ERR,ERR,ERR,ERR,ERR,ERR,ERR,ERR,ERR,ERR,ERR,ERR,ERR,ERR,ERR,ERR,ERR,ERR,ERR,ERR,ERR,ERR,ERR,ERR,ERR,ERR,ERR,ERR,ERR,ERR,ERR,ERR,ERR,ERR,ERR,ERR,ERR,ERR,ERR,ERR,ERR,ERR,ERR,ERR,ERR,ERR,ERR,ERR,ERR,ERR,ERR,ERR,ERR,ERR,ERR,ERR,ERR,ERR,ERR,ERR,ERR,ERR,ERR,ERR,ERR,ERR,ERR,ERR,-107615120.0,-107616072.0,-107614976.0,0.0,-0.0,-0.0,-30687151259648.0,-2.6402961044399372e+36,0,0,4,17328,7116,0.0,100,0.0,0.0,0.0,0.0,0.0,0,0,0,0,0.0,0,0,0,0,0,0,0,0,0,0,0,0,0,0,0,0,0,0,0,0,0,0,0,0,0,0,0,0,0,0,0,0,0,31,40,40,71,65476,0,300,0,0,8,21553,0.0,-107605600.0,0.0,0.0,0.0,0.0,0.0,0.0,0.0,0.0,0.0,0.0,0.0,0.0,0.0,0.0,0.0,0.0,0.0,0.0,0.0,0.0,0.0,3.697069145587502e+19,0.0,0.0,0.0,0.0,0.0,0.0,5139.0,-3.697187892843302e+19,6940.0,0.0,2.7184465941147203e+23,2.004,2.004,0.0,0.0,0.0,0.0,69,0.059,-3.222004611918175e+26,0.0,0.0,0.0,0.0,0.0,0.0,0.0,0,0,0,0.0,0.0,0.0,0.0,0.0,0.0,0.0,0.0,0.0,0.0,0.0,0.0,0.0,0.0,0.0,0.0,0,-107875648.0,69,0.0,138,0.0,2.012,ERR,ERR,ERR,ERR,ERR,ERR,ERR,ERR,ERR,ERR,ERR,ERR,ERR,ERR,ERR,ERR,ERR,ERR,ERR,ERR,ERR,ERR,ERR,ERR,ERR,ERR,ERR,ERR,ERR,ERR,ERR,ERR,ERR,ERR,ERR,ERR,ERR,ERR,ERR,ERR,ERR,ERR,ERR,ERR,ERR,ERR,ERR,ERR,ERR,ERR,ERR,ERR,ERR,ERR,ERR,ERR,ERR,ERR,ERR,ERR,ERR,ERR,ERR,ERR,ERR,ERR,ERR,60.0,60.0,35,0.0,0.0,0.0,0.0,0.0,0.0,0.0,0.0,0.0,0.0,0.0,0.0,0.0,0.0,0.0,0.0,64.8,0,130,62,50,65476,0,65476,1,4,4,20529,65476,0,0,2621,60.0,0.0,0.0,0.0,0.0,0.0
2026-07-09T15:39:49,ERR,ERR,ERR,ERR,ERR,ERR,ERR,ERR,ERR,ERR,ERR,ERR,ERR,ERR,ERR,ERR,ERR,ERR,ERR,ERR,ERR,ERR,ERR,ERR,ERR,ERR,ERR,ERR,ERR,ERR,ERR,ERR,ERR,ERR,ERR,ERR,ERR,ERR,ERR,ERR,ERR,ERR,ERR,ERR,ERR,ERR,ERR,ERR,ERR,ERR,ERR,ERR,ERR,ERR,ERR,ERR,ERR,ERR,ERR,ERR,ERR,ERR,ERR,ERR,ERR,ERR,ERR,ERR,ERR,ERR,ERR,ERR,ERR,ERR,ERR,ERR,ERR,ERR,ERR,ERR,ERR,ERR,ERR,ERR,ERR,ERR,ERR,ERR,ERR,ERR,ERR,ERR,ERR,ERR,ERR,ERR,ERR,ERR,ERR,ERR,ERR,ERR,ERR,ERR,ERR,ERR,ERR,ERR,ERR,ERR,ERR,ERR,ERR,ERR,ERR,ERR,ERR,ERR,ERR,ERR,ERR,ERR,ERR,ERR,ERR,-107615120.0,-107616072.0,-107614976.0,0.0,-0.0,-0.0,-30687151259648.0,-2.6402961044399372e+36,0,0,4,17328,7116,0.0,100,0.0,0.0,0.0,0.0,0.0,0,0,0,0,0.0,0,0,0,0,0,0,0,0,0,0,0,0,0,0,0,0,0,0,0,0,0,0,0,0,0,0,0,0,0,0,0,0,0,31,40,40,71,65476,0,300,0,0,8,21553,0.0,-107605600.0,0.0,0.0,0.0,0.0,0.0,0.0,0.0,0.0,0.0,0.0,0.0,0.0,0.0,0.0,0.0,0.0,0.0,0.0,0.0,0.0,0.0,3.697069145587502e+19,0.0,0.0,0.0,0.0,0.0,0.0,5139.0,-3.697187892843302e+19,6940.0,0.0,2.7184465941147203e+23,2.004,2.004,0.0,0.0,0.0,0.0,69,0.059,-3.222004611918175e+26,0.0,0.0,0.0,0.0,0.0,0.0,0.0,0,0,0,0.0,0.0,0.0,0.0,0.0,0.0,0.0,0.0,0.0,0.0,0.0,0.0,0.0,0.0,0.0,0.0,0,-107875648.0,69,0.0,138,0.0,2.012,ERR,ERR,ERR,ERR,ERR,ERR,ERR,ERR,ERR,ERR,ERR,ERR,ERR,ERR,ERR,ERR,ERR,ERR,ERR,ERR,ERR,ERR,ERR,ERR,ERR,ERR,ERR,ERR,ERR,ERR,ERR,ERR,ERR,ERR,ERR,ERR,ERR,ERR,ERR,ERR,ERR,ERR,ERR,ERR,ERR,ERR,ERR,ERR,ERR,ERR,ERR,ERR,ERR,ERR,ERR,ERR,ERR,ERR,ERR,ERR,ERR,ERR,ERR,ERR,ERR,ERR,ERR,60.0,60.0,35,0.0,0.0,0.0,0.0,0.0,0.0,0.0,0.0,0.0,0.0,0.0,0.0,0.0,0.0,0.0,0.0,64.8,0,130,62,50,65476,0,65476,1,4,4,20529,65476,0,0,2621,60.0,0.0,0.0,0.0,0.0,0.0
2026-07-09T15:39:50,ERR,ERR,ERR,ERR,ERR,ERR,ERR,ERR,ERR,ERR,ERR,ERR,ERR,ERR,ERR,ERR,ERR,ERR,ERR,ERR,ERR,ERR,ERR,ERR,ERR,ERR,ERR,ERR,ERR,ERR,ERR,ERR,ERR,ERR,ERR,ERR,ERR,ERR,ERR,ERR,ERR,ERR,ERR,ERR,ERR,ERR,ERR,ERR,ERR,ERR,ERR,ERR,ERR,ERR,ERR,ERR,ERR,ERR,ERR,ERR,ERR,ERR,ERR,ERR,ERR,ERR,ERR,ERR,ERR,ERR,ERR,ERR,ERR,ERR,ERR,ERR,ERR,ERR,ERR,ERR,ERR,ERR,ERR,ERR,ERR,ERR,ERR,ERR,ERR,ERR,ERR,ERR,ERR,ERR,ERR,ERR,ERR,ERR,ERR,ERR,ERR,ERR,ERR,ERR,ERR,ERR,ERR,ERR,ERR,ERR,ERR,ERR,ERR,ERR,ERR,ERR,ERR,ERR,ERR,ERR,ERR,ERR,ERR,ERR,ERR,-107615120.0,-107616072.0,-107614976.0,0.0,-0.0,-0.0,-30687151259648.0,-2.6402961044399372e+36,0,0,4,17328,7116,0.0,100,0.0,0.0,0.0,0.0,0.0,0,0,0,0,0.0,0,0,0,0,0,0,0,0,0,0,0,0,0,0,0,0,0,0,0,0,0,0,0,0,0,0,0,0,0,0,0,0,0,31,40,40,71,65476,0,300,0,0,8,21553,0.0,-107605600.0,0.0,0.0,0.0,0.0,0.0,0.0,0.0,0.0,0.0,0.0,0.0,0.0,0.0,0.0,0.0,0.0,0.0,0.0,0.0,0.0,0.0,3.697069145587502e+19,0.0,0.0,0.0,0.0,0.0,0.0,5139.0,-3.697187892843302e+19,6940.0,0.0,2.7184465941147203e+23,2.004,2.004,0.0,0.0,0.0,0.0,69,0.059,-3.222004611918175e+26,0.0,0.0,0.0,0.0,0.0,0.0,0.0,0,0,0,0.0,0.0,0.0,0.0,0.0,0.0,0.0,0.0,0.0,0.0,0.0,0.0,0.0,0.0,0.0,0.0,0,-107875648.0,69,0.0,138,0.0,2.012,ERR,ERR,ERR,ERR,ERR,ERR,ERR,ERR,ERR,ERR,ERR,ERR,ERR,ERR,ERR,ERR,ERR,ERR,ERR,ERR,ERR,ERR,ERR,ERR,ERR,ERR,ERR,ERR,ERR,ERR,ERR,ERR,ERR,ERR,ERR,ERR,ERR,ERR,ERR,ERR,ERR,ERR,ERR,ERR,ERR,ERR,ERR,ERR,ERR,ERR,ERR,ERR,ERR,ERR,ERR,ERR,ERR,ERR,ERR,ERR,ERR,ERR,ERR,ERR,ERR,ERR,ERR,60.0,60.0,35,0.0,0.0,0.0,0.0,0.0,0.0,0.0,0.0,0.0,0.0,0.0,0.0,0.0,0.0,0.0,0.0,64.8,0,129,62,50,65476,0,65476,1,4,4,20529,65476,0,0,2621,60.0,0.0,0.0,0.0,0.0,0.0
2026-07-09T15:39:51,ERR,ERR,ERR,ERR,ERR,ERR,ERR,ERR,ERR,ERR,ERR,ERR,ERR,ERR,ERR,ERR,ERR,ERR,ERR,ERR,ERR,ERR,ERR,ERR,ERR,ERR,ERR,ERR,ERR,ERR,ERR,ERR,ERR,ERR,ERR,ERR,ERR,ERR,ERR,ERR,ERR,ERR,ERR,ERR,ERR,ERR,ERR,ERR,ERR,ERR,ERR,ERR,ERR,ERR,ERR,ERR,ERR,ERR,ERR,ERR,ERR,ERR,ERR,ERR,ERR,ERR,ERR,ERR,ERR,ERR,ERR,ERR,ERR,ERR,ERR,ERR,ERR,ERR,ERR,ERR,ERR,ERR,ERR,ERR,ERR,ERR,ERR,ERR,ERR,ERR,ERR,ERR,ERR,ERR,ERR,ERR,ERR,ERR,ERR,ERR,ERR,ERR,ERR,ERR,ERR,ERR,ERR,ERR,ERR,ERR,ERR,ERR,ERR,ERR,ERR,ERR,ERR,ERR,ERR,ERR,ERR,ERR,ERR,ERR,ERR,-107615120.0,-107616072.0,-107614976.0,0.0,-0.0,-0.0,-30687151259648.0,-2.6402961044399372e+36,0,0,4,17328,7116,0.0,100,0.0,0.0,0.0,0.0,0.0,0,0,0,0,0.0,0,0,0,0,0,0,0,0,0,0,0,0,0,0,0,0,0,0,0,0,0,0,0,0,0,0,0,0,0,0,0,0,0,31,40,40,71,65476,0,300,0,0,8,21553,0.0,-107605600.0,0.0,0.0,0.0,0.0,0.0,0.0,0.0,0.0,0.0,0.0,0.0,0.0,0.0,0.0,0.0,0.0,0.0,0.0,0.0,0.0,0.0,3.697069145587502e+19,0.0,0.0,0.0,0.0,0.0,0.0,5139.0,-3.697187892843302e+19,6940.0,0.0,2.7184465941147203e+23,2.004,2.004,0.0,0.0,0.0,0.0,69,0.059,-3.222004611918175e+26,0.0,0.0,0.0,0.0,0.0,0.0,0.0,0,0,0,0.0,0.0,0.0,0.0,0.0,0.0,0.0,0.0,0.0,0.0,0.0,0.0,0.0,0.0,0.0,0.0,0,-107875648.0,69,0.0,138,0.0,2.012,ERR,ERR,ERR,ERR,ERR,ERR,ERR,ERR,ERR,ERR,ERR,ERR,ERR,ERR,ERR,ERR,ERR,ERR,ERR,ERR,ERR,ERR,ERR,ERR,ERR,ERR,ERR,ERR,ERR,ERR,ERR,ERR,ERR,ERR,ERR,ERR,ERR,ERR,ERR,ERR,ERR,ERR,ERR,ERR,ERR,ERR,ERR,ERR,ERR,ERR,ERR,ERR,ERR,ERR,ERR,ERR,ERR,ERR,ERR,ERR,ERR,ERR,ERR,ERR,ERR,ERR,ERR,60.0,60.0,35,0.0,0.0,0.0,0.0,0.0,0.0,0.0,0.0,0.0,0.0,0.0,0.0,0.0,0.0,0.0,0.0,64.8,0,129,62,50,65476,0,65476,1,4,4,20529,65476,0,0,2621,60.0,0.0,0.0,0.0,0.0,0.0
2026-07-09T15:39:52,ERR,ERR,ERR,ERR,ERR,ERR,ERR,ERR,ERR,ERR,ERR,ERR,ERR,ERR,ERR,ERR,ERR,ERR,ERR,ERR,ERR,ERR,ERR,ERR,ERR,ERR,ERR,ERR,ERR,ERR,ERR,ERR,ERR,ERR,ERR,ERR,ERR,ERR,ERR,ERR,ERR,ERR,ERR,ERR,ERR,ERR,ERR,ERR,ERR,ERR,ERR,ERR,ERR,ERR,ERR,ERR,ERR,ERR,ERR,ERR,ERR,ERR,ERR,ERR,ERR,ERR,ERR,ERR,ERR,ERR,ERR,ERR,ERR,ERR,ERR,ERR,ERR,ERR,ERR,ERR,ERR,ERR,ERR,ERR,ERR,ERR,ERR,ERR,ERR,ERR,ERR,ERR,ERR,ERR,ERR,ERR,ERR,ERR,ERR,ERR,ERR,ERR,ERR,ERR,ERR,ERR,ERR,ERR,ERR,ERR,ERR,ERR,ERR,ERR,ERR,ERR,ERR,ERR,ERR,ERR,ERR,ERR,ERR,ERR,ERR,0.0,-107616088.0,2.7302283710278917e+23,-0.0,-0.0,2.5136345921460634e+17,6.577313038040679e+21,-0.0,0,0,4,17336,7116,0.0,100,0.0,0.0,-0.0,0.0,0.0,0,0,0,0,0.0,0,0,0,0,0,0,0,0,0,0,0,0,0,0,0,0,0,0,0,0,0,0,0,0,0,0,0,0,0,0,0,0,0,31,40,40,71,65476,0,300,0,0,8,21553,0.0,-107605600.0,0.0,0.0,0.0,0.0,0.0,0.0,0.0,0.0,0.0,0.0,0.0,0.0,0.0,0.0,0.0,0.0,0.0,0.0,0.0,0.0,0.0,-0.0,0.0,0.0,0.0,0.0,0.0,0.0,5149.0,-0.0,6933.0,0.0,0.0,2.004,2.004,0.0,0.0,0.0,0.0,69,-2.718428940004181e+23,-0.0,0.0,0.0,0.0,0.0,0.0,0.0,0.0,0,0,0,0.0,0.0,0.0,0.0,0.0,0.0,0.0,0.0,0.0,0.0,0.0,0.0,0.0,0.0,0.0,0.0,0,-107875648.0,69,0.0,138,0.0,2.012,ERR,ERR,ERR,ERR,ERR,ERR,ERR,ERR,ERR,ERR,ERR,ERR,ERR,ERR,ERR,ERR,ERR,ERR,ERR,ERR,ERR,ERR,ERR,ERR,ERR,ERR,ERR,ERR,ERR,ERR,ERR,ERR,ERR,ERR,ERR,ERR,ERR,ERR,ERR,ERR,ERR,ERR,ERR,ERR,ERR,ERR,ERR,ERR,ERR,ERR,ERR,ERR,ERR,ERR,ERR,ERR,ERR,ERR,ERR,ERR,ERR,ERR,ERR,ERR,ERR,ERR,ERR,60.0,60.0,35,0.0,0.0,0.0,0.0,0.0,0.0,0.0,0.0,0.0,0.0,0.0,0.0,0.0,0.0,0.0,0.0,65.2,0,129,62,50,65476,0,65476,1,4,4,20529,65476,0,0,2621,60.0,0.0,0.0,0.0,0.0,0.0
2026-07-09T15:39:53,ERR,ERR,ERR,ERR,ERR,ERR,ERR,ERR,ERR,ERR,ERR,ERR,ERR,ERR,ERR,ERR,ERR,ERR,ERR,ERR,ERR,ERR,ERR,ERR,ERR,ERR,ERR,ERR,ERR,ERR,ERR,ERR,ERR,ERR,ERR,ERR,ERR,ERR,ERR,ERR,ERR,ERR,ERR,ERR,ERR,ERR,ERR,ERR,ERR,ERR,ERR,ERR,ERR,ERR,ERR,ERR,ERR,ERR,ERR,ERR,ERR,ERR,ERR,ERR,ERR,ERR,ERR,ERR,ERR,ERR,ERR,ERR,ERR,ERR,ERR,ERR,ERR,ERR,ERR,ERR,ERR,ERR,ERR,ERR,ERR,ERR,ERR,ERR,ERR,ERR,ERR,ERR,ERR,ERR,ERR,ERR,ERR,ERR,ERR,ERR,ERR,ERR,ERR,ERR,ERR,ERR,ERR,ERR,ERR,ERR,ERR,ERR,ERR,ERR,ERR,ERR,ERR,ERR,ERR,ERR,ERR,ERR,ERR,ERR,ERR,0.0,-107616088.0,2.7302283710278917e+23,-0.0,-0.0,2.5136345921460634e+17,6.577313038040679e+21,-0.0,0,0,4,17336,7116,0.0,100,0.0,0.0,-0.0,0.0,0.0,0,0,0,0,0.0,0,0,0,0,0,0,0,0,0,0,0,0,0,0,0,0,0,0,0,0,0,0,0,0,0,0,0,0,0,0,0,0,0,31,40,40,71,65476,0,300,0,0,8,21553,0.0,-107605600.0,0.0,0.0,0.0,0.0,0.0,0.0,0.0,0.0,0.0,0.0,0.0,0.0,0.0,0.0,0.0,0.0,0.0,0.0,0.0,0.0,0.0,-0.0,0.0,0.0,0.0,0.0,0.0,0.0,5149.0,-0.0,6933.0,0.0,0.0,2.004,2.004,0.0,0.0,0.0,0.0,69,-2.718428940004181e+23,-0.0,0.0,0.0,0.0,0.0,0.0,0.0,0.0,0,0,0,0.0,0.0,0.0,0.0,0.0,0.0,0.0,0.0,0.0,0.0,0.0,0.0,0.0,0.0,0.0,0.0,0,-107875648.0,69,0.0,138,0.0,2.012,ERR,ERR,ERR,ERR,ERR,ERR,ERR,ERR,ERR,ERR,ERR,ERR,ERR,ERR,ERR,ERR,ERR,ERR,ERR,ERR,ERR,ERR,ERR,ERR,ERR,ERR,ERR,ERR,ERR,ERR,ERR,ERR,ERR,ERR,ERR,ERR,ERR,ERR,ERR,ERR,ERR,ERR,ERR,ERR,ERR,ERR,ERR,ERR,ERR,ERR,ERR,ERR,ERR,ERR,ERR,ERR,ERR,ERR,ERR,ERR,ERR,ERR,ERR,ERR,ERR,ERR,ERR,60.0,60.0,35,0.0,0.0,0.0,0.0,0.0,0.0,0.0,0.0,0.0,0.0,0.0,0.0,0.0,0.0,0.0,0.0,64.8,0,129,62,50,65476,0,65476,1,4,4,20529,65476,0,0,2621,60.0,0.0,0.0,0.0,0.0,0.0
2026-07-09T15:39:54,ERR,ERR,ERR,ERR,ERR,ERR,ERR,ERR,ERR,ERR,ERR,ERR,ERR,ERR,ERR,ERR,ERR,ERR,ERR,ERR,ERR,ERR,ERR,ERR,ERR,ERR,ERR,ERR,ERR,ERR,ERR,ERR,ERR,ERR,ERR,ERR,ERR,ERR,ERR,ERR,ERR,ERR,ERR,ERR,ERR,ERR,ERR,ERR,ERR,ERR,ERR,ERR,ERR,ERR,ERR,ERR,ERR,ERR,ERR,ERR,ERR,ERR,ERR,ERR,ERR,ERR,ERR,ERR,ERR,ERR,ERR,ERR,ERR,ERR,ERR,ERR,ERR,ERR,ERR,ERR,ERR,ERR,ERR,ERR,ERR,ERR,ERR,ERR,ERR,ERR,ERR,ERR,ERR,ERR,ERR,ERR,ERR,ERR,ERR,ERR,ERR,ERR,ERR,ERR,ERR,ERR,ERR,ERR,ERR,ERR,ERR,ERR,ERR,ERR,ERR,ERR,ERR,ERR,ERR,ERR,ERR,ERR,ERR,ERR,ERR,0.0,-107616088.0,2.7302283710278917e+23,-0.0,-0.0,2.5136345921460634e+17,6.577313038040679e+21,-0.0,0,0,4,17336,7116,0.0,100,0.0,0.0,-0.0,0.0,0.0,0,0,0,0,0.0,0,0,0,0,0,0,0,0,0,0,0,0,0,0,0,0,0,0,0,0,0,0,0,0,0,0,0,0,0,0,0,0,0,31,40,40,71,65476,0,300,0,0,8,21553,0.0,-107605600.0,0.0,0.0,0.0,0.0,0.0,0.0,0.0,0.0,0.0,0.0,0.0,0.0,0.0,0.0,0.0,0.0,0.0,0.0,0.0,0.0,0.0,-0.0,0.0,0.0,0.0,0.0,0.0,0.0,5149.0,-0.0,6933.0,0.0,0.0,2.004,2.004,0.0,0.0,0.0,0.0,69,-2.718428940004181e+23,-0.0,0.0,0.0,0.0,0.0,0.0,0.0,0.0,0,0,0,0.0,0.0,0.0,0.0,0.0,0.0,0.0,0.0,0.0,0.0,0.0,0.0,0.0,0.0,0.0,0.0,0,-107875648.0,69,0.0,138,0.0,2.012,ERR,ERR,ERR,ERR,ERR,ERR,ERR,ERR,ERR,ERR,ERR,ERR,ERR,ERR,ERR,ERR,ERR,ERR,ERR,ERR,ERR,ERR,ERR,ERR,ERR,ERR,ERR,ERR,ERR,ERR,ERR,ERR,ERR,ERR,ERR,ERR,ERR,ERR,ERR,ERR,ERR,ERR,ERR,ERR,ERR,ERR,ERR,ERR,ERR,ERR,ERR,ERR,ERR,ERR,ERR,ERR,ERR,ERR,ERR,ERR,ERR,ERR,ERR,ERR,ERR,ERR,ERR,60.0,60.0,35,0.0,0.0,0.0,0.0,0.0,0.0,0.0,0.0,0.0,0.0,0.0,0.0,0.0,0.0,0.0,0.0,64.8,0,129,62,50,65476,0,65476,1,4,4,20529,65476,0,0,2621,60.0,0.0,0.0,0.0,0.0,0.0
2026-07-09T15:39:55,ERR,ERR,ERR,ERR,ERR,ERR,ERR,ERR,ERR,ERR,ERR,ERR,ERR,ERR,ERR,ERR,ERR,ERR,ERR,ERR,ERR,ERR,ERR,ERR,ERR,ERR,ERR,ERR,ERR,ERR,ERR,ERR,ERR,ERR,ERR,ERR,ERR,ERR,ERR,ERR,ERR,ERR,ERR,ERR,ERR,ERR,ERR,ERR,ERR,ERR,ERR,ERR,ERR,ERR,ERR,ERR,ERR,ERR,ERR,ERR,ERR,ERR,ERR,ERR,ERR,ERR,ERR,ERR,ERR,ERR,ERR,ERR,ERR,ERR,ERR,ERR,ERR,ERR,ERR,ERR,ERR,ERR,ERR,ERR,ERR,ERR,ERR,ERR,ERR,ERR,ERR,ERR,ERR,ERR,ERR,ERR,ERR,ERR,ERR,ERR,ERR,ERR,ERR,ERR,ERR,ERR,ERR,ERR,ERR,ERR,ERR,ERR,ERR,ERR,ERR,ERR,ERR,ERR,ERR,ERR,ERR,ERR,ERR,ERR,ERR,0.0,-107616088.0,2.7302283710278917e+23,-0.0,-0.0,2.5136345921460634e+17,6.577313038040679e+21,-0.0,0,0,4,17336,7116,0.0,100,0.0,0.0,-0.0,0.0,0.0,0,0,0,0,0.0,0,0,0,0,0,0,0,0,0,0,0,0,0,0,0,0,0,0,0,0,0,0,0,0,0,0,0,0,0,0,0,0,0,31,40,40,71,65476,0,300,0,0,8,21553,0.0,-107605600.0,0.0,0.0,0.0,0.0,0.0,0.0,0.0,0.0,0.0,0.0,0.0,0.0,0.0,0.0,0.0,0.0,0.0,0.0,0.0,0.0,0.0,-0.0,0.0,0.0,0.0,0.0,0.0,0.0,5149.0,-0.0,6933.0,0.0,0.0,2.004,2.004,0.0,0.0,0.0,0.0,69,-2.718428940004181e+23,-0.0,0.0,0.0,0.0,0.0,0.0,0.0,0.0,0,0,0,0.0,0.0,0.0,0.0,0.0,0.0,0.0,0.0,0.0,0.0,0.0,0.0,0.0,0.0,0.0,0.0,0,-107875648.0,69,0.0,138,0.0,2.012,ERR,ERR,ERR,ERR,ERR,ERR,ERR,ERR,ERR,ERR,ERR,ERR,ERR,ERR,ERR,ERR,ERR,ERR,ERR,ERR,ERR,ERR,ERR,ERR,ERR,ERR,ERR,ERR,ERR,ERR,ERR,ERR,ERR,ERR,ERR,ERR,ERR,ERR,ERR,ERR,ERR,ERR,ERR,ERR,ERR,ERR,ERR,ERR,ERR,ERR,ERR,ERR,ERR,ERR,ERR,ERR,ERR,ERR,ERR,ERR,ERR,ERR,ERR,ERR,ERR,ERR,ERR,60.0,60.0,35,0.0,0.0,0.0,0.0,0.0,0.0,0.0,0.0,0.0,0.0,0.0,0.0,0.0,0.0,0.0,0.0,64.8,0,129,62,50,65476,0,65476,1,4,4,20529,65476,0,0,2621,60.0,0.0,0.0,0.0,0.0,0.0
2026-07-09T15:39:56,ERR,ERR,ERR,ERR,ERR,ERR,ERR,ERR,ERR,ERR,ERR,ERR,ERR,ERR,ERR,ERR,ERR,ERR,ERR,ERR,ERR,ERR,ERR,ERR,ERR,ERR,ERR,ERR,ERR,ERR,ERR,ERR,ERR,ERR,ERR,ERR,ERR,ERR,ERR,ERR,ERR,ERR,ERR,ERR,ERR,ERR,ERR,ERR,ERR,ERR,ERR,ERR,ERR,ERR,ERR,ERR,ERR,ERR,ERR,ERR,ERR,ERR,ERR,ERR,ERR,ERR,ERR,ERR,ERR,ERR,ERR,ERR,ERR,ERR,ERR,ERR,ERR,ERR,ERR,ERR,ERR,ERR,ERR,ERR,ERR,ERR,ERR,ERR,ERR,ERR,ERR,ERR,ERR,ERR,ERR,ERR,ERR,ERR,ERR,ERR,ERR,ERR,ERR,ERR,ERR,ERR,ERR,ERR,ERR,ERR,ERR,ERR,ERR,ERR,ERR,ERR,ERR,ERR,ERR,ERR,ERR,ERR,ERR,ERR,ERR,0.0,-107616088.0,2.7302283710278917e+23,-0.0,-0.0,2.5136345921460634e+17,6.577313038040679e+21,-0.0,0,0,4,17336,7116,0.0,100,0.0,0.0,-0.0,0.0,0.0,0,0,0,0,0.0,0,0,0,0,0,0,0,0,0,0,0,0,0,0,0,0,0,0,0,0,0,0,0,0,0,0,0,0,0,0,0,0,0,31,40,40,71,65476,0,300,0,0,8,21553,0.0,-107605600.0,0.0,0.0,0.0,0.0,0.0,0.0,0.0,0.0,0.0,0.0,0.0,0.0,0.0,0.0,0.0,0.0,0.0,0.0,0.0,0.0,0.0,-0.0,0.0,0.0,0.0,0.0,0.0,0.0,5149.0,-0.0,6933.0,0.0,0.0,2.004,2.004,0.0,0.0,0.0,0.0,69,-2.718428940004181e+23,-0.0,0.0,0.0,0.0,0.0,0.0,0.0,0.0,0,0,0,0.0,0.0,0.0,0.0,0.0,0.0,0.0,0.0,0.0,0.0,0.0,0.0,0.0,0.0,0.0,0.0,0,-107875648.0,69,0.0,138,0.0,2.012,ERR,ERR,ERR,ERR,ERR,ERR,ERR,ERR,ERR,ERR,ERR,ERR,ERR,ERR,ERR,ERR,ERR,ERR,ERR,ERR,ERR,ERR,ERR,ERR,ERR,ERR,ERR,ERR,ERR,ERR,ERR,ERR,ERR,ERR,ERR,ERR,ERR,ERR,ERR,ERR,ERR,ERR,ERR,ERR,ERR,ERR,ERR,ERR,ERR,ERR,ERR,ERR,ERR,ERR,ERR,ERR,ERR,ERR,ERR,ERR,ERR,ERR,ERR,ERR,ERR,ERR,ERR,60.0,60.0,35,0.0,0.0,0.0,0.0,0.0,0.0,0.0,0.0,0.0,0.0,0.0,0.0,0.0,0.0,0.0,0.0,64.8,0,129,62,50,65476,0,65476,1,4,4,20529,65476,0,0,2621,60.0,0.0,0.0,0.0,0.0,0.0
2026-07-09T15:39:57,ERR,ERR,ERR,ERR,ERR,ERR,ERR,ERR,ERR,ERR,ERR,ERR,ERR,ERR,ERR,ERR,ERR,ERR,ERR,ERR,ERR,ERR,ERR,ERR,ERR,ERR,ERR,ERR,ERR,ERR,ERR,ERR,ERR,ERR,ERR,ERR,ERR,ERR,ERR,ERR,ERR,ERR,ERR,ERR,ERR,ERR,ERR,ERR,ERR,ERR,ERR,ERR,ERR,ERR,ERR,ERR,ERR,ERR,ERR,ERR,ERR,ERR,ERR,ERR,ERR,ERR,ERR,ERR,ERR,ERR,ERR,ERR,ERR,ERR,ERR,ERR,ERR,ERR,ERR,ERR,ERR,ERR,ERR,ERR,ERR,ERR,ERR,ERR,ERR,ERR,ERR,ERR,ERR,ERR,ERR,ERR,ERR,ERR,ERR,ERR,ERR,ERR,ERR,ERR,ERR,ERR,ERR,ERR,ERR,ERR,ERR,ERR,ERR,ERR,ERR,ERR,ERR,ERR,ERR,ERR,ERR,ERR,ERR,ERR,ERR,-107615120.0,-107616096.0,-107615024.0,-107611744.0,8608862208.0,0.0,-0.0,-1.0010061233455104e+16,0,0,4,17331,7116,0.0,100,0.0,0.0,-0.0,0.0,0.0,0,0,0,0,0.0,0,0,0,0,0,0,0,0,0,0,0,0,0,0,0,0,0,0,0,0,0,0,0,0,0,0,0,0,0,0,0,0,0,31,40,40,71,65476,0,300,0,0,8,21553,0.0,-107605600.0,0.0,0.0,0.0,0.0,0.0,0.0,0.0,0.0,0.0,0.0,0.0,0.0,0.0,0.0,0.0,0.0,0.0,0.0,0.0,0.0,-0.0,0.0,0.0,0.0,0.0,0.0,0.0,0.0,5135.0,-0.0,6933.0,2.718424976836509e+23,0.0,2.004,2.004,0.0,0.0,0.0,0.0,69,-0.0,-0.0,0.0,0.0,0.0,0.0,0.0,0.0,0.0,0,0,0,0.0,0.0,0.0,0.0,0.0,0.0,0.0,0.0,0.0,0.0,0.0,0.0,0.0,0.0,0.0,0.0,0,-107875648.0,69,0.0,138,0.0,2.012,ERR,ERR,ERR,ERR,ERR,ERR,ERR,ERR,ERR,ERR,ERR,ERR,ERR,ERR,ERR,ERR,ERR,ERR,ERR,ERR,ERR,ERR,ERR,ERR,ERR,ERR,ERR,ERR,ERR,ERR,ERR,ERR,ERR,ERR,ERR,ERR,ERR,ERR,ERR,ERR,ERR,ERR,ERR,ERR,ERR,ERR,ERR,ERR,ERR,ERR,ERR,ERR,ERR,ERR,ERR,ERR,ERR,ERR,ERR,ERR,ERR,ERR,ERR,ERR,ERR,ERR,ERR,60.0,60.0,35,0.0,0.0,0.0,0.0,0.0,0.0,0.0,0.0,0.0,0.0,0.0,0.0,0.0,0.0,0.0,0.0,64.8,0,128,62,50,65476,0,65476,1,4,4,20529,65476,0,0,2621,60.0,0.0,0.0,0.0,0.0,0.0
2026-07-09T15:39:58,ERR,ERR,ERR,ERR,ERR,ERR,ERR,ERR,ERR,ERR,ERR,ERR,ERR,ERR,ERR,ERR,ERR,ERR,ERR,ERR,ERR,ERR,ERR,ERR,ERR,ERR,ERR,ERR,ERR,ERR,ERR,ERR,ERR,ERR,ERR,ERR,ERR,ERR,ERR,ERR,ERR,ERR,ERR,ERR,ERR,ERR,ERR,ERR,ERR,ERR,ERR,ERR,ERR,ERR,ERR,ERR,ERR,ERR,ERR,ERR,ERR,ERR,ERR,ERR,ERR,ERR,ERR,ERR,ERR,ERR,ERR,ERR,ERR,ERR,ERR,ERR,ERR,ERR,ERR,ERR,ERR,ERR,ERR,ERR,ERR,ERR,ERR,ERR,ERR,ERR,ERR,ERR,ERR,ERR,ERR,ERR,ERR,ERR,ERR,ERR,ERR,ERR,ERR,ERR,ERR,ERR,ERR,ERR,ERR,ERR,ERR,ERR,ERR,ERR,ERR,ERR,ERR,ERR,ERR,ERR,ERR,ERR,ERR,ERR,ERR,-107615120.0,-107616096.0,-107615024.0,-107611744.0,8608862208.0,0.0,-0.0,-1.0010061233455104e+16,0,0,4,17331,7116,0.0,100,0.0,0.0,-0.0,0.0,0.0,0,0,0,0,0.0,0,0,0,0,0,0,0,0,0,0,0,0,0,0,0,0,0,0,0,0,0,0,0,0,0,0,0,0,0,0,0,0,0,31,40,40,71,65476,0,300,0,0,8,21553,0.0,-107605600.0,0.0,0.0,0.0,0.0,0.0,0.0,0.0,0.0,0.0,0.0,0.0,0.0,0.0,0.0,0.0,0.0,0.0,0.0,0.0,0.0,-0.0,0.0,0.0,0.0,0.0,0.0,0.0,0.0,5135.0,-0.0,6933.0,2.718424976836509e+23,0.0,2.004,2.004,0.0,0.0,0.0,0.0,69,-0.0,-0.0,0.0,0.0,0.0,0.0,0.0,0.0,0.0,0,0,0,0.0,0.0,0.0,0.0,0.0,0.0,0.0,0.0,0.0,0.0,0.0,0.0,0.0,0.0,0.0,0.0,0,-107875648.0,69,0.0,138,0.0,2.012,ERR,ERR,ERR,ERR,ERR,ERR,ERR,ERR,ERR,ERR,ERR,ERR,ERR,ERR,ERR,ERR,ERR,ERR,ERR,ERR,ERR,ERR,ERR,ERR,ERR,ERR,ERR,ERR,ERR,ERR,ERR,ERR,ERR,ERR,ERR,ERR,ERR,ERR,ERR,ERR,ERR,ERR,ERR,ERR,ERR,ERR,ERR,ERR,ERR,ERR,ERR,ERR,ERR,ERR,ERR,ERR,ERR,ERR,ERR,ERR,ERR,ERR,ERR,ERR,ERR,ERR,ERR,60.0,60.0,35,0.0,0.0,0.0,0.0,0.0,0.0,0.0,0.0,0.0,0.0,0.0,0.0,0.0,0.0,0.0,0.0,64.8,0,128,62,50,65476,0,65476,1,4,4,20529,65476,0,0,2621,60.0,0.0,0.0,0.0,0.0,0.0
2026-07-09T15:39:59,ERR,ERR,ERR,ERR,ERR,ERR,ERR,ERR,ERR,ERR,ERR,ERR,ERR,ERR,ERR,ERR,ERR,ERR,ERR,ERR,ERR,ERR,ERR,ERR,ERR,ERR,ERR,ERR,ERR,ERR,ERR,ERR,ERR,ERR,ERR,ERR,ERR,ERR,ERR,ERR,ERR,ERR,ERR,ERR,ERR,ERR,ERR,ERR,ERR,ERR,ERR,ERR,ERR,ERR,ERR,ERR,ERR,ERR,ERR,ERR,ERR,ERR,ERR,ERR,ERR,ERR,ERR,ERR,ERR,ERR,ERR,ERR,ERR,ERR,ERR,ERR,ERR,ERR,ERR,ERR,ERR,ERR,ERR,ERR,ERR,ERR,ERR,ERR,ERR,ERR,ERR,ERR,ERR,ERR,ERR,ERR,ERR,ERR,ERR,ERR,ERR,ERR,ERR,ERR,ERR,ERR,ERR,ERR,ERR,ERR,ERR,ERR,ERR,ERR,ERR,ERR,ERR,ERR,ERR,ERR,ERR,ERR,ERR,ERR,ERR,-107615120.0,-107616096.0,-107615024.0,-107611744.0,8608862208.0,0.0,-0.0,-1.0010061233455104e+16,0,0,4,17331,7116,0.0,100,0.0,0.0,-0.0,0.0,0.0,0,0,0,0,0.0,0,0,0,0,0,0,0,0,0,0,0,0,0,0,0,0,0,0,0,0,0,0,0,0,0,0,0,0,0,0,0,0,0,31,40,40,71,65476,0,300,0,0,8,21553,0.0,-107605600.0,0.0,0.0,0.0,0.0,0.0,0.0,0.0,0.0,0.0,0.0,0.0,0.0,0.0,0.0,0.0,0.0,0.0,0.0,0.0,0.0,-0.0,0.0,0.0,0.0,0.0,0.0,0.0,0.0,5135.0,-0.0,6933.0,2.718424976836509e+23,0.0,2.004,2.004,0.0,0.0,0.0,0.0,69,-0.0,-0.0,0.0,0.0,0.0,0.0,0.0,0.0,0.0,0,0,0,0.0,0.0,0.0,0.0,0.0,0.0,0.0,0.0,0.0,0.0,0.0,0.0,0.0,0.0,0.0,0.0,0,-107875648.0,69,0.0,138,0.0,2.012,ERR,ERR,ERR,ERR,ERR,ERR,ERR,ERR,ERR,ERR,ERR,ERR,ERR,ERR,ERR,ERR,ERR,ERR,ERR,ERR,ERR,ERR,ERR,ERR,ERR,ERR,ERR,ERR,ERR,ERR,ERR,ERR,ERR,ERR,ERR,ERR,ERR,ERR,ERR,ERR,ERR,ERR,ERR,ERR,ERR,ERR,ERR,ERR,ERR,ERR,ERR,ERR,ERR,ERR,ERR,ERR,ERR,ERR,ERR,ERR,ERR,ERR,ERR,ERR,ERR,ERR,ERR,60.0,60.0,35,0.0,0.0,0.0,0.0,0.0,0.0,0.0,0.0,0.0,0.0,0.0,0.0,0.0,0.0,0.0,0.0,64.8,0,128,62,50,65476,0,65476,1,4,4,20529,65476,0,0,2621,60.0,0.0,0.0,0.0,0.0,0.0
2026-07-09T15:40:00,ERR,ERR,ERR,ERR,ERR,ERR,ERR,ERR,ERR,ERR,ERR,ERR,ERR,ERR,ERR,ERR,ERR,ERR,ERR,ERR,ERR,ERR,ERR,ERR,ERR,ERR,ERR,ERR,ERR,ERR,ERR,ERR,ERR,ERR,ERR,ERR,ERR,ERR,ERR,ERR,ERR,ERR,ERR,ERR,ERR,ERR,ERR,ERR,ERR,ERR,ERR,ERR,ERR,ERR,ERR,ERR,ERR,ERR,ERR,ERR,ERR,ERR,ERR,ERR,ERR,ERR,ERR,ERR,ERR,ERR,ERR,ERR,ERR,ERR,ERR,ERR,ERR,ERR,ERR,ERR,ERR,ERR,ERR,ERR,ERR,ERR,ERR,ERR,ERR,ERR,ERR,ERR,ERR,ERR,ERR,ERR,ERR,ERR,ERR,ERR,ERR,ERR,ERR,ERR,ERR,ERR,ERR,ERR,ERR,ERR,ERR,ERR,ERR,ERR,ERR,ERR,ERR,ERR,ERR,ERR,ERR,ERR,ERR,ERR,ERR,-107615120.0,-107616096.0,-107615024.0,-107611744.0,8608862208.0,0.0,-0.0,-1.0010061233455104e+16,0,0,4,17331,7116,0.0,100,0.0,0.0,-0.0,0.0,0.0,0,0,0,0,0.0,0,0,0,0,0,0,0,0,0,0,0,0,0,0,0,0,0,0,0,0,0,0,0,0,0,0,0,0,0,0,0,0,0,31,40,40,71,65476,0,300,0,0,8,21553,0.0,-107605600.0,0.0,0.0,0.0,0.0,0.0,0.0,0.0,0.0,0.0,0.0,0.0,0.0,0.0,0.0,0.0,0.0,0.0,0.0,0.0,0.0,-0.0,0.0,0.0,0.0,0.0,0.0,0.0,0.0,5135.0,-0.0,6933.0,2.718424976836509e+23,0.0,2.004,2.004,0.0,0.0,0.0,0.0,69,-0.0,-0.0,0.0,0.0,0.0,0.0,0.0,0.0,0.0,0,0,0,0.0,0.0,0.0,0.0,0.0,0.0,0.0,0.0,0.0,0.0,0.0,0.0,0.0,0.0,0.0,0.0,0,-107875648.0,69,0.0,138,0.0,2.012,ERR,ERR,ERR,ERR,ERR,ERR,ERR,ERR,ERR,ERR,ERR,ERR,ERR,ERR,ERR,ERR,ERR,ERR,ERR,ERR,ERR,ERR,ERR,ERR,ERR,ERR,ERR,ERR,ERR,ERR,ERR,ERR,ERR,ERR,ERR,ERR,ERR,ERR,ERR,ERR,ERR,ERR,ERR,ERR,ERR,ERR,ERR,ERR,ERR,ERR,ERR,ERR,ERR,ERR,ERR,ERR,ERR,ERR,ERR,ERR,ERR,ERR,ERR,ERR,ERR,ERR,ERR,60.0,60.0,35,0.0,0.0,0.0,0.0,0.0,0.0,0.0,0.0,0.0,0.0,0.0,0.0,0.0,0.0,0.0,0.0,64.8,0,128,62,50,65476,0,65476,1,4,4,20529,65476,0,0,2621,60.0,0.0,0.0,0.0,0.0,0.0
2026-07-09T15:40:01,ERR,ERR,ERR,ERR,ERR,ERR,ERR,ERR,ERR,ERR,ERR,ERR,ERR,ERR,ERR,ERR,ERR,ERR,ERR,ERR,ERR,ERR,ERR,ERR,ERR,ERR,ERR,ERR,ERR,ERR,ERR,ERR,ERR,ERR,ERR,ERR,ERR,ERR,ERR,ERR,ERR,ERR,ERR,ERR,ERR,ERR,ERR,ERR,ERR,ERR,ERR,ERR,ERR,ERR,ERR,ERR,ERR,ERR,ERR,ERR,ERR,ERR,ERR,ERR,ERR,ERR,ERR,ERR,ERR,ERR,ERR,ERR,ERR,ERR,ERR,ERR,ERR,ERR,ERR,ERR,ERR,ERR,ERR,ERR,ERR,ERR,ERR,ERR,ERR,ERR,ERR,ERR,ERR,ERR,ERR,ERR,ERR,ERR,ERR,ERR,ERR,ERR,ERR,ERR,ERR,ERR,ERR,ERR,ERR,ERR,ERR,ERR,ERR,ERR,ERR,ERR,ERR,ERR,ERR,ERR,ERR,ERR,ERR,ERR,ERR,-107615120.0,-107616096.0,-107615024.0,-107611744.0,8608862208.0,0.0,-0.0,-1.0010061233455104e+16,0,0,4,17331,7116,0.0,100,0.0,0.0,-0.0,0.0,0.0,0,0,0,0,0.0,0,0,0,0,0,0,0,0,0,0,0,0,0,0,0,0,0,0,0,0,0,0,0,0,0,0,0,0,0,0,0,0,0,31,40,40,71,65476,0,300,0,0,8,21553,0.0,-107605600.0,0.0,0.0,0.0,0.0,0.0,0.0,0.0,0.0,0.0,0.0,0.0,0.0,0.0,0.0,0.0,0.0,0.0,0.0,0.0,0.0,-0.0,0.0,0.0,0.0,0.0,0.0,0.0,0.0,5135.0,-0.0,6933.0,2.718424976836509e+23,0.0,2.004,2.004,0.0,0.0,0.0,0.0,69,-0.0,-0.0,0.0,0.0,0.0,0.0,0.0,0.0,0.0,0,0,0,0.0,0.0,0.0,0.0,0.0,0.0,0.0,0.0,0.0,0.0,0.0,0.0,0.0,0.0,0.0,0.0,0,-107875648.0,69,0.0,138,0.0,2.012,ERR,ERR,ERR,ERR,ERR,ERR,ERR,ERR,ERR,ERR,ERR,ERR,ERR,ERR,ERR,ERR,ERR,ERR,ERR,ERR,ERR,ERR,ERR,ERR,ERR,ERR,ERR,ERR,ERR,ERR,ERR,ERR,ERR,ERR,ERR,ERR,ERR,ERR,ERR,ERR,ERR,ERR,ERR,ERR,ERR,ERR,ERR,ERR,ERR,ERR,ERR,ERR,ERR,ERR,ERR,ERR,ERR,ERR,ERR,ERR,ERR,ERR,ERR,ERR,ERR,ERR,ERR,60.0,60.0,35,0.0,0.0,0.0,0.0,0.0,0.0,0.0,0.0,0.0,0.0,0.0,0.0,0.0,0.0,0.0,0.0,64.8,0,128,62,50,65476,0,65476,1,4,4,20529,65476,0,0,2621,60.0,0.0,0.0,0.0,0.0,0.0
2026-07-09T15:40:02,ERR,ERR,ERR,ERR,ERR,ERR,ERR,ERR,ERR,ERR,ERR,ERR,ERR,ERR,ERR,ERR,ERR,ERR,ERR,ERR,ERR,ERR,ERR,ERR,ERR,ERR,ERR,ERR,ERR,ERR,ERR,ERR,ERR,ERR,ERR,ERR,ERR,ERR,ERR,ERR,ERR,ERR,ERR,ERR,ERR,ERR,ERR,ERR,ERR,ERR,ERR,ERR,ERR,ERR,ERR,ERR,ERR,ERR,ERR,ERR,ERR,ERR,ERR,ERR,ERR,ERR,ERR,ERR,ERR,ERR,ERR,ERR,ERR,ERR,ERR,ERR,ERR,ERR,ERR,ERR,ERR,ERR,ERR,ERR,ERR,ERR,ERR,ERR,ERR,ERR,ERR,ERR,ERR,ERR,ERR,ERR,ERR,ERR,ERR,ERR,ERR,ERR,ERR,ERR,ERR,ERR,ERR,ERR,ERR,ERR,ERR,ERR,ERR,ERR,ERR,ERR,ERR,ERR,ERR,ERR,ERR,ERR,ERR,ERR,ERR,2.718424976836509e+23,2.7184471345466755e+23,2.718423175396658e+23,2.7183478752108883e+23,-4.709121114890572e+21,8.233461755360051e+16,-0.0,0.0,0,0,4,17333,7116,0.0,100,0.0,0.0,2.7183478752108883e+23,0.0,0.0,0,0,0,0,0.0,0,0,0,0,0,0,0,0,0,0,0,0,0,0,0,0,0,0,0,0,0,0,0,0,0,0,0,0,0,0,0,0,0,31,40,40,71,65476,0,300,0,0,8,21553,0.0,-107605600.0,0.0,0.0,0.0,0.0,0.0,0.0,0.0,0.0,0.0,0.0,0.0,0.0,0.0,0.0,0.0,0.0,0.0,0.0,0.0,0.0,-0.0,-0.0,0.0,0.0,0.0,0.0,0.0,0.0,5148.0,-0.0,6928.0,2.718424976836509e+23,-0.0,2.004,2.004,0.0,0.0,0.0,0.0,69,0.059,4.066855546961147e+29,0.0,0.0,0.0,0.0,0.0,0.0,0.0,0,0,0,0.0,0.0,0.0,0.0,0.0,0.0,0.0,0.0,0.0,0.0,0.0,0.0,0.0,0.0,0.0,0.0,0,-107875648.0,69,0.0,138,0.0,2.012,ERR,ERR,ERR,ERR,ERR,ERR,ERR,ERR,ERR,ERR,ERR,ERR,ERR,ERR,ERR,ERR,ERR,ERR,ERR,ERR,ERR,ERR,ERR,ERR,ERR,ERR,ERR,ERR,ERR,ERR,ERR,ERR,ERR,ERR,ERR,ERR,ERR,ERR,ERR,ERR,ERR,ERR,ERR,ERR,ERR,ERR,ERR,ERR,ERR,ERR,ERR,ERR,ERR,ERR,ERR,ERR,ERR,ERR,ERR,ERR,ERR,ERR,ERR,ERR,ERR,ERR,ERR,60.0,60.0,35,0.0,0.0,0.0,0.0,0.0,0.0,0.0,0.0,0.0,0.0,0.0,0.0,0.0,0.0,0.0,0.0,65.2,0,128,62,50,65476,0,65476,1,4,4,20529,65476,0,0,2621,60.0,0.0,0.0,0.0,0.0,0.0
2026-07-09T15:40:03,ERR,ERR,ERR,ERR,ERR,ERR,ERR,ERR,ERR,ERR,ERR,ERR,ERR,ERR,ERR,ERR,ERR,ERR,ERR,ERR,ERR,ERR,ERR,ERR,ERR,ERR,ERR,ERR,ERR,ERR,ERR,ERR,ERR,ERR,ERR,ERR,ERR,ERR,ERR,ERR,ERR,ERR,ERR,ERR,ERR,ERR,ERR,ERR,ERR,ERR,ERR,ERR,ERR,ERR,ERR,ERR,ERR,ERR,ERR,ERR,ERR,ERR,ERR,ERR,ERR,ERR,ERR,ERR,ERR,ERR,ERR,ERR,ERR,ERR,ERR,ERR,ERR,ERR,ERR,ERR,ERR,ERR,ERR,ERR,ERR,ERR,ERR,ERR,ERR,ERR,ERR,ERR,ERR,ERR,ERR,ERR,ERR,ERR,ERR,ERR,ERR,ERR,ERR,ERR,ERR,ERR,ERR,ERR,ERR,ERR,ERR,ERR,ERR,ERR,ERR,ERR,ERR,ERR,ERR,ERR,ERR,ERR,ERR,ERR,ERR,2.718424976836509e+23,2.7184471345466755e+23,2.718423175396658e+23,2.7183478752108883e+23,-4.709121114890572e+21,8.233461755360051e+16,-0.0,0.0,0,0,4,17333,7116,0.0,100,0.0,0.0,2.7183478752108883e+23,0.0,0.0,0,0,0,0,0.0,0,0,0,0,0,0,0,0,0,0,0,0,0,0,0,0,0,0,0,0,0,0,0,0,0,0,0,0,0,0,0,0,0,31,40,40,71,65476,0,300,0,0,8,21553,0.0,-107605600.0,0.0,0.0,0.0,0.0,0.0,0.0,0.0,0.0,0.0,0.0,0.0,0.0,0.0,0.0,0.0,0.0,0.0,0.0,0.0,0.0,-0.0,-0.0,0.0,0.0,0.0,0.0,0.0,0.0,5148.0,-0.0,6928.0,2.718424976836509e+23,-0.0,2.004,2.004,0.0,0.0,0.0,0.0,69,0.059,4.066855546961147e+29,0.0,0.0,0.0,0.0,0.0,0.0,0.0,0,0,0,0.0,0.0,0.0,0.0,0.0,0.0,0.0,0.0,0.0,0.0,0.0,0.0,0.0,0.0,0.0,0.0,0,-107875648.0,69,0.0,138,0.0,2.012,ERR,ERR,ERR,ERR,ERR,ERR,ERR,ERR,ERR,ERR,ERR,ERR,ERR,ERR,ERR,ERR,ERR,ERR,ERR,ERR,ERR,ERR,ERR,ERR,ERR,ERR,ERR,ERR,ERR,ERR,ERR,ERR,ERR,ERR,ERR,ERR,ERR,ERR,ERR,ERR,ERR,ERR,ERR,ERR,ERR,ERR,ERR,ERR,ERR,ERR,ERR,ERR,ERR,ERR,ERR,ERR,ERR,ERR,ERR,ERR,ERR,ERR,ERR,ERR,ERR,ERR,ERR,60.0,60.0,35,0.0,0.0,0.0,0.0,0.0,0.0,0.0,0.0,0.0,0.0,0.0,0.0,0.0,0.0,0.0,0.0,64.8,0,128,62,50,65476,0,65476,1,4,4,20529,65476,0,0,2621,60.0,0.0,0.0,0.0,0.0,0.0
2026-07-09T15:40:04,ERR,ERR,ERR,ERR,ERR,ERR,ERR,ERR,ERR,ERR,ERR,ERR,ERR,ERR,ERR,ERR,ERR,ERR,ERR,ERR,ERR,ERR,ERR,ERR,ERR,ERR,ERR,ERR,ERR,ERR,ERR,ERR,ERR,ERR,ERR,ERR,ERR,ERR,ERR,ERR,ERR,ERR,ERR,ERR,ERR,ERR,ERR,ERR,ERR,ERR,ERR,ERR,ERR,ERR,ERR,ERR,ERR,ERR,ERR,ERR,ERR,ERR,ERR,ERR,ERR,ERR,ERR,ERR,ERR,ERR,ERR,ERR,ERR,ERR,ERR,ERR,ERR,ERR,ERR,ERR,ERR,ERR,ERR,ERR,ERR,ERR,ERR,ERR,ERR,ERR,ERR,ERR,ERR,ERR,ERR,ERR,ERR,ERR,ERR,ERR,ERR,ERR,ERR,ERR,ERR,ERR,ERR,ERR,ERR,ERR,ERR,ERR,ERR,ERR,ERR,ERR,ERR,ERR,ERR,ERR,ERR,ERR,ERR,ERR,ERR,2.718424976836509e+23,2.7184471345466755e+23,2.718423175396658e+23,2.7183478752108883e+23,-4.709121114890572e+21,8.233461755360051e+16,-0.0,0.0,0,0,4,17333,7116,0.0,100,0.0,0.0,2.7183478752108883e+23,0.0,0.0,0,0,0,0,0.0,0,0,0,0,0,0,0,0,0,0,0,0,0,0,0,0,0,0,0,0,0,0,0,0,0,0,0,0,0,0,0,0,0,31,40,40,71,65476,0,300,0,0,8,21553,0.0,-107605600.0,0.0,0.0,0.0,0.0,0.0,0.0,0.0,0.0,0.0,0.0,0.0,0.0,0.0,0.0,0.0,0.0,0.0,0.0,0.0,0.0,-0.0,-0.0,0.0,0.0,0.0,0.0,0.0,0.0,5148.0,-0.0,6928.0,2.718424976836509e+23,-0.0,2.004,2.004,0.0,0.0,0.0,0.0,69,0.059,4.066855546961147e+29,0.0,0.0,0.0,0.0,0.0,0.0,0.0,0,0,0,0.0,0.0,0.0,0.0,0.0,0.0,0.0,0.0,0.0,0.0,0.0,0.0,0.0,0.0,0.0,0.0,0,-107875648.0,69,0.0,138,0.0,2.012,ERR,ERR,ERR,ERR,ERR,ERR,ERR,ERR,ERR,ERR,ERR,ERR,ERR,ERR,ERR,ERR,ERR,ERR,ERR,ERR,ERR,ERR,ERR,ERR,ERR,ERR,ERR,ERR,ERR,ERR,ERR,ERR,ERR,ERR,ERR,ERR,ERR,ERR,ERR,ERR,ERR,ERR,ERR,ERR,ERR,ERR,ERR,ERR,ERR,ERR,ERR,ERR,ERR,ERR,ERR,ERR,ERR,ERR,ERR,ERR,ERR,ERR,ERR,ERR,ERR,ERR,ERR,60.0,60.0,35,0.0,0.0,0.0,0.0,0.0,0.0,0.0,0.0,0.0,0.0,0.0,0.0,0.0,0.0,0.0,0.0,64.8,0,128,62,50,65476,0,65476,1,4,4,20529,65476,0,0,2621,60.0,0.0,0.0,0.0,0.0,0.0
2026-07-09T15:40:05,ERR,ERR,ERR,ERR,ERR,ERR,ERR,ERR,ERR,ERR,ERR,ERR,ERR,ERR,ERR,ERR,ERR,ERR,ERR,ERR,ERR,ERR,ERR,ERR,ERR,ERR,ERR,ERR,ERR,ERR,ERR,ERR,ERR,ERR,ERR,ERR,ERR,ERR,ERR,ERR,ERR,ERR,ERR,ERR,ERR,ERR,ERR,ERR,ERR,ERR,ERR,ERR,ERR,ERR,ERR,ERR,ERR,ERR,ERR,ERR,ERR,ERR,ERR,ERR,ERR,ERR,ERR,ERR,ERR,ERR,ERR,ERR,ERR,ERR,ERR,ERR,ERR,ERR,ERR,ERR,ERR,ERR,ERR,ERR,ERR,ERR,ERR,ERR,ERR,ERR,ERR,ERR,ERR,ERR,ERR,ERR,ERR,ERR,ERR,ERR,ERR,ERR,ERR,ERR,ERR,ERR,ERR,ERR,ERR,ERR,ERR,ERR,ERR,ERR,ERR,ERR,ERR,ERR,ERR,ERR,ERR,ERR,ERR,ERR,ERR,2.718424976836509e+23,2.7184471345466755e+23,2.718423175396658e+23,2.7183478752108883e+23,-4.709121114890572e+21,8.233461755360051e+16,-0.0,0.0,0,0,4,17333,7116,0.0,100,0.0,0.0,2.7183478752108883e+23,0.0,0.0,0,0,0,0,0.0,0,0,0,0,0,0,0,0,0,0,0,0,0,0,0,0,0,0,0,0,0,0,0,0,0,0,0,0,0,0,0,0,0,31,40,40,71,65476,0,300,0,0,8,21553,0.0,-107605600.0,0.0,0.0,0.0,0.0,0.0,0.0,0.0,0.0,0.0,0.0,0.0,0.0,0.0,0.0,0.0,0.0,0.0,0.0,0.0,0.0,-0.0,-0.0,0.0,0.0,0.0,0.0,0.0,0.0,5148.0,-0.0,6928.0,2.718424976836509e+23,-0.0,2.004,2.004,0.0,0.0,0.0,0.0,69,0.059,4.066855546961147e+29,0.0,0.0,0.0,0.0,0.0,0.0,0.0,0,0,0,0.0,0.0,0.0,0.0,0.0,0.0,0.0,0.0,0.0,0.0,0.0,0.0,0.0,0.0,0.0,0.0,0,-107875648.0,69,0.0,138,0.0,2.012,ERR,ERR,ERR,ERR,ERR,ERR,ERR,ERR,ERR,ERR,ERR,ERR,ERR,ERR,ERR,ERR,ERR,ERR,ERR,ERR,ERR,ERR,ERR,ERR,ERR,ERR,ERR,ERR,ERR,ERR,ERR,ERR,ERR,ERR,ERR,ERR,ERR,ERR,ERR,ERR,ERR,ERR,ERR,ERR,ERR,ERR,ERR,ERR,ERR,ERR,ERR,ERR,ERR,ERR,ERR,ERR,ERR,ERR,ERR,ERR,ERR,ERR,ERR,ERR,ERR,ERR,ERR,60.0,60.0,35,0.0,0.0,0.0,0.0,0.0,0.0,0.0,0.0,0.0,0.0,0.0,0.0,0.0,0.0,0.0,0.0,64.8,0,128,61,50,65476,0,65476,1,4,4,20529,65476,0,0,2621,60.0,0.0,0.0,0.0,0.0,0.0
2026-07-09T15:40:06,ERR,ERR,ERR,ERR,ERR,ERR,ERR,ERR,ERR,ERR,ERR,ERR,ERR,ERR,ERR,ERR,ERR,ERR,ERR,ERR,ERR,ERR,ERR,ERR,ERR,ERR,ERR,ERR,ERR,ERR,ERR,ERR,ERR,ERR,ERR,ERR,ERR,ERR,ERR,ERR,ERR,ERR,ERR,ERR,ERR,ERR,ERR,ERR,ERR,ERR,ERR,ERR,ERR,ERR,ERR,ERR,ERR,ERR,ERR,ERR,ERR,ERR,ERR,ERR,ERR,ERR,ERR,ERR,ERR,ERR,ERR,ERR,ERR,ERR,ERR,ERR,ERR,ERR,ERR,ERR,ERR,ERR,ERR,ERR,ERR,ERR,ERR,ERR,ERR,ERR,ERR,ERR,ERR,ERR,ERR,ERR,ERR,ERR,ERR,ERR,ERR,ERR,ERR,ERR,ERR,ERR,ERR,ERR,ERR,ERR,ERR,ERR,ERR,ERR,ERR,ERR,ERR,ERR,ERR,ERR,ERR,ERR,ERR,ERR,ERR,2.718424976836509e+23,2.7184471345466755e+23,2.718423175396658e+23,2.7183478752108883e+23,-4.709121114890572e+21,8.233461755360051e+16,-0.0,0.0,0,0,4,17333,7116,0.0,100,0.0,0.0,2.7183478752108883e+23,0.0,0.0,0,0,0,0,0.0,0,0,0,0,0,0,0,0,0,0,0,0,0,0,0,0,0,0,0,0,0,0,0,0,0,0,0,0,0,0,0,0,0,31,40,40,71,65476,0,300,0,0,8,21553,0.0,-107605600.0,0.0,0.0,0.0,0.0,0.0,0.0,0.0,0.0,0.0,0.0,0.0,0.0,0.0,0.0,0.0,0.0,0.0,0.0,0.0,0.0,-0.0,-0.0,0.0,0.0,0.0,0.0,0.0,0.0,5148.0,-0.0,6928.0,2.718424976836509e+23,-0.0,2.004,2.004,0.0,0.0,0.0,0.0,69,0.059,4.066855546961147e+29,0.0,0.0,0.0,0.0,0.0,0.0,0.0,0,0,0,0.0,0.0,0.0,0.0,0.0,0.0,0.0,0.0,0.0,0.0,0.0,0.0,0.0,0.0,0.0,0.0,0,-107875648.0,69,0.0,138,0.0,2.012,ERR,ERR,ERR,ERR,ERR,ERR,ERR,ERR,ERR,ERR,ERR,ERR,ERR,ERR,ERR,ERR,ERR,ERR,ERR,ERR,ERR,ERR,ERR,ERR,ERR,ERR,ERR,ERR,ERR,ERR,ERR,ERR,ERR,ERR,ERR,ERR,ERR,ERR,ERR,ERR,ERR,ERR,ERR,ERR,ERR,ERR,ERR,ERR,ERR,ERR,ERR,ERR,ERR,ERR,ERR,ERR,ERR,ERR,ERR,ERR,ERR,ERR,ERR,ERR,ERR,ERR,ERR,60.0,60.0,35,0.0,0.0,0.0,0.0,0.0,0.0,0.0,0.0,0.0,0.0,0.0,0.0,0.0,0.0,0.0,0.0,65.2,0,128,61,49,65476,0,65476,1,4,4,20529,65476,0,0,2621,60.0,0.0,0.0,0.0,0.0,0.0
2026-07-09T15:40:07,ERR,ERR,ERR,ERR,ERR,ERR,ERR,ERR,ERR,ERR,ERR,ERR,ERR,ERR,ERR,ERR,ERR,ERR,ERR,ERR,ERR,ERR,ERR,ERR,ERR,ERR,ERR,ERR,ERR,ERR,ERR,ERR,ERR,ERR,ERR,ERR,ERR,ERR,ERR,ERR,ERR,ERR,ERR,ERR,ERR,ERR,ERR,ERR,ERR,ERR,ERR,ERR,ERR,ERR,ERR,ERR,ERR,ERR,ERR,ERR,ERR,ERR,ERR,ERR,ERR,ERR,ERR,ERR,ERR,ERR,ERR,ERR,ERR,ERR,ERR,ERR,ERR,ERR,ERR,ERR,ERR,ERR,ERR,ERR,ERR,ERR,ERR,ERR,ERR,ERR,ERR,ERR,ERR,ERR,ERR,ERR,ERR,ERR,ERR,ERR,ERR,ERR,ERR,ERR,ERR,ERR,ERR,ERR,ERR,ERR,ERR,ERR,ERR,ERR,ERR,ERR,ERR,ERR,ERR,ERR,ERR,ERR,ERR,ERR,ERR,0.0,-107616104.0,-0.0,-0.0,-0.0,-1.4880592355772745e+30,0.0,0.0,0,0,4,17336,7116,0.0,100,0.0,0.0,-0.0,0.0,0.0,0,0,0,0,0.0,0,0,0,0,0,0,0,0,0,0,0,0,0,0,0,0,0,0,0,0,0,0,0,0,0,0,0,0,0,0,0,0,0,31,40,40,71,65476,0,300,0,0,8,21553,0.0,-107605600.0,0.0,0.0,0.0,0.0,0.0,0.0,0.0,0.0,0.0,0.0,0.0,0.0,0.0,0.0,0.0,0.0,0.0,0.0,0.0,0.0,2.004,-2.004,0.0,0.0,0.0,0.0,0.0,0.0,5151.0,0.0,6914.0,0.0,0.0,2.004,2.004,0.0,0.0,0.0,0.0,69,-0.0,-2.3088287550291522e+20,0.0,0.0,0.0,0.0,0.0,0.0,0.0,0,0,0,0.0,0.0,0.0,0.0,0.0,0.0,0.0,0.0,0.0,0.0,0.0,0.0,0.0,0.0,0.0,0.0,0,-107875648.0,69,0.0,138,0.0,2.012,ERR,ERR,ERR,ERR,ERR,ERR,ERR,ERR,ERR,ERR,ERR,ERR,ERR,ERR,ERR,ERR,ERR,ERR,ERR,ERR,ERR,ERR,ERR,ERR,ERR,ERR,ERR,ERR,ERR,ERR,ERR,ERR,ERR,ERR,ERR,ERR,ERR,ERR,ERR,ERR,ERR,ERR,ERR,ERR,ERR,ERR,ERR,ERR,ERR,ERR,ERR,ERR,ERR,ERR,ERR,ERR,ERR,ERR,ERR,ERR,ERR,ERR,ERR,ERR,ERR,ERR,ERR,60.0,60.0,35,0.0,0.0,0.0,0.0,0.0,0.0,0.0,0.0,0.0,0.0,0.0,0.0,0.0,0.0,0.0,0.0,65.2,0,128,61,49,65476,0,65476,1,4,4,20529,65476,0,0,2621,60.0,0.0,0.0,0.0,0.0,0.0
2026-07-09T15:40:08,ERR,ERR,ERR,ERR,ERR,ERR,ERR,ERR,ERR,ERR,ERR,ERR,ERR,ERR,ERR,ERR,ERR,ERR,ERR,ERR,ERR,ERR,ERR,ERR,ERR,ERR,ERR,ERR,ERR,ERR,ERR,ERR,ERR,ERR,ERR,ERR,ERR,ERR,ERR,ERR,ERR,ERR,ERR,ERR,ERR,ERR,ERR,ERR,ERR,ERR,ERR,ERR,ERR,ERR,ERR,ERR,ERR,ERR,ERR,ERR,ERR,ERR,ERR,ERR,ERR,ERR,ERR,ERR,ERR,ERR,ERR,ERR,ERR,ERR,ERR,ERR,ERR,ERR,ERR,ERR,ERR,ERR,ERR,ERR,ERR,ERR,ERR,ERR,ERR,ERR,ERR,ERR,ERR,ERR,ERR,ERR,ERR,ERR,ERR,ERR,ERR,ERR,ERR,ERR,ERR,ERR,ERR,ERR,ERR,ERR,ERR,ERR,ERR,ERR,ERR,ERR,ERR,ERR,ERR,ERR,ERR,ERR,ERR,ERR,ERR,0.0,-107616104.0,-0.0,-0.0,-0.0,-1.4880592355772745e+30,0.0,0.0,0,0,4,17336,7116,0.0,100,0.0,0.0,-0.0,0.0,0.0,0,0,0,0,0.0,0,0,0,0,0,0,0,0,0,0,0,0,0,0,0,0,0,0,0,0,0,0,0,0,0,0,0,0,0,0,0,0,0,31,40,40,71,65476,0,300,0,0,8,21553,0.0,-107605600.0,0.0,0.0,0.0,0.0,0.0,0.0,0.0,0.0,0.0,0.0,0.0,0.0,0.0,0.0,0.0,0.0,0.0,0.0,0.0,0.0,2.004,-2.004,0.0,0.0,0.0,0.0,0.0,0.0,5151.0,0.0,6914.0,0.0,0.0,2.004,2.004,0.0,0.0,0.0,0.0,69,-0.0,-2.3088287550291522e+20,0.0,0.0,0.0,0.0,0.0,0.0,0.0,0,0,0,0.0,0.0,0.0,0.0,0.0,0.0,0.0,0.0,0.0,0.0,0.0,0.0,0.0,0.0,0.0,0.0,0,-107875648.0,69,0.0,138,0.0,2.012,ERR,ERR,ERR,ERR,ERR,ERR,ERR,ERR,ERR,ERR,ERR,ERR,ERR,ERR,ERR,ERR,ERR,ERR,ERR,ERR,ERR,ERR,ERR,ERR,ERR,ERR,ERR,ERR,ERR,ERR,ERR,ERR,ERR,ERR,ERR,ERR,ERR,ERR,ERR,ERR,ERR,ERR,ERR,ERR,ERR,ERR,ERR,ERR,ERR,ERR,ERR,ERR,ERR,ERR,ERR,ERR,ERR,ERR,ERR,ERR,ERR,ERR,ERR,ERR,ERR,ERR,ERR,60.0,60.0,35,0.0,0.0,0.0,0.0,0.0,0.0,0.0,0.0,0.0,0.0,0.0,0.0,0.0,0.0,0.0,0.0,64.8,0,127,61,49,65476,0,65476,1,4,4,20529,65476,0,0,2621,60.0,0.0,0.0,0.0,0.0,0.0
2026-07-09T15:40:09,ERR,ERR,ERR,ERR,ERR,ERR,ERR,ERR,ERR,ERR,ERR,ERR,ERR,ERR,ERR,ERR,ERR,ERR,ERR,ERR,ERR,ERR,ERR,ERR,ERR,ERR,ERR,ERR,ERR,ERR,ERR,ERR,ERR,ERR,ERR,ERR,ERR,ERR,ERR,ERR,ERR,ERR,ERR,ERR,ERR,ERR,ERR,ERR,ERR,ERR,ERR,ERR,ERR,ERR,ERR,ERR,ERR,ERR,ERR,ERR,ERR,ERR,ERR,ERR,ERR,ERR,ERR,ERR,ERR,ERR,ERR,ERR,ERR,ERR,ERR,ERR,ERR,ERR,ERR,ERR,ERR,ERR,ERR,ERR,ERR,ERR,ERR,ERR,ERR,ERR,ERR,ERR,ERR,ERR,ERR,ERR,ERR,ERR,ERR,ERR,ERR,ERR,ERR,ERR,ERR,ERR,ERR,ERR,ERR,ERR,ERR,ERR,ERR,ERR,ERR,ERR,ERR,ERR,ERR,ERR,ERR,ERR,ERR,ERR,ERR,0.0,-107616104.0,-0.0,-0.0,-0.0,-1.4880592355772745e+30,0.0,0.0,0,0,4,17336,7116,0.0,100,0.0,0.0,-0.0,0.0,0.0,0,0,0,0,0.0,0,0,0,0,0,0,0,0,0,0,0,0,0,0,0,0,0,0,0,0,0,0,0,0,0,0,0,0,0,0,0,0,0,31,40,40,71,65476,0,300,0,0,8,21553,0.0,-107605600.0,0.0,0.0,0.0,0.0,0.0,0.0,0.0,0.0,0.0,0.0,0.0,0.0,0.0,0.0,0.0,0.0,0.0,0.0,0.0,0.0,2.004,-2.004,0.0,0.0,0.0,0.0,0.0,0.0,5151.0,0.0,6914.0,0.0,0.0,2.004,2.004,0.0,0.0,0.0,0.0,69,-0.0,-2.3088287550291522e+20,0.0,0.0,0.0,0.0,0.0,0.0,0.0,0,0,0,0.0,0.0,0.0,0.0,0.0,0.0,0.0,0.0,0.0,0.0,0.0,0.0,0.0,0.0,0.0,0.0,0,-107875648.0,69,0.0,138,0.0,2.012,ERR,ERR,ERR,ERR,ERR,ERR,ERR,ERR,ERR,ERR,ERR,ERR,ERR,ERR,ERR,ERR,ERR,ERR,ERR,ERR,ERR,ERR,ERR,ERR,ERR,ERR,ERR,ERR,ERR,ERR,ERR,ERR,ERR,ERR,ERR,ERR,ERR,ERR,ERR,ERR,ERR,ERR,ERR,ERR,ERR,ERR,ERR,ERR,ERR,ERR,ERR,ERR,ERR,ERR,ERR,ERR,ERR,ERR,ERR,ERR,ERR,ERR,ERR,ERR,ERR,ERR,ERR,60.0,60.0,35,0.0,0.0,0.0,0.0,0.0,0.0,0.0,0.0,0.0,0.0,0.0,0.0,0.0,0.0,0.0,0.0,64.8,0,127,61,49,65476,0,65476,1,4,4,20529,65476,0,0,2621,60.0,0.0,0.0,0.0,0.0,0.0
2026-07-09T15:40:10,ERR,ERR,ERR,ERR,ERR,ERR,ERR,ERR,ERR,ERR,ERR,ERR,ERR,ERR,ERR,ERR,ERR,ERR,ERR,ERR,ERR,ERR,ERR,ERR,ERR,ERR,ERR,ERR,ERR,ERR,ERR,ERR,ERR,ERR,ERR,ERR,ERR,ERR,ERR,ERR,ERR,ERR,ERR,ERR,ERR,ERR,ERR,ERR,ERR,ERR,ERR,ERR,ERR,ERR,ERR,ERR,ERR,ERR,ERR,ERR,ERR,ERR,ERR,ERR,ERR,ERR,ERR,ERR,ERR,ERR,ERR,ERR,ERR,ERR,ERR,ERR,ERR,ERR,ERR,ERR,ERR,ERR,ERR,ERR,ERR,ERR,ERR,ERR,ERR,ERR,ERR,ERR,ERR,ERR,ERR,ERR,ERR,ERR,ERR,ERR,ERR,ERR,ERR,ERR,ERR,ERR,ERR,ERR,ERR,ERR,ERR,ERR,ERR,ERR,ERR,ERR,ERR,ERR,ERR,ERR,ERR,ERR,ERR,ERR,ERR,0.0,-107616104.0,-0.0,-0.0,-0.0,-1.4880592355772745e+30,0.0,0.0,0,0,4,17336,7116,0.0,100,0.0,0.0,-0.0,0.0,0.0,0,0,0,0,0.0,0,0,0,0,0,0,0,0,0,0,0,0,0,0,0,0,0,0,0,0,0,0,0,0,0,0,0,0,0,0,0,0,0,31,40,40,71,65476,0,300,0,0,8,21553,0.0,-107605600.0,0.0,0.0,0.0,0.0,0.0,0.0,0.0,0.0,0.0,0.0,0.0,0.0,0.0,0.0,0.0,0.0,0.0,0.0,0.0,0.0,2.004,-2.004,0.0,0.0,0.0,0.0,0.0,0.0,5151.0,0.0,6914.0,0.0,0.0,2.004,2.004,0.0,0.0,0.0,0.0,69,-0.0,-2.3088287550291522e+20,0.0,0.0,0.0,0.0,0.0,0.0,0.0,0,0,0,0.0,0.0,0.0,0.0,0.0,0.0,0.0,0.0,0.0,0.0,0.0,0.0,0.0,0.0,0.0,0.0,0,-107875648.0,69,0.0,138,0.0,2.012,ERR,ERR,ERR,ERR,ERR,ERR,ERR,ERR,ERR,ERR,ERR,ERR,ERR,ERR,ERR,ERR,ERR,ERR,ERR,ERR,ERR,ERR,ERR,ERR,ERR,ERR,ERR,ERR,ERR,ERR,ERR,ERR,ERR,ERR,ERR,ERR,ERR,ERR,ERR,ERR,ERR,ERR,ERR,ERR,ERR,ERR,ERR,ERR,ERR,ERR,ERR,ERR,ERR,ERR,ERR,ERR,ERR,ERR,ERR,ERR,ERR,ERR,ERR,ERR,ERR,ERR,ERR,60.0,60.0,35,0.0,0.0,0.0,0.0,0.0,0.0,0.0,0.0,0.0,0.0,0.0,0.0,0.0,0.0,0.0,0.0,64.8,0,127,61,49,65476,0,65476,1,4,4,20529,65476,0,0,2621,60.0,0.0,0.0,0.0,0.0,0.0
2026-07-09T15:40:11,ERR,ERR,ERR,ERR,ERR,ERR,ERR,ERR,ERR,ERR,ERR,ERR,ERR,ERR,ERR,ERR,ERR,ERR,ERR,ERR,ERR,ERR,ERR,ERR,ERR,ERR,ERR,ERR,ERR,ERR,ERR,ERR,ERR,ERR,ERR,ERR,ERR,ERR,ERR,ERR,ERR,ERR,ERR,ERR,ERR,ERR,ERR,ERR,ERR,ERR,ERR,ERR,ERR,ERR,ERR,ERR,ERR,ERR,ERR,ERR,ERR,ERR,ERR,ERR,ERR,ERR,ERR,ERR,ERR,ERR,ERR,ERR,ERR,ERR,ERR,ERR,ERR,ERR,ERR,ERR,ERR,ERR,ERR,ERR,ERR,ERR,ERR,ERR,ERR,ERR,ERR,ERR,ERR,ERR,ERR,ERR,ERR,ERR,ERR,ERR,ERR,ERR,ERR,ERR,ERR,ERR,ERR,ERR,ERR,ERR,ERR,ERR,ERR,ERR,ERR,ERR,ERR,ERR,ERR,ERR,ERR,ERR,ERR,ERR,ERR,0.0,2.7184473146906606e+23,-107090768.0,2.7183478752108883e+23,-0.0,-426257728.0,-0.0,-0.0,0,0,4,17334,7116,0.0,100,0.0,0.0,2.7183478752108883e+23,0.0,0.0,0,0,0,0,0.0,0,0,0,0,0,0,0,0,0,0,0,0,0,0,0,0,0,0,0,0,0,0,0,0,0,0,0,0,0,0,0,0,0,31,40,40,71,65476,0,300,0,0,8,21553,0.0,-107605600.0,0.0,0.0,0.0,0.0,0.0,0.0,0.0,0.0,0.0,0.0,0.0,0.0,0.0,0.0,0.0,0.0,0.0,0.0,0.0,0.0,0.0,0.0,0.0,0.0,0.0,0.0,0.0,0.0,5097.0,-564146034704384.0,6939.0,-0.0,-0.0,2.004,2.004,0.0,0.0,0.0,0.0,69,0.0,-0.0,0.0,0.0,0.0,0.0,0.0,0.0,0.0,0,0,0,0.0,0.0,0.0,0.0,0.0,0.0,0.0,0.0,0.0,0.0,0.0,0.0,0.0,0.0,0.0,0.0,0,-107875648.0,69,0.0,138,0.0,2.012,ERR,ERR,ERR,ERR,ERR,ERR,ERR,ERR,ERR,ERR,ERR,ERR,ERR,ERR,ERR,ERR,ERR,ERR,ERR,ERR,ERR,ERR,ERR,ERR,ERR,ERR,ERR,ERR,ERR,ERR,ERR,ERR,ERR,ERR,ERR,ERR,ERR,ERR,ERR,ERR,ERR,ERR,ERR,ERR,ERR,ERR,ERR,ERR,ERR,ERR,ERR,ERR,ERR,ERR,ERR,ERR,ERR,ERR,ERR,ERR,ERR,ERR,ERR,ERR,ERR,ERR,ERR,60.0,60.0,35,0.0,0.0,0.0,0.0,0.0,0.0,0.0,0.0,0.0,0.0,0.0,0.0,0.0,0.0,0.0,0.0,64.8,0,127,61,49,65476,0,65476,1,4,4,20529,65476,0,0,2621,60.0,0.0,0.0,0.0,0.0,0.0
2026-07-09T15:40:12,ERR,ERR,ERR,ERR,ERR,ERR,ERR,ERR,ERR,ERR,ERR,ERR,ERR,ERR,ERR,ERR,ERR,ERR,ERR,ERR,ERR,ERR,ERR,ERR,ERR,ERR,ERR,ERR,ERR,ERR,ERR,ERR,ERR,ERR,ERR,ERR,ERR,ERR,ERR,ERR,ERR,ERR,ERR,ERR,ERR,ERR,ERR,ERR,ERR,ERR,ERR,ERR,ERR,ERR,ERR,ERR,ERR,ERR,ERR,ERR,ERR,ERR,ERR,ERR,ERR,ERR,ERR,ERR,ERR,ERR,ERR,ERR,ERR,ERR,ERR,ERR,ERR,ERR,ERR,ERR,ERR,ERR,ERR,ERR,ERR,ERR,ERR,ERR,ERR,ERR,ERR,ERR,ERR,ERR,ERR,ERR,ERR,ERR,ERR,ERR,ERR,ERR,ERR,ERR,ERR,ERR,ERR,ERR,ERR,ERR,ERR,ERR,ERR,ERR,ERR,ERR,ERR,ERR,ERR,ERR,ERR,ERR,ERR,ERR,ERR,0.0,2.7184473146906606e+23,-107090768.0,2.7183478752108883e+23,-0.0,-426257728.0,-0.0,-0.0,0,0,4,17334,7116,0.0,100,0.0,0.0,2.7183478752108883e+23,0.0,0.0,0,0,0,0,0.0,0,0,0,0,0,0,0,0,0,0,0,0,0,0,0,0,0,0,0,0,0,0,0,0,0,0,0,0,0,0,0,0,0,31,40,40,71,65476,0,300,0,0,8,21553,0.0,-107605600.0,0.0,0.0,0.0,0.0,0.0,0.0,0.0,0.0,0.0,0.0,0.0,0.0,0.0,0.0,0.0,0.0,0.0,0.0,0.0,0.0,0.0,0.0,0.0,0.0,0.0,0.0,0.0,0.0,5097.0,-564146034704384.0,6939.0,-0.0,-0.0,2.004,2.004,0.0,0.0,0.0,0.0,69,0.0,-0.0,0.0,0.0,0.0,0.0,0.0,0.0,0.0,0,0,0,0.0,0.0,0.0,0.0,0.0,0.0,0.0,0.0,0.0,0.0,0.0,0.0,0.0,0.0,0.0,0.0,0,-107875648.0,69,0.0,138,0.0,2.012,ERR,ERR,ERR,ERR,ERR,ERR,ERR,ERR,ERR,ERR,ERR,ERR,ERR,ERR,ERR,ERR,ERR,ERR,ERR,ERR,ERR,ERR,ERR,ERR,ERR,ERR,ERR,ERR,ERR,ERR,ERR,ERR,ERR,ERR,ERR,ERR,ERR,ERR,ERR,ERR,ERR,ERR,ERR,ERR,ERR,ERR,ERR,ERR,ERR,ERR,ERR,ERR,ERR,ERR,ERR,ERR,ERR,ERR,ERR,ERR,ERR,ERR,ERR,ERR,ERR,ERR,ERR,60.0,60.0,35,0.0,0.0,0.0,0.0,0.0,0.0,0.0,0.0,0.0,0.0,0.0,0.0,0.0,0.0,0.0,0.0,64.8,0,127,61,49,65476,0,65476,1,4,4,20529,65476,0,0,2621,60.0,0.0,0.0,0.0,0.0,0.0
2026-07-09T15:40:13,ERR,ERR,ERR,ERR,ERR,ERR,ERR,ERR,ERR,ERR,ERR,ERR,ERR,ERR,ERR,ERR,ERR,ERR,ERR,ERR,ERR,ERR,ERR,ERR,ERR,ERR,ERR,ERR,ERR,ERR,ERR,ERR,ERR,ERR,ERR,ERR,ERR,ERR,ERR,ERR,ERR,ERR,ERR,ERR,ERR,ERR,ERR,ERR,ERR,ERR,ERR,ERR,ERR,ERR,ERR,ERR,ERR,ERR,ERR,ERR,ERR,ERR,ERR,ERR,ERR,ERR,ERR,ERR,ERR,ERR,ERR,ERR,ERR,ERR,ERR,ERR,ERR,ERR,ERR,ERR,ERR,ERR,ERR,ERR,ERR,ERR,ERR,ERR,ERR,ERR,ERR,ERR,ERR,ERR,ERR,ERR,ERR,ERR,ERR,ERR,ERR,ERR,ERR,ERR,ERR,ERR,ERR,ERR,ERR,ERR,ERR,ERR,ERR,ERR,ERR,ERR,ERR,ERR,ERR,ERR,ERR,ERR,ERR,ERR,ERR,0.0,2.7184473146906606e+23,-107090768.0,2.7183478752108883e+23,-0.0,-426257728.0,-0.0,-0.0,0,0,4,17334,7116,0.0,100,0.0,0.0,2.7183478752108883e+23,0.0,0.0,0,0,0,0,0.0,0,0,0,0,0,0,0,0,0,0,0,0,0,0,0,0,0,0,0,0,0,0,0,0,0,0,0,0,0,0,0,0,0,31,40,40,71,65476,0,300,0,0,8,21553,0.0,-107605600.0,0.0,0.0,0.0,0.0,0.0,0.0,0.0,0.0,0.0,0.0,0.0,0.0,0.0,0.0,0.0,0.0,0.0,0.0,0.0,0.0,0.0,0.0,0.0,0.0,0.0,0.0,0.0,0.0,5097.0,-564146034704384.0,6939.0,-0.0,-0.0,2.004,2.004,0.0,0.0,0.0,0.0,69,0.0,-0.0,0.0,0.0,0.0,0.0,0.0,0.0,0.0,0,0,0,0.0,0.0,0.0,0.0,0.0,0.0,0.0,0.0,0.0,0.0,0.0,0.0,0.0,0.0,0.0,0.0,0,-107875648.0,69,0.0,138,0.0,2.012,ERR,ERR,ERR,ERR,ERR,ERR,ERR,ERR,ERR,ERR,ERR,ERR,ERR,ERR,ERR,ERR,ERR,ERR,ERR,ERR,ERR,ERR,ERR,ERR,ERR,ERR,ERR,ERR,ERR,ERR,ERR,ERR,ERR,ERR,ERR,ERR,ERR,ERR,ERR,ERR,ERR,ERR,ERR,ERR,ERR,ERR,ERR,ERR,ERR,ERR,ERR,ERR,ERR,ERR,ERR,ERR,ERR,ERR,ERR,ERR,ERR,ERR,ERR,ERR,ERR,ERR,ERR,60.0,60.0,35,0.0,0.0,0.0,0.0,0.0,0.0,0.0,0.0,0.0,0.0,0.0,0.0,0.0,0.0,0.0,0.0,64.8,0,127,61,49,65476,0,65476,1,4,4,20529,65476,0,0,2621,60.0,0.0,0.0,0.0,0.0,0.0
2026-07-09T15:40:14,ERR,ERR,ERR,ERR,ERR,ERR,ERR,ERR,ERR,ERR,ERR,ERR,ERR,ERR,ERR,ERR,ERR,ERR,ERR,ERR,ERR,ERR,ERR,ERR,ERR,ERR,ERR,ERR,ERR,ERR,ERR,ERR,ERR,ERR,ERR,ERR,ERR,ERR,ERR,ERR,ERR,ERR,ERR,ERR,ERR,ERR,ERR,ERR,ERR,ERR,ERR,ERR,ERR,ERR,ERR,ERR,ERR,ERR,ERR,ERR,ERR,ERR,ERR,ERR,ERR,ERR,ERR,ERR,ERR,ERR,ERR,ERR,ERR,ERR,ERR,ERR,ERR,ERR,ERR,ERR,ERR,ERR,ERR,ERR,ERR,ERR,ERR,ERR,ERR,ERR,ERR,ERR,ERR,ERR,ERR,ERR,ERR,ERR,ERR,ERR,ERR,ERR,ERR,ERR,ERR,ERR,ERR,ERR,ERR,ERR,ERR,ERR,ERR,ERR,ERR,ERR,ERR,ERR,ERR,ERR,ERR,ERR,ERR,ERR,ERR,0.0,2.7184473146906606e+23,-107090768.0,2.7183478752108883e+23,-0.0,-426257728.0,-0.0,-0.0,0,0,4,17334,7116,0.0,100,0.0,0.0,2.7183478752108883e+23,0.0,0.0,0,0,0,0,0.0,0,0,0,0,0,0,0,0,0,0,0,0,0,0,0,0,0,0,0,0,0,0,0,0,0,0,0,0,0,0,0,0,0,31,40,40,71,65476,0,300,0,0,8,21553,0.0,-107605600.0,0.0,0.0,0.0,0.0,0.0,0.0,0.0,0.0,0.0,0.0,0.0,0.0,0.0,0.0,0.0,0.0,0.0,0.0,0.0,0.0,0.0,0.0,0.0,0.0,0.0,0.0,0.0,0.0,5097.0,-564146034704384.0,6939.0,-0.0,-0.0,2.004,2.004,0.0,0.0,0.0,0.0,69,0.0,-0.0,0.0,0.0,0.0,0.0,0.0,0.0,0.0,0,0,0,0.0,0.0,0.0,0.0,0.0,0.0,0.0,0.0,0.0,0.0,0.0,0.0,0.0,0.0,0.0,0.0,0,-107875648.0,69,0.0,138,0.0,2.012,ERR,ERR,ERR,ERR,ERR,ERR,ERR,ERR,ERR,ERR,ERR,ERR,ERR,ERR,ERR,ERR,ERR,ERR,ERR,ERR,ERR,ERR,ERR,ERR,ERR,ERR,ERR,ERR,ERR,ERR,ERR,ERR,ERR,ERR,ERR,ERR,ERR,ERR,ERR,ERR,ERR,ERR,ERR,ERR,ERR,ERR,ERR,ERR,ERR,ERR,ERR,ERR,ERR,ERR,ERR,ERR,ERR,ERR,ERR,ERR,ERR,ERR,ERR,ERR,ERR,ERR,ERR,60.0,60.0,35,0.0,0.0,0.0,0.0,0.0,0.0,0.0,0.0,0.0,0.0,0.0,0.0,0.0,0.0,0.0,0.0,65.2,0,127,61,49,65476,0,65476,1,4,4,20529,65476,0,0,2621,60.0,0.0,0.0,0.0,0.0,0.0
2026-07-09T15:40:15,ERR,ERR,ERR,ERR,ERR,ERR,ERR,ERR,ERR,ERR,ERR,ERR,ERR,ERR,ERR,ERR,ERR,ERR,ERR,ERR,ERR,ERR,ERR,ERR,ERR,ERR,ERR,ERR,ERR,ERR,ERR,ERR,ERR,ERR,ERR,ERR,ERR,ERR,ERR,ERR,ERR,ERR,ERR,ERR,ERR,ERR,ERR,ERR,ERR,ERR,ERR,ERR,ERR,ERR,ERR,ERR,ERR,ERR,ERR,ERR,ERR,ERR,ERR,ERR,ERR,ERR,ERR,ERR,ERR,ERR,ERR,ERR,ERR,ERR,ERR,ERR,ERR,ERR,ERR,ERR,ERR,ERR,ERR,ERR,ERR,ERR,ERR,ERR,ERR,ERR,ERR,ERR,ERR,ERR,ERR,ERR,ERR,ERR,ERR,ERR,ERR,ERR,ERR,ERR,ERR,ERR,ERR,ERR,ERR,ERR,ERR,ERR,ERR,ERR,ERR,ERR,ERR,ERR,ERR,ERR,ERR,ERR,ERR,ERR,ERR,0.0,2.7184473146906606e+23,-107090768.0,2.7183478752108883e+23,-0.0,-426257728.0,-0.0,-0.0,0,0,4,17334,7116,0.0,100,0.0,0.0,2.7183478752108883e+23,0.0,0.0,0,0,0,0,0.0,0,0,0,0,0,0,0,0,0,0,0,0,0,0,0,0,0,0,0,0,0,0,0,0,0,0,0,0,0,0,0,0,0,31,40,40,71,65476,0,300,0,0,8,21553,0.0,-107605600.0,0.0,0.0,0.0,0.0,0.0,0.0,0.0,0.0,0.0,0.0,0.0,0.0,0.0,0.0,0.0,0.0,0.0,0.0,0.0,0.0,0.0,0.0,0.0,0.0,0.0,0.0,0.0,0.0,5097.0,-564146034704384.0,6939.0,-0.0,-0.0,2.004,2.004,0.0,0.0,0.0,0.0,69,0.0,-0.0,0.0,0.0,0.0,0.0,0.0,0.0,0.0,0,0,0,0.0,0.0,0.0,0.0,0.0,0.0,0.0,0.0,0.0,0.0,0.0,0.0,0.0,0.0,0.0,0.0,0,-107875648.0,69,0.0,138,0.0,2.012,ERR,ERR,ERR,ERR,ERR,ERR,ERR,ERR,ERR,ERR,ERR,ERR,ERR,ERR,ERR,ERR,ERR,ERR,ERR,ERR,ERR,ERR,ERR,ERR,ERR,ERR,ERR,ERR,ERR,ERR,ERR,ERR,ERR,ERR,ERR,ERR,ERR,ERR,ERR,ERR,ERR,ERR,ERR,ERR,ERR,ERR,ERR,ERR,ERR,ERR,ERR,ERR,ERR,ERR,ERR,ERR,ERR,ERR,ERR,ERR,ERR,ERR,ERR,ERR,ERR,ERR,ERR,60.0,60.0,35,0.0,0.0,0.0,0.0,0.0,0.0,0.0,0.0,0.0,0.0,0.0,0.0,0.0,0.0,0.0,0.0,65.2,0,127,61,49,65476,0,65476,1,4,4,20529,65476,0,0,2621,60.0,0.0,0.0,0.0,0.0,0.0
2026-07-09T15:40:16,ERR,ERR,ERR,ERR,ERR,ERR,ERR,ERR,ERR,ERR,ERR,ERR,ERR,ERR,ERR,ERR,ERR,ERR,ERR,ERR,ERR,ERR,ERR,ERR,ERR,ERR,ERR,ERR,ERR,ERR,ERR,ERR,ERR,ERR,ERR,ERR,ERR,ERR,ERR,ERR,ERR,ERR,ERR,ERR,ERR,ERR,ERR,ERR,ERR,ERR,ERR,ERR,ERR,ERR,ERR,ERR,ERR,ERR,ERR,ERR,ERR,ERR,ERR,ERR,ERR,ERR,ERR,ERR,ERR,ERR,ERR,ERR,ERR,ERR,ERR,ERR,ERR,ERR,ERR,ERR,ERR,ERR,ERR,ERR,ERR,ERR,ERR,ERR,ERR,ERR,ERR,ERR,ERR,ERR,ERR,ERR,ERR,ERR,ERR,ERR,ERR,ERR,ERR,ERR,ERR,ERR,ERR,ERR,ERR,ERR,ERR,ERR,ERR,ERR,ERR,ERR,ERR,ERR,ERR,ERR,ERR,ERR,ERR,ERR,ERR,-0.0,0.0,2.7184238959725983e+23,2.7183478752108883e+23,-7.7154254181425185e+25,-0.0,-0.0,394.503,0,0,4,17333,7116,0.0,100,0.0,0.0,2.7183478752108883e+23,0.0,0.0,0,0,0,0,0.0,0,0,0,0,0,0,0,0,0,0,0,0,0,0,0,0,0,0,0,0,0,0,0,0,0,0,0,0,0,0,0,0,0,31,40,40,71,65476,0,300,0,0,8,21553,0.0,-107605600.0,0.0,0.0,0.0,0.0,0.0,0.0,0.0,0.0,0.0,0.0,0.0,0.0,0.0,0.0,0.0,0.0,0.0,0.0,0.0,0.0,0.0,-0.0,0.0,0.0,0.0,0.0,0.0,0.0,5114.0,-2.004,6936.0,-0.0,0.0,2.004,2.004,0.0,0.0,0.0,0.0,69,-126841044992.0,2.7184181313650753e+23,0.0,0.0,0.0,0.0,0.0,0.0,0.0,0,0,0,0.0,0.0,0.0,0.0,0.0,0.0,0.0,0.0,0.0,0.0,0.0,0.0,0.0,0.0,0.0,0.0,0,-107875648.0,69,0.0,138,0.0,2.012,ERR,ERR,ERR,ERR,ERR,ERR,ERR,ERR,ERR,ERR,ERR,ERR,ERR,ERR,ERR,ERR,ERR,ERR,ERR,ERR,ERR,ERR,ERR,ERR,ERR,ERR,ERR,ERR,ERR,ERR,ERR,ERR,ERR,ERR,ERR,ERR,ERR,ERR,ERR,ERR,ERR,ERR,ERR,ERR,ERR,ERR,ERR,ERR,ERR,ERR,ERR,ERR,ERR,ERR,ERR,ERR,ERR,ERR,ERR,ERR,ERR,ERR,ERR,ERR,ERR,ERR,ERR,60.0,60.0,35,0.0,0.0,0.0,0.0,0.0,0.0,0.0,0.0,0.0,0.0,0.0,0.0,0.0,0.0,0.0,0.0,64.8,0,127,61,49,65476,0,65476,1,4,4,20529,65476,0,0,2621,60.0,0.0,0.0,0.0,0.0,0.0
2026-07-09T15:40:17,ERR,ERR,ERR,ERR,ERR,ERR,ERR,ERR,ERR,ERR,ERR,ERR,ERR,ERR,ERR,ERR,ERR,ERR,ERR,ERR,ERR,ERR,ERR,ERR,ERR,ERR,ERR,ERR,ERR,ERR,ERR,ERR,ERR,ERR,ERR,ERR,ERR,ERR,ERR,ERR,ERR,ERR,ERR,ERR,ERR,ERR,ERR,ERR,ERR,ERR,ERR,ERR,ERR,ERR,ERR,ERR,ERR,ERR,ERR,ERR,ERR,ERR,ERR,ERR,ERR,ERR,ERR,ERR,ERR,ERR,ERR,ERR,ERR,ERR,ERR,ERR,ERR,ERR,ERR,ERR,ERR,ERR,ERR,ERR,ERR,ERR,ERR,ERR,ERR,ERR,ERR,ERR,ERR,ERR,ERR,ERR,ERR,ERR,ERR,ERR,ERR,ERR,ERR,ERR,ERR,ERR,ERR,ERR,ERR,ERR,ERR,ERR,ERR,ERR,ERR,ERR,ERR,ERR,ERR,ERR,ERR,ERR,ERR,ERR,ERR,-0.0,0.0,2.7184238959725983e+23,2.7183478752108883e+23,-7.7154254181425185e+25,-0.0,-0.0,394.503,0,0,4,17333,7116,0.0,100,0.0,0.0,2.7183478752108883e+23,0.0,0.0,0,0,0,0,0.0,0,0,0,0,0,0,0,0,0,0,0,0,0,0,0,0,0,0,0,0,0,0,0,0,0,0,0,0,0,0,0,0,0,31,40,40,71,65476,0,300,0,0,8,21553,0.0,-107605600.0,0.0,0.0,0.0,0.0,0.0,0.0,0.0,0.0,0.0,0.0,0.0,0.0,0.0,0.0,0.0,0.0,0.0,0.0,0.0,0.0,0.0,-0.0,0.0,0.0,0.0,0.0,0.0,0.0,5114.0,-2.004,6936.0,-0.0,0.0,2.004,2.004,0.0,0.0,0.0,0.0,69,-126841044992.0,2.7184181313650753e+23,0.0,0.0,0.0,0.0,0.0,0.0,0.0,0,0,0,0.0,0.0,0.0,0.0,0.0,0.0,0.0,0.0,0.0,0.0,0.0,0.0,0.0,0.0,0.0,0.0,0,-107875648.0,69,0.0,138,0.0,2.012,ERR,ERR,ERR,ERR,ERR,ERR,ERR,ERR,ERR,ERR,ERR,ERR,ERR,ERR,ERR,ERR,ERR,ERR,ERR,ERR,ERR,ERR,ERR,ERR,ERR,ERR,ERR,ERR,ERR,ERR,ERR,ERR,ERR,ERR,ERR,ERR,ERR,ERR,ERR,ERR,ERR,ERR,ERR,ERR,ERR,ERR,ERR,ERR,ERR,ERR,ERR,ERR,ERR,ERR,ERR,ERR,ERR,ERR,ERR,ERR,ERR,ERR,ERR,ERR,ERR,ERR,ERR,60.0,60.0,35,0.0,0.0,0.0,0.0,0.0,0.0,0.0,0.0,0.0,0.0,0.0,0.0,0.0,0.0,0.0,0.0,64.8,0,127,61,49,65476,0,65476,1,4,4,20529,65476,0,0,2621,60.0,0.0,0.0,0.0,0.0,0.0
2026-07-09T15:40:18,ERR,ERR,ERR,ERR,ERR,ERR,ERR,ERR,ERR,ERR,ERR,ERR,ERR,ERR,ERR,ERR,ERR,ERR,ERR,ERR,ERR,ERR,ERR,ERR,ERR,ERR,ERR,ERR,ERR,ERR,ERR,ERR,ERR,ERR,ERR,ERR,ERR,ERR,ERR,ERR,ERR,ERR,ERR,ERR,ERR,ERR,ERR,ERR,ERR,ERR,ERR,ERR,ERR,ERR,ERR,ERR,ERR,ERR,ERR,ERR,ERR,ERR,ERR,ERR,ERR,ERR,ERR,ERR,ERR,ERR,ERR,ERR,ERR,ERR,ERR,ERR,ERR,ERR,ERR,ERR,ERR,ERR,ERR,ERR,ERR,ERR,ERR,ERR,ERR,ERR,ERR,ERR,ERR,ERR,ERR,ERR,ERR,ERR,ERR,ERR,ERR,ERR,ERR,ERR,ERR,ERR,ERR,ERR,ERR,ERR,ERR,ERR,ERR,ERR,ERR,ERR,ERR,ERR,ERR,ERR,ERR,ERR,ERR,ERR,ERR,-0.0,0.0,2.7184238959725983e+23,2.7183478752108883e+23,-7.7154254181425185e+25,-0.0,-0.0,394.503,0,0,4,17333,7116,0.0,100,0.0,0.0,2.7183478752108883e+23,0.0,0.0,0,0,0,0,0.0,0,0,0,0,0,0,0,0,0,0,0,0,0,0,0,0,0,0,0,0,0,0,0,0,0,0,0,0,0,0,0,0,0,31,40,40,71,65476,0,300,0,0,8,21553,0.0,-107605600.0,0.0,0.0,0.0,0.0,0.0,0.0,0.0,0.0,0.0,0.0,0.0,0.0,0.0,0.0,0.0,0.0,0.0,0.0,0.0,0.0,0.0,-0.0,0.0,0.0,0.0,0.0,0.0,0.0,5114.0,-2.004,6936.0,-0.0,0.0,2.004,2.004,0.0,0.0,0.0,0.0,69,-126841044992.0,2.7184181313650753e+23,0.0,0.0,0.0,0.0,0.0,0.0,0.0,0,0,0,0.0,0.0,0.0,0.0,0.0,0.0,0.0,0.0,0.0,0.0,0.0,0.0,0.0,0.0,0.0,0.0,0,-107875648.0,69,0.0,138,0.0,2.012,ERR,ERR,ERR,ERR,ERR,ERR,ERR,ERR,ERR,ERR,ERR,ERR,ERR,ERR,ERR,ERR,ERR,ERR,ERR,ERR,ERR,ERR,ERR,ERR,ERR,ERR,ERR,ERR,ERR,ERR,ERR,ERR,ERR,ERR,ERR,ERR,ERR,ERR,ERR,ERR,ERR,ERR,ERR,ERR,ERR,ERR,ERR,ERR,ERR,ERR,ERR,ERR,ERR,ERR,ERR,ERR,ERR,ERR,ERR,ERR,ERR,ERR,ERR,ERR,ERR,ERR,ERR,60.0,60.0,35,0.0,0.0,0.0,0.0,0.0,0.0,0.0,0.0,0.0,0.0,0.0,0.0,0.0,0.0,0.0,0.0,64.8,0,127,61,49,65476,0,65476,1,4,4,20529,65476,0,0,2621,60.0,0.0,0.0,0.0,0.0,0.0
2026-07-09T15:40:19,ERR,ERR,ERR,ERR,ERR,ERR,ERR,ERR,ERR,ERR,ERR,ERR,ERR,ERR,ERR,ERR,ERR,ERR,ERR,ERR,ERR,ERR,ERR,ERR,ERR,ERR,ERR,ERR,ERR,ERR,ERR,ERR,ERR,ERR,ERR,ERR,ERR,ERR,ERR,ERR,ERR,ERR,ERR,ERR,ERR,ERR,ERR,ERR,ERR,ERR,ERR,ERR,ERR,ERR,ERR,ERR,ERR,ERR,ERR,ERR,ERR,ERR,ERR,ERR,ERR,ERR,ERR,ERR,ERR,ERR,ERR,ERR,ERR,ERR,ERR,ERR,ERR,ERR,ERR,ERR,ERR,ERR,ERR,ERR,ERR,ERR,ERR,ERR,ERR,ERR,ERR,ERR,ERR,ERR,ERR,ERR,ERR,ERR,ERR,ERR,ERR,ERR,ERR,ERR,ERR,ERR,ERR,ERR,ERR,ERR,ERR,ERR,ERR,ERR,ERR,ERR,ERR,ERR,ERR,ERR,ERR,ERR,ERR,ERR,ERR,-0.0,0.0,2.7184238959725983e+23,2.7183478752108883e+23,-7.7154254181425185e+25,-0.0,-0.0,394.503,0,0,4,17333,7116,0.0,100,0.0,0.0,2.7183478752108883e+23,0.0,0.0,0,0,0,0,0.0,0,0,0,0,0,0,0,0,0,0,0,0,0,0,0,0,0,0,0,0,0,0,0,0,0,0,0,0,0,0,0,0,0,31,40,40,71,65476,0,300,0,0,8,21553,0.0,-107605600.0,0.0,0.0,0.0,0.0,0.0,0.0,0.0,0.0,0.0,0.0,0.0,0.0,0.0,0.0,0.0,0.0,0.0,0.0,0.0,0.0,0.0,-0.0,0.0,0.0,0.0,0.0,0.0,0.0,5114.0,-2.004,6936.0,-0.0,0.0,2.004,2.004,0.0,0.0,0.0,0.0,69,-126841044992.0,2.7184181313650753e+23,0.0,0.0,0.0,0.0,0.0,0.0,0.0,0,0,0,0.0,0.0,0.0,0.0,0.0,0.0,0.0,0.0,0.0,0.0,0.0,0.0,0.0,0.0,0.0,0.0,0,-107875648.0,69,0.0,138,0.0,2.012,ERR,ERR,ERR,ERR,ERR,ERR,ERR,ERR,ERR,ERR,ERR,ERR,ERR,ERR,ERR,ERR,ERR,ERR,ERR,ERR,ERR,ERR,ERR,ERR,ERR,ERR,ERR,ERR,ERR,ERR,ERR,ERR,ERR,ERR,ERR,ERR,ERR,ERR,ERR,ERR,ERR,ERR,ERR,ERR,ERR,ERR,ERR,ERR,ERR,ERR,ERR,ERR,ERR,ERR,ERR,ERR,ERR,ERR,ERR,ERR,ERR,ERR,ERR,ERR,ERR,ERR,ERR,60.0,60.0,35,0.0,0.0,0.0,0.0,0.0,0.0,0.0,0.0,0.0,0.0,0.0,0.0,0.0,0.0,0.0,0.0,64.8,0,126,61,49,65476,0,65476,1,4,4,20529,65476,0,0,2621,60.0,0.0,0.0,0.0,0.0,0.0
2026-07-09T15:40:20,ERR,ERR,ERR,ERR,ERR,ERR,ERR,ERR,ERR,ERR,ERR,ERR,ERR,ERR,ERR,ERR,ERR,ERR,ERR,ERR,ERR,ERR,ERR,ERR,ERR,ERR,ERR,ERR,ERR,ERR,ERR,ERR,ERR,ERR,ERR,ERR,ERR,ERR,ERR,ERR,ERR,ERR,ERR,ERR,ERR,ERR,ERR,ERR,ERR,ERR,ERR,ERR,ERR,ERR,ERR,ERR,ERR,ERR,ERR,ERR,ERR,ERR,ERR,ERR,ERR,ERR,ERR,ERR,ERR,ERR,ERR,ERR,ERR,ERR,ERR,ERR,ERR,ERR,ERR,ERR,ERR,ERR,ERR,ERR,ERR,ERR,ERR,ERR,ERR,ERR,ERR,ERR,ERR,ERR,ERR,ERR,ERR,ERR,ERR,ERR,ERR,ERR,ERR,ERR,ERR,ERR,ERR,ERR,ERR,ERR,ERR,ERR,ERR,ERR,ERR,ERR,ERR,ERR,ERR,ERR,ERR,ERR,ERR,ERR,ERR,-0.0,0.0,2.7184238959725983e+23,2.7183478752108883e+23,-7.7154254181425185e+25,-0.0,-0.0,394.503,0,0,4,17333,7116,0.0,100,0.0,0.0,2.7183478752108883e+23,0.0,0.0,0,0,0,0,0.0,0,0,0,0,0,0,0,0,0,0,0,0,0,0,0,0,0,0,0,0,0,0,0,0,0,0,0,0,0,0,0,0,0,31,40,40,71,65476,0,300,0,0,8,21553,0.0,-107605600.0,0.0,0.0,0.0,0.0,0.0,0.0,0.0,0.0,0.0,0.0,0.0,0.0,0.0,0.0,0.0,0.0,0.0,0.0,0.0,0.0,0.0,-0.0,0.0,0.0,0.0,0.0,0.0,0.0,5114.0,-2.004,6936.0,-0.0,0.0,2.004,2.004,0.0,0.0,0.0,0.0,69,-126841044992.0,2.7184181313650753e+23,0.0,0.0,0.0,0.0,0.0,0.0,0.0,0,0,0,0.0,0.0,0.0,0.0,0.0,0.0,0.0,0.0,0.0,0.0,0.0,0.0,0.0,0.0,0.0,0.0,0,-107875648.0,69,0.0,138,0.0,2.012,ERR,ERR,ERR,ERR,ERR,ERR,ERR,ERR,ERR,ERR,ERR,ERR,ERR,ERR,ERR,ERR,ERR,ERR,ERR,ERR,ERR,ERR,ERR,ERR,ERR,ERR,ERR,ERR,ERR,ERR,ERR,ERR,ERR,ERR,ERR,ERR,ERR,ERR,ERR,ERR,ERR,ERR,ERR,ERR,ERR,ERR,ERR,ERR,ERR,ERR,ERR,ERR,ERR,ERR,ERR,ERR,ERR,ERR,ERR,ERR,ERR,ERR,ERR,ERR,ERR,ERR,ERR,60.0,60.0,35,0.0,0.0,0.0,0.0,0.0,0.0,0.0,0.0,0.0,0.0,0.0,0.0,0.0,0.0,0.0,0.0,64.8,0,126,61,49,65476,0,65476,1,4,4,20529,65476,0,0,2621,60.0,0.0,0.0,0.0,0.0,0.0
2026-07-09T15:40:21,ERR,ERR,ERR,ERR,ERR,ERR,ERR,ERR,ERR,ERR,ERR,ERR,ERR,ERR,ERR,ERR,ERR,ERR,ERR,ERR,ERR,ERR,ERR,ERR,ERR,ERR,ERR,ERR,ERR,ERR,ERR,ERR,ERR,ERR,ERR,ERR,ERR,ERR,ERR,ERR,ERR,ERR,ERR,ERR,ERR,ERR,ERR,ERR,ERR,ERR,ERR,ERR,ERR,ERR,ERR,ERR,ERR,ERR,ERR,ERR,ERR,ERR,ERR,ERR,ERR,ERR,ERR,ERR,ERR,ERR,ERR,ERR,ERR,ERR,ERR,ERR,ERR,ERR,ERR,ERR,ERR,ERR,ERR,ERR,ERR,ERR,ERR,ERR,ERR,ERR,ERR,ERR,ERR,ERR,ERR,ERR,ERR,ERR,ERR,ERR,ERR,ERR,ERR,ERR,ERR,ERR,ERR,ERR,ERR,ERR,ERR,ERR,ERR,ERR,ERR,ERR,ERR,ERR,ERR,ERR,ERR,ERR,ERR,ERR,ERR,-0.0,-107616120.0,0.0,2.7183478752108883e+23,0.0,-1.2952288615883354e+29,-9.603717298158305e+18,-0.0,0,0,4,17336,7116,0.0,100,0.0,0.0,2.7183478752108883e+23,0.0,0.0,0,0,0,0,0.0,0,0,0,0,0,0,0,0,0,0,0,0,0,0,0,0,0,0,0,0,0,0,0,0,0,0,0,0,0,0,0,0,0,31,40,40,71,65476,0,300,0,0,8,21553,0.0,-107605600.0,0.0,0.0,0.0,0.0,0.0,0.0,0.0,0.0,0.0,0.0,0.0,0.0,0.0,0.0,0.0,0.0,0.0,0.0,0.0,0.0,0.0,0.0,0.0,0.0,0.0,0.0,0.0,0.0,5092.0,-0.0,6935.0,-0.0,0.0,2.004,2.004,0.0,0.0,0.0,0.0,69,5.848080243889771e+35,4.0668551691718284e+29,0.0,0.0,0.0,0.0,0.0,0.0,0.0,0,0,0,0.0,0.0,0.0,0.0,0.0,0.0,0.0,0.0,0.0,0.0,0.0,0.0,0.0,0.0,0.0,0.0,0,-107875648.0,69,0.0,138,0.0,2.012,ERR,ERR,ERR,ERR,ERR,ERR,ERR,ERR,ERR,ERR,ERR,ERR,ERR,ERR,ERR,ERR,ERR,ERR,ERR,ERR,ERR,ERR,ERR,ERR,ERR,ERR,ERR,ERR,ERR,ERR,ERR,ERR,ERR,ERR,ERR,ERR,ERR,ERR,ERR,ERR,ERR,ERR,ERR,ERR,ERR,ERR,ERR,ERR,ERR,ERR,ERR,ERR,ERR,ERR,ERR,ERR,ERR,ERR,ERR,ERR,ERR,ERR,ERR,ERR,ERR,ERR,ERR,60.0,60.0,35,0.0,0.0,0.0,0.0,0.0,0.0,0.0,0.0,0.0,0.0,0.0,0.0,0.0,0.0,0.0,0.0,64.8,0,126,61,49,65476,0,65476,1,4,4,20529,65476,0,0,2621,60.0,0.0,0.0,0.0,0.0,0.0
2026-07-09T15:40:22,ERR,ERR,ERR,ERR,ERR,ERR,ERR,ERR,ERR,ERR,ERR,ERR,ERR,ERR,ERR,ERR,ERR,ERR,ERR,ERR,ERR,ERR,ERR,ERR,ERR,ERR,ERR,ERR,ERR,ERR,ERR,ERR,ERR,ERR,ERR,ERR,ERR,ERR,ERR,ERR,ERR,ERR,ERR,ERR,ERR,ERR,ERR,ERR,ERR,ERR,ERR,ERR,ERR,ERR,ERR,ERR,ERR,ERR,ERR,ERR,ERR,ERR,ERR,ERR,ERR,ERR,ERR,ERR,ERR,ERR,ERR,ERR,ERR,ERR,ERR,ERR,ERR,ERR,ERR,ERR,ERR,ERR,ERR,ERR,ERR,ERR,ERR,ERR,ERR,ERR,ERR,ERR,ERR,ERR,ERR,ERR,ERR,ERR,ERR,ERR,ERR,ERR,ERR,ERR,ERR,ERR,ERR,ERR,ERR,ERR,ERR,ERR,ERR,ERR,ERR,ERR,ERR,ERR,ERR,ERR,ERR,ERR,ERR,ERR,ERR,-0.0,-107616120.0,0.0,2.7183478752108883e+23,0.0,-1.2952288615883354e+29,-9.603717298158305e+18,-0.0,0,0,4,17336,7116,0.0,100,0.0,0.0,2.7183478752108883e+23,0.0,0.0,0,0,0,0,0.0,0,0,0,0,0,0,0,0,0,0,0,0,0,0,0,0,0,0,0,0,0,0,0,0,0,0,0,0,0,0,0,0,0,31,40,40,71,65476,0,300,0,0,8,21553,0.0,-107605600.0,0.0,0.0,0.0,0.0,0.0,0.0,0.0,0.0,0.0,0.0,0.0,0.0,0.0,0.0,0.0,0.0,0.0,0.0,0.0,0.0,0.0,0.0,0.0,0.0,0.0,0.0,0.0,0.0,5092.0,-0.0,6935.0,-0.0,0.0,2.004,2.004,0.0,0.0,0.0,0.0,69,5.848080243889771e+35,4.0668551691718284e+29,0.0,0.0,0.0,0.0,0.0,0.0,0.0,0,0,0,0.0,0.0,0.0,0.0,0.0,0.0,0.0,0.0,0.0,0.0,0.0,0.0,0.0,0.0,0.0,0.0,0,-107875648.0,69,0.0,138,0.0,2.012,ERR,ERR,ERR,ERR,ERR,ERR,ERR,ERR,ERR,ERR,ERR,ERR,ERR,ERR,ERR,ERR,ERR,ERR,ERR,ERR,ERR,ERR,ERR,ERR,ERR,ERR,ERR,ERR,ERR,ERR,ERR,ERR,ERR,ERR,ERR,ERR,ERR,ERR,ERR,ERR,ERR,ERR,ERR,ERR,ERR,ERR,ERR,ERR,ERR,ERR,ERR,ERR,ERR,ERR,ERR,ERR,ERR,ERR,ERR,ERR,ERR,ERR,ERR,ERR,ERR,ERR,ERR,60.0,60.0,35,0.0,0.0,0.0,0.0,0.0,0.0,0.0,0.0,0.0,0.0,0.0,0.0,0.0,0.0,0.0,0.0,65.2,0,126,61,49,65476,0,65476,1,4,4,20529,65476,0,0,2621,60.0,0.0,0.0,0.0,0.0,0.0
2026-07-09T15:40:23,ERR,ERR,ERR,ERR,ERR,ERR,ERR,ERR,ERR,ERR,ERR,ERR,ERR,ERR,ERR,ERR,ERR,ERR,ERR,ERR,ERR,ERR,ERR,ERR,ERR,ERR,ERR,ERR,ERR,ERR,ERR,ERR,ERR,ERR,ERR,ERR,ERR,ERR,ERR,ERR,ERR,ERR,ERR,ERR,ERR,ERR,ERR,ERR,ERR,ERR,ERR,ERR,ERR,ERR,ERR,ERR,ERR,ERR,ERR,ERR,ERR,ERR,ERR,ERR,ERR,ERR,ERR,ERR,ERR,ERR,ERR,ERR,ERR,ERR,ERR,ERR,ERR,ERR,ERR,ERR,ERR,ERR,ERR,ERR,ERR,ERR,ERR,ERR,ERR,ERR,ERR,ERR,ERR,ERR,ERR,ERR,ERR,ERR,ERR,ERR,ERR,ERR,ERR,ERR,ERR,ERR,ERR,ERR,ERR,ERR,ERR,ERR,ERR,ERR,ERR,ERR,ERR,ERR,ERR,ERR,ERR,ERR,ERR,ERR,ERR,-0.0,-107616120.0,0.0,2.7183478752108883e+23,0.0,-1.2952288615883354e+29,-9.603717298158305e+18,-0.0,0,0,4,17336,7116,0.0,100,0.0,0.0,2.7183478752108883e+23,0.0,0.0,0,0,0,0,0.0,0,0,0,0,0,0,0,0,0,0,0,0,0,0,0,0,0,0,0,0,0,0,0,0,0,0,0,0,0,0,0,0,0,31,40,40,71,65476,0,300,0,0,8,21553,0.0,-107605600.0,0.0,0.0,0.0,0.0,0.0,0.0,0.0,0.0,0.0,0.0,0.0,0.0,0.0,0.0,0.0,0.0,0.0,0.0,0.0,0.0,0.0,0.0,0.0,0.0,0.0,0.0,0.0,0.0,5092.0,-0.0,6935.0,-0.0,0.0,2.004,2.004,0.0,0.0,0.0,0.0,69,5.848080243889771e+35,4.0668551691718284e+29,0.0,0.0,0.0,0.0,0.0,0.0,0.0,0,0,0,0.0,0.0,0.0,0.0,0.0,0.0,0.0,0.0,0.0,0.0,0.0,0.0,0.0,0.0,0.0,0.0,0,-107875648.0,69,0.0,138,0.0,2.012,ERR,ERR,ERR,ERR,ERR,ERR,ERR,ERR,ERR,ERR,ERR,ERR,ERR,ERR,ERR,ERR,ERR,ERR,ERR,ERR,ERR,ERR,ERR,ERR,ERR,ERR,ERR,ERR,ERR,ERR,ERR,ERR,ERR,ERR,ERR,ERR,ERR,ERR,ERR,ERR,ERR,ERR,ERR,ERR,ERR,ERR,ERR,ERR,ERR,ERR,ERR,ERR,ERR,ERR,ERR,ERR,ERR,ERR,ERR,ERR,ERR,ERR,ERR,ERR,ERR,ERR,ERR,60.0,60.0,35,0.0,0.0,0.0,0.0,0.0,0.0,0.0,0.0,0.0,0.0,0.0,0.0,0.0,0.0,0.0,0.0,65.2,0,126,61,49,65476,0,65476,1,4,4,20529,65476,0,0,2621,60.0,0.0,0.0,0.0,0.0,0.0
2026-07-09T15:40:24,ERR,ERR,ERR,ERR,ERR,ERR,ERR,ERR,ERR,ERR,ERR,ERR,ERR,ERR,ERR,ERR,ERR,ERR,ERR,ERR,ERR,ERR,ERR,ERR,ERR,ERR,ERR,ERR,ERR,ERR,ERR,ERR,ERR,ERR,ERR,ERR,ERR,ERR,ERR,ERR,ERR,ERR,ERR,ERR,ERR,ERR,ERR,ERR,ERR,ERR,ERR,ERR,ERR,ERR,ERR,ERR,ERR,ERR,ERR,ERR,ERR,ERR,ERR,ERR,ERR,ERR,ERR,ERR,ERR,ERR,ERR,ERR,ERR,ERR,ERR,ERR,ERR,ERR,ERR,ERR,ERR,ERR,ERR,ERR,ERR,ERR,ERR,ERR,ERR,ERR,ERR,ERR,ERR,ERR,ERR,ERR,ERR,ERR,ERR,ERR,ERR,ERR,ERR,ERR,ERR,ERR,ERR,ERR,ERR,ERR,ERR,ERR,ERR,ERR,ERR,ERR,ERR,ERR,ERR,ERR,ERR,ERR,ERR,ERR,ERR,-0.0,-107616120.0,0.0,2.7183478752108883e+23,0.0,-1.2952288615883354e+29,-9.603717298158305e+18,-0.0,0,0,4,17336,7116,0.0,100,0.0,0.0,2.7183478752108883e+23,0.0,0.0,0,0,0,0,0.0,0,0,0,0,0,0,0,0,0,0,0,0,0,0,0,0,0,0,0,0,0,0,0,0,0,0,0,0,0,0,0,0,0,31,40,40,71,65476,0,300,0,0,8,21553,0.0,-107605600.0,0.0,0.0,0.0,0.0,0.0,0.0,0.0,0.0,0.0,0.0,0.0,0.0,0.0,0.0,0.0,0.0,0.0,0.0,0.0,0.0,0.0,0.0,0.0,0.0,0.0,0.0,0.0,0.0,5092.0,-0.0,6935.0,-0.0,0.0,2.004,2.004,0.0,0.0,0.0,0.0,69,5.848080243889771e+35,4.0668551691718284e+29,0.0,0.0,0.0,0.0,0.0,0.0,0.0,0,0,0,0.0,0.0,0.0,0.0,0.0,0.0,0.0,0.0,0.0,0.0,0.0,0.0,0.0,0.0,0.0,0.0,0,-107875648.0,69,0.0,138,0.0,2.012,ERR,ERR,ERR,ERR,ERR,ERR,ERR,ERR,ERR,ERR,ERR,ERR,ERR,ERR,ERR,ERR,ERR,ERR,ERR,ERR,ERR,ERR,ERR,ERR,ERR,ERR,ERR,ERR,ERR,ERR,ERR,ERR,ERR,ERR,ERR,ERR,ERR,ERR,ERR,ERR,ERR,ERR,ERR,ERR,ERR,ERR,ERR,ERR,ERR,ERR,ERR,ERR,ERR,ERR,ERR,ERR,ERR,ERR,ERR,ERR,ERR,ERR,ERR,ERR,ERR,ERR,ERR,60.0,60.0,35,0.0,0.0,0.0,0.0,0.0,0.0,0.0,0.0,0.0,0.0,0.0,0.0,0.0,0.0,0.0,0.0,64.8,0,126,61,49,65476,0,65476,1,4,4,20529,65476,0,0,2621,60.0,0.0,0.0,0.0,0.0,0.0
2026-07-09T15:40:25,ERR,ERR,ERR,ERR,ERR,ERR,ERR,ERR,ERR,ERR,ERR,ERR,ERR,ERR,ERR,ERR,ERR,ERR,ERR,ERR,ERR,ERR,ERR,ERR,ERR,ERR,ERR,ERR,ERR,ERR,ERR,ERR,ERR,ERR,ERR,ERR,ERR,ERR,ERR,ERR,ERR,ERR,ERR,ERR,ERR,ERR,ERR,ERR,ERR,ERR,ERR,ERR,ERR,ERR,ERR,ERR,ERR,ERR,ERR,ERR,ERR,ERR,ERR,ERR,ERR,ERR,ERR,ERR,ERR,ERR,ERR,ERR,ERR,ERR,ERR,ERR,ERR,ERR,ERR,ERR,ERR,ERR,ERR,ERR,ERR,ERR,ERR,ERR,ERR,ERR,ERR,ERR,ERR,ERR,ERR,ERR,ERR,ERR,ERR,ERR,ERR,ERR,ERR,ERR,ERR,ERR,ERR,ERR,ERR,ERR,ERR,ERR,ERR,ERR,ERR,ERR,ERR,ERR,ERR,ERR,ERR,ERR,ERR,ERR,ERR,-0.0,-107616120.0,0.0,2.7183478752108883e+23,0.0,-1.2952288615883354e+29,-9.603717298158305e+18,-0.0,0,0,4,17336,7116,0.0,100,0.0,0.0,2.7183478752108883e+23,0.0,0.0,0,0,0,0,0.0,0,0,0,0,0,0,0,0,0,0,0,0,0,0,0,0,0,0,0,0,0,0,0,0,0,0,0,0,0,0,0,0,0,31,40,40,71,65476,0,300,0,0,8,21553,0.0,-107605600.0,0.0,0.0,0.0,0.0,0.0,0.0,0.0,0.0,0.0,0.0,0.0,0.0,0.0,0.0,0.0,0.0,0.0,0.0,0.0,0.0,0.0,0.0,0.0,0.0,0.0,0.0,0.0,0.0,5092.0,-0.0,6935.0,-0.0,0.0,2.004,2.004,0.0,0.0,0.0,0.0,69,5.848080243889771e+35,4.0668551691718284e+29,0.0,0.0,0.0,0.0,0.0,0.0,0.0,0,0,0,0.0,0.0,0.0,0.0,0.0,0.0,0.0,0.0,0.0,0.0,0.0,0.0,0.0,0.0,0.0,0.0,0,-107875648.0,69,0.0,138,0.0,2.012,ERR,ERR,ERR,ERR,ERR,ERR,ERR,ERR,ERR,ERR,ERR,ERR,ERR,ERR,ERR,ERR,ERR,ERR,ERR,ERR,ERR,ERR,ERR,ERR,ERR,ERR,ERR,ERR,ERR,ERR,ERR,ERR,ERR,ERR,ERR,ERR,ERR,ERR,ERR,ERR,ERR,ERR,ERR,ERR,ERR,ERR,ERR,ERR,ERR,ERR,ERR,ERR,ERR,ERR,ERR,ERR,ERR,ERR,ERR,ERR,ERR,ERR,ERR,ERR,ERR,ERR,ERR,60.0,60.0,35,0.0,0.0,0.0,0.0,0.0,0.0,0.0,0.0,0.0,0.0,0.0,0.0,0.0,0.0,0.0,0.0,64.8,0,126,61,49,65476,0,65476,1,4,4,20529,65476,0,0,2621,60.0,0.0,0.0,0.0,0.0,0.0
2026-07-09T15:40:26,ERR,ERR,ERR,ERR,ERR,ERR,ERR,ERR,ERR,ERR,ERR,ERR,ERR,ERR,ERR,ERR,ERR,ERR,ERR,ERR,ERR,ERR,ERR,ERR,ERR,ERR,ERR,ERR,ERR,ERR,ERR,ERR,ERR,ERR,ERR,ERR,ERR,ERR,ERR,ERR,ERR,ERR,ERR,ERR,ERR,ERR,ERR,ERR,ERR,ERR,ERR,ERR,ERR,ERR,ERR,ERR,ERR,ERR,ERR,ERR,ERR,ERR,ERR,ERR,ERR,ERR,ERR,ERR,ERR,ERR,ERR,ERR,ERR,ERR,ERR,ERR,ERR,ERR,ERR,ERR,ERR,ERR,ERR,ERR,ERR,ERR,ERR,ERR,ERR,ERR,ERR,ERR,ERR,ERR,ERR,ERR,ERR,ERR,ERR,ERR,ERR,ERR,ERR,ERR,ERR,ERR,ERR,ERR,ERR,ERR,ERR,ERR,ERR,ERR,ERR,ERR,ERR,ERR,ERR,ERR,ERR,ERR,ERR,ERR,ERR,-0.0,2.7184476749786308e+23,0.0,2.7183478752108883e+23,0.0,0.0,0.927,-0.0,0,0,4,17335,7116,0.0,100,0.0,0.0,0.0,0.0,0.0,0,0,0,0,0.0,0,0,0,0,0,0,0,0,0,0,0,0,0,0,0,0,0,0,0,0,0,0,0,0,0,0,0,0,0,0,0,0,0,31,40,40,71,65476,0,300,0,0,8,21553,0.0,-107605600.0,0.0,0.0,0.0,0.0,0.0,0.0,0.0,0.0,0.0,0.0,0.0,0.0,0.0,0.0,0.0,0.0,0.0,0.0,0.0,0.0,0.0,3.697070904806107e+19,0.0,0.0,0.0,0.0,0.0,0.0,5099.0,-0.0,6933.0,-0.0,-107616128.0,2.004,2.004,0.0,0.0,0.0,0.0,69,-5.848079847748958e+35,1.905686609961943e+17,0.0,0.0,0.0,0.0,0.0,0.0,0.0,0,0,0,0.0,0.0,0.0,0.0,0.0,0.0,0.0,0.0,0.0,0.0,0.0,0.0,0.0,0.0,0.0,0.0,0,-107875648.0,69,0.0,138,0.0,2.012,ERR,ERR,ERR,ERR,ERR,ERR,ERR,ERR,ERR,ERR,ERR,ERR,ERR,ERR,ERR,ERR,ERR,ERR,ERR,ERR,ERR,ERR,ERR,ERR,ERR,ERR,ERR,ERR,ERR,ERR,ERR,ERR,ERR,ERR,ERR,ERR,ERR,ERR,ERR,ERR,ERR,ERR,ERR,ERR,ERR,ERR,ERR,ERR,ERR,ERR,ERR,ERR,ERR,ERR,ERR,ERR,ERR,ERR,ERR,ERR,ERR,ERR,ERR,ERR,ERR,ERR,ERR,60.0,60.0,35,0.0,0.0,0.0,0.0,0.0,0.0,0.0,0.0,0.0,0.0,0.0,0.0,0.0,0.0,0.0,0.0,64.8,0,126,61,49,65476,0,65476,1,4,4,20529,65476,0,0,2621,60.0,0.0,0.0,0.0,0.0,0.0
2026-07-09T15:40:27,ERR,ERR,ERR,ERR,ERR,ERR,ERR,ERR,ERR,ERR,ERR,ERR,ERR,ERR,ERR,ERR,ERR,ERR,ERR,ERR,ERR,ERR,ERR,ERR,ERR,ERR,ERR,ERR,ERR,ERR,ERR,ERR,ERR,ERR,ERR,ERR,ERR,ERR,ERR,ERR,ERR,ERR,ERR,ERR,ERR,ERR,ERR,ERR,ERR,ERR,ERR,ERR,ERR,ERR,ERR,ERR,ERR,ERR,ERR,ERR,ERR,ERR,ERR,ERR,ERR,ERR,ERR,ERR,ERR,ERR,ERR,ERR,ERR,ERR,ERR,ERR,ERR,ERR,ERR,ERR,ERR,ERR,ERR,ERR,ERR,ERR,ERR,ERR,ERR,ERR,ERR,ERR,ERR,ERR,ERR,ERR,ERR,ERR,ERR,ERR,ERR,ERR,ERR,ERR,ERR,ERR,ERR,ERR,ERR,ERR,ERR,ERR,ERR,ERR,ERR,ERR,ERR,ERR,ERR,ERR,ERR,ERR,ERR,ERR,ERR,-0.0,2.7184476749786308e+23,0.0,2.7183478752108883e+23,0.0,0.0,0.927,-0.0,0,0,4,17335,7116,0.0,100,0.0,0.0,0.0,0.0,0.0,0,0,0,0,0.0,0,0,0,0,0,0,0,0,0,0,0,0,0,0,0,0,0,0,0,0,0,0,0,0,0,0,0,0,0,0,0,0,0,31,40,40,71,65476,0,300,0,0,8,21553,0.0,-107605600.0,0.0,0.0,0.0,0.0,0.0,0.0,0.0,0.0,0.0,0.0,0.0,0.0,0.0,0.0,0.0,0.0,0.0,0.0,0.0,0.0,0.0,3.697070904806107e+19,0.0,0.0,0.0,0.0,0.0,0.0,5099.0,-0.0,6933.0,-0.0,-107616128.0,2.004,2.004,0.0,0.0,0.0,0.0,69,-5.848079847748958e+35,1.905686609961943e+17,0.0,0.0,0.0,0.0,0.0,0.0,0.0,0,0,0,0.0,0.0,0.0,0.0,0.0,0.0,0.0,0.0,0.0,0.0,0.0,0.0,0.0,0.0,0.0,0.0,0,-107875648.0,69,0.0,138,0.0,2.012,ERR,ERR,ERR,ERR,ERR,ERR,ERR,ERR,ERR,ERR,ERR,ERR,ERR,ERR,ERR,ERR,ERR,ERR,ERR,ERR,ERR,ERR,ERR,ERR,ERR,ERR,ERR,ERR,ERR,ERR,ERR,ERR,ERR,ERR,ERR,ERR,ERR,ERR,ERR,ERR,ERR,ERR,ERR,ERR,ERR,ERR,ERR,ERR,ERR,ERR,ERR,ERR,ERR,ERR,ERR,ERR,ERR,ERR,ERR,ERR,ERR,ERR,ERR,ERR,ERR,ERR,ERR,60.0,60.0,35,0.0,0.0,0.0,0.0,0.0,0.0,0.0,0.0,0.0,0.0,0.0,0.0,0.0,0.0,0.0,0.0,64.8,0,126,61,49,65476,0,65476,1,4,4,20529,65476,0,0,2621,60.0,0.0,0.0,0.0,0.0,0.0
2026-07-09T15:40:28,ERR,ERR,ERR,ERR,ERR,ERR,ERR,ERR,ERR,ERR,ERR,ERR,ERR,ERR,ERR,ERR,ERR,ERR,ERR,ERR,ERR,ERR,ERR,ERR,ERR,ERR,ERR,ERR,ERR,ERR,ERR,ERR,ERR,ERR,ERR,ERR,ERR,ERR,ERR,ERR,ERR,ERR,ERR,ERR,ERR,ERR,ERR,ERR,ERR,ERR,ERR,ERR,ERR,ERR,ERR,ERR,ERR,ERR,ERR,ERR,ERR,ERR,ERR,ERR,ERR,ERR,ERR,ERR,ERR,ERR,ERR,ERR,ERR,ERR,ERR,ERR,ERR,ERR,ERR,ERR,ERR,ERR,ERR,ERR,ERR,ERR,ERR,ERR,ERR,ERR,ERR,ERR,ERR,ERR,ERR,ERR,ERR,ERR,ERR,ERR,ERR,ERR,ERR,ERR,ERR,ERR,ERR,ERR,ERR,ERR,ERR,ERR,ERR,ERR,ERR,ERR,ERR,ERR,ERR,ERR,ERR,ERR,ERR,ERR,ERR,-0.0,2.7184476749786308e+23,0.0,2.7183478752108883e+23,0.0,0.0,0.927,-0.0,0,0,4,17335,7116,0.0,100,0.0,0.0,0.0,0.0,0.0,0,0,0,0,0.0,0,0,0,0,0,0,0,0,0,0,0,0,0,0,0,0,0,0,0,0,0,0,0,0,0,0,0,0,0,0,0,0,0,31,40,40,71,65476,0,300,0,0,8,21553,0.0,-107605600.0,0.0,0.0,0.0,0.0,0.0,0.0,0.0,0.0,0.0,0.0,0.0,0.0,0.0,0.0,0.0,0.0,0.0,0.0,0.0,0.0,0.0,3.697070904806107e+19,0.0,0.0,0.0,0.0,0.0,0.0,5099.0,-0.0,6933.0,-0.0,-107616128.0,2.004,2.004,0.0,0.0,0.0,0.0,69,-5.848079847748958e+35,1.905686609961943e+17,0.0,0.0,0.0,0.0,0.0,0.0,0.0,0,0,0,0.0,0.0,0.0,0.0,0.0,0.0,0.0,0.0,0.0,0.0,0.0,0.0,0.0,0.0,0.0,0.0,0,-107875648.0,69,0.0,138,0.0,2.012,ERR,ERR,ERR,ERR,ERR,ERR,ERR,ERR,ERR,ERR,ERR,ERR,ERR,ERR,ERR,ERR,ERR,ERR,ERR,ERR,ERR,ERR,ERR,ERR,ERR,ERR,ERR,ERR,ERR,ERR,ERR,ERR,ERR,ERR,ERR,ERR,ERR,ERR,ERR,ERR,ERR,ERR,ERR,ERR,ERR,ERR,ERR,ERR,ERR,ERR,ERR,ERR,ERR,ERR,ERR,ERR,ERR,ERR,ERR,ERR,ERR,ERR,ERR,ERR,ERR,ERR,ERR,60.0,60.0,35,0.0,0.0,0.0,0.0,0.0,0.0,0.0,0.0,0.0,0.0,0.0,0.0,0.0,0.0,0.0,0.0,64.8,0,126,61,49,65476,0,65476,1,4,4,20529,65476,0,0,2621,60.0,0.0,0.0,0.0,0.0,0.0
2026-07-09T15:40:29,ERR,ERR,ERR,ERR,ERR,ERR,ERR,ERR,ERR,ERR,ERR,ERR,ERR,ERR,ERR,ERR,ERR,ERR,ERR,ERR,ERR,ERR,ERR,ERR,ERR,ERR,ERR,ERR,ERR,ERR,ERR,ERR,ERR,ERR,ERR,ERR,ERR,ERR,ERR,ERR,ERR,ERR,ERR,ERR,ERR,ERR,ERR,ERR,ERR,ERR,ERR,ERR,ERR,ERR,ERR,ERR,ERR,ERR,ERR,ERR,ERR,ERR,ERR,ERR,ERR,ERR,ERR,ERR,ERR,ERR,ERR,ERR,ERR,ERR,ERR,ERR,ERR,ERR,ERR,ERR,ERR,ERR,ERR,ERR,ERR,ERR,ERR,ERR,ERR,ERR,ERR,ERR,ERR,ERR,ERR,ERR,ERR,ERR,ERR,ERR,ERR,ERR,ERR,ERR,ERR,ERR,ERR,ERR,ERR,ERR,ERR,ERR,ERR,ERR,ERR,ERR,ERR,ERR,ERR,ERR,ERR,ERR,ERR,ERR,ERR,-0.0,2.7184476749786308e+23,0.0,2.7183478752108883e+23,0.0,0.0,0.927,-0.0,0,0,4,17335,7116,0.0,100,0.0,0.0,0.0,0.0,0.0,0,0,0,0,0.0,0,0,0,0,0,0,0,0,0,0,0,0,0,0,0,0,0,0,0,0,0,0,0,0,0,0,0,0,0,0,0,0,0,31,40,40,71,65476,0,300,0,0,8,21553,0.0,-107605600.0,0.0,0.0,0.0,0.0,0.0,0.0,0.0,0.0,0.0,0.0,0.0,0.0,0.0,0.0,0.0,0.0,0.0,0.0,0.0,0.0,0.0,3.697070904806107e+19,0.0,0.0,0.0,0.0,0.0,0.0,5099.0,-0.0,6933.0,-0.0,-107616128.0,2.004,2.004,0.0,0.0,0.0,0.0,69,-5.848079847748958e+35,1.905686609961943e+17,0.0,0.0,0.0,0.0,0.0,0.0,0.0,0,0,0,0.0,0.0,0.0,0.0,0.0,0.0,0.0,0.0,0.0,0.0,0.0,0.0,0.0,0.0,0.0,0.0,0,-107875648.0,69,0.0,138,0.0,2.012,ERR,ERR,ERR,ERR,ERR,ERR,ERR,ERR,ERR,ERR,ERR,ERR,ERR,ERR,ERR,ERR,ERR,ERR,ERR,ERR,ERR,ERR,ERR,ERR,ERR,ERR,ERR,ERR,ERR,ERR,ERR,ERR,ERR,ERR,ERR,ERR,ERR,ERR,ERR,ERR,ERR,ERR,ERR,ERR,ERR,ERR,ERR,ERR,ERR,ERR,ERR,ERR,ERR,ERR,ERR,ERR,ERR,ERR,ERR,ERR,ERR,ERR,ERR,ERR,ERR,ERR,ERR,60.0,60.0,35,0.0,0.0,0.0,0.0,0.0,0.0,0.0,0.0,0.0,0.0,0.0,0.0,0.0,0.0,0.0,0.0,65.2,0,126,61,48,65476,0,65476,1,4,4,20529,65476,0,0,2621,60.0,0.0,0.0,0.0,0.0,0.0
2026-07-09T15:40:30,ERR,ERR,ERR,ERR,ERR,ERR,ERR,ERR,ERR,ERR,ERR,ERR,ERR,ERR,ERR,ERR,ERR,ERR,ERR,ERR,ERR,ERR,ERR,ERR,ERR,ERR,ERR,ERR,ERR,ERR,ERR,ERR,ERR,ERR,ERR,ERR,ERR,ERR,ERR,ERR,ERR,ERR,ERR,ERR,ERR,ERR,ERR,ERR,ERR,ERR,ERR,ERR,ERR,ERR,ERR,ERR,ERR,ERR,ERR,ERR,ERR,ERR,ERR,ERR,ERR,ERR,ERR,ERR,ERR,ERR,ERR,ERR,ERR,ERR,ERR,ERR,ERR,ERR,ERR,ERR,ERR,ERR,ERR,ERR,ERR,ERR,ERR,ERR,ERR,ERR,ERR,ERR,ERR,ERR,ERR,ERR,ERR,ERR,ERR,ERR,ERR,ERR,ERR,ERR,ERR,ERR,ERR,ERR,ERR,ERR,ERR,ERR,ERR,ERR,ERR,ERR,ERR,ERR,ERR,ERR,ERR,ERR,ERR,ERR,ERR,-0.0,2.718447855122616e+23,0.0,2.7183478752108883e+23,-0.0,-0.0,-1550560637485056.0,0.0,0,0,4,17336,7116,0.0,100,0.0,0.0,2.7183478752108883e+23,0.0,0.0,0,0,0,0,0.0,0,0,0,0,0,0,0,0,0,0,0,0,0,0,0,0,0,0,0,0,0,0,0,0,0,0,0,0,0,0,0,0,0,31,40,40,71,65476,0,300,0,0,8,21553,0.0,-107605600.0,0.0,0.0,0.0,0.0,0.0,0.0,0.0,0.0,0.0,0.0,0.0,0.0,0.0,0.0,0.0,0.0,0.0,0.0,0.0,0.0,0.0,-3.697070904806107e+19,0.0,0.0,0.0,0.0,0.0,0.0,5107.0,-8608185344.0,6938.0,-0.0,2.718447855122616e+23,2.004,2.004,0.0,0.0,0.0,0.0,69,-0.0,-0.0,0.0,0.0,0.0,0.0,0.0,0.0,0.0,0,0,0,0.0,0.0,0.0,0.0,0.0,0.0,0.0,0.0,0.0,0.0,0.0,0.0,0.0,0.0,0.0,0.0,0,-107875648.0,69,0.0,138,0.0,2.012,ERR,ERR,ERR,ERR,ERR,ERR,ERR,ERR,ERR,ERR,ERR,ERR,ERR,ERR,ERR,ERR,ERR,ERR,ERR,ERR,ERR,ERR,ERR,ERR,ERR,ERR,ERR,ERR,ERR,ERR,ERR,ERR,ERR,ERR,ERR,ERR,ERR,ERR,ERR,ERR,ERR,ERR,ERR,ERR,ERR,ERR,ERR,ERR,ERR,ERR,ERR,ERR,ERR,ERR,ERR,ERR,ERR,ERR,ERR,ERR,ERR,ERR,ERR,ERR,ERR,ERR,ERR,60.0,60.0,35,0.0,0.0,0.0,0.0,0.0,0.0,0.0,0.0,0.0,0.0,0.0,0.0,0.0,0.0,0.0,0.0,64.8,0,126,61,48,65476,0,65476,1,4,4,20529,65476,0,0,2621,60.0,0.0,0.0,0.0,0.0,0.0
2026-07-09T15:40:31,ERR,ERR,ERR,ERR,ERR,ERR,ERR,ERR,ERR,ERR,ERR,ERR,ERR,ERR,ERR,ERR,ERR,ERR,ERR,ERR,ERR,ERR,ERR,ERR,ERR,ERR,ERR,ERR,ERR,ERR,ERR,ERR,ERR,ERR,ERR,ERR,ERR,ERR,ERR,ERR,ERR,ERR,ERR,ERR,ERR,ERR,ERR,ERR,ERR,ERR,ERR,ERR,ERR,ERR,ERR,ERR,ERR,ERR,ERR,ERR,ERR,ERR,ERR,ERR,ERR,ERR,ERR,ERR,ERR,ERR,ERR,ERR,ERR,ERR,ERR,ERR,ERR,ERR,ERR,ERR,ERR,ERR,ERR,ERR,ERR,ERR,ERR,ERR,ERR,ERR,ERR,ERR,ERR,ERR,ERR,ERR,ERR,ERR,ERR,ERR,ERR,ERR,ERR,ERR,ERR,ERR,ERR,ERR,ERR,ERR,ERR,ERR,ERR,ERR,ERR,ERR,ERR,ERR,ERR,ERR,ERR,ERR,ERR,ERR,ERR,-0.0,2.718447855122616e+23,0.0,2.7183478752108883e+23,-0.0,-0.0,-1550560637485056.0,0.0,0,0,4,17336,7116,0.0,100,0.0,0.0,2.7183478752108883e+23,0.0,0.0,0,0,0,0,0.0,0,0,0,0,0,0,0,0,0,0,0,0,0,0,0,0,0,0,0,0,0,0,0,0,0,0,0,0,0,0,0,0,0,31,40,40,71,65476,0,300,0,0,8,21553,0.0,-107605600.0,0.0,0.0,0.0,0.0,0.0,0.0,0.0,0.0,0.0,0.0,0.0,0.0,0.0,0.0,0.0,0.0,0.0,0.0,0.0,0.0,0.0,-3.697070904806107e+19,0.0,0.0,0.0,0.0,0.0,0.0,5107.0,-8608185344.0,6938.0,-0.0,2.718447855122616e+23,2.004,2.004,0.0,0.0,0.0,0.0,69,-0.0,-0.0,0.0,0.0,0.0,0.0,0.0,0.0,0.0,0,0,0,0.0,0.0,0.0,0.0,0.0,0.0,0.0,0.0,0.0,0.0,0.0,0.0,0.0,0.0,0.0,0.0,0,-107875648.0,69,0.0,138,0.0,2.012,ERR,ERR,ERR,ERR,ERR,ERR,ERR,ERR,ERR,ERR,ERR,ERR,ERR,ERR,ERR,ERR,ERR,ERR,ERR,ERR,ERR,ERR,ERR,ERR,ERR,ERR,ERR,ERR,ERR,ERR,ERR,ERR,ERR,ERR,ERR,ERR,ERR,ERR,ERR,ERR,ERR,ERR,ERR,ERR,ERR,ERR,ERR,ERR,ERR,ERR,ERR,ERR,ERR,ERR,ERR,ERR,ERR,ERR,ERR,ERR,ERR,ERR,ERR,ERR,ERR,ERR,ERR,60.0,60.0,35,0.0,0.0,0.0,0.0,0.0,0.0,0.0,0.0,0.0,0.0,0.0,0.0,0.0,0.0,0.0,0.0,64.8,0,126,61,48,65476,0,65476,1,4,4,20529,65476,0,0,2621,60.0,0.0,0.0,0.0,0.0,0.0
2026-07-09T15:40:32,ERR,ERR,ERR,ERR,ERR,ERR,ERR,ERR,ERR,ERR,ERR,ERR,ERR,ERR,ERR,ERR,ERR,ERR,ERR,ERR,ERR,ERR,ERR,ERR,ERR,ERR,ERR,ERR,ERR,ERR,ERR,ERR,ERR,ERR,ERR,ERR,ERR,ERR,ERR,ERR,ERR,ERR,ERR,ERR,ERR,ERR,ERR,ERR,ERR,ERR,ERR,ERR,ERR,ERR,ERR,ERR,ERR,ERR,ERR,ERR,ERR,ERR,ERR,ERR,ERR,ERR,ERR,ERR,ERR,ERR,ERR,ERR,ERR,ERR,ERR,ERR,ERR,ERR,ERR,ERR,ERR,ERR,ERR,ERR,ERR,ERR,ERR,ERR,ERR,ERR,ERR,ERR,ERR,ERR,ERR,ERR,ERR,ERR,ERR,ERR,ERR,ERR,ERR,ERR,ERR,ERR,ERR,ERR,ERR,ERR,ERR,ERR,ERR,ERR,ERR,ERR,ERR,ERR,ERR,ERR,ERR,ERR,ERR,ERR,ERR,-0.0,2.718447855122616e+23,0.0,2.7183478752108883e+23,-0.0,-0.0,-1550560637485056.0,0.0,0,0,4,17336,7116,0.0,100,0.0,0.0,2.7183478752108883e+23,0.0,0.0,0,0,0,0,0.0,0,0,0,0,0,0,0,0,0,0,0,0,0,0,0,0,0,0,0,0,0,0,0,0,0,0,0,0,0,0,0,0,0,31,40,40,71,65476,0,300,0,0,8,21553,0.0,-107605600.0,0.0,0.0,0.0,0.0,0.0,0.0,0.0,0.0,0.0,0.0,0.0,0.0,0.0,0.0,0.0,0.0,0.0,0.0,0.0,0.0,0.0,-3.697070904806107e+19,0.0,0.0,0.0,0.0,0.0,0.0,5107.0,-8608185344.0,6938.0,-0.0,2.718447855122616e+23,2.004,2.004,0.0,0.0,0.0,0.0,69,-0.0,-0.0,0.0,0.0,0.0,0.0,0.0,0.0,0.0,0,0,0,0.0,0.0,0.0,0.0,0.0,0.0,0.0,0.0,0.0,0.0,0.0,0.0,0.0,0.0,0.0,0.0,0,-107875648.0,69,0.0,138,0.0,2.012,ERR,ERR,ERR,ERR,ERR,ERR,ERR,ERR,ERR,ERR,ERR,ERR,ERR,ERR,ERR,ERR,ERR,ERR,ERR,ERR,ERR,ERR,ERR,ERR,ERR,ERR,ERR,ERR,ERR,ERR,ERR,ERR,ERR,ERR,ERR,ERR,ERR,ERR,ERR,ERR,ERR,ERR,ERR,ERR,ERR,ERR,ERR,ERR,ERR,ERR,ERR,ERR,ERR,ERR,ERR,ERR,ERR,ERR,ERR,ERR,ERR,ERR,ERR,ERR,ERR,ERR,ERR,60.0,60.0,35,0.0,0.0,0.0,0.0,0.0,0.0,0.0,0.0,0.0,0.0,0.0,0.0,0.0,0.0,0.0,0.0,64.8,0,125,60,48,65476,0,65476,1,4,4,20529,65476,0,0,2621,60.0,0.0,0.0,0.0,0.0,0.0
2026-07-09T15:40:33,ERR,ERR,ERR,ERR,ERR,ERR,ERR,ERR,ERR,ERR,ERR,ERR,ERR,ERR,ERR,ERR,ERR,ERR,ERR,ERR,ERR,ERR,ERR,ERR,ERR,ERR,ERR,ERR,ERR,ERR,ERR,ERR,ERR,ERR,ERR,ERR,ERR,ERR,ERR,ERR,ERR,ERR,ERR,ERR,ERR,ERR,ERR,ERR,ERR,ERR,ERR,ERR,ERR,ERR,ERR,ERR,ERR,ERR,ERR,ERR,ERR,ERR,ERR,ERR,ERR,ERR,ERR,ERR,ERR,ERR,ERR,ERR,ERR,ERR,ERR,ERR,ERR,ERR,ERR,ERR,ERR,ERR,ERR,ERR,ERR,ERR,ERR,ERR,ERR,ERR,ERR,ERR,ERR,ERR,ERR,ERR,ERR,ERR,ERR,ERR,ERR,ERR,ERR,ERR,ERR,ERR,ERR,ERR,ERR,ERR,ERR,ERR,ERR,ERR,ERR,ERR,ERR,ERR,ERR,ERR,ERR,ERR,ERR,ERR,ERR,-0.0,2.718447855122616e+23,0.0,2.7183478752108883e+23,-0.0,-0.0,-1550560637485056.0,0.0,0,0,4,17336,7116,0.0,100,0.0,0.0,2.7183478752108883e+23,0.0,0.0,0,0,0,0,0.0,0,0,0,0,0,0,0,0,0,0,0,0,0,0,0,0,0,0,0,0,0,0,0,0,0,0,0,0,0,0,0,0,0,31,40,40,71,65476,0,300,0,0,8,21553,0.0,-107605600.0,0.0,0.0,0.0,0.0,0.0,0.0,0.0,0.0,0.0,0.0,0.0,0.0,0.0,0.0,0.0,0.0,0.0,0.0,0.0,0.0,0.0,-3.697070904806107e+19,0.0,0.0,0.0,0.0,0.0,0.0,5107.0,-8608185344.0,6938.0,-0.0,2.718447855122616e+23,2.004,2.004,0.0,0.0,0.0,0.0,69,-0.0,-0.0,0.0,0.0,0.0,0.0,0.0,0.0,0.0,0,0,0,0.0,0.0,0.0,0.0,0.0,0.0,0.0,0.0,0.0,0.0,0.0,0.0,0.0,0.0,0.0,0.0,0,-107875648.0,69,0.0,138,0.0,2.012,ERR,ERR,ERR,ERR,ERR,ERR,ERR,ERR,ERR,ERR,ERR,ERR,ERR,ERR,ERR,ERR,ERR,ERR,ERR,ERR,ERR,ERR,ERR,ERR,ERR,ERR,ERR,ERR,ERR,ERR,ERR,ERR,ERR,ERR,ERR,ERR,ERR,ERR,ERR,ERR,ERR,ERR,ERR,ERR,ERR,ERR,ERR,ERR,ERR,ERR,ERR,ERR,ERR,ERR,ERR,ERR,ERR,ERR,ERR,ERR,ERR,ERR,ERR,ERR,ERR,ERR,ERR,60.0,60.0,35,0.0,0.0,0.0,0.0,0.0,0.0,0.0,0.0,0.0,0.0,0.0,0.0,0.0,0.0,0.0,0.0,64.8,0,125,60,48,65476,0,65476,1,4,4,20529,65476,0,0,2621,60.0,0.0,0.0,0.0,0.0,0.0
2026-07-09T15:40:34,ERR,ERR,ERR,ERR,ERR,ERR,ERR,ERR,ERR,ERR,ERR,ERR,ERR,ERR,ERR,ERR,ERR,ERR,ERR,ERR,ERR,ERR,ERR,ERR,ERR,ERR,ERR,ERR,ERR,ERR,ERR,ERR,ERR,ERR,ERR,ERR,ERR,ERR,ERR,ERR,ERR,ERR,ERR,ERR,ERR,ERR,ERR,ERR,ERR,ERR,ERR,ERR,ERR,ERR,ERR,ERR,ERR,ERR,ERR,ERR,ERR,ERR,ERR,ERR,ERR,ERR,ERR,ERR,ERR,ERR,ERR,ERR,ERR,ERR,ERR,ERR,ERR,ERR,ERR,ERR,ERR,ERR,ERR,ERR,ERR,ERR,ERR,ERR,ERR,ERR,ERR,ERR,ERR,ERR,ERR,ERR,ERR,ERR,ERR,ERR,ERR,ERR,ERR,ERR,ERR,ERR,ERR,ERR,ERR,ERR,ERR,ERR,ERR,ERR,ERR,ERR,ERR,ERR,ERR,ERR,ERR,ERR,ERR,ERR,ERR,-0.0,2.718447855122616e+23,0.0,2.7183478752108883e+23,-0.0,-0.0,-1550560637485056.0,0.0,0,0,4,17336,7116,0.0,100,0.0,0.0,2.7183478752108883e+23,0.0,0.0,0,0,0,0,0.0,0,0,0,0,0,0,0,0,0,0,0,0,0,0,0,0,0,0,0,0,0,0,0,0,0,0,0,0,0,0,0,0,0,31,40,40,71,65476,0,300,0,0,8,21553,0.0,-107605600.0,0.0,0.0,0.0,0.0,0.0,0.0,0.0,0.0,0.0,0.0,0.0,0.0,0.0,0.0,0.0,0.0,0.0,0.0,0.0,0.0,0.0,-3.697070904806107e+19,0.0,0.0,0.0,0.0,0.0,0.0,5107.0,-8608185344.0,6938.0,-0.0,2.718447855122616e+23,2.004,2.004,0.0,0.0,0.0,0.0,69,-0.0,-0.0,0.0,0.0,0.0,0.0,0.0,0.0,0.0,0,0,0,0.0,0.0,0.0,0.0,0.0,0.0,0.0,0.0,0.0,0.0,0.0,0.0,0.0,0.0,0.0,0.0,0,-107875648.0,69,0.0,138,0.0,2.012,ERR,ERR,ERR,ERR,ERR,ERR,ERR,ERR,ERR,ERR,ERR,ERR,ERR,ERR,ERR,ERR,ERR,ERR,ERR,ERR,ERR,ERR,ERR,ERR,ERR,ERR,ERR,ERR,ERR,ERR,ERR,ERR,ERR,ERR,ERR,ERR,ERR,ERR,ERR,ERR,ERR,ERR,ERR,ERR,ERR,ERR,ERR,ERR,ERR,ERR,ERR,ERR,ERR,ERR,ERR,ERR,ERR,ERR,ERR,ERR,ERR,ERR,ERR,ERR,ERR,ERR,ERR,60.0,60.0,35,0.0,0.0,0.0,0.0,0.0,0.0,0.0,0.0,0.0,0.0,0.0,0.0,0.0,0.0,0.0,0.0,64.8,0,125,60,48,65476,0,65476,1,4,4,20529,65476,0,0,2621,60.0,0.0,0.0,0.0,0.0,0.0
2026-07-09T15:40:35,ERR,ERR,ERR,ERR,ERR,ERR,ERR,ERR,ERR,ERR,ERR,ERR,ERR,ERR,ERR,ERR,ERR,ERR,ERR,ERR,ERR,ERR,ERR,ERR,ERR,ERR,ERR,ERR,ERR,ERR,ERR,ERR,ERR,ERR,ERR,ERR,ERR,ERR,ERR,ERR,ERR,ERR,ERR,ERR,ERR,ERR,ERR,ERR,ERR,ERR,ERR,ERR,ERR,ERR,ERR,ERR,ERR,ERR,ERR,ERR,ERR,ERR,ERR,ERR,ERR,ERR,ERR,ERR,ERR,ERR,ERR,ERR,ERR,ERR,ERR,ERR,ERR,ERR,ERR,ERR,ERR,ERR,ERR,ERR,ERR,ERR,ERR,ERR,ERR,ERR,ERR,ERR,ERR,ERR,ERR,ERR,ERR,ERR,ERR,ERR,ERR,ERR,ERR,ERR,ERR,ERR,ERR,ERR,ERR,ERR,ERR,ERR,ERR,ERR,ERR,ERR,ERR,ERR,ERR,ERR,ERR,ERR,ERR,ERR,ERR,-0.0,0.0,2.718424976836509e+23,0.0,3.3932803898426745e+38,0.0,0.0,0.0,0,0,4,17337,7116,0.0,100,0.0,0.0,2.7183478752108883e+23,0.0,0.0,0,0,0,0,0.0,0,0,0,0,0,0,0,0,0,0,0,0,0,0,0,0,0,0,0,0,0,0,0,0,0,0,0,0,0,0,0,0,0,31,40,40,71,65476,0,300,0,0,8,21553,0.0,-107605600.0,0.0,0.0,0.0,0.0,0.0,0.0,0.0,0.0,0.0,0.0,0.0,0.0,0.0,0.0,0.0,0.0,0.0,0.0,0.0,0.0,0.0,3.697071344610758e+19,0.0,0.0,0.0,0.0,0.0,0.0,5121.0,0.0,6916.0,0.0,0.0,2.004,2.004,0.0,0.0,0.0,0.0,69,0.0,0.0,0.0,0.0,0.0,0.0,0.0,0.0,0.0,0,0,0,0.0,0.0,0.0,0.0,0.0,0.0,0.0,0.0,0.0,0.0,0.0,0.0,0.0,0.0,0.0,0.0,0,-107875648.0,69,0.0,138,0.0,2.012,ERR,ERR,ERR,ERR,ERR,ERR,ERR,ERR,ERR,ERR,ERR,ERR,ERR,ERR,ERR,ERR,ERR,ERR,ERR,ERR,ERR,ERR,ERR,ERR,ERR,ERR,ERR,ERR,ERR,ERR,ERR,ERR,ERR,ERR,ERR,ERR,ERR,ERR,ERR,ERR,ERR,ERR,ERR,ERR,ERR,ERR,ERR,ERR,ERR,ERR,ERR,ERR,ERR,ERR,ERR,ERR,ERR,ERR,ERR,ERR,ERR,ERR,ERR,ERR,ERR,ERR,ERR,60.0,60.0,35,0.0,0.0,0.0,0.0,0.0,0.0,0.0,0.0,0.0,0.0,0.0,0.0,0.0,0.0,0.0,0.0,65.2,0,125,60,48,65476,0,65476,1,4,4,20529,65476,0,0,2621,60.0,0.0,0.0,0.0,0.0,0.0
2026-07-09T15:40:36,ERR,ERR,ERR,ERR,ERR,ERR,ERR,ERR,ERR,ERR,ERR,ERR,ERR,ERR,ERR,ERR,ERR,ERR,ERR,ERR,ERR,ERR,ERR,ERR,ERR,ERR,ERR,ERR,ERR,ERR,ERR,ERR,ERR,ERR,ERR,ERR,ERR,ERR,ERR,ERR,ERR,ERR,ERR,ERR,ERR,ERR,ERR,ERR,ERR,ERR,ERR,ERR,ERR,ERR,ERR,ERR,ERR,ERR,ERR,ERR,ERR,ERR,ERR,ERR,ERR,ERR,ERR,ERR,ERR,ERR,ERR,ERR,ERR,ERR,ERR,ERR,ERR,ERR,ERR,ERR,ERR,ERR,ERR,ERR,ERR,ERR,ERR,ERR,ERR,ERR,ERR,ERR,ERR,ERR,ERR,ERR,ERR,ERR,ERR,ERR,ERR,ERR,ERR,ERR,ERR,ERR,ERR,ERR,ERR,ERR,ERR,ERR,ERR,ERR,ERR,ERR,ERR,ERR,ERR,ERR,ERR,ERR,ERR,ERR,ERR,-0.0,0.0,2.718424976836509e+23,0.0,3.3932803898426745e+38,0.0,0.0,0.0,0,0,4,17337,7116,0.0,100,0.0,0.0,2.7183478752108883e+23,0.0,0.0,0,0,0,0,0.0,0,0,0,0,0,0,0,0,0,0,0,0,0,0,0,0,0,0,0,0,0,0,0,0,0,0,0,0,0,0,0,0,0,31,40,40,71,65476,0,300,0,0,8,21553,0.0,-107605600.0,0.0,0.0,0.0,0.0,0.0,0.0,0.0,0.0,0.0,0.0,0.0,0.0,0.0,0.0,0.0,0.0,0.0,0.0,0.0,0.0,0.0,3.697071344610758e+19,0.0,0.0,0.0,0.0,0.0,0.0,5121.0,0.0,6916.0,0.0,0.0,2.004,2.004,0.0,0.0,0.0,0.0,69,0.0,0.0,0.0,0.0,0.0,0.0,0.0,0.0,0.0,0,0,0,0.0,0.0,0.0,0.0,0.0,0.0,0.0,0.0,0.0,0.0,0.0,0.0,0.0,0.0,0.0,0.0,0,-107875648.0,69,0.0,138,0.0,2.012,ERR,ERR,ERR,ERR,ERR,ERR,ERR,ERR,ERR,ERR,ERR,ERR,ERR,ERR,ERR,ERR,ERR,ERR,ERR,ERR,ERR,ERR,ERR,ERR,ERR,ERR,ERR,ERR,ERR,ERR,ERR,ERR,ERR,ERR,ERR,ERR,ERR,ERR,ERR,ERR,ERR,ERR,ERR,ERR,ERR,ERR,ERR,ERR,ERR,ERR,ERR,ERR,ERR,ERR,ERR,ERR,ERR,ERR,ERR,ERR,ERR,ERR,ERR,ERR,ERR,ERR,ERR,60.0,60.0,35,0.0,0.0,0.0,0.0,0.0,0.0,0.0,0.0,0.0,0.0,0.0,0.0,0.0,0.0,0.0,0.0,65.2,0,125,60,48,65476,0,65476,1,4,4,20529,65476,0,0,2621,60.0,0.0,0.0,0.0,0.0,0.0
2026-07-09T15:40:37,ERR,ERR,ERR,ERR,ERR,ERR,ERR,ERR,ERR,ERR,ERR,ERR,ERR,ERR,ERR,ERR,ERR,ERR,ERR,ERR,ERR,ERR,ERR,ERR,ERR,ERR,ERR,ERR,ERR,ERR,ERR,ERR,ERR,ERR,ERR,ERR,ERR,ERR,ERR,ERR,ERR,ERR,ERR,ERR,ERR,ERR,ERR,ERR,ERR,ERR,ERR,ERR,ERR,ERR,ERR,ERR,ERR,ERR,ERR,ERR,ERR,ERR,ERR,ERR,ERR,ERR,ERR,ERR,ERR,ERR,ERR,ERR,ERR,ERR,ERR,ERR,ERR,ERR,ERR,ERR,ERR,ERR,ERR,ERR,ERR,ERR,ERR,ERR,ERR,ERR,ERR,ERR,ERR,ERR,ERR,ERR,ERR,ERR,ERR,ERR,ERR,ERR,ERR,ERR,ERR,ERR,ERR,ERR,ERR,ERR,ERR,ERR,ERR,ERR,ERR,ERR,ERR,ERR,ERR,ERR,ERR,ERR,ERR,ERR,ERR,-0.0,0.0,2.718424976836509e+23,0.0,3.3932803898426745e+38,0.0,0.0,0.0,0,0,4,17337,7116,0.0,100,0.0,0.0,2.7183478752108883e+23,0.0,0.0,0,0,0,0,0.0,0,0,0,0,0,0,0,0,0,0,0,0,0,0,0,0,0,0,0,0,0,0,0,0,0,0,0,0,0,0,0,0,0,31,40,40,71,65476,0,300,0,0,8,21553,0.0,-107605600.0,0.0,0.0,0.0,0.0,0.0,0.0,0.0,0.0,0.0,0.0,0.0,0.0,0.0,0.0,0.0,0.0,0.0,0.0,0.0,0.0,0.0,3.697071344610758e+19,0.0,0.0,0.0,0.0,0.0,0.0,5121.0,0.0,6916.0,0.0,0.0,2.004,2.004,0.0,0.0,0.0,0.0,69,0.0,0.0,0.0,0.0,0.0,0.0,0.0,0.0,0.0,0,0,0,0.0,0.0,0.0,0.0,0.0,0.0,0.0,0.0,0.0,0.0,0.0,0.0,0.0,0.0,0.0,0.0,0,-107875648.0,69,0.0,138,0.0,2.012,ERR,ERR,ERR,ERR,ERR,ERR,ERR,ERR,ERR,ERR,ERR,ERR,ERR,ERR,ERR,ERR,ERR,ERR,ERR,ERR,ERR,ERR,ERR,ERR,ERR,ERR,ERR,ERR,ERR,ERR,ERR,ERR,ERR,ERR,ERR,ERR,ERR,ERR,ERR,ERR,ERR,ERR,ERR,ERR,ERR,ERR,ERR,ERR,ERR,ERR,ERR,ERR,ERR,ERR,ERR,ERR,ERR,ERR,ERR,ERR,ERR,ERR,ERR,ERR,ERR,ERR,ERR,60.0,60.0,35,0.0,0.0,0.0,0.0,0.0,0.0,0.0,0.0,0.0,0.0,0.0,0.0,0.0,0.0,0.0,0.0,65.2,0,125,60,48,65476,0,65476,1,4,4,20529,65476,0,0,2621,60.0,0.0,0.0,0.0,0.0,0.0
2026-07-09T15:40:38,ERR,ERR,ERR,ERR,ERR,ERR,ERR,ERR,ERR,ERR,ERR,ERR,ERR,ERR,ERR,ERR,ERR,ERR,ERR,ERR,ERR,ERR,ERR,ERR,ERR,ERR,ERR,ERR,ERR,ERR,ERR,ERR,ERR,ERR,ERR,ERR,ERR,ERR,ERR,ERR,ERR,ERR,ERR,ERR,ERR,ERR,ERR,ERR,ERR,ERR,ERR,ERR,ERR,ERR,ERR,ERR,ERR,ERR,ERR,ERR,ERR,ERR,ERR,ERR,ERR,ERR,ERR,ERR,ERR,ERR,ERR,ERR,ERR,ERR,ERR,ERR,ERR,ERR,ERR,ERR,ERR,ERR,ERR,ERR,ERR,ERR,ERR,ERR,ERR,ERR,ERR,ERR,ERR,ERR,ERR,ERR,ERR,ERR,ERR,ERR,ERR,ERR,ERR,ERR,ERR,ERR,ERR,ERR,ERR,ERR,ERR,ERR,ERR,ERR,ERR,ERR,ERR,ERR,ERR,ERR,ERR,ERR,ERR,ERR,ERR,-0.0,0.0,2.718424976836509e+23,0.0,3.3932803898426745e+38,0.0,0.0,0.0,0,0,4,17337,7116,0.0,100,0.0,0.0,2.7183478752108883e+23,0.0,0.0,0,0,0,0,0.0,0,0,0,0,0,0,0,0,0,0,0,0,0,0,0,0,0,0,0,0,0,0,0,0,0,0,0,0,0,0,0,0,0,31,40,40,71,65476,0,300,0,0,8,21553,0.0,-107605600.0,0.0,0.0,0.0,0.0,0.0,0.0,0.0,0.0,0.0,0.0,0.0,0.0,0.0,0.0,0.0,0.0,0.0,0.0,0.0,0.0,0.0,3.697071344610758e+19,0.0,0.0,0.0,0.0,0.0,0.0,5121.0,0.0,6916.0,0.0,0.0,2.004,2.004,0.0,0.0,0.0,0.0,69,0.0,0.0,0.0,0.0,0.0,0.0,0.0,0.0,0.0,0,0,0,0.0,0.0,0.0,0.0,0.0,0.0,0.0,0.0,0.0,0.0,0.0,0.0,0.0,0.0,0.0,0.0,0,-107875648.0,69,0.0,138,0.0,2.012,ERR,ERR,ERR,ERR,ERR,ERR,ERR,ERR,ERR,ERR,ERR,ERR,ERR,ERR,ERR,ERR,ERR,ERR,ERR,ERR,ERR,ERR,ERR,ERR,ERR,ERR,ERR,ERR,ERR,ERR,ERR,ERR,ERR,ERR,ERR,ERR,ERR,ERR,ERR,ERR,ERR,ERR,ERR,ERR,ERR,ERR,ERR,ERR,ERR,ERR,ERR,ERR,ERR,ERR,ERR,ERR,ERR,ERR,ERR,ERR,ERR,ERR,ERR,ERR,ERR,ERR,ERR,60.0,60.0,35,0.0,0.0,0.0,0.0,0.0,0.0,0.0,0.0,0.0,0.0,0.0,0.0,0.0,0.0,0.0,0.0,65.2,0,125,60,48,65476,0,65476,1,4,4,20529,65476,0,0,2621,60.0,0.0,0.0,0.0,0.0,0.0
2026-07-09T15:40:39,ERR,ERR,ERR,ERR,ERR,ERR,ERR,ERR,ERR,ERR,ERR,ERR,ERR,ERR,ERR,ERR,ERR,ERR,ERR,ERR,ERR,ERR,ERR,ERR,ERR,ERR,ERR,ERR,ERR,ERR,ERR,ERR,ERR,ERR,ERR,ERR,ERR,ERR,ERR,ERR,ERR,ERR,ERR,ERR,ERR,ERR,ERR,ERR,ERR,ERR,ERR,ERR,ERR,ERR,ERR,ERR,ERR,ERR,ERR,ERR,ERR,ERR,ERR,ERR,ERR,ERR,ERR,ERR,ERR,ERR,ERR,ERR,ERR,ERR,ERR,ERR,ERR,ERR,ERR,ERR,ERR,ERR,ERR,ERR,ERR,ERR,ERR,ERR,ERR,ERR,ERR,ERR,ERR,ERR,ERR,ERR,ERR,ERR,ERR,ERR,ERR,ERR,ERR,ERR,ERR,ERR,ERR,ERR,ERR,ERR,ERR,ERR,ERR,ERR,ERR,ERR,ERR,ERR,ERR,ERR,ERR,ERR,ERR,ERR,ERR,-0.0,0.0,2.718424976836509e+23,0.0,3.3932803898426745e+38,0.0,0.0,0.0,0,0,4,17337,7116,0.0,100,0.0,0.0,2.7183478752108883e+23,0.0,0.0,0,0,0,0,0.0,0,0,0,0,0,0,0,0,0,0,0,0,0,0,0,0,0,0,0,0,0,0,0,0,0,0,0,0,0,0,0,0,0,31,40,40,71,65476,0,300,0,0,8,21553,0.0,-107605600.0,0.0,0.0,0.0,0.0,0.0,0.0,0.0,0.0,0.0,0.0,0.0,0.0,0.0,0.0,0.0,0.0,0.0,0.0,0.0,0.0,0.0,3.697071344610758e+19,0.0,0.0,0.0,0.0,0.0,0.0,5121.0,0.0,6916.0,0.0,0.0,2.004,2.004,0.0,0.0,0.0,0.0,69,0.0,0.0,0.0,0.0,0.0,0.0,0.0,0.0,0.0,0,0,0,0.0,0.0,0.0,0.0,0.0,0.0,0.0,0.0,0.0,0.0,0.0,0.0,0.0,0.0,0.0,0.0,0,-107875648.0,69,0.0,138,0.0,2.012,ERR,ERR,ERR,ERR,ERR,ERR,ERR,ERR,ERR,ERR,ERR,ERR,ERR,ERR,ERR,ERR,ERR,ERR,ERR,ERR,ERR,ERR,ERR,ERR,ERR,ERR,ERR,ERR,ERR,ERR,ERR,ERR,ERR,ERR,ERR,ERR,ERR,ERR,ERR,ERR,ERR,ERR,ERR,ERR,ERR,ERR,ERR,ERR,ERR,ERR,ERR,ERR,ERR,ERR,ERR,ERR,ERR,ERR,ERR,ERR,ERR,ERR,ERR,ERR,ERR,ERR,ERR,60.0,60.0,35,0.0,0.0,0.0,0.0,0.0,0.0,0.0,0.0,0.0,0.0,0.0,0.0,0.0,0.0,0.0,0.0,64.8,0,125,60,48,65476,0,65476,1,4,4,20529,65476,0,0,2621,60.0,0.0,0.0,0.0,0.0,0.0
2026-07-09T15:40:40,ERR,ERR,ERR,ERR,ERR,ERR,ERR,ERR,ERR,ERR,ERR,ERR,ERR,ERR,ERR,ERR,ERR,ERR,ERR,ERR,ERR,ERR,ERR,ERR,ERR,ERR,ERR,ERR,ERR,ERR,ERR,ERR,ERR,ERR,ERR,ERR,ERR,ERR,ERR,ERR,ERR,ERR,ERR,ERR,ERR,ERR,ERR,ERR,ERR,ERR,ERR,ERR,ERR,ERR,ERR,ERR,ERR,ERR,ERR,ERR,ERR,ERR,ERR,ERR,ERR,ERR,ERR,ERR,ERR,ERR,ERR,ERR,ERR,ERR,ERR,ERR,ERR,ERR,ERR,ERR,ERR,ERR,ERR,ERR,ERR,ERR,ERR,ERR,ERR,ERR,ERR,ERR,ERR,ERR,ERR,ERR,ERR,ERR,ERR,ERR,ERR,ERR,ERR,ERR,ERR,ERR,ERR,ERR,ERR,ERR,ERR,ERR,ERR,ERR,ERR,ERR,ERR,ERR,ERR,ERR,ERR,ERR,ERR,ERR,ERR,0.0,-0.0,0.0,0.0,-0.0,385547.25,1.0054169939855125e+38,3.9487955597751904e+20,0,0,4,17338,7116,0.0,100,0.0,0.0,0.0,0.0,0.0,0,0,0,0,0.0,0,0,0,0,0,0,0,0,0,0,0,0,0,0,0,0,0,0,0,0,0,0,0,0,0,0,0,0,0,0,0,0,0,31,40,40,71,65476,0,300,0,0,8,21553,0.0,-107605600.0,0.0,0.0,0.0,0.0,0.0,0.0,0.0,0.0,0.0,0.0,0.0,0.0,0.0,0.0,0.0,0.0,0.0,0.0,0.0,0.0,-2.004,-0.0,0.0,0.0,0.0,0.0,0.0,0.0,5139.0,2.004,6920.0,0.0,-0.0,2.004,2.004,0.0,0.0,0.0,0.0,69,-0.059,0.059,0.0,0.0,0.0,0.0,0.0,0.0,0.0,0,0,0,0.0,0.0,0.0,0.0,0.0,0.0,0.0,0.0,0.0,0.0,0.0,0.0,0.0,0.0,0.0,0.0,0,-107875648.0,69,0.0,138,0.0,2.012,ERR,ERR,ERR,ERR,ERR,ERR,ERR,ERR,ERR,ERR,ERR,ERR,ERR,ERR,ERR,ERR,ERR,ERR,ERR,ERR,ERR,ERR,ERR,ERR,ERR,ERR,ERR,ERR,ERR,ERR,ERR,ERR,ERR,ERR,ERR,ERR,ERR,ERR,ERR,ERR,ERR,ERR,ERR,ERR,ERR,ERR,ERR,ERR,ERR,ERR,ERR,ERR,ERR,ERR,ERR,ERR,ERR,ERR,ERR,ERR,ERR,ERR,ERR,ERR,ERR,ERR,ERR,60.0,60.0,35,0.0,0.0,0.0,0.0,0.0,0.0,0.0,0.0,0.0,0.0,0.0,0.0,0.0,0.0,0.0,0.0,64.8,0,125,60,48,65476,0,65476,1,4,4,20529,65476,0,0,2621,60.0,0.0,0.0,0.0,0.0,0.0
2026-07-09T15:40:41,ERR,ERR,ERR,ERR,ERR,ERR,ERR,ERR,ERR,ERR,ERR,ERR,ERR,ERR,ERR,ERR,ERR,ERR,ERR,ERR,ERR,ERR,ERR,ERR,ERR,ERR,ERR,ERR,ERR,ERR,ERR,ERR,ERR,ERR,ERR,ERR,ERR,ERR,ERR,ERR,ERR,ERR,ERR,ERR,ERR,ERR,ERR,ERR,ERR,ERR,ERR,ERR,ERR,ERR,ERR,ERR,ERR,ERR,ERR,ERR,ERR,ERR,ERR,ERR,ERR,ERR,ERR,ERR,ERR,ERR,ERR,ERR,ERR,ERR,ERR,ERR,ERR,ERR,ERR,ERR,ERR,ERR,ERR,ERR,ERR,ERR,ERR,ERR,ERR,ERR,ERR,ERR,ERR,ERR,ERR,ERR,ERR,ERR,ERR,ERR,ERR,ERR,ERR,ERR,ERR,ERR,ERR,ERR,ERR,ERR,ERR,ERR,ERR,ERR,ERR,ERR,ERR,ERR,ERR,ERR,ERR,ERR,ERR,ERR,ERR,0.0,-0.0,0.0,0.0,-0.0,385547.25,1.0054169939855125e+38,3.9487955597751904e+20,0,0,4,17338,7116,0.0,100,0.0,0.0,0.0,0.0,0.0,0,0,0,0,0.0,0,0,0,0,0,0,0,0,0,0,0,0,0,0,0,0,0,0,0,0,0,0,0,0,0,0,0,0,0,0,0,0,0,31,40,40,71,65476,0,300,0,0,8,21553,0.0,-107605600.0,0.0,0.0,0.0,0.0,0.0,0.0,0.0,0.0,0.0,0.0,0.0,0.0,0.0,0.0,0.0,0.0,0.0,0.0,0.0,0.0,-2.004,-0.0,0.0,0.0,0.0,0.0,0.0,0.0,5139.0,2.004,6920.0,0.0,-0.0,2.004,2.004,0.0,0.0,0.0,0.0,69,-0.059,0.059,0.0,0.0,0.0,0.0,0.0,0.0,0.0,0,0,0,0.0,0.0,0.0,0.0,0.0,0.0,0.0,0.0,0.0,0.0,0.0,0.0,0.0,0.0,0.0,0.0,0,-107875648.0,69,0.0,138,0.0,2.012,ERR,ERR,ERR,ERR,ERR,ERR,ERR,ERR,ERR,ERR,ERR,ERR,ERR,ERR,ERR,ERR,ERR,ERR,ERR,ERR,ERR,ERR,ERR,ERR,ERR,ERR,ERR,ERR,ERR,ERR,ERR,ERR,ERR,ERR,ERR,ERR,ERR,ERR,ERR,ERR,ERR,ERR,ERR,ERR,ERR,ERR,ERR,ERR,ERR,ERR,ERR,ERR,ERR,ERR,ERR,ERR,ERR,ERR,ERR,ERR,ERR,ERR,ERR,ERR,ERR,ERR,ERR,60.0,60.0,35,0.0,0.0,0.0,0.0,0.0,0.0,0.0,0.0,0.0,0.0,0.0,0.0,0.0,0.0,0.0,0.0,64.8,0,125,60,48,65476,0,65476,1,4,4,20529,65476,0,0,2621,60.0,0.0,0.0,0.0,0.0,0.0
2026-07-09T15:40:42,ERR,ERR,ERR,ERR,ERR,ERR,ERR,ERR,ERR,ERR,ERR,ERR,ERR,ERR,ERR,ERR,ERR,ERR,ERR,ERR,ERR,ERR,ERR,ERR,ERR,ERR,ERR,ERR,ERR,ERR,ERR,ERR,ERR,ERR,ERR,ERR,ERR,ERR,ERR,ERR,ERR,ERR,ERR,ERR,ERR,ERR,ERR,ERR,ERR,ERR,ERR,ERR,ERR,ERR,ERR,ERR,ERR,ERR,ERR,ERR,ERR,ERR,ERR,ERR,ERR,ERR,ERR,ERR,ERR,ERR,ERR,ERR,ERR,ERR,ERR,ERR,ERR,ERR,ERR,ERR,ERR,ERR,ERR,ERR,ERR,ERR,ERR,ERR,ERR,ERR,ERR,ERR,ERR,ERR,ERR,ERR,ERR,ERR,ERR,ERR,ERR,ERR,ERR,ERR,ERR,ERR,ERR,ERR,ERR,ERR,ERR,ERR,ERR,ERR,ERR,ERR,ERR,ERR,ERR,ERR,ERR,ERR,ERR,ERR,ERR,0.0,-0.0,0.0,0.0,-0.0,385547.25,1.0054169939855125e+38,3.9487955597751904e+20,0,0,4,17338,7116,0.0,100,0.0,0.0,0.0,0.0,0.0,0,0,0,0,0.0,0,0,0,0,0,0,0,0,0,0,0,0,0,0,0,0,0,0,0,0,0,0,0,0,0,0,0,0,0,0,0,0,0,31,40,40,71,65476,0,300,0,0,8,21553,0.0,-107605600.0,0.0,0.0,0.0,0.0,0.0,0.0,0.0,0.0,0.0,0.0,0.0,0.0,0.0,0.0,0.0,0.0,0.0,0.0,0.0,0.0,-2.004,-0.0,0.0,0.0,0.0,0.0,0.0,0.0,5139.0,2.004,6920.0,0.0,-0.0,2.004,2.004,0.0,0.0,0.0,0.0,69,-0.059,0.059,0.0,0.0,0.0,0.0,0.0,0.0,0.0,0,0,0,0.0,0.0,0.0,0.0,0.0,0.0,0.0,0.0,0.0,0.0,0.0,0.0,0.0,0.0,0.0,0.0,0,-107875648.0,69,0.0,138,0.0,2.012,ERR,ERR,ERR,ERR,ERR,ERR,ERR,ERR,ERR,ERR,ERR,ERR,ERR,ERR,ERR,ERR,ERR,ERR,ERR,ERR,ERR,ERR,ERR,ERR,ERR,ERR,ERR,ERR,ERR,ERR,ERR,ERR,ERR,ERR,ERR,ERR,ERR,ERR,ERR,ERR,ERR,ERR,ERR,ERR,ERR,ERR,ERR,ERR,ERR,ERR,ERR,ERR,ERR,ERR,ERR,ERR,ERR,ERR,ERR,ERR,ERR,ERR,ERR,ERR,ERR,ERR,ERR,60.0,60.0,35,0.0,0.0,0.0,0.0,0.0,0.0,0.0,0.0,0.0,0.0,0.0,0.0,0.0,0.0,0.0,0.0,65.2,0,125,60,48,65476,0,65476,1,4,4,20529,65476,0,0,2621,60.0,0.0,0.0,0.0,0.0,0.0
2026-07-09T15:40:43,ERR,ERR,ERR,ERR,ERR,ERR,ERR,ERR,ERR,ERR,ERR,ERR,ERR,ERR,ERR,ERR,ERR,ERR,ERR,ERR,ERR,ERR,ERR,ERR,ERR,ERR,ERR,ERR,ERR,ERR,ERR,ERR,ERR,ERR,ERR,ERR,ERR,ERR,ERR,ERR,ERR,ERR,ERR,ERR,ERR,ERR,ERR,ERR,ERR,ERR,ERR,ERR,ERR,ERR,ERR,ERR,ERR,ERR,ERR,ERR,ERR,ERR,ERR,ERR,ERR,ERR,ERR,ERR,ERR,ERR,ERR,ERR,ERR,ERR,ERR,ERR,ERR,ERR,ERR,ERR,ERR,ERR,ERR,ERR,ERR,ERR,ERR,ERR,ERR,ERR,ERR,ERR,ERR,ERR,ERR,ERR,ERR,ERR,ERR,ERR,ERR,ERR,ERR,ERR,ERR,ERR,ERR,ERR,ERR,ERR,ERR,ERR,ERR,ERR,ERR,ERR,ERR,ERR,ERR,ERR,ERR,ERR,ERR,ERR,ERR,0.0,-0.0,0.0,0.0,-0.0,385547.25,1.0054169939855125e+38,3.9487955597751904e+20,0,0,4,17338,7116,0.0,100,0.0,0.0,0.0,0.0,0.0,0,0,0,0,0.0,0,0,0,0,0,0,0,0,0,0,0,0,0,0,0,0,0,0,0,0,0,0,0,0,0,0,0,0,0,0,0,0,0,31,40,40,71,65476,0,300,0,0,8,21553,0.0,-107605600.0,0.0,0.0,0.0,0.0,0.0,0.0,0.0,0.0,0.0,0.0,0.0,0.0,0.0,0.0,0.0,0.0,0.0,0.0,0.0,0.0,-2.004,-0.0,0.0,0.0,0.0,0.0,0.0,0.0,5139.0,2.004,6920.0,0.0,-0.0,2.004,2.004,0.0,0.0,0.0,0.0,69,-0.059,0.059,0.0,0.0,0.0,0.0,0.0,0.0,0.0,0,0,0,0.0,0.0,0.0,0.0,0.0,0.0,0.0,0.0,0.0,0.0,0.0,0.0,0.0,0.0,0.0,0.0,0,-107875648.0,69,0.0,138,0.0,2.012,ERR,ERR,ERR,ERR,ERR,ERR,ERR,ERR,ERR,ERR,ERR,ERR,ERR,ERR,ERR,ERR,ERR,ERR,ERR,ERR,ERR,ERR,ERR,ERR,ERR,ERR,ERR,ERR,ERR,ERR,ERR,ERR,ERR,ERR,ERR,ERR,ERR,ERR,ERR,ERR,ERR,ERR,ERR,ERR,ERR,ERR,ERR,ERR,ERR,ERR,ERR,ERR,ERR,ERR,ERR,ERR,ERR,ERR,ERR,ERR,ERR,ERR,ERR,ERR,ERR,ERR,ERR,60.0,60.0,35,0.0,0.0,0.0,0.0,0.0,0.0,0.0,0.0,0.0,0.0,0.0,0.0,0.0,0.0,0.0,0.0,65.2,0,125,60,48,65476,0,65476,1,4,4,20529,65476,0,0,2621,60.0,0.0,0.0,0.0,0.0,0.0
2026-07-09T15:40:44,ERR,ERR,ERR,ERR,ERR,ERR,ERR,ERR,ERR,ERR,ERR,ERR,ERR,ERR,ERR,ERR,ERR,ERR,ERR,ERR,ERR,ERR,ERR,ERR,ERR,ERR,ERR,ERR,ERR,ERR,ERR,ERR,ERR,ERR,ERR,ERR,ERR,ERR,ERR,ERR,ERR,ERR,ERR,ERR,ERR,ERR,ERR,ERR,ERR,ERR,ERR,ERR,ERR,ERR,ERR,ERR,ERR,ERR,ERR,ERR,ERR,ERR,ERR,ERR,ERR,ERR,ERR,ERR,ERR,ERR,ERR,ERR,ERR,ERR,ERR,ERR,ERR,ERR,ERR,ERR,ERR,ERR,ERR,ERR,ERR,ERR,ERR,ERR,ERR,ERR,ERR,ERR,ERR,ERR,ERR,ERR,ERR,ERR,ERR,ERR,ERR,ERR,ERR,ERR,ERR,ERR,ERR,ERR,ERR,ERR,ERR,ERR,ERR,ERR,ERR,ERR,ERR,ERR,ERR,ERR,ERR,ERR,ERR,ERR,ERR,0.0,-0.0,0.0,0.0,-0.0,385547.25,1.0054169939855125e+38,3.9487955597751904e+20,0,0,4,17338,7116,0.0,100,0.0,0.0,0.0,0.0,0.0,0,0,0,0,0.0,0,0,0,0,0,0,0,0,0,0,0,0,0,0,0,0,0,0,0,0,0,0,0,0,0,0,0,0,0,0,0,0,0,31,40,40,71,65476,0,300,0,0,8,21553,0.0,-107605600.0,0.0,0.0,0.0,0.0,0.0,0.0,0.0,0.0,0.0,0.0,0.0,0.0,0.0,0.0,0.0,0.0,0.0,0.0,0.0,0.0,-2.004,-0.0,0.0,0.0,0.0,0.0,0.0,0.0,5139.0,2.004,6920.0,0.0,-0.0,2.004,2.004,0.0,0.0,0.0,0.0,69,-0.059,0.059,0.0,0.0,0.0,0.0,0.0,0.0,0.0,0,0,0,0.0,0.0,0.0,0.0,0.0,0.0,0.0,0.0,0.0,0.0,0.0,0.0,0.0,0.0,0.0,0.0,0,-107875648.0,69,0.0,138,0.0,2.012,ERR,ERR,ERR,ERR,ERR,ERR,ERR,ERR,ERR,ERR,ERR,ERR,ERR,ERR,ERR,ERR,ERR,ERR,ERR,ERR,ERR,ERR,ERR,ERR,ERR,ERR,ERR,ERR,ERR,ERR,ERR,ERR,ERR,ERR,ERR,ERR,ERR,ERR,ERR,ERR,ERR,ERR,ERR,ERR,ERR,ERR,ERR,ERR,ERR,ERR,ERR,ERR,ERR,ERR,ERR,ERR,ERR,ERR,ERR,ERR,ERR,ERR,ERR,ERR,ERR,ERR,ERR,60.0,60.0,35,0.0,0.0,0.0,0.0,0.0,0.0,0.0,0.0,0.0,0.0,0.0,0.0,0.0,0.0,0.0,0.0,64.8,0,125,60,48,65476,0,65476,1,4,4,20529,65476,0,0,2621,60.0,0.0,0.0,0.0,0.0,0.0
2026-07-09T15:40:45,ERR,ERR,ERR,ERR,ERR,ERR,ERR,ERR,ERR,ERR,ERR,ERR,ERR,ERR,ERR,ERR,ERR,ERR,ERR,ERR,ERR,ERR,ERR,ERR,ERR,ERR,ERR,ERR,ERR,ERR,ERR,ERR,ERR,ERR,ERR,ERR,ERR,ERR,ERR,ERR,ERR,ERR,ERR,ERR,ERR,ERR,ERR,ERR,ERR,ERR,ERR,ERR,ERR,ERR,ERR,ERR,ERR,ERR,ERR,ERR,ERR,ERR,ERR,ERR,ERR,ERR,ERR,ERR,ERR,ERR,ERR,ERR,ERR,ERR,ERR,ERR,ERR,ERR,ERR,ERR,ERR,ERR,ERR,ERR,ERR,ERR,ERR,ERR,ERR,ERR,ERR,ERR,ERR,ERR,ERR,ERR,ERR,ERR,ERR,ERR,ERR,ERR,ERR,ERR,ERR,ERR,ERR,ERR,ERR,ERR,ERR,ERR,ERR,ERR,ERR,ERR,ERR,ERR,ERR,ERR,ERR,ERR,ERR,ERR,ERR,0.0,-107616144.0,2.7302312533316532e+23,0.0,0.0,-1344320384.0,0.0,28756371456.0,0,0,4,17342,7116,0.0,100,0.0,0.0,0.0,0.0,0.0,0,0,0,0,0.0,0,0,0,0,0,0,0,0,0,0,0,0,0,0,0,0,0,0,0,0,0,0,0,0,0,0,0,0,0,0,0,0,0,31,40,40,71,65476,0,300,0,0,8,21553,0.0,-107605600.0,0.0,0.0,0.0,0.0,0.0,0.0,0.0,0.0,0.0,0.0,0.0,0.0,0.0,0.0,0.0,0.0,0.0,0.0,0.0,0.0,-0.0,-2.004,0.0,0.0,0.0,0.0,0.0,0.0,5120.0,-0.0,6930.0,-107615104.0,-107616144.0,2.004,2.004,0.0,0.0,0.0,0.0,69,5.8480794516081455e+35,-0.0,0.0,0.0,0.0,0.0,0.0,0.0,0.0,0,0,0,0.0,0.0,0.0,0.0,0.0,0.0,0.0,0.0,0.0,0.0,0.0,0.0,0.0,0.0,0.0,0.0,0,-107875648.0,69,0.0,138,0.0,2.012,ERR,ERR,ERR,ERR,ERR,ERR,ERR,ERR,ERR,ERR,ERR,ERR,ERR,ERR,ERR,ERR,ERR,ERR,ERR,ERR,ERR,ERR,ERR,ERR,ERR,ERR,ERR,ERR,ERR,ERR,ERR,ERR,ERR,ERR,ERR,ERR,ERR,ERR,ERR,ERR,ERR,ERR,ERR,ERR,ERR,ERR,ERR,ERR,ERR,ERR,ERR,ERR,ERR,ERR,ERR,ERR,ERR,ERR,ERR,ERR,ERR,ERR,ERR,ERR,ERR,ERR,ERR,60.0,60.0,35,0.0,0.0,0.0,0.0,0.0,0.0,0.0,0.0,0.0,0.0,0.0,0.0,0.0,0.0,0.0,0.0,64.8,0,124,60,48,65476,0,65476,1,4,4,20529,65476,0,0,2621,60.0,0.0,0.0,0.0,0.0,0.0
2026-07-09T15:40:46,ERR,ERR,ERR,ERR,ERR,ERR,ERR,ERR,ERR,ERR,ERR,ERR,ERR,ERR,ERR,ERR,ERR,ERR,ERR,ERR,ERR,ERR,ERR,ERR,ERR,ERR,ERR,ERR,ERR,ERR,ERR,ERR,ERR,ERR,ERR,ERR,ERR,ERR,ERR,ERR,ERR,ERR,ERR,ERR,ERR,ERR,ERR,ERR,ERR,ERR,ERR,ERR,ERR,ERR,ERR,ERR,ERR,ERR,ERR,ERR,ERR,ERR,ERR,ERR,ERR,ERR,ERR,ERR,ERR,ERR,ERR,ERR,ERR,ERR,ERR,ERR,ERR,ERR,ERR,ERR,ERR,ERR,ERR,ERR,ERR,ERR,ERR,ERR,ERR,ERR,ERR,ERR,ERR,ERR,ERR,ERR,ERR,ERR,ERR,ERR,ERR,ERR,ERR,ERR,ERR,ERR,ERR,ERR,ERR,ERR,ERR,ERR,ERR,ERR,ERR,ERR,ERR,ERR,ERR,ERR,ERR,ERR,ERR,ERR,ERR,0.0,-107616144.0,2.7302312533316532e+23,0.0,0.0,-1344320384.0,0.0,28756371456.0,0,0,4,17342,7116,0.0,100,0.0,0.0,0.0,0.0,0.0,0,0,0,0,0.0,0,0,0,0,0,0,0,0,0,0,0,0,0,0,0,0,0,0,0,0,0,0,0,0,0,0,0,0,0,0,0,0,0,31,40,40,71,65476,0,300,0,0,8,21553,0.0,-107605600.0,0.0,0.0,0.0,0.0,0.0,0.0,0.0,0.0,0.0,0.0,0.0,0.0,0.0,0.0,0.0,0.0,0.0,0.0,0.0,0.0,-0.0,-2.004,0.0,0.0,0.0,0.0,0.0,0.0,5120.0,-0.0,6930.0,-107615104.0,-107616144.0,2.004,2.004,0.0,0.0,0.0,0.0,69,5.8480794516081455e+35,-0.0,0.0,0.0,0.0,0.0,0.0,0.0,0.0,0,0,0,0.0,0.0,0.0,0.0,0.0,0.0,0.0,0.0,0.0,0.0,0.0,0.0,0.0,0.0,0.0,0.0,0,-107875648.0,69,0.0,138,0.0,2.012,ERR,ERR,ERR,ERR,ERR,ERR,ERR,ERR,ERR,ERR,ERR,ERR,ERR,ERR,ERR,ERR,ERR,ERR,ERR,ERR,ERR,ERR,ERR,ERR,ERR,ERR,ERR,ERR,ERR,ERR,ERR,ERR,ERR,ERR,ERR,ERR,ERR,ERR,ERR,ERR,ERR,ERR,ERR,ERR,ERR,ERR,ERR,ERR,ERR,ERR,ERR,ERR,ERR,ERR,ERR,ERR,ERR,ERR,ERR,ERR,ERR,ERR,ERR,ERR,ERR,ERR,ERR,60.0,60.0,35,0.0,0.0,0.0,0.0,0.0,0.0,0.0,0.0,0.0,0.0,0.0,0.0,0.0,0.0,0.0,0.0,64.8,0,124,60,48,65476,0,65476,1,4,4,20529,65476,0,0,2621,60.0,0.0,0.0,0.0,0.0,0.0
2026-07-09T15:40:47,ERR,ERR,ERR,ERR,ERR,ERR,ERR,ERR,ERR,ERR,ERR,ERR,ERR,ERR,ERR,ERR,ERR,ERR,ERR,ERR,ERR,ERR,ERR,ERR,ERR,ERR,ERR,ERR,ERR,ERR,ERR,ERR,ERR,ERR,ERR,ERR,ERR,ERR,ERR,ERR,ERR,ERR,ERR,ERR,ERR,ERR,ERR,ERR,ERR,ERR,ERR,ERR,ERR,ERR,ERR,ERR,ERR,ERR,ERR,ERR,ERR,ERR,ERR,ERR,ERR,ERR,ERR,ERR,ERR,ERR,ERR,ERR,ERR,ERR,ERR,ERR,ERR,ERR,ERR,ERR,ERR,ERR,ERR,ERR,ERR,ERR,ERR,ERR,ERR,ERR,ERR,ERR,ERR,ERR,ERR,ERR,ERR,ERR,ERR,ERR,ERR,ERR,ERR,ERR,ERR,ERR,ERR,ERR,ERR,ERR,ERR,ERR,ERR,ERR,ERR,ERR,ERR,ERR,ERR,ERR,ERR,ERR,ERR,ERR,ERR,0.0,-107616144.0,2.7302312533316532e+23,0.0,0.0,-1344320384.0,0.0,28756371456.0,0,0,4,17342,7116,0.0,100,0.0,0.0,0.0,0.0,0.0,0,0,0,0,0.0,0,0,0,0,0,0,0,0,0,0,0,0,0,0,0,0,0,0,0,0,0,0,0,0,0,0,0,0,0,0,0,0,0,31,40,40,71,65476,0,300,0,0,8,21553,0.0,-107605600.0,0.0,0.0,0.0,0.0,0.0,0.0,0.0,0.0,0.0,0.0,0.0,0.0,0.0,0.0,0.0,0.0,0.0,0.0,0.0,0.0,-0.0,-2.004,0.0,0.0,0.0,0.0,0.0,0.0,5120.0,-0.0,6930.0,-107615104.0,-107616144.0,2.004,2.004,0.0,0.0,0.0,0.0,69,5.8480794516081455e+35,-0.0,0.0,0.0,0.0,0.0,0.0,0.0,0.0,0,0,0,0.0,0.0,0.0,0.0,0.0,0.0,0.0,0.0,0.0,0.0,0.0,0.0,0.0,0.0,0.0,0.0,0,-107875648.0,69,0.0,138,0.0,2.012,ERR,ERR,ERR,ERR,ERR,ERR,ERR,ERR,ERR,ERR,ERR,ERR,ERR,ERR,ERR,ERR,ERR,ERR,ERR,ERR,ERR,ERR,ERR,ERR,ERR,ERR,ERR,ERR,ERR,ERR,ERR,ERR,ERR,ERR,ERR,ERR,ERR,ERR,ERR,ERR,ERR,ERR,ERR,ERR,ERR,ERR,ERR,ERR,ERR,ERR,ERR,ERR,ERR,ERR,ERR,ERR,ERR,ERR,ERR,ERR,ERR,ERR,ERR,ERR,ERR,ERR,ERR,60.0,60.0,35,0.0,0.0,0.0,0.0,0.0,0.0,0.0,0.0,0.0,0.0,0.0,0.0,0.0,0.0,0.0,0.0,65.2,0,124,60,48,65476,0,65476,1,4,4,20529,65476,0,0,2621,60.0,0.0,0.0,0.0,0.0,0.0
2026-07-09T15:40:48,ERR,ERR,ERR,ERR,ERR,ERR,ERR,ERR,ERR,ERR,ERR,ERR,ERR,ERR,ERR,ERR,ERR,ERR,ERR,ERR,ERR,ERR,ERR,ERR,ERR,ERR,ERR,ERR,ERR,ERR,ERR,ERR,ERR,ERR,ERR,ERR,ERR,ERR,ERR,ERR,ERR,ERR,ERR,ERR,ERR,ERR,ERR,ERR,ERR,ERR,ERR,ERR,ERR,ERR,ERR,ERR,ERR,ERR,ERR,ERR,ERR,ERR,ERR,ERR,ERR,ERR,ERR,ERR,ERR,ERR,ERR,ERR,ERR,ERR,ERR,ERR,ERR,ERR,ERR,ERR,ERR,ERR,ERR,ERR,ERR,ERR,ERR,ERR,ERR,ERR,ERR,ERR,ERR,ERR,ERR,ERR,ERR,ERR,ERR,ERR,ERR,ERR,ERR,ERR,ERR,ERR,ERR,ERR,ERR,ERR,ERR,ERR,ERR,ERR,ERR,ERR,ERR,ERR,ERR,ERR,ERR,ERR,ERR,ERR,ERR,0.0,-107616144.0,2.7302312533316532e+23,0.0,0.0,-1344320384.0,0.0,28756371456.0,0,0,4,17342,7116,0.0,100,0.0,0.0,0.0,0.0,0.0,0,0,0,0,0.0,0,0,0,0,0,0,0,0,0,0,0,0,0,0,0,0,0,0,0,0,0,0,0,0,0,0,0,0,0,0,0,0,0,31,40,40,71,65476,0,300,0,0,8,21553,0.0,-107605600.0,0.0,0.0,0.0,0.0,0.0,0.0,0.0,0.0,0.0,0.0,0.0,0.0,0.0,0.0,0.0,0.0,0.0,0.0,0.0,0.0,-0.0,-2.004,0.0,0.0,0.0,0.0,0.0,0.0,5120.0,-0.0,6930.0,-107615104.0,-107616144.0,2.004,2.004,0.0,0.0,0.0,0.0,69,5.8480794516081455e+35,-0.0,0.0,0.0,0.0,0.0,0.0,0.0,0.0,0,0,0,0.0,0.0,0.0,0.0,0.0,0.0,0.0,0.0,0.0,0.0,0.0,0.0,0.0,0.0,0.0,0.0,0,-107875648.0,69,0.0,138,0.0,2.012,ERR,ERR,ERR,ERR,ERR,ERR,ERR,ERR,ERR,ERR,ERR,ERR,ERR,ERR,ERR,ERR,ERR,ERR,ERR,ERR,ERR,ERR,ERR,ERR,ERR,ERR,ERR,ERR,ERR,ERR,ERR,ERR,ERR,ERR,ERR,ERR,ERR,ERR,ERR,ERR,ERR,ERR,ERR,ERR,ERR,ERR,ERR,ERR,ERR,ERR,ERR,ERR,ERR,ERR,ERR,ERR,ERR,ERR,ERR,ERR,ERR,ERR,ERR,ERR,ERR,ERR,ERR,60.0,60.0,35,0.0,0.0,0.0,0.0,0.0,0.0,0.0,0.0,0.0,0.0,0.0,0.0,0.0,0.0,0.0,0.0,65.2,0,124,60,48,65476,0,65476,1,4,4,20529,65476,0,0,2621,60.0,0.0,0.0,0.0,0.0,0.0
2026-07-09T15:40:49,ERR,ERR,ERR,ERR,ERR,ERR,ERR,ERR,ERR,ERR,ERR,ERR,ERR,ERR,ERR,ERR,ERR,ERR,ERR,ERR,ERR,ERR,ERR,ERR,ERR,ERR,ERR,ERR,ERR,ERR,ERR,ERR,ERR,ERR,ERR,ERR,ERR,ERR,ERR,ERR,ERR,ERR,ERR,ERR,ERR,ERR,ERR,ERR,ERR,ERR,ERR,ERR,ERR,ERR,ERR,ERR,ERR,ERR,ERR,ERR,ERR,ERR,ERR,ERR,ERR,ERR,ERR,ERR,ERR,ERR,ERR,ERR,ERR,ERR,ERR,ERR,ERR,ERR,ERR,ERR,ERR,ERR,ERR,ERR,ERR,ERR,ERR,ERR,ERR,ERR,ERR,ERR,ERR,ERR,ERR,ERR,ERR,ERR,ERR,ERR,ERR,ERR,ERR,ERR,ERR,ERR,ERR,ERR,ERR,ERR,ERR,ERR,ERR,ERR,ERR,ERR,ERR,ERR,ERR,ERR,ERR,ERR,ERR,ERR,ERR,0.0,-107616144.0,2.7302312533316532e+23,0.0,0.0,-1344320384.0,0.0,28756371456.0,0,0,4,17342,7116,0.0,100,0.0,0.0,0.0,0.0,0.0,0,0,0,0,0.0,0,0,0,0,0,0,0,0,0,0,0,0,0,0,0,0,0,0,0,0,0,0,0,0,0,0,0,0,0,0,0,0,0,31,40,40,71,65476,0,300,0,0,8,21553,0.0,-107605600.0,0.0,0.0,0.0,0.0,0.0,0.0,0.0,0.0,0.0,0.0,0.0,0.0,0.0,0.0,0.0,0.0,0.0,0.0,0.0,0.0,-0.0,-2.004,0.0,0.0,0.0,0.0,0.0,0.0,5120.0,-0.0,6930.0,-107615104.0,-107616144.0,2.004,2.004,0.0,0.0,0.0,0.0,69,5.8480794516081455e+35,-0.0,0.0,0.0,0.0,0.0,0.0,0.0,0.0,0,0,0,0.0,0.0,0.0,0.0,0.0,0.0,0.0,0.0,0.0,0.0,0.0,0.0,0.0,0.0,0.0,0.0,0,-107875648.0,69,0.0,138,0.0,2.012,ERR,ERR,ERR,ERR,ERR,ERR,ERR,ERR,ERR,ERR,ERR,ERR,ERR,ERR,ERR,ERR,ERR,ERR,ERR,ERR,ERR,ERR,ERR,ERR,ERR,ERR,ERR,ERR,ERR,ERR,ERR,ERR,ERR,ERR,ERR,ERR,ERR,ERR,ERR,ERR,ERR,ERR,ERR,ERR,ERR,ERR,ERR,ERR,ERR,ERR,ERR,ERR,ERR,ERR,ERR,ERR,ERR,ERR,ERR,ERR,ERR,ERR,ERR,ERR,ERR,ERR,ERR,60.0,60.0,35,0.0,0.0,0.0,0.0,0.0,0.0,0.0,0.0,0.0,0.0,0.0,0.0,0.0,0.0,0.0,0.0,64.8,0,124,60,48,65476,0,65476,1,4,4,20529,65476,0,0,2621,60.0,0.0,0.0,0.0,0.0,0.0
2026-07-09T15:40:50,ERR,ERR,ERR,ERR,ERR,ERR,ERR,ERR,ERR,ERR,ERR,ERR,ERR,ERR,ERR,ERR,ERR,ERR,ERR,ERR,ERR,ERR,ERR,ERR,ERR,ERR,ERR,ERR,ERR,ERR,ERR,ERR,ERR,ERR,ERR,ERR,ERR,ERR,ERR,ERR,ERR,ERR,ERR,ERR,ERR,ERR,ERR,ERR,ERR,ERR,ERR,ERR,ERR,ERR,ERR,ERR,ERR,ERR,ERR,ERR,ERR,ERR,ERR,ERR,ERR,ERR,ERR,ERR,ERR,ERR,ERR,ERR,ERR,ERR,ERR,ERR,ERR,ERR,ERR,ERR,ERR,ERR,ERR,ERR,ERR,ERR,ERR,ERR,ERR,ERR,ERR,ERR,ERR,ERR,ERR,ERR,ERR,ERR,ERR,ERR,ERR,ERR,ERR,ERR,ERR,ERR,ERR,ERR,ERR,ERR,ERR,ERR,ERR,ERR,ERR,ERR,ERR,ERR,ERR,ERR,ERR,ERR,ERR,ERR,ERR,-107615104.0,0.0,-0.0,0.0,-2.9432019282596305e+20,-0.0,-3.899470511397195e+26,-0.0,0,0,4,17339,7116,0.0,100,0.0,0.0,0.0,0.0,0.0,0,0,0,0,0.0,0,0,0,0,0,0,0,0,0,0,0,0,0,0,0,0,0,0,0,0,0,0,0,0,0,0,0,0,0,0,0,0,0,31,40,40,71,65476,0,300,0,0,8,21553,0.0,-107605600.0,0.0,0.0,0.0,0.0,0.0,0.0,0.0,0.0,0.0,0.0,0.0,0.0,0.0,0.0,0.0,0.0,0.0,0.0,0.0,0.0,-0.0,0.0,0.0,0.0,0.0,0.0,0.0,0.0,5129.0,-1.0406658760329878e+34,6943.0,-107615104.0,0.0,2.004,2.004,0.0,0.0,0.0,0.0,69,0.0,0.0,0.0,0.0,0.0,0.0,0.0,0.0,0.0,0,0,0,0.0,0.0,0.0,0.0,0.0,0.0,0.0,0.0,0.0,0.0,0.0,0.0,0.0,0.0,0.0,0.0,0,-107875648.0,69,0.0,138,0.0,2.012,ERR,ERR,ERR,ERR,ERR,ERR,ERR,ERR,ERR,ERR,ERR,ERR,ERR,ERR,ERR,ERR,ERR,ERR,ERR,ERR,ERR,ERR,ERR,ERR,ERR,ERR,ERR,ERR,ERR,ERR,ERR,ERR,ERR,ERR,ERR,ERR,ERR,ERR,ERR,ERR,ERR,ERR,ERR,ERR,ERR,ERR,ERR,ERR,ERR,ERR,ERR,ERR,ERR,ERR,ERR,ERR,ERR,ERR,ERR,ERR,ERR,ERR,ERR,ERR,ERR,ERR,ERR,60.0,60.0,35,0.0,0.0,0.0,0.0,0.0,0.0,0.0,0.0,0.0,0.0,0.0,0.0,0.0,0.0,0.0,0.0,64.8,0,124,60,48,65476,0,65476,1,4,4,20529,65476,0,0,2621,60.0,0.0,0.0,0.0,0.0,0.0
2026-07-09T15:40:51,ERR,ERR,ERR,ERR,ERR,ERR,ERR,ERR,ERR,ERR,ERR,ERR,ERR,ERR,ERR,ERR,ERR,ERR,ERR,ERR,ERR,ERR,ERR,ERR,ERR,ERR,ERR,ERR,ERR,ERR,ERR,ERR,ERR,ERR,ERR,ERR,ERR,ERR,ERR,ERR,ERR,ERR,ERR,ERR,ERR,ERR,ERR,ERR,ERR,ERR,ERR,ERR,ERR,ERR,ERR,ERR,ERR,ERR,ERR,ERR,ERR,ERR,ERR,ERR,ERR,ERR,ERR,ERR,ERR,ERR,ERR,ERR,ERR,ERR,ERR,ERR,ERR,ERR,ERR,ERR,ERR,ERR,ERR,ERR,ERR,ERR,ERR,ERR,ERR,ERR,ERR,ERR,ERR,ERR,ERR,ERR,ERR,ERR,ERR,ERR,ERR,ERR,ERR,ERR,ERR,ERR,ERR,ERR,ERR,ERR,ERR,ERR,ERR,ERR,ERR,ERR,ERR,ERR,ERR,ERR,ERR,ERR,ERR,ERR,ERR,-107615104.0,0.0,-0.0,0.0,-2.9432019282596305e+20,-0.0,-3.899470511397195e+26,-0.0,0,0,4,17339,7116,0.0,100,0.0,0.0,0.0,0.0,0.0,0,0,0,0,0.0,0,0,0,0,0,0,0,0,0,0,0,0,0,0,0,0,0,0,0,0,0,0,0,0,0,0,0,0,0,0,0,0,0,31,40,40,71,65476,0,300,0,0,8,21553,0.0,-107605600.0,0.0,0.0,0.0,0.0,0.0,0.0,0.0,0.0,0.0,0.0,0.0,0.0,0.0,0.0,0.0,0.0,0.0,0.0,0.0,0.0,-0.0,0.0,0.0,0.0,0.0,0.0,0.0,0.0,5129.0,-1.0406658760329878e+34,6943.0,-107615104.0,0.0,2.004,2.004,0.0,0.0,0.0,0.0,69,0.0,0.0,0.0,0.0,0.0,0.0,0.0,0.0,0.0,0,0,0,0.0,0.0,0.0,0.0,0.0,0.0,0.0,0.0,0.0,0.0,0.0,0.0,0.0,0.0,0.0,0.0,0,-107875648.0,69,0.0,138,0.0,2.012,ERR,ERR,ERR,ERR,ERR,ERR,ERR,ERR,ERR,ERR,ERR,ERR,ERR,ERR,ERR,ERR,ERR,ERR,ERR,ERR,ERR,ERR,ERR,ERR,ERR,ERR,ERR,ERR,ERR,ERR,ERR,ERR,ERR,ERR,ERR,ERR,ERR,ERR,ERR,ERR,ERR,ERR,ERR,ERR,ERR,ERR,ERR,ERR,ERR,ERR,ERR,ERR,ERR,ERR,ERR,ERR,ERR,ERR,ERR,ERR,ERR,ERR,ERR,ERR,ERR,ERR,ERR,60.0,60.0,35,0.0,0.0,0.0,0.0,0.0,0.0,0.0,0.0,0.0,0.0,0.0,0.0,0.0,0.0,0.0,0.0,64.8,0,124,60,48,65476,0,65476,1,4,4,20529,65476,0,0,2621,60.0,0.0,0.0,0.0,0.0,0.0
2026-07-09T15:40:52,ERR,ERR,ERR,ERR,ERR,ERR,ERR,ERR,ERR,ERR,ERR,ERR,ERR,ERR,ERR,ERR,ERR,ERR,ERR,ERR,ERR,ERR,ERR,ERR,ERR,ERR,ERR,ERR,ERR,ERR,ERR,ERR,ERR,ERR,ERR,ERR,ERR,ERR,ERR,ERR,ERR,ERR,ERR,ERR,ERR,ERR,ERR,ERR,ERR,ERR,ERR,ERR,ERR,ERR,ERR,ERR,ERR,ERR,ERR,ERR,ERR,ERR,ERR,ERR,ERR,ERR,ERR,ERR,ERR,ERR,ERR,ERR,ERR,ERR,ERR,ERR,ERR,ERR,ERR,ERR,ERR,ERR,ERR,ERR,ERR,ERR,ERR,ERR,ERR,ERR,ERR,ERR,ERR,ERR,ERR,ERR,ERR,ERR,ERR,ERR,ERR,ERR,ERR,ERR,ERR,ERR,ERR,ERR,ERR,ERR,ERR,ERR,ERR,ERR,ERR,ERR,ERR,ERR,ERR,ERR,ERR,ERR,ERR,ERR,ERR,-107615104.0,0.0,-0.0,0.0,-2.9432019282596305e+20,-0.0,-3.899470511397195e+26,-0.0,0,0,4,17339,7116,0.0,100,0.0,0.0,0.0,0.0,0.0,0,0,0,0,0.0,0,0,0,0,0,0,0,0,0,0,0,0,0,0,0,0,0,0,0,0,0,0,0,0,0,0,0,0,0,0,0,0,0,31,40,40,71,65476,0,300,0,0,8,21553,0.0,-107605600.0,0.0,0.0,0.0,0.0,0.0,0.0,0.0,0.0,0.0,0.0,0.0,0.0,0.0,0.0,0.0,0.0,0.0,0.0,0.0,0.0,-0.0,0.0,0.0,0.0,0.0,0.0,0.0,0.0,5129.0,-1.0406658760329878e+34,6943.0,-107615104.0,0.0,2.004,2.004,0.0,0.0,0.0,0.0,69,0.0,0.0,0.0,0.0,0.0,0.0,0.0,0.0,0.0,0,0,0,0.0,0.0,0.0,0.0,0.0,0.0,0.0,0.0,0.0,0.0,0.0,0.0,0.0,0.0,0.0,0.0,0,-107875648.0,69,0.0,138,0.0,2.012,ERR,ERR,ERR,ERR,ERR,ERR,ERR,ERR,ERR,ERR,ERR,ERR,ERR,ERR,ERR,ERR,ERR,ERR,ERR,ERR,ERR,ERR,ERR,ERR,ERR,ERR,ERR,ERR,ERR,ERR,ERR,ERR,ERR,ERR,ERR,ERR,ERR,ERR,ERR,ERR,ERR,ERR,ERR,ERR,ERR,ERR,ERR,ERR,ERR,ERR,ERR,ERR,ERR,ERR,ERR,ERR,ERR,ERR,ERR,ERR,ERR,ERR,ERR,ERR,ERR,ERR,ERR,60.0,60.0,35,0.0,0.0,0.0,0.0,0.0,0.0,0.0,0.0,0.0,0.0,0.0,0.0,0.0,0.0,0.0,0.0,64.8,0,124,60,47,65476,0,65476,1,4,4,20529,65476,0,0,2621,60.0,0.0,0.0,0.0,0.0,0.0
2026-07-09T15:40:53,ERR,ERR,ERR,ERR,ERR,ERR,ERR,ERR,ERR,ERR,ERR,ERR,ERR,ERR,ERR,ERR,ERR,ERR,ERR,ERR,ERR,ERR,ERR,ERR,ERR,ERR,ERR,ERR,ERR,ERR,ERR,ERR,ERR,ERR,ERR,ERR,ERR,ERR,ERR,ERR,ERR,ERR,ERR,ERR,ERR,ERR,ERR,ERR,ERR,ERR,ERR,ERR,ERR,ERR,ERR,ERR,ERR,ERR,ERR,ERR,ERR,ERR,ERR,ERR,ERR,ERR,ERR,ERR,ERR,ERR,ERR,ERR,ERR,ERR,ERR,ERR,ERR,ERR,ERR,ERR,ERR,ERR,ERR,ERR,ERR,ERR,ERR,ERR,ERR,ERR,ERR,ERR,ERR,ERR,ERR,ERR,ERR,ERR,ERR,ERR,ERR,ERR,ERR,ERR,ERR,ERR,ERR,ERR,ERR,ERR,ERR,ERR,ERR,ERR,ERR,ERR,ERR,ERR,ERR,ERR,ERR,ERR,ERR,ERR,ERR,-107615104.0,0.0,-0.0,0.0,-2.9432019282596305e+20,-0.0,-3.899470511397195e+26,-0.0,0,0,4,17339,7116,0.0,100,0.0,0.0,0.0,0.0,0.0,0,0,0,0,0.0,0,0,0,0,0,0,0,0,0,0,0,0,0,0,0,0,0,0,0,0,0,0,0,0,0,0,0,0,0,0,0,0,0,31,40,40,71,65476,0,300,0,0,8,21553,0.0,-107605600.0,0.0,0.0,0.0,0.0,0.0,0.0,0.0,0.0,0.0,0.0,0.0,0.0,0.0,0.0,0.0,0.0,0.0,0.0,0.0,0.0,-0.0,0.0,0.0,0.0,0.0,0.0,0.0,0.0,5129.0,-1.0406658760329878e+34,6943.0,-107615104.0,0.0,2.004,2.004,0.0,0.0,0.0,0.0,69,0.0,0.0,0.0,0.0,0.0,0.0,0.0,0.0,0.0,0,0,0,0.0,0.0,0.0,0.0,0.0,0.0,0.0,0.0,0.0,0.0,0.0,0.0,0.0,0.0,0.0,0.0,0,-107875648.0,69,0.0,138,0.0,2.012,ERR,ERR,ERR,ERR,ERR,ERR,ERR,ERR,ERR,ERR,ERR,ERR,ERR,ERR,ERR,ERR,ERR,ERR,ERR,ERR,ERR,ERR,ERR,ERR,ERR,ERR,ERR,ERR,ERR,ERR,ERR,ERR,ERR,ERR,ERR,ERR,ERR,ERR,ERR,ERR,ERR,ERR,ERR,ERR,ERR,ERR,ERR,ERR,ERR,ERR,ERR,ERR,ERR,ERR,ERR,ERR,ERR,ERR,ERR,ERR,ERR,ERR,ERR,ERR,ERR,ERR,ERR,60.0,60.0,35,0.0,0.0,0.0,0.0,0.0,0.0,0.0,0.0,0.0,0.0,0.0,0.0,0.0,0.0,0.0,0.0,64.8,0,124,60,47,65476,0,65476,1,4,4,20529,65476,0,0,2621,60.0,0.0,0.0,0.0,0.0,0.0
2026-07-09T15:40:54,ERR,ERR,ERR,ERR,ERR,ERR,ERR,ERR,ERR,ERR,ERR,ERR,ERR,ERR,ERR,ERR,ERR,ERR,ERR,ERR,ERR,ERR,ERR,ERR,ERR,ERR,ERR,ERR,ERR,ERR,ERR,ERR,ERR,ERR,ERR,ERR,ERR,ERR,ERR,ERR,ERR,ERR,ERR,ERR,ERR,ERR,ERR,ERR,ERR,ERR,ERR,ERR,ERR,ERR,ERR,ERR,ERR,ERR,ERR,ERR,ERR,ERR,ERR,ERR,ERR,ERR,ERR,ERR,ERR,ERR,ERR,ERR,ERR,ERR,ERR,ERR,ERR,ERR,ERR,ERR,ERR,ERR,ERR,ERR,ERR,ERR,ERR,ERR,ERR,ERR,ERR,ERR,ERR,ERR,ERR,ERR,ERR,ERR,ERR,ERR,ERR,ERR,ERR,ERR,ERR,ERR,ERR,ERR,ERR,ERR,ERR,ERR,ERR,ERR,ERR,ERR,ERR,ERR,ERR,ERR,ERR,ERR,ERR,ERR,ERR,-107615104.0,0.0,-0.0,0.0,-2.9432019282596305e+20,-0.0,-3.899470511397195e+26,-0.0,0,0,4,17339,7116,0.0,100,0.0,0.0,0.0,0.0,0.0,0,0,0,0,0.0,0,0,0,0,0,0,0,0,0,0,0,0,0,0,0,0,0,0,0,0,0,0,0,0,0,0,0,0,0,0,0,0,0,31,40,40,71,65476,0,300,0,0,8,21553,0.0,-107605600.0,0.0,0.0,0.0,0.0,0.0,0.0,0.0,0.0,0.0,0.0,0.0,0.0,0.0,0.0,0.0,0.0,0.0,0.0,0.0,0.0,-0.0,0.0,0.0,0.0,0.0,0.0,0.0,0.0,5129.0,-1.0406658760329878e+34,6943.0,-107615104.0,0.0,2.004,2.004,0.0,0.0,0.0,0.0,69,0.0,0.0,0.0,0.0,0.0,0.0,0.0,0.0,0.0,0,0,0,0.0,0.0,0.0,0.0,0.0,0.0,0.0,0.0,0.0,0.0,0.0,0.0,0.0,0.0,0.0,0.0,0,-107875648.0,69,0.0,138,0.0,2.012,ERR,ERR,ERR,ERR,ERR,ERR,ERR,ERR,ERR,ERR,ERR,ERR,ERR,ERR,ERR,ERR,ERR,ERR,ERR,ERR,ERR,ERR,ERR,ERR,ERR,ERR,ERR,ERR,ERR,ERR,ERR,ERR,ERR,ERR,ERR,ERR,ERR,ERR,ERR,ERR,ERR,ERR,ERR,ERR,ERR,ERR,ERR,ERR,ERR,ERR,ERR,ERR,ERR,ERR,ERR,ERR,ERR,ERR,ERR,ERR,ERR,ERR,ERR,ERR,ERR,ERR,ERR,60.0,60.0,35,0.0,0.0,0.0,0.0,0.0,0.0,0.0,0.0,0.0,0.0,0.0,0.0,0.0,0.0,0.0,0.0,64.8,0,124,60,47,65476,0,65476,1,4,4,20529,65476,0,0,2621,60.0,0.0,0.0,0.0,0.0,0.0
2026-07-09T15:40:55,ERR,ERR,ERR,ERR,ERR,ERR,ERR,ERR,ERR,ERR,ERR,ERR,ERR,ERR,ERR,ERR,ERR,ERR,ERR,ERR,ERR,ERR,ERR,ERR,ERR,ERR,ERR,ERR,ERR,ERR,ERR,ERR,ERR,ERR,ERR,ERR,ERR,ERR,ERR,ERR,ERR,ERR,ERR,ERR,ERR,ERR,ERR,ERR,ERR,ERR,ERR,ERR,ERR,ERR,ERR,ERR,ERR,ERR,ERR,ERR,ERR,ERR,ERR,ERR,ERR,ERR,ERR,ERR,ERR,ERR,ERR,ERR,ERR,ERR,ERR,ERR,ERR,ERR,ERR,ERR,ERR,ERR,ERR,ERR,ERR,ERR,ERR,ERR,ERR,ERR,ERR,ERR,ERR,ERR,ERR,ERR,ERR,ERR,ERR,ERR,ERR,ERR,ERR,ERR,ERR,ERR,ERR,ERR,ERR,ERR,ERR,ERR,ERR,ERR,ERR,ERR,ERR,ERR,ERR,ERR,ERR,ERR,ERR,ERR,ERR,2.7184246165485387e+23,2.718448215410586e+23,2.7184256974124493e+23,0.0,1.6568754874584778e+35,-0.0,-2252816640.0,1.28248260329472e+16,0,0,4,17342,7116,0.0,100,0.0,0.0,0.0,0.0,0.0,0,0,0,0,0.0,0,0,0,0,0,0,0,0,0,0,0,0,0,0,0,0,0,0,0,0,0,0,0,0,0,0,0,0,0,0,0,0,0,31,40,40,71,65476,0,300,0,0,8,21553,0.0,-107605600.0,0.0,0.0,0.0,0.0,0.0,0.0,0.0,0.0,0.0,0.0,0.0,0.0,0.0,0.0,0.0,0.0,0.0,0.0,0.0,0.0,2.004,0.0,0.0,0.0,0.0,0.0,0.0,0.0,5173.0,-0.0,6929.0,2.7184246165485387e+23,2.718448215410586e+23,2.004,2.004,0.0,0.0,0.0,0.0,69,-0.0,-71.63,0.0,0.0,0.0,0.0,0.0,0.0,0.0,0,0,0,0.0,0.0,0.0,0.0,0.0,0.0,0.0,0.0,0.0,0.0,0.0,0.0,0.0,0.0,0.0,0.0,0,-107875648.0,69,0.0,138,0.0,2.012,ERR,ERR,ERR,ERR,ERR,ERR,ERR,ERR,ERR,ERR,ERR,ERR,ERR,ERR,ERR,ERR,ERR,ERR,ERR,ERR,ERR,ERR,ERR,ERR,ERR,ERR,ERR,ERR,ERR,ERR,ERR,ERR,ERR,ERR,ERR,ERR,ERR,ERR,ERR,ERR,ERR,ERR,ERR,ERR,ERR,ERR,ERR,ERR,ERR,ERR,ERR,ERR,ERR,ERR,ERR,ERR,ERR,ERR,ERR,ERR,ERR,ERR,ERR,ERR,ERR,ERR,ERR,60.0,60.0,35,0.0,0.0,0.0,0.0,0.0,0.0,0.0,0.0,0.0,0.0,0.0,0.0,0.0,0.0,0.0,0.0,64.8,0,124,60,47,65476,0,65476,1,4,4,20529,65476,0,0,2621,60.0,0.0,0.0,0.0,0.0,0.0
2026-07-09T15:40:56,ERR,ERR,ERR,ERR,ERR,ERR,ERR,ERR,ERR,ERR,ERR,ERR,ERR,ERR,ERR,ERR,ERR,ERR,ERR,ERR,ERR,ERR,ERR,ERR,ERR,ERR,ERR,ERR,ERR,ERR,ERR,ERR,ERR,ERR,ERR,ERR,ERR,ERR,ERR,ERR,ERR,ERR,ERR,ERR,ERR,ERR,ERR,ERR,ERR,ERR,ERR,ERR,ERR,ERR,ERR,ERR,ERR,ERR,ERR,ERR,ERR,ERR,ERR,ERR,ERR,ERR,ERR,ERR,ERR,ERR,ERR,ERR,ERR,ERR,ERR,ERR,ERR,ERR,ERR,ERR,ERR,ERR,ERR,ERR,ERR,ERR,ERR,ERR,ERR,ERR,ERR,ERR,ERR,ERR,ERR,ERR,ERR,ERR,ERR,ERR,ERR,ERR,ERR,ERR,ERR,ERR,ERR,ERR,ERR,ERR,ERR,ERR,ERR,ERR,ERR,ERR,ERR,ERR,ERR,ERR,ERR,ERR,ERR,ERR,ERR,2.7184246165485387e+23,2.718448215410586e+23,2.7184256974124493e+23,0.0,1.6568754874584778e+35,-0.0,-2252816640.0,1.28248260329472e+16,0,0,4,17342,7116,0.0,100,0.0,0.0,0.0,0.0,0.0,0,0,0,0,0.0,0,0,0,0,0,0,0,0,0,0,0,0,0,0,0,0,0,0,0,0,0,0,0,0,0,0,0,0,0,0,0,0,0,31,40,40,71,65476,0,300,0,0,8,21553,0.0,-107605600.0,0.0,0.0,0.0,0.0,0.0,0.0,0.0,0.0,0.0,0.0,0.0,0.0,0.0,0.0,0.0,0.0,0.0,0.0,0.0,0.0,2.004,0.0,0.0,0.0,0.0,0.0,0.0,0.0,5173.0,-0.0,6929.0,2.7184246165485387e+23,2.718448215410586e+23,2.004,2.004,0.0,0.0,0.0,0.0,69,-0.0,-71.63,0.0,0.0,0.0,0.0,0.0,0.0,0.0,0,0,0,0.0,0.0,0.0,0.0,0.0,0.0,0.0,0.0,0.0,0.0,0.0,0.0,0.0,0.0,0.0,0.0,0,-107875648.0,69,0.0,138,0.0,2.012,ERR,ERR,ERR,ERR,ERR,ERR,ERR,ERR,ERR,ERR,ERR,ERR,ERR,ERR,ERR,ERR,ERR,ERR,ERR,ERR,ERR,ERR,ERR,ERR,ERR,ERR,ERR,ERR,ERR,ERR,ERR,ERR,ERR,ERR,ERR,ERR,ERR,ERR,ERR,ERR,ERR,ERR,ERR,ERR,ERR,ERR,ERR,ERR,ERR,ERR,ERR,ERR,ERR,ERR,ERR,ERR,ERR,ERR,ERR,ERR,ERR,ERR,ERR,ERR,ERR,ERR,ERR,60.0,60.0,35,0.0,0.0,0.0,0.0,0.0,0.0,0.0,0.0,0.0,0.0,0.0,0.0,0.0,0.0,0.0,0.0,64.8,0,124,60,47,65476,0,65476,1,4,4,20529,65476,0,0,2621,60.0,0.0,0.0,0.0,0.0,0.0
2026-07-09T15:40:57,ERR,ERR,ERR,ERR,ERR,ERR,ERR,ERR,ERR,ERR,ERR,ERR,ERR,ERR,ERR,ERR,ERR,ERR,ERR,ERR,ERR,ERR,ERR,ERR,ERR,ERR,ERR,ERR,ERR,ERR,ERR,ERR,ERR,ERR,ERR,ERR,ERR,ERR,ERR,ERR,ERR,ERR,ERR,ERR,ERR,ERR,ERR,ERR,ERR,ERR,ERR,ERR,ERR,ERR,ERR,ERR,ERR,ERR,ERR,ERR,ERR,ERR,ERR,ERR,ERR,ERR,ERR,ERR,ERR,ERR,ERR,ERR,ERR,ERR,ERR,ERR,ERR,ERR,ERR,ERR,ERR,ERR,ERR,ERR,ERR,ERR,ERR,ERR,ERR,ERR,ERR,ERR,ERR,ERR,ERR,ERR,ERR,ERR,ERR,ERR,ERR,ERR,ERR,ERR,ERR,ERR,ERR,ERR,ERR,ERR,ERR,ERR,ERR,ERR,ERR,ERR,ERR,ERR,ERR,ERR,ERR,ERR,ERR,ERR,ERR,2.7184246165485387e+23,2.718448215410586e+23,2.7184256974124493e+23,0.0,1.6568754874584778e+35,-0.0,-2252816640.0,1.28248260329472e+16,0,0,4,17342,7116,0.0,100,0.0,0.0,0.0,0.0,0.0,0,0,0,0,0.0,0,0,0,0,0,0,0,0,0,0,0,0,0,0,0,0,0,0,0,0,0,0,0,0,0,0,0,0,0,0,0,0,0,31,40,40,71,65476,0,300,0,0,8,21553,0.0,-107605600.0,0.0,0.0,0.0,0.0,0.0,0.0,0.0,0.0,0.0,0.0,0.0,0.0,0.0,0.0,0.0,0.0,0.0,0.0,0.0,0.0,2.004,0.0,0.0,0.0,0.0,0.0,0.0,0.0,5173.0,-0.0,6929.0,2.7184246165485387e+23,2.718448215410586e+23,2.004,2.004,0.0,0.0,0.0,0.0,69,-0.0,-71.63,0.0,0.0,0.0,0.0,0.0,0.0,0.0,0,0,0,0.0,0.0,0.0,0.0,0.0,0.0,0.0,0.0,0.0,0.0,0.0,0.0,0.0,0.0,0.0,0.0,0,-107875648.0,69,0.0,138,0.0,2.012,ERR,ERR,ERR,ERR,ERR,ERR,ERR,ERR,ERR,ERR,ERR,ERR,ERR,ERR,ERR,ERR,ERR,ERR,ERR,ERR,ERR,ERR,ERR,ERR,ERR,ERR,ERR,ERR,ERR,ERR,ERR,ERR,ERR,ERR,ERR,ERR,ERR,ERR,ERR,ERR,ERR,ERR,ERR,ERR,ERR,ERR,ERR,ERR,ERR,ERR,ERR,ERR,ERR,ERR,ERR,ERR,ERR,ERR,ERR,ERR,ERR,ERR,ERR,ERR,ERR,ERR,ERR,60.0,60.0,35,0.0,0.0,0.0,0.0,0.0,0.0,0.0,0.0,0.0,0.0,0.0,0.0,0.0,0.0,0.0,0.0,64.8,0,124,60,47,65476,0,65476,1,4,4,20529,65476,0,0,2621,60.0,0.0,0.0,0.0,0.0,0.0
2026-07-09T15:40:58,ERR,ERR,ERR,ERR,ERR,ERR,ERR,ERR,ERR,ERR,ERR,ERR,ERR,ERR,ERR,ERR,ERR,ERR,ERR,ERR,ERR,ERR,ERR,ERR,ERR,ERR,ERR,ERR,ERR,ERR,ERR,ERR,ERR,ERR,ERR,ERR,ERR,ERR,ERR,ERR,ERR,ERR,ERR,ERR,ERR,ERR,ERR,ERR,ERR,ERR,ERR,ERR,ERR,ERR,ERR,ERR,ERR,ERR,ERR,ERR,ERR,ERR,ERR,ERR,ERR,ERR,ERR,ERR,ERR,ERR,ERR,ERR,ERR,ERR,ERR,ERR,ERR,ERR,ERR,ERR,ERR,ERR,ERR,ERR,ERR,ERR,ERR,ERR,ERR,ERR,ERR,ERR,ERR,ERR,ERR,ERR,ERR,ERR,ERR,ERR,ERR,ERR,ERR,ERR,ERR,ERR,ERR,ERR,ERR,ERR,ERR,ERR,ERR,ERR,ERR,ERR,ERR,ERR,ERR,ERR,ERR,ERR,ERR,ERR,ERR,2.7184246165485387e+23,2.718448215410586e+23,2.7184256974124493e+23,0.0,1.6568754874584778e+35,-0.0,-2252816640.0,1.28248260329472e+16,0,0,4,17342,7116,0.0,100,0.0,0.0,0.0,0.0,0.0,0,0,0,0,0.0,0,0,0,0,0,0,0,0,0,0,0,0,0,0,0,0,0,0,0,0,0,0,0,0,0,0,0,0,0,0,0,0,0,31,40,40,71,65476,0,300,0,0,8,21553,0.0,-107605600.0,0.0,0.0,0.0,0.0,0.0,0.0,0.0,0.0,0.0,0.0,0.0,0.0,0.0,0.0,0.0,0.0,0.0,0.0,0.0,0.0,2.004,0.0,0.0,0.0,0.0,0.0,0.0,0.0,5173.0,-0.0,6929.0,2.7184246165485387e+23,2.718448215410586e+23,2.004,2.004,0.0,0.0,0.0,0.0,69,-0.0,-71.63,0.0,0.0,0.0,0.0,0.0,0.0,0.0,0,0,0,0.0,0.0,0.0,0.0,0.0,0.0,0.0,0.0,0.0,0.0,0.0,0.0,0.0,0.0,0.0,0.0,0,-107875648.0,69,0.0,138,0.0,2.012,ERR,ERR,ERR,ERR,ERR,ERR,ERR,ERR,ERR,ERR,ERR,ERR,ERR,ERR,ERR,ERR,ERR,ERR,ERR,ERR,ERR,ERR,ERR,ERR,ERR,ERR,ERR,ERR,ERR,ERR,ERR,ERR,ERR,ERR,ERR,ERR,ERR,ERR,ERR,ERR,ERR,ERR,ERR,ERR,ERR,ERR,ERR,ERR,ERR,ERR,ERR,ERR,ERR,ERR,ERR,ERR,ERR,ERR,ERR,ERR,ERR,ERR,ERR,ERR,ERR,ERR,ERR,60.0,60.0,35,0.0,0.0,0.0,0.0,0.0,0.0,0.0,0.0,0.0,0.0,0.0,0.0,0.0,0.0,0.0,0.0,64.8,0,124,60,47,65476,0,65476,1,4,4,20529,65476,0,0,2621,60.0,0.0,0.0,0.0,0.0,0.0
2026-07-09T15:40:59,ERR,ERR,ERR,ERR,ERR,ERR,ERR,ERR,ERR,ERR,ERR,ERR,ERR,ERR,ERR,ERR,ERR,ERR,ERR,ERR,ERR,ERR,ERR,ERR,ERR,ERR,ERR,ERR,ERR,ERR,ERR,ERR,ERR,ERR,ERR,ERR,ERR,ERR,ERR,ERR,ERR,ERR,ERR,ERR,ERR,ERR,ERR,ERR,ERR,ERR,ERR,ERR,ERR,ERR,ERR,ERR,ERR,ERR,ERR,ERR,ERR,ERR,ERR,ERR,ERR,ERR,ERR,ERR,ERR,ERR,ERR,ERR,ERR,ERR,ERR,ERR,ERR,ERR,ERR,ERR,ERR,ERR,ERR,ERR,ERR,ERR,ERR,ERR,ERR,ERR,ERR,ERR,ERR,ERR,ERR,ERR,ERR,ERR,ERR,ERR,ERR,ERR,ERR,ERR,ERR,ERR,ERR,ERR,ERR,ERR,ERR,ERR,ERR,ERR,ERR,ERR,ERR,ERR,ERR,ERR,ERR,ERR,ERR,ERR,ERR,2.7184246165485387e+23,2.718448215410586e+23,2.7184256974124493e+23,0.0,1.6568754874584778e+35,-0.0,-2252816640.0,1.28248260329472e+16,0,0,4,17342,7116,0.0,100,0.0,0.0,0.0,0.0,0.0,0,0,0,0,0.0,0,0,0,0,0,0,0,0,0,0,0,0,0,0,0,0,0,0,0,0,0,0,0,0,0,0,0,0,0,0,0,0,0,31,40,40,71,65476,0,300,0,0,8,21553,0.0,-107605600.0,0.0,0.0,0.0,0.0,0.0,0.0,0.0,0.0,0.0,0.0,0.0,0.0,0.0,0.0,0.0,0.0,0.0,0.0,0.0,0.0,2.004,0.0,0.0,0.0,0.0,0.0,0.0,0.0,5173.0,-0.0,6929.0,2.7184246165485387e+23,2.718448215410586e+23,2.004,2.004,0.0,0.0,0.0,0.0,69,-0.0,-71.63,0.0,0.0,0.0,0.0,0.0,0.0,0.0,0,0,0,0.0,0.0,0.0,0.0,0.0,0.0,0.0,0.0,0.0,0.0,0.0,0.0,0.0,0.0,0.0,0.0,0,-107875648.0,69,0.0,138,0.0,2.012,ERR,ERR,ERR,ERR,ERR,ERR,ERR,ERR,ERR,ERR,ERR,ERR,ERR,ERR,ERR,ERR,ERR,ERR,ERR,ERR,ERR,ERR,ERR,ERR,ERR,ERR,ERR,ERR,ERR,ERR,ERR,ERR,ERR,ERR,ERR,ERR,ERR,ERR,ERR,ERR,ERR,ERR,ERR,ERR,ERR,ERR,ERR,ERR,ERR,ERR,ERR,ERR,ERR,ERR,ERR,ERR,ERR,ERR,ERR,ERR,ERR,ERR,ERR,ERR,ERR,ERR,ERR,60.0,60.0,35,0.0,0.0,0.0,0.0,0.0,0.0,0.0,0.0,0.0,0.0,0.0,0.0,0.0,0.0,0.0,0.0,64.8,0,124,60,47,65476,0,65476,1,4,4,20529,65476,0,0,2621,60.0,0.0,0.0,0.0,0.0,0.0
2026-07-09T15:41:00,ERR,ERR,ERR,ERR,ERR,ERR,ERR,ERR,ERR,ERR,ERR,ERR,ERR,ERR,ERR,ERR,ERR,ERR,ERR,ERR,ERR,ERR,ERR,ERR,ERR,ERR,ERR,ERR,ERR,ERR,ERR,ERR,ERR,ERR,ERR,ERR,ERR,ERR,ERR,ERR,ERR,ERR,ERR,ERR,ERR,ERR,ERR,ERR,ERR,ERR,ERR,ERR,ERR,ERR,ERR,ERR,ERR,ERR,ERR,ERR,ERR,ERR,ERR,ERR,ERR,ERR,ERR,ERR,ERR,ERR,ERR,ERR,ERR,ERR,ERR,ERR,ERR,ERR,ERR,ERR,ERR,ERR,ERR,ERR,ERR,ERR,ERR,ERR,ERR,ERR,ERR,ERR,ERR,ERR,ERR,ERR,ERR,ERR,ERR,ERR,ERR,ERR,ERR,ERR,ERR,ERR,ERR,ERR,ERR,ERR,ERR,ERR,ERR,ERR,ERR,ERR,ERR,ERR,ERR,ERR,ERR,ERR,ERR,ERR,ERR,2.7184246165485387e+23,2.718448215410586e+23,2.7184256974124493e+23,2.7183478752108883e+23,2.6510012553025396e+36,15342004862976.0,-2.833275438522958e+18,3.313123901440851e+38,0,0,4,17339,7116,0.0,100,0.0,0.0,2.7183478752108883e+23,0.0,0.0,0,0,0,0,0.0,0,0,0,0,0,0,0,0,0,0,0,0,0,0,0,0,0,0,0,0,0,0,0,0,0,0,0,0,0,0,0,0,0,31,40,40,71,65476,0,300,0,0,8,21553,0.0,-107605600.0,0.0,0.0,0.0,0.0,0.0,0.0,0.0,0.0,0.0,0.0,0.0,0.0,0.0,0.0,0.0,0.0,0.0,0.0,0.0,0.0,2.004,0.0,0.0,0.0,0.0,0.0,0.0,0.0,5181.0,-0.0,6931.0,2.7184246165485387e+23,2.718448215410586e+23,2.004,2.004,0.0,0.0,0.0,0.0,69,0.0,-4.950403839085979e+32,0.0,0.0,0.0,0.0,0.0,0.0,0.0,0,0,0,0.0,0.0,0.0,0.0,0.0,0.0,0.0,0.0,0.0,0.0,0.0,0.0,0.0,0.0,0.0,0.0,0,-107875648.0,69,0.0,138,0.0,2.012,ERR,ERR,ERR,ERR,ERR,ERR,ERR,ERR,ERR,ERR,ERR,ERR,ERR,ERR,ERR,ERR,ERR,ERR,ERR,ERR,ERR,ERR,ERR,ERR,ERR,ERR,ERR,ERR,ERR,ERR,ERR,ERR,ERR,ERR,ERR,ERR,ERR,ERR,ERR,ERR,ERR,ERR,ERR,ERR,ERR,ERR,ERR,ERR,ERR,ERR,ERR,ERR,ERR,ERR,ERR,ERR,ERR,ERR,ERR,ERR,ERR,ERR,ERR,ERR,ERR,ERR,ERR,60.0,60.0,35,0.0,0.0,0.0,0.0,0.0,0.0,0.0,0.0,0.0,0.0,0.0,0.0,0.0,0.0,0.0,0.0,65.2,0,124,60,47,65476,0,65476,1,4,4,20529,65476,0,0,2621,60.0,0.0,0.0,0.0,0.0,0.0
2026-07-09T15:41:01,ERR,ERR,ERR,ERR,ERR,ERR,ERR,ERR,ERR,ERR,ERR,ERR,ERR,ERR,ERR,ERR,ERR,ERR,ERR,ERR,ERR,ERR,ERR,ERR,ERR,ERR,ERR,ERR,ERR,ERR,ERR,ERR,ERR,ERR,ERR,ERR,ERR,ERR,ERR,ERR,ERR,ERR,ERR,ERR,ERR,ERR,ERR,ERR,ERR,ERR,ERR,ERR,ERR,ERR,ERR,ERR,ERR,ERR,ERR,ERR,ERR,ERR,ERR,ERR,ERR,ERR,ERR,ERR,ERR,ERR,ERR,ERR,ERR,ERR,ERR,ERR,ERR,ERR,ERR,ERR,ERR,ERR,ERR,ERR,ERR,ERR,ERR,ERR,ERR,ERR,ERR,ERR,ERR,ERR,ERR,ERR,ERR,ERR,ERR,ERR,ERR,ERR,ERR,ERR,ERR,ERR,ERR,ERR,ERR,ERR,ERR,ERR,ERR,ERR,ERR,ERR,ERR,ERR,ERR,ERR,ERR,ERR,ERR,ERR,ERR,2.7184246165485387e+23,2.718448215410586e+23,2.7184256974124493e+23,2.7183478752108883e+23,2.6510012553025396e+36,15342004862976.0,-2.833275438522958e+18,3.313123901440851e+38,0,0,4,17339,7116,0.0,100,0.0,0.0,2.7183478752108883e+23,0.0,0.0,0,0,0,0,0.0,0,0,0,0,0,0,0,0,0,0,0,0,0,0,0,0,0,0,0,0,0,0,0,0,0,0,0,0,0,0,0,0,0,31,40,40,71,65476,0,300,0,0,8,21553,0.0,-107605600.0,0.0,0.0,0.0,0.0,0.0,0.0,0.0,0.0,0.0,0.0,0.0,0.0,0.0,0.0,0.0,0.0,0.0,0.0,0.0,0.0,2.004,0.0,0.0,0.0,0.0,0.0,0.0,0.0,5181.0,-0.0,6931.0,2.7184246165485387e+23,2.718448215410586e+23,2.004,2.004,0.0,0.0,0.0,0.0,69,0.0,-4.950403839085979e+32,0.0,0.0,0.0,0.0,0.0,0.0,0.0,0,0,0,0.0,0.0,0.0,0.0,0.0,0.0,0.0,0.0,0.0,0.0,0.0,0.0,0.0,0.0,0.0,0.0,0,-107875648.0,69,0.0,138,0.0,2.012,ERR,ERR,ERR,ERR,ERR,ERR,ERR,ERR,ERR,ERR,ERR,ERR,ERR,ERR,ERR,ERR,ERR,ERR,ERR,ERR,ERR,ERR,ERR,ERR,ERR,ERR,ERR,ERR,ERR,ERR,ERR,ERR,ERR,ERR,ERR,ERR,ERR,ERR,ERR,ERR,ERR,ERR,ERR,ERR,ERR,ERR,ERR,ERR,ERR,ERR,ERR,ERR,ERR,ERR,ERR,ERR,ERR,ERR,ERR,ERR,ERR,ERR,ERR,ERR,ERR,ERR,ERR,60.0,60.0,35,0.0,0.0,0.0,0.0,0.0,0.0,0.0,0.0,0.0,0.0,0.0,0.0,0.0,0.0,0.0,0.0,65.2,0,124,60,47,65476,0,65476,1,4,4,20529,65476,0,0,2621,60.0,0.0,0.0,0.0,0.0,0.0
2026-07-09T15:41:02,ERR,ERR,ERR,ERR,ERR,ERR,ERR,ERR,ERR,ERR,ERR,ERR,ERR,ERR,ERR,ERR,ERR,ERR,ERR,ERR,ERR,ERR,ERR,ERR,ERR,ERR,ERR,ERR,ERR,ERR,ERR,ERR,ERR,ERR,ERR,ERR,ERR,ERR,ERR,ERR,ERR,ERR,ERR,ERR,ERR,ERR,ERR,ERR,ERR,ERR,ERR,ERR,ERR,ERR,ERR,ERR,ERR,ERR,ERR,ERR,ERR,ERR,ERR,ERR,ERR,ERR,ERR,ERR,ERR,ERR,ERR,ERR,ERR,ERR,ERR,ERR,ERR,ERR,ERR,ERR,ERR,ERR,ERR,ERR,ERR,ERR,ERR,ERR,ERR,ERR,ERR,ERR,ERR,ERR,ERR,ERR,ERR,ERR,ERR,ERR,ERR,ERR,ERR,ERR,ERR,ERR,ERR,ERR,ERR,ERR,ERR,ERR,ERR,ERR,ERR,ERR,ERR,ERR,ERR,ERR,ERR,ERR,ERR,ERR,ERR,2.7184246165485387e+23,2.718448215410586e+23,2.7184256974124493e+23,2.7183478752108883e+23,2.6510012553025396e+36,15342004862976.0,-2.833275438522958e+18,3.313123901440851e+38,0,0,4,17339,7116,0.0,100,0.0,0.0,2.7183478752108883e+23,0.0,0.0,0,0,0,0,0.0,0,0,0,0,0,0,0,0,0,0,0,0,0,0,0,0,0,0,0,0,0,0,0,0,0,0,0,0,0,0,0,0,0,31,40,40,71,65476,0,300,0,0,8,21553,0.0,-107605600.0,0.0,0.0,0.0,0.0,0.0,0.0,0.0,0.0,0.0,0.0,0.0,0.0,0.0,0.0,0.0,0.0,0.0,0.0,0.0,0.0,2.004,0.0,0.0,0.0,0.0,0.0,0.0,0.0,5181.0,-0.0,6931.0,2.7184246165485387e+23,2.718448215410586e+23,2.004,2.004,0.0,0.0,0.0,0.0,69,0.0,-4.950403839085979e+32,0.0,0.0,0.0,0.0,0.0,0.0,0.0,0,0,0,0.0,0.0,0.0,0.0,0.0,0.0,0.0,0.0,0.0,0.0,0.0,0.0,0.0,0.0,0.0,0.0,0,-107875648.0,69,0.0,138,0.0,2.012,ERR,ERR,ERR,ERR,ERR,ERR,ERR,ERR,ERR,ERR,ERR,ERR,ERR,ERR,ERR,ERR,ERR,ERR,ERR,ERR,ERR,ERR,ERR,ERR,ERR,ERR,ERR,ERR,ERR,ERR,ERR,ERR,ERR,ERR,ERR,ERR,ERR,ERR,ERR,ERR,ERR,ERR,ERR,ERR,ERR,ERR,ERR,ERR,ERR,ERR,ERR,ERR,ERR,ERR,ERR,ERR,ERR,ERR,ERR,ERR,ERR,ERR,ERR,ERR,ERR,ERR,ERR,60.0,60.0,35,0.0,0.0,0.0,0.0,0.0,0.0,0.0,0.0,0.0,0.0,0.0,0.0,0.0,0.0,0.0,0.0,64.8,0,124,60,47,65476,0,65476,1,4,4,20529,65476,0,0,2621,60.0,0.0,0.0,0.0,0.0,0.0
2026-07-09T15:41:03,ERR,ERR,ERR,ERR,ERR,ERR,ERR,ERR,ERR,ERR,ERR,ERR,ERR,ERR,ERR,ERR,ERR,ERR,ERR,ERR,ERR,ERR,ERR,ERR,ERR,ERR,ERR,ERR,ERR,ERR,ERR,ERR,ERR,ERR,ERR,ERR,ERR,ERR,ERR,ERR,ERR,ERR,ERR,ERR,ERR,ERR,ERR,ERR,ERR,ERR,ERR,ERR,ERR,ERR,ERR,ERR,ERR,ERR,ERR,ERR,ERR,ERR,ERR,ERR,ERR,ERR,ERR,ERR,ERR,ERR,ERR,ERR,ERR,ERR,ERR,ERR,ERR,ERR,ERR,ERR,ERR,ERR,ERR,ERR,ERR,ERR,ERR,ERR,ERR,ERR,ERR,ERR,ERR,ERR,ERR,ERR,ERR,ERR,ERR,ERR,ERR,ERR,ERR,ERR,ERR,ERR,ERR,ERR,ERR,ERR,ERR,ERR,ERR,ERR,ERR,ERR,ERR,ERR,ERR,ERR,ERR,ERR,ERR,ERR,ERR,2.7184246165485387e+23,2.718448215410586e+23,2.7184256974124493e+23,2.7183478752108883e+23,2.6510012553025396e+36,15342004862976.0,-2.833275438522958e+18,3.313123901440851e+38,0,0,4,17339,7116,0.0,100,0.0,0.0,2.7183478752108883e+23,0.0,0.0,0,0,0,0,0.0,0,0,0,0,0,0,0,0,0,0,0,0,0,0,0,0,0,0,0,0,0,0,0,0,0,0,0,0,0,0,0,0,0,31,40,40,71,65476,0,300,0,0,8,21553,0.0,-107605600.0,0.0,0.0,0.0,0.0,0.0,0.0,0.0,0.0,0.0,0.0,0.0,0.0,0.0,0.0,0.0,0.0,0.0,0.0,0.0,0.0,2.004,0.0,0.0,0.0,0.0,0.0,0.0,0.0,5181.0,-0.0,6931.0,2.7184246165485387e+23,2.718448215410586e+23,2.004,2.004,0.0,0.0,0.0,0.0,69,0.0,-4.950403839085979e+32,0.0,0.0,0.0,0.0,0.0,0.0,0.0,0,0,0,0.0,0.0,0.0,0.0,0.0,0.0,0.0,0.0,0.0,0.0,0.0,0.0,0.0,0.0,0.0,0.0,0,-107875648.0,69,0.0,138,0.0,2.012,ERR,ERR,ERR,ERR,ERR,ERR,ERR,ERR,ERR,ERR,ERR,ERR,ERR,ERR,ERR,ERR,ERR,ERR,ERR,ERR,ERR,ERR,ERR,ERR,ERR,ERR,ERR,ERR,ERR,ERR,ERR,ERR,ERR,ERR,ERR,ERR,ERR,ERR,ERR,ERR,ERR,ERR,ERR,ERR,ERR,ERR,ERR,ERR,ERR,ERR,ERR,ERR,ERR,ERR,ERR,ERR,ERR,ERR,ERR,ERR,ERR,ERR,ERR,ERR,ERR,ERR,ERR,60.0,60.0,35,0.0,0.0,0.0,0.0,0.0,0.0,0.0,0.0,0.0,0.0,0.0,0.0,0.0,0.0,0.0,0.0,64.8,0,124,60,47,65476,0,65476,1,4,4,20529,65476,0,0,2621,60.0,0.0,0.0,0.0,0.0,0.0
2026-07-09T15:41:04,ERR,ERR,ERR,ERR,ERR,ERR,ERR,ERR,ERR,ERR,ERR,ERR,ERR,ERR,ERR,ERR,ERR,ERR,ERR,ERR,ERR,ERR,ERR,ERR,ERR,ERR,ERR,ERR,ERR,ERR,ERR,ERR,ERR,ERR,ERR,ERR,ERR,ERR,ERR,ERR,ERR,ERR,ERR,ERR,ERR,ERR,ERR,ERR,ERR,ERR,ERR,ERR,ERR,ERR,ERR,ERR,ERR,ERR,ERR,ERR,ERR,ERR,ERR,ERR,ERR,ERR,ERR,ERR,ERR,ERR,ERR,ERR,ERR,ERR,ERR,ERR,ERR,ERR,ERR,ERR,ERR,ERR,ERR,ERR,ERR,ERR,ERR,ERR,ERR,ERR,ERR,ERR,ERR,ERR,ERR,ERR,ERR,ERR,ERR,ERR,ERR,ERR,ERR,ERR,ERR,ERR,ERR,ERR,ERR,ERR,ERR,ERR,ERR,ERR,ERR,ERR,ERR,ERR,ERR,ERR,ERR,ERR,ERR,ERR,ERR,2.7184246165485387e+23,2.718448215410586e+23,2.7184256974124493e+23,2.7183478752108883e+23,2.6510012553025396e+36,15342004862976.0,-2.833275438522958e+18,3.313123901440851e+38,0,0,4,17339,7116,0.0,100,0.0,0.0,2.7183478752108883e+23,0.0,0.0,0,0,0,0,0.0,0,0,0,0,0,0,0,0,0,0,0,0,0,0,0,0,0,0,0,0,0,0,0,0,0,0,0,0,0,0,0,0,0,31,40,40,71,65476,0,300,0,0,8,21553,0.0,-107605600.0,0.0,0.0,0.0,0.0,0.0,0.0,0.0,0.0,0.0,0.0,0.0,0.0,0.0,0.0,0.0,0.0,0.0,0.0,0.0,0.0,2.004,0.0,0.0,0.0,0.0,0.0,0.0,0.0,5181.0,-0.0,6931.0,2.7184246165485387e+23,2.718448215410586e+23,2.004,2.004,0.0,0.0,0.0,0.0,69,0.0,-4.950403839085979e+32,0.0,0.0,0.0,0.0,0.0,0.0,0.0,0,0,0,0.0,0.0,0.0,0.0,0.0,0.0,0.0,0.0,0.0,0.0,0.0,0.0,0.0,0.0,0.0,0.0,0,-107875648.0,69,0.0,138,0.0,2.012,ERR,ERR,ERR,ERR,ERR,ERR,ERR,ERR,ERR,ERR,ERR,ERR,ERR,ERR,ERR,ERR,ERR,ERR,ERR,ERR,ERR,ERR,ERR,ERR,ERR,ERR,ERR,ERR,ERR,ERR,ERR,ERR,ERR,ERR,ERR,ERR,ERR,ERR,ERR,ERR,ERR,ERR,ERR,ERR,ERR,ERR,ERR,ERR,ERR,ERR,ERR,ERR,ERR,ERR,ERR,ERR,ERR,ERR,ERR,ERR,ERR,ERR,ERR,ERR,ERR,ERR,ERR,60.0,60.0,35,0.0,0.0,0.0,0.0,0.0,0.0,0.0,0.0,0.0,0.0,0.0,0.0,0.0,0.0,0.0,0.0,64.8,0,123,60,47,65476,0,65476,1,4,4,20529,65476,0,0,2621,60.0,0.0,0.0,0.0,0.0,0.0
2026-07-09T15:41:05,ERR,ERR,ERR,ERR,ERR,ERR,ERR,ERR,ERR,ERR,ERR,ERR,ERR,ERR,ERR,ERR,ERR,ERR,ERR,ERR,ERR,ERR,ERR,ERR,ERR,ERR,ERR,ERR,ERR,ERR,ERR,ERR,ERR,ERR,ERR,ERR,ERR,ERR,ERR,ERR,ERR,ERR,ERR,ERR,ERR,ERR,ERR,ERR,ERR,ERR,ERR,ERR,ERR,ERR,ERR,ERR,ERR,ERR,ERR,ERR,ERR,ERR,ERR,ERR,ERR,ERR,ERR,ERR,ERR,ERR,ERR,ERR,ERR,ERR,ERR,ERR,ERR,ERR,ERR,ERR,ERR,ERR,ERR,ERR,ERR,ERR,ERR,ERR,ERR,ERR,ERR,ERR,ERR,ERR,ERR,ERR,ERR,ERR,ERR,ERR,ERR,ERR,ERR,ERR,ERR,ERR,ERR,ERR,ERR,ERR,ERR,ERR,ERR,ERR,ERR,ERR,ERR,ERR,ERR,ERR,ERR,ERR,ERR,ERR,ERR,2.7184246165485387e+23,0.0,0.0,2.7183478752108883e+23,0.0,50922928.0,-73820320825344.0,0.0,0,0,4,17342,7116,0.0,100,0.0,0.0,2.7183478752108883e+23,0.0,0.0,0,0,0,0,0.0,0,0,0,0,0,0,0,0,0,0,0,0,0,0,0,0,0,0,0,0,0,0,0,0,0,0,0,0,0,0,0,0,0,31,40,40,71,65476,0,300,0,0,8,21553,0.0,-107605600.0,0.0,0.0,0.0,0.0,0.0,0.0,0.0,0.0,0.0,0.0,0.0,0.0,0.0,0.0,0.0,0.0,0.0,0.0,0.0,0.0,2.004,0.0,0.0,0.0,0.0,0.0,0.0,0.0,5159.0,-131350.516,6937.0,2.7184246165485387e+23,0.0,2.004,2.004,0.0,0.0,0.0,0.0,69,-0.0,0.0,0.0,0.0,0.0,0.0,0.0,0.0,0.0,0,0,0,0.0,0.0,0.0,0.0,0.0,0.0,0.0,0.0,0.0,0.0,0.0,0.0,0.0,0.0,0.0,0.0,0,-107875648.0,69,0.0,138,0.0,2.012,ERR,ERR,ERR,ERR,ERR,ERR,ERR,ERR,ERR,ERR,ERR,ERR,ERR,ERR,ERR,ERR,ERR,ERR,ERR,ERR,ERR,ERR,ERR,ERR,ERR,ERR,ERR,ERR,ERR,ERR,ERR,ERR,ERR,ERR,ERR,ERR,ERR,ERR,ERR,ERR,ERR,ERR,ERR,ERR,ERR,ERR,ERR,ERR,ERR,ERR,ERR,ERR,ERR,ERR,ERR,ERR,ERR,ERR,ERR,ERR,ERR,ERR,ERR,ERR,ERR,ERR,ERR,60.0,60.0,35,0.0,0.0,0.0,0.0,0.0,0.0,0.0,0.0,0.0,0.0,0.0,0.0,0.0,0.0,0.0,0.0,64.8,0,123,60,47,65476,0,65476,1,4,4,20529,65476,0,0,2621,60.0,0.0,0.0,0.0,0.0,0.0
2026-07-09T15:41:06,ERR,ERR,ERR,ERR,ERR,ERR,ERR,ERR,ERR,ERR,ERR,ERR,ERR,ERR,ERR,ERR,ERR,ERR,ERR,ERR,ERR,ERR,ERR,ERR,ERR,ERR,ERR,ERR,ERR,ERR,ERR,ERR,ERR,ERR,ERR,ERR,ERR,ERR,ERR,ERR,ERR,ERR,ERR,ERR,ERR,ERR,ERR,ERR,ERR,ERR,ERR,ERR,ERR,ERR,ERR,ERR,ERR,ERR,ERR,ERR,ERR,ERR,ERR,ERR,ERR,ERR,ERR,ERR,ERR,ERR,ERR,ERR,ERR,ERR,ERR,ERR,ERR,ERR,ERR,ERR,ERR,ERR,ERR,ERR,ERR,ERR,ERR,ERR,ERR,ERR,ERR,ERR,ERR,ERR,ERR,ERR,ERR,ERR,ERR,ERR,ERR,ERR,ERR,ERR,ERR,ERR,ERR,ERR,ERR,ERR,ERR,ERR,ERR,ERR,ERR,ERR,ERR,ERR,ERR,ERR,ERR,ERR,ERR,ERR,ERR,2.7184246165485387e+23,0.0,0.0,2.7183478752108883e+23,0.0,50922928.0,-73820320825344.0,0.0,0,0,4,17342,7116,0.0,100,0.0,0.0,2.7183478752108883e+23,0.0,0.0,0,0,0,0,0.0,0,0,0,0,0,0,0,0,0,0,0,0,0,0,0,0,0,0,0,0,0,0,0,0,0,0,0,0,0,0,0,0,0,31,40,40,71,65476,0,300,0,0,8,21553,0.0,-107605600.0,0.0,0.0,0.0,0.0,0.0,0.0,0.0,0.0,0.0,0.0,0.0,0.0,0.0,0.0,0.0,0.0,0.0,0.0,0.0,0.0,2.004,0.0,0.0,0.0,0.0,0.0,0.0,0.0,5159.0,-131350.516,6937.0,2.7184246165485387e+23,0.0,2.004,2.004,0.0,0.0,0.0,0.0,69,-0.0,0.0,0.0,0.0,0.0,0.0,0.0,0.0,0.0,0,0,0,0.0,0.0,0.0,0.0,0.0,0.0,0.0,0.0,0.0,0.0,0.0,0.0,0.0,0.0,0.0,0.0,0,-107875648.0,69,0.0,138,0.0,2.012,ERR,ERR,ERR,ERR,ERR,ERR,ERR,ERR,ERR,ERR,ERR,ERR,ERR,ERR,ERR,ERR,ERR,ERR,ERR,ERR,ERR,ERR,ERR,ERR,ERR,ERR,ERR,ERR,ERR,ERR,ERR,ERR,ERR,ERR,ERR,ERR,ERR,ERR,ERR,ERR,ERR,ERR,ERR,ERR,ERR,ERR,ERR,ERR,ERR,ERR,ERR,ERR,ERR,ERR,ERR,ERR,ERR,ERR,ERR,ERR,ERR,ERR,ERR,ERR,ERR,ERR,ERR,60.0,60.0,35,0.0,0.0,0.0,0.0,0.0,0.0,0.0,0.0,0.0,0.0,0.0,0.0,0.0,0.0,0.0,0.0,64.8,0,123,60,47,65476,0,65476,1,4,4,20529,65476,0,0,2621,60.0,0.0,0.0,0.0,0.0,0.0
2026-07-09T15:41:07,ERR,ERR,ERR,ERR,ERR,ERR,ERR,ERR,ERR,ERR,ERR,ERR,ERR,ERR,ERR,ERR,ERR,ERR,ERR,ERR,ERR,ERR,ERR,ERR,ERR,ERR,ERR,ERR,ERR,ERR,ERR,ERR,ERR,ERR,ERR,ERR,ERR,ERR,ERR,ERR,ERR,ERR,ERR,ERR,ERR,ERR,ERR,ERR,ERR,ERR,ERR,ERR,ERR,ERR,ERR,ERR,ERR,ERR,ERR,ERR,ERR,ERR,ERR,ERR,ERR,ERR,ERR,ERR,ERR,ERR,ERR,ERR,ERR,ERR,ERR,ERR,ERR,ERR,ERR,ERR,ERR,ERR,ERR,ERR,ERR,ERR,ERR,ERR,ERR,ERR,ERR,ERR,ERR,ERR,ERR,ERR,ERR,ERR,ERR,ERR,ERR,ERR,ERR,ERR,ERR,ERR,ERR,ERR,ERR,ERR,ERR,ERR,ERR,ERR,ERR,ERR,ERR,ERR,ERR,ERR,ERR,ERR,ERR,ERR,ERR,2.7184246165485387e+23,0.0,0.0,2.7183478752108883e+23,0.0,50922928.0,-73820320825344.0,0.0,0,0,4,17342,7116,0.0,100,0.0,0.0,2.7183478752108883e+23,0.0,0.0,0,0,0,0,0.0,0,0,0,0,0,0,0,0,0,0,0,0,0,0,0,0,0,0,0,0,0,0,0,0,0,0,0,0,0,0,0,0,0,31,40,40,71,65476,0,300,0,0,8,21553,0.0,-107605600.0,0.0,0.0,0.0,0.0,0.0,0.0,0.0,0.0,0.0,0.0,0.0,0.0,0.0,0.0,0.0,0.0,0.0,0.0,0.0,0.0,2.004,0.0,0.0,0.0,0.0,0.0,0.0,0.0,5159.0,-131350.516,6937.0,2.7184246165485387e+23,0.0,2.004,2.004,0.0,0.0,0.0,0.0,69,-0.0,0.0,0.0,0.0,0.0,0.0,0.0,0.0,0.0,0,0,0,0.0,0.0,0.0,0.0,0.0,0.0,0.0,0.0,0.0,0.0,0.0,0.0,0.0,0.0,0.0,0.0,0,-107875648.0,69,0.0,138,0.0,2.012,ERR,ERR,ERR,ERR,ERR,ERR,ERR,ERR,ERR,ERR,ERR,ERR,ERR,ERR,ERR,ERR,ERR,ERR,ERR,ERR,ERR,ERR,ERR,ERR,ERR,ERR,ERR,ERR,ERR,ERR,ERR,ERR,ERR,ERR,ERR,ERR,ERR,ERR,ERR,ERR,ERR,ERR,ERR,ERR,ERR,ERR,ERR,ERR,ERR,ERR,ERR,ERR,ERR,ERR,ERR,ERR,ERR,ERR,ERR,ERR,ERR,ERR,ERR,ERR,ERR,ERR,ERR,60.0,60.0,35,0.0,0.0,0.0,0.0,0.0,0.0,0.0,0.0,0.0,0.0,0.0,0.0,0.0,0.0,0.0,0.0,64.8,0,123,59,47,65476,0,65476,1,4,4,20529,65476,0,0,2621,60.0,0.0,0.0,0.0,0.0,0.0
2026-07-09T15:41:08,ERR,ERR,ERR,ERR,ERR,ERR,ERR,ERR,ERR,ERR,ERR,ERR,ERR,ERR,ERR,ERR,ERR,ERR,ERR,ERR,ERR,ERR,ERR,ERR,ERR,ERR,ERR,ERR,ERR,ERR,ERR,ERR,ERR,ERR,ERR,ERR,ERR,ERR,ERR,ERR,ERR,ERR,ERR,ERR,ERR,ERR,ERR,ERR,ERR,ERR,ERR,ERR,ERR,ERR,ERR,ERR,ERR,ERR,ERR,ERR,ERR,ERR,ERR,ERR,ERR,ERR,ERR,ERR,ERR,ERR,ERR,ERR,ERR,ERR,ERR,ERR,ERR,ERR,ERR,ERR,ERR,ERR,ERR,ERR,ERR,ERR,ERR,ERR,ERR,ERR,ERR,ERR,ERR,ERR,ERR,ERR,ERR,ERR,ERR,ERR,ERR,ERR,ERR,ERR,ERR,ERR,ERR,ERR,ERR,ERR,ERR,ERR,ERR,ERR,ERR,ERR,ERR,ERR,ERR,ERR,ERR,ERR,ERR,ERR,ERR,2.7184246165485387e+23,0.0,0.0,2.7183478752108883e+23,0.0,50922928.0,-73820320825344.0,0.0,0,0,4,17342,7116,0.0,100,0.0,0.0,2.7183478752108883e+23,0.0,0.0,0,0,0,0,0.0,0,0,0,0,0,0,0,0,0,0,0,0,0,0,0,0,0,0,0,0,0,0,0,0,0,0,0,0,0,0,0,0,0,31,40,40,71,65476,0,300,0,0,8,21553,0.0,-107605600.0,0.0,0.0,0.0,0.0,0.0,0.0,0.0,0.0,0.0,0.0,0.0,0.0,0.0,0.0,0.0,0.0,0.0,0.0,0.0,0.0,2.004,0.0,0.0,0.0,0.0,0.0,0.0,0.0,5159.0,-131350.516,6937.0,2.7184246165485387e+23,0.0,2.004,2.004,0.0,0.0,0.0,0.0,69,-0.0,0.0,0.0,0.0,0.0,0.0,0.0,0.0,0.0,0,0,0,0.0,0.0,0.0,0.0,0.0,0.0,0.0,0.0,0.0,0.0,0.0,0.0,0.0,0.0,0.0,0.0,0,-107875648.0,69,0.0,138,0.0,2.012,ERR,ERR,ERR,ERR,ERR,ERR,ERR,ERR,ERR,ERR,ERR,ERR,ERR,ERR,ERR,ERR,ERR,ERR,ERR,ERR,ERR,ERR,ERR,ERR,ERR,ERR,ERR,ERR,ERR,ERR,ERR,ERR,ERR,ERR,ERR,ERR,ERR,ERR,ERR,ERR,ERR,ERR,ERR,ERR,ERR,ERR,ERR,ERR,ERR,ERR,ERR,ERR,ERR,ERR,ERR,ERR,ERR,ERR,ERR,ERR,ERR,ERR,ERR,ERR,ERR,ERR,ERR,60.0,60.0,35,0.0,0.0,0.0,0.0,0.0,0.0,0.0,0.0,0.0,0.0,0.0,0.0,0.0,0.0,0.0,0.0,64.8,0,123,59,47,65476,0,65476,1,4,4,20529,65476,0,0,2621,60.0,0.0,0.0,0.0,0.0,0.0
2026-07-09T15:41:09,ERR,ERR,ERR,ERR,ERR,ERR,ERR,ERR,ERR,ERR,ERR,ERR,ERR,ERR,ERR,ERR,ERR,ERR,ERR,ERR,ERR,ERR,ERR,ERR,ERR,ERR,ERR,ERR,ERR,ERR,ERR,ERR,ERR,ERR,ERR,ERR,ERR,ERR,ERR,ERR,ERR,ERR,ERR,ERR,ERR,ERR,ERR,ERR,ERR,ERR,ERR,ERR,ERR,ERR,ERR,ERR,ERR,ERR,ERR,ERR,ERR,ERR,ERR,ERR,ERR,ERR,ERR,ERR,ERR,ERR,ERR,ERR,ERR,ERR,ERR,ERR,ERR,ERR,ERR,ERR,ERR,ERR,ERR,ERR,ERR,ERR,ERR,ERR,ERR,ERR,ERR,ERR,ERR,ERR,ERR,ERR,ERR,ERR,ERR,ERR,ERR,ERR,ERR,ERR,ERR,ERR,ERR,ERR,ERR,ERR,ERR,ERR,ERR,ERR,ERR,ERR,ERR,ERR,ERR,ERR,ERR,ERR,ERR,ERR,ERR,2.7184246165485387e+23,0.0,0.0,2.7183478752108883e+23,0.0,50922928.0,-73820320825344.0,0.0,0,0,4,17342,7116,0.0,100,0.0,0.0,2.7183478752108883e+23,0.0,0.0,0,0,0,0,0.0,0,0,0,0,0,0,0,0,0,0,0,0,0,0,0,0,0,0,0,0,0,0,0,0,0,0,0,0,0,0,0,0,0,31,40,40,71,65476,0,300,0,0,8,21553,0.0,-107605600.0,0.0,0.0,0.0,0.0,0.0,0.0,0.0,0.0,0.0,0.0,0.0,0.0,0.0,0.0,0.0,0.0,0.0,0.0,0.0,0.0,2.004,0.0,0.0,0.0,0.0,0.0,0.0,0.0,5159.0,-131350.516,6937.0,2.7184246165485387e+23,0.0,2.004,2.004,0.0,0.0,0.0,0.0,69,-0.0,0.0,0.0,0.0,0.0,0.0,0.0,0.0,0.0,0,0,0,0.0,0.0,0.0,0.0,0.0,0.0,0.0,0.0,0.0,0.0,0.0,0.0,0.0,0.0,0.0,0.0,0,-107875648.0,69,0.0,138,0.0,2.012,ERR,ERR,ERR,ERR,ERR,ERR,ERR,ERR,ERR,ERR,ERR,ERR,ERR,ERR,ERR,ERR,ERR,ERR,ERR,ERR,ERR,ERR,ERR,ERR,ERR,ERR,ERR,ERR,ERR,ERR,ERR,ERR,ERR,ERR,ERR,ERR,ERR,ERR,ERR,ERR,ERR,ERR,ERR,ERR,ERR,ERR,ERR,ERR,ERR,ERR,ERR,ERR,ERR,ERR,ERR,ERR,ERR,ERR,ERR,ERR,ERR,ERR,ERR,ERR,ERR,ERR,ERR,60.0,60.0,35,0.0,0.0,0.0,0.0,0.0,0.0,0.0,0.0,0.0,0.0,0.0,0.0,0.0,0.0,0.0,0.0,65.2,0,123,59,47,65476,0,65476,1,4,4,20529,65476,0,0,2621,60.0,0.0,0.0,0.0,0.0,0.0
2026-07-09T15:41:10,ERR,ERR,ERR,ERR,ERR,ERR,ERR,ERR,ERR,ERR,ERR,ERR,ERR,ERR,ERR,ERR,ERR,ERR,ERR,ERR,ERR,ERR,ERR,ERR,ERR,ERR,ERR,ERR,ERR,ERR,ERR,ERR,ERR,ERR,ERR,ERR,ERR,ERR,ERR,ERR,ERR,ERR,ERR,ERR,ERR,ERR,ERR,ERR,ERR,ERR,ERR,ERR,ERR,ERR,ERR,ERR,ERR,ERR,ERR,ERR,ERR,ERR,ERR,ERR,ERR,ERR,ERR,ERR,ERR,ERR,ERR,ERR,ERR,ERR,ERR,ERR,ERR,ERR,ERR,ERR,ERR,ERR,ERR,ERR,ERR,ERR,ERR,ERR,ERR,ERR,ERR,ERR,ERR,ERR,ERR,ERR,ERR,ERR,ERR,ERR,ERR,ERR,ERR,ERR,ERR,ERR,ERR,ERR,ERR,ERR,ERR,ERR,ERR,ERR,ERR,ERR,ERR,ERR,ERR,ERR,ERR,ERR,ERR,ERR,ERR,2.7184246165485387e+23,0.0,-0.0,0.0,-5.962081218757688e+20,0.0,-0.001,0.0,0,0,4,17336,7116,0.0,100,0.0,0.0,0.0,0.0,0.0,0,0,0,0,0.0,0,0,0,0,0,0,0,0,0,0,0,0,0,0,0,0,0,0,0,0,0,0,0,0,0,0,0,0,0,0,0,0,0,31,40,40,71,65476,0,300,0,0,8,21553,0.0,-107605600.0,0.0,0.0,0.0,0.0,0.0,0.0,0.0,0.0,0.0,0.0,0.0,0.0,0.0,0.0,0.0,0.0,0.0,0.0,0.0,0.0,2.004,-3.697071344610758e+19,0.0,0.0,0.0,0.0,0.0,0.0,5171.0,-2.4229893456841626e+24,6941.0,2.7184246165485387e+23,-107616144.0,2.004,2.004,0.0,0.0,0.0,0.0,69,107615248.0,0.059,0.0,0.0,0.0,0.0,0.0,0.0,0.0,0,0,0,0.0,0.0,0.0,0.0,0.0,0.0,0.0,0.0,0.0,0.0,0.0,0.0,0.0,0.0,0.0,0.0,0,-107875648.0,69,0.0,138,0.0,2.012,ERR,ERR,ERR,ERR,ERR,ERR,ERR,ERR,ERR,ERR,ERR,ERR,ERR,ERR,ERR,ERR,ERR,ERR,ERR,ERR,ERR,ERR,ERR,ERR,ERR,ERR,ERR,ERR,ERR,ERR,ERR,ERR,ERR,ERR,ERR,ERR,ERR,ERR,ERR,ERR,ERR,ERR,ERR,ERR,ERR,ERR,ERR,ERR,ERR,ERR,ERR,ERR,ERR,ERR,ERR,ERR,ERR,ERR,ERR,ERR,ERR,ERR,ERR,ERR,ERR,ERR,ERR,60.0,60.0,35,0.0,0.0,0.0,0.0,0.0,0.0,0.0,0.0,0.0,0.0,0.0,0.0,0.0,0.0,0.0,0.0,65.2,0,123,59,47,65476,0,65476,1,4,4,20529,65476,0,0,2621,60.0,0.0,0.0,0.0,0.0,0.0
2026-07-09T15:41:11,ERR,ERR,ERR,ERR,ERR,ERR,ERR,ERR,ERR,ERR,ERR,ERR,ERR,ERR,ERR,ERR,ERR,ERR,ERR,ERR,ERR,ERR,ERR,ERR,ERR,ERR,ERR,ERR,ERR,ERR,ERR,ERR,ERR,ERR,ERR,ERR,ERR,ERR,ERR,ERR,ERR,ERR,ERR,ERR,ERR,ERR,ERR,ERR,ERR,ERR,ERR,ERR,ERR,ERR,ERR,ERR,ERR,ERR,ERR,ERR,ERR,ERR,ERR,ERR,ERR,ERR,ERR,ERR,ERR,ERR,ERR,ERR,ERR,ERR,ERR,ERR,ERR,ERR,ERR,ERR,ERR,ERR,ERR,ERR,ERR,ERR,ERR,ERR,ERR,ERR,ERR,ERR,ERR,ERR,ERR,ERR,ERR,ERR,ERR,ERR,ERR,ERR,ERR,ERR,ERR,ERR,ERR,ERR,ERR,ERR,ERR,ERR,ERR,ERR,ERR,ERR,ERR,ERR,ERR,ERR,ERR,ERR,ERR,ERR,ERR,2.7184246165485387e+23,0.0,-0.0,0.0,-5.962081218757688e+20,0.0,-0.001,0.0,0,0,4,17336,7116,0.0,100,0.0,0.0,0.0,0.0,0.0,0,0,0,0,0.0,0,0,0,0,0,0,0,0,0,0,0,0,0,0,0,0,0,0,0,0,0,0,0,0,0,0,0,0,0,0,0,0,0,31,40,40,71,65476,0,300,0,0,8,21553,0.0,-107605600.0,0.0,0.0,0.0,0.0,0.0,0.0,0.0,0.0,0.0,0.0,0.0,0.0,0.0,0.0,0.0,0.0,0.0,0.0,0.0,0.0,2.004,-3.697071344610758e+19,0.0,0.0,0.0,0.0,0.0,0.0,5171.0,-2.4229893456841626e+24,6941.0,2.7184246165485387e+23,-107616144.0,2.004,2.004,0.0,0.0,0.0,0.0,69,107615248.0,0.059,0.0,0.0,0.0,0.0,0.0,0.0,0.0,0,0,0,0.0,0.0,0.0,0.0,0.0,0.0,0.0,0.0,0.0,0.0,0.0,0.0,0.0,0.0,0.0,0.0,0,-107875648.0,69,0.0,138,0.0,2.012,ERR,ERR,ERR,ERR,ERR,ERR,ERR,ERR,ERR,ERR,ERR,ERR,ERR,ERR,ERR,ERR,ERR,ERR,ERR,ERR,ERR,ERR,ERR,ERR,ERR,ERR,ERR,ERR,ERR,ERR,ERR,ERR,ERR,ERR,ERR,ERR,ERR,ERR,ERR,ERR,ERR,ERR,ERR,ERR,ERR,ERR,ERR,ERR,ERR,ERR,ERR,ERR,ERR,ERR,ERR,ERR,ERR,ERR,ERR,ERR,ERR,ERR,ERR,ERR,ERR,ERR,ERR,60.0,60.0,35,0.0,0.0,0.0,0.0,0.0,0.0,0.0,0.0,0.0,0.0,0.0,0.0,0.0,0.0,0.0,0.0,65.2,0,123,59,47,65476,0,65476,1,4,4,20529,65476,0,0,2621,60.0,0.0,0.0,0.0,0.0,0.0
2026-07-09T15:41:12,ERR,ERR,ERR,ERR,ERR,ERR,ERR,ERR,ERR,ERR,ERR,ERR,ERR,ERR,ERR,ERR,ERR,ERR,ERR,ERR,ERR,ERR,ERR,ERR,ERR,ERR,ERR,ERR,ERR,ERR,ERR,ERR,ERR,ERR,ERR,ERR,ERR,ERR,ERR,ERR,ERR,ERR,ERR,ERR,ERR,ERR,ERR,ERR,ERR,ERR,ERR,ERR,ERR,ERR,ERR,ERR,ERR,ERR,ERR,ERR,ERR,ERR,ERR,ERR,ERR,ERR,ERR,ERR,ERR,ERR,ERR,ERR,ERR,ERR,ERR,ERR,ERR,ERR,ERR,ERR,ERR,ERR,ERR,ERR,ERR,ERR,ERR,ERR,ERR,ERR,ERR,ERR,ERR,ERR,ERR,ERR,ERR,ERR,ERR,ERR,ERR,ERR,ERR,ERR,ERR,ERR,ERR,ERR,ERR,ERR,ERR,ERR,ERR,ERR,ERR,ERR,ERR,ERR,ERR,ERR,ERR,ERR,ERR,ERR,ERR,2.7184246165485387e+23,0.0,-0.0,0.0,-5.962081218757688e+20,0.0,-0.001,0.0,0,0,4,17336,7116,0.0,100,0.0,0.0,0.0,0.0,0.0,0,0,0,0,0.0,0,0,0,0,0,0,0,0,0,0,0,0,0,0,0,0,0,0,0,0,0,0,0,0,0,0,0,0,0,0,0,0,0,31,40,40,71,65476,0,300,0,0,8,21553,0.0,-107605600.0,0.0,0.0,0.0,0.0,0.0,0.0,0.0,0.0,0.0,0.0,0.0,0.0,0.0,0.0,0.0,0.0,0.0,0.0,0.0,0.0,2.004,-3.697071344610758e+19,0.0,0.0,0.0,0.0,0.0,0.0,5171.0,-2.4229893456841626e+24,6941.0,2.7184246165485387e+23,-107616144.0,2.004,2.004,0.0,0.0,0.0,0.0,69,107615248.0,0.059,0.0,0.0,0.0,0.0,0.0,0.0,0.0,0,0,0,0.0,0.0,0.0,0.0,0.0,0.0,0.0,0.0,0.0,0.0,0.0,0.0,0.0,0.0,0.0,0.0,0,-107875648.0,69,0.0,138,0.0,2.012,ERR,ERR,ERR,ERR,ERR,ERR,ERR,ERR,ERR,ERR,ERR,ERR,ERR,ERR,ERR,ERR,ERR,ERR,ERR,ERR,ERR,ERR,ERR,ERR,ERR,ERR,ERR,ERR,ERR,ERR,ERR,ERR,ERR,ERR,ERR,ERR,ERR,ERR,ERR,ERR,ERR,ERR,ERR,ERR,ERR,ERR,ERR,ERR,ERR,ERR,ERR,ERR,ERR,ERR,ERR,ERR,ERR,ERR,ERR,ERR,ERR,ERR,ERR,ERR,ERR,ERR,ERR,60.0,60.0,35,0.0,0.0,0.0,0.0,0.0,0.0,0.0,0.0,0.0,0.0,0.0,0.0,0.0,0.0,0.0,0.0,64.8,0,123,59,47,65476,0,65476,1,4,4,20529,65476,0,0,2621,60.0,0.0,0.0,0.0,0.0,0.0
2026-07-09T15:41:13,ERR,ERR,ERR,ERR,ERR,ERR,ERR,ERR,ERR,ERR,ERR,ERR,ERR,ERR,ERR,ERR,ERR,ERR,ERR,ERR,ERR,ERR,ERR,ERR,ERR,ERR,ERR,ERR,ERR,ERR,ERR,ERR,ERR,ERR,ERR,ERR,ERR,ERR,ERR,ERR,ERR,ERR,ERR,ERR,ERR,ERR,ERR,ERR,ERR,ERR,ERR,ERR,ERR,ERR,ERR,ERR,ERR,ERR,ERR,ERR,ERR,ERR,ERR,ERR,ERR,ERR,ERR,ERR,ERR,ERR,ERR,ERR,ERR,ERR,ERR,ERR,ERR,ERR,ERR,ERR,ERR,ERR,ERR,ERR,ERR,ERR,ERR,ERR,ERR,ERR,ERR,ERR,ERR,ERR,ERR,ERR,ERR,ERR,ERR,ERR,ERR,ERR,ERR,ERR,ERR,ERR,ERR,ERR,ERR,ERR,ERR,ERR,ERR,ERR,ERR,ERR,ERR,ERR,ERR,ERR,ERR,ERR,ERR,ERR,ERR,2.7184246165485387e+23,0.0,-0.0,0.0,-5.962081218757688e+20,0.0,-0.001,0.0,0,0,4,17336,7116,0.0,100,0.0,0.0,0.0,0.0,0.0,0,0,0,0,0.0,0,0,0,0,0,0,0,0,0,0,0,0,0,0,0,0,0,0,0,0,0,0,0,0,0,0,0,0,0,0,0,0,0,31,40,40,71,65476,0,300,0,0,8,21553,0.0,-107605600.0,0.0,0.0,0.0,0.0,0.0,0.0,0.0,0.0,0.0,0.0,0.0,0.0,0.0,0.0,0.0,0.0,0.0,0.0,0.0,0.0,2.004,-3.697071344610758e+19,0.0,0.0,0.0,0.0,0.0,0.0,5171.0,-2.4229893456841626e+24,6941.0,2.7184246165485387e+23,-107616144.0,2.004,2.004,0.0,0.0,0.0,0.0,69,107615248.0,0.059,0.0,0.0,0.0,0.0,0.0,0.0,0.0,0,0,0,0.0,0.0,0.0,0.0,0.0,0.0,0.0,0.0,0.0,0.0,0.0,0.0,0.0,0.0,0.0,0.0,0,-107875648.0,69,0.0,138,0.0,2.012,ERR,ERR,ERR,ERR,ERR,ERR,ERR,ERR,ERR,ERR,ERR,ERR,ERR,ERR,ERR,ERR,ERR,ERR,ERR,ERR,ERR,ERR,ERR,ERR,ERR,ERR,ERR,ERR,ERR,ERR,ERR,ERR,ERR,ERR,ERR,ERR,ERR,ERR,ERR,ERR,ERR,ERR,ERR,ERR,ERR,ERR,ERR,ERR,ERR,ERR,ERR,ERR,ERR,ERR,ERR,ERR,ERR,ERR,ERR,ERR,ERR,ERR,ERR,ERR,ERR,ERR,ERR,60.0,60.0,35,0.0,0.0,0.0,0.0,0.0,0.0,0.0,0.0,0.0,0.0,0.0,0.0,0.0,0.0,0.0,0.0,64.8,0,123,59,47,65476,0,65476,1,4,4,20529,65476,0,0,2621,60.0,0.0,0.0,0.0,0.0,0.0
2026-07-09T15:41:14,ERR,ERR,ERR,ERR,ERR,ERR,ERR,ERR,ERR,ERR,ERR,ERR,ERR,ERR,ERR,ERR,ERR,ERR,ERR,ERR,ERR,ERR,ERR,ERR,ERR,ERR,ERR,ERR,ERR,ERR,ERR,ERR,ERR,ERR,ERR,ERR,ERR,ERR,ERR,ERR,ERR,ERR,ERR,ERR,ERR,ERR,ERR,ERR,ERR,ERR,ERR,ERR,ERR,ERR,ERR,ERR,ERR,ERR,ERR,ERR,ERR,ERR,ERR,ERR,ERR,ERR,ERR,ERR,ERR,ERR,ERR,ERR,ERR,ERR,ERR,ERR,ERR,ERR,ERR,ERR,ERR,ERR,ERR,ERR,ERR,ERR,ERR,ERR,ERR,ERR,ERR,ERR,ERR,ERR,ERR,ERR,ERR,ERR,ERR,ERR,ERR,ERR,ERR,ERR,ERR,ERR,ERR,ERR,ERR,ERR,ERR,ERR,ERR,ERR,ERR,ERR,ERR,ERR,ERR,ERR,ERR,ERR,ERR,ERR,ERR,0.0,-107616144.0,-0.0,0.0,-2.95798323481787e+20,117711929344.0,-4.961795328442368e+16,-1018988134400.0,0,0,4,17338,7116,0.0,100,0.0,0.0,2.7183478752108883e+23,0.0,0.0,0,0,0,0,0.0,0,0,0,0,0,0,0,0,0,0,0,0,0,0,0,0,0,0,0,0,0,0,0,0,0,0,0,0,0,0,0,0,0,31,40,40,71,65476,0,300,0,0,8,21553,0.0,-107605600.0,0.0,0.0,0.0,0.0,0.0,0.0,0.0,0.0,0.0,0.0,0.0,0.0,0.0,0.0,0.0,0.0,0.0,0.0,0.0,0.0,2.004,-0.0,0.0,0.0,0.0,0.0,0.0,0.0,5193.0,0.0,6917.0,0.0,-0.0,2.004,2.004,0.0,0.0,0.0,0.0,69,-4.950423568755355e+32,-0.0,0.0,0.0,0.0,0.0,0.0,0.0,0.0,0,0,0,0.0,0.0,0.0,0.0,0.0,0.0,0.0,0.0,0.0,0.0,0.0,0.0,0.0,0.0,0.0,0.0,0,-107875648.0,69,0.0,138,0.0,2.012,ERR,ERR,ERR,ERR,ERR,ERR,ERR,ERR,ERR,ERR,ERR,ERR,ERR,ERR,ERR,ERR,ERR,ERR,ERR,ERR,ERR,ERR,ERR,ERR,ERR,ERR,ERR,ERR,ERR,ERR,ERR,ERR,ERR,ERR,ERR,ERR,ERR,ERR,ERR,ERR,ERR,ERR,ERR,ERR,ERR,ERR,ERR,ERR,ERR,ERR,ERR,ERR,ERR,ERR,ERR,ERR,ERR,ERR,ERR,ERR,ERR,ERR,ERR,ERR,ERR,ERR,ERR,60.0,60.0,35,0.0,0.0,0.0,0.0,0.0,0.0,0.0,0.0,0.0,0.0,0.0,0.0,0.0,0.0,0.0,0.0,64.8,0,123,59,47,65476,0,65476,1,4,4,20529,65476,0,0,2621,60.0,0.0,0.0,0.0,0.0,0.0
2026-07-09T15:41:15,ERR,ERR,ERR,ERR,ERR,ERR,ERR,ERR,ERR,ERR,ERR,ERR,ERR,ERR,ERR,ERR,ERR,ERR,ERR,ERR,ERR,ERR,ERR,ERR,ERR,ERR,ERR,ERR,ERR,ERR,ERR,ERR,ERR,ERR,ERR,ERR,ERR,ERR,ERR,ERR,ERR,ERR,ERR,ERR,ERR,ERR,ERR,ERR,ERR,ERR,ERR,ERR,ERR,ERR,ERR,ERR,ERR,ERR,ERR,ERR,ERR,ERR,ERR,ERR,ERR,ERR,ERR,ERR,ERR,ERR,ERR,ERR,ERR,ERR,ERR,ERR,ERR,ERR,ERR,ERR,ERR,ERR,ERR,ERR,ERR,ERR,ERR,ERR,ERR,ERR,ERR,ERR,ERR,ERR,ERR,ERR,ERR,ERR,ERR,ERR,ERR,ERR,ERR,ERR,ERR,ERR,ERR,ERR,ERR,ERR,ERR,ERR,ERR,ERR,ERR,ERR,ERR,ERR,ERR,ERR,ERR,ERR,ERR,ERR,ERR,0.0,-107616144.0,-0.0,0.0,-2.95798323481787e+20,117711929344.0,-4.961795328442368e+16,-1018988134400.0,0,0,4,17338,7116,0.0,100,0.0,0.0,2.7183478752108883e+23,0.0,0.0,0,0,0,0,0.0,0,0,0,0,0,0,0,0,0,0,0,0,0,0,0,0,0,0,0,0,0,0,0,0,0,0,0,0,0,0,0,0,0,31,40,40,71,65476,0,300,0,0,8,21553,0.0,-107605600.0,0.0,0.0,0.0,0.0,0.0,0.0,0.0,0.0,0.0,0.0,0.0,0.0,0.0,0.0,0.0,0.0,0.0,0.0,0.0,0.0,2.004,-0.0,0.0,0.0,0.0,0.0,0.0,0.0,5193.0,0.0,6917.0,0.0,-0.0,2.004,2.004,0.0,0.0,0.0,0.0,69,-4.950423568755355e+32,-0.0,0.0,0.0,0.0,0.0,0.0,0.0,0.0,0,0,0,0.0,0.0,0.0,0.0,0.0,0.0,0.0,0.0,0.0,0.0,0.0,0.0,0.0,0.0,0.0,0.0,0,-107875648.0,69,0.0,138,0.0,2.012,ERR,ERR,ERR,ERR,ERR,ERR,ERR,ERR,ERR,ERR,ERR,ERR,ERR,ERR,ERR,ERR,ERR,ERR,ERR,ERR,ERR,ERR,ERR,ERR,ERR,ERR,ERR,ERR,ERR,ERR,ERR,ERR,ERR,ERR,ERR,ERR,ERR,ERR,ERR,ERR,ERR,ERR,ERR,ERR,ERR,ERR,ERR,ERR,ERR,ERR,ERR,ERR,ERR,ERR,ERR,ERR,ERR,ERR,ERR,ERR,ERR,ERR,ERR,ERR,ERR,ERR,ERR,60.0,60.0,35,0.0,0.0,0.0,0.0,0.0,0.0,0.0,0.0,0.0,0.0,0.0,0.0,0.0,0.0,0.0,0.0,64.8,0,123,59,47,65476,0,65476,1,4,4,20529,65476,0,0,2621,60.0,0.0,0.0,0.0,0.0,0.0
2026-07-09T15:41:16,ERR,ERR,ERR,ERR,ERR,ERR,ERR,ERR,ERR,ERR,ERR,ERR,ERR,ERR,ERR,ERR,ERR,ERR,ERR,ERR,ERR,ERR,ERR,ERR,ERR,ERR,ERR,ERR,ERR,ERR,ERR,ERR,ERR,ERR,ERR,ERR,ERR,ERR,ERR,ERR,ERR,ERR,ERR,ERR,ERR,ERR,ERR,ERR,ERR,ERR,ERR,ERR,ERR,ERR,ERR,ERR,ERR,ERR,ERR,ERR,ERR,ERR,ERR,ERR,ERR,ERR,ERR,ERR,ERR,ERR,ERR,ERR,ERR,ERR,ERR,ERR,ERR,ERR,ERR,ERR,ERR,ERR,ERR,ERR,ERR,ERR,ERR,ERR,ERR,ERR,ERR,ERR,ERR,ERR,ERR,ERR,ERR,ERR,ERR,ERR,ERR,ERR,ERR,ERR,ERR,ERR,ERR,ERR,ERR,ERR,ERR,ERR,ERR,ERR,ERR,ERR,ERR,ERR,ERR,ERR,ERR,ERR,ERR,ERR,ERR,0.0,-107616144.0,-0.0,0.0,-2.95798323481787e+20,117711929344.0,-4.961795328442368e+16,-1018988134400.0,0,0,4,17338,7116,0.0,100,0.0,0.0,2.7183478752108883e+23,0.0,0.0,0,0,0,0,0.0,0,0,0,0,0,0,0,0,0,0,0,0,0,0,0,0,0,0,0,0,0,0,0,0,0,0,0,0,0,0,0,0,0,31,40,40,71,65476,0,300,0,0,8,21553,0.0,-107605600.0,0.0,0.0,0.0,0.0,0.0,0.0,0.0,0.0,0.0,0.0,0.0,0.0,0.0,0.0,0.0,0.0,0.0,0.0,0.0,0.0,2.004,-0.0,0.0,0.0,0.0,0.0,0.0,0.0,5193.0,0.0,6917.0,0.0,-0.0,2.004,2.004,0.0,0.0,0.0,0.0,69,-4.950423568755355e+32,-0.0,0.0,0.0,0.0,0.0,0.0,0.0,0.0,0,0,0,0.0,0.0,0.0,0.0,0.0,0.0,0.0,0.0,0.0,0.0,0.0,0.0,0.0,0.0,0.0,0.0,0,-107875648.0,69,0.0,138,0.0,2.012,ERR,ERR,ERR,ERR,ERR,ERR,ERR,ERR,ERR,ERR,ERR,ERR,ERR,ERR,ERR,ERR,ERR,ERR,ERR,ERR,ERR,ERR,ERR,ERR,ERR,ERR,ERR,ERR,ERR,ERR,ERR,ERR,ERR,ERR,ERR,ERR,ERR,ERR,ERR,ERR,ERR,ERR,ERR,ERR,ERR,ERR,ERR,ERR,ERR,ERR,ERR,ERR,ERR,ERR,ERR,ERR,ERR,ERR,ERR,ERR,ERR,ERR,ERR,ERR,ERR,ERR,ERR,60.0,60.0,35,0.0,0.0,0.0,0.0,0.0,0.0,0.0,0.0,0.0,0.0,0.0,0.0,0.0,0.0,0.0,0.0,65.2,0,123,59,46,65476,0,65476,1,4,4,20529,65476,0,0,2621,60.0,0.0,0.0,0.0,0.0,0.0
2026-07-09T15:41:17,ERR,ERR,ERR,ERR,ERR,ERR,ERR,ERR,ERR,ERR,ERR,ERR,ERR,ERR,ERR,ERR,ERR,ERR,ERR,ERR,ERR,ERR,ERR,ERR,ERR,ERR,ERR,ERR,ERR,ERR,ERR,ERR,ERR,ERR,ERR,ERR,ERR,ERR,ERR,ERR,ERR,ERR,ERR,ERR,ERR,ERR,ERR,ERR,ERR,ERR,ERR,ERR,ERR,ERR,ERR,ERR,ERR,ERR,ERR,ERR,ERR,ERR,ERR,ERR,ERR,ERR,ERR,ERR,ERR,ERR,ERR,ERR,ERR,ERR,ERR,ERR,ERR,ERR,ERR,ERR,ERR,ERR,ERR,ERR,ERR,ERR,ERR,ERR,ERR,ERR,ERR,ERR,ERR,ERR,ERR,ERR,ERR,ERR,ERR,ERR,ERR,ERR,ERR,ERR,ERR,ERR,ERR,ERR,ERR,ERR,ERR,ERR,ERR,ERR,ERR,ERR,ERR,ERR,ERR,ERR,ERR,ERR,ERR,ERR,ERR,0.0,-107616144.0,-0.0,0.0,-2.95798323481787e+20,117711929344.0,-4.961795328442368e+16,-1018988134400.0,0,0,4,17338,7116,0.0,100,0.0,0.0,2.7183478752108883e+23,0.0,0.0,0,0,0,0,0.0,0,0,0,0,0,0,0,0,0,0,0,0,0,0,0,0,0,0,0,0,0,0,0,0,0,0,0,0,0,0,0,0,0,31,40,40,71,65476,0,300,0,0,8,21553,0.0,-107605600.0,0.0,0.0,0.0,0.0,0.0,0.0,0.0,0.0,0.0,0.0,0.0,0.0,0.0,0.0,0.0,0.0,0.0,0.0,0.0,0.0,2.004,-0.0,0.0,0.0,0.0,0.0,0.0,0.0,5193.0,0.0,6917.0,0.0,-0.0,2.004,2.004,0.0,0.0,0.0,0.0,69,-4.950423568755355e+32,-0.0,0.0,0.0,0.0,0.0,0.0,0.0,0.0,0,0,0,0.0,0.0,0.0,0.0,0.0,0.0,0.0,0.0,0.0,0.0,0.0,0.0,0.0,0.0,0.0,0.0,0,-107875648.0,69,0.0,138,0.0,2.012,ERR,ERR,ERR,ERR,ERR,ERR,ERR,ERR,ERR,ERR,ERR,ERR,ERR,ERR,ERR,ERR,ERR,ERR,ERR,ERR,ERR,ERR,ERR,ERR,ERR,ERR,ERR,ERR,ERR,ERR,ERR,ERR,ERR,ERR,ERR,ERR,ERR,ERR,ERR,ERR,ERR,ERR,ERR,ERR,ERR,ERR,ERR,ERR,ERR,ERR,ERR,ERR,ERR,ERR,ERR,ERR,ERR,ERR,ERR,ERR,ERR,ERR,ERR,ERR,ERR,ERR,ERR,60.0,60.0,35,0.0,0.0,0.0,0.0,0.0,0.0,0.0,0.0,0.0,0.0,0.0,0.0,0.0,0.0,0.0,0.0,65.2,0,123,59,46,65476,0,65476,1,4,4,20529,65476,0,0,2621,60.0,0.0,0.0,0.0,0.0,0.0
2026-07-09T15:41:18,ERR,ERR,ERR,ERR,ERR,ERR,ERR,ERR,ERR,ERR,ERR,ERR,ERR,ERR,ERR,ERR,ERR,ERR,ERR,ERR,ERR,ERR,ERR,ERR,ERR,ERR,ERR,ERR,ERR,ERR,ERR,ERR,ERR,ERR,ERR,ERR,ERR,ERR,ERR,ERR,ERR,ERR,ERR,ERR,ERR,ERR,ERR,ERR,ERR,ERR,ERR,ERR,ERR,ERR,ERR,ERR,ERR,ERR,ERR,ERR,ERR,ERR,ERR,ERR,ERR,ERR,ERR,ERR,ERR,ERR,ERR,ERR,ERR,ERR,ERR,ERR,ERR,ERR,ERR,ERR,ERR,ERR,ERR,ERR,ERR,ERR,ERR,ERR,ERR,ERR,ERR,ERR,ERR,ERR,ERR,ERR,ERR,ERR,ERR,ERR,ERR,ERR,ERR,ERR,ERR,ERR,ERR,ERR,ERR,ERR,ERR,ERR,ERR,ERR,ERR,ERR,ERR,ERR,ERR,ERR,ERR,ERR,ERR,ERR,ERR,0.0,-107616144.0,-0.0,0.0,-2.95798323481787e+20,117711929344.0,-4.961795328442368e+16,-1018988134400.0,0,0,4,17338,7116,0.0,100,0.0,0.0,2.7183478752108883e+23,0.0,0.0,0,0,0,0,0.0,0,0,0,0,0,0,0,0,0,0,0,0,0,0,0,0,0,0,0,0,0,0,0,0,0,0,0,0,0,0,0,0,0,31,40,40,71,65476,0,300,0,0,8,21553,0.0,-107605600.0,0.0,0.0,0.0,0.0,0.0,0.0,0.0,0.0,0.0,0.0,0.0,0.0,0.0,0.0,0.0,0.0,0.0,0.0,0.0,0.0,2.004,-0.0,0.0,0.0,0.0,0.0,0.0,0.0,5193.0,0.0,6917.0,0.0,-0.0,2.004,2.004,0.0,0.0,0.0,0.0,69,-4.950423568755355e+32,-0.0,0.0,0.0,0.0,0.0,0.0,0.0,0.0,0,0,0,0.0,0.0,0.0,0.0,0.0,0.0,0.0,0.0,0.0,0.0,0.0,0.0,0.0,0.0,0.0,0.0,0,-107875648.0,69,0.0,138,0.0,2.012,ERR,ERR,ERR,ERR,ERR,ERR,ERR,ERR,ERR,ERR,ERR,ERR,ERR,ERR,ERR,ERR,ERR,ERR,ERR,ERR,ERR,ERR,ERR,ERR,ERR,ERR,ERR,ERR,ERR,ERR,ERR,ERR,ERR,ERR,ERR,ERR,ERR,ERR,ERR,ERR,ERR,ERR,ERR,ERR,ERR,ERR,ERR,ERR,ERR,ERR,ERR,ERR,ERR,ERR,ERR,ERR,ERR,ERR,ERR,ERR,ERR,ERR,ERR,ERR,ERR,ERR,ERR,60.0,60.0,35,0.0,0.0,0.0,0.0,0.0,0.0,0.0,0.0,0.0,0.0,0.0,0.0,0.0,0.0,0.0,0.0,65.2,0,122,59,46,65476,0,65476,1,4,4,20529,65476,0,0,2621,60.0,0.0,0.0,0.0,0.0,0.0
2026-07-09T15:41:19,ERR,ERR,ERR,ERR,ERR,ERR,ERR,ERR,ERR,ERR,ERR,ERR,ERR,ERR,ERR,ERR,ERR,ERR,ERR,ERR,ERR,ERR,ERR,ERR,ERR,ERR,ERR,ERR,ERR,ERR,ERR,ERR,ERR,ERR,ERR,ERR,ERR,ERR,ERR,ERR,ERR,ERR,ERR,ERR,ERR,ERR,ERR,ERR,ERR,ERR,ERR,ERR,ERR,ERR,ERR,ERR,ERR,ERR,ERR,ERR,ERR,ERR,ERR,ERR,ERR,ERR,ERR,ERR,ERR,ERR,ERR,ERR,ERR,ERR,ERR,ERR,ERR,ERR,ERR,ERR,ERR,ERR,ERR,ERR,ERR,ERR,ERR,ERR,ERR,ERR,ERR,ERR,ERR,ERR,ERR,ERR,ERR,ERR,ERR,ERR,ERR,ERR,ERR,ERR,ERR,ERR,ERR,ERR,ERR,ERR,ERR,ERR,ERR,ERR,ERR,ERR,ERR,ERR,ERR,ERR,ERR,ERR,ERR,ERR,ERR,0.0,2.718448035266601e+23,-107090848.0,2.7183478752108883e+23,8169.028,0.0,-0.003,0.0,0,0,4,17341,7116,0.0,100,0.0,0.0,2.7183478752108883e+23,0.0,0.0,0,0,0,0,0.0,0,0,0,0,0,0,0,0,0,0,0,0,0,0,0,0,0,0,0,0,0,0,0,0,0,0,0,0,0,0,0,0,0,31,40,40,71,65476,0,300,0,0,8,21553,0.0,-107605600.0,0.0,0.0,0.0,0.0,0.0,0.0,0.0,0.0,0.0,0.0,0.0,0.0,0.0,0.0,0.0,0.0,0.0,0.0,0.0,0.0,0.0,3.697071344610758e+19,0.0,0.0,0.0,0.0,0.0,0.0,5206.0,131350.531,6921.0,-0.0,0.0,2.004,2.004,0.0,0.0,0.0,0.0,69,-0.0,-71.63,0.0,0.0,0.0,0.0,0.0,0.0,0.0,0,0,0,0.0,0.0,0.0,0.0,0.0,0.0,0.0,0.0,0.0,0.0,0.0,0.0,0.0,0.0,0.0,0.0,0,-107875648.0,69,0.0,138,0.0,2.012,ERR,ERR,ERR,ERR,ERR,ERR,ERR,ERR,ERR,ERR,ERR,ERR,ERR,ERR,ERR,ERR,ERR,ERR,ERR,ERR,ERR,ERR,ERR,ERR,ERR,ERR,ERR,ERR,ERR,ERR,ERR,ERR,ERR,ERR,ERR,ERR,ERR,ERR,ERR,ERR,ERR,ERR,ERR,ERR,ERR,ERR,ERR,ERR,ERR,ERR,ERR,ERR,ERR,ERR,ERR,ERR,ERR,ERR,ERR,ERR,ERR,ERR,ERR,ERR,ERR,ERR,ERR,60.0,60.0,35,0.0,0.0,0.0,0.0,0.0,0.0,0.0,0.0,0.0,0.0,0.0,0.0,0.0,0.0,0.0,0.0,65.2,0,122,59,46,65476,0,65476,1,4,4,20529,65476,0,0,2621,60.0,0.0,0.0,0.0,0.0,0.0
2026-07-09T15:41:20,ERR,ERR,ERR,ERR,ERR,ERR,ERR,ERR,ERR,ERR,ERR,ERR,ERR,ERR,ERR,ERR,ERR,ERR,ERR,ERR,ERR,ERR,ERR,ERR,ERR,ERR,ERR,ERR,ERR,ERR,ERR,ERR,ERR,ERR,ERR,ERR,ERR,ERR,ERR,ERR,ERR,ERR,ERR,ERR,ERR,ERR,ERR,ERR,ERR,ERR,ERR,ERR,ERR,ERR,ERR,ERR,ERR,ERR,ERR,ERR,ERR,ERR,ERR,ERR,ERR,ERR,ERR,ERR,ERR,ERR,ERR,ERR,ERR,ERR,ERR,ERR,ERR,ERR,ERR,ERR,ERR,ERR,ERR,ERR,ERR,ERR,ERR,ERR,ERR,ERR,ERR,ERR,ERR,ERR,ERR,ERR,ERR,ERR,ERR,ERR,ERR,ERR,ERR,ERR,ERR,ERR,ERR,ERR,ERR,ERR,ERR,ERR,ERR,ERR,ERR,ERR,ERR,ERR,ERR,ERR,ERR,ERR,ERR,ERR,ERR,0.0,2.718448035266601e+23,-107090848.0,2.7183478752108883e+23,8169.028,0.0,-0.003,0.0,0,0,4,17341,7116,0.0,100,0.0,0.0,2.7183478752108883e+23,0.0,0.0,0,0,0,0,0.0,0,0,0,0,0,0,0,0,0,0,0,0,0,0,0,0,0,0,0,0,0,0,0,0,0,0,0,0,0,0,0,0,0,31,40,40,71,65476,0,300,0,0,8,21553,0.0,-107605600.0,0.0,0.0,0.0,0.0,0.0,0.0,0.0,0.0,0.0,0.0,0.0,0.0,0.0,0.0,0.0,0.0,0.0,0.0,0.0,0.0,0.0,3.697071344610758e+19,0.0,0.0,0.0,0.0,0.0,0.0,5206.0,131350.531,6921.0,-0.0,0.0,2.004,2.004,0.0,0.0,0.0,0.0,69,-0.0,-71.63,0.0,0.0,0.0,0.0,0.0,0.0,0.0,0,0,0,0.0,0.0,0.0,0.0,0.0,0.0,0.0,0.0,0.0,0.0,0.0,0.0,0.0,0.0,0.0,0.0,0,-107875648.0,69,0.0,138,0.0,2.012,ERR,ERR,ERR,ERR,ERR,ERR,ERR,ERR,ERR,ERR,ERR,ERR,ERR,ERR,ERR,ERR,ERR,ERR,ERR,ERR,ERR,ERR,ERR,ERR,ERR,ERR,ERR,ERR,ERR,ERR,ERR,ERR,ERR,ERR,ERR,ERR,ERR,ERR,ERR,ERR,ERR,ERR,ERR,ERR,ERR,ERR,ERR,ERR,ERR,ERR,ERR,ERR,ERR,ERR,ERR,ERR,ERR,ERR,ERR,ERR,ERR,ERR,ERR,ERR,ERR,ERR,ERR,60.0,60.0,35,0.0,0.0,0.0,0.0,0.0,0.0,0.0,0.0,0.0,0.0,0.0,0.0,0.0,0.0,0.0,0.0,64.8,0,122,59,46,65476,0,65476,1,4,4,20529,65476,0,0,2621,60.0,0.0,0.0,0.0,0.0,0.0
2026-07-09T15:41:21,ERR,ERR,ERR,ERR,ERR,ERR,ERR,ERR,ERR,ERR,ERR,ERR,ERR,ERR,ERR,ERR,ERR,ERR,ERR,ERR,ERR,ERR,ERR,ERR,ERR,ERR,ERR,ERR,ERR,ERR,ERR,ERR,ERR,ERR,ERR,ERR,ERR,ERR,ERR,ERR,ERR,ERR,ERR,ERR,ERR,ERR,ERR,ERR,ERR,ERR,ERR,ERR,ERR,ERR,ERR,ERR,ERR,ERR,ERR,ERR,ERR,ERR,ERR,ERR,ERR,ERR,ERR,ERR,ERR,ERR,ERR,ERR,ERR,ERR,ERR,ERR,ERR,ERR,ERR,ERR,ERR,ERR,ERR,ERR,ERR,ERR,ERR,ERR,ERR,ERR,ERR,ERR,ERR,ERR,ERR,ERR,ERR,ERR,ERR,ERR,ERR,ERR,ERR,ERR,ERR,ERR,ERR,ERR,ERR,ERR,ERR,ERR,ERR,ERR,ERR,ERR,ERR,ERR,ERR,ERR,ERR,ERR,ERR,ERR,ERR,0.0,2.718448035266601e+23,-107090848.0,2.7183478752108883e+23,8169.028,0.0,-0.003,0.0,0,0,4,17341,7116,0.0,100,0.0,0.0,2.7183478752108883e+23,0.0,0.0,0,0,0,0,0.0,0,0,0,0,0,0,0,0,0,0,0,0,0,0,0,0,0,0,0,0,0,0,0,0,0,0,0,0,0,0,0,0,0,31,40,40,71,65476,0,300,0,0,8,21553,0.0,-107605600.0,0.0,0.0,0.0,0.0,0.0,0.0,0.0,0.0,0.0,0.0,0.0,0.0,0.0,0.0,0.0,0.0,0.0,0.0,0.0,0.0,0.0,3.697071344610758e+19,0.0,0.0,0.0,0.0,0.0,0.0,5206.0,131350.531,6921.0,-0.0,0.0,2.004,2.004,0.0,0.0,0.0,0.0,69,-0.0,-71.63,0.0,0.0,0.0,0.0,0.0,0.0,0.0,0,0,0,0.0,0.0,0.0,0.0,0.0,0.0,0.0,0.0,0.0,0.0,0.0,0.0,0.0,0.0,0.0,0.0,0,-107875648.0,69,0.0,138,0.0,2.012,ERR,ERR,ERR,ERR,ERR,ERR,ERR,ERR,ERR,ERR,ERR,ERR,ERR,ERR,ERR,ERR,ERR,ERR,ERR,ERR,ERR,ERR,ERR,ERR,ERR,ERR,ERR,ERR,ERR,ERR,ERR,ERR,ERR,ERR,ERR,ERR,ERR,ERR,ERR,ERR,ERR,ERR,ERR,ERR,ERR,ERR,ERR,ERR,ERR,ERR,ERR,ERR,ERR,ERR,ERR,ERR,ERR,ERR,ERR,ERR,ERR,ERR,ERR,ERR,ERR,ERR,ERR,60.0,60.0,35,0.0,0.0,0.0,0.0,0.0,0.0,0.0,0.0,0.0,0.0,0.0,0.0,0.0,0.0,0.0,0.0,64.8,0,122,59,46,65476,0,65476,1,4,4,20529,65476,0,0,2621,60.0,0.0,0.0,0.0,0.0,0.0
2026-07-09T15:41:22,ERR,ERR,ERR,ERR,ERR,ERR,ERR,ERR,ERR,ERR,ERR,ERR,ERR,ERR,ERR,ERR,ERR,ERR,ERR,ERR,ERR,ERR,ERR,ERR,ERR,ERR,ERR,ERR,ERR,ERR,ERR,ERR,ERR,ERR,ERR,ERR,ERR,ERR,ERR,ERR,ERR,ERR,ERR,ERR,ERR,ERR,ERR,ERR,ERR,ERR,ERR,ERR,ERR,ERR,ERR,ERR,ERR,ERR,ERR,ERR,ERR,ERR,ERR,ERR,ERR,ERR,ERR,ERR,ERR,ERR,ERR,ERR,ERR,ERR,ERR,ERR,ERR,ERR,ERR,ERR,ERR,ERR,ERR,ERR,ERR,ERR,ERR,ERR,ERR,ERR,ERR,ERR,ERR,ERR,ERR,ERR,ERR,ERR,ERR,ERR,ERR,ERR,ERR,ERR,ERR,ERR,ERR,ERR,ERR,ERR,ERR,ERR,ERR,ERR,ERR,ERR,ERR,ERR,ERR,ERR,ERR,ERR,ERR,ERR,ERR,0.0,2.718448035266601e+23,-107090848.0,2.7183478752108883e+23,8169.028,0.0,-0.003,0.0,0,0,4,17341,7116,0.0,100,0.0,0.0,2.7183478752108883e+23,0.0,0.0,0,0,0,0,0.0,0,0,0,0,0,0,0,0,0,0,0,0,0,0,0,0,0,0,0,0,0,0,0,0,0,0,0,0,0,0,0,0,0,31,40,40,71,65476,0,300,0,0,8,21553,0.0,-107605600.0,0.0,0.0,0.0,0.0,0.0,0.0,0.0,0.0,0.0,0.0,0.0,0.0,0.0,0.0,0.0,0.0,0.0,0.0,0.0,0.0,0.0,3.697071344610758e+19,0.0,0.0,0.0,0.0,0.0,0.0,5206.0,131350.531,6921.0,-0.0,0.0,2.004,2.004,0.0,0.0,0.0,0.0,69,-0.0,-71.63,0.0,0.0,0.0,0.0,0.0,0.0,0.0,0,0,0,0.0,0.0,0.0,0.0,0.0,0.0,0.0,0.0,0.0,0.0,0.0,0.0,0.0,0.0,0.0,0.0,0,-107875648.0,69,0.0,138,0.0,2.012,ERR,ERR,ERR,ERR,ERR,ERR,ERR,ERR,ERR,ERR,ERR,ERR,ERR,ERR,ERR,ERR,ERR,ERR,ERR,ERR,ERR,ERR,ERR,ERR,ERR,ERR,ERR,ERR,ERR,ERR,ERR,ERR,ERR,ERR,ERR,ERR,ERR,ERR,ERR,ERR,ERR,ERR,ERR,ERR,ERR,ERR,ERR,ERR,ERR,ERR,ERR,ERR,ERR,ERR,ERR,ERR,ERR,ERR,ERR,ERR,ERR,ERR,ERR,ERR,ERR,ERR,ERR,60.0,60.0,35,0.0,0.0,0.0,0.0,0.0,0.0,0.0,0.0,0.0,0.0,0.0,0.0,0.0,0.0,0.0,0.0,64.8,0,122,59,46,65476,0,65476,1,4,4,20529,65476,0,0,2621,60.0,0.0,0.0,0.0,0.0,0.0
2026-07-09T15:41:23,ERR,ERR,ERR,ERR,ERR,ERR,ERR,ERR,ERR,ERR,ERR,ERR,ERR,ERR,ERR,ERR,ERR,ERR,ERR,ERR,ERR,ERR,ERR,ERR,ERR,ERR,ERR,ERR,ERR,ERR,ERR,ERR,ERR,ERR,ERR,ERR,ERR,ERR,ERR,ERR,ERR,ERR,ERR,ERR,ERR,ERR,ERR,ERR,ERR,ERR,ERR,ERR,ERR,ERR,ERR,ERR,ERR,ERR,ERR,ERR,ERR,ERR,ERR,ERR,ERR,ERR,ERR,ERR,ERR,ERR,ERR,ERR,ERR,ERR,ERR,ERR,ERR,ERR,ERR,ERR,ERR,ERR,ERR,ERR,ERR,ERR,ERR,ERR,ERR,ERR,ERR,ERR,ERR,ERR,ERR,ERR,ERR,ERR,ERR,ERR,ERR,ERR,ERR,ERR,ERR,ERR,ERR,ERR,ERR,ERR,ERR,ERR,ERR,ERR,ERR,ERR,ERR,ERR,ERR,ERR,ERR,ERR,ERR,ERR,ERR,0.0,2.718448035266601e+23,-107090848.0,2.7183478752108883e+23,8169.028,0.0,-0.003,0.0,0,0,4,17341,7116,0.0,100,0.0,0.0,2.7183478752108883e+23,0.0,0.0,0,0,0,0,0.0,0,0,0,0,0,0,0,0,0,0,0,0,0,0,0,0,0,0,0,0,0,0,0,0,0,0,0,0,0,0,0,0,0,31,40,40,71,65476,0,300,0,0,8,21553,0.0,-107605600.0,0.0,0.0,0.0,0.0,0.0,0.0,0.0,0.0,0.0,0.0,0.0,0.0,0.0,0.0,0.0,0.0,0.0,0.0,0.0,0.0,0.0,3.697071344610758e+19,0.0,0.0,0.0,0.0,0.0,0.0,5206.0,131350.531,6921.0,-0.0,0.0,2.004,2.004,0.0,0.0,0.0,0.0,69,-0.0,-71.63,0.0,0.0,0.0,0.0,0.0,0.0,0.0,0,0,0,0.0,0.0,0.0,0.0,0.0,0.0,0.0,0.0,0.0,0.0,0.0,0.0,0.0,0.0,0.0,0.0,0,-107875648.0,69,0.0,138,0.0,2.012,ERR,ERR,ERR,ERR,ERR,ERR,ERR,ERR,ERR,ERR,ERR,ERR,ERR,ERR,ERR,ERR,ERR,ERR,ERR,ERR,ERR,ERR,ERR,ERR,ERR,ERR,ERR,ERR,ERR,ERR,ERR,ERR,ERR,ERR,ERR,ERR,ERR,ERR,ERR,ERR,ERR,ERR,ERR,ERR,ERR,ERR,ERR,ERR,ERR,ERR,ERR,ERR,ERR,ERR,ERR,ERR,ERR,ERR,ERR,ERR,ERR,ERR,ERR,ERR,ERR,ERR,ERR,60.0,60.0,35,0.0,0.0,0.0,0.0,0.0,0.0,0.0,0.0,0.0,0.0,0.0,0.0,0.0,0.0,0.0,0.0,64.8,0,122,59,46,65476,0,65476,1,4,4,20529,65476,0,0,2621,60.0,0.0,0.0,0.0,0.0,0.0
2026-07-09T15:41:24,ERR,ERR,ERR,ERR,ERR,ERR,ERR,ERR,ERR,ERR,ERR,ERR,ERR,ERR,ERR,ERR,ERR,ERR,ERR,ERR,ERR,ERR,ERR,ERR,ERR,ERR,ERR,ERR,ERR,ERR,ERR,ERR,ERR,ERR,ERR,ERR,ERR,ERR,ERR,ERR,ERR,ERR,ERR,ERR,ERR,ERR,ERR,ERR,ERR,ERR,ERR,ERR,ERR,ERR,ERR,ERR,ERR,ERR,ERR,ERR,ERR,ERR,ERR,ERR,ERR,ERR,ERR,ERR,ERR,ERR,ERR,ERR,ERR,ERR,ERR,ERR,ERR,ERR,ERR,ERR,ERR,ERR,ERR,ERR,ERR,ERR,ERR,ERR,ERR,ERR,ERR,ERR,ERR,ERR,ERR,ERR,ERR,ERR,ERR,ERR,ERR,ERR,ERR,ERR,ERR,ERR,ERR,ERR,ERR,ERR,ERR,ERR,ERR,ERR,ERR,ERR,ERR,ERR,ERR,ERR,ERR,ERR,ERR,ERR,ERR,-0.0,-107616136.0,0.0,0.0,-0.0,-5.51256559298984e+19,5.826935990334289e+36,-0.0,0,0,4,17337,7116,0.0,100,0.0,0.0,0.0,0.0,0.0,0,0,0,0,0.0,0,0,0,0,0,0,0,0,0,0,0,0,0,0,0,0,0,0,0,0,0,0,0,0,0,0,0,0,0,0,0,0,0,31,40,40,71,65476,0,300,0,0,8,21553,0.0,-107605600.0,0.0,0.0,0.0,0.0,0.0,0.0,0.0,0.0,0.0,0.0,0.0,0.0,0.0,0.0,0.0,0.0,0.0,0.0,0.0,0.0,-2.004,0.0,0.0,0.0,0.0,0.0,0.0,0.0,5213.0,-0.0,6930.0,-0.0,-0.0,2.004,2.004,0.0,0.0,0.0,0.0,69,0.0,0.0,0.0,0.0,0.0,0.0,0.0,0.0,0.0,0,0,0,0.0,0.0,0.0,0.0,0.0,0.0,0.0,0.0,0.0,0.0,0.0,0.0,0.0,0.0,0.0,0.0,0,-107875648.0,69,0.0,138,0.0,2.012,ERR,ERR,ERR,ERR,ERR,ERR,ERR,ERR,ERR,ERR,ERR,ERR,ERR,ERR,ERR,ERR,ERR,ERR,ERR,ERR,ERR,ERR,ERR,ERR,ERR,ERR,ERR,ERR,ERR,ERR,ERR,ERR,ERR,ERR,ERR,ERR,ERR,ERR,ERR,ERR,ERR,ERR,ERR,ERR,ERR,ERR,ERR,ERR,ERR,ERR,ERR,ERR,ERR,ERR,ERR,ERR,ERR,ERR,ERR,ERR,ERR,ERR,ERR,ERR,ERR,ERR,ERR,60.0,60.0,35,0.0,0.0,0.0,0.0,0.0,0.0,0.0,0.0,0.0,0.0,0.0,0.0,0.0,0.0,0.0,0.0,64.8,0,122,59,46,65476,0,65476,1,4,4,20529,65476,0,0,2621,60.0,0.0,0.0,0.0,0.0,0.0
2026-07-09T15:41:25,ERR,ERR,ERR,ERR,ERR,ERR,ERR,ERR,ERR,ERR,ERR,ERR,ERR,ERR,ERR,ERR,ERR,ERR,ERR,ERR,ERR,ERR,ERR,ERR,ERR,ERR,ERR,ERR,ERR,ERR,ERR,ERR,ERR,ERR,ERR,ERR,ERR,ERR,ERR,ERR,ERR,ERR,ERR,ERR,ERR,ERR,ERR,ERR,ERR,ERR,ERR,ERR,ERR,ERR,ERR,ERR,ERR,ERR,ERR,ERR,ERR,ERR,ERR,ERR,ERR,ERR,ERR,ERR,ERR,ERR,ERR,ERR,ERR,ERR,ERR,ERR,ERR,ERR,ERR,ERR,ERR,ERR,ERR,ERR,ERR,ERR,ERR,ERR,ERR,ERR,ERR,ERR,ERR,ERR,ERR,ERR,ERR,ERR,ERR,ERR,ERR,ERR,ERR,ERR,ERR,ERR,ERR,ERR,ERR,ERR,ERR,ERR,ERR,ERR,ERR,ERR,ERR,ERR,ERR,ERR,ERR,ERR,ERR,ERR,ERR,-0.0,-107616136.0,0.0,0.0,-0.0,-5.51256559298984e+19,5.826935990334289e+36,-0.0,0,0,4,17337,7116,0.0,100,0.0,0.0,0.0,0.0,0.0,0,0,0,0,0.0,0,0,0,0,0,0,0,0,0,0,0,0,0,0,0,0,0,0,0,0,0,0,0,0,0,0,0,0,0,0,0,0,0,31,40,40,71,65476,0,300,0,0,8,21553,0.0,-107605600.0,0.0,0.0,0.0,0.0,0.0,0.0,0.0,0.0,0.0,0.0,0.0,0.0,0.0,0.0,0.0,0.0,0.0,0.0,0.0,0.0,-2.004,0.0,0.0,0.0,0.0,0.0,0.0,0.0,5213.0,-0.0,6930.0,-0.0,-0.0,2.004,2.004,0.0,0.0,0.0,0.0,69,0.0,0.0,0.0,0.0,0.0,0.0,0.0,0.0,0.0,0,0,0,0.0,0.0,0.0,0.0,0.0,0.0,0.0,0.0,0.0,0.0,0.0,0.0,0.0,0.0,0.0,0.0,0,-107875648.0,69,0.0,138,0.0,2.012,ERR,ERR,ERR,ERR,ERR,ERR,ERR,ERR,ERR,ERR,ERR,ERR,ERR,ERR,ERR,ERR,ERR,ERR,ERR,ERR,ERR,ERR,ERR,ERR,ERR,ERR,ERR,ERR,ERR,ERR,ERR,ERR,ERR,ERR,ERR,ERR,ERR,ERR,ERR,ERR,ERR,ERR,ERR,ERR,ERR,ERR,ERR,ERR,ERR,ERR,ERR,ERR,ERR,ERR,ERR,ERR,ERR,ERR,ERR,ERR,ERR,ERR,ERR,ERR,ERR,ERR,ERR,60.0,60.0,35,0.0,0.0,0.0,0.0,0.0,0.0,0.0,0.0,0.0,0.0,0.0,0.0,0.0,0.0,0.0,0.0,64.8,0,122,59,46,65476,0,65476,1,4,4,20529,65476,0,0,2621,60.0,0.0,0.0,0.0,0.0,0.0
2026-07-09T15:41:26,ERR,ERR,ERR,ERR,ERR,ERR,ERR,ERR,ERR,ERR,ERR,ERR,ERR,ERR,ERR,ERR,ERR,ERR,ERR,ERR,ERR,ERR,ERR,ERR,ERR,ERR,ERR,ERR,ERR,ERR,ERR,ERR,ERR,ERR,ERR,ERR,ERR,ERR,ERR,ERR,ERR,ERR,ERR,ERR,ERR,ERR,ERR,ERR,ERR,ERR,ERR,ERR,ERR,ERR,ERR,ERR,ERR,ERR,ERR,ERR,ERR,ERR,ERR,ERR,ERR,ERR,ERR,ERR,ERR,ERR,ERR,ERR,ERR,ERR,ERR,ERR,ERR,ERR,ERR,ERR,ERR,ERR,ERR,ERR,ERR,ERR,ERR,ERR,ERR,ERR,ERR,ERR,ERR,ERR,ERR,ERR,ERR,ERR,ERR,ERR,ERR,ERR,ERR,ERR,ERR,ERR,ERR,ERR,ERR,ERR,ERR,ERR,ERR,ERR,ERR,ERR,ERR,ERR,ERR,ERR,ERR,ERR,ERR,ERR,ERR,-0.0,-107616136.0,0.0,0.0,-0.0,-5.51256559298984e+19,5.826935990334289e+36,-0.0,0,0,4,17337,7116,0.0,100,0.0,0.0,0.0,0.0,0.0,0,0,0,0,0.0,0,0,0,0,0,0,0,0,0,0,0,0,0,0,0,0,0,0,0,0,0,0,0,0,0,0,0,0,0,0,0,0,0,31,40,40,71,65476,0,300,0,0,8,21553,0.0,-107605600.0,0.0,0.0,0.0,0.0,0.0,0.0,0.0,0.0,0.0,0.0,0.0,0.0,0.0,0.0,0.0,0.0,0.0,0.0,0.0,0.0,-2.004,0.0,0.0,0.0,0.0,0.0,0.0,0.0,5213.0,-0.0,6930.0,-0.0,-0.0,2.004,2.004,0.0,0.0,0.0,0.0,69,0.0,0.0,0.0,0.0,0.0,0.0,0.0,0.0,0.0,0,0,0,0.0,0.0,0.0,0.0,0.0,0.0,0.0,0.0,0.0,0.0,0.0,0.0,0.0,0.0,0.0,0.0,0,-107875648.0,69,0.0,138,0.0,2.012,ERR,ERR,ERR,ERR,ERR,ERR,ERR,ERR,ERR,ERR,ERR,ERR,ERR,ERR,ERR,ERR,ERR,ERR,ERR,ERR,ERR,ERR,ERR,ERR,ERR,ERR,ERR,ERR,ERR,ERR,ERR,ERR,ERR,ERR,ERR,ERR,ERR,ERR,ERR,ERR,ERR,ERR,ERR,ERR,ERR,ERR,ERR,ERR,ERR,ERR,ERR,ERR,ERR,ERR,ERR,ERR,ERR,ERR,ERR,ERR,ERR,ERR,ERR,ERR,ERR,ERR,ERR,60.0,60.0,35,0.0,0.0,0.0,0.0,0.0,0.0,0.0,0.0,0.0,0.0,0.0,0.0,0.0,0.0,0.0,0.0,64.8,0,122,59,46,65476,0,65476,1,4,4,20529,65476,0,0,2621,60.0,0.0,0.0,0.0,0.0,0.0
2026-07-09T15:41:27,ERR,ERR,ERR,ERR,ERR,ERR,ERR,ERR,ERR,ERR,ERR,ERR,ERR,ERR,ERR,ERR,ERR,ERR,ERR,ERR,ERR,ERR,ERR,ERR,ERR,ERR,ERR,ERR,ERR,ERR,ERR,ERR,ERR,ERR,ERR,ERR,ERR,ERR,ERR,ERR,ERR,ERR,ERR,ERR,ERR,ERR,ERR,ERR,ERR,ERR,ERR,ERR,ERR,ERR,ERR,ERR,ERR,ERR,ERR,ERR,ERR,ERR,ERR,ERR,ERR,ERR,ERR,ERR,ERR,ERR,ERR,ERR,ERR,ERR,ERR,ERR,ERR,ERR,ERR,ERR,ERR,ERR,ERR,ERR,ERR,ERR,ERR,ERR,ERR,ERR,ERR,ERR,ERR,ERR,ERR,ERR,ERR,ERR,ERR,ERR,ERR,ERR,ERR,ERR,ERR,ERR,ERR,ERR,ERR,ERR,ERR,ERR,ERR,ERR,ERR,ERR,ERR,ERR,ERR,ERR,ERR,ERR,ERR,ERR,ERR,-0.0,-107616136.0,0.0,0.0,-0.0,-5.51256559298984e+19,5.826935990334289e+36,-0.0,0,0,4,17337,7116,0.0,100,0.0,0.0,0.0,0.0,0.0,0,0,0,0,0.0,0,0,0,0,0,0,0,0,0,0,0,0,0,0,0,0,0,0,0,0,0,0,0,0,0,0,0,0,0,0,0,0,0,31,40,40,71,65476,0,300,0,0,8,21553,0.0,-107605600.0,0.0,0.0,0.0,0.0,0.0,0.0,0.0,0.0,0.0,0.0,0.0,0.0,0.0,0.0,0.0,0.0,0.0,0.0,0.0,0.0,-2.004,0.0,0.0,0.0,0.0,0.0,0.0,0.0,5213.0,-0.0,6930.0,-0.0,-0.0,2.004,2.004,0.0,0.0,0.0,0.0,69,0.0,0.0,0.0,0.0,0.0,0.0,0.0,0.0,0.0,0,0,0,0.0,0.0,0.0,0.0,0.0,0.0,0.0,0.0,0.0,0.0,0.0,0.0,0.0,0.0,0.0,0.0,0,-107875648.0,69,0.0,138,0.0,2.012,ERR,ERR,ERR,ERR,ERR,ERR,ERR,ERR,ERR,ERR,ERR,ERR,ERR,ERR,ERR,ERR,ERR,ERR,ERR,ERR,ERR,ERR,ERR,ERR,ERR,ERR,ERR,ERR,ERR,ERR,ERR,ERR,ERR,ERR,ERR,ERR,ERR,ERR,ERR,ERR,ERR,ERR,ERR,ERR,ERR,ERR,ERR,ERR,ERR,ERR,ERR,ERR,ERR,ERR,ERR,ERR,ERR,ERR,ERR,ERR,ERR,ERR,ERR,ERR,ERR,ERR,ERR,60.0,60.0,35,0.0,0.0,0.0,0.0,0.0,0.0,0.0,0.0,0.0,0.0,0.0,0.0,0.0,0.0,0.0,0.0,64.8,0,122,59,46,65476,0,65476,1,4,4,20529,65476,0,0,2621,60.0,0.0,0.0,0.0,0.0,0.0
2026-07-09T15:41:28,ERR,ERR,ERR,ERR,ERR,ERR,ERR,ERR,ERR,ERR,ERR,ERR,ERR,ERR,ERR,ERR,ERR,ERR,ERR,ERR,ERR,ERR,ERR,ERR,ERR,ERR,ERR,ERR,ERR,ERR,ERR,ERR,ERR,ERR,ERR,ERR,ERR,ERR,ERR,ERR,ERR,ERR,ERR,ERR,ERR,ERR,ERR,ERR,ERR,ERR,ERR,ERR,ERR,ERR,ERR,ERR,ERR,ERR,ERR,ERR,ERR,ERR,ERR,ERR,ERR,ERR,ERR,ERR,ERR,ERR,ERR,ERR,ERR,ERR,ERR,ERR,ERR,ERR,ERR,ERR,ERR,ERR,ERR,ERR,ERR,ERR,ERR,ERR,ERR,ERR,ERR,ERR,ERR,ERR,ERR,ERR,ERR,ERR,ERR,ERR,ERR,ERR,ERR,ERR,ERR,ERR,ERR,ERR,ERR,ERR,ERR,ERR,ERR,ERR,ERR,ERR,ERR,ERR,ERR,ERR,ERR,ERR,ERR,ERR,ERR,-0.0,-107616136.0,0.0,0.0,-0.0,-5.51256559298984e+19,5.826935990334289e+36,-0.0,0,0,4,17337,7116,0.0,100,0.0,0.0,0.0,0.0,0.0,0,0,0,0,0.0,0,0,0,0,0,0,0,0,0,0,0,0,0,0,0,0,0,0,0,0,0,0,0,0,0,0,0,0,0,0,0,0,0,31,40,40,71,65476,0,300,0,0,8,21553,0.0,-107605600.0,0.0,0.0,0.0,0.0,0.0,0.0,0.0,0.0,0.0,0.0,0.0,0.0,0.0,0.0,0.0,0.0,0.0,0.0,0.0,0.0,-2.004,0.0,0.0,0.0,0.0,0.0,0.0,0.0,5213.0,-0.0,6930.0,-0.0,-0.0,2.004,2.004,0.0,0.0,0.0,0.0,69,0.0,0.0,0.0,0.0,0.0,0.0,0.0,0.0,0.0,0,0,0,0.0,0.0,0.0,0.0,0.0,0.0,0.0,0.0,0.0,0.0,0.0,0.0,0.0,0.0,0.0,0.0,0,-107875648.0,69,0.0,138,0.0,2.012,ERR,ERR,ERR,ERR,ERR,ERR,ERR,ERR,ERR,ERR,ERR,ERR,ERR,ERR,ERR,ERR,ERR,ERR,ERR,ERR,ERR,ERR,ERR,ERR,ERR,ERR,ERR,ERR,ERR,ERR,ERR,ERR,ERR,ERR,ERR,ERR,ERR,ERR,ERR,ERR,ERR,ERR,ERR,ERR,ERR,ERR,ERR,ERR,ERR,ERR,ERR,ERR,ERR,ERR,ERR,ERR,ERR,ERR,ERR,ERR,ERR,ERR,ERR,ERR,ERR,ERR,ERR,60.0,60.0,35,0.0,0.0,0.0,0.0,0.0,0.0,0.0,0.0,0.0,0.0,0.0,0.0,0.0,0.0,0.0,0.0,64.8,0,122,59,46,65476,0,65476,1,4,4,20529,65476,0,0,2621,60.0,0.0,0.0,0.0,0.0,0.0
2026-07-09T15:41:29,ERR,ERR,ERR,ERR,ERR,ERR,ERR,ERR,ERR,ERR,ERR,ERR,ERR,ERR,ERR,ERR,ERR,ERR,ERR,ERR,ERR,ERR,ERR,ERR,ERR,ERR,ERR,ERR,ERR,ERR,ERR,ERR,ERR,ERR,ERR,ERR,ERR,ERR,ERR,ERR,ERR,ERR,ERR,ERR,ERR,ERR,ERR,ERR,ERR,ERR,ERR,ERR,ERR,ERR,ERR,ERR,ERR,ERR,ERR,ERR,ERR,ERR,ERR,ERR,ERR,ERR,ERR,ERR,ERR,ERR,ERR,ERR,ERR,ERR,ERR,ERR,ERR,ERR,ERR,ERR,ERR,ERR,ERR,ERR,ERR,ERR,ERR,ERR,ERR,ERR,ERR,ERR,ERR,ERR,ERR,ERR,ERR,ERR,ERR,ERR,ERR,ERR,ERR,ERR,ERR,ERR,ERR,ERR,ERR,ERR,ERR,ERR,ERR,ERR,ERR,ERR,ERR,ERR,ERR,ERR,ERR,ERR,ERR,ERR,ERR,-0.0,2.718447855122616e+23,0.0,2.7183478752108883e+23,0.0,-475142651904.0,1.145235073965507e+30,-1.6235629213908992e+18,0,0,4,17340,7116,0.0,100,0.0,0.0,2.7183478752108883e+23,0.0,0.0,0,0,0,0,0.0,0,0,0,0,0,0,0,0,0,0,0,0,0,0,0,0,0,0,0,0,0,0,0,0,0,0,0,0,0,0,0,0,0,31,40,40,71,65476,0,300,0,0,8,21553,0.0,-107605600.0,0.0,0.0,0.0,0.0,0.0,0.0,0.0,0.0,0.0,0.0,0.0,0.0,0.0,0.0,0.0,0.0,0.0,0.0,0.0,0.0,-2.004,-3.697070904806107e+19,0.0,0.0,0.0,0.0,0.0,0.0,5192.0,-0.0,6933.0,-0.0,2.718447855122616e+23,2.004,2.004,0.0,0.0,0.0,0.0,69,-107615232.0,0.0,0.0,0.0,0.0,0.0,0.0,0.0,0.0,0,0,0,0.0,0.0,0.0,0.0,0.0,0.0,0.0,0.0,0.0,0.0,0.0,0.0,0.0,0.0,0.0,0.0,0,-107875648.0,69,0.0,138,0.0,2.012,ERR,ERR,ERR,ERR,ERR,ERR,ERR,ERR,ERR,ERR,ERR,ERR,ERR,ERR,ERR,ERR,ERR,ERR,ERR,ERR,ERR,ERR,ERR,ERR,ERR,ERR,ERR,ERR,ERR,ERR,ERR,ERR,ERR,ERR,ERR,ERR,ERR,ERR,ERR,ERR,ERR,ERR,ERR,ERR,ERR,ERR,ERR,ERR,ERR,ERR,ERR,ERR,ERR,ERR,ERR,ERR,ERR,ERR,ERR,ERR,ERR,ERR,ERR,ERR,ERR,ERR,ERR,60.0,60.0,35,0.0,0.0,0.0,0.0,0.0,0.0,0.0,0.0,0.0,0.0,0.0,0.0,0.0,0.0,0.0,0.0,64.8,0,122,59,46,65476,0,65476,1,4,4,20529,65476,0,0,2621,60.0,0.0,0.0,0.0,0.0,0.0
2026-07-09T15:41:30,ERR,ERR,ERR,ERR,ERR,ERR,ERR,ERR,ERR,ERR,ERR,ERR,ERR,ERR,ERR,ERR,ERR,ERR,ERR,ERR,ERR,ERR,ERR,ERR,ERR,ERR,ERR,ERR,ERR,ERR,ERR,ERR,ERR,ERR,ERR,ERR,ERR,ERR,ERR,ERR,ERR,ERR,ERR,ERR,ERR,ERR,ERR,ERR,ERR,ERR,ERR,ERR,ERR,ERR,ERR,ERR,ERR,ERR,ERR,ERR,ERR,ERR,ERR,ERR,ERR,ERR,ERR,ERR,ERR,ERR,ERR,ERR,ERR,ERR,ERR,ERR,ERR,ERR,ERR,ERR,ERR,ERR,ERR,ERR,ERR,ERR,ERR,ERR,ERR,ERR,ERR,ERR,ERR,ERR,ERR,ERR,ERR,ERR,ERR,ERR,ERR,ERR,ERR,ERR,ERR,ERR,ERR,ERR,ERR,ERR,ERR,ERR,ERR,ERR,ERR,ERR,ERR,ERR,ERR,ERR,ERR,ERR,ERR,ERR,ERR,-0.0,2.718447855122616e+23,0.0,2.7183478752108883e+23,0.0,-475142651904.0,1.145235073965507e+30,-1.6235629213908992e+18,0,0,4,17340,7116,0.0,100,0.0,0.0,2.7183478752108883e+23,0.0,0.0,0,0,0,0,0.0,0,0,0,0,0,0,0,0,0,0,0,0,0,0,0,0,0,0,0,0,0,0,0,0,0,0,0,0,0,0,0,0,0,31,40,40,71,65476,0,300,0,0,8,21553,0.0,-107605600.0,0.0,0.0,0.0,0.0,0.0,0.0,0.0,0.0,0.0,0.0,0.0,0.0,0.0,0.0,0.0,0.0,0.0,0.0,0.0,0.0,-2.004,-3.697070904806107e+19,0.0,0.0,0.0,0.0,0.0,0.0,5192.0,-0.0,6933.0,-0.0,2.718447855122616e+23,2.004,2.004,0.0,0.0,0.0,0.0,69,-107615232.0,0.0,0.0,0.0,0.0,0.0,0.0,0.0,0.0,0,0,0,0.0,0.0,0.0,0.0,0.0,0.0,0.0,0.0,0.0,0.0,0.0,0.0,0.0,0.0,0.0,0.0,0,-107875648.0,69,0.0,138,0.0,2.012,ERR,ERR,ERR,ERR,ERR,ERR,ERR,ERR,ERR,ERR,ERR,ERR,ERR,ERR,ERR,ERR,ERR,ERR,ERR,ERR,ERR,ERR,ERR,ERR,ERR,ERR,ERR,ERR,ERR,ERR,ERR,ERR,ERR,ERR,ERR,ERR,ERR,ERR,ERR,ERR,ERR,ERR,ERR,ERR,ERR,ERR,ERR,ERR,ERR,ERR,ERR,ERR,ERR,ERR,ERR,ERR,ERR,ERR,ERR,ERR,ERR,ERR,ERR,ERR,ERR,ERR,ERR,60.0,60.0,35,0.0,0.0,0.0,0.0,0.0,0.0,0.0,0.0,0.0,0.0,0.0,0.0,0.0,0.0,0.0,0.0,64.8,0,122,59,46,65476,0,65476,1,4,4,20529,65476,0,0,2621,60.0,0.0,0.0,0.0,0.0,0.0
2026-07-09T15:41:31,ERR,ERR,ERR,ERR,ERR,ERR,ERR,ERR,ERR,ERR,ERR,ERR,ERR,ERR,ERR,ERR,ERR,ERR,ERR,ERR,ERR,ERR,ERR,ERR,ERR,ERR,ERR,ERR,ERR,ERR,ERR,ERR,ERR,ERR,ERR,ERR,ERR,ERR,ERR,ERR,ERR,ERR,ERR,ERR,ERR,ERR,ERR,ERR,ERR,ERR,ERR,ERR,ERR,ERR,ERR,ERR,ERR,ERR,ERR,ERR,ERR,ERR,ERR,ERR,ERR,ERR,ERR,ERR,ERR,ERR,ERR,ERR,ERR,ERR,ERR,ERR,ERR,ERR,ERR,ERR,ERR,ERR,ERR,ERR,ERR,ERR,ERR,ERR,ERR,ERR,ERR,ERR,ERR,ERR,ERR,ERR,ERR,ERR,ERR,ERR,ERR,ERR,ERR,ERR,ERR,ERR,ERR,ERR,ERR,ERR,ERR,ERR,ERR,ERR,ERR,ERR,ERR,ERR,ERR,ERR,ERR,ERR,ERR,ERR,ERR,-0.0,2.718447855122616e+23,0.0,2.7183478752108883e+23,0.0,-475142651904.0,1.145235073965507e+30,-1.6235629213908992e+18,0,0,4,17340,7116,0.0,100,0.0,0.0,2.7183478752108883e+23,0.0,0.0,0,0,0,0,0.0,0,0,0,0,0,0,0,0,0,0,0,0,0,0,0,0,0,0,0,0,0,0,0,0,0,0,0,0,0,0,0,0,0,31,40,40,71,65476,0,300,0,0,8,21553,0.0,-107605600.0,0.0,0.0,0.0,0.0,0.0,0.0,0.0,0.0,0.0,0.0,0.0,0.0,0.0,0.0,0.0,0.0,0.0,0.0,0.0,0.0,-2.004,-3.697070904806107e+19,0.0,0.0,0.0,0.0,0.0,0.0,5192.0,-0.0,6933.0,-0.0,2.718447855122616e+23,2.004,2.004,0.0,0.0,0.0,0.0,69,-107615232.0,0.0,0.0,0.0,0.0,0.0,0.0,0.0,0.0,0,0,0,0.0,0.0,0.0,0.0,0.0,0.0,0.0,0.0,0.0,0.0,0.0,0.0,0.0,0.0,0.0,0.0,0,-107875648.0,69,0.0,138,0.0,2.012,ERR,ERR,ERR,ERR,ERR,ERR,ERR,ERR,ERR,ERR,ERR,ERR,ERR,ERR,ERR,ERR,ERR,ERR,ERR,ERR,ERR,ERR,ERR,ERR,ERR,ERR,ERR,ERR,ERR,ERR,ERR,ERR,ERR,ERR,ERR,ERR,ERR,ERR,ERR,ERR,ERR,ERR,ERR,ERR,ERR,ERR,ERR,ERR,ERR,ERR,ERR,ERR,ERR,ERR,ERR,ERR,ERR,ERR,ERR,ERR,ERR,ERR,ERR,ERR,ERR,ERR,ERR,60.0,60.0,35,0.0,0.0,0.0,0.0,0.0,0.0,0.0,0.0,0.0,0.0,0.0,0.0,0.0,0.0,0.0,0.0,64.8,0,122,59,46,65476,0,65476,1,4,4,20529,65476,0,0,2621,60.0,0.0,0.0,0.0,0.0,0.0
2026-07-09T15:41:32,ERR,ERR,ERR,ERR,ERR,ERR,ERR,ERR,ERR,ERR,ERR,ERR,ERR,ERR,ERR,ERR,ERR,ERR,ERR,ERR,ERR,ERR,ERR,ERR,ERR,ERR,ERR,ERR,ERR,ERR,ERR,ERR,ERR,ERR,ERR,ERR,ERR,ERR,ERR,ERR,ERR,ERR,ERR,ERR,ERR,ERR,ERR,ERR,ERR,ERR,ERR,ERR,ERR,ERR,ERR,ERR,ERR,ERR,ERR,ERR,ERR,ERR,ERR,ERR,ERR,ERR,ERR,ERR,ERR,ERR,ERR,ERR,ERR,ERR,ERR,ERR,ERR,ERR,ERR,ERR,ERR,ERR,ERR,ERR,ERR,ERR,ERR,ERR,ERR,ERR,ERR,ERR,ERR,ERR,ERR,ERR,ERR,ERR,ERR,ERR,ERR,ERR,ERR,ERR,ERR,ERR,ERR,ERR,ERR,ERR,ERR,ERR,ERR,ERR,ERR,ERR,ERR,ERR,ERR,ERR,ERR,ERR,ERR,ERR,ERR,-0.0,2.718447855122616e+23,0.0,2.7183478752108883e+23,0.0,-475142651904.0,1.145235073965507e+30,-1.6235629213908992e+18,0,0,4,17340,7116,0.0,100,0.0,0.0,2.7183478752108883e+23,0.0,0.0,0,0,0,0,0.0,0,0,0,0,0,0,0,0,0,0,0,0,0,0,0,0,0,0,0,0,0,0,0,0,0,0,0,0,0,0,0,0,0,31,40,40,71,65476,0,300,0,0,8,21553,0.0,-107605600.0,0.0,0.0,0.0,0.0,0.0,0.0,0.0,0.0,0.0,0.0,0.0,0.0,0.0,0.0,0.0,0.0,0.0,0.0,0.0,0.0,-2.004,-3.697070904806107e+19,0.0,0.0,0.0,0.0,0.0,0.0,5192.0,-0.0,6933.0,-0.0,2.718447855122616e+23,2.004,2.004,0.0,0.0,0.0,0.0,69,-107615232.0,0.0,0.0,0.0,0.0,0.0,0.0,0.0,0.0,0,0,0,0.0,0.0,0.0,0.0,0.0,0.0,0.0,0.0,0.0,0.0,0.0,0.0,0.0,0.0,0.0,0.0,0,-107875648.0,69,0.0,138,0.0,2.012,ERR,ERR,ERR,ERR,ERR,ERR,ERR,ERR,ERR,ERR,ERR,ERR,ERR,ERR,ERR,ERR,ERR,ERR,ERR,ERR,ERR,ERR,ERR,ERR,ERR,ERR,ERR,ERR,ERR,ERR,ERR,ERR,ERR,ERR,ERR,ERR,ERR,ERR,ERR,ERR,ERR,ERR,ERR,ERR,ERR,ERR,ERR,ERR,ERR,ERR,ERR,ERR,ERR,ERR,ERR,ERR,ERR,ERR,ERR,ERR,ERR,ERR,ERR,ERR,ERR,ERR,ERR,60.0,60.0,35,0.0,0.0,0.0,0.0,0.0,0.0,0.0,0.0,0.0,0.0,0.0,0.0,0.0,0.0,0.0,0.0,64.8,0,122,59,46,65476,0,65476,1,4,4,20529,65476,0,0,2621,60.0,0.0,0.0,0.0,0.0,0.0
2026-07-09T15:41:33,ERR,ERR,ERR,ERR,ERR,ERR,ERR,ERR,ERR,ERR,ERR,ERR,ERR,ERR,ERR,ERR,ERR,ERR,ERR,ERR,ERR,ERR,ERR,ERR,ERR,ERR,ERR,ERR,ERR,ERR,ERR,ERR,ERR,ERR,ERR,ERR,ERR,ERR,ERR,ERR,ERR,ERR,ERR,ERR,ERR,ERR,ERR,ERR,ERR,ERR,ERR,ERR,ERR,ERR,ERR,ERR,ERR,ERR,ERR,ERR,ERR,ERR,ERR,ERR,ERR,ERR,ERR,ERR,ERR,ERR,ERR,ERR,ERR,ERR,ERR,ERR,ERR,ERR,ERR,ERR,ERR,ERR,ERR,ERR,ERR,ERR,ERR,ERR,ERR,ERR,ERR,ERR,ERR,ERR,ERR,ERR,ERR,ERR,ERR,ERR,ERR,ERR,ERR,ERR,ERR,ERR,ERR,ERR,ERR,ERR,ERR,ERR,ERR,ERR,ERR,ERR,ERR,ERR,ERR,ERR,ERR,ERR,ERR,ERR,ERR,-0.0,2.718447855122616e+23,0.0,2.7183478752108883e+23,0.0,-475142651904.0,1.145235073965507e+30,-1.6235629213908992e+18,0,0,4,17340,7116,0.0,100,0.0,0.0,2.7183478752108883e+23,0.0,0.0,0,0,0,0,0.0,0,0,0,0,0,0,0,0,0,0,0,0,0,0,0,0,0,0,0,0,0,0,0,0,0,0,0,0,0,0,0,0,0,31,40,40,71,65476,0,300,0,0,8,21553,0.0,-107605600.0,0.0,0.0,0.0,0.0,0.0,0.0,0.0,0.0,0.0,0.0,0.0,0.0,0.0,0.0,0.0,0.0,0.0,0.0,0.0,0.0,-2.004,-3.697070904806107e+19,0.0,0.0,0.0,0.0,0.0,0.0,5192.0,-0.0,6933.0,-0.0,2.718447855122616e+23,2.004,2.004,0.0,0.0,0.0,0.0,69,-107615232.0,0.0,0.0,0.0,0.0,0.0,0.0,0.0,0.0,0,0,0,0.0,0.0,0.0,0.0,0.0,0.0,0.0,0.0,0.0,0.0,0.0,0.0,0.0,0.0,0.0,0.0,0,-107875648.0,69,0.0,138,0.0,2.012,ERR,ERR,ERR,ERR,ERR,ERR,ERR,ERR,ERR,ERR,ERR,ERR,ERR,ERR,ERR,ERR,ERR,ERR,ERR,ERR,ERR,ERR,ERR,ERR,ERR,ERR,ERR,ERR,ERR,ERR,ERR,ERR,ERR,ERR,ERR,ERR,ERR,ERR,ERR,ERR,ERR,ERR,ERR,ERR,ERR,ERR,ERR,ERR,ERR,ERR,ERR,ERR,ERR,ERR,ERR,ERR,ERR,ERR,ERR,ERR,ERR,ERR,ERR,ERR,ERR,ERR,ERR,60.0,60.0,35,0.0,0.0,0.0,0.0,0.0,0.0,0.0,0.0,0.0,0.0,0.0,0.0,0.0,0.0,0.0,0.0,64.8,0,122,59,46,65476,0,65476,1,4,4,20529,65476,0,0,2621,60.0,0.0,0.0,0.0,0.0,0.0
2026-07-09T15:41:34,ERR,ERR,ERR,ERR,ERR,ERR,ERR,ERR,ERR,ERR,ERR,ERR,ERR,ERR,ERR,ERR,ERR,ERR,ERR,ERR,ERR,ERR,ERR,ERR,ERR,ERR,ERR,ERR,ERR,ERR,ERR,ERR,ERR,ERR,ERR,ERR,ERR,ERR,ERR,ERR,ERR,ERR,ERR,ERR,ERR,ERR,ERR,ERR,ERR,ERR,ERR,ERR,ERR,ERR,ERR,ERR,ERR,ERR,ERR,ERR,ERR,ERR,ERR,ERR,ERR,ERR,ERR,ERR,ERR,ERR,ERR,ERR,ERR,ERR,ERR,ERR,ERR,ERR,ERR,ERR,ERR,ERR,ERR,ERR,ERR,ERR,ERR,ERR,ERR,ERR,ERR,ERR,ERR,ERR,ERR,ERR,ERR,ERR,ERR,ERR,ERR,ERR,ERR,ERR,ERR,ERR,ERR,ERR,ERR,ERR,ERR,ERR,ERR,ERR,ERR,ERR,ERR,ERR,ERR,ERR,ERR,ERR,ERR,ERR,ERR,0.0,0.0,-107615120.0,-0.0,-0.0,2.1297428828302775e+34,0.0,-0.0,0,0,4,17336,7116,0.0,100,0.0,0.0,2.7183478752108883e+23,0.0,0.0,0,0,0,0,0.0,0,0,0,0,0,0,0,0,0,0,0,0,0,0,0,0,0,0,0,0,0,0,0,0,0,0,0,0,0,0,0,0,0,31,40,40,71,65476,0,300,0,0,8,21553,0.0,-107605600.0,0.0,0.0,0.0,0.0,0.0,0.0,0.0,0.0,0.0,0.0,0.0,0.0,0.0,0.0,0.0,0.0,0.0,0.0,0.0,0.0,-2.004,-0.0,0.0,0.0,0.0,0.0,0.0,0.0,5244.0,0.0,6914.0,0.0,-107616128.0,2.004,2.004,0.0,0.0,0.0,0.0,69,-0.0,-0.0,0.0,0.0,0.0,0.0,0.0,0.0,0.0,0,0,0,0.0,0.0,0.0,0.0,0.0,0.0,0.0,0.0,0.0,0.0,0.0,0.0,0.0,0.0,0.0,0.0,0,-107875648.0,69,0.0,138,0.0,2.012,ERR,ERR,ERR,ERR,ERR,ERR,ERR,ERR,ERR,ERR,ERR,ERR,ERR,ERR,ERR,ERR,ERR,ERR,ERR,ERR,ERR,ERR,ERR,ERR,ERR,ERR,ERR,ERR,ERR,ERR,ERR,ERR,ERR,ERR,ERR,ERR,ERR,ERR,ERR,ERR,ERR,ERR,ERR,ERR,ERR,ERR,ERR,ERR,ERR,ERR,ERR,ERR,ERR,ERR,ERR,ERR,ERR,ERR,ERR,ERR,ERR,ERR,ERR,ERR,ERR,ERR,ERR,60.0,60.0,35,0.0,0.0,0.0,0.0,0.0,0.0,0.0,0.0,0.0,0.0,0.0,0.0,0.0,0.0,0.0,0.0,64.8,0,122,59,46,65476,0,65476,1,4,4,20529,65476,0,0,2621,60.0,0.0,0.0,0.0,0.0,0.0
2026-07-09T15:41:35,ERR,ERR,ERR,ERR,ERR,ERR,ERR,ERR,ERR,ERR,ERR,ERR,ERR,ERR,ERR,ERR,ERR,ERR,ERR,ERR,ERR,ERR,ERR,ERR,ERR,ERR,ERR,ERR,ERR,ERR,ERR,ERR,ERR,ERR,ERR,ERR,ERR,ERR,ERR,ERR,ERR,ERR,ERR,ERR,ERR,ERR,ERR,ERR,ERR,ERR,ERR,ERR,ERR,ERR,ERR,ERR,ERR,ERR,ERR,ERR,ERR,ERR,ERR,ERR,ERR,ERR,ERR,ERR,ERR,ERR,ERR,ERR,ERR,ERR,ERR,ERR,ERR,ERR,ERR,ERR,ERR,ERR,ERR,ERR,ERR,ERR,ERR,ERR,ERR,ERR,ERR,ERR,ERR,ERR,ERR,ERR,ERR,ERR,ERR,ERR,ERR,ERR,ERR,ERR,ERR,ERR,ERR,ERR,ERR,ERR,ERR,ERR,ERR,ERR,ERR,ERR,ERR,ERR,ERR,ERR,ERR,ERR,ERR,ERR,ERR,0.0,0.0,-107615120.0,-0.0,-0.0,2.1297428828302775e+34,0.0,-0.0,0,0,4,17336,7116,0.0,100,0.0,0.0,2.7183478752108883e+23,0.0,0.0,0,0,0,0,0.0,0,0,0,0,0,0,0,0,0,0,0,0,0,0,0,0,0,0,0,0,0,0,0,0,0,0,0,0,0,0,0,0,0,31,40,40,71,65476,0,300,0,0,8,21553,0.0,-107605600.0,0.0,0.0,0.0,0.0,0.0,0.0,0.0,0.0,0.0,0.0,0.0,0.0,0.0,0.0,0.0,0.0,0.0,0.0,0.0,0.0,-2.004,-0.0,0.0,0.0,0.0,0.0,0.0,0.0,5244.0,0.0,6914.0,0.0,-107616128.0,2.004,2.004,0.0,0.0,0.0,0.0,69,-0.0,-0.0,0.0,0.0,0.0,0.0,0.0,0.0,0.0,0,0,0,0.0,0.0,0.0,0.0,0.0,0.0,0.0,0.0,0.0,0.0,0.0,0.0,0.0,0.0,0.0,0.0,0,-107875648.0,69,0.0,138,0.0,2.012,ERR,ERR,ERR,ERR,ERR,ERR,ERR,ERR,ERR,ERR,ERR,ERR,ERR,ERR,ERR,ERR,ERR,ERR,ERR,ERR,ERR,ERR,ERR,ERR,ERR,ERR,ERR,ERR,ERR,ERR,ERR,ERR,ERR,ERR,ERR,ERR,ERR,ERR,ERR,ERR,ERR,ERR,ERR,ERR,ERR,ERR,ERR,ERR,ERR,ERR,ERR,ERR,ERR,ERR,ERR,ERR,ERR,ERR,ERR,ERR,ERR,ERR,ERR,ERR,ERR,ERR,ERR,60.0,60.0,35,0.0,0.0,0.0,0.0,0.0,0.0,0.0,0.0,0.0,0.0,0.0,0.0,0.0,0.0,0.0,0.0,65.2,0,122,59,46,65476,0,65476,1,4,4,20529,65476,0,0,2621,60.0,0.0,0.0,0.0,0.0,0.0
2026-07-09T15:41:36,ERR,ERR,ERR,ERR,ERR,ERR,ERR,ERR,ERR,ERR,ERR,ERR,ERR,ERR,ERR,ERR,ERR,ERR,ERR,ERR,ERR,ERR,ERR,ERR,ERR,ERR,ERR,ERR,ERR,ERR,ERR,ERR,ERR,ERR,ERR,ERR,ERR,ERR,ERR,ERR,ERR,ERR,ERR,ERR,ERR,ERR,ERR,ERR,ERR,ERR,ERR,ERR,ERR,ERR,ERR,ERR,ERR,ERR,ERR,ERR,ERR,ERR,ERR,ERR,ERR,ERR,ERR,ERR,ERR,ERR,ERR,ERR,ERR,ERR,ERR,ERR,ERR,ERR,ERR,ERR,ERR,ERR,ERR,ERR,ERR,ERR,ERR,ERR,ERR,ERR,ERR,ERR,ERR,ERR,ERR,ERR,ERR,ERR,ERR,ERR,ERR,ERR,ERR,ERR,ERR,ERR,ERR,ERR,ERR,ERR,ERR,ERR,ERR,ERR,ERR,ERR,ERR,ERR,ERR,ERR,ERR,ERR,ERR,ERR,ERR,0.0,0.0,-107615120.0,-0.0,-0.0,2.1297428828302775e+34,0.0,-0.0,0,0,4,17336,7116,0.0,100,0.0,0.0,2.7183478752108883e+23,0.0,0.0,0,0,0,0,0.0,0,0,0,0,0,0,0,0,0,0,0,0,0,0,0,0,0,0,0,0,0,0,0,0,0,0,0,0,0,0,0,0,0,31,40,40,71,65476,0,300,0,0,8,21553,0.0,-107605600.0,0.0,0.0,0.0,0.0,0.0,0.0,0.0,0.0,0.0,0.0,0.0,0.0,0.0,0.0,0.0,0.0,0.0,0.0,0.0,0.0,-2.004,-0.0,0.0,0.0,0.0,0.0,0.0,0.0,5244.0,0.0,6914.0,0.0,-107616128.0,2.004,2.004,0.0,0.0,0.0,0.0,69,-0.0,-0.0,0.0,0.0,0.0,0.0,0.0,0.0,0.0,0,0,0,0.0,0.0,0.0,0.0,0.0,0.0,0.0,0.0,0.0,0.0,0.0,0.0,0.0,0.0,0.0,0.0,0,-107875648.0,69,0.0,138,0.0,2.012,ERR,ERR,ERR,ERR,ERR,ERR,ERR,ERR,ERR,ERR,ERR,ERR,ERR,ERR,ERR,ERR,ERR,ERR,ERR,ERR,ERR,ERR,ERR,ERR,ERR,ERR,ERR,ERR,ERR,ERR,ERR,ERR,ERR,ERR,ERR,ERR,ERR,ERR,ERR,ERR,ERR,ERR,ERR,ERR,ERR,ERR,ERR,ERR,ERR,ERR,ERR,ERR,ERR,ERR,ERR,ERR,ERR,ERR,ERR,ERR,ERR,ERR,ERR,ERR,ERR,ERR,ERR,60.0,60.0,35,0.0,0.0,0.0,0.0,0.0,0.0,0.0,0.0,0.0,0.0,0.0,0.0,0.0,0.0,0.0,0.0,64.8,0,122,59,46,65476,0,65476,1,4,4,20529,65476,0,0,2621,60.0,0.0,0.0,0.0,0.0,0.0
2026-07-09T15:41:37,ERR,ERR,ERR,ERR,ERR,ERR,ERR,ERR,ERR,ERR,ERR,ERR,ERR,ERR,ERR,ERR,ERR,ERR,ERR,ERR,ERR,ERR,ERR,ERR,ERR,ERR,ERR,ERR,ERR,ERR,ERR,ERR,ERR,ERR,ERR,ERR,ERR,ERR,ERR,ERR,ERR,ERR,ERR,ERR,ERR,ERR,ERR,ERR,ERR,ERR,ERR,ERR,ERR,ERR,ERR,ERR,ERR,ERR,ERR,ERR,ERR,ERR,ERR,ERR,ERR,ERR,ERR,ERR,ERR,ERR,ERR,ERR,ERR,ERR,ERR,ERR,ERR,ERR,ERR,ERR,ERR,ERR,ERR,ERR,ERR,ERR,ERR,ERR,ERR,ERR,ERR,ERR,ERR,ERR,ERR,ERR,ERR,ERR,ERR,ERR,ERR,ERR,ERR,ERR,ERR,ERR,ERR,ERR,ERR,ERR,ERR,ERR,ERR,ERR,ERR,ERR,ERR,ERR,ERR,ERR,ERR,ERR,ERR,ERR,ERR,0.0,0.0,-107615120.0,-0.0,-0.0,2.1297428828302775e+34,0.0,-0.0,0,0,4,17336,7116,0.0,100,0.0,0.0,2.7183478752108883e+23,0.0,0.0,0,0,0,0,0.0,0,0,0,0,0,0,0,0,0,0,0,0,0,0,0,0,0,0,0,0,0,0,0,0,0,0,0,0,0,0,0,0,0,31,40,40,71,65476,0,300,0,0,8,21553,0.0,-107605600.0,0.0,0.0,0.0,0.0,0.0,0.0,0.0,0.0,0.0,0.0,0.0,0.0,0.0,0.0,0.0,0.0,0.0,0.0,0.0,0.0,-2.004,-0.0,0.0,0.0,0.0,0.0,0.0,0.0,5244.0,0.0,6914.0,0.0,-107616128.0,2.004,2.004,0.0,0.0,0.0,0.0,69,-0.0,-0.0,0.0,0.0,0.0,0.0,0.0,0.0,0.0,0,0,0,0.0,0.0,0.0,0.0,0.0,0.0,0.0,0.0,0.0,0.0,0.0,0.0,0.0,0.0,0.0,0.0,0,-107875648.0,69,0.0,138,0.0,2.012,ERR,ERR,ERR,ERR,ERR,ERR,ERR,ERR,ERR,ERR,ERR,ERR,ERR,ERR,ERR,ERR,ERR,ERR,ERR,ERR,ERR,ERR,ERR,ERR,ERR,ERR,ERR,ERR,ERR,ERR,ERR,ERR,ERR,ERR,ERR,ERR,ERR,ERR,ERR,ERR,ERR,ERR,ERR,ERR,ERR,ERR,ERR,ERR,ERR,ERR,ERR,ERR,ERR,ERR,ERR,ERR,ERR,ERR,ERR,ERR,ERR,ERR,ERR,ERR,ERR,ERR,ERR,60.0,60.0,35,0.0,0.0,0.0,0.0,0.0,0.0,0.0,0.0,0.0,0.0,0.0,0.0,0.0,0.0,0.0,0.0,64.8,0,122,59,46,65476,0,65476,1,4,4,20529,65476,0,0,2621,60.0,0.0,0.0,0.0,0.0,0.0
2026-07-09T15:41:38,ERR,ERR,ERR,ERR,ERR,ERR,ERR,ERR,ERR,ERR,ERR,ERR,ERR,ERR,ERR,ERR,ERR,ERR,ERR,ERR,ERR,ERR,ERR,ERR,ERR,ERR,ERR,ERR,ERR,ERR,ERR,ERR,ERR,ERR,ERR,ERR,ERR,ERR,ERR,ERR,ERR,ERR,ERR,ERR,ERR,ERR,ERR,ERR,ERR,ERR,ERR,ERR,ERR,ERR,ERR,ERR,ERR,ERR,ERR,ERR,ERR,ERR,ERR,ERR,ERR,ERR,ERR,ERR,ERR,ERR,ERR,ERR,ERR,ERR,ERR,ERR,ERR,ERR,ERR,ERR,ERR,ERR,ERR,ERR,ERR,ERR,ERR,ERR,ERR,ERR,ERR,ERR,ERR,ERR,ERR,ERR,ERR,ERR,ERR,ERR,ERR,ERR,ERR,ERR,ERR,ERR,ERR,ERR,ERR,ERR,ERR,ERR,ERR,ERR,ERR,ERR,ERR,ERR,ERR,ERR,ERR,ERR,ERR,ERR,ERR,0.0,0.0,-107615120.0,-0.0,-0.0,2.1297428828302775e+34,0.0,-0.0,0,0,4,17336,7116,0.0,100,0.0,0.0,2.7183478752108883e+23,0.0,0.0,0,0,0,0,0.0,0,0,0,0,0,0,0,0,0,0,0,0,0,0,0,0,0,0,0,0,0,0,0,0,0,0,0,0,0,0,0,0,0,31,40,40,71,65476,0,300,0,0,8,21553,0.0,-107605600.0,0.0,0.0,0.0,0.0,0.0,0.0,0.0,0.0,0.0,0.0,0.0,0.0,0.0,0.0,0.0,0.0,0.0,0.0,0.0,0.0,-2.004,-0.0,0.0,0.0,0.0,0.0,0.0,0.0,5244.0,0.0,6914.0,0.0,-107616128.0,2.004,2.004,0.0,0.0,0.0,0.0,69,-0.0,-0.0,0.0,0.0,0.0,0.0,0.0,0.0,0.0,0,0,0,0.0,0.0,0.0,0.0,0.0,0.0,0.0,0.0,0.0,0.0,0.0,0.0,0.0,0.0,0.0,0.0,0,-107875648.0,69,0.0,138,0.0,2.012,ERR,ERR,ERR,ERR,ERR,ERR,ERR,ERR,ERR,ERR,ERR,ERR,ERR,ERR,ERR,ERR,ERR,ERR,ERR,ERR,ERR,ERR,ERR,ERR,ERR,ERR,ERR,ERR,ERR,ERR,ERR,ERR,ERR,ERR,ERR,ERR,ERR,ERR,ERR,ERR,ERR,ERR,ERR,ERR,ERR,ERR,ERR,ERR,ERR,ERR,ERR,ERR,ERR,ERR,ERR,ERR,ERR,ERR,ERR,ERR,ERR,ERR,ERR,ERR,ERR,ERR,ERR,60.0,60.0,35,0.0,0.0,0.0,0.0,0.0,0.0,0.0,0.0,0.0,0.0,0.0,0.0,0.0,0.0,0.0,0.0,64.8,0,121,59,46,65476,0,65476,1,4,4,20529,65476,0,0,2621,60.0,0.0,0.0,0.0,0.0,0.0
2026-07-09T15:41:39,ERR,ERR,ERR,ERR,ERR,ERR,ERR,ERR,ERR,ERR,ERR,ERR,ERR,ERR,ERR,ERR,ERR,ERR,ERR,ERR,ERR,ERR,ERR,ERR,ERR,ERR,ERR,ERR,ERR,ERR,ERR,ERR,ERR,ERR,ERR,ERR,ERR,ERR,ERR,ERR,ERR,ERR,ERR,ERR,ERR,ERR,ERR,ERR,ERR,ERR,ERR,ERR,ERR,ERR,ERR,ERR,ERR,ERR,ERR,ERR,ERR,ERR,ERR,ERR,ERR,ERR,ERR,ERR,ERR,ERR,ERR,ERR,ERR,ERR,ERR,ERR,ERR,ERR,ERR,ERR,ERR,ERR,ERR,ERR,ERR,ERR,ERR,ERR,ERR,ERR,ERR,ERR,ERR,ERR,ERR,ERR,ERR,ERR,ERR,ERR,ERR,ERR,ERR,ERR,ERR,ERR,ERR,ERR,ERR,ERR,ERR,ERR,ERR,ERR,ERR,ERR,ERR,ERR,ERR,ERR,ERR,ERR,ERR,ERR,ERR,0.0,-0.0,0.0,0.0,0.0,5.3785065382616236e+20,0.0,7304.052,0,0,4,17339,7116,0.0,100,0.0,0.0,0.0,0.0,0.0,0,0,0,0,0.0,0,0,0,0,0,0,0,0,0,0,0,0,0,0,0,0,0,0,0,0,0,0,0,0,0,0,0,0,0,0,0,0,0,31,40,40,71,65476,0,300,0,0,8,21553,0.0,-107605600.0,0.0,0.0,0.0,0.0,0.0,0.0,0.0,0.0,0.0,0.0,0.0,0.0,0.0,0.0,0.0,0.0,0.0,0.0,0.0,0.0,-0.0,2.004,0.0,0.0,0.0,0.0,0.0,0.0,5224.0,-1.0406661236209956e+34,6943.0,0.0,-0.0,2.004,2.004,0.0,0.0,0.0,0.0,69,0.0,-0.0,0.0,0.0,0.0,0.0,0.0,0.0,0.0,0,0,0,0.0,0.0,0.0,0.0,0.0,0.0,0.0,0.0,0.0,0.0,0.0,0.0,0.0,0.0,0.0,0.0,0,-107875648.0,69,0.0,138,0.0,2.012,ERR,ERR,ERR,ERR,ERR,ERR,ERR,ERR,ERR,ERR,ERR,ERR,ERR,ERR,ERR,ERR,ERR,ERR,ERR,ERR,ERR,ERR,ERR,ERR,ERR,ERR,ERR,ERR,ERR,ERR,ERR,ERR,ERR,ERR,ERR,ERR,ERR,ERR,ERR,ERR,ERR,ERR,ERR,ERR,ERR,ERR,ERR,ERR,ERR,ERR,ERR,ERR,ERR,ERR,ERR,ERR,ERR,ERR,ERR,ERR,ERR,ERR,ERR,ERR,ERR,ERR,ERR,60.0,60.0,35,0.0,0.0,0.0,0.0,0.0,0.0,0.0,0.0,0.0,0.0,0.0,0.0,0.0,0.0,0.0,0.0,64.8,0,121,59,45,65476,0,65476,1,4,4,20529,65476,0,0,2621,60.0,0.0,0.0,0.0,0.0,0.0
2026-07-09T15:41:40,ERR,ERR,ERR,ERR,ERR,ERR,ERR,ERR,ERR,ERR,ERR,ERR,ERR,ERR,ERR,ERR,ERR,ERR,ERR,ERR,ERR,ERR,ERR,ERR,ERR,ERR,ERR,ERR,ERR,ERR,ERR,ERR,ERR,ERR,ERR,ERR,ERR,ERR,ERR,ERR,ERR,ERR,ERR,ERR,ERR,ERR,ERR,ERR,ERR,ERR,ERR,ERR,ERR,ERR,ERR,ERR,ERR,ERR,ERR,ERR,ERR,ERR,ERR,ERR,ERR,ERR,ERR,ERR,ERR,ERR,ERR,ERR,ERR,ERR,ERR,ERR,ERR,ERR,ERR,ERR,ERR,ERR,ERR,ERR,ERR,ERR,ERR,ERR,ERR,ERR,ERR,ERR,ERR,ERR,ERR,ERR,ERR,ERR,ERR,ERR,ERR,ERR,ERR,ERR,ERR,ERR,ERR,ERR,ERR,ERR,ERR,ERR,ERR,ERR,ERR,ERR,ERR,ERR,ERR,ERR,ERR,ERR,ERR,ERR,ERR,0.0,-0.0,0.0,0.0,0.0,5.3785065382616236e+20,0.0,7304.052,0,0,4,17339,7116,0.0,100,0.0,0.0,0.0,0.0,0.0,0,0,0,0,0.0,0,0,0,0,0,0,0,0,0,0,0,0,0,0,0,0,0,0,0,0,0,0,0,0,0,0,0,0,0,0,0,0,0,31,40,40,71,65476,0,300,0,0,8,21553,0.0,-107605600.0,0.0,0.0,0.0,0.0,0.0,0.0,0.0,0.0,0.0,0.0,0.0,0.0,0.0,0.0,0.0,0.0,0.0,0.0,0.0,0.0,-0.0,2.004,0.0,0.0,0.0,0.0,0.0,0.0,5224.0,-1.0406661236209956e+34,6943.0,0.0,-0.0,2.004,2.004,0.0,0.0,0.0,0.0,69,0.0,-0.0,0.0,0.0,0.0,0.0,0.0,0.0,0.0,0,0,0,0.0,0.0,0.0,0.0,0.0,0.0,0.0,0.0,0.0,0.0,0.0,0.0,0.0,0.0,0.0,0.0,0,-107875648.0,69,0.0,138,0.0,2.012,ERR,ERR,ERR,ERR,ERR,ERR,ERR,ERR,ERR,ERR,ERR,ERR,ERR,ERR,ERR,ERR,ERR,ERR,ERR,ERR,ERR,ERR,ERR,ERR,ERR,ERR,ERR,ERR,ERR,ERR,ERR,ERR,ERR,ERR,ERR,ERR,ERR,ERR,ERR,ERR,ERR,ERR,ERR,ERR,ERR,ERR,ERR,ERR,ERR,ERR,ERR,ERR,ERR,ERR,ERR,ERR,ERR,ERR,ERR,ERR,ERR,ERR,ERR,ERR,ERR,ERR,ERR,60.0,60.0,35,0.0,0.0,0.0,0.0,0.0,0.0,0.0,0.0,0.0,0.0,0.0,0.0,0.0,0.0,0.0,0.0,64.8,0,121,59,45,65476,0,65476,1,4,4,20529,65476,0,0,2621,60.0,0.0,0.0,0.0,0.0,0.0
2026-07-09T15:41:41,ERR,ERR,ERR,ERR,ERR,ERR,ERR,ERR,ERR,ERR,ERR,ERR,ERR,ERR,ERR,ERR,ERR,ERR,ERR,ERR,ERR,ERR,ERR,ERR,ERR,ERR,ERR,ERR,ERR,ERR,ERR,ERR,ERR,ERR,ERR,ERR,ERR,ERR,ERR,ERR,ERR,ERR,ERR,ERR,ERR,ERR,ERR,ERR,ERR,ERR,ERR,ERR,ERR,ERR,ERR,ERR,ERR,ERR,ERR,ERR,ERR,ERR,ERR,ERR,ERR,ERR,ERR,ERR,ERR,ERR,ERR,ERR,ERR,ERR,ERR,ERR,ERR,ERR,ERR,ERR,ERR,ERR,ERR,ERR,ERR,ERR,ERR,ERR,ERR,ERR,ERR,ERR,ERR,ERR,ERR,ERR,ERR,ERR,ERR,ERR,ERR,ERR,ERR,ERR,ERR,ERR,ERR,ERR,ERR,ERR,ERR,ERR,ERR,ERR,ERR,ERR,ERR,ERR,ERR,ERR,ERR,ERR,ERR,ERR,ERR,0.0,-0.0,0.0,0.0,0.0,5.3785065382616236e+20,0.0,7304.052,0,0,4,17339,7116,0.0,100,0.0,0.0,0.0,0.0,0.0,0,0,0,0,0.0,0,0,0,0,0,0,0,0,0,0,0,0,0,0,0,0,0,0,0,0,0,0,0,0,0,0,0,0,0,0,0,0,0,31,40,40,71,65476,0,300,0,0,8,21553,0.0,-107605600.0,0.0,0.0,0.0,0.0,0.0,0.0,0.0,0.0,0.0,0.0,0.0,0.0,0.0,0.0,0.0,0.0,0.0,0.0,0.0,0.0,-0.0,2.004,0.0,0.0,0.0,0.0,0.0,0.0,5224.0,-1.0406661236209956e+34,6943.0,0.0,-0.0,2.004,2.004,0.0,0.0,0.0,0.0,69,0.0,-0.0,0.0,0.0,0.0,0.0,0.0,0.0,0.0,0,0,0,0.0,0.0,0.0,0.0,0.0,0.0,0.0,0.0,0.0,0.0,0.0,0.0,0.0,0.0,0.0,0.0,0,-107875648.0,69,0.0,138,0.0,2.012,ERR,ERR,ERR,ERR,ERR,ERR,ERR,ERR,ERR,ERR,ERR,ERR,ERR,ERR,ERR,ERR,ERR,ERR,ERR,ERR,ERR,ERR,ERR,ERR,ERR,ERR,ERR,ERR,ERR,ERR,ERR,ERR,ERR,ERR,ERR,ERR,ERR,ERR,ERR,ERR,ERR,ERR,ERR,ERR,ERR,ERR,ERR,ERR,ERR,ERR,ERR,ERR,ERR,ERR,ERR,ERR,ERR,ERR,ERR,ERR,ERR,ERR,ERR,ERR,ERR,ERR,ERR,60.0,60.0,35,0.0,0.0,0.0,0.0,0.0,0.0,0.0,0.0,0.0,0.0,0.0,0.0,0.0,0.0,0.0,0.0,65.2,0,121,59,45,65476,0,65476,1,4,4,20529,65476,0,0,2621,60.0,0.0,0.0,0.0,0.0,0.0
2026-07-09T15:41:42,ERR,ERR,ERR,ERR,ERR,ERR,ERR,ERR,ERR,ERR,ERR,ERR,ERR,ERR,ERR,ERR,ERR,ERR,ERR,ERR,ERR,ERR,ERR,ERR,ERR,ERR,ERR,ERR,ERR,ERR,ERR,ERR,ERR,ERR,ERR,ERR,ERR,ERR,ERR,ERR,ERR,ERR,ERR,ERR,ERR,ERR,ERR,ERR,ERR,ERR,ERR,ERR,ERR,ERR,ERR,ERR,ERR,ERR,ERR,ERR,ERR,ERR,ERR,ERR,ERR,ERR,ERR,ERR,ERR,ERR,ERR,ERR,ERR,ERR,ERR,ERR,ERR,ERR,ERR,ERR,ERR,ERR,ERR,ERR,ERR,ERR,ERR,ERR,ERR,ERR,ERR,ERR,ERR,ERR,ERR,ERR,ERR,ERR,ERR,ERR,ERR,ERR,ERR,ERR,ERR,ERR,ERR,ERR,ERR,ERR,ERR,ERR,ERR,ERR,ERR,ERR,ERR,ERR,ERR,ERR,ERR,ERR,ERR,ERR,ERR,0.0,-0.0,0.0,0.0,0.0,5.3785065382616236e+20,0.0,7304.052,0,0,4,17339,7116,0.0,100,0.0,0.0,0.0,0.0,0.0,0,0,0,0,0.0,0,0,0,0,0,0,0,0,0,0,0,0,0,0,0,0,0,0,0,0,0,0,0,0,0,0,0,0,0,0,0,0,0,31,40,40,71,65476,0,300,0,0,8,21553,0.0,-107605600.0,0.0,0.0,0.0,0.0,0.0,0.0,0.0,0.0,0.0,0.0,0.0,0.0,0.0,0.0,0.0,0.0,0.0,0.0,0.0,0.0,-0.0,2.004,0.0,0.0,0.0,0.0,0.0,0.0,5224.0,-1.0406661236209956e+34,6943.0,0.0,-0.0,2.004,2.004,0.0,0.0,0.0,0.0,69,0.0,-0.0,0.0,0.0,0.0,0.0,0.0,0.0,0.0,0,0,0,0.0,0.0,0.0,0.0,0.0,0.0,0.0,0.0,0.0,0.0,0.0,0.0,0.0,0.0,0.0,0.0,0,-107875648.0,69,0.0,138,0.0,2.012,ERR,ERR,ERR,ERR,ERR,ERR,ERR,ERR,ERR,ERR,ERR,ERR,ERR,ERR,ERR,ERR,ERR,ERR,ERR,ERR,ERR,ERR,ERR,ERR,ERR,ERR,ERR,ERR,ERR,ERR,ERR,ERR,ERR,ERR,ERR,ERR,ERR,ERR,ERR,ERR,ERR,ERR,ERR,ERR,ERR,ERR,ERR,ERR,ERR,ERR,ERR,ERR,ERR,ERR,ERR,ERR,ERR,ERR,ERR,ERR,ERR,ERR,ERR,ERR,ERR,ERR,ERR,60.0,60.0,35,0.0,0.0,0.0,0.0,0.0,0.0,0.0,0.0,0.0,0.0,0.0,0.0,0.0,0.0,0.0,0.0,65.2,0,121,59,45,65476,0,65476,1,4,4,20529,65476,0,0,2621,60.0,0.0,0.0,0.0,0.0,0.0
2026-07-09T15:41:43,ERR,ERR,ERR,ERR,ERR,ERR,ERR,ERR,ERR,ERR,ERR,ERR,ERR,ERR,ERR,ERR,ERR,ERR,ERR,ERR,ERR,ERR,ERR,ERR,ERR,ERR,ERR,ERR,ERR,ERR,ERR,ERR,ERR,ERR,ERR,ERR,ERR,ERR,ERR,ERR,ERR,ERR,ERR,ERR,ERR,ERR,ERR,ERR,ERR,ERR,ERR,ERR,ERR,ERR,ERR,ERR,ERR,ERR,ERR,ERR,ERR,ERR,ERR,ERR,ERR,ERR,ERR,ERR,ERR,ERR,ERR,ERR,ERR,ERR,ERR,ERR,ERR,ERR,ERR,ERR,ERR,ERR,ERR,ERR,ERR,ERR,ERR,ERR,ERR,ERR,ERR,ERR,ERR,ERR,ERR,ERR,ERR,ERR,ERR,ERR,ERR,ERR,ERR,ERR,ERR,ERR,ERR,ERR,ERR,ERR,ERR,ERR,ERR,ERR,ERR,ERR,ERR,ERR,ERR,ERR,ERR,ERR,ERR,ERR,ERR,0.0,0.0,0.0,2.7183478752108883e+23,-0.0,-1.8381191036381173e+37,-0.0,-0.0,0,0,4,17335,7116,0.0,100,0.0,0.0,2.7183478752108883e+23,0.0,0.0,0,0,0,0,0.0,0,0,0,0,0,0,0,0,0,0,0,0,0,0,0,0,0,0,0,0,0,0,0,0,0,0,0,0,0,0,0,0,0,31,40,40,71,65476,0,300,0,0,8,21553,0.0,-107605600.0,0.0,0.0,0.0,0.0,0.0,0.0,0.0,0.0,0.0,0.0,0.0,0.0,0.0,0.0,0.0,0.0,0.0,0.0,0.0,0.0,-0.0,0.0,0.0,0.0,0.0,0.0,0.0,0.0,5238.0,0.0,6916.0,0.0,0.0,2.004,2.004,0.0,0.0,0.0,0.0,69,126840987648.0,-107614848.0,0.0,0.0,0.0,0.0,0.0,0.0,0.0,0,0,0,0.0,0.0,0.0,0.0,0.0,0.0,0.0,0.0,0.0,0.0,0.0,0.0,0.0,0.0,0.0,0.0,0,-107875648.0,69,0.0,138,0.0,2.012,ERR,ERR,ERR,ERR,ERR,ERR,ERR,ERR,ERR,ERR,ERR,ERR,ERR,ERR,ERR,ERR,ERR,ERR,ERR,ERR,ERR,ERR,ERR,ERR,ERR,ERR,ERR,ERR,ERR,ERR,ERR,ERR,ERR,ERR,ERR,ERR,ERR,ERR,ERR,ERR,ERR,ERR,ERR,ERR,ERR,ERR,ERR,ERR,ERR,ERR,ERR,ERR,ERR,ERR,ERR,ERR,ERR,ERR,ERR,ERR,ERR,ERR,ERR,ERR,ERR,ERR,ERR,60.0,60.0,35,0.0,0.0,0.0,0.0,0.0,0.0,0.0,0.0,0.0,0.0,0.0,0.0,0.0,0.0,0.0,0.0,65.2,0,121,59,45,65476,0,65476,1,4,4,20529,65476,0,0,2621,60.0,0.0,0.0,0.0,0.0,0.0
2026-07-09T15:41:44,ERR,ERR,ERR,ERR,ERR,ERR,ERR,ERR,ERR,ERR,ERR,ERR,ERR,ERR,ERR,ERR,ERR,ERR,ERR,ERR,ERR,ERR,ERR,ERR,ERR,ERR,ERR,ERR,ERR,ERR,ERR,ERR,ERR,ERR,ERR,ERR,ERR,ERR,ERR,ERR,ERR,ERR,ERR,ERR,ERR,ERR,ERR,ERR,ERR,ERR,ERR,ERR,ERR,ERR,ERR,ERR,ERR,ERR,ERR,ERR,ERR,ERR,ERR,ERR,ERR,ERR,ERR,ERR,ERR,ERR,ERR,ERR,ERR,ERR,ERR,ERR,ERR,ERR,ERR,ERR,ERR,ERR,ERR,ERR,ERR,ERR,ERR,ERR,ERR,ERR,ERR,ERR,ERR,ERR,ERR,ERR,ERR,ERR,ERR,ERR,ERR,ERR,ERR,ERR,ERR,ERR,ERR,ERR,ERR,ERR,ERR,ERR,ERR,ERR,ERR,ERR,ERR,ERR,ERR,ERR,ERR,ERR,ERR,ERR,ERR,0.0,0.0,0.0,2.7183478752108883e+23,-0.0,-1.8381191036381173e+37,-0.0,-0.0,0,0,4,17335,7116,0.0,100,0.0,0.0,2.7183478752108883e+23,0.0,0.0,0,0,0,0,0.0,0,0,0,0,0,0,0,0,0,0,0,0,0,0,0,0,0,0,0,0,0,0,0,0,0,0,0,0,0,0,0,0,0,31,40,40,71,65476,0,300,0,0,8,21553,0.0,-107605600.0,0.0,0.0,0.0,0.0,0.0,0.0,0.0,0.0,0.0,0.0,0.0,0.0,0.0,0.0,0.0,0.0,0.0,0.0,0.0,0.0,-0.0,0.0,0.0,0.0,0.0,0.0,0.0,0.0,5238.0,0.0,6916.0,0.0,0.0,2.004,2.004,0.0,0.0,0.0,0.0,69,126840987648.0,-107614848.0,0.0,0.0,0.0,0.0,0.0,0.0,0.0,0,0,0,0.0,0.0,0.0,0.0,0.0,0.0,0.0,0.0,0.0,0.0,0.0,0.0,0.0,0.0,0.0,0.0,0,-107875648.0,69,0.0,138,0.0,2.012,ERR,ERR,ERR,ERR,ERR,ERR,ERR,ERR,ERR,ERR,ERR,ERR,ERR,ERR,ERR,ERR,ERR,ERR,ERR,ERR,ERR,ERR,ERR,ERR,ERR,ERR,ERR,ERR,ERR,ERR,ERR,ERR,ERR,ERR,ERR,ERR,ERR,ERR,ERR,ERR,ERR,ERR,ERR,ERR,ERR,ERR,ERR,ERR,ERR,ERR,ERR,ERR,ERR,ERR,ERR,ERR,ERR,ERR,ERR,ERR,ERR,ERR,ERR,ERR,ERR,ERR,ERR,60.0,60.0,35,0.0,0.0,0.0,0.0,0.0,0.0,0.0,0.0,0.0,0.0,0.0,0.0,0.0,0.0,0.0,0.0,65.2,0,121,58,45,65476,0,65476,1,4,4,20529,65476,0,0,2621,60.0,0.0,0.0,0.0,0.0,0.0
2026-07-09T15:41:45,ERR,ERR,ERR,ERR,ERR,ERR,ERR,ERR,ERR,ERR,ERR,ERR,ERR,ERR,ERR,ERR,ERR,ERR,ERR,ERR,ERR,ERR,ERR,ERR,ERR,ERR,ERR,ERR,ERR,ERR,ERR,ERR,ERR,ERR,ERR,ERR,ERR,ERR,ERR,ERR,ERR,ERR,ERR,ERR,ERR,ERR,ERR,ERR,ERR,ERR,ERR,ERR,ERR,ERR,ERR,ERR,ERR,ERR,ERR,ERR,ERR,ERR,ERR,ERR,ERR,ERR,ERR,ERR,ERR,ERR,ERR,ERR,ERR,ERR,ERR,ERR,ERR,ERR,ERR,ERR,ERR,ERR,ERR,ERR,ERR,ERR,ERR,ERR,ERR,ERR,ERR,ERR,ERR,ERR,ERR,ERR,ERR,ERR,ERR,ERR,ERR,ERR,ERR,ERR,ERR,ERR,ERR,ERR,ERR,ERR,ERR,ERR,ERR,ERR,ERR,ERR,ERR,ERR,ERR,ERR,ERR,ERR,ERR,ERR,ERR,0.0,0.0,0.0,2.7183478752108883e+23,-0.0,-1.8381191036381173e+37,-0.0,-0.0,0,0,4,17335,7116,0.0,100,0.0,0.0,2.7183478752108883e+23,0.0,0.0,0,0,0,0,0.0,0,0,0,0,0,0,0,0,0,0,0,0,0,0,0,0,0,0,0,0,0,0,0,0,0,0,0,0,0,0,0,0,0,31,40,40,71,65476,0,300,0,0,8,21553,0.0,-107605600.0,0.0,0.0,0.0,0.0,0.0,0.0,0.0,0.0,0.0,0.0,0.0,0.0,0.0,0.0,0.0,0.0,0.0,0.0,0.0,0.0,-0.0,0.0,0.0,0.0,0.0,0.0,0.0,0.0,5238.0,0.0,6916.0,0.0,0.0,2.004,2.004,0.0,0.0,0.0,0.0,69,126840987648.0,-107614848.0,0.0,0.0,0.0,0.0,0.0,0.0,0.0,0,0,0,0.0,0.0,0.0,0.0,0.0,0.0,0.0,0.0,0.0,0.0,0.0,0.0,0.0,0.0,0.0,0.0,0,-107875648.0,69,0.0,138,0.0,2.012,ERR,ERR,ERR,ERR,ERR,ERR,ERR,ERR,ERR,ERR,ERR,ERR,ERR,ERR,ERR,ERR,ERR,ERR,ERR,ERR,ERR,ERR,ERR,ERR,ERR,ERR,ERR,ERR,ERR,ERR,ERR,ERR,ERR,ERR,ERR,ERR,ERR,ERR,ERR,ERR,ERR,ERR,ERR,ERR,ERR,ERR,ERR,ERR,ERR,ERR,ERR,ERR,ERR,ERR,ERR,ERR,ERR,ERR,ERR,ERR,ERR,ERR,ERR,ERR,ERR,ERR,ERR,60.0,60.0,35,0.0,0.0,0.0,0.0,0.0,0.0,0.0,0.0,0.0,0.0,0.0,0.0,0.0,0.0,0.0,0.0,65.2,0,121,58,45,65476,0,65476,1,4,4,20529,65476,0,0,2621,60.0,0.0,0.0,0.0,0.0,0.0
2026-07-09T15:41:46,ERR,ERR,ERR,ERR,ERR,ERR,ERR,ERR,ERR,ERR,ERR,ERR,ERR,ERR,ERR,ERR,ERR,ERR,ERR,ERR,ERR,ERR,ERR,ERR,ERR,ERR,ERR,ERR,ERR,ERR,ERR,ERR,ERR,ERR,ERR,ERR,ERR,ERR,ERR,ERR,ERR,ERR,ERR,ERR,ERR,ERR,ERR,ERR,ERR,ERR,ERR,ERR,ERR,ERR,ERR,ERR,ERR,ERR,ERR,ERR,ERR,ERR,ERR,ERR,ERR,ERR,ERR,ERR,ERR,ERR,ERR,ERR,ERR,ERR,ERR,ERR,ERR,ERR,ERR,ERR,ERR,ERR,ERR,ERR,ERR,ERR,ERR,ERR,ERR,ERR,ERR,ERR,ERR,ERR,ERR,ERR,ERR,ERR,ERR,ERR,ERR,ERR,ERR,ERR,ERR,ERR,ERR,ERR,ERR,ERR,ERR,ERR,ERR,ERR,ERR,ERR,ERR,ERR,ERR,ERR,ERR,ERR,ERR,ERR,ERR,0.0,0.0,0.0,2.7183478752108883e+23,-0.0,-1.8381191036381173e+37,-0.0,-0.0,0,0,4,17335,7116,0.0,100,0.0,0.0,2.7183478752108883e+23,0.0,0.0,0,0,0,0,0.0,0,0,0,0,0,0,0,0,0,0,0,0,0,0,0,0,0,0,0,0,0,0,0,0,0,0,0,0,0,0,0,0,0,31,40,40,71,65476,0,300,0,0,8,21553,0.0,-107605600.0,0.0,0.0,0.0,0.0,0.0,0.0,0.0,0.0,0.0,0.0,0.0,0.0,0.0,0.0,0.0,0.0,0.0,0.0,0.0,0.0,-0.0,0.0,0.0,0.0,0.0,0.0,0.0,0.0,5238.0,0.0,6916.0,0.0,0.0,2.004,2.004,0.0,0.0,0.0,0.0,69,126840987648.0,-107614848.0,0.0,0.0,0.0,0.0,0.0,0.0,0.0,0,0,0,0.0,0.0,0.0,0.0,0.0,0.0,0.0,0.0,0.0,0.0,0.0,0.0,0.0,0.0,0.0,0.0,0,-107875648.0,69,0.0,138,0.0,2.012,ERR,ERR,ERR,ERR,ERR,ERR,ERR,ERR,ERR,ERR,ERR,ERR,ERR,ERR,ERR,ERR,ERR,ERR,ERR,ERR,ERR,ERR,ERR,ERR,ERR,ERR,ERR,ERR,ERR,ERR,ERR,ERR,ERR,ERR,ERR,ERR,ERR,ERR,ERR,ERR,ERR,ERR,ERR,ERR,ERR,ERR,ERR,ERR,ERR,ERR,ERR,ERR,ERR,ERR,ERR,ERR,ERR,ERR,ERR,ERR,ERR,ERR,ERR,ERR,ERR,ERR,ERR,60.0,60.0,35,0.0,0.0,0.0,0.0,0.0,0.0,0.0,0.0,0.0,0.0,0.0,0.0,0.0,0.0,0.0,0.0,64.8,0,121,58,45,65476,0,65476,1,4,4,20529,65476,0,0,2621,60.0,0.0,0.0,0.0,0.0,0.0
2026-07-09T15:41:47,ERR,ERR,ERR,ERR,ERR,ERR,ERR,ERR,ERR,ERR,ERR,ERR,ERR,ERR,ERR,ERR,ERR,ERR,ERR,ERR,ERR,ERR,ERR,ERR,ERR,ERR,ERR,ERR,ERR,ERR,ERR,ERR,ERR,ERR,ERR,ERR,ERR,ERR,ERR,ERR,ERR,ERR,ERR,ERR,ERR,ERR,ERR,ERR,ERR,ERR,ERR,ERR,ERR,ERR,ERR,ERR,ERR,ERR,ERR,ERR,ERR,ERR,ERR,ERR,ERR,ERR,ERR,ERR,ERR,ERR,ERR,ERR,ERR,ERR,ERR,ERR,ERR,ERR,ERR,ERR,ERR,ERR,ERR,ERR,ERR,ERR,ERR,ERR,ERR,ERR,ERR,ERR,ERR,ERR,ERR,ERR,ERR,ERR,ERR,ERR,ERR,ERR,ERR,ERR,ERR,ERR,ERR,ERR,ERR,ERR,ERR,ERR,ERR,ERR,ERR,ERR,ERR,ERR,ERR,ERR,ERR,ERR,ERR,ERR,ERR,0.0,0.0,0.0,2.7183478752108883e+23,-0.0,-1.8381191036381173e+37,-0.0,-0.0,0,0,4,17335,7116,0.0,100,0.0,0.0,2.7183478752108883e+23,0.0,0.0,0,0,0,0,0.0,0,0,0,0,0,0,0,0,0,0,0,0,0,0,0,0,0,0,0,0,0,0,0,0,0,0,0,0,0,0,0,0,0,31,40,40,71,65476,0,300,0,0,8,21553,0.0,-107605600.0,0.0,0.0,0.0,0.0,0.0,0.0,0.0,0.0,0.0,0.0,0.0,0.0,0.0,0.0,0.0,0.0,0.0,0.0,0.0,0.0,-0.0,0.0,0.0,0.0,0.0,0.0,0.0,0.0,5238.0,0.0,6916.0,0.0,0.0,2.004,2.004,0.0,0.0,0.0,0.0,69,126840987648.0,-107614848.0,0.0,0.0,0.0,0.0,0.0,0.0,0.0,0,0,0,0.0,0.0,0.0,0.0,0.0,0.0,0.0,0.0,0.0,0.0,0.0,0.0,0.0,0.0,0.0,0.0,0,-107875648.0,69,0.0,138,0.0,2.012,ERR,ERR,ERR,ERR,ERR,ERR,ERR,ERR,ERR,ERR,ERR,ERR,ERR,ERR,ERR,ERR,ERR,ERR,ERR,ERR,ERR,ERR,ERR,ERR,ERR,ERR,ERR,ERR,ERR,ERR,ERR,ERR,ERR,ERR,ERR,ERR,ERR,ERR,ERR,ERR,ERR,ERR,ERR,ERR,ERR,ERR,ERR,ERR,ERR,ERR,ERR,ERR,ERR,ERR,ERR,ERR,ERR,ERR,ERR,ERR,ERR,ERR,ERR,ERR,ERR,ERR,ERR,60.0,60.0,35,0.0,0.0,0.0,0.0,0.0,0.0,0.0,0.0,0.0,0.0,0.0,0.0,0.0,0.0,0.0,0.0,64.8,0,121,58,45,65476,0,65476,1,4,4,20529,65476,0,0,2621,60.0,0.0,0.0,0.0,0.0,0.0
2026-07-09T15:41:48,ERR,ERR,ERR,ERR,ERR,ERR,ERR,ERR,ERR,ERR,ERR,ERR,ERR,ERR,ERR,ERR,ERR,ERR,ERR,ERR,ERR,ERR,ERR,ERR,ERR,ERR,ERR,ERR,ERR,ERR,ERR,ERR,ERR,ERR,ERR,ERR,ERR,ERR,ERR,ERR,ERR,ERR,ERR,ERR,ERR,ERR,ERR,ERR,ERR,ERR,ERR,ERR,ERR,ERR,ERR,ERR,ERR,ERR,ERR,ERR,ERR,ERR,ERR,ERR,ERR,ERR,ERR,ERR,ERR,ERR,ERR,ERR,ERR,ERR,ERR,ERR,ERR,ERR,ERR,ERR,ERR,ERR,ERR,ERR,ERR,ERR,ERR,ERR,ERR,ERR,ERR,ERR,ERR,ERR,ERR,ERR,ERR,ERR,ERR,ERR,ERR,ERR,ERR,ERR,ERR,ERR,ERR,ERR,ERR,ERR,ERR,ERR,ERR,ERR,ERR,ERR,ERR,ERR,ERR,ERR,ERR,ERR,ERR,ERR,ERR,0.0,-107616120.0,2.7302305327557128e+23,2.7183478752108883e+23,-1.2704439744501765e+30,-0.0,0.0,-0.0,0,0,4,17338,7116,0.0,100,0.0,0.0,2.7183478752108883e+23,0.0,0.0,0,0,0,0,0.0,0,0,0,0,0,0,0,0,0,0,0,0,0,0,0,0,0,0,0,0,0,0,0,0,0,0,0,0,0,0,0,0,0,31,40,40,71,65476,0,300,0,0,8,21553,0.0,-107605600.0,0.0,0.0,0.0,0.0,0.0,0.0,0.0,0.0,0.0,0.0,0.0,0.0,0.0,0.0,0.0,0.0,0.0,0.0,0.0,0.0,-0.0,-3.697070465001456e+19,0.0,0.0,0.0,0.0,0.0,0.0,5246.0,0.0,6918.0,0.0,-107616120.0,2.004,2.004,0.0,0.0,0.0,0.0,69,-0.0,-2.308829458716594e+20,0.0,0.0,0.0,0.0,0.0,0.0,0.0,0,0,0,0.0,0.0,0.0,0.0,0.0,0.0,0.0,0.0,0.0,0.0,0.0,0.0,0.0,0.0,0.0,0.0,0,-107875648.0,69,0.0,138,0.0,2.012,ERR,ERR,ERR,ERR,ERR,ERR,ERR,ERR,ERR,ERR,ERR,ERR,ERR,ERR,ERR,ERR,ERR,ERR,ERR,ERR,ERR,ERR,ERR,ERR,ERR,ERR,ERR,ERR,ERR,ERR,ERR,ERR,ERR,ERR,ERR,ERR,ERR,ERR,ERR,ERR,ERR,ERR,ERR,ERR,ERR,ERR,ERR,ERR,ERR,ERR,ERR,ERR,ERR,ERR,ERR,ERR,ERR,ERR,ERR,ERR,ERR,ERR,ERR,ERR,ERR,ERR,ERR,60.0,60.0,35,0.0,0.0,0.0,0.0,0.0,0.0,0.0,0.0,0.0,0.0,0.0,0.0,0.0,0.0,0.0,0.0,65.2,0,121,58,45,65476,0,65476,1,4,4,20529,65476,0,0,2621,60.0,0.0,0.0,0.0,0.0,0.0
2026-07-09T15:41:49,ERR,ERR,ERR,ERR,ERR,ERR,ERR,ERR,ERR,ERR,ERR,ERR,ERR,ERR,ERR,ERR,ERR,ERR,ERR,ERR,ERR,ERR,ERR,ERR,ERR,ERR,ERR,ERR,ERR,ERR,ERR,ERR,ERR,ERR,ERR,ERR,ERR,ERR,ERR,ERR,ERR,ERR,ERR,ERR,ERR,ERR,ERR,ERR,ERR,ERR,ERR,ERR,ERR,ERR,ERR,ERR,ERR,ERR,ERR,ERR,ERR,ERR,ERR,ERR,ERR,ERR,ERR,ERR,ERR,ERR,ERR,ERR,ERR,ERR,ERR,ERR,ERR,ERR,ERR,ERR,ERR,ERR,ERR,ERR,ERR,ERR,ERR,ERR,ERR,ERR,ERR,ERR,ERR,ERR,ERR,ERR,ERR,ERR,ERR,ERR,ERR,ERR,ERR,ERR,ERR,ERR,ERR,ERR,ERR,ERR,ERR,ERR,ERR,ERR,ERR,ERR,ERR,ERR,ERR,ERR,ERR,ERR,ERR,ERR,ERR,0.0,-107616120.0,2.7302305327557128e+23,2.7183478752108883e+23,-1.2704439744501765e+30,-0.0,0.0,-0.0,0,0,4,17338,7116,0.0,100,0.0,0.0,2.7183478752108883e+23,0.0,0.0,0,0,0,0,0.0,0,0,0,0,0,0,0,0,0,0,0,0,0,0,0,0,0,0,0,0,0,0,0,0,0,0,0,0,0,0,0,0,0,31,40,40,71,65476,0,300,0,0,8,21553,0.0,-107605600.0,0.0,0.0,0.0,0.0,0.0,0.0,0.0,0.0,0.0,0.0,0.0,0.0,0.0,0.0,0.0,0.0,0.0,0.0,0.0,0.0,-0.0,-3.697070465001456e+19,0.0,0.0,0.0,0.0,0.0,0.0,5246.0,0.0,6918.0,0.0,-107616120.0,2.004,2.004,0.0,0.0,0.0,0.0,69,-0.0,-2.308829458716594e+20,0.0,0.0,0.0,0.0,0.0,0.0,0.0,0,0,0,0.0,0.0,0.0,0.0,0.0,0.0,0.0,0.0,0.0,0.0,0.0,0.0,0.0,0.0,0.0,0.0,0,-107875648.0,69,0.0,138,0.0,2.012,ERR,ERR,ERR,ERR,ERR,ERR,ERR,ERR,ERR,ERR,ERR,ERR,ERR,ERR,ERR,ERR,ERR,ERR,ERR,ERR,ERR,ERR,ERR,ERR,ERR,ERR,ERR,ERR,ERR,ERR,ERR,ERR,ERR,ERR,ERR,ERR,ERR,ERR,ERR,ERR,ERR,ERR,ERR,ERR,ERR,ERR,ERR,ERR,ERR,ERR,ERR,ERR,ERR,ERR,ERR,ERR,ERR,ERR,ERR,ERR,ERR,ERR,ERR,ERR,ERR,ERR,ERR,60.0,60.0,35,0.0,0.0,0.0,0.0,0.0,0.0,0.0,0.0,0.0,0.0,0.0,0.0,0.0,0.0,0.0,0.0,65.2,0,121,58,45,65476,0,65476,1,4,4,20529,65476,0,0,2621,60.0,0.0,0.0,0.0,0.0,0.0
2026-07-09T15:41:50,ERR,ERR,ERR,ERR,ERR,ERR,ERR,ERR,ERR,ERR,ERR,ERR,ERR,ERR,ERR,ERR,ERR,ERR,ERR,ERR,ERR,ERR,ERR,ERR,ERR,ERR,ERR,ERR,ERR,ERR,ERR,ERR,ERR,ERR,ERR,ERR,ERR,ERR,ERR,ERR,ERR,ERR,ERR,ERR,ERR,ERR,ERR,ERR,ERR,ERR,ERR,ERR,ERR,ERR,ERR,ERR,ERR,ERR,ERR,ERR,ERR,ERR,ERR,ERR,ERR,ERR,ERR,ERR,ERR,ERR,ERR,ERR,ERR,ERR,ERR,ERR,ERR,ERR,ERR,ERR,ERR,ERR,ERR,ERR,ERR,ERR,ERR,ERR,ERR,ERR,ERR,ERR,ERR,ERR,ERR,ERR,ERR,ERR,ERR,ERR,ERR,ERR,ERR,ERR,ERR,ERR,ERR,ERR,ERR,ERR,ERR,ERR,ERR,ERR,ERR,ERR,ERR,ERR,ERR,ERR,ERR,ERR,ERR,ERR,ERR,0.0,-107616120.0,2.7302305327557128e+23,2.7183478752108883e+23,-1.2704439744501765e+30,-0.0,0.0,-0.0,0,0,4,17338,7116,0.0,100,0.0,0.0,2.7183478752108883e+23,0.0,0.0,0,0,0,0,0.0,0,0,0,0,0,0,0,0,0,0,0,0,0,0,0,0,0,0,0,0,0,0,0,0,0,0,0,0,0,0,0,0,0,31,40,40,71,65476,0,300,0,0,8,21553,0.0,-107605600.0,0.0,0.0,0.0,0.0,0.0,0.0,0.0,0.0,0.0,0.0,0.0,0.0,0.0,0.0,0.0,0.0,0.0,0.0,0.0,0.0,-0.0,-3.697070465001456e+19,0.0,0.0,0.0,0.0,0.0,0.0,5246.0,0.0,6918.0,0.0,-107616120.0,2.004,2.004,0.0,0.0,0.0,0.0,69,-0.0,-2.308829458716594e+20,0.0,0.0,0.0,0.0,0.0,0.0,0.0,0,0,0,0.0,0.0,0.0,0.0,0.0,0.0,0.0,0.0,0.0,0.0,0.0,0.0,0.0,0.0,0.0,0.0,0,-107875648.0,69,0.0,138,0.0,2.012,ERR,ERR,ERR,ERR,ERR,ERR,ERR,ERR,ERR,ERR,ERR,ERR,ERR,ERR,ERR,ERR,ERR,ERR,ERR,ERR,ERR,ERR,ERR,ERR,ERR,ERR,ERR,ERR,ERR,ERR,ERR,ERR,ERR,ERR,ERR,ERR,ERR,ERR,ERR,ERR,ERR,ERR,ERR,ERR,ERR,ERR,ERR,ERR,ERR,ERR,ERR,ERR,ERR,ERR,ERR,ERR,ERR,ERR,ERR,ERR,ERR,ERR,ERR,ERR,ERR,ERR,ERR,60.0,60.0,35,0.0,0.0,0.0,0.0,0.0,0.0,0.0,0.0,0.0,0.0,0.0,0.0,0.0,0.0,0.0,0.0,65.2,0,121,58,45,65476,0,65476,1,4,4,20529,65476,0,0,2621,60.0,0.0,0.0,0.0,0.0,0.0
2026-07-09T15:41:51,ERR,ERR,ERR,ERR,ERR,ERR,ERR,ERR,ERR,ERR,ERR,ERR,ERR,ERR,ERR,ERR,ERR,ERR,ERR,ERR,ERR,ERR,ERR,ERR,ERR,ERR,ERR,ERR,ERR,ERR,ERR,ERR,ERR,ERR,ERR,ERR,ERR,ERR,ERR,ERR,ERR,ERR,ERR,ERR,ERR,ERR,ERR,ERR,ERR,ERR,ERR,ERR,ERR,ERR,ERR,ERR,ERR,ERR,ERR,ERR,ERR,ERR,ERR,ERR,ERR,ERR,ERR,ERR,ERR,ERR,ERR,ERR,ERR,ERR,ERR,ERR,ERR,ERR,ERR,ERR,ERR,ERR,ERR,ERR,ERR,ERR,ERR,ERR,ERR,ERR,ERR,ERR,ERR,ERR,ERR,ERR,ERR,ERR,ERR,ERR,ERR,ERR,ERR,ERR,ERR,ERR,ERR,ERR,ERR,ERR,ERR,ERR,ERR,ERR,ERR,ERR,ERR,ERR,ERR,ERR,ERR,ERR,ERR,ERR,ERR,0.0,-107616120.0,2.7302305327557128e+23,2.7183478752108883e+23,-1.2704439744501765e+30,-0.0,0.0,-0.0,0,0,4,17338,7116,0.0,100,0.0,0.0,2.7183478752108883e+23,0.0,0.0,0,0,0,0,0.0,0,0,0,0,0,0,0,0,0,0,0,0,0,0,0,0,0,0,0,0,0,0,0,0,0,0,0,0,0,0,0,0,0,31,40,40,71,65476,0,300,0,0,8,21553,0.0,-107605600.0,0.0,0.0,0.0,0.0,0.0,0.0,0.0,0.0,0.0,0.0,0.0,0.0,0.0,0.0,0.0,0.0,0.0,0.0,0.0,0.0,-0.0,-3.697070465001456e+19,0.0,0.0,0.0,0.0,0.0,0.0,5246.0,0.0,6918.0,0.0,-107616120.0,2.004,2.004,0.0,0.0,0.0,0.0,69,-0.0,-2.308829458716594e+20,0.0,0.0,0.0,0.0,0.0,0.0,0.0,0,0,0,0.0,0.0,0.0,0.0,0.0,0.0,0.0,0.0,0.0,0.0,0.0,0.0,0.0,0.0,0.0,0.0,0,-107875648.0,69,0.0,138,0.0,2.012,ERR,ERR,ERR,ERR,ERR,ERR,ERR,ERR,ERR,ERR,ERR,ERR,ERR,ERR,ERR,ERR,ERR,ERR,ERR,ERR,ERR,ERR,ERR,ERR,ERR,ERR,ERR,ERR,ERR,ERR,ERR,ERR,ERR,ERR,ERR,ERR,ERR,ERR,ERR,ERR,ERR,ERR,ERR,ERR,ERR,ERR,ERR,ERR,ERR,ERR,ERR,ERR,ERR,ERR,ERR,ERR,ERR,ERR,ERR,ERR,ERR,ERR,ERR,ERR,ERR,ERR,ERR,60.0,60.0,35,0.0,0.0,0.0,0.0,0.0,0.0,0.0,0.0,0.0,0.0,0.0,0.0,0.0,0.0,0.0,0.0,64.8,0,121,58,45,65476,0,65476,1,4,4,20529,65476,0,0,2621,60.0,0.0,0.0,0.0,0.0,0.0
2026-07-09T15:41:52,ERR,ERR,ERR,ERR,ERR,ERR,ERR,ERR,ERR,ERR,ERR,ERR,ERR,ERR,ERR,ERR,ERR,ERR,ERR,ERR,ERR,ERR,ERR,ERR,ERR,ERR,ERR,ERR,ERR,ERR,ERR,ERR,ERR,ERR,ERR,ERR,ERR,ERR,ERR,ERR,ERR,ERR,ERR,ERR,ERR,ERR,ERR,ERR,ERR,ERR,ERR,ERR,ERR,ERR,ERR,ERR,ERR,ERR,ERR,ERR,ERR,ERR,ERR,ERR,ERR,ERR,ERR,ERR,ERR,ERR,ERR,ERR,ERR,ERR,ERR,ERR,ERR,ERR,ERR,ERR,ERR,ERR,ERR,ERR,ERR,ERR,ERR,ERR,ERR,ERR,ERR,ERR,ERR,ERR,ERR,ERR,ERR,ERR,ERR,ERR,ERR,ERR,ERR,ERR,ERR,ERR,ERR,ERR,ERR,ERR,ERR,ERR,ERR,ERR,ERR,ERR,ERR,ERR,ERR,ERR,ERR,ERR,ERR,ERR,ERR,0.0,-107616120.0,2.7302305327557128e+23,2.7183478752108883e+23,-1.2704439744501765e+30,-0.0,0.0,-0.0,0,0,4,17338,7116,0.0,100,0.0,0.0,2.7183478752108883e+23,0.0,0.0,0,0,0,0,0.0,0,0,0,0,0,0,0,0,0,0,0,0,0,0,0,0,0,0,0,0,0,0,0,0,0,0,0,0,0,0,0,0,0,31,40,40,71,65476,0,300,0,0,8,21553,0.0,-107605600.0,0.0,0.0,0.0,0.0,0.0,0.0,0.0,0.0,0.0,0.0,0.0,0.0,0.0,0.0,0.0,0.0,0.0,0.0,0.0,0.0,-0.0,-3.697070465001456e+19,0.0,0.0,0.0,0.0,0.0,0.0,5246.0,0.0,6918.0,0.0,-107616120.0,2.004,2.004,0.0,0.0,0.0,0.0,69,-0.0,-2.308829458716594e+20,0.0,0.0,0.0,0.0,0.0,0.0,0.0,0,0,0,0.0,0.0,0.0,0.0,0.0,0.0,0.0,0.0,0.0,0.0,0.0,0.0,0.0,0.0,0.0,0.0,0,-107875648.0,69,0.0,138,0.0,2.012,ERR,ERR,ERR,ERR,ERR,ERR,ERR,ERR,ERR,ERR,ERR,ERR,ERR,ERR,ERR,ERR,ERR,ERR,ERR,ERR,ERR,ERR,ERR,ERR,ERR,ERR,ERR,ERR,ERR,ERR,ERR,ERR,ERR,ERR,ERR,ERR,ERR,ERR,ERR,ERR,ERR,ERR,ERR,ERR,ERR,ERR,ERR,ERR,ERR,ERR,ERR,ERR,ERR,ERR,ERR,ERR,ERR,ERR,ERR,ERR,ERR,ERR,ERR,ERR,ERR,ERR,ERR,60.0,60.0,35,0.0,0.0,0.0,0.0,0.0,0.0,0.0,0.0,0.0,0.0,0.0,0.0,0.0,0.0,0.0,0.0,64.8,0,120,58,45,65476,0,65476,1,4,4,20529,65476,0,0,2621,60.0,0.0,0.0,0.0,0.0,0.0
2026-07-09T15:41:53,ERR,ERR,ERR,ERR,ERR,ERR,ERR,ERR,ERR,ERR,ERR,ERR,ERR,ERR,ERR,ERR,ERR,ERR,ERR,ERR,ERR,ERR,ERR,ERR,ERR,ERR,ERR,ERR,ERR,ERR,ERR,ERR,ERR,ERR,ERR,ERR,ERR,ERR,ERR,ERR,ERR,ERR,ERR,ERR,ERR,ERR,ERR,ERR,ERR,ERR,ERR,ERR,ERR,ERR,ERR,ERR,ERR,ERR,ERR,ERR,ERR,ERR,ERR,ERR,ERR,ERR,ERR,ERR,ERR,ERR,ERR,ERR,ERR,ERR,ERR,ERR,ERR,ERR,ERR,ERR,ERR,ERR,ERR,ERR,ERR,ERR,ERR,ERR,ERR,ERR,ERR,ERR,ERR,ERR,ERR,ERR,ERR,ERR,ERR,ERR,ERR,ERR,ERR,ERR,ERR,ERR,ERR,ERR,ERR,ERR,ERR,ERR,ERR,ERR,ERR,ERR,ERR,ERR,ERR,ERR,ERR,ERR,ERR,ERR,ERR,0.0,-0.0,0.0,2.7183478752108883e+23,-0.0,1.4654693628182528e+16,0.0,-0.0,0,0,4,17334,7116,0.0,100,0.0,0.0,2.7183478752108883e+23,0.0,0.0,0,0,0,0,0.0,0,0,0,0,0,0,0,0,0,0,0,0,0,0,0,0,0,0,0,0,0,0,0,0,0,0,0,0,0,0,0,0,0,31,40,40,71,65476,0,300,0,0,8,21553,0.0,-107605600.0,0.0,0.0,0.0,0.0,0.0,0.0,0.0,0.0,0.0,0.0,0.0,0.0,0.0,0.0,0.0,0.0,0.0,0.0,0.0,0.0,-0.0,-2.004,0.0,0.0,0.0,0.0,0.0,0.0,5234.0,0.0,6918.0,0.0,-0.0,2.004,2.004,0.0,0.0,0.0,0.0,69,0.0,-2.308829458716594e+20,0.0,0.0,0.0,0.0,0.0,0.0,0.0,0,0,0,0.0,0.0,0.0,0.0,0.0,0.0,0.0,0.0,0.0,0.0,0.0,0.0,0.0,0.0,0.0,0.0,0,-107875648.0,69,0.0,138,0.0,2.012,ERR,ERR,ERR,ERR,ERR,ERR,ERR,ERR,ERR,ERR,ERR,ERR,ERR,ERR,ERR,ERR,ERR,ERR,ERR,ERR,ERR,ERR,ERR,ERR,ERR,ERR,ERR,ERR,ERR,ERR,ERR,ERR,ERR,ERR,ERR,ERR,ERR,ERR,ERR,ERR,ERR,ERR,ERR,ERR,ERR,ERR,ERR,ERR,ERR,ERR,ERR,ERR,ERR,ERR,ERR,ERR,ERR,ERR,ERR,ERR,ERR,ERR,ERR,ERR,ERR,ERR,ERR,60.0,60.0,35,0.0,0.0,0.0,0.0,0.0,0.0,0.0,0.0,0.0,0.0,0.0,0.0,0.0,0.0,0.0,0.0,64.8,0,120,58,45,65476,0,65476,1,4,4,20529,65476,0,0,2621,60.0,0.0,0.0,0.0,0.0,0.0
2026-07-09T15:41:54,ERR,ERR,ERR,ERR,ERR,ERR,ERR,ERR,ERR,ERR,ERR,ERR,ERR,ERR,ERR,ERR,ERR,ERR,ERR,ERR,ERR,ERR,ERR,ERR,ERR,ERR,ERR,ERR,ERR,ERR,ERR,ERR,ERR,ERR,ERR,ERR,ERR,ERR,ERR,ERR,ERR,ERR,ERR,ERR,ERR,ERR,ERR,ERR,ERR,ERR,ERR,ERR,ERR,ERR,ERR,ERR,ERR,ERR,ERR,ERR,ERR,ERR,ERR,ERR,ERR,ERR,ERR,ERR,ERR,ERR,ERR,ERR,ERR,ERR,ERR,ERR,ERR,ERR,ERR,ERR,ERR,ERR,ERR,ERR,ERR,ERR,ERR,ERR,ERR,ERR,ERR,ERR,ERR,ERR,ERR,ERR,ERR,ERR,ERR,ERR,ERR,ERR,ERR,ERR,ERR,ERR,ERR,ERR,ERR,ERR,ERR,ERR,ERR,ERR,ERR,ERR,ERR,ERR,ERR,ERR,ERR,ERR,ERR,ERR,ERR,0.0,-0.0,0.0,2.7183478752108883e+23,-0.0,1.4654693628182528e+16,0.0,-0.0,0,0,4,17334,7116,0.0,100,0.0,0.0,2.7183478752108883e+23,0.0,0.0,0,0,0,0,0.0,0,0,0,0,0,0,0,0,0,0,0,0,0,0,0,0,0,0,0,0,0,0,0,0,0,0,0,0,0,0,0,0,0,31,40,40,71,65476,0,300,0,0,8,21553,0.0,-107605600.0,0.0,0.0,0.0,0.0,0.0,0.0,0.0,0.0,0.0,0.0,0.0,0.0,0.0,0.0,0.0,0.0,0.0,0.0,0.0,0.0,-0.0,-2.004,0.0,0.0,0.0,0.0,0.0,0.0,5234.0,0.0,6918.0,0.0,-0.0,2.004,2.004,0.0,0.0,0.0,0.0,69,0.0,-2.308829458716594e+20,0.0,0.0,0.0,0.0,0.0,0.0,0.0,0,0,0,0.0,0.0,0.0,0.0,0.0,0.0,0.0,0.0,0.0,0.0,0.0,0.0,0.0,0.0,0.0,0.0,0,-107875648.0,69,0.0,138,0.0,2.012,ERR,ERR,ERR,ERR,ERR,ERR,ERR,ERR,ERR,ERR,ERR,ERR,ERR,ERR,ERR,ERR,ERR,ERR,ERR,ERR,ERR,ERR,ERR,ERR,ERR,ERR,ERR,ERR,ERR,ERR,ERR,ERR,ERR,ERR,ERR,ERR,ERR,ERR,ERR,ERR,ERR,ERR,ERR,ERR,ERR,ERR,ERR,ERR,ERR,ERR,ERR,ERR,ERR,ERR,ERR,ERR,ERR,ERR,ERR,ERR,ERR,ERR,ERR,ERR,ERR,ERR,ERR,60.0,60.0,35,0.0,0.0,0.0,0.0,0.0,0.0,0.0,0.0,0.0,0.0,0.0,0.0,0.0,0.0,0.0,0.0,64.8,0,120,58,45,65476,0,65476,1,4,4,20529,65476,0,0,2621,60.0,0.0,0.0,0.0,0.0,0.0
2026-07-09T15:41:55,ERR,ERR,ERR,ERR,ERR,ERR,ERR,ERR,ERR,ERR,ERR,ERR,ERR,ERR,ERR,ERR,ERR,ERR,ERR,ERR,ERR,ERR,ERR,ERR,ERR,ERR,ERR,ERR,ERR,ERR,ERR,ERR,ERR,ERR,ERR,ERR,ERR,ERR,ERR,ERR,ERR,ERR,ERR,ERR,ERR,ERR,ERR,ERR,ERR,ERR,ERR,ERR,ERR,ERR,ERR,ERR,ERR,ERR,ERR,ERR,ERR,ERR,ERR,ERR,ERR,ERR,ERR,ERR,ERR,ERR,ERR,ERR,ERR,ERR,ERR,ERR,ERR,ERR,ERR,ERR,ERR,ERR,ERR,ERR,ERR,ERR,ERR,ERR,ERR,ERR,ERR,ERR,ERR,ERR,ERR,ERR,ERR,ERR,ERR,ERR,ERR,ERR,ERR,ERR,ERR,ERR,ERR,ERR,ERR,ERR,ERR,ERR,ERR,ERR,ERR,ERR,ERR,ERR,ERR,ERR,ERR,ERR,ERR,ERR,ERR,0.0,-0.0,0.0,2.7183478752108883e+23,-0.0,1.4654693628182528e+16,0.0,-0.0,0,0,4,17334,7116,0.0,100,0.0,0.0,2.7183478752108883e+23,0.0,0.0,0,0,0,0,0.0,0,0,0,0,0,0,0,0,0,0,0,0,0,0,0,0,0,0,0,0,0,0,0,0,0,0,0,0,0,0,0,0,0,31,40,40,71,65476,0,300,0,0,8,21553,0.0,-107605600.0,0.0,0.0,0.0,0.0,0.0,0.0,0.0,0.0,0.0,0.0,0.0,0.0,0.0,0.0,0.0,0.0,0.0,0.0,0.0,0.0,-0.0,-2.004,0.0,0.0,0.0,0.0,0.0,0.0,5234.0,0.0,6918.0,0.0,-0.0,2.004,2.004,0.0,0.0,0.0,0.0,69,0.0,-2.308829458716594e+20,0.0,0.0,0.0,0.0,0.0,0.0,0.0,0,0,0,0.0,0.0,0.0,0.0,0.0,0.0,0.0,0.0,0.0,0.0,0.0,0.0,0.0,0.0,0.0,0.0,0,-107875648.0,69,0.0,138,0.0,2.012,ERR,ERR,ERR,ERR,ERR,ERR,ERR,ERR,ERR,ERR,ERR,ERR,ERR,ERR,ERR,ERR,ERR,ERR,ERR,ERR,ERR,ERR,ERR,ERR,ERR,ERR,ERR,ERR,ERR,ERR,ERR,ERR,ERR,ERR,ERR,ERR,ERR,ERR,ERR,ERR,ERR,ERR,ERR,ERR,ERR,ERR,ERR,ERR,ERR,ERR,ERR,ERR,ERR,ERR,ERR,ERR,ERR,ERR,ERR,ERR,ERR,ERR,ERR,ERR,ERR,ERR,ERR,60.0,60.0,35,0.0,0.0,0.0,0.0,0.0,0.0,0.0,0.0,0.0,0.0,0.0,0.0,0.0,0.0,0.0,0.0,64.8,0,120,58,45,65476,0,65476,1,4,4,20529,65476,0,0,2621,60.0,0.0,0.0,0.0,0.0,0.0
2026-07-09T15:41:56,ERR,ERR,ERR,ERR,ERR,ERR,ERR,ERR,ERR,ERR,ERR,ERR,ERR,ERR,ERR,ERR,ERR,ERR,ERR,ERR,ERR,ERR,ERR,ERR,ERR,ERR,ERR,ERR,ERR,ERR,ERR,ERR,ERR,ERR,ERR,ERR,ERR,ERR,ERR,ERR,ERR,ERR,ERR,ERR,ERR,ERR,ERR,ERR,ERR,ERR,ERR,ERR,ERR,ERR,ERR,ERR,ERR,ERR,ERR,ERR,ERR,ERR,ERR,ERR,ERR,ERR,ERR,ERR,ERR,ERR,ERR,ERR,ERR,ERR,ERR,ERR,ERR,ERR,ERR,ERR,ERR,ERR,ERR,ERR,ERR,ERR,ERR,ERR,ERR,ERR,ERR,ERR,ERR,ERR,ERR,ERR,ERR,ERR,ERR,ERR,ERR,ERR,ERR,ERR,ERR,ERR,ERR,ERR,ERR,ERR,ERR,ERR,ERR,ERR,ERR,ERR,ERR,ERR,ERR,ERR,ERR,ERR,ERR,ERR,ERR,0.0,-0.0,0.0,2.7183478752108883e+23,-0.0,1.4654693628182528e+16,0.0,-0.0,0,0,4,17334,7116,0.0,100,0.0,0.0,2.7183478752108883e+23,0.0,0.0,0,0,0,0,0.0,0,0,0,0,0,0,0,0,0,0,0,0,0,0,0,0,0,0,0,0,0,0,0,0,0,0,0,0,0,0,0,0,0,31,40,40,71,65476,0,300,0,0,8,21553,0.0,-107605600.0,0.0,0.0,0.0,0.0,0.0,0.0,0.0,0.0,0.0,0.0,0.0,0.0,0.0,0.0,0.0,0.0,0.0,0.0,0.0,0.0,-0.0,-2.004,0.0,0.0,0.0,0.0,0.0,0.0,5234.0,0.0,6918.0,0.0,-0.0,2.004,2.004,0.0,0.0,0.0,0.0,69,0.0,-2.308829458716594e+20,0.0,0.0,0.0,0.0,0.0,0.0,0.0,0,0,0,0.0,0.0,0.0,0.0,0.0,0.0,0.0,0.0,0.0,0.0,0.0,0.0,0.0,0.0,0.0,0.0,0,-107875648.0,69,0.0,138,0.0,2.012,ERR,ERR,ERR,ERR,ERR,ERR,ERR,ERR,ERR,ERR,ERR,ERR,ERR,ERR,ERR,ERR,ERR,ERR,ERR,ERR,ERR,ERR,ERR,ERR,ERR,ERR,ERR,ERR,ERR,ERR,ERR,ERR,ERR,ERR,ERR,ERR,ERR,ERR,ERR,ERR,ERR,ERR,ERR,ERR,ERR,ERR,ERR,ERR,ERR,ERR,ERR,ERR,ERR,ERR,ERR,ERR,ERR,ERR,ERR,ERR,ERR,ERR,ERR,ERR,ERR,ERR,ERR,60.0,60.0,35,0.0,0.0,0.0,0.0,0.0,0.0,0.0,0.0,0.0,0.0,0.0,0.0,0.0,0.0,0.0,0.0,65.2,0,120,58,45,65476,0,65476,1,4,4,20529,65476,0,0,2621,60.0,0.0,0.0,0.0,0.0,0.0
2026-07-09T15:41:57,ERR,ERR,ERR,ERR,ERR,ERR,ERR,ERR,ERR,ERR,ERR,ERR,ERR,ERR,ERR,ERR,ERR,ERR,ERR,ERR,ERR,ERR,ERR,ERR,ERR,ERR,ERR,ERR,ERR,ERR,ERR,ERR,ERR,ERR,ERR,ERR,ERR,ERR,ERR,ERR,ERR,ERR,ERR,ERR,ERR,ERR,ERR,ERR,ERR,ERR,ERR,ERR,ERR,ERR,ERR,ERR,ERR,ERR,ERR,ERR,ERR,ERR,ERR,ERR,ERR,ERR,ERR,ERR,ERR,ERR,ERR,ERR,ERR,ERR,ERR,ERR,ERR,ERR,ERR,ERR,ERR,ERR,ERR,ERR,ERR,ERR,ERR,ERR,ERR,ERR,ERR,ERR,ERR,ERR,ERR,ERR,ERR,ERR,ERR,ERR,ERR,ERR,ERR,ERR,ERR,ERR,ERR,ERR,ERR,ERR,ERR,ERR,ERR,ERR,ERR,ERR,ERR,ERR,ERR,ERR,ERR,ERR,ERR,ERR,ERR,0.0,-0.0,0.0,2.7183478752108883e+23,-0.0,1.4654693628182528e+16,0.0,-0.0,0,0,4,17334,7116,0.0,100,0.0,0.0,2.7183478752108883e+23,0.0,0.0,0,0,0,0,0.0,0,0,0,0,0,0,0,0,0,0,0,0,0,0,0,0,0,0,0,0,0,0,0,0,0,0,0,0,0,0,0,0,0,31,40,40,71,65476,0,300,0,0,8,21553,0.0,-107605600.0,0.0,0.0,0.0,0.0,0.0,0.0,0.0,0.0,0.0,0.0,0.0,0.0,0.0,0.0,0.0,0.0,0.0,0.0,0.0,0.0,-0.0,-2.004,0.0,0.0,0.0,0.0,0.0,0.0,5234.0,0.0,6918.0,0.0,-0.0,2.004,2.004,0.0,0.0,0.0,0.0,69,0.0,-2.308829458716594e+20,0.0,0.0,0.0,0.0,0.0,0.0,0.0,0,0,0,0.0,0.0,0.0,0.0,0.0,0.0,0.0,0.0,0.0,0.0,0.0,0.0,0.0,0.0,0.0,0.0,0,-107875648.0,69,0.0,138,0.0,2.012,ERR,ERR,ERR,ERR,ERR,ERR,ERR,ERR,ERR,ERR,ERR,ERR,ERR,ERR,ERR,ERR,ERR,ERR,ERR,ERR,ERR,ERR,ERR,ERR,ERR,ERR,ERR,ERR,ERR,ERR,ERR,ERR,ERR,ERR,ERR,ERR,ERR,ERR,ERR,ERR,ERR,ERR,ERR,ERR,ERR,ERR,ERR,ERR,ERR,ERR,ERR,ERR,ERR,ERR,ERR,ERR,ERR,ERR,ERR,ERR,ERR,ERR,ERR,ERR,ERR,ERR,ERR,60.0,60.0,35,0.0,0.0,0.0,0.0,0.0,0.0,0.0,0.0,0.0,0.0,0.0,0.0,0.0,0.0,0.0,0.0,64.8,0,120,58,45,65476,0,65476,1,4,4,20529,65476,0,0,2621,60.0,0.0,0.0,0.0,0.0,0.0
2026-07-09T15:41:58,ERR,ERR,ERR,ERR,ERR,ERR,ERR,ERR,ERR,ERR,ERR,ERR,ERR,ERR,ERR,ERR,ERR,ERR,ERR,ERR,ERR,ERR,ERR,ERR,ERR,ERR,ERR,ERR,ERR,ERR,ERR,ERR,ERR,ERR,ERR,ERR,ERR,ERR,ERR,ERR,ERR,ERR,ERR,ERR,ERR,ERR,ERR,ERR,ERR,ERR,ERR,ERR,ERR,ERR,ERR,ERR,ERR,ERR,ERR,ERR,ERR,ERR,ERR,ERR,ERR,ERR,ERR,ERR,ERR,ERR,ERR,ERR,ERR,ERR,ERR,ERR,ERR,ERR,ERR,ERR,ERR,ERR,ERR,ERR,ERR,ERR,ERR,ERR,ERR,ERR,ERR,ERR,ERR,ERR,ERR,ERR,ERR,ERR,ERR,ERR,ERR,ERR,ERR,ERR,ERR,ERR,ERR,ERR,ERR,ERR,ERR,ERR,ERR,ERR,ERR,ERR,ERR,ERR,ERR,ERR,ERR,ERR,ERR,ERR,ERR,0.0,2.7184474948346457e+23,-0.0,2.7183478752108883e+23,70171397980160.0,-1.7544752248493545e+34,0.0,0.0,0,0,4,17337,7116,0.0,100,0.0,0.0,0.0,0.0,0.0,0,0,0,0,0.0,0,0,0,0,0,0,0,0,0,0,0,0,0,0,0,0,0,0,0,0,0,0,0,0,0,0,0,0,0,0,0,0,0,31,40,40,71,65476,0,300,0,0,8,21553,0.0,-107605600.0,0.0,0.0,0.0,0.0,0.0,0.0,0.0,0.0,0.0,0.0,0.0,0.0,0.0,0.0,0.0,0.0,0.0,0.0,0.0,0.0,-0.0,-0.0,0.0,0.0,0.0,0.0,0.0,0.0,5242.0,0.0,6917.0,0.0,0.0,2.004,2.004,0.0,0.0,0.0,0.0,69,0.0,-152017414651904.0,0.0,0.0,0.0,0.0,0.0,0.0,0.0,0,0,0,0.0,0.0,0.0,0.0,0.0,0.0,0.0,0.0,0.0,0.0,0.0,0.0,0.0,0.0,0.0,0.0,0,-107875648.0,69,0.0,138,0.0,2.012,ERR,ERR,ERR,ERR,ERR,ERR,ERR,ERR,ERR,ERR,ERR,ERR,ERR,ERR,ERR,ERR,ERR,ERR,ERR,ERR,ERR,ERR,ERR,ERR,ERR,ERR,ERR,ERR,ERR,ERR,ERR,ERR,ERR,ERR,ERR,ERR,ERR,ERR,ERR,ERR,ERR,ERR,ERR,ERR,ERR,ERR,ERR,ERR,ERR,ERR,ERR,ERR,ERR,ERR,ERR,ERR,ERR,ERR,ERR,ERR,ERR,ERR,ERR,ERR,ERR,ERR,ERR,60.0,60.0,35,0.0,0.0,0.0,0.0,0.0,0.0,0.0,0.0,0.0,0.0,0.0,0.0,0.0,0.0,0.0,0.0,64.8,0,120,58,45,65476,0,65476,1,4,4,20529,65476,0,0,2621,60.0,0.0,0.0,0.0,0.0,0.0
2026-07-09T15:41:59,ERR,ERR,ERR,ERR,ERR,ERR,ERR,ERR,ERR,ERR,ERR,ERR,ERR,ERR,ERR,ERR,ERR,ERR,ERR,ERR,ERR,ERR,ERR,ERR,ERR,ERR,ERR,ERR,ERR,ERR,ERR,ERR,ERR,ERR,ERR,ERR,ERR,ERR,ERR,ERR,ERR,ERR,ERR,ERR,ERR,ERR,ERR,ERR,ERR,ERR,ERR,ERR,ERR,ERR,ERR,ERR,ERR,ERR,ERR,ERR,ERR,ERR,ERR,ERR,ERR,ERR,ERR,ERR,ERR,ERR,ERR,ERR,ERR,ERR,ERR,ERR,ERR,ERR,ERR,ERR,ERR,ERR,ERR,ERR,ERR,ERR,ERR,ERR,ERR,ERR,ERR,ERR,ERR,ERR,ERR,ERR,ERR,ERR,ERR,ERR,ERR,ERR,ERR,ERR,ERR,ERR,ERR,ERR,ERR,ERR,ERR,ERR,ERR,ERR,ERR,ERR,ERR,ERR,ERR,ERR,ERR,ERR,ERR,ERR,ERR,0.0,2.7184474948346457e+23,-0.0,2.7183478752108883e+23,70171397980160.0,-1.7544752248493545e+34,0.0,0.0,0,0,4,17337,7116,0.0,100,0.0,0.0,0.0,0.0,0.0,0,0,0,0,0.0,0,0,0,0,0,0,0,0,0,0,0,0,0,0,0,0,0,0,0,0,0,0,0,0,0,0,0,0,0,0,0,0,0,31,40,40,71,65476,0,300,0,0,8,21553,0.0,-107605600.0,0.0,0.0,0.0,0.0,0.0,0.0,0.0,0.0,0.0,0.0,0.0,0.0,0.0,0.0,0.0,0.0,0.0,0.0,0.0,0.0,-0.0,-0.0,0.0,0.0,0.0,0.0,0.0,0.0,5242.0,0.0,6917.0,0.0,0.0,2.004,2.004,0.0,0.0,0.0,0.0,69,0.0,-152017414651904.0,0.0,0.0,0.0,0.0,0.0,0.0,0.0,0,0,0,0.0,0.0,0.0,0.0,0.0,0.0,0.0,0.0,0.0,0.0,0.0,0.0,0.0,0.0,0.0,0.0,0,-107875648.0,69,0.0,138,0.0,2.012,ERR,ERR,ERR,ERR,ERR,ERR,ERR,ERR,ERR,ERR,ERR,ERR,ERR,ERR,ERR,ERR,ERR,ERR,ERR,ERR,ERR,ERR,ERR,ERR,ERR,ERR,ERR,ERR,ERR,ERR,ERR,ERR,ERR,ERR,ERR,ERR,ERR,ERR,ERR,ERR,ERR,ERR,ERR,ERR,ERR,ERR,ERR,ERR,ERR,ERR,ERR,ERR,ERR,ERR,ERR,ERR,ERR,ERR,ERR,ERR,ERR,ERR,ERR,ERR,ERR,ERR,ERR,60.0,60.0,35,0.0,0.0,0.0,0.0,0.0,0.0,0.0,0.0,0.0,0.0,0.0,0.0,0.0,0.0,0.0,0.0,64.8,0,120,58,45,65476,0,65476,1,4,4,20529,65476,0,0,2621,60.0,0.0,0.0,0.0,0.0,0.0
2026-07-09T15:42:00,ERR,ERR,ERR,ERR,ERR,ERR,ERR,ERR,ERR,ERR,ERR,ERR,ERR,ERR,ERR,ERR,ERR,ERR,ERR,ERR,ERR,ERR,ERR,ERR,ERR,ERR,ERR,ERR,ERR,ERR,ERR,ERR,ERR,ERR,ERR,ERR,ERR,ERR,ERR,ERR,ERR,ERR,ERR,ERR,ERR,ERR,ERR,ERR,ERR,ERR,ERR,ERR,ERR,ERR,ERR,ERR,ERR,ERR,ERR,ERR,ERR,ERR,ERR,ERR,ERR,ERR,ERR,ERR,ERR,ERR,ERR,ERR,ERR,ERR,ERR,ERR,ERR,ERR,ERR,ERR,ERR,ERR,ERR,ERR,ERR,ERR,ERR,ERR,ERR,ERR,ERR,ERR,ERR,ERR,ERR,ERR,ERR,ERR,ERR,ERR,ERR,ERR,ERR,ERR,ERR,ERR,ERR,ERR,ERR,ERR,ERR,ERR,ERR,ERR,ERR,ERR,ERR,ERR,ERR,ERR,ERR,ERR,ERR,ERR,ERR,0.0,2.7184474948346457e+23,-0.0,2.7183478752108883e+23,70171397980160.0,-1.7544752248493545e+34,0.0,0.0,0,0,4,17337,7116,0.0,100,0.0,0.0,0.0,0.0,0.0,0,0,0,0,0.0,0,0,0,0,0,0,0,0,0,0,0,0,0,0,0,0,0,0,0,0,0,0,0,0,0,0,0,0,0,0,0,0,0,31,40,40,71,65476,0,300,0,0,8,21553,0.0,-107605600.0,0.0,0.0,0.0,0.0,0.0,0.0,0.0,0.0,0.0,0.0,0.0,0.0,0.0,0.0,0.0,0.0,0.0,0.0,0.0,0.0,-0.0,-0.0,0.0,0.0,0.0,0.0,0.0,0.0,5242.0,0.0,6917.0,0.0,0.0,2.004,2.004,0.0,0.0,0.0,0.0,69,0.0,-152017414651904.0,0.0,0.0,0.0,0.0,0.0,0.0,0.0,0,0,0,0.0,0.0,0.0,0.0,0.0,0.0,0.0,0.0,0.0,0.0,0.0,0.0,0.0,0.0,0.0,0.0,0,-107875648.0,69,0.0,138,0.0,2.012,ERR,ERR,ERR,ERR,ERR,ERR,ERR,ERR,ERR,ERR,ERR,ERR,ERR,ERR,ERR,ERR,ERR,ERR,ERR,ERR,ERR,ERR,ERR,ERR,ERR,ERR,ERR,ERR,ERR,ERR,ERR,ERR,ERR,ERR,ERR,ERR,ERR,ERR,ERR,ERR,ERR,ERR,ERR,ERR,ERR,ERR,ERR,ERR,ERR,ERR,ERR,ERR,ERR,ERR,ERR,ERR,ERR,ERR,ERR,ERR,ERR,ERR,ERR,ERR,ERR,ERR,ERR,60.0,60.0,35,0.0,0.0,0.0,0.0,0.0,0.0,0.0,0.0,0.0,0.0,0.0,0.0,0.0,0.0,0.0,0.0,64.8,0,120,58,45,65476,0,65476,1,4,4,20529,65476,0,0,2621,60.0,0.0,0.0,0.0,0.0,0.0
2026-07-09T15:42:01,ERR,ERR,ERR,ERR,ERR,ERR,ERR,ERR,ERR,ERR,ERR,ERR,ERR,ERR,ERR,ERR,ERR,ERR,ERR,ERR,ERR,ERR,ERR,ERR,ERR,ERR,ERR,ERR,ERR,ERR,ERR,ERR,ERR,ERR,ERR,ERR,ERR,ERR,ERR,ERR,ERR,ERR,ERR,ERR,ERR,ERR,ERR,ERR,ERR,ERR,ERR,ERR,ERR,ERR,ERR,ERR,ERR,ERR,ERR,ERR,ERR,ERR,ERR,ERR,ERR,ERR,ERR,ERR,ERR,ERR,ERR,ERR,ERR,ERR,ERR,ERR,ERR,ERR,ERR,ERR,ERR,ERR,ERR,ERR,ERR,ERR,ERR,ERR,ERR,ERR,ERR,ERR,ERR,ERR,ERR,ERR,ERR,ERR,ERR,ERR,ERR,ERR,ERR,ERR,ERR,ERR,ERR,ERR,ERR,ERR,ERR,ERR,ERR,ERR,ERR,ERR,ERR,ERR,ERR,ERR,ERR,ERR,ERR,ERR,ERR,0.0,2.7184474948346457e+23,-0.0,2.7183478752108883e+23,70171397980160.0,-1.7544752248493545e+34,0.0,0.0,0,0,4,17337,7116,0.0,100,0.0,0.0,0.0,0.0,0.0,0,0,0,0,0.0,0,0,0,0,0,0,0,0,0,0,0,0,0,0,0,0,0,0,0,0,0,0,0,0,0,0,0,0,0,0,0,0,0,31,40,40,71,65476,0,300,0,0,8,21553,0.0,-107605600.0,0.0,0.0,0.0,0.0,0.0,0.0,0.0,0.0,0.0,0.0,0.0,0.0,0.0,0.0,0.0,0.0,0.0,0.0,0.0,0.0,-0.0,-0.0,0.0,0.0,0.0,0.0,0.0,0.0,5242.0,0.0,6917.0,0.0,0.0,2.004,2.004,0.0,0.0,0.0,0.0,69,0.0,-152017414651904.0,0.0,0.0,0.0,0.0,0.0,0.0,0.0,0,0,0,0.0,0.0,0.0,0.0,0.0,0.0,0.0,0.0,0.0,0.0,0.0,0.0,0.0,0.0,0.0,0.0,0,-107875648.0,69,0.0,138,0.0,2.012,ERR,ERR,ERR,ERR,ERR,ERR,ERR,ERR,ERR,ERR,ERR,ERR,ERR,ERR,ERR,ERR,ERR,ERR,ERR,ERR,ERR,ERR,ERR,ERR,ERR,ERR,ERR,ERR,ERR,ERR,ERR,ERR,ERR,ERR,ERR,ERR,ERR,ERR,ERR,ERR,ERR,ERR,ERR,ERR,ERR,ERR,ERR,ERR,ERR,ERR,ERR,ERR,ERR,ERR,ERR,ERR,ERR,ERR,ERR,ERR,ERR,ERR,ERR,ERR,ERR,ERR,ERR,60.0,60.0,35,0.0,0.0,0.0,0.0,0.0,0.0,0.0,0.0,0.0,0.0,0.0,0.0,0.0,0.0,0.0,0.0,64.8,0,120,58,45,65476,0,65476,1,4,4,20529,65476,0,0,2621,60.0,0.0,0.0,0.0,0.0,0.0
2026-07-09T15:42:02,ERR,ERR,ERR,ERR,ERR,ERR,ERR,ERR,ERR,ERR,ERR,ERR,ERR,ERR,ERR,ERR,ERR,ERR,ERR,ERR,ERR,ERR,ERR,ERR,ERR,ERR,ERR,ERR,ERR,ERR,ERR,ERR,ERR,ERR,ERR,ERR,ERR,ERR,ERR,ERR,ERR,ERR,ERR,ERR,ERR,ERR,ERR,ERR,ERR,ERR,ERR,ERR,ERR,ERR,ERR,ERR,ERR,ERR,ERR,ERR,ERR,ERR,ERR,ERR,ERR,ERR,ERR,ERR,ERR,ERR,ERR,ERR,ERR,ERR,ERR,ERR,ERR,ERR,ERR,ERR,ERR,ERR,ERR,ERR,ERR,ERR,ERR,ERR,ERR,ERR,ERR,ERR,ERR,ERR,ERR,ERR,ERR,ERR,ERR,ERR,ERR,ERR,ERR,ERR,ERR,ERR,ERR,ERR,ERR,ERR,ERR,ERR,ERR,ERR,ERR,ERR,ERR,ERR,ERR,ERR,ERR,ERR,ERR,ERR,ERR,0.0,2.7184474948346457e+23,-0.0,2.7183478752108883e+23,70171397980160.0,-1.7544752248493545e+34,0.0,0.0,0,0,4,17337,7116,0.0,100,0.0,0.0,0.0,0.0,0.0,0,0,0,0,0.0,0,0,0,0,0,0,0,0,0,0,0,0,0,0,0,0,0,0,0,0,0,0,0,0,0,0,0,0,0,0,0,0,0,31,40,40,71,65476,0,300,0,0,8,21553,0.0,-107605600.0,0.0,0.0,0.0,0.0,0.0,0.0,0.0,0.0,0.0,0.0,0.0,0.0,0.0,0.0,0.0,0.0,0.0,0.0,0.0,0.0,-0.0,-0.0,0.0,0.0,0.0,0.0,0.0,0.0,5242.0,0.0,6917.0,0.0,0.0,2.004,2.004,0.0,0.0,0.0,0.0,69,0.0,-152017414651904.0,0.0,0.0,0.0,0.0,0.0,0.0,0.0,0,0,0,0.0,0.0,0.0,0.0,0.0,0.0,0.0,0.0,0.0,0.0,0.0,0.0,0.0,0.0,0.0,0.0,0,-107875648.0,69,0.0,138,0.0,2.012,ERR,ERR,ERR,ERR,ERR,ERR,ERR,ERR,ERR,ERR,ERR,ERR,ERR,ERR,ERR,ERR,ERR,ERR,ERR,ERR,ERR,ERR,ERR,ERR,ERR,ERR,ERR,ERR,ERR,ERR,ERR,ERR,ERR,ERR,ERR,ERR,ERR,ERR,ERR,ERR,ERR,ERR,ERR,ERR,ERR,ERR,ERR,ERR,ERR,ERR,ERR,ERR,ERR,ERR,ERR,ERR,ERR,ERR,ERR,ERR,ERR,ERR,ERR,ERR,ERR,ERR,ERR,60.0,60.0,35,0.0,0.0,0.0,0.0,0.0,0.0,0.0,0.0,0.0,0.0,0.0,0.0,0.0,0.0,0.0,0.0,64.8,0,120,58,45,65476,0,65476,1,4,4,20529,65476,0,0,2621,60.0,0.0,0.0,0.0,0.0,0.0
2026-07-09T15:42:03,ERR,ERR,ERR,ERR,ERR,ERR,ERR,ERR,ERR,ERR,ERR,ERR,ERR,ERR,ERR,ERR,ERR,ERR,ERR,ERR,ERR,ERR,ERR,ERR,ERR,ERR,ERR,ERR,ERR,ERR,ERR,ERR,ERR,ERR,ERR,ERR,ERR,ERR,ERR,ERR,ERR,ERR,ERR,ERR,ERR,ERR,ERR,ERR,ERR,ERR,ERR,ERR,ERR,ERR,ERR,ERR,ERR,ERR,ERR,ERR,ERR,ERR,ERR,ERR,ERR,ERR,ERR,ERR,ERR,ERR,ERR,ERR,ERR,ERR,ERR,ERR,ERR,ERR,ERR,ERR,ERR,ERR,ERR,ERR,ERR,ERR,ERR,ERR,ERR,ERR,ERR,ERR,ERR,ERR,ERR,ERR,ERR,ERR,ERR,ERR,ERR,ERR,ERR,ERR,ERR,ERR,ERR,ERR,ERR,ERR,ERR,ERR,ERR,ERR,ERR,ERR,ERR,ERR,ERR,ERR,ERR,ERR,ERR,ERR,ERR,0.0,-107616112.0,2.7302301724677426e+23,0.0,-0.0,-4.225590663154311e+20,-106450001920.0,-0.0,0,0,4,17336,7116,0.0,100,0.0,0.0,0.0,0.0,0.0,0,0,0,0,0.0,0,0,0,0,0,0,0,0,0,0,0,0,0,0,0,0,0,0,0,0,0,0,0,0,0,0,0,0,0,0,0,0,0,31,40,40,71,65476,0,300,0,0,8,21553,0.0,-107605600.0,0.0,0.0,0.0,0.0,0.0,0.0,0.0,0.0,0.0,0.0,0.0,0.0,-2.596148429267414e+33,0.0,0.0,0.0,0.0,0.0,0.0,0.0,-0.0,2.004,0.0,0.0,0.0,0.0,0.0,0.0,5224.0,0.0,6917.0,0.0,-107616112.0,2.004,2.004,0.0,0.0,0.0,0.0,69,5.848076282481645e+35,-152017414651904.0,0.0,0.0,0.0,0.0,0.0,0.0,0.0,0,0,0,0.0,0.0,0.0,0.0,0.0,0.0,0.0,0.0,0.0,0.0,0.0,0.0,0.0,0.0,0.0,0.0,0,-107875648.0,69,0.0,138,0.0,2.012,ERR,ERR,ERR,ERR,ERR,ERR,ERR,ERR,ERR,ERR,ERR,ERR,ERR,ERR,ERR,ERR,ERR,ERR,ERR,ERR,ERR,ERR,ERR,ERR,ERR,ERR,ERR,ERR,ERR,ERR,ERR,ERR,ERR,ERR,ERR,ERR,ERR,ERR,ERR,ERR,ERR,ERR,ERR,ERR,ERR,ERR,ERR,ERR,ERR,ERR,ERR,ERR,ERR,ERR,ERR,ERR,ERR,ERR,ERR,ERR,ERR,ERR,ERR,ERR,ERR,ERR,ERR,60.0,60.0,35,0.0,0.0,0.0,0.0,0.0,0.0,0.0,0.0,0.0,0.0,0.0,0.0,0.0,0.0,0.0,0.0,64.8,0,120,58,45,65476,0,65476,1,4,4,20529,65476,0,0,2621,60.0,0.0,0.0,0.0,0.0,0.0
2026-07-09T15:42:04,ERR,ERR,ERR,ERR,ERR,ERR,ERR,ERR,ERR,ERR,ERR,ERR,ERR,ERR,ERR,ERR,ERR,ERR,ERR,ERR,ERR,ERR,ERR,ERR,ERR,ERR,ERR,ERR,ERR,ERR,ERR,ERR,ERR,ERR,ERR,ERR,ERR,ERR,ERR,ERR,ERR,ERR,ERR,ERR,ERR,ERR,ERR,ERR,ERR,ERR,ERR,ERR,ERR,ERR,ERR,ERR,ERR,ERR,ERR,ERR,ERR,ERR,ERR,ERR,ERR,ERR,ERR,ERR,ERR,ERR,ERR,ERR,ERR,ERR,ERR,ERR,ERR,ERR,ERR,ERR,ERR,ERR,ERR,ERR,ERR,ERR,ERR,ERR,ERR,ERR,ERR,ERR,ERR,ERR,ERR,ERR,ERR,ERR,ERR,ERR,ERR,ERR,ERR,ERR,ERR,ERR,ERR,ERR,ERR,ERR,ERR,ERR,ERR,ERR,ERR,ERR,ERR,ERR,ERR,ERR,ERR,ERR,ERR,ERR,ERR,0.0,-107616112.0,2.7302301724677426e+23,0.0,-0.0,-4.225590663154311e+20,-106450001920.0,-0.0,0,0,4,17336,7116,0.0,100,0.0,0.0,0.0,0.0,0.0,0,0,0,0,0.0,0,0,0,0,0,0,0,0,0,0,0,0,0,0,0,0,0,0,0,0,0,0,0,0,0,0,0,0,0,0,0,0,0,31,40,40,71,65476,0,300,0,0,8,21553,0.0,-107605600.0,0.0,0.0,0.0,0.0,0.0,0.0,0.0,0.0,0.0,0.0,0.0,0.0,-2.596148429267414e+33,0.0,0.0,0.0,0.0,0.0,0.0,0.0,-0.0,2.004,0.0,0.0,0.0,0.0,0.0,0.0,5224.0,0.0,6917.0,0.0,-107616112.0,2.004,2.004,0.0,0.0,0.0,0.0,69,5.848076282481645e+35,-152017414651904.0,0.0,0.0,0.0,0.0,0.0,0.0,0.0,0,0,0,0.0,0.0,0.0,0.0,0.0,0.0,0.0,0.0,0.0,0.0,0.0,0.0,0.0,0.0,0.0,0.0,0,-107875648.0,69,0.0,138,0.0,2.012,ERR,ERR,ERR,ERR,ERR,ERR,ERR,ERR,ERR,ERR,ERR,ERR,ERR,ERR,ERR,ERR,ERR,ERR,ERR,ERR,ERR,ERR,ERR,ERR,ERR,ERR,ERR,ERR,ERR,ERR,ERR,ERR,ERR,ERR,ERR,ERR,ERR,ERR,ERR,ERR,ERR,ERR,ERR,ERR,ERR,ERR,ERR,ERR,ERR,ERR,ERR,ERR,ERR,ERR,ERR,ERR,ERR,ERR,ERR,ERR,ERR,ERR,ERR,ERR,ERR,ERR,ERR,60.0,60.0,35,0.0,0.0,0.0,0.0,0.0,0.0,0.0,0.0,0.0,0.0,0.0,0.0,0.0,0.0,0.0,0.0,64.8,0,120,58,45,65476,0,65476,1,4,4,20529,65476,0,0,2621,60.0,0.0,0.0,0.0,0.0,0.0
2026-07-09T15:42:05,ERR,ERR,ERR,ERR,ERR,ERR,ERR,ERR,ERR,ERR,ERR,ERR,ERR,ERR,ERR,ERR,ERR,ERR,ERR,ERR,ERR,ERR,ERR,ERR,ERR,ERR,ERR,ERR,ERR,ERR,ERR,ERR,ERR,ERR,ERR,ERR,ERR,ERR,ERR,ERR,ERR,ERR,ERR,ERR,ERR,ERR,ERR,ERR,ERR,ERR,ERR,ERR,ERR,ERR,ERR,ERR,ERR,ERR,ERR,ERR,ERR,ERR,ERR,ERR,ERR,ERR,ERR,ERR,ERR,ERR,ERR,ERR,ERR,ERR,ERR,ERR,ERR,ERR,ERR,ERR,ERR,ERR,ERR,ERR,ERR,ERR,ERR,ERR,ERR,ERR,ERR,ERR,ERR,ERR,ERR,ERR,ERR,ERR,ERR,ERR,ERR,ERR,ERR,ERR,ERR,ERR,ERR,ERR,ERR,ERR,ERR,ERR,ERR,ERR,ERR,ERR,ERR,ERR,ERR,ERR,ERR,ERR,ERR,ERR,ERR,0.0,-107616112.0,2.7302301724677426e+23,0.0,-0.0,-4.225590663154311e+20,-106450001920.0,-0.0,0,0,4,17336,7116,0.0,100,0.0,0.0,0.0,0.0,0.0,0,0,0,0,0.0,0,0,0,0,0,0,0,0,0,0,0,0,0,0,0,0,0,0,0,0,0,0,0,0,0,0,0,0,0,0,0,0,0,31,40,40,71,65476,0,300,0,0,8,21553,0.0,-107605600.0,0.0,0.0,0.0,0.0,0.0,0.0,0.0,0.0,0.0,0.0,0.0,0.0,-2.596148429267414e+33,0.0,0.0,0.0,0.0,0.0,0.0,0.0,-0.0,2.004,0.0,0.0,0.0,0.0,0.0,0.0,5224.0,0.0,6917.0,0.0,-107616112.0,2.004,2.004,0.0,0.0,0.0,0.0,69,5.848076282481645e+35,-152017414651904.0,0.0,0.0,0.0,0.0,0.0,0.0,0.0,0,0,0,0.0,0.0,0.0,0.0,0.0,0.0,0.0,0.0,0.0,0.0,0.0,0.0,0.0,0.0,0.0,0.0,0,-107875648.0,69,0.0,138,0.0,2.012,ERR,ERR,ERR,ERR,ERR,ERR,ERR,ERR,ERR,ERR,ERR,ERR,ERR,ERR,ERR,ERR,ERR,ERR,ERR,ERR,ERR,ERR,ERR,ERR,ERR,ERR,ERR,ERR,ERR,ERR,ERR,ERR,ERR,ERR,ERR,ERR,ERR,ERR,ERR,ERR,ERR,ERR,ERR,ERR,ERR,ERR,ERR,ERR,ERR,ERR,ERR,ERR,ERR,ERR,ERR,ERR,ERR,ERR,ERR,ERR,ERR,ERR,ERR,ERR,ERR,ERR,ERR,60.0,60.0,35,0.0,0.0,0.0,0.0,0.0,0.0,0.0,0.0,0.0,0.0,0.0,0.0,0.0,0.0,0.0,0.0,64.8,0,120,58,45,65476,0,65476,1,4,4,20529,65476,0,0,2621,60.0,0.0,0.0,0.0,0.0,0.0
2026-07-09T15:42:06,ERR,ERR,ERR,ERR,ERR,ERR,ERR,ERR,ERR,ERR,ERR,ERR,ERR,ERR,ERR,ERR,ERR,ERR,ERR,ERR,ERR,ERR,ERR,ERR,ERR,ERR,ERR,ERR,ERR,ERR,ERR,ERR,ERR,ERR,ERR,ERR,ERR,ERR,ERR,ERR,ERR,ERR,ERR,ERR,ERR,ERR,ERR,ERR,ERR,ERR,ERR,ERR,ERR,ERR,ERR,ERR,ERR,ERR,ERR,ERR,ERR,ERR,ERR,ERR,ERR,ERR,ERR,ERR,ERR,ERR,ERR,ERR,ERR,ERR,ERR,ERR,ERR,ERR,ERR,ERR,ERR,ERR,ERR,ERR,ERR,ERR,ERR,ERR,ERR,ERR,ERR,ERR,ERR,ERR,ERR,ERR,ERR,ERR,ERR,ERR,ERR,ERR,ERR,ERR,ERR,ERR,ERR,ERR,ERR,ERR,ERR,ERR,ERR,ERR,ERR,ERR,ERR,ERR,ERR,ERR,ERR,ERR,ERR,ERR,ERR,0.0,-107616112.0,2.7302301724677426e+23,0.0,-0.0,-4.225590663154311e+20,-106450001920.0,-0.0,0,0,4,17336,7116,0.0,100,0.0,0.0,0.0,0.0,0.0,0,0,0,0,0.0,0,0,0,0,0,0,0,0,0,0,0,0,0,0,0,0,0,0,0,0,0,0,0,0,0,0,0,0,0,0,0,0,0,31,40,40,71,65476,0,300,0,0,8,21553,0.0,-107605600.0,0.0,0.0,0.0,0.0,0.0,0.0,0.0,0.0,0.0,0.0,0.0,0.0,-2.596148429267414e+33,0.0,0.0,0.0,0.0,0.0,0.0,0.0,-0.0,2.004,0.0,0.0,0.0,0.0,0.0,0.0,5224.0,0.0,6917.0,0.0,-107616112.0,2.004,2.004,0.0,0.0,0.0,0.0,69,5.848076282481645e+35,-152017414651904.0,0.0,0.0,0.0,0.0,0.0,0.0,0.0,0,0,0,0.0,0.0,0.0,0.0,0.0,0.0,0.0,0.0,0.0,0.0,0.0,0.0,0.0,0.0,0.0,0.0,0,-107875648.0,69,0.0,138,0.0,2.012,ERR,ERR,ERR,ERR,ERR,ERR,ERR,ERR,ERR,ERR,ERR,ERR,ERR,ERR,ERR,ERR,ERR,ERR,ERR,ERR,ERR,ERR,ERR,ERR,ERR,ERR,ERR,ERR,ERR,ERR,ERR,ERR,ERR,ERR,ERR,ERR,ERR,ERR,ERR,ERR,ERR,ERR,ERR,ERR,ERR,ERR,ERR,ERR,ERR,ERR,ERR,ERR,ERR,ERR,ERR,ERR,ERR,ERR,ERR,ERR,ERR,ERR,ERR,ERR,ERR,ERR,ERR,60.0,60.0,35,0.0,0.0,0.0,0.0,0.0,0.0,0.0,0.0,0.0,0.0,0.0,0.0,0.0,0.0,0.0,0.0,65.2,0,119,58,44,65476,0,65476,1,4,4,20529,65476,0,0,2621,60.0,0.0,0.0,0.0,0.0,0.0
2026-07-09T15:42:07,ERR,ERR,ERR,ERR,ERR,ERR,ERR,ERR,ERR,ERR,ERR,ERR,ERR,ERR,ERR,ERR,ERR,ERR,ERR,ERR,ERR,ERR,ERR,ERR,ERR,ERR,ERR,ERR,ERR,ERR,ERR,ERR,ERR,ERR,ERR,ERR,ERR,ERR,ERR,ERR,ERR,ERR,ERR,ERR,ERR,ERR,ERR,ERR,ERR,ERR,ERR,ERR,ERR,ERR,ERR,ERR,ERR,ERR,ERR,ERR,ERR,ERR,ERR,ERR,ERR,ERR,ERR,ERR,ERR,ERR,ERR,ERR,ERR,ERR,ERR,ERR,ERR,ERR,ERR,ERR,ERR,ERR,ERR,ERR,ERR,ERR,ERR,ERR,ERR,ERR,ERR,ERR,ERR,ERR,ERR,ERR,ERR,ERR,ERR,ERR,ERR,ERR,ERR,ERR,ERR,ERR,ERR,ERR,ERR,ERR,ERR,ERR,ERR,ERR,ERR,ERR,ERR,ERR,ERR,ERR,ERR,ERR,ERR,ERR,ERR,0.0,-107616112.0,2.7302301724677426e+23,0.0,-0.0,-4.225590663154311e+20,-106450001920.0,-0.0,0,0,4,17336,7116,0.0,100,0.0,0.0,0.0,0.0,0.0,0,0,0,0,0.0,0,0,0,0,0,0,0,0,0,0,0,0,0,0,0,0,0,0,0,0,0,0,0,0,0,0,0,0,0,0,0,0,0,31,40,40,71,65476,0,300,0,0,8,21553,0.0,-107605600.0,0.0,0.0,0.0,0.0,0.0,0.0,0.0,0.0,0.0,0.0,0.0,0.0,-2.596148429267414e+33,0.0,0.0,0.0,0.0,0.0,0.0,0.0,-0.0,2.004,0.0,0.0,0.0,0.0,0.0,0.0,5224.0,0.0,6917.0,0.0,-107616112.0,2.004,2.004,0.0,0.0,0.0,0.0,69,5.848076282481645e+35,-152017414651904.0,0.0,0.0,0.0,0.0,0.0,0.0,0.0,0,0,0,0.0,0.0,0.0,0.0,0.0,0.0,0.0,0.0,0.0,0.0,0.0,0.0,0.0,0.0,0.0,0.0,0,-107875648.0,69,0.0,138,0.0,2.012,ERR,ERR,ERR,ERR,ERR,ERR,ERR,ERR,ERR,ERR,ERR,ERR,ERR,ERR,ERR,ERR,ERR,ERR,ERR,ERR,ERR,ERR,ERR,ERR,ERR,ERR,ERR,ERR,ERR,ERR,ERR,ERR,ERR,ERR,ERR,ERR,ERR,ERR,ERR,ERR,ERR,ERR,ERR,ERR,ERR,ERR,ERR,ERR,ERR,ERR,ERR,ERR,ERR,ERR,ERR,ERR,ERR,ERR,ERR,ERR,ERR,ERR,ERR,ERR,ERR,ERR,ERR,60.0,60.0,35,0.0,0.0,0.0,0.0,0.0,0.0,0.0,0.0,0.0,0.0,0.0,0.0,0.0,0.0,0.0,0.0,64.8,0,119,58,44,65476,0,65476,1,4,4,20529,65476,0,0,2621,60.0,0.0,0.0,0.0,0.0,0.0
2026-07-09T15:42:08,ERR,ERR,ERR,ERR,ERR,ERR,ERR,ERR,ERR,ERR,ERR,ERR,ERR,ERR,ERR,ERR,ERR,ERR,ERR,ERR,ERR,ERR,ERR,ERR,ERR,ERR,ERR,ERR,ERR,ERR,ERR,ERR,ERR,ERR,ERR,ERR,ERR,ERR,ERR,ERR,ERR,ERR,ERR,ERR,ERR,ERR,ERR,ERR,ERR,ERR,ERR,ERR,ERR,ERR,ERR,ERR,ERR,ERR,ERR,ERR,ERR,ERR,ERR,ERR,ERR,ERR,ERR,ERR,ERR,ERR,ERR,ERR,ERR,ERR,ERR,ERR,ERR,ERR,ERR,ERR,ERR,ERR,ERR,ERR,ERR,ERR,ERR,ERR,ERR,ERR,ERR,ERR,ERR,ERR,ERR,ERR,ERR,ERR,ERR,ERR,ERR,ERR,ERR,ERR,ERR,ERR,ERR,ERR,ERR,ERR,ERR,ERR,ERR,ERR,ERR,ERR,ERR,ERR,ERR,ERR,ERR,ERR,ERR,ERR,ERR,0.0,-0.0,0.0,0.0,0.0,-1.0310170375672672e+28,1.116209429830697e+17,-0.0,0,0,4,17335,7116,0.0,100,0.0,0.0,0.0,0.0,0.0,0,0,0,0,0.0,0,0,0,0,0,0,0,0,0,0,0,0,0,0,0,0,0,0,0,0,0,0,0,0,0,0,0,0,0,0,0,0,0,31,40,40,71,65476,0,300,0,0,8,21553,0.0,-107605600.0,0.0,0.0,0.0,0.0,0.0,0.0,0.0,0.0,0.0,0.0,0.0,0.0,0.0,0.0,0.0,0.0,0.0,0.0,0.0,0.0,-2.004,0.0,0.0,0.0,0.0,0.0,0.0,0.0,5207.0,-1.587930486482232e+29,6942.0,-0.0,-0.0,2.004,2.004,0.0,0.0,0.0,0.0,69,-107615192.0,-0.0,0.0,0.0,0.0,0.0,0.0,0.0,0.0,0,0,0,0.0,0.0,0.0,0.0,0.0,0.0,0.0,0.0,0.0,0.0,0.0,0.0,0.0,0.0,0.0,0.0,0,-107875648.0,69,0.0,138,0.0,2.012,ERR,ERR,ERR,ERR,ERR,ERR,ERR,ERR,ERR,ERR,ERR,ERR,ERR,ERR,ERR,ERR,ERR,ERR,ERR,ERR,ERR,ERR,ERR,ERR,ERR,ERR,ERR,ERR,ERR,ERR,ERR,ERR,ERR,ERR,ERR,ERR,ERR,ERR,ERR,ERR,ERR,ERR,ERR,ERR,ERR,ERR,ERR,ERR,ERR,ERR,ERR,ERR,ERR,ERR,ERR,ERR,ERR,ERR,ERR,ERR,ERR,ERR,ERR,ERR,ERR,ERR,ERR,60.0,60.0,35,0.0,0.0,0.0,0.0,0.0,0.0,0.0,0.0,0.0,0.0,0.0,0.0,0.0,0.0,0.0,0.0,64.8,0,119,58,44,65476,0,65476,1,4,4,20529,65476,0,0,2621,60.0,0.0,0.0,0.0,0.0,0.0
2026-07-09T15:42:09,ERR,ERR,ERR,ERR,ERR,ERR,ERR,ERR,ERR,ERR,ERR,ERR,ERR,ERR,ERR,ERR,ERR,ERR,ERR,ERR,ERR,ERR,ERR,ERR,ERR,ERR,ERR,ERR,ERR,ERR,ERR,ERR,ERR,ERR,ERR,ERR,ERR,ERR,ERR,ERR,ERR,ERR,ERR,ERR,ERR,ERR,ERR,ERR,ERR,ERR,ERR,ERR,ERR,ERR,ERR,ERR,ERR,ERR,ERR,ERR,ERR,ERR,ERR,ERR,ERR,ERR,ERR,ERR,ERR,ERR,ERR,ERR,ERR,ERR,ERR,ERR,ERR,ERR,ERR,ERR,ERR,ERR,ERR,ERR,ERR,ERR,ERR,ERR,ERR,ERR,ERR,ERR,ERR,ERR,ERR,ERR,ERR,ERR,ERR,ERR,ERR,ERR,ERR,ERR,ERR,ERR,ERR,ERR,ERR,ERR,ERR,ERR,ERR,ERR,ERR,ERR,ERR,ERR,ERR,ERR,ERR,ERR,ERR,ERR,ERR,0.0,-0.0,0.0,0.0,0.0,-1.0310170375672672e+28,1.116209429830697e+17,-0.0,0,0,4,17335,7116,0.0,100,0.0,0.0,0.0,0.0,0.0,0,0,0,0,0.0,0,0,0,0,0,0,0,0,0,0,0,0,0,0,0,0,0,0,0,0,0,0,0,0,0,0,0,0,0,0,0,0,0,31,40,40,71,65476,0,300,0,0,8,21553,0.0,-107605600.0,0.0,0.0,0.0,0.0,0.0,0.0,0.0,0.0,0.0,0.0,0.0,0.0,0.0,0.0,0.0,0.0,0.0,0.0,0.0,0.0,-2.004,0.0,0.0,0.0,0.0,0.0,0.0,0.0,5207.0,-1.587930486482232e+29,6942.0,-0.0,-0.0,2.004,2.004,0.0,0.0,0.0,0.0,69,-107615192.0,-0.0,0.0,0.0,0.0,0.0,0.0,0.0,0.0,0,0,0,0.0,0.0,0.0,0.0,0.0,0.0,0.0,0.0,0.0,0.0,0.0,0.0,0.0,0.0,0.0,0.0,0,-107875648.0,69,0.0,138,0.0,2.012,ERR,ERR,ERR,ERR,ERR,ERR,ERR,ERR,ERR,ERR,ERR,ERR,ERR,ERR,ERR,ERR,ERR,ERR,ERR,ERR,ERR,ERR,ERR,ERR,ERR,ERR,ERR,ERR,ERR,ERR,ERR,ERR,ERR,ERR,ERR,ERR,ERR,ERR,ERR,ERR,ERR,ERR,ERR,ERR,ERR,ERR,ERR,ERR,ERR,ERR,ERR,ERR,ERR,ERR,ERR,ERR,ERR,ERR,ERR,ERR,ERR,ERR,ERR,ERR,ERR,ERR,ERR,60.0,60.0,35,0.0,0.0,0.0,0.0,0.0,0.0,0.0,0.0,0.0,0.0,0.0,0.0,0.0,0.0,0.0,0.0,64.8,0,119,58,44,65476,0,65476,1,4,4,20529,65476,0,0,2621,60.0,0.0,0.0,0.0,0.0,0.0
2026-07-09T15:42:10,ERR,ERR,ERR,ERR,ERR,ERR,ERR,ERR,ERR,ERR,ERR,ERR,ERR,ERR,ERR,ERR,ERR,ERR,ERR,ERR,ERR,ERR,ERR,ERR,ERR,ERR,ERR,ERR,ERR,ERR,ERR,ERR,ERR,ERR,ERR,ERR,ERR,ERR,ERR,ERR,ERR,ERR,ERR,ERR,ERR,ERR,ERR,ERR,ERR,ERR,ERR,ERR,ERR,ERR,ERR,ERR,ERR,ERR,ERR,ERR,ERR,ERR,ERR,ERR,ERR,ERR,ERR,ERR,ERR,ERR,ERR,ERR,ERR,ERR,ERR,ERR,ERR,ERR,ERR,ERR,ERR,ERR,ERR,ERR,ERR,ERR,ERR,ERR,ERR,ERR,ERR,ERR,ERR,ERR,ERR,ERR,ERR,ERR,ERR,ERR,ERR,ERR,ERR,ERR,ERR,ERR,ERR,ERR,ERR,ERR,ERR,ERR,ERR,ERR,ERR,ERR,ERR,ERR,ERR,ERR,ERR,ERR,ERR,ERR,ERR,0.0,-0.0,0.0,0.0,0.0,-1.0310170375672672e+28,1.116209429830697e+17,-0.0,0,0,4,17335,7116,0.0,100,0.0,0.0,0.0,0.0,0.0,0,0,0,0,0.0,0,0,0,0,0,0,0,0,0,0,0,0,0,0,0,0,0,0,0,0,0,0,0,0,0,0,0,0,0,0,0,0,0,31,40,40,71,65476,0,300,0,0,8,21553,0.0,-107605600.0,0.0,0.0,0.0,0.0,0.0,0.0,0.0,0.0,0.0,0.0,0.0,0.0,0.0,0.0,0.0,0.0,0.0,0.0,0.0,0.0,-2.004,0.0,0.0,0.0,0.0,0.0,0.0,0.0,5207.0,-1.587930486482232e+29,6942.0,-0.0,-0.0,2.004,2.004,0.0,0.0,0.0,0.0,69,-107615192.0,-0.0,0.0,0.0,0.0,0.0,0.0,0.0,0.0,0,0,0,0.0,0.0,0.0,0.0,0.0,0.0,0.0,0.0,0.0,0.0,0.0,0.0,0.0,0.0,0.0,0.0,0,-107875648.0,69,0.0,138,0.0,2.012,ERR,ERR,ERR,ERR,ERR,ERR,ERR,ERR,ERR,ERR,ERR,ERR,ERR,ERR,ERR,ERR,ERR,ERR,ERR,ERR,ERR,ERR,ERR,ERR,ERR,ERR,ERR,ERR,ERR,ERR,ERR,ERR,ERR,ERR,ERR,ERR,ERR,ERR,ERR,ERR,ERR,ERR,ERR,ERR,ERR,ERR,ERR,ERR,ERR,ERR,ERR,ERR,ERR,ERR,ERR,ERR,ERR,ERR,ERR,ERR,ERR,ERR,ERR,ERR,ERR,ERR,ERR,60.0,60.0,35,0.0,0.0,0.0,0.0,0.0,0.0,0.0,0.0,0.0,0.0,0.0,0.0,0.0,0.0,0.0,0.0,64.8,0,119,58,44,65476,0,65476,1,4,4,20529,65476,0,0,2621,60.0,0.0,0.0,0.0,0.0,0.0
2026-07-09T15:42:11,ERR,ERR,ERR,ERR,ERR,ERR,ERR,ERR,ERR,ERR,ERR,ERR,ERR,ERR,ERR,ERR,ERR,ERR,ERR,ERR,ERR,ERR,ERR,ERR,ERR,ERR,ERR,ERR,ERR,ERR,ERR,ERR,ERR,ERR,ERR,ERR,ERR,ERR,ERR,ERR,ERR,ERR,ERR,ERR,ERR,ERR,ERR,ERR,ERR,ERR,ERR,ERR,ERR,ERR,ERR,ERR,ERR,ERR,ERR,ERR,ERR,ERR,ERR,ERR,ERR,ERR,ERR,ERR,ERR,ERR,ERR,ERR,ERR,ERR,ERR,ERR,ERR,ERR,ERR,ERR,ERR,ERR,ERR,ERR,ERR,ERR,ERR,ERR,ERR,ERR,ERR,ERR,ERR,ERR,ERR,ERR,ERR,ERR,ERR,ERR,ERR,ERR,ERR,ERR,ERR,ERR,ERR,ERR,ERR,ERR,ERR,ERR,ERR,ERR,ERR,ERR,ERR,ERR,ERR,ERR,ERR,ERR,ERR,ERR,ERR,0.0,-0.0,0.0,0.0,0.0,-1.0310170375672672e+28,1.116209429830697e+17,-0.0,0,0,4,17335,7116,0.0,100,0.0,0.0,0.0,0.0,0.0,0,0,0,0,0.0,0,0,0,0,0,0,0,0,0,0,0,0,0,0,0,0,0,0,0,0,0,0,0,0,0,0,0,0,0,0,0,0,0,31,40,40,71,65476,0,300,0,0,8,21553,0.0,-107605600.0,0.0,0.0,0.0,0.0,0.0,0.0,0.0,0.0,0.0,0.0,0.0,0.0,0.0,0.0,0.0,0.0,0.0,0.0,0.0,0.0,-2.004,0.0,0.0,0.0,0.0,0.0,0.0,0.0,5207.0,-1.587930486482232e+29,6942.0,-0.0,-0.0,2.004,2.004,0.0,0.0,0.0,0.0,69,-107615192.0,-0.0,0.0,0.0,0.0,0.0,0.0,0.0,0.0,0,0,0,0.0,0.0,0.0,0.0,0.0,0.0,0.0,0.0,0.0,0.0,0.0,0.0,0.0,0.0,0.0,0.0,0,-107875648.0,69,0.0,138,0.0,2.012,ERR,ERR,ERR,ERR,ERR,ERR,ERR,ERR,ERR,ERR,ERR,ERR,ERR,ERR,ERR,ERR,ERR,ERR,ERR,ERR,ERR,ERR,ERR,ERR,ERR,ERR,ERR,ERR,ERR,ERR,ERR,ERR,ERR,ERR,ERR,ERR,ERR,ERR,ERR,ERR,ERR,ERR,ERR,ERR,ERR,ERR,ERR,ERR,ERR,ERR,ERR,ERR,ERR,ERR,ERR,ERR,ERR,ERR,ERR,ERR,ERR,ERR,ERR,ERR,ERR,ERR,ERR,60.0,60.0,35,0.0,0.0,0.0,0.0,0.0,0.0,0.0,0.0,0.0,0.0,0.0,0.0,0.0,0.0,0.0,0.0,64.8,0,119,58,44,65476,0,65476,1,4,4,20529,65476,0,0,2621,60.0,0.0,0.0,0.0,0.0,0.0
2026-07-09T15:42:12,ERR,ERR,ERR,ERR,ERR,ERR,ERR,ERR,ERR,ERR,ERR,ERR,ERR,ERR,ERR,ERR,ERR,ERR,ERR,ERR,ERR,ERR,ERR,ERR,ERR,ERR,ERR,ERR,ERR,ERR,ERR,ERR,ERR,ERR,ERR,ERR,ERR,ERR,ERR,ERR,ERR,ERR,ERR,ERR,ERR,ERR,ERR,ERR,ERR,ERR,ERR,ERR,ERR,ERR,ERR,ERR,ERR,ERR,ERR,ERR,ERR,ERR,ERR,ERR,ERR,ERR,ERR,ERR,ERR,ERR,ERR,ERR,ERR,ERR,ERR,ERR,ERR,ERR,ERR,ERR,ERR,ERR,ERR,ERR,ERR,ERR,ERR,ERR,ERR,ERR,ERR,ERR,ERR,ERR,ERR,ERR,ERR,ERR,ERR,ERR,ERR,ERR,ERR,ERR,ERR,ERR,ERR,ERR,ERR,ERR,ERR,ERR,ERR,ERR,ERR,ERR,ERR,ERR,ERR,ERR,ERR,ERR,ERR,ERR,ERR,0.0,-0.0,0.0,0.0,0.0,-1.0310170375672672e+28,1.116209429830697e+17,-0.0,0,0,4,17335,7116,0.0,100,0.0,0.0,0.0,0.0,0.0,0,0,0,0,0.0,0,0,0,0,0,0,0,0,0,0,0,0,0,0,0,0,0,0,0,0,0,0,0,0,0,0,0,0,0,0,0,0,0,31,40,40,71,65476,0,300,0,0,8,21553,0.0,-107605600.0,0.0,0.0,0.0,0.0,0.0,0.0,0.0,0.0,0.0,0.0,0.0,0.0,0.0,0.0,0.0,0.0,0.0,0.0,0.0,0.0,-2.004,0.0,0.0,0.0,0.0,0.0,0.0,0.0,5207.0,-1.587930486482232e+29,6942.0,-0.0,-0.0,2.004,2.004,0.0,0.0,0.0,0.0,69,-107615192.0,-0.0,0.0,0.0,0.0,0.0,0.0,0.0,0.0,0,0,0,0.0,0.0,0.0,0.0,0.0,0.0,0.0,0.0,0.0,0.0,0.0,0.0,0.0,0.0,0.0,0.0,0,-107875648.0,69,0.0,138,0.0,2.012,ERR,ERR,ERR,ERR,ERR,ERR,ERR,ERR,ERR,ERR,ERR,ERR,ERR,ERR,ERR,ERR,ERR,ERR,ERR,ERR,ERR,ERR,ERR,ERR,ERR,ERR,ERR,ERR,ERR,ERR,ERR,ERR,ERR,ERR,ERR,ERR,ERR,ERR,ERR,ERR,ERR,ERR,ERR,ERR,ERR,ERR,ERR,ERR,ERR,ERR,ERR,ERR,ERR,ERR,ERR,ERR,ERR,ERR,ERR,ERR,ERR,ERR,ERR,ERR,ERR,ERR,ERR,60.0,60.0,35,0.0,0.0,0.0,0.0,0.0,0.0,0.0,0.0,0.0,0.0,0.0,0.0,0.0,0.0,0.0,0.0,64.8,0,119,58,44,65476,0,65476,1,4,4,20529,65476,0,0,2621,60.0,0.0,0.0,0.0,0.0,0.0
2026-07-09T15:42:13,ERR,ERR,ERR,ERR,ERR,ERR,ERR,ERR,ERR,ERR,ERR,ERR,ERR,ERR,ERR,ERR,ERR,ERR,ERR,ERR,ERR,ERR,ERR,ERR,ERR,ERR,ERR,ERR,ERR,ERR,ERR,ERR,ERR,ERR,ERR,ERR,ERR,ERR,ERR,ERR,ERR,ERR,ERR,ERR,ERR,ERR,ERR,ERR,ERR,ERR,ERR,ERR,ERR,ERR,ERR,ERR,ERR,ERR,ERR,ERR,ERR,ERR,ERR,ERR,ERR,ERR,ERR,ERR,ERR,ERR,ERR,ERR,ERR,ERR,ERR,ERR,ERR,ERR,ERR,ERR,ERR,ERR,ERR,ERR,ERR,ERR,ERR,ERR,ERR,ERR,ERR,ERR,ERR,ERR,ERR,ERR,ERR,ERR,ERR,ERR,ERR,ERR,ERR,ERR,ERR,ERR,ERR,ERR,ERR,ERR,ERR,ERR,ERR,ERR,ERR,ERR,ERR,ERR,ERR,ERR,ERR,ERR,ERR,ERR,ERR,-0.0,2.7184473146906606e+23,0.0,0.0,-0.002,-0.0,675506683904.0,-0.0,0,0,4,17332,7116,0.0,100,0.0,0.0,0.0,0.0,0.0,0,0,0,0,0.0,0,0,0,0,0,0,0,0,0,0,0,0,0,0,0,0,0,0,0,0,0,0,0,0,0,0,0,0,0,0,0,0,0,31,40,40,71,65476,0,300,0,0,8,21553,0.0,-107605600.0,0.0,0.0,0.0,0.0,0.0,0.0,0.0,0.0,0.0,0.0,0.0,0.0,0.0,0.0,0.0,0.0,0.0,0.0,0.0,0.0,-2.004,-3.6970700251968045e+19,0.0,0.0,0.0,0.0,0.0,0.0,5189.0,-564146236030976.0,6939.0,-0.0,0.0,2.004,2.004,0.0,0.0,0.0,0.0,69,-2.3088368474347327e+20,4.066856680329103e+29,0.0,0.0,0.0,0.0,0.0,0.0,0.0,0,0,0,0.0,0.0,0.0,0.0,0.0,0.0,0.0,0.0,0.0,0.0,0.0,0.0,0.0,0.0,0.0,0.0,0,-107875648.0,69,0.0,138,0.0,2.012,ERR,ERR,ERR,ERR,ERR,ERR,ERR,ERR,ERR,ERR,ERR,ERR,ERR,ERR,ERR,ERR,ERR,ERR,ERR,ERR,ERR,ERR,ERR,ERR,ERR,ERR,ERR,ERR,ERR,ERR,ERR,ERR,ERR,ERR,ERR,ERR,ERR,ERR,ERR,ERR,ERR,ERR,ERR,ERR,ERR,ERR,ERR,ERR,ERR,ERR,ERR,ERR,ERR,ERR,ERR,ERR,ERR,ERR,ERR,ERR,ERR,ERR,ERR,ERR,ERR,ERR,ERR,60.0,60.0,35,0.0,0.0,0.0,0.0,0.0,0.0,0.0,0.0,0.0,0.0,0.0,0.0,0.0,0.0,0.0,0.0,64.8,0,119,58,44,65476,0,65476,1,4,4,20529,65476,0,0,2621,60.0,0.0,0.0,0.0,0.0,0.0
2026-07-09T15:42:14,ERR,ERR,ERR,ERR,ERR,ERR,ERR,ERR,ERR,ERR,ERR,ERR,ERR,ERR,ERR,ERR,ERR,ERR,ERR,ERR,ERR,ERR,ERR,ERR,ERR,ERR,ERR,ERR,ERR,ERR,ERR,ERR,ERR,ERR,ERR,ERR,ERR,ERR,ERR,ERR,ERR,ERR,ERR,ERR,ERR,ERR,ERR,ERR,ERR,ERR,ERR,ERR,ERR,ERR,ERR,ERR,ERR,ERR,ERR,ERR,ERR,ERR,ERR,ERR,ERR,ERR,ERR,ERR,ERR,ERR,ERR,ERR,ERR,ERR,ERR,ERR,ERR,ERR,ERR,ERR,ERR,ERR,ERR,ERR,ERR,ERR,ERR,ERR,ERR,ERR,ERR,ERR,ERR,ERR,ERR,ERR,ERR,ERR,ERR,ERR,ERR,ERR,ERR,ERR,ERR,ERR,ERR,ERR,ERR,ERR,ERR,ERR,ERR,ERR,ERR,ERR,ERR,ERR,ERR,ERR,ERR,ERR,ERR,ERR,ERR,-0.0,2.7184473146906606e+23,0.0,0.0,-0.002,-0.0,675506683904.0,-0.0,0,0,4,17332,7116,0.0,100,0.0,0.0,0.0,0.0,0.0,0,0,0,0,0.0,0,0,0,0,0,0,0,0,0,0,0,0,0,0,0,0,0,0,0,0,0,0,0,0,0,0,0,0,0,0,0,0,0,31,40,40,71,65476,0,300,0,0,8,21553,0.0,-107605600.0,0.0,0.0,0.0,0.0,0.0,0.0,0.0,0.0,0.0,0.0,0.0,0.0,0.0,0.0,0.0,0.0,0.0,0.0,0.0,0.0,-2.004,-3.6970700251968045e+19,0.0,0.0,0.0,0.0,0.0,0.0,5189.0,-564146236030976.0,6939.0,-0.0,0.0,2.004,2.004,0.0,0.0,0.0,0.0,69,-2.3088368474347327e+20,4.066856680329103e+29,0.0,0.0,0.0,0.0,0.0,0.0,0.0,0,0,0,0.0,0.0,0.0,0.0,0.0,0.0,0.0,0.0,0.0,0.0,0.0,0.0,0.0,0.0,0.0,0.0,0,-107875648.0,69,0.0,138,0.0,2.012,ERR,ERR,ERR,ERR,ERR,ERR,ERR,ERR,ERR,ERR,ERR,ERR,ERR,ERR,ERR,ERR,ERR,ERR,ERR,ERR,ERR,ERR,ERR,ERR,ERR,ERR,ERR,ERR,ERR,ERR,ERR,ERR,ERR,ERR,ERR,ERR,ERR,ERR,ERR,ERR,ERR,ERR,ERR,ERR,ERR,ERR,ERR,ERR,ERR,ERR,ERR,ERR,ERR,ERR,ERR,ERR,ERR,ERR,ERR,ERR,ERR,ERR,ERR,ERR,ERR,ERR,ERR,60.0,60.0,35,0.0,0.0,0.0,0.0,0.0,0.0,0.0,0.0,0.0,0.0,0.0,0.0,0.0,0.0,0.0,0.0,64.8,0,119,57,44,65476,0,65476,1,4,4,20529,65476,0,0,2621,60.0,0.0,0.0,0.0,0.0,0.0
2026-07-09T15:42:15,ERR,ERR,ERR,ERR,ERR,ERR,ERR,ERR,ERR,ERR,ERR,ERR,ERR,ERR,ERR,ERR,ERR,ERR,ERR,ERR,ERR,ERR,ERR,ERR,ERR,ERR,ERR,ERR,ERR,ERR,ERR,ERR,ERR,ERR,ERR,ERR,ERR,ERR,ERR,ERR,ERR,ERR,ERR,ERR,ERR,ERR,ERR,ERR,ERR,ERR,ERR,ERR,ERR,ERR,ERR,ERR,ERR,ERR,ERR,ERR,ERR,ERR,ERR,ERR,ERR,ERR,ERR,ERR,ERR,ERR,ERR,ERR,ERR,ERR,ERR,ERR,ERR,ERR,ERR,ERR,ERR,ERR,ERR,ERR,ERR,ERR,ERR,ERR,ERR,ERR,ERR,ERR,ERR,ERR,ERR,ERR,ERR,ERR,ERR,ERR,ERR,ERR,ERR,ERR,ERR,ERR,ERR,ERR,ERR,ERR,ERR,ERR,ERR,ERR,ERR,ERR,ERR,ERR,ERR,ERR,ERR,ERR,ERR,ERR,ERR,-0.0,2.7184473146906606e+23,0.0,0.0,-0.002,-0.0,675506683904.0,-0.0,0,0,4,17332,7116,0.0,100,0.0,0.0,0.0,0.0,0.0,0,0,0,0,0.0,0,0,0,0,0,0,0,0,0,0,0,0,0,0,0,0,0,0,0,0,0,0,0,0,0,0,0,0,0,0,0,0,0,31,40,40,71,65476,0,300,0,0,8,21553,0.0,-107605600.0,0.0,0.0,0.0,0.0,0.0,0.0,0.0,0.0,0.0,0.0,0.0,0.0,0.0,0.0,0.0,0.0,0.0,0.0,0.0,0.0,-2.004,-3.6970700251968045e+19,0.0,0.0,0.0,0.0,0.0,0.0,5189.0,-564146236030976.0,6939.0,-0.0,0.0,2.004,2.004,0.0,0.0,0.0,0.0,69,-2.3088368474347327e+20,4.066856680329103e+29,0.0,0.0,0.0,0.0,0.0,0.0,0.0,0,0,0,0.0,0.0,0.0,0.0,0.0,0.0,0.0,0.0,0.0,0.0,0.0,0.0,0.0,0.0,0.0,0.0,0,-107875648.0,69,0.0,138,0.0,2.012,ERR,ERR,ERR,ERR,ERR,ERR,ERR,ERR,ERR,ERR,ERR,ERR,ERR,ERR,ERR,ERR,ERR,ERR,ERR,ERR,ERR,ERR,ERR,ERR,ERR,ERR,ERR,ERR,ERR,ERR,ERR,ERR,ERR,ERR,ERR,ERR,ERR,ERR,ERR,ERR,ERR,ERR,ERR,ERR,ERR,ERR,ERR,ERR,ERR,ERR,ERR,ERR,ERR,ERR,ERR,ERR,ERR,ERR,ERR,ERR,ERR,ERR,ERR,ERR,ERR,ERR,ERR,60.0,60.0,35,0.0,0.0,0.0,0.0,0.0,0.0,0.0,0.0,0.0,0.0,0.0,0.0,0.0,0.0,0.0,0.0,64.8,0,119,57,44,65476,0,65476,1,4,4,20529,65476,0,0,2621,60.0,0.0,0.0,0.0,0.0,0.0
2026-07-09T15:42:16,ERR,ERR,ERR,ERR,ERR,ERR,ERR,ERR,ERR,ERR,ERR,ERR,ERR,ERR,ERR,ERR,ERR,ERR,ERR,ERR,ERR,ERR,ERR,ERR,ERR,ERR,ERR,ERR,ERR,ERR,ERR,ERR,ERR,ERR,ERR,ERR,ERR,ERR,ERR,ERR,ERR,ERR,ERR,ERR,ERR,ERR,ERR,ERR,ERR,ERR,ERR,ERR,ERR,ERR,ERR,ERR,ERR,ERR,ERR,ERR,ERR,ERR,ERR,ERR,ERR,ERR,ERR,ERR,ERR,ERR,ERR,ERR,ERR,ERR,ERR,ERR,ERR,ERR,ERR,ERR,ERR,ERR,ERR,ERR,ERR,ERR,ERR,ERR,ERR,ERR,ERR,ERR,ERR,ERR,ERR,ERR,ERR,ERR,ERR,ERR,ERR,ERR,ERR,ERR,ERR,ERR,ERR,ERR,ERR,ERR,ERR,ERR,ERR,ERR,ERR,ERR,ERR,ERR,ERR,ERR,ERR,ERR,ERR,ERR,ERR,-0.0,2.7184473146906606e+23,0.0,0.0,-0.002,-0.0,675506683904.0,-0.0,0,0,4,17332,7116,0.0,100,0.0,0.0,0.0,0.0,0.0,0,0,0,0,0.0,0,0,0,0,0,0,0,0,0,0,0,0,0,0,0,0,0,0,0,0,0,0,0,0,0,0,0,0,0,0,0,0,0,31,40,40,71,65476,0,300,0,0,8,21553,0.0,-107605600.0,0.0,0.0,0.0,0.0,0.0,0.0,0.0,0.0,0.0,0.0,0.0,0.0,0.0,0.0,0.0,0.0,0.0,0.0,0.0,0.0,-2.004,-3.6970700251968045e+19,0.0,0.0,0.0,0.0,0.0,0.0,5189.0,-564146236030976.0,6939.0,-0.0,0.0,2.004,2.004,0.0,0.0,0.0,0.0,69,-2.3088368474347327e+20,4.066856680329103e+29,0.0,0.0,0.0,0.0,0.0,0.0,0.0,0,0,0,0.0,0.0,0.0,0.0,0.0,0.0,0.0,0.0,0.0,0.0,0.0,0.0,0.0,0.0,0.0,0.0,0,-107875648.0,69,0.0,138,0.0,2.012,ERR,ERR,ERR,ERR,ERR,ERR,ERR,ERR,ERR,ERR,ERR,ERR,ERR,ERR,ERR,ERR,ERR,ERR,ERR,ERR,ERR,ERR,ERR,ERR,ERR,ERR,ERR,ERR,ERR,ERR,ERR,ERR,ERR,ERR,ERR,ERR,ERR,ERR,ERR,ERR,ERR,ERR,ERR,ERR,ERR,ERR,ERR,ERR,ERR,ERR,ERR,ERR,ERR,ERR,ERR,ERR,ERR,ERR,ERR,ERR,ERR,ERR,ERR,ERR,ERR,ERR,ERR,60.0,60.0,35,0.0,0.0,0.0,0.0,0.0,0.0,0.0,0.0,0.0,0.0,0.0,0.0,0.0,0.0,0.0,0.0,64.8,0,119,57,44,65476,0,65476,1,4,4,20529,65476,0,0,2621,60.0,0.0,0.0,0.0,0.0,0.0
2026-07-09T15:42:17,ERR,ERR,ERR,ERR,ERR,ERR,ERR,ERR,ERR,ERR,ERR,ERR,ERR,ERR,ERR,ERR,ERR,ERR,ERR,ERR,ERR,ERR,ERR,ERR,ERR,ERR,ERR,ERR,ERR,ERR,ERR,ERR,ERR,ERR,ERR,ERR,ERR,ERR,ERR,ERR,ERR,ERR,ERR,ERR,ERR,ERR,ERR,ERR,ERR,ERR,ERR,ERR,ERR,ERR,ERR,ERR,ERR,ERR,ERR,ERR,ERR,ERR,ERR,ERR,ERR,ERR,ERR,ERR,ERR,ERR,ERR,ERR,ERR,ERR,ERR,ERR,ERR,ERR,ERR,ERR,ERR,ERR,ERR,ERR,ERR,ERR,ERR,ERR,ERR,ERR,ERR,ERR,ERR,ERR,ERR,ERR,ERR,ERR,ERR,ERR,ERR,ERR,ERR,ERR,ERR,ERR,ERR,ERR,ERR,ERR,ERR,ERR,ERR,ERR,ERR,ERR,ERR,ERR,ERR,ERR,ERR,ERR,ERR,ERR,ERR,-0.0,2.7184473146906606e+23,0.0,0.0,-0.002,-0.0,675506683904.0,-0.0,0,0,4,17332,7116,0.0,100,0.0,0.0,0.0,0.0,0.0,0,0,0,0,0.0,0,0,0,0,0,0,0,0,0,0,0,0,0,0,0,0,0,0,0,0,0,0,0,0,0,0,0,0,0,0,0,0,0,31,40,40,71,65476,0,300,0,0,8,21553,0.0,-107605600.0,0.0,0.0,0.0,0.0,0.0,0.0,0.0,0.0,0.0,0.0,0.0,0.0,0.0,0.0,0.0,0.0,0.0,0.0,0.0,0.0,-2.004,-3.6970700251968045e+19,0.0,0.0,0.0,0.0,0.0,0.0,5189.0,-564146236030976.0,6939.0,-0.0,0.0,2.004,2.004,0.0,0.0,0.0,0.0,69,-2.3088368474347327e+20,4.066856680329103e+29,0.0,0.0,0.0,0.0,0.0,0.0,0.0,0,0,0,0.0,0.0,0.0,0.0,0.0,0.0,0.0,0.0,0.0,0.0,0.0,0.0,0.0,0.0,0.0,0.0,0,-107875648.0,69,0.0,138,0.0,2.012,ERR,ERR,ERR,ERR,ERR,ERR,ERR,ERR,ERR,ERR,ERR,ERR,ERR,ERR,ERR,ERR,ERR,ERR,ERR,ERR,ERR,ERR,ERR,ERR,ERR,ERR,ERR,ERR,ERR,ERR,ERR,ERR,ERR,ERR,ERR,ERR,ERR,ERR,ERR,ERR,ERR,ERR,ERR,ERR,ERR,ERR,ERR,ERR,ERR,ERR,ERR,ERR,ERR,ERR,ERR,ERR,ERR,ERR,ERR,ERR,ERR,ERR,ERR,ERR,ERR,ERR,ERR,60.0,60.0,35,0.0,0.0,0.0,0.0,0.0,0.0,0.0,0.0,0.0,0.0,0.0,0.0,0.0,0.0,0.0,0.0,64.8,0,119,57,44,65476,0,65476,1,4,4,20529,65476,0,0,2621,60.0,0.0,0.0,0.0,0.0,0.0
2026-07-09T15:42:18,ERR,ERR,ERR,ERR,ERR,ERR,ERR,ERR,ERR,ERR,ERR,ERR,ERR,ERR,ERR,ERR,ERR,ERR,ERR,ERR,ERR,ERR,ERR,ERR,ERR,ERR,ERR,ERR,ERR,ERR,ERR,ERR,ERR,ERR,ERR,ERR,ERR,ERR,ERR,ERR,ERR,ERR,ERR,ERR,ERR,ERR,ERR,ERR,ERR,ERR,ERR,ERR,ERR,ERR,ERR,ERR,ERR,ERR,ERR,ERR,ERR,ERR,ERR,ERR,ERR,ERR,ERR,ERR,ERR,ERR,ERR,ERR,ERR,ERR,ERR,ERR,ERR,ERR,ERR,ERR,ERR,ERR,ERR,ERR,ERR,ERR,ERR,ERR,ERR,ERR,ERR,ERR,ERR,ERR,ERR,ERR,ERR,ERR,ERR,ERR,ERR,ERR,ERR,ERR,ERR,ERR,ERR,ERR,ERR,ERR,ERR,ERR,ERR,ERR,ERR,ERR,ERR,ERR,ERR,ERR,ERR,ERR,ERR,ERR,ERR,-0.0,0.0,-107090784.0,2.7183478752108883e+23,0.0,-479949710426112.0,-0.0,-0.036,0,0,4,17335,7116,0.0,100,0.0,0.0,2.7183478752108883e+23,0.0,0.0,0,0,0,0,0.0,0,0,0,0,0,0,0,0,0,0,0,0,0,0,0,0,0,0,0,0,0,0,0,0,0,0,0,0,0,0,0,0,0,31,40,40,71,65476,0,300,0,0,8,21553,0.0,-107605600.0,0.0,0.0,0.0,0.0,0.0,0.0,0.0,0.0,0.0,0.0,0.0,0.0,0.0,0.0,0.0,0.0,0.0,0.0,0.0,0.0,-2.004,-3.6970700251968045e+19,0.0,0.0,0.0,0.0,0.0,0.0,5203.0,-0.0,6933.0,-0.0,0.0,2.004,2.004,0.0,0.0,0.0,0.0,69,1.9056945127017677e+17,0.0,0.0,0.0,0.0,0.0,0.0,0.0,0.0,0,0,0,0.0,0.0,0.0,0.0,0.0,0.0,0.0,0.0,0.0,0.0,0.0,0.0,0.0,0.0,0.0,0.0,0,-107875648.0,69,0.0,138,0.0,2.012,ERR,ERR,ERR,ERR,ERR,ERR,ERR,ERR,ERR,ERR,ERR,ERR,ERR,ERR,ERR,ERR,ERR,ERR,ERR,ERR,ERR,ERR,ERR,ERR,ERR,ERR,ERR,ERR,ERR,ERR,ERR,ERR,ERR,ERR,ERR,ERR,ERR,ERR,ERR,ERR,ERR,ERR,ERR,ERR,ERR,ERR,ERR,ERR,ERR,ERR,ERR,ERR,ERR,ERR,ERR,ERR,ERR,ERR,ERR,ERR,ERR,ERR,ERR,ERR,ERR,ERR,ERR,60.0,60.0,35,0.0,0.0,0.0,0.0,0.0,0.0,0.0,0.0,0.0,0.0,0.0,0.0,0.0,0.0,0.0,0.0,64.8,0,119,57,44,65476,0,65476,1,4,4,20529,65476,0,0,2621,60.0,0.0,0.0,0.0,0.0,0.0
2026-07-09T15:42:19,ERR,ERR,ERR,ERR,ERR,ERR,ERR,ERR,ERR,ERR,ERR,ERR,ERR,ERR,ERR,ERR,ERR,ERR,ERR,ERR,ERR,ERR,ERR,ERR,ERR,ERR,ERR,ERR,ERR,ERR,ERR,ERR,ERR,ERR,ERR,ERR,ERR,ERR,ERR,ERR,ERR,ERR,ERR,ERR,ERR,ERR,ERR,ERR,ERR,ERR,ERR,ERR,ERR,ERR,ERR,ERR,ERR,ERR,ERR,ERR,ERR,ERR,ERR,ERR,ERR,ERR,ERR,ERR,ERR,ERR,ERR,ERR,ERR,ERR,ERR,ERR,ERR,ERR,ERR,ERR,ERR,ERR,ERR,ERR,ERR,ERR,ERR,ERR,ERR,ERR,ERR,ERR,ERR,ERR,ERR,ERR,ERR,ERR,ERR,ERR,ERR,ERR,ERR,ERR,ERR,ERR,ERR,ERR,ERR,ERR,ERR,ERR,ERR,ERR,ERR,ERR,ERR,ERR,ERR,ERR,ERR,ERR,ERR,ERR,ERR,-0.0,0.0,-107090784.0,2.7183478752108883e+23,0.0,-479949710426112.0,-0.0,-0.036,0,0,4,17335,7116,0.0,100,0.0,0.0,2.7183478752108883e+23,0.0,0.0,0,0,0,0,0.0,0,0,0,0,0,0,0,0,0,0,0,0,0,0,0,0,0,0,0,0,0,0,0,0,0,0,0,0,0,0,0,0,0,31,40,40,71,65476,0,300,0,0,8,21553,0.0,-107605600.0,0.0,0.0,0.0,0.0,0.0,0.0,0.0,0.0,0.0,0.0,0.0,0.0,0.0,0.0,0.0,0.0,0.0,0.0,0.0,0.0,-2.004,-3.6970700251968045e+19,0.0,0.0,0.0,0.0,0.0,0.0,5203.0,-0.0,6933.0,-0.0,0.0,2.004,2.004,0.0,0.0,0.0,0.0,69,1.9056945127017677e+17,0.0,0.0,0.0,0.0,0.0,0.0,0.0,0.0,0,0,0,0.0,0.0,0.0,0.0,0.0,0.0,0.0,0.0,0.0,0.0,0.0,0.0,0.0,0.0,0.0,0.0,0,-107875648.0,69,0.0,138,0.0,2.012,ERR,ERR,ERR,ERR,ERR,ERR,ERR,ERR,ERR,ERR,ERR,ERR,ERR,ERR,ERR,ERR,ERR,ERR,ERR,ERR,ERR,ERR,ERR,ERR,ERR,ERR,ERR,ERR,ERR,ERR,ERR,ERR,ERR,ERR,ERR,ERR,ERR,ERR,ERR,ERR,ERR,ERR,ERR,ERR,ERR,ERR,ERR,ERR,ERR,ERR,ERR,ERR,ERR,ERR,ERR,ERR,ERR,ERR,ERR,ERR,ERR,ERR,ERR,ERR,ERR,ERR,ERR,60.0,60.0,35,0.0,0.0,0.0,0.0,0.0,0.0,0.0,0.0,0.0,0.0,0.0,0.0,0.0,0.0,0.0,0.0,65.2,0,119,57,44,65476,0,65476,1,4,4,20529,65476,0,0,2621,60.0,0.0,0.0,0.0,0.0,0.0
2026-07-09T15:42:20,ERR,ERR,ERR,ERR,ERR,ERR,ERR,ERR,ERR,ERR,ERR,ERR,ERR,ERR,ERR,ERR,ERR,ERR,ERR,ERR,ERR,ERR,ERR,ERR,ERR,ERR,ERR,ERR,ERR,ERR,ERR,ERR,ERR,ERR,ERR,ERR,ERR,ERR,ERR,ERR,ERR,ERR,ERR,ERR,ERR,ERR,ERR,ERR,ERR,ERR,ERR,ERR,ERR,ERR,ERR,ERR,ERR,ERR,ERR,ERR,ERR,ERR,ERR,ERR,ERR,ERR,ERR,ERR,ERR,ERR,ERR,ERR,ERR,ERR,ERR,ERR,ERR,ERR,ERR,ERR,ERR,ERR,ERR,ERR,ERR,ERR,ERR,ERR,ERR,ERR,ERR,ERR,ERR,ERR,ERR,ERR,ERR,ERR,ERR,ERR,ERR,ERR,ERR,ERR,ERR,ERR,ERR,ERR,ERR,ERR,ERR,ERR,ERR,ERR,ERR,ERR,ERR,ERR,ERR,ERR,ERR,ERR,ERR,ERR,ERR,-0.0,0.0,-107090784.0,2.7183478752108883e+23,0.0,-479949710426112.0,-0.0,-0.036,0,0,4,17335,7116,0.0,100,0.0,0.0,2.7183478752108883e+23,0.0,0.0,0,0,0,0,0.0,0,0,0,0,0,0,0,0,0,0,0,0,0,0,0,0,0,0,0,0,0,0,0,0,0,0,0,0,0,0,0,0,0,31,40,40,71,65476,0,300,0,0,8,21553,0.0,-107605600.0,0.0,0.0,0.0,0.0,0.0,0.0,0.0,0.0,0.0,0.0,0.0,0.0,0.0,0.0,0.0,0.0,0.0,0.0,0.0,0.0,-2.004,-3.6970700251968045e+19,0.0,0.0,0.0,0.0,0.0,0.0,5203.0,-0.0,6933.0,-0.0,0.0,2.004,2.004,0.0,0.0,0.0,0.0,69,1.9056945127017677e+17,0.0,0.0,0.0,0.0,0.0,0.0,0.0,0.0,0,0,0,0.0,0.0,0.0,0.0,0.0,0.0,0.0,0.0,0.0,0.0,0.0,0.0,0.0,0.0,0.0,0.0,0,-107875648.0,69,0.0,138,0.0,2.012,ERR,ERR,ERR,ERR,ERR,ERR,ERR,ERR,ERR,ERR,ERR,ERR,ERR,ERR,ERR,ERR,ERR,ERR,ERR,ERR,ERR,ERR,ERR,ERR,ERR,ERR,ERR,ERR,ERR,ERR,ERR,ERR,ERR,ERR,ERR,ERR,ERR,ERR,ERR,ERR,ERR,ERR,ERR,ERR,ERR,ERR,ERR,ERR,ERR,ERR,ERR,ERR,ERR,ERR,ERR,ERR,ERR,ERR,ERR,ERR,ERR,ERR,ERR,ERR,ERR,ERR,ERR,60.0,60.0,35,0.0,0.0,0.0,0.0,0.0,0.0,0.0,0.0,0.0,0.0,0.0,0.0,0.0,0.0,0.0,0.0,64.8,0,118,57,44,65476,0,65476,1,4,4,20529,65476,0,0,2621,60.0,0.0,0.0,0.0,0.0,0.0
2026-07-09T15:42:21,ERR,ERR,ERR,ERR,ERR,ERR,ERR,ERR,ERR,ERR,ERR,ERR,ERR,ERR,ERR,ERR,ERR,ERR,ERR,ERR,ERR,ERR,ERR,ERR,ERR,ERR,ERR,ERR,ERR,ERR,ERR,ERR,ERR,ERR,ERR,ERR,ERR,ERR,ERR,ERR,ERR,ERR,ERR,ERR,ERR,ERR,ERR,ERR,ERR,ERR,ERR,ERR,ERR,ERR,ERR,ERR,ERR,ERR,ERR,ERR,ERR,ERR,ERR,ERR,ERR,ERR,ERR,ERR,ERR,ERR,ERR,ERR,ERR,ERR,ERR,ERR,ERR,ERR,ERR,ERR,ERR,ERR,ERR,ERR,ERR,ERR,ERR,ERR,ERR,ERR,ERR,ERR,ERR,ERR,ERR,ERR,ERR,ERR,ERR,ERR,ERR,ERR,ERR,ERR,ERR,ERR,ERR,ERR,ERR,ERR,ERR,ERR,ERR,ERR,ERR,ERR,ERR,ERR,ERR,ERR,ERR,ERR,ERR,ERR,ERR,-0.0,0.0,-107090784.0,2.7183478752108883e+23,0.0,-479949710426112.0,-0.0,-0.036,0,0,4,17335,7116,0.0,100,0.0,0.0,2.7183478752108883e+23,0.0,0.0,0,0,0,0,0.0,0,0,0,0,0,0,0,0,0,0,0,0,0,0,0,0,0,0,0,0,0,0,0,0,0,0,0,0,0,0,0,0,0,31,40,40,71,65476,0,300,0,0,8,21553,0.0,-107605600.0,0.0,0.0,0.0,0.0,0.0,0.0,0.0,0.0,0.0,0.0,0.0,0.0,0.0,0.0,0.0,0.0,0.0,0.0,0.0,0.0,-2.004,-3.6970700251968045e+19,0.0,0.0,0.0,0.0,0.0,0.0,5203.0,-0.0,6933.0,-0.0,0.0,2.004,2.004,0.0,0.0,0.0,0.0,69,1.9056945127017677e+17,0.0,0.0,0.0,0.0,0.0,0.0,0.0,0.0,0,0,0,0.0,0.0,0.0,0.0,0.0,0.0,0.0,0.0,0.0,0.0,0.0,0.0,0.0,0.0,0.0,0.0,0,-107875648.0,69,0.0,138,0.0,2.012,ERR,ERR,ERR,ERR,ERR,ERR,ERR,ERR,ERR,ERR,ERR,ERR,ERR,ERR,ERR,ERR,ERR,ERR,ERR,ERR,ERR,ERR,ERR,ERR,ERR,ERR,ERR,ERR,ERR,ERR,ERR,ERR,ERR,ERR,ERR,ERR,ERR,ERR,ERR,ERR,ERR,ERR,ERR,ERR,ERR,ERR,ERR,ERR,ERR,ERR,ERR,ERR,ERR,ERR,ERR,ERR,ERR,ERR,ERR,ERR,ERR,ERR,ERR,ERR,ERR,ERR,ERR,60.0,60.0,35,0.0,0.0,0.0,0.0,0.0,0.0,0.0,0.0,0.0,0.0,0.0,0.0,0.0,0.0,0.0,0.0,64.8,0,118,57,44,65476,0,65476,1,4,4,20529,65476,0,0,2621,60.0,0.0,0.0,0.0,0.0,0.0
2026-07-09T15:42:22,ERR,ERR,ERR,ERR,ERR,ERR,ERR,ERR,ERR,ERR,ERR,ERR,ERR,ERR,ERR,ERR,ERR,ERR,ERR,ERR,ERR,ERR,ERR,ERR,ERR,ERR,ERR,ERR,ERR,ERR,ERR,ERR,ERR,ERR,ERR,ERR,ERR,ERR,ERR,ERR,ERR,ERR,ERR,ERR,ERR,ERR,ERR,ERR,ERR,ERR,ERR,ERR,ERR,ERR,ERR,ERR,ERR,ERR,ERR,ERR,ERR,ERR,ERR,ERR,ERR,ERR,ERR,ERR,ERR,ERR,ERR,ERR,ERR,ERR,ERR,ERR,ERR,ERR,ERR,ERR,ERR,ERR,ERR,ERR,ERR,ERR,ERR,ERR,ERR,ERR,ERR,ERR,ERR,ERR,ERR,ERR,ERR,ERR,ERR,ERR,ERR,ERR,ERR,ERR,ERR,ERR,ERR,ERR,ERR,ERR,ERR,ERR,ERR,ERR,ERR,ERR,ERR,ERR,ERR,ERR,ERR,ERR,ERR,ERR,ERR,-0.0,0.0,-107090784.0,2.7183478752108883e+23,0.0,-479949710426112.0,-0.0,-0.036,0,0,4,17335,7116,0.0,100,0.0,0.0,2.7183478752108883e+23,0.0,0.0,0,0,0,0,0.0,0,0,0,0,0,0,0,0,0,0,0,0,0,0,0,0,0,0,0,0,0,0,0,0,0,0,0,0,0,0,0,0,0,31,40,40,71,65476,0,300,0,0,8,21553,0.0,-107605600.0,0.0,0.0,0.0,0.0,0.0,0.0,0.0,0.0,0.0,0.0,0.0,0.0,0.0,0.0,0.0,0.0,0.0,0.0,0.0,0.0,-2.004,-3.6970700251968045e+19,0.0,0.0,0.0,0.0,0.0,0.0,5203.0,-0.0,6933.0,-0.0,0.0,2.004,2.004,0.0,0.0,0.0,0.0,69,1.9056945127017677e+17,0.0,0.0,0.0,0.0,0.0,0.0,0.0,0.0,0,0,0,0.0,0.0,0.0,0.0,0.0,0.0,0.0,0.0,0.0,0.0,0.0,0.0,0.0,0.0,0.0,0.0,0,-107875648.0,69,0.0,138,0.0,2.012,ERR,ERR,ERR,ERR,ERR,ERR,ERR,ERR,ERR,ERR,ERR,ERR,ERR,ERR,ERR,ERR,ERR,ERR,ERR,ERR,ERR,ERR,ERR,ERR,ERR,ERR,ERR,ERR,ERR,ERR,ERR,ERR,ERR,ERR,ERR,ERR,ERR,ERR,ERR,ERR,ERR,ERR,ERR,ERR,ERR,ERR,ERR,ERR,ERR,ERR,ERR,ERR,ERR,ERR,ERR,ERR,ERR,ERR,ERR,ERR,ERR,ERR,ERR,ERR,ERR,ERR,ERR,60.0,60.0,35,0.0,0.0,0.0,0.0,0.0,0.0,0.0,0.0,0.0,0.0,0.0,0.0,0.0,0.0,0.0,0.0,64.8,0,118,57,44,65476,0,65476,1,4,4,20529,65476,0,0,2621,60.0,0.0,0.0,0.0,0.0,0.0
2026-07-09T15:42:23,ERR,ERR,ERR,ERR,ERR,ERR,ERR,ERR,ERR,ERR,ERR,ERR,ERR,ERR,ERR,ERR,ERR,ERR,ERR,ERR,ERR,ERR,ERR,ERR,ERR,ERR,ERR,ERR,ERR,ERR,ERR,ERR,ERR,ERR,ERR,ERR,ERR,ERR,ERR,ERR,ERR,ERR,ERR,ERR,ERR,ERR,ERR,ERR,ERR,ERR,ERR,ERR,ERR,ERR,ERR,ERR,ERR,ERR,ERR,ERR,ERR,ERR,ERR,ERR,ERR,ERR,ERR,ERR,ERR,ERR,ERR,ERR,ERR,ERR,ERR,ERR,ERR,ERR,ERR,ERR,ERR,ERR,ERR,ERR,ERR,ERR,ERR,ERR,ERR,ERR,ERR,ERR,ERR,ERR,ERR,ERR,ERR,ERR,ERR,ERR,ERR,ERR,ERR,ERR,ERR,ERR,ERR,ERR,ERR,ERR,ERR,ERR,ERR,ERR,ERR,ERR,ERR,ERR,ERR,ERR,ERR,ERR,ERR,ERR,ERR,0.0,0.0,2.7184238959725983e+23,2.7183478752108883e+23,-7.7154254181425185e+25,-4.888563318136002e+31,-95260948561920.0,0.0,0,0,4,17332,7116,0.0,100,0.0,0.0,2.7183478752108883e+23,0.0,0.0,0,0,0,0,0.0,0,0,0,0,0,0,0,0,0,0,0,0,0,0,0,0,0,0,0,0,0,0,0,0,0,0,0,0,0,0,0,0,0,31,40,40,71,65476,0,300,0,0,8,21553,0.0,-107605600.0,0.0,0.0,0.0,0.0,0.0,0.0,0.0,0.0,0.0,0.0,0.0,0.0,0.0,0.0,0.0,0.0,0.0,0.0,0.0,0.0,0.0,-3.6970700251968045e+19,0.0,0.0,0.0,0.0,0.0,0.0,5185.0,1.587930486482232e+29,6926.0,0.0,0.0,2.004,2.004,0.0,0.0,0.0,0.0,69,-0.0,0.0,0.0,0.0,0.0,0.0,0.0,0.0,0.0,0,0,0,0.0,0.0,0.0,0.0,0.0,0.0,0.0,0.0,0.0,0.0,0.0,0.0,0.0,0.0,0.0,0.0,0,-107875648.0,69,0.0,138,0.0,2.012,ERR,ERR,ERR,ERR,ERR,ERR,ERR,ERR,ERR,ERR,ERR,ERR,ERR,ERR,ERR,ERR,ERR,ERR,ERR,ERR,ERR,ERR,ERR,ERR,ERR,ERR,ERR,ERR,ERR,ERR,ERR,ERR,ERR,ERR,ERR,ERR,ERR,ERR,ERR,ERR,ERR,ERR,ERR,ERR,ERR,ERR,ERR,ERR,ERR,ERR,ERR,ERR,ERR,ERR,ERR,ERR,ERR,ERR,ERR,ERR,ERR,ERR,ERR,ERR,ERR,ERR,ERR,60.0,60.0,35,0.0,0.0,0.0,0.0,0.0,0.0,0.0,0.0,0.0,0.0,0.0,0.0,0.0,0.0,0.0,0.0,64.8,0,118,57,44,65476,0,65476,1,4,4,20529,65476,0,0,2621,60.0,0.0,0.0,0.0,0.0,0.0
2026-07-09T15:42:24,ERR,ERR,ERR,ERR,ERR,ERR,ERR,ERR,ERR,ERR,ERR,ERR,ERR,ERR,ERR,ERR,ERR,ERR,ERR,ERR,ERR,ERR,ERR,ERR,ERR,ERR,ERR,ERR,ERR,ERR,ERR,ERR,ERR,ERR,ERR,ERR,ERR,ERR,ERR,ERR,ERR,ERR,ERR,ERR,ERR,ERR,ERR,ERR,ERR,ERR,ERR,ERR,ERR,ERR,ERR,ERR,ERR,ERR,ERR,ERR,ERR,ERR,ERR,ERR,ERR,ERR,ERR,ERR,ERR,ERR,ERR,ERR,ERR,ERR,ERR,ERR,ERR,ERR,ERR,ERR,ERR,ERR,ERR,ERR,ERR,ERR,ERR,ERR,ERR,ERR,ERR,ERR,ERR,ERR,ERR,ERR,ERR,ERR,ERR,ERR,ERR,ERR,ERR,ERR,ERR,ERR,ERR,ERR,ERR,ERR,ERR,ERR,ERR,ERR,ERR,ERR,ERR,ERR,ERR,ERR,ERR,ERR,ERR,ERR,ERR,0.0,0.0,2.7184238959725983e+23,2.7183478752108883e+23,-7.7154254181425185e+25,-4.888563318136002e+31,-95260948561920.0,0.0,0,0,4,17332,7116,0.0,100,0.0,0.0,2.7183478752108883e+23,0.0,0.0,0,0,0,0,0.0,0,0,0,0,0,0,0,0,0,0,0,0,0,0,0,0,0,0,0,0,0,0,0,0,0,0,0,0,0,0,0,0,0,31,40,40,71,65476,0,300,0,0,8,21553,0.0,-107605600.0,0.0,0.0,0.0,0.0,0.0,0.0,0.0,0.0,0.0,0.0,0.0,0.0,0.0,0.0,0.0,0.0,0.0,0.0,0.0,0.0,0.0,-3.6970700251968045e+19,0.0,0.0,0.0,0.0,0.0,0.0,5185.0,1.587930486482232e+29,6926.0,0.0,0.0,2.004,2.004,0.0,0.0,0.0,0.0,69,-0.0,0.0,0.0,0.0,0.0,0.0,0.0,0.0,0.0,0,0,0,0.0,0.0,0.0,0.0,0.0,0.0,0.0,0.0,0.0,0.0,0.0,0.0,0.0,0.0,0.0,0.0,0,-107875648.0,69,0.0,138,0.0,2.012,ERR,ERR,ERR,ERR,ERR,ERR,ERR,ERR,ERR,ERR,ERR,ERR,ERR,ERR,ERR,ERR,ERR,ERR,ERR,ERR,ERR,ERR,ERR,ERR,ERR,ERR,ERR,ERR,ERR,ERR,ERR,ERR,ERR,ERR,ERR,ERR,ERR,ERR,ERR,ERR,ERR,ERR,ERR,ERR,ERR,ERR,ERR,ERR,ERR,ERR,ERR,ERR,ERR,ERR,ERR,ERR,ERR,ERR,ERR,ERR,ERR,ERR,ERR,ERR,ERR,ERR,ERR,60.0,60.0,35,0.0,0.0,0.0,0.0,0.0,0.0,0.0,0.0,0.0,0.0,0.0,0.0,0.0,0.0,0.0,0.0,64.8,0,118,57,44,65476,0,65476,1,4,4,20529,65476,0,0,2621,60.0,0.0,0.0,0.0,0.0,0.0
2026-07-09T15:42:25,ERR,ERR,ERR,ERR,ERR,ERR,ERR,ERR,ERR,ERR,ERR,ERR,ERR,ERR,ERR,ERR,ERR,ERR,ERR,ERR,ERR,ERR,ERR,ERR,ERR,ERR,ERR,ERR,ERR,ERR,ERR,ERR,ERR,ERR,ERR,ERR,ERR,ERR,ERR,ERR,ERR,ERR,ERR,ERR,ERR,ERR,ERR,ERR,ERR,ERR,ERR,ERR,ERR,ERR,ERR,ERR,ERR,ERR,ERR,ERR,ERR,ERR,ERR,ERR,ERR,ERR,ERR,ERR,ERR,ERR,ERR,ERR,ERR,ERR,ERR,ERR,ERR,ERR,ERR,ERR,ERR,ERR,ERR,ERR,ERR,ERR,ERR,ERR,ERR,ERR,ERR,ERR,ERR,ERR,ERR,ERR,ERR,ERR,ERR,ERR,ERR,ERR,ERR,ERR,ERR,ERR,ERR,ERR,ERR,ERR,ERR,ERR,ERR,ERR,ERR,ERR,ERR,ERR,ERR,ERR,ERR,ERR,ERR,ERR,ERR,0.0,0.0,2.7184238959725983e+23,2.7183478752108883e+23,-7.7154254181425185e+25,-4.888563318136002e+31,-95260948561920.0,0.0,0,0,4,17332,7116,0.0,100,0.0,0.0,2.7183478752108883e+23,0.0,0.0,0,0,0,0,0.0,0,0,0,0,0,0,0,0,0,0,0,0,0,0,0,0,0,0,0,0,0,0,0,0,0,0,0,0,0,0,0,0,0,31,40,40,71,65476,0,300,0,0,8,21553,0.0,-107605600.0,0.0,0.0,0.0,0.0,0.0,0.0,0.0,0.0,0.0,0.0,0.0,0.0,0.0,0.0,0.0,0.0,0.0,0.0,0.0,0.0,0.0,-3.6970700251968045e+19,0.0,0.0,0.0,0.0,0.0,0.0,5185.0,1.587930486482232e+29,6926.0,0.0,0.0,2.004,2.004,0.0,0.0,0.0,0.0,69,-0.0,0.0,0.0,0.0,0.0,0.0,0.0,0.0,0.0,0,0,0,0.0,0.0,0.0,0.0,0.0,0.0,0.0,0.0,0.0,0.0,0.0,0.0,0.0,0.0,0.0,0.0,0,-107875648.0,69,0.0,138,0.0,2.012,ERR,ERR,ERR,ERR,ERR,ERR,ERR,ERR,ERR,ERR,ERR,ERR,ERR,ERR,ERR,ERR,ERR,ERR,ERR,ERR,ERR,ERR,ERR,ERR,ERR,ERR,ERR,ERR,ERR,ERR,ERR,ERR,ERR,ERR,ERR,ERR,ERR,ERR,ERR,ERR,ERR,ERR,ERR,ERR,ERR,ERR,ERR,ERR,ERR,ERR,ERR,ERR,ERR,ERR,ERR,ERR,ERR,ERR,ERR,ERR,ERR,ERR,ERR,ERR,ERR,ERR,ERR,60.0,60.0,35,0.0,0.0,0.0,0.0,0.0,0.0,0.0,0.0,0.0,0.0,0.0,0.0,0.0,0.0,0.0,0.0,64.8,0,118,57,44,65476,0,65476,1,4,4,20529,65476,0,0,2621,60.0,0.0,0.0,0.0,0.0,0.0
2026-07-09T15:42:26,ERR,ERR,ERR,ERR,ERR,ERR,ERR,ERR,ERR,ERR,ERR,ERR,ERR,ERR,ERR,ERR,ERR,ERR,ERR,ERR,ERR,ERR,ERR,ERR,ERR,ERR,ERR,ERR,ERR,ERR,ERR,ERR,ERR,ERR,ERR,ERR,ERR,ERR,ERR,ERR,ERR,ERR,ERR,ERR,ERR,ERR,ERR,ERR,ERR,ERR,ERR,ERR,ERR,ERR,ERR,ERR,ERR,ERR,ERR,ERR,ERR,ERR,ERR,ERR,ERR,ERR,ERR,ERR,ERR,ERR,ERR,ERR,ERR,ERR,ERR,ERR,ERR,ERR,ERR,ERR,ERR,ERR,ERR,ERR,ERR,ERR,ERR,ERR,ERR,ERR,ERR,ERR,ERR,ERR,ERR,ERR,ERR,ERR,ERR,ERR,ERR,ERR,ERR,ERR,ERR,ERR,ERR,ERR,ERR,ERR,ERR,ERR,ERR,ERR,ERR,ERR,ERR,ERR,ERR,ERR,ERR,ERR,ERR,ERR,ERR,0.0,0.0,2.7184238959725983e+23,2.7183478752108883e+23,-7.7154254181425185e+25,-4.888563318136002e+31,-95260948561920.0,0.0,0,0,4,17332,7116,0.0,100,0.0,0.0,2.7183478752108883e+23,0.0,0.0,0,0,0,0,0.0,0,0,0,0,0,0,0,0,0,0,0,0,0,0,0,0,0,0,0,0,0,0,0,0,0,0,0,0,0,0,0,0,0,31,40,40,71,65476,0,300,0,0,8,21553,0.0,-107605600.0,0.0,0.0,0.0,0.0,0.0,0.0,0.0,0.0,0.0,0.0,0.0,0.0,0.0,0.0,0.0,0.0,0.0,0.0,0.0,0.0,0.0,-3.6970700251968045e+19,0.0,0.0,0.0,0.0,0.0,0.0,5185.0,1.587930486482232e+29,6926.0,0.0,0.0,2.004,2.004,0.0,0.0,0.0,0.0,69,-0.0,0.0,0.0,0.0,0.0,0.0,0.0,0.0,0.0,0,0,0,0.0,0.0,0.0,0.0,0.0,0.0,0.0,0.0,0.0,0.0,0.0,0.0,0.0,0.0,0.0,0.0,0,-107875648.0,69,0.0,138,0.0,2.012,ERR,ERR,ERR,ERR,ERR,ERR,ERR,ERR,ERR,ERR,ERR,ERR,ERR,ERR,ERR,ERR,ERR,ERR,ERR,ERR,ERR,ERR,ERR,ERR,ERR,ERR,ERR,ERR,ERR,ERR,ERR,ERR,ERR,ERR,ERR,ERR,ERR,ERR,ERR,ERR,ERR,ERR,ERR,ERR,ERR,ERR,ERR,ERR,ERR,ERR,ERR,ERR,ERR,ERR,ERR,ERR,ERR,ERR,ERR,ERR,ERR,ERR,ERR,ERR,ERR,ERR,ERR,60.0,60.0,35,0.0,0.0,0.0,0.0,0.0,0.0,0.0,0.0,0.0,0.0,0.0,0.0,0.0,0.0,0.0,0.0,64.8,0,118,57,44,65476,0,65476,1,4,4,20529,65476,0,0,2621,60.0,0.0,0.0,0.0,0.0,0.0
2026-07-09T15:42:27,ERR,ERR,ERR,ERR,ERR,ERR,ERR,ERR,ERR,ERR,ERR,ERR,ERR,ERR,ERR,ERR,ERR,ERR,ERR,ERR,ERR,ERR,ERR,ERR,ERR,ERR,ERR,ERR,ERR,ERR,ERR,ERR,ERR,ERR,ERR,ERR,ERR,ERR,ERR,ERR,ERR,ERR,ERR,ERR,ERR,ERR,ERR,ERR,ERR,ERR,ERR,ERR,ERR,ERR,ERR,ERR,ERR,ERR,ERR,ERR,ERR,ERR,ERR,ERR,ERR,ERR,ERR,ERR,ERR,ERR,ERR,ERR,ERR,ERR,ERR,ERR,ERR,ERR,ERR,ERR,ERR,ERR,ERR,ERR,ERR,ERR,ERR,ERR,ERR,ERR,ERR,ERR,ERR,ERR,ERR,ERR,ERR,ERR,ERR,ERR,ERR,ERR,ERR,ERR,ERR,ERR,ERR,ERR,ERR,ERR,ERR,ERR,ERR,ERR,ERR,ERR,ERR,ERR,ERR,ERR,ERR,ERR,ERR,ERR,ERR,0.0,0.0,2.7184238959725983e+23,2.7183478752108883e+23,-7.7154254181425185e+25,-4.888563318136002e+31,-95260948561920.0,0.0,0,0,4,17332,7116,0.0,100,0.0,0.0,2.7183478752108883e+23,0.0,0.0,0,0,0,0,0.0,0,0,0,0,0,0,0,0,0,0,0,0,0,0,0,0,0,0,0,0,0,0,0,0,0,0,0,0,0,0,0,0,0,31,40,40,71,65476,0,300,0,0,8,21553,0.0,-107605600.0,0.0,0.0,0.0,0.0,0.0,0.0,0.0,0.0,0.0,0.0,0.0,0.0,0.0,0.0,0.0,0.0,0.0,0.0,0.0,0.0,0.0,-3.6970700251968045e+19,0.0,0.0,0.0,0.0,0.0,0.0,5185.0,1.587930486482232e+29,6926.0,0.0,0.0,2.004,2.004,0.0,0.0,0.0,0.0,69,-0.0,0.0,0.0,0.0,0.0,0.0,0.0,0.0,0.0,0,0,0,0.0,0.0,0.0,0.0,0.0,0.0,0.0,0.0,0.0,0.0,0.0,0.0,0.0,0.0,0.0,0.0,0,-107875648.0,69,0.0,138,0.0,2.012,ERR,ERR,ERR,ERR,ERR,ERR,ERR,ERR,ERR,ERR,ERR,ERR,ERR,ERR,ERR,ERR,ERR,ERR,ERR,ERR,ERR,ERR,ERR,ERR,ERR,ERR,ERR,ERR,ERR,ERR,ERR,ERR,ERR,ERR,ERR,ERR,ERR,ERR,ERR,ERR,ERR,ERR,ERR,ERR,ERR,ERR,ERR,ERR,ERR,ERR,ERR,ERR,ERR,ERR,ERR,ERR,ERR,ERR,ERR,ERR,ERR,ERR,ERR,ERR,ERR,ERR,ERR,60.0,60.0,35,0.0,0.0,0.0,0.0,0.0,0.0,0.0,0.0,0.0,0.0,0.0,0.0,0.0,0.0,0.0,0.0,64.8,0,118,57,44,65476,0,65476,1,4,4,20529,65476,0,0,2621,60.0,0.0,0.0,0.0,0.0,0.0
2026-07-09T15:42:28,ERR,ERR,ERR,ERR,ERR,ERR,ERR,ERR,ERR,ERR,ERR,ERR,ERR,ERR,ERR,ERR,ERR,ERR,ERR,ERR,ERR,ERR,ERR,ERR,ERR,ERR,ERR,ERR,ERR,ERR,ERR,ERR,ERR,ERR,ERR,ERR,ERR,ERR,ERR,ERR,ERR,ERR,ERR,ERR,ERR,ERR,ERR,ERR,ERR,ERR,ERR,ERR,ERR,ERR,ERR,ERR,ERR,ERR,ERR,ERR,ERR,ERR,ERR,ERR,ERR,ERR,ERR,ERR,ERR,ERR,ERR,ERR,ERR,ERR,ERR,ERR,ERR,ERR,ERR,ERR,ERR,ERR,ERR,ERR,ERR,ERR,ERR,ERR,ERR,ERR,ERR,ERR,ERR,ERR,ERR,ERR,ERR,ERR,ERR,ERR,ERR,ERR,ERR,ERR,ERR,ERR,ERR,ERR,ERR,ERR,ERR,ERR,ERR,ERR,ERR,ERR,ERR,ERR,ERR,ERR,ERR,ERR,ERR,ERR,ERR,2.7184246165485387e+23,0.0,0.0,2.7183478752108883e+23,-0.0,0.0,0.0,-0.0,0,0,4,17334,7116,0.0,100,0.0,0.0,2.7183478752108883e+23,0.0,0.0,0,0,0,0,0.0,0,0,0,0,0,0,0,0,0,0,0,0,0,0,0,0,0,0,0,0,0,0,0,0,0,0,0,0,0,0,0,0,0,31,40,40,71,65476,0,300,0,0,8,21553,0.0,-107605600.0,0.0,0.0,0.0,0.0,0.0,0.0,0.0,0.0,0.0,0.0,0.0,0.0,0.0,0.0,0.0,0.0,0.0,0.0,0.0,0.0,0.0,-3.6970700251968045e+19,0.0,0.0,0.0,0.0,0.0,0.0,5195.0,1.587930486482232e+29,6920.0,2.7184246165485387e+23,0.0,2.004,2.004,0.0,0.0,0.0,0.0,69,-0.0,-0.0,0.0,0.0,0.0,0.0,0.0,0.0,0.0,0,0,0,0.0,0.0,0.0,0.0,0.0,0.0,0.0,0.0,0.0,0.0,0.0,0.0,0.0,0.0,0.0,0.0,0,-107875648.0,69,0.0,138,0.0,2.012,ERR,ERR,ERR,ERR,ERR,ERR,ERR,ERR,ERR,ERR,ERR,ERR,ERR,ERR,ERR,ERR,ERR,ERR,ERR,ERR,ERR,ERR,ERR,ERR,ERR,ERR,ERR,ERR,ERR,ERR,ERR,ERR,ERR,ERR,ERR,ERR,ERR,ERR,ERR,ERR,ERR,ERR,ERR,ERR,ERR,ERR,ERR,ERR,ERR,ERR,ERR,ERR,ERR,ERR,ERR,ERR,ERR,ERR,ERR,ERR,ERR,ERR,ERR,ERR,ERR,ERR,ERR,60.0,60.0,35,0.0,0.0,0.0,0.0,0.0,0.0,0.0,0.0,0.0,0.0,0.0,0.0,0.0,0.0,0.0,0.0,64.8,0,118,57,44,65476,0,65476,1,4,4,20529,65476,0,0,2621,60.0,0.0,0.0,0.0,0.0,0.0
2026-07-09T15:42:29,ERR,ERR,ERR,ERR,ERR,ERR,ERR,ERR,ERR,ERR,ERR,ERR,ERR,ERR,ERR,ERR,ERR,ERR,ERR,ERR,ERR,ERR,ERR,ERR,ERR,ERR,ERR,ERR,ERR,ERR,ERR,ERR,ERR,ERR,ERR,ERR,ERR,ERR,ERR,ERR,ERR,ERR,ERR,ERR,ERR,ERR,ERR,ERR,ERR,ERR,ERR,ERR,ERR,ERR,ERR,ERR,ERR,ERR,ERR,ERR,ERR,ERR,ERR,ERR,ERR,ERR,ERR,ERR,ERR,ERR,ERR,ERR,ERR,ERR,ERR,ERR,ERR,ERR,ERR,ERR,ERR,ERR,ERR,ERR,ERR,ERR,ERR,ERR,ERR,ERR,ERR,ERR,ERR,ERR,ERR,ERR,ERR,ERR,ERR,ERR,ERR,ERR,ERR,ERR,ERR,ERR,ERR,ERR,ERR,ERR,ERR,ERR,ERR,ERR,ERR,ERR,ERR,ERR,ERR,ERR,ERR,ERR,ERR,ERR,ERR,2.7184246165485387e+23,0.0,0.0,2.7183478752108883e+23,-0.0,0.0,0.0,-0.0,0,0,4,17334,7116,0.0,100,0.0,0.0,2.7183478752108883e+23,0.0,0.0,0,0,0,0,0.0,0,0,0,0,0,0,0,0,0,0,0,0,0,0,0,0,0,0,0,0,0,0,0,0,0,0,0,0,0,0,0,0,0,31,40,40,71,65476,0,300,0,0,8,21553,0.0,-107605600.0,0.0,0.0,0.0,0.0,0.0,0.0,0.0,0.0,0.0,0.0,0.0,0.0,0.0,0.0,0.0,0.0,0.0,0.0,0.0,0.0,0.0,-3.6970700251968045e+19,0.0,0.0,0.0,0.0,0.0,0.0,5195.0,1.587930486482232e+29,6920.0,2.7184246165485387e+23,0.0,2.004,2.004,0.0,0.0,0.0,0.0,69,-0.0,-0.0,0.0,0.0,0.0,0.0,0.0,0.0,0.0,0,0,0,0.0,0.0,0.0,0.0,0.0,0.0,0.0,0.0,0.0,0.0,0.0,0.0,0.0,0.0,0.0,0.0,0,-107875648.0,69,0.0,138,0.0,2.012,ERR,ERR,ERR,ERR,ERR,ERR,ERR,ERR,ERR,ERR,ERR,ERR,ERR,ERR,ERR,ERR,ERR,ERR,ERR,ERR,ERR,ERR,ERR,ERR,ERR,ERR,ERR,ERR,ERR,ERR,ERR,ERR,ERR,ERR,ERR,ERR,ERR,ERR,ERR,ERR,ERR,ERR,ERR,ERR,ERR,ERR,ERR,ERR,ERR,ERR,ERR,ERR,ERR,ERR,ERR,ERR,ERR,ERR,ERR,ERR,ERR,ERR,ERR,ERR,ERR,ERR,ERR,60.0,60.0,35,0.0,0.0,0.0,0.0,0.0,0.0,0.0,0.0,0.0,0.0,0.0,0.0,0.0,0.0,0.0,0.0,65.2,0,118,57,44,65476,0,65476,1,4,4,20529,65476,0,0,2621,60.0,0.0,0.0,0.0,0.0,0.0
2026-07-09T15:42:30,ERR,ERR,ERR,ERR,ERR,ERR,ERR,ERR,ERR,ERR,ERR,ERR,ERR,ERR,ERR,ERR,ERR,ERR,ERR,ERR,ERR,ERR,ERR,ERR,ERR,ERR,ERR,ERR,ERR,ERR,ERR,ERR,ERR,ERR,ERR,ERR,ERR,ERR,ERR,ERR,ERR,ERR,ERR,ERR,ERR,ERR,ERR,ERR,ERR,ERR,ERR,ERR,ERR,ERR,ERR,ERR,ERR,ERR,ERR,ERR,ERR,ERR,ERR,ERR,ERR,ERR,ERR,ERR,ERR,ERR,ERR,ERR,ERR,ERR,ERR,ERR,ERR,ERR,ERR,ERR,ERR,ERR,ERR,ERR,ERR,ERR,ERR,ERR,ERR,ERR,ERR,ERR,ERR,ERR,ERR,ERR,ERR,ERR,ERR,ERR,ERR,ERR,ERR,ERR,ERR,ERR,ERR,ERR,ERR,ERR,ERR,ERR,ERR,ERR,ERR,ERR,ERR,ERR,ERR,ERR,ERR,ERR,ERR,ERR,ERR,2.7184246165485387e+23,0.0,0.0,2.7183478752108883e+23,-0.0,0.0,0.0,-0.0,0,0,4,17334,7116,0.0,100,0.0,0.0,2.7183478752108883e+23,0.0,0.0,0,0,0,0,0.0,0,0,0,0,0,0,0,0,0,0,0,0,0,0,0,0,0,0,0,0,0,0,0,0,0,0,0,0,0,0,0,0,0,31,40,40,71,65476,0,300,0,0,8,21553,0.0,-107605600.0,0.0,0.0,0.0,0.0,0.0,0.0,0.0,0.0,0.0,0.0,0.0,0.0,0.0,0.0,0.0,0.0,0.0,0.0,0.0,0.0,0.0,-3.6970700251968045e+19,0.0,0.0,0.0,0.0,0.0,0.0,5195.0,1.587930486482232e+29,6920.0,2.7184246165485387e+23,0.0,2.004,2.004,0.0,0.0,0.0,0.0,69,-0.0,-0.0,0.0,0.0,0.0,0.0,0.0,0.0,0.0,0,0,0,0.0,0.0,0.0,0.0,0.0,0.0,0.0,0.0,0.0,0.0,0.0,0.0,0.0,0.0,0.0,0.0,0,-107875648.0,69,0.0,138,0.0,2.012,ERR,ERR,ERR,ERR,ERR,ERR,ERR,ERR,ERR,ERR,ERR,ERR,ERR,ERR,ERR,ERR,ERR,ERR,ERR,ERR,ERR,ERR,ERR,ERR,ERR,ERR,ERR,ERR,ERR,ERR,ERR,ERR,ERR,ERR,ERR,ERR,ERR,ERR,ERR,ERR,ERR,ERR,ERR,ERR,ERR,ERR,ERR,ERR,ERR,ERR,ERR,ERR,ERR,ERR,ERR,ERR,ERR,ERR,ERR,ERR,ERR,ERR,ERR,ERR,ERR,ERR,ERR,60.0,60.0,35,0.0,0.0,0.0,0.0,0.0,0.0,0.0,0.0,0.0,0.0,0.0,0.0,0.0,0.0,0.0,0.0,64.8,0,117,57,43,65476,0,65476,1,4,4,20529,65476,0,0,2621,60.0,0.0,0.0,0.0,0.0,0.0
2026-07-09T15:42:31,ERR,ERR,ERR,ERR,ERR,ERR,ERR,ERR,ERR,ERR,ERR,ERR,ERR,ERR,ERR,ERR,ERR,ERR,ERR,ERR,ERR,ERR,ERR,ERR,ERR,ERR,ERR,ERR,ERR,ERR,ERR,ERR,ERR,ERR,ERR,ERR,ERR,ERR,ERR,ERR,ERR,ERR,ERR,ERR,ERR,ERR,ERR,ERR,ERR,ERR,ERR,ERR,ERR,ERR,ERR,ERR,ERR,ERR,ERR,ERR,ERR,ERR,ERR,ERR,ERR,ERR,ERR,ERR,ERR,ERR,ERR,ERR,ERR,ERR,ERR,ERR,ERR,ERR,ERR,ERR,ERR,ERR,ERR,ERR,ERR,ERR,ERR,ERR,ERR,ERR,ERR,ERR,ERR,ERR,ERR,ERR,ERR,ERR,ERR,ERR,ERR,ERR,ERR,ERR,ERR,ERR,ERR,ERR,ERR,ERR,ERR,ERR,ERR,ERR,ERR,ERR,ERR,ERR,ERR,ERR,ERR,ERR,ERR,ERR,ERR,2.7184246165485387e+23,0.0,0.0,2.7183478752108883e+23,-0.0,0.0,0.0,-0.0,0,0,4,17334,7116,0.0,100,0.0,0.0,2.7183478752108883e+23,0.0,0.0,0,0,0,0,0.0,0,0,0,0,0,0,0,0,0,0,0,0,0,0,0,0,0,0,0,0,0,0,0,0,0,0,0,0,0,0,0,0,0,31,40,40,71,65476,0,300,0,0,8,21553,0.0,-107605600.0,0.0,0.0,0.0,0.0,0.0,0.0,0.0,0.0,0.0,0.0,0.0,0.0,0.0,0.0,0.0,0.0,0.0,0.0,0.0,0.0,0.0,-3.6970700251968045e+19,0.0,0.0,0.0,0.0,0.0,0.0,5195.0,1.587930486482232e+29,6920.0,2.7184246165485387e+23,0.0,2.004,2.004,0.0,0.0,0.0,0.0,69,-0.0,-0.0,0.0,0.0,0.0,0.0,0.0,0.0,0.0,0,0,0,0.0,0.0,0.0,0.0,0.0,0.0,0.0,0.0,0.0,0.0,0.0,0.0,0.0,0.0,0.0,0.0,0,-107875648.0,69,0.0,138,0.0,2.012,ERR,ERR,ERR,ERR,ERR,ERR,ERR,ERR,ERR,ERR,ERR,ERR,ERR,ERR,ERR,ERR,ERR,ERR,ERR,ERR,ERR,ERR,ERR,ERR,ERR,ERR,ERR,ERR,ERR,ERR,ERR,ERR,ERR,ERR,ERR,ERR,ERR,ERR,ERR,ERR,ERR,ERR,ERR,ERR,ERR,ERR,ERR,ERR,ERR,ERR,ERR,ERR,ERR,ERR,ERR,ERR,ERR,ERR,ERR,ERR,ERR,ERR,ERR,ERR,ERR,ERR,ERR,60.0,60.0,35,0.0,0.0,0.0,0.0,0.0,0.0,0.0,0.0,0.0,0.0,0.0,0.0,0.0,0.0,0.0,0.0,64.8,0,117,57,43,65476,0,65476,1,4,4,20529,65476,0,0,2621,60.0,0.0,0.0,0.0,0.0,0.0
2026-07-09T15:42:32,ERR,ERR,ERR,ERR,ERR,ERR,ERR,ERR,ERR,ERR,ERR,ERR,ERR,ERR,ERR,ERR,ERR,ERR,ERR,ERR,ERR,ERR,ERR,ERR,ERR,ERR,ERR,ERR,ERR,ERR,ERR,ERR,ERR,ERR,ERR,ERR,ERR,ERR,ERR,ERR,ERR,ERR,ERR,ERR,ERR,ERR,ERR,ERR,ERR,ERR,ERR,ERR,ERR,ERR,ERR,ERR,ERR,ERR,ERR,ERR,ERR,ERR,ERR,ERR,ERR,ERR,ERR,ERR,ERR,ERR,ERR,ERR,ERR,ERR,ERR,ERR,ERR,ERR,ERR,ERR,ERR,ERR,ERR,ERR,ERR,ERR,ERR,ERR,ERR,ERR,ERR,ERR,ERR,ERR,ERR,ERR,ERR,ERR,ERR,ERR,ERR,ERR,ERR,ERR,ERR,ERR,ERR,ERR,ERR,ERR,ERR,ERR,ERR,ERR,ERR,ERR,ERR,ERR,ERR,ERR,ERR,ERR,ERR,ERR,ERR,2.7184246165485387e+23,0.0,0.0,2.7183478752108883e+23,-0.0,0.0,0.0,-0.0,0,0,4,17334,7116,0.0,100,0.0,0.0,2.7183478752108883e+23,0.0,0.0,0,0,0,0,0.0,0,0,0,0,0,0,0,0,0,0,0,0,0,0,0,0,0,0,0,0,0,0,0,0,0,0,0,0,0,0,0,0,0,31,40,40,71,65476,0,300,0,0,8,21553,0.0,-107605600.0,0.0,0.0,0.0,0.0,0.0,0.0,0.0,0.0,0.0,0.0,0.0,0.0,0.0,0.0,0.0,0.0,0.0,0.0,0.0,0.0,0.0,-3.6970700251968045e+19,0.0,0.0,0.0,0.0,0.0,0.0,5195.0,1.587930486482232e+29,6920.0,2.7184246165485387e+23,0.0,2.004,2.004,0.0,0.0,0.0,0.0,69,-0.0,-0.0,0.0,0.0,0.0,0.0,0.0,0.0,0.0,0,0,0,0.0,0.0,0.0,0.0,0.0,0.0,0.0,0.0,0.0,0.0,0.0,0.0,0.0,0.0,0.0,0.0,0,-107875648.0,69,0.0,138,0.0,2.012,ERR,ERR,ERR,ERR,ERR,ERR,ERR,ERR,ERR,ERR,ERR,ERR,ERR,ERR,ERR,ERR,ERR,ERR,ERR,ERR,ERR,ERR,ERR,ERR,ERR,ERR,ERR,ERR,ERR,ERR,ERR,ERR,ERR,ERR,ERR,ERR,ERR,ERR,ERR,ERR,ERR,ERR,ERR,ERR,ERR,ERR,ERR,ERR,ERR,ERR,ERR,ERR,ERR,ERR,ERR,ERR,ERR,ERR,ERR,ERR,ERR,ERR,ERR,ERR,ERR,ERR,ERR,60.0,60.0,35,0.0,0.0,0.0,0.0,0.0,0.0,0.0,0.0,0.0,0.0,0.0,0.0,0.0,0.0,0.0,0.0,64.8,0,117,57,43,65476,0,65476,1,4,4,20529,65476,0,0,2621,60.0,0.0,0.0,0.0,0.0,0.0
2026-07-09T15:42:33,ERR,ERR,ERR,ERR,ERR,ERR,ERR,ERR,ERR,ERR,ERR,ERR,ERR,ERR,ERR,ERR,ERR,ERR,ERR,ERR,ERR,ERR,ERR,ERR,ERR,ERR,ERR,ERR,ERR,ERR,ERR,ERR,ERR,ERR,ERR,ERR,ERR,ERR,ERR,ERR,ERR,ERR,ERR,ERR,ERR,ERR,ERR,ERR,ERR,ERR,ERR,ERR,ERR,ERR,ERR,ERR,ERR,ERR,ERR,ERR,ERR,ERR,ERR,ERR,ERR,ERR,ERR,ERR,ERR,ERR,ERR,ERR,ERR,ERR,ERR,ERR,ERR,ERR,ERR,ERR,ERR,ERR,ERR,ERR,ERR,ERR,ERR,ERR,ERR,ERR,ERR,ERR,ERR,ERR,ERR,ERR,ERR,ERR,ERR,ERR,ERR,ERR,ERR,ERR,ERR,ERR,ERR,ERR,ERR,ERR,ERR,ERR,ERR,ERR,ERR,ERR,ERR,ERR,ERR,ERR,ERR,ERR,ERR,ERR,ERR,2.7184246165485387e+23,2.7184473146906606e+23,2.7184238959725983e+23,2.7183478752108883e+23,-7.7154254181425185e+25,0.552,1196394676224.0,-0.0,0,0,4,17332,7116,0.0,100,0.0,0.0,0.0,0.0,0.0,0,0,0,0,0.0,0,0,0,0,0,0,0,0,0,0,0,0,0,0,0,0,0,0,0,0,0,0,0,0,0,0,0,0,0,0,0,0,0,31,40,40,71,65476,0,300,0,0,8,21553,0.0,-107605600.0,0.0,0.0,0.0,0.0,0.0,0.0,0.0,0.0,0.0,0.0,0.0,0.0,0.0,0.0,0.0,0.0,0.0,0.0,0.0,0.0,2.004,0.0,0.0,0.0,0.0,0.0,0.0,0.0,5206.0,0.0,6915.0,2.7184246165485387e+23,-0.0,2.004,2.004,0.0,0.0,0.0,0.0,69,-107615160.0,1.9056871253580186e+17,0.0,0.0,0.0,0.0,0.0,0.0,0.0,0,0,0,0.0,0.0,0.0,0.0,0.0,0.0,0.0,0.0,0.0,0.0,0.0,0.0,0.0,0.0,0.0,0.0,0,-107875648.0,69,0.0,138,0.0,2.012,ERR,ERR,ERR,ERR,ERR,ERR,ERR,ERR,ERR,ERR,ERR,ERR,ERR,ERR,ERR,ERR,ERR,ERR,ERR,ERR,ERR,ERR,ERR,ERR,ERR,ERR,ERR,ERR,ERR,ERR,ERR,ERR,ERR,ERR,ERR,ERR,ERR,ERR,ERR,ERR,ERR,ERR,ERR,ERR,ERR,ERR,ERR,ERR,ERR,ERR,ERR,ERR,ERR,ERR,ERR,ERR,ERR,ERR,ERR,ERR,ERR,ERR,ERR,ERR,ERR,ERR,ERR,60.0,60.0,35,0.0,0.0,0.0,0.0,0.0,0.0,0.0,0.0,0.0,0.0,0.0,0.0,0.0,0.0,0.0,0.0,64.8,0,117,57,43,65476,0,65476,1,4,4,20529,65476,0,0,2621,60.0,0.0,0.0,0.0,0.0,0.0
2026-07-09T15:42:34,ERR,ERR,ERR,ERR,ERR,ERR,ERR,ERR,ERR,ERR,ERR,ERR,ERR,ERR,ERR,ERR,ERR,ERR,ERR,ERR,ERR,ERR,ERR,ERR,ERR,ERR,ERR,ERR,ERR,ERR,ERR,ERR,ERR,ERR,ERR,ERR,ERR,ERR,ERR,ERR,ERR,ERR,ERR,ERR,ERR,ERR,ERR,ERR,ERR,ERR,ERR,ERR,ERR,ERR,ERR,ERR,ERR,ERR,ERR,ERR,ERR,ERR,ERR,ERR,ERR,ERR,ERR,ERR,ERR,ERR,ERR,ERR,ERR,ERR,ERR,ERR,ERR,ERR,ERR,ERR,ERR,ERR,ERR,ERR,ERR,ERR,ERR,ERR,ERR,ERR,ERR,ERR,ERR,ERR,ERR,ERR,ERR,ERR,ERR,ERR,ERR,ERR,ERR,ERR,ERR,ERR,ERR,ERR,ERR,ERR,ERR,ERR,ERR,ERR,ERR,ERR,ERR,ERR,ERR,ERR,ERR,ERR,ERR,ERR,ERR,2.7184246165485387e+23,2.7184473146906606e+23,2.7184238959725983e+23,2.7183478752108883e+23,-7.7154254181425185e+25,0.552,1196394676224.0,-0.0,0,0,4,17332,7116,0.0,100,0.0,0.0,0.0,0.0,0.0,0,0,0,0,0.0,0,0,0,0,0,0,0,0,0,0,0,0,0,0,0,0,0,0,0,0,0,0,0,0,0,0,0,0,0,0,0,0,0,31,40,40,71,65476,0,300,0,0,8,21553,0.0,-107605600.0,0.0,0.0,0.0,0.0,0.0,0.0,0.0,0.0,0.0,0.0,0.0,0.0,0.0,0.0,0.0,0.0,0.0,0.0,0.0,0.0,2.004,0.0,0.0,0.0,0.0,0.0,0.0,0.0,5206.0,0.0,6915.0,2.7184246165485387e+23,-0.0,2.004,2.004,0.0,0.0,0.0,0.0,69,-107615160.0,1.9056871253580186e+17,0.0,0.0,0.0,0.0,0.0,0.0,0.0,0,0,0,0.0,0.0,0.0,0.0,0.0,0.0,0.0,0.0,0.0,0.0,0.0,0.0,0.0,0.0,0.0,0.0,0,-107875648.0,69,0.0,138,0.0,2.012,ERR,ERR,ERR,ERR,ERR,ERR,ERR,ERR,ERR,ERR,ERR,ERR,ERR,ERR,ERR,ERR,ERR,ERR,ERR,ERR,ERR,ERR,ERR,ERR,ERR,ERR,ERR,ERR,ERR,ERR,ERR,ERR,ERR,ERR,ERR,ERR,ERR,ERR,ERR,ERR,ERR,ERR,ERR,ERR,ERR,ERR,ERR,ERR,ERR,ERR,ERR,ERR,ERR,ERR,ERR,ERR,ERR,ERR,ERR,ERR,ERR,ERR,ERR,ERR,ERR,ERR,ERR,60.0,60.0,35,0.0,0.0,0.0,0.0,0.0,0.0,0.0,0.0,0.0,0.0,0.0,0.0,0.0,0.0,0.0,0.0,64.8,0,117,57,43,65476,0,65476,1,4,4,20529,65476,0,0,2621,60.0,0.0,0.0,0.0,0.0,0.0
2026-07-09T15:42:35,ERR,ERR,ERR,ERR,ERR,ERR,ERR,ERR,ERR,ERR,ERR,ERR,ERR,ERR,ERR,ERR,ERR,ERR,ERR,ERR,ERR,ERR,ERR,ERR,ERR,ERR,ERR,ERR,ERR,ERR,ERR,ERR,ERR,ERR,ERR,ERR,ERR,ERR,ERR,ERR,ERR,ERR,ERR,ERR,ERR,ERR,ERR,ERR,ERR,ERR,ERR,ERR,ERR,ERR,ERR,ERR,ERR,ERR,ERR,ERR,ERR,ERR,ERR,ERR,ERR,ERR,ERR,ERR,ERR,ERR,ERR,ERR,ERR,ERR,ERR,ERR,ERR,ERR,ERR,ERR,ERR,ERR,ERR,ERR,ERR,ERR,ERR,ERR,ERR,ERR,ERR,ERR,ERR,ERR,ERR,ERR,ERR,ERR,ERR,ERR,ERR,ERR,ERR,ERR,ERR,ERR,ERR,ERR,ERR,ERR,ERR,ERR,ERR,ERR,ERR,ERR,ERR,ERR,ERR,ERR,ERR,ERR,ERR,ERR,ERR,2.7184246165485387e+23,2.7184473146906606e+23,2.7184238959725983e+23,2.7183478752108883e+23,-7.7154254181425185e+25,0.552,1196394676224.0,-0.0,0,0,4,17332,7116,0.0,100,0.0,0.0,0.0,0.0,0.0,0,0,0,0,0.0,0,0,0,0,0,0,0,0,0,0,0,0,0,0,0,0,0,0,0,0,0,0,0,0,0,0,0,0,0,0,0,0,0,31,40,40,71,65476,0,300,0,0,8,21553,0.0,-107605600.0,0.0,0.0,0.0,0.0,0.0,0.0,0.0,0.0,0.0,0.0,0.0,0.0,0.0,0.0,0.0,0.0,0.0,0.0,0.0,0.0,2.004,0.0,0.0,0.0,0.0,0.0,0.0,0.0,5206.0,0.0,6915.0,2.7184246165485387e+23,-0.0,2.004,2.004,0.0,0.0,0.0,0.0,69,-107615160.0,1.9056871253580186e+17,0.0,0.0,0.0,0.0,0.0,0.0,0.0,0,0,0,0.0,0.0,0.0,0.0,0.0,0.0,0.0,0.0,0.0,0.0,0.0,0.0,0.0,0.0,0.0,0.0,0,-107875648.0,69,0.0,138,0.0,2.012,ERR,ERR,ERR,ERR,ERR,ERR,ERR,ERR,ERR,ERR,ERR,ERR,ERR,ERR,ERR,ERR,ERR,ERR,ERR,ERR,ERR,ERR,ERR,ERR,ERR,ERR,ERR,ERR,ERR,ERR,ERR,ERR,ERR,ERR,ERR,ERR,ERR,ERR,ERR,ERR,ERR,ERR,ERR,ERR,ERR,ERR,ERR,ERR,ERR,ERR,ERR,ERR,ERR,ERR,ERR,ERR,ERR,ERR,ERR,ERR,ERR,ERR,ERR,ERR,ERR,ERR,ERR,60.0,60.0,35,0.0,0.0,0.0,0.0,0.0,0.0,0.0,0.0,0.0,0.0,0.0,0.0,0.0,0.0,0.0,0.0,64.8,0,117,57,43,65476,0,65476,1,4,4,20529,65476,0,0,2621,60.0,0.0,0.0,0.0,0.0,0.0
2026-07-09T15:42:36,ERR,ERR,ERR,ERR,ERR,ERR,ERR,ERR,ERR,ERR,ERR,ERR,ERR,ERR,ERR,ERR,ERR,ERR,ERR,ERR,ERR,ERR,ERR,ERR,ERR,ERR,ERR,ERR,ERR,ERR,ERR,ERR,ERR,ERR,ERR,ERR,ERR,ERR,ERR,ERR,ERR,ERR,ERR,ERR,ERR,ERR,ERR,ERR,ERR,ERR,ERR,ERR,ERR,ERR,ERR,ERR,ERR,ERR,ERR,ERR,ERR,ERR,ERR,ERR,ERR,ERR,ERR,ERR,ERR,ERR,ERR,ERR,ERR,ERR,ERR,ERR,ERR,ERR,ERR,ERR,ERR,ERR,ERR,ERR,ERR,ERR,ERR,ERR,ERR,ERR,ERR,ERR,ERR,ERR,ERR,ERR,ERR,ERR,ERR,ERR,ERR,ERR,ERR,ERR,ERR,ERR,ERR,ERR,ERR,ERR,ERR,ERR,ERR,ERR,ERR,ERR,ERR,ERR,ERR,ERR,ERR,ERR,ERR,ERR,ERR,2.7184246165485387e+23,2.7184473146906606e+23,2.7184238959725983e+23,2.7183478752108883e+23,-7.7154254181425185e+25,0.552,1196394676224.0,-0.0,0,0,4,17332,7116,0.0,100,0.0,0.0,0.0,0.0,0.0,0,0,0,0,0.0,0,0,0,0,0,0,0,0,0,0,0,0,0,0,0,0,0,0,0,0,0,0,0,0,0,0,0,0,0,0,0,0,0,31,40,40,71,65476,0,300,0,0,8,21553,0.0,-107605600.0,0.0,0.0,0.0,0.0,0.0,0.0,0.0,0.0,0.0,0.0,0.0,0.0,0.0,0.0,0.0,0.0,0.0,0.0,0.0,0.0,2.004,0.0,0.0,0.0,0.0,0.0,0.0,0.0,5206.0,0.0,6915.0,2.7184246165485387e+23,-0.0,2.004,2.004,0.0,0.0,0.0,0.0,69,-107615160.0,1.9056871253580186e+17,0.0,0.0,0.0,0.0,0.0,0.0,0.0,0,0,0,0.0,0.0,0.0,0.0,0.0,0.0,0.0,0.0,0.0,0.0,0.0,0.0,0.0,0.0,0.0,0.0,0,-107875648.0,69,0.0,138,0.0,2.012,ERR,ERR,ERR,ERR,ERR,ERR,ERR,ERR,ERR,ERR,ERR,ERR,ERR,ERR,ERR,ERR,ERR,ERR,ERR,ERR,ERR,ERR,ERR,ERR,ERR,ERR,ERR,ERR,ERR,ERR,ERR,ERR,ERR,ERR,ERR,ERR,ERR,ERR,ERR,ERR,ERR,ERR,ERR,ERR,ERR,ERR,ERR,ERR,ERR,ERR,ERR,ERR,ERR,ERR,ERR,ERR,ERR,ERR,ERR,ERR,ERR,ERR,ERR,ERR,ERR,ERR,ERR,60.0,60.0,35,0.0,0.0,0.0,0.0,0.0,0.0,0.0,0.0,0.0,0.0,0.0,0.0,0.0,0.0,0.0,0.0,64.8,0,117,57,43,65476,0,65476,1,4,4,20529,65476,0,0,2621,60.0,0.0,0.0,0.0,0.0,0.0
2026-07-09T15:42:37,ERR,ERR,ERR,ERR,ERR,ERR,ERR,ERR,ERR,ERR,ERR,ERR,ERR,ERR,ERR,ERR,ERR,ERR,ERR,ERR,ERR,ERR,ERR,ERR,ERR,ERR,ERR,ERR,ERR,ERR,ERR,ERR,ERR,ERR,ERR,ERR,ERR,ERR,ERR,ERR,ERR,ERR,ERR,ERR,ERR,ERR,ERR,ERR,ERR,ERR,ERR,ERR,ERR,ERR,ERR,ERR,ERR,ERR,ERR,ERR,ERR,ERR,ERR,ERR,ERR,ERR,ERR,ERR,ERR,ERR,ERR,ERR,ERR,ERR,ERR,ERR,ERR,ERR,ERR,ERR,ERR,ERR,ERR,ERR,ERR,ERR,ERR,ERR,ERR,ERR,ERR,ERR,ERR,ERR,ERR,ERR,ERR,ERR,ERR,ERR,ERR,ERR,ERR,ERR,ERR,ERR,ERR,ERR,ERR,ERR,ERR,ERR,ERR,ERR,ERR,ERR,ERR,ERR,ERR,ERR,ERR,ERR,ERR,ERR,ERR,2.7184246165485387e+23,2.7184473146906606e+23,2.7184238959725983e+23,2.7183478752108883e+23,-7.7154254181425185e+25,0.552,1196394676224.0,-0.0,0,0,4,17332,7116,0.0,100,0.0,0.0,0.0,0.0,0.0,0,0,0,0,0.0,0,0,0,0,0,0,0,0,0,0,0,0,0,0,0,0,0,0,0,0,0,0,0,0,0,0,0,0,0,0,0,0,0,31,40,40,71,65476,0,300,0,0,8,21553,0.0,-107605600.0,0.0,0.0,0.0,0.0,0.0,0.0,0.0,0.0,0.0,0.0,0.0,0.0,0.0,0.0,0.0,0.0,0.0,0.0,0.0,0.0,2.004,0.0,0.0,0.0,0.0,0.0,0.0,0.0,5206.0,0.0,6915.0,2.7184246165485387e+23,-0.0,2.004,2.004,0.0,0.0,0.0,0.0,69,-107615160.0,1.9056871253580186e+17,0.0,0.0,0.0,0.0,0.0,0.0,0.0,0,0,0,0.0,0.0,0.0,0.0,0.0,0.0,0.0,0.0,0.0,0.0,0.0,0.0,0.0,0.0,0.0,0.0,0,-107875648.0,69,0.0,138,0.0,2.012,ERR,ERR,ERR,ERR,ERR,ERR,ERR,ERR,ERR,ERR,ERR,ERR,ERR,ERR,ERR,ERR,ERR,ERR,ERR,ERR,ERR,ERR,ERR,ERR,ERR,ERR,ERR,ERR,ERR,ERR,ERR,ERR,ERR,ERR,ERR,ERR,ERR,ERR,ERR,ERR,ERR,ERR,ERR,ERR,ERR,ERR,ERR,ERR,ERR,ERR,ERR,ERR,ERR,ERR,ERR,ERR,ERR,ERR,ERR,ERR,ERR,ERR,ERR,ERR,ERR,ERR,ERR,60.0,60.0,35,0.0,0.0,0.0,0.0,0.0,0.0,0.0,0.0,0.0,0.0,0.0,0.0,0.0,0.0,0.0,0.0,64.8,0,117,57,43,65476,0,65476,1,4,4,20529,65476,0,0,2621,60.0,0.0,0.0,0.0,0.0,0.0
2026-07-09T15:42:38,ERR,ERR,ERR,ERR,ERR,ERR,ERR,ERR,ERR,ERR,ERR,ERR,ERR,ERR,ERR,ERR,ERR,ERR,ERR,ERR,ERR,ERR,ERR,ERR,ERR,ERR,ERR,ERR,ERR,ERR,ERR,ERR,ERR,ERR,ERR,ERR,ERR,ERR,ERR,ERR,ERR,ERR,ERR,ERR,ERR,ERR,ERR,ERR,ERR,ERR,ERR,ERR,ERR,ERR,ERR,ERR,ERR,ERR,ERR,ERR,ERR,ERR,ERR,ERR,ERR,ERR,ERR,ERR,ERR,ERR,ERR,ERR,ERR,ERR,ERR,ERR,ERR,ERR,ERR,ERR,ERR,ERR,ERR,ERR,ERR,ERR,ERR,ERR,ERR,ERR,ERR,ERR,ERR,ERR,ERR,ERR,ERR,ERR,ERR,ERR,ERR,ERR,ERR,ERR,ERR,ERR,ERR,ERR,ERR,ERR,ERR,ERR,ERR,ERR,ERR,ERR,ERR,ERR,ERR,ERR,ERR,ERR,ERR,ERR,ERR,-107615104.0,-107616112.0,-107615072.0,2.7183478752108883e+23,0.0,5.406631618162229e+35,-0.0,-0.0,0,0,4,17336,7116,0.0,100,0.0,0.0,2.7183478752108883e+23,0.0,0.0,0,0,0,0,0.0,0,0,0,0,0,0,0,0,0,0,0,0,0,0,0,0,0,0,0,0,0,0,0,0,0,0,0,0,0,0,0,0,0,31,40,40,71,65476,0,300,0,0,8,21553,0.0,-107605600.0,0.0,0.0,0.0,0.0,0.0,0.0,0.0,0.0,0.0,0.0,0.0,0.0,0.0,0.0,0.0,0.0,0.0,0.0,0.0,0.0,-0.0,3.697070465001456e+19,0.0,0.0,0.0,0.0,0.0,0.0,5159.0,-0.0,6934.0,-107615104.0,0.0,2.004,2.004,0.0,0.0,0.0,0.0,69,89220.93,-4.950403839085979e+32,0.0,0.0,0.0,0.0,0.0,0.0,0.0,0,0,0,0.0,0.0,0.0,0.0,0.0,0.0,0.0,0.0,0.0,0.0,0.0,0.0,0.0,0.0,0.0,0.0,0,-107875648.0,69,0.0,138,0.0,2.012,ERR,ERR,ERR,ERR,ERR,ERR,ERR,ERR,ERR,ERR,ERR,ERR,ERR,ERR,ERR,ERR,ERR,ERR,ERR,ERR,ERR,ERR,ERR,ERR,ERR,ERR,ERR,ERR,ERR,ERR,ERR,ERR,ERR,ERR,ERR,ERR,ERR,ERR,ERR,ERR,ERR,ERR,ERR,ERR,ERR,ERR,ERR,ERR,ERR,ERR,ERR,ERR,ERR,ERR,ERR,ERR,ERR,ERR,ERR,ERR,ERR,ERR,ERR,ERR,ERR,ERR,ERR,60.0,60.0,35,0.0,0.0,0.0,0.0,0.0,0.0,0.0,0.0,0.0,0.0,0.0,0.0,0.0,0.0,0.0,0.0,64.8,0,117,56,43,65476,0,65476,1,4,4,20529,65476,0,0,2621,60.0,0.0,0.0,0.0,0.0,0.0
2026-07-09T15:42:39,ERR,ERR,ERR,ERR,ERR,ERR,ERR,ERR,ERR,ERR,ERR,ERR,ERR,ERR,ERR,ERR,ERR,ERR,ERR,ERR,ERR,ERR,ERR,ERR,ERR,ERR,ERR,ERR,ERR,ERR,ERR,ERR,ERR,ERR,ERR,ERR,ERR,ERR,ERR,ERR,ERR,ERR,ERR,ERR,ERR,ERR,ERR,ERR,ERR,ERR,ERR,ERR,ERR,ERR,ERR,ERR,ERR,ERR,ERR,ERR,ERR,ERR,ERR,ERR,ERR,ERR,ERR,ERR,ERR,ERR,ERR,ERR,ERR,ERR,ERR,ERR,ERR,ERR,ERR,ERR,ERR,ERR,ERR,ERR,ERR,ERR,ERR,ERR,ERR,ERR,ERR,ERR,ERR,ERR,ERR,ERR,ERR,ERR,ERR,ERR,ERR,ERR,ERR,ERR,ERR,ERR,ERR,ERR,ERR,ERR,ERR,ERR,ERR,ERR,ERR,ERR,ERR,ERR,ERR,ERR,ERR,ERR,ERR,ERR,ERR,-107615104.0,-107616112.0,-107615072.0,2.7183478752108883e+23,0.0,5.406631618162229e+35,-0.0,-0.0,0,0,4,17336,7116,0.0,100,0.0,0.0,2.7183478752108883e+23,0.0,0.0,0,0,0,0,0.0,0,0,0,0,0,0,0,0,0,0,0,0,0,0,0,0,0,0,0,0,0,0,0,0,0,0,0,0,0,0,0,0,0,31,40,40,71,65476,0,300,0,0,8,21553,0.0,-107605600.0,0.0,0.0,0.0,0.0,0.0,0.0,0.0,0.0,0.0,0.0,0.0,0.0,0.0,0.0,0.0,0.0,0.0,0.0,0.0,0.0,-0.0,3.697070465001456e+19,0.0,0.0,0.0,0.0,0.0,0.0,5159.0,-0.0,6934.0,-107615104.0,0.0,2.004,2.004,0.0,0.0,0.0,0.0,69,89220.93,-4.950403839085979e+32,0.0,0.0,0.0,0.0,0.0,0.0,0.0,0,0,0,0.0,0.0,0.0,0.0,0.0,0.0,0.0,0.0,0.0,0.0,0.0,0.0,0.0,0.0,0.0,0.0,0,-107875648.0,69,0.0,138,0.0,2.012,ERR,ERR,ERR,ERR,ERR,ERR,ERR,ERR,ERR,ERR,ERR,ERR,ERR,ERR,ERR,ERR,ERR,ERR,ERR,ERR,ERR,ERR,ERR,ERR,ERR,ERR,ERR,ERR,ERR,ERR,ERR,ERR,ERR,ERR,ERR,ERR,ERR,ERR,ERR,ERR,ERR,ERR,ERR,ERR,ERR,ERR,ERR,ERR,ERR,ERR,ERR,ERR,ERR,ERR,ERR,ERR,ERR,ERR,ERR,ERR,ERR,ERR,ERR,ERR,ERR,ERR,ERR,60.0,60.0,35,0.0,0.0,0.0,0.0,0.0,0.0,0.0,0.0,0.0,0.0,0.0,0.0,0.0,0.0,0.0,0.0,64.8,0,117,56,43,65476,0,65476,1,4,4,20529,65476,0,0,2621,60.0,0.0,0.0,0.0,0.0,0.0
2026-07-09T15:42:40,ERR,ERR,ERR,ERR,ERR,ERR,ERR,ERR,ERR,ERR,ERR,ERR,ERR,ERR,ERR,ERR,ERR,ERR,ERR,ERR,ERR,ERR,ERR,ERR,ERR,ERR,ERR,ERR,ERR,ERR,ERR,ERR,ERR,ERR,ERR,ERR,ERR,ERR,ERR,ERR,ERR,ERR,ERR,ERR,ERR,ERR,ERR,ERR,ERR,ERR,ERR,ERR,ERR,ERR,ERR,ERR,ERR,ERR,ERR,ERR,ERR,ERR,ERR,ERR,ERR,ERR,ERR,ERR,ERR,ERR,ERR,ERR,ERR,ERR,ERR,ERR,ERR,ERR,ERR,ERR,ERR,ERR,ERR,ERR,ERR,ERR,ERR,ERR,ERR,ERR,ERR,ERR,ERR,ERR,ERR,ERR,ERR,ERR,ERR,ERR,ERR,ERR,ERR,ERR,ERR,ERR,ERR,ERR,ERR,ERR,ERR,ERR,ERR,ERR,ERR,ERR,ERR,ERR,ERR,ERR,ERR,ERR,ERR,ERR,ERR,-107615104.0,-107616112.0,-107615072.0,2.7183478752108883e+23,0.0,5.406631618162229e+35,-0.0,-0.0,0,0,4,17336,7116,0.0,100,0.0,0.0,2.7183478752108883e+23,0.0,0.0,0,0,0,0,0.0,0,0,0,0,0,0,0,0,0,0,0,0,0,0,0,0,0,0,0,0,0,0,0,0,0,0,0,0,0,0,0,0,0,31,40,40,71,65476,0,300,0,0,8,21553,0.0,-107605600.0,0.0,0.0,0.0,0.0,0.0,0.0,0.0,0.0,0.0,0.0,0.0,0.0,0.0,0.0,0.0,0.0,0.0,0.0,0.0,0.0,-0.0,3.697070465001456e+19,0.0,0.0,0.0,0.0,0.0,0.0,5159.0,-0.0,6934.0,-107615104.0,0.0,2.004,2.004,0.0,0.0,0.0,0.0,69,89220.93,-4.950403839085979e+32,0.0,0.0,0.0,0.0,0.0,0.0,0.0,0,0,0,0.0,0.0,0.0,0.0,0.0,0.0,0.0,0.0,0.0,0.0,0.0,0.0,0.0,0.0,0.0,0.0,0,-107875648.0,69,0.0,138,0.0,2.012,ERR,ERR,ERR,ERR,ERR,ERR,ERR,ERR,ERR,ERR,ERR,ERR,ERR,ERR,ERR,ERR,ERR,ERR,ERR,ERR,ERR,ERR,ERR,ERR,ERR,ERR,ERR,ERR,ERR,ERR,ERR,ERR,ERR,ERR,ERR,ERR,ERR,ERR,ERR,ERR,ERR,ERR,ERR,ERR,ERR,ERR,ERR,ERR,ERR,ERR,ERR,ERR,ERR,ERR,ERR,ERR,ERR,ERR,ERR,ERR,ERR,ERR,ERR,ERR,ERR,ERR,ERR,60.0,60.0,35,0.0,0.0,0.0,0.0,0.0,0.0,0.0,0.0,0.0,0.0,0.0,0.0,0.0,0.0,0.0,0.0,64.8,0,117,56,43,65476,0,65476,1,4,4,20529,65476,0,0,2621,60.0,0.0,0.0,0.0,0.0,0.0
2026-07-09T15:42:41,ERR,ERR,ERR,ERR,ERR,ERR,ERR,ERR,ERR,ERR,ERR,ERR,ERR,ERR,ERR,ERR,ERR,ERR,ERR,ERR,ERR,ERR,ERR,ERR,ERR,ERR,ERR,ERR,ERR,ERR,ERR,ERR,ERR,ERR,ERR,ERR,ERR,ERR,ERR,ERR,ERR,ERR,ERR,ERR,ERR,ERR,ERR,ERR,ERR,ERR,ERR,ERR,ERR,ERR,ERR,ERR,ERR,ERR,ERR,ERR,ERR,ERR,ERR,ERR,ERR,ERR,ERR,ERR,ERR,ERR,ERR,ERR,ERR,ERR,ERR,ERR,ERR,ERR,ERR,ERR,ERR,ERR,ERR,ERR,ERR,ERR,ERR,ERR,ERR,ERR,ERR,ERR,ERR,ERR,ERR,ERR,ERR,ERR,ERR,ERR,ERR,ERR,ERR,ERR,ERR,ERR,ERR,ERR,ERR,ERR,ERR,ERR,ERR,ERR,ERR,ERR,ERR,ERR,ERR,ERR,ERR,ERR,ERR,ERR,ERR,-107615104.0,-107616112.0,-107615072.0,2.7183478752108883e+23,0.0,5.406631618162229e+35,-0.0,-0.0,0,0,4,17336,7116,0.0,100,0.0,0.0,2.7183478752108883e+23,0.0,0.0,0,0,0,0,0.0,0,0,0,0,0,0,0,0,0,0,0,0,0,0,0,0,0,0,0,0,0,0,0,0,0,0,0,0,0,0,0,0,0,31,40,40,71,65476,0,300,0,0,8,21553,0.0,-107605600.0,0.0,0.0,0.0,0.0,0.0,0.0,0.0,0.0,0.0,0.0,0.0,0.0,0.0,0.0,0.0,0.0,0.0,0.0,0.0,0.0,-0.0,3.697070465001456e+19,0.0,0.0,0.0,0.0,0.0,0.0,5159.0,-0.0,6934.0,-107615104.0,0.0,2.004,2.004,0.0,0.0,0.0,0.0,69,89220.93,-4.950403839085979e+32,0.0,0.0,0.0,0.0,0.0,0.0,0.0,0,0,0,0.0,0.0,0.0,0.0,0.0,0.0,0.0,0.0,0.0,0.0,0.0,0.0,0.0,0.0,0.0,0.0,0,-107875648.0,69,0.0,138,0.0,2.012,ERR,ERR,ERR,ERR,ERR,ERR,ERR,ERR,ERR,ERR,ERR,ERR,ERR,ERR,ERR,ERR,ERR,ERR,ERR,ERR,ERR,ERR,ERR,ERR,ERR,ERR,ERR,ERR,ERR,ERR,ERR,ERR,ERR,ERR,ERR,ERR,ERR,ERR,ERR,ERR,ERR,ERR,ERR,ERR,ERR,ERR,ERR,ERR,ERR,ERR,ERR,ERR,ERR,ERR,ERR,ERR,ERR,ERR,ERR,ERR,ERR,ERR,ERR,ERR,ERR,ERR,ERR,60.0,60.0,35,0.0,0.0,0.0,0.0,0.0,0.0,0.0,0.0,0.0,0.0,0.0,0.0,0.0,0.0,0.0,0.0,64.8,0,117,56,43,65476,0,65476,1,4,4,20529,65476,0,0,2621,60.0,0.0,0.0,0.0,0.0,0.0
2026-07-09T15:42:42,ERR,ERR,ERR,ERR,ERR,ERR,ERR,ERR,ERR,ERR,ERR,ERR,ERR,ERR,ERR,ERR,ERR,ERR,ERR,ERR,ERR,ERR,ERR,ERR,ERR,ERR,ERR,ERR,ERR,ERR,ERR,ERR,ERR,ERR,ERR,ERR,ERR,ERR,ERR,ERR,ERR,ERR,ERR,ERR,ERR,ERR,ERR,ERR,ERR,ERR,ERR,ERR,ERR,ERR,ERR,ERR,ERR,ERR,ERR,ERR,ERR,ERR,ERR,ERR,ERR,ERR,ERR,ERR,ERR,ERR,ERR,ERR,ERR,ERR,ERR,ERR,ERR,ERR,ERR,ERR,ERR,ERR,ERR,ERR,ERR,ERR,ERR,ERR,ERR,ERR,ERR,ERR,ERR,ERR,ERR,ERR,ERR,ERR,ERR,ERR,ERR,ERR,ERR,ERR,ERR,ERR,ERR,ERR,ERR,ERR,ERR,ERR,ERR,ERR,ERR,ERR,ERR,ERR,ERR,ERR,ERR,ERR,ERR,ERR,ERR,-107615104.0,-107616112.0,-107615072.0,2.7183478752108883e+23,0.0,5.406631618162229e+35,-0.0,-0.0,0,0,4,17336,7116,0.0,100,0.0,0.0,2.7183478752108883e+23,0.0,0.0,0,0,0,0,0.0,0,0,0,0,0,0,0,0,0,0,0,0,0,0,0,0,0,0,0,0,0,0,0,0,0,0,0,0,0,0,0,0,0,31,40,40,71,65476,0,300,0,0,8,21553,0.0,-107605600.0,0.0,0.0,0.0,0.0,0.0,0.0,0.0,0.0,0.0,0.0,0.0,0.0,0.0,0.0,0.0,0.0,0.0,0.0,0.0,0.0,-0.0,3.697070465001456e+19,0.0,0.0,0.0,0.0,0.0,0.0,5159.0,-0.0,6934.0,-107615104.0,0.0,2.004,2.004,0.0,0.0,0.0,0.0,69,89220.93,-4.950403839085979e+32,0.0,0.0,0.0,0.0,0.0,0.0,0.0,0,0,0,0.0,0.0,0.0,0.0,0.0,0.0,0.0,0.0,0.0,0.0,0.0,0.0,0.0,0.0,0.0,0.0,0,-107875648.0,69,0.0,138,0.0,2.012,ERR,ERR,ERR,ERR,ERR,ERR,ERR,ERR,ERR,ERR,ERR,ERR,ERR,ERR,ERR,ERR,ERR,ERR,ERR,ERR,ERR,ERR,ERR,ERR,ERR,ERR,ERR,ERR,ERR,ERR,ERR,ERR,ERR,ERR,ERR,ERR,ERR,ERR,ERR,ERR,ERR,ERR,ERR,ERR,ERR,ERR,ERR,ERR,ERR,ERR,ERR,ERR,ERR,ERR,ERR,ERR,ERR,ERR,ERR,ERR,ERR,ERR,ERR,ERR,ERR,ERR,ERR,60.0,60.0,35,0.0,0.0,0.0,0.0,0.0,0.0,0.0,0.0,0.0,0.0,0.0,0.0,0.0,0.0,0.0,0.0,64.8,0,117,56,43,65476,0,65476,1,4,4,20529,65476,0,0,2621,60.0,0.0,0.0,0.0,0.0,0.0
2026-07-09T15:42:43,ERR,ERR,ERR,ERR,ERR,ERR,ERR,ERR,ERR,ERR,ERR,ERR,ERR,ERR,ERR,ERR,ERR,ERR,ERR,ERR,ERR,ERR,ERR,ERR,ERR,ERR,ERR,ERR,ERR,ERR,ERR,ERR,ERR,ERR,ERR,ERR,ERR,ERR,ERR,ERR,ERR,ERR,ERR,ERR,ERR,ERR,ERR,ERR,ERR,ERR,ERR,ERR,ERR,ERR,ERR,ERR,ERR,ERR,ERR,ERR,ERR,ERR,ERR,ERR,ERR,ERR,ERR,ERR,ERR,ERR,ERR,ERR,ERR,ERR,ERR,ERR,ERR,ERR,ERR,ERR,ERR,ERR,ERR,ERR,ERR,ERR,ERR,ERR,ERR,ERR,ERR,ERR,ERR,ERR,ERR,ERR,ERR,ERR,ERR,ERR,ERR,ERR,ERR,ERR,ERR,ERR,ERR,ERR,ERR,ERR,ERR,ERR,ERR,ERR,ERR,ERR,ERR,ERR,ERR,ERR,ERR,ERR,ERR,ERR,ERR,0.0,2.7184474948346457e+23,-0.0,-0.0,-0.0,-1.4574071706147619e+19,4.657755555631202e+18,0.0,0,0,4,17339,7116,0.0,100,0.0,0.0,-0.0,0.0,0.0,0,0,0,0,0.0,0,0,0,0,0,0,0,0,0,0,0,0,0,0,0,0,0,0,0,0,0,0,0,0,0,0,0,0,0,0,0,0,0,31,40,40,71,65476,0,300,0,0,8,21553,0.0,-107605600.0,0.0,0.0,0.0,0.0,0.0,0.0,0.0,0.0,0.0,0.0,0.0,0.0,0.0,0.0,0.0,0.0,0.0,0.0,0.0,0.0,-2.004,-0.0,0.0,0.0,0.0,0.0,0.0,0.0,5170.0,-0.0,6934.0,0.0,2.7184474948346457e+23,2.004,2.004,0.0,0.0,0.0,0.0,69,5.8480739056367695e+35,-4.950403839085979e+32,0.0,0.0,0.0,0.0,0.0,0.0,0.0,0,0,0,0.0,0.0,0.0,0.0,0.0,0.0,0.0,0.0,0.0,0.0,0.0,0.0,0.0,0.0,0.0,0.0,0,-107875648.0,69,0.0,138,0.0,2.012,ERR,ERR,ERR,ERR,ERR,ERR,ERR,ERR,ERR,ERR,ERR,ERR,ERR,ERR,ERR,ERR,ERR,ERR,ERR,ERR,ERR,ERR,ERR,ERR,ERR,ERR,ERR,ERR,ERR,ERR,ERR,ERR,ERR,ERR,ERR,ERR,ERR,ERR,ERR,ERR,ERR,ERR,ERR,ERR,ERR,ERR,ERR,ERR,ERR,ERR,ERR,ERR,ERR,ERR,ERR,ERR,ERR,ERR,ERR,ERR,ERR,ERR,ERR,ERR,ERR,ERR,ERR,60.0,60.0,35,0.0,0.0,0.0,0.0,0.0,0.0,0.0,0.0,0.0,0.0,0.0,0.0,0.0,0.0,0.0,0.0,64.8,0,116,56,43,65476,0,65476,1,4,4,20529,65476,0,0,2621,60.0,0.0,0.0,0.0,0.0,0.0
2026-07-09T15:42:44,ERR,ERR,ERR,ERR,ERR,ERR,ERR,ERR,ERR,ERR,ERR,ERR,ERR,ERR,ERR,ERR,ERR,ERR,ERR,ERR,ERR,ERR,ERR,ERR,ERR,ERR,ERR,ERR,ERR,ERR,ERR,ERR,ERR,ERR,ERR,ERR,ERR,ERR,ERR,ERR,ERR,ERR,ERR,ERR,ERR,ERR,ERR,ERR,ERR,ERR,ERR,ERR,ERR,ERR,ERR,ERR,ERR,ERR,ERR,ERR,ERR,ERR,ERR,ERR,ERR,ERR,ERR,ERR,ERR,ERR,ERR,ERR,ERR,ERR,ERR,ERR,ERR,ERR,ERR,ERR,ERR,ERR,ERR,ERR,ERR,ERR,ERR,ERR,ERR,ERR,ERR,ERR,ERR,ERR,ERR,ERR,ERR,ERR,ERR,ERR,ERR,ERR,ERR,ERR,ERR,ERR,ERR,ERR,ERR,ERR,ERR,ERR,ERR,ERR,ERR,ERR,ERR,ERR,ERR,ERR,ERR,ERR,ERR,ERR,ERR,0.0,2.7184474948346457e+23,-0.0,-0.0,-0.0,-1.4574071706147619e+19,4.657755555631202e+18,0.0,0,0,4,17339,7116,0.0,100,0.0,0.0,-0.0,0.0,0.0,0,0,0,0,0.0,0,0,0,0,0,0,0,0,0,0,0,0,0,0,0,0,0,0,0,0,0,0,0,0,0,0,0,0,0,0,0,0,0,31,40,40,71,65476,0,300,0,0,8,21553,0.0,-107605600.0,0.0,0.0,0.0,0.0,0.0,0.0,0.0,0.0,0.0,0.0,0.0,0.0,0.0,0.0,0.0,0.0,0.0,0.0,0.0,0.0,-2.004,-0.0,0.0,0.0,0.0,0.0,0.0,0.0,5170.0,-0.0,6934.0,0.0,2.7184474948346457e+23,2.004,2.004,0.0,0.0,0.0,0.0,69,5.8480739056367695e+35,-4.950403839085979e+32,0.0,0.0,0.0,0.0,0.0,0.0,0.0,0,0,0,0.0,0.0,0.0,0.0,0.0,0.0,0.0,0.0,0.0,0.0,0.0,0.0,0.0,0.0,0.0,0.0,0,-107875648.0,69,0.0,138,0.0,2.012,ERR,ERR,ERR,ERR,ERR,ERR,ERR,ERR,ERR,ERR,ERR,ERR,ERR,ERR,ERR,ERR,ERR,ERR,ERR,ERR,ERR,ERR,ERR,ERR,ERR,ERR,ERR,ERR,ERR,ERR,ERR,ERR,ERR,ERR,ERR,ERR,ERR,ERR,ERR,ERR,ERR,ERR,ERR,ERR,ERR,ERR,ERR,ERR,ERR,ERR,ERR,ERR,ERR,ERR,ERR,ERR,ERR,ERR,ERR,ERR,ERR,ERR,ERR,ERR,ERR,ERR,ERR,60.0,60.0,35,0.0,0.0,0.0,0.0,0.0,0.0,0.0,0.0,0.0,0.0,0.0,0.0,0.0,0.0,0.0,0.0,64.8,0,116,56,43,65476,0,65476,1,4,4,20529,65476,0,0,2621,60.0,0.0,0.0,0.0,0.0,0.0
2026-07-09T15:42:45,ERR,ERR,ERR,ERR,ERR,ERR,ERR,ERR,ERR,ERR,ERR,ERR,ERR,ERR,ERR,ERR,ERR,ERR,ERR,ERR,ERR,ERR,ERR,ERR,ERR,ERR,ERR,ERR,ERR,ERR,ERR,ERR,ERR,ERR,ERR,ERR,ERR,ERR,ERR,ERR,ERR,ERR,ERR,ERR,ERR,ERR,ERR,ERR,ERR,ERR,ERR,ERR,ERR,ERR,ERR,ERR,ERR,ERR,ERR,ERR,ERR,ERR,ERR,ERR,ERR,ERR,ERR,ERR,ERR,ERR,ERR,ERR,ERR,ERR,ERR,ERR,ERR,ERR,ERR,ERR,ERR,ERR,ERR,ERR,ERR,ERR,ERR,ERR,ERR,ERR,ERR,ERR,ERR,ERR,ERR,ERR,ERR,ERR,ERR,ERR,ERR,ERR,ERR,ERR,ERR,ERR,ERR,ERR,ERR,ERR,ERR,ERR,ERR,ERR,ERR,ERR,ERR,ERR,ERR,ERR,ERR,ERR,ERR,ERR,ERR,0.0,2.7184474948346457e+23,-0.0,-0.0,-0.0,-1.4574071706147619e+19,4.657755555631202e+18,0.0,0,0,4,17339,7116,0.0,100,0.0,0.0,-0.0,0.0,0.0,0,0,0,0,0.0,0,0,0,0,0,0,0,0,0,0,0,0,0,0,0,0,0,0,0,0,0,0,0,0,0,0,0,0,0,0,0,0,0,31,40,40,71,65476,0,300,0,0,8,21553,0.0,-107605600.0,0.0,0.0,0.0,0.0,0.0,0.0,0.0,0.0,0.0,0.0,0.0,0.0,0.0,0.0,0.0,0.0,0.0,0.0,0.0,0.0,-2.004,-0.0,0.0,0.0,0.0,0.0,0.0,0.0,5170.0,-0.0,6934.0,0.0,2.7184474948346457e+23,2.004,2.004,0.0,0.0,0.0,0.0,69,5.8480739056367695e+35,-4.950403839085979e+32,0.0,0.0,0.0,0.0,0.0,0.0,0.0,0,0,0,0.0,0.0,0.0,0.0,0.0,0.0,0.0,0.0,0.0,0.0,0.0,0.0,0.0,0.0,0.0,0.0,0,-107875648.0,69,0.0,138,0.0,2.012,ERR,ERR,ERR,ERR,ERR,ERR,ERR,ERR,ERR,ERR,ERR,ERR,ERR,ERR,ERR,ERR,ERR,ERR,ERR,ERR,ERR,ERR,ERR,ERR,ERR,ERR,ERR,ERR,ERR,ERR,ERR,ERR,ERR,ERR,ERR,ERR,ERR,ERR,ERR,ERR,ERR,ERR,ERR,ERR,ERR,ERR,ERR,ERR,ERR,ERR,ERR,ERR,ERR,ERR,ERR,ERR,ERR,ERR,ERR,ERR,ERR,ERR,ERR,ERR,ERR,ERR,ERR,60.0,60.0,35,0.0,0.0,0.0,0.0,0.0,0.0,0.0,0.0,0.0,0.0,0.0,0.0,0.0,0.0,0.0,0.0,64.8,0,116,56,43,65476,0,65476,1,4,4,20529,65476,0,0,2621,60.0,0.0,0.0,0.0,0.0,0.0
2026-07-09T15:42:46,ERR,ERR,ERR,ERR,ERR,ERR,ERR,ERR,ERR,ERR,ERR,ERR,ERR,ERR,ERR,ERR,ERR,ERR,ERR,ERR,ERR,ERR,ERR,ERR,ERR,ERR,ERR,ERR,ERR,ERR,ERR,ERR,ERR,ERR,ERR,ERR,ERR,ERR,ERR,ERR,ERR,ERR,ERR,ERR,ERR,ERR,ERR,ERR,ERR,ERR,ERR,ERR,ERR,ERR,ERR,ERR,ERR,ERR,ERR,ERR,ERR,ERR,ERR,ERR,ERR,ERR,ERR,ERR,ERR,ERR,ERR,ERR,ERR,ERR,ERR,ERR,ERR,ERR,ERR,ERR,ERR,ERR,ERR,ERR,ERR,ERR,ERR,ERR,ERR,ERR,ERR,ERR,ERR,ERR,ERR,ERR,ERR,ERR,ERR,ERR,ERR,ERR,ERR,ERR,ERR,ERR,ERR,ERR,ERR,ERR,ERR,ERR,ERR,ERR,ERR,ERR,ERR,ERR,ERR,ERR,ERR,ERR,ERR,ERR,ERR,0.0,2.7184474948346457e+23,-0.0,-0.0,-0.0,-1.4574071706147619e+19,4.657755555631202e+18,0.0,0,0,4,17339,7116,0.0,100,0.0,0.0,-0.0,0.0,0.0,0,0,0,0,0.0,0,0,0,0,0,0,0,0,0,0,0,0,0,0,0,0,0,0,0,0,0,0,0,0,0,0,0,0,0,0,0,0,0,31,40,40,71,65476,0,300,0,0,8,21553,0.0,-107605600.0,0.0,0.0,0.0,0.0,0.0,0.0,0.0,0.0,0.0,0.0,0.0,0.0,0.0,0.0,0.0,0.0,0.0,0.0,0.0,0.0,-2.004,-0.0,0.0,0.0,0.0,0.0,0.0,0.0,5170.0,-0.0,6934.0,0.0,2.7184474948346457e+23,2.004,2.004,0.0,0.0,0.0,0.0,69,5.8480739056367695e+35,-4.950403839085979e+32,0.0,0.0,0.0,0.0,0.0,0.0,0.0,0,0,0,0.0,0.0,0.0,0.0,0.0,0.0,0.0,0.0,0.0,0.0,0.0,0.0,0.0,0.0,0.0,0.0,0,-107875648.0,69,0.0,138,0.0,2.012,ERR,ERR,ERR,ERR,ERR,ERR,ERR,ERR,ERR,ERR,ERR,ERR,ERR,ERR,ERR,ERR,ERR,ERR,ERR,ERR,ERR,ERR,ERR,ERR,ERR,ERR,ERR,ERR,ERR,ERR,ERR,ERR,ERR,ERR,ERR,ERR,ERR,ERR,ERR,ERR,ERR,ERR,ERR,ERR,ERR,ERR,ERR,ERR,ERR,ERR,ERR,ERR,ERR,ERR,ERR,ERR,ERR,ERR,ERR,ERR,ERR,ERR,ERR,ERR,ERR,ERR,ERR,60.0,60.0,35,0.0,0.0,0.0,0.0,0.0,0.0,0.0,0.0,0.0,0.0,0.0,0.0,0.0,0.0,0.0,0.0,64.8,0,116,56,43,65476,0,65476,1,4,4,20529,65476,0,0,2621,60.0,0.0,0.0,0.0,0.0,0.0
2026-07-09T15:42:47,ERR,ERR,ERR,ERR,ERR,ERR,ERR,ERR,ERR,ERR,ERR,ERR,ERR,ERR,ERR,ERR,ERR,ERR,ERR,ERR,ERR,ERR,ERR,ERR,ERR,ERR,ERR,ERR,ERR,ERR,ERR,ERR,ERR,ERR,ERR,ERR,ERR,ERR,ERR,ERR,ERR,ERR,ERR,ERR,ERR,ERR,ERR,ERR,ERR,ERR,ERR,ERR,ERR,ERR,ERR,ERR,ERR,ERR,ERR,ERR,ERR,ERR,ERR,ERR,ERR,ERR,ERR,ERR,ERR,ERR,ERR,ERR,ERR,ERR,ERR,ERR,ERR,ERR,ERR,ERR,ERR,ERR,ERR,ERR,ERR,ERR,ERR,ERR,ERR,ERR,ERR,ERR,ERR,ERR,ERR,ERR,ERR,ERR,ERR,ERR,ERR,ERR,ERR,ERR,ERR,ERR,ERR,ERR,ERR,ERR,ERR,ERR,ERR,ERR,ERR,ERR,ERR,ERR,ERR,ERR,ERR,ERR,ERR,ERR,ERR,0.0,2.7184474948346457e+23,-0.0,-0.0,-0.0,-1.4574071706147619e+19,4.657755555631202e+18,0.0,0,0,4,17339,7116,0.0,100,0.0,0.0,-0.0,0.0,0.0,0,0,0,0,0.0,0,0,0,0,0,0,0,0,0,0,0,0,0,0,0,0,0,0,0,0,0,0,0,0,0,0,0,0,0,0,0,0,0,31,40,40,71,65476,0,300,0,0,8,21553,0.0,-107605600.0,0.0,0.0,0.0,0.0,0.0,0.0,0.0,0.0,0.0,0.0,0.0,0.0,0.0,0.0,0.0,0.0,0.0,0.0,0.0,0.0,-2.004,-0.0,0.0,0.0,0.0,0.0,0.0,0.0,5170.0,-0.0,6934.0,0.0,2.7184474948346457e+23,2.004,2.004,0.0,0.0,0.0,0.0,69,5.8480739056367695e+35,-4.950403839085979e+32,0.0,0.0,0.0,0.0,0.0,0.0,0.0,0,0,0,0.0,0.0,0.0,0.0,0.0,0.0,0.0,0.0,0.0,0.0,0.0,0.0,0.0,0.0,0.0,0.0,0,-107875648.0,69,0.0,138,0.0,2.012,ERR,ERR,ERR,ERR,ERR,ERR,ERR,ERR,ERR,ERR,ERR,ERR,ERR,ERR,ERR,ERR,ERR,ERR,ERR,ERR,ERR,ERR,ERR,ERR,ERR,ERR,ERR,ERR,ERR,ERR,ERR,ERR,ERR,ERR,ERR,ERR,ERR,ERR,ERR,ERR,ERR,ERR,ERR,ERR,ERR,ERR,ERR,ERR,ERR,ERR,ERR,ERR,ERR,ERR,ERR,ERR,ERR,ERR,ERR,ERR,ERR,ERR,ERR,ERR,ERR,ERR,ERR,60.0,60.0,35,0.0,0.0,0.0,0.0,0.0,0.0,0.0,0.0,0.0,0.0,0.0,0.0,0.0,0.0,0.0,0.0,64.8,0,116,56,43,65476,0,65476,1,4,4,20529,65476,0,0,2621,60.0,0.0,0.0,0.0,0.0,0.0
2026-07-09T15:42:48,ERR,ERR,ERR,ERR,ERR,ERR,ERR,ERR,ERR,ERR,ERR,ERR,ERR,ERR,ERR,ERR,ERR,ERR,ERR,ERR,ERR,ERR,ERR,ERR,ERR,ERR,ERR,ERR,ERR,ERR,ERR,ERR,ERR,ERR,ERR,ERR,ERR,ERR,ERR,ERR,ERR,ERR,ERR,ERR,ERR,ERR,ERR,ERR,ERR,ERR,ERR,ERR,ERR,ERR,ERR,ERR,ERR,ERR,ERR,ERR,ERR,ERR,ERR,ERR,ERR,ERR,ERR,ERR,ERR,ERR,ERR,ERR,ERR,ERR,ERR,ERR,ERR,ERR,ERR,ERR,ERR,ERR,ERR,ERR,ERR,ERR,ERR,ERR,ERR,ERR,ERR,ERR,ERR,ERR,ERR,ERR,ERR,ERR,ERR,ERR,ERR,ERR,ERR,ERR,ERR,ERR,ERR,ERR,ERR,ERR,ERR,ERR,ERR,ERR,ERR,ERR,ERR,ERR,ERR,ERR,ERR,ERR,ERR,ERR,ERR,0.0,-0.0,0.0,2.7183478752108883e+23,0.0,988184.125,0.0,6.1711628301403856e+29,0,0,4,17339,7116,0.0,100,0.0,0.0,2.7183478752108883e+23,0.0,0.0,0,0,0,0,0.0,0,0,0,0,0,0,0,0,0,0,0,0,0,0,0,0,0,0,0,0,0,0,0,0,0,0,0,0,0,0,0,0,0,31,40,40,71,65476,0,300,0,0,8,21553,0.0,-107605600.0,0.0,0.0,0.0,0.0,0.0,0.0,0.0,0.0,0.0,0.0,0.0,0.0,0.0,0.0,0.0,0.0,0.0,0.0,0.0,0.0,0.0,-2.004,0.0,0.0,0.0,0.0,0.0,0.0,5183.0,-2.004,6932.0,-0.0,-107616120.0,2.004,2.004,0.0,0.0,0.0,0.0,69,-0.0,-2.308829106872873e+20,0.0,0.0,0.0,0.0,0.0,0.0,0.0,0,0,0,0.0,0.0,0.0,0.0,0.0,0.0,0.0,0.0,0.0,0.0,0.0,0.0,0.0,0.0,0.0,0.0,0,-107875648.0,69,0.0,138,0.0,2.012,ERR,ERR,ERR,ERR,ERR,ERR,ERR,ERR,ERR,ERR,ERR,ERR,ERR,ERR,ERR,ERR,ERR,ERR,ERR,ERR,ERR,ERR,ERR,ERR,ERR,ERR,ERR,ERR,ERR,ERR,ERR,ERR,ERR,ERR,ERR,ERR,ERR,ERR,ERR,ERR,ERR,ERR,ERR,ERR,ERR,ERR,ERR,ERR,ERR,ERR,ERR,ERR,ERR,ERR,ERR,ERR,ERR,ERR,ERR,ERR,ERR,ERR,ERR,ERR,ERR,ERR,ERR,60.0,60.0,35,0.0,0.0,0.0,0.0,0.0,0.0,0.0,0.0,0.0,0.0,0.0,0.0,0.0,0.0,0.0,0.0,64.8,0,116,56,43,65476,0,65476,1,4,4,20529,65476,0,0,2621,60.0,0.0,0.0,0.0,0.0,0.0
2026-07-09T15:42:49,ERR,ERR,ERR,ERR,ERR,ERR,ERR,ERR,ERR,ERR,ERR,ERR,ERR,ERR,ERR,ERR,ERR,ERR,ERR,ERR,ERR,ERR,ERR,ERR,ERR,ERR,ERR,ERR,ERR,ERR,ERR,ERR,ERR,ERR,ERR,ERR,ERR,ERR,ERR,ERR,ERR,ERR,ERR,ERR,ERR,ERR,ERR,ERR,ERR,ERR,ERR,ERR,ERR,ERR,ERR,ERR,ERR,ERR,ERR,ERR,ERR,ERR,ERR,ERR,ERR,ERR,ERR,ERR,ERR,ERR,ERR,ERR,ERR,ERR,ERR,ERR,ERR,ERR,ERR,ERR,ERR,ERR,ERR,ERR,ERR,ERR,ERR,ERR,ERR,ERR,ERR,ERR,ERR,ERR,ERR,ERR,ERR,ERR,ERR,ERR,ERR,ERR,ERR,ERR,ERR,ERR,ERR,ERR,ERR,ERR,ERR,ERR,ERR,ERR,ERR,ERR,ERR,ERR,ERR,ERR,ERR,ERR,ERR,ERR,ERR,0.0,-0.0,0.0,2.7183478752108883e+23,0.0,988184.125,0.0,6.1711628301403856e+29,0,0,4,17339,7116,0.0,100,0.0,0.0,2.7183478752108883e+23,0.0,0.0,0,0,0,0,0.0,0,0,0,0,0,0,0,0,0,0,0,0,0,0,0,0,0,0,0,0,0,0,0,0,0,0,0,0,0,0,0,0,0,31,40,40,71,65476,0,300,0,0,8,21553,0.0,-107605600.0,0.0,0.0,0.0,0.0,0.0,0.0,0.0,0.0,0.0,0.0,0.0,0.0,0.0,0.0,0.0,0.0,0.0,0.0,0.0,0.0,0.0,-2.004,0.0,0.0,0.0,0.0,0.0,0.0,5183.0,-2.004,6932.0,-0.0,-107616120.0,2.004,2.004,0.0,0.0,0.0,0.0,69,-0.0,-2.308829106872873e+20,0.0,0.0,0.0,0.0,0.0,0.0,0.0,0,0,0,0.0,0.0,0.0,0.0,0.0,0.0,0.0,0.0,0.0,0.0,0.0,0.0,0.0,0.0,0.0,0.0,0,-107875648.0,69,0.0,138,0.0,2.012,ERR,ERR,ERR,ERR,ERR,ERR,ERR,ERR,ERR,ERR,ERR,ERR,ERR,ERR,ERR,ERR,ERR,ERR,ERR,ERR,ERR,ERR,ERR,ERR,ERR,ERR,ERR,ERR,ERR,ERR,ERR,ERR,ERR,ERR,ERR,ERR,ERR,ERR,ERR,ERR,ERR,ERR,ERR,ERR,ERR,ERR,ERR,ERR,ERR,ERR,ERR,ERR,ERR,ERR,ERR,ERR,ERR,ERR,ERR,ERR,ERR,ERR,ERR,ERR,ERR,ERR,ERR,60.0,60.0,35,0.0,0.0,0.0,0.0,0.0,0.0,0.0,0.0,0.0,0.0,0.0,0.0,0.0,0.0,0.0,0.0,65.6,0,116,56,43,65476,0,65476,1,4,4,20529,65476,0,0,2621,60.0,0.0,0.0,0.0,0.0,0.0
2026-07-09T15:42:50,ERR,ERR,ERR,ERR,ERR,ERR,ERR,ERR,ERR,ERR,ERR,ERR,ERR,ERR,ERR,ERR,ERR,ERR,ERR,ERR,ERR,ERR,ERR,ERR,ERR,ERR,ERR,ERR,ERR,ERR,ERR,ERR,ERR,ERR,ERR,ERR,ERR,ERR,ERR,ERR,ERR,ERR,ERR,ERR,ERR,ERR,ERR,ERR,ERR,ERR,ERR,ERR,ERR,ERR,ERR,ERR,ERR,ERR,ERR,ERR,ERR,ERR,ERR,ERR,ERR,ERR,ERR,ERR,ERR,ERR,ERR,ERR,ERR,ERR,ERR,ERR,ERR,ERR,ERR,ERR,ERR,ERR,ERR,ERR,ERR,ERR,ERR,ERR,ERR,ERR,ERR,ERR,ERR,ERR,ERR,ERR,ERR,ERR,ERR,ERR,ERR,ERR,ERR,ERR,ERR,ERR,ERR,ERR,ERR,ERR,ERR,ERR,ERR,ERR,ERR,ERR,ERR,ERR,ERR,ERR,ERR,ERR,ERR,ERR,ERR,0.0,-0.0,0.0,2.7183478752108883e+23,0.0,988184.125,0.0,6.1711628301403856e+29,0,0,4,17339,7116,0.0,100,0.0,0.0,2.7183478752108883e+23,0.0,0.0,0,0,0,0,0.0,0,0,0,0,0,0,0,0,0,0,0,0,0,0,0,0,0,0,0,0,0,0,0,0,0,0,0,0,0,0,0,0,0,31,40,40,71,65476,0,300,0,0,8,21553,0.0,-107605600.0,0.0,0.0,0.0,0.0,0.0,0.0,0.0,0.0,0.0,0.0,0.0,0.0,0.0,0.0,0.0,0.0,0.0,0.0,0.0,0.0,0.0,-2.004,0.0,0.0,0.0,0.0,0.0,0.0,5183.0,-2.004,6932.0,-0.0,-107616120.0,2.004,2.004,0.0,0.0,0.0,0.0,69,-0.0,-2.308829106872873e+20,0.0,0.0,0.0,0.0,0.0,0.0,0.0,0,0,0,0.0,0.0,0.0,0.0,0.0,0.0,0.0,0.0,0.0,0.0,0.0,0.0,0.0,0.0,0.0,0.0,0,-107875648.0,69,0.0,138,0.0,2.012,ERR,ERR,ERR,ERR,ERR,ERR,ERR,ERR,ERR,ERR,ERR,ERR,ERR,ERR,ERR,ERR,ERR,ERR,ERR,ERR,ERR,ERR,ERR,ERR,ERR,ERR,ERR,ERR,ERR,ERR,ERR,ERR,ERR,ERR,ERR,ERR,ERR,ERR,ERR,ERR,ERR,ERR,ERR,ERR,ERR,ERR,ERR,ERR,ERR,ERR,ERR,ERR,ERR,ERR,ERR,ERR,ERR,ERR,ERR,ERR,ERR,ERR,ERR,ERR,ERR,ERR,ERR,60.0,60.0,35,0.0,0.0,0.0,0.0,0.0,0.0,0.0,0.0,0.0,0.0,0.0,0.0,0.0,0.0,0.0,0.0,65.6,0,116,56,43,65476,0,65476,1,4,4,20529,65476,0,0,2621,60.0,0.0,0.0,0.0,0.0,0.0
2026-07-09T15:42:51,ERR,ERR,ERR,ERR,ERR,ERR,ERR,ERR,ERR,ERR,ERR,ERR,ERR,ERR,ERR,ERR,ERR,ERR,ERR,ERR,ERR,ERR,ERR,ERR,ERR,ERR,ERR,ERR,ERR,ERR,ERR,ERR,ERR,ERR,ERR,ERR,ERR,ERR,ERR,ERR,ERR,ERR,ERR,ERR,ERR,ERR,ERR,ERR,ERR,ERR,ERR,ERR,ERR,ERR,ERR,ERR,ERR,ERR,ERR,ERR,ERR,ERR,ERR,ERR,ERR,ERR,ERR,ERR,ERR,ERR,ERR,ERR,ERR,ERR,ERR,ERR,ERR,ERR,ERR,ERR,ERR,ERR,ERR,ERR,ERR,ERR,ERR,ERR,ERR,ERR,ERR,ERR,ERR,ERR,ERR,ERR,ERR,ERR,ERR,ERR,ERR,ERR,ERR,ERR,ERR,ERR,ERR,ERR,ERR,ERR,ERR,ERR,ERR,ERR,ERR,ERR,ERR,ERR,ERR,ERR,ERR,ERR,ERR,ERR,ERR,0.0,-0.0,0.0,2.7183478752108883e+23,0.0,988184.125,0.0,6.1711628301403856e+29,0,0,4,17339,7116,0.0,100,0.0,0.0,2.7183478752108883e+23,0.0,0.0,0,0,0,0,0.0,0,0,0,0,0,0,0,0,0,0,0,0,0,0,0,0,0,0,0,0,0,0,0,0,0,0,0,0,0,0,0,0,0,31,40,40,71,65476,0,300,0,0,8,21553,0.0,-107605600.0,0.0,0.0,0.0,0.0,0.0,0.0,0.0,0.0,0.0,0.0,0.0,0.0,0.0,0.0,0.0,0.0,0.0,0.0,0.0,0.0,0.0,-2.004,0.0,0.0,0.0,0.0,0.0,0.0,5183.0,-2.004,6932.0,-0.0,-107616120.0,2.004,2.004,0.0,0.0,0.0,0.0,69,-0.0,-2.308829106872873e+20,0.0,0.0,0.0,0.0,0.0,0.0,0.0,0,0,0,0.0,0.0,0.0,0.0,0.0,0.0,0.0,0.0,0.0,0.0,0.0,0.0,0.0,0.0,0.0,0.0,0,-107875648.0,69,0.0,138,0.0,2.012,ERR,ERR,ERR,ERR,ERR,ERR,ERR,ERR,ERR,ERR,ERR,ERR,ERR,ERR,ERR,ERR,ERR,ERR,ERR,ERR,ERR,ERR,ERR,ERR,ERR,ERR,ERR,ERR,ERR,ERR,ERR,ERR,ERR,ERR,ERR,ERR,ERR,ERR,ERR,ERR,ERR,ERR,ERR,ERR,ERR,ERR,ERR,ERR,ERR,ERR,ERR,ERR,ERR,ERR,ERR,ERR,ERR,ERR,ERR,ERR,ERR,ERR,ERR,ERR,ERR,ERR,ERR,60.0,60.0,35,0.0,0.0,0.0,0.0,0.0,0.0,0.0,0.0,0.0,0.0,0.0,0.0,0.0,0.0,0.0,0.0,64.8,0,116,56,43,65476,0,65476,1,4,4,20529,65476,0,0,2621,60.0,0.0,0.0,0.0,0.0,0.0
2026-07-09T15:42:52,ERR,ERR,ERR,ERR,ERR,ERR,ERR,ERR,ERR,ERR,ERR,ERR,ERR,ERR,ERR,ERR,ERR,ERR,ERR,ERR,ERR,ERR,ERR,ERR,ERR,ERR,ERR,ERR,ERR,ERR,ERR,ERR,ERR,ERR,ERR,ERR,ERR,ERR,ERR,ERR,ERR,ERR,ERR,ERR,ERR,ERR,ERR,ERR,ERR,ERR,ERR,ERR,ERR,ERR,ERR,ERR,ERR,ERR,ERR,ERR,ERR,ERR,ERR,ERR,ERR,ERR,ERR,ERR,ERR,ERR,ERR,ERR,ERR,ERR,ERR,ERR,ERR,ERR,ERR,ERR,ERR,ERR,ERR,ERR,ERR,ERR,ERR,ERR,ERR,ERR,ERR,ERR,ERR,ERR,ERR,ERR,ERR,ERR,ERR,ERR,ERR,ERR,ERR,ERR,ERR,ERR,ERR,ERR,ERR,ERR,ERR,ERR,ERR,ERR,ERR,ERR,ERR,ERR,ERR,ERR,ERR,ERR,ERR,ERR,ERR,0.0,-0.0,0.0,2.7183478752108883e+23,0.0,988184.125,0.0,6.1711628301403856e+29,0,0,4,17339,7116,0.0,100,0.0,0.0,2.7183478752108883e+23,0.0,0.0,0,0,0,0,0.0,0,0,0,0,0,0,0,0,0,0,0,0,0,0,0,0,0,0,0,0,0,0,0,0,0,0,0,0,0,0,0,0,0,31,40,40,71,65476,0,300,0,0,8,21553,0.0,-107605600.0,0.0,0.0,0.0,0.0,0.0,0.0,0.0,0.0,0.0,0.0,0.0,0.0,0.0,0.0,0.0,0.0,0.0,0.0,0.0,0.0,0.0,-2.004,0.0,0.0,0.0,0.0,0.0,0.0,5183.0,-2.004,6932.0,-0.0,-107616120.0,2.004,2.004,0.0,0.0,0.0,0.0,69,-0.0,-2.308829106872873e+20,0.0,0.0,0.0,0.0,0.0,0.0,0.0,0,0,0,0.0,0.0,0.0,0.0,0.0,0.0,0.0,0.0,0.0,0.0,0.0,0.0,0.0,0.0,0.0,0.0,0,-107875648.0,69,0.0,138,0.0,2.012,ERR,ERR,ERR,ERR,ERR,ERR,ERR,ERR,ERR,ERR,ERR,ERR,ERR,ERR,ERR,ERR,ERR,ERR,ERR,ERR,ERR,ERR,ERR,ERR,ERR,ERR,ERR,ERR,ERR,ERR,ERR,ERR,ERR,ERR,ERR,ERR,ERR,ERR,ERR,ERR,ERR,ERR,ERR,ERR,ERR,ERR,ERR,ERR,ERR,ERR,ERR,ERR,ERR,ERR,ERR,ERR,ERR,ERR,ERR,ERR,ERR,ERR,ERR,ERR,ERR,ERR,ERR,60.0,60.0,35,0.0,0.0,0.0,0.0,0.0,0.0,0.0,0.0,0.0,0.0,0.0,0.0,0.0,0.0,0.0,0.0,65.6,0,116,56,43,65476,0,65476,1,4,4,20529,65476,0,0,2621,60.0,0.0,0.0,0.0,0.0,0.0
2026-07-09T15:42:53,ERR,ERR,ERR,ERR,ERR,ERR,ERR,ERR,ERR,ERR,ERR,ERR,ERR,ERR,ERR,ERR,ERR,ERR,ERR,ERR,ERR,ERR,ERR,ERR,ERR,ERR,ERR,ERR,ERR,ERR,ERR,ERR,ERR,ERR,ERR,ERR,ERR,ERR,ERR,ERR,ERR,ERR,ERR,ERR,ERR,ERR,ERR,ERR,ERR,ERR,ERR,ERR,ERR,ERR,ERR,ERR,ERR,ERR,ERR,ERR,ERR,ERR,ERR,ERR,ERR,ERR,ERR,ERR,ERR,ERR,ERR,ERR,ERR,ERR,ERR,ERR,ERR,ERR,ERR,ERR,ERR,ERR,ERR,ERR,ERR,ERR,ERR,ERR,ERR,ERR,ERR,ERR,ERR,ERR,ERR,ERR,ERR,ERR,ERR,ERR,ERR,ERR,ERR,ERR,ERR,ERR,ERR,ERR,ERR,ERR,ERR,ERR,ERR,ERR,ERR,ERR,ERR,ERR,ERR,ERR,ERR,ERR,ERR,ERR,ERR,-0.0,0.0,-107090800.0,2.7183478752108883e+23,-0.004,2.866696045143328e+28,259290512.0,-1.3071587900908288e+26,0,0,4,17334,7116,0.0,100,0.0,0.0,2.7183478752108883e+23,0.0,0.0,0,0,0,0,0.0,0,0,0,0,0,0,0,0,0,0,0,0,0,0,0,0,0,0,0,0,0,0,0,0,0,0,0,0,0,0,0,0,0,31,40,40,71,65476,0,300,0,0,8,21553,0.0,-107605600.0,0.0,0.0,0.0,0.0,0.0,0.0,0.0,0.0,0.0,0.0,0.0,0.0,0.0,0.0,0.0,0.0,0.0,0.0,0.0,0.0,0.0,0.0,0.0,0.0,0.0,0.0,0.0,0.0,5161.0,-0.0,6930.0,-0.0,0.0,2.004,2.004,0.0,0.0,0.0,0.0,69,-0.0,-2.308829106872873e+20,0.0,0.0,0.0,0.0,0.0,0.0,0.0,0,0,0,0.0,0.0,0.0,0.0,0.0,0.0,0.0,0.0,0.0,0.0,0.0,0.0,0.0,0.0,0.0,0.0,0,-107875648.0,69,0.0,138,0.0,2.012,ERR,ERR,ERR,ERR,ERR,ERR,ERR,ERR,ERR,ERR,ERR,ERR,ERR,ERR,ERR,ERR,ERR,ERR,ERR,ERR,ERR,ERR,ERR,ERR,ERR,ERR,ERR,ERR,ERR,ERR,ERR,ERR,ERR,ERR,ERR,ERR,ERR,ERR,ERR,ERR,ERR,ERR,ERR,ERR,ERR,ERR,ERR,ERR,ERR,ERR,ERR,ERR,ERR,ERR,ERR,ERR,ERR,ERR,ERR,ERR,ERR,ERR,ERR,ERR,ERR,ERR,ERR,60.0,60.0,35,0.0,0.0,0.0,0.0,0.0,0.0,0.0,0.0,0.0,0.0,0.0,0.0,0.0,0.0,0.0,0.0,65.6,0,116,56,43,65476,0,65476,1,4,4,20529,65476,0,0,2621,60.0,0.0,0.0,0.0,0.0,0.0
2026-07-09T15:42:54,ERR,ERR,ERR,ERR,ERR,ERR,ERR,ERR,ERR,ERR,ERR,ERR,ERR,ERR,ERR,ERR,ERR,ERR,ERR,ERR,ERR,ERR,ERR,ERR,ERR,ERR,ERR,ERR,ERR,ERR,ERR,ERR,ERR,ERR,ERR,ERR,ERR,ERR,ERR,ERR,ERR,ERR,ERR,ERR,ERR,ERR,ERR,ERR,ERR,ERR,ERR,ERR,ERR,ERR,ERR,ERR,ERR,ERR,ERR,ERR,ERR,ERR,ERR,ERR,ERR,ERR,ERR,ERR,ERR,ERR,ERR,ERR,ERR,ERR,ERR,ERR,ERR,ERR,ERR,ERR,ERR,ERR,ERR,ERR,ERR,ERR,ERR,ERR,ERR,ERR,ERR,ERR,ERR,ERR,ERR,ERR,ERR,ERR,ERR,ERR,ERR,ERR,ERR,ERR,ERR,ERR,ERR,ERR,ERR,ERR,ERR,ERR,ERR,ERR,ERR,ERR,ERR,ERR,ERR,ERR,ERR,ERR,ERR,ERR,ERR,-0.0,0.0,-107090800.0,2.7183478752108883e+23,-0.004,2.866696045143328e+28,259290512.0,-1.3071587900908288e+26,0,0,4,17334,7116,0.0,100,0.0,0.0,2.7183478752108883e+23,0.0,0.0,0,0,0,0,0.0,0,0,0,0,0,0,0,0,0,0,0,0,0,0,0,0,0,0,0,0,0,0,0,0,0,0,0,0,0,0,0,0,0,31,40,40,71,65476,0,300,0,0,8,21553,0.0,-107605600.0,0.0,0.0,0.0,0.0,0.0,0.0,0.0,0.0,0.0,0.0,0.0,0.0,0.0,0.0,0.0,0.0,0.0,0.0,0.0,0.0,0.0,0.0,0.0,0.0,0.0,0.0,0.0,0.0,5161.0,-0.0,6930.0,-0.0,0.0,2.004,2.004,0.0,0.0,0.0,0.0,69,-0.0,-2.308829106872873e+20,0.0,0.0,0.0,0.0,0.0,0.0,0.0,0,0,0,0.0,0.0,0.0,0.0,0.0,0.0,0.0,0.0,0.0,0.0,0.0,0.0,0.0,0.0,0.0,0.0,0,-107875648.0,69,0.0,138,0.0,2.012,ERR,ERR,ERR,ERR,ERR,ERR,ERR,ERR,ERR,ERR,ERR,ERR,ERR,ERR,ERR,ERR,ERR,ERR,ERR,ERR,ERR,ERR,ERR,ERR,ERR,ERR,ERR,ERR,ERR,ERR,ERR,ERR,ERR,ERR,ERR,ERR,ERR,ERR,ERR,ERR,ERR,ERR,ERR,ERR,ERR,ERR,ERR,ERR,ERR,ERR,ERR,ERR,ERR,ERR,ERR,ERR,ERR,ERR,ERR,ERR,ERR,ERR,ERR,ERR,ERR,ERR,ERR,60.0,60.0,35,0.0,0.0,0.0,0.0,0.0,0.0,0.0,0.0,0.0,0.0,0.0,0.0,0.0,0.0,0.0,0.0,64.8,0,115,56,42,65476,0,65476,1,4,4,20529,65476,0,0,2621,60.0,0.0,0.0,0.0,0.0,0.0
2026-07-09T15:42:55,ERR,ERR,ERR,ERR,ERR,ERR,ERR,ERR,ERR,ERR,ERR,ERR,ERR,ERR,ERR,ERR,ERR,ERR,ERR,ERR,ERR,ERR,ERR,ERR,ERR,ERR,ERR,ERR,ERR,ERR,ERR,ERR,ERR,ERR,ERR,ERR,ERR,ERR,ERR,ERR,ERR,ERR,ERR,ERR,ERR,ERR,ERR,ERR,ERR,ERR,ERR,ERR,ERR,ERR,ERR,ERR,ERR,ERR,ERR,ERR,ERR,ERR,ERR,ERR,ERR,ERR,ERR,ERR,ERR,ERR,ERR,ERR,ERR,ERR,ERR,ERR,ERR,ERR,ERR,ERR,ERR,ERR,ERR,ERR,ERR,ERR,ERR,ERR,ERR,ERR,ERR,ERR,ERR,ERR,ERR,ERR,ERR,ERR,ERR,ERR,ERR,ERR,ERR,ERR,ERR,ERR,ERR,ERR,ERR,ERR,ERR,ERR,ERR,ERR,ERR,ERR,ERR,ERR,ERR,ERR,ERR,ERR,ERR,ERR,ERR,-0.0,0.0,-107090800.0,2.7183478752108883e+23,-0.004,2.866696045143328e+28,259290512.0,-1.3071587900908288e+26,0,0,4,17334,7116,0.0,100,0.0,0.0,2.7183478752108883e+23,0.0,0.0,0,0,0,0,0.0,0,0,0,0,0,0,0,0,0,0,0,0,0,0,0,0,0,0,0,0,0,0,0,0,0,0,0,0,0,0,0,0,0,31,40,40,71,65476,0,300,0,0,8,21553,0.0,-107605600.0,0.0,0.0,0.0,0.0,0.0,0.0,0.0,0.0,0.0,0.0,0.0,0.0,0.0,0.0,0.0,0.0,0.0,0.0,0.0,0.0,0.0,0.0,0.0,0.0,0.0,0.0,0.0,0.0,5161.0,-0.0,6930.0,-0.0,0.0,2.004,2.004,0.0,0.0,0.0,0.0,69,-0.0,-2.308829106872873e+20,0.0,0.0,0.0,0.0,0.0,0.0,0.0,0,0,0,0.0,0.0,0.0,0.0,0.0,0.0,0.0,0.0,0.0,0.0,0.0,0.0,0.0,0.0,0.0,0.0,0,-107875648.0,69,0.0,138,0.0,2.012,ERR,ERR,ERR,ERR,ERR,ERR,ERR,ERR,ERR,ERR,ERR,ERR,ERR,ERR,ERR,ERR,ERR,ERR,ERR,ERR,ERR,ERR,ERR,ERR,ERR,ERR,ERR,ERR,ERR,ERR,ERR,ERR,ERR,ERR,ERR,ERR,ERR,ERR,ERR,ERR,ERR,ERR,ERR,ERR,ERR,ERR,ERR,ERR,ERR,ERR,ERR,ERR,ERR,ERR,ERR,ERR,ERR,ERR,ERR,ERR,ERR,ERR,ERR,ERR,ERR,ERR,ERR,60.0,60.0,35,0.0,0.0,0.0,0.0,0.0,0.0,0.0,0.0,0.0,0.0,0.0,0.0,0.0,0.0,0.0,0.0,64.8,0,115,56,42,65476,0,65476,1,4,4,20529,65476,0,0,2621,60.0,0.0,0.0,0.0,0.0,0.0
2026-07-09T15:42:56,ERR,ERR,ERR,ERR,ERR,ERR,ERR,ERR,ERR,ERR,ERR,ERR,ERR,ERR,ERR,ERR,ERR,ERR,ERR,ERR,ERR,ERR,ERR,ERR,ERR,ERR,ERR,ERR,ERR,ERR,ERR,ERR,ERR,ERR,ERR,ERR,ERR,ERR,ERR,ERR,ERR,ERR,ERR,ERR,ERR,ERR,ERR,ERR,ERR,ERR,ERR,ERR,ERR,ERR,ERR,ERR,ERR,ERR,ERR,ERR,ERR,ERR,ERR,ERR,ERR,ERR,ERR,ERR,ERR,ERR,ERR,ERR,ERR,ERR,ERR,ERR,ERR,ERR,ERR,ERR,ERR,ERR,ERR,ERR,ERR,ERR,ERR,ERR,ERR,ERR,ERR,ERR,ERR,ERR,ERR,ERR,ERR,ERR,ERR,ERR,ERR,ERR,ERR,ERR,ERR,ERR,ERR,ERR,ERR,ERR,ERR,ERR,ERR,ERR,ERR,ERR,ERR,ERR,ERR,ERR,ERR,ERR,ERR,ERR,ERR,-0.0,0.0,-107090800.0,2.7183478752108883e+23,-0.004,2.866696045143328e+28,259290512.0,-1.3071587900908288e+26,0,0,4,17334,7116,0.0,100,0.0,0.0,2.7183478752108883e+23,0.0,0.0,0,0,0,0,0.0,0,0,0,0,0,0,0,0,0,0,0,0,0,0,0,0,0,0,0,0,0,0,0,0,0,0,0,0,0,0,0,0,0,31,40,40,71,65476,0,300,0,0,8,21553,0.0,-107605600.0,0.0,0.0,0.0,0.0,0.0,0.0,0.0,0.0,0.0,0.0,0.0,0.0,0.0,0.0,0.0,0.0,0.0,0.0,0.0,0.0,0.0,0.0,0.0,0.0,0.0,0.0,0.0,0.0,5161.0,-0.0,6930.0,-0.0,0.0,2.004,2.004,0.0,0.0,0.0,0.0,69,-0.0,-2.308829106872873e+20,0.0,0.0,0.0,0.0,0.0,0.0,0.0,0,0,0,0.0,0.0,0.0,0.0,0.0,0.0,0.0,0.0,0.0,0.0,0.0,0.0,0.0,0.0,0.0,0.0,0,-107875648.0,69,0.0,138,0.0,2.012,ERR,ERR,ERR,ERR,ERR,ERR,ERR,ERR,ERR,ERR,ERR,ERR,ERR,ERR,ERR,ERR,ERR,ERR,ERR,ERR,ERR,ERR,ERR,ERR,ERR,ERR,ERR,ERR,ERR,ERR,ERR,ERR,ERR,ERR,ERR,ERR,ERR,ERR,ERR,ERR,ERR,ERR,ERR,ERR,ERR,ERR,ERR,ERR,ERR,ERR,ERR,ERR,ERR,ERR,ERR,ERR,ERR,ERR,ERR,ERR,ERR,ERR,ERR,ERR,ERR,ERR,ERR,60.0,60.0,35,0.0,0.0,0.0,0.0,0.0,0.0,0.0,0.0,0.0,0.0,0.0,0.0,0.0,0.0,0.0,0.0,65.2,0,115,56,42,65476,0,65476,1,4,4,20529,65476,0,0,2621,60.0,0.0,0.0,0.0,0.0,0.0
2026-07-09T15:42:57,ERR,ERR,ERR,ERR,ERR,ERR,ERR,ERR,ERR,ERR,ERR,ERR,ERR,ERR,ERR,ERR,ERR,ERR,ERR,ERR,ERR,ERR,ERR,ERR,ERR,ERR,ERR,ERR,ERR,ERR,ERR,ERR,ERR,ERR,ERR,ERR,ERR,ERR,ERR,ERR,ERR,ERR,ERR,ERR,ERR,ERR,ERR,ERR,ERR,ERR,ERR,ERR,ERR,ERR,ERR,ERR,ERR,ERR,ERR,ERR,ERR,ERR,ERR,ERR,ERR,ERR,ERR,ERR,ERR,ERR,ERR,ERR,ERR,ERR,ERR,ERR,ERR,ERR,ERR,ERR,ERR,ERR,ERR,ERR,ERR,ERR,ERR,ERR,ERR,ERR,ERR,ERR,ERR,ERR,ERR,ERR,ERR,ERR,ERR,ERR,ERR,ERR,ERR,ERR,ERR,ERR,ERR,ERR,ERR,ERR,ERR,ERR,ERR,ERR,ERR,ERR,ERR,ERR,ERR,ERR,ERR,ERR,ERR,ERR,ERR,-0.0,0.0,-107090800.0,2.7183478752108883e+23,-0.004,2.866696045143328e+28,259290512.0,-1.3071587900908288e+26,0,0,4,17334,7116,0.0,100,0.0,0.0,2.7183478752108883e+23,0.0,0.0,0,0,0,0,0.0,0,0,0,0,0,0,0,0,0,0,0,0,0,0,0,0,0,0,0,0,0,0,0,0,0,0,0,0,0,0,0,0,0,31,40,40,71,65476,0,300,0,0,8,21553,0.0,-107605600.0,0.0,0.0,0.0,0.0,0.0,0.0,0.0,0.0,0.0,0.0,0.0,0.0,0.0,0.0,0.0,0.0,0.0,0.0,0.0,0.0,0.0,0.0,0.0,0.0,0.0,0.0,0.0,0.0,5161.0,-0.0,6930.0,-0.0,0.0,2.004,2.004,0.0,0.0,0.0,0.0,69,-0.0,-2.308829106872873e+20,0.0,0.0,0.0,0.0,0.0,0.0,0.0,0,0,0,0.0,0.0,0.0,0.0,0.0,0.0,0.0,0.0,0.0,0.0,0.0,0.0,0.0,0.0,0.0,0.0,0,-107875648.0,69,0.0,138,0.0,2.012,ERR,ERR,ERR,ERR,ERR,ERR,ERR,ERR,ERR,ERR,ERR,ERR,ERR,ERR,ERR,ERR,ERR,ERR,ERR,ERR,ERR,ERR,ERR,ERR,ERR,ERR,ERR,ERR,ERR,ERR,ERR,ERR,ERR,ERR,ERR,ERR,ERR,ERR,ERR,ERR,ERR,ERR,ERR,ERR,ERR,ERR,ERR,ERR,ERR,ERR,ERR,ERR,ERR,ERR,ERR,ERR,ERR,ERR,ERR,ERR,ERR,ERR,ERR,ERR,ERR,ERR,ERR,60.0,60.0,35,0.0,0.0,0.0,0.0,0.0,0.0,0.0,0.0,0.0,0.0,0.0,0.0,0.0,0.0,0.0,0.0,64.8,0,115,56,42,65476,0,65476,1,4,4,20529,65476,0,0,2621,60.0,0.0,0.0,0.0,0.0,0.0
2026-07-09T15:42:58,ERR,ERR,ERR,ERR,ERR,ERR,ERR,ERR,ERR,ERR,ERR,ERR,ERR,ERR,ERR,ERR,ERR,ERR,ERR,ERR,ERR,ERR,ERR,ERR,ERR,ERR,ERR,ERR,ERR,ERR,ERR,ERR,ERR,ERR,ERR,ERR,ERR,ERR,ERR,ERR,ERR,ERR,ERR,ERR,ERR,ERR,ERR,ERR,ERR,ERR,ERR,ERR,ERR,ERR,ERR,ERR,ERR,ERR,ERR,ERR,ERR,ERR,ERR,ERR,ERR,ERR,ERR,ERR,ERR,ERR,ERR,ERR,ERR,ERR,ERR,ERR,ERR,ERR,ERR,ERR,ERR,ERR,ERR,ERR,ERR,ERR,ERR,ERR,ERR,ERR,ERR,ERR,ERR,ERR,ERR,ERR,ERR,ERR,ERR,ERR,ERR,ERR,ERR,ERR,ERR,ERR,ERR,ERR,ERR,ERR,ERR,ERR,ERR,ERR,ERR,ERR,ERR,ERR,ERR,ERR,ERR,ERR,ERR,ERR,ERR,-0.0,-0.0,-0.0,0.0,2.9056836261247388e+25,-0.0,-0.0,0.0,0,0,4,17338,7116,0.0,100,0.0,0.0,0.0,0.0,0.0,0,0,0,0,0.0,0,0,0,0,0,0,0,0,0,0,0,0,0,0,0,0,0,0,0,0,0,0,0,0,0,0,0,0,0,0,0,0,0,31,40,40,71,65476,0,300,0,0,8,21553,0.0,-107605600.0,0.0,0.0,0.0,0.0,0.0,0.0,0.0,0.0,0.0,0.0,0.0,0.0,0.0,0.0,0.0,0.0,0.0,0.0,0.0,0.0,0.0,-0.0,0.0,0.0,0.0,0.0,0.0,0.0,5169.0,-0.0,6930.0,0.0,-107616128.0,2.004,2.004,0.0,0.0,0.0,0.0,69,-2.3088356159817096e+20,-107614832.0,0.0,0.0,0.0,0.0,0.0,0.0,0.0,0,0,0,0.0,0.0,0.0,0.0,0.0,0.0,0.0,0.0,0.0,0.0,0.0,0.0,0.0,0.0,0.0,0.0,0,-107875648.0,69,0.0,138,0.0,2.012,ERR,ERR,ERR,ERR,ERR,ERR,ERR,ERR,ERR,ERR,ERR,ERR,ERR,ERR,ERR,ERR,ERR,ERR,ERR,ERR,ERR,ERR,ERR,ERR,ERR,ERR,ERR,ERR,ERR,ERR,ERR,ERR,ERR,ERR,ERR,ERR,ERR,ERR,ERR,ERR,ERR,ERR,ERR,ERR,ERR,ERR,ERR,ERR,ERR,ERR,ERR,ERR,ERR,ERR,ERR,ERR,ERR,ERR,ERR,ERR,ERR,ERR,ERR,ERR,ERR,ERR,ERR,60.0,60.0,35,0.0,0.0,0.0,0.0,0.0,0.0,0.0,0.0,0.0,0.0,0.0,0.0,0.0,0.0,0.0,0.0,64.8,0,115,56,42,65476,0,65476,1,4,4,20529,65476,0,0,2621,60.0,0.0,0.0,0.0,0.0,0.0
2026-07-09T15:42:59,ERR,ERR,ERR,ERR,ERR,ERR,ERR,ERR,ERR,ERR,ERR,ERR,ERR,ERR,ERR,ERR,ERR,ERR,ERR,ERR,ERR,ERR,ERR,ERR,ERR,ERR,ERR,ERR,ERR,ERR,ERR,ERR,ERR,ERR,ERR,ERR,ERR,ERR,ERR,ERR,ERR,ERR,ERR,ERR,ERR,ERR,ERR,ERR,ERR,ERR,ERR,ERR,ERR,ERR,ERR,ERR,ERR,ERR,ERR,ERR,ERR,ERR,ERR,ERR,ERR,ERR,ERR,ERR,ERR,ERR,ERR,ERR,ERR,ERR,ERR,ERR,ERR,ERR,ERR,ERR,ERR,ERR,ERR,ERR,ERR,ERR,ERR,ERR,ERR,ERR,ERR,ERR,ERR,ERR,ERR,ERR,ERR,ERR,ERR,ERR,ERR,ERR,ERR,ERR,ERR,ERR,ERR,ERR,ERR,ERR,ERR,ERR,ERR,ERR,ERR,ERR,ERR,ERR,ERR,ERR,ERR,ERR,ERR,ERR,ERR,-0.0,-0.0,-0.0,0.0,2.9056836261247388e+25,-0.0,-0.0,0.0,0,0,4,17338,7116,0.0,100,0.0,0.0,0.0,0.0,0.0,0,0,0,0,0.0,0,0,0,0,0,0,0,0,0,0,0,0,0,0,0,0,0,0,0,0,0,0,0,0,0,0,0,0,0,0,0,0,0,31,40,40,71,65476,0,300,0,0,8,21553,0.0,-107605600.0,0.0,0.0,0.0,0.0,0.0,0.0,0.0,0.0,0.0,0.0,0.0,0.0,0.0,0.0,0.0,0.0,0.0,0.0,0.0,0.0,0.0,-0.0,0.0,0.0,0.0,0.0,0.0,0.0,5169.0,-0.0,6930.0,0.0,-107616128.0,2.004,2.004,0.0,0.0,0.0,0.0,69,-2.3088356159817096e+20,-107614832.0,0.0,0.0,0.0,0.0,0.0,0.0,0.0,0,0,0,0.0,0.0,0.0,0.0,0.0,0.0,0.0,0.0,0.0,0.0,0.0,0.0,0.0,0.0,0.0,0.0,0,-107875648.0,69,0.0,138,0.0,2.012,ERR,ERR,ERR,ERR,ERR,ERR,ERR,ERR,ERR,ERR,ERR,ERR,ERR,ERR,ERR,ERR,ERR,ERR,ERR,ERR,ERR,ERR,ERR,ERR,ERR,ERR,ERR,ERR,ERR,ERR,ERR,ERR,ERR,ERR,ERR,ERR,ERR,ERR,ERR,ERR,ERR,ERR,ERR,ERR,ERR,ERR,ERR,ERR,ERR,ERR,ERR,ERR,ERR,ERR,ERR,ERR,ERR,ERR,ERR,ERR,ERR,ERR,ERR,ERR,ERR,ERR,ERR,60.0,60.0,35,0.0,0.0,0.0,0.0,0.0,0.0,0.0,0.0,0.0,0.0,0.0,0.0,0.0,0.0,0.0,0.0,65.6,0,115,56,42,65476,0,65476,1,4,4,20529,65476,0,0,2621,60.0,0.0,0.0,0.0,0.0,0.0
2026-07-09T15:43:00,ERR,ERR,ERR,ERR,ERR,ERR,ERR,ERR,ERR,ERR,ERR,ERR,ERR,ERR,ERR,ERR,ERR,ERR,ERR,ERR,ERR,ERR,ERR,ERR,ERR,ERR,ERR,ERR,ERR,ERR,ERR,ERR,ERR,ERR,ERR,ERR,ERR,ERR,ERR,ERR,ERR,ERR,ERR,ERR,ERR,ERR,ERR,ERR,ERR,ERR,ERR,ERR,ERR,ERR,ERR,ERR,ERR,ERR,ERR,ERR,ERR,ERR,ERR,ERR,ERR,ERR,ERR,ERR,ERR,ERR,ERR,ERR,ERR,ERR,ERR,ERR,ERR,ERR,ERR,ERR,ERR,ERR,ERR,ERR,ERR,ERR,ERR,ERR,ERR,ERR,ERR,ERR,ERR,ERR,ERR,ERR,ERR,ERR,ERR,ERR,ERR,ERR,ERR,ERR,ERR,ERR,ERR,ERR,ERR,ERR,ERR,ERR,ERR,ERR,ERR,ERR,ERR,ERR,ERR,ERR,ERR,ERR,ERR,ERR,ERR,-0.0,-0.0,-0.0,0.0,2.9056836261247388e+25,-0.0,-0.0,0.0,0,0,4,17338,7116,0.0,100,0.0,0.0,0.0,0.0,0.0,0,0,0,0,0.0,0,0,0,0,0,0,0,0,0,0,0,0,0,0,0,0,0,0,0,0,0,0,0,0,0,0,0,0,0,0,0,0,0,31,40,40,71,65476,0,300,0,0,8,21553,0.0,-107605600.0,0.0,0.0,0.0,0.0,0.0,0.0,0.0,0.0,0.0,0.0,0.0,0.0,0.0,0.0,0.0,0.0,0.0,0.0,0.0,0.0,0.0,-0.0,0.0,0.0,0.0,0.0,0.0,0.0,5169.0,-0.0,6930.0,0.0,-107616128.0,2.004,2.004,0.0,0.0,0.0,0.0,69,-2.3088356159817096e+20,-107614832.0,0.0,0.0,0.0,0.0,0.0,0.0,0.0,0,0,0,0.0,0.0,0.0,0.0,0.0,0.0,0.0,0.0,0.0,0.0,0.0,0.0,0.0,0.0,0.0,0.0,0,-107875648.0,69,0.0,138,0.0,2.012,ERR,ERR,ERR,ERR,ERR,ERR,ERR,ERR,ERR,ERR,ERR,ERR,ERR,ERR,ERR,ERR,ERR,ERR,ERR,ERR,ERR,ERR,ERR,ERR,ERR,ERR,ERR,ERR,ERR,ERR,ERR,ERR,ERR,ERR,ERR,ERR,ERR,ERR,ERR,ERR,ERR,ERR,ERR,ERR,ERR,ERR,ERR,ERR,ERR,ERR,ERR,ERR,ERR,ERR,ERR,ERR,ERR,ERR,ERR,ERR,ERR,ERR,ERR,ERR,ERR,ERR,ERR,60.0,60.0,35,0.0,0.0,0.0,0.0,0.0,0.0,0.0,0.0,0.0,0.0,0.0,0.0,0.0,0.0,0.0,0.0,65.6,0,115,56,42,65476,0,65476,1,4,4,20529,65476,0,0,2621,60.0,0.0,0.0,0.0,0.0,0.0
2026-07-09T15:43:01,ERR,ERR,ERR,ERR,ERR,ERR,ERR,ERR,ERR,ERR,ERR,ERR,ERR,ERR,ERR,ERR,ERR,ERR,ERR,ERR,ERR,ERR,ERR,ERR,ERR,ERR,ERR,ERR,ERR,ERR,ERR,ERR,ERR,ERR,ERR,ERR,ERR,ERR,ERR,ERR,ERR,ERR,ERR,ERR,ERR,ERR,ERR,ERR,ERR,ERR,ERR,ERR,ERR,ERR,ERR,ERR,ERR,ERR,ERR,ERR,ERR,ERR,ERR,ERR,ERR,ERR,ERR,ERR,ERR,ERR,ERR,ERR,ERR,ERR,ERR,ERR,ERR,ERR,ERR,ERR,ERR,ERR,ERR,ERR,ERR,ERR,ERR,ERR,ERR,ERR,ERR,ERR,ERR,ERR,ERR,ERR,ERR,ERR,ERR,ERR,ERR,ERR,ERR,ERR,ERR,ERR,ERR,ERR,ERR,ERR,ERR,ERR,ERR,ERR,ERR,ERR,ERR,ERR,ERR,ERR,ERR,ERR,ERR,ERR,ERR,-0.0,-0.0,-0.0,0.0,2.9056836261247388e+25,-0.0,-0.0,0.0,0,0,4,17338,7116,0.0,100,0.0,0.0,0.0,0.0,0.0,0,0,0,0,0.0,0,0,0,0,0,0,0,0,0,0,0,0,0,0,0,0,0,0,0,0,0,0,0,0,0,0,0,0,0,0,0,0,0,31,40,40,71,65476,0,300,0,0,8,21553,0.0,-107605600.0,0.0,0.0,0.0,0.0,0.0,0.0,0.0,0.0,0.0,0.0,0.0,0.0,0.0,0.0,0.0,0.0,0.0,0.0,0.0,0.0,0.0,-0.0,0.0,0.0,0.0,0.0,0.0,0.0,5169.0,-0.0,6930.0,0.0,-107616128.0,2.004,2.004,0.0,0.0,0.0,0.0,69,-2.3088356159817096e+20,-107614832.0,0.0,0.0,0.0,0.0,0.0,0.0,0.0,0,0,0,0.0,0.0,0.0,0.0,0.0,0.0,0.0,0.0,0.0,0.0,0.0,0.0,0.0,0.0,0.0,0.0,0,-107875648.0,69,0.0,138,0.0,2.012,ERR,ERR,ERR,ERR,ERR,ERR,ERR,ERR,ERR,ERR,ERR,ERR,ERR,ERR,ERR,ERR,ERR,ERR,ERR,ERR,ERR,ERR,ERR,ERR,ERR,ERR,ERR,ERR,ERR,ERR,ERR,ERR,ERR,ERR,ERR,ERR,ERR,ERR,ERR,ERR,ERR,ERR,ERR,ERR,ERR,ERR,ERR,ERR,ERR,ERR,ERR,ERR,ERR,ERR,ERR,ERR,ERR,ERR,ERR,ERR,ERR,ERR,ERR,ERR,ERR,ERR,ERR,60.0,60.0,35,0.0,0.0,0.0,0.0,0.0,0.0,0.0,0.0,0.0,0.0,0.0,0.0,0.0,0.0,0.0,0.0,64.8,0,115,56,42,65476,0,65476,1,4,4,20529,65476,0,0,2621,60.0,0.0,0.0,0.0,0.0,0.0
2026-07-09T15:43:02,ERR,ERR,ERR,ERR,ERR,ERR,ERR,ERR,ERR,ERR,ERR,ERR,ERR,ERR,ERR,ERR,ERR,ERR,ERR,ERR,ERR,ERR,ERR,ERR,ERR,ERR,ERR,ERR,ERR,ERR,ERR,ERR,ERR,ERR,ERR,ERR,ERR,ERR,ERR,ERR,ERR,ERR,ERR,ERR,ERR,ERR,ERR,ERR,ERR,ERR,ERR,ERR,ERR,ERR,ERR,ERR,ERR,ERR,ERR,ERR,ERR,ERR,ERR,ERR,ERR,ERR,ERR,ERR,ERR,ERR,ERR,ERR,ERR,ERR,ERR,ERR,ERR,ERR,ERR,ERR,ERR,ERR,ERR,ERR,ERR,ERR,ERR,ERR,ERR,ERR,ERR,ERR,ERR,ERR,ERR,ERR,ERR,ERR,ERR,ERR,ERR,ERR,ERR,ERR,ERR,ERR,ERR,ERR,ERR,ERR,ERR,ERR,ERR,ERR,ERR,ERR,ERR,ERR,ERR,ERR,ERR,ERR,ERR,ERR,ERR,0.0,0.0,2.7184246165485387e+23,2.7183478752108883e+23,-1.2640955271820614e+30,-0.0,-0.0,0.0,0,0,4,17338,7116,0.0,100,0.0,0.0,2.7183478752108883e+23,0.0,0.0,0,0,0,0,0.0,0,0,0,0,0,0,0,0,0,0,0,0,0,0,0,0,0,0,0,0,0,0,0,0,0,0,0,0,0,0,0,0,0,31,40,40,71,65476,0,300,0,0,8,21553,0.0,-107605600.0,0.0,0.0,0.0,0.0,0.0,0.0,0.0,0.0,0.0,0.0,0.0,0.0,0.0,0.0,0.0,0.0,0.0,0.0,0.0,0.0,2.004,-2.004,0.0,0.0,0.0,0.0,0.0,0.0,5180.0,564146168922112.0,6923.0,0.0,0.0,2.004,2.004,0.0,0.0,0.0,0.0,69,0.0,-0.0,0.0,0.0,0.0,0.0,0.0,0.0,0.0,0,0,0,0.0,0.0,0.0,0.0,0.0,0.0,0.0,0.0,0.0,0.0,0.0,0.0,0.0,0.0,0.0,0.0,0,-107875648.0,69,0.0,138,0.0,2.012,ERR,ERR,ERR,ERR,ERR,ERR,ERR,ERR,ERR,ERR,ERR,ERR,ERR,ERR,ERR,ERR,ERR,ERR,ERR,ERR,ERR,ERR,ERR,ERR,ERR,ERR,ERR,ERR,ERR,ERR,ERR,ERR,ERR,ERR,ERR,ERR,ERR,ERR,ERR,ERR,ERR,ERR,ERR,ERR,ERR,ERR,ERR,ERR,ERR,ERR,ERR,ERR,ERR,ERR,ERR,ERR,ERR,ERR,ERR,ERR,ERR,ERR,ERR,ERR,ERR,ERR,ERR,60.0,60.0,35,0.0,0.0,0.0,0.0,0.0,0.0,0.0,0.0,0.0,0.0,0.0,0.0,0.0,0.0,0.0,0.0,65.6,0,115,56,42,65476,0,65476,1,4,4,20529,65476,0,0,2621,60.0,0.0,0.0,0.0,0.0,0.0
2026-07-09T15:43:03,ERR,ERR,ERR,ERR,ERR,ERR,ERR,ERR,ERR,ERR,ERR,ERR,ERR,ERR,ERR,ERR,ERR,ERR,ERR,ERR,ERR,ERR,ERR,ERR,ERR,ERR,ERR,ERR,ERR,ERR,ERR,ERR,ERR,ERR,ERR,ERR,ERR,ERR,ERR,ERR,ERR,ERR,ERR,ERR,ERR,ERR,ERR,ERR,ERR,ERR,ERR,ERR,ERR,ERR,ERR,ERR,ERR,ERR,ERR,ERR,ERR,ERR,ERR,ERR,ERR,ERR,ERR,ERR,ERR,ERR,ERR,ERR,ERR,ERR,ERR,ERR,ERR,ERR,ERR,ERR,ERR,ERR,ERR,ERR,ERR,ERR,ERR,ERR,ERR,ERR,ERR,ERR,ERR,ERR,ERR,ERR,ERR,ERR,ERR,ERR,ERR,ERR,ERR,ERR,ERR,ERR,ERR,ERR,ERR,ERR,ERR,ERR,ERR,ERR,ERR,ERR,ERR,ERR,ERR,ERR,ERR,ERR,ERR,ERR,ERR,0.0,0.0,2.7184246165485387e+23,2.7183478752108883e+23,-1.2640955271820614e+30,-0.0,-0.0,0.0,0,0,4,17338,7116,0.0,100,0.0,0.0,2.7183478752108883e+23,0.0,0.0,0,0,0,0,0.0,0,0,0,0,0,0,0,0,0,0,0,0,0,0,0,0,0,0,0,0,0,0,0,0,0,0,0,0,0,0,0,0,0,31,40,40,71,65476,0,300,0,0,8,21553,0.0,-107605600.0,0.0,0.0,0.0,0.0,0.0,0.0,0.0,0.0,0.0,0.0,0.0,0.0,0.0,0.0,0.0,0.0,0.0,0.0,0.0,0.0,2.004,-2.004,0.0,0.0,0.0,0.0,0.0,0.0,5180.0,564146168922112.0,6923.0,0.0,0.0,2.004,2.004,0.0,0.0,0.0,0.0,69,0.0,-0.0,0.0,0.0,0.0,0.0,0.0,0.0,0.0,0,0,0,0.0,0.0,0.0,0.0,0.0,0.0,0.0,0.0,0.0,0.0,0.0,0.0,0.0,0.0,0.0,0.0,0,-107875648.0,69,0.0,138,0.0,2.012,ERR,ERR,ERR,ERR,ERR,ERR,ERR,ERR,ERR,ERR,ERR,ERR,ERR,ERR,ERR,ERR,ERR,ERR,ERR,ERR,ERR,ERR,ERR,ERR,ERR,ERR,ERR,ERR,ERR,ERR,ERR,ERR,ERR,ERR,ERR,ERR,ERR,ERR,ERR,ERR,ERR,ERR,ERR,ERR,ERR,ERR,ERR,ERR,ERR,ERR,ERR,ERR,ERR,ERR,ERR,ERR,ERR,ERR,ERR,ERR,ERR,ERR,ERR,ERR,ERR,ERR,ERR,60.0,60.0,35,0.0,0.0,0.0,0.0,0.0,0.0,0.0,0.0,0.0,0.0,0.0,0.0,0.0,0.0,0.0,0.0,65.6,0,115,56,42,65476,0,65476,1,4,4,20529,65476,0,0,2621,60.0,0.0,0.0,0.0,0.0,0.0
2026-07-09T15:43:04,ERR,ERR,ERR,ERR,ERR,ERR,ERR,ERR,ERR,ERR,ERR,ERR,ERR,ERR,ERR,ERR,ERR,ERR,ERR,ERR,ERR,ERR,ERR,ERR,ERR,ERR,ERR,ERR,ERR,ERR,ERR,ERR,ERR,ERR,ERR,ERR,ERR,ERR,ERR,ERR,ERR,ERR,ERR,ERR,ERR,ERR,ERR,ERR,ERR,ERR,ERR,ERR,ERR,ERR,ERR,ERR,ERR,ERR,ERR,ERR,ERR,ERR,ERR,ERR,ERR,ERR,ERR,ERR,ERR,ERR,ERR,ERR,ERR,ERR,ERR,ERR,ERR,ERR,ERR,ERR,ERR,ERR,ERR,ERR,ERR,ERR,ERR,ERR,ERR,ERR,ERR,ERR,ERR,ERR,ERR,ERR,ERR,ERR,ERR,ERR,ERR,ERR,ERR,ERR,ERR,ERR,ERR,ERR,ERR,ERR,ERR,ERR,ERR,ERR,ERR,ERR,ERR,ERR,ERR,ERR,ERR,ERR,ERR,ERR,ERR,0.0,0.0,2.7184246165485387e+23,2.7183478752108883e+23,-1.2640955271820614e+30,-0.0,-0.0,0.0,0,0,4,17338,7116,0.0,100,0.0,0.0,2.7183478752108883e+23,0.0,0.0,0,0,0,0,0.0,0,0,0,0,0,0,0,0,0,0,0,0,0,0,0,0,0,0,0,0,0,0,0,0,0,0,0,0,0,0,0,0,0,31,40,40,71,65476,0,300,0,0,8,21553,0.0,-107605600.0,0.0,0.0,0.0,0.0,0.0,0.0,0.0,0.0,0.0,0.0,0.0,0.0,0.0,0.0,0.0,0.0,0.0,0.0,0.0,0.0,2.004,-2.004,0.0,0.0,0.0,0.0,0.0,0.0,5180.0,564146168922112.0,6923.0,0.0,0.0,2.004,2.004,0.0,0.0,0.0,0.0,69,0.0,-0.0,0.0,0.0,0.0,0.0,0.0,0.0,0.0,0,0,0,0.0,0.0,0.0,0.0,0.0,0.0,0.0,0.0,0.0,0.0,0.0,0.0,0.0,0.0,0.0,0.0,0,-107875648.0,69,0.0,138,0.0,2.012,ERR,ERR,ERR,ERR,ERR,ERR,ERR,ERR,ERR,ERR,ERR,ERR,ERR,ERR,ERR,ERR,ERR,ERR,ERR,ERR,ERR,ERR,ERR,ERR,ERR,ERR,ERR,ERR,ERR,ERR,ERR,ERR,ERR,ERR,ERR,ERR,ERR,ERR,ERR,ERR,ERR,ERR,ERR,ERR,ERR,ERR,ERR,ERR,ERR,ERR,ERR,ERR,ERR,ERR,ERR,ERR,ERR,ERR,ERR,ERR,ERR,ERR,ERR,ERR,ERR,ERR,ERR,60.0,60.0,35,0.0,0.0,0.0,0.0,0.0,0.0,0.0,0.0,0.0,0.0,0.0,0.0,0.0,0.0,0.0,0.0,64.8,0,115,56,42,65476,0,65476,1,4,4,20529,65476,0,0,2621,60.0,0.0,0.0,0.0,0.0,0.0
2026-07-09T15:43:05,ERR,ERR,ERR,ERR,ERR,ERR,ERR,ERR,ERR,ERR,ERR,ERR,ERR,ERR,ERR,ERR,ERR,ERR,ERR,ERR,ERR,ERR,ERR,ERR,ERR,ERR,ERR,ERR,ERR,ERR,ERR,ERR,ERR,ERR,ERR,ERR,ERR,ERR,ERR,ERR,ERR,ERR,ERR,ERR,ERR,ERR,ERR,ERR,ERR,ERR,ERR,ERR,ERR,ERR,ERR,ERR,ERR,ERR,ERR,ERR,ERR,ERR,ERR,ERR,ERR,ERR,ERR,ERR,ERR,ERR,ERR,ERR,ERR,ERR,ERR,ERR,ERR,ERR,ERR,ERR,ERR,ERR,ERR,ERR,ERR,ERR,ERR,ERR,ERR,ERR,ERR,ERR,ERR,ERR,ERR,ERR,ERR,ERR,ERR,ERR,ERR,ERR,ERR,ERR,ERR,ERR,ERR,ERR,ERR,ERR,ERR,ERR,ERR,ERR,ERR,ERR,ERR,ERR,ERR,ERR,ERR,ERR,ERR,ERR,ERR,0.0,0.0,2.7184246165485387e+23,2.7183478752108883e+23,-1.2640955271820614e+30,-0.0,-0.0,0.0,0,0,4,17338,7116,0.0,100,0.0,0.0,2.7183478752108883e+23,0.0,0.0,0,0,0,0,0.0,0,0,0,0,0,0,0,0,0,0,0,0,0,0,0,0,0,0,0,0,0,0,0,0,0,0,0,0,0,0,0,0,0,31,40,40,71,65476,0,300,0,0,8,21553,0.0,-107605600.0,0.0,0.0,0.0,0.0,0.0,0.0,0.0,0.0,0.0,0.0,0.0,0.0,0.0,0.0,0.0,0.0,0.0,0.0,0.0,0.0,2.004,-2.004,0.0,0.0,0.0,0.0,0.0,0.0,5180.0,564146168922112.0,6923.0,0.0,0.0,2.004,2.004,0.0,0.0,0.0,0.0,69,0.0,-0.0,0.0,0.0,0.0,0.0,0.0,0.0,0.0,0,0,0,0.0,0.0,0.0,0.0,0.0,0.0,0.0,0.0,0.0,0.0,0.0,0.0,0.0,0.0,0.0,0.0,0,-107875648.0,69,0.0,138,0.0,2.012,ERR,ERR,ERR,ERR,ERR,ERR,ERR,ERR,ERR,ERR,ERR,ERR,ERR,ERR,ERR,ERR,ERR,ERR,ERR,ERR,ERR,ERR,ERR,ERR,ERR,ERR,ERR,ERR,ERR,ERR,ERR,ERR,ERR,ERR,ERR,ERR,ERR,ERR,ERR,ERR,ERR,ERR,ERR,ERR,ERR,ERR,ERR,ERR,ERR,ERR,ERR,ERR,ERR,ERR,ERR,ERR,ERR,ERR,ERR,ERR,ERR,ERR,ERR,ERR,ERR,ERR,ERR,60.0,60.0,35,0.0,0.0,0.0,0.0,0.0,0.0,0.0,0.0,0.0,0.0,0.0,0.0,0.0,0.0,0.0,0.0,64.8,0,115,56,42,65476,0,65476,1,4,4,20529,65476,0,0,2621,60.0,0.0,0.0,0.0,0.0,0.0
2026-07-09T15:43:06,ERR,ERR,ERR,ERR,ERR,ERR,ERR,ERR,ERR,ERR,ERR,ERR,ERR,ERR,ERR,ERR,ERR,ERR,ERR,ERR,ERR,ERR,ERR,ERR,ERR,ERR,ERR,ERR,ERR,ERR,ERR,ERR,ERR,ERR,ERR,ERR,ERR,ERR,ERR,ERR,ERR,ERR,ERR,ERR,ERR,ERR,ERR,ERR,ERR,ERR,ERR,ERR,ERR,ERR,ERR,ERR,ERR,ERR,ERR,ERR,ERR,ERR,ERR,ERR,ERR,ERR,ERR,ERR,ERR,ERR,ERR,ERR,ERR,ERR,ERR,ERR,ERR,ERR,ERR,ERR,ERR,ERR,ERR,ERR,ERR,ERR,ERR,ERR,ERR,ERR,ERR,ERR,ERR,ERR,ERR,ERR,ERR,ERR,ERR,ERR,ERR,ERR,ERR,ERR,ERR,ERR,ERR,ERR,ERR,ERR,ERR,ERR,ERR,ERR,ERR,ERR,ERR,ERR,ERR,ERR,ERR,ERR,ERR,ERR,ERR,0.0,0.0,2.7184246165485387e+23,2.7183478752108883e+23,-1.2640955271820614e+30,-0.0,-0.0,0.0,0,0,4,17338,7116,0.0,100,0.0,0.0,2.7183478752108883e+23,0.0,0.0,0,0,0,0,0.0,0,0,0,0,0,0,0,0,0,0,0,0,0,0,0,0,0,0,0,0,0,0,0,0,0,0,0,0,0,0,0,0,0,31,40,40,71,65476,0,300,0,0,8,21553,0.0,-107605600.0,0.0,0.0,0.0,0.0,0.0,0.0,0.0,0.0,0.0,0.0,0.0,0.0,0.0,0.0,0.0,0.0,0.0,0.0,0.0,0.0,2.004,-2.004,0.0,0.0,0.0,0.0,0.0,0.0,5180.0,564146168922112.0,6923.0,0.0,0.0,2.004,2.004,0.0,0.0,0.0,0.0,69,0.0,-0.0,0.0,0.0,0.0,0.0,0.0,0.0,0.0,0,0,0,0.0,0.0,0.0,0.0,0.0,0.0,0.0,0.0,0.0,0.0,0.0,0.0,0.0,0.0,0.0,0.0,0,-107875648.0,69,0.0,138,0.0,2.012,ERR,ERR,ERR,ERR,ERR,ERR,ERR,ERR,ERR,ERR,ERR,ERR,ERR,ERR,ERR,ERR,ERR,ERR,ERR,ERR,ERR,ERR,ERR,ERR,ERR,ERR,ERR,ERR,ERR,ERR,ERR,ERR,ERR,ERR,ERR,ERR,ERR,ERR,ERR,ERR,ERR,ERR,ERR,ERR,ERR,ERR,ERR,ERR,ERR,ERR,ERR,ERR,ERR,ERR,ERR,ERR,ERR,ERR,ERR,ERR,ERR,ERR,ERR,ERR,ERR,ERR,ERR,60.0,60.0,35,0.0,0.0,0.0,0.0,0.0,0.0,0.0,0.0,0.0,0.0,0.0,0.0,0.0,0.0,0.0,0.0,64.8,0,115,55,42,65476,0,65476,1,4,4,20529,65476,0,0,2621,60.0,0.0,0.0,0.0,0.0,0.0
2026-07-09T15:43:07,ERR,ERR,ERR,ERR,ERR,ERR,ERR,ERR,ERR,ERR,ERR,ERR,ERR,ERR,ERR,ERR,ERR,ERR,ERR,ERR,ERR,ERR,ERR,ERR,ERR,ERR,ERR,ERR,ERR,ERR,ERR,ERR,ERR,ERR,ERR,ERR,ERR,ERR,ERR,ERR,ERR,ERR,ERR,ERR,ERR,ERR,ERR,ERR,ERR,ERR,ERR,ERR,ERR,ERR,ERR,ERR,ERR,ERR,ERR,ERR,ERR,ERR,ERR,ERR,ERR,ERR,ERR,ERR,ERR,ERR,ERR,ERR,ERR,ERR,ERR,ERR,ERR,ERR,ERR,ERR,ERR,ERR,ERR,ERR,ERR,ERR,ERR,ERR,ERR,ERR,ERR,ERR,ERR,ERR,ERR,ERR,ERR,ERR,ERR,ERR,ERR,ERR,ERR,ERR,ERR,ERR,ERR,ERR,ERR,ERR,ERR,ERR,ERR,ERR,ERR,ERR,ERR,ERR,ERR,ERR,ERR,ERR,ERR,ERR,ERR,0.0,0.0,2.7184246165485387e+23,2.7183478752108883e+23,-1.2640955271820614e+30,-0.0,-0.0,0.0,0,0,4,17338,7116,0.0,100,0.0,0.0,2.7183478752108883e+23,0.0,0.0,0,0,0,0,0.0,0,0,0,0,0,0,0,0,0,0,0,0,0,0,0,0,0,0,0,0,0,0,0,0,0,0,0,0,0,0,0,0,0,31,40,40,71,65476,0,300,0,0,8,21553,0.0,-107605600.0,0.0,0.0,0.0,0.0,0.0,0.0,0.0,0.0,0.0,0.0,0.0,0.0,0.0,0.0,0.0,0.0,0.0,0.0,0.0,0.0,2.004,-2.004,0.0,0.0,0.0,0.0,0.0,0.0,5180.0,564146168922112.0,6923.0,0.0,0.0,2.004,2.004,0.0,0.0,0.0,0.0,69,0.0,-0.0,0.0,0.0,0.0,0.0,0.0,0.0,0.0,0,0,0,0.0,0.0,0.0,0.0,0.0,0.0,0.0,0.0,0.0,0.0,0.0,0.0,0.0,0.0,0.0,0.0,0,-107875648.0,69,0.0,138,0.0,2.012,ERR,ERR,ERR,ERR,ERR,ERR,ERR,ERR,ERR,ERR,ERR,ERR,ERR,ERR,ERR,ERR,ERR,ERR,ERR,ERR,ERR,ERR,ERR,ERR,ERR,ERR,ERR,ERR,ERR,ERR,ERR,ERR,ERR,ERR,ERR,ERR,ERR,ERR,ERR,ERR,ERR,ERR,ERR,ERR,ERR,ERR,ERR,ERR,ERR,ERR,ERR,ERR,ERR,ERR,ERR,ERR,ERR,ERR,ERR,ERR,ERR,ERR,ERR,ERR,ERR,ERR,ERR,60.0,60.0,35,0.0,0.0,0.0,0.0,0.0,0.0,0.0,0.0,0.0,0.0,0.0,0.0,0.0,0.0,0.0,0.0,64.8,0,115,55,42,65476,0,65476,1,4,4,20529,65476,0,0,2621,60.0,0.0,0.0,0.0,0.0,0.0
2026-07-09T15:43:08,ERR,ERR,ERR,ERR,ERR,ERR,ERR,ERR,ERR,ERR,ERR,ERR,ERR,ERR,ERR,ERR,ERR,ERR,ERR,ERR,ERR,ERR,ERR,ERR,ERR,ERR,ERR,ERR,ERR,ERR,ERR,ERR,ERR,ERR,ERR,ERR,ERR,ERR,ERR,ERR,ERR,ERR,ERR,ERR,ERR,ERR,ERR,ERR,ERR,ERR,ERR,ERR,ERR,ERR,ERR,ERR,ERR,ERR,ERR,ERR,ERR,ERR,ERR,ERR,ERR,ERR,ERR,ERR,ERR,ERR,ERR,ERR,ERR,ERR,ERR,ERR,ERR,ERR,ERR,ERR,ERR,ERR,ERR,ERR,ERR,ERR,ERR,ERR,ERR,ERR,ERR,ERR,ERR,ERR,ERR,ERR,ERR,ERR,ERR,ERR,ERR,ERR,ERR,ERR,ERR,ERR,ERR,ERR,ERR,ERR,ERR,ERR,ERR,ERR,ERR,ERR,ERR,ERR,ERR,ERR,ERR,ERR,ERR,ERR,ERR,2.718424976836509e+23,2.718447855122616e+23,2.7184246165485387e+23,2.7183478752108883e+23,-1.2640955271820614e+30,0.0,-4265400598528.0,-0.0,0,0,4,17338,7116,0.0,100,0.0,0.0,2.7183478752108883e+23,0.0,0.0,0,0,0,0,0.0,0,0,0,0,0,0,0,0,0,0,0,0,0,0,0,0,0,0,0,0,0,0,0,0,0,0,0,0,0,0,0,0,0,31,40,40,71,65476,0,300,0,0,8,21553,0.0,-107605600.0,0.0,0.0,0.0,0.0,0.0,0.0,0.0,0.0,0.0,0.0,0.0,0.0,0.0,0.0,0.0,0.0,0.0,0.0,0.0,0.0,-0.0,-3.697070904806107e+19,0.0,0.0,0.0,0.0,0.0,0.0,5154.0,564146168922112.0,6923.0,2.718424976836509e+23,2.718447855122616e+23,2.004,2.004,0.0,0.0,0.0,0.0,69,0.0,-0.0,0.0,0.0,0.0,0.0,0.0,0.0,0.0,0,0,0,0.0,0.0,0.0,0.0,0.0,0.0,0.0,0.0,0.0,0.0,0.0,0.0,0.0,0.0,0.0,0.0,0,-107875648.0,69,0.0,138,0.0,2.012,ERR,ERR,ERR,ERR,ERR,ERR,ERR,ERR,ERR,ERR,ERR,ERR,ERR,ERR,ERR,ERR,ERR,ERR,ERR,ERR,ERR,ERR,ERR,ERR,ERR,ERR,ERR,ERR,ERR,ERR,ERR,ERR,ERR,ERR,ERR,ERR,ERR,ERR,ERR,ERR,ERR,ERR,ERR,ERR,ERR,ERR,ERR,ERR,ERR,ERR,ERR,ERR,ERR,ERR,ERR,ERR,ERR,ERR,ERR,ERR,ERR,ERR,ERR,ERR,ERR,ERR,ERR,60.0,60.0,35,0.0,0.0,0.0,0.0,0.0,0.0,0.0,0.0,0.0,0.0,0.0,0.0,0.0,0.0,0.0,0.0,64.8,0,115,55,42,65476,0,65476,1,4,4,20529,65476,0,0,2621,60.0,0.0,0.0,0.0,0.0,0.0
2026-07-09T15:43:09,ERR,ERR,ERR,ERR,ERR,ERR,ERR,ERR,ERR,ERR,ERR,ERR,ERR,ERR,ERR,ERR,ERR,ERR,ERR,ERR,ERR,ERR,ERR,ERR,ERR,ERR,ERR,ERR,ERR,ERR,ERR,ERR,ERR,ERR,ERR,ERR,ERR,ERR,ERR,ERR,ERR,ERR,ERR,ERR,ERR,ERR,ERR,ERR,ERR,ERR,ERR,ERR,ERR,ERR,ERR,ERR,ERR,ERR,ERR,ERR,ERR,ERR,ERR,ERR,ERR,ERR,ERR,ERR,ERR,ERR,ERR,ERR,ERR,ERR,ERR,ERR,ERR,ERR,ERR,ERR,ERR,ERR,ERR,ERR,ERR,ERR,ERR,ERR,ERR,ERR,ERR,ERR,ERR,ERR,ERR,ERR,ERR,ERR,ERR,ERR,ERR,ERR,ERR,ERR,ERR,ERR,ERR,ERR,ERR,ERR,ERR,ERR,ERR,ERR,ERR,ERR,ERR,ERR,ERR,ERR,ERR,ERR,ERR,ERR,ERR,2.718424976836509e+23,2.718447855122616e+23,2.7184246165485387e+23,2.7183478752108883e+23,-1.2640955271820614e+30,0.0,-4265400598528.0,-0.0,0,0,4,17338,7116,0.0,100,0.0,0.0,2.7183478752108883e+23,0.0,0.0,0,0,0,0,0.0,0,0,0,0,0,0,0,0,0,0,0,0,0,0,0,0,0,0,0,0,0,0,0,0,0,0,0,0,0,0,0,0,0,31,40,40,71,65476,0,300,0,0,8,21553,0.0,-107605600.0,0.0,0.0,0.0,0.0,0.0,0.0,0.0,0.0,0.0,0.0,0.0,0.0,0.0,0.0,0.0,0.0,0.0,0.0,0.0,0.0,-0.0,-3.697070904806107e+19,0.0,0.0,0.0,0.0,0.0,0.0,5154.0,564146168922112.0,6923.0,2.718424976836509e+23,2.718447855122616e+23,2.004,2.004,0.0,0.0,0.0,0.0,69,0.0,-0.0,0.0,0.0,0.0,0.0,0.0,0.0,0.0,0,0,0,0.0,0.0,0.0,0.0,0.0,0.0,0.0,0.0,0.0,0.0,0.0,0.0,0.0,0.0,0.0,0.0,0,-107875648.0,69,0.0,138,0.0,2.012,ERR,ERR,ERR,ERR,ERR,ERR,ERR,ERR,ERR,ERR,ERR,ERR,ERR,ERR,ERR,ERR,ERR,ERR,ERR,ERR,ERR,ERR,ERR,ERR,ERR,ERR,ERR,ERR,ERR,ERR,ERR,ERR,ERR,ERR,ERR,ERR,ERR,ERR,ERR,ERR,ERR,ERR,ERR,ERR,ERR,ERR,ERR,ERR,ERR,ERR,ERR,ERR,ERR,ERR,ERR,ERR,ERR,ERR,ERR,ERR,ERR,ERR,ERR,ERR,ERR,ERR,ERR,60.0,60.0,35,0.0,0.0,0.0,0.0,0.0,0.0,0.0,0.0,0.0,0.0,0.0,0.0,0.0,0.0,0.0,0.0,64.8,0,114,55,42,65476,0,65476,1,4,4,20529,65476,0,0,2621,60.0,0.0,0.0,0.0,0.0,0.0
2026-07-09T15:43:10,ERR,ERR,ERR,ERR,ERR,ERR,ERR,ERR,ERR,ERR,ERR,ERR,ERR,ERR,ERR,ERR,ERR,ERR,ERR,ERR,ERR,ERR,ERR,ERR,ERR,ERR,ERR,ERR,ERR,ERR,ERR,ERR,ERR,ERR,ERR,ERR,ERR,ERR,ERR,ERR,ERR,ERR,ERR,ERR,ERR,ERR,ERR,ERR,ERR,ERR,ERR,ERR,ERR,ERR,ERR,ERR,ERR,ERR,ERR,ERR,ERR,ERR,ERR,ERR,ERR,ERR,ERR,ERR,ERR,ERR,ERR,ERR,ERR,ERR,ERR,ERR,ERR,ERR,ERR,ERR,ERR,ERR,ERR,ERR,ERR,ERR,ERR,ERR,ERR,ERR,ERR,ERR,ERR,ERR,ERR,ERR,ERR,ERR,ERR,ERR,ERR,ERR,ERR,ERR,ERR,ERR,ERR,ERR,ERR,ERR,ERR,ERR,ERR,ERR,ERR,ERR,ERR,ERR,ERR,ERR,ERR,ERR,ERR,ERR,ERR,2.718424976836509e+23,2.718447855122616e+23,2.7184246165485387e+23,2.7183478752108883e+23,-1.2640955271820614e+30,0.0,-4265400598528.0,-0.0,0,0,4,17338,7116,0.0,100,0.0,0.0,2.7183478752108883e+23,0.0,0.0,0,0,0,0,0.0,0,0,0,0,0,0,0,0,0,0,0,0,0,0,0,0,0,0,0,0,0,0,0,0,0,0,0,0,0,0,0,0,0,31,40,40,71,65476,0,300,0,0,8,21553,0.0,-107605600.0,0.0,0.0,0.0,0.0,0.0,0.0,0.0,0.0,0.0,0.0,0.0,0.0,0.0,0.0,0.0,0.0,0.0,0.0,0.0,0.0,-0.0,-3.697070904806107e+19,0.0,0.0,0.0,0.0,0.0,0.0,5154.0,564146168922112.0,6923.0,2.718424976836509e+23,2.718447855122616e+23,2.004,2.004,0.0,0.0,0.0,0.0,69,0.0,-0.0,0.0,0.0,0.0,0.0,0.0,0.0,0.0,0,0,0,0.0,0.0,0.0,0.0,0.0,0.0,0.0,0.0,0.0,0.0,0.0,0.0,0.0,0.0,0.0,0.0,0,-107875648.0,69,0.0,138,0.0,2.012,ERR,ERR,ERR,ERR,ERR,ERR,ERR,ERR,ERR,ERR,ERR,ERR,ERR,ERR,ERR,ERR,ERR,ERR,ERR,ERR,ERR,ERR,ERR,ERR,ERR,ERR,ERR,ERR,ERR,ERR,ERR,ERR,ERR,ERR,ERR,ERR,ERR,ERR,ERR,ERR,ERR,ERR,ERR,ERR,ERR,ERR,ERR,ERR,ERR,ERR,ERR,ERR,ERR,ERR,ERR,ERR,ERR,ERR,ERR,ERR,ERR,ERR,ERR,ERR,ERR,ERR,ERR,60.0,60.0,35,0.0,0.0,0.0,0.0,0.0,0.0,0.0,0.0,0.0,0.0,0.0,0.0,0.0,0.0,0.0,0.0,64.8,0,114,55,42,65476,0,65476,1,4,4,20529,65476,0,0,2621,60.0,0.0,0.0,0.0,0.0,0.0
2026-07-09T15:43:11,ERR,ERR,ERR,ERR,ERR,ERR,ERR,ERR,ERR,ERR,ERR,ERR,ERR,ERR,ERR,ERR,ERR,ERR,ERR,ERR,ERR,ERR,ERR,ERR,ERR,ERR,ERR,ERR,ERR,ERR,ERR,ERR,ERR,ERR,ERR,ERR,ERR,ERR,ERR,ERR,ERR,ERR,ERR,ERR,ERR,ERR,ERR,ERR,ERR,ERR,ERR,ERR,ERR,ERR,ERR,ERR,ERR,ERR,ERR,ERR,ERR,ERR,ERR,ERR,ERR,ERR,ERR,ERR,ERR,ERR,ERR,ERR,ERR,ERR,ERR,ERR,ERR,ERR,ERR,ERR,ERR,ERR,ERR,ERR,ERR,ERR,ERR,ERR,ERR,ERR,ERR,ERR,ERR,ERR,ERR,ERR,ERR,ERR,ERR,ERR,ERR,ERR,ERR,ERR,ERR,ERR,ERR,ERR,ERR,ERR,ERR,ERR,ERR,ERR,ERR,ERR,ERR,ERR,ERR,ERR,ERR,ERR,ERR,ERR,ERR,2.718424976836509e+23,2.718447855122616e+23,2.7184246165485387e+23,2.7183478752108883e+23,-1.2640955271820614e+30,0.0,-4265400598528.0,-0.0,0,0,4,17338,7116,0.0,100,0.0,0.0,2.7183478752108883e+23,0.0,0.0,0,0,0,0,0.0,0,0,0,0,0,0,0,0,0,0,0,0,0,0,0,0,0,0,0,0,0,0,0,0,0,0,0,0,0,0,0,0,0,31,40,40,71,65476,0,300,0,0,8,21553,0.0,-107605600.0,0.0,0.0,0.0,0.0,0.0,0.0,0.0,0.0,0.0,0.0,0.0,0.0,0.0,0.0,0.0,0.0,0.0,0.0,0.0,0.0,-0.0,-3.697070904806107e+19,0.0,0.0,0.0,0.0,0.0,0.0,5154.0,564146168922112.0,6923.0,2.718424976836509e+23,2.718447855122616e+23,2.004,2.004,0.0,0.0,0.0,0.0,69,0.0,-0.0,0.0,0.0,0.0,0.0,0.0,0.0,0.0,0,0,0,0.0,0.0,0.0,0.0,0.0,0.0,0.0,0.0,0.0,0.0,0.0,0.0,0.0,0.0,0.0,0.0,0,-107875648.0,69,0.0,138,0.0,2.012,ERR,ERR,ERR,ERR,ERR,ERR,ERR,ERR,ERR,ERR,ERR,ERR,ERR,ERR,ERR,ERR,ERR,ERR,ERR,ERR,ERR,ERR,ERR,ERR,ERR,ERR,ERR,ERR,ERR,ERR,ERR,ERR,ERR,ERR,ERR,ERR,ERR,ERR,ERR,ERR,ERR,ERR,ERR,ERR,ERR,ERR,ERR,ERR,ERR,ERR,ERR,ERR,ERR,ERR,ERR,ERR,ERR,ERR,ERR,ERR,ERR,ERR,ERR,ERR,ERR,ERR,ERR,60.0,60.0,35,0.0,0.0,0.0,0.0,0.0,0.0,0.0,0.0,0.0,0.0,0.0,0.0,0.0,0.0,0.0,0.0,64.8,0,114,55,42,65476,0,65476,1,4,4,20529,65476,0,0,2621,60.0,0.0,0.0,0.0,0.0,0.0
2026-07-09T15:43:12,ERR,ERR,ERR,ERR,ERR,ERR,ERR,ERR,ERR,ERR,ERR,ERR,ERR,ERR,ERR,ERR,ERR,ERR,ERR,ERR,ERR,ERR,ERR,ERR,ERR,ERR,ERR,ERR,ERR,ERR,ERR,ERR,ERR,ERR,ERR,ERR,ERR,ERR,ERR,ERR,ERR,ERR,ERR,ERR,ERR,ERR,ERR,ERR,ERR,ERR,ERR,ERR,ERR,ERR,ERR,ERR,ERR,ERR,ERR,ERR,ERR,ERR,ERR,ERR,ERR,ERR,ERR,ERR,ERR,ERR,ERR,ERR,ERR,ERR,ERR,ERR,ERR,ERR,ERR,ERR,ERR,ERR,ERR,ERR,ERR,ERR,ERR,ERR,ERR,ERR,ERR,ERR,ERR,ERR,ERR,ERR,ERR,ERR,ERR,ERR,ERR,ERR,ERR,ERR,ERR,ERR,ERR,ERR,ERR,ERR,ERR,ERR,ERR,ERR,ERR,ERR,ERR,ERR,ERR,ERR,ERR,ERR,ERR,ERR,ERR,2.718424976836509e+23,-0.0,-108139392.0,2.7183478752108883e+23,0.505,-0.0,-0.0,249089.062,0,0,4,17339,7116,0.0,100,0.0,0.0,2.7183478752108883e+23,0.0,0.0,0,0,0,0,0.0,0,0,0,0,0,0,0,0,0,0,0,0,0,0,0,0,0,0,0,0,0,0,0,0,0,0,0,0,0,0,0,0,0,31,40,40,71,65476,0,300,0,0,8,21553,0.0,-107605600.0,0.0,0.0,0.0,0.0,0.0,0.0,0.0,0.0,0.0,0.0,0.0,0.0,-2.596148429267414e+33,0.0,0.0,0.0,0.0,0.0,0.0,0.0,-0.0,0.0,0.0,0.0,0.0,0.0,0.0,0.0,5165.0,1.0406659998269917e+34,6927.0,2.718424976836509e+23,-107616136.0,2.004,2.004,0.0,0.0,0.0,0.0,69,0.0,-0.0,0.0,0.0,0.0,0.0,0.0,0.0,0.0,0,0,0,0.0,0.0,0.0,0.0,0.0,0.0,0.0,0.0,0.0,0.0,0.0,0.0,0.0,0.0,0.0,0.0,0,-107875648.0,69,0.0,138,0.0,2.012,ERR,ERR,ERR,ERR,ERR,ERR,ERR,ERR,ERR,ERR,ERR,ERR,ERR,ERR,ERR,ERR,ERR,ERR,ERR,ERR,ERR,ERR,ERR,ERR,ERR,ERR,ERR,ERR,ERR,ERR,ERR,ERR,ERR,ERR,ERR,ERR,ERR,ERR,ERR,ERR,ERR,ERR,ERR,ERR,ERR,ERR,ERR,ERR,ERR,ERR,ERR,ERR,ERR,ERR,ERR,ERR,ERR,ERR,ERR,ERR,ERR,ERR,ERR,ERR,ERR,ERR,ERR,60.0,60.0,35,0.0,0.0,0.0,0.0,0.0,0.0,0.0,0.0,0.0,0.0,0.0,0.0,0.0,0.0,0.0,0.0,65.6,0,114,55,42,65476,0,300,0,0,8,20529,65476,0,0,2621,60.0,0.0,0.0,0.0,0.0,0.0
2026-07-09T15:43:13,ERR,ERR,ERR,ERR,ERR,ERR,ERR,ERR,ERR,ERR,ERR,ERR,ERR,ERR,ERR,ERR,ERR,ERR,ERR,ERR,ERR,ERR,ERR,ERR,ERR,ERR,ERR,ERR,ERR,ERR,ERR,ERR,ERR,ERR,ERR,ERR,ERR,ERR,ERR,ERR,ERR,ERR,ERR,ERR,ERR,ERR,ERR,ERR,ERR,ERR,ERR,ERR,ERR,ERR,ERR,ERR,ERR,ERR,ERR,ERR,ERR,ERR,ERR,ERR,ERR,ERR,ERR,ERR,ERR,ERR,ERR,ERR,ERR,ERR,ERR,ERR,ERR,ERR,ERR,ERR,ERR,ERR,ERR,ERR,ERR,ERR,ERR,ERR,ERR,ERR,ERR,ERR,ERR,ERR,ERR,ERR,ERR,ERR,ERR,ERR,ERR,ERR,ERR,ERR,ERR,ERR,ERR,ERR,ERR,ERR,ERR,ERR,ERR,ERR,ERR,ERR,ERR,ERR,ERR,ERR,ERR,ERR,ERR,ERR,ERR,2.718424976836509e+23,-0.0,-108139392.0,2.7183478752108883e+23,0.505,-0.0,-0.0,249089.062,0,0,4,17339,7116,0.0,100,0.0,0.0,2.7183478752108883e+23,0.0,0.0,0,0,0,0,0.0,0,0,0,0,0,0,0,0,0,0,0,0,0,0,0,0,0,0,0,0,0,0,0,0,0,0,0,0,0,0,0,0,0,31,40,40,71,65476,0,300,0,0,8,21553,0.0,-107605600.0,0.0,0.0,0.0,0.0,0.0,0.0,0.0,0.0,0.0,0.0,0.0,0.0,-2.596148429267414e+33,0.0,0.0,0.0,0.0,0.0,0.0,0.0,-0.0,0.0,0.0,0.0,0.0,0.0,0.0,0.0,5165.0,1.0406659998269917e+34,6927.0,2.718424976836509e+23,-107616136.0,2.004,2.004,0.0,0.0,0.0,0.0,69,0.0,-0.0,0.0,0.0,0.0,0.0,0.0,0.0,0.0,0,0,0,0.0,0.0,0.0,0.0,0.0,0.0,0.0,0.0,0.0,0.0,0.0,0.0,0.0,0.0,0.0,0.0,0,-107875648.0,69,0.0,138,0.0,2.012,ERR,ERR,ERR,ERR,ERR,ERR,ERR,ERR,ERR,ERR,ERR,ERR,ERR,ERR,ERR,ERR,ERR,ERR,ERR,ERR,ERR,ERR,ERR,ERR,ERR,ERR,ERR,ERR,ERR,ERR,ERR,ERR,ERR,ERR,ERR,ERR,ERR,ERR,ERR,ERR,ERR,ERR,ERR,ERR,ERR,ERR,ERR,ERR,ERR,ERR,ERR,ERR,ERR,ERR,ERR,ERR,ERR,ERR,ERR,ERR,ERR,ERR,ERR,ERR,ERR,ERR,ERR,60.0,60.0,35,0.0,0.0,0.0,0.0,0.0,0.0,0.0,0.0,0.0,0.0,0.0,0.0,0.0,0.0,0.0,0.0,65.6,0,114,55,42,65476,0,300,0,0,8,20529,65476,0,0,2621,60.0,0.0,0.0,0.0,0.0,0.0
2026-07-09T15:43:14,ERR,ERR,ERR,ERR,ERR,ERR,ERR,ERR,ERR,ERR,ERR,ERR,ERR,ERR,ERR,ERR,ERR,ERR,ERR,ERR,ERR,ERR,ERR,ERR,ERR,ERR,ERR,ERR,ERR,ERR,ERR,ERR,ERR,ERR,ERR,ERR,ERR,ERR,ERR,ERR,ERR,ERR,ERR,ERR,ERR,ERR,ERR,ERR,ERR,ERR,ERR,ERR,ERR,ERR,ERR,ERR,ERR,ERR,ERR,ERR,ERR,ERR,ERR,ERR,ERR,ERR,ERR,ERR,ERR,ERR,ERR,ERR,ERR,ERR,ERR,ERR,ERR,ERR,ERR,ERR,ERR,ERR,ERR,ERR,ERR,ERR,ERR,ERR,ERR,ERR,ERR,ERR,ERR,ERR,ERR,ERR,ERR,ERR,ERR,ERR,ERR,ERR,ERR,ERR,ERR,ERR,ERR,ERR,ERR,ERR,ERR,ERR,ERR,ERR,ERR,ERR,ERR,ERR,ERR,ERR,ERR,ERR,ERR,ERR,ERR,2.718424976836509e+23,-0.0,-108139392.0,2.7183478752108883e+23,0.505,-0.0,-0.0,249089.062,0,0,4,17339,7116,0.0,100,0.0,0.0,2.7183478752108883e+23,0.0,0.0,0,0,0,0,0.0,0,0,0,0,0,0,0,0,0,0,0,0,0,0,0,0,0,0,0,0,0,0,0,0,0,0,0,0,0,0,0,0,0,31,40,40,71,65476,0,300,0,0,8,21553,0.0,-107605600.0,0.0,0.0,0.0,0.0,0.0,0.0,0.0,0.0,0.0,0.0,0.0,0.0,-2.596148429267414e+33,0.0,0.0,0.0,0.0,0.0,0.0,0.0,-0.0,0.0,0.0,0.0,0.0,0.0,0.0,0.0,5165.0,1.0406659998269917e+34,6927.0,2.718424976836509e+23,-107616136.0,2.004,2.004,0.0,0.0,0.0,0.0,69,0.0,-0.0,0.0,0.0,0.0,0.0,0.0,0.0,0.0,0,0,0,0.0,0.0,0.0,0.0,0.0,0.0,0.0,0.0,0.0,0.0,0.0,0.0,0.0,0.0,0.0,0.0,0,-107875648.0,69,0.0,138,0.0,2.012,ERR,ERR,ERR,ERR,ERR,ERR,ERR,ERR,ERR,ERR,ERR,ERR,ERR,ERR,ERR,ERR,ERR,ERR,ERR,ERR,ERR,ERR,ERR,ERR,ERR,ERR,ERR,ERR,ERR,ERR,ERR,ERR,ERR,ERR,ERR,ERR,ERR,ERR,ERR,ERR,ERR,ERR,ERR,ERR,ERR,ERR,ERR,ERR,ERR,ERR,ERR,ERR,ERR,ERR,ERR,ERR,ERR,ERR,ERR,ERR,ERR,ERR,ERR,ERR,ERR,ERR,ERR,60.0,60.0,35,0.0,0.0,0.0,0.0,0.0,0.0,0.0,0.0,0.0,0.0,0.0,0.0,0.0,0.0,0.0,0.0,65.6,0,114,55,42,65476,0,300,0,0,8,20529,65476,0,0,2621,60.0,0.0,0.0,0.0,0.0,0.0
2026-07-09T15:43:15,ERR,ERR,ERR,ERR,ERR,ERR,ERR,ERR,ERR,ERR,ERR,ERR,ERR,ERR,ERR,ERR,ERR,ERR,ERR,ERR,ERR,ERR,ERR,ERR,ERR,ERR,ERR,ERR,ERR,ERR,ERR,ERR,ERR,ERR,ERR,ERR,ERR,ERR,ERR,ERR,ERR,ERR,ERR,ERR,ERR,ERR,ERR,ERR,ERR,ERR,ERR,ERR,ERR,ERR,ERR,ERR,ERR,ERR,ERR,ERR,ERR,ERR,ERR,ERR,ERR,ERR,ERR,ERR,ERR,ERR,ERR,ERR,ERR,ERR,ERR,ERR,ERR,ERR,ERR,ERR,ERR,ERR,ERR,ERR,ERR,ERR,ERR,ERR,ERR,ERR,ERR,ERR,ERR,ERR,ERR,ERR,ERR,ERR,ERR,ERR,ERR,ERR,ERR,ERR,ERR,ERR,ERR,ERR,ERR,ERR,ERR,ERR,ERR,ERR,ERR,ERR,ERR,ERR,ERR,ERR,ERR,ERR,ERR,ERR,ERR,2.718424976836509e+23,-0.0,-108139392.0,2.7183478752108883e+23,0.505,-0.0,-0.0,249089.062,0,0,4,17339,7116,0.0,100,0.0,0.0,2.7183478752108883e+23,0.0,0.0,0,0,0,0,0.0,0,0,0,0,0,0,0,0,0,0,0,0,0,0,0,0,0,0,0,0,0,0,0,0,0,0,0,0,0,0,0,0,0,31,40,40,71,65476,0,300,0,0,8,21553,0.0,-107605600.0,0.0,0.0,0.0,0.0,0.0,0.0,0.0,0.0,0.0,0.0,0.0,0.0,-2.596148429267414e+33,0.0,0.0,0.0,0.0,0.0,0.0,0.0,-0.0,0.0,0.0,0.0,0.0,0.0,0.0,0.0,5165.0,1.0406659998269917e+34,6927.0,2.718424976836509e+23,-107616136.0,2.004,2.004,0.0,0.0,0.0,0.0,69,0.0,-0.0,0.0,0.0,0.0,0.0,0.0,0.0,0.0,0,0,0,0.0,0.0,0.0,0.0,0.0,0.0,0.0,0.0,0.0,0.0,0.0,0.0,0.0,0.0,0.0,0.0,0,-107875648.0,69,0.0,138,0.0,2.012,ERR,ERR,ERR,ERR,ERR,ERR,ERR,ERR,ERR,ERR,ERR,ERR,ERR,ERR,ERR,ERR,ERR,ERR,ERR,ERR,ERR,ERR,ERR,ERR,ERR,ERR,ERR,ERR,ERR,ERR,ERR,ERR,ERR,ERR,ERR,ERR,ERR,ERR,ERR,ERR,ERR,ERR,ERR,ERR,ERR,ERR,ERR,ERR,ERR,ERR,ERR,ERR,ERR,ERR,ERR,ERR,ERR,ERR,ERR,ERR,ERR,ERR,ERR,ERR,ERR,ERR,ERR,60.0,60.0,35,0.0,0.0,0.0,0.0,0.0,0.0,0.0,0.0,0.0,0.0,0.0,0.0,0.0,0.0,0.0,0.0,65.6,0,114,55,42,65476,0,300,0,0,8,20529,65476,0,0,2621,60.0,0.0,0.0,0.0,0.0,0.0
2026-07-09T15:43:16,ERR,ERR,ERR,ERR,ERR,ERR,ERR,ERR,ERR,ERR,ERR,ERR,ERR,ERR,ERR,ERR,ERR,ERR,ERR,ERR,ERR,ERR,ERR,ERR,ERR,ERR,ERR,ERR,ERR,ERR,ERR,ERR,ERR,ERR,ERR,ERR,ERR,ERR,ERR,ERR,ERR,ERR,ERR,ERR,ERR,ERR,ERR,ERR,ERR,ERR,ERR,ERR,ERR,ERR,ERR,ERR,ERR,ERR,ERR,ERR,ERR,ERR,ERR,ERR,ERR,ERR,ERR,ERR,ERR,ERR,ERR,ERR,ERR,ERR,ERR,ERR,ERR,ERR,ERR,ERR,ERR,ERR,ERR,ERR,ERR,ERR,ERR,ERR,ERR,ERR,ERR,ERR,ERR,ERR,ERR,ERR,ERR,ERR,ERR,ERR,ERR,ERR,ERR,ERR,ERR,ERR,ERR,ERR,ERR,ERR,ERR,ERR,ERR,ERR,ERR,ERR,ERR,ERR,ERR,ERR,ERR,ERR,ERR,ERR,ERR,2.718424976836509e+23,-0.0,-108139392.0,2.7183478752108883e+23,0.505,-0.0,-0.0,249089.062,0,0,4,17339,7116,0.0,100,0.0,0.0,2.7183478752108883e+23,0.0,0.0,0,0,0,0,0.0,0,0,0,0,0,0,0,0,0,0,0,0,0,0,0,0,0,0,0,0,0,0,0,0,0,0,0,0,0,0,0,0,0,31,40,40,71,65476,0,300,0,0,8,21553,0.0,-107605600.0,0.0,0.0,0.0,0.0,0.0,0.0,0.0,0.0,0.0,0.0,0.0,0.0,-2.596148429267414e+33,0.0,0.0,0.0,0.0,0.0,0.0,0.0,-0.0,0.0,0.0,0.0,0.0,0.0,0.0,0.0,5165.0,1.0406659998269917e+34,6927.0,2.718424976836509e+23,-107616136.0,2.004,2.004,0.0,0.0,0.0,0.0,69,0.0,-0.0,0.0,0.0,0.0,0.0,0.0,0.0,0.0,0,0,0,0.0,0.0,0.0,0.0,0.0,0.0,0.0,0.0,0.0,0.0,0.0,0.0,0.0,0.0,0.0,0.0,0,-107875648.0,69,0.0,138,0.0,2.012,ERR,ERR,ERR,ERR,ERR,ERR,ERR,ERR,ERR,ERR,ERR,ERR,ERR,ERR,ERR,ERR,ERR,ERR,ERR,ERR,ERR,ERR,ERR,ERR,ERR,ERR,ERR,ERR,ERR,ERR,ERR,ERR,ERR,ERR,ERR,ERR,ERR,ERR,ERR,ERR,ERR,ERR,ERR,ERR,ERR,ERR,ERR,ERR,ERR,ERR,ERR,ERR,ERR,ERR,ERR,ERR,ERR,ERR,ERR,ERR,ERR,ERR,ERR,ERR,ERR,ERR,ERR,60.0,60.0,35,0.0,0.0,0.0,0.0,0.0,0.0,0.0,0.0,0.0,0.0,0.0,0.0,0.0,0.0,0.0,0.0,64.8,0,114,55,42,65476,0,300,0,0,8,20529,65476,0,0,2621,60.0,0.0,0.0,0.0,0.0,0.0
2026-07-09T15:43:17,ERR,ERR,ERR,ERR,ERR,ERR,ERR,ERR,ERR,ERR,ERR,ERR,ERR,ERR,ERR,ERR,ERR,ERR,ERR,ERR,ERR,ERR,ERR,ERR,ERR,ERR,ERR,ERR,ERR,ERR,ERR,ERR,ERR,ERR,ERR,ERR,ERR,ERR,ERR,ERR,ERR,ERR,ERR,ERR,ERR,ERR,ERR,ERR,ERR,ERR,ERR,ERR,ERR,ERR,ERR,ERR,ERR,ERR,ERR,ERR,ERR,ERR,ERR,ERR,ERR,ERR,ERR,ERR,ERR,ERR,ERR,ERR,ERR,ERR,ERR,ERR,ERR,ERR,ERR,ERR,ERR,ERR,ERR,ERR,ERR,ERR,ERR,ERR,ERR,ERR,ERR,ERR,ERR,ERR,ERR,ERR,ERR,ERR,ERR,ERR,ERR,ERR,ERR,ERR,ERR,ERR,ERR,ERR,ERR,ERR,ERR,ERR,ERR,ERR,ERR,ERR,ERR,ERR,ERR,ERR,ERR,ERR,ERR,ERR,ERR,-107615120.0,0.0,-0.0,2.7183478752108883e+23,-8981939478331392.0,0.0,1222167494656.0,1.53572142009544e+25,0,0,4,17336,7116,0.0,100,0.0,0.0,2.7183478752108883e+23,0.0,0.0,0,0,0,0,0.0,0,0,0,0,0,0,0,0,0,0,0,0,0,0,0,0,0,0,0,0,0,0,0,0,0,0,0,0,0,0,0,0,0,31,40,40,71,65476,0,300,0,0,8,21553,0.0,-107605600.0,0.0,0.0,0.0,0.0,0.0,0.0,0.0,0.0,0.0,0.0,0.0,0.0,0.0,0.0,0.0,0.0,0.0,0.0,0.0,0.0,-2.004,3.697071344610758e+19,0.0,0.0,0.0,0.0,0.0,0.0,5175.0,-0.0,6933.0,-107615120.0,0.0,2.004,2.004,0.0,0.0,0.0,0.0,69,89220.875,-3.2220049808530565e+26,0.0,0.0,0.0,0.0,0.0,0.0,0.0,0,0,0,0.0,0.0,0.0,0.0,0.0,0.0,0.0,0.0,0.0,0.0,0.0,0.0,0.0,0.0,0.0,0.0,0,-107875648.0,69,0.0,138,0.0,2.012,ERR,ERR,ERR,ERR,ERR,ERR,ERR,ERR,ERR,ERR,ERR,ERR,ERR,ERR,ERR,ERR,ERR,ERR,ERR,ERR,ERR,ERR,ERR,ERR,ERR,ERR,ERR,ERR,ERR,ERR,ERR,ERR,ERR,ERR,ERR,ERR,ERR,ERR,ERR,ERR,ERR,ERR,ERR,ERR,ERR,ERR,ERR,ERR,ERR,ERR,ERR,ERR,ERR,ERR,ERR,ERR,ERR,ERR,ERR,ERR,ERR,ERR,ERR,ERR,ERR,ERR,ERR,60.0,60.0,35,0.0,0.0,0.0,0.0,0.0,0.0,0.0,0.0,0.0,0.0,0.0,0.0,0.0,0.0,0.0,0.0,64.8,0,114,55,41,65476,0,300,0,0,8,20529,65476,0,0,2621,60.0,0.0,0.0,0.0,0.0,0.0
2026-07-09T15:43:18,ERR,ERR,ERR,ERR,ERR,ERR,ERR,ERR,ERR,ERR,ERR,ERR,ERR,ERR,ERR,ERR,ERR,ERR,ERR,ERR,ERR,ERR,ERR,ERR,ERR,ERR,ERR,ERR,ERR,ERR,ERR,ERR,ERR,ERR,ERR,ERR,ERR,ERR,ERR,ERR,ERR,ERR,ERR,ERR,ERR,ERR,ERR,ERR,ERR,ERR,ERR,ERR,ERR,ERR,ERR,ERR,ERR,ERR,ERR,ERR,ERR,ERR,ERR,ERR,ERR,ERR,ERR,ERR,ERR,ERR,ERR,ERR,ERR,ERR,ERR,ERR,ERR,ERR,ERR,ERR,ERR,ERR,ERR,ERR,ERR,ERR,ERR,ERR,ERR,ERR,ERR,ERR,ERR,ERR,ERR,ERR,ERR,ERR,ERR,ERR,ERR,ERR,ERR,ERR,ERR,ERR,ERR,ERR,ERR,ERR,ERR,ERR,ERR,ERR,ERR,ERR,ERR,ERR,ERR,ERR,ERR,ERR,ERR,ERR,ERR,-107615120.0,0.0,-0.0,2.7183478752108883e+23,-8981939478331392.0,0.0,1222167494656.0,1.53572142009544e+25,0,0,4,17336,7116,0.0,100,0.0,0.0,2.7183478752108883e+23,0.0,0.0,0,0,0,0,0.0,0,0,0,0,0,0,0,0,0,0,0,0,0,0,0,0,0,0,0,0,0,0,0,0,0,0,0,0,0,0,0,0,0,31,40,40,71,65476,0,300,0,0,8,21553,0.0,-107605600.0,0.0,0.0,0.0,0.0,0.0,0.0,0.0,0.0,0.0,0.0,0.0,0.0,0.0,0.0,0.0,0.0,0.0,0.0,0.0,0.0,-2.004,3.697071344610758e+19,0.0,0.0,0.0,0.0,0.0,0.0,5175.0,-0.0,6933.0,-107615120.0,0.0,2.004,2.004,0.0,0.0,0.0,0.0,69,89220.875,-3.2220049808530565e+26,0.0,0.0,0.0,0.0,0.0,0.0,0.0,0,0,0,0.0,0.0,0.0,0.0,0.0,0.0,0.0,0.0,0.0,0.0,0.0,0.0,0.0,0.0,0.0,0.0,0,-107875648.0,69,0.0,138,0.0,2.012,ERR,ERR,ERR,ERR,ERR,ERR,ERR,ERR,ERR,ERR,ERR,ERR,ERR,ERR,ERR,ERR,ERR,ERR,ERR,ERR,ERR,ERR,ERR,ERR,ERR,ERR,ERR,ERR,ERR,ERR,ERR,ERR,ERR,ERR,ERR,ERR,ERR,ERR,ERR,ERR,ERR,ERR,ERR,ERR,ERR,ERR,ERR,ERR,ERR,ERR,ERR,ERR,ERR,ERR,ERR,ERR,ERR,ERR,ERR,ERR,ERR,ERR,ERR,ERR,ERR,ERR,ERR,60.0,60.0,35,0.0,0.0,0.0,0.0,0.0,0.0,0.0,0.0,0.0,0.0,0.0,0.0,0.0,0.0,0.0,0.0,64.8,0,114,55,41,65476,0,300,0,0,8,20529,65476,0,0,2621,60.0,0.0,0.0,0.0,0.0,0.0
2026-07-09T15:43:19,ERR,ERR,ERR,ERR,ERR,ERR,ERR,ERR,ERR,ERR,ERR,ERR,ERR,ERR,ERR,ERR,ERR,ERR,ERR,ERR,ERR,ERR,ERR,ERR,ERR,ERR,ERR,ERR,ERR,ERR,ERR,ERR,ERR,ERR,ERR,ERR,ERR,ERR,ERR,ERR,ERR,ERR,ERR,ERR,ERR,ERR,ERR,ERR,ERR,ERR,ERR,ERR,ERR,ERR,ERR,ERR,ERR,ERR,ERR,ERR,ERR,ERR,ERR,ERR,ERR,ERR,ERR,ERR,ERR,ERR,ERR,ERR,ERR,ERR,ERR,ERR,ERR,ERR,ERR,ERR,ERR,ERR,ERR,ERR,ERR,ERR,ERR,ERR,ERR,ERR,ERR,ERR,ERR,ERR,ERR,ERR,ERR,ERR,ERR,ERR,ERR,ERR,ERR,ERR,ERR,ERR,ERR,ERR,ERR,ERR,ERR,ERR,ERR,ERR,ERR,ERR,ERR,ERR,ERR,ERR,ERR,ERR,ERR,ERR,ERR,-107615120.0,0.0,-0.0,2.7183478752108883e+23,-8981939478331392.0,0.0,1222167494656.0,1.53572142009544e+25,0,0,4,17336,7116,0.0,100,0.0,0.0,2.7183478752108883e+23,0.0,0.0,0,0,0,0,0.0,0,0,0,0,0,0,0,0,0,0,0,0,0,0,0,0,0,0,0,0,0,0,0,0,0,0,0,0,0,0,0,0,0,31,40,40,71,65476,0,300,0,0,8,21553,0.0,-107605600.0,0.0,0.0,0.0,0.0,0.0,0.0,0.0,0.0,0.0,0.0,0.0,0.0,0.0,0.0,0.0,0.0,0.0,0.0,0.0,0.0,-2.004,3.697071344610758e+19,0.0,0.0,0.0,0.0,0.0,0.0,5175.0,-0.0,6933.0,-107615120.0,0.0,2.004,2.004,0.0,0.0,0.0,0.0,69,89220.875,-3.2220049808530565e+26,0.0,0.0,0.0,0.0,0.0,0.0,0.0,0,0,0,0.0,0.0,0.0,0.0,0.0,0.0,0.0,0.0,0.0,0.0,0.0,0.0,0.0,0.0,0.0,0.0,0,-107875648.0,69,0.0,138,0.0,2.012,ERR,ERR,ERR,ERR,ERR,ERR,ERR,ERR,ERR,ERR,ERR,ERR,ERR,ERR,ERR,ERR,ERR,ERR,ERR,ERR,ERR,ERR,ERR,ERR,ERR,ERR,ERR,ERR,ERR,ERR,ERR,ERR,ERR,ERR,ERR,ERR,ERR,ERR,ERR,ERR,ERR,ERR,ERR,ERR,ERR,ERR,ERR,ERR,ERR,ERR,ERR,ERR,ERR,ERR,ERR,ERR,ERR,ERR,ERR,ERR,ERR,ERR,ERR,ERR,ERR,ERR,ERR,60.0,60.0,35,0.0,0.0,0.0,0.0,0.0,0.0,0.0,0.0,0.0,0.0,0.0,0.0,0.0,0.0,0.0,0.0,65.6,0,114,55,41,65476,0,300,0,0,8,20529,65476,0,0,2621,60.0,0.0,0.0,0.0,0.0,0.0
2026-07-09T15:43:20,ERR,ERR,ERR,ERR,ERR,ERR,ERR,ERR,ERR,ERR,ERR,ERR,ERR,ERR,ERR,ERR,ERR,ERR,ERR,ERR,ERR,ERR,ERR,ERR,ERR,ERR,ERR,ERR,ERR,ERR,ERR,ERR,ERR,ERR,ERR,ERR,ERR,ERR,ERR,ERR,ERR,ERR,ERR,ERR,ERR,ERR,ERR,ERR,ERR,ERR,ERR,ERR,ERR,ERR,ERR,ERR,ERR,ERR,ERR,ERR,ERR,ERR,ERR,ERR,ERR,ERR,ERR,ERR,ERR,ERR,ERR,ERR,ERR,ERR,ERR,ERR,ERR,ERR,ERR,ERR,ERR,ERR,ERR,ERR,ERR,ERR,ERR,ERR,ERR,ERR,ERR,ERR,ERR,ERR,ERR,ERR,ERR,ERR,ERR,ERR,ERR,ERR,ERR,ERR,ERR,ERR,ERR,ERR,ERR,ERR,ERR,ERR,ERR,ERR,ERR,ERR,ERR,ERR,ERR,ERR,ERR,ERR,ERR,ERR,ERR,-107615120.0,0.0,-0.0,2.7183478752108883e+23,-8981939478331392.0,0.0,1222167494656.0,1.53572142009544e+25,0,0,4,17336,7116,0.0,100,0.0,0.0,2.7183478752108883e+23,0.0,0.0,0,0,0,0,0.0,0,0,0,0,0,0,0,0,0,0,0,0,0,0,0,0,0,0,0,0,0,0,0,0,0,0,0,0,0,0,0,0,0,31,40,40,71,65476,0,300,0,0,8,21553,0.0,-107605600.0,0.0,0.0,0.0,0.0,0.0,0.0,0.0,0.0,0.0,0.0,0.0,0.0,0.0,0.0,0.0,0.0,0.0,0.0,0.0,0.0,-2.004,3.697071344610758e+19,0.0,0.0,0.0,0.0,0.0,0.0,5175.0,-0.0,6933.0,-107615120.0,0.0,2.004,2.004,0.0,0.0,0.0,0.0,69,89220.875,-3.2220049808530565e+26,0.0,0.0,0.0,0.0,0.0,0.0,0.0,0,0,0,0.0,0.0,0.0,0.0,0.0,0.0,0.0,0.0,0.0,0.0,0.0,0.0,0.0,0.0,0.0,0.0,0,-107875648.0,69,0.0,138,0.0,2.012,ERR,ERR,ERR,ERR,ERR,ERR,ERR,ERR,ERR,ERR,ERR,ERR,ERR,ERR,ERR,ERR,ERR,ERR,ERR,ERR,ERR,ERR,ERR,ERR,ERR,ERR,ERR,ERR,ERR,ERR,ERR,ERR,ERR,ERR,ERR,ERR,ERR,ERR,ERR,ERR,ERR,ERR,ERR,ERR,ERR,ERR,ERR,ERR,ERR,ERR,ERR,ERR,ERR,ERR,ERR,ERR,ERR,ERR,ERR,ERR,ERR,ERR,ERR,ERR,ERR,ERR,ERR,60.0,60.0,35,0.0,0.0,0.0,0.0,0.0,0.0,0.0,0.0,0.0,0.0,0.0,0.0,0.0,0.0,0.0,0.0,65.6,0,114,55,41,65476,0,300,0,0,8,20529,65476,0,0,2621,60.0,0.0,0.0,0.0,0.0,0.0
2026-07-09T15:43:21,ERR,ERR,ERR,ERR,ERR,ERR,ERR,ERR,ERR,ERR,ERR,ERR,ERR,ERR,ERR,ERR,ERR,ERR,ERR,ERR,ERR,ERR,ERR,ERR,ERR,ERR,ERR,ERR,ERR,ERR,ERR,ERR,ERR,ERR,ERR,ERR,ERR,ERR,ERR,ERR,ERR,ERR,ERR,ERR,ERR,ERR,ERR,ERR,ERR,ERR,ERR,ERR,ERR,ERR,ERR,ERR,ERR,ERR,ERR,ERR,ERR,ERR,ERR,ERR,ERR,ERR,ERR,ERR,ERR,ERR,ERR,ERR,ERR,ERR,ERR,ERR,ERR,ERR,ERR,ERR,ERR,ERR,ERR,ERR,ERR,ERR,ERR,ERR,ERR,ERR,ERR,ERR,ERR,ERR,ERR,ERR,ERR,ERR,ERR,ERR,ERR,ERR,ERR,ERR,ERR,ERR,ERR,ERR,ERR,ERR,ERR,ERR,ERR,ERR,ERR,ERR,ERR,ERR,ERR,ERR,ERR,ERR,ERR,ERR,ERR,-107615120.0,0.0,-0.0,2.7183478752108883e+23,-8981939478331392.0,0.0,1222167494656.0,1.53572142009544e+25,0,0,4,17336,7116,0.0,100,0.0,0.0,2.7183478752108883e+23,0.0,0.0,0,0,0,0,0.0,0,0,0,0,0,0,0,0,0,0,0,0,0,0,0,0,0,0,0,0,0,0,0,0,0,0,0,0,0,0,0,0,0,31,40,40,71,65476,0,300,0,0,8,21553,0.0,-107605600.0,0.0,0.0,0.0,0.0,0.0,0.0,0.0,0.0,0.0,0.0,0.0,0.0,0.0,0.0,0.0,0.0,0.0,0.0,0.0,0.0,-2.004,3.697071344610758e+19,0.0,0.0,0.0,0.0,0.0,0.0,5175.0,-0.0,6933.0,-107615120.0,0.0,2.004,2.004,0.0,0.0,0.0,0.0,69,89220.875,-3.2220049808530565e+26,0.0,0.0,0.0,0.0,0.0,0.0,0.0,0,0,0,0.0,0.0,0.0,0.0,0.0,0.0,0.0,0.0,0.0,0.0,0.0,0.0,0.0,0.0,0.0,0.0,0,-107875648.0,69,0.0,138,0.0,2.012,ERR,ERR,ERR,ERR,ERR,ERR,ERR,ERR,ERR,ERR,ERR,ERR,ERR,ERR,ERR,ERR,ERR,ERR,ERR,ERR,ERR,ERR,ERR,ERR,ERR,ERR,ERR,ERR,ERR,ERR,ERR,ERR,ERR,ERR,ERR,ERR,ERR,ERR,ERR,ERR,ERR,ERR,ERR,ERR,ERR,ERR,ERR,ERR,ERR,ERR,ERR,ERR,ERR,ERR,ERR,ERR,ERR,ERR,ERR,ERR,ERR,ERR,ERR,ERR,ERR,ERR,ERR,60.0,60.0,35,0.0,0.0,0.0,0.0,0.0,0.0,0.0,0.0,0.0,0.0,0.0,0.0,0.0,0.0,0.0,0.0,64.8,0,113,55,41,65476,0,300,0,0,8,20529,65476,0,0,2621,60.0,0.0,0.0,0.0,0.0,0.0
2026-07-09T15:43:22,ERR,ERR,ERR,ERR,ERR,ERR,ERR,ERR,ERR,ERR,ERR,ERR,ERR,ERR,ERR,ERR,ERR,ERR,ERR,ERR,ERR,ERR,ERR,ERR,ERR,ERR,ERR,ERR,ERR,ERR,ERR,ERR,ERR,ERR,ERR,ERR,ERR,ERR,ERR,ERR,ERR,ERR,ERR,ERR,ERR,ERR,ERR,ERR,ERR,ERR,ERR,ERR,ERR,ERR,ERR,ERR,ERR,ERR,ERR,ERR,ERR,ERR,ERR,ERR,ERR,ERR,ERR,ERR,ERR,ERR,ERR,ERR,ERR,ERR,ERR,ERR,ERR,ERR,ERR,ERR,ERR,ERR,ERR,ERR,ERR,ERR,ERR,ERR,ERR,ERR,ERR,ERR,ERR,ERR,ERR,ERR,ERR,ERR,ERR,ERR,ERR,ERR,ERR,ERR,ERR,ERR,ERR,ERR,ERR,ERR,ERR,ERR,ERR,ERR,ERR,ERR,ERR,ERR,ERR,ERR,ERR,ERR,ERR,ERR,ERR,-107615120.0,-0.0,2.730230893043683e+23,0.0,-0.0,0.0,-0.0,-0.0,0,0,4,17337,7116,0.0,100,0.0,0.0,0.0,0.0,0.0,0,0,0,0,0.0,0,0,0,0,0,0,0,0,0,0,0,0,0,0,0,0,0,0,0,0,0,0,0,0,0,0,0,0,0,0,0,0,0,31,40,40,71,65476,0,300,0,0,8,21553,0.0,-107605600.0,0.0,0.0,0.0,0.0,0.0,0.0,0.0,0.0,0.0,0.0,0.0,0.0,0.0,0.0,0.0,0.0,0.0,0.0,0.0,0.0,-2.004,-0.0,0.0,0.0,0.0,0.0,0.0,0.0,5160.0,-0.0,6931.0,-107615120.0,-0.0,2.004,2.004,0.0,0.0,0.0,0.0,69,-0.0,-152017381097472.0,0.0,0.0,0.0,0.0,0.0,0.0,0.0,0,0,0,0.0,0.0,0.0,0.0,0.0,0.0,0.0,0.0,0.0,0.0,0.0,0.0,0.0,0.0,0.0,0.0,0,-107875648.0,69,0.0,138,0.0,2.012,ERR,ERR,ERR,ERR,ERR,ERR,ERR,ERR,ERR,ERR,ERR,ERR,ERR,ERR,ERR,ERR,ERR,ERR,ERR,ERR,ERR,ERR,ERR,ERR,ERR,ERR,ERR,ERR,ERR,ERR,ERR,ERR,ERR,ERR,ERR,ERR,ERR,ERR,ERR,ERR,ERR,ERR,ERR,ERR,ERR,ERR,ERR,ERR,ERR,ERR,ERR,ERR,ERR,ERR,ERR,ERR,ERR,ERR,ERR,ERR,ERR,ERR,ERR,ERR,ERR,ERR,ERR,60.0,60.0,35,0.0,0.0,0.0,0.0,0.0,0.0,0.0,0.0,0.0,0.0,0.0,0.0,0.0,0.0,0.0,0.0,64.8,0,113,55,41,65476,0,300,0,0,8,20529,65476,0,0,2621,60.0,0.0,0.0,0.0,0.0,0.0
2026-07-09T15:43:23,ERR,ERR,ERR,ERR,ERR,ERR,ERR,ERR,ERR,ERR,ERR,ERR,ERR,ERR,ERR,ERR,ERR,ERR,ERR,ERR,ERR,ERR,ERR,ERR,ERR,ERR,ERR,ERR,ERR,ERR,ERR,ERR,ERR,ERR,ERR,ERR,ERR,ERR,ERR,ERR,ERR,ERR,ERR,ERR,ERR,ERR,ERR,ERR,ERR,ERR,ERR,ERR,ERR,ERR,ERR,ERR,ERR,ERR,ERR,ERR,ERR,ERR,ERR,ERR,ERR,ERR,ERR,ERR,ERR,ERR,ERR,ERR,ERR,ERR,ERR,ERR,ERR,ERR,ERR,ERR,ERR,ERR,ERR,ERR,ERR,ERR,ERR,ERR,ERR,ERR,ERR,ERR,ERR,ERR,ERR,ERR,ERR,ERR,ERR,ERR,ERR,ERR,ERR,ERR,ERR,ERR,ERR,ERR,ERR,ERR,ERR,ERR,ERR,ERR,ERR,ERR,ERR,ERR,ERR,ERR,ERR,ERR,ERR,ERR,ERR,-107615120.0,-0.0,2.730230893043683e+23,0.0,-0.0,0.0,-0.0,-0.0,0,0,4,17337,7116,0.0,100,0.0,0.0,0.0,0.0,0.0,0,0,0,0,0.0,0,0,0,0,0,0,0,0,0,0,0,0,0,0,0,0,0,0,0,0,0,0,0,0,0,0,0,0,0,0,0,0,0,31,40,40,71,65476,0,300,0,0,8,21553,0.0,-107605600.0,0.0,0.0,0.0,0.0,0.0,0.0,0.0,0.0,0.0,0.0,0.0,0.0,0.0,0.0,0.0,0.0,0.0,0.0,0.0,0.0,-2.004,-0.0,0.0,0.0,0.0,0.0,0.0,0.0,5160.0,-0.0,6931.0,-107615120.0,-0.0,2.004,2.004,0.0,0.0,0.0,0.0,69,-0.0,-152017381097472.0,0.0,0.0,0.0,0.0,0.0,0.0,0.0,0,0,0,0.0,0.0,0.0,0.0,0.0,0.0,0.0,0.0,0.0,0.0,0.0,0.0,0.0,0.0,0.0,0.0,0,-107875648.0,69,0.0,138,0.0,2.012,ERR,ERR,ERR,ERR,ERR,ERR,ERR,ERR,ERR,ERR,ERR,ERR,ERR,ERR,ERR,ERR,ERR,ERR,ERR,ERR,ERR,ERR,ERR,ERR,ERR,ERR,ERR,ERR,ERR,ERR,ERR,ERR,ERR,ERR,ERR,ERR,ERR,ERR,ERR,ERR,ERR,ERR,ERR,ERR,ERR,ERR,ERR,ERR,ERR,ERR,ERR,ERR,ERR,ERR,ERR,ERR,ERR,ERR,ERR,ERR,ERR,ERR,ERR,ERR,ERR,ERR,ERR,60.0,60.0,35,0.0,0.0,0.0,0.0,0.0,0.0,0.0,0.0,0.0,0.0,0.0,0.0,0.0,0.0,0.0,0.0,64.8,0,113,55,41,65476,0,300,0,0,8,20529,65476,0,0,2621,60.0,0.0,0.0,0.0,0.0,0.0
2026-07-09T15:43:24,ERR,ERR,ERR,ERR,ERR,ERR,ERR,ERR,ERR,ERR,ERR,ERR,ERR,ERR,ERR,ERR,ERR,ERR,ERR,ERR,ERR,ERR,ERR,ERR,ERR,ERR,ERR,ERR,ERR,ERR,ERR,ERR,ERR,ERR,ERR,ERR,ERR,ERR,ERR,ERR,ERR,ERR,ERR,ERR,ERR,ERR,ERR,ERR,ERR,ERR,ERR,ERR,ERR,ERR,ERR,ERR,ERR,ERR,ERR,ERR,ERR,ERR,ERR,ERR,ERR,ERR,ERR,ERR,ERR,ERR,ERR,ERR,ERR,ERR,ERR,ERR,ERR,ERR,ERR,ERR,ERR,ERR,ERR,ERR,ERR,ERR,ERR,ERR,ERR,ERR,ERR,ERR,ERR,ERR,ERR,ERR,ERR,ERR,ERR,ERR,ERR,ERR,ERR,ERR,ERR,ERR,ERR,ERR,ERR,ERR,ERR,ERR,ERR,ERR,ERR,ERR,ERR,ERR,ERR,ERR,ERR,ERR,ERR,ERR,ERR,-107615120.0,-0.0,2.730230893043683e+23,0.0,-0.0,0.0,-0.0,-0.0,0,0,4,17337,7116,0.0,100,0.0,0.0,0.0,0.0,0.0,0,0,0,0,0.0,0,0,0,0,0,0,0,0,0,0,0,0,0,0,0,0,0,0,0,0,0,0,0,0,0,0,0,0,0,0,0,0,0,31,40,40,71,65476,0,300,0,0,8,21553,0.0,-107605600.0,0.0,0.0,0.0,0.0,0.0,0.0,0.0,0.0,0.0,0.0,0.0,0.0,0.0,0.0,0.0,0.0,0.0,0.0,0.0,0.0,-2.004,-0.0,0.0,0.0,0.0,0.0,0.0,0.0,5160.0,-0.0,6931.0,-107615120.0,-0.0,2.004,2.004,0.0,0.0,0.0,0.0,69,-0.0,-152017381097472.0,0.0,0.0,0.0,0.0,0.0,0.0,0.0,0,0,0,0.0,0.0,0.0,0.0,0.0,0.0,0.0,0.0,0.0,0.0,0.0,0.0,0.0,0.0,0.0,0.0,0,-107875648.0,69,0.0,138,0.0,2.012,ERR,ERR,ERR,ERR,ERR,ERR,ERR,ERR,ERR,ERR,ERR,ERR,ERR,ERR,ERR,ERR,ERR,ERR,ERR,ERR,ERR,ERR,ERR,ERR,ERR,ERR,ERR,ERR,ERR,ERR,ERR,ERR,ERR,ERR,ERR,ERR,ERR,ERR,ERR,ERR,ERR,ERR,ERR,ERR,ERR,ERR,ERR,ERR,ERR,ERR,ERR,ERR,ERR,ERR,ERR,ERR,ERR,ERR,ERR,ERR,ERR,ERR,ERR,ERR,ERR,ERR,ERR,60.0,60.0,35,0.0,0.0,0.0,0.0,0.0,0.0,0.0,0.0,0.0,0.0,0.0,0.0,0.0,0.0,0.0,0.0,64.8,0,113,55,41,65476,0,300,0,0,8,20529,65476,0,0,2621,60.0,0.0,0.0,0.0,0.0,0.0
2026-07-09T15:43:25,ERR,ERR,ERR,ERR,ERR,ERR,ERR,ERR,ERR,ERR,ERR,ERR,ERR,ERR,ERR,ERR,ERR,ERR,ERR,ERR,ERR,ERR,ERR,ERR,ERR,ERR,ERR,ERR,ERR,ERR,ERR,ERR,ERR,ERR,ERR,ERR,ERR,ERR,ERR,ERR,ERR,ERR,ERR,ERR,ERR,ERR,ERR,ERR,ERR,ERR,ERR,ERR,ERR,ERR,ERR,ERR,ERR,ERR,ERR,ERR,ERR,ERR,ERR,ERR,ERR,ERR,ERR,ERR,ERR,ERR,ERR,ERR,ERR,ERR,ERR,ERR,ERR,ERR,ERR,ERR,ERR,ERR,ERR,ERR,ERR,ERR,ERR,ERR,ERR,ERR,ERR,ERR,ERR,ERR,ERR,ERR,ERR,ERR,ERR,ERR,ERR,ERR,ERR,ERR,ERR,ERR,ERR,ERR,ERR,ERR,ERR,ERR,ERR,ERR,ERR,ERR,ERR,ERR,ERR,ERR,ERR,ERR,ERR,ERR,ERR,-107615120.0,-0.0,2.730230893043683e+23,0.0,-0.0,0.0,-0.0,-0.0,0,0,4,17337,7116,0.0,100,0.0,0.0,0.0,0.0,0.0,0,0,0,0,0.0,0,0,0,0,0,0,0,0,0,0,0,0,0,0,0,0,0,0,0,0,0,0,0,0,0,0,0,0,0,0,0,0,0,31,40,40,71,65476,0,300,0,0,8,21553,0.0,-107605600.0,0.0,0.0,0.0,0.0,0.0,0.0,0.0,0.0,0.0,0.0,0.0,0.0,0.0,0.0,0.0,0.0,0.0,0.0,0.0,0.0,-2.004,-0.0,0.0,0.0,0.0,0.0,0.0,0.0,5160.0,-0.0,6931.0,-107615120.0,-0.0,2.004,2.004,0.0,0.0,0.0,0.0,69,-0.0,-152017381097472.0,0.0,0.0,0.0,0.0,0.0,0.0,0.0,0,0,0,0.0,0.0,0.0,0.0,0.0,0.0,0.0,0.0,0.0,0.0,0.0,0.0,0.0,0.0,0.0,0.0,0,-107875648.0,69,0.0,138,0.0,2.012,ERR,ERR,ERR,ERR,ERR,ERR,ERR,ERR,ERR,ERR,ERR,ERR,ERR,ERR,ERR,ERR,ERR,ERR,ERR,ERR,ERR,ERR,ERR,ERR,ERR,ERR,ERR,ERR,ERR,ERR,ERR,ERR,ERR,ERR,ERR,ERR,ERR,ERR,ERR,ERR,ERR,ERR,ERR,ERR,ERR,ERR,ERR,ERR,ERR,ERR,ERR,ERR,ERR,ERR,ERR,ERR,ERR,ERR,ERR,ERR,ERR,ERR,ERR,ERR,ERR,ERR,ERR,60.0,60.0,35,0.0,0.0,0.0,0.0,0.0,0.0,0.0,0.0,0.0,0.0,0.0,0.0,0.0,0.0,0.0,0.0,64.8,0,113,55,41,65476,0,300,0,0,8,20529,65476,0,0,2621,60.0,0.0,0.0,0.0,0.0,0.0
2026-07-09T15:43:26,ERR,ERR,ERR,ERR,ERR,ERR,ERR,ERR,ERR,ERR,ERR,ERR,ERR,ERR,ERR,ERR,ERR,ERR,ERR,ERR,ERR,ERR,ERR,ERR,ERR,ERR,ERR,ERR,ERR,ERR,ERR,ERR,ERR,ERR,ERR,ERR,ERR,ERR,ERR,ERR,ERR,ERR,ERR,ERR,ERR,ERR,ERR,ERR,ERR,ERR,ERR,ERR,ERR,ERR,ERR,ERR,ERR,ERR,ERR,ERR,ERR,ERR,ERR,ERR,ERR,ERR,ERR,ERR,ERR,ERR,ERR,ERR,ERR,ERR,ERR,ERR,ERR,ERR,ERR,ERR,ERR,ERR,ERR,ERR,ERR,ERR,ERR,ERR,ERR,ERR,ERR,ERR,ERR,ERR,ERR,ERR,ERR,ERR,ERR,ERR,ERR,ERR,ERR,ERR,ERR,ERR,ERR,ERR,ERR,ERR,ERR,ERR,ERR,ERR,ERR,ERR,ERR,ERR,ERR,ERR,ERR,ERR,ERR,ERR,ERR,-107615120.0,-0.0,2.730230893043683e+23,0.0,-0.0,0.0,-0.0,-0.0,0,0,4,17337,7116,0.0,100,0.0,0.0,0.0,0.0,0.0,0,0,0,0,0.0,0,0,0,0,0,0,0,0,0,0,0,0,0,0,0,0,0,0,0,0,0,0,0,0,0,0,0,0,0,0,0,0,0,31,40,40,71,65476,0,300,0,0,8,21553,0.0,-107605600.0,0.0,0.0,0.0,0.0,0.0,0.0,0.0,0.0,0.0,0.0,0.0,0.0,0.0,0.0,0.0,0.0,0.0,0.0,0.0,0.0,-2.004,-0.0,0.0,0.0,0.0,0.0,0.0,0.0,5160.0,-0.0,6931.0,-107615120.0,-0.0,2.004,2.004,0.0,0.0,0.0,0.0,69,-0.0,-152017381097472.0,0.0,0.0,0.0,0.0,0.0,0.0,0.0,0,0,0,0.0,0.0,0.0,0.0,0.0,0.0,0.0,0.0,0.0,0.0,0.0,0.0,0.0,0.0,0.0,0.0,0,-107875648.0,69,0.0,138,0.0,2.012,ERR,ERR,ERR,ERR,ERR,ERR,ERR,ERR,ERR,ERR,ERR,ERR,ERR,ERR,ERR,ERR,ERR,ERR,ERR,ERR,ERR,ERR,ERR,ERR,ERR,ERR,ERR,ERR,ERR,ERR,ERR,ERR,ERR,ERR,ERR,ERR,ERR,ERR,ERR,ERR,ERR,ERR,ERR,ERR,ERR,ERR,ERR,ERR,ERR,ERR,ERR,ERR,ERR,ERR,ERR,ERR,ERR,ERR,ERR,ERR,ERR,ERR,ERR,ERR,ERR,ERR,ERR,60.0,60.0,35,0.0,0.0,0.0,0.0,0.0,0.0,0.0,0.0,0.0,0.0,0.0,0.0,0.0,0.0,0.0,0.0,64.8,0,113,55,41,65476,0,300,0,0,8,20529,65476,0,0,2621,60.0,0.0,0.0,0.0,0.0,0.0
2026-07-09T15:43:27,ERR,ERR,ERR,ERR,ERR,ERR,ERR,ERR,ERR,ERR,ERR,ERR,ERR,ERR,ERR,ERR,ERR,ERR,ERR,ERR,ERR,ERR,ERR,ERR,ERR,ERR,ERR,ERR,ERR,ERR,ERR,ERR,ERR,ERR,ERR,ERR,ERR,ERR,ERR,ERR,ERR,ERR,ERR,ERR,ERR,ERR,ERR,ERR,ERR,ERR,ERR,ERR,ERR,ERR,ERR,ERR,ERR,ERR,ERR,ERR,ERR,ERR,ERR,ERR,ERR,ERR,ERR,ERR,ERR,ERR,ERR,ERR,ERR,ERR,ERR,ERR,ERR,ERR,ERR,ERR,ERR,ERR,ERR,ERR,ERR,ERR,ERR,ERR,ERR,ERR,ERR,ERR,ERR,ERR,ERR,ERR,ERR,ERR,ERR,ERR,ERR,ERR,ERR,ERR,ERR,ERR,ERR,ERR,ERR,ERR,ERR,ERR,ERR,ERR,ERR,ERR,ERR,ERR,ERR,ERR,ERR,ERR,ERR,ERR,ERR,-107615120.0,-107616144.0,-107615120.0,0.0,-8815471755264.0,-0.0,0.01,13123646.0,0,0,4,17337,7116,0.0,100,0.0,0.0,0.0,0.0,0.0,0,0,0,0,0.0,0,0,0,0,0,0,0,0,0,0,0,0,0,0,0,0,0,0,0,0,0,0,0,0,0,0,0,0,0,0,0,0,0,31,40,40,71,65476,0,300,0,0,8,21553,0.0,-107605600.0,0.0,0.0,0.0,0.0,0.0,0.0,0.0,0.0,0.0,0.0,0.0,0.0,0.0,0.0,0.0,0.0,0.0,0.0,0.0,0.0,-2.004,-3.697071344610758e+19,0.0,0.0,0.0,0.0,0.0,0.0,5166.0,1.5879302975875728e+29,6926.0,0.0,0.0,2.004,2.004,0.0,0.0,0.0,0.0,69,-0.0,-0.0,0.0,0.0,0.0,0.0,0.0,0.0,0.0,0,0,0,0.0,0.0,0.0,0.0,0.0,0.0,0.0,0.0,0.0,0.0,0.0,0.0,0.0,0.0,0.0,0.0,0,-107875648.0,69,0.0,138,0.0,2.012,ERR,ERR,ERR,ERR,ERR,ERR,ERR,ERR,ERR,ERR,ERR,ERR,ERR,ERR,ERR,ERR,ERR,ERR,ERR,ERR,ERR,ERR,ERR,ERR,ERR,ERR,ERR,ERR,ERR,ERR,ERR,ERR,ERR,ERR,ERR,ERR,ERR,ERR,ERR,ERR,ERR,ERR,ERR,ERR,ERR,ERR,ERR,ERR,ERR,ERR,ERR,ERR,ERR,ERR,ERR,ERR,ERR,ERR,ERR,ERR,ERR,ERR,ERR,ERR,ERR,ERR,ERR,60.0,60.0,35,0.0,0.0,0.0,0.0,0.0,0.0,0.0,0.0,0.0,0.0,0.0,0.0,0.0,0.0,0.0,0.0,64.8,0,113,55,41,65476,0,300,0,0,8,20529,65476,0,0,2621,60.0,0.0,0.0,0.0,0.0,0.0
2026-07-09T15:43:28,ERR,ERR,ERR,ERR,ERR,ERR,ERR,ERR,ERR,ERR,ERR,ERR,ERR,ERR,ERR,ERR,ERR,ERR,ERR,ERR,ERR,ERR,ERR,ERR,ERR,ERR,ERR,ERR,ERR,ERR,ERR,ERR,ERR,ERR,ERR,ERR,ERR,ERR,ERR,ERR,ERR,ERR,ERR,ERR,ERR,ERR,ERR,ERR,ERR,ERR,ERR,ERR,ERR,ERR,ERR,ERR,ERR,ERR,ERR,ERR,ERR,ERR,ERR,ERR,ERR,ERR,ERR,ERR,ERR,ERR,ERR,ERR,ERR,ERR,ERR,ERR,ERR,ERR,ERR,ERR,ERR,ERR,ERR,ERR,ERR,ERR,ERR,ERR,ERR,ERR,ERR,ERR,ERR,ERR,ERR,ERR,ERR,ERR,ERR,ERR,ERR,ERR,ERR,ERR,ERR,ERR,ERR,ERR,ERR,ERR,ERR,ERR,ERR,ERR,ERR,ERR,ERR,ERR,ERR,ERR,ERR,ERR,ERR,ERR,ERR,-107615120.0,-107616144.0,-107615120.0,0.0,-8815471755264.0,-0.0,0.01,13123646.0,0,0,4,17337,7116,0.0,100,0.0,0.0,0.0,0.0,0.0,0,0,0,0,0.0,0,0,0,0,0,0,0,0,0,0,0,0,0,0,0,0,0,0,0,0,0,0,0,0,0,0,0,0,0,0,0,0,0,31,40,40,71,65476,0,300,0,0,8,21553,0.0,-107605600.0,0.0,0.0,0.0,0.0,0.0,0.0,0.0,0.0,0.0,0.0,0.0,0.0,0.0,0.0,0.0,0.0,0.0,0.0,0.0,0.0,-2.004,-3.697071344610758e+19,0.0,0.0,0.0,0.0,0.0,0.0,5166.0,1.5879302975875728e+29,6926.0,0.0,0.0,2.004,2.004,0.0,0.0,0.0,0.0,69,-0.0,-0.0,0.0,0.0,0.0,0.0,0.0,0.0,0.0,0,0,0,0.0,0.0,0.0,0.0,0.0,0.0,0.0,0.0,0.0,0.0,0.0,0.0,0.0,0.0,0.0,0.0,0,-107875648.0,69,0.0,138,0.0,2.012,ERR,ERR,ERR,ERR,ERR,ERR,ERR,ERR,ERR,ERR,ERR,ERR,ERR,ERR,ERR,ERR,ERR,ERR,ERR,ERR,ERR,ERR,ERR,ERR,ERR,ERR,ERR,ERR,ERR,ERR,ERR,ERR,ERR,ERR,ERR,ERR,ERR,ERR,ERR,ERR,ERR,ERR,ERR,ERR,ERR,ERR,ERR,ERR,ERR,ERR,ERR,ERR,ERR,ERR,ERR,ERR,ERR,ERR,ERR,ERR,ERR,ERR,ERR,ERR,ERR,ERR,ERR,60.0,60.0,35,0.0,0.0,0.0,0.0,0.0,0.0,0.0,0.0,0.0,0.0,0.0,0.0,0.0,0.0,0.0,0.0,64.8,0,113,55,41,65476,0,300,0,0,8,20529,65476,0,0,2621,60.0,0.0,0.0,0.0,0.0,0.0
2026-07-09T15:43:29,ERR,ERR,ERR,ERR,ERR,ERR,ERR,ERR,ERR,ERR,ERR,ERR,ERR,ERR,ERR,ERR,ERR,ERR,ERR,ERR,ERR,ERR,ERR,ERR,ERR,ERR,ERR,ERR,ERR,ERR,ERR,ERR,ERR,ERR,ERR,ERR,ERR,ERR,ERR,ERR,ERR,ERR,ERR,ERR,ERR,ERR,ERR,ERR,ERR,ERR,ERR,ERR,ERR,ERR,ERR,ERR,ERR,ERR,ERR,ERR,ERR,ERR,ERR,ERR,ERR,ERR,ERR,ERR,ERR,ERR,ERR,ERR,ERR,ERR,ERR,ERR,ERR,ERR,ERR,ERR,ERR,ERR,ERR,ERR,ERR,ERR,ERR,ERR,ERR,ERR,ERR,ERR,ERR,ERR,ERR,ERR,ERR,ERR,ERR,ERR,ERR,ERR,ERR,ERR,ERR,ERR,ERR,ERR,ERR,ERR,ERR,ERR,ERR,ERR,ERR,ERR,ERR,ERR,ERR,ERR,ERR,ERR,ERR,ERR,ERR,-107615120.0,-107616144.0,-107615120.0,0.0,-8815471755264.0,-0.0,0.01,13123646.0,0,0,4,17337,7116,0.0,100,0.0,0.0,0.0,0.0,0.0,0,0,0,0,0.0,0,0,0,0,0,0,0,0,0,0,0,0,0,0,0,0,0,0,0,0,0,0,0,0,0,0,0,0,0,0,0,0,0,31,40,40,71,65476,0,300,0,0,8,21553,0.0,-107605600.0,0.0,0.0,0.0,0.0,0.0,0.0,0.0,0.0,0.0,0.0,0.0,0.0,0.0,0.0,0.0,0.0,0.0,0.0,0.0,0.0,-2.004,-3.697071344610758e+19,0.0,0.0,0.0,0.0,0.0,0.0,5166.0,1.5879302975875728e+29,6926.0,0.0,0.0,2.004,2.004,0.0,0.0,0.0,0.0,69,-0.0,-0.0,0.0,0.0,0.0,0.0,0.0,0.0,0.0,0,0,0,0.0,0.0,0.0,0.0,0.0,0.0,0.0,0.0,0.0,0.0,0.0,0.0,0.0,0.0,0.0,0.0,0,-107875648.0,69,0.0,138,0.0,2.012,ERR,ERR,ERR,ERR,ERR,ERR,ERR,ERR,ERR,ERR,ERR,ERR,ERR,ERR,ERR,ERR,ERR,ERR,ERR,ERR,ERR,ERR,ERR,ERR,ERR,ERR,ERR,ERR,ERR,ERR,ERR,ERR,ERR,ERR,ERR,ERR,ERR,ERR,ERR,ERR,ERR,ERR,ERR,ERR,ERR,ERR,ERR,ERR,ERR,ERR,ERR,ERR,ERR,ERR,ERR,ERR,ERR,ERR,ERR,ERR,ERR,ERR,ERR,ERR,ERR,ERR,ERR,60.0,60.0,35,0.0,0.0,0.0,0.0,0.0,0.0,0.0,0.0,0.0,0.0,0.0,0.0,0.0,0.0,0.0,0.0,65.6,0,113,55,41,65476,0,300,0,0,8,20529,65476,0,0,2621,60.0,0.0,0.0,0.0,0.0,0.0
2026-07-09T15:43:30,ERR,ERR,ERR,ERR,ERR,ERR,ERR,ERR,ERR,ERR,ERR,ERR,ERR,ERR,ERR,ERR,ERR,ERR,ERR,ERR,ERR,ERR,ERR,ERR,ERR,ERR,ERR,ERR,ERR,ERR,ERR,ERR,ERR,ERR,ERR,ERR,ERR,ERR,ERR,ERR,ERR,ERR,ERR,ERR,ERR,ERR,ERR,ERR,ERR,ERR,ERR,ERR,ERR,ERR,ERR,ERR,ERR,ERR,ERR,ERR,ERR,ERR,ERR,ERR,ERR,ERR,ERR,ERR,ERR,ERR,ERR,ERR,ERR,ERR,ERR,ERR,ERR,ERR,ERR,ERR,ERR,ERR,ERR,ERR,ERR,ERR,ERR,ERR,ERR,ERR,ERR,ERR,ERR,ERR,ERR,ERR,ERR,ERR,ERR,ERR,ERR,ERR,ERR,ERR,ERR,ERR,ERR,ERR,ERR,ERR,ERR,ERR,ERR,ERR,ERR,ERR,ERR,ERR,ERR,ERR,ERR,ERR,ERR,ERR,ERR,-107615120.0,-107616144.0,-107615120.0,0.0,-8815471755264.0,-0.0,0.01,13123646.0,0,0,4,17337,7116,0.0,100,0.0,0.0,0.0,0.0,0.0,0,0,0,0,0.0,0,0,0,0,0,0,0,0,0,0,0,0,0,0,0,0,0,0,0,0,0,0,0,0,0,0,0,0,0,0,0,0,0,31,40,40,71,65476,0,300,0,0,8,21553,0.0,-107605600.0,0.0,0.0,0.0,0.0,0.0,0.0,0.0,0.0,0.0,0.0,0.0,0.0,0.0,0.0,0.0,0.0,0.0,0.0,0.0,0.0,-2.004,-3.697071344610758e+19,0.0,0.0,0.0,0.0,0.0,0.0,5166.0,1.5879302975875728e+29,6926.0,0.0,0.0,2.004,2.004,0.0,0.0,0.0,0.0,69,-0.0,-0.0,0.0,0.0,0.0,0.0,0.0,0.0,0.0,0,0,0,0.0,0.0,0.0,0.0,0.0,0.0,0.0,0.0,0.0,0.0,0.0,0.0,0.0,0.0,0.0,0.0,0,-107875648.0,69,0.0,138,0.0,2.012,ERR,ERR,ERR,ERR,ERR,ERR,ERR,ERR,ERR,ERR,ERR,ERR,ERR,ERR,ERR,ERR,ERR,ERR,ERR,ERR,ERR,ERR,ERR,ERR,ERR,ERR,ERR,ERR,ERR,ERR,ERR,ERR,ERR,ERR,ERR,ERR,ERR,ERR,ERR,ERR,ERR,ERR,ERR,ERR,ERR,ERR,ERR,ERR,ERR,ERR,ERR,ERR,ERR,ERR,ERR,ERR,ERR,ERR,ERR,ERR,ERR,ERR,ERR,ERR,ERR,ERR,ERR,60.0,60.0,35,0.0,0.0,0.0,0.0,0.0,0.0,0.0,0.0,0.0,0.0,0.0,0.0,0.0,0.0,0.0,0.0,65.6,0,113,55,41,65476,0,300,0,0,8,20529,65476,0,0,2621,60.0,0.0,0.0,0.0,0.0,0.0
2026-07-09T15:43:31,ERR,ERR,ERR,ERR,ERR,ERR,ERR,ERR,ERR,ERR,ERR,ERR,ERR,ERR,ERR,ERR,ERR,ERR,ERR,ERR,ERR,ERR,ERR,ERR,ERR,ERR,ERR,ERR,ERR,ERR,ERR,ERR,ERR,ERR,ERR,ERR,ERR,ERR,ERR,ERR,ERR,ERR,ERR,ERR,ERR,ERR,ERR,ERR,ERR,ERR,ERR,ERR,ERR,ERR,ERR,ERR,ERR,ERR,ERR,ERR,ERR,ERR,ERR,ERR,ERR,ERR,ERR,ERR,ERR,ERR,ERR,ERR,ERR,ERR,ERR,ERR,ERR,ERR,ERR,ERR,ERR,ERR,ERR,ERR,ERR,ERR,ERR,ERR,ERR,ERR,ERR,ERR,ERR,ERR,ERR,ERR,ERR,ERR,ERR,ERR,ERR,ERR,ERR,ERR,ERR,ERR,ERR,ERR,ERR,ERR,ERR,ERR,ERR,ERR,ERR,ERR,ERR,ERR,ERR,ERR,ERR,ERR,ERR,ERR,ERR,-107615120.0,-107616144.0,-107615120.0,0.0,-8815471755264.0,-0.0,0.01,13123646.0,0,0,4,17337,7116,0.0,100,0.0,0.0,0.0,0.0,0.0,0,0,0,0,0.0,0,0,0,0,0,0,0,0,0,0,0,0,0,0,0,0,0,0,0,0,0,0,0,0,0,0,0,0,0,0,0,0,0,31,40,40,71,65476,0,300,0,0,8,21553,0.0,-107605600.0,0.0,0.0,0.0,0.0,0.0,0.0,0.0,0.0,0.0,0.0,0.0,0.0,0.0,0.0,0.0,0.0,0.0,0.0,0.0,0.0,-2.004,-3.697071344610758e+19,0.0,0.0,0.0,0.0,0.0,0.0,5166.0,1.5879302975875728e+29,6926.0,0.0,0.0,2.004,2.004,0.0,0.0,0.0,0.0,69,-0.0,-0.0,0.0,0.0,0.0,0.0,0.0,0.0,0.0,0,0,0,0.0,0.0,0.0,0.0,0.0,0.0,0.0,0.0,0.0,0.0,0.0,0.0,0.0,0.0,0.0,0.0,0,-107875648.0,69,0.0,138,0.0,2.012,ERR,ERR,ERR,ERR,ERR,ERR,ERR,ERR,ERR,ERR,ERR,ERR,ERR,ERR,ERR,ERR,ERR,ERR,ERR,ERR,ERR,ERR,ERR,ERR,ERR,ERR,ERR,ERR,ERR,ERR,ERR,ERR,ERR,ERR,ERR,ERR,ERR,ERR,ERR,ERR,ERR,ERR,ERR,ERR,ERR,ERR,ERR,ERR,ERR,ERR,ERR,ERR,ERR,ERR,ERR,ERR,ERR,ERR,ERR,ERR,ERR,ERR,ERR,ERR,ERR,ERR,ERR,60.0,60.0,35,0.0,0.0,0.0,0.0,0.0,0.0,0.0,0.0,0.0,0.0,0.0,0.0,0.0,0.0,0.0,0.0,64.8,0,113,55,41,65476,0,300,0,0,8,20529,65476,0,0,2621,60.0,0.0,0.0,0.0,0.0,0.0
2026-07-09T15:43:32,ERR,ERR,ERR,ERR,ERR,ERR,ERR,ERR,ERR,ERR,ERR,ERR,ERR,ERR,ERR,ERR,ERR,ERR,ERR,ERR,ERR,ERR,ERR,ERR,ERR,ERR,ERR,ERR,ERR,ERR,ERR,ERR,ERR,ERR,ERR,ERR,ERR,ERR,ERR,ERR,ERR,ERR,ERR,ERR,ERR,ERR,ERR,ERR,ERR,ERR,ERR,ERR,ERR,ERR,ERR,ERR,ERR,ERR,ERR,ERR,ERR,ERR,ERR,ERR,ERR,ERR,ERR,ERR,ERR,ERR,ERR,ERR,ERR,ERR,ERR,ERR,ERR,ERR,ERR,ERR,ERR,ERR,ERR,ERR,ERR,ERR,ERR,ERR,ERR,ERR,ERR,ERR,ERR,ERR,ERR,ERR,ERR,ERR,ERR,ERR,ERR,ERR,ERR,ERR,ERR,ERR,ERR,ERR,ERR,ERR,ERR,ERR,ERR,ERR,ERR,ERR,ERR,ERR,ERR,ERR,ERR,ERR,ERR,ERR,ERR,-107615120.0,-107616144.0,-107615120.0,0.0,-8815471755264.0,-0.0,0.01,13123646.0,0,0,4,17337,7116,0.0,100,0.0,0.0,0.0,0.0,0.0,0,0,0,0,0.0,0,0,0,0,0,0,0,0,0,0,0,0,0,0,0,0,0,0,0,0,0,0,0,0,0,0,0,0,0,0,0,0,0,31,40,40,71,65476,0,300,0,0,8,21553,0.0,-107605600.0,0.0,0.0,0.0,0.0,0.0,0.0,0.0,0.0,0.0,0.0,0.0,0.0,0.0,0.0,0.0,0.0,0.0,0.0,0.0,0.0,-2.004,-3.697071344610758e+19,0.0,0.0,0.0,0.0,0.0,0.0,5166.0,1.5879302975875728e+29,6926.0,0.0,0.0,2.004,2.004,0.0,0.0,0.0,0.0,69,-0.0,-0.0,0.0,0.0,0.0,0.0,0.0,0.0,0.0,0,0,0,0.0,0.0,0.0,0.0,0.0,0.0,0.0,0.0,0.0,0.0,0.0,0.0,0.0,0.0,0.0,0.0,0,-107875648.0,69,0.0,138,0.0,2.012,ERR,ERR,ERR,ERR,ERR,ERR,ERR,ERR,ERR,ERR,ERR,ERR,ERR,ERR,ERR,ERR,ERR,ERR,ERR,ERR,ERR,ERR,ERR,ERR,ERR,ERR,ERR,ERR,ERR,ERR,ERR,ERR,ERR,ERR,ERR,ERR,ERR,ERR,ERR,ERR,ERR,ERR,ERR,ERR,ERR,ERR,ERR,ERR,ERR,ERR,ERR,ERR,ERR,ERR,ERR,ERR,ERR,ERR,ERR,ERR,ERR,ERR,ERR,ERR,ERR,ERR,ERR,60.0,60.0,35,0.0,0.0,0.0,0.0,0.0,0.0,0.0,0.0,0.0,0.0,0.0,0.0,0.0,0.0,0.0,0.0,64.8,0,113,55,41,65476,0,300,0,0,8,20529,65476,0,0,2621,60.0,0.0,0.0,0.0,0.0,0.0
2026-07-09T15:43:33,ERR,ERR,ERR,ERR,ERR,ERR,ERR,ERR,ERR,ERR,ERR,ERR,ERR,ERR,ERR,ERR,ERR,ERR,ERR,ERR,ERR,ERR,ERR,ERR,ERR,ERR,ERR,ERR,ERR,ERR,ERR,ERR,ERR,ERR,ERR,ERR,ERR,ERR,ERR,ERR,ERR,ERR,ERR,ERR,ERR,ERR,ERR,ERR,ERR,ERR,ERR,ERR,ERR,ERR,ERR,ERR,ERR,ERR,ERR,ERR,ERR,ERR,ERR,ERR,ERR,ERR,ERR,ERR,ERR,ERR,ERR,ERR,ERR,ERR,ERR,ERR,ERR,ERR,ERR,ERR,ERR,ERR,ERR,ERR,ERR,ERR,ERR,ERR,ERR,ERR,ERR,ERR,ERR,ERR,ERR,ERR,ERR,ERR,ERR,ERR,ERR,ERR,ERR,ERR,ERR,ERR,ERR,ERR,ERR,ERR,ERR,ERR,ERR,ERR,ERR,ERR,ERR,ERR,ERR,ERR,ERR,ERR,ERR,ERR,ERR,0.0,0.0,0.0,0.0,0.0,0.0,0.0,0.0,0,0,4,17337,7116,0.0,100,0.0,0.0,0.0,0.0,0.0,0,0,0,0,0.0,0,0,0,0,0,0,0,0,0,0,0,0,0,0,0,0,0,0,0,0,0,0,0,0,0,0,0,0,0,0,0,0,0,31,40,40,71,65476,0,300,0,0,8,21553,0.0,-107605600.0,0.0,0.0,0.0,0.0,0.0,0.0,0.0,0.0,0.0,0.0,0.0,0.0,0.0,0.0,0.0,0.0,0.0,0.0,0.0,0.0,0.0,0.0,0.0,0.0,0.0,0.0,0.0,0.0,5178.0,0.0,6918.0,-107615120.0,0.0,2.004,2.004,0.0,0.0,0.0,0.0,69,-152017901191168.0,126840586240.0,0.0,0.0,0.0,0.0,0.0,0.0,0.0,0,0,0,0.0,0.0,0.0,0.0,0.0,0.0,0.0,0.0,0.0,0.0,0.0,0.0,0.0,0.0,0.0,0.0,0,-107875648.0,69,0.0,138,0.0,2.012,ERR,ERR,ERR,ERR,ERR,ERR,ERR,ERR,ERR,ERR,ERR,ERR,ERR,ERR,ERR,ERR,ERR,ERR,ERR,ERR,ERR,ERR,ERR,ERR,ERR,ERR,ERR,ERR,ERR,ERR,ERR,ERR,ERR,ERR,ERR,ERR,ERR,ERR,ERR,ERR,ERR,ERR,ERR,ERR,ERR,ERR,ERR,ERR,ERR,ERR,ERR,ERR,ERR,ERR,ERR,ERR,ERR,ERR,ERR,ERR,ERR,ERR,ERR,ERR,ERR,ERR,ERR,60.0,60.0,35,0.0,0.0,0.0,0.0,0.0,0.0,0.0,0.0,0.0,0.0,0.0,0.0,0.0,0.0,0.0,0.0,64.8,0,113,55,41,65476,0,300,0,0,8,20529,65476,0,0,2621,60.0,0.0,0.0,0.0,0.0,0.0
2026-07-09T15:43:34,ERR,ERR,ERR,ERR,ERR,ERR,ERR,ERR,ERR,ERR,ERR,ERR,ERR,ERR,ERR,ERR,ERR,ERR,ERR,ERR,ERR,ERR,ERR,ERR,ERR,ERR,ERR,ERR,ERR,ERR,ERR,ERR,ERR,ERR,ERR,ERR,ERR,ERR,ERR,ERR,ERR,ERR,ERR,ERR,ERR,ERR,ERR,ERR,ERR,ERR,ERR,ERR,ERR,ERR,ERR,ERR,ERR,ERR,ERR,ERR,ERR,ERR,ERR,ERR,ERR,ERR,ERR,ERR,ERR,ERR,ERR,ERR,ERR,ERR,ERR,ERR,ERR,ERR,ERR,ERR,ERR,ERR,ERR,ERR,ERR,ERR,ERR,ERR,ERR,ERR,ERR,ERR,ERR,ERR,ERR,ERR,ERR,ERR,ERR,ERR,ERR,ERR,ERR,ERR,ERR,ERR,ERR,ERR,ERR,ERR,ERR,ERR,ERR,ERR,ERR,ERR,ERR,ERR,ERR,ERR,ERR,ERR,ERR,ERR,ERR,0.0,0.0,0.0,0.0,0.0,0.0,0.0,0.0,0,0,4,17337,7116,0.0,100,0.0,0.0,0.0,0.0,0.0,0,0,0,0,0.0,0,0,0,0,0,0,0,0,0,0,0,0,0,0,0,0,0,0,0,0,0,0,0,0,0,0,0,0,0,0,0,0,0,31,40,40,71,65476,0,300,0,0,8,21553,0.0,-107605600.0,0.0,0.0,0.0,0.0,0.0,0.0,0.0,0.0,0.0,0.0,0.0,0.0,0.0,0.0,0.0,0.0,0.0,0.0,0.0,0.0,0.0,0.0,0.0,0.0,0.0,0.0,0.0,0.0,5178.0,0.0,6918.0,-107615120.0,0.0,2.004,2.004,0.0,0.0,0.0,0.0,69,-152017901191168.0,126840586240.0,0.0,0.0,0.0,0.0,0.0,0.0,0.0,0,0,0,0.0,0.0,0.0,0.0,0.0,0.0,0.0,0.0,0.0,0.0,0.0,0.0,0.0,0.0,0.0,0.0,0,-107875648.0,69,0.0,138,0.0,2.012,ERR,ERR,ERR,ERR,ERR,ERR,ERR,ERR,ERR,ERR,ERR,ERR,ERR,ERR,ERR,ERR,ERR,ERR,ERR,ERR,ERR,ERR,ERR,ERR,ERR,ERR,ERR,ERR,ERR,ERR,ERR,ERR,ERR,ERR,ERR,ERR,ERR,ERR,ERR,ERR,ERR,ERR,ERR,ERR,ERR,ERR,ERR,ERR,ERR,ERR,ERR,ERR,ERR,ERR,ERR,ERR,ERR,ERR,ERR,ERR,ERR,ERR,ERR,ERR,ERR,ERR,ERR,60.0,60.0,35,0.0,0.0,0.0,0.0,0.0,0.0,0.0,0.0,0.0,0.0,0.0,0.0,0.0,0.0,0.0,0.0,64.8,0,113,55,41,65476,0,300,0,0,8,20529,65476,0,0,2621,60.0,0.0,0.0,0.0,0.0,0.0
2026-07-09T15:43:35,ERR,ERR,ERR,ERR,ERR,ERR,ERR,ERR,ERR,ERR,ERR,ERR,ERR,ERR,ERR,ERR,ERR,ERR,ERR,ERR,ERR,ERR,ERR,ERR,ERR,ERR,ERR,ERR,ERR,ERR,ERR,ERR,ERR,ERR,ERR,ERR,ERR,ERR,ERR,ERR,ERR,ERR,ERR,ERR,ERR,ERR,ERR,ERR,ERR,ERR,ERR,ERR,ERR,ERR,ERR,ERR,ERR,ERR,ERR,ERR,ERR,ERR,ERR,ERR,ERR,ERR,ERR,ERR,ERR,ERR,ERR,ERR,ERR,ERR,ERR,ERR,ERR,ERR,ERR,ERR,ERR,ERR,ERR,ERR,ERR,ERR,ERR,ERR,ERR,ERR,ERR,ERR,ERR,ERR,ERR,ERR,ERR,ERR,ERR,ERR,ERR,ERR,ERR,ERR,ERR,ERR,ERR,ERR,ERR,ERR,ERR,ERR,ERR,ERR,ERR,ERR,ERR,ERR,ERR,ERR,ERR,ERR,ERR,ERR,ERR,0.0,0.0,0.0,0.0,0.0,0.0,0.0,0.0,0,0,4,17337,7116,0.0,100,0.0,0.0,0.0,0.0,0.0,0,0,0,0,0.0,0,0,0,0,0,0,0,0,0,0,0,0,0,0,0,0,0,0,0,0,0,0,0,0,0,0,0,0,0,0,0,0,0,31,40,40,71,65476,0,300,0,0,8,21553,0.0,-107605600.0,0.0,0.0,0.0,0.0,0.0,0.0,0.0,0.0,0.0,0.0,0.0,0.0,0.0,0.0,0.0,0.0,0.0,0.0,0.0,0.0,0.0,0.0,0.0,0.0,0.0,0.0,0.0,0.0,5178.0,0.0,6918.0,-107615120.0,0.0,2.004,2.004,0.0,0.0,0.0,0.0,69,-152017901191168.0,126840586240.0,0.0,0.0,0.0,0.0,0.0,0.0,0.0,0,0,0,0.0,0.0,0.0,0.0,0.0,0.0,0.0,0.0,0.0,0.0,0.0,0.0,0.0,0.0,0.0,0.0,0,-107875648.0,69,0.0,138,0.0,2.012,ERR,ERR,ERR,ERR,ERR,ERR,ERR,ERR,ERR,ERR,ERR,ERR,ERR,ERR,ERR,ERR,ERR,ERR,ERR,ERR,ERR,ERR,ERR,ERR,ERR,ERR,ERR,ERR,ERR,ERR,ERR,ERR,ERR,ERR,ERR,ERR,ERR,ERR,ERR,ERR,ERR,ERR,ERR,ERR,ERR,ERR,ERR,ERR,ERR,ERR,ERR,ERR,ERR,ERR,ERR,ERR,ERR,ERR,ERR,ERR,ERR,ERR,ERR,ERR,ERR,ERR,ERR,60.0,60.0,35,0.0,0.0,0.0,0.0,0.0,0.0,0.0,0.0,0.0,0.0,0.0,0.0,0.0,0.0,0.0,0.0,64.8,0,113,55,41,65476,0,300,0,0,8,20529,65476,0,0,2621,60.0,0.0,0.0,0.0,0.0,0.0
2026-07-09T15:43:36,ERR,ERR,ERR,ERR,ERR,ERR,ERR,ERR,ERR,ERR,ERR,ERR,ERR,ERR,ERR,ERR,ERR,ERR,ERR,ERR,ERR,ERR,ERR,ERR,ERR,ERR,ERR,ERR,ERR,ERR,ERR,ERR,ERR,ERR,ERR,ERR,ERR,ERR,ERR,ERR,ERR,ERR,ERR,ERR,ERR,ERR,ERR,ERR,ERR,ERR,ERR,ERR,ERR,ERR,ERR,ERR,ERR,ERR,ERR,ERR,ERR,ERR,ERR,ERR,ERR,ERR,ERR,ERR,ERR,ERR,ERR,ERR,ERR,ERR,ERR,ERR,ERR,ERR,ERR,ERR,ERR,ERR,ERR,ERR,ERR,ERR,ERR,ERR,ERR,ERR,ERR,ERR,ERR,ERR,ERR,ERR,ERR,ERR,ERR,ERR,ERR,ERR,ERR,ERR,ERR,ERR,ERR,ERR,ERR,ERR,ERR,ERR,ERR,ERR,ERR,ERR,ERR,ERR,ERR,ERR,ERR,ERR,ERR,ERR,ERR,0.0,0.0,0.0,0.0,0.0,0.0,0.0,0.0,0,0,4,17337,7116,0.0,100,0.0,0.0,0.0,0.0,0.0,0,0,0,0,0.0,0,0,0,0,0,0,0,0,0,0,0,0,0,0,0,0,0,0,0,0,0,0,0,0,0,0,0,0,0,0,0,0,0,31,40,40,71,65476,0,300,0,0,8,21553,0.0,-107605600.0,0.0,0.0,0.0,0.0,0.0,0.0,0.0,0.0,0.0,0.0,0.0,0.0,0.0,0.0,0.0,0.0,0.0,0.0,0.0,0.0,0.0,0.0,0.0,0.0,0.0,0.0,0.0,0.0,5178.0,0.0,6918.0,-107615120.0,0.0,2.004,2.004,0.0,0.0,0.0,0.0,69,-152017901191168.0,126840586240.0,0.0,0.0,0.0,0.0,0.0,0.0,0.0,0,0,0,0.0,0.0,0.0,0.0,0.0,0.0,0.0,0.0,0.0,0.0,0.0,0.0,0.0,0.0,0.0,0.0,0,-107875648.0,69,0.0,138,0.0,2.012,ERR,ERR,ERR,ERR,ERR,ERR,ERR,ERR,ERR,ERR,ERR,ERR,ERR,ERR,ERR,ERR,ERR,ERR,ERR,ERR,ERR,ERR,ERR,ERR,ERR,ERR,ERR,ERR,ERR,ERR,ERR,ERR,ERR,ERR,ERR,ERR,ERR,ERR,ERR,ERR,ERR,ERR,ERR,ERR,ERR,ERR,ERR,ERR,ERR,ERR,ERR,ERR,ERR,ERR,ERR,ERR,ERR,ERR,ERR,ERR,ERR,ERR,ERR,ERR,ERR,ERR,ERR,60.0,60.0,35,0.0,0.0,0.0,0.0,0.0,0.0,0.0,0.0,0.0,0.0,0.0,0.0,0.0,0.0,0.0,0.0,65.6,0,113,54,41,65476,0,300,0,0,8,20529,65476,0,0,2621,60.0,0.0,0.0,0.0,0.0,0.0
2026-07-09T15:43:37,ERR,ERR,ERR,ERR,ERR,ERR,ERR,ERR,ERR,ERR,ERR,ERR,ERR,ERR,ERR,ERR,ERR,ERR,ERR,ERR,ERR,ERR,ERR,ERR,ERR,ERR,ERR,ERR,ERR,ERR,ERR,ERR,ERR,ERR,ERR,ERR,ERR,ERR,ERR,ERR,ERR,ERR,ERR,ERR,ERR,ERR,ERR,ERR,ERR,ERR,ERR,ERR,ERR,ERR,ERR,ERR,ERR,ERR,ERR,ERR,ERR,ERR,ERR,ERR,ERR,ERR,ERR,ERR,ERR,ERR,ERR,ERR,ERR,ERR,ERR,ERR,ERR,ERR,ERR,ERR,ERR,ERR,ERR,ERR,ERR,ERR,ERR,ERR,ERR,ERR,ERR,ERR,ERR,ERR,ERR,ERR,ERR,ERR,ERR,ERR,ERR,ERR,ERR,ERR,ERR,ERR,ERR,ERR,ERR,ERR,ERR,ERR,ERR,ERR,ERR,ERR,ERR,ERR,ERR,ERR,ERR,ERR,ERR,ERR,ERR,0.0,-0.0,0.0,0.0,-0.0,-2.592694491245896e+24,8.902473399285728e+25,-0.0,0,0,4,17314,7116,0.0,100,0.0,0.0,0.0,0.0,0.0,0,0,0,0,0.0,0,0,0,0,0,0,0,0,0,0,0,0,0,0,0,0,0,0,0,0,0,0,0,0,0,0,0,0,0,0,0,0,0,31,40,40,71,65476,0,300,0,0,8,21553,0.0,-107605600.0,0.0,0.0,0.0,0.0,0.0,0.0,0.0,0.0,0.0,0.0,0.0,0.0,0.0,0.0,0.0,0.0,0.0,0.0,0.0,0.0,0.0,3.697071784415409e+19,0.0,0.0,0.0,0.0,0.0,0.0,5124.0,-1.0406658760329878e+34,6943.0,0.0,-107616152.0,2.004,2.004,0.0,0.0,0.0,0.0,69,-4.950415444773847e+32,0.0,0.0,0.0,0.0,0.0,0.0,0.0,0.0,0,0,0,0.0,0.0,0.0,0.0,0.0,0.0,0.0,0.0,0.0,0.0,0.0,0.0,0.0,0.0,0.0,0.0,0,-107875648.0,69,0.0,138,0.0,2.012,ERR,ERR,ERR,ERR,ERR,ERR,ERR,ERR,ERR,ERR,ERR,ERR,ERR,ERR,ERR,ERR,ERR,ERR,ERR,ERR,ERR,ERR,ERR,ERR,ERR,ERR,ERR,ERR,ERR,ERR,ERR,ERR,ERR,ERR,ERR,ERR,ERR,ERR,ERR,ERR,ERR,ERR,ERR,ERR,ERR,ERR,ERR,ERR,ERR,ERR,ERR,ERR,ERR,ERR,ERR,ERR,ERR,ERR,ERR,ERR,ERR,ERR,ERR,ERR,ERR,ERR,ERR,60.0,60.0,35,0.0,0.0,0.0,0.0,0.0,0.0,0.0,0.0,0.0,0.0,0.0,0.0,0.0,0.0,0.0,0.0,65.6,0,113,54,41,65476,0,300,0,0,8,20529,65476,0,0,2621,60.0,0.0,0.0,0.0,0.0,0.0
2026-07-09T15:43:38,ERR,ERR,ERR,ERR,ERR,ERR,ERR,ERR,ERR,ERR,ERR,ERR,ERR,ERR,ERR,ERR,ERR,ERR,ERR,ERR,ERR,ERR,ERR,ERR,ERR,ERR,ERR,ERR,ERR,ERR,ERR,ERR,ERR,ERR,ERR,ERR,ERR,ERR,ERR,ERR,ERR,ERR,ERR,ERR,ERR,ERR,ERR,ERR,ERR,ERR,ERR,ERR,ERR,ERR,ERR,ERR,ERR,ERR,ERR,ERR,ERR,ERR,ERR,ERR,ERR,ERR,ERR,ERR,ERR,ERR,ERR,ERR,ERR,ERR,ERR,ERR,ERR,ERR,ERR,ERR,ERR,ERR,ERR,ERR,ERR,ERR,ERR,ERR,ERR,ERR,ERR,ERR,ERR,ERR,ERR,ERR,ERR,ERR,ERR,ERR,ERR,ERR,ERR,ERR,ERR,ERR,ERR,ERR,ERR,ERR,ERR,ERR,ERR,ERR,ERR,ERR,ERR,ERR,ERR,ERR,ERR,ERR,ERR,ERR,ERR,0.0,-0.0,0.0,0.0,-0.0,-2.592694491245896e+24,8.902473399285728e+25,-0.0,0,0,4,17314,7116,0.0,100,0.0,0.0,0.0,0.0,0.0,0,0,0,0,0.0,0,0,0,0,0,0,0,0,0,0,0,0,0,0,0,0,0,0,0,0,0,0,0,0,0,0,0,0,0,0,0,0,0,31,40,40,71,65476,0,300,0,0,8,21553,0.0,-107605600.0,0.0,0.0,0.0,0.0,0.0,0.0,0.0,0.0,0.0,0.0,0.0,0.0,0.0,0.0,0.0,0.0,0.0,0.0,0.0,0.0,0.0,3.697071784415409e+19,0.0,0.0,0.0,0.0,0.0,0.0,5124.0,-1.0406658760329878e+34,6943.0,0.0,-107616152.0,2.004,2.004,0.0,0.0,0.0,0.0,69,-4.950415444773847e+32,0.0,0.0,0.0,0.0,0.0,0.0,0.0,0.0,0,0,0,0.0,0.0,0.0,0.0,0.0,0.0,0.0,0.0,0.0,0.0,0.0,0.0,0.0,0.0,0.0,0.0,0,-107875648.0,69,0.0,138,0.0,2.012,ERR,ERR,ERR,ERR,ERR,ERR,ERR,ERR,ERR,ERR,ERR,ERR,ERR,ERR,ERR,ERR,ERR,ERR,ERR,ERR,ERR,ERR,ERR,ERR,ERR,ERR,ERR,ERR,ERR,ERR,ERR,ERR,ERR,ERR,ERR,ERR,ERR,ERR,ERR,ERR,ERR,ERR,ERR,ERR,ERR,ERR,ERR,ERR,ERR,ERR,ERR,ERR,ERR,ERR,ERR,ERR,ERR,ERR,ERR,ERR,ERR,ERR,ERR,ERR,ERR,ERR,ERR,60.0,60.0,35,0.0,0.0,0.0,0.0,0.0,0.0,0.0,0.0,0.0,0.0,0.0,0.0,0.0,0.0,0.0,0.0,64.8,0,112,54,41,65476,0,300,0,0,8,20529,65476,0,0,2621,60.0,0.0,0.0,0.0,0.0,0.0
2026-07-09T15:43:39,ERR,ERR,ERR,ERR,ERR,ERR,ERR,ERR,ERR,ERR,ERR,ERR,ERR,ERR,ERR,ERR,ERR,ERR,ERR,ERR,ERR,ERR,ERR,ERR,ERR,ERR,ERR,ERR,ERR,ERR,ERR,ERR,ERR,ERR,ERR,ERR,ERR,ERR,ERR,ERR,ERR,ERR,ERR,ERR,ERR,ERR,ERR,ERR,ERR,ERR,ERR,ERR,ERR,ERR,ERR,ERR,ERR,ERR,ERR,ERR,ERR,ERR,ERR,ERR,ERR,ERR,ERR,ERR,ERR,ERR,ERR,ERR,ERR,ERR,ERR,ERR,ERR,ERR,ERR,ERR,ERR,ERR,ERR,ERR,ERR,ERR,ERR,ERR,ERR,ERR,ERR,ERR,ERR,ERR,ERR,ERR,ERR,ERR,ERR,ERR,ERR,ERR,ERR,ERR,ERR,ERR,ERR,ERR,ERR,ERR,ERR,ERR,ERR,ERR,ERR,ERR,ERR,ERR,ERR,ERR,ERR,ERR,ERR,ERR,ERR,0.0,-0.0,0.0,0.0,-0.0,-2.592694491245896e+24,8.902473399285728e+25,-0.0,0,0,4,17314,7116,0.0,100,0.0,0.0,0.0,0.0,0.0,0,0,0,0,0.0,0,0,0,0,0,0,0,0,0,0,0,0,0,0,0,0,0,0,0,0,0,0,0,0,0,0,0,0,0,0,0,0,0,31,40,40,71,65476,0,300,0,0,8,21553,0.0,-107605600.0,0.0,0.0,0.0,0.0,0.0,0.0,0.0,0.0,0.0,0.0,0.0,0.0,0.0,0.0,0.0,0.0,0.0,0.0,0.0,0.0,0.0,3.697071784415409e+19,0.0,0.0,0.0,0.0,0.0,0.0,5124.0,-1.0406658760329878e+34,6943.0,0.0,-107616152.0,2.004,2.004,0.0,0.0,0.0,0.0,69,-4.950415444773847e+32,0.0,0.0,0.0,0.0,0.0,0.0,0.0,0.0,0,0,0,0.0,0.0,0.0,0.0,0.0,0.0,0.0,0.0,0.0,0.0,0.0,0.0,0.0,0.0,0.0,0.0,0,-107875648.0,69,0.0,138,0.0,2.012,ERR,ERR,ERR,ERR,ERR,ERR,ERR,ERR,ERR,ERR,ERR,ERR,ERR,ERR,ERR,ERR,ERR,ERR,ERR,ERR,ERR,ERR,ERR,ERR,ERR,ERR,ERR,ERR,ERR,ERR,ERR,ERR,ERR,ERR,ERR,ERR,ERR,ERR,ERR,ERR,ERR,ERR,ERR,ERR,ERR,ERR,ERR,ERR,ERR,ERR,ERR,ERR,ERR,ERR,ERR,ERR,ERR,ERR,ERR,ERR,ERR,ERR,ERR,ERR,ERR,ERR,ERR,60.0,60.0,35,0.0,0.0,0.0,0.0,0.0,0.0,0.0,0.0,0.0,0.0,0.0,0.0,0.0,0.0,0.0,0.0,64.8,0,112,54,41,65476,0,300,0,0,8,20529,65476,0,0,2621,60.0,0.0,0.0,0.0,0.0,0.0
2026-07-09T15:43:40,ERR,ERR,ERR,ERR,ERR,ERR,ERR,ERR,ERR,ERR,ERR,ERR,ERR,ERR,ERR,ERR,ERR,ERR,ERR,ERR,ERR,ERR,ERR,ERR,ERR,ERR,ERR,ERR,ERR,ERR,ERR,ERR,ERR,ERR,ERR,ERR,ERR,ERR,ERR,ERR,ERR,ERR,ERR,ERR,ERR,ERR,ERR,ERR,ERR,ERR,ERR,ERR,ERR,ERR,ERR,ERR,ERR,ERR,ERR,ERR,ERR,ERR,ERR,ERR,ERR,ERR,ERR,ERR,ERR,ERR,ERR,ERR,ERR,ERR,ERR,ERR,ERR,ERR,ERR,ERR,ERR,ERR,ERR,ERR,ERR,ERR,ERR,ERR,ERR,ERR,ERR,ERR,ERR,ERR,ERR,ERR,ERR,ERR,ERR,ERR,ERR,ERR,ERR,ERR,ERR,ERR,ERR,ERR,ERR,ERR,ERR,ERR,ERR,ERR,ERR,ERR,ERR,ERR,ERR,ERR,ERR,ERR,ERR,ERR,ERR,0.0,-0.0,0.0,0.0,-0.0,-2.592694491245896e+24,8.902473399285728e+25,-0.0,0,0,4,17314,7116,0.0,100,0.0,0.0,0.0,0.0,0.0,0,0,0,0,0.0,0,0,0,0,0,0,0,0,0,0,0,0,0,0,0,0,0,0,0,0,0,0,0,0,0,0,0,0,0,0,0,0,0,31,40,40,71,65476,0,300,0,0,8,21553,0.0,-107605600.0,0.0,0.0,0.0,0.0,0.0,0.0,0.0,0.0,0.0,0.0,0.0,0.0,0.0,0.0,0.0,0.0,0.0,0.0,0.0,0.0,0.0,3.697071784415409e+19,0.0,0.0,0.0,0.0,0.0,0.0,5124.0,-1.0406658760329878e+34,6943.0,0.0,-107616152.0,2.004,2.004,0.0,0.0,0.0,0.0,69,-4.950415444773847e+32,0.0,0.0,0.0,0.0,0.0,0.0,0.0,0.0,0,0,0,0.0,0.0,0.0,0.0,0.0,0.0,0.0,0.0,0.0,0.0,0.0,0.0,0.0,0.0,0.0,0.0,0,-107875648.0,69,0.0,138,0.0,2.012,ERR,ERR,ERR,ERR,ERR,ERR,ERR,ERR,ERR,ERR,ERR,ERR,ERR,ERR,ERR,ERR,ERR,ERR,ERR,ERR,ERR,ERR,ERR,ERR,ERR,ERR,ERR,ERR,ERR,ERR,ERR,ERR,ERR,ERR,ERR,ERR,ERR,ERR,ERR,ERR,ERR,ERR,ERR,ERR,ERR,ERR,ERR,ERR,ERR,ERR,ERR,ERR,ERR,ERR,ERR,ERR,ERR,ERR,ERR,ERR,ERR,ERR,ERR,ERR,ERR,ERR,ERR,60.0,60.0,35,0.0,0.0,0.0,0.0,0.0,0.0,0.0,0.0,0.0,0.0,0.0,0.0,0.0,0.0,0.0,0.0,64.8,0,112,54,41,65476,0,300,0,0,8,20529,65476,0,0,2621,60.0,0.0,0.0,0.0,0.0,0.0
2026-07-09T15:43:41,ERR,ERR,ERR,ERR,ERR,ERR,ERR,ERR,ERR,ERR,ERR,ERR,ERR,ERR,ERR,ERR,ERR,ERR,ERR,ERR,ERR,ERR,ERR,ERR,ERR,ERR,ERR,ERR,ERR,ERR,ERR,ERR,ERR,ERR,ERR,ERR,ERR,ERR,ERR,ERR,ERR,ERR,ERR,ERR,ERR,ERR,ERR,ERR,ERR,ERR,ERR,ERR,ERR,ERR,ERR,ERR,ERR,ERR,ERR,ERR,ERR,ERR,ERR,ERR,ERR,ERR,ERR,ERR,ERR,ERR,ERR,ERR,ERR,ERR,ERR,ERR,ERR,ERR,ERR,ERR,ERR,ERR,ERR,ERR,ERR,ERR,ERR,ERR,ERR,ERR,ERR,ERR,ERR,ERR,ERR,ERR,ERR,ERR,ERR,ERR,ERR,ERR,ERR,ERR,ERR,ERR,ERR,ERR,ERR,ERR,ERR,ERR,ERR,ERR,ERR,ERR,ERR,ERR,ERR,ERR,ERR,ERR,ERR,ERR,ERR,0.0,-0.0,0.0,0.0,-0.0,-2.592694491245896e+24,8.902473399285728e+25,-0.0,0,0,4,17314,7116,0.0,100,0.0,0.0,0.0,0.0,0.0,0,0,0,0,0.0,0,0,0,0,0,0,0,0,0,0,0,0,0,0,0,0,0,0,0,0,0,0,0,0,0,0,0,0,0,0,0,0,0,31,40,40,71,65476,0,300,0,0,8,21553,0.0,-107605600.0,0.0,0.0,0.0,0.0,0.0,0.0,0.0,0.0,0.0,0.0,0.0,0.0,0.0,0.0,0.0,0.0,0.0,0.0,0.0,0.0,0.0,3.697071784415409e+19,0.0,0.0,0.0,0.0,0.0,0.0,5124.0,-1.0406658760329878e+34,6943.0,0.0,-107616152.0,2.004,2.004,0.0,0.0,0.0,0.0,69,-4.950415444773847e+32,0.0,0.0,0.0,0.0,0.0,0.0,0.0,0.0,0,0,0,0.0,0.0,0.0,0.0,0.0,0.0,0.0,0.0,0.0,0.0,0.0,0.0,0.0,0.0,0.0,0.0,0,-107875648.0,69,0.0,138,0.0,2.012,ERR,ERR,ERR,ERR,ERR,ERR,ERR,ERR,ERR,ERR,ERR,ERR,ERR,ERR,ERR,ERR,ERR,ERR,ERR,ERR,ERR,ERR,ERR,ERR,ERR,ERR,ERR,ERR,ERR,ERR,ERR,ERR,ERR,ERR,ERR,ERR,ERR,ERR,ERR,ERR,ERR,ERR,ERR,ERR,ERR,ERR,ERR,ERR,ERR,ERR,ERR,ERR,ERR,ERR,ERR,ERR,ERR,ERR,ERR,ERR,ERR,ERR,ERR,ERR,ERR,ERR,ERR,60.0,60.0,35,0.0,0.0,0.0,0.0,0.0,0.0,0.0,0.0,0.0,0.0,0.0,0.0,0.0,0.0,0.0,0.0,64.8,0,112,54,40,65476,0,300,0,0,8,20529,65476,0,0,2621,60.0,0.0,0.0,0.0,0.0,0.0
2026-07-09T15:43:42,ERR,ERR,ERR,ERR,ERR,ERR,ERR,ERR,ERR,ERR,ERR,ERR,ERR,ERR,ERR,ERR,ERR,ERR,ERR,ERR,ERR,ERR,ERR,ERR,ERR,ERR,ERR,ERR,ERR,ERR,ERR,ERR,ERR,ERR,ERR,ERR,ERR,ERR,ERR,ERR,ERR,ERR,ERR,ERR,ERR,ERR,ERR,ERR,ERR,ERR,ERR,ERR,ERR,ERR,ERR,ERR,ERR,ERR,ERR,ERR,ERR,ERR,ERR,ERR,ERR,ERR,ERR,ERR,ERR,ERR,ERR,ERR,ERR,ERR,ERR,ERR,ERR,ERR,ERR,ERR,ERR,ERR,ERR,ERR,ERR,ERR,ERR,ERR,ERR,ERR,ERR,ERR,ERR,ERR,ERR,ERR,ERR,ERR,ERR,ERR,ERR,ERR,ERR,ERR,ERR,ERR,ERR,ERR,ERR,ERR,ERR,ERR,ERR,ERR,ERR,ERR,ERR,ERR,ERR,ERR,ERR,ERR,ERR,ERR,ERR,0.0,2.7184483955545712e+23,-0.0,0.0,-1.8836472074663312e+22,-0.0,-9.73510183603798e+28,0.0,0,0,4,17321,7116,0.0,100,0.0,0.0,0.0,0.0,0.0,0,0,0,0,0.0,0,0,0,0,0,0,0,0,0,0,0,0,0,0,0,0,0,0,0,0,0,0,0,0,0,0,0,0,0,0,0,0,0,31,40,40,71,65476,0,300,0,0,8,21553,0.0,-107605600.0,0.0,0.0,0.0,0.0,0.0,0.0,0.0,0.0,0.0,0.0,0.0,0.0,0.0,0.0,0.0,0.0,0.0,0.0,0.0,0.0,0.0,-3.697071784415409e+19,0.0,0.0,0.0,0.0,0.0,0.0,5133.0,-0.0,6935.0,0.0,-107616160.0,2.004,2.004,0.0,0.0,0.0,0.0,69,0.0,-0.0,0.0,0.0,0.0,0.0,0.0,0.0,0.0,0,0,0,0.0,0.0,0.0,0.0,0.0,0.0,0.0,0.0,0.0,0.0,0.0,0.0,0.0,0.0,0.0,0.0,0,-107875648.0,69,0.0,138,0.0,2.012,ERR,ERR,ERR,ERR,ERR,ERR,ERR,ERR,ERR,ERR,ERR,ERR,ERR,ERR,ERR,ERR,ERR,ERR,ERR,ERR,ERR,ERR,ERR,ERR,ERR,ERR,ERR,ERR,ERR,ERR,ERR,ERR,ERR,ERR,ERR,ERR,ERR,ERR,ERR,ERR,ERR,ERR,ERR,ERR,ERR,ERR,ERR,ERR,ERR,ERR,ERR,ERR,ERR,ERR,ERR,ERR,ERR,ERR,ERR,ERR,ERR,ERR,ERR,ERR,ERR,ERR,ERR,60.0,60.0,35,0.0,0.0,0.0,0.0,0.0,0.0,0.0,0.0,0.0,0.0,0.0,0.0,0.0,0.0,0.0,0.0,64.8,0,112,54,40,65476,0,300,0,0,8,20529,65476,0,0,2621,60.0,0.0,0.0,0.0,0.0,0.0
2026-07-09T15:43:43,ERR,ERR,ERR,ERR,ERR,ERR,ERR,ERR,ERR,ERR,ERR,ERR,ERR,ERR,ERR,ERR,ERR,ERR,ERR,ERR,ERR,ERR,ERR,ERR,ERR,ERR,ERR,ERR,ERR,ERR,ERR,ERR,ERR,ERR,ERR,ERR,ERR,ERR,ERR,ERR,ERR,ERR,ERR,ERR,ERR,ERR,ERR,ERR,ERR,ERR,ERR,ERR,ERR,ERR,ERR,ERR,ERR,ERR,ERR,ERR,ERR,ERR,ERR,ERR,ERR,ERR,ERR,ERR,ERR,ERR,ERR,ERR,ERR,ERR,ERR,ERR,ERR,ERR,ERR,ERR,ERR,ERR,ERR,ERR,ERR,ERR,ERR,ERR,ERR,ERR,ERR,ERR,ERR,ERR,ERR,ERR,ERR,ERR,ERR,ERR,ERR,ERR,ERR,ERR,ERR,ERR,ERR,ERR,ERR,ERR,ERR,ERR,ERR,ERR,ERR,ERR,ERR,ERR,ERR,ERR,ERR,ERR,ERR,ERR,ERR,0.0,2.7184483955545712e+23,-0.0,0.0,-1.8836472074663312e+22,-0.0,-9.73510183603798e+28,0.0,0,0,4,17321,7116,0.0,100,0.0,0.0,0.0,0.0,0.0,0,0,0,0,0.0,0,0,0,0,0,0,0,0,0,0,0,0,0,0,0,0,0,0,0,0,0,0,0,0,0,0,0,0,0,0,0,0,0,31,40,40,71,65476,0,300,0,0,8,21553,0.0,-107605600.0,0.0,0.0,0.0,0.0,0.0,0.0,0.0,0.0,0.0,0.0,0.0,0.0,0.0,0.0,0.0,0.0,0.0,0.0,0.0,0.0,0.0,-3.697071784415409e+19,0.0,0.0,0.0,0.0,0.0,0.0,5133.0,-0.0,6935.0,0.0,-107616160.0,2.004,2.004,0.0,0.0,0.0,0.0,69,0.0,-0.0,0.0,0.0,0.0,0.0,0.0,0.0,0.0,0,0,0,0.0,0.0,0.0,0.0,0.0,0.0,0.0,0.0,0.0,0.0,0.0,0.0,0.0,0.0,0.0,0.0,0,-107875648.0,69,0.0,138,0.0,2.012,ERR,ERR,ERR,ERR,ERR,ERR,ERR,ERR,ERR,ERR,ERR,ERR,ERR,ERR,ERR,ERR,ERR,ERR,ERR,ERR,ERR,ERR,ERR,ERR,ERR,ERR,ERR,ERR,ERR,ERR,ERR,ERR,ERR,ERR,ERR,ERR,ERR,ERR,ERR,ERR,ERR,ERR,ERR,ERR,ERR,ERR,ERR,ERR,ERR,ERR,ERR,ERR,ERR,ERR,ERR,ERR,ERR,ERR,ERR,ERR,ERR,ERR,ERR,ERR,ERR,ERR,ERR,60.0,60.0,35,0.0,0.0,0.0,0.0,0.0,0.0,0.0,0.0,0.0,0.0,0.0,0.0,0.0,0.0,0.0,0.0,64.8,0,112,54,40,65476,0,300,0,0,8,20529,65476,0,0,2621,60.0,0.0,0.0,0.0,0.0,0.0
2026-07-09T15:43:44,ERR,ERR,ERR,ERR,ERR,ERR,ERR,ERR,ERR,ERR,ERR,ERR,ERR,ERR,ERR,ERR,ERR,ERR,ERR,ERR,ERR,ERR,ERR,ERR,ERR,ERR,ERR,ERR,ERR,ERR,ERR,ERR,ERR,ERR,ERR,ERR,ERR,ERR,ERR,ERR,ERR,ERR,ERR,ERR,ERR,ERR,ERR,ERR,ERR,ERR,ERR,ERR,ERR,ERR,ERR,ERR,ERR,ERR,ERR,ERR,ERR,ERR,ERR,ERR,ERR,ERR,ERR,ERR,ERR,ERR,ERR,ERR,ERR,ERR,ERR,ERR,ERR,ERR,ERR,ERR,ERR,ERR,ERR,ERR,ERR,ERR,ERR,ERR,ERR,ERR,ERR,ERR,ERR,ERR,ERR,ERR,ERR,ERR,ERR,ERR,ERR,ERR,ERR,ERR,ERR,ERR,ERR,ERR,ERR,ERR,ERR,ERR,ERR,ERR,ERR,ERR,ERR,ERR,ERR,ERR,ERR,ERR,ERR,ERR,ERR,0.0,2.7184483955545712e+23,-0.0,0.0,-1.8836472074663312e+22,-0.0,-9.73510183603798e+28,0.0,0,0,4,17321,7116,0.0,100,0.0,0.0,0.0,0.0,0.0,0,0,0,0,0.0,0,0,0,0,0,0,0,0,0,0,0,0,0,0,0,0,0,0,0,0,0,0,0,0,0,0,0,0,0,0,0,0,0,31,40,40,71,65476,0,300,0,0,8,21553,0.0,-107605600.0,0.0,0.0,0.0,0.0,0.0,0.0,0.0,0.0,0.0,0.0,0.0,0.0,0.0,0.0,0.0,0.0,0.0,0.0,0.0,0.0,0.0,-3.697071784415409e+19,0.0,0.0,0.0,0.0,0.0,0.0,5133.0,-0.0,6935.0,0.0,-107616160.0,2.004,2.004,0.0,0.0,0.0,0.0,69,0.0,-0.0,0.0,0.0,0.0,0.0,0.0,0.0,0.0,0,0,0,0.0,0.0,0.0,0.0,0.0,0.0,0.0,0.0,0.0,0.0,0.0,0.0,0.0,0.0,0.0,0.0,0,-107875648.0,69,0.0,138,0.0,2.012,ERR,ERR,ERR,ERR,ERR,ERR,ERR,ERR,ERR,ERR,ERR,ERR,ERR,ERR,ERR,ERR,ERR,ERR,ERR,ERR,ERR,ERR,ERR,ERR,ERR,ERR,ERR,ERR,ERR,ERR,ERR,ERR,ERR,ERR,ERR,ERR,ERR,ERR,ERR,ERR,ERR,ERR,ERR,ERR,ERR,ERR,ERR,ERR,ERR,ERR,ERR,ERR,ERR,ERR,ERR,ERR,ERR,ERR,ERR,ERR,ERR,ERR,ERR,ERR,ERR,ERR,ERR,60.0,60.0,35,0.0,0.0,0.0,0.0,0.0,0.0,0.0,0.0,0.0,0.0,0.0,0.0,0.0,0.0,0.0,0.0,64.8,0,112,54,40,65476,0,300,0,0,8,20529,65476,0,0,2621,60.0,0.0,0.0,0.0,0.0,0.0
2026-07-09T15:43:45,ERR,ERR,ERR,ERR,ERR,ERR,ERR,ERR,ERR,ERR,ERR,ERR,ERR,ERR,ERR,ERR,ERR,ERR,ERR,ERR,ERR,ERR,ERR,ERR,ERR,ERR,ERR,ERR,ERR,ERR,ERR,ERR,ERR,ERR,ERR,ERR,ERR,ERR,ERR,ERR,ERR,ERR,ERR,ERR,ERR,ERR,ERR,ERR,ERR,ERR,ERR,ERR,ERR,ERR,ERR,ERR,ERR,ERR,ERR,ERR,ERR,ERR,ERR,ERR,ERR,ERR,ERR,ERR,ERR,ERR,ERR,ERR,ERR,ERR,ERR,ERR,ERR,ERR,ERR,ERR,ERR,ERR,ERR,ERR,ERR,ERR,ERR,ERR,ERR,ERR,ERR,ERR,ERR,ERR,ERR,ERR,ERR,ERR,ERR,ERR,ERR,ERR,ERR,ERR,ERR,ERR,ERR,ERR,ERR,ERR,ERR,ERR,ERR,ERR,ERR,ERR,ERR,ERR,ERR,ERR,ERR,ERR,ERR,ERR,ERR,0.0,2.7184483955545712e+23,-0.0,0.0,-1.8836472074663312e+22,-0.0,-9.73510183603798e+28,0.0,0,0,4,17321,7116,0.0,100,0.0,0.0,0.0,0.0,0.0,0,0,0,0,0.0,0,0,0,0,0,0,0,0,0,0,0,0,0,0,0,0,0,0,0,0,0,0,0,0,0,0,0,0,0,0,0,0,0,31,40,40,71,65476,0,300,0,0,8,21553,0.0,-107605600.0,0.0,0.0,0.0,0.0,0.0,0.0,0.0,0.0,0.0,0.0,0.0,0.0,0.0,0.0,0.0,0.0,0.0,0.0,0.0,0.0,0.0,-3.697071784415409e+19,0.0,0.0,0.0,0.0,0.0,0.0,5133.0,-0.0,6935.0,0.0,-107616160.0,2.004,2.004,0.0,0.0,0.0,0.0,69,0.0,-0.0,0.0,0.0,0.0,0.0,0.0,0.0,0.0,0,0,0,0.0,0.0,0.0,0.0,0.0,0.0,0.0,0.0,0.0,0.0,0.0,0.0,0.0,0.0,0.0,0.0,0,-107875648.0,69,0.0,138,0.0,2.012,ERR,ERR,ERR,ERR,ERR,ERR,ERR,ERR,ERR,ERR,ERR,ERR,ERR,ERR,ERR,ERR,ERR,ERR,ERR,ERR,ERR,ERR,ERR,ERR,ERR,ERR,ERR,ERR,ERR,ERR,ERR,ERR,ERR,ERR,ERR,ERR,ERR,ERR,ERR,ERR,ERR,ERR,ERR,ERR,ERR,ERR,ERR,ERR,ERR,ERR,ERR,ERR,ERR,ERR,ERR,ERR,ERR,ERR,ERR,ERR,ERR,ERR,ERR,ERR,ERR,ERR,ERR,60.0,60.0,35,0.0,0.0,0.0,0.0,0.0,0.0,0.0,0.0,0.0,0.0,0.0,0.0,0.0,0.0,0.0,0.0,64.8,0,112,54,40,65476,0,300,0,0,8,20529,65476,0,0,2621,60.0,0.0,0.0,0.0,0.0,0.0
2026-07-09T15:43:46,ERR,ERR,ERR,ERR,ERR,ERR,ERR,ERR,ERR,ERR,ERR,ERR,ERR,ERR,ERR,ERR,ERR,ERR,ERR,ERR,ERR,ERR,ERR,ERR,ERR,ERR,ERR,ERR,ERR,ERR,ERR,ERR,ERR,ERR,ERR,ERR,ERR,ERR,ERR,ERR,ERR,ERR,ERR,ERR,ERR,ERR,ERR,ERR,ERR,ERR,ERR,ERR,ERR,ERR,ERR,ERR,ERR,ERR,ERR,ERR,ERR,ERR,ERR,ERR,ERR,ERR,ERR,ERR,ERR,ERR,ERR,ERR,ERR,ERR,ERR,ERR,ERR,ERR,ERR,ERR,ERR,ERR,ERR,ERR,ERR,ERR,ERR,ERR,ERR,ERR,ERR,ERR,ERR,ERR,ERR,ERR,ERR,ERR,ERR,ERR,ERR,ERR,ERR,ERR,ERR,ERR,ERR,ERR,ERR,ERR,ERR,ERR,ERR,ERR,ERR,ERR,ERR,ERR,ERR,ERR,ERR,ERR,ERR,ERR,ERR,0.0,2.7184483955545712e+23,-0.0,0.0,-1.8836472074663312e+22,-0.0,-9.73510183603798e+28,0.0,0,0,4,17321,7116,0.0,100,0.0,0.0,0.0,0.0,0.0,0,0,0,0,0.0,0,0,0,0,0,0,0,0,0,0,0,0,0,0,0,0,0,0,0,0,0,0,0,0,0,0,0,0,0,0,0,0,0,31,40,40,71,65476,0,300,0,0,8,21553,0.0,-107605600.0,0.0,0.0,0.0,0.0,0.0,0.0,0.0,0.0,0.0,0.0,0.0,0.0,0.0,0.0,0.0,0.0,0.0,0.0,0.0,0.0,0.0,-3.697071784415409e+19,0.0,0.0,0.0,0.0,0.0,0.0,5133.0,-0.0,6935.0,0.0,-107616160.0,2.004,2.004,0.0,0.0,0.0,0.0,69,0.0,-0.0,0.0,0.0,0.0,0.0,0.0,0.0,0.0,0,0,0,0.0,0.0,0.0,0.0,0.0,0.0,0.0,0.0,0.0,0.0,0.0,0.0,0.0,0.0,0.0,0.0,0,-107875648.0,69,0.0,138,0.0,2.012,ERR,ERR,ERR,ERR,ERR,ERR,ERR,ERR,ERR,ERR,ERR,ERR,ERR,ERR,ERR,ERR,ERR,ERR,ERR,ERR,ERR,ERR,ERR,ERR,ERR,ERR,ERR,ERR,ERR,ERR,ERR,ERR,ERR,ERR,ERR,ERR,ERR,ERR,ERR,ERR,ERR,ERR,ERR,ERR,ERR,ERR,ERR,ERR,ERR,ERR,ERR,ERR,ERR,ERR,ERR,ERR,ERR,ERR,ERR,ERR,ERR,ERR,ERR,ERR,ERR,ERR,ERR,60.0,60.0,35,0.0,0.0,0.0,0.0,0.0,0.0,0.0,0.0,0.0,0.0,0.0,0.0,0.0,0.0,0.0,0.0,65.6,0,112,54,40,65476,0,300,0,0,8,20529,65476,0,0,2621,60.0,0.0,0.0,0.0,0.0,0.0
2026-07-09T15:43:47,ERR,ERR,ERR,ERR,ERR,ERR,ERR,ERR,ERR,ERR,ERR,ERR,ERR,ERR,ERR,ERR,ERR,ERR,ERR,ERR,ERR,ERR,ERR,ERR,ERR,ERR,ERR,ERR,ERR,ERR,ERR,ERR,ERR,ERR,ERR,ERR,ERR,ERR,ERR,ERR,ERR,ERR,ERR,ERR,ERR,ERR,ERR,ERR,ERR,ERR,ERR,ERR,ERR,ERR,ERR,ERR,ERR,ERR,ERR,ERR,ERR,ERR,ERR,ERR,ERR,ERR,ERR,ERR,ERR,ERR,ERR,ERR,ERR,ERR,ERR,ERR,ERR,ERR,ERR,ERR,ERR,ERR,ERR,ERR,ERR,ERR,ERR,ERR,ERR,ERR,ERR,ERR,ERR,ERR,ERR,ERR,ERR,ERR,ERR,ERR,ERR,ERR,ERR,ERR,ERR,ERR,ERR,ERR,ERR,ERR,ERR,ERR,ERR,ERR,ERR,ERR,ERR,ERR,ERR,ERR,ERR,ERR,ERR,ERR,ERR,0.0,2.7184485756985563e+23,-0.0,0.0,0.012,-0.0,-0.0,0.0,0,0,4,17329,7116,0.0,100,0.0,0.0,0.0,0.0,0.0,0,0,0,0,0.0,0,0,0,0,0,0,0,0,0,0,0,0,0,0,0,0,0,0,0,0,0,0,0,0,0,0,0,0,0,0,0,0,0,31,40,40,71,65476,0,300,0,0,8,21553,0.0,-107605600.0,0.0,0.0,0.0,0.0,0.0,0.0,0.0,0.0,0.0,0.0,0.0,0.0,0.0,0.0,0.0,0.0,0.0,0.0,0.0,0.0,0.0,-0.0,0.0,0.0,0.0,0.0,0.0,0.0,5120.0,-0.0,6932.0,0.0,-0.0,2.004,2.004,0.0,0.0,0.0,0.0,69,-0.0,-0.0,0.0,0.0,0.0,0.0,0.0,0.0,0.0,0,0,0,0.0,0.0,0.0,0.0,0.0,0.0,0.0,0.0,0.0,0.0,0.0,0.0,0.0,0.0,0.0,0.0,0,-107875648.0,69,0.0,138,0.0,2.012,ERR,ERR,ERR,ERR,ERR,ERR,ERR,ERR,ERR,ERR,ERR,ERR,ERR,ERR,ERR,ERR,ERR,ERR,ERR,ERR,ERR,ERR,ERR,ERR,ERR,ERR,ERR,ERR,ERR,ERR,ERR,ERR,ERR,ERR,ERR,ERR,ERR,ERR,ERR,ERR,ERR,ERR,ERR,ERR,ERR,ERR,ERR,ERR,ERR,ERR,ERR,ERR,ERR,ERR,ERR,ERR,ERR,ERR,ERR,ERR,ERR,ERR,ERR,ERR,ERR,ERR,ERR,60.0,60.0,35,0.0,0.0,0.0,0.0,0.0,0.0,0.0,0.0,0.0,0.0,0.0,0.0,0.0,0.0,0.0,0.0,65.6,0,112,54,40,65476,0,300,0,0,8,20529,65476,0,0,2621,60.0,0.0,0.0,0.0,0.0,0.0
2026-07-09T15:43:48,ERR,ERR,ERR,ERR,ERR,ERR,ERR,ERR,ERR,ERR,ERR,ERR,ERR,ERR,ERR,ERR,ERR,ERR,ERR,ERR,ERR,ERR,ERR,ERR,ERR,ERR,ERR,ERR,ERR,ERR,ERR,ERR,ERR,ERR,ERR,ERR,ERR,ERR,ERR,ERR,ERR,ERR,ERR,ERR,ERR,ERR,ERR,ERR,ERR,ERR,ERR,ERR,ERR,ERR,ERR,ERR,ERR,ERR,ERR,ERR,ERR,ERR,ERR,ERR,ERR,ERR,ERR,ERR,ERR,ERR,ERR,ERR,ERR,ERR,ERR,ERR,ERR,ERR,ERR,ERR,ERR,ERR,ERR,ERR,ERR,ERR,ERR,ERR,ERR,ERR,ERR,ERR,ERR,ERR,ERR,ERR,ERR,ERR,ERR,ERR,ERR,ERR,ERR,ERR,ERR,ERR,ERR,ERR,ERR,ERR,ERR,ERR,ERR,ERR,ERR,ERR,ERR,ERR,ERR,ERR,ERR,ERR,ERR,ERR,ERR,0.0,2.7184485756985563e+23,-0.0,0.0,0.012,-0.0,-0.0,0.0,0,0,4,17329,7116,0.0,100,0.0,0.0,0.0,0.0,0.0,0,0,0,0,0.0,0,0,0,0,0,0,0,0,0,0,0,0,0,0,0,0,0,0,0,0,0,0,0,0,0,0,0,0,0,0,0,0,0,31,40,40,71,65476,0,300,0,0,8,21553,0.0,-107605600.0,0.0,0.0,0.0,0.0,0.0,0.0,0.0,0.0,0.0,0.0,0.0,0.0,0.0,0.0,0.0,0.0,0.0,0.0,0.0,0.0,0.0,-0.0,0.0,0.0,0.0,0.0,0.0,0.0,5120.0,-0.0,6932.0,0.0,-0.0,2.004,2.004,0.0,0.0,0.0,0.0,69,-0.0,-0.0,0.0,0.0,0.0,0.0,0.0,0.0,0.0,0,0,0,0.0,0.0,0.0,0.0,0.0,0.0,0.0,0.0,0.0,0.0,0.0,0.0,0.0,0.0,0.0,0.0,0,-107875648.0,69,0.0,138,0.0,2.012,ERR,ERR,ERR,ERR,ERR,ERR,ERR,ERR,ERR,ERR,ERR,ERR,ERR,ERR,ERR,ERR,ERR,ERR,ERR,ERR,ERR,ERR,ERR,ERR,ERR,ERR,ERR,ERR,ERR,ERR,ERR,ERR,ERR,ERR,ERR,ERR,ERR,ERR,ERR,ERR,ERR,ERR,ERR,ERR,ERR,ERR,ERR,ERR,ERR,ERR,ERR,ERR,ERR,ERR,ERR,ERR,ERR,ERR,ERR,ERR,ERR,ERR,ERR,ERR,ERR,ERR,ERR,60.0,60.0,35,0.0,0.0,0.0,0.0,0.0,0.0,0.0,0.0,0.0,0.0,0.0,0.0,0.0,0.0,0.0,0.0,64.8,0,112,54,40,65476,0,300,0,0,8,20529,65476,0,0,2621,60.0,0.0,0.0,0.0,0.0,0.0
2026-07-09T15:43:49,ERR,ERR,ERR,ERR,ERR,ERR,ERR,ERR,ERR,ERR,ERR,ERR,ERR,ERR,ERR,ERR,ERR,ERR,ERR,ERR,ERR,ERR,ERR,ERR,ERR,ERR,ERR,ERR,ERR,ERR,ERR,ERR,ERR,ERR,ERR,ERR,ERR,ERR,ERR,ERR,ERR,ERR,ERR,ERR,ERR,ERR,ERR,ERR,ERR,ERR,ERR,ERR,ERR,ERR,ERR,ERR,ERR,ERR,ERR,ERR,ERR,ERR,ERR,ERR,ERR,ERR,ERR,ERR,ERR,ERR,ERR,ERR,ERR,ERR,ERR,ERR,ERR,ERR,ERR,ERR,ERR,ERR,ERR,ERR,ERR,ERR,ERR,ERR,ERR,ERR,ERR,ERR,ERR,ERR,ERR,ERR,ERR,ERR,ERR,ERR,ERR,ERR,ERR,ERR,ERR,ERR,ERR,ERR,ERR,ERR,ERR,ERR,ERR,ERR,ERR,ERR,ERR,ERR,ERR,ERR,ERR,ERR,ERR,ERR,ERR,0.0,2.7184485756985563e+23,-0.0,0.0,0.012,-0.0,-0.0,0.0,0,0,4,17329,7116,0.0,100,0.0,0.0,0.0,0.0,0.0,0,0,0,0,0.0,0,0,0,0,0,0,0,0,0,0,0,0,0,0,0,0,0,0,0,0,0,0,0,0,0,0,0,0,0,0,0,0,0,31,40,40,71,65476,0,300,0,0,8,21553,0.0,-107605600.0,0.0,0.0,0.0,0.0,0.0,0.0,0.0,0.0,0.0,0.0,0.0,0.0,0.0,0.0,0.0,0.0,0.0,0.0,0.0,0.0,0.0,-0.0,0.0,0.0,0.0,0.0,0.0,0.0,5120.0,-0.0,6932.0,0.0,-0.0,2.004,2.004,0.0,0.0,0.0,0.0,69,-0.0,-0.0,0.0,0.0,0.0,0.0,0.0,0.0,0.0,0,0,0,0.0,0.0,0.0,0.0,0.0,0.0,0.0,0.0,0.0,0.0,0.0,0.0,0.0,0.0,0.0,0.0,0,-107875648.0,69,0.0,138,0.0,2.012,ERR,ERR,ERR,ERR,ERR,ERR,ERR,ERR,ERR,ERR,ERR,ERR,ERR,ERR,ERR,ERR,ERR,ERR,ERR,ERR,ERR,ERR,ERR,ERR,ERR,ERR,ERR,ERR,ERR,ERR,ERR,ERR,ERR,ERR,ERR,ERR,ERR,ERR,ERR,ERR,ERR,ERR,ERR,ERR,ERR,ERR,ERR,ERR,ERR,ERR,ERR,ERR,ERR,ERR,ERR,ERR,ERR,ERR,ERR,ERR,ERR,ERR,ERR,ERR,ERR,ERR,ERR,60.0,60.0,35,0.0,0.0,0.0,0.0,0.0,0.0,0.0,0.0,0.0,0.0,0.0,0.0,0.0,0.0,0.0,0.0,64.8,0,112,54,40,65476,0,300,0,0,8,20529,65476,0,0,2621,60.0,0.0,0.0,0.0,0.0,0.0
2026-07-09T15:43:50,ERR,ERR,ERR,ERR,ERR,ERR,ERR,ERR,ERR,ERR,ERR,ERR,ERR,ERR,ERR,ERR,ERR,ERR,ERR,ERR,ERR,ERR,ERR,ERR,ERR,ERR,ERR,ERR,ERR,ERR,ERR,ERR,ERR,ERR,ERR,ERR,ERR,ERR,ERR,ERR,ERR,ERR,ERR,ERR,ERR,ERR,ERR,ERR,ERR,ERR,ERR,ERR,ERR,ERR,ERR,ERR,ERR,ERR,ERR,ERR,ERR,ERR,ERR,ERR,ERR,ERR,ERR,ERR,ERR,ERR,ERR,ERR,ERR,ERR,ERR,ERR,ERR,ERR,ERR,ERR,ERR,ERR,ERR,ERR,ERR,ERR,ERR,ERR,ERR,ERR,ERR,ERR,ERR,ERR,ERR,ERR,ERR,ERR,ERR,ERR,ERR,ERR,ERR,ERR,ERR,ERR,ERR,ERR,ERR,ERR,ERR,ERR,ERR,ERR,ERR,ERR,ERR,ERR,ERR,ERR,ERR,ERR,ERR,ERR,ERR,0.0,2.7184485756985563e+23,-0.0,0.0,0.012,-0.0,-0.0,0.0,0,0,4,17329,7116,0.0,100,0.0,0.0,0.0,0.0,0.0,0,0,0,0,0.0,0,0,0,0,0,0,0,0,0,0,0,0,0,0,0,0,0,0,0,0,0,0,0,0,0,0,0,0,0,0,0,0,0,31,40,40,71,65476,0,300,0,0,8,21553,0.0,-107605600.0,0.0,0.0,0.0,0.0,0.0,0.0,0.0,0.0,0.0,0.0,0.0,0.0,0.0,0.0,0.0,0.0,0.0,0.0,0.0,0.0,0.0,-0.0,0.0,0.0,0.0,0.0,0.0,0.0,5120.0,-0.0,6932.0,0.0,-0.0,2.004,2.004,0.0,0.0,0.0,0.0,69,-0.0,-0.0,0.0,0.0,0.0,0.0,0.0,0.0,0.0,0,0,0,0.0,0.0,0.0,0.0,0.0,0.0,0.0,0.0,0.0,0.0,0.0,0.0,0.0,0.0,0.0,0.0,0,-107875648.0,69,0.0,138,0.0,2.012,ERR,ERR,ERR,ERR,ERR,ERR,ERR,ERR,ERR,ERR,ERR,ERR,ERR,ERR,ERR,ERR,ERR,ERR,ERR,ERR,ERR,ERR,ERR,ERR,ERR,ERR,ERR,ERR,ERR,ERR,ERR,ERR,ERR,ERR,ERR,ERR,ERR,ERR,ERR,ERR,ERR,ERR,ERR,ERR,ERR,ERR,ERR,ERR,ERR,ERR,ERR,ERR,ERR,ERR,ERR,ERR,ERR,ERR,ERR,ERR,ERR,ERR,ERR,ERR,ERR,ERR,ERR,60.0,60.0,35,0.0,0.0,0.0,0.0,0.0,0.0,0.0,0.0,0.0,0.0,0.0,0.0,0.0,0.0,0.0,0.0,64.8,0,111,54,40,65476,0,300,0,0,8,20529,65476,0,0,2621,60.0,0.0,0.0,0.0,0.0,0.0
2026-07-09T15:43:51,ERR,ERR,ERR,ERR,ERR,ERR,ERR,ERR,ERR,ERR,ERR,ERR,ERR,ERR,ERR,ERR,ERR,ERR,ERR,ERR,ERR,ERR,ERR,ERR,ERR,ERR,ERR,ERR,ERR,ERR,ERR,ERR,ERR,ERR,ERR,ERR,ERR,ERR,ERR,ERR,ERR,ERR,ERR,ERR,ERR,ERR,ERR,ERR,ERR,ERR,ERR,ERR,ERR,ERR,ERR,ERR,ERR,ERR,ERR,ERR,ERR,ERR,ERR,ERR,ERR,ERR,ERR,ERR,ERR,ERR,ERR,ERR,ERR,ERR,ERR,ERR,ERR,ERR,ERR,ERR,ERR,ERR,ERR,ERR,ERR,ERR,ERR,ERR,ERR,ERR,ERR,ERR,ERR,ERR,ERR,ERR,ERR,ERR,ERR,ERR,ERR,ERR,ERR,ERR,ERR,ERR,ERR,ERR,ERR,ERR,ERR,ERR,ERR,ERR,ERR,ERR,ERR,ERR,ERR,ERR,ERR,ERR,ERR,ERR,ERR,0.0,2.7184485756985563e+23,-0.0,0.0,0.012,-0.0,-0.0,0.0,0,0,4,17329,7116,0.0,100,0.0,0.0,0.0,0.0,0.0,0,0,0,0,0.0,0,0,0,0,0,0,0,0,0,0,0,0,0,0,0,0,0,0,0,0,0,0,0,0,0,0,0,0,0,0,0,0,0,31,40,40,71,65476,0,300,0,0,8,21553,0.0,-107605600.0,0.0,0.0,0.0,0.0,0.0,0.0,0.0,0.0,0.0,0.0,0.0,0.0,0.0,0.0,0.0,0.0,0.0,0.0,0.0,0.0,0.0,-0.0,0.0,0.0,0.0,0.0,0.0,0.0,5120.0,-0.0,6932.0,0.0,-0.0,2.004,2.004,0.0,0.0,0.0,0.0,69,-0.0,-0.0,0.0,0.0,0.0,0.0,0.0,0.0,0.0,0,0,0,0.0,0.0,0.0,0.0,0.0,0.0,0.0,0.0,0.0,0.0,0.0,0.0,0.0,0.0,0.0,0.0,0,-107875648.0,69,0.0,138,0.0,2.012,ERR,ERR,ERR,ERR,ERR,ERR,ERR,ERR,ERR,ERR,ERR,ERR,ERR,ERR,ERR,ERR,ERR,ERR,ERR,ERR,ERR,ERR,ERR,ERR,ERR,ERR,ERR,ERR,ERR,ERR,ERR,ERR,ERR,ERR,ERR,ERR,ERR,ERR,ERR,ERR,ERR,ERR,ERR,ERR,ERR,ERR,ERR,ERR,ERR,ERR,ERR,ERR,ERR,ERR,ERR,ERR,ERR,ERR,ERR,ERR,ERR,ERR,ERR,ERR,ERR,ERR,ERR,60.0,60.0,35,0.0,0.0,0.0,0.0,0.0,0.0,0.0,0.0,0.0,0.0,0.0,0.0,0.0,0.0,0.0,0.0,65.6,0,111,54,40,65476,0,300,0,0,8,20529,65476,0,0,2621,60.0,0.0,0.0,0.0,0.0,0.0
2026-07-09T15:43:52,ERR,ERR,ERR,ERR,ERR,ERR,ERR,ERR,ERR,ERR,ERR,ERR,ERR,ERR,ERR,ERR,ERR,ERR,ERR,ERR,ERR,ERR,ERR,ERR,ERR,ERR,ERR,ERR,ERR,ERR,ERR,ERR,ERR,ERR,ERR,ERR,ERR,ERR,ERR,ERR,ERR,ERR,ERR,ERR,ERR,ERR,ERR,ERR,ERR,ERR,ERR,ERR,ERR,ERR,ERR,ERR,ERR,ERR,ERR,ERR,ERR,ERR,ERR,ERR,ERR,ERR,ERR,ERR,ERR,ERR,ERR,ERR,ERR,ERR,ERR,ERR,ERR,ERR,ERR,ERR,ERR,ERR,ERR,ERR,ERR,ERR,ERR,ERR,ERR,ERR,ERR,ERR,ERR,ERR,ERR,ERR,ERR,ERR,ERR,ERR,ERR,ERR,ERR,ERR,ERR,ERR,ERR,ERR,ERR,ERR,ERR,ERR,ERR,ERR,ERR,ERR,ERR,ERR,ERR,ERR,ERR,ERR,ERR,ERR,ERR,0.0,2.7184485756985563e+23,-0.0,0.0,0.012,-0.0,-0.0,0.0,0,0,4,17329,7116,0.0,100,0.0,0.0,0.0,0.0,0.0,0,0,0,0,0.0,0,0,0,0,0,0,0,0,0,0,0,0,0,0,0,0,0,0,0,0,0,0,0,0,0,0,0,0,0,0,0,0,0,31,40,40,71,65476,0,300,0,0,8,21553,0.0,-107605600.0,0.0,0.0,0.0,0.0,0.0,0.0,0.0,0.0,0.0,0.0,0.0,0.0,0.0,0.0,0.0,0.0,0.0,0.0,0.0,0.0,0.0,-0.0,0.0,0.0,0.0,0.0,0.0,0.0,5120.0,-0.0,6932.0,0.0,-0.0,2.004,2.004,0.0,0.0,0.0,0.0,69,-0.0,-0.0,0.0,0.0,0.0,0.0,0.0,0.0,0.0,0,0,0,0.0,0.0,0.0,0.0,0.0,0.0,0.0,0.0,0.0,0.0,0.0,0.0,0.0,0.0,0.0,0.0,0,-107875648.0,69,0.0,138,0.0,2.012,ERR,ERR,ERR,ERR,ERR,ERR,ERR,ERR,ERR,ERR,ERR,ERR,ERR,ERR,ERR,ERR,ERR,ERR,ERR,ERR,ERR,ERR,ERR,ERR,ERR,ERR,ERR,ERR,ERR,ERR,ERR,ERR,ERR,ERR,ERR,ERR,ERR,ERR,ERR,ERR,ERR,ERR,ERR,ERR,ERR,ERR,ERR,ERR,ERR,ERR,ERR,ERR,ERR,ERR,ERR,ERR,ERR,ERR,ERR,ERR,ERR,ERR,ERR,ERR,ERR,ERR,ERR,60.0,60.0,35,0.0,0.0,0.0,0.0,0.0,0.0,0.0,0.0,0.0,0.0,0.0,0.0,0.0,0.0,0.0,0.0,65.6,0,111,54,40,65476,0,300,0,0,8,20529,65476,0,0,2621,60.0,0.0,0.0,0.0,0.0,0.0
2026-07-09T15:43:53,ERR,ERR,ERR,ERR,ERR,ERR,ERR,ERR,ERR,ERR,ERR,ERR,ERR,ERR,ERR,ERR,ERR,ERR,ERR,ERR,ERR,ERR,ERR,ERR,ERR,ERR,ERR,ERR,ERR,ERR,ERR,ERR,ERR,ERR,ERR,ERR,ERR,ERR,ERR,ERR,ERR,ERR,ERR,ERR,ERR,ERR,ERR,ERR,ERR,ERR,ERR,ERR,ERR,ERR,ERR,ERR,ERR,ERR,ERR,ERR,ERR,ERR,ERR,ERR,ERR,ERR,ERR,ERR,ERR,ERR,ERR,ERR,ERR,ERR,ERR,ERR,ERR,ERR,ERR,ERR,ERR,ERR,ERR,ERR,ERR,ERR,ERR,ERR,ERR,ERR,ERR,ERR,ERR,ERR,ERR,ERR,ERR,ERR,ERR,ERR,ERR,ERR,ERR,ERR,ERR,ERR,ERR,ERR,ERR,ERR,ERR,ERR,ERR,ERR,ERR,ERR,ERR,ERR,ERR,ERR,ERR,ERR,ERR,ERR,ERR,0.0,2.7184487558425414e+23,-0.0,0.0,-8608864256.0,1.03607864705235e+27,-5.016706372254313e+30,0.0,0,0,4,17349,7116,0.0,100,0.0,0.0,0.0,0.0,0.0,0,0,0,0,0.0,0,0,0,0,0,0,0,0,0,0,0,0,0,0,0,0,0,0,0,0,0,0,0,0,0,0,0,0,0,0,0,0,0,31,40,40,71,65476,0,300,0,0,8,21553,0.0,-107605600.0,0.0,0.0,0.0,0.0,0.0,0.0,0.0,0.0,0.0,0.0,0.0,0.0,0.0,0.0,0.0,0.0,0.0,0.0,0.0,0.0,0.0,0.0,0.0,0.0,0.0,0.0,0.0,0.0,5132.0,1.0406658760329878e+34,6927.0,-0.0,-107616176.0,2.004,2.004,0.0,0.0,0.0,0.0,69,-0.0,2.7184183115090604e+23,0.0,0.0,0.0,0.0,0.0,0.0,0.0,0,0,0,0.0,0.0,0.0,0.0,0.0,0.0,0.0,0.0,0.0,0.0,0.0,0.0,0.0,0.0,0.0,0.0,0,-107875648.0,69,0.0,138,0.0,2.012,ERR,ERR,ERR,ERR,ERR,ERR,ERR,ERR,ERR,ERR,ERR,ERR,ERR,ERR,ERR,ERR,ERR,ERR,ERR,ERR,ERR,ERR,ERR,ERR,ERR,ERR,ERR,ERR,ERR,ERR,ERR,ERR,ERR,ERR,ERR,ERR,ERR,ERR,ERR,ERR,ERR,ERR,ERR,ERR,ERR,ERR,ERR,ERR,ERR,ERR,ERR,ERR,ERR,ERR,ERR,ERR,ERR,ERR,ERR,ERR,ERR,ERR,ERR,ERR,ERR,ERR,ERR,60.0,60.0,35,0.0,0.0,0.0,0.0,0.0,0.0,0.0,0.0,0.0,0.0,0.0,0.0,0.0,0.0,0.0,0.0,64.8,0,111,54,40,65476,0,300,0,0,8,20529,65476,0,0,2621,60.0,0.0,0.0,0.0,0.0,0.0
2026-07-09T15:43:54,ERR,ERR,ERR,ERR,ERR,ERR,ERR,ERR,ERR,ERR,ERR,ERR,ERR,ERR,ERR,ERR,ERR,ERR,ERR,ERR,ERR,ERR,ERR,ERR,ERR,ERR,ERR,ERR,ERR,ERR,ERR,ERR,ERR,ERR,ERR,ERR,ERR,ERR,ERR,ERR,ERR,ERR,ERR,ERR,ERR,ERR,ERR,ERR,ERR,ERR,ERR,ERR,ERR,ERR,ERR,ERR,ERR,ERR,ERR,ERR,ERR,ERR,ERR,ERR,ERR,ERR,ERR,ERR,ERR,ERR,ERR,ERR,ERR,ERR,ERR,ERR,ERR,ERR,ERR,ERR,ERR,ERR,ERR,ERR,ERR,ERR,ERR,ERR,ERR,ERR,ERR,ERR,ERR,ERR,ERR,ERR,ERR,ERR,ERR,ERR,ERR,ERR,ERR,ERR,ERR,ERR,ERR,ERR,ERR,ERR,ERR,ERR,ERR,ERR,ERR,ERR,ERR,ERR,ERR,ERR,ERR,ERR,ERR,ERR,ERR,0.0,2.7184487558425414e+23,-0.0,0.0,-8608864256.0,1.03607864705235e+27,-5.016706372254313e+30,0.0,0,0,4,17349,7116,0.0,100,0.0,0.0,0.0,0.0,0.0,0,0,0,0,0.0,0,0,0,0,0,0,0,0,0,0,0,0,0,0,0,0,0,0,0,0,0,0,0,0,0,0,0,0,0,0,0,0,0,31,40,40,71,65476,0,300,0,0,8,21553,0.0,-107605600.0,0.0,0.0,0.0,0.0,0.0,0.0,0.0,0.0,0.0,0.0,0.0,0.0,0.0,0.0,0.0,0.0,0.0,0.0,0.0,0.0,0.0,0.0,0.0,0.0,0.0,0.0,0.0,0.0,5132.0,1.0406658760329878e+34,6927.0,-0.0,-107616176.0,2.004,2.004,0.0,0.0,0.0,0.0,69,-0.0,2.7184183115090604e+23,0.0,0.0,0.0,0.0,0.0,0.0,0.0,0,0,0,0.0,0.0,0.0,0.0,0.0,0.0,0.0,0.0,0.0,0.0,0.0,0.0,0.0,0.0,0.0,0.0,0,-107875648.0,69,0.0,138,0.0,2.012,ERR,ERR,ERR,ERR,ERR,ERR,ERR,ERR,ERR,ERR,ERR,ERR,ERR,ERR,ERR,ERR,ERR,ERR,ERR,ERR,ERR,ERR,ERR,ERR,ERR,ERR,ERR,ERR,ERR,ERR,ERR,ERR,ERR,ERR,ERR,ERR,ERR,ERR,ERR,ERR,ERR,ERR,ERR,ERR,ERR,ERR,ERR,ERR,ERR,ERR,ERR,ERR,ERR,ERR,ERR,ERR,ERR,ERR,ERR,ERR,ERR,ERR,ERR,ERR,ERR,ERR,ERR,60.0,60.0,35,0.0,0.0,0.0,0.0,0.0,0.0,0.0,0.0,0.0,0.0,0.0,0.0,0.0,0.0,0.0,0.0,64.8,0,111,54,40,65476,0,300,0,0,8,20529,65476,0,0,2621,60.0,0.0,0.0,0.0,0.0,0.0
2026-07-09T15:43:55,ERR,ERR,ERR,ERR,ERR,ERR,ERR,ERR,ERR,ERR,ERR,ERR,ERR,ERR,ERR,ERR,ERR,ERR,ERR,ERR,ERR,ERR,ERR,ERR,ERR,ERR,ERR,ERR,ERR,ERR,ERR,ERR,ERR,ERR,ERR,ERR,ERR,ERR,ERR,ERR,ERR,ERR,ERR,ERR,ERR,ERR,ERR,ERR,ERR,ERR,ERR,ERR,ERR,ERR,ERR,ERR,ERR,ERR,ERR,ERR,ERR,ERR,ERR,ERR,ERR,ERR,ERR,ERR,ERR,ERR,ERR,ERR,ERR,ERR,ERR,ERR,ERR,ERR,ERR,ERR,ERR,ERR,ERR,ERR,ERR,ERR,ERR,ERR,ERR,ERR,ERR,ERR,ERR,ERR,ERR,ERR,ERR,ERR,ERR,ERR,ERR,ERR,ERR,ERR,ERR,ERR,ERR,ERR,ERR,ERR,ERR,ERR,ERR,ERR,ERR,ERR,ERR,ERR,ERR,ERR,ERR,ERR,ERR,ERR,ERR,0.0,2.7184487558425414e+23,-0.0,0.0,-8608864256.0,1.03607864705235e+27,-5.016706372254313e+30,0.0,0,0,4,17349,7116,0.0,100,0.0,0.0,0.0,0.0,0.0,0,0,0,0,0.0,0,0,0,0,0,0,0,0,0,0,0,0,0,0,0,0,0,0,0,0,0,0,0,0,0,0,0,0,0,0,0,0,0,31,40,40,71,65476,0,300,0,0,8,21553,0.0,-107605600.0,0.0,0.0,0.0,0.0,0.0,0.0,0.0,0.0,0.0,0.0,0.0,0.0,0.0,0.0,0.0,0.0,0.0,0.0,0.0,0.0,0.0,0.0,0.0,0.0,0.0,0.0,0.0,0.0,5132.0,1.0406658760329878e+34,6927.0,-0.0,-107616176.0,2.004,2.004,0.0,0.0,0.0,0.0,69,-0.0,2.7184183115090604e+23,0.0,0.0,0.0,0.0,0.0,0.0,0.0,0,0,0,0.0,0.0,0.0,0.0,0.0,0.0,0.0,0.0,0.0,0.0,0.0,0.0,0.0,0.0,0.0,0.0,0,-107875648.0,69,0.0,138,0.0,2.012,ERR,ERR,ERR,ERR,ERR,ERR,ERR,ERR,ERR,ERR,ERR,ERR,ERR,ERR,ERR,ERR,ERR,ERR,ERR,ERR,ERR,ERR,ERR,ERR,ERR,ERR,ERR,ERR,ERR,ERR,ERR,ERR,ERR,ERR,ERR,ERR,ERR,ERR,ERR,ERR,ERR,ERR,ERR,ERR,ERR,ERR,ERR,ERR,ERR,ERR,ERR,ERR,ERR,ERR,ERR,ERR,ERR,ERR,ERR,ERR,ERR,ERR,ERR,ERR,ERR,ERR,ERR,60.0,60.0,35,0.0,0.0,0.0,0.0,0.0,0.0,0.0,0.0,0.0,0.0,0.0,0.0,0.0,0.0,0.0,0.0,64.8,0,111,54,40,65476,0,300,0,0,8,20529,65476,0,0,2621,60.0,0.0,0.0,0.0,0.0,0.0
2026-07-09T15:43:56,ERR,ERR,ERR,ERR,ERR,ERR,ERR,ERR,ERR,ERR,ERR,ERR,ERR,ERR,ERR,ERR,ERR,ERR,ERR,ERR,ERR,ERR,ERR,ERR,ERR,ERR,ERR,ERR,ERR,ERR,ERR,ERR,ERR,ERR,ERR,ERR,ERR,ERR,ERR,ERR,ERR,ERR,ERR,ERR,ERR,ERR,ERR,ERR,ERR,ERR,ERR,ERR,ERR,ERR,ERR,ERR,ERR,ERR,ERR,ERR,ERR,ERR,ERR,ERR,ERR,ERR,ERR,ERR,ERR,ERR,ERR,ERR,ERR,ERR,ERR,ERR,ERR,ERR,ERR,ERR,ERR,ERR,ERR,ERR,ERR,ERR,ERR,ERR,ERR,ERR,ERR,ERR,ERR,ERR,ERR,ERR,ERR,ERR,ERR,ERR,ERR,ERR,ERR,ERR,ERR,ERR,ERR,ERR,ERR,ERR,ERR,ERR,ERR,ERR,ERR,ERR,ERR,ERR,ERR,ERR,ERR,ERR,ERR,ERR,ERR,0.0,2.7184487558425414e+23,-0.0,0.0,-8608864256.0,1.03607864705235e+27,-5.016706372254313e+30,0.0,0,0,4,17349,7116,0.0,100,0.0,0.0,0.0,0.0,0.0,0,0,0,0,0.0,0,0,0,0,0,0,0,0,0,0,0,0,0,0,0,0,0,0,0,0,0,0,0,0,0,0,0,0,0,0,0,0,0,31,40,40,71,65476,0,300,0,0,8,21553,0.0,-107605600.0,0.0,0.0,0.0,0.0,0.0,0.0,0.0,0.0,0.0,0.0,0.0,0.0,0.0,0.0,0.0,0.0,0.0,0.0,0.0,0.0,0.0,0.0,0.0,0.0,0.0,0.0,0.0,0.0,5132.0,1.0406658760329878e+34,6927.0,-0.0,-107616176.0,2.004,2.004,0.0,0.0,0.0,0.0,69,-0.0,2.7184183115090604e+23,0.0,0.0,0.0,0.0,0.0,0.0,0.0,0,0,0,0.0,0.0,0.0,0.0,0.0,0.0,0.0,0.0,0.0,0.0,0.0,0.0,0.0,0.0,0.0,0.0,0,-107875648.0,69,0.0,138,0.0,2.012,ERR,ERR,ERR,ERR,ERR,ERR,ERR,ERR,ERR,ERR,ERR,ERR,ERR,ERR,ERR,ERR,ERR,ERR,ERR,ERR,ERR,ERR,ERR,ERR,ERR,ERR,ERR,ERR,ERR,ERR,ERR,ERR,ERR,ERR,ERR,ERR,ERR,ERR,ERR,ERR,ERR,ERR,ERR,ERR,ERR,ERR,ERR,ERR,ERR,ERR,ERR,ERR,ERR,ERR,ERR,ERR,ERR,ERR,ERR,ERR,ERR,ERR,ERR,ERR,ERR,ERR,ERR,60.0,60.0,35,0.0,0.0,0.0,0.0,0.0,0.0,0.0,0.0,0.0,0.0,0.0,0.0,0.0,0.0,0.0,0.0,64.8,0,111,54,40,65476,0,300,0,0,8,20529,65476,0,0,2621,60.0,0.0,0.0,0.0,0.0,0.0
2026-07-09T15:43:57,ERR,ERR,ERR,ERR,ERR,ERR,ERR,ERR,ERR,ERR,ERR,ERR,ERR,ERR,ERR,ERR,ERR,ERR,ERR,ERR,ERR,ERR,ERR,ERR,ERR,ERR,ERR,ERR,ERR,ERR,ERR,ERR,ERR,ERR,ERR,ERR,ERR,ERR,ERR,ERR,ERR,ERR,ERR,ERR,ERR,ERR,ERR,ERR,ERR,ERR,ERR,ERR,ERR,ERR,ERR,ERR,ERR,ERR,ERR,ERR,ERR,ERR,ERR,ERR,ERR,ERR,ERR,ERR,ERR,ERR,ERR,ERR,ERR,ERR,ERR,ERR,ERR,ERR,ERR,ERR,ERR,ERR,ERR,ERR,ERR,ERR,ERR,ERR,ERR,ERR,ERR,ERR,ERR,ERR,ERR,ERR,ERR,ERR,ERR,ERR,ERR,ERR,ERR,ERR,ERR,ERR,ERR,ERR,ERR,ERR,ERR,ERR,ERR,ERR,ERR,ERR,ERR,ERR,ERR,ERR,ERR,ERR,ERR,ERR,ERR,0.0,2.7184487558425414e+23,-0.0,0.0,-8608864256.0,1.03607864705235e+27,-5.016706372254313e+30,0.0,0,0,4,17349,7116,0.0,100,0.0,0.0,0.0,0.0,0.0,0,0,0,0,0.0,0,0,0,0,0,0,0,0,0,0,0,0,0,0,0,0,0,0,0,0,0,0,0,0,0,0,0,0,0,0,0,0,0,31,40,40,71,65476,0,300,0,0,8,21553,0.0,-107605600.0,0.0,0.0,0.0,0.0,0.0,0.0,0.0,0.0,0.0,0.0,0.0,0.0,0.0,0.0,0.0,0.0,0.0,0.0,0.0,0.0,0.0,0.0,0.0,0.0,0.0,0.0,0.0,0.0,5132.0,1.0406658760329878e+34,6927.0,-0.0,-107616176.0,2.004,2.004,0.0,0.0,0.0,0.0,69,-0.0,2.7184183115090604e+23,0.0,0.0,0.0,0.0,0.0,0.0,0.0,0,0,0,0.0,0.0,0.0,0.0,0.0,0.0,0.0,0.0,0.0,0.0,0.0,0.0,0.0,0.0,0.0,0.0,0,-107875648.0,69,0.0,138,0.0,2.012,ERR,ERR,ERR,ERR,ERR,ERR,ERR,ERR,ERR,ERR,ERR,ERR,ERR,ERR,ERR,ERR,ERR,ERR,ERR,ERR,ERR,ERR,ERR,ERR,ERR,ERR,ERR,ERR,ERR,ERR,ERR,ERR,ERR,ERR,ERR,ERR,ERR,ERR,ERR,ERR,ERR,ERR,ERR,ERR,ERR,ERR,ERR,ERR,ERR,ERR,ERR,ERR,ERR,ERR,ERR,ERR,ERR,ERR,ERR,ERR,ERR,ERR,ERR,ERR,ERR,ERR,ERR,60.0,60.0,35,0.0,0.0,0.0,0.0,0.0,0.0,0.0,0.0,0.0,0.0,0.0,0.0,0.0,0.0,0.0,0.0,64.8,0,111,54,40,65476,0,300,0,0,8,20529,65476,0,0,2621,60.0,0.0,0.0,0.0,0.0,0.0
2026-07-09T15:43:58,ERR,ERR,ERR,ERR,ERR,ERR,ERR,ERR,ERR,ERR,ERR,ERR,ERR,ERR,ERR,ERR,ERR,ERR,ERR,ERR,ERR,ERR,ERR,ERR,ERR,ERR,ERR,ERR,ERR,ERR,ERR,ERR,ERR,ERR,ERR,ERR,ERR,ERR,ERR,ERR,ERR,ERR,ERR,ERR,ERR,ERR,ERR,ERR,ERR,ERR,ERR,ERR,ERR,ERR,ERR,ERR,ERR,ERR,ERR,ERR,ERR,ERR,ERR,ERR,ERR,ERR,ERR,ERR,ERR,ERR,ERR,ERR,ERR,ERR,ERR,ERR,ERR,ERR,ERR,ERR,ERR,ERR,ERR,ERR,ERR,ERR,ERR,ERR,ERR,ERR,ERR,ERR,ERR,ERR,ERR,ERR,ERR,ERR,ERR,ERR,ERR,ERR,ERR,ERR,ERR,ERR,ERR,ERR,ERR,ERR,ERR,ERR,ERR,ERR,ERR,ERR,ERR,ERR,ERR,ERR,ERR,ERR,ERR,ERR,ERR,0.0,0.0,-107615184.0,2.7183478752108883e+23,-17217742848.0,-0.0,2038210756608.0,6.025859732131021e+18,0,0,4,17350,7116,0.0,100,0.0,0.0,2.7183478752108883e+23,0.0,0.0,0,0,0,0,0.0,0,0,0,0,0,0,0,0,0,0,0,0,0,0,0,0,0,0,0,0,0,0,0,0,0,0,0,0,0,0,0,0,0,31,40,40,71,65476,0,300,0,0,8,21553,0.0,-107605600.0,0.0,0.0,0.0,0.0,0.0,0.0,0.0,0.0,0.0,0.0,0.0,0.0,0.0,0.0,0.0,0.0,0.0,0.0,0.0,0.0,0.0,-0.0,0.0,0.0,0.0,0.0,0.0,0.0,5139.0,2.004,6920.0,0.0,0.0,2.004,2.004,0.0,0.0,0.0,0.0,69,-0.0,0.0,0.0,0.0,0.0,0.0,0.0,0.0,0.0,0,0,0,0.0,0.0,0.0,0.0,0.0,0.0,0.0,0.0,0.0,0.0,0.0,0.0,0.0,0.0,0.0,0.0,0,-107875648.0,69,0.0,138,0.0,2.012,ERR,ERR,ERR,ERR,ERR,ERR,ERR,ERR,ERR,ERR,ERR,ERR,ERR,ERR,ERR,ERR,ERR,ERR,ERR,ERR,ERR,ERR,ERR,ERR,ERR,ERR,ERR,ERR,ERR,ERR,ERR,ERR,ERR,ERR,ERR,ERR,ERR,ERR,ERR,ERR,ERR,ERR,ERR,ERR,ERR,ERR,ERR,ERR,ERR,ERR,ERR,ERR,ERR,ERR,ERR,ERR,ERR,ERR,ERR,ERR,ERR,ERR,ERR,ERR,ERR,ERR,ERR,60.0,60.0,35,0.0,0.0,0.0,0.0,0.0,0.0,0.0,0.0,0.0,0.0,0.0,0.0,0.0,0.0,0.0,0.0,65.6,0,111,54,40,65476,0,300,0,0,8,20529,65476,0,0,2621,60.0,0.0,0.0,0.0,0.0,0.0
2026-07-09T15:43:59,ERR,ERR,ERR,ERR,ERR,ERR,ERR,ERR,ERR,ERR,ERR,ERR,ERR,ERR,ERR,ERR,ERR,ERR,ERR,ERR,ERR,ERR,ERR,ERR,ERR,ERR,ERR,ERR,ERR,ERR,ERR,ERR,ERR,ERR,ERR,ERR,ERR,ERR,ERR,ERR,ERR,ERR,ERR,ERR,ERR,ERR,ERR,ERR,ERR,ERR,ERR,ERR,ERR,ERR,ERR,ERR,ERR,ERR,ERR,ERR,ERR,ERR,ERR,ERR,ERR,ERR,ERR,ERR,ERR,ERR,ERR,ERR,ERR,ERR,ERR,ERR,ERR,ERR,ERR,ERR,ERR,ERR,ERR,ERR,ERR,ERR,ERR,ERR,ERR,ERR,ERR,ERR,ERR,ERR,ERR,ERR,ERR,ERR,ERR,ERR,ERR,ERR,ERR,ERR,ERR,ERR,ERR,ERR,ERR,ERR,ERR,ERR,ERR,ERR,ERR,ERR,ERR,ERR,ERR,ERR,ERR,ERR,ERR,ERR,ERR,0.0,0.0,-107615184.0,2.7183478752108883e+23,-17217742848.0,-0.0,2038210756608.0,6.025859732131021e+18,0,0,4,17350,7116,0.0,100,0.0,0.0,2.7183478752108883e+23,0.0,0.0,0,0,0,0,0.0,0,0,0,0,0,0,0,0,0,0,0,0,0,0,0,0,0,0,0,0,0,0,0,0,0,0,0,0,0,0,0,0,0,31,40,40,71,65476,0,300,0,0,8,21553,0.0,-107605600.0,0.0,0.0,0.0,0.0,0.0,0.0,0.0,0.0,0.0,0.0,0.0,0.0,0.0,0.0,0.0,0.0,0.0,0.0,0.0,0.0,0.0,-0.0,0.0,0.0,0.0,0.0,0.0,0.0,5139.0,2.004,6920.0,0.0,0.0,2.004,2.004,0.0,0.0,0.0,0.0,69,-0.0,0.0,0.0,0.0,0.0,0.0,0.0,0.0,0.0,0,0,0,0.0,0.0,0.0,0.0,0.0,0.0,0.0,0.0,0.0,0.0,0.0,0.0,0.0,0.0,0.0,0.0,0,-107875648.0,69,0.0,138,0.0,2.012,ERR,ERR,ERR,ERR,ERR,ERR,ERR,ERR,ERR,ERR,ERR,ERR,ERR,ERR,ERR,ERR,ERR,ERR,ERR,ERR,ERR,ERR,ERR,ERR,ERR,ERR,ERR,ERR,ERR,ERR,ERR,ERR,ERR,ERR,ERR,ERR,ERR,ERR,ERR,ERR,ERR,ERR,ERR,ERR,ERR,ERR,ERR,ERR,ERR,ERR,ERR,ERR,ERR,ERR,ERR,ERR,ERR,ERR,ERR,ERR,ERR,ERR,ERR,ERR,ERR,ERR,ERR,60.0,60.0,35,0.0,0.0,0.0,0.0,0.0,0.0,0.0,0.0,0.0,0.0,0.0,0.0,0.0,0.0,0.0,0.0,65.6,0,111,54,40,65476,0,300,0,0,8,20529,65476,0,0,2621,60.0,0.0,0.0,0.0,0.0,0.0
2026-07-09T15:44:00,ERR,ERR,ERR,ERR,ERR,ERR,ERR,ERR,ERR,ERR,ERR,ERR,ERR,ERR,ERR,ERR,ERR,ERR,ERR,ERR,ERR,ERR,ERR,ERR,ERR,ERR,ERR,ERR,ERR,ERR,ERR,ERR,ERR,ERR,ERR,ERR,ERR,ERR,ERR,ERR,ERR,ERR,ERR,ERR,ERR,ERR,ERR,ERR,ERR,ERR,ERR,ERR,ERR,ERR,ERR,ERR,ERR,ERR,ERR,ERR,ERR,ERR,ERR,ERR,ERR,ERR,ERR,ERR,ERR,ERR,ERR,ERR,ERR,ERR,ERR,ERR,ERR,ERR,ERR,ERR,ERR,ERR,ERR,ERR,ERR,ERR,ERR,ERR,ERR,ERR,ERR,ERR,ERR,ERR,ERR,ERR,ERR,ERR,ERR,ERR,ERR,ERR,ERR,ERR,ERR,ERR,ERR,ERR,ERR,ERR,ERR,ERR,ERR,ERR,ERR,ERR,ERR,ERR,ERR,ERR,ERR,ERR,ERR,ERR,ERR,0.0,0.0,-107615184.0,2.7183478752108883e+23,-17217742848.0,-0.0,2038210756608.0,6.025859732131021e+18,0,0,4,17350,7116,0.0,100,0.0,0.0,2.7183478752108883e+23,0.0,0.0,0,0,0,0,0.0,0,0,0,0,0,0,0,0,0,0,0,0,0,0,0,0,0,0,0,0,0,0,0,0,0,0,0,0,0,0,0,0,0,31,40,40,71,65476,0,300,0,0,8,21553,0.0,-107605600.0,0.0,0.0,0.0,0.0,0.0,0.0,0.0,0.0,0.0,0.0,0.0,0.0,0.0,0.0,0.0,0.0,0.0,0.0,0.0,0.0,0.0,-0.0,0.0,0.0,0.0,0.0,0.0,0.0,5139.0,2.004,6920.0,0.0,0.0,2.004,2.004,0.0,0.0,0.0,0.0,69,-0.0,0.0,0.0,0.0,0.0,0.0,0.0,0.0,0.0,0,0,0,0.0,0.0,0.0,0.0,0.0,0.0,0.0,0.0,0.0,0.0,0.0,0.0,0.0,0.0,0.0,0.0,0,-107875648.0,69,0.0,138,0.0,2.012,ERR,ERR,ERR,ERR,ERR,ERR,ERR,ERR,ERR,ERR,ERR,ERR,ERR,ERR,ERR,ERR,ERR,ERR,ERR,ERR,ERR,ERR,ERR,ERR,ERR,ERR,ERR,ERR,ERR,ERR,ERR,ERR,ERR,ERR,ERR,ERR,ERR,ERR,ERR,ERR,ERR,ERR,ERR,ERR,ERR,ERR,ERR,ERR,ERR,ERR,ERR,ERR,ERR,ERR,ERR,ERR,ERR,ERR,ERR,ERR,ERR,ERR,ERR,ERR,ERR,ERR,ERR,60.0,60.0,35,0.0,0.0,0.0,0.0,0.0,0.0,0.0,0.0,0.0,0.0,0.0,0.0,0.0,0.0,0.0,0.0,65.6,0,111,53,40,65476,0,300,0,0,8,20529,65476,0,0,2621,60.0,0.0,0.0,0.0,0.0,0.0
2026-07-09T15:44:01,ERR,ERR,ERR,ERR,ERR,ERR,ERR,ERR,ERR,ERR,ERR,ERR,ERR,ERR,ERR,ERR,ERR,ERR,ERR,ERR,ERR,ERR,ERR,ERR,ERR,ERR,ERR,ERR,ERR,ERR,ERR,ERR,ERR,ERR,ERR,ERR,ERR,ERR,ERR,ERR,ERR,ERR,ERR,ERR,ERR,ERR,ERR,ERR,ERR,ERR,ERR,ERR,ERR,ERR,ERR,ERR,ERR,ERR,ERR,ERR,ERR,ERR,ERR,ERR,ERR,ERR,ERR,ERR,ERR,ERR,ERR,ERR,ERR,ERR,ERR,ERR,ERR,ERR,ERR,ERR,ERR,ERR,ERR,ERR,ERR,ERR,ERR,ERR,ERR,ERR,ERR,ERR,ERR,ERR,ERR,ERR,ERR,ERR,ERR,ERR,ERR,ERR,ERR,ERR,ERR,ERR,ERR,ERR,ERR,ERR,ERR,ERR,ERR,ERR,ERR,ERR,ERR,ERR,ERR,ERR,ERR,ERR,ERR,ERR,ERR,0.0,0.0,-107615184.0,2.7183478752108883e+23,-17217742848.0,-0.0,2038210756608.0,6.025859732131021e+18,0,0,4,17350,7116,0.0,100,0.0,0.0,2.7183478752108883e+23,0.0,0.0,0,0,0,0,0.0,0,0,0,0,0,0,0,0,0,0,0,0,0,0,0,0,0,0,0,0,0,0,0,0,0,0,0,0,0,0,0,0,0,31,40,40,71,65476,0,300,0,0,8,21553,0.0,-107605600.0,0.0,0.0,0.0,0.0,0.0,0.0,0.0,0.0,0.0,0.0,0.0,0.0,0.0,0.0,0.0,0.0,0.0,0.0,0.0,0.0,0.0,-0.0,0.0,0.0,0.0,0.0,0.0,0.0,5139.0,2.004,6920.0,0.0,0.0,2.004,2.004,0.0,0.0,0.0,0.0,69,-0.0,0.0,0.0,0.0,0.0,0.0,0.0,0.0,0.0,0,0,0,0.0,0.0,0.0,0.0,0.0,0.0,0.0,0.0,0.0,0.0,0.0,0.0,0.0,0.0,0.0,0.0,0,-107875648.0,69,0.0,138,0.0,2.012,ERR,ERR,ERR,ERR,ERR,ERR,ERR,ERR,ERR,ERR,ERR,ERR,ERR,ERR,ERR,ERR,ERR,ERR,ERR,ERR,ERR,ERR,ERR,ERR,ERR,ERR,ERR,ERR,ERR,ERR,ERR,ERR,ERR,ERR,ERR,ERR,ERR,ERR,ERR,ERR,ERR,ERR,ERR,ERR,ERR,ERR,ERR,ERR,ERR,ERR,ERR,ERR,ERR,ERR,ERR,ERR,ERR,ERR,ERR,ERR,ERR,ERR,ERR,ERR,ERR,ERR,ERR,60.0,60.0,35,0.0,0.0,0.0,0.0,0.0,0.0,0.0,0.0,0.0,0.0,0.0,0.0,0.0,0.0,0.0,0.0,65.2,0,111,53,40,65476,0,300,0,0,8,20529,65476,0,0,2621,60.0,0.0,0.0,0.0,0.0,0.0
2026-07-09T15:44:02,ERR,ERR,ERR,ERR,ERR,ERR,ERR,ERR,ERR,ERR,ERR,ERR,ERR,ERR,ERR,ERR,ERR,ERR,ERR,ERR,ERR,ERR,ERR,ERR,ERR,ERR,ERR,ERR,ERR,ERR,ERR,ERR,ERR,ERR,ERR,ERR,ERR,ERR,ERR,ERR,ERR,ERR,ERR,ERR,ERR,ERR,ERR,ERR,ERR,ERR,ERR,ERR,ERR,ERR,ERR,ERR,ERR,ERR,ERR,ERR,ERR,ERR,ERR,ERR,ERR,ERR,ERR,ERR,ERR,ERR,ERR,ERR,ERR,ERR,ERR,ERR,ERR,ERR,ERR,ERR,ERR,ERR,ERR,ERR,ERR,ERR,ERR,ERR,ERR,ERR,ERR,ERR,ERR,ERR,ERR,ERR,ERR,ERR,ERR,ERR,ERR,ERR,ERR,ERR,ERR,ERR,ERR,ERR,ERR,ERR,ERR,ERR,ERR,ERR,ERR,ERR,ERR,ERR,ERR,ERR,ERR,ERR,ERR,ERR,ERR,0.0,2.7184489359865265e+23,-0.0,-107611744.0,-0.0,-6.011934265965646e+28,0.0,7558178304.0,0,0,4,17350,7116,0.0,100,0.0,0.0,-107611744.0,0.0,0.0,0,0,0,0,0.0,0,0,0,0,0,0,0,0,0,0,0,0,0,0,0,0,0,0,0,0,0,0,0,0,0,0,0,0,0,0,0,0,0,31,40,40,71,65476,0,300,0,0,8,21553,0.0,-107605600.0,0.0,0.0,0.0,0.0,0.0,0.0,0.0,0.0,0.0,0.0,0.0,0.0,0.0,0.0,0.0,0.0,0.0,0.0,0.0,0.0,0.0,-0.0,0.0,0.0,0.0,0.0,0.0,0.0,5149.0,0.0,6915.0,0.0,-0.0,2.004,2.004,0.0,0.0,0.0,0.0,69,-152017817305088.0,-3.2220042429832936e+26,0.0,0.0,0.0,0.0,0.0,0.0,0.0,0,0,0,0.0,0.0,0.0,0.0,0.0,0.0,0.0,0.0,0.0,0.0,0.0,0.0,0.0,0.0,0.0,0.0,0,-107875648.0,69,0.0,138,0.0,2.012,ERR,ERR,ERR,ERR,ERR,ERR,ERR,ERR,ERR,ERR,ERR,ERR,ERR,ERR,ERR,ERR,ERR,ERR,ERR,ERR,ERR,ERR,ERR,ERR,ERR,ERR,ERR,ERR,ERR,ERR,ERR,ERR,ERR,ERR,ERR,ERR,ERR,ERR,ERR,ERR,ERR,ERR,ERR,ERR,ERR,ERR,ERR,ERR,ERR,ERR,ERR,ERR,ERR,ERR,ERR,ERR,ERR,ERR,ERR,ERR,ERR,ERR,ERR,ERR,ERR,ERR,ERR,60.0,60.0,35,0.0,0.0,0.0,0.0,0.0,0.0,0.0,0.0,0.0,0.0,0.0,0.0,0.0,0.0,0.0,0.0,65.2,0,111,53,40,65476,0,300,0,0,8,20529,65476,0,0,2621,60.0,0.0,0.0,0.0,0.0,0.0
2026-07-09T15:44:03,ERR,ERR,ERR,ERR,ERR,ERR,ERR,ERR,ERR,ERR,ERR,ERR,ERR,ERR,ERR,ERR,ERR,ERR,ERR,ERR,ERR,ERR,ERR,ERR,ERR,ERR,ERR,ERR,ERR,ERR,ERR,ERR,ERR,ERR,ERR,ERR,ERR,ERR,ERR,ERR,ERR,ERR,ERR,ERR,ERR,ERR,ERR,ERR,ERR,ERR,ERR,ERR,ERR,ERR,ERR,ERR,ERR,ERR,ERR,ERR,ERR,ERR,ERR,ERR,ERR,ERR,ERR,ERR,ERR,ERR,ERR,ERR,ERR,ERR,ERR,ERR,ERR,ERR,ERR,ERR,ERR,ERR,ERR,ERR,ERR,ERR,ERR,ERR,ERR,ERR,ERR,ERR,ERR,ERR,ERR,ERR,ERR,ERR,ERR,ERR,ERR,ERR,ERR,ERR,ERR,ERR,ERR,ERR,ERR,ERR,ERR,ERR,ERR,ERR,ERR,ERR,ERR,ERR,ERR,ERR,ERR,ERR,ERR,ERR,ERR,0.0,2.7184489359865265e+23,-0.0,-107611744.0,-0.0,-6.011934265965646e+28,0.0,7558178304.0,0,0,4,17350,7116,0.0,100,0.0,0.0,-107611744.0,0.0,0.0,0,0,0,0,0.0,0,0,0,0,0,0,0,0,0,0,0,0,0,0,0,0,0,0,0,0,0,0,0,0,0,0,0,0,0,0,0,0,0,31,40,40,71,65476,0,300,0,0,8,21553,0.0,-107605600.0,0.0,0.0,0.0,0.0,0.0,0.0,0.0,0.0,0.0,0.0,0.0,0.0,0.0,0.0,0.0,0.0,0.0,0.0,0.0,0.0,0.0,-0.0,0.0,0.0,0.0,0.0,0.0,0.0,5149.0,0.0,6915.0,0.0,-0.0,2.004,2.004,0.0,0.0,0.0,0.0,69,-152017817305088.0,-3.2220042429832936e+26,0.0,0.0,0.0,0.0,0.0,0.0,0.0,0,0,0,0.0,0.0,0.0,0.0,0.0,0.0,0.0,0.0,0.0,0.0,0.0,0.0,0.0,0.0,0.0,0.0,0,-107875648.0,69,0.0,138,0.0,2.012,ERR,ERR,ERR,ERR,ERR,ERR,ERR,ERR,ERR,ERR,ERR,ERR,ERR,ERR,ERR,ERR,ERR,ERR,ERR,ERR,ERR,ERR,ERR,ERR,ERR,ERR,ERR,ERR,ERR,ERR,ERR,ERR,ERR,ERR,ERR,ERR,ERR,ERR,ERR,ERR,ERR,ERR,ERR,ERR,ERR,ERR,ERR,ERR,ERR,ERR,ERR,ERR,ERR,ERR,ERR,ERR,ERR,ERR,ERR,ERR,ERR,ERR,ERR,ERR,ERR,ERR,ERR,60.0,60.0,35,0.0,0.0,0.0,0.0,0.0,0.0,0.0,0.0,0.0,0.0,0.0,0.0,0.0,0.0,0.0,0.0,65.6,0,111,53,39,65476,0,300,0,0,8,20529,65476,0,0,2621,60.0,0.0,0.0,0.0,0.0,0.0
2026-07-09T15:44:04,ERR,ERR,ERR,ERR,ERR,ERR,ERR,ERR,ERR,ERR,ERR,ERR,ERR,ERR,ERR,ERR,ERR,ERR,ERR,ERR,ERR,ERR,ERR,ERR,ERR,ERR,ERR,ERR,ERR,ERR,ERR,ERR,ERR,ERR,ERR,ERR,ERR,ERR,ERR,ERR,ERR,ERR,ERR,ERR,ERR,ERR,ERR,ERR,ERR,ERR,ERR,ERR,ERR,ERR,ERR,ERR,ERR,ERR,ERR,ERR,ERR,ERR,ERR,ERR,ERR,ERR,ERR,ERR,ERR,ERR,ERR,ERR,ERR,ERR,ERR,ERR,ERR,ERR,ERR,ERR,ERR,ERR,ERR,ERR,ERR,ERR,ERR,ERR,ERR,ERR,ERR,ERR,ERR,ERR,ERR,ERR,ERR,ERR,ERR,ERR,ERR,ERR,ERR,ERR,ERR,ERR,ERR,ERR,ERR,ERR,ERR,ERR,ERR,ERR,ERR,ERR,ERR,ERR,ERR,ERR,ERR,ERR,ERR,ERR,ERR,0.0,2.7184489359865265e+23,-0.0,-107611744.0,-0.0,-6.011934265965646e+28,0.0,7558178304.0,0,0,4,17350,7116,0.0,100,0.0,0.0,-107611744.0,0.0,0.0,0,0,0,0,0.0,0,0,0,0,0,0,0,0,0,0,0,0,0,0,0,0,0,0,0,0,0,0,0,0,0,0,0,0,0,0,0,0,0,31,40,40,71,65476,0,300,0,0,8,21553,0.0,-107605600.0,0.0,0.0,0.0,0.0,0.0,0.0,0.0,0.0,0.0,0.0,0.0,0.0,0.0,0.0,0.0,0.0,0.0,0.0,0.0,0.0,0.0,-0.0,0.0,0.0,0.0,0.0,0.0,0.0,5149.0,0.0,6915.0,0.0,-0.0,2.004,2.004,0.0,0.0,0.0,0.0,69,-152017817305088.0,-3.2220042429832936e+26,0.0,0.0,0.0,0.0,0.0,0.0,0.0,0,0,0,0.0,0.0,0.0,0.0,0.0,0.0,0.0,0.0,0.0,0.0,0.0,0.0,0.0,0.0,0.0,0.0,0,-107875648.0,69,0.0,138,0.0,2.012,ERR,ERR,ERR,ERR,ERR,ERR,ERR,ERR,ERR,ERR,ERR,ERR,ERR,ERR,ERR,ERR,ERR,ERR,ERR,ERR,ERR,ERR,ERR,ERR,ERR,ERR,ERR,ERR,ERR,ERR,ERR,ERR,ERR,ERR,ERR,ERR,ERR,ERR,ERR,ERR,ERR,ERR,ERR,ERR,ERR,ERR,ERR,ERR,ERR,ERR,ERR,ERR,ERR,ERR,ERR,ERR,ERR,ERR,ERR,ERR,ERR,ERR,ERR,ERR,ERR,ERR,ERR,60.0,60.0,35,0.0,0.0,0.0,0.0,0.0,0.0,0.0,0.0,0.0,0.0,0.0,0.0,0.0,0.0,0.0,0.0,65.6,0,111,53,39,65476,0,300,0,0,8,20529,65476,0,0,2621,60.0,0.0,0.0,0.0,0.0,0.0
2026-07-09T15:44:05,ERR,ERR,ERR,ERR,ERR,ERR,ERR,ERR,ERR,ERR,ERR,ERR,ERR,ERR,ERR,ERR,ERR,ERR,ERR,ERR,ERR,ERR,ERR,ERR,ERR,ERR,ERR,ERR,ERR,ERR,ERR,ERR,ERR,ERR,ERR,ERR,ERR,ERR,ERR,ERR,ERR,ERR,ERR,ERR,ERR,ERR,ERR,ERR,ERR,ERR,ERR,ERR,ERR,ERR,ERR,ERR,ERR,ERR,ERR,ERR,ERR,ERR,ERR,ERR,ERR,ERR,ERR,ERR,ERR,ERR,ERR,ERR,ERR,ERR,ERR,ERR,ERR,ERR,ERR,ERR,ERR,ERR,ERR,ERR,ERR,ERR,ERR,ERR,ERR,ERR,ERR,ERR,ERR,ERR,ERR,ERR,ERR,ERR,ERR,ERR,ERR,ERR,ERR,ERR,ERR,ERR,ERR,ERR,ERR,ERR,ERR,ERR,ERR,ERR,ERR,ERR,ERR,ERR,ERR,ERR,ERR,ERR,ERR,ERR,ERR,0.0,2.7184489359865265e+23,-0.0,-107611744.0,-0.0,-6.011934265965646e+28,0.0,7558178304.0,0,0,4,17350,7116,0.0,100,0.0,0.0,-107611744.0,0.0,0.0,0,0,0,0,0.0,0,0,0,0,0,0,0,0,0,0,0,0,0,0,0,0,0,0,0,0,0,0,0,0,0,0,0,0,0,0,0,0,0,31,40,40,71,65476,0,300,0,0,8,21553,0.0,-107605600.0,0.0,0.0,0.0,0.0,0.0,0.0,0.0,0.0,0.0,0.0,0.0,0.0,0.0,0.0,0.0,0.0,0.0,0.0,0.0,0.0,0.0,-0.0,0.0,0.0,0.0,0.0,0.0,0.0,5149.0,0.0,6915.0,0.0,-0.0,2.004,2.004,0.0,0.0,0.0,0.0,69,-152017817305088.0,-3.2220042429832936e+26,0.0,0.0,0.0,0.0,0.0,0.0,0.0,0,0,0,0.0,0.0,0.0,0.0,0.0,0.0,0.0,0.0,0.0,0.0,0.0,0.0,0.0,0.0,0.0,0.0,0,-107875648.0,69,0.0,138,0.0,2.012,ERR,ERR,ERR,ERR,ERR,ERR,ERR,ERR,ERR,ERR,ERR,ERR,ERR,ERR,ERR,ERR,ERR,ERR,ERR,ERR,ERR,ERR,ERR,ERR,ERR,ERR,ERR,ERR,ERR,ERR,ERR,ERR,ERR,ERR,ERR,ERR,ERR,ERR,ERR,ERR,ERR,ERR,ERR,ERR,ERR,ERR,ERR,ERR,ERR,ERR,ERR,ERR,ERR,ERR,ERR,ERR,ERR,ERR,ERR,ERR,ERR,ERR,ERR,ERR,ERR,ERR,ERR,60.0,60.0,35,0.0,0.0,0.0,0.0,0.0,0.0,0.0,0.0,0.0,0.0,0.0,0.0,0.0,0.0,0.0,0.0,64.8,0,111,53,39,65476,0,300,0,0,8,20529,65476,0,0,2621,60.0,0.0,0.0,0.0,0.0,0.0
2026-07-09T15:44:06,ERR,ERR,ERR,ERR,ERR,ERR,ERR,ERR,ERR,ERR,ERR,ERR,ERR,ERR,ERR,ERR,ERR,ERR,ERR,ERR,ERR,ERR,ERR,ERR,ERR,ERR,ERR,ERR,ERR,ERR,ERR,ERR,ERR,ERR,ERR,ERR,ERR,ERR,ERR,ERR,ERR,ERR,ERR,ERR,ERR,ERR,ERR,ERR,ERR,ERR,ERR,ERR,ERR,ERR,ERR,ERR,ERR,ERR,ERR,ERR,ERR,ERR,ERR,ERR,ERR,ERR,ERR,ERR,ERR,ERR,ERR,ERR,ERR,ERR,ERR,ERR,ERR,ERR,ERR,ERR,ERR,ERR,ERR,ERR,ERR,ERR,ERR,ERR,ERR,ERR,ERR,ERR,ERR,ERR,ERR,ERR,ERR,ERR,ERR,ERR,ERR,ERR,ERR,ERR,ERR,ERR,ERR,ERR,ERR,ERR,ERR,ERR,ERR,ERR,ERR,ERR,ERR,ERR,ERR,ERR,ERR,ERR,ERR,ERR,ERR,0.0,2.7184489359865265e+23,-0.0,-107611744.0,-0.0,-6.011934265965646e+28,0.0,7558178304.0,0,0,4,17350,7116,0.0,100,0.0,0.0,-107611744.0,0.0,0.0,0,0,0,0,0.0,0,0,0,0,0,0,0,0,0,0,0,0,0,0,0,0,0,0,0,0,0,0,0,0,0,0,0,0,0,0,0,0,0,31,40,40,71,65476,0,300,0,0,8,21553,0.0,-107605600.0,0.0,0.0,0.0,0.0,0.0,0.0,0.0,0.0,0.0,0.0,0.0,0.0,0.0,0.0,0.0,0.0,0.0,0.0,0.0,0.0,0.0,-0.0,0.0,0.0,0.0,0.0,0.0,0.0,5149.0,0.0,6915.0,0.0,-0.0,2.004,2.004,0.0,0.0,0.0,0.0,69,-152017817305088.0,-3.2220042429832936e+26,0.0,0.0,0.0,0.0,0.0,0.0,0.0,0,0,0,0.0,0.0,0.0,0.0,0.0,0.0,0.0,0.0,0.0,0.0,0.0,0.0,0.0,0.0,0.0,0.0,0,-107875648.0,69,0.0,138,0.0,2.012,ERR,ERR,ERR,ERR,ERR,ERR,ERR,ERR,ERR,ERR,ERR,ERR,ERR,ERR,ERR,ERR,ERR,ERR,ERR,ERR,ERR,ERR,ERR,ERR,ERR,ERR,ERR,ERR,ERR,ERR,ERR,ERR,ERR,ERR,ERR,ERR,ERR,ERR,ERR,ERR,ERR,ERR,ERR,ERR,ERR,ERR,ERR,ERR,ERR,ERR,ERR,ERR,ERR,ERR,ERR,ERR,ERR,ERR,ERR,ERR,ERR,ERR,ERR,ERR,ERR,ERR,ERR,60.0,60.0,35,0.0,0.0,0.0,0.0,0.0,0.0,0.0,0.0,0.0,0.0,0.0,0.0,0.0,0.0,0.0,0.0,64.8,0,111,53,39,65476,0,300,0,0,8,20529,65476,0,0,2621,60.0,0.0,0.0,0.0,0.0,0.0
2026-07-09T15:44:07,ERR,ERR,ERR,ERR,ERR,ERR,ERR,ERR,ERR,ERR,ERR,ERR,ERR,ERR,ERR,ERR,ERR,ERR,ERR,ERR,ERR,ERR,ERR,ERR,ERR,ERR,ERR,ERR,ERR,ERR,ERR,ERR,ERR,ERR,ERR,ERR,ERR,ERR,ERR,ERR,ERR,ERR,ERR,ERR,ERR,ERR,ERR,ERR,ERR,ERR,ERR,ERR,ERR,ERR,ERR,ERR,ERR,ERR,ERR,ERR,ERR,ERR,ERR,ERR,ERR,ERR,ERR,ERR,ERR,ERR,ERR,ERR,ERR,ERR,ERR,ERR,ERR,ERR,ERR,ERR,ERR,ERR,ERR,ERR,ERR,ERR,ERR,ERR,ERR,ERR,ERR,ERR,ERR,ERR,ERR,ERR,ERR,ERR,ERR,ERR,ERR,ERR,ERR,ERR,ERR,ERR,ERR,ERR,ERR,ERR,ERR,ERR,ERR,ERR,ERR,ERR,ERR,ERR,ERR,ERR,ERR,ERR,ERR,ERR,ERR,-107615120.0,-0.0,2.730232694483534e+23,-0.0,0.0,3.7874882319655685e+20,0.0,0.0,0,0,4,17350,7116,0.0,100,0.0,0.0,-0.0,0.0,0.0,0,0,0,0,0.0,0,0,0,0,0,0,0,0,0,0,0,0,0,0,0,0,0,0,0,0,0,0,0,0,0,0,0,0,0,0,0,0,0,31,40,40,71,65476,0,300,0,0,8,21553,0.0,-107605600.0,0.0,0.0,0.0,0.0,0.0,0.0,0.0,0.0,0.0,0.0,0.0,0.0,0.0,0.0,0.0,0.0,0.0,0.0,0.0,0.0,-2.004,-2.004,0.0,0.0,0.0,0.0,0.0,0.0,5102.0,-2.4229887692234103e+24,6941.0,-107615120.0,-0.0,2.004,2.004,0.0,0.0,0.0,0.0,69,0.0,-0.0,0.0,0.0,0.0,0.0,0.0,0.0,0.0,0,0,0,0.0,0.0,0.0,0.0,0.0,0.0,0.0,0.0,0.0,0.0,0.0,0.0,0.0,0.0,0.0,0.0,0,-107875648.0,69,0.0,138,0.0,2.012,ERR,ERR,ERR,ERR,ERR,ERR,ERR,ERR,ERR,ERR,ERR,ERR,ERR,ERR,ERR,ERR,ERR,ERR,ERR,ERR,ERR,ERR,ERR,ERR,ERR,ERR,ERR,ERR,ERR,ERR,ERR,ERR,ERR,ERR,ERR,ERR,ERR,ERR,ERR,ERR,ERR,ERR,ERR,ERR,ERR,ERR,ERR,ERR,ERR,ERR,ERR,ERR,ERR,ERR,ERR,ERR,ERR,ERR,ERR,ERR,ERR,ERR,ERR,ERR,ERR,ERR,ERR,60.0,60.0,35,0.0,0.0,0.0,0.0,0.0,0.0,0.0,0.0,0.0,0.0,0.0,0.0,0.0,0.0,0.0,0.0,64.8,0,111,53,39,65476,0,300,0,0,8,20529,65476,0,0,2621,60.0,0.0,0.0,0.0,0.0,0.0
2026-07-09T15:44:08,ERR,ERR,ERR,ERR,ERR,ERR,ERR,ERR,ERR,ERR,ERR,ERR,ERR,ERR,ERR,ERR,ERR,ERR,ERR,ERR,ERR,ERR,ERR,ERR,ERR,ERR,ERR,ERR,ERR,ERR,ERR,ERR,ERR,ERR,ERR,ERR,ERR,ERR,ERR,ERR,ERR,ERR,ERR,ERR,ERR,ERR,ERR,ERR,ERR,ERR,ERR,ERR,ERR,ERR,ERR,ERR,ERR,ERR,ERR,ERR,ERR,ERR,ERR,ERR,ERR,ERR,ERR,ERR,ERR,ERR,ERR,ERR,ERR,ERR,ERR,ERR,ERR,ERR,ERR,ERR,ERR,ERR,ERR,ERR,ERR,ERR,ERR,ERR,ERR,ERR,ERR,ERR,ERR,ERR,ERR,ERR,ERR,ERR,ERR,ERR,ERR,ERR,ERR,ERR,ERR,ERR,ERR,ERR,ERR,ERR,ERR,ERR,ERR,ERR,ERR,ERR,ERR,ERR,ERR,ERR,ERR,ERR,ERR,ERR,ERR,-107615120.0,-0.0,2.730232694483534e+23,-0.0,0.0,3.7874882319655685e+20,0.0,0.0,0,0,4,17350,7116,0.0,100,0.0,0.0,-0.0,0.0,0.0,0,0,0,0,0.0,0,0,0,0,0,0,0,0,0,0,0,0,0,0,0,0,0,0,0,0,0,0,0,0,0,0,0,0,0,0,0,0,0,31,40,40,71,65476,0,300,0,0,8,21553,0.0,-107605600.0,0.0,0.0,0.0,0.0,0.0,0.0,0.0,0.0,0.0,0.0,0.0,0.0,0.0,0.0,0.0,0.0,0.0,0.0,0.0,0.0,-2.004,-2.004,0.0,0.0,0.0,0.0,0.0,0.0,5102.0,-2.4229887692234103e+24,6941.0,-107615120.0,-0.0,2.004,2.004,0.0,0.0,0.0,0.0,69,0.0,-0.0,0.0,0.0,0.0,0.0,0.0,0.0,0.0,0,0,0,0.0,0.0,0.0,0.0,0.0,0.0,0.0,0.0,0.0,0.0,0.0,0.0,0.0,0.0,0.0,0.0,0,-107875648.0,69,0.0,138,0.0,2.012,ERR,ERR,ERR,ERR,ERR,ERR,ERR,ERR,ERR,ERR,ERR,ERR,ERR,ERR,ERR,ERR,ERR,ERR,ERR,ERR,ERR,ERR,ERR,ERR,ERR,ERR,ERR,ERR,ERR,ERR,ERR,ERR,ERR,ERR,ERR,ERR,ERR,ERR,ERR,ERR,ERR,ERR,ERR,ERR,ERR,ERR,ERR,ERR,ERR,ERR,ERR,ERR,ERR,ERR,ERR,ERR,ERR,ERR,ERR,ERR,ERR,ERR,ERR,ERR,ERR,ERR,ERR,60.0,60.0,35,0.0,0.0,0.0,0.0,0.0,0.0,0.0,0.0,0.0,0.0,0.0,0.0,0.0,0.0,0.0,0.0,64.8,0,110,53,39,65476,0,300,0,0,8,20529,65476,0,0,2621,60.0,0.0,0.0,0.0,0.0,0.0
2026-07-09T15:44:09,ERR,ERR,ERR,ERR,ERR,ERR,ERR,ERR,ERR,ERR,ERR,ERR,ERR,ERR,ERR,ERR,ERR,ERR,ERR,ERR,ERR,ERR,ERR,ERR,ERR,ERR,ERR,ERR,ERR,ERR,ERR,ERR,ERR,ERR,ERR,ERR,ERR,ERR,ERR,ERR,ERR,ERR,ERR,ERR,ERR,ERR,ERR,ERR,ERR,ERR,ERR,ERR,ERR,ERR,ERR,ERR,ERR,ERR,ERR,ERR,ERR,ERR,ERR,ERR,ERR,ERR,ERR,ERR,ERR,ERR,ERR,ERR,ERR,ERR,ERR,ERR,ERR,ERR,ERR,ERR,ERR,ERR,ERR,ERR,ERR,ERR,ERR,ERR,ERR,ERR,ERR,ERR,ERR,ERR,ERR,ERR,ERR,ERR,ERR,ERR,ERR,ERR,ERR,ERR,ERR,ERR,ERR,ERR,ERR,ERR,ERR,ERR,ERR,ERR,ERR,ERR,ERR,ERR,ERR,ERR,ERR,ERR,ERR,ERR,ERR,-107615120.0,-0.0,2.730232694483534e+23,-0.0,0.0,3.7874882319655685e+20,0.0,0.0,0,0,4,17350,7116,0.0,100,0.0,0.0,-0.0,0.0,0.0,0,0,0,0,0.0,0,0,0,0,0,0,0,0,0,0,0,0,0,0,0,0,0,0,0,0,0,0,0,0,0,0,0,0,0,0,0,0,0,31,40,40,71,65476,0,300,0,0,8,21553,0.0,-107605600.0,0.0,0.0,0.0,0.0,0.0,0.0,0.0,0.0,0.0,0.0,0.0,0.0,0.0,0.0,0.0,0.0,0.0,0.0,0.0,0.0,-2.004,-2.004,0.0,0.0,0.0,0.0,0.0,0.0,5102.0,-2.4229887692234103e+24,6941.0,-107615120.0,-0.0,2.004,2.004,0.0,0.0,0.0,0.0,69,0.0,-0.0,0.0,0.0,0.0,0.0,0.0,0.0,0.0,0,0,0,0.0,0.0,0.0,0.0,0.0,0.0,0.0,0.0,0.0,0.0,0.0,0.0,0.0,0.0,0.0,0.0,0,-107875648.0,69,0.0,138,0.0,2.012,ERR,ERR,ERR,ERR,ERR,ERR,ERR,ERR,ERR,ERR,ERR,ERR,ERR,ERR,ERR,ERR,ERR,ERR,ERR,ERR,ERR,ERR,ERR,ERR,ERR,ERR,ERR,ERR,ERR,ERR,ERR,ERR,ERR,ERR,ERR,ERR,ERR,ERR,ERR,ERR,ERR,ERR,ERR,ERR,ERR,ERR,ERR,ERR,ERR,ERR,ERR,ERR,ERR,ERR,ERR,ERR,ERR,ERR,ERR,ERR,ERR,ERR,ERR,ERR,ERR,ERR,ERR,60.0,60.0,35,0.0,0.0,0.0,0.0,0.0,0.0,0.0,0.0,0.0,0.0,0.0,0.0,0.0,0.0,0.0,0.0,64.8,0,110,53,39,65476,0,300,0,0,8,20529,65476,0,0,2621,60.0,0.0,0.0,0.0,0.0,0.0
2026-07-09T15:44:10,ERR,ERR,ERR,ERR,ERR,ERR,ERR,ERR,ERR,ERR,ERR,ERR,ERR,ERR,ERR,ERR,ERR,ERR,ERR,ERR,ERR,ERR,ERR,ERR,ERR,ERR,ERR,ERR,ERR,ERR,ERR,ERR,ERR,ERR,ERR,ERR,ERR,ERR,ERR,ERR,ERR,ERR,ERR,ERR,ERR,ERR,ERR,ERR,ERR,ERR,ERR,ERR,ERR,ERR,ERR,ERR,ERR,ERR,ERR,ERR,ERR,ERR,ERR,ERR,ERR,ERR,ERR,ERR,ERR,ERR,ERR,ERR,ERR,ERR,ERR,ERR,ERR,ERR,ERR,ERR,ERR,ERR,ERR,ERR,ERR,ERR,ERR,ERR,ERR,ERR,ERR,ERR,ERR,ERR,ERR,ERR,ERR,ERR,ERR,ERR,ERR,ERR,ERR,ERR,ERR,ERR,ERR,ERR,ERR,ERR,ERR,ERR,ERR,ERR,ERR,ERR,ERR,ERR,ERR,ERR,ERR,ERR,ERR,ERR,ERR,-107615120.0,-0.0,2.730232694483534e+23,-0.0,0.0,3.7874882319655685e+20,0.0,0.0,0,0,4,17350,7116,0.0,100,0.0,0.0,-0.0,0.0,0.0,0,0,0,0,0.0,0,0,0,0,0,0,0,0,0,0,0,0,0,0,0,0,0,0,0,0,0,0,0,0,0,0,0,0,0,0,0,0,0,31,40,40,71,65476,0,300,0,0,8,21553,0.0,-107605600.0,0.0,0.0,0.0,0.0,0.0,0.0,0.0,0.0,0.0,0.0,0.0,0.0,0.0,0.0,0.0,0.0,0.0,0.0,0.0,0.0,-2.004,-2.004,0.0,0.0,0.0,0.0,0.0,0.0,5102.0,-2.4229887692234103e+24,6941.0,-107615120.0,-0.0,2.004,2.004,0.0,0.0,0.0,0.0,69,0.0,-0.0,0.0,0.0,0.0,0.0,0.0,0.0,0.0,0,0,0,0.0,0.0,0.0,0.0,0.0,0.0,0.0,0.0,0.0,0.0,0.0,0.0,0.0,0.0,0.0,0.0,0,-107875648.0,69,0.0,138,0.0,2.012,ERR,ERR,ERR,ERR,ERR,ERR,ERR,ERR,ERR,ERR,ERR,ERR,ERR,ERR,ERR,ERR,ERR,ERR,ERR,ERR,ERR,ERR,ERR,ERR,ERR,ERR,ERR,ERR,ERR,ERR,ERR,ERR,ERR,ERR,ERR,ERR,ERR,ERR,ERR,ERR,ERR,ERR,ERR,ERR,ERR,ERR,ERR,ERR,ERR,ERR,ERR,ERR,ERR,ERR,ERR,ERR,ERR,ERR,ERR,ERR,ERR,ERR,ERR,ERR,ERR,ERR,ERR,60.0,60.0,35,0.0,0.0,0.0,0.0,0.0,0.0,0.0,0.0,0.0,0.0,0.0,0.0,0.0,0.0,0.0,0.0,64.8,0,110,53,39,65476,0,300,0,0,8,20529,65476,0,0,2621,60.0,0.0,0.0,0.0,0.0,0.0
2026-07-09T15:44:11,ERR,ERR,ERR,ERR,ERR,ERR,ERR,ERR,ERR,ERR,ERR,ERR,ERR,ERR,ERR,ERR,ERR,ERR,ERR,ERR,ERR,ERR,ERR,ERR,ERR,ERR,ERR,ERR,ERR,ERR,ERR,ERR,ERR,ERR,ERR,ERR,ERR,ERR,ERR,ERR,ERR,ERR,ERR,ERR,ERR,ERR,ERR,ERR,ERR,ERR,ERR,ERR,ERR,ERR,ERR,ERR,ERR,ERR,ERR,ERR,ERR,ERR,ERR,ERR,ERR,ERR,ERR,ERR,ERR,ERR,ERR,ERR,ERR,ERR,ERR,ERR,ERR,ERR,ERR,ERR,ERR,ERR,ERR,ERR,ERR,ERR,ERR,ERR,ERR,ERR,ERR,ERR,ERR,ERR,ERR,ERR,ERR,ERR,ERR,ERR,ERR,ERR,ERR,ERR,ERR,ERR,ERR,ERR,ERR,ERR,ERR,ERR,ERR,ERR,ERR,ERR,ERR,ERR,ERR,ERR,ERR,ERR,ERR,ERR,ERR,-107615120.0,-0.0,2.730232694483534e+23,-0.0,0.0,3.7874882319655685e+20,0.0,0.0,0,0,4,17350,7116,0.0,100,0.0,0.0,-0.0,0.0,0.0,0,0,0,0,0.0,0,0,0,0,0,0,0,0,0,0,0,0,0,0,0,0,0,0,0,0,0,0,0,0,0,0,0,0,0,0,0,0,0,31,40,40,71,65476,0,300,0,0,8,21553,0.0,-107605600.0,0.0,0.0,0.0,0.0,0.0,0.0,0.0,0.0,0.0,0.0,0.0,0.0,0.0,0.0,0.0,0.0,0.0,0.0,0.0,0.0,-2.004,-2.004,0.0,0.0,0.0,0.0,0.0,0.0,5102.0,-2.4229887692234103e+24,6941.0,-107615120.0,-0.0,2.004,2.004,0.0,0.0,0.0,0.0,69,0.0,-0.0,0.0,0.0,0.0,0.0,0.0,0.0,0.0,0,0,0,0.0,0.0,0.0,0.0,0.0,0.0,0.0,0.0,0.0,0.0,0.0,0.0,0.0,0.0,0.0,0.0,0,-107875648.0,69,0.0,138,0.0,2.012,ERR,ERR,ERR,ERR,ERR,ERR,ERR,ERR,ERR,ERR,ERR,ERR,ERR,ERR,ERR,ERR,ERR,ERR,ERR,ERR,ERR,ERR,ERR,ERR,ERR,ERR,ERR,ERR,ERR,ERR,ERR,ERR,ERR,ERR,ERR,ERR,ERR,ERR,ERR,ERR,ERR,ERR,ERR,ERR,ERR,ERR,ERR,ERR,ERR,ERR,ERR,ERR,ERR,ERR,ERR,ERR,ERR,ERR,ERR,ERR,ERR,ERR,ERR,ERR,ERR,ERR,ERR,60.0,60.0,35,0.0,0.0,0.0,0.0,0.0,0.0,0.0,0.0,0.0,0.0,0.0,0.0,0.0,0.0,0.0,0.0,64.8,0,110,53,39,65476,0,300,0,0,8,20529,65476,0,0,2621,60.0,0.0,0.0,0.0,0.0,0.0
2026-07-09T15:44:12,ERR,ERR,ERR,ERR,ERR,ERR,ERR,ERR,ERR,ERR,ERR,ERR,ERR,ERR,ERR,ERR,ERR,ERR,ERR,ERR,ERR,ERR,ERR,ERR,ERR,ERR,ERR,ERR,ERR,ERR,ERR,ERR,ERR,ERR,ERR,ERR,ERR,ERR,ERR,ERR,ERR,ERR,ERR,ERR,ERR,ERR,ERR,ERR,ERR,ERR,ERR,ERR,ERR,ERR,ERR,ERR,ERR,ERR,ERR,ERR,ERR,ERR,ERR,ERR,ERR,ERR,ERR,ERR,ERR,ERR,ERR,ERR,ERR,ERR,ERR,ERR,ERR,ERR,ERR,ERR,ERR,ERR,ERR,ERR,ERR,ERR,ERR,ERR,ERR,ERR,ERR,ERR,ERR,ERR,ERR,ERR,ERR,ERR,ERR,ERR,ERR,ERR,ERR,ERR,ERR,ERR,ERR,ERR,ERR,ERR,ERR,ERR,ERR,ERR,ERR,ERR,ERR,ERR,ERR,ERR,ERR,ERR,ERR,ERR,ERR,-107615120.0,2.7184489359865265e+23,nan,-0.0,-67256840.0,-5.072318580863795e+17,139241724051456.0,1.6768168050095555e+22,0,0,4,17347,7116,0.0,100,0.0,0.0,-0.0,0.0,0.0,0,0,0,0,0.0,0,0,0,0,0,0,0,0,0,0,0,0,0,0,0,0,0,0,0,0,0,0,0,0,0,0,0,0,0,0,0,0,0,31,40,40,71,65476,0,300,0,0,8,21553,0.0,-107605600.0,0.0,0.0,0.0,0.0,0.0,0.0,0.0,0.0,0.0,0.0,0.0,0.0,0.0,0.0,0.0,0.0,0.0,0.0,0.0,0.0,-0.0,-0.0,0.0,0.0,0.0,0.0,0.0,0.0,5111.0,-8608185344.0,6938.0,2.718424976836509e+23,2.7184489359865265e+23,2.004,2.004,0.0,0.0,0.0,0.0,69,0.0,-0.0,0.0,0.0,0.0,0.0,0.0,0.0,0.0,0,0,0,0.0,0.0,0.0,0.0,0.0,0.0,0.0,0.0,0.0,0.0,0.0,0.0,0.0,0.0,0.0,0.0,0,-107875648.0,69,0.0,138,0.0,2.012,ERR,ERR,ERR,ERR,ERR,ERR,ERR,ERR,ERR,ERR,ERR,ERR,ERR,ERR,ERR,ERR,ERR,ERR,ERR,ERR,ERR,ERR,ERR,ERR,ERR,ERR,ERR,ERR,ERR,ERR,ERR,ERR,ERR,ERR,ERR,ERR,ERR,ERR,ERR,ERR,ERR,ERR,ERR,ERR,ERR,ERR,ERR,ERR,ERR,ERR,ERR,ERR,ERR,ERR,ERR,ERR,ERR,ERR,ERR,ERR,ERR,ERR,ERR,ERR,ERR,ERR,ERR,60.0,60.0,35,0.0,0.0,0.0,0.0,0.0,0.0,0.0,0.0,0.0,0.0,0.0,0.0,0.0,0.0,0.0,0.0,64.8,0,110,53,39,65476,0,300,0,0,8,20529,65476,0,0,2621,60.0,0.0,0.0,0.0,0.0,0.0
2026-07-09T15:44:13,ERR,ERR,ERR,ERR,ERR,ERR,ERR,ERR,ERR,ERR,ERR,ERR,ERR,ERR,ERR,ERR,ERR,ERR,ERR,ERR,ERR,ERR,ERR,ERR,ERR,ERR,ERR,ERR,ERR,ERR,ERR,ERR,ERR,ERR,ERR,ERR,ERR,ERR,ERR,ERR,ERR,ERR,ERR,ERR,ERR,ERR,ERR,ERR,ERR,ERR,ERR,ERR,ERR,ERR,ERR,ERR,ERR,ERR,ERR,ERR,ERR,ERR,ERR,ERR,ERR,ERR,ERR,ERR,ERR,ERR,ERR,ERR,ERR,ERR,ERR,ERR,ERR,ERR,ERR,ERR,ERR,ERR,ERR,ERR,ERR,ERR,ERR,ERR,ERR,ERR,ERR,ERR,ERR,ERR,ERR,ERR,ERR,ERR,ERR,ERR,ERR,ERR,ERR,ERR,ERR,ERR,ERR,ERR,ERR,ERR,ERR,ERR,ERR,ERR,ERR,ERR,ERR,ERR,ERR,ERR,ERR,ERR,ERR,ERR,ERR,-107615120.0,2.7184489359865265e+23,nan,-0.0,-67256840.0,-5.072318580863795e+17,139241724051456.0,1.6768168050095555e+22,0,0,4,17347,7116,0.0,100,0.0,0.0,-0.0,0.0,0.0,0,0,0,0,0.0,0,0,0,0,0,0,0,0,0,0,0,0,0,0,0,0,0,0,0,0,0,0,0,0,0,0,0,0,0,0,0,0,0,31,40,40,71,65476,0,300,0,0,8,21553,0.0,-107605600.0,0.0,0.0,0.0,0.0,0.0,0.0,0.0,0.0,0.0,0.0,0.0,0.0,0.0,0.0,0.0,0.0,0.0,0.0,0.0,0.0,-0.0,-0.0,0.0,0.0,0.0,0.0,0.0,0.0,5111.0,-8608185344.0,6938.0,2.718424976836509e+23,2.7184489359865265e+23,2.004,2.004,0.0,0.0,0.0,0.0,69,0.0,-0.0,0.0,0.0,0.0,0.0,0.0,0.0,0.0,0,0,0,0.0,0.0,0.0,0.0,0.0,0.0,0.0,0.0,0.0,0.0,0.0,0.0,0.0,0.0,0.0,0.0,0,-107875648.0,69,0.0,138,0.0,2.012,ERR,ERR,ERR,ERR,ERR,ERR,ERR,ERR,ERR,ERR,ERR,ERR,ERR,ERR,ERR,ERR,ERR,ERR,ERR,ERR,ERR,ERR,ERR,ERR,ERR,ERR,ERR,ERR,ERR,ERR,ERR,ERR,ERR,ERR,ERR,ERR,ERR,ERR,ERR,ERR,ERR,ERR,ERR,ERR,ERR,ERR,ERR,ERR,ERR,ERR,ERR,ERR,ERR,ERR,ERR,ERR,ERR,ERR,ERR,ERR,ERR,ERR,ERR,ERR,ERR,ERR,ERR,60.0,60.0,35,0.0,0.0,0.0,0.0,0.0,0.0,0.0,0.0,0.0,0.0,0.0,0.0,0.0,0.0,0.0,0.0,64.8,0,110,53,39,65476,0,300,0,0,8,20529,65476,0,0,2621,60.0,0.0,0.0,0.0,0.0,0.0
2026-07-09T15:44:14,ERR,ERR,ERR,ERR,ERR,ERR,ERR,ERR,ERR,ERR,ERR,ERR,ERR,ERR,ERR,ERR,ERR,ERR,ERR,ERR,ERR,ERR,ERR,ERR,ERR,ERR,ERR,ERR,ERR,ERR,ERR,ERR,ERR,ERR,ERR,ERR,ERR,ERR,ERR,ERR,ERR,ERR,ERR,ERR,ERR,ERR,ERR,ERR,ERR,ERR,ERR,ERR,ERR,ERR,ERR,ERR,ERR,ERR,ERR,ERR,ERR,ERR,ERR,ERR,ERR,ERR,ERR,ERR,ERR,ERR,ERR,ERR,ERR,ERR,ERR,ERR,ERR,ERR,ERR,ERR,ERR,ERR,ERR,ERR,ERR,ERR,ERR,ERR,ERR,ERR,ERR,ERR,ERR,ERR,ERR,ERR,ERR,ERR,ERR,ERR,ERR,ERR,ERR,ERR,ERR,ERR,ERR,ERR,ERR,ERR,ERR,ERR,ERR,ERR,ERR,ERR,ERR,ERR,ERR,ERR,ERR,ERR,ERR,ERR,ERR,-107615120.0,2.7184489359865265e+23,nan,-0.0,-67256840.0,-5.072318580863795e+17,139241724051456.0,1.6768168050095555e+22,0,0,4,17347,7116,0.0,100,0.0,0.0,-0.0,0.0,0.0,0,0,0,0,0.0,0,0,0,0,0,0,0,0,0,0,0,0,0,0,0,0,0,0,0,0,0,0,0,0,0,0,0,0,0,0,0,0,0,31,40,40,71,65476,0,300,0,0,8,21553,0.0,-107605600.0,0.0,0.0,0.0,0.0,0.0,0.0,0.0,0.0,0.0,0.0,0.0,0.0,0.0,0.0,0.0,0.0,0.0,0.0,0.0,0.0,-0.0,-0.0,0.0,0.0,0.0,0.0,0.0,0.0,5111.0,-8608185344.0,6938.0,2.718424976836509e+23,2.7184489359865265e+23,2.004,2.004,0.0,0.0,0.0,0.0,69,0.0,-0.0,0.0,0.0,0.0,0.0,0.0,0.0,0.0,0,0,0,0.0,0.0,0.0,0.0,0.0,0.0,0.0,0.0,0.0,0.0,0.0,0.0,0.0,0.0,0.0,0.0,0,-107875648.0,69,0.0,138,0.0,2.012,ERR,ERR,ERR,ERR,ERR,ERR,ERR,ERR,ERR,ERR,ERR,ERR,ERR,ERR,ERR,ERR,ERR,ERR,ERR,ERR,ERR,ERR,ERR,ERR,ERR,ERR,ERR,ERR,ERR,ERR,ERR,ERR,ERR,ERR,ERR,ERR,ERR,ERR,ERR,ERR,ERR,ERR,ERR,ERR,ERR,ERR,ERR,ERR,ERR,ERR,ERR,ERR,ERR,ERR,ERR,ERR,ERR,ERR,ERR,ERR,ERR,ERR,ERR,ERR,ERR,ERR,ERR,60.0,60.0,35,0.0,0.0,0.0,0.0,0.0,0.0,0.0,0.0,0.0,0.0,0.0,0.0,0.0,0.0,0.0,0.0,64.8,0,110,53,39,65476,0,300,0,0,8,20529,65476,0,0,2621,60.0,0.0,0.0,0.0,0.0,0.0
2026-07-09T15:44:15,ERR,ERR,ERR,ERR,ERR,ERR,ERR,ERR,ERR,ERR,ERR,ERR,ERR,ERR,ERR,ERR,ERR,ERR,ERR,ERR,ERR,ERR,ERR,ERR,ERR,ERR,ERR,ERR,ERR,ERR,ERR,ERR,ERR,ERR,ERR,ERR,ERR,ERR,ERR,ERR,ERR,ERR,ERR,ERR,ERR,ERR,ERR,ERR,ERR,ERR,ERR,ERR,ERR,ERR,ERR,ERR,ERR,ERR,ERR,ERR,ERR,ERR,ERR,ERR,ERR,ERR,ERR,ERR,ERR,ERR,ERR,ERR,ERR,ERR,ERR,ERR,ERR,ERR,ERR,ERR,ERR,ERR,ERR,ERR,ERR,ERR,ERR,ERR,ERR,ERR,ERR,ERR,ERR,ERR,ERR,ERR,ERR,ERR,ERR,ERR,ERR,ERR,ERR,ERR,ERR,ERR,ERR,ERR,ERR,ERR,ERR,ERR,ERR,ERR,ERR,ERR,ERR,ERR,ERR,ERR,ERR,ERR,ERR,ERR,ERR,-107615120.0,2.7184489359865265e+23,nan,-0.0,-67256840.0,-5.072318580863795e+17,139241724051456.0,1.6768168050095555e+22,0,0,4,17347,7116,0.0,100,0.0,0.0,-0.0,0.0,0.0,0,0,0,0,0.0,0,0,0,0,0,0,0,0,0,0,0,0,0,0,0,0,0,0,0,0,0,0,0,0,0,0,0,0,0,0,0,0,0,31,40,40,71,65476,0,300,0,0,8,21553,0.0,-107605600.0,0.0,0.0,0.0,0.0,0.0,0.0,0.0,0.0,0.0,0.0,0.0,0.0,0.0,0.0,0.0,0.0,0.0,0.0,0.0,0.0,-0.0,-0.0,0.0,0.0,0.0,0.0,0.0,0.0,5111.0,-8608185344.0,6938.0,2.718424976836509e+23,2.7184489359865265e+23,2.004,2.004,0.0,0.0,0.0,0.0,69,0.0,-0.0,0.0,0.0,0.0,0.0,0.0,0.0,0.0,0,0,0,0.0,0.0,0.0,0.0,0.0,0.0,0.0,0.0,0.0,0.0,0.0,0.0,0.0,0.0,0.0,0.0,0,-107875648.0,69,0.0,138,0.0,2.012,ERR,ERR,ERR,ERR,ERR,ERR,ERR,ERR,ERR,ERR,ERR,ERR,ERR,ERR,ERR,ERR,ERR,ERR,ERR,ERR,ERR,ERR,ERR,ERR,ERR,ERR,ERR,ERR,ERR,ERR,ERR,ERR,ERR,ERR,ERR,ERR,ERR,ERR,ERR,ERR,ERR,ERR,ERR,ERR,ERR,ERR,ERR,ERR,ERR,ERR,ERR,ERR,ERR,ERR,ERR,ERR,ERR,ERR,ERR,ERR,ERR,ERR,ERR,ERR,ERR,ERR,ERR,60.0,60.0,35,0.0,0.0,0.0,0.0,0.0,0.0,0.0,0.0,0.0,0.0,0.0,0.0,0.0,0.0,0.0,0.0,64.8,0,110,53,39,65476,0,300,0,0,8,20529,65476,0,0,2621,60.0,0.0,0.0,0.0,0.0,0.0
2026-07-09T15:44:16,ERR,ERR,ERR,ERR,ERR,ERR,ERR,ERR,ERR,ERR,ERR,ERR,ERR,ERR,ERR,ERR,ERR,ERR,ERR,ERR,ERR,ERR,ERR,ERR,ERR,ERR,ERR,ERR,ERR,ERR,ERR,ERR,ERR,ERR,ERR,ERR,ERR,ERR,ERR,ERR,ERR,ERR,ERR,ERR,ERR,ERR,ERR,ERR,ERR,ERR,ERR,ERR,ERR,ERR,ERR,ERR,ERR,ERR,ERR,ERR,ERR,ERR,ERR,ERR,ERR,ERR,ERR,ERR,ERR,ERR,ERR,ERR,ERR,ERR,ERR,ERR,ERR,ERR,ERR,ERR,ERR,ERR,ERR,ERR,ERR,ERR,ERR,ERR,ERR,ERR,ERR,ERR,ERR,ERR,ERR,ERR,ERR,ERR,ERR,ERR,ERR,ERR,ERR,ERR,ERR,ERR,ERR,ERR,ERR,ERR,ERR,ERR,ERR,ERR,ERR,ERR,ERR,ERR,ERR,ERR,ERR,ERR,ERR,ERR,ERR,-107615120.0,2.7184489359865265e+23,nan,-0.0,-67256840.0,-5.072318580863795e+17,139241724051456.0,1.6768168050095555e+22,0,0,4,17347,7116,0.0,100,0.0,0.0,-0.0,0.0,0.0,0,0,0,0,0.0,0,0,0,0,0,0,0,0,0,0,0,0,0,0,0,0,0,0,0,0,0,0,0,0,0,0,0,0,0,0,0,0,0,31,40,40,71,65476,0,300,0,0,8,21553,0.0,-107605600.0,0.0,0.0,0.0,0.0,0.0,0.0,0.0,0.0,0.0,0.0,0.0,0.0,0.0,0.0,0.0,0.0,0.0,0.0,0.0,0.0,-0.0,-0.0,0.0,0.0,0.0,0.0,0.0,0.0,5111.0,-8608185344.0,6938.0,2.718424976836509e+23,2.7184489359865265e+23,2.004,2.004,0.0,0.0,0.0,0.0,69,0.0,-0.0,0.0,0.0,0.0,0.0,0.0,0.0,0.0,0,0,0,0.0,0.0,0.0,0.0,0.0,0.0,0.0,0.0,0.0,0.0,0.0,0.0,0.0,0.0,0.0,0.0,0,-107875648.0,69,0.0,138,0.0,2.012,ERR,ERR,ERR,ERR,ERR,ERR,ERR,ERR,ERR,ERR,ERR,ERR,ERR,ERR,ERR,ERR,ERR,ERR,ERR,ERR,ERR,ERR,ERR,ERR,ERR,ERR,ERR,ERR,ERR,ERR,ERR,ERR,ERR,ERR,ERR,ERR,ERR,ERR,ERR,ERR,ERR,ERR,ERR,ERR,ERR,ERR,ERR,ERR,ERR,ERR,ERR,ERR,ERR,ERR,ERR,ERR,ERR,ERR,ERR,ERR,ERR,ERR,ERR,ERR,ERR,ERR,ERR,60.0,60.0,35,0.0,0.0,0.0,0.0,0.0,0.0,0.0,0.0,0.0,0.0,0.0,0.0,0.0,0.0,0.0,0.0,64.8,0,110,53,39,65476,0,300,0,0,8,20529,65476,0,0,2621,60.0,0.0,0.0,0.0,0.0,0.0
2026-07-09T15:44:17,ERR,ERR,ERR,ERR,ERR,ERR,ERR,ERR,ERR,ERR,ERR,ERR,ERR,ERR,ERR,ERR,ERR,ERR,ERR,ERR,ERR,ERR,ERR,ERR,ERR,ERR,ERR,ERR,ERR,ERR,ERR,ERR,ERR,ERR,ERR,ERR,ERR,ERR,ERR,ERR,ERR,ERR,ERR,ERR,ERR,ERR,ERR,ERR,ERR,ERR,ERR,ERR,ERR,ERR,ERR,ERR,ERR,ERR,ERR,ERR,ERR,ERR,ERR,ERR,ERR,ERR,ERR,ERR,ERR,ERR,ERR,ERR,ERR,ERR,ERR,ERR,ERR,ERR,ERR,ERR,ERR,ERR,ERR,ERR,ERR,ERR,ERR,ERR,ERR,ERR,ERR,ERR,ERR,ERR,ERR,ERR,ERR,ERR,ERR,ERR,ERR,ERR,ERR,ERR,ERR,ERR,ERR,ERR,ERR,ERR,ERR,ERR,ERR,ERR,ERR,ERR,ERR,ERR,ERR,ERR,ERR,ERR,ERR,ERR,ERR,2.718424976836509e+23,2.7184489359865265e+23,2.7184267782763598e+23,2.7183478752108883e+23,0.0,0.0,718109941956608.0,-0.0,0,0,4,17351,7116,0.0,100,0.0,0.0,2.7183478752108883e+23,0.0,0.0,0,0,0,0,0.0,0,0,0,0,0,0,0,0,0,0,0,0,0,0,0,0,0,0,0,0,0,0,0,0,0,0,0,0,0,0,0,0,0,31,40,40,71,65476,0,300,0,0,8,21553,0.0,-107605600.0,0.0,0.0,0.0,0.0,0.0,0.0,0.0,0.0,0.0,0.0,0.0,0.0,0.0,0.0,0.0,0.0,0.0,0.0,0.0,0.0,-0.0,-2.004,0.0,0.0,0.0,0.0,0.0,0.0,5090.0,-131350.484,6937.0,2.718424976836509e+23,-0.0,2.004,2.004,0.0,0.0,0.0,0.0,69,126840782848.0,-0.0,0.0,0.0,0.0,0.0,0.0,0.0,0.0,0,0,0,0.0,0.0,0.0,0.0,0.0,0.0,0.0,0.0,0.0,0.0,0.0,0.0,0.0,0.0,0.0,0.0,0,-107875648.0,69,0.0,138,0.0,2.012,ERR,ERR,ERR,ERR,ERR,ERR,ERR,ERR,ERR,ERR,ERR,ERR,ERR,ERR,ERR,ERR,ERR,ERR,ERR,ERR,ERR,ERR,ERR,ERR,ERR,ERR,ERR,ERR,ERR,ERR,ERR,ERR,ERR,ERR,ERR,ERR,ERR,ERR,ERR,ERR,ERR,ERR,ERR,ERR,ERR,ERR,ERR,ERR,ERR,ERR,ERR,ERR,ERR,ERR,ERR,ERR,ERR,ERR,ERR,ERR,ERR,ERR,ERR,ERR,ERR,ERR,ERR,60.0,60.0,35,0.0,0.0,0.0,0.0,0.0,0.0,0.0,0.0,0.0,0.0,0.0,0.0,0.0,0.0,0.0,0.0,64.8,0,110,53,39,65476,0,300,0,0,8,20529,65476,0,0,2621,60.0,0.0,0.0,0.0,0.0,0.0
2026-07-09T15:44:18,ERR,ERR,ERR,ERR,ERR,ERR,ERR,ERR,ERR,ERR,ERR,ERR,ERR,ERR,ERR,ERR,ERR,ERR,ERR,ERR,ERR,ERR,ERR,ERR,ERR,ERR,ERR,ERR,ERR,ERR,ERR,ERR,ERR,ERR,ERR,ERR,ERR,ERR,ERR,ERR,ERR,ERR,ERR,ERR,ERR,ERR,ERR,ERR,ERR,ERR,ERR,ERR,ERR,ERR,ERR,ERR,ERR,ERR,ERR,ERR,ERR,ERR,ERR,ERR,ERR,ERR,ERR,ERR,ERR,ERR,ERR,ERR,ERR,ERR,ERR,ERR,ERR,ERR,ERR,ERR,ERR,ERR,ERR,ERR,ERR,ERR,ERR,ERR,ERR,ERR,ERR,ERR,ERR,ERR,ERR,ERR,ERR,ERR,ERR,ERR,ERR,ERR,ERR,ERR,ERR,ERR,ERR,ERR,ERR,ERR,ERR,ERR,ERR,ERR,ERR,ERR,ERR,ERR,ERR,ERR,ERR,ERR,ERR,ERR,ERR,2.718424976836509e+23,2.7184489359865265e+23,2.7184267782763598e+23,2.7183478752108883e+23,0.0,0.0,718109941956608.0,-0.0,0,0,4,17351,7116,0.0,100,0.0,0.0,2.7183478752108883e+23,0.0,0.0,0,0,0,0,0.0,0,0,0,0,0,0,0,0,0,0,0,0,0,0,0,0,0,0,0,0,0,0,0,0,0,0,0,0,0,0,0,0,0,31,40,40,71,65476,0,300,0,0,8,21553,0.0,-107605600.0,0.0,0.0,0.0,0.0,0.0,0.0,0.0,0.0,0.0,0.0,0.0,0.0,0.0,0.0,0.0,0.0,0.0,0.0,0.0,0.0,-0.0,-2.004,0.0,0.0,0.0,0.0,0.0,0.0,5090.0,-131350.484,6937.0,2.718424976836509e+23,-0.0,2.004,2.004,0.0,0.0,0.0,0.0,69,126840782848.0,-0.0,0.0,0.0,0.0,0.0,0.0,0.0,0.0,0,0,0,0.0,0.0,0.0,0.0,0.0,0.0,0.0,0.0,0.0,0.0,0.0,0.0,0.0,0.0,0.0,0.0,0,-107875648.0,69,0.0,138,0.0,2.012,ERR,ERR,ERR,ERR,ERR,ERR,ERR,ERR,ERR,ERR,ERR,ERR,ERR,ERR,ERR,ERR,ERR,ERR,ERR,ERR,ERR,ERR,ERR,ERR,ERR,ERR,ERR,ERR,ERR,ERR,ERR,ERR,ERR,ERR,ERR,ERR,ERR,ERR,ERR,ERR,ERR,ERR,ERR,ERR,ERR,ERR,ERR,ERR,ERR,ERR,ERR,ERR,ERR,ERR,ERR,ERR,ERR,ERR,ERR,ERR,ERR,ERR,ERR,ERR,ERR,ERR,ERR,60.0,60.0,35,0.0,0.0,0.0,0.0,0.0,0.0,0.0,0.0,0.0,0.0,0.0,0.0,0.0,0.0,0.0,0.0,64.8,0,110,53,39,65476,0,300,0,0,8,20529,65476,0,0,2621,60.0,0.0,0.0,0.0,0.0,0.0
2026-07-09T15:44:19,ERR,ERR,ERR,ERR,ERR,ERR,ERR,ERR,ERR,ERR,ERR,ERR,ERR,ERR,ERR,ERR,ERR,ERR,ERR,ERR,ERR,ERR,ERR,ERR,ERR,ERR,ERR,ERR,ERR,ERR,ERR,ERR,ERR,ERR,ERR,ERR,ERR,ERR,ERR,ERR,ERR,ERR,ERR,ERR,ERR,ERR,ERR,ERR,ERR,ERR,ERR,ERR,ERR,ERR,ERR,ERR,ERR,ERR,ERR,ERR,ERR,ERR,ERR,ERR,ERR,ERR,ERR,ERR,ERR,ERR,ERR,ERR,ERR,ERR,ERR,ERR,ERR,ERR,ERR,ERR,ERR,ERR,ERR,ERR,ERR,ERR,ERR,ERR,ERR,ERR,ERR,ERR,ERR,ERR,ERR,ERR,ERR,ERR,ERR,ERR,ERR,ERR,ERR,ERR,ERR,ERR,ERR,ERR,ERR,ERR,ERR,ERR,ERR,ERR,ERR,ERR,ERR,ERR,ERR,ERR,ERR,ERR,ERR,ERR,ERR,2.718424976836509e+23,2.7184489359865265e+23,2.7184267782763598e+23,2.7183478752108883e+23,0.0,0.0,718109941956608.0,-0.0,0,0,4,17351,7116,0.0,100,0.0,0.0,2.7183478752108883e+23,0.0,0.0,0,0,0,0,0.0,0,0,0,0,0,0,0,0,0,0,0,0,0,0,0,0,0,0,0,0,0,0,0,0,0,0,0,0,0,0,0,0,0,31,40,40,71,65476,0,300,0,0,8,21553,0.0,-107605600.0,0.0,0.0,0.0,0.0,0.0,0.0,0.0,0.0,0.0,0.0,0.0,0.0,0.0,0.0,0.0,0.0,0.0,0.0,0.0,0.0,-0.0,-2.004,0.0,0.0,0.0,0.0,0.0,0.0,5090.0,-131350.484,6937.0,2.718424976836509e+23,-0.0,2.004,2.004,0.0,0.0,0.0,0.0,69,126840782848.0,-0.0,0.0,0.0,0.0,0.0,0.0,0.0,0.0,0,0,0,0.0,0.0,0.0,0.0,0.0,0.0,0.0,0.0,0.0,0.0,0.0,0.0,0.0,0.0,0.0,0.0,0,-107875648.0,69,0.0,138,0.0,2.012,ERR,ERR,ERR,ERR,ERR,ERR,ERR,ERR,ERR,ERR,ERR,ERR,ERR,ERR,ERR,ERR,ERR,ERR,ERR,ERR,ERR,ERR,ERR,ERR,ERR,ERR,ERR,ERR,ERR,ERR,ERR,ERR,ERR,ERR,ERR,ERR,ERR,ERR,ERR,ERR,ERR,ERR,ERR,ERR,ERR,ERR,ERR,ERR,ERR,ERR,ERR,ERR,ERR,ERR,ERR,ERR,ERR,ERR,ERR,ERR,ERR,ERR,ERR,ERR,ERR,ERR,ERR,60.0,60.0,35,0.0,0.0,0.0,0.0,0.0,0.0,0.0,0.0,0.0,0.0,0.0,0.0,0.0,0.0,0.0,0.0,64.8,0,110,53,39,65476,0,300,0,0,8,20529,65476,0,0,2621,60.0,0.0,0.0,0.0,0.0,0.0
2026-07-09T15:44:20,ERR,ERR,ERR,ERR,ERR,ERR,ERR,ERR,ERR,ERR,ERR,ERR,ERR,ERR,ERR,ERR,ERR,ERR,ERR,ERR,ERR,ERR,ERR,ERR,ERR,ERR,ERR,ERR,ERR,ERR,ERR,ERR,ERR,ERR,ERR,ERR,ERR,ERR,ERR,ERR,ERR,ERR,ERR,ERR,ERR,ERR,ERR,ERR,ERR,ERR,ERR,ERR,ERR,ERR,ERR,ERR,ERR,ERR,ERR,ERR,ERR,ERR,ERR,ERR,ERR,ERR,ERR,ERR,ERR,ERR,ERR,ERR,ERR,ERR,ERR,ERR,ERR,ERR,ERR,ERR,ERR,ERR,ERR,ERR,ERR,ERR,ERR,ERR,ERR,ERR,ERR,ERR,ERR,ERR,ERR,ERR,ERR,ERR,ERR,ERR,ERR,ERR,ERR,ERR,ERR,ERR,ERR,ERR,ERR,ERR,ERR,ERR,ERR,ERR,ERR,ERR,ERR,ERR,ERR,ERR,ERR,ERR,ERR,ERR,ERR,2.718424976836509e+23,2.7184489359865265e+23,2.7184267782763598e+23,2.7183478752108883e+23,0.0,0.0,718109941956608.0,-0.0,0,0,4,17351,7116,0.0,100,0.0,0.0,2.7183478752108883e+23,0.0,0.0,0,0,0,0,0.0,0,0,0,0,0,0,0,0,0,0,0,0,0,0,0,0,0,0,0,0,0,0,0,0,0,0,0,0,0,0,0,0,0,31,40,40,71,65476,0,300,0,0,8,21553,0.0,-107605600.0,0.0,0.0,0.0,0.0,0.0,0.0,0.0,0.0,0.0,0.0,0.0,0.0,0.0,0.0,0.0,0.0,0.0,0.0,0.0,0.0,-0.0,-2.004,0.0,0.0,0.0,0.0,0.0,0.0,5090.0,-131350.484,6937.0,2.718424976836509e+23,-0.0,2.004,2.004,0.0,0.0,0.0,0.0,69,126840782848.0,-0.0,0.0,0.0,0.0,0.0,0.0,0.0,0.0,0,0,0,0.0,0.0,0.0,0.0,0.0,0.0,0.0,0.0,0.0,0.0,0.0,0.0,0.0,0.0,0.0,0.0,0,-107875648.0,69,0.0,138,0.0,2.012,ERR,ERR,ERR,ERR,ERR,ERR,ERR,ERR,ERR,ERR,ERR,ERR,ERR,ERR,ERR,ERR,ERR,ERR,ERR,ERR,ERR,ERR,ERR,ERR,ERR,ERR,ERR,ERR,ERR,ERR,ERR,ERR,ERR,ERR,ERR,ERR,ERR,ERR,ERR,ERR,ERR,ERR,ERR,ERR,ERR,ERR,ERR,ERR,ERR,ERR,ERR,ERR,ERR,ERR,ERR,ERR,ERR,ERR,ERR,ERR,ERR,ERR,ERR,ERR,ERR,ERR,ERR,60.0,60.0,35,0.0,0.0,0.0,0.0,0.0,0.0,0.0,0.0,0.0,0.0,0.0,0.0,0.0,0.0,0.0,0.0,64.8,0,110,53,39,65476,0,300,0,0,8,20529,65476,0,0,2621,60.0,0.0,0.0,0.0,0.0,0.0
2026-07-09T15:44:21,ERR,ERR,ERR,ERR,ERR,ERR,ERR,ERR,ERR,ERR,ERR,ERR,ERR,ERR,ERR,ERR,ERR,ERR,ERR,ERR,ERR,ERR,ERR,ERR,ERR,ERR,ERR,ERR,ERR,ERR,ERR,ERR,ERR,ERR,ERR,ERR,ERR,ERR,ERR,ERR,ERR,ERR,ERR,ERR,ERR,ERR,ERR,ERR,ERR,ERR,ERR,ERR,ERR,ERR,ERR,ERR,ERR,ERR,ERR,ERR,ERR,ERR,ERR,ERR,ERR,ERR,ERR,ERR,ERR,ERR,ERR,ERR,ERR,ERR,ERR,ERR,ERR,ERR,ERR,ERR,ERR,ERR,ERR,ERR,ERR,ERR,ERR,ERR,ERR,ERR,ERR,ERR,ERR,ERR,ERR,ERR,ERR,ERR,ERR,ERR,ERR,ERR,ERR,ERR,ERR,ERR,ERR,ERR,ERR,ERR,ERR,ERR,ERR,ERR,ERR,ERR,ERR,ERR,ERR,ERR,ERR,ERR,ERR,ERR,ERR,2.718424976836509e+23,2.7184489359865265e+23,2.7184267782763598e+23,2.7183478752108883e+23,0.0,0.0,718109941956608.0,-0.0,0,0,4,17351,7116,0.0,100,0.0,0.0,2.7183478752108883e+23,0.0,0.0,0,0,0,0,0.0,0,0,0,0,0,0,0,0,0,0,0,0,0,0,0,0,0,0,0,0,0,0,0,0,0,0,0,0,0,0,0,0,0,31,40,40,71,65476,0,300,0,0,8,21553,0.0,-107605600.0,0.0,0.0,0.0,0.0,0.0,0.0,0.0,0.0,0.0,0.0,0.0,0.0,0.0,0.0,0.0,0.0,0.0,0.0,0.0,0.0,-0.0,-2.004,0.0,0.0,0.0,0.0,0.0,0.0,5090.0,-131350.484,6937.0,2.718424976836509e+23,-0.0,2.004,2.004,0.0,0.0,0.0,0.0,69,126840782848.0,-0.0,0.0,0.0,0.0,0.0,0.0,0.0,0.0,0,0,0,0.0,0.0,0.0,0.0,0.0,0.0,0.0,0.0,0.0,0.0,0.0,0.0,0.0,0.0,0.0,0.0,0,-107875648.0,69,0.0,138,0.0,2.012,ERR,ERR,ERR,ERR,ERR,ERR,ERR,ERR,ERR,ERR,ERR,ERR,ERR,ERR,ERR,ERR,ERR,ERR,ERR,ERR,ERR,ERR,ERR,ERR,ERR,ERR,ERR,ERR,ERR,ERR,ERR,ERR,ERR,ERR,ERR,ERR,ERR,ERR,ERR,ERR,ERR,ERR,ERR,ERR,ERR,ERR,ERR,ERR,ERR,ERR,ERR,ERR,ERR,ERR,ERR,ERR,ERR,ERR,ERR,ERR,ERR,ERR,ERR,ERR,ERR,ERR,ERR,60.0,60.0,35,0.0,0.0,0.0,0.0,0.0,0.0,0.0,0.0,0.0,0.0,0.0,0.0,0.0,0.0,0.0,0.0,64.8,0,110,53,39,65476,0,300,0,0,8,20529,65476,0,0,2621,60.0,0.0,0.0,0.0,0.0,0.0
2026-07-09T15:44:22,ERR,ERR,ERR,ERR,ERR,ERR,ERR,ERR,ERR,ERR,ERR,ERR,ERR,ERR,ERR,ERR,ERR,ERR,ERR,ERR,ERR,ERR,ERR,ERR,ERR,ERR,ERR,ERR,ERR,ERR,ERR,ERR,ERR,ERR,ERR,ERR,ERR,ERR,ERR,ERR,ERR,ERR,ERR,ERR,ERR,ERR,ERR,ERR,ERR,ERR,ERR,ERR,ERR,ERR,ERR,ERR,ERR,ERR,ERR,ERR,ERR,ERR,ERR,ERR,ERR,ERR,ERR,ERR,ERR,ERR,ERR,ERR,ERR,ERR,ERR,ERR,ERR,ERR,ERR,ERR,ERR,ERR,ERR,ERR,ERR,ERR,ERR,ERR,ERR,ERR,ERR,ERR,ERR,ERR,ERR,ERR,ERR,ERR,ERR,ERR,ERR,ERR,ERR,ERR,ERR,ERR,ERR,ERR,ERR,ERR,ERR,ERR,ERR,ERR,ERR,ERR,ERR,ERR,ERR,ERR,ERR,ERR,ERR,ERR,ERR,2.718424976836509e+23,-107616184.0,0.0,2.7183478752108883e+23,-0.0,-29131572.0,-4.1848176171780004e+30,0.0,0,0,4,17352,7116,0.0,100,0.0,0.0,2.7183478752108883e+23,0.0,0.0,0,0,0,0,0.0,0,0,0,0,0,0,0,0,0,0,0,0,0,0,0,0,0,0,0,0,0,0,0,0,0,0,0,0,0,0,0,0,0,31,40,40,71,65476,0,300,0,0,8,21553,0.0,-107605600.0,0.0,0.0,0.0,0.0,0.0,0.0,0.0,0.0,0.0,0.0,0.0,0.0,0.0,0.0,0.0,0.0,0.0,0.0,0.0,0.0,2.004,0.0,0.0,0.0,0.0,0.0,0.0,0.0,5100.0,-2.004,6936.0,0.0,0.0,2.004,2.004,0.0,0.0,0.0,0.0,69,2.7184226349647027e+23,5.8480572677226416e+35,0.0,0.0,0.0,0.0,0.0,0.0,0.0,0,0,0,0.0,0.0,0.0,0.0,0.0,0.0,0.0,0.0,0.0,0.0,0.0,0.0,0.0,0.0,0.0,0.0,0,-107875648.0,69,0.0,138,0.0,2.012,ERR,ERR,ERR,ERR,ERR,ERR,ERR,ERR,ERR,ERR,ERR,ERR,ERR,ERR,ERR,ERR,ERR,ERR,ERR,ERR,ERR,ERR,ERR,ERR,ERR,ERR,ERR,ERR,ERR,ERR,ERR,ERR,ERR,ERR,ERR,ERR,ERR,ERR,ERR,ERR,ERR,ERR,ERR,ERR,ERR,ERR,ERR,ERR,ERR,ERR,ERR,ERR,ERR,ERR,ERR,ERR,ERR,ERR,ERR,ERR,ERR,ERR,ERR,ERR,ERR,ERR,ERR,60.0,60.0,35,0.0,0.0,0.0,0.0,0.0,0.0,0.0,0.0,0.0,0.0,0.0,0.0,0.0,0.0,0.0,0.0,64.8,0,110,53,39,65476,0,300,0,0,8,20529,65476,0,0,2621,60.0,0.0,0.0,0.0,0.0,0.0
2026-07-09T15:44:23,ERR,ERR,ERR,ERR,ERR,ERR,ERR,ERR,ERR,ERR,ERR,ERR,ERR,ERR,ERR,ERR,ERR,ERR,ERR,ERR,ERR,ERR,ERR,ERR,ERR,ERR,ERR,ERR,ERR,ERR,ERR,ERR,ERR,ERR,ERR,ERR,ERR,ERR,ERR,ERR,ERR,ERR,ERR,ERR,ERR,ERR,ERR,ERR,ERR,ERR,ERR,ERR,ERR,ERR,ERR,ERR,ERR,ERR,ERR,ERR,ERR,ERR,ERR,ERR,ERR,ERR,ERR,ERR,ERR,ERR,ERR,ERR,ERR,ERR,ERR,ERR,ERR,ERR,ERR,ERR,ERR,ERR,ERR,ERR,ERR,ERR,ERR,ERR,ERR,ERR,ERR,ERR,ERR,ERR,ERR,ERR,ERR,ERR,ERR,ERR,ERR,ERR,ERR,ERR,ERR,ERR,ERR,ERR,ERR,ERR,ERR,ERR,ERR,ERR,ERR,ERR,ERR,ERR,ERR,ERR,ERR,ERR,ERR,ERR,ERR,2.718424976836509e+23,-107616184.0,0.0,2.7183478752108883e+23,-0.0,-29131572.0,-4.1848176171780004e+30,0.0,0,0,4,17352,7116,0.0,100,0.0,0.0,2.7183478752108883e+23,0.0,0.0,0,0,0,0,0.0,0,0,0,0,0,0,0,0,0,0,0,0,0,0,0,0,0,0,0,0,0,0,0,0,0,0,0,0,0,0,0,0,0,31,40,40,71,65476,0,300,0,0,8,21553,0.0,-107605600.0,0.0,0.0,0.0,0.0,0.0,0.0,0.0,0.0,0.0,0.0,0.0,0.0,0.0,0.0,0.0,0.0,0.0,0.0,0.0,0.0,2.004,0.0,0.0,0.0,0.0,0.0,0.0,0.0,5100.0,-2.004,6936.0,0.0,0.0,2.004,2.004,0.0,0.0,0.0,0.0,69,2.7184226349647027e+23,5.8480572677226416e+35,0.0,0.0,0.0,0.0,0.0,0.0,0.0,0,0,0,0.0,0.0,0.0,0.0,0.0,0.0,0.0,0.0,0.0,0.0,0.0,0.0,0.0,0.0,0.0,0.0,0,-107875648.0,69,0.0,138,0.0,2.012,ERR,ERR,ERR,ERR,ERR,ERR,ERR,ERR,ERR,ERR,ERR,ERR,ERR,ERR,ERR,ERR,ERR,ERR,ERR,ERR,ERR,ERR,ERR,ERR,ERR,ERR,ERR,ERR,ERR,ERR,ERR,ERR,ERR,ERR,ERR,ERR,ERR,ERR,ERR,ERR,ERR,ERR,ERR,ERR,ERR,ERR,ERR,ERR,ERR,ERR,ERR,ERR,ERR,ERR,ERR,ERR,ERR,ERR,ERR,ERR,ERR,ERR,ERR,ERR,ERR,ERR,ERR,60.0,60.0,35,0.0,0.0,0.0,0.0,0.0,0.0,0.0,0.0,0.0,0.0,0.0,0.0,0.0,0.0,0.0,0.0,64.8,0,109,53,39,65476,0,300,0,0,8,20529,65476,0,0,2621,60.0,0.0,0.0,0.0,0.0,0.0
2026-07-09T15:44:24,ERR,ERR,ERR,ERR,ERR,ERR,ERR,ERR,ERR,ERR,ERR,ERR,ERR,ERR,ERR,ERR,ERR,ERR,ERR,ERR,ERR,ERR,ERR,ERR,ERR,ERR,ERR,ERR,ERR,ERR,ERR,ERR,ERR,ERR,ERR,ERR,ERR,ERR,ERR,ERR,ERR,ERR,ERR,ERR,ERR,ERR,ERR,ERR,ERR,ERR,ERR,ERR,ERR,ERR,ERR,ERR,ERR,ERR,ERR,ERR,ERR,ERR,ERR,ERR,ERR,ERR,ERR,ERR,ERR,ERR,ERR,ERR,ERR,ERR,ERR,ERR,ERR,ERR,ERR,ERR,ERR,ERR,ERR,ERR,ERR,ERR,ERR,ERR,ERR,ERR,ERR,ERR,ERR,ERR,ERR,ERR,ERR,ERR,ERR,ERR,ERR,ERR,ERR,ERR,ERR,ERR,ERR,ERR,ERR,ERR,ERR,ERR,ERR,ERR,ERR,ERR,ERR,ERR,ERR,ERR,ERR,ERR,ERR,ERR,ERR,2.718424976836509e+23,-107616184.0,0.0,2.7183478752108883e+23,-0.0,-29131572.0,-4.1848176171780004e+30,0.0,0,0,4,17352,7116,0.0,100,0.0,0.0,2.7183478752108883e+23,0.0,0.0,0,0,0,0,0.0,0,0,0,0,0,0,0,0,0,0,0,0,0,0,0,0,0,0,0,0,0,0,0,0,0,0,0,0,0,0,0,0,0,31,40,40,71,65476,0,300,0,0,8,21553,0.0,-107605600.0,0.0,0.0,0.0,0.0,0.0,0.0,0.0,0.0,0.0,0.0,0.0,0.0,0.0,0.0,0.0,0.0,0.0,0.0,0.0,0.0,2.004,0.0,0.0,0.0,0.0,0.0,0.0,0.0,5100.0,-2.004,6936.0,0.0,0.0,2.004,2.004,0.0,0.0,0.0,0.0,69,2.7184226349647027e+23,5.8480572677226416e+35,0.0,0.0,0.0,0.0,0.0,0.0,0.0,0,0,0,0.0,0.0,0.0,0.0,0.0,0.0,0.0,0.0,0.0,0.0,0.0,0.0,0.0,0.0,0.0,0.0,0,-107875648.0,69,0.0,138,0.0,2.012,ERR,ERR,ERR,ERR,ERR,ERR,ERR,ERR,ERR,ERR,ERR,ERR,ERR,ERR,ERR,ERR,ERR,ERR,ERR,ERR,ERR,ERR,ERR,ERR,ERR,ERR,ERR,ERR,ERR,ERR,ERR,ERR,ERR,ERR,ERR,ERR,ERR,ERR,ERR,ERR,ERR,ERR,ERR,ERR,ERR,ERR,ERR,ERR,ERR,ERR,ERR,ERR,ERR,ERR,ERR,ERR,ERR,ERR,ERR,ERR,ERR,ERR,ERR,ERR,ERR,ERR,ERR,60.0,60.0,35,0.0,0.0,0.0,0.0,0.0,0.0,0.0,0.0,0.0,0.0,0.0,0.0,0.0,0.0,0.0,0.0,64.8,0,109,53,39,65476,0,300,0,0,8,20529,65476,0,0,2621,60.0,0.0,0.0,0.0,0.0,0.0
2026-07-09T15:44:25,ERR,ERR,ERR,ERR,ERR,ERR,ERR,ERR,ERR,ERR,ERR,ERR,ERR,ERR,ERR,ERR,ERR,ERR,ERR,ERR,ERR,ERR,ERR,ERR,ERR,ERR,ERR,ERR,ERR,ERR,ERR,ERR,ERR,ERR,ERR,ERR,ERR,ERR,ERR,ERR,ERR,ERR,ERR,ERR,ERR,ERR,ERR,ERR,ERR,ERR,ERR,ERR,ERR,ERR,ERR,ERR,ERR,ERR,ERR,ERR,ERR,ERR,ERR,ERR,ERR,ERR,ERR,ERR,ERR,ERR,ERR,ERR,ERR,ERR,ERR,ERR,ERR,ERR,ERR,ERR,ERR,ERR,ERR,ERR,ERR,ERR,ERR,ERR,ERR,ERR,ERR,ERR,ERR,ERR,ERR,ERR,ERR,ERR,ERR,ERR,ERR,ERR,ERR,ERR,ERR,ERR,ERR,ERR,ERR,ERR,ERR,ERR,ERR,ERR,ERR,ERR,ERR,ERR,ERR,ERR,ERR,ERR,ERR,ERR,ERR,2.718424976836509e+23,-107616184.0,0.0,2.7183478752108883e+23,-0.0,-29131572.0,-4.1848176171780004e+30,0.0,0,0,4,17352,7116,0.0,100,0.0,0.0,2.7183478752108883e+23,0.0,0.0,0,0,0,0,0.0,0,0,0,0,0,0,0,0,0,0,0,0,0,0,0,0,0,0,0,0,0,0,0,0,0,0,0,0,0,0,0,0,0,31,40,40,71,65476,0,300,0,0,8,21553,0.0,-107605600.0,0.0,0.0,0.0,0.0,0.0,0.0,0.0,0.0,0.0,0.0,0.0,0.0,0.0,0.0,0.0,0.0,0.0,0.0,0.0,0.0,2.004,0.0,0.0,0.0,0.0,0.0,0.0,0.0,5100.0,-2.004,6936.0,0.0,0.0,2.004,2.004,0.0,0.0,0.0,0.0,69,2.7184226349647027e+23,5.8480572677226416e+35,0.0,0.0,0.0,0.0,0.0,0.0,0.0,0,0,0,0.0,0.0,0.0,0.0,0.0,0.0,0.0,0.0,0.0,0.0,0.0,0.0,0.0,0.0,0.0,0.0,0,-107875648.0,69,0.0,138,0.0,2.012,ERR,ERR,ERR,ERR,ERR,ERR,ERR,ERR,ERR,ERR,ERR,ERR,ERR,ERR,ERR,ERR,ERR,ERR,ERR,ERR,ERR,ERR,ERR,ERR,ERR,ERR,ERR,ERR,ERR,ERR,ERR,ERR,ERR,ERR,ERR,ERR,ERR,ERR,ERR,ERR,ERR,ERR,ERR,ERR,ERR,ERR,ERR,ERR,ERR,ERR,ERR,ERR,ERR,ERR,ERR,ERR,ERR,ERR,ERR,ERR,ERR,ERR,ERR,ERR,ERR,ERR,ERR,60.0,60.0,35,0.0,0.0,0.0,0.0,0.0,0.0,0.0,0.0,0.0,0.0,0.0,0.0,0.0,0.0,0.0,0.0,64.8,0,109,53,38,65476,0,300,0,0,8,20529,65476,0,0,2621,60.0,0.0,0.0,0.0,0.0,0.0
2026-07-09T15:44:26,ERR,ERR,ERR,ERR,ERR,ERR,ERR,ERR,ERR,ERR,ERR,ERR,ERR,ERR,ERR,ERR,ERR,ERR,ERR,ERR,ERR,ERR,ERR,ERR,ERR,ERR,ERR,ERR,ERR,ERR,ERR,ERR,ERR,ERR,ERR,ERR,ERR,ERR,ERR,ERR,ERR,ERR,ERR,ERR,ERR,ERR,ERR,ERR,ERR,ERR,ERR,ERR,ERR,ERR,ERR,ERR,ERR,ERR,ERR,ERR,ERR,ERR,ERR,ERR,ERR,ERR,ERR,ERR,ERR,ERR,ERR,ERR,ERR,ERR,ERR,ERR,ERR,ERR,ERR,ERR,ERR,ERR,ERR,ERR,ERR,ERR,ERR,ERR,ERR,ERR,ERR,ERR,ERR,ERR,ERR,ERR,ERR,ERR,ERR,ERR,ERR,ERR,ERR,ERR,ERR,ERR,ERR,ERR,ERR,ERR,ERR,ERR,ERR,ERR,ERR,ERR,ERR,ERR,ERR,ERR,ERR,ERR,ERR,ERR,ERR,2.718424976836509e+23,-107616184.0,0.0,2.7183478752108883e+23,-0.0,-29131572.0,-4.1848176171780004e+30,0.0,0,0,4,17352,7116,0.0,100,0.0,0.0,2.7183478752108883e+23,0.0,0.0,0,0,0,0,0.0,0,0,0,0,0,0,0,0,0,0,0,0,0,0,0,0,0,0,0,0,0,0,0,0,0,0,0,0,0,0,0,0,0,31,40,40,71,65476,0,300,0,0,8,21553,0.0,-107605600.0,0.0,0.0,0.0,0.0,0.0,0.0,0.0,0.0,0.0,0.0,0.0,0.0,0.0,0.0,0.0,0.0,0.0,0.0,0.0,0.0,2.004,0.0,0.0,0.0,0.0,0.0,0.0,0.0,5100.0,-2.004,6936.0,0.0,0.0,2.004,2.004,0.0,0.0,0.0,0.0,69,2.7184226349647027e+23,5.8480572677226416e+35,0.0,0.0,0.0,0.0,0.0,0.0,0.0,0,0,0,0.0,0.0,0.0,0.0,0.0,0.0,0.0,0.0,0.0,0.0,0.0,0.0,0.0,0.0,0.0,0.0,0,-107875648.0,69,0.0,138,0.0,2.012,ERR,ERR,ERR,ERR,ERR,ERR,ERR,ERR,ERR,ERR,ERR,ERR,ERR,ERR,ERR,ERR,ERR,ERR,ERR,ERR,ERR,ERR,ERR,ERR,ERR,ERR,ERR,ERR,ERR,ERR,ERR,ERR,ERR,ERR,ERR,ERR,ERR,ERR,ERR,ERR,ERR,ERR,ERR,ERR,ERR,ERR,ERR,ERR,ERR,ERR,ERR,ERR,ERR,ERR,ERR,ERR,ERR,ERR,ERR,ERR,ERR,ERR,ERR,ERR,ERR,ERR,ERR,60.0,60.0,35,0.0,0.0,0.0,0.0,0.0,0.0,0.0,0.0,0.0,0.0,0.0,0.0,0.0,0.0,0.0,0.0,64.8,0,109,53,38,65476,0,300,0,0,8,20529,65476,0,0,2621,60.0,0.0,0.0,0.0,0.0,0.0
2026-07-09T15:44:27,ERR,ERR,ERR,ERR,ERR,ERR,ERR,ERR,ERR,ERR,ERR,ERR,ERR,ERR,ERR,ERR,ERR,ERR,ERR,ERR,ERR,ERR,ERR,ERR,ERR,ERR,ERR,ERR,ERR,ERR,ERR,ERR,ERR,ERR,ERR,ERR,ERR,ERR,ERR,ERR,ERR,ERR,ERR,ERR,ERR,ERR,ERR,ERR,ERR,ERR,ERR,ERR,ERR,ERR,ERR,ERR,ERR,ERR,ERR,ERR,ERR,ERR,ERR,ERR,ERR,ERR,ERR,ERR,ERR,ERR,ERR,ERR,ERR,ERR,ERR,ERR,ERR,ERR,ERR,ERR,ERR,ERR,ERR,ERR,ERR,ERR,ERR,ERR,ERR,ERR,ERR,ERR,ERR,ERR,ERR,ERR,ERR,ERR,ERR,ERR,ERR,ERR,ERR,ERR,ERR,ERR,ERR,ERR,ERR,ERR,ERR,ERR,ERR,ERR,ERR,ERR,ERR,ERR,ERR,ERR,ERR,ERR,ERR,ERR,ERR,0.0,0.0,2.71842713856433e+23,2.7183478752108883e+23,-0.0,4.994564332578294e+25,8.684892913323038e+32,1.2092250211640934e+18,0,0,4,17349,7116,0.0,100,0.0,0.0,2.7183478752108883e+23,0.0,0.0,0,0,0,0,0.0,0,0,0,0,0,0,0,0,0,0,0,0,0,0,0,0,0,0,0,0,0,0,0,0,0,0,0,0,0,0,0,0,0,31,40,40,71,65476,0,300,0,0,8,21553,0.0,-107605600.0,0.0,0.0,0.0,0.0,0.0,0.0,0.0,0.0,0.0,0.0,0.0,0.0,0.0,0.0,0.0,0.0,0.0,0.0,0.0,0.0,2.004,0.0,0.0,0.0,0.0,0.0,0.0,0.0,5112.0,-2.004,6936.0,0.0,2.7184491161305116e+23,2.004,2.004,0.0,0.0,0.0,0.0,69,-0.0,5.8480572677226416e+35,0.0,0.0,0.0,0.0,0.0,0.0,0.0,0,0,0,0.0,0.0,0.0,0.0,0.0,0.0,0.0,0.0,0.0,0.0,0.0,0.0,0.0,0.0,0.0,0.0,0,-107875648.0,69,0.0,138,0.0,2.012,ERR,ERR,ERR,ERR,ERR,ERR,ERR,ERR,ERR,ERR,ERR,ERR,ERR,ERR,ERR,ERR,ERR,ERR,ERR,ERR,ERR,ERR,ERR,ERR,ERR,ERR,ERR,ERR,ERR,ERR,ERR,ERR,ERR,ERR,ERR,ERR,ERR,ERR,ERR,ERR,ERR,ERR,ERR,ERR,ERR,ERR,ERR,ERR,ERR,ERR,ERR,ERR,ERR,ERR,ERR,ERR,ERR,ERR,ERR,ERR,ERR,ERR,ERR,ERR,ERR,ERR,ERR,60.0,60.0,35,0.0,0.0,0.0,0.0,0.0,0.0,0.0,0.0,0.0,0.0,0.0,0.0,0.0,0.0,0.0,0.0,64.8,0,109,53,38,65476,0,300,0,0,8,20529,65476,0,0,2621,60.0,0.0,0.0,0.0,0.0,0.0
2026-07-09T15:44:28,ERR,ERR,ERR,ERR,ERR,ERR,ERR,ERR,ERR,ERR,ERR,ERR,ERR,ERR,ERR,ERR,ERR,ERR,ERR,ERR,ERR,ERR,ERR,ERR,ERR,ERR,ERR,ERR,ERR,ERR,ERR,ERR,ERR,ERR,ERR,ERR,ERR,ERR,ERR,ERR,ERR,ERR,ERR,ERR,ERR,ERR,ERR,ERR,ERR,ERR,ERR,ERR,ERR,ERR,ERR,ERR,ERR,ERR,ERR,ERR,ERR,ERR,ERR,ERR,ERR,ERR,ERR,ERR,ERR,ERR,ERR,ERR,ERR,ERR,ERR,ERR,ERR,ERR,ERR,ERR,ERR,ERR,ERR,ERR,ERR,ERR,ERR,ERR,ERR,ERR,ERR,ERR,ERR,ERR,ERR,ERR,ERR,ERR,ERR,ERR,ERR,ERR,ERR,ERR,ERR,ERR,ERR,ERR,ERR,ERR,ERR,ERR,ERR,ERR,ERR,ERR,ERR,ERR,ERR,ERR,ERR,ERR,ERR,ERR,ERR,0.0,0.0,2.71842713856433e+23,2.7183478752108883e+23,-0.0,4.994564332578294e+25,8.684892913323038e+32,1.2092250211640934e+18,0,0,4,17349,7116,0.0,100,0.0,0.0,2.7183478752108883e+23,0.0,0.0,0,0,0,0,0.0,0,0,0,0,0,0,0,0,0,0,0,0,0,0,0,0,0,0,0,0,0,0,0,0,0,0,0,0,0,0,0,0,0,31,40,40,71,65476,0,300,0,0,8,21553,0.0,-107605600.0,0.0,0.0,0.0,0.0,0.0,0.0,0.0,0.0,0.0,0.0,0.0,0.0,0.0,0.0,0.0,0.0,0.0,0.0,0.0,0.0,2.004,0.0,0.0,0.0,0.0,0.0,0.0,0.0,5112.0,-2.004,6936.0,0.0,2.7184491161305116e+23,2.004,2.004,0.0,0.0,0.0,0.0,69,-0.0,5.8480572677226416e+35,0.0,0.0,0.0,0.0,0.0,0.0,0.0,0,0,0,0.0,0.0,0.0,0.0,0.0,0.0,0.0,0.0,0.0,0.0,0.0,0.0,0.0,0.0,0.0,0.0,0,-107875648.0,69,0.0,138,0.0,2.012,ERR,ERR,ERR,ERR,ERR,ERR,ERR,ERR,ERR,ERR,ERR,ERR,ERR,ERR,ERR,ERR,ERR,ERR,ERR,ERR,ERR,ERR,ERR,ERR,ERR,ERR,ERR,ERR,ERR,ERR,ERR,ERR,ERR,ERR,ERR,ERR,ERR,ERR,ERR,ERR,ERR,ERR,ERR,ERR,ERR,ERR,ERR,ERR,ERR,ERR,ERR,ERR,ERR,ERR,ERR,ERR,ERR,ERR,ERR,ERR,ERR,ERR,ERR,ERR,ERR,ERR,ERR,60.0,60.0,35,0.0,0.0,0.0,0.0,0.0,0.0,0.0,0.0,0.0,0.0,0.0,0.0,0.0,0.0,0.0,0.0,64.8,0,109,53,38,65476,0,300,0,0,8,20529,65476,0,0,2621,60.0,0.0,0.0,0.0,0.0,0.0
2026-07-09T15:44:29,ERR,ERR,ERR,ERR,ERR,ERR,ERR,ERR,ERR,ERR,ERR,ERR,ERR,ERR,ERR,ERR,ERR,ERR,ERR,ERR,ERR,ERR,ERR,ERR,ERR,ERR,ERR,ERR,ERR,ERR,ERR,ERR,ERR,ERR,ERR,ERR,ERR,ERR,ERR,ERR,ERR,ERR,ERR,ERR,ERR,ERR,ERR,ERR,ERR,ERR,ERR,ERR,ERR,ERR,ERR,ERR,ERR,ERR,ERR,ERR,ERR,ERR,ERR,ERR,ERR,ERR,ERR,ERR,ERR,ERR,ERR,ERR,ERR,ERR,ERR,ERR,ERR,ERR,ERR,ERR,ERR,ERR,ERR,ERR,ERR,ERR,ERR,ERR,ERR,ERR,ERR,ERR,ERR,ERR,ERR,ERR,ERR,ERR,ERR,ERR,ERR,ERR,ERR,ERR,ERR,ERR,ERR,ERR,ERR,ERR,ERR,ERR,ERR,ERR,ERR,ERR,ERR,ERR,ERR,ERR,ERR,ERR,ERR,ERR,ERR,0.0,0.0,2.71842713856433e+23,2.7183478752108883e+23,-0.0,4.994564332578294e+25,8.684892913323038e+32,1.2092250211640934e+18,0,0,4,17349,7116,0.0,100,0.0,0.0,2.7183478752108883e+23,0.0,0.0,0,0,0,0,0.0,0,0,0,0,0,0,0,0,0,0,0,0,0,0,0,0,0,0,0,0,0,0,0,0,0,0,0,0,0,0,0,0,0,31,40,40,71,65476,0,300,0,0,8,21553,0.0,-107605600.0,0.0,0.0,0.0,0.0,0.0,0.0,0.0,0.0,0.0,0.0,0.0,0.0,0.0,0.0,0.0,0.0,0.0,0.0,0.0,0.0,2.004,0.0,0.0,0.0,0.0,0.0,0.0,0.0,5112.0,-2.004,6936.0,0.0,2.7184491161305116e+23,2.004,2.004,0.0,0.0,0.0,0.0,69,-0.0,5.8480572677226416e+35,0.0,0.0,0.0,0.0,0.0,0.0,0.0,0,0,0,0.0,0.0,0.0,0.0,0.0,0.0,0.0,0.0,0.0,0.0,0.0,0.0,0.0,0.0,0.0,0.0,0,-107875648.0,69,0.0,138,0.0,2.012,ERR,ERR,ERR,ERR,ERR,ERR,ERR,ERR,ERR,ERR,ERR,ERR,ERR,ERR,ERR,ERR,ERR,ERR,ERR,ERR,ERR,ERR,ERR,ERR,ERR,ERR,ERR,ERR,ERR,ERR,ERR,ERR,ERR,ERR,ERR,ERR,ERR,ERR,ERR,ERR,ERR,ERR,ERR,ERR,ERR,ERR,ERR,ERR,ERR,ERR,ERR,ERR,ERR,ERR,ERR,ERR,ERR,ERR,ERR,ERR,ERR,ERR,ERR,ERR,ERR,ERR,ERR,60.0,60.0,35,0.0,0.0,0.0,0.0,0.0,0.0,0.0,0.0,0.0,0.0,0.0,0.0,0.0,0.0,0.0,0.0,64.8,0,109,53,38,65476,0,300,0,0,8,20529,65476,0,0,2621,60.0,0.0,0.0,0.0,0.0,0.0
2026-07-09T15:44:30,ERR,ERR,ERR,ERR,ERR,ERR,ERR,ERR,ERR,ERR,ERR,ERR,ERR,ERR,ERR,ERR,ERR,ERR,ERR,ERR,ERR,ERR,ERR,ERR,ERR,ERR,ERR,ERR,ERR,ERR,ERR,ERR,ERR,ERR,ERR,ERR,ERR,ERR,ERR,ERR,ERR,ERR,ERR,ERR,ERR,ERR,ERR,ERR,ERR,ERR,ERR,ERR,ERR,ERR,ERR,ERR,ERR,ERR,ERR,ERR,ERR,ERR,ERR,ERR,ERR,ERR,ERR,ERR,ERR,ERR,ERR,ERR,ERR,ERR,ERR,ERR,ERR,ERR,ERR,ERR,ERR,ERR,ERR,ERR,ERR,ERR,ERR,ERR,ERR,ERR,ERR,ERR,ERR,ERR,ERR,ERR,ERR,ERR,ERR,ERR,ERR,ERR,ERR,ERR,ERR,ERR,ERR,ERR,ERR,ERR,ERR,ERR,ERR,ERR,ERR,ERR,ERR,ERR,ERR,ERR,ERR,ERR,ERR,ERR,ERR,0.0,0.0,2.71842713856433e+23,2.7183478752108883e+23,-0.0,4.994564332578294e+25,8.684892913323038e+32,1.2092250211640934e+18,0,0,4,17349,7116,0.0,100,0.0,0.0,2.7183478752108883e+23,0.0,0.0,0,0,0,0,0.0,0,0,0,0,0,0,0,0,0,0,0,0,0,0,0,0,0,0,0,0,0,0,0,0,0,0,0,0,0,0,0,0,0,31,40,40,71,65476,0,300,0,0,8,21553,0.0,-107605600.0,0.0,0.0,0.0,0.0,0.0,0.0,0.0,0.0,0.0,0.0,0.0,0.0,0.0,0.0,0.0,0.0,0.0,0.0,0.0,0.0,2.004,0.0,0.0,0.0,0.0,0.0,0.0,0.0,5112.0,-2.004,6936.0,0.0,2.7184491161305116e+23,2.004,2.004,0.0,0.0,0.0,0.0,69,-0.0,5.8480572677226416e+35,0.0,0.0,0.0,0.0,0.0,0.0,0.0,0,0,0,0.0,0.0,0.0,0.0,0.0,0.0,0.0,0.0,0.0,0.0,0.0,0.0,0.0,0.0,0.0,0.0,0,-107875648.0,69,0.0,138,0.0,2.012,ERR,ERR,ERR,ERR,ERR,ERR,ERR,ERR,ERR,ERR,ERR,ERR,ERR,ERR,ERR,ERR,ERR,ERR,ERR,ERR,ERR,ERR,ERR,ERR,ERR,ERR,ERR,ERR,ERR,ERR,ERR,ERR,ERR,ERR,ERR,ERR,ERR,ERR,ERR,ERR,ERR,ERR,ERR,ERR,ERR,ERR,ERR,ERR,ERR,ERR,ERR,ERR,ERR,ERR,ERR,ERR,ERR,ERR,ERR,ERR,ERR,ERR,ERR,ERR,ERR,ERR,ERR,60.0,60.0,35,0.0,0.0,0.0,0.0,0.0,0.0,0.0,0.0,0.0,0.0,0.0,0.0,0.0,0.0,0.0,0.0,64.8,0,109,53,38,65476,0,300,0,0,8,20529,65476,0,0,2621,60.0,0.0,0.0,0.0,0.0,0.0
2026-07-09T15:44:31,ERR,ERR,ERR,ERR,ERR,ERR,ERR,ERR,ERR,ERR,ERR,ERR,ERR,ERR,ERR,ERR,ERR,ERR,ERR,ERR,ERR,ERR,ERR,ERR,ERR,ERR,ERR,ERR,ERR,ERR,ERR,ERR,ERR,ERR,ERR,ERR,ERR,ERR,ERR,ERR,ERR,ERR,ERR,ERR,ERR,ERR,ERR,ERR,ERR,ERR,ERR,ERR,ERR,ERR,ERR,ERR,ERR,ERR,ERR,ERR,ERR,ERR,ERR,ERR,ERR,ERR,ERR,ERR,ERR,ERR,ERR,ERR,ERR,ERR,ERR,ERR,ERR,ERR,ERR,ERR,ERR,ERR,ERR,ERR,ERR,ERR,ERR,ERR,ERR,ERR,ERR,ERR,ERR,ERR,ERR,ERR,ERR,ERR,ERR,ERR,ERR,ERR,ERR,ERR,ERR,ERR,ERR,ERR,ERR,ERR,ERR,ERR,ERR,ERR,ERR,ERR,ERR,ERR,ERR,ERR,ERR,ERR,ERR,ERR,ERR,0.0,0.0,2.71842713856433e+23,2.7183478752108883e+23,-0.0,4.994564332578294e+25,8.684892913323038e+32,1.2092250211640934e+18,0,0,4,17349,7116,0.0,100,0.0,0.0,2.7183478752108883e+23,0.0,0.0,0,0,0,0,0.0,0,0,0,0,0,0,0,0,0,0,0,0,0,0,0,0,0,0,0,0,0,0,0,0,0,0,0,0,0,0,0,0,0,31,40,40,71,65476,0,300,0,0,8,21553,0.0,-107605600.0,0.0,0.0,0.0,0.0,0.0,0.0,0.0,0.0,0.0,0.0,0.0,0.0,0.0,0.0,0.0,0.0,0.0,0.0,0.0,0.0,2.004,0.0,0.0,0.0,0.0,0.0,0.0,0.0,5112.0,-2.004,6936.0,0.0,2.7184491161305116e+23,2.004,2.004,0.0,0.0,0.0,0.0,69,-0.0,5.8480572677226416e+35,0.0,0.0,0.0,0.0,0.0,0.0,0.0,0,0,0,0.0,0.0,0.0,0.0,0.0,0.0,0.0,0.0,0.0,0.0,0.0,0.0,0.0,0.0,0.0,0.0,0,-107875648.0,69,0.0,138,0.0,2.012,ERR,ERR,ERR,ERR,ERR,ERR,ERR,ERR,ERR,ERR,ERR,ERR,ERR,ERR,ERR,ERR,ERR,ERR,ERR,ERR,ERR,ERR,ERR,ERR,ERR,ERR,ERR,ERR,ERR,ERR,ERR,ERR,ERR,ERR,ERR,ERR,ERR,ERR,ERR,ERR,ERR,ERR,ERR,ERR,ERR,ERR,ERR,ERR,ERR,ERR,ERR,ERR,ERR,ERR,ERR,ERR,ERR,ERR,ERR,ERR,ERR,ERR,ERR,ERR,ERR,ERR,ERR,60.0,60.0,35,0.0,0.0,0.0,0.0,0.0,0.0,0.0,0.0,0.0,0.0,0.0,0.0,0.0,0.0,0.0,0.0,65.6,0,109,53,38,65476,0,300,0,0,8,20529,65476,0,0,2621,60.0,0.0,0.0,0.0,0.0,0.0
2026-07-09T15:44:32,ERR,ERR,ERR,ERR,ERR,ERR,ERR,ERR,ERR,ERR,ERR,ERR,ERR,ERR,ERR,ERR,ERR,ERR,ERR,ERR,ERR,ERR,ERR,ERR,ERR,ERR,ERR,ERR,ERR,ERR,ERR,ERR,ERR,ERR,ERR,ERR,ERR,ERR,ERR,ERR,ERR,ERR,ERR,ERR,ERR,ERR,ERR,ERR,ERR,ERR,ERR,ERR,ERR,ERR,ERR,ERR,ERR,ERR,ERR,ERR,ERR,ERR,ERR,ERR,ERR,ERR,ERR,ERR,ERR,ERR,ERR,ERR,ERR,ERR,ERR,ERR,ERR,ERR,ERR,ERR,ERR,ERR,ERR,ERR,ERR,ERR,ERR,ERR,ERR,ERR,ERR,ERR,ERR,ERR,ERR,ERR,ERR,ERR,ERR,ERR,ERR,ERR,ERR,ERR,ERR,ERR,ERR,ERR,ERR,ERR,ERR,ERR,ERR,ERR,ERR,ERR,ERR,ERR,ERR,ERR,ERR,ERR,ERR,ERR,ERR,0.0,-0.0,0.0,2.7183478752108883e+23,0.0,0.0,-9.308714091925578e+35,0.0,0,0,4,17327,7116,0.0,100,0.0,0.0,2.7183478752108883e+23,0.0,0.0,0,0,0,0,0.0,0,0,0,0,0,0,0,0,0,0,0,0,0,0,0,0,0,0,0,0,0,0,0,0,0,0,0,0,0,0,0,0,0,31,40,40,71,65476,0,300,0,0,8,21553,0.0,-107605600.0,0.0,0.0,0.0,0.0,0.0,0.0,0.0,0.0,0.0,0.0,0.0,0.0,0.0,0.0,0.0,0.0,0.0,0.0,0.0,0.0,2.004,3.697073103829362e+19,0.0,0.0,0.0,0.0,0.0,0.0,5089.0,-0.0,6929.0,0.0,-0.0,2.004,2.004,0.0,0.0,0.0,0.0,69,-3.2220127284855675e+26,0.0,0.0,0.0,0.0,0.0,0.0,0.0,0.0,0,0,0,0.0,0.0,0.0,0.0,0.0,0.0,0.0,0.0,0.0,0.0,0.0,0.0,0.0,0.0,0.0,0.0,0,-107875648.0,69,0.0,138,0.0,2.012,ERR,ERR,ERR,ERR,ERR,ERR,ERR,ERR,ERR,ERR,ERR,ERR,ERR,ERR,ERR,ERR,ERR,ERR,ERR,ERR,ERR,ERR,ERR,ERR,ERR,ERR,ERR,ERR,ERR,ERR,ERR,ERR,ERR,ERR,ERR,ERR,ERR,ERR,ERR,ERR,ERR,ERR,ERR,ERR,ERR,ERR,ERR,ERR,ERR,ERR,ERR,ERR,ERR,ERR,ERR,ERR,ERR,ERR,ERR,ERR,ERR,ERR,ERR,ERR,ERR,ERR,ERR,60.0,60.0,35,0.0,0.0,0.0,0.0,0.0,0.0,0.0,0.0,0.0,0.0,0.0,0.0,0.0,0.0,0.0,0.0,65.6,0,109,53,38,65476,0,300,0,0,8,20529,65476,0,0,2621,60.0,0.0,0.0,0.0,0.0,0.0
2026-07-09T15:44:33,ERR,ERR,ERR,ERR,ERR,ERR,ERR,ERR,ERR,ERR,ERR,ERR,ERR,ERR,ERR,ERR,ERR,ERR,ERR,ERR,ERR,ERR,ERR,ERR,ERR,ERR,ERR,ERR,ERR,ERR,ERR,ERR,ERR,ERR,ERR,ERR,ERR,ERR,ERR,ERR,ERR,ERR,ERR,ERR,ERR,ERR,ERR,ERR,ERR,ERR,ERR,ERR,ERR,ERR,ERR,ERR,ERR,ERR,ERR,ERR,ERR,ERR,ERR,ERR,ERR,ERR,ERR,ERR,ERR,ERR,ERR,ERR,ERR,ERR,ERR,ERR,ERR,ERR,ERR,ERR,ERR,ERR,ERR,ERR,ERR,ERR,ERR,ERR,ERR,ERR,ERR,ERR,ERR,ERR,ERR,ERR,ERR,ERR,ERR,ERR,ERR,ERR,ERR,ERR,ERR,ERR,ERR,ERR,ERR,ERR,ERR,ERR,ERR,ERR,ERR,ERR,ERR,ERR,ERR,ERR,ERR,ERR,ERR,ERR,ERR,0.0,-0.0,0.0,2.7183478752108883e+23,0.0,0.0,-9.308714091925578e+35,0.0,0,0,4,17327,7116,0.0,100,0.0,0.0,2.7183478752108883e+23,0.0,0.0,0,0,0,0,0.0,0,0,0,0,0,0,0,0,0,0,0,0,0,0,0,0,0,0,0,0,0,0,0,0,0,0,0,0,0,0,0,0,0,31,40,40,71,65476,0,300,0,0,8,21553,0.0,-107605600.0,0.0,0.0,0.0,0.0,0.0,0.0,0.0,0.0,0.0,0.0,0.0,0.0,0.0,0.0,0.0,0.0,0.0,0.0,0.0,0.0,2.004,3.697073103829362e+19,0.0,0.0,0.0,0.0,0.0,0.0,5089.0,-0.0,6929.0,0.0,-0.0,2.004,2.004,0.0,0.0,0.0,0.0,69,-3.2220127284855675e+26,0.0,0.0,0.0,0.0,0.0,0.0,0.0,0.0,0,0,0,0.0,0.0,0.0,0.0,0.0,0.0,0.0,0.0,0.0,0.0,0.0,0.0,0.0,0.0,0.0,0.0,0,-107875648.0,69,0.0,138,0.0,2.012,ERR,ERR,ERR,ERR,ERR,ERR,ERR,ERR,ERR,ERR,ERR,ERR,ERR,ERR,ERR,ERR,ERR,ERR,ERR,ERR,ERR,ERR,ERR,ERR,ERR,ERR,ERR,ERR,ERR,ERR,ERR,ERR,ERR,ERR,ERR,ERR,ERR,ERR,ERR,ERR,ERR,ERR,ERR,ERR,ERR,ERR,ERR,ERR,ERR,ERR,ERR,ERR,ERR,ERR,ERR,ERR,ERR,ERR,ERR,ERR,ERR,ERR,ERR,ERR,ERR,ERR,ERR,60.0,60.0,35,0.0,0.0,0.0,0.0,0.0,0.0,0.0,0.0,0.0,0.0,0.0,0.0,0.0,0.0,0.0,0.0,64.8,0,109,53,38,65476,0,300,0,0,8,20529,65476,0,0,2621,60.0,0.0,0.0,0.0,0.0,0.0
2026-07-09T15:44:34,ERR,ERR,ERR,ERR,ERR,ERR,ERR,ERR,ERR,ERR,ERR,ERR,ERR,ERR,ERR,ERR,ERR,ERR,ERR,ERR,ERR,ERR,ERR,ERR,ERR,ERR,ERR,ERR,ERR,ERR,ERR,ERR,ERR,ERR,ERR,ERR,ERR,ERR,ERR,ERR,ERR,ERR,ERR,ERR,ERR,ERR,ERR,ERR,ERR,ERR,ERR,ERR,ERR,ERR,ERR,ERR,ERR,ERR,ERR,ERR,ERR,ERR,ERR,ERR,ERR,ERR,ERR,ERR,ERR,ERR,ERR,ERR,ERR,ERR,ERR,ERR,ERR,ERR,ERR,ERR,ERR,ERR,ERR,ERR,ERR,ERR,ERR,ERR,ERR,ERR,ERR,ERR,ERR,ERR,ERR,ERR,ERR,ERR,ERR,ERR,ERR,ERR,ERR,ERR,ERR,ERR,ERR,ERR,ERR,ERR,ERR,ERR,ERR,ERR,ERR,ERR,ERR,ERR,ERR,ERR,ERR,ERR,ERR,ERR,ERR,0.0,-0.0,0.0,2.7183478752108883e+23,0.0,0.0,-9.308714091925578e+35,0.0,0,0,4,17327,7116,0.0,100,0.0,0.0,2.7183478752108883e+23,0.0,0.0,0,0,0,0,0.0,0,0,0,0,0,0,0,0,0,0,0,0,0,0,0,0,0,0,0,0,0,0,0,0,0,0,0,0,0,0,0,0,0,31,40,40,71,65476,0,300,0,0,8,21553,0.0,-107605600.0,0.0,0.0,0.0,0.0,0.0,0.0,0.0,0.0,0.0,0.0,0.0,0.0,0.0,0.0,0.0,0.0,0.0,0.0,0.0,0.0,2.004,3.697073103829362e+19,0.0,0.0,0.0,0.0,0.0,0.0,5089.0,-0.0,6929.0,0.0,-0.0,2.004,2.004,0.0,0.0,0.0,0.0,69,-3.2220127284855675e+26,0.0,0.0,0.0,0.0,0.0,0.0,0.0,0.0,0,0,0,0.0,0.0,0.0,0.0,0.0,0.0,0.0,0.0,0.0,0.0,0.0,0.0,0.0,0.0,0.0,0.0,0,-107875648.0,69,0.0,138,0.0,2.012,ERR,ERR,ERR,ERR,ERR,ERR,ERR,ERR,ERR,ERR,ERR,ERR,ERR,ERR,ERR,ERR,ERR,ERR,ERR,ERR,ERR,ERR,ERR,ERR,ERR,ERR,ERR,ERR,ERR,ERR,ERR,ERR,ERR,ERR,ERR,ERR,ERR,ERR,ERR,ERR,ERR,ERR,ERR,ERR,ERR,ERR,ERR,ERR,ERR,ERR,ERR,ERR,ERR,ERR,ERR,ERR,ERR,ERR,ERR,ERR,ERR,ERR,ERR,ERR,ERR,ERR,ERR,60.0,60.0,35,0.0,0.0,0.0,0.0,0.0,0.0,0.0,0.0,0.0,0.0,0.0,0.0,0.0,0.0,0.0,0.0,64.8,0,109,53,38,65476,0,300,0,0,8,20529,65476,0,0,2621,60.0,0.0,0.0,0.0,0.0,0.0
2026-07-09T15:44:35,ERR,ERR,ERR,ERR,ERR,ERR,ERR,ERR,ERR,ERR,ERR,ERR,ERR,ERR,ERR,ERR,ERR,ERR,ERR,ERR,ERR,ERR,ERR,ERR,ERR,ERR,ERR,ERR,ERR,ERR,ERR,ERR,ERR,ERR,ERR,ERR,ERR,ERR,ERR,ERR,ERR,ERR,ERR,ERR,ERR,ERR,ERR,ERR,ERR,ERR,ERR,ERR,ERR,ERR,ERR,ERR,ERR,ERR,ERR,ERR,ERR,ERR,ERR,ERR,ERR,ERR,ERR,ERR,ERR,ERR,ERR,ERR,ERR,ERR,ERR,ERR,ERR,ERR,ERR,ERR,ERR,ERR,ERR,ERR,ERR,ERR,ERR,ERR,ERR,ERR,ERR,ERR,ERR,ERR,ERR,ERR,ERR,ERR,ERR,ERR,ERR,ERR,ERR,ERR,ERR,ERR,ERR,ERR,ERR,ERR,ERR,ERR,ERR,ERR,ERR,ERR,ERR,ERR,ERR,ERR,ERR,ERR,ERR,ERR,ERR,0.0,-0.0,0.0,2.7183478752108883e+23,0.0,0.0,-9.308714091925578e+35,0.0,0,0,4,17327,7116,0.0,100,0.0,0.0,2.7183478752108883e+23,0.0,0.0,0,0,0,0,0.0,0,0,0,0,0,0,0,0,0,0,0,0,0,0,0,0,0,0,0,0,0,0,0,0,0,0,0,0,0,0,0,0,0,31,40,40,71,65476,0,300,0,0,8,21553,0.0,-107605600.0,0.0,0.0,0.0,0.0,0.0,0.0,0.0,0.0,0.0,0.0,0.0,0.0,0.0,0.0,0.0,0.0,0.0,0.0,0.0,0.0,2.004,3.697073103829362e+19,0.0,0.0,0.0,0.0,0.0,0.0,5089.0,-0.0,6929.0,0.0,-0.0,2.004,2.004,0.0,0.0,0.0,0.0,69,-3.2220127284855675e+26,0.0,0.0,0.0,0.0,0.0,0.0,0.0,0.0,0,0,0,0.0,0.0,0.0,0.0,0.0,0.0,0.0,0.0,0.0,0.0,0.0,0.0,0.0,0.0,0.0,0.0,0,-107875648.0,69,0.0,138,0.0,2.012,ERR,ERR,ERR,ERR,ERR,ERR,ERR,ERR,ERR,ERR,ERR,ERR,ERR,ERR,ERR,ERR,ERR,ERR,ERR,ERR,ERR,ERR,ERR,ERR,ERR,ERR,ERR,ERR,ERR,ERR,ERR,ERR,ERR,ERR,ERR,ERR,ERR,ERR,ERR,ERR,ERR,ERR,ERR,ERR,ERR,ERR,ERR,ERR,ERR,ERR,ERR,ERR,ERR,ERR,ERR,ERR,ERR,ERR,ERR,ERR,ERR,ERR,ERR,ERR,ERR,ERR,ERR,60.0,60.0,35,0.0,0.0,0.0,0.0,0.0,0.0,0.0,0.0,0.0,0.0,0.0,0.0,0.0,0.0,0.0,0.0,64.8,0,108,52,38,65476,0,300,0,0,8,20529,65476,0,0,2621,60.0,0.0,0.0,0.0,0.0,0.0
2026-07-09T15:44:36,ERR,ERR,ERR,ERR,ERR,ERR,ERR,ERR,ERR,ERR,ERR,ERR,ERR,ERR,ERR,ERR,ERR,ERR,ERR,ERR,ERR,ERR,ERR,ERR,ERR,ERR,ERR,ERR,ERR,ERR,ERR,ERR,ERR,ERR,ERR,ERR,ERR,ERR,ERR,ERR,ERR,ERR,ERR,ERR,ERR,ERR,ERR,ERR,ERR,ERR,ERR,ERR,ERR,ERR,ERR,ERR,ERR,ERR,ERR,ERR,ERR,ERR,ERR,ERR,ERR,ERR,ERR,ERR,ERR,ERR,ERR,ERR,ERR,ERR,ERR,ERR,ERR,ERR,ERR,ERR,ERR,ERR,ERR,ERR,ERR,ERR,ERR,ERR,ERR,ERR,ERR,ERR,ERR,ERR,ERR,ERR,ERR,ERR,ERR,ERR,ERR,ERR,ERR,ERR,ERR,ERR,ERR,ERR,ERR,ERR,ERR,ERR,ERR,ERR,ERR,ERR,ERR,ERR,ERR,ERR,ERR,ERR,ERR,ERR,ERR,0.0,-0.0,0.0,2.7183478752108883e+23,0.0,0.0,-9.308714091925578e+35,0.0,0,0,4,17327,7116,0.0,100,0.0,0.0,2.7183478752108883e+23,0.0,0.0,0,0,0,0,0.0,0,0,0,0,0,0,0,0,0,0,0,0,0,0,0,0,0,0,0,0,0,0,0,0,0,0,0,0,0,0,0,0,0,31,40,40,71,65476,0,300,0,0,8,21553,0.0,-107605600.0,0.0,0.0,0.0,0.0,0.0,0.0,0.0,0.0,0.0,0.0,0.0,0.0,0.0,0.0,0.0,0.0,0.0,0.0,0.0,0.0,2.004,3.697073103829362e+19,0.0,0.0,0.0,0.0,0.0,0.0,5089.0,-0.0,6929.0,0.0,-0.0,2.004,2.004,0.0,0.0,0.0,0.0,69,-3.2220127284855675e+26,0.0,0.0,0.0,0.0,0.0,0.0,0.0,0.0,0,0,0,0.0,0.0,0.0,0.0,0.0,0.0,0.0,0.0,0.0,0.0,0.0,0.0,0.0,0.0,0.0,0.0,0,-107875648.0,69,0.0,138,0.0,2.012,ERR,ERR,ERR,ERR,ERR,ERR,ERR,ERR,ERR,ERR,ERR,ERR,ERR,ERR,ERR,ERR,ERR,ERR,ERR,ERR,ERR,ERR,ERR,ERR,ERR,ERR,ERR,ERR,ERR,ERR,ERR,ERR,ERR,ERR,ERR,ERR,ERR,ERR,ERR,ERR,ERR,ERR,ERR,ERR,ERR,ERR,ERR,ERR,ERR,ERR,ERR,ERR,ERR,ERR,ERR,ERR,ERR,ERR,ERR,ERR,ERR,ERR,ERR,ERR,ERR,ERR,ERR,60.0,60.0,35,0.0,0.0,0.0,0.0,0.0,0.0,0.0,0.0,0.0,0.0,0.0,0.0,0.0,0.0,0.0,0.0,64.8,0,108,52,38,65476,0,300,0,0,8,20529,65476,0,0,2621,60.0,0.0,0.0,0.0,0.0,0.0
2026-07-09T15:44:37,ERR,ERR,ERR,ERR,ERR,ERR,ERR,ERR,ERR,ERR,ERR,ERR,ERR,ERR,ERR,ERR,ERR,ERR,ERR,ERR,ERR,ERR,ERR,ERR,ERR,ERR,ERR,ERR,ERR,ERR,ERR,ERR,ERR,ERR,ERR,ERR,ERR,ERR,ERR,ERR,ERR,ERR,ERR,ERR,ERR,ERR,ERR,ERR,ERR,ERR,ERR,ERR,ERR,ERR,ERR,ERR,ERR,ERR,ERR,ERR,ERR,ERR,ERR,ERR,ERR,ERR,ERR,ERR,ERR,ERR,ERR,ERR,ERR,ERR,ERR,ERR,ERR,ERR,ERR,ERR,ERR,ERR,ERR,ERR,ERR,ERR,ERR,ERR,ERR,ERR,ERR,ERR,ERR,ERR,ERR,ERR,ERR,ERR,ERR,ERR,ERR,ERR,ERR,ERR,ERR,ERR,ERR,ERR,ERR,ERR,ERR,ERR,ERR,ERR,ERR,ERR,ERR,ERR,ERR,ERR,ERR,ERR,ERR,ERR,ERR,0.0,0.0,0.0,-107611616.0,3.697479923131639e+19,4.215097630538921e+32,8884007731200.0,0.0,0,0,4,17341,7116,0.0,100,0.0,0.0,-0.0,0.0,0.0,0,0,0,0,0.0,0,0,0,0,0,0,0,0,0,0,0,0,0,0,0,0,0,0,0,0,0,0,0,0,0,0,0,0,0,0,0,0,0,31,40,40,71,65476,0,300,0,0,8,21553,0.0,-107605600.0,0.0,0.0,0.0,0.0,0.0,0.0,0.0,0.0,0.0,0.0,0.0,0.0,0.0,0.0,0.0,0.0,0.0,0.0,0.0,0.0,2.004,-2.004,0.0,0.0,0.0,0.0,0.0,0.0,5105.0,1.0406657522389839e+34,6928.0,0.0,0.0,2.004,2.004,0.0,0.0,0.0,0.0,69,0.0,0.0,0.0,0.0,0.0,0.0,0.0,0.0,0.0,0,0,0,0.0,0.0,0.0,0.0,0.0,0.0,0.0,0.0,0.0,0.0,0.0,0.0,0.0,0.0,0.0,0.0,0,-107875648.0,69,0.0,138,0.0,2.012,ERR,ERR,ERR,ERR,ERR,ERR,ERR,ERR,ERR,ERR,ERR,ERR,ERR,ERR,ERR,ERR,ERR,ERR,ERR,ERR,ERR,ERR,ERR,ERR,ERR,ERR,ERR,ERR,ERR,ERR,ERR,ERR,ERR,ERR,ERR,ERR,ERR,ERR,ERR,ERR,ERR,ERR,ERR,ERR,ERR,ERR,ERR,ERR,ERR,ERR,ERR,ERR,ERR,ERR,ERR,ERR,ERR,ERR,ERR,ERR,ERR,ERR,ERR,ERR,ERR,ERR,ERR,60.0,60.0,35,0.0,0.0,0.0,0.0,0.0,0.0,0.0,0.0,0.0,0.0,0.0,0.0,0.0,0.0,0.0,0.0,64.8,0,108,52,38,65476,0,300,0,0,8,20529,65476,0,0,2621,60.0,0.0,0.0,0.0,0.0,0.0
2026-07-09T15:44:38,ERR,ERR,ERR,ERR,ERR,ERR,ERR,ERR,ERR,ERR,ERR,ERR,ERR,ERR,ERR,ERR,ERR,ERR,ERR,ERR,ERR,ERR,ERR,ERR,ERR,ERR,ERR,ERR,ERR,ERR,ERR,ERR,ERR,ERR,ERR,ERR,ERR,ERR,ERR,ERR,ERR,ERR,ERR,ERR,ERR,ERR,ERR,ERR,ERR,ERR,ERR,ERR,ERR,ERR,ERR,ERR,ERR,ERR,ERR,ERR,ERR,ERR,ERR,ERR,ERR,ERR,ERR,ERR,ERR,ERR,ERR,ERR,ERR,ERR,ERR,ERR,ERR,ERR,ERR,ERR,ERR,ERR,ERR,ERR,ERR,ERR,ERR,ERR,ERR,ERR,ERR,ERR,ERR,ERR,ERR,ERR,ERR,ERR,ERR,ERR,ERR,ERR,ERR,ERR,ERR,ERR,ERR,ERR,ERR,ERR,ERR,ERR,ERR,ERR,ERR,ERR,ERR,ERR,ERR,ERR,ERR,ERR,ERR,ERR,ERR,0.0,0.0,0.0,-107611616.0,3.697479923131639e+19,4.215097630538921e+32,8884007731200.0,0.0,0,0,4,17341,7116,0.0,100,0.0,0.0,-0.0,0.0,0.0,0,0,0,0,0.0,0,0,0,0,0,0,0,0,0,0,0,0,0,0,0,0,0,0,0,0,0,0,0,0,0,0,0,0,0,0,0,0,0,31,40,40,71,65476,0,300,0,0,8,21553,0.0,-107605600.0,0.0,0.0,0.0,0.0,0.0,0.0,0.0,0.0,0.0,0.0,0.0,0.0,0.0,0.0,0.0,0.0,0.0,0.0,0.0,0.0,2.004,-2.004,0.0,0.0,0.0,0.0,0.0,0.0,5105.0,1.0406657522389839e+34,6928.0,0.0,0.0,2.004,2.004,0.0,0.0,0.0,0.0,69,0.0,0.0,0.0,0.0,0.0,0.0,0.0,0.0,0.0,0,0,0,0.0,0.0,0.0,0.0,0.0,0.0,0.0,0.0,0.0,0.0,0.0,0.0,0.0,0.0,0.0,0.0,0,-107875648.0,69,0.0,138,0.0,2.012,ERR,ERR,ERR,ERR,ERR,ERR,ERR,ERR,ERR,ERR,ERR,ERR,ERR,ERR,ERR,ERR,ERR,ERR,ERR,ERR,ERR,ERR,ERR,ERR,ERR,ERR,ERR,ERR,ERR,ERR,ERR,ERR,ERR,ERR,ERR,ERR,ERR,ERR,ERR,ERR,ERR,ERR,ERR,ERR,ERR,ERR,ERR,ERR,ERR,ERR,ERR,ERR,ERR,ERR,ERR,ERR,ERR,ERR,ERR,ERR,ERR,ERR,ERR,ERR,ERR,ERR,ERR,60.0,60.0,35,0.0,0.0,0.0,0.0,0.0,0.0,0.0,0.0,0.0,0.0,0.0,0.0,0.0,0.0,0.0,0.0,64.8,0,108,52,38,65476,0,300,0,0,8,20529,65476,0,0,2621,60.0,0.0,0.0,0.0,0.0,0.0
2026-07-09T15:44:39,ERR,ERR,ERR,ERR,ERR,ERR,ERR,ERR,ERR,ERR,ERR,ERR,ERR,ERR,ERR,ERR,ERR,ERR,ERR,ERR,ERR,ERR,ERR,ERR,ERR,ERR,ERR,ERR,ERR,ERR,ERR,ERR,ERR,ERR,ERR,ERR,ERR,ERR,ERR,ERR,ERR,ERR,ERR,ERR,ERR,ERR,ERR,ERR,ERR,ERR,ERR,ERR,ERR,ERR,ERR,ERR,ERR,ERR,ERR,ERR,ERR,ERR,ERR,ERR,ERR,ERR,ERR,ERR,ERR,ERR,ERR,ERR,ERR,ERR,ERR,ERR,ERR,ERR,ERR,ERR,ERR,ERR,ERR,ERR,ERR,ERR,ERR,ERR,ERR,ERR,ERR,ERR,ERR,ERR,ERR,ERR,ERR,ERR,ERR,ERR,ERR,ERR,ERR,ERR,ERR,ERR,ERR,ERR,ERR,ERR,ERR,ERR,ERR,ERR,ERR,ERR,ERR,ERR,ERR,ERR,ERR,ERR,ERR,ERR,ERR,0.0,0.0,0.0,-107611616.0,3.697479923131639e+19,4.215097630538921e+32,8884007731200.0,0.0,0,0,4,17341,7116,0.0,100,0.0,0.0,-0.0,0.0,0.0,0,0,0,0,0.0,0,0,0,0,0,0,0,0,0,0,0,0,0,0,0,0,0,0,0,0,0,0,0,0,0,0,0,0,0,0,0,0,0,31,40,40,71,65476,0,300,0,0,8,21553,0.0,-107605600.0,0.0,0.0,0.0,0.0,0.0,0.0,0.0,0.0,0.0,0.0,0.0,0.0,0.0,0.0,0.0,0.0,0.0,0.0,0.0,0.0,2.004,-2.004,0.0,0.0,0.0,0.0,0.0,0.0,5105.0,1.0406657522389839e+34,6928.0,0.0,0.0,2.004,2.004,0.0,0.0,0.0,0.0,69,0.0,0.0,0.0,0.0,0.0,0.0,0.0,0.0,0.0,0,0,0,0.0,0.0,0.0,0.0,0.0,0.0,0.0,0.0,0.0,0.0,0.0,0.0,0.0,0.0,0.0,0.0,0,-107875648.0,69,0.0,138,0.0,2.012,ERR,ERR,ERR,ERR,ERR,ERR,ERR,ERR,ERR,ERR,ERR,ERR,ERR,ERR,ERR,ERR,ERR,ERR,ERR,ERR,ERR,ERR,ERR,ERR,ERR,ERR,ERR,ERR,ERR,ERR,ERR,ERR,ERR,ERR,ERR,ERR,ERR,ERR,ERR,ERR,ERR,ERR,ERR,ERR,ERR,ERR,ERR,ERR,ERR,ERR,ERR,ERR,ERR,ERR,ERR,ERR,ERR,ERR,ERR,ERR,ERR,ERR,ERR,ERR,ERR,ERR,ERR,60.0,60.0,35,0.0,0.0,0.0,0.0,0.0,0.0,0.0,0.0,0.0,0.0,0.0,0.0,0.0,0.0,0.0,0.0,64.8,0,108,52,38,65476,0,300,0,0,8,20529,65476,0,0,2621,60.0,0.0,0.0,0.0,0.0,0.0
2026-07-09T15:44:40,ERR,ERR,ERR,ERR,ERR,ERR,ERR,ERR,ERR,ERR,ERR,ERR,ERR,ERR,ERR,ERR,ERR,ERR,ERR,ERR,ERR,ERR,ERR,ERR,ERR,ERR,ERR,ERR,ERR,ERR,ERR,ERR,ERR,ERR,ERR,ERR,ERR,ERR,ERR,ERR,ERR,ERR,ERR,ERR,ERR,ERR,ERR,ERR,ERR,ERR,ERR,ERR,ERR,ERR,ERR,ERR,ERR,ERR,ERR,ERR,ERR,ERR,ERR,ERR,ERR,ERR,ERR,ERR,ERR,ERR,ERR,ERR,ERR,ERR,ERR,ERR,ERR,ERR,ERR,ERR,ERR,ERR,ERR,ERR,ERR,ERR,ERR,ERR,ERR,ERR,ERR,ERR,ERR,ERR,ERR,ERR,ERR,ERR,ERR,ERR,ERR,ERR,ERR,ERR,ERR,ERR,ERR,ERR,ERR,ERR,ERR,ERR,ERR,ERR,ERR,ERR,ERR,ERR,ERR,ERR,ERR,ERR,ERR,ERR,ERR,0.0,0.0,0.0,-107611616.0,3.697479923131639e+19,4.215097630538921e+32,8884007731200.0,0.0,0,0,4,17341,7116,0.0,100,0.0,0.0,-0.0,0.0,0.0,0,0,0,0,0.0,0,0,0,0,0,0,0,0,0,0,0,0,0,0,0,0,0,0,0,0,0,0,0,0,0,0,0,0,0,0,0,0,0,31,40,40,71,65476,0,300,0,0,8,21553,0.0,-107605600.0,0.0,0.0,0.0,0.0,0.0,0.0,0.0,0.0,0.0,0.0,0.0,0.0,0.0,0.0,0.0,0.0,0.0,0.0,0.0,0.0,2.004,-2.004,0.0,0.0,0.0,0.0,0.0,0.0,5105.0,1.0406657522389839e+34,6928.0,0.0,0.0,2.004,2.004,0.0,0.0,0.0,0.0,69,0.0,0.0,0.0,0.0,0.0,0.0,0.0,0.0,0.0,0,0,0,0.0,0.0,0.0,0.0,0.0,0.0,0.0,0.0,0.0,0.0,0.0,0.0,0.0,0.0,0.0,0.0,0,-107875648.0,69,0.0,138,0.0,2.012,ERR,ERR,ERR,ERR,ERR,ERR,ERR,ERR,ERR,ERR,ERR,ERR,ERR,ERR,ERR,ERR,ERR,ERR,ERR,ERR,ERR,ERR,ERR,ERR,ERR,ERR,ERR,ERR,ERR,ERR,ERR,ERR,ERR,ERR,ERR,ERR,ERR,ERR,ERR,ERR,ERR,ERR,ERR,ERR,ERR,ERR,ERR,ERR,ERR,ERR,ERR,ERR,ERR,ERR,ERR,ERR,ERR,ERR,ERR,ERR,ERR,ERR,ERR,ERR,ERR,ERR,ERR,60.0,60.0,35,0.0,0.0,0.0,0.0,0.0,0.0,0.0,0.0,0.0,0.0,0.0,0.0,0.0,0.0,0.0,0.0,64.8,0,108,52,38,65476,0,300,0,0,8,20529,65476,0,0,2621,60.0,0.0,0.0,0.0,0.0,0.0
2026-07-09T15:44:41,ERR,ERR,ERR,ERR,ERR,ERR,ERR,ERR,ERR,ERR,ERR,ERR,ERR,ERR,ERR,ERR,ERR,ERR,ERR,ERR,ERR,ERR,ERR,ERR,ERR,ERR,ERR,ERR,ERR,ERR,ERR,ERR,ERR,ERR,ERR,ERR,ERR,ERR,ERR,ERR,ERR,ERR,ERR,ERR,ERR,ERR,ERR,ERR,ERR,ERR,ERR,ERR,ERR,ERR,ERR,ERR,ERR,ERR,ERR,ERR,ERR,ERR,ERR,ERR,ERR,ERR,ERR,ERR,ERR,ERR,ERR,ERR,ERR,ERR,ERR,ERR,ERR,ERR,ERR,ERR,ERR,ERR,ERR,ERR,ERR,ERR,ERR,ERR,ERR,ERR,ERR,ERR,ERR,ERR,ERR,ERR,ERR,ERR,ERR,ERR,ERR,ERR,ERR,ERR,ERR,ERR,ERR,ERR,ERR,ERR,ERR,ERR,ERR,ERR,ERR,ERR,ERR,ERR,ERR,ERR,ERR,ERR,ERR,ERR,ERR,0.0,0.0,0.0,-107611616.0,3.697479923131639e+19,4.215097630538921e+32,8884007731200.0,0.0,0,0,4,17341,7116,0.0,100,0.0,0.0,-0.0,0.0,0.0,0,0,0,0,0.0,0,0,0,0,0,0,0,0,0,0,0,0,0,0,0,0,0,0,0,0,0,0,0,0,0,0,0,0,0,0,0,0,0,31,40,40,71,65476,0,300,0,0,8,21553,0.0,-107605600.0,0.0,0.0,0.0,0.0,0.0,0.0,0.0,0.0,0.0,0.0,0.0,0.0,0.0,0.0,0.0,0.0,0.0,0.0,0.0,0.0,2.004,-2.004,0.0,0.0,0.0,0.0,0.0,0.0,5105.0,1.0406657522389839e+34,6928.0,0.0,0.0,2.004,2.004,0.0,0.0,0.0,0.0,69,0.0,0.0,0.0,0.0,0.0,0.0,0.0,0.0,0.0,0,0,0,0.0,0.0,0.0,0.0,0.0,0.0,0.0,0.0,0.0,0.0,0.0,0.0,0.0,0.0,0.0,0.0,0,-107875648.0,69,0.0,138,0.0,2.012,ERR,ERR,ERR,ERR,ERR,ERR,ERR,ERR,ERR,ERR,ERR,ERR,ERR,ERR,ERR,ERR,ERR,ERR,ERR,ERR,ERR,ERR,ERR,ERR,ERR,ERR,ERR,ERR,ERR,ERR,ERR,ERR,ERR,ERR,ERR,ERR,ERR,ERR,ERR,ERR,ERR,ERR,ERR,ERR,ERR,ERR,ERR,ERR,ERR,ERR,ERR,ERR,ERR,ERR,ERR,ERR,ERR,ERR,ERR,ERR,ERR,ERR,ERR,ERR,ERR,ERR,ERR,60.0,60.0,35,0.0,0.0,0.0,0.0,0.0,0.0,0.0,0.0,0.0,0.0,0.0,0.0,0.0,0.0,0.0,0.0,64.8,0,108,52,38,65476,0,300,0,0,8,20529,65476,0,0,2621,60.0,0.0,0.0,0.0,0.0,0.0
2026-07-09T15:44:42,ERR,ERR,ERR,ERR,ERR,ERR,ERR,ERR,ERR,ERR,ERR,ERR,ERR,ERR,ERR,ERR,ERR,ERR,ERR,ERR,ERR,ERR,ERR,ERR,ERR,ERR,ERR,ERR,ERR,ERR,ERR,ERR,ERR,ERR,ERR,ERR,ERR,ERR,ERR,ERR,ERR,ERR,ERR,ERR,ERR,ERR,ERR,ERR,ERR,ERR,ERR,ERR,ERR,ERR,ERR,ERR,ERR,ERR,ERR,ERR,ERR,ERR,ERR,ERR,ERR,ERR,ERR,ERR,ERR,ERR,ERR,ERR,ERR,ERR,ERR,ERR,ERR,ERR,ERR,ERR,ERR,ERR,ERR,ERR,ERR,ERR,ERR,ERR,ERR,ERR,ERR,ERR,ERR,ERR,ERR,ERR,ERR,ERR,ERR,ERR,ERR,ERR,ERR,ERR,ERR,ERR,ERR,ERR,ERR,ERR,ERR,ERR,ERR,ERR,ERR,ERR,ERR,ERR,ERR,ERR,ERR,ERR,ERR,ERR,ERR,0.0,0.0,0.0,-107611616.0,-25941886976.0,0.0,0.0,0.0,0,0,4,17342,7116,0.0,100,0.0,0.0,-107611616.0,0.0,0.0,0,0,0,0,0.0,0,0,0,0,0,0,0,0,0,0,0,0,0,0,0,0,0,0,0,0,0,0,0,0,0,0,0,0,0,0,0,0,0,31,40,40,71,65476,0,300,0,0,8,21553,0.0,-107605600.0,0.0,0.0,0.0,0.0,0.0,0.0,0.0,0.0,0.0,0.0,0.0,0.0,0.0,0.0,0.0,0.0,0.0,0.0,0.0,0.0,2.004,3.697073543634013e+19,0.0,0.0,0.0,0.0,0.0,0.0,5117.0,2.4229887692234103e+24,6925.0,0.0,0.0,2.004,2.004,0.0,0.0,0.0,0.0,69,0.059,0.0,0.0,0.0,0.0,0.0,0.0,0.0,0.0,0,0,0,0.0,0.0,0.0,0.0,0.0,0.0,0.0,0.0,0.0,0.0,0.0,0.0,0.0,0.0,0.0,0.0,0,-107875648.0,69,0.0,138,0.0,2.012,ERR,ERR,ERR,ERR,ERR,ERR,ERR,ERR,ERR,ERR,ERR,ERR,ERR,ERR,ERR,ERR,ERR,ERR,ERR,ERR,ERR,ERR,ERR,ERR,ERR,ERR,ERR,ERR,ERR,ERR,ERR,ERR,ERR,ERR,ERR,ERR,ERR,ERR,ERR,ERR,ERR,ERR,ERR,ERR,ERR,ERR,ERR,ERR,ERR,ERR,ERR,ERR,ERR,ERR,ERR,ERR,ERR,ERR,ERR,ERR,ERR,ERR,ERR,ERR,ERR,ERR,ERR,60.0,60.0,35,0.0,0.0,0.0,0.0,0.0,0.0,0.0,0.0,0.0,0.0,0.0,0.0,0.0,0.0,0.0,0.0,64.8,0,108,52,38,65476,0,300,0,0,8,20529,65476,0,0,2621,60.0,0.0,0.0,0.0,0.0,0.0
2026-07-09T15:44:43,ERR,ERR,ERR,ERR,ERR,ERR,ERR,ERR,ERR,ERR,ERR,ERR,ERR,ERR,ERR,ERR,ERR,ERR,ERR,ERR,ERR,ERR,ERR,ERR,ERR,ERR,ERR,ERR,ERR,ERR,ERR,ERR,ERR,ERR,ERR,ERR,ERR,ERR,ERR,ERR,ERR,ERR,ERR,ERR,ERR,ERR,ERR,ERR,ERR,ERR,ERR,ERR,ERR,ERR,ERR,ERR,ERR,ERR,ERR,ERR,ERR,ERR,ERR,ERR,ERR,ERR,ERR,ERR,ERR,ERR,ERR,ERR,ERR,ERR,ERR,ERR,ERR,ERR,ERR,ERR,ERR,ERR,ERR,ERR,ERR,ERR,ERR,ERR,ERR,ERR,ERR,ERR,ERR,ERR,ERR,ERR,ERR,ERR,ERR,ERR,ERR,ERR,ERR,ERR,ERR,ERR,ERR,ERR,ERR,ERR,ERR,ERR,ERR,ERR,ERR,ERR,ERR,ERR,ERR,ERR,ERR,ERR,ERR,ERR,ERR,0.0,0.0,0.0,-107611616.0,-25941886976.0,0.0,0.0,0.0,0,0,4,17342,7116,0.0,100,0.0,0.0,-107611616.0,0.0,0.0,0,0,0,0,0.0,0,0,0,0,0,0,0,0,0,0,0,0,0,0,0,0,0,0,0,0,0,0,0,0,0,0,0,0,0,0,0,0,0,31,40,40,71,65476,0,300,0,0,8,21553,0.0,-107605600.0,0.0,0.0,0.0,0.0,0.0,0.0,0.0,0.0,0.0,0.0,0.0,0.0,0.0,0.0,0.0,0.0,0.0,0.0,0.0,0.0,2.004,3.697073543634013e+19,0.0,0.0,0.0,0.0,0.0,0.0,5117.0,2.4229887692234103e+24,6925.0,0.0,0.0,2.004,2.004,0.0,0.0,0.0,0.0,69,0.059,0.0,0.0,0.0,0.0,0.0,0.0,0.0,0.0,0,0,0,0.0,0.0,0.0,0.0,0.0,0.0,0.0,0.0,0.0,0.0,0.0,0.0,0.0,0.0,0.0,0.0,0,-107875648.0,69,0.0,138,0.0,2.012,ERR,ERR,ERR,ERR,ERR,ERR,ERR,ERR,ERR,ERR,ERR,ERR,ERR,ERR,ERR,ERR,ERR,ERR,ERR,ERR,ERR,ERR,ERR,ERR,ERR,ERR,ERR,ERR,ERR,ERR,ERR,ERR,ERR,ERR,ERR,ERR,ERR,ERR,ERR,ERR,ERR,ERR,ERR,ERR,ERR,ERR,ERR,ERR,ERR,ERR,ERR,ERR,ERR,ERR,ERR,ERR,ERR,ERR,ERR,ERR,ERR,ERR,ERR,ERR,ERR,ERR,ERR,60.0,60.0,35,0.0,0.0,0.0,0.0,0.0,0.0,0.0,0.0,0.0,0.0,0.0,0.0,0.0,0.0,0.0,0.0,65.6,0,108,52,38,65476,0,300,0,0,8,20529,65476,0,0,2621,60.0,0.0,0.0,0.0,0.0,0.0
2026-07-09T15:44:44,ERR,ERR,ERR,ERR,ERR,ERR,ERR,ERR,ERR,ERR,ERR,ERR,ERR,ERR,ERR,ERR,ERR,ERR,ERR,ERR,ERR,ERR,ERR,ERR,ERR,ERR,ERR,ERR,ERR,ERR,ERR,ERR,ERR,ERR,ERR,ERR,ERR,ERR,ERR,ERR,ERR,ERR,ERR,ERR,ERR,ERR,ERR,ERR,ERR,ERR,ERR,ERR,ERR,ERR,ERR,ERR,ERR,ERR,ERR,ERR,ERR,ERR,ERR,ERR,ERR,ERR,ERR,ERR,ERR,ERR,ERR,ERR,ERR,ERR,ERR,ERR,ERR,ERR,ERR,ERR,ERR,ERR,ERR,ERR,ERR,ERR,ERR,ERR,ERR,ERR,ERR,ERR,ERR,ERR,ERR,ERR,ERR,ERR,ERR,ERR,ERR,ERR,ERR,ERR,ERR,ERR,ERR,ERR,ERR,ERR,ERR,ERR,ERR,ERR,ERR,ERR,ERR,ERR,ERR,ERR,ERR,ERR,ERR,ERR,ERR,0.0,0.0,0.0,-107611616.0,-25941886976.0,0.0,0.0,0.0,0,0,4,17342,7116,0.0,100,0.0,0.0,-107611616.0,0.0,0.0,0,0,0,0,0.0,0,0,0,0,0,0,0,0,0,0,0,0,0,0,0,0,0,0,0,0,0,0,0,0,0,0,0,0,0,0,0,0,0,31,40,40,71,65476,0,300,0,0,8,21553,0.0,-107605600.0,0.0,0.0,0.0,0.0,0.0,0.0,0.0,0.0,0.0,0.0,0.0,0.0,0.0,0.0,0.0,0.0,0.0,0.0,0.0,0.0,2.004,3.697073543634013e+19,0.0,0.0,0.0,0.0,0.0,0.0,5117.0,2.4229887692234103e+24,6925.0,0.0,0.0,2.004,2.004,0.0,0.0,0.0,0.0,69,0.059,0.0,0.0,0.0,0.0,0.0,0.0,0.0,0.0,0,0,0,0.0,0.0,0.0,0.0,0.0,0.0,0.0,0.0,0.0,0.0,0.0,0.0,0.0,0.0,0.0,0.0,0,-107875648.0,69,0.0,138,0.0,2.012,ERR,ERR,ERR,ERR,ERR,ERR,ERR,ERR,ERR,ERR,ERR,ERR,ERR,ERR,ERR,ERR,ERR,ERR,ERR,ERR,ERR,ERR,ERR,ERR,ERR,ERR,ERR,ERR,ERR,ERR,ERR,ERR,ERR,ERR,ERR,ERR,ERR,ERR,ERR,ERR,ERR,ERR,ERR,ERR,ERR,ERR,ERR,ERR,ERR,ERR,ERR,ERR,ERR,ERR,ERR,ERR,ERR,ERR,ERR,ERR,ERR,ERR,ERR,ERR,ERR,ERR,ERR,60.0,60.0,35,0.0,0.0,0.0,0.0,0.0,0.0,0.0,0.0,0.0,0.0,0.0,0.0,0.0,0.0,0.0,0.0,65.2,0,108,52,38,65476,0,300,0,0,8,20529,65476,0,0,2621,60.0,0.0,0.0,0.0,0.0,0.0
2026-07-09T15:44:45,ERR,ERR,ERR,ERR,ERR,ERR,ERR,ERR,ERR,ERR,ERR,ERR,ERR,ERR,ERR,ERR,ERR,ERR,ERR,ERR,ERR,ERR,ERR,ERR,ERR,ERR,ERR,ERR,ERR,ERR,ERR,ERR,ERR,ERR,ERR,ERR,ERR,ERR,ERR,ERR,ERR,ERR,ERR,ERR,ERR,ERR,ERR,ERR,ERR,ERR,ERR,ERR,ERR,ERR,ERR,ERR,ERR,ERR,ERR,ERR,ERR,ERR,ERR,ERR,ERR,ERR,ERR,ERR,ERR,ERR,ERR,ERR,ERR,ERR,ERR,ERR,ERR,ERR,ERR,ERR,ERR,ERR,ERR,ERR,ERR,ERR,ERR,ERR,ERR,ERR,ERR,ERR,ERR,ERR,ERR,ERR,ERR,ERR,ERR,ERR,ERR,ERR,ERR,ERR,ERR,ERR,ERR,ERR,ERR,ERR,ERR,ERR,ERR,ERR,ERR,ERR,ERR,ERR,ERR,ERR,ERR,ERR,ERR,ERR,ERR,0.0,0.0,0.0,-107611616.0,-25941886976.0,0.0,0.0,0.0,0,0,4,17342,7116,0.0,100,0.0,0.0,-107611616.0,0.0,0.0,0,0,0,0,0.0,0,0,0,0,0,0,0,0,0,0,0,0,0,0,0,0,0,0,0,0,0,0,0,0,0,0,0,0,0,0,0,0,0,31,40,40,71,65476,0,300,0,0,8,21553,0.0,-107605600.0,0.0,0.0,0.0,0.0,0.0,0.0,0.0,0.0,0.0,0.0,0.0,0.0,0.0,0.0,0.0,0.0,0.0,0.0,0.0,0.0,2.004,3.697073543634013e+19,0.0,0.0,0.0,0.0,0.0,0.0,5117.0,2.4229887692234103e+24,6925.0,0.0,0.0,2.004,2.004,0.0,0.0,0.0,0.0,69,0.059,0.0,0.0,0.0,0.0,0.0,0.0,0.0,0.0,0,0,0,0.0,0.0,0.0,0.0,0.0,0.0,0.0,0.0,0.0,0.0,0.0,0.0,0.0,0.0,0.0,0.0,0,-107875648.0,69,0.0,138,0.0,2.012,ERR,ERR,ERR,ERR,ERR,ERR,ERR,ERR,ERR,ERR,ERR,ERR,ERR,ERR,ERR,ERR,ERR,ERR,ERR,ERR,ERR,ERR,ERR,ERR,ERR,ERR,ERR,ERR,ERR,ERR,ERR,ERR,ERR,ERR,ERR,ERR,ERR,ERR,ERR,ERR,ERR,ERR,ERR,ERR,ERR,ERR,ERR,ERR,ERR,ERR,ERR,ERR,ERR,ERR,ERR,ERR,ERR,ERR,ERR,ERR,ERR,ERR,ERR,ERR,ERR,ERR,ERR,60.0,60.0,35,0.0,0.0,0.0,0.0,0.0,0.0,0.0,0.0,0.0,0.0,0.0,0.0,0.0,0.0,0.0,0.0,65.2,0,108,52,38,65476,0,300,0,0,8,20529,65476,0,0,2621,60.0,0.0,0.0,0.0,0.0,0.0
2026-07-09T15:44:46,ERR,ERR,ERR,ERR,ERR,ERR,ERR,ERR,ERR,ERR,ERR,ERR,ERR,ERR,ERR,ERR,ERR,ERR,ERR,ERR,ERR,ERR,ERR,ERR,ERR,ERR,ERR,ERR,ERR,ERR,ERR,ERR,ERR,ERR,ERR,ERR,ERR,ERR,ERR,ERR,ERR,ERR,ERR,ERR,ERR,ERR,ERR,ERR,ERR,ERR,ERR,ERR,ERR,ERR,ERR,ERR,ERR,ERR,ERR,ERR,ERR,ERR,ERR,ERR,ERR,ERR,ERR,ERR,ERR,ERR,ERR,ERR,ERR,ERR,ERR,ERR,ERR,ERR,ERR,ERR,ERR,ERR,ERR,ERR,ERR,ERR,ERR,ERR,ERR,ERR,ERR,ERR,ERR,ERR,ERR,ERR,ERR,ERR,ERR,ERR,ERR,ERR,ERR,ERR,ERR,ERR,ERR,ERR,ERR,ERR,ERR,ERR,ERR,ERR,ERR,ERR,ERR,ERR,ERR,ERR,ERR,ERR,ERR,ERR,ERR,0.0,0.0,0.0,-107611616.0,-25941886976.0,0.0,0.0,0.0,0,0,4,17342,7116,0.0,100,0.0,0.0,-107611616.0,0.0,0.0,0,0,0,0,0.0,0,0,0,0,0,0,0,0,0,0,0,0,0,0,0,0,0,0,0,0,0,0,0,0,0,0,0,0,0,0,0,0,0,31,40,40,71,65476,0,300,0,0,8,21553,0.0,-107605600.0,0.0,0.0,0.0,0.0,0.0,0.0,0.0,0.0,0.0,0.0,0.0,0.0,0.0,0.0,0.0,0.0,0.0,0.0,0.0,0.0,2.004,3.697073543634013e+19,0.0,0.0,0.0,0.0,0.0,0.0,5117.0,2.4229887692234103e+24,6925.0,0.0,0.0,2.004,2.004,0.0,0.0,0.0,0.0,69,0.059,0.0,0.0,0.0,0.0,0.0,0.0,0.0,0.0,0,0,0,0.0,0.0,0.0,0.0,0.0,0.0,0.0,0.0,0.0,0.0,0.0,0.0,0.0,0.0,0.0,0.0,0,-107875648.0,69,0.0,138,0.0,2.012,ERR,ERR,ERR,ERR,ERR,ERR,ERR,ERR,ERR,ERR,ERR,ERR,ERR,ERR,ERR,ERR,ERR,ERR,ERR,ERR,ERR,ERR,ERR,ERR,ERR,ERR,ERR,ERR,ERR,ERR,ERR,ERR,ERR,ERR,ERR,ERR,ERR,ERR,ERR,ERR,ERR,ERR,ERR,ERR,ERR,ERR,ERR,ERR,ERR,ERR,ERR,ERR,ERR,ERR,ERR,ERR,ERR,ERR,ERR,ERR,ERR,ERR,ERR,ERR,ERR,ERR,ERR,60.0,60.0,35,0.0,0.0,0.0,0.0,0.0,0.0,0.0,0.0,0.0,0.0,0.0,0.0,0.0,0.0,0.0,0.0,64.8,0,108,52,38,65476,0,300,0,0,8,20529,65476,0,0,2621,60.0,0.0,0.0,0.0,0.0,0.0
2026-07-09T15:44:47,ERR,ERR,ERR,ERR,ERR,ERR,ERR,ERR,ERR,ERR,ERR,ERR,ERR,ERR,ERR,ERR,ERR,ERR,ERR,ERR,ERR,ERR,ERR,ERR,ERR,ERR,ERR,ERR,ERR,ERR,ERR,ERR,ERR,ERR,ERR,ERR,ERR,ERR,ERR,ERR,ERR,ERR,ERR,ERR,ERR,ERR,ERR,ERR,ERR,ERR,ERR,ERR,ERR,ERR,ERR,ERR,ERR,ERR,ERR,ERR,ERR,ERR,ERR,ERR,ERR,ERR,ERR,ERR,ERR,ERR,ERR,ERR,ERR,ERR,ERR,ERR,ERR,ERR,ERR,ERR,ERR,ERR,ERR,ERR,ERR,ERR,ERR,ERR,ERR,ERR,ERR,ERR,ERR,ERR,ERR,ERR,ERR,ERR,ERR,ERR,ERR,ERR,ERR,ERR,ERR,ERR,ERR,ERR,ERR,ERR,ERR,ERR,ERR,ERR,ERR,ERR,ERR,ERR,ERR,ERR,ERR,ERR,ERR,ERR,ERR,0.0,-107616208.0,-107615240.0,-107611616.0,-7.799890043465435e+33,0.0,5.7438346697529885e+19,3.29434425667299e+26,0,0,4,17351,7116,0.0,100,0.0,0.0,0.0,0.0,0.0,0,0,0,0,0.0,0,0,0,0,0,0,0,0,0,0,0,0,0,0,0,0,0,0,0,0,0,0,0,0,0,0,0,0,0,0,0,0,0,31,40,40,71,65476,0,300,0,0,8,21553,0.0,-107605600.0,0.0,0.0,0.0,0.0,0.0,0.0,0.0,0.0,0.0,0.0,0.0,0.0,0.0,0.0,0.0,0.0,0.0,0.0,0.0,0.0,2.004,0.0,0.0,0.0,0.0,0.0,0.0,0.0,5097.0,8608185344.0,6922.0,-0.0,0.0,2.004,2.004,0.0,0.0,0.0,0.0,69,-0.0,-3.222003874048412e+26,0.0,0.0,0.0,0.0,0.0,0.0,0.0,0,0,0,0.0,0.0,0.0,0.0,0.0,0.0,0.0,0.0,0.0,0.0,0.0,0.0,0.0,0.0,0.0,0.0,0,-107875648.0,69,0.0,138,0.0,2.012,ERR,ERR,ERR,ERR,ERR,ERR,ERR,ERR,ERR,ERR,ERR,ERR,ERR,ERR,ERR,ERR,ERR,ERR,ERR,ERR,ERR,ERR,ERR,ERR,ERR,ERR,ERR,ERR,ERR,ERR,ERR,ERR,ERR,ERR,ERR,ERR,ERR,ERR,ERR,ERR,ERR,ERR,ERR,ERR,ERR,ERR,ERR,ERR,ERR,ERR,ERR,ERR,ERR,ERR,ERR,ERR,ERR,ERR,ERR,ERR,ERR,ERR,ERR,ERR,ERR,ERR,ERR,60.0,60.0,35,0.0,0.0,0.0,0.0,0.0,0.0,0.0,0.0,0.0,0.0,0.0,0.0,0.0,0.0,0.0,0.0,64.8,0,108,52,38,65476,0,300,0,0,8,20529,65476,0,0,2621,60.0,0.0,0.0,0.0,0.0,0.0
2026-07-09T15:44:48,ERR,ERR,ERR,ERR,ERR,ERR,ERR,ERR,ERR,ERR,ERR,ERR,ERR,ERR,ERR,ERR,ERR,ERR,ERR,ERR,ERR,ERR,ERR,ERR,ERR,ERR,ERR,ERR,ERR,ERR,ERR,ERR,ERR,ERR,ERR,ERR,ERR,ERR,ERR,ERR,ERR,ERR,ERR,ERR,ERR,ERR,ERR,ERR,ERR,ERR,ERR,ERR,ERR,ERR,ERR,ERR,ERR,ERR,ERR,ERR,ERR,ERR,ERR,ERR,ERR,ERR,ERR,ERR,ERR,ERR,ERR,ERR,ERR,ERR,ERR,ERR,ERR,ERR,ERR,ERR,ERR,ERR,ERR,ERR,ERR,ERR,ERR,ERR,ERR,ERR,ERR,ERR,ERR,ERR,ERR,ERR,ERR,ERR,ERR,ERR,ERR,ERR,ERR,ERR,ERR,ERR,ERR,ERR,ERR,ERR,ERR,ERR,ERR,ERR,ERR,ERR,ERR,ERR,ERR,ERR,ERR,ERR,ERR,ERR,ERR,0.0,-107616208.0,-107615240.0,-107611616.0,-7.799890043465435e+33,0.0,5.7438346697529885e+19,3.29434425667299e+26,0,0,4,17351,7116,0.0,100,0.0,0.0,0.0,0.0,0.0,0,0,0,0,0.0,0,0,0,0,0,0,0,0,0,0,0,0,0,0,0,0,0,0,0,0,0,0,0,0,0,0,0,0,0,0,0,0,0,31,40,40,71,65476,0,300,0,0,8,21553,0.0,-107605600.0,0.0,0.0,0.0,0.0,0.0,0.0,0.0,0.0,0.0,0.0,0.0,0.0,0.0,0.0,0.0,0.0,0.0,0.0,0.0,0.0,2.004,0.0,0.0,0.0,0.0,0.0,0.0,0.0,5097.0,8608185344.0,6922.0,-0.0,0.0,2.004,2.004,0.0,0.0,0.0,0.0,69,-0.0,-3.222003874048412e+26,0.0,0.0,0.0,0.0,0.0,0.0,0.0,0,0,0,0.0,0.0,0.0,0.0,0.0,0.0,0.0,0.0,0.0,0.0,0.0,0.0,0.0,0.0,0.0,0.0,0,-107875648.0,69,0.0,138,0.0,2.012,ERR,ERR,ERR,ERR,ERR,ERR,ERR,ERR,ERR,ERR,ERR,ERR,ERR,ERR,ERR,ERR,ERR,ERR,ERR,ERR,ERR,ERR,ERR,ERR,ERR,ERR,ERR,ERR,ERR,ERR,ERR,ERR,ERR,ERR,ERR,ERR,ERR,ERR,ERR,ERR,ERR,ERR,ERR,ERR,ERR,ERR,ERR,ERR,ERR,ERR,ERR,ERR,ERR,ERR,ERR,ERR,ERR,ERR,ERR,ERR,ERR,ERR,ERR,ERR,ERR,ERR,ERR,60.0,60.0,35,0.0,0.0,0.0,0.0,0.0,0.0,0.0,0.0,0.0,0.0,0.0,0.0,0.0,0.0,0.0,0.0,64.8,0,108,52,38,65476,0,300,0,0,8,20529,65476,0,0,2621,60.0,0.0,0.0,0.0,0.0,0.0
2026-07-09T15:44:49,ERR,ERR,ERR,ERR,ERR,ERR,ERR,ERR,ERR,ERR,ERR,ERR,ERR,ERR,ERR,ERR,ERR,ERR,ERR,ERR,ERR,ERR,ERR,ERR,ERR,ERR,ERR,ERR,ERR,ERR,ERR,ERR,ERR,ERR,ERR,ERR,ERR,ERR,ERR,ERR,ERR,ERR,ERR,ERR,ERR,ERR,ERR,ERR,ERR,ERR,ERR,ERR,ERR,ERR,ERR,ERR,ERR,ERR,ERR,ERR,ERR,ERR,ERR,ERR,ERR,ERR,ERR,ERR,ERR,ERR,ERR,ERR,ERR,ERR,ERR,ERR,ERR,ERR,ERR,ERR,ERR,ERR,ERR,ERR,ERR,ERR,ERR,ERR,ERR,ERR,ERR,ERR,ERR,ERR,ERR,ERR,ERR,ERR,ERR,ERR,ERR,ERR,ERR,ERR,ERR,ERR,ERR,ERR,ERR,ERR,ERR,ERR,ERR,ERR,ERR,ERR,ERR,ERR,ERR,ERR,ERR,ERR,ERR,ERR,ERR,0.0,-107616208.0,-107615240.0,-107611616.0,-7.799890043465435e+33,0.0,5.7438346697529885e+19,3.29434425667299e+26,0,0,4,17351,7116,0.0,100,0.0,0.0,0.0,0.0,0.0,0,0,0,0,0.0,0,0,0,0,0,0,0,0,0,0,0,0,0,0,0,0,0,0,0,0,0,0,0,0,0,0,0,0,0,0,0,0,0,31,40,40,71,65476,0,300,0,0,8,21553,0.0,-107605600.0,0.0,0.0,0.0,0.0,0.0,0.0,0.0,0.0,0.0,0.0,0.0,0.0,0.0,0.0,0.0,0.0,0.0,0.0,0.0,0.0,2.004,0.0,0.0,0.0,0.0,0.0,0.0,0.0,5097.0,8608185344.0,6922.0,-0.0,0.0,2.004,2.004,0.0,0.0,0.0,0.0,69,-0.0,-3.222003874048412e+26,0.0,0.0,0.0,0.0,0.0,0.0,0.0,0,0,0,0.0,0.0,0.0,0.0,0.0,0.0,0.0,0.0,0.0,0.0,0.0,0.0,0.0,0.0,0.0,0.0,0,-107875648.0,69,0.0,138,0.0,2.012,ERR,ERR,ERR,ERR,ERR,ERR,ERR,ERR,ERR,ERR,ERR,ERR,ERR,ERR,ERR,ERR,ERR,ERR,ERR,ERR,ERR,ERR,ERR,ERR,ERR,ERR,ERR,ERR,ERR,ERR,ERR,ERR,ERR,ERR,ERR,ERR,ERR,ERR,ERR,ERR,ERR,ERR,ERR,ERR,ERR,ERR,ERR,ERR,ERR,ERR,ERR,ERR,ERR,ERR,ERR,ERR,ERR,ERR,ERR,ERR,ERR,ERR,ERR,ERR,ERR,ERR,ERR,60.0,60.0,35,0.0,0.0,0.0,0.0,0.0,0.0,0.0,0.0,0.0,0.0,0.0,0.0,0.0,0.0,0.0,0.0,65.6,0,108,52,38,65476,0,300,0,0,8,20529,65476,0,0,2621,60.0,0.0,0.0,0.0,0.0,0.0
2026-07-09T15:44:50,ERR,ERR,ERR,ERR,ERR,ERR,ERR,ERR,ERR,ERR,ERR,ERR,ERR,ERR,ERR,ERR,ERR,ERR,ERR,ERR,ERR,ERR,ERR,ERR,ERR,ERR,ERR,ERR,ERR,ERR,ERR,ERR,ERR,ERR,ERR,ERR,ERR,ERR,ERR,ERR,ERR,ERR,ERR,ERR,ERR,ERR,ERR,ERR,ERR,ERR,ERR,ERR,ERR,ERR,ERR,ERR,ERR,ERR,ERR,ERR,ERR,ERR,ERR,ERR,ERR,ERR,ERR,ERR,ERR,ERR,ERR,ERR,ERR,ERR,ERR,ERR,ERR,ERR,ERR,ERR,ERR,ERR,ERR,ERR,ERR,ERR,ERR,ERR,ERR,ERR,ERR,ERR,ERR,ERR,ERR,ERR,ERR,ERR,ERR,ERR,ERR,ERR,ERR,ERR,ERR,ERR,ERR,ERR,ERR,ERR,ERR,ERR,ERR,ERR,ERR,ERR,ERR,ERR,ERR,ERR,ERR,ERR,ERR,ERR,ERR,0.0,-107616208.0,-107615240.0,-107611616.0,-7.799890043465435e+33,0.0,5.7438346697529885e+19,3.29434425667299e+26,0,0,4,17351,7116,0.0,100,0.0,0.0,0.0,0.0,0.0,0,0,0,0,0.0,0,0,0,0,0,0,0,0,0,0,0,0,0,0,0,0,0,0,0,0,0,0,0,0,0,0,0,0,0,0,0,0,0,31,40,40,71,65476,0,300,0,0,8,21553,0.0,-107605600.0,0.0,0.0,0.0,0.0,0.0,0.0,0.0,0.0,0.0,0.0,0.0,0.0,0.0,0.0,0.0,0.0,0.0,0.0,0.0,0.0,2.004,0.0,0.0,0.0,0.0,0.0,0.0,0.0,5097.0,8608185344.0,6922.0,-0.0,0.0,2.004,2.004,0.0,0.0,0.0,0.0,69,-0.0,-3.222003874048412e+26,0.0,0.0,0.0,0.0,0.0,0.0,0.0,0,0,0,0.0,0.0,0.0,0.0,0.0,0.0,0.0,0.0,0.0,0.0,0.0,0.0,0.0,0.0,0.0,0.0,0,-107875648.0,69,0.0,138,0.0,2.012,ERR,ERR,ERR,ERR,ERR,ERR,ERR,ERR,ERR,ERR,ERR,ERR,ERR,ERR,ERR,ERR,ERR,ERR,ERR,ERR,ERR,ERR,ERR,ERR,ERR,ERR,ERR,ERR,ERR,ERR,ERR,ERR,ERR,ERR,ERR,ERR,ERR,ERR,ERR,ERR,ERR,ERR,ERR,ERR,ERR,ERR,ERR,ERR,ERR,ERR,ERR,ERR,ERR,ERR,ERR,ERR,ERR,ERR,ERR,ERR,ERR,ERR,ERR,ERR,ERR,ERR,ERR,60.0,60.0,35,0.0,0.0,0.0,0.0,0.0,0.0,0.0,0.0,0.0,0.0,0.0,0.0,0.0,0.0,0.0,0.0,65.6,0,108,52,38,65476,0,300,0,0,8,20529,65476,0,0,2621,60.0,0.0,0.0,0.0,0.0,0.0
2026-07-09T15:44:51,ERR,ERR,ERR,ERR,ERR,ERR,ERR,ERR,ERR,ERR,ERR,ERR,ERR,ERR,ERR,ERR,ERR,ERR,ERR,ERR,ERR,ERR,ERR,ERR,ERR,ERR,ERR,ERR,ERR,ERR,ERR,ERR,ERR,ERR,ERR,ERR,ERR,ERR,ERR,ERR,ERR,ERR,ERR,ERR,ERR,ERR,ERR,ERR,ERR,ERR,ERR,ERR,ERR,ERR,ERR,ERR,ERR,ERR,ERR,ERR,ERR,ERR,ERR,ERR,ERR,ERR,ERR,ERR,ERR,ERR,ERR,ERR,ERR,ERR,ERR,ERR,ERR,ERR,ERR,ERR,ERR,ERR,ERR,ERR,ERR,ERR,ERR,ERR,ERR,ERR,ERR,ERR,ERR,ERR,ERR,ERR,ERR,ERR,ERR,ERR,ERR,ERR,ERR,ERR,ERR,ERR,ERR,ERR,ERR,ERR,ERR,ERR,ERR,ERR,ERR,ERR,ERR,ERR,ERR,ERR,ERR,ERR,ERR,ERR,ERR,0.0,-107616208.0,-107615240.0,-107611616.0,-7.799890043465435e+33,0.0,5.7438346697529885e+19,3.29434425667299e+26,0,0,4,17351,7116,0.0,100,0.0,0.0,0.0,0.0,0.0,0,0,0,0,0.0,0,0,0,0,0,0,0,0,0,0,0,0,0,0,0,0,0,0,0,0,0,0,0,0,0,0,0,0,0,0,0,0,0,31,40,40,71,65476,0,300,0,0,8,21553,0.0,-107605600.0,0.0,0.0,0.0,0.0,0.0,0.0,0.0,0.0,0.0,0.0,0.0,0.0,0.0,0.0,0.0,0.0,0.0,0.0,0.0,0.0,2.004,0.0,0.0,0.0,0.0,0.0,0.0,0.0,5097.0,8608185344.0,6922.0,-0.0,0.0,2.004,2.004,0.0,0.0,0.0,0.0,69,-0.0,-3.222003874048412e+26,0.0,0.0,0.0,0.0,0.0,0.0,0.0,0,0,0,0.0,0.0,0.0,0.0,0.0,0.0,0.0,0.0,0.0,0.0,0.0,0.0,0.0,0.0,0.0,0.0,0,-107875648.0,69,0.0,138,0.0,2.012,ERR,ERR,ERR,ERR,ERR,ERR,ERR,ERR,ERR,ERR,ERR,ERR,ERR,ERR,ERR,ERR,ERR,ERR,ERR,ERR,ERR,ERR,ERR,ERR,ERR,ERR,ERR,ERR,ERR,ERR,ERR,ERR,ERR,ERR,ERR,ERR,ERR,ERR,ERR,ERR,ERR,ERR,ERR,ERR,ERR,ERR,ERR,ERR,ERR,ERR,ERR,ERR,ERR,ERR,ERR,ERR,ERR,ERR,ERR,ERR,ERR,ERR,ERR,ERR,ERR,ERR,ERR,60.0,60.0,35,0.0,0.0,0.0,0.0,0.0,0.0,0.0,0.0,0.0,0.0,0.0,0.0,0.0,0.0,0.0,0.0,65.6,0,108,52,38,65476,0,300,0,0,8,20529,65476,0,0,2621,60.0,0.0,0.0,0.0,0.0,0.0
2026-07-09T15:44:52,ERR,ERR,ERR,ERR,ERR,ERR,ERR,ERR,ERR,ERR,ERR,ERR,ERR,ERR,ERR,ERR,ERR,ERR,ERR,ERR,ERR,ERR,ERR,ERR,ERR,ERR,ERR,ERR,ERR,ERR,ERR,ERR,ERR,ERR,ERR,ERR,ERR,ERR,ERR,ERR,ERR,ERR,ERR,ERR,ERR,ERR,ERR,ERR,ERR,ERR,ERR,ERR,ERR,ERR,ERR,ERR,ERR,ERR,ERR,ERR,ERR,ERR,ERR,ERR,ERR,ERR,ERR,ERR,ERR,ERR,ERR,ERR,ERR,ERR,ERR,ERR,ERR,ERR,ERR,ERR,ERR,ERR,ERR,ERR,ERR,ERR,ERR,ERR,ERR,ERR,ERR,ERR,ERR,ERR,ERR,ERR,ERR,ERR,ERR,ERR,ERR,ERR,ERR,ERR,ERR,ERR,ERR,ERR,ERR,ERR,ERR,ERR,ERR,ERR,ERR,ERR,ERR,ERR,ERR,ERR,ERR,ERR,ERR,ERR,ERR,-0.0,0.0,2.7184280392842555e+23,0.0,-0.0,-0.0,0.0,-0.0,0,0,4,17350,7116,0.0,100,0.0,0.0,0.0,0.0,0.0,0,0,0,0,0.0,0,0,0,0,0,0,0,0,0,0,0,0,0,0,0,0,0,0,0,0,0,0,0,0,0,0,0,0,0,0,0,0,0,31,40,40,71,65476,0,300,0,0,8,21553,0.0,-107605600.0,0.0,0.0,0.0,0.0,0.0,0.0,0.0,0.0,0.0,0.0,0.0,0.0,0.0,0.0,0.0,0.0,0.0,0.0,0.0,0.0,0.0,-2.004,0.0,0.0,0.0,0.0,0.0,0.0,5111.0,0.0,6919.0,-0.0,2.718449836706452e+23,2.004,2.004,0.0,0.0,0.0,0.0,69,-3.222011621680923e+26,-107614808.0,0.0,0.0,0.0,0.0,0.0,0.0,0.0,0,0,0,0.0,0.0,0.0,0.0,0.0,0.0,0.0,0.0,0.0,0.0,0.0,0.0,0.0,0.0,0.0,0.0,0,-107875648.0,69,0.0,138,0.0,2.012,ERR,ERR,ERR,ERR,ERR,ERR,ERR,ERR,ERR,ERR,ERR,ERR,ERR,ERR,ERR,ERR,ERR,ERR,ERR,ERR,ERR,ERR,ERR,ERR,ERR,ERR,ERR,ERR,ERR,ERR,ERR,ERR,ERR,ERR,ERR,ERR,ERR,ERR,ERR,ERR,ERR,ERR,ERR,ERR,ERR,ERR,ERR,ERR,ERR,ERR,ERR,ERR,ERR,ERR,ERR,ERR,ERR,ERR,ERR,ERR,ERR,ERR,ERR,ERR,ERR,ERR,ERR,60.0,60.0,35,0.0,0.0,0.0,0.0,0.0,0.0,0.0,0.0,0.0,0.0,0.0,0.0,0.0,0.0,0.0,0.0,64.8,0,108,52,38,65476,0,300,0,0,8,20529,65476,0,0,2621,60.0,0.0,0.0,0.0,0.0,0.0
2026-07-09T15:44:53,ERR,ERR,ERR,ERR,ERR,ERR,ERR,ERR,ERR,ERR,ERR,ERR,ERR,ERR,ERR,ERR,ERR,ERR,ERR,ERR,ERR,ERR,ERR,ERR,ERR,ERR,ERR,ERR,ERR,ERR,ERR,ERR,ERR,ERR,ERR,ERR,ERR,ERR,ERR,ERR,ERR,ERR,ERR,ERR,ERR,ERR,ERR,ERR,ERR,ERR,ERR,ERR,ERR,ERR,ERR,ERR,ERR,ERR,ERR,ERR,ERR,ERR,ERR,ERR,ERR,ERR,ERR,ERR,ERR,ERR,ERR,ERR,ERR,ERR,ERR,ERR,ERR,ERR,ERR,ERR,ERR,ERR,ERR,ERR,ERR,ERR,ERR,ERR,ERR,ERR,ERR,ERR,ERR,ERR,ERR,ERR,ERR,ERR,ERR,ERR,ERR,ERR,ERR,ERR,ERR,ERR,ERR,ERR,ERR,ERR,ERR,ERR,ERR,ERR,ERR,ERR,ERR,ERR,ERR,ERR,ERR,ERR,ERR,ERR,ERR,-0.0,0.0,2.7184280392842555e+23,0.0,-0.0,-0.0,0.0,-0.0,0,0,4,17350,7116,0.0,100,0.0,0.0,0.0,0.0,0.0,0,0,0,0,0.0,0,0,0,0,0,0,0,0,0,0,0,0,0,0,0,0,0,0,0,0,0,0,0,0,0,0,0,0,0,0,0,0,0,31,40,40,71,65476,0,300,0,0,8,21553,0.0,-107605600.0,0.0,0.0,0.0,0.0,0.0,0.0,0.0,0.0,0.0,0.0,0.0,0.0,0.0,0.0,0.0,0.0,0.0,0.0,0.0,0.0,0.0,-2.004,0.0,0.0,0.0,0.0,0.0,0.0,5111.0,0.0,6919.0,-0.0,2.718449836706452e+23,2.004,2.004,0.0,0.0,0.0,0.0,69,-3.222011621680923e+26,-107614808.0,0.0,0.0,0.0,0.0,0.0,0.0,0.0,0,0,0,0.0,0.0,0.0,0.0,0.0,0.0,0.0,0.0,0.0,0.0,0.0,0.0,0.0,0.0,0.0,0.0,0,-107875648.0,69,0.0,138,0.0,2.012,ERR,ERR,ERR,ERR,ERR,ERR,ERR,ERR,ERR,ERR,ERR,ERR,ERR,ERR,ERR,ERR,ERR,ERR,ERR,ERR,ERR,ERR,ERR,ERR,ERR,ERR,ERR,ERR,ERR,ERR,ERR,ERR,ERR,ERR,ERR,ERR,ERR,ERR,ERR,ERR,ERR,ERR,ERR,ERR,ERR,ERR,ERR,ERR,ERR,ERR,ERR,ERR,ERR,ERR,ERR,ERR,ERR,ERR,ERR,ERR,ERR,ERR,ERR,ERR,ERR,ERR,ERR,60.0,60.0,35,0.0,0.0,0.0,0.0,0.0,0.0,0.0,0.0,0.0,0.0,0.0,0.0,0.0,0.0,0.0,0.0,64.8,0,108,52,38,65476,0,300,0,0,8,20529,65476,0,0,2621,60.0,0.0,0.0,0.0,0.0,0.0
2026-07-09T15:44:54,ERR,ERR,ERR,ERR,ERR,ERR,ERR,ERR,ERR,ERR,ERR,ERR,ERR,ERR,ERR,ERR,ERR,ERR,ERR,ERR,ERR,ERR,ERR,ERR,ERR,ERR,ERR,ERR,ERR,ERR,ERR,ERR,ERR,ERR,ERR,ERR,ERR,ERR,ERR,ERR,ERR,ERR,ERR,ERR,ERR,ERR,ERR,ERR,ERR,ERR,ERR,ERR,ERR,ERR,ERR,ERR,ERR,ERR,ERR,ERR,ERR,ERR,ERR,ERR,ERR,ERR,ERR,ERR,ERR,ERR,ERR,ERR,ERR,ERR,ERR,ERR,ERR,ERR,ERR,ERR,ERR,ERR,ERR,ERR,ERR,ERR,ERR,ERR,ERR,ERR,ERR,ERR,ERR,ERR,ERR,ERR,ERR,ERR,ERR,ERR,ERR,ERR,ERR,ERR,ERR,ERR,ERR,ERR,ERR,ERR,ERR,ERR,ERR,ERR,ERR,ERR,ERR,ERR,ERR,ERR,ERR,ERR,ERR,ERR,ERR,-0.0,0.0,2.7184280392842555e+23,0.0,-0.0,-0.0,0.0,-0.0,0,0,4,17350,7116,0.0,100,0.0,0.0,0.0,0.0,0.0,0,0,0,0,0.0,0,0,0,0,0,0,0,0,0,0,0,0,0,0,0,0,0,0,0,0,0,0,0,0,0,0,0,0,0,0,0,0,0,31,40,40,71,65476,0,300,0,0,8,21553,0.0,-107605600.0,0.0,0.0,0.0,0.0,0.0,0.0,0.0,0.0,0.0,0.0,0.0,0.0,0.0,0.0,0.0,0.0,0.0,0.0,0.0,0.0,0.0,-2.004,0.0,0.0,0.0,0.0,0.0,0.0,5111.0,0.0,6919.0,-0.0,2.718449836706452e+23,2.004,2.004,0.0,0.0,0.0,0.0,69,-3.222011621680923e+26,-107614808.0,0.0,0.0,0.0,0.0,0.0,0.0,0.0,0,0,0,0.0,0.0,0.0,0.0,0.0,0.0,0.0,0.0,0.0,0.0,0.0,0.0,0.0,0.0,0.0,0.0,0,-107875648.0,69,0.0,138,0.0,2.012,ERR,ERR,ERR,ERR,ERR,ERR,ERR,ERR,ERR,ERR,ERR,ERR,ERR,ERR,ERR,ERR,ERR,ERR,ERR,ERR,ERR,ERR,ERR,ERR,ERR,ERR,ERR,ERR,ERR,ERR,ERR,ERR,ERR,ERR,ERR,ERR,ERR,ERR,ERR,ERR,ERR,ERR,ERR,ERR,ERR,ERR,ERR,ERR,ERR,ERR,ERR,ERR,ERR,ERR,ERR,ERR,ERR,ERR,ERR,ERR,ERR,ERR,ERR,ERR,ERR,ERR,ERR,60.0,60.0,35,0.0,0.0,0.0,0.0,0.0,0.0,0.0,0.0,0.0,0.0,0.0,0.0,0.0,0.0,0.0,0.0,64.8,0,107,52,37,65476,0,300,0,0,8,20529,65476,0,0,2621,60.0,0.0,0.0,0.0,0.0,0.0
2026-07-09T15:44:55,ERR,ERR,ERR,ERR,ERR,ERR,ERR,ERR,ERR,ERR,ERR,ERR,ERR,ERR,ERR,ERR,ERR,ERR,ERR,ERR,ERR,ERR,ERR,ERR,ERR,ERR,ERR,ERR,ERR,ERR,ERR,ERR,ERR,ERR,ERR,ERR,ERR,ERR,ERR,ERR,ERR,ERR,ERR,ERR,ERR,ERR,ERR,ERR,ERR,ERR,ERR,ERR,ERR,ERR,ERR,ERR,ERR,ERR,ERR,ERR,ERR,ERR,ERR,ERR,ERR,ERR,ERR,ERR,ERR,ERR,ERR,ERR,ERR,ERR,ERR,ERR,ERR,ERR,ERR,ERR,ERR,ERR,ERR,ERR,ERR,ERR,ERR,ERR,ERR,ERR,ERR,ERR,ERR,ERR,ERR,ERR,ERR,ERR,ERR,ERR,ERR,ERR,ERR,ERR,ERR,ERR,ERR,ERR,ERR,ERR,ERR,ERR,ERR,ERR,ERR,ERR,ERR,ERR,ERR,ERR,ERR,ERR,ERR,ERR,ERR,-0.0,0.0,2.7184280392842555e+23,0.0,-0.0,-0.0,0.0,-0.0,0,0,4,17350,7116,0.0,100,0.0,0.0,0.0,0.0,0.0,0,0,0,0,0.0,0,0,0,0,0,0,0,0,0,0,0,0,0,0,0,0,0,0,0,0,0,0,0,0,0,0,0,0,0,0,0,0,0,31,40,40,71,65476,0,300,0,0,8,21553,0.0,-107605600.0,0.0,0.0,0.0,0.0,0.0,0.0,0.0,0.0,0.0,0.0,0.0,0.0,0.0,0.0,0.0,0.0,0.0,0.0,0.0,0.0,0.0,-2.004,0.0,0.0,0.0,0.0,0.0,0.0,5111.0,0.0,6919.0,-0.0,2.718449836706452e+23,2.004,2.004,0.0,0.0,0.0,0.0,69,-3.222011621680923e+26,-107614808.0,0.0,0.0,0.0,0.0,0.0,0.0,0.0,0,0,0,0.0,0.0,0.0,0.0,0.0,0.0,0.0,0.0,0.0,0.0,0.0,0.0,0.0,0.0,0.0,0.0,0,-107875648.0,69,0.0,138,0.0,2.012,ERR,ERR,ERR,ERR,ERR,ERR,ERR,ERR,ERR,ERR,ERR,ERR,ERR,ERR,ERR,ERR,ERR,ERR,ERR,ERR,ERR,ERR,ERR,ERR,ERR,ERR,ERR,ERR,ERR,ERR,ERR,ERR,ERR,ERR,ERR,ERR,ERR,ERR,ERR,ERR,ERR,ERR,ERR,ERR,ERR,ERR,ERR,ERR,ERR,ERR,ERR,ERR,ERR,ERR,ERR,ERR,ERR,ERR,ERR,ERR,ERR,ERR,ERR,ERR,ERR,ERR,ERR,60.0,60.0,35,0.0,0.0,0.0,0.0,0.0,0.0,0.0,0.0,0.0,0.0,0.0,0.0,0.0,0.0,0.0,0.0,64.8,0,107,52,37,65476,0,300,0,0,8,20529,65476,0,0,2621,60.0,0.0,0.0,0.0,0.0,0.0
2026-07-09T15:44:56,ERR,ERR,ERR,ERR,ERR,ERR,ERR,ERR,ERR,ERR,ERR,ERR,ERR,ERR,ERR,ERR,ERR,ERR,ERR,ERR,ERR,ERR,ERR,ERR,ERR,ERR,ERR,ERR,ERR,ERR,ERR,ERR,ERR,ERR,ERR,ERR,ERR,ERR,ERR,ERR,ERR,ERR,ERR,ERR,ERR,ERR,ERR,ERR,ERR,ERR,ERR,ERR,ERR,ERR,ERR,ERR,ERR,ERR,ERR,ERR,ERR,ERR,ERR,ERR,ERR,ERR,ERR,ERR,ERR,ERR,ERR,ERR,ERR,ERR,ERR,ERR,ERR,ERR,ERR,ERR,ERR,ERR,ERR,ERR,ERR,ERR,ERR,ERR,ERR,ERR,ERR,ERR,ERR,ERR,ERR,ERR,ERR,ERR,ERR,ERR,ERR,ERR,ERR,ERR,ERR,ERR,ERR,ERR,ERR,ERR,ERR,ERR,ERR,ERR,ERR,ERR,ERR,ERR,ERR,ERR,ERR,ERR,ERR,ERR,ERR,-0.0,0.0,2.7184280392842555e+23,0.0,-0.0,-0.0,0.0,-0.0,0,0,4,17350,7116,0.0,100,0.0,0.0,0.0,0.0,0.0,0,0,0,0,0.0,0,0,0,0,0,0,0,0,0,0,0,0,0,0,0,0,0,0,0,0,0,0,0,0,0,0,0,0,0,0,0,0,0,31,40,40,71,65476,0,300,0,0,8,21553,0.0,-107605600.0,0.0,0.0,0.0,0.0,0.0,0.0,0.0,0.0,0.0,0.0,0.0,0.0,0.0,0.0,0.0,0.0,0.0,0.0,0.0,0.0,0.0,-2.004,0.0,0.0,0.0,0.0,0.0,0.0,5111.0,0.0,6919.0,-0.0,2.718449836706452e+23,2.004,2.004,0.0,0.0,0.0,0.0,69,-3.222011621680923e+26,-107614808.0,0.0,0.0,0.0,0.0,0.0,0.0,0.0,0,0,0,0.0,0.0,0.0,0.0,0.0,0.0,0.0,0.0,0.0,0.0,0.0,0.0,0.0,0.0,0.0,0.0,0,-107875648.0,69,0.0,138,0.0,2.012,ERR,ERR,ERR,ERR,ERR,ERR,ERR,ERR,ERR,ERR,ERR,ERR,ERR,ERR,ERR,ERR,ERR,ERR,ERR,ERR,ERR,ERR,ERR,ERR,ERR,ERR,ERR,ERR,ERR,ERR,ERR,ERR,ERR,ERR,ERR,ERR,ERR,ERR,ERR,ERR,ERR,ERR,ERR,ERR,ERR,ERR,ERR,ERR,ERR,ERR,ERR,ERR,ERR,ERR,ERR,ERR,ERR,ERR,ERR,ERR,ERR,ERR,ERR,ERR,ERR,ERR,ERR,60.0,60.0,35,0.0,0.0,0.0,0.0,0.0,0.0,0.0,0.0,0.0,0.0,0.0,0.0,0.0,0.0,0.0,0.0,64.8,0,107,52,37,65476,0,300,0,0,8,20529,65476,0,0,2621,60.0,0.0,0.0,0.0,0.0,0.0
2026-07-09T15:44:57,ERR,ERR,ERR,ERR,ERR,ERR,ERR,ERR,ERR,ERR,ERR,ERR,ERR,ERR,ERR,ERR,ERR,ERR,ERR,ERR,ERR,ERR,ERR,ERR,ERR,ERR,ERR,ERR,ERR,ERR,ERR,ERR,ERR,ERR,ERR,ERR,ERR,ERR,ERR,ERR,ERR,ERR,ERR,ERR,ERR,ERR,ERR,ERR,ERR,ERR,ERR,ERR,ERR,ERR,ERR,ERR,ERR,ERR,ERR,ERR,ERR,ERR,ERR,ERR,ERR,ERR,ERR,ERR,ERR,ERR,ERR,ERR,ERR,ERR,ERR,ERR,ERR,ERR,ERR,ERR,ERR,ERR,ERR,ERR,ERR,ERR,ERR,ERR,ERR,ERR,ERR,ERR,ERR,ERR,ERR,ERR,ERR,ERR,ERR,ERR,ERR,ERR,ERR,ERR,ERR,ERR,ERR,ERR,ERR,ERR,ERR,ERR,ERR,ERR,ERR,ERR,ERR,ERR,ERR,ERR,ERR,ERR,ERR,ERR,ERR,-0.0,0.0,2.7184282194282406e+23,-0.0,6.660790058455092e+35,1.076267004436021e+33,-0.0,-0.0,0,0,4,17355,7116,0.0,100,0.0,0.0,-0.0,0.0,0.0,0,0,0,0,0.0,0,0,0,0,0,0,0,0,0,0,0,0,0,0,0,0,0,0,0,0,0,0,0,0,0,0,0,0,0,0,0,0,0,31,40,40,71,65476,0,300,0,0,8,21553,0.0,-107605600.0,0.0,0.0,0.0,0.0,0.0,0.0,0.0,0.0,0.0,0.0,0.0,0.0,0.0,0.0,0.0,0.0,0.0,0.0,0.0,0.0,0.0,3.697074423243316e+19,0.0,0.0,0.0,0.0,0.0,0.0,5119.0,0.0,6914.0,-0.0,-0.0,2.004,2.004,0.0,0.0,0.0,0.0,69,-4.950410415642438e+32,-0.0,0.0,0.0,0.0,0.0,0.0,0.0,0.0,0,0,0,0.0,0.0,0.0,0.0,0.0,0.0,0.0,0.0,0.0,0.0,0.0,0.0,0.0,0.0,0.0,0.0,0,-107875648.0,69,0.0,138,0.0,2.012,ERR,ERR,ERR,ERR,ERR,ERR,ERR,ERR,ERR,ERR,ERR,ERR,ERR,ERR,ERR,ERR,ERR,ERR,ERR,ERR,ERR,ERR,ERR,ERR,ERR,ERR,ERR,ERR,ERR,ERR,ERR,ERR,ERR,ERR,ERR,ERR,ERR,ERR,ERR,ERR,ERR,ERR,ERR,ERR,ERR,ERR,ERR,ERR,ERR,ERR,ERR,ERR,ERR,ERR,ERR,ERR,ERR,ERR,ERR,ERR,ERR,ERR,ERR,ERR,ERR,ERR,ERR,60.0,60.0,35,0.0,0.0,0.0,0.0,0.0,0.0,0.0,0.0,0.0,0.0,0.0,0.0,0.0,0.0,0.0,0.0,64.8,0,107,52,37,65476,0,300,0,0,8,20529,65476,0,0,2621,60.0,0.0,0.0,0.0,0.0,0.0
2026-07-09T15:44:58,ERR,ERR,ERR,ERR,ERR,ERR,ERR,ERR,ERR,ERR,ERR,ERR,ERR,ERR,ERR,ERR,ERR,ERR,ERR,ERR,ERR,ERR,ERR,ERR,ERR,ERR,ERR,ERR,ERR,ERR,ERR,ERR,ERR,ERR,ERR,ERR,ERR,ERR,ERR,ERR,ERR,ERR,ERR,ERR,ERR,ERR,ERR,ERR,ERR,ERR,ERR,ERR,ERR,ERR,ERR,ERR,ERR,ERR,ERR,ERR,ERR,ERR,ERR,ERR,ERR,ERR,ERR,ERR,ERR,ERR,ERR,ERR,ERR,ERR,ERR,ERR,ERR,ERR,ERR,ERR,ERR,ERR,ERR,ERR,ERR,ERR,ERR,ERR,ERR,ERR,ERR,ERR,ERR,ERR,ERR,ERR,ERR,ERR,ERR,ERR,ERR,ERR,ERR,ERR,ERR,ERR,ERR,ERR,ERR,ERR,ERR,ERR,ERR,ERR,ERR,ERR,ERR,ERR,ERR,ERR,ERR,ERR,ERR,ERR,ERR,-0.0,0.0,2.7184282194282406e+23,-0.0,6.660790058455092e+35,1.076267004436021e+33,-0.0,-0.0,0,0,4,17355,7116,0.0,100,0.0,0.0,-0.0,0.0,0.0,0,0,0,0,0.0,0,0,0,0,0,0,0,0,0,0,0,0,0,0,0,0,0,0,0,0,0,0,0,0,0,0,0,0,0,0,0,0,0,31,40,40,71,65476,0,300,0,0,8,21553,0.0,-107605600.0,0.0,0.0,0.0,0.0,0.0,0.0,0.0,0.0,0.0,0.0,0.0,0.0,0.0,0.0,0.0,0.0,0.0,0.0,0.0,0.0,0.0,3.697074423243316e+19,0.0,0.0,0.0,0.0,0.0,0.0,5119.0,0.0,6914.0,-0.0,-0.0,2.004,2.004,0.0,0.0,0.0,0.0,69,-4.950410415642438e+32,-0.0,0.0,0.0,0.0,0.0,0.0,0.0,0.0,0,0,0,0.0,0.0,0.0,0.0,0.0,0.0,0.0,0.0,0.0,0.0,0.0,0.0,0.0,0.0,0.0,0.0,0,-107875648.0,69,0.0,138,0.0,2.012,ERR,ERR,ERR,ERR,ERR,ERR,ERR,ERR,ERR,ERR,ERR,ERR,ERR,ERR,ERR,ERR,ERR,ERR,ERR,ERR,ERR,ERR,ERR,ERR,ERR,ERR,ERR,ERR,ERR,ERR,ERR,ERR,ERR,ERR,ERR,ERR,ERR,ERR,ERR,ERR,ERR,ERR,ERR,ERR,ERR,ERR,ERR,ERR,ERR,ERR,ERR,ERR,ERR,ERR,ERR,ERR,ERR,ERR,ERR,ERR,ERR,ERR,ERR,ERR,ERR,ERR,ERR,60.0,60.0,35,0.0,0.0,0.0,0.0,0.0,0.0,0.0,0.0,0.0,0.0,0.0,0.0,0.0,0.0,0.0,0.0,64.8,0,107,52,37,65476,0,300,0,0,8,20529,65476,0,0,2621,60.0,0.0,0.0,0.0,0.0,0.0
2026-07-09T15:44:59,ERR,ERR,ERR,ERR,ERR,ERR,ERR,ERR,ERR,ERR,ERR,ERR,ERR,ERR,ERR,ERR,ERR,ERR,ERR,ERR,ERR,ERR,ERR,ERR,ERR,ERR,ERR,ERR,ERR,ERR,ERR,ERR,ERR,ERR,ERR,ERR,ERR,ERR,ERR,ERR,ERR,ERR,ERR,ERR,ERR,ERR,ERR,ERR,ERR,ERR,ERR,ERR,ERR,ERR,ERR,ERR,ERR,ERR,ERR,ERR,ERR,ERR,ERR,ERR,ERR,ERR,ERR,ERR,ERR,ERR,ERR,ERR,ERR,ERR,ERR,ERR,ERR,ERR,ERR,ERR,ERR,ERR,ERR,ERR,ERR,ERR,ERR,ERR,ERR,ERR,ERR,ERR,ERR,ERR,ERR,ERR,ERR,ERR,ERR,ERR,ERR,ERR,ERR,ERR,ERR,ERR,ERR,ERR,ERR,ERR,ERR,ERR,ERR,ERR,ERR,ERR,ERR,ERR,ERR,ERR,ERR,ERR,ERR,ERR,ERR,-0.0,0.0,2.7184282194282406e+23,-0.0,6.660790058455092e+35,1.076267004436021e+33,-0.0,-0.0,0,0,4,17355,7116,0.0,100,0.0,0.0,-0.0,0.0,0.0,0,0,0,0,0.0,0,0,0,0,0,0,0,0,0,0,0,0,0,0,0,0,0,0,0,0,0,0,0,0,0,0,0,0,0,0,0,0,0,31,40,40,71,65476,0,300,0,0,8,21553,0.0,-107605600.0,0.0,0.0,0.0,0.0,0.0,0.0,0.0,0.0,0.0,0.0,0.0,0.0,0.0,0.0,0.0,0.0,0.0,0.0,0.0,0.0,0.0,3.697074423243316e+19,0.0,0.0,0.0,0.0,0.0,0.0,5119.0,0.0,6914.0,-0.0,-0.0,2.004,2.004,0.0,0.0,0.0,0.0,69,-4.950410415642438e+32,-0.0,0.0,0.0,0.0,0.0,0.0,0.0,0.0,0,0,0,0.0,0.0,0.0,0.0,0.0,0.0,0.0,0.0,0.0,0.0,0.0,0.0,0.0,0.0,0.0,0.0,0,-107875648.0,69,0.0,138,0.0,2.012,ERR,ERR,ERR,ERR,ERR,ERR,ERR,ERR,ERR,ERR,ERR,ERR,ERR,ERR,ERR,ERR,ERR,ERR,ERR,ERR,ERR,ERR,ERR,ERR,ERR,ERR,ERR,ERR,ERR,ERR,ERR,ERR,ERR,ERR,ERR,ERR,ERR,ERR,ERR,ERR,ERR,ERR,ERR,ERR,ERR,ERR,ERR,ERR,ERR,ERR,ERR,ERR,ERR,ERR,ERR,ERR,ERR,ERR,ERR,ERR,ERR,ERR,ERR,ERR,ERR,ERR,ERR,60.0,60.0,35,0.0,0.0,0.0,0.0,0.0,0.0,0.0,0.0,0.0,0.0,0.0,0.0,0.0,0.0,0.0,0.0,64.8,0,107,52,37,65476,0,300,0,0,8,20529,65476,0,0,2621,60.0,0.0,0.0,0.0,0.0,0.0
2026-07-09T15:45:00,ERR,ERR,ERR,ERR,ERR,ERR,ERR,ERR,ERR,ERR,ERR,ERR,ERR,ERR,ERR,ERR,ERR,ERR,ERR,ERR,ERR,ERR,ERR,ERR,ERR,ERR,ERR,ERR,ERR,ERR,ERR,ERR,ERR,ERR,ERR,ERR,ERR,ERR,ERR,ERR,ERR,ERR,ERR,ERR,ERR,ERR,ERR,ERR,ERR,ERR,ERR,ERR,ERR,ERR,ERR,ERR,ERR,ERR,ERR,ERR,ERR,ERR,ERR,ERR,ERR,ERR,ERR,ERR,ERR,ERR,ERR,ERR,ERR,ERR,ERR,ERR,ERR,ERR,ERR,ERR,ERR,ERR,ERR,ERR,ERR,ERR,ERR,ERR,ERR,ERR,ERR,ERR,ERR,ERR,ERR,ERR,ERR,ERR,ERR,ERR,ERR,ERR,ERR,ERR,ERR,ERR,ERR,ERR,ERR,ERR,ERR,ERR,ERR,ERR,ERR,ERR,ERR,ERR,ERR,ERR,ERR,ERR,ERR,ERR,ERR,-0.0,0.0,2.7184282194282406e+23,-0.0,6.660790058455092e+35,1.076267004436021e+33,-0.0,-0.0,0,0,4,17355,7116,0.0,100,0.0,0.0,-0.0,0.0,0.0,0,0,0,0,0.0,0,0,0,0,0,0,0,0,0,0,0,0,0,0,0,0,0,0,0,0,0,0,0,0,0,0,0,0,0,0,0,0,0,31,40,40,71,65476,0,300,0,0,8,21553,0.0,-107605600.0,0.0,0.0,0.0,0.0,0.0,0.0,0.0,0.0,0.0,0.0,0.0,0.0,0.0,0.0,0.0,0.0,0.0,0.0,0.0,0.0,0.0,3.697074423243316e+19,0.0,0.0,0.0,0.0,0.0,0.0,5119.0,0.0,6914.0,-0.0,-0.0,2.004,2.004,0.0,0.0,0.0,0.0,69,-4.950410415642438e+32,-0.0,0.0,0.0,0.0,0.0,0.0,0.0,0.0,0,0,0,0.0,0.0,0.0,0.0,0.0,0.0,0.0,0.0,0.0,0.0,0.0,0.0,0.0,0.0,0.0,0.0,0,-107875648.0,69,0.0,138,0.0,2.012,ERR,ERR,ERR,ERR,ERR,ERR,ERR,ERR,ERR,ERR,ERR,ERR,ERR,ERR,ERR,ERR,ERR,ERR,ERR,ERR,ERR,ERR,ERR,ERR,ERR,ERR,ERR,ERR,ERR,ERR,ERR,ERR,ERR,ERR,ERR,ERR,ERR,ERR,ERR,ERR,ERR,ERR,ERR,ERR,ERR,ERR,ERR,ERR,ERR,ERR,ERR,ERR,ERR,ERR,ERR,ERR,ERR,ERR,ERR,ERR,ERR,ERR,ERR,ERR,ERR,ERR,ERR,60.0,60.0,35,0.0,0.0,0.0,0.0,0.0,0.0,0.0,0.0,0.0,0.0,0.0,0.0,0.0,0.0,0.0,0.0,64.8,0,107,52,37,65476,0,300,0,0,8,20529,65476,0,0,2621,60.0,0.0,0.0,0.0,0.0,0.0
2026-07-09T15:45:01,ERR,ERR,ERR,ERR,ERR,ERR,ERR,ERR,ERR,ERR,ERR,ERR,ERR,ERR,ERR,ERR,ERR,ERR,ERR,ERR,ERR,ERR,ERR,ERR,ERR,ERR,ERR,ERR,ERR,ERR,ERR,ERR,ERR,ERR,ERR,ERR,ERR,ERR,ERR,ERR,ERR,ERR,ERR,ERR,ERR,ERR,ERR,ERR,ERR,ERR,ERR,ERR,ERR,ERR,ERR,ERR,ERR,ERR,ERR,ERR,ERR,ERR,ERR,ERR,ERR,ERR,ERR,ERR,ERR,ERR,ERR,ERR,ERR,ERR,ERR,ERR,ERR,ERR,ERR,ERR,ERR,ERR,ERR,ERR,ERR,ERR,ERR,ERR,ERR,ERR,ERR,ERR,ERR,ERR,ERR,ERR,ERR,ERR,ERR,ERR,ERR,ERR,ERR,ERR,ERR,ERR,ERR,ERR,ERR,ERR,ERR,ERR,ERR,ERR,ERR,ERR,ERR,ERR,ERR,ERR,ERR,ERR,ERR,ERR,ERR,-0.0,0.0,2.7184282194282406e+23,-0.0,6.660790058455092e+35,1.076267004436021e+33,-0.0,-0.0,0,0,4,17355,7116,0.0,100,0.0,0.0,-0.0,0.0,0.0,0,0,0,0,0.0,0,0,0,0,0,0,0,0,0,0,0,0,0,0,0,0,0,0,0,0,0,0,0,0,0,0,0,0,0,0,0,0,0,31,40,40,71,65476,0,300,0,0,8,21553,0.0,-107605600.0,0.0,0.0,0.0,0.0,0.0,0.0,0.0,0.0,0.0,0.0,0.0,0.0,0.0,0.0,0.0,0.0,0.0,0.0,0.0,0.0,0.0,3.697074423243316e+19,0.0,0.0,0.0,0.0,0.0,0.0,5119.0,0.0,6914.0,-0.0,-0.0,2.004,2.004,0.0,0.0,0.0,0.0,69,-4.950410415642438e+32,-0.0,0.0,0.0,0.0,0.0,0.0,0.0,0.0,0,0,0,0.0,0.0,0.0,0.0,0.0,0.0,0.0,0.0,0.0,0.0,0.0,0.0,0.0,0.0,0.0,0.0,0,-107875648.0,69,0.0,138,0.0,2.012,ERR,ERR,ERR,ERR,ERR,ERR,ERR,ERR,ERR,ERR,ERR,ERR,ERR,ERR,ERR,ERR,ERR,ERR,ERR,ERR,ERR,ERR,ERR,ERR,ERR,ERR,ERR,ERR,ERR,ERR,ERR,ERR,ERR,ERR,ERR,ERR,ERR,ERR,ERR,ERR,ERR,ERR,ERR,ERR,ERR,ERR,ERR,ERR,ERR,ERR,ERR,ERR,ERR,ERR,ERR,ERR,ERR,ERR,ERR,ERR,ERR,ERR,ERR,ERR,ERR,ERR,ERR,60.0,60.0,35,0.0,0.0,0.0,0.0,0.0,0.0,0.0,0.0,0.0,0.0,0.0,0.0,0.0,0.0,0.0,0.0,64.8,0,107,52,37,65476,0,300,0,0,8,20529,65476,0,0,2621,60.0,0.0,0.0,0.0,0.0,0.0
2026-07-09T15:45:02,ERR,ERR,ERR,ERR,ERR,ERR,ERR,ERR,ERR,ERR,ERR,ERR,ERR,ERR,ERR,ERR,ERR,ERR,ERR,ERR,ERR,ERR,ERR,ERR,ERR,ERR,ERR,ERR,ERR,ERR,ERR,ERR,ERR,ERR,ERR,ERR,ERR,ERR,ERR,ERR,ERR,ERR,ERR,ERR,ERR,ERR,ERR,ERR,ERR,ERR,ERR,ERR,ERR,ERR,ERR,ERR,ERR,ERR,ERR,ERR,ERR,ERR,ERR,ERR,ERR,ERR,ERR,ERR,ERR,ERR,ERR,ERR,ERR,ERR,ERR,ERR,ERR,ERR,ERR,ERR,ERR,ERR,ERR,ERR,ERR,ERR,ERR,ERR,ERR,ERR,ERR,ERR,ERR,ERR,ERR,ERR,ERR,ERR,ERR,ERR,ERR,ERR,ERR,ERR,ERR,ERR,ERR,ERR,ERR,ERR,ERR,ERR,ERR,ERR,ERR,ERR,ERR,ERR,ERR,ERR,ERR,ERR,ERR,ERR,ERR,-0.0,0.0,2.7184283995722257e+23,2.7183478752108883e+23,-1.2344697640032577e+27,0.0,1.8590710138306316e+28,0.432,0,0,4,17356,7116,0.0,100,0.0,0.0,2.7183478752108883e+23,0.0,0.0,0,0,0,0,0.0,0,0,0,0,0,0,0,0,0,0,0,0,0,0,0,0,0,0,0,0,0,0,0,0,0,0,0,0,0,0,0,0,0,31,40,40,71,65476,0,300,0,0,8,21553,0.0,-107605600.0,0.0,0.0,0.0,0.0,0.0,0.0,0.0,0.0,0.0,0.0,0.0,0.0,0.0,0.0,0.0,0.0,0.0,0.0,0.0,0.0,0.0,0.0,0.0,0.0,0.0,0.0,0.0,0.0,5108.0,0.0,6915.0,-0.0,-0.0,2.004,2.004,0.0,0.0,0.0,0.0,69,126840725504.0,-0.0,0.0,0.0,0.0,0.0,0.0,0.0,0.0,0,0,0,0.0,0.0,0.0,0.0,0.0,0.0,0.0,0.0,0.0,0.0,0.0,0.0,0.0,0.0,0.0,0.0,0,-107875648.0,69,0.0,138,0.0,2.012,ERR,ERR,ERR,ERR,ERR,ERR,ERR,ERR,ERR,ERR,ERR,ERR,ERR,ERR,ERR,ERR,ERR,ERR,ERR,ERR,ERR,ERR,ERR,ERR,ERR,ERR,ERR,ERR,ERR,ERR,ERR,ERR,ERR,ERR,ERR,ERR,ERR,ERR,ERR,ERR,ERR,ERR,ERR,ERR,ERR,ERR,ERR,ERR,ERR,ERR,ERR,ERR,ERR,ERR,ERR,ERR,ERR,ERR,ERR,ERR,ERR,ERR,ERR,ERR,ERR,ERR,ERR,60.0,60.0,35,0.0,0.0,0.0,0.0,0.0,0.0,0.0,0.0,0.0,0.0,0.0,0.0,0.0,0.0,0.0,0.0,64.8,0,107,52,37,65476,0,300,0,0,8,20529,65476,0,0,2621,60.0,0.0,0.0,0.0,0.0,0.0
2026-07-09T15:45:03,ERR,ERR,ERR,ERR,ERR,ERR,ERR,ERR,ERR,ERR,ERR,ERR,ERR,ERR,ERR,ERR,ERR,ERR,ERR,ERR,ERR,ERR,ERR,ERR,ERR,ERR,ERR,ERR,ERR,ERR,ERR,ERR,ERR,ERR,ERR,ERR,ERR,ERR,ERR,ERR,ERR,ERR,ERR,ERR,ERR,ERR,ERR,ERR,ERR,ERR,ERR,ERR,ERR,ERR,ERR,ERR,ERR,ERR,ERR,ERR,ERR,ERR,ERR,ERR,ERR,ERR,ERR,ERR,ERR,ERR,ERR,ERR,ERR,ERR,ERR,ERR,ERR,ERR,ERR,ERR,ERR,ERR,ERR,ERR,ERR,ERR,ERR,ERR,ERR,ERR,ERR,ERR,ERR,ERR,ERR,ERR,ERR,ERR,ERR,ERR,ERR,ERR,ERR,ERR,ERR,ERR,ERR,ERR,ERR,ERR,ERR,ERR,ERR,ERR,ERR,ERR,ERR,ERR,ERR,ERR,ERR,ERR,ERR,ERR,ERR,-0.0,0.0,2.7184283995722257e+23,2.7183478752108883e+23,-1.2344697640032577e+27,0.0,1.8590710138306316e+28,0.432,0,0,4,17356,7116,0.0,100,0.0,0.0,2.7183478752108883e+23,0.0,0.0,0,0,0,0,0.0,0,0,0,0,0,0,0,0,0,0,0,0,0,0,0,0,0,0,0,0,0,0,0,0,0,0,0,0,0,0,0,0,0,31,40,40,71,65476,0,300,0,0,8,21553,0.0,-107605600.0,0.0,0.0,0.0,0.0,0.0,0.0,0.0,0.0,0.0,0.0,0.0,0.0,0.0,0.0,0.0,0.0,0.0,0.0,0.0,0.0,0.0,0.0,0.0,0.0,0.0,0.0,0.0,0.0,5108.0,0.0,6915.0,-0.0,-0.0,2.004,2.004,0.0,0.0,0.0,0.0,69,126840725504.0,-0.0,0.0,0.0,0.0,0.0,0.0,0.0,0.0,0,0,0,0.0,0.0,0.0,0.0,0.0,0.0,0.0,0.0,0.0,0.0,0.0,0.0,0.0,0.0,0.0,0.0,0,-107875648.0,69,0.0,138,0.0,2.012,ERR,ERR,ERR,ERR,ERR,ERR,ERR,ERR,ERR,ERR,ERR,ERR,ERR,ERR,ERR,ERR,ERR,ERR,ERR,ERR,ERR,ERR,ERR,ERR,ERR,ERR,ERR,ERR,ERR,ERR,ERR,ERR,ERR,ERR,ERR,ERR,ERR,ERR,ERR,ERR,ERR,ERR,ERR,ERR,ERR,ERR,ERR,ERR,ERR,ERR,ERR,ERR,ERR,ERR,ERR,ERR,ERR,ERR,ERR,ERR,ERR,ERR,ERR,ERR,ERR,ERR,ERR,60.0,60.0,35,0.0,0.0,0.0,0.0,0.0,0.0,0.0,0.0,0.0,0.0,0.0,0.0,0.0,0.0,0.0,0.0,64.8,0,107,52,37,65476,0,300,0,0,8,20529,65476,0,0,2621,60.0,0.0,0.0,0.0,0.0,0.0
2026-07-09T15:45:04,ERR,ERR,ERR,ERR,ERR,ERR,ERR,ERR,ERR,ERR,ERR,ERR,ERR,ERR,ERR,ERR,ERR,ERR,ERR,ERR,ERR,ERR,ERR,ERR,ERR,ERR,ERR,ERR,ERR,ERR,ERR,ERR,ERR,ERR,ERR,ERR,ERR,ERR,ERR,ERR,ERR,ERR,ERR,ERR,ERR,ERR,ERR,ERR,ERR,ERR,ERR,ERR,ERR,ERR,ERR,ERR,ERR,ERR,ERR,ERR,ERR,ERR,ERR,ERR,ERR,ERR,ERR,ERR,ERR,ERR,ERR,ERR,ERR,ERR,ERR,ERR,ERR,ERR,ERR,ERR,ERR,ERR,ERR,ERR,ERR,ERR,ERR,ERR,ERR,ERR,ERR,ERR,ERR,ERR,ERR,ERR,ERR,ERR,ERR,ERR,ERR,ERR,ERR,ERR,ERR,ERR,ERR,ERR,ERR,ERR,ERR,ERR,ERR,ERR,ERR,ERR,ERR,ERR,ERR,ERR,ERR,ERR,ERR,ERR,ERR,-0.0,0.0,2.7184283995722257e+23,2.7183478752108883e+23,-1.2344697640032577e+27,0.0,1.8590710138306316e+28,0.432,0,0,4,17356,7116,0.0,100,0.0,0.0,2.7183478752108883e+23,0.0,0.0,0,0,0,0,0.0,0,0,0,0,0,0,0,0,0,0,0,0,0,0,0,0,0,0,0,0,0,0,0,0,0,0,0,0,0,0,0,0,0,31,40,40,71,65476,0,300,0,0,8,21553,0.0,-107605600.0,0.0,0.0,0.0,0.0,0.0,0.0,0.0,0.0,0.0,0.0,0.0,0.0,0.0,0.0,0.0,0.0,0.0,0.0,0.0,0.0,0.0,0.0,0.0,0.0,0.0,0.0,0.0,0.0,5108.0,0.0,6915.0,-0.0,-0.0,2.004,2.004,0.0,0.0,0.0,0.0,69,126840725504.0,-0.0,0.0,0.0,0.0,0.0,0.0,0.0,0.0,0,0,0,0.0,0.0,0.0,0.0,0.0,0.0,0.0,0.0,0.0,0.0,0.0,0.0,0.0,0.0,0.0,0.0,0,-107875648.0,69,0.0,138,0.0,2.012,ERR,ERR,ERR,ERR,ERR,ERR,ERR,ERR,ERR,ERR,ERR,ERR,ERR,ERR,ERR,ERR,ERR,ERR,ERR,ERR,ERR,ERR,ERR,ERR,ERR,ERR,ERR,ERR,ERR,ERR,ERR,ERR,ERR,ERR,ERR,ERR,ERR,ERR,ERR,ERR,ERR,ERR,ERR,ERR,ERR,ERR,ERR,ERR,ERR,ERR,ERR,ERR,ERR,ERR,ERR,ERR,ERR,ERR,ERR,ERR,ERR,ERR,ERR,ERR,ERR,ERR,ERR,60.0,60.0,35,0.0,0.0,0.0,0.0,0.0,0.0,0.0,0.0,0.0,0.0,0.0,0.0,0.0,0.0,0.0,0.0,64.8,0,107,52,37,65476,0,300,0,0,8,20529,65476,0,0,2621,60.0,0.0,0.0,0.0,0.0,0.0
2026-07-09T15:45:05,ERR,ERR,ERR,ERR,ERR,ERR,ERR,ERR,ERR,ERR,ERR,ERR,ERR,ERR,ERR,ERR,ERR,ERR,ERR,ERR,ERR,ERR,ERR,ERR,ERR,ERR,ERR,ERR,ERR,ERR,ERR,ERR,ERR,ERR,ERR,ERR,ERR,ERR,ERR,ERR,ERR,ERR,ERR,ERR,ERR,ERR,ERR,ERR,ERR,ERR,ERR,ERR,ERR,ERR,ERR,ERR,ERR,ERR,ERR,ERR,ERR,ERR,ERR,ERR,ERR,ERR,ERR,ERR,ERR,ERR,ERR,ERR,ERR,ERR,ERR,ERR,ERR,ERR,ERR,ERR,ERR,ERR,ERR,ERR,ERR,ERR,ERR,ERR,ERR,ERR,ERR,ERR,ERR,ERR,ERR,ERR,ERR,ERR,ERR,ERR,ERR,ERR,ERR,ERR,ERR,ERR,ERR,ERR,ERR,ERR,ERR,ERR,ERR,ERR,ERR,ERR,ERR,ERR,ERR,ERR,ERR,ERR,ERR,ERR,ERR,-0.0,0.0,2.7184283995722257e+23,2.7183478752108883e+23,-1.2344697640032577e+27,0.0,1.8590710138306316e+28,0.432,0,0,4,17356,7116,0.0,100,0.0,0.0,2.7183478752108883e+23,0.0,0.0,0,0,0,0,0.0,0,0,0,0,0,0,0,0,0,0,0,0,0,0,0,0,0,0,0,0,0,0,0,0,0,0,0,0,0,0,0,0,0,31,40,40,71,65476,0,300,0,0,8,21553,0.0,-107605600.0,0.0,0.0,0.0,0.0,0.0,0.0,0.0,0.0,0.0,0.0,0.0,0.0,0.0,0.0,0.0,0.0,0.0,0.0,0.0,0.0,0.0,0.0,0.0,0.0,0.0,0.0,0.0,0.0,5108.0,0.0,6915.0,-0.0,-0.0,2.004,2.004,0.0,0.0,0.0,0.0,69,126840725504.0,-0.0,0.0,0.0,0.0,0.0,0.0,0.0,0.0,0,0,0,0.0,0.0,0.0,0.0,0.0,0.0,0.0,0.0,0.0,0.0,0.0,0.0,0.0,0.0,0.0,0.0,0,-107875648.0,69,0.0,138,0.0,2.012,ERR,ERR,ERR,ERR,ERR,ERR,ERR,ERR,ERR,ERR,ERR,ERR,ERR,ERR,ERR,ERR,ERR,ERR,ERR,ERR,ERR,ERR,ERR,ERR,ERR,ERR,ERR,ERR,ERR,ERR,ERR,ERR,ERR,ERR,ERR,ERR,ERR,ERR,ERR,ERR,ERR,ERR,ERR,ERR,ERR,ERR,ERR,ERR,ERR,ERR,ERR,ERR,ERR,ERR,ERR,ERR,ERR,ERR,ERR,ERR,ERR,ERR,ERR,ERR,ERR,ERR,ERR,60.0,60.0,35,0.0,0.0,0.0,0.0,0.0,0.0,0.0,0.0,0.0,0.0,0.0,0.0,0.0,0.0,0.0,0.0,64.8,0,107,52,37,65476,0,300,0,0,8,20529,65476,0,0,2621,60.0,0.0,0.0,0.0,0.0,0.0
2026-07-09T15:45:06,ERR,ERR,ERR,ERR,ERR,ERR,ERR,ERR,ERR,ERR,ERR,ERR,ERR,ERR,ERR,ERR,ERR,ERR,ERR,ERR,ERR,ERR,ERR,ERR,ERR,ERR,ERR,ERR,ERR,ERR,ERR,ERR,ERR,ERR,ERR,ERR,ERR,ERR,ERR,ERR,ERR,ERR,ERR,ERR,ERR,ERR,ERR,ERR,ERR,ERR,ERR,ERR,ERR,ERR,ERR,ERR,ERR,ERR,ERR,ERR,ERR,ERR,ERR,ERR,ERR,ERR,ERR,ERR,ERR,ERR,ERR,ERR,ERR,ERR,ERR,ERR,ERR,ERR,ERR,ERR,ERR,ERR,ERR,ERR,ERR,ERR,ERR,ERR,ERR,ERR,ERR,ERR,ERR,ERR,ERR,ERR,ERR,ERR,ERR,ERR,ERR,ERR,ERR,ERR,ERR,ERR,ERR,ERR,ERR,ERR,ERR,ERR,ERR,ERR,ERR,ERR,ERR,ERR,ERR,ERR,ERR,ERR,ERR,ERR,ERR,-0.0,0.0,0.0,2.7183478752108883e+23,0.0,0.0,-0.0,-0.0,0,0,4,17360,7116,0.0,100,0.0,0.0,2.7183478752108883e+23,0.0,0.0,0,0,0,0,0.0,0,0,0,0,0,0,0,0,0,0,0,0,0,0,0,0,0,0,0,0,0,0,0,0,0,0,0,0,0,0,0,0,0,31,40,40,71,65476,0,300,0,0,8,21553,0.0,-107605600.0,0.0,0.0,0.0,0.0,0.0,0.0,0.0,0.0,0.0,0.0,0.0,0.0,0.0,0.0,0.0,0.0,0.0,0.0,0.0,0.0,0.0,-0.0,0.0,0.0,0.0,0.0,0.0,0.0,5118.0,0.0,6916.0,-0.0,0.0,2.004,2.004,0.0,0.0,0.0,0.0,69,-0.0,-0.0,0.0,0.0,0.0,0.0,0.0,0.0,0.0,0,0,0,0.0,0.0,0.0,0.0,0.0,0.0,0.0,0.0,0.0,0.0,0.0,0.0,0.0,0.0,0.0,0.0,0,-107875648.0,69,0.0,138,0.0,2.012,ERR,ERR,ERR,ERR,ERR,ERR,ERR,ERR,ERR,ERR,ERR,ERR,ERR,ERR,ERR,ERR,ERR,ERR,ERR,ERR,ERR,ERR,ERR,ERR,ERR,ERR,ERR,ERR,ERR,ERR,ERR,ERR,ERR,ERR,ERR,ERR,ERR,ERR,ERR,ERR,ERR,ERR,ERR,ERR,ERR,ERR,ERR,ERR,ERR,ERR,ERR,ERR,ERR,ERR,ERR,ERR,ERR,ERR,ERR,ERR,ERR,ERR,ERR,ERR,ERR,ERR,ERR,60.0,60.0,35,0.0,0.0,0.0,0.0,0.0,0.0,0.0,0.0,0.0,0.0,0.0,0.0,0.0,0.0,0.0,0.0,64.8,0,107,52,37,65476,0,300,0,0,8,20529,65476,0,0,2621,60.0,0.0,0.0,0.0,0.0,0.0
2026-07-09T15:45:07,ERR,ERR,ERR,ERR,ERR,ERR,ERR,ERR,ERR,ERR,ERR,ERR,ERR,ERR,ERR,ERR,ERR,ERR,ERR,ERR,ERR,ERR,ERR,ERR,ERR,ERR,ERR,ERR,ERR,ERR,ERR,ERR,ERR,ERR,ERR,ERR,ERR,ERR,ERR,ERR,ERR,ERR,ERR,ERR,ERR,ERR,ERR,ERR,ERR,ERR,ERR,ERR,ERR,ERR,ERR,ERR,ERR,ERR,ERR,ERR,ERR,ERR,ERR,ERR,ERR,ERR,ERR,ERR,ERR,ERR,ERR,ERR,ERR,ERR,ERR,ERR,ERR,ERR,ERR,ERR,ERR,ERR,ERR,ERR,ERR,ERR,ERR,ERR,ERR,ERR,ERR,ERR,ERR,ERR,ERR,ERR,ERR,ERR,ERR,ERR,ERR,ERR,ERR,ERR,ERR,ERR,ERR,ERR,ERR,ERR,ERR,ERR,ERR,ERR,ERR,ERR,ERR,ERR,ERR,ERR,ERR,ERR,ERR,ERR,ERR,-0.0,0.0,0.0,2.7183478752108883e+23,0.0,0.0,-0.0,-0.0,0,0,4,17360,7116,0.0,100,0.0,0.0,2.7183478752108883e+23,0.0,0.0,0,0,0,0,0.0,0,0,0,0,0,0,0,0,0,0,0,0,0,0,0,0,0,0,0,0,0,0,0,0,0,0,0,0,0,0,0,0,0,31,40,40,71,65476,0,300,0,0,8,21553,0.0,-107605600.0,0.0,0.0,0.0,0.0,0.0,0.0,0.0,0.0,0.0,0.0,0.0,0.0,0.0,0.0,0.0,0.0,0.0,0.0,0.0,0.0,0.0,-0.0,0.0,0.0,0.0,0.0,0.0,0.0,5118.0,0.0,6916.0,-0.0,0.0,2.004,2.004,0.0,0.0,0.0,0.0,69,-0.0,-0.0,0.0,0.0,0.0,0.0,0.0,0.0,0.0,0,0,0,0.0,0.0,0.0,0.0,0.0,0.0,0.0,0.0,0.0,0.0,0.0,0.0,0.0,0.0,0.0,0.0,0,-107875648.0,69,0.0,138,0.0,2.012,ERR,ERR,ERR,ERR,ERR,ERR,ERR,ERR,ERR,ERR,ERR,ERR,ERR,ERR,ERR,ERR,ERR,ERR,ERR,ERR,ERR,ERR,ERR,ERR,ERR,ERR,ERR,ERR,ERR,ERR,ERR,ERR,ERR,ERR,ERR,ERR,ERR,ERR,ERR,ERR,ERR,ERR,ERR,ERR,ERR,ERR,ERR,ERR,ERR,ERR,ERR,ERR,ERR,ERR,ERR,ERR,ERR,ERR,ERR,ERR,ERR,ERR,ERR,ERR,ERR,ERR,ERR,60.0,60.0,35,0.0,0.0,0.0,0.0,0.0,0.0,0.0,0.0,0.0,0.0,0.0,0.0,0.0,0.0,0.0,0.0,65.6,0,107,52,37,65476,0,300,0,0,8,20529,65476,0,0,2621,60.0,0.0,0.0,0.0,0.0,0.0
2026-07-09T15:45:08,ERR,ERR,ERR,ERR,ERR,ERR,ERR,ERR,ERR,ERR,ERR,ERR,ERR,ERR,ERR,ERR,ERR,ERR,ERR,ERR,ERR,ERR,ERR,ERR,ERR,ERR,ERR,ERR,ERR,ERR,ERR,ERR,ERR,ERR,ERR,ERR,ERR,ERR,ERR,ERR,ERR,ERR,ERR,ERR,ERR,ERR,ERR,ERR,ERR,ERR,ERR,ERR,ERR,ERR,ERR,ERR,ERR,ERR,ERR,ERR,ERR,ERR,ERR,ERR,ERR,ERR,ERR,ERR,ERR,ERR,ERR,ERR,ERR,ERR,ERR,ERR,ERR,ERR,ERR,ERR,ERR,ERR,ERR,ERR,ERR,ERR,ERR,ERR,ERR,ERR,ERR,ERR,ERR,ERR,ERR,ERR,ERR,ERR,ERR,ERR,ERR,ERR,ERR,ERR,ERR,ERR,ERR,ERR,ERR,ERR,ERR,ERR,ERR,ERR,ERR,ERR,ERR,ERR,ERR,ERR,ERR,ERR,ERR,ERR,ERR,-0.0,0.0,0.0,2.7183478752108883e+23,0.0,0.0,-0.0,-0.0,0,0,4,17360,7116,0.0,100,0.0,0.0,2.7183478752108883e+23,0.0,0.0,0,0,0,0,0.0,0,0,0,0,0,0,0,0,0,0,0,0,0,0,0,0,0,0,0,0,0,0,0,0,0,0,0,0,0,0,0,0,0,31,40,40,71,65476,0,300,0,0,8,21553,0.0,-107605600.0,0.0,0.0,0.0,0.0,0.0,0.0,0.0,0.0,0.0,0.0,0.0,0.0,0.0,0.0,0.0,0.0,0.0,0.0,0.0,0.0,0.0,-0.0,0.0,0.0,0.0,0.0,0.0,0.0,5118.0,0.0,6916.0,-0.0,0.0,2.004,2.004,0.0,0.0,0.0,0.0,69,-0.0,-0.0,0.0,0.0,0.0,0.0,0.0,0.0,0.0,0,0,0,0.0,0.0,0.0,0.0,0.0,0.0,0.0,0.0,0.0,0.0,0.0,0.0,0.0,0.0,0.0,0.0,0,-107875648.0,69,0.0,138,0.0,2.012,ERR,ERR,ERR,ERR,ERR,ERR,ERR,ERR,ERR,ERR,ERR,ERR,ERR,ERR,ERR,ERR,ERR,ERR,ERR,ERR,ERR,ERR,ERR,ERR,ERR,ERR,ERR,ERR,ERR,ERR,ERR,ERR,ERR,ERR,ERR,ERR,ERR,ERR,ERR,ERR,ERR,ERR,ERR,ERR,ERR,ERR,ERR,ERR,ERR,ERR,ERR,ERR,ERR,ERR,ERR,ERR,ERR,ERR,ERR,ERR,ERR,ERR,ERR,ERR,ERR,ERR,ERR,60.0,60.0,35,0.0,0.0,0.0,0.0,0.0,0.0,0.0,0.0,0.0,0.0,0.0,0.0,0.0,0.0,0.0,0.0,65.6,0,107,52,37,65476,0,300,0,0,8,20529,65476,0,0,2621,60.0,0.0,0.0,0.0,0.0,0.0
2026-07-09T15:45:09,ERR,ERR,ERR,ERR,ERR,ERR,ERR,ERR,ERR,ERR,ERR,ERR,ERR,ERR,ERR,ERR,ERR,ERR,ERR,ERR,ERR,ERR,ERR,ERR,ERR,ERR,ERR,ERR,ERR,ERR,ERR,ERR,ERR,ERR,ERR,ERR,ERR,ERR,ERR,ERR,ERR,ERR,ERR,ERR,ERR,ERR,ERR,ERR,ERR,ERR,ERR,ERR,ERR,ERR,ERR,ERR,ERR,ERR,ERR,ERR,ERR,ERR,ERR,ERR,ERR,ERR,ERR,ERR,ERR,ERR,ERR,ERR,ERR,ERR,ERR,ERR,ERR,ERR,ERR,ERR,ERR,ERR,ERR,ERR,ERR,ERR,ERR,ERR,ERR,ERR,ERR,ERR,ERR,ERR,ERR,ERR,ERR,ERR,ERR,ERR,ERR,ERR,ERR,ERR,ERR,ERR,ERR,ERR,ERR,ERR,ERR,ERR,ERR,ERR,ERR,ERR,ERR,ERR,ERR,ERR,ERR,ERR,ERR,ERR,ERR,-0.0,0.0,0.0,2.7183478752108883e+23,0.0,0.0,-0.0,-0.0,0,0,4,17360,7116,0.0,100,0.0,0.0,2.7183478752108883e+23,0.0,0.0,0,0,0,0,0.0,0,0,0,0,0,0,0,0,0,0,0,0,0,0,0,0,0,0,0,0,0,0,0,0,0,0,0,0,0,0,0,0,0,31,40,40,71,65476,0,300,0,0,8,21553,0.0,-107605600.0,0.0,0.0,0.0,0.0,0.0,0.0,0.0,0.0,0.0,0.0,0.0,0.0,0.0,0.0,0.0,0.0,0.0,0.0,0.0,0.0,0.0,-0.0,0.0,0.0,0.0,0.0,0.0,0.0,5118.0,0.0,6916.0,-0.0,0.0,2.004,2.004,0.0,0.0,0.0,0.0,69,-0.0,-0.0,0.0,0.0,0.0,0.0,0.0,0.0,0.0,0,0,0,0.0,0.0,0.0,0.0,0.0,0.0,0.0,0.0,0.0,0.0,0.0,0.0,0.0,0.0,0.0,0.0,0,-107875648.0,69,0.0,138,0.0,2.012,ERR,ERR,ERR,ERR,ERR,ERR,ERR,ERR,ERR,ERR,ERR,ERR,ERR,ERR,ERR,ERR,ERR,ERR,ERR,ERR,ERR,ERR,ERR,ERR,ERR,ERR,ERR,ERR,ERR,ERR,ERR,ERR,ERR,ERR,ERR,ERR,ERR,ERR,ERR,ERR,ERR,ERR,ERR,ERR,ERR,ERR,ERR,ERR,ERR,ERR,ERR,ERR,ERR,ERR,ERR,ERR,ERR,ERR,ERR,ERR,ERR,ERR,ERR,ERR,ERR,ERR,ERR,60.0,60.0,35,0.0,0.0,0.0,0.0,0.0,0.0,0.0,0.0,0.0,0.0,0.0,0.0,0.0,0.0,0.0,0.0,64.8,0,107,52,37,65476,0,300,0,0,8,20529,65476,0,0,2621,60.0,0.0,0.0,0.0,0.0,0.0
2026-07-09T15:45:10,ERR,ERR,ERR,ERR,ERR,ERR,ERR,ERR,ERR,ERR,ERR,ERR,ERR,ERR,ERR,ERR,ERR,ERR,ERR,ERR,ERR,ERR,ERR,ERR,ERR,ERR,ERR,ERR,ERR,ERR,ERR,ERR,ERR,ERR,ERR,ERR,ERR,ERR,ERR,ERR,ERR,ERR,ERR,ERR,ERR,ERR,ERR,ERR,ERR,ERR,ERR,ERR,ERR,ERR,ERR,ERR,ERR,ERR,ERR,ERR,ERR,ERR,ERR,ERR,ERR,ERR,ERR,ERR,ERR,ERR,ERR,ERR,ERR,ERR,ERR,ERR,ERR,ERR,ERR,ERR,ERR,ERR,ERR,ERR,ERR,ERR,ERR,ERR,ERR,ERR,ERR,ERR,ERR,ERR,ERR,ERR,ERR,ERR,ERR,ERR,ERR,ERR,ERR,ERR,ERR,ERR,ERR,ERR,ERR,ERR,ERR,ERR,ERR,ERR,ERR,ERR,ERR,ERR,ERR,ERR,ERR,ERR,ERR,ERR,ERR,-0.0,0.0,0.0,2.7183478752108883e+23,0.0,0.0,-0.0,-0.0,0,0,4,17360,7116,0.0,100,0.0,0.0,2.7183478752108883e+23,0.0,0.0,0,0,0,0,0.0,0,0,0,0,0,0,0,0,0,0,0,0,0,0,0,0,0,0,0,0,0,0,0,0,0,0,0,0,0,0,0,0,0,31,40,40,71,65476,0,300,0,0,8,21553,0.0,-107605600.0,0.0,0.0,0.0,0.0,0.0,0.0,0.0,0.0,0.0,0.0,0.0,0.0,0.0,0.0,0.0,0.0,0.0,0.0,0.0,0.0,0.0,-0.0,0.0,0.0,0.0,0.0,0.0,0.0,5118.0,0.0,6916.0,-0.0,0.0,2.004,2.004,0.0,0.0,0.0,0.0,69,-0.0,-0.0,0.0,0.0,0.0,0.0,0.0,0.0,0.0,0,0,0,0.0,0.0,0.0,0.0,0.0,0.0,0.0,0.0,0.0,0.0,0.0,0.0,0.0,0.0,0.0,0.0,0,-107875648.0,69,0.0,138,0.0,2.012,ERR,ERR,ERR,ERR,ERR,ERR,ERR,ERR,ERR,ERR,ERR,ERR,ERR,ERR,ERR,ERR,ERR,ERR,ERR,ERR,ERR,ERR,ERR,ERR,ERR,ERR,ERR,ERR,ERR,ERR,ERR,ERR,ERR,ERR,ERR,ERR,ERR,ERR,ERR,ERR,ERR,ERR,ERR,ERR,ERR,ERR,ERR,ERR,ERR,ERR,ERR,ERR,ERR,ERR,ERR,ERR,ERR,ERR,ERR,ERR,ERR,ERR,ERR,ERR,ERR,ERR,ERR,60.0,60.0,35,0.0,0.0,0.0,0.0,0.0,0.0,0.0,0.0,0.0,0.0,0.0,0.0,0.0,0.0,0.0,0.0,64.8,0,107,52,37,65476,0,300,0,0,8,20529,65476,0,0,2621,60.0,0.0,0.0,0.0,0.0,0.0
2026-07-09T15:45:11,ERR,ERR,ERR,ERR,ERR,ERR,ERR,ERR,ERR,ERR,ERR,ERR,ERR,ERR,ERR,ERR,ERR,ERR,ERR,ERR,ERR,ERR,ERR,ERR,ERR,ERR,ERR,ERR,ERR,ERR,ERR,ERR,ERR,ERR,ERR,ERR,ERR,ERR,ERR,ERR,ERR,ERR,ERR,ERR,ERR,ERR,ERR,ERR,ERR,ERR,ERR,ERR,ERR,ERR,ERR,ERR,ERR,ERR,ERR,ERR,ERR,ERR,ERR,ERR,ERR,ERR,ERR,ERR,ERR,ERR,ERR,ERR,ERR,ERR,ERR,ERR,ERR,ERR,ERR,ERR,ERR,ERR,ERR,ERR,ERR,ERR,ERR,ERR,ERR,ERR,ERR,ERR,ERR,ERR,ERR,ERR,ERR,ERR,ERR,ERR,ERR,ERR,ERR,ERR,ERR,ERR,ERR,ERR,ERR,ERR,ERR,ERR,ERR,ERR,ERR,ERR,ERR,ERR,ERR,ERR,ERR,ERR,ERR,ERR,ERR,-0.0,-0.0,-107615280.0,-0.0,17768445378560.0,-729.021,2.104737830301211e+23,5.368353208086089e+19,0,0,4,17361,7116,0.0,100,0.0,0.0,-0.0,0.0,0.0,0,0,0,0,0.0,0,0,0,0,0,0,0,0,0,0,0,0,0,0,0,0,0,0,0,0,0,0,0,0,0,0,0,0,0,0,0,0,0,31,40,40,71,65476,0,300,0,0,8,21553,0.0,-107605600.0,0.0,0.0,0.0,0.0,0.0,0.0,0.0,0.0,0.0,0.0,0.0,0.0,0.0,0.0,0.0,0.0,0.0,0.0,0.0,0.0,0.0,-3.697074863047967e+19,0.0,0.0,0.0,0.0,0.0,0.0,5106.0,2.004,6920.0,-0.0,-107616248.0,2.004,2.004,0.0,0.0,0.0,0.0,69,0.0,-152017330765824.0,0.0,0.0,0.0,0.0,0.0,0.0,0.0,0,0,0,0.0,0.0,0.0,0.0,0.0,0.0,0.0,0.0,0.0,0.0,0.0,0.0,0.0,0.0,0.0,0.0,0,-107875648.0,69,0.0,138,0.0,2.012,ERR,ERR,ERR,ERR,ERR,ERR,ERR,ERR,ERR,ERR,ERR,ERR,ERR,ERR,ERR,ERR,ERR,ERR,ERR,ERR,ERR,ERR,ERR,ERR,ERR,ERR,ERR,ERR,ERR,ERR,ERR,ERR,ERR,ERR,ERR,ERR,ERR,ERR,ERR,ERR,ERR,ERR,ERR,ERR,ERR,ERR,ERR,ERR,ERR,ERR,ERR,ERR,ERR,ERR,ERR,ERR,ERR,ERR,ERR,ERR,ERR,ERR,ERR,ERR,ERR,ERR,ERR,60.0,60.0,35,0.0,0.0,0.0,0.0,0.0,0.0,0.0,0.0,0.0,0.0,0.0,0.0,0.0,0.0,0.0,0.0,64.8,0,107,52,37,65476,0,300,0,0,8,20529,65476,0,0,2621,60.0,0.0,0.0,0.0,0.0,0.0
2026-07-09T15:45:12,ERR,ERR,ERR,ERR,ERR,ERR,ERR,ERR,ERR,ERR,ERR,ERR,ERR,ERR,ERR,ERR,ERR,ERR,ERR,ERR,ERR,ERR,ERR,ERR,ERR,ERR,ERR,ERR,ERR,ERR,ERR,ERR,ERR,ERR,ERR,ERR,ERR,ERR,ERR,ERR,ERR,ERR,ERR,ERR,ERR,ERR,ERR,ERR,ERR,ERR,ERR,ERR,ERR,ERR,ERR,ERR,ERR,ERR,ERR,ERR,ERR,ERR,ERR,ERR,ERR,ERR,ERR,ERR,ERR,ERR,ERR,ERR,ERR,ERR,ERR,ERR,ERR,ERR,ERR,ERR,ERR,ERR,ERR,ERR,ERR,ERR,ERR,ERR,ERR,ERR,ERR,ERR,ERR,ERR,ERR,ERR,ERR,ERR,ERR,ERR,ERR,ERR,ERR,ERR,ERR,ERR,ERR,ERR,ERR,ERR,ERR,ERR,ERR,ERR,ERR,ERR,ERR,ERR,ERR,ERR,ERR,ERR,ERR,ERR,ERR,-0.0,-0.0,-107615280.0,-0.0,17768445378560.0,-729.021,2.104737830301211e+23,5.368353208086089e+19,0,0,4,17361,7116,0.0,100,0.0,0.0,-0.0,0.0,0.0,0,0,0,0,0.0,0,0,0,0,0,0,0,0,0,0,0,0,0,0,0,0,0,0,0,0,0,0,0,0,0,0,0,0,0,0,0,0,0,31,40,40,71,65476,0,300,0,0,8,21553,0.0,-107605600.0,0.0,0.0,0.0,0.0,0.0,0.0,0.0,0.0,0.0,0.0,0.0,0.0,0.0,0.0,0.0,0.0,0.0,0.0,0.0,0.0,0.0,-3.697074863047967e+19,0.0,0.0,0.0,0.0,0.0,0.0,5106.0,2.004,6920.0,-0.0,-107616248.0,2.004,2.004,0.0,0.0,0.0,0.0,69,0.0,-152017330765824.0,0.0,0.0,0.0,0.0,0.0,0.0,0.0,0,0,0,0.0,0.0,0.0,0.0,0.0,0.0,0.0,0.0,0.0,0.0,0.0,0.0,0.0,0.0,0.0,0.0,0,-107875648.0,69,0.0,138,0.0,2.012,ERR,ERR,ERR,ERR,ERR,ERR,ERR,ERR,ERR,ERR,ERR,ERR,ERR,ERR,ERR,ERR,ERR,ERR,ERR,ERR,ERR,ERR,ERR,ERR,ERR,ERR,ERR,ERR,ERR,ERR,ERR,ERR,ERR,ERR,ERR,ERR,ERR,ERR,ERR,ERR,ERR,ERR,ERR,ERR,ERR,ERR,ERR,ERR,ERR,ERR,ERR,ERR,ERR,ERR,ERR,ERR,ERR,ERR,ERR,ERR,ERR,ERR,ERR,ERR,ERR,ERR,ERR,60.0,60.0,35,0.0,0.0,0.0,0.0,0.0,0.0,0.0,0.0,0.0,0.0,0.0,0.0,0.0,0.0,0.0,0.0,64.8,0,106,51,37,65476,0,300,0,0,8,20529,65476,0,0,2621,60.0,0.0,0.0,0.0,0.0,0.0
2026-07-09T15:45:13,ERR,ERR,ERR,ERR,ERR,ERR,ERR,ERR,ERR,ERR,ERR,ERR,ERR,ERR,ERR,ERR,ERR,ERR,ERR,ERR,ERR,ERR,ERR,ERR,ERR,ERR,ERR,ERR,ERR,ERR,ERR,ERR,ERR,ERR,ERR,ERR,ERR,ERR,ERR,ERR,ERR,ERR,ERR,ERR,ERR,ERR,ERR,ERR,ERR,ERR,ERR,ERR,ERR,ERR,ERR,ERR,ERR,ERR,ERR,ERR,ERR,ERR,ERR,ERR,ERR,ERR,ERR,ERR,ERR,ERR,ERR,ERR,ERR,ERR,ERR,ERR,ERR,ERR,ERR,ERR,ERR,ERR,ERR,ERR,ERR,ERR,ERR,ERR,ERR,ERR,ERR,ERR,ERR,ERR,ERR,ERR,ERR,ERR,ERR,ERR,ERR,ERR,ERR,ERR,ERR,ERR,ERR,ERR,ERR,ERR,ERR,ERR,ERR,ERR,ERR,ERR,ERR,ERR,ERR,ERR,ERR,ERR,ERR,ERR,ERR,-0.0,-0.0,-107615280.0,-0.0,17768445378560.0,-729.021,2.104737830301211e+23,5.368353208086089e+19,0,0,4,17361,7116,0.0,100,0.0,0.0,-0.0,0.0,0.0,0,0,0,0,0.0,0,0,0,0,0,0,0,0,0,0,0,0,0,0,0,0,0,0,0,0,0,0,0,0,0,0,0,0,0,0,0,0,0,31,40,40,71,65476,0,300,0,0,8,21553,0.0,-107605600.0,0.0,0.0,0.0,0.0,0.0,0.0,0.0,0.0,0.0,0.0,0.0,0.0,0.0,0.0,0.0,0.0,0.0,0.0,0.0,0.0,0.0,-3.697074863047967e+19,0.0,0.0,0.0,0.0,0.0,0.0,5106.0,2.004,6920.0,-0.0,-107616248.0,2.004,2.004,0.0,0.0,0.0,0.0,69,0.0,-152017330765824.0,0.0,0.0,0.0,0.0,0.0,0.0,0.0,0,0,0,0.0,0.0,0.0,0.0,0.0,0.0,0.0,0.0,0.0,0.0,0.0,0.0,0.0,0.0,0.0,0.0,0,-107875648.0,69,0.0,138,0.0,2.012,ERR,ERR,ERR,ERR,ERR,ERR,ERR,ERR,ERR,ERR,ERR,ERR,ERR,ERR,ERR,ERR,ERR,ERR,ERR,ERR,ERR,ERR,ERR,ERR,ERR,ERR,ERR,ERR,ERR,ERR,ERR,ERR,ERR,ERR,ERR,ERR,ERR,ERR,ERR,ERR,ERR,ERR,ERR,ERR,ERR,ERR,ERR,ERR,ERR,ERR,ERR,ERR,ERR,ERR,ERR,ERR,ERR,ERR,ERR,ERR,ERR,ERR,ERR,ERR,ERR,ERR,ERR,60.0,60.0,35,0.0,0.0,0.0,0.0,0.0,0.0,0.0,0.0,0.0,0.0,0.0,0.0,0.0,0.0,0.0,0.0,65.6,0,106,51,37,65476,0,300,0,0,8,20529,65476,0,0,2621,60.0,0.0,0.0,0.0,0.0,0.0
2026-07-09T15:45:14,ERR,ERR,ERR,ERR,ERR,ERR,ERR,ERR,ERR,ERR,ERR,ERR,ERR,ERR,ERR,ERR,ERR,ERR,ERR,ERR,ERR,ERR,ERR,ERR,ERR,ERR,ERR,ERR,ERR,ERR,ERR,ERR,ERR,ERR,ERR,ERR,ERR,ERR,ERR,ERR,ERR,ERR,ERR,ERR,ERR,ERR,ERR,ERR,ERR,ERR,ERR,ERR,ERR,ERR,ERR,ERR,ERR,ERR,ERR,ERR,ERR,ERR,ERR,ERR,ERR,ERR,ERR,ERR,ERR,ERR,ERR,ERR,ERR,ERR,ERR,ERR,ERR,ERR,ERR,ERR,ERR,ERR,ERR,ERR,ERR,ERR,ERR,ERR,ERR,ERR,ERR,ERR,ERR,ERR,ERR,ERR,ERR,ERR,ERR,ERR,ERR,ERR,ERR,ERR,ERR,ERR,ERR,ERR,ERR,ERR,ERR,ERR,ERR,ERR,ERR,ERR,ERR,ERR,ERR,ERR,ERR,ERR,ERR,ERR,ERR,-0.0,-0.0,-107615280.0,-0.0,17768445378560.0,-729.021,2.104737830301211e+23,5.368353208086089e+19,0,0,4,17361,7116,0.0,100,0.0,0.0,-0.0,0.0,0.0,0,0,0,0,0.0,0,0,0,0,0,0,0,0,0,0,0,0,0,0,0,0,0,0,0,0,0,0,0,0,0,0,0,0,0,0,0,0,0,31,40,40,71,65476,0,300,0,0,8,21553,0.0,-107605600.0,0.0,0.0,0.0,0.0,0.0,0.0,0.0,0.0,0.0,0.0,0.0,0.0,0.0,0.0,0.0,0.0,0.0,0.0,0.0,0.0,0.0,-3.697074863047967e+19,0.0,0.0,0.0,0.0,0.0,0.0,5106.0,2.004,6920.0,-0.0,-107616248.0,2.004,2.004,0.0,0.0,0.0,0.0,69,0.0,-152017330765824.0,0.0,0.0,0.0,0.0,0.0,0.0,0.0,0,0,0,0.0,0.0,0.0,0.0,0.0,0.0,0.0,0.0,0.0,0.0,0.0,0.0,0.0,0.0,0.0,0.0,0,-107875648.0,69,0.0,138,0.0,2.012,ERR,ERR,ERR,ERR,ERR,ERR,ERR,ERR,ERR,ERR,ERR,ERR,ERR,ERR,ERR,ERR,ERR,ERR,ERR,ERR,ERR,ERR,ERR,ERR,ERR,ERR,ERR,ERR,ERR,ERR,ERR,ERR,ERR,ERR,ERR,ERR,ERR,ERR,ERR,ERR,ERR,ERR,ERR,ERR,ERR,ERR,ERR,ERR,ERR,ERR,ERR,ERR,ERR,ERR,ERR,ERR,ERR,ERR,ERR,ERR,ERR,ERR,ERR,ERR,ERR,ERR,ERR,60.0,60.0,35,0.0,0.0,0.0,0.0,0.0,0.0,0.0,0.0,0.0,0.0,0.0,0.0,0.0,0.0,0.0,0.0,65.6,0,106,51,37,65476,0,300,0,0,8,20529,65476,0,0,2621,60.0,0.0,0.0,0.0,0.0,0.0
2026-07-09T15:45:15,ERR,ERR,ERR,ERR,ERR,ERR,ERR,ERR,ERR,ERR,ERR,ERR,ERR,ERR,ERR,ERR,ERR,ERR,ERR,ERR,ERR,ERR,ERR,ERR,ERR,ERR,ERR,ERR,ERR,ERR,ERR,ERR,ERR,ERR,ERR,ERR,ERR,ERR,ERR,ERR,ERR,ERR,ERR,ERR,ERR,ERR,ERR,ERR,ERR,ERR,ERR,ERR,ERR,ERR,ERR,ERR,ERR,ERR,ERR,ERR,ERR,ERR,ERR,ERR,ERR,ERR,ERR,ERR,ERR,ERR,ERR,ERR,ERR,ERR,ERR,ERR,ERR,ERR,ERR,ERR,ERR,ERR,ERR,ERR,ERR,ERR,ERR,ERR,ERR,ERR,ERR,ERR,ERR,ERR,ERR,ERR,ERR,ERR,ERR,ERR,ERR,ERR,ERR,ERR,ERR,ERR,ERR,ERR,ERR,ERR,ERR,ERR,ERR,ERR,ERR,ERR,ERR,ERR,ERR,ERR,ERR,ERR,ERR,ERR,ERR,-0.0,-0.0,-107615280.0,-0.0,17768445378560.0,-729.021,2.104737830301211e+23,5.368353208086089e+19,0,0,4,17361,7116,0.0,100,0.0,0.0,-0.0,0.0,0.0,0,0,0,0,0.0,0,0,0,0,0,0,0,0,0,0,0,0,0,0,0,0,0,0,0,0,0,0,0,0,0,0,0,0,0,0,0,0,0,31,40,40,71,65476,0,300,0,0,8,21553,0.0,-107605600.0,0.0,0.0,0.0,0.0,0.0,0.0,0.0,0.0,0.0,0.0,0.0,0.0,0.0,0.0,0.0,0.0,0.0,0.0,0.0,0.0,0.0,-3.697074863047967e+19,0.0,0.0,0.0,0.0,0.0,0.0,5106.0,2.004,6920.0,-0.0,-107616248.0,2.004,2.004,0.0,0.0,0.0,0.0,69,0.0,-152017330765824.0,0.0,0.0,0.0,0.0,0.0,0.0,0.0,0,0,0,0.0,0.0,0.0,0.0,0.0,0.0,0.0,0.0,0.0,0.0,0.0,0.0,0.0,0.0,0.0,0.0,0,-107875648.0,69,0.0,138,0.0,2.012,ERR,ERR,ERR,ERR,ERR,ERR,ERR,ERR,ERR,ERR,ERR,ERR,ERR,ERR,ERR,ERR,ERR,ERR,ERR,ERR,ERR,ERR,ERR,ERR,ERR,ERR,ERR,ERR,ERR,ERR,ERR,ERR,ERR,ERR,ERR,ERR,ERR,ERR,ERR,ERR,ERR,ERR,ERR,ERR,ERR,ERR,ERR,ERR,ERR,ERR,ERR,ERR,ERR,ERR,ERR,ERR,ERR,ERR,ERR,ERR,ERR,ERR,ERR,ERR,ERR,ERR,ERR,60.0,60.0,35,0.0,0.0,0.0,0.0,0.0,0.0,0.0,0.0,0.0,0.0,0.0,0.0,0.0,0.0,0.0,0.0,64.8,0,106,51,37,65476,0,300,0,0,8,20529,65476,0,0,2621,60.0,0.0,0.0,0.0,0.0,0.0
2026-07-09T15:45:16,ERR,ERR,ERR,ERR,ERR,ERR,ERR,ERR,ERR,ERR,ERR,ERR,ERR,ERR,ERR,ERR,ERR,ERR,ERR,ERR,ERR,ERR,ERR,ERR,ERR,ERR,ERR,ERR,ERR,ERR,ERR,ERR,ERR,ERR,ERR,ERR,ERR,ERR,ERR,ERR,ERR,ERR,ERR,ERR,ERR,ERR,ERR,ERR,ERR,ERR,ERR,ERR,ERR,ERR,ERR,ERR,ERR,ERR,ERR,ERR,ERR,ERR,ERR,ERR,ERR,ERR,ERR,ERR,ERR,ERR,ERR,ERR,ERR,ERR,ERR,ERR,ERR,ERR,ERR,ERR,ERR,ERR,ERR,ERR,ERR,ERR,ERR,ERR,ERR,ERR,ERR,ERR,ERR,ERR,ERR,ERR,ERR,ERR,ERR,ERR,ERR,ERR,ERR,ERR,ERR,ERR,ERR,ERR,ERR,ERR,ERR,ERR,ERR,ERR,ERR,ERR,ERR,ERR,ERR,ERR,ERR,ERR,ERR,ERR,ERR,0.0,0.0,2.718428759860196e+23,2.7183478752108883e+23,-2.0225556240206834e+31,0.0,5.177306573274479e+36,-1.1666236723178221e+27,0,0,4,17361,7116,0.0,100,0.0,0.0,2.7183478752108883e+23,0.0,0.0,0,0,0,0,0.0,0,0,0,0,0,0,0,0,0,0,0,0,0,0,0,0,0,0,0,0,0,0,0,0,0,0,0,0,0,0,0,0,0,31,40,40,71,65476,0,300,0,0,8,21553,0.0,-107605600.0,0.0,0.0,0.0,0.0,0.0,0.0,0.0,0.0,0.0,0.0,0.0,0.0,0.0,0.0,0.0,0.0,0.0,0.0,0.0,0.0,-2.004,0.0,0.0,0.0,0.0,0.0,0.0,0.0,5118.0,0.0,6917.0,0.0,0.0,2.004,2.004,0.0,0.0,0.0,0.0,69,1.9056895305397043e+17,-0.0,0.0,0.0,0.0,0.0,0.0,0.0,0.0,0,0,0,0.0,0.0,0.0,0.0,0.0,0.0,0.0,0.0,0.0,0.0,0.0,0.0,0.0,0.0,0.0,0.0,0,-107875648.0,69,0.0,138,0.0,2.012,ERR,ERR,ERR,ERR,ERR,ERR,ERR,ERR,ERR,ERR,ERR,ERR,ERR,ERR,ERR,ERR,ERR,ERR,ERR,ERR,ERR,ERR,ERR,ERR,ERR,ERR,ERR,ERR,ERR,ERR,ERR,ERR,ERR,ERR,ERR,ERR,ERR,ERR,ERR,ERR,ERR,ERR,ERR,ERR,ERR,ERR,ERR,ERR,ERR,ERR,ERR,ERR,ERR,ERR,ERR,ERR,ERR,ERR,ERR,ERR,ERR,ERR,ERR,ERR,ERR,ERR,ERR,60.0,60.0,35,0.0,0.0,0.0,0.0,0.0,0.0,0.0,0.0,0.0,0.0,0.0,0.0,0.0,0.0,0.0,0.0,64.8,0,106,51,37,65476,0,300,0,0,8,20529,65476,0,0,2621,60.0,0.0,0.0,0.0,0.0,0.0
2026-07-09T15:45:17,ERR,ERR,ERR,ERR,ERR,ERR,ERR,ERR,ERR,ERR,ERR,ERR,ERR,ERR,ERR,ERR,ERR,ERR,ERR,ERR,ERR,ERR,ERR,ERR,ERR,ERR,ERR,ERR,ERR,ERR,ERR,ERR,ERR,ERR,ERR,ERR,ERR,ERR,ERR,ERR,ERR,ERR,ERR,ERR,ERR,ERR,ERR,ERR,ERR,ERR,ERR,ERR,ERR,ERR,ERR,ERR,ERR,ERR,ERR,ERR,ERR,ERR,ERR,ERR,ERR,ERR,ERR,ERR,ERR,ERR,ERR,ERR,ERR,ERR,ERR,ERR,ERR,ERR,ERR,ERR,ERR,ERR,ERR,ERR,ERR,ERR,ERR,ERR,ERR,ERR,ERR,ERR,ERR,ERR,ERR,ERR,ERR,ERR,ERR,ERR,ERR,ERR,ERR,ERR,ERR,ERR,ERR,ERR,ERR,ERR,ERR,ERR,ERR,ERR,ERR,ERR,ERR,ERR,ERR,ERR,ERR,ERR,ERR,ERR,ERR,0.0,0.0,2.718428759860196e+23,2.7183478752108883e+23,-2.0225556240206834e+31,0.0,5.177306573274479e+36,-1.1666236723178221e+27,0,0,4,17361,7116,0.0,100,0.0,0.0,2.7183478752108883e+23,0.0,0.0,0,0,0,0,0.0,0,0,0,0,0,0,0,0,0,0,0,0,0,0,0,0,0,0,0,0,0,0,0,0,0,0,0,0,0,0,0,0,0,31,40,40,71,65476,0,300,0,0,8,21553,0.0,-107605600.0,0.0,0.0,0.0,0.0,0.0,0.0,0.0,0.0,0.0,0.0,0.0,0.0,0.0,0.0,0.0,0.0,0.0,0.0,0.0,0.0,-2.004,0.0,0.0,0.0,0.0,0.0,0.0,0.0,5118.0,0.0,6917.0,0.0,0.0,2.004,2.004,0.0,0.0,0.0,0.0,69,1.9056895305397043e+17,-0.0,0.0,0.0,0.0,0.0,0.0,0.0,0.0,0,0,0,0.0,0.0,0.0,0.0,0.0,0.0,0.0,0.0,0.0,0.0,0.0,0.0,0.0,0.0,0.0,0.0,0,-107875648.0,69,0.0,138,0.0,2.012,ERR,ERR,ERR,ERR,ERR,ERR,ERR,ERR,ERR,ERR,ERR,ERR,ERR,ERR,ERR,ERR,ERR,ERR,ERR,ERR,ERR,ERR,ERR,ERR,ERR,ERR,ERR,ERR,ERR,ERR,ERR,ERR,ERR,ERR,ERR,ERR,ERR,ERR,ERR,ERR,ERR,ERR,ERR,ERR,ERR,ERR,ERR,ERR,ERR,ERR,ERR,ERR,ERR,ERR,ERR,ERR,ERR,ERR,ERR,ERR,ERR,ERR,ERR,ERR,ERR,ERR,ERR,60.0,60.0,35,0.0,0.0,0.0,0.0,0.0,0.0,0.0,0.0,0.0,0.0,0.0,0.0,0.0,0.0,0.0,0.0,64.8,0,106,51,37,65476,0,300,0,0,8,20529,65476,0,0,2621,60.0,0.0,0.0,0.0,0.0,0.0
2026-07-09T15:45:18,ERR,ERR,ERR,ERR,ERR,ERR,ERR,ERR,ERR,ERR,ERR,ERR,ERR,ERR,ERR,ERR,ERR,ERR,ERR,ERR,ERR,ERR,ERR,ERR,ERR,ERR,ERR,ERR,ERR,ERR,ERR,ERR,ERR,ERR,ERR,ERR,ERR,ERR,ERR,ERR,ERR,ERR,ERR,ERR,ERR,ERR,ERR,ERR,ERR,ERR,ERR,ERR,ERR,ERR,ERR,ERR,ERR,ERR,ERR,ERR,ERR,ERR,ERR,ERR,ERR,ERR,ERR,ERR,ERR,ERR,ERR,ERR,ERR,ERR,ERR,ERR,ERR,ERR,ERR,ERR,ERR,ERR,ERR,ERR,ERR,ERR,ERR,ERR,ERR,ERR,ERR,ERR,ERR,ERR,ERR,ERR,ERR,ERR,ERR,ERR,ERR,ERR,ERR,ERR,ERR,ERR,ERR,ERR,ERR,ERR,ERR,ERR,ERR,ERR,ERR,ERR,ERR,ERR,ERR,ERR,ERR,ERR,ERR,ERR,ERR,0.0,0.0,2.718428759860196e+23,2.7183478752108883e+23,-2.0225556240206834e+31,0.0,5.177306573274479e+36,-1.1666236723178221e+27,0,0,4,17361,7116,0.0,100,0.0,0.0,2.7183478752108883e+23,0.0,0.0,0,0,0,0,0.0,0,0,0,0,0,0,0,0,0,0,0,0,0,0,0,0,0,0,0,0,0,0,0,0,0,0,0,0,0,0,0,0,0,31,40,40,71,65476,0,300,0,0,8,21553,0.0,-107605600.0,0.0,0.0,0.0,0.0,0.0,0.0,0.0,0.0,0.0,0.0,0.0,0.0,0.0,0.0,0.0,0.0,0.0,0.0,0.0,0.0,-2.004,0.0,0.0,0.0,0.0,0.0,0.0,0.0,5118.0,0.0,6917.0,0.0,0.0,2.004,2.004,0.0,0.0,0.0,0.0,69,1.9056895305397043e+17,-0.0,0.0,0.0,0.0,0.0,0.0,0.0,0.0,0,0,0,0.0,0.0,0.0,0.0,0.0,0.0,0.0,0.0,0.0,0.0,0.0,0.0,0.0,0.0,0.0,0.0,0,-107875648.0,69,0.0,138,0.0,2.012,ERR,ERR,ERR,ERR,ERR,ERR,ERR,ERR,ERR,ERR,ERR,ERR,ERR,ERR,ERR,ERR,ERR,ERR,ERR,ERR,ERR,ERR,ERR,ERR,ERR,ERR,ERR,ERR,ERR,ERR,ERR,ERR,ERR,ERR,ERR,ERR,ERR,ERR,ERR,ERR,ERR,ERR,ERR,ERR,ERR,ERR,ERR,ERR,ERR,ERR,ERR,ERR,ERR,ERR,ERR,ERR,ERR,ERR,ERR,ERR,ERR,ERR,ERR,ERR,ERR,ERR,ERR,60.0,60.0,35,0.0,0.0,0.0,0.0,0.0,0.0,0.0,0.0,0.0,0.0,0.0,0.0,0.0,0.0,0.0,0.0,65.6,0,106,51,36,65476,0,300,0,0,8,20529,65476,0,0,2621,60.0,0.0,0.0,0.0,0.0,0.0
2026-07-09T15:45:19,ERR,ERR,ERR,ERR,ERR,ERR,ERR,ERR,ERR,ERR,ERR,ERR,ERR,ERR,ERR,ERR,ERR,ERR,ERR,ERR,ERR,ERR,ERR,ERR,ERR,ERR,ERR,ERR,ERR,ERR,ERR,ERR,ERR,ERR,ERR,ERR,ERR,ERR,ERR,ERR,ERR,ERR,ERR,ERR,ERR,ERR,ERR,ERR,ERR,ERR,ERR,ERR,ERR,ERR,ERR,ERR,ERR,ERR,ERR,ERR,ERR,ERR,ERR,ERR,ERR,ERR,ERR,ERR,ERR,ERR,ERR,ERR,ERR,ERR,ERR,ERR,ERR,ERR,ERR,ERR,ERR,ERR,ERR,ERR,ERR,ERR,ERR,ERR,ERR,ERR,ERR,ERR,ERR,ERR,ERR,ERR,ERR,ERR,ERR,ERR,ERR,ERR,ERR,ERR,ERR,ERR,ERR,ERR,ERR,ERR,ERR,ERR,ERR,ERR,ERR,ERR,ERR,ERR,ERR,ERR,ERR,ERR,ERR,ERR,ERR,0.0,0.0,2.718428759860196e+23,2.7183478752108883e+23,-2.0225556240206834e+31,0.0,5.177306573274479e+36,-1.1666236723178221e+27,0,0,4,17361,7116,0.0,100,0.0,0.0,2.7183478752108883e+23,0.0,0.0,0,0,0,0,0.0,0,0,0,0,0,0,0,0,0,0,0,0,0,0,0,0,0,0,0,0,0,0,0,0,0,0,0,0,0,0,0,0,0,31,40,40,71,65476,0,300,0,0,8,21553,0.0,-107605600.0,0.0,0.0,0.0,0.0,0.0,0.0,0.0,0.0,0.0,0.0,0.0,0.0,0.0,0.0,0.0,0.0,0.0,0.0,0.0,0.0,-2.004,0.0,0.0,0.0,0.0,0.0,0.0,0.0,5118.0,0.0,6917.0,0.0,0.0,2.004,2.004,0.0,0.0,0.0,0.0,69,1.9056895305397043e+17,-0.0,0.0,0.0,0.0,0.0,0.0,0.0,0.0,0,0,0,0.0,0.0,0.0,0.0,0.0,0.0,0.0,0.0,0.0,0.0,0.0,0.0,0.0,0.0,0.0,0.0,0,-107875648.0,69,0.0,138,0.0,2.012,ERR,ERR,ERR,ERR,ERR,ERR,ERR,ERR,ERR,ERR,ERR,ERR,ERR,ERR,ERR,ERR,ERR,ERR,ERR,ERR,ERR,ERR,ERR,ERR,ERR,ERR,ERR,ERR,ERR,ERR,ERR,ERR,ERR,ERR,ERR,ERR,ERR,ERR,ERR,ERR,ERR,ERR,ERR,ERR,ERR,ERR,ERR,ERR,ERR,ERR,ERR,ERR,ERR,ERR,ERR,ERR,ERR,ERR,ERR,ERR,ERR,ERR,ERR,ERR,ERR,ERR,ERR,60.0,60.0,35,0.0,0.0,0.0,0.0,0.0,0.0,0.0,0.0,0.0,0.0,0.0,0.0,0.0,0.0,0.0,0.0,65.6,0,106,51,36,65476,0,300,0,0,8,20529,65476,0,0,2621,60.0,0.0,0.0,0.0,0.0,0.0
2026-07-09T15:45:20,ERR,ERR,ERR,ERR,ERR,ERR,ERR,ERR,ERR,ERR,ERR,ERR,ERR,ERR,ERR,ERR,ERR,ERR,ERR,ERR,ERR,ERR,ERR,ERR,ERR,ERR,ERR,ERR,ERR,ERR,ERR,ERR,ERR,ERR,ERR,ERR,ERR,ERR,ERR,ERR,ERR,ERR,ERR,ERR,ERR,ERR,ERR,ERR,ERR,ERR,ERR,ERR,ERR,ERR,ERR,ERR,ERR,ERR,ERR,ERR,ERR,ERR,ERR,ERR,ERR,ERR,ERR,ERR,ERR,ERR,ERR,ERR,ERR,ERR,ERR,ERR,ERR,ERR,ERR,ERR,ERR,ERR,ERR,ERR,ERR,ERR,ERR,ERR,ERR,ERR,ERR,ERR,ERR,ERR,ERR,ERR,ERR,ERR,ERR,ERR,ERR,ERR,ERR,ERR,ERR,ERR,ERR,ERR,ERR,ERR,ERR,ERR,ERR,ERR,ERR,ERR,ERR,ERR,ERR,ERR,ERR,ERR,ERR,ERR,ERR,0.0,0.0,2.718428759860196e+23,2.7183478752108883e+23,-2.0225556240206834e+31,0.0,5.177306573274479e+36,-1.1666236723178221e+27,0,0,4,17361,7116,0.0,100,0.0,0.0,2.7183478752108883e+23,0.0,0.0,0,0,0,0,0.0,0,0,0,0,0,0,0,0,0,0,0,0,0,0,0,0,0,0,0,0,0,0,0,0,0,0,0,0,0,0,0,0,0,31,40,40,71,65476,0,300,0,0,8,21553,0.0,-107605600.0,0.0,0.0,0.0,0.0,0.0,0.0,0.0,0.0,0.0,0.0,0.0,0.0,0.0,0.0,0.0,0.0,0.0,0.0,0.0,0.0,-2.004,0.0,0.0,0.0,0.0,0.0,0.0,0.0,5118.0,0.0,6917.0,0.0,0.0,2.004,2.004,0.0,0.0,0.0,0.0,69,1.9056895305397043e+17,-0.0,0.0,0.0,0.0,0.0,0.0,0.0,0.0,0,0,0,0.0,0.0,0.0,0.0,0.0,0.0,0.0,0.0,0.0,0.0,0.0,0.0,0.0,0.0,0.0,0.0,0,-107875648.0,69,0.0,138,0.0,2.012,ERR,ERR,ERR,ERR,ERR,ERR,ERR,ERR,ERR,ERR,ERR,ERR,ERR,ERR,ERR,ERR,ERR,ERR,ERR,ERR,ERR,ERR,ERR,ERR,ERR,ERR,ERR,ERR,ERR,ERR,ERR,ERR,ERR,ERR,ERR,ERR,ERR,ERR,ERR,ERR,ERR,ERR,ERR,ERR,ERR,ERR,ERR,ERR,ERR,ERR,ERR,ERR,ERR,ERR,ERR,ERR,ERR,ERR,ERR,ERR,ERR,ERR,ERR,ERR,ERR,ERR,ERR,60.0,60.0,35,0.0,0.0,0.0,0.0,0.0,0.0,0.0,0.0,0.0,0.0,0.0,0.0,0.0,0.0,0.0,0.0,64.8,0,106,51,36,65476,0,300,0,0,8,20529,65476,0,0,2621,60.0,0.0,0.0,0.0,0.0,0.0
2026-07-09T15:45:21,ERR,ERR,ERR,ERR,ERR,ERR,ERR,ERR,ERR,ERR,ERR,ERR,ERR,ERR,ERR,ERR,ERR,ERR,ERR,ERR,ERR,ERR,ERR,ERR,ERR,ERR,ERR,ERR,ERR,ERR,ERR,ERR,ERR,ERR,ERR,ERR,ERR,ERR,ERR,ERR,ERR,ERR,ERR,ERR,ERR,ERR,ERR,ERR,ERR,ERR,ERR,ERR,ERR,ERR,ERR,ERR,ERR,ERR,ERR,ERR,ERR,ERR,ERR,ERR,ERR,ERR,ERR,ERR,ERR,ERR,ERR,ERR,ERR,ERR,ERR,ERR,ERR,ERR,ERR,ERR,ERR,ERR,ERR,ERR,ERR,ERR,ERR,ERR,ERR,ERR,ERR,ERR,ERR,ERR,ERR,ERR,ERR,ERR,ERR,ERR,ERR,ERR,ERR,ERR,ERR,ERR,ERR,ERR,ERR,ERR,ERR,ERR,ERR,ERR,ERR,ERR,ERR,ERR,ERR,ERR,ERR,ERR,ERR,ERR,ERR,0.0,0.0,-0.0,2.7183478752108883e+23,8.08,0.0,0.0,-5.176943976585735e+23,0,0,4,17365,7116,0.0,100,0.0,0.0,-0.0,0.0,0.0,0,0,0,0,0.0,0,0,0,0,0,0,0,0,0,0,0,0,0,0,0,0,0,0,0,0,0,0,0,0,0,0,0,0,0,0,0,0,0,31,40,40,71,65476,0,300,0,0,8,21553,0.0,-107605600.0,0.0,0.0,0.0,0.0,0.0,0.0,0.0,0.0,0.0,0.0,0.0,0.0,0.0,0.0,0.0,0.0,0.0,0.0,0.0,0.0,-2.004,0.0,0.0,0.0,0.0,0.0,0.0,0.0,5106.0,1.5879299197982542e+29,6926.0,0.0,0.0,2.004,2.004,0.0,0.0,0.0,0.0,69,-107614944.0,0.0,0.0,0.0,0.0,0.0,0.0,0.0,0.0,0,0,0,0.0,0.0,0.0,0.0,0.0,0.0,0.0,0.0,0.0,0.0,0.0,0.0,0.0,0.0,0.0,0.0,0,-107875648.0,69,0.0,138,0.0,2.012,ERR,ERR,ERR,ERR,ERR,ERR,ERR,ERR,ERR,ERR,ERR,ERR,ERR,ERR,ERR,ERR,ERR,ERR,ERR,ERR,ERR,ERR,ERR,ERR,ERR,ERR,ERR,ERR,ERR,ERR,ERR,ERR,ERR,ERR,ERR,ERR,ERR,ERR,ERR,ERR,ERR,ERR,ERR,ERR,ERR,ERR,ERR,ERR,ERR,ERR,ERR,ERR,ERR,ERR,ERR,ERR,ERR,ERR,ERR,ERR,ERR,ERR,ERR,ERR,ERR,ERR,ERR,60.0,60.0,35,0.0,0.0,0.0,0.0,0.0,0.0,0.0,0.0,0.0,0.0,0.0,0.0,0.0,0.0,0.0,0.0,64.8,0,106,51,36,65476,0,300,0,0,8,20529,65476,0,0,2621,60.0,0.0,0.0,0.0,0.0,0.0
2026-07-09T15:45:22,ERR,ERR,ERR,ERR,ERR,ERR,ERR,ERR,ERR,ERR,ERR,ERR,ERR,ERR,ERR,ERR,ERR,ERR,ERR,ERR,ERR,ERR,ERR,ERR,ERR,ERR,ERR,ERR,ERR,ERR,ERR,ERR,ERR,ERR,ERR,ERR,ERR,ERR,ERR,ERR,ERR,ERR,ERR,ERR,ERR,ERR,ERR,ERR,ERR,ERR,ERR,ERR,ERR,ERR,ERR,ERR,ERR,ERR,ERR,ERR,ERR,ERR,ERR,ERR,ERR,ERR,ERR,ERR,ERR,ERR,ERR,ERR,ERR,ERR,ERR,ERR,ERR,ERR,ERR,ERR,ERR,ERR,ERR,ERR,ERR,ERR,ERR,ERR,ERR,ERR,ERR,ERR,ERR,ERR,ERR,ERR,ERR,ERR,ERR,ERR,ERR,ERR,ERR,ERR,ERR,ERR,ERR,ERR,ERR,ERR,ERR,ERR,ERR,ERR,ERR,ERR,ERR,ERR,ERR,ERR,ERR,ERR,ERR,ERR,ERR,0.0,0.0,-0.0,2.7183478752108883e+23,8.08,0.0,0.0,-5.176943976585735e+23,0,0,4,17365,7116,0.0,100,0.0,0.0,-0.0,0.0,0.0,0,0,0,0,0.0,0,0,0,0,0,0,0,0,0,0,0,0,0,0,0,0,0,0,0,0,0,0,0,0,0,0,0,0,0,0,0,0,0,31,40,40,71,65476,0,300,0,0,8,21553,0.0,-107605600.0,0.0,0.0,0.0,0.0,0.0,0.0,0.0,0.0,0.0,0.0,0.0,0.0,0.0,0.0,0.0,0.0,0.0,0.0,0.0,0.0,-2.004,0.0,0.0,0.0,0.0,0.0,0.0,0.0,5106.0,1.5879299197982542e+29,6926.0,0.0,0.0,2.004,2.004,0.0,0.0,0.0,0.0,69,-107614944.0,0.0,0.0,0.0,0.0,0.0,0.0,0.0,0.0,0,0,0,0.0,0.0,0.0,0.0,0.0,0.0,0.0,0.0,0.0,0.0,0.0,0.0,0.0,0.0,0.0,0.0,0,-107875648.0,69,0.0,138,0.0,2.012,ERR,ERR,ERR,ERR,ERR,ERR,ERR,ERR,ERR,ERR,ERR,ERR,ERR,ERR,ERR,ERR,ERR,ERR,ERR,ERR,ERR,ERR,ERR,ERR,ERR,ERR,ERR,ERR,ERR,ERR,ERR,ERR,ERR,ERR,ERR,ERR,ERR,ERR,ERR,ERR,ERR,ERR,ERR,ERR,ERR,ERR,ERR,ERR,ERR,ERR,ERR,ERR,ERR,ERR,ERR,ERR,ERR,ERR,ERR,ERR,ERR,ERR,ERR,ERR,ERR,ERR,ERR,60.0,60.0,35,0.0,0.0,0.0,0.0,0.0,0.0,0.0,0.0,0.0,0.0,0.0,0.0,0.0,0.0,0.0,0.0,64.8,0,106,51,36,65476,0,300,0,0,8,20529,65476,0,0,2621,60.0,0.0,0.0,0.0,0.0,0.0
2026-07-09T15:45:23,ERR,ERR,ERR,ERR,ERR,ERR,ERR,ERR,ERR,ERR,ERR,ERR,ERR,ERR,ERR,ERR,ERR,ERR,ERR,ERR,ERR,ERR,ERR,ERR,ERR,ERR,ERR,ERR,ERR,ERR,ERR,ERR,ERR,ERR,ERR,ERR,ERR,ERR,ERR,ERR,ERR,ERR,ERR,ERR,ERR,ERR,ERR,ERR,ERR,ERR,ERR,ERR,ERR,ERR,ERR,ERR,ERR,ERR,ERR,ERR,ERR,ERR,ERR,ERR,ERR,ERR,ERR,ERR,ERR,ERR,ERR,ERR,ERR,ERR,ERR,ERR,ERR,ERR,ERR,ERR,ERR,ERR,ERR,ERR,ERR,ERR,ERR,ERR,ERR,ERR,ERR,ERR,ERR,ERR,ERR,ERR,ERR,ERR,ERR,ERR,ERR,ERR,ERR,ERR,ERR,ERR,ERR,ERR,ERR,ERR,ERR,ERR,ERR,ERR,ERR,ERR,ERR,ERR,ERR,ERR,ERR,ERR,ERR,ERR,ERR,0.0,0.0,-0.0,2.7183478752108883e+23,8.08,0.0,0.0,-5.176943976585735e+23,0,0,4,17365,7116,0.0,100,0.0,0.0,-0.0,0.0,0.0,0,0,0,0,0.0,0,0,0,0,0,0,0,0,0,0,0,0,0,0,0,0,0,0,0,0,0,0,0,0,0,0,0,0,0,0,0,0,0,31,40,40,71,65476,0,300,0,0,8,21553,0.0,-107605600.0,0.0,0.0,0.0,0.0,0.0,0.0,0.0,0.0,0.0,0.0,0.0,0.0,0.0,0.0,0.0,0.0,0.0,0.0,0.0,0.0,-2.004,0.0,0.0,0.0,0.0,0.0,0.0,0.0,5106.0,1.5879299197982542e+29,6926.0,0.0,0.0,2.004,2.004,0.0,0.0,0.0,0.0,69,-107614944.0,0.0,0.0,0.0,0.0,0.0,0.0,0.0,0.0,0,0,0,0.0,0.0,0.0,0.0,0.0,0.0,0.0,0.0,0.0,0.0,0.0,0.0,0.0,0.0,0.0,0.0,0,-107875648.0,69,0.0,138,0.0,2.012,ERR,ERR,ERR,ERR,ERR,ERR,ERR,ERR,ERR,ERR,ERR,ERR,ERR,ERR,ERR,ERR,ERR,ERR,ERR,ERR,ERR,ERR,ERR,ERR,ERR,ERR,ERR,ERR,ERR,ERR,ERR,ERR,ERR,ERR,ERR,ERR,ERR,ERR,ERR,ERR,ERR,ERR,ERR,ERR,ERR,ERR,ERR,ERR,ERR,ERR,ERR,ERR,ERR,ERR,ERR,ERR,ERR,ERR,ERR,ERR,ERR,ERR,ERR,ERR,ERR,ERR,ERR,60.0,60.0,35,0.0,0.0,0.0,0.0,0.0,0.0,0.0,0.0,0.0,0.0,0.0,0.0,0.0,0.0,0.0,0.0,64.8,0,106,51,36,65476,0,300,0,0,8,20529,65476,0,0,2621,60.0,0.0,0.0,0.0,0.0,0.0
2026-07-09T15:45:24,ERR,ERR,ERR,ERR,ERR,ERR,ERR,ERR,ERR,ERR,ERR,ERR,ERR,ERR,ERR,ERR,ERR,ERR,ERR,ERR,ERR,ERR,ERR,ERR,ERR,ERR,ERR,ERR,ERR,ERR,ERR,ERR,ERR,ERR,ERR,ERR,ERR,ERR,ERR,ERR,ERR,ERR,ERR,ERR,ERR,ERR,ERR,ERR,ERR,ERR,ERR,ERR,ERR,ERR,ERR,ERR,ERR,ERR,ERR,ERR,ERR,ERR,ERR,ERR,ERR,ERR,ERR,ERR,ERR,ERR,ERR,ERR,ERR,ERR,ERR,ERR,ERR,ERR,ERR,ERR,ERR,ERR,ERR,ERR,ERR,ERR,ERR,ERR,ERR,ERR,ERR,ERR,ERR,ERR,ERR,ERR,ERR,ERR,ERR,ERR,ERR,ERR,ERR,ERR,ERR,ERR,ERR,ERR,ERR,ERR,ERR,ERR,ERR,ERR,ERR,ERR,ERR,ERR,ERR,ERR,ERR,ERR,ERR,ERR,ERR,0.0,0.0,-0.0,2.7183478752108883e+23,8.08,0.0,0.0,-5.176943976585735e+23,0,0,4,17365,7116,0.0,100,0.0,0.0,-0.0,0.0,0.0,0,0,0,0,0.0,0,0,0,0,0,0,0,0,0,0,0,0,0,0,0,0,0,0,0,0,0,0,0,0,0,0,0,0,0,0,0,0,0,31,40,40,71,65476,0,300,0,0,8,21553,0.0,-107605600.0,0.0,0.0,0.0,0.0,0.0,0.0,0.0,0.0,0.0,0.0,0.0,0.0,0.0,0.0,0.0,0.0,0.0,0.0,0.0,0.0,-2.004,0.0,0.0,0.0,0.0,0.0,0.0,0.0,5106.0,1.5879299197982542e+29,6926.0,0.0,0.0,2.004,2.004,0.0,0.0,0.0,0.0,69,-107614944.0,0.0,0.0,0.0,0.0,0.0,0.0,0.0,0.0,0,0,0,0.0,0.0,0.0,0.0,0.0,0.0,0.0,0.0,0.0,0.0,0.0,0.0,0.0,0.0,0.0,0.0,0,-107875648.0,69,0.0,138,0.0,2.012,ERR,ERR,ERR,ERR,ERR,ERR,ERR,ERR,ERR,ERR,ERR,ERR,ERR,ERR,ERR,ERR,ERR,ERR,ERR,ERR,ERR,ERR,ERR,ERR,ERR,ERR,ERR,ERR,ERR,ERR,ERR,ERR,ERR,ERR,ERR,ERR,ERR,ERR,ERR,ERR,ERR,ERR,ERR,ERR,ERR,ERR,ERR,ERR,ERR,ERR,ERR,ERR,ERR,ERR,ERR,ERR,ERR,ERR,ERR,ERR,ERR,ERR,ERR,ERR,ERR,ERR,ERR,60.0,60.0,35,0.0,0.0,0.0,0.0,0.0,0.0,0.0,0.0,0.0,0.0,0.0,0.0,0.0,0.0,0.0,0.0,64.8,0,106,51,36,65476,0,300,0,0,8,20529,65476,0,0,2621,60.0,0.0,0.0,0.0,0.0,0.0
2026-07-09T15:45:25,ERR,ERR,ERR,ERR,ERR,ERR,ERR,ERR,ERR,ERR,ERR,ERR,ERR,ERR,ERR,ERR,ERR,ERR,ERR,ERR,ERR,ERR,ERR,ERR,ERR,ERR,ERR,ERR,ERR,ERR,ERR,ERR,ERR,ERR,ERR,ERR,ERR,ERR,ERR,ERR,ERR,ERR,ERR,ERR,ERR,ERR,ERR,ERR,ERR,ERR,ERR,ERR,ERR,ERR,ERR,ERR,ERR,ERR,ERR,ERR,ERR,ERR,ERR,ERR,ERR,ERR,ERR,ERR,ERR,ERR,ERR,ERR,ERR,ERR,ERR,ERR,ERR,ERR,ERR,ERR,ERR,ERR,ERR,ERR,ERR,ERR,ERR,ERR,ERR,ERR,ERR,ERR,ERR,ERR,ERR,ERR,ERR,ERR,ERR,ERR,ERR,ERR,ERR,ERR,ERR,ERR,ERR,ERR,ERR,ERR,ERR,ERR,ERR,ERR,ERR,ERR,ERR,ERR,ERR,ERR,ERR,ERR,ERR,ERR,ERR,-107615104.0,0.0,-108139576.0,-0.0,-1.4071584996649337e+19,1.4677447483359251e+31,131742192.0,3.51002817058635e+37,0,0,4,17365,7116,0.0,100,0.0,0.0,-0.0,0.0,0.0,0,0,0,0,0.0,0,0,0,0,0,0,0,0,0,0,0,0,0,0,0,0,0,0,0,0,0,0,0,0,0,0,0,0,0,0,0,0,0,31,40,40,71,65476,0,300,0,0,8,21553,0.0,-107605600.0,0.0,0.0,0.0,0.0,0.0,0.0,0.0,0.0,0.0,0.0,0.0,0.0,0.0,0.0,0.0,0.0,0.0,0.0,0.0,0.0,-0.0,0.0,0.0,0.0,0.0,0.0,0.0,0.0,5112.0,-0.0,6940.0,-107615104.0,0.0,2.004,2.004,0.0,0.0,0.0,0.0,69,-2.308831393857059e+20,-0.0,0.0,0.0,0.0,0.0,0.0,0.0,0.0,0,0,0,0.0,0.0,0.0,0.0,0.0,0.0,0.0,0.0,0.0,0.0,0.0,0.0,0.0,0.0,0.0,0.0,0,-107875648.0,69,0.0,138,0.0,2.012,ERR,ERR,ERR,ERR,ERR,ERR,ERR,ERR,ERR,ERR,ERR,ERR,ERR,ERR,ERR,ERR,ERR,ERR,ERR,ERR,ERR,ERR,ERR,ERR,ERR,ERR,ERR,ERR,ERR,ERR,ERR,ERR,ERR,ERR,ERR,ERR,ERR,ERR,ERR,ERR,ERR,ERR,ERR,ERR,ERR,ERR,ERR,ERR,ERR,ERR,ERR,ERR,ERR,ERR,ERR,ERR,ERR,ERR,ERR,ERR,ERR,ERR,ERR,ERR,ERR,ERR,ERR,60.0,60.0,35,0.0,0.0,0.0,0.0,0.0,0.0,0.0,0.0,0.0,0.0,0.0,0.0,0.0,0.0,0.0,0.0,64.8,0,106,51,36,65476,0,300,0,0,8,20529,65476,0,0,2621,60.0,0.0,0.0,0.0,0.0,0.0
2026-07-09T15:45:26,ERR,ERR,ERR,ERR,ERR,ERR,ERR,ERR,ERR,ERR,ERR,ERR,ERR,ERR,ERR,ERR,ERR,ERR,ERR,ERR,ERR,ERR,ERR,ERR,ERR,ERR,ERR,ERR,ERR,ERR,ERR,ERR,ERR,ERR,ERR,ERR,ERR,ERR,ERR,ERR,ERR,ERR,ERR,ERR,ERR,ERR,ERR,ERR,ERR,ERR,ERR,ERR,ERR,ERR,ERR,ERR,ERR,ERR,ERR,ERR,ERR,ERR,ERR,ERR,ERR,ERR,ERR,ERR,ERR,ERR,ERR,ERR,ERR,ERR,ERR,ERR,ERR,ERR,ERR,ERR,ERR,ERR,ERR,ERR,ERR,ERR,ERR,ERR,ERR,ERR,ERR,ERR,ERR,ERR,ERR,ERR,ERR,ERR,ERR,ERR,ERR,ERR,ERR,ERR,ERR,ERR,ERR,ERR,ERR,ERR,ERR,ERR,ERR,ERR,ERR,ERR,ERR,ERR,ERR,ERR,ERR,ERR,ERR,ERR,ERR,-107615104.0,0.0,-108139576.0,-0.0,-1.4071584996649337e+19,1.4677447483359251e+31,131742192.0,3.51002817058635e+37,0,0,4,17365,7116,0.0,100,0.0,0.0,-0.0,0.0,0.0,0,0,0,0,0.0,0,0,0,0,0,0,0,0,0,0,0,0,0,0,0,0,0,0,0,0,0,0,0,0,0,0,0,0,0,0,0,0,0,31,40,40,71,65476,0,300,0,0,8,21553,0.0,-107605600.0,0.0,0.0,0.0,0.0,0.0,0.0,0.0,0.0,0.0,0.0,0.0,0.0,0.0,0.0,0.0,0.0,0.0,0.0,0.0,0.0,-0.0,0.0,0.0,0.0,0.0,0.0,0.0,0.0,5112.0,-0.0,6940.0,-107615104.0,0.0,2.004,2.004,0.0,0.0,0.0,0.0,69,-2.308831393857059e+20,-0.0,0.0,0.0,0.0,0.0,0.0,0.0,0.0,0,0,0,0.0,0.0,0.0,0.0,0.0,0.0,0.0,0.0,0.0,0.0,0.0,0.0,0.0,0.0,0.0,0.0,0,-107875648.0,69,0.0,138,0.0,2.012,ERR,ERR,ERR,ERR,ERR,ERR,ERR,ERR,ERR,ERR,ERR,ERR,ERR,ERR,ERR,ERR,ERR,ERR,ERR,ERR,ERR,ERR,ERR,ERR,ERR,ERR,ERR,ERR,ERR,ERR,ERR,ERR,ERR,ERR,ERR,ERR,ERR,ERR,ERR,ERR,ERR,ERR,ERR,ERR,ERR,ERR,ERR,ERR,ERR,ERR,ERR,ERR,ERR,ERR,ERR,ERR,ERR,ERR,ERR,ERR,ERR,ERR,ERR,ERR,ERR,ERR,ERR,60.0,60.0,35,0.0,0.0,0.0,0.0,0.0,0.0,0.0,0.0,0.0,0.0,0.0,0.0,0.0,0.0,0.0,0.0,65.6,0,106,51,36,65476,0,300,0,0,8,20529,65476,0,0,2621,60.0,0.0,0.0,0.0,0.0,0.0
2026-07-09T15:45:27,ERR,ERR,ERR,ERR,ERR,ERR,ERR,ERR,ERR,ERR,ERR,ERR,ERR,ERR,ERR,ERR,ERR,ERR,ERR,ERR,ERR,ERR,ERR,ERR,ERR,ERR,ERR,ERR,ERR,ERR,ERR,ERR,ERR,ERR,ERR,ERR,ERR,ERR,ERR,ERR,ERR,ERR,ERR,ERR,ERR,ERR,ERR,ERR,ERR,ERR,ERR,ERR,ERR,ERR,ERR,ERR,ERR,ERR,ERR,ERR,ERR,ERR,ERR,ERR,ERR,ERR,ERR,ERR,ERR,ERR,ERR,ERR,ERR,ERR,ERR,ERR,ERR,ERR,ERR,ERR,ERR,ERR,ERR,ERR,ERR,ERR,ERR,ERR,ERR,ERR,ERR,ERR,ERR,ERR,ERR,ERR,ERR,ERR,ERR,ERR,ERR,ERR,ERR,ERR,ERR,ERR,ERR,ERR,ERR,ERR,ERR,ERR,ERR,ERR,ERR,ERR,ERR,ERR,ERR,ERR,ERR,ERR,ERR,ERR,ERR,-107615104.0,0.0,-108139576.0,-0.0,-1.4071584996649337e+19,1.4677447483359251e+31,131742192.0,3.51002817058635e+37,0,0,4,17365,7116,0.0,100,0.0,0.0,-0.0,0.0,0.0,0,0,0,0,0.0,0,0,0,0,0,0,0,0,0,0,0,0,0,0,0,0,0,0,0,0,0,0,0,0,0,0,0,0,0,0,0,0,0,31,40,40,71,65476,0,300,0,0,8,21553,0.0,-107605600.0,0.0,0.0,0.0,0.0,0.0,0.0,0.0,0.0,0.0,0.0,0.0,0.0,0.0,0.0,0.0,0.0,0.0,0.0,0.0,0.0,-0.0,0.0,0.0,0.0,0.0,0.0,0.0,0.0,5112.0,-0.0,6940.0,-107615104.0,0.0,2.004,2.004,0.0,0.0,0.0,0.0,69,-2.308831393857059e+20,-0.0,0.0,0.0,0.0,0.0,0.0,0.0,0.0,0,0,0,0.0,0.0,0.0,0.0,0.0,0.0,0.0,0.0,0.0,0.0,0.0,0.0,0.0,0.0,0.0,0.0,0,-107875648.0,69,0.0,138,0.0,2.012,ERR,ERR,ERR,ERR,ERR,ERR,ERR,ERR,ERR,ERR,ERR,ERR,ERR,ERR,ERR,ERR,ERR,ERR,ERR,ERR,ERR,ERR,ERR,ERR,ERR,ERR,ERR,ERR,ERR,ERR,ERR,ERR,ERR,ERR,ERR,ERR,ERR,ERR,ERR,ERR,ERR,ERR,ERR,ERR,ERR,ERR,ERR,ERR,ERR,ERR,ERR,ERR,ERR,ERR,ERR,ERR,ERR,ERR,ERR,ERR,ERR,ERR,ERR,ERR,ERR,ERR,ERR,60.0,60.0,35,0.0,0.0,0.0,0.0,0.0,0.0,0.0,0.0,0.0,0.0,0.0,0.0,0.0,0.0,0.0,0.0,65.6,0,106,51,36,65476,0,300,0,0,8,20529,65476,0,0,2621,60.0,0.0,0.0,0.0,0.0,0.0
2026-07-09T15:45:28,ERR,ERR,ERR,ERR,ERR,ERR,ERR,ERR,ERR,ERR,ERR,ERR,ERR,ERR,ERR,ERR,ERR,ERR,ERR,ERR,ERR,ERR,ERR,ERR,ERR,ERR,ERR,ERR,ERR,ERR,ERR,ERR,ERR,ERR,ERR,ERR,ERR,ERR,ERR,ERR,ERR,ERR,ERR,ERR,ERR,ERR,ERR,ERR,ERR,ERR,ERR,ERR,ERR,ERR,ERR,ERR,ERR,ERR,ERR,ERR,ERR,ERR,ERR,ERR,ERR,ERR,ERR,ERR,ERR,ERR,ERR,ERR,ERR,ERR,ERR,ERR,ERR,ERR,ERR,ERR,ERR,ERR,ERR,ERR,ERR,ERR,ERR,ERR,ERR,ERR,ERR,ERR,ERR,ERR,ERR,ERR,ERR,ERR,ERR,ERR,ERR,ERR,ERR,ERR,ERR,ERR,ERR,ERR,ERR,ERR,ERR,ERR,ERR,ERR,ERR,ERR,ERR,ERR,ERR,ERR,ERR,ERR,ERR,ERR,ERR,-107615104.0,0.0,-108139576.0,-0.0,-1.4071584996649337e+19,1.4677447483359251e+31,131742192.0,3.51002817058635e+37,0,0,4,17365,7116,0.0,100,0.0,0.0,-0.0,0.0,0.0,0,0,0,0,0.0,0,0,0,0,0,0,0,0,0,0,0,0,0,0,0,0,0,0,0,0,0,0,0,0,0,0,0,0,0,0,0,0,0,31,40,40,71,65476,0,300,0,0,8,21553,0.0,-107605600.0,0.0,0.0,0.0,0.0,0.0,0.0,0.0,0.0,0.0,0.0,0.0,0.0,0.0,0.0,0.0,0.0,0.0,0.0,0.0,0.0,-0.0,0.0,0.0,0.0,0.0,0.0,0.0,0.0,5112.0,-0.0,6940.0,-107615104.0,0.0,2.004,2.004,0.0,0.0,0.0,0.0,69,-2.308831393857059e+20,-0.0,0.0,0.0,0.0,0.0,0.0,0.0,0.0,0,0,0,0.0,0.0,0.0,0.0,0.0,0.0,0.0,0.0,0.0,0.0,0.0,0.0,0.0,0.0,0.0,0.0,0,-107875648.0,69,0.0,138,0.0,2.012,ERR,ERR,ERR,ERR,ERR,ERR,ERR,ERR,ERR,ERR,ERR,ERR,ERR,ERR,ERR,ERR,ERR,ERR,ERR,ERR,ERR,ERR,ERR,ERR,ERR,ERR,ERR,ERR,ERR,ERR,ERR,ERR,ERR,ERR,ERR,ERR,ERR,ERR,ERR,ERR,ERR,ERR,ERR,ERR,ERR,ERR,ERR,ERR,ERR,ERR,ERR,ERR,ERR,ERR,ERR,ERR,ERR,ERR,ERR,ERR,ERR,ERR,ERR,ERR,ERR,ERR,ERR,60.0,60.0,35,0.0,0.0,0.0,0.0,0.0,0.0,0.0,0.0,0.0,0.0,0.0,0.0,0.0,0.0,0.0,0.0,64.8,0,106,51,36,65476,0,300,0,0,8,20529,65476,0,0,2621,60.0,0.0,0.0,0.0,0.0,0.0
2026-07-09T15:45:29,ERR,ERR,ERR,ERR,ERR,ERR,ERR,ERR,ERR,ERR,ERR,ERR,ERR,ERR,ERR,ERR,ERR,ERR,ERR,ERR,ERR,ERR,ERR,ERR,ERR,ERR,ERR,ERR,ERR,ERR,ERR,ERR,ERR,ERR,ERR,ERR,ERR,ERR,ERR,ERR,ERR,ERR,ERR,ERR,ERR,ERR,ERR,ERR,ERR,ERR,ERR,ERR,ERR,ERR,ERR,ERR,ERR,ERR,ERR,ERR,ERR,ERR,ERR,ERR,ERR,ERR,ERR,ERR,ERR,ERR,ERR,ERR,ERR,ERR,ERR,ERR,ERR,ERR,ERR,ERR,ERR,ERR,ERR,ERR,ERR,ERR,ERR,ERR,ERR,ERR,ERR,ERR,ERR,ERR,ERR,ERR,ERR,ERR,ERR,ERR,ERR,ERR,ERR,ERR,ERR,ERR,ERR,ERR,ERR,ERR,ERR,ERR,ERR,ERR,ERR,ERR,ERR,ERR,ERR,ERR,ERR,ERR,ERR,ERR,ERR,-107615104.0,0.0,-108139576.0,-0.0,-1.4071584996649337e+19,1.4677447483359251e+31,131742192.0,3.51002817058635e+37,0,0,4,17365,7116,0.0,100,0.0,0.0,-0.0,0.0,0.0,0,0,0,0,0.0,0,0,0,0,0,0,0,0,0,0,0,0,0,0,0,0,0,0,0,0,0,0,0,0,0,0,0,0,0,0,0,0,0,31,40,40,71,65476,0,300,0,0,8,21553,0.0,-107605600.0,0.0,0.0,0.0,0.0,0.0,0.0,0.0,0.0,0.0,0.0,0.0,0.0,0.0,0.0,0.0,0.0,0.0,0.0,0.0,0.0,-0.0,0.0,0.0,0.0,0.0,0.0,0.0,0.0,5112.0,-0.0,6940.0,-107615104.0,0.0,2.004,2.004,0.0,0.0,0.0,0.0,69,-2.308831393857059e+20,-0.0,0.0,0.0,0.0,0.0,0.0,0.0,0.0,0,0,0,0.0,0.0,0.0,0.0,0.0,0.0,0.0,0.0,0.0,0.0,0.0,0.0,0.0,0.0,0.0,0.0,0,-107875648.0,69,0.0,138,0.0,2.012,ERR,ERR,ERR,ERR,ERR,ERR,ERR,ERR,ERR,ERR,ERR,ERR,ERR,ERR,ERR,ERR,ERR,ERR,ERR,ERR,ERR,ERR,ERR,ERR,ERR,ERR,ERR,ERR,ERR,ERR,ERR,ERR,ERR,ERR,ERR,ERR,ERR,ERR,ERR,ERR,ERR,ERR,ERR,ERR,ERR,ERR,ERR,ERR,ERR,ERR,ERR,ERR,ERR,ERR,ERR,ERR,ERR,ERR,ERR,ERR,ERR,ERR,ERR,ERR,ERR,ERR,ERR,60.0,60.0,35,0.0,0.0,0.0,0.0,0.0,0.0,0.0,0.0,0.0,0.0,0.0,0.0,0.0,0.0,0.0,0.0,64.8,0,106,51,36,65476,0,300,0,0,8,20529,65476,0,0,2621,60.0,0.0,0.0,0.0,0.0,0.0
2026-07-09T15:45:30,ERR,ERR,ERR,ERR,ERR,ERR,ERR,ERR,ERR,ERR,ERR,ERR,ERR,ERR,ERR,ERR,ERR,ERR,ERR,ERR,ERR,ERR,ERR,ERR,ERR,ERR,ERR,ERR,ERR,ERR,ERR,ERR,ERR,ERR,ERR,ERR,ERR,ERR,ERR,ERR,ERR,ERR,ERR,ERR,ERR,ERR,ERR,ERR,ERR,ERR,ERR,ERR,ERR,ERR,ERR,ERR,ERR,ERR,ERR,ERR,ERR,ERR,ERR,ERR,ERR,ERR,ERR,ERR,ERR,ERR,ERR,ERR,ERR,ERR,ERR,ERR,ERR,ERR,ERR,ERR,ERR,ERR,ERR,ERR,ERR,ERR,ERR,ERR,ERR,ERR,ERR,ERR,ERR,ERR,ERR,ERR,ERR,ERR,ERR,ERR,ERR,ERR,ERR,ERR,ERR,ERR,ERR,ERR,ERR,ERR,ERR,ERR,ERR,ERR,ERR,ERR,ERR,ERR,ERR,ERR,ERR,ERR,ERR,ERR,ERR,-107615104.0,0.0,-108139576.0,-0.0,-1.4071584996649337e+19,-0.0,3.4158994456815806e+26,9.314968768092028e+23,0,0,4,17359,7116,0.0,100,0.0,0.0,-0.0,0.0,0.0,0,0,0,0,0.0,0,0,0,0,0,0,0,0,0,0,0,0,0,0,0,0,0,0,0,0,0,0,0,0,0,0,0,0,0,0,0,0,0,31,40,40,71,65476,0,300,0,0,8,21553,0.0,-107605600.0,0.0,0.0,0.0,0.0,0.0,0.0,0.0,0.0,0.0,0.0,0.0,0.0,0.0,0.0,0.0,0.0,0.0,0.0,0.0,0.0,2.004,2.004,0.0,0.0,0.0,0.0,0.0,0.0,5126.0,3.697187892843302e+19,6924.0,2.7184246165485387e+23,0.0,2.004,2.004,0.0,0.0,0.0,0.0,69,0.0,1.905686781760635e+17,0.0,0.0,0.0,0.0,0.0,0.0,0.0,0,0,0,0.0,0.0,0.0,0.0,0.0,0.0,0.0,0.0,0.0,0.0,0.0,0.0,0.0,0.0,0.0,0.0,0,-107875648.0,69,0.0,138,0.0,2.012,ERR,ERR,ERR,ERR,ERR,ERR,ERR,ERR,ERR,ERR,ERR,ERR,ERR,ERR,ERR,ERR,ERR,ERR,ERR,ERR,ERR,ERR,ERR,ERR,ERR,ERR,ERR,ERR,ERR,ERR,ERR,ERR,ERR,ERR,ERR,ERR,ERR,ERR,ERR,ERR,ERR,ERR,ERR,ERR,ERR,ERR,ERR,ERR,ERR,ERR,ERR,ERR,ERR,ERR,ERR,ERR,ERR,ERR,ERR,ERR,ERR,ERR,ERR,ERR,ERR,ERR,ERR,60.0,60.0,35,0.0,0.0,0.0,0.0,0.0,0.0,0.0,0.0,0.0,0.0,0.0,0.0,0.0,0.0,0.0,0.0,64.8,0,106,51,36,65476,0,300,0,0,8,20529,65476,0,0,2621,60.0,0.0,0.0,0.0,0.0,0.0
2026-07-09T15:45:31,ERR,ERR,ERR,ERR,ERR,ERR,ERR,ERR,ERR,ERR,ERR,ERR,ERR,ERR,ERR,ERR,ERR,ERR,ERR,ERR,ERR,ERR,ERR,ERR,ERR,ERR,ERR,ERR,ERR,ERR,ERR,ERR,ERR,ERR,ERR,ERR,ERR,ERR,ERR,ERR,ERR,ERR,ERR,ERR,ERR,ERR,ERR,ERR,ERR,ERR,ERR,ERR,ERR,ERR,ERR,ERR,ERR,ERR,ERR,ERR,ERR,ERR,ERR,ERR,ERR,ERR,ERR,ERR,ERR,ERR,ERR,ERR,ERR,ERR,ERR,ERR,ERR,ERR,ERR,ERR,ERR,ERR,ERR,ERR,ERR,ERR,ERR,ERR,ERR,ERR,ERR,ERR,ERR,ERR,ERR,ERR,ERR,ERR,ERR,ERR,ERR,ERR,ERR,ERR,ERR,ERR,ERR,ERR,ERR,ERR,ERR,ERR,ERR,ERR,ERR,ERR,ERR,ERR,ERR,ERR,ERR,ERR,ERR,ERR,ERR,-107615104.0,0.0,-108139576.0,-0.0,-1.4071584996649337e+19,-0.0,3.4158994456815806e+26,9.314968768092028e+23,0,0,4,17359,7116,0.0,100,0.0,0.0,-0.0,0.0,0.0,0,0,0,0,0.0,0,0,0,0,0,0,0,0,0,0,0,0,0,0,0,0,0,0,0,0,0,0,0,0,0,0,0,0,0,0,0,0,0,31,40,40,71,65476,0,300,0,0,8,21553,0.0,-107605600.0,0.0,0.0,0.0,0.0,0.0,0.0,0.0,0.0,0.0,0.0,0.0,0.0,0.0,0.0,0.0,0.0,0.0,0.0,0.0,0.0,2.004,2.004,0.0,0.0,0.0,0.0,0.0,0.0,5126.0,3.697187892843302e+19,6924.0,2.7184246165485387e+23,0.0,2.004,2.004,0.0,0.0,0.0,0.0,69,0.0,1.905686781760635e+17,0.0,0.0,0.0,0.0,0.0,0.0,0.0,0,0,0,0.0,0.0,0.0,0.0,0.0,0.0,0.0,0.0,0.0,0.0,0.0,0.0,0.0,0.0,0.0,0.0,0,-107875648.0,69,0.0,138,0.0,2.012,ERR,ERR,ERR,ERR,ERR,ERR,ERR,ERR,ERR,ERR,ERR,ERR,ERR,ERR,ERR,ERR,ERR,ERR,ERR,ERR,ERR,ERR,ERR,ERR,ERR,ERR,ERR,ERR,ERR,ERR,ERR,ERR,ERR,ERR,ERR,ERR,ERR,ERR,ERR,ERR,ERR,ERR,ERR,ERR,ERR,ERR,ERR,ERR,ERR,ERR,ERR,ERR,ERR,ERR,ERR,ERR,ERR,ERR,ERR,ERR,ERR,ERR,ERR,ERR,ERR,ERR,ERR,60.0,60.0,35,0.0,0.0,0.0,0.0,0.0,0.0,0.0,0.0,0.0,0.0,0.0,0.0,0.0,0.0,0.0,0.0,64.8,0,106,51,36,65476,0,300,0,0,8,20529,65476,0,0,2621,60.0,0.0,0.0,0.0,0.0,0.0
2026-07-09T15:45:32,ERR,ERR,ERR,ERR,ERR,ERR,ERR,ERR,ERR,ERR,ERR,ERR,ERR,ERR,ERR,ERR,ERR,ERR,ERR,ERR,ERR,ERR,ERR,ERR,ERR,ERR,ERR,ERR,ERR,ERR,ERR,ERR,ERR,ERR,ERR,ERR,ERR,ERR,ERR,ERR,ERR,ERR,ERR,ERR,ERR,ERR,ERR,ERR,ERR,ERR,ERR,ERR,ERR,ERR,ERR,ERR,ERR,ERR,ERR,ERR,ERR,ERR,ERR,ERR,ERR,ERR,ERR,ERR,ERR,ERR,ERR,ERR,ERR,ERR,ERR,ERR,ERR,ERR,ERR,ERR,ERR,ERR,ERR,ERR,ERR,ERR,ERR,ERR,ERR,ERR,ERR,ERR,ERR,ERR,ERR,ERR,ERR,ERR,ERR,ERR,ERR,ERR,ERR,ERR,ERR,ERR,ERR,ERR,ERR,ERR,ERR,ERR,ERR,ERR,ERR,ERR,ERR,ERR,ERR,ERR,ERR,ERR,ERR,ERR,ERR,-107615104.0,0.0,-108139576.0,-0.0,-1.4071584996649337e+19,-0.0,3.4158994456815806e+26,9.314968768092028e+23,0,0,4,17359,7116,0.0,100,0.0,0.0,-0.0,0.0,0.0,0,0,0,0,0.0,0,0,0,0,0,0,0,0,0,0,0,0,0,0,0,0,0,0,0,0,0,0,0,0,0,0,0,0,0,0,0,0,0,31,40,40,71,65476,0,300,0,0,8,21553,0.0,-107605600.0,0.0,0.0,0.0,0.0,0.0,0.0,0.0,0.0,0.0,0.0,0.0,0.0,0.0,0.0,0.0,0.0,0.0,0.0,0.0,0.0,2.004,2.004,0.0,0.0,0.0,0.0,0.0,0.0,5126.0,3.697187892843302e+19,6924.0,2.7184246165485387e+23,0.0,2.004,2.004,0.0,0.0,0.0,0.0,69,0.0,1.905686781760635e+17,0.0,0.0,0.0,0.0,0.0,0.0,0.0,0,0,0,0.0,0.0,0.0,0.0,0.0,0.0,0.0,0.0,0.0,0.0,0.0,0.0,0.0,0.0,0.0,0.0,0,-107875648.0,69,0.0,138,0.0,2.012,ERR,ERR,ERR,ERR,ERR,ERR,ERR,ERR,ERR,ERR,ERR,ERR,ERR,ERR,ERR,ERR,ERR,ERR,ERR,ERR,ERR,ERR,ERR,ERR,ERR,ERR,ERR,ERR,ERR,ERR,ERR,ERR,ERR,ERR,ERR,ERR,ERR,ERR,ERR,ERR,ERR,ERR,ERR,ERR,ERR,ERR,ERR,ERR,ERR,ERR,ERR,ERR,ERR,ERR,ERR,ERR,ERR,ERR,ERR,ERR,ERR,ERR,ERR,ERR,ERR,ERR,ERR,60.0,60.0,35,0.0,0.0,0.0,0.0,0.0,0.0,0.0,0.0,0.0,0.0,0.0,0.0,0.0,0.0,0.0,0.0,65.6,0,106,51,36,65476,0,300,0,0,8,20529,65476,0,0,2621,60.0,0.0,0.0,0.0,0.0,0.0
2026-07-09T15:45:33,ERR,ERR,ERR,ERR,ERR,ERR,ERR,ERR,ERR,ERR,ERR,ERR,ERR,ERR,ERR,ERR,ERR,ERR,ERR,ERR,ERR,ERR,ERR,ERR,ERR,ERR,ERR,ERR,ERR,ERR,ERR,ERR,ERR,ERR,ERR,ERR,ERR,ERR,ERR,ERR,ERR,ERR,ERR,ERR,ERR,ERR,ERR,ERR,ERR,ERR,ERR,ERR,ERR,ERR,ERR,ERR,ERR,ERR,ERR,ERR,ERR,ERR,ERR,ERR,ERR,ERR,ERR,ERR,ERR,ERR,ERR,ERR,ERR,ERR,ERR,ERR,ERR,ERR,ERR,ERR,ERR,ERR,ERR,ERR,ERR,ERR,ERR,ERR,ERR,ERR,ERR,ERR,ERR,ERR,ERR,ERR,ERR,ERR,ERR,ERR,ERR,ERR,ERR,ERR,ERR,ERR,ERR,ERR,ERR,ERR,ERR,ERR,ERR,ERR,ERR,ERR,ERR,ERR,ERR,ERR,ERR,ERR,ERR,ERR,ERR,-107615104.0,0.0,-108139576.0,-0.0,-1.4071584996649337e+19,-0.0,3.4158994456815806e+26,9.314968768092028e+23,0,0,4,17359,7116,0.0,100,0.0,0.0,-0.0,0.0,0.0,0,0,0,0,0.0,0,0,0,0,0,0,0,0,0,0,0,0,0,0,0,0,0,0,0,0,0,0,0,0,0,0,0,0,0,0,0,0,0,31,40,40,71,65476,0,300,0,0,8,21553,0.0,-107605600.0,0.0,0.0,0.0,0.0,0.0,0.0,0.0,0.0,0.0,0.0,0.0,0.0,0.0,0.0,0.0,0.0,0.0,0.0,0.0,0.0,2.004,2.004,0.0,0.0,0.0,0.0,0.0,0.0,5126.0,3.697187892843302e+19,6924.0,2.7184246165485387e+23,0.0,2.004,2.004,0.0,0.0,0.0,0.0,69,0.0,1.905686781760635e+17,0.0,0.0,0.0,0.0,0.0,0.0,0.0,0,0,0,0.0,0.0,0.0,0.0,0.0,0.0,0.0,0.0,0.0,0.0,0.0,0.0,0.0,0.0,0.0,0.0,0,-107875648.0,69,0.0,138,0.0,2.012,ERR,ERR,ERR,ERR,ERR,ERR,ERR,ERR,ERR,ERR,ERR,ERR,ERR,ERR,ERR,ERR,ERR,ERR,ERR,ERR,ERR,ERR,ERR,ERR,ERR,ERR,ERR,ERR,ERR,ERR,ERR,ERR,ERR,ERR,ERR,ERR,ERR,ERR,ERR,ERR,ERR,ERR,ERR,ERR,ERR,ERR,ERR,ERR,ERR,ERR,ERR,ERR,ERR,ERR,ERR,ERR,ERR,ERR,ERR,ERR,ERR,ERR,ERR,ERR,ERR,ERR,ERR,60.0,60.0,35,0.0,0.0,0.0,0.0,0.0,0.0,0.0,0.0,0.0,0.0,0.0,0.0,0.0,0.0,0.0,0.0,65.6,0,106,51,36,65476,0,300,0,0,8,20529,65476,0,0,2621,60.0,0.0,0.0,0.0,0.0,0.0
2026-07-09T15:45:34,ERR,ERR,ERR,ERR,ERR,ERR,ERR,ERR,ERR,ERR,ERR,ERR,ERR,ERR,ERR,ERR,ERR,ERR,ERR,ERR,ERR,ERR,ERR,ERR,ERR,ERR,ERR,ERR,ERR,ERR,ERR,ERR,ERR,ERR,ERR,ERR,ERR,ERR,ERR,ERR,ERR,ERR,ERR,ERR,ERR,ERR,ERR,ERR,ERR,ERR,ERR,ERR,ERR,ERR,ERR,ERR,ERR,ERR,ERR,ERR,ERR,ERR,ERR,ERR,ERR,ERR,ERR,ERR,ERR,ERR,ERR,ERR,ERR,ERR,ERR,ERR,ERR,ERR,ERR,ERR,ERR,ERR,ERR,ERR,ERR,ERR,ERR,ERR,ERR,ERR,ERR,ERR,ERR,ERR,ERR,ERR,ERR,ERR,ERR,ERR,ERR,ERR,ERR,ERR,ERR,ERR,ERR,ERR,ERR,ERR,ERR,ERR,ERR,ERR,ERR,ERR,ERR,ERR,ERR,ERR,ERR,ERR,ERR,ERR,ERR,-107615104.0,0.0,-108139576.0,-0.0,-1.4071584996649337e+19,-0.0,3.4158994456815806e+26,9.314968768092028e+23,0,0,4,17359,7116,0.0,100,0.0,0.0,-0.0,0.0,0.0,0,0,0,0,0.0,0,0,0,0,0,0,0,0,0,0,0,0,0,0,0,0,0,0,0,0,0,0,0,0,0,0,0,0,0,0,0,0,0,31,40,40,71,65476,0,300,0,0,8,21553,0.0,-107605600.0,0.0,0.0,0.0,0.0,0.0,0.0,0.0,0.0,0.0,0.0,0.0,0.0,0.0,0.0,0.0,0.0,0.0,0.0,0.0,0.0,2.004,2.004,0.0,0.0,0.0,0.0,0.0,0.0,5126.0,3.697187892843302e+19,6924.0,2.7184246165485387e+23,0.0,2.004,2.004,0.0,0.0,0.0,0.0,69,0.0,1.905686781760635e+17,0.0,0.0,0.0,0.0,0.0,0.0,0.0,0,0,0,0.0,0.0,0.0,0.0,0.0,0.0,0.0,0.0,0.0,0.0,0.0,0.0,0.0,0.0,0.0,0.0,0,-107875648.0,69,0.0,138,0.0,2.012,ERR,ERR,ERR,ERR,ERR,ERR,ERR,ERR,ERR,ERR,ERR,ERR,ERR,ERR,ERR,ERR,ERR,ERR,ERR,ERR,ERR,ERR,ERR,ERR,ERR,ERR,ERR,ERR,ERR,ERR,ERR,ERR,ERR,ERR,ERR,ERR,ERR,ERR,ERR,ERR,ERR,ERR,ERR,ERR,ERR,ERR,ERR,ERR,ERR,ERR,ERR,ERR,ERR,ERR,ERR,ERR,ERR,ERR,ERR,ERR,ERR,ERR,ERR,ERR,ERR,ERR,ERR,60.0,60.0,35,0.0,0.0,0.0,0.0,0.0,0.0,0.0,0.0,0.0,0.0,0.0,0.0,0.0,0.0,0.0,0.0,65.6,0,106,51,36,65476,0,300,0,0,8,20529,65476,0,0,2621,60.0,0.0,0.0,0.0,0.0,0.0
2026-07-09T15:45:35,ERR,ERR,ERR,ERR,ERR,ERR,ERR,ERR,ERR,ERR,ERR,ERR,ERR,ERR,ERR,ERR,ERR,ERR,ERR,ERR,ERR,ERR,ERR,ERR,ERR,ERR,ERR,ERR,ERR,ERR,ERR,ERR,ERR,ERR,ERR,ERR,ERR,ERR,ERR,ERR,ERR,ERR,ERR,ERR,ERR,ERR,ERR,ERR,ERR,ERR,ERR,ERR,ERR,ERR,ERR,ERR,ERR,ERR,ERR,ERR,ERR,ERR,ERR,ERR,ERR,ERR,ERR,ERR,ERR,ERR,ERR,ERR,ERR,ERR,ERR,ERR,ERR,ERR,ERR,ERR,ERR,ERR,ERR,ERR,ERR,ERR,ERR,ERR,ERR,ERR,ERR,ERR,ERR,ERR,ERR,ERR,ERR,ERR,ERR,ERR,ERR,ERR,ERR,ERR,ERR,ERR,ERR,ERR,ERR,ERR,ERR,ERR,ERR,ERR,ERR,ERR,ERR,ERR,ERR,ERR,ERR,ERR,ERR,ERR,ERR,2.7184246165485387e+23,0.0,0.0,2.7183478752108883e+23,0.0,0.0,0.0,-7155553280.0,0,0,4,17360,7116,0.0,100,0.0,0.0,2.7183478752108883e+23,0.0,0.0,0,0,0,0,0.0,0,0,0,0,0,0,0,0,0,0,0,0,0,0,0,0,0,0,0,0,0,0,0,0,0,0,0,0,0,0,0,0,0,31,40,40,71,65476,0,300,0,0,8,21553,0.0,-107605600.0,0.0,0.0,0.0,0.0,0.0,0.0,0.0,0.0,0.0,0.0,0.0,0.0,0.0,0.0,0.0,0.0,0.0,0.0,0.0,0.0,2.004,3.697075302852618e+19,0.0,0.0,0.0,0.0,0.0,0.0,5176.0,0.0,6916.0,2.7184246165485387e+23,107616256.0,2.004,2.004,0.0,0.0,0.0,0.0,69,4.066860458222289e+29,4.066855924750466e+29,0.0,0.0,0.0,0.0,0.0,0.0,0.0,0,0,0,0.0,0.0,0.0,0.0,0.0,0.0,0.0,0.0,0.0,0.0,0.0,0.0,0.0,0.0,0.0,0.0,0,-107875648.0,69,0.0,138,0.0,2.012,ERR,ERR,ERR,ERR,ERR,ERR,ERR,ERR,ERR,ERR,ERR,ERR,ERR,ERR,ERR,ERR,ERR,ERR,ERR,ERR,ERR,ERR,ERR,ERR,ERR,ERR,ERR,ERR,ERR,ERR,ERR,ERR,ERR,ERR,ERR,ERR,ERR,ERR,ERR,ERR,ERR,ERR,ERR,ERR,ERR,ERR,ERR,ERR,ERR,ERR,ERR,ERR,ERR,ERR,ERR,ERR,ERR,ERR,ERR,ERR,ERR,ERR,ERR,ERR,ERR,ERR,ERR,60.0,60.0,35,0.0,0.0,0.0,0.0,0.0,0.0,0.0,0.0,0.0,0.0,0.0,0.0,0.0,0.0,0.0,0.0,64.8,0,106,51,36,65476,0,300,0,0,8,20529,65476,0,0,2621,60.0,0.0,0.0,0.0,0.0,0.0
2026-07-09T15:45:36,ERR,ERR,ERR,ERR,ERR,ERR,ERR,ERR,ERR,ERR,ERR,ERR,ERR,ERR,ERR,ERR,ERR,ERR,ERR,ERR,ERR,ERR,ERR,ERR,ERR,ERR,ERR,ERR,ERR,ERR,ERR,ERR,ERR,ERR,ERR,ERR,ERR,ERR,ERR,ERR,ERR,ERR,ERR,ERR,ERR,ERR,ERR,ERR,ERR,ERR,ERR,ERR,ERR,ERR,ERR,ERR,ERR,ERR,ERR,ERR,ERR,ERR,ERR,ERR,ERR,ERR,ERR,ERR,ERR,ERR,ERR,ERR,ERR,ERR,ERR,ERR,ERR,ERR,ERR,ERR,ERR,ERR,ERR,ERR,ERR,ERR,ERR,ERR,ERR,ERR,ERR,ERR,ERR,ERR,ERR,ERR,ERR,ERR,ERR,ERR,ERR,ERR,ERR,ERR,ERR,ERR,ERR,ERR,ERR,ERR,ERR,ERR,ERR,ERR,ERR,ERR,ERR,ERR,ERR,ERR,ERR,ERR,ERR,ERR,ERR,2.7184246165485387e+23,0.0,0.0,2.7183478752108883e+23,0.0,0.0,0.0,-7155553280.0,0,0,4,17360,7116,0.0,100,0.0,0.0,2.7183478752108883e+23,0.0,0.0,0,0,0,0,0.0,0,0,0,0,0,0,0,0,0,0,0,0,0,0,0,0,0,0,0,0,0,0,0,0,0,0,0,0,0,0,0,0,0,31,40,40,71,65476,0,300,0,0,8,21553,0.0,-107605600.0,0.0,0.0,0.0,0.0,0.0,0.0,0.0,0.0,0.0,0.0,0.0,0.0,0.0,0.0,0.0,0.0,0.0,0.0,0.0,0.0,2.004,3.697075302852618e+19,0.0,0.0,0.0,0.0,0.0,0.0,5176.0,0.0,6916.0,2.7184246165485387e+23,107616256.0,2.004,2.004,0.0,0.0,0.0,0.0,69,4.066860458222289e+29,4.066855924750466e+29,0.0,0.0,0.0,0.0,0.0,0.0,0.0,0,0,0,0.0,0.0,0.0,0.0,0.0,0.0,0.0,0.0,0.0,0.0,0.0,0.0,0.0,0.0,0.0,0.0,0,-107875648.0,69,0.0,138,0.0,2.012,ERR,ERR,ERR,ERR,ERR,ERR,ERR,ERR,ERR,ERR,ERR,ERR,ERR,ERR,ERR,ERR,ERR,ERR,ERR,ERR,ERR,ERR,ERR,ERR,ERR,ERR,ERR,ERR,ERR,ERR,ERR,ERR,ERR,ERR,ERR,ERR,ERR,ERR,ERR,ERR,ERR,ERR,ERR,ERR,ERR,ERR,ERR,ERR,ERR,ERR,ERR,ERR,ERR,ERR,ERR,ERR,ERR,ERR,ERR,ERR,ERR,ERR,ERR,ERR,ERR,ERR,ERR,60.0,60.0,35,0.0,0.0,0.0,0.0,0.0,0.0,0.0,0.0,0.0,0.0,0.0,0.0,0.0,0.0,0.0,0.0,64.8,0,107,52,36,65476,0,300,0,0,8,20529,65476,0,0,2621,60.0,0.0,0.0,0.0,0.0,0.0
2026-07-09T15:45:37,ERR,ERR,ERR,ERR,ERR,ERR,ERR,ERR,ERR,ERR,ERR,ERR,ERR,ERR,ERR,ERR,ERR,ERR,ERR,ERR,ERR,ERR,ERR,ERR,ERR,ERR,ERR,ERR,ERR,ERR,ERR,ERR,ERR,ERR,ERR,ERR,ERR,ERR,ERR,ERR,ERR,ERR,ERR,ERR,ERR,ERR,ERR,ERR,ERR,ERR,ERR,ERR,ERR,ERR,ERR,ERR,ERR,ERR,ERR,ERR,ERR,ERR,ERR,ERR,ERR,ERR,ERR,ERR,ERR,ERR,ERR,ERR,ERR,ERR,ERR,ERR,ERR,ERR,ERR,ERR,ERR,ERR,ERR,ERR,ERR,ERR,ERR,ERR,ERR,ERR,ERR,ERR,ERR,ERR,ERR,ERR,ERR,ERR,ERR,ERR,ERR,ERR,ERR,ERR,ERR,ERR,ERR,ERR,ERR,ERR,ERR,ERR,ERR,ERR,ERR,ERR,ERR,ERR,ERR,ERR,ERR,ERR,ERR,ERR,ERR,2.7184246165485387e+23,0.0,0.0,2.7183478752108883e+23,0.0,0.0,0.0,-7155553280.0,0,0,4,17360,7116,0.0,100,0.0,0.0,2.7183478752108883e+23,0.0,0.0,0,0,0,0,0.0,0,0,0,0,0,0,0,0,0,0,0,0,0,0,0,0,0,0,0,0,0,0,0,0,0,0,0,0,0,0,0,0,0,31,40,40,71,65476,0,300,0,0,8,21553,0.0,-107605600.0,0.0,0.0,0.0,0.0,0.0,0.0,0.0,0.0,0.0,0.0,0.0,0.0,0.0,0.0,0.0,0.0,0.0,0.0,0.0,0.0,2.004,3.697075302852618e+19,0.0,0.0,0.0,0.0,0.0,0.0,5176.0,0.0,6916.0,2.7184246165485387e+23,107616256.0,2.004,2.004,0.0,0.0,0.0,0.0,69,4.066860458222289e+29,4.066855924750466e+29,0.0,0.0,0.0,0.0,0.0,0.0,0.0,0,0,0,0.0,0.0,0.0,0.0,0.0,0.0,0.0,0.0,0.0,0.0,0.0,0.0,0.0,0.0,0.0,0.0,0,-107875648.0,69,0.0,138,0.0,2.012,ERR,ERR,ERR,ERR,ERR,ERR,ERR,ERR,ERR,ERR,ERR,ERR,ERR,ERR,ERR,ERR,ERR,ERR,ERR,ERR,ERR,ERR,ERR,ERR,ERR,ERR,ERR,ERR,ERR,ERR,ERR,ERR,ERR,ERR,ERR,ERR,ERR,ERR,ERR,ERR,ERR,ERR,ERR,ERR,ERR,ERR,ERR,ERR,ERR,ERR,ERR,ERR,ERR,ERR,ERR,ERR,ERR,ERR,ERR,ERR,ERR,ERR,ERR,ERR,ERR,ERR,ERR,60.0,60.0,35,0.0,0.0,0.0,0.0,0.0,0.0,0.0,0.0,0.0,0.0,0.0,0.0,0.0,0.0,0.0,0.0,64.8,0,107,52,36,65476,0,300,0,0,8,20529,65476,0,0,2621,60.0,0.0,0.0,0.0,0.0,0.0
2026-07-09T15:45:38,ERR,ERR,ERR,ERR,ERR,ERR,ERR,ERR,ERR,ERR,ERR,ERR,ERR,ERR,ERR,ERR,ERR,ERR,ERR,ERR,ERR,ERR,ERR,ERR,ERR,ERR,ERR,ERR,ERR,ERR,ERR,ERR,ERR,ERR,ERR,ERR,ERR,ERR,ERR,ERR,ERR,ERR,ERR,ERR,ERR,ERR,ERR,ERR,ERR,ERR,ERR,ERR,ERR,ERR,ERR,ERR,ERR,ERR,ERR,ERR,ERR,ERR,ERR,ERR,ERR,ERR,ERR,ERR,ERR,ERR,ERR,ERR,ERR,ERR,ERR,ERR,ERR,ERR,ERR,ERR,ERR,ERR,ERR,ERR,ERR,ERR,ERR,ERR,ERR,ERR,ERR,ERR,ERR,ERR,ERR,ERR,ERR,ERR,ERR,ERR,ERR,ERR,ERR,ERR,ERR,ERR,ERR,ERR,ERR,ERR,ERR,ERR,ERR,ERR,ERR,ERR,ERR,ERR,ERR,ERR,ERR,ERR,ERR,ERR,ERR,2.7184246165485387e+23,0.0,0.0,2.7183478752108883e+23,0.0,0.0,0.0,-7155553280.0,0,0,4,17360,7116,0.0,100,0.0,0.0,2.7183478752108883e+23,0.0,0.0,0,0,0,0,0.0,0,0,0,0,0,0,0,0,0,0,0,0,0,0,0,0,0,0,0,0,0,0,0,0,0,0,0,0,0,0,0,0,0,31,40,40,71,65476,0,300,0,0,8,21553,0.0,-107605600.0,0.0,0.0,0.0,0.0,0.0,0.0,0.0,0.0,0.0,0.0,0.0,0.0,0.0,0.0,0.0,0.0,0.0,0.0,0.0,0.0,2.004,3.697075302852618e+19,0.0,0.0,0.0,0.0,0.0,0.0,5176.0,0.0,6916.0,2.7184246165485387e+23,107616256.0,2.004,2.004,0.0,0.0,0.0,0.0,69,4.066860458222289e+29,4.066855924750466e+29,0.0,0.0,0.0,0.0,0.0,0.0,0.0,0,0,0,0.0,0.0,0.0,0.0,0.0,0.0,0.0,0.0,0.0,0.0,0.0,0.0,0.0,0.0,0.0,0.0,0,-107875648.0,69,0.0,138,0.0,2.012,ERR,ERR,ERR,ERR,ERR,ERR,ERR,ERR,ERR,ERR,ERR,ERR,ERR,ERR,ERR,ERR,ERR,ERR,ERR,ERR,ERR,ERR,ERR,ERR,ERR,ERR,ERR,ERR,ERR,ERR,ERR,ERR,ERR,ERR,ERR,ERR,ERR,ERR,ERR,ERR,ERR,ERR,ERR,ERR,ERR,ERR,ERR,ERR,ERR,ERR,ERR,ERR,ERR,ERR,ERR,ERR,ERR,ERR,ERR,ERR,ERR,ERR,ERR,ERR,ERR,ERR,ERR,60.0,60.0,35,0.0,0.0,0.0,0.0,0.0,0.0,0.0,0.0,0.0,0.0,0.0,0.0,0.0,0.0,0.0,0.0,65.6,0,107,52,36,65476,0,300,0,0,8,20529,65476,0,0,2621,60.0,0.0,0.0,0.0,0.0,0.0
2026-07-09T15:45:39,ERR,ERR,ERR,ERR,ERR,ERR,ERR,ERR,ERR,ERR,ERR,ERR,ERR,ERR,ERR,ERR,ERR,ERR,ERR,ERR,ERR,ERR,ERR,ERR,ERR,ERR,ERR,ERR,ERR,ERR,ERR,ERR,ERR,ERR,ERR,ERR,ERR,ERR,ERR,ERR,ERR,ERR,ERR,ERR,ERR,ERR,ERR,ERR,ERR,ERR,ERR,ERR,ERR,ERR,ERR,ERR,ERR,ERR,ERR,ERR,ERR,ERR,ERR,ERR,ERR,ERR,ERR,ERR,ERR,ERR,ERR,ERR,ERR,ERR,ERR,ERR,ERR,ERR,ERR,ERR,ERR,ERR,ERR,ERR,ERR,ERR,ERR,ERR,ERR,ERR,ERR,ERR,ERR,ERR,ERR,ERR,ERR,ERR,ERR,ERR,ERR,ERR,ERR,ERR,ERR,ERR,ERR,ERR,ERR,ERR,ERR,ERR,ERR,ERR,ERR,ERR,ERR,ERR,ERR,ERR,ERR,ERR,ERR,ERR,ERR,2.7184246165485387e+23,0.0,0.0,2.7183478752108883e+23,0.0,0.0,0.0,-7155553280.0,0,0,4,17360,7116,0.0,100,0.0,0.0,2.7183478752108883e+23,0.0,0.0,0,0,0,0,0.0,0,0,0,0,0,0,0,0,0,0,0,0,0,0,0,0,0,0,0,0,0,0,0,0,0,0,0,0,0,0,0,0,0,31,40,40,71,65476,0,300,0,0,8,21553,0.0,-107605600.0,0.0,0.0,0.0,0.0,0.0,0.0,0.0,0.0,0.0,0.0,0.0,0.0,0.0,0.0,0.0,0.0,0.0,0.0,0.0,0.0,2.004,3.697075302852618e+19,0.0,0.0,0.0,0.0,0.0,0.0,5176.0,0.0,6916.0,2.7184246165485387e+23,107616256.0,2.004,2.004,0.0,0.0,0.0,0.0,69,4.066860458222289e+29,4.066855924750466e+29,0.0,0.0,0.0,0.0,0.0,0.0,0.0,0,0,0,0.0,0.0,0.0,0.0,0.0,0.0,0.0,0.0,0.0,0.0,0.0,0.0,0.0,0.0,0.0,0.0,0,-107875648.0,69,0.0,138,0.0,2.012,ERR,ERR,ERR,ERR,ERR,ERR,ERR,ERR,ERR,ERR,ERR,ERR,ERR,ERR,ERR,ERR,ERR,ERR,ERR,ERR,ERR,ERR,ERR,ERR,ERR,ERR,ERR,ERR,ERR,ERR,ERR,ERR,ERR,ERR,ERR,ERR,ERR,ERR,ERR,ERR,ERR,ERR,ERR,ERR,ERR,ERR,ERR,ERR,ERR,ERR,ERR,ERR,ERR,ERR,ERR,ERR,ERR,ERR,ERR,ERR,ERR,ERR,ERR,ERR,ERR,ERR,ERR,60.0,60.0,35,0.0,0.0,0.0,0.0,0.0,0.0,0.0,0.0,0.0,0.0,0.0,0.0,0.0,0.0,0.0,0.0,65.6,0,107,52,36,65476,0,300,0,0,8,20529,65476,0,0,2621,60.0,0.0,0.0,0.0,0.0,0.0
2026-07-09T15:45:40,ERR,ERR,ERR,ERR,ERR,ERR,ERR,ERR,ERR,ERR,ERR,ERR,ERR,ERR,ERR,ERR,ERR,ERR,ERR,ERR,ERR,ERR,ERR,ERR,ERR,ERR,ERR,ERR,ERR,ERR,ERR,ERR,ERR,ERR,ERR,ERR,ERR,ERR,ERR,ERR,ERR,ERR,ERR,ERR,ERR,ERR,ERR,ERR,ERR,ERR,ERR,ERR,ERR,ERR,ERR,ERR,ERR,ERR,ERR,ERR,ERR,ERR,ERR,ERR,ERR,ERR,ERR,ERR,ERR,ERR,ERR,ERR,ERR,ERR,ERR,ERR,ERR,ERR,ERR,ERR,ERR,ERR,ERR,ERR,ERR,ERR,ERR,ERR,ERR,ERR,ERR,ERR,ERR,ERR,ERR,ERR,ERR,ERR,ERR,ERR,ERR,ERR,ERR,ERR,ERR,ERR,ERR,ERR,ERR,ERR,ERR,ERR,ERR,ERR,ERR,ERR,ERR,ERR,ERR,ERR,ERR,ERR,ERR,ERR,ERR,2.7184246165485387e+23,107616256.0,2.730234856211355e+23,2.7183478752108883e+23,2.6221594064028586e+33,350206264606720.0,-1.4600495829293308e+20,6.022026763728231e+25,0,0,4,17360,7116,0.0,100,0.0,0.0,2.7183478752108883e+23,0.0,0.0,0,0,0,0,0.0,0,0,0,0,0,0,0,0,0,0,0,0,0,0,0,0,0,0,0,0,0,0,0,0,0,0,0,0,0,0,0,0,0,31,40,40,71,65476,0,300,0,0,8,21553,0.0,-107605600.0,0.0,0.0,0.0,0.0,0.0,0.0,0.0,0.0,0.0,0.0,0.0,0.0,0.0,0.0,0.0,0.0,0.0,0.0,0.0,0.0,2.004,3.697075302852618e+19,0.0,0.0,0.0,0.0,0.0,0.0,5193.0,0.0,6916.0,0.0,107616256.0,2.004,2.004,0.0,0.0,0.0,0.0,69,-4.950408094504864e+32,-0.0,0.0,0.0,0.0,0.0,0.0,0.0,0.0,0,0,0,0.0,0.0,0.0,0.0,0.0,0.0,0.0,0.0,0.0,0.0,0.0,0.0,0.0,0.0,0.0,0.0,0,-107875648.0,69,0.0,138,0.0,2.012,ERR,ERR,ERR,ERR,ERR,ERR,ERR,ERR,ERR,ERR,ERR,ERR,ERR,ERR,ERR,ERR,ERR,ERR,ERR,ERR,ERR,ERR,ERR,ERR,ERR,ERR,ERR,ERR,ERR,ERR,ERR,ERR,ERR,ERR,ERR,ERR,ERR,ERR,ERR,ERR,ERR,ERR,ERR,ERR,ERR,ERR,ERR,ERR,ERR,ERR,ERR,ERR,ERR,ERR,ERR,ERR,ERR,ERR,ERR,ERR,ERR,ERR,ERR,ERR,ERR,ERR,ERR,60.0,60.0,35,0.0,0.0,0.0,0.0,0.0,0.0,0.0,0.0,0.0,0.0,0.0,0.0,0.0,0.0,0.0,0.0,65.6,0,107,52,36,65476,0,300,0,0,8,20529,65476,0,0,2621,60.0,0.0,0.0,0.0,0.0,0.0
2026-07-09T15:45:41,ERR,ERR,ERR,ERR,ERR,ERR,ERR,ERR,ERR,ERR,ERR,ERR,ERR,ERR,ERR,ERR,ERR,ERR,ERR,ERR,ERR,ERR,ERR,ERR,ERR,ERR,ERR,ERR,ERR,ERR,ERR,ERR,ERR,ERR,ERR,ERR,ERR,ERR,ERR,ERR,ERR,ERR,ERR,ERR,ERR,ERR,ERR,ERR,ERR,ERR,ERR,ERR,ERR,ERR,ERR,ERR,ERR,ERR,ERR,ERR,ERR,ERR,ERR,ERR,ERR,ERR,ERR,ERR,ERR,ERR,ERR,ERR,ERR,ERR,ERR,ERR,ERR,ERR,ERR,ERR,ERR,ERR,ERR,ERR,ERR,ERR,ERR,ERR,ERR,ERR,ERR,ERR,ERR,ERR,ERR,ERR,ERR,ERR,ERR,ERR,ERR,ERR,ERR,ERR,ERR,ERR,ERR,ERR,ERR,ERR,ERR,ERR,ERR,ERR,ERR,ERR,ERR,ERR,ERR,ERR,ERR,ERR,ERR,ERR,ERR,2.7184246165485387e+23,107616256.0,2.730234856211355e+23,2.7183478752108883e+23,2.6221594064028586e+33,350206264606720.0,-1.4600495829293308e+20,6.022026763728231e+25,0,0,4,17360,7116,0.0,100,0.0,0.0,2.7183478752108883e+23,0.0,0.0,0,0,0,0,0.0,0,0,0,0,0,0,0,0,0,0,0,0,0,0,0,0,0,0,0,0,0,0,0,0,0,0,0,0,0,0,0,0,0,31,40,40,71,65476,0,300,0,0,8,21553,0.0,-107605600.0,0.0,0.0,0.0,0.0,0.0,0.0,0.0,0.0,0.0,0.0,0.0,0.0,0.0,0.0,0.0,0.0,0.0,0.0,0.0,0.0,2.004,3.697075302852618e+19,0.0,0.0,0.0,0.0,0.0,0.0,5193.0,0.0,6916.0,0.0,107616256.0,2.004,2.004,0.0,0.0,0.0,0.0,69,-4.950408094504864e+32,-0.0,0.0,0.0,0.0,0.0,0.0,0.0,0.0,0,0,0,0.0,0.0,0.0,0.0,0.0,0.0,0.0,0.0,0.0,0.0,0.0,0.0,0.0,0.0,0.0,0.0,0,-107875648.0,69,0.0,138,0.0,2.012,ERR,ERR,ERR,ERR,ERR,ERR,ERR,ERR,ERR,ERR,ERR,ERR,ERR,ERR,ERR,ERR,ERR,ERR,ERR,ERR,ERR,ERR,ERR,ERR,ERR,ERR,ERR,ERR,ERR,ERR,ERR,ERR,ERR,ERR,ERR,ERR,ERR,ERR,ERR,ERR,ERR,ERR,ERR,ERR,ERR,ERR,ERR,ERR,ERR,ERR,ERR,ERR,ERR,ERR,ERR,ERR,ERR,ERR,ERR,ERR,ERR,ERR,ERR,ERR,ERR,ERR,ERR,60.0,60.0,35,0.0,0.0,0.0,0.0,0.0,0.0,0.0,0.0,0.0,0.0,0.0,0.0,0.0,0.0,0.0,0.0,64.8,0,107,52,36,65476,0,300,0,0,8,20529,65476,0,0,2621,60.0,0.0,0.0,0.0,0.0,0.0
2026-07-09T15:45:42,ERR,ERR,ERR,ERR,ERR,ERR,ERR,ERR,ERR,ERR,ERR,ERR,ERR,ERR,ERR,ERR,ERR,ERR,ERR,ERR,ERR,ERR,ERR,ERR,ERR,ERR,ERR,ERR,ERR,ERR,ERR,ERR,ERR,ERR,ERR,ERR,ERR,ERR,ERR,ERR,ERR,ERR,ERR,ERR,ERR,ERR,ERR,ERR,ERR,ERR,ERR,ERR,ERR,ERR,ERR,ERR,ERR,ERR,ERR,ERR,ERR,ERR,ERR,ERR,ERR,ERR,ERR,ERR,ERR,ERR,ERR,ERR,ERR,ERR,ERR,ERR,ERR,ERR,ERR,ERR,ERR,ERR,ERR,ERR,ERR,ERR,ERR,ERR,ERR,ERR,ERR,ERR,ERR,ERR,ERR,ERR,ERR,ERR,ERR,ERR,ERR,ERR,ERR,ERR,ERR,ERR,ERR,ERR,ERR,ERR,ERR,ERR,ERR,ERR,ERR,ERR,ERR,ERR,ERR,ERR,ERR,ERR,ERR,ERR,ERR,2.7184246165485387e+23,107616256.0,2.730234856211355e+23,2.7183478752108883e+23,2.6221594064028586e+33,350206264606720.0,-1.4600495829293308e+20,6.022026763728231e+25,0,0,4,17360,7116,0.0,100,0.0,0.0,2.7183478752108883e+23,0.0,0.0,0,0,0,0,0.0,0,0,0,0,0,0,0,0,0,0,0,0,0,0,0,0,0,0,0,0,0,0,0,0,0,0,0,0,0,0,0,0,0,31,40,40,71,65476,0,300,0,0,8,21553,0.0,-107605600.0,0.0,0.0,0.0,0.0,0.0,0.0,0.0,0.0,0.0,0.0,0.0,0.0,0.0,0.0,0.0,0.0,0.0,0.0,0.0,0.0,2.004,3.697075302852618e+19,0.0,0.0,0.0,0.0,0.0,0.0,5193.0,0.0,6916.0,0.0,107616256.0,2.004,2.004,0.0,0.0,0.0,0.0,69,-4.950408094504864e+32,-0.0,0.0,0.0,0.0,0.0,0.0,0.0,0.0,0,0,0,0.0,0.0,0.0,0.0,0.0,0.0,0.0,0.0,0.0,0.0,0.0,0.0,0.0,0.0,0.0,0.0,0,-107875648.0,69,0.0,138,0.0,2.012,ERR,ERR,ERR,ERR,ERR,ERR,ERR,ERR,ERR,ERR,ERR,ERR,ERR,ERR,ERR,ERR,ERR,ERR,ERR,ERR,ERR,ERR,ERR,ERR,ERR,ERR,ERR,ERR,ERR,ERR,ERR,ERR,ERR,ERR,ERR,ERR,ERR,ERR,ERR,ERR,ERR,ERR,ERR,ERR,ERR,ERR,ERR,ERR,ERR,ERR,ERR,ERR,ERR,ERR,ERR,ERR,ERR,ERR,ERR,ERR,ERR,ERR,ERR,ERR,ERR,ERR,ERR,60.0,60.0,35,0.0,0.0,0.0,0.0,0.0,0.0,0.0,0.0,0.0,0.0,0.0,0.0,0.0,0.0,0.0,0.0,64.8,0,107,52,36,65476,0,300,0,0,8,20529,65476,0,0,2621,60.0,0.0,0.0,0.0,0.0,0.0
2026-07-09T15:45:43,ERR,ERR,ERR,ERR,ERR,ERR,ERR,ERR,ERR,ERR,ERR,ERR,ERR,ERR,ERR,ERR,ERR,ERR,ERR,ERR,ERR,ERR,ERR,ERR,ERR,ERR,ERR,ERR,ERR,ERR,ERR,ERR,ERR,ERR,ERR,ERR,ERR,ERR,ERR,ERR,ERR,ERR,ERR,ERR,ERR,ERR,ERR,ERR,ERR,ERR,ERR,ERR,ERR,ERR,ERR,ERR,ERR,ERR,ERR,ERR,ERR,ERR,ERR,ERR,ERR,ERR,ERR,ERR,ERR,ERR,ERR,ERR,ERR,ERR,ERR,ERR,ERR,ERR,ERR,ERR,ERR,ERR,ERR,ERR,ERR,ERR,ERR,ERR,ERR,ERR,ERR,ERR,ERR,ERR,ERR,ERR,ERR,ERR,ERR,ERR,ERR,ERR,ERR,ERR,ERR,ERR,ERR,ERR,ERR,ERR,ERR,ERR,ERR,ERR,ERR,ERR,ERR,ERR,ERR,ERR,ERR,ERR,ERR,ERR,ERR,2.7184246165485387e+23,107616256.0,2.730234856211355e+23,2.7183478752108883e+23,2.6221594064028586e+33,350206264606720.0,-1.4600495829293308e+20,6.022026763728231e+25,0,0,4,17360,7116,0.0,100,0.0,0.0,2.7183478752108883e+23,0.0,0.0,0,0,0,0,0.0,0,0,0,0,0,0,0,0,0,0,0,0,0,0,0,0,0,0,0,0,0,0,0,0,0,0,0,0,0,0,0,0,0,31,40,40,71,65476,0,300,0,0,8,21553,0.0,-107605600.0,0.0,0.0,0.0,0.0,0.0,0.0,0.0,0.0,0.0,0.0,0.0,0.0,0.0,0.0,0.0,0.0,0.0,0.0,0.0,0.0,2.004,3.697075302852618e+19,0.0,0.0,0.0,0.0,0.0,0.0,5193.0,0.0,6916.0,0.0,107616256.0,2.004,2.004,0.0,0.0,0.0,0.0,69,-4.950408094504864e+32,-0.0,0.0,0.0,0.0,0.0,0.0,0.0,0.0,0,0,0,0.0,0.0,0.0,0.0,0.0,0.0,0.0,0.0,0.0,0.0,0.0,0.0,0.0,0.0,0.0,0.0,0,-107875648.0,69,0.0,138,0.0,2.012,ERR,ERR,ERR,ERR,ERR,ERR,ERR,ERR,ERR,ERR,ERR,ERR,ERR,ERR,ERR,ERR,ERR,ERR,ERR,ERR,ERR,ERR,ERR,ERR,ERR,ERR,ERR,ERR,ERR,ERR,ERR,ERR,ERR,ERR,ERR,ERR,ERR,ERR,ERR,ERR,ERR,ERR,ERR,ERR,ERR,ERR,ERR,ERR,ERR,ERR,ERR,ERR,ERR,ERR,ERR,ERR,ERR,ERR,ERR,ERR,ERR,ERR,ERR,ERR,ERR,ERR,ERR,60.0,60.0,35,0.0,0.0,0.0,0.0,0.0,0.0,0.0,0.0,0.0,0.0,0.0,0.0,0.0,0.0,0.0,0.0,64.8,0,107,52,36,65476,0,300,0,0,8,20529,65476,0,0,2621,60.0,0.0,0.0,0.0,0.0,0.0
2026-07-09T15:45:44,ERR,ERR,ERR,ERR,ERR,ERR,ERR,ERR,ERR,ERR,ERR,ERR,ERR,ERR,ERR,ERR,ERR,ERR,ERR,ERR,ERR,ERR,ERR,ERR,ERR,ERR,ERR,ERR,ERR,ERR,ERR,ERR,ERR,ERR,ERR,ERR,ERR,ERR,ERR,ERR,ERR,ERR,ERR,ERR,ERR,ERR,ERR,ERR,ERR,ERR,ERR,ERR,ERR,ERR,ERR,ERR,ERR,ERR,ERR,ERR,ERR,ERR,ERR,ERR,ERR,ERR,ERR,ERR,ERR,ERR,ERR,ERR,ERR,ERR,ERR,ERR,ERR,ERR,ERR,ERR,ERR,ERR,ERR,ERR,ERR,ERR,ERR,ERR,ERR,ERR,ERR,ERR,ERR,ERR,ERR,ERR,ERR,ERR,ERR,ERR,ERR,ERR,ERR,ERR,ERR,ERR,ERR,ERR,ERR,ERR,ERR,ERR,ERR,ERR,ERR,ERR,ERR,ERR,ERR,ERR,ERR,ERR,ERR,ERR,ERR,2.7184246165485387e+23,107616256.0,2.730234856211355e+23,2.7183478752108883e+23,2.6221594064028586e+33,350206264606720.0,-1.4600495829293308e+20,6.022026763728231e+25,0,0,4,17360,7116,0.0,100,0.0,0.0,2.7183478752108883e+23,0.0,0.0,0,0,0,0,0.0,0,0,0,0,0,0,0,0,0,0,0,0,0,0,0,0,0,0,0,0,0,0,0,0,0,0,0,0,0,0,0,0,0,31,40,40,71,65476,0,300,0,0,8,21553,0.0,-107605600.0,0.0,0.0,0.0,0.0,0.0,0.0,0.0,0.0,0.0,0.0,0.0,0.0,0.0,0.0,0.0,0.0,0.0,0.0,0.0,0.0,2.004,3.697075302852618e+19,0.0,0.0,0.0,0.0,0.0,0.0,5193.0,0.0,6916.0,0.0,107616256.0,2.004,2.004,0.0,0.0,0.0,0.0,69,-4.950408094504864e+32,-0.0,0.0,0.0,0.0,0.0,0.0,0.0,0.0,0,0,0,0.0,0.0,0.0,0.0,0.0,0.0,0.0,0.0,0.0,0.0,0.0,0.0,0.0,0.0,0.0,0.0,0,-107875648.0,69,0.0,138,0.0,2.012,ERR,ERR,ERR,ERR,ERR,ERR,ERR,ERR,ERR,ERR,ERR,ERR,ERR,ERR,ERR,ERR,ERR,ERR,ERR,ERR,ERR,ERR,ERR,ERR,ERR,ERR,ERR,ERR,ERR,ERR,ERR,ERR,ERR,ERR,ERR,ERR,ERR,ERR,ERR,ERR,ERR,ERR,ERR,ERR,ERR,ERR,ERR,ERR,ERR,ERR,ERR,ERR,ERR,ERR,ERR,ERR,ERR,ERR,ERR,ERR,ERR,ERR,ERR,ERR,ERR,ERR,ERR,60.0,60.0,35,0.0,0.0,0.0,0.0,0.0,0.0,0.0,0.0,0.0,0.0,0.0,0.0,0.0,0.0,0.0,0.0,65.2,0,107,52,36,65476,0,300,0,0,8,20529,65476,0,0,2621,60.0,0.0,0.0,0.0,0.0,0.0
2026-07-09T15:45:45,ERR,ERR,ERR,ERR,ERR,ERR,ERR,ERR,ERR,ERR,ERR,ERR,ERR,ERR,ERR,ERR,ERR,ERR,ERR,ERR,ERR,ERR,ERR,ERR,ERR,ERR,ERR,ERR,ERR,ERR,ERR,ERR,ERR,ERR,ERR,ERR,ERR,ERR,ERR,ERR,ERR,ERR,ERR,ERR,ERR,ERR,ERR,ERR,ERR,ERR,ERR,ERR,ERR,ERR,ERR,ERR,ERR,ERR,ERR,ERR,ERR,ERR,ERR,ERR,ERR,ERR,ERR,ERR,ERR,ERR,ERR,ERR,ERR,ERR,ERR,ERR,ERR,ERR,ERR,ERR,ERR,ERR,ERR,ERR,ERR,ERR,ERR,ERR,ERR,ERR,ERR,ERR,ERR,ERR,ERR,ERR,ERR,ERR,ERR,ERR,ERR,ERR,ERR,ERR,ERR,ERR,ERR,ERR,ERR,ERR,ERR,ERR,ERR,ERR,ERR,ERR,ERR,ERR,ERR,ERR,ERR,ERR,ERR,ERR,ERR,0.0,107616256.0,-0.0,0.0,2.975425936109836e+28,0.0,-5.158823087675802e+16,0.0,0,0,4,17356,7116,0.0,100,0.0,0.0,0.0,0.0,0.0,0,0,0,0,0.0,0,0,0,0,0,0,0,0,0,0,0,0,0,0,0,0,0,0,0,0,0,0,0,0,0,0,0,0,0,0,0,0,0,31,40,40,71,65476,0,300,0,0,8,21553,0.0,-107605600.0,0.0,0.0,0.0,0.0,0.0,0.0,0.0,0.0,0.0,0.0,0.0,0.0,0.0,0.0,0.0,0.0,0.0,0.0,0.0,0.0,0.0,3.697075302852618e+19,0.0,0.0,0.0,0.0,0.0,0.0,5241.0,0.0,6918.0,0.0,107616256.0,2.004,2.004,0.0,0.0,0.0,0.0,69,126840676352.0,-2.308829458716594e+20,0.0,0.0,0.0,0.0,0.0,0.0,0.0,0,0,0,0.0,0.0,0.0,0.0,0.0,0.0,0.0,0.0,0.0,0.0,0.0,0.0,0.0,0.0,0.0,0.0,0,-107875648.0,69,0.0,138,0.0,2.012,ERR,ERR,ERR,ERR,ERR,ERR,ERR,ERR,ERR,ERR,ERR,ERR,ERR,ERR,ERR,ERR,ERR,ERR,ERR,ERR,ERR,ERR,ERR,ERR,ERR,ERR,ERR,ERR,ERR,ERR,ERR,ERR,ERR,ERR,ERR,ERR,ERR,ERR,ERR,ERR,ERR,ERR,ERR,ERR,ERR,ERR,ERR,ERR,ERR,ERR,ERR,ERR,ERR,ERR,ERR,ERR,ERR,ERR,ERR,ERR,ERR,ERR,ERR,ERR,ERR,ERR,ERR,60.0,60.0,35,0.0,0.0,0.0,0.0,0.0,0.0,0.0,0.0,0.0,0.0,0.0,0.0,0.0,0.0,0.0,0.0,65.2,0,107,52,36,65476,0,300,0,0,8,20529,65476,0,0,2621,60.0,0.0,0.0,0.0,0.0,0.0
2026-07-09T15:45:46,ERR,ERR,ERR,ERR,ERR,ERR,ERR,ERR,ERR,ERR,ERR,ERR,ERR,ERR,ERR,ERR,ERR,ERR,ERR,ERR,ERR,ERR,ERR,ERR,ERR,ERR,ERR,ERR,ERR,ERR,ERR,ERR,ERR,ERR,ERR,ERR,ERR,ERR,ERR,ERR,ERR,ERR,ERR,ERR,ERR,ERR,ERR,ERR,ERR,ERR,ERR,ERR,ERR,ERR,ERR,ERR,ERR,ERR,ERR,ERR,ERR,ERR,ERR,ERR,ERR,ERR,ERR,ERR,ERR,ERR,ERR,ERR,ERR,ERR,ERR,ERR,ERR,ERR,ERR,ERR,ERR,ERR,ERR,ERR,ERR,ERR,ERR,ERR,ERR,ERR,ERR,ERR,ERR,ERR,ERR,ERR,ERR,ERR,ERR,ERR,ERR,ERR,ERR,ERR,ERR,ERR,ERR,ERR,ERR,ERR,ERR,ERR,ERR,ERR,ERR,ERR,ERR,ERR,ERR,ERR,ERR,ERR,ERR,ERR,ERR,0.0,107616256.0,-0.0,0.0,2.975425936109836e+28,0.0,-5.158823087675802e+16,0.0,0,0,4,17356,7116,0.0,100,0.0,0.0,0.0,0.0,0.0,0,0,0,0,0.0,0,0,0,0,0,0,0,0,0,0,0,0,0,0,0,0,0,0,0,0,0,0,0,0,0,0,0,0,0,0,0,0,0,31,40,40,71,65476,0,300,0,0,8,21553,0.0,-107605600.0,0.0,0.0,0.0,0.0,0.0,0.0,0.0,0.0,0.0,0.0,0.0,0.0,0.0,0.0,0.0,0.0,0.0,0.0,0.0,0.0,0.0,3.697075302852618e+19,0.0,0.0,0.0,0.0,0.0,0.0,5241.0,0.0,6918.0,0.0,107616256.0,2.004,2.004,0.0,0.0,0.0,0.0,69,126840676352.0,-2.308829458716594e+20,0.0,0.0,0.0,0.0,0.0,0.0,0.0,0,0,0,0.0,0.0,0.0,0.0,0.0,0.0,0.0,0.0,0.0,0.0,0.0,0.0,0.0,0.0,0.0,0.0,0,-107875648.0,69,0.0,138,0.0,2.012,ERR,ERR,ERR,ERR,ERR,ERR,ERR,ERR,ERR,ERR,ERR,ERR,ERR,ERR,ERR,ERR,ERR,ERR,ERR,ERR,ERR,ERR,ERR,ERR,ERR,ERR,ERR,ERR,ERR,ERR,ERR,ERR,ERR,ERR,ERR,ERR,ERR,ERR,ERR,ERR,ERR,ERR,ERR,ERR,ERR,ERR,ERR,ERR,ERR,ERR,ERR,ERR,ERR,ERR,ERR,ERR,ERR,ERR,ERR,ERR,ERR,ERR,ERR,ERR,ERR,ERR,ERR,60.0,60.0,35,0.0,0.0,0.0,0.0,0.0,0.0,0.0,0.0,0.0,0.0,0.0,0.0,0.0,0.0,0.0,0.0,64.8,0,107,52,36,65476,0,300,0,0,8,20529,65476,0,0,2621,60.0,0.0,0.0,0.0,0.0,0.0
2026-07-09T15:45:47,ERR,ERR,ERR,ERR,ERR,ERR,ERR,ERR,ERR,ERR,ERR,ERR,ERR,ERR,ERR,ERR,ERR,ERR,ERR,ERR,ERR,ERR,ERR,ERR,ERR,ERR,ERR,ERR,ERR,ERR,ERR,ERR,ERR,ERR,ERR,ERR,ERR,ERR,ERR,ERR,ERR,ERR,ERR,ERR,ERR,ERR,ERR,ERR,ERR,ERR,ERR,ERR,ERR,ERR,ERR,ERR,ERR,ERR,ERR,ERR,ERR,ERR,ERR,ERR,ERR,ERR,ERR,ERR,ERR,ERR,ERR,ERR,ERR,ERR,ERR,ERR,ERR,ERR,ERR,ERR,ERR,ERR,ERR,ERR,ERR,ERR,ERR,ERR,ERR,ERR,ERR,ERR,ERR,ERR,ERR,ERR,ERR,ERR,ERR,ERR,ERR,ERR,ERR,ERR,ERR,ERR,ERR,ERR,ERR,ERR,ERR,ERR,ERR,ERR,ERR,ERR,ERR,ERR,ERR,ERR,ERR,ERR,ERR,ERR,ERR,0.0,107616256.0,-0.0,0.0,2.975425936109836e+28,0.0,-5.158823087675802e+16,0.0,0,0,4,17356,7116,0.0,100,0.0,0.0,0.0,0.0,0.0,0,0,0,0,0.0,0,0,0,0,0,0,0,0,0,0,0,0,0,0,0,0,0,0,0,0,0,0,0,0,0,0,0,0,0,0,0,0,0,31,40,40,71,65476,0,300,0,0,8,21553,0.0,-107605600.0,0.0,0.0,0.0,0.0,0.0,0.0,0.0,0.0,0.0,0.0,0.0,0.0,0.0,0.0,0.0,0.0,0.0,0.0,0.0,0.0,0.0,3.697075302852618e+19,0.0,0.0,0.0,0.0,0.0,0.0,5241.0,0.0,6918.0,0.0,107616256.0,2.004,2.004,0.0,0.0,0.0,0.0,69,126840676352.0,-2.308829458716594e+20,0.0,0.0,0.0,0.0,0.0,0.0,0.0,0,0,0,0.0,0.0,0.0,0.0,0.0,0.0,0.0,0.0,0.0,0.0,0.0,0.0,0.0,0.0,0.0,0.0,0,-107875648.0,69,0.0,138,0.0,2.012,ERR,ERR,ERR,ERR,ERR,ERR,ERR,ERR,ERR,ERR,ERR,ERR,ERR,ERR,ERR,ERR,ERR,ERR,ERR,ERR,ERR,ERR,ERR,ERR,ERR,ERR,ERR,ERR,ERR,ERR,ERR,ERR,ERR,ERR,ERR,ERR,ERR,ERR,ERR,ERR,ERR,ERR,ERR,ERR,ERR,ERR,ERR,ERR,ERR,ERR,ERR,ERR,ERR,ERR,ERR,ERR,ERR,ERR,ERR,ERR,ERR,ERR,ERR,ERR,ERR,ERR,ERR,60.0,60.0,35,0.0,0.0,0.0,0.0,0.0,0.0,0.0,0.0,0.0,0.0,0.0,0.0,0.0,0.0,0.0,0.0,64.8,0,107,52,36,65476,0,300,0,0,8,20529,65476,0,0,2621,60.0,0.0,0.0,0.0,0.0,0.0
2026-07-09T15:45:48,ERR,ERR,ERR,ERR,ERR,ERR,ERR,ERR,ERR,ERR,ERR,ERR,ERR,ERR,ERR,ERR,ERR,ERR,ERR,ERR,ERR,ERR,ERR,ERR,ERR,ERR,ERR,ERR,ERR,ERR,ERR,ERR,ERR,ERR,ERR,ERR,ERR,ERR,ERR,ERR,ERR,ERR,ERR,ERR,ERR,ERR,ERR,ERR,ERR,ERR,ERR,ERR,ERR,ERR,ERR,ERR,ERR,ERR,ERR,ERR,ERR,ERR,ERR,ERR,ERR,ERR,ERR,ERR,ERR,ERR,ERR,ERR,ERR,ERR,ERR,ERR,ERR,ERR,ERR,ERR,ERR,ERR,ERR,ERR,ERR,ERR,ERR,ERR,ERR,ERR,ERR,ERR,ERR,ERR,ERR,ERR,ERR,ERR,ERR,ERR,ERR,ERR,ERR,ERR,ERR,ERR,ERR,ERR,ERR,ERR,ERR,ERR,ERR,ERR,ERR,ERR,ERR,ERR,ERR,ERR,ERR,ERR,ERR,ERR,ERR,0.0,107616256.0,-0.0,0.0,2.975425936109836e+28,0.0,-5.158823087675802e+16,0.0,0,0,4,17356,7116,0.0,100,0.0,0.0,0.0,0.0,0.0,0,0,0,0,0.0,0,0,0,0,0,0,0,0,0,0,0,0,0,0,0,0,0,0,0,0,0,0,0,0,0,0,0,0,0,0,0,0,0,31,40,40,71,65476,0,300,0,0,8,21553,0.0,-107605600.0,0.0,0.0,0.0,0.0,0.0,0.0,0.0,0.0,0.0,0.0,0.0,0.0,0.0,0.0,0.0,0.0,0.0,0.0,0.0,0.0,0.0,3.697075302852618e+19,0.0,0.0,0.0,0.0,0.0,0.0,5241.0,0.0,6918.0,0.0,107616256.0,2.004,2.004,0.0,0.0,0.0,0.0,69,126840676352.0,-2.308829458716594e+20,0.0,0.0,0.0,0.0,0.0,0.0,0.0,0,0,0,0.0,0.0,0.0,0.0,0.0,0.0,0.0,0.0,0.0,0.0,0.0,0.0,0.0,0.0,0.0,0.0,0,-107875648.0,69,0.0,138,0.0,2.012,ERR,ERR,ERR,ERR,ERR,ERR,ERR,ERR,ERR,ERR,ERR,ERR,ERR,ERR,ERR,ERR,ERR,ERR,ERR,ERR,ERR,ERR,ERR,ERR,ERR,ERR,ERR,ERR,ERR,ERR,ERR,ERR,ERR,ERR,ERR,ERR,ERR,ERR,ERR,ERR,ERR,ERR,ERR,ERR,ERR,ERR,ERR,ERR,ERR,ERR,ERR,ERR,ERR,ERR,ERR,ERR,ERR,ERR,ERR,ERR,ERR,ERR,ERR,ERR,ERR,ERR,ERR,60.0,60.0,35,0.0,0.0,0.0,0.0,0.0,0.0,0.0,0.0,0.0,0.0,0.0,0.0,0.0,0.0,0.0,0.0,64.8,0,107,52,36,65476,0,300,0,0,8,20529,65476,0,0,2621,60.0,0.0,0.0,0.0,0.0,0.0
2026-07-09T15:45:49,ERR,ERR,ERR,ERR,ERR,ERR,ERR,ERR,ERR,ERR,ERR,ERR,ERR,ERR,ERR,ERR,ERR,ERR,ERR,ERR,ERR,ERR,ERR,ERR,ERR,ERR,ERR,ERR,ERR,ERR,ERR,ERR,ERR,ERR,ERR,ERR,ERR,ERR,ERR,ERR,ERR,ERR,ERR,ERR,ERR,ERR,ERR,ERR,ERR,ERR,ERR,ERR,ERR,ERR,ERR,ERR,ERR,ERR,ERR,ERR,ERR,ERR,ERR,ERR,ERR,ERR,ERR,ERR,ERR,ERR,ERR,ERR,ERR,ERR,ERR,ERR,ERR,ERR,ERR,ERR,ERR,ERR,ERR,ERR,ERR,ERR,ERR,ERR,ERR,ERR,ERR,ERR,ERR,ERR,ERR,ERR,ERR,ERR,ERR,ERR,ERR,ERR,ERR,ERR,ERR,ERR,ERR,ERR,ERR,ERR,ERR,ERR,ERR,ERR,ERR,ERR,ERR,ERR,ERR,ERR,ERR,ERR,ERR,ERR,ERR,0.0,107616256.0,-0.0,0.0,2.975425936109836e+28,0.0,-5.158823087675802e+16,0.0,0,0,4,17356,7116,0.0,100,0.0,0.0,0.0,0.0,0.0,0,0,0,0,0.0,0,0,0,0,0,0,0,0,0,0,0,0,0,0,0,0,0,0,0,0,0,0,0,0,0,0,0,0,0,0,0,0,0,31,40,40,71,65476,0,300,0,0,8,21553,0.0,-107605600.0,0.0,0.0,0.0,0.0,0.0,0.0,0.0,0.0,0.0,0.0,0.0,0.0,0.0,0.0,0.0,0.0,0.0,0.0,0.0,0.0,0.0,3.697075302852618e+19,0.0,0.0,0.0,0.0,0.0,0.0,5241.0,0.0,6918.0,0.0,107616256.0,2.004,2.004,0.0,0.0,0.0,0.0,69,126840676352.0,-2.308829458716594e+20,0.0,0.0,0.0,0.0,0.0,0.0,0.0,0,0,0,0.0,0.0,0.0,0.0,0.0,0.0,0.0,0.0,0.0,0.0,0.0,0.0,0.0,0.0,0.0,0.0,0,-107875648.0,69,0.0,138,0.0,2.012,ERR,ERR,ERR,ERR,ERR,ERR,ERR,ERR,ERR,ERR,ERR,ERR,ERR,ERR,ERR,ERR,ERR,ERR,ERR,ERR,ERR,ERR,ERR,ERR,ERR,ERR,ERR,ERR,ERR,ERR,ERR,ERR,ERR,ERR,ERR,ERR,ERR,ERR,ERR,ERR,ERR,ERR,ERR,ERR,ERR,ERR,ERR,ERR,ERR,ERR,ERR,ERR,ERR,ERR,ERR,ERR,ERR,ERR,ERR,ERR,ERR,ERR,ERR,ERR,ERR,ERR,ERR,60.0,60.0,35,0.0,0.0,0.0,0.0,0.0,0.0,0.0,0.0,0.0,0.0,0.0,0.0,0.0,0.0,0.0,0.0,65.6,0,107,52,36,65476,0,300,0,0,8,20529,65476,0,0,2621,60.0,0.0,0.0,0.0,0.0,0.0
2026-07-09T15:45:50,ERR,ERR,ERR,ERR,ERR,ERR,ERR,ERR,ERR,ERR,ERR,ERR,ERR,ERR,ERR,ERR,ERR,ERR,ERR,ERR,ERR,ERR,ERR,ERR,ERR,ERR,ERR,ERR,ERR,ERR,ERR,ERR,ERR,ERR,ERR,ERR,ERR,ERR,ERR,ERR,ERR,ERR,ERR,ERR,ERR,ERR,ERR,ERR,ERR,ERR,ERR,ERR,ERR,ERR,ERR,ERR,ERR,ERR,ERR,ERR,ERR,ERR,ERR,ERR,ERR,ERR,ERR,ERR,ERR,ERR,ERR,ERR,ERR,ERR,ERR,ERR,ERR,ERR,ERR,ERR,ERR,ERR,ERR,ERR,ERR,ERR,ERR,ERR,ERR,ERR,ERR,ERR,ERR,ERR,ERR,ERR,ERR,ERR,ERR,ERR,ERR,ERR,ERR,ERR,ERR,ERR,ERR,ERR,ERR,ERR,ERR,ERR,ERR,ERR,ERR,ERR,ERR,ERR,ERR,ERR,ERR,ERR,ERR,ERR,ERR,-0.0,0.0,-0.0,0.0,2.959951685618769e+28,-0.001,-0.0,-1.0864992095911647e+36,0,0,4,17363,7116,0.0,100,0.0,0.0,0.0,0.0,0.0,0,0,0,0,0.0,0,0,0,0,0,0,0,0,0,0,0,0,0,0,0,0,0,0,0,0,0,0,0,0,0,0,0,0,0,0,0,0,0,31,40,40,71,65476,0,300,0,0,8,21553,0.0,-107605600.0,0.0,0.0,0.0,0.0,0.0,0.0,0.0,0.0,0.0,0.0,0.0,0.0,0.0,0.0,0.0,0.0,0.0,0.0,0.0,0.0,-2.004,2.004,0.0,0.0,0.0,0.0,0.0,0.0,5271.0,0.0,6916.0,-0.0,0.0,2.004,2.004,0.0,0.0,0.0,0.0,69,0.0,0.0,0.0,0.0,0.0,0.0,0.0,0.0,0.0,0,0,0,0.0,0.0,0.0,0.0,0.0,0.0,0.0,0.0,0.0,0.0,0.0,0.0,0.0,0.0,0.0,0.0,0,-107875648.0,69,0.0,138,0.0,2.012,ERR,ERR,ERR,ERR,ERR,ERR,ERR,ERR,ERR,ERR,ERR,ERR,ERR,ERR,ERR,ERR,ERR,ERR,ERR,ERR,ERR,ERR,ERR,ERR,ERR,ERR,ERR,ERR,ERR,ERR,ERR,ERR,ERR,ERR,ERR,ERR,ERR,ERR,ERR,ERR,ERR,ERR,ERR,ERR,ERR,ERR,ERR,ERR,ERR,ERR,ERR,ERR,ERR,ERR,ERR,ERR,ERR,ERR,ERR,ERR,ERR,ERR,ERR,ERR,ERR,ERR,ERR,60.0,60.0,35,0.0,0.0,0.0,0.0,0.0,0.0,0.0,0.0,0.0,0.0,0.0,0.0,0.0,0.0,0.0,0.0,65.6,0,107,52,36,65476,0,300,0,0,8,20529,65476,0,0,2621,60.0,0.0,0.0,0.0,0.0,0.0
2026-07-09T15:45:51,ERR,ERR,ERR,ERR,ERR,ERR,ERR,ERR,ERR,ERR,ERR,ERR,ERR,ERR,ERR,ERR,ERR,ERR,ERR,ERR,ERR,ERR,ERR,ERR,ERR,ERR,ERR,ERR,ERR,ERR,ERR,ERR,ERR,ERR,ERR,ERR,ERR,ERR,ERR,ERR,ERR,ERR,ERR,ERR,ERR,ERR,ERR,ERR,ERR,ERR,ERR,ERR,ERR,ERR,ERR,ERR,ERR,ERR,ERR,ERR,ERR,ERR,ERR,ERR,ERR,ERR,ERR,ERR,ERR,ERR,ERR,ERR,ERR,ERR,ERR,ERR,ERR,ERR,ERR,ERR,ERR,ERR,ERR,ERR,ERR,ERR,ERR,ERR,ERR,ERR,ERR,ERR,ERR,ERR,ERR,ERR,ERR,ERR,ERR,ERR,ERR,ERR,ERR,ERR,ERR,ERR,ERR,ERR,ERR,ERR,ERR,ERR,ERR,ERR,ERR,ERR,ERR,ERR,ERR,ERR,ERR,ERR,ERR,ERR,ERR,-0.0,0.0,-0.0,0.0,2.959951685618769e+28,-0.001,-0.0,-1.0864992095911647e+36,0,0,4,17363,7116,0.0,100,0.0,0.0,0.0,0.0,0.0,0,0,0,0,0.0,0,0,0,0,0,0,0,0,0,0,0,0,0,0,0,0,0,0,0,0,0,0,0,0,0,0,0,0,0,0,0,0,0,31,40,40,71,65476,0,300,0,0,8,21553,0.0,-107605600.0,0.0,0.0,0.0,0.0,0.0,0.0,0.0,0.0,0.0,0.0,0.0,0.0,0.0,0.0,0.0,0.0,0.0,0.0,0.0,0.0,-2.004,2.004,0.0,0.0,0.0,0.0,0.0,0.0,5271.0,0.0,6916.0,-0.0,0.0,2.004,2.004,0.0,0.0,0.0,0.0,69,0.0,0.0,0.0,0.0,0.0,0.0,0.0,0.0,0.0,0,0,0,0.0,0.0,0.0,0.0,0.0,0.0,0.0,0.0,0.0,0.0,0.0,0.0,0.0,0.0,0.0,0.0,0,-107875648.0,69,0.0,138,0.0,2.012,ERR,ERR,ERR,ERR,ERR,ERR,ERR,ERR,ERR,ERR,ERR,ERR,ERR,ERR,ERR,ERR,ERR,ERR,ERR,ERR,ERR,ERR,ERR,ERR,ERR,ERR,ERR,ERR,ERR,ERR,ERR,ERR,ERR,ERR,ERR,ERR,ERR,ERR,ERR,ERR,ERR,ERR,ERR,ERR,ERR,ERR,ERR,ERR,ERR,ERR,ERR,ERR,ERR,ERR,ERR,ERR,ERR,ERR,ERR,ERR,ERR,ERR,ERR,ERR,ERR,ERR,ERR,60.0,60.0,35,0.0,0.0,0.0,0.0,0.0,0.0,0.0,0.0,0.0,0.0,0.0,0.0,0.0,0.0,0.0,0.0,65.6,0,107,52,35,65476,0,300,0,0,8,20529,65476,0,0,2621,60.0,0.0,0.0,0.0,0.0,0.0
2026-07-09T15:45:52,ERR,ERR,ERR,ERR,ERR,ERR,ERR,ERR,ERR,ERR,ERR,ERR,ERR,ERR,ERR,ERR,ERR,ERR,ERR,ERR,ERR,ERR,ERR,ERR,ERR,ERR,ERR,ERR,ERR,ERR,ERR,ERR,ERR,ERR,ERR,ERR,ERR,ERR,ERR,ERR,ERR,ERR,ERR,ERR,ERR,ERR,ERR,ERR,ERR,ERR,ERR,ERR,ERR,ERR,ERR,ERR,ERR,ERR,ERR,ERR,ERR,ERR,ERR,ERR,ERR,ERR,ERR,ERR,ERR,ERR,ERR,ERR,ERR,ERR,ERR,ERR,ERR,ERR,ERR,ERR,ERR,ERR,ERR,ERR,ERR,ERR,ERR,ERR,ERR,ERR,ERR,ERR,ERR,ERR,ERR,ERR,ERR,ERR,ERR,ERR,ERR,ERR,ERR,ERR,ERR,ERR,ERR,ERR,ERR,ERR,ERR,ERR,ERR,ERR,ERR,ERR,ERR,ERR,ERR,ERR,ERR,ERR,ERR,ERR,ERR,-0.0,0.0,-0.0,0.0,2.959951685618769e+28,-0.001,-0.0,-1.0864992095911647e+36,0,0,4,17363,7116,0.0,100,0.0,0.0,0.0,0.0,0.0,0,0,0,0,0.0,0,0,0,0,0,0,0,0,0,0,0,0,0,0,0,0,0,0,0,0,0,0,0,0,0,0,0,0,0,0,0,0,0,31,40,40,71,65476,0,300,0,0,8,21553,0.0,-107605600.0,0.0,0.0,0.0,0.0,0.0,0.0,0.0,0.0,0.0,0.0,0.0,0.0,0.0,0.0,0.0,0.0,0.0,0.0,0.0,0.0,-2.004,2.004,0.0,0.0,0.0,0.0,0.0,0.0,5271.0,0.0,6916.0,-0.0,0.0,2.004,2.004,0.0,0.0,0.0,0.0,69,0.0,0.0,0.0,0.0,0.0,0.0,0.0,0.0,0.0,0,0,0,0.0,0.0,0.0,0.0,0.0,0.0,0.0,0.0,0.0,0.0,0.0,0.0,0.0,0.0,0.0,0.0,0,-107875648.0,69,0.0,138,0.0,2.012,ERR,ERR,ERR,ERR,ERR,ERR,ERR,ERR,ERR,ERR,ERR,ERR,ERR,ERR,ERR,ERR,ERR,ERR,ERR,ERR,ERR,ERR,ERR,ERR,ERR,ERR,ERR,ERR,ERR,ERR,ERR,ERR,ERR,ERR,ERR,ERR,ERR,ERR,ERR,ERR,ERR,ERR,ERR,ERR,ERR,ERR,ERR,ERR,ERR,ERR,ERR,ERR,ERR,ERR,ERR,ERR,ERR,ERR,ERR,ERR,ERR,ERR,ERR,ERR,ERR,ERR,ERR,60.0,60.0,35,0.0,0.0,0.0,0.0,0.0,0.0,0.0,0.0,0.0,0.0,0.0,0.0,0.0,0.0,0.0,0.0,65.2,0,107,52,35,65476,0,300,0,0,8,20529,65476,0,0,2621,60.0,0.0,0.0,0.0,0.0,0.0
2026-07-09T15:45:53,ERR,ERR,ERR,ERR,ERR,ERR,ERR,ERR,ERR,ERR,ERR,ERR,ERR,ERR,ERR,ERR,ERR,ERR,ERR,ERR,ERR,ERR,ERR,ERR,ERR,ERR,ERR,ERR,ERR,ERR,ERR,ERR,ERR,ERR,ERR,ERR,ERR,ERR,ERR,ERR,ERR,ERR,ERR,ERR,ERR,ERR,ERR,ERR,ERR,ERR,ERR,ERR,ERR,ERR,ERR,ERR,ERR,ERR,ERR,ERR,ERR,ERR,ERR,ERR,ERR,ERR,ERR,ERR,ERR,ERR,ERR,ERR,ERR,ERR,ERR,ERR,ERR,ERR,ERR,ERR,ERR,ERR,ERR,ERR,ERR,ERR,ERR,ERR,ERR,ERR,ERR,ERR,ERR,ERR,ERR,ERR,ERR,ERR,ERR,ERR,ERR,ERR,ERR,ERR,ERR,ERR,ERR,ERR,ERR,ERR,ERR,ERR,ERR,ERR,ERR,ERR,ERR,ERR,ERR,ERR,ERR,ERR,ERR,ERR,ERR,-0.0,0.0,-0.0,0.0,2.959951685618769e+28,-0.001,-0.0,-1.0864992095911647e+36,0,0,4,17363,7116,0.0,100,0.0,0.0,0.0,0.0,0.0,0,0,0,0,0.0,0,0,0,0,0,0,0,0,0,0,0,0,0,0,0,0,0,0,0,0,0,0,0,0,0,0,0,0,0,0,0,0,0,31,40,40,71,65476,0,300,0,0,8,21553,0.0,-107605600.0,0.0,0.0,0.0,0.0,0.0,0.0,0.0,0.0,0.0,0.0,0.0,0.0,0.0,0.0,0.0,0.0,0.0,0.0,0.0,0.0,-2.004,2.004,0.0,0.0,0.0,0.0,0.0,0.0,5271.0,0.0,6916.0,-0.0,0.0,2.004,2.004,0.0,0.0,0.0,0.0,69,0.0,0.0,0.0,0.0,0.0,0.0,0.0,0.0,0.0,0,0,0,0.0,0.0,0.0,0.0,0.0,0.0,0.0,0.0,0.0,0.0,0.0,0.0,0.0,0.0,0.0,0.0,0,-107875648.0,69,0.0,138,0.0,2.012,ERR,ERR,ERR,ERR,ERR,ERR,ERR,ERR,ERR,ERR,ERR,ERR,ERR,ERR,ERR,ERR,ERR,ERR,ERR,ERR,ERR,ERR,ERR,ERR,ERR,ERR,ERR,ERR,ERR,ERR,ERR,ERR,ERR,ERR,ERR,ERR,ERR,ERR,ERR,ERR,ERR,ERR,ERR,ERR,ERR,ERR,ERR,ERR,ERR,ERR,ERR,ERR,ERR,ERR,ERR,ERR,ERR,ERR,ERR,ERR,ERR,ERR,ERR,ERR,ERR,ERR,ERR,60.0,60.0,35,0.0,0.0,0.0,0.0,0.0,0.0,0.0,0.0,0.0,0.0,0.0,0.0,0.0,0.0,0.0,0.0,65.2,0,107,52,35,65476,0,300,0,0,8,20529,65476,0,0,2621,60.0,0.0,0.0,0.0,0.0,0.0
2026-07-09T15:45:54,ERR,ERR,ERR,ERR,ERR,ERR,ERR,ERR,ERR,ERR,ERR,ERR,ERR,ERR,ERR,ERR,ERR,ERR,ERR,ERR,ERR,ERR,ERR,ERR,ERR,ERR,ERR,ERR,ERR,ERR,ERR,ERR,ERR,ERR,ERR,ERR,ERR,ERR,ERR,ERR,ERR,ERR,ERR,ERR,ERR,ERR,ERR,ERR,ERR,ERR,ERR,ERR,ERR,ERR,ERR,ERR,ERR,ERR,ERR,ERR,ERR,ERR,ERR,ERR,ERR,ERR,ERR,ERR,ERR,ERR,ERR,ERR,ERR,ERR,ERR,ERR,ERR,ERR,ERR,ERR,ERR,ERR,ERR,ERR,ERR,ERR,ERR,ERR,ERR,ERR,ERR,ERR,ERR,ERR,ERR,ERR,ERR,ERR,ERR,ERR,ERR,ERR,ERR,ERR,ERR,ERR,ERR,ERR,ERR,ERR,ERR,ERR,ERR,ERR,ERR,ERR,ERR,ERR,ERR,ERR,ERR,ERR,ERR,ERR,ERR,-0.0,0.0,2.730234856211355e+23,0.0,0.0,408074.906,7706140213248.0,0.0,0,0,4,17359,7116,0.0,100,0.0,0.0,0.0,0.0,0.0,0,0,0,0,0.0,0,0,0,0,0,0,0,0,0,0,0,0,0,0,0,0,0,0,0,0,0,0,0,0,0,0,0,0,0,0,0,0,0,31,40,40,71,65476,0,300,0,0,8,21553,0.0,-107605600.0,0.0,0.0,0.0,0.0,0.0,0.0,0.0,0.0,0.0,0.0,0.0,0.0,0.0,0.0,0.0,0.0,0.0,0.0,0.0,0.0,-2.004,0.0,0.0,0.0,0.0,0.0,0.0,0.0,5258.0,-131350.562,6937.0,-0.0,0.0,2.004,2.004,0.0,0.0,0.0,0.0,69,-0.0,0.059,0.0,0.0,0.0,0.0,0.0,0.0,0.0,0,0,0,0.0,0.0,0.0,0.0,0.0,0.0,0.0,0.0,0.0,0.0,0.0,0.0,0.0,0.0,0.0,0.0,0,-107875648.0,69,0.0,138,0.0,2.012,ERR,ERR,ERR,ERR,ERR,ERR,ERR,ERR,ERR,ERR,ERR,ERR,ERR,ERR,ERR,ERR,ERR,ERR,ERR,ERR,ERR,ERR,ERR,ERR,ERR,ERR,ERR,ERR,ERR,ERR,ERR,ERR,ERR,ERR,ERR,ERR,ERR,ERR,ERR,ERR,ERR,ERR,ERR,ERR,ERR,ERR,ERR,ERR,ERR,ERR,ERR,ERR,ERR,ERR,ERR,ERR,ERR,ERR,ERR,ERR,ERR,ERR,ERR,ERR,ERR,ERR,ERR,60.0,60.0,35,0.0,0.0,0.0,0.0,0.0,0.0,0.0,0.0,0.0,0.0,0.0,0.0,0.0,0.0,0.0,0.0,64.8,0,108,52,35,65476,0,300,0,0,8,20529,65476,0,0,2621,60.0,0.0,0.0,0.0,0.0,0.0
2026-07-09T15:45:55,ERR,ERR,ERR,ERR,ERR,ERR,ERR,ERR,ERR,ERR,ERR,ERR,ERR,ERR,ERR,ERR,ERR,ERR,ERR,ERR,ERR,ERR,ERR,ERR,ERR,ERR,ERR,ERR,ERR,ERR,ERR,ERR,ERR,ERR,ERR,ERR,ERR,ERR,ERR,ERR,ERR,ERR,ERR,ERR,ERR,ERR,ERR,ERR,ERR,ERR,ERR,ERR,ERR,ERR,ERR,ERR,ERR,ERR,ERR,ERR,ERR,ERR,ERR,ERR,ERR,ERR,ERR,ERR,ERR,ERR,ERR,ERR,ERR,ERR,ERR,ERR,ERR,ERR,ERR,ERR,ERR,ERR,ERR,ERR,ERR,ERR,ERR,ERR,ERR,ERR,ERR,ERR,ERR,ERR,ERR,ERR,ERR,ERR,ERR,ERR,ERR,ERR,ERR,ERR,ERR,ERR,ERR,ERR,ERR,ERR,ERR,ERR,ERR,ERR,ERR,ERR,ERR,ERR,ERR,ERR,ERR,ERR,ERR,ERR,ERR,-0.0,0.0,2.730234856211355e+23,0.0,0.0,408074.906,7706140213248.0,0.0,0,0,4,17359,7116,0.0,100,0.0,0.0,0.0,0.0,0.0,0,0,0,0,0.0,0,0,0,0,0,0,0,0,0,0,0,0,0,0,0,0,0,0,0,0,0,0,0,0,0,0,0,0,0,0,0,0,0,31,40,40,71,65476,0,300,0,0,8,21553,0.0,-107605600.0,0.0,0.0,0.0,0.0,0.0,0.0,0.0,0.0,0.0,0.0,0.0,0.0,0.0,0.0,0.0,0.0,0.0,0.0,0.0,0.0,-2.004,0.0,0.0,0.0,0.0,0.0,0.0,0.0,5258.0,-131350.562,6937.0,-0.0,0.0,2.004,2.004,0.0,0.0,0.0,0.0,69,-0.0,0.059,0.0,0.0,0.0,0.0,0.0,0.0,0.0,0,0,0,0.0,0.0,0.0,0.0,0.0,0.0,0.0,0.0,0.0,0.0,0.0,0.0,0.0,0.0,0.0,0.0,0,-107875648.0,69,0.0,138,0.0,2.012,ERR,ERR,ERR,ERR,ERR,ERR,ERR,ERR,ERR,ERR,ERR,ERR,ERR,ERR,ERR,ERR,ERR,ERR,ERR,ERR,ERR,ERR,ERR,ERR,ERR,ERR,ERR,ERR,ERR,ERR,ERR,ERR,ERR,ERR,ERR,ERR,ERR,ERR,ERR,ERR,ERR,ERR,ERR,ERR,ERR,ERR,ERR,ERR,ERR,ERR,ERR,ERR,ERR,ERR,ERR,ERR,ERR,ERR,ERR,ERR,ERR,ERR,ERR,ERR,ERR,ERR,ERR,60.0,60.0,35,0.0,0.0,0.0,0.0,0.0,0.0,0.0,0.0,0.0,0.0,0.0,0.0,0.0,0.0,0.0,0.0,64.8,0,108,52,35,65476,0,300,0,0,8,20529,65476,0,0,2621,60.0,0.0,0.0,0.0,0.0,0.0
2026-07-09T15:45:56,ERR,ERR,ERR,ERR,ERR,ERR,ERR,ERR,ERR,ERR,ERR,ERR,ERR,ERR,ERR,ERR,ERR,ERR,ERR,ERR,ERR,ERR,ERR,ERR,ERR,ERR,ERR,ERR,ERR,ERR,ERR,ERR,ERR,ERR,ERR,ERR,ERR,ERR,ERR,ERR,ERR,ERR,ERR,ERR,ERR,ERR,ERR,ERR,ERR,ERR,ERR,ERR,ERR,ERR,ERR,ERR,ERR,ERR,ERR,ERR,ERR,ERR,ERR,ERR,ERR,ERR,ERR,ERR,ERR,ERR,ERR,ERR,ERR,ERR,ERR,ERR,ERR,ERR,ERR,ERR,ERR,ERR,ERR,ERR,ERR,ERR,ERR,ERR,ERR,ERR,ERR,ERR,ERR,ERR,ERR,ERR,ERR,ERR,ERR,ERR,ERR,ERR,ERR,ERR,ERR,ERR,ERR,ERR,ERR,ERR,ERR,ERR,ERR,ERR,ERR,ERR,ERR,ERR,ERR,ERR,ERR,ERR,ERR,ERR,ERR,-0.0,0.0,2.730234856211355e+23,0.0,0.0,408074.906,7706140213248.0,0.0,0,0,4,17359,7116,0.0,100,0.0,0.0,0.0,0.0,0.0,0,0,0,0,0.0,0,0,0,0,0,0,0,0,0,0,0,0,0,0,0,0,0,0,0,0,0,0,0,0,0,0,0,0,0,0,0,0,0,31,40,40,71,65476,0,300,0,0,8,21553,0.0,-107605600.0,0.0,0.0,0.0,0.0,0.0,0.0,0.0,0.0,0.0,0.0,0.0,0.0,0.0,0.0,0.0,0.0,0.0,0.0,0.0,0.0,-2.004,0.0,0.0,0.0,0.0,0.0,0.0,0.0,5258.0,-131350.562,6937.0,-0.0,0.0,2.004,2.004,0.0,0.0,0.0,0.0,69,-0.0,0.059,0.0,0.0,0.0,0.0,0.0,0.0,0.0,0,0,0,0.0,0.0,0.0,0.0,0.0,0.0,0.0,0.0,0.0,0.0,0.0,0.0,0.0,0.0,0.0,0.0,0,-107875648.0,69,0.0,138,0.0,2.012,ERR,ERR,ERR,ERR,ERR,ERR,ERR,ERR,ERR,ERR,ERR,ERR,ERR,ERR,ERR,ERR,ERR,ERR,ERR,ERR,ERR,ERR,ERR,ERR,ERR,ERR,ERR,ERR,ERR,ERR,ERR,ERR,ERR,ERR,ERR,ERR,ERR,ERR,ERR,ERR,ERR,ERR,ERR,ERR,ERR,ERR,ERR,ERR,ERR,ERR,ERR,ERR,ERR,ERR,ERR,ERR,ERR,ERR,ERR,ERR,ERR,ERR,ERR,ERR,ERR,ERR,ERR,60.0,60.0,35,0.0,0.0,0.0,0.0,0.0,0.0,0.0,0.0,0.0,0.0,0.0,0.0,0.0,0.0,0.0,0.0,64.8,0,108,52,35,65476,0,300,0,0,8,20529,65476,0,0,2621,60.0,0.0,0.0,0.0,0.0,0.0
2026-07-09T15:45:57,ERR,ERR,ERR,ERR,ERR,ERR,ERR,ERR,ERR,ERR,ERR,ERR,ERR,ERR,ERR,ERR,ERR,ERR,ERR,ERR,ERR,ERR,ERR,ERR,ERR,ERR,ERR,ERR,ERR,ERR,ERR,ERR,ERR,ERR,ERR,ERR,ERR,ERR,ERR,ERR,ERR,ERR,ERR,ERR,ERR,ERR,ERR,ERR,ERR,ERR,ERR,ERR,ERR,ERR,ERR,ERR,ERR,ERR,ERR,ERR,ERR,ERR,ERR,ERR,ERR,ERR,ERR,ERR,ERR,ERR,ERR,ERR,ERR,ERR,ERR,ERR,ERR,ERR,ERR,ERR,ERR,ERR,ERR,ERR,ERR,ERR,ERR,ERR,ERR,ERR,ERR,ERR,ERR,ERR,ERR,ERR,ERR,ERR,ERR,ERR,ERR,ERR,ERR,ERR,ERR,ERR,ERR,ERR,ERR,ERR,ERR,ERR,ERR,ERR,ERR,ERR,ERR,ERR,ERR,ERR,ERR,ERR,ERR,ERR,ERR,-0.0,0.0,2.730234856211355e+23,0.0,0.0,408074.906,7706140213248.0,0.0,0,0,4,17359,7116,0.0,100,0.0,0.0,0.0,0.0,0.0,0,0,0,0,0.0,0,0,0,0,0,0,0,0,0,0,0,0,0,0,0,0,0,0,0,0,0,0,0,0,0,0,0,0,0,0,0,0,0,31,40,40,71,65476,0,300,0,0,8,21553,0.0,-107605600.0,0.0,0.0,0.0,0.0,0.0,0.0,0.0,0.0,0.0,0.0,0.0,0.0,0.0,0.0,0.0,0.0,0.0,0.0,0.0,0.0,-2.004,0.0,0.0,0.0,0.0,0.0,0.0,0.0,5258.0,-131350.562,6937.0,-0.0,0.0,2.004,2.004,0.0,0.0,0.0,0.0,69,-0.0,0.059,0.0,0.0,0.0,0.0,0.0,0.0,0.0,0,0,0,0.0,0.0,0.0,0.0,0.0,0.0,0.0,0.0,0.0,0.0,0.0,0.0,0.0,0.0,0.0,0.0,0,-107875648.0,69,0.0,138,0.0,2.012,ERR,ERR,ERR,ERR,ERR,ERR,ERR,ERR,ERR,ERR,ERR,ERR,ERR,ERR,ERR,ERR,ERR,ERR,ERR,ERR,ERR,ERR,ERR,ERR,ERR,ERR,ERR,ERR,ERR,ERR,ERR,ERR,ERR,ERR,ERR,ERR,ERR,ERR,ERR,ERR,ERR,ERR,ERR,ERR,ERR,ERR,ERR,ERR,ERR,ERR,ERR,ERR,ERR,ERR,ERR,ERR,ERR,ERR,ERR,ERR,ERR,ERR,ERR,ERR,ERR,ERR,ERR,60.0,60.0,35,0.0,0.0,0.0,0.0,0.0,0.0,0.0,0.0,0.0,0.0,0.0,0.0,0.0,0.0,0.0,0.0,65.2,0,108,52,35,65476,0,300,0,0,8,20529,65476,0,0,2621,60.0,0.0,0.0,0.0,0.0,0.0
2026-07-09T15:45:58,ERR,ERR,ERR,ERR,ERR,ERR,ERR,ERR,ERR,ERR,ERR,ERR,ERR,ERR,ERR,ERR,ERR,ERR,ERR,ERR,ERR,ERR,ERR,ERR,ERR,ERR,ERR,ERR,ERR,ERR,ERR,ERR,ERR,ERR,ERR,ERR,ERR,ERR,ERR,ERR,ERR,ERR,ERR,ERR,ERR,ERR,ERR,ERR,ERR,ERR,ERR,ERR,ERR,ERR,ERR,ERR,ERR,ERR,ERR,ERR,ERR,ERR,ERR,ERR,ERR,ERR,ERR,ERR,ERR,ERR,ERR,ERR,ERR,ERR,ERR,ERR,ERR,ERR,ERR,ERR,ERR,ERR,ERR,ERR,ERR,ERR,ERR,ERR,ERR,ERR,ERR,ERR,ERR,ERR,ERR,ERR,ERR,ERR,ERR,ERR,ERR,ERR,ERR,ERR,ERR,ERR,ERR,ERR,ERR,ERR,ERR,ERR,ERR,ERR,ERR,ERR,ERR,ERR,ERR,ERR,ERR,ERR,ERR,ERR,ERR,-0.0,0.0,2.730234856211355e+23,0.0,0.0,408074.906,7706140213248.0,0.0,0,0,4,17359,7116,0.0,100,0.0,0.0,0.0,0.0,0.0,0,0,0,0,0.0,0,0,0,0,0,0,0,0,0,0,0,0,0,0,0,0,0,0,0,0,0,0,0,0,0,0,0,0,0,0,0,0,0,31,40,40,71,65476,0,300,0,0,8,21553,0.0,-107605600.0,0.0,0.0,0.0,0.0,0.0,0.0,0.0,0.0,0.0,0.0,0.0,0.0,0.0,0.0,0.0,0.0,0.0,0.0,0.0,0.0,-2.004,0.0,0.0,0.0,0.0,0.0,0.0,0.0,5258.0,-131350.562,6937.0,-0.0,0.0,2.004,2.004,0.0,0.0,0.0,0.0,69,-0.0,0.059,0.0,0.0,0.0,0.0,0.0,0.0,0.0,0,0,0,0.0,0.0,0.0,0.0,0.0,0.0,0.0,0.0,0.0,0.0,0.0,0.0,0.0,0.0,0.0,0.0,0,-107875648.0,69,0.0,138,0.0,2.012,ERR,ERR,ERR,ERR,ERR,ERR,ERR,ERR,ERR,ERR,ERR,ERR,ERR,ERR,ERR,ERR,ERR,ERR,ERR,ERR,ERR,ERR,ERR,ERR,ERR,ERR,ERR,ERR,ERR,ERR,ERR,ERR,ERR,ERR,ERR,ERR,ERR,ERR,ERR,ERR,ERR,ERR,ERR,ERR,ERR,ERR,ERR,ERR,ERR,ERR,ERR,ERR,ERR,ERR,ERR,ERR,ERR,ERR,ERR,ERR,ERR,ERR,ERR,ERR,ERR,ERR,ERR,60.0,60.0,35,0.0,0.0,0.0,0.0,0.0,0.0,0.0,0.0,0.0,0.0,0.0,0.0,0.0,0.0,0.0,0.0,65.2,0,108,52,35,65476,0,300,0,0,8,20529,65476,0,0,2621,60.0,0.0,0.0,0.0,0.0,0.0
2026-07-09T15:45:59,ERR,ERR,ERR,ERR,ERR,ERR,ERR,ERR,ERR,ERR,ERR,ERR,ERR,ERR,ERR,ERR,ERR,ERR,ERR,ERR,ERR,ERR,ERR,ERR,ERR,ERR,ERR,ERR,ERR,ERR,ERR,ERR,ERR,ERR,ERR,ERR,ERR,ERR,ERR,ERR,ERR,ERR,ERR,ERR,ERR,ERR,ERR,ERR,ERR,ERR,ERR,ERR,ERR,ERR,ERR,ERR,ERR,ERR,ERR,ERR,ERR,ERR,ERR,ERR,ERR,ERR,ERR,ERR,ERR,ERR,ERR,ERR,ERR,ERR,ERR,ERR,ERR,ERR,ERR,ERR,ERR,ERR,ERR,ERR,ERR,ERR,ERR,ERR,ERR,ERR,ERR,ERR,ERR,ERR,ERR,ERR,ERR,ERR,ERR,ERR,ERR,ERR,ERR,ERR,ERR,ERR,ERR,ERR,ERR,ERR,ERR,ERR,ERR,ERR,ERR,ERR,ERR,ERR,ERR,ERR,ERR,ERR,ERR,ERR,ERR,-0.0,0.0,2.730234856211355e+23,0.0,0.0,408074.906,7706140213248.0,0.0,0,0,4,17359,7116,0.0,100,0.0,0.0,0.0,0.0,0.0,0,0,0,0,0.0,0,0,0,0,0,0,0,0,0,0,0,0,0,0,0,0,0,0,0,0,0,0,0,0,0,0,0,0,0,0,0,0,0,31,40,40,71,65476,0,300,0,0,8,21553,0.0,-107605600.0,0.0,0.0,0.0,0.0,0.0,0.0,0.0,0.0,0.0,0.0,0.0,0.0,0.0,0.0,0.0,0.0,0.0,0.0,0.0,0.0,-2.004,0.0,0.0,0.0,0.0,0.0,0.0,0.0,5258.0,-131350.562,6937.0,-0.0,0.0,2.004,2.004,0.0,0.0,0.0,0.0,69,-0.0,0.059,0.0,0.0,0.0,0.0,0.0,0.0,0.0,0,0,0,0.0,0.0,0.0,0.0,0.0,0.0,0.0,0.0,0.0,0.0,0.0,0.0,0.0,0.0,0.0,0.0,0,-107875648.0,69,0.0,138,0.0,2.012,ERR,ERR,ERR,ERR,ERR,ERR,ERR,ERR,ERR,ERR,ERR,ERR,ERR,ERR,ERR,ERR,ERR,ERR,ERR,ERR,ERR,ERR,ERR,ERR,ERR,ERR,ERR,ERR,ERR,ERR,ERR,ERR,ERR,ERR,ERR,ERR,ERR,ERR,ERR,ERR,ERR,ERR,ERR,ERR,ERR,ERR,ERR,ERR,ERR,ERR,ERR,ERR,ERR,ERR,ERR,ERR,ERR,ERR,ERR,ERR,ERR,ERR,ERR,ERR,ERR,ERR,ERR,60.0,60.0,35,0.0,0.0,0.0,0.0,0.0,0.0,0.0,0.0,0.0,0.0,0.0,0.0,0.0,0.0,0.0,0.0,65.2,0,108,52,35,65476,0,300,0,0,8,20529,65476,0,0,2621,60.0,0.0,0.0,0.0,0.0,0.0
2026-07-09T15:46:00,ERR,ERR,ERR,ERR,ERR,ERR,ERR,ERR,ERR,ERR,ERR,ERR,ERR,ERR,ERR,ERR,ERR,ERR,ERR,ERR,ERR,ERR,ERR,ERR,ERR,ERR,ERR,ERR,ERR,ERR,ERR,ERR,ERR,ERR,ERR,ERR,ERR,ERR,ERR,ERR,ERR,ERR,ERR,ERR,ERR,ERR,ERR,ERR,ERR,ERR,ERR,ERR,ERR,ERR,ERR,ERR,ERR,ERR,ERR,ERR,ERR,ERR,ERR,ERR,ERR,ERR,ERR,ERR,ERR,ERR,ERR,ERR,ERR,ERR,ERR,ERR,ERR,ERR,ERR,ERR,ERR,ERR,ERR,ERR,ERR,ERR,ERR,ERR,ERR,ERR,ERR,ERR,ERR,ERR,ERR,ERR,ERR,ERR,ERR,ERR,ERR,ERR,ERR,ERR,ERR,ERR,ERR,ERR,ERR,ERR,ERR,ERR,ERR,ERR,ERR,ERR,ERR,ERR,ERR,ERR,ERR,ERR,ERR,ERR,ERR,-0.0,-107616248.0,0.0,0.0,-0.0,-6.243313832103302e+32,0.0,-4068230603735040.0,0,0,4,17362,7116,0.0,100,0.0,0.0,0.0,0.0,0.0,0,0,0,0,0.0,0,0,0,0,0,0,0,0,0,0,0,0,0,0,0,0,0,0,0,0,0,0,0,0,0,0,0,0,0,0,0,0,0,31,40,40,71,65476,0,300,0,0,8,21553,0.0,-107605600.0,0.0,0.0,0.0,0.0,0.0,0.0,0.0,0.0,0.0,0.0,0.0,0.0,0.0,0.0,0.0,0.0,0.0,0.0,0.0,0.0,-2.004,-2.004,0.0,0.0,0.0,0.0,0.0,0.0,5310.0,8608191488.0,6922.0,-0.0,-0.0,2.004,2.004,0.0,0.0,0.0,0.0,69,0.0,-71.63,0.0,0.0,0.0,0.0,0.0,0.0,0.0,0,0,0,0.0,0.0,0.0,0.0,0.0,0.0,0.0,0.0,0.0,0.0,0.0,0.0,0.0,0.0,0.0,0.0,0,-107875648.0,69,0.0,138,0.0,2.012,ERR,ERR,ERR,ERR,ERR,ERR,ERR,ERR,ERR,ERR,ERR,ERR,ERR,ERR,ERR,ERR,ERR,ERR,ERR,ERR,ERR,ERR,ERR,ERR,ERR,ERR,ERR,ERR,ERR,ERR,ERR,ERR,ERR,ERR,ERR,ERR,ERR,ERR,ERR,ERR,ERR,ERR,ERR,ERR,ERR,ERR,ERR,ERR,ERR,ERR,ERR,ERR,ERR,ERR,ERR,ERR,ERR,ERR,ERR,ERR,ERR,ERR,ERR,ERR,ERR,ERR,ERR,60.0,60.0,35,0.0,0.0,0.0,0.0,0.0,0.0,0.0,0.0,0.0,0.0,0.0,0.0,0.0,0.0,0.0,0.0,65.2,0,108,52,35,65476,0,300,0,0,8,20529,65476,0,0,2621,60.0,0.0,0.0,0.0,0.0,0.0
2026-07-09T15:46:01,ERR,ERR,ERR,ERR,ERR,ERR,ERR,ERR,ERR,ERR,ERR,ERR,ERR,ERR,ERR,ERR,ERR,ERR,ERR,ERR,ERR,ERR,ERR,ERR,ERR,ERR,ERR,ERR,ERR,ERR,ERR,ERR,ERR,ERR,ERR,ERR,ERR,ERR,ERR,ERR,ERR,ERR,ERR,ERR,ERR,ERR,ERR,ERR,ERR,ERR,ERR,ERR,ERR,ERR,ERR,ERR,ERR,ERR,ERR,ERR,ERR,ERR,ERR,ERR,ERR,ERR,ERR,ERR,ERR,ERR,ERR,ERR,ERR,ERR,ERR,ERR,ERR,ERR,ERR,ERR,ERR,ERR,ERR,ERR,ERR,ERR,ERR,ERR,ERR,ERR,ERR,ERR,ERR,ERR,ERR,ERR,ERR,ERR,ERR,ERR,ERR,ERR,ERR,ERR,ERR,ERR,ERR,ERR,ERR,ERR,ERR,ERR,ERR,ERR,ERR,ERR,ERR,ERR,ERR,ERR,ERR,ERR,ERR,ERR,ERR,-0.0,-107616248.0,0.0,0.0,-0.0,-6.243313832103302e+32,0.0,-4068230603735040.0,0,0,4,17362,7116,0.0,100,0.0,0.0,0.0,0.0,0.0,0,0,0,0,0.0,0,0,0,0,0,0,0,0,0,0,0,0,0,0,0,0,0,0,0,0,0,0,0,0,0,0,0,0,0,0,0,0,0,31,40,40,71,65476,0,300,0,0,8,21553,0.0,-107605600.0,0.0,0.0,0.0,0.0,0.0,0.0,0.0,0.0,0.0,0.0,0.0,0.0,0.0,0.0,0.0,0.0,0.0,0.0,0.0,0.0,-2.004,-2.004,0.0,0.0,0.0,0.0,0.0,0.0,5310.0,8608191488.0,6922.0,-0.0,-0.0,2.004,2.004,0.0,0.0,0.0,0.0,69,0.0,-71.63,0.0,0.0,0.0,0.0,0.0,0.0,0.0,0,0,0,0.0,0.0,0.0,0.0,0.0,0.0,0.0,0.0,0.0,0.0,0.0,0.0,0.0,0.0,0.0,0.0,0,-107875648.0,69,0.0,138,0.0,2.012,ERR,ERR,ERR,ERR,ERR,ERR,ERR,ERR,ERR,ERR,ERR,ERR,ERR,ERR,ERR,ERR,ERR,ERR,ERR,ERR,ERR,ERR,ERR,ERR,ERR,ERR,ERR,ERR,ERR,ERR,ERR,ERR,ERR,ERR,ERR,ERR,ERR,ERR,ERR,ERR,ERR,ERR,ERR,ERR,ERR,ERR,ERR,ERR,ERR,ERR,ERR,ERR,ERR,ERR,ERR,ERR,ERR,ERR,ERR,ERR,ERR,ERR,ERR,ERR,ERR,ERR,ERR,60.0,60.0,35,0.0,0.0,0.0,0.0,0.0,0.0,0.0,0.0,0.0,0.0,0.0,0.0,0.0,0.0,0.0,0.0,65.2,0,108,52,35,65476,0,300,0,0,8,20529,65476,0,0,2621,60.0,0.0,0.0,0.0,0.0,0.0
2026-07-09T15:46:02,ERR,ERR,ERR,ERR,ERR,ERR,ERR,ERR,ERR,ERR,ERR,ERR,ERR,ERR,ERR,ERR,ERR,ERR,ERR,ERR,ERR,ERR,ERR,ERR,ERR,ERR,ERR,ERR,ERR,ERR,ERR,ERR,ERR,ERR,ERR,ERR,ERR,ERR,ERR,ERR,ERR,ERR,ERR,ERR,ERR,ERR,ERR,ERR,ERR,ERR,ERR,ERR,ERR,ERR,ERR,ERR,ERR,ERR,ERR,ERR,ERR,ERR,ERR,ERR,ERR,ERR,ERR,ERR,ERR,ERR,ERR,ERR,ERR,ERR,ERR,ERR,ERR,ERR,ERR,ERR,ERR,ERR,ERR,ERR,ERR,ERR,ERR,ERR,ERR,ERR,ERR,ERR,ERR,ERR,ERR,ERR,ERR,ERR,ERR,ERR,ERR,ERR,ERR,ERR,ERR,ERR,ERR,ERR,ERR,ERR,ERR,ERR,ERR,ERR,ERR,ERR,ERR,ERR,ERR,ERR,ERR,ERR,ERR,ERR,ERR,-0.0,-107616248.0,0.0,0.0,-0.0,-6.243313832103302e+32,0.0,-4068230603735040.0,0,0,4,17362,7116,0.0,100,0.0,0.0,0.0,0.0,0.0,0,0,0,0,0.0,0,0,0,0,0,0,0,0,0,0,0,0,0,0,0,0,0,0,0,0,0,0,0,0,0,0,0,0,0,0,0,0,0,31,40,40,71,65476,0,300,0,0,8,21553,0.0,-107605600.0,0.0,0.0,0.0,0.0,0.0,0.0,0.0,0.0,0.0,0.0,0.0,0.0,0.0,0.0,0.0,0.0,0.0,0.0,0.0,0.0,-2.004,-2.004,0.0,0.0,0.0,0.0,0.0,0.0,5310.0,8608191488.0,6922.0,-0.0,-0.0,2.004,2.004,0.0,0.0,0.0,0.0,69,0.0,-71.63,0.0,0.0,0.0,0.0,0.0,0.0,0.0,0,0,0,0.0,0.0,0.0,0.0,0.0,0.0,0.0,0.0,0.0,0.0,0.0,0.0,0.0,0.0,0.0,0.0,0,-107875648.0,69,0.0,138,0.0,2.012,ERR,ERR,ERR,ERR,ERR,ERR,ERR,ERR,ERR,ERR,ERR,ERR,ERR,ERR,ERR,ERR,ERR,ERR,ERR,ERR,ERR,ERR,ERR,ERR,ERR,ERR,ERR,ERR,ERR,ERR,ERR,ERR,ERR,ERR,ERR,ERR,ERR,ERR,ERR,ERR,ERR,ERR,ERR,ERR,ERR,ERR,ERR,ERR,ERR,ERR,ERR,ERR,ERR,ERR,ERR,ERR,ERR,ERR,ERR,ERR,ERR,ERR,ERR,ERR,ERR,ERR,ERR,60.0,60.0,35,0.0,0.0,0.0,0.0,0.0,0.0,0.0,0.0,0.0,0.0,0.0,0.0,0.0,0.0,0.0,0.0,65.2,0,108,52,35,65476,0,300,0,0,8,20529,65476,0,0,2621,60.0,0.0,0.0,0.0,0.0,0.0
2026-07-09T15:46:03,ERR,ERR,ERR,ERR,ERR,ERR,ERR,ERR,ERR,ERR,ERR,ERR,ERR,ERR,ERR,ERR,ERR,ERR,ERR,ERR,ERR,ERR,ERR,ERR,ERR,ERR,ERR,ERR,ERR,ERR,ERR,ERR,ERR,ERR,ERR,ERR,ERR,ERR,ERR,ERR,ERR,ERR,ERR,ERR,ERR,ERR,ERR,ERR,ERR,ERR,ERR,ERR,ERR,ERR,ERR,ERR,ERR,ERR,ERR,ERR,ERR,ERR,ERR,ERR,ERR,ERR,ERR,ERR,ERR,ERR,ERR,ERR,ERR,ERR,ERR,ERR,ERR,ERR,ERR,ERR,ERR,ERR,ERR,ERR,ERR,ERR,ERR,ERR,ERR,ERR,ERR,ERR,ERR,ERR,ERR,ERR,ERR,ERR,ERR,ERR,ERR,ERR,ERR,ERR,ERR,ERR,ERR,ERR,ERR,ERR,ERR,ERR,ERR,ERR,ERR,ERR,ERR,ERR,ERR,ERR,ERR,ERR,ERR,ERR,ERR,-0.0,-107616248.0,0.0,0.0,-0.0,-6.243313832103302e+32,0.0,-4068230603735040.0,0,0,4,17362,7116,0.0,100,0.0,0.0,0.0,0.0,0.0,0,0,0,0,0.0,0,0,0,0,0,0,0,0,0,0,0,0,0,0,0,0,0,0,0,0,0,0,0,0,0,0,0,0,0,0,0,0,0,31,40,40,71,65476,0,300,0,0,8,21553,0.0,-107605600.0,0.0,0.0,0.0,0.0,0.0,0.0,0.0,0.0,0.0,0.0,0.0,0.0,0.0,0.0,0.0,0.0,0.0,0.0,0.0,0.0,-2.004,-2.004,0.0,0.0,0.0,0.0,0.0,0.0,5310.0,8608191488.0,6922.0,-0.0,-0.0,2.004,2.004,0.0,0.0,0.0,0.0,69,0.0,-71.63,0.0,0.0,0.0,0.0,0.0,0.0,0.0,0,0,0,0.0,0.0,0.0,0.0,0.0,0.0,0.0,0.0,0.0,0.0,0.0,0.0,0.0,0.0,0.0,0.0,0,-107875648.0,69,0.0,138,0.0,2.012,ERR,ERR,ERR,ERR,ERR,ERR,ERR,ERR,ERR,ERR,ERR,ERR,ERR,ERR,ERR,ERR,ERR,ERR,ERR,ERR,ERR,ERR,ERR,ERR,ERR,ERR,ERR,ERR,ERR,ERR,ERR,ERR,ERR,ERR,ERR,ERR,ERR,ERR,ERR,ERR,ERR,ERR,ERR,ERR,ERR,ERR,ERR,ERR,ERR,ERR,ERR,ERR,ERR,ERR,ERR,ERR,ERR,ERR,ERR,ERR,ERR,ERR,ERR,ERR,ERR,ERR,ERR,60.0,60.0,35,0.0,0.0,0.0,0.0,0.0,0.0,0.0,0.0,0.0,0.0,0.0,0.0,0.0,0.0,0.0,0.0,65.2,0,108,52,35,65476,0,300,0,0,8,20529,65476,0,0,2621,60.0,0.0,0.0,0.0,0.0,0.0
2026-07-09T15:46:04,ERR,ERR,ERR,ERR,ERR,ERR,ERR,ERR,ERR,ERR,ERR,ERR,ERR,ERR,ERR,ERR,ERR,ERR,ERR,ERR,ERR,ERR,ERR,ERR,ERR,ERR,ERR,ERR,ERR,ERR,ERR,ERR,ERR,ERR,ERR,ERR,ERR,ERR,ERR,ERR,ERR,ERR,ERR,ERR,ERR,ERR,ERR,ERR,ERR,ERR,ERR,ERR,ERR,ERR,ERR,ERR,ERR,ERR,ERR,ERR,ERR,ERR,ERR,ERR,ERR,ERR,ERR,ERR,ERR,ERR,ERR,ERR,ERR,ERR,ERR,ERR,ERR,ERR,ERR,ERR,ERR,ERR,ERR,ERR,ERR,ERR,ERR,ERR,ERR,ERR,ERR,ERR,ERR,ERR,ERR,ERR,ERR,ERR,ERR,ERR,ERR,ERR,ERR,ERR,ERR,ERR,ERR,ERR,ERR,ERR,ERR,ERR,ERR,ERR,ERR,ERR,ERR,ERR,ERR,ERR,ERR,ERR,ERR,ERR,ERR,-0.0,-107616248.0,0.0,0.0,-0.0,-6.243313832103302e+32,0.0,-4068230603735040.0,0,0,4,17362,7116,0.0,100,0.0,0.0,0.0,0.0,0.0,0,0,0,0,0.0,0,0,0,0,0,0,0,0,0,0,0,0,0,0,0,0,0,0,0,0,0,0,0,0,0,0,0,0,0,0,0,0,0,31,40,40,71,65476,0,300,0,0,8,21553,0.0,-107605600.0,0.0,0.0,0.0,0.0,0.0,0.0,0.0,0.0,0.0,0.0,0.0,0.0,0.0,0.0,0.0,0.0,0.0,0.0,0.0,0.0,-2.004,-2.004,0.0,0.0,0.0,0.0,0.0,0.0,5310.0,8608191488.0,6922.0,-0.0,-0.0,2.004,2.004,0.0,0.0,0.0,0.0,69,0.0,-71.63,0.0,0.0,0.0,0.0,0.0,0.0,0.0,0,0,0,0.0,0.0,0.0,0.0,0.0,0.0,0.0,0.0,0.0,0.0,0.0,0.0,0.0,0.0,0.0,0.0,0,-107875648.0,69,0.0,138,0.0,2.012,ERR,ERR,ERR,ERR,ERR,ERR,ERR,ERR,ERR,ERR,ERR,ERR,ERR,ERR,ERR,ERR,ERR,ERR,ERR,ERR,ERR,ERR,ERR,ERR,ERR,ERR,ERR,ERR,ERR,ERR,ERR,ERR,ERR,ERR,ERR,ERR,ERR,ERR,ERR,ERR,ERR,ERR,ERR,ERR,ERR,ERR,ERR,ERR,ERR,ERR,ERR,ERR,ERR,ERR,ERR,ERR,ERR,ERR,ERR,ERR,ERR,ERR,ERR,ERR,ERR,ERR,ERR,60.0,60.0,35,0.0,0.0,0.0,0.0,0.0,0.0,0.0,0.0,0.0,0.0,0.0,0.0,0.0,0.0,0.0,0.0,64.8,0,108,52,35,65476,0,300,0,0,8,20529,65476,0,0,2621,60.0,0.0,0.0,0.0,0.0,0.0
2026-07-09T15:46:05,ERR,ERR,ERR,ERR,ERR,ERR,ERR,ERR,ERR,ERR,ERR,ERR,ERR,ERR,ERR,ERR,ERR,ERR,ERR,ERR,ERR,ERR,ERR,ERR,ERR,ERR,ERR,ERR,ERR,ERR,ERR,ERR,ERR,ERR,ERR,ERR,ERR,ERR,ERR,ERR,ERR,ERR,ERR,ERR,ERR,ERR,ERR,ERR,ERR,ERR,ERR,ERR,ERR,ERR,ERR,ERR,ERR,ERR,ERR,ERR,ERR,ERR,ERR,ERR,ERR,ERR,ERR,ERR,ERR,ERR,ERR,ERR,ERR,ERR,ERR,ERR,ERR,ERR,ERR,ERR,ERR,ERR,ERR,ERR,ERR,ERR,ERR,ERR,ERR,ERR,ERR,ERR,ERR,ERR,ERR,ERR,ERR,ERR,ERR,ERR,ERR,ERR,ERR,ERR,ERR,ERR,ERR,ERR,ERR,ERR,ERR,ERR,ERR,ERR,ERR,ERR,ERR,ERR,ERR,ERR,ERR,ERR,ERR,ERR,ERR,-0.0,-107616240.0,0.0,2.7183478752108883e+23,1128384008552448.0,2.3961304716804096e+16,-0.0,2.3295008636347023e+38,0,0,4,17356,7116,0.0,100,0.0,0.0,2.7183478752108883e+23,0.0,0.0,0,0,0,0,0.0,0,0,0,0,0,0,0,0,0,0,0,0,0,0,0,0,0,0,0,0,0,0,0,0,0,0,0,0,0,0,0,0,0,31,40,40,71,65476,0,300,0,0,8,21553,0.0,-107605600.0,0.0,0.0,0.0,0.0,0.0,0.0,0.0,0.0,0.0,0.0,0.0,0.0,0.0,0.0,0.0,0.0,0.0,0.0,0.0,0.0,-2.004,0.0,0.0,0.0,0.0,0.0,0.0,0.0,5300.0,-1.58793105316621e+29,6942.0,0.0,0.0,2.004,2.004,0.0,0.0,0.0,0.0,69,-3.22200830126699e+26,2.718419572516956e+23,0.0,0.0,0.0,0.0,0.0,0.0,0.0,0,0,0,0.0,0.0,0.0,0.0,0.0,0.0,0.0,0.0,0.0,0.0,0.0,0.0,0.0,0.0,0.0,0.0,0,-107875648.0,69,0.0,138,0.0,2.012,ERR,ERR,ERR,ERR,ERR,ERR,ERR,ERR,ERR,ERR,ERR,ERR,ERR,ERR,ERR,ERR,ERR,ERR,ERR,ERR,ERR,ERR,ERR,ERR,ERR,ERR,ERR,ERR,ERR,ERR,ERR,ERR,ERR,ERR,ERR,ERR,ERR,ERR,ERR,ERR,ERR,ERR,ERR,ERR,ERR,ERR,ERR,ERR,ERR,ERR,ERR,ERR,ERR,ERR,ERR,ERR,ERR,ERR,ERR,ERR,ERR,ERR,ERR,ERR,ERR,ERR,ERR,60.0,60.0,35,0.0,0.0,0.0,0.0,0.0,0.0,0.0,0.0,0.0,0.0,0.0,0.0,0.0,0.0,0.0,0.0,64.8,0,108,52,35,65476,0,300,0,0,8,20529,65476,0,0,2621,60.0,0.0,0.0,0.0,0.0,0.0
2026-07-09T15:46:06,ERR,ERR,ERR,ERR,ERR,ERR,ERR,ERR,ERR,ERR,ERR,ERR,ERR,ERR,ERR,ERR,ERR,ERR,ERR,ERR,ERR,ERR,ERR,ERR,ERR,ERR,ERR,ERR,ERR,ERR,ERR,ERR,ERR,ERR,ERR,ERR,ERR,ERR,ERR,ERR,ERR,ERR,ERR,ERR,ERR,ERR,ERR,ERR,ERR,ERR,ERR,ERR,ERR,ERR,ERR,ERR,ERR,ERR,ERR,ERR,ERR,ERR,ERR,ERR,ERR,ERR,ERR,ERR,ERR,ERR,ERR,ERR,ERR,ERR,ERR,ERR,ERR,ERR,ERR,ERR,ERR,ERR,ERR,ERR,ERR,ERR,ERR,ERR,ERR,ERR,ERR,ERR,ERR,ERR,ERR,ERR,ERR,ERR,ERR,ERR,ERR,ERR,ERR,ERR,ERR,ERR,ERR,ERR,ERR,ERR,ERR,ERR,ERR,ERR,ERR,ERR,ERR,ERR,ERR,ERR,ERR,ERR,ERR,ERR,ERR,-0.0,-107616240.0,0.0,2.7183478752108883e+23,1128384008552448.0,2.3961304716804096e+16,-0.0,2.3295008636347023e+38,0,0,4,17356,7116,0.0,100,0.0,0.0,2.7183478752108883e+23,0.0,0.0,0,0,0,0,0.0,0,0,0,0,0,0,0,0,0,0,0,0,0,0,0,0,0,0,0,0,0,0,0,0,0,0,0,0,0,0,0,0,0,31,40,40,71,65476,0,300,0,0,8,21553,0.0,-107605600.0,0.0,0.0,0.0,0.0,0.0,0.0,0.0,0.0,0.0,0.0,0.0,0.0,0.0,0.0,0.0,0.0,0.0,0.0,0.0,0.0,-2.004,0.0,0.0,0.0,0.0,0.0,0.0,0.0,5300.0,-1.58793105316621e+29,6942.0,0.0,0.0,2.004,2.004,0.0,0.0,0.0,0.0,69,-3.22200830126699e+26,2.718419572516956e+23,0.0,0.0,0.0,0.0,0.0,0.0,0.0,0,0,0,0.0,0.0,0.0,0.0,0.0,0.0,0.0,0.0,0.0,0.0,0.0,0.0,0.0,0.0,0.0,0.0,0,-107875648.0,69,0.0,138,0.0,2.012,ERR,ERR,ERR,ERR,ERR,ERR,ERR,ERR,ERR,ERR,ERR,ERR,ERR,ERR,ERR,ERR,ERR,ERR,ERR,ERR,ERR,ERR,ERR,ERR,ERR,ERR,ERR,ERR,ERR,ERR,ERR,ERR,ERR,ERR,ERR,ERR,ERR,ERR,ERR,ERR,ERR,ERR,ERR,ERR,ERR,ERR,ERR,ERR,ERR,ERR,ERR,ERR,ERR,ERR,ERR,ERR,ERR,ERR,ERR,ERR,ERR,ERR,ERR,ERR,ERR,ERR,ERR,60.0,60.0,35,0.0,0.0,0.0,0.0,0.0,0.0,0.0,0.0,0.0,0.0,0.0,0.0,0.0,0.0,0.0,0.0,65.6,0,108,52,35,65476,0,300,0,0,8,20529,65476,0,0,2621,60.0,0.0,0.0,0.0,0.0,0.0
2026-07-09T15:46:07,ERR,ERR,ERR,ERR,ERR,ERR,ERR,ERR,ERR,ERR,ERR,ERR,ERR,ERR,ERR,ERR,ERR,ERR,ERR,ERR,ERR,ERR,ERR,ERR,ERR,ERR,ERR,ERR,ERR,ERR,ERR,ERR,ERR,ERR,ERR,ERR,ERR,ERR,ERR,ERR,ERR,ERR,ERR,ERR,ERR,ERR,ERR,ERR,ERR,ERR,ERR,ERR,ERR,ERR,ERR,ERR,ERR,ERR,ERR,ERR,ERR,ERR,ERR,ERR,ERR,ERR,ERR,ERR,ERR,ERR,ERR,ERR,ERR,ERR,ERR,ERR,ERR,ERR,ERR,ERR,ERR,ERR,ERR,ERR,ERR,ERR,ERR,ERR,ERR,ERR,ERR,ERR,ERR,ERR,ERR,ERR,ERR,ERR,ERR,ERR,ERR,ERR,ERR,ERR,ERR,ERR,ERR,ERR,ERR,ERR,ERR,ERR,ERR,ERR,ERR,ERR,ERR,ERR,ERR,ERR,ERR,ERR,ERR,ERR,ERR,-0.0,-107616240.0,0.0,2.7183478752108883e+23,1128384008552448.0,2.3961304716804096e+16,-0.0,2.3295008636347023e+38,0,0,4,17356,7116,0.0,100,0.0,0.0,2.7183478752108883e+23,0.0,0.0,0,0,0,0,0.0,0,0,0,0,0,0,0,0,0,0,0,0,0,0,0,0,0,0,0,0,0,0,0,0,0,0,0,0,0,0,0,0,0,31,40,40,71,65476,0,300,0,0,8,21553,0.0,-107605600.0,0.0,0.0,0.0,0.0,0.0,0.0,0.0,0.0,0.0,0.0,0.0,0.0,0.0,0.0,0.0,0.0,0.0,0.0,0.0,0.0,-2.004,0.0,0.0,0.0,0.0,0.0,0.0,0.0,5300.0,-1.58793105316621e+29,6942.0,0.0,0.0,2.004,2.004,0.0,0.0,0.0,0.0,69,-3.22200830126699e+26,2.718419572516956e+23,0.0,0.0,0.0,0.0,0.0,0.0,0.0,0,0,0,0.0,0.0,0.0,0.0,0.0,0.0,0.0,0.0,0.0,0.0,0.0,0.0,0.0,0.0,0.0,0.0,0,-107875648.0,69,0.0,138,0.0,2.012,ERR,ERR,ERR,ERR,ERR,ERR,ERR,ERR,ERR,ERR,ERR,ERR,ERR,ERR,ERR,ERR,ERR,ERR,ERR,ERR,ERR,ERR,ERR,ERR,ERR,ERR,ERR,ERR,ERR,ERR,ERR,ERR,ERR,ERR,ERR,ERR,ERR,ERR,ERR,ERR,ERR,ERR,ERR,ERR,ERR,ERR,ERR,ERR,ERR,ERR,ERR,ERR,ERR,ERR,ERR,ERR,ERR,ERR,ERR,ERR,ERR,ERR,ERR,ERR,ERR,ERR,ERR,60.0,60.0,35,0.0,0.0,0.0,0.0,0.0,0.0,0.0,0.0,0.0,0.0,0.0,0.0,0.0,0.0,0.0,0.0,65.6,0,108,52,35,65476,0,300,0,0,8,20529,65476,0,0,2621,60.0,0.0,0.0,0.0,0.0,0.0
2026-07-09T15:46:08,ERR,ERR,ERR,ERR,ERR,ERR,ERR,ERR,ERR,ERR,ERR,ERR,ERR,ERR,ERR,ERR,ERR,ERR,ERR,ERR,ERR,ERR,ERR,ERR,ERR,ERR,ERR,ERR,ERR,ERR,ERR,ERR,ERR,ERR,ERR,ERR,ERR,ERR,ERR,ERR,ERR,ERR,ERR,ERR,ERR,ERR,ERR,ERR,ERR,ERR,ERR,ERR,ERR,ERR,ERR,ERR,ERR,ERR,ERR,ERR,ERR,ERR,ERR,ERR,ERR,ERR,ERR,ERR,ERR,ERR,ERR,ERR,ERR,ERR,ERR,ERR,ERR,ERR,ERR,ERR,ERR,ERR,ERR,ERR,ERR,ERR,ERR,ERR,ERR,ERR,ERR,ERR,ERR,ERR,ERR,ERR,ERR,ERR,ERR,ERR,ERR,ERR,ERR,ERR,ERR,ERR,ERR,ERR,ERR,ERR,ERR,ERR,ERR,ERR,ERR,ERR,ERR,ERR,ERR,ERR,ERR,ERR,ERR,ERR,ERR,-0.0,-107616240.0,0.0,2.7183478752108883e+23,1128384008552448.0,2.3961304716804096e+16,-0.0,2.3295008636347023e+38,0,0,4,17356,7116,0.0,100,0.0,0.0,2.7183478752108883e+23,0.0,0.0,0,0,0,0,0.0,0,0,0,0,0,0,0,0,0,0,0,0,0,0,0,0,0,0,0,0,0,0,0,0,0,0,0,0,0,0,0,0,0,31,40,40,71,65476,0,300,0,0,8,21553,0.0,-107605600.0,0.0,0.0,0.0,0.0,0.0,0.0,0.0,0.0,0.0,0.0,0.0,0.0,0.0,0.0,0.0,0.0,0.0,0.0,0.0,0.0,-2.004,0.0,0.0,0.0,0.0,0.0,0.0,0.0,5300.0,-1.58793105316621e+29,6942.0,0.0,0.0,2.004,2.004,0.0,0.0,0.0,0.0,69,-3.22200830126699e+26,2.718419572516956e+23,0.0,0.0,0.0,0.0,0.0,0.0,0.0,0,0,0,0.0,0.0,0.0,0.0,0.0,0.0,0.0,0.0,0.0,0.0,0.0,0.0,0.0,0.0,0.0,0.0,0,-107875648.0,69,0.0,138,0.0,2.012,ERR,ERR,ERR,ERR,ERR,ERR,ERR,ERR,ERR,ERR,ERR,ERR,ERR,ERR,ERR,ERR,ERR,ERR,ERR,ERR,ERR,ERR,ERR,ERR,ERR,ERR,ERR,ERR,ERR,ERR,ERR,ERR,ERR,ERR,ERR,ERR,ERR,ERR,ERR,ERR,ERR,ERR,ERR,ERR,ERR,ERR,ERR,ERR,ERR,ERR,ERR,ERR,ERR,ERR,ERR,ERR,ERR,ERR,ERR,ERR,ERR,ERR,ERR,ERR,ERR,ERR,ERR,60.0,60.0,35,0.0,0.0,0.0,0.0,0.0,0.0,0.0,0.0,0.0,0.0,0.0,0.0,0.0,0.0,0.0,0.0,65.2,0,108,52,35,65476,0,300,0,0,8,20529,65476,0,0,2621,60.0,0.0,0.0,0.0,0.0,0.0
2026-07-09T15:46:09,ERR,ERR,ERR,ERR,ERR,ERR,ERR,ERR,ERR,ERR,ERR,ERR,ERR,ERR,ERR,ERR,ERR,ERR,ERR,ERR,ERR,ERR,ERR,ERR,ERR,ERR,ERR,ERR,ERR,ERR,ERR,ERR,ERR,ERR,ERR,ERR,ERR,ERR,ERR,ERR,ERR,ERR,ERR,ERR,ERR,ERR,ERR,ERR,ERR,ERR,ERR,ERR,ERR,ERR,ERR,ERR,ERR,ERR,ERR,ERR,ERR,ERR,ERR,ERR,ERR,ERR,ERR,ERR,ERR,ERR,ERR,ERR,ERR,ERR,ERR,ERR,ERR,ERR,ERR,ERR,ERR,ERR,ERR,ERR,ERR,ERR,ERR,ERR,ERR,ERR,ERR,ERR,ERR,ERR,ERR,ERR,ERR,ERR,ERR,ERR,ERR,ERR,ERR,ERR,ERR,ERR,ERR,ERR,ERR,ERR,ERR,ERR,ERR,ERR,ERR,ERR,ERR,ERR,ERR,ERR,ERR,ERR,ERR,ERR,ERR,-0.0,-107616240.0,0.0,2.7183478752108883e+23,1128384008552448.0,2.3961304716804096e+16,-0.0,2.3295008636347023e+38,0,0,4,17356,7116,0.0,100,0.0,0.0,2.7183478752108883e+23,0.0,0.0,0,0,0,0,0.0,0,0,0,0,0,0,0,0,0,0,0,0,0,0,0,0,0,0,0,0,0,0,0,0,0,0,0,0,0,0,0,0,0,31,40,40,71,65476,0,300,0,0,8,21553,0.0,-107605600.0,0.0,0.0,0.0,0.0,0.0,0.0,0.0,0.0,0.0,0.0,0.0,0.0,0.0,0.0,0.0,0.0,0.0,0.0,0.0,0.0,-2.004,0.0,0.0,0.0,0.0,0.0,0.0,0.0,5300.0,-1.58793105316621e+29,6942.0,0.0,0.0,2.004,2.004,0.0,0.0,0.0,0.0,69,-3.22200830126699e+26,2.718419572516956e+23,0.0,0.0,0.0,0.0,0.0,0.0,0.0,0,0,0,0.0,0.0,0.0,0.0,0.0,0.0,0.0,0.0,0.0,0.0,0.0,0.0,0.0,0.0,0.0,0.0,0,-107875648.0,69,0.0,138,0.0,2.012,ERR,ERR,ERR,ERR,ERR,ERR,ERR,ERR,ERR,ERR,ERR,ERR,ERR,ERR,ERR,ERR,ERR,ERR,ERR,ERR,ERR,ERR,ERR,ERR,ERR,ERR,ERR,ERR,ERR,ERR,ERR,ERR,ERR,ERR,ERR,ERR,ERR,ERR,ERR,ERR,ERR,ERR,ERR,ERR,ERR,ERR,ERR,ERR,ERR,ERR,ERR,ERR,ERR,ERR,ERR,ERR,ERR,ERR,ERR,ERR,ERR,ERR,ERR,ERR,ERR,ERR,ERR,60.0,60.0,35,0.0,0.0,0.0,0.0,0.0,0.0,0.0,0.0,0.0,0.0,0.0,0.0,0.0,0.0,0.0,0.0,65.6,0,108,52,35,65476,0,300,0,0,8,20529,65476,0,0,2621,60.0,0.0,0.0,0.0,0.0,0.0
2026-07-09T15:46:10,ERR,ERR,ERR,ERR,ERR,ERR,ERR,ERR,ERR,ERR,ERR,ERR,ERR,ERR,ERR,ERR,ERR,ERR,ERR,ERR,ERR,ERR,ERR,ERR,ERR,ERR,ERR,ERR,ERR,ERR,ERR,ERR,ERR,ERR,ERR,ERR,ERR,ERR,ERR,ERR,ERR,ERR,ERR,ERR,ERR,ERR,ERR,ERR,ERR,ERR,ERR,ERR,ERR,ERR,ERR,ERR,ERR,ERR,ERR,ERR,ERR,ERR,ERR,ERR,ERR,ERR,ERR,ERR,ERR,ERR,ERR,ERR,ERR,ERR,ERR,ERR,ERR,ERR,ERR,ERR,ERR,ERR,ERR,ERR,ERR,ERR,ERR,ERR,ERR,ERR,ERR,ERR,ERR,ERR,ERR,ERR,ERR,ERR,ERR,ERR,ERR,ERR,ERR,ERR,ERR,ERR,ERR,ERR,ERR,ERR,ERR,ERR,ERR,ERR,ERR,ERR,ERR,ERR,ERR,ERR,ERR,ERR,ERR,ERR,ERR,0.0,2.718450016850437e+23,-107090984.0,0.0,191.282,0.0,6.796612331605774e+22,0.0,0,0,4,17353,7116,0.0,100,0.0,0.0,0.0,0.0,0.0,0,0,0,0,0.0,0,0,0,0,0,0,0,0,0,0,0,0,0,0,0,0,0,0,0,0,0,0,0,0,0,0,0,0,0,0,0,0,0,31,40,40,71,65476,0,300,0,0,8,21553,0.0,-107605600.0,0.0,0.0,0.0,0.0,0.0,0.0,0.0,0.0,0.0,0.0,0.0,0.0,0.0,0.0,0.0,0.0,0.0,0.0,0.0,0.0,-0.0,0.0,0.0,0.0,0.0,0.0,0.0,0.0,5331.0,2.004,6921.0,0.0,-0.0,2.004,2.004,0.0,0.0,0.0,0.0,69,-0.0,-152017481760768.0,0.0,0.0,0.0,0.0,0.0,0.0,0.0,0,0,0,0.0,0.0,0.0,0.0,0.0,0.0,0.0,0.0,0.0,0.0,0.0,0.0,0.0,0.0,0.0,0.0,0,-107875648.0,69,0.0,138,0.0,2.012,ERR,ERR,ERR,ERR,ERR,ERR,ERR,ERR,ERR,ERR,ERR,ERR,ERR,ERR,ERR,ERR,ERR,ERR,ERR,ERR,ERR,ERR,ERR,ERR,ERR,ERR,ERR,ERR,ERR,ERR,ERR,ERR,ERR,ERR,ERR,ERR,ERR,ERR,ERR,ERR,ERR,ERR,ERR,ERR,ERR,ERR,ERR,ERR,ERR,ERR,ERR,ERR,ERR,ERR,ERR,ERR,ERR,ERR,ERR,ERR,ERR,ERR,ERR,ERR,ERR,ERR,ERR,60.0,60.0,35,0.0,0.0,0.0,0.0,0.0,0.0,0.0,0.0,0.0,0.0,0.0,0.0,0.0,0.0,0.0,0.0,65.6,0,108,52,35,65476,0,300,0,0,8,20529,65476,0,0,2621,60.0,0.0,0.0,0.0,0.0,0.0
2026-07-09T15:46:11,ERR,ERR,ERR,ERR,ERR,ERR,ERR,ERR,ERR,ERR,ERR,ERR,ERR,ERR,ERR,ERR,ERR,ERR,ERR,ERR,ERR,ERR,ERR,ERR,ERR,ERR,ERR,ERR,ERR,ERR,ERR,ERR,ERR,ERR,ERR,ERR,ERR,ERR,ERR,ERR,ERR,ERR,ERR,ERR,ERR,ERR,ERR,ERR,ERR,ERR,ERR,ERR,ERR,ERR,ERR,ERR,ERR,ERR,ERR,ERR,ERR,ERR,ERR,ERR,ERR,ERR,ERR,ERR,ERR,ERR,ERR,ERR,ERR,ERR,ERR,ERR,ERR,ERR,ERR,ERR,ERR,ERR,ERR,ERR,ERR,ERR,ERR,ERR,ERR,ERR,ERR,ERR,ERR,ERR,ERR,ERR,ERR,ERR,ERR,ERR,ERR,ERR,ERR,ERR,ERR,ERR,ERR,ERR,ERR,ERR,ERR,ERR,ERR,ERR,ERR,ERR,ERR,ERR,ERR,ERR,ERR,ERR,ERR,ERR,ERR,0.0,2.718450016850437e+23,-107090984.0,0.0,191.282,0.0,6.796612331605774e+22,0.0,0,0,4,17353,7116,0.0,100,0.0,0.0,0.0,0.0,0.0,0,0,0,0,0.0,0,0,0,0,0,0,0,0,0,0,0,0,0,0,0,0,0,0,0,0,0,0,0,0,0,0,0,0,0,0,0,0,0,31,40,40,71,65476,0,300,0,0,8,21553,0.0,-107605600.0,0.0,0.0,0.0,0.0,0.0,0.0,0.0,0.0,0.0,0.0,0.0,0.0,0.0,0.0,0.0,0.0,0.0,0.0,0.0,0.0,-0.0,0.0,0.0,0.0,0.0,0.0,0.0,0.0,5331.0,2.004,6921.0,0.0,-0.0,2.004,2.004,0.0,0.0,0.0,0.0,69,-0.0,-152017481760768.0,0.0,0.0,0.0,0.0,0.0,0.0,0.0,0,0,0,0.0,0.0,0.0,0.0,0.0,0.0,0.0,0.0,0.0,0.0,0.0,0.0,0.0,0.0,0.0,0.0,0,-107875648.0,69,0.0,138,0.0,2.012,ERR,ERR,ERR,ERR,ERR,ERR,ERR,ERR,ERR,ERR,ERR,ERR,ERR,ERR,ERR,ERR,ERR,ERR,ERR,ERR,ERR,ERR,ERR,ERR,ERR,ERR,ERR,ERR,ERR,ERR,ERR,ERR,ERR,ERR,ERR,ERR,ERR,ERR,ERR,ERR,ERR,ERR,ERR,ERR,ERR,ERR,ERR,ERR,ERR,ERR,ERR,ERR,ERR,ERR,ERR,ERR,ERR,ERR,ERR,ERR,ERR,ERR,ERR,ERR,ERR,ERR,ERR,60.0,60.0,35,0.0,0.0,0.0,0.0,0.0,0.0,0.0,0.0,0.0,0.0,0.0,0.0,0.0,0.0,0.0,0.0,65.2,0,108,52,35,65476,0,300,0,0,8,20529,65476,0,0,2621,60.0,0.0,0.0,0.0,0.0,0.0
2026-07-09T15:46:12,ERR,ERR,ERR,ERR,ERR,ERR,ERR,ERR,ERR,ERR,ERR,ERR,ERR,ERR,ERR,ERR,ERR,ERR,ERR,ERR,ERR,ERR,ERR,ERR,ERR,ERR,ERR,ERR,ERR,ERR,ERR,ERR,ERR,ERR,ERR,ERR,ERR,ERR,ERR,ERR,ERR,ERR,ERR,ERR,ERR,ERR,ERR,ERR,ERR,ERR,ERR,ERR,ERR,ERR,ERR,ERR,ERR,ERR,ERR,ERR,ERR,ERR,ERR,ERR,ERR,ERR,ERR,ERR,ERR,ERR,ERR,ERR,ERR,ERR,ERR,ERR,ERR,ERR,ERR,ERR,ERR,ERR,ERR,ERR,ERR,ERR,ERR,ERR,ERR,ERR,ERR,ERR,ERR,ERR,ERR,ERR,ERR,ERR,ERR,ERR,ERR,ERR,ERR,ERR,ERR,ERR,ERR,ERR,ERR,ERR,ERR,ERR,ERR,ERR,ERR,ERR,ERR,ERR,ERR,ERR,ERR,ERR,ERR,ERR,ERR,0.0,2.718450016850437e+23,-107090984.0,0.0,191.282,0.0,6.796612331605774e+22,0.0,0,0,4,17353,7116,0.0,100,0.0,0.0,0.0,0.0,0.0,0,0,0,0,0.0,0,0,0,0,0,0,0,0,0,0,0,0,0,0,0,0,0,0,0,0,0,0,0,0,0,0,0,0,0,0,0,0,0,31,40,40,71,65476,0,300,0,0,8,21553,0.0,-107605600.0,0.0,0.0,0.0,0.0,0.0,0.0,0.0,0.0,0.0,0.0,0.0,0.0,0.0,0.0,0.0,0.0,0.0,0.0,0.0,0.0,-0.0,0.0,0.0,0.0,0.0,0.0,0.0,0.0,5331.0,2.004,6921.0,0.0,-0.0,2.004,2.004,0.0,0.0,0.0,0.0,69,-0.0,-152017481760768.0,0.0,0.0,0.0,0.0,0.0,0.0,0.0,0,0,0,0.0,0.0,0.0,0.0,0.0,0.0,0.0,0.0,0.0,0.0,0.0,0.0,0.0,0.0,0.0,0.0,0,-107875648.0,69,0.0,138,0.0,2.012,ERR,ERR,ERR,ERR,ERR,ERR,ERR,ERR,ERR,ERR,ERR,ERR,ERR,ERR,ERR,ERR,ERR,ERR,ERR,ERR,ERR,ERR,ERR,ERR,ERR,ERR,ERR,ERR,ERR,ERR,ERR,ERR,ERR,ERR,ERR,ERR,ERR,ERR,ERR,ERR,ERR,ERR,ERR,ERR,ERR,ERR,ERR,ERR,ERR,ERR,ERR,ERR,ERR,ERR,ERR,ERR,ERR,ERR,ERR,ERR,ERR,ERR,ERR,ERR,ERR,ERR,ERR,60.0,60.0,35,0.0,0.0,0.0,0.0,0.0,0.0,0.0,0.0,0.0,0.0,0.0,0.0,0.0,0.0,0.0,0.0,65.2,0,108,52,35,65476,0,300,0,0,8,20529,65476,0,0,2621,60.0,0.0,0.0,0.0,0.0,0.0
2026-07-09T15:46:13,ERR,ERR,ERR,ERR,ERR,ERR,ERR,ERR,ERR,ERR,ERR,ERR,ERR,ERR,ERR,ERR,ERR,ERR,ERR,ERR,ERR,ERR,ERR,ERR,ERR,ERR,ERR,ERR,ERR,ERR,ERR,ERR,ERR,ERR,ERR,ERR,ERR,ERR,ERR,ERR,ERR,ERR,ERR,ERR,ERR,ERR,ERR,ERR,ERR,ERR,ERR,ERR,ERR,ERR,ERR,ERR,ERR,ERR,ERR,ERR,ERR,ERR,ERR,ERR,ERR,ERR,ERR,ERR,ERR,ERR,ERR,ERR,ERR,ERR,ERR,ERR,ERR,ERR,ERR,ERR,ERR,ERR,ERR,ERR,ERR,ERR,ERR,ERR,ERR,ERR,ERR,ERR,ERR,ERR,ERR,ERR,ERR,ERR,ERR,ERR,ERR,ERR,ERR,ERR,ERR,ERR,ERR,ERR,ERR,ERR,ERR,ERR,ERR,ERR,ERR,ERR,ERR,ERR,ERR,ERR,ERR,ERR,ERR,ERR,ERR,0.0,2.718450016850437e+23,-107090984.0,0.0,191.282,0.0,6.796612331605774e+22,0.0,0,0,4,17353,7116,0.0,100,0.0,0.0,0.0,0.0,0.0,0,0,0,0,0.0,0,0,0,0,0,0,0,0,0,0,0,0,0,0,0,0,0,0,0,0,0,0,0,0,0,0,0,0,0,0,0,0,0,31,40,40,71,65476,0,300,0,0,8,21553,0.0,-107605600.0,0.0,0.0,0.0,0.0,0.0,0.0,0.0,0.0,0.0,0.0,0.0,0.0,0.0,0.0,0.0,0.0,0.0,0.0,0.0,0.0,-0.0,0.0,0.0,0.0,0.0,0.0,0.0,0.0,5331.0,2.004,6921.0,0.0,-0.0,2.004,2.004,0.0,0.0,0.0,0.0,69,-0.0,-152017481760768.0,0.0,0.0,0.0,0.0,0.0,0.0,0.0,0,0,0,0.0,0.0,0.0,0.0,0.0,0.0,0.0,0.0,0.0,0.0,0.0,0.0,0.0,0.0,0.0,0.0,0,-107875648.0,69,0.0,138,0.0,2.012,ERR,ERR,ERR,ERR,ERR,ERR,ERR,ERR,ERR,ERR,ERR,ERR,ERR,ERR,ERR,ERR,ERR,ERR,ERR,ERR,ERR,ERR,ERR,ERR,ERR,ERR,ERR,ERR,ERR,ERR,ERR,ERR,ERR,ERR,ERR,ERR,ERR,ERR,ERR,ERR,ERR,ERR,ERR,ERR,ERR,ERR,ERR,ERR,ERR,ERR,ERR,ERR,ERR,ERR,ERR,ERR,ERR,ERR,ERR,ERR,ERR,ERR,ERR,ERR,ERR,ERR,ERR,60.0,60.0,35,0.0,0.0,0.0,0.0,0.0,0.0,0.0,0.0,0.0,0.0,0.0,0.0,0.0,0.0,0.0,0.0,64.8,0,108,52,35,65476,0,300,0,0,8,20529,65476,0,0,2621,60.0,0.0,0.0,0.0,0.0,0.0
2026-07-09T15:46:14,ERR,ERR,ERR,ERR,ERR,ERR,ERR,ERR,ERR,ERR,ERR,ERR,ERR,ERR,ERR,ERR,ERR,ERR,ERR,ERR,ERR,ERR,ERR,ERR,ERR,ERR,ERR,ERR,ERR,ERR,ERR,ERR,ERR,ERR,ERR,ERR,ERR,ERR,ERR,ERR,ERR,ERR,ERR,ERR,ERR,ERR,ERR,ERR,ERR,ERR,ERR,ERR,ERR,ERR,ERR,ERR,ERR,ERR,ERR,ERR,ERR,ERR,ERR,ERR,ERR,ERR,ERR,ERR,ERR,ERR,ERR,ERR,ERR,ERR,ERR,ERR,ERR,ERR,ERR,ERR,ERR,ERR,ERR,ERR,ERR,ERR,ERR,ERR,ERR,ERR,ERR,ERR,ERR,ERR,ERR,ERR,ERR,ERR,ERR,ERR,ERR,ERR,ERR,ERR,ERR,ERR,ERR,ERR,ERR,ERR,ERR,ERR,ERR,ERR,ERR,ERR,ERR,ERR,ERR,ERR,ERR,ERR,ERR,ERR,ERR,0.0,2.718450016850437e+23,-107090984.0,0.0,191.282,0.0,6.796612331605774e+22,0.0,0,0,4,17353,7116,0.0,100,0.0,0.0,0.0,0.0,0.0,0,0,0,0,0.0,0,0,0,0,0,0,0,0,0,0,0,0,0,0,0,0,0,0,0,0,0,0,0,0,0,0,0,0,0,0,0,0,0,31,40,40,71,65476,0,300,0,0,8,21553,0.0,-107605600.0,0.0,0.0,0.0,0.0,0.0,0.0,0.0,0.0,0.0,0.0,0.0,0.0,0.0,0.0,0.0,0.0,0.0,0.0,0.0,0.0,-0.0,0.0,0.0,0.0,0.0,0.0,0.0,0.0,5331.0,2.004,6921.0,0.0,-0.0,2.004,2.004,0.0,0.0,0.0,0.0,69,-0.0,-152017481760768.0,0.0,0.0,0.0,0.0,0.0,0.0,0.0,0,0,0,0.0,0.0,0.0,0.0,0.0,0.0,0.0,0.0,0.0,0.0,0.0,0.0,0.0,0.0,0.0,0.0,0,-107875648.0,69,0.0,138,0.0,2.012,ERR,ERR,ERR,ERR,ERR,ERR,ERR,ERR,ERR,ERR,ERR,ERR,ERR,ERR,ERR,ERR,ERR,ERR,ERR,ERR,ERR,ERR,ERR,ERR,ERR,ERR,ERR,ERR,ERR,ERR,ERR,ERR,ERR,ERR,ERR,ERR,ERR,ERR,ERR,ERR,ERR,ERR,ERR,ERR,ERR,ERR,ERR,ERR,ERR,ERR,ERR,ERR,ERR,ERR,ERR,ERR,ERR,ERR,ERR,ERR,ERR,ERR,ERR,ERR,ERR,ERR,ERR,60.0,60.0,35,0.0,0.0,0.0,0.0,0.0,0.0,0.0,0.0,0.0,0.0,0.0,0.0,0.0,0.0,0.0,0.0,64.8,0,108,52,35,65476,0,300,0,0,8,20529,65476,0,0,2621,60.0,0.0,0.0,0.0,0.0,0.0
2026-07-09T15:46:15,ERR,ERR,ERR,ERR,ERR,ERR,ERR,ERR,ERR,ERR,ERR,ERR,ERR,ERR,ERR,ERR,ERR,ERR,ERR,ERR,ERR,ERR,ERR,ERR,ERR,ERR,ERR,ERR,ERR,ERR,ERR,ERR,ERR,ERR,ERR,ERR,ERR,ERR,ERR,ERR,ERR,ERR,ERR,ERR,ERR,ERR,ERR,ERR,ERR,ERR,ERR,ERR,ERR,ERR,ERR,ERR,ERR,ERR,ERR,ERR,ERR,ERR,ERR,ERR,ERR,ERR,ERR,ERR,ERR,ERR,ERR,ERR,ERR,ERR,ERR,ERR,ERR,ERR,ERR,ERR,ERR,ERR,ERR,ERR,ERR,ERR,ERR,ERR,ERR,ERR,ERR,ERR,ERR,ERR,ERR,ERR,ERR,ERR,ERR,ERR,ERR,ERR,ERR,ERR,ERR,ERR,ERR,ERR,ERR,ERR,ERR,ERR,ERR,ERR,ERR,ERR,ERR,ERR,ERR,ERR,ERR,ERR,ERR,ERR,ERR,0.0,0.0,2.7184280392842555e+23,0.0,-0.0,15.578,8.974767188857547e+34,-0.0,0,0,4,17349,7116,0.0,100,0.0,0.0,0.0,0.0,0.0,0,0,0,0,0.0,0,0,0,0,0,0,0,0,0,0,0,0,0,0,0,0,0,0,0,0,0,0,0,0,0,0,0,0,0,0,0,0,0,31,40,40,71,65476,0,300,0,0,8,21553,0.0,-107605600.0,0.0,0.0,0.0,0.0,0.0,0.0,0.0,0.0,0.0,0.0,0.0,0.0,0.0,0.0,0.0,0.0,0.0,0.0,0.0,0.0,-0.0,3.697073543634013e+19,0.0,0.0,0.0,0.0,0.0,0.0,5317.0,1.0406666187970114e+34,6927.0,0.0,0.0,2.004,2.004,0.0,0.0,0.0,0.0,69,0.059,0.0,0.0,0.0,0.0,0.0,0.0,0.0,0.0,0,0,0,0.0,0.0,0.0,0.0,0.0,0.0,0.0,0.0,0.0,0.0,0.0,0.0,0.0,0.0,0.0,0.0,0,-107875648.0,69,0.0,138,0.0,2.012,ERR,ERR,ERR,ERR,ERR,ERR,ERR,ERR,ERR,ERR,ERR,ERR,ERR,ERR,ERR,ERR,ERR,ERR,ERR,ERR,ERR,ERR,ERR,ERR,ERR,ERR,ERR,ERR,ERR,ERR,ERR,ERR,ERR,ERR,ERR,ERR,ERR,ERR,ERR,ERR,ERR,ERR,ERR,ERR,ERR,ERR,ERR,ERR,ERR,ERR,ERR,ERR,ERR,ERR,ERR,ERR,ERR,ERR,ERR,ERR,ERR,ERR,ERR,ERR,ERR,ERR,ERR,60.0,60.0,35,0.0,0.0,0.0,0.0,0.0,0.0,0.0,0.0,0.0,0.0,0.0,0.0,0.0,0.0,0.0,0.0,65.6,0,109,53,35,65476,0,300,0,0,8,20529,65476,0,0,2621,60.0,0.0,0.0,0.0,0.0,0.0
2026-07-09T15:46:16,ERR,ERR,ERR,ERR,ERR,ERR,ERR,ERR,ERR,ERR,ERR,ERR,ERR,ERR,ERR,ERR,ERR,ERR,ERR,ERR,ERR,ERR,ERR,ERR,ERR,ERR,ERR,ERR,ERR,ERR,ERR,ERR,ERR,ERR,ERR,ERR,ERR,ERR,ERR,ERR,ERR,ERR,ERR,ERR,ERR,ERR,ERR,ERR,ERR,ERR,ERR,ERR,ERR,ERR,ERR,ERR,ERR,ERR,ERR,ERR,ERR,ERR,ERR,ERR,ERR,ERR,ERR,ERR,ERR,ERR,ERR,ERR,ERR,ERR,ERR,ERR,ERR,ERR,ERR,ERR,ERR,ERR,ERR,ERR,ERR,ERR,ERR,ERR,ERR,ERR,ERR,ERR,ERR,ERR,ERR,ERR,ERR,ERR,ERR,ERR,ERR,ERR,ERR,ERR,ERR,ERR,ERR,ERR,ERR,ERR,ERR,ERR,ERR,ERR,ERR,ERR,ERR,ERR,ERR,ERR,ERR,ERR,ERR,ERR,ERR,0.0,0.0,2.7184280392842555e+23,0.0,-0.0,15.578,8.974767188857547e+34,-0.0,0,0,4,17349,7116,0.0,100,0.0,0.0,0.0,0.0,0.0,0,0,0,0,0.0,0,0,0,0,0,0,0,0,0,0,0,0,0,0,0,0,0,0,0,0,0,0,0,0,0,0,0,0,0,0,0,0,0,31,40,40,71,65476,0,300,0,0,8,21553,0.0,-107605600.0,0.0,0.0,0.0,0.0,0.0,0.0,0.0,0.0,0.0,0.0,0.0,0.0,0.0,0.0,0.0,0.0,0.0,0.0,0.0,0.0,-0.0,3.697073543634013e+19,0.0,0.0,0.0,0.0,0.0,0.0,5317.0,1.0406666187970114e+34,6927.0,0.0,0.0,2.004,2.004,0.0,0.0,0.0,0.0,69,0.059,0.0,0.0,0.0,0.0,0.0,0.0,0.0,0.0,0,0,0,0.0,0.0,0.0,0.0,0.0,0.0,0.0,0.0,0.0,0.0,0.0,0.0,0.0,0.0,0.0,0.0,0,-107875648.0,69,0.0,138,0.0,2.012,ERR,ERR,ERR,ERR,ERR,ERR,ERR,ERR,ERR,ERR,ERR,ERR,ERR,ERR,ERR,ERR,ERR,ERR,ERR,ERR,ERR,ERR,ERR,ERR,ERR,ERR,ERR,ERR,ERR,ERR,ERR,ERR,ERR,ERR,ERR,ERR,ERR,ERR,ERR,ERR,ERR,ERR,ERR,ERR,ERR,ERR,ERR,ERR,ERR,ERR,ERR,ERR,ERR,ERR,ERR,ERR,ERR,ERR,ERR,ERR,ERR,ERR,ERR,ERR,ERR,ERR,ERR,60.0,60.0,35,0.0,0.0,0.0,0.0,0.0,0.0,0.0,0.0,0.0,0.0,0.0,0.0,0.0,0.0,0.0,0.0,64.8,0,109,53,35,65476,0,300,0,0,8,20529,65476,0,0,2621,60.0,0.0,0.0,0.0,0.0,0.0
2026-07-09T15:46:17,ERR,ERR,ERR,ERR,ERR,ERR,ERR,ERR,ERR,ERR,ERR,ERR,ERR,ERR,ERR,ERR,ERR,ERR,ERR,ERR,ERR,ERR,ERR,ERR,ERR,ERR,ERR,ERR,ERR,ERR,ERR,ERR,ERR,ERR,ERR,ERR,ERR,ERR,ERR,ERR,ERR,ERR,ERR,ERR,ERR,ERR,ERR,ERR,ERR,ERR,ERR,ERR,ERR,ERR,ERR,ERR,ERR,ERR,ERR,ERR,ERR,ERR,ERR,ERR,ERR,ERR,ERR,ERR,ERR,ERR,ERR,ERR,ERR,ERR,ERR,ERR,ERR,ERR,ERR,ERR,ERR,ERR,ERR,ERR,ERR,ERR,ERR,ERR,ERR,ERR,ERR,ERR,ERR,ERR,ERR,ERR,ERR,ERR,ERR,ERR,ERR,ERR,ERR,ERR,ERR,ERR,ERR,ERR,ERR,ERR,ERR,ERR,ERR,ERR,ERR,ERR,ERR,ERR,ERR,ERR,ERR,ERR,ERR,ERR,ERR,0.0,0.0,2.7184280392842555e+23,0.0,-0.0,15.578,8.974767188857547e+34,-0.0,0,0,4,17349,7116,0.0,100,0.0,0.0,0.0,0.0,0.0,0,0,0,0,0.0,0,0,0,0,0,0,0,0,0,0,0,0,0,0,0,0,0,0,0,0,0,0,0,0,0,0,0,0,0,0,0,0,0,31,40,40,71,65476,0,300,0,0,8,21553,0.0,-107605600.0,0.0,0.0,0.0,0.0,0.0,0.0,0.0,0.0,0.0,0.0,0.0,0.0,0.0,0.0,0.0,0.0,0.0,0.0,0.0,0.0,-0.0,3.697073543634013e+19,0.0,0.0,0.0,0.0,0.0,0.0,5317.0,1.0406666187970114e+34,6927.0,0.0,0.0,2.004,2.004,0.0,0.0,0.0,0.0,69,0.059,0.0,0.0,0.0,0.0,0.0,0.0,0.0,0.0,0,0,0,0.0,0.0,0.0,0.0,0.0,0.0,0.0,0.0,0.0,0.0,0.0,0.0,0.0,0.0,0.0,0.0,0,-107875648.0,69,0.0,138,0.0,2.012,ERR,ERR,ERR,ERR,ERR,ERR,ERR,ERR,ERR,ERR,ERR,ERR,ERR,ERR,ERR,ERR,ERR,ERR,ERR,ERR,ERR,ERR,ERR,ERR,ERR,ERR,ERR,ERR,ERR,ERR,ERR,ERR,ERR,ERR,ERR,ERR,ERR,ERR,ERR,ERR,ERR,ERR,ERR,ERR,ERR,ERR,ERR,ERR,ERR,ERR,ERR,ERR,ERR,ERR,ERR,ERR,ERR,ERR,ERR,ERR,ERR,ERR,ERR,ERR,ERR,ERR,ERR,60.0,60.0,35,0.0,0.0,0.0,0.0,0.0,0.0,0.0,0.0,0.0,0.0,0.0,0.0,0.0,0.0,0.0,0.0,64.8,0,109,53,35,65476,0,300,0,0,8,20529,65476,0,0,2621,60.0,0.0,0.0,0.0,0.0,0.0
2026-07-09T15:46:18,ERR,ERR,ERR,ERR,ERR,ERR,ERR,ERR,ERR,ERR,ERR,ERR,ERR,ERR,ERR,ERR,ERR,ERR,ERR,ERR,ERR,ERR,ERR,ERR,ERR,ERR,ERR,ERR,ERR,ERR,ERR,ERR,ERR,ERR,ERR,ERR,ERR,ERR,ERR,ERR,ERR,ERR,ERR,ERR,ERR,ERR,ERR,ERR,ERR,ERR,ERR,ERR,ERR,ERR,ERR,ERR,ERR,ERR,ERR,ERR,ERR,ERR,ERR,ERR,ERR,ERR,ERR,ERR,ERR,ERR,ERR,ERR,ERR,ERR,ERR,ERR,ERR,ERR,ERR,ERR,ERR,ERR,ERR,ERR,ERR,ERR,ERR,ERR,ERR,ERR,ERR,ERR,ERR,ERR,ERR,ERR,ERR,ERR,ERR,ERR,ERR,ERR,ERR,ERR,ERR,ERR,ERR,ERR,ERR,ERR,ERR,ERR,ERR,ERR,ERR,ERR,ERR,ERR,ERR,ERR,ERR,ERR,ERR,ERR,ERR,0.0,0.0,2.7184280392842555e+23,0.0,-0.0,15.578,8.974767188857547e+34,-0.0,0,0,4,17349,7116,0.0,100,0.0,0.0,0.0,0.0,0.0,0,0,0,0,0.0,0,0,0,0,0,0,0,0,0,0,0,0,0,0,0,0,0,0,0,0,0,0,0,0,0,0,0,0,0,0,0,0,0,31,40,40,71,65476,0,300,0,0,8,21553,0.0,-107605600.0,0.0,0.0,0.0,0.0,0.0,0.0,0.0,0.0,0.0,0.0,0.0,0.0,0.0,0.0,0.0,0.0,0.0,0.0,0.0,0.0,-0.0,3.697073543634013e+19,0.0,0.0,0.0,0.0,0.0,0.0,5317.0,1.0406666187970114e+34,6927.0,0.0,0.0,2.004,2.004,0.0,0.0,0.0,0.0,69,0.059,0.0,0.0,0.0,0.0,0.0,0.0,0.0,0.0,0,0,0,0.0,0.0,0.0,0.0,0.0,0.0,0.0,0.0,0.0,0.0,0.0,0.0,0.0,0.0,0.0,0.0,0,-107875648.0,69,0.0,138,0.0,2.012,ERR,ERR,ERR,ERR,ERR,ERR,ERR,ERR,ERR,ERR,ERR,ERR,ERR,ERR,ERR,ERR,ERR,ERR,ERR,ERR,ERR,ERR,ERR,ERR,ERR,ERR,ERR,ERR,ERR,ERR,ERR,ERR,ERR,ERR,ERR,ERR,ERR,ERR,ERR,ERR,ERR,ERR,ERR,ERR,ERR,ERR,ERR,ERR,ERR,ERR,ERR,ERR,ERR,ERR,ERR,ERR,ERR,ERR,ERR,ERR,ERR,ERR,ERR,ERR,ERR,ERR,ERR,60.0,60.0,35,0.0,0.0,0.0,0.0,0.0,0.0,0.0,0.0,0.0,0.0,0.0,0.0,0.0,0.0,0.0,0.0,65.6,0,109,53,35,65476,0,300,0,0,8,20529,65476,0,0,2621,60.0,0.0,0.0,0.0,0.0,0.0
2026-07-09T15:46:19,ERR,ERR,ERR,ERR,ERR,ERR,ERR,ERR,ERR,ERR,ERR,ERR,ERR,ERR,ERR,ERR,ERR,ERR,ERR,ERR,ERR,ERR,ERR,ERR,ERR,ERR,ERR,ERR,ERR,ERR,ERR,ERR,ERR,ERR,ERR,ERR,ERR,ERR,ERR,ERR,ERR,ERR,ERR,ERR,ERR,ERR,ERR,ERR,ERR,ERR,ERR,ERR,ERR,ERR,ERR,ERR,ERR,ERR,ERR,ERR,ERR,ERR,ERR,ERR,ERR,ERR,ERR,ERR,ERR,ERR,ERR,ERR,ERR,ERR,ERR,ERR,ERR,ERR,ERR,ERR,ERR,ERR,ERR,ERR,ERR,ERR,ERR,ERR,ERR,ERR,ERR,ERR,ERR,ERR,ERR,ERR,ERR,ERR,ERR,ERR,ERR,ERR,ERR,ERR,ERR,ERR,ERR,ERR,ERR,ERR,ERR,ERR,ERR,ERR,ERR,ERR,ERR,ERR,ERR,ERR,ERR,ERR,ERR,ERR,ERR,0.0,0.0,2.7184280392842555e+23,0.0,-0.0,15.578,8.974767188857547e+34,-0.0,0,0,4,17349,7116,0.0,100,0.0,0.0,0.0,0.0,0.0,0,0,0,0,0.0,0,0,0,0,0,0,0,0,0,0,0,0,0,0,0,0,0,0,0,0,0,0,0,0,0,0,0,0,0,0,0,0,0,31,40,40,71,65476,0,300,0,0,8,21553,0.0,-107605600.0,0.0,0.0,0.0,0.0,0.0,0.0,0.0,0.0,0.0,0.0,0.0,0.0,0.0,0.0,0.0,0.0,0.0,0.0,0.0,0.0,-0.0,3.697073543634013e+19,0.0,0.0,0.0,0.0,0.0,0.0,5317.0,1.0406666187970114e+34,6927.0,0.0,0.0,2.004,2.004,0.0,0.0,0.0,0.0,69,0.059,0.0,0.0,0.0,0.0,0.0,0.0,0.0,0.0,0,0,0,0.0,0.0,0.0,0.0,0.0,0.0,0.0,0.0,0.0,0.0,0.0,0.0,0.0,0.0,0.0,0.0,0,-107875648.0,69,0.0,138,0.0,2.012,ERR,ERR,ERR,ERR,ERR,ERR,ERR,ERR,ERR,ERR,ERR,ERR,ERR,ERR,ERR,ERR,ERR,ERR,ERR,ERR,ERR,ERR,ERR,ERR,ERR,ERR,ERR,ERR,ERR,ERR,ERR,ERR,ERR,ERR,ERR,ERR,ERR,ERR,ERR,ERR,ERR,ERR,ERR,ERR,ERR,ERR,ERR,ERR,ERR,ERR,ERR,ERR,ERR,ERR,ERR,ERR,ERR,ERR,ERR,ERR,ERR,ERR,ERR,ERR,ERR,ERR,ERR,60.0,60.0,35,0.0,0.0,0.0,0.0,0.0,0.0,0.0,0.0,0.0,0.0,0.0,0.0,0.0,0.0,0.0,0.0,65.6,0,109,53,35,65476,0,300,0,0,8,20529,65476,0,0,2621,60.0,0.0,0.0,0.0,0.0,0.0
2026-07-09T15:46:20,ERR,ERR,ERR,ERR,ERR,ERR,ERR,ERR,ERR,ERR,ERR,ERR,ERR,ERR,ERR,ERR,ERR,ERR,ERR,ERR,ERR,ERR,ERR,ERR,ERR,ERR,ERR,ERR,ERR,ERR,ERR,ERR,ERR,ERR,ERR,ERR,ERR,ERR,ERR,ERR,ERR,ERR,ERR,ERR,ERR,ERR,ERR,ERR,ERR,ERR,ERR,ERR,ERR,ERR,ERR,ERR,ERR,ERR,ERR,ERR,ERR,ERR,ERR,ERR,ERR,ERR,ERR,ERR,ERR,ERR,ERR,ERR,ERR,ERR,ERR,ERR,ERR,ERR,ERR,ERR,ERR,ERR,ERR,ERR,ERR,ERR,ERR,ERR,ERR,ERR,ERR,ERR,ERR,ERR,ERR,ERR,ERR,ERR,ERR,ERR,ERR,ERR,ERR,ERR,ERR,ERR,ERR,ERR,ERR,ERR,ERR,ERR,ERR,ERR,ERR,ERR,ERR,ERR,ERR,ERR,ERR,ERR,ERR,ERR,ERR,0.0,0.0,2.7184274988523002e+23,2.7183478752108883e+23,3.5927783683129344e+16,1.0312122132254607e+37,-0.0,6.783993017776708e+30,0,0,4,17344,7116,0.0,100,0.0,0.0,2.7183478752108883e+23,0.0,0.0,0,0,0,0,0.0,0,0,0,0,0,0,0,0,0,0,0,0,0,0,0,0,0,0,0,0,0,0,0,0,0,0,0,0,0,0,0,0,0,31,40,40,71,65476,0,300,0,0,8,21553,0.0,-107605600.0,0.0,0.0,0.0,0.0,0.0,0.0,0.0,0.0,0.0,0.0,0.0,0.0,0.0,0.0,0.0,0.0,0.0,0.0,0.0,0.0,2.004,-0.0,0.0,0.0,0.0,0.0,0.0,0.0,5342.0,-0.0,6933.0,0.0,-107616176.0,2.004,2.004,0.0,0.0,0.0,0.0,69,-4.950406933936077e+32,126840643584.0,0.0,0.0,0.0,0.0,0.0,0.0,0.0,0,0,0,0.0,0.0,0.0,0.0,0.0,0.0,0.0,0.0,0.0,0.0,0.0,0.0,0.0,0.0,0.0,0.0,0,-107875648.0,69,0.0,138,0.0,2.012,ERR,ERR,ERR,ERR,ERR,ERR,ERR,ERR,ERR,ERR,ERR,ERR,ERR,ERR,ERR,ERR,ERR,ERR,ERR,ERR,ERR,ERR,ERR,ERR,ERR,ERR,ERR,ERR,ERR,ERR,ERR,ERR,ERR,ERR,ERR,ERR,ERR,ERR,ERR,ERR,ERR,ERR,ERR,ERR,ERR,ERR,ERR,ERR,ERR,ERR,ERR,ERR,ERR,ERR,ERR,ERR,ERR,ERR,ERR,ERR,ERR,ERR,ERR,ERR,ERR,ERR,ERR,60.0,60.0,35,0.0,0.0,0.0,0.0,0.0,0.0,0.0,0.0,0.0,0.0,0.0,0.0,0.0,0.0,0.0,0.0,65.6,0,109,53,35,65476,0,300,0,0,8,20529,65476,0,0,2621,60.0,0.0,0.0,0.0,0.0,0.0
2026-07-09T15:46:21,ERR,ERR,ERR,ERR,ERR,ERR,ERR,ERR,ERR,ERR,ERR,ERR,ERR,ERR,ERR,ERR,ERR,ERR,ERR,ERR,ERR,ERR,ERR,ERR,ERR,ERR,ERR,ERR,ERR,ERR,ERR,ERR,ERR,ERR,ERR,ERR,ERR,ERR,ERR,ERR,ERR,ERR,ERR,ERR,ERR,ERR,ERR,ERR,ERR,ERR,ERR,ERR,ERR,ERR,ERR,ERR,ERR,ERR,ERR,ERR,ERR,ERR,ERR,ERR,ERR,ERR,ERR,ERR,ERR,ERR,ERR,ERR,ERR,ERR,ERR,ERR,ERR,ERR,ERR,ERR,ERR,ERR,ERR,ERR,ERR,ERR,ERR,ERR,ERR,ERR,ERR,ERR,ERR,ERR,ERR,ERR,ERR,ERR,ERR,ERR,ERR,ERR,ERR,ERR,ERR,ERR,ERR,ERR,ERR,ERR,ERR,ERR,ERR,ERR,ERR,ERR,ERR,ERR,ERR,ERR,ERR,ERR,ERR,ERR,ERR,0.0,0.0,2.7184274988523002e+23,2.7183478752108883e+23,3.5927783683129344e+16,1.0312122132254607e+37,-0.0,6.783993017776708e+30,0,0,4,17344,7116,0.0,100,0.0,0.0,2.7183478752108883e+23,0.0,0.0,0,0,0,0,0.0,0,0,0,0,0,0,0,0,0,0,0,0,0,0,0,0,0,0,0,0,0,0,0,0,0,0,0,0,0,0,0,0,0,31,40,40,71,65476,0,300,0,0,8,21553,0.0,-107605600.0,0.0,0.0,0.0,0.0,0.0,0.0,0.0,0.0,0.0,0.0,0.0,0.0,0.0,0.0,0.0,0.0,0.0,0.0,0.0,0.0,2.004,-0.0,0.0,0.0,0.0,0.0,0.0,0.0,5342.0,-0.0,6933.0,0.0,-107616176.0,2.004,2.004,0.0,0.0,0.0,0.0,69,-4.950406933936077e+32,126840643584.0,0.0,0.0,0.0,0.0,0.0,0.0,0.0,0,0,0,0.0,0.0,0.0,0.0,0.0,0.0,0.0,0.0,0.0,0.0,0.0,0.0,0.0,0.0,0.0,0.0,0,-107875648.0,69,0.0,138,0.0,2.012,ERR,ERR,ERR,ERR,ERR,ERR,ERR,ERR,ERR,ERR,ERR,ERR,ERR,ERR,ERR,ERR,ERR,ERR,ERR,ERR,ERR,ERR,ERR,ERR,ERR,ERR,ERR,ERR,ERR,ERR,ERR,ERR,ERR,ERR,ERR,ERR,ERR,ERR,ERR,ERR,ERR,ERR,ERR,ERR,ERR,ERR,ERR,ERR,ERR,ERR,ERR,ERR,ERR,ERR,ERR,ERR,ERR,ERR,ERR,ERR,ERR,ERR,ERR,ERR,ERR,ERR,ERR,60.0,60.0,35,0.0,0.0,0.0,0.0,0.0,0.0,0.0,0.0,0.0,0.0,0.0,0.0,0.0,0.0,0.0,0.0,64.8,0,109,53,35,65476,0,300,0,0,8,20529,65476,0,0,2621,60.0,0.0,0.0,0.0,0.0,0.0
2026-07-09T15:46:22,ERR,ERR,ERR,ERR,ERR,ERR,ERR,ERR,ERR,ERR,ERR,ERR,ERR,ERR,ERR,ERR,ERR,ERR,ERR,ERR,ERR,ERR,ERR,ERR,ERR,ERR,ERR,ERR,ERR,ERR,ERR,ERR,ERR,ERR,ERR,ERR,ERR,ERR,ERR,ERR,ERR,ERR,ERR,ERR,ERR,ERR,ERR,ERR,ERR,ERR,ERR,ERR,ERR,ERR,ERR,ERR,ERR,ERR,ERR,ERR,ERR,ERR,ERR,ERR,ERR,ERR,ERR,ERR,ERR,ERR,ERR,ERR,ERR,ERR,ERR,ERR,ERR,ERR,ERR,ERR,ERR,ERR,ERR,ERR,ERR,ERR,ERR,ERR,ERR,ERR,ERR,ERR,ERR,ERR,ERR,ERR,ERR,ERR,ERR,ERR,ERR,ERR,ERR,ERR,ERR,ERR,ERR,ERR,ERR,ERR,ERR,ERR,ERR,ERR,ERR,ERR,ERR,ERR,ERR,ERR,ERR,ERR,ERR,ERR,ERR,0.0,0.0,2.7184274988523002e+23,2.7183478752108883e+23,3.5927783683129344e+16,1.0312122132254607e+37,-0.0,6.783993017776708e+30,0,0,4,17344,7116,0.0,100,0.0,0.0,2.7183478752108883e+23,0.0,0.0,0,0,0,0,0.0,0,0,0,0,0,0,0,0,0,0,0,0,0,0,0,0,0,0,0,0,0,0,0,0,0,0,0,0,0,0,0,0,0,31,40,40,71,65476,0,300,0,0,8,21553,0.0,-107605600.0,0.0,0.0,0.0,0.0,0.0,0.0,0.0,0.0,0.0,0.0,0.0,0.0,0.0,0.0,0.0,0.0,0.0,0.0,0.0,0.0,2.004,-0.0,0.0,0.0,0.0,0.0,0.0,0.0,5342.0,-0.0,6933.0,0.0,-107616176.0,2.004,2.004,0.0,0.0,0.0,0.0,69,-4.950406933936077e+32,126840643584.0,0.0,0.0,0.0,0.0,0.0,0.0,0.0,0,0,0,0.0,0.0,0.0,0.0,0.0,0.0,0.0,0.0,0.0,0.0,0.0,0.0,0.0,0.0,0.0,0.0,0,-107875648.0,69,0.0,138,0.0,2.012,ERR,ERR,ERR,ERR,ERR,ERR,ERR,ERR,ERR,ERR,ERR,ERR,ERR,ERR,ERR,ERR,ERR,ERR,ERR,ERR,ERR,ERR,ERR,ERR,ERR,ERR,ERR,ERR,ERR,ERR,ERR,ERR,ERR,ERR,ERR,ERR,ERR,ERR,ERR,ERR,ERR,ERR,ERR,ERR,ERR,ERR,ERR,ERR,ERR,ERR,ERR,ERR,ERR,ERR,ERR,ERR,ERR,ERR,ERR,ERR,ERR,ERR,ERR,ERR,ERR,ERR,ERR,60.0,60.0,35,0.0,0.0,0.0,0.0,0.0,0.0,0.0,0.0,0.0,0.0,0.0,0.0,0.0,0.0,0.0,0.0,64.8,0,109,53,35,65476,0,300,0,0,8,20529,65476,0,0,2621,60.0,0.0,0.0,0.0,0.0,0.0
2026-07-09T15:46:23,ERR,ERR,ERR,ERR,ERR,ERR,ERR,ERR,ERR,ERR,ERR,ERR,ERR,ERR,ERR,ERR,ERR,ERR,ERR,ERR,ERR,ERR,ERR,ERR,ERR,ERR,ERR,ERR,ERR,ERR,ERR,ERR,ERR,ERR,ERR,ERR,ERR,ERR,ERR,ERR,ERR,ERR,ERR,ERR,ERR,ERR,ERR,ERR,ERR,ERR,ERR,ERR,ERR,ERR,ERR,ERR,ERR,ERR,ERR,ERR,ERR,ERR,ERR,ERR,ERR,ERR,ERR,ERR,ERR,ERR,ERR,ERR,ERR,ERR,ERR,ERR,ERR,ERR,ERR,ERR,ERR,ERR,ERR,ERR,ERR,ERR,ERR,ERR,ERR,ERR,ERR,ERR,ERR,ERR,ERR,ERR,ERR,ERR,ERR,ERR,ERR,ERR,ERR,ERR,ERR,ERR,ERR,ERR,ERR,ERR,ERR,ERR,ERR,ERR,ERR,ERR,ERR,ERR,ERR,ERR,ERR,ERR,ERR,ERR,ERR,0.0,0.0,2.7184274988523002e+23,2.7183478752108883e+23,3.5927783683129344e+16,1.0312122132254607e+37,-0.0,6.783993017776708e+30,0,0,4,17344,7116,0.0,100,0.0,0.0,2.7183478752108883e+23,0.0,0.0,0,0,0,0,0.0,0,0,0,0,0,0,0,0,0,0,0,0,0,0,0,0,0,0,0,0,0,0,0,0,0,0,0,0,0,0,0,0,0,31,40,40,71,65476,0,300,0,0,8,21553,0.0,-107605600.0,0.0,0.0,0.0,0.0,0.0,0.0,0.0,0.0,0.0,0.0,0.0,0.0,0.0,0.0,0.0,0.0,0.0,0.0,0.0,0.0,2.004,-0.0,0.0,0.0,0.0,0.0,0.0,0.0,5342.0,-0.0,6933.0,0.0,-107616176.0,2.004,2.004,0.0,0.0,0.0,0.0,69,-4.950406933936077e+32,126840643584.0,0.0,0.0,0.0,0.0,0.0,0.0,0.0,0,0,0,0.0,0.0,0.0,0.0,0.0,0.0,0.0,0.0,0.0,0.0,0.0,0.0,0.0,0.0,0.0,0.0,0,-107875648.0,69,0.0,138,0.0,2.012,ERR,ERR,ERR,ERR,ERR,ERR,ERR,ERR,ERR,ERR,ERR,ERR,ERR,ERR,ERR,ERR,ERR,ERR,ERR,ERR,ERR,ERR,ERR,ERR,ERR,ERR,ERR,ERR,ERR,ERR,ERR,ERR,ERR,ERR,ERR,ERR,ERR,ERR,ERR,ERR,ERR,ERR,ERR,ERR,ERR,ERR,ERR,ERR,ERR,ERR,ERR,ERR,ERR,ERR,ERR,ERR,ERR,ERR,ERR,ERR,ERR,ERR,ERR,ERR,ERR,ERR,ERR,60.0,60.0,35,0.0,0.0,0.0,0.0,0.0,0.0,0.0,0.0,0.0,0.0,0.0,0.0,0.0,0.0,0.0,0.0,64.8,0,109,53,35,65476,0,300,0,0,8,20529,65476,0,0,2621,60.0,0.0,0.0,0.0,0.0,0.0
2026-07-09T15:46:24,ERR,ERR,ERR,ERR,ERR,ERR,ERR,ERR,ERR,ERR,ERR,ERR,ERR,ERR,ERR,ERR,ERR,ERR,ERR,ERR,ERR,ERR,ERR,ERR,ERR,ERR,ERR,ERR,ERR,ERR,ERR,ERR,ERR,ERR,ERR,ERR,ERR,ERR,ERR,ERR,ERR,ERR,ERR,ERR,ERR,ERR,ERR,ERR,ERR,ERR,ERR,ERR,ERR,ERR,ERR,ERR,ERR,ERR,ERR,ERR,ERR,ERR,ERR,ERR,ERR,ERR,ERR,ERR,ERR,ERR,ERR,ERR,ERR,ERR,ERR,ERR,ERR,ERR,ERR,ERR,ERR,ERR,ERR,ERR,ERR,ERR,ERR,ERR,ERR,ERR,ERR,ERR,ERR,ERR,ERR,ERR,ERR,ERR,ERR,ERR,ERR,ERR,ERR,ERR,ERR,ERR,ERR,ERR,ERR,ERR,ERR,ERR,ERR,ERR,ERR,ERR,ERR,ERR,ERR,ERR,ERR,ERR,ERR,ERR,ERR,0.0,0.0,2.7184274988523002e+23,2.7183478752108883e+23,3.5927783683129344e+16,1.0312122132254607e+37,-0.0,6.783993017776708e+30,0,0,4,17344,7116,0.0,100,0.0,0.0,2.7183478752108883e+23,0.0,0.0,0,0,0,0,0.0,0,0,0,0,0,0,0,0,0,0,0,0,0,0,0,0,0,0,0,0,0,0,0,0,0,0,0,0,0,0,0,0,0,31,40,40,71,65476,0,300,0,0,8,21553,0.0,-107605600.0,0.0,0.0,0.0,0.0,0.0,0.0,0.0,0.0,0.0,0.0,0.0,0.0,0.0,0.0,0.0,0.0,0.0,0.0,0.0,0.0,2.004,-0.0,0.0,0.0,0.0,0.0,0.0,0.0,5342.0,-0.0,6933.0,0.0,-107616176.0,2.004,2.004,0.0,0.0,0.0,0.0,69,-4.950406933936077e+32,126840643584.0,0.0,0.0,0.0,0.0,0.0,0.0,0.0,0,0,0,0.0,0.0,0.0,0.0,0.0,0.0,0.0,0.0,0.0,0.0,0.0,0.0,0.0,0.0,0.0,0.0,0,-107875648.0,69,0.0,138,0.0,2.012,ERR,ERR,ERR,ERR,ERR,ERR,ERR,ERR,ERR,ERR,ERR,ERR,ERR,ERR,ERR,ERR,ERR,ERR,ERR,ERR,ERR,ERR,ERR,ERR,ERR,ERR,ERR,ERR,ERR,ERR,ERR,ERR,ERR,ERR,ERR,ERR,ERR,ERR,ERR,ERR,ERR,ERR,ERR,ERR,ERR,ERR,ERR,ERR,ERR,ERR,ERR,ERR,ERR,ERR,ERR,ERR,ERR,ERR,ERR,ERR,ERR,ERR,ERR,ERR,ERR,ERR,ERR,60.0,60.0,35,0.0,0.0,0.0,0.0,0.0,0.0,0.0,0.0,0.0,0.0,0.0,0.0,0.0,0.0,0.0,0.0,64.8,0,109,53,35,65476,0,300,0,0,8,20529,65476,0,0,2621,60.0,0.0,0.0,0.0,0.0,0.0
2026-07-09T15:46:25,ERR,ERR,ERR,ERR,ERR,ERR,ERR,ERR,ERR,ERR,ERR,ERR,ERR,ERR,ERR,ERR,ERR,ERR,ERR,ERR,ERR,ERR,ERR,ERR,ERR,ERR,ERR,ERR,ERR,ERR,ERR,ERR,ERR,ERR,ERR,ERR,ERR,ERR,ERR,ERR,ERR,ERR,ERR,ERR,ERR,ERR,ERR,ERR,ERR,ERR,ERR,ERR,ERR,ERR,ERR,ERR,ERR,ERR,ERR,ERR,ERR,ERR,ERR,ERR,ERR,ERR,ERR,ERR,ERR,ERR,ERR,ERR,ERR,ERR,ERR,ERR,ERR,ERR,ERR,ERR,ERR,ERR,ERR,ERR,ERR,ERR,ERR,ERR,ERR,ERR,ERR,ERR,ERR,ERR,ERR,ERR,ERR,ERR,ERR,ERR,ERR,ERR,ERR,ERR,ERR,ERR,ERR,ERR,ERR,ERR,ERR,ERR,ERR,ERR,ERR,ERR,ERR,ERR,ERR,ERR,ERR,ERR,ERR,ERR,ERR,0.0,-0.0,0.0,0.0,0.0,9.25510283457958e+37,-0.0,-0.002,0,0,4,17342,7116,0.0,100,0.0,0.0,0.0,0.0,0.0,0,0,0,0,0.0,0,0,0,0,0,0,0,0,0,0,0,0,0,0,0,0,0,0,0,0,0,0,0,0,0,0,0,0,0,0,0,0,0,31,40,40,71,65476,0,300,0,0,8,21553,0.0,-107605600.0,0.0,0.0,0.0,0.0,0.0,0.0,0.0,0.0,0.0,0.0,0.0,0.0,0.0,0.0,0.0,0.0,0.0,0.0,0.0,0.0,-0.0,2.004,0.0,0.0,0.0,0.0,0.0,0.0,5335.0,-0.0,6935.0,-107615088.0,0.0,2.004,2.004,0.0,0.0,0.0,0.0,69,-0.0,2.718419752660941e+23,0.0,0.0,0.0,0.0,0.0,0.0,0.0,0,0,0,0.0,0.0,0.0,0.0,0.0,0.0,0.0,0.0,0.0,0.0,0.0,0.0,0.0,0.0,0.0,0.0,0,-107875648.0,69,0.0,138,0.0,2.012,ERR,ERR,ERR,ERR,ERR,ERR,ERR,ERR,ERR,ERR,ERR,ERR,ERR,ERR,ERR,ERR,ERR,ERR,ERR,ERR,ERR,ERR,ERR,ERR,ERR,ERR,ERR,ERR,ERR,ERR,ERR,ERR,ERR,ERR,ERR,ERR,ERR,ERR,ERR,ERR,ERR,ERR,ERR,ERR,ERR,ERR,ERR,ERR,ERR,ERR,ERR,ERR,ERR,ERR,ERR,ERR,ERR,ERR,ERR,ERR,ERR,ERR,ERR,ERR,ERR,ERR,ERR,60.0,60.0,35,0.0,0.0,0.0,0.0,0.0,0.0,0.0,0.0,0.0,0.0,0.0,0.0,0.0,0.0,0.0,0.0,64.8,0,109,53,35,65476,0,300,0,0,8,20529,65476,0,0,2621,60.0,0.0,0.0,0.0,0.0,0.0
2026-07-09T15:46:26,ERR,ERR,ERR,ERR,ERR,ERR,ERR,ERR,ERR,ERR,ERR,ERR,ERR,ERR,ERR,ERR,ERR,ERR,ERR,ERR,ERR,ERR,ERR,ERR,ERR,ERR,ERR,ERR,ERR,ERR,ERR,ERR,ERR,ERR,ERR,ERR,ERR,ERR,ERR,ERR,ERR,ERR,ERR,ERR,ERR,ERR,ERR,ERR,ERR,ERR,ERR,ERR,ERR,ERR,ERR,ERR,ERR,ERR,ERR,ERR,ERR,ERR,ERR,ERR,ERR,ERR,ERR,ERR,ERR,ERR,ERR,ERR,ERR,ERR,ERR,ERR,ERR,ERR,ERR,ERR,ERR,ERR,ERR,ERR,ERR,ERR,ERR,ERR,ERR,ERR,ERR,ERR,ERR,ERR,ERR,ERR,ERR,ERR,ERR,ERR,ERR,ERR,ERR,ERR,ERR,ERR,ERR,ERR,ERR,ERR,ERR,ERR,ERR,ERR,ERR,ERR,ERR,ERR,ERR,ERR,ERR,ERR,ERR,ERR,ERR,0.0,-0.0,0.0,0.0,0.0,9.25510283457958e+37,-0.0,-0.002,0,0,4,17342,7116,0.0,100,0.0,0.0,0.0,0.0,0.0,0,0,0,0,0.0,0,0,0,0,0,0,0,0,0,0,0,0,0,0,0,0,0,0,0,0,0,0,0,0,0,0,0,0,0,0,0,0,0,31,40,40,71,65476,0,300,0,0,8,21553,0.0,-107605600.0,0.0,0.0,0.0,0.0,0.0,0.0,0.0,0.0,0.0,0.0,0.0,0.0,0.0,0.0,0.0,0.0,0.0,0.0,0.0,0.0,-0.0,2.004,0.0,0.0,0.0,0.0,0.0,0.0,5335.0,-0.0,6935.0,-107615088.0,0.0,2.004,2.004,0.0,0.0,0.0,0.0,69,-0.0,2.718419752660941e+23,0.0,0.0,0.0,0.0,0.0,0.0,0.0,0,0,0,0.0,0.0,0.0,0.0,0.0,0.0,0.0,0.0,0.0,0.0,0.0,0.0,0.0,0.0,0.0,0.0,0,-107875648.0,69,0.0,138,0.0,2.012,ERR,ERR,ERR,ERR,ERR,ERR,ERR,ERR,ERR,ERR,ERR,ERR,ERR,ERR,ERR,ERR,ERR,ERR,ERR,ERR,ERR,ERR,ERR,ERR,ERR,ERR,ERR,ERR,ERR,ERR,ERR,ERR,ERR,ERR,ERR,ERR,ERR,ERR,ERR,ERR,ERR,ERR,ERR,ERR,ERR,ERR,ERR,ERR,ERR,ERR,ERR,ERR,ERR,ERR,ERR,ERR,ERR,ERR,ERR,ERR,ERR,ERR,ERR,ERR,ERR,ERR,ERR,60.0,60.0,35,0.0,0.0,0.0,0.0,0.0,0.0,0.0,0.0,0.0,0.0,0.0,0.0,0.0,0.0,0.0,0.0,65.6,0,109,53,35,65476,0,300,0,0,8,20529,65476,0,0,2621,60.0,0.0,0.0,0.0,0.0,0.0
2026-07-09T15:46:27,ERR,ERR,ERR,ERR,ERR,ERR,ERR,ERR,ERR,ERR,ERR,ERR,ERR,ERR,ERR,ERR,ERR,ERR,ERR,ERR,ERR,ERR,ERR,ERR,ERR,ERR,ERR,ERR,ERR,ERR,ERR,ERR,ERR,ERR,ERR,ERR,ERR,ERR,ERR,ERR,ERR,ERR,ERR,ERR,ERR,ERR,ERR,ERR,ERR,ERR,ERR,ERR,ERR,ERR,ERR,ERR,ERR,ERR,ERR,ERR,ERR,ERR,ERR,ERR,ERR,ERR,ERR,ERR,ERR,ERR,ERR,ERR,ERR,ERR,ERR,ERR,ERR,ERR,ERR,ERR,ERR,ERR,ERR,ERR,ERR,ERR,ERR,ERR,ERR,ERR,ERR,ERR,ERR,ERR,ERR,ERR,ERR,ERR,ERR,ERR,ERR,ERR,ERR,ERR,ERR,ERR,ERR,ERR,ERR,ERR,ERR,ERR,ERR,ERR,ERR,ERR,ERR,ERR,ERR,ERR,ERR,ERR,ERR,ERR,ERR,0.0,-0.0,0.0,0.0,0.0,9.25510283457958e+37,-0.0,-0.002,0,0,4,17342,7116,0.0,100,0.0,0.0,0.0,0.0,0.0,0,0,0,0,0.0,0,0,0,0,0,0,0,0,0,0,0,0,0,0,0,0,0,0,0,0,0,0,0,0,0,0,0,0,0,0,0,0,0,31,40,40,71,65476,0,300,0,0,8,21553,0.0,-107605600.0,0.0,0.0,0.0,0.0,0.0,0.0,0.0,0.0,0.0,0.0,0.0,0.0,0.0,0.0,0.0,0.0,0.0,0.0,0.0,0.0,-0.0,2.004,0.0,0.0,0.0,0.0,0.0,0.0,5335.0,-0.0,6935.0,-107615088.0,0.0,2.004,2.004,0.0,0.0,0.0,0.0,69,-0.0,2.718419752660941e+23,0.0,0.0,0.0,0.0,0.0,0.0,0.0,0,0,0,0.0,0.0,0.0,0.0,0.0,0.0,0.0,0.0,0.0,0.0,0.0,0.0,0.0,0.0,0.0,0.0,0,-107875648.0,69,0.0,138,0.0,2.012,ERR,ERR,ERR,ERR,ERR,ERR,ERR,ERR,ERR,ERR,ERR,ERR,ERR,ERR,ERR,ERR,ERR,ERR,ERR,ERR,ERR,ERR,ERR,ERR,ERR,ERR,ERR,ERR,ERR,ERR,ERR,ERR,ERR,ERR,ERR,ERR,ERR,ERR,ERR,ERR,ERR,ERR,ERR,ERR,ERR,ERR,ERR,ERR,ERR,ERR,ERR,ERR,ERR,ERR,ERR,ERR,ERR,ERR,ERR,ERR,ERR,ERR,ERR,ERR,ERR,ERR,ERR,60.0,60.0,35,0.0,0.0,0.0,0.0,0.0,0.0,0.0,0.0,0.0,0.0,0.0,0.0,0.0,0.0,0.0,0.0,65.6,0,109,53,35,65476,0,300,0,0,8,20529,65476,0,0,2621,60.0,0.0,0.0,0.0,0.0,0.0
2026-07-09T15:46:28,ERR,ERR,ERR,ERR,ERR,ERR,ERR,ERR,ERR,ERR,ERR,ERR,ERR,ERR,ERR,ERR,ERR,ERR,ERR,ERR,ERR,ERR,ERR,ERR,ERR,ERR,ERR,ERR,ERR,ERR,ERR,ERR,ERR,ERR,ERR,ERR,ERR,ERR,ERR,ERR,ERR,ERR,ERR,ERR,ERR,ERR,ERR,ERR,ERR,ERR,ERR,ERR,ERR,ERR,ERR,ERR,ERR,ERR,ERR,ERR,ERR,ERR,ERR,ERR,ERR,ERR,ERR,ERR,ERR,ERR,ERR,ERR,ERR,ERR,ERR,ERR,ERR,ERR,ERR,ERR,ERR,ERR,ERR,ERR,ERR,ERR,ERR,ERR,ERR,ERR,ERR,ERR,ERR,ERR,ERR,ERR,ERR,ERR,ERR,ERR,ERR,ERR,ERR,ERR,ERR,ERR,ERR,ERR,ERR,ERR,ERR,ERR,ERR,ERR,ERR,ERR,ERR,ERR,ERR,ERR,ERR,ERR,ERR,ERR,ERR,0.0,-0.0,0.0,0.0,0.0,9.25510283457958e+37,-0.0,-0.002,0,0,4,17342,7116,0.0,100,0.0,0.0,0.0,0.0,0.0,0,0,0,0,0.0,0,0,0,0,0,0,0,0,0,0,0,0,0,0,0,0,0,0,0,0,0,0,0,0,0,0,0,0,0,0,0,0,0,31,40,40,71,65476,0,300,0,0,8,21553,0.0,-107605600.0,0.0,0.0,0.0,0.0,0.0,0.0,0.0,0.0,0.0,0.0,0.0,0.0,0.0,0.0,0.0,0.0,0.0,0.0,0.0,0.0,-0.0,2.004,0.0,0.0,0.0,0.0,0.0,0.0,5335.0,-0.0,6935.0,-107615088.0,0.0,2.004,2.004,0.0,0.0,0.0,0.0,69,-0.0,2.718419752660941e+23,0.0,0.0,0.0,0.0,0.0,0.0,0.0,0,0,0,0.0,0.0,0.0,0.0,0.0,0.0,0.0,0.0,0.0,0.0,0.0,0.0,0.0,0.0,0.0,0.0,0,-107875648.0,69,0.0,138,0.0,2.012,ERR,ERR,ERR,ERR,ERR,ERR,ERR,ERR,ERR,ERR,ERR,ERR,ERR,ERR,ERR,ERR,ERR,ERR,ERR,ERR,ERR,ERR,ERR,ERR,ERR,ERR,ERR,ERR,ERR,ERR,ERR,ERR,ERR,ERR,ERR,ERR,ERR,ERR,ERR,ERR,ERR,ERR,ERR,ERR,ERR,ERR,ERR,ERR,ERR,ERR,ERR,ERR,ERR,ERR,ERR,ERR,ERR,ERR,ERR,ERR,ERR,ERR,ERR,ERR,ERR,ERR,ERR,60.0,60.0,35,0.0,0.0,0.0,0.0,0.0,0.0,0.0,0.0,0.0,0.0,0.0,0.0,0.0,0.0,0.0,0.0,65.2,0,109,53,34,65476,0,300,0,0,8,20529,65476,0,0,2621,60.0,0.0,0.0,0.0,0.0,0.0
2026-07-09T15:46:29,ERR,ERR,ERR,ERR,ERR,ERR,ERR,ERR,ERR,ERR,ERR,ERR,ERR,ERR,ERR,ERR,ERR,ERR,ERR,ERR,ERR,ERR,ERR,ERR,ERR,ERR,ERR,ERR,ERR,ERR,ERR,ERR,ERR,ERR,ERR,ERR,ERR,ERR,ERR,ERR,ERR,ERR,ERR,ERR,ERR,ERR,ERR,ERR,ERR,ERR,ERR,ERR,ERR,ERR,ERR,ERR,ERR,ERR,ERR,ERR,ERR,ERR,ERR,ERR,ERR,ERR,ERR,ERR,ERR,ERR,ERR,ERR,ERR,ERR,ERR,ERR,ERR,ERR,ERR,ERR,ERR,ERR,ERR,ERR,ERR,ERR,ERR,ERR,ERR,ERR,ERR,ERR,ERR,ERR,ERR,ERR,ERR,ERR,ERR,ERR,ERR,ERR,ERR,ERR,ERR,ERR,ERR,ERR,ERR,ERR,ERR,ERR,ERR,ERR,ERR,ERR,ERR,ERR,ERR,ERR,ERR,ERR,ERR,ERR,ERR,0.0,-0.0,0.0,0.0,0.0,9.25510283457958e+37,-0.0,-0.002,0,0,4,17342,7116,0.0,100,0.0,0.0,0.0,0.0,0.0,0,0,0,0,0.0,0,0,0,0,0,0,0,0,0,0,0,0,0,0,0,0,0,0,0,0,0,0,0,0,0,0,0,0,0,0,0,0,0,31,40,40,71,65476,0,300,0,0,8,21553,0.0,-107605600.0,0.0,0.0,0.0,0.0,0.0,0.0,0.0,0.0,0.0,0.0,0.0,0.0,0.0,0.0,0.0,0.0,0.0,0.0,0.0,0.0,-0.0,2.004,0.0,0.0,0.0,0.0,0.0,0.0,5335.0,-0.0,6935.0,-107615088.0,0.0,2.004,2.004,0.0,0.0,0.0,0.0,69,-0.0,2.718419752660941e+23,0.0,0.0,0.0,0.0,0.0,0.0,0.0,0,0,0,0.0,0.0,0.0,0.0,0.0,0.0,0.0,0.0,0.0,0.0,0.0,0.0,0.0,0.0,0.0,0.0,0,-107875648.0,69,0.0,138,0.0,2.012,ERR,ERR,ERR,ERR,ERR,ERR,ERR,ERR,ERR,ERR,ERR,ERR,ERR,ERR,ERR,ERR,ERR,ERR,ERR,ERR,ERR,ERR,ERR,ERR,ERR,ERR,ERR,ERR,ERR,ERR,ERR,ERR,ERR,ERR,ERR,ERR,ERR,ERR,ERR,ERR,ERR,ERR,ERR,ERR,ERR,ERR,ERR,ERR,ERR,ERR,ERR,ERR,ERR,ERR,ERR,ERR,ERR,ERR,ERR,ERR,ERR,ERR,ERR,ERR,ERR,ERR,ERR,60.0,60.0,35,0.0,0.0,0.0,0.0,0.0,0.0,0.0,0.0,0.0,0.0,0.0,0.0,0.0,0.0,0.0,0.0,65.2,0,109,53,34,65476,0,300,0,0,8,20529,65476,0,0,2621,60.0,0.0,0.0,0.0,0.0,0.0
2026-07-09T15:46:30,ERR,ERR,ERR,ERR,ERR,ERR,ERR,ERR,ERR,ERR,ERR,ERR,ERR,ERR,ERR,ERR,ERR,ERR,ERR,ERR,ERR,ERR,ERR,ERR,ERR,ERR,ERR,ERR,ERR,ERR,ERR,ERR,ERR,ERR,ERR,ERR,ERR,ERR,ERR,ERR,ERR,ERR,ERR,ERR,ERR,ERR,ERR,ERR,ERR,ERR,ERR,ERR,ERR,ERR,ERR,ERR,ERR,ERR,ERR,ERR,ERR,ERR,ERR,ERR,ERR,ERR,ERR,ERR,ERR,ERR,ERR,ERR,ERR,ERR,ERR,ERR,ERR,ERR,ERR,ERR,ERR,ERR,ERR,ERR,ERR,ERR,ERR,ERR,ERR,ERR,ERR,ERR,ERR,ERR,ERR,ERR,ERR,ERR,ERR,ERR,ERR,ERR,ERR,ERR,ERR,ERR,ERR,ERR,ERR,ERR,ERR,ERR,ERR,ERR,ERR,ERR,ERR,ERR,ERR,ERR,ERR,ERR,ERR,ERR,ERR,-107615088.0,0.0,-0.0,2.7183478752108883e+23,1.1554624759786373e+18,-0.0,-0.0,4.645988967438032e+32,0,0,4,17334,7116,0.0,100,0.0,0.0,2.7183478752108883e+23,0.0,0.0,0,0,0,0,0.0,0,0,0,0,0,0,0,0,0,0,0,0,0,0,0,0,0,0,0,0,0,0,0,0,0,0,0,0,0,0,0,0,0,31,40,40,71,65476,0,300,0,0,8,21553,0.0,-107605600.0,0.0,0.0,0.0,0.0,0.0,0.0,0.0,0.0,0.0,0.0,0.0,0.0,0.0,0.0,0.0,0.0,0.0,0.0,0.0,0.0,-0.0,0.0,0.0,0.0,0.0,0.0,0.0,0.0,5327.0,-564146504466432.0,6939.0,0.0,0.0,2.004,2.004,0.0,0.0,0.0,0.0,69,1.9056883279488614e+17,-0.0,0.0,0.0,0.0,0.0,0.0,0.0,0.0,0,0,0,0.0,0.0,0.0,0.0,0.0,0.0,0.0,0.0,0.0,0.0,0.0,0.0,0.0,0.0,0.0,0.0,0,-107875648.0,69,0.0,138,0.0,2.012,ERR,ERR,ERR,ERR,ERR,ERR,ERR,ERR,ERR,ERR,ERR,ERR,ERR,ERR,ERR,ERR,ERR,ERR,ERR,ERR,ERR,ERR,ERR,ERR,ERR,ERR,ERR,ERR,ERR,ERR,ERR,ERR,ERR,ERR,ERR,ERR,ERR,ERR,ERR,ERR,ERR,ERR,ERR,ERR,ERR,ERR,ERR,ERR,ERR,ERR,ERR,ERR,ERR,ERR,ERR,ERR,ERR,ERR,ERR,ERR,ERR,ERR,ERR,ERR,ERR,ERR,ERR,60.0,60.0,35,0.0,0.0,0.0,0.0,0.0,0.0,0.0,0.0,0.0,0.0,0.0,0.0,0.0,0.0,0.0,0.0,64.8,0,109,53,34,65476,0,300,0,0,8,20529,65476,0,0,2621,60.0,0.0,0.0,0.0,0.0,0.0
2026-07-09T15:46:31,ERR,ERR,ERR,ERR,ERR,ERR,ERR,ERR,ERR,ERR,ERR,ERR,ERR,ERR,ERR,ERR,ERR,ERR,ERR,ERR,ERR,ERR,ERR,ERR,ERR,ERR,ERR,ERR,ERR,ERR,ERR,ERR,ERR,ERR,ERR,ERR,ERR,ERR,ERR,ERR,ERR,ERR,ERR,ERR,ERR,ERR,ERR,ERR,ERR,ERR,ERR,ERR,ERR,ERR,ERR,ERR,ERR,ERR,ERR,ERR,ERR,ERR,ERR,ERR,ERR,ERR,ERR,ERR,ERR,ERR,ERR,ERR,ERR,ERR,ERR,ERR,ERR,ERR,ERR,ERR,ERR,ERR,ERR,ERR,ERR,ERR,ERR,ERR,ERR,ERR,ERR,ERR,ERR,ERR,ERR,ERR,ERR,ERR,ERR,ERR,ERR,ERR,ERR,ERR,ERR,ERR,ERR,ERR,ERR,ERR,ERR,ERR,ERR,ERR,ERR,ERR,ERR,ERR,ERR,ERR,ERR,ERR,ERR,ERR,ERR,-107615088.0,0.0,-0.0,2.7183478752108883e+23,1.1554624759786373e+18,-0.0,-0.0,4.645988967438032e+32,0,0,4,17334,7116,0.0,100,0.0,0.0,2.7183478752108883e+23,0.0,0.0,0,0,0,0,0.0,0,0,0,0,0,0,0,0,0,0,0,0,0,0,0,0,0,0,0,0,0,0,0,0,0,0,0,0,0,0,0,0,0,31,40,40,71,65476,0,300,0,0,8,21553,0.0,-107605600.0,0.0,0.0,0.0,0.0,0.0,0.0,0.0,0.0,0.0,0.0,0.0,0.0,0.0,0.0,0.0,0.0,0.0,0.0,0.0,0.0,-0.0,0.0,0.0,0.0,0.0,0.0,0.0,0.0,5327.0,-564146504466432.0,6939.0,0.0,0.0,2.004,2.004,0.0,0.0,0.0,0.0,69,1.9056883279488614e+17,-0.0,0.0,0.0,0.0,0.0,0.0,0.0,0.0,0,0,0,0.0,0.0,0.0,0.0,0.0,0.0,0.0,0.0,0.0,0.0,0.0,0.0,0.0,0.0,0.0,0.0,0,-107875648.0,69,0.0,138,0.0,2.012,ERR,ERR,ERR,ERR,ERR,ERR,ERR,ERR,ERR,ERR,ERR,ERR,ERR,ERR,ERR,ERR,ERR,ERR,ERR,ERR,ERR,ERR,ERR,ERR,ERR,ERR,ERR,ERR,ERR,ERR,ERR,ERR,ERR,ERR,ERR,ERR,ERR,ERR,ERR,ERR,ERR,ERR,ERR,ERR,ERR,ERR,ERR,ERR,ERR,ERR,ERR,ERR,ERR,ERR,ERR,ERR,ERR,ERR,ERR,ERR,ERR,ERR,ERR,ERR,ERR,ERR,ERR,60.0,60.0,35,0.0,0.0,0.0,0.0,0.0,0.0,0.0,0.0,0.0,0.0,0.0,0.0,0.0,0.0,0.0,0.0,65.2,0,109,53,34,65476,0,300,0,0,8,20529,65476,0,0,2621,60.0,0.0,0.0,0.0,0.0,0.0
2026-07-09T15:46:32,ERR,ERR,ERR,ERR,ERR,ERR,ERR,ERR,ERR,ERR,ERR,ERR,ERR,ERR,ERR,ERR,ERR,ERR,ERR,ERR,ERR,ERR,ERR,ERR,ERR,ERR,ERR,ERR,ERR,ERR,ERR,ERR,ERR,ERR,ERR,ERR,ERR,ERR,ERR,ERR,ERR,ERR,ERR,ERR,ERR,ERR,ERR,ERR,ERR,ERR,ERR,ERR,ERR,ERR,ERR,ERR,ERR,ERR,ERR,ERR,ERR,ERR,ERR,ERR,ERR,ERR,ERR,ERR,ERR,ERR,ERR,ERR,ERR,ERR,ERR,ERR,ERR,ERR,ERR,ERR,ERR,ERR,ERR,ERR,ERR,ERR,ERR,ERR,ERR,ERR,ERR,ERR,ERR,ERR,ERR,ERR,ERR,ERR,ERR,ERR,ERR,ERR,ERR,ERR,ERR,ERR,ERR,ERR,ERR,ERR,ERR,ERR,ERR,ERR,ERR,ERR,ERR,ERR,ERR,ERR,ERR,ERR,ERR,ERR,ERR,-107615088.0,0.0,-0.0,2.7183478752108883e+23,1.1554624759786373e+18,-0.0,-0.0,4.645988967438032e+32,0,0,4,17334,7116,0.0,100,0.0,0.0,2.7183478752108883e+23,0.0,0.0,0,0,0,0,0.0,0,0,0,0,0,0,0,0,0,0,0,0,0,0,0,0,0,0,0,0,0,0,0,0,0,0,0,0,0,0,0,0,0,31,40,40,71,65476,0,300,0,0,8,21553,0.0,-107605600.0,0.0,0.0,0.0,0.0,0.0,0.0,0.0,0.0,0.0,0.0,0.0,0.0,0.0,0.0,0.0,0.0,0.0,0.0,0.0,0.0,-0.0,0.0,0.0,0.0,0.0,0.0,0.0,0.0,5327.0,-564146504466432.0,6939.0,0.0,0.0,2.004,2.004,0.0,0.0,0.0,0.0,69,1.9056883279488614e+17,-0.0,0.0,0.0,0.0,0.0,0.0,0.0,0.0,0,0,0,0.0,0.0,0.0,0.0,0.0,0.0,0.0,0.0,0.0,0.0,0.0,0.0,0.0,0.0,0.0,0.0,0,-107875648.0,69,0.0,138,0.0,2.012,ERR,ERR,ERR,ERR,ERR,ERR,ERR,ERR,ERR,ERR,ERR,ERR,ERR,ERR,ERR,ERR,ERR,ERR,ERR,ERR,ERR,ERR,ERR,ERR,ERR,ERR,ERR,ERR,ERR,ERR,ERR,ERR,ERR,ERR,ERR,ERR,ERR,ERR,ERR,ERR,ERR,ERR,ERR,ERR,ERR,ERR,ERR,ERR,ERR,ERR,ERR,ERR,ERR,ERR,ERR,ERR,ERR,ERR,ERR,ERR,ERR,ERR,ERR,ERR,ERR,ERR,ERR,60.0,60.0,35,0.0,0.0,0.0,0.0,0.0,0.0,0.0,0.0,0.0,0.0,0.0,0.0,0.0,0.0,0.0,0.0,65.2,0,109,53,34,65476,0,300,0,0,8,20529,65476,0,0,2621,60.0,0.0,0.0,0.0,0.0,0.0
2026-07-09T15:46:33,ERR,ERR,ERR,ERR,ERR,ERR,ERR,ERR,ERR,ERR,ERR,ERR,ERR,ERR,ERR,ERR,ERR,ERR,ERR,ERR,ERR,ERR,ERR,ERR,ERR,ERR,ERR,ERR,ERR,ERR,ERR,ERR,ERR,ERR,ERR,ERR,ERR,ERR,ERR,ERR,ERR,ERR,ERR,ERR,ERR,ERR,ERR,ERR,ERR,ERR,ERR,ERR,ERR,ERR,ERR,ERR,ERR,ERR,ERR,ERR,ERR,ERR,ERR,ERR,ERR,ERR,ERR,ERR,ERR,ERR,ERR,ERR,ERR,ERR,ERR,ERR,ERR,ERR,ERR,ERR,ERR,ERR,ERR,ERR,ERR,ERR,ERR,ERR,ERR,ERR,ERR,ERR,ERR,ERR,ERR,ERR,ERR,ERR,ERR,ERR,ERR,ERR,ERR,ERR,ERR,ERR,ERR,ERR,ERR,ERR,ERR,ERR,ERR,ERR,ERR,ERR,ERR,ERR,ERR,ERR,ERR,ERR,ERR,ERR,ERR,-107615088.0,0.0,-0.0,2.7183478752108883e+23,1.1554624759786373e+18,-0.0,-0.0,4.645988967438032e+32,0,0,4,17334,7116,0.0,100,0.0,0.0,2.7183478752108883e+23,0.0,0.0,0,0,0,0,0.0,0,0,0,0,0,0,0,0,0,0,0,0,0,0,0,0,0,0,0,0,0,0,0,0,0,0,0,0,0,0,0,0,0,31,40,40,71,65476,0,300,0,0,8,21553,0.0,-107605600.0,0.0,0.0,0.0,0.0,0.0,0.0,0.0,0.0,0.0,0.0,0.0,0.0,0.0,0.0,0.0,0.0,0.0,0.0,0.0,0.0,-0.0,0.0,0.0,0.0,0.0,0.0,0.0,0.0,5327.0,-564146504466432.0,6939.0,0.0,0.0,2.004,2.004,0.0,0.0,0.0,0.0,69,1.9056883279488614e+17,-0.0,0.0,0.0,0.0,0.0,0.0,0.0,0.0,0,0,0,0.0,0.0,0.0,0.0,0.0,0.0,0.0,0.0,0.0,0.0,0.0,0.0,0.0,0.0,0.0,0.0,0,-107875648.0,69,0.0,138,0.0,2.012,ERR,ERR,ERR,ERR,ERR,ERR,ERR,ERR,ERR,ERR,ERR,ERR,ERR,ERR,ERR,ERR,ERR,ERR,ERR,ERR,ERR,ERR,ERR,ERR,ERR,ERR,ERR,ERR,ERR,ERR,ERR,ERR,ERR,ERR,ERR,ERR,ERR,ERR,ERR,ERR,ERR,ERR,ERR,ERR,ERR,ERR,ERR,ERR,ERR,ERR,ERR,ERR,ERR,ERR,ERR,ERR,ERR,ERR,ERR,ERR,ERR,ERR,ERR,ERR,ERR,ERR,ERR,60.0,60.0,35,0.0,0.0,0.0,0.0,0.0,0.0,0.0,0.0,0.0,0.0,0.0,0.0,0.0,0.0,0.0,0.0,64.8,0,109,53,34,65476,0,300,0,0,8,20529,65476,0,0,2621,60.0,0.0,0.0,0.0,0.0,0.0
2026-07-09T15:46:34,ERR,ERR,ERR,ERR,ERR,ERR,ERR,ERR,ERR,ERR,ERR,ERR,ERR,ERR,ERR,ERR,ERR,ERR,ERR,ERR,ERR,ERR,ERR,ERR,ERR,ERR,ERR,ERR,ERR,ERR,ERR,ERR,ERR,ERR,ERR,ERR,ERR,ERR,ERR,ERR,ERR,ERR,ERR,ERR,ERR,ERR,ERR,ERR,ERR,ERR,ERR,ERR,ERR,ERR,ERR,ERR,ERR,ERR,ERR,ERR,ERR,ERR,ERR,ERR,ERR,ERR,ERR,ERR,ERR,ERR,ERR,ERR,ERR,ERR,ERR,ERR,ERR,ERR,ERR,ERR,ERR,ERR,ERR,ERR,ERR,ERR,ERR,ERR,ERR,ERR,ERR,ERR,ERR,ERR,ERR,ERR,ERR,ERR,ERR,ERR,ERR,ERR,ERR,ERR,ERR,ERR,ERR,ERR,ERR,ERR,ERR,ERR,ERR,ERR,ERR,ERR,ERR,ERR,ERR,ERR,ERR,ERR,ERR,ERR,ERR,-107615088.0,0.0,-0.0,2.7183478752108883e+23,1.1554624759786373e+18,-0.0,-0.0,4.645988967438032e+32,0,0,4,17334,7116,0.0,100,0.0,0.0,2.7183478752108883e+23,0.0,0.0,0,0,0,0,0.0,0,0,0,0,0,0,0,0,0,0,0,0,0,0,0,0,0,0,0,0,0,0,0,0,0,0,0,0,0,0,0,0,0,31,40,40,71,65476,0,300,0,0,8,21553,0.0,-107605600.0,0.0,0.0,0.0,0.0,0.0,0.0,0.0,0.0,0.0,0.0,0.0,0.0,0.0,0.0,0.0,0.0,0.0,0.0,0.0,0.0,-0.0,0.0,0.0,0.0,0.0,0.0,0.0,0.0,5327.0,-564146504466432.0,6939.0,0.0,0.0,2.004,2.004,0.0,0.0,0.0,0.0,69,1.9056883279488614e+17,-0.0,0.0,0.0,0.0,0.0,0.0,0.0,0.0,0,0,0,0.0,0.0,0.0,0.0,0.0,0.0,0.0,0.0,0.0,0.0,0.0,0.0,0.0,0.0,0.0,0.0,0,-107875648.0,69,0.0,138,0.0,2.012,ERR,ERR,ERR,ERR,ERR,ERR,ERR,ERR,ERR,ERR,ERR,ERR,ERR,ERR,ERR,ERR,ERR,ERR,ERR,ERR,ERR,ERR,ERR,ERR,ERR,ERR,ERR,ERR,ERR,ERR,ERR,ERR,ERR,ERR,ERR,ERR,ERR,ERR,ERR,ERR,ERR,ERR,ERR,ERR,ERR,ERR,ERR,ERR,ERR,ERR,ERR,ERR,ERR,ERR,ERR,ERR,ERR,ERR,ERR,ERR,ERR,ERR,ERR,ERR,ERR,ERR,ERR,60.0,60.0,35,0.0,0.0,0.0,0.0,0.0,0.0,0.0,0.0,0.0,0.0,0.0,0.0,0.0,0.0,0.0,0.0,64.8,0,109,53,34,65476,0,300,0,0,8,20529,65476,0,0,2621,60.0,0.0,0.0,0.0,0.0,0.0
2026-07-09T15:46:35,ERR,ERR,ERR,ERR,ERR,ERR,ERR,ERR,ERR,ERR,ERR,ERR,ERR,ERR,ERR,ERR,ERR,ERR,ERR,ERR,ERR,ERR,ERR,ERR,ERR,ERR,ERR,ERR,ERR,ERR,ERR,ERR,ERR,ERR,ERR,ERR,ERR,ERR,ERR,ERR,ERR,ERR,ERR,ERR,ERR,ERR,ERR,ERR,ERR,ERR,ERR,ERR,ERR,ERR,ERR,ERR,ERR,ERR,ERR,ERR,ERR,ERR,ERR,ERR,ERR,ERR,ERR,ERR,ERR,ERR,ERR,ERR,ERR,ERR,ERR,ERR,ERR,ERR,ERR,ERR,ERR,ERR,ERR,ERR,ERR,ERR,ERR,ERR,ERR,ERR,ERR,ERR,ERR,ERR,ERR,ERR,ERR,ERR,ERR,ERR,ERR,ERR,ERR,ERR,ERR,ERR,ERR,ERR,ERR,ERR,ERR,ERR,ERR,ERR,ERR,ERR,ERR,ERR,ERR,ERR,ERR,ERR,ERR,ERR,ERR,-107615088.0,-107616104.0,-107615072.0,0.0,2203867676672.0,-0.0,-5982023168.0,-0.0,0,0,4,17331,7116,0.0,100,0.0,0.0,0.0,0.0,0.0,0,0,0,0,0.0,0,0,0,0,0,0,0,0,0,0,0,0,0,0,0,0,0,0,0,0,0,0,0,0,0,0,0,0,0,0,0,0,0,31,40,40,71,65476,0,300,0,0,8,21553,0.0,-107605600.0,0.0,0.0,0.0,0.0,0.0,0.0,0.0,0.0,0.0,0.0,0.0,0.0,0.0,0.0,0.0,0.0,0.0,0.0,0.0,0.0,-0.0,0.0,0.0,0.0,0.0,0.0,0.0,0.0,5320.0,-1.0406666187970114e+34,6943.0,-107615088.0,-0.0,2.004,2.004,0.0,0.0,0.0,0.0,69,0.0,-0.0,0.0,0.0,0.0,0.0,0.0,0.0,0.0,0,0,0,0.0,0.0,0.0,0.0,0.0,0.0,0.0,0.0,0.0,0.0,0.0,0.0,0.0,0.0,0.0,0.0,0,-107875648.0,69,0.0,138,0.0,2.012,ERR,ERR,ERR,ERR,ERR,ERR,ERR,ERR,ERR,ERR,ERR,ERR,ERR,ERR,ERR,ERR,ERR,ERR,ERR,ERR,ERR,ERR,ERR,ERR,ERR,ERR,ERR,ERR,ERR,ERR,ERR,ERR,ERR,ERR,ERR,ERR,ERR,ERR,ERR,ERR,ERR,ERR,ERR,ERR,ERR,ERR,ERR,ERR,ERR,ERR,ERR,ERR,ERR,ERR,ERR,ERR,ERR,ERR,ERR,ERR,ERR,ERR,ERR,ERR,ERR,ERR,ERR,60.0,60.0,35,0.0,0.0,0.0,0.0,0.0,0.0,0.0,0.0,0.0,0.0,0.0,0.0,0.0,0.0,0.0,0.0,65.6,0,109,53,34,65476,0,300,0,0,8,20529,65476,0,0,2621,60.0,0.0,0.0,0.0,0.0,0.0
2026-07-09T15:46:36,ERR,ERR,ERR,ERR,ERR,ERR,ERR,ERR,ERR,ERR,ERR,ERR,ERR,ERR,ERR,ERR,ERR,ERR,ERR,ERR,ERR,ERR,ERR,ERR,ERR,ERR,ERR,ERR,ERR,ERR,ERR,ERR,ERR,ERR,ERR,ERR,ERR,ERR,ERR,ERR,ERR,ERR,ERR,ERR,ERR,ERR,ERR,ERR,ERR,ERR,ERR,ERR,ERR,ERR,ERR,ERR,ERR,ERR,ERR,ERR,ERR,ERR,ERR,ERR,ERR,ERR,ERR,ERR,ERR,ERR,ERR,ERR,ERR,ERR,ERR,ERR,ERR,ERR,ERR,ERR,ERR,ERR,ERR,ERR,ERR,ERR,ERR,ERR,ERR,ERR,ERR,ERR,ERR,ERR,ERR,ERR,ERR,ERR,ERR,ERR,ERR,ERR,ERR,ERR,ERR,ERR,ERR,ERR,ERR,ERR,ERR,ERR,ERR,ERR,ERR,ERR,ERR,ERR,ERR,ERR,ERR,ERR,ERR,ERR,ERR,-107615088.0,-107616104.0,-107615072.0,0.0,2203867676672.0,-0.0,-5982023168.0,-0.0,0,0,4,17331,7116,0.0,100,0.0,0.0,0.0,0.0,0.0,0,0,0,0,0.0,0,0,0,0,0,0,0,0,0,0,0,0,0,0,0,0,0,0,0,0,0,0,0,0,0,0,0,0,0,0,0,0,0,31,40,40,71,65476,0,300,0,0,8,21553,0.0,-107605600.0,0.0,0.0,0.0,0.0,0.0,0.0,0.0,0.0,0.0,0.0,0.0,0.0,0.0,0.0,0.0,0.0,0.0,0.0,0.0,0.0,-0.0,0.0,0.0,0.0,0.0,0.0,0.0,0.0,5320.0,-1.0406666187970114e+34,6943.0,-107615088.0,-0.0,2.004,2.004,0.0,0.0,0.0,0.0,69,0.0,-0.0,0.0,0.0,0.0,0.0,0.0,0.0,0.0,0,0,0,0.0,0.0,0.0,0.0,0.0,0.0,0.0,0.0,0.0,0.0,0.0,0.0,0.0,0.0,0.0,0.0,0,-107875648.0,69,0.0,138,0.0,2.012,ERR,ERR,ERR,ERR,ERR,ERR,ERR,ERR,ERR,ERR,ERR,ERR,ERR,ERR,ERR,ERR,ERR,ERR,ERR,ERR,ERR,ERR,ERR,ERR,ERR,ERR,ERR,ERR,ERR,ERR,ERR,ERR,ERR,ERR,ERR,ERR,ERR,ERR,ERR,ERR,ERR,ERR,ERR,ERR,ERR,ERR,ERR,ERR,ERR,ERR,ERR,ERR,ERR,ERR,ERR,ERR,ERR,ERR,ERR,ERR,ERR,ERR,ERR,ERR,ERR,ERR,ERR,60.0,60.0,35,0.0,0.0,0.0,0.0,0.0,0.0,0.0,0.0,0.0,0.0,0.0,0.0,0.0,0.0,0.0,0.0,65.2,0,109,53,34,65476,0,300,0,0,8,20529,65476,0,0,2621,60.0,0.0,0.0,0.0,0.0,0.0
2026-07-09T15:46:37,ERR,ERR,ERR,ERR,ERR,ERR,ERR,ERR,ERR,ERR,ERR,ERR,ERR,ERR,ERR,ERR,ERR,ERR,ERR,ERR,ERR,ERR,ERR,ERR,ERR,ERR,ERR,ERR,ERR,ERR,ERR,ERR,ERR,ERR,ERR,ERR,ERR,ERR,ERR,ERR,ERR,ERR,ERR,ERR,ERR,ERR,ERR,ERR,ERR,ERR,ERR,ERR,ERR,ERR,ERR,ERR,ERR,ERR,ERR,ERR,ERR,ERR,ERR,ERR,ERR,ERR,ERR,ERR,ERR,ERR,ERR,ERR,ERR,ERR,ERR,ERR,ERR,ERR,ERR,ERR,ERR,ERR,ERR,ERR,ERR,ERR,ERR,ERR,ERR,ERR,ERR,ERR,ERR,ERR,ERR,ERR,ERR,ERR,ERR,ERR,ERR,ERR,ERR,ERR,ERR,ERR,ERR,ERR,ERR,ERR,ERR,ERR,ERR,ERR,ERR,ERR,ERR,ERR,ERR,ERR,ERR,ERR,ERR,ERR,ERR,-107615088.0,-107616104.0,-107615072.0,0.0,2203867676672.0,-0.0,-5982023168.0,-0.0,0,0,4,17331,7116,0.0,100,0.0,0.0,0.0,0.0,0.0,0,0,0,0,0.0,0,0,0,0,0,0,0,0,0,0,0,0,0,0,0,0,0,0,0,0,0,0,0,0,0,0,0,0,0,0,0,0,0,31,40,40,71,65476,0,300,0,0,8,21553,0.0,-107605600.0,0.0,0.0,0.0,0.0,0.0,0.0,0.0,0.0,0.0,0.0,0.0,0.0,0.0,0.0,0.0,0.0,0.0,0.0,0.0,0.0,-0.0,0.0,0.0,0.0,0.0,0.0,0.0,0.0,5320.0,-1.0406666187970114e+34,6943.0,-107615088.0,-0.0,2.004,2.004,0.0,0.0,0.0,0.0,69,0.0,-0.0,0.0,0.0,0.0,0.0,0.0,0.0,0.0,0,0,0,0.0,0.0,0.0,0.0,0.0,0.0,0.0,0.0,0.0,0.0,0.0,0.0,0.0,0.0,0.0,0.0,0,-107875648.0,69,0.0,138,0.0,2.012,ERR,ERR,ERR,ERR,ERR,ERR,ERR,ERR,ERR,ERR,ERR,ERR,ERR,ERR,ERR,ERR,ERR,ERR,ERR,ERR,ERR,ERR,ERR,ERR,ERR,ERR,ERR,ERR,ERR,ERR,ERR,ERR,ERR,ERR,ERR,ERR,ERR,ERR,ERR,ERR,ERR,ERR,ERR,ERR,ERR,ERR,ERR,ERR,ERR,ERR,ERR,ERR,ERR,ERR,ERR,ERR,ERR,ERR,ERR,ERR,ERR,ERR,ERR,ERR,ERR,ERR,ERR,60.0,60.0,35,0.0,0.0,0.0,0.0,0.0,0.0,0.0,0.0,0.0,0.0,0.0,0.0,0.0,0.0,0.0,0.0,65.2,0,109,53,34,65476,0,300,0,0,8,20529,65476,0,0,2621,60.0,0.0,0.0,0.0,0.0,0.0
2026-07-09T15:46:38,ERR,ERR,ERR,ERR,ERR,ERR,ERR,ERR,ERR,ERR,ERR,ERR,ERR,ERR,ERR,ERR,ERR,ERR,ERR,ERR,ERR,ERR,ERR,ERR,ERR,ERR,ERR,ERR,ERR,ERR,ERR,ERR,ERR,ERR,ERR,ERR,ERR,ERR,ERR,ERR,ERR,ERR,ERR,ERR,ERR,ERR,ERR,ERR,ERR,ERR,ERR,ERR,ERR,ERR,ERR,ERR,ERR,ERR,ERR,ERR,ERR,ERR,ERR,ERR,ERR,ERR,ERR,ERR,ERR,ERR,ERR,ERR,ERR,ERR,ERR,ERR,ERR,ERR,ERR,ERR,ERR,ERR,ERR,ERR,ERR,ERR,ERR,ERR,ERR,ERR,ERR,ERR,ERR,ERR,ERR,ERR,ERR,ERR,ERR,ERR,ERR,ERR,ERR,ERR,ERR,ERR,ERR,ERR,ERR,ERR,ERR,ERR,ERR,ERR,ERR,ERR,ERR,ERR,ERR,ERR,ERR,ERR,ERR,ERR,ERR,-107615088.0,-107616104.0,-107615072.0,0.0,2203867676672.0,-0.0,-5982023168.0,-0.0,0,0,4,17331,7116,0.0,100,0.0,0.0,0.0,0.0,0.0,0,0,0,0,0.0,0,0,0,0,0,0,0,0,0,0,0,0,0,0,0,0,0,0,0,0,0,0,0,0,0,0,0,0,0,0,0,0,0,31,40,40,71,65476,0,300,0,0,8,21553,0.0,-107605600.0,0.0,0.0,0.0,0.0,0.0,0.0,0.0,0.0,0.0,0.0,0.0,0.0,0.0,0.0,0.0,0.0,0.0,0.0,0.0,0.0,-0.0,0.0,0.0,0.0,0.0,0.0,0.0,0.0,5320.0,-1.0406666187970114e+34,6943.0,-107615088.0,-0.0,2.004,2.004,0.0,0.0,0.0,0.0,69,0.0,-0.0,0.0,0.0,0.0,0.0,0.0,0.0,0.0,0,0,0,0.0,0.0,0.0,0.0,0.0,0.0,0.0,0.0,0.0,0.0,0.0,0.0,0.0,0.0,0.0,0.0,0,-107875648.0,69,0.0,138,0.0,2.012,ERR,ERR,ERR,ERR,ERR,ERR,ERR,ERR,ERR,ERR,ERR,ERR,ERR,ERR,ERR,ERR,ERR,ERR,ERR,ERR,ERR,ERR,ERR,ERR,ERR,ERR,ERR,ERR,ERR,ERR,ERR,ERR,ERR,ERR,ERR,ERR,ERR,ERR,ERR,ERR,ERR,ERR,ERR,ERR,ERR,ERR,ERR,ERR,ERR,ERR,ERR,ERR,ERR,ERR,ERR,ERR,ERR,ERR,ERR,ERR,ERR,ERR,ERR,ERR,ERR,ERR,ERR,60.0,60.0,35,0.0,0.0,0.0,0.0,0.0,0.0,0.0,0.0,0.0,0.0,0.0,0.0,0.0,0.0,0.0,0.0,65.2,0,109,53,34,65476,0,300,0,0,8,20529,65476,0,0,2621,60.0,0.0,0.0,0.0,0.0,0.0
2026-07-09T15:46:39,ERR,ERR,ERR,ERR,ERR,ERR,ERR,ERR,ERR,ERR,ERR,ERR,ERR,ERR,ERR,ERR,ERR,ERR,ERR,ERR,ERR,ERR,ERR,ERR,ERR,ERR,ERR,ERR,ERR,ERR,ERR,ERR,ERR,ERR,ERR,ERR,ERR,ERR,ERR,ERR,ERR,ERR,ERR,ERR,ERR,ERR,ERR,ERR,ERR,ERR,ERR,ERR,ERR,ERR,ERR,ERR,ERR,ERR,ERR,ERR,ERR,ERR,ERR,ERR,ERR,ERR,ERR,ERR,ERR,ERR,ERR,ERR,ERR,ERR,ERR,ERR,ERR,ERR,ERR,ERR,ERR,ERR,ERR,ERR,ERR,ERR,ERR,ERR,ERR,ERR,ERR,ERR,ERR,ERR,ERR,ERR,ERR,ERR,ERR,ERR,ERR,ERR,ERR,ERR,ERR,ERR,ERR,ERR,ERR,ERR,ERR,ERR,ERR,ERR,ERR,ERR,ERR,ERR,ERR,ERR,ERR,ERR,ERR,ERR,ERR,-107615088.0,-107616104.0,-107615072.0,0.0,2203867676672.0,-0.0,-5982023168.0,-0.0,0,0,4,17331,7116,0.0,100,0.0,0.0,0.0,0.0,0.0,0,0,0,0,0.0,0,0,0,0,0,0,0,0,0,0,0,0,0,0,0,0,0,0,0,0,0,0,0,0,0,0,0,0,0,0,0,0,0,31,40,40,71,65476,0,300,0,0,8,21553,0.0,-107605600.0,0.0,0.0,0.0,0.0,0.0,0.0,0.0,0.0,0.0,0.0,0.0,0.0,0.0,0.0,0.0,0.0,0.0,0.0,0.0,0.0,-0.0,0.0,0.0,0.0,0.0,0.0,0.0,0.0,5320.0,-1.0406666187970114e+34,6943.0,-107615088.0,-0.0,2.004,2.004,0.0,0.0,0.0,0.0,69,0.0,-0.0,0.0,0.0,0.0,0.0,0.0,0.0,0.0,0,0,0,0.0,0.0,0.0,0.0,0.0,0.0,0.0,0.0,0.0,0.0,0.0,0.0,0.0,0.0,0.0,0.0,0,-107875648.0,69,0.0,138,0.0,2.012,ERR,ERR,ERR,ERR,ERR,ERR,ERR,ERR,ERR,ERR,ERR,ERR,ERR,ERR,ERR,ERR,ERR,ERR,ERR,ERR,ERR,ERR,ERR,ERR,ERR,ERR,ERR,ERR,ERR,ERR,ERR,ERR,ERR,ERR,ERR,ERR,ERR,ERR,ERR,ERR,ERR,ERR,ERR,ERR,ERR,ERR,ERR,ERR,ERR,ERR,ERR,ERR,ERR,ERR,ERR,ERR,ERR,ERR,ERR,ERR,ERR,ERR,ERR,ERR,ERR,ERR,ERR,60.0,60.0,35,0.0,0.0,0.0,0.0,0.0,0.0,0.0,0.0,0.0,0.0,0.0,0.0,0.0,0.0,0.0,0.0,65.2,0,109,53,34,65476,0,300,0,0,8,20529,65476,0,0,2621,60.0,0.0,0.0,0.0,0.0,0.0
2026-07-09T15:46:40,ERR,ERR,ERR,ERR,ERR,ERR,ERR,ERR,ERR,ERR,ERR,ERR,ERR,ERR,ERR,ERR,ERR,ERR,ERR,ERR,ERR,ERR,ERR,ERR,ERR,ERR,ERR,ERR,ERR,ERR,ERR,ERR,ERR,ERR,ERR,ERR,ERR,ERR,ERR,ERR,ERR,ERR,ERR,ERR,ERR,ERR,ERR,ERR,ERR,ERR,ERR,ERR,ERR,ERR,ERR,ERR,ERR,ERR,ERR,ERR,ERR,ERR,ERR,ERR,ERR,ERR,ERR,ERR,ERR,ERR,ERR,ERR,ERR,ERR,ERR,ERR,ERR,ERR,ERR,ERR,ERR,ERR,ERR,ERR,ERR,ERR,ERR,ERR,ERR,ERR,ERR,ERR,ERR,ERR,ERR,ERR,ERR,ERR,ERR,ERR,ERR,ERR,ERR,ERR,ERR,ERR,ERR,ERR,ERR,ERR,ERR,ERR,ERR,ERR,ERR,ERR,ERR,ERR,ERR,ERR,ERR,ERR,ERR,ERR,ERR,-107615088.0,2.7184465941147203e+23,nan,2.7183478752108883e+23,0.0,-0.245,-3.9724644387230686e+20,528319162351616.0,0,0,4,17324,7116,0.0,100,0.0,0.0,0.0,0.0,0.0,0,0,0,0,0.0,0,0,0,0,0,0,0,0,0,0,0,0,0,0,0,0,0,0,0,0,0,0,0,0,0,0,0,0,0,0,0,0,0,31,40,40,71,65476,0,300,0,0,8,21553,0.0,-107605600.0,0.0,0.0,0.0,0.0,0.0,0.0,0.0,0.0,0.0,0.0,0.0,0.0,0.0,0.0,0.0,0.0,0.0,0.0,0.0,0.0,2.004,0.0,0.0,0.0,0.0,0.0,0.0,0.0,5348.0,2.004,6920.0,-107615088.0,-0.0,2.004,2.004,0.0,0.0,0.0,0.0,69,-3.222007563397227e+26,0.0,0.0,0.0,0.0,0.0,0.0,0.0,0.0,0,0,0,0.0,0.0,0.0,0.0,0.0,0.0,0.0,0.0,0.0,0.0,0.0,0.0,0.0,0.0,0.0,0.0,0,-107875648.0,69,0.0,138,0.0,2.012,ERR,ERR,ERR,ERR,ERR,ERR,ERR,ERR,ERR,ERR,ERR,ERR,ERR,ERR,ERR,ERR,ERR,ERR,ERR,ERR,ERR,ERR,ERR,ERR,ERR,ERR,ERR,ERR,ERR,ERR,ERR,ERR,ERR,ERR,ERR,ERR,ERR,ERR,ERR,ERR,ERR,ERR,ERR,ERR,ERR,ERR,ERR,ERR,ERR,ERR,ERR,ERR,ERR,ERR,ERR,ERR,ERR,ERR,ERR,ERR,ERR,ERR,ERR,ERR,ERR,ERR,ERR,60.0,60.0,35,0.0,0.0,0.0,0.0,0.0,0.0,0.0,0.0,0.0,0.0,0.0,0.0,0.0,0.0,0.0,0.0,65.6,0,109,53,34,65476,0,300,0,0,8,20529,65476,0,0,2621,60.0,0.0,0.0,0.0,0.0,0.0
2026-07-09T15:46:41,ERR,ERR,ERR,ERR,ERR,ERR,ERR,ERR,ERR,ERR,ERR,ERR,ERR,ERR,ERR,ERR,ERR,ERR,ERR,ERR,ERR,ERR,ERR,ERR,ERR,ERR,ERR,ERR,ERR,ERR,ERR,ERR,ERR,ERR,ERR,ERR,ERR,ERR,ERR,ERR,ERR,ERR,ERR,ERR,ERR,ERR,ERR,ERR,ERR,ERR,ERR,ERR,ERR,ERR,ERR,ERR,ERR,ERR,ERR,ERR,ERR,ERR,ERR,ERR,ERR,ERR,ERR,ERR,ERR,ERR,ERR,ERR,ERR,ERR,ERR,ERR,ERR,ERR,ERR,ERR,ERR,ERR,ERR,ERR,ERR,ERR,ERR,ERR,ERR,ERR,ERR,ERR,ERR,ERR,ERR,ERR,ERR,ERR,ERR,ERR,ERR,ERR,ERR,ERR,ERR,ERR,ERR,ERR,ERR,ERR,ERR,ERR,ERR,ERR,ERR,ERR,ERR,ERR,ERR,ERR,ERR,ERR,ERR,ERR,ERR,-107615088.0,2.7184465941147203e+23,nan,2.7183478752108883e+23,0.0,-0.245,-3.9724644387230686e+20,528319162351616.0,0,0,4,17324,7116,0.0,100,0.0,0.0,0.0,0.0,0.0,0,0,0,0,0.0,0,0,0,0,0,0,0,0,0,0,0,0,0,0,0,0,0,0,0,0,0,0,0,0,0,0,0,0,0,0,0,0,0,31,40,40,71,65476,0,300,0,0,8,21553,0.0,-107605600.0,0.0,0.0,0.0,0.0,0.0,0.0,0.0,0.0,0.0,0.0,0.0,0.0,0.0,0.0,0.0,0.0,0.0,0.0,0.0,0.0,2.004,0.0,0.0,0.0,0.0,0.0,0.0,0.0,5348.0,2.004,6920.0,-107615088.0,-0.0,2.004,2.004,0.0,0.0,0.0,0.0,69,-3.222007563397227e+26,0.0,0.0,0.0,0.0,0.0,0.0,0.0,0.0,0,0,0,0.0,0.0,0.0,0.0,0.0,0.0,0.0,0.0,0.0,0.0,0.0,0.0,0.0,0.0,0.0,0.0,0,-107875648.0,69,0.0,138,0.0,2.012,ERR,ERR,ERR,ERR,ERR,ERR,ERR,ERR,ERR,ERR,ERR,ERR,ERR,ERR,ERR,ERR,ERR,ERR,ERR,ERR,ERR,ERR,ERR,ERR,ERR,ERR,ERR,ERR,ERR,ERR,ERR,ERR,ERR,ERR,ERR,ERR,ERR,ERR,ERR,ERR,ERR,ERR,ERR,ERR,ERR,ERR,ERR,ERR,ERR,ERR,ERR,ERR,ERR,ERR,ERR,ERR,ERR,ERR,ERR,ERR,ERR,ERR,ERR,ERR,ERR,ERR,ERR,60.0,60.0,35,0.0,0.0,0.0,0.0,0.0,0.0,0.0,0.0,0.0,0.0,0.0,0.0,0.0,0.0,0.0,0.0,65.2,0,109,53,34,65476,0,300,0,0,8,20529,65476,0,0,2621,60.0,0.0,0.0,0.0,0.0,0.0
2026-07-09T15:46:42,ERR,ERR,ERR,ERR,ERR,ERR,ERR,ERR,ERR,ERR,ERR,ERR,ERR,ERR,ERR,ERR,ERR,ERR,ERR,ERR,ERR,ERR,ERR,ERR,ERR,ERR,ERR,ERR,ERR,ERR,ERR,ERR,ERR,ERR,ERR,ERR,ERR,ERR,ERR,ERR,ERR,ERR,ERR,ERR,ERR,ERR,ERR,ERR,ERR,ERR,ERR,ERR,ERR,ERR,ERR,ERR,ERR,ERR,ERR,ERR,ERR,ERR,ERR,ERR,ERR,ERR,ERR,ERR,ERR,ERR,ERR,ERR,ERR,ERR,ERR,ERR,ERR,ERR,ERR,ERR,ERR,ERR,ERR,ERR,ERR,ERR,ERR,ERR,ERR,ERR,ERR,ERR,ERR,ERR,ERR,ERR,ERR,ERR,ERR,ERR,ERR,ERR,ERR,ERR,ERR,ERR,ERR,ERR,ERR,ERR,ERR,ERR,ERR,ERR,ERR,ERR,ERR,ERR,ERR,ERR,ERR,ERR,ERR,ERR,ERR,-107615088.0,2.7184465941147203e+23,nan,2.7183478752108883e+23,0.0,-0.245,-3.9724644387230686e+20,528319162351616.0,0,0,4,17324,7116,0.0,100,0.0,0.0,0.0,0.0,0.0,0,0,0,0,0.0,0,0,0,0,0,0,0,0,0,0,0,0,0,0,0,0,0,0,0,0,0,0,0,0,0,0,0,0,0,0,0,0,0,31,40,40,71,65476,0,300,0,0,8,21553,0.0,-107605600.0,0.0,0.0,0.0,0.0,0.0,0.0,0.0,0.0,0.0,0.0,0.0,0.0,0.0,0.0,0.0,0.0,0.0,0.0,0.0,0.0,2.004,0.0,0.0,0.0,0.0,0.0,0.0,0.0,5348.0,2.004,6920.0,-107615088.0,-0.0,2.004,2.004,0.0,0.0,0.0,0.0,69,-3.222007563397227e+26,0.0,0.0,0.0,0.0,0.0,0.0,0.0,0.0,0,0,0,0.0,0.0,0.0,0.0,0.0,0.0,0.0,0.0,0.0,0.0,0.0,0.0,0.0,0.0,0.0,0.0,0,-107875648.0,69,0.0,138,0.0,2.012,ERR,ERR,ERR,ERR,ERR,ERR,ERR,ERR,ERR,ERR,ERR,ERR,ERR,ERR,ERR,ERR,ERR,ERR,ERR,ERR,ERR,ERR,ERR,ERR,ERR,ERR,ERR,ERR,ERR,ERR,ERR,ERR,ERR,ERR,ERR,ERR,ERR,ERR,ERR,ERR,ERR,ERR,ERR,ERR,ERR,ERR,ERR,ERR,ERR,ERR,ERR,ERR,ERR,ERR,ERR,ERR,ERR,ERR,ERR,ERR,ERR,ERR,ERR,ERR,ERR,ERR,ERR,60.0,60.0,35,0.0,0.0,0.0,0.0,0.0,0.0,0.0,0.0,0.0,0.0,0.0,0.0,0.0,0.0,0.0,0.0,65.2,0,109,53,34,65476,0,300,0,0,8,20529,65476,0,0,2621,60.0,0.0,0.0,0.0,0.0,0.0
2026-07-09T15:46:43,ERR,ERR,ERR,ERR,ERR,ERR,ERR,ERR,ERR,ERR,ERR,ERR,ERR,ERR,ERR,ERR,ERR,ERR,ERR,ERR,ERR,ERR,ERR,ERR,ERR,ERR,ERR,ERR,ERR,ERR,ERR,ERR,ERR,ERR,ERR,ERR,ERR,ERR,ERR,ERR,ERR,ERR,ERR,ERR,ERR,ERR,ERR,ERR,ERR,ERR,ERR,ERR,ERR,ERR,ERR,ERR,ERR,ERR,ERR,ERR,ERR,ERR,ERR,ERR,ERR,ERR,ERR,ERR,ERR,ERR,ERR,ERR,ERR,ERR,ERR,ERR,ERR,ERR,ERR,ERR,ERR,ERR,ERR,ERR,ERR,ERR,ERR,ERR,ERR,ERR,ERR,ERR,ERR,ERR,ERR,ERR,ERR,ERR,ERR,ERR,ERR,ERR,ERR,ERR,ERR,ERR,ERR,ERR,ERR,ERR,ERR,ERR,ERR,ERR,ERR,ERR,ERR,ERR,ERR,ERR,ERR,ERR,ERR,ERR,ERR,-107615088.0,2.7184465941147203e+23,nan,2.7183478752108883e+23,0.0,-0.245,-3.9724644387230686e+20,528319162351616.0,0,0,4,17324,7116,0.0,100,0.0,0.0,0.0,0.0,0.0,0,0,0,0,0.0,0,0,0,0,0,0,0,0,0,0,0,0,0,0,0,0,0,0,0,0,0,0,0,0,0,0,0,0,0,0,0,0,0,31,40,40,71,65476,0,300,0,0,8,21553,0.0,-107605600.0,0.0,0.0,0.0,0.0,0.0,0.0,0.0,0.0,0.0,0.0,0.0,0.0,0.0,0.0,0.0,0.0,0.0,0.0,0.0,0.0,2.004,0.0,0.0,0.0,0.0,0.0,0.0,0.0,5348.0,2.004,6920.0,-107615088.0,-0.0,2.004,2.004,0.0,0.0,0.0,0.0,69,-3.222007563397227e+26,0.0,0.0,0.0,0.0,0.0,0.0,0.0,0.0,0,0,0,0.0,0.0,0.0,0.0,0.0,0.0,0.0,0.0,0.0,0.0,0.0,0.0,0.0,0.0,0.0,0.0,0,-107875648.0,69,0.0,138,0.0,2.012,ERR,ERR,ERR,ERR,ERR,ERR,ERR,ERR,ERR,ERR,ERR,ERR,ERR,ERR,ERR,ERR,ERR,ERR,ERR,ERR,ERR,ERR,ERR,ERR,ERR,ERR,ERR,ERR,ERR,ERR,ERR,ERR,ERR,ERR,ERR,ERR,ERR,ERR,ERR,ERR,ERR,ERR,ERR,ERR,ERR,ERR,ERR,ERR,ERR,ERR,ERR,ERR,ERR,ERR,ERR,ERR,ERR,ERR,ERR,ERR,ERR,ERR,ERR,ERR,ERR,ERR,ERR,60.0,60.0,35,0.0,0.0,0.0,0.0,0.0,0.0,0.0,0.0,0.0,0.0,0.0,0.0,0.0,0.0,0.0,0.0,65.2,0,109,53,34,65476,0,300,0,0,8,20529,65476,0,0,2621,60.0,0.0,0.0,0.0,0.0,0.0
2026-07-09T15:46:44,ERR,ERR,ERR,ERR,ERR,ERR,ERR,ERR,ERR,ERR,ERR,ERR,ERR,ERR,ERR,ERR,ERR,ERR,ERR,ERR,ERR,ERR,ERR,ERR,ERR,ERR,ERR,ERR,ERR,ERR,ERR,ERR,ERR,ERR,ERR,ERR,ERR,ERR,ERR,ERR,ERR,ERR,ERR,ERR,ERR,ERR,ERR,ERR,ERR,ERR,ERR,ERR,ERR,ERR,ERR,ERR,ERR,ERR,ERR,ERR,ERR,ERR,ERR,ERR,ERR,ERR,ERR,ERR,ERR,ERR,ERR,ERR,ERR,ERR,ERR,ERR,ERR,ERR,ERR,ERR,ERR,ERR,ERR,ERR,ERR,ERR,ERR,ERR,ERR,ERR,ERR,ERR,ERR,ERR,ERR,ERR,ERR,ERR,ERR,ERR,ERR,ERR,ERR,ERR,ERR,ERR,ERR,ERR,ERR,ERR,ERR,ERR,ERR,ERR,ERR,ERR,ERR,ERR,ERR,ERR,ERR,ERR,ERR,ERR,ERR,-107615088.0,2.7184465941147203e+23,nan,2.7183478752108883e+23,0.0,-0.245,-3.9724644387230686e+20,528319162351616.0,0,0,4,17324,7116,0.0,100,0.0,0.0,0.0,0.0,0.0,0,0,0,0,0.0,0,0,0,0,0,0,0,0,0,0,0,0,0,0,0,0,0,0,0,0,0,0,0,0,0,0,0,0,0,0,0,0,0,31,40,40,71,65476,0,300,0,0,8,21553,0.0,-107605600.0,0.0,0.0,0.0,0.0,0.0,0.0,0.0,0.0,0.0,0.0,0.0,0.0,0.0,0.0,0.0,0.0,0.0,0.0,0.0,0.0,2.004,0.0,0.0,0.0,0.0,0.0,0.0,0.0,5348.0,2.004,6920.0,-107615088.0,-0.0,2.004,2.004,0.0,0.0,0.0,0.0,69,-3.222007563397227e+26,0.0,0.0,0.0,0.0,0.0,0.0,0.0,0.0,0,0,0,0.0,0.0,0.0,0.0,0.0,0.0,0.0,0.0,0.0,0.0,0.0,0.0,0.0,0.0,0.0,0.0,0,-107875648.0,69,0.0,138,0.0,2.012,ERR,ERR,ERR,ERR,ERR,ERR,ERR,ERR,ERR,ERR,ERR,ERR,ERR,ERR,ERR,ERR,ERR,ERR,ERR,ERR,ERR,ERR,ERR,ERR,ERR,ERR,ERR,ERR,ERR,ERR,ERR,ERR,ERR,ERR,ERR,ERR,ERR,ERR,ERR,ERR,ERR,ERR,ERR,ERR,ERR,ERR,ERR,ERR,ERR,ERR,ERR,ERR,ERR,ERR,ERR,ERR,ERR,ERR,ERR,ERR,ERR,ERR,ERR,ERR,ERR,ERR,ERR,60.0,60.0,35,0.0,0.0,0.0,0.0,0.0,0.0,0.0,0.0,0.0,0.0,0.0,0.0,0.0,0.0,0.0,0.0,65.2,0,109,53,34,65476,0,300,0,0,8,20529,65476,0,0,2621,60.0,0.0,0.0,0.0,0.0,0.0
2026-07-09T15:46:45,ERR,ERR,ERR,ERR,ERR,ERR,ERR,ERR,ERR,ERR,ERR,ERR,ERR,ERR,ERR,ERR,ERR,ERR,ERR,ERR,ERR,ERR,ERR,ERR,ERR,ERR,ERR,ERR,ERR,ERR,ERR,ERR,ERR,ERR,ERR,ERR,ERR,ERR,ERR,ERR,ERR,ERR,ERR,ERR,ERR,ERR,ERR,ERR,ERR,ERR,ERR,ERR,ERR,ERR,ERR,ERR,ERR,ERR,ERR,ERR,ERR,ERR,ERR,ERR,ERR,ERR,ERR,ERR,ERR,ERR,ERR,ERR,ERR,ERR,ERR,ERR,ERR,ERR,ERR,ERR,ERR,ERR,ERR,ERR,ERR,ERR,ERR,ERR,ERR,ERR,ERR,ERR,ERR,ERR,ERR,ERR,ERR,ERR,ERR,ERR,ERR,ERR,ERR,ERR,ERR,ERR,ERR,ERR,ERR,ERR,ERR,ERR,ERR,ERR,ERR,ERR,ERR,ERR,ERR,ERR,ERR,ERR,ERR,ERR,ERR,-107615088.0,-0.0,2.7302276504519513e+23,2.7183478752108883e+23,-17630926733312.0,-24193458176.0,-5.404306048352194e+29,2.0649152725563474e+18,0,0,4,17320,7116,0.0,100,0.0,0.0,2.7183478752108883e+23,0.0,0.0,0,0,0,0,0.0,0,0,0,0,0,0,0,0,0,0,0,0,0,0,0,0,0,0,0,0,0,0,0,0,0,0,0,0,0,0,0,0,0,31,40,40,71,65476,0,300,0,0,8,21553,0.0,-107605600.0,0.0,0.0,0.0,0.0,0.0,0.0,0.0,0.0,0.0,0.0,0.0,0.0,0.0,0.0,0.0,0.0,0.0,0.0,0.0,0.0,2.004,0.0,0.0,0.0,0.0,0.0,0.0,0.0,5375.0,131350.609,6921.0,-107615088.0,-0.0,2.004,2.004,0.0,0.0,0.0,0.0,69,-0.0,0.0,0.0,0.0,0.0,0.0,0.0,0.0,0.0,0,0,0,0.0,0.0,0.0,0.0,0.0,0.0,0.0,0.0,0.0,0.0,0.0,0.0,0.0,0.0,0.0,0.0,0,-107875648.0,69,0.0,138,0.0,2.012,ERR,ERR,ERR,ERR,ERR,ERR,ERR,ERR,ERR,ERR,ERR,ERR,ERR,ERR,ERR,ERR,ERR,ERR,ERR,ERR,ERR,ERR,ERR,ERR,ERR,ERR,ERR,ERR,ERR,ERR,ERR,ERR,ERR,ERR,ERR,ERR,ERR,ERR,ERR,ERR,ERR,ERR,ERR,ERR,ERR,ERR,ERR,ERR,ERR,ERR,ERR,ERR,ERR,ERR,ERR,ERR,ERR,ERR,ERR,ERR,ERR,ERR,ERR,ERR,ERR,ERR,ERR,60.0,60.0,35,0.0,0.0,0.0,0.0,0.0,0.0,0.0,0.0,0.0,0.0,0.0,0.0,0.0,0.0,0.0,0.0,65.2,0,109,53,34,65476,0,300,0,0,8,20529,65476,0,0,2621,60.0,0.0,0.0,0.0,0.0,0.0
2026-07-09T15:46:46,ERR,ERR,ERR,ERR,ERR,ERR,ERR,ERR,ERR,ERR,ERR,ERR,ERR,ERR,ERR,ERR,ERR,ERR,ERR,ERR,ERR,ERR,ERR,ERR,ERR,ERR,ERR,ERR,ERR,ERR,ERR,ERR,ERR,ERR,ERR,ERR,ERR,ERR,ERR,ERR,ERR,ERR,ERR,ERR,ERR,ERR,ERR,ERR,ERR,ERR,ERR,ERR,ERR,ERR,ERR,ERR,ERR,ERR,ERR,ERR,ERR,ERR,ERR,ERR,ERR,ERR,ERR,ERR,ERR,ERR,ERR,ERR,ERR,ERR,ERR,ERR,ERR,ERR,ERR,ERR,ERR,ERR,ERR,ERR,ERR,ERR,ERR,ERR,ERR,ERR,ERR,ERR,ERR,ERR,ERR,ERR,ERR,ERR,ERR,ERR,ERR,ERR,ERR,ERR,ERR,ERR,ERR,ERR,ERR,ERR,ERR,ERR,ERR,ERR,ERR,ERR,ERR,ERR,ERR,ERR,ERR,ERR,ERR,ERR,ERR,-107615088.0,-0.0,2.7302276504519513e+23,2.7183478752108883e+23,-17630926733312.0,-24193458176.0,-5.404306048352194e+29,2.0649152725563474e+18,0,0,4,17320,7116,0.0,100,0.0,0.0,2.7183478752108883e+23,0.0,0.0,0,0,0,0,0.0,0,0,0,0,0,0,0,0,0,0,0,0,0,0,0,0,0,0,0,0,0,0,0,0,0,0,0,0,0,0,0,0,0,31,40,40,71,65476,0,300,0,0,8,21553,0.0,-107605600.0,0.0,0.0,0.0,0.0,0.0,0.0,0.0,0.0,0.0,0.0,0.0,0.0,0.0,0.0,0.0,0.0,0.0,0.0,0.0,0.0,2.004,0.0,0.0,0.0,0.0,0.0,0.0,0.0,5375.0,131350.609,6921.0,-107615088.0,-0.0,2.004,2.004,0.0,0.0,0.0,0.0,69,-0.0,0.0,0.0,0.0,0.0,0.0,0.0,0.0,0.0,0,0,0,0.0,0.0,0.0,0.0,0.0,0.0,0.0,0.0,0.0,0.0,0.0,0.0,0.0,0.0,0.0,0.0,0,-107875648.0,69,0.0,138,0.0,2.012,ERR,ERR,ERR,ERR,ERR,ERR,ERR,ERR,ERR,ERR,ERR,ERR,ERR,ERR,ERR,ERR,ERR,ERR,ERR,ERR,ERR,ERR,ERR,ERR,ERR,ERR,ERR,ERR,ERR,ERR,ERR,ERR,ERR,ERR,ERR,ERR,ERR,ERR,ERR,ERR,ERR,ERR,ERR,ERR,ERR,ERR,ERR,ERR,ERR,ERR,ERR,ERR,ERR,ERR,ERR,ERR,ERR,ERR,ERR,ERR,ERR,ERR,ERR,ERR,ERR,ERR,ERR,60.0,60.0,35,0.0,0.0,0.0,0.0,0.0,0.0,0.0,0.0,0.0,0.0,0.0,0.0,0.0,0.0,0.0,0.0,65.2,0,109,53,34,65476,0,300,0,0,8,20529,65476,0,0,2621,60.0,0.0,0.0,0.0,0.0,0.0
2026-07-09T15:46:47,ERR,ERR,ERR,ERR,ERR,ERR,ERR,ERR,ERR,ERR,ERR,ERR,ERR,ERR,ERR,ERR,ERR,ERR,ERR,ERR,ERR,ERR,ERR,ERR,ERR,ERR,ERR,ERR,ERR,ERR,ERR,ERR,ERR,ERR,ERR,ERR,ERR,ERR,ERR,ERR,ERR,ERR,ERR,ERR,ERR,ERR,ERR,ERR,ERR,ERR,ERR,ERR,ERR,ERR,ERR,ERR,ERR,ERR,ERR,ERR,ERR,ERR,ERR,ERR,ERR,ERR,ERR,ERR,ERR,ERR,ERR,ERR,ERR,ERR,ERR,ERR,ERR,ERR,ERR,ERR,ERR,ERR,ERR,ERR,ERR,ERR,ERR,ERR,ERR,ERR,ERR,ERR,ERR,ERR,ERR,ERR,ERR,ERR,ERR,ERR,ERR,ERR,ERR,ERR,ERR,ERR,ERR,ERR,ERR,ERR,ERR,ERR,ERR,ERR,ERR,ERR,ERR,ERR,ERR,ERR,ERR,ERR,ERR,ERR,ERR,-107615088.0,-0.0,2.7302276504519513e+23,2.7183478752108883e+23,-17630926733312.0,-24193458176.0,-5.404306048352194e+29,2.0649152725563474e+18,0,0,4,17320,7116,0.0,100,0.0,0.0,2.7183478752108883e+23,0.0,0.0,0,0,0,0,0.0,0,0,0,0,0,0,0,0,0,0,0,0,0,0,0,0,0,0,0,0,0,0,0,0,0,0,0,0,0,0,0,0,0,31,40,40,71,65476,0,300,0,0,8,21553,0.0,-107605600.0,0.0,0.0,0.0,0.0,0.0,0.0,0.0,0.0,0.0,0.0,0.0,0.0,0.0,0.0,0.0,0.0,0.0,0.0,0.0,0.0,2.004,0.0,0.0,0.0,0.0,0.0,0.0,0.0,5375.0,131350.609,6921.0,-107615088.0,-0.0,2.004,2.004,0.0,0.0,0.0,0.0,69,-0.0,0.0,0.0,0.0,0.0,0.0,0.0,0.0,0.0,0,0,0,0.0,0.0,0.0,0.0,0.0,0.0,0.0,0.0,0.0,0.0,0.0,0.0,0.0,0.0,0.0,0.0,0,-107875648.0,69,0.0,138,0.0,2.012,ERR,ERR,ERR,ERR,ERR,ERR,ERR,ERR,ERR,ERR,ERR,ERR,ERR,ERR,ERR,ERR,ERR,ERR,ERR,ERR,ERR,ERR,ERR,ERR,ERR,ERR,ERR,ERR,ERR,ERR,ERR,ERR,ERR,ERR,ERR,ERR,ERR,ERR,ERR,ERR,ERR,ERR,ERR,ERR,ERR,ERR,ERR,ERR,ERR,ERR,ERR,ERR,ERR,ERR,ERR,ERR,ERR,ERR,ERR,ERR,ERR,ERR,ERR,ERR,ERR,ERR,ERR,60.0,60.0,35,0.0,0.0,0.0,0.0,0.0,0.0,0.0,0.0,0.0,0.0,0.0,0.0,0.0,0.0,0.0,0.0,65.2,0,109,53,34,65476,0,300,0,0,8,20529,65476,0,0,2621,60.0,0.0,0.0,0.0,0.0,0.0
2026-07-09T15:46:48,ERR,ERR,ERR,ERR,ERR,ERR,ERR,ERR,ERR,ERR,ERR,ERR,ERR,ERR,ERR,ERR,ERR,ERR,ERR,ERR,ERR,ERR,ERR,ERR,ERR,ERR,ERR,ERR,ERR,ERR,ERR,ERR,ERR,ERR,ERR,ERR,ERR,ERR,ERR,ERR,ERR,ERR,ERR,ERR,ERR,ERR,ERR,ERR,ERR,ERR,ERR,ERR,ERR,ERR,ERR,ERR,ERR,ERR,ERR,ERR,ERR,ERR,ERR,ERR,ERR,ERR,ERR,ERR,ERR,ERR,ERR,ERR,ERR,ERR,ERR,ERR,ERR,ERR,ERR,ERR,ERR,ERR,ERR,ERR,ERR,ERR,ERR,ERR,ERR,ERR,ERR,ERR,ERR,ERR,ERR,ERR,ERR,ERR,ERR,ERR,ERR,ERR,ERR,ERR,ERR,ERR,ERR,ERR,ERR,ERR,ERR,ERR,ERR,ERR,ERR,ERR,ERR,ERR,ERR,ERR,ERR,ERR,ERR,ERR,ERR,-107615088.0,-0.0,2.7302276504519513e+23,2.7183478752108883e+23,-17630926733312.0,-24193458176.0,-5.404306048352194e+29,2.0649152725563474e+18,0,0,4,17320,7116,0.0,100,0.0,0.0,2.7183478752108883e+23,0.0,0.0,0,0,0,0,0.0,0,0,0,0,0,0,0,0,0,0,0,0,0,0,0,0,0,0,0,0,0,0,0,0,0,0,0,0,0,0,0,0,0,31,40,40,71,65476,0,300,0,0,8,21553,0.0,-107605600.0,0.0,0.0,0.0,0.0,0.0,0.0,0.0,0.0,0.0,0.0,0.0,0.0,0.0,0.0,0.0,0.0,0.0,0.0,0.0,0.0,2.004,0.0,0.0,0.0,0.0,0.0,0.0,0.0,5375.0,131350.609,6921.0,-107615088.0,-0.0,2.004,2.004,0.0,0.0,0.0,0.0,69,-0.0,0.0,0.0,0.0,0.0,0.0,0.0,0.0,0.0,0,0,0,0.0,0.0,0.0,0.0,0.0,0.0,0.0,0.0,0.0,0.0,0.0,0.0,0.0,0.0,0.0,0.0,0,-107875648.0,69,0.0,138,0.0,2.012,ERR,ERR,ERR,ERR,ERR,ERR,ERR,ERR,ERR,ERR,ERR,ERR,ERR,ERR,ERR,ERR,ERR,ERR,ERR,ERR,ERR,ERR,ERR,ERR,ERR,ERR,ERR,ERR,ERR,ERR,ERR,ERR,ERR,ERR,ERR,ERR,ERR,ERR,ERR,ERR,ERR,ERR,ERR,ERR,ERR,ERR,ERR,ERR,ERR,ERR,ERR,ERR,ERR,ERR,ERR,ERR,ERR,ERR,ERR,ERR,ERR,ERR,ERR,ERR,ERR,ERR,ERR,60.0,60.0,35,0.0,0.0,0.0,0.0,0.0,0.0,0.0,0.0,0.0,0.0,0.0,0.0,0.0,0.0,0.0,0.0,65.2,0,109,53,34,65476,0,300,0,0,8,20529,65476,0,0,2621,60.0,0.0,0.0,0.0,0.0,0.0
2026-07-09T15:46:49,ERR,ERR,ERR,ERR,ERR,ERR,ERR,ERR,ERR,ERR,ERR,ERR,ERR,ERR,ERR,ERR,ERR,ERR,ERR,ERR,ERR,ERR,ERR,ERR,ERR,ERR,ERR,ERR,ERR,ERR,ERR,ERR,ERR,ERR,ERR,ERR,ERR,ERR,ERR,ERR,ERR,ERR,ERR,ERR,ERR,ERR,ERR,ERR,ERR,ERR,ERR,ERR,ERR,ERR,ERR,ERR,ERR,ERR,ERR,ERR,ERR,ERR,ERR,ERR,ERR,ERR,ERR,ERR,ERR,ERR,ERR,ERR,ERR,ERR,ERR,ERR,ERR,ERR,ERR,ERR,ERR,ERR,ERR,ERR,ERR,ERR,ERR,ERR,ERR,ERR,ERR,ERR,ERR,ERR,ERR,ERR,ERR,ERR,ERR,ERR,ERR,ERR,ERR,ERR,ERR,ERR,ERR,ERR,ERR,ERR,ERR,ERR,ERR,ERR,ERR,ERR,ERR,ERR,ERR,ERR,ERR,ERR,ERR,ERR,ERR,-107615088.0,-0.0,2.7302276504519513e+23,2.7183478752108883e+23,-17630926733312.0,-24193458176.0,-5.404306048352194e+29,2.0649152725563474e+18,0,0,4,17320,7116,0.0,100,0.0,0.0,2.7183478752108883e+23,0.0,0.0,0,0,0,0,0.0,0,0,0,0,0,0,0,0,0,0,0,0,0,0,0,0,0,0,0,0,0,0,0,0,0,0,0,0,0,0,0,0,0,31,40,40,71,65476,0,300,0,0,8,21553,0.0,-107605600.0,0.0,0.0,0.0,0.0,0.0,0.0,0.0,0.0,0.0,0.0,0.0,0.0,0.0,0.0,0.0,0.0,0.0,0.0,0.0,0.0,2.004,0.0,0.0,0.0,0.0,0.0,0.0,0.0,5375.0,131350.609,6921.0,-107615088.0,-0.0,2.004,2.004,0.0,0.0,0.0,0.0,69,-0.0,0.0,0.0,0.0,0.0,0.0,0.0,0.0,0.0,0,0,0,0.0,0.0,0.0,0.0,0.0,0.0,0.0,0.0,0.0,0.0,0.0,0.0,0.0,0.0,0.0,0.0,0,-107875648.0,69,0.0,138,0.0,2.012,ERR,ERR,ERR,ERR,ERR,ERR,ERR,ERR,ERR,ERR,ERR,ERR,ERR,ERR,ERR,ERR,ERR,ERR,ERR,ERR,ERR,ERR,ERR,ERR,ERR,ERR,ERR,ERR,ERR,ERR,ERR,ERR,ERR,ERR,ERR,ERR,ERR,ERR,ERR,ERR,ERR,ERR,ERR,ERR,ERR,ERR,ERR,ERR,ERR,ERR,ERR,ERR,ERR,ERR,ERR,ERR,ERR,ERR,ERR,ERR,ERR,ERR,ERR,ERR,ERR,ERR,ERR,60.0,60.0,35,0.0,0.0,0.0,0.0,0.0,0.0,0.0,0.0,0.0,0.0,0.0,0.0,0.0,0.0,0.0,0.0,65.2,0,109,53,34,65476,0,300,0,0,8,20529,65476,0,0,2621,60.0,0.0,0.0,0.0,0.0,0.0
2026-07-09T15:46:50,ERR,ERR,ERR,ERR,ERR,ERR,ERR,ERR,ERR,ERR,ERR,ERR,ERR,ERR,ERR,ERR,ERR,ERR,ERR,ERR,ERR,ERR,ERR,ERR,ERR,ERR,ERR,ERR,ERR,ERR,ERR,ERR,ERR,ERR,ERR,ERR,ERR,ERR,ERR,ERR,ERR,ERR,ERR,ERR,ERR,ERR,ERR,ERR,ERR,ERR,ERR,ERR,ERR,ERR,ERR,ERR,ERR,ERR,ERR,ERR,ERR,ERR,ERR,ERR,ERR,ERR,ERR,ERR,ERR,ERR,ERR,ERR,ERR,ERR,ERR,ERR,ERR,ERR,ERR,ERR,ERR,ERR,ERR,ERR,ERR,ERR,ERR,ERR,ERR,ERR,ERR,ERR,ERR,ERR,ERR,ERR,ERR,ERR,ERR,ERR,ERR,ERR,ERR,ERR,ERR,ERR,ERR,ERR,ERR,ERR,ERR,ERR,ERR,ERR,ERR,ERR,ERR,ERR,ERR,ERR,ERR,ERR,ERR,ERR,ERR,2.7184242562605685e+23,-107616032.0,0.0,0.0,0.0,0.0,0.0,-2.423924238923609e+22,0,0,4,17316,7116,0.0,100,0.0,0.0,0.0,0.0,0.0,0,0,0,0,0.0,0,0,0,0,0,0,0,0,0,0,0,0,0,0,0,0,0,0,0,0,0,0,0,0,0,0,0,0,0,0,0,0,0,31,40,40,71,65476,0,300,0,0,8,21553,0.0,-107605600.0,0.0,0.0,0.0,0.0,0.0,0.0,0.0,0.0,0.0,0.0,0.0,0.0,0.0,0.0,0.0,0.0,0.0,0.0,0.0,0.0,2.004,-2.004,0.0,0.0,0.0,0.0,0.0,0.0,5370.0,0.0,6916.0,2.7184242562605685e+23,0.0,2.004,2.004,0.0,0.0,0.0,0.0,69,-0.0,-3.222007563397227e+26,0.0,0.0,0.0,0.0,0.0,0.0,0.0,0,0,0,0.0,0.0,0.0,0.0,0.0,0.0,0.0,0.0,0.0,0.0,0.0,0.0,0.0,0.0,0.0,0.0,0,-107875648.0,69,0.0,138,0.0,2.012,ERR,ERR,ERR,ERR,ERR,ERR,ERR,ERR,ERR,ERR,ERR,ERR,ERR,ERR,ERR,ERR,ERR,ERR,ERR,ERR,ERR,ERR,ERR,ERR,ERR,ERR,ERR,ERR,ERR,ERR,ERR,ERR,ERR,ERR,ERR,ERR,ERR,ERR,ERR,ERR,ERR,ERR,ERR,ERR,ERR,ERR,ERR,ERR,ERR,ERR,ERR,ERR,ERR,ERR,ERR,ERR,ERR,ERR,ERR,ERR,ERR,ERR,ERR,ERR,ERR,ERR,ERR,60.0,60.0,35,0.0,0.0,0.0,0.0,0.0,0.0,0.0,0.0,0.0,0.0,0.0,0.0,0.0,0.0,0.0,0.0,65.2,0,109,53,34,65476,0,300,0,0,8,20529,65476,0,0,2621,60.0,0.0,0.0,0.0,0.0,0.0
2026-07-09T15:46:51,ERR,ERR,ERR,ERR,ERR,ERR,ERR,ERR,ERR,ERR,ERR,ERR,ERR,ERR,ERR,ERR,ERR,ERR,ERR,ERR,ERR,ERR,ERR,ERR,ERR,ERR,ERR,ERR,ERR,ERR,ERR,ERR,ERR,ERR,ERR,ERR,ERR,ERR,ERR,ERR,ERR,ERR,ERR,ERR,ERR,ERR,ERR,ERR,ERR,ERR,ERR,ERR,ERR,ERR,ERR,ERR,ERR,ERR,ERR,ERR,ERR,ERR,ERR,ERR,ERR,ERR,ERR,ERR,ERR,ERR,ERR,ERR,ERR,ERR,ERR,ERR,ERR,ERR,ERR,ERR,ERR,ERR,ERR,ERR,ERR,ERR,ERR,ERR,ERR,ERR,ERR,ERR,ERR,ERR,ERR,ERR,ERR,ERR,ERR,ERR,ERR,ERR,ERR,ERR,ERR,ERR,ERR,ERR,ERR,ERR,ERR,ERR,ERR,ERR,ERR,ERR,ERR,ERR,ERR,ERR,ERR,ERR,ERR,ERR,ERR,2.7184242562605685e+23,-107616032.0,0.0,0.0,0.0,0.0,0.0,-2.423924238923609e+22,0,0,4,17316,7116,0.0,100,0.0,0.0,0.0,0.0,0.0,0,0,0,0,0.0,0,0,0,0,0,0,0,0,0,0,0,0,0,0,0,0,0,0,0,0,0,0,0,0,0,0,0,0,0,0,0,0,0,31,40,40,71,65476,0,300,0,0,8,21553,0.0,-107605600.0,0.0,0.0,0.0,0.0,0.0,0.0,0.0,0.0,0.0,0.0,0.0,0.0,0.0,0.0,0.0,0.0,0.0,0.0,0.0,0.0,2.004,-2.004,0.0,0.0,0.0,0.0,0.0,0.0,5370.0,0.0,6916.0,2.7184242562605685e+23,0.0,2.004,2.004,0.0,0.0,0.0,0.0,69,-0.0,-3.222007563397227e+26,0.0,0.0,0.0,0.0,0.0,0.0,0.0,0,0,0,0.0,0.0,0.0,0.0,0.0,0.0,0.0,0.0,0.0,0.0,0.0,0.0,0.0,0.0,0.0,0.0,0,-107875648.0,69,0.0,138,0.0,2.012,ERR,ERR,ERR,ERR,ERR,ERR,ERR,ERR,ERR,ERR,ERR,ERR,ERR,ERR,ERR,ERR,ERR,ERR,ERR,ERR,ERR,ERR,ERR,ERR,ERR,ERR,ERR,ERR,ERR,ERR,ERR,ERR,ERR,ERR,ERR,ERR,ERR,ERR,ERR,ERR,ERR,ERR,ERR,ERR,ERR,ERR,ERR,ERR,ERR,ERR,ERR,ERR,ERR,ERR,ERR,ERR,ERR,ERR,ERR,ERR,ERR,ERR,ERR,ERR,ERR,ERR,ERR,60.0,60.0,35,0.0,0.0,0.0,0.0,0.0,0.0,0.0,0.0,0.0,0.0,0.0,0.0,0.0,0.0,0.0,0.0,65.2,0,109,53,34,65476,0,300,0,0,8,20529,65476,0,0,2621,60.0,0.0,0.0,0.0,0.0,0.0
2026-07-09T15:46:52,ERR,ERR,ERR,ERR,ERR,ERR,ERR,ERR,ERR,ERR,ERR,ERR,ERR,ERR,ERR,ERR,ERR,ERR,ERR,ERR,ERR,ERR,ERR,ERR,ERR,ERR,ERR,ERR,ERR,ERR,ERR,ERR,ERR,ERR,ERR,ERR,ERR,ERR,ERR,ERR,ERR,ERR,ERR,ERR,ERR,ERR,ERR,ERR,ERR,ERR,ERR,ERR,ERR,ERR,ERR,ERR,ERR,ERR,ERR,ERR,ERR,ERR,ERR,ERR,ERR,ERR,ERR,ERR,ERR,ERR,ERR,ERR,ERR,ERR,ERR,ERR,ERR,ERR,ERR,ERR,ERR,ERR,ERR,ERR,ERR,ERR,ERR,ERR,ERR,ERR,ERR,ERR,ERR,ERR,ERR,ERR,ERR,ERR,ERR,ERR,ERR,ERR,ERR,ERR,ERR,ERR,ERR,ERR,ERR,ERR,ERR,ERR,ERR,ERR,ERR,ERR,ERR,ERR,ERR,ERR,ERR,ERR,ERR,ERR,ERR,2.7184242562605685e+23,-107616032.0,0.0,0.0,0.0,0.0,0.0,-2.423924238923609e+22,0,0,4,17316,7116,0.0,100,0.0,0.0,0.0,0.0,0.0,0,0,0,0,0.0,0,0,0,0,0,0,0,0,0,0,0,0,0,0,0,0,0,0,0,0,0,0,0,0,0,0,0,0,0,0,0,0,0,31,40,40,71,65476,0,300,0,0,8,21553,0.0,-107605600.0,0.0,0.0,0.0,0.0,0.0,0.0,0.0,0.0,0.0,0.0,0.0,0.0,0.0,0.0,0.0,0.0,0.0,0.0,0.0,0.0,2.004,-2.004,0.0,0.0,0.0,0.0,0.0,0.0,5370.0,0.0,6916.0,2.7184242562605685e+23,0.0,2.004,2.004,0.0,0.0,0.0,0.0,69,-0.0,-3.222007563397227e+26,0.0,0.0,0.0,0.0,0.0,0.0,0.0,0,0,0,0.0,0.0,0.0,0.0,0.0,0.0,0.0,0.0,0.0,0.0,0.0,0.0,0.0,0.0,0.0,0.0,0,-107875648.0,69,0.0,138,0.0,2.012,ERR,ERR,ERR,ERR,ERR,ERR,ERR,ERR,ERR,ERR,ERR,ERR,ERR,ERR,ERR,ERR,ERR,ERR,ERR,ERR,ERR,ERR,ERR,ERR,ERR,ERR,ERR,ERR,ERR,ERR,ERR,ERR,ERR,ERR,ERR,ERR,ERR,ERR,ERR,ERR,ERR,ERR,ERR,ERR,ERR,ERR,ERR,ERR,ERR,ERR,ERR,ERR,ERR,ERR,ERR,ERR,ERR,ERR,ERR,ERR,ERR,ERR,ERR,ERR,ERR,ERR,ERR,60.0,60.0,35,0.0,0.0,0.0,0.0,0.0,0.0,0.0,0.0,0.0,0.0,0.0,0.0,0.0,0.0,0.0,0.0,65.2,0,109,53,34,65476,0,300,0,0,8,20529,65476,0,0,2621,60.0,0.0,0.0,0.0,0.0,0.0
2026-07-09T15:46:53,ERR,ERR,ERR,ERR,ERR,ERR,ERR,ERR,ERR,ERR,ERR,ERR,ERR,ERR,ERR,ERR,ERR,ERR,ERR,ERR,ERR,ERR,ERR,ERR,ERR,ERR,ERR,ERR,ERR,ERR,ERR,ERR,ERR,ERR,ERR,ERR,ERR,ERR,ERR,ERR,ERR,ERR,ERR,ERR,ERR,ERR,ERR,ERR,ERR,ERR,ERR,ERR,ERR,ERR,ERR,ERR,ERR,ERR,ERR,ERR,ERR,ERR,ERR,ERR,ERR,ERR,ERR,ERR,ERR,ERR,ERR,ERR,ERR,ERR,ERR,ERR,ERR,ERR,ERR,ERR,ERR,ERR,ERR,ERR,ERR,ERR,ERR,ERR,ERR,ERR,ERR,ERR,ERR,ERR,ERR,ERR,ERR,ERR,ERR,ERR,ERR,ERR,ERR,ERR,ERR,ERR,ERR,ERR,ERR,ERR,ERR,ERR,ERR,ERR,ERR,ERR,ERR,ERR,ERR,ERR,ERR,ERR,ERR,ERR,ERR,2.7184242562605685e+23,-107616032.0,0.0,0.0,0.0,0.0,0.0,-2.423924238923609e+22,0,0,4,17316,7116,0.0,100,0.0,0.0,0.0,0.0,0.0,0,0,0,0,0.0,0,0,0,0,0,0,0,0,0,0,0,0,0,0,0,0,0,0,0,0,0,0,0,0,0,0,0,0,0,0,0,0,0,31,40,40,71,65476,0,300,0,0,8,21553,0.0,-107605600.0,0.0,0.0,0.0,0.0,0.0,0.0,0.0,0.0,0.0,0.0,0.0,0.0,0.0,0.0,0.0,0.0,0.0,0.0,0.0,0.0,2.004,-2.004,0.0,0.0,0.0,0.0,0.0,0.0,5370.0,0.0,6916.0,2.7184242562605685e+23,0.0,2.004,2.004,0.0,0.0,0.0,0.0,69,-0.0,-3.222007563397227e+26,0.0,0.0,0.0,0.0,0.0,0.0,0.0,0,0,0,0.0,0.0,0.0,0.0,0.0,0.0,0.0,0.0,0.0,0.0,0.0,0.0,0.0,0.0,0.0,0.0,0,-107875648.0,69,0.0,138,0.0,2.012,ERR,ERR,ERR,ERR,ERR,ERR,ERR,ERR,ERR,ERR,ERR,ERR,ERR,ERR,ERR,ERR,ERR,ERR,ERR,ERR,ERR,ERR,ERR,ERR,ERR,ERR,ERR,ERR,ERR,ERR,ERR,ERR,ERR,ERR,ERR,ERR,ERR,ERR,ERR,ERR,ERR,ERR,ERR,ERR,ERR,ERR,ERR,ERR,ERR,ERR,ERR,ERR,ERR,ERR,ERR,ERR,ERR,ERR,ERR,ERR,ERR,ERR,ERR,ERR,ERR,ERR,ERR,60.0,60.0,35,0.0,0.0,0.0,0.0,0.0,0.0,0.0,0.0,0.0,0.0,0.0,0.0,0.0,0.0,0.0,0.0,64.8,0,109,53,34,65476,0,300,0,0,8,20529,65476,0,0,2621,60.0,0.0,0.0,0.0,0.0,0.0
2026-07-09T15:46:54,ERR,ERR,ERR,ERR,ERR,ERR,ERR,ERR,ERR,ERR,ERR,ERR,ERR,ERR,ERR,ERR,ERR,ERR,ERR,ERR,ERR,ERR,ERR,ERR,ERR,ERR,ERR,ERR,ERR,ERR,ERR,ERR,ERR,ERR,ERR,ERR,ERR,ERR,ERR,ERR,ERR,ERR,ERR,ERR,ERR,ERR,ERR,ERR,ERR,ERR,ERR,ERR,ERR,ERR,ERR,ERR,ERR,ERR,ERR,ERR,ERR,ERR,ERR,ERR,ERR,ERR,ERR,ERR,ERR,ERR,ERR,ERR,ERR,ERR,ERR,ERR,ERR,ERR,ERR,ERR,ERR,ERR,ERR,ERR,ERR,ERR,ERR,ERR,ERR,ERR,ERR,ERR,ERR,ERR,ERR,ERR,ERR,ERR,ERR,ERR,ERR,ERR,ERR,ERR,ERR,ERR,ERR,ERR,ERR,ERR,ERR,ERR,ERR,ERR,ERR,ERR,ERR,ERR,ERR,ERR,ERR,ERR,ERR,ERR,ERR,2.7184242562605685e+23,-107616032.0,0.0,0.0,0.0,0.0,0.0,-2.423924238923609e+22,0,0,4,17316,7116,0.0,100,0.0,0.0,0.0,0.0,0.0,0,0,0,0,0.0,0,0,0,0,0,0,0,0,0,0,0,0,0,0,0,0,0,0,0,0,0,0,0,0,0,0,0,0,0,0,0,0,0,31,40,40,71,65476,0,300,0,0,8,21553,0.0,-107605600.0,0.0,0.0,0.0,0.0,0.0,0.0,0.0,0.0,0.0,0.0,0.0,0.0,0.0,0.0,0.0,0.0,0.0,0.0,0.0,0.0,2.004,-2.004,0.0,0.0,0.0,0.0,0.0,0.0,5370.0,0.0,6916.0,2.7184242562605685e+23,0.0,2.004,2.004,0.0,0.0,0.0,0.0,69,-0.0,-3.222007563397227e+26,0.0,0.0,0.0,0.0,0.0,0.0,0.0,0,0,0,0.0,0.0,0.0,0.0,0.0,0.0,0.0,0.0,0.0,0.0,0.0,0.0,0.0,0.0,0.0,0.0,0,-107875648.0,69,0.0,138,0.0,2.012,ERR,ERR,ERR,ERR,ERR,ERR,ERR,ERR,ERR,ERR,ERR,ERR,ERR,ERR,ERR,ERR,ERR,ERR,ERR,ERR,ERR,ERR,ERR,ERR,ERR,ERR,ERR,ERR,ERR,ERR,ERR,ERR,ERR,ERR,ERR,ERR,ERR,ERR,ERR,ERR,ERR,ERR,ERR,ERR,ERR,ERR,ERR,ERR,ERR,ERR,ERR,ERR,ERR,ERR,ERR,ERR,ERR,ERR,ERR,ERR,ERR,ERR,ERR,ERR,ERR,ERR,ERR,60.0,60.0,35,0.0,0.0,0.0,0.0,0.0,0.0,0.0,0.0,0.0,0.0,0.0,0.0,0.0,0.0,0.0,0.0,64.8,0,109,53,34,65476,0,300,0,0,8,20529,65476,0,0,2621,60.0,0.0,0.0,0.0,0.0,0.0
2026-07-09T15:46:55,ERR,ERR,ERR,ERR,ERR,ERR,ERR,ERR,ERR,ERR,ERR,ERR,ERR,ERR,ERR,ERR,ERR,ERR,ERR,ERR,ERR,ERR,ERR,ERR,ERR,ERR,ERR,ERR,ERR,ERR,ERR,ERR,ERR,ERR,ERR,ERR,ERR,ERR,ERR,ERR,ERR,ERR,ERR,ERR,ERR,ERR,ERR,ERR,ERR,ERR,ERR,ERR,ERR,ERR,ERR,ERR,ERR,ERR,ERR,ERR,ERR,ERR,ERR,ERR,ERR,ERR,ERR,ERR,ERR,ERR,ERR,ERR,ERR,ERR,ERR,ERR,ERR,ERR,ERR,ERR,ERR,ERR,ERR,ERR,ERR,ERR,ERR,ERR,ERR,ERR,ERR,ERR,ERR,ERR,ERR,ERR,ERR,ERR,ERR,ERR,ERR,ERR,ERR,ERR,ERR,ERR,ERR,ERR,ERR,ERR,ERR,ERR,ERR,ERR,ERR,ERR,ERR,ERR,ERR,ERR,ERR,ERR,ERR,ERR,ERR,-107615088.0,-107616016.0,-107614896.0,2.7183478752108883e+23,-0.0,301196017664.0,5.912244446853857e+17,-0.016,0,0,4,17315,7116,0.0,100,0.0,0.0,2.7183478752108883e+23,0.0,0.0,0,0,0,0,0.0,0,0,0,0,0,0,0,0,0,0,0,0,0,0,0,0,0,0,0,0,0,0,0,0,0,0,0,0,0,0,0,0,0,31,40,40,71,65476,0,300,0,0,8,21553,0.0,-107605600.0,0.0,0.0,0.0,0.0,0.0,0.0,0.0,0.0,0.0,0.0,0.0,0.0,0.0,0.0,0.0,0.0,0.0,0.0,0.0,0.0,2.004,3.697066946564247e+19,0.0,0.0,0.0,0.0,0.0,0.0,5373.0,0.0,6918.0,2.7184242562605685e+23,0.0,2.004,2.004,0.0,0.0,0.0,0.0,69,-0.0,0.0,0.0,0.0,0.0,0.0,0.0,0.0,0.0,0,0,0,0.0,0.0,0.0,0.0,0.0,0.0,0.0,0.0,0.0,0.0,0.0,0.0,0.0,0.0,0.0,0.0,0,-107875648.0,69,0.0,138,0.0,2.012,ERR,ERR,ERR,ERR,ERR,ERR,ERR,ERR,ERR,ERR,ERR,ERR,ERR,ERR,ERR,ERR,ERR,ERR,ERR,ERR,ERR,ERR,ERR,ERR,ERR,ERR,ERR,ERR,ERR,ERR,ERR,ERR,ERR,ERR,ERR,ERR,ERR,ERR,ERR,ERR,ERR,ERR,ERR,ERR,ERR,ERR,ERR,ERR,ERR,ERR,ERR,ERR,ERR,ERR,ERR,ERR,ERR,ERR,ERR,ERR,ERR,ERR,ERR,ERR,ERR,ERR,ERR,60.0,60.0,35,0.0,0.0,0.0,0.0,0.0,0.0,0.0,0.0,0.0,0.0,0.0,0.0,0.0,0.0,0.0,0.0,64.8,0,109,53,34,65476,0,300,0,0,8,20529,65476,0,0,2621,60.0,0.0,0.0,0.0,0.0,0.0
2026-07-09T15:46:56,ERR,ERR,ERR,ERR,ERR,ERR,ERR,ERR,ERR,ERR,ERR,ERR,ERR,ERR,ERR,ERR,ERR,ERR,ERR,ERR,ERR,ERR,ERR,ERR,ERR,ERR,ERR,ERR,ERR,ERR,ERR,ERR,ERR,ERR,ERR,ERR,ERR,ERR,ERR,ERR,ERR,ERR,ERR,ERR,ERR,ERR,ERR,ERR,ERR,ERR,ERR,ERR,ERR,ERR,ERR,ERR,ERR,ERR,ERR,ERR,ERR,ERR,ERR,ERR,ERR,ERR,ERR,ERR,ERR,ERR,ERR,ERR,ERR,ERR,ERR,ERR,ERR,ERR,ERR,ERR,ERR,ERR,ERR,ERR,ERR,ERR,ERR,ERR,ERR,ERR,ERR,ERR,ERR,ERR,ERR,ERR,ERR,ERR,ERR,ERR,ERR,ERR,ERR,ERR,ERR,ERR,ERR,ERR,ERR,ERR,ERR,ERR,ERR,ERR,ERR,ERR,ERR,ERR,ERR,ERR,ERR,ERR,ERR,ERR,ERR,-107615088.0,-107616016.0,-107614896.0,2.7183478752108883e+23,-0.0,301196017664.0,5.912244446853857e+17,-0.016,0,0,4,17315,7116,0.0,100,0.0,0.0,2.7183478752108883e+23,0.0,0.0,0,0,0,0,0.0,0,0,0,0,0,0,0,0,0,0,0,0,0,0,0,0,0,0,0,0,0,0,0,0,0,0,0,0,0,0,0,0,0,31,40,40,71,65476,0,300,0,0,8,21553,0.0,-107605600.0,0.0,0.0,0.0,0.0,0.0,0.0,0.0,0.0,0.0,0.0,0.0,0.0,0.0,0.0,0.0,0.0,0.0,0.0,0.0,0.0,2.004,3.697066946564247e+19,0.0,0.0,0.0,0.0,0.0,0.0,5373.0,0.0,6918.0,2.7184242562605685e+23,0.0,2.004,2.004,0.0,0.0,0.0,0.0,69,-0.0,0.0,0.0,0.0,0.0,0.0,0.0,0.0,0.0,0,0,0,0.0,0.0,0.0,0.0,0.0,0.0,0.0,0.0,0.0,0.0,0.0,0.0,0.0,0.0,0.0,0.0,0,-107875648.0,69,0.0,138,0.0,2.012,ERR,ERR,ERR,ERR,ERR,ERR,ERR,ERR,ERR,ERR,ERR,ERR,ERR,ERR,ERR,ERR,ERR,ERR,ERR,ERR,ERR,ERR,ERR,ERR,ERR,ERR,ERR,ERR,ERR,ERR,ERR,ERR,ERR,ERR,ERR,ERR,ERR,ERR,ERR,ERR,ERR,ERR,ERR,ERR,ERR,ERR,ERR,ERR,ERR,ERR,ERR,ERR,ERR,ERR,ERR,ERR,ERR,ERR,ERR,ERR,ERR,ERR,ERR,ERR,ERR,ERR,ERR,60.0,60.0,35,0.0,0.0,0.0,0.0,0.0,0.0,0.0,0.0,0.0,0.0,0.0,0.0,0.0,0.0,0.0,0.0,65.6,0,109,53,34,65476,0,300,0,0,8,20529,65476,0,0,2621,60.0,0.0,0.0,0.0,0.0,0.0
2026-07-09T15:46:57,ERR,ERR,ERR,ERR,ERR,ERR,ERR,ERR,ERR,ERR,ERR,ERR,ERR,ERR,ERR,ERR,ERR,ERR,ERR,ERR,ERR,ERR,ERR,ERR,ERR,ERR,ERR,ERR,ERR,ERR,ERR,ERR,ERR,ERR,ERR,ERR,ERR,ERR,ERR,ERR,ERR,ERR,ERR,ERR,ERR,ERR,ERR,ERR,ERR,ERR,ERR,ERR,ERR,ERR,ERR,ERR,ERR,ERR,ERR,ERR,ERR,ERR,ERR,ERR,ERR,ERR,ERR,ERR,ERR,ERR,ERR,ERR,ERR,ERR,ERR,ERR,ERR,ERR,ERR,ERR,ERR,ERR,ERR,ERR,ERR,ERR,ERR,ERR,ERR,ERR,ERR,ERR,ERR,ERR,ERR,ERR,ERR,ERR,ERR,ERR,ERR,ERR,ERR,ERR,ERR,ERR,ERR,ERR,ERR,ERR,ERR,ERR,ERR,ERR,ERR,ERR,ERR,ERR,ERR,ERR,ERR,ERR,ERR,ERR,ERR,-107615088.0,-107616016.0,-107614896.0,2.7183478752108883e+23,-0.0,301196017664.0,5.912244446853857e+17,-0.016,0,0,4,17315,7116,0.0,100,0.0,0.0,2.7183478752108883e+23,0.0,0.0,0,0,0,0,0.0,0,0,0,0,0,0,0,0,0,0,0,0,0,0,0,0,0,0,0,0,0,0,0,0,0,0,0,0,0,0,0,0,0,31,40,40,71,65476,0,300,0,0,8,21553,0.0,-107605600.0,0.0,0.0,0.0,0.0,0.0,0.0,0.0,0.0,0.0,0.0,0.0,0.0,0.0,0.0,0.0,0.0,0.0,0.0,0.0,0.0,2.004,3.697066946564247e+19,0.0,0.0,0.0,0.0,0.0,0.0,5373.0,0.0,6918.0,2.7184242562605685e+23,0.0,2.004,2.004,0.0,0.0,0.0,0.0,69,-0.0,0.0,0.0,0.0,0.0,0.0,0.0,0.0,0.0,0,0,0,0.0,0.0,0.0,0.0,0.0,0.0,0.0,0.0,0.0,0.0,0.0,0.0,0.0,0.0,0.0,0.0,0,-107875648.0,69,0.0,138,0.0,2.012,ERR,ERR,ERR,ERR,ERR,ERR,ERR,ERR,ERR,ERR,ERR,ERR,ERR,ERR,ERR,ERR,ERR,ERR,ERR,ERR,ERR,ERR,ERR,ERR,ERR,ERR,ERR,ERR,ERR,ERR,ERR,ERR,ERR,ERR,ERR,ERR,ERR,ERR,ERR,ERR,ERR,ERR,ERR,ERR,ERR,ERR,ERR,ERR,ERR,ERR,ERR,ERR,ERR,ERR,ERR,ERR,ERR,ERR,ERR,ERR,ERR,ERR,ERR,ERR,ERR,ERR,ERR,60.0,60.0,35,0.0,0.0,0.0,0.0,0.0,0.0,0.0,0.0,0.0,0.0,0.0,0.0,0.0,0.0,0.0,0.0,65.6,0,109,53,34,65476,0,300,0,0,8,20529,65476,0,0,2621,60.0,0.0,0.0,0.0,0.0,0.0
2026-07-09T15:46:58,ERR,ERR,ERR,ERR,ERR,ERR,ERR,ERR,ERR,ERR,ERR,ERR,ERR,ERR,ERR,ERR,ERR,ERR,ERR,ERR,ERR,ERR,ERR,ERR,ERR,ERR,ERR,ERR,ERR,ERR,ERR,ERR,ERR,ERR,ERR,ERR,ERR,ERR,ERR,ERR,ERR,ERR,ERR,ERR,ERR,ERR,ERR,ERR,ERR,ERR,ERR,ERR,ERR,ERR,ERR,ERR,ERR,ERR,ERR,ERR,ERR,ERR,ERR,ERR,ERR,ERR,ERR,ERR,ERR,ERR,ERR,ERR,ERR,ERR,ERR,ERR,ERR,ERR,ERR,ERR,ERR,ERR,ERR,ERR,ERR,ERR,ERR,ERR,ERR,ERR,ERR,ERR,ERR,ERR,ERR,ERR,ERR,ERR,ERR,ERR,ERR,ERR,ERR,ERR,ERR,ERR,ERR,ERR,ERR,ERR,ERR,ERR,ERR,ERR,ERR,ERR,ERR,ERR,ERR,ERR,ERR,ERR,ERR,ERR,ERR,-107615088.0,-107616016.0,-107614896.0,2.7183478752108883e+23,-0.0,301196017664.0,5.912244446853857e+17,-0.016,0,0,4,17315,7116,0.0,100,0.0,0.0,2.7183478752108883e+23,0.0,0.0,0,0,0,0,0.0,0,0,0,0,0,0,0,0,0,0,0,0,0,0,0,0,0,0,0,0,0,0,0,0,0,0,0,0,0,0,0,0,0,31,40,40,71,65476,0,300,0,0,8,21553,0.0,-107605600.0,0.0,0.0,0.0,0.0,0.0,0.0,0.0,0.0,0.0,0.0,0.0,0.0,0.0,0.0,0.0,0.0,0.0,0.0,0.0,0.0,2.004,3.697066946564247e+19,0.0,0.0,0.0,0.0,0.0,0.0,5373.0,0.0,6918.0,2.7184242562605685e+23,0.0,2.004,2.004,0.0,0.0,0.0,0.0,69,-0.0,0.0,0.0,0.0,0.0,0.0,0.0,0.0,0.0,0,0,0,0.0,0.0,0.0,0.0,0.0,0.0,0.0,0.0,0.0,0.0,0.0,0.0,0.0,0.0,0.0,0.0,0,-107875648.0,69,0.0,138,0.0,2.012,ERR,ERR,ERR,ERR,ERR,ERR,ERR,ERR,ERR,ERR,ERR,ERR,ERR,ERR,ERR,ERR,ERR,ERR,ERR,ERR,ERR,ERR,ERR,ERR,ERR,ERR,ERR,ERR,ERR,ERR,ERR,ERR,ERR,ERR,ERR,ERR,ERR,ERR,ERR,ERR,ERR,ERR,ERR,ERR,ERR,ERR,ERR,ERR,ERR,ERR,ERR,ERR,ERR,ERR,ERR,ERR,ERR,ERR,ERR,ERR,ERR,ERR,ERR,ERR,ERR,ERR,ERR,60.0,60.0,35,0.0,0.0,0.0,0.0,0.0,0.0,0.0,0.0,0.0,0.0,0.0,0.0,0.0,0.0,0.0,0.0,65.2,0,109,53,34,65476,0,300,0,0,8,20529,65476,0,0,2621,60.0,0.0,0.0,0.0,0.0,0.0
2026-07-09T15:46:59,ERR,ERR,ERR,ERR,ERR,ERR,ERR,ERR,ERR,ERR,ERR,ERR,ERR,ERR,ERR,ERR,ERR,ERR,ERR,ERR,ERR,ERR,ERR,ERR,ERR,ERR,ERR,ERR,ERR,ERR,ERR,ERR,ERR,ERR,ERR,ERR,ERR,ERR,ERR,ERR,ERR,ERR,ERR,ERR,ERR,ERR,ERR,ERR,ERR,ERR,ERR,ERR,ERR,ERR,ERR,ERR,ERR,ERR,ERR,ERR,ERR,ERR,ERR,ERR,ERR,ERR,ERR,ERR,ERR,ERR,ERR,ERR,ERR,ERR,ERR,ERR,ERR,ERR,ERR,ERR,ERR,ERR,ERR,ERR,ERR,ERR,ERR,ERR,ERR,ERR,ERR,ERR,ERR,ERR,ERR,ERR,ERR,ERR,ERR,ERR,ERR,ERR,ERR,ERR,ERR,ERR,ERR,ERR,ERR,ERR,ERR,ERR,ERR,ERR,ERR,ERR,ERR,ERR,ERR,ERR,ERR,ERR,ERR,ERR,ERR,-107615088.0,-107616016.0,-107614896.0,2.7183478752108883e+23,-0.0,301196017664.0,5.912244446853857e+17,-0.016,0,0,4,17315,7116,0.0,100,0.0,0.0,2.7183478752108883e+23,0.0,0.0,0,0,0,0,0.0,0,0,0,0,0,0,0,0,0,0,0,0,0,0,0,0,0,0,0,0,0,0,0,0,0,0,0,0,0,0,0,0,0,31,40,40,71,65476,0,300,0,0,8,21553,0.0,-107605600.0,0.0,0.0,0.0,0.0,0.0,0.0,0.0,0.0,0.0,0.0,0.0,0.0,0.0,0.0,0.0,0.0,0.0,0.0,0.0,0.0,2.004,3.697066946564247e+19,0.0,0.0,0.0,0.0,0.0,0.0,5373.0,0.0,6918.0,2.7184242562605685e+23,0.0,2.004,2.004,0.0,0.0,0.0,0.0,69,-0.0,0.0,0.0,0.0,0.0,0.0,0.0,0.0,0.0,0,0,0,0.0,0.0,0.0,0.0,0.0,0.0,0.0,0.0,0.0,0.0,0.0,0.0,0.0,0.0,0.0,0.0,0,-107875648.0,69,0.0,138,0.0,2.012,ERR,ERR,ERR,ERR,ERR,ERR,ERR,ERR,ERR,ERR,ERR,ERR,ERR,ERR,ERR,ERR,ERR,ERR,ERR,ERR,ERR,ERR,ERR,ERR,ERR,ERR,ERR,ERR,ERR,ERR,ERR,ERR,ERR,ERR,ERR,ERR,ERR,ERR,ERR,ERR,ERR,ERR,ERR,ERR,ERR,ERR,ERR,ERR,ERR,ERR,ERR,ERR,ERR,ERR,ERR,ERR,ERR,ERR,ERR,ERR,ERR,ERR,ERR,ERR,ERR,ERR,ERR,60.0,60.0,35,0.0,0.0,0.0,0.0,0.0,0.0,0.0,0.0,0.0,0.0,0.0,0.0,0.0,0.0,0.0,0.0,65.2,0,109,53,34,65476,0,300,0,0,8,20529,65476,0,0,2621,60.0,0.0,0.0,0.0,0.0,0.0
2026-07-09T15:47:00,ERR,ERR,ERR,ERR,ERR,ERR,ERR,ERR,ERR,ERR,ERR,ERR,ERR,ERR,ERR,ERR,ERR,ERR,ERR,ERR,ERR,ERR,ERR,ERR,ERR,ERR,ERR,ERR,ERR,ERR,ERR,ERR,ERR,ERR,ERR,ERR,ERR,ERR,ERR,ERR,ERR,ERR,ERR,ERR,ERR,ERR,ERR,ERR,ERR,ERR,ERR,ERR,ERR,ERR,ERR,ERR,ERR,ERR,ERR,ERR,ERR,ERR,ERR,ERR,ERR,ERR,ERR,ERR,ERR,ERR,ERR,ERR,ERR,ERR,ERR,ERR,ERR,ERR,ERR,ERR,ERR,ERR,ERR,ERR,ERR,ERR,ERR,ERR,ERR,ERR,ERR,ERR,ERR,ERR,ERR,ERR,ERR,ERR,ERR,ERR,ERR,ERR,ERR,ERR,ERR,ERR,ERR,ERR,ERR,ERR,ERR,ERR,ERR,ERR,ERR,ERR,ERR,ERR,ERR,ERR,ERR,ERR,ERR,ERR,ERR,-107615088.0,-107616000.0,-107614864.0,2.7183478752108883e+23,-0.0,-0.0,0.0,1.541,0,0,4,17310,7116,0.0,100,0.0,0.0,2.7183478752108883e+23,0.0,0.0,0,0,0,0,0.0,0,0,0,0,0,0,0,0,0,0,0,0,0,0,0,0,0,0,0,0,0,0,0,0,0,0,0,0,0,0,0,0,0,31,40,40,71,65476,0,300,0,0,8,21553,0.0,-107605600.0,0.0,0.0,0.0,0.0,0.0,0.0,0.0,0.0,0.0,0.0,0.0,0.0,0.0,0.0,0.0,0.0,0.0,0.0,0.0,0.0,2.004,2.004,0.0,0.0,0.0,0.0,0.0,0.0,5370.0,0.0,6916.0,-107615088.0,0.0,2.004,2.004,0.0,0.0,0.0,0.0,69,2.718419752660941e+23,-3.222007563397227e+26,0.0,0.0,0.0,0.0,0.0,0.0,0.0,0,0,0,0.0,0.0,0.0,0.0,0.0,0.0,0.0,0.0,0.0,0.0,0.0,0.0,0.0,0.0,0.0,0.0,0,-107875648.0,69,0.0,138,0.0,2.012,ERR,ERR,ERR,ERR,ERR,ERR,ERR,ERR,ERR,ERR,ERR,ERR,ERR,ERR,ERR,ERR,ERR,ERR,ERR,ERR,ERR,ERR,ERR,ERR,ERR,ERR,ERR,ERR,ERR,ERR,ERR,ERR,ERR,ERR,ERR,ERR,ERR,ERR,ERR,ERR,ERR,ERR,ERR,ERR,ERR,ERR,ERR,ERR,ERR,ERR,ERR,ERR,ERR,ERR,ERR,ERR,ERR,ERR,ERR,ERR,ERR,ERR,ERR,ERR,ERR,ERR,ERR,60.0,60.0,35,0.0,0.0,0.0,0.0,0.0,0.0,0.0,0.0,0.0,0.0,0.0,0.0,0.0,0.0,0.0,0.0,65.2,0,109,53,34,65476,0,300,0,0,8,20529,65476,0,0,2621,60.0,0.0,0.0,0.0,0.0,0.0
2026-07-09T15:47:01,ERR,ERR,ERR,ERR,ERR,ERR,ERR,ERR,ERR,ERR,ERR,ERR,ERR,ERR,ERR,ERR,ERR,ERR,ERR,ERR,ERR,ERR,ERR,ERR,ERR,ERR,ERR,ERR,ERR,ERR,ERR,ERR,ERR,ERR,ERR,ERR,ERR,ERR,ERR,ERR,ERR,ERR,ERR,ERR,ERR,ERR,ERR,ERR,ERR,ERR,ERR,ERR,ERR,ERR,ERR,ERR,ERR,ERR,ERR,ERR,ERR,ERR,ERR,ERR,ERR,ERR,ERR,ERR,ERR,ERR,ERR,ERR,ERR,ERR,ERR,ERR,ERR,ERR,ERR,ERR,ERR,ERR,ERR,ERR,ERR,ERR,ERR,ERR,ERR,ERR,ERR,ERR,ERR,ERR,ERR,ERR,ERR,ERR,ERR,ERR,ERR,ERR,ERR,ERR,ERR,ERR,ERR,ERR,ERR,ERR,ERR,ERR,ERR,ERR,ERR,ERR,ERR,ERR,ERR,ERR,ERR,ERR,ERR,ERR,ERR,-107615088.0,-107616000.0,-107614864.0,2.7183478752108883e+23,-0.0,-0.0,0.0,1.541,0,0,4,17310,7116,0.0,100,0.0,0.0,2.7183478752108883e+23,0.0,0.0,0,0,0,0,0.0,0,0,0,0,0,0,0,0,0,0,0,0,0,0,0,0,0,0,0,0,0,0,0,0,0,0,0,0,0,0,0,0,0,31,40,40,71,65476,0,300,0,0,8,21553,0.0,-107605600.0,0.0,0.0,0.0,0.0,0.0,0.0,0.0,0.0,0.0,0.0,0.0,0.0,0.0,0.0,0.0,0.0,0.0,0.0,0.0,0.0,2.004,2.004,0.0,0.0,0.0,0.0,0.0,0.0,5370.0,0.0,6916.0,-107615088.0,0.0,2.004,2.004,0.0,0.0,0.0,0.0,69,2.718419752660941e+23,-3.222007563397227e+26,0.0,0.0,0.0,0.0,0.0,0.0,0.0,0,0,0,0.0,0.0,0.0,0.0,0.0,0.0,0.0,0.0,0.0,0.0,0.0,0.0,0.0,0.0,0.0,0.0,0,-107875648.0,69,0.0,138,0.0,2.012,ERR,ERR,ERR,ERR,ERR,ERR,ERR,ERR,ERR,ERR,ERR,ERR,ERR,ERR,ERR,ERR,ERR,ERR,ERR,ERR,ERR,ERR,ERR,ERR,ERR,ERR,ERR,ERR,ERR,ERR,ERR,ERR,ERR,ERR,ERR,ERR,ERR,ERR,ERR,ERR,ERR,ERR,ERR,ERR,ERR,ERR,ERR,ERR,ERR,ERR,ERR,ERR,ERR,ERR,ERR,ERR,ERR,ERR,ERR,ERR,ERR,ERR,ERR,ERR,ERR,ERR,ERR,60.0,60.0,35,0.0,0.0,0.0,0.0,0.0,0.0,0.0,0.0,0.0,0.0,0.0,0.0,0.0,0.0,0.0,0.0,65.2,0,110,53,34,65476,0,300,0,0,8,20529,65476,0,0,2621,60.0,0.0,0.0,0.0,0.0,0.0
2026-07-09T15:47:02,ERR,ERR,ERR,ERR,ERR,ERR,ERR,ERR,ERR,ERR,ERR,ERR,ERR,ERR,ERR,ERR,ERR,ERR,ERR,ERR,ERR,ERR,ERR,ERR,ERR,ERR,ERR,ERR,ERR,ERR,ERR,ERR,ERR,ERR,ERR,ERR,ERR,ERR,ERR,ERR,ERR,ERR,ERR,ERR,ERR,ERR,ERR,ERR,ERR,ERR,ERR,ERR,ERR,ERR,ERR,ERR,ERR,ERR,ERR,ERR,ERR,ERR,ERR,ERR,ERR,ERR,ERR,ERR,ERR,ERR,ERR,ERR,ERR,ERR,ERR,ERR,ERR,ERR,ERR,ERR,ERR,ERR,ERR,ERR,ERR,ERR,ERR,ERR,ERR,ERR,ERR,ERR,ERR,ERR,ERR,ERR,ERR,ERR,ERR,ERR,ERR,ERR,ERR,ERR,ERR,ERR,ERR,ERR,ERR,ERR,ERR,ERR,ERR,ERR,ERR,ERR,ERR,ERR,ERR,ERR,ERR,ERR,ERR,ERR,ERR,-107615088.0,-107616000.0,-107614864.0,2.7183478752108883e+23,-0.0,-0.0,0.0,1.541,0,0,4,17310,7116,0.0,100,0.0,0.0,2.7183478752108883e+23,0.0,0.0,0,0,0,0,0.0,0,0,0,0,0,0,0,0,0,0,0,0,0,0,0,0,0,0,0,0,0,0,0,0,0,0,0,0,0,0,0,0,0,31,40,40,71,65476,0,300,0,0,8,21553,0.0,-107605600.0,0.0,0.0,0.0,0.0,0.0,0.0,0.0,0.0,0.0,0.0,0.0,0.0,0.0,0.0,0.0,0.0,0.0,0.0,0.0,0.0,2.004,2.004,0.0,0.0,0.0,0.0,0.0,0.0,5370.0,0.0,6916.0,-107615088.0,0.0,2.004,2.004,0.0,0.0,0.0,0.0,69,2.718419752660941e+23,-3.222007563397227e+26,0.0,0.0,0.0,0.0,0.0,0.0,0.0,0,0,0,0.0,0.0,0.0,0.0,0.0,0.0,0.0,0.0,0.0,0.0,0.0,0.0,0.0,0.0,0.0,0.0,0,-107875648.0,69,0.0,138,0.0,2.012,ERR,ERR,ERR,ERR,ERR,ERR,ERR,ERR,ERR,ERR,ERR,ERR,ERR,ERR,ERR,ERR,ERR,ERR,ERR,ERR,ERR,ERR,ERR,ERR,ERR,ERR,ERR,ERR,ERR,ERR,ERR,ERR,ERR,ERR,ERR,ERR,ERR,ERR,ERR,ERR,ERR,ERR,ERR,ERR,ERR,ERR,ERR,ERR,ERR,ERR,ERR,ERR,ERR,ERR,ERR,ERR,ERR,ERR,ERR,ERR,ERR,ERR,ERR,ERR,ERR,ERR,ERR,60.0,60.0,35,0.0,0.0,0.0,0.0,0.0,0.0,0.0,0.0,0.0,0.0,0.0,0.0,0.0,0.0,0.0,0.0,65.2,0,110,53,34,65476,0,300,0,0,8,20529,65476,0,0,2621,60.0,0.0,0.0,0.0,0.0,0.0
2026-07-09T15:47:03,ERR,ERR,ERR,ERR,ERR,ERR,ERR,ERR,ERR,ERR,ERR,ERR,ERR,ERR,ERR,ERR,ERR,ERR,ERR,ERR,ERR,ERR,ERR,ERR,ERR,ERR,ERR,ERR,ERR,ERR,ERR,ERR,ERR,ERR,ERR,ERR,ERR,ERR,ERR,ERR,ERR,ERR,ERR,ERR,ERR,ERR,ERR,ERR,ERR,ERR,ERR,ERR,ERR,ERR,ERR,ERR,ERR,ERR,ERR,ERR,ERR,ERR,ERR,ERR,ERR,ERR,ERR,ERR,ERR,ERR,ERR,ERR,ERR,ERR,ERR,ERR,ERR,ERR,ERR,ERR,ERR,ERR,ERR,ERR,ERR,ERR,ERR,ERR,ERR,ERR,ERR,ERR,ERR,ERR,ERR,ERR,ERR,ERR,ERR,ERR,ERR,ERR,ERR,ERR,ERR,ERR,ERR,ERR,ERR,ERR,ERR,ERR,ERR,ERR,ERR,ERR,ERR,ERR,ERR,ERR,ERR,ERR,ERR,ERR,ERR,-107615088.0,-107616000.0,-107614864.0,2.7183478752108883e+23,-0.0,-0.0,0.0,1.541,0,0,4,17310,7116,0.0,100,0.0,0.0,2.7183478752108883e+23,0.0,0.0,0,0,0,0,0.0,0,0,0,0,0,0,0,0,0,0,0,0,0,0,0,0,0,0,0,0,0,0,0,0,0,0,0,0,0,0,0,0,0,31,40,40,71,65476,0,300,0,0,8,21553,0.0,-107605600.0,0.0,0.0,0.0,0.0,0.0,0.0,0.0,0.0,0.0,0.0,0.0,0.0,0.0,0.0,0.0,0.0,0.0,0.0,0.0,0.0,2.004,2.004,0.0,0.0,0.0,0.0,0.0,0.0,5370.0,0.0,6916.0,-107615088.0,0.0,2.004,2.004,0.0,0.0,0.0,0.0,69,2.718419752660941e+23,-3.222007563397227e+26,0.0,0.0,0.0,0.0,0.0,0.0,0.0,0,0,0,0.0,0.0,0.0,0.0,0.0,0.0,0.0,0.0,0.0,0.0,0.0,0.0,0.0,0.0,0.0,0.0,0,-107875648.0,69,0.0,138,0.0,2.012,ERR,ERR,ERR,ERR,ERR,ERR,ERR,ERR,ERR,ERR,ERR,ERR,ERR,ERR,ERR,ERR,ERR,ERR,ERR,ERR,ERR,ERR,ERR,ERR,ERR,ERR,ERR,ERR,ERR,ERR,ERR,ERR,ERR,ERR,ERR,ERR,ERR,ERR,ERR,ERR,ERR,ERR,ERR,ERR,ERR,ERR,ERR,ERR,ERR,ERR,ERR,ERR,ERR,ERR,ERR,ERR,ERR,ERR,ERR,ERR,ERR,ERR,ERR,ERR,ERR,ERR,ERR,60.0,60.0,35,0.0,0.0,0.0,0.0,0.0,0.0,0.0,0.0,0.0,0.0,0.0,0.0,0.0,0.0,0.0,0.0,65.2,0,110,53,34,65476,0,300,0,0,8,20529,65476,0,0,2621,60.0,0.0,0.0,0.0,0.0,0.0
2026-07-09T15:47:04,ERR,ERR,ERR,ERR,ERR,ERR,ERR,ERR,ERR,ERR,ERR,ERR,ERR,ERR,ERR,ERR,ERR,ERR,ERR,ERR,ERR,ERR,ERR,ERR,ERR,ERR,ERR,ERR,ERR,ERR,ERR,ERR,ERR,ERR,ERR,ERR,ERR,ERR,ERR,ERR,ERR,ERR,ERR,ERR,ERR,ERR,ERR,ERR,ERR,ERR,ERR,ERR,ERR,ERR,ERR,ERR,ERR,ERR,ERR,ERR,ERR,ERR,ERR,ERR,ERR,ERR,ERR,ERR,ERR,ERR,ERR,ERR,ERR,ERR,ERR,ERR,ERR,ERR,ERR,ERR,ERR,ERR,ERR,ERR,ERR,ERR,ERR,ERR,ERR,ERR,ERR,ERR,ERR,ERR,ERR,ERR,ERR,ERR,ERR,ERR,ERR,ERR,ERR,ERR,ERR,ERR,ERR,ERR,ERR,ERR,ERR,ERR,ERR,ERR,ERR,ERR,ERR,ERR,ERR,ERR,ERR,ERR,ERR,ERR,ERR,-107615088.0,-107616000.0,-107614864.0,2.7183478752108883e+23,-0.0,-0.0,0.0,1.541,0,0,4,17310,7116,0.0,100,0.0,0.0,2.7183478752108883e+23,0.0,0.0,0,0,0,0,0.0,0,0,0,0,0,0,0,0,0,0,0,0,0,0,0,0,0,0,0,0,0,0,0,0,0,0,0,0,0,0,0,0,0,31,40,40,71,65476,0,300,0,0,8,21553,0.0,-107605600.0,0.0,0.0,0.0,0.0,0.0,0.0,0.0,0.0,0.0,0.0,0.0,0.0,0.0,0.0,0.0,0.0,0.0,0.0,0.0,0.0,2.004,2.004,0.0,0.0,0.0,0.0,0.0,0.0,5370.0,0.0,6916.0,-107615088.0,0.0,2.004,2.004,0.0,0.0,0.0,0.0,69,2.718419752660941e+23,-3.222007563397227e+26,0.0,0.0,0.0,0.0,0.0,0.0,0.0,0,0,0,0.0,0.0,0.0,0.0,0.0,0.0,0.0,0.0,0.0,0.0,0.0,0.0,0.0,0.0,0.0,0.0,0,-107875648.0,69,0.0,138,0.0,2.012,ERR,ERR,ERR,ERR,ERR,ERR,ERR,ERR,ERR,ERR,ERR,ERR,ERR,ERR,ERR,ERR,ERR,ERR,ERR,ERR,ERR,ERR,ERR,ERR,ERR,ERR,ERR,ERR,ERR,ERR,ERR,ERR,ERR,ERR,ERR,ERR,ERR,ERR,ERR,ERR,ERR,ERR,ERR,ERR,ERR,ERR,ERR,ERR,ERR,ERR,ERR,ERR,ERR,ERR,ERR,ERR,ERR,ERR,ERR,ERR,ERR,ERR,ERR,ERR,ERR,ERR,ERR,60.0,60.0,35,0.0,0.0,0.0,0.0,0.0,0.0,0.0,0.0,0.0,0.0,0.0,0.0,0.0,0.0,0.0,0.0,65.2,0,110,53,34,65476,0,300,0,0,8,20529,65476,0,0,2621,60.0,0.0,0.0,0.0,0.0,0.0
2026-07-09T15:47:05,ERR,ERR,ERR,ERR,ERR,ERR,ERR,ERR,ERR,ERR,ERR,ERR,ERR,ERR,ERR,ERR,ERR,ERR,ERR,ERR,ERR,ERR,ERR,ERR,ERR,ERR,ERR,ERR,ERR,ERR,ERR,ERR,ERR,ERR,ERR,ERR,ERR,ERR,ERR,ERR,ERR,ERR,ERR,ERR,ERR,ERR,ERR,ERR,ERR,ERR,ERR,ERR,ERR,ERR,ERR,ERR,ERR,ERR,ERR,ERR,ERR,ERR,ERR,ERR,ERR,ERR,ERR,ERR,ERR,ERR,ERR,ERR,ERR,ERR,ERR,ERR,ERR,ERR,ERR,ERR,ERR,ERR,ERR,ERR,ERR,ERR,ERR,ERR,ERR,ERR,ERR,ERR,ERR,ERR,ERR,ERR,ERR,ERR,ERR,ERR,ERR,ERR,ERR,ERR,ERR,ERR,ERR,ERR,ERR,ERR,ERR,ERR,ERR,ERR,ERR,ERR,ERR,ERR,ERR,ERR,ERR,ERR,ERR,ERR,ERR,-107615088.0,0.0,-0.0,2.7183478752108883e+23,0.0,-3.786293863270641e+21,nan,-64760397824.0,0,0,4,17308,7116,0.0,100,0.0,0.0,0.0,0.0,0.0,0,0,0,0,0.0,0,0,0,0,0,0,0,0,0,0,0,0,0,0,0,0,0,0,0,0,0,0,0,0,0,0,0,0,0,0,0,0,0,31,40,40,71,65476,0,300,0,0,8,21553,0.0,-107605600.0,0.0,0.0,0.0,0.0,0.0,0.0,0.0,0.0,0.0,0.0,0.0,0.0,0.0,0.0,0.0,0.0,0.0,0.0,0.0,0.0,2.004,2.004,0.0,0.0,0.0,0.0,0.0,0.0,5363.0,0.0,6919.0,0.0,-0.0,2.004,2.004,0.0,0.0,0.0,0.0,69,0.0,0.0,0.0,0.0,0.0,0.0,0.0,0.0,0.0,0,0,0,0.0,0.0,0.0,0.0,0.0,0.0,0.0,0.0,0.0,0.0,0.0,0.0,0.0,0.0,0.0,0.0,0,-107875648.0,69,0.0,138,0.0,2.012,ERR,ERR,ERR,ERR,ERR,ERR,ERR,ERR,ERR,ERR,ERR,ERR,ERR,ERR,ERR,ERR,ERR,ERR,ERR,ERR,ERR,ERR,ERR,ERR,ERR,ERR,ERR,ERR,ERR,ERR,ERR,ERR,ERR,ERR,ERR,ERR,ERR,ERR,ERR,ERR,ERR,ERR,ERR,ERR,ERR,ERR,ERR,ERR,ERR,ERR,ERR,ERR,ERR,ERR,ERR,ERR,ERR,ERR,ERR,ERR,ERR,ERR,ERR,ERR,ERR,ERR,ERR,60.0,60.0,35,0.0,0.0,0.0,0.0,0.0,0.0,0.0,0.0,0.0,0.0,0.0,0.0,0.0,0.0,0.0,0.0,65.2,0,110,53,34,65476,0,300,0,0,8,20529,65476,0,0,2621,60.0,0.0,0.0,0.0,0.0,0.0
2026-07-09T15:47:06,ERR,ERR,ERR,ERR,ERR,ERR,ERR,ERR,ERR,ERR,ERR,ERR,ERR,ERR,ERR,ERR,ERR,ERR,ERR,ERR,ERR,ERR,ERR,ERR,ERR,ERR,ERR,ERR,ERR,ERR,ERR,ERR,ERR,ERR,ERR,ERR,ERR,ERR,ERR,ERR,ERR,ERR,ERR,ERR,ERR,ERR,ERR,ERR,ERR,ERR,ERR,ERR,ERR,ERR,ERR,ERR,ERR,ERR,ERR,ERR,ERR,ERR,ERR,ERR,ERR,ERR,ERR,ERR,ERR,ERR,ERR,ERR,ERR,ERR,ERR,ERR,ERR,ERR,ERR,ERR,ERR,ERR,ERR,ERR,ERR,ERR,ERR,ERR,ERR,ERR,ERR,ERR,ERR,ERR,ERR,ERR,ERR,ERR,ERR,ERR,ERR,ERR,ERR,ERR,ERR,ERR,ERR,ERR,ERR,ERR,ERR,ERR,ERR,ERR,ERR,ERR,ERR,ERR,ERR,ERR,ERR,ERR,ERR,ERR,ERR,-107615088.0,0.0,-0.0,2.7183478752108883e+23,0.0,-3.786293863270641e+21,nan,-64760397824.0,0,0,4,17308,7116,0.0,100,0.0,0.0,0.0,0.0,0.0,0,0,0,0,0.0,0,0,0,0,0,0,0,0,0,0,0,0,0,0,0,0,0,0,0,0,0,0,0,0,0,0,0,0,0,0,0,0,0,31,40,40,71,65476,0,300,0,0,8,21553,0.0,-107605600.0,0.0,0.0,0.0,0.0,0.0,0.0,0.0,0.0,0.0,0.0,0.0,0.0,0.0,0.0,0.0,0.0,0.0,0.0,0.0,0.0,2.004,2.004,0.0,0.0,0.0,0.0,0.0,0.0,5363.0,0.0,6919.0,0.0,-0.0,2.004,2.004,0.0,0.0,0.0,0.0,69,0.0,0.0,0.0,0.0,0.0,0.0,0.0,0.0,0.0,0,0,0,0.0,0.0,0.0,0.0,0.0,0.0,0.0,0.0,0.0,0.0,0.0,0.0,0.0,0.0,0.0,0.0,0,-107875648.0,69,0.0,138,0.0,2.012,ERR,ERR,ERR,ERR,ERR,ERR,ERR,ERR,ERR,ERR,ERR,ERR,ERR,ERR,ERR,ERR,ERR,ERR,ERR,ERR,ERR,ERR,ERR,ERR,ERR,ERR,ERR,ERR,ERR,ERR,ERR,ERR,ERR,ERR,ERR,ERR,ERR,ERR,ERR,ERR,ERR,ERR,ERR,ERR,ERR,ERR,ERR,ERR,ERR,ERR,ERR,ERR,ERR,ERR,ERR,ERR,ERR,ERR,ERR,ERR,ERR,ERR,ERR,ERR,ERR,ERR,ERR,60.0,60.0,35,0.0,0.0,0.0,0.0,0.0,0.0,0.0,0.0,0.0,0.0,0.0,0.0,0.0,0.0,0.0,0.0,65.2,0,110,53,34,65476,0,300,0,0,8,20529,65476,0,0,2621,60.0,0.0,0.0,0.0,0.0,0.0
2026-07-09T15:47:07,ERR,ERR,ERR,ERR,ERR,ERR,ERR,ERR,ERR,ERR,ERR,ERR,ERR,ERR,ERR,ERR,ERR,ERR,ERR,ERR,ERR,ERR,ERR,ERR,ERR,ERR,ERR,ERR,ERR,ERR,ERR,ERR,ERR,ERR,ERR,ERR,ERR,ERR,ERR,ERR,ERR,ERR,ERR,ERR,ERR,ERR,ERR,ERR,ERR,ERR,ERR,ERR,ERR,ERR,ERR,ERR,ERR,ERR,ERR,ERR,ERR,ERR,ERR,ERR,ERR,ERR,ERR,ERR,ERR,ERR,ERR,ERR,ERR,ERR,ERR,ERR,ERR,ERR,ERR,ERR,ERR,ERR,ERR,ERR,ERR,ERR,ERR,ERR,ERR,ERR,ERR,ERR,ERR,ERR,ERR,ERR,ERR,ERR,ERR,ERR,ERR,ERR,ERR,ERR,ERR,ERR,ERR,ERR,ERR,ERR,ERR,ERR,ERR,ERR,ERR,ERR,ERR,ERR,ERR,ERR,ERR,ERR,ERR,ERR,ERR,-107615088.0,0.0,-0.0,2.7183478752108883e+23,0.0,-3.786293863270641e+21,nan,-64760397824.0,0,0,4,17308,7116,0.0,100,0.0,0.0,0.0,0.0,0.0,0,0,0,0,0.0,0,0,0,0,0,0,0,0,0,0,0,0,0,0,0,0,0,0,0,0,0,0,0,0,0,0,0,0,0,0,0,0,0,31,40,40,71,65476,0,300,0,0,8,21553,0.0,-107605600.0,0.0,0.0,0.0,0.0,0.0,0.0,0.0,0.0,0.0,0.0,0.0,0.0,0.0,0.0,0.0,0.0,0.0,0.0,0.0,0.0,2.004,2.004,0.0,0.0,0.0,0.0,0.0,0.0,5363.0,0.0,6919.0,0.0,-0.0,2.004,2.004,0.0,0.0,0.0,0.0,69,0.0,0.0,0.0,0.0,0.0,0.0,0.0,0.0,0.0,0,0,0,0.0,0.0,0.0,0.0,0.0,0.0,0.0,0.0,0.0,0.0,0.0,0.0,0.0,0.0,0.0,0.0,0,-107875648.0,69,0.0,138,0.0,2.012,ERR,ERR,ERR,ERR,ERR,ERR,ERR,ERR,ERR,ERR,ERR,ERR,ERR,ERR,ERR,ERR,ERR,ERR,ERR,ERR,ERR,ERR,ERR,ERR,ERR,ERR,ERR,ERR,ERR,ERR,ERR,ERR,ERR,ERR,ERR,ERR,ERR,ERR,ERR,ERR,ERR,ERR,ERR,ERR,ERR,ERR,ERR,ERR,ERR,ERR,ERR,ERR,ERR,ERR,ERR,ERR,ERR,ERR,ERR,ERR,ERR,ERR,ERR,ERR,ERR,ERR,ERR,60.0,60.0,35,0.0,0.0,0.0,0.0,0.0,0.0,0.0,0.0,0.0,0.0,0.0,0.0,0.0,0.0,0.0,0.0,65.2,0,110,53,34,65476,0,300,0,0,8,20529,65476,0,0,2621,60.0,0.0,0.0,0.0,0.0,0.0
2026-07-09T15:47:08,ERR,ERR,ERR,ERR,ERR,ERR,ERR,ERR,ERR,ERR,ERR,ERR,ERR,ERR,ERR,ERR,ERR,ERR,ERR,ERR,ERR,ERR,ERR,ERR,ERR,ERR,ERR,ERR,ERR,ERR,ERR,ERR,ERR,ERR,ERR,ERR,ERR,ERR,ERR,ERR,ERR,ERR,ERR,ERR,ERR,ERR,ERR,ERR,ERR,ERR,ERR,ERR,ERR,ERR,ERR,ERR,ERR,ERR,ERR,ERR,ERR,ERR,ERR,ERR,ERR,ERR,ERR,ERR,ERR,ERR,ERR,ERR,ERR,ERR,ERR,ERR,ERR,ERR,ERR,ERR,ERR,ERR,ERR,ERR,ERR,ERR,ERR,ERR,ERR,ERR,ERR,ERR,ERR,ERR,ERR,ERR,ERR,ERR,ERR,ERR,ERR,ERR,ERR,ERR,ERR,ERR,ERR,ERR,ERR,ERR,ERR,ERR,ERR,ERR,ERR,ERR,ERR,ERR,ERR,ERR,ERR,ERR,ERR,ERR,ERR,-107615088.0,0.0,-0.0,2.7183478752108883e+23,0.0,-3.786293863270641e+21,nan,-64760397824.0,0,0,4,17308,7116,0.0,100,0.0,0.0,0.0,0.0,0.0,0,0,0,0,0.0,0,0,0,0,0,0,0,0,0,0,0,0,0,0,0,0,0,0,0,0,0,0,0,0,0,0,0,0,0,0,0,0,0,31,40,40,71,65476,0,300,0,0,8,21553,0.0,-107605600.0,0.0,0.0,0.0,0.0,0.0,0.0,0.0,0.0,0.0,0.0,0.0,0.0,0.0,0.0,0.0,0.0,0.0,0.0,0.0,0.0,2.004,2.004,0.0,0.0,0.0,0.0,0.0,0.0,5363.0,0.0,6919.0,0.0,-0.0,2.004,2.004,0.0,0.0,0.0,0.0,69,0.0,0.0,0.0,0.0,0.0,0.0,0.0,0.0,0.0,0,0,0,0.0,0.0,0.0,0.0,0.0,0.0,0.0,0.0,0.0,0.0,0.0,0.0,0.0,0.0,0.0,0.0,0,-107875648.0,69,0.0,138,0.0,2.012,ERR,ERR,ERR,ERR,ERR,ERR,ERR,ERR,ERR,ERR,ERR,ERR,ERR,ERR,ERR,ERR,ERR,ERR,ERR,ERR,ERR,ERR,ERR,ERR,ERR,ERR,ERR,ERR,ERR,ERR,ERR,ERR,ERR,ERR,ERR,ERR,ERR,ERR,ERR,ERR,ERR,ERR,ERR,ERR,ERR,ERR,ERR,ERR,ERR,ERR,ERR,ERR,ERR,ERR,ERR,ERR,ERR,ERR,ERR,ERR,ERR,ERR,ERR,ERR,ERR,ERR,ERR,60.0,60.0,35,0.0,0.0,0.0,0.0,0.0,0.0,0.0,0.0,0.0,0.0,0.0,0.0,0.0,0.0,0.0,0.0,65.2,0,110,53,34,65476,0,300,0,0,8,20529,65476,0,0,2621,60.0,0.0,0.0,0.0,0.0,0.0
2026-07-09T15:47:09,ERR,ERR,ERR,ERR,ERR,ERR,ERR,ERR,ERR,ERR,ERR,ERR,ERR,ERR,ERR,ERR,ERR,ERR,ERR,ERR,ERR,ERR,ERR,ERR,ERR,ERR,ERR,ERR,ERR,ERR,ERR,ERR,ERR,ERR,ERR,ERR,ERR,ERR,ERR,ERR,ERR,ERR,ERR,ERR,ERR,ERR,ERR,ERR,ERR,ERR,ERR,ERR,ERR,ERR,ERR,ERR,ERR,ERR,ERR,ERR,ERR,ERR,ERR,ERR,ERR,ERR,ERR,ERR,ERR,ERR,ERR,ERR,ERR,ERR,ERR,ERR,ERR,ERR,ERR,ERR,ERR,ERR,ERR,ERR,ERR,ERR,ERR,ERR,ERR,ERR,ERR,ERR,ERR,ERR,ERR,ERR,ERR,ERR,ERR,ERR,ERR,ERR,ERR,ERR,ERR,ERR,ERR,ERR,ERR,ERR,ERR,ERR,ERR,ERR,ERR,ERR,ERR,ERR,ERR,ERR,ERR,ERR,ERR,ERR,ERR,-107615088.0,0.0,-0.0,2.7183478752108883e+23,0.0,-3.786293863270641e+21,nan,-64760397824.0,0,0,4,17308,7116,0.0,100,0.0,0.0,0.0,0.0,0.0,0,0,0,0,0.0,0,0,0,0,0,0,0,0,0,0,0,0,0,0,0,0,0,0,0,0,0,0,0,0,0,0,0,0,0,0,0,0,0,31,40,40,71,65476,0,300,0,0,8,21553,0.0,-107605600.0,0.0,0.0,0.0,0.0,0.0,0.0,0.0,0.0,0.0,0.0,0.0,0.0,0.0,0.0,0.0,0.0,0.0,0.0,0.0,0.0,2.004,2.004,0.0,0.0,0.0,0.0,0.0,0.0,5363.0,0.0,6919.0,0.0,-0.0,2.004,2.004,0.0,0.0,0.0,0.0,69,0.0,0.0,0.0,0.0,0.0,0.0,0.0,0.0,0.0,0,0,0,0.0,0.0,0.0,0.0,0.0,0.0,0.0,0.0,0.0,0.0,0.0,0.0,0.0,0.0,0.0,0.0,0,-107875648.0,69,0.0,138,0.0,2.012,ERR,ERR,ERR,ERR,ERR,ERR,ERR,ERR,ERR,ERR,ERR,ERR,ERR,ERR,ERR,ERR,ERR,ERR,ERR,ERR,ERR,ERR,ERR,ERR,ERR,ERR,ERR,ERR,ERR,ERR,ERR,ERR,ERR,ERR,ERR,ERR,ERR,ERR,ERR,ERR,ERR,ERR,ERR,ERR,ERR,ERR,ERR,ERR,ERR,ERR,ERR,ERR,ERR,ERR,ERR,ERR,ERR,ERR,ERR,ERR,ERR,ERR,ERR,ERR,ERR,ERR,ERR,60.0,60.0,35,0.0,0.0,0.0,0.0,0.0,0.0,0.0,0.0,0.0,0.0,0.0,0.0,0.0,0.0,0.0,0.0,65.2,0,110,53,34,65476,0,300,0,0,8,20529,65476,0,0,2621,60.0,0.0,0.0,0.0,0.0,0.0
2026-07-09T15:47:10,ERR,ERR,ERR,ERR,ERR,ERR,ERR,ERR,ERR,ERR,ERR,ERR,ERR,ERR,ERR,ERR,ERR,ERR,ERR,ERR,ERR,ERR,ERR,ERR,ERR,ERR,ERR,ERR,ERR,ERR,ERR,ERR,ERR,ERR,ERR,ERR,ERR,ERR,ERR,ERR,ERR,ERR,ERR,ERR,ERR,ERR,ERR,ERR,ERR,ERR,ERR,ERR,ERR,ERR,ERR,ERR,ERR,ERR,ERR,ERR,ERR,ERR,ERR,ERR,ERR,ERR,ERR,ERR,ERR,ERR,ERR,ERR,ERR,ERR,ERR,ERR,ERR,ERR,ERR,ERR,ERR,ERR,ERR,ERR,ERR,ERR,ERR,ERR,ERR,ERR,ERR,ERR,ERR,ERR,ERR,ERR,ERR,ERR,ERR,ERR,ERR,ERR,ERR,ERR,ERR,ERR,ERR,ERR,ERR,ERR,ERR,ERR,ERR,ERR,ERR,ERR,ERR,ERR,ERR,ERR,ERR,ERR,ERR,ERR,ERR,0.0,-107615976.0,2.7302240475722494e+23,0.0,0.0,-0.0,-0.0,-0.0,0,0,4,17309,7116,0.0,100,0.0,0.0,0.0,0.0,0.0,0,0,0,0,0.0,0,0,0,0,0,0,0,0,0,0,0,0,0,0,0,0,0,0,0,0,0,0,0,0,0,0,0,0,0,0,0,0,0,31,40,40,71,65476,0,300,0,0,8,21553,0.0,-107605600.0,0.0,0.0,0.0,0.0,0.0,0.0,0.0,0.0,0.0,0.0,0.0,0.0,0.0,0.0,0.0,0.0,0.0,0.0,0.0,0.0,-0.0,-0.0,0.0,0.0,0.0,0.0,0.0,0.0,5360.0,0.0,6918.0,0.0,-0.0,2.004,2.004,0.0,0.0,0.0,0.0,69,0.0,0.0,0.0,0.0,0.0,0.0,0.0,0.0,0.0,0,0,0,0.0,0.0,0.0,0.0,0.0,0.0,0.0,0.0,0.0,0.0,0.0,0.0,0.0,0.0,0.0,0.0,0,-107875648.0,69,0.0,138,0.0,2.012,ERR,ERR,ERR,ERR,ERR,ERR,ERR,ERR,ERR,ERR,ERR,ERR,ERR,ERR,ERR,ERR,ERR,ERR,ERR,ERR,ERR,ERR,ERR,ERR,ERR,ERR,ERR,ERR,ERR,ERR,ERR,ERR,ERR,ERR,ERR,ERR,ERR,ERR,ERR,ERR,ERR,ERR,ERR,ERR,ERR,ERR,ERR,ERR,ERR,ERR,ERR,ERR,ERR,ERR,ERR,ERR,ERR,ERR,ERR,ERR,ERR,ERR,ERR,ERR,ERR,ERR,ERR,60.0,60.0,35,0.0,0.0,0.0,0.0,0.0,0.0,0.0,0.0,0.0,0.0,0.0,0.0,0.0,0.0,0.0,0.0,65.2,0,110,53,34,65476,0,300,0,0,8,20529,65476,0,0,2621,60.0,0.0,0.0,0.0,0.0,0.0
2026-07-09T15:47:11,ERR,ERR,ERR,ERR,ERR,ERR,ERR,ERR,ERR,ERR,ERR,ERR,ERR,ERR,ERR,ERR,ERR,ERR,ERR,ERR,ERR,ERR,ERR,ERR,ERR,ERR,ERR,ERR,ERR,ERR,ERR,ERR,ERR,ERR,ERR,ERR,ERR,ERR,ERR,ERR,ERR,ERR,ERR,ERR,ERR,ERR,ERR,ERR,ERR,ERR,ERR,ERR,ERR,ERR,ERR,ERR,ERR,ERR,ERR,ERR,ERR,ERR,ERR,ERR,ERR,ERR,ERR,ERR,ERR,ERR,ERR,ERR,ERR,ERR,ERR,ERR,ERR,ERR,ERR,ERR,ERR,ERR,ERR,ERR,ERR,ERR,ERR,ERR,ERR,ERR,ERR,ERR,ERR,ERR,ERR,ERR,ERR,ERR,ERR,ERR,ERR,ERR,ERR,ERR,ERR,ERR,ERR,ERR,ERR,ERR,ERR,ERR,ERR,ERR,ERR,ERR,ERR,ERR,ERR,ERR,ERR,ERR,ERR,ERR,ERR,0.0,-107615976.0,2.7302240475722494e+23,0.0,0.0,-0.0,-0.0,-0.0,0,0,4,17309,7116,0.0,100,0.0,0.0,0.0,0.0,0.0,0,0,0,0,0.0,0,0,0,0,0,0,0,0,0,0,0,0,0,0,0,0,0,0,0,0,0,0,0,0,0,0,0,0,0,0,0,0,0,31,40,40,71,65476,0,300,0,0,8,21553,0.0,-107605600.0,0.0,0.0,0.0,0.0,0.0,0.0,0.0,0.0,0.0,0.0,0.0,0.0,0.0,0.0,0.0,0.0,0.0,0.0,0.0,0.0,-0.0,-0.0,0.0,0.0,0.0,0.0,0.0,0.0,5360.0,0.0,6918.0,0.0,-0.0,2.004,2.004,0.0,0.0,0.0,0.0,69,0.0,0.0,0.0,0.0,0.0,0.0,0.0,0.0,0.0,0,0,0,0.0,0.0,0.0,0.0,0.0,0.0,0.0,0.0,0.0,0.0,0.0,0.0,0.0,0.0,0.0,0.0,0,-107875648.0,69,0.0,138,0.0,2.012,ERR,ERR,ERR,ERR,ERR,ERR,ERR,ERR,ERR,ERR,ERR,ERR,ERR,ERR,ERR,ERR,ERR,ERR,ERR,ERR,ERR,ERR,ERR,ERR,ERR,ERR,ERR,ERR,ERR,ERR,ERR,ERR,ERR,ERR,ERR,ERR,ERR,ERR,ERR,ERR,ERR,ERR,ERR,ERR,ERR,ERR,ERR,ERR,ERR,ERR,ERR,ERR,ERR,ERR,ERR,ERR,ERR,ERR,ERR,ERR,ERR,ERR,ERR,ERR,ERR,ERR,ERR,60.0,60.0,35,0.0,0.0,0.0,0.0,0.0,0.0,0.0,0.0,0.0,0.0,0.0,0.0,0.0,0.0,0.0,0.0,65.2,0,110,53,34,65476,0,300,0,0,8,20529,65476,0,0,2621,60.0,0.0,0.0,0.0,0.0,0.0
2026-07-09T15:47:12,ERR,ERR,ERR,ERR,ERR,ERR,ERR,ERR,ERR,ERR,ERR,ERR,ERR,ERR,ERR,ERR,ERR,ERR,ERR,ERR,ERR,ERR,ERR,ERR,ERR,ERR,ERR,ERR,ERR,ERR,ERR,ERR,ERR,ERR,ERR,ERR,ERR,ERR,ERR,ERR,ERR,ERR,ERR,ERR,ERR,ERR,ERR,ERR,ERR,ERR,ERR,ERR,ERR,ERR,ERR,ERR,ERR,ERR,ERR,ERR,ERR,ERR,ERR,ERR,ERR,ERR,ERR,ERR,ERR,ERR,ERR,ERR,ERR,ERR,ERR,ERR,ERR,ERR,ERR,ERR,ERR,ERR,ERR,ERR,ERR,ERR,ERR,ERR,ERR,ERR,ERR,ERR,ERR,ERR,ERR,ERR,ERR,ERR,ERR,ERR,ERR,ERR,ERR,ERR,ERR,ERR,ERR,ERR,ERR,ERR,ERR,ERR,ERR,ERR,ERR,ERR,ERR,ERR,ERR,ERR,ERR,ERR,ERR,ERR,ERR,0.0,-107615976.0,2.7302240475722494e+23,0.0,0.0,-0.0,-0.0,-0.0,0,0,4,17309,7116,0.0,100,0.0,0.0,0.0,0.0,0.0,0,0,0,0,0.0,0,0,0,0,0,0,0,0,0,0,0,0,0,0,0,0,0,0,0,0,0,0,0,0,0,0,0,0,0,0,0,0,0,31,40,40,71,65476,0,300,0,0,8,21553,0.0,-107605600.0,0.0,0.0,0.0,0.0,0.0,0.0,0.0,0.0,0.0,0.0,0.0,0.0,0.0,0.0,0.0,0.0,0.0,0.0,0.0,0.0,-0.0,-0.0,0.0,0.0,0.0,0.0,0.0,0.0,5360.0,0.0,6918.0,0.0,-0.0,2.004,2.004,0.0,0.0,0.0,0.0,69,0.0,0.0,0.0,0.0,0.0,0.0,0.0,0.0,0.0,0,0,0,0.0,0.0,0.0,0.0,0.0,0.0,0.0,0.0,0.0,0.0,0.0,0.0,0.0,0.0,0.0,0.0,0,-107875648.0,69,0.0,138,0.0,2.012,ERR,ERR,ERR,ERR,ERR,ERR,ERR,ERR,ERR,ERR,ERR,ERR,ERR,ERR,ERR,ERR,ERR,ERR,ERR,ERR,ERR,ERR,ERR,ERR,ERR,ERR,ERR,ERR,ERR,ERR,ERR,ERR,ERR,ERR,ERR,ERR,ERR,ERR,ERR,ERR,ERR,ERR,ERR,ERR,ERR,ERR,ERR,ERR,ERR,ERR,ERR,ERR,ERR,ERR,ERR,ERR,ERR,ERR,ERR,ERR,ERR,ERR,ERR,ERR,ERR,ERR,ERR,60.0,60.0,35,0.0,0.0,0.0,0.0,0.0,0.0,0.0,0.0,0.0,0.0,0.0,0.0,0.0,0.0,0.0,0.0,65.2,0,110,53,34,65476,0,300,0,0,8,20529,65476,0,0,2621,60.0,0.0,0.0,0.0,0.0,0.0
2026-07-09T15:47:13,ERR,ERR,ERR,ERR,ERR,ERR,ERR,ERR,ERR,ERR,ERR,ERR,ERR,ERR,ERR,ERR,ERR,ERR,ERR,ERR,ERR,ERR,ERR,ERR,ERR,ERR,ERR,ERR,ERR,ERR,ERR,ERR,ERR,ERR,ERR,ERR,ERR,ERR,ERR,ERR,ERR,ERR,ERR,ERR,ERR,ERR,ERR,ERR,ERR,ERR,ERR,ERR,ERR,ERR,ERR,ERR,ERR,ERR,ERR,ERR,ERR,ERR,ERR,ERR,ERR,ERR,ERR,ERR,ERR,ERR,ERR,ERR,ERR,ERR,ERR,ERR,ERR,ERR,ERR,ERR,ERR,ERR,ERR,ERR,ERR,ERR,ERR,ERR,ERR,ERR,ERR,ERR,ERR,ERR,ERR,ERR,ERR,ERR,ERR,ERR,ERR,ERR,ERR,ERR,ERR,ERR,ERR,ERR,ERR,ERR,ERR,ERR,ERR,ERR,ERR,ERR,ERR,ERR,ERR,ERR,ERR,ERR,ERR,ERR,ERR,0.0,-107615976.0,2.7302240475722494e+23,0.0,0.0,-0.0,-0.0,-0.0,0,0,4,17309,7116,0.0,100,0.0,0.0,0.0,0.0,0.0,0,0,0,0,0.0,0,0,0,0,0,0,0,0,0,0,0,0,0,0,0,0,0,0,0,0,0,0,0,0,0,0,0,0,0,0,0,0,0,31,40,40,71,65476,0,300,0,0,8,21553,0.0,-107605600.0,0.0,0.0,0.0,0.0,0.0,0.0,0.0,0.0,0.0,0.0,0.0,0.0,0.0,0.0,0.0,0.0,0.0,0.0,0.0,0.0,-0.0,-0.0,0.0,0.0,0.0,0.0,0.0,0.0,5360.0,0.0,6918.0,0.0,-0.0,2.004,2.004,0.0,0.0,0.0,0.0,69,0.0,0.0,0.0,0.0,0.0,0.0,0.0,0.0,0.0,0,0,0,0.0,0.0,0.0,0.0,0.0,0.0,0.0,0.0,0.0,0.0,0.0,0.0,0.0,0.0,0.0,0.0,0,-107875648.0,69,0.0,138,0.0,2.012,ERR,ERR,ERR,ERR,ERR,ERR,ERR,ERR,ERR,ERR,ERR,ERR,ERR,ERR,ERR,ERR,ERR,ERR,ERR,ERR,ERR,ERR,ERR,ERR,ERR,ERR,ERR,ERR,ERR,ERR,ERR,ERR,ERR,ERR,ERR,ERR,ERR,ERR,ERR,ERR,ERR,ERR,ERR,ERR,ERR,ERR,ERR,ERR,ERR,ERR,ERR,ERR,ERR,ERR,ERR,ERR,ERR,ERR,ERR,ERR,ERR,ERR,ERR,ERR,ERR,ERR,ERR,60.0,60.0,35,0.0,0.0,0.0,0.0,0.0,0.0,0.0,0.0,0.0,0.0,0.0,0.0,0.0,0.0,0.0,0.0,65.2,0,110,53,34,65476,0,300,0,0,8,20529,65476,0,0,2621,60.0,0.0,0.0,0.0,0.0,0.0
2026-07-09T15:47:14,ERR,ERR,ERR,ERR,ERR,ERR,ERR,ERR,ERR,ERR,ERR,ERR,ERR,ERR,ERR,ERR,ERR,ERR,ERR,ERR,ERR,ERR,ERR,ERR,ERR,ERR,ERR,ERR,ERR,ERR,ERR,ERR,ERR,ERR,ERR,ERR,ERR,ERR,ERR,ERR,ERR,ERR,ERR,ERR,ERR,ERR,ERR,ERR,ERR,ERR,ERR,ERR,ERR,ERR,ERR,ERR,ERR,ERR,ERR,ERR,ERR,ERR,ERR,ERR,ERR,ERR,ERR,ERR,ERR,ERR,ERR,ERR,ERR,ERR,ERR,ERR,ERR,ERR,ERR,ERR,ERR,ERR,ERR,ERR,ERR,ERR,ERR,ERR,ERR,ERR,ERR,ERR,ERR,ERR,ERR,ERR,ERR,ERR,ERR,ERR,ERR,ERR,ERR,ERR,ERR,ERR,ERR,ERR,ERR,ERR,ERR,ERR,ERR,ERR,ERR,ERR,ERR,ERR,ERR,ERR,ERR,ERR,ERR,ERR,ERR,0.0,-107615976.0,2.7302240475722494e+23,0.0,0.0,-0.0,-0.0,-0.0,0,0,4,17309,7116,0.0,100,0.0,0.0,0.0,0.0,0.0,0,0,0,0,0.0,0,0,0,0,0,0,0,0,0,0,0,0,0,0,0,0,0,0,0,0,0,0,0,0,0,0,0,0,0,0,0,0,0,31,40,40,71,65476,0,300,0,0,8,21553,0.0,-107605600.0,0.0,0.0,0.0,0.0,0.0,0.0,0.0,0.0,0.0,0.0,0.0,0.0,0.0,0.0,0.0,0.0,0.0,0.0,0.0,0.0,-0.0,-0.0,0.0,0.0,0.0,0.0,0.0,0.0,5360.0,0.0,6918.0,0.0,-0.0,2.004,2.004,0.0,0.0,0.0,0.0,69,0.0,0.0,0.0,0.0,0.0,0.0,0.0,0.0,0.0,0,0,0,0.0,0.0,0.0,0.0,0.0,0.0,0.0,0.0,0.0,0.0,0.0,0.0,0.0,0.0,0.0,0.0,0,-107875648.0,69,0.0,138,0.0,2.012,ERR,ERR,ERR,ERR,ERR,ERR,ERR,ERR,ERR,ERR,ERR,ERR,ERR,ERR,ERR,ERR,ERR,ERR,ERR,ERR,ERR,ERR,ERR,ERR,ERR,ERR,ERR,ERR,ERR,ERR,ERR,ERR,ERR,ERR,ERR,ERR,ERR,ERR,ERR,ERR,ERR,ERR,ERR,ERR,ERR,ERR,ERR,ERR,ERR,ERR,ERR,ERR,ERR,ERR,ERR,ERR,ERR,ERR,ERR,ERR,ERR,ERR,ERR,ERR,ERR,ERR,ERR,60.0,60.0,35,0.0,0.0,0.0,0.0,0.0,0.0,0.0,0.0,0.0,0.0,0.0,0.0,0.0,0.0,0.0,0.0,65.2,0,110,53,34,65476,0,300,0,0,8,20529,65476,0,0,2621,60.0,0.0,0.0,0.0,0.0,0.0
2026-07-09T15:47:15,ERR,ERR,ERR,ERR,ERR,ERR,ERR,ERR,ERR,ERR,ERR,ERR,ERR,ERR,ERR,ERR,ERR,ERR,ERR,ERR,ERR,ERR,ERR,ERR,ERR,ERR,ERR,ERR,ERR,ERR,ERR,ERR,ERR,ERR,ERR,ERR,ERR,ERR,ERR,ERR,ERR,ERR,ERR,ERR,ERR,ERR,ERR,ERR,ERR,ERR,ERR,ERR,ERR,ERR,ERR,ERR,ERR,ERR,ERR,ERR,ERR,ERR,ERR,ERR,ERR,ERR,ERR,ERR,ERR,ERR,ERR,ERR,ERR,ERR,ERR,ERR,ERR,ERR,ERR,ERR,ERR,ERR,ERR,ERR,ERR,ERR,ERR,ERR,ERR,ERR,ERR,ERR,ERR,ERR,ERR,ERR,ERR,ERR,ERR,ERR,ERR,ERR,ERR,ERR,ERR,ERR,ERR,ERR,ERR,ERR,ERR,ERR,ERR,ERR,ERR,ERR,ERR,ERR,ERR,ERR,ERR,ERR,ERR,ERR,ERR,0.0,0.0,0.0,2.7183478752108883e+23,-2101766.25,-1951788.375,-1.924,2.2041425344977116e+36,0,0,4,17308,7116,0.0,100,0.0,0.0,2.7183478752108883e+23,0.0,0.0,0,0,0,0,0.0,0,0,0,0,0,0,0,0,0,0,0,0,0,0,0,0,0,0,0,0,0,0,0,0,0,0,0,0,0,0,0,0,0,31,40,40,71,65476,0,300,0,0,8,21553,0.0,-107605600.0,0.0,0.0,0.0,0.0,0.0,0.0,0.0,0.0,0.0,0.0,0.0,0.0,0.0,0.0,0.0,0.0,0.0,0.0,0.0,0.0,-0.0,0.0,0.0,0.0,0.0,0.0,0.0,0.0,5356.0,2.004,6920.0,0.0,0.0,2.004,2.004,0.0,0.0,0.0,0.0,69,-4.950406160223553e+32,0.0,0.0,0.0,0.0,0.0,0.0,0.0,0.0,0,0,0,0.0,0.0,0.0,0.0,0.0,0.0,0.0,0.0,0.0,0.0,0.0,0.0,0.0,0.0,0.0,0.0,0,-107875648.0,69,0.0,138,0.0,2.012,ERR,ERR,ERR,ERR,ERR,ERR,ERR,ERR,ERR,ERR,ERR,ERR,ERR,ERR,ERR,ERR,ERR,ERR,ERR,ERR,ERR,ERR,ERR,ERR,ERR,ERR,ERR,ERR,ERR,ERR,ERR,ERR,ERR,ERR,ERR,ERR,ERR,ERR,ERR,ERR,ERR,ERR,ERR,ERR,ERR,ERR,ERR,ERR,ERR,ERR,ERR,ERR,ERR,ERR,ERR,ERR,ERR,ERR,ERR,ERR,ERR,ERR,ERR,ERR,ERR,ERR,ERR,60.0,60.0,35,0.0,0.0,0.0,0.0,0.0,0.0,0.0,0.0,0.0,0.0,0.0,0.0,0.0,0.0,0.0,0.0,65.2,0,110,53,34,65476,0,300,0,0,8,20529,65476,0,0,2621,60.0,0.0,0.0,0.0,0.0,0.0
2026-07-09T15:47:16,ERR,ERR,ERR,ERR,ERR,ERR,ERR,ERR,ERR,ERR,ERR,ERR,ERR,ERR,ERR,ERR,ERR,ERR,ERR,ERR,ERR,ERR,ERR,ERR,ERR,ERR,ERR,ERR,ERR,ERR,ERR,ERR,ERR,ERR,ERR,ERR,ERR,ERR,ERR,ERR,ERR,ERR,ERR,ERR,ERR,ERR,ERR,ERR,ERR,ERR,ERR,ERR,ERR,ERR,ERR,ERR,ERR,ERR,ERR,ERR,ERR,ERR,ERR,ERR,ERR,ERR,ERR,ERR,ERR,ERR,ERR,ERR,ERR,ERR,ERR,ERR,ERR,ERR,ERR,ERR,ERR,ERR,ERR,ERR,ERR,ERR,ERR,ERR,ERR,ERR,ERR,ERR,ERR,ERR,ERR,ERR,ERR,ERR,ERR,ERR,ERR,ERR,ERR,ERR,ERR,ERR,ERR,ERR,ERR,ERR,ERR,ERR,ERR,ERR,ERR,ERR,ERR,ERR,ERR,ERR,ERR,ERR,ERR,ERR,ERR,0.0,0.0,0.0,2.7183478752108883e+23,-2101766.25,-1951788.375,-1.924,2.2041425344977116e+36,0,0,4,17308,7116,0.0,100,0.0,0.0,2.7183478752108883e+23,0.0,0.0,0,0,0,0,0.0,0,0,0,0,0,0,0,0,0,0,0,0,0,0,0,0,0,0,0,0,0,0,0,0,0,0,0,0,0,0,0,0,0,31,40,40,71,65476,0,300,0,0,8,21553,0.0,-107605600.0,0.0,0.0,0.0,0.0,0.0,0.0,0.0,0.0,0.0,0.0,0.0,0.0,0.0,0.0,0.0,0.0,0.0,0.0,0.0,0.0,-0.0,0.0,0.0,0.0,0.0,0.0,0.0,0.0,5356.0,2.004,6920.0,0.0,0.0,2.004,2.004,0.0,0.0,0.0,0.0,69,-4.950406160223553e+32,0.0,0.0,0.0,0.0,0.0,0.0,0.0,0.0,0,0,0,0.0,0.0,0.0,0.0,0.0,0.0,0.0,0.0,0.0,0.0,0.0,0.0,0.0,0.0,0.0,0.0,0,-107875648.0,69,0.0,138,0.0,2.012,ERR,ERR,ERR,ERR,ERR,ERR,ERR,ERR,ERR,ERR,ERR,ERR,ERR,ERR,ERR,ERR,ERR,ERR,ERR,ERR,ERR,ERR,ERR,ERR,ERR,ERR,ERR,ERR,ERR,ERR,ERR,ERR,ERR,ERR,ERR,ERR,ERR,ERR,ERR,ERR,ERR,ERR,ERR,ERR,ERR,ERR,ERR,ERR,ERR,ERR,ERR,ERR,ERR,ERR,ERR,ERR,ERR,ERR,ERR,ERR,ERR,ERR,ERR,ERR,ERR,ERR,ERR,60.0,60.0,35,0.0,0.0,0.0,0.0,0.0,0.0,0.0,0.0,0.0,0.0,0.0,0.0,0.0,0.0,0.0,0.0,65.6,0,110,53,34,65476,0,300,0,0,8,20529,65476,0,0,2621,60.0,0.0,0.0,0.0,0.0,0.0
2026-07-09T15:47:17,ERR,ERR,ERR,ERR,ERR,ERR,ERR,ERR,ERR,ERR,ERR,ERR,ERR,ERR,ERR,ERR,ERR,ERR,ERR,ERR,ERR,ERR,ERR,ERR,ERR,ERR,ERR,ERR,ERR,ERR,ERR,ERR,ERR,ERR,ERR,ERR,ERR,ERR,ERR,ERR,ERR,ERR,ERR,ERR,ERR,ERR,ERR,ERR,ERR,ERR,ERR,ERR,ERR,ERR,ERR,ERR,ERR,ERR,ERR,ERR,ERR,ERR,ERR,ERR,ERR,ERR,ERR,ERR,ERR,ERR,ERR,ERR,ERR,ERR,ERR,ERR,ERR,ERR,ERR,ERR,ERR,ERR,ERR,ERR,ERR,ERR,ERR,ERR,ERR,ERR,ERR,ERR,ERR,ERR,ERR,ERR,ERR,ERR,ERR,ERR,ERR,ERR,ERR,ERR,ERR,ERR,ERR,ERR,ERR,ERR,ERR,ERR,ERR,ERR,ERR,ERR,ERR,ERR,ERR,ERR,ERR,ERR,ERR,ERR,ERR,0.0,0.0,0.0,2.7183478752108883e+23,-2101766.25,-1951788.375,-1.924,2.2041425344977116e+36,0,0,4,17308,7116,0.0,100,0.0,0.0,2.7183478752108883e+23,0.0,0.0,0,0,0,0,0.0,0,0,0,0,0,0,0,0,0,0,0,0,0,0,0,0,0,0,0,0,0,0,0,0,0,0,0,0,0,0,0,0,0,31,40,40,71,65476,0,300,0,0,8,21553,0.0,-107605600.0,0.0,0.0,0.0,0.0,0.0,0.0,0.0,0.0,0.0,0.0,0.0,0.0,0.0,0.0,0.0,0.0,0.0,0.0,0.0,0.0,-0.0,0.0,0.0,0.0,0.0,0.0,0.0,0.0,5356.0,2.004,6920.0,0.0,0.0,2.004,2.004,0.0,0.0,0.0,0.0,69,-4.950406160223553e+32,0.0,0.0,0.0,0.0,0.0,0.0,0.0,0.0,0,0,0,0.0,0.0,0.0,0.0,0.0,0.0,0.0,0.0,0.0,0.0,0.0,0.0,0.0,0.0,0.0,0.0,0,-107875648.0,69,0.0,138,0.0,2.012,ERR,ERR,ERR,ERR,ERR,ERR,ERR,ERR,ERR,ERR,ERR,ERR,ERR,ERR,ERR,ERR,ERR,ERR,ERR,ERR,ERR,ERR,ERR,ERR,ERR,ERR,ERR,ERR,ERR,ERR,ERR,ERR,ERR,ERR,ERR,ERR,ERR,ERR,ERR,ERR,ERR,ERR,ERR,ERR,ERR,ERR,ERR,ERR,ERR,ERR,ERR,ERR,ERR,ERR,ERR,ERR,ERR,ERR,ERR,ERR,ERR,ERR,ERR,ERR,ERR,ERR,ERR,60.0,60.0,35,0.0,0.0,0.0,0.0,0.0,0.0,0.0,0.0,0.0,0.0,0.0,0.0,0.0,0.0,0.0,0.0,65.6,0,110,53,34,65476,0,300,0,0,8,20529,65476,0,0,2621,60.0,0.0,0.0,0.0,0.0,0.0
2026-07-09T15:47:18,ERR,ERR,ERR,ERR,ERR,ERR,ERR,ERR,ERR,ERR,ERR,ERR,ERR,ERR,ERR,ERR,ERR,ERR,ERR,ERR,ERR,ERR,ERR,ERR,ERR,ERR,ERR,ERR,ERR,ERR,ERR,ERR,ERR,ERR,ERR,ERR,ERR,ERR,ERR,ERR,ERR,ERR,ERR,ERR,ERR,ERR,ERR,ERR,ERR,ERR,ERR,ERR,ERR,ERR,ERR,ERR,ERR,ERR,ERR,ERR,ERR,ERR,ERR,ERR,ERR,ERR,ERR,ERR,ERR,ERR,ERR,ERR,ERR,ERR,ERR,ERR,ERR,ERR,ERR,ERR,ERR,ERR,ERR,ERR,ERR,ERR,ERR,ERR,ERR,ERR,ERR,ERR,ERR,ERR,ERR,ERR,ERR,ERR,ERR,ERR,ERR,ERR,ERR,ERR,ERR,ERR,ERR,ERR,ERR,ERR,ERR,ERR,ERR,ERR,ERR,ERR,ERR,ERR,ERR,ERR,ERR,ERR,ERR,ERR,ERR,0.0,0.0,0.0,2.7183478752108883e+23,-2101766.25,-1951788.375,-1.924,2.2041425344977116e+36,0,0,4,17308,7116,0.0,100,0.0,0.0,2.7183478752108883e+23,0.0,0.0,0,0,0,0,0.0,0,0,0,0,0,0,0,0,0,0,0,0,0,0,0,0,0,0,0,0,0,0,0,0,0,0,0,0,0,0,0,0,0,31,40,40,71,65476,0,300,0,0,8,21553,0.0,-107605600.0,0.0,0.0,0.0,0.0,0.0,0.0,0.0,0.0,0.0,0.0,0.0,0.0,0.0,0.0,0.0,0.0,0.0,0.0,0.0,0.0,-0.0,0.0,0.0,0.0,0.0,0.0,0.0,0.0,5356.0,2.004,6920.0,0.0,0.0,2.004,2.004,0.0,0.0,0.0,0.0,69,-4.950406160223553e+32,0.0,0.0,0.0,0.0,0.0,0.0,0.0,0.0,0,0,0,0.0,0.0,0.0,0.0,0.0,0.0,0.0,0.0,0.0,0.0,0.0,0.0,0.0,0.0,0.0,0.0,0,-107875648.0,69,0.0,138,0.0,2.012,ERR,ERR,ERR,ERR,ERR,ERR,ERR,ERR,ERR,ERR,ERR,ERR,ERR,ERR,ERR,ERR,ERR,ERR,ERR,ERR,ERR,ERR,ERR,ERR,ERR,ERR,ERR,ERR,ERR,ERR,ERR,ERR,ERR,ERR,ERR,ERR,ERR,ERR,ERR,ERR,ERR,ERR,ERR,ERR,ERR,ERR,ERR,ERR,ERR,ERR,ERR,ERR,ERR,ERR,ERR,ERR,ERR,ERR,ERR,ERR,ERR,ERR,ERR,ERR,ERR,ERR,ERR,60.0,60.0,35,0.0,0.0,0.0,0.0,0.0,0.0,0.0,0.0,0.0,0.0,0.0,0.0,0.0,0.0,0.0,0.0,65.2,0,110,53,34,65476,0,300,0,0,8,20529,65476,0,0,2621,60.0,0.0,0.0,0.0,0.0,0.0
2026-07-09T15:47:19,ERR,ERR,ERR,ERR,ERR,ERR,ERR,ERR,ERR,ERR,ERR,ERR,ERR,ERR,ERR,ERR,ERR,ERR,ERR,ERR,ERR,ERR,ERR,ERR,ERR,ERR,ERR,ERR,ERR,ERR,ERR,ERR,ERR,ERR,ERR,ERR,ERR,ERR,ERR,ERR,ERR,ERR,ERR,ERR,ERR,ERR,ERR,ERR,ERR,ERR,ERR,ERR,ERR,ERR,ERR,ERR,ERR,ERR,ERR,ERR,ERR,ERR,ERR,ERR,ERR,ERR,ERR,ERR,ERR,ERR,ERR,ERR,ERR,ERR,ERR,ERR,ERR,ERR,ERR,ERR,ERR,ERR,ERR,ERR,ERR,ERR,ERR,ERR,ERR,ERR,ERR,ERR,ERR,ERR,ERR,ERR,ERR,ERR,ERR,ERR,ERR,ERR,ERR,ERR,ERR,ERR,ERR,ERR,ERR,ERR,ERR,ERR,ERR,ERR,ERR,ERR,ERR,ERR,ERR,ERR,ERR,ERR,ERR,ERR,ERR,0.0,0.0,0.0,2.7183478752108883e+23,-2101766.25,-1951788.375,-1.924,2.2041425344977116e+36,0,0,4,17308,7116,0.0,100,0.0,0.0,2.7183478752108883e+23,0.0,0.0,0,0,0,0,0.0,0,0,0,0,0,0,0,0,0,0,0,0,0,0,0,0,0,0,0,0,0,0,0,0,0,0,0,0,0,0,0,0,0,31,40,40,71,65476,0,300,0,0,8,21553,0.0,-107605600.0,0.0,0.0,0.0,0.0,0.0,0.0,0.0,0.0,0.0,0.0,0.0,0.0,0.0,0.0,0.0,0.0,0.0,0.0,0.0,0.0,-0.0,0.0,0.0,0.0,0.0,0.0,0.0,0.0,5356.0,2.004,6920.0,0.0,0.0,2.004,2.004,0.0,0.0,0.0,0.0,69,-4.950406160223553e+32,0.0,0.0,0.0,0.0,0.0,0.0,0.0,0.0,0,0,0,0.0,0.0,0.0,0.0,0.0,0.0,0.0,0.0,0.0,0.0,0.0,0.0,0.0,0.0,0.0,0.0,0,-107875648.0,69,0.0,138,0.0,2.012,ERR,ERR,ERR,ERR,ERR,ERR,ERR,ERR,ERR,ERR,ERR,ERR,ERR,ERR,ERR,ERR,ERR,ERR,ERR,ERR,ERR,ERR,ERR,ERR,ERR,ERR,ERR,ERR,ERR,ERR,ERR,ERR,ERR,ERR,ERR,ERR,ERR,ERR,ERR,ERR,ERR,ERR,ERR,ERR,ERR,ERR,ERR,ERR,ERR,ERR,ERR,ERR,ERR,ERR,ERR,ERR,ERR,ERR,ERR,ERR,ERR,ERR,ERR,ERR,ERR,ERR,ERR,60.0,60.0,35,0.0,0.0,0.0,0.0,0.0,0.0,0.0,0.0,0.0,0.0,0.0,0.0,0.0,0.0,0.0,0.0,65.2,0,110,53,34,65476,0,300,0,0,8,20529,65476,0,0,2621,60.0,0.0,0.0,0.0,0.0,0.0
2026-07-09T15:47:20,ERR,ERR,ERR,ERR,ERR,ERR,ERR,ERR,ERR,ERR,ERR,ERR,ERR,ERR,ERR,ERR,ERR,ERR,ERR,ERR,ERR,ERR,ERR,ERR,ERR,ERR,ERR,ERR,ERR,ERR,ERR,ERR,ERR,ERR,ERR,ERR,ERR,ERR,ERR,ERR,ERR,ERR,ERR,ERR,ERR,ERR,ERR,ERR,ERR,ERR,ERR,ERR,ERR,ERR,ERR,ERR,ERR,ERR,ERR,ERR,ERR,ERR,ERR,ERR,ERR,ERR,ERR,ERR,ERR,ERR,ERR,ERR,ERR,ERR,ERR,ERR,ERR,ERR,ERR,ERR,ERR,ERR,ERR,ERR,ERR,ERR,ERR,ERR,ERR,ERR,ERR,ERR,ERR,ERR,ERR,ERR,ERR,ERR,ERR,ERR,ERR,ERR,ERR,ERR,ERR,ERR,ERR,ERR,ERR,ERR,ERR,ERR,ERR,ERR,ERR,ERR,ERR,ERR,ERR,ERR,ERR,ERR,ERR,ERR,ERR,0.0,0.0,0.0,2.7183478752108883e+23,16420.047,nan,-2.024015276569038e+27,4.102,0,0,4,17304,7116,0.0,100,0.0,0.0,0.0,0.0,0.0,0,0,0,0,0.0,0,0,0,0,0,0,0,0,0,0,0,0,0,0,0,0,0,0,0,0,0,0,0,0,0,0,0,0,0,0,0,0,0,31,40,40,71,65476,0,300,0,0,8,21553,0.0,-107605600.0,0.0,0.0,0.0,0.0,0.0,0.0,0.0,0.0,0.0,0.0,0.0,0.0,0.0,0.0,0.0,0.0,0.0,0.0,0.0,0.0,-2.004,-0.0,0.0,0.0,0.0,0.0,0.0,0.0,5356.0,0.0,6917.0,-0.0,0.0,2.004,2.004,0.0,0.0,0.0,0.0,69,-4.950406160223553e+32,-4.950406547079815e+32,0.0,0.0,0.0,0.0,0.0,0.0,0.0,0,0,0,0.0,0.0,0.0,0.0,0.0,0.0,0.0,0.0,0.0,0.0,0.0,0.0,0.0,0.0,0.0,0.0,0,-107875648.0,69,0.0,138,0.0,2.012,ERR,ERR,ERR,ERR,ERR,ERR,ERR,ERR,ERR,ERR,ERR,ERR,ERR,ERR,ERR,ERR,ERR,ERR,ERR,ERR,ERR,ERR,ERR,ERR,ERR,ERR,ERR,ERR,ERR,ERR,ERR,ERR,ERR,ERR,ERR,ERR,ERR,ERR,ERR,ERR,ERR,ERR,ERR,ERR,ERR,ERR,ERR,ERR,ERR,ERR,ERR,ERR,ERR,ERR,ERR,ERR,ERR,ERR,ERR,ERR,ERR,ERR,ERR,ERR,ERR,ERR,ERR,60.0,60.0,35,0.0,0.0,0.0,0.0,0.0,0.0,0.0,0.0,0.0,0.0,0.0,0.0,0.0,0.0,0.0,0.0,65.2,0,110,53,34,65476,0,300,0,0,8,20529,65476,0,0,2621,60.0,0.0,0.0,0.0,0.0,0.0
2026-07-09T15:47:21,ERR,ERR,ERR,ERR,ERR,ERR,ERR,ERR,ERR,ERR,ERR,ERR,ERR,ERR,ERR,ERR,ERR,ERR,ERR,ERR,ERR,ERR,ERR,ERR,ERR,ERR,ERR,ERR,ERR,ERR,ERR,ERR,ERR,ERR,ERR,ERR,ERR,ERR,ERR,ERR,ERR,ERR,ERR,ERR,ERR,ERR,ERR,ERR,ERR,ERR,ERR,ERR,ERR,ERR,ERR,ERR,ERR,ERR,ERR,ERR,ERR,ERR,ERR,ERR,ERR,ERR,ERR,ERR,ERR,ERR,ERR,ERR,ERR,ERR,ERR,ERR,ERR,ERR,ERR,ERR,ERR,ERR,ERR,ERR,ERR,ERR,ERR,ERR,ERR,ERR,ERR,ERR,ERR,ERR,ERR,ERR,ERR,ERR,ERR,ERR,ERR,ERR,ERR,ERR,ERR,ERR,ERR,ERR,ERR,ERR,ERR,ERR,ERR,ERR,ERR,ERR,ERR,ERR,ERR,ERR,ERR,ERR,ERR,ERR,ERR,0.0,0.0,0.0,2.7183478752108883e+23,16420.047,nan,-2.024015276569038e+27,4.102,0,0,4,17304,7116,0.0,100,0.0,0.0,0.0,0.0,0.0,0,0,0,0,0.0,0,0,0,0,0,0,0,0,0,0,0,0,0,0,0,0,0,0,0,0,0,0,0,0,0,0,0,0,0,0,0,0,0,31,40,40,71,65476,0,300,0,0,8,21553,0.0,-107605600.0,0.0,0.0,0.0,0.0,0.0,0.0,0.0,0.0,0.0,0.0,0.0,0.0,0.0,0.0,0.0,0.0,0.0,0.0,0.0,0.0,-2.004,-0.0,0.0,0.0,0.0,0.0,0.0,0.0,5356.0,0.0,6917.0,-0.0,0.0,2.004,2.004,0.0,0.0,0.0,0.0,69,-4.950406160223553e+32,-4.950406547079815e+32,0.0,0.0,0.0,0.0,0.0,0.0,0.0,0,0,0,0.0,0.0,0.0,0.0,0.0,0.0,0.0,0.0,0.0,0.0,0.0,0.0,0.0,0.0,0.0,0.0,0,-107875648.0,69,0.0,138,0.0,2.012,ERR,ERR,ERR,ERR,ERR,ERR,ERR,ERR,ERR,ERR,ERR,ERR,ERR,ERR,ERR,ERR,ERR,ERR,ERR,ERR,ERR,ERR,ERR,ERR,ERR,ERR,ERR,ERR,ERR,ERR,ERR,ERR,ERR,ERR,ERR,ERR,ERR,ERR,ERR,ERR,ERR,ERR,ERR,ERR,ERR,ERR,ERR,ERR,ERR,ERR,ERR,ERR,ERR,ERR,ERR,ERR,ERR,ERR,ERR,ERR,ERR,ERR,ERR,ERR,ERR,ERR,ERR,60.0,60.0,35,0.0,0.0,0.0,0.0,0.0,0.0,0.0,0.0,0.0,0.0,0.0,0.0,0.0,0.0,0.0,0.0,65.6,0,110,53,34,65476,0,300,0,0,8,20529,65476,0,0,2621,60.0,0.0,0.0,0.0,0.0,0.0
2026-07-09T15:47:22,ERR,ERR,ERR,ERR,ERR,ERR,ERR,ERR,ERR,ERR,ERR,ERR,ERR,ERR,ERR,ERR,ERR,ERR,ERR,ERR,ERR,ERR,ERR,ERR,ERR,ERR,ERR,ERR,ERR,ERR,ERR,ERR,ERR,ERR,ERR,ERR,ERR,ERR,ERR,ERR,ERR,ERR,ERR,ERR,ERR,ERR,ERR,ERR,ERR,ERR,ERR,ERR,ERR,ERR,ERR,ERR,ERR,ERR,ERR,ERR,ERR,ERR,ERR,ERR,ERR,ERR,ERR,ERR,ERR,ERR,ERR,ERR,ERR,ERR,ERR,ERR,ERR,ERR,ERR,ERR,ERR,ERR,ERR,ERR,ERR,ERR,ERR,ERR,ERR,ERR,ERR,ERR,ERR,ERR,ERR,ERR,ERR,ERR,ERR,ERR,ERR,ERR,ERR,ERR,ERR,ERR,ERR,ERR,ERR,ERR,ERR,ERR,ERR,ERR,ERR,ERR,ERR,ERR,ERR,ERR,ERR,ERR,ERR,ERR,ERR,0.0,0.0,0.0,2.7183478752108883e+23,16420.047,nan,-2.024015276569038e+27,4.102,0,0,4,17304,7116,0.0,100,0.0,0.0,0.0,0.0,0.0,0,0,0,0,0.0,0,0,0,0,0,0,0,0,0,0,0,0,0,0,0,0,0,0,0,0,0,0,0,0,0,0,0,0,0,0,0,0,0,31,40,40,71,65476,0,300,0,0,8,21553,0.0,-107605600.0,0.0,0.0,0.0,0.0,0.0,0.0,0.0,0.0,0.0,0.0,0.0,0.0,0.0,0.0,0.0,0.0,0.0,0.0,0.0,0.0,-2.004,-0.0,0.0,0.0,0.0,0.0,0.0,0.0,5356.0,0.0,6917.0,-0.0,0.0,2.004,2.004,0.0,0.0,0.0,0.0,69,-4.950406160223553e+32,-4.950406547079815e+32,0.0,0.0,0.0,0.0,0.0,0.0,0.0,0,0,0,0.0,0.0,0.0,0.0,0.0,0.0,0.0,0.0,0.0,0.0,0.0,0.0,0.0,0.0,0.0,0.0,0,-107875648.0,69,0.0,138,0.0,2.012,ERR,ERR,ERR,ERR,ERR,ERR,ERR,ERR,ERR,ERR,ERR,ERR,ERR,ERR,ERR,ERR,ERR,ERR,ERR,ERR,ERR,ERR,ERR,ERR,ERR,ERR,ERR,ERR,ERR,ERR,ERR,ERR,ERR,ERR,ERR,ERR,ERR,ERR,ERR,ERR,ERR,ERR,ERR,ERR,ERR,ERR,ERR,ERR,ERR,ERR,ERR,ERR,ERR,ERR,ERR,ERR,ERR,ERR,ERR,ERR,ERR,ERR,ERR,ERR,ERR,ERR,ERR,60.0,60.0,35,0.0,0.0,0.0,0.0,0.0,0.0,0.0,0.0,0.0,0.0,0.0,0.0,0.0,0.0,0.0,0.0,65.6,0,110,53,34,65476,0,300,0,0,8,20529,65476,0,0,2621,60.0,0.0,0.0,0.0,0.0,0.0
2026-07-09T15:47:23,ERR,ERR,ERR,ERR,ERR,ERR,ERR,ERR,ERR,ERR,ERR,ERR,ERR,ERR,ERR,ERR,ERR,ERR,ERR,ERR,ERR,ERR,ERR,ERR,ERR,ERR,ERR,ERR,ERR,ERR,ERR,ERR,ERR,ERR,ERR,ERR,ERR,ERR,ERR,ERR,ERR,ERR,ERR,ERR,ERR,ERR,ERR,ERR,ERR,ERR,ERR,ERR,ERR,ERR,ERR,ERR,ERR,ERR,ERR,ERR,ERR,ERR,ERR,ERR,ERR,ERR,ERR,ERR,ERR,ERR,ERR,ERR,ERR,ERR,ERR,ERR,ERR,ERR,ERR,ERR,ERR,ERR,ERR,ERR,ERR,ERR,ERR,ERR,ERR,ERR,ERR,ERR,ERR,ERR,ERR,ERR,ERR,ERR,ERR,ERR,ERR,ERR,ERR,ERR,ERR,ERR,ERR,ERR,ERR,ERR,ERR,ERR,ERR,ERR,ERR,ERR,ERR,ERR,ERR,ERR,ERR,ERR,ERR,ERR,ERR,0.0,0.0,0.0,2.7183478752108883e+23,16420.047,nan,-2.024015276569038e+27,4.102,0,0,4,17304,7116,0.0,100,0.0,0.0,0.0,0.0,0.0,0,0,0,0,0.0,0,0,0,0,0,0,0,0,0,0,0,0,0,0,0,0,0,0,0,0,0,0,0,0,0,0,0,0,0,0,0,0,0,31,40,40,71,65476,0,300,0,0,8,21553,0.0,-107605600.0,0.0,0.0,0.0,0.0,0.0,0.0,0.0,0.0,0.0,0.0,0.0,0.0,0.0,0.0,0.0,0.0,0.0,0.0,0.0,0.0,-2.004,-0.0,0.0,0.0,0.0,0.0,0.0,0.0,5356.0,0.0,6917.0,-0.0,0.0,2.004,2.004,0.0,0.0,0.0,0.0,69,-4.950406160223553e+32,-4.950406547079815e+32,0.0,0.0,0.0,0.0,0.0,0.0,0.0,0,0,0,0.0,0.0,0.0,0.0,0.0,0.0,0.0,0.0,0.0,0.0,0.0,0.0,0.0,0.0,0.0,0.0,0,-107875648.0,69,0.0,138,0.0,2.012,ERR,ERR,ERR,ERR,ERR,ERR,ERR,ERR,ERR,ERR,ERR,ERR,ERR,ERR,ERR,ERR,ERR,ERR,ERR,ERR,ERR,ERR,ERR,ERR,ERR,ERR,ERR,ERR,ERR,ERR,ERR,ERR,ERR,ERR,ERR,ERR,ERR,ERR,ERR,ERR,ERR,ERR,ERR,ERR,ERR,ERR,ERR,ERR,ERR,ERR,ERR,ERR,ERR,ERR,ERR,ERR,ERR,ERR,ERR,ERR,ERR,ERR,ERR,ERR,ERR,ERR,ERR,60.0,60.0,35,0.0,0.0,0.0,0.0,0.0,0.0,0.0,0.0,0.0,0.0,0.0,0.0,0.0,0.0,0.0,0.0,65.2,0,110,53,34,65476,0,300,0,0,8,20529,65476,0,0,2621,60.0,0.0,0.0,0.0,0.0,0.0
2026-07-09T15:47:24,ERR,ERR,ERR,ERR,ERR,ERR,ERR,ERR,ERR,ERR,ERR,ERR,ERR,ERR,ERR,ERR,ERR,ERR,ERR,ERR,ERR,ERR,ERR,ERR,ERR,ERR,ERR,ERR,ERR,ERR,ERR,ERR,ERR,ERR,ERR,ERR,ERR,ERR,ERR,ERR,ERR,ERR,ERR,ERR,ERR,ERR,ERR,ERR,ERR,ERR,ERR,ERR,ERR,ERR,ERR,ERR,ERR,ERR,ERR,ERR,ERR,ERR,ERR,ERR,ERR,ERR,ERR,ERR,ERR,ERR,ERR,ERR,ERR,ERR,ERR,ERR,ERR,ERR,ERR,ERR,ERR,ERR,ERR,ERR,ERR,ERR,ERR,ERR,ERR,ERR,ERR,ERR,ERR,ERR,ERR,ERR,ERR,ERR,ERR,ERR,ERR,ERR,ERR,ERR,ERR,ERR,ERR,ERR,ERR,ERR,ERR,ERR,ERR,ERR,ERR,ERR,ERR,ERR,ERR,ERR,ERR,ERR,ERR,ERR,ERR,-0.0,-107615960.0,0.0,2.7183478752108883e+23,2.3109158809863455e+18,1.2362870259806372e+18,0.002,-0.0,0,0,4,17303,7116,0.0,100,0.0,0.0,2.7183478752108883e+23,0.0,0.0,0,0,0,0,0.0,0,0,0,0,0,0,0,0,0,0,0,0,0,0,0,0,0,0,0,0,0,0,0,0,0,0,0,0,0,0,0,0,0,31,40,40,71,65476,0,300,0,0,8,21553,0.0,-107605600.0,0.0,0.0,0.0,0.0,0.0,0.0,0.0,0.0,0.0,0.0,0.0,0.0,0.0,0.0,0.0,0.0,0.0,0.0,0.0,0.0,-2.004,2.004,0.0,0.0,0.0,0.0,0.0,0.0,5352.0,0.0,6913.0,-0.0,-0.0,2.004,2.004,0.0,0.0,0.0,0.0,69,-107614880.0,-107614888.0,0.0,0.0,0.0,0.0,0.0,0.0,0.0,0,0,0,0.0,0.0,0.0,0.0,0.0,0.0,0.0,0.0,0.0,0.0,0.0,0.0,0.0,0.0,0.0,0.0,0,-107875648.0,69,0.0,138,0.0,2.012,ERR,ERR,ERR,ERR,ERR,ERR,ERR,ERR,ERR,ERR,ERR,ERR,ERR,ERR,ERR,ERR,ERR,ERR,ERR,ERR,ERR,ERR,ERR,ERR,ERR,ERR,ERR,ERR,ERR,ERR,ERR,ERR,ERR,ERR,ERR,ERR,ERR,ERR,ERR,ERR,ERR,ERR,ERR,ERR,ERR,ERR,ERR,ERR,ERR,ERR,ERR,ERR,ERR,ERR,ERR,ERR,ERR,ERR,ERR,ERR,ERR,ERR,ERR,ERR,ERR,ERR,ERR,60.0,60.0,35,0.0,0.0,0.0,0.0,0.0,0.0,0.0,0.0,0.0,0.0,0.0,0.0,0.0,0.0,0.0,0.0,65.2,0,110,53,34,65476,0,300,0,0,8,20529,65476,0,0,2621,60.0,0.0,0.0,0.0,0.0,0.0
2026-07-09T15:47:25,ERR,ERR,ERR,ERR,ERR,ERR,ERR,ERR,ERR,ERR,ERR,ERR,ERR,ERR,ERR,ERR,ERR,ERR,ERR,ERR,ERR,ERR,ERR,ERR,ERR,ERR,ERR,ERR,ERR,ERR,ERR,ERR,ERR,ERR,ERR,ERR,ERR,ERR,ERR,ERR,ERR,ERR,ERR,ERR,ERR,ERR,ERR,ERR,ERR,ERR,ERR,ERR,ERR,ERR,ERR,ERR,ERR,ERR,ERR,ERR,ERR,ERR,ERR,ERR,ERR,ERR,ERR,ERR,ERR,ERR,ERR,ERR,ERR,ERR,ERR,ERR,ERR,ERR,ERR,ERR,ERR,ERR,ERR,ERR,ERR,ERR,ERR,ERR,ERR,ERR,ERR,ERR,ERR,ERR,ERR,ERR,ERR,ERR,ERR,ERR,ERR,ERR,ERR,ERR,ERR,ERR,ERR,ERR,ERR,ERR,ERR,ERR,ERR,ERR,ERR,ERR,ERR,ERR,ERR,ERR,ERR,ERR,ERR,ERR,ERR,-0.0,-107615960.0,0.0,2.7183478752108883e+23,2.3109158809863455e+18,1.2362870259806372e+18,0.002,-0.0,0,0,4,17303,7116,0.0,100,0.0,0.0,2.7183478752108883e+23,0.0,0.0,0,0,0,0,0.0,0,0,0,0,0,0,0,0,0,0,0,0,0,0,0,0,0,0,0,0,0,0,0,0,0,0,0,0,0,0,0,0,0,31,40,40,71,65476,0,300,0,0,8,21553,0.0,-107605600.0,0.0,0.0,0.0,0.0,0.0,0.0,0.0,0.0,0.0,0.0,0.0,0.0,0.0,0.0,0.0,0.0,0.0,0.0,0.0,0.0,-2.004,2.004,0.0,0.0,0.0,0.0,0.0,0.0,5352.0,0.0,6913.0,-0.0,-0.0,2.004,2.004,0.0,0.0,0.0,0.0,69,-107614880.0,-107614888.0,0.0,0.0,0.0,0.0,0.0,0.0,0.0,0,0,0,0.0,0.0,0.0,0.0,0.0,0.0,0.0,0.0,0.0,0.0,0.0,0.0,0.0,0.0,0.0,0.0,0,-107875648.0,69,0.0,138,0.0,2.012,ERR,ERR,ERR,ERR,ERR,ERR,ERR,ERR,ERR,ERR,ERR,ERR,ERR,ERR,ERR,ERR,ERR,ERR,ERR,ERR,ERR,ERR,ERR,ERR,ERR,ERR,ERR,ERR,ERR,ERR,ERR,ERR,ERR,ERR,ERR,ERR,ERR,ERR,ERR,ERR,ERR,ERR,ERR,ERR,ERR,ERR,ERR,ERR,ERR,ERR,ERR,ERR,ERR,ERR,ERR,ERR,ERR,ERR,ERR,ERR,ERR,ERR,ERR,ERR,ERR,ERR,ERR,60.0,60.0,35,0.0,0.0,0.0,0.0,0.0,0.0,0.0,0.0,0.0,0.0,0.0,0.0,0.0,0.0,0.0,0.0,65.2,0,110,53,34,65476,0,300,0,0,8,20529,65476,0,0,2621,60.0,0.0,0.0,0.0,0.0,0.0
2026-07-09T15:47:26,ERR,ERR,ERR,ERR,ERR,ERR,ERR,ERR,ERR,ERR,ERR,ERR,ERR,ERR,ERR,ERR,ERR,ERR,ERR,ERR,ERR,ERR,ERR,ERR,ERR,ERR,ERR,ERR,ERR,ERR,ERR,ERR,ERR,ERR,ERR,ERR,ERR,ERR,ERR,ERR,ERR,ERR,ERR,ERR,ERR,ERR,ERR,ERR,ERR,ERR,ERR,ERR,ERR,ERR,ERR,ERR,ERR,ERR,ERR,ERR,ERR,ERR,ERR,ERR,ERR,ERR,ERR,ERR,ERR,ERR,ERR,ERR,ERR,ERR,ERR,ERR,ERR,ERR,ERR,ERR,ERR,ERR,ERR,ERR,ERR,ERR,ERR,ERR,ERR,ERR,ERR,ERR,ERR,ERR,ERR,ERR,ERR,ERR,ERR,ERR,ERR,ERR,ERR,ERR,ERR,ERR,ERR,ERR,ERR,ERR,ERR,ERR,ERR,ERR,ERR,ERR,ERR,ERR,ERR,ERR,ERR,ERR,ERR,ERR,ERR,-0.0,-107615960.0,0.0,2.7183478752108883e+23,2.3109158809863455e+18,1.2362870259806372e+18,0.002,-0.0,0,0,4,17303,7116,0.0,100,0.0,0.0,2.7183478752108883e+23,0.0,0.0,0,0,0,0,0.0,0,0,0,0,0,0,0,0,0,0,0,0,0,0,0,0,0,0,0,0,0,0,0,0,0,0,0,0,0,0,0,0,0,31,40,40,71,65476,0,300,0,0,8,21553,0.0,-107605600.0,0.0,0.0,0.0,0.0,0.0,0.0,0.0,0.0,0.0,0.0,0.0,0.0,0.0,0.0,0.0,0.0,0.0,0.0,0.0,0.0,-2.004,2.004,0.0,0.0,0.0,0.0,0.0,0.0,5352.0,0.0,6913.0,-0.0,-0.0,2.004,2.004,0.0,0.0,0.0,0.0,69,-107614880.0,-107614888.0,0.0,0.0,0.0,0.0,0.0,0.0,0.0,0,0,0,0.0,0.0,0.0,0.0,0.0,0.0,0.0,0.0,0.0,0.0,0.0,0.0,0.0,0.0,0.0,0.0,0,-107875648.0,69,0.0,138,0.0,2.012,ERR,ERR,ERR,ERR,ERR,ERR,ERR,ERR,ERR,ERR,ERR,ERR,ERR,ERR,ERR,ERR,ERR,ERR,ERR,ERR,ERR,ERR,ERR,ERR,ERR,ERR,ERR,ERR,ERR,ERR,ERR,ERR,ERR,ERR,ERR,ERR,ERR,ERR,ERR,ERR,ERR,ERR,ERR,ERR,ERR,ERR,ERR,ERR,ERR,ERR,ERR,ERR,ERR,ERR,ERR,ERR,ERR,ERR,ERR,ERR,ERR,ERR,ERR,ERR,ERR,ERR,ERR,60.0,60.0,35,0.0,0.0,0.0,0.0,0.0,0.0,0.0,0.0,0.0,0.0,0.0,0.0,0.0,0.0,0.0,0.0,65.6,0,110,53,34,65476,0,300,0,0,8,20529,65476,0,0,2621,60.0,0.0,0.0,0.0,0.0,0.0
2026-07-09T15:47:27,ERR,ERR,ERR,ERR,ERR,ERR,ERR,ERR,ERR,ERR,ERR,ERR,ERR,ERR,ERR,ERR,ERR,ERR,ERR,ERR,ERR,ERR,ERR,ERR,ERR,ERR,ERR,ERR,ERR,ERR,ERR,ERR,ERR,ERR,ERR,ERR,ERR,ERR,ERR,ERR,ERR,ERR,ERR,ERR,ERR,ERR,ERR,ERR,ERR,ERR,ERR,ERR,ERR,ERR,ERR,ERR,ERR,ERR,ERR,ERR,ERR,ERR,ERR,ERR,ERR,ERR,ERR,ERR,ERR,ERR,ERR,ERR,ERR,ERR,ERR,ERR,ERR,ERR,ERR,ERR,ERR,ERR,ERR,ERR,ERR,ERR,ERR,ERR,ERR,ERR,ERR,ERR,ERR,ERR,ERR,ERR,ERR,ERR,ERR,ERR,ERR,ERR,ERR,ERR,ERR,ERR,ERR,ERR,ERR,ERR,ERR,ERR,ERR,ERR,ERR,ERR,ERR,ERR,ERR,ERR,ERR,ERR,ERR,ERR,ERR,-0.0,-107615960.0,0.0,2.7183478752108883e+23,2.3109158809863455e+18,1.2362870259806372e+18,0.002,-0.0,0,0,4,17303,7116,0.0,100,0.0,0.0,2.7183478752108883e+23,0.0,0.0,0,0,0,0,0.0,0,0,0,0,0,0,0,0,0,0,0,0,0,0,0,0,0,0,0,0,0,0,0,0,0,0,0,0,0,0,0,0,0,31,40,40,71,65476,0,300,0,0,8,21553,0.0,-107605600.0,0.0,0.0,0.0,0.0,0.0,0.0,0.0,0.0,0.0,0.0,0.0,0.0,0.0,0.0,0.0,0.0,0.0,0.0,0.0,0.0,-2.004,2.004,0.0,0.0,0.0,0.0,0.0,0.0,5352.0,0.0,6913.0,-0.0,-0.0,2.004,2.004,0.0,0.0,0.0,0.0,69,-107614880.0,-107614888.0,0.0,0.0,0.0,0.0,0.0,0.0,0.0,0,0,0,0.0,0.0,0.0,0.0,0.0,0.0,0.0,0.0,0.0,0.0,0.0,0.0,0.0,0.0,0.0,0.0,0,-107875648.0,69,0.0,138,0.0,2.012,ERR,ERR,ERR,ERR,ERR,ERR,ERR,ERR,ERR,ERR,ERR,ERR,ERR,ERR,ERR,ERR,ERR,ERR,ERR,ERR,ERR,ERR,ERR,ERR,ERR,ERR,ERR,ERR,ERR,ERR,ERR,ERR,ERR,ERR,ERR,ERR,ERR,ERR,ERR,ERR,ERR,ERR,ERR,ERR,ERR,ERR,ERR,ERR,ERR,ERR,ERR,ERR,ERR,ERR,ERR,ERR,ERR,ERR,ERR,ERR,ERR,ERR,ERR,ERR,ERR,ERR,ERR,60.0,60.0,35,0.0,0.0,0.0,0.0,0.0,0.0,0.0,0.0,0.0,0.0,0.0,0.0,0.0,0.0,0.0,0.0,65.6,0,110,53,34,65476,0,300,0,0,8,20529,65476,0,0,2621,60.0,0.0,0.0,0.0,0.0,0.0
2026-07-09T15:47:28,ERR,ERR,ERR,ERR,ERR,ERR,ERR,ERR,ERR,ERR,ERR,ERR,ERR,ERR,ERR,ERR,ERR,ERR,ERR,ERR,ERR,ERR,ERR,ERR,ERR,ERR,ERR,ERR,ERR,ERR,ERR,ERR,ERR,ERR,ERR,ERR,ERR,ERR,ERR,ERR,ERR,ERR,ERR,ERR,ERR,ERR,ERR,ERR,ERR,ERR,ERR,ERR,ERR,ERR,ERR,ERR,ERR,ERR,ERR,ERR,ERR,ERR,ERR,ERR,ERR,ERR,ERR,ERR,ERR,ERR,ERR,ERR,ERR,ERR,ERR,ERR,ERR,ERR,ERR,ERR,ERR,ERR,ERR,ERR,ERR,ERR,ERR,ERR,ERR,ERR,ERR,ERR,ERR,ERR,ERR,ERR,ERR,ERR,ERR,ERR,ERR,ERR,ERR,ERR,ERR,ERR,ERR,ERR,ERR,ERR,ERR,ERR,ERR,ERR,ERR,ERR,ERR,ERR,ERR,ERR,ERR,ERR,ERR,ERR,ERR,-0.0,-107615960.0,0.0,2.7183478752108883e+23,2.3109158809863455e+18,1.2362870259806372e+18,0.002,-0.0,0,0,4,17303,7116,0.0,100,0.0,0.0,2.7183478752108883e+23,0.0,0.0,0,0,0,0,0.0,0,0,0,0,0,0,0,0,0,0,0,0,0,0,0,0,0,0,0,0,0,0,0,0,0,0,0,0,0,0,0,0,0,31,40,40,71,65476,0,300,0,0,8,21553,0.0,-107605600.0,0.0,0.0,0.0,0.0,0.0,0.0,0.0,0.0,0.0,0.0,0.0,0.0,0.0,0.0,0.0,0.0,0.0,0.0,0.0,0.0,-2.004,2.004,0.0,0.0,0.0,0.0,0.0,0.0,5352.0,0.0,6913.0,-0.0,-0.0,2.004,2.004,0.0,0.0,0.0,0.0,69,-107614880.0,-107614888.0,0.0,0.0,0.0,0.0,0.0,0.0,0.0,0,0,0,0.0,0.0,0.0,0.0,0.0,0.0,0.0,0.0,0.0,0.0,0.0,0.0,0.0,0.0,0.0,0.0,0,-107875648.0,69,0.0,138,0.0,2.012,ERR,ERR,ERR,ERR,ERR,ERR,ERR,ERR,ERR,ERR,ERR,ERR,ERR,ERR,ERR,ERR,ERR,ERR,ERR,ERR,ERR,ERR,ERR,ERR,ERR,ERR,ERR,ERR,ERR,ERR,ERR,ERR,ERR,ERR,ERR,ERR,ERR,ERR,ERR,ERR,ERR,ERR,ERR,ERR,ERR,ERR,ERR,ERR,ERR,ERR,ERR,ERR,ERR,ERR,ERR,ERR,ERR,ERR,ERR,ERR,ERR,ERR,ERR,ERR,ERR,ERR,ERR,60.0,60.0,35,0.0,0.0,0.0,0.0,0.0,0.0,0.0,0.0,0.0,0.0,0.0,0.0,0.0,0.0,0.0,0.0,65.2,0,110,53,34,65476,0,300,0,0,8,20529,65476,0,0,2621,60.0,0.0,0.0,0.0,0.0,0.0
2026-07-09T15:47:29,ERR,ERR,ERR,ERR,ERR,ERR,ERR,ERR,ERR,ERR,ERR,ERR,ERR,ERR,ERR,ERR,ERR,ERR,ERR,ERR,ERR,ERR,ERR,ERR,ERR,ERR,ERR,ERR,ERR,ERR,ERR,ERR,ERR,ERR,ERR,ERR,ERR,ERR,ERR,ERR,ERR,ERR,ERR,ERR,ERR,ERR,ERR,ERR,ERR,ERR,ERR,ERR,ERR,ERR,ERR,ERR,ERR,ERR,ERR,ERR,ERR,ERR,ERR,ERR,ERR,ERR,ERR,ERR,ERR,ERR,ERR,ERR,ERR,ERR,ERR,ERR,ERR,ERR,ERR,ERR,ERR,ERR,ERR,ERR,ERR,ERR,ERR,ERR,ERR,ERR,ERR,ERR,ERR,ERR,ERR,ERR,ERR,ERR,ERR,ERR,ERR,ERR,ERR,ERR,ERR,ERR,ERR,ERR,ERR,ERR,ERR,ERR,ERR,ERR,ERR,ERR,ERR,ERR,ERR,ERR,ERR,ERR,ERR,ERR,ERR,0.0,0.0,2.7184170505011647e+23,0.0,-0.008,-0.0,1.1895441104247608e+35,-0.0,0,0,4,17302,7116,0.0,100,0.0,0.0,0.0,0.0,0.0,0,0,0,0,0.0,0,0,0,0,0,0,0,0,0,0,0,0,0,0,0,0,0,0,0,0,0,0,0,0,0,0,0,0,0,0,0,0,0,31,40,40,71,65476,0,300,0,0,8,21553,0.0,-107605600.0,0.0,0.0,0.0,0.0,0.0,0.0,0.0,0.0,0.0,0.0,0.0,0.0,0.0,0.0,0.0,0.0,0.0,0.0,0.0,0.0,0.0,-3.697064747540991e+19,0.0,0.0,0.0,0.0,0.0,0.0,5316.0,-564146504466432.0,6939.0,0.0,-107615952.0,2.004,2.004,0.0,0.0,0.0,0.0,69,-0.0,-0.0,0.0,0.0,0.0,0.0,0.0,0.0,0.0,0,0,0,0.0,0.0,0.0,0.0,0.0,0.0,0.0,0.0,0.0,0.0,0.0,0.0,0.0,0.0,0.0,0.0,0,-107875648.0,69,0.0,138,0.0,2.012,ERR,ERR,ERR,ERR,ERR,ERR,ERR,ERR,ERR,ERR,ERR,ERR,ERR,ERR,ERR,ERR,ERR,ERR,ERR,ERR,ERR,ERR,ERR,ERR,ERR,ERR,ERR,ERR,ERR,ERR,ERR,ERR,ERR,ERR,ERR,ERR,ERR,ERR,ERR,ERR,ERR,ERR,ERR,ERR,ERR,ERR,ERR,ERR,ERR,ERR,ERR,ERR,ERR,ERR,ERR,ERR,ERR,ERR,ERR,ERR,ERR,ERR,ERR,ERR,ERR,ERR,ERR,60.0,60.0,35,0.0,0.0,0.0,0.0,0.0,0.0,0.0,0.0,0.0,0.0,0.0,0.0,0.0,0.0,0.0,0.0,65.2,0,110,53,34,65476,0,300,0,0,8,20529,65476,0,0,2621,60.0,0.0,0.0,0.0,0.0,0.0
2026-07-09T15:47:30,ERR,ERR,ERR,ERR,ERR,ERR,ERR,ERR,ERR,ERR,ERR,ERR,ERR,ERR,ERR,ERR,ERR,ERR,ERR,ERR,ERR,ERR,ERR,ERR,ERR,ERR,ERR,ERR,ERR,ERR,ERR,ERR,ERR,ERR,ERR,ERR,ERR,ERR,ERR,ERR,ERR,ERR,ERR,ERR,ERR,ERR,ERR,ERR,ERR,ERR,ERR,ERR,ERR,ERR,ERR,ERR,ERR,ERR,ERR,ERR,ERR,ERR,ERR,ERR,ERR,ERR,ERR,ERR,ERR,ERR,ERR,ERR,ERR,ERR,ERR,ERR,ERR,ERR,ERR,ERR,ERR,ERR,ERR,ERR,ERR,ERR,ERR,ERR,ERR,ERR,ERR,ERR,ERR,ERR,ERR,ERR,ERR,ERR,ERR,ERR,ERR,ERR,ERR,ERR,ERR,ERR,ERR,ERR,ERR,ERR,ERR,ERR,ERR,ERR,ERR,ERR,ERR,ERR,ERR,ERR,ERR,ERR,ERR,ERR,ERR,0.0,0.0,2.7184170505011647e+23,0.0,-0.008,-0.0,1.1895441104247608e+35,-0.0,0,0,4,17302,7116,0.0,100,0.0,0.0,0.0,0.0,0.0,0,0,0,0,0.0,0,0,0,0,0,0,0,0,0,0,0,0,0,0,0,0,0,0,0,0,0,0,0,0,0,0,0,0,0,0,0,0,0,31,40,40,71,65476,0,300,0,0,8,21553,0.0,-107605600.0,0.0,0.0,0.0,0.0,0.0,0.0,0.0,0.0,0.0,0.0,0.0,0.0,0.0,0.0,0.0,0.0,0.0,0.0,0.0,0.0,0.0,-3.697064747540991e+19,0.0,0.0,0.0,0.0,0.0,0.0,5316.0,-564146504466432.0,6939.0,0.0,-107615952.0,2.004,2.004,0.0,0.0,0.0,0.0,69,-0.0,-0.0,0.0,0.0,0.0,0.0,0.0,0.0,0.0,0,0,0,0.0,0.0,0.0,0.0,0.0,0.0,0.0,0.0,0.0,0.0,0.0,0.0,0.0,0.0,0.0,0.0,0,-107875648.0,69,0.0,138,0.0,2.012,ERR,ERR,ERR,ERR,ERR,ERR,ERR,ERR,ERR,ERR,ERR,ERR,ERR,ERR,ERR,ERR,ERR,ERR,ERR,ERR,ERR,ERR,ERR,ERR,ERR,ERR,ERR,ERR,ERR,ERR,ERR,ERR,ERR,ERR,ERR,ERR,ERR,ERR,ERR,ERR,ERR,ERR,ERR,ERR,ERR,ERR,ERR,ERR,ERR,ERR,ERR,ERR,ERR,ERR,ERR,ERR,ERR,ERR,ERR,ERR,ERR,ERR,ERR,ERR,ERR,ERR,ERR,60.0,60.0,35,0.0,0.0,0.0,0.0,0.0,0.0,0.0,0.0,0.0,0.0,0.0,0.0,0.0,0.0,0.0,0.0,65.2,0,110,53,34,65476,0,300,0,0,8,20529,65476,0,0,2621,60.0,0.0,0.0,0.0,0.0,0.0
2026-07-09T15:47:31,ERR,ERR,ERR,ERR,ERR,ERR,ERR,ERR,ERR,ERR,ERR,ERR,ERR,ERR,ERR,ERR,ERR,ERR,ERR,ERR,ERR,ERR,ERR,ERR,ERR,ERR,ERR,ERR,ERR,ERR,ERR,ERR,ERR,ERR,ERR,ERR,ERR,ERR,ERR,ERR,ERR,ERR,ERR,ERR,ERR,ERR,ERR,ERR,ERR,ERR,ERR,ERR,ERR,ERR,ERR,ERR,ERR,ERR,ERR,ERR,ERR,ERR,ERR,ERR,ERR,ERR,ERR,ERR,ERR,ERR,ERR,ERR,ERR,ERR,ERR,ERR,ERR,ERR,ERR,ERR,ERR,ERR,ERR,ERR,ERR,ERR,ERR,ERR,ERR,ERR,ERR,ERR,ERR,ERR,ERR,ERR,ERR,ERR,ERR,ERR,ERR,ERR,ERR,ERR,ERR,ERR,ERR,ERR,ERR,ERR,ERR,ERR,ERR,ERR,ERR,ERR,ERR,ERR,ERR,ERR,ERR,ERR,ERR,ERR,ERR,0.0,0.0,2.7184170505011647e+23,0.0,-0.008,-0.0,1.1895441104247608e+35,-0.0,0,0,4,17302,7116,0.0,100,0.0,0.0,0.0,0.0,0.0,0,0,0,0,0.0,0,0,0,0,0,0,0,0,0,0,0,0,0,0,0,0,0,0,0,0,0,0,0,0,0,0,0,0,0,0,0,0,0,31,40,40,71,65476,0,300,0,0,8,21553,0.0,-107605600.0,0.0,0.0,0.0,0.0,0.0,0.0,0.0,0.0,0.0,0.0,0.0,0.0,0.0,0.0,0.0,0.0,0.0,0.0,0.0,0.0,0.0,-3.697064747540991e+19,0.0,0.0,0.0,0.0,0.0,0.0,5316.0,-564146504466432.0,6939.0,0.0,-107615952.0,2.004,2.004,0.0,0.0,0.0,0.0,69,-0.0,-0.0,0.0,0.0,0.0,0.0,0.0,0.0,0.0,0,0,0,0.0,0.0,0.0,0.0,0.0,0.0,0.0,0.0,0.0,0.0,0.0,0.0,0.0,0.0,0.0,0.0,0,-107875648.0,69,0.0,138,0.0,2.012,ERR,ERR,ERR,ERR,ERR,ERR,ERR,ERR,ERR,ERR,ERR,ERR,ERR,ERR,ERR,ERR,ERR,ERR,ERR,ERR,ERR,ERR,ERR,ERR,ERR,ERR,ERR,ERR,ERR,ERR,ERR,ERR,ERR,ERR,ERR,ERR,ERR,ERR,ERR,ERR,ERR,ERR,ERR,ERR,ERR,ERR,ERR,ERR,ERR,ERR,ERR,ERR,ERR,ERR,ERR,ERR,ERR,ERR,ERR,ERR,ERR,ERR,ERR,ERR,ERR,ERR,ERR,60.0,60.0,35,0.0,0.0,0.0,0.0,0.0,0.0,0.0,0.0,0.0,0.0,0.0,0.0,0.0,0.0,0.0,0.0,65.6,0,110,53,34,65476,0,300,0,0,8,20529,65476,0,0,2621,60.0,0.0,0.0,0.0,0.0,0.0
2026-07-09T15:47:32,ERR,ERR,ERR,ERR,ERR,ERR,ERR,ERR,ERR,ERR,ERR,ERR,ERR,ERR,ERR,ERR,ERR,ERR,ERR,ERR,ERR,ERR,ERR,ERR,ERR,ERR,ERR,ERR,ERR,ERR,ERR,ERR,ERR,ERR,ERR,ERR,ERR,ERR,ERR,ERR,ERR,ERR,ERR,ERR,ERR,ERR,ERR,ERR,ERR,ERR,ERR,ERR,ERR,ERR,ERR,ERR,ERR,ERR,ERR,ERR,ERR,ERR,ERR,ERR,ERR,ERR,ERR,ERR,ERR,ERR,ERR,ERR,ERR,ERR,ERR,ERR,ERR,ERR,ERR,ERR,ERR,ERR,ERR,ERR,ERR,ERR,ERR,ERR,ERR,ERR,ERR,ERR,ERR,ERR,ERR,ERR,ERR,ERR,ERR,ERR,ERR,ERR,ERR,ERR,ERR,ERR,ERR,ERR,ERR,ERR,ERR,ERR,ERR,ERR,ERR,ERR,ERR,ERR,ERR,ERR,ERR,ERR,ERR,ERR,ERR,0.0,0.0,2.7184170505011647e+23,0.0,-0.008,-0.0,1.1895441104247608e+35,-0.0,0,0,4,17302,7116,0.0,100,0.0,0.0,0.0,0.0,0.0,0,0,0,0,0.0,0,0,0,0,0,0,0,0,0,0,0,0,0,0,0,0,0,0,0,0,0,0,0,0,0,0,0,0,0,0,0,0,0,31,40,40,71,65476,0,300,0,0,8,21553,0.0,-107605600.0,0.0,0.0,0.0,0.0,0.0,0.0,0.0,0.0,0.0,0.0,0.0,0.0,0.0,0.0,0.0,0.0,0.0,0.0,0.0,0.0,0.0,-3.697064747540991e+19,0.0,0.0,0.0,0.0,0.0,0.0,5316.0,-564146504466432.0,6939.0,0.0,-107615952.0,2.004,2.004,0.0,0.0,0.0,0.0,69,-0.0,-0.0,0.0,0.0,0.0,0.0,0.0,0.0,0.0,0,0,0,0.0,0.0,0.0,0.0,0.0,0.0,0.0,0.0,0.0,0.0,0.0,0.0,0.0,0.0,0.0,0.0,0,-107875648.0,69,0.0,138,0.0,2.012,ERR,ERR,ERR,ERR,ERR,ERR,ERR,ERR,ERR,ERR,ERR,ERR,ERR,ERR,ERR,ERR,ERR,ERR,ERR,ERR,ERR,ERR,ERR,ERR,ERR,ERR,ERR,ERR,ERR,ERR,ERR,ERR,ERR,ERR,ERR,ERR,ERR,ERR,ERR,ERR,ERR,ERR,ERR,ERR,ERR,ERR,ERR,ERR,ERR,ERR,ERR,ERR,ERR,ERR,ERR,ERR,ERR,ERR,ERR,ERR,ERR,ERR,ERR,ERR,ERR,ERR,ERR,60.0,60.0,35,0.0,0.0,0.0,0.0,0.0,0.0,0.0,0.0,0.0,0.0,0.0,0.0,0.0,0.0,0.0,0.0,65.6,0,110,53,34,65476,0,300,0,0,8,20529,65476,0,0,2621,60.0,0.0,0.0,0.0,0.0,0.0
2026-07-09T15:47:33,ERR,ERR,ERR,ERR,ERR,ERR,ERR,ERR,ERR,ERR,ERR,ERR,ERR,ERR,ERR,ERR,ERR,ERR,ERR,ERR,ERR,ERR,ERR,ERR,ERR,ERR,ERR,ERR,ERR,ERR,ERR,ERR,ERR,ERR,ERR,ERR,ERR,ERR,ERR,ERR,ERR,ERR,ERR,ERR,ERR,ERR,ERR,ERR,ERR,ERR,ERR,ERR,ERR,ERR,ERR,ERR,ERR,ERR,ERR,ERR,ERR,ERR,ERR,ERR,ERR,ERR,ERR,ERR,ERR,ERR,ERR,ERR,ERR,ERR,ERR,ERR,ERR,ERR,ERR,ERR,ERR,ERR,ERR,ERR,ERR,ERR,ERR,ERR,ERR,ERR,ERR,ERR,ERR,ERR,ERR,ERR,ERR,ERR,ERR,ERR,ERR,ERR,ERR,ERR,ERR,ERR,ERR,ERR,ERR,ERR,ERR,ERR,ERR,ERR,ERR,ERR,ERR,ERR,ERR,ERR,ERR,ERR,ERR,ERR,ERR,0.0,0.0,2.7184170505011647e+23,0.0,-0.008,-0.0,1.1895441104247608e+35,-0.0,0,0,4,17302,7116,0.0,100,0.0,0.0,0.0,0.0,0.0,0,0,0,0,0.0,0,0,0,0,0,0,0,0,0,0,0,0,0,0,0,0,0,0,0,0,0,0,0,0,0,0,0,0,0,0,0,0,0,31,40,40,71,65476,0,300,0,0,8,21553,0.0,-107605600.0,0.0,0.0,0.0,0.0,0.0,0.0,0.0,0.0,0.0,0.0,0.0,0.0,0.0,0.0,0.0,0.0,0.0,0.0,0.0,0.0,0.0,-3.697064747540991e+19,0.0,0.0,0.0,0.0,0.0,0.0,5316.0,-564146504466432.0,6939.0,0.0,-107615952.0,2.004,2.004,0.0,0.0,0.0,0.0,69,-0.0,-0.0,0.0,0.0,0.0,0.0,0.0,0.0,0.0,0,0,0,0.0,0.0,0.0,0.0,0.0,0.0,0.0,0.0,0.0,0.0,0.0,0.0,0.0,0.0,0.0,0.0,0,-107875648.0,69,0.0,138,0.0,2.012,ERR,ERR,ERR,ERR,ERR,ERR,ERR,ERR,ERR,ERR,ERR,ERR,ERR,ERR,ERR,ERR,ERR,ERR,ERR,ERR,ERR,ERR,ERR,ERR,ERR,ERR,ERR,ERR,ERR,ERR,ERR,ERR,ERR,ERR,ERR,ERR,ERR,ERR,ERR,ERR,ERR,ERR,ERR,ERR,ERR,ERR,ERR,ERR,ERR,ERR,ERR,ERR,ERR,ERR,ERR,ERR,ERR,ERR,ERR,ERR,ERR,ERR,ERR,ERR,ERR,ERR,ERR,60.0,60.0,35,0.0,0.0,0.0,0.0,0.0,0.0,0.0,0.0,0.0,0.0,0.0,0.0,0.0,0.0,0.0,0.0,65.2,0,110,53,34,65476,0,300,0,0,8,20529,65476,0,0,2621,60.0,0.0,0.0,0.0,0.0,0.0
2026-07-09T15:47:34,ERR,ERR,ERR,ERR,ERR,ERR,ERR,ERR,ERR,ERR,ERR,ERR,ERR,ERR,ERR,ERR,ERR,ERR,ERR,ERR,ERR,ERR,ERR,ERR,ERR,ERR,ERR,ERR,ERR,ERR,ERR,ERR,ERR,ERR,ERR,ERR,ERR,ERR,ERR,ERR,ERR,ERR,ERR,ERR,ERR,ERR,ERR,ERR,ERR,ERR,ERR,ERR,ERR,ERR,ERR,ERR,ERR,ERR,ERR,ERR,ERR,ERR,ERR,ERR,ERR,ERR,ERR,ERR,ERR,ERR,ERR,ERR,ERR,ERR,ERR,ERR,ERR,ERR,ERR,ERR,ERR,ERR,ERR,ERR,ERR,ERR,ERR,ERR,ERR,ERR,ERR,ERR,ERR,ERR,ERR,ERR,ERR,ERR,ERR,ERR,ERR,ERR,ERR,ERR,ERR,ERR,ERR,ERR,ERR,ERR,ERR,ERR,ERR,ERR,ERR,ERR,ERR,ERR,ERR,ERR,ERR,ERR,ERR,ERR,ERR,2.7184246165485387e+23,-0.0,-108139040.0,2.7183478752108883e+23,-2.540877975262341e+30,-2.2099137483706116e+38,-17.285,-5.174351682122222e+21,0,0,4,17304,7116,0.0,100,0.0,0.0,2.7183478752108883e+23,0.0,0.0,0,0,0,0,0.0,0,0,0,0,0,0,0,0,0,0,0,0,0,0,0,0,0,0,0,0,0,0,0,0,0,0,0,0,0,0,0,0,0,31,40,40,71,65476,0,300,0,0,8,21553,0.0,-107605600.0,0.0,0.0,0.0,0.0,0.0,0.0,0.0,0.0,0.0,0.0,0.0,0.0,0.0,0.0,0.0,0.0,0.0,0.0,0.0,0.0,2.004,-0.0,0.0,0.0,0.0,0.0,0.0,0.0,5318.0,-0.0,6933.0,2.7184246165485387e+23,2.7184437118109587e+23,2.004,2.004,0.0,0.0,0.0,0.0,69,-0.0,126840643584.0,0.0,0.0,0.0,0.0,0.0,0.0,0.0,0,0,0,0.0,0.0,0.0,0.0,0.0,0.0,0.0,0.0,0.0,0.0,0.0,0.0,0.0,0.0,0.0,0.0,0,-107875648.0,69,0.0,138,0.0,2.012,ERR,ERR,ERR,ERR,ERR,ERR,ERR,ERR,ERR,ERR,ERR,ERR,ERR,ERR,ERR,ERR,ERR,ERR,ERR,ERR,ERR,ERR,ERR,ERR,ERR,ERR,ERR,ERR,ERR,ERR,ERR,ERR,ERR,ERR,ERR,ERR,ERR,ERR,ERR,ERR,ERR,ERR,ERR,ERR,ERR,ERR,ERR,ERR,ERR,ERR,ERR,ERR,ERR,ERR,ERR,ERR,ERR,ERR,ERR,ERR,ERR,ERR,ERR,ERR,ERR,ERR,ERR,60.0,60.0,35,0.0,0.0,0.0,0.0,0.0,0.0,0.0,0.0,0.0,0.0,0.0,0.0,0.0,0.0,0.0,0.0,65.2,0,110,53,34,65476,0,300,0,0,8,20529,65476,0,0,2621,60.0,0.0,0.0,0.0,0.0,0.0
2026-07-09T15:47:35,ERR,ERR,ERR,ERR,ERR,ERR,ERR,ERR,ERR,ERR,ERR,ERR,ERR,ERR,ERR,ERR,ERR,ERR,ERR,ERR,ERR,ERR,ERR,ERR,ERR,ERR,ERR,ERR,ERR,ERR,ERR,ERR,ERR,ERR,ERR,ERR,ERR,ERR,ERR,ERR,ERR,ERR,ERR,ERR,ERR,ERR,ERR,ERR,ERR,ERR,ERR,ERR,ERR,ERR,ERR,ERR,ERR,ERR,ERR,ERR,ERR,ERR,ERR,ERR,ERR,ERR,ERR,ERR,ERR,ERR,ERR,ERR,ERR,ERR,ERR,ERR,ERR,ERR,ERR,ERR,ERR,ERR,ERR,ERR,ERR,ERR,ERR,ERR,ERR,ERR,ERR,ERR,ERR,ERR,ERR,ERR,ERR,ERR,ERR,ERR,ERR,ERR,ERR,ERR,ERR,ERR,ERR,ERR,ERR,ERR,ERR,ERR,ERR,ERR,ERR,ERR,ERR,ERR,ERR,ERR,ERR,ERR,ERR,ERR,ERR,2.7184246165485387e+23,-0.0,-108139040.0,2.7183478752108883e+23,-2.540877975262341e+30,-2.2099137483706116e+38,-17.285,-5.174351682122222e+21,0,0,4,17304,7116,0.0,100,0.0,0.0,2.7183478752108883e+23,0.0,0.0,0,0,0,0,0.0,0,0,0,0,0,0,0,0,0,0,0,0,0,0,0,0,0,0,0,0,0,0,0,0,0,0,0,0,0,0,0,0,0,31,40,40,71,65476,0,300,0,0,8,21553,0.0,-107605600.0,0.0,0.0,0.0,0.0,0.0,0.0,0.0,0.0,0.0,0.0,0.0,0.0,0.0,0.0,0.0,0.0,0.0,0.0,0.0,0.0,2.004,-0.0,0.0,0.0,0.0,0.0,0.0,0.0,5318.0,-0.0,6933.0,2.7184246165485387e+23,2.7184437118109587e+23,2.004,2.004,0.0,0.0,0.0,0.0,69,-0.0,126840643584.0,0.0,0.0,0.0,0.0,0.0,0.0,0.0,0,0,0,0.0,0.0,0.0,0.0,0.0,0.0,0.0,0.0,0.0,0.0,0.0,0.0,0.0,0.0,0.0,0.0,0,-107875648.0,69,0.0,138,0.0,2.012,ERR,ERR,ERR,ERR,ERR,ERR,ERR,ERR,ERR,ERR,ERR,ERR,ERR,ERR,ERR,ERR,ERR,ERR,ERR,ERR,ERR,ERR,ERR,ERR,ERR,ERR,ERR,ERR,ERR,ERR,ERR,ERR,ERR,ERR,ERR,ERR,ERR,ERR,ERR,ERR,ERR,ERR,ERR,ERR,ERR,ERR,ERR,ERR,ERR,ERR,ERR,ERR,ERR,ERR,ERR,ERR,ERR,ERR,ERR,ERR,ERR,ERR,ERR,ERR,ERR,ERR,ERR,60.0,60.0,35,0.0,0.0,0.0,0.0,0.0,0.0,0.0,0.0,0.0,0.0,0.0,0.0,0.0,0.0,0.0,0.0,65.2,0,110,53,34,65476,0,300,0,0,8,20529,65476,0,0,2621,60.0,0.0,0.0,0.0,0.0,0.0
2026-07-09T15:47:36,ERR,ERR,ERR,ERR,ERR,ERR,ERR,ERR,ERR,ERR,ERR,ERR,ERR,ERR,ERR,ERR,ERR,ERR,ERR,ERR,ERR,ERR,ERR,ERR,ERR,ERR,ERR,ERR,ERR,ERR,ERR,ERR,ERR,ERR,ERR,ERR,ERR,ERR,ERR,ERR,ERR,ERR,ERR,ERR,ERR,ERR,ERR,ERR,ERR,ERR,ERR,ERR,ERR,ERR,ERR,ERR,ERR,ERR,ERR,ERR,ERR,ERR,ERR,ERR,ERR,ERR,ERR,ERR,ERR,ERR,ERR,ERR,ERR,ERR,ERR,ERR,ERR,ERR,ERR,ERR,ERR,ERR,ERR,ERR,ERR,ERR,ERR,ERR,ERR,ERR,ERR,ERR,ERR,ERR,ERR,ERR,ERR,ERR,ERR,ERR,ERR,ERR,ERR,ERR,ERR,ERR,ERR,ERR,ERR,ERR,ERR,ERR,ERR,ERR,ERR,ERR,ERR,ERR,ERR,ERR,ERR,ERR,ERR,ERR,ERR,2.7184246165485387e+23,-0.0,-108139040.0,2.7183478752108883e+23,-2.540877975262341e+30,-2.2099137483706116e+38,-17.285,-5.174351682122222e+21,0,0,4,17304,7116,0.0,100,0.0,0.0,2.7183478752108883e+23,0.0,0.0,0,0,0,0,0.0,0,0,0,0,0,0,0,0,0,0,0,0,0,0,0,0,0,0,0,0,0,0,0,0,0,0,0,0,0,0,0,0,0,31,40,40,71,65476,0,300,0,0,8,21553,0.0,-107605600.0,0.0,0.0,0.0,0.0,0.0,0.0,0.0,0.0,0.0,0.0,0.0,0.0,0.0,0.0,0.0,0.0,0.0,0.0,0.0,0.0,2.004,-0.0,0.0,0.0,0.0,0.0,0.0,0.0,5318.0,-0.0,6933.0,2.7184246165485387e+23,2.7184437118109587e+23,2.004,2.004,0.0,0.0,0.0,0.0,69,-0.0,126840643584.0,0.0,0.0,0.0,0.0,0.0,0.0,0.0,0,0,0,0.0,0.0,0.0,0.0,0.0,0.0,0.0,0.0,0.0,0.0,0.0,0.0,0.0,0.0,0.0,0.0,0,-107875648.0,69,0.0,138,0.0,2.012,ERR,ERR,ERR,ERR,ERR,ERR,ERR,ERR,ERR,ERR,ERR,ERR,ERR,ERR,ERR,ERR,ERR,ERR,ERR,ERR,ERR,ERR,ERR,ERR,ERR,ERR,ERR,ERR,ERR,ERR,ERR,ERR,ERR,ERR,ERR,ERR,ERR,ERR,ERR,ERR,ERR,ERR,ERR,ERR,ERR,ERR,ERR,ERR,ERR,ERR,ERR,ERR,ERR,ERR,ERR,ERR,ERR,ERR,ERR,ERR,ERR,ERR,ERR,ERR,ERR,ERR,ERR,60.0,60.0,35,0.0,0.0,0.0,0.0,0.0,0.0,0.0,0.0,0.0,0.0,0.0,0.0,0.0,0.0,0.0,0.0,65.2,0,110,53,34,65476,0,300,0,0,8,20529,65476,0,0,2621,60.0,0.0,0.0,0.0,0.0,0.0
2026-07-09T15:47:37,ERR,ERR,ERR,ERR,ERR,ERR,ERR,ERR,ERR,ERR,ERR,ERR,ERR,ERR,ERR,ERR,ERR,ERR,ERR,ERR,ERR,ERR,ERR,ERR,ERR,ERR,ERR,ERR,ERR,ERR,ERR,ERR,ERR,ERR,ERR,ERR,ERR,ERR,ERR,ERR,ERR,ERR,ERR,ERR,ERR,ERR,ERR,ERR,ERR,ERR,ERR,ERR,ERR,ERR,ERR,ERR,ERR,ERR,ERR,ERR,ERR,ERR,ERR,ERR,ERR,ERR,ERR,ERR,ERR,ERR,ERR,ERR,ERR,ERR,ERR,ERR,ERR,ERR,ERR,ERR,ERR,ERR,ERR,ERR,ERR,ERR,ERR,ERR,ERR,ERR,ERR,ERR,ERR,ERR,ERR,ERR,ERR,ERR,ERR,ERR,ERR,ERR,ERR,ERR,ERR,ERR,ERR,ERR,ERR,ERR,ERR,ERR,ERR,ERR,ERR,ERR,ERR,ERR,ERR,ERR,ERR,ERR,ERR,ERR,ERR,2.7184246165485387e+23,-0.0,-108139040.0,2.7183478752108883e+23,-2.540877975262341e+30,-2.2099137483706116e+38,-17.285,-5.174351682122222e+21,0,0,4,17304,7116,0.0,100,0.0,0.0,2.7183478752108883e+23,0.0,0.0,0,0,0,0,0.0,0,0,0,0,0,0,0,0,0,0,0,0,0,0,0,0,0,0,0,0,0,0,0,0,0,0,0,0,0,0,0,0,0,31,40,40,71,65476,0,300,0,0,8,21553,0.0,-107605600.0,0.0,0.0,0.0,0.0,0.0,0.0,0.0,0.0,0.0,0.0,0.0,0.0,0.0,0.0,0.0,0.0,0.0,0.0,0.0,0.0,2.004,-0.0,0.0,0.0,0.0,0.0,0.0,0.0,5318.0,-0.0,6933.0,2.7184246165485387e+23,2.7184437118109587e+23,2.004,2.004,0.0,0.0,0.0,0.0,69,-0.0,126840643584.0,0.0,0.0,0.0,0.0,0.0,0.0,0.0,0,0,0,0.0,0.0,0.0,0.0,0.0,0.0,0.0,0.0,0.0,0.0,0.0,0.0,0.0,0.0,0.0,0.0,0,-107875648.0,69,0.0,138,0.0,2.012,ERR,ERR,ERR,ERR,ERR,ERR,ERR,ERR,ERR,ERR,ERR,ERR,ERR,ERR,ERR,ERR,ERR,ERR,ERR,ERR,ERR,ERR,ERR,ERR,ERR,ERR,ERR,ERR,ERR,ERR,ERR,ERR,ERR,ERR,ERR,ERR,ERR,ERR,ERR,ERR,ERR,ERR,ERR,ERR,ERR,ERR,ERR,ERR,ERR,ERR,ERR,ERR,ERR,ERR,ERR,ERR,ERR,ERR,ERR,ERR,ERR,ERR,ERR,ERR,ERR,ERR,ERR,60.0,60.0,35,0.0,0.0,0.0,0.0,0.0,0.0,0.0,0.0,0.0,0.0,0.0,0.0,0.0,0.0,0.0,0.0,65.2,0,110,53,34,65476,0,300,0,0,8,20529,65476,0,0,2621,60.0,0.0,0.0,0.0,0.0,0.0
2026-07-09T15:47:38,ERR,ERR,ERR,ERR,ERR,ERR,ERR,ERR,ERR,ERR,ERR,ERR,ERR,ERR,ERR,ERR,ERR,ERR,ERR,ERR,ERR,ERR,ERR,ERR,ERR,ERR,ERR,ERR,ERR,ERR,ERR,ERR,ERR,ERR,ERR,ERR,ERR,ERR,ERR,ERR,ERR,ERR,ERR,ERR,ERR,ERR,ERR,ERR,ERR,ERR,ERR,ERR,ERR,ERR,ERR,ERR,ERR,ERR,ERR,ERR,ERR,ERR,ERR,ERR,ERR,ERR,ERR,ERR,ERR,ERR,ERR,ERR,ERR,ERR,ERR,ERR,ERR,ERR,ERR,ERR,ERR,ERR,ERR,ERR,ERR,ERR,ERR,ERR,ERR,ERR,ERR,ERR,ERR,ERR,ERR,ERR,ERR,ERR,ERR,ERR,ERR,ERR,ERR,ERR,ERR,ERR,ERR,ERR,ERR,ERR,ERR,ERR,ERR,ERR,ERR,ERR,ERR,ERR,ERR,ERR,ERR,ERR,ERR,ERR,ERR,2.7184246165485387e+23,-0.0,-108139040.0,2.7183478752108883e+23,-2.540877975262341e+30,-2.2099137483706116e+38,-17.285,-5.174351682122222e+21,0,0,4,17304,7116,0.0,100,0.0,0.0,2.7183478752108883e+23,0.0,0.0,0,0,0,0,0.0,0,0,0,0,0,0,0,0,0,0,0,0,0,0,0,0,0,0,0,0,0,0,0,0,0,0,0,0,0,0,0,0,0,31,40,40,71,65476,0,300,0,0,8,21553,0.0,-107605600.0,0.0,0.0,0.0,0.0,0.0,0.0,0.0,0.0,0.0,0.0,0.0,0.0,0.0,0.0,0.0,0.0,0.0,0.0,0.0,0.0,2.004,-0.0,0.0,0.0,0.0,0.0,0.0,0.0,5318.0,-0.0,6933.0,2.7184246165485387e+23,2.7184437118109587e+23,2.004,2.004,0.0,0.0,0.0,0.0,69,-0.0,126840643584.0,0.0,0.0,0.0,0.0,0.0,0.0,0.0,0,0,0,0.0,0.0,0.0,0.0,0.0,0.0,0.0,0.0,0.0,0.0,0.0,0.0,0.0,0.0,0.0,0.0,0,-107875648.0,69,0.0,138,0.0,2.012,ERR,ERR,ERR,ERR,ERR,ERR,ERR,ERR,ERR,ERR,ERR,ERR,ERR,ERR,ERR,ERR,ERR,ERR,ERR,ERR,ERR,ERR,ERR,ERR,ERR,ERR,ERR,ERR,ERR,ERR,ERR,ERR,ERR,ERR,ERR,ERR,ERR,ERR,ERR,ERR,ERR,ERR,ERR,ERR,ERR,ERR,ERR,ERR,ERR,ERR,ERR,ERR,ERR,ERR,ERR,ERR,ERR,ERR,ERR,ERR,ERR,ERR,ERR,ERR,ERR,ERR,ERR,60.0,60.0,35,0.0,0.0,0.0,0.0,0.0,0.0,0.0,0.0,0.0,0.0,0.0,0.0,0.0,0.0,0.0,0.0,65.2,0,110,53,34,65476,0,300,0,0,8,20529,65476,0,0,2621,60.0,0.0,0.0,0.0,0.0,0.0
2026-07-09T15:47:39,ERR,ERR,ERR,ERR,ERR,ERR,ERR,ERR,ERR,ERR,ERR,ERR,ERR,ERR,ERR,ERR,ERR,ERR,ERR,ERR,ERR,ERR,ERR,ERR,ERR,ERR,ERR,ERR,ERR,ERR,ERR,ERR,ERR,ERR,ERR,ERR,ERR,ERR,ERR,ERR,ERR,ERR,ERR,ERR,ERR,ERR,ERR,ERR,ERR,ERR,ERR,ERR,ERR,ERR,ERR,ERR,ERR,ERR,ERR,ERR,ERR,ERR,ERR,ERR,ERR,ERR,ERR,ERR,ERR,ERR,ERR,ERR,ERR,ERR,ERR,ERR,ERR,ERR,ERR,ERR,ERR,ERR,ERR,ERR,ERR,ERR,ERR,ERR,ERR,ERR,ERR,ERR,ERR,ERR,ERR,ERR,ERR,ERR,ERR,ERR,ERR,ERR,ERR,ERR,ERR,ERR,ERR,ERR,ERR,ERR,ERR,ERR,ERR,ERR,ERR,ERR,ERR,ERR,ERR,ERR,ERR,ERR,ERR,ERR,ERR,2.7184246165485387e+23,0.0,0.0,0.0,-5.081754137135953e+30,0.0,-7117034613637120.0,-1338.008,0,0,4,17301,7116,0.0,100,0.0,0.0,0.0,0.0,0.0,0,0,0,0,0.0,0,0,0,0,0,0,0,0,0,0,0,0,0,0,0,0,0,0,0,0,0,0,0,0,0,0,0,0,0,0,0,0,0,31,40,40,71,65476,0,300,0,0,8,21553,0.0,-107605600.0,0.0,0.0,0.0,0.0,0.0,0.0,0.0,0.0,0.0,0.0,0.0,0.0,0.0,0.0,0.0,0.0,0.0,0.0,0.0,0.0,2.004,3.697064747540991e+19,0.0,0.0,0.0,0.0,0.0,0.0,5339.0,-0.0,6935.0,2.7184246165485387e+23,0.0,2.004,2.004,0.0,0.0,0.0,0.0,69,89220.656,2.718419752660941e+23,0.0,0.0,0.0,0.0,0.0,0.0,0.0,0,0,0,0.0,0.0,0.0,0.0,0.0,0.0,0.0,0.0,0.0,0.0,0.0,0.0,0.0,0.0,0.0,0.0,0,-107875648.0,69,0.0,138,0.0,2.012,ERR,ERR,ERR,ERR,ERR,ERR,ERR,ERR,ERR,ERR,ERR,ERR,ERR,ERR,ERR,ERR,ERR,ERR,ERR,ERR,ERR,ERR,ERR,ERR,ERR,ERR,ERR,ERR,ERR,ERR,ERR,ERR,ERR,ERR,ERR,ERR,ERR,ERR,ERR,ERR,ERR,ERR,ERR,ERR,ERR,ERR,ERR,ERR,ERR,ERR,ERR,ERR,ERR,ERR,ERR,ERR,ERR,ERR,ERR,ERR,ERR,ERR,ERR,ERR,ERR,ERR,ERR,60.0,60.0,35,0.0,0.0,0.0,0.0,0.0,0.0,0.0,0.0,0.0,0.0,0.0,0.0,0.0,0.0,0.0,0.0,65.2,0,110,53,34,65476,0,300,0,0,8,20529,65476,0,0,2621,60.0,0.0,0.0,0.0,0.0,0.0
2026-07-09T15:47:40,ERR,ERR,ERR,ERR,ERR,ERR,ERR,ERR,ERR,ERR,ERR,ERR,ERR,ERR,ERR,ERR,ERR,ERR,ERR,ERR,ERR,ERR,ERR,ERR,ERR,ERR,ERR,ERR,ERR,ERR,ERR,ERR,ERR,ERR,ERR,ERR,ERR,ERR,ERR,ERR,ERR,ERR,ERR,ERR,ERR,ERR,ERR,ERR,ERR,ERR,ERR,ERR,ERR,ERR,ERR,ERR,ERR,ERR,ERR,ERR,ERR,ERR,ERR,ERR,ERR,ERR,ERR,ERR,ERR,ERR,ERR,ERR,ERR,ERR,ERR,ERR,ERR,ERR,ERR,ERR,ERR,ERR,ERR,ERR,ERR,ERR,ERR,ERR,ERR,ERR,ERR,ERR,ERR,ERR,ERR,ERR,ERR,ERR,ERR,ERR,ERR,ERR,ERR,ERR,ERR,ERR,ERR,ERR,ERR,ERR,ERR,ERR,ERR,ERR,ERR,ERR,ERR,ERR,ERR,ERR,ERR,ERR,ERR,ERR,ERR,2.7184246165485387e+23,0.0,0.0,0.0,-5.081754137135953e+30,0.0,-7117034613637120.0,-1338.008,0,0,4,17301,7116,0.0,100,0.0,0.0,0.0,0.0,0.0,0,0,0,0,0.0,0,0,0,0,0,0,0,0,0,0,0,0,0,0,0,0,0,0,0,0,0,0,0,0,0,0,0,0,0,0,0,0,0,31,40,40,71,65476,0,300,0,0,8,21553,0.0,-107605600.0,0.0,0.0,0.0,0.0,0.0,0.0,0.0,0.0,0.0,0.0,0.0,0.0,0.0,0.0,0.0,0.0,0.0,0.0,0.0,0.0,2.004,3.697064747540991e+19,0.0,0.0,0.0,0.0,0.0,0.0,5339.0,-0.0,6935.0,2.7184246165485387e+23,0.0,2.004,2.004,0.0,0.0,0.0,0.0,69,89220.656,2.718419752660941e+23,0.0,0.0,0.0,0.0,0.0,0.0,0.0,0,0,0,0.0,0.0,0.0,0.0,0.0,0.0,0.0,0.0,0.0,0.0,0.0,0.0,0.0,0.0,0.0,0.0,0,-107875648.0,69,0.0,138,0.0,2.012,ERR,ERR,ERR,ERR,ERR,ERR,ERR,ERR,ERR,ERR,ERR,ERR,ERR,ERR,ERR,ERR,ERR,ERR,ERR,ERR,ERR,ERR,ERR,ERR,ERR,ERR,ERR,ERR,ERR,ERR,ERR,ERR,ERR,ERR,ERR,ERR,ERR,ERR,ERR,ERR,ERR,ERR,ERR,ERR,ERR,ERR,ERR,ERR,ERR,ERR,ERR,ERR,ERR,ERR,ERR,ERR,ERR,ERR,ERR,ERR,ERR,ERR,ERR,ERR,ERR,ERR,ERR,60.0,60.0,35,0.0,0.0,0.0,0.0,0.0,0.0,0.0,0.0,0.0,0.0,0.0,0.0,0.0,0.0,0.0,0.0,65.2,0,110,53,34,65476,0,300,0,0,8,20529,65476,0,0,2621,60.0,0.0,0.0,0.0,0.0,0.0
2026-07-09T15:47:41,ERR,ERR,ERR,ERR,ERR,ERR,ERR,ERR,ERR,ERR,ERR,ERR,ERR,ERR,ERR,ERR,ERR,ERR,ERR,ERR,ERR,ERR,ERR,ERR,ERR,ERR,ERR,ERR,ERR,ERR,ERR,ERR,ERR,ERR,ERR,ERR,ERR,ERR,ERR,ERR,ERR,ERR,ERR,ERR,ERR,ERR,ERR,ERR,ERR,ERR,ERR,ERR,ERR,ERR,ERR,ERR,ERR,ERR,ERR,ERR,ERR,ERR,ERR,ERR,ERR,ERR,ERR,ERR,ERR,ERR,ERR,ERR,ERR,ERR,ERR,ERR,ERR,ERR,ERR,ERR,ERR,ERR,ERR,ERR,ERR,ERR,ERR,ERR,ERR,ERR,ERR,ERR,ERR,ERR,ERR,ERR,ERR,ERR,ERR,ERR,ERR,ERR,ERR,ERR,ERR,ERR,ERR,ERR,ERR,ERR,ERR,ERR,ERR,ERR,ERR,ERR,ERR,ERR,ERR,ERR,ERR,ERR,ERR,ERR,ERR,2.7184246165485387e+23,0.0,0.0,0.0,-5.081754137135953e+30,0.0,-7117034613637120.0,-1338.008,0,0,4,17301,7116,0.0,100,0.0,0.0,0.0,0.0,0.0,0,0,0,0,0.0,0,0,0,0,0,0,0,0,0,0,0,0,0,0,0,0,0,0,0,0,0,0,0,0,0,0,0,0,0,0,0,0,0,31,40,40,71,65476,0,300,0,0,8,21553,0.0,-107605600.0,0.0,0.0,0.0,0.0,0.0,0.0,0.0,0.0,0.0,0.0,0.0,0.0,0.0,0.0,0.0,0.0,0.0,0.0,0.0,0.0,2.004,3.697064747540991e+19,0.0,0.0,0.0,0.0,0.0,0.0,5339.0,-0.0,6935.0,2.7184246165485387e+23,0.0,2.004,2.004,0.0,0.0,0.0,0.0,69,89220.656,2.718419752660941e+23,0.0,0.0,0.0,0.0,0.0,0.0,0.0,0,0,0,0.0,0.0,0.0,0.0,0.0,0.0,0.0,0.0,0.0,0.0,0.0,0.0,0.0,0.0,0.0,0.0,0,-107875648.0,69,0.0,138,0.0,2.012,ERR,ERR,ERR,ERR,ERR,ERR,ERR,ERR,ERR,ERR,ERR,ERR,ERR,ERR,ERR,ERR,ERR,ERR,ERR,ERR,ERR,ERR,ERR,ERR,ERR,ERR,ERR,ERR,ERR,ERR,ERR,ERR,ERR,ERR,ERR,ERR,ERR,ERR,ERR,ERR,ERR,ERR,ERR,ERR,ERR,ERR,ERR,ERR,ERR,ERR,ERR,ERR,ERR,ERR,ERR,ERR,ERR,ERR,ERR,ERR,ERR,ERR,ERR,ERR,ERR,ERR,ERR,60.0,60.0,35,0.0,0.0,0.0,0.0,0.0,0.0,0.0,0.0,0.0,0.0,0.0,0.0,0.0,0.0,0.0,0.0,65.2,0,110,53,34,65476,0,300,0,0,8,20529,65476,0,0,2621,60.0,0.0,0.0,0.0,0.0,0.0
2026-07-09T15:47:42,ERR,ERR,ERR,ERR,ERR,ERR,ERR,ERR,ERR,ERR,ERR,ERR,ERR,ERR,ERR,ERR,ERR,ERR,ERR,ERR,ERR,ERR,ERR,ERR,ERR,ERR,ERR,ERR,ERR,ERR,ERR,ERR,ERR,ERR,ERR,ERR,ERR,ERR,ERR,ERR,ERR,ERR,ERR,ERR,ERR,ERR,ERR,ERR,ERR,ERR,ERR,ERR,ERR,ERR,ERR,ERR,ERR,ERR,ERR,ERR,ERR,ERR,ERR,ERR,ERR,ERR,ERR,ERR,ERR,ERR,ERR,ERR,ERR,ERR,ERR,ERR,ERR,ERR,ERR,ERR,ERR,ERR,ERR,ERR,ERR,ERR,ERR,ERR,ERR,ERR,ERR,ERR,ERR,ERR,ERR,ERR,ERR,ERR,ERR,ERR,ERR,ERR,ERR,ERR,ERR,ERR,ERR,ERR,ERR,ERR,ERR,ERR,ERR,ERR,ERR,ERR,ERR,ERR,ERR,ERR,ERR,ERR,ERR,ERR,ERR,2.7184246165485387e+23,0.0,0.0,0.0,-5.081754137135953e+30,0.0,-7117034613637120.0,-1338.008,0,0,4,17301,7116,0.0,100,0.0,0.0,0.0,0.0,0.0,0,0,0,0,0.0,0,0,0,0,0,0,0,0,0,0,0,0,0,0,0,0,0,0,0,0,0,0,0,0,0,0,0,0,0,0,0,0,0,31,40,40,71,65476,0,300,0,0,8,21553,0.0,-107605600.0,0.0,0.0,0.0,0.0,0.0,0.0,0.0,0.0,0.0,0.0,0.0,0.0,0.0,0.0,0.0,0.0,0.0,0.0,0.0,0.0,2.004,3.697064747540991e+19,0.0,0.0,0.0,0.0,0.0,0.0,5339.0,-0.0,6935.0,2.7184246165485387e+23,0.0,2.004,2.004,0.0,0.0,0.0,0.0,69,89220.656,2.718419752660941e+23,0.0,0.0,0.0,0.0,0.0,0.0,0.0,0,0,0,0.0,0.0,0.0,0.0,0.0,0.0,0.0,0.0,0.0,0.0,0.0,0.0,0.0,0.0,0.0,0.0,0,-107875648.0,69,0.0,138,0.0,2.012,ERR,ERR,ERR,ERR,ERR,ERR,ERR,ERR,ERR,ERR,ERR,ERR,ERR,ERR,ERR,ERR,ERR,ERR,ERR,ERR,ERR,ERR,ERR,ERR,ERR,ERR,ERR,ERR,ERR,ERR,ERR,ERR,ERR,ERR,ERR,ERR,ERR,ERR,ERR,ERR,ERR,ERR,ERR,ERR,ERR,ERR,ERR,ERR,ERR,ERR,ERR,ERR,ERR,ERR,ERR,ERR,ERR,ERR,ERR,ERR,ERR,ERR,ERR,ERR,ERR,ERR,ERR,60.0,60.0,35,0.0,0.0,0.0,0.0,0.0,0.0,0.0,0.0,0.0,0.0,0.0,0.0,0.0,0.0,0.0,0.0,65.2,0,110,53,34,65476,0,300,0,0,8,20529,65476,0,0,2621,60.0,0.0,0.0,0.0,0.0,0.0
2026-07-09T15:47:43,ERR,ERR,ERR,ERR,ERR,ERR,ERR,ERR,ERR,ERR,ERR,ERR,ERR,ERR,ERR,ERR,ERR,ERR,ERR,ERR,ERR,ERR,ERR,ERR,ERR,ERR,ERR,ERR,ERR,ERR,ERR,ERR,ERR,ERR,ERR,ERR,ERR,ERR,ERR,ERR,ERR,ERR,ERR,ERR,ERR,ERR,ERR,ERR,ERR,ERR,ERR,ERR,ERR,ERR,ERR,ERR,ERR,ERR,ERR,ERR,ERR,ERR,ERR,ERR,ERR,ERR,ERR,ERR,ERR,ERR,ERR,ERR,ERR,ERR,ERR,ERR,ERR,ERR,ERR,ERR,ERR,ERR,ERR,ERR,ERR,ERR,ERR,ERR,ERR,ERR,ERR,ERR,ERR,ERR,ERR,ERR,ERR,ERR,ERR,ERR,ERR,ERR,ERR,ERR,ERR,ERR,ERR,ERR,ERR,ERR,ERR,ERR,ERR,ERR,ERR,ERR,ERR,ERR,ERR,ERR,ERR,ERR,ERR,ERR,ERR,2.7184246165485387e+23,0.0,0.0,0.0,-5.081754137135953e+30,0.0,-7117034613637120.0,-1338.008,0,0,4,17301,7116,0.0,100,0.0,0.0,0.0,0.0,0.0,0,0,0,0,0.0,0,0,0,0,0,0,0,0,0,0,0,0,0,0,0,0,0,0,0,0,0,0,0,0,0,0,0,0,0,0,0,0,0,31,40,40,71,65476,0,300,0,0,8,21553,0.0,-107605600.0,0.0,0.0,0.0,0.0,0.0,0.0,0.0,0.0,0.0,0.0,0.0,0.0,0.0,0.0,0.0,0.0,0.0,0.0,0.0,0.0,2.004,3.697064747540991e+19,0.0,0.0,0.0,0.0,0.0,0.0,5339.0,-0.0,6935.0,2.7184246165485387e+23,0.0,2.004,2.004,0.0,0.0,0.0,0.0,69,89220.656,2.718419752660941e+23,0.0,0.0,0.0,0.0,0.0,0.0,0.0,0,0,0,0.0,0.0,0.0,0.0,0.0,0.0,0.0,0.0,0.0,0.0,0.0,0.0,0.0,0.0,0.0,0.0,0,-107875648.0,69,0.0,138,0.0,2.012,ERR,ERR,ERR,ERR,ERR,ERR,ERR,ERR,ERR,ERR,ERR,ERR,ERR,ERR,ERR,ERR,ERR,ERR,ERR,ERR,ERR,ERR,ERR,ERR,ERR,ERR,ERR,ERR,ERR,ERR,ERR,ERR,ERR,ERR,ERR,ERR,ERR,ERR,ERR,ERR,ERR,ERR,ERR,ERR,ERR,ERR,ERR,ERR,ERR,ERR,ERR,ERR,ERR,ERR,ERR,ERR,ERR,ERR,ERR,ERR,ERR,ERR,ERR,ERR,ERR,ERR,ERR,60.0,60.0,35,0.0,0.0,0.0,0.0,0.0,0.0,0.0,0.0,0.0,0.0,0.0,0.0,0.0,0.0,0.0,0.0,65.2,0,110,53,34,65476,0,300,0,0,8,20529,65476,0,0,2621,60.0,0.0,0.0,0.0,0.0,0.0
2026-07-09T15:47:44,ERR,ERR,ERR,ERR,ERR,ERR,ERR,ERR,ERR,ERR,ERR,ERR,ERR,ERR,ERR,ERR,ERR,ERR,ERR,ERR,ERR,ERR,ERR,ERR,ERR,ERR,ERR,ERR,ERR,ERR,ERR,ERR,ERR,ERR,ERR,ERR,ERR,ERR,ERR,ERR,ERR,ERR,ERR,ERR,ERR,ERR,ERR,ERR,ERR,ERR,ERR,ERR,ERR,ERR,ERR,ERR,ERR,ERR,ERR,ERR,ERR,ERR,ERR,ERR,ERR,ERR,ERR,ERR,ERR,ERR,ERR,ERR,ERR,ERR,ERR,ERR,ERR,ERR,ERR,ERR,ERR,ERR,ERR,ERR,ERR,ERR,ERR,ERR,ERR,ERR,ERR,ERR,ERR,ERR,ERR,ERR,ERR,ERR,ERR,ERR,ERR,ERR,ERR,ERR,ERR,ERR,ERR,ERR,ERR,ERR,ERR,ERR,ERR,ERR,ERR,ERR,ERR,ERR,ERR,ERR,ERR,ERR,ERR,ERR,ERR,-107615104.0,0.0,0.0,2.7183478752108883e+23,-0.008,nan,0.0,-4333640089600.0,0,0,4,17277,7116,0.0,100,0.0,0.0,2.7183478752108883e+23,0.0,0.0,0,0,0,0,0.0,0,0,0,0,0,0,0,0,0,0,0,0,0,0,0,0,0,0,0,0,0,0,0,0,0,0,0,0,0,0,0,0,0,31,40,40,71,65476,0,300,0,0,8,21553,0.0,-107605600.0,0.0,0.0,0.0,0.0,0.0,0.0,0.0,0.0,0.0,0.0,0.0,0.0,0.0,0.0,0.0,0.0,0.0,0.0,0.0,0.0,-0.0,2.004,0.0,0.0,0.0,0.0,0.0,0.0,5334.0,-8608192512.0,6938.0,-107615104.0,0.0,2.004,2.004,0.0,0.0,0.0,0.0,69,0.0,-0.0,0.0,0.0,0.0,0.0,0.0,0.0,0.0,0,0,0,0.0,0.0,0.0,0.0,0.0,0.0,0.0,0.0,0.0,0.0,0.0,0.0,0.0,0.0,0.0,0.0,0,-107875648.0,69,0.0,138,0.0,2.012,ERR,ERR,ERR,ERR,ERR,ERR,ERR,ERR,ERR,ERR,ERR,ERR,ERR,ERR,ERR,ERR,ERR,ERR,ERR,ERR,ERR,ERR,ERR,ERR,ERR,ERR,ERR,ERR,ERR,ERR,ERR,ERR,ERR,ERR,ERR,ERR,ERR,ERR,ERR,ERR,ERR,ERR,ERR,ERR,ERR,ERR,ERR,ERR,ERR,ERR,ERR,ERR,ERR,ERR,ERR,ERR,ERR,ERR,ERR,ERR,ERR,ERR,ERR,ERR,ERR,ERR,ERR,60.0,60.0,35,0.0,0.0,0.0,0.0,0.0,0.0,0.0,0.0,0.0,0.0,0.0,0.0,0.0,0.0,0.0,0.0,65.2,0,110,53,34,65476,0,300,0,0,8,20529,65476,0,0,2621,60.0,0.0,0.0,0.0,0.0,0.0
2026-07-09T15:47:45,ERR,ERR,ERR,ERR,ERR,ERR,ERR,ERR,ERR,ERR,ERR,ERR,ERR,ERR,ERR,ERR,ERR,ERR,ERR,ERR,ERR,ERR,ERR,ERR,ERR,ERR,ERR,ERR,ERR,ERR,ERR,ERR,ERR,ERR,ERR,ERR,ERR,ERR,ERR,ERR,ERR,ERR,ERR,ERR,ERR,ERR,ERR,ERR,ERR,ERR,ERR,ERR,ERR,ERR,ERR,ERR,ERR,ERR,ERR,ERR,ERR,ERR,ERR,ERR,ERR,ERR,ERR,ERR,ERR,ERR,ERR,ERR,ERR,ERR,ERR,ERR,ERR,ERR,ERR,ERR,ERR,ERR,ERR,ERR,ERR,ERR,ERR,ERR,ERR,ERR,ERR,ERR,ERR,ERR,ERR,ERR,ERR,ERR,ERR,ERR,ERR,ERR,ERR,ERR,ERR,ERR,ERR,ERR,ERR,ERR,ERR,ERR,ERR,ERR,ERR,ERR,ERR,ERR,ERR,ERR,ERR,ERR,ERR,ERR,ERR,-107615104.0,0.0,0.0,2.7183478752108883e+23,-0.008,nan,0.0,-4333640089600.0,0,0,4,17277,7116,0.0,100,0.0,0.0,2.7183478752108883e+23,0.0,0.0,0,0,0,0,0.0,0,0,0,0,0,0,0,0,0,0,0,0,0,0,0,0,0,0,0,0,0,0,0,0,0,0,0,0,0,0,0,0,0,31,40,40,71,65476,0,300,0,0,8,21553,0.0,-107605600.0,0.0,0.0,0.0,0.0,0.0,0.0,0.0,0.0,0.0,0.0,0.0,0.0,0.0,0.0,0.0,0.0,0.0,0.0,0.0,0.0,-0.0,2.004,0.0,0.0,0.0,0.0,0.0,0.0,5334.0,-8608192512.0,6938.0,-107615104.0,0.0,2.004,2.004,0.0,0.0,0.0,0.0,69,0.0,-0.0,0.0,0.0,0.0,0.0,0.0,0.0,0.0,0,0,0,0.0,0.0,0.0,0.0,0.0,0.0,0.0,0.0,0.0,0.0,0.0,0.0,0.0,0.0,0.0,0.0,0,-107875648.0,69,0.0,138,0.0,2.012,ERR,ERR,ERR,ERR,ERR,ERR,ERR,ERR,ERR,ERR,ERR,ERR,ERR,ERR,ERR,ERR,ERR,ERR,ERR,ERR,ERR,ERR,ERR,ERR,ERR,ERR,ERR,ERR,ERR,ERR,ERR,ERR,ERR,ERR,ERR,ERR,ERR,ERR,ERR,ERR,ERR,ERR,ERR,ERR,ERR,ERR,ERR,ERR,ERR,ERR,ERR,ERR,ERR,ERR,ERR,ERR,ERR,ERR,ERR,ERR,ERR,ERR,ERR,ERR,ERR,ERR,ERR,60.0,60.0,35,0.0,0.0,0.0,0.0,0.0,0.0,0.0,0.0,0.0,0.0,0.0,0.0,0.0,0.0,0.0,0.0,65.2,0,110,53,34,65476,0,300,0,0,8,20529,65476,0,0,2621,60.0,0.0,0.0,0.0,0.0,0.0
2026-07-09T15:47:46,ERR,ERR,ERR,ERR,ERR,ERR,ERR,ERR,ERR,ERR,ERR,ERR,ERR,ERR,ERR,ERR,ERR,ERR,ERR,ERR,ERR,ERR,ERR,ERR,ERR,ERR,ERR,ERR,ERR,ERR,ERR,ERR,ERR,ERR,ERR,ERR,ERR,ERR,ERR,ERR,ERR,ERR,ERR,ERR,ERR,ERR,ERR,ERR,ERR,ERR,ERR,ERR,ERR,ERR,ERR,ERR,ERR,ERR,ERR,ERR,ERR,ERR,ERR,ERR,ERR,ERR,ERR,ERR,ERR,ERR,ERR,ERR,ERR,ERR,ERR,ERR,ERR,ERR,ERR,ERR,ERR,ERR,ERR,ERR,ERR,ERR,ERR,ERR,ERR,ERR,ERR,ERR,ERR,ERR,ERR,ERR,ERR,ERR,ERR,ERR,ERR,ERR,ERR,ERR,ERR,ERR,ERR,ERR,ERR,ERR,ERR,ERR,ERR,ERR,ERR,ERR,ERR,ERR,ERR,ERR,ERR,ERR,ERR,ERR,ERR,-107615104.0,0.0,0.0,2.7183478752108883e+23,-0.008,nan,0.0,-4333640089600.0,0,0,4,17277,7116,0.0,100,0.0,0.0,2.7183478752108883e+23,0.0,0.0,0,0,0,0,0.0,0,0,0,0,0,0,0,0,0,0,0,0,0,0,0,0,0,0,0,0,0,0,0,0,0,0,0,0,0,0,0,0,0,31,40,40,71,65476,0,300,0,0,8,21553,0.0,-107605600.0,0.0,0.0,0.0,0.0,0.0,0.0,0.0,0.0,0.0,0.0,0.0,0.0,0.0,0.0,0.0,0.0,0.0,0.0,0.0,0.0,-0.0,2.004,0.0,0.0,0.0,0.0,0.0,0.0,5334.0,-8608192512.0,6938.0,-107615104.0,0.0,2.004,2.004,0.0,0.0,0.0,0.0,69,0.0,-0.0,0.0,0.0,0.0,0.0,0.0,0.0,0.0,0,0,0,0.0,0.0,0.0,0.0,0.0,0.0,0.0,0.0,0.0,0.0,0.0,0.0,0.0,0.0,0.0,0.0,0,-107875648.0,69,0.0,138,0.0,2.012,ERR,ERR,ERR,ERR,ERR,ERR,ERR,ERR,ERR,ERR,ERR,ERR,ERR,ERR,ERR,ERR,ERR,ERR,ERR,ERR,ERR,ERR,ERR,ERR,ERR,ERR,ERR,ERR,ERR,ERR,ERR,ERR,ERR,ERR,ERR,ERR,ERR,ERR,ERR,ERR,ERR,ERR,ERR,ERR,ERR,ERR,ERR,ERR,ERR,ERR,ERR,ERR,ERR,ERR,ERR,ERR,ERR,ERR,ERR,ERR,ERR,ERR,ERR,ERR,ERR,ERR,ERR,60.0,60.0,35,0.0,0.0,0.0,0.0,0.0,0.0,0.0,0.0,0.0,0.0,0.0,0.0,0.0,0.0,0.0,0.0,65.6,0,110,53,34,65476,0,300,0,0,8,20529,65476,0,0,2621,60.0,0.0,0.0,0.0,0.0,0.0
2026-07-09T15:47:47,ERR,ERR,ERR,ERR,ERR,ERR,ERR,ERR,ERR,ERR,ERR,ERR,ERR,ERR,ERR,ERR,ERR,ERR,ERR,ERR,ERR,ERR,ERR,ERR,ERR,ERR,ERR,ERR,ERR,ERR,ERR,ERR,ERR,ERR,ERR,ERR,ERR,ERR,ERR,ERR,ERR,ERR,ERR,ERR,ERR,ERR,ERR,ERR,ERR,ERR,ERR,ERR,ERR,ERR,ERR,ERR,ERR,ERR,ERR,ERR,ERR,ERR,ERR,ERR,ERR,ERR,ERR,ERR,ERR,ERR,ERR,ERR,ERR,ERR,ERR,ERR,ERR,ERR,ERR,ERR,ERR,ERR,ERR,ERR,ERR,ERR,ERR,ERR,ERR,ERR,ERR,ERR,ERR,ERR,ERR,ERR,ERR,ERR,ERR,ERR,ERR,ERR,ERR,ERR,ERR,ERR,ERR,ERR,ERR,ERR,ERR,ERR,ERR,ERR,ERR,ERR,ERR,ERR,ERR,ERR,ERR,ERR,ERR,ERR,ERR,-107615104.0,0.0,0.0,2.7183478752108883e+23,-0.008,nan,0.0,-4333640089600.0,0,0,4,17277,7116,0.0,100,0.0,0.0,2.7183478752108883e+23,0.0,0.0,0,0,0,0,0.0,0,0,0,0,0,0,0,0,0,0,0,0,0,0,0,0,0,0,0,0,0,0,0,0,0,0,0,0,0,0,0,0,0,31,40,40,71,65476,0,300,0,0,8,21553,0.0,-107605600.0,0.0,0.0,0.0,0.0,0.0,0.0,0.0,0.0,0.0,0.0,0.0,0.0,0.0,0.0,0.0,0.0,0.0,0.0,0.0,0.0,-0.0,2.004,0.0,0.0,0.0,0.0,0.0,0.0,5334.0,-8608192512.0,6938.0,-107615104.0,0.0,2.004,2.004,0.0,0.0,0.0,0.0,69,0.0,-0.0,0.0,0.0,0.0,0.0,0.0,0.0,0.0,0,0,0,0.0,0.0,0.0,0.0,0.0,0.0,0.0,0.0,0.0,0.0,0.0,0.0,0.0,0.0,0.0,0.0,0,-107875648.0,69,0.0,138,0.0,2.012,ERR,ERR,ERR,ERR,ERR,ERR,ERR,ERR,ERR,ERR,ERR,ERR,ERR,ERR,ERR,ERR,ERR,ERR,ERR,ERR,ERR,ERR,ERR,ERR,ERR,ERR,ERR,ERR,ERR,ERR,ERR,ERR,ERR,ERR,ERR,ERR,ERR,ERR,ERR,ERR,ERR,ERR,ERR,ERR,ERR,ERR,ERR,ERR,ERR,ERR,ERR,ERR,ERR,ERR,ERR,ERR,ERR,ERR,ERR,ERR,ERR,ERR,ERR,ERR,ERR,ERR,ERR,60.0,60.0,35,0.0,0.0,0.0,0.0,0.0,0.0,0.0,0.0,0.0,0.0,0.0,0.0,0.0,0.0,0.0,0.0,65.6,0,110,53,34,65476,0,300,0,0,8,20529,65476,0,0,2621,60.0,0.0,0.0,0.0,0.0,0.0
2026-07-09T15:47:48,ERR,ERR,ERR,ERR,ERR,ERR,ERR,ERR,ERR,ERR,ERR,ERR,ERR,ERR,ERR,ERR,ERR,ERR,ERR,ERR,ERR,ERR,ERR,ERR,ERR,ERR,ERR,ERR,ERR,ERR,ERR,ERR,ERR,ERR,ERR,ERR,ERR,ERR,ERR,ERR,ERR,ERR,ERR,ERR,ERR,ERR,ERR,ERR,ERR,ERR,ERR,ERR,ERR,ERR,ERR,ERR,ERR,ERR,ERR,ERR,ERR,ERR,ERR,ERR,ERR,ERR,ERR,ERR,ERR,ERR,ERR,ERR,ERR,ERR,ERR,ERR,ERR,ERR,ERR,ERR,ERR,ERR,ERR,ERR,ERR,ERR,ERR,ERR,ERR,ERR,ERR,ERR,ERR,ERR,ERR,ERR,ERR,ERR,ERR,ERR,ERR,ERR,ERR,ERR,ERR,ERR,ERR,ERR,ERR,ERR,ERR,ERR,ERR,ERR,ERR,ERR,ERR,ERR,ERR,ERR,ERR,ERR,ERR,ERR,ERR,-107615104.0,0.0,0.0,2.7183478752108883e+23,-0.008,nan,0.0,-4333640089600.0,0,0,4,17277,7116,0.0,100,0.0,0.0,2.7183478752108883e+23,0.0,0.0,0,0,0,0,0.0,0,0,0,0,0,0,0,0,0,0,0,0,0,0,0,0,0,0,0,0,0,0,0,0,0,0,0,0,0,0,0,0,0,31,40,40,71,65476,0,300,0,0,8,21553,0.0,-107605600.0,0.0,0.0,0.0,0.0,0.0,0.0,0.0,0.0,0.0,0.0,0.0,0.0,0.0,0.0,0.0,0.0,0.0,0.0,0.0,0.0,-0.0,2.004,0.0,0.0,0.0,0.0,0.0,0.0,5334.0,-8608192512.0,6938.0,-107615104.0,0.0,2.004,2.004,0.0,0.0,0.0,0.0,69,0.0,-0.0,0.0,0.0,0.0,0.0,0.0,0.0,0.0,0,0,0,0.0,0.0,0.0,0.0,0.0,0.0,0.0,0.0,0.0,0.0,0.0,0.0,0.0,0.0,0.0,0.0,0,-107875648.0,69,0.0,138,0.0,2.012,ERR,ERR,ERR,ERR,ERR,ERR,ERR,ERR,ERR,ERR,ERR,ERR,ERR,ERR,ERR,ERR,ERR,ERR,ERR,ERR,ERR,ERR,ERR,ERR,ERR,ERR,ERR,ERR,ERR,ERR,ERR,ERR,ERR,ERR,ERR,ERR,ERR,ERR,ERR,ERR,ERR,ERR,ERR,ERR,ERR,ERR,ERR,ERR,ERR,ERR,ERR,ERR,ERR,ERR,ERR,ERR,ERR,ERR,ERR,ERR,ERR,ERR,ERR,ERR,ERR,ERR,ERR,60.0,60.0,35,0.0,0.0,0.0,0.0,0.0,0.0,0.0,0.0,0.0,0.0,0.0,0.0,0.0,0.0,0.0,0.0,65.2,0,110,53,34,65476,0,300,0,0,8,20529,65476,0,0,2621,60.0,0.0,0.0,0.0,0.0,0.0
2026-07-09T15:47:49,ERR,ERR,ERR,ERR,ERR,ERR,ERR,ERR,ERR,ERR,ERR,ERR,ERR,ERR,ERR,ERR,ERR,ERR,ERR,ERR,ERR,ERR,ERR,ERR,ERR,ERR,ERR,ERR,ERR,ERR,ERR,ERR,ERR,ERR,ERR,ERR,ERR,ERR,ERR,ERR,ERR,ERR,ERR,ERR,ERR,ERR,ERR,ERR,ERR,ERR,ERR,ERR,ERR,ERR,ERR,ERR,ERR,ERR,ERR,ERR,ERR,ERR,ERR,ERR,ERR,ERR,ERR,ERR,ERR,ERR,ERR,ERR,ERR,ERR,ERR,ERR,ERR,ERR,ERR,ERR,ERR,ERR,ERR,ERR,ERR,ERR,ERR,ERR,ERR,ERR,ERR,ERR,ERR,ERR,ERR,ERR,ERR,ERR,ERR,ERR,ERR,ERR,ERR,ERR,ERR,ERR,ERR,ERR,ERR,ERR,ERR,ERR,ERR,ERR,ERR,ERR,ERR,ERR,ERR,ERR,ERR,ERR,ERR,ERR,ERR,0.0,0.0,-107614736.0,-0.0,0.0,-3.0075699094561595e+32,-0.0,0.0,0,0,4,17290,7116,0.0,100,0.0,0.0,-107611488.0,0.0,0.0,0,0,0,0,0.0,0,0,0,0,0,0,0,0,0,0,0,0,0,0,0,0,0,0,0,0,0,0,0,0,0,0,0,0,0,0,0,0,0,31,40,40,71,65476,0,300,0,0,8,21553,0.0,-107605600.0,0.0,0.0,0.0,0.0,0.0,0.0,0.0,0.0,0.0,0.0,0.0,0.0,0.0,0.0,0.0,0.0,0.0,0.0,0.0,0.0,-2.004,2.004,0.0,0.0,0.0,0.0,0.0,0.0,5335.0,-2.004,6936.0,0.0,0.0,2.004,2.004,0.0,0.0,0.0,0.0,69,0.0,4.066858569275696e+29,0.0,0.0,0.0,0.0,0.0,0.0,0.0,0,0,0,0.0,0.0,0.0,0.0,0.0,0.0,0.0,0.0,0.0,0.0,0.0,0.0,0.0,0.0,0.0,0.0,0,-107875648.0,69,0.0,138,0.0,2.012,ERR,ERR,ERR,ERR,ERR,ERR,ERR,ERR,ERR,ERR,ERR,ERR,ERR,ERR,ERR,ERR,ERR,ERR,ERR,ERR,ERR,ERR,ERR,ERR,ERR,ERR,ERR,ERR,ERR,ERR,ERR,ERR,ERR,ERR,ERR,ERR,ERR,ERR,ERR,ERR,ERR,ERR,ERR,ERR,ERR,ERR,ERR,ERR,ERR,ERR,ERR,ERR,ERR,ERR,ERR,ERR,ERR,ERR,ERR,ERR,ERR,ERR,ERR,ERR,ERR,ERR,ERR,60.0,60.0,35,0.0,0.0,0.0,0.0,0.0,0.0,0.0,0.0,0.0,0.0,0.0,0.0,0.0,0.0,0.0,0.0,65.2,0,110,53,34,65476,0,300,0,0,8,20529,65476,0,0,2621,60.0,0.0,0.0,0.0,0.0,0.0
2026-07-09T15:47:50,ERR,ERR,ERR,ERR,ERR,ERR,ERR,ERR,ERR,ERR,ERR,ERR,ERR,ERR,ERR,ERR,ERR,ERR,ERR,ERR,ERR,ERR,ERR,ERR,ERR,ERR,ERR,ERR,ERR,ERR,ERR,ERR,ERR,ERR,ERR,ERR,ERR,ERR,ERR,ERR,ERR,ERR,ERR,ERR,ERR,ERR,ERR,ERR,ERR,ERR,ERR,ERR,ERR,ERR,ERR,ERR,ERR,ERR,ERR,ERR,ERR,ERR,ERR,ERR,ERR,ERR,ERR,ERR,ERR,ERR,ERR,ERR,ERR,ERR,ERR,ERR,ERR,ERR,ERR,ERR,ERR,ERR,ERR,ERR,ERR,ERR,ERR,ERR,ERR,ERR,ERR,ERR,ERR,ERR,ERR,ERR,ERR,ERR,ERR,ERR,ERR,ERR,ERR,ERR,ERR,ERR,ERR,ERR,ERR,ERR,ERR,ERR,ERR,ERR,ERR,ERR,ERR,ERR,ERR,ERR,ERR,ERR,ERR,ERR,ERR,0.0,0.0,-107614736.0,-0.0,0.0,-3.0075699094561595e+32,-0.0,0.0,0,0,4,17290,7116,0.0,100,0.0,0.0,-107611488.0,0.0,0.0,0,0,0,0,0.0,0,0,0,0,0,0,0,0,0,0,0,0,0,0,0,0,0,0,0,0,0,0,0,0,0,0,0,0,0,0,0,0,0,31,40,40,71,65476,0,300,0,0,8,21553,0.0,-107605600.0,0.0,0.0,0.0,0.0,0.0,0.0,0.0,0.0,0.0,0.0,0.0,0.0,0.0,0.0,0.0,0.0,0.0,0.0,0.0,0.0,-2.004,2.004,0.0,0.0,0.0,0.0,0.0,0.0,5335.0,-2.004,6936.0,0.0,0.0,2.004,2.004,0.0,0.0,0.0,0.0,69,0.0,4.066858569275696e+29,0.0,0.0,0.0,0.0,0.0,0.0,0.0,0,0,0,0.0,0.0,0.0,0.0,0.0,0.0,0.0,0.0,0.0,0.0,0.0,0.0,0.0,0.0,0.0,0.0,0,-107875648.0,69,0.0,138,0.0,2.012,ERR,ERR,ERR,ERR,ERR,ERR,ERR,ERR,ERR,ERR,ERR,ERR,ERR,ERR,ERR,ERR,ERR,ERR,ERR,ERR,ERR,ERR,ERR,ERR,ERR,ERR,ERR,ERR,ERR,ERR,ERR,ERR,ERR,ERR,ERR,ERR,ERR,ERR,ERR,ERR,ERR,ERR,ERR,ERR,ERR,ERR,ERR,ERR,ERR,ERR,ERR,ERR,ERR,ERR,ERR,ERR,ERR,ERR,ERR,ERR,ERR,ERR,ERR,ERR,ERR,ERR,ERR,60.0,60.0,35,0.0,0.0,0.0,0.0,0.0,0.0,0.0,0.0,0.0,0.0,0.0,0.0,0.0,0.0,0.0,0.0,65.2,0,110,53,34,65476,0,300,0,0,8,20529,65476,0,0,2621,60.0,0.0,0.0,0.0,0.0,0.0
2026-07-09T15:47:51,ERR,ERR,ERR,ERR,ERR,ERR,ERR,ERR,ERR,ERR,ERR,ERR,ERR,ERR,ERR,ERR,ERR,ERR,ERR,ERR,ERR,ERR,ERR,ERR,ERR,ERR,ERR,ERR,ERR,ERR,ERR,ERR,ERR,ERR,ERR,ERR,ERR,ERR,ERR,ERR,ERR,ERR,ERR,ERR,ERR,ERR,ERR,ERR,ERR,ERR,ERR,ERR,ERR,ERR,ERR,ERR,ERR,ERR,ERR,ERR,ERR,ERR,ERR,ERR,ERR,ERR,ERR,ERR,ERR,ERR,ERR,ERR,ERR,ERR,ERR,ERR,ERR,ERR,ERR,ERR,ERR,ERR,ERR,ERR,ERR,ERR,ERR,ERR,ERR,ERR,ERR,ERR,ERR,ERR,ERR,ERR,ERR,ERR,ERR,ERR,ERR,ERR,ERR,ERR,ERR,ERR,ERR,ERR,ERR,ERR,ERR,ERR,ERR,ERR,ERR,ERR,ERR,ERR,ERR,ERR,ERR,ERR,ERR,ERR,ERR,0.0,0.0,-107614736.0,-0.0,0.0,-3.0075699094561595e+32,-0.0,0.0,0,0,4,17290,7116,0.0,100,0.0,0.0,-107611488.0,0.0,0.0,0,0,0,0,0.0,0,0,0,0,0,0,0,0,0,0,0,0,0,0,0,0,0,0,0,0,0,0,0,0,0,0,0,0,0,0,0,0,0,31,40,40,71,65476,0,300,0,0,8,21553,0.0,-107605600.0,0.0,0.0,0.0,0.0,0.0,0.0,0.0,0.0,0.0,0.0,0.0,0.0,0.0,0.0,0.0,0.0,0.0,0.0,0.0,0.0,-2.004,2.004,0.0,0.0,0.0,0.0,0.0,0.0,5335.0,-2.004,6936.0,0.0,0.0,2.004,2.004,0.0,0.0,0.0,0.0,69,0.0,4.066858569275696e+29,0.0,0.0,0.0,0.0,0.0,0.0,0.0,0,0,0,0.0,0.0,0.0,0.0,0.0,0.0,0.0,0.0,0.0,0.0,0.0,0.0,0.0,0.0,0.0,0.0,0,-107875648.0,69,0.0,138,0.0,2.012,ERR,ERR,ERR,ERR,ERR,ERR,ERR,ERR,ERR,ERR,ERR,ERR,ERR,ERR,ERR,ERR,ERR,ERR,ERR,ERR,ERR,ERR,ERR,ERR,ERR,ERR,ERR,ERR,ERR,ERR,ERR,ERR,ERR,ERR,ERR,ERR,ERR,ERR,ERR,ERR,ERR,ERR,ERR,ERR,ERR,ERR,ERR,ERR,ERR,ERR,ERR,ERR,ERR,ERR,ERR,ERR,ERR,ERR,ERR,ERR,ERR,ERR,ERR,ERR,ERR,ERR,ERR,60.0,60.0,35,0.0,0.0,0.0,0.0,0.0,0.0,0.0,0.0,0.0,0.0,0.0,0.0,0.0,0.0,0.0,0.0,65.2,0,110,53,34,65476,0,300,0,0,8,20529,65476,0,0,2621,60.0,0.0,0.0,0.0,0.0,0.0
2026-07-09T15:47:52,ERR,ERR,ERR,ERR,ERR,ERR,ERR,ERR,ERR,ERR,ERR,ERR,ERR,ERR,ERR,ERR,ERR,ERR,ERR,ERR,ERR,ERR,ERR,ERR,ERR,ERR,ERR,ERR,ERR,ERR,ERR,ERR,ERR,ERR,ERR,ERR,ERR,ERR,ERR,ERR,ERR,ERR,ERR,ERR,ERR,ERR,ERR,ERR,ERR,ERR,ERR,ERR,ERR,ERR,ERR,ERR,ERR,ERR,ERR,ERR,ERR,ERR,ERR,ERR,ERR,ERR,ERR,ERR,ERR,ERR,ERR,ERR,ERR,ERR,ERR,ERR,ERR,ERR,ERR,ERR,ERR,ERR,ERR,ERR,ERR,ERR,ERR,ERR,ERR,ERR,ERR,ERR,ERR,ERR,ERR,ERR,ERR,ERR,ERR,ERR,ERR,ERR,ERR,ERR,ERR,ERR,ERR,ERR,ERR,ERR,ERR,ERR,ERR,ERR,ERR,ERR,ERR,ERR,ERR,ERR,ERR,ERR,ERR,ERR,ERR,0.0,0.0,-107614736.0,-0.0,0.0,-3.0075699094561595e+32,-0.0,0.0,0,0,4,17290,7116,0.0,100,0.0,0.0,-107611488.0,0.0,0.0,0,0,0,0,0.0,0,0,0,0,0,0,0,0,0,0,0,0,0,0,0,0,0,0,0,0,0,0,0,0,0,0,0,0,0,0,0,0,0,31,40,40,71,65476,0,300,0,0,8,21553,0.0,-107605600.0,0.0,0.0,0.0,0.0,0.0,0.0,0.0,0.0,0.0,0.0,0.0,0.0,0.0,0.0,0.0,0.0,0.0,0.0,0.0,0.0,-2.004,2.004,0.0,0.0,0.0,0.0,0.0,0.0,5335.0,-2.004,6936.0,0.0,0.0,2.004,2.004,0.0,0.0,0.0,0.0,69,0.0,4.066858569275696e+29,0.0,0.0,0.0,0.0,0.0,0.0,0.0,0,0,0,0.0,0.0,0.0,0.0,0.0,0.0,0.0,0.0,0.0,0.0,0.0,0.0,0.0,0.0,0.0,0.0,0,-107875648.0,69,0.0,138,0.0,2.012,ERR,ERR,ERR,ERR,ERR,ERR,ERR,ERR,ERR,ERR,ERR,ERR,ERR,ERR,ERR,ERR,ERR,ERR,ERR,ERR,ERR,ERR,ERR,ERR,ERR,ERR,ERR,ERR,ERR,ERR,ERR,ERR,ERR,ERR,ERR,ERR,ERR,ERR,ERR,ERR,ERR,ERR,ERR,ERR,ERR,ERR,ERR,ERR,ERR,ERR,ERR,ERR,ERR,ERR,ERR,ERR,ERR,ERR,ERR,ERR,ERR,ERR,ERR,ERR,ERR,ERR,ERR,60.0,60.0,35,0.0,0.0,0.0,0.0,0.0,0.0,0.0,0.0,0.0,0.0,0.0,0.0,0.0,0.0,0.0,0.0,65.2,0,110,53,34,65476,0,300,0,0,8,20529,65476,0,0,2621,60.0,0.0,0.0,0.0,0.0,0.0
2026-07-09T15:47:53,ERR,ERR,ERR,ERR,ERR,ERR,ERR,ERR,ERR,ERR,ERR,ERR,ERR,ERR,ERR,ERR,ERR,ERR,ERR,ERR,ERR,ERR,ERR,ERR,ERR,ERR,ERR,ERR,ERR,ERR,ERR,ERR,ERR,ERR,ERR,ERR,ERR,ERR,ERR,ERR,ERR,ERR,ERR,ERR,ERR,ERR,ERR,ERR,ERR,ERR,ERR,ERR,ERR,ERR,ERR,ERR,ERR,ERR,ERR,ERR,ERR,ERR,ERR,ERR,ERR,ERR,ERR,ERR,ERR,ERR,ERR,ERR,ERR,ERR,ERR,ERR,ERR,ERR,ERR,ERR,ERR,ERR,ERR,ERR,ERR,ERR,ERR,ERR,ERR,ERR,ERR,ERR,ERR,ERR,ERR,ERR,ERR,ERR,ERR,ERR,ERR,ERR,ERR,ERR,ERR,ERR,ERR,ERR,ERR,ERR,ERR,ERR,ERR,ERR,ERR,ERR,ERR,ERR,ERR,ERR,ERR,ERR,ERR,ERR,ERR,0.0,0.0,-107614736.0,-0.0,0.0,-3.0075699094561595e+32,-0.0,0.0,0,0,4,17290,7116,0.0,100,0.0,0.0,-107611488.0,0.0,0.0,0,0,0,0,0.0,0,0,0,0,0,0,0,0,0,0,0,0,0,0,0,0,0,0,0,0,0,0,0,0,0,0,0,0,0,0,0,0,0,31,40,40,71,65476,0,300,0,0,8,21553,0.0,-107605600.0,0.0,0.0,0.0,0.0,0.0,0.0,0.0,0.0,0.0,0.0,0.0,0.0,0.0,0.0,0.0,0.0,0.0,0.0,0.0,0.0,-2.004,2.004,0.0,0.0,0.0,0.0,0.0,0.0,5335.0,-2.004,6936.0,0.0,0.0,2.004,2.004,0.0,0.0,0.0,0.0,69,0.0,4.066858569275696e+29,0.0,0.0,0.0,0.0,0.0,0.0,0.0,0,0,0,0.0,0.0,0.0,0.0,0.0,0.0,0.0,0.0,0.0,0.0,0.0,0.0,0.0,0.0,0.0,0.0,0,-107875648.0,69,0.0,138,0.0,2.012,ERR,ERR,ERR,ERR,ERR,ERR,ERR,ERR,ERR,ERR,ERR,ERR,ERR,ERR,ERR,ERR,ERR,ERR,ERR,ERR,ERR,ERR,ERR,ERR,ERR,ERR,ERR,ERR,ERR,ERR,ERR,ERR,ERR,ERR,ERR,ERR,ERR,ERR,ERR,ERR,ERR,ERR,ERR,ERR,ERR,ERR,ERR,ERR,ERR,ERR,ERR,ERR,ERR,ERR,ERR,ERR,ERR,ERR,ERR,ERR,ERR,ERR,ERR,ERR,ERR,ERR,ERR,60.0,60.0,35,0.0,0.0,0.0,0.0,0.0,0.0,0.0,0.0,0.0,0.0,0.0,0.0,0.0,0.0,0.0,0.0,65.2,0,110,53,34,65476,0,300,0,0,8,20529,65476,0,0,2621,60.0,0.0,0.0,0.0,0.0,0.0
2026-07-09T15:47:54,ERR,ERR,ERR,ERR,ERR,ERR,ERR,ERR,ERR,ERR,ERR,ERR,ERR,ERR,ERR,ERR,ERR,ERR,ERR,ERR,ERR,ERR,ERR,ERR,ERR,ERR,ERR,ERR,ERR,ERR,ERR,ERR,ERR,ERR,ERR,ERR,ERR,ERR,ERR,ERR,ERR,ERR,ERR,ERR,ERR,ERR,ERR,ERR,ERR,ERR,ERR,ERR,ERR,ERR,ERR,ERR,ERR,ERR,ERR,ERR,ERR,ERR,ERR,ERR,ERR,ERR,ERR,ERR,ERR,ERR,ERR,ERR,ERR,ERR,ERR,ERR,ERR,ERR,ERR,ERR,ERR,ERR,ERR,ERR,ERR,ERR,ERR,ERR,ERR,ERR,ERR,ERR,ERR,ERR,ERR,ERR,ERR,ERR,ERR,ERR,ERR,ERR,ERR,ERR,ERR,ERR,ERR,ERR,ERR,ERR,ERR,ERR,ERR,ERR,ERR,ERR,ERR,ERR,ERR,ERR,ERR,ERR,ERR,ERR,ERR,-0.0,0.0,2.7184163299252243e+23,-0.0,-0.0,0.0,72.139,0.0,0,0,4,17300,7116,0.0,100,0.0,0.0,-107611616.0,0.0,0.0,0,0,0,0,0.0,0,0,0,0,0,0,0,0,0,0,0,0,0,0,0,0,0,0,0,0,0,0,0,0,0,0,0,0,0,0,0,0,0,31,40,40,71,65476,0,300,0,0,8,21553,0.0,-107605600.0,0.0,0.0,0.0,0.0,0.0,0.0,0.0,0.0,0.0,0.0,0.0,0.0,0.0,0.0,0.0,0.0,0.0,0.0,0.0,0.0,0.0,2.004,0.0,0.0,0.0,0.0,0.0,0.0,5332.0,-564146504466432.0,6939.0,-0.0,0.0,2.004,2.004,0.0,0.0,0.0,0.0,69,0.0,-0.0,0.0,0.0,0.0,0.0,0.0,0.0,0.0,0,0,0,0.0,0.0,0.0,0.0,0.0,0.0,0.0,0.0,0.0,0.0,0.0,0.0,0.0,0.0,0.0,0.0,0,-107875648.0,69,0.0,138,0.0,2.012,ERR,ERR,ERR,ERR,ERR,ERR,ERR,ERR,ERR,ERR,ERR,ERR,ERR,ERR,ERR,ERR,ERR,ERR,ERR,ERR,ERR,ERR,ERR,ERR,ERR,ERR,ERR,ERR,ERR,ERR,ERR,ERR,ERR,ERR,ERR,ERR,ERR,ERR,ERR,ERR,ERR,ERR,ERR,ERR,ERR,ERR,ERR,ERR,ERR,ERR,ERR,ERR,ERR,ERR,ERR,ERR,ERR,ERR,ERR,ERR,ERR,ERR,ERR,ERR,ERR,ERR,ERR,60.0,60.0,35,0.0,0.0,0.0,0.0,0.0,0.0,0.0,0.0,0.0,0.0,0.0,0.0,0.0,0.0,0.0,0.0,65.6,0,110,53,34,65476,0,300,0,0,8,20529,65476,0,0,2621,60.0,0.0,0.0,0.0,0.0,0.0
2026-07-09T15:47:55,ERR,ERR,ERR,ERR,ERR,ERR,ERR,ERR,ERR,ERR,ERR,ERR,ERR,ERR,ERR,ERR,ERR,ERR,ERR,ERR,ERR,ERR,ERR,ERR,ERR,ERR,ERR,ERR,ERR,ERR,ERR,ERR,ERR,ERR,ERR,ERR,ERR,ERR,ERR,ERR,ERR,ERR,ERR,ERR,ERR,ERR,ERR,ERR,ERR,ERR,ERR,ERR,ERR,ERR,ERR,ERR,ERR,ERR,ERR,ERR,ERR,ERR,ERR,ERR,ERR,ERR,ERR,ERR,ERR,ERR,ERR,ERR,ERR,ERR,ERR,ERR,ERR,ERR,ERR,ERR,ERR,ERR,ERR,ERR,ERR,ERR,ERR,ERR,ERR,ERR,ERR,ERR,ERR,ERR,ERR,ERR,ERR,ERR,ERR,ERR,ERR,ERR,ERR,ERR,ERR,ERR,ERR,ERR,ERR,ERR,ERR,ERR,ERR,ERR,ERR,ERR,ERR,ERR,ERR,ERR,ERR,ERR,ERR,ERR,ERR,-0.0,0.0,2.7184163299252243e+23,-0.0,-0.0,0.0,72.139,0.0,0,0,4,17300,7116,0.0,100,0.0,0.0,-107611616.0,0.0,0.0,0,0,0,0,0.0,0,0,0,0,0,0,0,0,0,0,0,0,0,0,0,0,0,0,0,0,0,0,0,0,0,0,0,0,0,0,0,0,0,31,40,40,71,65476,0,300,0,0,8,21553,0.0,-107605600.0,0.0,0.0,0.0,0.0,0.0,0.0,0.0,0.0,0.0,0.0,0.0,0.0,0.0,0.0,0.0,0.0,0.0,0.0,0.0,0.0,0.0,2.004,0.0,0.0,0.0,0.0,0.0,0.0,5332.0,-564146504466432.0,6939.0,-0.0,0.0,2.004,2.004,0.0,0.0,0.0,0.0,69,0.0,-0.0,0.0,0.0,0.0,0.0,0.0,0.0,0.0,0,0,0,0.0,0.0,0.0,0.0,0.0,0.0,0.0,0.0,0.0,0.0,0.0,0.0,0.0,0.0,0.0,0.0,0,-107875648.0,69,0.0,138,0.0,2.012,ERR,ERR,ERR,ERR,ERR,ERR,ERR,ERR,ERR,ERR,ERR,ERR,ERR,ERR,ERR,ERR,ERR,ERR,ERR,ERR,ERR,ERR,ERR,ERR,ERR,ERR,ERR,ERR,ERR,ERR,ERR,ERR,ERR,ERR,ERR,ERR,ERR,ERR,ERR,ERR,ERR,ERR,ERR,ERR,ERR,ERR,ERR,ERR,ERR,ERR,ERR,ERR,ERR,ERR,ERR,ERR,ERR,ERR,ERR,ERR,ERR,ERR,ERR,ERR,ERR,ERR,ERR,60.0,60.0,35,0.0,0.0,0.0,0.0,0.0,0.0,0.0,0.0,0.0,0.0,0.0,0.0,0.0,0.0,0.0,0.0,65.6,0,110,53,34,65476,0,300,0,0,8,20529,65476,0,0,2621,60.0,0.0,0.0,0.0,0.0,0.0
2026-07-09T15:47:56,ERR,ERR,ERR,ERR,ERR,ERR,ERR,ERR,ERR,ERR,ERR,ERR,ERR,ERR,ERR,ERR,ERR,ERR,ERR,ERR,ERR,ERR,ERR,ERR,ERR,ERR,ERR,ERR,ERR,ERR,ERR,ERR,ERR,ERR,ERR,ERR,ERR,ERR,ERR,ERR,ERR,ERR,ERR,ERR,ERR,ERR,ERR,ERR,ERR,ERR,ERR,ERR,ERR,ERR,ERR,ERR,ERR,ERR,ERR,ERR,ERR,ERR,ERR,ERR,ERR,ERR,ERR,ERR,ERR,ERR,ERR,ERR,ERR,ERR,ERR,ERR,ERR,ERR,ERR,ERR,ERR,ERR,ERR,ERR,ERR,ERR,ERR,ERR,ERR,ERR,ERR,ERR,ERR,ERR,ERR,ERR,ERR,ERR,ERR,ERR,ERR,ERR,ERR,ERR,ERR,ERR,ERR,ERR,ERR,ERR,ERR,ERR,ERR,ERR,ERR,ERR,ERR,ERR,ERR,ERR,ERR,ERR,ERR,ERR,ERR,-0.0,0.0,2.7184163299252243e+23,-0.0,-0.0,0.0,72.139,0.0,0,0,4,17300,7116,0.0,100,0.0,0.0,-107611616.0,0.0,0.0,0,0,0,0,0.0,0,0,0,0,0,0,0,0,0,0,0,0,0,0,0,0,0,0,0,0,0,0,0,0,0,0,0,0,0,0,0,0,0,31,40,40,71,65476,0,300,0,0,8,21553,0.0,-107605600.0,0.0,0.0,0.0,0.0,0.0,0.0,0.0,0.0,0.0,0.0,0.0,0.0,0.0,0.0,0.0,0.0,0.0,0.0,0.0,0.0,0.0,2.004,0.0,0.0,0.0,0.0,0.0,0.0,5332.0,-564146504466432.0,6939.0,-0.0,0.0,2.004,2.004,0.0,0.0,0.0,0.0,69,0.0,-0.0,0.0,0.0,0.0,0.0,0.0,0.0,0.0,0,0,0,0.0,0.0,0.0,0.0,0.0,0.0,0.0,0.0,0.0,0.0,0.0,0.0,0.0,0.0,0.0,0.0,0,-107875648.0,69,0.0,138,0.0,2.012,ERR,ERR,ERR,ERR,ERR,ERR,ERR,ERR,ERR,ERR,ERR,ERR,ERR,ERR,ERR,ERR,ERR,ERR,ERR,ERR,ERR,ERR,ERR,ERR,ERR,ERR,ERR,ERR,ERR,ERR,ERR,ERR,ERR,ERR,ERR,ERR,ERR,ERR,ERR,ERR,ERR,ERR,ERR,ERR,ERR,ERR,ERR,ERR,ERR,ERR,ERR,ERR,ERR,ERR,ERR,ERR,ERR,ERR,ERR,ERR,ERR,ERR,ERR,ERR,ERR,ERR,ERR,60.0,60.0,35,0.0,0.0,0.0,0.0,0.0,0.0,0.0,0.0,0.0,0.0,0.0,0.0,0.0,0.0,0.0,0.0,65.2,0,110,53,33,65476,0,300,0,0,8,20529,65476,0,0,2621,60.0,0.0,0.0,0.0,0.0,0.0
2026-07-09T15:47:57,ERR,ERR,ERR,ERR,ERR,ERR,ERR,ERR,ERR,ERR,ERR,ERR,ERR,ERR,ERR,ERR,ERR,ERR,ERR,ERR,ERR,ERR,ERR,ERR,ERR,ERR,ERR,ERR,ERR,ERR,ERR,ERR,ERR,ERR,ERR,ERR,ERR,ERR,ERR,ERR,ERR,ERR,ERR,ERR,ERR,ERR,ERR,ERR,ERR,ERR,ERR,ERR,ERR,ERR,ERR,ERR,ERR,ERR,ERR,ERR,ERR,ERR,ERR,ERR,ERR,ERR,ERR,ERR,ERR,ERR,ERR,ERR,ERR,ERR,ERR,ERR,ERR,ERR,ERR,ERR,ERR,ERR,ERR,ERR,ERR,ERR,ERR,ERR,ERR,ERR,ERR,ERR,ERR,ERR,ERR,ERR,ERR,ERR,ERR,ERR,ERR,ERR,ERR,ERR,ERR,ERR,ERR,ERR,ERR,ERR,ERR,ERR,ERR,ERR,ERR,ERR,ERR,ERR,ERR,ERR,ERR,ERR,ERR,ERR,ERR,-0.0,0.0,2.7184163299252243e+23,-0.0,-0.0,0.0,72.139,0.0,0,0,4,17300,7116,0.0,100,0.0,0.0,-107611616.0,0.0,0.0,0,0,0,0,0.0,0,0,0,0,0,0,0,0,0,0,0,0,0,0,0,0,0,0,0,0,0,0,0,0,0,0,0,0,0,0,0,0,0,31,40,40,71,65476,0,300,0,0,8,21553,0.0,-107605600.0,0.0,0.0,0.0,0.0,0.0,0.0,0.0,0.0,0.0,0.0,0.0,0.0,0.0,0.0,0.0,0.0,0.0,0.0,0.0,0.0,0.0,2.004,0.0,0.0,0.0,0.0,0.0,0.0,5332.0,-564146504466432.0,6939.0,-0.0,0.0,2.004,2.004,0.0,0.0,0.0,0.0,69,0.0,-0.0,0.0,0.0,0.0,0.0,0.0,0.0,0.0,0,0,0,0.0,0.0,0.0,0.0,0.0,0.0,0.0,0.0,0.0,0.0,0.0,0.0,0.0,0.0,0.0,0.0,0,-107875648.0,69,0.0,138,0.0,2.012,ERR,ERR,ERR,ERR,ERR,ERR,ERR,ERR,ERR,ERR,ERR,ERR,ERR,ERR,ERR,ERR,ERR,ERR,ERR,ERR,ERR,ERR,ERR,ERR,ERR,ERR,ERR,ERR,ERR,ERR,ERR,ERR,ERR,ERR,ERR,ERR,ERR,ERR,ERR,ERR,ERR,ERR,ERR,ERR,ERR,ERR,ERR,ERR,ERR,ERR,ERR,ERR,ERR,ERR,ERR,ERR,ERR,ERR,ERR,ERR,ERR,ERR,ERR,ERR,ERR,ERR,ERR,60.0,60.0,35,0.0,0.0,0.0,0.0,0.0,0.0,0.0,0.0,0.0,0.0,0.0,0.0,0.0,0.0,0.0,0.0,65.2,0,110,53,33,65476,0,300,0,0,8,20529,65476,0,0,2621,60.0,0.0,0.0,0.0,0.0,0.0
2026-07-09T15:47:58,ERR,ERR,ERR,ERR,ERR,ERR,ERR,ERR,ERR,ERR,ERR,ERR,ERR,ERR,ERR,ERR,ERR,ERR,ERR,ERR,ERR,ERR,ERR,ERR,ERR,ERR,ERR,ERR,ERR,ERR,ERR,ERR,ERR,ERR,ERR,ERR,ERR,ERR,ERR,ERR,ERR,ERR,ERR,ERR,ERR,ERR,ERR,ERR,ERR,ERR,ERR,ERR,ERR,ERR,ERR,ERR,ERR,ERR,ERR,ERR,ERR,ERR,ERR,ERR,ERR,ERR,ERR,ERR,ERR,ERR,ERR,ERR,ERR,ERR,ERR,ERR,ERR,ERR,ERR,ERR,ERR,ERR,ERR,ERR,ERR,ERR,ERR,ERR,ERR,ERR,ERR,ERR,ERR,ERR,ERR,ERR,ERR,ERR,ERR,ERR,ERR,ERR,ERR,ERR,ERR,ERR,ERR,ERR,ERR,ERR,ERR,ERR,ERR,ERR,ERR,ERR,ERR,ERR,ERR,ERR,ERR,ERR,ERR,ERR,ERR,-0.0,0.0,2.7184163299252243e+23,-0.0,-0.0,0.0,72.139,0.0,0,0,4,17300,7116,0.0,100,0.0,0.0,-107611616.0,0.0,0.0,0,0,0,0,0.0,0,0,0,0,0,0,0,0,0,0,0,0,0,0,0,0,0,0,0,0,0,0,0,0,0,0,0,0,0,0,0,0,0,31,40,40,71,65476,0,300,0,0,8,21553,0.0,-107605600.0,0.0,0.0,0.0,0.0,0.0,0.0,0.0,0.0,0.0,0.0,0.0,0.0,0.0,0.0,0.0,0.0,0.0,0.0,0.0,0.0,0.0,2.004,0.0,0.0,0.0,0.0,0.0,0.0,5332.0,-564146504466432.0,6939.0,-0.0,0.0,2.004,2.004,0.0,0.0,0.0,0.0,69,0.0,-0.0,0.0,0.0,0.0,0.0,0.0,0.0,0.0,0,0,0,0.0,0.0,0.0,0.0,0.0,0.0,0.0,0.0,0.0,0.0,0.0,0.0,0.0,0.0,0.0,0.0,0,-107875648.0,69,0.0,138,0.0,2.012,ERR,ERR,ERR,ERR,ERR,ERR,ERR,ERR,ERR,ERR,ERR,ERR,ERR,ERR,ERR,ERR,ERR,ERR,ERR,ERR,ERR,ERR,ERR,ERR,ERR,ERR,ERR,ERR,ERR,ERR,ERR,ERR,ERR,ERR,ERR,ERR,ERR,ERR,ERR,ERR,ERR,ERR,ERR,ERR,ERR,ERR,ERR,ERR,ERR,ERR,ERR,ERR,ERR,ERR,ERR,ERR,ERR,ERR,ERR,ERR,ERR,ERR,ERR,ERR,ERR,ERR,ERR,60.0,60.0,35,0.0,0.0,0.0,0.0,0.0,0.0,0.0,0.0,0.0,0.0,0.0,0.0,0.0,0.0,0.0,0.0,65.2,0,110,53,33,65476,0,300,0,0,8,20529,65476,0,0,2621,60.0,0.0,0.0,0.0,0.0,0.0
2026-07-09T15:47:59,ERR,ERR,ERR,ERR,ERR,ERR,ERR,ERR,ERR,ERR,ERR,ERR,ERR,ERR,ERR,ERR,ERR,ERR,ERR,ERR,ERR,ERR,ERR,ERR,ERR,ERR,ERR,ERR,ERR,ERR,ERR,ERR,ERR,ERR,ERR,ERR,ERR,ERR,ERR,ERR,ERR,ERR,ERR,ERR,ERR,ERR,ERR,ERR,ERR,ERR,ERR,ERR,ERR,ERR,ERR,ERR,ERR,ERR,ERR,ERR,ERR,ERR,ERR,ERR,ERR,ERR,ERR,ERR,ERR,ERR,ERR,ERR,ERR,ERR,ERR,ERR,ERR,ERR,ERR,ERR,ERR,ERR,ERR,ERR,ERR,ERR,ERR,ERR,ERR,ERR,ERR,ERR,ERR,ERR,ERR,ERR,ERR,ERR,ERR,ERR,ERR,ERR,ERR,ERR,ERR,ERR,ERR,ERR,ERR,ERR,ERR,ERR,ERR,ERR,ERR,ERR,ERR,ERR,ERR,ERR,ERR,ERR,ERR,ERR,ERR,-0.0,0.0,2.7184163299252243e+23,-0.0,-0.0,0.0,4.612025934366825e+29,0.0,0,0,4,17307,7116,0.0,100,0.0,0.0,-0.0,0.0,0.0,0,0,0,0,0.0,0,0,0,0,0,0,0,0,0,0,0,0,0,0,0,0,0,0,0,0,0,0,0,0,0,0,0,0,0,0,0,0,0,31,40,40,71,65476,0,300,0,0,8,21553,0.0,-107605600.0,0.0,0.0,0.0,0.0,0.0,0.0,0.0,0.0,0.0,0.0,0.0,0.0,0.0,0.0,0.0,0.0,0.0,0.0,0.0,0.0,0.0,2.004,0.0,0.0,0.0,0.0,0.0,0.0,5327.0,-0.0,6935.0,-0.0,0.0,2.004,2.004,0.0,0.0,0.0,0.0,69,-4.9504057733672904e+32,2.718419752660941e+23,0.0,0.0,0.0,0.0,0.0,0.0,0.0,0,0,0,0.0,0.0,0.0,0.0,0.0,0.0,0.0,0.0,0.0,0.0,0.0,0.0,0.0,0.0,0.0,0.0,0,-107875648.0,69,0.0,138,0.0,2.012,ERR,ERR,ERR,ERR,ERR,ERR,ERR,ERR,ERR,ERR,ERR,ERR,ERR,ERR,ERR,ERR,ERR,ERR,ERR,ERR,ERR,ERR,ERR,ERR,ERR,ERR,ERR,ERR,ERR,ERR,ERR,ERR,ERR,ERR,ERR,ERR,ERR,ERR,ERR,ERR,ERR,ERR,ERR,ERR,ERR,ERR,ERR,ERR,ERR,ERR,ERR,ERR,ERR,ERR,ERR,ERR,ERR,ERR,ERR,ERR,ERR,ERR,ERR,ERR,ERR,ERR,ERR,60.0,60.0,35,0.0,0.0,0.0,0.0,0.0,0.0,0.0,0.0,0.0,0.0,0.0,0.0,0.0,0.0,0.0,0.0,65.2,0,110,53,33,65476,0,300,0,0,8,20529,65476,0,0,2621,60.0,0.0,0.0,0.0,0.0,0.0
2026-07-09T15:48:00,ERR,ERR,ERR,ERR,ERR,ERR,ERR,ERR,ERR,ERR,ERR,ERR,ERR,ERR,ERR,ERR,ERR,ERR,ERR,ERR,ERR,ERR,ERR,ERR,ERR,ERR,ERR,ERR,ERR,ERR,ERR,ERR,ERR,ERR,ERR,ERR,ERR,ERR,ERR,ERR,ERR,ERR,ERR,ERR,ERR,ERR,ERR,ERR,ERR,ERR,ERR,ERR,ERR,ERR,ERR,ERR,ERR,ERR,ERR,ERR,ERR,ERR,ERR,ERR,ERR,ERR,ERR,ERR,ERR,ERR,ERR,ERR,ERR,ERR,ERR,ERR,ERR,ERR,ERR,ERR,ERR,ERR,ERR,ERR,ERR,ERR,ERR,ERR,ERR,ERR,ERR,ERR,ERR,ERR,ERR,ERR,ERR,ERR,ERR,ERR,ERR,ERR,ERR,ERR,ERR,ERR,ERR,ERR,ERR,ERR,ERR,ERR,ERR,ERR,ERR,ERR,ERR,ERR,ERR,ERR,ERR,ERR,ERR,ERR,ERR,-0.0,0.0,2.7184163299252243e+23,-0.0,-0.0,0.0,4.612025934366825e+29,0.0,0,0,4,17307,7116,0.0,100,0.0,0.0,-0.0,0.0,0.0,0,0,0,0,0.0,0,0,0,0,0,0,0,0,0,0,0,0,0,0,0,0,0,0,0,0,0,0,0,0,0,0,0,0,0,0,0,0,0,31,40,40,71,65476,0,300,0,0,8,21553,0.0,-107605600.0,0.0,0.0,0.0,0.0,0.0,0.0,0.0,0.0,0.0,0.0,0.0,0.0,0.0,0.0,0.0,0.0,0.0,0.0,0.0,0.0,0.0,2.004,0.0,0.0,0.0,0.0,0.0,0.0,5327.0,-0.0,6935.0,-0.0,0.0,2.004,2.004,0.0,0.0,0.0,0.0,69,-4.9504057733672904e+32,2.718419752660941e+23,0.0,0.0,0.0,0.0,0.0,0.0,0.0,0,0,0,0.0,0.0,0.0,0.0,0.0,0.0,0.0,0.0,0.0,0.0,0.0,0.0,0.0,0.0,0.0,0.0,0,-107875648.0,69,0.0,138,0.0,2.012,ERR,ERR,ERR,ERR,ERR,ERR,ERR,ERR,ERR,ERR,ERR,ERR,ERR,ERR,ERR,ERR,ERR,ERR,ERR,ERR,ERR,ERR,ERR,ERR,ERR,ERR,ERR,ERR,ERR,ERR,ERR,ERR,ERR,ERR,ERR,ERR,ERR,ERR,ERR,ERR,ERR,ERR,ERR,ERR,ERR,ERR,ERR,ERR,ERR,ERR,ERR,ERR,ERR,ERR,ERR,ERR,ERR,ERR,ERR,ERR,ERR,ERR,ERR,ERR,ERR,ERR,ERR,60.0,60.0,35,0.0,0.0,0.0,0.0,0.0,0.0,0.0,0.0,0.0,0.0,0.0,0.0,0.0,0.0,0.0,0.0,65.2,0,110,53,33,65476,0,300,0,0,8,20529,65476,0,0,2621,60.0,0.0,0.0,0.0,0.0,0.0
2026-07-09T15:48:01,ERR,ERR,ERR,ERR,ERR,ERR,ERR,ERR,ERR,ERR,ERR,ERR,ERR,ERR,ERR,ERR,ERR,ERR,ERR,ERR,ERR,ERR,ERR,ERR,ERR,ERR,ERR,ERR,ERR,ERR,ERR,ERR,ERR,ERR,ERR,ERR,ERR,ERR,ERR,ERR,ERR,ERR,ERR,ERR,ERR,ERR,ERR,ERR,ERR,ERR,ERR,ERR,ERR,ERR,ERR,ERR,ERR,ERR,ERR,ERR,ERR,ERR,ERR,ERR,ERR,ERR,ERR,ERR,ERR,ERR,ERR,ERR,ERR,ERR,ERR,ERR,ERR,ERR,ERR,ERR,ERR,ERR,ERR,ERR,ERR,ERR,ERR,ERR,ERR,ERR,ERR,ERR,ERR,ERR,ERR,ERR,ERR,ERR,ERR,ERR,ERR,ERR,ERR,ERR,ERR,ERR,ERR,ERR,ERR,ERR,ERR,ERR,ERR,ERR,ERR,ERR,ERR,ERR,ERR,ERR,ERR,ERR,ERR,ERR,ERR,-0.0,0.0,2.7184163299252243e+23,-0.0,-0.0,0.0,4.612025934366825e+29,0.0,0,0,4,17307,7116,0.0,100,0.0,0.0,-0.0,0.0,0.0,0,0,0,0,0.0,0,0,0,0,0,0,0,0,0,0,0,0,0,0,0,0,0,0,0,0,0,0,0,0,0,0,0,0,0,0,0,0,0,31,40,40,71,65476,0,300,0,0,8,21553,0.0,-107605600.0,0.0,0.0,0.0,0.0,0.0,0.0,0.0,0.0,0.0,0.0,0.0,0.0,0.0,0.0,0.0,0.0,0.0,0.0,0.0,0.0,0.0,2.004,0.0,0.0,0.0,0.0,0.0,0.0,5327.0,-0.0,6935.0,-0.0,0.0,2.004,2.004,0.0,0.0,0.0,0.0,69,-4.9504057733672904e+32,2.718419752660941e+23,0.0,0.0,0.0,0.0,0.0,0.0,0.0,0,0,0,0.0,0.0,0.0,0.0,0.0,0.0,0.0,0.0,0.0,0.0,0.0,0.0,0.0,0.0,0.0,0.0,0,-107875648.0,69,0.0,138,0.0,2.012,ERR,ERR,ERR,ERR,ERR,ERR,ERR,ERR,ERR,ERR,ERR,ERR,ERR,ERR,ERR,ERR,ERR,ERR,ERR,ERR,ERR,ERR,ERR,ERR,ERR,ERR,ERR,ERR,ERR,ERR,ERR,ERR,ERR,ERR,ERR,ERR,ERR,ERR,ERR,ERR,ERR,ERR,ERR,ERR,ERR,ERR,ERR,ERR,ERR,ERR,ERR,ERR,ERR,ERR,ERR,ERR,ERR,ERR,ERR,ERR,ERR,ERR,ERR,ERR,ERR,ERR,ERR,60.0,60.0,35,0.0,0.0,0.0,0.0,0.0,0.0,0.0,0.0,0.0,0.0,0.0,0.0,0.0,0.0,0.0,0.0,65.2,0,110,53,33,65476,0,300,0,0,8,20529,65476,0,0,2621,60.0,0.0,0.0,0.0,0.0,0.0
2026-07-09T15:48:02,ERR,ERR,ERR,ERR,ERR,ERR,ERR,ERR,ERR,ERR,ERR,ERR,ERR,ERR,ERR,ERR,ERR,ERR,ERR,ERR,ERR,ERR,ERR,ERR,ERR,ERR,ERR,ERR,ERR,ERR,ERR,ERR,ERR,ERR,ERR,ERR,ERR,ERR,ERR,ERR,ERR,ERR,ERR,ERR,ERR,ERR,ERR,ERR,ERR,ERR,ERR,ERR,ERR,ERR,ERR,ERR,ERR,ERR,ERR,ERR,ERR,ERR,ERR,ERR,ERR,ERR,ERR,ERR,ERR,ERR,ERR,ERR,ERR,ERR,ERR,ERR,ERR,ERR,ERR,ERR,ERR,ERR,ERR,ERR,ERR,ERR,ERR,ERR,ERR,ERR,ERR,ERR,ERR,ERR,ERR,ERR,ERR,ERR,ERR,ERR,ERR,ERR,ERR,ERR,ERR,ERR,ERR,ERR,ERR,ERR,ERR,ERR,ERR,ERR,ERR,ERR,ERR,ERR,ERR,ERR,ERR,ERR,ERR,ERR,ERR,-0.0,0.0,2.7184163299252243e+23,-0.0,-0.0,0.0,4.612025934366825e+29,0.0,0,0,4,17307,7116,0.0,100,0.0,0.0,-0.0,0.0,0.0,0,0,0,0,0.0,0,0,0,0,0,0,0,0,0,0,0,0,0,0,0,0,0,0,0,0,0,0,0,0,0,0,0,0,0,0,0,0,0,31,40,40,71,65476,0,300,0,0,8,21553,0.0,-107605600.0,0.0,0.0,0.0,0.0,0.0,0.0,0.0,0.0,0.0,0.0,0.0,0.0,0.0,0.0,0.0,0.0,0.0,0.0,0.0,0.0,0.0,2.004,0.0,0.0,0.0,0.0,0.0,0.0,5327.0,-0.0,6935.0,-0.0,0.0,2.004,2.004,0.0,0.0,0.0,0.0,69,-4.9504057733672904e+32,2.718419752660941e+23,0.0,0.0,0.0,0.0,0.0,0.0,0.0,0,0,0,0.0,0.0,0.0,0.0,0.0,0.0,0.0,0.0,0.0,0.0,0.0,0.0,0.0,0.0,0.0,0.0,0,-107875648.0,69,0.0,138,0.0,2.012,ERR,ERR,ERR,ERR,ERR,ERR,ERR,ERR,ERR,ERR,ERR,ERR,ERR,ERR,ERR,ERR,ERR,ERR,ERR,ERR,ERR,ERR,ERR,ERR,ERR,ERR,ERR,ERR,ERR,ERR,ERR,ERR,ERR,ERR,ERR,ERR,ERR,ERR,ERR,ERR,ERR,ERR,ERR,ERR,ERR,ERR,ERR,ERR,ERR,ERR,ERR,ERR,ERR,ERR,ERR,ERR,ERR,ERR,ERR,ERR,ERR,ERR,ERR,ERR,ERR,ERR,ERR,60.0,60.0,35,0.0,0.0,0.0,0.0,0.0,0.0,0.0,0.0,0.0,0.0,0.0,0.0,0.0,0.0,0.0,0.0,65.2,0,110,53,33,65476,0,300,0,0,8,20529,65476,0,0,2621,60.0,0.0,0.0,0.0,0.0,0.0
2026-07-09T15:48:03,ERR,ERR,ERR,ERR,ERR,ERR,ERR,ERR,ERR,ERR,ERR,ERR,ERR,ERR,ERR,ERR,ERR,ERR,ERR,ERR,ERR,ERR,ERR,ERR,ERR,ERR,ERR,ERR,ERR,ERR,ERR,ERR,ERR,ERR,ERR,ERR,ERR,ERR,ERR,ERR,ERR,ERR,ERR,ERR,ERR,ERR,ERR,ERR,ERR,ERR,ERR,ERR,ERR,ERR,ERR,ERR,ERR,ERR,ERR,ERR,ERR,ERR,ERR,ERR,ERR,ERR,ERR,ERR,ERR,ERR,ERR,ERR,ERR,ERR,ERR,ERR,ERR,ERR,ERR,ERR,ERR,ERR,ERR,ERR,ERR,ERR,ERR,ERR,ERR,ERR,ERR,ERR,ERR,ERR,ERR,ERR,ERR,ERR,ERR,ERR,ERR,ERR,ERR,ERR,ERR,ERR,ERR,ERR,ERR,ERR,ERR,ERR,ERR,ERR,ERR,ERR,ERR,ERR,ERR,ERR,ERR,ERR,ERR,ERR,ERR,-0.0,0.0,2.7184163299252243e+23,-0.0,-0.0,0.0,4.612025934366825e+29,0.0,0,0,4,17307,7116,0.0,100,0.0,0.0,-0.0,0.0,0.0,0,0,0,0,0.0,0,0,0,0,0,0,0,0,0,0,0,0,0,0,0,0,0,0,0,0,0,0,0,0,0,0,0,0,0,0,0,0,0,31,40,40,71,65476,0,300,0,0,8,21553,0.0,-107605600.0,0.0,0.0,0.0,0.0,0.0,0.0,0.0,0.0,0.0,0.0,0.0,0.0,0.0,0.0,0.0,0.0,0.0,0.0,0.0,0.0,0.0,2.004,0.0,0.0,0.0,0.0,0.0,0.0,5327.0,-0.0,6935.0,-0.0,0.0,2.004,2.004,0.0,0.0,0.0,0.0,69,-4.9504057733672904e+32,2.718419752660941e+23,0.0,0.0,0.0,0.0,0.0,0.0,0.0,0,0,0,0.0,0.0,0.0,0.0,0.0,0.0,0.0,0.0,0.0,0.0,0.0,0.0,0.0,0.0,0.0,0.0,0,-107875648.0,69,0.0,138,0.0,2.012,ERR,ERR,ERR,ERR,ERR,ERR,ERR,ERR,ERR,ERR,ERR,ERR,ERR,ERR,ERR,ERR,ERR,ERR,ERR,ERR,ERR,ERR,ERR,ERR,ERR,ERR,ERR,ERR,ERR,ERR,ERR,ERR,ERR,ERR,ERR,ERR,ERR,ERR,ERR,ERR,ERR,ERR,ERR,ERR,ERR,ERR,ERR,ERR,ERR,ERR,ERR,ERR,ERR,ERR,ERR,ERR,ERR,ERR,ERR,ERR,ERR,ERR,ERR,ERR,ERR,ERR,ERR,60.0,60.0,35,0.0,0.0,0.0,0.0,0.0,0.0,0.0,0.0,0.0,0.0,0.0,0.0,0.0,0.0,0.0,0.0,65.2,0,110,53,33,65476,0,300,0,0,8,20529,65476,0,0,2621,60.0,0.0,0.0,0.0,0.0,0.0
2026-07-09T15:48:04,ERR,ERR,ERR,ERR,ERR,ERR,ERR,ERR,ERR,ERR,ERR,ERR,ERR,ERR,ERR,ERR,ERR,ERR,ERR,ERR,ERR,ERR,ERR,ERR,ERR,ERR,ERR,ERR,ERR,ERR,ERR,ERR,ERR,ERR,ERR,ERR,ERR,ERR,ERR,ERR,ERR,ERR,ERR,ERR,ERR,ERR,ERR,ERR,ERR,ERR,ERR,ERR,ERR,ERR,ERR,ERR,ERR,ERR,ERR,ERR,ERR,ERR,ERR,ERR,ERR,ERR,ERR,ERR,ERR,ERR,ERR,ERR,ERR,ERR,ERR,ERR,ERR,ERR,ERR,ERR,ERR,ERR,ERR,ERR,ERR,ERR,ERR,ERR,ERR,ERR,ERR,ERR,ERR,ERR,ERR,ERR,ERR,ERR,ERR,ERR,ERR,ERR,ERR,ERR,ERR,ERR,ERR,ERR,ERR,ERR,ERR,ERR,ERR,ERR,ERR,ERR,ERR,ERR,ERR,ERR,ERR,ERR,ERR,ERR,ERR,-0.0,-107615944.0,0.0,-107611744.0,-0.0,0.0,1.3265646272024412e+18,-1.3837593139365588e+36,0,0,4,17303,7116,0.0,100,0.0,0.0,-107611744.0,0.0,0.0,0,0,0,0,0.0,0,0,0,0,0,0,0,0,0,0,0,0,0,0,0,0,0,0,0,0,0,0,0,0,0,0,0,0,0,0,0,0,0,31,40,40,71,65476,0,300,0,0,8,21553,0.0,-107605600.0,0.0,0.0,0.0,0.0,0.0,0.0,0.0,0.0,0.0,0.0,0.0,0.0,0.0,0.0,0.0,0.0,0.0,0.0,0.0,0.0,0.0,0.0,0.0,0.0,0.0,0.0,0.0,0.0,5329.0,-0.0,6930.0,-0.0,2.7184435316669736e+23,2.004,2.004,0.0,0.0,0.0,0.0,69,-107614872.0,0.0,0.0,0.0,0.0,0.0,0.0,0.0,0.0,0,0,0,0.0,0.0,0.0,0.0,0.0,0.0,0.0,0.0,0.0,0.0,0.0,0.0,0.0,0.0,0.0,0.0,0,-107875648.0,69,0.0,138,0.0,2.012,ERR,ERR,ERR,ERR,ERR,ERR,ERR,ERR,ERR,ERR,ERR,ERR,ERR,ERR,ERR,ERR,ERR,ERR,ERR,ERR,ERR,ERR,ERR,ERR,ERR,ERR,ERR,ERR,ERR,ERR,ERR,ERR,ERR,ERR,ERR,ERR,ERR,ERR,ERR,ERR,ERR,ERR,ERR,ERR,ERR,ERR,ERR,ERR,ERR,ERR,ERR,ERR,ERR,ERR,ERR,ERR,ERR,ERR,ERR,ERR,ERR,ERR,ERR,ERR,ERR,ERR,ERR,60.0,60.0,35,0.0,0.0,0.0,0.0,0.0,0.0,0.0,0.0,0.0,0.0,0.0,0.0,0.0,0.0,0.0,0.0,65.2,0,110,53,33,65476,0,300,0,0,8,20529,65476,0,0,2621,60.0,0.0,0.0,0.0,0.0,0.0
2026-07-09T15:48:05,ERR,ERR,ERR,ERR,ERR,ERR,ERR,ERR,ERR,ERR,ERR,ERR,ERR,ERR,ERR,ERR,ERR,ERR,ERR,ERR,ERR,ERR,ERR,ERR,ERR,ERR,ERR,ERR,ERR,ERR,ERR,ERR,ERR,ERR,ERR,ERR,ERR,ERR,ERR,ERR,ERR,ERR,ERR,ERR,ERR,ERR,ERR,ERR,ERR,ERR,ERR,ERR,ERR,ERR,ERR,ERR,ERR,ERR,ERR,ERR,ERR,ERR,ERR,ERR,ERR,ERR,ERR,ERR,ERR,ERR,ERR,ERR,ERR,ERR,ERR,ERR,ERR,ERR,ERR,ERR,ERR,ERR,ERR,ERR,ERR,ERR,ERR,ERR,ERR,ERR,ERR,ERR,ERR,ERR,ERR,ERR,ERR,ERR,ERR,ERR,ERR,ERR,ERR,ERR,ERR,ERR,ERR,ERR,ERR,ERR,ERR,ERR,ERR,ERR,ERR,ERR,ERR,ERR,ERR,ERR,ERR,ERR,ERR,ERR,ERR,-0.0,-107615944.0,0.0,-107611744.0,-0.0,0.0,1.3265646272024412e+18,-1.3837593139365588e+36,0,0,4,17303,7116,0.0,100,0.0,0.0,-107611744.0,0.0,0.0,0,0,0,0,0.0,0,0,0,0,0,0,0,0,0,0,0,0,0,0,0,0,0,0,0,0,0,0,0,0,0,0,0,0,0,0,0,0,0,31,40,40,71,65476,0,300,0,0,8,21553,0.0,-107605600.0,0.0,0.0,0.0,0.0,0.0,0.0,0.0,0.0,0.0,0.0,0.0,0.0,0.0,0.0,0.0,0.0,0.0,0.0,0.0,0.0,0.0,0.0,0.0,0.0,0.0,0.0,0.0,0.0,5329.0,-0.0,6930.0,-0.0,2.7184435316669736e+23,2.004,2.004,0.0,0.0,0.0,0.0,69,-107614872.0,0.0,0.0,0.0,0.0,0.0,0.0,0.0,0.0,0,0,0,0.0,0.0,0.0,0.0,0.0,0.0,0.0,0.0,0.0,0.0,0.0,0.0,0.0,0.0,0.0,0.0,0,-107875648.0,69,0.0,138,0.0,2.012,ERR,ERR,ERR,ERR,ERR,ERR,ERR,ERR,ERR,ERR,ERR,ERR,ERR,ERR,ERR,ERR,ERR,ERR,ERR,ERR,ERR,ERR,ERR,ERR,ERR,ERR,ERR,ERR,ERR,ERR,ERR,ERR,ERR,ERR,ERR,ERR,ERR,ERR,ERR,ERR,ERR,ERR,ERR,ERR,ERR,ERR,ERR,ERR,ERR,ERR,ERR,ERR,ERR,ERR,ERR,ERR,ERR,ERR,ERR,ERR,ERR,ERR,ERR,ERR,ERR,ERR,ERR,60.0,60.0,35,0.0,0.0,0.0,0.0,0.0,0.0,0.0,0.0,0.0,0.0,0.0,0.0,0.0,0.0,0.0,0.0,65.2,0,110,53,33,65476,0,300,0,0,8,20529,65476,0,0,2621,60.0,0.0,0.0,0.0,0.0,0.0
2026-07-09T15:48:06,ERR,ERR,ERR,ERR,ERR,ERR,ERR,ERR,ERR,ERR,ERR,ERR,ERR,ERR,ERR,ERR,ERR,ERR,ERR,ERR,ERR,ERR,ERR,ERR,ERR,ERR,ERR,ERR,ERR,ERR,ERR,ERR,ERR,ERR,ERR,ERR,ERR,ERR,ERR,ERR,ERR,ERR,ERR,ERR,ERR,ERR,ERR,ERR,ERR,ERR,ERR,ERR,ERR,ERR,ERR,ERR,ERR,ERR,ERR,ERR,ERR,ERR,ERR,ERR,ERR,ERR,ERR,ERR,ERR,ERR,ERR,ERR,ERR,ERR,ERR,ERR,ERR,ERR,ERR,ERR,ERR,ERR,ERR,ERR,ERR,ERR,ERR,ERR,ERR,ERR,ERR,ERR,ERR,ERR,ERR,ERR,ERR,ERR,ERR,ERR,ERR,ERR,ERR,ERR,ERR,ERR,ERR,ERR,ERR,ERR,ERR,ERR,ERR,ERR,ERR,ERR,ERR,ERR,ERR,ERR,ERR,ERR,ERR,ERR,ERR,-0.0,-107615944.0,0.0,-107611744.0,-0.0,0.0,1.3265646272024412e+18,-1.3837593139365588e+36,0,0,4,17303,7116,0.0,100,0.0,0.0,-107611744.0,0.0,0.0,0,0,0,0,0.0,0,0,0,0,0,0,0,0,0,0,0,0,0,0,0,0,0,0,0,0,0,0,0,0,0,0,0,0,0,0,0,0,0,31,40,40,71,65476,0,300,0,0,8,21553,0.0,-107605600.0,0.0,0.0,0.0,0.0,0.0,0.0,0.0,0.0,0.0,0.0,0.0,0.0,0.0,0.0,0.0,0.0,0.0,0.0,0.0,0.0,0.0,0.0,0.0,0.0,0.0,0.0,0.0,0.0,5329.0,-0.0,6930.0,-0.0,2.7184435316669736e+23,2.004,2.004,0.0,0.0,0.0,0.0,69,-107614872.0,0.0,0.0,0.0,0.0,0.0,0.0,0.0,0.0,0,0,0,0.0,0.0,0.0,0.0,0.0,0.0,0.0,0.0,0.0,0.0,0.0,0.0,0.0,0.0,0.0,0.0,0,-107875648.0,69,0.0,138,0.0,2.012,ERR,ERR,ERR,ERR,ERR,ERR,ERR,ERR,ERR,ERR,ERR,ERR,ERR,ERR,ERR,ERR,ERR,ERR,ERR,ERR,ERR,ERR,ERR,ERR,ERR,ERR,ERR,ERR,ERR,ERR,ERR,ERR,ERR,ERR,ERR,ERR,ERR,ERR,ERR,ERR,ERR,ERR,ERR,ERR,ERR,ERR,ERR,ERR,ERR,ERR,ERR,ERR,ERR,ERR,ERR,ERR,ERR,ERR,ERR,ERR,ERR,ERR,ERR,ERR,ERR,ERR,ERR,60.0,60.0,35,0.0,0.0,0.0,0.0,0.0,0.0,0.0,0.0,0.0,0.0,0.0,0.0,0.0,0.0,0.0,0.0,65.6,0,110,53,33,65476,0,300,0,0,8,20529,65476,0,0,2621,60.0,0.0,0.0,0.0,0.0,0.0
2026-07-09T15:48:07,ERR,ERR,ERR,ERR,ERR,ERR,ERR,ERR,ERR,ERR,ERR,ERR,ERR,ERR,ERR,ERR,ERR,ERR,ERR,ERR,ERR,ERR,ERR,ERR,ERR,ERR,ERR,ERR,ERR,ERR,ERR,ERR,ERR,ERR,ERR,ERR,ERR,ERR,ERR,ERR,ERR,ERR,ERR,ERR,ERR,ERR,ERR,ERR,ERR,ERR,ERR,ERR,ERR,ERR,ERR,ERR,ERR,ERR,ERR,ERR,ERR,ERR,ERR,ERR,ERR,ERR,ERR,ERR,ERR,ERR,ERR,ERR,ERR,ERR,ERR,ERR,ERR,ERR,ERR,ERR,ERR,ERR,ERR,ERR,ERR,ERR,ERR,ERR,ERR,ERR,ERR,ERR,ERR,ERR,ERR,ERR,ERR,ERR,ERR,ERR,ERR,ERR,ERR,ERR,ERR,ERR,ERR,ERR,ERR,ERR,ERR,ERR,ERR,ERR,ERR,ERR,ERR,ERR,ERR,ERR,ERR,ERR,ERR,ERR,ERR,-0.0,-107615944.0,0.0,-107611744.0,-0.0,0.0,1.3265646272024412e+18,-1.3837593139365588e+36,0,0,4,17303,7116,0.0,100,0.0,0.0,-107611744.0,0.0,0.0,0,0,0,0,0.0,0,0,0,0,0,0,0,0,0,0,0,0,0,0,0,0,0,0,0,0,0,0,0,0,0,0,0,0,0,0,0,0,0,31,40,40,71,65476,0,300,0,0,8,21553,0.0,-107605600.0,0.0,0.0,0.0,0.0,0.0,0.0,0.0,0.0,0.0,0.0,0.0,0.0,0.0,0.0,0.0,0.0,0.0,0.0,0.0,0.0,0.0,0.0,0.0,0.0,0.0,0.0,0.0,0.0,5329.0,-0.0,6930.0,-0.0,2.7184435316669736e+23,2.004,2.004,0.0,0.0,0.0,0.0,69,-107614872.0,0.0,0.0,0.0,0.0,0.0,0.0,0.0,0.0,0,0,0,0.0,0.0,0.0,0.0,0.0,0.0,0.0,0.0,0.0,0.0,0.0,0.0,0.0,0.0,0.0,0.0,0,-107875648.0,69,0.0,138,0.0,2.012,ERR,ERR,ERR,ERR,ERR,ERR,ERR,ERR,ERR,ERR,ERR,ERR,ERR,ERR,ERR,ERR,ERR,ERR,ERR,ERR,ERR,ERR,ERR,ERR,ERR,ERR,ERR,ERR,ERR,ERR,ERR,ERR,ERR,ERR,ERR,ERR,ERR,ERR,ERR,ERR,ERR,ERR,ERR,ERR,ERR,ERR,ERR,ERR,ERR,ERR,ERR,ERR,ERR,ERR,ERR,ERR,ERR,ERR,ERR,ERR,ERR,ERR,ERR,ERR,ERR,ERR,ERR,60.0,60.0,35,0.0,0.0,0.0,0.0,0.0,0.0,0.0,0.0,0.0,0.0,0.0,0.0,0.0,0.0,0.0,0.0,65.2,0,110,53,33,65476,0,300,0,0,8,20529,65476,0,0,2621,60.0,0.0,0.0,0.0,0.0,0.0
2026-07-09T15:48:08,ERR,ERR,ERR,ERR,ERR,ERR,ERR,ERR,ERR,ERR,ERR,ERR,ERR,ERR,ERR,ERR,ERR,ERR,ERR,ERR,ERR,ERR,ERR,ERR,ERR,ERR,ERR,ERR,ERR,ERR,ERR,ERR,ERR,ERR,ERR,ERR,ERR,ERR,ERR,ERR,ERR,ERR,ERR,ERR,ERR,ERR,ERR,ERR,ERR,ERR,ERR,ERR,ERR,ERR,ERR,ERR,ERR,ERR,ERR,ERR,ERR,ERR,ERR,ERR,ERR,ERR,ERR,ERR,ERR,ERR,ERR,ERR,ERR,ERR,ERR,ERR,ERR,ERR,ERR,ERR,ERR,ERR,ERR,ERR,ERR,ERR,ERR,ERR,ERR,ERR,ERR,ERR,ERR,ERR,ERR,ERR,ERR,ERR,ERR,ERR,ERR,ERR,ERR,ERR,ERR,ERR,ERR,ERR,ERR,ERR,ERR,ERR,ERR,ERR,ERR,ERR,ERR,ERR,ERR,ERR,ERR,ERR,ERR,ERR,ERR,-0.0,-107615944.0,0.0,-107611744.0,-0.0,0.0,1.3265646272024412e+18,-1.3837593139365588e+36,0,0,4,17303,7116,0.0,100,0.0,0.0,-107611744.0,0.0,0.0,0,0,0,0,0.0,0,0,0,0,0,0,0,0,0,0,0,0,0,0,0,0,0,0,0,0,0,0,0,0,0,0,0,0,0,0,0,0,0,31,40,40,71,65476,0,300,0,0,8,21553,0.0,-107605600.0,0.0,0.0,0.0,0.0,0.0,0.0,0.0,0.0,0.0,0.0,0.0,0.0,0.0,0.0,0.0,0.0,0.0,0.0,0.0,0.0,0.0,0.0,0.0,0.0,0.0,0.0,0.0,0.0,5329.0,-0.0,6930.0,-0.0,2.7184435316669736e+23,2.004,2.004,0.0,0.0,0.0,0.0,69,-107614872.0,0.0,0.0,0.0,0.0,0.0,0.0,0.0,0.0,0,0,0,0.0,0.0,0.0,0.0,0.0,0.0,0.0,0.0,0.0,0.0,0.0,0.0,0.0,0.0,0.0,0.0,0,-107875648.0,69,0.0,138,0.0,2.012,ERR,ERR,ERR,ERR,ERR,ERR,ERR,ERR,ERR,ERR,ERR,ERR,ERR,ERR,ERR,ERR,ERR,ERR,ERR,ERR,ERR,ERR,ERR,ERR,ERR,ERR,ERR,ERR,ERR,ERR,ERR,ERR,ERR,ERR,ERR,ERR,ERR,ERR,ERR,ERR,ERR,ERR,ERR,ERR,ERR,ERR,ERR,ERR,ERR,ERR,ERR,ERR,ERR,ERR,ERR,ERR,ERR,ERR,ERR,ERR,ERR,ERR,ERR,ERR,ERR,ERR,ERR,60.0,60.0,35,0.0,0.0,0.0,0.0,0.0,0.0,0.0,0.0,0.0,0.0,0.0,0.0,0.0,0.0,0.0,0.0,65.2,0,110,53,33,65476,0,300,0,0,8,20529,65476,0,0,2621,60.0,0.0,0.0,0.0,0.0,0.0
2026-07-09T15:48:09,ERR,ERR,ERR,ERR,ERR,ERR,ERR,ERR,ERR,ERR,ERR,ERR,ERR,ERR,ERR,ERR,ERR,ERR,ERR,ERR,ERR,ERR,ERR,ERR,ERR,ERR,ERR,ERR,ERR,ERR,ERR,ERR,ERR,ERR,ERR,ERR,ERR,ERR,ERR,ERR,ERR,ERR,ERR,ERR,ERR,ERR,ERR,ERR,ERR,ERR,ERR,ERR,ERR,ERR,ERR,ERR,ERR,ERR,ERR,ERR,ERR,ERR,ERR,ERR,ERR,ERR,ERR,ERR,ERR,ERR,ERR,ERR,ERR,ERR,ERR,ERR,ERR,ERR,ERR,ERR,ERR,ERR,ERR,ERR,ERR,ERR,ERR,ERR,ERR,ERR,ERR,ERR,ERR,ERR,ERR,ERR,ERR,ERR,ERR,ERR,ERR,ERR,ERR,ERR,ERR,ERR,ERR,ERR,ERR,ERR,ERR,ERR,ERR,ERR,ERR,ERR,ERR,ERR,ERR,ERR,ERR,ERR,ERR,ERR,ERR,-0.0,-0.0,-0.0,-0.0,3400244809170944.0,2029418708992.0,0.0,868661723136.0,0,0,4,17296,7116,0.0,100,0.0,0.0,-107611744.0,0.0,0.0,0,0,0,0,0.0,0,0,0,0,0,0,0,0,0,0,0,0,0,0,0,0,0,0,0,0,0,0,0,0,0,0,0,0,0,0,0,0,0,31,40,40,71,65476,0,300,0,0,8,21553,0.0,-107605600.0,0.0,0.0,0.0,0.0,0.0,0.0,0.0,0.0,0.0,0.0,0.0,0.0,0.0,0.0,0.0,0.0,0.0,0.0,0.0,0.0,0.0,0.0,0.0,0.0,0.0,0.0,0.0,0.0,5326.0,-0.0,6930.0,0.0,0.0,2.004,2.004,0.0,0.0,0.0,0.0,69,-71.63,0.0,0.0,0.0,0.0,0.0,0.0,0.0,0.0,0,0,0,0.0,0.0,0.0,0.0,0.0,0.0,0.0,0.0,0.0,0.0,0.0,0.0,0.0,0.0,0.0,0.0,0,-107875648.0,69,0.0,138,0.0,2.012,ERR,ERR,ERR,ERR,ERR,ERR,ERR,ERR,ERR,ERR,ERR,ERR,ERR,ERR,ERR,ERR,ERR,ERR,ERR,ERR,ERR,ERR,ERR,ERR,ERR,ERR,ERR,ERR,ERR,ERR,ERR,ERR,ERR,ERR,ERR,ERR,ERR,ERR,ERR,ERR,ERR,ERR,ERR,ERR,ERR,ERR,ERR,ERR,ERR,ERR,ERR,ERR,ERR,ERR,ERR,ERR,ERR,ERR,ERR,ERR,ERR,ERR,ERR,ERR,ERR,ERR,ERR,60.0,60.0,35,0.0,0.0,0.0,0.0,0.0,0.0,0.0,0.0,0.0,0.0,0.0,0.0,0.0,0.0,0.0,0.0,65.2,0,110,53,33,65476,0,300,0,0,8,20529,65476,0,0,2621,60.0,0.0,0.0,0.0,0.0,0.0
2026-07-09T15:48:10,ERR,ERR,ERR,ERR,ERR,ERR,ERR,ERR,ERR,ERR,ERR,ERR,ERR,ERR,ERR,ERR,ERR,ERR,ERR,ERR,ERR,ERR,ERR,ERR,ERR,ERR,ERR,ERR,ERR,ERR,ERR,ERR,ERR,ERR,ERR,ERR,ERR,ERR,ERR,ERR,ERR,ERR,ERR,ERR,ERR,ERR,ERR,ERR,ERR,ERR,ERR,ERR,ERR,ERR,ERR,ERR,ERR,ERR,ERR,ERR,ERR,ERR,ERR,ERR,ERR,ERR,ERR,ERR,ERR,ERR,ERR,ERR,ERR,ERR,ERR,ERR,ERR,ERR,ERR,ERR,ERR,ERR,ERR,ERR,ERR,ERR,ERR,ERR,ERR,ERR,ERR,ERR,ERR,ERR,ERR,ERR,ERR,ERR,ERR,ERR,ERR,ERR,ERR,ERR,ERR,ERR,ERR,ERR,ERR,ERR,ERR,ERR,ERR,ERR,ERR,ERR,ERR,ERR,ERR,ERR,ERR,ERR,ERR,ERR,ERR,-0.0,-0.0,-0.0,-0.0,3400244809170944.0,2029418708992.0,0.0,868661723136.0,0,0,4,17296,7116,0.0,100,0.0,0.0,-107611744.0,0.0,0.0,0,0,0,0,0.0,0,0,0,0,0,0,0,0,0,0,0,0,0,0,0,0,0,0,0,0,0,0,0,0,0,0,0,0,0,0,0,0,0,31,40,40,71,65476,0,300,0,0,8,21553,0.0,-107605600.0,0.0,0.0,0.0,0.0,0.0,0.0,0.0,0.0,0.0,0.0,0.0,0.0,0.0,0.0,0.0,0.0,0.0,0.0,0.0,0.0,0.0,0.0,0.0,0.0,0.0,0.0,0.0,0.0,5326.0,-0.0,6930.0,0.0,0.0,2.004,2.004,0.0,0.0,0.0,0.0,69,-71.63,0.0,0.0,0.0,0.0,0.0,0.0,0.0,0.0,0,0,0,0.0,0.0,0.0,0.0,0.0,0.0,0.0,0.0,0.0,0.0,0.0,0.0,0.0,0.0,0.0,0.0,0,-107875648.0,69,0.0,138,0.0,2.012,ERR,ERR,ERR,ERR,ERR,ERR,ERR,ERR,ERR,ERR,ERR,ERR,ERR,ERR,ERR,ERR,ERR,ERR,ERR,ERR,ERR,ERR,ERR,ERR,ERR,ERR,ERR,ERR,ERR,ERR,ERR,ERR,ERR,ERR,ERR,ERR,ERR,ERR,ERR,ERR,ERR,ERR,ERR,ERR,ERR,ERR,ERR,ERR,ERR,ERR,ERR,ERR,ERR,ERR,ERR,ERR,ERR,ERR,ERR,ERR,ERR,ERR,ERR,ERR,ERR,ERR,ERR,60.0,60.0,35,0.0,0.0,0.0,0.0,0.0,0.0,0.0,0.0,0.0,0.0,0.0,0.0,0.0,0.0,0.0,0.0,65.2,0,110,53,33,65476,0,300,0,0,8,20529,65476,0,0,2621,60.0,0.0,0.0,0.0,0.0,0.0
2026-07-09T15:48:11,ERR,ERR,ERR,ERR,ERR,ERR,ERR,ERR,ERR,ERR,ERR,ERR,ERR,ERR,ERR,ERR,ERR,ERR,ERR,ERR,ERR,ERR,ERR,ERR,ERR,ERR,ERR,ERR,ERR,ERR,ERR,ERR,ERR,ERR,ERR,ERR,ERR,ERR,ERR,ERR,ERR,ERR,ERR,ERR,ERR,ERR,ERR,ERR,ERR,ERR,ERR,ERR,ERR,ERR,ERR,ERR,ERR,ERR,ERR,ERR,ERR,ERR,ERR,ERR,ERR,ERR,ERR,ERR,ERR,ERR,ERR,ERR,ERR,ERR,ERR,ERR,ERR,ERR,ERR,ERR,ERR,ERR,ERR,ERR,ERR,ERR,ERR,ERR,ERR,ERR,ERR,ERR,ERR,ERR,ERR,ERR,ERR,ERR,ERR,ERR,ERR,ERR,ERR,ERR,ERR,ERR,ERR,ERR,ERR,ERR,ERR,ERR,ERR,ERR,ERR,ERR,ERR,ERR,ERR,ERR,ERR,ERR,ERR,ERR,ERR,-0.0,-0.0,-0.0,-0.0,3400244809170944.0,2029418708992.0,0.0,868661723136.0,0,0,4,17296,7116,0.0,100,0.0,0.0,-107611744.0,0.0,0.0,0,0,0,0,0.0,0,0,0,0,0,0,0,0,0,0,0,0,0,0,0,0,0,0,0,0,0,0,0,0,0,0,0,0,0,0,0,0,0,31,40,40,71,65476,0,300,0,0,8,21553,0.0,-107605600.0,0.0,0.0,0.0,0.0,0.0,0.0,0.0,0.0,0.0,0.0,0.0,0.0,0.0,0.0,0.0,0.0,0.0,0.0,0.0,0.0,0.0,0.0,0.0,0.0,0.0,0.0,0.0,0.0,5326.0,-0.0,6930.0,0.0,0.0,2.004,2.004,0.0,0.0,0.0,0.0,69,-71.63,0.0,0.0,0.0,0.0,0.0,0.0,0.0,0.0,0,0,0,0.0,0.0,0.0,0.0,0.0,0.0,0.0,0.0,0.0,0.0,0.0,0.0,0.0,0.0,0.0,0.0,0,-107875648.0,69,0.0,138,0.0,2.012,ERR,ERR,ERR,ERR,ERR,ERR,ERR,ERR,ERR,ERR,ERR,ERR,ERR,ERR,ERR,ERR,ERR,ERR,ERR,ERR,ERR,ERR,ERR,ERR,ERR,ERR,ERR,ERR,ERR,ERR,ERR,ERR,ERR,ERR,ERR,ERR,ERR,ERR,ERR,ERR,ERR,ERR,ERR,ERR,ERR,ERR,ERR,ERR,ERR,ERR,ERR,ERR,ERR,ERR,ERR,ERR,ERR,ERR,ERR,ERR,ERR,ERR,ERR,ERR,ERR,ERR,ERR,60.0,60.0,35,0.0,0.0,0.0,0.0,0.0,0.0,0.0,0.0,0.0,0.0,0.0,0.0,0.0,0.0,0.0,0.0,65.2,0,110,53,33,65476,0,300,0,0,8,20529,65476,0,0,2621,60.0,0.0,0.0,0.0,0.0,0.0
2026-07-09T15:48:12,ERR,ERR,ERR,ERR,ERR,ERR,ERR,ERR,ERR,ERR,ERR,ERR,ERR,ERR,ERR,ERR,ERR,ERR,ERR,ERR,ERR,ERR,ERR,ERR,ERR,ERR,ERR,ERR,ERR,ERR,ERR,ERR,ERR,ERR,ERR,ERR,ERR,ERR,ERR,ERR,ERR,ERR,ERR,ERR,ERR,ERR,ERR,ERR,ERR,ERR,ERR,ERR,ERR,ERR,ERR,ERR,ERR,ERR,ERR,ERR,ERR,ERR,ERR,ERR,ERR,ERR,ERR,ERR,ERR,ERR,ERR,ERR,ERR,ERR,ERR,ERR,ERR,ERR,ERR,ERR,ERR,ERR,ERR,ERR,ERR,ERR,ERR,ERR,ERR,ERR,ERR,ERR,ERR,ERR,ERR,ERR,ERR,ERR,ERR,ERR,ERR,ERR,ERR,ERR,ERR,ERR,ERR,ERR,ERR,ERR,ERR,ERR,ERR,ERR,ERR,ERR,ERR,ERR,ERR,ERR,ERR,ERR,ERR,ERR,ERR,-0.0,-0.0,-0.0,-0.0,3400244809170944.0,2029418708992.0,0.0,868661723136.0,0,0,4,17296,7116,0.0,100,0.0,0.0,-107611744.0,0.0,0.0,0,0,0,0,0.0,0,0,0,0,0,0,0,0,0,0,0,0,0,0,0,0,0,0,0,0,0,0,0,0,0,0,0,0,0,0,0,0,0,31,40,40,71,65476,0,300,0,0,8,21553,0.0,-107605600.0,0.0,0.0,0.0,0.0,0.0,0.0,0.0,0.0,0.0,0.0,0.0,0.0,0.0,0.0,0.0,0.0,0.0,0.0,0.0,0.0,0.0,0.0,0.0,0.0,0.0,0.0,0.0,0.0,5326.0,-0.0,6930.0,0.0,0.0,2.004,2.004,0.0,0.0,0.0,0.0,69,-71.63,0.0,0.0,0.0,0.0,0.0,0.0,0.0,0.0,0,0,0,0.0,0.0,0.0,0.0,0.0,0.0,0.0,0.0,0.0,0.0,0.0,0.0,0.0,0.0,0.0,0.0,0,-107875648.0,69,0.0,138,0.0,2.012,ERR,ERR,ERR,ERR,ERR,ERR,ERR,ERR,ERR,ERR,ERR,ERR,ERR,ERR,ERR,ERR,ERR,ERR,ERR,ERR,ERR,ERR,ERR,ERR,ERR,ERR,ERR,ERR,ERR,ERR,ERR,ERR,ERR,ERR,ERR,ERR,ERR,ERR,ERR,ERR,ERR,ERR,ERR,ERR,ERR,ERR,ERR,ERR,ERR,ERR,ERR,ERR,ERR,ERR,ERR,ERR,ERR,ERR,ERR,ERR,ERR,ERR,ERR,ERR,ERR,ERR,ERR,60.0,60.0,35,0.0,0.0,0.0,0.0,0.0,0.0,0.0,0.0,0.0,0.0,0.0,0.0,0.0,0.0,0.0,0.0,65.2,0,110,53,33,65476,0,300,0,0,8,20529,65476,0,0,2621,60.0,0.0,0.0,0.0,0.0,0.0
2026-07-09T15:48:13,ERR,ERR,ERR,ERR,ERR,ERR,ERR,ERR,ERR,ERR,ERR,ERR,ERR,ERR,ERR,ERR,ERR,ERR,ERR,ERR,ERR,ERR,ERR,ERR,ERR,ERR,ERR,ERR,ERR,ERR,ERR,ERR,ERR,ERR,ERR,ERR,ERR,ERR,ERR,ERR,ERR,ERR,ERR,ERR,ERR,ERR,ERR,ERR,ERR,ERR,ERR,ERR,ERR,ERR,ERR,ERR,ERR,ERR,ERR,ERR,ERR,ERR,ERR,ERR,ERR,ERR,ERR,ERR,ERR,ERR,ERR,ERR,ERR,ERR,ERR,ERR,ERR,ERR,ERR,ERR,ERR,ERR,ERR,ERR,ERR,ERR,ERR,ERR,ERR,ERR,ERR,ERR,ERR,ERR,ERR,ERR,ERR,ERR,ERR,ERR,ERR,ERR,ERR,ERR,ERR,ERR,ERR,ERR,ERR,ERR,ERR,ERR,ERR,ERR,ERR,ERR,ERR,ERR,ERR,ERR,ERR,ERR,ERR,ERR,ERR,-0.0,-0.0,-0.0,-0.0,3400244809170944.0,2029418708992.0,0.0,868661723136.0,0,0,4,17296,7116,0.0,100,0.0,0.0,-107611744.0,0.0,0.0,0,0,0,0,0.0,0,0,0,0,0,0,0,0,0,0,0,0,0,0,0,0,0,0,0,0,0,0,0,0,0,0,0,0,0,0,0,0,0,31,40,40,71,65476,0,300,0,0,8,21553,0.0,-107605600.0,0.0,0.0,0.0,0.0,0.0,0.0,0.0,0.0,0.0,0.0,0.0,0.0,0.0,0.0,0.0,0.0,0.0,0.0,0.0,0.0,0.0,0.0,0.0,0.0,0.0,0.0,0.0,0.0,5326.0,-0.0,6930.0,0.0,0.0,2.004,2.004,0.0,0.0,0.0,0.0,69,-71.63,0.0,0.0,0.0,0.0,0.0,0.0,0.0,0.0,0,0,0,0.0,0.0,0.0,0.0,0.0,0.0,0.0,0.0,0.0,0.0,0.0,0.0,0.0,0.0,0.0,0.0,0,-107875648.0,69,0.0,138,0.0,2.012,ERR,ERR,ERR,ERR,ERR,ERR,ERR,ERR,ERR,ERR,ERR,ERR,ERR,ERR,ERR,ERR,ERR,ERR,ERR,ERR,ERR,ERR,ERR,ERR,ERR,ERR,ERR,ERR,ERR,ERR,ERR,ERR,ERR,ERR,ERR,ERR,ERR,ERR,ERR,ERR,ERR,ERR,ERR,ERR,ERR,ERR,ERR,ERR,ERR,ERR,ERR,ERR,ERR,ERR,ERR,ERR,ERR,ERR,ERR,ERR,ERR,ERR,ERR,ERR,ERR,ERR,ERR,60.0,60.0,35,0.0,0.0,0.0,0.0,0.0,0.0,0.0,0.0,0.0,0.0,0.0,0.0,0.0,0.0,0.0,0.0,65.2,0,110,53,33,65476,0,300,0,0,8,20529,65476,0,0,2621,60.0,0.0,0.0,0.0,0.0,0.0
2026-07-09T15:48:14,ERR,ERR,ERR,ERR,ERR,ERR,ERR,ERR,ERR,ERR,ERR,ERR,ERR,ERR,ERR,ERR,ERR,ERR,ERR,ERR,ERR,ERR,ERR,ERR,ERR,ERR,ERR,ERR,ERR,ERR,ERR,ERR,ERR,ERR,ERR,ERR,ERR,ERR,ERR,ERR,ERR,ERR,ERR,ERR,ERR,ERR,ERR,ERR,ERR,ERR,ERR,ERR,ERR,ERR,ERR,ERR,ERR,ERR,ERR,ERR,ERR,ERR,ERR,ERR,ERR,ERR,ERR,ERR,ERR,ERR,ERR,ERR,ERR,ERR,ERR,ERR,ERR,ERR,ERR,ERR,ERR,ERR,ERR,ERR,ERR,ERR,ERR,ERR,ERR,ERR,ERR,ERR,ERR,ERR,ERR,ERR,ERR,ERR,ERR,ERR,ERR,ERR,ERR,ERR,ERR,ERR,ERR,ERR,ERR,ERR,ERR,ERR,ERR,ERR,ERR,ERR,ERR,ERR,ERR,ERR,ERR,ERR,ERR,ERR,ERR,0.0,-0.0,0.0,2.7183478752108883e+23,0.0,4268211.0,-19966898208768.0,0.0,0,0,4,17300,7116,0.0,100,0.0,0.0,2.7183478752108883e+23,0.0,0.0,0,0,0,0,0.0,0,0,0,0,0,0,0,0,0,0,0,0,0,0,0,0,0,0,0,0,0,0,0,0,0,0,0,0,0,0,0,0,0,31,40,40,71,65476,0,300,0,0,8,21553,0.0,-107605600.0,0.0,0.0,0.0,0.0,0.0,0.0,0.0,0.0,0.0,0.0,0.0,0.0,0.0,0.0,0.0,0.0,0.0,0.0,0.0,0.0,2.004,-0.0,0.0,0.0,0.0,0.0,0.0,0.0,5324.0,-0.0,6929.0,0.0,2.7184431713790035e+23,2.004,2.004,0.0,0.0,0.0,0.0,69,-0.0,0.0,0.0,0.0,0.0,0.0,0.0,0.0,0.0,0,0,0,0.0,0.0,0.0,0.0,0.0,0.0,0.0,0.0,0.0,0.0,0.0,0.0,0.0,0.0,0.0,0.0,0,-107875648.0,69,0.0,138,0.0,2.012,ERR,ERR,ERR,ERR,ERR,ERR,ERR,ERR,ERR,ERR,ERR,ERR,ERR,ERR,ERR,ERR,ERR,ERR,ERR,ERR,ERR,ERR,ERR,ERR,ERR,ERR,ERR,ERR,ERR,ERR,ERR,ERR,ERR,ERR,ERR,ERR,ERR,ERR,ERR,ERR,ERR,ERR,ERR,ERR,ERR,ERR,ERR,ERR,ERR,ERR,ERR,ERR,ERR,ERR,ERR,ERR,ERR,ERR,ERR,ERR,ERR,ERR,ERR,ERR,ERR,ERR,ERR,60.0,60.0,35,0.0,0.0,0.0,0.0,0.0,0.0,0.0,0.0,0.0,0.0,0.0,0.0,0.0,0.0,0.0,0.0,65.2,0,110,53,33,65476,0,300,0,0,8,20529,65476,0,0,2621,60.0,0.0,0.0,0.0,0.0,0.0
2026-07-09T15:48:15,ERR,ERR,ERR,ERR,ERR,ERR,ERR,ERR,ERR,ERR,ERR,ERR,ERR,ERR,ERR,ERR,ERR,ERR,ERR,ERR,ERR,ERR,ERR,ERR,ERR,ERR,ERR,ERR,ERR,ERR,ERR,ERR,ERR,ERR,ERR,ERR,ERR,ERR,ERR,ERR,ERR,ERR,ERR,ERR,ERR,ERR,ERR,ERR,ERR,ERR,ERR,ERR,ERR,ERR,ERR,ERR,ERR,ERR,ERR,ERR,ERR,ERR,ERR,ERR,ERR,ERR,ERR,ERR,ERR,ERR,ERR,ERR,ERR,ERR,ERR,ERR,ERR,ERR,ERR,ERR,ERR,ERR,ERR,ERR,ERR,ERR,ERR,ERR,ERR,ERR,ERR,ERR,ERR,ERR,ERR,ERR,ERR,ERR,ERR,ERR,ERR,ERR,ERR,ERR,ERR,ERR,ERR,ERR,ERR,ERR,ERR,ERR,ERR,ERR,ERR,ERR,ERR,ERR,ERR,ERR,ERR,ERR,ERR,ERR,ERR,0.0,-0.0,0.0,2.7183478752108883e+23,0.0,4268211.0,-19966898208768.0,0.0,0,0,4,17300,7116,0.0,100,0.0,0.0,2.7183478752108883e+23,0.0,0.0,0,0,0,0,0.0,0,0,0,0,0,0,0,0,0,0,0,0,0,0,0,0,0,0,0,0,0,0,0,0,0,0,0,0,0,0,0,0,0,31,40,40,71,65476,0,300,0,0,8,21553,0.0,-107605600.0,0.0,0.0,0.0,0.0,0.0,0.0,0.0,0.0,0.0,0.0,0.0,0.0,0.0,0.0,0.0,0.0,0.0,0.0,0.0,0.0,2.004,-0.0,0.0,0.0,0.0,0.0,0.0,0.0,5324.0,-0.0,6929.0,0.0,2.7184431713790035e+23,2.004,2.004,0.0,0.0,0.0,0.0,69,-0.0,0.0,0.0,0.0,0.0,0.0,0.0,0.0,0.0,0,0,0,0.0,0.0,0.0,0.0,0.0,0.0,0.0,0.0,0.0,0.0,0.0,0.0,0.0,0.0,0.0,0.0,0,-107875648.0,69,0.0,138,0.0,2.012,ERR,ERR,ERR,ERR,ERR,ERR,ERR,ERR,ERR,ERR,ERR,ERR,ERR,ERR,ERR,ERR,ERR,ERR,ERR,ERR,ERR,ERR,ERR,ERR,ERR,ERR,ERR,ERR,ERR,ERR,ERR,ERR,ERR,ERR,ERR,ERR,ERR,ERR,ERR,ERR,ERR,ERR,ERR,ERR,ERR,ERR,ERR,ERR,ERR,ERR,ERR,ERR,ERR,ERR,ERR,ERR,ERR,ERR,ERR,ERR,ERR,ERR,ERR,ERR,ERR,ERR,ERR,60.0,60.0,35,0.0,0.0,0.0,0.0,0.0,0.0,0.0,0.0,0.0,0.0,0.0,0.0,0.0,0.0,0.0,0.0,65.2,0,110,53,33,65476,0,300,0,0,8,20529,65476,0,0,2621,60.0,0.0,0.0,0.0,0.0,0.0
2026-07-09T15:48:16,ERR,ERR,ERR,ERR,ERR,ERR,ERR,ERR,ERR,ERR,ERR,ERR,ERR,ERR,ERR,ERR,ERR,ERR,ERR,ERR,ERR,ERR,ERR,ERR,ERR,ERR,ERR,ERR,ERR,ERR,ERR,ERR,ERR,ERR,ERR,ERR,ERR,ERR,ERR,ERR,ERR,ERR,ERR,ERR,ERR,ERR,ERR,ERR,ERR,ERR,ERR,ERR,ERR,ERR,ERR,ERR,ERR,ERR,ERR,ERR,ERR,ERR,ERR,ERR,ERR,ERR,ERR,ERR,ERR,ERR,ERR,ERR,ERR,ERR,ERR,ERR,ERR,ERR,ERR,ERR,ERR,ERR,ERR,ERR,ERR,ERR,ERR,ERR,ERR,ERR,ERR,ERR,ERR,ERR,ERR,ERR,ERR,ERR,ERR,ERR,ERR,ERR,ERR,ERR,ERR,ERR,ERR,ERR,ERR,ERR,ERR,ERR,ERR,ERR,ERR,ERR,ERR,ERR,ERR,ERR,ERR,ERR,ERR,ERR,ERR,0.0,-0.0,0.0,2.7183478752108883e+23,0.0,4268211.0,-19966898208768.0,0.0,0,0,4,17300,7116,0.0,100,0.0,0.0,2.7183478752108883e+23,0.0,0.0,0,0,0,0,0.0,0,0,0,0,0,0,0,0,0,0,0,0,0,0,0,0,0,0,0,0,0,0,0,0,0,0,0,0,0,0,0,0,0,31,40,40,71,65476,0,300,0,0,8,21553,0.0,-107605600.0,0.0,0.0,0.0,0.0,0.0,0.0,0.0,0.0,0.0,0.0,0.0,0.0,0.0,0.0,0.0,0.0,0.0,0.0,0.0,0.0,2.004,-0.0,0.0,0.0,0.0,0.0,0.0,0.0,5324.0,-0.0,6929.0,0.0,2.7184431713790035e+23,2.004,2.004,0.0,0.0,0.0,0.0,69,-0.0,0.0,0.0,0.0,0.0,0.0,0.0,0.0,0.0,0,0,0,0.0,0.0,0.0,0.0,0.0,0.0,0.0,0.0,0.0,0.0,0.0,0.0,0.0,0.0,0.0,0.0,0,-107875648.0,69,0.0,138,0.0,2.012,ERR,ERR,ERR,ERR,ERR,ERR,ERR,ERR,ERR,ERR,ERR,ERR,ERR,ERR,ERR,ERR,ERR,ERR,ERR,ERR,ERR,ERR,ERR,ERR,ERR,ERR,ERR,ERR,ERR,ERR,ERR,ERR,ERR,ERR,ERR,ERR,ERR,ERR,ERR,ERR,ERR,ERR,ERR,ERR,ERR,ERR,ERR,ERR,ERR,ERR,ERR,ERR,ERR,ERR,ERR,ERR,ERR,ERR,ERR,ERR,ERR,ERR,ERR,ERR,ERR,ERR,ERR,60.0,60.0,35,0.0,0.0,0.0,0.0,0.0,0.0,0.0,0.0,0.0,0.0,0.0,0.0,0.0,0.0,0.0,0.0,65.2,0,110,53,33,65476,0,300,0,0,8,20529,65476,0,0,2621,60.0,0.0,0.0,0.0,0.0,0.0
2026-07-09T15:48:17,ERR,ERR,ERR,ERR,ERR,ERR,ERR,ERR,ERR,ERR,ERR,ERR,ERR,ERR,ERR,ERR,ERR,ERR,ERR,ERR,ERR,ERR,ERR,ERR,ERR,ERR,ERR,ERR,ERR,ERR,ERR,ERR,ERR,ERR,ERR,ERR,ERR,ERR,ERR,ERR,ERR,ERR,ERR,ERR,ERR,ERR,ERR,ERR,ERR,ERR,ERR,ERR,ERR,ERR,ERR,ERR,ERR,ERR,ERR,ERR,ERR,ERR,ERR,ERR,ERR,ERR,ERR,ERR,ERR,ERR,ERR,ERR,ERR,ERR,ERR,ERR,ERR,ERR,ERR,ERR,ERR,ERR,ERR,ERR,ERR,ERR,ERR,ERR,ERR,ERR,ERR,ERR,ERR,ERR,ERR,ERR,ERR,ERR,ERR,ERR,ERR,ERR,ERR,ERR,ERR,ERR,ERR,ERR,ERR,ERR,ERR,ERR,ERR,ERR,ERR,ERR,ERR,ERR,ERR,ERR,ERR,ERR,ERR,ERR,ERR,0.0,-0.0,0.0,2.7183478752108883e+23,0.0,4268211.0,-19966898208768.0,0.0,0,0,4,17300,7116,0.0,100,0.0,0.0,2.7183478752108883e+23,0.0,0.0,0,0,0,0,0.0,0,0,0,0,0,0,0,0,0,0,0,0,0,0,0,0,0,0,0,0,0,0,0,0,0,0,0,0,0,0,0,0,0,31,40,40,71,65476,0,300,0,0,8,21553,0.0,-107605600.0,0.0,0.0,0.0,0.0,0.0,0.0,0.0,0.0,0.0,0.0,0.0,0.0,0.0,0.0,0.0,0.0,0.0,0.0,0.0,0.0,2.004,-0.0,0.0,0.0,0.0,0.0,0.0,0.0,5324.0,-0.0,6929.0,0.0,2.7184431713790035e+23,2.004,2.004,0.0,0.0,0.0,0.0,69,-0.0,0.0,0.0,0.0,0.0,0.0,0.0,0.0,0.0,0,0,0,0.0,0.0,0.0,0.0,0.0,0.0,0.0,0.0,0.0,0.0,0.0,0.0,0.0,0.0,0.0,0.0,0,-107875648.0,69,0.0,138,0.0,2.012,ERR,ERR,ERR,ERR,ERR,ERR,ERR,ERR,ERR,ERR,ERR,ERR,ERR,ERR,ERR,ERR,ERR,ERR,ERR,ERR,ERR,ERR,ERR,ERR,ERR,ERR,ERR,ERR,ERR,ERR,ERR,ERR,ERR,ERR,ERR,ERR,ERR,ERR,ERR,ERR,ERR,ERR,ERR,ERR,ERR,ERR,ERR,ERR,ERR,ERR,ERR,ERR,ERR,ERR,ERR,ERR,ERR,ERR,ERR,ERR,ERR,ERR,ERR,ERR,ERR,ERR,ERR,60.0,60.0,35,0.0,0.0,0.0,0.0,0.0,0.0,0.0,0.0,0.0,0.0,0.0,0.0,0.0,0.0,0.0,0.0,65.2,0,110,53,33,65476,0,300,0,0,8,20529,65476,0,0,2621,60.0,0.0,0.0,0.0,0.0,0.0
2026-07-09T15:48:18,ERR,ERR,ERR,ERR,ERR,ERR,ERR,ERR,ERR,ERR,ERR,ERR,ERR,ERR,ERR,ERR,ERR,ERR,ERR,ERR,ERR,ERR,ERR,ERR,ERR,ERR,ERR,ERR,ERR,ERR,ERR,ERR,ERR,ERR,ERR,ERR,ERR,ERR,ERR,ERR,ERR,ERR,ERR,ERR,ERR,ERR,ERR,ERR,ERR,ERR,ERR,ERR,ERR,ERR,ERR,ERR,ERR,ERR,ERR,ERR,ERR,ERR,ERR,ERR,ERR,ERR,ERR,ERR,ERR,ERR,ERR,ERR,ERR,ERR,ERR,ERR,ERR,ERR,ERR,ERR,ERR,ERR,ERR,ERR,ERR,ERR,ERR,ERR,ERR,ERR,ERR,ERR,ERR,ERR,ERR,ERR,ERR,ERR,ERR,ERR,ERR,ERR,ERR,ERR,ERR,ERR,ERR,ERR,ERR,ERR,ERR,ERR,ERR,ERR,ERR,ERR,ERR,ERR,ERR,ERR,ERR,ERR,ERR,ERR,ERR,0.0,-0.0,0.0,2.7183478752108883e+23,0.0,4268211.0,-19966898208768.0,0.0,0,0,4,17300,7116,0.0,100,0.0,0.0,2.7183478752108883e+23,0.0,0.0,0,0,0,0,0.0,0,0,0,0,0,0,0,0,0,0,0,0,0,0,0,0,0,0,0,0,0,0,0,0,0,0,0,0,0,0,0,0,0,31,40,40,71,65476,0,300,0,0,8,21553,0.0,-107605600.0,0.0,0.0,0.0,0.0,0.0,0.0,0.0,0.0,0.0,0.0,0.0,0.0,0.0,0.0,0.0,0.0,0.0,0.0,0.0,0.0,2.004,-0.0,0.0,0.0,0.0,0.0,0.0,0.0,5324.0,-0.0,6929.0,0.0,2.7184431713790035e+23,2.004,2.004,0.0,0.0,0.0,0.0,69,-0.0,0.0,0.0,0.0,0.0,0.0,0.0,0.0,0.0,0,0,0,0.0,0.0,0.0,0.0,0.0,0.0,0.0,0.0,0.0,0.0,0.0,0.0,0.0,0.0,0.0,0.0,0,-107875648.0,69,0.0,138,0.0,2.012,ERR,ERR,ERR,ERR,ERR,ERR,ERR,ERR,ERR,ERR,ERR,ERR,ERR,ERR,ERR,ERR,ERR,ERR,ERR,ERR,ERR,ERR,ERR,ERR,ERR,ERR,ERR,ERR,ERR,ERR,ERR,ERR,ERR,ERR,ERR,ERR,ERR,ERR,ERR,ERR,ERR,ERR,ERR,ERR,ERR,ERR,ERR,ERR,ERR,ERR,ERR,ERR,ERR,ERR,ERR,ERR,ERR,ERR,ERR,ERR,ERR,ERR,ERR,ERR,ERR,ERR,ERR,60.0,60.0,35,0.0,0.0,0.0,0.0,0.0,0.0,0.0,0.0,0.0,0.0,0.0,0.0,0.0,0.0,0.0,0.0,65.2,0,110,53,33,65476,0,300,0,0,8,20529,65476,0,0,2621,60.0,0.0,0.0,0.0,0.0,0.0
2026-07-09T15:48:19,ERR,ERR,ERR,ERR,ERR,ERR,ERR,ERR,ERR,ERR,ERR,ERR,ERR,ERR,ERR,ERR,ERR,ERR,ERR,ERR,ERR,ERR,ERR,ERR,ERR,ERR,ERR,ERR,ERR,ERR,ERR,ERR,ERR,ERR,ERR,ERR,ERR,ERR,ERR,ERR,ERR,ERR,ERR,ERR,ERR,ERR,ERR,ERR,ERR,ERR,ERR,ERR,ERR,ERR,ERR,ERR,ERR,ERR,ERR,ERR,ERR,ERR,ERR,ERR,ERR,ERR,ERR,ERR,ERR,ERR,ERR,ERR,ERR,ERR,ERR,ERR,ERR,ERR,ERR,ERR,ERR,ERR,ERR,ERR,ERR,ERR,ERR,ERR,ERR,ERR,ERR,ERR,ERR,ERR,ERR,ERR,ERR,ERR,ERR,ERR,ERR,ERR,ERR,ERR,ERR,ERR,ERR,ERR,ERR,ERR,ERR,ERR,ERR,ERR,ERR,ERR,ERR,ERR,ERR,ERR,ERR,ERR,ERR,ERR,ERR,0.0,0.0,2.7184152490613138e+23,-0.0,-3.546967512522592e+21,-0.0,-2.9126045309065453e+29,0.195,0,0,4,17298,7116,0.0,100,0.0,0.0,-0.0,0.0,0.0,0,0,0,0,0.0,0,0,0,0,0,0,0,0,0,0,0,0,0,0,0,0,0,0,0,0,0,0,0,0,0,0,0,0,0,0,0,0,0,31,40,40,71,65476,0,300,0,0,8,21553,0.0,-107605600.0,0.0,0.0,0.0,0.0,0.0,0.0,0.0,0.0,0.0,0.0,0.0,0.0,0.0,0.0,0.0,0.0,0.0,0.0,0.0,0.0,2.004,-0.0,0.0,0.0,0.0,0.0,0.0,0.0,5318.0,-0.0,6929.0,0.0,2.7184431713790035e+23,2.004,2.004,0.0,0.0,0.0,0.0,69,4.066857813697059e+29,0.0,0.0,0.0,0.0,0.0,0.0,0.0,0.0,0,0,0,0.0,0.0,0.0,0.0,0.0,0.0,0.0,0.0,0.0,0.0,0.0,0.0,0.0,0.0,0.0,0.0,0,-107875648.0,69,0.0,138,0.0,2.012,ERR,ERR,ERR,ERR,ERR,ERR,ERR,ERR,ERR,ERR,ERR,ERR,ERR,ERR,ERR,ERR,ERR,ERR,ERR,ERR,ERR,ERR,ERR,ERR,ERR,ERR,ERR,ERR,ERR,ERR,ERR,ERR,ERR,ERR,ERR,ERR,ERR,ERR,ERR,ERR,ERR,ERR,ERR,ERR,ERR,ERR,ERR,ERR,ERR,ERR,ERR,ERR,ERR,ERR,ERR,ERR,ERR,ERR,ERR,ERR,ERR,ERR,ERR,ERR,ERR,ERR,ERR,60.0,60.0,35,0.0,0.0,0.0,0.0,0.0,0.0,0.0,0.0,0.0,0.0,0.0,0.0,0.0,0.0,0.0,0.0,65.2,0,110,53,33,65476,0,300,0,0,8,20529,65476,0,0,2621,60.0,0.0,0.0,0.0,0.0,0.0
2026-07-09T15:48:20,ERR,ERR,ERR,ERR,ERR,ERR,ERR,ERR,ERR,ERR,ERR,ERR,ERR,ERR,ERR,ERR,ERR,ERR,ERR,ERR,ERR,ERR,ERR,ERR,ERR,ERR,ERR,ERR,ERR,ERR,ERR,ERR,ERR,ERR,ERR,ERR,ERR,ERR,ERR,ERR,ERR,ERR,ERR,ERR,ERR,ERR,ERR,ERR,ERR,ERR,ERR,ERR,ERR,ERR,ERR,ERR,ERR,ERR,ERR,ERR,ERR,ERR,ERR,ERR,ERR,ERR,ERR,ERR,ERR,ERR,ERR,ERR,ERR,ERR,ERR,ERR,ERR,ERR,ERR,ERR,ERR,ERR,ERR,ERR,ERR,ERR,ERR,ERR,ERR,ERR,ERR,ERR,ERR,ERR,ERR,ERR,ERR,ERR,ERR,ERR,ERR,ERR,ERR,ERR,ERR,ERR,ERR,ERR,ERR,ERR,ERR,ERR,ERR,ERR,ERR,ERR,ERR,ERR,ERR,ERR,ERR,ERR,ERR,ERR,ERR,0.0,0.0,2.7184152490613138e+23,-0.0,-3.546967512522592e+21,-0.0,-2.9126045309065453e+29,0.195,0,0,4,17298,7116,0.0,100,0.0,0.0,-0.0,0.0,0.0,0,0,0,0,0.0,0,0,0,0,0,0,0,0,0,0,0,0,0,0,0,0,0,0,0,0,0,0,0,0,0,0,0,0,0,0,0,0,0,31,40,40,71,65476,0,300,0,0,8,21553,0.0,-107605600.0,0.0,0.0,0.0,0.0,0.0,0.0,0.0,0.0,0.0,0.0,0.0,0.0,0.0,0.0,0.0,0.0,0.0,0.0,0.0,0.0,2.004,-0.0,0.0,0.0,0.0,0.0,0.0,0.0,5318.0,-0.0,6929.0,0.0,2.7184431713790035e+23,2.004,2.004,0.0,0.0,0.0,0.0,69,4.066857813697059e+29,0.0,0.0,0.0,0.0,0.0,0.0,0.0,0.0,0,0,0,0.0,0.0,0.0,0.0,0.0,0.0,0.0,0.0,0.0,0.0,0.0,0.0,0.0,0.0,0.0,0.0,0,-107875648.0,69,0.0,138,0.0,2.012,ERR,ERR,ERR,ERR,ERR,ERR,ERR,ERR,ERR,ERR,ERR,ERR,ERR,ERR,ERR,ERR,ERR,ERR,ERR,ERR,ERR,ERR,ERR,ERR,ERR,ERR,ERR,ERR,ERR,ERR,ERR,ERR,ERR,ERR,ERR,ERR,ERR,ERR,ERR,ERR,ERR,ERR,ERR,ERR,ERR,ERR,ERR,ERR,ERR,ERR,ERR,ERR,ERR,ERR,ERR,ERR,ERR,ERR,ERR,ERR,ERR,ERR,ERR,ERR,ERR,ERR,ERR,60.0,60.0,35,0.0,0.0,0.0,0.0,0.0,0.0,0.0,0.0,0.0,0.0,0.0,0.0,0.0,0.0,0.0,0.0,65.2,0,110,53,33,65476,0,300,0,0,8,20529,65476,0,0,2621,60.0,0.0,0.0,0.0,0.0,0.0
2026-07-09T15:48:21,ERR,ERR,ERR,ERR,ERR,ERR,ERR,ERR,ERR,ERR,ERR,ERR,ERR,ERR,ERR,ERR,ERR,ERR,ERR,ERR,ERR,ERR,ERR,ERR,ERR,ERR,ERR,ERR,ERR,ERR,ERR,ERR,ERR,ERR,ERR,ERR,ERR,ERR,ERR,ERR,ERR,ERR,ERR,ERR,ERR,ERR,ERR,ERR,ERR,ERR,ERR,ERR,ERR,ERR,ERR,ERR,ERR,ERR,ERR,ERR,ERR,ERR,ERR,ERR,ERR,ERR,ERR,ERR,ERR,ERR,ERR,ERR,ERR,ERR,ERR,ERR,ERR,ERR,ERR,ERR,ERR,ERR,ERR,ERR,ERR,ERR,ERR,ERR,ERR,ERR,ERR,ERR,ERR,ERR,ERR,ERR,ERR,ERR,ERR,ERR,ERR,ERR,ERR,ERR,ERR,ERR,ERR,ERR,ERR,ERR,ERR,ERR,ERR,ERR,ERR,ERR,ERR,ERR,ERR,ERR,ERR,ERR,ERR,ERR,ERR,0.0,0.0,2.7184152490613138e+23,-0.0,-3.546967512522592e+21,-0.0,-2.9126045309065453e+29,0.195,0,0,4,17298,7116,0.0,100,0.0,0.0,-0.0,0.0,0.0,0,0,0,0,0.0,0,0,0,0,0,0,0,0,0,0,0,0,0,0,0,0,0,0,0,0,0,0,0,0,0,0,0,0,0,0,0,0,0,31,40,40,71,65476,0,300,0,0,8,21553,0.0,-107605600.0,0.0,0.0,0.0,0.0,0.0,0.0,0.0,0.0,0.0,0.0,0.0,0.0,0.0,0.0,0.0,0.0,0.0,0.0,0.0,0.0,2.004,-0.0,0.0,0.0,0.0,0.0,0.0,0.0,5318.0,-0.0,6929.0,0.0,2.7184431713790035e+23,2.004,2.004,0.0,0.0,0.0,0.0,69,4.066857813697059e+29,0.0,0.0,0.0,0.0,0.0,0.0,0.0,0.0,0,0,0,0.0,0.0,0.0,0.0,0.0,0.0,0.0,0.0,0.0,0.0,0.0,0.0,0.0,0.0,0.0,0.0,0,-107875648.0,69,0.0,138,0.0,2.012,ERR,ERR,ERR,ERR,ERR,ERR,ERR,ERR,ERR,ERR,ERR,ERR,ERR,ERR,ERR,ERR,ERR,ERR,ERR,ERR,ERR,ERR,ERR,ERR,ERR,ERR,ERR,ERR,ERR,ERR,ERR,ERR,ERR,ERR,ERR,ERR,ERR,ERR,ERR,ERR,ERR,ERR,ERR,ERR,ERR,ERR,ERR,ERR,ERR,ERR,ERR,ERR,ERR,ERR,ERR,ERR,ERR,ERR,ERR,ERR,ERR,ERR,ERR,ERR,ERR,ERR,ERR,60.0,60.0,35,0.0,0.0,0.0,0.0,0.0,0.0,0.0,0.0,0.0,0.0,0.0,0.0,0.0,0.0,0.0,0.0,65.6,0,110,53,33,65476,0,300,0,0,8,20529,65476,0,0,2621,60.0,0.0,0.0,0.0,0.0,0.0
2026-07-09T15:48:22,ERR,ERR,ERR,ERR,ERR,ERR,ERR,ERR,ERR,ERR,ERR,ERR,ERR,ERR,ERR,ERR,ERR,ERR,ERR,ERR,ERR,ERR,ERR,ERR,ERR,ERR,ERR,ERR,ERR,ERR,ERR,ERR,ERR,ERR,ERR,ERR,ERR,ERR,ERR,ERR,ERR,ERR,ERR,ERR,ERR,ERR,ERR,ERR,ERR,ERR,ERR,ERR,ERR,ERR,ERR,ERR,ERR,ERR,ERR,ERR,ERR,ERR,ERR,ERR,ERR,ERR,ERR,ERR,ERR,ERR,ERR,ERR,ERR,ERR,ERR,ERR,ERR,ERR,ERR,ERR,ERR,ERR,ERR,ERR,ERR,ERR,ERR,ERR,ERR,ERR,ERR,ERR,ERR,ERR,ERR,ERR,ERR,ERR,ERR,ERR,ERR,ERR,ERR,ERR,ERR,ERR,ERR,ERR,ERR,ERR,ERR,ERR,ERR,ERR,ERR,ERR,ERR,ERR,ERR,ERR,ERR,ERR,ERR,ERR,ERR,0.0,0.0,2.7184152490613138e+23,-0.0,-3.546967512522592e+21,-0.0,-2.9126045309065453e+29,0.195,0,0,4,17298,7116,0.0,100,0.0,0.0,-0.0,0.0,0.0,0,0,0,0,0.0,0,0,0,0,0,0,0,0,0,0,0,0,0,0,0,0,0,0,0,0,0,0,0,0,0,0,0,0,0,0,0,0,0,31,40,40,71,65476,0,300,0,0,8,21553,0.0,-107605600.0,0.0,0.0,0.0,0.0,0.0,0.0,0.0,0.0,0.0,0.0,0.0,0.0,0.0,0.0,0.0,0.0,0.0,0.0,0.0,0.0,2.004,-0.0,0.0,0.0,0.0,0.0,0.0,0.0,5318.0,-0.0,6929.0,0.0,2.7184431713790035e+23,2.004,2.004,0.0,0.0,0.0,0.0,69,4.066857813697059e+29,0.0,0.0,0.0,0.0,0.0,0.0,0.0,0.0,0,0,0,0.0,0.0,0.0,0.0,0.0,0.0,0.0,0.0,0.0,0.0,0.0,0.0,0.0,0.0,0.0,0.0,0,-107875648.0,69,0.0,138,0.0,2.012,ERR,ERR,ERR,ERR,ERR,ERR,ERR,ERR,ERR,ERR,ERR,ERR,ERR,ERR,ERR,ERR,ERR,ERR,ERR,ERR,ERR,ERR,ERR,ERR,ERR,ERR,ERR,ERR,ERR,ERR,ERR,ERR,ERR,ERR,ERR,ERR,ERR,ERR,ERR,ERR,ERR,ERR,ERR,ERR,ERR,ERR,ERR,ERR,ERR,ERR,ERR,ERR,ERR,ERR,ERR,ERR,ERR,ERR,ERR,ERR,ERR,ERR,ERR,ERR,ERR,ERR,ERR,60.0,60.0,35,0.0,0.0,0.0,0.0,0.0,0.0,0.0,0.0,0.0,0.0,0.0,0.0,0.0,0.0,0.0,0.0,65.6,0,110,53,33,65476,0,300,0,0,8,20529,65476,0,0,2621,60.0,0.0,0.0,0.0,0.0,0.0
2026-07-09T15:48:23,ERR,ERR,ERR,ERR,ERR,ERR,ERR,ERR,ERR,ERR,ERR,ERR,ERR,ERR,ERR,ERR,ERR,ERR,ERR,ERR,ERR,ERR,ERR,ERR,ERR,ERR,ERR,ERR,ERR,ERR,ERR,ERR,ERR,ERR,ERR,ERR,ERR,ERR,ERR,ERR,ERR,ERR,ERR,ERR,ERR,ERR,ERR,ERR,ERR,ERR,ERR,ERR,ERR,ERR,ERR,ERR,ERR,ERR,ERR,ERR,ERR,ERR,ERR,ERR,ERR,ERR,ERR,ERR,ERR,ERR,ERR,ERR,ERR,ERR,ERR,ERR,ERR,ERR,ERR,ERR,ERR,ERR,ERR,ERR,ERR,ERR,ERR,ERR,ERR,ERR,ERR,ERR,ERR,ERR,ERR,ERR,ERR,ERR,ERR,ERR,ERR,ERR,ERR,ERR,ERR,ERR,ERR,ERR,ERR,ERR,ERR,ERR,ERR,ERR,ERR,ERR,ERR,ERR,ERR,ERR,ERR,ERR,ERR,ERR,ERR,0.0,0.0,2.7184152490613138e+23,-0.0,-3.546967512522592e+21,-0.0,-2.9126045309065453e+29,0.195,0,0,4,17298,7116,0.0,100,0.0,0.0,-0.0,0.0,0.0,0,0,0,0,0.0,0,0,0,0,0,0,0,0,0,0,0,0,0,0,0,0,0,0,0,0,0,0,0,0,0,0,0,0,0,0,0,0,0,31,40,40,71,65476,0,300,0,0,8,21553,0.0,-107605600.0,0.0,0.0,0.0,0.0,0.0,0.0,0.0,0.0,0.0,0.0,0.0,0.0,0.0,0.0,0.0,0.0,0.0,0.0,0.0,0.0,2.004,-0.0,0.0,0.0,0.0,0.0,0.0,0.0,5318.0,-0.0,6929.0,0.0,2.7184431713790035e+23,2.004,2.004,0.0,0.0,0.0,0.0,69,4.066857813697059e+29,0.0,0.0,0.0,0.0,0.0,0.0,0.0,0.0,0,0,0,0.0,0.0,0.0,0.0,0.0,0.0,0.0,0.0,0.0,0.0,0.0,0.0,0.0,0.0,0.0,0.0,0,-107875648.0,69,0.0,138,0.0,2.012,ERR,ERR,ERR,ERR,ERR,ERR,ERR,ERR,ERR,ERR,ERR,ERR,ERR,ERR,ERR,ERR,ERR,ERR,ERR,ERR,ERR,ERR,ERR,ERR,ERR,ERR,ERR,ERR,ERR,ERR,ERR,ERR,ERR,ERR,ERR,ERR,ERR,ERR,ERR,ERR,ERR,ERR,ERR,ERR,ERR,ERR,ERR,ERR,ERR,ERR,ERR,ERR,ERR,ERR,ERR,ERR,ERR,ERR,ERR,ERR,ERR,ERR,ERR,ERR,ERR,ERR,ERR,60.0,60.0,35,0.0,0.0,0.0,0.0,0.0,0.0,0.0,0.0,0.0,0.0,0.0,0.0,0.0,0.0,0.0,0.0,65.2,0,110,53,33,65476,0,300,0,0,8,20529,65476,0,0,2621,60.0,0.0,0.0,0.0,0.0,0.0
2026-07-09T15:48:24,ERR,ERR,ERR,ERR,ERR,ERR,ERR,ERR,ERR,ERR,ERR,ERR,ERR,ERR,ERR,ERR,ERR,ERR,ERR,ERR,ERR,ERR,ERR,ERR,ERR,ERR,ERR,ERR,ERR,ERR,ERR,ERR,ERR,ERR,ERR,ERR,ERR,ERR,ERR,ERR,ERR,ERR,ERR,ERR,ERR,ERR,ERR,ERR,ERR,ERR,ERR,ERR,ERR,ERR,ERR,ERR,ERR,ERR,ERR,ERR,ERR,ERR,ERR,ERR,ERR,ERR,ERR,ERR,ERR,ERR,ERR,ERR,ERR,ERR,ERR,ERR,ERR,ERR,ERR,ERR,ERR,ERR,ERR,ERR,ERR,ERR,ERR,ERR,ERR,ERR,ERR,ERR,ERR,ERR,ERR,ERR,ERR,ERR,ERR,ERR,ERR,ERR,ERR,ERR,ERR,ERR,ERR,ERR,ERR,ERR,ERR,ERR,ERR,ERR,ERR,ERR,ERR,ERR,ERR,ERR,ERR,ERR,ERR,ERR,ERR,2.718424976836509e+23,-107615928.0,0.0,0.0,-8.913532826740987e+20,1.0522347078817099e+23,-0.0,371722048.0,0,0,4,17296,7116,0.0,100,0.0,0.0,2.7183478752108883e+23,0.0,0.0,0,0,0,0,0.0,0,0,0,0,0,0,0,0,0,0,0,0,0,0,0,0,0,0,0,0,0,0,0,0,0,0,0,0,0,0,0,0,0,31,40,40,71,65476,0,300,0,0,8,21553,0.0,-107605600.0,0.0,0.0,0.0,0.0,0.0,0.0,0.0,0.0,0.0,0.0,0.0,0.0,0.0,0.0,0.0,0.0,0.0,0.0,0.0,0.0,-0.0,0.0,0.0,0.0,0.0,0.0,0.0,0.0,5317.0,-0.0,6934.0,2.718424976836509e+23,0.0,2.004,2.004,0.0,0.0,0.0,0.0,69,2.718419392372971e+23,1.9056881561501696e+17,0.0,0.0,0.0,0.0,0.0,0.0,0.0,0,0,0,0.0,0.0,0.0,0.0,0.0,0.0,0.0,0.0,0.0,0.0,0.0,0.0,0.0,0.0,0.0,0.0,0,-107875648.0,69,0.0,138,0.0,2.012,ERR,ERR,ERR,ERR,ERR,ERR,ERR,ERR,ERR,ERR,ERR,ERR,ERR,ERR,ERR,ERR,ERR,ERR,ERR,ERR,ERR,ERR,ERR,ERR,ERR,ERR,ERR,ERR,ERR,ERR,ERR,ERR,ERR,ERR,ERR,ERR,ERR,ERR,ERR,ERR,ERR,ERR,ERR,ERR,ERR,ERR,ERR,ERR,ERR,ERR,ERR,ERR,ERR,ERR,ERR,ERR,ERR,ERR,ERR,ERR,ERR,ERR,ERR,ERR,ERR,ERR,ERR,60.0,60.0,35,0.0,0.0,0.0,0.0,0.0,0.0,0.0,0.0,0.0,0.0,0.0,0.0,0.0,0.0,0.0,0.0,65.2,0,110,53,33,65476,0,300,0,0,8,20529,65476,0,0,2621,60.0,0.0,0.0,0.0,0.0,0.0
2026-07-09T15:48:25,ERR,ERR,ERR,ERR,ERR,ERR,ERR,ERR,ERR,ERR,ERR,ERR,ERR,ERR,ERR,ERR,ERR,ERR,ERR,ERR,ERR,ERR,ERR,ERR,ERR,ERR,ERR,ERR,ERR,ERR,ERR,ERR,ERR,ERR,ERR,ERR,ERR,ERR,ERR,ERR,ERR,ERR,ERR,ERR,ERR,ERR,ERR,ERR,ERR,ERR,ERR,ERR,ERR,ERR,ERR,ERR,ERR,ERR,ERR,ERR,ERR,ERR,ERR,ERR,ERR,ERR,ERR,ERR,ERR,ERR,ERR,ERR,ERR,ERR,ERR,ERR,ERR,ERR,ERR,ERR,ERR,ERR,ERR,ERR,ERR,ERR,ERR,ERR,ERR,ERR,ERR,ERR,ERR,ERR,ERR,ERR,ERR,ERR,ERR,ERR,ERR,ERR,ERR,ERR,ERR,ERR,ERR,ERR,ERR,ERR,ERR,ERR,ERR,ERR,ERR,ERR,ERR,ERR,ERR,ERR,ERR,ERR,ERR,ERR,ERR,2.718424976836509e+23,-107615928.0,0.0,0.0,-8.913532826740987e+20,1.0522347078817099e+23,-0.0,371722048.0,0,0,4,17296,7116,0.0,100,0.0,0.0,2.7183478752108883e+23,0.0,0.0,0,0,0,0,0.0,0,0,0,0,0,0,0,0,0,0,0,0,0,0,0,0,0,0,0,0,0,0,0,0,0,0,0,0,0,0,0,0,0,31,40,40,71,65476,0,300,0,0,8,21553,0.0,-107605600.0,0.0,0.0,0.0,0.0,0.0,0.0,0.0,0.0,0.0,0.0,0.0,0.0,0.0,0.0,0.0,0.0,0.0,0.0,0.0,0.0,-0.0,0.0,0.0,0.0,0.0,0.0,0.0,0.0,5317.0,-0.0,6934.0,2.718424976836509e+23,0.0,2.004,2.004,0.0,0.0,0.0,0.0,69,2.718419392372971e+23,1.9056881561501696e+17,0.0,0.0,0.0,0.0,0.0,0.0,0.0,0,0,0,0.0,0.0,0.0,0.0,0.0,0.0,0.0,0.0,0.0,0.0,0.0,0.0,0.0,0.0,0.0,0.0,0,-107875648.0,69,0.0,138,0.0,2.012,ERR,ERR,ERR,ERR,ERR,ERR,ERR,ERR,ERR,ERR,ERR,ERR,ERR,ERR,ERR,ERR,ERR,ERR,ERR,ERR,ERR,ERR,ERR,ERR,ERR,ERR,ERR,ERR,ERR,ERR,ERR,ERR,ERR,ERR,ERR,ERR,ERR,ERR,ERR,ERR,ERR,ERR,ERR,ERR,ERR,ERR,ERR,ERR,ERR,ERR,ERR,ERR,ERR,ERR,ERR,ERR,ERR,ERR,ERR,ERR,ERR,ERR,ERR,ERR,ERR,ERR,ERR,60.0,60.0,35,0.0,0.0,0.0,0.0,0.0,0.0,0.0,0.0,0.0,0.0,0.0,0.0,0.0,0.0,0.0,0.0,65.2,0,110,53,33,65476,0,300,0,0,8,20529,65476,0,0,2621,60.0,0.0,0.0,0.0,0.0,0.0
2026-07-09T15:48:26,ERR,ERR,ERR,ERR,ERR,ERR,ERR,ERR,ERR,ERR,ERR,ERR,ERR,ERR,ERR,ERR,ERR,ERR,ERR,ERR,ERR,ERR,ERR,ERR,ERR,ERR,ERR,ERR,ERR,ERR,ERR,ERR,ERR,ERR,ERR,ERR,ERR,ERR,ERR,ERR,ERR,ERR,ERR,ERR,ERR,ERR,ERR,ERR,ERR,ERR,ERR,ERR,ERR,ERR,ERR,ERR,ERR,ERR,ERR,ERR,ERR,ERR,ERR,ERR,ERR,ERR,ERR,ERR,ERR,ERR,ERR,ERR,ERR,ERR,ERR,ERR,ERR,ERR,ERR,ERR,ERR,ERR,ERR,ERR,ERR,ERR,ERR,ERR,ERR,ERR,ERR,ERR,ERR,ERR,ERR,ERR,ERR,ERR,ERR,ERR,ERR,ERR,ERR,ERR,ERR,ERR,ERR,ERR,ERR,ERR,ERR,ERR,ERR,ERR,ERR,ERR,ERR,ERR,ERR,ERR,ERR,ERR,ERR,ERR,ERR,2.718424976836509e+23,-107615928.0,0.0,0.0,-8.913532826740987e+20,1.0522347078817099e+23,-0.0,371722048.0,0,0,4,17296,7116,0.0,100,0.0,0.0,2.7183478752108883e+23,0.0,0.0,0,0,0,0,0.0,0,0,0,0,0,0,0,0,0,0,0,0,0,0,0,0,0,0,0,0,0,0,0,0,0,0,0,0,0,0,0,0,0,31,40,40,71,65476,0,300,0,0,8,21553,0.0,-107605600.0,0.0,0.0,0.0,0.0,0.0,0.0,0.0,0.0,0.0,0.0,0.0,0.0,0.0,0.0,0.0,0.0,0.0,0.0,0.0,0.0,-0.0,0.0,0.0,0.0,0.0,0.0,0.0,0.0,5317.0,-0.0,6934.0,2.718424976836509e+23,0.0,2.004,2.004,0.0,0.0,0.0,0.0,69,2.718419392372971e+23,1.9056881561501696e+17,0.0,0.0,0.0,0.0,0.0,0.0,0.0,0,0,0,0.0,0.0,0.0,0.0,0.0,0.0,0.0,0.0,0.0,0.0,0.0,0.0,0.0,0.0,0.0,0.0,0,-107875648.0,69,0.0,138,0.0,2.012,ERR,ERR,ERR,ERR,ERR,ERR,ERR,ERR,ERR,ERR,ERR,ERR,ERR,ERR,ERR,ERR,ERR,ERR,ERR,ERR,ERR,ERR,ERR,ERR,ERR,ERR,ERR,ERR,ERR,ERR,ERR,ERR,ERR,ERR,ERR,ERR,ERR,ERR,ERR,ERR,ERR,ERR,ERR,ERR,ERR,ERR,ERR,ERR,ERR,ERR,ERR,ERR,ERR,ERR,ERR,ERR,ERR,ERR,ERR,ERR,ERR,ERR,ERR,ERR,ERR,ERR,ERR,60.0,60.0,35,0.0,0.0,0.0,0.0,0.0,0.0,0.0,0.0,0.0,0.0,0.0,0.0,0.0,0.0,0.0,0.0,65.2,0,110,53,33,65476,0,300,0,0,8,20529,65476,0,0,2621,60.0,0.0,0.0,0.0,0.0,0.0
2026-07-09T15:48:27,ERR,ERR,ERR,ERR,ERR,ERR,ERR,ERR,ERR,ERR,ERR,ERR,ERR,ERR,ERR,ERR,ERR,ERR,ERR,ERR,ERR,ERR,ERR,ERR,ERR,ERR,ERR,ERR,ERR,ERR,ERR,ERR,ERR,ERR,ERR,ERR,ERR,ERR,ERR,ERR,ERR,ERR,ERR,ERR,ERR,ERR,ERR,ERR,ERR,ERR,ERR,ERR,ERR,ERR,ERR,ERR,ERR,ERR,ERR,ERR,ERR,ERR,ERR,ERR,ERR,ERR,ERR,ERR,ERR,ERR,ERR,ERR,ERR,ERR,ERR,ERR,ERR,ERR,ERR,ERR,ERR,ERR,ERR,ERR,ERR,ERR,ERR,ERR,ERR,ERR,ERR,ERR,ERR,ERR,ERR,ERR,ERR,ERR,ERR,ERR,ERR,ERR,ERR,ERR,ERR,ERR,ERR,ERR,ERR,ERR,ERR,ERR,ERR,ERR,ERR,ERR,ERR,ERR,ERR,ERR,ERR,ERR,ERR,ERR,ERR,2.718424976836509e+23,-107615928.0,0.0,0.0,-8.913532826740987e+20,1.0522347078817099e+23,-0.0,371722048.0,0,0,4,17296,7116,0.0,100,0.0,0.0,2.7183478752108883e+23,0.0,0.0,0,0,0,0,0.0,0,0,0,0,0,0,0,0,0,0,0,0,0,0,0,0,0,0,0,0,0,0,0,0,0,0,0,0,0,0,0,0,0,31,40,40,71,65476,0,300,0,0,8,21553,0.0,-107605600.0,0.0,0.0,0.0,0.0,0.0,0.0,0.0,0.0,0.0,0.0,0.0,0.0,0.0,0.0,0.0,0.0,0.0,0.0,0.0,0.0,-0.0,0.0,0.0,0.0,0.0,0.0,0.0,0.0,5317.0,-0.0,6934.0,2.718424976836509e+23,0.0,2.004,2.004,0.0,0.0,0.0,0.0,69,2.718419392372971e+23,1.9056881561501696e+17,0.0,0.0,0.0,0.0,0.0,0.0,0.0,0,0,0,0.0,0.0,0.0,0.0,0.0,0.0,0.0,0.0,0.0,0.0,0.0,0.0,0.0,0.0,0.0,0.0,0,-107875648.0,69,0.0,138,0.0,2.012,ERR,ERR,ERR,ERR,ERR,ERR,ERR,ERR,ERR,ERR,ERR,ERR,ERR,ERR,ERR,ERR,ERR,ERR,ERR,ERR,ERR,ERR,ERR,ERR,ERR,ERR,ERR,ERR,ERR,ERR,ERR,ERR,ERR,ERR,ERR,ERR,ERR,ERR,ERR,ERR,ERR,ERR,ERR,ERR,ERR,ERR,ERR,ERR,ERR,ERR,ERR,ERR,ERR,ERR,ERR,ERR,ERR,ERR,ERR,ERR,ERR,ERR,ERR,ERR,ERR,ERR,ERR,60.0,60.0,35,0.0,0.0,0.0,0.0,0.0,0.0,0.0,0.0,0.0,0.0,0.0,0.0,0.0,0.0,0.0,0.0,65.2,0,111,53,33,65476,0,300,0,0,8,20529,65476,0,0,2621,60.0,0.0,0.0,0.0,0.0,0.0
2026-07-09T15:48:28,ERR,ERR,ERR,ERR,ERR,ERR,ERR,ERR,ERR,ERR,ERR,ERR,ERR,ERR,ERR,ERR,ERR,ERR,ERR,ERR,ERR,ERR,ERR,ERR,ERR,ERR,ERR,ERR,ERR,ERR,ERR,ERR,ERR,ERR,ERR,ERR,ERR,ERR,ERR,ERR,ERR,ERR,ERR,ERR,ERR,ERR,ERR,ERR,ERR,ERR,ERR,ERR,ERR,ERR,ERR,ERR,ERR,ERR,ERR,ERR,ERR,ERR,ERR,ERR,ERR,ERR,ERR,ERR,ERR,ERR,ERR,ERR,ERR,ERR,ERR,ERR,ERR,ERR,ERR,ERR,ERR,ERR,ERR,ERR,ERR,ERR,ERR,ERR,ERR,ERR,ERR,ERR,ERR,ERR,ERR,ERR,ERR,ERR,ERR,ERR,ERR,ERR,ERR,ERR,ERR,ERR,ERR,ERR,ERR,ERR,ERR,ERR,ERR,ERR,ERR,ERR,ERR,ERR,ERR,ERR,ERR,ERR,ERR,ERR,ERR,2.718424976836509e+23,-0.0,-108138992.0,0.0,0.0,0.0,0.0,1.862701780117645e+19,0,0,4,17298,7116,0.0,100,0.0,0.0,0.0,0.0,0.0,0,0,0,0,0.0,0,0,0,0,0,0,0,0,0,0,0,0,0,0,0,0,0,0,0,0,0,0,0,0,0,0,0,0,0,0,0,0,0,31,40,40,71,65476,0,300,0,0,8,21553,0.0,-107605600.0,0.0,0.0,0.0,0.0,0.0,0.0,0.0,0.0,0.0,0.0,0.0,0.0,0.0,0.0,0.0,0.0,0.0,0.0,0.0,0.0,-0.0,-0.0,0.0,0.0,0.0,0.0,0.0,0.0,5318.0,-0.0,6929.0,2.718424976836509e+23,-107615936.0,2.004,2.004,0.0,0.0,0.0,0.0,69,4.066857813697059e+29,0.0,0.0,0.0,0.0,0.0,0.0,0.0,0.0,0,0,0,0.0,0.0,0.0,0.0,0.0,0.0,0.0,0.0,0.0,0.0,0.0,0.0,0.0,0.0,0.0,0.0,0,-107875648.0,69,0.0,138,0.0,2.012,ERR,ERR,ERR,ERR,ERR,ERR,ERR,ERR,ERR,ERR,ERR,ERR,ERR,ERR,ERR,ERR,ERR,ERR,ERR,ERR,ERR,ERR,ERR,ERR,ERR,ERR,ERR,ERR,ERR,ERR,ERR,ERR,ERR,ERR,ERR,ERR,ERR,ERR,ERR,ERR,ERR,ERR,ERR,ERR,ERR,ERR,ERR,ERR,ERR,ERR,ERR,ERR,ERR,ERR,ERR,ERR,ERR,ERR,ERR,ERR,ERR,ERR,ERR,ERR,ERR,ERR,ERR,60.0,60.0,35,0.0,0.0,0.0,0.0,0.0,0.0,0.0,0.0,0.0,0.0,0.0,0.0,0.0,0.0,0.0,0.0,65.2,0,111,53,33,65476,0,300,0,0,8,20529,65476,0,0,2621,60.0,0.0,0.0,0.0,0.0,0.0
2026-07-09T15:48:29,ERR,ERR,ERR,ERR,ERR,ERR,ERR,ERR,ERR,ERR,ERR,ERR,ERR,ERR,ERR,ERR,ERR,ERR,ERR,ERR,ERR,ERR,ERR,ERR,ERR,ERR,ERR,ERR,ERR,ERR,ERR,ERR,ERR,ERR,ERR,ERR,ERR,ERR,ERR,ERR,ERR,ERR,ERR,ERR,ERR,ERR,ERR,ERR,ERR,ERR,ERR,ERR,ERR,ERR,ERR,ERR,ERR,ERR,ERR,ERR,ERR,ERR,ERR,ERR,ERR,ERR,ERR,ERR,ERR,ERR,ERR,ERR,ERR,ERR,ERR,ERR,ERR,ERR,ERR,ERR,ERR,ERR,ERR,ERR,ERR,ERR,ERR,ERR,ERR,ERR,ERR,ERR,ERR,ERR,ERR,ERR,ERR,ERR,ERR,ERR,ERR,ERR,ERR,ERR,ERR,ERR,ERR,ERR,ERR,ERR,ERR,ERR,ERR,ERR,ERR,ERR,ERR,ERR,ERR,ERR,ERR,ERR,ERR,ERR,ERR,2.718424976836509e+23,-0.0,-108138992.0,0.0,0.0,0.0,0.0,1.862701780117645e+19,0,0,4,17298,7116,0.0,100,0.0,0.0,0.0,0.0,0.0,0,0,0,0,0.0,0,0,0,0,0,0,0,0,0,0,0,0,0,0,0,0,0,0,0,0,0,0,0,0,0,0,0,0,0,0,0,0,0,31,40,40,71,65476,0,300,0,0,8,21553,0.0,-107605600.0,0.0,0.0,0.0,0.0,0.0,0.0,0.0,0.0,0.0,0.0,0.0,0.0,0.0,0.0,0.0,0.0,0.0,0.0,0.0,0.0,-0.0,-0.0,0.0,0.0,0.0,0.0,0.0,0.0,5318.0,-0.0,6929.0,2.718424976836509e+23,-107615936.0,2.004,2.004,0.0,0.0,0.0,0.0,69,4.066857813697059e+29,0.0,0.0,0.0,0.0,0.0,0.0,0.0,0.0,0,0,0,0.0,0.0,0.0,0.0,0.0,0.0,0.0,0.0,0.0,0.0,0.0,0.0,0.0,0.0,0.0,0.0,0,-107875648.0,69,0.0,138,0.0,2.012,ERR,ERR,ERR,ERR,ERR,ERR,ERR,ERR,ERR,ERR,ERR,ERR,ERR,ERR,ERR,ERR,ERR,ERR,ERR,ERR,ERR,ERR,ERR,ERR,ERR,ERR,ERR,ERR,ERR,ERR,ERR,ERR,ERR,ERR,ERR,ERR,ERR,ERR,ERR,ERR,ERR,ERR,ERR,ERR,ERR,ERR,ERR,ERR,ERR,ERR,ERR,ERR,ERR,ERR,ERR,ERR,ERR,ERR,ERR,ERR,ERR,ERR,ERR,ERR,ERR,ERR,ERR,60.0,60.0,35,0.0,0.0,0.0,0.0,0.0,0.0,0.0,0.0,0.0,0.0,0.0,0.0,0.0,0.0,0.0,0.0,65.2,0,111,53,33,65476,0,300,0,0,8,20529,65476,0,0,2621,60.0,0.0,0.0,0.0,0.0,0.0
2026-07-09T15:48:30,ERR,ERR,ERR,ERR,ERR,ERR,ERR,ERR,ERR,ERR,ERR,ERR,ERR,ERR,ERR,ERR,ERR,ERR,ERR,ERR,ERR,ERR,ERR,ERR,ERR,ERR,ERR,ERR,ERR,ERR,ERR,ERR,ERR,ERR,ERR,ERR,ERR,ERR,ERR,ERR,ERR,ERR,ERR,ERR,ERR,ERR,ERR,ERR,ERR,ERR,ERR,ERR,ERR,ERR,ERR,ERR,ERR,ERR,ERR,ERR,ERR,ERR,ERR,ERR,ERR,ERR,ERR,ERR,ERR,ERR,ERR,ERR,ERR,ERR,ERR,ERR,ERR,ERR,ERR,ERR,ERR,ERR,ERR,ERR,ERR,ERR,ERR,ERR,ERR,ERR,ERR,ERR,ERR,ERR,ERR,ERR,ERR,ERR,ERR,ERR,ERR,ERR,ERR,ERR,ERR,ERR,ERR,ERR,ERR,ERR,ERR,ERR,ERR,ERR,ERR,ERR,ERR,ERR,ERR,ERR,ERR,ERR,ERR,ERR,ERR,2.718424976836509e+23,-0.0,-108138992.0,0.0,0.0,0.0,0.0,1.862701780117645e+19,0,0,4,17298,7116,0.0,100,0.0,0.0,0.0,0.0,0.0,0,0,0,0,0.0,0,0,0,0,0,0,0,0,0,0,0,0,0,0,0,0,0,0,0,0,0,0,0,0,0,0,0,0,0,0,0,0,0,31,40,40,71,65476,0,300,0,0,8,21553,0.0,-107605600.0,0.0,0.0,0.0,0.0,0.0,0.0,0.0,0.0,0.0,0.0,0.0,0.0,0.0,0.0,0.0,0.0,0.0,0.0,0.0,0.0,-0.0,-0.0,0.0,0.0,0.0,0.0,0.0,0.0,5318.0,-0.0,6929.0,2.718424976836509e+23,-107615936.0,2.004,2.004,0.0,0.0,0.0,0.0,69,4.066857813697059e+29,0.0,0.0,0.0,0.0,0.0,0.0,0.0,0.0,0,0,0,0.0,0.0,0.0,0.0,0.0,0.0,0.0,0.0,0.0,0.0,0.0,0.0,0.0,0.0,0.0,0.0,0,-107875648.0,69,0.0,138,0.0,2.012,ERR,ERR,ERR,ERR,ERR,ERR,ERR,ERR,ERR,ERR,ERR,ERR,ERR,ERR,ERR,ERR,ERR,ERR,ERR,ERR,ERR,ERR,ERR,ERR,ERR,ERR,ERR,ERR,ERR,ERR,ERR,ERR,ERR,ERR,ERR,ERR,ERR,ERR,ERR,ERR,ERR,ERR,ERR,ERR,ERR,ERR,ERR,ERR,ERR,ERR,ERR,ERR,ERR,ERR,ERR,ERR,ERR,ERR,ERR,ERR,ERR,ERR,ERR,ERR,ERR,ERR,ERR,60.0,60.0,35,0.0,0.0,0.0,0.0,0.0,0.0,0.0,0.0,0.0,0.0,0.0,0.0,0.0,0.0,0.0,0.0,65.2,0,111,53,33,65476,0,300,0,0,8,20529,65476,0,0,2621,60.0,0.0,0.0,0.0,0.0,0.0
2026-07-09T15:48:31,ERR,ERR,ERR,ERR,ERR,ERR,ERR,ERR,ERR,ERR,ERR,ERR,ERR,ERR,ERR,ERR,ERR,ERR,ERR,ERR,ERR,ERR,ERR,ERR,ERR,ERR,ERR,ERR,ERR,ERR,ERR,ERR,ERR,ERR,ERR,ERR,ERR,ERR,ERR,ERR,ERR,ERR,ERR,ERR,ERR,ERR,ERR,ERR,ERR,ERR,ERR,ERR,ERR,ERR,ERR,ERR,ERR,ERR,ERR,ERR,ERR,ERR,ERR,ERR,ERR,ERR,ERR,ERR,ERR,ERR,ERR,ERR,ERR,ERR,ERR,ERR,ERR,ERR,ERR,ERR,ERR,ERR,ERR,ERR,ERR,ERR,ERR,ERR,ERR,ERR,ERR,ERR,ERR,ERR,ERR,ERR,ERR,ERR,ERR,ERR,ERR,ERR,ERR,ERR,ERR,ERR,ERR,ERR,ERR,ERR,ERR,ERR,ERR,ERR,ERR,ERR,ERR,ERR,ERR,ERR,ERR,ERR,ERR,ERR,ERR,2.718424976836509e+23,-0.0,-108138992.0,0.0,0.0,0.0,0.0,1.862701780117645e+19,0,0,4,17298,7116,0.0,100,0.0,0.0,0.0,0.0,0.0,0,0,0,0,0.0,0,0,0,0,0,0,0,0,0,0,0,0,0,0,0,0,0,0,0,0,0,0,0,0,0,0,0,0,0,0,0,0,0,31,40,40,71,65476,0,300,0,0,8,21553,0.0,-107605600.0,0.0,0.0,0.0,0.0,0.0,0.0,0.0,0.0,0.0,0.0,0.0,0.0,0.0,0.0,0.0,0.0,0.0,0.0,0.0,0.0,-0.0,-0.0,0.0,0.0,0.0,0.0,0.0,0.0,5318.0,-0.0,6929.0,2.718424976836509e+23,-107615936.0,2.004,2.004,0.0,0.0,0.0,0.0,69,4.066857813697059e+29,0.0,0.0,0.0,0.0,0.0,0.0,0.0,0.0,0,0,0,0.0,0.0,0.0,0.0,0.0,0.0,0.0,0.0,0.0,0.0,0.0,0.0,0.0,0.0,0.0,0.0,0,-107875648.0,69,0.0,138,0.0,2.012,ERR,ERR,ERR,ERR,ERR,ERR,ERR,ERR,ERR,ERR,ERR,ERR,ERR,ERR,ERR,ERR,ERR,ERR,ERR,ERR,ERR,ERR,ERR,ERR,ERR,ERR,ERR,ERR,ERR,ERR,ERR,ERR,ERR,ERR,ERR,ERR,ERR,ERR,ERR,ERR,ERR,ERR,ERR,ERR,ERR,ERR,ERR,ERR,ERR,ERR,ERR,ERR,ERR,ERR,ERR,ERR,ERR,ERR,ERR,ERR,ERR,ERR,ERR,ERR,ERR,ERR,ERR,60.0,60.0,35,0.0,0.0,0.0,0.0,0.0,0.0,0.0,0.0,0.0,0.0,0.0,0.0,0.0,0.0,0.0,0.0,65.2,0,110,53,33,65476,0,300,0,0,8,20529,65476,0,0,2621,60.0,0.0,0.0,0.0,0.0,0.0
2026-07-09T15:48:32,ERR,ERR,ERR,ERR,ERR,ERR,ERR,ERR,ERR,ERR,ERR,ERR,ERR,ERR,ERR,ERR,ERR,ERR,ERR,ERR,ERR,ERR,ERR,ERR,ERR,ERR,ERR,ERR,ERR,ERR,ERR,ERR,ERR,ERR,ERR,ERR,ERR,ERR,ERR,ERR,ERR,ERR,ERR,ERR,ERR,ERR,ERR,ERR,ERR,ERR,ERR,ERR,ERR,ERR,ERR,ERR,ERR,ERR,ERR,ERR,ERR,ERR,ERR,ERR,ERR,ERR,ERR,ERR,ERR,ERR,ERR,ERR,ERR,ERR,ERR,ERR,ERR,ERR,ERR,ERR,ERR,ERR,ERR,ERR,ERR,ERR,ERR,ERR,ERR,ERR,ERR,ERR,ERR,ERR,ERR,ERR,ERR,ERR,ERR,ERR,ERR,ERR,ERR,ERR,ERR,ERR,ERR,ERR,ERR,ERR,ERR,ERR,ERR,ERR,ERR,ERR,ERR,ERR,ERR,ERR,ERR,ERR,ERR,ERR,ERR,2.718424976836509e+23,-0.0,-108138992.0,0.0,0.0,0.0,0.0,1.862701780117645e+19,0,0,4,17298,7116,0.0,100,0.0,0.0,0.0,0.0,0.0,0,0,0,0,0.0,0,0,0,0,0,0,0,0,0,0,0,0,0,0,0,0,0,0,0,0,0,0,0,0,0,0,0,0,0,0,0,0,0,31,40,40,71,65476,0,300,0,0,8,21553,0.0,-107605600.0,0.0,0.0,0.0,0.0,0.0,0.0,0.0,0.0,0.0,0.0,0.0,0.0,0.0,0.0,0.0,0.0,0.0,0.0,0.0,0.0,-0.0,-0.0,0.0,0.0,0.0,0.0,0.0,0.0,5318.0,-0.0,6929.0,2.718424976836509e+23,-107615936.0,2.004,2.004,0.0,0.0,0.0,0.0,69,4.066857813697059e+29,0.0,0.0,0.0,0.0,0.0,0.0,0.0,0.0,0,0,0,0.0,0.0,0.0,0.0,0.0,0.0,0.0,0.0,0.0,0.0,0.0,0.0,0.0,0.0,0.0,0.0,0,-107875648.0,69,0.0,138,0.0,2.012,ERR,ERR,ERR,ERR,ERR,ERR,ERR,ERR,ERR,ERR,ERR,ERR,ERR,ERR,ERR,ERR,ERR,ERR,ERR,ERR,ERR,ERR,ERR,ERR,ERR,ERR,ERR,ERR,ERR,ERR,ERR,ERR,ERR,ERR,ERR,ERR,ERR,ERR,ERR,ERR,ERR,ERR,ERR,ERR,ERR,ERR,ERR,ERR,ERR,ERR,ERR,ERR,ERR,ERR,ERR,ERR,ERR,ERR,ERR,ERR,ERR,ERR,ERR,ERR,ERR,ERR,ERR,60.0,60.0,35,0.0,0.0,0.0,0.0,0.0,0.0,0.0,0.0,0.0,0.0,0.0,0.0,0.0,0.0,0.0,0.0,65.2,0,110,53,33,65476,0,300,0,0,8,20529,65476,0,0,2621,60.0,0.0,0.0,0.0,0.0,0.0
2026-07-09T15:48:33,ERR,ERR,ERR,ERR,ERR,ERR,ERR,ERR,ERR,ERR,ERR,ERR,ERR,ERR,ERR,ERR,ERR,ERR,ERR,ERR,ERR,ERR,ERR,ERR,ERR,ERR,ERR,ERR,ERR,ERR,ERR,ERR,ERR,ERR,ERR,ERR,ERR,ERR,ERR,ERR,ERR,ERR,ERR,ERR,ERR,ERR,ERR,ERR,ERR,ERR,ERR,ERR,ERR,ERR,ERR,ERR,ERR,ERR,ERR,ERR,ERR,ERR,ERR,ERR,ERR,ERR,ERR,ERR,ERR,ERR,ERR,ERR,ERR,ERR,ERR,ERR,ERR,ERR,ERR,ERR,ERR,ERR,ERR,ERR,ERR,ERR,ERR,ERR,ERR,ERR,ERR,ERR,ERR,ERR,ERR,ERR,ERR,ERR,ERR,ERR,ERR,ERR,ERR,ERR,ERR,ERR,ERR,ERR,ERR,ERR,ERR,ERR,ERR,ERR,ERR,ERR,ERR,ERR,ERR,ERR,ERR,ERR,ERR,ERR,ERR,2.718424976836509e+23,-0.0,-108138992.0,0.0,0.0,0.0,0.0,1.862701780117645e+19,0,0,4,17298,7116,0.0,100,0.0,0.0,0.0,0.0,0.0,0,0,0,0,0.0,0,0,0,0,0,0,0,0,0,0,0,0,0,0,0,0,0,0,0,0,0,0,0,0,0,0,0,0,0,0,0,0,0,31,40,40,71,65476,0,300,0,0,8,21553,0.0,-107605600.0,0.0,0.0,0.0,0.0,0.0,0.0,0.0,0.0,0.0,0.0,0.0,0.0,0.0,0.0,0.0,0.0,0.0,0.0,0.0,0.0,-0.0,-0.0,0.0,0.0,0.0,0.0,0.0,0.0,5318.0,-0.0,6929.0,2.718424976836509e+23,-107615936.0,2.004,2.004,0.0,0.0,0.0,0.0,69,4.066857813697059e+29,0.0,0.0,0.0,0.0,0.0,0.0,0.0,0.0,0,0,0,0.0,0.0,0.0,0.0,0.0,0.0,0.0,0.0,0.0,0.0,0.0,0.0,0.0,0.0,0.0,0.0,0,-107875648.0,69,0.0,138,0.0,2.012,ERR,ERR,ERR,ERR,ERR,ERR,ERR,ERR,ERR,ERR,ERR,ERR,ERR,ERR,ERR,ERR,ERR,ERR,ERR,ERR,ERR,ERR,ERR,ERR,ERR,ERR,ERR,ERR,ERR,ERR,ERR,ERR,ERR,ERR,ERR,ERR,ERR,ERR,ERR,ERR,ERR,ERR,ERR,ERR,ERR,ERR,ERR,ERR,ERR,ERR,ERR,ERR,ERR,ERR,ERR,ERR,ERR,ERR,ERR,ERR,ERR,ERR,ERR,ERR,ERR,ERR,ERR,60.0,60.0,35,0.0,0.0,0.0,0.0,0.0,0.0,0.0,0.0,0.0,0.0,0.0,0.0,0.0,0.0,0.0,0.0,65.6,0,110,53,33,65476,0,300,0,0,8,20529,65476,0,0,2621,60.0,0.0,0.0,0.0,0.0,0.0
2026-07-09T15:48:34,ERR,ERR,ERR,ERR,ERR,ERR,ERR,ERR,ERR,ERR,ERR,ERR,ERR,ERR,ERR,ERR,ERR,ERR,ERR,ERR,ERR,ERR,ERR,ERR,ERR,ERR,ERR,ERR,ERR,ERR,ERR,ERR,ERR,ERR,ERR,ERR,ERR,ERR,ERR,ERR,ERR,ERR,ERR,ERR,ERR,ERR,ERR,ERR,ERR,ERR,ERR,ERR,ERR,ERR,ERR,ERR,ERR,ERR,ERR,ERR,ERR,ERR,ERR,ERR,ERR,ERR,ERR,ERR,ERR,ERR,ERR,ERR,ERR,ERR,ERR,ERR,ERR,ERR,ERR,ERR,ERR,ERR,ERR,ERR,ERR,ERR,ERR,ERR,ERR,ERR,ERR,ERR,ERR,ERR,ERR,ERR,ERR,ERR,ERR,ERR,ERR,ERR,ERR,ERR,ERR,ERR,ERR,ERR,ERR,ERR,ERR,ERR,ERR,ERR,ERR,ERR,ERR,ERR,ERR,ERR,ERR,ERR,ERR,ERR,ERR,2.718424976836509e+23,2.7184435316669736e+23,2.718415969637254e+23,0.0,765.126,7.314267579652931e+26,1.0016338782926754e+30,-0.0,0,0,4,17301,7116,0.0,100,0.0,0.0,2.7183478752108883e+23,0.0,0.0,0,0,0,0,0.0,0,0,0,0,0,0,0,0,0,0,0,0,0,0,0,0,0,0,0,0,0,0,0,0,0,0,0,0,0,0,0,0,0,31,40,40,71,65476,0,300,0,0,8,21553,0.0,-107605600.0,0.0,0.0,0.0,0.0,0.0,0.0,0.0,0.0,0.0,0.0,0.0,0.0,0.0,0.0,0.0,0.0,0.0,0.0,0.0,0.0,-0.0,-3.69706430773634e+19,0.0,0.0,0.0,0.0,0.0,0.0,5312.0,2.4229907868360434e+24,6925.0,2.718424976836509e+23,2.7184435316669736e+23,2.004,2.004,0.0,0.0,0.0,0.0,69,0.0,0.0,0.0,0.0,0.0,0.0,0.0,0.0,0.0,0,0,0,0.0,0.0,0.0,0.0,0.0,0.0,0.0,0.0,0.0,0.0,0.0,0.0,0.0,0.0,0.0,0.0,0,-107875648.0,69,0.0,138,0.0,2.012,ERR,ERR,ERR,ERR,ERR,ERR,ERR,ERR,ERR,ERR,ERR,ERR,ERR,ERR,ERR,ERR,ERR,ERR,ERR,ERR,ERR,ERR,ERR,ERR,ERR,ERR,ERR,ERR,ERR,ERR,ERR,ERR,ERR,ERR,ERR,ERR,ERR,ERR,ERR,ERR,ERR,ERR,ERR,ERR,ERR,ERR,ERR,ERR,ERR,ERR,ERR,ERR,ERR,ERR,ERR,ERR,ERR,ERR,ERR,ERR,ERR,ERR,ERR,ERR,ERR,ERR,ERR,60.0,60.0,35,0.0,0.0,0.0,0.0,0.0,0.0,0.0,0.0,0.0,0.0,0.0,0.0,0.0,0.0,0.0,0.0,65.2,0,110,53,33,65476,0,300,0,0,8,20529,65476,0,0,2621,60.0,0.0,0.0,0.0,0.0,0.0
2026-07-09T15:48:35,ERR,ERR,ERR,ERR,ERR,ERR,ERR,ERR,ERR,ERR,ERR,ERR,ERR,ERR,ERR,ERR,ERR,ERR,ERR,ERR,ERR,ERR,ERR,ERR,ERR,ERR,ERR,ERR,ERR,ERR,ERR,ERR,ERR,ERR,ERR,ERR,ERR,ERR,ERR,ERR,ERR,ERR,ERR,ERR,ERR,ERR,ERR,ERR,ERR,ERR,ERR,ERR,ERR,ERR,ERR,ERR,ERR,ERR,ERR,ERR,ERR,ERR,ERR,ERR,ERR,ERR,ERR,ERR,ERR,ERR,ERR,ERR,ERR,ERR,ERR,ERR,ERR,ERR,ERR,ERR,ERR,ERR,ERR,ERR,ERR,ERR,ERR,ERR,ERR,ERR,ERR,ERR,ERR,ERR,ERR,ERR,ERR,ERR,ERR,ERR,ERR,ERR,ERR,ERR,ERR,ERR,ERR,ERR,ERR,ERR,ERR,ERR,ERR,ERR,ERR,ERR,ERR,ERR,ERR,ERR,ERR,ERR,ERR,ERR,ERR,2.718424976836509e+23,2.7184435316669736e+23,2.718415969637254e+23,0.0,765.126,7.314267579652931e+26,1.0016338782926754e+30,-0.0,0,0,4,17301,7116,0.0,100,0.0,0.0,2.7183478752108883e+23,0.0,0.0,0,0,0,0,0.0,0,0,0,0,0,0,0,0,0,0,0,0,0,0,0,0,0,0,0,0,0,0,0,0,0,0,0,0,0,0,0,0,0,31,40,40,71,65476,0,300,0,0,8,21553,0.0,-107605600.0,0.0,0.0,0.0,0.0,0.0,0.0,0.0,0.0,0.0,0.0,0.0,0.0,0.0,0.0,0.0,0.0,0.0,0.0,0.0,0.0,-0.0,-3.69706430773634e+19,0.0,0.0,0.0,0.0,0.0,0.0,5312.0,2.4229907868360434e+24,6925.0,2.718424976836509e+23,2.7184435316669736e+23,2.004,2.004,0.0,0.0,0.0,0.0,69,0.0,0.0,0.0,0.0,0.0,0.0,0.0,0.0,0.0,0,0,0,0.0,0.0,0.0,0.0,0.0,0.0,0.0,0.0,0.0,0.0,0.0,0.0,0.0,0.0,0.0,0.0,0,-107875648.0,69,0.0,138,0.0,2.012,ERR,ERR,ERR,ERR,ERR,ERR,ERR,ERR,ERR,ERR,ERR,ERR,ERR,ERR,ERR,ERR,ERR,ERR,ERR,ERR,ERR,ERR,ERR,ERR,ERR,ERR,ERR,ERR,ERR,ERR,ERR,ERR,ERR,ERR,ERR,ERR,ERR,ERR,ERR,ERR,ERR,ERR,ERR,ERR,ERR,ERR,ERR,ERR,ERR,ERR,ERR,ERR,ERR,ERR,ERR,ERR,ERR,ERR,ERR,ERR,ERR,ERR,ERR,ERR,ERR,ERR,ERR,60.0,60.0,35,0.0,0.0,0.0,0.0,0.0,0.0,0.0,0.0,0.0,0.0,0.0,0.0,0.0,0.0,0.0,0.0,65.2,0,110,53,33,65476,0,300,0,0,8,20529,65476,0,0,2621,60.0,0.0,0.0,0.0,0.0,0.0
2026-07-09T15:48:36,ERR,ERR,ERR,ERR,ERR,ERR,ERR,ERR,ERR,ERR,ERR,ERR,ERR,ERR,ERR,ERR,ERR,ERR,ERR,ERR,ERR,ERR,ERR,ERR,ERR,ERR,ERR,ERR,ERR,ERR,ERR,ERR,ERR,ERR,ERR,ERR,ERR,ERR,ERR,ERR,ERR,ERR,ERR,ERR,ERR,ERR,ERR,ERR,ERR,ERR,ERR,ERR,ERR,ERR,ERR,ERR,ERR,ERR,ERR,ERR,ERR,ERR,ERR,ERR,ERR,ERR,ERR,ERR,ERR,ERR,ERR,ERR,ERR,ERR,ERR,ERR,ERR,ERR,ERR,ERR,ERR,ERR,ERR,ERR,ERR,ERR,ERR,ERR,ERR,ERR,ERR,ERR,ERR,ERR,ERR,ERR,ERR,ERR,ERR,ERR,ERR,ERR,ERR,ERR,ERR,ERR,ERR,ERR,ERR,ERR,ERR,ERR,ERR,ERR,ERR,ERR,ERR,ERR,ERR,ERR,ERR,ERR,ERR,ERR,ERR,2.718424976836509e+23,2.7184435316669736e+23,2.718415969637254e+23,0.0,765.126,7.314267579652931e+26,1.0016338782926754e+30,-0.0,0,0,4,17301,7116,0.0,100,0.0,0.0,2.7183478752108883e+23,0.0,0.0,0,0,0,0,0.0,0,0,0,0,0,0,0,0,0,0,0,0,0,0,0,0,0,0,0,0,0,0,0,0,0,0,0,0,0,0,0,0,0,31,40,40,71,65476,0,300,0,0,8,21553,0.0,-107605600.0,0.0,0.0,0.0,0.0,0.0,0.0,0.0,0.0,0.0,0.0,0.0,0.0,0.0,0.0,0.0,0.0,0.0,0.0,0.0,0.0,-0.0,-3.69706430773634e+19,0.0,0.0,0.0,0.0,0.0,0.0,5312.0,2.4229907868360434e+24,6925.0,2.718424976836509e+23,2.7184435316669736e+23,2.004,2.004,0.0,0.0,0.0,0.0,69,0.0,0.0,0.0,0.0,0.0,0.0,0.0,0.0,0.0,0,0,0,0.0,0.0,0.0,0.0,0.0,0.0,0.0,0.0,0.0,0.0,0.0,0.0,0.0,0.0,0.0,0.0,0,-107875648.0,69,0.0,138,0.0,2.012,ERR,ERR,ERR,ERR,ERR,ERR,ERR,ERR,ERR,ERR,ERR,ERR,ERR,ERR,ERR,ERR,ERR,ERR,ERR,ERR,ERR,ERR,ERR,ERR,ERR,ERR,ERR,ERR,ERR,ERR,ERR,ERR,ERR,ERR,ERR,ERR,ERR,ERR,ERR,ERR,ERR,ERR,ERR,ERR,ERR,ERR,ERR,ERR,ERR,ERR,ERR,ERR,ERR,ERR,ERR,ERR,ERR,ERR,ERR,ERR,ERR,ERR,ERR,ERR,ERR,ERR,ERR,60.0,60.0,35,0.0,0.0,0.0,0.0,0.0,0.0,0.0,0.0,0.0,0.0,0.0,0.0,0.0,0.0,0.0,0.0,65.2,0,110,53,33,65476,0,300,0,0,8,20529,65476,0,0,2621,60.0,0.0,0.0,0.0,0.0,0.0
2026-07-09T15:48:37,ERR,ERR,ERR,ERR,ERR,ERR,ERR,ERR,ERR,ERR,ERR,ERR,ERR,ERR,ERR,ERR,ERR,ERR,ERR,ERR,ERR,ERR,ERR,ERR,ERR,ERR,ERR,ERR,ERR,ERR,ERR,ERR,ERR,ERR,ERR,ERR,ERR,ERR,ERR,ERR,ERR,ERR,ERR,ERR,ERR,ERR,ERR,ERR,ERR,ERR,ERR,ERR,ERR,ERR,ERR,ERR,ERR,ERR,ERR,ERR,ERR,ERR,ERR,ERR,ERR,ERR,ERR,ERR,ERR,ERR,ERR,ERR,ERR,ERR,ERR,ERR,ERR,ERR,ERR,ERR,ERR,ERR,ERR,ERR,ERR,ERR,ERR,ERR,ERR,ERR,ERR,ERR,ERR,ERR,ERR,ERR,ERR,ERR,ERR,ERR,ERR,ERR,ERR,ERR,ERR,ERR,ERR,ERR,ERR,ERR,ERR,ERR,ERR,ERR,ERR,ERR,ERR,ERR,ERR,ERR,ERR,ERR,ERR,ERR,ERR,2.718424976836509e+23,2.7184435316669736e+23,2.718415969637254e+23,0.0,765.126,7.314267579652931e+26,1.0016338782926754e+30,-0.0,0,0,4,17301,7116,0.0,100,0.0,0.0,2.7183478752108883e+23,0.0,0.0,0,0,0,0,0.0,0,0,0,0,0,0,0,0,0,0,0,0,0,0,0,0,0,0,0,0,0,0,0,0,0,0,0,0,0,0,0,0,0,31,40,40,71,65476,0,300,0,0,8,21553,0.0,-107605600.0,0.0,0.0,0.0,0.0,0.0,0.0,0.0,0.0,0.0,0.0,0.0,0.0,0.0,0.0,0.0,0.0,0.0,0.0,0.0,0.0,-0.0,-3.69706430773634e+19,0.0,0.0,0.0,0.0,0.0,0.0,5312.0,2.4229907868360434e+24,6925.0,2.718424976836509e+23,2.7184435316669736e+23,2.004,2.004,0.0,0.0,0.0,0.0,69,0.0,0.0,0.0,0.0,0.0,0.0,0.0,0.0,0.0,0,0,0,0.0,0.0,0.0,0.0,0.0,0.0,0.0,0.0,0.0,0.0,0.0,0.0,0.0,0.0,0.0,0.0,0,-107875648.0,69,0.0,138,0.0,2.012,ERR,ERR,ERR,ERR,ERR,ERR,ERR,ERR,ERR,ERR,ERR,ERR,ERR,ERR,ERR,ERR,ERR,ERR,ERR,ERR,ERR,ERR,ERR,ERR,ERR,ERR,ERR,ERR,ERR,ERR,ERR,ERR,ERR,ERR,ERR,ERR,ERR,ERR,ERR,ERR,ERR,ERR,ERR,ERR,ERR,ERR,ERR,ERR,ERR,ERR,ERR,ERR,ERR,ERR,ERR,ERR,ERR,ERR,ERR,ERR,ERR,ERR,ERR,ERR,ERR,ERR,ERR,60.0,60.0,35,0.0,0.0,0.0,0.0,0.0,0.0,0.0,0.0,0.0,0.0,0.0,0.0,0.0,0.0,0.0,0.0,65.2,0,110,53,33,65476,0,300,0,0,8,20529,65476,0,0,2621,60.0,0.0,0.0,0.0,0.0,0.0
2026-07-09T15:48:38,ERR,ERR,ERR,ERR,ERR,ERR,ERR,ERR,ERR,ERR,ERR,ERR,ERR,ERR,ERR,ERR,ERR,ERR,ERR,ERR,ERR,ERR,ERR,ERR,ERR,ERR,ERR,ERR,ERR,ERR,ERR,ERR,ERR,ERR,ERR,ERR,ERR,ERR,ERR,ERR,ERR,ERR,ERR,ERR,ERR,ERR,ERR,ERR,ERR,ERR,ERR,ERR,ERR,ERR,ERR,ERR,ERR,ERR,ERR,ERR,ERR,ERR,ERR,ERR,ERR,ERR,ERR,ERR,ERR,ERR,ERR,ERR,ERR,ERR,ERR,ERR,ERR,ERR,ERR,ERR,ERR,ERR,ERR,ERR,ERR,ERR,ERR,ERR,ERR,ERR,ERR,ERR,ERR,ERR,ERR,ERR,ERR,ERR,ERR,ERR,ERR,ERR,ERR,ERR,ERR,ERR,ERR,ERR,ERR,ERR,ERR,ERR,ERR,ERR,ERR,ERR,ERR,ERR,ERR,ERR,ERR,ERR,ERR,ERR,ERR,2.718424976836509e+23,-0.0,-108139008.0,2.7183478752108883e+23,-1.5629175471170303e+26,0.0,47687.258,20000.125,0,0,4,17299,7116,0.0,100,0.0,0.0,2.7183478752108883e+23,0.0,0.0,0,0,0,0,0.0,0,0,0,0,0,0,0,0,0,0,0,0,0,0,0,0,0,0,0,0,0,0,0,0,0,0,0,0,0,0,0,0,0,31,40,40,71,65476,0,300,0,0,8,21553,0.0,-107605600.0,0.0,0.0,0.0,0.0,0.0,0.0,0.0,0.0,0.0,0.0,0.0,0.0,0.0,0.0,0.0,0.0,0.0,0.0,0.0,0.0,-0.0,0.0,0.0,0.0,0.0,0.0,0.0,0.0,5313.0,-0.0,6930.0,2.718424976836509e+23,-0.0,2.004,2.004,0.0,0.0,0.0,0.0,69,0.059,0.0,0.0,0.0,0.0,0.0,0.0,0.0,0.0,0,0,0,0.0,0.0,0.0,0.0,0.0,0.0,0.0,0.0,0.0,0.0,0.0,0.0,0.0,0.0,0.0,0.0,0,-107875648.0,69,0.0,138,0.0,2.012,ERR,ERR,ERR,ERR,ERR,ERR,ERR,ERR,ERR,ERR,ERR,ERR,ERR,ERR,ERR,ERR,ERR,ERR,ERR,ERR,ERR,ERR,ERR,ERR,ERR,ERR,ERR,ERR,ERR,ERR,ERR,ERR,ERR,ERR,ERR,ERR,ERR,ERR,ERR,ERR,ERR,ERR,ERR,ERR,ERR,ERR,ERR,ERR,ERR,ERR,ERR,ERR,ERR,ERR,ERR,ERR,ERR,ERR,ERR,ERR,ERR,ERR,ERR,ERR,ERR,ERR,ERR,60.0,60.0,35,0.0,0.0,0.0,0.0,0.0,0.0,0.0,0.0,0.0,0.0,0.0,0.0,0.0,0.0,0.0,0.0,65.2,0,110,53,33,65476,0,300,0,0,8,20529,65476,0,0,2621,60.0,0.0,0.0,0.0,0.0,0.0
2026-07-09T15:48:39,ERR,ERR,ERR,ERR,ERR,ERR,ERR,ERR,ERR,ERR,ERR,ERR,ERR,ERR,ERR,ERR,ERR,ERR,ERR,ERR,ERR,ERR,ERR,ERR,ERR,ERR,ERR,ERR,ERR,ERR,ERR,ERR,ERR,ERR,ERR,ERR,ERR,ERR,ERR,ERR,ERR,ERR,ERR,ERR,ERR,ERR,ERR,ERR,ERR,ERR,ERR,ERR,ERR,ERR,ERR,ERR,ERR,ERR,ERR,ERR,ERR,ERR,ERR,ERR,ERR,ERR,ERR,ERR,ERR,ERR,ERR,ERR,ERR,ERR,ERR,ERR,ERR,ERR,ERR,ERR,ERR,ERR,ERR,ERR,ERR,ERR,ERR,ERR,ERR,ERR,ERR,ERR,ERR,ERR,ERR,ERR,ERR,ERR,ERR,ERR,ERR,ERR,ERR,ERR,ERR,ERR,ERR,ERR,ERR,ERR,ERR,ERR,ERR,ERR,ERR,ERR,ERR,ERR,ERR,ERR,ERR,ERR,ERR,ERR,ERR,2.718424976836509e+23,-0.0,-108139008.0,2.7183478752108883e+23,-1.5629175471170303e+26,0.0,47687.258,20000.125,0,0,4,17299,7116,0.0,100,0.0,0.0,2.7183478752108883e+23,0.0,0.0,0,0,0,0,0.0,0,0,0,0,0,0,0,0,0,0,0,0,0,0,0,0,0,0,0,0,0,0,0,0,0,0,0,0,0,0,0,0,0,31,40,40,71,65476,0,300,0,0,8,21553,0.0,-107605600.0,0.0,0.0,0.0,0.0,0.0,0.0,0.0,0.0,0.0,0.0,0.0,0.0,0.0,0.0,0.0,0.0,0.0,0.0,0.0,0.0,-0.0,0.0,0.0,0.0,0.0,0.0,0.0,0.0,5313.0,-0.0,6930.0,2.718424976836509e+23,-0.0,2.004,2.004,0.0,0.0,0.0,0.0,69,0.059,0.0,0.0,0.0,0.0,0.0,0.0,0.0,0.0,0,0,0,0.0,0.0,0.0,0.0,0.0,0.0,0.0,0.0,0.0,0.0,0.0,0.0,0.0,0.0,0.0,0.0,0,-107875648.0,69,0.0,138,0.0,2.012,ERR,ERR,ERR,ERR,ERR,ERR,ERR,ERR,ERR,ERR,ERR,ERR,ERR,ERR,ERR,ERR,ERR,ERR,ERR,ERR,ERR,ERR,ERR,ERR,ERR,ERR,ERR,ERR,ERR,ERR,ERR,ERR,ERR,ERR,ERR,ERR,ERR,ERR,ERR,ERR,ERR,ERR,ERR,ERR,ERR,ERR,ERR,ERR,ERR,ERR,ERR,ERR,ERR,ERR,ERR,ERR,ERR,ERR,ERR,ERR,ERR,ERR,ERR,ERR,ERR,ERR,ERR,60.0,60.0,35,0.0,0.0,0.0,0.0,0.0,0.0,0.0,0.0,0.0,0.0,0.0,0.0,0.0,0.0,0.0,0.0,65.2,0,110,53,33,65476,0,300,0,0,8,20529,65476,0,0,2621,60.0,0.0,0.0,0.0,0.0,0.0
2026-07-09T15:48:40,ERR,ERR,ERR,ERR,ERR,ERR,ERR,ERR,ERR,ERR,ERR,ERR,ERR,ERR,ERR,ERR,ERR,ERR,ERR,ERR,ERR,ERR,ERR,ERR,ERR,ERR,ERR,ERR,ERR,ERR,ERR,ERR,ERR,ERR,ERR,ERR,ERR,ERR,ERR,ERR,ERR,ERR,ERR,ERR,ERR,ERR,ERR,ERR,ERR,ERR,ERR,ERR,ERR,ERR,ERR,ERR,ERR,ERR,ERR,ERR,ERR,ERR,ERR,ERR,ERR,ERR,ERR,ERR,ERR,ERR,ERR,ERR,ERR,ERR,ERR,ERR,ERR,ERR,ERR,ERR,ERR,ERR,ERR,ERR,ERR,ERR,ERR,ERR,ERR,ERR,ERR,ERR,ERR,ERR,ERR,ERR,ERR,ERR,ERR,ERR,ERR,ERR,ERR,ERR,ERR,ERR,ERR,ERR,ERR,ERR,ERR,ERR,ERR,ERR,ERR,ERR,ERR,ERR,ERR,ERR,ERR,ERR,ERR,ERR,ERR,2.718424976836509e+23,-0.0,-108139008.0,2.7183478752108883e+23,-1.5629175471170303e+26,0.0,47687.258,20000.125,0,0,4,17299,7116,0.0,100,0.0,0.0,2.7183478752108883e+23,0.0,0.0,0,0,0,0,0.0,0,0,0,0,0,0,0,0,0,0,0,0,0,0,0,0,0,0,0,0,0,0,0,0,0,0,0,0,0,0,0,0,0,31,40,40,71,65476,0,300,0,0,8,21553,0.0,-107605600.0,0.0,0.0,0.0,0.0,0.0,0.0,0.0,0.0,0.0,0.0,0.0,0.0,0.0,0.0,0.0,0.0,0.0,0.0,0.0,0.0,-0.0,0.0,0.0,0.0,0.0,0.0,0.0,0.0,5313.0,-0.0,6930.0,2.718424976836509e+23,-0.0,2.004,2.004,0.0,0.0,0.0,0.0,69,0.059,0.0,0.0,0.0,0.0,0.0,0.0,0.0,0.0,0,0,0,0.0,0.0,0.0,0.0,0.0,0.0,0.0,0.0,0.0,0.0,0.0,0.0,0.0,0.0,0.0,0.0,0,-107875648.0,69,0.0,138,0.0,2.012,ERR,ERR,ERR,ERR,ERR,ERR,ERR,ERR,ERR,ERR,ERR,ERR,ERR,ERR,ERR,ERR,ERR,ERR,ERR,ERR,ERR,ERR,ERR,ERR,ERR,ERR,ERR,ERR,ERR,ERR,ERR,ERR,ERR,ERR,ERR,ERR,ERR,ERR,ERR,ERR,ERR,ERR,ERR,ERR,ERR,ERR,ERR,ERR,ERR,ERR,ERR,ERR,ERR,ERR,ERR,ERR,ERR,ERR,ERR,ERR,ERR,ERR,ERR,ERR,ERR,ERR,ERR,60.0,60.0,35,0.0,0.0,0.0,0.0,0.0,0.0,0.0,0.0,0.0,0.0,0.0,0.0,0.0,0.0,0.0,0.0,65.2,0,110,53,33,65476,0,300,0,0,8,20529,65476,0,0,2621,60.0,0.0,0.0,0.0,0.0,0.0
2026-07-09T15:48:41,ERR,ERR,ERR,ERR,ERR,ERR,ERR,ERR,ERR,ERR,ERR,ERR,ERR,ERR,ERR,ERR,ERR,ERR,ERR,ERR,ERR,ERR,ERR,ERR,ERR,ERR,ERR,ERR,ERR,ERR,ERR,ERR,ERR,ERR,ERR,ERR,ERR,ERR,ERR,ERR,ERR,ERR,ERR,ERR,ERR,ERR,ERR,ERR,ERR,ERR,ERR,ERR,ERR,ERR,ERR,ERR,ERR,ERR,ERR,ERR,ERR,ERR,ERR,ERR,ERR,ERR,ERR,ERR,ERR,ERR,ERR,ERR,ERR,ERR,ERR,ERR,ERR,ERR,ERR,ERR,ERR,ERR,ERR,ERR,ERR,ERR,ERR,ERR,ERR,ERR,ERR,ERR,ERR,ERR,ERR,ERR,ERR,ERR,ERR,ERR,ERR,ERR,ERR,ERR,ERR,ERR,ERR,ERR,ERR,ERR,ERR,ERR,ERR,ERR,ERR,ERR,ERR,ERR,ERR,ERR,ERR,ERR,ERR,ERR,ERR,2.718424976836509e+23,-0.0,-108139008.0,2.7183478752108883e+23,-1.5629175471170303e+26,0.0,47687.258,20000.125,0,0,4,17299,7116,0.0,100,0.0,0.0,2.7183478752108883e+23,0.0,0.0,0,0,0,0,0.0,0,0,0,0,0,0,0,0,0,0,0,0,0,0,0,0,0,0,0,0,0,0,0,0,0,0,0,0,0,0,0,0,0,31,40,40,71,65476,0,300,0,0,8,21553,0.0,-107605600.0,0.0,0.0,0.0,0.0,0.0,0.0,0.0,0.0,0.0,0.0,0.0,0.0,0.0,0.0,0.0,0.0,0.0,0.0,0.0,0.0,-0.0,0.0,0.0,0.0,0.0,0.0,0.0,0.0,5313.0,-0.0,6930.0,2.718424976836509e+23,-0.0,2.004,2.004,0.0,0.0,0.0,0.0,69,0.059,0.0,0.0,0.0,0.0,0.0,0.0,0.0,0.0,0,0,0,0.0,0.0,0.0,0.0,0.0,0.0,0.0,0.0,0.0,0.0,0.0,0.0,0.0,0.0,0.0,0.0,0,-107875648.0,69,0.0,138,0.0,2.012,ERR,ERR,ERR,ERR,ERR,ERR,ERR,ERR,ERR,ERR,ERR,ERR,ERR,ERR,ERR,ERR,ERR,ERR,ERR,ERR,ERR,ERR,ERR,ERR,ERR,ERR,ERR,ERR,ERR,ERR,ERR,ERR,ERR,ERR,ERR,ERR,ERR,ERR,ERR,ERR,ERR,ERR,ERR,ERR,ERR,ERR,ERR,ERR,ERR,ERR,ERR,ERR,ERR,ERR,ERR,ERR,ERR,ERR,ERR,ERR,ERR,ERR,ERR,ERR,ERR,ERR,ERR,60.0,60.0,35,0.0,0.0,0.0,0.0,0.0,0.0,0.0,0.0,0.0,0.0,0.0,0.0,0.0,0.0,0.0,0.0,65.2,0,110,53,33,65476,0,300,0,0,8,20529,65476,0,0,2621,60.0,0.0,0.0,0.0,0.0,0.0
2026-07-09T15:48:42,ERR,ERR,ERR,ERR,ERR,ERR,ERR,ERR,ERR,ERR,ERR,ERR,ERR,ERR,ERR,ERR,ERR,ERR,ERR,ERR,ERR,ERR,ERR,ERR,ERR,ERR,ERR,ERR,ERR,ERR,ERR,ERR,ERR,ERR,ERR,ERR,ERR,ERR,ERR,ERR,ERR,ERR,ERR,ERR,ERR,ERR,ERR,ERR,ERR,ERR,ERR,ERR,ERR,ERR,ERR,ERR,ERR,ERR,ERR,ERR,ERR,ERR,ERR,ERR,ERR,ERR,ERR,ERR,ERR,ERR,ERR,ERR,ERR,ERR,ERR,ERR,ERR,ERR,ERR,ERR,ERR,ERR,ERR,ERR,ERR,ERR,ERR,ERR,ERR,ERR,ERR,ERR,ERR,ERR,ERR,ERR,ERR,ERR,ERR,ERR,ERR,ERR,ERR,ERR,ERR,ERR,ERR,ERR,ERR,ERR,ERR,ERR,ERR,ERR,ERR,ERR,ERR,ERR,ERR,ERR,ERR,ERR,ERR,ERR,ERR,2.718424976836509e+23,-0.0,-108139008.0,2.7183478752108883e+23,-1.5629175471170303e+26,0.0,47687.258,20000.125,0,0,4,17299,7116,0.0,100,0.0,0.0,2.7183478752108883e+23,0.0,0.0,0,0,0,0,0.0,0,0,0,0,0,0,0,0,0,0,0,0,0,0,0,0,0,0,0,0,0,0,0,0,0,0,0,0,0,0,0,0,0,31,40,40,71,65476,0,300,0,0,8,21553,0.0,-107605600.0,0.0,0.0,0.0,0.0,0.0,0.0,0.0,0.0,0.0,0.0,0.0,0.0,0.0,0.0,0.0,0.0,0.0,0.0,0.0,0.0,-0.0,0.0,0.0,0.0,0.0,0.0,0.0,0.0,5313.0,-0.0,6930.0,2.718424976836509e+23,-0.0,2.004,2.004,0.0,0.0,0.0,0.0,69,0.059,0.0,0.0,0.0,0.0,0.0,0.0,0.0,0.0,0,0,0,0.0,0.0,0.0,0.0,0.0,0.0,0.0,0.0,0.0,0.0,0.0,0.0,0.0,0.0,0.0,0.0,0,-107875648.0,69,0.0,138,0.0,2.012,ERR,ERR,ERR,ERR,ERR,ERR,ERR,ERR,ERR,ERR,ERR,ERR,ERR,ERR,ERR,ERR,ERR,ERR,ERR,ERR,ERR,ERR,ERR,ERR,ERR,ERR,ERR,ERR,ERR,ERR,ERR,ERR,ERR,ERR,ERR,ERR,ERR,ERR,ERR,ERR,ERR,ERR,ERR,ERR,ERR,ERR,ERR,ERR,ERR,ERR,ERR,ERR,ERR,ERR,ERR,ERR,ERR,ERR,ERR,ERR,ERR,ERR,ERR,ERR,ERR,ERR,ERR,60.0,60.0,35,0.0,0.0,0.0,0.0,0.0,0.0,0.0,0.0,0.0,0.0,0.0,0.0,0.0,0.0,0.0,0.0,65.2,0,110,53,33,65476,0,300,0,0,8,20529,65476,0,0,2621,60.0,0.0,0.0,0.0,0.0,0.0
2026-07-09T15:48:43,ERR,ERR,ERR,ERR,ERR,ERR,ERR,ERR,ERR,ERR,ERR,ERR,ERR,ERR,ERR,ERR,ERR,ERR,ERR,ERR,ERR,ERR,ERR,ERR,ERR,ERR,ERR,ERR,ERR,ERR,ERR,ERR,ERR,ERR,ERR,ERR,ERR,ERR,ERR,ERR,ERR,ERR,ERR,ERR,ERR,ERR,ERR,ERR,ERR,ERR,ERR,ERR,ERR,ERR,ERR,ERR,ERR,ERR,ERR,ERR,ERR,ERR,ERR,ERR,ERR,ERR,ERR,ERR,ERR,ERR,ERR,ERR,ERR,ERR,ERR,ERR,ERR,ERR,ERR,ERR,ERR,ERR,ERR,ERR,ERR,ERR,ERR,ERR,ERR,ERR,ERR,ERR,ERR,ERR,ERR,ERR,ERR,ERR,ERR,ERR,ERR,ERR,ERR,ERR,ERR,ERR,ERR,ERR,ERR,ERR,ERR,ERR,ERR,ERR,ERR,ERR,ERR,ERR,ERR,ERR,ERR,ERR,ERR,ERR,ERR,2.718424976836509e+23,-107615944.0,0.0,0.0,-4.329793983212421e+17,0.0,0.0,-0.0,0,0,4,17299,7116,0.0,100,0.0,0.0,0.0,0.0,0.0,0,0,0,0,0.0,0,0,0,0,0,0,0,0,0,0,0,0,0,0,0,0,0,0,0,0,0,0,0,0,0,0,0,0,0,0,0,0,0,31,40,40,71,65476,0,300,0,0,8,21553,0.0,-107605600.0,0.0,0.0,0.0,0.0,0.0,0.0,0.0,0.0,0.0,0.0,0.0,0.0,0.0,0.0,0.0,0.0,0.0,0.0,0.0,0.0,-0.0,0.0,0.0,0.0,0.0,0.0,0.0,0.0,5312.0,-0.0,6928.0,2.718424976836509e+23,-107615944.0,2.004,2.004,0.0,0.0,0.0,0.0,69,0.0,0.059,0.0,0.0,0.0,0.0,0.0,0.0,0.0,0,0,0,0.0,0.0,0.0,0.0,0.0,0.0,0.0,0.0,0.0,0.0,0.0,0.0,0.0,0.0,0.0,0.0,0,-107875648.0,69,0.0,138,0.0,2.012,ERR,ERR,ERR,ERR,ERR,ERR,ERR,ERR,ERR,ERR,ERR,ERR,ERR,ERR,ERR,ERR,ERR,ERR,ERR,ERR,ERR,ERR,ERR,ERR,ERR,ERR,ERR,ERR,ERR,ERR,ERR,ERR,ERR,ERR,ERR,ERR,ERR,ERR,ERR,ERR,ERR,ERR,ERR,ERR,ERR,ERR,ERR,ERR,ERR,ERR,ERR,ERR,ERR,ERR,ERR,ERR,ERR,ERR,ERR,ERR,ERR,ERR,ERR,ERR,ERR,ERR,ERR,60.0,60.0,35,0.0,0.0,0.0,0.0,0.0,0.0,0.0,0.0,0.0,0.0,0.0,0.0,0.0,0.0,0.0,0.0,65.2,0,110,53,33,65476,0,300,0,0,8,20529,65476,0,0,2621,60.0,0.0,0.0,0.0,0.0,0.0
2026-07-09T15:48:44,ERR,ERR,ERR,ERR,ERR,ERR,ERR,ERR,ERR,ERR,ERR,ERR,ERR,ERR,ERR,ERR,ERR,ERR,ERR,ERR,ERR,ERR,ERR,ERR,ERR,ERR,ERR,ERR,ERR,ERR,ERR,ERR,ERR,ERR,ERR,ERR,ERR,ERR,ERR,ERR,ERR,ERR,ERR,ERR,ERR,ERR,ERR,ERR,ERR,ERR,ERR,ERR,ERR,ERR,ERR,ERR,ERR,ERR,ERR,ERR,ERR,ERR,ERR,ERR,ERR,ERR,ERR,ERR,ERR,ERR,ERR,ERR,ERR,ERR,ERR,ERR,ERR,ERR,ERR,ERR,ERR,ERR,ERR,ERR,ERR,ERR,ERR,ERR,ERR,ERR,ERR,ERR,ERR,ERR,ERR,ERR,ERR,ERR,ERR,ERR,ERR,ERR,ERR,ERR,ERR,ERR,ERR,ERR,ERR,ERR,ERR,ERR,ERR,ERR,ERR,ERR,ERR,ERR,ERR,ERR,ERR,ERR,ERR,ERR,ERR,2.718424976836509e+23,-107615944.0,0.0,0.0,-4.329793983212421e+17,0.0,0.0,-0.0,0,0,4,17299,7116,0.0,100,0.0,0.0,0.0,0.0,0.0,0,0,0,0,0.0,0,0,0,0,0,0,0,0,0,0,0,0,0,0,0,0,0,0,0,0,0,0,0,0,0,0,0,0,0,0,0,0,0,31,40,40,71,65476,0,300,0,0,8,21553,0.0,-107605600.0,0.0,0.0,0.0,0.0,0.0,0.0,0.0,0.0,0.0,0.0,0.0,0.0,0.0,0.0,0.0,0.0,0.0,0.0,0.0,0.0,-0.0,0.0,0.0,0.0,0.0,0.0,0.0,0.0,5312.0,-0.0,6928.0,2.718424976836509e+23,-107615944.0,2.004,2.004,0.0,0.0,0.0,0.0,69,0.0,0.059,0.0,0.0,0.0,0.0,0.0,0.0,0.0,0,0,0,0.0,0.0,0.0,0.0,0.0,0.0,0.0,0.0,0.0,0.0,0.0,0.0,0.0,0.0,0.0,0.0,0,-107875648.0,69,0.0,138,0.0,2.012,ERR,ERR,ERR,ERR,ERR,ERR,ERR,ERR,ERR,ERR,ERR,ERR,ERR,ERR,ERR,ERR,ERR,ERR,ERR,ERR,ERR,ERR,ERR,ERR,ERR,ERR,ERR,ERR,ERR,ERR,ERR,ERR,ERR,ERR,ERR,ERR,ERR,ERR,ERR,ERR,ERR,ERR,ERR,ERR,ERR,ERR,ERR,ERR,ERR,ERR,ERR,ERR,ERR,ERR,ERR,ERR,ERR,ERR,ERR,ERR,ERR,ERR,ERR,ERR,ERR,ERR,ERR,60.0,60.0,35,0.0,0.0,0.0,0.0,0.0,0.0,0.0,0.0,0.0,0.0,0.0,0.0,0.0,0.0,0.0,0.0,65.2,0,110,53,33,65476,0,300,0,0,8,20529,65476,0,0,2621,60.0,0.0,0.0,0.0,0.0,0.0
2026-07-09T15:48:45,ERR,ERR,ERR,ERR,ERR,ERR,ERR,ERR,ERR,ERR,ERR,ERR,ERR,ERR,ERR,ERR,ERR,ERR,ERR,ERR,ERR,ERR,ERR,ERR,ERR,ERR,ERR,ERR,ERR,ERR,ERR,ERR,ERR,ERR,ERR,ERR,ERR,ERR,ERR,ERR,ERR,ERR,ERR,ERR,ERR,ERR,ERR,ERR,ERR,ERR,ERR,ERR,ERR,ERR,ERR,ERR,ERR,ERR,ERR,ERR,ERR,ERR,ERR,ERR,ERR,ERR,ERR,ERR,ERR,ERR,ERR,ERR,ERR,ERR,ERR,ERR,ERR,ERR,ERR,ERR,ERR,ERR,ERR,ERR,ERR,ERR,ERR,ERR,ERR,ERR,ERR,ERR,ERR,ERR,ERR,ERR,ERR,ERR,ERR,ERR,ERR,ERR,ERR,ERR,ERR,ERR,ERR,ERR,ERR,ERR,ERR,ERR,ERR,ERR,ERR,ERR,ERR,ERR,ERR,ERR,ERR,ERR,ERR,ERR,ERR,2.718424976836509e+23,-107615944.0,0.0,0.0,-4.329793983212421e+17,0.0,0.0,-0.0,0,0,4,17299,7116,0.0,100,0.0,0.0,0.0,0.0,0.0,0,0,0,0,0.0,0,0,0,0,0,0,0,0,0,0,0,0,0,0,0,0,0,0,0,0,0,0,0,0,0,0,0,0,0,0,0,0,0,31,40,40,71,65476,0,300,0,0,8,21553,0.0,-107605600.0,0.0,0.0,0.0,0.0,0.0,0.0,0.0,0.0,0.0,0.0,0.0,0.0,0.0,0.0,0.0,0.0,0.0,0.0,0.0,0.0,-0.0,0.0,0.0,0.0,0.0,0.0,0.0,0.0,5312.0,-0.0,6928.0,2.718424976836509e+23,-107615944.0,2.004,2.004,0.0,0.0,0.0,0.0,69,0.0,0.059,0.0,0.0,0.0,0.0,0.0,0.0,0.0,0,0,0,0.0,0.0,0.0,0.0,0.0,0.0,0.0,0.0,0.0,0.0,0.0,0.0,0.0,0.0,0.0,0.0,0,-107875648.0,69,0.0,138,0.0,2.012,ERR,ERR,ERR,ERR,ERR,ERR,ERR,ERR,ERR,ERR,ERR,ERR,ERR,ERR,ERR,ERR,ERR,ERR,ERR,ERR,ERR,ERR,ERR,ERR,ERR,ERR,ERR,ERR,ERR,ERR,ERR,ERR,ERR,ERR,ERR,ERR,ERR,ERR,ERR,ERR,ERR,ERR,ERR,ERR,ERR,ERR,ERR,ERR,ERR,ERR,ERR,ERR,ERR,ERR,ERR,ERR,ERR,ERR,ERR,ERR,ERR,ERR,ERR,ERR,ERR,ERR,ERR,60.0,60.0,35,0.0,0.0,0.0,0.0,0.0,0.0,0.0,0.0,0.0,0.0,0.0,0.0,0.0,0.0,0.0,0.0,65.2,0,110,53,33,65476,0,300,0,0,8,20529,65476,0,0,2621,60.0,0.0,0.0,0.0,0.0,0.0
2026-07-09T15:48:46,ERR,ERR,ERR,ERR,ERR,ERR,ERR,ERR,ERR,ERR,ERR,ERR,ERR,ERR,ERR,ERR,ERR,ERR,ERR,ERR,ERR,ERR,ERR,ERR,ERR,ERR,ERR,ERR,ERR,ERR,ERR,ERR,ERR,ERR,ERR,ERR,ERR,ERR,ERR,ERR,ERR,ERR,ERR,ERR,ERR,ERR,ERR,ERR,ERR,ERR,ERR,ERR,ERR,ERR,ERR,ERR,ERR,ERR,ERR,ERR,ERR,ERR,ERR,ERR,ERR,ERR,ERR,ERR,ERR,ERR,ERR,ERR,ERR,ERR,ERR,ERR,ERR,ERR,ERR,ERR,ERR,ERR,ERR,ERR,ERR,ERR,ERR,ERR,ERR,ERR,ERR,ERR,ERR,ERR,ERR,ERR,ERR,ERR,ERR,ERR,ERR,ERR,ERR,ERR,ERR,ERR,ERR,ERR,ERR,ERR,ERR,ERR,ERR,ERR,ERR,ERR,ERR,ERR,ERR,ERR,ERR,ERR,ERR,ERR,ERR,2.718424976836509e+23,-107615944.0,0.0,0.0,-4.329793983212421e+17,0.0,0.0,-0.0,0,0,4,17299,7116,0.0,100,0.0,0.0,0.0,0.0,0.0,0,0,0,0,0.0,0,0,0,0,0,0,0,0,0,0,0,0,0,0,0,0,0,0,0,0,0,0,0,0,0,0,0,0,0,0,0,0,0,31,40,40,71,65476,0,300,0,0,8,21553,0.0,-107605600.0,0.0,0.0,0.0,0.0,0.0,0.0,0.0,0.0,0.0,0.0,0.0,0.0,0.0,0.0,0.0,0.0,0.0,0.0,0.0,0.0,-0.0,0.0,0.0,0.0,0.0,0.0,0.0,0.0,5312.0,-0.0,6928.0,2.718424976836509e+23,-107615944.0,2.004,2.004,0.0,0.0,0.0,0.0,69,0.0,0.059,0.0,0.0,0.0,0.0,0.0,0.0,0.0,0,0,0,0.0,0.0,0.0,0.0,0.0,0.0,0.0,0.0,0.0,0.0,0.0,0.0,0.0,0.0,0.0,0.0,0,-107875648.0,69,0.0,138,0.0,2.012,ERR,ERR,ERR,ERR,ERR,ERR,ERR,ERR,ERR,ERR,ERR,ERR,ERR,ERR,ERR,ERR,ERR,ERR,ERR,ERR,ERR,ERR,ERR,ERR,ERR,ERR,ERR,ERR,ERR,ERR,ERR,ERR,ERR,ERR,ERR,ERR,ERR,ERR,ERR,ERR,ERR,ERR,ERR,ERR,ERR,ERR,ERR,ERR,ERR,ERR,ERR,ERR,ERR,ERR,ERR,ERR,ERR,ERR,ERR,ERR,ERR,ERR,ERR,ERR,ERR,ERR,ERR,60.0,60.0,35,0.0,0.0,0.0,0.0,0.0,0.0,0.0,0.0,0.0,0.0,0.0,0.0,0.0,0.0,0.0,0.0,65.2,0,110,53,33,65476,0,300,0,0,8,20529,65476,0,0,2621,60.0,0.0,0.0,0.0,0.0,0.0
2026-07-09T15:48:47,ERR,ERR,ERR,ERR,ERR,ERR,ERR,ERR,ERR,ERR,ERR,ERR,ERR,ERR,ERR,ERR,ERR,ERR,ERR,ERR,ERR,ERR,ERR,ERR,ERR,ERR,ERR,ERR,ERR,ERR,ERR,ERR,ERR,ERR,ERR,ERR,ERR,ERR,ERR,ERR,ERR,ERR,ERR,ERR,ERR,ERR,ERR,ERR,ERR,ERR,ERR,ERR,ERR,ERR,ERR,ERR,ERR,ERR,ERR,ERR,ERR,ERR,ERR,ERR,ERR,ERR,ERR,ERR,ERR,ERR,ERR,ERR,ERR,ERR,ERR,ERR,ERR,ERR,ERR,ERR,ERR,ERR,ERR,ERR,ERR,ERR,ERR,ERR,ERR,ERR,ERR,ERR,ERR,ERR,ERR,ERR,ERR,ERR,ERR,ERR,ERR,ERR,ERR,ERR,ERR,ERR,ERR,ERR,ERR,ERR,ERR,ERR,ERR,ERR,ERR,ERR,ERR,ERR,ERR,ERR,ERR,ERR,ERR,ERR,ERR,2.718424976836509e+23,-107615944.0,0.0,0.0,-4.329793983212421e+17,0.0,0.0,-0.0,0,0,4,17299,7116,0.0,100,0.0,0.0,0.0,0.0,0.0,0,0,0,0,0.0,0,0,0,0,0,0,0,0,0,0,0,0,0,0,0,0,0,0,0,0,0,0,0,0,0,0,0,0,0,0,0,0,0,31,40,40,71,65476,0,300,0,0,8,21553,0.0,-107605600.0,0.0,0.0,0.0,0.0,0.0,0.0,0.0,0.0,0.0,0.0,0.0,0.0,0.0,0.0,0.0,0.0,0.0,0.0,0.0,0.0,-0.0,0.0,0.0,0.0,0.0,0.0,0.0,0.0,5312.0,-0.0,6928.0,2.718424976836509e+23,-107615944.0,2.004,2.004,0.0,0.0,0.0,0.0,69,0.0,0.059,0.0,0.0,0.0,0.0,0.0,0.0,0.0,0,0,0,0.0,0.0,0.0,0.0,0.0,0.0,0.0,0.0,0.0,0.0,0.0,0.0,0.0,0.0,0.0,0.0,0,-107875648.0,69,0.0,138,0.0,2.012,ERR,ERR,ERR,ERR,ERR,ERR,ERR,ERR,ERR,ERR,ERR,ERR,ERR,ERR,ERR,ERR,ERR,ERR,ERR,ERR,ERR,ERR,ERR,ERR,ERR,ERR,ERR,ERR,ERR,ERR,ERR,ERR,ERR,ERR,ERR,ERR,ERR,ERR,ERR,ERR,ERR,ERR,ERR,ERR,ERR,ERR,ERR,ERR,ERR,ERR,ERR,ERR,ERR,ERR,ERR,ERR,ERR,ERR,ERR,ERR,ERR,ERR,ERR,ERR,ERR,ERR,ERR,60.0,60.0,35,0.0,0.0,0.0,0.0,0.0,0.0,0.0,0.0,0.0,0.0,0.0,0.0,0.0,0.0,0.0,0.0,65.2,0,111,53,33,65476,0,300,0,0,8,20529,65476,0,0,2621,60.0,0.0,0.0,0.0,0.0,0.0
2026-07-09T15:48:48,ERR,ERR,ERR,ERR,ERR,ERR,ERR,ERR,ERR,ERR,ERR,ERR,ERR,ERR,ERR,ERR,ERR,ERR,ERR,ERR,ERR,ERR,ERR,ERR,ERR,ERR,ERR,ERR,ERR,ERR,ERR,ERR,ERR,ERR,ERR,ERR,ERR,ERR,ERR,ERR,ERR,ERR,ERR,ERR,ERR,ERR,ERR,ERR,ERR,ERR,ERR,ERR,ERR,ERR,ERR,ERR,ERR,ERR,ERR,ERR,ERR,ERR,ERR,ERR,ERR,ERR,ERR,ERR,ERR,ERR,ERR,ERR,ERR,ERR,ERR,ERR,ERR,ERR,ERR,ERR,ERR,ERR,ERR,ERR,ERR,ERR,ERR,ERR,ERR,ERR,ERR,ERR,ERR,ERR,ERR,ERR,ERR,ERR,ERR,ERR,ERR,ERR,ERR,ERR,ERR,ERR,ERR,ERR,ERR,ERR,ERR,ERR,ERR,ERR,ERR,ERR,ERR,ERR,ERR,ERR,ERR,ERR,ERR,ERR,ERR,2.718424976836509e+23,-0.0,-108139008.0,0.0,-0.0,0.0,0.0,886050624.0,0,0,4,17301,7116,0.0,100,0.0,0.0,2.7183478752108883e+23,0.0,0.0,0,0,0,0,0.0,0,0,0,0,0,0,0,0,0,0,0,0,0,0,0,0,0,0,0,0,0,0,0,0,0,0,0,0,0,0,0,0,0,31,40,40,71,65476,0,300,0,0,8,21553,0.0,-107605600.0,0.0,0.0,0.0,0.0,0.0,0.0,0.0,0.0,0.0,0.0,0.0,0.0,0.0,0.0,0.0,0.0,0.0,0.0,0.0,0.0,-0.0,0.0,0.0,0.0,0.0,0.0,0.0,0.0,5341.0,-0.0,6929.0,2.718424976836509e+23,-107615944.0,2.004,2.004,0.0,0.0,0.0,0.0,69,0.0,0.0,0.0,0.0,0.0,0.0,0.0,0.0,0.0,0,0,0,0.0,0.0,0.0,0.0,0.0,0.0,0.0,0.0,0.0,0.0,0.0,0.0,0.0,0.0,0.0,0.0,0,-107875648.0,69,0.0,138,0.0,2.012,ERR,ERR,ERR,ERR,ERR,ERR,ERR,ERR,ERR,ERR,ERR,ERR,ERR,ERR,ERR,ERR,ERR,ERR,ERR,ERR,ERR,ERR,ERR,ERR,ERR,ERR,ERR,ERR,ERR,ERR,ERR,ERR,ERR,ERR,ERR,ERR,ERR,ERR,ERR,ERR,ERR,ERR,ERR,ERR,ERR,ERR,ERR,ERR,ERR,ERR,ERR,ERR,ERR,ERR,ERR,ERR,ERR,ERR,ERR,ERR,ERR,ERR,ERR,ERR,ERR,ERR,ERR,60.0,60.0,35,0.0,0.0,0.0,0.0,0.0,0.0,0.0,0.0,0.0,0.0,0.0,0.0,0.0,0.0,0.0,0.0,65.2,0,111,53,33,65476,0,300,0,0,8,20529,65476,0,0,2621,60.0,0.0,0.0,0.0,0.0,0.0
2026-07-09T15:48:49,ERR,ERR,ERR,ERR,ERR,ERR,ERR,ERR,ERR,ERR,ERR,ERR,ERR,ERR,ERR,ERR,ERR,ERR,ERR,ERR,ERR,ERR,ERR,ERR,ERR,ERR,ERR,ERR,ERR,ERR,ERR,ERR,ERR,ERR,ERR,ERR,ERR,ERR,ERR,ERR,ERR,ERR,ERR,ERR,ERR,ERR,ERR,ERR,ERR,ERR,ERR,ERR,ERR,ERR,ERR,ERR,ERR,ERR,ERR,ERR,ERR,ERR,ERR,ERR,ERR,ERR,ERR,ERR,ERR,ERR,ERR,ERR,ERR,ERR,ERR,ERR,ERR,ERR,ERR,ERR,ERR,ERR,ERR,ERR,ERR,ERR,ERR,ERR,ERR,ERR,ERR,ERR,ERR,ERR,ERR,ERR,ERR,ERR,ERR,ERR,ERR,ERR,ERR,ERR,ERR,ERR,ERR,ERR,ERR,ERR,ERR,ERR,ERR,ERR,ERR,ERR,ERR,ERR,ERR,ERR,ERR,ERR,ERR,ERR,ERR,2.718424976836509e+23,-0.0,-108139008.0,0.0,-0.0,0.0,0.0,886050624.0,0,0,4,17301,7116,0.0,100,0.0,0.0,2.7183478752108883e+23,0.0,0.0,0,0,0,0,0.0,0,0,0,0,0,0,0,0,0,0,0,0,0,0,0,0,0,0,0,0,0,0,0,0,0,0,0,0,0,0,0,0,0,31,40,40,71,65476,0,300,0,0,8,21553,0.0,-107605600.0,0.0,0.0,0.0,0.0,0.0,0.0,0.0,0.0,0.0,0.0,0.0,0.0,0.0,0.0,0.0,0.0,0.0,0.0,0.0,0.0,-0.0,0.0,0.0,0.0,0.0,0.0,0.0,0.0,5341.0,-0.0,6929.0,2.718424976836509e+23,-107615944.0,2.004,2.004,0.0,0.0,0.0,0.0,69,0.0,0.0,0.0,0.0,0.0,0.0,0.0,0.0,0.0,0,0,0,0.0,0.0,0.0,0.0,0.0,0.0,0.0,0.0,0.0,0.0,0.0,0.0,0.0,0.0,0.0,0.0,0,-107875648.0,69,0.0,138,0.0,2.012,ERR,ERR,ERR,ERR,ERR,ERR,ERR,ERR,ERR,ERR,ERR,ERR,ERR,ERR,ERR,ERR,ERR,ERR,ERR,ERR,ERR,ERR,ERR,ERR,ERR,ERR,ERR,ERR,ERR,ERR,ERR,ERR,ERR,ERR,ERR,ERR,ERR,ERR,ERR,ERR,ERR,ERR,ERR,ERR,ERR,ERR,ERR,ERR,ERR,ERR,ERR,ERR,ERR,ERR,ERR,ERR,ERR,ERR,ERR,ERR,ERR,ERR,ERR,ERR,ERR,ERR,ERR,60.0,60.0,35,0.0,0.0,0.0,0.0,0.0,0.0,0.0,0.0,0.0,0.0,0.0,0.0,0.0,0.0,0.0,0.0,65.2,0,111,53,33,65476,0,300,0,0,8,20529,65476,0,0,2621,60.0,0.0,0.0,0.0,0.0,0.0
2026-07-09T15:48:50,ERR,ERR,ERR,ERR,ERR,ERR,ERR,ERR,ERR,ERR,ERR,ERR,ERR,ERR,ERR,ERR,ERR,ERR,ERR,ERR,ERR,ERR,ERR,ERR,ERR,ERR,ERR,ERR,ERR,ERR,ERR,ERR,ERR,ERR,ERR,ERR,ERR,ERR,ERR,ERR,ERR,ERR,ERR,ERR,ERR,ERR,ERR,ERR,ERR,ERR,ERR,ERR,ERR,ERR,ERR,ERR,ERR,ERR,ERR,ERR,ERR,ERR,ERR,ERR,ERR,ERR,ERR,ERR,ERR,ERR,ERR,ERR,ERR,ERR,ERR,ERR,ERR,ERR,ERR,ERR,ERR,ERR,ERR,ERR,ERR,ERR,ERR,ERR,ERR,ERR,ERR,ERR,ERR,ERR,ERR,ERR,ERR,ERR,ERR,ERR,ERR,ERR,ERR,ERR,ERR,ERR,ERR,ERR,ERR,ERR,ERR,ERR,ERR,ERR,ERR,ERR,ERR,ERR,ERR,ERR,ERR,ERR,ERR,ERR,ERR,2.718424976836509e+23,-0.0,-108139008.0,0.0,-0.0,0.0,0.0,886050624.0,0,0,4,17301,7116,0.0,100,0.0,0.0,2.7183478752108883e+23,0.0,0.0,0,0,0,0,0.0,0,0,0,0,0,0,0,0,0,0,0,0,0,0,0,0,0,0,0,0,0,0,0,0,0,0,0,0,0,0,0,0,0,31,40,40,71,65476,0,300,0,0,8,21553,0.0,-107605600.0,0.0,0.0,0.0,0.0,0.0,0.0,0.0,0.0,0.0,0.0,0.0,0.0,0.0,0.0,0.0,0.0,0.0,0.0,0.0,0.0,-0.0,0.0,0.0,0.0,0.0,0.0,0.0,0.0,5341.0,-0.0,6929.0,2.718424976836509e+23,-107615944.0,2.004,2.004,0.0,0.0,0.0,0.0,69,0.0,0.0,0.0,0.0,0.0,0.0,0.0,0.0,0.0,0,0,0,0.0,0.0,0.0,0.0,0.0,0.0,0.0,0.0,0.0,0.0,0.0,0.0,0.0,0.0,0.0,0.0,0,-107875648.0,69,0.0,138,0.0,2.012,ERR,ERR,ERR,ERR,ERR,ERR,ERR,ERR,ERR,ERR,ERR,ERR,ERR,ERR,ERR,ERR,ERR,ERR,ERR,ERR,ERR,ERR,ERR,ERR,ERR,ERR,ERR,ERR,ERR,ERR,ERR,ERR,ERR,ERR,ERR,ERR,ERR,ERR,ERR,ERR,ERR,ERR,ERR,ERR,ERR,ERR,ERR,ERR,ERR,ERR,ERR,ERR,ERR,ERR,ERR,ERR,ERR,ERR,ERR,ERR,ERR,ERR,ERR,ERR,ERR,ERR,ERR,60.0,60.0,35,0.0,0.0,0.0,0.0,0.0,0.0,0.0,0.0,0.0,0.0,0.0,0.0,0.0,0.0,0.0,0.0,65.2,0,111,53,33,65476,0,300,0,0,8,20529,65476,0,0,2621,60.0,0.0,0.0,0.0,0.0,0.0
2026-07-09T15:48:51,ERR,ERR,ERR,ERR,ERR,ERR,ERR,ERR,ERR,ERR,ERR,ERR,ERR,ERR,ERR,ERR,ERR,ERR,ERR,ERR,ERR,ERR,ERR,ERR,ERR,ERR,ERR,ERR,ERR,ERR,ERR,ERR,ERR,ERR,ERR,ERR,ERR,ERR,ERR,ERR,ERR,ERR,ERR,ERR,ERR,ERR,ERR,ERR,ERR,ERR,ERR,ERR,ERR,ERR,ERR,ERR,ERR,ERR,ERR,ERR,ERR,ERR,ERR,ERR,ERR,ERR,ERR,ERR,ERR,ERR,ERR,ERR,ERR,ERR,ERR,ERR,ERR,ERR,ERR,ERR,ERR,ERR,ERR,ERR,ERR,ERR,ERR,ERR,ERR,ERR,ERR,ERR,ERR,ERR,ERR,ERR,ERR,ERR,ERR,ERR,ERR,ERR,ERR,ERR,ERR,ERR,ERR,ERR,ERR,ERR,ERR,ERR,ERR,ERR,ERR,ERR,ERR,ERR,ERR,ERR,ERR,ERR,ERR,ERR,ERR,2.718424976836509e+23,-0.0,-108139008.0,0.0,-0.0,0.0,0.0,886050624.0,0,0,4,17301,7116,0.0,100,0.0,0.0,2.7183478752108883e+23,0.0,0.0,0,0,0,0,0.0,0,0,0,0,0,0,0,0,0,0,0,0,0,0,0,0,0,0,0,0,0,0,0,0,0,0,0,0,0,0,0,0,0,31,40,40,71,65476,0,300,0,0,8,21553,0.0,-107605600.0,0.0,0.0,0.0,0.0,0.0,0.0,0.0,0.0,0.0,0.0,0.0,0.0,0.0,0.0,0.0,0.0,0.0,0.0,0.0,0.0,-0.0,0.0,0.0,0.0,0.0,0.0,0.0,0.0,5341.0,-0.0,6929.0,2.718424976836509e+23,-107615944.0,2.004,2.004,0.0,0.0,0.0,0.0,69,0.0,0.0,0.0,0.0,0.0,0.0,0.0,0.0,0.0,0,0,0,0.0,0.0,0.0,0.0,0.0,0.0,0.0,0.0,0.0,0.0,0.0,0.0,0.0,0.0,0.0,0.0,0,-107875648.0,69,0.0,138,0.0,2.012,ERR,ERR,ERR,ERR,ERR,ERR,ERR,ERR,ERR,ERR,ERR,ERR,ERR,ERR,ERR,ERR,ERR,ERR,ERR,ERR,ERR,ERR,ERR,ERR,ERR,ERR,ERR,ERR,ERR,ERR,ERR,ERR,ERR,ERR,ERR,ERR,ERR,ERR,ERR,ERR,ERR,ERR,ERR,ERR,ERR,ERR,ERR,ERR,ERR,ERR,ERR,ERR,ERR,ERR,ERR,ERR,ERR,ERR,ERR,ERR,ERR,ERR,ERR,ERR,ERR,ERR,ERR,60.0,60.0,35,0.0,0.0,0.0,0.0,0.0,0.0,0.0,0.0,0.0,0.0,0.0,0.0,0.0,0.0,0.0,0.0,65.2,0,111,53,33,65476,0,300,0,0,8,20529,65476,0,0,2621,60.0,0.0,0.0,0.0,0.0,0.0
2026-07-09T15:48:52,ERR,ERR,ERR,ERR,ERR,ERR,ERR,ERR,ERR,ERR,ERR,ERR,ERR,ERR,ERR,ERR,ERR,ERR,ERR,ERR,ERR,ERR,ERR,ERR,ERR,ERR,ERR,ERR,ERR,ERR,ERR,ERR,ERR,ERR,ERR,ERR,ERR,ERR,ERR,ERR,ERR,ERR,ERR,ERR,ERR,ERR,ERR,ERR,ERR,ERR,ERR,ERR,ERR,ERR,ERR,ERR,ERR,ERR,ERR,ERR,ERR,ERR,ERR,ERR,ERR,ERR,ERR,ERR,ERR,ERR,ERR,ERR,ERR,ERR,ERR,ERR,ERR,ERR,ERR,ERR,ERR,ERR,ERR,ERR,ERR,ERR,ERR,ERR,ERR,ERR,ERR,ERR,ERR,ERR,ERR,ERR,ERR,ERR,ERR,ERR,ERR,ERR,ERR,ERR,ERR,ERR,ERR,ERR,ERR,ERR,ERR,ERR,ERR,ERR,ERR,ERR,ERR,ERR,ERR,ERR,ERR,ERR,ERR,ERR,ERR,2.718424976836509e+23,-0.0,-108139008.0,0.0,-0.0,0.0,0.0,886050624.0,0,0,4,17301,7116,0.0,100,0.0,0.0,2.7183478752108883e+23,0.0,0.0,0,0,0,0,0.0,0,0,0,0,0,0,0,0,0,0,0,0,0,0,0,0,0,0,0,0,0,0,0,0,0,0,0,0,0,0,0,0,0,31,40,40,71,65476,0,300,0,0,8,21553,0.0,-107605600.0,0.0,0.0,0.0,0.0,0.0,0.0,0.0,0.0,0.0,0.0,0.0,0.0,0.0,0.0,0.0,0.0,0.0,0.0,0.0,0.0,-0.0,0.0,0.0,0.0,0.0,0.0,0.0,0.0,5341.0,-0.0,6929.0,2.718424976836509e+23,-107615944.0,2.004,2.004,0.0,0.0,0.0,0.0,69,0.0,0.0,0.0,0.0,0.0,0.0,0.0,0.0,0.0,0,0,0,0.0,0.0,0.0,0.0,0.0,0.0,0.0,0.0,0.0,0.0,0.0,0.0,0.0,0.0,0.0,0.0,0,-107875648.0,69,0.0,138,0.0,2.012,ERR,ERR,ERR,ERR,ERR,ERR,ERR,ERR,ERR,ERR,ERR,ERR,ERR,ERR,ERR,ERR,ERR,ERR,ERR,ERR,ERR,ERR,ERR,ERR,ERR,ERR,ERR,ERR,ERR,ERR,ERR,ERR,ERR,ERR,ERR,ERR,ERR,ERR,ERR,ERR,ERR,ERR,ERR,ERR,ERR,ERR,ERR,ERR,ERR,ERR,ERR,ERR,ERR,ERR,ERR,ERR,ERR,ERR,ERR,ERR,ERR,ERR,ERR,ERR,ERR,ERR,ERR,60.0,60.0,35,0.0,0.0,0.0,0.0,0.0,0.0,0.0,0.0,0.0,0.0,0.0,0.0,0.0,0.0,0.0,0.0,65.2,0,111,53,33,65476,0,300,0,0,8,20529,65476,0,0,2621,60.0,0.0,0.0,0.0,0.0,0.0
2026-07-09T15:48:53,ERR,ERR,ERR,ERR,ERR,ERR,ERR,ERR,ERR,ERR,ERR,ERR,ERR,ERR,ERR,ERR,ERR,ERR,ERR,ERR,ERR,ERR,ERR,ERR,ERR,ERR,ERR,ERR,ERR,ERR,ERR,ERR,ERR,ERR,ERR,ERR,ERR,ERR,ERR,ERR,ERR,ERR,ERR,ERR,ERR,ERR,ERR,ERR,ERR,ERR,ERR,ERR,ERR,ERR,ERR,ERR,ERR,ERR,ERR,ERR,ERR,ERR,ERR,ERR,ERR,ERR,ERR,ERR,ERR,ERR,ERR,ERR,ERR,ERR,ERR,ERR,ERR,ERR,ERR,ERR,ERR,ERR,ERR,ERR,ERR,ERR,ERR,ERR,ERR,ERR,ERR,ERR,ERR,ERR,ERR,ERR,ERR,ERR,ERR,ERR,ERR,ERR,ERR,ERR,ERR,ERR,ERR,ERR,ERR,ERR,ERR,ERR,ERR,ERR,ERR,ERR,ERR,ERR,ERR,ERR,ERR,ERR,ERR,ERR,ERR,2.718424976836509e+23,-107615944.0,0.0,2.7183478752108883e+23,0.0,-69250.812,-3.4242509438890065e+24,0.0,0,0,4,17299,7116,0.0,100,0.0,0.0,2.7183478752108883e+23,0.0,0.0,0,0,0,0,0.0,0,0,0,0,0,0,0,0,0,0,0,0,0,0,0,0,0,0,0,0,0,0,0,0,0,0,0,0,0,0,0,0,0,31,40,40,71,65476,0,300,0,0,8,21553,0.0,-107605600.0,0.0,0.0,0.0,0.0,0.0,0.0,0.0,0.0,0.0,0.0,0.0,0.0,0.0,0.0,0.0,0.0,0.0,0.0,0.0,0.0,-0.0,2.004,0.0,0.0,0.0,0.0,0.0,0.0,5339.0,-0.0,6931.0,2.718424976836509e+23,0.0,2.004,2.004,0.0,0.0,0.0,0.0,69,0.0,0.059,0.0,0.0,0.0,0.0,0.0,0.0,0.0,0,0,0,0.0,0.0,0.0,0.0,0.0,0.0,0.0,0.0,0.0,0.0,0.0,0.0,0.0,0.0,0.0,0.0,0,-107875648.0,69,0.0,138,0.0,2.012,ERR,ERR,ERR,ERR,ERR,ERR,ERR,ERR,ERR,ERR,ERR,ERR,ERR,ERR,ERR,ERR,ERR,ERR,ERR,ERR,ERR,ERR,ERR,ERR,ERR,ERR,ERR,ERR,ERR,ERR,ERR,ERR,ERR,ERR,ERR,ERR,ERR,ERR,ERR,ERR,ERR,ERR,ERR,ERR,ERR,ERR,ERR,ERR,ERR,ERR,ERR,ERR,ERR,ERR,ERR,ERR,ERR,ERR,ERR,ERR,ERR,ERR,ERR,ERR,ERR,ERR,ERR,60.0,60.0,35,0.0,0.0,0.0,0.0,0.0,0.0,0.0,0.0,0.0,0.0,0.0,0.0,0.0,0.0,0.0,0.0,65.2,0,111,53,33,65476,0,300,0,0,8,20529,65476,0,0,2621,60.0,0.0,0.0,0.0,0.0,0.0
2026-07-09T15:48:54,ERR,ERR,ERR,ERR,ERR,ERR,ERR,ERR,ERR,ERR,ERR,ERR,ERR,ERR,ERR,ERR,ERR,ERR,ERR,ERR,ERR,ERR,ERR,ERR,ERR,ERR,ERR,ERR,ERR,ERR,ERR,ERR,ERR,ERR,ERR,ERR,ERR,ERR,ERR,ERR,ERR,ERR,ERR,ERR,ERR,ERR,ERR,ERR,ERR,ERR,ERR,ERR,ERR,ERR,ERR,ERR,ERR,ERR,ERR,ERR,ERR,ERR,ERR,ERR,ERR,ERR,ERR,ERR,ERR,ERR,ERR,ERR,ERR,ERR,ERR,ERR,ERR,ERR,ERR,ERR,ERR,ERR,ERR,ERR,ERR,ERR,ERR,ERR,ERR,ERR,ERR,ERR,ERR,ERR,ERR,ERR,ERR,ERR,ERR,ERR,ERR,ERR,ERR,ERR,ERR,ERR,ERR,ERR,ERR,ERR,ERR,ERR,ERR,ERR,ERR,ERR,ERR,ERR,ERR,ERR,ERR,ERR,ERR,ERR,ERR,2.718424976836509e+23,-107615944.0,0.0,2.7183478752108883e+23,0.0,-69250.812,-3.4242509438890065e+24,0.0,0,0,4,17299,7116,0.0,100,0.0,0.0,2.7183478752108883e+23,0.0,0.0,0,0,0,0,0.0,0,0,0,0,0,0,0,0,0,0,0,0,0,0,0,0,0,0,0,0,0,0,0,0,0,0,0,0,0,0,0,0,0,31,40,40,71,65476,0,300,0,0,8,21553,0.0,-107605600.0,0.0,0.0,0.0,0.0,0.0,0.0,0.0,0.0,0.0,0.0,0.0,0.0,0.0,0.0,0.0,0.0,0.0,0.0,0.0,0.0,-0.0,2.004,0.0,0.0,0.0,0.0,0.0,0.0,5339.0,-0.0,6931.0,2.718424976836509e+23,0.0,2.004,2.004,0.0,0.0,0.0,0.0,69,0.0,0.059,0.0,0.0,0.0,0.0,0.0,0.0,0.0,0,0,0,0.0,0.0,0.0,0.0,0.0,0.0,0.0,0.0,0.0,0.0,0.0,0.0,0.0,0.0,0.0,0.0,0,-107875648.0,69,0.0,138,0.0,2.012,ERR,ERR,ERR,ERR,ERR,ERR,ERR,ERR,ERR,ERR,ERR,ERR,ERR,ERR,ERR,ERR,ERR,ERR,ERR,ERR,ERR,ERR,ERR,ERR,ERR,ERR,ERR,ERR,ERR,ERR,ERR,ERR,ERR,ERR,ERR,ERR,ERR,ERR,ERR,ERR,ERR,ERR,ERR,ERR,ERR,ERR,ERR,ERR,ERR,ERR,ERR,ERR,ERR,ERR,ERR,ERR,ERR,ERR,ERR,ERR,ERR,ERR,ERR,ERR,ERR,ERR,ERR,60.0,60.0,35,0.0,0.0,0.0,0.0,0.0,0.0,0.0,0.0,0.0,0.0,0.0,0.0,0.0,0.0,0.0,0.0,65.6,0,111,53,33,65476,0,300,0,0,8,20529,65476,0,0,2621,60.0,0.0,0.0,0.0,0.0,0.0
2026-07-09T15:48:55,ERR,ERR,ERR,ERR,ERR,ERR,ERR,ERR,ERR,ERR,ERR,ERR,ERR,ERR,ERR,ERR,ERR,ERR,ERR,ERR,ERR,ERR,ERR,ERR,ERR,ERR,ERR,ERR,ERR,ERR,ERR,ERR,ERR,ERR,ERR,ERR,ERR,ERR,ERR,ERR,ERR,ERR,ERR,ERR,ERR,ERR,ERR,ERR,ERR,ERR,ERR,ERR,ERR,ERR,ERR,ERR,ERR,ERR,ERR,ERR,ERR,ERR,ERR,ERR,ERR,ERR,ERR,ERR,ERR,ERR,ERR,ERR,ERR,ERR,ERR,ERR,ERR,ERR,ERR,ERR,ERR,ERR,ERR,ERR,ERR,ERR,ERR,ERR,ERR,ERR,ERR,ERR,ERR,ERR,ERR,ERR,ERR,ERR,ERR,ERR,ERR,ERR,ERR,ERR,ERR,ERR,ERR,ERR,ERR,ERR,ERR,ERR,ERR,ERR,ERR,ERR,ERR,ERR,ERR,ERR,ERR,ERR,ERR,ERR,ERR,2.718424976836509e+23,-107615944.0,0.0,2.7183478752108883e+23,0.0,-69250.812,-3.4242509438890065e+24,0.0,0,0,4,17299,7116,0.0,100,0.0,0.0,2.7183478752108883e+23,0.0,0.0,0,0,0,0,0.0,0,0,0,0,0,0,0,0,0,0,0,0,0,0,0,0,0,0,0,0,0,0,0,0,0,0,0,0,0,0,0,0,0,31,40,40,71,65476,0,300,0,0,8,21553,0.0,-107605600.0,0.0,0.0,0.0,0.0,0.0,0.0,0.0,0.0,0.0,0.0,0.0,0.0,0.0,0.0,0.0,0.0,0.0,0.0,0.0,0.0,-0.0,2.004,0.0,0.0,0.0,0.0,0.0,0.0,5339.0,-0.0,6931.0,2.718424976836509e+23,0.0,2.004,2.004,0.0,0.0,0.0,0.0,69,0.0,0.059,0.0,0.0,0.0,0.0,0.0,0.0,0.0,0,0,0,0.0,0.0,0.0,0.0,0.0,0.0,0.0,0.0,0.0,0.0,0.0,0.0,0.0,0.0,0.0,0.0,0,-107875648.0,69,0.0,138,0.0,2.012,ERR,ERR,ERR,ERR,ERR,ERR,ERR,ERR,ERR,ERR,ERR,ERR,ERR,ERR,ERR,ERR,ERR,ERR,ERR,ERR,ERR,ERR,ERR,ERR,ERR,ERR,ERR,ERR,ERR,ERR,ERR,ERR,ERR,ERR,ERR,ERR,ERR,ERR,ERR,ERR,ERR,ERR,ERR,ERR,ERR,ERR,ERR,ERR,ERR,ERR,ERR,ERR,ERR,ERR,ERR,ERR,ERR,ERR,ERR,ERR,ERR,ERR,ERR,ERR,ERR,ERR,ERR,60.0,60.0,35,0.0,0.0,0.0,0.0,0.0,0.0,0.0,0.0,0.0,0.0,0.0,0.0,0.0,0.0,0.0,0.0,65.6,0,111,53,33,65476,0,300,0,0,8,20529,65476,0,0,2621,60.0,0.0,0.0,0.0,0.0,0.0
2026-07-09T15:48:56,ERR,ERR,ERR,ERR,ERR,ERR,ERR,ERR,ERR,ERR,ERR,ERR,ERR,ERR,ERR,ERR,ERR,ERR,ERR,ERR,ERR,ERR,ERR,ERR,ERR,ERR,ERR,ERR,ERR,ERR,ERR,ERR,ERR,ERR,ERR,ERR,ERR,ERR,ERR,ERR,ERR,ERR,ERR,ERR,ERR,ERR,ERR,ERR,ERR,ERR,ERR,ERR,ERR,ERR,ERR,ERR,ERR,ERR,ERR,ERR,ERR,ERR,ERR,ERR,ERR,ERR,ERR,ERR,ERR,ERR,ERR,ERR,ERR,ERR,ERR,ERR,ERR,ERR,ERR,ERR,ERR,ERR,ERR,ERR,ERR,ERR,ERR,ERR,ERR,ERR,ERR,ERR,ERR,ERR,ERR,ERR,ERR,ERR,ERR,ERR,ERR,ERR,ERR,ERR,ERR,ERR,ERR,ERR,ERR,ERR,ERR,ERR,ERR,ERR,ERR,ERR,ERR,ERR,ERR,ERR,ERR,ERR,ERR,ERR,ERR,2.718424976836509e+23,-107615944.0,0.0,2.7183478752108883e+23,0.0,-69250.812,-3.4242509438890065e+24,0.0,0,0,4,17299,7116,0.0,100,0.0,0.0,2.7183478752108883e+23,0.0,0.0,0,0,0,0,0.0,0,0,0,0,0,0,0,0,0,0,0,0,0,0,0,0,0,0,0,0,0,0,0,0,0,0,0,0,0,0,0,0,0,31,40,40,71,65476,0,300,0,0,8,21553,0.0,-107605600.0,0.0,0.0,0.0,0.0,0.0,0.0,0.0,0.0,0.0,0.0,0.0,0.0,0.0,0.0,0.0,0.0,0.0,0.0,0.0,0.0,-0.0,2.004,0.0,0.0,0.0,0.0,0.0,0.0,5339.0,-0.0,6931.0,2.718424976836509e+23,0.0,2.004,2.004,0.0,0.0,0.0,0.0,69,0.0,0.059,0.0,0.0,0.0,0.0,0.0,0.0,0.0,0,0,0,0.0,0.0,0.0,0.0,0.0,0.0,0.0,0.0,0.0,0.0,0.0,0.0,0.0,0.0,0.0,0.0,0,-107875648.0,69,0.0,138,0.0,2.012,ERR,ERR,ERR,ERR,ERR,ERR,ERR,ERR,ERR,ERR,ERR,ERR,ERR,ERR,ERR,ERR,ERR,ERR,ERR,ERR,ERR,ERR,ERR,ERR,ERR,ERR,ERR,ERR,ERR,ERR,ERR,ERR,ERR,ERR,ERR,ERR,ERR,ERR,ERR,ERR,ERR,ERR,ERR,ERR,ERR,ERR,ERR,ERR,ERR,ERR,ERR,ERR,ERR,ERR,ERR,ERR,ERR,ERR,ERR,ERR,ERR,ERR,ERR,ERR,ERR,ERR,ERR,60.0,60.0,35,0.0,0.0,0.0,0.0,0.0,0.0,0.0,0.0,0.0,0.0,0.0,0.0,0.0,0.0,0.0,0.0,65.6,0,111,53,33,65476,0,300,0,0,8,20529,65476,0,0,2621,60.0,0.0,0.0,0.0,0.0,0.0
2026-07-09T15:48:57,ERR,ERR,ERR,ERR,ERR,ERR,ERR,ERR,ERR,ERR,ERR,ERR,ERR,ERR,ERR,ERR,ERR,ERR,ERR,ERR,ERR,ERR,ERR,ERR,ERR,ERR,ERR,ERR,ERR,ERR,ERR,ERR,ERR,ERR,ERR,ERR,ERR,ERR,ERR,ERR,ERR,ERR,ERR,ERR,ERR,ERR,ERR,ERR,ERR,ERR,ERR,ERR,ERR,ERR,ERR,ERR,ERR,ERR,ERR,ERR,ERR,ERR,ERR,ERR,ERR,ERR,ERR,ERR,ERR,ERR,ERR,ERR,ERR,ERR,ERR,ERR,ERR,ERR,ERR,ERR,ERR,ERR,ERR,ERR,ERR,ERR,ERR,ERR,ERR,ERR,ERR,ERR,ERR,ERR,ERR,ERR,ERR,ERR,ERR,ERR,ERR,ERR,ERR,ERR,ERR,ERR,ERR,ERR,ERR,ERR,ERR,ERR,ERR,ERR,ERR,ERR,ERR,ERR,ERR,ERR,ERR,ERR,ERR,ERR,ERR,2.718424976836509e+23,-107615944.0,0.0,2.7183478752108883e+23,0.0,-69250.812,-3.4242509438890065e+24,0.0,0,0,4,17299,7116,0.0,100,0.0,0.0,2.7183478752108883e+23,0.0,0.0,0,0,0,0,0.0,0,0,0,0,0,0,0,0,0,0,0,0,0,0,0,0,0,0,0,0,0,0,0,0,0,0,0,0,0,0,0,0,0,31,40,40,71,65476,0,300,0,0,8,21553,0.0,-107605600.0,0.0,0.0,0.0,0.0,0.0,0.0,0.0,0.0,0.0,0.0,0.0,0.0,0.0,0.0,0.0,0.0,0.0,0.0,0.0,0.0,-0.0,2.004,0.0,0.0,0.0,0.0,0.0,0.0,5339.0,-0.0,6931.0,2.718424976836509e+23,0.0,2.004,2.004,0.0,0.0,0.0,0.0,69,0.0,0.059,0.0,0.0,0.0,0.0,0.0,0.0,0.0,0,0,0,0.0,0.0,0.0,0.0,0.0,0.0,0.0,0.0,0.0,0.0,0.0,0.0,0.0,0.0,0.0,0.0,0,-107875648.0,69,0.0,138,0.0,2.012,ERR,ERR,ERR,ERR,ERR,ERR,ERR,ERR,ERR,ERR,ERR,ERR,ERR,ERR,ERR,ERR,ERR,ERR,ERR,ERR,ERR,ERR,ERR,ERR,ERR,ERR,ERR,ERR,ERR,ERR,ERR,ERR,ERR,ERR,ERR,ERR,ERR,ERR,ERR,ERR,ERR,ERR,ERR,ERR,ERR,ERR,ERR,ERR,ERR,ERR,ERR,ERR,ERR,ERR,ERR,ERR,ERR,ERR,ERR,ERR,ERR,ERR,ERR,ERR,ERR,ERR,ERR,60.0,60.0,35,0.0,0.0,0.0,0.0,0.0,0.0,0.0,0.0,0.0,0.0,0.0,0.0,0.0,0.0,0.0,0.0,65.2,0,111,53,33,65476,0,300,0,0,8,20529,65476,0,0,2621,60.0,0.0,0.0,0.0,0.0,0.0
2026-07-09T15:48:58,ERR,ERR,ERR,ERR,ERR,ERR,ERR,ERR,ERR,ERR,ERR,ERR,ERR,ERR,ERR,ERR,ERR,ERR,ERR,ERR,ERR,ERR,ERR,ERR,ERR,ERR,ERR,ERR,ERR,ERR,ERR,ERR,ERR,ERR,ERR,ERR,ERR,ERR,ERR,ERR,ERR,ERR,ERR,ERR,ERR,ERR,ERR,ERR,ERR,ERR,ERR,ERR,ERR,ERR,ERR,ERR,ERR,ERR,ERR,ERR,ERR,ERR,ERR,ERR,ERR,ERR,ERR,ERR,ERR,ERR,ERR,ERR,ERR,ERR,ERR,ERR,ERR,ERR,ERR,ERR,ERR,ERR,ERR,ERR,ERR,ERR,ERR,ERR,ERR,ERR,ERR,ERR,ERR,ERR,ERR,ERR,ERR,ERR,ERR,ERR,ERR,ERR,ERR,ERR,ERR,ERR,ERR,ERR,ERR,ERR,ERR,ERR,ERR,ERR,ERR,ERR,ERR,ERR,ERR,ERR,ERR,ERR,ERR,ERR,ERR,2.718424976836509e+23,0.0,0.0,0.0,0.0,-0.0,-0.001,-165.251,0,0,4,17302,7116,0.0,100,0.0,0.0,0.0,0.0,0.0,0,0,0,0,0.0,0,0,0,0,0,0,0,0,0,0,0,0,0,0,0,0,0,0,0,0,0,0,0,0,0,0,0,0,0,0,0,0,0,31,40,40,71,65476,0,300,0,0,8,21553,0.0,-107605600.0,0.0,0.0,0.0,0.0,0.0,0.0,0.0,0.0,0.0,0.0,0.0,0.0,0.0,0.0,0.0,0.0,0.0,0.0,0.0,0.0,-0.0,3.697064747540991e+19,0.0,0.0,0.0,0.0,0.0,0.0,5340.0,-131350.594,6937.0,2.718424976836509e+23,2.7184437118109587e+23,2.004,2.004,0.0,0.0,0.0,0.0,69,0.0,5.848060832989955e+35,0.0,0.0,0.0,0.0,0.0,0.0,0.0,0,0,0,0.0,0.0,0.0,0.0,0.0,0.0,0.0,0.0,0.0,0.0,0.0,0.0,0.0,0.0,0.0,0.0,0,-107875648.0,69,0.0,138,0.0,2.012,ERR,ERR,ERR,ERR,ERR,ERR,ERR,ERR,ERR,ERR,ERR,ERR,ERR,ERR,ERR,ERR,ERR,ERR,ERR,ERR,ERR,ERR,ERR,ERR,ERR,ERR,ERR,ERR,ERR,ERR,ERR,ERR,ERR,ERR,ERR,ERR,ERR,ERR,ERR,ERR,ERR,ERR,ERR,ERR,ERR,ERR,ERR,ERR,ERR,ERR,ERR,ERR,ERR,ERR,ERR,ERR,ERR,ERR,ERR,ERR,ERR,ERR,ERR,ERR,ERR,ERR,ERR,60.0,60.0,35,0.0,0.0,0.0,0.0,0.0,0.0,0.0,0.0,0.0,0.0,0.0,0.0,0.0,0.0,0.0,0.0,65.2,0,111,53,33,65476,0,300,0,0,8,20529,65476,0,0,2621,60.0,0.0,0.0,0.0,0.0,0.0
2026-07-09T15:48:59,ERR,ERR,ERR,ERR,ERR,ERR,ERR,ERR,ERR,ERR,ERR,ERR,ERR,ERR,ERR,ERR,ERR,ERR,ERR,ERR,ERR,ERR,ERR,ERR,ERR,ERR,ERR,ERR,ERR,ERR,ERR,ERR,ERR,ERR,ERR,ERR,ERR,ERR,ERR,ERR,ERR,ERR,ERR,ERR,ERR,ERR,ERR,ERR,ERR,ERR,ERR,ERR,ERR,ERR,ERR,ERR,ERR,ERR,ERR,ERR,ERR,ERR,ERR,ERR,ERR,ERR,ERR,ERR,ERR,ERR,ERR,ERR,ERR,ERR,ERR,ERR,ERR,ERR,ERR,ERR,ERR,ERR,ERR,ERR,ERR,ERR,ERR,ERR,ERR,ERR,ERR,ERR,ERR,ERR,ERR,ERR,ERR,ERR,ERR,ERR,ERR,ERR,ERR,ERR,ERR,ERR,ERR,ERR,ERR,ERR,ERR,ERR,ERR,ERR,ERR,ERR,ERR,ERR,ERR,ERR,ERR,ERR,ERR,ERR,ERR,2.718424976836509e+23,0.0,0.0,0.0,0.0,-0.0,-0.001,-165.251,0,0,4,17302,7116,0.0,100,0.0,0.0,0.0,0.0,0.0,0,0,0,0,0.0,0,0,0,0,0,0,0,0,0,0,0,0,0,0,0,0,0,0,0,0,0,0,0,0,0,0,0,0,0,0,0,0,0,31,40,40,71,65476,0,300,0,0,8,21553,0.0,-107605600.0,0.0,0.0,0.0,0.0,0.0,0.0,0.0,0.0,0.0,0.0,0.0,0.0,0.0,0.0,0.0,0.0,0.0,0.0,0.0,0.0,-0.0,3.697064747540991e+19,0.0,0.0,0.0,0.0,0.0,0.0,5340.0,-131350.594,6937.0,2.718424976836509e+23,2.7184437118109587e+23,2.004,2.004,0.0,0.0,0.0,0.0,69,0.0,5.848060832989955e+35,0.0,0.0,0.0,0.0,0.0,0.0,0.0,0,0,0,0.0,0.0,0.0,0.0,0.0,0.0,0.0,0.0,0.0,0.0,0.0,0.0,0.0,0.0,0.0,0.0,0,-107875648.0,69,0.0,138,0.0,2.012,ERR,ERR,ERR,ERR,ERR,ERR,ERR,ERR,ERR,ERR,ERR,ERR,ERR,ERR,ERR,ERR,ERR,ERR,ERR,ERR,ERR,ERR,ERR,ERR,ERR,ERR,ERR,ERR,ERR,ERR,ERR,ERR,ERR,ERR,ERR,ERR,ERR,ERR,ERR,ERR,ERR,ERR,ERR,ERR,ERR,ERR,ERR,ERR,ERR,ERR,ERR,ERR,ERR,ERR,ERR,ERR,ERR,ERR,ERR,ERR,ERR,ERR,ERR,ERR,ERR,ERR,ERR,60.0,60.0,35,0.0,0.0,0.0,0.0,0.0,0.0,0.0,0.0,0.0,0.0,0.0,0.0,0.0,0.0,0.0,0.0,65.2,0,111,53,33,65476,0,300,0,0,8,20529,65476,0,0,2621,60.0,0.0,0.0,0.0,0.0,0.0
2026-07-09T15:49:00,ERR,ERR,ERR,ERR,ERR,ERR,ERR,ERR,ERR,ERR,ERR,ERR,ERR,ERR,ERR,ERR,ERR,ERR,ERR,ERR,ERR,ERR,ERR,ERR,ERR,ERR,ERR,ERR,ERR,ERR,ERR,ERR,ERR,ERR,ERR,ERR,ERR,ERR,ERR,ERR,ERR,ERR,ERR,ERR,ERR,ERR,ERR,ERR,ERR,ERR,ERR,ERR,ERR,ERR,ERR,ERR,ERR,ERR,ERR,ERR,ERR,ERR,ERR,ERR,ERR,ERR,ERR,ERR,ERR,ERR,ERR,ERR,ERR,ERR,ERR,ERR,ERR,ERR,ERR,ERR,ERR,ERR,ERR,ERR,ERR,ERR,ERR,ERR,ERR,ERR,ERR,ERR,ERR,ERR,ERR,ERR,ERR,ERR,ERR,ERR,ERR,ERR,ERR,ERR,ERR,ERR,ERR,ERR,ERR,ERR,ERR,ERR,ERR,ERR,ERR,ERR,ERR,ERR,ERR,ERR,ERR,ERR,ERR,ERR,ERR,2.718424976836509e+23,0.0,0.0,0.0,0.0,-0.0,-0.001,-165.251,0,0,4,17302,7116,0.0,100,0.0,0.0,0.0,0.0,0.0,0,0,0,0,0.0,0,0,0,0,0,0,0,0,0,0,0,0,0,0,0,0,0,0,0,0,0,0,0,0,0,0,0,0,0,0,0,0,0,31,40,40,71,65476,0,300,0,0,8,21553,0.0,-107605600.0,0.0,0.0,0.0,0.0,0.0,0.0,0.0,0.0,0.0,0.0,0.0,0.0,0.0,0.0,0.0,0.0,0.0,0.0,0.0,0.0,-0.0,3.697064747540991e+19,0.0,0.0,0.0,0.0,0.0,0.0,5340.0,-131350.594,6937.0,2.718424976836509e+23,2.7184437118109587e+23,2.004,2.004,0.0,0.0,0.0,0.0,69,0.0,5.848060832989955e+35,0.0,0.0,0.0,0.0,0.0,0.0,0.0,0,0,0,0.0,0.0,0.0,0.0,0.0,0.0,0.0,0.0,0.0,0.0,0.0,0.0,0.0,0.0,0.0,0.0,0,-107875648.0,69,0.0,138,0.0,2.012,ERR,ERR,ERR,ERR,ERR,ERR,ERR,ERR,ERR,ERR,ERR,ERR,ERR,ERR,ERR,ERR,ERR,ERR,ERR,ERR,ERR,ERR,ERR,ERR,ERR,ERR,ERR,ERR,ERR,ERR,ERR,ERR,ERR,ERR,ERR,ERR,ERR,ERR,ERR,ERR,ERR,ERR,ERR,ERR,ERR,ERR,ERR,ERR,ERR,ERR,ERR,ERR,ERR,ERR,ERR,ERR,ERR,ERR,ERR,ERR,ERR,ERR,ERR,ERR,ERR,ERR,ERR,60.0,60.0,35,0.0,0.0,0.0,0.0,0.0,0.0,0.0,0.0,0.0,0.0,0.0,0.0,0.0,0.0,0.0,0.0,65.2,0,111,53,33,65476,0,300,0,0,8,20529,65476,0,0,2621,60.0,0.0,0.0,0.0,0.0,0.0
2026-07-09T15:49:01,ERR,ERR,ERR,ERR,ERR,ERR,ERR,ERR,ERR,ERR,ERR,ERR,ERR,ERR,ERR,ERR,ERR,ERR,ERR,ERR,ERR,ERR,ERR,ERR,ERR,ERR,ERR,ERR,ERR,ERR,ERR,ERR,ERR,ERR,ERR,ERR,ERR,ERR,ERR,ERR,ERR,ERR,ERR,ERR,ERR,ERR,ERR,ERR,ERR,ERR,ERR,ERR,ERR,ERR,ERR,ERR,ERR,ERR,ERR,ERR,ERR,ERR,ERR,ERR,ERR,ERR,ERR,ERR,ERR,ERR,ERR,ERR,ERR,ERR,ERR,ERR,ERR,ERR,ERR,ERR,ERR,ERR,ERR,ERR,ERR,ERR,ERR,ERR,ERR,ERR,ERR,ERR,ERR,ERR,ERR,ERR,ERR,ERR,ERR,ERR,ERR,ERR,ERR,ERR,ERR,ERR,ERR,ERR,ERR,ERR,ERR,ERR,ERR,ERR,ERR,ERR,ERR,ERR,ERR,ERR,ERR,ERR,ERR,ERR,ERR,2.718424976836509e+23,0.0,0.0,0.0,0.0,-0.0,-0.001,-165.251,0,0,4,17302,7116,0.0,100,0.0,0.0,0.0,0.0,0.0,0,0,0,0,0.0,0,0,0,0,0,0,0,0,0,0,0,0,0,0,0,0,0,0,0,0,0,0,0,0,0,0,0,0,0,0,0,0,0,31,40,40,71,65476,0,300,0,0,8,21553,0.0,-107605600.0,0.0,0.0,0.0,0.0,0.0,0.0,0.0,0.0,0.0,0.0,0.0,0.0,0.0,0.0,0.0,0.0,0.0,0.0,0.0,0.0,-0.0,3.697064747540991e+19,0.0,0.0,0.0,0.0,0.0,0.0,5340.0,-131350.594,6937.0,2.718424976836509e+23,2.7184437118109587e+23,2.004,2.004,0.0,0.0,0.0,0.0,69,0.0,5.848060832989955e+35,0.0,0.0,0.0,0.0,0.0,0.0,0.0,0,0,0,0.0,0.0,0.0,0.0,0.0,0.0,0.0,0.0,0.0,0.0,0.0,0.0,0.0,0.0,0.0,0.0,0,-107875648.0,69,0.0,138,0.0,2.012,ERR,ERR,ERR,ERR,ERR,ERR,ERR,ERR,ERR,ERR,ERR,ERR,ERR,ERR,ERR,ERR,ERR,ERR,ERR,ERR,ERR,ERR,ERR,ERR,ERR,ERR,ERR,ERR,ERR,ERR,ERR,ERR,ERR,ERR,ERR,ERR,ERR,ERR,ERR,ERR,ERR,ERR,ERR,ERR,ERR,ERR,ERR,ERR,ERR,ERR,ERR,ERR,ERR,ERR,ERR,ERR,ERR,ERR,ERR,ERR,ERR,ERR,ERR,ERR,ERR,ERR,ERR,60.0,60.0,35,0.0,0.0,0.0,0.0,0.0,0.0,0.0,0.0,0.0,0.0,0.0,0.0,0.0,0.0,0.0,0.0,65.2,0,111,53,33,65476,0,300,0,0,8,20529,65476,0,0,2621,60.0,0.0,0.0,0.0,0.0,0.0
2026-07-09T15:49:02,ERR,ERR,ERR,ERR,ERR,ERR,ERR,ERR,ERR,ERR,ERR,ERR,ERR,ERR,ERR,ERR,ERR,ERR,ERR,ERR,ERR,ERR,ERR,ERR,ERR,ERR,ERR,ERR,ERR,ERR,ERR,ERR,ERR,ERR,ERR,ERR,ERR,ERR,ERR,ERR,ERR,ERR,ERR,ERR,ERR,ERR,ERR,ERR,ERR,ERR,ERR,ERR,ERR,ERR,ERR,ERR,ERR,ERR,ERR,ERR,ERR,ERR,ERR,ERR,ERR,ERR,ERR,ERR,ERR,ERR,ERR,ERR,ERR,ERR,ERR,ERR,ERR,ERR,ERR,ERR,ERR,ERR,ERR,ERR,ERR,ERR,ERR,ERR,ERR,ERR,ERR,ERR,ERR,ERR,ERR,ERR,ERR,ERR,ERR,ERR,ERR,ERR,ERR,ERR,ERR,ERR,ERR,ERR,ERR,ERR,ERR,ERR,ERR,ERR,ERR,ERR,ERR,ERR,ERR,ERR,ERR,ERR,ERR,ERR,ERR,2.718424976836509e+23,0.0,0.0,0.0,0.0,-0.0,-0.001,-165.251,0,0,4,17302,7116,0.0,100,0.0,0.0,0.0,0.0,0.0,0,0,0,0,0.0,0,0,0,0,0,0,0,0,0,0,0,0,0,0,0,0,0,0,0,0,0,0,0,0,0,0,0,0,0,0,0,0,0,31,40,40,71,65476,0,300,0,0,8,21553,0.0,-107605600.0,0.0,0.0,0.0,0.0,0.0,0.0,0.0,0.0,0.0,0.0,0.0,0.0,0.0,0.0,0.0,0.0,0.0,0.0,0.0,0.0,-0.0,3.697064747540991e+19,0.0,0.0,0.0,0.0,0.0,0.0,5340.0,-131350.594,6937.0,2.718424976836509e+23,2.7184437118109587e+23,2.004,2.004,0.0,0.0,0.0,0.0,69,0.0,5.848060832989955e+35,0.0,0.0,0.0,0.0,0.0,0.0,0.0,0,0,0,0.0,0.0,0.0,0.0,0.0,0.0,0.0,0.0,0.0,0.0,0.0,0.0,0.0,0.0,0.0,0.0,0,-107875648.0,69,0.0,138,0.0,2.012,ERR,ERR,ERR,ERR,ERR,ERR,ERR,ERR,ERR,ERR,ERR,ERR,ERR,ERR,ERR,ERR,ERR,ERR,ERR,ERR,ERR,ERR,ERR,ERR,ERR,ERR,ERR,ERR,ERR,ERR,ERR,ERR,ERR,ERR,ERR,ERR,ERR,ERR,ERR,ERR,ERR,ERR,ERR,ERR,ERR,ERR,ERR,ERR,ERR,ERR,ERR,ERR,ERR,ERR,ERR,ERR,ERR,ERR,ERR,ERR,ERR,ERR,ERR,ERR,ERR,ERR,ERR,60.0,60.0,35,0.0,0.0,0.0,0.0,0.0,0.0,0.0,0.0,0.0,0.0,0.0,0.0,0.0,0.0,0.0,0.0,65.2,0,111,54,33,65476,0,300,0,0,8,20529,65476,0,0,2621,60.0,0.0,0.0,0.0,0.0,0.0
2026-07-09T15:49:03,ERR,ERR,ERR,ERR,ERR,ERR,ERR,ERR,ERR,ERR,ERR,ERR,ERR,ERR,ERR,ERR,ERR,ERR,ERR,ERR,ERR,ERR,ERR,ERR,ERR,ERR,ERR,ERR,ERR,ERR,ERR,ERR,ERR,ERR,ERR,ERR,ERR,ERR,ERR,ERR,ERR,ERR,ERR,ERR,ERR,ERR,ERR,ERR,ERR,ERR,ERR,ERR,ERR,ERR,ERR,ERR,ERR,ERR,ERR,ERR,ERR,ERR,ERR,ERR,ERR,ERR,ERR,ERR,ERR,ERR,ERR,ERR,ERR,ERR,ERR,ERR,ERR,ERR,ERR,ERR,ERR,ERR,ERR,ERR,ERR,ERR,ERR,ERR,ERR,ERR,ERR,ERR,ERR,ERR,ERR,ERR,ERR,ERR,ERR,ERR,ERR,ERR,ERR,ERR,ERR,ERR,ERR,ERR,ERR,ERR,ERR,ERR,ERR,ERR,ERR,ERR,ERR,ERR,ERR,ERR,ERR,ERR,ERR,ERR,ERR,2.718424976836509e+23,2.7184437118109587e+23,2.7184163299252243e+23,2.7183478752108883e+23,0.0,-0.0,-0.0,1.913012008862886e+28,0,0,4,17300,7116,0.0,100,0.0,0.0,2.7183478752108883e+23,0.0,0.0,0,0,0,0,0.0,0,0,0,0,0,0,0,0,0,0,0,0,0,0,0,0,0,0,0,0,0,0,0,0,0,0,0,0,0,0,0,0,0,31,40,40,71,65476,0,300,0,0,8,21553,0.0,-107605600.0,0.0,0.0,0.0,0.0,0.0,0.0,0.0,0.0,0.0,0.0,0.0,0.0,0.0,0.0,0.0,0.0,0.0,0.0,0.0,0.0,-0.0,-0.0,0.0,0.0,0.0,0.0,0.0,0.0,5340.0,-0.0,6933.0,0.0,2.7184437118109587e+23,2.004,2.004,0.0,0.0,0.0,0.0,69,0.0,126840643584.0,0.0,0.0,0.0,0.0,0.0,0.0,0.0,0,0,0,0.0,0.0,0.0,0.0,0.0,0.0,0.0,0.0,0.0,0.0,0.0,0.0,0.0,0.0,0.0,0.0,0,-107875648.0,69,0.0,138,0.0,2.012,ERR,ERR,ERR,ERR,ERR,ERR,ERR,ERR,ERR,ERR,ERR,ERR,ERR,ERR,ERR,ERR,ERR,ERR,ERR,ERR,ERR,ERR,ERR,ERR,ERR,ERR,ERR,ERR,ERR,ERR,ERR,ERR,ERR,ERR,ERR,ERR,ERR,ERR,ERR,ERR,ERR,ERR,ERR,ERR,ERR,ERR,ERR,ERR,ERR,ERR,ERR,ERR,ERR,ERR,ERR,ERR,ERR,ERR,ERR,ERR,ERR,ERR,ERR,ERR,ERR,ERR,ERR,60.0,60.0,35,0.0,0.0,0.0,0.0,0.0,0.0,0.0,0.0,0.0,0.0,0.0,0.0,0.0,0.0,0.0,0.0,65.2,0,111,54,33,65476,0,300,0,0,8,20529,65476,0,0,2621,60.0,0.0,0.0,0.0,0.0,0.0
2026-07-09T15:49:04,ERR,ERR,ERR,ERR,ERR,ERR,ERR,ERR,ERR,ERR,ERR,ERR,ERR,ERR,ERR,ERR,ERR,ERR,ERR,ERR,ERR,ERR,ERR,ERR,ERR,ERR,ERR,ERR,ERR,ERR,ERR,ERR,ERR,ERR,ERR,ERR,ERR,ERR,ERR,ERR,ERR,ERR,ERR,ERR,ERR,ERR,ERR,ERR,ERR,ERR,ERR,ERR,ERR,ERR,ERR,ERR,ERR,ERR,ERR,ERR,ERR,ERR,ERR,ERR,ERR,ERR,ERR,ERR,ERR,ERR,ERR,ERR,ERR,ERR,ERR,ERR,ERR,ERR,ERR,ERR,ERR,ERR,ERR,ERR,ERR,ERR,ERR,ERR,ERR,ERR,ERR,ERR,ERR,ERR,ERR,ERR,ERR,ERR,ERR,ERR,ERR,ERR,ERR,ERR,ERR,ERR,ERR,ERR,ERR,ERR,ERR,ERR,ERR,ERR,ERR,ERR,ERR,ERR,ERR,ERR,ERR,ERR,ERR,ERR,ERR,2.718424976836509e+23,2.7184437118109587e+23,2.7184163299252243e+23,2.7183478752108883e+23,0.0,-0.0,-0.0,1.913012008862886e+28,0,0,4,17300,7116,0.0,100,0.0,0.0,2.7183478752108883e+23,0.0,0.0,0,0,0,0,0.0,0,0,0,0,0,0,0,0,0,0,0,0,0,0,0,0,0,0,0,0,0,0,0,0,0,0,0,0,0,0,0,0,0,31,40,40,71,65476,0,300,0,0,8,21553,0.0,-107605600.0,0.0,0.0,0.0,0.0,0.0,0.0,0.0,0.0,0.0,0.0,0.0,0.0,0.0,0.0,0.0,0.0,0.0,0.0,0.0,0.0,-0.0,-0.0,0.0,0.0,0.0,0.0,0.0,0.0,5340.0,-0.0,6933.0,0.0,2.7184437118109587e+23,2.004,2.004,0.0,0.0,0.0,0.0,69,0.0,126840643584.0,0.0,0.0,0.0,0.0,0.0,0.0,0.0,0,0,0,0.0,0.0,0.0,0.0,0.0,0.0,0.0,0.0,0.0,0.0,0.0,0.0,0.0,0.0,0.0,0.0,0,-107875648.0,69,0.0,138,0.0,2.012,ERR,ERR,ERR,ERR,ERR,ERR,ERR,ERR,ERR,ERR,ERR,ERR,ERR,ERR,ERR,ERR,ERR,ERR,ERR,ERR,ERR,ERR,ERR,ERR,ERR,ERR,ERR,ERR,ERR,ERR,ERR,ERR,ERR,ERR,ERR,ERR,ERR,ERR,ERR,ERR,ERR,ERR,ERR,ERR,ERR,ERR,ERR,ERR,ERR,ERR,ERR,ERR,ERR,ERR,ERR,ERR,ERR,ERR,ERR,ERR,ERR,ERR,ERR,ERR,ERR,ERR,ERR,60.0,60.0,35,0.0,0.0,0.0,0.0,0.0,0.0,0.0,0.0,0.0,0.0,0.0,0.0,0.0,0.0,0.0,0.0,65.2,0,111,54,33,65476,0,300,0,0,8,20529,65476,0,0,2621,60.0,0.0,0.0,0.0,0.0,0.0
2026-07-09T15:49:05,ERR,ERR,ERR,ERR,ERR,ERR,ERR,ERR,ERR,ERR,ERR,ERR,ERR,ERR,ERR,ERR,ERR,ERR,ERR,ERR,ERR,ERR,ERR,ERR,ERR,ERR,ERR,ERR,ERR,ERR,ERR,ERR,ERR,ERR,ERR,ERR,ERR,ERR,ERR,ERR,ERR,ERR,ERR,ERR,ERR,ERR,ERR,ERR,ERR,ERR,ERR,ERR,ERR,ERR,ERR,ERR,ERR,ERR,ERR,ERR,ERR,ERR,ERR,ERR,ERR,ERR,ERR,ERR,ERR,ERR,ERR,ERR,ERR,ERR,ERR,ERR,ERR,ERR,ERR,ERR,ERR,ERR,ERR,ERR,ERR,ERR,ERR,ERR,ERR,ERR,ERR,ERR,ERR,ERR,ERR,ERR,ERR,ERR,ERR,ERR,ERR,ERR,ERR,ERR,ERR,ERR,ERR,ERR,ERR,ERR,ERR,ERR,ERR,ERR,ERR,ERR,ERR,ERR,ERR,ERR,ERR,ERR,ERR,ERR,ERR,2.718424976836509e+23,2.7184437118109587e+23,2.7184163299252243e+23,2.7183478752108883e+23,0.0,-0.0,-0.0,1.913012008862886e+28,0,0,4,17300,7116,0.0,100,0.0,0.0,2.7183478752108883e+23,0.0,0.0,0,0,0,0,0.0,0,0,0,0,0,0,0,0,0,0,0,0,0,0,0,0,0,0,0,0,0,0,0,0,0,0,0,0,0,0,0,0,0,31,40,40,71,65476,0,300,0,0,8,21553,0.0,-107605600.0,0.0,0.0,0.0,0.0,0.0,0.0,0.0,0.0,0.0,0.0,0.0,0.0,0.0,0.0,0.0,0.0,0.0,0.0,0.0,0.0,-0.0,-0.0,0.0,0.0,0.0,0.0,0.0,0.0,5340.0,-0.0,6933.0,0.0,2.7184437118109587e+23,2.004,2.004,0.0,0.0,0.0,0.0,69,0.0,126840643584.0,0.0,0.0,0.0,0.0,0.0,0.0,0.0,0,0,0,0.0,0.0,0.0,0.0,0.0,0.0,0.0,0.0,0.0,0.0,0.0,0.0,0.0,0.0,0.0,0.0,0,-107875648.0,69,0.0,138,0.0,2.012,ERR,ERR,ERR,ERR,ERR,ERR,ERR,ERR,ERR,ERR,ERR,ERR,ERR,ERR,ERR,ERR,ERR,ERR,ERR,ERR,ERR,ERR,ERR,ERR,ERR,ERR,ERR,ERR,ERR,ERR,ERR,ERR,ERR,ERR,ERR,ERR,ERR,ERR,ERR,ERR,ERR,ERR,ERR,ERR,ERR,ERR,ERR,ERR,ERR,ERR,ERR,ERR,ERR,ERR,ERR,ERR,ERR,ERR,ERR,ERR,ERR,ERR,ERR,ERR,ERR,ERR,ERR,60.0,60.0,35,0.0,0.0,0.0,0.0,0.0,0.0,0.0,0.0,0.0,0.0,0.0,0.0,0.0,0.0,0.0,0.0,65.2,0,111,54,33,65476,0,300,0,0,8,20529,65476,0,0,2621,60.0,0.0,0.0,0.0,0.0,0.0
2026-07-09T15:49:06,ERR,ERR,ERR,ERR,ERR,ERR,ERR,ERR,ERR,ERR,ERR,ERR,ERR,ERR,ERR,ERR,ERR,ERR,ERR,ERR,ERR,ERR,ERR,ERR,ERR,ERR,ERR,ERR,ERR,ERR,ERR,ERR,ERR,ERR,ERR,ERR,ERR,ERR,ERR,ERR,ERR,ERR,ERR,ERR,ERR,ERR,ERR,ERR,ERR,ERR,ERR,ERR,ERR,ERR,ERR,ERR,ERR,ERR,ERR,ERR,ERR,ERR,ERR,ERR,ERR,ERR,ERR,ERR,ERR,ERR,ERR,ERR,ERR,ERR,ERR,ERR,ERR,ERR,ERR,ERR,ERR,ERR,ERR,ERR,ERR,ERR,ERR,ERR,ERR,ERR,ERR,ERR,ERR,ERR,ERR,ERR,ERR,ERR,ERR,ERR,ERR,ERR,ERR,ERR,ERR,ERR,ERR,ERR,ERR,ERR,ERR,ERR,ERR,ERR,ERR,ERR,ERR,ERR,ERR,ERR,ERR,ERR,ERR,ERR,ERR,2.718424976836509e+23,2.7184437118109587e+23,2.7184163299252243e+23,2.7183478752108883e+23,0.0,-0.0,-0.0,1.913012008862886e+28,0,0,4,17300,7116,0.0,100,0.0,0.0,2.7183478752108883e+23,0.0,0.0,0,0,0,0,0.0,0,0,0,0,0,0,0,0,0,0,0,0,0,0,0,0,0,0,0,0,0,0,0,0,0,0,0,0,0,0,0,0,0,31,40,40,71,65476,0,300,0,0,8,21553,0.0,-107605600.0,0.0,0.0,0.0,0.0,0.0,0.0,0.0,0.0,0.0,0.0,0.0,0.0,0.0,0.0,0.0,0.0,0.0,0.0,0.0,0.0,-0.0,-0.0,0.0,0.0,0.0,0.0,0.0,0.0,5340.0,-0.0,6933.0,0.0,2.7184437118109587e+23,2.004,2.004,0.0,0.0,0.0,0.0,69,0.0,126840643584.0,0.0,0.0,0.0,0.0,0.0,0.0,0.0,0,0,0,0.0,0.0,0.0,0.0,0.0,0.0,0.0,0.0,0.0,0.0,0.0,0.0,0.0,0.0,0.0,0.0,0,-107875648.0,69,0.0,138,0.0,2.012,ERR,ERR,ERR,ERR,ERR,ERR,ERR,ERR,ERR,ERR,ERR,ERR,ERR,ERR,ERR,ERR,ERR,ERR,ERR,ERR,ERR,ERR,ERR,ERR,ERR,ERR,ERR,ERR,ERR,ERR,ERR,ERR,ERR,ERR,ERR,ERR,ERR,ERR,ERR,ERR,ERR,ERR,ERR,ERR,ERR,ERR,ERR,ERR,ERR,ERR,ERR,ERR,ERR,ERR,ERR,ERR,ERR,ERR,ERR,ERR,ERR,ERR,ERR,ERR,ERR,ERR,ERR,60.0,60.0,35,0.0,0.0,0.0,0.0,0.0,0.0,0.0,0.0,0.0,0.0,0.0,0.0,0.0,0.0,0.0,0.0,65.2,0,111,54,33,65476,0,300,0,0,8,20529,65476,0,0,2621,60.0,0.0,0.0,0.0,0.0,0.0
2026-07-09T15:49:07,ERR,ERR,ERR,ERR,ERR,ERR,ERR,ERR,ERR,ERR,ERR,ERR,ERR,ERR,ERR,ERR,ERR,ERR,ERR,ERR,ERR,ERR,ERR,ERR,ERR,ERR,ERR,ERR,ERR,ERR,ERR,ERR,ERR,ERR,ERR,ERR,ERR,ERR,ERR,ERR,ERR,ERR,ERR,ERR,ERR,ERR,ERR,ERR,ERR,ERR,ERR,ERR,ERR,ERR,ERR,ERR,ERR,ERR,ERR,ERR,ERR,ERR,ERR,ERR,ERR,ERR,ERR,ERR,ERR,ERR,ERR,ERR,ERR,ERR,ERR,ERR,ERR,ERR,ERR,ERR,ERR,ERR,ERR,ERR,ERR,ERR,ERR,ERR,ERR,ERR,ERR,ERR,ERR,ERR,ERR,ERR,ERR,ERR,ERR,ERR,ERR,ERR,ERR,ERR,ERR,ERR,ERR,ERR,ERR,ERR,ERR,ERR,ERR,ERR,ERR,ERR,ERR,ERR,ERR,ERR,ERR,ERR,ERR,ERR,ERR,2.718424976836509e+23,2.7184437118109587e+23,2.7184163299252243e+23,2.7183478752108883e+23,0.0,-0.0,-0.0,1.913012008862886e+28,0,0,4,17300,7116,0.0,100,0.0,0.0,2.7183478752108883e+23,0.0,0.0,0,0,0,0,0.0,0,0,0,0,0,0,0,0,0,0,0,0,0,0,0,0,0,0,0,0,0,0,0,0,0,0,0,0,0,0,0,0,0,31,40,40,71,65476,0,300,0,0,8,21553,0.0,-107605600.0,0.0,0.0,0.0,0.0,0.0,0.0,0.0,0.0,0.0,0.0,0.0,0.0,0.0,0.0,0.0,0.0,0.0,0.0,0.0,0.0,-0.0,-0.0,0.0,0.0,0.0,0.0,0.0,0.0,5340.0,-0.0,6933.0,0.0,2.7184437118109587e+23,2.004,2.004,0.0,0.0,0.0,0.0,69,0.0,126840643584.0,0.0,0.0,0.0,0.0,0.0,0.0,0.0,0,0,0,0.0,0.0,0.0,0.0,0.0,0.0,0.0,0.0,0.0,0.0,0.0,0.0,0.0,0.0,0.0,0.0,0,-107875648.0,69,0.0,138,0.0,2.012,ERR,ERR,ERR,ERR,ERR,ERR,ERR,ERR,ERR,ERR,ERR,ERR,ERR,ERR,ERR,ERR,ERR,ERR,ERR,ERR,ERR,ERR,ERR,ERR,ERR,ERR,ERR,ERR,ERR,ERR,ERR,ERR,ERR,ERR,ERR,ERR,ERR,ERR,ERR,ERR,ERR,ERR,ERR,ERR,ERR,ERR,ERR,ERR,ERR,ERR,ERR,ERR,ERR,ERR,ERR,ERR,ERR,ERR,ERR,ERR,ERR,ERR,ERR,ERR,ERR,ERR,ERR,60.0,60.0,35,0.0,0.0,0.0,0.0,0.0,0.0,0.0,0.0,0.0,0.0,0.0,0.0,0.0,0.0,0.0,0.0,65.2,0,111,54,33,65476,0,300,0,0,8,20529,65476,0,0,2621,60.0,0.0,0.0,0.0,0.0,0.0
2026-07-09T15:49:08,ERR,ERR,ERR,ERR,ERR,ERR,ERR,ERR,ERR,ERR,ERR,ERR,ERR,ERR,ERR,ERR,ERR,ERR,ERR,ERR,ERR,ERR,ERR,ERR,ERR,ERR,ERR,ERR,ERR,ERR,ERR,ERR,ERR,ERR,ERR,ERR,ERR,ERR,ERR,ERR,ERR,ERR,ERR,ERR,ERR,ERR,ERR,ERR,ERR,ERR,ERR,ERR,ERR,ERR,ERR,ERR,ERR,ERR,ERR,ERR,ERR,ERR,ERR,ERR,ERR,ERR,ERR,ERR,ERR,ERR,ERR,ERR,ERR,ERR,ERR,ERR,ERR,ERR,ERR,ERR,ERR,ERR,ERR,ERR,ERR,ERR,ERR,ERR,ERR,ERR,ERR,ERR,ERR,ERR,ERR,ERR,ERR,ERR,ERR,ERR,ERR,ERR,ERR,ERR,ERR,ERR,ERR,ERR,ERR,ERR,ERR,ERR,ERR,ERR,ERR,ERR,ERR,ERR,ERR,ERR,ERR,ERR,ERR,ERR,ERR,0.0,-0.0,0.0,0.0,9097377461829632.0,0.0,1.8946456234334618e+17,2.8132308285342228e+29,0,0,4,17301,7116,0.0,100,0.0,0.0,0.0,0.0,0.0,0,0,0,0,0.0,0,0,0,0,0,0,0,0,0,0,0,0,0,0,0,0,0,0,0,0,0,0,0,0,0,0,0,0,0,0,0,0,0,31,40,40,71,65476,0,300,0,0,8,21553,0.0,-107605600.0,0.0,0.0,0.0,0.0,0.0,0.0,0.0,0.0,0.0,0.0,0.0,0.0,0.0,0.0,0.0,0.0,0.0,0.0,0.0,0.0,2.004,-2.004,0.0,0.0,0.0,0.0,0.0,0.0,5340.0,-0.0,6933.0,0.0,-107615952.0,2.004,2.004,0.0,0.0,0.0,0.0,69,0.0,126840643584.0,0.0,0.0,0.0,0.0,0.0,0.0,0.0,0,0,0,0.0,0.0,0.0,0.0,0.0,0.0,0.0,0.0,0.0,0.0,0.0,0.0,0.0,0.0,0.0,0.0,0,-107875648.0,69,0.0,138,0.0,2.012,ERR,ERR,ERR,ERR,ERR,ERR,ERR,ERR,ERR,ERR,ERR,ERR,ERR,ERR,ERR,ERR,ERR,ERR,ERR,ERR,ERR,ERR,ERR,ERR,ERR,ERR,ERR,ERR,ERR,ERR,ERR,ERR,ERR,ERR,ERR,ERR,ERR,ERR,ERR,ERR,ERR,ERR,ERR,ERR,ERR,ERR,ERR,ERR,ERR,ERR,ERR,ERR,ERR,ERR,ERR,ERR,ERR,ERR,ERR,ERR,ERR,ERR,ERR,ERR,ERR,ERR,ERR,60.0,60.0,35,0.0,0.0,0.0,0.0,0.0,0.0,0.0,0.0,0.0,0.0,0.0,0.0,0.0,0.0,0.0,0.0,65.2,0,111,54,33,65476,0,300,0,0,8,20529,65476,0,0,2621,60.0,0.0,0.0,0.0,0.0,0.0
2026-07-09T15:49:09,ERR,ERR,ERR,ERR,ERR,ERR,ERR,ERR,ERR,ERR,ERR,ERR,ERR,ERR,ERR,ERR,ERR,ERR,ERR,ERR,ERR,ERR,ERR,ERR,ERR,ERR,ERR,ERR,ERR,ERR,ERR,ERR,ERR,ERR,ERR,ERR,ERR,ERR,ERR,ERR,ERR,ERR,ERR,ERR,ERR,ERR,ERR,ERR,ERR,ERR,ERR,ERR,ERR,ERR,ERR,ERR,ERR,ERR,ERR,ERR,ERR,ERR,ERR,ERR,ERR,ERR,ERR,ERR,ERR,ERR,ERR,ERR,ERR,ERR,ERR,ERR,ERR,ERR,ERR,ERR,ERR,ERR,ERR,ERR,ERR,ERR,ERR,ERR,ERR,ERR,ERR,ERR,ERR,ERR,ERR,ERR,ERR,ERR,ERR,ERR,ERR,ERR,ERR,ERR,ERR,ERR,ERR,ERR,ERR,ERR,ERR,ERR,ERR,ERR,ERR,ERR,ERR,ERR,ERR,ERR,ERR,ERR,ERR,ERR,ERR,0.0,-0.0,0.0,0.0,9097377461829632.0,0.0,1.8946456234334618e+17,2.8132308285342228e+29,0,0,4,17301,7116,0.0,100,0.0,0.0,0.0,0.0,0.0,0,0,0,0,0.0,0,0,0,0,0,0,0,0,0,0,0,0,0,0,0,0,0,0,0,0,0,0,0,0,0,0,0,0,0,0,0,0,0,31,40,40,71,65476,0,300,0,0,8,21553,0.0,-107605600.0,0.0,0.0,0.0,0.0,0.0,0.0,0.0,0.0,0.0,0.0,0.0,0.0,0.0,0.0,0.0,0.0,0.0,0.0,0.0,0.0,2.004,-2.004,0.0,0.0,0.0,0.0,0.0,0.0,5340.0,-0.0,6933.0,0.0,-107615952.0,2.004,2.004,0.0,0.0,0.0,0.0,69,0.0,126840643584.0,0.0,0.0,0.0,0.0,0.0,0.0,0.0,0,0,0,0.0,0.0,0.0,0.0,0.0,0.0,0.0,0.0,0.0,0.0,0.0,0.0,0.0,0.0,0.0,0.0,0,-107875648.0,69,0.0,138,0.0,2.012,ERR,ERR,ERR,ERR,ERR,ERR,ERR,ERR,ERR,ERR,ERR,ERR,ERR,ERR,ERR,ERR,ERR,ERR,ERR,ERR,ERR,ERR,ERR,ERR,ERR,ERR,ERR,ERR,ERR,ERR,ERR,ERR,ERR,ERR,ERR,ERR,ERR,ERR,ERR,ERR,ERR,ERR,ERR,ERR,ERR,ERR,ERR,ERR,ERR,ERR,ERR,ERR,ERR,ERR,ERR,ERR,ERR,ERR,ERR,ERR,ERR,ERR,ERR,ERR,ERR,ERR,ERR,60.0,60.0,35,0.0,0.0,0.0,0.0,0.0,0.0,0.0,0.0,0.0,0.0,0.0,0.0,0.0,0.0,0.0,0.0,65.2,0,111,54,33,65476,0,300,0,0,8,20529,65476,0,0,2621,60.0,0.0,0.0,0.0,0.0,0.0
2026-07-09T15:49:10,ERR,ERR,ERR,ERR,ERR,ERR,ERR,ERR,ERR,ERR,ERR,ERR,ERR,ERR,ERR,ERR,ERR,ERR,ERR,ERR,ERR,ERR,ERR,ERR,ERR,ERR,ERR,ERR,ERR,ERR,ERR,ERR,ERR,ERR,ERR,ERR,ERR,ERR,ERR,ERR,ERR,ERR,ERR,ERR,ERR,ERR,ERR,ERR,ERR,ERR,ERR,ERR,ERR,ERR,ERR,ERR,ERR,ERR,ERR,ERR,ERR,ERR,ERR,ERR,ERR,ERR,ERR,ERR,ERR,ERR,ERR,ERR,ERR,ERR,ERR,ERR,ERR,ERR,ERR,ERR,ERR,ERR,ERR,ERR,ERR,ERR,ERR,ERR,ERR,ERR,ERR,ERR,ERR,ERR,ERR,ERR,ERR,ERR,ERR,ERR,ERR,ERR,ERR,ERR,ERR,ERR,ERR,ERR,ERR,ERR,ERR,ERR,ERR,ERR,ERR,ERR,ERR,ERR,ERR,ERR,ERR,ERR,ERR,ERR,ERR,0.0,-0.0,0.0,0.0,9097377461829632.0,0.0,1.8946456234334618e+17,2.8132308285342228e+29,0,0,4,17301,7116,0.0,100,0.0,0.0,0.0,0.0,0.0,0,0,0,0,0.0,0,0,0,0,0,0,0,0,0,0,0,0,0,0,0,0,0,0,0,0,0,0,0,0,0,0,0,0,0,0,0,0,0,31,40,40,71,65476,0,300,0,0,8,21553,0.0,-107605600.0,0.0,0.0,0.0,0.0,0.0,0.0,0.0,0.0,0.0,0.0,0.0,0.0,0.0,0.0,0.0,0.0,0.0,0.0,0.0,0.0,2.004,-2.004,0.0,0.0,0.0,0.0,0.0,0.0,5340.0,-0.0,6933.0,0.0,-107615952.0,2.004,2.004,0.0,0.0,0.0,0.0,69,0.0,126840643584.0,0.0,0.0,0.0,0.0,0.0,0.0,0.0,0,0,0,0.0,0.0,0.0,0.0,0.0,0.0,0.0,0.0,0.0,0.0,0.0,0.0,0.0,0.0,0.0,0.0,0,-107875648.0,69,0.0,138,0.0,2.012,ERR,ERR,ERR,ERR,ERR,ERR,ERR,ERR,ERR,ERR,ERR,ERR,ERR,ERR,ERR,ERR,ERR,ERR,ERR,ERR,ERR,ERR,ERR,ERR,ERR,ERR,ERR,ERR,ERR,ERR,ERR,ERR,ERR,ERR,ERR,ERR,ERR,ERR,ERR,ERR,ERR,ERR,ERR,ERR,ERR,ERR,ERR,ERR,ERR,ERR,ERR,ERR,ERR,ERR,ERR,ERR,ERR,ERR,ERR,ERR,ERR,ERR,ERR,ERR,ERR,ERR,ERR,60.0,60.0,35,0.0,0.0,0.0,0.0,0.0,0.0,0.0,0.0,0.0,0.0,0.0,0.0,0.0,0.0,0.0,0.0,65.2,0,111,54,33,65476,0,300,0,0,8,20529,65476,0,0,2621,60.0,0.0,0.0,0.0,0.0,0.0
2026-07-09T15:49:11,ERR,ERR,ERR,ERR,ERR,ERR,ERR,ERR,ERR,ERR,ERR,ERR,ERR,ERR,ERR,ERR,ERR,ERR,ERR,ERR,ERR,ERR,ERR,ERR,ERR,ERR,ERR,ERR,ERR,ERR,ERR,ERR,ERR,ERR,ERR,ERR,ERR,ERR,ERR,ERR,ERR,ERR,ERR,ERR,ERR,ERR,ERR,ERR,ERR,ERR,ERR,ERR,ERR,ERR,ERR,ERR,ERR,ERR,ERR,ERR,ERR,ERR,ERR,ERR,ERR,ERR,ERR,ERR,ERR,ERR,ERR,ERR,ERR,ERR,ERR,ERR,ERR,ERR,ERR,ERR,ERR,ERR,ERR,ERR,ERR,ERR,ERR,ERR,ERR,ERR,ERR,ERR,ERR,ERR,ERR,ERR,ERR,ERR,ERR,ERR,ERR,ERR,ERR,ERR,ERR,ERR,ERR,ERR,ERR,ERR,ERR,ERR,ERR,ERR,ERR,ERR,ERR,ERR,ERR,ERR,ERR,ERR,ERR,ERR,ERR,0.0,-0.0,0.0,0.0,9097377461829632.0,0.0,1.8946456234334618e+17,2.8132308285342228e+29,0,0,4,17301,7116,0.0,100,0.0,0.0,0.0,0.0,0.0,0,0,0,0,0.0,0,0,0,0,0,0,0,0,0,0,0,0,0,0,0,0,0,0,0,0,0,0,0,0,0,0,0,0,0,0,0,0,0,31,40,40,71,65476,0,300,0,0,8,21553,0.0,-107605600.0,0.0,0.0,0.0,0.0,0.0,0.0,0.0,0.0,0.0,0.0,0.0,0.0,0.0,0.0,0.0,0.0,0.0,0.0,0.0,0.0,2.004,-2.004,0.0,0.0,0.0,0.0,0.0,0.0,5340.0,-0.0,6933.0,0.0,-107615952.0,2.004,2.004,0.0,0.0,0.0,0.0,69,0.0,126840643584.0,0.0,0.0,0.0,0.0,0.0,0.0,0.0,0,0,0,0.0,0.0,0.0,0.0,0.0,0.0,0.0,0.0,0.0,0.0,0.0,0.0,0.0,0.0,0.0,0.0,0,-107875648.0,69,0.0,138,0.0,2.012,ERR,ERR,ERR,ERR,ERR,ERR,ERR,ERR,ERR,ERR,ERR,ERR,ERR,ERR,ERR,ERR,ERR,ERR,ERR,ERR,ERR,ERR,ERR,ERR,ERR,ERR,ERR,ERR,ERR,ERR,ERR,ERR,ERR,ERR,ERR,ERR,ERR,ERR,ERR,ERR,ERR,ERR,ERR,ERR,ERR,ERR,ERR,ERR,ERR,ERR,ERR,ERR,ERR,ERR,ERR,ERR,ERR,ERR,ERR,ERR,ERR,ERR,ERR,ERR,ERR,ERR,ERR,60.0,60.0,35,0.0,0.0,0.0,0.0,0.0,0.0,0.0,0.0,0.0,0.0,0.0,0.0,0.0,0.0,0.0,0.0,65.2,0,111,54,33,65476,0,300,0,0,8,20529,65476,0,0,2621,60.0,0.0,0.0,0.0,0.0,0.0
2026-07-09T15:49:12,ERR,ERR,ERR,ERR,ERR,ERR,ERR,ERR,ERR,ERR,ERR,ERR,ERR,ERR,ERR,ERR,ERR,ERR,ERR,ERR,ERR,ERR,ERR,ERR,ERR,ERR,ERR,ERR,ERR,ERR,ERR,ERR,ERR,ERR,ERR,ERR,ERR,ERR,ERR,ERR,ERR,ERR,ERR,ERR,ERR,ERR,ERR,ERR,ERR,ERR,ERR,ERR,ERR,ERR,ERR,ERR,ERR,ERR,ERR,ERR,ERR,ERR,ERR,ERR,ERR,ERR,ERR,ERR,ERR,ERR,ERR,ERR,ERR,ERR,ERR,ERR,ERR,ERR,ERR,ERR,ERR,ERR,ERR,ERR,ERR,ERR,ERR,ERR,ERR,ERR,ERR,ERR,ERR,ERR,ERR,ERR,ERR,ERR,ERR,ERR,ERR,ERR,ERR,ERR,ERR,ERR,ERR,ERR,ERR,ERR,ERR,ERR,ERR,ERR,ERR,ERR,ERR,ERR,ERR,ERR,ERR,ERR,ERR,ERR,ERR,0.0,-0.0,0.0,0.0,9097377461829632.0,0.0,1.8946456234334618e+17,2.8132308285342228e+29,0,0,4,17301,7116,0.0,100,0.0,0.0,0.0,0.0,0.0,0,0,0,0,0.0,0,0,0,0,0,0,0,0,0,0,0,0,0,0,0,0,0,0,0,0,0,0,0,0,0,0,0,0,0,0,0,0,0,31,40,40,71,65476,0,300,0,0,8,21553,0.0,-107605600.0,0.0,0.0,0.0,0.0,0.0,0.0,0.0,0.0,0.0,0.0,0.0,0.0,0.0,0.0,0.0,0.0,0.0,0.0,0.0,0.0,2.004,-2.004,0.0,0.0,0.0,0.0,0.0,0.0,5340.0,-0.0,6933.0,0.0,-107615952.0,2.004,2.004,0.0,0.0,0.0,0.0,69,0.0,126840643584.0,0.0,0.0,0.0,0.0,0.0,0.0,0.0,0,0,0,0.0,0.0,0.0,0.0,0.0,0.0,0.0,0.0,0.0,0.0,0.0,0.0,0.0,0.0,0.0,0.0,0,-107875648.0,69,0.0,138,0.0,2.012,ERR,ERR,ERR,ERR,ERR,ERR,ERR,ERR,ERR,ERR,ERR,ERR,ERR,ERR,ERR,ERR,ERR,ERR,ERR,ERR,ERR,ERR,ERR,ERR,ERR,ERR,ERR,ERR,ERR,ERR,ERR,ERR,ERR,ERR,ERR,ERR,ERR,ERR,ERR,ERR,ERR,ERR,ERR,ERR,ERR,ERR,ERR,ERR,ERR,ERR,ERR,ERR,ERR,ERR,ERR,ERR,ERR,ERR,ERR,ERR,ERR,ERR,ERR,ERR,ERR,ERR,ERR,60.0,60.0,35,0.0,0.0,0.0,0.0,0.0,0.0,0.0,0.0,0.0,0.0,0.0,0.0,0.0,0.0,0.0,0.0,65.2,0,111,54,33,65476,0,300,0,0,8,20529,65476,0,0,2621,60.0,0.0,0.0,0.0,0.0,0.0
2026-07-09T15:49:13,ERR,ERR,ERR,ERR,ERR,ERR,ERR,ERR,ERR,ERR,ERR,ERR,ERR,ERR,ERR,ERR,ERR,ERR,ERR,ERR,ERR,ERR,ERR,ERR,ERR,ERR,ERR,ERR,ERR,ERR,ERR,ERR,ERR,ERR,ERR,ERR,ERR,ERR,ERR,ERR,ERR,ERR,ERR,ERR,ERR,ERR,ERR,ERR,ERR,ERR,ERR,ERR,ERR,ERR,ERR,ERR,ERR,ERR,ERR,ERR,ERR,ERR,ERR,ERR,ERR,ERR,ERR,ERR,ERR,ERR,ERR,ERR,ERR,ERR,ERR,ERR,ERR,ERR,ERR,ERR,ERR,ERR,ERR,ERR,ERR,ERR,ERR,ERR,ERR,ERR,ERR,ERR,ERR,ERR,ERR,ERR,ERR,ERR,ERR,ERR,ERR,ERR,ERR,ERR,ERR,ERR,ERR,ERR,ERR,ERR,ERR,ERR,ERR,ERR,ERR,ERR,ERR,ERR,ERR,ERR,ERR,ERR,ERR,ERR,ERR,0.0,-107615952.0,-0.0,2.7183478752108883e+23,0.0,-0.0,-1.4242558161085454e+23,1.8482450976230924e+33,0,0,4,17301,7116,0.0,100,0.0,0.0,2.7183478752108883e+23,0.0,0.0,0,0,0,0,0.0,0,0,0,0,0,0,0,0,0,0,0,0,0,0,0,0,0,0,0,0,0,0,0,0,0,0,0,0,0,0,0,0,0,31,40,40,71,65476,0,300,0,0,8,21553,0.0,-107605600.0,0.0,0.0,0.0,0.0,0.0,0.0,0.0,0.0,0.0,0.0,0.0,0.0,0.0,0.0,0.0,0.0,0.0,0.0,0.0,0.0,2.004,-2.004,0.0,0.0,0.0,0.0,0.0,0.0,5341.0,-0.0,6934.0,0.0,0.0,2.004,2.004,0.0,0.0,0.0,0.0,69,0.0,1.9056881561501696e+17,0.0,0.0,0.0,0.0,0.0,0.0,0.0,0,0,0,0.0,0.0,0.0,0.0,0.0,0.0,0.0,0.0,0.0,0.0,0.0,0.0,0.0,0.0,0.0,0.0,0,-107875648.0,69,0.0,138,0.0,2.012,ERR,ERR,ERR,ERR,ERR,ERR,ERR,ERR,ERR,ERR,ERR,ERR,ERR,ERR,ERR,ERR,ERR,ERR,ERR,ERR,ERR,ERR,ERR,ERR,ERR,ERR,ERR,ERR,ERR,ERR,ERR,ERR,ERR,ERR,ERR,ERR,ERR,ERR,ERR,ERR,ERR,ERR,ERR,ERR,ERR,ERR,ERR,ERR,ERR,ERR,ERR,ERR,ERR,ERR,ERR,ERR,ERR,ERR,ERR,ERR,ERR,ERR,ERR,ERR,ERR,ERR,ERR,60.0,60.0,35,0.0,0.0,0.0,0.0,0.0,0.0,0.0,0.0,0.0,0.0,0.0,0.0,0.0,0.0,0.0,0.0,65.2,0,111,54,33,65476,0,300,0,0,8,20529,65476,0,0,2621,60.0,0.0,0.0,0.0,0.0,0.0
2026-07-09T15:49:14,ERR,ERR,ERR,ERR,ERR,ERR,ERR,ERR,ERR,ERR,ERR,ERR,ERR,ERR,ERR,ERR,ERR,ERR,ERR,ERR,ERR,ERR,ERR,ERR,ERR,ERR,ERR,ERR,ERR,ERR,ERR,ERR,ERR,ERR,ERR,ERR,ERR,ERR,ERR,ERR,ERR,ERR,ERR,ERR,ERR,ERR,ERR,ERR,ERR,ERR,ERR,ERR,ERR,ERR,ERR,ERR,ERR,ERR,ERR,ERR,ERR,ERR,ERR,ERR,ERR,ERR,ERR,ERR,ERR,ERR,ERR,ERR,ERR,ERR,ERR,ERR,ERR,ERR,ERR,ERR,ERR,ERR,ERR,ERR,ERR,ERR,ERR,ERR,ERR,ERR,ERR,ERR,ERR,ERR,ERR,ERR,ERR,ERR,ERR,ERR,ERR,ERR,ERR,ERR,ERR,ERR,ERR,ERR,ERR,ERR,ERR,ERR,ERR,ERR,ERR,ERR,ERR,ERR,ERR,ERR,ERR,ERR,ERR,ERR,ERR,0.0,-107615952.0,-0.0,2.7183478752108883e+23,0.0,-0.0,-1.4242558161085454e+23,1.8482450976230924e+33,0,0,4,17301,7116,0.0,100,0.0,0.0,2.7183478752108883e+23,0.0,0.0,0,0,0,0,0.0,0,0,0,0,0,0,0,0,0,0,0,0,0,0,0,0,0,0,0,0,0,0,0,0,0,0,0,0,0,0,0,0,0,31,40,40,71,65476,0,300,0,0,8,21553,0.0,-107605600.0,0.0,0.0,0.0,0.0,0.0,0.0,0.0,0.0,0.0,0.0,0.0,0.0,0.0,0.0,0.0,0.0,0.0,0.0,0.0,0.0,2.004,-2.004,0.0,0.0,0.0,0.0,0.0,0.0,5341.0,-0.0,6934.0,0.0,0.0,2.004,2.004,0.0,0.0,0.0,0.0,69,0.0,1.9056881561501696e+17,0.0,0.0,0.0,0.0,0.0,0.0,0.0,0,0,0,0.0,0.0,0.0,0.0,0.0,0.0,0.0,0.0,0.0,0.0,0.0,0.0,0.0,0.0,0.0,0.0,0,-107875648.0,69,0.0,138,0.0,2.012,ERR,ERR,ERR,ERR,ERR,ERR,ERR,ERR,ERR,ERR,ERR,ERR,ERR,ERR,ERR,ERR,ERR,ERR,ERR,ERR,ERR,ERR,ERR,ERR,ERR,ERR,ERR,ERR,ERR,ERR,ERR,ERR,ERR,ERR,ERR,ERR,ERR,ERR,ERR,ERR,ERR,ERR,ERR,ERR,ERR,ERR,ERR,ERR,ERR,ERR,ERR,ERR,ERR,ERR,ERR,ERR,ERR,ERR,ERR,ERR,ERR,ERR,ERR,ERR,ERR,ERR,ERR,60.0,60.0,35,0.0,0.0,0.0,0.0,0.0,0.0,0.0,0.0,0.0,0.0,0.0,0.0,0.0,0.0,0.0,0.0,65.2,0,111,54,33,65476,0,300,0,0,8,20529,65476,0,0,2621,60.0,0.0,0.0,0.0,0.0,0.0
2026-07-09T15:49:15,ERR,ERR,ERR,ERR,ERR,ERR,ERR,ERR,ERR,ERR,ERR,ERR,ERR,ERR,ERR,ERR,ERR,ERR,ERR,ERR,ERR,ERR,ERR,ERR,ERR,ERR,ERR,ERR,ERR,ERR,ERR,ERR,ERR,ERR,ERR,ERR,ERR,ERR,ERR,ERR,ERR,ERR,ERR,ERR,ERR,ERR,ERR,ERR,ERR,ERR,ERR,ERR,ERR,ERR,ERR,ERR,ERR,ERR,ERR,ERR,ERR,ERR,ERR,ERR,ERR,ERR,ERR,ERR,ERR,ERR,ERR,ERR,ERR,ERR,ERR,ERR,ERR,ERR,ERR,ERR,ERR,ERR,ERR,ERR,ERR,ERR,ERR,ERR,ERR,ERR,ERR,ERR,ERR,ERR,ERR,ERR,ERR,ERR,ERR,ERR,ERR,ERR,ERR,ERR,ERR,ERR,ERR,ERR,ERR,ERR,ERR,ERR,ERR,ERR,ERR,ERR,ERR,ERR,ERR,ERR,ERR,ERR,ERR,ERR,ERR,0.0,-107615952.0,-0.0,2.7183478752108883e+23,0.0,-0.0,-1.4242558161085454e+23,1.8482450976230924e+33,0,0,4,17301,7116,0.0,100,0.0,0.0,2.7183478752108883e+23,0.0,0.0,0,0,0,0,0.0,0,0,0,0,0,0,0,0,0,0,0,0,0,0,0,0,0,0,0,0,0,0,0,0,0,0,0,0,0,0,0,0,0,31,40,40,71,65476,0,300,0,0,8,21553,0.0,-107605600.0,0.0,0.0,0.0,0.0,0.0,0.0,0.0,0.0,0.0,0.0,0.0,0.0,0.0,0.0,0.0,0.0,0.0,0.0,0.0,0.0,2.004,-2.004,0.0,0.0,0.0,0.0,0.0,0.0,5341.0,-0.0,6934.0,0.0,0.0,2.004,2.004,0.0,0.0,0.0,0.0,69,0.0,1.9056881561501696e+17,0.0,0.0,0.0,0.0,0.0,0.0,0.0,0,0,0,0.0,0.0,0.0,0.0,0.0,0.0,0.0,0.0,0.0,0.0,0.0,0.0,0.0,0.0,0.0,0.0,0,-107875648.0,69,0.0,138,0.0,2.012,ERR,ERR,ERR,ERR,ERR,ERR,ERR,ERR,ERR,ERR,ERR,ERR,ERR,ERR,ERR,ERR,ERR,ERR,ERR,ERR,ERR,ERR,ERR,ERR,ERR,ERR,ERR,ERR,ERR,ERR,ERR,ERR,ERR,ERR,ERR,ERR,ERR,ERR,ERR,ERR,ERR,ERR,ERR,ERR,ERR,ERR,ERR,ERR,ERR,ERR,ERR,ERR,ERR,ERR,ERR,ERR,ERR,ERR,ERR,ERR,ERR,ERR,ERR,ERR,ERR,ERR,ERR,60.0,60.0,35,0.0,0.0,0.0,0.0,0.0,0.0,0.0,0.0,0.0,0.0,0.0,0.0,0.0,0.0,0.0,0.0,65.2,0,111,54,33,65476,0,300,0,0,8,20529,65476,0,0,2621,60.0,0.0,0.0,0.0,0.0,0.0
2026-07-09T15:49:16,ERR,ERR,ERR,ERR,ERR,ERR,ERR,ERR,ERR,ERR,ERR,ERR,ERR,ERR,ERR,ERR,ERR,ERR,ERR,ERR,ERR,ERR,ERR,ERR,ERR,ERR,ERR,ERR,ERR,ERR,ERR,ERR,ERR,ERR,ERR,ERR,ERR,ERR,ERR,ERR,ERR,ERR,ERR,ERR,ERR,ERR,ERR,ERR,ERR,ERR,ERR,ERR,ERR,ERR,ERR,ERR,ERR,ERR,ERR,ERR,ERR,ERR,ERR,ERR,ERR,ERR,ERR,ERR,ERR,ERR,ERR,ERR,ERR,ERR,ERR,ERR,ERR,ERR,ERR,ERR,ERR,ERR,ERR,ERR,ERR,ERR,ERR,ERR,ERR,ERR,ERR,ERR,ERR,ERR,ERR,ERR,ERR,ERR,ERR,ERR,ERR,ERR,ERR,ERR,ERR,ERR,ERR,ERR,ERR,ERR,ERR,ERR,ERR,ERR,ERR,ERR,ERR,ERR,ERR,ERR,ERR,ERR,ERR,ERR,ERR,0.0,-107615952.0,-0.0,2.7183478752108883e+23,0.0,-0.0,-1.4242558161085454e+23,1.8482450976230924e+33,0,0,4,17301,7116,0.0,100,0.0,0.0,2.7183478752108883e+23,0.0,0.0,0,0,0,0,0.0,0,0,0,0,0,0,0,0,0,0,0,0,0,0,0,0,0,0,0,0,0,0,0,0,0,0,0,0,0,0,0,0,0,31,40,40,71,65476,0,300,0,0,8,21553,0.0,-107605600.0,0.0,0.0,0.0,0.0,0.0,0.0,0.0,0.0,0.0,0.0,0.0,0.0,0.0,0.0,0.0,0.0,0.0,0.0,0.0,0.0,2.004,-2.004,0.0,0.0,0.0,0.0,0.0,0.0,5341.0,-0.0,6934.0,0.0,0.0,2.004,2.004,0.0,0.0,0.0,0.0,69,0.0,1.9056881561501696e+17,0.0,0.0,0.0,0.0,0.0,0.0,0.0,0,0,0,0.0,0.0,0.0,0.0,0.0,0.0,0.0,0.0,0.0,0.0,0.0,0.0,0.0,0.0,0.0,0.0,0,-107875648.0,69,0.0,138,0.0,2.012,ERR,ERR,ERR,ERR,ERR,ERR,ERR,ERR,ERR,ERR,ERR,ERR,ERR,ERR,ERR,ERR,ERR,ERR,ERR,ERR,ERR,ERR,ERR,ERR,ERR,ERR,ERR,ERR,ERR,ERR,ERR,ERR,ERR,ERR,ERR,ERR,ERR,ERR,ERR,ERR,ERR,ERR,ERR,ERR,ERR,ERR,ERR,ERR,ERR,ERR,ERR,ERR,ERR,ERR,ERR,ERR,ERR,ERR,ERR,ERR,ERR,ERR,ERR,ERR,ERR,ERR,ERR,60.0,60.0,35,0.0,0.0,0.0,0.0,0.0,0.0,0.0,0.0,0.0,0.0,0.0,0.0,0.0,0.0,0.0,0.0,65.2,0,111,54,33,65476,0,300,0,0,8,20529,65476,0,0,2621,60.0,0.0,0.0,0.0,0.0,0.0
2026-07-09T15:49:17,ERR,ERR,ERR,ERR,ERR,ERR,ERR,ERR,ERR,ERR,ERR,ERR,ERR,ERR,ERR,ERR,ERR,ERR,ERR,ERR,ERR,ERR,ERR,ERR,ERR,ERR,ERR,ERR,ERR,ERR,ERR,ERR,ERR,ERR,ERR,ERR,ERR,ERR,ERR,ERR,ERR,ERR,ERR,ERR,ERR,ERR,ERR,ERR,ERR,ERR,ERR,ERR,ERR,ERR,ERR,ERR,ERR,ERR,ERR,ERR,ERR,ERR,ERR,ERR,ERR,ERR,ERR,ERR,ERR,ERR,ERR,ERR,ERR,ERR,ERR,ERR,ERR,ERR,ERR,ERR,ERR,ERR,ERR,ERR,ERR,ERR,ERR,ERR,ERR,ERR,ERR,ERR,ERR,ERR,ERR,ERR,ERR,ERR,ERR,ERR,ERR,ERR,ERR,ERR,ERR,ERR,ERR,ERR,ERR,ERR,ERR,ERR,ERR,ERR,ERR,ERR,ERR,ERR,ERR,ERR,ERR,ERR,ERR,ERR,ERR,0.0,-107615952.0,-0.0,2.7183478752108883e+23,0.0,-0.0,-1.4242558161085454e+23,1.8482450976230924e+33,0,0,4,17301,7116,0.0,100,0.0,0.0,2.7183478752108883e+23,0.0,0.0,0,0,0,0,0.0,0,0,0,0,0,0,0,0,0,0,0,0,0,0,0,0,0,0,0,0,0,0,0,0,0,0,0,0,0,0,0,0,0,31,40,40,71,65476,0,300,0,0,8,21553,0.0,-107605600.0,0.0,0.0,0.0,0.0,0.0,0.0,0.0,0.0,0.0,0.0,0.0,0.0,0.0,0.0,0.0,0.0,0.0,0.0,0.0,0.0,2.004,-2.004,0.0,0.0,0.0,0.0,0.0,0.0,5341.0,-0.0,6934.0,0.0,0.0,2.004,2.004,0.0,0.0,0.0,0.0,69,0.0,1.9056881561501696e+17,0.0,0.0,0.0,0.0,0.0,0.0,0.0,0,0,0,0.0,0.0,0.0,0.0,0.0,0.0,0.0,0.0,0.0,0.0,0.0,0.0,0.0,0.0,0.0,0.0,0,-107875648.0,69,0.0,138,0.0,2.012,ERR,ERR,ERR,ERR,ERR,ERR,ERR,ERR,ERR,ERR,ERR,ERR,ERR,ERR,ERR,ERR,ERR,ERR,ERR,ERR,ERR,ERR,ERR,ERR,ERR,ERR,ERR,ERR,ERR,ERR,ERR,ERR,ERR,ERR,ERR,ERR,ERR,ERR,ERR,ERR,ERR,ERR,ERR,ERR,ERR,ERR,ERR,ERR,ERR,ERR,ERR,ERR,ERR,ERR,ERR,ERR,ERR,ERR,ERR,ERR,ERR,ERR,ERR,ERR,ERR,ERR,ERR,60.0,60.0,35,0.0,0.0,0.0,0.0,0.0,0.0,0.0,0.0,0.0,0.0,0.0,0.0,0.0,0.0,0.0,0.0,65.2,0,111,54,33,65476,0,300,0,0,8,20529,65476,0,0,2621,60.0,0.0,0.0,0.0,0.0,0.0
2026-07-09T15:49:18,ERR,ERR,ERR,ERR,ERR,ERR,ERR,ERR,ERR,ERR,ERR,ERR,ERR,ERR,ERR,ERR,ERR,ERR,ERR,ERR,ERR,ERR,ERR,ERR,ERR,ERR,ERR,ERR,ERR,ERR,ERR,ERR,ERR,ERR,ERR,ERR,ERR,ERR,ERR,ERR,ERR,ERR,ERR,ERR,ERR,ERR,ERR,ERR,ERR,ERR,ERR,ERR,ERR,ERR,ERR,ERR,ERR,ERR,ERR,ERR,ERR,ERR,ERR,ERR,ERR,ERR,ERR,ERR,ERR,ERR,ERR,ERR,ERR,ERR,ERR,ERR,ERR,ERR,ERR,ERR,ERR,ERR,ERR,ERR,ERR,ERR,ERR,ERR,ERR,ERR,ERR,ERR,ERR,ERR,ERR,ERR,ERR,ERR,ERR,ERR,ERR,ERR,ERR,ERR,ERR,ERR,ERR,ERR,ERR,ERR,ERR,ERR,ERR,ERR,ERR,ERR,ERR,ERR,ERR,ERR,ERR,ERR,ERR,ERR,ERR,0.0,0.0,2.7184166902131945e+23,2.7183478752108883e+23,-0.0,0.194,-0.0,-0.0,0,0,4,17301,7116,0.0,100,0.0,0.0,0.0,0.0,0.0,0,0,0,0,0.0,0,0,0,0,0,0,0,0,0,0,0,0,0,0,0,0,0,0,0,0,0,0,0,0,0,0,0,0,0,0,0,0,0,31,40,40,71,65476,0,300,0,0,8,21553,0.0,-107605600.0,0.0,0.0,0.0,0.0,0.0,0.0,0.0,0.0,0.0,0.0,0.0,0.0,0.0,0.0,0.0,0.0,0.0,0.0,0.0,0.0,2.004,0.0,0.0,0.0,0.0,0.0,0.0,0.0,5314.0,-2.004,6936.0,0.0,0.0,2.004,2.004,0.0,0.0,0.0,0.0,69,89220.648,4.066858569275696e+29,0.0,0.0,0.0,0.0,0.0,0.0,0.0,0,0,0,0.0,0.0,0.0,0.0,0.0,0.0,0.0,0.0,0.0,0.0,0.0,0.0,0.0,0.0,0.0,0.0,0,-107875648.0,69,0.0,138,0.0,2.012,ERR,ERR,ERR,ERR,ERR,ERR,ERR,ERR,ERR,ERR,ERR,ERR,ERR,ERR,ERR,ERR,ERR,ERR,ERR,ERR,ERR,ERR,ERR,ERR,ERR,ERR,ERR,ERR,ERR,ERR,ERR,ERR,ERR,ERR,ERR,ERR,ERR,ERR,ERR,ERR,ERR,ERR,ERR,ERR,ERR,ERR,ERR,ERR,ERR,ERR,ERR,ERR,ERR,ERR,ERR,ERR,ERR,ERR,ERR,ERR,ERR,ERR,ERR,ERR,ERR,ERR,ERR,60.0,60.0,35,0.0,0.0,0.0,0.0,0.0,0.0,0.0,0.0,0.0,0.0,0.0,0.0,0.0,0.0,0.0,0.0,65.2,0,111,54,33,65476,0,300,0,0,8,20529,65476,0,0,2621,60.0,0.0,0.0,0.0,0.0,0.0
2026-07-09T15:49:19,ERR,ERR,ERR,ERR,ERR,ERR,ERR,ERR,ERR,ERR,ERR,ERR,ERR,ERR,ERR,ERR,ERR,ERR,ERR,ERR,ERR,ERR,ERR,ERR,ERR,ERR,ERR,ERR,ERR,ERR,ERR,ERR,ERR,ERR,ERR,ERR,ERR,ERR,ERR,ERR,ERR,ERR,ERR,ERR,ERR,ERR,ERR,ERR,ERR,ERR,ERR,ERR,ERR,ERR,ERR,ERR,ERR,ERR,ERR,ERR,ERR,ERR,ERR,ERR,ERR,ERR,ERR,ERR,ERR,ERR,ERR,ERR,ERR,ERR,ERR,ERR,ERR,ERR,ERR,ERR,ERR,ERR,ERR,ERR,ERR,ERR,ERR,ERR,ERR,ERR,ERR,ERR,ERR,ERR,ERR,ERR,ERR,ERR,ERR,ERR,ERR,ERR,ERR,ERR,ERR,ERR,ERR,ERR,ERR,ERR,ERR,ERR,ERR,ERR,ERR,ERR,ERR,ERR,ERR,ERR,ERR,ERR,ERR,ERR,ERR,0.0,0.0,2.7184166902131945e+23,2.7183478752108883e+23,-0.0,0.194,-0.0,-0.0,0,0,4,17301,7116,0.0,100,0.0,0.0,0.0,0.0,0.0,0,0,0,0,0.0,0,0,0,0,0,0,0,0,0,0,0,0,0,0,0,0,0,0,0,0,0,0,0,0,0,0,0,0,0,0,0,0,0,31,40,40,71,65476,0,300,0,0,8,21553,0.0,-107605600.0,0.0,0.0,0.0,0.0,0.0,0.0,0.0,0.0,0.0,0.0,0.0,0.0,0.0,0.0,0.0,0.0,0.0,0.0,0.0,0.0,2.004,0.0,0.0,0.0,0.0,0.0,0.0,0.0,5314.0,-2.004,6936.0,0.0,0.0,2.004,2.004,0.0,0.0,0.0,0.0,69,89220.648,4.066858569275696e+29,0.0,0.0,0.0,0.0,0.0,0.0,0.0,0,0,0,0.0,0.0,0.0,0.0,0.0,0.0,0.0,0.0,0.0,0.0,0.0,0.0,0.0,0.0,0.0,0.0,0,-107875648.0,69,0.0,138,0.0,2.012,ERR,ERR,ERR,ERR,ERR,ERR,ERR,ERR,ERR,ERR,ERR,ERR,ERR,ERR,ERR,ERR,ERR,ERR,ERR,ERR,ERR,ERR,ERR,ERR,ERR,ERR,ERR,ERR,ERR,ERR,ERR,ERR,ERR,ERR,ERR,ERR,ERR,ERR,ERR,ERR,ERR,ERR,ERR,ERR,ERR,ERR,ERR,ERR,ERR,ERR,ERR,ERR,ERR,ERR,ERR,ERR,ERR,ERR,ERR,ERR,ERR,ERR,ERR,ERR,ERR,ERR,ERR,60.0,60.0,35,0.0,0.0,0.0,0.0,0.0,0.0,0.0,0.0,0.0,0.0,0.0,0.0,0.0,0.0,0.0,0.0,65.2,0,111,54,33,65476,0,300,0,0,8,20529,65476,0,0,2621,60.0,0.0,0.0,0.0,0.0,0.0
2026-07-09T15:49:20,ERR,ERR,ERR,ERR,ERR,ERR,ERR,ERR,ERR,ERR,ERR,ERR,ERR,ERR,ERR,ERR,ERR,ERR,ERR,ERR,ERR,ERR,ERR,ERR,ERR,ERR,ERR,ERR,ERR,ERR,ERR,ERR,ERR,ERR,ERR,ERR,ERR,ERR,ERR,ERR,ERR,ERR,ERR,ERR,ERR,ERR,ERR,ERR,ERR,ERR,ERR,ERR,ERR,ERR,ERR,ERR,ERR,ERR,ERR,ERR,ERR,ERR,ERR,ERR,ERR,ERR,ERR,ERR,ERR,ERR,ERR,ERR,ERR,ERR,ERR,ERR,ERR,ERR,ERR,ERR,ERR,ERR,ERR,ERR,ERR,ERR,ERR,ERR,ERR,ERR,ERR,ERR,ERR,ERR,ERR,ERR,ERR,ERR,ERR,ERR,ERR,ERR,ERR,ERR,ERR,ERR,ERR,ERR,ERR,ERR,ERR,ERR,ERR,ERR,ERR,ERR,ERR,ERR,ERR,ERR,ERR,ERR,ERR,ERR,ERR,0.0,0.0,2.7184166902131945e+23,2.7183478752108883e+23,-0.0,0.194,-0.0,-0.0,0,0,4,17301,7116,0.0,100,0.0,0.0,0.0,0.0,0.0,0,0,0,0,0.0,0,0,0,0,0,0,0,0,0,0,0,0,0,0,0,0,0,0,0,0,0,0,0,0,0,0,0,0,0,0,0,0,0,31,40,40,71,65476,0,300,0,0,8,21553,0.0,-107605600.0,0.0,0.0,0.0,0.0,0.0,0.0,0.0,0.0,0.0,0.0,0.0,0.0,0.0,0.0,0.0,0.0,0.0,0.0,0.0,0.0,2.004,0.0,0.0,0.0,0.0,0.0,0.0,0.0,5314.0,-2.004,6936.0,0.0,0.0,2.004,2.004,0.0,0.0,0.0,0.0,69,89220.648,4.066858569275696e+29,0.0,0.0,0.0,0.0,0.0,0.0,0.0,0,0,0,0.0,0.0,0.0,0.0,0.0,0.0,0.0,0.0,0.0,0.0,0.0,0.0,0.0,0.0,0.0,0.0,0,-107875648.0,69,0.0,138,0.0,2.012,ERR,ERR,ERR,ERR,ERR,ERR,ERR,ERR,ERR,ERR,ERR,ERR,ERR,ERR,ERR,ERR,ERR,ERR,ERR,ERR,ERR,ERR,ERR,ERR,ERR,ERR,ERR,ERR,ERR,ERR,ERR,ERR,ERR,ERR,ERR,ERR,ERR,ERR,ERR,ERR,ERR,ERR,ERR,ERR,ERR,ERR,ERR,ERR,ERR,ERR,ERR,ERR,ERR,ERR,ERR,ERR,ERR,ERR,ERR,ERR,ERR,ERR,ERR,ERR,ERR,ERR,ERR,60.0,60.0,35,0.0,0.0,0.0,0.0,0.0,0.0,0.0,0.0,0.0,0.0,0.0,0.0,0.0,0.0,0.0,0.0,65.2,0,111,54,33,65476,0,300,0,0,8,20529,65476,0,0,2621,60.0,0.0,0.0,0.0,0.0,0.0
2026-07-09T15:49:21,ERR,ERR,ERR,ERR,ERR,ERR,ERR,ERR,ERR,ERR,ERR,ERR,ERR,ERR,ERR,ERR,ERR,ERR,ERR,ERR,ERR,ERR,ERR,ERR,ERR,ERR,ERR,ERR,ERR,ERR,ERR,ERR,ERR,ERR,ERR,ERR,ERR,ERR,ERR,ERR,ERR,ERR,ERR,ERR,ERR,ERR,ERR,ERR,ERR,ERR,ERR,ERR,ERR,ERR,ERR,ERR,ERR,ERR,ERR,ERR,ERR,ERR,ERR,ERR,ERR,ERR,ERR,ERR,ERR,ERR,ERR,ERR,ERR,ERR,ERR,ERR,ERR,ERR,ERR,ERR,ERR,ERR,ERR,ERR,ERR,ERR,ERR,ERR,ERR,ERR,ERR,ERR,ERR,ERR,ERR,ERR,ERR,ERR,ERR,ERR,ERR,ERR,ERR,ERR,ERR,ERR,ERR,ERR,ERR,ERR,ERR,ERR,ERR,ERR,ERR,ERR,ERR,ERR,ERR,ERR,ERR,ERR,ERR,ERR,ERR,0.0,0.0,2.7184166902131945e+23,2.7183478752108883e+23,-0.0,0.194,-0.0,-0.0,0,0,4,17301,7116,0.0,100,0.0,0.0,0.0,0.0,0.0,0,0,0,0,0.0,0,0,0,0,0,0,0,0,0,0,0,0,0,0,0,0,0,0,0,0,0,0,0,0,0,0,0,0,0,0,0,0,0,31,40,40,71,65476,0,300,0,0,8,21553,0.0,-107605600.0,0.0,0.0,0.0,0.0,0.0,0.0,0.0,0.0,0.0,0.0,0.0,0.0,0.0,0.0,0.0,0.0,0.0,0.0,0.0,0.0,2.004,0.0,0.0,0.0,0.0,0.0,0.0,0.0,5314.0,-2.004,6936.0,0.0,0.0,2.004,2.004,0.0,0.0,0.0,0.0,69,89220.648,4.066858569275696e+29,0.0,0.0,0.0,0.0,0.0,0.0,0.0,0,0,0,0.0,0.0,0.0,0.0,0.0,0.0,0.0,0.0,0.0,0.0,0.0,0.0,0.0,0.0,0.0,0.0,0,-107875648.0,69,0.0,138,0.0,2.012,ERR,ERR,ERR,ERR,ERR,ERR,ERR,ERR,ERR,ERR,ERR,ERR,ERR,ERR,ERR,ERR,ERR,ERR,ERR,ERR,ERR,ERR,ERR,ERR,ERR,ERR,ERR,ERR,ERR,ERR,ERR,ERR,ERR,ERR,ERR,ERR,ERR,ERR,ERR,ERR,ERR,ERR,ERR,ERR,ERR,ERR,ERR,ERR,ERR,ERR,ERR,ERR,ERR,ERR,ERR,ERR,ERR,ERR,ERR,ERR,ERR,ERR,ERR,ERR,ERR,ERR,ERR,60.0,60.0,35,0.0,0.0,0.0,0.0,0.0,0.0,0.0,0.0,0.0,0.0,0.0,0.0,0.0,0.0,0.0,0.0,65.2,0,111,54,33,65476,0,300,0,0,8,20529,65476,0,0,2621,60.0,0.0,0.0,0.0,0.0,0.0
2026-07-09T15:49:22,ERR,ERR,ERR,ERR,ERR,ERR,ERR,ERR,ERR,ERR,ERR,ERR,ERR,ERR,ERR,ERR,ERR,ERR,ERR,ERR,ERR,ERR,ERR,ERR,ERR,ERR,ERR,ERR,ERR,ERR,ERR,ERR,ERR,ERR,ERR,ERR,ERR,ERR,ERR,ERR,ERR,ERR,ERR,ERR,ERR,ERR,ERR,ERR,ERR,ERR,ERR,ERR,ERR,ERR,ERR,ERR,ERR,ERR,ERR,ERR,ERR,ERR,ERR,ERR,ERR,ERR,ERR,ERR,ERR,ERR,ERR,ERR,ERR,ERR,ERR,ERR,ERR,ERR,ERR,ERR,ERR,ERR,ERR,ERR,ERR,ERR,ERR,ERR,ERR,ERR,ERR,ERR,ERR,ERR,ERR,ERR,ERR,ERR,ERR,ERR,ERR,ERR,ERR,ERR,ERR,ERR,ERR,ERR,ERR,ERR,ERR,ERR,ERR,ERR,ERR,ERR,ERR,ERR,ERR,ERR,ERR,ERR,ERR,ERR,ERR,0.0,0.0,2.7184166902131945e+23,0.0,0.374,0.0,6.548637828056857e+27,-0.0,0,0,4,17304,7116,0.0,100,0.0,0.0,0.0,0.0,0.0,0,0,0,0,0.0,0,0,0,0,0,0,0,0,0,0,0,0,0,0,0,0,0,0,0,0,0,0,0,0,0,0,0,0,0,0,0,0,0,31,40,40,71,65476,0,300,0,0,8,21553,0.0,-107605600.0,0.0,0.0,0.0,0.0,0.0,0.0,0.0,0.0,0.0,0.0,0.0,0.0,0.0,0.0,0.0,0.0,0.0,0.0,0.0,0.0,0.0,0.0,0.0,0.0,0.0,0.0,0.0,0.0,5340.0,-8608192512.0,6938.0,0.0,0.0,2.004,2.004,0.0,0.0,0.0,0.0,69,0.0,-0.0,0.0,0.0,0.0,0.0,0.0,0.0,0.0,0,0,0,0.0,0.0,0.0,0.0,0.0,0.0,0.0,0.0,0.0,0.0,0.0,0.0,0.0,0.0,0.0,0.0,0,-107875648.0,69,0.0,138,0.0,2.012,ERR,ERR,ERR,ERR,ERR,ERR,ERR,ERR,ERR,ERR,ERR,ERR,ERR,ERR,ERR,ERR,ERR,ERR,ERR,ERR,ERR,ERR,ERR,ERR,ERR,ERR,ERR,ERR,ERR,ERR,ERR,ERR,ERR,ERR,ERR,ERR,ERR,ERR,ERR,ERR,ERR,ERR,ERR,ERR,ERR,ERR,ERR,ERR,ERR,ERR,ERR,ERR,ERR,ERR,ERR,ERR,ERR,ERR,ERR,ERR,ERR,ERR,ERR,ERR,ERR,ERR,ERR,60.0,60.0,35,0.0,0.0,0.0,0.0,0.0,0.0,0.0,0.0,0.0,0.0,0.0,0.0,0.0,0.0,0.0,0.0,65.2,0,111,54,33,65476,0,300,0,0,8,20529,65476,0,0,2621,60.0,0.0,0.0,0.0,0.0,0.0
2026-07-09T15:49:23,ERR,ERR,ERR,ERR,ERR,ERR,ERR,ERR,ERR,ERR,ERR,ERR,ERR,ERR,ERR,ERR,ERR,ERR,ERR,ERR,ERR,ERR,ERR,ERR,ERR,ERR,ERR,ERR,ERR,ERR,ERR,ERR,ERR,ERR,ERR,ERR,ERR,ERR,ERR,ERR,ERR,ERR,ERR,ERR,ERR,ERR,ERR,ERR,ERR,ERR,ERR,ERR,ERR,ERR,ERR,ERR,ERR,ERR,ERR,ERR,ERR,ERR,ERR,ERR,ERR,ERR,ERR,ERR,ERR,ERR,ERR,ERR,ERR,ERR,ERR,ERR,ERR,ERR,ERR,ERR,ERR,ERR,ERR,ERR,ERR,ERR,ERR,ERR,ERR,ERR,ERR,ERR,ERR,ERR,ERR,ERR,ERR,ERR,ERR,ERR,ERR,ERR,ERR,ERR,ERR,ERR,ERR,ERR,ERR,ERR,ERR,ERR,ERR,ERR,ERR,ERR,ERR,ERR,ERR,ERR,ERR,ERR,ERR,ERR,ERR,0.0,0.0,2.7184166902131945e+23,0.0,0.374,0.0,6.548637828056857e+27,-0.0,0,0,4,17304,7116,0.0,100,0.0,0.0,0.0,0.0,0.0,0,0,0,0,0.0,0,0,0,0,0,0,0,0,0,0,0,0,0,0,0,0,0,0,0,0,0,0,0,0,0,0,0,0,0,0,0,0,0,31,40,40,71,65476,0,300,0,0,8,21553,0.0,-107605600.0,0.0,0.0,0.0,0.0,0.0,0.0,0.0,0.0,0.0,0.0,0.0,0.0,0.0,0.0,0.0,0.0,0.0,0.0,0.0,0.0,0.0,0.0,0.0,0.0,0.0,0.0,0.0,0.0,5340.0,-8608192512.0,6938.0,0.0,0.0,2.004,2.004,0.0,0.0,0.0,0.0,69,0.0,-0.0,0.0,0.0,0.0,0.0,0.0,0.0,0.0,0,0,0,0.0,0.0,0.0,0.0,0.0,0.0,0.0,0.0,0.0,0.0,0.0,0.0,0.0,0.0,0.0,0.0,0,-107875648.0,69,0.0,138,0.0,2.012,ERR,ERR,ERR,ERR,ERR,ERR,ERR,ERR,ERR,ERR,ERR,ERR,ERR,ERR,ERR,ERR,ERR,ERR,ERR,ERR,ERR,ERR,ERR,ERR,ERR,ERR,ERR,ERR,ERR,ERR,ERR,ERR,ERR,ERR,ERR,ERR,ERR,ERR,ERR,ERR,ERR,ERR,ERR,ERR,ERR,ERR,ERR,ERR,ERR,ERR,ERR,ERR,ERR,ERR,ERR,ERR,ERR,ERR,ERR,ERR,ERR,ERR,ERR,ERR,ERR,ERR,ERR,60.0,60.0,35,0.0,0.0,0.0,0.0,0.0,0.0,0.0,0.0,0.0,0.0,0.0,0.0,0.0,0.0,0.0,0.0,65.2,0,111,54,33,65476,0,300,0,0,8,20529,65476,0,0,2621,60.0,0.0,0.0,0.0,0.0,0.0
2026-07-09T15:49:24,ERR,ERR,ERR,ERR,ERR,ERR,ERR,ERR,ERR,ERR,ERR,ERR,ERR,ERR,ERR,ERR,ERR,ERR,ERR,ERR,ERR,ERR,ERR,ERR,ERR,ERR,ERR,ERR,ERR,ERR,ERR,ERR,ERR,ERR,ERR,ERR,ERR,ERR,ERR,ERR,ERR,ERR,ERR,ERR,ERR,ERR,ERR,ERR,ERR,ERR,ERR,ERR,ERR,ERR,ERR,ERR,ERR,ERR,ERR,ERR,ERR,ERR,ERR,ERR,ERR,ERR,ERR,ERR,ERR,ERR,ERR,ERR,ERR,ERR,ERR,ERR,ERR,ERR,ERR,ERR,ERR,ERR,ERR,ERR,ERR,ERR,ERR,ERR,ERR,ERR,ERR,ERR,ERR,ERR,ERR,ERR,ERR,ERR,ERR,ERR,ERR,ERR,ERR,ERR,ERR,ERR,ERR,ERR,ERR,ERR,ERR,ERR,ERR,ERR,ERR,ERR,ERR,ERR,ERR,ERR,ERR,ERR,ERR,ERR,ERR,0.0,0.0,2.7184166902131945e+23,0.0,0.374,0.0,6.548637828056857e+27,-0.0,0,0,4,17304,7116,0.0,100,0.0,0.0,0.0,0.0,0.0,0,0,0,0,0.0,0,0,0,0,0,0,0,0,0,0,0,0,0,0,0,0,0,0,0,0,0,0,0,0,0,0,0,0,0,0,0,0,0,31,40,40,71,65476,0,300,0,0,8,21553,0.0,-107605600.0,0.0,0.0,0.0,0.0,0.0,0.0,0.0,0.0,0.0,0.0,0.0,0.0,0.0,0.0,0.0,0.0,0.0,0.0,0.0,0.0,0.0,0.0,0.0,0.0,0.0,0.0,0.0,0.0,5340.0,-8608192512.0,6938.0,0.0,0.0,2.004,2.004,0.0,0.0,0.0,0.0,69,0.0,-0.0,0.0,0.0,0.0,0.0,0.0,0.0,0.0,0,0,0,0.0,0.0,0.0,0.0,0.0,0.0,0.0,0.0,0.0,0.0,0.0,0.0,0.0,0.0,0.0,0.0,0,-107875648.0,69,0.0,138,0.0,2.012,ERR,ERR,ERR,ERR,ERR,ERR,ERR,ERR,ERR,ERR,ERR,ERR,ERR,ERR,ERR,ERR,ERR,ERR,ERR,ERR,ERR,ERR,ERR,ERR,ERR,ERR,ERR,ERR,ERR,ERR,ERR,ERR,ERR,ERR,ERR,ERR,ERR,ERR,ERR,ERR,ERR,ERR,ERR,ERR,ERR,ERR,ERR,ERR,ERR,ERR,ERR,ERR,ERR,ERR,ERR,ERR,ERR,ERR,ERR,ERR,ERR,ERR,ERR,ERR,ERR,ERR,ERR,60.0,60.0,35,0.0,0.0,0.0,0.0,0.0,0.0,0.0,0.0,0.0,0.0,0.0,0.0,0.0,0.0,0.0,0.0,65.6,0,111,54,33,65476,0,300,0,0,8,20529,65476,0,0,2621,60.0,0.0,0.0,0.0,0.0,0.0
2026-07-09T15:49:25,ERR,ERR,ERR,ERR,ERR,ERR,ERR,ERR,ERR,ERR,ERR,ERR,ERR,ERR,ERR,ERR,ERR,ERR,ERR,ERR,ERR,ERR,ERR,ERR,ERR,ERR,ERR,ERR,ERR,ERR,ERR,ERR,ERR,ERR,ERR,ERR,ERR,ERR,ERR,ERR,ERR,ERR,ERR,ERR,ERR,ERR,ERR,ERR,ERR,ERR,ERR,ERR,ERR,ERR,ERR,ERR,ERR,ERR,ERR,ERR,ERR,ERR,ERR,ERR,ERR,ERR,ERR,ERR,ERR,ERR,ERR,ERR,ERR,ERR,ERR,ERR,ERR,ERR,ERR,ERR,ERR,ERR,ERR,ERR,ERR,ERR,ERR,ERR,ERR,ERR,ERR,ERR,ERR,ERR,ERR,ERR,ERR,ERR,ERR,ERR,ERR,ERR,ERR,ERR,ERR,ERR,ERR,ERR,ERR,ERR,ERR,ERR,ERR,ERR,ERR,ERR,ERR,ERR,ERR,ERR,ERR,ERR,ERR,ERR,ERR,0.0,0.0,2.7184166902131945e+23,0.0,0.374,0.0,6.548637828056857e+27,-0.0,0,0,4,17304,7116,0.0,100,0.0,0.0,0.0,0.0,0.0,0,0,0,0,0.0,0,0,0,0,0,0,0,0,0,0,0,0,0,0,0,0,0,0,0,0,0,0,0,0,0,0,0,0,0,0,0,0,0,31,40,40,71,65476,0,300,0,0,8,21553,0.0,-107605600.0,0.0,0.0,0.0,0.0,0.0,0.0,0.0,0.0,0.0,0.0,0.0,0.0,0.0,0.0,0.0,0.0,0.0,0.0,0.0,0.0,0.0,0.0,0.0,0.0,0.0,0.0,0.0,0.0,5340.0,-8608192512.0,6938.0,0.0,0.0,2.004,2.004,0.0,0.0,0.0,0.0,69,0.0,-0.0,0.0,0.0,0.0,0.0,0.0,0.0,0.0,0,0,0,0.0,0.0,0.0,0.0,0.0,0.0,0.0,0.0,0.0,0.0,0.0,0.0,0.0,0.0,0.0,0.0,0,-107875648.0,69,0.0,138,0.0,2.012,ERR,ERR,ERR,ERR,ERR,ERR,ERR,ERR,ERR,ERR,ERR,ERR,ERR,ERR,ERR,ERR,ERR,ERR,ERR,ERR,ERR,ERR,ERR,ERR,ERR,ERR,ERR,ERR,ERR,ERR,ERR,ERR,ERR,ERR,ERR,ERR,ERR,ERR,ERR,ERR,ERR,ERR,ERR,ERR,ERR,ERR,ERR,ERR,ERR,ERR,ERR,ERR,ERR,ERR,ERR,ERR,ERR,ERR,ERR,ERR,ERR,ERR,ERR,ERR,ERR,ERR,ERR,60.0,60.0,35,0.0,0.0,0.0,0.0,0.0,0.0,0.0,0.0,0.0,0.0,0.0,0.0,0.0,0.0,0.0,0.0,65.6,0,111,54,33,65476,0,300,0,0,8,20529,65476,0,0,2621,60.0,0.0,0.0,0.0,0.0,0.0
2026-07-09T15:49:26,ERR,ERR,ERR,ERR,ERR,ERR,ERR,ERR,ERR,ERR,ERR,ERR,ERR,ERR,ERR,ERR,ERR,ERR,ERR,ERR,ERR,ERR,ERR,ERR,ERR,ERR,ERR,ERR,ERR,ERR,ERR,ERR,ERR,ERR,ERR,ERR,ERR,ERR,ERR,ERR,ERR,ERR,ERR,ERR,ERR,ERR,ERR,ERR,ERR,ERR,ERR,ERR,ERR,ERR,ERR,ERR,ERR,ERR,ERR,ERR,ERR,ERR,ERR,ERR,ERR,ERR,ERR,ERR,ERR,ERR,ERR,ERR,ERR,ERR,ERR,ERR,ERR,ERR,ERR,ERR,ERR,ERR,ERR,ERR,ERR,ERR,ERR,ERR,ERR,ERR,ERR,ERR,ERR,ERR,ERR,ERR,ERR,ERR,ERR,ERR,ERR,ERR,ERR,ERR,ERR,ERR,ERR,ERR,ERR,ERR,ERR,ERR,ERR,ERR,ERR,ERR,ERR,ERR,ERR,ERR,ERR,ERR,ERR,ERR,ERR,0.0,0.0,2.7184166902131945e+23,0.0,0.374,0.0,6.548637828056857e+27,-0.0,0,0,4,17304,7116,0.0,100,0.0,0.0,0.0,0.0,0.0,0,0,0,0,0.0,0,0,0,0,0,0,0,0,0,0,0,0,0,0,0,0,0,0,0,0,0,0,0,0,0,0,0,0,0,0,0,0,0,31,40,40,71,65476,0,300,0,0,8,21553,0.0,-107605600.0,0.0,0.0,0.0,0.0,0.0,0.0,0.0,0.0,0.0,0.0,0.0,0.0,0.0,0.0,0.0,0.0,0.0,0.0,0.0,0.0,0.0,0.0,0.0,0.0,0.0,0.0,0.0,0.0,5340.0,-8608192512.0,6938.0,0.0,0.0,2.004,2.004,0.0,0.0,0.0,0.0,69,0.0,-0.0,0.0,0.0,0.0,0.0,0.0,0.0,0.0,0,0,0,0.0,0.0,0.0,0.0,0.0,0.0,0.0,0.0,0.0,0.0,0.0,0.0,0.0,0.0,0.0,0.0,0,-107875648.0,69,0.0,138,0.0,2.012,ERR,ERR,ERR,ERR,ERR,ERR,ERR,ERR,ERR,ERR,ERR,ERR,ERR,ERR,ERR,ERR,ERR,ERR,ERR,ERR,ERR,ERR,ERR,ERR,ERR,ERR,ERR,ERR,ERR,ERR,ERR,ERR,ERR,ERR,ERR,ERR,ERR,ERR,ERR,ERR,ERR,ERR,ERR,ERR,ERR,ERR,ERR,ERR,ERR,ERR,ERR,ERR,ERR,ERR,ERR,ERR,ERR,ERR,ERR,ERR,ERR,ERR,ERR,ERR,ERR,ERR,ERR,60.0,60.0,35,0.0,0.0,0.0,0.0,0.0,0.0,0.0,0.0,0.0,0.0,0.0,0.0,0.0,0.0,0.0,0.0,65.2,0,111,54,33,65476,0,300,0,0,8,20529,65476,0,0,2621,60.0,0.0,0.0,0.0,0.0,0.0
2026-07-09T15:49:27,ERR,ERR,ERR,ERR,ERR,ERR,ERR,ERR,ERR,ERR,ERR,ERR,ERR,ERR,ERR,ERR,ERR,ERR,ERR,ERR,ERR,ERR,ERR,ERR,ERR,ERR,ERR,ERR,ERR,ERR,ERR,ERR,ERR,ERR,ERR,ERR,ERR,ERR,ERR,ERR,ERR,ERR,ERR,ERR,ERR,ERR,ERR,ERR,ERR,ERR,ERR,ERR,ERR,ERR,ERR,ERR,ERR,ERR,ERR,ERR,ERR,ERR,ERR,ERR,ERR,ERR,ERR,ERR,ERR,ERR,ERR,ERR,ERR,ERR,ERR,ERR,ERR,ERR,ERR,ERR,ERR,ERR,ERR,ERR,ERR,ERR,ERR,ERR,ERR,ERR,ERR,ERR,ERR,ERR,ERR,ERR,ERR,ERR,ERR,ERR,ERR,ERR,ERR,ERR,ERR,ERR,ERR,ERR,ERR,ERR,ERR,ERR,ERR,ERR,ERR,ERR,ERR,ERR,ERR,ERR,ERR,ERR,ERR,ERR,ERR,0.0,0.0,2.7184166902131945e+23,0.0,0.374,-107.628,0.0,-354.502,0,0,4,17302,7116,0.0,100,0.0,0.0,0.0,0.0,0.0,0,0,0,0,0.0,0,0,0,0,0,0,0,0,0,0,0,0,0,0,0,0,0,0,0,0,0,0,0,0,0,0,0,0,0,0,0,0,0,31,40,40,71,65476,0,300,0,0,8,21553,0.0,-107605600.0,0.0,0.0,0.0,0.0,0.0,0.0,0.0,0.0,0.0,0.0,0.0,0.0,-2.596148429267414e+33,0.0,0.0,0.0,0.0,0.0,0.0,0.0,2.004,0.0,0.0,0.0,0.0,0.0,0.0,0.0,5339.0,-1.5879312420608694e+29,6942.0,0.0,0.0,2.004,2.004,0.0,0.0,0.0,0.0,69,-4.950405386511028e+32,-0.0,0.0,0.0,0.0,0.0,0.0,0.0,0.0,0,0,0,0.0,0.0,0.0,0.0,0.0,0.0,0.0,0.0,0.0,0.0,0.0,0.0,0.0,0.0,0.0,0.0,0,-107875648.0,69,0.0,138,0.0,2.012,ERR,ERR,ERR,ERR,ERR,ERR,ERR,ERR,ERR,ERR,ERR,ERR,ERR,ERR,ERR,ERR,ERR,ERR,ERR,ERR,ERR,ERR,ERR,ERR,ERR,ERR,ERR,ERR,ERR,ERR,ERR,ERR,ERR,ERR,ERR,ERR,ERR,ERR,ERR,ERR,ERR,ERR,ERR,ERR,ERR,ERR,ERR,ERR,ERR,ERR,ERR,ERR,ERR,ERR,ERR,ERR,ERR,ERR,ERR,ERR,ERR,ERR,ERR,ERR,ERR,ERR,ERR,60.0,60.0,35,0.0,0.0,0.0,0.0,0.0,0.0,0.0,0.0,0.0,0.0,0.0,0.0,0.0,0.0,0.0,0.0,65.2,0,111,54,33,65476,0,300,0,0,8,20529,65476,0,0,2621,60.0,0.0,0.0,0.0,0.0,0.0
2026-07-09T15:49:28,ERR,ERR,ERR,ERR,ERR,ERR,ERR,ERR,ERR,ERR,ERR,ERR,ERR,ERR,ERR,ERR,ERR,ERR,ERR,ERR,ERR,ERR,ERR,ERR,ERR,ERR,ERR,ERR,ERR,ERR,ERR,ERR,ERR,ERR,ERR,ERR,ERR,ERR,ERR,ERR,ERR,ERR,ERR,ERR,ERR,ERR,ERR,ERR,ERR,ERR,ERR,ERR,ERR,ERR,ERR,ERR,ERR,ERR,ERR,ERR,ERR,ERR,ERR,ERR,ERR,ERR,ERR,ERR,ERR,ERR,ERR,ERR,ERR,ERR,ERR,ERR,ERR,ERR,ERR,ERR,ERR,ERR,ERR,ERR,ERR,ERR,ERR,ERR,ERR,ERR,ERR,ERR,ERR,ERR,ERR,ERR,ERR,ERR,ERR,ERR,ERR,ERR,ERR,ERR,ERR,ERR,ERR,ERR,ERR,ERR,ERR,ERR,ERR,ERR,ERR,ERR,ERR,ERR,ERR,ERR,ERR,ERR,ERR,ERR,ERR,0.0,0.0,2.7184166902131945e+23,0.0,0.374,-107.628,0.0,-354.502,0,0,4,17302,7116,0.0,100,0.0,0.0,0.0,0.0,0.0,0,0,0,0,0.0,0,0,0,0,0,0,0,0,0,0,0,0,0,0,0,0,0,0,0,0,0,0,0,0,0,0,0,0,0,0,0,0,0,31,40,40,71,65476,0,300,0,0,8,21553,0.0,-107605600.0,0.0,0.0,0.0,0.0,0.0,0.0,0.0,0.0,0.0,0.0,0.0,0.0,-2.596148429267414e+33,0.0,0.0,0.0,0.0,0.0,0.0,0.0,2.004,0.0,0.0,0.0,0.0,0.0,0.0,0.0,5339.0,-1.5879312420608694e+29,6942.0,0.0,0.0,2.004,2.004,0.0,0.0,0.0,0.0,69,-4.950405386511028e+32,-0.0,0.0,0.0,0.0,0.0,0.0,0.0,0.0,0,0,0,0.0,0.0,0.0,0.0,0.0,0.0,0.0,0.0,0.0,0.0,0.0,0.0,0.0,0.0,0.0,0.0,0,-107875648.0,69,0.0,138,0.0,2.012,ERR,ERR,ERR,ERR,ERR,ERR,ERR,ERR,ERR,ERR,ERR,ERR,ERR,ERR,ERR,ERR,ERR,ERR,ERR,ERR,ERR,ERR,ERR,ERR,ERR,ERR,ERR,ERR,ERR,ERR,ERR,ERR,ERR,ERR,ERR,ERR,ERR,ERR,ERR,ERR,ERR,ERR,ERR,ERR,ERR,ERR,ERR,ERR,ERR,ERR,ERR,ERR,ERR,ERR,ERR,ERR,ERR,ERR,ERR,ERR,ERR,ERR,ERR,ERR,ERR,ERR,ERR,60.0,60.0,35,0.0,0.0,0.0,0.0,0.0,0.0,0.0,0.0,0.0,0.0,0.0,0.0,0.0,0.0,0.0,0.0,65.2,0,111,54,33,65476,0,300,0,0,8,20529,65476,0,0,2621,60.0,0.0,0.0,0.0,0.0,0.0
2026-07-09T15:49:29,ERR,ERR,ERR,ERR,ERR,ERR,ERR,ERR,ERR,ERR,ERR,ERR,ERR,ERR,ERR,ERR,ERR,ERR,ERR,ERR,ERR,ERR,ERR,ERR,ERR,ERR,ERR,ERR,ERR,ERR,ERR,ERR,ERR,ERR,ERR,ERR,ERR,ERR,ERR,ERR,ERR,ERR,ERR,ERR,ERR,ERR,ERR,ERR,ERR,ERR,ERR,ERR,ERR,ERR,ERR,ERR,ERR,ERR,ERR,ERR,ERR,ERR,ERR,ERR,ERR,ERR,ERR,ERR,ERR,ERR,ERR,ERR,ERR,ERR,ERR,ERR,ERR,ERR,ERR,ERR,ERR,ERR,ERR,ERR,ERR,ERR,ERR,ERR,ERR,ERR,ERR,ERR,ERR,ERR,ERR,ERR,ERR,ERR,ERR,ERR,ERR,ERR,ERR,ERR,ERR,ERR,ERR,ERR,ERR,ERR,ERR,ERR,ERR,ERR,ERR,ERR,ERR,ERR,ERR,ERR,ERR,ERR,ERR,ERR,ERR,0.0,0.0,2.7184166902131945e+23,0.0,0.374,-107.628,0.0,-354.502,0,0,4,17302,7116,0.0,100,0.0,0.0,0.0,0.0,0.0,0,0,0,0,0.0,0,0,0,0,0,0,0,0,0,0,0,0,0,0,0,0,0,0,0,0,0,0,0,0,0,0,0,0,0,0,0,0,0,31,40,40,71,65476,0,300,0,0,8,21553,0.0,-107605600.0,0.0,0.0,0.0,0.0,0.0,0.0,0.0,0.0,0.0,0.0,0.0,0.0,-2.596148429267414e+33,0.0,0.0,0.0,0.0,0.0,0.0,0.0,2.004,0.0,0.0,0.0,0.0,0.0,0.0,0.0,5339.0,-1.5879312420608694e+29,6942.0,0.0,0.0,2.004,2.004,0.0,0.0,0.0,0.0,69,-4.950405386511028e+32,-0.0,0.0,0.0,0.0,0.0,0.0,0.0,0.0,0,0,0,0.0,0.0,0.0,0.0,0.0,0.0,0.0,0.0,0.0,0.0,0.0,0.0,0.0,0.0,0.0,0.0,0,-107875648.0,69,0.0,138,0.0,2.012,ERR,ERR,ERR,ERR,ERR,ERR,ERR,ERR,ERR,ERR,ERR,ERR,ERR,ERR,ERR,ERR,ERR,ERR,ERR,ERR,ERR,ERR,ERR,ERR,ERR,ERR,ERR,ERR,ERR,ERR,ERR,ERR,ERR,ERR,ERR,ERR,ERR,ERR,ERR,ERR,ERR,ERR,ERR,ERR,ERR,ERR,ERR,ERR,ERR,ERR,ERR,ERR,ERR,ERR,ERR,ERR,ERR,ERR,ERR,ERR,ERR,ERR,ERR,ERR,ERR,ERR,ERR,60.0,60.0,35,0.0,0.0,0.0,0.0,0.0,0.0,0.0,0.0,0.0,0.0,0.0,0.0,0.0,0.0,0.0,0.0,65.2,0,111,54,33,65476,0,300,0,0,8,20529,65476,0,0,2621,60.0,0.0,0.0,0.0,0.0,0.0
2026-07-09T15:49:30,ERR,ERR,ERR,ERR,ERR,ERR,ERR,ERR,ERR,ERR,ERR,ERR,ERR,ERR,ERR,ERR,ERR,ERR,ERR,ERR,ERR,ERR,ERR,ERR,ERR,ERR,ERR,ERR,ERR,ERR,ERR,ERR,ERR,ERR,ERR,ERR,ERR,ERR,ERR,ERR,ERR,ERR,ERR,ERR,ERR,ERR,ERR,ERR,ERR,ERR,ERR,ERR,ERR,ERR,ERR,ERR,ERR,ERR,ERR,ERR,ERR,ERR,ERR,ERR,ERR,ERR,ERR,ERR,ERR,ERR,ERR,ERR,ERR,ERR,ERR,ERR,ERR,ERR,ERR,ERR,ERR,ERR,ERR,ERR,ERR,ERR,ERR,ERR,ERR,ERR,ERR,ERR,ERR,ERR,ERR,ERR,ERR,ERR,ERR,ERR,ERR,ERR,ERR,ERR,ERR,ERR,ERR,ERR,ERR,ERR,ERR,ERR,ERR,ERR,ERR,ERR,ERR,ERR,ERR,ERR,ERR,ERR,ERR,ERR,ERR,0.0,0.0,2.7184166902131945e+23,0.0,0.374,-107.628,0.0,-354.502,0,0,4,17302,7116,0.0,100,0.0,0.0,0.0,0.0,0.0,0,0,0,0,0.0,0,0,0,0,0,0,0,0,0,0,0,0,0,0,0,0,0,0,0,0,0,0,0,0,0,0,0,0,0,0,0,0,0,31,40,40,71,65476,0,300,0,0,8,21553,0.0,-107605600.0,0.0,0.0,0.0,0.0,0.0,0.0,0.0,0.0,0.0,0.0,0.0,0.0,-2.596148429267414e+33,0.0,0.0,0.0,0.0,0.0,0.0,0.0,2.004,0.0,0.0,0.0,0.0,0.0,0.0,0.0,5339.0,-1.5879312420608694e+29,6942.0,0.0,0.0,2.004,2.004,0.0,0.0,0.0,0.0,69,-4.950405386511028e+32,-0.0,0.0,0.0,0.0,0.0,0.0,0.0,0.0,0,0,0,0.0,0.0,0.0,0.0,0.0,0.0,0.0,0.0,0.0,0.0,0.0,0.0,0.0,0.0,0.0,0.0,0,-107875648.0,69,0.0,138,0.0,2.012,ERR,ERR,ERR,ERR,ERR,ERR,ERR,ERR,ERR,ERR,ERR,ERR,ERR,ERR,ERR,ERR,ERR,ERR,ERR,ERR,ERR,ERR,ERR,ERR,ERR,ERR,ERR,ERR,ERR,ERR,ERR,ERR,ERR,ERR,ERR,ERR,ERR,ERR,ERR,ERR,ERR,ERR,ERR,ERR,ERR,ERR,ERR,ERR,ERR,ERR,ERR,ERR,ERR,ERR,ERR,ERR,ERR,ERR,ERR,ERR,ERR,ERR,ERR,ERR,ERR,ERR,ERR,60.0,60.0,35,0.0,0.0,0.0,0.0,0.0,0.0,0.0,0.0,0.0,0.0,0.0,0.0,0.0,0.0,0.0,0.0,65.2,0,111,54,33,65476,0,300,0,0,8,20529,65476,0,0,2621,60.0,0.0,0.0,0.0,0.0,0.0
2026-07-09T15:49:31,ERR,ERR,ERR,ERR,ERR,ERR,ERR,ERR,ERR,ERR,ERR,ERR,ERR,ERR,ERR,ERR,ERR,ERR,ERR,ERR,ERR,ERR,ERR,ERR,ERR,ERR,ERR,ERR,ERR,ERR,ERR,ERR,ERR,ERR,ERR,ERR,ERR,ERR,ERR,ERR,ERR,ERR,ERR,ERR,ERR,ERR,ERR,ERR,ERR,ERR,ERR,ERR,ERR,ERR,ERR,ERR,ERR,ERR,ERR,ERR,ERR,ERR,ERR,ERR,ERR,ERR,ERR,ERR,ERR,ERR,ERR,ERR,ERR,ERR,ERR,ERR,ERR,ERR,ERR,ERR,ERR,ERR,ERR,ERR,ERR,ERR,ERR,ERR,ERR,ERR,ERR,ERR,ERR,ERR,ERR,ERR,ERR,ERR,ERR,ERR,ERR,ERR,ERR,ERR,ERR,ERR,ERR,ERR,ERR,ERR,ERR,ERR,ERR,ERR,ERR,ERR,ERR,ERR,ERR,ERR,ERR,ERR,ERR,ERR,ERR,0.0,0.0,2.7184166902131945e+23,0.0,0.374,-107.628,0.0,-354.502,0,0,4,17302,7116,0.0,100,0.0,0.0,0.0,0.0,0.0,0,0,0,0,0.0,0,0,0,0,0,0,0,0,0,0,0,0,0,0,0,0,0,0,0,0,0,0,0,0,0,0,0,0,0,0,0,0,0,31,40,40,71,65476,0,300,0,0,8,21553,0.0,-107605600.0,0.0,0.0,0.0,0.0,0.0,0.0,0.0,0.0,0.0,0.0,0.0,0.0,-2.596148429267414e+33,0.0,0.0,0.0,0.0,0.0,0.0,0.0,2.004,0.0,0.0,0.0,0.0,0.0,0.0,0.0,5339.0,-1.5879312420608694e+29,6942.0,0.0,0.0,2.004,2.004,0.0,0.0,0.0,0.0,69,-4.950405386511028e+32,-0.0,0.0,0.0,0.0,0.0,0.0,0.0,0.0,0,0,0,0.0,0.0,0.0,0.0,0.0,0.0,0.0,0.0,0.0,0.0,0.0,0.0,0.0,0.0,0.0,0.0,0,-107875648.0,69,0.0,138,0.0,2.012,ERR,ERR,ERR,ERR,ERR,ERR,ERR,ERR,ERR,ERR,ERR,ERR,ERR,ERR,ERR,ERR,ERR,ERR,ERR,ERR,ERR,ERR,ERR,ERR,ERR,ERR,ERR,ERR,ERR,ERR,ERR,ERR,ERR,ERR,ERR,ERR,ERR,ERR,ERR,ERR,ERR,ERR,ERR,ERR,ERR,ERR,ERR,ERR,ERR,ERR,ERR,ERR,ERR,ERR,ERR,ERR,ERR,ERR,ERR,ERR,ERR,ERR,ERR,ERR,ERR,ERR,ERR,60.0,60.0,35,0.0,0.0,0.0,0.0,0.0,0.0,0.0,0.0,0.0,0.0,0.0,0.0,0.0,0.0,0.0,0.0,65.6,0,111,54,33,65476,0,300,0,0,8,20529,65476,0,0,2621,60.0,0.0,0.0,0.0,0.0,0.0
2026-07-09T15:49:32,ERR,ERR,ERR,ERR,ERR,ERR,ERR,ERR,ERR,ERR,ERR,ERR,ERR,ERR,ERR,ERR,ERR,ERR,ERR,ERR,ERR,ERR,ERR,ERR,ERR,ERR,ERR,ERR,ERR,ERR,ERR,ERR,ERR,ERR,ERR,ERR,ERR,ERR,ERR,ERR,ERR,ERR,ERR,ERR,ERR,ERR,ERR,ERR,ERR,ERR,ERR,ERR,ERR,ERR,ERR,ERR,ERR,ERR,ERR,ERR,ERR,ERR,ERR,ERR,ERR,ERR,ERR,ERR,ERR,ERR,ERR,ERR,ERR,ERR,ERR,ERR,ERR,ERR,ERR,ERR,ERR,ERR,ERR,ERR,ERR,ERR,ERR,ERR,ERR,ERR,ERR,ERR,ERR,ERR,ERR,ERR,ERR,ERR,ERR,ERR,ERR,ERR,ERR,ERR,ERR,ERR,ERR,ERR,ERR,ERR,ERR,ERR,ERR,ERR,ERR,ERR,ERR,ERR,ERR,ERR,ERR,ERR,ERR,ERR,ERR,0.0,0.0,2.7184166902131945e+23,0.0,0.374,-107.628,0.0,-354.502,0,0,4,17302,7116,0.0,100,0.0,0.0,0.0,0.0,0.0,0,0,0,0,0.0,0,0,0,0,0,0,0,0,0,0,0,0,0,0,0,0,0,0,0,0,0,0,0,0,0,0,0,0,0,0,0,0,0,31,40,40,71,65476,0,300,0,0,8,21553,0.0,-107605600.0,0.0,0.0,0.0,0.0,0.0,0.0,0.0,0.0,0.0,0.0,0.0,0.0,-2.596148429267414e+33,0.0,0.0,0.0,0.0,0.0,0.0,0.0,2.004,0.0,0.0,0.0,0.0,0.0,0.0,0.0,5339.0,-1.5879312420608694e+29,6942.0,0.0,0.0,2.004,2.004,0.0,0.0,0.0,0.0,69,-4.950405386511028e+32,-0.0,0.0,0.0,0.0,0.0,0.0,0.0,0.0,0,0,0,0.0,0.0,0.0,0.0,0.0,0.0,0.0,0.0,0.0,0.0,0.0,0.0,0.0,0.0,0.0,0.0,0,-107875648.0,69,0.0,138,0.0,2.012,ERR,ERR,ERR,ERR,ERR,ERR,ERR,ERR,ERR,ERR,ERR,ERR,ERR,ERR,ERR,ERR,ERR,ERR,ERR,ERR,ERR,ERR,ERR,ERR,ERR,ERR,ERR,ERR,ERR,ERR,ERR,ERR,ERR,ERR,ERR,ERR,ERR,ERR,ERR,ERR,ERR,ERR,ERR,ERR,ERR,ERR,ERR,ERR,ERR,ERR,ERR,ERR,ERR,ERR,ERR,ERR,ERR,ERR,ERR,ERR,ERR,ERR,ERR,ERR,ERR,ERR,ERR,60.0,60.0,35,0.0,0.0,0.0,0.0,0.0,0.0,0.0,0.0,0.0,0.0,0.0,0.0,0.0,0.0,0.0,0.0,65.2,0,111,54,33,65476,0,300,0,0,8,20529,65476,0,0,2621,60.0,0.0,0.0,0.0,0.0,0.0
2026-07-09T15:49:33,ERR,ERR,ERR,ERR,ERR,ERR,ERR,ERR,ERR,ERR,ERR,ERR,ERR,ERR,ERR,ERR,ERR,ERR,ERR,ERR,ERR,ERR,ERR,ERR,ERR,ERR,ERR,ERR,ERR,ERR,ERR,ERR,ERR,ERR,ERR,ERR,ERR,ERR,ERR,ERR,ERR,ERR,ERR,ERR,ERR,ERR,ERR,ERR,ERR,ERR,ERR,ERR,ERR,ERR,ERR,ERR,ERR,ERR,ERR,ERR,ERR,ERR,ERR,ERR,ERR,ERR,ERR,ERR,ERR,ERR,ERR,ERR,ERR,ERR,ERR,ERR,ERR,ERR,ERR,ERR,ERR,ERR,ERR,ERR,ERR,ERR,ERR,ERR,ERR,ERR,ERR,ERR,ERR,ERR,ERR,ERR,ERR,ERR,ERR,ERR,ERR,ERR,ERR,ERR,ERR,ERR,ERR,ERR,ERR,ERR,ERR,ERR,ERR,ERR,ERR,ERR,ERR,ERR,ERR,ERR,ERR,ERR,ERR,ERR,ERR,-0.0,2.718443891954944e+23,0.0,-107611616.0,0.0,-0.0,0.0,0.935,0,0,4,17297,7116,0.0,100,0.0,0.0,0.0,0.0,0.0,0,0,0,0,0.0,0,0,0,0,0,0,0,0,0,0,0,0,0,0,0,0,0,0,0,0,0,0,0,0,0,0,0,0,0,0,0,0,0,31,40,40,71,65476,0,300,0,0,8,21553,0.0,-107605600.0,0.0,0.0,0.0,0.0,0.0,0.0,0.0,0.0,0.0,0.0,0.0,0.0,0.0,0.0,0.0,0.0,0.0,0.0,0.0,0.0,0.0,0.0,0.0,0.0,0.0,0.0,0.0,0.0,5341.0,-2.4229907868360434e+24,6941.0,-0.0,0.0,2.004,2.004,0.0,0.0,0.0,0.0,69,0.0,-0.0,0.0,0.0,0.0,0.0,0.0,0.0,0.0,0,0,0,0.0,0.0,0.0,0.0,0.0,0.0,0.0,0.0,0.0,0.0,0.0,0.0,0.0,0.0,0.0,0.0,0,-107875648.0,69,0.0,138,0.0,2.012,ERR,ERR,ERR,ERR,ERR,ERR,ERR,ERR,ERR,ERR,ERR,ERR,ERR,ERR,ERR,ERR,ERR,ERR,ERR,ERR,ERR,ERR,ERR,ERR,ERR,ERR,ERR,ERR,ERR,ERR,ERR,ERR,ERR,ERR,ERR,ERR,ERR,ERR,ERR,ERR,ERR,ERR,ERR,ERR,ERR,ERR,ERR,ERR,ERR,ERR,ERR,ERR,ERR,ERR,ERR,ERR,ERR,ERR,ERR,ERR,ERR,ERR,ERR,ERR,ERR,ERR,ERR,60.0,60.0,35,0.0,0.0,0.0,0.0,0.0,0.0,0.0,0.0,0.0,0.0,0.0,0.0,0.0,0.0,0.0,0.0,65.2,0,111,54,33,65476,0,300,0,0,8,20529,65476,0,0,2621,60.0,0.0,0.0,0.0,0.0,0.0
2026-07-09T15:49:34,ERR,ERR,ERR,ERR,ERR,ERR,ERR,ERR,ERR,ERR,ERR,ERR,ERR,ERR,ERR,ERR,ERR,ERR,ERR,ERR,ERR,ERR,ERR,ERR,ERR,ERR,ERR,ERR,ERR,ERR,ERR,ERR,ERR,ERR,ERR,ERR,ERR,ERR,ERR,ERR,ERR,ERR,ERR,ERR,ERR,ERR,ERR,ERR,ERR,ERR,ERR,ERR,ERR,ERR,ERR,ERR,ERR,ERR,ERR,ERR,ERR,ERR,ERR,ERR,ERR,ERR,ERR,ERR,ERR,ERR,ERR,ERR,ERR,ERR,ERR,ERR,ERR,ERR,ERR,ERR,ERR,ERR,ERR,ERR,ERR,ERR,ERR,ERR,ERR,ERR,ERR,ERR,ERR,ERR,ERR,ERR,ERR,ERR,ERR,ERR,ERR,ERR,ERR,ERR,ERR,ERR,ERR,ERR,ERR,ERR,ERR,ERR,ERR,ERR,ERR,ERR,ERR,ERR,ERR,ERR,ERR,ERR,ERR,ERR,ERR,-0.0,2.718443891954944e+23,0.0,-107611616.0,0.0,-0.0,0.0,0.935,0,0,4,17297,7116,0.0,100,0.0,0.0,0.0,0.0,0.0,0,0,0,0,0.0,0,0,0,0,0,0,0,0,0,0,0,0,0,0,0,0,0,0,0,0,0,0,0,0,0,0,0,0,0,0,0,0,0,31,40,40,71,65476,0,300,0,0,8,21553,0.0,-107605600.0,0.0,0.0,0.0,0.0,0.0,0.0,0.0,0.0,0.0,0.0,0.0,0.0,0.0,0.0,0.0,0.0,0.0,0.0,0.0,0.0,0.0,0.0,0.0,0.0,0.0,0.0,0.0,0.0,5341.0,-2.4229907868360434e+24,6941.0,-0.0,0.0,2.004,2.004,0.0,0.0,0.0,0.0,69,0.0,-0.0,0.0,0.0,0.0,0.0,0.0,0.0,0.0,0,0,0,0.0,0.0,0.0,0.0,0.0,0.0,0.0,0.0,0.0,0.0,0.0,0.0,0.0,0.0,0.0,0.0,0,-107875648.0,69,0.0,138,0.0,2.012,ERR,ERR,ERR,ERR,ERR,ERR,ERR,ERR,ERR,ERR,ERR,ERR,ERR,ERR,ERR,ERR,ERR,ERR,ERR,ERR,ERR,ERR,ERR,ERR,ERR,ERR,ERR,ERR,ERR,ERR,ERR,ERR,ERR,ERR,ERR,ERR,ERR,ERR,ERR,ERR,ERR,ERR,ERR,ERR,ERR,ERR,ERR,ERR,ERR,ERR,ERR,ERR,ERR,ERR,ERR,ERR,ERR,ERR,ERR,ERR,ERR,ERR,ERR,ERR,ERR,ERR,ERR,60.0,60.0,35,0.0,0.0,0.0,0.0,0.0,0.0,0.0,0.0,0.0,0.0,0.0,0.0,0.0,0.0,0.0,0.0,65.2,0,111,54,33,65476,0,300,0,0,8,20529,65476,0,0,2621,60.0,0.0,0.0,0.0,0.0,0.0
2026-07-09T15:49:35,ERR,ERR,ERR,ERR,ERR,ERR,ERR,ERR,ERR,ERR,ERR,ERR,ERR,ERR,ERR,ERR,ERR,ERR,ERR,ERR,ERR,ERR,ERR,ERR,ERR,ERR,ERR,ERR,ERR,ERR,ERR,ERR,ERR,ERR,ERR,ERR,ERR,ERR,ERR,ERR,ERR,ERR,ERR,ERR,ERR,ERR,ERR,ERR,ERR,ERR,ERR,ERR,ERR,ERR,ERR,ERR,ERR,ERR,ERR,ERR,ERR,ERR,ERR,ERR,ERR,ERR,ERR,ERR,ERR,ERR,ERR,ERR,ERR,ERR,ERR,ERR,ERR,ERR,ERR,ERR,ERR,ERR,ERR,ERR,ERR,ERR,ERR,ERR,ERR,ERR,ERR,ERR,ERR,ERR,ERR,ERR,ERR,ERR,ERR,ERR,ERR,ERR,ERR,ERR,ERR,ERR,ERR,ERR,ERR,ERR,ERR,ERR,ERR,ERR,ERR,ERR,ERR,ERR,ERR,ERR,ERR,ERR,ERR,ERR,ERR,-0.0,2.718443891954944e+23,0.0,-107611616.0,0.0,-0.0,0.0,0.935,0,0,4,17297,7116,0.0,100,0.0,0.0,0.0,0.0,0.0,0,0,0,0,0.0,0,0,0,0,0,0,0,0,0,0,0,0,0,0,0,0,0,0,0,0,0,0,0,0,0,0,0,0,0,0,0,0,0,31,40,40,71,65476,0,300,0,0,8,21553,0.0,-107605600.0,0.0,0.0,0.0,0.0,0.0,0.0,0.0,0.0,0.0,0.0,0.0,0.0,0.0,0.0,0.0,0.0,0.0,0.0,0.0,0.0,0.0,0.0,0.0,0.0,0.0,0.0,0.0,0.0,5341.0,-2.4229907868360434e+24,6941.0,-0.0,0.0,2.004,2.004,0.0,0.0,0.0,0.0,69,0.0,-0.0,0.0,0.0,0.0,0.0,0.0,0.0,0.0,0,0,0,0.0,0.0,0.0,0.0,0.0,0.0,0.0,0.0,0.0,0.0,0.0,0.0,0.0,0.0,0.0,0.0,0,-107875648.0,69,0.0,138,0.0,2.012,ERR,ERR,ERR,ERR,ERR,ERR,ERR,ERR,ERR,ERR,ERR,ERR,ERR,ERR,ERR,ERR,ERR,ERR,ERR,ERR,ERR,ERR,ERR,ERR,ERR,ERR,ERR,ERR,ERR,ERR,ERR,ERR,ERR,ERR,ERR,ERR,ERR,ERR,ERR,ERR,ERR,ERR,ERR,ERR,ERR,ERR,ERR,ERR,ERR,ERR,ERR,ERR,ERR,ERR,ERR,ERR,ERR,ERR,ERR,ERR,ERR,ERR,ERR,ERR,ERR,ERR,ERR,60.0,60.0,35,0.0,0.0,0.0,0.0,0.0,0.0,0.0,0.0,0.0,0.0,0.0,0.0,0.0,0.0,0.0,0.0,65.2,0,111,54,33,65476,0,300,0,0,8,20529,65476,0,0,2621,60.0,0.0,0.0,0.0,0.0,0.0
2026-07-09T15:49:36,ERR,ERR,ERR,ERR,ERR,ERR,ERR,ERR,ERR,ERR,ERR,ERR,ERR,ERR,ERR,ERR,ERR,ERR,ERR,ERR,ERR,ERR,ERR,ERR,ERR,ERR,ERR,ERR,ERR,ERR,ERR,ERR,ERR,ERR,ERR,ERR,ERR,ERR,ERR,ERR,ERR,ERR,ERR,ERR,ERR,ERR,ERR,ERR,ERR,ERR,ERR,ERR,ERR,ERR,ERR,ERR,ERR,ERR,ERR,ERR,ERR,ERR,ERR,ERR,ERR,ERR,ERR,ERR,ERR,ERR,ERR,ERR,ERR,ERR,ERR,ERR,ERR,ERR,ERR,ERR,ERR,ERR,ERR,ERR,ERR,ERR,ERR,ERR,ERR,ERR,ERR,ERR,ERR,ERR,ERR,ERR,ERR,ERR,ERR,ERR,ERR,ERR,ERR,ERR,ERR,ERR,ERR,ERR,ERR,ERR,ERR,ERR,ERR,ERR,ERR,ERR,ERR,ERR,ERR,ERR,ERR,ERR,ERR,ERR,ERR,-0.0,2.718443891954944e+23,0.0,-107611616.0,0.0,-0.0,0.0,0.935,0,0,4,17297,7116,0.0,100,0.0,0.0,0.0,0.0,0.0,0,0,0,0,0.0,0,0,0,0,0,0,0,0,0,0,0,0,0,0,0,0,0,0,0,0,0,0,0,0,0,0,0,0,0,0,0,0,0,31,40,40,71,65476,0,300,0,0,8,21553,0.0,-107605600.0,0.0,0.0,0.0,0.0,0.0,0.0,0.0,0.0,0.0,0.0,0.0,0.0,0.0,0.0,0.0,0.0,0.0,0.0,0.0,0.0,0.0,0.0,0.0,0.0,0.0,0.0,0.0,0.0,5341.0,-2.4229907868360434e+24,6941.0,-0.0,0.0,2.004,2.004,0.0,0.0,0.0,0.0,69,0.0,-0.0,0.0,0.0,0.0,0.0,0.0,0.0,0.0,0,0,0,0.0,0.0,0.0,0.0,0.0,0.0,0.0,0.0,0.0,0.0,0.0,0.0,0.0,0.0,0.0,0.0,0,-107875648.0,69,0.0,138,0.0,2.012,ERR,ERR,ERR,ERR,ERR,ERR,ERR,ERR,ERR,ERR,ERR,ERR,ERR,ERR,ERR,ERR,ERR,ERR,ERR,ERR,ERR,ERR,ERR,ERR,ERR,ERR,ERR,ERR,ERR,ERR,ERR,ERR,ERR,ERR,ERR,ERR,ERR,ERR,ERR,ERR,ERR,ERR,ERR,ERR,ERR,ERR,ERR,ERR,ERR,ERR,ERR,ERR,ERR,ERR,ERR,ERR,ERR,ERR,ERR,ERR,ERR,ERR,ERR,ERR,ERR,ERR,ERR,60.0,60.0,35,0.0,0.0,0.0,0.0,0.0,0.0,0.0,0.0,0.0,0.0,0.0,0.0,0.0,0.0,0.0,0.0,65.6,0,111,54,33,65476,0,300,0,0,8,20529,65476,0,0,2621,60.0,0.0,0.0,0.0,0.0,0.0
2026-07-09T15:49:37,ERR,ERR,ERR,ERR,ERR,ERR,ERR,ERR,ERR,ERR,ERR,ERR,ERR,ERR,ERR,ERR,ERR,ERR,ERR,ERR,ERR,ERR,ERR,ERR,ERR,ERR,ERR,ERR,ERR,ERR,ERR,ERR,ERR,ERR,ERR,ERR,ERR,ERR,ERR,ERR,ERR,ERR,ERR,ERR,ERR,ERR,ERR,ERR,ERR,ERR,ERR,ERR,ERR,ERR,ERR,ERR,ERR,ERR,ERR,ERR,ERR,ERR,ERR,ERR,ERR,ERR,ERR,ERR,ERR,ERR,ERR,ERR,ERR,ERR,ERR,ERR,ERR,ERR,ERR,ERR,ERR,ERR,ERR,ERR,ERR,ERR,ERR,ERR,ERR,ERR,ERR,ERR,ERR,ERR,ERR,ERR,ERR,ERR,ERR,ERR,ERR,ERR,ERR,ERR,ERR,ERR,ERR,ERR,ERR,ERR,ERR,ERR,ERR,ERR,ERR,ERR,ERR,ERR,ERR,ERR,ERR,ERR,ERR,ERR,ERR,-0.0,2.718443891954944e+23,0.0,-107611616.0,0.0,-0.0,0.0,0.935,0,0,4,17297,7116,0.0,100,0.0,0.0,0.0,0.0,0.0,0,0,0,0,0.0,0,0,0,0,0,0,0,0,0,0,0,0,0,0,0,0,0,0,0,0,0,0,0,0,0,0,0,0,0,0,0,0,0,31,40,40,71,65476,0,300,0,0,8,21553,0.0,-107605600.0,0.0,0.0,0.0,0.0,0.0,0.0,0.0,0.0,0.0,0.0,0.0,0.0,0.0,0.0,0.0,0.0,0.0,0.0,0.0,0.0,0.0,0.0,0.0,0.0,0.0,0.0,0.0,0.0,5341.0,-2.4229907868360434e+24,6941.0,-0.0,0.0,2.004,2.004,0.0,0.0,0.0,0.0,69,0.0,-0.0,0.0,0.0,0.0,0.0,0.0,0.0,0.0,0,0,0,0.0,0.0,0.0,0.0,0.0,0.0,0.0,0.0,0.0,0.0,0.0,0.0,0.0,0.0,0.0,0.0,0,-107875648.0,69,0.0,138,0.0,2.012,ERR,ERR,ERR,ERR,ERR,ERR,ERR,ERR,ERR,ERR,ERR,ERR,ERR,ERR,ERR,ERR,ERR,ERR,ERR,ERR,ERR,ERR,ERR,ERR,ERR,ERR,ERR,ERR,ERR,ERR,ERR,ERR,ERR,ERR,ERR,ERR,ERR,ERR,ERR,ERR,ERR,ERR,ERR,ERR,ERR,ERR,ERR,ERR,ERR,ERR,ERR,ERR,ERR,ERR,ERR,ERR,ERR,ERR,ERR,ERR,ERR,ERR,ERR,ERR,ERR,ERR,ERR,60.0,60.0,35,0.0,0.0,0.0,0.0,0.0,0.0,0.0,0.0,0.0,0.0,0.0,0.0,0.0,0.0,0.0,0.0,65.6,0,111,54,33,65476,0,300,0,0,8,20529,65476,0,0,2621,60.0,0.0,0.0,0.0,0.0,0.0
2026-07-09T15:49:38,ERR,ERR,ERR,ERR,ERR,ERR,ERR,ERR,ERR,ERR,ERR,ERR,ERR,ERR,ERR,ERR,ERR,ERR,ERR,ERR,ERR,ERR,ERR,ERR,ERR,ERR,ERR,ERR,ERR,ERR,ERR,ERR,ERR,ERR,ERR,ERR,ERR,ERR,ERR,ERR,ERR,ERR,ERR,ERR,ERR,ERR,ERR,ERR,ERR,ERR,ERR,ERR,ERR,ERR,ERR,ERR,ERR,ERR,ERR,ERR,ERR,ERR,ERR,ERR,ERR,ERR,ERR,ERR,ERR,ERR,ERR,ERR,ERR,ERR,ERR,ERR,ERR,ERR,ERR,ERR,ERR,ERR,ERR,ERR,ERR,ERR,ERR,ERR,ERR,ERR,ERR,ERR,ERR,ERR,ERR,ERR,ERR,ERR,ERR,ERR,ERR,ERR,ERR,ERR,ERR,ERR,ERR,ERR,ERR,ERR,ERR,ERR,ERR,ERR,ERR,ERR,ERR,ERR,ERR,ERR,ERR,ERR,ERR,ERR,ERR,-0.0,0.0,-107090464.0,-107611616.0,-0.031,-7.938627678884378e+28,-0.0,4.239967679700864e+29,0,0,4,17299,7116,0.0,100,0.0,0.0,-107611616.0,0.0,0.0,0,0,0,0,0.0,0,0,0,0,0,0,0,0,0,0,0,0,0,0,0,0,0,0,0,0,0,0,0,0,0,0,0,0,0,0,0,0,0,31,40,40,71,65476,0,300,0,0,8,21553,0.0,-107605600.0,0.0,0.0,0.0,0.0,0.0,0.0,0.0,0.0,0.0,0.0,0.0,0.0,0.0,0.0,0.0,0.0,0.0,0.0,0.0,0.0,0.0,0.0,0.0,0.0,0.0,0.0,0.0,0.0,5338.0,-3.697190531671209e+19,6940.0,-0.0,0.0,2.004,2.004,0.0,0.0,0.0,0.0,69,-3.2220064565925824e+26,-0.0,0.0,0.0,0.0,0.0,0.0,0.0,0.0,0,0,0,0.0,0.0,0.0,0.0,0.0,0.0,0.0,0.0,0.0,0.0,0.0,0.0,0.0,0.0,0.0,0.0,0,-107875648.0,69,0.0,138,0.0,2.012,ERR,ERR,ERR,ERR,ERR,ERR,ERR,ERR,ERR,ERR,ERR,ERR,ERR,ERR,ERR,ERR,ERR,ERR,ERR,ERR,ERR,ERR,ERR,ERR,ERR,ERR,ERR,ERR,ERR,ERR,ERR,ERR,ERR,ERR,ERR,ERR,ERR,ERR,ERR,ERR,ERR,ERR,ERR,ERR,ERR,ERR,ERR,ERR,ERR,ERR,ERR,ERR,ERR,ERR,ERR,ERR,ERR,ERR,ERR,ERR,ERR,ERR,ERR,ERR,ERR,ERR,ERR,60.0,60.0,35,0.0,0.0,0.0,0.0,0.0,0.0,0.0,0.0,0.0,0.0,0.0,0.0,0.0,0.0,0.0,0.0,65.2,0,111,54,33,65476,0,300,0,0,8,20529,65476,0,0,2621,60.0,0.0,0.0,0.0,0.0,0.0
2026-07-09T15:49:39,ERR,ERR,ERR,ERR,ERR,ERR,ERR,ERR,ERR,ERR,ERR,ERR,ERR,ERR,ERR,ERR,ERR,ERR,ERR,ERR,ERR,ERR,ERR,ERR,ERR,ERR,ERR,ERR,ERR,ERR,ERR,ERR,ERR,ERR,ERR,ERR,ERR,ERR,ERR,ERR,ERR,ERR,ERR,ERR,ERR,ERR,ERR,ERR,ERR,ERR,ERR,ERR,ERR,ERR,ERR,ERR,ERR,ERR,ERR,ERR,ERR,ERR,ERR,ERR,ERR,ERR,ERR,ERR,ERR,ERR,ERR,ERR,ERR,ERR,ERR,ERR,ERR,ERR,ERR,ERR,ERR,ERR,ERR,ERR,ERR,ERR,ERR,ERR,ERR,ERR,ERR,ERR,ERR,ERR,ERR,ERR,ERR,ERR,ERR,ERR,ERR,ERR,ERR,ERR,ERR,ERR,ERR,ERR,ERR,ERR,ERR,ERR,ERR,ERR,ERR,ERR,ERR,ERR,ERR,ERR,ERR,ERR,ERR,ERR,ERR,-0.0,0.0,-107090464.0,-107611616.0,-0.031,-7.938627678884378e+28,-0.0,4.239967679700864e+29,0,0,4,17299,7116,0.0,100,0.0,0.0,-107611616.0,0.0,0.0,0,0,0,0,0.0,0,0,0,0,0,0,0,0,0,0,0,0,0,0,0,0,0,0,0,0,0,0,0,0,0,0,0,0,0,0,0,0,0,31,40,40,71,65476,0,300,0,0,8,21553,0.0,-107605600.0,0.0,0.0,0.0,0.0,0.0,0.0,0.0,0.0,0.0,0.0,0.0,0.0,0.0,0.0,0.0,0.0,0.0,0.0,0.0,0.0,0.0,0.0,0.0,0.0,0.0,0.0,0.0,0.0,5338.0,-3.697190531671209e+19,6940.0,-0.0,0.0,2.004,2.004,0.0,0.0,0.0,0.0,69,-3.2220064565925824e+26,-0.0,0.0,0.0,0.0,0.0,0.0,0.0,0.0,0,0,0,0.0,0.0,0.0,0.0,0.0,0.0,0.0,0.0,0.0,0.0,0.0,0.0,0.0,0.0,0.0,0.0,0,-107875648.0,69,0.0,138,0.0,2.012,ERR,ERR,ERR,ERR,ERR,ERR,ERR,ERR,ERR,ERR,ERR,ERR,ERR,ERR,ERR,ERR,ERR,ERR,ERR,ERR,ERR,ERR,ERR,ERR,ERR,ERR,ERR,ERR,ERR,ERR,ERR,ERR,ERR,ERR,ERR,ERR,ERR,ERR,ERR,ERR,ERR,ERR,ERR,ERR,ERR,ERR,ERR,ERR,ERR,ERR,ERR,ERR,ERR,ERR,ERR,ERR,ERR,ERR,ERR,ERR,ERR,ERR,ERR,ERR,ERR,ERR,ERR,60.0,60.0,35,0.0,0.0,0.0,0.0,0.0,0.0,0.0,0.0,0.0,0.0,0.0,0.0,0.0,0.0,0.0,0.0,65.2,0,111,54,33,65476,0,300,0,0,8,20529,65476,0,0,2621,60.0,0.0,0.0,0.0,0.0,0.0
2026-07-09T15:49:40,ERR,ERR,ERR,ERR,ERR,ERR,ERR,ERR,ERR,ERR,ERR,ERR,ERR,ERR,ERR,ERR,ERR,ERR,ERR,ERR,ERR,ERR,ERR,ERR,ERR,ERR,ERR,ERR,ERR,ERR,ERR,ERR,ERR,ERR,ERR,ERR,ERR,ERR,ERR,ERR,ERR,ERR,ERR,ERR,ERR,ERR,ERR,ERR,ERR,ERR,ERR,ERR,ERR,ERR,ERR,ERR,ERR,ERR,ERR,ERR,ERR,ERR,ERR,ERR,ERR,ERR,ERR,ERR,ERR,ERR,ERR,ERR,ERR,ERR,ERR,ERR,ERR,ERR,ERR,ERR,ERR,ERR,ERR,ERR,ERR,ERR,ERR,ERR,ERR,ERR,ERR,ERR,ERR,ERR,ERR,ERR,ERR,ERR,ERR,ERR,ERR,ERR,ERR,ERR,ERR,ERR,ERR,ERR,ERR,ERR,ERR,ERR,ERR,ERR,ERR,ERR,ERR,ERR,ERR,ERR,ERR,ERR,ERR,ERR,ERR,-0.0,0.0,-107090464.0,-107611616.0,-0.031,-7.938627678884378e+28,-0.0,4.239967679700864e+29,0,0,4,17299,7116,0.0,100,0.0,0.0,-107611616.0,0.0,0.0,0,0,0,0,0.0,0,0,0,0,0,0,0,0,0,0,0,0,0,0,0,0,0,0,0,0,0,0,0,0,0,0,0,0,0,0,0,0,0,31,40,40,71,65476,0,300,0,0,8,21553,0.0,-107605600.0,0.0,0.0,0.0,0.0,0.0,0.0,0.0,0.0,0.0,0.0,0.0,0.0,0.0,0.0,0.0,0.0,0.0,0.0,0.0,0.0,0.0,0.0,0.0,0.0,0.0,0.0,0.0,0.0,5338.0,-3.697190531671209e+19,6940.0,-0.0,0.0,2.004,2.004,0.0,0.0,0.0,0.0,69,-3.2220064565925824e+26,-0.0,0.0,0.0,0.0,0.0,0.0,0.0,0.0,0,0,0,0.0,0.0,0.0,0.0,0.0,0.0,0.0,0.0,0.0,0.0,0.0,0.0,0.0,0.0,0.0,0.0,0,-107875648.0,69,0.0,138,0.0,2.012,ERR,ERR,ERR,ERR,ERR,ERR,ERR,ERR,ERR,ERR,ERR,ERR,ERR,ERR,ERR,ERR,ERR,ERR,ERR,ERR,ERR,ERR,ERR,ERR,ERR,ERR,ERR,ERR,ERR,ERR,ERR,ERR,ERR,ERR,ERR,ERR,ERR,ERR,ERR,ERR,ERR,ERR,ERR,ERR,ERR,ERR,ERR,ERR,ERR,ERR,ERR,ERR,ERR,ERR,ERR,ERR,ERR,ERR,ERR,ERR,ERR,ERR,ERR,ERR,ERR,ERR,ERR,60.0,60.0,35,0.0,0.0,0.0,0.0,0.0,0.0,0.0,0.0,0.0,0.0,0.0,0.0,0.0,0.0,0.0,0.0,65.2,0,111,54,33,65476,0,300,0,0,8,20529,65476,0,0,2621,60.0,0.0,0.0,0.0,0.0,0.0
2026-07-09T15:49:41,ERR,ERR,ERR,ERR,ERR,ERR,ERR,ERR,ERR,ERR,ERR,ERR,ERR,ERR,ERR,ERR,ERR,ERR,ERR,ERR,ERR,ERR,ERR,ERR,ERR,ERR,ERR,ERR,ERR,ERR,ERR,ERR,ERR,ERR,ERR,ERR,ERR,ERR,ERR,ERR,ERR,ERR,ERR,ERR,ERR,ERR,ERR,ERR,ERR,ERR,ERR,ERR,ERR,ERR,ERR,ERR,ERR,ERR,ERR,ERR,ERR,ERR,ERR,ERR,ERR,ERR,ERR,ERR,ERR,ERR,ERR,ERR,ERR,ERR,ERR,ERR,ERR,ERR,ERR,ERR,ERR,ERR,ERR,ERR,ERR,ERR,ERR,ERR,ERR,ERR,ERR,ERR,ERR,ERR,ERR,ERR,ERR,ERR,ERR,ERR,ERR,ERR,ERR,ERR,ERR,ERR,ERR,ERR,ERR,ERR,ERR,ERR,ERR,ERR,ERR,ERR,ERR,ERR,ERR,ERR,ERR,ERR,ERR,ERR,ERR,-0.0,0.0,-107090464.0,-107611616.0,-0.031,-7.938627678884378e+28,-0.0,4.239967679700864e+29,0,0,4,17299,7116,0.0,100,0.0,0.0,-107611616.0,0.0,0.0,0,0,0,0,0.0,0,0,0,0,0,0,0,0,0,0,0,0,0,0,0,0,0,0,0,0,0,0,0,0,0,0,0,0,0,0,0,0,0,31,40,40,71,65476,0,300,0,0,8,21553,0.0,-107605600.0,0.0,0.0,0.0,0.0,0.0,0.0,0.0,0.0,0.0,0.0,0.0,0.0,0.0,0.0,0.0,0.0,0.0,0.0,0.0,0.0,0.0,0.0,0.0,0.0,0.0,0.0,0.0,0.0,5338.0,-3.697190531671209e+19,6940.0,-0.0,0.0,2.004,2.004,0.0,0.0,0.0,0.0,69,-3.2220064565925824e+26,-0.0,0.0,0.0,0.0,0.0,0.0,0.0,0.0,0,0,0,0.0,0.0,0.0,0.0,0.0,0.0,0.0,0.0,0.0,0.0,0.0,0.0,0.0,0.0,0.0,0.0,0,-107875648.0,69,0.0,138,0.0,2.012,ERR,ERR,ERR,ERR,ERR,ERR,ERR,ERR,ERR,ERR,ERR,ERR,ERR,ERR,ERR,ERR,ERR,ERR,ERR,ERR,ERR,ERR,ERR,ERR,ERR,ERR,ERR,ERR,ERR,ERR,ERR,ERR,ERR,ERR,ERR,ERR,ERR,ERR,ERR,ERR,ERR,ERR,ERR,ERR,ERR,ERR,ERR,ERR,ERR,ERR,ERR,ERR,ERR,ERR,ERR,ERR,ERR,ERR,ERR,ERR,ERR,ERR,ERR,ERR,ERR,ERR,ERR,60.0,60.0,35,0.0,0.0,0.0,0.0,0.0,0.0,0.0,0.0,0.0,0.0,0.0,0.0,0.0,0.0,0.0,0.0,65.2,0,111,54,33,65476,0,300,0,0,8,20529,65476,0,0,2621,60.0,0.0,0.0,0.0,0.0,0.0
2026-07-09T15:49:42,ERR,ERR,ERR,ERR,ERR,ERR,ERR,ERR,ERR,ERR,ERR,ERR,ERR,ERR,ERR,ERR,ERR,ERR,ERR,ERR,ERR,ERR,ERR,ERR,ERR,ERR,ERR,ERR,ERR,ERR,ERR,ERR,ERR,ERR,ERR,ERR,ERR,ERR,ERR,ERR,ERR,ERR,ERR,ERR,ERR,ERR,ERR,ERR,ERR,ERR,ERR,ERR,ERR,ERR,ERR,ERR,ERR,ERR,ERR,ERR,ERR,ERR,ERR,ERR,ERR,ERR,ERR,ERR,ERR,ERR,ERR,ERR,ERR,ERR,ERR,ERR,ERR,ERR,ERR,ERR,ERR,ERR,ERR,ERR,ERR,ERR,ERR,ERR,ERR,ERR,ERR,ERR,ERR,ERR,ERR,ERR,ERR,ERR,ERR,ERR,ERR,ERR,ERR,ERR,ERR,ERR,ERR,ERR,ERR,ERR,ERR,ERR,ERR,ERR,ERR,ERR,ERR,ERR,ERR,ERR,ERR,ERR,ERR,ERR,ERR,-0.0,0.0,-107090464.0,-107611616.0,-0.031,-7.938627678884378e+28,-0.0,4.239967679700864e+29,0,0,4,17299,7116,0.0,100,0.0,0.0,-107611616.0,0.0,0.0,0,0,0,0,0.0,0,0,0,0,0,0,0,0,0,0,0,0,0,0,0,0,0,0,0,0,0,0,0,0,0,0,0,0,0,0,0,0,0,31,40,40,71,65476,0,300,0,0,8,21553,0.0,-107605600.0,0.0,0.0,0.0,0.0,0.0,0.0,0.0,0.0,0.0,0.0,0.0,0.0,0.0,0.0,0.0,0.0,0.0,0.0,0.0,0.0,0.0,0.0,0.0,0.0,0.0,0.0,0.0,0.0,5338.0,-3.697190531671209e+19,6940.0,-0.0,0.0,2.004,2.004,0.0,0.0,0.0,0.0,69,-3.2220064565925824e+26,-0.0,0.0,0.0,0.0,0.0,0.0,0.0,0.0,0,0,0,0.0,0.0,0.0,0.0,0.0,0.0,0.0,0.0,0.0,0.0,0.0,0.0,0.0,0.0,0.0,0.0,0,-107875648.0,69,0.0,138,0.0,2.012,ERR,ERR,ERR,ERR,ERR,ERR,ERR,ERR,ERR,ERR,ERR,ERR,ERR,ERR,ERR,ERR,ERR,ERR,ERR,ERR,ERR,ERR,ERR,ERR,ERR,ERR,ERR,ERR,ERR,ERR,ERR,ERR,ERR,ERR,ERR,ERR,ERR,ERR,ERR,ERR,ERR,ERR,ERR,ERR,ERR,ERR,ERR,ERR,ERR,ERR,ERR,ERR,ERR,ERR,ERR,ERR,ERR,ERR,ERR,ERR,ERR,ERR,ERR,ERR,ERR,ERR,ERR,60.0,60.0,35,0.0,0.0,0.0,0.0,0.0,0.0,0.0,0.0,0.0,0.0,0.0,0.0,0.0,0.0,0.0,0.0,65.2,0,111,54,33,65476,0,300,0,0,8,20529,65476,0,0,2621,60.0,0.0,0.0,0.0,0.0,0.0
2026-07-09T15:49:43,ERR,ERR,ERR,ERR,ERR,ERR,ERR,ERR,ERR,ERR,ERR,ERR,ERR,ERR,ERR,ERR,ERR,ERR,ERR,ERR,ERR,ERR,ERR,ERR,ERR,ERR,ERR,ERR,ERR,ERR,ERR,ERR,ERR,ERR,ERR,ERR,ERR,ERR,ERR,ERR,ERR,ERR,ERR,ERR,ERR,ERR,ERR,ERR,ERR,ERR,ERR,ERR,ERR,ERR,ERR,ERR,ERR,ERR,ERR,ERR,ERR,ERR,ERR,ERR,ERR,ERR,ERR,ERR,ERR,ERR,ERR,ERR,ERR,ERR,ERR,ERR,ERR,ERR,ERR,ERR,ERR,ERR,ERR,ERR,ERR,ERR,ERR,ERR,ERR,ERR,ERR,ERR,ERR,ERR,ERR,ERR,ERR,ERR,ERR,ERR,ERR,ERR,ERR,ERR,ERR,ERR,ERR,ERR,ERR,ERR,ERR,ERR,ERR,ERR,ERR,ERR,ERR,ERR,ERR,ERR,ERR,ERR,ERR,ERR,ERR,-0.0,2.718443891954944e+23,0.0,0.0,-210316260540416.0,-6.57,2.0593788752687278e+21,6.989133754112e+25,0,0,4,17299,7116,0.0,100,0.0,0.0,0.0,0.0,0.0,0,0,0,0,0.0,0,0,0,0,0,0,0,0,0,0,0,0,0,0,0,0,0,0,0,0,0,0,0,0,0,0,0,0,0,0,0,0,0,31,40,40,71,65476,0,300,0,0,8,21553,0.0,-107605600.0,0.0,0.0,0.0,0.0,0.0,0.0,0.0,0.0,0.0,0.0,0.0,0.0,0.0,0.0,0.0,0.0,0.0,0.0,0.0,0.0,0.0,0.0,0.0,0.0,0.0,0.0,0.0,0.0,5341.0,-564146504466432.0,6939.0,-0.0,2.718443891954944e+23,2.004,2.004,0.0,0.0,0.0,0.0,69,0.0,-0.0,0.0,0.0,0.0,0.0,0.0,0.0,0.0,0,0,0,0.0,0.0,0.0,0.0,0.0,0.0,0.0,0.0,0.0,0.0,0.0,0.0,0.0,0.0,0.0,0.0,0,-107875648.0,69,0.0,138,0.0,2.012,ERR,ERR,ERR,ERR,ERR,ERR,ERR,ERR,ERR,ERR,ERR,ERR,ERR,ERR,ERR,ERR,ERR,ERR,ERR,ERR,ERR,ERR,ERR,ERR,ERR,ERR,ERR,ERR,ERR,ERR,ERR,ERR,ERR,ERR,ERR,ERR,ERR,ERR,ERR,ERR,ERR,ERR,ERR,ERR,ERR,ERR,ERR,ERR,ERR,ERR,ERR,ERR,ERR,ERR,ERR,ERR,ERR,ERR,ERR,ERR,ERR,ERR,ERR,ERR,ERR,ERR,ERR,60.0,60.0,35,0.0,0.0,0.0,0.0,0.0,0.0,0.0,0.0,0.0,0.0,0.0,0.0,0.0,0.0,0.0,0.0,65.2,0,111,54,33,65476,0,300,0,0,8,20529,65476,0,0,2621,60.0,0.0,0.0,0.0,0.0,0.0
2026-07-09T15:49:44,ERR,ERR,ERR,ERR,ERR,ERR,ERR,ERR,ERR,ERR,ERR,ERR,ERR,ERR,ERR,ERR,ERR,ERR,ERR,ERR,ERR,ERR,ERR,ERR,ERR,ERR,ERR,ERR,ERR,ERR,ERR,ERR,ERR,ERR,ERR,ERR,ERR,ERR,ERR,ERR,ERR,ERR,ERR,ERR,ERR,ERR,ERR,ERR,ERR,ERR,ERR,ERR,ERR,ERR,ERR,ERR,ERR,ERR,ERR,ERR,ERR,ERR,ERR,ERR,ERR,ERR,ERR,ERR,ERR,ERR,ERR,ERR,ERR,ERR,ERR,ERR,ERR,ERR,ERR,ERR,ERR,ERR,ERR,ERR,ERR,ERR,ERR,ERR,ERR,ERR,ERR,ERR,ERR,ERR,ERR,ERR,ERR,ERR,ERR,ERR,ERR,ERR,ERR,ERR,ERR,ERR,ERR,ERR,ERR,ERR,ERR,ERR,ERR,ERR,ERR,ERR,ERR,ERR,ERR,ERR,ERR,ERR,ERR,ERR,ERR,-0.0,2.718443891954944e+23,0.0,0.0,-210316260540416.0,-6.57,2.0593788752687278e+21,6.989133754112e+25,0,0,4,17299,7116,0.0,100,0.0,0.0,0.0,0.0,0.0,0,0,0,0,0.0,0,0,0,0,0,0,0,0,0,0,0,0,0,0,0,0,0,0,0,0,0,0,0,0,0,0,0,0,0,0,0,0,0,31,40,40,71,65476,0,300,0,0,8,21553,0.0,-107605600.0,0.0,0.0,0.0,0.0,0.0,0.0,0.0,0.0,0.0,0.0,0.0,0.0,0.0,0.0,0.0,0.0,0.0,0.0,0.0,0.0,0.0,0.0,0.0,0.0,0.0,0.0,0.0,0.0,5341.0,-564146504466432.0,6939.0,-0.0,2.718443891954944e+23,2.004,2.004,0.0,0.0,0.0,0.0,69,0.0,-0.0,0.0,0.0,0.0,0.0,0.0,0.0,0.0,0,0,0,0.0,0.0,0.0,0.0,0.0,0.0,0.0,0.0,0.0,0.0,0.0,0.0,0.0,0.0,0.0,0.0,0,-107875648.0,69,0.0,138,0.0,2.012,ERR,ERR,ERR,ERR,ERR,ERR,ERR,ERR,ERR,ERR,ERR,ERR,ERR,ERR,ERR,ERR,ERR,ERR,ERR,ERR,ERR,ERR,ERR,ERR,ERR,ERR,ERR,ERR,ERR,ERR,ERR,ERR,ERR,ERR,ERR,ERR,ERR,ERR,ERR,ERR,ERR,ERR,ERR,ERR,ERR,ERR,ERR,ERR,ERR,ERR,ERR,ERR,ERR,ERR,ERR,ERR,ERR,ERR,ERR,ERR,ERR,ERR,ERR,ERR,ERR,ERR,ERR,60.0,60.0,35,0.0,0.0,0.0,0.0,0.0,0.0,0.0,0.0,0.0,0.0,0.0,0.0,0.0,0.0,0.0,0.0,65.2,0,111,54,33,65476,0,300,0,0,8,20529,65476,0,0,2621,60.0,0.0,0.0,0.0,0.0,0.0
2026-07-09T15:49:45,ERR,ERR,ERR,ERR,ERR,ERR,ERR,ERR,ERR,ERR,ERR,ERR,ERR,ERR,ERR,ERR,ERR,ERR,ERR,ERR,ERR,ERR,ERR,ERR,ERR,ERR,ERR,ERR,ERR,ERR,ERR,ERR,ERR,ERR,ERR,ERR,ERR,ERR,ERR,ERR,ERR,ERR,ERR,ERR,ERR,ERR,ERR,ERR,ERR,ERR,ERR,ERR,ERR,ERR,ERR,ERR,ERR,ERR,ERR,ERR,ERR,ERR,ERR,ERR,ERR,ERR,ERR,ERR,ERR,ERR,ERR,ERR,ERR,ERR,ERR,ERR,ERR,ERR,ERR,ERR,ERR,ERR,ERR,ERR,ERR,ERR,ERR,ERR,ERR,ERR,ERR,ERR,ERR,ERR,ERR,ERR,ERR,ERR,ERR,ERR,ERR,ERR,ERR,ERR,ERR,ERR,ERR,ERR,ERR,ERR,ERR,ERR,ERR,ERR,ERR,ERR,ERR,ERR,ERR,ERR,ERR,ERR,ERR,ERR,ERR,-0.0,2.718443891954944e+23,0.0,0.0,-210316260540416.0,-6.57,2.0593788752687278e+21,6.989133754112e+25,0,0,4,17299,7116,0.0,100,0.0,0.0,0.0,0.0,0.0,0,0,0,0,0.0,0,0,0,0,0,0,0,0,0,0,0,0,0,0,0,0,0,0,0,0,0,0,0,0,0,0,0,0,0,0,0,0,0,31,40,40,71,65476,0,300,0,0,8,21553,0.0,-107605600.0,0.0,0.0,0.0,0.0,0.0,0.0,0.0,0.0,0.0,0.0,0.0,0.0,0.0,0.0,0.0,0.0,0.0,0.0,0.0,0.0,0.0,0.0,0.0,0.0,0.0,0.0,0.0,0.0,5341.0,-564146504466432.0,6939.0,-0.0,2.718443891954944e+23,2.004,2.004,0.0,0.0,0.0,0.0,69,0.0,-0.0,0.0,0.0,0.0,0.0,0.0,0.0,0.0,0,0,0,0.0,0.0,0.0,0.0,0.0,0.0,0.0,0.0,0.0,0.0,0.0,0.0,0.0,0.0,0.0,0.0,0,-107875648.0,69,0.0,138,0.0,2.012,ERR,ERR,ERR,ERR,ERR,ERR,ERR,ERR,ERR,ERR,ERR,ERR,ERR,ERR,ERR,ERR,ERR,ERR,ERR,ERR,ERR,ERR,ERR,ERR,ERR,ERR,ERR,ERR,ERR,ERR,ERR,ERR,ERR,ERR,ERR,ERR,ERR,ERR,ERR,ERR,ERR,ERR,ERR,ERR,ERR,ERR,ERR,ERR,ERR,ERR,ERR,ERR,ERR,ERR,ERR,ERR,ERR,ERR,ERR,ERR,ERR,ERR,ERR,ERR,ERR,ERR,ERR,60.0,60.0,35,0.0,0.0,0.0,0.0,0.0,0.0,0.0,0.0,0.0,0.0,0.0,0.0,0.0,0.0,0.0,0.0,65.2,0,111,54,33,65476,0,300,0,0,8,20529,65476,0,0,2621,60.0,0.0,0.0,0.0,0.0,0.0
2026-07-09T15:49:46,ERR,ERR,ERR,ERR,ERR,ERR,ERR,ERR,ERR,ERR,ERR,ERR,ERR,ERR,ERR,ERR,ERR,ERR,ERR,ERR,ERR,ERR,ERR,ERR,ERR,ERR,ERR,ERR,ERR,ERR,ERR,ERR,ERR,ERR,ERR,ERR,ERR,ERR,ERR,ERR,ERR,ERR,ERR,ERR,ERR,ERR,ERR,ERR,ERR,ERR,ERR,ERR,ERR,ERR,ERR,ERR,ERR,ERR,ERR,ERR,ERR,ERR,ERR,ERR,ERR,ERR,ERR,ERR,ERR,ERR,ERR,ERR,ERR,ERR,ERR,ERR,ERR,ERR,ERR,ERR,ERR,ERR,ERR,ERR,ERR,ERR,ERR,ERR,ERR,ERR,ERR,ERR,ERR,ERR,ERR,ERR,ERR,ERR,ERR,ERR,ERR,ERR,ERR,ERR,ERR,ERR,ERR,ERR,ERR,ERR,ERR,ERR,ERR,ERR,ERR,ERR,ERR,ERR,ERR,ERR,ERR,ERR,ERR,ERR,ERR,-0.0,2.718443891954944e+23,0.0,0.0,-210316260540416.0,-6.57,2.0593788752687278e+21,6.989133754112e+25,0,0,4,17299,7116,0.0,100,0.0,0.0,0.0,0.0,0.0,0,0,0,0,0.0,0,0,0,0,0,0,0,0,0,0,0,0,0,0,0,0,0,0,0,0,0,0,0,0,0,0,0,0,0,0,0,0,0,31,40,40,71,65476,0,300,0,0,8,21553,0.0,-107605600.0,0.0,0.0,0.0,0.0,0.0,0.0,0.0,0.0,0.0,0.0,0.0,0.0,0.0,0.0,0.0,0.0,0.0,0.0,0.0,0.0,0.0,0.0,0.0,0.0,0.0,0.0,0.0,0.0,5341.0,-564146504466432.0,6939.0,-0.0,2.718443891954944e+23,2.004,2.004,0.0,0.0,0.0,0.0,69,0.0,-0.0,0.0,0.0,0.0,0.0,0.0,0.0,0.0,0,0,0,0.0,0.0,0.0,0.0,0.0,0.0,0.0,0.0,0.0,0.0,0.0,0.0,0.0,0.0,0.0,0.0,0,-107875648.0,69,0.0,138,0.0,2.012,ERR,ERR,ERR,ERR,ERR,ERR,ERR,ERR,ERR,ERR,ERR,ERR,ERR,ERR,ERR,ERR,ERR,ERR,ERR,ERR,ERR,ERR,ERR,ERR,ERR,ERR,ERR,ERR,ERR,ERR,ERR,ERR,ERR,ERR,ERR,ERR,ERR,ERR,ERR,ERR,ERR,ERR,ERR,ERR,ERR,ERR,ERR,ERR,ERR,ERR,ERR,ERR,ERR,ERR,ERR,ERR,ERR,ERR,ERR,ERR,ERR,ERR,ERR,ERR,ERR,ERR,ERR,60.0,60.0,35,0.0,0.0,0.0,0.0,0.0,0.0,0.0,0.0,0.0,0.0,0.0,0.0,0.0,0.0,0.0,0.0,65.2,0,111,54,33,65476,0,300,0,0,8,20529,65476,0,0,2621,60.0,0.0,0.0,0.0,0.0,0.0
2026-07-09T15:49:47,ERR,ERR,ERR,ERR,ERR,ERR,ERR,ERR,ERR,ERR,ERR,ERR,ERR,ERR,ERR,ERR,ERR,ERR,ERR,ERR,ERR,ERR,ERR,ERR,ERR,ERR,ERR,ERR,ERR,ERR,ERR,ERR,ERR,ERR,ERR,ERR,ERR,ERR,ERR,ERR,ERR,ERR,ERR,ERR,ERR,ERR,ERR,ERR,ERR,ERR,ERR,ERR,ERR,ERR,ERR,ERR,ERR,ERR,ERR,ERR,ERR,ERR,ERR,ERR,ERR,ERR,ERR,ERR,ERR,ERR,ERR,ERR,ERR,ERR,ERR,ERR,ERR,ERR,ERR,ERR,ERR,ERR,ERR,ERR,ERR,ERR,ERR,ERR,ERR,ERR,ERR,ERR,ERR,ERR,ERR,ERR,ERR,ERR,ERR,ERR,ERR,ERR,ERR,ERR,ERR,ERR,ERR,ERR,ERR,ERR,ERR,ERR,ERR,ERR,ERR,ERR,ERR,ERR,ERR,ERR,ERR,ERR,ERR,ERR,ERR,-0.0,2.718443891954944e+23,0.0,0.0,-210316260540416.0,-0.114,-0.0,0.103,0,0,4,17299,7116,0.0,100,0.0,0.0,0.0,0.0,0.0,0,0,0,0,0.0,0,0,0,0,0,0,0,0,0,0,0,0,0,0,0,0,0,0,0,0,0,0,0,0,0,0,0,0,0,0,0,0,0,31,40,40,71,65476,0,300,0,0,8,21553,0.0,-107605600.0,0.0,0.0,0.0,0.0,0.0,0.0,0.0,0.0,0.0,0.0,0.0,0.0,0.0,0.0,0.0,0.0,0.0,0.0,0.0,0.0,0.0,0.0,0.0,0.0,0.0,0.0,0.0,0.0,5340.0,-8608192512.0,6938.0,-0.0,0.0,2.004,2.004,0.0,0.0,0.0,0.0,69,0.0,-0.0,0.0,0.0,0.0,0.0,0.0,0.0,0.0,0,0,0,0.0,0.0,0.0,0.0,0.0,0.0,0.0,0.0,0.0,0.0,0.0,0.0,0.0,0.0,0.0,0.0,0,-107875648.0,69,0.0,138,0.0,2.012,ERR,ERR,ERR,ERR,ERR,ERR,ERR,ERR,ERR,ERR,ERR,ERR,ERR,ERR,ERR,ERR,ERR,ERR,ERR,ERR,ERR,ERR,ERR,ERR,ERR,ERR,ERR,ERR,ERR,ERR,ERR,ERR,ERR,ERR,ERR,ERR,ERR,ERR,ERR,ERR,ERR,ERR,ERR,ERR,ERR,ERR,ERR,ERR,ERR,ERR,ERR,ERR,ERR,ERR,ERR,ERR,ERR,ERR,ERR,ERR,ERR,ERR,ERR,ERR,ERR,ERR,ERR,60.0,60.0,35,0.0,0.0,0.0,0.0,0.0,0.0,0.0,0.0,0.0,0.0,0.0,0.0,0.0,0.0,0.0,0.0,65.2,0,111,54,33,65476,0,300,0,0,8,20529,65476,0,0,2621,60.0,0.0,0.0,0.0,0.0,0.0
2026-07-09T15:49:48,ERR,ERR,ERR,ERR,ERR,ERR,ERR,ERR,ERR,ERR,ERR,ERR,ERR,ERR,ERR,ERR,ERR,ERR,ERR,ERR,ERR,ERR,ERR,ERR,ERR,ERR,ERR,ERR,ERR,ERR,ERR,ERR,ERR,ERR,ERR,ERR,ERR,ERR,ERR,ERR,ERR,ERR,ERR,ERR,ERR,ERR,ERR,ERR,ERR,ERR,ERR,ERR,ERR,ERR,ERR,ERR,ERR,ERR,ERR,ERR,ERR,ERR,ERR,ERR,ERR,ERR,ERR,ERR,ERR,ERR,ERR,ERR,ERR,ERR,ERR,ERR,ERR,ERR,ERR,ERR,ERR,ERR,ERR,ERR,ERR,ERR,ERR,ERR,ERR,ERR,ERR,ERR,ERR,ERR,ERR,ERR,ERR,ERR,ERR,ERR,ERR,ERR,ERR,ERR,ERR,ERR,ERR,ERR,ERR,ERR,ERR,ERR,ERR,ERR,ERR,ERR,ERR,ERR,ERR,ERR,ERR,ERR,ERR,ERR,ERR,-0.0,2.718443891954944e+23,0.0,0.0,-210316260540416.0,-0.114,-0.0,0.103,0,0,4,17299,7116,0.0,100,0.0,0.0,0.0,0.0,0.0,0,0,0,0,0.0,0,0,0,0,0,0,0,0,0,0,0,0,0,0,0,0,0,0,0,0,0,0,0,0,0,0,0,0,0,0,0,0,0,31,40,40,71,65476,0,300,0,0,8,21553,0.0,-107605600.0,0.0,0.0,0.0,0.0,0.0,0.0,0.0,0.0,0.0,0.0,0.0,0.0,0.0,0.0,0.0,0.0,0.0,0.0,0.0,0.0,0.0,0.0,0.0,0.0,0.0,0.0,0.0,0.0,5340.0,-8608192512.0,6938.0,-0.0,0.0,2.004,2.004,0.0,0.0,0.0,0.0,69,0.0,-0.0,0.0,0.0,0.0,0.0,0.0,0.0,0.0,0,0,0,0.0,0.0,0.0,0.0,0.0,0.0,0.0,0.0,0.0,0.0,0.0,0.0,0.0,0.0,0.0,0.0,0,-107875648.0,69,0.0,138,0.0,2.012,ERR,ERR,ERR,ERR,ERR,ERR,ERR,ERR,ERR,ERR,ERR,ERR,ERR,ERR,ERR,ERR,ERR,ERR,ERR,ERR,ERR,ERR,ERR,ERR,ERR,ERR,ERR,ERR,ERR,ERR,ERR,ERR,ERR,ERR,ERR,ERR,ERR,ERR,ERR,ERR,ERR,ERR,ERR,ERR,ERR,ERR,ERR,ERR,ERR,ERR,ERR,ERR,ERR,ERR,ERR,ERR,ERR,ERR,ERR,ERR,ERR,ERR,ERR,ERR,ERR,ERR,ERR,60.0,60.0,35,0.0,0.0,0.0,0.0,0.0,0.0,0.0,0.0,0.0,0.0,0.0,0.0,0.0,0.0,0.0,0.0,65.2,0,111,54,33,65476,0,300,0,0,8,20529,65476,0,0,2621,60.0,0.0,0.0,0.0,0.0,0.0
2026-07-09T15:49:49,ERR,ERR,ERR,ERR,ERR,ERR,ERR,ERR,ERR,ERR,ERR,ERR,ERR,ERR,ERR,ERR,ERR,ERR,ERR,ERR,ERR,ERR,ERR,ERR,ERR,ERR,ERR,ERR,ERR,ERR,ERR,ERR,ERR,ERR,ERR,ERR,ERR,ERR,ERR,ERR,ERR,ERR,ERR,ERR,ERR,ERR,ERR,ERR,ERR,ERR,ERR,ERR,ERR,ERR,ERR,ERR,ERR,ERR,ERR,ERR,ERR,ERR,ERR,ERR,ERR,ERR,ERR,ERR,ERR,ERR,ERR,ERR,ERR,ERR,ERR,ERR,ERR,ERR,ERR,ERR,ERR,ERR,ERR,ERR,ERR,ERR,ERR,ERR,ERR,ERR,ERR,ERR,ERR,ERR,ERR,ERR,ERR,ERR,ERR,ERR,ERR,ERR,ERR,ERR,ERR,ERR,ERR,ERR,ERR,ERR,ERR,ERR,ERR,ERR,ERR,ERR,ERR,ERR,ERR,ERR,ERR,ERR,ERR,ERR,ERR,-0.0,2.718443891954944e+23,0.0,0.0,-210316260540416.0,-0.114,-0.0,0.103,0,0,4,17299,7116,0.0,100,0.0,0.0,0.0,0.0,0.0,0,0,0,0,0.0,0,0,0,0,0,0,0,0,0,0,0,0,0,0,0,0,0,0,0,0,0,0,0,0,0,0,0,0,0,0,0,0,0,31,40,40,71,65476,0,300,0,0,8,21553,0.0,-107605600.0,0.0,0.0,0.0,0.0,0.0,0.0,0.0,0.0,0.0,0.0,0.0,0.0,0.0,0.0,0.0,0.0,0.0,0.0,0.0,0.0,0.0,0.0,0.0,0.0,0.0,0.0,0.0,0.0,5340.0,-8608192512.0,6938.0,-0.0,0.0,2.004,2.004,0.0,0.0,0.0,0.0,69,0.0,-0.0,0.0,0.0,0.0,0.0,0.0,0.0,0.0,0,0,0,0.0,0.0,0.0,0.0,0.0,0.0,0.0,0.0,0.0,0.0,0.0,0.0,0.0,0.0,0.0,0.0,0,-107875648.0,69,0.0,138,0.0,2.012,ERR,ERR,ERR,ERR,ERR,ERR,ERR,ERR,ERR,ERR,ERR,ERR,ERR,ERR,ERR,ERR,ERR,ERR,ERR,ERR,ERR,ERR,ERR,ERR,ERR,ERR,ERR,ERR,ERR,ERR,ERR,ERR,ERR,ERR,ERR,ERR,ERR,ERR,ERR,ERR,ERR,ERR,ERR,ERR,ERR,ERR,ERR,ERR,ERR,ERR,ERR,ERR,ERR,ERR,ERR,ERR,ERR,ERR,ERR,ERR,ERR,ERR,ERR,ERR,ERR,ERR,ERR,60.0,60.0,35,0.0,0.0,0.0,0.0,0.0,0.0,0.0,0.0,0.0,0.0,0.0,0.0,0.0,0.0,0.0,0.0,65.2,0,111,54,33,65476,0,300,0,0,8,20529,65476,0,0,2621,60.0,0.0,0.0,0.0,0.0,0.0
2026-07-09T15:49:50,ERR,ERR,ERR,ERR,ERR,ERR,ERR,ERR,ERR,ERR,ERR,ERR,ERR,ERR,ERR,ERR,ERR,ERR,ERR,ERR,ERR,ERR,ERR,ERR,ERR,ERR,ERR,ERR,ERR,ERR,ERR,ERR,ERR,ERR,ERR,ERR,ERR,ERR,ERR,ERR,ERR,ERR,ERR,ERR,ERR,ERR,ERR,ERR,ERR,ERR,ERR,ERR,ERR,ERR,ERR,ERR,ERR,ERR,ERR,ERR,ERR,ERR,ERR,ERR,ERR,ERR,ERR,ERR,ERR,ERR,ERR,ERR,ERR,ERR,ERR,ERR,ERR,ERR,ERR,ERR,ERR,ERR,ERR,ERR,ERR,ERR,ERR,ERR,ERR,ERR,ERR,ERR,ERR,ERR,ERR,ERR,ERR,ERR,ERR,ERR,ERR,ERR,ERR,ERR,ERR,ERR,ERR,ERR,ERR,ERR,ERR,ERR,ERR,ERR,ERR,ERR,ERR,ERR,ERR,ERR,ERR,ERR,ERR,ERR,ERR,-0.0,2.718443891954944e+23,0.0,0.0,-210316260540416.0,-0.114,-0.0,0.103,0,0,4,17299,7116,0.0,100,0.0,0.0,0.0,0.0,0.0,0,0,0,0,0.0,0,0,0,0,0,0,0,0,0,0,0,0,0,0,0,0,0,0,0,0,0,0,0,0,0,0,0,0,0,0,0,0,0,31,40,40,71,65476,0,300,0,0,8,21553,0.0,-107605600.0,0.0,0.0,0.0,0.0,0.0,0.0,0.0,0.0,0.0,0.0,0.0,0.0,0.0,0.0,0.0,0.0,0.0,0.0,0.0,0.0,0.0,0.0,0.0,0.0,0.0,0.0,0.0,0.0,5340.0,-8608192512.0,6938.0,-0.0,0.0,2.004,2.004,0.0,0.0,0.0,0.0,69,0.0,-0.0,0.0,0.0,0.0,0.0,0.0,0.0,0.0,0,0,0,0.0,0.0,0.0,0.0,0.0,0.0,0.0,0.0,0.0,0.0,0.0,0.0,0.0,0.0,0.0,0.0,0,-107875648.0,69,0.0,138,0.0,2.012,ERR,ERR,ERR,ERR,ERR,ERR,ERR,ERR,ERR,ERR,ERR,ERR,ERR,ERR,ERR,ERR,ERR,ERR,ERR,ERR,ERR,ERR,ERR,ERR,ERR,ERR,ERR,ERR,ERR,ERR,ERR,ERR,ERR,ERR,ERR,ERR,ERR,ERR,ERR,ERR,ERR,ERR,ERR,ERR,ERR,ERR,ERR,ERR,ERR,ERR,ERR,ERR,ERR,ERR,ERR,ERR,ERR,ERR,ERR,ERR,ERR,ERR,ERR,ERR,ERR,ERR,ERR,60.0,60.0,35,0.0,0.0,0.0,0.0,0.0,0.0,0.0,0.0,0.0,0.0,0.0,0.0,0.0,0.0,0.0,0.0,65.2,0,111,54,33,65476,0,300,0,0,8,20529,65476,0,0,2621,60.0,0.0,0.0,0.0,0.0,0.0
2026-07-09T15:49:51,ERR,ERR,ERR,ERR,ERR,ERR,ERR,ERR,ERR,ERR,ERR,ERR,ERR,ERR,ERR,ERR,ERR,ERR,ERR,ERR,ERR,ERR,ERR,ERR,ERR,ERR,ERR,ERR,ERR,ERR,ERR,ERR,ERR,ERR,ERR,ERR,ERR,ERR,ERR,ERR,ERR,ERR,ERR,ERR,ERR,ERR,ERR,ERR,ERR,ERR,ERR,ERR,ERR,ERR,ERR,ERR,ERR,ERR,ERR,ERR,ERR,ERR,ERR,ERR,ERR,ERR,ERR,ERR,ERR,ERR,ERR,ERR,ERR,ERR,ERR,ERR,ERR,ERR,ERR,ERR,ERR,ERR,ERR,ERR,ERR,ERR,ERR,ERR,ERR,ERR,ERR,ERR,ERR,ERR,ERR,ERR,ERR,ERR,ERR,ERR,ERR,ERR,ERR,ERR,ERR,ERR,ERR,ERR,ERR,ERR,ERR,ERR,ERR,ERR,ERR,ERR,ERR,ERR,ERR,ERR,ERR,ERR,ERR,ERR,ERR,-0.0,2.718443891954944e+23,0.0,0.0,-210316260540416.0,-0.114,-0.0,0.103,0,0,4,17299,7116,0.0,100,0.0,0.0,0.0,0.0,0.0,0,0,0,0,0.0,0,0,0,0,0,0,0,0,0,0,0,0,0,0,0,0,0,0,0,0,0,0,0,0,0,0,0,0,0,0,0,0,0,31,40,40,71,65476,0,300,0,0,8,21553,0.0,-107605600.0,0.0,0.0,0.0,0.0,0.0,0.0,0.0,0.0,0.0,0.0,0.0,0.0,0.0,0.0,0.0,0.0,0.0,0.0,0.0,0.0,0.0,0.0,0.0,0.0,0.0,0.0,0.0,0.0,5340.0,-8608192512.0,6938.0,-0.0,0.0,2.004,2.004,0.0,0.0,0.0,0.0,69,0.0,-0.0,0.0,0.0,0.0,0.0,0.0,0.0,0.0,0,0,0,0.0,0.0,0.0,0.0,0.0,0.0,0.0,0.0,0.0,0.0,0.0,0.0,0.0,0.0,0.0,0.0,0,-107875648.0,69,0.0,138,0.0,2.012,ERR,ERR,ERR,ERR,ERR,ERR,ERR,ERR,ERR,ERR,ERR,ERR,ERR,ERR,ERR,ERR,ERR,ERR,ERR,ERR,ERR,ERR,ERR,ERR,ERR,ERR,ERR,ERR,ERR,ERR,ERR,ERR,ERR,ERR,ERR,ERR,ERR,ERR,ERR,ERR,ERR,ERR,ERR,ERR,ERR,ERR,ERR,ERR,ERR,ERR,ERR,ERR,ERR,ERR,ERR,ERR,ERR,ERR,ERR,ERR,ERR,ERR,ERR,ERR,ERR,ERR,ERR,60.0,60.0,35,0.0,0.0,0.0,0.0,0.0,0.0,0.0,0.0,0.0,0.0,0.0,0.0,0.0,0.0,0.0,0.0,65.2,0,111,54,33,65476,0,300,0,0,8,20529,65476,0,0,2621,60.0,0.0,0.0,0.0,0.0,0.0
2026-07-09T15:49:52,ERR,ERR,ERR,ERR,ERR,ERR,ERR,ERR,ERR,ERR,ERR,ERR,ERR,ERR,ERR,ERR,ERR,ERR,ERR,ERR,ERR,ERR,ERR,ERR,ERR,ERR,ERR,ERR,ERR,ERR,ERR,ERR,ERR,ERR,ERR,ERR,ERR,ERR,ERR,ERR,ERR,ERR,ERR,ERR,ERR,ERR,ERR,ERR,ERR,ERR,ERR,ERR,ERR,ERR,ERR,ERR,ERR,ERR,ERR,ERR,ERR,ERR,ERR,ERR,ERR,ERR,ERR,ERR,ERR,ERR,ERR,ERR,ERR,ERR,ERR,ERR,ERR,ERR,ERR,ERR,ERR,ERR,ERR,ERR,ERR,ERR,ERR,ERR,ERR,ERR,ERR,ERR,ERR,ERR,ERR,ERR,ERR,ERR,ERR,ERR,ERR,ERR,ERR,ERR,ERR,ERR,ERR,ERR,ERR,ERR,ERR,ERR,ERR,ERR,ERR,ERR,ERR,ERR,ERR,ERR,ERR,ERR,ERR,ERR,ERR,0.0,0.0,0.0,0.0,3.970119947400815e+28,0.0,-269808091136.0,-100529569792.0,0,0,4,17306,7116,0.0,100,0.0,0.0,0.0,0.0,0.0,0,0,0,0,0.0,0,0,0,0,0,0,0,0,0,0,0,0,0,0,0,0,0,0,0,0,0,0,0,0,0,0,0,0,0,0,0,0,0,31,40,40,71,65476,0,300,0,0,8,21553,0.0,-107605600.0,0.0,0.0,0.0,0.0,0.0,0.0,0.0,0.0,0.0,0.0,0.0,0.0,0.0,0.0,0.0,0.0,0.0,0.0,0.0,0.0,-2.004,0.0,0.0,0.0,0.0,0.0,0.0,0.0,5312.0,-1.0406666187970114e+34,6943.0,0.0,0.0,2.004,2.004,0.0,0.0,0.0,0.0,69,0.0,-2.3088303383258962e+20,0.0,0.0,0.0,0.0,0.0,0.0,0.0,0,0,0,0.0,0.0,0.0,0.0,0.0,0.0,0.0,0.0,0.0,0.0,0.0,0.0,0.0,0.0,0.0,0.0,0,-107875648.0,69,0.0,138,0.0,2.012,ERR,ERR,ERR,ERR,ERR,ERR,ERR,ERR,ERR,ERR,ERR,ERR,ERR,ERR,ERR,ERR,ERR,ERR,ERR,ERR,ERR,ERR,ERR,ERR,ERR,ERR,ERR,ERR,ERR,ERR,ERR,ERR,ERR,ERR,ERR,ERR,ERR,ERR,ERR,ERR,ERR,ERR,ERR,ERR,ERR,ERR,ERR,ERR,ERR,ERR,ERR,ERR,ERR,ERR,ERR,ERR,ERR,ERR,ERR,ERR,ERR,ERR,ERR,ERR,ERR,ERR,ERR,60.0,60.0,35,0.0,0.0,0.0,0.0,0.0,0.0,0.0,0.0,0.0,0.0,0.0,0.0,0.0,0.0,0.0,0.0,65.2,0,111,54,33,65476,0,300,0,0,8,20529,65476,0,0,2621,60.0,0.0,0.0,0.0,0.0,0.0
2026-07-09T15:49:53,ERR,ERR,ERR,ERR,ERR,ERR,ERR,ERR,ERR,ERR,ERR,ERR,ERR,ERR,ERR,ERR,ERR,ERR,ERR,ERR,ERR,ERR,ERR,ERR,ERR,ERR,ERR,ERR,ERR,ERR,ERR,ERR,ERR,ERR,ERR,ERR,ERR,ERR,ERR,ERR,ERR,ERR,ERR,ERR,ERR,ERR,ERR,ERR,ERR,ERR,ERR,ERR,ERR,ERR,ERR,ERR,ERR,ERR,ERR,ERR,ERR,ERR,ERR,ERR,ERR,ERR,ERR,ERR,ERR,ERR,ERR,ERR,ERR,ERR,ERR,ERR,ERR,ERR,ERR,ERR,ERR,ERR,ERR,ERR,ERR,ERR,ERR,ERR,ERR,ERR,ERR,ERR,ERR,ERR,ERR,ERR,ERR,ERR,ERR,ERR,ERR,ERR,ERR,ERR,ERR,ERR,ERR,ERR,ERR,ERR,ERR,ERR,ERR,ERR,ERR,ERR,ERR,ERR,ERR,ERR,ERR,ERR,ERR,ERR,ERR,0.0,0.0,0.0,0.0,3.970119947400815e+28,0.0,-269808091136.0,-100529569792.0,0,0,4,17306,7116,0.0,100,0.0,0.0,0.0,0.0,0.0,0,0,0,0,0.0,0,0,0,0,0,0,0,0,0,0,0,0,0,0,0,0,0,0,0,0,0,0,0,0,0,0,0,0,0,0,0,0,0,31,40,40,71,65476,0,300,0,0,8,21553,0.0,-107605600.0,0.0,0.0,0.0,0.0,0.0,0.0,0.0,0.0,0.0,0.0,0.0,0.0,0.0,0.0,0.0,0.0,0.0,0.0,0.0,0.0,-2.004,0.0,0.0,0.0,0.0,0.0,0.0,0.0,5312.0,-1.0406666187970114e+34,6943.0,0.0,0.0,2.004,2.004,0.0,0.0,0.0,0.0,69,0.0,-2.3088303383258962e+20,0.0,0.0,0.0,0.0,0.0,0.0,0.0,0,0,0,0.0,0.0,0.0,0.0,0.0,0.0,0.0,0.0,0.0,0.0,0.0,0.0,0.0,0.0,0.0,0.0,0,-107875648.0,69,0.0,138,0.0,2.012,ERR,ERR,ERR,ERR,ERR,ERR,ERR,ERR,ERR,ERR,ERR,ERR,ERR,ERR,ERR,ERR,ERR,ERR,ERR,ERR,ERR,ERR,ERR,ERR,ERR,ERR,ERR,ERR,ERR,ERR,ERR,ERR,ERR,ERR,ERR,ERR,ERR,ERR,ERR,ERR,ERR,ERR,ERR,ERR,ERR,ERR,ERR,ERR,ERR,ERR,ERR,ERR,ERR,ERR,ERR,ERR,ERR,ERR,ERR,ERR,ERR,ERR,ERR,ERR,ERR,ERR,ERR,60.0,60.0,35,0.0,0.0,0.0,0.0,0.0,0.0,0.0,0.0,0.0,0.0,0.0,0.0,0.0,0.0,0.0,0.0,65.2,0,111,54,33,65476,0,300,0,0,8,20529,65476,0,0,2621,60.0,0.0,0.0,0.0,0.0,0.0
2026-07-09T15:49:54,ERR,ERR,ERR,ERR,ERR,ERR,ERR,ERR,ERR,ERR,ERR,ERR,ERR,ERR,ERR,ERR,ERR,ERR,ERR,ERR,ERR,ERR,ERR,ERR,ERR,ERR,ERR,ERR,ERR,ERR,ERR,ERR,ERR,ERR,ERR,ERR,ERR,ERR,ERR,ERR,ERR,ERR,ERR,ERR,ERR,ERR,ERR,ERR,ERR,ERR,ERR,ERR,ERR,ERR,ERR,ERR,ERR,ERR,ERR,ERR,ERR,ERR,ERR,ERR,ERR,ERR,ERR,ERR,ERR,ERR,ERR,ERR,ERR,ERR,ERR,ERR,ERR,ERR,ERR,ERR,ERR,ERR,ERR,ERR,ERR,ERR,ERR,ERR,ERR,ERR,ERR,ERR,ERR,ERR,ERR,ERR,ERR,ERR,ERR,ERR,ERR,ERR,ERR,ERR,ERR,ERR,ERR,ERR,ERR,ERR,ERR,ERR,ERR,ERR,ERR,ERR,ERR,ERR,ERR,ERR,ERR,ERR,ERR,ERR,ERR,0.0,0.0,0.0,0.0,3.970119947400815e+28,0.0,-269808091136.0,-100529569792.0,0,0,4,17306,7116,0.0,100,0.0,0.0,0.0,0.0,0.0,0,0,0,0,0.0,0,0,0,0,0,0,0,0,0,0,0,0,0,0,0,0,0,0,0,0,0,0,0,0,0,0,0,0,0,0,0,0,0,31,40,40,71,65476,0,300,0,0,8,21553,0.0,-107605600.0,0.0,0.0,0.0,0.0,0.0,0.0,0.0,0.0,0.0,0.0,0.0,0.0,0.0,0.0,0.0,0.0,0.0,0.0,0.0,0.0,-2.004,0.0,0.0,0.0,0.0,0.0,0.0,0.0,5312.0,-1.0406666187970114e+34,6943.0,0.0,0.0,2.004,2.004,0.0,0.0,0.0,0.0,69,0.0,-2.3088303383258962e+20,0.0,0.0,0.0,0.0,0.0,0.0,0.0,0,0,0,0.0,0.0,0.0,0.0,0.0,0.0,0.0,0.0,0.0,0.0,0.0,0.0,0.0,0.0,0.0,0.0,0,-107875648.0,69,0.0,138,0.0,2.012,ERR,ERR,ERR,ERR,ERR,ERR,ERR,ERR,ERR,ERR,ERR,ERR,ERR,ERR,ERR,ERR,ERR,ERR,ERR,ERR,ERR,ERR,ERR,ERR,ERR,ERR,ERR,ERR,ERR,ERR,ERR,ERR,ERR,ERR,ERR,ERR,ERR,ERR,ERR,ERR,ERR,ERR,ERR,ERR,ERR,ERR,ERR,ERR,ERR,ERR,ERR,ERR,ERR,ERR,ERR,ERR,ERR,ERR,ERR,ERR,ERR,ERR,ERR,ERR,ERR,ERR,ERR,60.0,60.0,35,0.0,0.0,0.0,0.0,0.0,0.0,0.0,0.0,0.0,0.0,0.0,0.0,0.0,0.0,0.0,0.0,65.2,0,111,54,33,65476,0,300,0,0,8,20529,65476,0,0,2621,60.0,0.0,0.0,0.0,0.0,0.0
2026-07-09T15:49:55,ERR,ERR,ERR,ERR,ERR,ERR,ERR,ERR,ERR,ERR,ERR,ERR,ERR,ERR,ERR,ERR,ERR,ERR,ERR,ERR,ERR,ERR,ERR,ERR,ERR,ERR,ERR,ERR,ERR,ERR,ERR,ERR,ERR,ERR,ERR,ERR,ERR,ERR,ERR,ERR,ERR,ERR,ERR,ERR,ERR,ERR,ERR,ERR,ERR,ERR,ERR,ERR,ERR,ERR,ERR,ERR,ERR,ERR,ERR,ERR,ERR,ERR,ERR,ERR,ERR,ERR,ERR,ERR,ERR,ERR,ERR,ERR,ERR,ERR,ERR,ERR,ERR,ERR,ERR,ERR,ERR,ERR,ERR,ERR,ERR,ERR,ERR,ERR,ERR,ERR,ERR,ERR,ERR,ERR,ERR,ERR,ERR,ERR,ERR,ERR,ERR,ERR,ERR,ERR,ERR,ERR,ERR,ERR,ERR,ERR,ERR,ERR,ERR,ERR,ERR,ERR,ERR,ERR,ERR,ERR,ERR,ERR,ERR,ERR,ERR,0.0,0.0,0.0,0.0,3.970119947400815e+28,0.0,-269808091136.0,-100529569792.0,0,0,4,17306,7116,0.0,100,0.0,0.0,0.0,0.0,0.0,0,0,0,0,0.0,0,0,0,0,0,0,0,0,0,0,0,0,0,0,0,0,0,0,0,0,0,0,0,0,0,0,0,0,0,0,0,0,0,31,40,40,71,65476,0,300,0,0,8,21553,0.0,-107605600.0,0.0,0.0,0.0,0.0,0.0,0.0,0.0,0.0,0.0,0.0,0.0,0.0,0.0,0.0,0.0,0.0,0.0,0.0,0.0,0.0,-2.004,0.0,0.0,0.0,0.0,0.0,0.0,0.0,5312.0,-1.0406666187970114e+34,6943.0,0.0,0.0,2.004,2.004,0.0,0.0,0.0,0.0,69,0.0,-2.3088303383258962e+20,0.0,0.0,0.0,0.0,0.0,0.0,0.0,0,0,0,0.0,0.0,0.0,0.0,0.0,0.0,0.0,0.0,0.0,0.0,0.0,0.0,0.0,0.0,0.0,0.0,0,-107875648.0,69,0.0,138,0.0,2.012,ERR,ERR,ERR,ERR,ERR,ERR,ERR,ERR,ERR,ERR,ERR,ERR,ERR,ERR,ERR,ERR,ERR,ERR,ERR,ERR,ERR,ERR,ERR,ERR,ERR,ERR,ERR,ERR,ERR,ERR,ERR,ERR,ERR,ERR,ERR,ERR,ERR,ERR,ERR,ERR,ERR,ERR,ERR,ERR,ERR,ERR,ERR,ERR,ERR,ERR,ERR,ERR,ERR,ERR,ERR,ERR,ERR,ERR,ERR,ERR,ERR,ERR,ERR,ERR,ERR,ERR,ERR,60.0,60.0,35,0.0,0.0,0.0,0.0,0.0,0.0,0.0,0.0,0.0,0.0,0.0,0.0,0.0,0.0,0.0,0.0,65.2,0,111,54,33,65476,0,300,0,0,8,20529,65476,0,0,2621,60.0,0.0,0.0,0.0,0.0,0.0
2026-07-09T15:49:56,ERR,ERR,ERR,ERR,ERR,ERR,ERR,ERR,ERR,ERR,ERR,ERR,ERR,ERR,ERR,ERR,ERR,ERR,ERR,ERR,ERR,ERR,ERR,ERR,ERR,ERR,ERR,ERR,ERR,ERR,ERR,ERR,ERR,ERR,ERR,ERR,ERR,ERR,ERR,ERR,ERR,ERR,ERR,ERR,ERR,ERR,ERR,ERR,ERR,ERR,ERR,ERR,ERR,ERR,ERR,ERR,ERR,ERR,ERR,ERR,ERR,ERR,ERR,ERR,ERR,ERR,ERR,ERR,ERR,ERR,ERR,ERR,ERR,ERR,ERR,ERR,ERR,ERR,ERR,ERR,ERR,ERR,ERR,ERR,ERR,ERR,ERR,ERR,ERR,ERR,ERR,ERR,ERR,ERR,ERR,ERR,ERR,ERR,ERR,ERR,ERR,ERR,ERR,ERR,ERR,ERR,ERR,ERR,ERR,ERR,ERR,ERR,ERR,ERR,ERR,ERR,ERR,ERR,ERR,ERR,ERR,ERR,ERR,ERR,ERR,0.0,0.0,0.0,0.0,3.970119947400815e+28,0.0,-269808091136.0,-100529569792.0,0,0,4,17306,7116,0.0,100,0.0,0.0,0.0,0.0,0.0,0,0,0,0,0.0,0,0,0,0,0,0,0,0,0,0,0,0,0,0,0,0,0,0,0,0,0,0,0,0,0,0,0,0,0,0,0,0,0,31,40,40,71,65476,0,300,0,0,8,21553,0.0,-107605600.0,0.0,0.0,0.0,0.0,0.0,0.0,0.0,0.0,0.0,0.0,0.0,0.0,0.0,0.0,0.0,0.0,0.0,0.0,0.0,0.0,-2.004,0.0,0.0,0.0,0.0,0.0,0.0,0.0,5312.0,-1.0406666187970114e+34,6943.0,0.0,0.0,2.004,2.004,0.0,0.0,0.0,0.0,69,0.0,-2.3088303383258962e+20,0.0,0.0,0.0,0.0,0.0,0.0,0.0,0,0,0,0.0,0.0,0.0,0.0,0.0,0.0,0.0,0.0,0.0,0.0,0.0,0.0,0.0,0.0,0.0,0.0,0,-107875648.0,69,0.0,138,0.0,2.012,ERR,ERR,ERR,ERR,ERR,ERR,ERR,ERR,ERR,ERR,ERR,ERR,ERR,ERR,ERR,ERR,ERR,ERR,ERR,ERR,ERR,ERR,ERR,ERR,ERR,ERR,ERR,ERR,ERR,ERR,ERR,ERR,ERR,ERR,ERR,ERR,ERR,ERR,ERR,ERR,ERR,ERR,ERR,ERR,ERR,ERR,ERR,ERR,ERR,ERR,ERR,ERR,ERR,ERR,ERR,ERR,ERR,ERR,ERR,ERR,ERR,ERR,ERR,ERR,ERR,ERR,ERR,60.0,60.0,35,0.0,0.0,0.0,0.0,0.0,0.0,0.0,0.0,0.0,0.0,0.0,0.0,0.0,0.0,0.0,0.0,65.2,0,111,54,33,65476,0,300,0,0,8,20529,65476,0,0,2621,60.0,0.0,0.0,0.0,0.0,0.0
2026-07-09T15:49:57,ERR,ERR,ERR,ERR,ERR,ERR,ERR,ERR,ERR,ERR,ERR,ERR,ERR,ERR,ERR,ERR,ERR,ERR,ERR,ERR,ERR,ERR,ERR,ERR,ERR,ERR,ERR,ERR,ERR,ERR,ERR,ERR,ERR,ERR,ERR,ERR,ERR,ERR,ERR,ERR,ERR,ERR,ERR,ERR,ERR,ERR,ERR,ERR,ERR,ERR,ERR,ERR,ERR,ERR,ERR,ERR,ERR,ERR,ERR,ERR,ERR,ERR,ERR,ERR,ERR,ERR,ERR,ERR,ERR,ERR,ERR,ERR,ERR,ERR,ERR,ERR,ERR,ERR,ERR,ERR,ERR,ERR,ERR,ERR,ERR,ERR,ERR,ERR,ERR,ERR,ERR,ERR,ERR,ERR,ERR,ERR,ERR,ERR,ERR,ERR,ERR,ERR,ERR,ERR,ERR,ERR,ERR,ERR,ERR,ERR,ERR,ERR,ERR,ERR,ERR,ERR,ERR,ERR,ERR,ERR,ERR,ERR,ERR,ERR,ERR,0.0,0.0,-107614752.0,2.7183478752108883e+23,-2.540877975262341e+30,0.0,-0.0,-1.9985204835299937e+25,0,0,4,17306,7116,0.0,100,0.0,0.0,2.7183478752108883e+23,0.0,0.0,0,0,0,0,0.0,0,0,0,0,0,0,0,0,0,0,0,0,0,0,0,0,0,0,0,0,0,0,0,0,0,0,0,0,0,0,0,0,0,31,40,40,71,65476,0,300,0,0,8,21553,0.0,-107605600.0,0.0,0.0,0.0,0.0,0.0,0.0,0.0,0.0,0.0,0.0,0.0,0.0,0.0,0.0,0.0,0.0,0.0,0.0,0.0,0.0,-2.004,-3.697064747540991e+19,0.0,0.0,0.0,0.0,0.0,0.0,5371.0,0.0,6912.0,0.0,0.0,2.004,2.004,0.0,0.0,0.0,0.0,69,0.0,-71.63,0.0,0.0,0.0,0.0,0.0,0.0,0.0,0,0,0,0.0,0.0,0.0,0.0,0.0,0.0,0.0,0.0,0.0,0.0,0.0,0.0,0.0,0.0,0.0,0.0,0,-107875648.0,69,0.0,138,0.0,2.012,ERR,ERR,ERR,ERR,ERR,ERR,ERR,ERR,ERR,ERR,ERR,ERR,ERR,ERR,ERR,ERR,ERR,ERR,ERR,ERR,ERR,ERR,ERR,ERR,ERR,ERR,ERR,ERR,ERR,ERR,ERR,ERR,ERR,ERR,ERR,ERR,ERR,ERR,ERR,ERR,ERR,ERR,ERR,ERR,ERR,ERR,ERR,ERR,ERR,ERR,ERR,ERR,ERR,ERR,ERR,ERR,ERR,ERR,ERR,ERR,ERR,ERR,ERR,ERR,ERR,ERR,ERR,60.0,60.0,35,0.0,0.0,0.0,0.0,0.0,0.0,0.0,0.0,0.0,0.0,0.0,0.0,0.0,0.0,0.0,0.0,65.2,0,112,54,33,65476,0,300,0,0,8,20529,65476,0,0,2621,60.0,0.0,0.0,0.0,0.0,0.0
2026-07-09T15:49:58,ERR,ERR,ERR,ERR,ERR,ERR,ERR,ERR,ERR,ERR,ERR,ERR,ERR,ERR,ERR,ERR,ERR,ERR,ERR,ERR,ERR,ERR,ERR,ERR,ERR,ERR,ERR,ERR,ERR,ERR,ERR,ERR,ERR,ERR,ERR,ERR,ERR,ERR,ERR,ERR,ERR,ERR,ERR,ERR,ERR,ERR,ERR,ERR,ERR,ERR,ERR,ERR,ERR,ERR,ERR,ERR,ERR,ERR,ERR,ERR,ERR,ERR,ERR,ERR,ERR,ERR,ERR,ERR,ERR,ERR,ERR,ERR,ERR,ERR,ERR,ERR,ERR,ERR,ERR,ERR,ERR,ERR,ERR,ERR,ERR,ERR,ERR,ERR,ERR,ERR,ERR,ERR,ERR,ERR,ERR,ERR,ERR,ERR,ERR,ERR,ERR,ERR,ERR,ERR,ERR,ERR,ERR,ERR,ERR,ERR,ERR,ERR,ERR,ERR,ERR,ERR,ERR,ERR,ERR,ERR,ERR,ERR,ERR,ERR,ERR,0.0,0.0,-107614752.0,2.7183478752108883e+23,-2.540877975262341e+30,0.0,-0.0,-1.9985204835299937e+25,0,0,4,17306,7116,0.0,100,0.0,0.0,2.7183478752108883e+23,0.0,0.0,0,0,0,0,0.0,0,0,0,0,0,0,0,0,0,0,0,0,0,0,0,0,0,0,0,0,0,0,0,0,0,0,0,0,0,0,0,0,0,31,40,40,71,65476,0,300,0,0,8,21553,0.0,-107605600.0,0.0,0.0,0.0,0.0,0.0,0.0,0.0,0.0,0.0,0.0,0.0,0.0,0.0,0.0,0.0,0.0,0.0,0.0,0.0,0.0,-2.004,-3.697064747540991e+19,0.0,0.0,0.0,0.0,0.0,0.0,5371.0,0.0,6912.0,0.0,0.0,2.004,2.004,0.0,0.0,0.0,0.0,69,0.0,-71.63,0.0,0.0,0.0,0.0,0.0,0.0,0.0,0,0,0,0.0,0.0,0.0,0.0,0.0,0.0,0.0,0.0,0.0,0.0,0.0,0.0,0.0,0.0,0.0,0.0,0,-107875648.0,69,0.0,138,0.0,2.012,ERR,ERR,ERR,ERR,ERR,ERR,ERR,ERR,ERR,ERR,ERR,ERR,ERR,ERR,ERR,ERR,ERR,ERR,ERR,ERR,ERR,ERR,ERR,ERR,ERR,ERR,ERR,ERR,ERR,ERR,ERR,ERR,ERR,ERR,ERR,ERR,ERR,ERR,ERR,ERR,ERR,ERR,ERR,ERR,ERR,ERR,ERR,ERR,ERR,ERR,ERR,ERR,ERR,ERR,ERR,ERR,ERR,ERR,ERR,ERR,ERR,ERR,ERR,ERR,ERR,ERR,ERR,60.0,60.0,35,0.0,0.0,0.0,0.0,0.0,0.0,0.0,0.0,0.0,0.0,0.0,0.0,0.0,0.0,0.0,0.0,65.2,0,112,54,33,65476,0,300,0,0,8,20529,65476,0,0,2621,60.0,0.0,0.0,0.0,0.0,0.0
2026-07-09T15:49:59,ERR,ERR,ERR,ERR,ERR,ERR,ERR,ERR,ERR,ERR,ERR,ERR,ERR,ERR,ERR,ERR,ERR,ERR,ERR,ERR,ERR,ERR,ERR,ERR,ERR,ERR,ERR,ERR,ERR,ERR,ERR,ERR,ERR,ERR,ERR,ERR,ERR,ERR,ERR,ERR,ERR,ERR,ERR,ERR,ERR,ERR,ERR,ERR,ERR,ERR,ERR,ERR,ERR,ERR,ERR,ERR,ERR,ERR,ERR,ERR,ERR,ERR,ERR,ERR,ERR,ERR,ERR,ERR,ERR,ERR,ERR,ERR,ERR,ERR,ERR,ERR,ERR,ERR,ERR,ERR,ERR,ERR,ERR,ERR,ERR,ERR,ERR,ERR,ERR,ERR,ERR,ERR,ERR,ERR,ERR,ERR,ERR,ERR,ERR,ERR,ERR,ERR,ERR,ERR,ERR,ERR,ERR,ERR,ERR,ERR,ERR,ERR,ERR,ERR,ERR,ERR,ERR,ERR,ERR,ERR,ERR,ERR,ERR,ERR,ERR,0.0,0.0,-107614752.0,2.7183478752108883e+23,-2.540877975262341e+30,0.0,-0.0,-1.9985204835299937e+25,0,0,4,17306,7116,0.0,100,0.0,0.0,2.7183478752108883e+23,0.0,0.0,0,0,0,0,0.0,0,0,0,0,0,0,0,0,0,0,0,0,0,0,0,0,0,0,0,0,0,0,0,0,0,0,0,0,0,0,0,0,0,31,40,40,71,65476,0,300,0,0,8,21553,0.0,-107605600.0,0.0,0.0,0.0,0.0,0.0,0.0,0.0,0.0,0.0,0.0,0.0,0.0,0.0,0.0,0.0,0.0,0.0,0.0,0.0,0.0,-2.004,-3.697064747540991e+19,0.0,0.0,0.0,0.0,0.0,0.0,5371.0,0.0,6912.0,0.0,0.0,2.004,2.004,0.0,0.0,0.0,0.0,69,0.0,-71.63,0.0,0.0,0.0,0.0,0.0,0.0,0.0,0,0,0,0.0,0.0,0.0,0.0,0.0,0.0,0.0,0.0,0.0,0.0,0.0,0.0,0.0,0.0,0.0,0.0,0,-107875648.0,69,0.0,138,0.0,2.012,ERR,ERR,ERR,ERR,ERR,ERR,ERR,ERR,ERR,ERR,ERR,ERR,ERR,ERR,ERR,ERR,ERR,ERR,ERR,ERR,ERR,ERR,ERR,ERR,ERR,ERR,ERR,ERR,ERR,ERR,ERR,ERR,ERR,ERR,ERR,ERR,ERR,ERR,ERR,ERR,ERR,ERR,ERR,ERR,ERR,ERR,ERR,ERR,ERR,ERR,ERR,ERR,ERR,ERR,ERR,ERR,ERR,ERR,ERR,ERR,ERR,ERR,ERR,ERR,ERR,ERR,ERR,60.0,60.0,35,0.0,0.0,0.0,0.0,0.0,0.0,0.0,0.0,0.0,0.0,0.0,0.0,0.0,0.0,0.0,0.0,65.6,0,112,54,33,65476,0,300,0,0,8,20529,65476,0,0,2621,60.0,0.0,0.0,0.0,0.0,0.0
2026-07-09T15:50:00,ERR,ERR,ERR,ERR,ERR,ERR,ERR,ERR,ERR,ERR,ERR,ERR,ERR,ERR,ERR,ERR,ERR,ERR,ERR,ERR,ERR,ERR,ERR,ERR,ERR,ERR,ERR,ERR,ERR,ERR,ERR,ERR,ERR,ERR,ERR,ERR,ERR,ERR,ERR,ERR,ERR,ERR,ERR,ERR,ERR,ERR,ERR,ERR,ERR,ERR,ERR,ERR,ERR,ERR,ERR,ERR,ERR,ERR,ERR,ERR,ERR,ERR,ERR,ERR,ERR,ERR,ERR,ERR,ERR,ERR,ERR,ERR,ERR,ERR,ERR,ERR,ERR,ERR,ERR,ERR,ERR,ERR,ERR,ERR,ERR,ERR,ERR,ERR,ERR,ERR,ERR,ERR,ERR,ERR,ERR,ERR,ERR,ERR,ERR,ERR,ERR,ERR,ERR,ERR,ERR,ERR,ERR,ERR,ERR,ERR,ERR,ERR,ERR,ERR,ERR,ERR,ERR,ERR,ERR,ERR,ERR,ERR,ERR,ERR,ERR,0.0,0.0,-107614752.0,2.7183478752108883e+23,-2.540877975262341e+30,0.0,-0.0,-1.9985204835299937e+25,0,0,4,17306,7116,0.0,100,0.0,0.0,2.7183478752108883e+23,0.0,0.0,0,0,0,0,0.0,0,0,0,0,0,0,0,0,0,0,0,0,0,0,0,0,0,0,0,0,0,0,0,0,0,0,0,0,0,0,0,0,0,31,40,40,71,65476,0,300,0,0,8,21553,0.0,-107605600.0,0.0,0.0,0.0,0.0,0.0,0.0,0.0,0.0,0.0,0.0,0.0,0.0,0.0,0.0,0.0,0.0,0.0,0.0,0.0,0.0,-2.004,-3.697064747540991e+19,0.0,0.0,0.0,0.0,0.0,0.0,5371.0,0.0,6912.0,0.0,0.0,2.004,2.004,0.0,0.0,0.0,0.0,69,0.0,-71.63,0.0,0.0,0.0,0.0,0.0,0.0,0.0,0,0,0,0.0,0.0,0.0,0.0,0.0,0.0,0.0,0.0,0.0,0.0,0.0,0.0,0.0,0.0,0.0,0.0,0,-107875648.0,69,0.0,138,0.0,2.012,ERR,ERR,ERR,ERR,ERR,ERR,ERR,ERR,ERR,ERR,ERR,ERR,ERR,ERR,ERR,ERR,ERR,ERR,ERR,ERR,ERR,ERR,ERR,ERR,ERR,ERR,ERR,ERR,ERR,ERR,ERR,ERR,ERR,ERR,ERR,ERR,ERR,ERR,ERR,ERR,ERR,ERR,ERR,ERR,ERR,ERR,ERR,ERR,ERR,ERR,ERR,ERR,ERR,ERR,ERR,ERR,ERR,ERR,ERR,ERR,ERR,ERR,ERR,ERR,ERR,ERR,ERR,60.0,60.0,35,0.0,0.0,0.0,0.0,0.0,0.0,0.0,0.0,0.0,0.0,0.0,0.0,0.0,0.0,0.0,0.0,65.6,0,112,54,33,65476,0,300,0,0,8,20529,65476,0,0,2621,60.0,0.0,0.0,0.0,0.0,0.0
2026-07-09T15:50:01,ERR,ERR,ERR,ERR,ERR,ERR,ERR,ERR,ERR,ERR,ERR,ERR,ERR,ERR,ERR,ERR,ERR,ERR,ERR,ERR,ERR,ERR,ERR,ERR,ERR,ERR,ERR,ERR,ERR,ERR,ERR,ERR,ERR,ERR,ERR,ERR,ERR,ERR,ERR,ERR,ERR,ERR,ERR,ERR,ERR,ERR,ERR,ERR,ERR,ERR,ERR,ERR,ERR,ERR,ERR,ERR,ERR,ERR,ERR,ERR,ERR,ERR,ERR,ERR,ERR,ERR,ERR,ERR,ERR,ERR,ERR,ERR,ERR,ERR,ERR,ERR,ERR,ERR,ERR,ERR,ERR,ERR,ERR,ERR,ERR,ERR,ERR,ERR,ERR,ERR,ERR,ERR,ERR,ERR,ERR,ERR,ERR,ERR,ERR,ERR,ERR,ERR,ERR,ERR,ERR,ERR,ERR,ERR,ERR,ERR,ERR,ERR,ERR,ERR,ERR,ERR,ERR,ERR,ERR,ERR,ERR,ERR,ERR,ERR,ERR,0.0,0.0,-107614752.0,2.7183478752108883e+23,-2.540877975262341e+30,0.0,-0.0,-1.9985204835299937e+25,0,0,4,17306,7116,0.0,100,0.0,0.0,2.7183478752108883e+23,0.0,0.0,0,0,0,0,0.0,0,0,0,0,0,0,0,0,0,0,0,0,0,0,0,0,0,0,0,0,0,0,0,0,0,0,0,0,0,0,0,0,0,31,40,40,71,65476,0,300,0,0,8,21553,0.0,-107605600.0,0.0,0.0,0.0,0.0,0.0,0.0,0.0,0.0,0.0,0.0,0.0,0.0,0.0,0.0,0.0,0.0,0.0,0.0,0.0,0.0,-2.004,-3.697064747540991e+19,0.0,0.0,0.0,0.0,0.0,0.0,5371.0,0.0,6912.0,0.0,0.0,2.004,2.004,0.0,0.0,0.0,0.0,69,0.0,-71.63,0.0,0.0,0.0,0.0,0.0,0.0,0.0,0,0,0,0.0,0.0,0.0,0.0,0.0,0.0,0.0,0.0,0.0,0.0,0.0,0.0,0.0,0.0,0.0,0.0,0,-107875648.0,69,0.0,138,0.0,2.012,ERR,ERR,ERR,ERR,ERR,ERR,ERR,ERR,ERR,ERR,ERR,ERR,ERR,ERR,ERR,ERR,ERR,ERR,ERR,ERR,ERR,ERR,ERR,ERR,ERR,ERR,ERR,ERR,ERR,ERR,ERR,ERR,ERR,ERR,ERR,ERR,ERR,ERR,ERR,ERR,ERR,ERR,ERR,ERR,ERR,ERR,ERR,ERR,ERR,ERR,ERR,ERR,ERR,ERR,ERR,ERR,ERR,ERR,ERR,ERR,ERR,ERR,ERR,ERR,ERR,ERR,ERR,60.0,60.0,35,0.0,0.0,0.0,0.0,0.0,0.0,0.0,0.0,0.0,0.0,0.0,0.0,0.0,0.0,0.0,0.0,65.2,0,112,54,33,65476,0,300,0,0,8,20529,65476,0,0,2621,60.0,0.0,0.0,0.0,0.0,0.0
2026-07-09T15:50:02,ERR,ERR,ERR,ERR,ERR,ERR,ERR,ERR,ERR,ERR,ERR,ERR,ERR,ERR,ERR,ERR,ERR,ERR,ERR,ERR,ERR,ERR,ERR,ERR,ERR,ERR,ERR,ERR,ERR,ERR,ERR,ERR,ERR,ERR,ERR,ERR,ERR,ERR,ERR,ERR,ERR,ERR,ERR,ERR,ERR,ERR,ERR,ERR,ERR,ERR,ERR,ERR,ERR,ERR,ERR,ERR,ERR,ERR,ERR,ERR,ERR,ERR,ERR,ERR,ERR,ERR,ERR,ERR,ERR,ERR,ERR,ERR,ERR,ERR,ERR,ERR,ERR,ERR,ERR,ERR,ERR,ERR,ERR,ERR,ERR,ERR,ERR,ERR,ERR,ERR,ERR,ERR,ERR,ERR,ERR,ERR,ERR,ERR,ERR,ERR,ERR,ERR,ERR,ERR,ERR,ERR,ERR,ERR,ERR,ERR,ERR,ERR,ERR,ERR,ERR,ERR,ERR,ERR,ERR,ERR,ERR,ERR,ERR,ERR,ERR,-107615104.0,-107615952.0,-107614752.0,2.7183478752108883e+23,-2.540877975262341e+30,-2.482159756081821e+25,5639294744002560.0,0.0,0,0,4,17302,7116,0.0,100,0.0,0.0,2.7183478752108883e+23,0.0,0.0,0,0,0,0,0.0,0,0,0,0,0,0,0,0,0,0,0,0,0,0,0,0,0,0,0,0,0,0,0,0,0,0,0,0,0,0,0,0,0,31,40,40,71,65476,0,300,0,0,8,21553,0.0,-107605600.0,0.0,0.0,0.0,0.0,0.0,0.0,0.0,0.0,0.0,0.0,0.0,0.0,0.0,0.0,0.0,0.0,0.0,0.0,0.0,0.0,-2.004,-2.004,0.0,0.0,0.0,0.0,0.0,0.0,5372.0,0.0,6912.0,-107615104.0,-107615952.0,2.004,2.004,0.0,0.0,0.0,0.0,69,-4.950405386511028e+32,-0.0,0.0,0.0,0.0,0.0,0.0,0.0,0.0,0,0,0,0.0,0.0,0.0,0.0,0.0,0.0,0.0,0.0,0.0,0.0,0.0,0.0,0.0,0.0,0.0,0.0,0,-107875648.0,69,0.0,138,0.0,2.012,ERR,ERR,ERR,ERR,ERR,ERR,ERR,ERR,ERR,ERR,ERR,ERR,ERR,ERR,ERR,ERR,ERR,ERR,ERR,ERR,ERR,ERR,ERR,ERR,ERR,ERR,ERR,ERR,ERR,ERR,ERR,ERR,ERR,ERR,ERR,ERR,ERR,ERR,ERR,ERR,ERR,ERR,ERR,ERR,ERR,ERR,ERR,ERR,ERR,ERR,ERR,ERR,ERR,ERR,ERR,ERR,ERR,ERR,ERR,ERR,ERR,ERR,ERR,ERR,ERR,ERR,ERR,60.0,60.0,35,0.0,0.0,0.0,0.0,0.0,0.0,0.0,0.0,0.0,0.0,0.0,0.0,0.0,0.0,0.0,0.0,65.2,0,112,54,33,65476,0,300,0,0,8,20529,65476,0,0,2621,60.0,0.0,0.0,0.0,0.0,0.0
2026-07-09T15:50:03,ERR,ERR,ERR,ERR,ERR,ERR,ERR,ERR,ERR,ERR,ERR,ERR,ERR,ERR,ERR,ERR,ERR,ERR,ERR,ERR,ERR,ERR,ERR,ERR,ERR,ERR,ERR,ERR,ERR,ERR,ERR,ERR,ERR,ERR,ERR,ERR,ERR,ERR,ERR,ERR,ERR,ERR,ERR,ERR,ERR,ERR,ERR,ERR,ERR,ERR,ERR,ERR,ERR,ERR,ERR,ERR,ERR,ERR,ERR,ERR,ERR,ERR,ERR,ERR,ERR,ERR,ERR,ERR,ERR,ERR,ERR,ERR,ERR,ERR,ERR,ERR,ERR,ERR,ERR,ERR,ERR,ERR,ERR,ERR,ERR,ERR,ERR,ERR,ERR,ERR,ERR,ERR,ERR,ERR,ERR,ERR,ERR,ERR,ERR,ERR,ERR,ERR,ERR,ERR,ERR,ERR,ERR,ERR,ERR,ERR,ERR,ERR,ERR,ERR,ERR,ERR,ERR,ERR,ERR,ERR,ERR,ERR,ERR,ERR,ERR,-107615104.0,-107615952.0,-107614752.0,2.7183478752108883e+23,-2.540877975262341e+30,-2.482159756081821e+25,5639294744002560.0,0.0,0,0,4,17302,7116,0.0,100,0.0,0.0,2.7183478752108883e+23,0.0,0.0,0,0,0,0,0.0,0,0,0,0,0,0,0,0,0,0,0,0,0,0,0,0,0,0,0,0,0,0,0,0,0,0,0,0,0,0,0,0,0,31,40,40,71,65476,0,300,0,0,8,21553,0.0,-107605600.0,0.0,0.0,0.0,0.0,0.0,0.0,0.0,0.0,0.0,0.0,0.0,0.0,0.0,0.0,0.0,0.0,0.0,0.0,0.0,0.0,-2.004,-2.004,0.0,0.0,0.0,0.0,0.0,0.0,5372.0,0.0,6912.0,-107615104.0,-107615952.0,2.004,2.004,0.0,0.0,0.0,0.0,69,-4.950405386511028e+32,-0.0,0.0,0.0,0.0,0.0,0.0,0.0,0.0,0,0,0,0.0,0.0,0.0,0.0,0.0,0.0,0.0,0.0,0.0,0.0,0.0,0.0,0.0,0.0,0.0,0.0,0,-107875648.0,69,0.0,138,0.0,2.012,ERR,ERR,ERR,ERR,ERR,ERR,ERR,ERR,ERR,ERR,ERR,ERR,ERR,ERR,ERR,ERR,ERR,ERR,ERR,ERR,ERR,ERR,ERR,ERR,ERR,ERR,ERR,ERR,ERR,ERR,ERR,ERR,ERR,ERR,ERR,ERR,ERR,ERR,ERR,ERR,ERR,ERR,ERR,ERR,ERR,ERR,ERR,ERR,ERR,ERR,ERR,ERR,ERR,ERR,ERR,ERR,ERR,ERR,ERR,ERR,ERR,ERR,ERR,ERR,ERR,ERR,ERR,60.0,60.0,35,0.0,0.0,0.0,0.0,0.0,0.0,0.0,0.0,0.0,0.0,0.0,0.0,0.0,0.0,0.0,0.0,65.2,0,112,54,33,65476,0,300,0,0,8,20529,65476,0,0,2621,60.0,0.0,0.0,0.0,0.0,0.0
2026-07-09T15:50:04,ERR,ERR,ERR,ERR,ERR,ERR,ERR,ERR,ERR,ERR,ERR,ERR,ERR,ERR,ERR,ERR,ERR,ERR,ERR,ERR,ERR,ERR,ERR,ERR,ERR,ERR,ERR,ERR,ERR,ERR,ERR,ERR,ERR,ERR,ERR,ERR,ERR,ERR,ERR,ERR,ERR,ERR,ERR,ERR,ERR,ERR,ERR,ERR,ERR,ERR,ERR,ERR,ERR,ERR,ERR,ERR,ERR,ERR,ERR,ERR,ERR,ERR,ERR,ERR,ERR,ERR,ERR,ERR,ERR,ERR,ERR,ERR,ERR,ERR,ERR,ERR,ERR,ERR,ERR,ERR,ERR,ERR,ERR,ERR,ERR,ERR,ERR,ERR,ERR,ERR,ERR,ERR,ERR,ERR,ERR,ERR,ERR,ERR,ERR,ERR,ERR,ERR,ERR,ERR,ERR,ERR,ERR,ERR,ERR,ERR,ERR,ERR,ERR,ERR,ERR,ERR,ERR,ERR,ERR,ERR,ERR,ERR,ERR,ERR,ERR,-107615104.0,-107615952.0,-107614752.0,2.7183478752108883e+23,-2.540877975262341e+30,-2.482159756081821e+25,5639294744002560.0,0.0,0,0,4,17302,7116,0.0,100,0.0,0.0,2.7183478752108883e+23,0.0,0.0,0,0,0,0,0.0,0,0,0,0,0,0,0,0,0,0,0,0,0,0,0,0,0,0,0,0,0,0,0,0,0,0,0,0,0,0,0,0,0,31,40,40,71,65476,0,300,0,0,8,21553,0.0,-107605600.0,0.0,0.0,0.0,0.0,0.0,0.0,0.0,0.0,0.0,0.0,0.0,0.0,0.0,0.0,0.0,0.0,0.0,0.0,0.0,0.0,-2.004,-2.004,0.0,0.0,0.0,0.0,0.0,0.0,5372.0,0.0,6912.0,-107615104.0,-107615952.0,2.004,2.004,0.0,0.0,0.0,0.0,69,-4.950405386511028e+32,-0.0,0.0,0.0,0.0,0.0,0.0,0.0,0.0,0,0,0,0.0,0.0,0.0,0.0,0.0,0.0,0.0,0.0,0.0,0.0,0.0,0.0,0.0,0.0,0.0,0.0,0,-107875648.0,69,0.0,138,0.0,2.012,ERR,ERR,ERR,ERR,ERR,ERR,ERR,ERR,ERR,ERR,ERR,ERR,ERR,ERR,ERR,ERR,ERR,ERR,ERR,ERR,ERR,ERR,ERR,ERR,ERR,ERR,ERR,ERR,ERR,ERR,ERR,ERR,ERR,ERR,ERR,ERR,ERR,ERR,ERR,ERR,ERR,ERR,ERR,ERR,ERR,ERR,ERR,ERR,ERR,ERR,ERR,ERR,ERR,ERR,ERR,ERR,ERR,ERR,ERR,ERR,ERR,ERR,ERR,ERR,ERR,ERR,ERR,60.0,60.0,35,0.0,0.0,0.0,0.0,0.0,0.0,0.0,0.0,0.0,0.0,0.0,0.0,0.0,0.0,0.0,0.0,65.2,0,112,54,33,65476,0,300,0,0,8,20529,65476,0,0,2621,60.0,0.0,0.0,0.0,0.0,0.0
2026-07-09T15:50:05,ERR,ERR,ERR,ERR,ERR,ERR,ERR,ERR,ERR,ERR,ERR,ERR,ERR,ERR,ERR,ERR,ERR,ERR,ERR,ERR,ERR,ERR,ERR,ERR,ERR,ERR,ERR,ERR,ERR,ERR,ERR,ERR,ERR,ERR,ERR,ERR,ERR,ERR,ERR,ERR,ERR,ERR,ERR,ERR,ERR,ERR,ERR,ERR,ERR,ERR,ERR,ERR,ERR,ERR,ERR,ERR,ERR,ERR,ERR,ERR,ERR,ERR,ERR,ERR,ERR,ERR,ERR,ERR,ERR,ERR,ERR,ERR,ERR,ERR,ERR,ERR,ERR,ERR,ERR,ERR,ERR,ERR,ERR,ERR,ERR,ERR,ERR,ERR,ERR,ERR,ERR,ERR,ERR,ERR,ERR,ERR,ERR,ERR,ERR,ERR,ERR,ERR,ERR,ERR,ERR,ERR,ERR,ERR,ERR,ERR,ERR,ERR,ERR,ERR,ERR,ERR,ERR,ERR,ERR,ERR,ERR,ERR,ERR,ERR,ERR,-107615104.0,-107615952.0,-107614752.0,2.7183478752108883e+23,-2.540877975262341e+30,-2.482159756081821e+25,5639294744002560.0,0.0,0,0,4,17302,7116,0.0,100,0.0,0.0,2.7183478752108883e+23,0.0,0.0,0,0,0,0,0.0,0,0,0,0,0,0,0,0,0,0,0,0,0,0,0,0,0,0,0,0,0,0,0,0,0,0,0,0,0,0,0,0,0,31,40,40,71,65476,0,300,0,0,8,21553,0.0,-107605600.0,0.0,0.0,0.0,0.0,0.0,0.0,0.0,0.0,0.0,0.0,0.0,0.0,0.0,0.0,0.0,0.0,0.0,0.0,0.0,0.0,-2.004,-2.004,0.0,0.0,0.0,0.0,0.0,0.0,5372.0,0.0,6912.0,-107615104.0,-107615952.0,2.004,2.004,0.0,0.0,0.0,0.0,69,-4.950405386511028e+32,-0.0,0.0,0.0,0.0,0.0,0.0,0.0,0.0,0,0,0,0.0,0.0,0.0,0.0,0.0,0.0,0.0,0.0,0.0,0.0,0.0,0.0,0.0,0.0,0.0,0.0,0,-107875648.0,69,0.0,138,0.0,2.012,ERR,ERR,ERR,ERR,ERR,ERR,ERR,ERR,ERR,ERR,ERR,ERR,ERR,ERR,ERR,ERR,ERR,ERR,ERR,ERR,ERR,ERR,ERR,ERR,ERR,ERR,ERR,ERR,ERR,ERR,ERR,ERR,ERR,ERR,ERR,ERR,ERR,ERR,ERR,ERR,ERR,ERR,ERR,ERR,ERR,ERR,ERR,ERR,ERR,ERR,ERR,ERR,ERR,ERR,ERR,ERR,ERR,ERR,ERR,ERR,ERR,ERR,ERR,ERR,ERR,ERR,ERR,60.0,60.0,35,0.0,0.0,0.0,0.0,0.0,0.0,0.0,0.0,0.0,0.0,0.0,0.0,0.0,0.0,0.0,0.0,65.2,0,112,54,33,65476,0,300,0,0,8,20529,65476,0,0,2621,60.0,0.0,0.0,0.0,0.0,0.0
2026-07-09T15:50:06,ERR,ERR,ERR,ERR,ERR,ERR,ERR,ERR,ERR,ERR,ERR,ERR,ERR,ERR,ERR,ERR,ERR,ERR,ERR,ERR,ERR,ERR,ERR,ERR,ERR,ERR,ERR,ERR,ERR,ERR,ERR,ERR,ERR,ERR,ERR,ERR,ERR,ERR,ERR,ERR,ERR,ERR,ERR,ERR,ERR,ERR,ERR,ERR,ERR,ERR,ERR,ERR,ERR,ERR,ERR,ERR,ERR,ERR,ERR,ERR,ERR,ERR,ERR,ERR,ERR,ERR,ERR,ERR,ERR,ERR,ERR,ERR,ERR,ERR,ERR,ERR,ERR,ERR,ERR,ERR,ERR,ERR,ERR,ERR,ERR,ERR,ERR,ERR,ERR,ERR,ERR,ERR,ERR,ERR,ERR,ERR,ERR,ERR,ERR,ERR,ERR,ERR,ERR,ERR,ERR,ERR,ERR,ERR,ERR,ERR,ERR,ERR,ERR,ERR,ERR,ERR,ERR,ERR,ERR,ERR,ERR,ERR,ERR,ERR,ERR,-107615104.0,-107615952.0,-107614752.0,2.7183478752108883e+23,-2.540877975262341e+30,-2.482159756081821e+25,5639294744002560.0,0.0,0,0,4,17302,7116,0.0,100,0.0,0.0,2.7183478752108883e+23,0.0,0.0,0,0,0,0,0.0,0,0,0,0,0,0,0,0,0,0,0,0,0,0,0,0,0,0,0,0,0,0,0,0,0,0,0,0,0,0,0,0,0,31,40,40,71,65476,0,300,0,0,8,21553,0.0,-107605600.0,0.0,0.0,0.0,0.0,0.0,0.0,0.0,0.0,0.0,0.0,0.0,0.0,0.0,0.0,0.0,0.0,0.0,0.0,0.0,0.0,-2.004,-2.004,0.0,0.0,0.0,0.0,0.0,0.0,5372.0,0.0,6912.0,-107615104.0,-107615952.0,2.004,2.004,0.0,0.0,0.0,0.0,69,-4.950405386511028e+32,-0.0,0.0,0.0,0.0,0.0,0.0,0.0,0.0,0,0,0,0.0,0.0,0.0,0.0,0.0,0.0,0.0,0.0,0.0,0.0,0.0,0.0,0.0,0.0,0.0,0.0,0,-107875648.0,69,0.0,138,0.0,2.012,ERR,ERR,ERR,ERR,ERR,ERR,ERR,ERR,ERR,ERR,ERR,ERR,ERR,ERR,ERR,ERR,ERR,ERR,ERR,ERR,ERR,ERR,ERR,ERR,ERR,ERR,ERR,ERR,ERR,ERR,ERR,ERR,ERR,ERR,ERR,ERR,ERR,ERR,ERR,ERR,ERR,ERR,ERR,ERR,ERR,ERR,ERR,ERR,ERR,ERR,ERR,ERR,ERR,ERR,ERR,ERR,ERR,ERR,ERR,ERR,ERR,ERR,ERR,ERR,ERR,ERR,ERR,60.0,60.0,35,0.0,0.0,0.0,0.0,0.0,0.0,0.0,0.0,0.0,0.0,0.0,0.0,0.0,0.0,0.0,0.0,65.2,0,112,54,33,65476,0,300,0,0,8,20529,65476,0,0,2621,60.0,0.0,0.0,0.0,0.0,0.0
2026-07-09T15:50:07,ERR,ERR,ERR,ERR,ERR,ERR,ERR,ERR,ERR,ERR,ERR,ERR,ERR,ERR,ERR,ERR,ERR,ERR,ERR,ERR,ERR,ERR,ERR,ERR,ERR,ERR,ERR,ERR,ERR,ERR,ERR,ERR,ERR,ERR,ERR,ERR,ERR,ERR,ERR,ERR,ERR,ERR,ERR,ERR,ERR,ERR,ERR,ERR,ERR,ERR,ERR,ERR,ERR,ERR,ERR,ERR,ERR,ERR,ERR,ERR,ERR,ERR,ERR,ERR,ERR,ERR,ERR,ERR,ERR,ERR,ERR,ERR,ERR,ERR,ERR,ERR,ERR,ERR,ERR,ERR,ERR,ERR,ERR,ERR,ERR,ERR,ERR,ERR,ERR,ERR,ERR,ERR,ERR,ERR,ERR,ERR,ERR,ERR,ERR,ERR,ERR,ERR,ERR,ERR,ERR,ERR,ERR,ERR,ERR,ERR,ERR,ERR,ERR,ERR,ERR,ERR,ERR,ERR,ERR,ERR,ERR,ERR,ERR,ERR,ERR,-107615104.0,-107615952.0,-107614752.0,0.0,0.0,0.004,-0.0,-0.0,0,0,4,17302,7116,0.0,100,0.0,0.0,0.0,0.0,0.0,0,0,0,0,0.0,0,0,0,0,0,0,0,0,0,0,0,0,0,0,0,0,0,0,0,0,0,0,0,0,0,0,0,0,0,0,0,0,0,31,40,40,71,65476,0,300,0,0,8,21553,0.0,-107605600.0,0.0,0.0,0.0,0.0,0.0,0.0,0.0,0.0,0.0,0.0,0.0,0.0,0.0,0.0,0.0,0.0,0.0,0.0,0.0,0.0,-0.0,-2.004,0.0,0.0,0.0,0.0,0.0,0.0,5339.0,-1.5879312420608694e+29,6942.0,-107615104.0,-107615952.0,2.004,2.004,0.0,0.0,0.0,0.0,69,0.0,-0.0,0.0,0.0,0.0,0.0,0.0,0.0,0.0,0,0,0,0.0,0.0,0.0,0.0,0.0,0.0,0.0,0.0,0.0,0.0,0.0,0.0,0.0,0.0,0.0,0.0,0,-107875648.0,69,0.0,138,0.0,2.012,ERR,ERR,ERR,ERR,ERR,ERR,ERR,ERR,ERR,ERR,ERR,ERR,ERR,ERR,ERR,ERR,ERR,ERR,ERR,ERR,ERR,ERR,ERR,ERR,ERR,ERR,ERR,ERR,ERR,ERR,ERR,ERR,ERR,ERR,ERR,ERR,ERR,ERR,ERR,ERR,ERR,ERR,ERR,ERR,ERR,ERR,ERR,ERR,ERR,ERR,ERR,ERR,ERR,ERR,ERR,ERR,ERR,ERR,ERR,ERR,ERR,ERR,ERR,ERR,ERR,ERR,ERR,60.0,60.0,35,0.0,0.0,0.0,0.0,0.0,0.0,0.0,0.0,0.0,0.0,0.0,0.0,0.0,0.0,0.0,0.0,65.2,0,112,54,33,65476,0,300,0,0,8,20529,65476,0,0,2621,60.0,0.0,0.0,0.0,0.0,0.0
2026-07-09T15:50:08,ERR,ERR,ERR,ERR,ERR,ERR,ERR,ERR,ERR,ERR,ERR,ERR,ERR,ERR,ERR,ERR,ERR,ERR,ERR,ERR,ERR,ERR,ERR,ERR,ERR,ERR,ERR,ERR,ERR,ERR,ERR,ERR,ERR,ERR,ERR,ERR,ERR,ERR,ERR,ERR,ERR,ERR,ERR,ERR,ERR,ERR,ERR,ERR,ERR,ERR,ERR,ERR,ERR,ERR,ERR,ERR,ERR,ERR,ERR,ERR,ERR,ERR,ERR,ERR,ERR,ERR,ERR,ERR,ERR,ERR,ERR,ERR,ERR,ERR,ERR,ERR,ERR,ERR,ERR,ERR,ERR,ERR,ERR,ERR,ERR,ERR,ERR,ERR,ERR,ERR,ERR,ERR,ERR,ERR,ERR,ERR,ERR,ERR,ERR,ERR,ERR,ERR,ERR,ERR,ERR,ERR,ERR,ERR,ERR,ERR,ERR,ERR,ERR,ERR,ERR,ERR,ERR,ERR,ERR,ERR,ERR,ERR,ERR,ERR,ERR,-107615104.0,-107615952.0,-107614752.0,0.0,0.0,0.004,-0.0,-0.0,0,0,4,17302,7116,0.0,100,0.0,0.0,0.0,0.0,0.0,0,0,0,0,0.0,0,0,0,0,0,0,0,0,0,0,0,0,0,0,0,0,0,0,0,0,0,0,0,0,0,0,0,0,0,0,0,0,0,31,40,40,71,65476,0,300,0,0,8,21553,0.0,-107605600.0,0.0,0.0,0.0,0.0,0.0,0.0,0.0,0.0,0.0,0.0,0.0,0.0,0.0,0.0,0.0,0.0,0.0,0.0,0.0,0.0,-0.0,-2.004,0.0,0.0,0.0,0.0,0.0,0.0,5339.0,-1.5879312420608694e+29,6942.0,-107615104.0,-107615952.0,2.004,2.004,0.0,0.0,0.0,0.0,69,0.0,-0.0,0.0,0.0,0.0,0.0,0.0,0.0,0.0,0,0,0,0.0,0.0,0.0,0.0,0.0,0.0,0.0,0.0,0.0,0.0,0.0,0.0,0.0,0.0,0.0,0.0,0,-107875648.0,69,0.0,138,0.0,2.012,ERR,ERR,ERR,ERR,ERR,ERR,ERR,ERR,ERR,ERR,ERR,ERR,ERR,ERR,ERR,ERR,ERR,ERR,ERR,ERR,ERR,ERR,ERR,ERR,ERR,ERR,ERR,ERR,ERR,ERR,ERR,ERR,ERR,ERR,ERR,ERR,ERR,ERR,ERR,ERR,ERR,ERR,ERR,ERR,ERR,ERR,ERR,ERR,ERR,ERR,ERR,ERR,ERR,ERR,ERR,ERR,ERR,ERR,ERR,ERR,ERR,ERR,ERR,ERR,ERR,ERR,ERR,60.0,60.0,35,0.0,0.0,0.0,0.0,0.0,0.0,0.0,0.0,0.0,0.0,0.0,0.0,0.0,0.0,0.0,0.0,65.2,0,112,54,33,65476,0,300,0,0,8,20529,65476,0,0,2621,60.0,0.0,0.0,0.0,0.0,0.0
2026-07-09T15:50:09,ERR,ERR,ERR,ERR,ERR,ERR,ERR,ERR,ERR,ERR,ERR,ERR,ERR,ERR,ERR,ERR,ERR,ERR,ERR,ERR,ERR,ERR,ERR,ERR,ERR,ERR,ERR,ERR,ERR,ERR,ERR,ERR,ERR,ERR,ERR,ERR,ERR,ERR,ERR,ERR,ERR,ERR,ERR,ERR,ERR,ERR,ERR,ERR,ERR,ERR,ERR,ERR,ERR,ERR,ERR,ERR,ERR,ERR,ERR,ERR,ERR,ERR,ERR,ERR,ERR,ERR,ERR,ERR,ERR,ERR,ERR,ERR,ERR,ERR,ERR,ERR,ERR,ERR,ERR,ERR,ERR,ERR,ERR,ERR,ERR,ERR,ERR,ERR,ERR,ERR,ERR,ERR,ERR,ERR,ERR,ERR,ERR,ERR,ERR,ERR,ERR,ERR,ERR,ERR,ERR,ERR,ERR,ERR,ERR,ERR,ERR,ERR,ERR,ERR,ERR,ERR,ERR,ERR,ERR,ERR,ERR,ERR,ERR,ERR,ERR,-107615104.0,-107615952.0,-107614752.0,0.0,0.0,0.004,-0.0,-0.0,0,0,4,17302,7116,0.0,100,0.0,0.0,0.0,0.0,0.0,0,0,0,0,0.0,0,0,0,0,0,0,0,0,0,0,0,0,0,0,0,0,0,0,0,0,0,0,0,0,0,0,0,0,0,0,0,0,0,31,40,40,71,65476,0,300,0,0,8,21553,0.0,-107605600.0,0.0,0.0,0.0,0.0,0.0,0.0,0.0,0.0,0.0,0.0,0.0,0.0,0.0,0.0,0.0,0.0,0.0,0.0,0.0,0.0,-0.0,-2.004,0.0,0.0,0.0,0.0,0.0,0.0,5339.0,-1.5879312420608694e+29,6942.0,-107615104.0,-107615952.0,2.004,2.004,0.0,0.0,0.0,0.0,69,0.0,-0.0,0.0,0.0,0.0,0.0,0.0,0.0,0.0,0,0,0,0.0,0.0,0.0,0.0,0.0,0.0,0.0,0.0,0.0,0.0,0.0,0.0,0.0,0.0,0.0,0.0,0,-107875648.0,69,0.0,138,0.0,2.012,ERR,ERR,ERR,ERR,ERR,ERR,ERR,ERR,ERR,ERR,ERR,ERR,ERR,ERR,ERR,ERR,ERR,ERR,ERR,ERR,ERR,ERR,ERR,ERR,ERR,ERR,ERR,ERR,ERR,ERR,ERR,ERR,ERR,ERR,ERR,ERR,ERR,ERR,ERR,ERR,ERR,ERR,ERR,ERR,ERR,ERR,ERR,ERR,ERR,ERR,ERR,ERR,ERR,ERR,ERR,ERR,ERR,ERR,ERR,ERR,ERR,ERR,ERR,ERR,ERR,ERR,ERR,60.0,60.0,35,0.0,0.0,0.0,0.0,0.0,0.0,0.0,0.0,0.0,0.0,0.0,0.0,0.0,0.0,0.0,0.0,65.6,0,112,54,33,65476,0,300,0,0,8,20529,65476,0,0,2621,60.0,0.0,0.0,0.0,0.0,0.0
2026-07-09T15:50:10,ERR,ERR,ERR,ERR,ERR,ERR,ERR,ERR,ERR,ERR,ERR,ERR,ERR,ERR,ERR,ERR,ERR,ERR,ERR,ERR,ERR,ERR,ERR,ERR,ERR,ERR,ERR,ERR,ERR,ERR,ERR,ERR,ERR,ERR,ERR,ERR,ERR,ERR,ERR,ERR,ERR,ERR,ERR,ERR,ERR,ERR,ERR,ERR,ERR,ERR,ERR,ERR,ERR,ERR,ERR,ERR,ERR,ERR,ERR,ERR,ERR,ERR,ERR,ERR,ERR,ERR,ERR,ERR,ERR,ERR,ERR,ERR,ERR,ERR,ERR,ERR,ERR,ERR,ERR,ERR,ERR,ERR,ERR,ERR,ERR,ERR,ERR,ERR,ERR,ERR,ERR,ERR,ERR,ERR,ERR,ERR,ERR,ERR,ERR,ERR,ERR,ERR,ERR,ERR,ERR,ERR,ERR,ERR,ERR,ERR,ERR,ERR,ERR,ERR,ERR,ERR,ERR,ERR,ERR,ERR,ERR,ERR,ERR,ERR,ERR,-107615104.0,-107615952.0,-107614752.0,0.0,0.0,0.004,-0.0,-0.0,0,0,4,17302,7116,0.0,100,0.0,0.0,0.0,0.0,0.0,0,0,0,0,0.0,0,0,0,0,0,0,0,0,0,0,0,0,0,0,0,0,0,0,0,0,0,0,0,0,0,0,0,0,0,0,0,0,0,31,40,40,71,65476,0,300,0,0,8,21553,0.0,-107605600.0,0.0,0.0,0.0,0.0,0.0,0.0,0.0,0.0,0.0,0.0,0.0,0.0,0.0,0.0,0.0,0.0,0.0,0.0,0.0,0.0,-0.0,-2.004,0.0,0.0,0.0,0.0,0.0,0.0,5339.0,-1.5879312420608694e+29,6942.0,-107615104.0,-107615952.0,2.004,2.004,0.0,0.0,0.0,0.0,69,0.0,-0.0,0.0,0.0,0.0,0.0,0.0,0.0,0.0,0,0,0,0.0,0.0,0.0,0.0,0.0,0.0,0.0,0.0,0.0,0.0,0.0,0.0,0.0,0.0,0.0,0.0,0,-107875648.0,69,0.0,138,0.0,2.012,ERR,ERR,ERR,ERR,ERR,ERR,ERR,ERR,ERR,ERR,ERR,ERR,ERR,ERR,ERR,ERR,ERR,ERR,ERR,ERR,ERR,ERR,ERR,ERR,ERR,ERR,ERR,ERR,ERR,ERR,ERR,ERR,ERR,ERR,ERR,ERR,ERR,ERR,ERR,ERR,ERR,ERR,ERR,ERR,ERR,ERR,ERR,ERR,ERR,ERR,ERR,ERR,ERR,ERR,ERR,ERR,ERR,ERR,ERR,ERR,ERR,ERR,ERR,ERR,ERR,ERR,ERR,60.0,60.0,35,0.0,0.0,0.0,0.0,0.0,0.0,0.0,0.0,0.0,0.0,0.0,0.0,0.0,0.0,0.0,0.0,65.6,0,112,54,33,65476,0,300,0,0,8,20529,65476,0,0,2621,60.0,0.0,0.0,0.0,0.0,0.0
2026-07-09T15:50:11,ERR,ERR,ERR,ERR,ERR,ERR,ERR,ERR,ERR,ERR,ERR,ERR,ERR,ERR,ERR,ERR,ERR,ERR,ERR,ERR,ERR,ERR,ERR,ERR,ERR,ERR,ERR,ERR,ERR,ERR,ERR,ERR,ERR,ERR,ERR,ERR,ERR,ERR,ERR,ERR,ERR,ERR,ERR,ERR,ERR,ERR,ERR,ERR,ERR,ERR,ERR,ERR,ERR,ERR,ERR,ERR,ERR,ERR,ERR,ERR,ERR,ERR,ERR,ERR,ERR,ERR,ERR,ERR,ERR,ERR,ERR,ERR,ERR,ERR,ERR,ERR,ERR,ERR,ERR,ERR,ERR,ERR,ERR,ERR,ERR,ERR,ERR,ERR,ERR,ERR,ERR,ERR,ERR,ERR,ERR,ERR,ERR,ERR,ERR,ERR,ERR,ERR,ERR,ERR,ERR,ERR,ERR,ERR,ERR,ERR,ERR,ERR,ERR,ERR,ERR,ERR,ERR,ERR,ERR,ERR,ERR,ERR,ERR,ERR,ERR,-107615104.0,-107615952.0,-107614752.0,0.0,0.0,0.004,-0.0,-0.0,0,0,4,17302,7116,0.0,100,0.0,0.0,0.0,0.0,0.0,0,0,0,0,0.0,0,0,0,0,0,0,0,0,0,0,0,0,0,0,0,0,0,0,0,0,0,0,0,0,0,0,0,0,0,0,0,0,0,31,40,40,71,65476,0,300,0,0,8,21553,0.0,-107605600.0,0.0,0.0,0.0,0.0,0.0,0.0,0.0,0.0,0.0,0.0,0.0,0.0,0.0,0.0,0.0,0.0,0.0,0.0,0.0,0.0,-0.0,-2.004,0.0,0.0,0.0,0.0,0.0,0.0,5339.0,-1.5879312420608694e+29,6942.0,-107615104.0,-107615952.0,2.004,2.004,0.0,0.0,0.0,0.0,69,0.0,-0.0,0.0,0.0,0.0,0.0,0.0,0.0,0.0,0,0,0,0.0,0.0,0.0,0.0,0.0,0.0,0.0,0.0,0.0,0.0,0.0,0.0,0.0,0.0,0.0,0.0,0,-107875648.0,69,0.0,138,0.0,2.012,ERR,ERR,ERR,ERR,ERR,ERR,ERR,ERR,ERR,ERR,ERR,ERR,ERR,ERR,ERR,ERR,ERR,ERR,ERR,ERR,ERR,ERR,ERR,ERR,ERR,ERR,ERR,ERR,ERR,ERR,ERR,ERR,ERR,ERR,ERR,ERR,ERR,ERR,ERR,ERR,ERR,ERR,ERR,ERR,ERR,ERR,ERR,ERR,ERR,ERR,ERR,ERR,ERR,ERR,ERR,ERR,ERR,ERR,ERR,ERR,ERR,ERR,ERR,ERR,ERR,ERR,ERR,60.0,60.0,35,0.0,0.0,0.0,0.0,0.0,0.0,0.0,0.0,0.0,0.0,0.0,0.0,0.0,0.0,0.0,0.0,65.2,0,112,54,33,65476,0,300,0,0,8,20529,65476,0,0,2621,60.0,0.0,0.0,0.0,0.0,0.0
2026-07-09T15:50:12,ERR,ERR,ERR,ERR,ERR,ERR,ERR,ERR,ERR,ERR,ERR,ERR,ERR,ERR,ERR,ERR,ERR,ERR,ERR,ERR,ERR,ERR,ERR,ERR,ERR,ERR,ERR,ERR,ERR,ERR,ERR,ERR,ERR,ERR,ERR,ERR,ERR,ERR,ERR,ERR,ERR,ERR,ERR,ERR,ERR,ERR,ERR,ERR,ERR,ERR,ERR,ERR,ERR,ERR,ERR,ERR,ERR,ERR,ERR,ERR,ERR,ERR,ERR,ERR,ERR,ERR,ERR,ERR,ERR,ERR,ERR,ERR,ERR,ERR,ERR,ERR,ERR,ERR,ERR,ERR,ERR,ERR,ERR,ERR,ERR,ERR,ERR,ERR,ERR,ERR,ERR,ERR,ERR,ERR,ERR,ERR,ERR,ERR,ERR,ERR,ERR,ERR,ERR,ERR,ERR,ERR,ERR,ERR,ERR,ERR,ERR,ERR,ERR,ERR,ERR,ERR,ERR,ERR,ERR,ERR,ERR,ERR,ERR,ERR,ERR,2.7184246165485387e+23,-107615952.0,0.0,-107611616.0,0.0,-761306808320.0,30371.635,306710272.0,0,0,4,17300,7116,0.0,100,0.0,0.0,0.0,0.0,0.0,0,0,0,0,0.0,0,0,0,0,0,0,0,0,0,0,0,0,0,0,0,0,0,0,0,0,0,0,0,0,0,0,0,0,0,0,0,0,0,31,40,40,71,65476,0,300,0,0,8,21553,0.0,-107605600.0,0.0,0.0,0.0,0.0,0.0,0.0,0.0,0.0,0.0,0.0,0.0,0.0,0.0,0.0,0.0,0.0,0.0,0.0,0.0,0.0,2.004,-3.697064747540991e+19,0.0,0.0,0.0,0.0,0.0,0.0,5339.0,-3.697190531671209e+19,6940.0,2.7184246165485387e+23,0.0,2.004,2.004,0.0,0.0,0.0,0.0,69,0.0,-0.0,0.0,0.0,0.0,0.0,0.0,0.0,0.0,0,0,0,0.0,0.0,0.0,0.0,0.0,0.0,0.0,0.0,0.0,0.0,0.0,0.0,0.0,0.0,0.0,0.0,0,-107875648.0,69,0.0,138,0.0,2.012,ERR,ERR,ERR,ERR,ERR,ERR,ERR,ERR,ERR,ERR,ERR,ERR,ERR,ERR,ERR,ERR,ERR,ERR,ERR,ERR,ERR,ERR,ERR,ERR,ERR,ERR,ERR,ERR,ERR,ERR,ERR,ERR,ERR,ERR,ERR,ERR,ERR,ERR,ERR,ERR,ERR,ERR,ERR,ERR,ERR,ERR,ERR,ERR,ERR,ERR,ERR,ERR,ERR,ERR,ERR,ERR,ERR,ERR,ERR,ERR,ERR,ERR,ERR,ERR,ERR,ERR,ERR,60.0,60.0,35,0.0,0.0,0.0,0.0,0.0,0.0,0.0,0.0,0.0,0.0,0.0,0.0,0.0,0.0,0.0,0.0,65.2,0,112,54,33,65476,0,300,0,0,8,20529,65476,0,0,2621,60.0,0.0,0.0,0.0,0.0,0.0
2026-07-09T15:50:13,ERR,ERR,ERR,ERR,ERR,ERR,ERR,ERR,ERR,ERR,ERR,ERR,ERR,ERR,ERR,ERR,ERR,ERR,ERR,ERR,ERR,ERR,ERR,ERR,ERR,ERR,ERR,ERR,ERR,ERR,ERR,ERR,ERR,ERR,ERR,ERR,ERR,ERR,ERR,ERR,ERR,ERR,ERR,ERR,ERR,ERR,ERR,ERR,ERR,ERR,ERR,ERR,ERR,ERR,ERR,ERR,ERR,ERR,ERR,ERR,ERR,ERR,ERR,ERR,ERR,ERR,ERR,ERR,ERR,ERR,ERR,ERR,ERR,ERR,ERR,ERR,ERR,ERR,ERR,ERR,ERR,ERR,ERR,ERR,ERR,ERR,ERR,ERR,ERR,ERR,ERR,ERR,ERR,ERR,ERR,ERR,ERR,ERR,ERR,ERR,ERR,ERR,ERR,ERR,ERR,ERR,ERR,ERR,ERR,ERR,ERR,ERR,ERR,ERR,ERR,ERR,ERR,ERR,ERR,ERR,ERR,ERR,ERR,ERR,ERR,2.7184246165485387e+23,-107615952.0,0.0,-107611616.0,0.0,-761306808320.0,30371.635,306710272.0,0,0,4,17300,7116,0.0,100,0.0,0.0,0.0,0.0,0.0,0,0,0,0,0.0,0,0,0,0,0,0,0,0,0,0,0,0,0,0,0,0,0,0,0,0,0,0,0,0,0,0,0,0,0,0,0,0,0,31,40,40,71,65476,0,300,0,0,8,21553,0.0,-107605600.0,0.0,0.0,0.0,0.0,0.0,0.0,0.0,0.0,0.0,0.0,0.0,0.0,0.0,0.0,0.0,0.0,0.0,0.0,0.0,0.0,2.004,-3.697064747540991e+19,0.0,0.0,0.0,0.0,0.0,0.0,5339.0,-3.697190531671209e+19,6940.0,2.7184246165485387e+23,0.0,2.004,2.004,0.0,0.0,0.0,0.0,69,0.0,-0.0,0.0,0.0,0.0,0.0,0.0,0.0,0.0,0,0,0,0.0,0.0,0.0,0.0,0.0,0.0,0.0,0.0,0.0,0.0,0.0,0.0,0.0,0.0,0.0,0.0,0,-107875648.0,69,0.0,138,0.0,2.012,ERR,ERR,ERR,ERR,ERR,ERR,ERR,ERR,ERR,ERR,ERR,ERR,ERR,ERR,ERR,ERR,ERR,ERR,ERR,ERR,ERR,ERR,ERR,ERR,ERR,ERR,ERR,ERR,ERR,ERR,ERR,ERR,ERR,ERR,ERR,ERR,ERR,ERR,ERR,ERR,ERR,ERR,ERR,ERR,ERR,ERR,ERR,ERR,ERR,ERR,ERR,ERR,ERR,ERR,ERR,ERR,ERR,ERR,ERR,ERR,ERR,ERR,ERR,ERR,ERR,ERR,ERR,60.0,60.0,35,0.0,0.0,0.0,0.0,0.0,0.0,0.0,0.0,0.0,0.0,0.0,0.0,0.0,0.0,0.0,0.0,65.2,0,112,54,33,65476,0,300,0,0,8,20529,65476,0,0,2621,60.0,0.0,0.0,0.0,0.0,0.0
2026-07-09T15:50:14,ERR,ERR,ERR,ERR,ERR,ERR,ERR,ERR,ERR,ERR,ERR,ERR,ERR,ERR,ERR,ERR,ERR,ERR,ERR,ERR,ERR,ERR,ERR,ERR,ERR,ERR,ERR,ERR,ERR,ERR,ERR,ERR,ERR,ERR,ERR,ERR,ERR,ERR,ERR,ERR,ERR,ERR,ERR,ERR,ERR,ERR,ERR,ERR,ERR,ERR,ERR,ERR,ERR,ERR,ERR,ERR,ERR,ERR,ERR,ERR,ERR,ERR,ERR,ERR,ERR,ERR,ERR,ERR,ERR,ERR,ERR,ERR,ERR,ERR,ERR,ERR,ERR,ERR,ERR,ERR,ERR,ERR,ERR,ERR,ERR,ERR,ERR,ERR,ERR,ERR,ERR,ERR,ERR,ERR,ERR,ERR,ERR,ERR,ERR,ERR,ERR,ERR,ERR,ERR,ERR,ERR,ERR,ERR,ERR,ERR,ERR,ERR,ERR,ERR,ERR,ERR,ERR,ERR,ERR,ERR,ERR,ERR,ERR,ERR,ERR,2.7184246165485387e+23,-107615952.0,0.0,-107611616.0,0.0,-761306808320.0,30371.635,306710272.0,0,0,4,17300,7116,0.0,100,0.0,0.0,0.0,0.0,0.0,0,0,0,0,0.0,0,0,0,0,0,0,0,0,0,0,0,0,0,0,0,0,0,0,0,0,0,0,0,0,0,0,0,0,0,0,0,0,0,31,40,40,71,65476,0,300,0,0,8,21553,0.0,-107605600.0,0.0,0.0,0.0,0.0,0.0,0.0,0.0,0.0,0.0,0.0,0.0,0.0,0.0,0.0,0.0,0.0,0.0,0.0,0.0,0.0,2.004,-3.697064747540991e+19,0.0,0.0,0.0,0.0,0.0,0.0,5339.0,-3.697190531671209e+19,6940.0,2.7184246165485387e+23,0.0,2.004,2.004,0.0,0.0,0.0,0.0,69,0.0,-0.0,0.0,0.0,0.0,0.0,0.0,0.0,0.0,0,0,0,0.0,0.0,0.0,0.0,0.0,0.0,0.0,0.0,0.0,0.0,0.0,0.0,0.0,0.0,0.0,0.0,0,-107875648.0,69,0.0,138,0.0,2.012,ERR,ERR,ERR,ERR,ERR,ERR,ERR,ERR,ERR,ERR,ERR,ERR,ERR,ERR,ERR,ERR,ERR,ERR,ERR,ERR,ERR,ERR,ERR,ERR,ERR,ERR,ERR,ERR,ERR,ERR,ERR,ERR,ERR,ERR,ERR,ERR,ERR,ERR,ERR,ERR,ERR,ERR,ERR,ERR,ERR,ERR,ERR,ERR,ERR,ERR,ERR,ERR,ERR,ERR,ERR,ERR,ERR,ERR,ERR,ERR,ERR,ERR,ERR,ERR,ERR,ERR,ERR,60.0,60.0,35,0.0,0.0,0.0,0.0,0.0,0.0,0.0,0.0,0.0,0.0,0.0,0.0,0.0,0.0,0.0,0.0,65.2,0,112,54,33,65476,0,300,0,0,8,20529,65476,0,0,2621,60.0,0.0,0.0,0.0,0.0,0.0
2026-07-09T15:50:15,ERR,ERR,ERR,ERR,ERR,ERR,ERR,ERR,ERR,ERR,ERR,ERR,ERR,ERR,ERR,ERR,ERR,ERR,ERR,ERR,ERR,ERR,ERR,ERR,ERR,ERR,ERR,ERR,ERR,ERR,ERR,ERR,ERR,ERR,ERR,ERR,ERR,ERR,ERR,ERR,ERR,ERR,ERR,ERR,ERR,ERR,ERR,ERR,ERR,ERR,ERR,ERR,ERR,ERR,ERR,ERR,ERR,ERR,ERR,ERR,ERR,ERR,ERR,ERR,ERR,ERR,ERR,ERR,ERR,ERR,ERR,ERR,ERR,ERR,ERR,ERR,ERR,ERR,ERR,ERR,ERR,ERR,ERR,ERR,ERR,ERR,ERR,ERR,ERR,ERR,ERR,ERR,ERR,ERR,ERR,ERR,ERR,ERR,ERR,ERR,ERR,ERR,ERR,ERR,ERR,ERR,ERR,ERR,ERR,ERR,ERR,ERR,ERR,ERR,ERR,ERR,ERR,ERR,ERR,ERR,ERR,ERR,ERR,ERR,ERR,2.7184246165485387e+23,-107615952.0,0.0,-107611616.0,0.0,-761306808320.0,30371.635,306710272.0,0,0,4,17300,7116,0.0,100,0.0,0.0,0.0,0.0,0.0,0,0,0,0,0.0,0,0,0,0,0,0,0,0,0,0,0,0,0,0,0,0,0,0,0,0,0,0,0,0,0,0,0,0,0,0,0,0,0,31,40,40,71,65476,0,300,0,0,8,21553,0.0,-107605600.0,0.0,0.0,0.0,0.0,0.0,0.0,0.0,0.0,0.0,0.0,0.0,0.0,0.0,0.0,0.0,0.0,0.0,0.0,0.0,0.0,2.004,-3.697064747540991e+19,0.0,0.0,0.0,0.0,0.0,0.0,5339.0,-3.697190531671209e+19,6940.0,2.7184246165485387e+23,0.0,2.004,2.004,0.0,0.0,0.0,0.0,69,0.0,-0.0,0.0,0.0,0.0,0.0,0.0,0.0,0.0,0,0,0,0.0,0.0,0.0,0.0,0.0,0.0,0.0,0.0,0.0,0.0,0.0,0.0,0.0,0.0,0.0,0.0,0,-107875648.0,69,0.0,138,0.0,2.012,ERR,ERR,ERR,ERR,ERR,ERR,ERR,ERR,ERR,ERR,ERR,ERR,ERR,ERR,ERR,ERR,ERR,ERR,ERR,ERR,ERR,ERR,ERR,ERR,ERR,ERR,ERR,ERR,ERR,ERR,ERR,ERR,ERR,ERR,ERR,ERR,ERR,ERR,ERR,ERR,ERR,ERR,ERR,ERR,ERR,ERR,ERR,ERR,ERR,ERR,ERR,ERR,ERR,ERR,ERR,ERR,ERR,ERR,ERR,ERR,ERR,ERR,ERR,ERR,ERR,ERR,ERR,60.0,60.0,35,0.0,0.0,0.0,0.0,0.0,0.0,0.0,0.0,0.0,0.0,0.0,0.0,0.0,0.0,0.0,0.0,65.2,0,112,54,33,65476,0,300,0,0,8,20529,65476,0,0,2621,60.0,0.0,0.0,0.0,0.0,0.0
2026-07-09T15:50:16,ERR,ERR,ERR,ERR,ERR,ERR,ERR,ERR,ERR,ERR,ERR,ERR,ERR,ERR,ERR,ERR,ERR,ERR,ERR,ERR,ERR,ERR,ERR,ERR,ERR,ERR,ERR,ERR,ERR,ERR,ERR,ERR,ERR,ERR,ERR,ERR,ERR,ERR,ERR,ERR,ERR,ERR,ERR,ERR,ERR,ERR,ERR,ERR,ERR,ERR,ERR,ERR,ERR,ERR,ERR,ERR,ERR,ERR,ERR,ERR,ERR,ERR,ERR,ERR,ERR,ERR,ERR,ERR,ERR,ERR,ERR,ERR,ERR,ERR,ERR,ERR,ERR,ERR,ERR,ERR,ERR,ERR,ERR,ERR,ERR,ERR,ERR,ERR,ERR,ERR,ERR,ERR,ERR,ERR,ERR,ERR,ERR,ERR,ERR,ERR,ERR,ERR,ERR,ERR,ERR,ERR,ERR,ERR,ERR,ERR,ERR,ERR,ERR,ERR,ERR,ERR,ERR,ERR,ERR,ERR,ERR,ERR,ERR,ERR,ERR,2.7184246165485387e+23,-107615952.0,0.0,-107611616.0,0.0,-761306808320.0,30371.635,306710272.0,0,0,4,17300,7116,0.0,100,0.0,0.0,0.0,0.0,0.0,0,0,0,0,0.0,0,0,0,0,0,0,0,0,0,0,0,0,0,0,0,0,0,0,0,0,0,0,0,0,0,0,0,0,0,0,0,0,0,31,40,40,71,65476,0,300,0,0,8,21553,0.0,-107605600.0,0.0,0.0,0.0,0.0,0.0,0.0,0.0,0.0,0.0,0.0,0.0,0.0,0.0,0.0,0.0,0.0,0.0,0.0,0.0,0.0,2.004,-3.697064747540991e+19,0.0,0.0,0.0,0.0,0.0,0.0,5339.0,-3.697190531671209e+19,6940.0,2.7184246165485387e+23,0.0,2.004,2.004,0.0,0.0,0.0,0.0,69,0.0,-0.0,0.0,0.0,0.0,0.0,0.0,0.0,0.0,0,0,0,0.0,0.0,0.0,0.0,0.0,0.0,0.0,0.0,0.0,0.0,0.0,0.0,0.0,0.0,0.0,0.0,0,-107875648.0,69,0.0,138,0.0,2.012,ERR,ERR,ERR,ERR,ERR,ERR,ERR,ERR,ERR,ERR,ERR,ERR,ERR,ERR,ERR,ERR,ERR,ERR,ERR,ERR,ERR,ERR,ERR,ERR,ERR,ERR,ERR,ERR,ERR,ERR,ERR,ERR,ERR,ERR,ERR,ERR,ERR,ERR,ERR,ERR,ERR,ERR,ERR,ERR,ERR,ERR,ERR,ERR,ERR,ERR,ERR,ERR,ERR,ERR,ERR,ERR,ERR,ERR,ERR,ERR,ERR,ERR,ERR,ERR,ERR,ERR,ERR,60.0,60.0,35,0.0,0.0,0.0,0.0,0.0,0.0,0.0,0.0,0.0,0.0,0.0,0.0,0.0,0.0,0.0,0.0,65.2,0,112,54,33,65476,0,300,0,0,8,20529,65476,0,0,2621,60.0,0.0,0.0,0.0,0.0,0.0
2026-07-09T15:50:17,ERR,ERR,ERR,ERR,ERR,ERR,ERR,ERR,ERR,ERR,ERR,ERR,ERR,ERR,ERR,ERR,ERR,ERR,ERR,ERR,ERR,ERR,ERR,ERR,ERR,ERR,ERR,ERR,ERR,ERR,ERR,ERR,ERR,ERR,ERR,ERR,ERR,ERR,ERR,ERR,ERR,ERR,ERR,ERR,ERR,ERR,ERR,ERR,ERR,ERR,ERR,ERR,ERR,ERR,ERR,ERR,ERR,ERR,ERR,ERR,ERR,ERR,ERR,ERR,ERR,ERR,ERR,ERR,ERR,ERR,ERR,ERR,ERR,ERR,ERR,ERR,ERR,ERR,ERR,ERR,ERR,ERR,ERR,ERR,ERR,ERR,ERR,ERR,ERR,ERR,ERR,ERR,ERR,ERR,ERR,ERR,ERR,ERR,ERR,ERR,ERR,ERR,ERR,ERR,ERR,ERR,ERR,ERR,ERR,ERR,ERR,ERR,ERR,ERR,ERR,ERR,ERR,ERR,ERR,ERR,ERR,ERR,ERR,ERR,ERR,2.7184246165485387e+23,0.0,0.0,0.0,0.0,-4.2927357605550506e+24,-0.0,-2.203278374294106e+26,0,0,4,17302,7116,0.0,100,0.0,0.0,0.0,0.0,0.0,0,0,0,0,0.0,0,0,0,0,0,0,0,0,0,0,0,0,0,0,0,0,0,0,0,0,0,0,0,0,0,0,0,0,0,0,0,0,0,31,40,40,71,65476,0,300,0,0,8,21553,0.0,-107605600.0,0.0,0.0,0.0,0.0,0.0,0.0,0.0,0.0,0.0,0.0,0.0,0.0,0.0,0.0,0.0,0.0,0.0,0.0,0.0,0.0,2.004,0.0,0.0,0.0,0.0,0.0,0.0,0.0,5371.0,0.0,6913.0,2.7184246165485387e+23,0.0,2.004,2.004,0.0,0.0,0.0,0.0,69,0.0,-107614888.0,0.0,0.0,0.0,0.0,0.0,0.0,0.0,0,0,0,0.0,0.0,0.0,0.0,0.0,0.0,0.0,0.0,0.0,0.0,0.0,0.0,0.0,0.0,0.0,0.0,0,-107875648.0,69,0.0,138,0.0,2.012,ERR,ERR,ERR,ERR,ERR,ERR,ERR,ERR,ERR,ERR,ERR,ERR,ERR,ERR,ERR,ERR,ERR,ERR,ERR,ERR,ERR,ERR,ERR,ERR,ERR,ERR,ERR,ERR,ERR,ERR,ERR,ERR,ERR,ERR,ERR,ERR,ERR,ERR,ERR,ERR,ERR,ERR,ERR,ERR,ERR,ERR,ERR,ERR,ERR,ERR,ERR,ERR,ERR,ERR,ERR,ERR,ERR,ERR,ERR,ERR,ERR,ERR,ERR,ERR,ERR,ERR,ERR,60.0,60.0,35,0.0,0.0,0.0,0.0,0.0,0.0,0.0,0.0,0.0,0.0,0.0,0.0,0.0,0.0,0.0,0.0,65.2,0,112,54,33,65476,0,300,0,0,8,20529,65476,0,0,2621,60.0,0.0,0.0,0.0,0.0,0.0
2026-07-09T15:50:18,ERR,ERR,ERR,ERR,ERR,ERR,ERR,ERR,ERR,ERR,ERR,ERR,ERR,ERR,ERR,ERR,ERR,ERR,ERR,ERR,ERR,ERR,ERR,ERR,ERR,ERR,ERR,ERR,ERR,ERR,ERR,ERR,ERR,ERR,ERR,ERR,ERR,ERR,ERR,ERR,ERR,ERR,ERR,ERR,ERR,ERR,ERR,ERR,ERR,ERR,ERR,ERR,ERR,ERR,ERR,ERR,ERR,ERR,ERR,ERR,ERR,ERR,ERR,ERR,ERR,ERR,ERR,ERR,ERR,ERR,ERR,ERR,ERR,ERR,ERR,ERR,ERR,ERR,ERR,ERR,ERR,ERR,ERR,ERR,ERR,ERR,ERR,ERR,ERR,ERR,ERR,ERR,ERR,ERR,ERR,ERR,ERR,ERR,ERR,ERR,ERR,ERR,ERR,ERR,ERR,ERR,ERR,ERR,ERR,ERR,ERR,ERR,ERR,ERR,ERR,ERR,ERR,ERR,ERR,ERR,ERR,ERR,ERR,ERR,ERR,2.7184246165485387e+23,0.0,0.0,0.0,0.0,-4.2927357605550506e+24,-0.0,-2.203278374294106e+26,0,0,4,17302,7116,0.0,100,0.0,0.0,0.0,0.0,0.0,0,0,0,0,0.0,0,0,0,0,0,0,0,0,0,0,0,0,0,0,0,0,0,0,0,0,0,0,0,0,0,0,0,0,0,0,0,0,0,31,40,40,71,65476,0,300,0,0,8,21553,0.0,-107605600.0,0.0,0.0,0.0,0.0,0.0,0.0,0.0,0.0,0.0,0.0,0.0,0.0,0.0,0.0,0.0,0.0,0.0,0.0,0.0,0.0,2.004,0.0,0.0,0.0,0.0,0.0,0.0,0.0,5371.0,0.0,6913.0,2.7184246165485387e+23,0.0,2.004,2.004,0.0,0.0,0.0,0.0,69,0.0,-107614888.0,0.0,0.0,0.0,0.0,0.0,0.0,0.0,0,0,0,0.0,0.0,0.0,0.0,0.0,0.0,0.0,0.0,0.0,0.0,0.0,0.0,0.0,0.0,0.0,0.0,0,-107875648.0,69,0.0,138,0.0,2.012,ERR,ERR,ERR,ERR,ERR,ERR,ERR,ERR,ERR,ERR,ERR,ERR,ERR,ERR,ERR,ERR,ERR,ERR,ERR,ERR,ERR,ERR,ERR,ERR,ERR,ERR,ERR,ERR,ERR,ERR,ERR,ERR,ERR,ERR,ERR,ERR,ERR,ERR,ERR,ERR,ERR,ERR,ERR,ERR,ERR,ERR,ERR,ERR,ERR,ERR,ERR,ERR,ERR,ERR,ERR,ERR,ERR,ERR,ERR,ERR,ERR,ERR,ERR,ERR,ERR,ERR,ERR,60.0,60.0,35,0.0,0.0,0.0,0.0,0.0,0.0,0.0,0.0,0.0,0.0,0.0,0.0,0.0,0.0,0.0,0.0,65.2,0,112,54,33,65476,0,300,0,0,8,20529,65476,0,0,2621,60.0,0.0,0.0,0.0,0.0,0.0
2026-07-09T15:50:19,ERR,ERR,ERR,ERR,ERR,ERR,ERR,ERR,ERR,ERR,ERR,ERR,ERR,ERR,ERR,ERR,ERR,ERR,ERR,ERR,ERR,ERR,ERR,ERR,ERR,ERR,ERR,ERR,ERR,ERR,ERR,ERR,ERR,ERR,ERR,ERR,ERR,ERR,ERR,ERR,ERR,ERR,ERR,ERR,ERR,ERR,ERR,ERR,ERR,ERR,ERR,ERR,ERR,ERR,ERR,ERR,ERR,ERR,ERR,ERR,ERR,ERR,ERR,ERR,ERR,ERR,ERR,ERR,ERR,ERR,ERR,ERR,ERR,ERR,ERR,ERR,ERR,ERR,ERR,ERR,ERR,ERR,ERR,ERR,ERR,ERR,ERR,ERR,ERR,ERR,ERR,ERR,ERR,ERR,ERR,ERR,ERR,ERR,ERR,ERR,ERR,ERR,ERR,ERR,ERR,ERR,ERR,ERR,ERR,ERR,ERR,ERR,ERR,ERR,ERR,ERR,ERR,ERR,ERR,ERR,ERR,ERR,ERR,ERR,ERR,2.7184246165485387e+23,0.0,0.0,0.0,0.0,-4.2927357605550506e+24,-0.0,-2.203278374294106e+26,0,0,4,17302,7116,0.0,100,0.0,0.0,0.0,0.0,0.0,0,0,0,0,0.0,0,0,0,0,0,0,0,0,0,0,0,0,0,0,0,0,0,0,0,0,0,0,0,0,0,0,0,0,0,0,0,0,0,31,40,40,71,65476,0,300,0,0,8,21553,0.0,-107605600.0,0.0,0.0,0.0,0.0,0.0,0.0,0.0,0.0,0.0,0.0,0.0,0.0,0.0,0.0,0.0,0.0,0.0,0.0,0.0,0.0,2.004,0.0,0.0,0.0,0.0,0.0,0.0,0.0,5371.0,0.0,6913.0,2.7184246165485387e+23,0.0,2.004,2.004,0.0,0.0,0.0,0.0,69,0.0,-107614888.0,0.0,0.0,0.0,0.0,0.0,0.0,0.0,0,0,0,0.0,0.0,0.0,0.0,0.0,0.0,0.0,0.0,0.0,0.0,0.0,0.0,0.0,0.0,0.0,0.0,0,-107875648.0,69,0.0,138,0.0,2.012,ERR,ERR,ERR,ERR,ERR,ERR,ERR,ERR,ERR,ERR,ERR,ERR,ERR,ERR,ERR,ERR,ERR,ERR,ERR,ERR,ERR,ERR,ERR,ERR,ERR,ERR,ERR,ERR,ERR,ERR,ERR,ERR,ERR,ERR,ERR,ERR,ERR,ERR,ERR,ERR,ERR,ERR,ERR,ERR,ERR,ERR,ERR,ERR,ERR,ERR,ERR,ERR,ERR,ERR,ERR,ERR,ERR,ERR,ERR,ERR,ERR,ERR,ERR,ERR,ERR,ERR,ERR,60.0,60.0,35,0.0,0.0,0.0,0.0,0.0,0.0,0.0,0.0,0.0,0.0,0.0,0.0,0.0,0.0,0.0,0.0,65.2,0,112,54,33,65476,0,300,0,0,8,20529,65476,0,0,2621,60.0,0.0,0.0,0.0,0.0,0.0
2026-07-09T15:50:20,ERR,ERR,ERR,ERR,ERR,ERR,ERR,ERR,ERR,ERR,ERR,ERR,ERR,ERR,ERR,ERR,ERR,ERR,ERR,ERR,ERR,ERR,ERR,ERR,ERR,ERR,ERR,ERR,ERR,ERR,ERR,ERR,ERR,ERR,ERR,ERR,ERR,ERR,ERR,ERR,ERR,ERR,ERR,ERR,ERR,ERR,ERR,ERR,ERR,ERR,ERR,ERR,ERR,ERR,ERR,ERR,ERR,ERR,ERR,ERR,ERR,ERR,ERR,ERR,ERR,ERR,ERR,ERR,ERR,ERR,ERR,ERR,ERR,ERR,ERR,ERR,ERR,ERR,ERR,ERR,ERR,ERR,ERR,ERR,ERR,ERR,ERR,ERR,ERR,ERR,ERR,ERR,ERR,ERR,ERR,ERR,ERR,ERR,ERR,ERR,ERR,ERR,ERR,ERR,ERR,ERR,ERR,ERR,ERR,ERR,ERR,ERR,ERR,ERR,ERR,ERR,ERR,ERR,ERR,ERR,ERR,ERR,ERR,ERR,ERR,2.7184246165485387e+23,0.0,0.0,0.0,0.0,-4.2927357605550506e+24,-0.0,-2.203278374294106e+26,0,0,4,17302,7116,0.0,100,0.0,0.0,0.0,0.0,0.0,0,0,0,0,0.0,0,0,0,0,0,0,0,0,0,0,0,0,0,0,0,0,0,0,0,0,0,0,0,0,0,0,0,0,0,0,0,0,0,31,40,40,71,65476,0,300,0,0,8,21553,0.0,-107605600.0,0.0,0.0,0.0,0.0,0.0,0.0,0.0,0.0,0.0,0.0,0.0,0.0,0.0,0.0,0.0,0.0,0.0,0.0,0.0,0.0,2.004,0.0,0.0,0.0,0.0,0.0,0.0,0.0,5371.0,0.0,6913.0,2.7184246165485387e+23,0.0,2.004,2.004,0.0,0.0,0.0,0.0,69,0.0,-107614888.0,0.0,0.0,0.0,0.0,0.0,0.0,0.0,0,0,0,0.0,0.0,0.0,0.0,0.0,0.0,0.0,0.0,0.0,0.0,0.0,0.0,0.0,0.0,0.0,0.0,0,-107875648.0,69,0.0,138,0.0,2.012,ERR,ERR,ERR,ERR,ERR,ERR,ERR,ERR,ERR,ERR,ERR,ERR,ERR,ERR,ERR,ERR,ERR,ERR,ERR,ERR,ERR,ERR,ERR,ERR,ERR,ERR,ERR,ERR,ERR,ERR,ERR,ERR,ERR,ERR,ERR,ERR,ERR,ERR,ERR,ERR,ERR,ERR,ERR,ERR,ERR,ERR,ERR,ERR,ERR,ERR,ERR,ERR,ERR,ERR,ERR,ERR,ERR,ERR,ERR,ERR,ERR,ERR,ERR,ERR,ERR,ERR,ERR,60.0,60.0,35,0.0,0.0,0.0,0.0,0.0,0.0,0.0,0.0,0.0,0.0,0.0,0.0,0.0,0.0,0.0,0.0,65.2,0,112,54,33,65476,0,300,0,0,8,20529,65476,0,0,2621,60.0,0.0,0.0,0.0,0.0,0.0
2026-07-09T15:50:21,ERR,ERR,ERR,ERR,ERR,ERR,ERR,ERR,ERR,ERR,ERR,ERR,ERR,ERR,ERR,ERR,ERR,ERR,ERR,ERR,ERR,ERR,ERR,ERR,ERR,ERR,ERR,ERR,ERR,ERR,ERR,ERR,ERR,ERR,ERR,ERR,ERR,ERR,ERR,ERR,ERR,ERR,ERR,ERR,ERR,ERR,ERR,ERR,ERR,ERR,ERR,ERR,ERR,ERR,ERR,ERR,ERR,ERR,ERR,ERR,ERR,ERR,ERR,ERR,ERR,ERR,ERR,ERR,ERR,ERR,ERR,ERR,ERR,ERR,ERR,ERR,ERR,ERR,ERR,ERR,ERR,ERR,ERR,ERR,ERR,ERR,ERR,ERR,ERR,ERR,ERR,ERR,ERR,ERR,ERR,ERR,ERR,ERR,ERR,ERR,ERR,ERR,ERR,ERR,ERR,ERR,ERR,ERR,ERR,ERR,ERR,ERR,ERR,ERR,ERR,ERR,ERR,ERR,ERR,ERR,ERR,ERR,ERR,ERR,ERR,2.7184246165485387e+23,0.0,0.0,0.0,0.0,-4.2927357605550506e+24,-0.0,-2.203278374294106e+26,0,0,4,17302,7116,0.0,100,0.0,0.0,0.0,0.0,0.0,0,0,0,0,0.0,0,0,0,0,0,0,0,0,0,0,0,0,0,0,0,0,0,0,0,0,0,0,0,0,0,0,0,0,0,0,0,0,0,31,40,40,71,65476,0,300,0,0,8,21553,0.0,-107605600.0,0.0,0.0,0.0,0.0,0.0,0.0,0.0,0.0,0.0,0.0,0.0,0.0,0.0,0.0,0.0,0.0,0.0,0.0,0.0,0.0,2.004,0.0,0.0,0.0,0.0,0.0,0.0,0.0,5371.0,0.0,6913.0,2.7184246165485387e+23,0.0,2.004,2.004,0.0,0.0,0.0,0.0,69,0.0,-107614888.0,0.0,0.0,0.0,0.0,0.0,0.0,0.0,0,0,0,0.0,0.0,0.0,0.0,0.0,0.0,0.0,0.0,0.0,0.0,0.0,0.0,0.0,0.0,0.0,0.0,0,-107875648.0,69,0.0,138,0.0,2.012,ERR,ERR,ERR,ERR,ERR,ERR,ERR,ERR,ERR,ERR,ERR,ERR,ERR,ERR,ERR,ERR,ERR,ERR,ERR,ERR,ERR,ERR,ERR,ERR,ERR,ERR,ERR,ERR,ERR,ERR,ERR,ERR,ERR,ERR,ERR,ERR,ERR,ERR,ERR,ERR,ERR,ERR,ERR,ERR,ERR,ERR,ERR,ERR,ERR,ERR,ERR,ERR,ERR,ERR,ERR,ERR,ERR,ERR,ERR,ERR,ERR,ERR,ERR,ERR,ERR,ERR,ERR,60.0,60.0,35,0.0,0.0,0.0,0.0,0.0,0.0,0.0,0.0,0.0,0.0,0.0,0.0,0.0,0.0,0.0,0.0,65.2,0,112,54,33,65476,0,300,0,0,8,20529,65476,0,0,2621,60.0,0.0,0.0,0.0,0.0,0.0
2026-07-09T15:50:22,ERR,ERR,ERR,ERR,ERR,ERR,ERR,ERR,ERR,ERR,ERR,ERR,ERR,ERR,ERR,ERR,ERR,ERR,ERR,ERR,ERR,ERR,ERR,ERR,ERR,ERR,ERR,ERR,ERR,ERR,ERR,ERR,ERR,ERR,ERR,ERR,ERR,ERR,ERR,ERR,ERR,ERR,ERR,ERR,ERR,ERR,ERR,ERR,ERR,ERR,ERR,ERR,ERR,ERR,ERR,ERR,ERR,ERR,ERR,ERR,ERR,ERR,ERR,ERR,ERR,ERR,ERR,ERR,ERR,ERR,ERR,ERR,ERR,ERR,ERR,ERR,ERR,ERR,ERR,ERR,ERR,ERR,ERR,ERR,ERR,ERR,ERR,ERR,ERR,ERR,ERR,ERR,ERR,ERR,ERR,ERR,ERR,ERR,ERR,ERR,ERR,ERR,ERR,ERR,ERR,ERR,ERR,ERR,ERR,ERR,ERR,ERR,ERR,ERR,ERR,ERR,ERR,ERR,ERR,ERR,ERR,ERR,ERR,ERR,ERR,2.7184246165485387e+23,2.718443891954944e+23,2.7184170505011647e+23,0.0,-0.008,1.837807966051587e+21,0.0,-4.963349595330613e+20,0,0,4,17308,7116,0.0,100,0.0,0.0,0.0,0.0,0.0,0,0,0,0,0.0,0,0,0,0,0,0,0,0,0,0,0,0,0,0,0,0,0,0,0,0,0,0,0,0,0,0,0,0,0,0,0,0,0,31,40,40,71,65476,0,300,0,0,8,21553,0.0,-107605600.0,0.0,0.0,0.0,0.0,0.0,0.0,0.0,0.0,0.0,0.0,0.0,0.0,0.0,0.0,0.0,0.0,0.0,0.0,0.0,0.0,2.004,0.0,0.0,0.0,0.0,0.0,0.0,0.0,5373.0,0.0,6913.0,2.7184246165485387e+23,2.718443891954944e+23,2.004,2.004,0.0,0.0,0.0,0.0,69,0.0,-107614888.0,0.0,0.0,0.0,0.0,0.0,0.0,0.0,0,0,0,0.0,0.0,0.0,0.0,0.0,0.0,0.0,0.0,0.0,0.0,0.0,0.0,0.0,0.0,0.0,0.0,0,-107875648.0,69,0.0,138,0.0,2.012,ERR,ERR,ERR,ERR,ERR,ERR,ERR,ERR,ERR,ERR,ERR,ERR,ERR,ERR,ERR,ERR,ERR,ERR,ERR,ERR,ERR,ERR,ERR,ERR,ERR,ERR,ERR,ERR,ERR,ERR,ERR,ERR,ERR,ERR,ERR,ERR,ERR,ERR,ERR,ERR,ERR,ERR,ERR,ERR,ERR,ERR,ERR,ERR,ERR,ERR,ERR,ERR,ERR,ERR,ERR,ERR,ERR,ERR,ERR,ERR,ERR,ERR,ERR,ERR,ERR,ERR,ERR,60.0,60.0,35,0.0,0.0,0.0,0.0,0.0,0.0,0.0,0.0,0.0,0.0,0.0,0.0,0.0,0.0,0.0,0.0,65.2,0,112,54,33,65476,0,300,0,0,8,20529,65476,0,0,2621,60.0,0.0,0.0,0.0,0.0,0.0
2026-07-09T15:50:23,ERR,ERR,ERR,ERR,ERR,ERR,ERR,ERR,ERR,ERR,ERR,ERR,ERR,ERR,ERR,ERR,ERR,ERR,ERR,ERR,ERR,ERR,ERR,ERR,ERR,ERR,ERR,ERR,ERR,ERR,ERR,ERR,ERR,ERR,ERR,ERR,ERR,ERR,ERR,ERR,ERR,ERR,ERR,ERR,ERR,ERR,ERR,ERR,ERR,ERR,ERR,ERR,ERR,ERR,ERR,ERR,ERR,ERR,ERR,ERR,ERR,ERR,ERR,ERR,ERR,ERR,ERR,ERR,ERR,ERR,ERR,ERR,ERR,ERR,ERR,ERR,ERR,ERR,ERR,ERR,ERR,ERR,ERR,ERR,ERR,ERR,ERR,ERR,ERR,ERR,ERR,ERR,ERR,ERR,ERR,ERR,ERR,ERR,ERR,ERR,ERR,ERR,ERR,ERR,ERR,ERR,ERR,ERR,ERR,ERR,ERR,ERR,ERR,ERR,ERR,ERR,ERR,ERR,ERR,ERR,ERR,ERR,ERR,ERR,ERR,2.7184246165485387e+23,2.718443891954944e+23,2.7184170505011647e+23,0.0,-0.008,1.837807966051587e+21,0.0,-4.963349595330613e+20,0,0,4,17308,7116,0.0,100,0.0,0.0,0.0,0.0,0.0,0,0,0,0,0.0,0,0,0,0,0,0,0,0,0,0,0,0,0,0,0,0,0,0,0,0,0,0,0,0,0,0,0,0,0,0,0,0,0,31,40,40,71,65476,0,300,0,0,8,21553,0.0,-107605600.0,0.0,0.0,0.0,0.0,0.0,0.0,0.0,0.0,0.0,0.0,0.0,0.0,0.0,0.0,0.0,0.0,0.0,0.0,0.0,0.0,2.004,0.0,0.0,0.0,0.0,0.0,0.0,0.0,5373.0,0.0,6913.0,2.7184246165485387e+23,2.718443891954944e+23,2.004,2.004,0.0,0.0,0.0,0.0,69,0.0,-107614888.0,0.0,0.0,0.0,0.0,0.0,0.0,0.0,0,0,0,0.0,0.0,0.0,0.0,0.0,0.0,0.0,0.0,0.0,0.0,0.0,0.0,0.0,0.0,0.0,0.0,0,-107875648.0,69,0.0,138,0.0,2.012,ERR,ERR,ERR,ERR,ERR,ERR,ERR,ERR,ERR,ERR,ERR,ERR,ERR,ERR,ERR,ERR,ERR,ERR,ERR,ERR,ERR,ERR,ERR,ERR,ERR,ERR,ERR,ERR,ERR,ERR,ERR,ERR,ERR,ERR,ERR,ERR,ERR,ERR,ERR,ERR,ERR,ERR,ERR,ERR,ERR,ERR,ERR,ERR,ERR,ERR,ERR,ERR,ERR,ERR,ERR,ERR,ERR,ERR,ERR,ERR,ERR,ERR,ERR,ERR,ERR,ERR,ERR,60.0,60.0,35,0.0,0.0,0.0,0.0,0.0,0.0,0.0,0.0,0.0,0.0,0.0,0.0,0.0,0.0,0.0,0.0,65.2,0,112,54,33,65476,0,300,0,0,8,20529,65476,0,0,2621,60.0,0.0,0.0,0.0,0.0,0.0
2026-07-09T15:50:24,ERR,ERR,ERR,ERR,ERR,ERR,ERR,ERR,ERR,ERR,ERR,ERR,ERR,ERR,ERR,ERR,ERR,ERR,ERR,ERR,ERR,ERR,ERR,ERR,ERR,ERR,ERR,ERR,ERR,ERR,ERR,ERR,ERR,ERR,ERR,ERR,ERR,ERR,ERR,ERR,ERR,ERR,ERR,ERR,ERR,ERR,ERR,ERR,ERR,ERR,ERR,ERR,ERR,ERR,ERR,ERR,ERR,ERR,ERR,ERR,ERR,ERR,ERR,ERR,ERR,ERR,ERR,ERR,ERR,ERR,ERR,ERR,ERR,ERR,ERR,ERR,ERR,ERR,ERR,ERR,ERR,ERR,ERR,ERR,ERR,ERR,ERR,ERR,ERR,ERR,ERR,ERR,ERR,ERR,ERR,ERR,ERR,ERR,ERR,ERR,ERR,ERR,ERR,ERR,ERR,ERR,ERR,ERR,ERR,ERR,ERR,ERR,ERR,ERR,ERR,ERR,ERR,ERR,ERR,ERR,ERR,ERR,ERR,ERR,ERR,2.7184246165485387e+23,2.718443891954944e+23,2.7184170505011647e+23,0.0,-0.008,1.837807966051587e+21,0.0,-4.963349595330613e+20,0,0,4,17308,7116,0.0,100,0.0,0.0,0.0,0.0,0.0,0,0,0,0,0.0,0,0,0,0,0,0,0,0,0,0,0,0,0,0,0,0,0,0,0,0,0,0,0,0,0,0,0,0,0,0,0,0,0,31,40,40,71,65476,0,300,0,0,8,21553,0.0,-107605600.0,0.0,0.0,0.0,0.0,0.0,0.0,0.0,0.0,0.0,0.0,0.0,0.0,0.0,0.0,0.0,0.0,0.0,0.0,0.0,0.0,2.004,0.0,0.0,0.0,0.0,0.0,0.0,0.0,5373.0,0.0,6913.0,2.7184246165485387e+23,2.718443891954944e+23,2.004,2.004,0.0,0.0,0.0,0.0,69,0.0,-107614888.0,0.0,0.0,0.0,0.0,0.0,0.0,0.0,0,0,0,0.0,0.0,0.0,0.0,0.0,0.0,0.0,0.0,0.0,0.0,0.0,0.0,0.0,0.0,0.0,0.0,0,-107875648.0,69,0.0,138,0.0,2.012,ERR,ERR,ERR,ERR,ERR,ERR,ERR,ERR,ERR,ERR,ERR,ERR,ERR,ERR,ERR,ERR,ERR,ERR,ERR,ERR,ERR,ERR,ERR,ERR,ERR,ERR,ERR,ERR,ERR,ERR,ERR,ERR,ERR,ERR,ERR,ERR,ERR,ERR,ERR,ERR,ERR,ERR,ERR,ERR,ERR,ERR,ERR,ERR,ERR,ERR,ERR,ERR,ERR,ERR,ERR,ERR,ERR,ERR,ERR,ERR,ERR,ERR,ERR,ERR,ERR,ERR,ERR,60.0,60.0,35,0.0,0.0,0.0,0.0,0.0,0.0,0.0,0.0,0.0,0.0,0.0,0.0,0.0,0.0,0.0,0.0,65.2,0,112,54,33,65476,0,300,0,0,8,20529,65476,0,0,2621,60.0,0.0,0.0,0.0,0.0,0.0
2026-07-09T15:50:25,ERR,ERR,ERR,ERR,ERR,ERR,ERR,ERR,ERR,ERR,ERR,ERR,ERR,ERR,ERR,ERR,ERR,ERR,ERR,ERR,ERR,ERR,ERR,ERR,ERR,ERR,ERR,ERR,ERR,ERR,ERR,ERR,ERR,ERR,ERR,ERR,ERR,ERR,ERR,ERR,ERR,ERR,ERR,ERR,ERR,ERR,ERR,ERR,ERR,ERR,ERR,ERR,ERR,ERR,ERR,ERR,ERR,ERR,ERR,ERR,ERR,ERR,ERR,ERR,ERR,ERR,ERR,ERR,ERR,ERR,ERR,ERR,ERR,ERR,ERR,ERR,ERR,ERR,ERR,ERR,ERR,ERR,ERR,ERR,ERR,ERR,ERR,ERR,ERR,ERR,ERR,ERR,ERR,ERR,ERR,ERR,ERR,ERR,ERR,ERR,ERR,ERR,ERR,ERR,ERR,ERR,ERR,ERR,ERR,ERR,ERR,ERR,ERR,ERR,ERR,ERR,ERR,ERR,ERR,ERR,ERR,ERR,ERR,ERR,ERR,2.7184246165485387e+23,2.718443891954944e+23,2.7184170505011647e+23,0.0,-0.008,1.837807966051587e+21,0.0,-4.963349595330613e+20,0,0,4,17308,7116,0.0,100,0.0,0.0,0.0,0.0,0.0,0,0,0,0,0.0,0,0,0,0,0,0,0,0,0,0,0,0,0,0,0,0,0,0,0,0,0,0,0,0,0,0,0,0,0,0,0,0,0,31,40,40,71,65476,0,300,0,0,8,21553,0.0,-107605600.0,0.0,0.0,0.0,0.0,0.0,0.0,0.0,0.0,0.0,0.0,0.0,0.0,0.0,0.0,0.0,0.0,0.0,0.0,0.0,0.0,2.004,0.0,0.0,0.0,0.0,0.0,0.0,0.0,5373.0,0.0,6913.0,2.7184246165485387e+23,2.718443891954944e+23,2.004,2.004,0.0,0.0,0.0,0.0,69,0.0,-107614888.0,0.0,0.0,0.0,0.0,0.0,0.0,0.0,0,0,0,0.0,0.0,0.0,0.0,0.0,0.0,0.0,0.0,0.0,0.0,0.0,0.0,0.0,0.0,0.0,0.0,0,-107875648.0,69,0.0,138,0.0,2.012,ERR,ERR,ERR,ERR,ERR,ERR,ERR,ERR,ERR,ERR,ERR,ERR,ERR,ERR,ERR,ERR,ERR,ERR,ERR,ERR,ERR,ERR,ERR,ERR,ERR,ERR,ERR,ERR,ERR,ERR,ERR,ERR,ERR,ERR,ERR,ERR,ERR,ERR,ERR,ERR,ERR,ERR,ERR,ERR,ERR,ERR,ERR,ERR,ERR,ERR,ERR,ERR,ERR,ERR,ERR,ERR,ERR,ERR,ERR,ERR,ERR,ERR,ERR,ERR,ERR,ERR,ERR,60.0,60.0,35,0.0,0.0,0.0,0.0,0.0,0.0,0.0,0.0,0.0,0.0,0.0,0.0,0.0,0.0,0.0,0.0,65.2,0,112,54,33,65476,0,300,0,0,8,20529,65476,0,0,2621,60.0,0.0,0.0,0.0,0.0,0.0
2026-07-09T15:50:26,ERR,ERR,ERR,ERR,ERR,ERR,ERR,ERR,ERR,ERR,ERR,ERR,ERR,ERR,ERR,ERR,ERR,ERR,ERR,ERR,ERR,ERR,ERR,ERR,ERR,ERR,ERR,ERR,ERR,ERR,ERR,ERR,ERR,ERR,ERR,ERR,ERR,ERR,ERR,ERR,ERR,ERR,ERR,ERR,ERR,ERR,ERR,ERR,ERR,ERR,ERR,ERR,ERR,ERR,ERR,ERR,ERR,ERR,ERR,ERR,ERR,ERR,ERR,ERR,ERR,ERR,ERR,ERR,ERR,ERR,ERR,ERR,ERR,ERR,ERR,ERR,ERR,ERR,ERR,ERR,ERR,ERR,ERR,ERR,ERR,ERR,ERR,ERR,ERR,ERR,ERR,ERR,ERR,ERR,ERR,ERR,ERR,ERR,ERR,ERR,ERR,ERR,ERR,ERR,ERR,ERR,ERR,ERR,ERR,ERR,ERR,ERR,ERR,ERR,ERR,ERR,ERR,ERR,ERR,ERR,ERR,ERR,ERR,ERR,ERR,2.7184246165485387e+23,2.718443891954944e+23,2.7184170505011647e+23,0.0,-0.008,1.837807966051587e+21,0.0,-4.963349595330613e+20,0,0,4,17308,7116,0.0,100,0.0,0.0,0.0,0.0,0.0,0,0,0,0,0.0,0,0,0,0,0,0,0,0,0,0,0,0,0,0,0,0,0,0,0,0,0,0,0,0,0,0,0,0,0,0,0,0,0,31,40,40,71,65476,0,300,0,0,8,21553,0.0,-107605600.0,0.0,0.0,0.0,0.0,0.0,0.0,0.0,0.0,0.0,0.0,0.0,0.0,0.0,0.0,0.0,0.0,0.0,0.0,0.0,0.0,2.004,0.0,0.0,0.0,0.0,0.0,0.0,0.0,5373.0,0.0,6913.0,2.7184246165485387e+23,2.718443891954944e+23,2.004,2.004,0.0,0.0,0.0,0.0,69,0.0,-107614888.0,0.0,0.0,0.0,0.0,0.0,0.0,0.0,0,0,0,0.0,0.0,0.0,0.0,0.0,0.0,0.0,0.0,0.0,0.0,0.0,0.0,0.0,0.0,0.0,0.0,0,-107875648.0,69,0.0,138,0.0,2.012,ERR,ERR,ERR,ERR,ERR,ERR,ERR,ERR,ERR,ERR,ERR,ERR,ERR,ERR,ERR,ERR,ERR,ERR,ERR,ERR,ERR,ERR,ERR,ERR,ERR,ERR,ERR,ERR,ERR,ERR,ERR,ERR,ERR,ERR,ERR,ERR,ERR,ERR,ERR,ERR,ERR,ERR,ERR,ERR,ERR,ERR,ERR,ERR,ERR,ERR,ERR,ERR,ERR,ERR,ERR,ERR,ERR,ERR,ERR,ERR,ERR,ERR,ERR,ERR,ERR,ERR,ERR,60.0,60.0,35,0.0,0.0,0.0,0.0,0.0,0.0,0.0,0.0,0.0,0.0,0.0,0.0,0.0,0.0,0.0,0.0,65.2,0,112,54,33,65476,0,300,0,0,8,20529,65476,0,0,2621,60.0,0.0,0.0,0.0,0.0,0.0
2026-07-09T15:50:27,ERR,ERR,ERR,ERR,ERR,ERR,ERR,ERR,ERR,ERR,ERR,ERR,ERR,ERR,ERR,ERR,ERR,ERR,ERR,ERR,ERR,ERR,ERR,ERR,ERR,ERR,ERR,ERR,ERR,ERR,ERR,ERR,ERR,ERR,ERR,ERR,ERR,ERR,ERR,ERR,ERR,ERR,ERR,ERR,ERR,ERR,ERR,ERR,ERR,ERR,ERR,ERR,ERR,ERR,ERR,ERR,ERR,ERR,ERR,ERR,ERR,ERR,ERR,ERR,ERR,ERR,ERR,ERR,ERR,ERR,ERR,ERR,ERR,ERR,ERR,ERR,ERR,ERR,ERR,ERR,ERR,ERR,ERR,ERR,ERR,ERR,ERR,ERR,ERR,ERR,ERR,ERR,ERR,ERR,ERR,ERR,ERR,ERR,ERR,ERR,ERR,ERR,ERR,ERR,ERR,ERR,ERR,ERR,ERR,ERR,ERR,ERR,ERR,ERR,ERR,ERR,ERR,ERR,ERR,ERR,ERR,ERR,ERR,ERR,ERR,2.7184246165485387e+23,-0.0,-108139056.0,2.7183478752108883e+23,3.252324582048321e+32,-0.0,68521119711232.0,0.0,0,0,4,17308,7116,0.0,100,0.0,0.0,2.7183478752108883e+23,0.0,0.0,0,0,0,0,0.0,0,0,0,0,0,0,0,0,0,0,0,0,0,0,0,0,0,0,0,0,0,0,0,0,0,0,0,0,0,0,0,0,0,31,40,40,71,65476,0,300,0,0,8,21553,0.0,-107605600.0,0.0,0.0,0.0,0.0,0.0,0.0,0.0,0.0,0.0,0.0,0.0,0.0,0.0,0.0,0.0,0.0,0.0,0.0,0.0,0.0,2.004,2.004,0.0,0.0,0.0,0.0,0.0,0.0,5314.0,-2.4229907868360434e+24,6941.0,2.7184246165485387e+23,-0.0,2.004,2.004,0.0,0.0,0.0,0.0,69,89220.648,-0.0,0.0,0.0,0.0,0.0,0.0,0.0,0.0,0,0,0,0.0,0.0,0.0,0.0,0.0,0.0,0.0,0.0,0.0,0.0,0.0,0.0,0.0,0.0,0.0,0.0,0,-107875648.0,69,0.0,138,0.0,2.012,ERR,ERR,ERR,ERR,ERR,ERR,ERR,ERR,ERR,ERR,ERR,ERR,ERR,ERR,ERR,ERR,ERR,ERR,ERR,ERR,ERR,ERR,ERR,ERR,ERR,ERR,ERR,ERR,ERR,ERR,ERR,ERR,ERR,ERR,ERR,ERR,ERR,ERR,ERR,ERR,ERR,ERR,ERR,ERR,ERR,ERR,ERR,ERR,ERR,ERR,ERR,ERR,ERR,ERR,ERR,ERR,ERR,ERR,ERR,ERR,ERR,ERR,ERR,ERR,ERR,ERR,ERR,60.0,60.0,35,0.0,0.0,0.0,0.0,0.0,0.0,0.0,0.0,0.0,0.0,0.0,0.0,0.0,0.0,0.0,0.0,65.2,0,112,54,33,65476,0,300,0,0,8,20529,65476,0,0,2621,60.0,0.0,0.0,0.0,0.0,0.0
2026-07-09T15:50:28,ERR,ERR,ERR,ERR,ERR,ERR,ERR,ERR,ERR,ERR,ERR,ERR,ERR,ERR,ERR,ERR,ERR,ERR,ERR,ERR,ERR,ERR,ERR,ERR,ERR,ERR,ERR,ERR,ERR,ERR,ERR,ERR,ERR,ERR,ERR,ERR,ERR,ERR,ERR,ERR,ERR,ERR,ERR,ERR,ERR,ERR,ERR,ERR,ERR,ERR,ERR,ERR,ERR,ERR,ERR,ERR,ERR,ERR,ERR,ERR,ERR,ERR,ERR,ERR,ERR,ERR,ERR,ERR,ERR,ERR,ERR,ERR,ERR,ERR,ERR,ERR,ERR,ERR,ERR,ERR,ERR,ERR,ERR,ERR,ERR,ERR,ERR,ERR,ERR,ERR,ERR,ERR,ERR,ERR,ERR,ERR,ERR,ERR,ERR,ERR,ERR,ERR,ERR,ERR,ERR,ERR,ERR,ERR,ERR,ERR,ERR,ERR,ERR,ERR,ERR,ERR,ERR,ERR,ERR,ERR,ERR,ERR,ERR,ERR,ERR,2.7184246165485387e+23,-0.0,-108139056.0,2.7183478752108883e+23,3.252324582048321e+32,-0.0,68521119711232.0,0.0,0,0,4,17308,7116,0.0,100,0.0,0.0,2.7183478752108883e+23,0.0,0.0,0,0,0,0,0.0,0,0,0,0,0,0,0,0,0,0,0,0,0,0,0,0,0,0,0,0,0,0,0,0,0,0,0,0,0,0,0,0,0,31,40,40,71,65476,0,300,0,0,8,21553,0.0,-107605600.0,0.0,0.0,0.0,0.0,0.0,0.0,0.0,0.0,0.0,0.0,0.0,0.0,0.0,0.0,0.0,0.0,0.0,0.0,0.0,0.0,2.004,2.004,0.0,0.0,0.0,0.0,0.0,0.0,5314.0,-2.4229907868360434e+24,6941.0,2.7184246165485387e+23,-0.0,2.004,2.004,0.0,0.0,0.0,0.0,69,89220.648,-0.0,0.0,0.0,0.0,0.0,0.0,0.0,0.0,0,0,0,0.0,0.0,0.0,0.0,0.0,0.0,0.0,0.0,0.0,0.0,0.0,0.0,0.0,0.0,0.0,0.0,0,-107875648.0,69,0.0,138,0.0,2.012,ERR,ERR,ERR,ERR,ERR,ERR,ERR,ERR,ERR,ERR,ERR,ERR,ERR,ERR,ERR,ERR,ERR,ERR,ERR,ERR,ERR,ERR,ERR,ERR,ERR,ERR,ERR,ERR,ERR,ERR,ERR,ERR,ERR,ERR,ERR,ERR,ERR,ERR,ERR,ERR,ERR,ERR,ERR,ERR,ERR,ERR,ERR,ERR,ERR,ERR,ERR,ERR,ERR,ERR,ERR,ERR,ERR,ERR,ERR,ERR,ERR,ERR,ERR,ERR,ERR,ERR,ERR,60.0,60.0,35,0.0,0.0,0.0,0.0,0.0,0.0,0.0,0.0,0.0,0.0,0.0,0.0,0.0,0.0,0.0,0.0,65.2,0,112,54,33,65476,0,300,0,0,8,20529,65476,0,0,2621,60.0,0.0,0.0,0.0,0.0,0.0
2026-07-09T15:50:29,ERR,ERR,ERR,ERR,ERR,ERR,ERR,ERR,ERR,ERR,ERR,ERR,ERR,ERR,ERR,ERR,ERR,ERR,ERR,ERR,ERR,ERR,ERR,ERR,ERR,ERR,ERR,ERR,ERR,ERR,ERR,ERR,ERR,ERR,ERR,ERR,ERR,ERR,ERR,ERR,ERR,ERR,ERR,ERR,ERR,ERR,ERR,ERR,ERR,ERR,ERR,ERR,ERR,ERR,ERR,ERR,ERR,ERR,ERR,ERR,ERR,ERR,ERR,ERR,ERR,ERR,ERR,ERR,ERR,ERR,ERR,ERR,ERR,ERR,ERR,ERR,ERR,ERR,ERR,ERR,ERR,ERR,ERR,ERR,ERR,ERR,ERR,ERR,ERR,ERR,ERR,ERR,ERR,ERR,ERR,ERR,ERR,ERR,ERR,ERR,ERR,ERR,ERR,ERR,ERR,ERR,ERR,ERR,ERR,ERR,ERR,ERR,ERR,ERR,ERR,ERR,ERR,ERR,ERR,ERR,ERR,ERR,ERR,ERR,ERR,2.7184246165485387e+23,-0.0,-108139056.0,2.7183478752108883e+23,3.252324582048321e+32,-0.0,68521119711232.0,0.0,0,0,4,17308,7116,0.0,100,0.0,0.0,2.7183478752108883e+23,0.0,0.0,0,0,0,0,0.0,0,0,0,0,0,0,0,0,0,0,0,0,0,0,0,0,0,0,0,0,0,0,0,0,0,0,0,0,0,0,0,0,0,31,40,40,71,65476,0,300,0,0,8,21553,0.0,-107605600.0,0.0,0.0,0.0,0.0,0.0,0.0,0.0,0.0,0.0,0.0,0.0,0.0,0.0,0.0,0.0,0.0,0.0,0.0,0.0,0.0,2.004,2.004,0.0,0.0,0.0,0.0,0.0,0.0,5314.0,-2.4229907868360434e+24,6941.0,2.7184246165485387e+23,-0.0,2.004,2.004,0.0,0.0,0.0,0.0,69,89220.648,-0.0,0.0,0.0,0.0,0.0,0.0,0.0,0.0,0,0,0,0.0,0.0,0.0,0.0,0.0,0.0,0.0,0.0,0.0,0.0,0.0,0.0,0.0,0.0,0.0,0.0,0,-107875648.0,69,0.0,138,0.0,2.012,ERR,ERR,ERR,ERR,ERR,ERR,ERR,ERR,ERR,ERR,ERR,ERR,ERR,ERR,ERR,ERR,ERR,ERR,ERR,ERR,ERR,ERR,ERR,ERR,ERR,ERR,ERR,ERR,ERR,ERR,ERR,ERR,ERR,ERR,ERR,ERR,ERR,ERR,ERR,ERR,ERR,ERR,ERR,ERR,ERR,ERR,ERR,ERR,ERR,ERR,ERR,ERR,ERR,ERR,ERR,ERR,ERR,ERR,ERR,ERR,ERR,ERR,ERR,ERR,ERR,ERR,ERR,60.0,60.0,35,0.0,0.0,0.0,0.0,0.0,0.0,0.0,0.0,0.0,0.0,0.0,0.0,0.0,0.0,0.0,0.0,65.2,0,112,54,33,65476,0,300,0,0,8,20529,65476,0,0,2621,60.0,0.0,0.0,0.0,0.0,0.0
2026-07-09T15:50:30,ERR,ERR,ERR,ERR,ERR,ERR,ERR,ERR,ERR,ERR,ERR,ERR,ERR,ERR,ERR,ERR,ERR,ERR,ERR,ERR,ERR,ERR,ERR,ERR,ERR,ERR,ERR,ERR,ERR,ERR,ERR,ERR,ERR,ERR,ERR,ERR,ERR,ERR,ERR,ERR,ERR,ERR,ERR,ERR,ERR,ERR,ERR,ERR,ERR,ERR,ERR,ERR,ERR,ERR,ERR,ERR,ERR,ERR,ERR,ERR,ERR,ERR,ERR,ERR,ERR,ERR,ERR,ERR,ERR,ERR,ERR,ERR,ERR,ERR,ERR,ERR,ERR,ERR,ERR,ERR,ERR,ERR,ERR,ERR,ERR,ERR,ERR,ERR,ERR,ERR,ERR,ERR,ERR,ERR,ERR,ERR,ERR,ERR,ERR,ERR,ERR,ERR,ERR,ERR,ERR,ERR,ERR,ERR,ERR,ERR,ERR,ERR,ERR,ERR,ERR,ERR,ERR,ERR,ERR,ERR,ERR,ERR,ERR,ERR,ERR,2.7184246165485387e+23,-0.0,-108139056.0,2.7183478752108883e+23,3.252324582048321e+32,-0.0,68521119711232.0,0.0,0,0,4,17308,7116,0.0,100,0.0,0.0,2.7183478752108883e+23,0.0,0.0,0,0,0,0,0.0,0,0,0,0,0,0,0,0,0,0,0,0,0,0,0,0,0,0,0,0,0,0,0,0,0,0,0,0,0,0,0,0,0,31,40,40,71,65476,0,300,0,0,8,21553,0.0,-107605600.0,0.0,0.0,0.0,0.0,0.0,0.0,0.0,0.0,0.0,0.0,0.0,0.0,0.0,0.0,0.0,0.0,0.0,0.0,0.0,0.0,2.004,2.004,0.0,0.0,0.0,0.0,0.0,0.0,5314.0,-2.4229907868360434e+24,6941.0,2.7184246165485387e+23,-0.0,2.004,2.004,0.0,0.0,0.0,0.0,69,89220.648,-0.0,0.0,0.0,0.0,0.0,0.0,0.0,0.0,0,0,0,0.0,0.0,0.0,0.0,0.0,0.0,0.0,0.0,0.0,0.0,0.0,0.0,0.0,0.0,0.0,0.0,0,-107875648.0,69,0.0,138,0.0,2.012,ERR,ERR,ERR,ERR,ERR,ERR,ERR,ERR,ERR,ERR,ERR,ERR,ERR,ERR,ERR,ERR,ERR,ERR,ERR,ERR,ERR,ERR,ERR,ERR,ERR,ERR,ERR,ERR,ERR,ERR,ERR,ERR,ERR,ERR,ERR,ERR,ERR,ERR,ERR,ERR,ERR,ERR,ERR,ERR,ERR,ERR,ERR,ERR,ERR,ERR,ERR,ERR,ERR,ERR,ERR,ERR,ERR,ERR,ERR,ERR,ERR,ERR,ERR,ERR,ERR,ERR,ERR,60.0,60.0,35,0.0,0.0,0.0,0.0,0.0,0.0,0.0,0.0,0.0,0.0,0.0,0.0,0.0,0.0,0.0,0.0,65.2,0,112,54,33,65476,0,300,0,0,8,20529,65476,0,0,2621,60.0,0.0,0.0,0.0,0.0,0.0
2026-07-09T15:50:31,ERR,ERR,ERR,ERR,ERR,ERR,ERR,ERR,ERR,ERR,ERR,ERR,ERR,ERR,ERR,ERR,ERR,ERR,ERR,ERR,ERR,ERR,ERR,ERR,ERR,ERR,ERR,ERR,ERR,ERR,ERR,ERR,ERR,ERR,ERR,ERR,ERR,ERR,ERR,ERR,ERR,ERR,ERR,ERR,ERR,ERR,ERR,ERR,ERR,ERR,ERR,ERR,ERR,ERR,ERR,ERR,ERR,ERR,ERR,ERR,ERR,ERR,ERR,ERR,ERR,ERR,ERR,ERR,ERR,ERR,ERR,ERR,ERR,ERR,ERR,ERR,ERR,ERR,ERR,ERR,ERR,ERR,ERR,ERR,ERR,ERR,ERR,ERR,ERR,ERR,ERR,ERR,ERR,ERR,ERR,ERR,ERR,ERR,ERR,ERR,ERR,ERR,ERR,ERR,ERR,ERR,ERR,ERR,ERR,ERR,ERR,ERR,ERR,ERR,ERR,ERR,ERR,ERR,ERR,ERR,ERR,ERR,ERR,ERR,ERR,2.7184246165485387e+23,-0.0,-108139056.0,2.7183478752108883e+23,3.252324582048321e+32,-0.0,68521119711232.0,0.0,0,0,4,17308,7116,0.0,100,0.0,0.0,2.7183478752108883e+23,0.0,0.0,0,0,0,0,0.0,0,0,0,0,0,0,0,0,0,0,0,0,0,0,0,0,0,0,0,0,0,0,0,0,0,0,0,0,0,0,0,0,0,31,40,40,71,65476,0,300,0,0,8,21553,0.0,-107605600.0,0.0,0.0,0.0,0.0,0.0,0.0,0.0,0.0,0.0,0.0,0.0,0.0,0.0,0.0,0.0,0.0,0.0,0.0,0.0,0.0,2.004,2.004,0.0,0.0,0.0,0.0,0.0,0.0,5314.0,-2.4229907868360434e+24,6941.0,2.7184246165485387e+23,-0.0,2.004,2.004,0.0,0.0,0.0,0.0,69,89220.648,-0.0,0.0,0.0,0.0,0.0,0.0,0.0,0.0,0,0,0,0.0,0.0,0.0,0.0,0.0,0.0,0.0,0.0,0.0,0.0,0.0,0.0,0.0,0.0,0.0,0.0,0,-107875648.0,69,0.0,138,0.0,2.012,ERR,ERR,ERR,ERR,ERR,ERR,ERR,ERR,ERR,ERR,ERR,ERR,ERR,ERR,ERR,ERR,ERR,ERR,ERR,ERR,ERR,ERR,ERR,ERR,ERR,ERR,ERR,ERR,ERR,ERR,ERR,ERR,ERR,ERR,ERR,ERR,ERR,ERR,ERR,ERR,ERR,ERR,ERR,ERR,ERR,ERR,ERR,ERR,ERR,ERR,ERR,ERR,ERR,ERR,ERR,ERR,ERR,ERR,ERR,ERR,ERR,ERR,ERR,ERR,ERR,ERR,ERR,60.0,60.0,35,0.0,0.0,0.0,0.0,0.0,0.0,0.0,0.0,0.0,0.0,0.0,0.0,0.0,0.0,0.0,0.0,65.2,0,112,54,33,65476,0,300,0,0,8,20529,65476,0,0,2621,60.0,0.0,0.0,0.0,0.0,0.0
2026-07-09T15:50:32,ERR,ERR,ERR,ERR,ERR,ERR,ERR,ERR,ERR,ERR,ERR,ERR,ERR,ERR,ERR,ERR,ERR,ERR,ERR,ERR,ERR,ERR,ERR,ERR,ERR,ERR,ERR,ERR,ERR,ERR,ERR,ERR,ERR,ERR,ERR,ERR,ERR,ERR,ERR,ERR,ERR,ERR,ERR,ERR,ERR,ERR,ERR,ERR,ERR,ERR,ERR,ERR,ERR,ERR,ERR,ERR,ERR,ERR,ERR,ERR,ERR,ERR,ERR,ERR,ERR,ERR,ERR,ERR,ERR,ERR,ERR,ERR,ERR,ERR,ERR,ERR,ERR,ERR,ERR,ERR,ERR,ERR,ERR,ERR,ERR,ERR,ERR,ERR,ERR,ERR,ERR,ERR,ERR,ERR,ERR,ERR,ERR,ERR,ERR,ERR,ERR,ERR,ERR,ERR,ERR,ERR,ERR,ERR,ERR,ERR,ERR,ERR,ERR,ERR,ERR,ERR,ERR,ERR,ERR,ERR,ERR,ERR,ERR,ERR,ERR,0.0,2.718443891954944e+23,-107090480.0,2.7183478752108883e+23,3.236078553314012e+32,0.0,-0.303,-11152.065,0,0,4,17300,7116,0.0,100,0.0,0.0,2.7183478752108883e+23,0.0,0.0,0,0,0,0,0.0,0,0,0,0,0,0,0,0,0,0,0,0,0,0,0,0,0,0,0,0,0,0,0,0,0,0,0,0,0,0,0,0,0,31,40,40,71,65476,0,300,0,0,8,21553,0.0,-107605600.0,0.0,0.0,0.0,0.0,0.0,0.0,0.0,0.0,0.0,0.0,0.0,0.0,0.0,0.0,0.0,0.0,0.0,0.0,0.0,0.0,0.0,0.0,0.0,0.0,0.0,0.0,0.0,0.0,5312.0,-3.697190531671209e+19,6940.0,0.0,2.718443891954944e+23,2.004,2.004,0.0,0.0,0.0,0.0,69,0.0,-0.0,0.0,0.0,0.0,0.0,0.0,0.0,0.0,0,0,0,0.0,0.0,0.0,0.0,0.0,0.0,0.0,0.0,0.0,0.0,0.0,0.0,0.0,0.0,0.0,0.0,0,-107875648.0,69,0.0,138,0.0,2.012,ERR,ERR,ERR,ERR,ERR,ERR,ERR,ERR,ERR,ERR,ERR,ERR,ERR,ERR,ERR,ERR,ERR,ERR,ERR,ERR,ERR,ERR,ERR,ERR,ERR,ERR,ERR,ERR,ERR,ERR,ERR,ERR,ERR,ERR,ERR,ERR,ERR,ERR,ERR,ERR,ERR,ERR,ERR,ERR,ERR,ERR,ERR,ERR,ERR,ERR,ERR,ERR,ERR,ERR,ERR,ERR,ERR,ERR,ERR,ERR,ERR,ERR,ERR,ERR,ERR,ERR,ERR,60.0,60.0,35,0.0,0.0,0.0,0.0,0.0,0.0,0.0,0.0,0.0,0.0,0.0,0.0,0.0,0.0,0.0,0.0,65.6,0,112,54,33,65476,0,300,0,0,8,20529,65476,0,0,2621,60.0,0.0,0.0,0.0,0.0,0.0
2026-07-09T15:50:33,ERR,ERR,ERR,ERR,ERR,ERR,ERR,ERR,ERR,ERR,ERR,ERR,ERR,ERR,ERR,ERR,ERR,ERR,ERR,ERR,ERR,ERR,ERR,ERR,ERR,ERR,ERR,ERR,ERR,ERR,ERR,ERR,ERR,ERR,ERR,ERR,ERR,ERR,ERR,ERR,ERR,ERR,ERR,ERR,ERR,ERR,ERR,ERR,ERR,ERR,ERR,ERR,ERR,ERR,ERR,ERR,ERR,ERR,ERR,ERR,ERR,ERR,ERR,ERR,ERR,ERR,ERR,ERR,ERR,ERR,ERR,ERR,ERR,ERR,ERR,ERR,ERR,ERR,ERR,ERR,ERR,ERR,ERR,ERR,ERR,ERR,ERR,ERR,ERR,ERR,ERR,ERR,ERR,ERR,ERR,ERR,ERR,ERR,ERR,ERR,ERR,ERR,ERR,ERR,ERR,ERR,ERR,ERR,ERR,ERR,ERR,ERR,ERR,ERR,ERR,ERR,ERR,ERR,ERR,ERR,ERR,ERR,ERR,ERR,ERR,0.0,2.718443891954944e+23,-107090480.0,2.7183478752108883e+23,3.236078553314012e+32,0.0,-0.303,-11152.065,0,0,4,17300,7116,0.0,100,0.0,0.0,2.7183478752108883e+23,0.0,0.0,0,0,0,0,0.0,0,0,0,0,0,0,0,0,0,0,0,0,0,0,0,0,0,0,0,0,0,0,0,0,0,0,0,0,0,0,0,0,0,31,40,40,71,65476,0,300,0,0,8,21553,0.0,-107605600.0,0.0,0.0,0.0,0.0,0.0,0.0,0.0,0.0,0.0,0.0,0.0,0.0,0.0,0.0,0.0,0.0,0.0,0.0,0.0,0.0,0.0,0.0,0.0,0.0,0.0,0.0,0.0,0.0,5312.0,-3.697190531671209e+19,6940.0,0.0,2.718443891954944e+23,2.004,2.004,0.0,0.0,0.0,0.0,69,0.0,-0.0,0.0,0.0,0.0,0.0,0.0,0.0,0.0,0,0,0,0.0,0.0,0.0,0.0,0.0,0.0,0.0,0.0,0.0,0.0,0.0,0.0,0.0,0.0,0.0,0.0,0,-107875648.0,69,0.0,138,0.0,2.012,ERR,ERR,ERR,ERR,ERR,ERR,ERR,ERR,ERR,ERR,ERR,ERR,ERR,ERR,ERR,ERR,ERR,ERR,ERR,ERR,ERR,ERR,ERR,ERR,ERR,ERR,ERR,ERR,ERR,ERR,ERR,ERR,ERR,ERR,ERR,ERR,ERR,ERR,ERR,ERR,ERR,ERR,ERR,ERR,ERR,ERR,ERR,ERR,ERR,ERR,ERR,ERR,ERR,ERR,ERR,ERR,ERR,ERR,ERR,ERR,ERR,ERR,ERR,ERR,ERR,ERR,ERR,60.0,60.0,35,0.0,0.0,0.0,0.0,0.0,0.0,0.0,0.0,0.0,0.0,0.0,0.0,0.0,0.0,0.0,0.0,65.6,0,112,54,33,65476,0,300,0,0,8,20529,65476,0,0,2621,60.0,0.0,0.0,0.0,0.0,0.0
2026-07-09T15:50:34,ERR,ERR,ERR,ERR,ERR,ERR,ERR,ERR,ERR,ERR,ERR,ERR,ERR,ERR,ERR,ERR,ERR,ERR,ERR,ERR,ERR,ERR,ERR,ERR,ERR,ERR,ERR,ERR,ERR,ERR,ERR,ERR,ERR,ERR,ERR,ERR,ERR,ERR,ERR,ERR,ERR,ERR,ERR,ERR,ERR,ERR,ERR,ERR,ERR,ERR,ERR,ERR,ERR,ERR,ERR,ERR,ERR,ERR,ERR,ERR,ERR,ERR,ERR,ERR,ERR,ERR,ERR,ERR,ERR,ERR,ERR,ERR,ERR,ERR,ERR,ERR,ERR,ERR,ERR,ERR,ERR,ERR,ERR,ERR,ERR,ERR,ERR,ERR,ERR,ERR,ERR,ERR,ERR,ERR,ERR,ERR,ERR,ERR,ERR,ERR,ERR,ERR,ERR,ERR,ERR,ERR,ERR,ERR,ERR,ERR,ERR,ERR,ERR,ERR,ERR,ERR,ERR,ERR,ERR,ERR,ERR,ERR,ERR,ERR,ERR,0.0,2.718443891954944e+23,-107090480.0,2.7183478752108883e+23,3.236078553314012e+32,0.0,-0.303,-11152.065,0,0,4,17300,7116,0.0,100,0.0,0.0,2.7183478752108883e+23,0.0,0.0,0,0,0,0,0.0,0,0,0,0,0,0,0,0,0,0,0,0,0,0,0,0,0,0,0,0,0,0,0,0,0,0,0,0,0,0,0,0,0,31,40,40,71,65476,0,300,0,0,8,21553,0.0,-107605600.0,0.0,0.0,0.0,0.0,0.0,0.0,0.0,0.0,0.0,0.0,0.0,0.0,0.0,0.0,0.0,0.0,0.0,0.0,0.0,0.0,0.0,0.0,0.0,0.0,0.0,0.0,0.0,0.0,5312.0,-3.697190531671209e+19,6940.0,0.0,2.718443891954944e+23,2.004,2.004,0.0,0.0,0.0,0.0,69,0.0,-0.0,0.0,0.0,0.0,0.0,0.0,0.0,0.0,0,0,0,0.0,0.0,0.0,0.0,0.0,0.0,0.0,0.0,0.0,0.0,0.0,0.0,0.0,0.0,0.0,0.0,0,-107875648.0,69,0.0,138,0.0,2.012,ERR,ERR,ERR,ERR,ERR,ERR,ERR,ERR,ERR,ERR,ERR,ERR,ERR,ERR,ERR,ERR,ERR,ERR,ERR,ERR,ERR,ERR,ERR,ERR,ERR,ERR,ERR,ERR,ERR,ERR,ERR,ERR,ERR,ERR,ERR,ERR,ERR,ERR,ERR,ERR,ERR,ERR,ERR,ERR,ERR,ERR,ERR,ERR,ERR,ERR,ERR,ERR,ERR,ERR,ERR,ERR,ERR,ERR,ERR,ERR,ERR,ERR,ERR,ERR,ERR,ERR,ERR,60.0,60.0,35,0.0,0.0,0.0,0.0,0.0,0.0,0.0,0.0,0.0,0.0,0.0,0.0,0.0,0.0,0.0,0.0,65.6,0,112,54,33,65476,0,300,0,0,8,20529,65476,0,0,2621,60.0,0.0,0.0,0.0,0.0,0.0
2026-07-09T15:50:35,ERR,ERR,ERR,ERR,ERR,ERR,ERR,ERR,ERR,ERR,ERR,ERR,ERR,ERR,ERR,ERR,ERR,ERR,ERR,ERR,ERR,ERR,ERR,ERR,ERR,ERR,ERR,ERR,ERR,ERR,ERR,ERR,ERR,ERR,ERR,ERR,ERR,ERR,ERR,ERR,ERR,ERR,ERR,ERR,ERR,ERR,ERR,ERR,ERR,ERR,ERR,ERR,ERR,ERR,ERR,ERR,ERR,ERR,ERR,ERR,ERR,ERR,ERR,ERR,ERR,ERR,ERR,ERR,ERR,ERR,ERR,ERR,ERR,ERR,ERR,ERR,ERR,ERR,ERR,ERR,ERR,ERR,ERR,ERR,ERR,ERR,ERR,ERR,ERR,ERR,ERR,ERR,ERR,ERR,ERR,ERR,ERR,ERR,ERR,ERR,ERR,ERR,ERR,ERR,ERR,ERR,ERR,ERR,ERR,ERR,ERR,ERR,ERR,ERR,ERR,ERR,ERR,ERR,ERR,ERR,ERR,ERR,ERR,ERR,ERR,0.0,2.718443891954944e+23,-107090480.0,2.7183478752108883e+23,3.236078553314012e+32,0.0,-0.303,-11152.065,0,0,4,17300,7116,0.0,100,0.0,0.0,2.7183478752108883e+23,0.0,0.0,0,0,0,0,0.0,0,0,0,0,0,0,0,0,0,0,0,0,0,0,0,0,0,0,0,0,0,0,0,0,0,0,0,0,0,0,0,0,0,31,40,40,71,65476,0,300,0,0,8,21553,0.0,-107605600.0,0.0,0.0,0.0,0.0,0.0,0.0,0.0,0.0,0.0,0.0,0.0,0.0,0.0,0.0,0.0,0.0,0.0,0.0,0.0,0.0,0.0,0.0,0.0,0.0,0.0,0.0,0.0,0.0,5312.0,-3.697190531671209e+19,6940.0,0.0,2.718443891954944e+23,2.004,2.004,0.0,0.0,0.0,0.0,69,0.0,-0.0,0.0,0.0,0.0,0.0,0.0,0.0,0.0,0,0,0,0.0,0.0,0.0,0.0,0.0,0.0,0.0,0.0,0.0,0.0,0.0,0.0,0.0,0.0,0.0,0.0,0,-107875648.0,69,0.0,138,0.0,2.012,ERR,ERR,ERR,ERR,ERR,ERR,ERR,ERR,ERR,ERR,ERR,ERR,ERR,ERR,ERR,ERR,ERR,ERR,ERR,ERR,ERR,ERR,ERR,ERR,ERR,ERR,ERR,ERR,ERR,ERR,ERR,ERR,ERR,ERR,ERR,ERR,ERR,ERR,ERR,ERR,ERR,ERR,ERR,ERR,ERR,ERR,ERR,ERR,ERR,ERR,ERR,ERR,ERR,ERR,ERR,ERR,ERR,ERR,ERR,ERR,ERR,ERR,ERR,ERR,ERR,ERR,ERR,60.0,60.0,35,0.0,0.0,0.0,0.0,0.0,0.0,0.0,0.0,0.0,0.0,0.0,0.0,0.0,0.0,0.0,0.0,65.6,0,112,54,33,65476,0,300,0,0,8,20529,65476,0,0,2621,60.0,0.0,0.0,0.0,0.0,0.0
2026-07-09T15:50:36,ERR,ERR,ERR,ERR,ERR,ERR,ERR,ERR,ERR,ERR,ERR,ERR,ERR,ERR,ERR,ERR,ERR,ERR,ERR,ERR,ERR,ERR,ERR,ERR,ERR,ERR,ERR,ERR,ERR,ERR,ERR,ERR,ERR,ERR,ERR,ERR,ERR,ERR,ERR,ERR,ERR,ERR,ERR,ERR,ERR,ERR,ERR,ERR,ERR,ERR,ERR,ERR,ERR,ERR,ERR,ERR,ERR,ERR,ERR,ERR,ERR,ERR,ERR,ERR,ERR,ERR,ERR,ERR,ERR,ERR,ERR,ERR,ERR,ERR,ERR,ERR,ERR,ERR,ERR,ERR,ERR,ERR,ERR,ERR,ERR,ERR,ERR,ERR,ERR,ERR,ERR,ERR,ERR,ERR,ERR,ERR,ERR,ERR,ERR,ERR,ERR,ERR,ERR,ERR,ERR,ERR,ERR,ERR,ERR,ERR,ERR,ERR,ERR,ERR,ERR,ERR,ERR,ERR,ERR,ERR,ERR,ERR,ERR,ERR,ERR,0.0,2.718443891954944e+23,-107090480.0,2.7183478752108883e+23,3.236078553314012e+32,0.0,-0.303,-11152.065,0,0,4,17300,7116,0.0,100,0.0,0.0,2.7183478752108883e+23,0.0,0.0,0,0,0,0,0.0,0,0,0,0,0,0,0,0,0,0,0,0,0,0,0,0,0,0,0,0,0,0,0,0,0,0,0,0,0,0,0,0,0,31,40,40,71,65476,0,300,0,0,8,21553,0.0,-107605600.0,0.0,0.0,0.0,0.0,0.0,0.0,0.0,0.0,0.0,0.0,0.0,0.0,0.0,0.0,0.0,0.0,0.0,0.0,0.0,0.0,0.0,0.0,0.0,0.0,0.0,0.0,0.0,0.0,5312.0,-3.697190531671209e+19,6940.0,0.0,2.718443891954944e+23,2.004,2.004,0.0,0.0,0.0,0.0,69,0.0,-0.0,0.0,0.0,0.0,0.0,0.0,0.0,0.0,0,0,0,0.0,0.0,0.0,0.0,0.0,0.0,0.0,0.0,0.0,0.0,0.0,0.0,0.0,0.0,0.0,0.0,0,-107875648.0,69,0.0,138,0.0,2.012,ERR,ERR,ERR,ERR,ERR,ERR,ERR,ERR,ERR,ERR,ERR,ERR,ERR,ERR,ERR,ERR,ERR,ERR,ERR,ERR,ERR,ERR,ERR,ERR,ERR,ERR,ERR,ERR,ERR,ERR,ERR,ERR,ERR,ERR,ERR,ERR,ERR,ERR,ERR,ERR,ERR,ERR,ERR,ERR,ERR,ERR,ERR,ERR,ERR,ERR,ERR,ERR,ERR,ERR,ERR,ERR,ERR,ERR,ERR,ERR,ERR,ERR,ERR,ERR,ERR,ERR,ERR,60.0,60.0,35,0.0,0.0,0.0,0.0,0.0,0.0,0.0,0.0,0.0,0.0,0.0,0.0,0.0,0.0,0.0,0.0,65.2,0,112,54,33,65476,0,300,0,0,8,20529,65476,0,0,2621,60.0,0.0,0.0,0.0,0.0,0.0
2026-07-09T15:50:37,ERR,ERR,ERR,ERR,ERR,ERR,ERR,ERR,ERR,ERR,ERR,ERR,ERR,ERR,ERR,ERR,ERR,ERR,ERR,ERR,ERR,ERR,ERR,ERR,ERR,ERR,ERR,ERR,ERR,ERR,ERR,ERR,ERR,ERR,ERR,ERR,ERR,ERR,ERR,ERR,ERR,ERR,ERR,ERR,ERR,ERR,ERR,ERR,ERR,ERR,ERR,ERR,ERR,ERR,ERR,ERR,ERR,ERR,ERR,ERR,ERR,ERR,ERR,ERR,ERR,ERR,ERR,ERR,ERR,ERR,ERR,ERR,ERR,ERR,ERR,ERR,ERR,ERR,ERR,ERR,ERR,ERR,ERR,ERR,ERR,ERR,ERR,ERR,ERR,ERR,ERR,ERR,ERR,ERR,ERR,ERR,ERR,ERR,ERR,ERR,ERR,ERR,ERR,ERR,ERR,ERR,ERR,ERR,ERR,ERR,ERR,ERR,ERR,ERR,ERR,ERR,ERR,ERR,ERR,ERR,ERR,ERR,ERR,ERR,ERR,0.0,0.0,2.7184170505011647e+23,0.0,-0.008,-0.0,0.0,-4.7190464703375285e+30,0,0,4,17303,7116,0.0,100,0.0,0.0,0.0,0.0,0.0,0,0,0,0,0.0,0,0,0,0,0,0,0,0,0,0,0,0,0,0,0,0,0,0,0,0,0,0,0,0,0,0,0,0,0,0,0,0,0,31,40,40,71,65476,0,300,0,0,8,21553,0.0,-107605600.0,0.0,0.0,0.0,0.0,0.0,0.0,0.0,0.0,0.0,0.0,0.0,0.0,0.0,0.0,0.0,0.0,0.0,0.0,0.0,0.0,0.0,0.0,0.0,0.0,0.0,0.0,0.0,0.0,5315.0,-3.697190531671209e+19,6940.0,0.0,0.0,2.004,2.004,0.0,0.0,0.0,0.0,69,126840627200.0,-0.0,0.0,0.0,0.0,0.0,0.0,0.0,0.0,0,0,0,0.0,0.0,0.0,0.0,0.0,0.0,0.0,0.0,0.0,0.0,0.0,0.0,0.0,0.0,0.0,0.0,0,-107875648.0,69,0.0,138,0.0,2.012,ERR,ERR,ERR,ERR,ERR,ERR,ERR,ERR,ERR,ERR,ERR,ERR,ERR,ERR,ERR,ERR,ERR,ERR,ERR,ERR,ERR,ERR,ERR,ERR,ERR,ERR,ERR,ERR,ERR,ERR,ERR,ERR,ERR,ERR,ERR,ERR,ERR,ERR,ERR,ERR,ERR,ERR,ERR,ERR,ERR,ERR,ERR,ERR,ERR,ERR,ERR,ERR,ERR,ERR,ERR,ERR,ERR,ERR,ERR,ERR,ERR,ERR,ERR,ERR,ERR,ERR,ERR,60.0,60.0,35,0.0,0.0,0.0,0.0,0.0,0.0,0.0,0.0,0.0,0.0,0.0,0.0,0.0,0.0,0.0,0.0,65.2,0,112,54,33,65476,0,300,0,0,8,20529,65476,0,0,2621,60.0,0.0,0.0,0.0,0.0,0.0
2026-07-09T15:50:38,ERR,ERR,ERR,ERR,ERR,ERR,ERR,ERR,ERR,ERR,ERR,ERR,ERR,ERR,ERR,ERR,ERR,ERR,ERR,ERR,ERR,ERR,ERR,ERR,ERR,ERR,ERR,ERR,ERR,ERR,ERR,ERR,ERR,ERR,ERR,ERR,ERR,ERR,ERR,ERR,ERR,ERR,ERR,ERR,ERR,ERR,ERR,ERR,ERR,ERR,ERR,ERR,ERR,ERR,ERR,ERR,ERR,ERR,ERR,ERR,ERR,ERR,ERR,ERR,ERR,ERR,ERR,ERR,ERR,ERR,ERR,ERR,ERR,ERR,ERR,ERR,ERR,ERR,ERR,ERR,ERR,ERR,ERR,ERR,ERR,ERR,ERR,ERR,ERR,ERR,ERR,ERR,ERR,ERR,ERR,ERR,ERR,ERR,ERR,ERR,ERR,ERR,ERR,ERR,ERR,ERR,ERR,ERR,ERR,ERR,ERR,ERR,ERR,ERR,ERR,ERR,ERR,ERR,ERR,ERR,ERR,ERR,ERR,ERR,ERR,0.0,0.0,2.7184170505011647e+23,0.0,-0.008,-0.0,0.0,-4.7190464703375285e+30,0,0,4,17303,7116,0.0,100,0.0,0.0,0.0,0.0,0.0,0,0,0,0,0.0,0,0,0,0,0,0,0,0,0,0,0,0,0,0,0,0,0,0,0,0,0,0,0,0,0,0,0,0,0,0,0,0,0,31,40,40,71,65476,0,300,0,0,8,21553,0.0,-107605600.0,0.0,0.0,0.0,0.0,0.0,0.0,0.0,0.0,0.0,0.0,0.0,0.0,0.0,0.0,0.0,0.0,0.0,0.0,0.0,0.0,0.0,0.0,0.0,0.0,0.0,0.0,0.0,0.0,5315.0,-3.697190531671209e+19,6940.0,0.0,0.0,2.004,2.004,0.0,0.0,0.0,0.0,69,126840627200.0,-0.0,0.0,0.0,0.0,0.0,0.0,0.0,0.0,0,0,0,0.0,0.0,0.0,0.0,0.0,0.0,0.0,0.0,0.0,0.0,0.0,0.0,0.0,0.0,0.0,0.0,0,-107875648.0,69,0.0,138,0.0,2.012,ERR,ERR,ERR,ERR,ERR,ERR,ERR,ERR,ERR,ERR,ERR,ERR,ERR,ERR,ERR,ERR,ERR,ERR,ERR,ERR,ERR,ERR,ERR,ERR,ERR,ERR,ERR,ERR,ERR,ERR,ERR,ERR,ERR,ERR,ERR,ERR,ERR,ERR,ERR,ERR,ERR,ERR,ERR,ERR,ERR,ERR,ERR,ERR,ERR,ERR,ERR,ERR,ERR,ERR,ERR,ERR,ERR,ERR,ERR,ERR,ERR,ERR,ERR,ERR,ERR,ERR,ERR,60.0,60.0,35,0.0,0.0,0.0,0.0,0.0,0.0,0.0,0.0,0.0,0.0,0.0,0.0,0.0,0.0,0.0,0.0,65.2,0,112,54,33,65476,0,300,0,0,8,20529,65476,0,0,2621,60.0,0.0,0.0,0.0,0.0,0.0
2026-07-09T15:50:39,ERR,ERR,ERR,ERR,ERR,ERR,ERR,ERR,ERR,ERR,ERR,ERR,ERR,ERR,ERR,ERR,ERR,ERR,ERR,ERR,ERR,ERR,ERR,ERR,ERR,ERR,ERR,ERR,ERR,ERR,ERR,ERR,ERR,ERR,ERR,ERR,ERR,ERR,ERR,ERR,ERR,ERR,ERR,ERR,ERR,ERR,ERR,ERR,ERR,ERR,ERR,ERR,ERR,ERR,ERR,ERR,ERR,ERR,ERR,ERR,ERR,ERR,ERR,ERR,ERR,ERR,ERR,ERR,ERR,ERR,ERR,ERR,ERR,ERR,ERR,ERR,ERR,ERR,ERR,ERR,ERR,ERR,ERR,ERR,ERR,ERR,ERR,ERR,ERR,ERR,ERR,ERR,ERR,ERR,ERR,ERR,ERR,ERR,ERR,ERR,ERR,ERR,ERR,ERR,ERR,ERR,ERR,ERR,ERR,ERR,ERR,ERR,ERR,ERR,ERR,ERR,ERR,ERR,ERR,ERR,ERR,ERR,ERR,ERR,ERR,0.0,0.0,2.7184170505011647e+23,0.0,-0.008,-0.0,0.0,-4.7190464703375285e+30,0,0,4,17303,7116,0.0,100,0.0,0.0,0.0,0.0,0.0,0,0,0,0,0.0,0,0,0,0,0,0,0,0,0,0,0,0,0,0,0,0,0,0,0,0,0,0,0,0,0,0,0,0,0,0,0,0,0,31,40,40,71,65476,0,300,0,0,8,21553,0.0,-107605600.0,0.0,0.0,0.0,0.0,0.0,0.0,0.0,0.0,0.0,0.0,0.0,0.0,0.0,0.0,0.0,0.0,0.0,0.0,0.0,0.0,0.0,0.0,0.0,0.0,0.0,0.0,0.0,0.0,5315.0,-3.697190531671209e+19,6940.0,0.0,0.0,2.004,2.004,0.0,0.0,0.0,0.0,69,126840627200.0,-0.0,0.0,0.0,0.0,0.0,0.0,0.0,0.0,0,0,0,0.0,0.0,0.0,0.0,0.0,0.0,0.0,0.0,0.0,0.0,0.0,0.0,0.0,0.0,0.0,0.0,0,-107875648.0,69,0.0,138,0.0,2.012,ERR,ERR,ERR,ERR,ERR,ERR,ERR,ERR,ERR,ERR,ERR,ERR,ERR,ERR,ERR,ERR,ERR,ERR,ERR,ERR,ERR,ERR,ERR,ERR,ERR,ERR,ERR,ERR,ERR,ERR,ERR,ERR,ERR,ERR,ERR,ERR,ERR,ERR,ERR,ERR,ERR,ERR,ERR,ERR,ERR,ERR,ERR,ERR,ERR,ERR,ERR,ERR,ERR,ERR,ERR,ERR,ERR,ERR,ERR,ERR,ERR,ERR,ERR,ERR,ERR,ERR,ERR,60.0,60.0,35,0.0,0.0,0.0,0.0,0.0,0.0,0.0,0.0,0.0,0.0,0.0,0.0,0.0,0.0,0.0,0.0,65.2,0,112,54,33,65476,0,300,0,0,8,20529,65476,0,0,2621,60.0,0.0,0.0,0.0,0.0,0.0
2026-07-09T15:50:40,ERR,ERR,ERR,ERR,ERR,ERR,ERR,ERR,ERR,ERR,ERR,ERR,ERR,ERR,ERR,ERR,ERR,ERR,ERR,ERR,ERR,ERR,ERR,ERR,ERR,ERR,ERR,ERR,ERR,ERR,ERR,ERR,ERR,ERR,ERR,ERR,ERR,ERR,ERR,ERR,ERR,ERR,ERR,ERR,ERR,ERR,ERR,ERR,ERR,ERR,ERR,ERR,ERR,ERR,ERR,ERR,ERR,ERR,ERR,ERR,ERR,ERR,ERR,ERR,ERR,ERR,ERR,ERR,ERR,ERR,ERR,ERR,ERR,ERR,ERR,ERR,ERR,ERR,ERR,ERR,ERR,ERR,ERR,ERR,ERR,ERR,ERR,ERR,ERR,ERR,ERR,ERR,ERR,ERR,ERR,ERR,ERR,ERR,ERR,ERR,ERR,ERR,ERR,ERR,ERR,ERR,ERR,ERR,ERR,ERR,ERR,ERR,ERR,ERR,ERR,ERR,ERR,ERR,ERR,ERR,ERR,ERR,ERR,ERR,ERR,0.0,0.0,2.7184170505011647e+23,0.0,-0.008,-0.0,0.0,-4.7190464703375285e+30,0,0,4,17303,7116,0.0,100,0.0,0.0,0.0,0.0,0.0,0,0,0,0,0.0,0,0,0,0,0,0,0,0,0,0,0,0,0,0,0,0,0,0,0,0,0,0,0,0,0,0,0,0,0,0,0,0,0,31,40,40,71,65476,0,300,0,0,8,21553,0.0,-107605600.0,0.0,0.0,0.0,0.0,0.0,0.0,0.0,0.0,0.0,0.0,0.0,0.0,0.0,0.0,0.0,0.0,0.0,0.0,0.0,0.0,0.0,0.0,0.0,0.0,0.0,0.0,0.0,0.0,5315.0,-3.697190531671209e+19,6940.0,0.0,0.0,2.004,2.004,0.0,0.0,0.0,0.0,69,126840627200.0,-0.0,0.0,0.0,0.0,0.0,0.0,0.0,0.0,0,0,0,0.0,0.0,0.0,0.0,0.0,0.0,0.0,0.0,0.0,0.0,0.0,0.0,0.0,0.0,0.0,0.0,0,-107875648.0,69,0.0,138,0.0,2.012,ERR,ERR,ERR,ERR,ERR,ERR,ERR,ERR,ERR,ERR,ERR,ERR,ERR,ERR,ERR,ERR,ERR,ERR,ERR,ERR,ERR,ERR,ERR,ERR,ERR,ERR,ERR,ERR,ERR,ERR,ERR,ERR,ERR,ERR,ERR,ERR,ERR,ERR,ERR,ERR,ERR,ERR,ERR,ERR,ERR,ERR,ERR,ERR,ERR,ERR,ERR,ERR,ERR,ERR,ERR,ERR,ERR,ERR,ERR,ERR,ERR,ERR,ERR,ERR,ERR,ERR,ERR,60.0,60.0,35,0.0,0.0,0.0,0.0,0.0,0.0,0.0,0.0,0.0,0.0,0.0,0.0,0.0,0.0,0.0,0.0,65.2,0,112,54,33,65476,0,300,0,0,8,20529,65476,0,0,2621,60.0,0.0,0.0,0.0,0.0,0.0
2026-07-09T15:50:41,ERR,ERR,ERR,ERR,ERR,ERR,ERR,ERR,ERR,ERR,ERR,ERR,ERR,ERR,ERR,ERR,ERR,ERR,ERR,ERR,ERR,ERR,ERR,ERR,ERR,ERR,ERR,ERR,ERR,ERR,ERR,ERR,ERR,ERR,ERR,ERR,ERR,ERR,ERR,ERR,ERR,ERR,ERR,ERR,ERR,ERR,ERR,ERR,ERR,ERR,ERR,ERR,ERR,ERR,ERR,ERR,ERR,ERR,ERR,ERR,ERR,ERR,ERR,ERR,ERR,ERR,ERR,ERR,ERR,ERR,ERR,ERR,ERR,ERR,ERR,ERR,ERR,ERR,ERR,ERR,ERR,ERR,ERR,ERR,ERR,ERR,ERR,ERR,ERR,ERR,ERR,ERR,ERR,ERR,ERR,ERR,ERR,ERR,ERR,ERR,ERR,ERR,ERR,ERR,ERR,ERR,ERR,ERR,ERR,ERR,ERR,ERR,ERR,ERR,ERR,ERR,ERR,ERR,ERR,ERR,ERR,ERR,ERR,ERR,ERR,0.0,0.0,2.7184170505011647e+23,0.0,-0.008,-0.0,0.0,-4.7190464703375285e+30,0,0,4,17303,7116,0.0,100,0.0,0.0,0.0,0.0,0.0,0,0,0,0,0.0,0,0,0,0,0,0,0,0,0,0,0,0,0,0,0,0,0,0,0,0,0,0,0,0,0,0,0,0,0,0,0,0,0,31,40,40,71,65476,0,300,0,0,8,21553,0.0,-107605600.0,0.0,0.0,0.0,0.0,0.0,0.0,0.0,0.0,0.0,0.0,0.0,0.0,0.0,0.0,0.0,0.0,0.0,0.0,0.0,0.0,0.0,0.0,0.0,0.0,0.0,0.0,0.0,0.0,5315.0,-3.697190531671209e+19,6940.0,0.0,0.0,2.004,2.004,0.0,0.0,0.0,0.0,69,126840627200.0,-0.0,0.0,0.0,0.0,0.0,0.0,0.0,0.0,0,0,0,0.0,0.0,0.0,0.0,0.0,0.0,0.0,0.0,0.0,0.0,0.0,0.0,0.0,0.0,0.0,0.0,0,-107875648.0,69,0.0,138,0.0,2.012,ERR,ERR,ERR,ERR,ERR,ERR,ERR,ERR,ERR,ERR,ERR,ERR,ERR,ERR,ERR,ERR,ERR,ERR,ERR,ERR,ERR,ERR,ERR,ERR,ERR,ERR,ERR,ERR,ERR,ERR,ERR,ERR,ERR,ERR,ERR,ERR,ERR,ERR,ERR,ERR,ERR,ERR,ERR,ERR,ERR,ERR,ERR,ERR,ERR,ERR,ERR,ERR,ERR,ERR,ERR,ERR,ERR,ERR,ERR,ERR,ERR,ERR,ERR,ERR,ERR,ERR,ERR,60.0,60.0,35,0.0,0.0,0.0,0.0,0.0,0.0,0.0,0.0,0.0,0.0,0.0,0.0,0.0,0.0,0.0,0.0,65.2,0,112,54,33,65476,0,300,0,0,8,20529,65476,0,0,2621,60.0,0.0,0.0,0.0,0.0,0.0
2026-07-09T15:50:42,ERR,ERR,ERR,ERR,ERR,ERR,ERR,ERR,ERR,ERR,ERR,ERR,ERR,ERR,ERR,ERR,ERR,ERR,ERR,ERR,ERR,ERR,ERR,ERR,ERR,ERR,ERR,ERR,ERR,ERR,ERR,ERR,ERR,ERR,ERR,ERR,ERR,ERR,ERR,ERR,ERR,ERR,ERR,ERR,ERR,ERR,ERR,ERR,ERR,ERR,ERR,ERR,ERR,ERR,ERR,ERR,ERR,ERR,ERR,ERR,ERR,ERR,ERR,ERR,ERR,ERR,ERR,ERR,ERR,ERR,ERR,ERR,ERR,ERR,ERR,ERR,ERR,ERR,ERR,ERR,ERR,ERR,ERR,ERR,ERR,ERR,ERR,ERR,ERR,ERR,ERR,ERR,ERR,ERR,ERR,ERR,ERR,ERR,ERR,ERR,ERR,ERR,ERR,ERR,ERR,ERR,ERR,ERR,ERR,ERR,ERR,ERR,ERR,ERR,ERR,ERR,ERR,ERR,ERR,ERR,ERR,ERR,ERR,ERR,ERR,0.0,2.718443891954944e+23,-107090480.0,2.7183478752108883e+23,3.236078553314012e+32,-0.0,0.0,2.1906748931253918e+31,0,0,4,17304,7116,0.0,100,0.0,0.0,2.7183478752108883e+23,0.0,0.0,0,0,0,0,0.0,0,0,0,0,0,0,0,0,0,0,0,0,0,0,0,0,0,0,0,0,0,0,0,0,0,0,0,0,0,0,0,0,0,31,40,40,71,65476,0,300,0,0,8,21553,0.0,-107605600.0,0.0,0.0,0.0,0.0,0.0,0.0,0.0,0.0,0.0,0.0,0.0,0.0,0.0,0.0,0.0,0.0,0.0,0.0,0.0,0.0,0.0,2.004,0.0,0.0,0.0,0.0,0.0,0.0,5319.0,-3.697190531671209e+19,6940.0,0.0,-0.0,2.004,2.004,0.0,0.0,0.0,0.0,69,2.718419392372971e+23,-0.0,0.0,0.0,0.0,0.0,0.0,0.0,0.0,0,0,0,0.0,0.0,0.0,0.0,0.0,0.0,0.0,0.0,0.0,0.0,0.0,0.0,0.0,0.0,0.0,0.0,0,-107875648.0,69,0.0,138,0.0,2.012,ERR,ERR,ERR,ERR,ERR,ERR,ERR,ERR,ERR,ERR,ERR,ERR,ERR,ERR,ERR,ERR,ERR,ERR,ERR,ERR,ERR,ERR,ERR,ERR,ERR,ERR,ERR,ERR,ERR,ERR,ERR,ERR,ERR,ERR,ERR,ERR,ERR,ERR,ERR,ERR,ERR,ERR,ERR,ERR,ERR,ERR,ERR,ERR,ERR,ERR,ERR,ERR,ERR,ERR,ERR,ERR,ERR,ERR,ERR,ERR,ERR,ERR,ERR,ERR,ERR,ERR,ERR,60.0,60.0,35,0.0,0.0,0.0,0.0,0.0,0.0,0.0,0.0,0.0,0.0,0.0,0.0,0.0,0.0,0.0,0.0,65.2,0,112,54,33,65476,0,300,0,0,8,20529,65476,0,0,2621,60.0,0.0,0.0,0.0,0.0,0.0
2026-07-09T15:50:43,ERR,ERR,ERR,ERR,ERR,ERR,ERR,ERR,ERR,ERR,ERR,ERR,ERR,ERR,ERR,ERR,ERR,ERR,ERR,ERR,ERR,ERR,ERR,ERR,ERR,ERR,ERR,ERR,ERR,ERR,ERR,ERR,ERR,ERR,ERR,ERR,ERR,ERR,ERR,ERR,ERR,ERR,ERR,ERR,ERR,ERR,ERR,ERR,ERR,ERR,ERR,ERR,ERR,ERR,ERR,ERR,ERR,ERR,ERR,ERR,ERR,ERR,ERR,ERR,ERR,ERR,ERR,ERR,ERR,ERR,ERR,ERR,ERR,ERR,ERR,ERR,ERR,ERR,ERR,ERR,ERR,ERR,ERR,ERR,ERR,ERR,ERR,ERR,ERR,ERR,ERR,ERR,ERR,ERR,ERR,ERR,ERR,ERR,ERR,ERR,ERR,ERR,ERR,ERR,ERR,ERR,ERR,ERR,ERR,ERR,ERR,ERR,ERR,ERR,ERR,ERR,ERR,ERR,ERR,ERR,ERR,ERR,ERR,ERR,ERR,0.0,2.718443891954944e+23,-107090480.0,2.7183478752108883e+23,3.236078553314012e+32,-0.0,0.0,2.1906748931253918e+31,0,0,4,17304,7116,0.0,100,0.0,0.0,2.7183478752108883e+23,0.0,0.0,0,0,0,0,0.0,0,0,0,0,0,0,0,0,0,0,0,0,0,0,0,0,0,0,0,0,0,0,0,0,0,0,0,0,0,0,0,0,0,31,40,40,71,65476,0,300,0,0,8,21553,0.0,-107605600.0,0.0,0.0,0.0,0.0,0.0,0.0,0.0,0.0,0.0,0.0,0.0,0.0,0.0,0.0,0.0,0.0,0.0,0.0,0.0,0.0,0.0,2.004,0.0,0.0,0.0,0.0,0.0,0.0,5319.0,-3.697190531671209e+19,6940.0,0.0,-0.0,2.004,2.004,0.0,0.0,0.0,0.0,69,2.718419392372971e+23,-0.0,0.0,0.0,0.0,0.0,0.0,0.0,0.0,0,0,0,0.0,0.0,0.0,0.0,0.0,0.0,0.0,0.0,0.0,0.0,0.0,0.0,0.0,0.0,0.0,0.0,0,-107875648.0,69,0.0,138,0.0,2.012,ERR,ERR,ERR,ERR,ERR,ERR,ERR,ERR,ERR,ERR,ERR,ERR,ERR,ERR,ERR,ERR,ERR,ERR,ERR,ERR,ERR,ERR,ERR,ERR,ERR,ERR,ERR,ERR,ERR,ERR,ERR,ERR,ERR,ERR,ERR,ERR,ERR,ERR,ERR,ERR,ERR,ERR,ERR,ERR,ERR,ERR,ERR,ERR,ERR,ERR,ERR,ERR,ERR,ERR,ERR,ERR,ERR,ERR,ERR,ERR,ERR,ERR,ERR,ERR,ERR,ERR,ERR,60.0,60.0,35,0.0,0.0,0.0,0.0,0.0,0.0,0.0,0.0,0.0,0.0,0.0,0.0,0.0,0.0,0.0,0.0,65.2,0,112,54,33,65476,0,300,0,0,8,20529,65476,0,0,2621,60.0,0.0,0.0,0.0,0.0,0.0
2026-07-09T15:50:44,ERR,ERR,ERR,ERR,ERR,ERR,ERR,ERR,ERR,ERR,ERR,ERR,ERR,ERR,ERR,ERR,ERR,ERR,ERR,ERR,ERR,ERR,ERR,ERR,ERR,ERR,ERR,ERR,ERR,ERR,ERR,ERR,ERR,ERR,ERR,ERR,ERR,ERR,ERR,ERR,ERR,ERR,ERR,ERR,ERR,ERR,ERR,ERR,ERR,ERR,ERR,ERR,ERR,ERR,ERR,ERR,ERR,ERR,ERR,ERR,ERR,ERR,ERR,ERR,ERR,ERR,ERR,ERR,ERR,ERR,ERR,ERR,ERR,ERR,ERR,ERR,ERR,ERR,ERR,ERR,ERR,ERR,ERR,ERR,ERR,ERR,ERR,ERR,ERR,ERR,ERR,ERR,ERR,ERR,ERR,ERR,ERR,ERR,ERR,ERR,ERR,ERR,ERR,ERR,ERR,ERR,ERR,ERR,ERR,ERR,ERR,ERR,ERR,ERR,ERR,ERR,ERR,ERR,ERR,ERR,ERR,ERR,ERR,ERR,ERR,0.0,2.718443891954944e+23,-107090480.0,2.7183478752108883e+23,3.236078553314012e+32,-0.0,0.0,2.1906748931253918e+31,0,0,4,17304,7116,0.0,100,0.0,0.0,2.7183478752108883e+23,0.0,0.0,0,0,0,0,0.0,0,0,0,0,0,0,0,0,0,0,0,0,0,0,0,0,0,0,0,0,0,0,0,0,0,0,0,0,0,0,0,0,0,31,40,40,71,65476,0,300,0,0,8,21553,0.0,-107605600.0,0.0,0.0,0.0,0.0,0.0,0.0,0.0,0.0,0.0,0.0,0.0,0.0,0.0,0.0,0.0,0.0,0.0,0.0,0.0,0.0,0.0,2.004,0.0,0.0,0.0,0.0,0.0,0.0,5319.0,-3.697190531671209e+19,6940.0,0.0,-0.0,2.004,2.004,0.0,0.0,0.0,0.0,69,2.718419392372971e+23,-0.0,0.0,0.0,0.0,0.0,0.0,0.0,0.0,0,0,0,0.0,0.0,0.0,0.0,0.0,0.0,0.0,0.0,0.0,0.0,0.0,0.0,0.0,0.0,0.0,0.0,0,-107875648.0,69,0.0,138,0.0,2.012,ERR,ERR,ERR,ERR,ERR,ERR,ERR,ERR,ERR,ERR,ERR,ERR,ERR,ERR,ERR,ERR,ERR,ERR,ERR,ERR,ERR,ERR,ERR,ERR,ERR,ERR,ERR,ERR,ERR,ERR,ERR,ERR,ERR,ERR,ERR,ERR,ERR,ERR,ERR,ERR,ERR,ERR,ERR,ERR,ERR,ERR,ERR,ERR,ERR,ERR,ERR,ERR,ERR,ERR,ERR,ERR,ERR,ERR,ERR,ERR,ERR,ERR,ERR,ERR,ERR,ERR,ERR,60.0,60.0,35,0.0,0.0,0.0,0.0,0.0,0.0,0.0,0.0,0.0,0.0,0.0,0.0,0.0,0.0,0.0,0.0,65.6,0,112,54,33,65476,0,300,0,0,8,20529,65476,0,0,2621,60.0,0.0,0.0,0.0,0.0,0.0
2026-07-09T15:50:45,ERR,ERR,ERR,ERR,ERR,ERR,ERR,ERR,ERR,ERR,ERR,ERR,ERR,ERR,ERR,ERR,ERR,ERR,ERR,ERR,ERR,ERR,ERR,ERR,ERR,ERR,ERR,ERR,ERR,ERR,ERR,ERR,ERR,ERR,ERR,ERR,ERR,ERR,ERR,ERR,ERR,ERR,ERR,ERR,ERR,ERR,ERR,ERR,ERR,ERR,ERR,ERR,ERR,ERR,ERR,ERR,ERR,ERR,ERR,ERR,ERR,ERR,ERR,ERR,ERR,ERR,ERR,ERR,ERR,ERR,ERR,ERR,ERR,ERR,ERR,ERR,ERR,ERR,ERR,ERR,ERR,ERR,ERR,ERR,ERR,ERR,ERR,ERR,ERR,ERR,ERR,ERR,ERR,ERR,ERR,ERR,ERR,ERR,ERR,ERR,ERR,ERR,ERR,ERR,ERR,ERR,ERR,ERR,ERR,ERR,ERR,ERR,ERR,ERR,ERR,ERR,ERR,ERR,ERR,ERR,ERR,ERR,ERR,ERR,ERR,0.0,2.718443891954944e+23,-107090480.0,2.7183478752108883e+23,3.236078553314012e+32,-0.0,0.0,2.1906748931253918e+31,0,0,4,17304,7116,0.0,100,0.0,0.0,2.7183478752108883e+23,0.0,0.0,0,0,0,0,0.0,0,0,0,0,0,0,0,0,0,0,0,0,0,0,0,0,0,0,0,0,0,0,0,0,0,0,0,0,0,0,0,0,0,31,40,40,71,65476,0,300,0,0,8,21553,0.0,-107605600.0,0.0,0.0,0.0,0.0,0.0,0.0,0.0,0.0,0.0,0.0,0.0,0.0,0.0,0.0,0.0,0.0,0.0,0.0,0.0,0.0,0.0,2.004,0.0,0.0,0.0,0.0,0.0,0.0,5319.0,-3.697190531671209e+19,6940.0,0.0,-0.0,2.004,2.004,0.0,0.0,0.0,0.0,69,2.718419392372971e+23,-0.0,0.0,0.0,0.0,0.0,0.0,0.0,0.0,0,0,0,0.0,0.0,0.0,0.0,0.0,0.0,0.0,0.0,0.0,0.0,0.0,0.0,0.0,0.0,0.0,0.0,0,-107875648.0,69,0.0,138,0.0,2.012,ERR,ERR,ERR,ERR,ERR,ERR,ERR,ERR,ERR,ERR,ERR,ERR,ERR,ERR,ERR,ERR,ERR,ERR,ERR,ERR,ERR,ERR,ERR,ERR,ERR,ERR,ERR,ERR,ERR,ERR,ERR,ERR,ERR,ERR,ERR,ERR,ERR,ERR,ERR,ERR,ERR,ERR,ERR,ERR,ERR,ERR,ERR,ERR,ERR,ERR,ERR,ERR,ERR,ERR,ERR,ERR,ERR,ERR,ERR,ERR,ERR,ERR,ERR,ERR,ERR,ERR,ERR,60.0,60.0,35,0.0,0.0,0.0,0.0,0.0,0.0,0.0,0.0,0.0,0.0,0.0,0.0,0.0,0.0,0.0,0.0,65.2,0,112,54,33,65476,0,300,0,0,8,20529,65476,0,0,2621,60.0,0.0,0.0,0.0,0.0,0.0
2026-07-09T15:50:46,ERR,ERR,ERR,ERR,ERR,ERR,ERR,ERR,ERR,ERR,ERR,ERR,ERR,ERR,ERR,ERR,ERR,ERR,ERR,ERR,ERR,ERR,ERR,ERR,ERR,ERR,ERR,ERR,ERR,ERR,ERR,ERR,ERR,ERR,ERR,ERR,ERR,ERR,ERR,ERR,ERR,ERR,ERR,ERR,ERR,ERR,ERR,ERR,ERR,ERR,ERR,ERR,ERR,ERR,ERR,ERR,ERR,ERR,ERR,ERR,ERR,ERR,ERR,ERR,ERR,ERR,ERR,ERR,ERR,ERR,ERR,ERR,ERR,ERR,ERR,ERR,ERR,ERR,ERR,ERR,ERR,ERR,ERR,ERR,ERR,ERR,ERR,ERR,ERR,ERR,ERR,ERR,ERR,ERR,ERR,ERR,ERR,ERR,ERR,ERR,ERR,ERR,ERR,ERR,ERR,ERR,ERR,ERR,ERR,ERR,ERR,ERR,ERR,ERR,ERR,ERR,ERR,ERR,ERR,ERR,ERR,ERR,ERR,ERR,ERR,0.0,2.718443891954944e+23,-107090480.0,2.7183478752108883e+23,3.236078553314012e+32,-0.0,0.0,2.1906748931253918e+31,0,0,4,17304,7116,0.0,100,0.0,0.0,2.7183478752108883e+23,0.0,0.0,0,0,0,0,0.0,0,0,0,0,0,0,0,0,0,0,0,0,0,0,0,0,0,0,0,0,0,0,0,0,0,0,0,0,0,0,0,0,0,31,40,40,71,65476,0,300,0,0,8,21553,0.0,-107605600.0,0.0,0.0,0.0,0.0,0.0,0.0,0.0,0.0,0.0,0.0,0.0,0.0,0.0,0.0,0.0,0.0,0.0,0.0,0.0,0.0,0.0,2.004,0.0,0.0,0.0,0.0,0.0,0.0,5319.0,-3.697190531671209e+19,6940.0,0.0,-0.0,2.004,2.004,0.0,0.0,0.0,0.0,69,2.718419392372971e+23,-0.0,0.0,0.0,0.0,0.0,0.0,0.0,0.0,0,0,0,0.0,0.0,0.0,0.0,0.0,0.0,0.0,0.0,0.0,0.0,0.0,0.0,0.0,0.0,0.0,0.0,0,-107875648.0,69,0.0,138,0.0,2.012,ERR,ERR,ERR,ERR,ERR,ERR,ERR,ERR,ERR,ERR,ERR,ERR,ERR,ERR,ERR,ERR,ERR,ERR,ERR,ERR,ERR,ERR,ERR,ERR,ERR,ERR,ERR,ERR,ERR,ERR,ERR,ERR,ERR,ERR,ERR,ERR,ERR,ERR,ERR,ERR,ERR,ERR,ERR,ERR,ERR,ERR,ERR,ERR,ERR,ERR,ERR,ERR,ERR,ERR,ERR,ERR,ERR,ERR,ERR,ERR,ERR,ERR,ERR,ERR,ERR,ERR,ERR,60.0,60.0,35,0.0,0.0,0.0,0.0,0.0,0.0,0.0,0.0,0.0,0.0,0.0,0.0,0.0,0.0,0.0,0.0,65.2,0,112,54,33,65476,0,300,0,0,8,20529,65476,0,0,2621,60.0,0.0,0.0,0.0,0.0,0.0
2026-07-09T15:50:47,ERR,ERR,ERR,ERR,ERR,ERR,ERR,ERR,ERR,ERR,ERR,ERR,ERR,ERR,ERR,ERR,ERR,ERR,ERR,ERR,ERR,ERR,ERR,ERR,ERR,ERR,ERR,ERR,ERR,ERR,ERR,ERR,ERR,ERR,ERR,ERR,ERR,ERR,ERR,ERR,ERR,ERR,ERR,ERR,ERR,ERR,ERR,ERR,ERR,ERR,ERR,ERR,ERR,ERR,ERR,ERR,ERR,ERR,ERR,ERR,ERR,ERR,ERR,ERR,ERR,ERR,ERR,ERR,ERR,ERR,ERR,ERR,ERR,ERR,ERR,ERR,ERR,ERR,ERR,ERR,ERR,ERR,ERR,ERR,ERR,ERR,ERR,ERR,ERR,ERR,ERR,ERR,ERR,ERR,ERR,ERR,ERR,ERR,ERR,ERR,ERR,ERR,ERR,ERR,ERR,ERR,ERR,ERR,ERR,ERR,ERR,ERR,ERR,ERR,ERR,ERR,ERR,ERR,ERR,ERR,ERR,ERR,ERR,ERR,ERR,-0.0,-107615960.0,0.0,2.7183478752108883e+23,2.3109158809863455e+18,7.0435596671174355e+31,-9.70628427958386e+33,-0.003,0,0,4,17305,7116,0.0,100,0.0,0.0,2.7183478752108883e+23,0.0,0.0,0,0,0,0,0.0,0,0,0,0,0,0,0,0,0,0,0,0,0,0,0,0,0,0,0,0,0,0,0,0,0,0,0,0,0,0,0,0,0,31,40,40,71,65476,0,300,0,0,8,21553,0.0,-107605600.0,0.0,0.0,0.0,0.0,0.0,0.0,0.0,0.0,0.0,0.0,0.0,0.0,0.0,0.0,0.0,0.0,0.0,0.0,0.0,0.0,-2.004,-0.0,0.0,0.0,0.0,0.0,0.0,0.0,5316.0,-0.0,6935.0,-0.0,0.0,2.004,2.004,0.0,0.0,0.0,0.0,69,126840627200.0,2.718419752660941e+23,0.0,0.0,0.0,0.0,0.0,0.0,0.0,0,0,0,0.0,0.0,0.0,0.0,0.0,0.0,0.0,0.0,0.0,0.0,0.0,0.0,0.0,0.0,0.0,0.0,0,-107875648.0,69,0.0,138,0.0,2.012,ERR,ERR,ERR,ERR,ERR,ERR,ERR,ERR,ERR,ERR,ERR,ERR,ERR,ERR,ERR,ERR,ERR,ERR,ERR,ERR,ERR,ERR,ERR,ERR,ERR,ERR,ERR,ERR,ERR,ERR,ERR,ERR,ERR,ERR,ERR,ERR,ERR,ERR,ERR,ERR,ERR,ERR,ERR,ERR,ERR,ERR,ERR,ERR,ERR,ERR,ERR,ERR,ERR,ERR,ERR,ERR,ERR,ERR,ERR,ERR,ERR,ERR,ERR,ERR,ERR,ERR,ERR,60.0,60.0,35,0.0,0.0,0.0,0.0,0.0,0.0,0.0,0.0,0.0,0.0,0.0,0.0,0.0,0.0,0.0,0.0,65.2,0,112,54,33,65476,0,300,0,0,8,20529,65476,0,0,2621,60.0,0.0,0.0,0.0,0.0,0.0
2026-07-09T15:50:48,ERR,ERR,ERR,ERR,ERR,ERR,ERR,ERR,ERR,ERR,ERR,ERR,ERR,ERR,ERR,ERR,ERR,ERR,ERR,ERR,ERR,ERR,ERR,ERR,ERR,ERR,ERR,ERR,ERR,ERR,ERR,ERR,ERR,ERR,ERR,ERR,ERR,ERR,ERR,ERR,ERR,ERR,ERR,ERR,ERR,ERR,ERR,ERR,ERR,ERR,ERR,ERR,ERR,ERR,ERR,ERR,ERR,ERR,ERR,ERR,ERR,ERR,ERR,ERR,ERR,ERR,ERR,ERR,ERR,ERR,ERR,ERR,ERR,ERR,ERR,ERR,ERR,ERR,ERR,ERR,ERR,ERR,ERR,ERR,ERR,ERR,ERR,ERR,ERR,ERR,ERR,ERR,ERR,ERR,ERR,ERR,ERR,ERR,ERR,ERR,ERR,ERR,ERR,ERR,ERR,ERR,ERR,ERR,ERR,ERR,ERR,ERR,ERR,ERR,ERR,ERR,ERR,ERR,ERR,ERR,ERR,ERR,ERR,ERR,ERR,-0.0,-107615960.0,0.0,2.7183478752108883e+23,2.3109158809863455e+18,7.0435596671174355e+31,-9.70628427958386e+33,-0.003,0,0,4,17305,7116,0.0,100,0.0,0.0,2.7183478752108883e+23,0.0,0.0,0,0,0,0,0.0,0,0,0,0,0,0,0,0,0,0,0,0,0,0,0,0,0,0,0,0,0,0,0,0,0,0,0,0,0,0,0,0,0,31,40,40,71,65476,0,300,0,0,8,21553,0.0,-107605600.0,0.0,0.0,0.0,0.0,0.0,0.0,0.0,0.0,0.0,0.0,0.0,0.0,0.0,0.0,0.0,0.0,0.0,0.0,0.0,0.0,-2.004,-0.0,0.0,0.0,0.0,0.0,0.0,0.0,5316.0,-0.0,6935.0,-0.0,0.0,2.004,2.004,0.0,0.0,0.0,0.0,69,126840627200.0,2.718419752660941e+23,0.0,0.0,0.0,0.0,0.0,0.0,0.0,0,0,0,0.0,0.0,0.0,0.0,0.0,0.0,0.0,0.0,0.0,0.0,0.0,0.0,0.0,0.0,0.0,0.0,0,-107875648.0,69,0.0,138,0.0,2.012,ERR,ERR,ERR,ERR,ERR,ERR,ERR,ERR,ERR,ERR,ERR,ERR,ERR,ERR,ERR,ERR,ERR,ERR,ERR,ERR,ERR,ERR,ERR,ERR,ERR,ERR,ERR,ERR,ERR,ERR,ERR,ERR,ERR,ERR,ERR,ERR,ERR,ERR,ERR,ERR,ERR,ERR,ERR,ERR,ERR,ERR,ERR,ERR,ERR,ERR,ERR,ERR,ERR,ERR,ERR,ERR,ERR,ERR,ERR,ERR,ERR,ERR,ERR,ERR,ERR,ERR,ERR,60.0,60.0,35,0.0,0.0,0.0,0.0,0.0,0.0,0.0,0.0,0.0,0.0,0.0,0.0,0.0,0.0,0.0,0.0,65.2,0,112,54,33,65476,0,300,0,0,8,20529,65476,0,0,2621,60.0,0.0,0.0,0.0,0.0,0.0
2026-07-09T15:50:49,ERR,ERR,ERR,ERR,ERR,ERR,ERR,ERR,ERR,ERR,ERR,ERR,ERR,ERR,ERR,ERR,ERR,ERR,ERR,ERR,ERR,ERR,ERR,ERR,ERR,ERR,ERR,ERR,ERR,ERR,ERR,ERR,ERR,ERR,ERR,ERR,ERR,ERR,ERR,ERR,ERR,ERR,ERR,ERR,ERR,ERR,ERR,ERR,ERR,ERR,ERR,ERR,ERR,ERR,ERR,ERR,ERR,ERR,ERR,ERR,ERR,ERR,ERR,ERR,ERR,ERR,ERR,ERR,ERR,ERR,ERR,ERR,ERR,ERR,ERR,ERR,ERR,ERR,ERR,ERR,ERR,ERR,ERR,ERR,ERR,ERR,ERR,ERR,ERR,ERR,ERR,ERR,ERR,ERR,ERR,ERR,ERR,ERR,ERR,ERR,ERR,ERR,ERR,ERR,ERR,ERR,ERR,ERR,ERR,ERR,ERR,ERR,ERR,ERR,ERR,ERR,ERR,ERR,ERR,ERR,ERR,ERR,ERR,ERR,ERR,-0.0,-107615960.0,0.0,2.7183478752108883e+23,2.3109158809863455e+18,7.0435596671174355e+31,-9.70628427958386e+33,-0.003,0,0,4,17305,7116,0.0,100,0.0,0.0,2.7183478752108883e+23,0.0,0.0,0,0,0,0,0.0,0,0,0,0,0,0,0,0,0,0,0,0,0,0,0,0,0,0,0,0,0,0,0,0,0,0,0,0,0,0,0,0,0,31,40,40,71,65476,0,300,0,0,8,21553,0.0,-107605600.0,0.0,0.0,0.0,0.0,0.0,0.0,0.0,0.0,0.0,0.0,0.0,0.0,0.0,0.0,0.0,0.0,0.0,0.0,0.0,0.0,-2.004,-0.0,0.0,0.0,0.0,0.0,0.0,0.0,5316.0,-0.0,6935.0,-0.0,0.0,2.004,2.004,0.0,0.0,0.0,0.0,69,126840627200.0,2.718419752660941e+23,0.0,0.0,0.0,0.0,0.0,0.0,0.0,0,0,0,0.0,0.0,0.0,0.0,0.0,0.0,0.0,0.0,0.0,0.0,0.0,0.0,0.0,0.0,0.0,0.0,0,-107875648.0,69,0.0,138,0.0,2.012,ERR,ERR,ERR,ERR,ERR,ERR,ERR,ERR,ERR,ERR,ERR,ERR,ERR,ERR,ERR,ERR,ERR,ERR,ERR,ERR,ERR,ERR,ERR,ERR,ERR,ERR,ERR,ERR,ERR,ERR,ERR,ERR,ERR,ERR,ERR,ERR,ERR,ERR,ERR,ERR,ERR,ERR,ERR,ERR,ERR,ERR,ERR,ERR,ERR,ERR,ERR,ERR,ERR,ERR,ERR,ERR,ERR,ERR,ERR,ERR,ERR,ERR,ERR,ERR,ERR,ERR,ERR,60.0,60.0,35,0.0,0.0,0.0,0.0,0.0,0.0,0.0,0.0,0.0,0.0,0.0,0.0,0.0,0.0,0.0,0.0,65.2,0,112,54,33,65476,0,300,0,0,8,20529,65476,0,0,2621,60.0,0.0,0.0,0.0,0.0,0.0
2026-07-09T15:50:50,ERR,ERR,ERR,ERR,ERR,ERR,ERR,ERR,ERR,ERR,ERR,ERR,ERR,ERR,ERR,ERR,ERR,ERR,ERR,ERR,ERR,ERR,ERR,ERR,ERR,ERR,ERR,ERR,ERR,ERR,ERR,ERR,ERR,ERR,ERR,ERR,ERR,ERR,ERR,ERR,ERR,ERR,ERR,ERR,ERR,ERR,ERR,ERR,ERR,ERR,ERR,ERR,ERR,ERR,ERR,ERR,ERR,ERR,ERR,ERR,ERR,ERR,ERR,ERR,ERR,ERR,ERR,ERR,ERR,ERR,ERR,ERR,ERR,ERR,ERR,ERR,ERR,ERR,ERR,ERR,ERR,ERR,ERR,ERR,ERR,ERR,ERR,ERR,ERR,ERR,ERR,ERR,ERR,ERR,ERR,ERR,ERR,ERR,ERR,ERR,ERR,ERR,ERR,ERR,ERR,ERR,ERR,ERR,ERR,ERR,ERR,ERR,ERR,ERR,ERR,ERR,ERR,ERR,ERR,ERR,ERR,ERR,ERR,ERR,ERR,-0.0,-107615960.0,0.0,2.7183478752108883e+23,2.3109158809863455e+18,7.0435596671174355e+31,-9.70628427958386e+33,-0.003,0,0,4,17305,7116,0.0,100,0.0,0.0,2.7183478752108883e+23,0.0,0.0,0,0,0,0,0.0,0,0,0,0,0,0,0,0,0,0,0,0,0,0,0,0,0,0,0,0,0,0,0,0,0,0,0,0,0,0,0,0,0,31,40,40,71,65476,0,300,0,0,8,21553,0.0,-107605600.0,0.0,0.0,0.0,0.0,0.0,0.0,0.0,0.0,0.0,0.0,0.0,0.0,0.0,0.0,0.0,0.0,0.0,0.0,0.0,0.0,-2.004,-0.0,0.0,0.0,0.0,0.0,0.0,0.0,5316.0,-0.0,6935.0,-0.0,0.0,2.004,2.004,0.0,0.0,0.0,0.0,69,126840627200.0,2.718419752660941e+23,0.0,0.0,0.0,0.0,0.0,0.0,0.0,0,0,0,0.0,0.0,0.0,0.0,0.0,0.0,0.0,0.0,0.0,0.0,0.0,0.0,0.0,0.0,0.0,0.0,0,-107875648.0,69,0.0,138,0.0,2.012,ERR,ERR,ERR,ERR,ERR,ERR,ERR,ERR,ERR,ERR,ERR,ERR,ERR,ERR,ERR,ERR,ERR,ERR,ERR,ERR,ERR,ERR,ERR,ERR,ERR,ERR,ERR,ERR,ERR,ERR,ERR,ERR,ERR,ERR,ERR,ERR,ERR,ERR,ERR,ERR,ERR,ERR,ERR,ERR,ERR,ERR,ERR,ERR,ERR,ERR,ERR,ERR,ERR,ERR,ERR,ERR,ERR,ERR,ERR,ERR,ERR,ERR,ERR,ERR,ERR,ERR,ERR,60.0,60.0,35,0.0,0.0,0.0,0.0,0.0,0.0,0.0,0.0,0.0,0.0,0.0,0.0,0.0,0.0,0.0,0.0,65.6,0,112,54,33,65476,0,300,0,0,8,20529,65476,0,0,2621,60.0,0.0,0.0,0.0,0.0,0.0
2026-07-09T15:50:51,ERR,ERR,ERR,ERR,ERR,ERR,ERR,ERR,ERR,ERR,ERR,ERR,ERR,ERR,ERR,ERR,ERR,ERR,ERR,ERR,ERR,ERR,ERR,ERR,ERR,ERR,ERR,ERR,ERR,ERR,ERR,ERR,ERR,ERR,ERR,ERR,ERR,ERR,ERR,ERR,ERR,ERR,ERR,ERR,ERR,ERR,ERR,ERR,ERR,ERR,ERR,ERR,ERR,ERR,ERR,ERR,ERR,ERR,ERR,ERR,ERR,ERR,ERR,ERR,ERR,ERR,ERR,ERR,ERR,ERR,ERR,ERR,ERR,ERR,ERR,ERR,ERR,ERR,ERR,ERR,ERR,ERR,ERR,ERR,ERR,ERR,ERR,ERR,ERR,ERR,ERR,ERR,ERR,ERR,ERR,ERR,ERR,ERR,ERR,ERR,ERR,ERR,ERR,ERR,ERR,ERR,ERR,ERR,ERR,ERR,ERR,ERR,ERR,ERR,ERR,ERR,ERR,ERR,ERR,ERR,ERR,ERR,ERR,ERR,ERR,-0.0,0.0,-107090496.0,0.0,0.0,0.0,-0.0,1.8100956286945161e+21,0,0,4,17305,7116,0.0,100,0.0,0.0,0.0,0.0,0.0,0,0,0,0,0.0,0,0,0,0,0,0,0,0,0,0,0,0,0,0,0,0,0,0,0,0,0,0,0,0,0,0,0,0,0,0,0,0,0,31,40,40,71,65476,0,300,0,0,8,21553,0.0,-107605600.0,0.0,0.0,0.0,0.0,0.0,0.0,0.0,0.0,0.0,0.0,0.0,0.0,0.0,0.0,0.0,0.0,0.0,0.0,0.0,0.0,-2.004,-0.0,0.0,0.0,0.0,0.0,0.0,0.0,5315.0,-0.0,6932.0,-0.0,2.718444072098929e+23,2.004,2.004,0.0,0.0,0.0,0.0,69,126840627200.0,2.718419752660941e+23,0.0,0.0,0.0,0.0,0.0,0.0,0.0,0,0,0,0.0,0.0,0.0,0.0,0.0,0.0,0.0,0.0,0.0,0.0,0.0,0.0,0.0,0.0,0.0,0.0,0,-107875648.0,69,0.0,138,0.0,2.012,ERR,ERR,ERR,ERR,ERR,ERR,ERR,ERR,ERR,ERR,ERR,ERR,ERR,ERR,ERR,ERR,ERR,ERR,ERR,ERR,ERR,ERR,ERR,ERR,ERR,ERR,ERR,ERR,ERR,ERR,ERR,ERR,ERR,ERR,ERR,ERR,ERR,ERR,ERR,ERR,ERR,ERR,ERR,ERR,ERR,ERR,ERR,ERR,ERR,ERR,ERR,ERR,ERR,ERR,ERR,ERR,ERR,ERR,ERR,ERR,ERR,ERR,ERR,ERR,ERR,ERR,ERR,60.0,60.0,35,0.0,0.0,0.0,0.0,0.0,0.0,0.0,0.0,0.0,0.0,0.0,0.0,0.0,0.0,0.0,0.0,65.6,0,112,54,33,65476,0,300,0,0,8,20529,65476,0,0,2621,60.0,0.0,0.0,0.0,0.0,0.0
2026-07-09T15:50:52,ERR,ERR,ERR,ERR,ERR,ERR,ERR,ERR,ERR,ERR,ERR,ERR,ERR,ERR,ERR,ERR,ERR,ERR,ERR,ERR,ERR,ERR,ERR,ERR,ERR,ERR,ERR,ERR,ERR,ERR,ERR,ERR,ERR,ERR,ERR,ERR,ERR,ERR,ERR,ERR,ERR,ERR,ERR,ERR,ERR,ERR,ERR,ERR,ERR,ERR,ERR,ERR,ERR,ERR,ERR,ERR,ERR,ERR,ERR,ERR,ERR,ERR,ERR,ERR,ERR,ERR,ERR,ERR,ERR,ERR,ERR,ERR,ERR,ERR,ERR,ERR,ERR,ERR,ERR,ERR,ERR,ERR,ERR,ERR,ERR,ERR,ERR,ERR,ERR,ERR,ERR,ERR,ERR,ERR,ERR,ERR,ERR,ERR,ERR,ERR,ERR,ERR,ERR,ERR,ERR,ERR,ERR,ERR,ERR,ERR,ERR,ERR,ERR,ERR,ERR,ERR,ERR,ERR,ERR,ERR,ERR,ERR,ERR,ERR,ERR,-0.0,0.0,-107090496.0,0.0,0.0,0.0,-0.0,1.8100956286945161e+21,0,0,4,17305,7116,0.0,100,0.0,0.0,0.0,0.0,0.0,0,0,0,0,0.0,0,0,0,0,0,0,0,0,0,0,0,0,0,0,0,0,0,0,0,0,0,0,0,0,0,0,0,0,0,0,0,0,0,31,40,40,71,65476,0,300,0,0,8,21553,0.0,-107605600.0,0.0,0.0,0.0,0.0,0.0,0.0,0.0,0.0,0.0,0.0,0.0,0.0,0.0,0.0,0.0,0.0,0.0,0.0,0.0,0.0,-2.004,-0.0,0.0,0.0,0.0,0.0,0.0,0.0,5315.0,-0.0,6932.0,-0.0,2.718444072098929e+23,2.004,2.004,0.0,0.0,0.0,0.0,69,126840627200.0,2.718419752660941e+23,0.0,0.0,0.0,0.0,0.0,0.0,0.0,0,0,0,0.0,0.0,0.0,0.0,0.0,0.0,0.0,0.0,0.0,0.0,0.0,0.0,0.0,0.0,0.0,0.0,0,-107875648.0,69,0.0,138,0.0,2.012,ERR,ERR,ERR,ERR,ERR,ERR,ERR,ERR,ERR,ERR,ERR,ERR,ERR,ERR,ERR,ERR,ERR,ERR,ERR,ERR,ERR,ERR,ERR,ERR,ERR,ERR,ERR,ERR,ERR,ERR,ERR,ERR,ERR,ERR,ERR,ERR,ERR,ERR,ERR,ERR,ERR,ERR,ERR,ERR,ERR,ERR,ERR,ERR,ERR,ERR,ERR,ERR,ERR,ERR,ERR,ERR,ERR,ERR,ERR,ERR,ERR,ERR,ERR,ERR,ERR,ERR,ERR,60.0,60.0,35,0.0,0.0,0.0,0.0,0.0,0.0,0.0,0.0,0.0,0.0,0.0,0.0,0.0,0.0,0.0,0.0,65.2,0,112,54,33,65476,0,300,0,0,8,20529,65476,0,0,2621,60.0,0.0,0.0,0.0,0.0,0.0
2026-07-09T15:50:53,ERR,ERR,ERR,ERR,ERR,ERR,ERR,ERR,ERR,ERR,ERR,ERR,ERR,ERR,ERR,ERR,ERR,ERR,ERR,ERR,ERR,ERR,ERR,ERR,ERR,ERR,ERR,ERR,ERR,ERR,ERR,ERR,ERR,ERR,ERR,ERR,ERR,ERR,ERR,ERR,ERR,ERR,ERR,ERR,ERR,ERR,ERR,ERR,ERR,ERR,ERR,ERR,ERR,ERR,ERR,ERR,ERR,ERR,ERR,ERR,ERR,ERR,ERR,ERR,ERR,ERR,ERR,ERR,ERR,ERR,ERR,ERR,ERR,ERR,ERR,ERR,ERR,ERR,ERR,ERR,ERR,ERR,ERR,ERR,ERR,ERR,ERR,ERR,ERR,ERR,ERR,ERR,ERR,ERR,ERR,ERR,ERR,ERR,ERR,ERR,ERR,ERR,ERR,ERR,ERR,ERR,ERR,ERR,ERR,ERR,ERR,ERR,ERR,ERR,ERR,ERR,ERR,ERR,ERR,ERR,ERR,ERR,ERR,ERR,ERR,-0.0,0.0,-107090496.0,0.0,0.0,0.0,-0.0,1.8100956286945161e+21,0,0,4,17305,7116,0.0,100,0.0,0.0,0.0,0.0,0.0,0,0,0,0,0.0,0,0,0,0,0,0,0,0,0,0,0,0,0,0,0,0,0,0,0,0,0,0,0,0,0,0,0,0,0,0,0,0,0,31,40,40,71,65476,0,300,0,0,8,21553,0.0,-107605600.0,0.0,0.0,0.0,0.0,0.0,0.0,0.0,0.0,0.0,0.0,0.0,0.0,0.0,0.0,0.0,0.0,0.0,0.0,0.0,0.0,-2.004,-0.0,0.0,0.0,0.0,0.0,0.0,0.0,5315.0,-0.0,6932.0,-0.0,2.718444072098929e+23,2.004,2.004,0.0,0.0,0.0,0.0,69,126840627200.0,2.718419752660941e+23,0.0,0.0,0.0,0.0,0.0,0.0,0.0,0,0,0,0.0,0.0,0.0,0.0,0.0,0.0,0.0,0.0,0.0,0.0,0.0,0.0,0.0,0.0,0.0,0.0,0,-107875648.0,69,0.0,138,0.0,2.012,ERR,ERR,ERR,ERR,ERR,ERR,ERR,ERR,ERR,ERR,ERR,ERR,ERR,ERR,ERR,ERR,ERR,ERR,ERR,ERR,ERR,ERR,ERR,ERR,ERR,ERR,ERR,ERR,ERR,ERR,ERR,ERR,ERR,ERR,ERR,ERR,ERR,ERR,ERR,ERR,ERR,ERR,ERR,ERR,ERR,ERR,ERR,ERR,ERR,ERR,ERR,ERR,ERR,ERR,ERR,ERR,ERR,ERR,ERR,ERR,ERR,ERR,ERR,ERR,ERR,ERR,ERR,60.0,60.0,35,0.0,0.0,0.0,0.0,0.0,0.0,0.0,0.0,0.0,0.0,0.0,0.0,0.0,0.0,0.0,0.0,65.2,0,112,54,33,65476,0,300,0,0,8,20529,65476,0,0,2621,60.0,0.0,0.0,0.0,0.0,0.0
2026-07-09T15:50:54,ERR,ERR,ERR,ERR,ERR,ERR,ERR,ERR,ERR,ERR,ERR,ERR,ERR,ERR,ERR,ERR,ERR,ERR,ERR,ERR,ERR,ERR,ERR,ERR,ERR,ERR,ERR,ERR,ERR,ERR,ERR,ERR,ERR,ERR,ERR,ERR,ERR,ERR,ERR,ERR,ERR,ERR,ERR,ERR,ERR,ERR,ERR,ERR,ERR,ERR,ERR,ERR,ERR,ERR,ERR,ERR,ERR,ERR,ERR,ERR,ERR,ERR,ERR,ERR,ERR,ERR,ERR,ERR,ERR,ERR,ERR,ERR,ERR,ERR,ERR,ERR,ERR,ERR,ERR,ERR,ERR,ERR,ERR,ERR,ERR,ERR,ERR,ERR,ERR,ERR,ERR,ERR,ERR,ERR,ERR,ERR,ERR,ERR,ERR,ERR,ERR,ERR,ERR,ERR,ERR,ERR,ERR,ERR,ERR,ERR,ERR,ERR,ERR,ERR,ERR,ERR,ERR,ERR,ERR,ERR,ERR,ERR,ERR,ERR,ERR,-0.0,0.0,-107090496.0,0.0,0.0,0.0,-0.0,1.8100956286945161e+21,0,0,4,17305,7116,0.0,100,0.0,0.0,0.0,0.0,0.0,0,0,0,0,0.0,0,0,0,0,0,0,0,0,0,0,0,0,0,0,0,0,0,0,0,0,0,0,0,0,0,0,0,0,0,0,0,0,0,31,40,40,71,65476,0,300,0,0,8,21553,0.0,-107605600.0,0.0,0.0,0.0,0.0,0.0,0.0,0.0,0.0,0.0,0.0,0.0,0.0,0.0,0.0,0.0,0.0,0.0,0.0,0.0,0.0,-2.004,-0.0,0.0,0.0,0.0,0.0,0.0,0.0,5315.0,-0.0,6932.0,-0.0,2.718444072098929e+23,2.004,2.004,0.0,0.0,0.0,0.0,69,126840627200.0,2.718419752660941e+23,0.0,0.0,0.0,0.0,0.0,0.0,0.0,0,0,0,0.0,0.0,0.0,0.0,0.0,0.0,0.0,0.0,0.0,0.0,0.0,0.0,0.0,0.0,0.0,0.0,0,-107875648.0,69,0.0,138,0.0,2.012,ERR,ERR,ERR,ERR,ERR,ERR,ERR,ERR,ERR,ERR,ERR,ERR,ERR,ERR,ERR,ERR,ERR,ERR,ERR,ERR,ERR,ERR,ERR,ERR,ERR,ERR,ERR,ERR,ERR,ERR,ERR,ERR,ERR,ERR,ERR,ERR,ERR,ERR,ERR,ERR,ERR,ERR,ERR,ERR,ERR,ERR,ERR,ERR,ERR,ERR,ERR,ERR,ERR,ERR,ERR,ERR,ERR,ERR,ERR,ERR,ERR,ERR,ERR,ERR,ERR,ERR,ERR,60.0,60.0,35,0.0,0.0,0.0,0.0,0.0,0.0,0.0,0.0,0.0,0.0,0.0,0.0,0.0,0.0,0.0,0.0,65.6,0,113,54,33,65476,0,300,0,0,8,20529,65476,0,0,2621,60.0,0.0,0.0,0.0,0.0,0.0
2026-07-09T15:50:55,ERR,ERR,ERR,ERR,ERR,ERR,ERR,ERR,ERR,ERR,ERR,ERR,ERR,ERR,ERR,ERR,ERR,ERR,ERR,ERR,ERR,ERR,ERR,ERR,ERR,ERR,ERR,ERR,ERR,ERR,ERR,ERR,ERR,ERR,ERR,ERR,ERR,ERR,ERR,ERR,ERR,ERR,ERR,ERR,ERR,ERR,ERR,ERR,ERR,ERR,ERR,ERR,ERR,ERR,ERR,ERR,ERR,ERR,ERR,ERR,ERR,ERR,ERR,ERR,ERR,ERR,ERR,ERR,ERR,ERR,ERR,ERR,ERR,ERR,ERR,ERR,ERR,ERR,ERR,ERR,ERR,ERR,ERR,ERR,ERR,ERR,ERR,ERR,ERR,ERR,ERR,ERR,ERR,ERR,ERR,ERR,ERR,ERR,ERR,ERR,ERR,ERR,ERR,ERR,ERR,ERR,ERR,ERR,ERR,ERR,ERR,ERR,ERR,ERR,ERR,ERR,ERR,ERR,ERR,ERR,ERR,ERR,ERR,ERR,ERR,-0.0,0.0,-107090496.0,0.0,0.0,0.0,-0.0,1.8100956286945161e+21,0,0,4,17305,7116,0.0,100,0.0,0.0,0.0,0.0,0.0,0,0,0,0,0.0,0,0,0,0,0,0,0,0,0,0,0,0,0,0,0,0,0,0,0,0,0,0,0,0,0,0,0,0,0,0,0,0,0,31,40,40,71,65476,0,300,0,0,8,21553,0.0,-107605600.0,0.0,0.0,0.0,0.0,0.0,0.0,0.0,0.0,0.0,0.0,0.0,0.0,0.0,0.0,0.0,0.0,0.0,0.0,0.0,0.0,-2.004,-0.0,0.0,0.0,0.0,0.0,0.0,0.0,5315.0,-0.0,6932.0,-0.0,2.718444072098929e+23,2.004,2.004,0.0,0.0,0.0,0.0,69,126840627200.0,2.718419752660941e+23,0.0,0.0,0.0,0.0,0.0,0.0,0.0,0,0,0,0.0,0.0,0.0,0.0,0.0,0.0,0.0,0.0,0.0,0.0,0.0,0.0,0.0,0.0,0.0,0.0,0,-107875648.0,69,0.0,138,0.0,2.012,ERR,ERR,ERR,ERR,ERR,ERR,ERR,ERR,ERR,ERR,ERR,ERR,ERR,ERR,ERR,ERR,ERR,ERR,ERR,ERR,ERR,ERR,ERR,ERR,ERR,ERR,ERR,ERR,ERR,ERR,ERR,ERR,ERR,ERR,ERR,ERR,ERR,ERR,ERR,ERR,ERR,ERR,ERR,ERR,ERR,ERR,ERR,ERR,ERR,ERR,ERR,ERR,ERR,ERR,ERR,ERR,ERR,ERR,ERR,ERR,ERR,ERR,ERR,ERR,ERR,ERR,ERR,60.0,60.0,35,0.0,0.0,0.0,0.0,0.0,0.0,0.0,0.0,0.0,0.0,0.0,0.0,0.0,0.0,0.0,0.0,65.2,0,113,54,33,65476,0,300,0,0,8,20529,65476,0,0,2621,60.0,0.0,0.0,0.0,0.0,0.0
2026-07-09T15:50:56,ERR,ERR,ERR,ERR,ERR,ERR,ERR,ERR,ERR,ERR,ERR,ERR,ERR,ERR,ERR,ERR,ERR,ERR,ERR,ERR,ERR,ERR,ERR,ERR,ERR,ERR,ERR,ERR,ERR,ERR,ERR,ERR,ERR,ERR,ERR,ERR,ERR,ERR,ERR,ERR,ERR,ERR,ERR,ERR,ERR,ERR,ERR,ERR,ERR,ERR,ERR,ERR,ERR,ERR,ERR,ERR,ERR,ERR,ERR,ERR,ERR,ERR,ERR,ERR,ERR,ERR,ERR,ERR,ERR,ERR,ERR,ERR,ERR,ERR,ERR,ERR,ERR,ERR,ERR,ERR,ERR,ERR,ERR,ERR,ERR,ERR,ERR,ERR,ERR,ERR,ERR,ERR,ERR,ERR,ERR,ERR,ERR,ERR,ERR,ERR,ERR,ERR,ERR,ERR,ERR,ERR,ERR,ERR,ERR,ERR,ERR,ERR,ERR,ERR,ERR,ERR,ERR,ERR,ERR,ERR,ERR,ERR,ERR,ERR,ERR,-0.0,-0.0,-0.0,0.0,0.0,0.0,-0.0,1.014127115541194e+35,0,0,4,17303,7116,0.0,100,0.0,0.0,0.0,0.0,0.0,0,0,0,0,0.0,0,0,0,0,0,0,0,0,0,0,0,0,0,0,0,0,0,0,0,0,0,0,0,0,0,0,0,0,0,0,0,0,0,31,40,40,71,65476,0,300,0,0,8,21553,0.0,-107605600.0,0.0,0.0,0.0,0.0,0.0,0.0,0.0,0.0,0.0,0.0,0.0,0.0,0.0,0.0,0.0,0.0,0.0,0.0,0.0,0.0,-2.004,-3.697065187345642e+19,0.0,0.0,0.0,0.0,0.0,0.0,5321.0,-0.0,6935.0,-0.0,-0.0,2.004,2.004,0.0,0.0,0.0,0.0,69,-0.0,2.718419752660941e+23,0.0,0.0,0.0,0.0,0.0,0.0,0.0,0,0,0,0.0,0.0,0.0,0.0,0.0,0.0,0.0,0.0,0.0,0.0,0.0,0.0,0.0,0.0,0.0,0.0,0,-107875648.0,69,0.0,138,0.0,2.012,ERR,ERR,ERR,ERR,ERR,ERR,ERR,ERR,ERR,ERR,ERR,ERR,ERR,ERR,ERR,ERR,ERR,ERR,ERR,ERR,ERR,ERR,ERR,ERR,ERR,ERR,ERR,ERR,ERR,ERR,ERR,ERR,ERR,ERR,ERR,ERR,ERR,ERR,ERR,ERR,ERR,ERR,ERR,ERR,ERR,ERR,ERR,ERR,ERR,ERR,ERR,ERR,ERR,ERR,ERR,ERR,ERR,ERR,ERR,ERR,ERR,ERR,ERR,ERR,ERR,ERR,ERR,60.0,60.0,35,0.0,0.0,0.0,0.0,0.0,0.0,0.0,0.0,0.0,0.0,0.0,0.0,0.0,0.0,0.0,0.0,65.2,0,113,54,33,65476,0,300,0,0,8,20529,65476,0,0,2621,60.0,0.0,0.0,0.0,0.0,0.0
2026-07-09T15:50:57,ERR,ERR,ERR,ERR,ERR,ERR,ERR,ERR,ERR,ERR,ERR,ERR,ERR,ERR,ERR,ERR,ERR,ERR,ERR,ERR,ERR,ERR,ERR,ERR,ERR,ERR,ERR,ERR,ERR,ERR,ERR,ERR,ERR,ERR,ERR,ERR,ERR,ERR,ERR,ERR,ERR,ERR,ERR,ERR,ERR,ERR,ERR,ERR,ERR,ERR,ERR,ERR,ERR,ERR,ERR,ERR,ERR,ERR,ERR,ERR,ERR,ERR,ERR,ERR,ERR,ERR,ERR,ERR,ERR,ERR,ERR,ERR,ERR,ERR,ERR,ERR,ERR,ERR,ERR,ERR,ERR,ERR,ERR,ERR,ERR,ERR,ERR,ERR,ERR,ERR,ERR,ERR,ERR,ERR,ERR,ERR,ERR,ERR,ERR,ERR,ERR,ERR,ERR,ERR,ERR,ERR,ERR,ERR,ERR,ERR,ERR,ERR,ERR,ERR,ERR,ERR,ERR,ERR,ERR,ERR,ERR,ERR,ERR,ERR,ERR,-0.0,-0.0,-0.0,0.0,0.0,0.0,-0.0,1.014127115541194e+35,0,0,4,17303,7116,0.0,100,0.0,0.0,0.0,0.0,0.0,0,0,0,0,0.0,0,0,0,0,0,0,0,0,0,0,0,0,0,0,0,0,0,0,0,0,0,0,0,0,0,0,0,0,0,0,0,0,0,31,40,40,71,65476,0,300,0,0,8,21553,0.0,-107605600.0,0.0,0.0,0.0,0.0,0.0,0.0,0.0,0.0,0.0,0.0,0.0,0.0,0.0,0.0,0.0,0.0,0.0,0.0,0.0,0.0,-2.004,-3.697065187345642e+19,0.0,0.0,0.0,0.0,0.0,0.0,5321.0,-0.0,6935.0,-0.0,-0.0,2.004,2.004,0.0,0.0,0.0,0.0,69,-0.0,2.718419752660941e+23,0.0,0.0,0.0,0.0,0.0,0.0,0.0,0,0,0,0.0,0.0,0.0,0.0,0.0,0.0,0.0,0.0,0.0,0.0,0.0,0.0,0.0,0.0,0.0,0.0,0,-107875648.0,69,0.0,138,0.0,2.012,ERR,ERR,ERR,ERR,ERR,ERR,ERR,ERR,ERR,ERR,ERR,ERR,ERR,ERR,ERR,ERR,ERR,ERR,ERR,ERR,ERR,ERR,ERR,ERR,ERR,ERR,ERR,ERR,ERR,ERR,ERR,ERR,ERR,ERR,ERR,ERR,ERR,ERR,ERR,ERR,ERR,ERR,ERR,ERR,ERR,ERR,ERR,ERR,ERR,ERR,ERR,ERR,ERR,ERR,ERR,ERR,ERR,ERR,ERR,ERR,ERR,ERR,ERR,ERR,ERR,ERR,ERR,60.0,60.0,35,0.0,0.0,0.0,0.0,0.0,0.0,0.0,0.0,0.0,0.0,0.0,0.0,0.0,0.0,0.0,0.0,65.2,0,113,54,33,65476,0,300,0,0,8,20529,65476,0,0,2621,60.0,0.0,0.0,0.0,0.0,0.0
2026-07-09T15:50:58,ERR,ERR,ERR,ERR,ERR,ERR,ERR,ERR,ERR,ERR,ERR,ERR,ERR,ERR,ERR,ERR,ERR,ERR,ERR,ERR,ERR,ERR,ERR,ERR,ERR,ERR,ERR,ERR,ERR,ERR,ERR,ERR,ERR,ERR,ERR,ERR,ERR,ERR,ERR,ERR,ERR,ERR,ERR,ERR,ERR,ERR,ERR,ERR,ERR,ERR,ERR,ERR,ERR,ERR,ERR,ERR,ERR,ERR,ERR,ERR,ERR,ERR,ERR,ERR,ERR,ERR,ERR,ERR,ERR,ERR,ERR,ERR,ERR,ERR,ERR,ERR,ERR,ERR,ERR,ERR,ERR,ERR,ERR,ERR,ERR,ERR,ERR,ERR,ERR,ERR,ERR,ERR,ERR,ERR,ERR,ERR,ERR,ERR,ERR,ERR,ERR,ERR,ERR,ERR,ERR,ERR,ERR,ERR,ERR,ERR,ERR,ERR,ERR,ERR,ERR,ERR,ERR,ERR,ERR,ERR,ERR,ERR,ERR,ERR,ERR,-0.0,-0.0,-0.0,0.0,0.0,0.0,-0.0,1.014127115541194e+35,0,0,4,17303,7116,0.0,100,0.0,0.0,0.0,0.0,0.0,0,0,0,0,0.0,0,0,0,0,0,0,0,0,0,0,0,0,0,0,0,0,0,0,0,0,0,0,0,0,0,0,0,0,0,0,0,0,0,31,40,40,71,65476,0,300,0,0,8,21553,0.0,-107605600.0,0.0,0.0,0.0,0.0,0.0,0.0,0.0,0.0,0.0,0.0,0.0,0.0,0.0,0.0,0.0,0.0,0.0,0.0,0.0,0.0,-2.004,-3.697065187345642e+19,0.0,0.0,0.0,0.0,0.0,0.0,5321.0,-0.0,6935.0,-0.0,-0.0,2.004,2.004,0.0,0.0,0.0,0.0,69,-0.0,2.718419752660941e+23,0.0,0.0,0.0,0.0,0.0,0.0,0.0,0,0,0,0.0,0.0,0.0,0.0,0.0,0.0,0.0,0.0,0.0,0.0,0.0,0.0,0.0,0.0,0.0,0.0,0,-107875648.0,69,0.0,138,0.0,2.012,ERR,ERR,ERR,ERR,ERR,ERR,ERR,ERR,ERR,ERR,ERR,ERR,ERR,ERR,ERR,ERR,ERR,ERR,ERR,ERR,ERR,ERR,ERR,ERR,ERR,ERR,ERR,ERR,ERR,ERR,ERR,ERR,ERR,ERR,ERR,ERR,ERR,ERR,ERR,ERR,ERR,ERR,ERR,ERR,ERR,ERR,ERR,ERR,ERR,ERR,ERR,ERR,ERR,ERR,ERR,ERR,ERR,ERR,ERR,ERR,ERR,ERR,ERR,ERR,ERR,ERR,ERR,60.0,60.0,35,0.0,0.0,0.0,0.0,0.0,0.0,0.0,0.0,0.0,0.0,0.0,0.0,0.0,0.0,0.0,0.0,65.2,0,113,54,33,65476,0,300,0,0,8,20529,65476,0,0,2621,60.0,0.0,0.0,0.0,0.0,0.0
2026-07-09T15:50:59,ERR,ERR,ERR,ERR,ERR,ERR,ERR,ERR,ERR,ERR,ERR,ERR,ERR,ERR,ERR,ERR,ERR,ERR,ERR,ERR,ERR,ERR,ERR,ERR,ERR,ERR,ERR,ERR,ERR,ERR,ERR,ERR,ERR,ERR,ERR,ERR,ERR,ERR,ERR,ERR,ERR,ERR,ERR,ERR,ERR,ERR,ERR,ERR,ERR,ERR,ERR,ERR,ERR,ERR,ERR,ERR,ERR,ERR,ERR,ERR,ERR,ERR,ERR,ERR,ERR,ERR,ERR,ERR,ERR,ERR,ERR,ERR,ERR,ERR,ERR,ERR,ERR,ERR,ERR,ERR,ERR,ERR,ERR,ERR,ERR,ERR,ERR,ERR,ERR,ERR,ERR,ERR,ERR,ERR,ERR,ERR,ERR,ERR,ERR,ERR,ERR,ERR,ERR,ERR,ERR,ERR,ERR,ERR,ERR,ERR,ERR,ERR,ERR,ERR,ERR,ERR,ERR,ERR,ERR,ERR,ERR,ERR,ERR,ERR,ERR,-0.0,-0.0,-0.0,0.0,0.0,0.0,-0.0,1.014127115541194e+35,0,0,4,17303,7116,0.0,100,0.0,0.0,0.0,0.0,0.0,0,0,0,0,0.0,0,0,0,0,0,0,0,0,0,0,0,0,0,0,0,0,0,0,0,0,0,0,0,0,0,0,0,0,0,0,0,0,0,31,40,40,71,65476,0,300,0,0,8,21553,0.0,-107605600.0,0.0,0.0,0.0,0.0,0.0,0.0,0.0,0.0,0.0,0.0,0.0,0.0,0.0,0.0,0.0,0.0,0.0,0.0,0.0,0.0,-2.004,-3.697065187345642e+19,0.0,0.0,0.0,0.0,0.0,0.0,5321.0,-0.0,6935.0,-0.0,-0.0,2.004,2.004,0.0,0.0,0.0,0.0,69,-0.0,2.718419752660941e+23,0.0,0.0,0.0,0.0,0.0,0.0,0.0,0,0,0,0.0,0.0,0.0,0.0,0.0,0.0,0.0,0.0,0.0,0.0,0.0,0.0,0.0,0.0,0.0,0.0,0,-107875648.0,69,0.0,138,0.0,2.012,ERR,ERR,ERR,ERR,ERR,ERR,ERR,ERR,ERR,ERR,ERR,ERR,ERR,ERR,ERR,ERR,ERR,ERR,ERR,ERR,ERR,ERR,ERR,ERR,ERR,ERR,ERR,ERR,ERR,ERR,ERR,ERR,ERR,ERR,ERR,ERR,ERR,ERR,ERR,ERR,ERR,ERR,ERR,ERR,ERR,ERR,ERR,ERR,ERR,ERR,ERR,ERR,ERR,ERR,ERR,ERR,ERR,ERR,ERR,ERR,ERR,ERR,ERR,ERR,ERR,ERR,ERR,60.0,60.0,35,0.0,0.0,0.0,0.0,0.0,0.0,0.0,0.0,0.0,0.0,0.0,0.0,0.0,0.0,0.0,0.0,65.2,0,113,55,33,65476,0,300,0,0,8,20529,65476,0,0,2621,60.0,0.0,0.0,0.0,0.0,0.0
2026-07-09T15:51:00,ERR,ERR,ERR,ERR,ERR,ERR,ERR,ERR,ERR,ERR,ERR,ERR,ERR,ERR,ERR,ERR,ERR,ERR,ERR,ERR,ERR,ERR,ERR,ERR,ERR,ERR,ERR,ERR,ERR,ERR,ERR,ERR,ERR,ERR,ERR,ERR,ERR,ERR,ERR,ERR,ERR,ERR,ERR,ERR,ERR,ERR,ERR,ERR,ERR,ERR,ERR,ERR,ERR,ERR,ERR,ERR,ERR,ERR,ERR,ERR,ERR,ERR,ERR,ERR,ERR,ERR,ERR,ERR,ERR,ERR,ERR,ERR,ERR,ERR,ERR,ERR,ERR,ERR,ERR,ERR,ERR,ERR,ERR,ERR,ERR,ERR,ERR,ERR,ERR,ERR,ERR,ERR,ERR,ERR,ERR,ERR,ERR,ERR,ERR,ERR,ERR,ERR,ERR,ERR,ERR,ERR,ERR,ERR,ERR,ERR,ERR,ERR,ERR,ERR,ERR,ERR,ERR,ERR,ERR,ERR,ERR,ERR,ERR,ERR,ERR,-0.0,-0.0,-0.0,0.0,0.0,0.0,-0.0,1.014127115541194e+35,0,0,4,17303,7116,0.0,100,0.0,0.0,0.0,0.0,0.0,0,0,0,0,0.0,0,0,0,0,0,0,0,0,0,0,0,0,0,0,0,0,0,0,0,0,0,0,0,0,0,0,0,0,0,0,0,0,0,31,40,40,71,65476,0,300,0,0,8,21553,0.0,-107605600.0,0.0,0.0,0.0,0.0,0.0,0.0,0.0,0.0,0.0,0.0,0.0,0.0,0.0,0.0,0.0,0.0,0.0,0.0,0.0,0.0,-2.004,-3.697065187345642e+19,0.0,0.0,0.0,0.0,0.0,0.0,5321.0,-0.0,6935.0,-0.0,-0.0,2.004,2.004,0.0,0.0,0.0,0.0,69,-0.0,2.718419752660941e+23,0.0,0.0,0.0,0.0,0.0,0.0,0.0,0,0,0,0.0,0.0,0.0,0.0,0.0,0.0,0.0,0.0,0.0,0.0,0.0,0.0,0.0,0.0,0.0,0.0,0,-107875648.0,69,0.0,138,0.0,2.012,ERR,ERR,ERR,ERR,ERR,ERR,ERR,ERR,ERR,ERR,ERR,ERR,ERR,ERR,ERR,ERR,ERR,ERR,ERR,ERR,ERR,ERR,ERR,ERR,ERR,ERR,ERR,ERR,ERR,ERR,ERR,ERR,ERR,ERR,ERR,ERR,ERR,ERR,ERR,ERR,ERR,ERR,ERR,ERR,ERR,ERR,ERR,ERR,ERR,ERR,ERR,ERR,ERR,ERR,ERR,ERR,ERR,ERR,ERR,ERR,ERR,ERR,ERR,ERR,ERR,ERR,ERR,60.0,60.0,35,0.0,0.0,0.0,0.0,0.0,0.0,0.0,0.0,0.0,0.0,0.0,0.0,0.0,0.0,0.0,0.0,65.2,0,113,55,33,65476,0,300,0,0,8,20529,65476,0,0,2621,60.0,0.0,0.0,0.0,0.0,0.0
2026-07-09T15:51:01,ERR,ERR,ERR,ERR,ERR,ERR,ERR,ERR,ERR,ERR,ERR,ERR,ERR,ERR,ERR,ERR,ERR,ERR,ERR,ERR,ERR,ERR,ERR,ERR,ERR,ERR,ERR,ERR,ERR,ERR,ERR,ERR,ERR,ERR,ERR,ERR,ERR,ERR,ERR,ERR,ERR,ERR,ERR,ERR,ERR,ERR,ERR,ERR,ERR,ERR,ERR,ERR,ERR,ERR,ERR,ERR,ERR,ERR,ERR,ERR,ERR,ERR,ERR,ERR,ERR,ERR,ERR,ERR,ERR,ERR,ERR,ERR,ERR,ERR,ERR,ERR,ERR,ERR,ERR,ERR,ERR,ERR,ERR,ERR,ERR,ERR,ERR,ERR,ERR,ERR,ERR,ERR,ERR,ERR,ERR,ERR,ERR,ERR,ERR,ERR,ERR,ERR,ERR,ERR,ERR,ERR,ERR,ERR,ERR,ERR,ERR,ERR,ERR,ERR,ERR,ERR,ERR,ERR,ERR,ERR,ERR,ERR,ERR,ERR,ERR,0.0,-0.0,0.0,0.0,-1.024273885463781e+31,-2.5005110233617857e+32,-0.0,-0.0,0,0,4,17308,7116,0.0,100,0.0,0.0,0.0,0.0,0.0,0,0,0,0,0.0,0,0,0,0,0,0,0,0,0,0,0,0,0,0,0,0,0,0,0,0,0,0,0,0,0,0,0,0,0,0,0,0,0,31,40,40,71,65476,0,300,0,0,8,21553,0.0,-107605600.0,0.0,0.0,0.0,0.0,0.0,0.0,0.0,0.0,0.0,0.0,0.0,0.0,0.0,0.0,0.0,0.0,0.0,0.0,0.0,0.0,-0.0,-3.697065187345642e+19,0.0,0.0,0.0,0.0,0.0,0.0,5319.0,-0.0,6932.0,0.0,-0.0,2.004,2.004,0.0,0.0,0.0,0.0,69,5.8480600407083296e+35,89220.664,0.0,0.0,0.0,0.0,0.0,0.0,0.0,0,0,0,0.0,0.0,0.0,0.0,0.0,0.0,0.0,0.0,0.0,0.0,0.0,0.0,0.0,0.0,0.0,0.0,0,-107875648.0,69,0.0,138,0.0,2.012,ERR,ERR,ERR,ERR,ERR,ERR,ERR,ERR,ERR,ERR,ERR,ERR,ERR,ERR,ERR,ERR,ERR,ERR,ERR,ERR,ERR,ERR,ERR,ERR,ERR,ERR,ERR,ERR,ERR,ERR,ERR,ERR,ERR,ERR,ERR,ERR,ERR,ERR,ERR,ERR,ERR,ERR,ERR,ERR,ERR,ERR,ERR,ERR,ERR,ERR,ERR,ERR,ERR,ERR,ERR,ERR,ERR,ERR,ERR,ERR,ERR,ERR,ERR,ERR,ERR,ERR,ERR,60.0,60.0,35,0.0,0.0,0.0,0.0,0.0,0.0,0.0,0.0,0.0,0.0,0.0,0.0,0.0,0.0,0.0,0.0,65.2,0,113,55,33,65476,0,300,0,0,8,20529,65476,0,0,2621,60.0,0.0,0.0,0.0,0.0,0.0
2026-07-09T15:51:02,ERR,ERR,ERR,ERR,ERR,ERR,ERR,ERR,ERR,ERR,ERR,ERR,ERR,ERR,ERR,ERR,ERR,ERR,ERR,ERR,ERR,ERR,ERR,ERR,ERR,ERR,ERR,ERR,ERR,ERR,ERR,ERR,ERR,ERR,ERR,ERR,ERR,ERR,ERR,ERR,ERR,ERR,ERR,ERR,ERR,ERR,ERR,ERR,ERR,ERR,ERR,ERR,ERR,ERR,ERR,ERR,ERR,ERR,ERR,ERR,ERR,ERR,ERR,ERR,ERR,ERR,ERR,ERR,ERR,ERR,ERR,ERR,ERR,ERR,ERR,ERR,ERR,ERR,ERR,ERR,ERR,ERR,ERR,ERR,ERR,ERR,ERR,ERR,ERR,ERR,ERR,ERR,ERR,ERR,ERR,ERR,ERR,ERR,ERR,ERR,ERR,ERR,ERR,ERR,ERR,ERR,ERR,ERR,ERR,ERR,ERR,ERR,ERR,ERR,ERR,ERR,ERR,ERR,ERR,ERR,ERR,ERR,ERR,ERR,ERR,0.0,-0.0,0.0,0.0,-1.024273885463781e+31,-2.5005110233617857e+32,-0.0,-0.0,0,0,4,17308,7116,0.0,100,0.0,0.0,0.0,0.0,0.0,0,0,0,0,0.0,0,0,0,0,0,0,0,0,0,0,0,0,0,0,0,0,0,0,0,0,0,0,0,0,0,0,0,0,0,0,0,0,0,31,40,40,71,65476,0,300,0,0,8,21553,0.0,-107605600.0,0.0,0.0,0.0,0.0,0.0,0.0,0.0,0.0,0.0,0.0,0.0,0.0,0.0,0.0,0.0,0.0,0.0,0.0,0.0,0.0,-0.0,-3.697065187345642e+19,0.0,0.0,0.0,0.0,0.0,0.0,5319.0,-0.0,6932.0,0.0,-0.0,2.004,2.004,0.0,0.0,0.0,0.0,69,5.8480600407083296e+35,89220.664,0.0,0.0,0.0,0.0,0.0,0.0,0.0,0,0,0,0.0,0.0,0.0,0.0,0.0,0.0,0.0,0.0,0.0,0.0,0.0,0.0,0.0,0.0,0.0,0.0,0,-107875648.0,69,0.0,138,0.0,2.012,ERR,ERR,ERR,ERR,ERR,ERR,ERR,ERR,ERR,ERR,ERR,ERR,ERR,ERR,ERR,ERR,ERR,ERR,ERR,ERR,ERR,ERR,ERR,ERR,ERR,ERR,ERR,ERR,ERR,ERR,ERR,ERR,ERR,ERR,ERR,ERR,ERR,ERR,ERR,ERR,ERR,ERR,ERR,ERR,ERR,ERR,ERR,ERR,ERR,ERR,ERR,ERR,ERR,ERR,ERR,ERR,ERR,ERR,ERR,ERR,ERR,ERR,ERR,ERR,ERR,ERR,ERR,60.0,60.0,35,0.0,0.0,0.0,0.0,0.0,0.0,0.0,0.0,0.0,0.0,0.0,0.0,0.0,0.0,0.0,0.0,65.2,0,113,55,33,65476,0,300,0,0,8,20529,65476,0,0,2621,60.0,0.0,0.0,0.0,0.0,0.0
2026-07-09T15:51:03,ERR,ERR,ERR,ERR,ERR,ERR,ERR,ERR,ERR,ERR,ERR,ERR,ERR,ERR,ERR,ERR,ERR,ERR,ERR,ERR,ERR,ERR,ERR,ERR,ERR,ERR,ERR,ERR,ERR,ERR,ERR,ERR,ERR,ERR,ERR,ERR,ERR,ERR,ERR,ERR,ERR,ERR,ERR,ERR,ERR,ERR,ERR,ERR,ERR,ERR,ERR,ERR,ERR,ERR,ERR,ERR,ERR,ERR,ERR,ERR,ERR,ERR,ERR,ERR,ERR,ERR,ERR,ERR,ERR,ERR,ERR,ERR,ERR,ERR,ERR,ERR,ERR,ERR,ERR,ERR,ERR,ERR,ERR,ERR,ERR,ERR,ERR,ERR,ERR,ERR,ERR,ERR,ERR,ERR,ERR,ERR,ERR,ERR,ERR,ERR,ERR,ERR,ERR,ERR,ERR,ERR,ERR,ERR,ERR,ERR,ERR,ERR,ERR,ERR,ERR,ERR,ERR,ERR,ERR,ERR,ERR,ERR,ERR,ERR,ERR,0.0,-0.0,0.0,0.0,-1.024273885463781e+31,-2.5005110233617857e+32,-0.0,-0.0,0,0,4,17308,7116,0.0,100,0.0,0.0,0.0,0.0,0.0,0,0,0,0,0.0,0,0,0,0,0,0,0,0,0,0,0,0,0,0,0,0,0,0,0,0,0,0,0,0,0,0,0,0,0,0,0,0,0,31,40,40,71,65476,0,300,0,0,8,21553,0.0,-107605600.0,0.0,0.0,0.0,0.0,0.0,0.0,0.0,0.0,0.0,0.0,0.0,0.0,0.0,0.0,0.0,0.0,0.0,0.0,0.0,0.0,-0.0,-3.697065187345642e+19,0.0,0.0,0.0,0.0,0.0,0.0,5319.0,-0.0,6932.0,0.0,-0.0,2.004,2.004,0.0,0.0,0.0,0.0,69,5.8480600407083296e+35,89220.664,0.0,0.0,0.0,0.0,0.0,0.0,0.0,0,0,0,0.0,0.0,0.0,0.0,0.0,0.0,0.0,0.0,0.0,0.0,0.0,0.0,0.0,0.0,0.0,0.0,0,-107875648.0,69,0.0,138,0.0,2.012,ERR,ERR,ERR,ERR,ERR,ERR,ERR,ERR,ERR,ERR,ERR,ERR,ERR,ERR,ERR,ERR,ERR,ERR,ERR,ERR,ERR,ERR,ERR,ERR,ERR,ERR,ERR,ERR,ERR,ERR,ERR,ERR,ERR,ERR,ERR,ERR,ERR,ERR,ERR,ERR,ERR,ERR,ERR,ERR,ERR,ERR,ERR,ERR,ERR,ERR,ERR,ERR,ERR,ERR,ERR,ERR,ERR,ERR,ERR,ERR,ERR,ERR,ERR,ERR,ERR,ERR,ERR,60.0,60.0,35,0.0,0.0,0.0,0.0,0.0,0.0,0.0,0.0,0.0,0.0,0.0,0.0,0.0,0.0,0.0,0.0,65.2,0,113,55,33,65476,0,300,0,0,8,20529,65476,0,0,2621,60.0,0.0,0.0,0.0,0.0,0.0
2026-07-09T15:51:04,ERR,ERR,ERR,ERR,ERR,ERR,ERR,ERR,ERR,ERR,ERR,ERR,ERR,ERR,ERR,ERR,ERR,ERR,ERR,ERR,ERR,ERR,ERR,ERR,ERR,ERR,ERR,ERR,ERR,ERR,ERR,ERR,ERR,ERR,ERR,ERR,ERR,ERR,ERR,ERR,ERR,ERR,ERR,ERR,ERR,ERR,ERR,ERR,ERR,ERR,ERR,ERR,ERR,ERR,ERR,ERR,ERR,ERR,ERR,ERR,ERR,ERR,ERR,ERR,ERR,ERR,ERR,ERR,ERR,ERR,ERR,ERR,ERR,ERR,ERR,ERR,ERR,ERR,ERR,ERR,ERR,ERR,ERR,ERR,ERR,ERR,ERR,ERR,ERR,ERR,ERR,ERR,ERR,ERR,ERR,ERR,ERR,ERR,ERR,ERR,ERR,ERR,ERR,ERR,ERR,ERR,ERR,ERR,ERR,ERR,ERR,ERR,ERR,ERR,ERR,ERR,ERR,ERR,ERR,ERR,ERR,ERR,ERR,ERR,ERR,0.0,-0.0,0.0,0.0,-1.024273885463781e+31,-2.5005110233617857e+32,-0.0,-0.0,0,0,4,17308,7116,0.0,100,0.0,0.0,0.0,0.0,0.0,0,0,0,0,0.0,0,0,0,0,0,0,0,0,0,0,0,0,0,0,0,0,0,0,0,0,0,0,0,0,0,0,0,0,0,0,0,0,0,31,40,40,71,65476,0,300,0,0,8,21553,0.0,-107605600.0,0.0,0.0,0.0,0.0,0.0,0.0,0.0,0.0,0.0,0.0,0.0,0.0,0.0,0.0,0.0,0.0,0.0,0.0,0.0,0.0,-0.0,-3.697065187345642e+19,0.0,0.0,0.0,0.0,0.0,0.0,5319.0,-0.0,6932.0,0.0,-0.0,2.004,2.004,0.0,0.0,0.0,0.0,69,5.8480600407083296e+35,89220.664,0.0,0.0,0.0,0.0,0.0,0.0,0.0,0,0,0,0.0,0.0,0.0,0.0,0.0,0.0,0.0,0.0,0.0,0.0,0.0,0.0,0.0,0.0,0.0,0.0,0,-107875648.0,69,0.0,138,0.0,2.012,ERR,ERR,ERR,ERR,ERR,ERR,ERR,ERR,ERR,ERR,ERR,ERR,ERR,ERR,ERR,ERR,ERR,ERR,ERR,ERR,ERR,ERR,ERR,ERR,ERR,ERR,ERR,ERR,ERR,ERR,ERR,ERR,ERR,ERR,ERR,ERR,ERR,ERR,ERR,ERR,ERR,ERR,ERR,ERR,ERR,ERR,ERR,ERR,ERR,ERR,ERR,ERR,ERR,ERR,ERR,ERR,ERR,ERR,ERR,ERR,ERR,ERR,ERR,ERR,ERR,ERR,ERR,60.0,60.0,35,0.0,0.0,0.0,0.0,0.0,0.0,0.0,0.0,0.0,0.0,0.0,0.0,0.0,0.0,0.0,0.0,65.2,0,113,55,33,65476,0,300,0,0,8,20529,65476,0,0,2621,60.0,0.0,0.0,0.0,0.0,0.0
2026-07-09T15:51:05,ERR,ERR,ERR,ERR,ERR,ERR,ERR,ERR,ERR,ERR,ERR,ERR,ERR,ERR,ERR,ERR,ERR,ERR,ERR,ERR,ERR,ERR,ERR,ERR,ERR,ERR,ERR,ERR,ERR,ERR,ERR,ERR,ERR,ERR,ERR,ERR,ERR,ERR,ERR,ERR,ERR,ERR,ERR,ERR,ERR,ERR,ERR,ERR,ERR,ERR,ERR,ERR,ERR,ERR,ERR,ERR,ERR,ERR,ERR,ERR,ERR,ERR,ERR,ERR,ERR,ERR,ERR,ERR,ERR,ERR,ERR,ERR,ERR,ERR,ERR,ERR,ERR,ERR,ERR,ERR,ERR,ERR,ERR,ERR,ERR,ERR,ERR,ERR,ERR,ERR,ERR,ERR,ERR,ERR,ERR,ERR,ERR,ERR,ERR,ERR,ERR,ERR,ERR,ERR,ERR,ERR,ERR,ERR,ERR,ERR,ERR,ERR,ERR,ERR,ERR,ERR,ERR,ERR,ERR,ERR,ERR,ERR,ERR,ERR,ERR,0.0,-0.0,0.0,0.0,-1.024273885463781e+31,-2.5005110233617857e+32,-0.0,-0.0,0,0,4,17308,7116,0.0,100,0.0,0.0,0.0,0.0,0.0,0,0,0,0,0.0,0,0,0,0,0,0,0,0,0,0,0,0,0,0,0,0,0,0,0,0,0,0,0,0,0,0,0,0,0,0,0,0,0,31,40,40,71,65476,0,300,0,0,8,21553,0.0,-107605600.0,0.0,0.0,0.0,0.0,0.0,0.0,0.0,0.0,0.0,0.0,0.0,0.0,0.0,0.0,0.0,0.0,0.0,0.0,0.0,0.0,-0.0,-3.697065187345642e+19,0.0,0.0,0.0,0.0,0.0,0.0,5319.0,-0.0,6932.0,0.0,-0.0,2.004,2.004,0.0,0.0,0.0,0.0,69,5.8480600407083296e+35,89220.664,0.0,0.0,0.0,0.0,0.0,0.0,0.0,0,0,0,0.0,0.0,0.0,0.0,0.0,0.0,0.0,0.0,0.0,0.0,0.0,0.0,0.0,0.0,0.0,0.0,0,-107875648.0,69,0.0,138,0.0,2.012,ERR,ERR,ERR,ERR,ERR,ERR,ERR,ERR,ERR,ERR,ERR,ERR,ERR,ERR,ERR,ERR,ERR,ERR,ERR,ERR,ERR,ERR,ERR,ERR,ERR,ERR,ERR,ERR,ERR,ERR,ERR,ERR,ERR,ERR,ERR,ERR,ERR,ERR,ERR,ERR,ERR,ERR,ERR,ERR,ERR,ERR,ERR,ERR,ERR,ERR,ERR,ERR,ERR,ERR,ERR,ERR,ERR,ERR,ERR,ERR,ERR,ERR,ERR,ERR,ERR,ERR,ERR,60.0,60.0,35,0.0,0.0,0.0,0.0,0.0,0.0,0.0,0.0,0.0,0.0,0.0,0.0,0.0,0.0,0.0,0.0,65.2,0,113,55,33,65476,0,300,0,0,8,20529,65476,0,0,2621,60.0,0.0,0.0,0.0,0.0,0.0
2026-07-09T15:51:06,ERR,ERR,ERR,ERR,ERR,ERR,ERR,ERR,ERR,ERR,ERR,ERR,ERR,ERR,ERR,ERR,ERR,ERR,ERR,ERR,ERR,ERR,ERR,ERR,ERR,ERR,ERR,ERR,ERR,ERR,ERR,ERR,ERR,ERR,ERR,ERR,ERR,ERR,ERR,ERR,ERR,ERR,ERR,ERR,ERR,ERR,ERR,ERR,ERR,ERR,ERR,ERR,ERR,ERR,ERR,ERR,ERR,ERR,ERR,ERR,ERR,ERR,ERR,ERR,ERR,ERR,ERR,ERR,ERR,ERR,ERR,ERR,ERR,ERR,ERR,ERR,ERR,ERR,ERR,ERR,ERR,ERR,ERR,ERR,ERR,ERR,ERR,ERR,ERR,ERR,ERR,ERR,ERR,ERR,ERR,ERR,ERR,ERR,ERR,ERR,ERR,ERR,ERR,ERR,ERR,ERR,ERR,ERR,ERR,ERR,ERR,ERR,ERR,ERR,ERR,ERR,ERR,ERR,ERR,ERR,ERR,ERR,ERR,ERR,ERR,0.0,-107615968.0,2.7302236872842792e+23,2.7183478752108883e+23,0.0,-10.391,1.5244240008185926e+21,-0.0,0,0,4,17308,7116,0.0,100,0.0,0.0,2.7183478752108883e+23,0.0,0.0,0,0,0,0,0.0,0,0,0,0,0,0,0,0,0,0,0,0,0,0,0,0,0,0,0,0,0,0,0,0,0,0,0,0,0,0,0,0,0,31,40,40,71,65476,0,300,0,0,8,21553,0.0,-107605600.0,0.0,0.0,0.0,0.0,0.0,0.0,0.0,0.0,0.0,0.0,0.0,0.0,0.0,0.0,0.0,0.0,0.0,0.0,0.0,0.0,-0.0,0.0,0.0,0.0,0.0,0.0,0.0,0.0,5328.0,-0.0,6931.0,0.0,-107615968.0,2.004,2.004,0.0,0.0,0.0,0.0,69,-152017464983552.0,0.059,0.0,0.0,0.0,0.0,0.0,0.0,0.0,0,0,0,0.0,0.0,0.0,0.0,0.0,0.0,0.0,0.0,0.0,0.0,0.0,0.0,0.0,0.0,0.0,0.0,0,-107875648.0,69,0.0,138,0.0,2.012,ERR,ERR,ERR,ERR,ERR,ERR,ERR,ERR,ERR,ERR,ERR,ERR,ERR,ERR,ERR,ERR,ERR,ERR,ERR,ERR,ERR,ERR,ERR,ERR,ERR,ERR,ERR,ERR,ERR,ERR,ERR,ERR,ERR,ERR,ERR,ERR,ERR,ERR,ERR,ERR,ERR,ERR,ERR,ERR,ERR,ERR,ERR,ERR,ERR,ERR,ERR,ERR,ERR,ERR,ERR,ERR,ERR,ERR,ERR,ERR,ERR,ERR,ERR,ERR,ERR,ERR,ERR,60.0,60.0,35,0.0,0.0,0.0,0.0,0.0,0.0,0.0,0.0,0.0,0.0,0.0,0.0,0.0,0.0,0.0,0.0,65.2,0,113,55,33,65476,0,300,0,0,8,20529,65476,0,0,2621,60.0,0.0,0.0,0.0,0.0,0.0
2026-07-09T15:51:07,ERR,ERR,ERR,ERR,ERR,ERR,ERR,ERR,ERR,ERR,ERR,ERR,ERR,ERR,ERR,ERR,ERR,ERR,ERR,ERR,ERR,ERR,ERR,ERR,ERR,ERR,ERR,ERR,ERR,ERR,ERR,ERR,ERR,ERR,ERR,ERR,ERR,ERR,ERR,ERR,ERR,ERR,ERR,ERR,ERR,ERR,ERR,ERR,ERR,ERR,ERR,ERR,ERR,ERR,ERR,ERR,ERR,ERR,ERR,ERR,ERR,ERR,ERR,ERR,ERR,ERR,ERR,ERR,ERR,ERR,ERR,ERR,ERR,ERR,ERR,ERR,ERR,ERR,ERR,ERR,ERR,ERR,ERR,ERR,ERR,ERR,ERR,ERR,ERR,ERR,ERR,ERR,ERR,ERR,ERR,ERR,ERR,ERR,ERR,ERR,ERR,ERR,ERR,ERR,ERR,ERR,ERR,ERR,ERR,ERR,ERR,ERR,ERR,ERR,ERR,ERR,ERR,ERR,ERR,ERR,ERR,ERR,ERR,ERR,ERR,0.0,-107615968.0,2.7302236872842792e+23,2.7183478752108883e+23,0.0,-10.391,1.5244240008185926e+21,-0.0,0,0,4,17308,7116,0.0,100,0.0,0.0,2.7183478752108883e+23,0.0,0.0,0,0,0,0,0.0,0,0,0,0,0,0,0,0,0,0,0,0,0,0,0,0,0,0,0,0,0,0,0,0,0,0,0,0,0,0,0,0,0,31,40,40,71,65476,0,300,0,0,8,21553,0.0,-107605600.0,0.0,0.0,0.0,0.0,0.0,0.0,0.0,0.0,0.0,0.0,0.0,0.0,0.0,0.0,0.0,0.0,0.0,0.0,0.0,0.0,-0.0,0.0,0.0,0.0,0.0,0.0,0.0,0.0,5328.0,-0.0,6931.0,0.0,-107615968.0,2.004,2.004,0.0,0.0,0.0,0.0,69,-152017464983552.0,0.059,0.0,0.0,0.0,0.0,0.0,0.0,0.0,0,0,0,0.0,0.0,0.0,0.0,0.0,0.0,0.0,0.0,0.0,0.0,0.0,0.0,0.0,0.0,0.0,0.0,0,-107875648.0,69,0.0,138,0.0,2.012,ERR,ERR,ERR,ERR,ERR,ERR,ERR,ERR,ERR,ERR,ERR,ERR,ERR,ERR,ERR,ERR,ERR,ERR,ERR,ERR,ERR,ERR,ERR,ERR,ERR,ERR,ERR,ERR,ERR,ERR,ERR,ERR,ERR,ERR,ERR,ERR,ERR,ERR,ERR,ERR,ERR,ERR,ERR,ERR,ERR,ERR,ERR,ERR,ERR,ERR,ERR,ERR,ERR,ERR,ERR,ERR,ERR,ERR,ERR,ERR,ERR,ERR,ERR,ERR,ERR,ERR,ERR,60.0,60.0,35,0.0,0.0,0.0,0.0,0.0,0.0,0.0,0.0,0.0,0.0,0.0,0.0,0.0,0.0,0.0,0.0,65.2,0,113,55,33,65476,0,300,0,0,8,20529,65476,0,0,2621,60.0,0.0,0.0,0.0,0.0,0.0
2026-07-09T15:51:08,ERR,ERR,ERR,ERR,ERR,ERR,ERR,ERR,ERR,ERR,ERR,ERR,ERR,ERR,ERR,ERR,ERR,ERR,ERR,ERR,ERR,ERR,ERR,ERR,ERR,ERR,ERR,ERR,ERR,ERR,ERR,ERR,ERR,ERR,ERR,ERR,ERR,ERR,ERR,ERR,ERR,ERR,ERR,ERR,ERR,ERR,ERR,ERR,ERR,ERR,ERR,ERR,ERR,ERR,ERR,ERR,ERR,ERR,ERR,ERR,ERR,ERR,ERR,ERR,ERR,ERR,ERR,ERR,ERR,ERR,ERR,ERR,ERR,ERR,ERR,ERR,ERR,ERR,ERR,ERR,ERR,ERR,ERR,ERR,ERR,ERR,ERR,ERR,ERR,ERR,ERR,ERR,ERR,ERR,ERR,ERR,ERR,ERR,ERR,ERR,ERR,ERR,ERR,ERR,ERR,ERR,ERR,ERR,ERR,ERR,ERR,ERR,ERR,ERR,ERR,ERR,ERR,ERR,ERR,ERR,ERR,ERR,ERR,ERR,ERR,0.0,-107615968.0,2.7302236872842792e+23,2.7183478752108883e+23,0.0,-10.391,1.5244240008185926e+21,-0.0,0,0,4,17308,7116,0.0,100,0.0,0.0,2.7183478752108883e+23,0.0,0.0,0,0,0,0,0.0,0,0,0,0,0,0,0,0,0,0,0,0,0,0,0,0,0,0,0,0,0,0,0,0,0,0,0,0,0,0,0,0,0,31,40,40,71,65476,0,300,0,0,8,21553,0.0,-107605600.0,0.0,0.0,0.0,0.0,0.0,0.0,0.0,0.0,0.0,0.0,0.0,0.0,0.0,0.0,0.0,0.0,0.0,0.0,0.0,0.0,-0.0,0.0,0.0,0.0,0.0,0.0,0.0,0.0,5328.0,-0.0,6931.0,0.0,-107615968.0,2.004,2.004,0.0,0.0,0.0,0.0,69,-152017464983552.0,0.059,0.0,0.0,0.0,0.0,0.0,0.0,0.0,0,0,0,0.0,0.0,0.0,0.0,0.0,0.0,0.0,0.0,0.0,0.0,0.0,0.0,0.0,0.0,0.0,0.0,0,-107875648.0,69,0.0,138,0.0,2.012,ERR,ERR,ERR,ERR,ERR,ERR,ERR,ERR,ERR,ERR,ERR,ERR,ERR,ERR,ERR,ERR,ERR,ERR,ERR,ERR,ERR,ERR,ERR,ERR,ERR,ERR,ERR,ERR,ERR,ERR,ERR,ERR,ERR,ERR,ERR,ERR,ERR,ERR,ERR,ERR,ERR,ERR,ERR,ERR,ERR,ERR,ERR,ERR,ERR,ERR,ERR,ERR,ERR,ERR,ERR,ERR,ERR,ERR,ERR,ERR,ERR,ERR,ERR,ERR,ERR,ERR,ERR,60.0,60.0,35,0.0,0.0,0.0,0.0,0.0,0.0,0.0,0.0,0.0,0.0,0.0,0.0,0.0,0.0,0.0,0.0,65.2,0,113,55,33,65476,0,300,0,0,8,20529,65476,0,0,2621,60.0,0.0,0.0,0.0,0.0,0.0
2026-07-09T15:51:09,ERR,ERR,ERR,ERR,ERR,ERR,ERR,ERR,ERR,ERR,ERR,ERR,ERR,ERR,ERR,ERR,ERR,ERR,ERR,ERR,ERR,ERR,ERR,ERR,ERR,ERR,ERR,ERR,ERR,ERR,ERR,ERR,ERR,ERR,ERR,ERR,ERR,ERR,ERR,ERR,ERR,ERR,ERR,ERR,ERR,ERR,ERR,ERR,ERR,ERR,ERR,ERR,ERR,ERR,ERR,ERR,ERR,ERR,ERR,ERR,ERR,ERR,ERR,ERR,ERR,ERR,ERR,ERR,ERR,ERR,ERR,ERR,ERR,ERR,ERR,ERR,ERR,ERR,ERR,ERR,ERR,ERR,ERR,ERR,ERR,ERR,ERR,ERR,ERR,ERR,ERR,ERR,ERR,ERR,ERR,ERR,ERR,ERR,ERR,ERR,ERR,ERR,ERR,ERR,ERR,ERR,ERR,ERR,ERR,ERR,ERR,ERR,ERR,ERR,ERR,ERR,ERR,ERR,ERR,ERR,ERR,ERR,ERR,ERR,ERR,0.0,-107615968.0,2.7302236872842792e+23,2.7183478752108883e+23,0.0,-10.391,1.5244240008185926e+21,-0.0,0,0,4,17308,7116,0.0,100,0.0,0.0,2.7183478752108883e+23,0.0,0.0,0,0,0,0,0.0,0,0,0,0,0,0,0,0,0,0,0,0,0,0,0,0,0,0,0,0,0,0,0,0,0,0,0,0,0,0,0,0,0,31,40,40,71,65476,0,300,0,0,8,21553,0.0,-107605600.0,0.0,0.0,0.0,0.0,0.0,0.0,0.0,0.0,0.0,0.0,0.0,0.0,0.0,0.0,0.0,0.0,0.0,0.0,0.0,0.0,-0.0,0.0,0.0,0.0,0.0,0.0,0.0,0.0,5328.0,-0.0,6931.0,0.0,-107615968.0,2.004,2.004,0.0,0.0,0.0,0.0,69,-152017464983552.0,0.059,0.0,0.0,0.0,0.0,0.0,0.0,0.0,0,0,0,0.0,0.0,0.0,0.0,0.0,0.0,0.0,0.0,0.0,0.0,0.0,0.0,0.0,0.0,0.0,0.0,0,-107875648.0,69,0.0,138,0.0,2.012,ERR,ERR,ERR,ERR,ERR,ERR,ERR,ERR,ERR,ERR,ERR,ERR,ERR,ERR,ERR,ERR,ERR,ERR,ERR,ERR,ERR,ERR,ERR,ERR,ERR,ERR,ERR,ERR,ERR,ERR,ERR,ERR,ERR,ERR,ERR,ERR,ERR,ERR,ERR,ERR,ERR,ERR,ERR,ERR,ERR,ERR,ERR,ERR,ERR,ERR,ERR,ERR,ERR,ERR,ERR,ERR,ERR,ERR,ERR,ERR,ERR,ERR,ERR,ERR,ERR,ERR,ERR,60.0,60.0,35,0.0,0.0,0.0,0.0,0.0,0.0,0.0,0.0,0.0,0.0,0.0,0.0,0.0,0.0,0.0,0.0,65.2,0,113,55,33,65476,0,300,0,0,8,20529,65476,0,0,2621,60.0,0.0,0.0,0.0,0.0,0.0
2026-07-09T15:51:10,ERR,ERR,ERR,ERR,ERR,ERR,ERR,ERR,ERR,ERR,ERR,ERR,ERR,ERR,ERR,ERR,ERR,ERR,ERR,ERR,ERR,ERR,ERR,ERR,ERR,ERR,ERR,ERR,ERR,ERR,ERR,ERR,ERR,ERR,ERR,ERR,ERR,ERR,ERR,ERR,ERR,ERR,ERR,ERR,ERR,ERR,ERR,ERR,ERR,ERR,ERR,ERR,ERR,ERR,ERR,ERR,ERR,ERR,ERR,ERR,ERR,ERR,ERR,ERR,ERR,ERR,ERR,ERR,ERR,ERR,ERR,ERR,ERR,ERR,ERR,ERR,ERR,ERR,ERR,ERR,ERR,ERR,ERR,ERR,ERR,ERR,ERR,ERR,ERR,ERR,ERR,ERR,ERR,ERR,ERR,ERR,ERR,ERR,ERR,ERR,ERR,ERR,ERR,ERR,ERR,ERR,ERR,ERR,ERR,ERR,ERR,ERR,ERR,ERR,ERR,ERR,ERR,ERR,ERR,ERR,ERR,ERR,ERR,ERR,ERR,0.0,-107615968.0,2.7302236872842792e+23,2.7183478752108883e+23,0.0,-10.391,1.5244240008185926e+21,-0.0,0,0,4,17308,7116,0.0,100,0.0,0.0,2.7183478752108883e+23,0.0,0.0,0,0,0,0,0.0,0,0,0,0,0,0,0,0,0,0,0,0,0,0,0,0,0,0,0,0,0,0,0,0,0,0,0,0,0,0,0,0,0,31,40,40,71,65476,0,300,0,0,8,21553,0.0,-107605600.0,0.0,0.0,0.0,0.0,0.0,0.0,0.0,0.0,0.0,0.0,0.0,0.0,0.0,0.0,0.0,0.0,0.0,0.0,0.0,0.0,-0.0,0.0,0.0,0.0,0.0,0.0,0.0,0.0,5328.0,-0.0,6931.0,0.0,-107615968.0,2.004,2.004,0.0,0.0,0.0,0.0,69,-152017464983552.0,0.059,0.0,0.0,0.0,0.0,0.0,0.0,0.0,0,0,0,0.0,0.0,0.0,0.0,0.0,0.0,0.0,0.0,0.0,0.0,0.0,0.0,0.0,0.0,0.0,0.0,0,-107875648.0,69,0.0,138,0.0,2.012,ERR,ERR,ERR,ERR,ERR,ERR,ERR,ERR,ERR,ERR,ERR,ERR,ERR,ERR,ERR,ERR,ERR,ERR,ERR,ERR,ERR,ERR,ERR,ERR,ERR,ERR,ERR,ERR,ERR,ERR,ERR,ERR,ERR,ERR,ERR,ERR,ERR,ERR,ERR,ERR,ERR,ERR,ERR,ERR,ERR,ERR,ERR,ERR,ERR,ERR,ERR,ERR,ERR,ERR,ERR,ERR,ERR,ERR,ERR,ERR,ERR,ERR,ERR,ERR,ERR,ERR,ERR,60.0,60.0,35,0.0,0.0,0.0,0.0,0.0,0.0,0.0,0.0,0.0,0.0,0.0,0.0,0.0,0.0,0.0,0.0,65.2,0,113,55,33,65476,0,300,0,0,8,20529,65476,0,0,2621,60.0,0.0,0.0,0.0,0.0,0.0
2026-07-09T15:51:11,ERR,ERR,ERR,ERR,ERR,ERR,ERR,ERR,ERR,ERR,ERR,ERR,ERR,ERR,ERR,ERR,ERR,ERR,ERR,ERR,ERR,ERR,ERR,ERR,ERR,ERR,ERR,ERR,ERR,ERR,ERR,ERR,ERR,ERR,ERR,ERR,ERR,ERR,ERR,ERR,ERR,ERR,ERR,ERR,ERR,ERR,ERR,ERR,ERR,ERR,ERR,ERR,ERR,ERR,ERR,ERR,ERR,ERR,ERR,ERR,ERR,ERR,ERR,ERR,ERR,ERR,ERR,ERR,ERR,ERR,ERR,ERR,ERR,ERR,ERR,ERR,ERR,ERR,ERR,ERR,ERR,ERR,ERR,ERR,ERR,ERR,ERR,ERR,ERR,ERR,ERR,ERR,ERR,ERR,ERR,ERR,ERR,ERR,ERR,ERR,ERR,ERR,ERR,ERR,ERR,ERR,ERR,ERR,ERR,ERR,ERR,ERR,ERR,ERR,ERR,ERR,ERR,ERR,ERR,ERR,ERR,ERR,ERR,ERR,ERR,0.0,-0.0,0.0,2.7183478752108883e+23,-2.957972679506243e+20,-0.206,0.0,1.5354485595110327e+32,0,0,4,17306,7116,0.0,100,0.0,0.0,0.0,0.0,0.0,0,0,0,0,0.0,0,0,0,0,0,0,0,0,0,0,0,0,0,0,0,0,0,0,0,0,0,0,0,0,0,0,0,0,0,0,0,0,0,31,40,40,71,65476,0,300,0,0,8,21553,0.0,-107605600.0,0.0,0.0,0.0,0.0,0.0,0.0,0.0,0.0,0.0,0.0,0.0,0.0,0.0,0.0,0.0,0.0,0.0,0.0,0.0,0.0,-0.0,-3.697065187345642e+19,0.0,0.0,0.0,0.0,0.0,0.0,5326.0,-0.0,6931.0,-107615088.0,-107615968.0,2.004,2.004,0.0,0.0,0.0,0.0,69,-0.0,0.059,0.0,0.0,0.0,0.0,0.0,0.0,0.0,0,0,0,0.0,0.0,0.0,0.0,0.0,0.0,0.0,0.0,0.0,0.0,0.0,0.0,0.0,0.0,0.0,0.0,0,-107875648.0,69,0.0,138,0.0,2.012,ERR,ERR,ERR,ERR,ERR,ERR,ERR,ERR,ERR,ERR,ERR,ERR,ERR,ERR,ERR,ERR,ERR,ERR,ERR,ERR,ERR,ERR,ERR,ERR,ERR,ERR,ERR,ERR,ERR,ERR,ERR,ERR,ERR,ERR,ERR,ERR,ERR,ERR,ERR,ERR,ERR,ERR,ERR,ERR,ERR,ERR,ERR,ERR,ERR,ERR,ERR,ERR,ERR,ERR,ERR,ERR,ERR,ERR,ERR,ERR,ERR,ERR,ERR,ERR,ERR,ERR,ERR,60.0,60.0,35,0.0,0.0,0.0,0.0,0.0,0.0,0.0,0.0,0.0,0.0,0.0,0.0,0.0,0.0,0.0,0.0,65.2,0,113,55,33,65476,0,300,0,0,8,20529,65476,0,0,2621,60.0,0.0,0.0,0.0,0.0,0.0
2026-07-09T15:51:12,ERR,ERR,ERR,ERR,ERR,ERR,ERR,ERR,ERR,ERR,ERR,ERR,ERR,ERR,ERR,ERR,ERR,ERR,ERR,ERR,ERR,ERR,ERR,ERR,ERR,ERR,ERR,ERR,ERR,ERR,ERR,ERR,ERR,ERR,ERR,ERR,ERR,ERR,ERR,ERR,ERR,ERR,ERR,ERR,ERR,ERR,ERR,ERR,ERR,ERR,ERR,ERR,ERR,ERR,ERR,ERR,ERR,ERR,ERR,ERR,ERR,ERR,ERR,ERR,ERR,ERR,ERR,ERR,ERR,ERR,ERR,ERR,ERR,ERR,ERR,ERR,ERR,ERR,ERR,ERR,ERR,ERR,ERR,ERR,ERR,ERR,ERR,ERR,ERR,ERR,ERR,ERR,ERR,ERR,ERR,ERR,ERR,ERR,ERR,ERR,ERR,ERR,ERR,ERR,ERR,ERR,ERR,ERR,ERR,ERR,ERR,ERR,ERR,ERR,ERR,ERR,ERR,ERR,ERR,ERR,ERR,ERR,ERR,ERR,ERR,0.0,-0.0,0.0,2.7183478752108883e+23,-2.957972679506243e+20,-0.206,0.0,1.5354485595110327e+32,0,0,4,17306,7116,0.0,100,0.0,0.0,0.0,0.0,0.0,0,0,0,0,0.0,0,0,0,0,0,0,0,0,0,0,0,0,0,0,0,0,0,0,0,0,0,0,0,0,0,0,0,0,0,0,0,0,0,31,40,40,71,65476,0,300,0,0,8,21553,0.0,-107605600.0,0.0,0.0,0.0,0.0,0.0,0.0,0.0,0.0,0.0,0.0,0.0,0.0,0.0,0.0,0.0,0.0,0.0,0.0,0.0,0.0,-0.0,-3.697065187345642e+19,0.0,0.0,0.0,0.0,0.0,0.0,5326.0,-0.0,6931.0,-107615088.0,-107615968.0,2.004,2.004,0.0,0.0,0.0,0.0,69,-0.0,0.059,0.0,0.0,0.0,0.0,0.0,0.0,0.0,0,0,0,0.0,0.0,0.0,0.0,0.0,0.0,0.0,0.0,0.0,0.0,0.0,0.0,0.0,0.0,0.0,0.0,0,-107875648.0,69,0.0,138,0.0,2.012,ERR,ERR,ERR,ERR,ERR,ERR,ERR,ERR,ERR,ERR,ERR,ERR,ERR,ERR,ERR,ERR,ERR,ERR,ERR,ERR,ERR,ERR,ERR,ERR,ERR,ERR,ERR,ERR,ERR,ERR,ERR,ERR,ERR,ERR,ERR,ERR,ERR,ERR,ERR,ERR,ERR,ERR,ERR,ERR,ERR,ERR,ERR,ERR,ERR,ERR,ERR,ERR,ERR,ERR,ERR,ERR,ERR,ERR,ERR,ERR,ERR,ERR,ERR,ERR,ERR,ERR,ERR,60.0,60.0,35,0.0,0.0,0.0,0.0,0.0,0.0,0.0,0.0,0.0,0.0,0.0,0.0,0.0,0.0,0.0,0.0,65.2,0,113,55,33,65476,0,300,0,0,8,20529,65476,0,0,2621,60.0,0.0,0.0,0.0,0.0,0.0
2026-07-09T15:51:13,ERR,ERR,ERR,ERR,ERR,ERR,ERR,ERR,ERR,ERR,ERR,ERR,ERR,ERR,ERR,ERR,ERR,ERR,ERR,ERR,ERR,ERR,ERR,ERR,ERR,ERR,ERR,ERR,ERR,ERR,ERR,ERR,ERR,ERR,ERR,ERR,ERR,ERR,ERR,ERR,ERR,ERR,ERR,ERR,ERR,ERR,ERR,ERR,ERR,ERR,ERR,ERR,ERR,ERR,ERR,ERR,ERR,ERR,ERR,ERR,ERR,ERR,ERR,ERR,ERR,ERR,ERR,ERR,ERR,ERR,ERR,ERR,ERR,ERR,ERR,ERR,ERR,ERR,ERR,ERR,ERR,ERR,ERR,ERR,ERR,ERR,ERR,ERR,ERR,ERR,ERR,ERR,ERR,ERR,ERR,ERR,ERR,ERR,ERR,ERR,ERR,ERR,ERR,ERR,ERR,ERR,ERR,ERR,ERR,ERR,ERR,ERR,ERR,ERR,ERR,ERR,ERR,ERR,ERR,ERR,ERR,ERR,ERR,ERR,ERR,0.0,-0.0,0.0,2.7183478752108883e+23,-2.957972679506243e+20,-0.206,0.0,1.5354485595110327e+32,0,0,4,17306,7116,0.0,100,0.0,0.0,0.0,0.0,0.0,0,0,0,0,0.0,0,0,0,0,0,0,0,0,0,0,0,0,0,0,0,0,0,0,0,0,0,0,0,0,0,0,0,0,0,0,0,0,0,31,40,40,71,65476,0,300,0,0,8,21553,0.0,-107605600.0,0.0,0.0,0.0,0.0,0.0,0.0,0.0,0.0,0.0,0.0,0.0,0.0,0.0,0.0,0.0,0.0,0.0,0.0,0.0,0.0,-0.0,-3.697065187345642e+19,0.0,0.0,0.0,0.0,0.0,0.0,5326.0,-0.0,6931.0,-107615088.0,-107615968.0,2.004,2.004,0.0,0.0,0.0,0.0,69,-0.0,0.059,0.0,0.0,0.0,0.0,0.0,0.0,0.0,0,0,0,0.0,0.0,0.0,0.0,0.0,0.0,0.0,0.0,0.0,0.0,0.0,0.0,0.0,0.0,0.0,0.0,0,-107875648.0,69,0.0,138,0.0,2.012,ERR,ERR,ERR,ERR,ERR,ERR,ERR,ERR,ERR,ERR,ERR,ERR,ERR,ERR,ERR,ERR,ERR,ERR,ERR,ERR,ERR,ERR,ERR,ERR,ERR,ERR,ERR,ERR,ERR,ERR,ERR,ERR,ERR,ERR,ERR,ERR,ERR,ERR,ERR,ERR,ERR,ERR,ERR,ERR,ERR,ERR,ERR,ERR,ERR,ERR,ERR,ERR,ERR,ERR,ERR,ERR,ERR,ERR,ERR,ERR,ERR,ERR,ERR,ERR,ERR,ERR,ERR,60.0,60.0,35,0.0,0.0,0.0,0.0,0.0,0.0,0.0,0.0,0.0,0.0,0.0,0.0,0.0,0.0,0.0,0.0,65.6,0,113,55,33,65476,0,300,0,0,8,20529,65476,0,0,2621,60.0,0.0,0.0,0.0,0.0,0.0
2026-07-09T15:51:14,ERR,ERR,ERR,ERR,ERR,ERR,ERR,ERR,ERR,ERR,ERR,ERR,ERR,ERR,ERR,ERR,ERR,ERR,ERR,ERR,ERR,ERR,ERR,ERR,ERR,ERR,ERR,ERR,ERR,ERR,ERR,ERR,ERR,ERR,ERR,ERR,ERR,ERR,ERR,ERR,ERR,ERR,ERR,ERR,ERR,ERR,ERR,ERR,ERR,ERR,ERR,ERR,ERR,ERR,ERR,ERR,ERR,ERR,ERR,ERR,ERR,ERR,ERR,ERR,ERR,ERR,ERR,ERR,ERR,ERR,ERR,ERR,ERR,ERR,ERR,ERR,ERR,ERR,ERR,ERR,ERR,ERR,ERR,ERR,ERR,ERR,ERR,ERR,ERR,ERR,ERR,ERR,ERR,ERR,ERR,ERR,ERR,ERR,ERR,ERR,ERR,ERR,ERR,ERR,ERR,ERR,ERR,ERR,ERR,ERR,ERR,ERR,ERR,ERR,ERR,ERR,ERR,ERR,ERR,ERR,ERR,ERR,ERR,ERR,ERR,0.0,-0.0,0.0,2.7183478752108883e+23,-2.957972679506243e+20,-0.206,0.0,1.5354485595110327e+32,0,0,4,17306,7116,0.0,100,0.0,0.0,0.0,0.0,0.0,0,0,0,0,0.0,0,0,0,0,0,0,0,0,0,0,0,0,0,0,0,0,0,0,0,0,0,0,0,0,0,0,0,0,0,0,0,0,0,31,40,40,71,65476,0,300,0,0,8,21553,0.0,-107605600.0,0.0,0.0,0.0,0.0,0.0,0.0,0.0,0.0,0.0,0.0,0.0,0.0,0.0,0.0,0.0,0.0,0.0,0.0,0.0,0.0,-0.0,-3.697065187345642e+19,0.0,0.0,0.0,0.0,0.0,0.0,5326.0,-0.0,6931.0,-107615088.0,-107615968.0,2.004,2.004,0.0,0.0,0.0,0.0,69,-0.0,0.059,0.0,0.0,0.0,0.0,0.0,0.0,0.0,0,0,0,0.0,0.0,0.0,0.0,0.0,0.0,0.0,0.0,0.0,0.0,0.0,0.0,0.0,0.0,0.0,0.0,0,-107875648.0,69,0.0,138,0.0,2.012,ERR,ERR,ERR,ERR,ERR,ERR,ERR,ERR,ERR,ERR,ERR,ERR,ERR,ERR,ERR,ERR,ERR,ERR,ERR,ERR,ERR,ERR,ERR,ERR,ERR,ERR,ERR,ERR,ERR,ERR,ERR,ERR,ERR,ERR,ERR,ERR,ERR,ERR,ERR,ERR,ERR,ERR,ERR,ERR,ERR,ERR,ERR,ERR,ERR,ERR,ERR,ERR,ERR,ERR,ERR,ERR,ERR,ERR,ERR,ERR,ERR,ERR,ERR,ERR,ERR,ERR,ERR,60.0,60.0,35,0.0,0.0,0.0,0.0,0.0,0.0,0.0,0.0,0.0,0.0,0.0,0.0,0.0,0.0,0.0,0.0,65.6,0,113,55,33,65476,0,300,0,0,8,20529,65476,0,0,2621,60.0,0.0,0.0,0.0,0.0,0.0
2026-07-09T15:51:15,ERR,ERR,ERR,ERR,ERR,ERR,ERR,ERR,ERR,ERR,ERR,ERR,ERR,ERR,ERR,ERR,ERR,ERR,ERR,ERR,ERR,ERR,ERR,ERR,ERR,ERR,ERR,ERR,ERR,ERR,ERR,ERR,ERR,ERR,ERR,ERR,ERR,ERR,ERR,ERR,ERR,ERR,ERR,ERR,ERR,ERR,ERR,ERR,ERR,ERR,ERR,ERR,ERR,ERR,ERR,ERR,ERR,ERR,ERR,ERR,ERR,ERR,ERR,ERR,ERR,ERR,ERR,ERR,ERR,ERR,ERR,ERR,ERR,ERR,ERR,ERR,ERR,ERR,ERR,ERR,ERR,ERR,ERR,ERR,ERR,ERR,ERR,ERR,ERR,ERR,ERR,ERR,ERR,ERR,ERR,ERR,ERR,ERR,ERR,ERR,ERR,ERR,ERR,ERR,ERR,ERR,ERR,ERR,ERR,ERR,ERR,ERR,ERR,ERR,ERR,ERR,ERR,ERR,ERR,ERR,ERR,ERR,ERR,ERR,ERR,0.0,-0.0,0.0,2.7183478752108883e+23,-2.957972679506243e+20,-0.206,0.0,1.5354485595110327e+32,0,0,4,17306,7116,0.0,100,0.0,0.0,0.0,0.0,0.0,0,0,0,0,0.0,0,0,0,0,0,0,0,0,0,0,0,0,0,0,0,0,0,0,0,0,0,0,0,0,0,0,0,0,0,0,0,0,0,31,40,40,71,65476,0,300,0,0,8,21553,0.0,-107605600.0,0.0,0.0,0.0,0.0,0.0,0.0,0.0,0.0,0.0,0.0,0.0,0.0,0.0,0.0,0.0,0.0,0.0,0.0,0.0,0.0,-0.0,-3.697065187345642e+19,0.0,0.0,0.0,0.0,0.0,0.0,5326.0,-0.0,6931.0,-107615088.0,-107615968.0,2.004,2.004,0.0,0.0,0.0,0.0,69,-0.0,0.059,0.0,0.0,0.0,0.0,0.0,0.0,0.0,0,0,0,0.0,0.0,0.0,0.0,0.0,0.0,0.0,0.0,0.0,0.0,0.0,0.0,0.0,0.0,0.0,0.0,0,-107875648.0,69,0.0,138,0.0,2.012,ERR,ERR,ERR,ERR,ERR,ERR,ERR,ERR,ERR,ERR,ERR,ERR,ERR,ERR,ERR,ERR,ERR,ERR,ERR,ERR,ERR,ERR,ERR,ERR,ERR,ERR,ERR,ERR,ERR,ERR,ERR,ERR,ERR,ERR,ERR,ERR,ERR,ERR,ERR,ERR,ERR,ERR,ERR,ERR,ERR,ERR,ERR,ERR,ERR,ERR,ERR,ERR,ERR,ERR,ERR,ERR,ERR,ERR,ERR,ERR,ERR,ERR,ERR,ERR,ERR,ERR,ERR,60.0,60.0,35,0.0,0.0,0.0,0.0,0.0,0.0,0.0,0.0,0.0,0.0,0.0,0.0,0.0,0.0,0.0,0.0,65.2,0,113,55,33,65476,0,300,0,0,8,20529,65476,0,0,2621,60.0,0.0,0.0,0.0,0.0,0.0
2026-07-09T15:51:16,ERR,ERR,ERR,ERR,ERR,ERR,ERR,ERR,ERR,ERR,ERR,ERR,ERR,ERR,ERR,ERR,ERR,ERR,ERR,ERR,ERR,ERR,ERR,ERR,ERR,ERR,ERR,ERR,ERR,ERR,ERR,ERR,ERR,ERR,ERR,ERR,ERR,ERR,ERR,ERR,ERR,ERR,ERR,ERR,ERR,ERR,ERR,ERR,ERR,ERR,ERR,ERR,ERR,ERR,ERR,ERR,ERR,ERR,ERR,ERR,ERR,ERR,ERR,ERR,ERR,ERR,ERR,ERR,ERR,ERR,ERR,ERR,ERR,ERR,ERR,ERR,ERR,ERR,ERR,ERR,ERR,ERR,ERR,ERR,ERR,ERR,ERR,ERR,ERR,ERR,ERR,ERR,ERR,ERR,ERR,ERR,ERR,ERR,ERR,ERR,ERR,ERR,ERR,ERR,ERR,ERR,ERR,ERR,ERR,ERR,ERR,ERR,ERR,ERR,ERR,ERR,ERR,ERR,ERR,ERR,ERR,ERR,ERR,ERR,ERR,-107615088.0,-107615968.0,-107614800.0,0.0,0.0,0.0,-0.0,-0.0,0,0,4,17306,7116,0.0,100,0.0,0.0,0.0,0.0,0.0,0,0,0,0,0.0,0,0,0,0,0,0,0,0,0,0,0,0,0,0,0,0,0,0,0,0,0,0,0,0,0,0,0,0,0,0,0,0,0,31,40,40,71,65476,0,300,0,0,8,21553,0.0,-107605600.0,0.0,0.0,0.0,0.0,0.0,0.0,0.0,0.0,0.0,0.0,0.0,0.0,0.0,0.0,0.0,0.0,0.0,0.0,0.0,0.0,2.004,0.0,0.0,0.0,0.0,0.0,0.0,0.0,5324.0,-0.0,6935.0,-107615088.0,-107615968.0,2.004,2.004,0.0,0.0,0.0,0.0,69,-0.0,2.718419752660941e+23,0.0,0.0,0.0,0.0,0.0,0.0,0.0,0,0,0,0.0,0.0,0.0,0.0,0.0,0.0,0.0,0.0,0.0,0.0,0.0,0.0,0.0,0.0,0.0,0.0,0,-107875648.0,69,0.0,138,0.0,2.012,ERR,ERR,ERR,ERR,ERR,ERR,ERR,ERR,ERR,ERR,ERR,ERR,ERR,ERR,ERR,ERR,ERR,ERR,ERR,ERR,ERR,ERR,ERR,ERR,ERR,ERR,ERR,ERR,ERR,ERR,ERR,ERR,ERR,ERR,ERR,ERR,ERR,ERR,ERR,ERR,ERR,ERR,ERR,ERR,ERR,ERR,ERR,ERR,ERR,ERR,ERR,ERR,ERR,ERR,ERR,ERR,ERR,ERR,ERR,ERR,ERR,ERR,ERR,ERR,ERR,ERR,ERR,60.0,60.0,35,0.0,0.0,0.0,0.0,0.0,0.0,0.0,0.0,0.0,0.0,0.0,0.0,0.0,0.0,0.0,0.0,65.2,0,113,55,33,65476,0,300,0,0,8,20529,65476,0,0,2621,60.0,0.0,0.0,0.0,0.0,0.0
2026-07-09T15:51:17,ERR,ERR,ERR,ERR,ERR,ERR,ERR,ERR,ERR,ERR,ERR,ERR,ERR,ERR,ERR,ERR,ERR,ERR,ERR,ERR,ERR,ERR,ERR,ERR,ERR,ERR,ERR,ERR,ERR,ERR,ERR,ERR,ERR,ERR,ERR,ERR,ERR,ERR,ERR,ERR,ERR,ERR,ERR,ERR,ERR,ERR,ERR,ERR,ERR,ERR,ERR,ERR,ERR,ERR,ERR,ERR,ERR,ERR,ERR,ERR,ERR,ERR,ERR,ERR,ERR,ERR,ERR,ERR,ERR,ERR,ERR,ERR,ERR,ERR,ERR,ERR,ERR,ERR,ERR,ERR,ERR,ERR,ERR,ERR,ERR,ERR,ERR,ERR,ERR,ERR,ERR,ERR,ERR,ERR,ERR,ERR,ERR,ERR,ERR,ERR,ERR,ERR,ERR,ERR,ERR,ERR,ERR,ERR,ERR,ERR,ERR,ERR,ERR,ERR,ERR,ERR,ERR,ERR,ERR,ERR,ERR,ERR,ERR,ERR,ERR,-107615088.0,-107615968.0,-107614800.0,0.0,0.0,0.0,-0.0,-0.0,0,0,4,17306,7116,0.0,100,0.0,0.0,0.0,0.0,0.0,0,0,0,0,0.0,0,0,0,0,0,0,0,0,0,0,0,0,0,0,0,0,0,0,0,0,0,0,0,0,0,0,0,0,0,0,0,0,0,31,40,40,71,65476,0,300,0,0,8,21553,0.0,-107605600.0,0.0,0.0,0.0,0.0,0.0,0.0,0.0,0.0,0.0,0.0,0.0,0.0,0.0,0.0,0.0,0.0,0.0,0.0,0.0,0.0,2.004,0.0,0.0,0.0,0.0,0.0,0.0,0.0,5324.0,-0.0,6935.0,-107615088.0,-107615968.0,2.004,2.004,0.0,0.0,0.0,0.0,69,-0.0,2.718419752660941e+23,0.0,0.0,0.0,0.0,0.0,0.0,0.0,0,0,0,0.0,0.0,0.0,0.0,0.0,0.0,0.0,0.0,0.0,0.0,0.0,0.0,0.0,0.0,0.0,0.0,0,-107875648.0,69,0.0,138,0.0,2.012,ERR,ERR,ERR,ERR,ERR,ERR,ERR,ERR,ERR,ERR,ERR,ERR,ERR,ERR,ERR,ERR,ERR,ERR,ERR,ERR,ERR,ERR,ERR,ERR,ERR,ERR,ERR,ERR,ERR,ERR,ERR,ERR,ERR,ERR,ERR,ERR,ERR,ERR,ERR,ERR,ERR,ERR,ERR,ERR,ERR,ERR,ERR,ERR,ERR,ERR,ERR,ERR,ERR,ERR,ERR,ERR,ERR,ERR,ERR,ERR,ERR,ERR,ERR,ERR,ERR,ERR,ERR,60.0,60.0,35,0.0,0.0,0.0,0.0,0.0,0.0,0.0,0.0,0.0,0.0,0.0,0.0,0.0,0.0,0.0,0.0,65.2,0,113,55,33,65476,0,300,0,0,8,20529,65476,0,0,2621,60.0,0.0,0.0,0.0,0.0,0.0
2026-07-09T15:51:18,ERR,ERR,ERR,ERR,ERR,ERR,ERR,ERR,ERR,ERR,ERR,ERR,ERR,ERR,ERR,ERR,ERR,ERR,ERR,ERR,ERR,ERR,ERR,ERR,ERR,ERR,ERR,ERR,ERR,ERR,ERR,ERR,ERR,ERR,ERR,ERR,ERR,ERR,ERR,ERR,ERR,ERR,ERR,ERR,ERR,ERR,ERR,ERR,ERR,ERR,ERR,ERR,ERR,ERR,ERR,ERR,ERR,ERR,ERR,ERR,ERR,ERR,ERR,ERR,ERR,ERR,ERR,ERR,ERR,ERR,ERR,ERR,ERR,ERR,ERR,ERR,ERR,ERR,ERR,ERR,ERR,ERR,ERR,ERR,ERR,ERR,ERR,ERR,ERR,ERR,ERR,ERR,ERR,ERR,ERR,ERR,ERR,ERR,ERR,ERR,ERR,ERR,ERR,ERR,ERR,ERR,ERR,ERR,ERR,ERR,ERR,ERR,ERR,ERR,ERR,ERR,ERR,ERR,ERR,ERR,ERR,ERR,ERR,ERR,ERR,-107615088.0,-107615968.0,-107614800.0,0.0,0.0,0.0,-0.0,-0.0,0,0,4,17306,7116,0.0,100,0.0,0.0,0.0,0.0,0.0,0,0,0,0,0.0,0,0,0,0,0,0,0,0,0,0,0,0,0,0,0,0,0,0,0,0,0,0,0,0,0,0,0,0,0,0,0,0,0,31,40,40,71,65476,0,300,0,0,8,21553,0.0,-107605600.0,0.0,0.0,0.0,0.0,0.0,0.0,0.0,0.0,0.0,0.0,0.0,0.0,0.0,0.0,0.0,0.0,0.0,0.0,0.0,0.0,2.004,0.0,0.0,0.0,0.0,0.0,0.0,0.0,5324.0,-0.0,6935.0,-107615088.0,-107615968.0,2.004,2.004,0.0,0.0,0.0,0.0,69,-0.0,2.718419752660941e+23,0.0,0.0,0.0,0.0,0.0,0.0,0.0,0,0,0,0.0,0.0,0.0,0.0,0.0,0.0,0.0,0.0,0.0,0.0,0.0,0.0,0.0,0.0,0.0,0.0,0,-107875648.0,69,0.0,138,0.0,2.012,ERR,ERR,ERR,ERR,ERR,ERR,ERR,ERR,ERR,ERR,ERR,ERR,ERR,ERR,ERR,ERR,ERR,ERR,ERR,ERR,ERR,ERR,ERR,ERR,ERR,ERR,ERR,ERR,ERR,ERR,ERR,ERR,ERR,ERR,ERR,ERR,ERR,ERR,ERR,ERR,ERR,ERR,ERR,ERR,ERR,ERR,ERR,ERR,ERR,ERR,ERR,ERR,ERR,ERR,ERR,ERR,ERR,ERR,ERR,ERR,ERR,ERR,ERR,ERR,ERR,ERR,ERR,60.0,60.0,35,0.0,0.0,0.0,0.0,0.0,0.0,0.0,0.0,0.0,0.0,0.0,0.0,0.0,0.0,0.0,0.0,65.6,0,113,55,33,65476,0,300,0,0,8,20529,65476,0,0,2621,60.0,0.0,0.0,0.0,0.0,0.0
2026-07-09T15:51:19,ERR,ERR,ERR,ERR,ERR,ERR,ERR,ERR,ERR,ERR,ERR,ERR,ERR,ERR,ERR,ERR,ERR,ERR,ERR,ERR,ERR,ERR,ERR,ERR,ERR,ERR,ERR,ERR,ERR,ERR,ERR,ERR,ERR,ERR,ERR,ERR,ERR,ERR,ERR,ERR,ERR,ERR,ERR,ERR,ERR,ERR,ERR,ERR,ERR,ERR,ERR,ERR,ERR,ERR,ERR,ERR,ERR,ERR,ERR,ERR,ERR,ERR,ERR,ERR,ERR,ERR,ERR,ERR,ERR,ERR,ERR,ERR,ERR,ERR,ERR,ERR,ERR,ERR,ERR,ERR,ERR,ERR,ERR,ERR,ERR,ERR,ERR,ERR,ERR,ERR,ERR,ERR,ERR,ERR,ERR,ERR,ERR,ERR,ERR,ERR,ERR,ERR,ERR,ERR,ERR,ERR,ERR,ERR,ERR,ERR,ERR,ERR,ERR,ERR,ERR,ERR,ERR,ERR,ERR,ERR,ERR,ERR,ERR,ERR,ERR,-107615088.0,-107615968.0,-107614800.0,0.0,0.0,0.0,-0.0,-0.0,0,0,4,17306,7116,0.0,100,0.0,0.0,0.0,0.0,0.0,0,0,0,0,0.0,0,0,0,0,0,0,0,0,0,0,0,0,0,0,0,0,0,0,0,0,0,0,0,0,0,0,0,0,0,0,0,0,0,31,40,40,71,65476,0,300,0,0,8,21553,0.0,-107605600.0,0.0,0.0,0.0,0.0,0.0,0.0,0.0,0.0,0.0,0.0,0.0,0.0,0.0,0.0,0.0,0.0,0.0,0.0,0.0,0.0,2.004,0.0,0.0,0.0,0.0,0.0,0.0,0.0,5324.0,-0.0,6935.0,-107615088.0,-107615968.0,2.004,2.004,0.0,0.0,0.0,0.0,69,-0.0,2.718419752660941e+23,0.0,0.0,0.0,0.0,0.0,0.0,0.0,0,0,0,0.0,0.0,0.0,0.0,0.0,0.0,0.0,0.0,0.0,0.0,0.0,0.0,0.0,0.0,0.0,0.0,0,-107875648.0,69,0.0,138,0.0,2.012,ERR,ERR,ERR,ERR,ERR,ERR,ERR,ERR,ERR,ERR,ERR,ERR,ERR,ERR,ERR,ERR,ERR,ERR,ERR,ERR,ERR,ERR,ERR,ERR,ERR,ERR,ERR,ERR,ERR,ERR,ERR,ERR,ERR,ERR,ERR,ERR,ERR,ERR,ERR,ERR,ERR,ERR,ERR,ERR,ERR,ERR,ERR,ERR,ERR,ERR,ERR,ERR,ERR,ERR,ERR,ERR,ERR,ERR,ERR,ERR,ERR,ERR,ERR,ERR,ERR,ERR,ERR,60.0,60.0,35,0.0,0.0,0.0,0.0,0.0,0.0,0.0,0.0,0.0,0.0,0.0,0.0,0.0,0.0,0.0,0.0,65.6,0,113,55,33,65476,0,300,0,0,8,20529,65476,0,0,2621,60.0,0.0,0.0,0.0,0.0,0.0
2026-07-09T15:51:20,ERR,ERR,ERR,ERR,ERR,ERR,ERR,ERR,ERR,ERR,ERR,ERR,ERR,ERR,ERR,ERR,ERR,ERR,ERR,ERR,ERR,ERR,ERR,ERR,ERR,ERR,ERR,ERR,ERR,ERR,ERR,ERR,ERR,ERR,ERR,ERR,ERR,ERR,ERR,ERR,ERR,ERR,ERR,ERR,ERR,ERR,ERR,ERR,ERR,ERR,ERR,ERR,ERR,ERR,ERR,ERR,ERR,ERR,ERR,ERR,ERR,ERR,ERR,ERR,ERR,ERR,ERR,ERR,ERR,ERR,ERR,ERR,ERR,ERR,ERR,ERR,ERR,ERR,ERR,ERR,ERR,ERR,ERR,ERR,ERR,ERR,ERR,ERR,ERR,ERR,ERR,ERR,ERR,ERR,ERR,ERR,ERR,ERR,ERR,ERR,ERR,ERR,ERR,ERR,ERR,ERR,ERR,ERR,ERR,ERR,ERR,ERR,ERR,ERR,ERR,ERR,ERR,ERR,ERR,ERR,ERR,ERR,ERR,ERR,ERR,-107615088.0,-107615968.0,-107614800.0,0.0,0.0,0.0,-0.0,-0.0,0,0,4,17306,7116,0.0,100,0.0,0.0,0.0,0.0,0.0,0,0,0,0,0.0,0,0,0,0,0,0,0,0,0,0,0,0,0,0,0,0,0,0,0,0,0,0,0,0,0,0,0,0,0,0,0,0,0,31,40,40,71,65476,0,300,0,0,8,21553,0.0,-107605600.0,0.0,0.0,0.0,0.0,0.0,0.0,0.0,0.0,0.0,0.0,0.0,0.0,0.0,0.0,0.0,0.0,0.0,0.0,0.0,0.0,2.004,0.0,0.0,0.0,0.0,0.0,0.0,0.0,5324.0,-0.0,6935.0,-107615088.0,-107615968.0,2.004,2.004,0.0,0.0,0.0,0.0,69,-0.0,2.718419752660941e+23,0.0,0.0,0.0,0.0,0.0,0.0,0.0,0,0,0,0.0,0.0,0.0,0.0,0.0,0.0,0.0,0.0,0.0,0.0,0.0,0.0,0.0,0.0,0.0,0.0,0,-107875648.0,69,0.0,138,0.0,2.012,ERR,ERR,ERR,ERR,ERR,ERR,ERR,ERR,ERR,ERR,ERR,ERR,ERR,ERR,ERR,ERR,ERR,ERR,ERR,ERR,ERR,ERR,ERR,ERR,ERR,ERR,ERR,ERR,ERR,ERR,ERR,ERR,ERR,ERR,ERR,ERR,ERR,ERR,ERR,ERR,ERR,ERR,ERR,ERR,ERR,ERR,ERR,ERR,ERR,ERR,ERR,ERR,ERR,ERR,ERR,ERR,ERR,ERR,ERR,ERR,ERR,ERR,ERR,ERR,ERR,ERR,ERR,60.0,60.0,35,0.0,0.0,0.0,0.0,0.0,0.0,0.0,0.0,0.0,0.0,0.0,0.0,0.0,0.0,0.0,0.0,65.2,0,113,55,33,65476,0,300,0,0,8,20529,65476,0,0,2621,60.0,0.0,0.0,0.0,0.0,0.0
2026-07-09T15:51:21,ERR,ERR,ERR,ERR,ERR,ERR,ERR,ERR,ERR,ERR,ERR,ERR,ERR,ERR,ERR,ERR,ERR,ERR,ERR,ERR,ERR,ERR,ERR,ERR,ERR,ERR,ERR,ERR,ERR,ERR,ERR,ERR,ERR,ERR,ERR,ERR,ERR,ERR,ERR,ERR,ERR,ERR,ERR,ERR,ERR,ERR,ERR,ERR,ERR,ERR,ERR,ERR,ERR,ERR,ERR,ERR,ERR,ERR,ERR,ERR,ERR,ERR,ERR,ERR,ERR,ERR,ERR,ERR,ERR,ERR,ERR,ERR,ERR,ERR,ERR,ERR,ERR,ERR,ERR,ERR,ERR,ERR,ERR,ERR,ERR,ERR,ERR,ERR,ERR,ERR,ERR,ERR,ERR,ERR,ERR,ERR,ERR,ERR,ERR,ERR,ERR,ERR,ERR,ERR,ERR,ERR,ERR,ERR,ERR,ERR,ERR,ERR,ERR,ERR,ERR,ERR,ERR,ERR,ERR,ERR,ERR,ERR,ERR,ERR,ERR,-107615088.0,-107615968.0,-107614800.0,2.7183478752108883e+23,5.32861049670387e+36,0.0,-2612.454,-0.0,0,0,4,17306,7116,0.0,100,0.0,0.0,2.7183478752108883e+23,0.0,0.0,0,0,0,0,0.0,0,0,0,0,0,0,0,0,0,0,0,0,0,0,0,0,0,0,0,0,0,0,0,0,0,0,0,0,0,0,0,0,0,31,40,40,71,65476,0,300,0,0,8,21553,0.0,-107605600.0,0.0,0.0,0.0,0.0,0.0,0.0,0.0,0.0,0.0,0.0,0.0,0.0,0.0,0.0,0.0,0.0,0.0,0.0,0.0,0.0,2.004,0.0,0.0,0.0,0.0,0.0,0.0,0.0,5329.0,-2.004,6936.0,-107615088.0,-107615968.0,2.004,2.004,0.0,0.0,0.0,0.0,69,-2.3088299864821753e+20,4.066858569275696e+29,0.0,0.0,0.0,0.0,0.0,0.0,0.0,0,0,0,0.0,0.0,0.0,0.0,0.0,0.0,0.0,0.0,0.0,0.0,0.0,0.0,0.0,0.0,0.0,0.0,0,-107875648.0,69,0.0,138,0.0,2.012,ERR,ERR,ERR,ERR,ERR,ERR,ERR,ERR,ERR,ERR,ERR,ERR,ERR,ERR,ERR,ERR,ERR,ERR,ERR,ERR,ERR,ERR,ERR,ERR,ERR,ERR,ERR,ERR,ERR,ERR,ERR,ERR,ERR,ERR,ERR,ERR,ERR,ERR,ERR,ERR,ERR,ERR,ERR,ERR,ERR,ERR,ERR,ERR,ERR,ERR,ERR,ERR,ERR,ERR,ERR,ERR,ERR,ERR,ERR,ERR,ERR,ERR,ERR,ERR,ERR,ERR,ERR,60.0,60.0,35,0.0,0.0,0.0,0.0,0.0,0.0,0.0,0.0,0.0,0.0,0.0,0.0,0.0,0.0,0.0,0.0,65.2,0,113,55,33,65476,0,300,0,0,8,20529,65476,0,0,2621,60.0,0.0,0.0,0.0,0.0,0.0
2026-07-09T15:51:22,ERR,ERR,ERR,ERR,ERR,ERR,ERR,ERR,ERR,ERR,ERR,ERR,ERR,ERR,ERR,ERR,ERR,ERR,ERR,ERR,ERR,ERR,ERR,ERR,ERR,ERR,ERR,ERR,ERR,ERR,ERR,ERR,ERR,ERR,ERR,ERR,ERR,ERR,ERR,ERR,ERR,ERR,ERR,ERR,ERR,ERR,ERR,ERR,ERR,ERR,ERR,ERR,ERR,ERR,ERR,ERR,ERR,ERR,ERR,ERR,ERR,ERR,ERR,ERR,ERR,ERR,ERR,ERR,ERR,ERR,ERR,ERR,ERR,ERR,ERR,ERR,ERR,ERR,ERR,ERR,ERR,ERR,ERR,ERR,ERR,ERR,ERR,ERR,ERR,ERR,ERR,ERR,ERR,ERR,ERR,ERR,ERR,ERR,ERR,ERR,ERR,ERR,ERR,ERR,ERR,ERR,ERR,ERR,ERR,ERR,ERR,ERR,ERR,ERR,ERR,ERR,ERR,ERR,ERR,ERR,ERR,ERR,ERR,ERR,ERR,-107615088.0,-107615968.0,-107614800.0,2.7183478752108883e+23,5.32861049670387e+36,0.0,-2612.454,-0.0,0,0,4,17306,7116,0.0,100,0.0,0.0,2.7183478752108883e+23,0.0,0.0,0,0,0,0,0.0,0,0,0,0,0,0,0,0,0,0,0,0,0,0,0,0,0,0,0,0,0,0,0,0,0,0,0,0,0,0,0,0,0,31,40,40,71,65476,0,300,0,0,8,21553,0.0,-107605600.0,0.0,0.0,0.0,0.0,0.0,0.0,0.0,0.0,0.0,0.0,0.0,0.0,0.0,0.0,0.0,0.0,0.0,0.0,0.0,0.0,2.004,0.0,0.0,0.0,0.0,0.0,0.0,0.0,5329.0,-2.004,6936.0,-107615088.0,-107615968.0,2.004,2.004,0.0,0.0,0.0,0.0,69,-2.3088299864821753e+20,4.066858569275696e+29,0.0,0.0,0.0,0.0,0.0,0.0,0.0,0,0,0,0.0,0.0,0.0,0.0,0.0,0.0,0.0,0.0,0.0,0.0,0.0,0.0,0.0,0.0,0.0,0.0,0,-107875648.0,69,0.0,138,0.0,2.012,ERR,ERR,ERR,ERR,ERR,ERR,ERR,ERR,ERR,ERR,ERR,ERR,ERR,ERR,ERR,ERR,ERR,ERR,ERR,ERR,ERR,ERR,ERR,ERR,ERR,ERR,ERR,ERR,ERR,ERR,ERR,ERR,ERR,ERR,ERR,ERR,ERR,ERR,ERR,ERR,ERR,ERR,ERR,ERR,ERR,ERR,ERR,ERR,ERR,ERR,ERR,ERR,ERR,ERR,ERR,ERR,ERR,ERR,ERR,ERR,ERR,ERR,ERR,ERR,ERR,ERR,ERR,60.0,60.0,35,0.0,0.0,0.0,0.0,0.0,0.0,0.0,0.0,0.0,0.0,0.0,0.0,0.0,0.0,0.0,0.0,65.2,0,113,55,33,65476,0,300,0,0,8,20529,65476,0,0,2621,60.0,0.0,0.0,0.0,0.0,0.0
2026-07-09T15:51:23,ERR,ERR,ERR,ERR,ERR,ERR,ERR,ERR,ERR,ERR,ERR,ERR,ERR,ERR,ERR,ERR,ERR,ERR,ERR,ERR,ERR,ERR,ERR,ERR,ERR,ERR,ERR,ERR,ERR,ERR,ERR,ERR,ERR,ERR,ERR,ERR,ERR,ERR,ERR,ERR,ERR,ERR,ERR,ERR,ERR,ERR,ERR,ERR,ERR,ERR,ERR,ERR,ERR,ERR,ERR,ERR,ERR,ERR,ERR,ERR,ERR,ERR,ERR,ERR,ERR,ERR,ERR,ERR,ERR,ERR,ERR,ERR,ERR,ERR,ERR,ERR,ERR,ERR,ERR,ERR,ERR,ERR,ERR,ERR,ERR,ERR,ERR,ERR,ERR,ERR,ERR,ERR,ERR,ERR,ERR,ERR,ERR,ERR,ERR,ERR,ERR,ERR,ERR,ERR,ERR,ERR,ERR,ERR,ERR,ERR,ERR,ERR,ERR,ERR,ERR,ERR,ERR,ERR,ERR,ERR,ERR,ERR,ERR,ERR,ERR,-107615088.0,-107615968.0,-107614800.0,2.7183478752108883e+23,5.32861049670387e+36,0.0,-2612.454,-0.0,0,0,4,17306,7116,0.0,100,0.0,0.0,2.7183478752108883e+23,0.0,0.0,0,0,0,0,0.0,0,0,0,0,0,0,0,0,0,0,0,0,0,0,0,0,0,0,0,0,0,0,0,0,0,0,0,0,0,0,0,0,0,31,40,40,71,65476,0,300,0,0,8,21553,0.0,-107605600.0,0.0,0.0,0.0,0.0,0.0,0.0,0.0,0.0,0.0,0.0,0.0,0.0,0.0,0.0,0.0,0.0,0.0,0.0,0.0,0.0,2.004,0.0,0.0,0.0,0.0,0.0,0.0,0.0,5329.0,-2.004,6936.0,-107615088.0,-107615968.0,2.004,2.004,0.0,0.0,0.0,0.0,69,-2.3088299864821753e+20,4.066858569275696e+29,0.0,0.0,0.0,0.0,0.0,0.0,0.0,0,0,0,0.0,0.0,0.0,0.0,0.0,0.0,0.0,0.0,0.0,0.0,0.0,0.0,0.0,0.0,0.0,0.0,0,-107875648.0,69,0.0,138,0.0,2.012,ERR,ERR,ERR,ERR,ERR,ERR,ERR,ERR,ERR,ERR,ERR,ERR,ERR,ERR,ERR,ERR,ERR,ERR,ERR,ERR,ERR,ERR,ERR,ERR,ERR,ERR,ERR,ERR,ERR,ERR,ERR,ERR,ERR,ERR,ERR,ERR,ERR,ERR,ERR,ERR,ERR,ERR,ERR,ERR,ERR,ERR,ERR,ERR,ERR,ERR,ERR,ERR,ERR,ERR,ERR,ERR,ERR,ERR,ERR,ERR,ERR,ERR,ERR,ERR,ERR,ERR,ERR,60.0,60.0,35,0.0,0.0,0.0,0.0,0.0,0.0,0.0,0.0,0.0,0.0,0.0,0.0,0.0,0.0,0.0,0.0,65.2,0,113,55,33,65476,0,300,0,0,8,20529,65476,0,0,2621,60.0,0.0,0.0,0.0,0.0,0.0
2026-07-09T15:51:24,ERR,ERR,ERR,ERR,ERR,ERR,ERR,ERR,ERR,ERR,ERR,ERR,ERR,ERR,ERR,ERR,ERR,ERR,ERR,ERR,ERR,ERR,ERR,ERR,ERR,ERR,ERR,ERR,ERR,ERR,ERR,ERR,ERR,ERR,ERR,ERR,ERR,ERR,ERR,ERR,ERR,ERR,ERR,ERR,ERR,ERR,ERR,ERR,ERR,ERR,ERR,ERR,ERR,ERR,ERR,ERR,ERR,ERR,ERR,ERR,ERR,ERR,ERR,ERR,ERR,ERR,ERR,ERR,ERR,ERR,ERR,ERR,ERR,ERR,ERR,ERR,ERR,ERR,ERR,ERR,ERR,ERR,ERR,ERR,ERR,ERR,ERR,ERR,ERR,ERR,ERR,ERR,ERR,ERR,ERR,ERR,ERR,ERR,ERR,ERR,ERR,ERR,ERR,ERR,ERR,ERR,ERR,ERR,ERR,ERR,ERR,ERR,ERR,ERR,ERR,ERR,ERR,ERR,ERR,ERR,ERR,ERR,ERR,ERR,ERR,-107615088.0,-107615968.0,-107614800.0,2.7183478752108883e+23,5.32861049670387e+36,0.0,-2612.454,-0.0,0,0,4,17306,7116,0.0,100,0.0,0.0,2.7183478752108883e+23,0.0,0.0,0,0,0,0,0.0,0,0,0,0,0,0,0,0,0,0,0,0,0,0,0,0,0,0,0,0,0,0,0,0,0,0,0,0,0,0,0,0,0,31,40,40,71,65476,0,300,0,0,8,21553,0.0,-107605600.0,0.0,0.0,0.0,0.0,0.0,0.0,0.0,0.0,0.0,0.0,0.0,0.0,0.0,0.0,0.0,0.0,0.0,0.0,0.0,0.0,2.004,0.0,0.0,0.0,0.0,0.0,0.0,0.0,5329.0,-2.004,6936.0,-107615088.0,-107615968.0,2.004,2.004,0.0,0.0,0.0,0.0,69,-2.3088299864821753e+20,4.066858569275696e+29,0.0,0.0,0.0,0.0,0.0,0.0,0.0,0,0,0,0.0,0.0,0.0,0.0,0.0,0.0,0.0,0.0,0.0,0.0,0.0,0.0,0.0,0.0,0.0,0.0,0,-107875648.0,69,0.0,138,0.0,2.012,ERR,ERR,ERR,ERR,ERR,ERR,ERR,ERR,ERR,ERR,ERR,ERR,ERR,ERR,ERR,ERR,ERR,ERR,ERR,ERR,ERR,ERR,ERR,ERR,ERR,ERR,ERR,ERR,ERR,ERR,ERR,ERR,ERR,ERR,ERR,ERR,ERR,ERR,ERR,ERR,ERR,ERR,ERR,ERR,ERR,ERR,ERR,ERR,ERR,ERR,ERR,ERR,ERR,ERR,ERR,ERR,ERR,ERR,ERR,ERR,ERR,ERR,ERR,ERR,ERR,ERR,ERR,60.0,60.0,35,0.0,0.0,0.0,0.0,0.0,0.0,0.0,0.0,0.0,0.0,0.0,0.0,0.0,0.0,0.0,0.0,65.2,0,113,55,33,65476,0,300,0,0,8,20529,65476,0,0,2621,60.0,0.0,0.0,0.0,0.0,0.0
2026-07-09T15:51:25,ERR,ERR,ERR,ERR,ERR,ERR,ERR,ERR,ERR,ERR,ERR,ERR,ERR,ERR,ERR,ERR,ERR,ERR,ERR,ERR,ERR,ERR,ERR,ERR,ERR,ERR,ERR,ERR,ERR,ERR,ERR,ERR,ERR,ERR,ERR,ERR,ERR,ERR,ERR,ERR,ERR,ERR,ERR,ERR,ERR,ERR,ERR,ERR,ERR,ERR,ERR,ERR,ERR,ERR,ERR,ERR,ERR,ERR,ERR,ERR,ERR,ERR,ERR,ERR,ERR,ERR,ERR,ERR,ERR,ERR,ERR,ERR,ERR,ERR,ERR,ERR,ERR,ERR,ERR,ERR,ERR,ERR,ERR,ERR,ERR,ERR,ERR,ERR,ERR,ERR,ERR,ERR,ERR,ERR,ERR,ERR,ERR,ERR,ERR,ERR,ERR,ERR,ERR,ERR,ERR,ERR,ERR,ERR,ERR,ERR,ERR,ERR,ERR,ERR,ERR,ERR,ERR,ERR,ERR,ERR,ERR,ERR,ERR,ERR,ERR,-107615088.0,-107615968.0,-107614800.0,2.7183478752108883e+23,5.32861049670387e+36,0.0,-2612.454,-0.0,0,0,4,17306,7116,0.0,100,0.0,0.0,2.7183478752108883e+23,0.0,0.0,0,0,0,0,0.0,0,0,0,0,0,0,0,0,0,0,0,0,0,0,0,0,0,0,0,0,0,0,0,0,0,0,0,0,0,0,0,0,0,31,40,40,71,65476,0,300,0,0,8,21553,0.0,-107605600.0,0.0,0.0,0.0,0.0,0.0,0.0,0.0,0.0,0.0,0.0,0.0,0.0,0.0,0.0,0.0,0.0,0.0,0.0,0.0,0.0,2.004,0.0,0.0,0.0,0.0,0.0,0.0,0.0,5329.0,-2.004,6936.0,-107615088.0,-107615968.0,2.004,2.004,0.0,0.0,0.0,0.0,69,-2.3088299864821753e+20,4.066858569275696e+29,0.0,0.0,0.0,0.0,0.0,0.0,0.0,0,0,0,0.0,0.0,0.0,0.0,0.0,0.0,0.0,0.0,0.0,0.0,0.0,0.0,0.0,0.0,0.0,0.0,0,-107875648.0,69,0.0,138,0.0,2.012,ERR,ERR,ERR,ERR,ERR,ERR,ERR,ERR,ERR,ERR,ERR,ERR,ERR,ERR,ERR,ERR,ERR,ERR,ERR,ERR,ERR,ERR,ERR,ERR,ERR,ERR,ERR,ERR,ERR,ERR,ERR,ERR,ERR,ERR,ERR,ERR,ERR,ERR,ERR,ERR,ERR,ERR,ERR,ERR,ERR,ERR,ERR,ERR,ERR,ERR,ERR,ERR,ERR,ERR,ERR,ERR,ERR,ERR,ERR,ERR,ERR,ERR,ERR,ERR,ERR,ERR,ERR,60.0,60.0,35,0.0,0.0,0.0,0.0,0.0,0.0,0.0,0.0,0.0,0.0,0.0,0.0,0.0,0.0,0.0,0.0,65.2,0,113,55,33,65476,0,300,0,0,8,20529,65476,0,0,2621,60.0,0.0,0.0,0.0,0.0,0.0
2026-07-09T15:51:26,ERR,ERR,ERR,ERR,ERR,ERR,ERR,ERR,ERR,ERR,ERR,ERR,ERR,ERR,ERR,ERR,ERR,ERR,ERR,ERR,ERR,ERR,ERR,ERR,ERR,ERR,ERR,ERR,ERR,ERR,ERR,ERR,ERR,ERR,ERR,ERR,ERR,ERR,ERR,ERR,ERR,ERR,ERR,ERR,ERR,ERR,ERR,ERR,ERR,ERR,ERR,ERR,ERR,ERR,ERR,ERR,ERR,ERR,ERR,ERR,ERR,ERR,ERR,ERR,ERR,ERR,ERR,ERR,ERR,ERR,ERR,ERR,ERR,ERR,ERR,ERR,ERR,ERR,ERR,ERR,ERR,ERR,ERR,ERR,ERR,ERR,ERR,ERR,ERR,ERR,ERR,ERR,ERR,ERR,ERR,ERR,ERR,ERR,ERR,ERR,ERR,ERR,ERR,ERR,ERR,ERR,ERR,ERR,ERR,ERR,ERR,ERR,ERR,ERR,ERR,ERR,ERR,ERR,ERR,ERR,ERR,ERR,ERR,ERR,ERR,2.7184242562605685e+23,-107615968.0,0.0,0.0,-2221040205824.0,0.0,2.033668047487222e+29,-3.3952912132837925e+34,0,0,4,17306,7116,0.0,100,0.0,0.0,0.0,0.0,0.0,0,0,0,0,0.0,0,0,0,0,0,0,0,0,0,0,0,0,0,0,0,0,0,0,0,0,0,0,0,0,0,0,0,0,0,0,0,0,0,31,40,40,71,65476,0,300,0,0,8,21553,0.0,-107605600.0,0.0,0.0,0.0,0.0,0.0,0.0,0.0,0.0,0.0,0.0,0.0,0.0,0.0,0.0,0.0,0.0,0.0,0.0,0.0,0.0,0.0,0.0,0.0,0.0,0.0,0.0,0.0,0.0,5330.0,-0.0,6932.0,2.7184242562605685e+23,-107615968.0,2.004,2.004,0.0,0.0,0.0,0.0,69,-3.222006825527464e+26,89220.664,0.0,0.0,0.0,0.0,0.0,0.0,0.0,0,0,0,0.0,0.0,0.0,0.0,0.0,0.0,0.0,0.0,0.0,0.0,0.0,0.0,0.0,0.0,0.0,0.0,0,-107875648.0,69,0.0,138,0.0,2.012,ERR,ERR,ERR,ERR,ERR,ERR,ERR,ERR,ERR,ERR,ERR,ERR,ERR,ERR,ERR,ERR,ERR,ERR,ERR,ERR,ERR,ERR,ERR,ERR,ERR,ERR,ERR,ERR,ERR,ERR,ERR,ERR,ERR,ERR,ERR,ERR,ERR,ERR,ERR,ERR,ERR,ERR,ERR,ERR,ERR,ERR,ERR,ERR,ERR,ERR,ERR,ERR,ERR,ERR,ERR,ERR,ERR,ERR,ERR,ERR,ERR,ERR,ERR,ERR,ERR,ERR,ERR,60.0,60.0,35,0.0,0.0,0.0,0.0,0.0,0.0,0.0,0.0,0.0,0.0,0.0,0.0,0.0,0.0,0.0,0.0,65.2,0,113,55,33,65476,0,300,0,0,8,20529,65476,0,0,2621,60.0,0.0,0.0,0.0,0.0,0.0
2026-07-09T15:51:27,ERR,ERR,ERR,ERR,ERR,ERR,ERR,ERR,ERR,ERR,ERR,ERR,ERR,ERR,ERR,ERR,ERR,ERR,ERR,ERR,ERR,ERR,ERR,ERR,ERR,ERR,ERR,ERR,ERR,ERR,ERR,ERR,ERR,ERR,ERR,ERR,ERR,ERR,ERR,ERR,ERR,ERR,ERR,ERR,ERR,ERR,ERR,ERR,ERR,ERR,ERR,ERR,ERR,ERR,ERR,ERR,ERR,ERR,ERR,ERR,ERR,ERR,ERR,ERR,ERR,ERR,ERR,ERR,ERR,ERR,ERR,ERR,ERR,ERR,ERR,ERR,ERR,ERR,ERR,ERR,ERR,ERR,ERR,ERR,ERR,ERR,ERR,ERR,ERR,ERR,ERR,ERR,ERR,ERR,ERR,ERR,ERR,ERR,ERR,ERR,ERR,ERR,ERR,ERR,ERR,ERR,ERR,ERR,ERR,ERR,ERR,ERR,ERR,ERR,ERR,ERR,ERR,ERR,ERR,ERR,ERR,ERR,ERR,ERR,ERR,2.7184242562605685e+23,-107615968.0,0.0,0.0,-2221040205824.0,0.0,2.033668047487222e+29,-3.3952912132837925e+34,0,0,4,17306,7116,0.0,100,0.0,0.0,0.0,0.0,0.0,0,0,0,0,0.0,0,0,0,0,0,0,0,0,0,0,0,0,0,0,0,0,0,0,0,0,0,0,0,0,0,0,0,0,0,0,0,0,0,31,40,40,71,65476,0,300,0,0,8,21553,0.0,-107605600.0,0.0,0.0,0.0,0.0,0.0,0.0,0.0,0.0,0.0,0.0,0.0,0.0,0.0,0.0,0.0,0.0,0.0,0.0,0.0,0.0,0.0,0.0,0.0,0.0,0.0,0.0,0.0,0.0,5330.0,-0.0,6932.0,2.7184242562605685e+23,-107615968.0,2.004,2.004,0.0,0.0,0.0,0.0,69,-3.222006825527464e+26,89220.664,0.0,0.0,0.0,0.0,0.0,0.0,0.0,0,0,0,0.0,0.0,0.0,0.0,0.0,0.0,0.0,0.0,0.0,0.0,0.0,0.0,0.0,0.0,0.0,0.0,0,-107875648.0,69,0.0,138,0.0,2.012,ERR,ERR,ERR,ERR,ERR,ERR,ERR,ERR,ERR,ERR,ERR,ERR,ERR,ERR,ERR,ERR,ERR,ERR,ERR,ERR,ERR,ERR,ERR,ERR,ERR,ERR,ERR,ERR,ERR,ERR,ERR,ERR,ERR,ERR,ERR,ERR,ERR,ERR,ERR,ERR,ERR,ERR,ERR,ERR,ERR,ERR,ERR,ERR,ERR,ERR,ERR,ERR,ERR,ERR,ERR,ERR,ERR,ERR,ERR,ERR,ERR,ERR,ERR,ERR,ERR,ERR,ERR,60.0,60.0,35,0.0,0.0,0.0,0.0,0.0,0.0,0.0,0.0,0.0,0.0,0.0,0.0,0.0,0.0,0.0,0.0,65.2,0,113,55,33,65476,0,300,0,0,8,20529,65476,0,0,2621,60.0,0.0,0.0,0.0,0.0,0.0
2026-07-09T15:51:28,ERR,ERR,ERR,ERR,ERR,ERR,ERR,ERR,ERR,ERR,ERR,ERR,ERR,ERR,ERR,ERR,ERR,ERR,ERR,ERR,ERR,ERR,ERR,ERR,ERR,ERR,ERR,ERR,ERR,ERR,ERR,ERR,ERR,ERR,ERR,ERR,ERR,ERR,ERR,ERR,ERR,ERR,ERR,ERR,ERR,ERR,ERR,ERR,ERR,ERR,ERR,ERR,ERR,ERR,ERR,ERR,ERR,ERR,ERR,ERR,ERR,ERR,ERR,ERR,ERR,ERR,ERR,ERR,ERR,ERR,ERR,ERR,ERR,ERR,ERR,ERR,ERR,ERR,ERR,ERR,ERR,ERR,ERR,ERR,ERR,ERR,ERR,ERR,ERR,ERR,ERR,ERR,ERR,ERR,ERR,ERR,ERR,ERR,ERR,ERR,ERR,ERR,ERR,ERR,ERR,ERR,ERR,ERR,ERR,ERR,ERR,ERR,ERR,ERR,ERR,ERR,ERR,ERR,ERR,ERR,ERR,ERR,ERR,ERR,ERR,2.7184242562605685e+23,-107615968.0,0.0,0.0,-2221040205824.0,0.0,2.033668047487222e+29,-3.3952912132837925e+34,0,0,4,17306,7116,0.0,100,0.0,0.0,0.0,0.0,0.0,0,0,0,0,0.0,0,0,0,0,0,0,0,0,0,0,0,0,0,0,0,0,0,0,0,0,0,0,0,0,0,0,0,0,0,0,0,0,0,31,40,40,71,65476,0,300,0,0,8,21553,0.0,-107605600.0,0.0,0.0,0.0,0.0,0.0,0.0,0.0,0.0,0.0,0.0,0.0,0.0,0.0,0.0,0.0,0.0,0.0,0.0,0.0,0.0,0.0,0.0,0.0,0.0,0.0,0.0,0.0,0.0,5330.0,-0.0,6932.0,2.7184242562605685e+23,-107615968.0,2.004,2.004,0.0,0.0,0.0,0.0,69,-3.222006825527464e+26,89220.664,0.0,0.0,0.0,0.0,0.0,0.0,0.0,0,0,0,0.0,0.0,0.0,0.0,0.0,0.0,0.0,0.0,0.0,0.0,0.0,0.0,0.0,0.0,0.0,0.0,0,-107875648.0,69,0.0,138,0.0,2.012,ERR,ERR,ERR,ERR,ERR,ERR,ERR,ERR,ERR,ERR,ERR,ERR,ERR,ERR,ERR,ERR,ERR,ERR,ERR,ERR,ERR,ERR,ERR,ERR,ERR,ERR,ERR,ERR,ERR,ERR,ERR,ERR,ERR,ERR,ERR,ERR,ERR,ERR,ERR,ERR,ERR,ERR,ERR,ERR,ERR,ERR,ERR,ERR,ERR,ERR,ERR,ERR,ERR,ERR,ERR,ERR,ERR,ERR,ERR,ERR,ERR,ERR,ERR,ERR,ERR,ERR,ERR,60.0,60.0,35,0.0,0.0,0.0,0.0,0.0,0.0,0.0,0.0,0.0,0.0,0.0,0.0,0.0,0.0,0.0,0.0,65.6,0,113,55,33,65476,0,300,0,0,8,20529,65476,0,0,2621,60.0,0.0,0.0,0.0,0.0,0.0
2026-07-09T15:51:29,ERR,ERR,ERR,ERR,ERR,ERR,ERR,ERR,ERR,ERR,ERR,ERR,ERR,ERR,ERR,ERR,ERR,ERR,ERR,ERR,ERR,ERR,ERR,ERR,ERR,ERR,ERR,ERR,ERR,ERR,ERR,ERR,ERR,ERR,ERR,ERR,ERR,ERR,ERR,ERR,ERR,ERR,ERR,ERR,ERR,ERR,ERR,ERR,ERR,ERR,ERR,ERR,ERR,ERR,ERR,ERR,ERR,ERR,ERR,ERR,ERR,ERR,ERR,ERR,ERR,ERR,ERR,ERR,ERR,ERR,ERR,ERR,ERR,ERR,ERR,ERR,ERR,ERR,ERR,ERR,ERR,ERR,ERR,ERR,ERR,ERR,ERR,ERR,ERR,ERR,ERR,ERR,ERR,ERR,ERR,ERR,ERR,ERR,ERR,ERR,ERR,ERR,ERR,ERR,ERR,ERR,ERR,ERR,ERR,ERR,ERR,ERR,ERR,ERR,ERR,ERR,ERR,ERR,ERR,ERR,ERR,ERR,ERR,ERR,ERR,2.7184242562605685e+23,-107615968.0,0.0,0.0,-2221040205824.0,0.0,2.033668047487222e+29,-3.3952912132837925e+34,0,0,4,17306,7116,0.0,100,0.0,0.0,0.0,0.0,0.0,0,0,0,0,0.0,0,0,0,0,0,0,0,0,0,0,0,0,0,0,0,0,0,0,0,0,0,0,0,0,0,0,0,0,0,0,0,0,0,31,40,40,71,65476,0,300,0,0,8,21553,0.0,-107605600.0,0.0,0.0,0.0,0.0,0.0,0.0,0.0,0.0,0.0,0.0,0.0,0.0,0.0,0.0,0.0,0.0,0.0,0.0,0.0,0.0,0.0,0.0,0.0,0.0,0.0,0.0,0.0,0.0,5330.0,-0.0,6932.0,2.7184242562605685e+23,-107615968.0,2.004,2.004,0.0,0.0,0.0,0.0,69,-3.222006825527464e+26,89220.664,0.0,0.0,0.0,0.0,0.0,0.0,0.0,0,0,0,0.0,0.0,0.0,0.0,0.0,0.0,0.0,0.0,0.0,0.0,0.0,0.0,0.0,0.0,0.0,0.0,0,-107875648.0,69,0.0,138,0.0,2.012,ERR,ERR,ERR,ERR,ERR,ERR,ERR,ERR,ERR,ERR,ERR,ERR,ERR,ERR,ERR,ERR,ERR,ERR,ERR,ERR,ERR,ERR,ERR,ERR,ERR,ERR,ERR,ERR,ERR,ERR,ERR,ERR,ERR,ERR,ERR,ERR,ERR,ERR,ERR,ERR,ERR,ERR,ERR,ERR,ERR,ERR,ERR,ERR,ERR,ERR,ERR,ERR,ERR,ERR,ERR,ERR,ERR,ERR,ERR,ERR,ERR,ERR,ERR,ERR,ERR,ERR,ERR,60.0,60.0,35,0.0,0.0,0.0,0.0,0.0,0.0,0.0,0.0,0.0,0.0,0.0,0.0,0.0,0.0,0.0,0.0,65.6,0,113,55,33,65476,0,300,0,0,8,20529,65476,0,0,2621,60.0,0.0,0.0,0.0,0.0,0.0
2026-07-09T15:51:30,ERR,ERR,ERR,ERR,ERR,ERR,ERR,ERR,ERR,ERR,ERR,ERR,ERR,ERR,ERR,ERR,ERR,ERR,ERR,ERR,ERR,ERR,ERR,ERR,ERR,ERR,ERR,ERR,ERR,ERR,ERR,ERR,ERR,ERR,ERR,ERR,ERR,ERR,ERR,ERR,ERR,ERR,ERR,ERR,ERR,ERR,ERR,ERR,ERR,ERR,ERR,ERR,ERR,ERR,ERR,ERR,ERR,ERR,ERR,ERR,ERR,ERR,ERR,ERR,ERR,ERR,ERR,ERR,ERR,ERR,ERR,ERR,ERR,ERR,ERR,ERR,ERR,ERR,ERR,ERR,ERR,ERR,ERR,ERR,ERR,ERR,ERR,ERR,ERR,ERR,ERR,ERR,ERR,ERR,ERR,ERR,ERR,ERR,ERR,ERR,ERR,ERR,ERR,ERR,ERR,ERR,ERR,ERR,ERR,ERR,ERR,ERR,ERR,ERR,ERR,ERR,ERR,ERR,ERR,ERR,ERR,ERR,ERR,ERR,ERR,2.7184242562605685e+23,-107615968.0,0.0,0.0,-2221040205824.0,0.0,2.033668047487222e+29,-3.3952912132837925e+34,0,0,4,17306,7116,0.0,100,0.0,0.0,0.0,0.0,0.0,0,0,0,0,0.0,0,0,0,0,0,0,0,0,0,0,0,0,0,0,0,0,0,0,0,0,0,0,0,0,0,0,0,0,0,0,0,0,0,31,40,40,71,65476,0,300,0,0,8,21553,0.0,-107605600.0,0.0,0.0,0.0,0.0,0.0,0.0,0.0,0.0,0.0,0.0,0.0,0.0,0.0,0.0,0.0,0.0,0.0,0.0,0.0,0.0,0.0,0.0,0.0,0.0,0.0,0.0,0.0,0.0,5330.0,-0.0,6932.0,2.7184242562605685e+23,-107615968.0,2.004,2.004,0.0,0.0,0.0,0.0,69,-3.222006825527464e+26,89220.664,0.0,0.0,0.0,0.0,0.0,0.0,0.0,0,0,0,0.0,0.0,0.0,0.0,0.0,0.0,0.0,0.0,0.0,0.0,0.0,0.0,0.0,0.0,0.0,0.0,0,-107875648.0,69,0.0,138,0.0,2.012,ERR,ERR,ERR,ERR,ERR,ERR,ERR,ERR,ERR,ERR,ERR,ERR,ERR,ERR,ERR,ERR,ERR,ERR,ERR,ERR,ERR,ERR,ERR,ERR,ERR,ERR,ERR,ERR,ERR,ERR,ERR,ERR,ERR,ERR,ERR,ERR,ERR,ERR,ERR,ERR,ERR,ERR,ERR,ERR,ERR,ERR,ERR,ERR,ERR,ERR,ERR,ERR,ERR,ERR,ERR,ERR,ERR,ERR,ERR,ERR,ERR,ERR,ERR,ERR,ERR,ERR,ERR,60.0,60.0,35,0.0,0.0,0.0,0.0,0.0,0.0,0.0,0.0,0.0,0.0,0.0,0.0,0.0,0.0,0.0,0.0,65.2,0,113,55,33,65476,0,300,0,0,8,20529,65476,0,0,2621,60.0,0.0,0.0,0.0,0.0,0.0
2026-07-09T15:51:31,ERR,ERR,ERR,ERR,ERR,ERR,ERR,ERR,ERR,ERR,ERR,ERR,ERR,ERR,ERR,ERR,ERR,ERR,ERR,ERR,ERR,ERR,ERR,ERR,ERR,ERR,ERR,ERR,ERR,ERR,ERR,ERR,ERR,ERR,ERR,ERR,ERR,ERR,ERR,ERR,ERR,ERR,ERR,ERR,ERR,ERR,ERR,ERR,ERR,ERR,ERR,ERR,ERR,ERR,ERR,ERR,ERR,ERR,ERR,ERR,ERR,ERR,ERR,ERR,ERR,ERR,ERR,ERR,ERR,ERR,ERR,ERR,ERR,ERR,ERR,ERR,ERR,ERR,ERR,ERR,ERR,ERR,ERR,ERR,ERR,ERR,ERR,ERR,ERR,ERR,ERR,ERR,ERR,ERR,ERR,ERR,ERR,ERR,ERR,ERR,ERR,ERR,ERR,ERR,ERR,ERR,ERR,ERR,ERR,ERR,ERR,ERR,ERR,ERR,ERR,ERR,ERR,ERR,ERR,ERR,ERR,ERR,ERR,ERR,ERR,2.7184242562605685e+23,0.0,-0.0,0.0,-0.0,0.0,0.0,-1.6440753542435952e+21,0,0,4,17307,7116,0.0,100,0.0,0.0,0.0,0.0,0.0,0,0,0,0,0.0,0,0,0,0,0,0,0,0,0,0,0,0,0,0,0,0,0,0,0,0,0,0,0,0,0,0,0,0,0,0,0,0,0,31,40,40,71,65476,0,300,0,0,8,21553,0.0,-107605600.0,0.0,0.0,0.0,0.0,0.0,0.0,0.0,0.0,0.0,0.0,0.0,0.0,0.0,0.0,0.0,0.0,0.0,0.0,0.0,0.0,0.0,2.004,0.0,0.0,0.0,0.0,0.0,0.0,5331.0,-8608192512.0,6938.0,2.7184242562605685e+23,0.0,2.004,2.004,0.0,0.0,0.0,0.0,69,-4.9504057733672904e+32,-0.0,0.0,0.0,0.0,0.0,0.0,0.0,0.0,0,0,0,0.0,0.0,0.0,0.0,0.0,0.0,0.0,0.0,0.0,0.0,0.0,0.0,0.0,0.0,0.0,0.0,0,-107875648.0,69,0.0,138,0.0,2.012,ERR,ERR,ERR,ERR,ERR,ERR,ERR,ERR,ERR,ERR,ERR,ERR,ERR,ERR,ERR,ERR,ERR,ERR,ERR,ERR,ERR,ERR,ERR,ERR,ERR,ERR,ERR,ERR,ERR,ERR,ERR,ERR,ERR,ERR,ERR,ERR,ERR,ERR,ERR,ERR,ERR,ERR,ERR,ERR,ERR,ERR,ERR,ERR,ERR,ERR,ERR,ERR,ERR,ERR,ERR,ERR,ERR,ERR,ERR,ERR,ERR,ERR,ERR,ERR,ERR,ERR,ERR,60.0,60.0,35,0.0,0.0,0.0,0.0,0.0,0.0,0.0,0.0,0.0,0.0,0.0,0.0,0.0,0.0,0.0,0.0,65.2,0,113,55,33,65476,0,300,0,0,8,20529,65476,0,0,2621,60.0,0.0,0.0,0.0,0.0,0.0
2026-07-09T15:51:32,ERR,ERR,ERR,ERR,ERR,ERR,ERR,ERR,ERR,ERR,ERR,ERR,ERR,ERR,ERR,ERR,ERR,ERR,ERR,ERR,ERR,ERR,ERR,ERR,ERR,ERR,ERR,ERR,ERR,ERR,ERR,ERR,ERR,ERR,ERR,ERR,ERR,ERR,ERR,ERR,ERR,ERR,ERR,ERR,ERR,ERR,ERR,ERR,ERR,ERR,ERR,ERR,ERR,ERR,ERR,ERR,ERR,ERR,ERR,ERR,ERR,ERR,ERR,ERR,ERR,ERR,ERR,ERR,ERR,ERR,ERR,ERR,ERR,ERR,ERR,ERR,ERR,ERR,ERR,ERR,ERR,ERR,ERR,ERR,ERR,ERR,ERR,ERR,ERR,ERR,ERR,ERR,ERR,ERR,ERR,ERR,ERR,ERR,ERR,ERR,ERR,ERR,ERR,ERR,ERR,ERR,ERR,ERR,ERR,ERR,ERR,ERR,ERR,ERR,ERR,ERR,ERR,ERR,ERR,ERR,ERR,ERR,ERR,ERR,ERR,2.7184242562605685e+23,0.0,-0.0,0.0,-0.0,0.0,0.0,-1.6440753542435952e+21,0,0,4,17307,7116,0.0,100,0.0,0.0,0.0,0.0,0.0,0,0,0,0,0.0,0,0,0,0,0,0,0,0,0,0,0,0,0,0,0,0,0,0,0,0,0,0,0,0,0,0,0,0,0,0,0,0,0,31,40,40,71,65476,0,300,0,0,8,21553,0.0,-107605600.0,0.0,0.0,0.0,0.0,0.0,0.0,0.0,0.0,0.0,0.0,0.0,0.0,0.0,0.0,0.0,0.0,0.0,0.0,0.0,0.0,0.0,2.004,0.0,0.0,0.0,0.0,0.0,0.0,5331.0,-8608192512.0,6938.0,2.7184242562605685e+23,0.0,2.004,2.004,0.0,0.0,0.0,0.0,69,-4.9504057733672904e+32,-0.0,0.0,0.0,0.0,0.0,0.0,0.0,0.0,0,0,0,0.0,0.0,0.0,0.0,0.0,0.0,0.0,0.0,0.0,0.0,0.0,0.0,0.0,0.0,0.0,0.0,0,-107875648.0,69,0.0,138,0.0,2.012,ERR,ERR,ERR,ERR,ERR,ERR,ERR,ERR,ERR,ERR,ERR,ERR,ERR,ERR,ERR,ERR,ERR,ERR,ERR,ERR,ERR,ERR,ERR,ERR,ERR,ERR,ERR,ERR,ERR,ERR,ERR,ERR,ERR,ERR,ERR,ERR,ERR,ERR,ERR,ERR,ERR,ERR,ERR,ERR,ERR,ERR,ERR,ERR,ERR,ERR,ERR,ERR,ERR,ERR,ERR,ERR,ERR,ERR,ERR,ERR,ERR,ERR,ERR,ERR,ERR,ERR,ERR,60.0,60.0,35,0.0,0.0,0.0,0.0,0.0,0.0,0.0,0.0,0.0,0.0,0.0,0.0,0.0,0.0,0.0,0.0,65.2,0,113,55,33,65476,0,300,0,0,8,20529,65476,0,0,2621,60.0,0.0,0.0,0.0,0.0,0.0
2026-07-09T15:51:33,ERR,ERR,ERR,ERR,ERR,ERR,ERR,ERR,ERR,ERR,ERR,ERR,ERR,ERR,ERR,ERR,ERR,ERR,ERR,ERR,ERR,ERR,ERR,ERR,ERR,ERR,ERR,ERR,ERR,ERR,ERR,ERR,ERR,ERR,ERR,ERR,ERR,ERR,ERR,ERR,ERR,ERR,ERR,ERR,ERR,ERR,ERR,ERR,ERR,ERR,ERR,ERR,ERR,ERR,ERR,ERR,ERR,ERR,ERR,ERR,ERR,ERR,ERR,ERR,ERR,ERR,ERR,ERR,ERR,ERR,ERR,ERR,ERR,ERR,ERR,ERR,ERR,ERR,ERR,ERR,ERR,ERR,ERR,ERR,ERR,ERR,ERR,ERR,ERR,ERR,ERR,ERR,ERR,ERR,ERR,ERR,ERR,ERR,ERR,ERR,ERR,ERR,ERR,ERR,ERR,ERR,ERR,ERR,ERR,ERR,ERR,ERR,ERR,ERR,ERR,ERR,ERR,ERR,ERR,ERR,ERR,ERR,ERR,ERR,ERR,2.7184242562605685e+23,0.0,-0.0,0.0,-0.0,0.0,0.0,-1.6440753542435952e+21,0,0,4,17307,7116,0.0,100,0.0,0.0,0.0,0.0,0.0,0,0,0,0,0.0,0,0,0,0,0,0,0,0,0,0,0,0,0,0,0,0,0,0,0,0,0,0,0,0,0,0,0,0,0,0,0,0,0,31,40,40,71,65476,0,300,0,0,8,21553,0.0,-107605600.0,0.0,0.0,0.0,0.0,0.0,0.0,0.0,0.0,0.0,0.0,0.0,0.0,0.0,0.0,0.0,0.0,0.0,0.0,0.0,0.0,0.0,2.004,0.0,0.0,0.0,0.0,0.0,0.0,5331.0,-8608192512.0,6938.0,2.7184242562605685e+23,0.0,2.004,2.004,0.0,0.0,0.0,0.0,69,-4.9504057733672904e+32,-0.0,0.0,0.0,0.0,0.0,0.0,0.0,0.0,0,0,0,0.0,0.0,0.0,0.0,0.0,0.0,0.0,0.0,0.0,0.0,0.0,0.0,0.0,0.0,0.0,0.0,0,-107875648.0,69,0.0,138,0.0,2.012,ERR,ERR,ERR,ERR,ERR,ERR,ERR,ERR,ERR,ERR,ERR,ERR,ERR,ERR,ERR,ERR,ERR,ERR,ERR,ERR,ERR,ERR,ERR,ERR,ERR,ERR,ERR,ERR,ERR,ERR,ERR,ERR,ERR,ERR,ERR,ERR,ERR,ERR,ERR,ERR,ERR,ERR,ERR,ERR,ERR,ERR,ERR,ERR,ERR,ERR,ERR,ERR,ERR,ERR,ERR,ERR,ERR,ERR,ERR,ERR,ERR,ERR,ERR,ERR,ERR,ERR,ERR,60.0,60.0,35,0.0,0.0,0.0,0.0,0.0,0.0,0.0,0.0,0.0,0.0,0.0,0.0,0.0,0.0,0.0,0.0,65.2,0,113,55,33,65476,0,300,0,0,8,20529,65476,0,0,2621,60.0,0.0,0.0,0.0,0.0,0.0
2026-07-09T15:51:34,ERR,ERR,ERR,ERR,ERR,ERR,ERR,ERR,ERR,ERR,ERR,ERR,ERR,ERR,ERR,ERR,ERR,ERR,ERR,ERR,ERR,ERR,ERR,ERR,ERR,ERR,ERR,ERR,ERR,ERR,ERR,ERR,ERR,ERR,ERR,ERR,ERR,ERR,ERR,ERR,ERR,ERR,ERR,ERR,ERR,ERR,ERR,ERR,ERR,ERR,ERR,ERR,ERR,ERR,ERR,ERR,ERR,ERR,ERR,ERR,ERR,ERR,ERR,ERR,ERR,ERR,ERR,ERR,ERR,ERR,ERR,ERR,ERR,ERR,ERR,ERR,ERR,ERR,ERR,ERR,ERR,ERR,ERR,ERR,ERR,ERR,ERR,ERR,ERR,ERR,ERR,ERR,ERR,ERR,ERR,ERR,ERR,ERR,ERR,ERR,ERR,ERR,ERR,ERR,ERR,ERR,ERR,ERR,ERR,ERR,ERR,ERR,ERR,ERR,ERR,ERR,ERR,ERR,ERR,ERR,ERR,ERR,ERR,ERR,ERR,2.7184242562605685e+23,0.0,-0.0,0.0,-0.0,0.0,0.0,-1.6440753542435952e+21,0,0,4,17307,7116,0.0,100,0.0,0.0,0.0,0.0,0.0,0,0,0,0,0.0,0,0,0,0,0,0,0,0,0,0,0,0,0,0,0,0,0,0,0,0,0,0,0,0,0,0,0,0,0,0,0,0,0,31,40,40,71,65476,0,300,0,0,8,21553,0.0,-107605600.0,0.0,0.0,0.0,0.0,0.0,0.0,0.0,0.0,0.0,0.0,0.0,0.0,0.0,0.0,0.0,0.0,0.0,0.0,0.0,0.0,0.0,2.004,0.0,0.0,0.0,0.0,0.0,0.0,5331.0,-8608192512.0,6938.0,2.7184242562605685e+23,0.0,2.004,2.004,0.0,0.0,0.0,0.0,69,-4.9504057733672904e+32,-0.0,0.0,0.0,0.0,0.0,0.0,0.0,0.0,0,0,0,0.0,0.0,0.0,0.0,0.0,0.0,0.0,0.0,0.0,0.0,0.0,0.0,0.0,0.0,0.0,0.0,0,-107875648.0,69,0.0,138,0.0,2.012,ERR,ERR,ERR,ERR,ERR,ERR,ERR,ERR,ERR,ERR,ERR,ERR,ERR,ERR,ERR,ERR,ERR,ERR,ERR,ERR,ERR,ERR,ERR,ERR,ERR,ERR,ERR,ERR,ERR,ERR,ERR,ERR,ERR,ERR,ERR,ERR,ERR,ERR,ERR,ERR,ERR,ERR,ERR,ERR,ERR,ERR,ERR,ERR,ERR,ERR,ERR,ERR,ERR,ERR,ERR,ERR,ERR,ERR,ERR,ERR,ERR,ERR,ERR,ERR,ERR,ERR,ERR,60.0,60.0,35,0.0,0.0,0.0,0.0,0.0,0.0,0.0,0.0,0.0,0.0,0.0,0.0,0.0,0.0,0.0,0.0,65.2,0,113,55,33,65476,0,300,0,0,8,20529,65476,0,0,2621,60.0,0.0,0.0,0.0,0.0,0.0
2026-07-09T15:51:35,ERR,ERR,ERR,ERR,ERR,ERR,ERR,ERR,ERR,ERR,ERR,ERR,ERR,ERR,ERR,ERR,ERR,ERR,ERR,ERR,ERR,ERR,ERR,ERR,ERR,ERR,ERR,ERR,ERR,ERR,ERR,ERR,ERR,ERR,ERR,ERR,ERR,ERR,ERR,ERR,ERR,ERR,ERR,ERR,ERR,ERR,ERR,ERR,ERR,ERR,ERR,ERR,ERR,ERR,ERR,ERR,ERR,ERR,ERR,ERR,ERR,ERR,ERR,ERR,ERR,ERR,ERR,ERR,ERR,ERR,ERR,ERR,ERR,ERR,ERR,ERR,ERR,ERR,ERR,ERR,ERR,ERR,ERR,ERR,ERR,ERR,ERR,ERR,ERR,ERR,ERR,ERR,ERR,ERR,ERR,ERR,ERR,ERR,ERR,ERR,ERR,ERR,ERR,ERR,ERR,ERR,ERR,ERR,ERR,ERR,ERR,ERR,ERR,ERR,ERR,ERR,ERR,ERR,ERR,ERR,ERR,ERR,ERR,ERR,ERR,2.7184242562605685e+23,0.0,-0.0,0.0,-0.0,0.0,0.0,-1.6440753542435952e+21,0,0,4,17307,7116,0.0,100,0.0,0.0,0.0,0.0,0.0,0,0,0,0,0.0,0,0,0,0,0,0,0,0,0,0,0,0,0,0,0,0,0,0,0,0,0,0,0,0,0,0,0,0,0,0,0,0,0,31,40,40,71,65476,0,300,0,0,8,21553,0.0,-107605600.0,0.0,0.0,0.0,0.0,0.0,0.0,0.0,0.0,0.0,0.0,0.0,0.0,0.0,0.0,0.0,0.0,0.0,0.0,0.0,0.0,0.0,2.004,0.0,0.0,0.0,0.0,0.0,0.0,5331.0,-8608192512.0,6938.0,2.7184242562605685e+23,0.0,2.004,2.004,0.0,0.0,0.0,0.0,69,-4.9504057733672904e+32,-0.0,0.0,0.0,0.0,0.0,0.0,0.0,0.0,0,0,0,0.0,0.0,0.0,0.0,0.0,0.0,0.0,0.0,0.0,0.0,0.0,0.0,0.0,0.0,0.0,0.0,0,-107875648.0,69,0.0,138,0.0,2.012,ERR,ERR,ERR,ERR,ERR,ERR,ERR,ERR,ERR,ERR,ERR,ERR,ERR,ERR,ERR,ERR,ERR,ERR,ERR,ERR,ERR,ERR,ERR,ERR,ERR,ERR,ERR,ERR,ERR,ERR,ERR,ERR,ERR,ERR,ERR,ERR,ERR,ERR,ERR,ERR,ERR,ERR,ERR,ERR,ERR,ERR,ERR,ERR,ERR,ERR,ERR,ERR,ERR,ERR,ERR,ERR,ERR,ERR,ERR,ERR,ERR,ERR,ERR,ERR,ERR,ERR,ERR,60.0,60.0,35,0.0,0.0,0.0,0.0,0.0,0.0,0.0,0.0,0.0,0.0,0.0,0.0,0.0,0.0,0.0,0.0,65.2,0,113,55,33,65476,0,300,0,0,8,20529,65476,0,0,2621,60.0,0.0,0.0,0.0,0.0,0.0
2026-07-09T15:51:36,ERR,ERR,ERR,ERR,ERR,ERR,ERR,ERR,ERR,ERR,ERR,ERR,ERR,ERR,ERR,ERR,ERR,ERR,ERR,ERR,ERR,ERR,ERR,ERR,ERR,ERR,ERR,ERR,ERR,ERR,ERR,ERR,ERR,ERR,ERR,ERR,ERR,ERR,ERR,ERR,ERR,ERR,ERR,ERR,ERR,ERR,ERR,ERR,ERR,ERR,ERR,ERR,ERR,ERR,ERR,ERR,ERR,ERR,ERR,ERR,ERR,ERR,ERR,ERR,ERR,ERR,ERR,ERR,ERR,ERR,ERR,ERR,ERR,ERR,ERR,ERR,ERR,ERR,ERR,ERR,ERR,ERR,ERR,ERR,ERR,ERR,ERR,ERR,ERR,ERR,ERR,ERR,ERR,ERR,ERR,ERR,ERR,ERR,ERR,ERR,ERR,ERR,ERR,ERR,ERR,ERR,ERR,ERR,ERR,ERR,ERR,ERR,ERR,ERR,ERR,ERR,ERR,ERR,ERR,ERR,ERR,ERR,ERR,ERR,ERR,2.7184242562605685e+23,0.0,0.0,0.0,-1.211585465410569e+24,3838044.25,-2.5159420461379654e+38,4.908375310524726e+34,0,0,4,17307,7116,0.0,100,0.0,0.0,0.0,0.0,0.0,0,0,0,0,0.0,0,0,0,0,0,0,0,0,0,0,0,0,0,0,0,0,0,0,0,0,0,0,0,0,0,0,0,0,0,0,0,0,0,31,40,40,71,65476,0,300,0,0,8,21553,0.0,-107605600.0,0.0,0.0,0.0,0.0,0.0,0.0,0.0,0.0,0.0,0.0,0.0,0.0,0.0,0.0,0.0,0.0,0.0,0.0,0.0,0.0,0.0,2.004,0.0,0.0,0.0,0.0,0.0,0.0,5332.0,-2.4229907868360434e+24,6941.0,2.7184242562605685e+23,0.0,2.004,2.004,0.0,0.0,0.0,0.0,69,0.0,-0.0,0.0,0.0,0.0,0.0,0.0,0.0,0.0,0,0,0,0.0,0.0,0.0,0.0,0.0,0.0,0.0,0.0,0.0,0.0,0.0,0.0,0.0,0.0,0.0,0.0,0,-107875648.0,69,0.0,138,0.0,2.012,ERR,ERR,ERR,ERR,ERR,ERR,ERR,ERR,ERR,ERR,ERR,ERR,ERR,ERR,ERR,ERR,ERR,ERR,ERR,ERR,ERR,ERR,ERR,ERR,ERR,ERR,ERR,ERR,ERR,ERR,ERR,ERR,ERR,ERR,ERR,ERR,ERR,ERR,ERR,ERR,ERR,ERR,ERR,ERR,ERR,ERR,ERR,ERR,ERR,ERR,ERR,ERR,ERR,ERR,ERR,ERR,ERR,ERR,ERR,ERR,ERR,ERR,ERR,ERR,ERR,ERR,ERR,60.0,60.0,35,0.0,0.0,0.0,0.0,0.0,0.0,0.0,0.0,0.0,0.0,0.0,0.0,0.0,0.0,0.0,0.0,65.2,0,113,55,33,65476,0,300,0,0,8,20529,65476,0,0,2621,60.0,0.0,0.0,0.0,0.0,0.0
2026-07-09T15:51:37,ERR,ERR,ERR,ERR,ERR,ERR,ERR,ERR,ERR,ERR,ERR,ERR,ERR,ERR,ERR,ERR,ERR,ERR,ERR,ERR,ERR,ERR,ERR,ERR,ERR,ERR,ERR,ERR,ERR,ERR,ERR,ERR,ERR,ERR,ERR,ERR,ERR,ERR,ERR,ERR,ERR,ERR,ERR,ERR,ERR,ERR,ERR,ERR,ERR,ERR,ERR,ERR,ERR,ERR,ERR,ERR,ERR,ERR,ERR,ERR,ERR,ERR,ERR,ERR,ERR,ERR,ERR,ERR,ERR,ERR,ERR,ERR,ERR,ERR,ERR,ERR,ERR,ERR,ERR,ERR,ERR,ERR,ERR,ERR,ERR,ERR,ERR,ERR,ERR,ERR,ERR,ERR,ERR,ERR,ERR,ERR,ERR,ERR,ERR,ERR,ERR,ERR,ERR,ERR,ERR,ERR,ERR,ERR,ERR,ERR,ERR,ERR,ERR,ERR,ERR,ERR,ERR,ERR,ERR,ERR,ERR,ERR,ERR,ERR,ERR,2.7184242562605685e+23,0.0,0.0,0.0,-1.211585465410569e+24,3838044.25,-2.5159420461379654e+38,4.908375310524726e+34,0,0,4,17307,7116,0.0,100,0.0,0.0,0.0,0.0,0.0,0,0,0,0,0.0,0,0,0,0,0,0,0,0,0,0,0,0,0,0,0,0,0,0,0,0,0,0,0,0,0,0,0,0,0,0,0,0,0,31,40,40,71,65476,0,300,0,0,8,21553,0.0,-107605600.0,0.0,0.0,0.0,0.0,0.0,0.0,0.0,0.0,0.0,0.0,0.0,0.0,0.0,0.0,0.0,0.0,0.0,0.0,0.0,0.0,0.0,2.004,0.0,0.0,0.0,0.0,0.0,0.0,5332.0,-2.4229907868360434e+24,6941.0,2.7184242562605685e+23,0.0,2.004,2.004,0.0,0.0,0.0,0.0,69,0.0,-0.0,0.0,0.0,0.0,0.0,0.0,0.0,0.0,0,0,0,0.0,0.0,0.0,0.0,0.0,0.0,0.0,0.0,0.0,0.0,0.0,0.0,0.0,0.0,0.0,0.0,0,-107875648.0,69,0.0,138,0.0,2.012,ERR,ERR,ERR,ERR,ERR,ERR,ERR,ERR,ERR,ERR,ERR,ERR,ERR,ERR,ERR,ERR,ERR,ERR,ERR,ERR,ERR,ERR,ERR,ERR,ERR,ERR,ERR,ERR,ERR,ERR,ERR,ERR,ERR,ERR,ERR,ERR,ERR,ERR,ERR,ERR,ERR,ERR,ERR,ERR,ERR,ERR,ERR,ERR,ERR,ERR,ERR,ERR,ERR,ERR,ERR,ERR,ERR,ERR,ERR,ERR,ERR,ERR,ERR,ERR,ERR,ERR,ERR,60.0,60.0,35,0.0,0.0,0.0,0.0,0.0,0.0,0.0,0.0,0.0,0.0,0.0,0.0,0.0,0.0,0.0,0.0,65.2,0,113,55,33,65476,0,300,0,0,8,20529,65476,0,0,2621,60.0,0.0,0.0,0.0,0.0,0.0
2026-07-09T15:51:38,ERR,ERR,ERR,ERR,ERR,ERR,ERR,ERR,ERR,ERR,ERR,ERR,ERR,ERR,ERR,ERR,ERR,ERR,ERR,ERR,ERR,ERR,ERR,ERR,ERR,ERR,ERR,ERR,ERR,ERR,ERR,ERR,ERR,ERR,ERR,ERR,ERR,ERR,ERR,ERR,ERR,ERR,ERR,ERR,ERR,ERR,ERR,ERR,ERR,ERR,ERR,ERR,ERR,ERR,ERR,ERR,ERR,ERR,ERR,ERR,ERR,ERR,ERR,ERR,ERR,ERR,ERR,ERR,ERR,ERR,ERR,ERR,ERR,ERR,ERR,ERR,ERR,ERR,ERR,ERR,ERR,ERR,ERR,ERR,ERR,ERR,ERR,ERR,ERR,ERR,ERR,ERR,ERR,ERR,ERR,ERR,ERR,ERR,ERR,ERR,ERR,ERR,ERR,ERR,ERR,ERR,ERR,ERR,ERR,ERR,ERR,ERR,ERR,ERR,ERR,ERR,ERR,ERR,ERR,ERR,ERR,ERR,ERR,ERR,ERR,2.7184242562605685e+23,0.0,0.0,0.0,-1.211585465410569e+24,3838044.25,-2.5159420461379654e+38,4.908375310524726e+34,0,0,4,17307,7116,0.0,100,0.0,0.0,0.0,0.0,0.0,0,0,0,0,0.0,0,0,0,0,0,0,0,0,0,0,0,0,0,0,0,0,0,0,0,0,0,0,0,0,0,0,0,0,0,0,0,0,0,31,40,40,71,65476,0,300,0,0,8,21553,0.0,-107605600.0,0.0,0.0,0.0,0.0,0.0,0.0,0.0,0.0,0.0,0.0,0.0,0.0,0.0,0.0,0.0,0.0,0.0,0.0,0.0,0.0,0.0,2.004,0.0,0.0,0.0,0.0,0.0,0.0,5332.0,-2.4229907868360434e+24,6941.0,2.7184242562605685e+23,0.0,2.004,2.004,0.0,0.0,0.0,0.0,69,0.0,-0.0,0.0,0.0,0.0,0.0,0.0,0.0,0.0,0,0,0,0.0,0.0,0.0,0.0,0.0,0.0,0.0,0.0,0.0,0.0,0.0,0.0,0.0,0.0,0.0,0.0,0,-107875648.0,69,0.0,138,0.0,2.012,ERR,ERR,ERR,ERR,ERR,ERR,ERR,ERR,ERR,ERR,ERR,ERR,ERR,ERR,ERR,ERR,ERR,ERR,ERR,ERR,ERR,ERR,ERR,ERR,ERR,ERR,ERR,ERR,ERR,ERR,ERR,ERR,ERR,ERR,ERR,ERR,ERR,ERR,ERR,ERR,ERR,ERR,ERR,ERR,ERR,ERR,ERR,ERR,ERR,ERR,ERR,ERR,ERR,ERR,ERR,ERR,ERR,ERR,ERR,ERR,ERR,ERR,ERR,ERR,ERR,ERR,ERR,60.0,60.0,35,0.0,0.0,0.0,0.0,0.0,0.0,0.0,0.0,0.0,0.0,0.0,0.0,0.0,0.0,0.0,0.0,65.2,0,113,55,33,65476,0,300,0,0,8,20529,65476,0,0,2621,60.0,0.0,0.0,0.0,0.0,0.0
2026-07-09T15:51:39,ERR,ERR,ERR,ERR,ERR,ERR,ERR,ERR,ERR,ERR,ERR,ERR,ERR,ERR,ERR,ERR,ERR,ERR,ERR,ERR,ERR,ERR,ERR,ERR,ERR,ERR,ERR,ERR,ERR,ERR,ERR,ERR,ERR,ERR,ERR,ERR,ERR,ERR,ERR,ERR,ERR,ERR,ERR,ERR,ERR,ERR,ERR,ERR,ERR,ERR,ERR,ERR,ERR,ERR,ERR,ERR,ERR,ERR,ERR,ERR,ERR,ERR,ERR,ERR,ERR,ERR,ERR,ERR,ERR,ERR,ERR,ERR,ERR,ERR,ERR,ERR,ERR,ERR,ERR,ERR,ERR,ERR,ERR,ERR,ERR,ERR,ERR,ERR,ERR,ERR,ERR,ERR,ERR,ERR,ERR,ERR,ERR,ERR,ERR,ERR,ERR,ERR,ERR,ERR,ERR,ERR,ERR,ERR,ERR,ERR,ERR,ERR,ERR,ERR,ERR,ERR,ERR,ERR,ERR,ERR,ERR,ERR,ERR,ERR,ERR,2.7184242562605685e+23,0.0,0.0,0.0,-1.211585465410569e+24,3838044.25,-2.5159420461379654e+38,4.908375310524726e+34,0,0,4,17307,7116,0.0,100,0.0,0.0,0.0,0.0,0.0,0,0,0,0,0.0,0,0,0,0,0,0,0,0,0,0,0,0,0,0,0,0,0,0,0,0,0,0,0,0,0,0,0,0,0,0,0,0,0,31,40,40,71,65476,0,300,0,0,8,21553,0.0,-107605600.0,0.0,0.0,0.0,0.0,0.0,0.0,0.0,0.0,0.0,0.0,0.0,0.0,0.0,0.0,0.0,0.0,0.0,0.0,0.0,0.0,0.0,2.004,0.0,0.0,0.0,0.0,0.0,0.0,5332.0,-2.4229907868360434e+24,6941.0,2.7184242562605685e+23,0.0,2.004,2.004,0.0,0.0,0.0,0.0,69,0.0,-0.0,0.0,0.0,0.0,0.0,0.0,0.0,0.0,0,0,0,0.0,0.0,0.0,0.0,0.0,0.0,0.0,0.0,0.0,0.0,0.0,0.0,0.0,0.0,0.0,0.0,0,-107875648.0,69,0.0,138,0.0,2.012,ERR,ERR,ERR,ERR,ERR,ERR,ERR,ERR,ERR,ERR,ERR,ERR,ERR,ERR,ERR,ERR,ERR,ERR,ERR,ERR,ERR,ERR,ERR,ERR,ERR,ERR,ERR,ERR,ERR,ERR,ERR,ERR,ERR,ERR,ERR,ERR,ERR,ERR,ERR,ERR,ERR,ERR,ERR,ERR,ERR,ERR,ERR,ERR,ERR,ERR,ERR,ERR,ERR,ERR,ERR,ERR,ERR,ERR,ERR,ERR,ERR,ERR,ERR,ERR,ERR,ERR,ERR,60.0,60.0,35,0.0,0.0,0.0,0.0,0.0,0.0,0.0,0.0,0.0,0.0,0.0,0.0,0.0,0.0,0.0,0.0,65.2,0,113,55,33,65476,0,300,0,0,8,20529,65476,0,0,2621,60.0,0.0,0.0,0.0,0.0,0.0
2026-07-09T15:51:40,ERR,ERR,ERR,ERR,ERR,ERR,ERR,ERR,ERR,ERR,ERR,ERR,ERR,ERR,ERR,ERR,ERR,ERR,ERR,ERR,ERR,ERR,ERR,ERR,ERR,ERR,ERR,ERR,ERR,ERR,ERR,ERR,ERR,ERR,ERR,ERR,ERR,ERR,ERR,ERR,ERR,ERR,ERR,ERR,ERR,ERR,ERR,ERR,ERR,ERR,ERR,ERR,ERR,ERR,ERR,ERR,ERR,ERR,ERR,ERR,ERR,ERR,ERR,ERR,ERR,ERR,ERR,ERR,ERR,ERR,ERR,ERR,ERR,ERR,ERR,ERR,ERR,ERR,ERR,ERR,ERR,ERR,ERR,ERR,ERR,ERR,ERR,ERR,ERR,ERR,ERR,ERR,ERR,ERR,ERR,ERR,ERR,ERR,ERR,ERR,ERR,ERR,ERR,ERR,ERR,ERR,ERR,ERR,ERR,ERR,ERR,ERR,ERR,ERR,ERR,ERR,ERR,ERR,ERR,ERR,ERR,ERR,ERR,ERR,ERR,2.7184242562605685e+23,0.0,0.0,0.0,-1.211585465410569e+24,3838044.25,-2.5159420461379654e+38,4.908375310524726e+34,0,0,4,17307,7116,0.0,100,0.0,0.0,0.0,0.0,0.0,0,0,0,0,0.0,0,0,0,0,0,0,0,0,0,0,0,0,0,0,0,0,0,0,0,0,0,0,0,0,0,0,0,0,0,0,0,0,0,31,40,40,71,65476,0,300,0,0,8,21553,0.0,-107605600.0,0.0,0.0,0.0,0.0,0.0,0.0,0.0,0.0,0.0,0.0,0.0,0.0,0.0,0.0,0.0,0.0,0.0,0.0,0.0,0.0,0.0,2.004,0.0,0.0,0.0,0.0,0.0,0.0,5332.0,-2.4229907868360434e+24,6941.0,2.7184242562605685e+23,0.0,2.004,2.004,0.0,0.0,0.0,0.0,69,0.0,-0.0,0.0,0.0,0.0,0.0,0.0,0.0,0.0,0,0,0,0.0,0.0,0.0,0.0,0.0,0.0,0.0,0.0,0.0,0.0,0.0,0.0,0.0,0.0,0.0,0.0,0,-107875648.0,69,0.0,138,0.0,2.012,ERR,ERR,ERR,ERR,ERR,ERR,ERR,ERR,ERR,ERR,ERR,ERR,ERR,ERR,ERR,ERR,ERR,ERR,ERR,ERR,ERR,ERR,ERR,ERR,ERR,ERR,ERR,ERR,ERR,ERR,ERR,ERR,ERR,ERR,ERR,ERR,ERR,ERR,ERR,ERR,ERR,ERR,ERR,ERR,ERR,ERR,ERR,ERR,ERR,ERR,ERR,ERR,ERR,ERR,ERR,ERR,ERR,ERR,ERR,ERR,ERR,ERR,ERR,ERR,ERR,ERR,ERR,60.0,60.0,35,0.0,0.0,0.0,0.0,0.0,0.0,0.0,0.0,0.0,0.0,0.0,0.0,0.0,0.0,0.0,0.0,65.2,0,113,55,33,65476,0,300,0,0,8,20529,65476,0,0,2621,60.0,0.0,0.0,0.0,0.0,0.0
2026-07-09T15:51:41,ERR,ERR,ERR,ERR,ERR,ERR,ERR,ERR,ERR,ERR,ERR,ERR,ERR,ERR,ERR,ERR,ERR,ERR,ERR,ERR,ERR,ERR,ERR,ERR,ERR,ERR,ERR,ERR,ERR,ERR,ERR,ERR,ERR,ERR,ERR,ERR,ERR,ERR,ERR,ERR,ERR,ERR,ERR,ERR,ERR,ERR,ERR,ERR,ERR,ERR,ERR,ERR,ERR,ERR,ERR,ERR,ERR,ERR,ERR,ERR,ERR,ERR,ERR,ERR,ERR,ERR,ERR,ERR,ERR,ERR,ERR,ERR,ERR,ERR,ERR,ERR,ERR,ERR,ERR,ERR,ERR,ERR,ERR,ERR,ERR,ERR,ERR,ERR,ERR,ERR,ERR,ERR,ERR,ERR,ERR,ERR,ERR,ERR,ERR,ERR,ERR,ERR,ERR,ERR,ERR,ERR,ERR,ERR,ERR,ERR,ERR,ERR,ERR,ERR,ERR,ERR,ERR,ERR,ERR,ERR,ERR,ERR,ERR,ERR,ERR,2.7184242562605685e+23,0.0,0.0,2.7183478752108883e+23,3.7672921631328488e+22,0.0,0.0,-0.0,0,0,4,17307,7116,0.0,100,0.0,0.0,2.7183478752108883e+23,0.0,0.0,0,0,0,0,0.0,0,0,0,0,0,0,0,0,0,0,0,0,0,0,0,0,0,0,0,0,0,0,0,0,0,0,0,0,0,0,0,0,0,31,40,40,71,65476,0,300,0,0,8,21553,0.0,-107605600.0,0.0,0.0,0.0,0.0,0.0,0.0,0.0,0.0,0.0,0.0,0.0,0.0,0.0,0.0,0.0,0.0,0.0,0.0,0.0,0.0,0.0,2.004,0.0,0.0,0.0,0.0,0.0,0.0,5369.0,0.0,6915.0,2.7184242562605685e+23,0.0,2.004,2.004,0.0,0.0,0.0,0.0,69,0.059,-2.3088303383258962e+20,0.0,0.0,0.0,0.0,0.0,0.0,0.0,0,0,0,0.0,0.0,0.0,0.0,0.0,0.0,0.0,0.0,0.0,0.0,0.0,0.0,0.0,0.0,0.0,0.0,0,-107875648.0,69,0.0,138,0.0,2.012,ERR,ERR,ERR,ERR,ERR,ERR,ERR,ERR,ERR,ERR,ERR,ERR,ERR,ERR,ERR,ERR,ERR,ERR,ERR,ERR,ERR,ERR,ERR,ERR,ERR,ERR,ERR,ERR,ERR,ERR,ERR,ERR,ERR,ERR,ERR,ERR,ERR,ERR,ERR,ERR,ERR,ERR,ERR,ERR,ERR,ERR,ERR,ERR,ERR,ERR,ERR,ERR,ERR,ERR,ERR,ERR,ERR,ERR,ERR,ERR,ERR,ERR,ERR,ERR,ERR,ERR,ERR,60.0,60.0,35,0.0,0.0,0.0,0.0,0.0,0.0,0.0,0.0,0.0,0.0,0.0,0.0,0.0,0.0,0.0,0.0,65.2,0,113,55,33,65476,0,300,0,0,8,20529,65476,0,0,2621,60.0,0.0,0.0,0.0,0.0,0.0
2026-07-09T15:51:42,ERR,ERR,ERR,ERR,ERR,ERR,ERR,ERR,ERR,ERR,ERR,ERR,ERR,ERR,ERR,ERR,ERR,ERR,ERR,ERR,ERR,ERR,ERR,ERR,ERR,ERR,ERR,ERR,ERR,ERR,ERR,ERR,ERR,ERR,ERR,ERR,ERR,ERR,ERR,ERR,ERR,ERR,ERR,ERR,ERR,ERR,ERR,ERR,ERR,ERR,ERR,ERR,ERR,ERR,ERR,ERR,ERR,ERR,ERR,ERR,ERR,ERR,ERR,ERR,ERR,ERR,ERR,ERR,ERR,ERR,ERR,ERR,ERR,ERR,ERR,ERR,ERR,ERR,ERR,ERR,ERR,ERR,ERR,ERR,ERR,ERR,ERR,ERR,ERR,ERR,ERR,ERR,ERR,ERR,ERR,ERR,ERR,ERR,ERR,ERR,ERR,ERR,ERR,ERR,ERR,ERR,ERR,ERR,ERR,ERR,ERR,ERR,ERR,ERR,ERR,ERR,ERR,ERR,ERR,ERR,ERR,ERR,ERR,ERR,ERR,2.7184242562605685e+23,0.0,0.0,2.7183478752108883e+23,3.7672921631328488e+22,0.0,0.0,-0.0,0,0,4,17307,7116,0.0,100,0.0,0.0,2.7183478752108883e+23,0.0,0.0,0,0,0,0,0.0,0,0,0,0,0,0,0,0,0,0,0,0,0,0,0,0,0,0,0,0,0,0,0,0,0,0,0,0,0,0,0,0,0,31,40,40,71,65476,0,300,0,0,8,21553,0.0,-107605600.0,0.0,0.0,0.0,0.0,0.0,0.0,0.0,0.0,0.0,0.0,0.0,0.0,0.0,0.0,0.0,0.0,0.0,0.0,0.0,0.0,0.0,2.004,0.0,0.0,0.0,0.0,0.0,0.0,5369.0,0.0,6915.0,2.7184242562605685e+23,0.0,2.004,2.004,0.0,0.0,0.0,0.0,69,0.059,-2.3088303383258962e+20,0.0,0.0,0.0,0.0,0.0,0.0,0.0,0,0,0,0.0,0.0,0.0,0.0,0.0,0.0,0.0,0.0,0.0,0.0,0.0,0.0,0.0,0.0,0.0,0.0,0,-107875648.0,69,0.0,138,0.0,2.012,ERR,ERR,ERR,ERR,ERR,ERR,ERR,ERR,ERR,ERR,ERR,ERR,ERR,ERR,ERR,ERR,ERR,ERR,ERR,ERR,ERR,ERR,ERR,ERR,ERR,ERR,ERR,ERR,ERR,ERR,ERR,ERR,ERR,ERR,ERR,ERR,ERR,ERR,ERR,ERR,ERR,ERR,ERR,ERR,ERR,ERR,ERR,ERR,ERR,ERR,ERR,ERR,ERR,ERR,ERR,ERR,ERR,ERR,ERR,ERR,ERR,ERR,ERR,ERR,ERR,ERR,ERR,60.0,60.0,35,0.0,0.0,0.0,0.0,0.0,0.0,0.0,0.0,0.0,0.0,0.0,0.0,0.0,0.0,0.0,0.0,65.2,0,113,55,33,65476,0,300,0,0,8,20529,65476,0,0,2621,60.0,0.0,0.0,0.0,0.0,0.0
2026-07-09T15:51:43,ERR,ERR,ERR,ERR,ERR,ERR,ERR,ERR,ERR,ERR,ERR,ERR,ERR,ERR,ERR,ERR,ERR,ERR,ERR,ERR,ERR,ERR,ERR,ERR,ERR,ERR,ERR,ERR,ERR,ERR,ERR,ERR,ERR,ERR,ERR,ERR,ERR,ERR,ERR,ERR,ERR,ERR,ERR,ERR,ERR,ERR,ERR,ERR,ERR,ERR,ERR,ERR,ERR,ERR,ERR,ERR,ERR,ERR,ERR,ERR,ERR,ERR,ERR,ERR,ERR,ERR,ERR,ERR,ERR,ERR,ERR,ERR,ERR,ERR,ERR,ERR,ERR,ERR,ERR,ERR,ERR,ERR,ERR,ERR,ERR,ERR,ERR,ERR,ERR,ERR,ERR,ERR,ERR,ERR,ERR,ERR,ERR,ERR,ERR,ERR,ERR,ERR,ERR,ERR,ERR,ERR,ERR,ERR,ERR,ERR,ERR,ERR,ERR,ERR,ERR,ERR,ERR,ERR,ERR,ERR,ERR,ERR,ERR,ERR,ERR,2.7184242562605685e+23,0.0,0.0,2.7183478752108883e+23,3.7672921631328488e+22,0.0,0.0,-0.0,0,0,4,17307,7116,0.0,100,0.0,0.0,2.7183478752108883e+23,0.0,0.0,0,0,0,0,0.0,0,0,0,0,0,0,0,0,0,0,0,0,0,0,0,0,0,0,0,0,0,0,0,0,0,0,0,0,0,0,0,0,0,31,40,40,71,65476,0,300,0,0,8,21553,0.0,-107605600.0,0.0,0.0,0.0,0.0,0.0,0.0,0.0,0.0,0.0,0.0,0.0,0.0,0.0,0.0,0.0,0.0,0.0,0.0,0.0,0.0,0.0,2.004,0.0,0.0,0.0,0.0,0.0,0.0,5369.0,0.0,6915.0,2.7184242562605685e+23,0.0,2.004,2.004,0.0,0.0,0.0,0.0,69,0.059,-2.3088303383258962e+20,0.0,0.0,0.0,0.0,0.0,0.0,0.0,0,0,0,0.0,0.0,0.0,0.0,0.0,0.0,0.0,0.0,0.0,0.0,0.0,0.0,0.0,0.0,0.0,0.0,0,-107875648.0,69,0.0,138,0.0,2.012,ERR,ERR,ERR,ERR,ERR,ERR,ERR,ERR,ERR,ERR,ERR,ERR,ERR,ERR,ERR,ERR,ERR,ERR,ERR,ERR,ERR,ERR,ERR,ERR,ERR,ERR,ERR,ERR,ERR,ERR,ERR,ERR,ERR,ERR,ERR,ERR,ERR,ERR,ERR,ERR,ERR,ERR,ERR,ERR,ERR,ERR,ERR,ERR,ERR,ERR,ERR,ERR,ERR,ERR,ERR,ERR,ERR,ERR,ERR,ERR,ERR,ERR,ERR,ERR,ERR,ERR,ERR,60.0,60.0,35,0.0,0.0,0.0,0.0,0.0,0.0,0.0,0.0,0.0,0.0,0.0,0.0,0.0,0.0,0.0,0.0,65.6,0,113,55,33,65476,0,300,0,0,8,20529,65476,0,0,2621,60.0,0.0,0.0,0.0,0.0,0.0
2026-07-09T15:51:44,ERR,ERR,ERR,ERR,ERR,ERR,ERR,ERR,ERR,ERR,ERR,ERR,ERR,ERR,ERR,ERR,ERR,ERR,ERR,ERR,ERR,ERR,ERR,ERR,ERR,ERR,ERR,ERR,ERR,ERR,ERR,ERR,ERR,ERR,ERR,ERR,ERR,ERR,ERR,ERR,ERR,ERR,ERR,ERR,ERR,ERR,ERR,ERR,ERR,ERR,ERR,ERR,ERR,ERR,ERR,ERR,ERR,ERR,ERR,ERR,ERR,ERR,ERR,ERR,ERR,ERR,ERR,ERR,ERR,ERR,ERR,ERR,ERR,ERR,ERR,ERR,ERR,ERR,ERR,ERR,ERR,ERR,ERR,ERR,ERR,ERR,ERR,ERR,ERR,ERR,ERR,ERR,ERR,ERR,ERR,ERR,ERR,ERR,ERR,ERR,ERR,ERR,ERR,ERR,ERR,ERR,ERR,ERR,ERR,ERR,ERR,ERR,ERR,ERR,ERR,ERR,ERR,ERR,ERR,ERR,ERR,ERR,ERR,ERR,ERR,2.7184242562605685e+23,0.0,0.0,2.7183478752108883e+23,3.7672921631328488e+22,0.0,0.0,-0.0,0,0,4,17307,7116,0.0,100,0.0,0.0,2.7183478752108883e+23,0.0,0.0,0,0,0,0,0.0,0,0,0,0,0,0,0,0,0,0,0,0,0,0,0,0,0,0,0,0,0,0,0,0,0,0,0,0,0,0,0,0,0,31,40,40,71,65476,0,300,0,0,8,21553,0.0,-107605600.0,0.0,0.0,0.0,0.0,0.0,0.0,0.0,0.0,0.0,0.0,0.0,0.0,0.0,0.0,0.0,0.0,0.0,0.0,0.0,0.0,0.0,2.004,0.0,0.0,0.0,0.0,0.0,0.0,5369.0,0.0,6915.0,2.7184242562605685e+23,0.0,2.004,2.004,0.0,0.0,0.0,0.0,69,0.059,-2.3088303383258962e+20,0.0,0.0,0.0,0.0,0.0,0.0,0.0,0,0,0,0.0,0.0,0.0,0.0,0.0,0.0,0.0,0.0,0.0,0.0,0.0,0.0,0.0,0.0,0.0,0.0,0,-107875648.0,69,0.0,138,0.0,2.012,ERR,ERR,ERR,ERR,ERR,ERR,ERR,ERR,ERR,ERR,ERR,ERR,ERR,ERR,ERR,ERR,ERR,ERR,ERR,ERR,ERR,ERR,ERR,ERR,ERR,ERR,ERR,ERR,ERR,ERR,ERR,ERR,ERR,ERR,ERR,ERR,ERR,ERR,ERR,ERR,ERR,ERR,ERR,ERR,ERR,ERR,ERR,ERR,ERR,ERR,ERR,ERR,ERR,ERR,ERR,ERR,ERR,ERR,ERR,ERR,ERR,ERR,ERR,ERR,ERR,ERR,ERR,60.0,60.0,35,0.0,0.0,0.0,0.0,0.0,0.0,0.0,0.0,0.0,0.0,0.0,0.0,0.0,0.0,0.0,0.0,65.6,0,113,55,33,65476,0,300,0,0,8,20529,65476,0,0,2621,60.0,0.0,0.0,0.0,0.0,0.0
2026-07-09T15:51:45,ERR,ERR,ERR,ERR,ERR,ERR,ERR,ERR,ERR,ERR,ERR,ERR,ERR,ERR,ERR,ERR,ERR,ERR,ERR,ERR,ERR,ERR,ERR,ERR,ERR,ERR,ERR,ERR,ERR,ERR,ERR,ERR,ERR,ERR,ERR,ERR,ERR,ERR,ERR,ERR,ERR,ERR,ERR,ERR,ERR,ERR,ERR,ERR,ERR,ERR,ERR,ERR,ERR,ERR,ERR,ERR,ERR,ERR,ERR,ERR,ERR,ERR,ERR,ERR,ERR,ERR,ERR,ERR,ERR,ERR,ERR,ERR,ERR,ERR,ERR,ERR,ERR,ERR,ERR,ERR,ERR,ERR,ERR,ERR,ERR,ERR,ERR,ERR,ERR,ERR,ERR,ERR,ERR,ERR,ERR,ERR,ERR,ERR,ERR,ERR,ERR,ERR,ERR,ERR,ERR,ERR,ERR,ERR,ERR,ERR,ERR,ERR,ERR,ERR,ERR,ERR,ERR,ERR,ERR,ERR,ERR,ERR,ERR,ERR,ERR,2.7184242562605685e+23,0.0,0.0,2.7183478752108883e+23,3.7672921631328488e+22,0.0,0.0,-0.0,0,0,4,17307,7116,0.0,100,0.0,0.0,2.7183478752108883e+23,0.0,0.0,0,0,0,0,0.0,0,0,0,0,0,0,0,0,0,0,0,0,0,0,0,0,0,0,0,0,0,0,0,0,0,0,0,0,0,0,0,0,0,31,40,40,71,65476,0,300,0,0,8,21553,0.0,-107605600.0,0.0,0.0,0.0,0.0,0.0,0.0,0.0,0.0,0.0,0.0,0.0,0.0,0.0,0.0,0.0,0.0,0.0,0.0,0.0,0.0,0.0,2.004,0.0,0.0,0.0,0.0,0.0,0.0,5369.0,0.0,6915.0,2.7184242562605685e+23,0.0,2.004,2.004,0.0,0.0,0.0,0.0,69,0.059,-2.3088303383258962e+20,0.0,0.0,0.0,0.0,0.0,0.0,0.0,0,0,0,0.0,0.0,0.0,0.0,0.0,0.0,0.0,0.0,0.0,0.0,0.0,0.0,0.0,0.0,0.0,0.0,0,-107875648.0,69,0.0,138,0.0,2.012,ERR,ERR,ERR,ERR,ERR,ERR,ERR,ERR,ERR,ERR,ERR,ERR,ERR,ERR,ERR,ERR,ERR,ERR,ERR,ERR,ERR,ERR,ERR,ERR,ERR,ERR,ERR,ERR,ERR,ERR,ERR,ERR,ERR,ERR,ERR,ERR,ERR,ERR,ERR,ERR,ERR,ERR,ERR,ERR,ERR,ERR,ERR,ERR,ERR,ERR,ERR,ERR,ERR,ERR,ERR,ERR,ERR,ERR,ERR,ERR,ERR,ERR,ERR,ERR,ERR,ERR,ERR,60.0,60.0,35,0.0,0.0,0.0,0.0,0.0,0.0,0.0,0.0,0.0,0.0,0.0,0.0,0.0,0.0,0.0,0.0,65.2,0,114,55,33,65476,0,300,0,0,8,20529,65476,0,0,2621,60.0,0.0,0.0,0.0,0.0,0.0
2026-07-09T15:51:46,ERR,ERR,ERR,ERR,ERR,ERR,ERR,ERR,ERR,ERR,ERR,ERR,ERR,ERR,ERR,ERR,ERR,ERR,ERR,ERR,ERR,ERR,ERR,ERR,ERR,ERR,ERR,ERR,ERR,ERR,ERR,ERR,ERR,ERR,ERR,ERR,ERR,ERR,ERR,ERR,ERR,ERR,ERR,ERR,ERR,ERR,ERR,ERR,ERR,ERR,ERR,ERR,ERR,ERR,ERR,ERR,ERR,ERR,ERR,ERR,ERR,ERR,ERR,ERR,ERR,ERR,ERR,ERR,ERR,ERR,ERR,ERR,ERR,ERR,ERR,ERR,ERR,ERR,ERR,ERR,ERR,ERR,ERR,ERR,ERR,ERR,ERR,ERR,ERR,ERR,ERR,ERR,ERR,ERR,ERR,ERR,ERR,ERR,ERR,ERR,ERR,ERR,ERR,ERR,ERR,ERR,ERR,ERR,ERR,ERR,ERR,ERR,ERR,ERR,ERR,ERR,ERR,ERR,ERR,ERR,ERR,ERR,ERR,ERR,ERR,2.7184242562605685e+23,2.718444252242914e+23,2.7184181313650753e+23,0.0,0.0,0.0,0.0,-0.0,0,0,4,17305,7116,0.0,100,0.0,0.0,0.0,0.0,0.0,0,0,0,0,0.0,0,0,0,0,0,0,0,0,0,0,0,0,0,0,0,0,0,0,0,0,0,0,0,0,0,0,0,0,0,0,0,0,0,31,40,40,71,65476,0,300,0,0,8,21553,0.0,-107605600.0,0.0,0.0,0.0,0.0,0.0,0.0,0.0,0.0,0.0,0.0,0.0,0.0,0.0,0.0,0.0,0.0,0.0,0.0,0.0,0.0,0.0,3.697065627150293e+19,0.0,0.0,0.0,0.0,0.0,0.0,5369.0,564146571575296.0,6923.0,2.7184242562605685e+23,2.718444252242914e+23,2.004,2.004,0.0,0.0,0.0,0.0,69,0.0,0.0,0.0,0.0,0.0,0.0,0.0,0.0,0.0,0,0,0,0.0,0.0,0.0,0.0,0.0,0.0,0.0,0.0,0.0,0.0,0.0,0.0,0.0,0.0,0.0,0.0,0,-107875648.0,69,0.0,138,0.0,2.012,ERR,ERR,ERR,ERR,ERR,ERR,ERR,ERR,ERR,ERR,ERR,ERR,ERR,ERR,ERR,ERR,ERR,ERR,ERR,ERR,ERR,ERR,ERR,ERR,ERR,ERR,ERR,ERR,ERR,ERR,ERR,ERR,ERR,ERR,ERR,ERR,ERR,ERR,ERR,ERR,ERR,ERR,ERR,ERR,ERR,ERR,ERR,ERR,ERR,ERR,ERR,ERR,ERR,ERR,ERR,ERR,ERR,ERR,ERR,ERR,ERR,ERR,ERR,ERR,ERR,ERR,ERR,60.0,60.0,35,0.0,0.0,0.0,0.0,0.0,0.0,0.0,0.0,0.0,0.0,0.0,0.0,0.0,0.0,0.0,0.0,65.2,0,114,55,33,65476,0,300,0,0,8,20529,65476,0,0,2621,60.0,0.0,0.0,0.0,0.0,0.0
2026-07-09T15:51:47,ERR,ERR,ERR,ERR,ERR,ERR,ERR,ERR,ERR,ERR,ERR,ERR,ERR,ERR,ERR,ERR,ERR,ERR,ERR,ERR,ERR,ERR,ERR,ERR,ERR,ERR,ERR,ERR,ERR,ERR,ERR,ERR,ERR,ERR,ERR,ERR,ERR,ERR,ERR,ERR,ERR,ERR,ERR,ERR,ERR,ERR,ERR,ERR,ERR,ERR,ERR,ERR,ERR,ERR,ERR,ERR,ERR,ERR,ERR,ERR,ERR,ERR,ERR,ERR,ERR,ERR,ERR,ERR,ERR,ERR,ERR,ERR,ERR,ERR,ERR,ERR,ERR,ERR,ERR,ERR,ERR,ERR,ERR,ERR,ERR,ERR,ERR,ERR,ERR,ERR,ERR,ERR,ERR,ERR,ERR,ERR,ERR,ERR,ERR,ERR,ERR,ERR,ERR,ERR,ERR,ERR,ERR,ERR,ERR,ERR,ERR,ERR,ERR,ERR,ERR,ERR,ERR,ERR,ERR,ERR,ERR,ERR,ERR,ERR,ERR,2.7184242562605685e+23,2.718444252242914e+23,2.7184181313650753e+23,0.0,0.0,0.0,0.0,-0.0,0,0,4,17305,7116,0.0,100,0.0,0.0,0.0,0.0,0.0,0,0,0,0,0.0,0,0,0,0,0,0,0,0,0,0,0,0,0,0,0,0,0,0,0,0,0,0,0,0,0,0,0,0,0,0,0,0,0,31,40,40,71,65476,0,300,0,0,8,21553,0.0,-107605600.0,0.0,0.0,0.0,0.0,0.0,0.0,0.0,0.0,0.0,0.0,0.0,0.0,0.0,0.0,0.0,0.0,0.0,0.0,0.0,0.0,0.0,3.697065627150293e+19,0.0,0.0,0.0,0.0,0.0,0.0,5369.0,564146571575296.0,6923.0,2.7184242562605685e+23,2.718444252242914e+23,2.004,2.004,0.0,0.0,0.0,0.0,69,0.0,0.0,0.0,0.0,0.0,0.0,0.0,0.0,0.0,0,0,0,0.0,0.0,0.0,0.0,0.0,0.0,0.0,0.0,0.0,0.0,0.0,0.0,0.0,0.0,0.0,0.0,0,-107875648.0,69,0.0,138,0.0,2.012,ERR,ERR,ERR,ERR,ERR,ERR,ERR,ERR,ERR,ERR,ERR,ERR,ERR,ERR,ERR,ERR,ERR,ERR,ERR,ERR,ERR,ERR,ERR,ERR,ERR,ERR,ERR,ERR,ERR,ERR,ERR,ERR,ERR,ERR,ERR,ERR,ERR,ERR,ERR,ERR,ERR,ERR,ERR,ERR,ERR,ERR,ERR,ERR,ERR,ERR,ERR,ERR,ERR,ERR,ERR,ERR,ERR,ERR,ERR,ERR,ERR,ERR,ERR,ERR,ERR,ERR,ERR,60.0,60.0,35,0.0,0.0,0.0,0.0,0.0,0.0,0.0,0.0,0.0,0.0,0.0,0.0,0.0,0.0,0.0,0.0,65.6,0,114,55,33,65476,0,300,0,0,8,20529,65476,0,0,2621,60.0,0.0,0.0,0.0,0.0,0.0
2026-07-09T15:51:48,ERR,ERR,ERR,ERR,ERR,ERR,ERR,ERR,ERR,ERR,ERR,ERR,ERR,ERR,ERR,ERR,ERR,ERR,ERR,ERR,ERR,ERR,ERR,ERR,ERR,ERR,ERR,ERR,ERR,ERR,ERR,ERR,ERR,ERR,ERR,ERR,ERR,ERR,ERR,ERR,ERR,ERR,ERR,ERR,ERR,ERR,ERR,ERR,ERR,ERR,ERR,ERR,ERR,ERR,ERR,ERR,ERR,ERR,ERR,ERR,ERR,ERR,ERR,ERR,ERR,ERR,ERR,ERR,ERR,ERR,ERR,ERR,ERR,ERR,ERR,ERR,ERR,ERR,ERR,ERR,ERR,ERR,ERR,ERR,ERR,ERR,ERR,ERR,ERR,ERR,ERR,ERR,ERR,ERR,ERR,ERR,ERR,ERR,ERR,ERR,ERR,ERR,ERR,ERR,ERR,ERR,ERR,ERR,ERR,ERR,ERR,ERR,ERR,ERR,ERR,ERR,ERR,ERR,ERR,ERR,ERR,ERR,ERR,ERR,ERR,2.7184242562605685e+23,2.718444252242914e+23,2.7184181313650753e+23,0.0,0.0,0.0,0.0,-0.0,0,0,4,17305,7116,0.0,100,0.0,0.0,0.0,0.0,0.0,0,0,0,0,0.0,0,0,0,0,0,0,0,0,0,0,0,0,0,0,0,0,0,0,0,0,0,0,0,0,0,0,0,0,0,0,0,0,0,31,40,40,71,65476,0,300,0,0,8,21553,0.0,-107605600.0,0.0,0.0,0.0,0.0,0.0,0.0,0.0,0.0,0.0,0.0,0.0,0.0,0.0,0.0,0.0,0.0,0.0,0.0,0.0,0.0,0.0,3.697065627150293e+19,0.0,0.0,0.0,0.0,0.0,0.0,5369.0,564146571575296.0,6923.0,2.7184242562605685e+23,2.718444252242914e+23,2.004,2.004,0.0,0.0,0.0,0.0,69,0.0,0.0,0.0,0.0,0.0,0.0,0.0,0.0,0.0,0,0,0,0.0,0.0,0.0,0.0,0.0,0.0,0.0,0.0,0.0,0.0,0.0,0.0,0.0,0.0,0.0,0.0,0,-107875648.0,69,0.0,138,0.0,2.012,ERR,ERR,ERR,ERR,ERR,ERR,ERR,ERR,ERR,ERR,ERR,ERR,ERR,ERR,ERR,ERR,ERR,ERR,ERR,ERR,ERR,ERR,ERR,ERR,ERR,ERR,ERR,ERR,ERR,ERR,ERR,ERR,ERR,ERR,ERR,ERR,ERR,ERR,ERR,ERR,ERR,ERR,ERR,ERR,ERR,ERR,ERR,ERR,ERR,ERR,ERR,ERR,ERR,ERR,ERR,ERR,ERR,ERR,ERR,ERR,ERR,ERR,ERR,ERR,ERR,ERR,ERR,60.0,60.0,35,0.0,0.0,0.0,0.0,0.0,0.0,0.0,0.0,0.0,0.0,0.0,0.0,0.0,0.0,0.0,0.0,65.2,0,114,55,33,65476,0,300,0,0,8,20529,65476,0,0,2621,60.0,0.0,0.0,0.0,0.0,0.0
2026-07-09T15:51:49,ERR,ERR,ERR,ERR,ERR,ERR,ERR,ERR,ERR,ERR,ERR,ERR,ERR,ERR,ERR,ERR,ERR,ERR,ERR,ERR,ERR,ERR,ERR,ERR,ERR,ERR,ERR,ERR,ERR,ERR,ERR,ERR,ERR,ERR,ERR,ERR,ERR,ERR,ERR,ERR,ERR,ERR,ERR,ERR,ERR,ERR,ERR,ERR,ERR,ERR,ERR,ERR,ERR,ERR,ERR,ERR,ERR,ERR,ERR,ERR,ERR,ERR,ERR,ERR,ERR,ERR,ERR,ERR,ERR,ERR,ERR,ERR,ERR,ERR,ERR,ERR,ERR,ERR,ERR,ERR,ERR,ERR,ERR,ERR,ERR,ERR,ERR,ERR,ERR,ERR,ERR,ERR,ERR,ERR,ERR,ERR,ERR,ERR,ERR,ERR,ERR,ERR,ERR,ERR,ERR,ERR,ERR,ERR,ERR,ERR,ERR,ERR,ERR,ERR,ERR,ERR,ERR,ERR,ERR,ERR,ERR,ERR,ERR,ERR,ERR,2.7184242562605685e+23,2.718444252242914e+23,2.7184181313650753e+23,0.0,0.0,0.0,0.0,-0.0,0,0,4,17305,7116,0.0,100,0.0,0.0,0.0,0.0,0.0,0,0,0,0,0.0,0,0,0,0,0,0,0,0,0,0,0,0,0,0,0,0,0,0,0,0,0,0,0,0,0,0,0,0,0,0,0,0,0,31,40,40,71,65476,0,300,0,0,8,21553,0.0,-107605600.0,0.0,0.0,0.0,0.0,0.0,0.0,0.0,0.0,0.0,0.0,0.0,0.0,0.0,0.0,0.0,0.0,0.0,0.0,0.0,0.0,0.0,3.697065627150293e+19,0.0,0.0,0.0,0.0,0.0,0.0,5369.0,564146571575296.0,6923.0,2.7184242562605685e+23,2.718444252242914e+23,2.004,2.004,0.0,0.0,0.0,0.0,69,0.0,0.0,0.0,0.0,0.0,0.0,0.0,0.0,0.0,0,0,0,0.0,0.0,0.0,0.0,0.0,0.0,0.0,0.0,0.0,0.0,0.0,0.0,0.0,0.0,0.0,0.0,0,-107875648.0,69,0.0,138,0.0,2.012,ERR,ERR,ERR,ERR,ERR,ERR,ERR,ERR,ERR,ERR,ERR,ERR,ERR,ERR,ERR,ERR,ERR,ERR,ERR,ERR,ERR,ERR,ERR,ERR,ERR,ERR,ERR,ERR,ERR,ERR,ERR,ERR,ERR,ERR,ERR,ERR,ERR,ERR,ERR,ERR,ERR,ERR,ERR,ERR,ERR,ERR,ERR,ERR,ERR,ERR,ERR,ERR,ERR,ERR,ERR,ERR,ERR,ERR,ERR,ERR,ERR,ERR,ERR,ERR,ERR,ERR,ERR,60.0,60.0,35,0.0,0.0,0.0,0.0,0.0,0.0,0.0,0.0,0.0,0.0,0.0,0.0,0.0,0.0,0.0,0.0,65.2,0,114,55,33,65476,0,300,0,0,8,20529,65476,0,0,2621,60.0,0.0,0.0,0.0,0.0,0.0
2026-07-09T15:51:50,ERR,ERR,ERR,ERR,ERR,ERR,ERR,ERR,ERR,ERR,ERR,ERR,ERR,ERR,ERR,ERR,ERR,ERR,ERR,ERR,ERR,ERR,ERR,ERR,ERR,ERR,ERR,ERR,ERR,ERR,ERR,ERR,ERR,ERR,ERR,ERR,ERR,ERR,ERR,ERR,ERR,ERR,ERR,ERR,ERR,ERR,ERR,ERR,ERR,ERR,ERR,ERR,ERR,ERR,ERR,ERR,ERR,ERR,ERR,ERR,ERR,ERR,ERR,ERR,ERR,ERR,ERR,ERR,ERR,ERR,ERR,ERR,ERR,ERR,ERR,ERR,ERR,ERR,ERR,ERR,ERR,ERR,ERR,ERR,ERR,ERR,ERR,ERR,ERR,ERR,ERR,ERR,ERR,ERR,ERR,ERR,ERR,ERR,ERR,ERR,ERR,ERR,ERR,ERR,ERR,ERR,ERR,ERR,ERR,ERR,ERR,ERR,ERR,ERR,ERR,ERR,ERR,ERR,ERR,ERR,ERR,ERR,ERR,ERR,ERR,2.7184242562605685e+23,2.718444252242914e+23,2.7184181313650753e+23,0.0,0.0,0.0,0.0,-0.0,0,0,4,17305,7116,0.0,100,0.0,0.0,0.0,0.0,0.0,0,0,0,0,0.0,0,0,0,0,0,0,0,0,0,0,0,0,0,0,0,0,0,0,0,0,0,0,0,0,0,0,0,0,0,0,0,0,0,31,40,40,71,65476,0,300,0,0,8,21553,0.0,-107605600.0,0.0,0.0,0.0,0.0,0.0,0.0,0.0,0.0,0.0,0.0,0.0,0.0,0.0,0.0,0.0,0.0,0.0,0.0,0.0,0.0,0.0,3.697065627150293e+19,0.0,0.0,0.0,0.0,0.0,0.0,5369.0,564146571575296.0,6923.0,2.7184242562605685e+23,2.718444252242914e+23,2.004,2.004,0.0,0.0,0.0,0.0,69,0.0,0.0,0.0,0.0,0.0,0.0,0.0,0.0,0.0,0,0,0,0.0,0.0,0.0,0.0,0.0,0.0,0.0,0.0,0.0,0.0,0.0,0.0,0.0,0.0,0.0,0.0,0,-107875648.0,69,0.0,138,0.0,2.012,ERR,ERR,ERR,ERR,ERR,ERR,ERR,ERR,ERR,ERR,ERR,ERR,ERR,ERR,ERR,ERR,ERR,ERR,ERR,ERR,ERR,ERR,ERR,ERR,ERR,ERR,ERR,ERR,ERR,ERR,ERR,ERR,ERR,ERR,ERR,ERR,ERR,ERR,ERR,ERR,ERR,ERR,ERR,ERR,ERR,ERR,ERR,ERR,ERR,ERR,ERR,ERR,ERR,ERR,ERR,ERR,ERR,ERR,ERR,ERR,ERR,ERR,ERR,ERR,ERR,ERR,ERR,60.0,60.0,35,0.0,0.0,0.0,0.0,0.0,0.0,0.0,0.0,0.0,0.0,0.0,0.0,0.0,0.0,0.0,0.0,65.2,0,114,55,33,65476,0,300,0,0,8,20529,65476,0,0,2621,60.0,0.0,0.0,0.0,0.0,0.0
2026-07-09T15:51:51,ERR,ERR,ERR,ERR,ERR,ERR,ERR,ERR,ERR,ERR,ERR,ERR,ERR,ERR,ERR,ERR,ERR,ERR,ERR,ERR,ERR,ERR,ERR,ERR,ERR,ERR,ERR,ERR,ERR,ERR,ERR,ERR,ERR,ERR,ERR,ERR,ERR,ERR,ERR,ERR,ERR,ERR,ERR,ERR,ERR,ERR,ERR,ERR,ERR,ERR,ERR,ERR,ERR,ERR,ERR,ERR,ERR,ERR,ERR,ERR,ERR,ERR,ERR,ERR,ERR,ERR,ERR,ERR,ERR,ERR,ERR,ERR,ERR,ERR,ERR,ERR,ERR,ERR,ERR,ERR,ERR,ERR,ERR,ERR,ERR,ERR,ERR,ERR,ERR,ERR,ERR,ERR,ERR,ERR,ERR,ERR,ERR,ERR,ERR,ERR,ERR,ERR,ERR,ERR,ERR,ERR,ERR,ERR,ERR,ERR,ERR,ERR,ERR,ERR,ERR,ERR,ERR,ERR,ERR,ERR,ERR,ERR,ERR,ERR,ERR,2.7184242562605685e+23,0.0,0.0,0.0,-1.211585465410569e+24,1615917.75,1.616862379106814e+38,-1.316603499998138e+25,0,0,4,17307,7116,0.0,100,0.0,0.0,0.0,0.0,0.0,0,0,0,0,0.0,0,0,0,0,0,0,0,0,0,0,0,0,0,0,0,0,0,0,0,0,0,0,0,0,0,0,0,0,0,0,0,0,0,31,40,40,71,65476,0,300,0,0,8,21553,0.0,-107605600.0,0.0,0.0,0.0,0.0,0.0,0.0,0.0,0.0,0.0,0.0,0.0,0.0,0.0,0.0,0.0,0.0,0.0,0.0,0.0,0.0,0.0,2.004,0.0,0.0,0.0,0.0,0.0,0.0,5375.0,-0.0,6932.0,2.7184242562605685e+23,2.718444252242914e+23,2.004,2.004,0.0,0.0,0.0,0.0,69,4.0668581914863774e+29,-0.0,0.0,0.0,0.0,0.0,0.0,0.0,0.0,0,0,0,0.0,0.0,0.0,0.0,0.0,0.0,0.0,0.0,0.0,0.0,0.0,0.0,0.0,0.0,0.0,0.0,0,-107875648.0,69,0.0,138,0.0,2.012,ERR,ERR,ERR,ERR,ERR,ERR,ERR,ERR,ERR,ERR,ERR,ERR,ERR,ERR,ERR,ERR,ERR,ERR,ERR,ERR,ERR,ERR,ERR,ERR,ERR,ERR,ERR,ERR,ERR,ERR,ERR,ERR,ERR,ERR,ERR,ERR,ERR,ERR,ERR,ERR,ERR,ERR,ERR,ERR,ERR,ERR,ERR,ERR,ERR,ERR,ERR,ERR,ERR,ERR,ERR,ERR,ERR,ERR,ERR,ERR,ERR,ERR,ERR,ERR,ERR,ERR,ERR,60.0,60.0,35,0.0,0.0,0.0,0.0,0.0,0.0,0.0,0.0,0.0,0.0,0.0,0.0,0.0,0.0,0.0,0.0,65.2,0,114,55,33,65476,0,300,0,0,8,20529,65476,0,0,2621,60.0,0.0,0.0,0.0,0.0,0.0
2026-07-09T15:51:52,ERR,ERR,ERR,ERR,ERR,ERR,ERR,ERR,ERR,ERR,ERR,ERR,ERR,ERR,ERR,ERR,ERR,ERR,ERR,ERR,ERR,ERR,ERR,ERR,ERR,ERR,ERR,ERR,ERR,ERR,ERR,ERR,ERR,ERR,ERR,ERR,ERR,ERR,ERR,ERR,ERR,ERR,ERR,ERR,ERR,ERR,ERR,ERR,ERR,ERR,ERR,ERR,ERR,ERR,ERR,ERR,ERR,ERR,ERR,ERR,ERR,ERR,ERR,ERR,ERR,ERR,ERR,ERR,ERR,ERR,ERR,ERR,ERR,ERR,ERR,ERR,ERR,ERR,ERR,ERR,ERR,ERR,ERR,ERR,ERR,ERR,ERR,ERR,ERR,ERR,ERR,ERR,ERR,ERR,ERR,ERR,ERR,ERR,ERR,ERR,ERR,ERR,ERR,ERR,ERR,ERR,ERR,ERR,ERR,ERR,ERR,ERR,ERR,ERR,ERR,ERR,ERR,ERR,ERR,ERR,ERR,ERR,ERR,ERR,ERR,2.7184242562605685e+23,0.0,0.0,0.0,-1.211585465410569e+24,1615917.75,1.616862379106814e+38,-1.316603499998138e+25,0,0,4,17307,7116,0.0,100,0.0,0.0,0.0,0.0,0.0,0,0,0,0,0.0,0,0,0,0,0,0,0,0,0,0,0,0,0,0,0,0,0,0,0,0,0,0,0,0,0,0,0,0,0,0,0,0,0,31,40,40,71,65476,0,300,0,0,8,21553,0.0,-107605600.0,0.0,0.0,0.0,0.0,0.0,0.0,0.0,0.0,0.0,0.0,0.0,0.0,0.0,0.0,0.0,0.0,0.0,0.0,0.0,0.0,0.0,2.004,0.0,0.0,0.0,0.0,0.0,0.0,5375.0,-0.0,6932.0,2.7184242562605685e+23,2.718444252242914e+23,2.004,2.004,0.0,0.0,0.0,0.0,69,4.0668581914863774e+29,-0.0,0.0,0.0,0.0,0.0,0.0,0.0,0.0,0,0,0,0.0,0.0,0.0,0.0,0.0,0.0,0.0,0.0,0.0,0.0,0.0,0.0,0.0,0.0,0.0,0.0,0,-107875648.0,69,0.0,138,0.0,2.012,ERR,ERR,ERR,ERR,ERR,ERR,ERR,ERR,ERR,ERR,ERR,ERR,ERR,ERR,ERR,ERR,ERR,ERR,ERR,ERR,ERR,ERR,ERR,ERR,ERR,ERR,ERR,ERR,ERR,ERR,ERR,ERR,ERR,ERR,ERR,ERR,ERR,ERR,ERR,ERR,ERR,ERR,ERR,ERR,ERR,ERR,ERR,ERR,ERR,ERR,ERR,ERR,ERR,ERR,ERR,ERR,ERR,ERR,ERR,ERR,ERR,ERR,ERR,ERR,ERR,ERR,ERR,60.0,60.0,35,0.0,0.0,0.0,0.0,0.0,0.0,0.0,0.0,0.0,0.0,0.0,0.0,0.0,0.0,0.0,0.0,65.2,0,115,55,33,65476,0,300,0,0,8,20529,65476,0,0,2621,60.0,0.0,0.0,0.0,0.0,0.0
2026-07-09T15:51:53,ERR,ERR,ERR,ERR,ERR,ERR,ERR,ERR,ERR,ERR,ERR,ERR,ERR,ERR,ERR,ERR,ERR,ERR,ERR,ERR,ERR,ERR,ERR,ERR,ERR,ERR,ERR,ERR,ERR,ERR,ERR,ERR,ERR,ERR,ERR,ERR,ERR,ERR,ERR,ERR,ERR,ERR,ERR,ERR,ERR,ERR,ERR,ERR,ERR,ERR,ERR,ERR,ERR,ERR,ERR,ERR,ERR,ERR,ERR,ERR,ERR,ERR,ERR,ERR,ERR,ERR,ERR,ERR,ERR,ERR,ERR,ERR,ERR,ERR,ERR,ERR,ERR,ERR,ERR,ERR,ERR,ERR,ERR,ERR,ERR,ERR,ERR,ERR,ERR,ERR,ERR,ERR,ERR,ERR,ERR,ERR,ERR,ERR,ERR,ERR,ERR,ERR,ERR,ERR,ERR,ERR,ERR,ERR,ERR,ERR,ERR,ERR,ERR,ERR,ERR,ERR,ERR,ERR,ERR,ERR,ERR,ERR,ERR,ERR,ERR,2.7184242562605685e+23,0.0,0.0,0.0,-1.211585465410569e+24,1615917.75,1.616862379106814e+38,-1.316603499998138e+25,0,0,4,17307,7116,0.0,100,0.0,0.0,0.0,0.0,0.0,0,0,0,0,0.0,0,0,0,0,0,0,0,0,0,0,0,0,0,0,0,0,0,0,0,0,0,0,0,0,0,0,0,0,0,0,0,0,0,31,40,40,71,65476,0,300,0,0,8,21553,0.0,-107605600.0,0.0,0.0,0.0,0.0,0.0,0.0,0.0,0.0,0.0,0.0,0.0,0.0,0.0,0.0,0.0,0.0,0.0,0.0,0.0,0.0,0.0,2.004,0.0,0.0,0.0,0.0,0.0,0.0,5375.0,-0.0,6932.0,2.7184242562605685e+23,2.718444252242914e+23,2.004,2.004,0.0,0.0,0.0,0.0,69,4.0668581914863774e+29,-0.0,0.0,0.0,0.0,0.0,0.0,0.0,0.0,0,0,0,0.0,0.0,0.0,0.0,0.0,0.0,0.0,0.0,0.0,0.0,0.0,0.0,0.0,0.0,0.0,0.0,0,-107875648.0,69,0.0,138,0.0,2.012,ERR,ERR,ERR,ERR,ERR,ERR,ERR,ERR,ERR,ERR,ERR,ERR,ERR,ERR,ERR,ERR,ERR,ERR,ERR,ERR,ERR,ERR,ERR,ERR,ERR,ERR,ERR,ERR,ERR,ERR,ERR,ERR,ERR,ERR,ERR,ERR,ERR,ERR,ERR,ERR,ERR,ERR,ERR,ERR,ERR,ERR,ERR,ERR,ERR,ERR,ERR,ERR,ERR,ERR,ERR,ERR,ERR,ERR,ERR,ERR,ERR,ERR,ERR,ERR,ERR,ERR,ERR,60.0,60.0,35,0.0,0.0,0.0,0.0,0.0,0.0,0.0,0.0,0.0,0.0,0.0,0.0,0.0,0.0,0.0,0.0,65.6,0,115,55,33,65476,0,300,0,0,8,20529,65476,0,0,2621,60.0,0.0,0.0,0.0,0.0,0.0
2026-07-09T15:51:54,ERR,ERR,ERR,ERR,ERR,ERR,ERR,ERR,ERR,ERR,ERR,ERR,ERR,ERR,ERR,ERR,ERR,ERR,ERR,ERR,ERR,ERR,ERR,ERR,ERR,ERR,ERR,ERR,ERR,ERR,ERR,ERR,ERR,ERR,ERR,ERR,ERR,ERR,ERR,ERR,ERR,ERR,ERR,ERR,ERR,ERR,ERR,ERR,ERR,ERR,ERR,ERR,ERR,ERR,ERR,ERR,ERR,ERR,ERR,ERR,ERR,ERR,ERR,ERR,ERR,ERR,ERR,ERR,ERR,ERR,ERR,ERR,ERR,ERR,ERR,ERR,ERR,ERR,ERR,ERR,ERR,ERR,ERR,ERR,ERR,ERR,ERR,ERR,ERR,ERR,ERR,ERR,ERR,ERR,ERR,ERR,ERR,ERR,ERR,ERR,ERR,ERR,ERR,ERR,ERR,ERR,ERR,ERR,ERR,ERR,ERR,ERR,ERR,ERR,ERR,ERR,ERR,ERR,ERR,ERR,ERR,ERR,ERR,ERR,ERR,2.7184242562605685e+23,0.0,0.0,0.0,-1.211585465410569e+24,1615917.75,1.616862379106814e+38,-1.316603499998138e+25,0,0,4,17307,7116,0.0,100,0.0,0.0,0.0,0.0,0.0,0,0,0,0,0.0,0,0,0,0,0,0,0,0,0,0,0,0,0,0,0,0,0,0,0,0,0,0,0,0,0,0,0,0,0,0,0,0,0,31,40,40,71,65476,0,300,0,0,8,21553,0.0,-107605600.0,0.0,0.0,0.0,0.0,0.0,0.0,0.0,0.0,0.0,0.0,0.0,0.0,0.0,0.0,0.0,0.0,0.0,0.0,0.0,0.0,0.0,2.004,0.0,0.0,0.0,0.0,0.0,0.0,5375.0,-0.0,6932.0,2.7184242562605685e+23,2.718444252242914e+23,2.004,2.004,0.0,0.0,0.0,0.0,69,4.0668581914863774e+29,-0.0,0.0,0.0,0.0,0.0,0.0,0.0,0.0,0,0,0,0.0,0.0,0.0,0.0,0.0,0.0,0.0,0.0,0.0,0.0,0.0,0.0,0.0,0.0,0.0,0.0,0,-107875648.0,69,0.0,138,0.0,2.012,ERR,ERR,ERR,ERR,ERR,ERR,ERR,ERR,ERR,ERR,ERR,ERR,ERR,ERR,ERR,ERR,ERR,ERR,ERR,ERR,ERR,ERR,ERR,ERR,ERR,ERR,ERR,ERR,ERR,ERR,ERR,ERR,ERR,ERR,ERR,ERR,ERR,ERR,ERR,ERR,ERR,ERR,ERR,ERR,ERR,ERR,ERR,ERR,ERR,ERR,ERR,ERR,ERR,ERR,ERR,ERR,ERR,ERR,ERR,ERR,ERR,ERR,ERR,ERR,ERR,ERR,ERR,60.0,60.0,35,0.0,0.0,0.0,0.0,0.0,0.0,0.0,0.0,0.0,0.0,0.0,0.0,0.0,0.0,0.0,0.0,65.6,0,115,55,33,65476,0,300,0,0,8,20529,65476,0,0,2621,60.0,0.0,0.0,0.0,0.0,0.0
2026-07-09T15:51:55,ERR,ERR,ERR,ERR,ERR,ERR,ERR,ERR,ERR,ERR,ERR,ERR,ERR,ERR,ERR,ERR,ERR,ERR,ERR,ERR,ERR,ERR,ERR,ERR,ERR,ERR,ERR,ERR,ERR,ERR,ERR,ERR,ERR,ERR,ERR,ERR,ERR,ERR,ERR,ERR,ERR,ERR,ERR,ERR,ERR,ERR,ERR,ERR,ERR,ERR,ERR,ERR,ERR,ERR,ERR,ERR,ERR,ERR,ERR,ERR,ERR,ERR,ERR,ERR,ERR,ERR,ERR,ERR,ERR,ERR,ERR,ERR,ERR,ERR,ERR,ERR,ERR,ERR,ERR,ERR,ERR,ERR,ERR,ERR,ERR,ERR,ERR,ERR,ERR,ERR,ERR,ERR,ERR,ERR,ERR,ERR,ERR,ERR,ERR,ERR,ERR,ERR,ERR,ERR,ERR,ERR,ERR,ERR,ERR,ERR,ERR,ERR,ERR,ERR,ERR,ERR,ERR,ERR,ERR,ERR,ERR,ERR,ERR,ERR,ERR,2.7184242562605685e+23,0.0,0.0,0.0,-1.211585465410569e+24,1615917.75,1.616862379106814e+38,-1.316603499998138e+25,0,0,4,17307,7116,0.0,100,0.0,0.0,0.0,0.0,0.0,0,0,0,0,0.0,0,0,0,0,0,0,0,0,0,0,0,0,0,0,0,0,0,0,0,0,0,0,0,0,0,0,0,0,0,0,0,0,0,31,40,40,71,65476,0,300,0,0,8,21553,0.0,-107605600.0,0.0,0.0,0.0,0.0,0.0,0.0,0.0,0.0,0.0,0.0,0.0,0.0,0.0,0.0,0.0,0.0,0.0,0.0,0.0,0.0,0.0,2.004,0.0,0.0,0.0,0.0,0.0,0.0,5375.0,-0.0,6932.0,2.7184242562605685e+23,2.718444252242914e+23,2.004,2.004,0.0,0.0,0.0,0.0,69,4.0668581914863774e+29,-0.0,0.0,0.0,0.0,0.0,0.0,0.0,0.0,0,0,0,0.0,0.0,0.0,0.0,0.0,0.0,0.0,0.0,0.0,0.0,0.0,0.0,0.0,0.0,0.0,0.0,0,-107875648.0,69,0.0,138,0.0,2.012,ERR,ERR,ERR,ERR,ERR,ERR,ERR,ERR,ERR,ERR,ERR,ERR,ERR,ERR,ERR,ERR,ERR,ERR,ERR,ERR,ERR,ERR,ERR,ERR,ERR,ERR,ERR,ERR,ERR,ERR,ERR,ERR,ERR,ERR,ERR,ERR,ERR,ERR,ERR,ERR,ERR,ERR,ERR,ERR,ERR,ERR,ERR,ERR,ERR,ERR,ERR,ERR,ERR,ERR,ERR,ERR,ERR,ERR,ERR,ERR,ERR,ERR,ERR,ERR,ERR,ERR,ERR,60.0,60.0,35,0.0,0.0,0.0,0.0,0.0,0.0,0.0,0.0,0.0,0.0,0.0,0.0,0.0,0.0,0.0,0.0,65.2,0,115,55,33,65476,0,300,0,0,8,20529,65476,0,0,2621,60.0,0.0,0.0,0.0,0.0,0.0
2026-07-09T15:51:56,ERR,ERR,ERR,ERR,ERR,ERR,ERR,ERR,ERR,ERR,ERR,ERR,ERR,ERR,ERR,ERR,ERR,ERR,ERR,ERR,ERR,ERR,ERR,ERR,ERR,ERR,ERR,ERR,ERR,ERR,ERR,ERR,ERR,ERR,ERR,ERR,ERR,ERR,ERR,ERR,ERR,ERR,ERR,ERR,ERR,ERR,ERR,ERR,ERR,ERR,ERR,ERR,ERR,ERR,ERR,ERR,ERR,ERR,ERR,ERR,ERR,ERR,ERR,ERR,ERR,ERR,ERR,ERR,ERR,ERR,ERR,ERR,ERR,ERR,ERR,ERR,ERR,ERR,ERR,ERR,ERR,ERR,ERR,ERR,ERR,ERR,ERR,ERR,ERR,ERR,ERR,ERR,ERR,ERR,ERR,ERR,ERR,ERR,ERR,ERR,ERR,ERR,ERR,ERR,ERR,ERR,ERR,ERR,ERR,ERR,ERR,ERR,ERR,ERR,ERR,ERR,ERR,ERR,ERR,ERR,ERR,ERR,ERR,ERR,ERR,2.7184242562605685e+23,-0.0,-108139104.0,0.0,-0.0,0.0,1.4656290282274816e+16,-190321852416.0,0,0,4,17308,7116,0.0,100,0.0,0.0,0.0,0.0,0.0,0,0,0,0,0.0,0,0,0,0,0,0,0,0,0,0,0,0,0,0,0,0,0,0,0,0,0,0,0,0,0,0,0,0,0,0,0,0,0,31,40,40,71,65476,0,300,0,0,8,21553,0.0,-107605600.0,0.0,0.0,0.0,0.0,0.0,0.0,0.0,0.0,0.0,0.0,0.0,0.0,0.0,0.0,0.0,0.0,0.0,0.0,0.0,0.0,0.0,-0.0,0.0,0.0,0.0,0.0,0.0,0.0,5344.0,-1.0406667425910153e+34,6943.0,2.7184242562605685e+23,-0.0,2.004,2.004,0.0,0.0,0.0,0.0,69,5.848060436849142e+35,0.0,0.0,0.0,0.0,0.0,0.0,0.0,0.0,0,0,0,0.0,0.0,0.0,0.0,0.0,0.0,0.0,0.0,0.0,0.0,0.0,0.0,0.0,0.0,0.0,0.0,0,-107875648.0,69,0.0,138,0.0,2.012,ERR,ERR,ERR,ERR,ERR,ERR,ERR,ERR,ERR,ERR,ERR,ERR,ERR,ERR,ERR,ERR,ERR,ERR,ERR,ERR,ERR,ERR,ERR,ERR,ERR,ERR,ERR,ERR,ERR,ERR,ERR,ERR,ERR,ERR,ERR,ERR,ERR,ERR,ERR,ERR,ERR,ERR,ERR,ERR,ERR,ERR,ERR,ERR,ERR,ERR,ERR,ERR,ERR,ERR,ERR,ERR,ERR,ERR,ERR,ERR,ERR,ERR,ERR,ERR,ERR,ERR,ERR,60.0,60.0,35,0.0,0.0,0.0,0.0,0.0,0.0,0.0,0.0,0.0,0.0,0.0,0.0,0.0,0.0,0.0,0.0,65.2,0,115,55,33,65476,0,300,0,0,8,20529,65476,0,0,2621,60.0,0.0,0.0,0.0,0.0,0.0
2026-07-09T15:51:57,ERR,ERR,ERR,ERR,ERR,ERR,ERR,ERR,ERR,ERR,ERR,ERR,ERR,ERR,ERR,ERR,ERR,ERR,ERR,ERR,ERR,ERR,ERR,ERR,ERR,ERR,ERR,ERR,ERR,ERR,ERR,ERR,ERR,ERR,ERR,ERR,ERR,ERR,ERR,ERR,ERR,ERR,ERR,ERR,ERR,ERR,ERR,ERR,ERR,ERR,ERR,ERR,ERR,ERR,ERR,ERR,ERR,ERR,ERR,ERR,ERR,ERR,ERR,ERR,ERR,ERR,ERR,ERR,ERR,ERR,ERR,ERR,ERR,ERR,ERR,ERR,ERR,ERR,ERR,ERR,ERR,ERR,ERR,ERR,ERR,ERR,ERR,ERR,ERR,ERR,ERR,ERR,ERR,ERR,ERR,ERR,ERR,ERR,ERR,ERR,ERR,ERR,ERR,ERR,ERR,ERR,ERR,ERR,ERR,ERR,ERR,ERR,ERR,ERR,ERR,ERR,ERR,ERR,ERR,ERR,ERR,ERR,ERR,ERR,ERR,2.7184242562605685e+23,-0.0,-108139104.0,0.0,-0.0,0.0,1.4656290282274816e+16,-190321852416.0,0,0,4,17308,7116,0.0,100,0.0,0.0,0.0,0.0,0.0,0,0,0,0,0.0,0,0,0,0,0,0,0,0,0,0,0,0,0,0,0,0,0,0,0,0,0,0,0,0,0,0,0,0,0,0,0,0,0,31,40,40,71,65476,0,300,0,0,8,21553,0.0,-107605600.0,0.0,0.0,0.0,0.0,0.0,0.0,0.0,0.0,0.0,0.0,0.0,0.0,0.0,0.0,0.0,0.0,0.0,0.0,0.0,0.0,0.0,-0.0,0.0,0.0,0.0,0.0,0.0,0.0,5344.0,-1.0406667425910153e+34,6943.0,2.7184242562605685e+23,-0.0,2.004,2.004,0.0,0.0,0.0,0.0,69,5.848060436849142e+35,0.0,0.0,0.0,0.0,0.0,0.0,0.0,0.0,0,0,0,0.0,0.0,0.0,0.0,0.0,0.0,0.0,0.0,0.0,0.0,0.0,0.0,0.0,0.0,0.0,0.0,0,-107875648.0,69,0.0,138,0.0,2.012,ERR,ERR,ERR,ERR,ERR,ERR,ERR,ERR,ERR,ERR,ERR,ERR,ERR,ERR,ERR,ERR,ERR,ERR,ERR,ERR,ERR,ERR,ERR,ERR,ERR,ERR,ERR,ERR,ERR,ERR,ERR,ERR,ERR,ERR,ERR,ERR,ERR,ERR,ERR,ERR,ERR,ERR,ERR,ERR,ERR,ERR,ERR,ERR,ERR,ERR,ERR,ERR,ERR,ERR,ERR,ERR,ERR,ERR,ERR,ERR,ERR,ERR,ERR,ERR,ERR,ERR,ERR,60.0,60.0,35,0.0,0.0,0.0,0.0,0.0,0.0,0.0,0.0,0.0,0.0,0.0,0.0,0.0,0.0,0.0,0.0,65.2,0,115,56,33,65476,0,300,0,0,8,20529,65476,0,0,2621,60.0,0.0,0.0,0.0,0.0,0.0
2026-07-09T15:51:58,ERR,ERR,ERR,ERR,ERR,ERR,ERR,ERR,ERR,ERR,ERR,ERR,ERR,ERR,ERR,ERR,ERR,ERR,ERR,ERR,ERR,ERR,ERR,ERR,ERR,ERR,ERR,ERR,ERR,ERR,ERR,ERR,ERR,ERR,ERR,ERR,ERR,ERR,ERR,ERR,ERR,ERR,ERR,ERR,ERR,ERR,ERR,ERR,ERR,ERR,ERR,ERR,ERR,ERR,ERR,ERR,ERR,ERR,ERR,ERR,ERR,ERR,ERR,ERR,ERR,ERR,ERR,ERR,ERR,ERR,ERR,ERR,ERR,ERR,ERR,ERR,ERR,ERR,ERR,ERR,ERR,ERR,ERR,ERR,ERR,ERR,ERR,ERR,ERR,ERR,ERR,ERR,ERR,ERR,ERR,ERR,ERR,ERR,ERR,ERR,ERR,ERR,ERR,ERR,ERR,ERR,ERR,ERR,ERR,ERR,ERR,ERR,ERR,ERR,ERR,ERR,ERR,ERR,ERR,ERR,ERR,ERR,ERR,ERR,ERR,2.7184242562605685e+23,-0.0,-108139104.0,0.0,-0.0,0.0,1.4656290282274816e+16,-190321852416.0,0,0,4,17308,7116,0.0,100,0.0,0.0,0.0,0.0,0.0,0,0,0,0,0.0,0,0,0,0,0,0,0,0,0,0,0,0,0,0,0,0,0,0,0,0,0,0,0,0,0,0,0,0,0,0,0,0,0,31,40,40,71,65476,0,300,0,0,8,21553,0.0,-107605600.0,0.0,0.0,0.0,0.0,0.0,0.0,0.0,0.0,0.0,0.0,0.0,0.0,0.0,0.0,0.0,0.0,0.0,0.0,0.0,0.0,0.0,-0.0,0.0,0.0,0.0,0.0,0.0,0.0,5344.0,-1.0406667425910153e+34,6943.0,2.7184242562605685e+23,-0.0,2.004,2.004,0.0,0.0,0.0,0.0,69,5.848060436849142e+35,0.0,0.0,0.0,0.0,0.0,0.0,0.0,0.0,0,0,0,0.0,0.0,0.0,0.0,0.0,0.0,0.0,0.0,0.0,0.0,0.0,0.0,0.0,0.0,0.0,0.0,0,-107875648.0,69,0.0,138,0.0,2.012,ERR,ERR,ERR,ERR,ERR,ERR,ERR,ERR,ERR,ERR,ERR,ERR,ERR,ERR,ERR,ERR,ERR,ERR,ERR,ERR,ERR,ERR,ERR,ERR,ERR,ERR,ERR,ERR,ERR,ERR,ERR,ERR,ERR,ERR,ERR,ERR,ERR,ERR,ERR,ERR,ERR,ERR,ERR,ERR,ERR,ERR,ERR,ERR,ERR,ERR,ERR,ERR,ERR,ERR,ERR,ERR,ERR,ERR,ERR,ERR,ERR,ERR,ERR,ERR,ERR,ERR,ERR,60.0,60.0,35,0.0,0.0,0.0,0.0,0.0,0.0,0.0,0.0,0.0,0.0,0.0,0.0,0.0,0.0,0.0,0.0,65.6,0,115,56,33,65476,0,300,0,0,8,20529,65476,0,0,2621,60.0,0.0,0.0,0.0,0.0,0.0
2026-07-09T15:51:59,ERR,ERR,ERR,ERR,ERR,ERR,ERR,ERR,ERR,ERR,ERR,ERR,ERR,ERR,ERR,ERR,ERR,ERR,ERR,ERR,ERR,ERR,ERR,ERR,ERR,ERR,ERR,ERR,ERR,ERR,ERR,ERR,ERR,ERR,ERR,ERR,ERR,ERR,ERR,ERR,ERR,ERR,ERR,ERR,ERR,ERR,ERR,ERR,ERR,ERR,ERR,ERR,ERR,ERR,ERR,ERR,ERR,ERR,ERR,ERR,ERR,ERR,ERR,ERR,ERR,ERR,ERR,ERR,ERR,ERR,ERR,ERR,ERR,ERR,ERR,ERR,ERR,ERR,ERR,ERR,ERR,ERR,ERR,ERR,ERR,ERR,ERR,ERR,ERR,ERR,ERR,ERR,ERR,ERR,ERR,ERR,ERR,ERR,ERR,ERR,ERR,ERR,ERR,ERR,ERR,ERR,ERR,ERR,ERR,ERR,ERR,ERR,ERR,ERR,ERR,ERR,ERR,ERR,ERR,ERR,ERR,ERR,ERR,ERR,ERR,2.7184242562605685e+23,-0.0,-108139104.0,0.0,-0.0,0.0,1.4656290282274816e+16,-190321852416.0,0,0,4,17308,7116,0.0,100,0.0,0.0,0.0,0.0,0.0,0,0,0,0,0.0,0,0,0,0,0,0,0,0,0,0,0,0,0,0,0,0,0,0,0,0,0,0,0,0,0,0,0,0,0,0,0,0,0,31,40,40,71,65476,0,300,0,0,8,21553,0.0,-107605600.0,0.0,0.0,0.0,0.0,0.0,0.0,0.0,0.0,0.0,0.0,0.0,0.0,0.0,0.0,0.0,0.0,0.0,0.0,0.0,0.0,0.0,-0.0,0.0,0.0,0.0,0.0,0.0,0.0,5344.0,-1.0406667425910153e+34,6943.0,2.7184242562605685e+23,-0.0,2.004,2.004,0.0,0.0,0.0,0.0,69,5.848060436849142e+35,0.0,0.0,0.0,0.0,0.0,0.0,0.0,0.0,0,0,0,0.0,0.0,0.0,0.0,0.0,0.0,0.0,0.0,0.0,0.0,0.0,0.0,0.0,0.0,0.0,0.0,0,-107875648.0,69,0.0,138,0.0,2.012,ERR,ERR,ERR,ERR,ERR,ERR,ERR,ERR,ERR,ERR,ERR,ERR,ERR,ERR,ERR,ERR,ERR,ERR,ERR,ERR,ERR,ERR,ERR,ERR,ERR,ERR,ERR,ERR,ERR,ERR,ERR,ERR,ERR,ERR,ERR,ERR,ERR,ERR,ERR,ERR,ERR,ERR,ERR,ERR,ERR,ERR,ERR,ERR,ERR,ERR,ERR,ERR,ERR,ERR,ERR,ERR,ERR,ERR,ERR,ERR,ERR,ERR,ERR,ERR,ERR,ERR,ERR,60.0,60.0,35,0.0,0.0,0.0,0.0,0.0,0.0,0.0,0.0,0.0,0.0,0.0,0.0,0.0,0.0,0.0,0.0,65.6,0,115,56,33,65476,0,300,0,0,8,20529,65476,0,0,2621,60.0,0.0,0.0,0.0,0.0,0.0
2026-07-09T15:52:00,ERR,ERR,ERR,ERR,ERR,ERR,ERR,ERR,ERR,ERR,ERR,ERR,ERR,ERR,ERR,ERR,ERR,ERR,ERR,ERR,ERR,ERR,ERR,ERR,ERR,ERR,ERR,ERR,ERR,ERR,ERR,ERR,ERR,ERR,ERR,ERR,ERR,ERR,ERR,ERR,ERR,ERR,ERR,ERR,ERR,ERR,ERR,ERR,ERR,ERR,ERR,ERR,ERR,ERR,ERR,ERR,ERR,ERR,ERR,ERR,ERR,ERR,ERR,ERR,ERR,ERR,ERR,ERR,ERR,ERR,ERR,ERR,ERR,ERR,ERR,ERR,ERR,ERR,ERR,ERR,ERR,ERR,ERR,ERR,ERR,ERR,ERR,ERR,ERR,ERR,ERR,ERR,ERR,ERR,ERR,ERR,ERR,ERR,ERR,ERR,ERR,ERR,ERR,ERR,ERR,ERR,ERR,ERR,ERR,ERR,ERR,ERR,ERR,ERR,ERR,ERR,ERR,ERR,ERR,ERR,ERR,ERR,ERR,ERR,ERR,2.7184242562605685e+23,-0.0,-108139104.0,0.0,-0.0,0.0,1.4656290282274816e+16,-190321852416.0,0,0,4,17308,7116,0.0,100,0.0,0.0,0.0,0.0,0.0,0,0,0,0,0.0,0,0,0,0,0,0,0,0,0,0,0,0,0,0,0,0,0,0,0,0,0,0,0,0,0,0,0,0,0,0,0,0,0,31,40,40,71,65476,0,300,0,0,8,21553,0.0,-107605600.0,0.0,0.0,0.0,0.0,0.0,0.0,0.0,0.0,0.0,0.0,0.0,0.0,0.0,0.0,0.0,0.0,0.0,0.0,0.0,0.0,0.0,-0.0,0.0,0.0,0.0,0.0,0.0,0.0,5344.0,-1.0406667425910153e+34,6943.0,2.7184242562605685e+23,-0.0,2.004,2.004,0.0,0.0,0.0,0.0,69,5.848060436849142e+35,0.0,0.0,0.0,0.0,0.0,0.0,0.0,0.0,0,0,0,0.0,0.0,0.0,0.0,0.0,0.0,0.0,0.0,0.0,0.0,0.0,0.0,0.0,0.0,0.0,0.0,0,-107875648.0,69,0.0,138,0.0,2.012,ERR,ERR,ERR,ERR,ERR,ERR,ERR,ERR,ERR,ERR,ERR,ERR,ERR,ERR,ERR,ERR,ERR,ERR,ERR,ERR,ERR,ERR,ERR,ERR,ERR,ERR,ERR,ERR,ERR,ERR,ERR,ERR,ERR,ERR,ERR,ERR,ERR,ERR,ERR,ERR,ERR,ERR,ERR,ERR,ERR,ERR,ERR,ERR,ERR,ERR,ERR,ERR,ERR,ERR,ERR,ERR,ERR,ERR,ERR,ERR,ERR,ERR,ERR,ERR,ERR,ERR,ERR,60.0,60.0,35,0.0,0.0,0.0,0.0,0.0,0.0,0.0,0.0,0.0,0.0,0.0,0.0,0.0,0.0,0.0,0.0,65.2,0,115,56,33,65476,0,300,0,0,8,20529,65476,0,0,2621,60.0,0.0,0.0,0.0,0.0,0.0
2026-07-09T15:52:01,ERR,ERR,ERR,ERR,ERR,ERR,ERR,ERR,ERR,ERR,ERR,ERR,ERR,ERR,ERR,ERR,ERR,ERR,ERR,ERR,ERR,ERR,ERR,ERR,ERR,ERR,ERR,ERR,ERR,ERR,ERR,ERR,ERR,ERR,ERR,ERR,ERR,ERR,ERR,ERR,ERR,ERR,ERR,ERR,ERR,ERR,ERR,ERR,ERR,ERR,ERR,ERR,ERR,ERR,ERR,ERR,ERR,ERR,ERR,ERR,ERR,ERR,ERR,ERR,ERR,ERR,ERR,ERR,ERR,ERR,ERR,ERR,ERR,ERR,ERR,ERR,ERR,ERR,ERR,ERR,ERR,ERR,ERR,ERR,ERR,ERR,ERR,ERR,ERR,ERR,ERR,ERR,ERR,ERR,ERR,ERR,ERR,ERR,ERR,ERR,ERR,ERR,ERR,ERR,ERR,ERR,ERR,ERR,ERR,ERR,ERR,ERR,ERR,ERR,ERR,ERR,ERR,ERR,ERR,ERR,ERR,ERR,ERR,ERR,ERR,2.7184242562605685e+23,2.718444252242914e+23,2.7184181313650753e+23,2.7183478752108883e+23,-0.0,-0.0,0.0,0.0,0,0,4,17307,7116,0.0,100,0.0,0.0,2.7183478752108883e+23,0.0,0.0,0,0,0,0,0.0,0,0,0,0,0,0,0,0,0,0,0,0,0,0,0,0,0,0,0,0,0,0,0,0,0,0,0,0,0,0,0,0,0,31,40,40,71,65476,0,300,0,0,8,21553,0.0,-107605600.0,0.0,0.0,0.0,0.0,0.0,0.0,0.0,0.0,0.0,0.0,0.0,0.0,0.0,0.0,0.0,0.0,0.0,0.0,0.0,0.0,2.004,3.697065627150293e+19,0.0,0.0,0.0,0.0,0.0,0.0,5377.0,131350.625,6921.0,-107615088.0,2.718444252242914e+23,2.004,2.004,0.0,0.0,0.0,0.0,69,5.848060436849142e+35,2.7184201129489113e+23,0.0,0.0,0.0,0.0,0.0,0.0,0.0,0,0,0,0.0,0.0,0.0,0.0,0.0,0.0,0.0,0.0,0.0,0.0,0.0,0.0,0.0,0.0,0.0,0.0,0,-107875648.0,69,0.0,138,0.0,2.012,ERR,ERR,ERR,ERR,ERR,ERR,ERR,ERR,ERR,ERR,ERR,ERR,ERR,ERR,ERR,ERR,ERR,ERR,ERR,ERR,ERR,ERR,ERR,ERR,ERR,ERR,ERR,ERR,ERR,ERR,ERR,ERR,ERR,ERR,ERR,ERR,ERR,ERR,ERR,ERR,ERR,ERR,ERR,ERR,ERR,ERR,ERR,ERR,ERR,ERR,ERR,ERR,ERR,ERR,ERR,ERR,ERR,ERR,ERR,ERR,ERR,ERR,ERR,ERR,ERR,ERR,ERR,60.0,60.0,35,0.0,0.0,0.0,0.0,0.0,0.0,0.0,0.0,0.0,0.0,0.0,0.0,0.0,0.0,0.0,0.0,65.2,0,115,56,33,65476,0,300,0,0,8,20529,65476,0,0,2621,60.0,0.0,0.0,0.0,0.0,0.0
2026-07-09T15:52:02,ERR,ERR,ERR,ERR,ERR,ERR,ERR,ERR,ERR,ERR,ERR,ERR,ERR,ERR,ERR,ERR,ERR,ERR,ERR,ERR,ERR,ERR,ERR,ERR,ERR,ERR,ERR,ERR,ERR,ERR,ERR,ERR,ERR,ERR,ERR,ERR,ERR,ERR,ERR,ERR,ERR,ERR,ERR,ERR,ERR,ERR,ERR,ERR,ERR,ERR,ERR,ERR,ERR,ERR,ERR,ERR,ERR,ERR,ERR,ERR,ERR,ERR,ERR,ERR,ERR,ERR,ERR,ERR,ERR,ERR,ERR,ERR,ERR,ERR,ERR,ERR,ERR,ERR,ERR,ERR,ERR,ERR,ERR,ERR,ERR,ERR,ERR,ERR,ERR,ERR,ERR,ERR,ERR,ERR,ERR,ERR,ERR,ERR,ERR,ERR,ERR,ERR,ERR,ERR,ERR,ERR,ERR,ERR,ERR,ERR,ERR,ERR,ERR,ERR,ERR,ERR,ERR,ERR,ERR,ERR,ERR,ERR,ERR,ERR,ERR,2.7184242562605685e+23,2.718444252242914e+23,2.7184181313650753e+23,2.7183478752108883e+23,-0.0,-0.0,0.0,0.0,0,0,4,17307,7116,0.0,100,0.0,0.0,2.7183478752108883e+23,0.0,0.0,0,0,0,0,0.0,0,0,0,0,0,0,0,0,0,0,0,0,0,0,0,0,0,0,0,0,0,0,0,0,0,0,0,0,0,0,0,0,0,31,40,40,71,65476,0,300,0,0,8,21553,0.0,-107605600.0,0.0,0.0,0.0,0.0,0.0,0.0,0.0,0.0,0.0,0.0,0.0,0.0,0.0,0.0,0.0,0.0,0.0,0.0,0.0,0.0,2.004,3.697065627150293e+19,0.0,0.0,0.0,0.0,0.0,0.0,5377.0,131350.625,6921.0,-107615088.0,2.718444252242914e+23,2.004,2.004,0.0,0.0,0.0,0.0,69,5.848060436849142e+35,2.7184201129489113e+23,0.0,0.0,0.0,0.0,0.0,0.0,0.0,0,0,0,0.0,0.0,0.0,0.0,0.0,0.0,0.0,0.0,0.0,0.0,0.0,0.0,0.0,0.0,0.0,0.0,0,-107875648.0,69,0.0,138,0.0,2.012,ERR,ERR,ERR,ERR,ERR,ERR,ERR,ERR,ERR,ERR,ERR,ERR,ERR,ERR,ERR,ERR,ERR,ERR,ERR,ERR,ERR,ERR,ERR,ERR,ERR,ERR,ERR,ERR,ERR,ERR,ERR,ERR,ERR,ERR,ERR,ERR,ERR,ERR,ERR,ERR,ERR,ERR,ERR,ERR,ERR,ERR,ERR,ERR,ERR,ERR,ERR,ERR,ERR,ERR,ERR,ERR,ERR,ERR,ERR,ERR,ERR,ERR,ERR,ERR,ERR,ERR,ERR,60.0,60.0,35,0.0,0.0,0.0,0.0,0.0,0.0,0.0,0.0,0.0,0.0,0.0,0.0,0.0,0.0,0.0,0.0,65.2,0,115,56,33,65476,0,300,0,0,8,20529,65476,0,0,2621,60.0,0.0,0.0,0.0,0.0,0.0
2026-07-09T15:52:03,ERR,ERR,ERR,ERR,ERR,ERR,ERR,ERR,ERR,ERR,ERR,ERR,ERR,ERR,ERR,ERR,ERR,ERR,ERR,ERR,ERR,ERR,ERR,ERR,ERR,ERR,ERR,ERR,ERR,ERR,ERR,ERR,ERR,ERR,ERR,ERR,ERR,ERR,ERR,ERR,ERR,ERR,ERR,ERR,ERR,ERR,ERR,ERR,ERR,ERR,ERR,ERR,ERR,ERR,ERR,ERR,ERR,ERR,ERR,ERR,ERR,ERR,ERR,ERR,ERR,ERR,ERR,ERR,ERR,ERR,ERR,ERR,ERR,ERR,ERR,ERR,ERR,ERR,ERR,ERR,ERR,ERR,ERR,ERR,ERR,ERR,ERR,ERR,ERR,ERR,ERR,ERR,ERR,ERR,ERR,ERR,ERR,ERR,ERR,ERR,ERR,ERR,ERR,ERR,ERR,ERR,ERR,ERR,ERR,ERR,ERR,ERR,ERR,ERR,ERR,ERR,ERR,ERR,ERR,ERR,ERR,ERR,ERR,ERR,ERR,2.7184242562605685e+23,2.718444252242914e+23,2.7184181313650753e+23,2.7183478752108883e+23,-0.0,-0.0,0.0,0.0,0,0,4,17307,7116,0.0,100,0.0,0.0,2.7183478752108883e+23,0.0,0.0,0,0,0,0,0.0,0,0,0,0,0,0,0,0,0,0,0,0,0,0,0,0,0,0,0,0,0,0,0,0,0,0,0,0,0,0,0,0,0,31,40,40,71,65476,0,300,0,0,8,21553,0.0,-107605600.0,0.0,0.0,0.0,0.0,0.0,0.0,0.0,0.0,0.0,0.0,0.0,0.0,0.0,0.0,0.0,0.0,0.0,0.0,0.0,0.0,2.004,3.697065627150293e+19,0.0,0.0,0.0,0.0,0.0,0.0,5377.0,131350.625,6921.0,-107615088.0,2.718444252242914e+23,2.004,2.004,0.0,0.0,0.0,0.0,69,5.848060436849142e+35,2.7184201129489113e+23,0.0,0.0,0.0,0.0,0.0,0.0,0.0,0,0,0,0.0,0.0,0.0,0.0,0.0,0.0,0.0,0.0,0.0,0.0,0.0,0.0,0.0,0.0,0.0,0.0,0,-107875648.0,69,0.0,138,0.0,2.012,ERR,ERR,ERR,ERR,ERR,ERR,ERR,ERR,ERR,ERR,ERR,ERR,ERR,ERR,ERR,ERR,ERR,ERR,ERR,ERR,ERR,ERR,ERR,ERR,ERR,ERR,ERR,ERR,ERR,ERR,ERR,ERR,ERR,ERR,ERR,ERR,ERR,ERR,ERR,ERR,ERR,ERR,ERR,ERR,ERR,ERR,ERR,ERR,ERR,ERR,ERR,ERR,ERR,ERR,ERR,ERR,ERR,ERR,ERR,ERR,ERR,ERR,ERR,ERR,ERR,ERR,ERR,60.0,60.0,35,0.0,0.0,0.0,0.0,0.0,0.0,0.0,0.0,0.0,0.0,0.0,0.0,0.0,0.0,0.0,0.0,65.2,0,116,56,34,65476,0,300,0,0,8,20529,65476,0,0,2621,60.0,0.0,0.0,0.0,0.0,0.0
2026-07-09T15:52:04,ERR,ERR,ERR,ERR,ERR,ERR,ERR,ERR,ERR,ERR,ERR,ERR,ERR,ERR,ERR,ERR,ERR,ERR,ERR,ERR,ERR,ERR,ERR,ERR,ERR,ERR,ERR,ERR,ERR,ERR,ERR,ERR,ERR,ERR,ERR,ERR,ERR,ERR,ERR,ERR,ERR,ERR,ERR,ERR,ERR,ERR,ERR,ERR,ERR,ERR,ERR,ERR,ERR,ERR,ERR,ERR,ERR,ERR,ERR,ERR,ERR,ERR,ERR,ERR,ERR,ERR,ERR,ERR,ERR,ERR,ERR,ERR,ERR,ERR,ERR,ERR,ERR,ERR,ERR,ERR,ERR,ERR,ERR,ERR,ERR,ERR,ERR,ERR,ERR,ERR,ERR,ERR,ERR,ERR,ERR,ERR,ERR,ERR,ERR,ERR,ERR,ERR,ERR,ERR,ERR,ERR,ERR,ERR,ERR,ERR,ERR,ERR,ERR,ERR,ERR,ERR,ERR,ERR,ERR,ERR,ERR,ERR,ERR,ERR,ERR,2.7184242562605685e+23,2.718444252242914e+23,2.7184181313650753e+23,2.7183478752108883e+23,-0.0,-0.0,0.0,0.0,0,0,4,17307,7116,0.0,100,0.0,0.0,2.7183478752108883e+23,0.0,0.0,0,0,0,0,0.0,0,0,0,0,0,0,0,0,0,0,0,0,0,0,0,0,0,0,0,0,0,0,0,0,0,0,0,0,0,0,0,0,0,31,40,40,71,65476,0,300,0,0,8,21553,0.0,-107605600.0,0.0,0.0,0.0,0.0,0.0,0.0,0.0,0.0,0.0,0.0,0.0,0.0,0.0,0.0,0.0,0.0,0.0,0.0,0.0,0.0,2.004,3.697065627150293e+19,0.0,0.0,0.0,0.0,0.0,0.0,5377.0,131350.625,6921.0,-107615088.0,2.718444252242914e+23,2.004,2.004,0.0,0.0,0.0,0.0,69,5.848060436849142e+35,2.7184201129489113e+23,0.0,0.0,0.0,0.0,0.0,0.0,0.0,0,0,0,0.0,0.0,0.0,0.0,0.0,0.0,0.0,0.0,0.0,0.0,0.0,0.0,0.0,0.0,0.0,0.0,0,-107875648.0,69,0.0,138,0.0,2.012,ERR,ERR,ERR,ERR,ERR,ERR,ERR,ERR,ERR,ERR,ERR,ERR,ERR,ERR,ERR,ERR,ERR,ERR,ERR,ERR,ERR,ERR,ERR,ERR,ERR,ERR,ERR,ERR,ERR,ERR,ERR,ERR,ERR,ERR,ERR,ERR,ERR,ERR,ERR,ERR,ERR,ERR,ERR,ERR,ERR,ERR,ERR,ERR,ERR,ERR,ERR,ERR,ERR,ERR,ERR,ERR,ERR,ERR,ERR,ERR,ERR,ERR,ERR,ERR,ERR,ERR,ERR,60.0,60.0,35,0.0,0.0,0.0,0.0,0.0,0.0,0.0,0.0,0.0,0.0,0.0,0.0,0.0,0.0,0.0,0.0,65.2,0,116,56,34,65476,0,300,0,0,8,20529,65476,0,0,2621,60.0,0.0,0.0,0.0,0.0,0.0
2026-07-09T15:52:05,ERR,ERR,ERR,ERR,ERR,ERR,ERR,ERR,ERR,ERR,ERR,ERR,ERR,ERR,ERR,ERR,ERR,ERR,ERR,ERR,ERR,ERR,ERR,ERR,ERR,ERR,ERR,ERR,ERR,ERR,ERR,ERR,ERR,ERR,ERR,ERR,ERR,ERR,ERR,ERR,ERR,ERR,ERR,ERR,ERR,ERR,ERR,ERR,ERR,ERR,ERR,ERR,ERR,ERR,ERR,ERR,ERR,ERR,ERR,ERR,ERR,ERR,ERR,ERR,ERR,ERR,ERR,ERR,ERR,ERR,ERR,ERR,ERR,ERR,ERR,ERR,ERR,ERR,ERR,ERR,ERR,ERR,ERR,ERR,ERR,ERR,ERR,ERR,ERR,ERR,ERR,ERR,ERR,ERR,ERR,ERR,ERR,ERR,ERR,ERR,ERR,ERR,ERR,ERR,ERR,ERR,ERR,ERR,ERR,ERR,ERR,ERR,ERR,ERR,ERR,ERR,ERR,ERR,ERR,ERR,ERR,ERR,ERR,ERR,ERR,2.7184242562605685e+23,2.718444252242914e+23,2.7184181313650753e+23,2.7183478752108883e+23,-0.0,-0.0,0.0,0.0,0,0,4,17307,7116,0.0,100,0.0,0.0,2.7183478752108883e+23,0.0,0.0,0,0,0,0,0.0,0,0,0,0,0,0,0,0,0,0,0,0,0,0,0,0,0,0,0,0,0,0,0,0,0,0,0,0,0,0,0,0,0,31,40,40,71,65476,0,300,0,0,8,21553,0.0,-107605600.0,0.0,0.0,0.0,0.0,0.0,0.0,0.0,0.0,0.0,0.0,0.0,0.0,0.0,0.0,0.0,0.0,0.0,0.0,0.0,0.0,2.004,3.697065627150293e+19,0.0,0.0,0.0,0.0,0.0,0.0,5377.0,131350.625,6921.0,-107615088.0,2.718444252242914e+23,2.004,2.004,0.0,0.0,0.0,0.0,69,5.848060436849142e+35,2.7184201129489113e+23,0.0,0.0,0.0,0.0,0.0,0.0,0.0,0,0,0,0.0,0.0,0.0,0.0,0.0,0.0,0.0,0.0,0.0,0.0,0.0,0.0,0.0,0.0,0.0,0.0,0,-107875648.0,69,0.0,138,0.0,2.012,ERR,ERR,ERR,ERR,ERR,ERR,ERR,ERR,ERR,ERR,ERR,ERR,ERR,ERR,ERR,ERR,ERR,ERR,ERR,ERR,ERR,ERR,ERR,ERR,ERR,ERR,ERR,ERR,ERR,ERR,ERR,ERR,ERR,ERR,ERR,ERR,ERR,ERR,ERR,ERR,ERR,ERR,ERR,ERR,ERR,ERR,ERR,ERR,ERR,ERR,ERR,ERR,ERR,ERR,ERR,ERR,ERR,ERR,ERR,ERR,ERR,ERR,ERR,ERR,ERR,ERR,ERR,60.0,60.0,35,0.0,0.0,0.0,0.0,0.0,0.0,0.0,0.0,0.0,0.0,0.0,0.0,0.0,0.0,0.0,0.0,65.2,0,116,56,34,65476,0,300,0,0,8,20529,65476,0,0,2621,60.0,0.0,0.0,0.0,0.0,0.0
2026-07-09T15:52:06,ERR,ERR,ERR,ERR,ERR,ERR,ERR,ERR,ERR,ERR,ERR,ERR,ERR,ERR,ERR,ERR,ERR,ERR,ERR,ERR,ERR,ERR,ERR,ERR,ERR,ERR,ERR,ERR,ERR,ERR,ERR,ERR,ERR,ERR,ERR,ERR,ERR,ERR,ERR,ERR,ERR,ERR,ERR,ERR,ERR,ERR,ERR,ERR,ERR,ERR,ERR,ERR,ERR,ERR,ERR,ERR,ERR,ERR,ERR,ERR,ERR,ERR,ERR,ERR,ERR,ERR,ERR,ERR,ERR,ERR,ERR,ERR,ERR,ERR,ERR,ERR,ERR,ERR,ERR,ERR,ERR,ERR,ERR,ERR,ERR,ERR,ERR,ERR,ERR,ERR,ERR,ERR,ERR,ERR,ERR,ERR,ERR,ERR,ERR,ERR,ERR,ERR,ERR,ERR,ERR,ERR,ERR,ERR,ERR,ERR,ERR,ERR,ERR,ERR,ERR,ERR,ERR,ERR,ERR,ERR,ERR,ERR,ERR,ERR,ERR,-107615088.0,2.718444252242914e+23,nan,0.0,3.8577060221265325e+25,3.6826661961987374e+32,-735170880.0,1.2772280011478532e+19,0,0,4,17304,7116,0.0,100,0.0,0.0,0.0,0.0,0.0,0,0,0,0,0.0,0,0,0,0,0,0,0,0,0,0,0,0,0,0,0,0,0,0,0,0,0,0,0,0,0,0,0,0,0,0,0,0,0,31,40,40,71,65476,0,300,0,0,8,21553,0.0,-107605600.0,0.0,0.0,0.0,0.0,0.0,0.0,0.0,0.0,0.0,0.0,0.0,0.0,0.0,0.0,0.0,0.0,0.0,0.0,0.0,0.0,2.004,3.697065627150293e+19,0.0,0.0,0.0,0.0,0.0,0.0,5381.0,3.697191411280511e+19,6931.0,-107615088.0,2.718444252242914e+23,2.004,2.004,0.0,0.0,0.0,0.0,69,-0.0,-107614904.0,0.0,0.0,0.0,0.0,0.0,0.0,0.0,0,0,0,0.0,0.0,0.0,0.0,0.0,0.0,0.0,0.0,0.0,0.0,0.0,0.0,0.0,0.0,0.0,0.0,0,-107875648.0,69,0.0,138,0.0,2.012,ERR,ERR,ERR,ERR,ERR,ERR,ERR,ERR,ERR,ERR,ERR,ERR,ERR,ERR,ERR,ERR,ERR,ERR,ERR,ERR,ERR,ERR,ERR,ERR,ERR,ERR,ERR,ERR,ERR,ERR,ERR,ERR,ERR,ERR,ERR,ERR,ERR,ERR,ERR,ERR,ERR,ERR,ERR,ERR,ERR,ERR,ERR,ERR,ERR,ERR,ERR,ERR,ERR,ERR,ERR,ERR,ERR,ERR,ERR,ERR,ERR,ERR,ERR,ERR,ERR,ERR,ERR,60.0,60.0,35,0.0,0.0,0.0,0.0,0.0,0.0,0.0,0.0,0.0,0.0,0.0,0.0,0.0,0.0,0.0,0.0,65.2,0,116,56,34,65476,0,300,0,0,8,20529,65476,0,0,2621,60.0,0.0,0.0,0.0,0.0,0.0
2026-07-09T15:52:07,ERR,ERR,ERR,ERR,ERR,ERR,ERR,ERR,ERR,ERR,ERR,ERR,ERR,ERR,ERR,ERR,ERR,ERR,ERR,ERR,ERR,ERR,ERR,ERR,ERR,ERR,ERR,ERR,ERR,ERR,ERR,ERR,ERR,ERR,ERR,ERR,ERR,ERR,ERR,ERR,ERR,ERR,ERR,ERR,ERR,ERR,ERR,ERR,ERR,ERR,ERR,ERR,ERR,ERR,ERR,ERR,ERR,ERR,ERR,ERR,ERR,ERR,ERR,ERR,ERR,ERR,ERR,ERR,ERR,ERR,ERR,ERR,ERR,ERR,ERR,ERR,ERR,ERR,ERR,ERR,ERR,ERR,ERR,ERR,ERR,ERR,ERR,ERR,ERR,ERR,ERR,ERR,ERR,ERR,ERR,ERR,ERR,ERR,ERR,ERR,ERR,ERR,ERR,ERR,ERR,ERR,ERR,ERR,ERR,ERR,ERR,ERR,ERR,ERR,ERR,ERR,ERR,ERR,ERR,ERR,ERR,ERR,ERR,ERR,ERR,-107615088.0,2.718444252242914e+23,nan,0.0,3.8577060221265325e+25,3.6826661961987374e+32,-735170880.0,1.2772280011478532e+19,0,0,4,17304,7116,0.0,100,0.0,0.0,0.0,0.0,0.0,0,0,0,0,0.0,0,0,0,0,0,0,0,0,0,0,0,0,0,0,0,0,0,0,0,0,0,0,0,0,0,0,0,0,0,0,0,0,0,31,40,40,71,65476,0,300,0,0,8,21553,0.0,-107605600.0,0.0,0.0,0.0,0.0,0.0,0.0,0.0,0.0,0.0,0.0,0.0,0.0,0.0,0.0,0.0,0.0,0.0,0.0,0.0,0.0,2.004,3.697065627150293e+19,0.0,0.0,0.0,0.0,0.0,0.0,5381.0,3.697191411280511e+19,6931.0,-107615088.0,2.718444252242914e+23,2.004,2.004,0.0,0.0,0.0,0.0,69,-0.0,-107614904.0,0.0,0.0,0.0,0.0,0.0,0.0,0.0,0,0,0,0.0,0.0,0.0,0.0,0.0,0.0,0.0,0.0,0.0,0.0,0.0,0.0,0.0,0.0,0.0,0.0,0,-107875648.0,69,0.0,138,0.0,2.012,ERR,ERR,ERR,ERR,ERR,ERR,ERR,ERR,ERR,ERR,ERR,ERR,ERR,ERR,ERR,ERR,ERR,ERR,ERR,ERR,ERR,ERR,ERR,ERR,ERR,ERR,ERR,ERR,ERR,ERR,ERR,ERR,ERR,ERR,ERR,ERR,ERR,ERR,ERR,ERR,ERR,ERR,ERR,ERR,ERR,ERR,ERR,ERR,ERR,ERR,ERR,ERR,ERR,ERR,ERR,ERR,ERR,ERR,ERR,ERR,ERR,ERR,ERR,ERR,ERR,ERR,ERR,60.0,60.0,35,0.0,0.0,0.0,0.0,0.0,0.0,0.0,0.0,0.0,0.0,0.0,0.0,0.0,0.0,0.0,0.0,65.2,0,116,56,34,65476,0,300,0,0,8,20529,65476,0,0,2621,60.0,0.0,0.0,0.0,0.0,0.0
2026-07-09T15:52:08,ERR,ERR,ERR,ERR,ERR,ERR,ERR,ERR,ERR,ERR,ERR,ERR,ERR,ERR,ERR,ERR,ERR,ERR,ERR,ERR,ERR,ERR,ERR,ERR,ERR,ERR,ERR,ERR,ERR,ERR,ERR,ERR,ERR,ERR,ERR,ERR,ERR,ERR,ERR,ERR,ERR,ERR,ERR,ERR,ERR,ERR,ERR,ERR,ERR,ERR,ERR,ERR,ERR,ERR,ERR,ERR,ERR,ERR,ERR,ERR,ERR,ERR,ERR,ERR,ERR,ERR,ERR,ERR,ERR,ERR,ERR,ERR,ERR,ERR,ERR,ERR,ERR,ERR,ERR,ERR,ERR,ERR,ERR,ERR,ERR,ERR,ERR,ERR,ERR,ERR,ERR,ERR,ERR,ERR,ERR,ERR,ERR,ERR,ERR,ERR,ERR,ERR,ERR,ERR,ERR,ERR,ERR,ERR,ERR,ERR,ERR,ERR,ERR,ERR,ERR,ERR,ERR,ERR,ERR,ERR,ERR,ERR,ERR,ERR,ERR,-107615088.0,2.718444252242914e+23,nan,0.0,3.8577060221265325e+25,3.6826661961987374e+32,-735170880.0,1.2772280011478532e+19,0,0,4,17304,7116,0.0,100,0.0,0.0,0.0,0.0,0.0,0,0,0,0,0.0,0,0,0,0,0,0,0,0,0,0,0,0,0,0,0,0,0,0,0,0,0,0,0,0,0,0,0,0,0,0,0,0,0,31,40,40,71,65476,0,300,0,0,8,21553,0.0,-107605600.0,0.0,0.0,0.0,0.0,0.0,0.0,0.0,0.0,0.0,0.0,0.0,0.0,0.0,0.0,0.0,0.0,0.0,0.0,0.0,0.0,2.004,3.697065627150293e+19,0.0,0.0,0.0,0.0,0.0,0.0,5381.0,3.697191411280511e+19,6931.0,-107615088.0,2.718444252242914e+23,2.004,2.004,0.0,0.0,0.0,0.0,69,-0.0,-107614904.0,0.0,0.0,0.0,0.0,0.0,0.0,0.0,0,0,0,0.0,0.0,0.0,0.0,0.0,0.0,0.0,0.0,0.0,0.0,0.0,0.0,0.0,0.0,0.0,0.0,0,-107875648.0,69,0.0,138,0.0,2.012,ERR,ERR,ERR,ERR,ERR,ERR,ERR,ERR,ERR,ERR,ERR,ERR,ERR,ERR,ERR,ERR,ERR,ERR,ERR,ERR,ERR,ERR,ERR,ERR,ERR,ERR,ERR,ERR,ERR,ERR,ERR,ERR,ERR,ERR,ERR,ERR,ERR,ERR,ERR,ERR,ERR,ERR,ERR,ERR,ERR,ERR,ERR,ERR,ERR,ERR,ERR,ERR,ERR,ERR,ERR,ERR,ERR,ERR,ERR,ERR,ERR,ERR,ERR,ERR,ERR,ERR,ERR,60.0,60.0,35,0.0,0.0,0.0,0.0,0.0,0.0,0.0,0.0,0.0,0.0,0.0,0.0,0.0,0.0,0.0,0.0,65.2,0,116,56,34,65476,0,300,0,0,8,20529,65476,0,0,2621,60.0,0.0,0.0,0.0,0.0,0.0
2026-07-09T15:52:09,ERR,ERR,ERR,ERR,ERR,ERR,ERR,ERR,ERR,ERR,ERR,ERR,ERR,ERR,ERR,ERR,ERR,ERR,ERR,ERR,ERR,ERR,ERR,ERR,ERR,ERR,ERR,ERR,ERR,ERR,ERR,ERR,ERR,ERR,ERR,ERR,ERR,ERR,ERR,ERR,ERR,ERR,ERR,ERR,ERR,ERR,ERR,ERR,ERR,ERR,ERR,ERR,ERR,ERR,ERR,ERR,ERR,ERR,ERR,ERR,ERR,ERR,ERR,ERR,ERR,ERR,ERR,ERR,ERR,ERR,ERR,ERR,ERR,ERR,ERR,ERR,ERR,ERR,ERR,ERR,ERR,ERR,ERR,ERR,ERR,ERR,ERR,ERR,ERR,ERR,ERR,ERR,ERR,ERR,ERR,ERR,ERR,ERR,ERR,ERR,ERR,ERR,ERR,ERR,ERR,ERR,ERR,ERR,ERR,ERR,ERR,ERR,ERR,ERR,ERR,ERR,ERR,ERR,ERR,ERR,ERR,ERR,ERR,ERR,ERR,-107615088.0,2.718444252242914e+23,nan,0.0,3.8577060221265325e+25,3.6826661961987374e+32,-735170880.0,1.2772280011478532e+19,0,0,4,17304,7116,0.0,100,0.0,0.0,0.0,0.0,0.0,0,0,0,0,0.0,0,0,0,0,0,0,0,0,0,0,0,0,0,0,0,0,0,0,0,0,0,0,0,0,0,0,0,0,0,0,0,0,0,31,40,40,71,65476,0,300,0,0,8,21553,0.0,-107605600.0,0.0,0.0,0.0,0.0,0.0,0.0,0.0,0.0,0.0,0.0,0.0,0.0,0.0,0.0,0.0,0.0,0.0,0.0,0.0,0.0,2.004,3.697065627150293e+19,0.0,0.0,0.0,0.0,0.0,0.0,5381.0,3.697191411280511e+19,6931.0,-107615088.0,2.718444252242914e+23,2.004,2.004,0.0,0.0,0.0,0.0,69,-0.0,-107614904.0,0.0,0.0,0.0,0.0,0.0,0.0,0.0,0,0,0,0.0,0.0,0.0,0.0,0.0,0.0,0.0,0.0,0.0,0.0,0.0,0.0,0.0,0.0,0.0,0.0,0,-107875648.0,69,0.0,138,0.0,2.012,ERR,ERR,ERR,ERR,ERR,ERR,ERR,ERR,ERR,ERR,ERR,ERR,ERR,ERR,ERR,ERR,ERR,ERR,ERR,ERR,ERR,ERR,ERR,ERR,ERR,ERR,ERR,ERR,ERR,ERR,ERR,ERR,ERR,ERR,ERR,ERR,ERR,ERR,ERR,ERR,ERR,ERR,ERR,ERR,ERR,ERR,ERR,ERR,ERR,ERR,ERR,ERR,ERR,ERR,ERR,ERR,ERR,ERR,ERR,ERR,ERR,ERR,ERR,ERR,ERR,ERR,ERR,60.0,60.0,35,0.0,0.0,0.0,0.0,0.0,0.0,0.0,0.0,0.0,0.0,0.0,0.0,0.0,0.0,0.0,0.0,65.2,0,116,56,34,65476,0,300,0,0,8,20529,65476,0,0,2621,60.0,0.0,0.0,0.0,0.0,0.0
2026-07-09T15:52:10,ERR,ERR,ERR,ERR,ERR,ERR,ERR,ERR,ERR,ERR,ERR,ERR,ERR,ERR,ERR,ERR,ERR,ERR,ERR,ERR,ERR,ERR,ERR,ERR,ERR,ERR,ERR,ERR,ERR,ERR,ERR,ERR,ERR,ERR,ERR,ERR,ERR,ERR,ERR,ERR,ERR,ERR,ERR,ERR,ERR,ERR,ERR,ERR,ERR,ERR,ERR,ERR,ERR,ERR,ERR,ERR,ERR,ERR,ERR,ERR,ERR,ERR,ERR,ERR,ERR,ERR,ERR,ERR,ERR,ERR,ERR,ERR,ERR,ERR,ERR,ERR,ERR,ERR,ERR,ERR,ERR,ERR,ERR,ERR,ERR,ERR,ERR,ERR,ERR,ERR,ERR,ERR,ERR,ERR,ERR,ERR,ERR,ERR,ERR,ERR,ERR,ERR,ERR,ERR,ERR,ERR,ERR,ERR,ERR,ERR,ERR,ERR,ERR,ERR,ERR,ERR,ERR,ERR,ERR,ERR,ERR,ERR,ERR,ERR,ERR,-107615088.0,2.718444252242914e+23,nan,0.0,3.8577060221265325e+25,3.6826661961987374e+32,-735170880.0,1.2772280011478532e+19,0,0,4,17304,7116,0.0,100,0.0,0.0,0.0,0.0,0.0,0,0,0,0,0.0,0,0,0,0,0,0,0,0,0,0,0,0,0,0,0,0,0,0,0,0,0,0,0,0,0,0,0,0,0,0,0,0,0,31,40,40,71,65476,0,300,0,0,8,21553,0.0,-107605600.0,0.0,0.0,0.0,0.0,0.0,0.0,0.0,0.0,0.0,0.0,0.0,0.0,0.0,0.0,0.0,0.0,0.0,0.0,0.0,0.0,2.004,3.697065627150293e+19,0.0,0.0,0.0,0.0,0.0,0.0,5381.0,3.697191411280511e+19,6931.0,-107615088.0,2.718444252242914e+23,2.004,2.004,0.0,0.0,0.0,0.0,69,-0.0,-107614904.0,0.0,0.0,0.0,0.0,0.0,0.0,0.0,0,0,0,0.0,0.0,0.0,0.0,0.0,0.0,0.0,0.0,0.0,0.0,0.0,0.0,0.0,0.0,0.0,0.0,0,-107875648.0,69,0.0,138,0.0,2.012,ERR,ERR,ERR,ERR,ERR,ERR,ERR,ERR,ERR,ERR,ERR,ERR,ERR,ERR,ERR,ERR,ERR,ERR,ERR,ERR,ERR,ERR,ERR,ERR,ERR,ERR,ERR,ERR,ERR,ERR,ERR,ERR,ERR,ERR,ERR,ERR,ERR,ERR,ERR,ERR,ERR,ERR,ERR,ERR,ERR,ERR,ERR,ERR,ERR,ERR,ERR,ERR,ERR,ERR,ERR,ERR,ERR,ERR,ERR,ERR,ERR,ERR,ERR,ERR,ERR,ERR,ERR,60.0,60.0,35,0.0,0.0,0.0,0.0,0.0,0.0,0.0,0.0,0.0,0.0,0.0,0.0,0.0,0.0,0.0,0.0,65.2,0,116,56,34,65476,0,300,0,0,8,20529,65476,0,0,2621,60.0,0.0,0.0,0.0,0.0,0.0
2026-07-09T15:52:11,ERR,ERR,ERR,ERR,ERR,ERR,ERR,ERR,ERR,ERR,ERR,ERR,ERR,ERR,ERR,ERR,ERR,ERR,ERR,ERR,ERR,ERR,ERR,ERR,ERR,ERR,ERR,ERR,ERR,ERR,ERR,ERR,ERR,ERR,ERR,ERR,ERR,ERR,ERR,ERR,ERR,ERR,ERR,ERR,ERR,ERR,ERR,ERR,ERR,ERR,ERR,ERR,ERR,ERR,ERR,ERR,ERR,ERR,ERR,ERR,ERR,ERR,ERR,ERR,ERR,ERR,ERR,ERR,ERR,ERR,ERR,ERR,ERR,ERR,ERR,ERR,ERR,ERR,ERR,ERR,ERR,ERR,ERR,ERR,ERR,ERR,ERR,ERR,ERR,ERR,ERR,ERR,ERR,ERR,ERR,ERR,ERR,ERR,ERR,ERR,ERR,ERR,ERR,ERR,ERR,ERR,ERR,ERR,ERR,ERR,ERR,ERR,ERR,ERR,ERR,ERR,ERR,ERR,ERR,ERR,ERR,ERR,ERR,ERR,ERR,-107615088.0,2.718444252242914e+23,nan,0.0,-1.2055332760297295e+24,-0.0,-1.2826707228622848e+16,-0.0,0,0,4,17309,7116,0.0,100,0.0,0.0,0.0,0.0,0.0,0,0,0,0,0.0,0,0,0,0,0,0,0,0,0,0,0,0,0,0,0,0,0,0,0,0,0,0,0,0,0,0,0,0,0,0,0,0,0,31,40,40,71,65476,0,300,0,0,8,21553,0.0,-107605600.0,0.0,0.0,0.0,0.0,0.0,0.0,0.0,0.0,0.0,0.0,0.0,0.0,0.0,0.0,0.0,0.0,0.0,0.0,0.0,0.0,2.004,3.697065627150293e+19,0.0,0.0,0.0,0.0,0.0,0.0,5379.0,-0.0,6933.0,-107615088.0,2.718444252242914e+23,2.004,2.004,0.0,0.0,0.0,0.0,69,-0.0,-2.308830690169617e+20,0.0,0.0,0.0,0.0,0.0,0.0,0.0,0,0,0,0.0,0.0,0.0,0.0,0.0,0.0,0.0,0.0,0.0,0.0,0.0,0.0,0.0,0.0,0.0,0.0,0,-107875648.0,69,0.0,138,0.0,2.012,ERR,ERR,ERR,ERR,ERR,ERR,ERR,ERR,ERR,ERR,ERR,ERR,ERR,ERR,ERR,ERR,ERR,ERR,ERR,ERR,ERR,ERR,ERR,ERR,ERR,ERR,ERR,ERR,ERR,ERR,ERR,ERR,ERR,ERR,ERR,ERR,ERR,ERR,ERR,ERR,ERR,ERR,ERR,ERR,ERR,ERR,ERR,ERR,ERR,ERR,ERR,ERR,ERR,ERR,ERR,ERR,ERR,ERR,ERR,ERR,ERR,ERR,ERR,ERR,ERR,ERR,ERR,60.0,60.0,35,0.0,0.0,0.0,0.0,0.0,0.0,0.0,0.0,0.0,0.0,0.0,0.0,0.0,0.0,0.0,0.0,65.6,0,116,56,34,65476,0,300,0,0,8,20529,65476,0,0,2621,60.0,0.0,0.0,0.0,0.0,0.0
2026-07-09T15:52:12,ERR,ERR,ERR,ERR,ERR,ERR,ERR,ERR,ERR,ERR,ERR,ERR,ERR,ERR,ERR,ERR,ERR,ERR,ERR,ERR,ERR,ERR,ERR,ERR,ERR,ERR,ERR,ERR,ERR,ERR,ERR,ERR,ERR,ERR,ERR,ERR,ERR,ERR,ERR,ERR,ERR,ERR,ERR,ERR,ERR,ERR,ERR,ERR,ERR,ERR,ERR,ERR,ERR,ERR,ERR,ERR,ERR,ERR,ERR,ERR,ERR,ERR,ERR,ERR,ERR,ERR,ERR,ERR,ERR,ERR,ERR,ERR,ERR,ERR,ERR,ERR,ERR,ERR,ERR,ERR,ERR,ERR,ERR,ERR,ERR,ERR,ERR,ERR,ERR,ERR,ERR,ERR,ERR,ERR,ERR,ERR,ERR,ERR,ERR,ERR,ERR,ERR,ERR,ERR,ERR,ERR,ERR,ERR,ERR,ERR,ERR,ERR,ERR,ERR,ERR,ERR,ERR,ERR,ERR,ERR,ERR,ERR,ERR,ERR,ERR,-107615088.0,2.718444252242914e+23,nan,0.0,-1.2055332760297295e+24,-0.0,-1.2826707228622848e+16,-0.0,0,0,4,17309,7116,0.0,100,0.0,0.0,0.0,0.0,0.0,0,0,0,0,0.0,0,0,0,0,0,0,0,0,0,0,0,0,0,0,0,0,0,0,0,0,0,0,0,0,0,0,0,0,0,0,0,0,0,31,40,40,71,65476,0,300,0,0,8,21553,0.0,-107605600.0,0.0,0.0,0.0,0.0,0.0,0.0,0.0,0.0,0.0,0.0,0.0,0.0,0.0,0.0,0.0,0.0,0.0,0.0,0.0,0.0,2.004,3.697065627150293e+19,0.0,0.0,0.0,0.0,0.0,0.0,5379.0,-0.0,6933.0,-107615088.0,2.718444252242914e+23,2.004,2.004,0.0,0.0,0.0,0.0,69,-0.0,-2.308830690169617e+20,0.0,0.0,0.0,0.0,0.0,0.0,0.0,0,0,0,0.0,0.0,0.0,0.0,0.0,0.0,0.0,0.0,0.0,0.0,0.0,0.0,0.0,0.0,0.0,0.0,0,-107875648.0,69,0.0,138,0.0,2.012,ERR,ERR,ERR,ERR,ERR,ERR,ERR,ERR,ERR,ERR,ERR,ERR,ERR,ERR,ERR,ERR,ERR,ERR,ERR,ERR,ERR,ERR,ERR,ERR,ERR,ERR,ERR,ERR,ERR,ERR,ERR,ERR,ERR,ERR,ERR,ERR,ERR,ERR,ERR,ERR,ERR,ERR,ERR,ERR,ERR,ERR,ERR,ERR,ERR,ERR,ERR,ERR,ERR,ERR,ERR,ERR,ERR,ERR,ERR,ERR,ERR,ERR,ERR,ERR,ERR,ERR,ERR,60.0,60.0,35,0.0,0.0,0.0,0.0,0.0,0.0,0.0,0.0,0.0,0.0,0.0,0.0,0.0,0.0,0.0,0.0,65.6,0,116,56,34,65476,0,300,0,0,8,20529,65476,0,0,2621,60.0,0.0,0.0,0.0,0.0,0.0
2026-07-09T15:52:13,ERR,ERR,ERR,ERR,ERR,ERR,ERR,ERR,ERR,ERR,ERR,ERR,ERR,ERR,ERR,ERR,ERR,ERR,ERR,ERR,ERR,ERR,ERR,ERR,ERR,ERR,ERR,ERR,ERR,ERR,ERR,ERR,ERR,ERR,ERR,ERR,ERR,ERR,ERR,ERR,ERR,ERR,ERR,ERR,ERR,ERR,ERR,ERR,ERR,ERR,ERR,ERR,ERR,ERR,ERR,ERR,ERR,ERR,ERR,ERR,ERR,ERR,ERR,ERR,ERR,ERR,ERR,ERR,ERR,ERR,ERR,ERR,ERR,ERR,ERR,ERR,ERR,ERR,ERR,ERR,ERR,ERR,ERR,ERR,ERR,ERR,ERR,ERR,ERR,ERR,ERR,ERR,ERR,ERR,ERR,ERR,ERR,ERR,ERR,ERR,ERR,ERR,ERR,ERR,ERR,ERR,ERR,ERR,ERR,ERR,ERR,ERR,ERR,ERR,ERR,ERR,ERR,ERR,ERR,ERR,ERR,ERR,ERR,ERR,ERR,-107615088.0,2.718444252242914e+23,nan,0.0,-1.2055332760297295e+24,-0.0,-1.2826707228622848e+16,-0.0,0,0,4,17309,7116,0.0,100,0.0,0.0,0.0,0.0,0.0,0,0,0,0,0.0,0,0,0,0,0,0,0,0,0,0,0,0,0,0,0,0,0,0,0,0,0,0,0,0,0,0,0,0,0,0,0,0,0,31,40,40,71,65476,0,300,0,0,8,21553,0.0,-107605600.0,0.0,0.0,0.0,0.0,0.0,0.0,0.0,0.0,0.0,0.0,0.0,0.0,0.0,0.0,0.0,0.0,0.0,0.0,0.0,0.0,2.004,3.697065627150293e+19,0.0,0.0,0.0,0.0,0.0,0.0,5379.0,-0.0,6933.0,-107615088.0,2.718444252242914e+23,2.004,2.004,0.0,0.0,0.0,0.0,69,-0.0,-2.308830690169617e+20,0.0,0.0,0.0,0.0,0.0,0.0,0.0,0,0,0,0.0,0.0,0.0,0.0,0.0,0.0,0.0,0.0,0.0,0.0,0.0,0.0,0.0,0.0,0.0,0.0,0,-107875648.0,69,0.0,138,0.0,2.012,ERR,ERR,ERR,ERR,ERR,ERR,ERR,ERR,ERR,ERR,ERR,ERR,ERR,ERR,ERR,ERR,ERR,ERR,ERR,ERR,ERR,ERR,ERR,ERR,ERR,ERR,ERR,ERR,ERR,ERR,ERR,ERR,ERR,ERR,ERR,ERR,ERR,ERR,ERR,ERR,ERR,ERR,ERR,ERR,ERR,ERR,ERR,ERR,ERR,ERR,ERR,ERR,ERR,ERR,ERR,ERR,ERR,ERR,ERR,ERR,ERR,ERR,ERR,ERR,ERR,ERR,ERR,60.0,60.0,35,0.0,0.0,0.0,0.0,0.0,0.0,0.0,0.0,0.0,0.0,0.0,0.0,0.0,0.0,0.0,0.0,65.2,0,116,56,34,65476,0,300,0,0,8,20529,65476,0,0,2621,60.0,0.0,0.0,0.0,0.0,0.0
2026-07-09T15:52:14,ERR,ERR,ERR,ERR,ERR,ERR,ERR,ERR,ERR,ERR,ERR,ERR,ERR,ERR,ERR,ERR,ERR,ERR,ERR,ERR,ERR,ERR,ERR,ERR,ERR,ERR,ERR,ERR,ERR,ERR,ERR,ERR,ERR,ERR,ERR,ERR,ERR,ERR,ERR,ERR,ERR,ERR,ERR,ERR,ERR,ERR,ERR,ERR,ERR,ERR,ERR,ERR,ERR,ERR,ERR,ERR,ERR,ERR,ERR,ERR,ERR,ERR,ERR,ERR,ERR,ERR,ERR,ERR,ERR,ERR,ERR,ERR,ERR,ERR,ERR,ERR,ERR,ERR,ERR,ERR,ERR,ERR,ERR,ERR,ERR,ERR,ERR,ERR,ERR,ERR,ERR,ERR,ERR,ERR,ERR,ERR,ERR,ERR,ERR,ERR,ERR,ERR,ERR,ERR,ERR,ERR,ERR,ERR,ERR,ERR,ERR,ERR,ERR,ERR,ERR,ERR,ERR,ERR,ERR,ERR,ERR,ERR,ERR,ERR,ERR,-107615088.0,2.718444252242914e+23,nan,0.0,-1.2055332760297295e+24,-0.0,-1.2826707228622848e+16,-0.0,0,0,4,17309,7116,0.0,100,0.0,0.0,0.0,0.0,0.0,0,0,0,0,0.0,0,0,0,0,0,0,0,0,0,0,0,0,0,0,0,0,0,0,0,0,0,0,0,0,0,0,0,0,0,0,0,0,0,31,40,40,71,65476,0,300,0,0,8,21553,0.0,-107605600.0,0.0,0.0,0.0,0.0,0.0,0.0,0.0,0.0,0.0,0.0,0.0,0.0,0.0,0.0,0.0,0.0,0.0,0.0,0.0,0.0,2.004,3.697065627150293e+19,0.0,0.0,0.0,0.0,0.0,0.0,5379.0,-0.0,6933.0,-107615088.0,2.718444252242914e+23,2.004,2.004,0.0,0.0,0.0,0.0,69,-0.0,-2.308830690169617e+20,0.0,0.0,0.0,0.0,0.0,0.0,0.0,0,0,0,0.0,0.0,0.0,0.0,0.0,0.0,0.0,0.0,0.0,0.0,0.0,0.0,0.0,0.0,0.0,0.0,0,-107875648.0,69,0.0,138,0.0,2.012,ERR,ERR,ERR,ERR,ERR,ERR,ERR,ERR,ERR,ERR,ERR,ERR,ERR,ERR,ERR,ERR,ERR,ERR,ERR,ERR,ERR,ERR,ERR,ERR,ERR,ERR,ERR,ERR,ERR,ERR,ERR,ERR,ERR,ERR,ERR,ERR,ERR,ERR,ERR,ERR,ERR,ERR,ERR,ERR,ERR,ERR,ERR,ERR,ERR,ERR,ERR,ERR,ERR,ERR,ERR,ERR,ERR,ERR,ERR,ERR,ERR,ERR,ERR,ERR,ERR,ERR,ERR,60.0,60.0,35,0.0,0.0,0.0,0.0,0.0,0.0,0.0,0.0,0.0,0.0,0.0,0.0,0.0,0.0,0.0,0.0,65.2,0,116,56,34,65476,0,300,0,0,8,20529,65476,0,0,2621,60.0,0.0,0.0,0.0,0.0,0.0
2026-07-09T15:52:15,ERR,ERR,ERR,ERR,ERR,ERR,ERR,ERR,ERR,ERR,ERR,ERR,ERR,ERR,ERR,ERR,ERR,ERR,ERR,ERR,ERR,ERR,ERR,ERR,ERR,ERR,ERR,ERR,ERR,ERR,ERR,ERR,ERR,ERR,ERR,ERR,ERR,ERR,ERR,ERR,ERR,ERR,ERR,ERR,ERR,ERR,ERR,ERR,ERR,ERR,ERR,ERR,ERR,ERR,ERR,ERR,ERR,ERR,ERR,ERR,ERR,ERR,ERR,ERR,ERR,ERR,ERR,ERR,ERR,ERR,ERR,ERR,ERR,ERR,ERR,ERR,ERR,ERR,ERR,ERR,ERR,ERR,ERR,ERR,ERR,ERR,ERR,ERR,ERR,ERR,ERR,ERR,ERR,ERR,ERR,ERR,ERR,ERR,ERR,ERR,ERR,ERR,ERR,ERR,ERR,ERR,ERR,ERR,ERR,ERR,ERR,ERR,ERR,ERR,ERR,ERR,ERR,ERR,ERR,ERR,ERR,ERR,ERR,ERR,ERR,-107615088.0,2.718444252242914e+23,nan,0.0,-1.2055332760297295e+24,-0.0,-1.2826707228622848e+16,-0.0,0,0,4,17309,7116,0.0,100,0.0,0.0,0.0,0.0,0.0,0,0,0,0,0.0,0,0,0,0,0,0,0,0,0,0,0,0,0,0,0,0,0,0,0,0,0,0,0,0,0,0,0,0,0,0,0,0,0,31,40,40,71,65476,0,300,0,0,8,21553,0.0,-107605600.0,0.0,0.0,0.0,0.0,0.0,0.0,0.0,0.0,0.0,0.0,0.0,0.0,0.0,0.0,0.0,0.0,0.0,0.0,0.0,0.0,2.004,3.697065627150293e+19,0.0,0.0,0.0,0.0,0.0,0.0,5379.0,-0.0,6933.0,-107615088.0,2.718444252242914e+23,2.004,2.004,0.0,0.0,0.0,0.0,69,-0.0,-2.308830690169617e+20,0.0,0.0,0.0,0.0,0.0,0.0,0.0,0,0,0,0.0,0.0,0.0,0.0,0.0,0.0,0.0,0.0,0.0,0.0,0.0,0.0,0.0,0.0,0.0,0.0,0,-107875648.0,69,0.0,138,0.0,2.012,ERR,ERR,ERR,ERR,ERR,ERR,ERR,ERR,ERR,ERR,ERR,ERR,ERR,ERR,ERR,ERR,ERR,ERR,ERR,ERR,ERR,ERR,ERR,ERR,ERR,ERR,ERR,ERR,ERR,ERR,ERR,ERR,ERR,ERR,ERR,ERR,ERR,ERR,ERR,ERR,ERR,ERR,ERR,ERR,ERR,ERR,ERR,ERR,ERR,ERR,ERR,ERR,ERR,ERR,ERR,ERR,ERR,ERR,ERR,ERR,ERR,ERR,ERR,ERR,ERR,ERR,ERR,60.0,60.0,35,0.0,0.0,0.0,0.0,0.0,0.0,0.0,0.0,0.0,0.0,0.0,0.0,0.0,0.0,0.0,0.0,65.2,0,116,56,34,65476,0,300,0,0,8,20529,65476,0,0,2621,60.0,0.0,0.0,0.0,0.0,0.0
2026-07-09T15:52:16,ERR,ERR,ERR,ERR,ERR,ERR,ERR,ERR,ERR,ERR,ERR,ERR,ERR,ERR,ERR,ERR,ERR,ERR,ERR,ERR,ERR,ERR,ERR,ERR,ERR,ERR,ERR,ERR,ERR,ERR,ERR,ERR,ERR,ERR,ERR,ERR,ERR,ERR,ERR,ERR,ERR,ERR,ERR,ERR,ERR,ERR,ERR,ERR,ERR,ERR,ERR,ERR,ERR,ERR,ERR,ERR,ERR,ERR,ERR,ERR,ERR,ERR,ERR,ERR,ERR,ERR,ERR,ERR,ERR,ERR,ERR,ERR,ERR,ERR,ERR,ERR,ERR,ERR,ERR,ERR,ERR,ERR,ERR,ERR,ERR,ERR,ERR,ERR,ERR,ERR,ERR,ERR,ERR,ERR,ERR,ERR,ERR,ERR,ERR,ERR,ERR,ERR,ERR,ERR,ERR,ERR,ERR,ERR,ERR,ERR,ERR,ERR,ERR,ERR,ERR,ERR,ERR,ERR,ERR,ERR,ERR,ERR,ERR,ERR,ERR,0.0,0.0,0.0,0.0,2152208128.0,2.037504697421515e+37,2238167908352.0,-0.0,0,0,4,17306,7116,0.0,100,0.0,0.0,0.0,0.0,0.0,0,0,0,0,0.0,0,0,0,0,0,0,0,0,0,0,0,0,0,0,0,0,0,0,0,0,0,0,0,0,0,0,0,0,0,0,0,0,0,31,40,40,71,65476,0,300,0,0,8,21553,0.0,-107605600.0,0.0,0.0,0.0,0.0,0.0,0.0,0.0,0.0,0.0,0.0,0.0,0.0,0.0,0.0,0.0,0.0,0.0,0.0,0.0,0.0,-0.0,0.0,0.0,0.0,0.0,0.0,0.0,0.0,5416.0,0.0,6915.0,0.0,0.0,2.004,2.004,0.0,0.0,0.0,0.0,69,-0.0,4.066859702643652e+29,0.0,0.0,0.0,0.0,0.0,0.0,0.0,0,0,0,0.0,0.0,0.0,0.0,0.0,0.0,0.0,0.0,0.0,0.0,0.0,0.0,0.0,0.0,0.0,0.0,0,-107875648.0,69,0.0,138,0.0,2.012,ERR,ERR,ERR,ERR,ERR,ERR,ERR,ERR,ERR,ERR,ERR,ERR,ERR,ERR,ERR,ERR,ERR,ERR,ERR,ERR,ERR,ERR,ERR,ERR,ERR,ERR,ERR,ERR,ERR,ERR,ERR,ERR,ERR,ERR,ERR,ERR,ERR,ERR,ERR,ERR,ERR,ERR,ERR,ERR,ERR,ERR,ERR,ERR,ERR,ERR,ERR,ERR,ERR,ERR,ERR,ERR,ERR,ERR,ERR,ERR,ERR,ERR,ERR,ERR,ERR,ERR,ERR,60.0,60.0,35,0.0,0.0,0.0,0.0,0.0,0.0,0.0,0.0,0.0,0.0,0.0,0.0,0.0,0.0,0.0,0.0,65.2,0,116,56,34,65476,0,300,0,0,8,20529,65476,0,0,2621,60.0,0.0,0.0,0.0,0.0,0.0
2026-07-09T15:52:17,ERR,ERR,ERR,ERR,ERR,ERR,ERR,ERR,ERR,ERR,ERR,ERR,ERR,ERR,ERR,ERR,ERR,ERR,ERR,ERR,ERR,ERR,ERR,ERR,ERR,ERR,ERR,ERR,ERR,ERR,ERR,ERR,ERR,ERR,ERR,ERR,ERR,ERR,ERR,ERR,ERR,ERR,ERR,ERR,ERR,ERR,ERR,ERR,ERR,ERR,ERR,ERR,ERR,ERR,ERR,ERR,ERR,ERR,ERR,ERR,ERR,ERR,ERR,ERR,ERR,ERR,ERR,ERR,ERR,ERR,ERR,ERR,ERR,ERR,ERR,ERR,ERR,ERR,ERR,ERR,ERR,ERR,ERR,ERR,ERR,ERR,ERR,ERR,ERR,ERR,ERR,ERR,ERR,ERR,ERR,ERR,ERR,ERR,ERR,ERR,ERR,ERR,ERR,ERR,ERR,ERR,ERR,ERR,ERR,ERR,ERR,ERR,ERR,ERR,ERR,ERR,ERR,ERR,ERR,ERR,ERR,ERR,ERR,ERR,ERR,0.0,0.0,0.0,0.0,2152208128.0,2.037504697421515e+37,2238167908352.0,-0.0,0,0,4,17306,7116,0.0,100,0.0,0.0,0.0,0.0,0.0,0,0,0,0,0.0,0,0,0,0,0,0,0,0,0,0,0,0,0,0,0,0,0,0,0,0,0,0,0,0,0,0,0,0,0,0,0,0,0,31,40,40,71,65476,0,300,0,0,8,21553,0.0,-107605600.0,0.0,0.0,0.0,0.0,0.0,0.0,0.0,0.0,0.0,0.0,0.0,0.0,0.0,0.0,0.0,0.0,0.0,0.0,0.0,0.0,-0.0,0.0,0.0,0.0,0.0,0.0,0.0,0.0,5416.0,0.0,6915.0,0.0,0.0,2.004,2.004,0.0,0.0,0.0,0.0,69,-0.0,4.066859702643652e+29,0.0,0.0,0.0,0.0,0.0,0.0,0.0,0,0,0,0.0,0.0,0.0,0.0,0.0,0.0,0.0,0.0,0.0,0.0,0.0,0.0,0.0,0.0,0.0,0.0,0,-107875648.0,69,0.0,138,0.0,2.012,ERR,ERR,ERR,ERR,ERR,ERR,ERR,ERR,ERR,ERR,ERR,ERR,ERR,ERR,ERR,ERR,ERR,ERR,ERR,ERR,ERR,ERR,ERR,ERR,ERR,ERR,ERR,ERR,ERR,ERR,ERR,ERR,ERR,ERR,ERR,ERR,ERR,ERR,ERR,ERR,ERR,ERR,ERR,ERR,ERR,ERR,ERR,ERR,ERR,ERR,ERR,ERR,ERR,ERR,ERR,ERR,ERR,ERR,ERR,ERR,ERR,ERR,ERR,ERR,ERR,ERR,ERR,60.0,60.0,35,0.0,0.0,0.0,0.0,0.0,0.0,0.0,0.0,0.0,0.0,0.0,0.0,0.0,0.0,0.0,0.0,65.2,0,116,56,34,65476,0,300,0,0,8,20529,65476,0,0,2621,60.0,0.0,0.0,0.0,0.0,0.0
2026-07-09T15:52:18,ERR,ERR,ERR,ERR,ERR,ERR,ERR,ERR,ERR,ERR,ERR,ERR,ERR,ERR,ERR,ERR,ERR,ERR,ERR,ERR,ERR,ERR,ERR,ERR,ERR,ERR,ERR,ERR,ERR,ERR,ERR,ERR,ERR,ERR,ERR,ERR,ERR,ERR,ERR,ERR,ERR,ERR,ERR,ERR,ERR,ERR,ERR,ERR,ERR,ERR,ERR,ERR,ERR,ERR,ERR,ERR,ERR,ERR,ERR,ERR,ERR,ERR,ERR,ERR,ERR,ERR,ERR,ERR,ERR,ERR,ERR,ERR,ERR,ERR,ERR,ERR,ERR,ERR,ERR,ERR,ERR,ERR,ERR,ERR,ERR,ERR,ERR,ERR,ERR,ERR,ERR,ERR,ERR,ERR,ERR,ERR,ERR,ERR,ERR,ERR,ERR,ERR,ERR,ERR,ERR,ERR,ERR,ERR,ERR,ERR,ERR,ERR,ERR,ERR,ERR,ERR,ERR,ERR,ERR,ERR,ERR,ERR,ERR,ERR,ERR,0.0,0.0,0.0,0.0,2152208128.0,2.037504697421515e+37,2238167908352.0,-0.0,0,0,4,17306,7116,0.0,100,0.0,0.0,0.0,0.0,0.0,0,0,0,0,0.0,0,0,0,0,0,0,0,0,0,0,0,0,0,0,0,0,0,0,0,0,0,0,0,0,0,0,0,0,0,0,0,0,0,31,40,40,71,65476,0,300,0,0,8,21553,0.0,-107605600.0,0.0,0.0,0.0,0.0,0.0,0.0,0.0,0.0,0.0,0.0,0.0,0.0,0.0,0.0,0.0,0.0,0.0,0.0,0.0,0.0,-0.0,0.0,0.0,0.0,0.0,0.0,0.0,0.0,5416.0,0.0,6915.0,0.0,0.0,2.004,2.004,0.0,0.0,0.0,0.0,69,-0.0,4.066859702643652e+29,0.0,0.0,0.0,0.0,0.0,0.0,0.0,0,0,0,0.0,0.0,0.0,0.0,0.0,0.0,0.0,0.0,0.0,0.0,0.0,0.0,0.0,0.0,0.0,0.0,0,-107875648.0,69,0.0,138,0.0,2.012,ERR,ERR,ERR,ERR,ERR,ERR,ERR,ERR,ERR,ERR,ERR,ERR,ERR,ERR,ERR,ERR,ERR,ERR,ERR,ERR,ERR,ERR,ERR,ERR,ERR,ERR,ERR,ERR,ERR,ERR,ERR,ERR,ERR,ERR,ERR,ERR,ERR,ERR,ERR,ERR,ERR,ERR,ERR,ERR,ERR,ERR,ERR,ERR,ERR,ERR,ERR,ERR,ERR,ERR,ERR,ERR,ERR,ERR,ERR,ERR,ERR,ERR,ERR,ERR,ERR,ERR,ERR,60.0,60.0,35,0.0,0.0,0.0,0.0,0.0,0.0,0.0,0.0,0.0,0.0,0.0,0.0,0.0,0.0,0.0,0.0,65.2,0,116,56,34,65476,0,300,0,0,8,20529,65476,0,0,2621,60.0,0.0,0.0,0.0,0.0,0.0
2026-07-09T15:52:19,ERR,ERR,ERR,ERR,ERR,ERR,ERR,ERR,ERR,ERR,ERR,ERR,ERR,ERR,ERR,ERR,ERR,ERR,ERR,ERR,ERR,ERR,ERR,ERR,ERR,ERR,ERR,ERR,ERR,ERR,ERR,ERR,ERR,ERR,ERR,ERR,ERR,ERR,ERR,ERR,ERR,ERR,ERR,ERR,ERR,ERR,ERR,ERR,ERR,ERR,ERR,ERR,ERR,ERR,ERR,ERR,ERR,ERR,ERR,ERR,ERR,ERR,ERR,ERR,ERR,ERR,ERR,ERR,ERR,ERR,ERR,ERR,ERR,ERR,ERR,ERR,ERR,ERR,ERR,ERR,ERR,ERR,ERR,ERR,ERR,ERR,ERR,ERR,ERR,ERR,ERR,ERR,ERR,ERR,ERR,ERR,ERR,ERR,ERR,ERR,ERR,ERR,ERR,ERR,ERR,ERR,ERR,ERR,ERR,ERR,ERR,ERR,ERR,ERR,ERR,ERR,ERR,ERR,ERR,ERR,ERR,ERR,ERR,ERR,ERR,0.0,0.0,0.0,0.0,2152208128.0,2.037504697421515e+37,2238167908352.0,-0.0,0,0,4,17306,7116,0.0,100,0.0,0.0,0.0,0.0,0.0,0,0,0,0,0.0,0,0,0,0,0,0,0,0,0,0,0,0,0,0,0,0,0,0,0,0,0,0,0,0,0,0,0,0,0,0,0,0,0,31,40,40,71,65476,0,300,0,0,8,21553,0.0,-107605600.0,0.0,0.0,0.0,0.0,0.0,0.0,0.0,0.0,0.0,0.0,0.0,0.0,0.0,0.0,0.0,0.0,0.0,0.0,0.0,0.0,-0.0,0.0,0.0,0.0,0.0,0.0,0.0,0.0,5416.0,0.0,6915.0,0.0,0.0,2.004,2.004,0.0,0.0,0.0,0.0,69,-0.0,4.066859702643652e+29,0.0,0.0,0.0,0.0,0.0,0.0,0.0,0,0,0,0.0,0.0,0.0,0.0,0.0,0.0,0.0,0.0,0.0,0.0,0.0,0.0,0.0,0.0,0.0,0.0,0,-107875648.0,69,0.0,138,0.0,2.012,ERR,ERR,ERR,ERR,ERR,ERR,ERR,ERR,ERR,ERR,ERR,ERR,ERR,ERR,ERR,ERR,ERR,ERR,ERR,ERR,ERR,ERR,ERR,ERR,ERR,ERR,ERR,ERR,ERR,ERR,ERR,ERR,ERR,ERR,ERR,ERR,ERR,ERR,ERR,ERR,ERR,ERR,ERR,ERR,ERR,ERR,ERR,ERR,ERR,ERR,ERR,ERR,ERR,ERR,ERR,ERR,ERR,ERR,ERR,ERR,ERR,ERR,ERR,ERR,ERR,ERR,ERR,60.0,60.0,35,0.0,0.0,0.0,0.0,0.0,0.0,0.0,0.0,0.0,0.0,0.0,0.0,0.0,0.0,0.0,0.0,65.2,0,116,56,34,65476,0,300,0,0,8,20529,65476,0,0,2621,60.0,0.0,0.0,0.0,0.0,0.0
2026-07-09T15:52:20,ERR,ERR,ERR,ERR,ERR,ERR,ERR,ERR,ERR,ERR,ERR,ERR,ERR,ERR,ERR,ERR,ERR,ERR,ERR,ERR,ERR,ERR,ERR,ERR,ERR,ERR,ERR,ERR,ERR,ERR,ERR,ERR,ERR,ERR,ERR,ERR,ERR,ERR,ERR,ERR,ERR,ERR,ERR,ERR,ERR,ERR,ERR,ERR,ERR,ERR,ERR,ERR,ERR,ERR,ERR,ERR,ERR,ERR,ERR,ERR,ERR,ERR,ERR,ERR,ERR,ERR,ERR,ERR,ERR,ERR,ERR,ERR,ERR,ERR,ERR,ERR,ERR,ERR,ERR,ERR,ERR,ERR,ERR,ERR,ERR,ERR,ERR,ERR,ERR,ERR,ERR,ERR,ERR,ERR,ERR,ERR,ERR,ERR,ERR,ERR,ERR,ERR,ERR,ERR,ERR,ERR,ERR,ERR,ERR,ERR,ERR,ERR,ERR,ERR,ERR,ERR,ERR,ERR,ERR,ERR,ERR,ERR,ERR,ERR,ERR,0.0,-107615968.0,2.7302236872842792e+23,0.0,-0.0,1902639.25,4.827708376463427e+37,0.0,0,0,4,17308,7116,0.0,100,0.0,0.0,0.0,0.0,0.0,0,0,0,0,0.0,0,0,0,0,0,0,0,0,0,0,0,0,0,0,0,0,0,0,0,0,0,0,0,0,0,0,0,0,0,0,0,0,0,31,40,40,71,65476,0,300,0,0,8,21553,0.0,-107605600.0,0.0,0.0,0.0,0.0,0.0,0.0,0.0,0.0,0.0,0.0,0.0,0.0,0.0,0.0,0.0,0.0,0.0,0.0,0.0,0.0,-0.0,0.0,0.0,0.0,0.0,0.0,0.0,0.0,5421.0,3.697191851085162e+19,6924.0,0.0,-107615968.0,2.004,2.004,0.0,0.0,0.0,0.0,69,0.0,-107614912.0,0.0,0.0,0.0,0.0,0.0,0.0,0.0,0,0,0,0.0,0.0,0.0,0.0,0.0,0.0,0.0,0.0,0.0,0.0,0.0,0.0,0.0,0.0,0.0,0.0,0,-107875648.0,69,0.0,138,0.0,2.012,ERR,ERR,ERR,ERR,ERR,ERR,ERR,ERR,ERR,ERR,ERR,ERR,ERR,ERR,ERR,ERR,ERR,ERR,ERR,ERR,ERR,ERR,ERR,ERR,ERR,ERR,ERR,ERR,ERR,ERR,ERR,ERR,ERR,ERR,ERR,ERR,ERR,ERR,ERR,ERR,ERR,ERR,ERR,ERR,ERR,ERR,ERR,ERR,ERR,ERR,ERR,ERR,ERR,ERR,ERR,ERR,ERR,ERR,ERR,ERR,ERR,ERR,ERR,ERR,ERR,ERR,ERR,60.0,60.0,35,0.0,0.0,0.0,0.0,0.0,0.0,0.0,0.0,0.0,0.0,0.0,0.0,0.0,0.0,0.0,0.0,65.2,0,116,56,34,65476,0,300,0,0,8,20529,65476,0,0,2621,60.0,0.0,0.0,0.0,0.0,0.0
2026-07-09T15:52:21,ERR,ERR,ERR,ERR,ERR,ERR,ERR,ERR,ERR,ERR,ERR,ERR,ERR,ERR,ERR,ERR,ERR,ERR,ERR,ERR,ERR,ERR,ERR,ERR,ERR,ERR,ERR,ERR,ERR,ERR,ERR,ERR,ERR,ERR,ERR,ERR,ERR,ERR,ERR,ERR,ERR,ERR,ERR,ERR,ERR,ERR,ERR,ERR,ERR,ERR,ERR,ERR,ERR,ERR,ERR,ERR,ERR,ERR,ERR,ERR,ERR,ERR,ERR,ERR,ERR,ERR,ERR,ERR,ERR,ERR,ERR,ERR,ERR,ERR,ERR,ERR,ERR,ERR,ERR,ERR,ERR,ERR,ERR,ERR,ERR,ERR,ERR,ERR,ERR,ERR,ERR,ERR,ERR,ERR,ERR,ERR,ERR,ERR,ERR,ERR,ERR,ERR,ERR,ERR,ERR,ERR,ERR,ERR,ERR,ERR,ERR,ERR,ERR,ERR,ERR,ERR,ERR,ERR,ERR,ERR,ERR,ERR,ERR,ERR,ERR,0.0,-107615968.0,2.7302236872842792e+23,0.0,-0.0,1902639.25,4.827708376463427e+37,0.0,0,0,4,17308,7116,0.0,100,0.0,0.0,0.0,0.0,0.0,0,0,0,0,0.0,0,0,0,0,0,0,0,0,0,0,0,0,0,0,0,0,0,0,0,0,0,0,0,0,0,0,0,0,0,0,0,0,0,31,40,40,71,65476,0,300,0,0,8,21553,0.0,-107605600.0,0.0,0.0,0.0,0.0,0.0,0.0,0.0,0.0,0.0,0.0,0.0,0.0,0.0,0.0,0.0,0.0,0.0,0.0,0.0,0.0,-0.0,0.0,0.0,0.0,0.0,0.0,0.0,0.0,5421.0,3.697191851085162e+19,6924.0,0.0,-107615968.0,2.004,2.004,0.0,0.0,0.0,0.0,69,0.0,-107614912.0,0.0,0.0,0.0,0.0,0.0,0.0,0.0,0,0,0,0.0,0.0,0.0,0.0,0.0,0.0,0.0,0.0,0.0,0.0,0.0,0.0,0.0,0.0,0.0,0.0,0,-107875648.0,69,0.0,138,0.0,2.012,ERR,ERR,ERR,ERR,ERR,ERR,ERR,ERR,ERR,ERR,ERR,ERR,ERR,ERR,ERR,ERR,ERR,ERR,ERR,ERR,ERR,ERR,ERR,ERR,ERR,ERR,ERR,ERR,ERR,ERR,ERR,ERR,ERR,ERR,ERR,ERR,ERR,ERR,ERR,ERR,ERR,ERR,ERR,ERR,ERR,ERR,ERR,ERR,ERR,ERR,ERR,ERR,ERR,ERR,ERR,ERR,ERR,ERR,ERR,ERR,ERR,ERR,ERR,ERR,ERR,ERR,ERR,60.0,60.0,35,0.0,0.0,0.0,0.0,0.0,0.0,0.0,0.0,0.0,0.0,0.0,0.0,0.0,0.0,0.0,0.0,65.2,0,116,56,34,65476,0,300,0,0,8,20529,65476,0,0,2621,60.0,0.0,0.0,0.0,0.0,0.0
2026-07-09T15:52:22,ERR,ERR,ERR,ERR,ERR,ERR,ERR,ERR,ERR,ERR,ERR,ERR,ERR,ERR,ERR,ERR,ERR,ERR,ERR,ERR,ERR,ERR,ERR,ERR,ERR,ERR,ERR,ERR,ERR,ERR,ERR,ERR,ERR,ERR,ERR,ERR,ERR,ERR,ERR,ERR,ERR,ERR,ERR,ERR,ERR,ERR,ERR,ERR,ERR,ERR,ERR,ERR,ERR,ERR,ERR,ERR,ERR,ERR,ERR,ERR,ERR,ERR,ERR,ERR,ERR,ERR,ERR,ERR,ERR,ERR,ERR,ERR,ERR,ERR,ERR,ERR,ERR,ERR,ERR,ERR,ERR,ERR,ERR,ERR,ERR,ERR,ERR,ERR,ERR,ERR,ERR,ERR,ERR,ERR,ERR,ERR,ERR,ERR,ERR,ERR,ERR,ERR,ERR,ERR,ERR,ERR,ERR,ERR,ERR,ERR,ERR,ERR,ERR,ERR,ERR,ERR,ERR,ERR,ERR,ERR,ERR,ERR,ERR,ERR,ERR,0.0,-107615968.0,2.7302236872842792e+23,0.0,-0.0,1902639.25,4.827708376463427e+37,0.0,0,0,4,17308,7116,0.0,100,0.0,0.0,0.0,0.0,0.0,0,0,0,0,0.0,0,0,0,0,0,0,0,0,0,0,0,0,0,0,0,0,0,0,0,0,0,0,0,0,0,0,0,0,0,0,0,0,0,31,40,40,71,65476,0,300,0,0,8,21553,0.0,-107605600.0,0.0,0.0,0.0,0.0,0.0,0.0,0.0,0.0,0.0,0.0,0.0,0.0,0.0,0.0,0.0,0.0,0.0,0.0,0.0,0.0,-0.0,0.0,0.0,0.0,0.0,0.0,0.0,0.0,5421.0,3.697191851085162e+19,6924.0,0.0,-107615968.0,2.004,2.004,0.0,0.0,0.0,0.0,69,0.0,-107614912.0,0.0,0.0,0.0,0.0,0.0,0.0,0.0,0,0,0,0.0,0.0,0.0,0.0,0.0,0.0,0.0,0.0,0.0,0.0,0.0,0.0,0.0,0.0,0.0,0.0,0,-107875648.0,69,0.0,138,0.0,2.012,ERR,ERR,ERR,ERR,ERR,ERR,ERR,ERR,ERR,ERR,ERR,ERR,ERR,ERR,ERR,ERR,ERR,ERR,ERR,ERR,ERR,ERR,ERR,ERR,ERR,ERR,ERR,ERR,ERR,ERR,ERR,ERR,ERR,ERR,ERR,ERR,ERR,ERR,ERR,ERR,ERR,ERR,ERR,ERR,ERR,ERR,ERR,ERR,ERR,ERR,ERR,ERR,ERR,ERR,ERR,ERR,ERR,ERR,ERR,ERR,ERR,ERR,ERR,ERR,ERR,ERR,ERR,60.0,60.0,35,0.0,0.0,0.0,0.0,0.0,0.0,0.0,0.0,0.0,0.0,0.0,0.0,0.0,0.0,0.0,0.0,65.2,0,116,56,34,65476,0,300,0,0,8,20529,65476,0,0,2621,60.0,0.0,0.0,0.0,0.0,0.0
2026-07-09T15:52:23,ERR,ERR,ERR,ERR,ERR,ERR,ERR,ERR,ERR,ERR,ERR,ERR,ERR,ERR,ERR,ERR,ERR,ERR,ERR,ERR,ERR,ERR,ERR,ERR,ERR,ERR,ERR,ERR,ERR,ERR,ERR,ERR,ERR,ERR,ERR,ERR,ERR,ERR,ERR,ERR,ERR,ERR,ERR,ERR,ERR,ERR,ERR,ERR,ERR,ERR,ERR,ERR,ERR,ERR,ERR,ERR,ERR,ERR,ERR,ERR,ERR,ERR,ERR,ERR,ERR,ERR,ERR,ERR,ERR,ERR,ERR,ERR,ERR,ERR,ERR,ERR,ERR,ERR,ERR,ERR,ERR,ERR,ERR,ERR,ERR,ERR,ERR,ERR,ERR,ERR,ERR,ERR,ERR,ERR,ERR,ERR,ERR,ERR,ERR,ERR,ERR,ERR,ERR,ERR,ERR,ERR,ERR,ERR,ERR,ERR,ERR,ERR,ERR,ERR,ERR,ERR,ERR,ERR,ERR,ERR,ERR,ERR,ERR,ERR,ERR,0.0,-107615968.0,2.7302236872842792e+23,0.0,-0.0,1902639.25,4.827708376463427e+37,0.0,0,0,4,17308,7116,0.0,100,0.0,0.0,0.0,0.0,0.0,0,0,0,0,0.0,0,0,0,0,0,0,0,0,0,0,0,0,0,0,0,0,0,0,0,0,0,0,0,0,0,0,0,0,0,0,0,0,0,31,40,40,71,65476,0,300,0,0,8,21553,0.0,-107605600.0,0.0,0.0,0.0,0.0,0.0,0.0,0.0,0.0,0.0,0.0,0.0,0.0,0.0,0.0,0.0,0.0,0.0,0.0,0.0,0.0,-0.0,0.0,0.0,0.0,0.0,0.0,0.0,0.0,5421.0,3.697191851085162e+19,6924.0,0.0,-107615968.0,2.004,2.004,0.0,0.0,0.0,0.0,69,0.0,-107614912.0,0.0,0.0,0.0,0.0,0.0,0.0,0.0,0,0,0,0.0,0.0,0.0,0.0,0.0,0.0,0.0,0.0,0.0,0.0,0.0,0.0,0.0,0.0,0.0,0.0,0,-107875648.0,69,0.0,138,0.0,2.012,ERR,ERR,ERR,ERR,ERR,ERR,ERR,ERR,ERR,ERR,ERR,ERR,ERR,ERR,ERR,ERR,ERR,ERR,ERR,ERR,ERR,ERR,ERR,ERR,ERR,ERR,ERR,ERR,ERR,ERR,ERR,ERR,ERR,ERR,ERR,ERR,ERR,ERR,ERR,ERR,ERR,ERR,ERR,ERR,ERR,ERR,ERR,ERR,ERR,ERR,ERR,ERR,ERR,ERR,ERR,ERR,ERR,ERR,ERR,ERR,ERR,ERR,ERR,ERR,ERR,ERR,ERR,60.0,60.0,35,0.0,0.0,0.0,0.0,0.0,0.0,0.0,0.0,0.0,0.0,0.0,0.0,0.0,0.0,0.0,0.0,65.2,0,116,56,34,65476,0,300,0,0,8,20529,65476,0,0,2621,60.0,0.0,0.0,0.0,0.0,0.0
2026-07-09T15:52:24,ERR,ERR,ERR,ERR,ERR,ERR,ERR,ERR,ERR,ERR,ERR,ERR,ERR,ERR,ERR,ERR,ERR,ERR,ERR,ERR,ERR,ERR,ERR,ERR,ERR,ERR,ERR,ERR,ERR,ERR,ERR,ERR,ERR,ERR,ERR,ERR,ERR,ERR,ERR,ERR,ERR,ERR,ERR,ERR,ERR,ERR,ERR,ERR,ERR,ERR,ERR,ERR,ERR,ERR,ERR,ERR,ERR,ERR,ERR,ERR,ERR,ERR,ERR,ERR,ERR,ERR,ERR,ERR,ERR,ERR,ERR,ERR,ERR,ERR,ERR,ERR,ERR,ERR,ERR,ERR,ERR,ERR,ERR,ERR,ERR,ERR,ERR,ERR,ERR,ERR,ERR,ERR,ERR,ERR,ERR,ERR,ERR,ERR,ERR,ERR,ERR,ERR,ERR,ERR,ERR,ERR,ERR,ERR,ERR,ERR,ERR,ERR,ERR,ERR,ERR,ERR,ERR,ERR,ERR,ERR,ERR,ERR,ERR,ERR,ERR,0.0,-107615968.0,2.7302236872842792e+23,0.0,-0.0,1902639.25,4.827708376463427e+37,0.0,0,0,4,17308,7116,0.0,100,0.0,0.0,0.0,0.0,0.0,0,0,0,0,0.0,0,0,0,0,0,0,0,0,0,0,0,0,0,0,0,0,0,0,0,0,0,0,0,0,0,0,0,0,0,0,0,0,0,31,40,40,71,65476,0,300,0,0,8,21553,0.0,-107605600.0,0.0,0.0,0.0,0.0,0.0,0.0,0.0,0.0,0.0,0.0,0.0,0.0,0.0,0.0,0.0,0.0,0.0,0.0,0.0,0.0,-0.0,0.0,0.0,0.0,0.0,0.0,0.0,0.0,5421.0,3.697191851085162e+19,6924.0,0.0,-107615968.0,2.004,2.004,0.0,0.0,0.0,0.0,69,0.0,-107614912.0,0.0,0.0,0.0,0.0,0.0,0.0,0.0,0,0,0,0.0,0.0,0.0,0.0,0.0,0.0,0.0,0.0,0.0,0.0,0.0,0.0,0.0,0.0,0.0,0.0,0,-107875648.0,69,0.0,138,0.0,2.012,ERR,ERR,ERR,ERR,ERR,ERR,ERR,ERR,ERR,ERR,ERR,ERR,ERR,ERR,ERR,ERR,ERR,ERR,ERR,ERR,ERR,ERR,ERR,ERR,ERR,ERR,ERR,ERR,ERR,ERR,ERR,ERR,ERR,ERR,ERR,ERR,ERR,ERR,ERR,ERR,ERR,ERR,ERR,ERR,ERR,ERR,ERR,ERR,ERR,ERR,ERR,ERR,ERR,ERR,ERR,ERR,ERR,ERR,ERR,ERR,ERR,ERR,ERR,ERR,ERR,ERR,ERR,60.0,60.0,35,0.0,0.0,0.0,0.0,0.0,0.0,0.0,0.0,0.0,0.0,0.0,0.0,0.0,0.0,0.0,0.0,65.2,0,116,56,34,65476,0,300,0,0,8,20529,65476,0,0,2621,60.0,0.0,0.0,0.0,0.0,0.0
2026-07-09T15:52:25,ERR,ERR,ERR,ERR,ERR,ERR,ERR,ERR,ERR,ERR,ERR,ERR,ERR,ERR,ERR,ERR,ERR,ERR,ERR,ERR,ERR,ERR,ERR,ERR,ERR,ERR,ERR,ERR,ERR,ERR,ERR,ERR,ERR,ERR,ERR,ERR,ERR,ERR,ERR,ERR,ERR,ERR,ERR,ERR,ERR,ERR,ERR,ERR,ERR,ERR,ERR,ERR,ERR,ERR,ERR,ERR,ERR,ERR,ERR,ERR,ERR,ERR,ERR,ERR,ERR,ERR,ERR,ERR,ERR,ERR,ERR,ERR,ERR,ERR,ERR,ERR,ERR,ERR,ERR,ERR,ERR,ERR,ERR,ERR,ERR,ERR,ERR,ERR,ERR,ERR,ERR,ERR,ERR,ERR,ERR,ERR,ERR,ERR,ERR,ERR,ERR,ERR,ERR,ERR,ERR,ERR,ERR,ERR,ERR,ERR,ERR,ERR,ERR,ERR,ERR,ERR,ERR,ERR,ERR,ERR,ERR,ERR,ERR,ERR,ERR,-0.0,-107615968.0,0.0,2.7183478752108883e+23,-2.9431966506038172e+20,0.0,-0.0,0.0,0,0,4,17307,7116,0.0,100,0.0,0.0,2.7183478752108883e+23,0.0,0.0,0,0,0,0,0.0,0,0,0,0,0,0,0,0,0,0,0,0,0,0,0,0,0,0,0,0,0,0,0,0,0,0,0,0,0,0,0,0,0,31,40,40,71,65476,0,300,0,0,8,21553,0.0,-107605600.0,0.0,0.0,0.0,0.0,0.0,0.0,0.0,0.0,0.0,0.0,0.0,0.0,0.0,0.0,0.0,0.0,0.0,0.0,0.0,0.0,-2.004,-3.697065187345642e+19,0.0,0.0,0.0,0.0,0.0,0.0,5420.0,-2.004,6936.0,-0.0,-0.0,2.004,2.004,0.0,0.0,0.0,0.0,69,-4.950406160223553e+32,89220.695,0.0,0.0,0.0,0.0,0.0,0.0,0.0,0,0,0,0.0,0.0,0.0,0.0,0.0,0.0,0.0,0.0,0.0,0.0,0.0,0.0,0.0,0.0,0.0,0.0,0,-107875648.0,69,0.0,138,0.0,2.012,ERR,ERR,ERR,ERR,ERR,ERR,ERR,ERR,ERR,ERR,ERR,ERR,ERR,ERR,ERR,ERR,ERR,ERR,ERR,ERR,ERR,ERR,ERR,ERR,ERR,ERR,ERR,ERR,ERR,ERR,ERR,ERR,ERR,ERR,ERR,ERR,ERR,ERR,ERR,ERR,ERR,ERR,ERR,ERR,ERR,ERR,ERR,ERR,ERR,ERR,ERR,ERR,ERR,ERR,ERR,ERR,ERR,ERR,ERR,ERR,ERR,ERR,ERR,ERR,ERR,ERR,ERR,60.0,60.0,35,0.0,0.0,0.0,0.0,0.0,0.0,0.0,0.0,0.0,0.0,0.0,0.0,0.0,0.0,0.0,0.0,65.2,0,116,56,34,65476,0,300,0,0,8,20529,65476,0,0,2621,60.0,0.0,0.0,0.0,0.0,0.0
2026-07-09T15:52:26,ERR,ERR,ERR,ERR,ERR,ERR,ERR,ERR,ERR,ERR,ERR,ERR,ERR,ERR,ERR,ERR,ERR,ERR,ERR,ERR,ERR,ERR,ERR,ERR,ERR,ERR,ERR,ERR,ERR,ERR,ERR,ERR,ERR,ERR,ERR,ERR,ERR,ERR,ERR,ERR,ERR,ERR,ERR,ERR,ERR,ERR,ERR,ERR,ERR,ERR,ERR,ERR,ERR,ERR,ERR,ERR,ERR,ERR,ERR,ERR,ERR,ERR,ERR,ERR,ERR,ERR,ERR,ERR,ERR,ERR,ERR,ERR,ERR,ERR,ERR,ERR,ERR,ERR,ERR,ERR,ERR,ERR,ERR,ERR,ERR,ERR,ERR,ERR,ERR,ERR,ERR,ERR,ERR,ERR,ERR,ERR,ERR,ERR,ERR,ERR,ERR,ERR,ERR,ERR,ERR,ERR,ERR,ERR,ERR,ERR,ERR,ERR,ERR,ERR,ERR,ERR,ERR,ERR,ERR,ERR,ERR,ERR,ERR,ERR,ERR,-0.0,-107615968.0,0.0,2.7183478752108883e+23,-2.9431966506038172e+20,0.0,-0.0,0.0,0,0,4,17307,7116,0.0,100,0.0,0.0,2.7183478752108883e+23,0.0,0.0,0,0,0,0,0.0,0,0,0,0,0,0,0,0,0,0,0,0,0,0,0,0,0,0,0,0,0,0,0,0,0,0,0,0,0,0,0,0,0,31,40,40,71,65476,0,300,0,0,8,21553,0.0,-107605600.0,0.0,0.0,0.0,0.0,0.0,0.0,0.0,0.0,0.0,0.0,0.0,0.0,0.0,0.0,0.0,0.0,0.0,0.0,0.0,0.0,-2.004,-3.697065187345642e+19,0.0,0.0,0.0,0.0,0.0,0.0,5420.0,-2.004,6936.0,-0.0,-0.0,2.004,2.004,0.0,0.0,0.0,0.0,69,-4.950406160223553e+32,89220.695,0.0,0.0,0.0,0.0,0.0,0.0,0.0,0,0,0,0.0,0.0,0.0,0.0,0.0,0.0,0.0,0.0,0.0,0.0,0.0,0.0,0.0,0.0,0.0,0.0,0,-107875648.0,69,0.0,138,0.0,2.012,ERR,ERR,ERR,ERR,ERR,ERR,ERR,ERR,ERR,ERR,ERR,ERR,ERR,ERR,ERR,ERR,ERR,ERR,ERR,ERR,ERR,ERR,ERR,ERR,ERR,ERR,ERR,ERR,ERR,ERR,ERR,ERR,ERR,ERR,ERR,ERR,ERR,ERR,ERR,ERR,ERR,ERR,ERR,ERR,ERR,ERR,ERR,ERR,ERR,ERR,ERR,ERR,ERR,ERR,ERR,ERR,ERR,ERR,ERR,ERR,ERR,ERR,ERR,ERR,ERR,ERR,ERR,60.0,60.0,35,0.0,0.0,0.0,0.0,0.0,0.0,0.0,0.0,0.0,0.0,0.0,0.0,0.0,0.0,0.0,0.0,65.6,0,116,56,34,65476,0,300,0,0,8,20529,65476,0,0,2621,60.0,0.0,0.0,0.0,0.0,0.0
2026-07-09T15:52:27,ERR,ERR,ERR,ERR,ERR,ERR,ERR,ERR,ERR,ERR,ERR,ERR,ERR,ERR,ERR,ERR,ERR,ERR,ERR,ERR,ERR,ERR,ERR,ERR,ERR,ERR,ERR,ERR,ERR,ERR,ERR,ERR,ERR,ERR,ERR,ERR,ERR,ERR,ERR,ERR,ERR,ERR,ERR,ERR,ERR,ERR,ERR,ERR,ERR,ERR,ERR,ERR,ERR,ERR,ERR,ERR,ERR,ERR,ERR,ERR,ERR,ERR,ERR,ERR,ERR,ERR,ERR,ERR,ERR,ERR,ERR,ERR,ERR,ERR,ERR,ERR,ERR,ERR,ERR,ERR,ERR,ERR,ERR,ERR,ERR,ERR,ERR,ERR,ERR,ERR,ERR,ERR,ERR,ERR,ERR,ERR,ERR,ERR,ERR,ERR,ERR,ERR,ERR,ERR,ERR,ERR,ERR,ERR,ERR,ERR,ERR,ERR,ERR,ERR,ERR,ERR,ERR,ERR,ERR,ERR,ERR,ERR,ERR,ERR,ERR,-0.0,-107615968.0,0.0,2.7183478752108883e+23,-2.9431966506038172e+20,0.0,-0.0,0.0,0,0,4,17307,7116,0.0,100,0.0,0.0,2.7183478752108883e+23,0.0,0.0,0,0,0,0,0.0,0,0,0,0,0,0,0,0,0,0,0,0,0,0,0,0,0,0,0,0,0,0,0,0,0,0,0,0,0,0,0,0,0,31,40,40,71,65476,0,300,0,0,8,21553,0.0,-107605600.0,0.0,0.0,0.0,0.0,0.0,0.0,0.0,0.0,0.0,0.0,0.0,0.0,0.0,0.0,0.0,0.0,0.0,0.0,0.0,0.0,-2.004,-3.697065187345642e+19,0.0,0.0,0.0,0.0,0.0,0.0,5420.0,-2.004,6936.0,-0.0,-0.0,2.004,2.004,0.0,0.0,0.0,0.0,69,-4.950406160223553e+32,89220.695,0.0,0.0,0.0,0.0,0.0,0.0,0.0,0,0,0,0.0,0.0,0.0,0.0,0.0,0.0,0.0,0.0,0.0,0.0,0.0,0.0,0.0,0.0,0.0,0.0,0,-107875648.0,69,0.0,138,0.0,2.012,ERR,ERR,ERR,ERR,ERR,ERR,ERR,ERR,ERR,ERR,ERR,ERR,ERR,ERR,ERR,ERR,ERR,ERR,ERR,ERR,ERR,ERR,ERR,ERR,ERR,ERR,ERR,ERR,ERR,ERR,ERR,ERR,ERR,ERR,ERR,ERR,ERR,ERR,ERR,ERR,ERR,ERR,ERR,ERR,ERR,ERR,ERR,ERR,ERR,ERR,ERR,ERR,ERR,ERR,ERR,ERR,ERR,ERR,ERR,ERR,ERR,ERR,ERR,ERR,ERR,ERR,ERR,60.0,60.0,35,0.0,0.0,0.0,0.0,0.0,0.0,0.0,0.0,0.0,0.0,0.0,0.0,0.0,0.0,0.0,0.0,65.6,0,116,56,34,65476,0,300,0,0,8,20529,65476,0,0,2621,60.0,0.0,0.0,0.0,0.0,0.0
2026-07-09T15:52:28,ERR,ERR,ERR,ERR,ERR,ERR,ERR,ERR,ERR,ERR,ERR,ERR,ERR,ERR,ERR,ERR,ERR,ERR,ERR,ERR,ERR,ERR,ERR,ERR,ERR,ERR,ERR,ERR,ERR,ERR,ERR,ERR,ERR,ERR,ERR,ERR,ERR,ERR,ERR,ERR,ERR,ERR,ERR,ERR,ERR,ERR,ERR,ERR,ERR,ERR,ERR,ERR,ERR,ERR,ERR,ERR,ERR,ERR,ERR,ERR,ERR,ERR,ERR,ERR,ERR,ERR,ERR,ERR,ERR,ERR,ERR,ERR,ERR,ERR,ERR,ERR,ERR,ERR,ERR,ERR,ERR,ERR,ERR,ERR,ERR,ERR,ERR,ERR,ERR,ERR,ERR,ERR,ERR,ERR,ERR,ERR,ERR,ERR,ERR,ERR,ERR,ERR,ERR,ERR,ERR,ERR,ERR,ERR,ERR,ERR,ERR,ERR,ERR,ERR,ERR,ERR,ERR,ERR,ERR,ERR,ERR,ERR,ERR,ERR,ERR,-0.0,-107615968.0,0.0,2.7183478752108883e+23,-2.9431966506038172e+20,0.0,-0.0,0.0,0,0,4,17307,7116,0.0,100,0.0,0.0,2.7183478752108883e+23,0.0,0.0,0,0,0,0,0.0,0,0,0,0,0,0,0,0,0,0,0,0,0,0,0,0,0,0,0,0,0,0,0,0,0,0,0,0,0,0,0,0,0,31,40,40,71,65476,0,300,0,0,8,21553,0.0,-107605600.0,0.0,0.0,0.0,0.0,0.0,0.0,0.0,0.0,0.0,0.0,0.0,0.0,0.0,0.0,0.0,0.0,0.0,0.0,0.0,0.0,-2.004,-3.697065187345642e+19,0.0,0.0,0.0,0.0,0.0,0.0,5420.0,-2.004,6936.0,-0.0,-0.0,2.004,2.004,0.0,0.0,0.0,0.0,69,-4.950406160223553e+32,89220.695,0.0,0.0,0.0,0.0,0.0,0.0,0.0,0,0,0,0.0,0.0,0.0,0.0,0.0,0.0,0.0,0.0,0.0,0.0,0.0,0.0,0.0,0.0,0.0,0.0,0,-107875648.0,69,0.0,138,0.0,2.012,ERR,ERR,ERR,ERR,ERR,ERR,ERR,ERR,ERR,ERR,ERR,ERR,ERR,ERR,ERR,ERR,ERR,ERR,ERR,ERR,ERR,ERR,ERR,ERR,ERR,ERR,ERR,ERR,ERR,ERR,ERR,ERR,ERR,ERR,ERR,ERR,ERR,ERR,ERR,ERR,ERR,ERR,ERR,ERR,ERR,ERR,ERR,ERR,ERR,ERR,ERR,ERR,ERR,ERR,ERR,ERR,ERR,ERR,ERR,ERR,ERR,ERR,ERR,ERR,ERR,ERR,ERR,60.0,60.0,35,0.0,0.0,0.0,0.0,0.0,0.0,0.0,0.0,0.0,0.0,0.0,0.0,0.0,0.0,0.0,0.0,65.2,0,116,56,34,65476,0,300,0,0,8,20529,65476,0,0,2621,60.0,0.0,0.0,0.0,0.0,0.0
2026-07-09T15:52:29,ERR,ERR,ERR,ERR,ERR,ERR,ERR,ERR,ERR,ERR,ERR,ERR,ERR,ERR,ERR,ERR,ERR,ERR,ERR,ERR,ERR,ERR,ERR,ERR,ERR,ERR,ERR,ERR,ERR,ERR,ERR,ERR,ERR,ERR,ERR,ERR,ERR,ERR,ERR,ERR,ERR,ERR,ERR,ERR,ERR,ERR,ERR,ERR,ERR,ERR,ERR,ERR,ERR,ERR,ERR,ERR,ERR,ERR,ERR,ERR,ERR,ERR,ERR,ERR,ERR,ERR,ERR,ERR,ERR,ERR,ERR,ERR,ERR,ERR,ERR,ERR,ERR,ERR,ERR,ERR,ERR,ERR,ERR,ERR,ERR,ERR,ERR,ERR,ERR,ERR,ERR,ERR,ERR,ERR,ERR,ERR,ERR,ERR,ERR,ERR,ERR,ERR,ERR,ERR,ERR,ERR,ERR,ERR,ERR,ERR,ERR,ERR,ERR,ERR,ERR,ERR,ERR,ERR,ERR,ERR,ERR,ERR,ERR,ERR,ERR,-0.0,-107615968.0,0.0,2.7183478752108883e+23,-2.9431966506038172e+20,0.0,-0.0,0.0,0,0,4,17307,7116,0.0,100,0.0,0.0,2.7183478752108883e+23,0.0,0.0,0,0,0,0,0.0,0,0,0,0,0,0,0,0,0,0,0,0,0,0,0,0,0,0,0,0,0,0,0,0,0,0,0,0,0,0,0,0,0,31,40,40,71,65476,0,300,0,0,8,21553,0.0,-107605600.0,0.0,0.0,0.0,0.0,0.0,0.0,0.0,0.0,0.0,0.0,0.0,0.0,0.0,0.0,0.0,0.0,0.0,0.0,0.0,0.0,-2.004,-3.697065187345642e+19,0.0,0.0,0.0,0.0,0.0,0.0,5420.0,-2.004,6936.0,-0.0,-0.0,2.004,2.004,0.0,0.0,0.0,0.0,69,-4.950406160223553e+32,89220.695,0.0,0.0,0.0,0.0,0.0,0.0,0.0,0,0,0,0.0,0.0,0.0,0.0,0.0,0.0,0.0,0.0,0.0,0.0,0.0,0.0,0.0,0.0,0.0,0.0,0,-107875648.0,69,0.0,138,0.0,2.012,ERR,ERR,ERR,ERR,ERR,ERR,ERR,ERR,ERR,ERR,ERR,ERR,ERR,ERR,ERR,ERR,ERR,ERR,ERR,ERR,ERR,ERR,ERR,ERR,ERR,ERR,ERR,ERR,ERR,ERR,ERR,ERR,ERR,ERR,ERR,ERR,ERR,ERR,ERR,ERR,ERR,ERR,ERR,ERR,ERR,ERR,ERR,ERR,ERR,ERR,ERR,ERR,ERR,ERR,ERR,ERR,ERR,ERR,ERR,ERR,ERR,ERR,ERR,ERR,ERR,ERR,ERR,60.0,60.0,35,0.0,0.0,0.0,0.0,0.0,0.0,0.0,0.0,0.0,0.0,0.0,0.0,0.0,0.0,0.0,0.0,65.2,0,116,56,34,65476,0,300,0,0,8,20529,65476,0,0,2621,60.0,0.0,0.0,0.0,0.0,0.0
2026-07-09T15:52:30,ERR,ERR,ERR,ERR,ERR,ERR,ERR,ERR,ERR,ERR,ERR,ERR,ERR,ERR,ERR,ERR,ERR,ERR,ERR,ERR,ERR,ERR,ERR,ERR,ERR,ERR,ERR,ERR,ERR,ERR,ERR,ERR,ERR,ERR,ERR,ERR,ERR,ERR,ERR,ERR,ERR,ERR,ERR,ERR,ERR,ERR,ERR,ERR,ERR,ERR,ERR,ERR,ERR,ERR,ERR,ERR,ERR,ERR,ERR,ERR,ERR,ERR,ERR,ERR,ERR,ERR,ERR,ERR,ERR,ERR,ERR,ERR,ERR,ERR,ERR,ERR,ERR,ERR,ERR,ERR,ERR,ERR,ERR,ERR,ERR,ERR,ERR,ERR,ERR,ERR,ERR,ERR,ERR,ERR,ERR,ERR,ERR,ERR,ERR,ERR,ERR,ERR,ERR,ERR,ERR,ERR,ERR,ERR,ERR,ERR,ERR,ERR,ERR,ERR,ERR,ERR,ERR,ERR,ERR,ERR,ERR,ERR,ERR,ERR,ERR,0.0,0.0,2.718417410789135e+23,0.0,0.0,0.0,-4.813902916312207e+25,0.0,0,0,4,17306,7116,0.0,100,0.0,0.0,0.0,0.0,0.0,0,0,0,0,0.0,0,0,0,0,0,0,0,0,0,0,0,0,0,0,0,0,0,0,0,0,0,0,0,0,0,0,0,0,0,0,0,0,0,31,40,40,71,65476,0,300,0,0,8,21553,0.0,-107605600.0,0.0,0.0,0.0,0.0,0.0,0.0,0.0,0.0,0.0,0.0,0.0,0.0,0.0,0.0,0.0,0.0,0.0,0.0,0.0,0.0,0.0,3.697065187345642e+19,0.0,0.0,0.0,0.0,0.0,0.0,5422.0,-1.5879318087448473e+29,6942.0,0.0,-107615960.0,2.004,2.004,0.0,0.0,0.0,0.0,69,0.0,-0.0,0.0,0.0,0.0,0.0,0.0,0.0,0.0,0,0,0,0.0,0.0,0.0,0.0,0.0,0.0,0.0,0.0,0.0,0.0,0.0,0.0,0.0,0.0,0.0,0.0,0,-107875648.0,69,0.0,138,0.0,2.012,ERR,ERR,ERR,ERR,ERR,ERR,ERR,ERR,ERR,ERR,ERR,ERR,ERR,ERR,ERR,ERR,ERR,ERR,ERR,ERR,ERR,ERR,ERR,ERR,ERR,ERR,ERR,ERR,ERR,ERR,ERR,ERR,ERR,ERR,ERR,ERR,ERR,ERR,ERR,ERR,ERR,ERR,ERR,ERR,ERR,ERR,ERR,ERR,ERR,ERR,ERR,ERR,ERR,ERR,ERR,ERR,ERR,ERR,ERR,ERR,ERR,ERR,ERR,ERR,ERR,ERR,ERR,60.0,60.0,35,0.0,0.0,0.0,0.0,0.0,0.0,0.0,0.0,0.0,0.0,0.0,0.0,0.0,0.0,0.0,0.0,65.2,0,116,56,34,65476,0,300,0,0,8,20529,65476,0,0,2621,60.0,0.0,0.0,0.0,0.0,0.0
2026-07-09T15:52:31,ERR,ERR,ERR,ERR,ERR,ERR,ERR,ERR,ERR,ERR,ERR,ERR,ERR,ERR,ERR,ERR,ERR,ERR,ERR,ERR,ERR,ERR,ERR,ERR,ERR,ERR,ERR,ERR,ERR,ERR,ERR,ERR,ERR,ERR,ERR,ERR,ERR,ERR,ERR,ERR,ERR,ERR,ERR,ERR,ERR,ERR,ERR,ERR,ERR,ERR,ERR,ERR,ERR,ERR,ERR,ERR,ERR,ERR,ERR,ERR,ERR,ERR,ERR,ERR,ERR,ERR,ERR,ERR,ERR,ERR,ERR,ERR,ERR,ERR,ERR,ERR,ERR,ERR,ERR,ERR,ERR,ERR,ERR,ERR,ERR,ERR,ERR,ERR,ERR,ERR,ERR,ERR,ERR,ERR,ERR,ERR,ERR,ERR,ERR,ERR,ERR,ERR,ERR,ERR,ERR,ERR,ERR,ERR,ERR,ERR,ERR,ERR,ERR,ERR,ERR,ERR,ERR,ERR,ERR,ERR,ERR,ERR,ERR,ERR,ERR,0.0,0.0,2.718417410789135e+23,0.0,0.0,0.0,-4.813902916312207e+25,0.0,0,0,4,17306,7116,0.0,100,0.0,0.0,0.0,0.0,0.0,0,0,0,0,0.0,0,0,0,0,0,0,0,0,0,0,0,0,0,0,0,0,0,0,0,0,0,0,0,0,0,0,0,0,0,0,0,0,0,31,40,40,71,65476,0,300,0,0,8,21553,0.0,-107605600.0,0.0,0.0,0.0,0.0,0.0,0.0,0.0,0.0,0.0,0.0,0.0,0.0,0.0,0.0,0.0,0.0,0.0,0.0,0.0,0.0,0.0,3.697065187345642e+19,0.0,0.0,0.0,0.0,0.0,0.0,5422.0,-1.5879318087448473e+29,6942.0,0.0,-107615960.0,2.004,2.004,0.0,0.0,0.0,0.0,69,0.0,-0.0,0.0,0.0,0.0,0.0,0.0,0.0,0.0,0,0,0,0.0,0.0,0.0,0.0,0.0,0.0,0.0,0.0,0.0,0.0,0.0,0.0,0.0,0.0,0.0,0.0,0,-107875648.0,69,0.0,138,0.0,2.012,ERR,ERR,ERR,ERR,ERR,ERR,ERR,ERR,ERR,ERR,ERR,ERR,ERR,ERR,ERR,ERR,ERR,ERR,ERR,ERR,ERR,ERR,ERR,ERR,ERR,ERR,ERR,ERR,ERR,ERR,ERR,ERR,ERR,ERR,ERR,ERR,ERR,ERR,ERR,ERR,ERR,ERR,ERR,ERR,ERR,ERR,ERR,ERR,ERR,ERR,ERR,ERR,ERR,ERR,ERR,ERR,ERR,ERR,ERR,ERR,ERR,ERR,ERR,ERR,ERR,ERR,ERR,60.0,60.0,35,0.0,0.0,0.0,0.0,0.0,0.0,0.0,0.0,0.0,0.0,0.0,0.0,0.0,0.0,0.0,0.0,65.2,0,116,56,34,65476,0,300,0,0,8,20529,65476,0,0,2621,60.0,0.0,0.0,0.0,0.0,0.0
2026-07-09T15:52:32,ERR,ERR,ERR,ERR,ERR,ERR,ERR,ERR,ERR,ERR,ERR,ERR,ERR,ERR,ERR,ERR,ERR,ERR,ERR,ERR,ERR,ERR,ERR,ERR,ERR,ERR,ERR,ERR,ERR,ERR,ERR,ERR,ERR,ERR,ERR,ERR,ERR,ERR,ERR,ERR,ERR,ERR,ERR,ERR,ERR,ERR,ERR,ERR,ERR,ERR,ERR,ERR,ERR,ERR,ERR,ERR,ERR,ERR,ERR,ERR,ERR,ERR,ERR,ERR,ERR,ERR,ERR,ERR,ERR,ERR,ERR,ERR,ERR,ERR,ERR,ERR,ERR,ERR,ERR,ERR,ERR,ERR,ERR,ERR,ERR,ERR,ERR,ERR,ERR,ERR,ERR,ERR,ERR,ERR,ERR,ERR,ERR,ERR,ERR,ERR,ERR,ERR,ERR,ERR,ERR,ERR,ERR,ERR,ERR,ERR,ERR,ERR,ERR,ERR,ERR,ERR,ERR,ERR,ERR,ERR,ERR,ERR,ERR,ERR,ERR,0.0,0.0,2.718417410789135e+23,0.0,0.0,0.0,-4.813902916312207e+25,0.0,0,0,4,17306,7116,0.0,100,0.0,0.0,0.0,0.0,0.0,0,0,0,0,0.0,0,0,0,0,0,0,0,0,0,0,0,0,0,0,0,0,0,0,0,0,0,0,0,0,0,0,0,0,0,0,0,0,0,31,40,40,71,65476,0,300,0,0,8,21553,0.0,-107605600.0,0.0,0.0,0.0,0.0,0.0,0.0,0.0,0.0,0.0,0.0,0.0,0.0,0.0,0.0,0.0,0.0,0.0,0.0,0.0,0.0,0.0,3.697065187345642e+19,0.0,0.0,0.0,0.0,0.0,0.0,5422.0,-1.5879318087448473e+29,6942.0,0.0,-107615960.0,2.004,2.004,0.0,0.0,0.0,0.0,69,0.0,-0.0,0.0,0.0,0.0,0.0,0.0,0.0,0.0,0,0,0,0.0,0.0,0.0,0.0,0.0,0.0,0.0,0.0,0.0,0.0,0.0,0.0,0.0,0.0,0.0,0.0,0,-107875648.0,69,0.0,138,0.0,2.012,ERR,ERR,ERR,ERR,ERR,ERR,ERR,ERR,ERR,ERR,ERR,ERR,ERR,ERR,ERR,ERR,ERR,ERR,ERR,ERR,ERR,ERR,ERR,ERR,ERR,ERR,ERR,ERR,ERR,ERR,ERR,ERR,ERR,ERR,ERR,ERR,ERR,ERR,ERR,ERR,ERR,ERR,ERR,ERR,ERR,ERR,ERR,ERR,ERR,ERR,ERR,ERR,ERR,ERR,ERR,ERR,ERR,ERR,ERR,ERR,ERR,ERR,ERR,ERR,ERR,ERR,ERR,60.0,60.0,35,0.0,0.0,0.0,0.0,0.0,0.0,0.0,0.0,0.0,0.0,0.0,0.0,0.0,0.0,0.0,0.0,65.2,0,116,56,34,65476,0,300,0,0,8,20529,65476,0,0,2621,60.0,0.0,0.0,0.0,0.0,0.0
2026-07-09T15:52:33,ERR,ERR,ERR,ERR,ERR,ERR,ERR,ERR,ERR,ERR,ERR,ERR,ERR,ERR,ERR,ERR,ERR,ERR,ERR,ERR,ERR,ERR,ERR,ERR,ERR,ERR,ERR,ERR,ERR,ERR,ERR,ERR,ERR,ERR,ERR,ERR,ERR,ERR,ERR,ERR,ERR,ERR,ERR,ERR,ERR,ERR,ERR,ERR,ERR,ERR,ERR,ERR,ERR,ERR,ERR,ERR,ERR,ERR,ERR,ERR,ERR,ERR,ERR,ERR,ERR,ERR,ERR,ERR,ERR,ERR,ERR,ERR,ERR,ERR,ERR,ERR,ERR,ERR,ERR,ERR,ERR,ERR,ERR,ERR,ERR,ERR,ERR,ERR,ERR,ERR,ERR,ERR,ERR,ERR,ERR,ERR,ERR,ERR,ERR,ERR,ERR,ERR,ERR,ERR,ERR,ERR,ERR,ERR,ERR,ERR,ERR,ERR,ERR,ERR,ERR,ERR,ERR,ERR,ERR,ERR,ERR,ERR,ERR,ERR,ERR,0.0,0.0,2.718417410789135e+23,0.0,0.0,0.0,-4.813902916312207e+25,0.0,0,0,4,17306,7116,0.0,100,0.0,0.0,0.0,0.0,0.0,0,0,0,0,0.0,0,0,0,0,0,0,0,0,0,0,0,0,0,0,0,0,0,0,0,0,0,0,0,0,0,0,0,0,0,0,0,0,0,31,40,40,71,65476,0,300,0,0,8,21553,0.0,-107605600.0,0.0,0.0,0.0,0.0,0.0,0.0,0.0,0.0,0.0,0.0,0.0,0.0,0.0,0.0,0.0,0.0,0.0,0.0,0.0,0.0,0.0,3.697065187345642e+19,0.0,0.0,0.0,0.0,0.0,0.0,5422.0,-1.5879318087448473e+29,6942.0,0.0,-107615960.0,2.004,2.004,0.0,0.0,0.0,0.0,69,0.0,-0.0,0.0,0.0,0.0,0.0,0.0,0.0,0.0,0,0,0,0.0,0.0,0.0,0.0,0.0,0.0,0.0,0.0,0.0,0.0,0.0,0.0,0.0,0.0,0.0,0.0,0,-107875648.0,69,0.0,138,0.0,2.012,ERR,ERR,ERR,ERR,ERR,ERR,ERR,ERR,ERR,ERR,ERR,ERR,ERR,ERR,ERR,ERR,ERR,ERR,ERR,ERR,ERR,ERR,ERR,ERR,ERR,ERR,ERR,ERR,ERR,ERR,ERR,ERR,ERR,ERR,ERR,ERR,ERR,ERR,ERR,ERR,ERR,ERR,ERR,ERR,ERR,ERR,ERR,ERR,ERR,ERR,ERR,ERR,ERR,ERR,ERR,ERR,ERR,ERR,ERR,ERR,ERR,ERR,ERR,ERR,ERR,ERR,ERR,60.0,60.0,35,0.0,0.0,0.0,0.0,0.0,0.0,0.0,0.0,0.0,0.0,0.0,0.0,0.0,0.0,0.0,0.0,65.2,0,116,56,34,65476,0,300,0,0,8,20529,65476,0,0,2621,60.0,0.0,0.0,0.0,0.0,0.0
2026-07-09T15:52:34,ERR,ERR,ERR,ERR,ERR,ERR,ERR,ERR,ERR,ERR,ERR,ERR,ERR,ERR,ERR,ERR,ERR,ERR,ERR,ERR,ERR,ERR,ERR,ERR,ERR,ERR,ERR,ERR,ERR,ERR,ERR,ERR,ERR,ERR,ERR,ERR,ERR,ERR,ERR,ERR,ERR,ERR,ERR,ERR,ERR,ERR,ERR,ERR,ERR,ERR,ERR,ERR,ERR,ERR,ERR,ERR,ERR,ERR,ERR,ERR,ERR,ERR,ERR,ERR,ERR,ERR,ERR,ERR,ERR,ERR,ERR,ERR,ERR,ERR,ERR,ERR,ERR,ERR,ERR,ERR,ERR,ERR,ERR,ERR,ERR,ERR,ERR,ERR,ERR,ERR,ERR,ERR,ERR,ERR,ERR,ERR,ERR,ERR,ERR,ERR,ERR,ERR,ERR,ERR,ERR,ERR,ERR,ERR,ERR,ERR,ERR,ERR,ERR,ERR,ERR,ERR,ERR,ERR,ERR,ERR,ERR,ERR,ERR,ERR,ERR,0.0,0.0,2.718417410789135e+23,0.0,0.0,0.0,-4.813902916312207e+25,0.0,0,0,4,17306,7116,0.0,100,0.0,0.0,0.0,0.0,0.0,0,0,0,0,0.0,0,0,0,0,0,0,0,0,0,0,0,0,0,0,0,0,0,0,0,0,0,0,0,0,0,0,0,0,0,0,0,0,0,31,40,40,71,65476,0,300,0,0,8,21553,0.0,-107605600.0,0.0,0.0,0.0,0.0,0.0,0.0,0.0,0.0,0.0,0.0,0.0,0.0,0.0,0.0,0.0,0.0,0.0,0.0,0.0,0.0,0.0,3.697065187345642e+19,0.0,0.0,0.0,0.0,0.0,0.0,5422.0,-1.5879318087448473e+29,6942.0,0.0,-107615960.0,2.004,2.004,0.0,0.0,0.0,0.0,69,0.0,-0.0,0.0,0.0,0.0,0.0,0.0,0.0,0.0,0,0,0,0.0,0.0,0.0,0.0,0.0,0.0,0.0,0.0,0.0,0.0,0.0,0.0,0.0,0.0,0.0,0.0,0,-107875648.0,69,0.0,138,0.0,2.012,ERR,ERR,ERR,ERR,ERR,ERR,ERR,ERR,ERR,ERR,ERR,ERR,ERR,ERR,ERR,ERR,ERR,ERR,ERR,ERR,ERR,ERR,ERR,ERR,ERR,ERR,ERR,ERR,ERR,ERR,ERR,ERR,ERR,ERR,ERR,ERR,ERR,ERR,ERR,ERR,ERR,ERR,ERR,ERR,ERR,ERR,ERR,ERR,ERR,ERR,ERR,ERR,ERR,ERR,ERR,ERR,ERR,ERR,ERR,ERR,ERR,ERR,ERR,ERR,ERR,ERR,ERR,60.0,60.0,35,0.0,0.0,0.0,0.0,0.0,0.0,0.0,0.0,0.0,0.0,0.0,0.0,0.0,0.0,0.0,0.0,65.6,0,116,56,34,65476,0,300,0,0,8,20529,65476,0,0,2621,60.0,0.0,0.0,0.0,0.0,0.0
2026-07-09T15:52:35,ERR,ERR,ERR,ERR,ERR,ERR,ERR,ERR,ERR,ERR,ERR,ERR,ERR,ERR,ERR,ERR,ERR,ERR,ERR,ERR,ERR,ERR,ERR,ERR,ERR,ERR,ERR,ERR,ERR,ERR,ERR,ERR,ERR,ERR,ERR,ERR,ERR,ERR,ERR,ERR,ERR,ERR,ERR,ERR,ERR,ERR,ERR,ERR,ERR,ERR,ERR,ERR,ERR,ERR,ERR,ERR,ERR,ERR,ERR,ERR,ERR,ERR,ERR,ERR,ERR,ERR,ERR,ERR,ERR,ERR,ERR,ERR,ERR,ERR,ERR,ERR,ERR,ERR,ERR,ERR,ERR,ERR,ERR,ERR,ERR,ERR,ERR,ERR,ERR,ERR,ERR,ERR,ERR,ERR,ERR,ERR,ERR,ERR,ERR,ERR,ERR,ERR,ERR,ERR,ERR,ERR,ERR,ERR,ERR,ERR,ERR,ERR,ERR,ERR,ERR,ERR,ERR,ERR,ERR,ERR,ERR,ERR,ERR,ERR,ERR,2.7184246165485387e+23,-107615960.0,0.0,2.7183478752108883e+23,-128.282,-0.0,0.0,-0.0,0,0,4,17306,7116,0.0,100,0.0,0.0,2.7183478752108883e+23,0.0,0.0,0,0,0,0,0.0,0,0,0,0,0,0,0,0,0,0,0,0,0,0,0,0,0,0,0,0,0,0,0,0,0,0,0,0,0,0,0,0,0,31,40,40,71,65476,0,300,0,0,8,21553,0.0,-107605600.0,0.0,0.0,0.0,0.0,0.0,0.0,0.0,0.0,0.0,0.0,0.0,0.0,0.0,0.0,0.0,0.0,0.0,0.0,0.0,0.0,2.004,3.697065187345642e+19,0.0,0.0,0.0,0.0,0.0,0.0,5451.0,2.004,6920.0,2.7184246165485387e+23,-0.0,2.004,2.004,0.0,0.0,0.0,0.0,69,-3.2220071944623454e+26,-3.222009039136753e+26,0.0,0.0,0.0,0.0,0.0,0.0,0.0,0,0,0,0.0,0.0,0.0,0.0,0.0,0.0,0.0,0.0,0.0,0.0,0.0,0.0,0.0,0.0,0.0,0.0,0,-107875648.0,69,0.0,138,0.0,2.012,ERR,ERR,ERR,ERR,ERR,ERR,ERR,ERR,ERR,ERR,ERR,ERR,ERR,ERR,ERR,ERR,ERR,ERR,ERR,ERR,ERR,ERR,ERR,ERR,ERR,ERR,ERR,ERR,ERR,ERR,ERR,ERR,ERR,ERR,ERR,ERR,ERR,ERR,ERR,ERR,ERR,ERR,ERR,ERR,ERR,ERR,ERR,ERR,ERR,ERR,ERR,ERR,ERR,ERR,ERR,ERR,ERR,ERR,ERR,ERR,ERR,ERR,ERR,ERR,ERR,ERR,ERR,60.0,60.0,35,0.0,0.0,0.0,0.0,0.0,0.0,0.0,0.0,0.0,0.0,0.0,0.0,0.0,0.0,0.0,0.0,65.6,0,116,56,34,65476,0,300,0,0,8,20529,65476,0,0,2621,60.0,0.0,0.0,0.0,0.0,0.0
2026-07-09T15:52:36,ERR,ERR,ERR,ERR,ERR,ERR,ERR,ERR,ERR,ERR,ERR,ERR,ERR,ERR,ERR,ERR,ERR,ERR,ERR,ERR,ERR,ERR,ERR,ERR,ERR,ERR,ERR,ERR,ERR,ERR,ERR,ERR,ERR,ERR,ERR,ERR,ERR,ERR,ERR,ERR,ERR,ERR,ERR,ERR,ERR,ERR,ERR,ERR,ERR,ERR,ERR,ERR,ERR,ERR,ERR,ERR,ERR,ERR,ERR,ERR,ERR,ERR,ERR,ERR,ERR,ERR,ERR,ERR,ERR,ERR,ERR,ERR,ERR,ERR,ERR,ERR,ERR,ERR,ERR,ERR,ERR,ERR,ERR,ERR,ERR,ERR,ERR,ERR,ERR,ERR,ERR,ERR,ERR,ERR,ERR,ERR,ERR,ERR,ERR,ERR,ERR,ERR,ERR,ERR,ERR,ERR,ERR,ERR,ERR,ERR,ERR,ERR,ERR,ERR,ERR,ERR,ERR,ERR,ERR,ERR,ERR,ERR,ERR,ERR,ERR,2.7184246165485387e+23,-107615960.0,0.0,2.7183478752108883e+23,-128.282,-0.0,0.0,-0.0,0,0,4,17306,7116,0.0,100,0.0,0.0,2.7183478752108883e+23,0.0,0.0,0,0,0,0,0.0,0,0,0,0,0,0,0,0,0,0,0,0,0,0,0,0,0,0,0,0,0,0,0,0,0,0,0,0,0,0,0,0,0,31,40,40,71,65476,0,300,0,0,8,21553,0.0,-107605600.0,0.0,0.0,0.0,0.0,0.0,0.0,0.0,0.0,0.0,0.0,0.0,0.0,0.0,0.0,0.0,0.0,0.0,0.0,0.0,0.0,2.004,3.697065187345642e+19,0.0,0.0,0.0,0.0,0.0,0.0,5451.0,2.004,6920.0,2.7184246165485387e+23,-0.0,2.004,2.004,0.0,0.0,0.0,0.0,69,-3.2220071944623454e+26,-3.222009039136753e+26,0.0,0.0,0.0,0.0,0.0,0.0,0.0,0,0,0,0.0,0.0,0.0,0.0,0.0,0.0,0.0,0.0,0.0,0.0,0.0,0.0,0.0,0.0,0.0,0.0,0,-107875648.0,69,0.0,138,0.0,2.012,ERR,ERR,ERR,ERR,ERR,ERR,ERR,ERR,ERR,ERR,ERR,ERR,ERR,ERR,ERR,ERR,ERR,ERR,ERR,ERR,ERR,ERR,ERR,ERR,ERR,ERR,ERR,ERR,ERR,ERR,ERR,ERR,ERR,ERR,ERR,ERR,ERR,ERR,ERR,ERR,ERR,ERR,ERR,ERR,ERR,ERR,ERR,ERR,ERR,ERR,ERR,ERR,ERR,ERR,ERR,ERR,ERR,ERR,ERR,ERR,ERR,ERR,ERR,ERR,ERR,ERR,ERR,60.0,60.0,35,0.0,0.0,0.0,0.0,0.0,0.0,0.0,0.0,0.0,0.0,0.0,0.0,0.0,0.0,0.0,0.0,65.6,0,116,56,34,65476,0,300,0,0,8,20529,65476,0,0,2621,60.0,0.0,0.0,0.0,0.0,0.0
2026-07-09T15:52:37,ERR,ERR,ERR,ERR,ERR,ERR,ERR,ERR,ERR,ERR,ERR,ERR,ERR,ERR,ERR,ERR,ERR,ERR,ERR,ERR,ERR,ERR,ERR,ERR,ERR,ERR,ERR,ERR,ERR,ERR,ERR,ERR,ERR,ERR,ERR,ERR,ERR,ERR,ERR,ERR,ERR,ERR,ERR,ERR,ERR,ERR,ERR,ERR,ERR,ERR,ERR,ERR,ERR,ERR,ERR,ERR,ERR,ERR,ERR,ERR,ERR,ERR,ERR,ERR,ERR,ERR,ERR,ERR,ERR,ERR,ERR,ERR,ERR,ERR,ERR,ERR,ERR,ERR,ERR,ERR,ERR,ERR,ERR,ERR,ERR,ERR,ERR,ERR,ERR,ERR,ERR,ERR,ERR,ERR,ERR,ERR,ERR,ERR,ERR,ERR,ERR,ERR,ERR,ERR,ERR,ERR,ERR,ERR,ERR,ERR,ERR,ERR,ERR,ERR,ERR,ERR,ERR,ERR,ERR,ERR,ERR,ERR,ERR,ERR,ERR,2.7184246165485387e+23,-107615960.0,0.0,2.7183478752108883e+23,-128.282,-0.0,0.0,-0.0,0,0,4,17306,7116,0.0,100,0.0,0.0,2.7183478752108883e+23,0.0,0.0,0,0,0,0,0.0,0,0,0,0,0,0,0,0,0,0,0,0,0,0,0,0,0,0,0,0,0,0,0,0,0,0,0,0,0,0,0,0,0,31,40,40,71,65476,0,300,0,0,8,21553,0.0,-107605600.0,0.0,0.0,0.0,0.0,0.0,0.0,0.0,0.0,0.0,0.0,0.0,0.0,0.0,0.0,0.0,0.0,0.0,0.0,0.0,0.0,2.004,3.697065187345642e+19,0.0,0.0,0.0,0.0,0.0,0.0,5451.0,2.004,6920.0,2.7184246165485387e+23,-0.0,2.004,2.004,0.0,0.0,0.0,0.0,69,-3.2220071944623454e+26,-3.222009039136753e+26,0.0,0.0,0.0,0.0,0.0,0.0,0.0,0,0,0,0.0,0.0,0.0,0.0,0.0,0.0,0.0,0.0,0.0,0.0,0.0,0.0,0.0,0.0,0.0,0.0,0,-107875648.0,69,0.0,138,0.0,2.012,ERR,ERR,ERR,ERR,ERR,ERR,ERR,ERR,ERR,ERR,ERR,ERR,ERR,ERR,ERR,ERR,ERR,ERR,ERR,ERR,ERR,ERR,ERR,ERR,ERR,ERR,ERR,ERR,ERR,ERR,ERR,ERR,ERR,ERR,ERR,ERR,ERR,ERR,ERR,ERR,ERR,ERR,ERR,ERR,ERR,ERR,ERR,ERR,ERR,ERR,ERR,ERR,ERR,ERR,ERR,ERR,ERR,ERR,ERR,ERR,ERR,ERR,ERR,ERR,ERR,ERR,ERR,60.0,60.0,35,0.0,0.0,0.0,0.0,0.0,0.0,0.0,0.0,0.0,0.0,0.0,0.0,0.0,0.0,0.0,0.0,65.6,0,116,56,34,65476,0,300,0,0,8,20529,65476,0,0,2621,60.0,0.0,0.0,0.0,0.0,0.0
2026-07-09T15:52:38,ERR,ERR,ERR,ERR,ERR,ERR,ERR,ERR,ERR,ERR,ERR,ERR,ERR,ERR,ERR,ERR,ERR,ERR,ERR,ERR,ERR,ERR,ERR,ERR,ERR,ERR,ERR,ERR,ERR,ERR,ERR,ERR,ERR,ERR,ERR,ERR,ERR,ERR,ERR,ERR,ERR,ERR,ERR,ERR,ERR,ERR,ERR,ERR,ERR,ERR,ERR,ERR,ERR,ERR,ERR,ERR,ERR,ERR,ERR,ERR,ERR,ERR,ERR,ERR,ERR,ERR,ERR,ERR,ERR,ERR,ERR,ERR,ERR,ERR,ERR,ERR,ERR,ERR,ERR,ERR,ERR,ERR,ERR,ERR,ERR,ERR,ERR,ERR,ERR,ERR,ERR,ERR,ERR,ERR,ERR,ERR,ERR,ERR,ERR,ERR,ERR,ERR,ERR,ERR,ERR,ERR,ERR,ERR,ERR,ERR,ERR,ERR,ERR,ERR,ERR,ERR,ERR,ERR,ERR,ERR,ERR,ERR,ERR,ERR,ERR,2.7184246165485387e+23,-107615960.0,0.0,2.7183478752108883e+23,-128.282,-0.0,0.0,-0.0,0,0,4,17306,7116,0.0,100,0.0,0.0,2.7183478752108883e+23,0.0,0.0,0,0,0,0,0.0,0,0,0,0,0,0,0,0,0,0,0,0,0,0,0,0,0,0,0,0,0,0,0,0,0,0,0,0,0,0,0,0,0,31,40,40,71,65476,0,300,0,0,8,21553,0.0,-107605600.0,0.0,0.0,0.0,0.0,0.0,0.0,0.0,0.0,0.0,0.0,0.0,0.0,0.0,0.0,0.0,0.0,0.0,0.0,0.0,0.0,2.004,3.697065187345642e+19,0.0,0.0,0.0,0.0,0.0,0.0,5451.0,2.004,6920.0,2.7184246165485387e+23,-0.0,2.004,2.004,0.0,0.0,0.0,0.0,69,-3.2220071944623454e+26,-3.222009039136753e+26,0.0,0.0,0.0,0.0,0.0,0.0,0.0,0,0,0,0.0,0.0,0.0,0.0,0.0,0.0,0.0,0.0,0.0,0.0,0.0,0.0,0.0,0.0,0.0,0.0,0,-107875648.0,69,0.0,138,0.0,2.012,ERR,ERR,ERR,ERR,ERR,ERR,ERR,ERR,ERR,ERR,ERR,ERR,ERR,ERR,ERR,ERR,ERR,ERR,ERR,ERR,ERR,ERR,ERR,ERR,ERR,ERR,ERR,ERR,ERR,ERR,ERR,ERR,ERR,ERR,ERR,ERR,ERR,ERR,ERR,ERR,ERR,ERR,ERR,ERR,ERR,ERR,ERR,ERR,ERR,ERR,ERR,ERR,ERR,ERR,ERR,ERR,ERR,ERR,ERR,ERR,ERR,ERR,ERR,ERR,ERR,ERR,ERR,60.0,60.0,35,0.0,0.0,0.0,0.0,0.0,0.0,0.0,0.0,0.0,0.0,0.0,0.0,0.0,0.0,0.0,0.0,65.6,0,115,56,34,65476,0,300,0,0,8,20529,65476,0,0,2621,60.0,0.0,0.0,0.0,0.0,0.0
2026-07-09T15:52:39,ERR,ERR,ERR,ERR,ERR,ERR,ERR,ERR,ERR,ERR,ERR,ERR,ERR,ERR,ERR,ERR,ERR,ERR,ERR,ERR,ERR,ERR,ERR,ERR,ERR,ERR,ERR,ERR,ERR,ERR,ERR,ERR,ERR,ERR,ERR,ERR,ERR,ERR,ERR,ERR,ERR,ERR,ERR,ERR,ERR,ERR,ERR,ERR,ERR,ERR,ERR,ERR,ERR,ERR,ERR,ERR,ERR,ERR,ERR,ERR,ERR,ERR,ERR,ERR,ERR,ERR,ERR,ERR,ERR,ERR,ERR,ERR,ERR,ERR,ERR,ERR,ERR,ERR,ERR,ERR,ERR,ERR,ERR,ERR,ERR,ERR,ERR,ERR,ERR,ERR,ERR,ERR,ERR,ERR,ERR,ERR,ERR,ERR,ERR,ERR,ERR,ERR,ERR,ERR,ERR,ERR,ERR,ERR,ERR,ERR,ERR,ERR,ERR,ERR,ERR,ERR,ERR,ERR,ERR,ERR,ERR,ERR,ERR,ERR,ERR,2.7184246165485387e+23,-107615960.0,0.0,2.7183478752108883e+23,-128.282,-0.0,0.0,-0.0,0,0,4,17306,7116,0.0,100,0.0,0.0,2.7183478752108883e+23,0.0,0.0,0,0,0,0,0.0,0,0,0,0,0,0,0,0,0,0,0,0,0,0,0,0,0,0,0,0,0,0,0,0,0,0,0,0,0,0,0,0,0,31,40,40,71,65476,0,300,0,0,8,21553,0.0,-107605600.0,0.0,0.0,0.0,0.0,0.0,0.0,0.0,0.0,0.0,0.0,0.0,0.0,0.0,0.0,0.0,0.0,0.0,0.0,0.0,0.0,2.004,3.697065187345642e+19,0.0,0.0,0.0,0.0,0.0,0.0,5451.0,2.004,6920.0,2.7184246165485387e+23,-0.0,2.004,2.004,0.0,0.0,0.0,0.0,69,-3.2220071944623454e+26,-3.222009039136753e+26,0.0,0.0,0.0,0.0,0.0,0.0,0.0,0,0,0,0.0,0.0,0.0,0.0,0.0,0.0,0.0,0.0,0.0,0.0,0.0,0.0,0.0,0.0,0.0,0.0,0,-107875648.0,69,0.0,138,0.0,2.012,ERR,ERR,ERR,ERR,ERR,ERR,ERR,ERR,ERR,ERR,ERR,ERR,ERR,ERR,ERR,ERR,ERR,ERR,ERR,ERR,ERR,ERR,ERR,ERR,ERR,ERR,ERR,ERR,ERR,ERR,ERR,ERR,ERR,ERR,ERR,ERR,ERR,ERR,ERR,ERR,ERR,ERR,ERR,ERR,ERR,ERR,ERR,ERR,ERR,ERR,ERR,ERR,ERR,ERR,ERR,ERR,ERR,ERR,ERR,ERR,ERR,ERR,ERR,ERR,ERR,ERR,ERR,60.0,60.0,35,0.0,0.0,0.0,0.0,0.0,0.0,0.0,0.0,0.0,0.0,0.0,0.0,0.0,0.0,0.0,0.0,65.6,0,115,56,34,65476,0,300,0,0,8,20529,65476,0,0,2621,60.0,0.0,0.0,0.0,0.0,0.0
2026-07-09T15:52:40,ERR,ERR,ERR,ERR,ERR,ERR,ERR,ERR,ERR,ERR,ERR,ERR,ERR,ERR,ERR,ERR,ERR,ERR,ERR,ERR,ERR,ERR,ERR,ERR,ERR,ERR,ERR,ERR,ERR,ERR,ERR,ERR,ERR,ERR,ERR,ERR,ERR,ERR,ERR,ERR,ERR,ERR,ERR,ERR,ERR,ERR,ERR,ERR,ERR,ERR,ERR,ERR,ERR,ERR,ERR,ERR,ERR,ERR,ERR,ERR,ERR,ERR,ERR,ERR,ERR,ERR,ERR,ERR,ERR,ERR,ERR,ERR,ERR,ERR,ERR,ERR,ERR,ERR,ERR,ERR,ERR,ERR,ERR,ERR,ERR,ERR,ERR,ERR,ERR,ERR,ERR,ERR,ERR,ERR,ERR,ERR,ERR,ERR,ERR,ERR,ERR,ERR,ERR,ERR,ERR,ERR,ERR,ERR,ERR,ERR,ERR,ERR,ERR,ERR,ERR,ERR,ERR,ERR,ERR,ERR,ERR,ERR,ERR,ERR,ERR,2.7184246165485387e+23,-107615960.0,0.0,2.7183478752108883e+23,-128.282,-0.0,0.0,-0.0,0,0,4,17306,7116,0.0,100,0.0,0.0,2.7183478752108883e+23,0.0,0.0,0,0,0,0,0.0,0,0,0,0,0,0,0,0,0,0,0,0,0,0,0,0,0,0,0,0,0,0,0,0,0,0,0,0,0,0,0,0,0,31,40,40,71,65476,0,300,0,0,8,21553,0.0,-107605600.0,0.0,0.0,0.0,0.0,0.0,0.0,0.0,0.0,0.0,0.0,0.0,0.0,0.0,0.0,0.0,0.0,0.0,0.0,0.0,0.0,2.004,3.697065187345642e+19,0.0,0.0,0.0,0.0,0.0,0.0,5451.0,2.004,6920.0,2.7184246165485387e+23,-0.0,2.004,2.004,0.0,0.0,0.0,0.0,69,-3.2220071944623454e+26,-3.222009039136753e+26,0.0,0.0,0.0,0.0,0.0,0.0,0.0,0,0,0,0.0,0.0,0.0,0.0,0.0,0.0,0.0,0.0,0.0,0.0,0.0,0.0,0.0,0.0,0.0,0.0,0,-107875648.0,69,0.0,138,0.0,2.012,ERR,ERR,ERR,ERR,ERR,ERR,ERR,ERR,ERR,ERR,ERR,ERR,ERR,ERR,ERR,ERR,ERR,ERR,ERR,ERR,ERR,ERR,ERR,ERR,ERR,ERR,ERR,ERR,ERR,ERR,ERR,ERR,ERR,ERR,ERR,ERR,ERR,ERR,ERR,ERR,ERR,ERR,ERR,ERR,ERR,ERR,ERR,ERR,ERR,ERR,ERR,ERR,ERR,ERR,ERR,ERR,ERR,ERR,ERR,ERR,ERR,ERR,ERR,ERR,ERR,ERR,ERR,60.0,60.0,35,0.0,0.0,0.0,0.0,0.0,0.0,0.0,0.0,0.0,0.0,0.0,0.0,0.0,0.0,0.0,0.0,65.2,0,115,56,34,65476,0,300,0,0,8,20529,65476,0,0,2621,60.0,0.0,0.0,0.0,0.0,0.0
2026-07-09T15:52:41,ERR,ERR,ERR,ERR,ERR,ERR,ERR,ERR,ERR,ERR,ERR,ERR,ERR,ERR,ERR,ERR,ERR,ERR,ERR,ERR,ERR,ERR,ERR,ERR,ERR,ERR,ERR,ERR,ERR,ERR,ERR,ERR,ERR,ERR,ERR,ERR,ERR,ERR,ERR,ERR,ERR,ERR,ERR,ERR,ERR,ERR,ERR,ERR,ERR,ERR,ERR,ERR,ERR,ERR,ERR,ERR,ERR,ERR,ERR,ERR,ERR,ERR,ERR,ERR,ERR,ERR,ERR,ERR,ERR,ERR,ERR,ERR,ERR,ERR,ERR,ERR,ERR,ERR,ERR,ERR,ERR,ERR,ERR,ERR,ERR,ERR,ERR,ERR,ERR,ERR,ERR,ERR,ERR,ERR,ERR,ERR,ERR,ERR,ERR,ERR,ERR,ERR,ERR,ERR,ERR,ERR,ERR,ERR,ERR,ERR,ERR,ERR,ERR,ERR,ERR,ERR,ERR,ERR,ERR,ERR,ERR,ERR,ERR,ERR,ERR,2.7184246165485387e+23,-0.0,-108139056.0,0.0,0.0,0.0,1.1155265530849784e+30,-0.0,0,0,4,17303,7116,0.0,100,0.0,0.0,0.0,0.0,0.0,0,0,0,0,0.0,0,0,0,0,0,0,0,0,0,0,0,0,0,0,0,0,0,0,0,0,0,0,0,0,0,0,0,0,0,0,0,0,0,31,40,40,71,65476,0,300,0,0,8,21553,0.0,-107605600.0,0.0,0.0,0.0,0.0,0.0,0.0,0.0,0.0,0.0,0.0,0.0,0.0,0.0,0.0,0.0,0.0,0.0,0.0,0.0,0.0,-0.0,2.004,0.0,0.0,0.0,0.0,0.0,0.0,5455.0,1.5879319976395066e+29,6926.0,2.7184246165485387e+23,-107615960.0,2.004,2.004,0.0,0.0,0.0,0.0,69,0.0,0.0,0.0,0.0,0.0,0.0,0.0,0.0,0.0,0,0,0,0.0,0.0,0.0,0.0,0.0,0.0,0.0,0.0,0.0,0.0,0.0,0.0,0.0,0.0,0.0,0.0,0,-107875648.0,69,0.0,138,0.0,2.012,ERR,ERR,ERR,ERR,ERR,ERR,ERR,ERR,ERR,ERR,ERR,ERR,ERR,ERR,ERR,ERR,ERR,ERR,ERR,ERR,ERR,ERR,ERR,ERR,ERR,ERR,ERR,ERR,ERR,ERR,ERR,ERR,ERR,ERR,ERR,ERR,ERR,ERR,ERR,ERR,ERR,ERR,ERR,ERR,ERR,ERR,ERR,ERR,ERR,ERR,ERR,ERR,ERR,ERR,ERR,ERR,ERR,ERR,ERR,ERR,ERR,ERR,ERR,ERR,ERR,ERR,ERR,60.0,60.0,35,0.0,0.0,0.0,0.0,0.0,0.0,0.0,0.0,0.0,0.0,0.0,0.0,0.0,0.0,0.0,0.0,65.2,0,115,56,34,65476,0,300,0,0,8,20529,65476,0,0,2621,60.0,0.0,0.0,0.0,0.0,0.0
2026-07-09T15:52:42,ERR,ERR,ERR,ERR,ERR,ERR,ERR,ERR,ERR,ERR,ERR,ERR,ERR,ERR,ERR,ERR,ERR,ERR,ERR,ERR,ERR,ERR,ERR,ERR,ERR,ERR,ERR,ERR,ERR,ERR,ERR,ERR,ERR,ERR,ERR,ERR,ERR,ERR,ERR,ERR,ERR,ERR,ERR,ERR,ERR,ERR,ERR,ERR,ERR,ERR,ERR,ERR,ERR,ERR,ERR,ERR,ERR,ERR,ERR,ERR,ERR,ERR,ERR,ERR,ERR,ERR,ERR,ERR,ERR,ERR,ERR,ERR,ERR,ERR,ERR,ERR,ERR,ERR,ERR,ERR,ERR,ERR,ERR,ERR,ERR,ERR,ERR,ERR,ERR,ERR,ERR,ERR,ERR,ERR,ERR,ERR,ERR,ERR,ERR,ERR,ERR,ERR,ERR,ERR,ERR,ERR,ERR,ERR,ERR,ERR,ERR,ERR,ERR,ERR,ERR,ERR,ERR,ERR,ERR,ERR,ERR,ERR,ERR,ERR,ERR,2.7184246165485387e+23,-0.0,-108139056.0,0.0,0.0,0.0,1.1155265530849784e+30,-0.0,0,0,4,17303,7116,0.0,100,0.0,0.0,0.0,0.0,0.0,0,0,0,0,0.0,0,0,0,0,0,0,0,0,0,0,0,0,0,0,0,0,0,0,0,0,0,0,0,0,0,0,0,0,0,0,0,0,0,31,40,40,71,65476,0,300,0,0,8,21553,0.0,-107605600.0,0.0,0.0,0.0,0.0,0.0,0.0,0.0,0.0,0.0,0.0,0.0,0.0,0.0,0.0,0.0,0.0,0.0,0.0,0.0,0.0,-0.0,2.004,0.0,0.0,0.0,0.0,0.0,0.0,5455.0,1.5879319976395066e+29,6926.0,2.7184246165485387e+23,-107615960.0,2.004,2.004,0.0,0.0,0.0,0.0,69,0.0,0.0,0.0,0.0,0.0,0.0,0.0,0.0,0.0,0,0,0,0.0,0.0,0.0,0.0,0.0,0.0,0.0,0.0,0.0,0.0,0.0,0.0,0.0,0.0,0.0,0.0,0,-107875648.0,69,0.0,138,0.0,2.012,ERR,ERR,ERR,ERR,ERR,ERR,ERR,ERR,ERR,ERR,ERR,ERR,ERR,ERR,ERR,ERR,ERR,ERR,ERR,ERR,ERR,ERR,ERR,ERR,ERR,ERR,ERR,ERR,ERR,ERR,ERR,ERR,ERR,ERR,ERR,ERR,ERR,ERR,ERR,ERR,ERR,ERR,ERR,ERR,ERR,ERR,ERR,ERR,ERR,ERR,ERR,ERR,ERR,ERR,ERR,ERR,ERR,ERR,ERR,ERR,ERR,ERR,ERR,ERR,ERR,ERR,ERR,60.0,60.0,35,0.0,0.0,0.0,0.0,0.0,0.0,0.0,0.0,0.0,0.0,0.0,0.0,0.0,0.0,0.0,0.0,65.2,0,115,56,34,65476,0,300,0,0,8,20529,65476,0,0,2621,60.0,0.0,0.0,0.0,0.0,0.0
2026-07-09T15:52:43,ERR,ERR,ERR,ERR,ERR,ERR,ERR,ERR,ERR,ERR,ERR,ERR,ERR,ERR,ERR,ERR,ERR,ERR,ERR,ERR,ERR,ERR,ERR,ERR,ERR,ERR,ERR,ERR,ERR,ERR,ERR,ERR,ERR,ERR,ERR,ERR,ERR,ERR,ERR,ERR,ERR,ERR,ERR,ERR,ERR,ERR,ERR,ERR,ERR,ERR,ERR,ERR,ERR,ERR,ERR,ERR,ERR,ERR,ERR,ERR,ERR,ERR,ERR,ERR,ERR,ERR,ERR,ERR,ERR,ERR,ERR,ERR,ERR,ERR,ERR,ERR,ERR,ERR,ERR,ERR,ERR,ERR,ERR,ERR,ERR,ERR,ERR,ERR,ERR,ERR,ERR,ERR,ERR,ERR,ERR,ERR,ERR,ERR,ERR,ERR,ERR,ERR,ERR,ERR,ERR,ERR,ERR,ERR,ERR,ERR,ERR,ERR,ERR,ERR,ERR,ERR,ERR,ERR,ERR,ERR,ERR,ERR,ERR,ERR,ERR,2.7184246165485387e+23,-0.0,-108139056.0,0.0,0.0,0.0,1.1155265530849784e+30,-0.0,0,0,4,17303,7116,0.0,100,0.0,0.0,0.0,0.0,0.0,0,0,0,0,0.0,0,0,0,0,0,0,0,0,0,0,0,0,0,0,0,0,0,0,0,0,0,0,0,0,0,0,0,0,0,0,0,0,0,31,40,40,71,65476,0,300,0,0,8,21553,0.0,-107605600.0,0.0,0.0,0.0,0.0,0.0,0.0,0.0,0.0,0.0,0.0,0.0,0.0,0.0,0.0,0.0,0.0,0.0,0.0,0.0,0.0,-0.0,2.004,0.0,0.0,0.0,0.0,0.0,0.0,5455.0,1.5879319976395066e+29,6926.0,2.7184246165485387e+23,-107615960.0,2.004,2.004,0.0,0.0,0.0,0.0,69,0.0,0.0,0.0,0.0,0.0,0.0,0.0,0.0,0.0,0,0,0,0.0,0.0,0.0,0.0,0.0,0.0,0.0,0.0,0.0,0.0,0.0,0.0,0.0,0.0,0.0,0.0,0,-107875648.0,69,0.0,138,0.0,2.012,ERR,ERR,ERR,ERR,ERR,ERR,ERR,ERR,ERR,ERR,ERR,ERR,ERR,ERR,ERR,ERR,ERR,ERR,ERR,ERR,ERR,ERR,ERR,ERR,ERR,ERR,ERR,ERR,ERR,ERR,ERR,ERR,ERR,ERR,ERR,ERR,ERR,ERR,ERR,ERR,ERR,ERR,ERR,ERR,ERR,ERR,ERR,ERR,ERR,ERR,ERR,ERR,ERR,ERR,ERR,ERR,ERR,ERR,ERR,ERR,ERR,ERR,ERR,ERR,ERR,ERR,ERR,60.0,60.0,35,0.0,0.0,0.0,0.0,0.0,0.0,0.0,0.0,0.0,0.0,0.0,0.0,0.0,0.0,0.0,0.0,65.2,0,115,56,34,65476,0,300,0,0,8,20529,65476,0,0,2621,60.0,0.0,0.0,0.0,0.0,0.0
2026-07-09T15:52:44,ERR,ERR,ERR,ERR,ERR,ERR,ERR,ERR,ERR,ERR,ERR,ERR,ERR,ERR,ERR,ERR,ERR,ERR,ERR,ERR,ERR,ERR,ERR,ERR,ERR,ERR,ERR,ERR,ERR,ERR,ERR,ERR,ERR,ERR,ERR,ERR,ERR,ERR,ERR,ERR,ERR,ERR,ERR,ERR,ERR,ERR,ERR,ERR,ERR,ERR,ERR,ERR,ERR,ERR,ERR,ERR,ERR,ERR,ERR,ERR,ERR,ERR,ERR,ERR,ERR,ERR,ERR,ERR,ERR,ERR,ERR,ERR,ERR,ERR,ERR,ERR,ERR,ERR,ERR,ERR,ERR,ERR,ERR,ERR,ERR,ERR,ERR,ERR,ERR,ERR,ERR,ERR,ERR,ERR,ERR,ERR,ERR,ERR,ERR,ERR,ERR,ERR,ERR,ERR,ERR,ERR,ERR,ERR,ERR,ERR,ERR,ERR,ERR,ERR,ERR,ERR,ERR,ERR,ERR,ERR,ERR,ERR,ERR,ERR,ERR,2.7184246165485387e+23,-0.0,-108139056.0,0.0,0.0,0.0,1.1155265530849784e+30,-0.0,0,0,4,17303,7116,0.0,100,0.0,0.0,0.0,0.0,0.0,0,0,0,0,0.0,0,0,0,0,0,0,0,0,0,0,0,0,0,0,0,0,0,0,0,0,0,0,0,0,0,0,0,0,0,0,0,0,0,31,40,40,71,65476,0,300,0,0,8,21553,0.0,-107605600.0,0.0,0.0,0.0,0.0,0.0,0.0,0.0,0.0,0.0,0.0,0.0,0.0,0.0,0.0,0.0,0.0,0.0,0.0,0.0,0.0,-0.0,2.004,0.0,0.0,0.0,0.0,0.0,0.0,5455.0,1.5879319976395066e+29,6926.0,2.7184246165485387e+23,-107615960.0,2.004,2.004,0.0,0.0,0.0,0.0,69,0.0,0.0,0.0,0.0,0.0,0.0,0.0,0.0,0.0,0,0,0,0.0,0.0,0.0,0.0,0.0,0.0,0.0,0.0,0.0,0.0,0.0,0.0,0.0,0.0,0.0,0.0,0,-107875648.0,69,0.0,138,0.0,2.012,ERR,ERR,ERR,ERR,ERR,ERR,ERR,ERR,ERR,ERR,ERR,ERR,ERR,ERR,ERR,ERR,ERR,ERR,ERR,ERR,ERR,ERR,ERR,ERR,ERR,ERR,ERR,ERR,ERR,ERR,ERR,ERR,ERR,ERR,ERR,ERR,ERR,ERR,ERR,ERR,ERR,ERR,ERR,ERR,ERR,ERR,ERR,ERR,ERR,ERR,ERR,ERR,ERR,ERR,ERR,ERR,ERR,ERR,ERR,ERR,ERR,ERR,ERR,ERR,ERR,ERR,ERR,60.0,60.0,35,0.0,0.0,0.0,0.0,0.0,0.0,0.0,0.0,0.0,0.0,0.0,0.0,0.0,0.0,0.0,0.0,65.6,0,115,56,34,65476,0,300,0,0,8,20529,65476,0,0,2621,60.0,0.0,0.0,0.0,0.0,0.0
2026-07-09T15:52:45,ERR,ERR,ERR,ERR,ERR,ERR,ERR,ERR,ERR,ERR,ERR,ERR,ERR,ERR,ERR,ERR,ERR,ERR,ERR,ERR,ERR,ERR,ERR,ERR,ERR,ERR,ERR,ERR,ERR,ERR,ERR,ERR,ERR,ERR,ERR,ERR,ERR,ERR,ERR,ERR,ERR,ERR,ERR,ERR,ERR,ERR,ERR,ERR,ERR,ERR,ERR,ERR,ERR,ERR,ERR,ERR,ERR,ERR,ERR,ERR,ERR,ERR,ERR,ERR,ERR,ERR,ERR,ERR,ERR,ERR,ERR,ERR,ERR,ERR,ERR,ERR,ERR,ERR,ERR,ERR,ERR,ERR,ERR,ERR,ERR,ERR,ERR,ERR,ERR,ERR,ERR,ERR,ERR,ERR,ERR,ERR,ERR,ERR,ERR,ERR,ERR,ERR,ERR,ERR,ERR,ERR,ERR,ERR,ERR,ERR,ERR,ERR,ERR,ERR,ERR,ERR,ERR,ERR,ERR,ERR,ERR,ERR,ERR,ERR,ERR,-107615104.0,-107615960.0,-107614768.0,0.0,0.0,1.649988119742416e+28,-0.0,-1.9300055825445937e+32,0,0,4,17303,7116,0.0,100,0.0,0.0,0.0,0.0,0.0,0,0,0,0,0.0,0,0,0,0,0,0,0,0,0,0,0,0,0,0,0,0,0,0,0,0,0,0,0,0,0,0,0,0,0,0,0,0,0,31,40,40,71,65476,0,300,0,0,8,21553,0.0,-107605600.0,0.0,0.0,0.0,0.0,0.0,0.0,0.0,0.0,0.0,0.0,0.0,0.0,0.0,0.0,0.0,0.0,0.0,0.0,0.0,0.0,-0.0,3.697065187345642e+19,0.0,0.0,0.0,0.0,0.0,0.0,5454.0,-0.0,6931.0,-107615104.0,-107615960.0,2.004,2.004,0.0,0.0,0.0,0.0,69,0.0,1.9056890151436288e+17,0.0,0.0,0.0,0.0,0.0,0.0,0.0,0,0,0,0.0,0.0,0.0,0.0,0.0,0.0,0.0,0.0,0.0,0.0,0.0,0.0,0.0,0.0,0.0,0.0,0,-107875648.0,69,0.0,138,0.0,2.012,ERR,ERR,ERR,ERR,ERR,ERR,ERR,ERR,ERR,ERR,ERR,ERR,ERR,ERR,ERR,ERR,ERR,ERR,ERR,ERR,ERR,ERR,ERR,ERR,ERR,ERR,ERR,ERR,ERR,ERR,ERR,ERR,ERR,ERR,ERR,ERR,ERR,ERR,ERR,ERR,ERR,ERR,ERR,ERR,ERR,ERR,ERR,ERR,ERR,ERR,ERR,ERR,ERR,ERR,ERR,ERR,ERR,ERR,ERR,ERR,ERR,ERR,ERR,ERR,ERR,ERR,ERR,60.0,60.0,35,0.0,0.0,0.0,0.0,0.0,0.0,0.0,0.0,0.0,0.0,0.0,0.0,0.0,0.0,0.0,0.0,65.6,0,115,56,34,65476,0,300,0,0,8,20529,65476,0,0,2621,60.0,0.0,0.0,0.0,0.0,0.0
2026-07-09T15:52:46,ERR,ERR,ERR,ERR,ERR,ERR,ERR,ERR,ERR,ERR,ERR,ERR,ERR,ERR,ERR,ERR,ERR,ERR,ERR,ERR,ERR,ERR,ERR,ERR,ERR,ERR,ERR,ERR,ERR,ERR,ERR,ERR,ERR,ERR,ERR,ERR,ERR,ERR,ERR,ERR,ERR,ERR,ERR,ERR,ERR,ERR,ERR,ERR,ERR,ERR,ERR,ERR,ERR,ERR,ERR,ERR,ERR,ERR,ERR,ERR,ERR,ERR,ERR,ERR,ERR,ERR,ERR,ERR,ERR,ERR,ERR,ERR,ERR,ERR,ERR,ERR,ERR,ERR,ERR,ERR,ERR,ERR,ERR,ERR,ERR,ERR,ERR,ERR,ERR,ERR,ERR,ERR,ERR,ERR,ERR,ERR,ERR,ERR,ERR,ERR,ERR,ERR,ERR,ERR,ERR,ERR,ERR,ERR,ERR,ERR,ERR,ERR,ERR,ERR,ERR,ERR,ERR,ERR,ERR,ERR,ERR,ERR,ERR,ERR,ERR,-107615104.0,-107615960.0,-107614768.0,0.0,0.0,1.649988119742416e+28,-0.0,-1.9300055825445937e+32,0,0,4,17303,7116,0.0,100,0.0,0.0,0.0,0.0,0.0,0,0,0,0,0.0,0,0,0,0,0,0,0,0,0,0,0,0,0,0,0,0,0,0,0,0,0,0,0,0,0,0,0,0,0,0,0,0,0,31,40,40,71,65476,0,300,0,0,8,21553,0.0,-107605600.0,0.0,0.0,0.0,0.0,0.0,0.0,0.0,0.0,0.0,0.0,0.0,0.0,0.0,0.0,0.0,0.0,0.0,0.0,0.0,0.0,-0.0,3.697065187345642e+19,0.0,0.0,0.0,0.0,0.0,0.0,5454.0,-0.0,6931.0,-107615104.0,-107615960.0,2.004,2.004,0.0,0.0,0.0,0.0,69,0.0,1.9056890151436288e+17,0.0,0.0,0.0,0.0,0.0,0.0,0.0,0,0,0,0.0,0.0,0.0,0.0,0.0,0.0,0.0,0.0,0.0,0.0,0.0,0.0,0.0,0.0,0.0,0.0,0,-107875648.0,69,0.0,138,0.0,2.012,ERR,ERR,ERR,ERR,ERR,ERR,ERR,ERR,ERR,ERR,ERR,ERR,ERR,ERR,ERR,ERR,ERR,ERR,ERR,ERR,ERR,ERR,ERR,ERR,ERR,ERR,ERR,ERR,ERR,ERR,ERR,ERR,ERR,ERR,ERR,ERR,ERR,ERR,ERR,ERR,ERR,ERR,ERR,ERR,ERR,ERR,ERR,ERR,ERR,ERR,ERR,ERR,ERR,ERR,ERR,ERR,ERR,ERR,ERR,ERR,ERR,ERR,ERR,ERR,ERR,ERR,ERR,60.0,60.0,35,0.0,0.0,0.0,0.0,0.0,0.0,0.0,0.0,0.0,0.0,0.0,0.0,0.0,0.0,0.0,0.0,65.2,0,115,56,34,65476,0,300,0,0,8,20529,65476,0,0,2621,60.0,0.0,0.0,0.0,0.0,0.0
2026-07-09T15:52:47,ERR,ERR,ERR,ERR,ERR,ERR,ERR,ERR,ERR,ERR,ERR,ERR,ERR,ERR,ERR,ERR,ERR,ERR,ERR,ERR,ERR,ERR,ERR,ERR,ERR,ERR,ERR,ERR,ERR,ERR,ERR,ERR,ERR,ERR,ERR,ERR,ERR,ERR,ERR,ERR,ERR,ERR,ERR,ERR,ERR,ERR,ERR,ERR,ERR,ERR,ERR,ERR,ERR,ERR,ERR,ERR,ERR,ERR,ERR,ERR,ERR,ERR,ERR,ERR,ERR,ERR,ERR,ERR,ERR,ERR,ERR,ERR,ERR,ERR,ERR,ERR,ERR,ERR,ERR,ERR,ERR,ERR,ERR,ERR,ERR,ERR,ERR,ERR,ERR,ERR,ERR,ERR,ERR,ERR,ERR,ERR,ERR,ERR,ERR,ERR,ERR,ERR,ERR,ERR,ERR,ERR,ERR,ERR,ERR,ERR,ERR,ERR,ERR,ERR,ERR,ERR,ERR,ERR,ERR,ERR,ERR,ERR,ERR,ERR,ERR,-107615104.0,-107615960.0,-107614768.0,0.0,0.0,1.649988119742416e+28,-0.0,-1.9300055825445937e+32,0,0,4,17303,7116,0.0,100,0.0,0.0,0.0,0.0,0.0,0,0,0,0,0.0,0,0,0,0,0,0,0,0,0,0,0,0,0,0,0,0,0,0,0,0,0,0,0,0,0,0,0,0,0,0,0,0,0,31,40,40,71,65476,0,300,0,0,8,21553,0.0,-107605600.0,0.0,0.0,0.0,0.0,0.0,0.0,0.0,0.0,0.0,0.0,0.0,0.0,0.0,0.0,0.0,0.0,0.0,0.0,0.0,0.0,-0.0,3.697065187345642e+19,0.0,0.0,0.0,0.0,0.0,0.0,5454.0,-0.0,6931.0,-107615104.0,-107615960.0,2.004,2.004,0.0,0.0,0.0,0.0,69,0.0,1.9056890151436288e+17,0.0,0.0,0.0,0.0,0.0,0.0,0.0,0,0,0,0.0,0.0,0.0,0.0,0.0,0.0,0.0,0.0,0.0,0.0,0.0,0.0,0.0,0.0,0.0,0.0,0,-107875648.0,69,0.0,138,0.0,2.012,ERR,ERR,ERR,ERR,ERR,ERR,ERR,ERR,ERR,ERR,ERR,ERR,ERR,ERR,ERR,ERR,ERR,ERR,ERR,ERR,ERR,ERR,ERR,ERR,ERR,ERR,ERR,ERR,ERR,ERR,ERR,ERR,ERR,ERR,ERR,ERR,ERR,ERR,ERR,ERR,ERR,ERR,ERR,ERR,ERR,ERR,ERR,ERR,ERR,ERR,ERR,ERR,ERR,ERR,ERR,ERR,ERR,ERR,ERR,ERR,ERR,ERR,ERR,ERR,ERR,ERR,ERR,60.0,60.0,35,0.0,0.0,0.0,0.0,0.0,0.0,0.0,0.0,0.0,0.0,0.0,0.0,0.0,0.0,0.0,0.0,65.2,0,115,56,34,65476,0,300,0,0,8,20529,65476,0,0,2621,60.0,0.0,0.0,0.0,0.0,0.0
2026-07-09T15:52:48,ERR,ERR,ERR,ERR,ERR,ERR,ERR,ERR,ERR,ERR,ERR,ERR,ERR,ERR,ERR,ERR,ERR,ERR,ERR,ERR,ERR,ERR,ERR,ERR,ERR,ERR,ERR,ERR,ERR,ERR,ERR,ERR,ERR,ERR,ERR,ERR,ERR,ERR,ERR,ERR,ERR,ERR,ERR,ERR,ERR,ERR,ERR,ERR,ERR,ERR,ERR,ERR,ERR,ERR,ERR,ERR,ERR,ERR,ERR,ERR,ERR,ERR,ERR,ERR,ERR,ERR,ERR,ERR,ERR,ERR,ERR,ERR,ERR,ERR,ERR,ERR,ERR,ERR,ERR,ERR,ERR,ERR,ERR,ERR,ERR,ERR,ERR,ERR,ERR,ERR,ERR,ERR,ERR,ERR,ERR,ERR,ERR,ERR,ERR,ERR,ERR,ERR,ERR,ERR,ERR,ERR,ERR,ERR,ERR,ERR,ERR,ERR,ERR,ERR,ERR,ERR,ERR,ERR,ERR,ERR,ERR,ERR,ERR,ERR,ERR,-107615104.0,-107615960.0,-107614768.0,0.0,0.0,1.649988119742416e+28,-0.0,-1.9300055825445937e+32,0,0,4,17303,7116,0.0,100,0.0,0.0,0.0,0.0,0.0,0,0,0,0,0.0,0,0,0,0,0,0,0,0,0,0,0,0,0,0,0,0,0,0,0,0,0,0,0,0,0,0,0,0,0,0,0,0,0,31,40,40,71,65476,0,300,0,0,8,21553,0.0,-107605600.0,0.0,0.0,0.0,0.0,0.0,0.0,0.0,0.0,0.0,0.0,0.0,0.0,0.0,0.0,0.0,0.0,0.0,0.0,0.0,0.0,-0.0,3.697065187345642e+19,0.0,0.0,0.0,0.0,0.0,0.0,5454.0,-0.0,6931.0,-107615104.0,-107615960.0,2.004,2.004,0.0,0.0,0.0,0.0,69,0.0,1.9056890151436288e+17,0.0,0.0,0.0,0.0,0.0,0.0,0.0,0,0,0,0.0,0.0,0.0,0.0,0.0,0.0,0.0,0.0,0.0,0.0,0.0,0.0,0.0,0.0,0.0,0.0,0,-107875648.0,69,0.0,138,0.0,2.012,ERR,ERR,ERR,ERR,ERR,ERR,ERR,ERR,ERR,ERR,ERR,ERR,ERR,ERR,ERR,ERR,ERR,ERR,ERR,ERR,ERR,ERR,ERR,ERR,ERR,ERR,ERR,ERR,ERR,ERR,ERR,ERR,ERR,ERR,ERR,ERR,ERR,ERR,ERR,ERR,ERR,ERR,ERR,ERR,ERR,ERR,ERR,ERR,ERR,ERR,ERR,ERR,ERR,ERR,ERR,ERR,ERR,ERR,ERR,ERR,ERR,ERR,ERR,ERR,ERR,ERR,ERR,60.0,60.0,35,0.0,0.0,0.0,0.0,0.0,0.0,0.0,0.0,0.0,0.0,0.0,0.0,0.0,0.0,0.0,0.0,65.2,0,115,56,34,65476,0,300,0,0,8,20529,65476,0,0,2621,60.0,0.0,0.0,0.0,0.0,0.0
2026-07-09T15:52:49,ERR,ERR,ERR,ERR,ERR,ERR,ERR,ERR,ERR,ERR,ERR,ERR,ERR,ERR,ERR,ERR,ERR,ERR,ERR,ERR,ERR,ERR,ERR,ERR,ERR,ERR,ERR,ERR,ERR,ERR,ERR,ERR,ERR,ERR,ERR,ERR,ERR,ERR,ERR,ERR,ERR,ERR,ERR,ERR,ERR,ERR,ERR,ERR,ERR,ERR,ERR,ERR,ERR,ERR,ERR,ERR,ERR,ERR,ERR,ERR,ERR,ERR,ERR,ERR,ERR,ERR,ERR,ERR,ERR,ERR,ERR,ERR,ERR,ERR,ERR,ERR,ERR,ERR,ERR,ERR,ERR,ERR,ERR,ERR,ERR,ERR,ERR,ERR,ERR,ERR,ERR,ERR,ERR,ERR,ERR,ERR,ERR,ERR,ERR,ERR,ERR,ERR,ERR,ERR,ERR,ERR,ERR,ERR,ERR,ERR,ERR,ERR,ERR,ERR,ERR,ERR,ERR,ERR,ERR,ERR,ERR,ERR,ERR,ERR,ERR,-107615104.0,-107615960.0,-107614768.0,0.0,0.0,1.649988119742416e+28,-0.0,-1.9300055825445937e+32,0,0,4,17303,7116,0.0,100,0.0,0.0,0.0,0.0,0.0,0,0,0,0,0.0,0,0,0,0,0,0,0,0,0,0,0,0,0,0,0,0,0,0,0,0,0,0,0,0,0,0,0,0,0,0,0,0,0,31,40,40,71,65476,0,300,0,0,8,21553,0.0,-107605600.0,0.0,0.0,0.0,0.0,0.0,0.0,0.0,0.0,0.0,0.0,0.0,0.0,0.0,0.0,0.0,0.0,0.0,0.0,0.0,0.0,-0.0,3.697065187345642e+19,0.0,0.0,0.0,0.0,0.0,0.0,5454.0,-0.0,6931.0,-107615104.0,-107615960.0,2.004,2.004,0.0,0.0,0.0,0.0,69,0.0,1.9056890151436288e+17,0.0,0.0,0.0,0.0,0.0,0.0,0.0,0,0,0,0.0,0.0,0.0,0.0,0.0,0.0,0.0,0.0,0.0,0.0,0.0,0.0,0.0,0.0,0.0,0.0,0,-107875648.0,69,0.0,138,0.0,2.012,ERR,ERR,ERR,ERR,ERR,ERR,ERR,ERR,ERR,ERR,ERR,ERR,ERR,ERR,ERR,ERR,ERR,ERR,ERR,ERR,ERR,ERR,ERR,ERR,ERR,ERR,ERR,ERR,ERR,ERR,ERR,ERR,ERR,ERR,ERR,ERR,ERR,ERR,ERR,ERR,ERR,ERR,ERR,ERR,ERR,ERR,ERR,ERR,ERR,ERR,ERR,ERR,ERR,ERR,ERR,ERR,ERR,ERR,ERR,ERR,ERR,ERR,ERR,ERR,ERR,ERR,ERR,60.0,60.0,35,0.0,0.0,0.0,0.0,0.0,0.0,0.0,0.0,0.0,0.0,0.0,0.0,0.0,0.0,0.0,0.0,65.2,0,116,56,34,65476,0,300,0,0,8,20529,65476,0,0,2621,60.0,0.0,0.0,0.0,0.0,0.0
2026-07-09T15:52:50,ERR,ERR,ERR,ERR,ERR,ERR,ERR,ERR,ERR,ERR,ERR,ERR,ERR,ERR,ERR,ERR,ERR,ERR,ERR,ERR,ERR,ERR,ERR,ERR,ERR,ERR,ERR,ERR,ERR,ERR,ERR,ERR,ERR,ERR,ERR,ERR,ERR,ERR,ERR,ERR,ERR,ERR,ERR,ERR,ERR,ERR,ERR,ERR,ERR,ERR,ERR,ERR,ERR,ERR,ERR,ERR,ERR,ERR,ERR,ERR,ERR,ERR,ERR,ERR,ERR,ERR,ERR,ERR,ERR,ERR,ERR,ERR,ERR,ERR,ERR,ERR,ERR,ERR,ERR,ERR,ERR,ERR,ERR,ERR,ERR,ERR,ERR,ERR,ERR,ERR,ERR,ERR,ERR,ERR,ERR,ERR,ERR,ERR,ERR,ERR,ERR,ERR,ERR,ERR,ERR,ERR,ERR,ERR,ERR,ERR,ERR,ERR,ERR,ERR,ERR,ERR,ERR,ERR,ERR,ERR,ERR,ERR,ERR,ERR,ERR,0.0,0.0,0.0,0.0,4407720673280.0,-0.0,3.362227418935316e+28,-7.567903484438463e+32,0,0,4,17304,7116,0.0,100,0.0,0.0,0.0,0.0,0.0,0,0,0,0,0.0,0,0,0,0,0,0,0,0,0,0,0,0,0,0,0,0,0,0,0,0,0,0,0,0,0,0,0,0,0,0,0,0,0,31,40,40,71,65476,0,300,0,0,8,21553,0.0,-107605600.0,0.0,0.0,0.0,0.0,0.0,0.0,0.0,0.0,0.0,0.0,0.0,0.0,0.0,0.0,0.0,0.0,0.0,0.0,0.0,0.0,-2.004,-2.004,0.0,0.0,0.0,0.0,0.0,0.0,5455.0,-0.0,6930.0,0.0,2.718444072098929e+23,2.004,2.004,0.0,0.0,0.0,0.0,69,0.0,126840684544.0,0.0,0.0,0.0,0.0,0.0,0.0,0.0,0,0,0,0.0,0.0,0.0,0.0,0.0,0.0,0.0,0.0,0.0,0.0,0.0,0.0,0.0,0.0,0.0,0.0,0,-107875648.0,69,0.0,138,0.0,2.012,ERR,ERR,ERR,ERR,ERR,ERR,ERR,ERR,ERR,ERR,ERR,ERR,ERR,ERR,ERR,ERR,ERR,ERR,ERR,ERR,ERR,ERR,ERR,ERR,ERR,ERR,ERR,ERR,ERR,ERR,ERR,ERR,ERR,ERR,ERR,ERR,ERR,ERR,ERR,ERR,ERR,ERR,ERR,ERR,ERR,ERR,ERR,ERR,ERR,ERR,ERR,ERR,ERR,ERR,ERR,ERR,ERR,ERR,ERR,ERR,ERR,ERR,ERR,ERR,ERR,ERR,ERR,60.0,60.0,35,0.0,0.0,0.0,0.0,0.0,0.0,0.0,0.0,0.0,0.0,0.0,0.0,0.0,0.0,0.0,0.0,65.2,0,116,56,34,65476,0,300,0,0,8,20529,65476,0,0,2621,60.0,0.0,0.0,0.0,0.0,0.0
2026-07-09T15:52:51,ERR,ERR,ERR,ERR,ERR,ERR,ERR,ERR,ERR,ERR,ERR,ERR,ERR,ERR,ERR,ERR,ERR,ERR,ERR,ERR,ERR,ERR,ERR,ERR,ERR,ERR,ERR,ERR,ERR,ERR,ERR,ERR,ERR,ERR,ERR,ERR,ERR,ERR,ERR,ERR,ERR,ERR,ERR,ERR,ERR,ERR,ERR,ERR,ERR,ERR,ERR,ERR,ERR,ERR,ERR,ERR,ERR,ERR,ERR,ERR,ERR,ERR,ERR,ERR,ERR,ERR,ERR,ERR,ERR,ERR,ERR,ERR,ERR,ERR,ERR,ERR,ERR,ERR,ERR,ERR,ERR,ERR,ERR,ERR,ERR,ERR,ERR,ERR,ERR,ERR,ERR,ERR,ERR,ERR,ERR,ERR,ERR,ERR,ERR,ERR,ERR,ERR,ERR,ERR,ERR,ERR,ERR,ERR,ERR,ERR,ERR,ERR,ERR,ERR,ERR,ERR,ERR,ERR,ERR,ERR,ERR,ERR,ERR,ERR,ERR,0.0,0.0,0.0,0.0,4407720673280.0,-0.0,3.362227418935316e+28,-7.567903484438463e+32,0,0,4,17304,7116,0.0,100,0.0,0.0,0.0,0.0,0.0,0,0,0,0,0.0,0,0,0,0,0,0,0,0,0,0,0,0,0,0,0,0,0,0,0,0,0,0,0,0,0,0,0,0,0,0,0,0,0,31,40,40,71,65476,0,300,0,0,8,21553,0.0,-107605600.0,0.0,0.0,0.0,0.0,0.0,0.0,0.0,0.0,0.0,0.0,0.0,0.0,0.0,0.0,0.0,0.0,0.0,0.0,0.0,0.0,-2.004,-2.004,0.0,0.0,0.0,0.0,0.0,0.0,5455.0,-0.0,6930.0,0.0,2.718444072098929e+23,2.004,2.004,0.0,0.0,0.0,0.0,69,0.0,126840684544.0,0.0,0.0,0.0,0.0,0.0,0.0,0.0,0,0,0,0.0,0.0,0.0,0.0,0.0,0.0,0.0,0.0,0.0,0.0,0.0,0.0,0.0,0.0,0.0,0.0,0,-107875648.0,69,0.0,138,0.0,2.012,ERR,ERR,ERR,ERR,ERR,ERR,ERR,ERR,ERR,ERR,ERR,ERR,ERR,ERR,ERR,ERR,ERR,ERR,ERR,ERR,ERR,ERR,ERR,ERR,ERR,ERR,ERR,ERR,ERR,ERR,ERR,ERR,ERR,ERR,ERR,ERR,ERR,ERR,ERR,ERR,ERR,ERR,ERR,ERR,ERR,ERR,ERR,ERR,ERR,ERR,ERR,ERR,ERR,ERR,ERR,ERR,ERR,ERR,ERR,ERR,ERR,ERR,ERR,ERR,ERR,ERR,ERR,60.0,60.0,35,0.0,0.0,0.0,0.0,0.0,0.0,0.0,0.0,0.0,0.0,0.0,0.0,0.0,0.0,0.0,0.0,65.2,0,116,56,34,65476,0,300,0,0,8,20529,65476,0,0,2621,60.0,0.0,0.0,0.0,0.0,0.0
2026-07-09T15:52:52,ERR,ERR,ERR,ERR,ERR,ERR,ERR,ERR,ERR,ERR,ERR,ERR,ERR,ERR,ERR,ERR,ERR,ERR,ERR,ERR,ERR,ERR,ERR,ERR,ERR,ERR,ERR,ERR,ERR,ERR,ERR,ERR,ERR,ERR,ERR,ERR,ERR,ERR,ERR,ERR,ERR,ERR,ERR,ERR,ERR,ERR,ERR,ERR,ERR,ERR,ERR,ERR,ERR,ERR,ERR,ERR,ERR,ERR,ERR,ERR,ERR,ERR,ERR,ERR,ERR,ERR,ERR,ERR,ERR,ERR,ERR,ERR,ERR,ERR,ERR,ERR,ERR,ERR,ERR,ERR,ERR,ERR,ERR,ERR,ERR,ERR,ERR,ERR,ERR,ERR,ERR,ERR,ERR,ERR,ERR,ERR,ERR,ERR,ERR,ERR,ERR,ERR,ERR,ERR,ERR,ERR,ERR,ERR,ERR,ERR,ERR,ERR,ERR,ERR,ERR,ERR,ERR,ERR,ERR,ERR,ERR,ERR,ERR,ERR,ERR,0.0,0.0,0.0,0.0,4407720673280.0,-0.0,3.362227418935316e+28,-7.567903484438463e+32,0,0,4,17304,7116,0.0,100,0.0,0.0,0.0,0.0,0.0,0,0,0,0,0.0,0,0,0,0,0,0,0,0,0,0,0,0,0,0,0,0,0,0,0,0,0,0,0,0,0,0,0,0,0,0,0,0,0,31,40,40,71,65476,0,300,0,0,8,21553,0.0,-107605600.0,0.0,0.0,0.0,0.0,0.0,0.0,0.0,0.0,0.0,0.0,0.0,0.0,0.0,0.0,0.0,0.0,0.0,0.0,0.0,0.0,-2.004,-2.004,0.0,0.0,0.0,0.0,0.0,0.0,5455.0,-0.0,6930.0,0.0,2.718444072098929e+23,2.004,2.004,0.0,0.0,0.0,0.0,69,0.0,126840684544.0,0.0,0.0,0.0,0.0,0.0,0.0,0.0,0,0,0,0.0,0.0,0.0,0.0,0.0,0.0,0.0,0.0,0.0,0.0,0.0,0.0,0.0,0.0,0.0,0.0,0,-107875648.0,69,0.0,138,0.0,2.012,ERR,ERR,ERR,ERR,ERR,ERR,ERR,ERR,ERR,ERR,ERR,ERR,ERR,ERR,ERR,ERR,ERR,ERR,ERR,ERR,ERR,ERR,ERR,ERR,ERR,ERR,ERR,ERR,ERR,ERR,ERR,ERR,ERR,ERR,ERR,ERR,ERR,ERR,ERR,ERR,ERR,ERR,ERR,ERR,ERR,ERR,ERR,ERR,ERR,ERR,ERR,ERR,ERR,ERR,ERR,ERR,ERR,ERR,ERR,ERR,ERR,ERR,ERR,ERR,ERR,ERR,ERR,60.0,60.0,35,0.0,0.0,0.0,0.0,0.0,0.0,0.0,0.0,0.0,0.0,0.0,0.0,0.0,0.0,0.0,0.0,65.2,0,116,56,34,65476,0,300,0,0,8,20529,65476,0,0,2621,60.0,0.0,0.0,0.0,0.0,0.0
2026-07-09T15:52:53,ERR,ERR,ERR,ERR,ERR,ERR,ERR,ERR,ERR,ERR,ERR,ERR,ERR,ERR,ERR,ERR,ERR,ERR,ERR,ERR,ERR,ERR,ERR,ERR,ERR,ERR,ERR,ERR,ERR,ERR,ERR,ERR,ERR,ERR,ERR,ERR,ERR,ERR,ERR,ERR,ERR,ERR,ERR,ERR,ERR,ERR,ERR,ERR,ERR,ERR,ERR,ERR,ERR,ERR,ERR,ERR,ERR,ERR,ERR,ERR,ERR,ERR,ERR,ERR,ERR,ERR,ERR,ERR,ERR,ERR,ERR,ERR,ERR,ERR,ERR,ERR,ERR,ERR,ERR,ERR,ERR,ERR,ERR,ERR,ERR,ERR,ERR,ERR,ERR,ERR,ERR,ERR,ERR,ERR,ERR,ERR,ERR,ERR,ERR,ERR,ERR,ERR,ERR,ERR,ERR,ERR,ERR,ERR,ERR,ERR,ERR,ERR,ERR,ERR,ERR,ERR,ERR,ERR,ERR,ERR,ERR,ERR,ERR,ERR,ERR,0.0,0.0,0.0,0.0,4407720673280.0,-0.0,3.362227418935316e+28,-7.567903484438463e+32,0,0,4,17304,7116,0.0,100,0.0,0.0,0.0,0.0,0.0,0,0,0,0,0.0,0,0,0,0,0,0,0,0,0,0,0,0,0,0,0,0,0,0,0,0,0,0,0,0,0,0,0,0,0,0,0,0,0,31,40,40,71,65476,0,300,0,0,8,21553,0.0,-107605600.0,0.0,0.0,0.0,0.0,0.0,0.0,0.0,0.0,0.0,0.0,0.0,0.0,0.0,0.0,0.0,0.0,0.0,0.0,0.0,0.0,-2.004,-2.004,0.0,0.0,0.0,0.0,0.0,0.0,5455.0,-0.0,6930.0,0.0,2.718444072098929e+23,2.004,2.004,0.0,0.0,0.0,0.0,69,0.0,126840684544.0,0.0,0.0,0.0,0.0,0.0,0.0,0.0,0,0,0,0.0,0.0,0.0,0.0,0.0,0.0,0.0,0.0,0.0,0.0,0.0,0.0,0.0,0.0,0.0,0.0,0,-107875648.0,69,0.0,138,0.0,2.012,ERR,ERR,ERR,ERR,ERR,ERR,ERR,ERR,ERR,ERR,ERR,ERR,ERR,ERR,ERR,ERR,ERR,ERR,ERR,ERR,ERR,ERR,ERR,ERR,ERR,ERR,ERR,ERR,ERR,ERR,ERR,ERR,ERR,ERR,ERR,ERR,ERR,ERR,ERR,ERR,ERR,ERR,ERR,ERR,ERR,ERR,ERR,ERR,ERR,ERR,ERR,ERR,ERR,ERR,ERR,ERR,ERR,ERR,ERR,ERR,ERR,ERR,ERR,ERR,ERR,ERR,ERR,60.0,60.0,35,0.0,0.0,0.0,0.0,0.0,0.0,0.0,0.0,0.0,0.0,0.0,0.0,0.0,0.0,0.0,0.0,65.2,0,116,56,34,65476,0,300,0,0,8,20529,65476,0,0,2621,60.0,0.0,0.0,0.0,0.0,0.0
2026-07-09T15:52:54,ERR,ERR,ERR,ERR,ERR,ERR,ERR,ERR,ERR,ERR,ERR,ERR,ERR,ERR,ERR,ERR,ERR,ERR,ERR,ERR,ERR,ERR,ERR,ERR,ERR,ERR,ERR,ERR,ERR,ERR,ERR,ERR,ERR,ERR,ERR,ERR,ERR,ERR,ERR,ERR,ERR,ERR,ERR,ERR,ERR,ERR,ERR,ERR,ERR,ERR,ERR,ERR,ERR,ERR,ERR,ERR,ERR,ERR,ERR,ERR,ERR,ERR,ERR,ERR,ERR,ERR,ERR,ERR,ERR,ERR,ERR,ERR,ERR,ERR,ERR,ERR,ERR,ERR,ERR,ERR,ERR,ERR,ERR,ERR,ERR,ERR,ERR,ERR,ERR,ERR,ERR,ERR,ERR,ERR,ERR,ERR,ERR,ERR,ERR,ERR,ERR,ERR,ERR,ERR,ERR,ERR,ERR,ERR,ERR,ERR,ERR,ERR,ERR,ERR,ERR,ERR,ERR,ERR,ERR,ERR,ERR,ERR,ERR,ERR,ERR,0.0,0.0,0.0,0.0,4407720673280.0,-0.0,3.362227418935316e+28,-7.567903484438463e+32,0,0,4,17304,7116,0.0,100,0.0,0.0,0.0,0.0,0.0,0,0,0,0,0.0,0,0,0,0,0,0,0,0,0,0,0,0,0,0,0,0,0,0,0,0,0,0,0,0,0,0,0,0,0,0,0,0,0,31,40,40,71,65476,0,300,0,0,8,21553,0.0,-107605600.0,0.0,0.0,0.0,0.0,0.0,0.0,0.0,0.0,0.0,0.0,0.0,0.0,0.0,0.0,0.0,0.0,0.0,0.0,0.0,0.0,-2.004,-2.004,0.0,0.0,0.0,0.0,0.0,0.0,5455.0,-0.0,6930.0,0.0,2.718444072098929e+23,2.004,2.004,0.0,0.0,0.0,0.0,69,0.0,126840684544.0,0.0,0.0,0.0,0.0,0.0,0.0,0.0,0,0,0,0.0,0.0,0.0,0.0,0.0,0.0,0.0,0.0,0.0,0.0,0.0,0.0,0.0,0.0,0.0,0.0,0,-107875648.0,69,0.0,138,0.0,2.012,ERR,ERR,ERR,ERR,ERR,ERR,ERR,ERR,ERR,ERR,ERR,ERR,ERR,ERR,ERR,ERR,ERR,ERR,ERR,ERR,ERR,ERR,ERR,ERR,ERR,ERR,ERR,ERR,ERR,ERR,ERR,ERR,ERR,ERR,ERR,ERR,ERR,ERR,ERR,ERR,ERR,ERR,ERR,ERR,ERR,ERR,ERR,ERR,ERR,ERR,ERR,ERR,ERR,ERR,ERR,ERR,ERR,ERR,ERR,ERR,ERR,ERR,ERR,ERR,ERR,ERR,ERR,60.0,60.0,35,0.0,0.0,0.0,0.0,0.0,0.0,0.0,0.0,0.0,0.0,0.0,0.0,0.0,0.0,0.0,0.0,65.6,0,116,56,34,65476,0,300,0,0,8,20529,65476,0,0,2621,60.0,0.0,0.0,0.0,0.0,0.0
2026-07-09T15:52:55,ERR,ERR,ERR,ERR,ERR,ERR,ERR,ERR,ERR,ERR,ERR,ERR,ERR,ERR,ERR,ERR,ERR,ERR,ERR,ERR,ERR,ERR,ERR,ERR,ERR,ERR,ERR,ERR,ERR,ERR,ERR,ERR,ERR,ERR,ERR,ERR,ERR,ERR,ERR,ERR,ERR,ERR,ERR,ERR,ERR,ERR,ERR,ERR,ERR,ERR,ERR,ERR,ERR,ERR,ERR,ERR,ERR,ERR,ERR,ERR,ERR,ERR,ERR,ERR,ERR,ERR,ERR,ERR,ERR,ERR,ERR,ERR,ERR,ERR,ERR,ERR,ERR,ERR,ERR,ERR,ERR,ERR,ERR,ERR,ERR,ERR,ERR,ERR,ERR,ERR,ERR,ERR,ERR,ERR,ERR,ERR,ERR,ERR,ERR,ERR,ERR,ERR,ERR,ERR,ERR,ERR,ERR,ERR,ERR,ERR,ERR,ERR,ERR,ERR,ERR,ERR,ERR,ERR,ERR,ERR,ERR,ERR,ERR,ERR,ERR,0.0,0.0,-107614784.0,0.0,-0.0,181672080.0,-0.575,36077888864256.0,0,0,4,17306,7116,0.0,100,0.0,0.0,0.0,0.0,0.0,0,0,0,0,0.0,0,0,0,0,0,0,0,0,0,0,0,0,0,0,0,0,0,0,0,0,0,0,0,0,0,0,0,0,0,0,0,0,0,31,40,40,71,65476,0,300,0,0,8,21553,0.0,-107605600.0,0.0,0.0,0.0,0.0,0.0,0.0,0.0,0.0,0.0,0.0,0.0,0.0,0.0,0.0,0.0,0.0,0.0,0.0,0.0,0.0,-2.004,3.697065627150293e+19,0.0,0.0,0.0,0.0,0.0,0.0,5458.0,-0.0,6929.0,0.0,2.718444252242914e+23,2.004,2.004,0.0,0.0,0.0,0.0,69,0.0,0.0,0.0,0.0,0.0,0.0,0.0,0.0,0.0,0,0,0,0.0,0.0,0.0,0.0,0.0,0.0,0.0,0.0,0.0,0.0,0.0,0.0,0.0,0.0,0.0,0.0,0,-107875648.0,69,0.0,138,0.0,2.012,ERR,ERR,ERR,ERR,ERR,ERR,ERR,ERR,ERR,ERR,ERR,ERR,ERR,ERR,ERR,ERR,ERR,ERR,ERR,ERR,ERR,ERR,ERR,ERR,ERR,ERR,ERR,ERR,ERR,ERR,ERR,ERR,ERR,ERR,ERR,ERR,ERR,ERR,ERR,ERR,ERR,ERR,ERR,ERR,ERR,ERR,ERR,ERR,ERR,ERR,ERR,ERR,ERR,ERR,ERR,ERR,ERR,ERR,ERR,ERR,ERR,ERR,ERR,ERR,ERR,ERR,ERR,60.0,60.0,35,0.0,0.0,0.0,0.0,0.0,0.0,0.0,0.0,0.0,0.0,0.0,0.0,0.0,0.0,0.0,0.0,65.6,0,116,56,34,65476,0,300,0,0,8,20529,65476,0,0,2621,60.0,0.0,0.0,0.0,0.0,0.0
2026-07-09T15:52:56,ERR,ERR,ERR,ERR,ERR,ERR,ERR,ERR,ERR,ERR,ERR,ERR,ERR,ERR,ERR,ERR,ERR,ERR,ERR,ERR,ERR,ERR,ERR,ERR,ERR,ERR,ERR,ERR,ERR,ERR,ERR,ERR,ERR,ERR,ERR,ERR,ERR,ERR,ERR,ERR,ERR,ERR,ERR,ERR,ERR,ERR,ERR,ERR,ERR,ERR,ERR,ERR,ERR,ERR,ERR,ERR,ERR,ERR,ERR,ERR,ERR,ERR,ERR,ERR,ERR,ERR,ERR,ERR,ERR,ERR,ERR,ERR,ERR,ERR,ERR,ERR,ERR,ERR,ERR,ERR,ERR,ERR,ERR,ERR,ERR,ERR,ERR,ERR,ERR,ERR,ERR,ERR,ERR,ERR,ERR,ERR,ERR,ERR,ERR,ERR,ERR,ERR,ERR,ERR,ERR,ERR,ERR,ERR,ERR,ERR,ERR,ERR,ERR,ERR,ERR,ERR,ERR,ERR,ERR,ERR,ERR,ERR,ERR,ERR,ERR,0.0,0.0,-107614784.0,0.0,-0.0,181672080.0,-0.575,36077888864256.0,0,0,4,17306,7116,0.0,100,0.0,0.0,0.0,0.0,0.0,0,0,0,0,0.0,0,0,0,0,0,0,0,0,0,0,0,0,0,0,0,0,0,0,0,0,0,0,0,0,0,0,0,0,0,0,0,0,0,31,40,40,71,65476,0,300,0,0,8,21553,0.0,-107605600.0,0.0,0.0,0.0,0.0,0.0,0.0,0.0,0.0,0.0,0.0,0.0,0.0,0.0,0.0,0.0,0.0,0.0,0.0,0.0,0.0,-2.004,3.697065627150293e+19,0.0,0.0,0.0,0.0,0.0,0.0,5458.0,-0.0,6929.0,0.0,2.718444252242914e+23,2.004,2.004,0.0,0.0,0.0,0.0,69,0.0,0.0,0.0,0.0,0.0,0.0,0.0,0.0,0.0,0,0,0,0.0,0.0,0.0,0.0,0.0,0.0,0.0,0.0,0.0,0.0,0.0,0.0,0.0,0.0,0.0,0.0,0,-107875648.0,69,0.0,138,0.0,2.012,ERR,ERR,ERR,ERR,ERR,ERR,ERR,ERR,ERR,ERR,ERR,ERR,ERR,ERR,ERR,ERR,ERR,ERR,ERR,ERR,ERR,ERR,ERR,ERR,ERR,ERR,ERR,ERR,ERR,ERR,ERR,ERR,ERR,ERR,ERR,ERR,ERR,ERR,ERR,ERR,ERR,ERR,ERR,ERR,ERR,ERR,ERR,ERR,ERR,ERR,ERR,ERR,ERR,ERR,ERR,ERR,ERR,ERR,ERR,ERR,ERR,ERR,ERR,ERR,ERR,ERR,ERR,60.0,60.0,35,0.0,0.0,0.0,0.0,0.0,0.0,0.0,0.0,0.0,0.0,0.0,0.0,0.0,0.0,0.0,0.0,65.6,0,116,56,34,65476,0,300,0,0,8,20529,65476,0,0,2621,60.0,0.0,0.0,0.0,0.0,0.0
2026-07-09T15:52:57,ERR,ERR,ERR,ERR,ERR,ERR,ERR,ERR,ERR,ERR,ERR,ERR,ERR,ERR,ERR,ERR,ERR,ERR,ERR,ERR,ERR,ERR,ERR,ERR,ERR,ERR,ERR,ERR,ERR,ERR,ERR,ERR,ERR,ERR,ERR,ERR,ERR,ERR,ERR,ERR,ERR,ERR,ERR,ERR,ERR,ERR,ERR,ERR,ERR,ERR,ERR,ERR,ERR,ERR,ERR,ERR,ERR,ERR,ERR,ERR,ERR,ERR,ERR,ERR,ERR,ERR,ERR,ERR,ERR,ERR,ERR,ERR,ERR,ERR,ERR,ERR,ERR,ERR,ERR,ERR,ERR,ERR,ERR,ERR,ERR,ERR,ERR,ERR,ERR,ERR,ERR,ERR,ERR,ERR,ERR,ERR,ERR,ERR,ERR,ERR,ERR,ERR,ERR,ERR,ERR,ERR,ERR,ERR,ERR,ERR,ERR,ERR,ERR,ERR,ERR,ERR,ERR,ERR,ERR,ERR,ERR,ERR,ERR,ERR,ERR,0.0,0.0,-107614784.0,0.0,-0.0,181672080.0,-0.575,36077888864256.0,0,0,4,17306,7116,0.0,100,0.0,0.0,0.0,0.0,0.0,0,0,0,0,0.0,0,0,0,0,0,0,0,0,0,0,0,0,0,0,0,0,0,0,0,0,0,0,0,0,0,0,0,0,0,0,0,0,0,31,40,40,71,65476,0,300,0,0,8,21553,0.0,-107605600.0,0.0,0.0,0.0,0.0,0.0,0.0,0.0,0.0,0.0,0.0,0.0,0.0,0.0,0.0,0.0,0.0,0.0,0.0,0.0,0.0,-2.004,3.697065627150293e+19,0.0,0.0,0.0,0.0,0.0,0.0,5458.0,-0.0,6929.0,0.0,2.718444252242914e+23,2.004,2.004,0.0,0.0,0.0,0.0,69,0.0,0.0,0.0,0.0,0.0,0.0,0.0,0.0,0.0,0,0,0,0.0,0.0,0.0,0.0,0.0,0.0,0.0,0.0,0.0,0.0,0.0,0.0,0.0,0.0,0.0,0.0,0,-107875648.0,69,0.0,138,0.0,2.012,ERR,ERR,ERR,ERR,ERR,ERR,ERR,ERR,ERR,ERR,ERR,ERR,ERR,ERR,ERR,ERR,ERR,ERR,ERR,ERR,ERR,ERR,ERR,ERR,ERR,ERR,ERR,ERR,ERR,ERR,ERR,ERR,ERR,ERR,ERR,ERR,ERR,ERR,ERR,ERR,ERR,ERR,ERR,ERR,ERR,ERR,ERR,ERR,ERR,ERR,ERR,ERR,ERR,ERR,ERR,ERR,ERR,ERR,ERR,ERR,ERR,ERR,ERR,ERR,ERR,ERR,ERR,60.0,60.0,35,0.0,0.0,0.0,0.0,0.0,0.0,0.0,0.0,0.0,0.0,0.0,0.0,0.0,0.0,0.0,0.0,65.2,0,116,56,34,65476,0,300,0,0,8,20529,65476,0,0,2621,60.0,0.0,0.0,0.0,0.0,0.0
2026-07-09T15:52:58,ERR,ERR,ERR,ERR,ERR,ERR,ERR,ERR,ERR,ERR,ERR,ERR,ERR,ERR,ERR,ERR,ERR,ERR,ERR,ERR,ERR,ERR,ERR,ERR,ERR,ERR,ERR,ERR,ERR,ERR,ERR,ERR,ERR,ERR,ERR,ERR,ERR,ERR,ERR,ERR,ERR,ERR,ERR,ERR,ERR,ERR,ERR,ERR,ERR,ERR,ERR,ERR,ERR,ERR,ERR,ERR,ERR,ERR,ERR,ERR,ERR,ERR,ERR,ERR,ERR,ERR,ERR,ERR,ERR,ERR,ERR,ERR,ERR,ERR,ERR,ERR,ERR,ERR,ERR,ERR,ERR,ERR,ERR,ERR,ERR,ERR,ERR,ERR,ERR,ERR,ERR,ERR,ERR,ERR,ERR,ERR,ERR,ERR,ERR,ERR,ERR,ERR,ERR,ERR,ERR,ERR,ERR,ERR,ERR,ERR,ERR,ERR,ERR,ERR,ERR,ERR,ERR,ERR,ERR,ERR,ERR,ERR,ERR,ERR,ERR,0.0,0.0,-107614784.0,0.0,-0.0,181672080.0,-0.575,36077888864256.0,0,0,4,17306,7116,0.0,100,0.0,0.0,0.0,0.0,0.0,0,0,0,0,0.0,0,0,0,0,0,0,0,0,0,0,0,0,0,0,0,0,0,0,0,0,0,0,0,0,0,0,0,0,0,0,0,0,0,31,40,40,71,65476,0,300,0,0,8,21553,0.0,-107605600.0,0.0,0.0,0.0,0.0,0.0,0.0,0.0,0.0,0.0,0.0,0.0,0.0,0.0,0.0,0.0,0.0,0.0,0.0,0.0,0.0,-2.004,3.697065627150293e+19,0.0,0.0,0.0,0.0,0.0,0.0,5458.0,-0.0,6929.0,0.0,2.718444252242914e+23,2.004,2.004,0.0,0.0,0.0,0.0,69,0.0,0.0,0.0,0.0,0.0,0.0,0.0,0.0,0.0,0,0,0,0.0,0.0,0.0,0.0,0.0,0.0,0.0,0.0,0.0,0.0,0.0,0.0,0.0,0.0,0.0,0.0,0,-107875648.0,69,0.0,138,0.0,2.012,ERR,ERR,ERR,ERR,ERR,ERR,ERR,ERR,ERR,ERR,ERR,ERR,ERR,ERR,ERR,ERR,ERR,ERR,ERR,ERR,ERR,ERR,ERR,ERR,ERR,ERR,ERR,ERR,ERR,ERR,ERR,ERR,ERR,ERR,ERR,ERR,ERR,ERR,ERR,ERR,ERR,ERR,ERR,ERR,ERR,ERR,ERR,ERR,ERR,ERR,ERR,ERR,ERR,ERR,ERR,ERR,ERR,ERR,ERR,ERR,ERR,ERR,ERR,ERR,ERR,ERR,ERR,60.0,60.0,35,0.0,0.0,0.0,0.0,0.0,0.0,0.0,0.0,0.0,0.0,0.0,0.0,0.0,0.0,0.0,0.0,65.2,0,116,56,34,65476,0,300,0,0,8,20529,65476,0,0,2621,60.0,0.0,0.0,0.0,0.0,0.0
2026-07-09T15:52:59,ERR,ERR,ERR,ERR,ERR,ERR,ERR,ERR,ERR,ERR,ERR,ERR,ERR,ERR,ERR,ERR,ERR,ERR,ERR,ERR,ERR,ERR,ERR,ERR,ERR,ERR,ERR,ERR,ERR,ERR,ERR,ERR,ERR,ERR,ERR,ERR,ERR,ERR,ERR,ERR,ERR,ERR,ERR,ERR,ERR,ERR,ERR,ERR,ERR,ERR,ERR,ERR,ERR,ERR,ERR,ERR,ERR,ERR,ERR,ERR,ERR,ERR,ERR,ERR,ERR,ERR,ERR,ERR,ERR,ERR,ERR,ERR,ERR,ERR,ERR,ERR,ERR,ERR,ERR,ERR,ERR,ERR,ERR,ERR,ERR,ERR,ERR,ERR,ERR,ERR,ERR,ERR,ERR,ERR,ERR,ERR,ERR,ERR,ERR,ERR,ERR,ERR,ERR,ERR,ERR,ERR,ERR,ERR,ERR,ERR,ERR,ERR,ERR,ERR,ERR,ERR,ERR,ERR,ERR,ERR,ERR,ERR,ERR,ERR,ERR,0.0,0.0,-107614784.0,0.0,-0.0,181672080.0,-0.575,36077888864256.0,0,0,4,17306,7116,0.0,100,0.0,0.0,0.0,0.0,0.0,0,0,0,0,0.0,0,0,0,0,0,0,0,0,0,0,0,0,0,0,0,0,0,0,0,0,0,0,0,0,0,0,0,0,0,0,0,0,0,31,40,40,71,65476,0,300,0,0,8,21553,0.0,-107605600.0,0.0,0.0,0.0,0.0,0.0,0.0,0.0,0.0,0.0,0.0,0.0,0.0,0.0,0.0,0.0,0.0,0.0,0.0,0.0,0.0,-2.004,3.697065627150293e+19,0.0,0.0,0.0,0.0,0.0,0.0,5458.0,-0.0,6929.0,0.0,2.718444252242914e+23,2.004,2.004,0.0,0.0,0.0,0.0,69,0.0,0.0,0.0,0.0,0.0,0.0,0.0,0.0,0.0,0,0,0,0.0,0.0,0.0,0.0,0.0,0.0,0.0,0.0,0.0,0.0,0.0,0.0,0.0,0.0,0.0,0.0,0,-107875648.0,69,0.0,138,0.0,2.012,ERR,ERR,ERR,ERR,ERR,ERR,ERR,ERR,ERR,ERR,ERR,ERR,ERR,ERR,ERR,ERR,ERR,ERR,ERR,ERR,ERR,ERR,ERR,ERR,ERR,ERR,ERR,ERR,ERR,ERR,ERR,ERR,ERR,ERR,ERR,ERR,ERR,ERR,ERR,ERR,ERR,ERR,ERR,ERR,ERR,ERR,ERR,ERR,ERR,ERR,ERR,ERR,ERR,ERR,ERR,ERR,ERR,ERR,ERR,ERR,ERR,ERR,ERR,ERR,ERR,ERR,ERR,60.0,60.0,35,0.0,0.0,0.0,0.0,0.0,0.0,0.0,0.0,0.0,0.0,0.0,0.0,0.0,0.0,0.0,0.0,65.2,0,116,56,34,65476,0,300,0,0,8,20529,65476,0,0,2621,60.0,0.0,0.0,0.0,0.0,0.0
2026-07-09T15:53:00,ERR,ERR,ERR,ERR,ERR,ERR,ERR,ERR,ERR,ERR,ERR,ERR,ERR,ERR,ERR,ERR,ERR,ERR,ERR,ERR,ERR,ERR,ERR,ERR,ERR,ERR,ERR,ERR,ERR,ERR,ERR,ERR,ERR,ERR,ERR,ERR,ERR,ERR,ERR,ERR,ERR,ERR,ERR,ERR,ERR,ERR,ERR,ERR,ERR,ERR,ERR,ERR,ERR,ERR,ERR,ERR,ERR,ERR,ERR,ERR,ERR,ERR,ERR,ERR,ERR,ERR,ERR,ERR,ERR,ERR,ERR,ERR,ERR,ERR,ERR,ERR,ERR,ERR,ERR,ERR,ERR,ERR,ERR,ERR,ERR,ERR,ERR,ERR,ERR,ERR,ERR,ERR,ERR,ERR,ERR,ERR,ERR,ERR,ERR,ERR,ERR,ERR,ERR,ERR,ERR,ERR,ERR,ERR,ERR,ERR,ERR,ERR,ERR,ERR,ERR,ERR,ERR,ERR,ERR,ERR,ERR,ERR,ERR,ERR,ERR,-0.0,2.718444432386899e+23,0.0,0.0,2141457280.0,0.0,0.001,0.521,0,0,4,17308,7116,0.0,100,0.0,0.0,0.0,0.0,0.0,0,0,0,0,0.0,0,0,0,0,0,0,0,0,0,0,0,0,0,0,0,0,0,0,0,0,0,0,0,0,0,0,0,0,0,0,0,0,0,31,40,40,71,65476,0,300,0,0,8,21553,0.0,-107605600.0,0.0,0.0,0.0,0.0,0.0,0.0,0.0,0.0,0.0,0.0,0.0,0.0,0.0,0.0,0.0,0.0,0.0,0.0,0.0,0.0,0.0,2.004,0.0,0.0,0.0,0.0,0.0,0.0,5453.0,-0.0,6930.0,-0.0,0.0,2.004,2.004,0.0,0.0,0.0,0.0,69,-3.2220071944623454e+26,0.0,0.0,0.0,0.0,0.0,0.0,0.0,0.0,0,0,0,0.0,0.0,0.0,0.0,0.0,0.0,0.0,0.0,0.0,0.0,0.0,0.0,0.0,0.0,0.0,0.0,0,-107875648.0,69,0.0,138,0.0,2.012,ERR,ERR,ERR,ERR,ERR,ERR,ERR,ERR,ERR,ERR,ERR,ERR,ERR,ERR,ERR,ERR,ERR,ERR,ERR,ERR,ERR,ERR,ERR,ERR,ERR,ERR,ERR,ERR,ERR,ERR,ERR,ERR,ERR,ERR,ERR,ERR,ERR,ERR,ERR,ERR,ERR,ERR,ERR,ERR,ERR,ERR,ERR,ERR,ERR,ERR,ERR,ERR,ERR,ERR,ERR,ERR,ERR,ERR,ERR,ERR,ERR,ERR,ERR,ERR,ERR,ERR,ERR,60.0,60.0,35,0.0,0.0,0.0,0.0,0.0,0.0,0.0,0.0,0.0,0.0,0.0,0.0,0.0,0.0,0.0,0.0,65.2,0,116,56,34,65476,0,300,0,0,8,20529,65476,0,0,2621,60.0,0.0,0.0,0.0,0.0,0.0
2026-07-09T15:53:01,ERR,ERR,ERR,ERR,ERR,ERR,ERR,ERR,ERR,ERR,ERR,ERR,ERR,ERR,ERR,ERR,ERR,ERR,ERR,ERR,ERR,ERR,ERR,ERR,ERR,ERR,ERR,ERR,ERR,ERR,ERR,ERR,ERR,ERR,ERR,ERR,ERR,ERR,ERR,ERR,ERR,ERR,ERR,ERR,ERR,ERR,ERR,ERR,ERR,ERR,ERR,ERR,ERR,ERR,ERR,ERR,ERR,ERR,ERR,ERR,ERR,ERR,ERR,ERR,ERR,ERR,ERR,ERR,ERR,ERR,ERR,ERR,ERR,ERR,ERR,ERR,ERR,ERR,ERR,ERR,ERR,ERR,ERR,ERR,ERR,ERR,ERR,ERR,ERR,ERR,ERR,ERR,ERR,ERR,ERR,ERR,ERR,ERR,ERR,ERR,ERR,ERR,ERR,ERR,ERR,ERR,ERR,ERR,ERR,ERR,ERR,ERR,ERR,ERR,ERR,ERR,ERR,ERR,ERR,ERR,ERR,ERR,ERR,ERR,ERR,-0.0,2.718444432386899e+23,0.0,0.0,2141457280.0,0.0,0.001,0.521,0,0,4,17308,7116,0.0,100,0.0,0.0,0.0,0.0,0.0,0,0,0,0,0.0,0,0,0,0,0,0,0,0,0,0,0,0,0,0,0,0,0,0,0,0,0,0,0,0,0,0,0,0,0,0,0,0,0,31,40,40,71,65476,0,300,0,0,8,21553,0.0,-107605600.0,0.0,0.0,0.0,0.0,0.0,0.0,0.0,0.0,0.0,0.0,0.0,0.0,0.0,0.0,0.0,0.0,0.0,0.0,0.0,0.0,0.0,2.004,0.0,0.0,0.0,0.0,0.0,0.0,5453.0,-0.0,6930.0,-0.0,0.0,2.004,2.004,0.0,0.0,0.0,0.0,69,-3.2220071944623454e+26,0.0,0.0,0.0,0.0,0.0,0.0,0.0,0.0,0,0,0,0.0,0.0,0.0,0.0,0.0,0.0,0.0,0.0,0.0,0.0,0.0,0.0,0.0,0.0,0.0,0.0,0,-107875648.0,69,0.0,138,0.0,2.012,ERR,ERR,ERR,ERR,ERR,ERR,ERR,ERR,ERR,ERR,ERR,ERR,ERR,ERR,ERR,ERR,ERR,ERR,ERR,ERR,ERR,ERR,ERR,ERR,ERR,ERR,ERR,ERR,ERR,ERR,ERR,ERR,ERR,ERR,ERR,ERR,ERR,ERR,ERR,ERR,ERR,ERR,ERR,ERR,ERR,ERR,ERR,ERR,ERR,ERR,ERR,ERR,ERR,ERR,ERR,ERR,ERR,ERR,ERR,ERR,ERR,ERR,ERR,ERR,ERR,ERR,ERR,60.0,60.0,35,0.0,0.0,0.0,0.0,0.0,0.0,0.0,0.0,0.0,0.0,0.0,0.0,0.0,0.0,0.0,0.0,65.2,0,116,56,34,65476,0,300,0,0,8,20529,65476,0,0,2621,60.0,0.0,0.0,0.0,0.0,0.0
2026-07-09T15:53:02,ERR,ERR,ERR,ERR,ERR,ERR,ERR,ERR,ERR,ERR,ERR,ERR,ERR,ERR,ERR,ERR,ERR,ERR,ERR,ERR,ERR,ERR,ERR,ERR,ERR,ERR,ERR,ERR,ERR,ERR,ERR,ERR,ERR,ERR,ERR,ERR,ERR,ERR,ERR,ERR,ERR,ERR,ERR,ERR,ERR,ERR,ERR,ERR,ERR,ERR,ERR,ERR,ERR,ERR,ERR,ERR,ERR,ERR,ERR,ERR,ERR,ERR,ERR,ERR,ERR,ERR,ERR,ERR,ERR,ERR,ERR,ERR,ERR,ERR,ERR,ERR,ERR,ERR,ERR,ERR,ERR,ERR,ERR,ERR,ERR,ERR,ERR,ERR,ERR,ERR,ERR,ERR,ERR,ERR,ERR,ERR,ERR,ERR,ERR,ERR,ERR,ERR,ERR,ERR,ERR,ERR,ERR,ERR,ERR,ERR,ERR,ERR,ERR,ERR,ERR,ERR,ERR,ERR,ERR,ERR,ERR,ERR,ERR,ERR,ERR,-0.0,2.718444432386899e+23,0.0,0.0,2141457280.0,0.0,0.001,0.521,0,0,4,17308,7116,0.0,100,0.0,0.0,0.0,0.0,0.0,0,0,0,0,0.0,0,0,0,0,0,0,0,0,0,0,0,0,0,0,0,0,0,0,0,0,0,0,0,0,0,0,0,0,0,0,0,0,0,31,40,40,71,65476,0,300,0,0,8,21553,0.0,-107605600.0,0.0,0.0,0.0,0.0,0.0,0.0,0.0,0.0,0.0,0.0,0.0,0.0,0.0,0.0,0.0,0.0,0.0,0.0,0.0,0.0,0.0,2.004,0.0,0.0,0.0,0.0,0.0,0.0,5453.0,-0.0,6930.0,-0.0,0.0,2.004,2.004,0.0,0.0,0.0,0.0,69,-3.2220071944623454e+26,0.0,0.0,0.0,0.0,0.0,0.0,0.0,0.0,0,0,0,0.0,0.0,0.0,0.0,0.0,0.0,0.0,0.0,0.0,0.0,0.0,0.0,0.0,0.0,0.0,0.0,0,-107875648.0,69,0.0,138,0.0,2.012,ERR,ERR,ERR,ERR,ERR,ERR,ERR,ERR,ERR,ERR,ERR,ERR,ERR,ERR,ERR,ERR,ERR,ERR,ERR,ERR,ERR,ERR,ERR,ERR,ERR,ERR,ERR,ERR,ERR,ERR,ERR,ERR,ERR,ERR,ERR,ERR,ERR,ERR,ERR,ERR,ERR,ERR,ERR,ERR,ERR,ERR,ERR,ERR,ERR,ERR,ERR,ERR,ERR,ERR,ERR,ERR,ERR,ERR,ERR,ERR,ERR,ERR,ERR,ERR,ERR,ERR,ERR,60.0,60.0,35,0.0,0.0,0.0,0.0,0.0,0.0,0.0,0.0,0.0,0.0,0.0,0.0,0.0,0.0,0.0,0.0,65.6,0,116,56,34,65476,0,300,0,0,8,20529,65476,0,0,2621,60.0,0.0,0.0,0.0,0.0,0.0
2026-07-09T15:53:03,ERR,ERR,ERR,ERR,ERR,ERR,ERR,ERR,ERR,ERR,ERR,ERR,ERR,ERR,ERR,ERR,ERR,ERR,ERR,ERR,ERR,ERR,ERR,ERR,ERR,ERR,ERR,ERR,ERR,ERR,ERR,ERR,ERR,ERR,ERR,ERR,ERR,ERR,ERR,ERR,ERR,ERR,ERR,ERR,ERR,ERR,ERR,ERR,ERR,ERR,ERR,ERR,ERR,ERR,ERR,ERR,ERR,ERR,ERR,ERR,ERR,ERR,ERR,ERR,ERR,ERR,ERR,ERR,ERR,ERR,ERR,ERR,ERR,ERR,ERR,ERR,ERR,ERR,ERR,ERR,ERR,ERR,ERR,ERR,ERR,ERR,ERR,ERR,ERR,ERR,ERR,ERR,ERR,ERR,ERR,ERR,ERR,ERR,ERR,ERR,ERR,ERR,ERR,ERR,ERR,ERR,ERR,ERR,ERR,ERR,ERR,ERR,ERR,ERR,ERR,ERR,ERR,ERR,ERR,ERR,ERR,ERR,ERR,ERR,ERR,-0.0,2.718444432386899e+23,0.0,0.0,2141457280.0,0.0,0.001,0.521,0,0,4,17308,7116,0.0,100,0.0,0.0,0.0,0.0,0.0,0,0,0,0,0.0,0,0,0,0,0,0,0,0,0,0,0,0,0,0,0,0,0,0,0,0,0,0,0,0,0,0,0,0,0,0,0,0,0,31,40,40,71,65476,0,300,0,0,8,21553,0.0,-107605600.0,0.0,0.0,0.0,0.0,0.0,0.0,0.0,0.0,0.0,0.0,0.0,0.0,0.0,0.0,0.0,0.0,0.0,0.0,0.0,0.0,0.0,2.004,0.0,0.0,0.0,0.0,0.0,0.0,5453.0,-0.0,6930.0,-0.0,0.0,2.004,2.004,0.0,0.0,0.0,0.0,69,-3.2220071944623454e+26,0.0,0.0,0.0,0.0,0.0,0.0,0.0,0.0,0,0,0,0.0,0.0,0.0,0.0,0.0,0.0,0.0,0.0,0.0,0.0,0.0,0.0,0.0,0.0,0.0,0.0,0,-107875648.0,69,0.0,138,0.0,2.012,ERR,ERR,ERR,ERR,ERR,ERR,ERR,ERR,ERR,ERR,ERR,ERR,ERR,ERR,ERR,ERR,ERR,ERR,ERR,ERR,ERR,ERR,ERR,ERR,ERR,ERR,ERR,ERR,ERR,ERR,ERR,ERR,ERR,ERR,ERR,ERR,ERR,ERR,ERR,ERR,ERR,ERR,ERR,ERR,ERR,ERR,ERR,ERR,ERR,ERR,ERR,ERR,ERR,ERR,ERR,ERR,ERR,ERR,ERR,ERR,ERR,ERR,ERR,ERR,ERR,ERR,ERR,60.0,60.0,35,0.0,0.0,0.0,0.0,0.0,0.0,0.0,0.0,0.0,0.0,0.0,0.0,0.0,0.0,0.0,0.0,65.6,0,116,56,34,65476,0,300,0,0,8,20529,65476,0,0,2621,60.0,0.0,0.0,0.0,0.0,0.0
2026-07-09T15:53:04,ERR,ERR,ERR,ERR,ERR,ERR,ERR,ERR,ERR,ERR,ERR,ERR,ERR,ERR,ERR,ERR,ERR,ERR,ERR,ERR,ERR,ERR,ERR,ERR,ERR,ERR,ERR,ERR,ERR,ERR,ERR,ERR,ERR,ERR,ERR,ERR,ERR,ERR,ERR,ERR,ERR,ERR,ERR,ERR,ERR,ERR,ERR,ERR,ERR,ERR,ERR,ERR,ERR,ERR,ERR,ERR,ERR,ERR,ERR,ERR,ERR,ERR,ERR,ERR,ERR,ERR,ERR,ERR,ERR,ERR,ERR,ERR,ERR,ERR,ERR,ERR,ERR,ERR,ERR,ERR,ERR,ERR,ERR,ERR,ERR,ERR,ERR,ERR,ERR,ERR,ERR,ERR,ERR,ERR,ERR,ERR,ERR,ERR,ERR,ERR,ERR,ERR,ERR,ERR,ERR,ERR,ERR,ERR,ERR,ERR,ERR,ERR,ERR,ERR,ERR,ERR,ERR,ERR,ERR,ERR,ERR,ERR,ERR,ERR,ERR,-0.0,2.718444432386899e+23,0.0,0.0,2141457280.0,0.0,0.001,0.521,0,0,4,17308,7116,0.0,100,0.0,0.0,0.0,0.0,0.0,0,0,0,0,0.0,0,0,0,0,0,0,0,0,0,0,0,0,0,0,0,0,0,0,0,0,0,0,0,0,0,0,0,0,0,0,0,0,0,31,40,40,71,65476,0,300,0,0,8,21553,0.0,-107605600.0,0.0,0.0,0.0,0.0,0.0,0.0,0.0,0.0,0.0,0.0,0.0,0.0,0.0,0.0,0.0,0.0,0.0,0.0,0.0,0.0,0.0,2.004,0.0,0.0,0.0,0.0,0.0,0.0,5453.0,-0.0,6930.0,-0.0,0.0,2.004,2.004,0.0,0.0,0.0,0.0,69,-3.2220071944623454e+26,0.0,0.0,0.0,0.0,0.0,0.0,0.0,0.0,0,0,0,0.0,0.0,0.0,0.0,0.0,0.0,0.0,0.0,0.0,0.0,0.0,0.0,0.0,0.0,0.0,0.0,0,-107875648.0,69,0.0,138,0.0,2.012,ERR,ERR,ERR,ERR,ERR,ERR,ERR,ERR,ERR,ERR,ERR,ERR,ERR,ERR,ERR,ERR,ERR,ERR,ERR,ERR,ERR,ERR,ERR,ERR,ERR,ERR,ERR,ERR,ERR,ERR,ERR,ERR,ERR,ERR,ERR,ERR,ERR,ERR,ERR,ERR,ERR,ERR,ERR,ERR,ERR,ERR,ERR,ERR,ERR,ERR,ERR,ERR,ERR,ERR,ERR,ERR,ERR,ERR,ERR,ERR,ERR,ERR,ERR,ERR,ERR,ERR,ERR,60.0,60.0,35,0.0,0.0,0.0,0.0,0.0,0.0,0.0,0.0,0.0,0.0,0.0,0.0,0.0,0.0,0.0,0.0,65.6,0,115,56,34,65476,0,300,0,0,8,20529,65476,0,0,2621,60.0,0.0,0.0,0.0,0.0,0.0
2026-07-09T15:53:05,ERR,ERR,ERR,ERR,ERR,ERR,ERR,ERR,ERR,ERR,ERR,ERR,ERR,ERR,ERR,ERR,ERR,ERR,ERR,ERR,ERR,ERR,ERR,ERR,ERR,ERR,ERR,ERR,ERR,ERR,ERR,ERR,ERR,ERR,ERR,ERR,ERR,ERR,ERR,ERR,ERR,ERR,ERR,ERR,ERR,ERR,ERR,ERR,ERR,ERR,ERR,ERR,ERR,ERR,ERR,ERR,ERR,ERR,ERR,ERR,ERR,ERR,ERR,ERR,ERR,ERR,ERR,ERR,ERR,ERR,ERR,ERR,ERR,ERR,ERR,ERR,ERR,ERR,ERR,ERR,ERR,ERR,ERR,ERR,ERR,ERR,ERR,ERR,ERR,ERR,ERR,ERR,ERR,ERR,ERR,ERR,ERR,ERR,ERR,ERR,ERR,ERR,ERR,ERR,ERR,ERR,ERR,ERR,ERR,ERR,ERR,ERR,ERR,ERR,ERR,ERR,ERR,ERR,ERR,ERR,ERR,ERR,ERR,ERR,ERR,-0.0,-107615992.0,0.0,0.0,2.837576036637906e+22,-1565567221760.0,1501420.875,-244992.641,0,0,4,17310,7116,0.0,100,0.0,0.0,0.0,0.0,0.0,0,0,0,0,0.0,0,0,0,0,0,0,0,0,0,0,0,0,0,0,0,0,0,0,0,0,0,0,0,0,0,0,0,0,0,0,0,0,0,31,40,40,71,65476,0,300,0,0,8,21553,0.0,-107605600.0,0.0,0.0,0.0,0.0,0.0,0.0,0.0,0.0,0.0,0.0,0.0,0.0,0.0,0.0,0.0,0.0,0.0,0.0,0.0,0.0,0.0,0.0,0.0,0.0,0.0,0.0,0.0,0.0,5451.0,1.040667113973027e+34,6927.0,-0.0,2.7184447926748693e+23,2.004,2.004,0.0,0.0,0.0,0.0,69,-2.3088301624040358e+20,0.0,0.0,0.0,0.0,0.0,0.0,0.0,0.0,0,0,0,0.0,0.0,0.0,0.0,0.0,0.0,0.0,0.0,0.0,0.0,0.0,0.0,0.0,0.0,0.0,0.0,0,-107875648.0,69,0.0,138,0.0,2.012,ERR,ERR,ERR,ERR,ERR,ERR,ERR,ERR,ERR,ERR,ERR,ERR,ERR,ERR,ERR,ERR,ERR,ERR,ERR,ERR,ERR,ERR,ERR,ERR,ERR,ERR,ERR,ERR,ERR,ERR,ERR,ERR,ERR,ERR,ERR,ERR,ERR,ERR,ERR,ERR,ERR,ERR,ERR,ERR,ERR,ERR,ERR,ERR,ERR,ERR,ERR,ERR,ERR,ERR,ERR,ERR,ERR,ERR,ERR,ERR,ERR,ERR,ERR,ERR,ERR,ERR,ERR,60.0,60.0,35,0.0,0.0,0.0,0.0,0.0,0.0,0.0,0.0,0.0,0.0,0.0,0.0,0.0,0.0,0.0,0.0,65.6,0,115,56,34,65476,0,300,0,0,8,20529,65476,0,0,2621,60.0,0.0,0.0,0.0,0.0,0.0
2026-07-09T15:53:06,ERR,ERR,ERR,ERR,ERR,ERR,ERR,ERR,ERR,ERR,ERR,ERR,ERR,ERR,ERR,ERR,ERR,ERR,ERR,ERR,ERR,ERR,ERR,ERR,ERR,ERR,ERR,ERR,ERR,ERR,ERR,ERR,ERR,ERR,ERR,ERR,ERR,ERR,ERR,ERR,ERR,ERR,ERR,ERR,ERR,ERR,ERR,ERR,ERR,ERR,ERR,ERR,ERR,ERR,ERR,ERR,ERR,ERR,ERR,ERR,ERR,ERR,ERR,ERR,ERR,ERR,ERR,ERR,ERR,ERR,ERR,ERR,ERR,ERR,ERR,ERR,ERR,ERR,ERR,ERR,ERR,ERR,ERR,ERR,ERR,ERR,ERR,ERR,ERR,ERR,ERR,ERR,ERR,ERR,ERR,ERR,ERR,ERR,ERR,ERR,ERR,ERR,ERR,ERR,ERR,ERR,ERR,ERR,ERR,ERR,ERR,ERR,ERR,ERR,ERR,ERR,ERR,ERR,ERR,ERR,ERR,ERR,ERR,ERR,ERR,-0.0,-107615992.0,0.0,0.0,2.837576036637906e+22,-1565567221760.0,1501420.875,-244992.641,0,0,4,17310,7116,0.0,100,0.0,0.0,0.0,0.0,0.0,0,0,0,0,0.0,0,0,0,0,0,0,0,0,0,0,0,0,0,0,0,0,0,0,0,0,0,0,0,0,0,0,0,0,0,0,0,0,0,31,40,40,71,65476,0,300,0,0,8,21553,0.0,-107605600.0,0.0,0.0,0.0,0.0,0.0,0.0,0.0,0.0,0.0,0.0,0.0,0.0,0.0,0.0,0.0,0.0,0.0,0.0,0.0,0.0,0.0,0.0,0.0,0.0,0.0,0.0,0.0,0.0,5451.0,1.040667113973027e+34,6927.0,-0.0,2.7184447926748693e+23,2.004,2.004,0.0,0.0,0.0,0.0,69,-2.3088301624040358e+20,0.0,0.0,0.0,0.0,0.0,0.0,0.0,0.0,0,0,0,0.0,0.0,0.0,0.0,0.0,0.0,0.0,0.0,0.0,0.0,0.0,0.0,0.0,0.0,0.0,0.0,0,-107875648.0,69,0.0,138,0.0,2.012,ERR,ERR,ERR,ERR,ERR,ERR,ERR,ERR,ERR,ERR,ERR,ERR,ERR,ERR,ERR,ERR,ERR,ERR,ERR,ERR,ERR,ERR,ERR,ERR,ERR,ERR,ERR,ERR,ERR,ERR,ERR,ERR,ERR,ERR,ERR,ERR,ERR,ERR,ERR,ERR,ERR,ERR,ERR,ERR,ERR,ERR,ERR,ERR,ERR,ERR,ERR,ERR,ERR,ERR,ERR,ERR,ERR,ERR,ERR,ERR,ERR,ERR,ERR,ERR,ERR,ERR,ERR,60.0,60.0,35,0.0,0.0,0.0,0.0,0.0,0.0,0.0,0.0,0.0,0.0,0.0,0.0,0.0,0.0,0.0,0.0,65.2,0,115,56,34,65476,0,300,0,0,8,20529,65476,0,0,2621,60.0,0.0,0.0,0.0,0.0,0.0
2026-07-09T15:53:07,ERR,ERR,ERR,ERR,ERR,ERR,ERR,ERR,ERR,ERR,ERR,ERR,ERR,ERR,ERR,ERR,ERR,ERR,ERR,ERR,ERR,ERR,ERR,ERR,ERR,ERR,ERR,ERR,ERR,ERR,ERR,ERR,ERR,ERR,ERR,ERR,ERR,ERR,ERR,ERR,ERR,ERR,ERR,ERR,ERR,ERR,ERR,ERR,ERR,ERR,ERR,ERR,ERR,ERR,ERR,ERR,ERR,ERR,ERR,ERR,ERR,ERR,ERR,ERR,ERR,ERR,ERR,ERR,ERR,ERR,ERR,ERR,ERR,ERR,ERR,ERR,ERR,ERR,ERR,ERR,ERR,ERR,ERR,ERR,ERR,ERR,ERR,ERR,ERR,ERR,ERR,ERR,ERR,ERR,ERR,ERR,ERR,ERR,ERR,ERR,ERR,ERR,ERR,ERR,ERR,ERR,ERR,ERR,ERR,ERR,ERR,ERR,ERR,ERR,ERR,ERR,ERR,ERR,ERR,ERR,ERR,ERR,ERR,ERR,ERR,-0.0,-107615992.0,0.0,0.0,2.837576036637906e+22,-1565567221760.0,1501420.875,-244992.641,0,0,4,17310,7116,0.0,100,0.0,0.0,0.0,0.0,0.0,0,0,0,0,0.0,0,0,0,0,0,0,0,0,0,0,0,0,0,0,0,0,0,0,0,0,0,0,0,0,0,0,0,0,0,0,0,0,0,31,40,40,71,65476,0,300,0,0,8,21553,0.0,-107605600.0,0.0,0.0,0.0,0.0,0.0,0.0,0.0,0.0,0.0,0.0,0.0,0.0,0.0,0.0,0.0,0.0,0.0,0.0,0.0,0.0,0.0,0.0,0.0,0.0,0.0,0.0,0.0,0.0,5451.0,1.040667113973027e+34,6927.0,-0.0,2.7184447926748693e+23,2.004,2.004,0.0,0.0,0.0,0.0,69,-2.3088301624040358e+20,0.0,0.0,0.0,0.0,0.0,0.0,0.0,0.0,0,0,0,0.0,0.0,0.0,0.0,0.0,0.0,0.0,0.0,0.0,0.0,0.0,0.0,0.0,0.0,0.0,0.0,0,-107875648.0,69,0.0,138,0.0,2.012,ERR,ERR,ERR,ERR,ERR,ERR,ERR,ERR,ERR,ERR,ERR,ERR,ERR,ERR,ERR,ERR,ERR,ERR,ERR,ERR,ERR,ERR,ERR,ERR,ERR,ERR,ERR,ERR,ERR,ERR,ERR,ERR,ERR,ERR,ERR,ERR,ERR,ERR,ERR,ERR,ERR,ERR,ERR,ERR,ERR,ERR,ERR,ERR,ERR,ERR,ERR,ERR,ERR,ERR,ERR,ERR,ERR,ERR,ERR,ERR,ERR,ERR,ERR,ERR,ERR,ERR,ERR,60.0,60.0,35,0.0,0.0,0.0,0.0,0.0,0.0,0.0,0.0,0.0,0.0,0.0,0.0,0.0,0.0,0.0,0.0,65.2,0,115,56,34,65476,0,300,0,0,8,20529,65476,0,0,2621,60.0,0.0,0.0,0.0,0.0,0.0
2026-07-09T15:53:08,ERR,ERR,ERR,ERR,ERR,ERR,ERR,ERR,ERR,ERR,ERR,ERR,ERR,ERR,ERR,ERR,ERR,ERR,ERR,ERR,ERR,ERR,ERR,ERR,ERR,ERR,ERR,ERR,ERR,ERR,ERR,ERR,ERR,ERR,ERR,ERR,ERR,ERR,ERR,ERR,ERR,ERR,ERR,ERR,ERR,ERR,ERR,ERR,ERR,ERR,ERR,ERR,ERR,ERR,ERR,ERR,ERR,ERR,ERR,ERR,ERR,ERR,ERR,ERR,ERR,ERR,ERR,ERR,ERR,ERR,ERR,ERR,ERR,ERR,ERR,ERR,ERR,ERR,ERR,ERR,ERR,ERR,ERR,ERR,ERR,ERR,ERR,ERR,ERR,ERR,ERR,ERR,ERR,ERR,ERR,ERR,ERR,ERR,ERR,ERR,ERR,ERR,ERR,ERR,ERR,ERR,ERR,ERR,ERR,ERR,ERR,ERR,ERR,ERR,ERR,ERR,ERR,ERR,ERR,ERR,ERR,ERR,ERR,ERR,ERR,-0.0,-107615992.0,0.0,0.0,2.837576036637906e+22,-1565567221760.0,1501420.875,-244992.641,0,0,4,17310,7116,0.0,100,0.0,0.0,0.0,0.0,0.0,0,0,0,0,0.0,0,0,0,0,0,0,0,0,0,0,0,0,0,0,0,0,0,0,0,0,0,0,0,0,0,0,0,0,0,0,0,0,0,31,40,40,71,65476,0,300,0,0,8,21553,0.0,-107605600.0,0.0,0.0,0.0,0.0,0.0,0.0,0.0,0.0,0.0,0.0,0.0,0.0,0.0,0.0,0.0,0.0,0.0,0.0,0.0,0.0,0.0,0.0,0.0,0.0,0.0,0.0,0.0,0.0,5451.0,1.040667113973027e+34,6927.0,-0.0,2.7184447926748693e+23,2.004,2.004,0.0,0.0,0.0,0.0,69,-2.3088301624040358e+20,0.0,0.0,0.0,0.0,0.0,0.0,0.0,0.0,0,0,0,0.0,0.0,0.0,0.0,0.0,0.0,0.0,0.0,0.0,0.0,0.0,0.0,0.0,0.0,0.0,0.0,0,-107875648.0,69,0.0,138,0.0,2.012,ERR,ERR,ERR,ERR,ERR,ERR,ERR,ERR,ERR,ERR,ERR,ERR,ERR,ERR,ERR,ERR,ERR,ERR,ERR,ERR,ERR,ERR,ERR,ERR,ERR,ERR,ERR,ERR,ERR,ERR,ERR,ERR,ERR,ERR,ERR,ERR,ERR,ERR,ERR,ERR,ERR,ERR,ERR,ERR,ERR,ERR,ERR,ERR,ERR,ERR,ERR,ERR,ERR,ERR,ERR,ERR,ERR,ERR,ERR,ERR,ERR,ERR,ERR,ERR,ERR,ERR,ERR,60.0,60.0,35,0.0,0.0,0.0,0.0,0.0,0.0,0.0,0.0,0.0,0.0,0.0,0.0,0.0,0.0,0.0,0.0,65.2,0,115,56,34,65476,0,300,0,0,8,20529,65476,0,0,2621,60.0,0.0,0.0,0.0,0.0,0.0
2026-07-09T15:53:09,ERR,ERR,ERR,ERR,ERR,ERR,ERR,ERR,ERR,ERR,ERR,ERR,ERR,ERR,ERR,ERR,ERR,ERR,ERR,ERR,ERR,ERR,ERR,ERR,ERR,ERR,ERR,ERR,ERR,ERR,ERR,ERR,ERR,ERR,ERR,ERR,ERR,ERR,ERR,ERR,ERR,ERR,ERR,ERR,ERR,ERR,ERR,ERR,ERR,ERR,ERR,ERR,ERR,ERR,ERR,ERR,ERR,ERR,ERR,ERR,ERR,ERR,ERR,ERR,ERR,ERR,ERR,ERR,ERR,ERR,ERR,ERR,ERR,ERR,ERR,ERR,ERR,ERR,ERR,ERR,ERR,ERR,ERR,ERR,ERR,ERR,ERR,ERR,ERR,ERR,ERR,ERR,ERR,ERR,ERR,ERR,ERR,ERR,ERR,ERR,ERR,ERR,ERR,ERR,ERR,ERR,ERR,ERR,ERR,ERR,ERR,ERR,ERR,ERR,ERR,ERR,ERR,ERR,ERR,ERR,ERR,ERR,ERR,ERR,ERR,-0.0,-107615992.0,0.0,0.0,2.837576036637906e+22,-1565567221760.0,1501420.875,-244992.641,0,0,4,17310,7116,0.0,100,0.0,0.0,0.0,0.0,0.0,0,0,0,0,0.0,0,0,0,0,0,0,0,0,0,0,0,0,0,0,0,0,0,0,0,0,0,0,0,0,0,0,0,0,0,0,0,0,0,31,40,40,71,65476,0,300,0,0,8,21553,0.0,-107605600.0,0.0,0.0,0.0,0.0,0.0,0.0,0.0,0.0,0.0,0.0,0.0,0.0,0.0,0.0,0.0,0.0,0.0,0.0,0.0,0.0,0.0,0.0,0.0,0.0,0.0,0.0,0.0,0.0,5451.0,1.040667113973027e+34,6927.0,-0.0,2.7184447926748693e+23,2.004,2.004,0.0,0.0,0.0,0.0,69,-2.3088301624040358e+20,0.0,0.0,0.0,0.0,0.0,0.0,0.0,0.0,0,0,0,0.0,0.0,0.0,0.0,0.0,0.0,0.0,0.0,0.0,0.0,0.0,0.0,0.0,0.0,0.0,0.0,0,-107875648.0,69,0.0,138,0.0,2.012,ERR,ERR,ERR,ERR,ERR,ERR,ERR,ERR,ERR,ERR,ERR,ERR,ERR,ERR,ERR,ERR,ERR,ERR,ERR,ERR,ERR,ERR,ERR,ERR,ERR,ERR,ERR,ERR,ERR,ERR,ERR,ERR,ERR,ERR,ERR,ERR,ERR,ERR,ERR,ERR,ERR,ERR,ERR,ERR,ERR,ERR,ERR,ERR,ERR,ERR,ERR,ERR,ERR,ERR,ERR,ERR,ERR,ERR,ERR,ERR,ERR,ERR,ERR,ERR,ERR,ERR,ERR,60.0,60.0,35,0.0,0.0,0.0,0.0,0.0,0.0,0.0,0.0,0.0,0.0,0.0,0.0,0.0,0.0,0.0,0.0,65.2,0,115,56,34,65476,0,300,0,0,8,20529,65476,0,0,2621,60.0,0.0,0.0,0.0,0.0,0.0
2026-07-09T15:53:10,ERR,ERR,ERR,ERR,ERR,ERR,ERR,ERR,ERR,ERR,ERR,ERR,ERR,ERR,ERR,ERR,ERR,ERR,ERR,ERR,ERR,ERR,ERR,ERR,ERR,ERR,ERR,ERR,ERR,ERR,ERR,ERR,ERR,ERR,ERR,ERR,ERR,ERR,ERR,ERR,ERR,ERR,ERR,ERR,ERR,ERR,ERR,ERR,ERR,ERR,ERR,ERR,ERR,ERR,ERR,ERR,ERR,ERR,ERR,ERR,ERR,ERR,ERR,ERR,ERR,ERR,ERR,ERR,ERR,ERR,ERR,ERR,ERR,ERR,ERR,ERR,ERR,ERR,ERR,ERR,ERR,ERR,ERR,ERR,ERR,ERR,ERR,ERR,ERR,ERR,ERR,ERR,ERR,ERR,ERR,ERR,ERR,ERR,ERR,ERR,ERR,ERR,ERR,ERR,ERR,ERR,ERR,ERR,ERR,ERR,ERR,ERR,ERR,ERR,ERR,ERR,ERR,ERR,ERR,ERR,ERR,ERR,ERR,ERR,ERR,0.0,2.7184449728188544e+23,-107090560.0,2.7183478752108883e+23,0.0,64224800768.0,0.0,19693660.0,0,0,4,17313,7116,0.0,100,0.0,0.0,2.7183478752108883e+23,0.0,0.0,0,0,0,0,0.0,0,0,0,0,0,0,0,0,0,0,0,0,0,0,0,0,0,0,0,0,0,0,0,0,0,0,0,0,0,0,0,0,0,31,40,40,71,65476,0,300,0,0,8,21553,0.0,-107605600.0,0.0,0.0,0.0,0.0,0.0,0.0,0.0,0.0,0.0,0.0,0.0,0.0,0.0,0.0,0.0,0.0,0.0,0.0,0.0,0.0,2.004,0.0,0.0,0.0,0.0,0.0,0.0,0.0,5452.0,8608196608.0,6922.0,0.0,0.0,2.004,2.004,0.0,0.0,0.0,0.0,69,-4.950406160223553e+32,0.0,0.0,0.0,0.0,0.0,0.0,0.0,0.0,0,0,0,0.0,0.0,0.0,0.0,0.0,0.0,0.0,0.0,0.0,0.0,0.0,0.0,0.0,0.0,0.0,0.0,0,-107875648.0,69,0.0,138,0.0,2.012,ERR,ERR,ERR,ERR,ERR,ERR,ERR,ERR,ERR,ERR,ERR,ERR,ERR,ERR,ERR,ERR,ERR,ERR,ERR,ERR,ERR,ERR,ERR,ERR,ERR,ERR,ERR,ERR,ERR,ERR,ERR,ERR,ERR,ERR,ERR,ERR,ERR,ERR,ERR,ERR,ERR,ERR,ERR,ERR,ERR,ERR,ERR,ERR,ERR,ERR,ERR,ERR,ERR,ERR,ERR,ERR,ERR,ERR,ERR,ERR,ERR,ERR,ERR,ERR,ERR,ERR,ERR,60.0,60.0,35,0.0,0.0,0.0,0.0,0.0,0.0,0.0,0.0,0.0,0.0,0.0,0.0,0.0,0.0,0.0,0.0,65.2,0,115,56,34,65476,0,300,0,0,8,20529,65476,0,0,2621,60.0,0.0,0.0,0.0,0.0,0.0
2026-07-09T15:53:11,ERR,ERR,ERR,ERR,ERR,ERR,ERR,ERR,ERR,ERR,ERR,ERR,ERR,ERR,ERR,ERR,ERR,ERR,ERR,ERR,ERR,ERR,ERR,ERR,ERR,ERR,ERR,ERR,ERR,ERR,ERR,ERR,ERR,ERR,ERR,ERR,ERR,ERR,ERR,ERR,ERR,ERR,ERR,ERR,ERR,ERR,ERR,ERR,ERR,ERR,ERR,ERR,ERR,ERR,ERR,ERR,ERR,ERR,ERR,ERR,ERR,ERR,ERR,ERR,ERR,ERR,ERR,ERR,ERR,ERR,ERR,ERR,ERR,ERR,ERR,ERR,ERR,ERR,ERR,ERR,ERR,ERR,ERR,ERR,ERR,ERR,ERR,ERR,ERR,ERR,ERR,ERR,ERR,ERR,ERR,ERR,ERR,ERR,ERR,ERR,ERR,ERR,ERR,ERR,ERR,ERR,ERR,ERR,ERR,ERR,ERR,ERR,ERR,ERR,ERR,ERR,ERR,ERR,ERR,ERR,ERR,ERR,ERR,ERR,ERR,0.0,2.7184449728188544e+23,-107090560.0,2.7183478752108883e+23,0.0,64224800768.0,0.0,19693660.0,0,0,4,17313,7116,0.0,100,0.0,0.0,2.7183478752108883e+23,0.0,0.0,0,0,0,0,0.0,0,0,0,0,0,0,0,0,0,0,0,0,0,0,0,0,0,0,0,0,0,0,0,0,0,0,0,0,0,0,0,0,0,31,40,40,71,65476,0,300,0,0,8,21553,0.0,-107605600.0,0.0,0.0,0.0,0.0,0.0,0.0,0.0,0.0,0.0,0.0,0.0,0.0,0.0,0.0,0.0,0.0,0.0,0.0,0.0,0.0,2.004,0.0,0.0,0.0,0.0,0.0,0.0,0.0,5452.0,8608196608.0,6922.0,0.0,0.0,2.004,2.004,0.0,0.0,0.0,0.0,69,-4.950406160223553e+32,0.0,0.0,0.0,0.0,0.0,0.0,0.0,0.0,0,0,0,0.0,0.0,0.0,0.0,0.0,0.0,0.0,0.0,0.0,0.0,0.0,0.0,0.0,0.0,0.0,0.0,0,-107875648.0,69,0.0,138,0.0,2.012,ERR,ERR,ERR,ERR,ERR,ERR,ERR,ERR,ERR,ERR,ERR,ERR,ERR,ERR,ERR,ERR,ERR,ERR,ERR,ERR,ERR,ERR,ERR,ERR,ERR,ERR,ERR,ERR,ERR,ERR,ERR,ERR,ERR,ERR,ERR,ERR,ERR,ERR,ERR,ERR,ERR,ERR,ERR,ERR,ERR,ERR,ERR,ERR,ERR,ERR,ERR,ERR,ERR,ERR,ERR,ERR,ERR,ERR,ERR,ERR,ERR,ERR,ERR,ERR,ERR,ERR,ERR,60.0,60.0,35,0.0,0.0,0.0,0.0,0.0,0.0,0.0,0.0,0.0,0.0,0.0,0.0,0.0,0.0,0.0,0.0,65.6,0,115,56,34,65476,0,300,0,0,8,20529,65476,0,0,2621,60.0,0.0,0.0,0.0,0.0,0.0
2026-07-09T15:53:12,ERR,ERR,ERR,ERR,ERR,ERR,ERR,ERR,ERR,ERR,ERR,ERR,ERR,ERR,ERR,ERR,ERR,ERR,ERR,ERR,ERR,ERR,ERR,ERR,ERR,ERR,ERR,ERR,ERR,ERR,ERR,ERR,ERR,ERR,ERR,ERR,ERR,ERR,ERR,ERR,ERR,ERR,ERR,ERR,ERR,ERR,ERR,ERR,ERR,ERR,ERR,ERR,ERR,ERR,ERR,ERR,ERR,ERR,ERR,ERR,ERR,ERR,ERR,ERR,ERR,ERR,ERR,ERR,ERR,ERR,ERR,ERR,ERR,ERR,ERR,ERR,ERR,ERR,ERR,ERR,ERR,ERR,ERR,ERR,ERR,ERR,ERR,ERR,ERR,ERR,ERR,ERR,ERR,ERR,ERR,ERR,ERR,ERR,ERR,ERR,ERR,ERR,ERR,ERR,ERR,ERR,ERR,ERR,ERR,ERR,ERR,ERR,ERR,ERR,ERR,ERR,ERR,ERR,ERR,ERR,ERR,ERR,ERR,ERR,ERR,0.0,2.7184449728188544e+23,-107090560.0,2.7183478752108883e+23,0.0,64224800768.0,0.0,19693660.0,0,0,4,17313,7116,0.0,100,0.0,0.0,2.7183478752108883e+23,0.0,0.0,0,0,0,0,0.0,0,0,0,0,0,0,0,0,0,0,0,0,0,0,0,0,0,0,0,0,0,0,0,0,0,0,0,0,0,0,0,0,0,31,40,40,71,65476,0,300,0,0,8,21553,0.0,-107605600.0,0.0,0.0,0.0,0.0,0.0,0.0,0.0,0.0,0.0,0.0,0.0,0.0,0.0,0.0,0.0,0.0,0.0,0.0,0.0,0.0,2.004,0.0,0.0,0.0,0.0,0.0,0.0,0.0,5452.0,8608196608.0,6922.0,0.0,0.0,2.004,2.004,0.0,0.0,0.0,0.0,69,-4.950406160223553e+32,0.0,0.0,0.0,0.0,0.0,0.0,0.0,0.0,0,0,0,0.0,0.0,0.0,0.0,0.0,0.0,0.0,0.0,0.0,0.0,0.0,0.0,0.0,0.0,0.0,0.0,0,-107875648.0,69,0.0,138,0.0,2.012,ERR,ERR,ERR,ERR,ERR,ERR,ERR,ERR,ERR,ERR,ERR,ERR,ERR,ERR,ERR,ERR,ERR,ERR,ERR,ERR,ERR,ERR,ERR,ERR,ERR,ERR,ERR,ERR,ERR,ERR,ERR,ERR,ERR,ERR,ERR,ERR,ERR,ERR,ERR,ERR,ERR,ERR,ERR,ERR,ERR,ERR,ERR,ERR,ERR,ERR,ERR,ERR,ERR,ERR,ERR,ERR,ERR,ERR,ERR,ERR,ERR,ERR,ERR,ERR,ERR,ERR,ERR,60.0,60.0,35,0.0,0.0,0.0,0.0,0.0,0.0,0.0,0.0,0.0,0.0,0.0,0.0,0.0,0.0,0.0,0.0,65.6,0,115,56,34,65476,0,300,0,0,8,20529,65476,0,0,2621,60.0,0.0,0.0,0.0,0.0,0.0
2026-07-09T15:53:13,ERR,ERR,ERR,ERR,ERR,ERR,ERR,ERR,ERR,ERR,ERR,ERR,ERR,ERR,ERR,ERR,ERR,ERR,ERR,ERR,ERR,ERR,ERR,ERR,ERR,ERR,ERR,ERR,ERR,ERR,ERR,ERR,ERR,ERR,ERR,ERR,ERR,ERR,ERR,ERR,ERR,ERR,ERR,ERR,ERR,ERR,ERR,ERR,ERR,ERR,ERR,ERR,ERR,ERR,ERR,ERR,ERR,ERR,ERR,ERR,ERR,ERR,ERR,ERR,ERR,ERR,ERR,ERR,ERR,ERR,ERR,ERR,ERR,ERR,ERR,ERR,ERR,ERR,ERR,ERR,ERR,ERR,ERR,ERR,ERR,ERR,ERR,ERR,ERR,ERR,ERR,ERR,ERR,ERR,ERR,ERR,ERR,ERR,ERR,ERR,ERR,ERR,ERR,ERR,ERR,ERR,ERR,ERR,ERR,ERR,ERR,ERR,ERR,ERR,ERR,ERR,ERR,ERR,ERR,ERR,ERR,ERR,ERR,ERR,ERR,0.0,2.7184449728188544e+23,-107090560.0,2.7183478752108883e+23,0.0,64224800768.0,0.0,19693660.0,0,0,4,17313,7116,0.0,100,0.0,0.0,2.7183478752108883e+23,0.0,0.0,0,0,0,0,0.0,0,0,0,0,0,0,0,0,0,0,0,0,0,0,0,0,0,0,0,0,0,0,0,0,0,0,0,0,0,0,0,0,0,31,40,40,71,65476,0,300,0,0,8,21553,0.0,-107605600.0,0.0,0.0,0.0,0.0,0.0,0.0,0.0,0.0,0.0,0.0,0.0,0.0,0.0,0.0,0.0,0.0,0.0,0.0,0.0,0.0,2.004,0.0,0.0,0.0,0.0,0.0,0.0,0.0,5452.0,8608196608.0,6922.0,0.0,0.0,2.004,2.004,0.0,0.0,0.0,0.0,69,-4.950406160223553e+32,0.0,0.0,0.0,0.0,0.0,0.0,0.0,0.0,0,0,0,0.0,0.0,0.0,0.0,0.0,0.0,0.0,0.0,0.0,0.0,0.0,0.0,0.0,0.0,0.0,0.0,0,-107875648.0,69,0.0,138,0.0,2.012,ERR,ERR,ERR,ERR,ERR,ERR,ERR,ERR,ERR,ERR,ERR,ERR,ERR,ERR,ERR,ERR,ERR,ERR,ERR,ERR,ERR,ERR,ERR,ERR,ERR,ERR,ERR,ERR,ERR,ERR,ERR,ERR,ERR,ERR,ERR,ERR,ERR,ERR,ERR,ERR,ERR,ERR,ERR,ERR,ERR,ERR,ERR,ERR,ERR,ERR,ERR,ERR,ERR,ERR,ERR,ERR,ERR,ERR,ERR,ERR,ERR,ERR,ERR,ERR,ERR,ERR,ERR,60.0,60.0,35,0.0,0.0,0.0,0.0,0.0,0.0,0.0,0.0,0.0,0.0,0.0,0.0,0.0,0.0,0.0,0.0,65.6,0,115,56,34,65476,0,300,0,0,8,20529,65476,0,0,2621,60.0,0.0,0.0,0.0,0.0,0.0
2026-07-09T15:53:14,ERR,ERR,ERR,ERR,ERR,ERR,ERR,ERR,ERR,ERR,ERR,ERR,ERR,ERR,ERR,ERR,ERR,ERR,ERR,ERR,ERR,ERR,ERR,ERR,ERR,ERR,ERR,ERR,ERR,ERR,ERR,ERR,ERR,ERR,ERR,ERR,ERR,ERR,ERR,ERR,ERR,ERR,ERR,ERR,ERR,ERR,ERR,ERR,ERR,ERR,ERR,ERR,ERR,ERR,ERR,ERR,ERR,ERR,ERR,ERR,ERR,ERR,ERR,ERR,ERR,ERR,ERR,ERR,ERR,ERR,ERR,ERR,ERR,ERR,ERR,ERR,ERR,ERR,ERR,ERR,ERR,ERR,ERR,ERR,ERR,ERR,ERR,ERR,ERR,ERR,ERR,ERR,ERR,ERR,ERR,ERR,ERR,ERR,ERR,ERR,ERR,ERR,ERR,ERR,ERR,ERR,ERR,ERR,ERR,ERR,ERR,ERR,ERR,ERR,ERR,ERR,ERR,ERR,ERR,ERR,ERR,ERR,ERR,ERR,ERR,0.0,2.7184449728188544e+23,-107090560.0,2.7183478752108883e+23,0.0,64224800768.0,0.0,19693660.0,0,0,4,17313,7116,0.0,100,0.0,0.0,2.7183478752108883e+23,0.0,0.0,0,0,0,0,0.0,0,0,0,0,0,0,0,0,0,0,0,0,0,0,0,0,0,0,0,0,0,0,0,0,0,0,0,0,0,0,0,0,0,31,40,40,71,65476,0,300,0,0,8,21553,0.0,-107605600.0,0.0,0.0,0.0,0.0,0.0,0.0,0.0,0.0,0.0,0.0,0.0,0.0,0.0,0.0,0.0,0.0,0.0,0.0,0.0,0.0,2.004,0.0,0.0,0.0,0.0,0.0,0.0,0.0,5452.0,8608196608.0,6922.0,0.0,0.0,2.004,2.004,0.0,0.0,0.0,0.0,69,-4.950406160223553e+32,0.0,0.0,0.0,0.0,0.0,0.0,0.0,0.0,0,0,0,0.0,0.0,0.0,0.0,0.0,0.0,0.0,0.0,0.0,0.0,0.0,0.0,0.0,0.0,0.0,0.0,0,-107875648.0,69,0.0,138,0.0,2.012,ERR,ERR,ERR,ERR,ERR,ERR,ERR,ERR,ERR,ERR,ERR,ERR,ERR,ERR,ERR,ERR,ERR,ERR,ERR,ERR,ERR,ERR,ERR,ERR,ERR,ERR,ERR,ERR,ERR,ERR,ERR,ERR,ERR,ERR,ERR,ERR,ERR,ERR,ERR,ERR,ERR,ERR,ERR,ERR,ERR,ERR,ERR,ERR,ERR,ERR,ERR,ERR,ERR,ERR,ERR,ERR,ERR,ERR,ERR,ERR,ERR,ERR,ERR,ERR,ERR,ERR,ERR,60.0,60.0,35,0.0,0.0,0.0,0.0,0.0,0.0,0.0,0.0,0.0,0.0,0.0,0.0,0.0,0.0,0.0,0.0,65.6,0,115,55,34,65476,0,300,0,0,8,20529,65476,0,0,2621,60.0,0.0,0.0,0.0,0.0,0.0
2026-07-09T15:53:15,ERR,ERR,ERR,ERR,ERR,ERR,ERR,ERR,ERR,ERR,ERR,ERR,ERR,ERR,ERR,ERR,ERR,ERR,ERR,ERR,ERR,ERR,ERR,ERR,ERR,ERR,ERR,ERR,ERR,ERR,ERR,ERR,ERR,ERR,ERR,ERR,ERR,ERR,ERR,ERR,ERR,ERR,ERR,ERR,ERR,ERR,ERR,ERR,ERR,ERR,ERR,ERR,ERR,ERR,ERR,ERR,ERR,ERR,ERR,ERR,ERR,ERR,ERR,ERR,ERR,ERR,ERR,ERR,ERR,ERR,ERR,ERR,ERR,ERR,ERR,ERR,ERR,ERR,ERR,ERR,ERR,ERR,ERR,ERR,ERR,ERR,ERR,ERR,ERR,ERR,ERR,ERR,ERR,ERR,ERR,ERR,ERR,ERR,ERR,ERR,ERR,ERR,ERR,ERR,ERR,ERR,ERR,ERR,ERR,ERR,ERR,ERR,ERR,ERR,ERR,ERR,ERR,ERR,ERR,ERR,ERR,ERR,ERR,ERR,ERR,0.0,0.0,0.0,0.0,-2.888646912817234e+17,-0.001,-1968365.0,-0.0,0,0,4,17318,7116,0.0,100,0.0,0.0,0.0,0.0,0.0,0,0,0,0,0.0,0,0,0,0,0,0,0,0,0,0,0,0,0,0,0,0,0,0,0,0,0,0,0,0,0,0,0,0,0,0,0,0,0,31,40,40,71,65476,0,300,0,0,8,21553,0.0,-107605600.0,0.0,0.0,0.0,0.0,0.0,0.0,0.0,0.0,0.0,0.0,0.0,0.0,0.0,0.0,0.0,0.0,0.0,0.0,0.0,0.0,2.004,0.0,0.0,0.0,0.0,0.0,0.0,0.0,5452.0,0.0,6915.0,0.0,-0.0,2.004,2.004,0.0,0.0,0.0,0.0,69,-4.950406160223553e+32,-0.0,0.0,0.0,0.0,0.0,0.0,0.0,0.0,0,0,0,0.0,0.0,0.0,0.0,0.0,0.0,0.0,0.0,0.0,0.0,0.0,0.0,0.0,0.0,0.0,0.0,0,-107875648.0,69,0.0,138,0.0,2.012,ERR,ERR,ERR,ERR,ERR,ERR,ERR,ERR,ERR,ERR,ERR,ERR,ERR,ERR,ERR,ERR,ERR,ERR,ERR,ERR,ERR,ERR,ERR,ERR,ERR,ERR,ERR,ERR,ERR,ERR,ERR,ERR,ERR,ERR,ERR,ERR,ERR,ERR,ERR,ERR,ERR,ERR,ERR,ERR,ERR,ERR,ERR,ERR,ERR,ERR,ERR,ERR,ERR,ERR,ERR,ERR,ERR,ERR,ERR,ERR,ERR,ERR,ERR,ERR,ERR,ERR,ERR,60.0,60.0,35,0.0,0.0,0.0,0.0,0.0,0.0,0.0,0.0,0.0,0.0,0.0,0.0,0.0,0.0,0.0,0.0,65.6,0,115,55,34,65476,0,300,0,0,8,20529,65476,0,0,2621,60.0,0.0,0.0,0.0,0.0,0.0
2026-07-09T15:53:16,ERR,ERR,ERR,ERR,ERR,ERR,ERR,ERR,ERR,ERR,ERR,ERR,ERR,ERR,ERR,ERR,ERR,ERR,ERR,ERR,ERR,ERR,ERR,ERR,ERR,ERR,ERR,ERR,ERR,ERR,ERR,ERR,ERR,ERR,ERR,ERR,ERR,ERR,ERR,ERR,ERR,ERR,ERR,ERR,ERR,ERR,ERR,ERR,ERR,ERR,ERR,ERR,ERR,ERR,ERR,ERR,ERR,ERR,ERR,ERR,ERR,ERR,ERR,ERR,ERR,ERR,ERR,ERR,ERR,ERR,ERR,ERR,ERR,ERR,ERR,ERR,ERR,ERR,ERR,ERR,ERR,ERR,ERR,ERR,ERR,ERR,ERR,ERR,ERR,ERR,ERR,ERR,ERR,ERR,ERR,ERR,ERR,ERR,ERR,ERR,ERR,ERR,ERR,ERR,ERR,ERR,ERR,ERR,ERR,ERR,ERR,ERR,ERR,ERR,ERR,ERR,ERR,ERR,ERR,ERR,ERR,ERR,ERR,ERR,ERR,0.0,0.0,0.0,0.0,-2.888646912817234e+17,-0.001,-1968365.0,-0.0,0,0,4,17318,7116,0.0,100,0.0,0.0,0.0,0.0,0.0,0,0,0,0,0.0,0,0,0,0,0,0,0,0,0,0,0,0,0,0,0,0,0,0,0,0,0,0,0,0,0,0,0,0,0,0,0,0,0,31,40,40,71,65476,0,300,0,0,8,21553,0.0,-107605600.0,0.0,0.0,0.0,0.0,0.0,0.0,0.0,0.0,0.0,0.0,0.0,0.0,0.0,0.0,0.0,0.0,0.0,0.0,0.0,0.0,2.004,0.0,0.0,0.0,0.0,0.0,0.0,0.0,5452.0,0.0,6915.0,0.0,-0.0,2.004,2.004,0.0,0.0,0.0,0.0,69,-4.950406160223553e+32,-0.0,0.0,0.0,0.0,0.0,0.0,0.0,0.0,0,0,0,0.0,0.0,0.0,0.0,0.0,0.0,0.0,0.0,0.0,0.0,0.0,0.0,0.0,0.0,0.0,0.0,0,-107875648.0,69,0.0,138,0.0,2.012,ERR,ERR,ERR,ERR,ERR,ERR,ERR,ERR,ERR,ERR,ERR,ERR,ERR,ERR,ERR,ERR,ERR,ERR,ERR,ERR,ERR,ERR,ERR,ERR,ERR,ERR,ERR,ERR,ERR,ERR,ERR,ERR,ERR,ERR,ERR,ERR,ERR,ERR,ERR,ERR,ERR,ERR,ERR,ERR,ERR,ERR,ERR,ERR,ERR,ERR,ERR,ERR,ERR,ERR,ERR,ERR,ERR,ERR,ERR,ERR,ERR,ERR,ERR,ERR,ERR,ERR,ERR,60.0,60.0,35,0.0,0.0,0.0,0.0,0.0,0.0,0.0,0.0,0.0,0.0,0.0,0.0,0.0,0.0,0.0,0.0,65.6,0,115,55,34,65476,0,300,0,0,8,20529,65476,0,0,2621,60.0,0.0,0.0,0.0,0.0,0.0
2026-07-09T15:53:17,ERR,ERR,ERR,ERR,ERR,ERR,ERR,ERR,ERR,ERR,ERR,ERR,ERR,ERR,ERR,ERR,ERR,ERR,ERR,ERR,ERR,ERR,ERR,ERR,ERR,ERR,ERR,ERR,ERR,ERR,ERR,ERR,ERR,ERR,ERR,ERR,ERR,ERR,ERR,ERR,ERR,ERR,ERR,ERR,ERR,ERR,ERR,ERR,ERR,ERR,ERR,ERR,ERR,ERR,ERR,ERR,ERR,ERR,ERR,ERR,ERR,ERR,ERR,ERR,ERR,ERR,ERR,ERR,ERR,ERR,ERR,ERR,ERR,ERR,ERR,ERR,ERR,ERR,ERR,ERR,ERR,ERR,ERR,ERR,ERR,ERR,ERR,ERR,ERR,ERR,ERR,ERR,ERR,ERR,ERR,ERR,ERR,ERR,ERR,ERR,ERR,ERR,ERR,ERR,ERR,ERR,ERR,ERR,ERR,ERR,ERR,ERR,ERR,ERR,ERR,ERR,ERR,ERR,ERR,ERR,ERR,ERR,ERR,ERR,ERR,0.0,0.0,0.0,0.0,-2.888646912817234e+17,-0.001,-1968365.0,-0.0,0,0,4,17318,7116,0.0,100,0.0,0.0,0.0,0.0,0.0,0,0,0,0,0.0,0,0,0,0,0,0,0,0,0,0,0,0,0,0,0,0,0,0,0,0,0,0,0,0,0,0,0,0,0,0,0,0,0,31,40,40,71,65476,0,300,0,0,8,21553,0.0,-107605600.0,0.0,0.0,0.0,0.0,0.0,0.0,0.0,0.0,0.0,0.0,0.0,0.0,0.0,0.0,0.0,0.0,0.0,0.0,0.0,0.0,2.004,0.0,0.0,0.0,0.0,0.0,0.0,0.0,5452.0,0.0,6915.0,0.0,-0.0,2.004,2.004,0.0,0.0,0.0,0.0,69,-4.950406160223553e+32,-0.0,0.0,0.0,0.0,0.0,0.0,0.0,0.0,0,0,0,0.0,0.0,0.0,0.0,0.0,0.0,0.0,0.0,0.0,0.0,0.0,0.0,0.0,0.0,0.0,0.0,0,-107875648.0,69,0.0,138,0.0,2.012,ERR,ERR,ERR,ERR,ERR,ERR,ERR,ERR,ERR,ERR,ERR,ERR,ERR,ERR,ERR,ERR,ERR,ERR,ERR,ERR,ERR,ERR,ERR,ERR,ERR,ERR,ERR,ERR,ERR,ERR,ERR,ERR,ERR,ERR,ERR,ERR,ERR,ERR,ERR,ERR,ERR,ERR,ERR,ERR,ERR,ERR,ERR,ERR,ERR,ERR,ERR,ERR,ERR,ERR,ERR,ERR,ERR,ERR,ERR,ERR,ERR,ERR,ERR,ERR,ERR,ERR,ERR,60.0,60.0,35,0.0,0.0,0.0,0.0,0.0,0.0,0.0,0.0,0.0,0.0,0.0,0.0,0.0,0.0,0.0,0.0,65.6,0,115,55,34,65476,0,300,0,0,8,20529,65476,0,0,2621,60.0,0.0,0.0,0.0,0.0,0.0
2026-07-09T15:53:18,ERR,ERR,ERR,ERR,ERR,ERR,ERR,ERR,ERR,ERR,ERR,ERR,ERR,ERR,ERR,ERR,ERR,ERR,ERR,ERR,ERR,ERR,ERR,ERR,ERR,ERR,ERR,ERR,ERR,ERR,ERR,ERR,ERR,ERR,ERR,ERR,ERR,ERR,ERR,ERR,ERR,ERR,ERR,ERR,ERR,ERR,ERR,ERR,ERR,ERR,ERR,ERR,ERR,ERR,ERR,ERR,ERR,ERR,ERR,ERR,ERR,ERR,ERR,ERR,ERR,ERR,ERR,ERR,ERR,ERR,ERR,ERR,ERR,ERR,ERR,ERR,ERR,ERR,ERR,ERR,ERR,ERR,ERR,ERR,ERR,ERR,ERR,ERR,ERR,ERR,ERR,ERR,ERR,ERR,ERR,ERR,ERR,ERR,ERR,ERR,ERR,ERR,ERR,ERR,ERR,ERR,ERR,ERR,ERR,ERR,ERR,ERR,ERR,ERR,ERR,ERR,ERR,ERR,ERR,ERR,ERR,ERR,ERR,ERR,ERR,0.0,0.0,0.0,0.0,-2.888646912817234e+17,-0.001,-1968365.0,-0.0,0,0,4,17318,7116,0.0,100,0.0,0.0,0.0,0.0,0.0,0,0,0,0,0.0,0,0,0,0,0,0,0,0,0,0,0,0,0,0,0,0,0,0,0,0,0,0,0,0,0,0,0,0,0,0,0,0,0,31,40,40,71,65476,0,300,0,0,8,21553,0.0,-107605600.0,0.0,0.0,0.0,0.0,0.0,0.0,0.0,0.0,0.0,0.0,0.0,0.0,0.0,0.0,0.0,0.0,0.0,0.0,0.0,0.0,2.004,0.0,0.0,0.0,0.0,0.0,0.0,0.0,5452.0,0.0,6915.0,0.0,-0.0,2.004,2.004,0.0,0.0,0.0,0.0,69,-4.950406160223553e+32,-0.0,0.0,0.0,0.0,0.0,0.0,0.0,0.0,0,0,0,0.0,0.0,0.0,0.0,0.0,0.0,0.0,0.0,0.0,0.0,0.0,0.0,0.0,0.0,0.0,0.0,0,-107875648.0,69,0.0,138,0.0,2.012,ERR,ERR,ERR,ERR,ERR,ERR,ERR,ERR,ERR,ERR,ERR,ERR,ERR,ERR,ERR,ERR,ERR,ERR,ERR,ERR,ERR,ERR,ERR,ERR,ERR,ERR,ERR,ERR,ERR,ERR,ERR,ERR,ERR,ERR,ERR,ERR,ERR,ERR,ERR,ERR,ERR,ERR,ERR,ERR,ERR,ERR,ERR,ERR,ERR,ERR,ERR,ERR,ERR,ERR,ERR,ERR,ERR,ERR,ERR,ERR,ERR,ERR,ERR,ERR,ERR,ERR,ERR,60.0,60.0,35,0.0,0.0,0.0,0.0,0.0,0.0,0.0,0.0,0.0,0.0,0.0,0.0,0.0,0.0,0.0,0.0,65.6,0,115,55,34,65476,0,300,0,0,8,20529,65476,0,0,2621,60.0,0.0,0.0,0.0,0.0,0.0
2026-07-09T15:53:19,ERR,ERR,ERR,ERR,ERR,ERR,ERR,ERR,ERR,ERR,ERR,ERR,ERR,ERR,ERR,ERR,ERR,ERR,ERR,ERR,ERR,ERR,ERR,ERR,ERR,ERR,ERR,ERR,ERR,ERR,ERR,ERR,ERR,ERR,ERR,ERR,ERR,ERR,ERR,ERR,ERR,ERR,ERR,ERR,ERR,ERR,ERR,ERR,ERR,ERR,ERR,ERR,ERR,ERR,ERR,ERR,ERR,ERR,ERR,ERR,ERR,ERR,ERR,ERR,ERR,ERR,ERR,ERR,ERR,ERR,ERR,ERR,ERR,ERR,ERR,ERR,ERR,ERR,ERR,ERR,ERR,ERR,ERR,ERR,ERR,ERR,ERR,ERR,ERR,ERR,ERR,ERR,ERR,ERR,ERR,ERR,ERR,ERR,ERR,ERR,ERR,ERR,ERR,ERR,ERR,ERR,ERR,ERR,ERR,ERR,ERR,ERR,ERR,ERR,ERR,ERR,ERR,ERR,ERR,ERR,ERR,ERR,ERR,ERR,ERR,0.0,-107616032.0,-0.0,0.0,-0.0,-8.788275384312127e+35,0.0,0.002,0,0,4,17307,7116,0.0,100,0.0,0.0,0.0,0.0,0.0,0,0,0,0,0.0,0,0,0,0,0,0,0,0,0,0,0,0,0,0,0,0,0,0,0,0,0,0,0,0,0,0,0,0,0,0,0,0,0,31,40,40,71,65476,0,300,0,0,8,21553,0.0,-107605600.0,0.0,0.0,0.0,0.0,0.0,0.0,0.0,0.0,0.0,0.0,0.0,0.0,0.0,0.0,0.0,0.0,0.0,0.0,0.0,0.0,2.004,0.0,0.0,0.0,0.0,0.0,0.0,0.0,5448.0,0.0,6915.0,0.0,0.0,2.004,2.004,0.0,0.0,0.0,0.0,69,-107614880.0,-0.0,0.0,0.0,0.0,0.0,0.0,0.0,0.0,0,0,0,0.0,0.0,0.0,0.0,0.0,0.0,0.0,0.0,0.0,0.0,0.0,0.0,0.0,0.0,0.0,0.0,0,-107875648.0,69,0.0,138,0.0,2.012,ERR,ERR,ERR,ERR,ERR,ERR,ERR,ERR,ERR,ERR,ERR,ERR,ERR,ERR,ERR,ERR,ERR,ERR,ERR,ERR,ERR,ERR,ERR,ERR,ERR,ERR,ERR,ERR,ERR,ERR,ERR,ERR,ERR,ERR,ERR,ERR,ERR,ERR,ERR,ERR,ERR,ERR,ERR,ERR,ERR,ERR,ERR,ERR,ERR,ERR,ERR,ERR,ERR,ERR,ERR,ERR,ERR,ERR,ERR,ERR,ERR,ERR,ERR,ERR,ERR,ERR,ERR,60.0,60.0,35,0.0,0.0,0.0,0.0,0.0,0.0,0.0,0.0,0.0,0.0,0.0,0.0,0.0,0.0,0.0,0.0,65.2,0,114,55,34,65476,0,300,0,0,8,20529,65476,0,0,2621,60.0,0.0,0.0,0.0,0.0,0.0
2026-07-09T15:53:20,ERR,ERR,ERR,ERR,ERR,ERR,ERR,ERR,ERR,ERR,ERR,ERR,ERR,ERR,ERR,ERR,ERR,ERR,ERR,ERR,ERR,ERR,ERR,ERR,ERR,ERR,ERR,ERR,ERR,ERR,ERR,ERR,ERR,ERR,ERR,ERR,ERR,ERR,ERR,ERR,ERR,ERR,ERR,ERR,ERR,ERR,ERR,ERR,ERR,ERR,ERR,ERR,ERR,ERR,ERR,ERR,ERR,ERR,ERR,ERR,ERR,ERR,ERR,ERR,ERR,ERR,ERR,ERR,ERR,ERR,ERR,ERR,ERR,ERR,ERR,ERR,ERR,ERR,ERR,ERR,ERR,ERR,ERR,ERR,ERR,ERR,ERR,ERR,ERR,ERR,ERR,ERR,ERR,ERR,ERR,ERR,ERR,ERR,ERR,ERR,ERR,ERR,ERR,ERR,ERR,ERR,ERR,ERR,ERR,ERR,ERR,ERR,ERR,ERR,ERR,ERR,ERR,ERR,ERR,ERR,ERR,ERR,ERR,ERR,ERR,0.0,-107616032.0,-0.0,0.0,-0.0,-8.788275384312127e+35,0.0,0.002,0,0,4,17307,7116,0.0,100,0.0,0.0,0.0,0.0,0.0,0,0,0,0,0.0,0,0,0,0,0,0,0,0,0,0,0,0,0,0,0,0,0,0,0,0,0,0,0,0,0,0,0,0,0,0,0,0,0,31,40,40,71,65476,0,300,0,0,8,21553,0.0,-107605600.0,0.0,0.0,0.0,0.0,0.0,0.0,0.0,0.0,0.0,0.0,0.0,0.0,0.0,0.0,0.0,0.0,0.0,0.0,0.0,0.0,2.004,0.0,0.0,0.0,0.0,0.0,0.0,0.0,5448.0,0.0,6915.0,0.0,0.0,2.004,2.004,0.0,0.0,0.0,0.0,69,-107614880.0,-0.0,0.0,0.0,0.0,0.0,0.0,0.0,0.0,0,0,0,0.0,0.0,0.0,0.0,0.0,0.0,0.0,0.0,0.0,0.0,0.0,0.0,0.0,0.0,0.0,0.0,0,-107875648.0,69,0.0,138,0.0,2.012,ERR,ERR,ERR,ERR,ERR,ERR,ERR,ERR,ERR,ERR,ERR,ERR,ERR,ERR,ERR,ERR,ERR,ERR,ERR,ERR,ERR,ERR,ERR,ERR,ERR,ERR,ERR,ERR,ERR,ERR,ERR,ERR,ERR,ERR,ERR,ERR,ERR,ERR,ERR,ERR,ERR,ERR,ERR,ERR,ERR,ERR,ERR,ERR,ERR,ERR,ERR,ERR,ERR,ERR,ERR,ERR,ERR,ERR,ERR,ERR,ERR,ERR,ERR,ERR,ERR,ERR,ERR,60.0,60.0,35,0.0,0.0,0.0,0.0,0.0,0.0,0.0,0.0,0.0,0.0,0.0,0.0,0.0,0.0,0.0,0.0,65.2,0,114,55,34,65476,0,300,0,0,8,20529,65476,0,0,2621,60.0,0.0,0.0,0.0,0.0,0.0
2026-07-09T15:53:21,ERR,ERR,ERR,ERR,ERR,ERR,ERR,ERR,ERR,ERR,ERR,ERR,ERR,ERR,ERR,ERR,ERR,ERR,ERR,ERR,ERR,ERR,ERR,ERR,ERR,ERR,ERR,ERR,ERR,ERR,ERR,ERR,ERR,ERR,ERR,ERR,ERR,ERR,ERR,ERR,ERR,ERR,ERR,ERR,ERR,ERR,ERR,ERR,ERR,ERR,ERR,ERR,ERR,ERR,ERR,ERR,ERR,ERR,ERR,ERR,ERR,ERR,ERR,ERR,ERR,ERR,ERR,ERR,ERR,ERR,ERR,ERR,ERR,ERR,ERR,ERR,ERR,ERR,ERR,ERR,ERR,ERR,ERR,ERR,ERR,ERR,ERR,ERR,ERR,ERR,ERR,ERR,ERR,ERR,ERR,ERR,ERR,ERR,ERR,ERR,ERR,ERR,ERR,ERR,ERR,ERR,ERR,ERR,ERR,ERR,ERR,ERR,ERR,ERR,ERR,ERR,ERR,ERR,ERR,ERR,ERR,ERR,ERR,ERR,ERR,0.0,-107616032.0,-0.0,0.0,-0.0,-8.788275384312127e+35,0.0,0.002,0,0,4,17307,7116,0.0,100,0.0,0.0,0.0,0.0,0.0,0,0,0,0,0.0,0,0,0,0,0,0,0,0,0,0,0,0,0,0,0,0,0,0,0,0,0,0,0,0,0,0,0,0,0,0,0,0,0,31,40,40,71,65476,0,300,0,0,8,21553,0.0,-107605600.0,0.0,0.0,0.0,0.0,0.0,0.0,0.0,0.0,0.0,0.0,0.0,0.0,0.0,0.0,0.0,0.0,0.0,0.0,0.0,0.0,2.004,0.0,0.0,0.0,0.0,0.0,0.0,0.0,5448.0,0.0,6915.0,0.0,0.0,2.004,2.004,0.0,0.0,0.0,0.0,69,-107614880.0,-0.0,0.0,0.0,0.0,0.0,0.0,0.0,0.0,0,0,0,0.0,0.0,0.0,0.0,0.0,0.0,0.0,0.0,0.0,0.0,0.0,0.0,0.0,0.0,0.0,0.0,0,-107875648.0,69,0.0,138,0.0,2.012,ERR,ERR,ERR,ERR,ERR,ERR,ERR,ERR,ERR,ERR,ERR,ERR,ERR,ERR,ERR,ERR,ERR,ERR,ERR,ERR,ERR,ERR,ERR,ERR,ERR,ERR,ERR,ERR,ERR,ERR,ERR,ERR,ERR,ERR,ERR,ERR,ERR,ERR,ERR,ERR,ERR,ERR,ERR,ERR,ERR,ERR,ERR,ERR,ERR,ERR,ERR,ERR,ERR,ERR,ERR,ERR,ERR,ERR,ERR,ERR,ERR,ERR,ERR,ERR,ERR,ERR,ERR,60.0,60.0,35,0.0,0.0,0.0,0.0,0.0,0.0,0.0,0.0,0.0,0.0,0.0,0.0,0.0,0.0,0.0,0.0,65.2,0,114,55,34,65476,0,300,0,0,8,20529,65476,0,0,2621,60.0,0.0,0.0,0.0,0.0,0.0
2026-07-09T15:53:22,ERR,ERR,ERR,ERR,ERR,ERR,ERR,ERR,ERR,ERR,ERR,ERR,ERR,ERR,ERR,ERR,ERR,ERR,ERR,ERR,ERR,ERR,ERR,ERR,ERR,ERR,ERR,ERR,ERR,ERR,ERR,ERR,ERR,ERR,ERR,ERR,ERR,ERR,ERR,ERR,ERR,ERR,ERR,ERR,ERR,ERR,ERR,ERR,ERR,ERR,ERR,ERR,ERR,ERR,ERR,ERR,ERR,ERR,ERR,ERR,ERR,ERR,ERR,ERR,ERR,ERR,ERR,ERR,ERR,ERR,ERR,ERR,ERR,ERR,ERR,ERR,ERR,ERR,ERR,ERR,ERR,ERR,ERR,ERR,ERR,ERR,ERR,ERR,ERR,ERR,ERR,ERR,ERR,ERR,ERR,ERR,ERR,ERR,ERR,ERR,ERR,ERR,ERR,ERR,ERR,ERR,ERR,ERR,ERR,ERR,ERR,ERR,ERR,ERR,ERR,ERR,ERR,ERR,ERR,ERR,ERR,ERR,ERR,ERR,ERR,0.0,-107616032.0,-0.0,0.0,-0.0,-8.788275384312127e+35,0.0,0.002,0,0,4,17307,7116,0.0,100,0.0,0.0,0.0,0.0,0.0,0,0,0,0,0.0,0,0,0,0,0,0,0,0,0,0,0,0,0,0,0,0,0,0,0,0,0,0,0,0,0,0,0,0,0,0,0,0,0,31,40,40,71,65476,0,300,0,0,8,21553,0.0,-107605600.0,0.0,0.0,0.0,0.0,0.0,0.0,0.0,0.0,0.0,0.0,0.0,0.0,0.0,0.0,0.0,0.0,0.0,0.0,0.0,0.0,2.004,0.0,0.0,0.0,0.0,0.0,0.0,0.0,5448.0,0.0,6915.0,0.0,0.0,2.004,2.004,0.0,0.0,0.0,0.0,69,-107614880.0,-0.0,0.0,0.0,0.0,0.0,0.0,0.0,0.0,0,0,0,0.0,0.0,0.0,0.0,0.0,0.0,0.0,0.0,0.0,0.0,0.0,0.0,0.0,0.0,0.0,0.0,0,-107875648.0,69,0.0,138,0.0,2.012,ERR,ERR,ERR,ERR,ERR,ERR,ERR,ERR,ERR,ERR,ERR,ERR,ERR,ERR,ERR,ERR,ERR,ERR,ERR,ERR,ERR,ERR,ERR,ERR,ERR,ERR,ERR,ERR,ERR,ERR,ERR,ERR,ERR,ERR,ERR,ERR,ERR,ERR,ERR,ERR,ERR,ERR,ERR,ERR,ERR,ERR,ERR,ERR,ERR,ERR,ERR,ERR,ERR,ERR,ERR,ERR,ERR,ERR,ERR,ERR,ERR,ERR,ERR,ERR,ERR,ERR,ERR,60.0,60.0,35,0.0,0.0,0.0,0.0,0.0,0.0,0.0,0.0,0.0,0.0,0.0,0.0,0.0,0.0,0.0,0.0,65.2,0,114,55,34,65476,0,300,0,0,8,20529,65476,0,0,2621,60.0,0.0,0.0,0.0,0.0,0.0
2026-07-09T15:53:23,ERR,ERR,ERR,ERR,ERR,ERR,ERR,ERR,ERR,ERR,ERR,ERR,ERR,ERR,ERR,ERR,ERR,ERR,ERR,ERR,ERR,ERR,ERR,ERR,ERR,ERR,ERR,ERR,ERR,ERR,ERR,ERR,ERR,ERR,ERR,ERR,ERR,ERR,ERR,ERR,ERR,ERR,ERR,ERR,ERR,ERR,ERR,ERR,ERR,ERR,ERR,ERR,ERR,ERR,ERR,ERR,ERR,ERR,ERR,ERR,ERR,ERR,ERR,ERR,ERR,ERR,ERR,ERR,ERR,ERR,ERR,ERR,ERR,ERR,ERR,ERR,ERR,ERR,ERR,ERR,ERR,ERR,ERR,ERR,ERR,ERR,ERR,ERR,ERR,ERR,ERR,ERR,ERR,ERR,ERR,ERR,ERR,ERR,ERR,ERR,ERR,ERR,ERR,ERR,ERR,ERR,ERR,ERR,ERR,ERR,ERR,ERR,ERR,ERR,ERR,ERR,ERR,ERR,ERR,ERR,ERR,ERR,ERR,ERR,ERR,0.0,-107616032.0,-0.0,0.0,-0.0,-8.788275384312127e+35,0.0,0.002,0,0,4,17307,7116,0.0,100,0.0,0.0,0.0,0.0,0.0,0,0,0,0,0.0,0,0,0,0,0,0,0,0,0,0,0,0,0,0,0,0,0,0,0,0,0,0,0,0,0,0,0,0,0,0,0,0,0,31,40,40,71,65476,0,300,0,0,8,21553,0.0,-107605600.0,0.0,0.0,0.0,0.0,0.0,0.0,0.0,0.0,0.0,0.0,0.0,0.0,0.0,0.0,0.0,0.0,0.0,0.0,0.0,0.0,2.004,0.0,0.0,0.0,0.0,0.0,0.0,0.0,5448.0,0.0,6915.0,0.0,0.0,2.004,2.004,0.0,0.0,0.0,0.0,69,-107614880.0,-0.0,0.0,0.0,0.0,0.0,0.0,0.0,0.0,0,0,0,0.0,0.0,0.0,0.0,0.0,0.0,0.0,0.0,0.0,0.0,0.0,0.0,0.0,0.0,0.0,0.0,0,-107875648.0,69,0.0,138,0.0,2.012,ERR,ERR,ERR,ERR,ERR,ERR,ERR,ERR,ERR,ERR,ERR,ERR,ERR,ERR,ERR,ERR,ERR,ERR,ERR,ERR,ERR,ERR,ERR,ERR,ERR,ERR,ERR,ERR,ERR,ERR,ERR,ERR,ERR,ERR,ERR,ERR,ERR,ERR,ERR,ERR,ERR,ERR,ERR,ERR,ERR,ERR,ERR,ERR,ERR,ERR,ERR,ERR,ERR,ERR,ERR,ERR,ERR,ERR,ERR,ERR,ERR,ERR,ERR,ERR,ERR,ERR,ERR,60.0,60.0,35,0.0,0.0,0.0,0.0,0.0,0.0,0.0,0.0,0.0,0.0,0.0,0.0,0.0,0.0,0.0,0.0,65.2,0,114,55,34,65476,0,300,0,0,8,20529,65476,0,0,2621,60.0,0.0,0.0,0.0,0.0,0.0
2026-07-09T15:53:24,ERR,ERR,ERR,ERR,ERR,ERR,ERR,ERR,ERR,ERR,ERR,ERR,ERR,ERR,ERR,ERR,ERR,ERR,ERR,ERR,ERR,ERR,ERR,ERR,ERR,ERR,ERR,ERR,ERR,ERR,ERR,ERR,ERR,ERR,ERR,ERR,ERR,ERR,ERR,ERR,ERR,ERR,ERR,ERR,ERR,ERR,ERR,ERR,ERR,ERR,ERR,ERR,ERR,ERR,ERR,ERR,ERR,ERR,ERR,ERR,ERR,ERR,ERR,ERR,ERR,ERR,ERR,ERR,ERR,ERR,ERR,ERR,ERR,ERR,ERR,ERR,ERR,ERR,ERR,ERR,ERR,ERR,ERR,ERR,ERR,ERR,ERR,ERR,ERR,ERR,ERR,ERR,ERR,ERR,ERR,ERR,ERR,ERR,ERR,ERR,ERR,ERR,ERR,ERR,ERR,ERR,ERR,ERR,ERR,ERR,ERR,ERR,ERR,ERR,ERR,ERR,ERR,ERR,ERR,ERR,ERR,ERR,ERR,ERR,ERR,0.0,2.71844587353878e+23,-107090640.0,-107611616.0,-0.0,-0.0,-0.0,4472825381388288.0,0,0,4,17315,7116,0.0,100,0.0,0.0,-107611616.0,0.0,0.0,0,0,0,0,0.0,0,0,0,0,0,0,0,0,0,0,0,0,0,0,0,0,0,0,0,0,0,0,0,0,0,0,0,0,0,0,0,0,0,31,40,40,71,65476,0,300,0,0,8,21553,0.0,-107605600.0,0.0,0.0,0.0,0.0,0.0,0.0,0.0,0.0,0.0,0.0,0.0,0.0,0.0,0.0,0.0,0.0,0.0,0.0,0.0,0.0,2.004,0.0,0.0,0.0,0.0,0.0,0.0,0.0,5415.0,-1.5879318087448473e+29,6942.0,0.0,-107616048.0,2.004,2.004,0.0,0.0,0.0,0.0,69,-0.0,-0.0,0.0,0.0,0.0,0.0,0.0,0.0,0.0,0,0,0,0.0,0.0,0.0,0.0,0.0,0.0,0.0,0.0,0.0,0.0,0.0,0.0,0.0,0.0,0.0,0.0,0,-107875648.0,69,0.0,138,0.0,2.012,ERR,ERR,ERR,ERR,ERR,ERR,ERR,ERR,ERR,ERR,ERR,ERR,ERR,ERR,ERR,ERR,ERR,ERR,ERR,ERR,ERR,ERR,ERR,ERR,ERR,ERR,ERR,ERR,ERR,ERR,ERR,ERR,ERR,ERR,ERR,ERR,ERR,ERR,ERR,ERR,ERR,ERR,ERR,ERR,ERR,ERR,ERR,ERR,ERR,ERR,ERR,ERR,ERR,ERR,ERR,ERR,ERR,ERR,ERR,ERR,ERR,ERR,ERR,ERR,ERR,ERR,ERR,60.0,60.0,35,0.0,0.0,0.0,0.0,0.0,0.0,0.0,0.0,0.0,0.0,0.0,0.0,0.0,0.0,0.0,0.0,65.2,0,114,55,34,65476,0,300,0,0,8,20529,65476,0,0,2621,60.0,0.0,0.0,0.0,0.0,0.0
2026-07-09T15:53:25,ERR,ERR,ERR,ERR,ERR,ERR,ERR,ERR,ERR,ERR,ERR,ERR,ERR,ERR,ERR,ERR,ERR,ERR,ERR,ERR,ERR,ERR,ERR,ERR,ERR,ERR,ERR,ERR,ERR,ERR,ERR,ERR,ERR,ERR,ERR,ERR,ERR,ERR,ERR,ERR,ERR,ERR,ERR,ERR,ERR,ERR,ERR,ERR,ERR,ERR,ERR,ERR,ERR,ERR,ERR,ERR,ERR,ERR,ERR,ERR,ERR,ERR,ERR,ERR,ERR,ERR,ERR,ERR,ERR,ERR,ERR,ERR,ERR,ERR,ERR,ERR,ERR,ERR,ERR,ERR,ERR,ERR,ERR,ERR,ERR,ERR,ERR,ERR,ERR,ERR,ERR,ERR,ERR,ERR,ERR,ERR,ERR,ERR,ERR,ERR,ERR,ERR,ERR,ERR,ERR,ERR,ERR,ERR,ERR,ERR,ERR,ERR,ERR,ERR,ERR,ERR,ERR,ERR,ERR,ERR,ERR,ERR,ERR,ERR,ERR,0.0,2.71844587353878e+23,-107090640.0,-107611616.0,-0.0,-0.0,-0.0,4472825381388288.0,0,0,4,17315,7116,0.0,100,0.0,0.0,-107611616.0,0.0,0.0,0,0,0,0,0.0,0,0,0,0,0,0,0,0,0,0,0,0,0,0,0,0,0,0,0,0,0,0,0,0,0,0,0,0,0,0,0,0,0,31,40,40,71,65476,0,300,0,0,8,21553,0.0,-107605600.0,0.0,0.0,0.0,0.0,0.0,0.0,0.0,0.0,0.0,0.0,0.0,0.0,0.0,0.0,0.0,0.0,0.0,0.0,0.0,0.0,2.004,0.0,0.0,0.0,0.0,0.0,0.0,0.0,5415.0,-1.5879318087448473e+29,6942.0,0.0,-107616048.0,2.004,2.004,0.0,0.0,0.0,0.0,69,-0.0,-0.0,0.0,0.0,0.0,0.0,0.0,0.0,0.0,0,0,0,0.0,0.0,0.0,0.0,0.0,0.0,0.0,0.0,0.0,0.0,0.0,0.0,0.0,0.0,0.0,0.0,0,-107875648.0,69,0.0,138,0.0,2.012,ERR,ERR,ERR,ERR,ERR,ERR,ERR,ERR,ERR,ERR,ERR,ERR,ERR,ERR,ERR,ERR,ERR,ERR,ERR,ERR,ERR,ERR,ERR,ERR,ERR,ERR,ERR,ERR,ERR,ERR,ERR,ERR,ERR,ERR,ERR,ERR,ERR,ERR,ERR,ERR,ERR,ERR,ERR,ERR,ERR,ERR,ERR,ERR,ERR,ERR,ERR,ERR,ERR,ERR,ERR,ERR,ERR,ERR,ERR,ERR,ERR,ERR,ERR,ERR,ERR,ERR,ERR,60.0,60.0,35,0.0,0.0,0.0,0.0,0.0,0.0,0.0,0.0,0.0,0.0,0.0,0.0,0.0,0.0,0.0,0.0,65.2,0,114,55,34,65476,0,300,0,0,8,20529,65476,0,0,2621,60.0,0.0,0.0,0.0,0.0,0.0
2026-07-09T15:53:26,ERR,ERR,ERR,ERR,ERR,ERR,ERR,ERR,ERR,ERR,ERR,ERR,ERR,ERR,ERR,ERR,ERR,ERR,ERR,ERR,ERR,ERR,ERR,ERR,ERR,ERR,ERR,ERR,ERR,ERR,ERR,ERR,ERR,ERR,ERR,ERR,ERR,ERR,ERR,ERR,ERR,ERR,ERR,ERR,ERR,ERR,ERR,ERR,ERR,ERR,ERR,ERR,ERR,ERR,ERR,ERR,ERR,ERR,ERR,ERR,ERR,ERR,ERR,ERR,ERR,ERR,ERR,ERR,ERR,ERR,ERR,ERR,ERR,ERR,ERR,ERR,ERR,ERR,ERR,ERR,ERR,ERR,ERR,ERR,ERR,ERR,ERR,ERR,ERR,ERR,ERR,ERR,ERR,ERR,ERR,ERR,ERR,ERR,ERR,ERR,ERR,ERR,ERR,ERR,ERR,ERR,ERR,ERR,ERR,ERR,ERR,ERR,ERR,ERR,ERR,ERR,ERR,ERR,ERR,ERR,ERR,ERR,ERR,ERR,ERR,0.0,2.71844587353878e+23,-107090640.0,-107611616.0,-0.0,-0.0,-0.0,4472825381388288.0,0,0,4,17315,7116,0.0,100,0.0,0.0,-107611616.0,0.0,0.0,0,0,0,0,0.0,0,0,0,0,0,0,0,0,0,0,0,0,0,0,0,0,0,0,0,0,0,0,0,0,0,0,0,0,0,0,0,0,0,31,40,40,71,65476,0,300,0,0,8,21553,0.0,-107605600.0,0.0,0.0,0.0,0.0,0.0,0.0,0.0,0.0,0.0,0.0,0.0,0.0,0.0,0.0,0.0,0.0,0.0,0.0,0.0,0.0,2.004,0.0,0.0,0.0,0.0,0.0,0.0,0.0,5415.0,-1.5879318087448473e+29,6942.0,0.0,-107616048.0,2.004,2.004,0.0,0.0,0.0,0.0,69,-0.0,-0.0,0.0,0.0,0.0,0.0,0.0,0.0,0.0,0,0,0,0.0,0.0,0.0,0.0,0.0,0.0,0.0,0.0,0.0,0.0,0.0,0.0,0.0,0.0,0.0,0.0,0,-107875648.0,69,0.0,138,0.0,2.012,ERR,ERR,ERR,ERR,ERR,ERR,ERR,ERR,ERR,ERR,ERR,ERR,ERR,ERR,ERR,ERR,ERR,ERR,ERR,ERR,ERR,ERR,ERR,ERR,ERR,ERR,ERR,ERR,ERR,ERR,ERR,ERR,ERR,ERR,ERR,ERR,ERR,ERR,ERR,ERR,ERR,ERR,ERR,ERR,ERR,ERR,ERR,ERR,ERR,ERR,ERR,ERR,ERR,ERR,ERR,ERR,ERR,ERR,ERR,ERR,ERR,ERR,ERR,ERR,ERR,ERR,ERR,60.0,60.0,35,0.0,0.0,0.0,0.0,0.0,0.0,0.0,0.0,0.0,0.0,0.0,0.0,0.0,0.0,0.0,0.0,65.2,0,114,55,34,65476,0,300,0,0,8,20529,65476,0,0,2621,60.0,0.0,0.0,0.0,0.0,0.0
2026-07-09T15:53:27,ERR,ERR,ERR,ERR,ERR,ERR,ERR,ERR,ERR,ERR,ERR,ERR,ERR,ERR,ERR,ERR,ERR,ERR,ERR,ERR,ERR,ERR,ERR,ERR,ERR,ERR,ERR,ERR,ERR,ERR,ERR,ERR,ERR,ERR,ERR,ERR,ERR,ERR,ERR,ERR,ERR,ERR,ERR,ERR,ERR,ERR,ERR,ERR,ERR,ERR,ERR,ERR,ERR,ERR,ERR,ERR,ERR,ERR,ERR,ERR,ERR,ERR,ERR,ERR,ERR,ERR,ERR,ERR,ERR,ERR,ERR,ERR,ERR,ERR,ERR,ERR,ERR,ERR,ERR,ERR,ERR,ERR,ERR,ERR,ERR,ERR,ERR,ERR,ERR,ERR,ERR,ERR,ERR,ERR,ERR,ERR,ERR,ERR,ERR,ERR,ERR,ERR,ERR,ERR,ERR,ERR,ERR,ERR,ERR,ERR,ERR,ERR,ERR,ERR,ERR,ERR,ERR,ERR,ERR,ERR,ERR,ERR,ERR,ERR,ERR,0.0,2.71844587353878e+23,-107090640.0,-107611616.0,-0.0,-0.0,-0.0,4472825381388288.0,0,0,4,17315,7116,0.0,100,0.0,0.0,-107611616.0,0.0,0.0,0,0,0,0,0.0,0,0,0,0,0,0,0,0,0,0,0,0,0,0,0,0,0,0,0,0,0,0,0,0,0,0,0,0,0,0,0,0,0,31,40,40,71,65476,0,300,0,0,8,21553,0.0,-107605600.0,0.0,0.0,0.0,0.0,0.0,0.0,0.0,0.0,0.0,0.0,0.0,0.0,0.0,0.0,0.0,0.0,0.0,0.0,0.0,0.0,2.004,0.0,0.0,0.0,0.0,0.0,0.0,0.0,5415.0,-1.5879318087448473e+29,6942.0,0.0,-107616048.0,2.004,2.004,0.0,0.0,0.0,0.0,69,-0.0,-0.0,0.0,0.0,0.0,0.0,0.0,0.0,0.0,0,0,0,0.0,0.0,0.0,0.0,0.0,0.0,0.0,0.0,0.0,0.0,0.0,0.0,0.0,0.0,0.0,0.0,0,-107875648.0,69,0.0,138,0.0,2.012,ERR,ERR,ERR,ERR,ERR,ERR,ERR,ERR,ERR,ERR,ERR,ERR,ERR,ERR,ERR,ERR,ERR,ERR,ERR,ERR,ERR,ERR,ERR,ERR,ERR,ERR,ERR,ERR,ERR,ERR,ERR,ERR,ERR,ERR,ERR,ERR,ERR,ERR,ERR,ERR,ERR,ERR,ERR,ERR,ERR,ERR,ERR,ERR,ERR,ERR,ERR,ERR,ERR,ERR,ERR,ERR,ERR,ERR,ERR,ERR,ERR,ERR,ERR,ERR,ERR,ERR,ERR,60.0,60.0,35,0.0,0.0,0.0,0.0,0.0,0.0,0.0,0.0,0.0,0.0,0.0,0.0,0.0,0.0,0.0,0.0,65.2,0,114,55,34,65476,0,300,0,0,8,20529,65476,0,0,2621,60.0,0.0,0.0,0.0,0.0,0.0
2026-07-09T15:53:28,ERR,ERR,ERR,ERR,ERR,ERR,ERR,ERR,ERR,ERR,ERR,ERR,ERR,ERR,ERR,ERR,ERR,ERR,ERR,ERR,ERR,ERR,ERR,ERR,ERR,ERR,ERR,ERR,ERR,ERR,ERR,ERR,ERR,ERR,ERR,ERR,ERR,ERR,ERR,ERR,ERR,ERR,ERR,ERR,ERR,ERR,ERR,ERR,ERR,ERR,ERR,ERR,ERR,ERR,ERR,ERR,ERR,ERR,ERR,ERR,ERR,ERR,ERR,ERR,ERR,ERR,ERR,ERR,ERR,ERR,ERR,ERR,ERR,ERR,ERR,ERR,ERR,ERR,ERR,ERR,ERR,ERR,ERR,ERR,ERR,ERR,ERR,ERR,ERR,ERR,ERR,ERR,ERR,ERR,ERR,ERR,ERR,ERR,ERR,ERR,ERR,ERR,ERR,ERR,ERR,ERR,ERR,ERR,ERR,ERR,ERR,ERR,ERR,ERR,ERR,ERR,ERR,ERR,ERR,ERR,ERR,ERR,ERR,ERR,ERR,0.0,2.71844587353878e+23,-107090640.0,-107611616.0,-0.0,-0.0,-0.0,4472825381388288.0,0,0,4,17315,7116,0.0,100,0.0,0.0,-107611616.0,0.0,0.0,0,0,0,0,0.0,0,0,0,0,0,0,0,0,0,0,0,0,0,0,0,0,0,0,0,0,0,0,0,0,0,0,0,0,0,0,0,0,0,31,40,40,71,65476,0,300,0,0,8,21553,0.0,-107605600.0,0.0,0.0,0.0,0.0,0.0,0.0,0.0,0.0,0.0,0.0,0.0,0.0,0.0,0.0,0.0,0.0,0.0,0.0,0.0,0.0,2.004,0.0,0.0,0.0,0.0,0.0,0.0,0.0,5415.0,-1.5879318087448473e+29,6942.0,0.0,-107616048.0,2.004,2.004,0.0,0.0,0.0,0.0,69,-0.0,-0.0,0.0,0.0,0.0,0.0,0.0,0.0,0.0,0,0,0,0.0,0.0,0.0,0.0,0.0,0.0,0.0,0.0,0.0,0.0,0.0,0.0,0.0,0.0,0.0,0.0,0,-107875648.0,69,0.0,138,0.0,2.012,ERR,ERR,ERR,ERR,ERR,ERR,ERR,ERR,ERR,ERR,ERR,ERR,ERR,ERR,ERR,ERR,ERR,ERR,ERR,ERR,ERR,ERR,ERR,ERR,ERR,ERR,ERR,ERR,ERR,ERR,ERR,ERR,ERR,ERR,ERR,ERR,ERR,ERR,ERR,ERR,ERR,ERR,ERR,ERR,ERR,ERR,ERR,ERR,ERR,ERR,ERR,ERR,ERR,ERR,ERR,ERR,ERR,ERR,ERR,ERR,ERR,ERR,ERR,ERR,ERR,ERR,ERR,60.0,60.0,35,0.0,0.0,0.0,0.0,0.0,0.0,0.0,0.0,0.0,0.0,0.0,0.0,0.0,0.0,0.0,0.0,65.2,0,114,55,34,65476,0,300,0,0,8,20529,65476,0,0,2621,60.0,0.0,0.0,0.0,0.0,0.0
2026-07-09T15:53:29,ERR,ERR,ERR,ERR,ERR,ERR,ERR,ERR,ERR,ERR,ERR,ERR,ERR,ERR,ERR,ERR,ERR,ERR,ERR,ERR,ERR,ERR,ERR,ERR,ERR,ERR,ERR,ERR,ERR,ERR,ERR,ERR,ERR,ERR,ERR,ERR,ERR,ERR,ERR,ERR,ERR,ERR,ERR,ERR,ERR,ERR,ERR,ERR,ERR,ERR,ERR,ERR,ERR,ERR,ERR,ERR,ERR,ERR,ERR,ERR,ERR,ERR,ERR,ERR,ERR,ERR,ERR,ERR,ERR,ERR,ERR,ERR,ERR,ERR,ERR,ERR,ERR,ERR,ERR,ERR,ERR,ERR,ERR,ERR,ERR,ERR,ERR,ERR,ERR,ERR,ERR,ERR,ERR,ERR,ERR,ERR,ERR,ERR,ERR,ERR,ERR,ERR,ERR,ERR,ERR,ERR,ERR,ERR,ERR,ERR,ERR,ERR,ERR,ERR,ERR,ERR,ERR,ERR,ERR,ERR,ERR,ERR,ERR,ERR,ERR,0.0,0.0,0.0,-107611616.0,-3.546971734647243e+21,-4.670893041288577e+22,4.3039392032184736e+23,-1.0526207114057718e+21,0,0,4,17322,7116,0.0,100,0.0,0.0,-107611616.0,0.0,0.0,0,0,0,0,0.0,0,0,0,0,0,0,0,0,0,0,0,0,0,0,0,0,0,0,0,0,0,0,0,0,0,0,0,0,0,0,0,0,0,31,40,40,71,65476,0,300,0,0,8,21553,0.0,-107605600.0,0.0,0.0,0.0,0.0,0.0,0.0,0.0,0.0,0.0,0.0,0.0,0.0,0.0,0.0,0.0,0.0,0.0,0.0,0.0,0.0,2.004,2.004,0.0,0.0,0.0,0.0,0.0,0.0,5412.0,-2.422991651527172e+24,6942.0,0.0,2.71844623382675e+23,2.004,2.004,0.0,0.0,0.0,0.0,69,-107614880.0,-0.0,0.0,0.0,0.0,0.0,0.0,0.0,0.0,0,0,0,0.0,0.0,0.0,0.0,0.0,0.0,0.0,0.0,0.0,0.0,0.0,0.0,0.0,0.0,0.0,0.0,0,-107875648.0,69,0.0,138,0.0,2.012,ERR,ERR,ERR,ERR,ERR,ERR,ERR,ERR,ERR,ERR,ERR,ERR,ERR,ERR,ERR,ERR,ERR,ERR,ERR,ERR,ERR,ERR,ERR,ERR,ERR,ERR,ERR,ERR,ERR,ERR,ERR,ERR,ERR,ERR,ERR,ERR,ERR,ERR,ERR,ERR,ERR,ERR,ERR,ERR,ERR,ERR,ERR,ERR,ERR,ERR,ERR,ERR,ERR,ERR,ERR,ERR,ERR,ERR,ERR,ERR,ERR,ERR,ERR,ERR,ERR,ERR,ERR,60.0,60.0,35,0.0,0.0,0.0,0.0,0.0,0.0,0.0,0.0,0.0,0.0,0.0,0.0,0.0,0.0,0.0,0.0,65.6,0,115,55,34,65476,0,300,0,0,8,20529,65476,0,0,2621,60.0,0.0,0.0,0.0,0.0,0.0
2026-07-09T15:53:30,ERR,ERR,ERR,ERR,ERR,ERR,ERR,ERR,ERR,ERR,ERR,ERR,ERR,ERR,ERR,ERR,ERR,ERR,ERR,ERR,ERR,ERR,ERR,ERR,ERR,ERR,ERR,ERR,ERR,ERR,ERR,ERR,ERR,ERR,ERR,ERR,ERR,ERR,ERR,ERR,ERR,ERR,ERR,ERR,ERR,ERR,ERR,ERR,ERR,ERR,ERR,ERR,ERR,ERR,ERR,ERR,ERR,ERR,ERR,ERR,ERR,ERR,ERR,ERR,ERR,ERR,ERR,ERR,ERR,ERR,ERR,ERR,ERR,ERR,ERR,ERR,ERR,ERR,ERR,ERR,ERR,ERR,ERR,ERR,ERR,ERR,ERR,ERR,ERR,ERR,ERR,ERR,ERR,ERR,ERR,ERR,ERR,ERR,ERR,ERR,ERR,ERR,ERR,ERR,ERR,ERR,ERR,ERR,ERR,ERR,ERR,ERR,ERR,ERR,ERR,ERR,ERR,ERR,ERR,ERR,ERR,ERR,ERR,ERR,ERR,0.0,0.0,0.0,-107611616.0,-3.546971734647243e+21,-4.670893041288577e+22,4.3039392032184736e+23,-1.0526207114057718e+21,0,0,4,17322,7116,0.0,100,0.0,0.0,-107611616.0,0.0,0.0,0,0,0,0,0.0,0,0,0,0,0,0,0,0,0,0,0,0,0,0,0,0,0,0,0,0,0,0,0,0,0,0,0,0,0,0,0,0,0,31,40,40,71,65476,0,300,0,0,8,21553,0.0,-107605600.0,0.0,0.0,0.0,0.0,0.0,0.0,0.0,0.0,0.0,0.0,0.0,0.0,0.0,0.0,0.0,0.0,0.0,0.0,0.0,0.0,2.004,2.004,0.0,0.0,0.0,0.0,0.0,0.0,5412.0,-2.422991651527172e+24,6942.0,0.0,2.71844623382675e+23,2.004,2.004,0.0,0.0,0.0,0.0,69,-107614880.0,-0.0,0.0,0.0,0.0,0.0,0.0,0.0,0.0,0,0,0,0.0,0.0,0.0,0.0,0.0,0.0,0.0,0.0,0.0,0.0,0.0,0.0,0.0,0.0,0.0,0.0,0,-107875648.0,69,0.0,138,0.0,2.012,ERR,ERR,ERR,ERR,ERR,ERR,ERR,ERR,ERR,ERR,ERR,ERR,ERR,ERR,ERR,ERR,ERR,ERR,ERR,ERR,ERR,ERR,ERR,ERR,ERR,ERR,ERR,ERR,ERR,ERR,ERR,ERR,ERR,ERR,ERR,ERR,ERR,ERR,ERR,ERR,ERR,ERR,ERR,ERR,ERR,ERR,ERR,ERR,ERR,ERR,ERR,ERR,ERR,ERR,ERR,ERR,ERR,ERR,ERR,ERR,ERR,ERR,ERR,ERR,ERR,ERR,ERR,60.0,60.0,35,0.0,0.0,0.0,0.0,0.0,0.0,0.0,0.0,0.0,0.0,0.0,0.0,0.0,0.0,0.0,0.0,65.6,0,115,55,34,65476,0,300,0,0,8,20529,65476,0,0,2621,60.0,0.0,0.0,0.0,0.0,0.0
2026-07-09T15:53:31,ERR,ERR,ERR,ERR,ERR,ERR,ERR,ERR,ERR,ERR,ERR,ERR,ERR,ERR,ERR,ERR,ERR,ERR,ERR,ERR,ERR,ERR,ERR,ERR,ERR,ERR,ERR,ERR,ERR,ERR,ERR,ERR,ERR,ERR,ERR,ERR,ERR,ERR,ERR,ERR,ERR,ERR,ERR,ERR,ERR,ERR,ERR,ERR,ERR,ERR,ERR,ERR,ERR,ERR,ERR,ERR,ERR,ERR,ERR,ERR,ERR,ERR,ERR,ERR,ERR,ERR,ERR,ERR,ERR,ERR,ERR,ERR,ERR,ERR,ERR,ERR,ERR,ERR,ERR,ERR,ERR,ERR,ERR,ERR,ERR,ERR,ERR,ERR,ERR,ERR,ERR,ERR,ERR,ERR,ERR,ERR,ERR,ERR,ERR,ERR,ERR,ERR,ERR,ERR,ERR,ERR,ERR,ERR,ERR,ERR,ERR,ERR,ERR,ERR,ERR,ERR,ERR,ERR,ERR,ERR,ERR,ERR,ERR,ERR,ERR,0.0,0.0,0.0,-107611616.0,-3.546971734647243e+21,-4.670893041288577e+22,4.3039392032184736e+23,-1.0526207114057718e+21,0,0,4,17322,7116,0.0,100,0.0,0.0,-107611616.0,0.0,0.0,0,0,0,0,0.0,0,0,0,0,0,0,0,0,0,0,0,0,0,0,0,0,0,0,0,0,0,0,0,0,0,0,0,0,0,0,0,0,0,31,40,40,71,65476,0,300,0,0,8,21553,0.0,-107605600.0,0.0,0.0,0.0,0.0,0.0,0.0,0.0,0.0,0.0,0.0,0.0,0.0,0.0,0.0,0.0,0.0,0.0,0.0,0.0,0.0,2.004,2.004,0.0,0.0,0.0,0.0,0.0,0.0,5412.0,-2.422991651527172e+24,6942.0,0.0,2.71844623382675e+23,2.004,2.004,0.0,0.0,0.0,0.0,69,-107614880.0,-0.0,0.0,0.0,0.0,0.0,0.0,0.0,0.0,0,0,0,0.0,0.0,0.0,0.0,0.0,0.0,0.0,0.0,0.0,0.0,0.0,0.0,0.0,0.0,0.0,0.0,0,-107875648.0,69,0.0,138,0.0,2.012,ERR,ERR,ERR,ERR,ERR,ERR,ERR,ERR,ERR,ERR,ERR,ERR,ERR,ERR,ERR,ERR,ERR,ERR,ERR,ERR,ERR,ERR,ERR,ERR,ERR,ERR,ERR,ERR,ERR,ERR,ERR,ERR,ERR,ERR,ERR,ERR,ERR,ERR,ERR,ERR,ERR,ERR,ERR,ERR,ERR,ERR,ERR,ERR,ERR,ERR,ERR,ERR,ERR,ERR,ERR,ERR,ERR,ERR,ERR,ERR,ERR,ERR,ERR,ERR,ERR,ERR,ERR,60.0,60.0,35,0.0,0.0,0.0,0.0,0.0,0.0,0.0,0.0,0.0,0.0,0.0,0.0,0.0,0.0,0.0,0.0,65.2,0,115,55,34,65476,0,300,0,0,8,20529,65476,0,0,2621,60.0,0.0,0.0,0.0,0.0,0.0
2026-07-09T15:53:32,ERR,ERR,ERR,ERR,ERR,ERR,ERR,ERR,ERR,ERR,ERR,ERR,ERR,ERR,ERR,ERR,ERR,ERR,ERR,ERR,ERR,ERR,ERR,ERR,ERR,ERR,ERR,ERR,ERR,ERR,ERR,ERR,ERR,ERR,ERR,ERR,ERR,ERR,ERR,ERR,ERR,ERR,ERR,ERR,ERR,ERR,ERR,ERR,ERR,ERR,ERR,ERR,ERR,ERR,ERR,ERR,ERR,ERR,ERR,ERR,ERR,ERR,ERR,ERR,ERR,ERR,ERR,ERR,ERR,ERR,ERR,ERR,ERR,ERR,ERR,ERR,ERR,ERR,ERR,ERR,ERR,ERR,ERR,ERR,ERR,ERR,ERR,ERR,ERR,ERR,ERR,ERR,ERR,ERR,ERR,ERR,ERR,ERR,ERR,ERR,ERR,ERR,ERR,ERR,ERR,ERR,ERR,ERR,ERR,ERR,ERR,ERR,ERR,ERR,ERR,ERR,ERR,ERR,ERR,ERR,ERR,ERR,ERR,ERR,ERR,0.0,0.0,0.0,-107611616.0,-3.546971734647243e+21,-4.670893041288577e+22,4.3039392032184736e+23,-1.0526207114057718e+21,0,0,4,17322,7116,0.0,100,0.0,0.0,-107611616.0,0.0,0.0,0,0,0,0,0.0,0,0,0,0,0,0,0,0,0,0,0,0,0,0,0,0,0,0,0,0,0,0,0,0,0,0,0,0,0,0,0,0,0,31,40,40,71,65476,0,300,0,0,8,21553,0.0,-107605600.0,0.0,0.0,0.0,0.0,0.0,0.0,0.0,0.0,0.0,0.0,0.0,0.0,0.0,0.0,0.0,0.0,0.0,0.0,0.0,0.0,2.004,2.004,0.0,0.0,0.0,0.0,0.0,0.0,5412.0,-2.422991651527172e+24,6942.0,0.0,2.71844623382675e+23,2.004,2.004,0.0,0.0,0.0,0.0,69,-107614880.0,-0.0,0.0,0.0,0.0,0.0,0.0,0.0,0.0,0,0,0,0.0,0.0,0.0,0.0,0.0,0.0,0.0,0.0,0.0,0.0,0.0,0.0,0.0,0.0,0.0,0.0,0,-107875648.0,69,0.0,138,0.0,2.012,ERR,ERR,ERR,ERR,ERR,ERR,ERR,ERR,ERR,ERR,ERR,ERR,ERR,ERR,ERR,ERR,ERR,ERR,ERR,ERR,ERR,ERR,ERR,ERR,ERR,ERR,ERR,ERR,ERR,ERR,ERR,ERR,ERR,ERR,ERR,ERR,ERR,ERR,ERR,ERR,ERR,ERR,ERR,ERR,ERR,ERR,ERR,ERR,ERR,ERR,ERR,ERR,ERR,ERR,ERR,ERR,ERR,ERR,ERR,ERR,ERR,ERR,ERR,ERR,ERR,ERR,ERR,60.0,60.0,35,0.0,0.0,0.0,0.0,0.0,0.0,0.0,0.0,0.0,0.0,0.0,0.0,0.0,0.0,0.0,0.0,65.2,0,115,55,34,65476,0,300,0,0,8,20529,65476,0,0,2621,60.0,0.0,0.0,0.0,0.0,0.0
2026-07-09T15:53:33,ERR,ERR,ERR,ERR,ERR,ERR,ERR,ERR,ERR,ERR,ERR,ERR,ERR,ERR,ERR,ERR,ERR,ERR,ERR,ERR,ERR,ERR,ERR,ERR,ERR,ERR,ERR,ERR,ERR,ERR,ERR,ERR,ERR,ERR,ERR,ERR,ERR,ERR,ERR,ERR,ERR,ERR,ERR,ERR,ERR,ERR,ERR,ERR,ERR,ERR,ERR,ERR,ERR,ERR,ERR,ERR,ERR,ERR,ERR,ERR,ERR,ERR,ERR,ERR,ERR,ERR,ERR,ERR,ERR,ERR,ERR,ERR,ERR,ERR,ERR,ERR,ERR,ERR,ERR,ERR,ERR,ERR,ERR,ERR,ERR,ERR,ERR,ERR,ERR,ERR,ERR,ERR,ERR,ERR,ERR,ERR,ERR,ERR,ERR,ERR,ERR,ERR,ERR,ERR,ERR,ERR,ERR,ERR,ERR,ERR,ERR,ERR,ERR,ERR,ERR,ERR,ERR,ERR,ERR,ERR,ERR,ERR,ERR,ERR,ERR,0.0,0.0,0.0,-107611616.0,-3.546971734647243e+21,-4.670893041288577e+22,4.3039392032184736e+23,-1.0526207114057718e+21,0,0,4,17322,7116,0.0,100,0.0,0.0,-107611616.0,0.0,0.0,0,0,0,0,0.0,0,0,0,0,0,0,0,0,0,0,0,0,0,0,0,0,0,0,0,0,0,0,0,0,0,0,0,0,0,0,0,0,0,31,40,40,71,65476,0,300,0,0,8,21553,0.0,-107605600.0,0.0,0.0,0.0,0.0,0.0,0.0,0.0,0.0,0.0,0.0,0.0,0.0,0.0,0.0,0.0,0.0,0.0,0.0,0.0,0.0,2.004,2.004,0.0,0.0,0.0,0.0,0.0,0.0,5412.0,-2.422991651527172e+24,6942.0,0.0,2.71844623382675e+23,2.004,2.004,0.0,0.0,0.0,0.0,69,-107614880.0,-0.0,0.0,0.0,0.0,0.0,0.0,0.0,0.0,0,0,0,0.0,0.0,0.0,0.0,0.0,0.0,0.0,0.0,0.0,0.0,0.0,0.0,0.0,0.0,0.0,0.0,0,-107875648.0,69,0.0,138,0.0,2.012,ERR,ERR,ERR,ERR,ERR,ERR,ERR,ERR,ERR,ERR,ERR,ERR,ERR,ERR,ERR,ERR,ERR,ERR,ERR,ERR,ERR,ERR,ERR,ERR,ERR,ERR,ERR,ERR,ERR,ERR,ERR,ERR,ERR,ERR,ERR,ERR,ERR,ERR,ERR,ERR,ERR,ERR,ERR,ERR,ERR,ERR,ERR,ERR,ERR,ERR,ERR,ERR,ERR,ERR,ERR,ERR,ERR,ERR,ERR,ERR,ERR,ERR,ERR,ERR,ERR,ERR,ERR,60.0,60.0,35,0.0,0.0,0.0,0.0,0.0,0.0,0.0,0.0,0.0,0.0,0.0,0.0,0.0,0.0,0.0,0.0,65.2,0,115,55,34,65476,0,300,0,0,8,20529,65476,0,0,2621,60.0,0.0,0.0,0.0,0.0,0.0
2026-07-09T15:53:34,ERR,ERR,ERR,ERR,ERR,ERR,ERR,ERR,ERR,ERR,ERR,ERR,ERR,ERR,ERR,ERR,ERR,ERR,ERR,ERR,ERR,ERR,ERR,ERR,ERR,ERR,ERR,ERR,ERR,ERR,ERR,ERR,ERR,ERR,ERR,ERR,ERR,ERR,ERR,ERR,ERR,ERR,ERR,ERR,ERR,ERR,ERR,ERR,ERR,ERR,ERR,ERR,ERR,ERR,ERR,ERR,ERR,ERR,ERR,ERR,ERR,ERR,ERR,ERR,ERR,ERR,ERR,ERR,ERR,ERR,ERR,ERR,ERR,ERR,ERR,ERR,ERR,ERR,ERR,ERR,ERR,ERR,ERR,ERR,ERR,ERR,ERR,ERR,ERR,ERR,ERR,ERR,ERR,ERR,ERR,ERR,ERR,ERR,ERR,ERR,ERR,ERR,ERR,ERR,ERR,ERR,ERR,ERR,ERR,ERR,ERR,ERR,ERR,ERR,ERR,ERR,ERR,ERR,ERR,ERR,ERR,ERR,ERR,ERR,ERR,0.0,0.0,0.0,-107611616.0,2203863744512.0,-9.050711064015809e+20,5.678805154039805e+20,4.295093314392014e+37,0,0,4,17324,7116,0.0,100,0.0,0.0,-107611616.0,0.0,0.0,0,0,0,0,0.0,0,0,0,0,0,0,0,0,0,0,0,0,0,0,0,0,0,0,0,0,0,0,0,0,0,0,0,0,0,0,0,0,0,31,40,40,71,65476,0,300,0,0,8,21553,0.0,-107605600.0,0.0,0.0,0.0,0.0,0.0,0.0,0.0,0.0,0.0,0.0,0.0,0.0,0.0,0.0,0.0,0.0,0.0,0.0,0.0,0.0,2.004,-3.697068705782851e+19,0.0,0.0,0.0,0.0,0.0,0.0,5441.0,0.0,6915.0,0.0,2.718446413970735e+23,2.004,2.004,0.0,0.0,0.0,0.0,69,5.848060436849142e+35,-0.0,0.0,0.0,0.0,0.0,0.0,0.0,0.0,0,0,0,0.0,0.0,0.0,0.0,0.0,0.0,0.0,0.0,0.0,0.0,0.0,0.0,0.0,0.0,0.0,0.0,0,-107875648.0,69,0.0,138,0.0,2.012,ERR,ERR,ERR,ERR,ERR,ERR,ERR,ERR,ERR,ERR,ERR,ERR,ERR,ERR,ERR,ERR,ERR,ERR,ERR,ERR,ERR,ERR,ERR,ERR,ERR,ERR,ERR,ERR,ERR,ERR,ERR,ERR,ERR,ERR,ERR,ERR,ERR,ERR,ERR,ERR,ERR,ERR,ERR,ERR,ERR,ERR,ERR,ERR,ERR,ERR,ERR,ERR,ERR,ERR,ERR,ERR,ERR,ERR,ERR,ERR,ERR,ERR,ERR,ERR,ERR,ERR,ERR,60.0,60.0,35,0.0,0.0,0.0,0.0,0.0,0.0,0.0,0.0,0.0,0.0,0.0,0.0,0.0,0.0,0.0,0.0,65.2,0,115,55,34,65476,0,300,0,0,8,20529,65476,0,0,2621,60.0,0.0,0.0,0.0,0.0,0.0
2026-07-09T15:53:35,ERR,ERR,ERR,ERR,ERR,ERR,ERR,ERR,ERR,ERR,ERR,ERR,ERR,ERR,ERR,ERR,ERR,ERR,ERR,ERR,ERR,ERR,ERR,ERR,ERR,ERR,ERR,ERR,ERR,ERR,ERR,ERR,ERR,ERR,ERR,ERR,ERR,ERR,ERR,ERR,ERR,ERR,ERR,ERR,ERR,ERR,ERR,ERR,ERR,ERR,ERR,ERR,ERR,ERR,ERR,ERR,ERR,ERR,ERR,ERR,ERR,ERR,ERR,ERR,ERR,ERR,ERR,ERR,ERR,ERR,ERR,ERR,ERR,ERR,ERR,ERR,ERR,ERR,ERR,ERR,ERR,ERR,ERR,ERR,ERR,ERR,ERR,ERR,ERR,ERR,ERR,ERR,ERR,ERR,ERR,ERR,ERR,ERR,ERR,ERR,ERR,ERR,ERR,ERR,ERR,ERR,ERR,ERR,ERR,ERR,ERR,ERR,ERR,ERR,ERR,ERR,ERR,ERR,ERR,ERR,ERR,ERR,ERR,ERR,ERR,0.0,0.0,0.0,-107611616.0,2203863744512.0,-9.050711064015809e+20,5.678805154039805e+20,4.295093314392014e+37,0,0,4,17324,7116,0.0,100,0.0,0.0,-107611616.0,0.0,0.0,0,0,0,0,0.0,0,0,0,0,0,0,0,0,0,0,0,0,0,0,0,0,0,0,0,0,0,0,0,0,0,0,0,0,0,0,0,0,0,31,40,40,71,65476,0,300,0,0,8,21553,0.0,-107605600.0,0.0,0.0,0.0,0.0,0.0,0.0,0.0,0.0,0.0,0.0,0.0,0.0,0.0,0.0,0.0,0.0,0.0,0.0,0.0,0.0,2.004,-3.697068705782851e+19,0.0,0.0,0.0,0.0,0.0,0.0,5441.0,0.0,6915.0,0.0,2.718446413970735e+23,2.004,2.004,0.0,0.0,0.0,0.0,69,5.848060436849142e+35,-0.0,0.0,0.0,0.0,0.0,0.0,0.0,0.0,0,0,0,0.0,0.0,0.0,0.0,0.0,0.0,0.0,0.0,0.0,0.0,0.0,0.0,0.0,0.0,0.0,0.0,0,-107875648.0,69,0.0,138,0.0,2.012,ERR,ERR,ERR,ERR,ERR,ERR,ERR,ERR,ERR,ERR,ERR,ERR,ERR,ERR,ERR,ERR,ERR,ERR,ERR,ERR,ERR,ERR,ERR,ERR,ERR,ERR,ERR,ERR,ERR,ERR,ERR,ERR,ERR,ERR,ERR,ERR,ERR,ERR,ERR,ERR,ERR,ERR,ERR,ERR,ERR,ERR,ERR,ERR,ERR,ERR,ERR,ERR,ERR,ERR,ERR,ERR,ERR,ERR,ERR,ERR,ERR,ERR,ERR,ERR,ERR,ERR,ERR,60.0,60.0,35,0.0,0.0,0.0,0.0,0.0,0.0,0.0,0.0,0.0,0.0,0.0,0.0,0.0,0.0,0.0,0.0,65.2,0,115,55,34,65476,0,300,0,0,8,20529,65476,0,0,2621,60.0,0.0,0.0,0.0,0.0,0.0
2026-07-09T15:53:36,ERR,ERR,ERR,ERR,ERR,ERR,ERR,ERR,ERR,ERR,ERR,ERR,ERR,ERR,ERR,ERR,ERR,ERR,ERR,ERR,ERR,ERR,ERR,ERR,ERR,ERR,ERR,ERR,ERR,ERR,ERR,ERR,ERR,ERR,ERR,ERR,ERR,ERR,ERR,ERR,ERR,ERR,ERR,ERR,ERR,ERR,ERR,ERR,ERR,ERR,ERR,ERR,ERR,ERR,ERR,ERR,ERR,ERR,ERR,ERR,ERR,ERR,ERR,ERR,ERR,ERR,ERR,ERR,ERR,ERR,ERR,ERR,ERR,ERR,ERR,ERR,ERR,ERR,ERR,ERR,ERR,ERR,ERR,ERR,ERR,ERR,ERR,ERR,ERR,ERR,ERR,ERR,ERR,ERR,ERR,ERR,ERR,ERR,ERR,ERR,ERR,ERR,ERR,ERR,ERR,ERR,ERR,ERR,ERR,ERR,ERR,ERR,ERR,ERR,ERR,ERR,ERR,ERR,ERR,ERR,ERR,ERR,ERR,ERR,ERR,0.0,0.0,0.0,-107611616.0,2203863744512.0,-9.050711064015809e+20,5.678805154039805e+20,4.295093314392014e+37,0,0,4,17324,7116,0.0,100,0.0,0.0,-107611616.0,0.0,0.0,0,0,0,0,0.0,0,0,0,0,0,0,0,0,0,0,0,0,0,0,0,0,0,0,0,0,0,0,0,0,0,0,0,0,0,0,0,0,0,31,40,40,71,65476,0,300,0,0,8,21553,0.0,-107605600.0,0.0,0.0,0.0,0.0,0.0,0.0,0.0,0.0,0.0,0.0,0.0,0.0,0.0,0.0,0.0,0.0,0.0,0.0,0.0,0.0,2.004,-3.697068705782851e+19,0.0,0.0,0.0,0.0,0.0,0.0,5441.0,0.0,6915.0,0.0,2.718446413970735e+23,2.004,2.004,0.0,0.0,0.0,0.0,69,5.848060436849142e+35,-0.0,0.0,0.0,0.0,0.0,0.0,0.0,0.0,0,0,0,0.0,0.0,0.0,0.0,0.0,0.0,0.0,0.0,0.0,0.0,0.0,0.0,0.0,0.0,0.0,0.0,0,-107875648.0,69,0.0,138,0.0,2.012,ERR,ERR,ERR,ERR,ERR,ERR,ERR,ERR,ERR,ERR,ERR,ERR,ERR,ERR,ERR,ERR,ERR,ERR,ERR,ERR,ERR,ERR,ERR,ERR,ERR,ERR,ERR,ERR,ERR,ERR,ERR,ERR,ERR,ERR,ERR,ERR,ERR,ERR,ERR,ERR,ERR,ERR,ERR,ERR,ERR,ERR,ERR,ERR,ERR,ERR,ERR,ERR,ERR,ERR,ERR,ERR,ERR,ERR,ERR,ERR,ERR,ERR,ERR,ERR,ERR,ERR,ERR,60.0,60.0,35,0.0,0.0,0.0,0.0,0.0,0.0,0.0,0.0,0.0,0.0,0.0,0.0,0.0,0.0,0.0,0.0,65.2,0,115,55,34,65476,0,300,0,0,8,20529,65476,0,0,2621,60.0,0.0,0.0,0.0,0.0,0.0
2026-07-09T15:53:37,ERR,ERR,ERR,ERR,ERR,ERR,ERR,ERR,ERR,ERR,ERR,ERR,ERR,ERR,ERR,ERR,ERR,ERR,ERR,ERR,ERR,ERR,ERR,ERR,ERR,ERR,ERR,ERR,ERR,ERR,ERR,ERR,ERR,ERR,ERR,ERR,ERR,ERR,ERR,ERR,ERR,ERR,ERR,ERR,ERR,ERR,ERR,ERR,ERR,ERR,ERR,ERR,ERR,ERR,ERR,ERR,ERR,ERR,ERR,ERR,ERR,ERR,ERR,ERR,ERR,ERR,ERR,ERR,ERR,ERR,ERR,ERR,ERR,ERR,ERR,ERR,ERR,ERR,ERR,ERR,ERR,ERR,ERR,ERR,ERR,ERR,ERR,ERR,ERR,ERR,ERR,ERR,ERR,ERR,ERR,ERR,ERR,ERR,ERR,ERR,ERR,ERR,ERR,ERR,ERR,ERR,ERR,ERR,ERR,ERR,ERR,ERR,ERR,ERR,ERR,ERR,ERR,ERR,ERR,ERR,ERR,ERR,ERR,ERR,ERR,0.0,0.0,0.0,-107611616.0,2203863744512.0,-9.050711064015809e+20,5.678805154039805e+20,4.295093314392014e+37,0,0,4,17324,7116,0.0,100,0.0,0.0,-107611616.0,0.0,0.0,0,0,0,0,0.0,0,0,0,0,0,0,0,0,0,0,0,0,0,0,0,0,0,0,0,0,0,0,0,0,0,0,0,0,0,0,0,0,0,31,40,40,71,65476,0,300,0,0,8,21553,0.0,-107605600.0,0.0,0.0,0.0,0.0,0.0,0.0,0.0,0.0,0.0,0.0,0.0,0.0,0.0,0.0,0.0,0.0,0.0,0.0,0.0,0.0,2.004,-3.697068705782851e+19,0.0,0.0,0.0,0.0,0.0,0.0,5441.0,0.0,6915.0,0.0,2.718446413970735e+23,2.004,2.004,0.0,0.0,0.0,0.0,69,5.848060436849142e+35,-0.0,0.0,0.0,0.0,0.0,0.0,0.0,0.0,0,0,0,0.0,0.0,0.0,0.0,0.0,0.0,0.0,0.0,0.0,0.0,0.0,0.0,0.0,0.0,0.0,0.0,0,-107875648.0,69,0.0,138,0.0,2.012,ERR,ERR,ERR,ERR,ERR,ERR,ERR,ERR,ERR,ERR,ERR,ERR,ERR,ERR,ERR,ERR,ERR,ERR,ERR,ERR,ERR,ERR,ERR,ERR,ERR,ERR,ERR,ERR,ERR,ERR,ERR,ERR,ERR,ERR,ERR,ERR,ERR,ERR,ERR,ERR,ERR,ERR,ERR,ERR,ERR,ERR,ERR,ERR,ERR,ERR,ERR,ERR,ERR,ERR,ERR,ERR,ERR,ERR,ERR,ERR,ERR,ERR,ERR,ERR,ERR,ERR,ERR,60.0,60.0,35,0.0,0.0,0.0,0.0,0.0,0.0,0.0,0.0,0.0,0.0,0.0,0.0,0.0,0.0,0.0,0.0,65.2,0,115,55,34,65476,0,300,0,0,8,20529,65476,0,0,2621,60.0,0.0,0.0,0.0,0.0,0.0
2026-07-09T15:53:38,ERR,ERR,ERR,ERR,ERR,ERR,ERR,ERR,ERR,ERR,ERR,ERR,ERR,ERR,ERR,ERR,ERR,ERR,ERR,ERR,ERR,ERR,ERR,ERR,ERR,ERR,ERR,ERR,ERR,ERR,ERR,ERR,ERR,ERR,ERR,ERR,ERR,ERR,ERR,ERR,ERR,ERR,ERR,ERR,ERR,ERR,ERR,ERR,ERR,ERR,ERR,ERR,ERR,ERR,ERR,ERR,ERR,ERR,ERR,ERR,ERR,ERR,ERR,ERR,ERR,ERR,ERR,ERR,ERR,ERR,ERR,ERR,ERR,ERR,ERR,ERR,ERR,ERR,ERR,ERR,ERR,ERR,ERR,ERR,ERR,ERR,ERR,ERR,ERR,ERR,ERR,ERR,ERR,ERR,ERR,ERR,ERR,ERR,ERR,ERR,ERR,ERR,ERR,ERR,ERR,ERR,ERR,ERR,ERR,ERR,ERR,ERR,ERR,ERR,ERR,ERR,ERR,ERR,ERR,ERR,ERR,ERR,ERR,ERR,ERR,0.0,0.0,0.0,-107611616.0,2203863744512.0,-9.050711064015809e+20,5.678805154039805e+20,4.295093314392014e+37,0,0,4,17324,7116,0.0,100,0.0,0.0,-107611616.0,0.0,0.0,0,0,0,0,0.0,0,0,0,0,0,0,0,0,0,0,0,0,0,0,0,0,0,0,0,0,0,0,0,0,0,0,0,0,0,0,0,0,0,31,40,40,71,65476,0,300,0,0,8,21553,0.0,-107605600.0,0.0,0.0,0.0,0.0,0.0,0.0,0.0,0.0,0.0,0.0,0.0,0.0,0.0,0.0,0.0,0.0,0.0,0.0,0.0,0.0,2.004,-3.697068705782851e+19,0.0,0.0,0.0,0.0,0.0,0.0,5441.0,0.0,6915.0,0.0,2.718446413970735e+23,2.004,2.004,0.0,0.0,0.0,0.0,69,5.848060436849142e+35,-0.0,0.0,0.0,0.0,0.0,0.0,0.0,0.0,0,0,0,0.0,0.0,0.0,0.0,0.0,0.0,0.0,0.0,0.0,0.0,0.0,0.0,0.0,0.0,0.0,0.0,0,-107875648.0,69,0.0,138,0.0,2.012,ERR,ERR,ERR,ERR,ERR,ERR,ERR,ERR,ERR,ERR,ERR,ERR,ERR,ERR,ERR,ERR,ERR,ERR,ERR,ERR,ERR,ERR,ERR,ERR,ERR,ERR,ERR,ERR,ERR,ERR,ERR,ERR,ERR,ERR,ERR,ERR,ERR,ERR,ERR,ERR,ERR,ERR,ERR,ERR,ERR,ERR,ERR,ERR,ERR,ERR,ERR,ERR,ERR,ERR,ERR,ERR,ERR,ERR,ERR,ERR,ERR,ERR,ERR,ERR,ERR,ERR,ERR,60.0,60.0,35,0.0,0.0,0.0,0.0,0.0,0.0,0.0,0.0,0.0,0.0,0.0,0.0,0.0,0.0,0.0,0.0,65.2,0,115,55,34,65476,0,300,0,0,8,20529,65476,0,0,2621,60.0,0.0,0.0,0.0,0.0,0.0
2026-07-09T15:53:39,ERR,ERR,ERR,ERR,ERR,ERR,ERR,ERR,ERR,ERR,ERR,ERR,ERR,ERR,ERR,ERR,ERR,ERR,ERR,ERR,ERR,ERR,ERR,ERR,ERR,ERR,ERR,ERR,ERR,ERR,ERR,ERR,ERR,ERR,ERR,ERR,ERR,ERR,ERR,ERR,ERR,ERR,ERR,ERR,ERR,ERR,ERR,ERR,ERR,ERR,ERR,ERR,ERR,ERR,ERR,ERR,ERR,ERR,ERR,ERR,ERR,ERR,ERR,ERR,ERR,ERR,ERR,ERR,ERR,ERR,ERR,ERR,ERR,ERR,ERR,ERR,ERR,ERR,ERR,ERR,ERR,ERR,ERR,ERR,ERR,ERR,ERR,ERR,ERR,ERR,ERR,ERR,ERR,ERR,ERR,ERR,ERR,ERR,ERR,ERR,ERR,ERR,ERR,ERR,ERR,ERR,ERR,ERR,ERR,ERR,ERR,ERR,ERR,ERR,ERR,ERR,ERR,ERR,ERR,ERR,ERR,ERR,ERR,ERR,ERR,0.0,0.0,2.7184220945327474e+23,-0.0,0.0,1582746959872.0,-2050284.5,-101066489856.0,0,0,4,17327,7116,0.0,100,0.0,0.0,-0.0,0.0,0.0,0,0,0,0,0.0,0,0,0,0,0,0,0,0,0,0,0,0,0,0,0,0,0,0,0,0,0,0,0,0,0,0,0,0,0,0,0,0,0,31,40,40,71,65476,0,300,0,0,8,21553,0.0,-107605600.0,0.0,0.0,0.0,0.0,0.0,0.0,0.0,0.0,0.0,0.0,0.0,0.0,0.0,0.0,0.0,0.0,0.0,0.0,0.0,0.0,2.004,3.697069145587502e+19,0.0,0.0,0.0,0.0,0.0,0.0,5437.0,-2.422991651527172e+24,6941.0,0.0,0.0,2.004,2.004,0.0,0.0,0.0,0.0,69,1.9056879843514778e+17,4.0668600804329706e+29,0.0,0.0,0.0,0.0,0.0,0.0,0.0,0,0,0,0.0,0.0,0.0,0.0,0.0,0.0,0.0,0.0,0.0,0.0,0.0,0.0,0.0,0.0,0.0,0.0,0,-107875648.0,69,0.0,138,0.0,2.012,ERR,ERR,ERR,ERR,ERR,ERR,ERR,ERR,ERR,ERR,ERR,ERR,ERR,ERR,ERR,ERR,ERR,ERR,ERR,ERR,ERR,ERR,ERR,ERR,ERR,ERR,ERR,ERR,ERR,ERR,ERR,ERR,ERR,ERR,ERR,ERR,ERR,ERR,ERR,ERR,ERR,ERR,ERR,ERR,ERR,ERR,ERR,ERR,ERR,ERR,ERR,ERR,ERR,ERR,ERR,ERR,ERR,ERR,ERR,ERR,ERR,ERR,ERR,ERR,ERR,ERR,ERR,60.0,60.0,35,0.0,0.0,0.0,0.0,0.0,0.0,0.0,0.0,0.0,0.0,0.0,0.0,0.0,0.0,0.0,0.0,65.6,0,115,55,34,65476,0,300,0,0,8,20529,65476,0,0,2621,60.0,0.0,0.0,0.0,0.0,0.0
2026-07-09T15:53:40,ERR,ERR,ERR,ERR,ERR,ERR,ERR,ERR,ERR,ERR,ERR,ERR,ERR,ERR,ERR,ERR,ERR,ERR,ERR,ERR,ERR,ERR,ERR,ERR,ERR,ERR,ERR,ERR,ERR,ERR,ERR,ERR,ERR,ERR,ERR,ERR,ERR,ERR,ERR,ERR,ERR,ERR,ERR,ERR,ERR,ERR,ERR,ERR,ERR,ERR,ERR,ERR,ERR,ERR,ERR,ERR,ERR,ERR,ERR,ERR,ERR,ERR,ERR,ERR,ERR,ERR,ERR,ERR,ERR,ERR,ERR,ERR,ERR,ERR,ERR,ERR,ERR,ERR,ERR,ERR,ERR,ERR,ERR,ERR,ERR,ERR,ERR,ERR,ERR,ERR,ERR,ERR,ERR,ERR,ERR,ERR,ERR,ERR,ERR,ERR,ERR,ERR,ERR,ERR,ERR,ERR,ERR,ERR,ERR,ERR,ERR,ERR,ERR,ERR,ERR,ERR,ERR,ERR,ERR,ERR,ERR,ERR,ERR,ERR,ERR,0.0,0.0,2.7184220945327474e+23,-0.0,0.0,1582746959872.0,-2050284.5,-101066489856.0,0,0,4,17327,7116,0.0,100,0.0,0.0,-0.0,0.0,0.0,0,0,0,0,0.0,0,0,0,0,0,0,0,0,0,0,0,0,0,0,0,0,0,0,0,0,0,0,0,0,0,0,0,0,0,0,0,0,0,31,40,40,71,65476,0,300,0,0,8,21553,0.0,-107605600.0,0.0,0.0,0.0,0.0,0.0,0.0,0.0,0.0,0.0,0.0,0.0,0.0,0.0,0.0,0.0,0.0,0.0,0.0,0.0,0.0,2.004,3.697069145587502e+19,0.0,0.0,0.0,0.0,0.0,0.0,5437.0,-2.422991651527172e+24,6941.0,0.0,0.0,2.004,2.004,0.0,0.0,0.0,0.0,69,1.9056879843514778e+17,4.0668600804329706e+29,0.0,0.0,0.0,0.0,0.0,0.0,0.0,0,0,0,0.0,0.0,0.0,0.0,0.0,0.0,0.0,0.0,0.0,0.0,0.0,0.0,0.0,0.0,0.0,0.0,0,-107875648.0,69,0.0,138,0.0,2.012,ERR,ERR,ERR,ERR,ERR,ERR,ERR,ERR,ERR,ERR,ERR,ERR,ERR,ERR,ERR,ERR,ERR,ERR,ERR,ERR,ERR,ERR,ERR,ERR,ERR,ERR,ERR,ERR,ERR,ERR,ERR,ERR,ERR,ERR,ERR,ERR,ERR,ERR,ERR,ERR,ERR,ERR,ERR,ERR,ERR,ERR,ERR,ERR,ERR,ERR,ERR,ERR,ERR,ERR,ERR,ERR,ERR,ERR,ERR,ERR,ERR,ERR,ERR,ERR,ERR,ERR,ERR,60.0,60.0,35,0.0,0.0,0.0,0.0,0.0,0.0,0.0,0.0,0.0,0.0,0.0,0.0,0.0,0.0,0.0,0.0,65.6,0,115,55,34,65476,0,300,0,0,8,20529,65476,0,0,2621,60.0,0.0,0.0,0.0,0.0,0.0
2026-07-09T15:53:41,ERR,ERR,ERR,ERR,ERR,ERR,ERR,ERR,ERR,ERR,ERR,ERR,ERR,ERR,ERR,ERR,ERR,ERR,ERR,ERR,ERR,ERR,ERR,ERR,ERR,ERR,ERR,ERR,ERR,ERR,ERR,ERR,ERR,ERR,ERR,ERR,ERR,ERR,ERR,ERR,ERR,ERR,ERR,ERR,ERR,ERR,ERR,ERR,ERR,ERR,ERR,ERR,ERR,ERR,ERR,ERR,ERR,ERR,ERR,ERR,ERR,ERR,ERR,ERR,ERR,ERR,ERR,ERR,ERR,ERR,ERR,ERR,ERR,ERR,ERR,ERR,ERR,ERR,ERR,ERR,ERR,ERR,ERR,ERR,ERR,ERR,ERR,ERR,ERR,ERR,ERR,ERR,ERR,ERR,ERR,ERR,ERR,ERR,ERR,ERR,ERR,ERR,ERR,ERR,ERR,ERR,ERR,ERR,ERR,ERR,ERR,ERR,ERR,ERR,ERR,ERR,ERR,ERR,ERR,ERR,ERR,ERR,ERR,ERR,ERR,0.0,0.0,2.7184220945327474e+23,-0.0,0.0,1582746959872.0,-2050284.5,-101066489856.0,0,0,4,17327,7116,0.0,100,0.0,0.0,-0.0,0.0,0.0,0,0,0,0,0.0,0,0,0,0,0,0,0,0,0,0,0,0,0,0,0,0,0,0,0,0,0,0,0,0,0,0,0,0,0,0,0,0,0,31,40,40,71,65476,0,300,0,0,8,21553,0.0,-107605600.0,0.0,0.0,0.0,0.0,0.0,0.0,0.0,0.0,0.0,0.0,0.0,0.0,0.0,0.0,0.0,0.0,0.0,0.0,0.0,0.0,2.004,3.697069145587502e+19,0.0,0.0,0.0,0.0,0.0,0.0,5437.0,-2.422991651527172e+24,6941.0,0.0,0.0,2.004,2.004,0.0,0.0,0.0,0.0,69,1.9056879843514778e+17,4.0668600804329706e+29,0.0,0.0,0.0,0.0,0.0,0.0,0.0,0,0,0,0.0,0.0,0.0,0.0,0.0,0.0,0.0,0.0,0.0,0.0,0.0,0.0,0.0,0.0,0.0,0.0,0,-107875648.0,69,0.0,138,0.0,2.012,ERR,ERR,ERR,ERR,ERR,ERR,ERR,ERR,ERR,ERR,ERR,ERR,ERR,ERR,ERR,ERR,ERR,ERR,ERR,ERR,ERR,ERR,ERR,ERR,ERR,ERR,ERR,ERR,ERR,ERR,ERR,ERR,ERR,ERR,ERR,ERR,ERR,ERR,ERR,ERR,ERR,ERR,ERR,ERR,ERR,ERR,ERR,ERR,ERR,ERR,ERR,ERR,ERR,ERR,ERR,ERR,ERR,ERR,ERR,ERR,ERR,ERR,ERR,ERR,ERR,ERR,ERR,60.0,60.0,35,0.0,0.0,0.0,0.0,0.0,0.0,0.0,0.0,0.0,0.0,0.0,0.0,0.0,0.0,0.0,0.0,65.2,0,115,55,34,65476,0,300,0,0,8,20529,65476,0,0,2621,60.0,0.0,0.0,0.0,0.0,0.0
2026-07-09T15:53:42,ERR,ERR,ERR,ERR,ERR,ERR,ERR,ERR,ERR,ERR,ERR,ERR,ERR,ERR,ERR,ERR,ERR,ERR,ERR,ERR,ERR,ERR,ERR,ERR,ERR,ERR,ERR,ERR,ERR,ERR,ERR,ERR,ERR,ERR,ERR,ERR,ERR,ERR,ERR,ERR,ERR,ERR,ERR,ERR,ERR,ERR,ERR,ERR,ERR,ERR,ERR,ERR,ERR,ERR,ERR,ERR,ERR,ERR,ERR,ERR,ERR,ERR,ERR,ERR,ERR,ERR,ERR,ERR,ERR,ERR,ERR,ERR,ERR,ERR,ERR,ERR,ERR,ERR,ERR,ERR,ERR,ERR,ERR,ERR,ERR,ERR,ERR,ERR,ERR,ERR,ERR,ERR,ERR,ERR,ERR,ERR,ERR,ERR,ERR,ERR,ERR,ERR,ERR,ERR,ERR,ERR,ERR,ERR,ERR,ERR,ERR,ERR,ERR,ERR,ERR,ERR,ERR,ERR,ERR,ERR,ERR,ERR,ERR,ERR,ERR,0.0,0.0,2.7184220945327474e+23,-0.0,0.0,1582746959872.0,-2050284.5,-101066489856.0,0,0,4,17327,7116,0.0,100,0.0,0.0,-0.0,0.0,0.0,0,0,0,0,0.0,0,0,0,0,0,0,0,0,0,0,0,0,0,0,0,0,0,0,0,0,0,0,0,0,0,0,0,0,0,0,0,0,0,31,40,40,71,65476,0,300,0,0,8,21553,0.0,-107605600.0,0.0,0.0,0.0,0.0,0.0,0.0,0.0,0.0,0.0,0.0,0.0,0.0,0.0,0.0,0.0,0.0,0.0,0.0,0.0,0.0,2.004,3.697069145587502e+19,0.0,0.0,0.0,0.0,0.0,0.0,5437.0,-2.422991651527172e+24,6941.0,0.0,0.0,2.004,2.004,0.0,0.0,0.0,0.0,69,1.9056879843514778e+17,4.0668600804329706e+29,0.0,0.0,0.0,0.0,0.0,0.0,0.0,0,0,0,0.0,0.0,0.0,0.0,0.0,0.0,0.0,0.0,0.0,0.0,0.0,0.0,0.0,0.0,0.0,0.0,0,-107875648.0,69,0.0,138,0.0,2.012,ERR,ERR,ERR,ERR,ERR,ERR,ERR,ERR,ERR,ERR,ERR,ERR,ERR,ERR,ERR,ERR,ERR,ERR,ERR,ERR,ERR,ERR,ERR,ERR,ERR,ERR,ERR,ERR,ERR,ERR,ERR,ERR,ERR,ERR,ERR,ERR,ERR,ERR,ERR,ERR,ERR,ERR,ERR,ERR,ERR,ERR,ERR,ERR,ERR,ERR,ERR,ERR,ERR,ERR,ERR,ERR,ERR,ERR,ERR,ERR,ERR,ERR,ERR,ERR,ERR,ERR,ERR,60.0,60.0,35,0.0,0.0,0.0,0.0,0.0,0.0,0.0,0.0,0.0,0.0,0.0,0.0,0.0,0.0,0.0,0.0,65.2,0,115,55,34,65476,0,300,0,0,8,20529,65476,0,0,2621,60.0,0.0,0.0,0.0,0.0,0.0
2026-07-09T15:53:43,ERR,ERR,ERR,ERR,ERR,ERR,ERR,ERR,ERR,ERR,ERR,ERR,ERR,ERR,ERR,ERR,ERR,ERR,ERR,ERR,ERR,ERR,ERR,ERR,ERR,ERR,ERR,ERR,ERR,ERR,ERR,ERR,ERR,ERR,ERR,ERR,ERR,ERR,ERR,ERR,ERR,ERR,ERR,ERR,ERR,ERR,ERR,ERR,ERR,ERR,ERR,ERR,ERR,ERR,ERR,ERR,ERR,ERR,ERR,ERR,ERR,ERR,ERR,ERR,ERR,ERR,ERR,ERR,ERR,ERR,ERR,ERR,ERR,ERR,ERR,ERR,ERR,ERR,ERR,ERR,ERR,ERR,ERR,ERR,ERR,ERR,ERR,ERR,ERR,ERR,ERR,ERR,ERR,ERR,ERR,ERR,ERR,ERR,ERR,ERR,ERR,ERR,ERR,ERR,ERR,ERR,ERR,ERR,ERR,ERR,ERR,ERR,ERR,ERR,ERR,ERR,ERR,ERR,ERR,ERR,ERR,ERR,ERR,ERR,ERR,0.0,0.0,2.7184220945327474e+23,-0.0,0.0,1582746959872.0,-2050284.5,-101066489856.0,0,0,4,17327,7116,0.0,100,0.0,0.0,-0.0,0.0,0.0,0,0,0,0,0.0,0,0,0,0,0,0,0,0,0,0,0,0,0,0,0,0,0,0,0,0,0,0,0,0,0,0,0,0,0,0,0,0,0,31,40,40,71,65476,0,300,0,0,8,21553,0.0,-107605600.0,0.0,0.0,0.0,0.0,0.0,0.0,0.0,0.0,0.0,0.0,0.0,0.0,0.0,0.0,0.0,0.0,0.0,0.0,0.0,0.0,2.004,3.697069145587502e+19,0.0,0.0,0.0,0.0,0.0,0.0,5437.0,-2.422991651527172e+24,6941.0,0.0,0.0,2.004,2.004,0.0,0.0,0.0,0.0,69,1.9056879843514778e+17,4.0668600804329706e+29,0.0,0.0,0.0,0.0,0.0,0.0,0.0,0,0,0,0.0,0.0,0.0,0.0,0.0,0.0,0.0,0.0,0.0,0.0,0.0,0.0,0.0,0.0,0.0,0.0,0,-107875648.0,69,0.0,138,0.0,2.012,ERR,ERR,ERR,ERR,ERR,ERR,ERR,ERR,ERR,ERR,ERR,ERR,ERR,ERR,ERR,ERR,ERR,ERR,ERR,ERR,ERR,ERR,ERR,ERR,ERR,ERR,ERR,ERR,ERR,ERR,ERR,ERR,ERR,ERR,ERR,ERR,ERR,ERR,ERR,ERR,ERR,ERR,ERR,ERR,ERR,ERR,ERR,ERR,ERR,ERR,ERR,ERR,ERR,ERR,ERR,ERR,ERR,ERR,ERR,ERR,ERR,ERR,ERR,ERR,ERR,ERR,ERR,60.0,60.0,35,0.0,0.0,0.0,0.0,0.0,0.0,0.0,0.0,0.0,0.0,0.0,0.0,0.0,0.0,0.0,0.0,65.2,0,115,55,34,65476,0,300,0,0,8,20529,65476,0,0,2621,60.0,0.0,0.0,0.0,0.0,0.0
2026-07-09T15:53:44,ERR,ERR,ERR,ERR,ERR,ERR,ERR,ERR,ERR,ERR,ERR,ERR,ERR,ERR,ERR,ERR,ERR,ERR,ERR,ERR,ERR,ERR,ERR,ERR,ERR,ERR,ERR,ERR,ERR,ERR,ERR,ERR,ERR,ERR,ERR,ERR,ERR,ERR,ERR,ERR,ERR,ERR,ERR,ERR,ERR,ERR,ERR,ERR,ERR,ERR,ERR,ERR,ERR,ERR,ERR,ERR,ERR,ERR,ERR,ERR,ERR,ERR,ERR,ERR,ERR,ERR,ERR,ERR,ERR,ERR,ERR,ERR,ERR,ERR,ERR,ERR,ERR,ERR,ERR,ERR,ERR,ERR,ERR,ERR,ERR,ERR,ERR,ERR,ERR,ERR,ERR,ERR,ERR,ERR,ERR,ERR,ERR,ERR,ERR,ERR,ERR,ERR,ERR,ERR,ERR,ERR,ERR,ERR,ERR,ERR,ERR,ERR,ERR,ERR,ERR,ERR,ERR,ERR,ERR,ERR,ERR,ERR,ERR,ERR,ERR,0.0,-0.0,0.0,0.0,0.0,0.0,-7.683006384070826e+19,-90240.453,0,0,4,17329,7116,0.0,100,0.0,0.0,0.0,0.0,0.0,0,0,0,0,0.0,0,0,0,0,0,0,0,0,0,0,0,0,0,0,0,0,0,0,0,0,0,0,0,0,0,0,0,0,0,0,0,0,0,31,40,40,71,65476,0,300,0,0,8,21553,0.0,-107605600.0,0.0,0.0,0.0,0.0,0.0,0.0,0.0,0.0,0.0,0.0,0.0,0.0,0.0,0.0,0.0,0.0,0.0,0.0,0.0,0.0,2.004,-2.004,0.0,0.0,0.0,0.0,0.0,0.0,5436.0,-2.422991651527172e+24,6941.0,0.0,-107616080.0,2.004,2.004,0.0,0.0,0.0,0.0,69,89220.656,5.848062417553205e+35,0.0,0.0,0.0,0.0,0.0,0.0,0.0,0,0,0,0.0,0.0,0.0,0.0,0.0,0.0,0.0,0.0,0.0,0.0,0.0,0.0,0.0,0.0,0.0,0.0,0,-107875648.0,69,0.0,138,0.0,2.012,ERR,ERR,ERR,ERR,ERR,ERR,ERR,ERR,ERR,ERR,ERR,ERR,ERR,ERR,ERR,ERR,ERR,ERR,ERR,ERR,ERR,ERR,ERR,ERR,ERR,ERR,ERR,ERR,ERR,ERR,ERR,ERR,ERR,ERR,ERR,ERR,ERR,ERR,ERR,ERR,ERR,ERR,ERR,ERR,ERR,ERR,ERR,ERR,ERR,ERR,ERR,ERR,ERR,ERR,ERR,ERR,ERR,ERR,ERR,ERR,ERR,ERR,ERR,ERR,ERR,ERR,ERR,60.0,60.0,35,0.0,0.0,0.0,0.0,0.0,0.0,0.0,0.0,0.0,0.0,0.0,0.0,0.0,0.0,0.0,0.0,65.2,0,115,55,34,65476,0,300,0,0,8,20529,65476,0,0,2621,60.0,0.0,0.0,0.0,0.0,0.0
2026-07-09T15:53:45,ERR,ERR,ERR,ERR,ERR,ERR,ERR,ERR,ERR,ERR,ERR,ERR,ERR,ERR,ERR,ERR,ERR,ERR,ERR,ERR,ERR,ERR,ERR,ERR,ERR,ERR,ERR,ERR,ERR,ERR,ERR,ERR,ERR,ERR,ERR,ERR,ERR,ERR,ERR,ERR,ERR,ERR,ERR,ERR,ERR,ERR,ERR,ERR,ERR,ERR,ERR,ERR,ERR,ERR,ERR,ERR,ERR,ERR,ERR,ERR,ERR,ERR,ERR,ERR,ERR,ERR,ERR,ERR,ERR,ERR,ERR,ERR,ERR,ERR,ERR,ERR,ERR,ERR,ERR,ERR,ERR,ERR,ERR,ERR,ERR,ERR,ERR,ERR,ERR,ERR,ERR,ERR,ERR,ERR,ERR,ERR,ERR,ERR,ERR,ERR,ERR,ERR,ERR,ERR,ERR,ERR,ERR,ERR,ERR,ERR,ERR,ERR,ERR,ERR,ERR,ERR,ERR,ERR,ERR,ERR,ERR,ERR,ERR,ERR,ERR,0.0,-0.0,0.0,0.0,0.0,0.0,-7.683006384070826e+19,-90240.453,0,0,4,17329,7116,0.0,100,0.0,0.0,0.0,0.0,0.0,0,0,0,0,0.0,0,0,0,0,0,0,0,0,0,0,0,0,0,0,0,0,0,0,0,0,0,0,0,0,0,0,0,0,0,0,0,0,0,31,40,40,71,65476,0,300,0,0,8,21553,0.0,-107605600.0,0.0,0.0,0.0,0.0,0.0,0.0,0.0,0.0,0.0,0.0,0.0,0.0,0.0,0.0,0.0,0.0,0.0,0.0,0.0,0.0,2.004,-2.004,0.0,0.0,0.0,0.0,0.0,0.0,5436.0,-2.422991651527172e+24,6941.0,0.0,-107616080.0,2.004,2.004,0.0,0.0,0.0,0.0,69,89220.656,5.848062417553205e+35,0.0,0.0,0.0,0.0,0.0,0.0,0.0,0,0,0,0.0,0.0,0.0,0.0,0.0,0.0,0.0,0.0,0.0,0.0,0.0,0.0,0.0,0.0,0.0,0.0,0,-107875648.0,69,0.0,138,0.0,2.012,ERR,ERR,ERR,ERR,ERR,ERR,ERR,ERR,ERR,ERR,ERR,ERR,ERR,ERR,ERR,ERR,ERR,ERR,ERR,ERR,ERR,ERR,ERR,ERR,ERR,ERR,ERR,ERR,ERR,ERR,ERR,ERR,ERR,ERR,ERR,ERR,ERR,ERR,ERR,ERR,ERR,ERR,ERR,ERR,ERR,ERR,ERR,ERR,ERR,ERR,ERR,ERR,ERR,ERR,ERR,ERR,ERR,ERR,ERR,ERR,ERR,ERR,ERR,ERR,ERR,ERR,ERR,60.0,60.0,35,0.0,0.0,0.0,0.0,0.0,0.0,0.0,0.0,0.0,0.0,0.0,0.0,0.0,0.0,0.0,0.0,65.2,0,115,55,34,65476,0,300,0,0,8,20529,65476,0,0,2621,60.0,0.0,0.0,0.0,0.0,0.0
2026-07-09T15:53:46,ERR,ERR,ERR,ERR,ERR,ERR,ERR,ERR,ERR,ERR,ERR,ERR,ERR,ERR,ERR,ERR,ERR,ERR,ERR,ERR,ERR,ERR,ERR,ERR,ERR,ERR,ERR,ERR,ERR,ERR,ERR,ERR,ERR,ERR,ERR,ERR,ERR,ERR,ERR,ERR,ERR,ERR,ERR,ERR,ERR,ERR,ERR,ERR,ERR,ERR,ERR,ERR,ERR,ERR,ERR,ERR,ERR,ERR,ERR,ERR,ERR,ERR,ERR,ERR,ERR,ERR,ERR,ERR,ERR,ERR,ERR,ERR,ERR,ERR,ERR,ERR,ERR,ERR,ERR,ERR,ERR,ERR,ERR,ERR,ERR,ERR,ERR,ERR,ERR,ERR,ERR,ERR,ERR,ERR,ERR,ERR,ERR,ERR,ERR,ERR,ERR,ERR,ERR,ERR,ERR,ERR,ERR,ERR,ERR,ERR,ERR,ERR,ERR,ERR,ERR,ERR,ERR,ERR,ERR,ERR,ERR,ERR,ERR,ERR,ERR,0.0,-0.0,0.0,0.0,0.0,0.0,-7.683006384070826e+19,-90240.453,0,0,4,17329,7116,0.0,100,0.0,0.0,0.0,0.0,0.0,0,0,0,0,0.0,0,0,0,0,0,0,0,0,0,0,0,0,0,0,0,0,0,0,0,0,0,0,0,0,0,0,0,0,0,0,0,0,0,31,40,40,71,65476,0,300,0,0,8,21553,0.0,-107605600.0,0.0,0.0,0.0,0.0,0.0,0.0,0.0,0.0,0.0,0.0,0.0,0.0,0.0,0.0,0.0,0.0,0.0,0.0,0.0,0.0,2.004,-2.004,0.0,0.0,0.0,0.0,0.0,0.0,5436.0,-2.422991651527172e+24,6941.0,0.0,-107616080.0,2.004,2.004,0.0,0.0,0.0,0.0,69,89220.656,5.848062417553205e+35,0.0,0.0,0.0,0.0,0.0,0.0,0.0,0,0,0,0.0,0.0,0.0,0.0,0.0,0.0,0.0,0.0,0.0,0.0,0.0,0.0,0.0,0.0,0.0,0.0,0,-107875648.0,69,0.0,138,0.0,2.012,ERR,ERR,ERR,ERR,ERR,ERR,ERR,ERR,ERR,ERR,ERR,ERR,ERR,ERR,ERR,ERR,ERR,ERR,ERR,ERR,ERR,ERR,ERR,ERR,ERR,ERR,ERR,ERR,ERR,ERR,ERR,ERR,ERR,ERR,ERR,ERR,ERR,ERR,ERR,ERR,ERR,ERR,ERR,ERR,ERR,ERR,ERR,ERR,ERR,ERR,ERR,ERR,ERR,ERR,ERR,ERR,ERR,ERR,ERR,ERR,ERR,ERR,ERR,ERR,ERR,ERR,ERR,60.0,60.0,35,0.0,0.0,0.0,0.0,0.0,0.0,0.0,0.0,0.0,0.0,0.0,0.0,0.0,0.0,0.0,0.0,65.2,0,115,55,34,65476,0,300,0,0,8,20529,65476,0,0,2621,60.0,0.0,0.0,0.0,0.0,0.0
2026-07-09T15:53:47,ERR,ERR,ERR,ERR,ERR,ERR,ERR,ERR,ERR,ERR,ERR,ERR,ERR,ERR,ERR,ERR,ERR,ERR,ERR,ERR,ERR,ERR,ERR,ERR,ERR,ERR,ERR,ERR,ERR,ERR,ERR,ERR,ERR,ERR,ERR,ERR,ERR,ERR,ERR,ERR,ERR,ERR,ERR,ERR,ERR,ERR,ERR,ERR,ERR,ERR,ERR,ERR,ERR,ERR,ERR,ERR,ERR,ERR,ERR,ERR,ERR,ERR,ERR,ERR,ERR,ERR,ERR,ERR,ERR,ERR,ERR,ERR,ERR,ERR,ERR,ERR,ERR,ERR,ERR,ERR,ERR,ERR,ERR,ERR,ERR,ERR,ERR,ERR,ERR,ERR,ERR,ERR,ERR,ERR,ERR,ERR,ERR,ERR,ERR,ERR,ERR,ERR,ERR,ERR,ERR,ERR,ERR,ERR,ERR,ERR,ERR,ERR,ERR,ERR,ERR,ERR,ERR,ERR,ERR,ERR,ERR,ERR,ERR,ERR,ERR,0.0,-0.0,0.0,0.0,0.0,0.0,-7.683006384070826e+19,-90240.453,0,0,4,17329,7116,0.0,100,0.0,0.0,0.0,0.0,0.0,0,0,0,0,0.0,0,0,0,0,0,0,0,0,0,0,0,0,0,0,0,0,0,0,0,0,0,0,0,0,0,0,0,0,0,0,0,0,0,31,40,40,71,65476,0,300,0,0,8,21553,0.0,-107605600.0,0.0,0.0,0.0,0.0,0.0,0.0,0.0,0.0,0.0,0.0,0.0,0.0,0.0,0.0,0.0,0.0,0.0,0.0,0.0,0.0,2.004,-2.004,0.0,0.0,0.0,0.0,0.0,0.0,5436.0,-2.422991651527172e+24,6941.0,0.0,-107616080.0,2.004,2.004,0.0,0.0,0.0,0.0,69,89220.656,5.848062417553205e+35,0.0,0.0,0.0,0.0,0.0,0.0,0.0,0,0,0,0.0,0.0,0.0,0.0,0.0,0.0,0.0,0.0,0.0,0.0,0.0,0.0,0.0,0.0,0.0,0.0,0,-107875648.0,69,0.0,138,0.0,2.012,ERR,ERR,ERR,ERR,ERR,ERR,ERR,ERR,ERR,ERR,ERR,ERR,ERR,ERR,ERR,ERR,ERR,ERR,ERR,ERR,ERR,ERR,ERR,ERR,ERR,ERR,ERR,ERR,ERR,ERR,ERR,ERR,ERR,ERR,ERR,ERR,ERR,ERR,ERR,ERR,ERR,ERR,ERR,ERR,ERR,ERR,ERR,ERR,ERR,ERR,ERR,ERR,ERR,ERR,ERR,ERR,ERR,ERR,ERR,ERR,ERR,ERR,ERR,ERR,ERR,ERR,ERR,60.0,60.0,35,0.0,0.0,0.0,0.0,0.0,0.0,0.0,0.0,0.0,0.0,0.0,0.0,0.0,0.0,0.0,0.0,65.2,0,115,55,34,65476,0,300,0,0,8,20529,65476,0,0,2621,60.0,0.0,0.0,0.0,0.0,0.0
2026-07-09T15:53:48,ERR,ERR,ERR,ERR,ERR,ERR,ERR,ERR,ERR,ERR,ERR,ERR,ERR,ERR,ERR,ERR,ERR,ERR,ERR,ERR,ERR,ERR,ERR,ERR,ERR,ERR,ERR,ERR,ERR,ERR,ERR,ERR,ERR,ERR,ERR,ERR,ERR,ERR,ERR,ERR,ERR,ERR,ERR,ERR,ERR,ERR,ERR,ERR,ERR,ERR,ERR,ERR,ERR,ERR,ERR,ERR,ERR,ERR,ERR,ERR,ERR,ERR,ERR,ERR,ERR,ERR,ERR,ERR,ERR,ERR,ERR,ERR,ERR,ERR,ERR,ERR,ERR,ERR,ERR,ERR,ERR,ERR,ERR,ERR,ERR,ERR,ERR,ERR,ERR,ERR,ERR,ERR,ERR,ERR,ERR,ERR,ERR,ERR,ERR,ERR,ERR,ERR,ERR,ERR,ERR,ERR,ERR,ERR,ERR,ERR,ERR,ERR,ERR,ERR,ERR,ERR,ERR,ERR,ERR,ERR,ERR,ERR,ERR,ERR,ERR,0.0,-0.0,0.0,0.0,0.0,0.0,-7.683006384070826e+19,-90240.453,0,0,4,17329,7116,0.0,100,0.0,0.0,0.0,0.0,0.0,0,0,0,0,0.0,0,0,0,0,0,0,0,0,0,0,0,0,0,0,0,0,0,0,0,0,0,0,0,0,0,0,0,0,0,0,0,0,0,31,40,40,71,65476,0,300,0,0,8,21553,0.0,-107605600.0,0.0,0.0,0.0,0.0,0.0,0.0,0.0,0.0,0.0,0.0,0.0,0.0,0.0,0.0,0.0,0.0,0.0,0.0,0.0,0.0,2.004,-2.004,0.0,0.0,0.0,0.0,0.0,0.0,5436.0,-2.422991651527172e+24,6941.0,0.0,-107616080.0,2.004,2.004,0.0,0.0,0.0,0.0,69,89220.656,5.848062417553205e+35,0.0,0.0,0.0,0.0,0.0,0.0,0.0,0,0,0,0.0,0.0,0.0,0.0,0.0,0.0,0.0,0.0,0.0,0.0,0.0,0.0,0.0,0.0,0.0,0.0,0,-107875648.0,69,0.0,138,0.0,2.012,ERR,ERR,ERR,ERR,ERR,ERR,ERR,ERR,ERR,ERR,ERR,ERR,ERR,ERR,ERR,ERR,ERR,ERR,ERR,ERR,ERR,ERR,ERR,ERR,ERR,ERR,ERR,ERR,ERR,ERR,ERR,ERR,ERR,ERR,ERR,ERR,ERR,ERR,ERR,ERR,ERR,ERR,ERR,ERR,ERR,ERR,ERR,ERR,ERR,ERR,ERR,ERR,ERR,ERR,ERR,ERR,ERR,ERR,ERR,ERR,ERR,ERR,ERR,ERR,ERR,ERR,ERR,60.0,60.0,35,0.0,0.0,0.0,0.0,0.0,0.0,0.0,0.0,0.0,0.0,0.0,0.0,0.0,0.0,0.0,0.0,65.2,0,115,55,34,65476,0,300,0,0,8,20529,65476,0,0,2621,60.0,0.0,0.0,0.0,0.0,0.0
2026-07-09T15:53:49,ERR,ERR,ERR,ERR,ERR,ERR,ERR,ERR,ERR,ERR,ERR,ERR,ERR,ERR,ERR,ERR,ERR,ERR,ERR,ERR,ERR,ERR,ERR,ERR,ERR,ERR,ERR,ERR,ERR,ERR,ERR,ERR,ERR,ERR,ERR,ERR,ERR,ERR,ERR,ERR,ERR,ERR,ERR,ERR,ERR,ERR,ERR,ERR,ERR,ERR,ERR,ERR,ERR,ERR,ERR,ERR,ERR,ERR,ERR,ERR,ERR,ERR,ERR,ERR,ERR,ERR,ERR,ERR,ERR,ERR,ERR,ERR,ERR,ERR,ERR,ERR,ERR,ERR,ERR,ERR,ERR,ERR,ERR,ERR,ERR,ERR,ERR,ERR,ERR,ERR,ERR,ERR,ERR,ERR,ERR,ERR,ERR,ERR,ERR,ERR,ERR,ERR,ERR,ERR,ERR,ERR,ERR,ERR,ERR,ERR,ERR,ERR,ERR,ERR,ERR,ERR,ERR,ERR,ERR,ERR,ERR,ERR,ERR,ERR,ERR,0.0,2.7184467742587054e+23,-107090720.0,-0.0,-1.626167126727439e+32,2117731.0,-0.0,-0.001,0,0,4,17333,7116,0.0,100,0.0,0.0,-0.0,0.0,0.0,0,0,0,0,0.0,0,0,0,0,0,0,0,0,0,0,0,0,0,0,0,0,0,0,0,0,0,0,0,0,0,0,0,0,0,0,0,0,0,31,40,40,71,65476,0,300,0,0,8,21553,0.0,-107605600.0,0.0,0.0,0.0,0.0,0.0,0.0,0.0,0.0,0.0,0.0,0.0,0.0,0.0,0.0,0.0,0.0,0.0,0.0,0.0,0.0,2.004,2.004,0.0,0.0,0.0,0.0,0.0,0.0,5432.0,-2.422991651527172e+24,6941.0,0.0,-107616088.0,2.004,2.004,0.0,0.0,0.0,0.0,69,1.9056879843514778e+17,2.7184204732368815e+23,0.0,0.0,0.0,0.0,0.0,0.0,0.0,0,0,0,0.0,0.0,0.0,0.0,0.0,0.0,0.0,0.0,0.0,0.0,0.0,0.0,0.0,0.0,0.0,0.0,0,-107875648.0,69,0.0,138,0.0,2.012,ERR,ERR,ERR,ERR,ERR,ERR,ERR,ERR,ERR,ERR,ERR,ERR,ERR,ERR,ERR,ERR,ERR,ERR,ERR,ERR,ERR,ERR,ERR,ERR,ERR,ERR,ERR,ERR,ERR,ERR,ERR,ERR,ERR,ERR,ERR,ERR,ERR,ERR,ERR,ERR,ERR,ERR,ERR,ERR,ERR,ERR,ERR,ERR,ERR,ERR,ERR,ERR,ERR,ERR,ERR,ERR,ERR,ERR,ERR,ERR,ERR,ERR,ERR,ERR,ERR,ERR,ERR,60.0,60.0,35,0.0,0.0,0.0,0.0,0.0,0.0,0.0,0.0,0.0,0.0,0.0,0.0,0.0,0.0,0.0,0.0,65.2,0,115,55,34,65476,0,300,0,0,8,20529,65476,0,0,2621,60.0,0.0,0.0,0.0,0.0,0.0
2026-07-09T15:53:50,ERR,ERR,ERR,ERR,ERR,ERR,ERR,ERR,ERR,ERR,ERR,ERR,ERR,ERR,ERR,ERR,ERR,ERR,ERR,ERR,ERR,ERR,ERR,ERR,ERR,ERR,ERR,ERR,ERR,ERR,ERR,ERR,ERR,ERR,ERR,ERR,ERR,ERR,ERR,ERR,ERR,ERR,ERR,ERR,ERR,ERR,ERR,ERR,ERR,ERR,ERR,ERR,ERR,ERR,ERR,ERR,ERR,ERR,ERR,ERR,ERR,ERR,ERR,ERR,ERR,ERR,ERR,ERR,ERR,ERR,ERR,ERR,ERR,ERR,ERR,ERR,ERR,ERR,ERR,ERR,ERR,ERR,ERR,ERR,ERR,ERR,ERR,ERR,ERR,ERR,ERR,ERR,ERR,ERR,ERR,ERR,ERR,ERR,ERR,ERR,ERR,ERR,ERR,ERR,ERR,ERR,ERR,ERR,ERR,ERR,ERR,ERR,ERR,ERR,ERR,ERR,ERR,ERR,ERR,ERR,ERR,ERR,ERR,ERR,ERR,0.0,2.7184467742587054e+23,-107090720.0,-0.0,-1.626167126727439e+32,2117731.0,-0.0,-0.001,0,0,4,17333,7116,0.0,100,0.0,0.0,-0.0,0.0,0.0,0,0,0,0,0.0,0,0,0,0,0,0,0,0,0,0,0,0,0,0,0,0,0,0,0,0,0,0,0,0,0,0,0,0,0,0,0,0,0,31,40,40,71,65476,0,300,0,0,8,21553,0.0,-107605600.0,0.0,0.0,0.0,0.0,0.0,0.0,0.0,0.0,0.0,0.0,0.0,0.0,0.0,0.0,0.0,0.0,0.0,0.0,0.0,0.0,2.004,2.004,0.0,0.0,0.0,0.0,0.0,0.0,5432.0,-2.422991651527172e+24,6941.0,0.0,-107616088.0,2.004,2.004,0.0,0.0,0.0,0.0,69,1.9056879843514778e+17,2.7184204732368815e+23,0.0,0.0,0.0,0.0,0.0,0.0,0.0,0,0,0,0.0,0.0,0.0,0.0,0.0,0.0,0.0,0.0,0.0,0.0,0.0,0.0,0.0,0.0,0.0,0.0,0,-107875648.0,69,0.0,138,0.0,2.012,ERR,ERR,ERR,ERR,ERR,ERR,ERR,ERR,ERR,ERR,ERR,ERR,ERR,ERR,ERR,ERR,ERR,ERR,ERR,ERR,ERR,ERR,ERR,ERR,ERR,ERR,ERR,ERR,ERR,ERR,ERR,ERR,ERR,ERR,ERR,ERR,ERR,ERR,ERR,ERR,ERR,ERR,ERR,ERR,ERR,ERR,ERR,ERR,ERR,ERR,ERR,ERR,ERR,ERR,ERR,ERR,ERR,ERR,ERR,ERR,ERR,ERR,ERR,ERR,ERR,ERR,ERR,60.0,60.0,35,0.0,0.0,0.0,0.0,0.0,0.0,0.0,0.0,0.0,0.0,0.0,0.0,0.0,0.0,0.0,0.0,65.2,0,115,55,34,65476,0,300,0,0,8,20529,65476,0,0,2621,60.0,0.0,0.0,0.0,0.0,0.0
2026-07-09T15:53:51,ERR,ERR,ERR,ERR,ERR,ERR,ERR,ERR,ERR,ERR,ERR,ERR,ERR,ERR,ERR,ERR,ERR,ERR,ERR,ERR,ERR,ERR,ERR,ERR,ERR,ERR,ERR,ERR,ERR,ERR,ERR,ERR,ERR,ERR,ERR,ERR,ERR,ERR,ERR,ERR,ERR,ERR,ERR,ERR,ERR,ERR,ERR,ERR,ERR,ERR,ERR,ERR,ERR,ERR,ERR,ERR,ERR,ERR,ERR,ERR,ERR,ERR,ERR,ERR,ERR,ERR,ERR,ERR,ERR,ERR,ERR,ERR,ERR,ERR,ERR,ERR,ERR,ERR,ERR,ERR,ERR,ERR,ERR,ERR,ERR,ERR,ERR,ERR,ERR,ERR,ERR,ERR,ERR,ERR,ERR,ERR,ERR,ERR,ERR,ERR,ERR,ERR,ERR,ERR,ERR,ERR,ERR,ERR,ERR,ERR,ERR,ERR,ERR,ERR,ERR,ERR,ERR,ERR,ERR,ERR,ERR,ERR,ERR,ERR,ERR,0.0,2.7184467742587054e+23,-107090720.0,-0.0,-1.626167126727439e+32,2117731.0,-0.0,-0.001,0,0,4,17333,7116,0.0,100,0.0,0.0,-0.0,0.0,0.0,0,0,0,0,0.0,0,0,0,0,0,0,0,0,0,0,0,0,0,0,0,0,0,0,0,0,0,0,0,0,0,0,0,0,0,0,0,0,0,31,40,40,71,65476,0,300,0,0,8,21553,0.0,-107605600.0,0.0,0.0,0.0,0.0,0.0,0.0,0.0,0.0,0.0,0.0,0.0,0.0,0.0,0.0,0.0,0.0,0.0,0.0,0.0,0.0,2.004,2.004,0.0,0.0,0.0,0.0,0.0,0.0,5432.0,-2.422991651527172e+24,6941.0,0.0,-107616088.0,2.004,2.004,0.0,0.0,0.0,0.0,69,1.9056879843514778e+17,2.7184204732368815e+23,0.0,0.0,0.0,0.0,0.0,0.0,0.0,0,0,0,0.0,0.0,0.0,0.0,0.0,0.0,0.0,0.0,0.0,0.0,0.0,0.0,0.0,0.0,0.0,0.0,0,-107875648.0,69,0.0,138,0.0,2.012,ERR,ERR,ERR,ERR,ERR,ERR,ERR,ERR,ERR,ERR,ERR,ERR,ERR,ERR,ERR,ERR,ERR,ERR,ERR,ERR,ERR,ERR,ERR,ERR,ERR,ERR,ERR,ERR,ERR,ERR,ERR,ERR,ERR,ERR,ERR,ERR,ERR,ERR,ERR,ERR,ERR,ERR,ERR,ERR,ERR,ERR,ERR,ERR,ERR,ERR,ERR,ERR,ERR,ERR,ERR,ERR,ERR,ERR,ERR,ERR,ERR,ERR,ERR,ERR,ERR,ERR,ERR,60.0,60.0,35,0.0,0.0,0.0,0.0,0.0,0.0,0.0,0.0,0.0,0.0,0.0,0.0,0.0,0.0,0.0,0.0,65.2,0,115,55,34,65476,0,300,0,0,8,20529,65476,0,0,2621,60.0,0.0,0.0,0.0,0.0,0.0
2026-07-09T15:53:52,ERR,ERR,ERR,ERR,ERR,ERR,ERR,ERR,ERR,ERR,ERR,ERR,ERR,ERR,ERR,ERR,ERR,ERR,ERR,ERR,ERR,ERR,ERR,ERR,ERR,ERR,ERR,ERR,ERR,ERR,ERR,ERR,ERR,ERR,ERR,ERR,ERR,ERR,ERR,ERR,ERR,ERR,ERR,ERR,ERR,ERR,ERR,ERR,ERR,ERR,ERR,ERR,ERR,ERR,ERR,ERR,ERR,ERR,ERR,ERR,ERR,ERR,ERR,ERR,ERR,ERR,ERR,ERR,ERR,ERR,ERR,ERR,ERR,ERR,ERR,ERR,ERR,ERR,ERR,ERR,ERR,ERR,ERR,ERR,ERR,ERR,ERR,ERR,ERR,ERR,ERR,ERR,ERR,ERR,ERR,ERR,ERR,ERR,ERR,ERR,ERR,ERR,ERR,ERR,ERR,ERR,ERR,ERR,ERR,ERR,ERR,ERR,ERR,ERR,ERR,ERR,ERR,ERR,ERR,ERR,ERR,ERR,ERR,ERR,ERR,0.0,2.7184467742587054e+23,-107090720.0,-0.0,-1.626167126727439e+32,2117731.0,-0.0,-0.001,0,0,4,17333,7116,0.0,100,0.0,0.0,-0.0,0.0,0.0,0,0,0,0,0.0,0,0,0,0,0,0,0,0,0,0,0,0,0,0,0,0,0,0,0,0,0,0,0,0,0,0,0,0,0,0,0,0,0,31,40,40,71,65476,0,300,0,0,8,21553,0.0,-107605600.0,0.0,0.0,0.0,0.0,0.0,0.0,0.0,0.0,0.0,0.0,0.0,0.0,0.0,0.0,0.0,0.0,0.0,0.0,0.0,0.0,2.004,2.004,0.0,0.0,0.0,0.0,0.0,0.0,5432.0,-2.422991651527172e+24,6941.0,0.0,-107616088.0,2.004,2.004,0.0,0.0,0.0,0.0,69,1.9056879843514778e+17,2.7184204732368815e+23,0.0,0.0,0.0,0.0,0.0,0.0,0.0,0,0,0,0.0,0.0,0.0,0.0,0.0,0.0,0.0,0.0,0.0,0.0,0.0,0.0,0.0,0.0,0.0,0.0,0,-107875648.0,69,0.0,138,0.0,2.012,ERR,ERR,ERR,ERR,ERR,ERR,ERR,ERR,ERR,ERR,ERR,ERR,ERR,ERR,ERR,ERR,ERR,ERR,ERR,ERR,ERR,ERR,ERR,ERR,ERR,ERR,ERR,ERR,ERR,ERR,ERR,ERR,ERR,ERR,ERR,ERR,ERR,ERR,ERR,ERR,ERR,ERR,ERR,ERR,ERR,ERR,ERR,ERR,ERR,ERR,ERR,ERR,ERR,ERR,ERR,ERR,ERR,ERR,ERR,ERR,ERR,ERR,ERR,ERR,ERR,ERR,ERR,60.0,60.0,35,0.0,0.0,0.0,0.0,0.0,0.0,0.0,0.0,0.0,0.0,0.0,0.0,0.0,0.0,0.0,0.0,65.2,0,115,55,34,65476,0,300,0,0,8,20529,65476,0,0,2621,60.0,0.0,0.0,0.0,0.0,0.0
2026-07-09T15:53:53,ERR,ERR,ERR,ERR,ERR,ERR,ERR,ERR,ERR,ERR,ERR,ERR,ERR,ERR,ERR,ERR,ERR,ERR,ERR,ERR,ERR,ERR,ERR,ERR,ERR,ERR,ERR,ERR,ERR,ERR,ERR,ERR,ERR,ERR,ERR,ERR,ERR,ERR,ERR,ERR,ERR,ERR,ERR,ERR,ERR,ERR,ERR,ERR,ERR,ERR,ERR,ERR,ERR,ERR,ERR,ERR,ERR,ERR,ERR,ERR,ERR,ERR,ERR,ERR,ERR,ERR,ERR,ERR,ERR,ERR,ERR,ERR,ERR,ERR,ERR,ERR,ERR,ERR,ERR,ERR,ERR,ERR,ERR,ERR,ERR,ERR,ERR,ERR,ERR,ERR,ERR,ERR,ERR,ERR,ERR,ERR,ERR,ERR,ERR,ERR,ERR,ERR,ERR,ERR,ERR,ERR,ERR,ERR,ERR,ERR,ERR,ERR,ERR,ERR,ERR,ERR,ERR,ERR,ERR,ERR,ERR,ERR,ERR,ERR,ERR,0.0,2.7184467742587054e+23,-107090720.0,-0.0,-1.626167126727439e+32,2117731.0,-0.0,-0.001,0,0,4,17333,7116,0.0,100,0.0,0.0,-0.0,0.0,0.0,0,0,0,0,0.0,0,0,0,0,0,0,0,0,0,0,0,0,0,0,0,0,0,0,0,0,0,0,0,0,0,0,0,0,0,0,0,0,0,31,40,40,71,65476,0,300,0,0,8,21553,0.0,-107605600.0,0.0,0.0,0.0,0.0,0.0,0.0,0.0,0.0,0.0,0.0,0.0,0.0,0.0,0.0,0.0,0.0,0.0,0.0,0.0,0.0,2.004,2.004,0.0,0.0,0.0,0.0,0.0,0.0,5432.0,-2.422991651527172e+24,6941.0,0.0,-107616088.0,2.004,2.004,0.0,0.0,0.0,0.0,69,1.9056879843514778e+17,2.7184204732368815e+23,0.0,0.0,0.0,0.0,0.0,0.0,0.0,0,0,0,0.0,0.0,0.0,0.0,0.0,0.0,0.0,0.0,0.0,0.0,0.0,0.0,0.0,0.0,0.0,0.0,0,-107875648.0,69,0.0,138,0.0,2.012,ERR,ERR,ERR,ERR,ERR,ERR,ERR,ERR,ERR,ERR,ERR,ERR,ERR,ERR,ERR,ERR,ERR,ERR,ERR,ERR,ERR,ERR,ERR,ERR,ERR,ERR,ERR,ERR,ERR,ERR,ERR,ERR,ERR,ERR,ERR,ERR,ERR,ERR,ERR,ERR,ERR,ERR,ERR,ERR,ERR,ERR,ERR,ERR,ERR,ERR,ERR,ERR,ERR,ERR,ERR,ERR,ERR,ERR,ERR,ERR,ERR,ERR,ERR,ERR,ERR,ERR,ERR,60.0,60.0,35,0.0,0.0,0.0,0.0,0.0,0.0,0.0,0.0,0.0,0.0,0.0,0.0,0.0,0.0,0.0,0.0,65.2,0,115,55,34,65476,0,300,0,0,8,20529,65476,0,0,2621,60.0,0.0,0.0,0.0,0.0,0.0
2026-07-09T15:53:54,ERR,ERR,ERR,ERR,ERR,ERR,ERR,ERR,ERR,ERR,ERR,ERR,ERR,ERR,ERR,ERR,ERR,ERR,ERR,ERR,ERR,ERR,ERR,ERR,ERR,ERR,ERR,ERR,ERR,ERR,ERR,ERR,ERR,ERR,ERR,ERR,ERR,ERR,ERR,ERR,ERR,ERR,ERR,ERR,ERR,ERR,ERR,ERR,ERR,ERR,ERR,ERR,ERR,ERR,ERR,ERR,ERR,ERR,ERR,ERR,ERR,ERR,ERR,ERR,ERR,ERR,ERR,ERR,ERR,ERR,ERR,ERR,ERR,ERR,ERR,ERR,ERR,ERR,ERR,ERR,ERR,ERR,ERR,ERR,ERR,ERR,ERR,ERR,ERR,ERR,ERR,ERR,ERR,ERR,ERR,ERR,ERR,ERR,ERR,ERR,ERR,ERR,ERR,ERR,ERR,ERR,ERR,ERR,ERR,ERR,ERR,ERR,ERR,ERR,ERR,ERR,ERR,ERR,ERR,ERR,ERR,ERR,ERR,ERR,ERR,0.0,0.0,2.7184228151086877e+23,-0.0,0.0,-2.6345846489605607e+28,-20745940.0,0.0,0,0,4,17330,7116,0.0,100,0.0,0.0,-0.0,0.0,0.0,0,0,0,0,0.0,0,0,0,0,0,0,0,0,0,0,0,0,0,0,0,0,0,0,0,0,0,0,0,0,0,0,0,0,0,0,0,0,0,31,40,40,71,65476,0,300,0,0,8,21553,0.0,-107605600.0,0.0,0.0,0.0,0.0,0.0,0.0,0.0,0.0,0.0,0.0,0.0,0.0,0.0,0.0,0.0,0.0,0.0,0.0,0.0,0.0,0.0,-0.0,0.0,0.0,0.0,0.0,0.0,0.0,5433.0,-3.697191851085162e+19,6940.0,-0.0,0.0,2.004,2.004,0.0,0.0,0.0,0.0,69,0.0,5.848062417553205e+35,0.0,0.0,0.0,0.0,0.0,0.0,0.0,0,0,0,0.0,0.0,0.0,0.0,0.0,0.0,0.0,0.0,0.0,0.0,0.0,0.0,0.0,0.0,0.0,0.0,0,-107875648.0,69,0.0,138,0.0,2.012,ERR,ERR,ERR,ERR,ERR,ERR,ERR,ERR,ERR,ERR,ERR,ERR,ERR,ERR,ERR,ERR,ERR,ERR,ERR,ERR,ERR,ERR,ERR,ERR,ERR,ERR,ERR,ERR,ERR,ERR,ERR,ERR,ERR,ERR,ERR,ERR,ERR,ERR,ERR,ERR,ERR,ERR,ERR,ERR,ERR,ERR,ERR,ERR,ERR,ERR,ERR,ERR,ERR,ERR,ERR,ERR,ERR,ERR,ERR,ERR,ERR,ERR,ERR,ERR,ERR,ERR,ERR,60.0,60.0,35,0.0,0.0,0.0,0.0,0.0,0.0,0.0,0.0,0.0,0.0,0.0,0.0,0.0,0.0,0.0,0.0,65.6,0,115,55,34,65476,0,300,0,0,8,20529,65476,0,0,2621,60.0,0.0,0.0,0.0,0.0,0.0
2026-07-09T15:53:55,ERR,ERR,ERR,ERR,ERR,ERR,ERR,ERR,ERR,ERR,ERR,ERR,ERR,ERR,ERR,ERR,ERR,ERR,ERR,ERR,ERR,ERR,ERR,ERR,ERR,ERR,ERR,ERR,ERR,ERR,ERR,ERR,ERR,ERR,ERR,ERR,ERR,ERR,ERR,ERR,ERR,ERR,ERR,ERR,ERR,ERR,ERR,ERR,ERR,ERR,ERR,ERR,ERR,ERR,ERR,ERR,ERR,ERR,ERR,ERR,ERR,ERR,ERR,ERR,ERR,ERR,ERR,ERR,ERR,ERR,ERR,ERR,ERR,ERR,ERR,ERR,ERR,ERR,ERR,ERR,ERR,ERR,ERR,ERR,ERR,ERR,ERR,ERR,ERR,ERR,ERR,ERR,ERR,ERR,ERR,ERR,ERR,ERR,ERR,ERR,ERR,ERR,ERR,ERR,ERR,ERR,ERR,ERR,ERR,ERR,ERR,ERR,ERR,ERR,ERR,ERR,ERR,ERR,ERR,ERR,ERR,ERR,ERR,ERR,ERR,0.0,0.0,2.7184228151086877e+23,-0.0,0.0,-2.6345846489605607e+28,-20745940.0,0.0,0,0,4,17330,7116,0.0,100,0.0,0.0,-0.0,0.0,0.0,0,0,0,0,0.0,0,0,0,0,0,0,0,0,0,0,0,0,0,0,0,0,0,0,0,0,0,0,0,0,0,0,0,0,0,0,0,0,0,31,40,40,71,65476,0,300,0,0,8,21553,0.0,-107605600.0,0.0,0.0,0.0,0.0,0.0,0.0,0.0,0.0,0.0,0.0,0.0,0.0,0.0,0.0,0.0,0.0,0.0,0.0,0.0,0.0,0.0,-0.0,0.0,0.0,0.0,0.0,0.0,0.0,5433.0,-3.697191851085162e+19,6940.0,-0.0,0.0,2.004,2.004,0.0,0.0,0.0,0.0,69,0.0,5.848062417553205e+35,0.0,0.0,0.0,0.0,0.0,0.0,0.0,0,0,0,0.0,0.0,0.0,0.0,0.0,0.0,0.0,0.0,0.0,0.0,0.0,0.0,0.0,0.0,0.0,0.0,0,-107875648.0,69,0.0,138,0.0,2.012,ERR,ERR,ERR,ERR,ERR,ERR,ERR,ERR,ERR,ERR,ERR,ERR,ERR,ERR,ERR,ERR,ERR,ERR,ERR,ERR,ERR,ERR,ERR,ERR,ERR,ERR,ERR,ERR,ERR,ERR,ERR,ERR,ERR,ERR,ERR,ERR,ERR,ERR,ERR,ERR,ERR,ERR,ERR,ERR,ERR,ERR,ERR,ERR,ERR,ERR,ERR,ERR,ERR,ERR,ERR,ERR,ERR,ERR,ERR,ERR,ERR,ERR,ERR,ERR,ERR,ERR,ERR,60.0,60.0,35,0.0,0.0,0.0,0.0,0.0,0.0,0.0,0.0,0.0,0.0,0.0,0.0,0.0,0.0,0.0,0.0,65.6,0,115,55,34,65476,0,300,0,0,8,20529,65476,0,0,2621,60.0,0.0,0.0,0.0,0.0,0.0
2026-07-09T15:53:56,ERR,ERR,ERR,ERR,ERR,ERR,ERR,ERR,ERR,ERR,ERR,ERR,ERR,ERR,ERR,ERR,ERR,ERR,ERR,ERR,ERR,ERR,ERR,ERR,ERR,ERR,ERR,ERR,ERR,ERR,ERR,ERR,ERR,ERR,ERR,ERR,ERR,ERR,ERR,ERR,ERR,ERR,ERR,ERR,ERR,ERR,ERR,ERR,ERR,ERR,ERR,ERR,ERR,ERR,ERR,ERR,ERR,ERR,ERR,ERR,ERR,ERR,ERR,ERR,ERR,ERR,ERR,ERR,ERR,ERR,ERR,ERR,ERR,ERR,ERR,ERR,ERR,ERR,ERR,ERR,ERR,ERR,ERR,ERR,ERR,ERR,ERR,ERR,ERR,ERR,ERR,ERR,ERR,ERR,ERR,ERR,ERR,ERR,ERR,ERR,ERR,ERR,ERR,ERR,ERR,ERR,ERR,ERR,ERR,ERR,ERR,ERR,ERR,ERR,ERR,ERR,ERR,ERR,ERR,ERR,ERR,ERR,ERR,ERR,ERR,0.0,0.0,2.7184228151086877e+23,-0.0,0.0,-2.6345846489605607e+28,-20745940.0,0.0,0,0,4,17330,7116,0.0,100,0.0,0.0,-0.0,0.0,0.0,0,0,0,0,0.0,0,0,0,0,0,0,0,0,0,0,0,0,0,0,0,0,0,0,0,0,0,0,0,0,0,0,0,0,0,0,0,0,0,31,40,40,71,65476,0,300,0,0,8,21553,0.0,-107605600.0,0.0,0.0,0.0,0.0,0.0,0.0,0.0,0.0,0.0,0.0,0.0,0.0,0.0,0.0,0.0,0.0,0.0,0.0,0.0,0.0,0.0,-0.0,0.0,0.0,0.0,0.0,0.0,0.0,5433.0,-3.697191851085162e+19,6940.0,-0.0,0.0,2.004,2.004,0.0,0.0,0.0,0.0,69,0.0,5.848062417553205e+35,0.0,0.0,0.0,0.0,0.0,0.0,0.0,0,0,0,0.0,0.0,0.0,0.0,0.0,0.0,0.0,0.0,0.0,0.0,0.0,0.0,0.0,0.0,0.0,0.0,0,-107875648.0,69,0.0,138,0.0,2.012,ERR,ERR,ERR,ERR,ERR,ERR,ERR,ERR,ERR,ERR,ERR,ERR,ERR,ERR,ERR,ERR,ERR,ERR,ERR,ERR,ERR,ERR,ERR,ERR,ERR,ERR,ERR,ERR,ERR,ERR,ERR,ERR,ERR,ERR,ERR,ERR,ERR,ERR,ERR,ERR,ERR,ERR,ERR,ERR,ERR,ERR,ERR,ERR,ERR,ERR,ERR,ERR,ERR,ERR,ERR,ERR,ERR,ERR,ERR,ERR,ERR,ERR,ERR,ERR,ERR,ERR,ERR,60.0,60.0,35,0.0,0.0,0.0,0.0,0.0,0.0,0.0,0.0,0.0,0.0,0.0,0.0,0.0,0.0,0.0,0.0,65.2,0,115,55,34,65476,0,300,0,0,8,20529,65476,0,0,2621,60.0,0.0,0.0,0.0,0.0,0.0
2026-07-09T15:53:57,ERR,ERR,ERR,ERR,ERR,ERR,ERR,ERR,ERR,ERR,ERR,ERR,ERR,ERR,ERR,ERR,ERR,ERR,ERR,ERR,ERR,ERR,ERR,ERR,ERR,ERR,ERR,ERR,ERR,ERR,ERR,ERR,ERR,ERR,ERR,ERR,ERR,ERR,ERR,ERR,ERR,ERR,ERR,ERR,ERR,ERR,ERR,ERR,ERR,ERR,ERR,ERR,ERR,ERR,ERR,ERR,ERR,ERR,ERR,ERR,ERR,ERR,ERR,ERR,ERR,ERR,ERR,ERR,ERR,ERR,ERR,ERR,ERR,ERR,ERR,ERR,ERR,ERR,ERR,ERR,ERR,ERR,ERR,ERR,ERR,ERR,ERR,ERR,ERR,ERR,ERR,ERR,ERR,ERR,ERR,ERR,ERR,ERR,ERR,ERR,ERR,ERR,ERR,ERR,ERR,ERR,ERR,ERR,ERR,ERR,ERR,ERR,ERR,ERR,ERR,ERR,ERR,ERR,ERR,ERR,ERR,ERR,ERR,ERR,ERR,0.0,0.0,2.7184228151086877e+23,-0.0,0.0,-2.6345846489605607e+28,-20745940.0,0.0,0,0,4,17330,7116,0.0,100,0.0,0.0,-0.0,0.0,0.0,0,0,0,0,0.0,0,0,0,0,0,0,0,0,0,0,0,0,0,0,0,0,0,0,0,0,0,0,0,0,0,0,0,0,0,0,0,0,0,31,40,40,71,65476,0,300,0,0,8,21553,0.0,-107605600.0,0.0,0.0,0.0,0.0,0.0,0.0,0.0,0.0,0.0,0.0,0.0,0.0,0.0,0.0,0.0,0.0,0.0,0.0,0.0,0.0,0.0,-0.0,0.0,0.0,0.0,0.0,0.0,0.0,5433.0,-3.697191851085162e+19,6940.0,-0.0,0.0,2.004,2.004,0.0,0.0,0.0,0.0,69,0.0,5.848062417553205e+35,0.0,0.0,0.0,0.0,0.0,0.0,0.0,0,0,0,0.0,0.0,0.0,0.0,0.0,0.0,0.0,0.0,0.0,0.0,0.0,0.0,0.0,0.0,0.0,0.0,0,-107875648.0,69,0.0,138,0.0,2.012,ERR,ERR,ERR,ERR,ERR,ERR,ERR,ERR,ERR,ERR,ERR,ERR,ERR,ERR,ERR,ERR,ERR,ERR,ERR,ERR,ERR,ERR,ERR,ERR,ERR,ERR,ERR,ERR,ERR,ERR,ERR,ERR,ERR,ERR,ERR,ERR,ERR,ERR,ERR,ERR,ERR,ERR,ERR,ERR,ERR,ERR,ERR,ERR,ERR,ERR,ERR,ERR,ERR,ERR,ERR,ERR,ERR,ERR,ERR,ERR,ERR,ERR,ERR,ERR,ERR,ERR,ERR,60.0,60.0,35,0.0,0.0,0.0,0.0,0.0,0.0,0.0,0.0,0.0,0.0,0.0,0.0,0.0,0.0,0.0,0.0,65.6,0,115,55,34,65476,0,300,0,0,8,20529,65476,0,0,2621,60.0,0.0,0.0,0.0,0.0,0.0
2026-07-09T15:53:58,ERR,ERR,ERR,ERR,ERR,ERR,ERR,ERR,ERR,ERR,ERR,ERR,ERR,ERR,ERR,ERR,ERR,ERR,ERR,ERR,ERR,ERR,ERR,ERR,ERR,ERR,ERR,ERR,ERR,ERR,ERR,ERR,ERR,ERR,ERR,ERR,ERR,ERR,ERR,ERR,ERR,ERR,ERR,ERR,ERR,ERR,ERR,ERR,ERR,ERR,ERR,ERR,ERR,ERR,ERR,ERR,ERR,ERR,ERR,ERR,ERR,ERR,ERR,ERR,ERR,ERR,ERR,ERR,ERR,ERR,ERR,ERR,ERR,ERR,ERR,ERR,ERR,ERR,ERR,ERR,ERR,ERR,ERR,ERR,ERR,ERR,ERR,ERR,ERR,ERR,ERR,ERR,ERR,ERR,ERR,ERR,ERR,ERR,ERR,ERR,ERR,ERR,ERR,ERR,ERR,ERR,ERR,ERR,ERR,ERR,ERR,ERR,ERR,ERR,ERR,ERR,ERR,ERR,ERR,ERR,ERR,ERR,ERR,ERR,ERR,0.0,0.0,2.7184228151086877e+23,-0.0,0.0,-2.6345846489605607e+28,-20745940.0,0.0,0,0,4,17330,7116,0.0,100,0.0,0.0,-0.0,0.0,0.0,0,0,0,0,0.0,0,0,0,0,0,0,0,0,0,0,0,0,0,0,0,0,0,0,0,0,0,0,0,0,0,0,0,0,0,0,0,0,0,31,40,40,71,65476,0,300,0,0,8,21553,0.0,-107605600.0,0.0,0.0,0.0,0.0,0.0,0.0,0.0,0.0,0.0,0.0,0.0,0.0,0.0,0.0,0.0,0.0,0.0,0.0,0.0,0.0,0.0,-0.0,0.0,0.0,0.0,0.0,0.0,0.0,5433.0,-3.697191851085162e+19,6940.0,-0.0,0.0,2.004,2.004,0.0,0.0,0.0,0.0,69,0.0,5.848062417553205e+35,0.0,0.0,0.0,0.0,0.0,0.0,0.0,0,0,0,0.0,0.0,0.0,0.0,0.0,0.0,0.0,0.0,0.0,0.0,0.0,0.0,0.0,0.0,0.0,0.0,0,-107875648.0,69,0.0,138,0.0,2.012,ERR,ERR,ERR,ERR,ERR,ERR,ERR,ERR,ERR,ERR,ERR,ERR,ERR,ERR,ERR,ERR,ERR,ERR,ERR,ERR,ERR,ERR,ERR,ERR,ERR,ERR,ERR,ERR,ERR,ERR,ERR,ERR,ERR,ERR,ERR,ERR,ERR,ERR,ERR,ERR,ERR,ERR,ERR,ERR,ERR,ERR,ERR,ERR,ERR,ERR,ERR,ERR,ERR,ERR,ERR,ERR,ERR,ERR,ERR,ERR,ERR,ERR,ERR,ERR,ERR,ERR,ERR,60.0,60.0,35,0.0,0.0,0.0,0.0,0.0,0.0,0.0,0.0,0.0,0.0,0.0,0.0,0.0,0.0,0.0,0.0,65.6,0,115,55,34,65476,0,300,0,0,8,20529,65476,0,0,2621,60.0,0.0,0.0,0.0,0.0,0.0
2026-07-09T15:53:59,ERR,ERR,ERR,ERR,ERR,ERR,ERR,ERR,ERR,ERR,ERR,ERR,ERR,ERR,ERR,ERR,ERR,ERR,ERR,ERR,ERR,ERR,ERR,ERR,ERR,ERR,ERR,ERR,ERR,ERR,ERR,ERR,ERR,ERR,ERR,ERR,ERR,ERR,ERR,ERR,ERR,ERR,ERR,ERR,ERR,ERR,ERR,ERR,ERR,ERR,ERR,ERR,ERR,ERR,ERR,ERR,ERR,ERR,ERR,ERR,ERR,ERR,ERR,ERR,ERR,ERR,ERR,ERR,ERR,ERR,ERR,ERR,ERR,ERR,ERR,ERR,ERR,ERR,ERR,ERR,ERR,ERR,ERR,ERR,ERR,ERR,ERR,ERR,ERR,ERR,ERR,ERR,ERR,ERR,ERR,ERR,ERR,ERR,ERR,ERR,ERR,ERR,ERR,ERR,ERR,ERR,ERR,ERR,ERR,ERR,ERR,ERR,ERR,ERR,ERR,ERR,ERR,ERR,ERR,ERR,ERR,ERR,ERR,ERR,ERR,-0.0,-107616096.0,0.0,2.7183478752108883e+23,-0.0,67982905344.0,2.4174366376627438e+29,-3.7295590274737824e+26,0,0,4,17333,7116,0.0,100,0.0,0.0,2.7183478752108883e+23,0.0,0.0,0,0,0,0,0.0,0,0,0,0,0,0,0,0,0,0,0,0,0,0,0,0,0,0,0,0,0,0,0,0,0,0,0,0,0,0,0,0,0,31,40,40,71,65476,0,300,0,0,8,21553,0.0,-107605600.0,0.0,0.0,0.0,0.0,0.0,0.0,0.0,0.0,0.0,0.0,0.0,0.0,0.0,0.0,0.0,0.0,0.0,0.0,0.0,0.0,0.0,2.004,0.0,0.0,0.0,0.0,0.0,0.0,5431.0,-564146705793024.0,6939.0,-0.0,0.0,2.004,2.004,0.0,0.0,0.0,0.0,69,0.059,-0.0,0.0,0.0,0.0,0.0,0.0,0.0,0.0,0,0,0,0.0,0.0,0.0,0.0,0.0,0.0,0.0,0.0,0.0,0.0,0.0,0.0,0.0,0.0,0.0,0.0,0,-107875648.0,69,0.0,138,0.0,2.012,ERR,ERR,ERR,ERR,ERR,ERR,ERR,ERR,ERR,ERR,ERR,ERR,ERR,ERR,ERR,ERR,ERR,ERR,ERR,ERR,ERR,ERR,ERR,ERR,ERR,ERR,ERR,ERR,ERR,ERR,ERR,ERR,ERR,ERR,ERR,ERR,ERR,ERR,ERR,ERR,ERR,ERR,ERR,ERR,ERR,ERR,ERR,ERR,ERR,ERR,ERR,ERR,ERR,ERR,ERR,ERR,ERR,ERR,ERR,ERR,ERR,ERR,ERR,ERR,ERR,ERR,ERR,60.0,60.0,35,0.0,0.0,0.0,0.0,0.0,0.0,0.0,0.0,0.0,0.0,0.0,0.0,0.0,0.0,0.0,0.0,65.2,0,115,55,34,65476,0,300,0,0,8,20529,65476,0,0,2621,60.0,0.0,0.0,0.0,0.0,0.0
2026-07-09T15:54:00,ERR,ERR,ERR,ERR,ERR,ERR,ERR,ERR,ERR,ERR,ERR,ERR,ERR,ERR,ERR,ERR,ERR,ERR,ERR,ERR,ERR,ERR,ERR,ERR,ERR,ERR,ERR,ERR,ERR,ERR,ERR,ERR,ERR,ERR,ERR,ERR,ERR,ERR,ERR,ERR,ERR,ERR,ERR,ERR,ERR,ERR,ERR,ERR,ERR,ERR,ERR,ERR,ERR,ERR,ERR,ERR,ERR,ERR,ERR,ERR,ERR,ERR,ERR,ERR,ERR,ERR,ERR,ERR,ERR,ERR,ERR,ERR,ERR,ERR,ERR,ERR,ERR,ERR,ERR,ERR,ERR,ERR,ERR,ERR,ERR,ERR,ERR,ERR,ERR,ERR,ERR,ERR,ERR,ERR,ERR,ERR,ERR,ERR,ERR,ERR,ERR,ERR,ERR,ERR,ERR,ERR,ERR,ERR,ERR,ERR,ERR,ERR,ERR,ERR,ERR,ERR,ERR,ERR,ERR,ERR,ERR,ERR,ERR,ERR,ERR,-0.0,-107616096.0,0.0,2.7183478752108883e+23,-0.0,67982905344.0,2.4174366376627438e+29,-3.7295590274737824e+26,0,0,4,17333,7116,0.0,100,0.0,0.0,2.7183478752108883e+23,0.0,0.0,0,0,0,0,0.0,0,0,0,0,0,0,0,0,0,0,0,0,0,0,0,0,0,0,0,0,0,0,0,0,0,0,0,0,0,0,0,0,0,31,40,40,71,65476,0,300,0,0,8,21553,0.0,-107605600.0,0.0,0.0,0.0,0.0,0.0,0.0,0.0,0.0,0.0,0.0,0.0,0.0,0.0,0.0,0.0,0.0,0.0,0.0,0.0,0.0,0.0,2.004,0.0,0.0,0.0,0.0,0.0,0.0,5431.0,-564146705793024.0,6939.0,-0.0,0.0,2.004,2.004,0.0,0.0,0.0,0.0,69,0.059,-0.0,0.0,0.0,0.0,0.0,0.0,0.0,0.0,0,0,0,0.0,0.0,0.0,0.0,0.0,0.0,0.0,0.0,0.0,0.0,0.0,0.0,0.0,0.0,0.0,0.0,0,-107875648.0,69,0.0,138,0.0,2.012,ERR,ERR,ERR,ERR,ERR,ERR,ERR,ERR,ERR,ERR,ERR,ERR,ERR,ERR,ERR,ERR,ERR,ERR,ERR,ERR,ERR,ERR,ERR,ERR,ERR,ERR,ERR,ERR,ERR,ERR,ERR,ERR,ERR,ERR,ERR,ERR,ERR,ERR,ERR,ERR,ERR,ERR,ERR,ERR,ERR,ERR,ERR,ERR,ERR,ERR,ERR,ERR,ERR,ERR,ERR,ERR,ERR,ERR,ERR,ERR,ERR,ERR,ERR,ERR,ERR,ERR,ERR,60.0,60.0,35,0.0,0.0,0.0,0.0,0.0,0.0,0.0,0.0,0.0,0.0,0.0,0.0,0.0,0.0,0.0,0.0,65.6,0,115,56,34,65476,0,300,0,0,8,20529,65476,0,0,2621,60.0,0.0,0.0,0.0,0.0,0.0
2026-07-09T15:54:01,ERR,ERR,ERR,ERR,ERR,ERR,ERR,ERR,ERR,ERR,ERR,ERR,ERR,ERR,ERR,ERR,ERR,ERR,ERR,ERR,ERR,ERR,ERR,ERR,ERR,ERR,ERR,ERR,ERR,ERR,ERR,ERR,ERR,ERR,ERR,ERR,ERR,ERR,ERR,ERR,ERR,ERR,ERR,ERR,ERR,ERR,ERR,ERR,ERR,ERR,ERR,ERR,ERR,ERR,ERR,ERR,ERR,ERR,ERR,ERR,ERR,ERR,ERR,ERR,ERR,ERR,ERR,ERR,ERR,ERR,ERR,ERR,ERR,ERR,ERR,ERR,ERR,ERR,ERR,ERR,ERR,ERR,ERR,ERR,ERR,ERR,ERR,ERR,ERR,ERR,ERR,ERR,ERR,ERR,ERR,ERR,ERR,ERR,ERR,ERR,ERR,ERR,ERR,ERR,ERR,ERR,ERR,ERR,ERR,ERR,ERR,ERR,ERR,ERR,ERR,ERR,ERR,ERR,ERR,ERR,ERR,ERR,ERR,ERR,ERR,-0.0,-107616096.0,0.0,2.7183478752108883e+23,-0.0,67982905344.0,2.4174366376627438e+29,-3.7295590274737824e+26,0,0,4,17333,7116,0.0,100,0.0,0.0,2.7183478752108883e+23,0.0,0.0,0,0,0,0,0.0,0,0,0,0,0,0,0,0,0,0,0,0,0,0,0,0,0,0,0,0,0,0,0,0,0,0,0,0,0,0,0,0,0,31,40,40,71,65476,0,300,0,0,8,21553,0.0,-107605600.0,0.0,0.0,0.0,0.0,0.0,0.0,0.0,0.0,0.0,0.0,0.0,0.0,0.0,0.0,0.0,0.0,0.0,0.0,0.0,0.0,0.0,2.004,0.0,0.0,0.0,0.0,0.0,0.0,5431.0,-564146705793024.0,6939.0,-0.0,0.0,2.004,2.004,0.0,0.0,0.0,0.0,69,0.059,-0.0,0.0,0.0,0.0,0.0,0.0,0.0,0.0,0,0,0,0.0,0.0,0.0,0.0,0.0,0.0,0.0,0.0,0.0,0.0,0.0,0.0,0.0,0.0,0.0,0.0,0,-107875648.0,69,0.0,138,0.0,2.012,ERR,ERR,ERR,ERR,ERR,ERR,ERR,ERR,ERR,ERR,ERR,ERR,ERR,ERR,ERR,ERR,ERR,ERR,ERR,ERR,ERR,ERR,ERR,ERR,ERR,ERR,ERR,ERR,ERR,ERR,ERR,ERR,ERR,ERR,ERR,ERR,ERR,ERR,ERR,ERR,ERR,ERR,ERR,ERR,ERR,ERR,ERR,ERR,ERR,ERR,ERR,ERR,ERR,ERR,ERR,ERR,ERR,ERR,ERR,ERR,ERR,ERR,ERR,ERR,ERR,ERR,ERR,60.0,60.0,35,0.0,0.0,0.0,0.0,0.0,0.0,0.0,0.0,0.0,0.0,0.0,0.0,0.0,0.0,0.0,0.0,65.6,0,115,56,34,65476,0,300,0,0,8,20529,65476,0,0,2621,60.0,0.0,0.0,0.0,0.0,0.0
2026-07-09T15:54:02,ERR,ERR,ERR,ERR,ERR,ERR,ERR,ERR,ERR,ERR,ERR,ERR,ERR,ERR,ERR,ERR,ERR,ERR,ERR,ERR,ERR,ERR,ERR,ERR,ERR,ERR,ERR,ERR,ERR,ERR,ERR,ERR,ERR,ERR,ERR,ERR,ERR,ERR,ERR,ERR,ERR,ERR,ERR,ERR,ERR,ERR,ERR,ERR,ERR,ERR,ERR,ERR,ERR,ERR,ERR,ERR,ERR,ERR,ERR,ERR,ERR,ERR,ERR,ERR,ERR,ERR,ERR,ERR,ERR,ERR,ERR,ERR,ERR,ERR,ERR,ERR,ERR,ERR,ERR,ERR,ERR,ERR,ERR,ERR,ERR,ERR,ERR,ERR,ERR,ERR,ERR,ERR,ERR,ERR,ERR,ERR,ERR,ERR,ERR,ERR,ERR,ERR,ERR,ERR,ERR,ERR,ERR,ERR,ERR,ERR,ERR,ERR,ERR,ERR,ERR,ERR,ERR,ERR,ERR,ERR,ERR,ERR,ERR,ERR,ERR,-0.0,-107616096.0,0.0,2.7183478752108883e+23,-0.0,67982905344.0,2.4174366376627438e+29,-3.7295590274737824e+26,0,0,4,17333,7116,0.0,100,0.0,0.0,2.7183478752108883e+23,0.0,0.0,0,0,0,0,0.0,0,0,0,0,0,0,0,0,0,0,0,0,0,0,0,0,0,0,0,0,0,0,0,0,0,0,0,0,0,0,0,0,0,31,40,40,71,65476,0,300,0,0,8,21553,0.0,-107605600.0,0.0,0.0,0.0,0.0,0.0,0.0,0.0,0.0,0.0,0.0,0.0,0.0,0.0,0.0,0.0,0.0,0.0,0.0,0.0,0.0,0.0,2.004,0.0,0.0,0.0,0.0,0.0,0.0,5431.0,-564146705793024.0,6939.0,-0.0,0.0,2.004,2.004,0.0,0.0,0.0,0.0,69,0.059,-0.0,0.0,0.0,0.0,0.0,0.0,0.0,0.0,0,0,0,0.0,0.0,0.0,0.0,0.0,0.0,0.0,0.0,0.0,0.0,0.0,0.0,0.0,0.0,0.0,0.0,0,-107875648.0,69,0.0,138,0.0,2.012,ERR,ERR,ERR,ERR,ERR,ERR,ERR,ERR,ERR,ERR,ERR,ERR,ERR,ERR,ERR,ERR,ERR,ERR,ERR,ERR,ERR,ERR,ERR,ERR,ERR,ERR,ERR,ERR,ERR,ERR,ERR,ERR,ERR,ERR,ERR,ERR,ERR,ERR,ERR,ERR,ERR,ERR,ERR,ERR,ERR,ERR,ERR,ERR,ERR,ERR,ERR,ERR,ERR,ERR,ERR,ERR,ERR,ERR,ERR,ERR,ERR,ERR,ERR,ERR,ERR,ERR,ERR,60.0,60.0,35,0.0,0.0,0.0,0.0,0.0,0.0,0.0,0.0,0.0,0.0,0.0,0.0,0.0,0.0,0.0,0.0,65.2,0,115,56,34,65476,0,300,0,0,8,20529,65476,0,0,2621,60.0,0.0,0.0,0.0,0.0,0.0
2026-07-09T15:54:03,ERR,ERR,ERR,ERR,ERR,ERR,ERR,ERR,ERR,ERR,ERR,ERR,ERR,ERR,ERR,ERR,ERR,ERR,ERR,ERR,ERR,ERR,ERR,ERR,ERR,ERR,ERR,ERR,ERR,ERR,ERR,ERR,ERR,ERR,ERR,ERR,ERR,ERR,ERR,ERR,ERR,ERR,ERR,ERR,ERR,ERR,ERR,ERR,ERR,ERR,ERR,ERR,ERR,ERR,ERR,ERR,ERR,ERR,ERR,ERR,ERR,ERR,ERR,ERR,ERR,ERR,ERR,ERR,ERR,ERR,ERR,ERR,ERR,ERR,ERR,ERR,ERR,ERR,ERR,ERR,ERR,ERR,ERR,ERR,ERR,ERR,ERR,ERR,ERR,ERR,ERR,ERR,ERR,ERR,ERR,ERR,ERR,ERR,ERR,ERR,ERR,ERR,ERR,ERR,ERR,ERR,ERR,ERR,ERR,ERR,ERR,ERR,ERR,ERR,ERR,ERR,ERR,ERR,ERR,ERR,ERR,ERR,ERR,ERR,ERR,-0.0,-107616096.0,0.0,2.7183478752108883e+23,-0.0,67982905344.0,2.4174366376627438e+29,-3.7295590274737824e+26,0,0,4,17333,7116,0.0,100,0.0,0.0,2.7183478752108883e+23,0.0,0.0,0,0,0,0,0.0,0,0,0,0,0,0,0,0,0,0,0,0,0,0,0,0,0,0,0,0,0,0,0,0,0,0,0,0,0,0,0,0,0,31,40,40,71,65476,0,300,0,0,8,21553,0.0,-107605600.0,0.0,0.0,0.0,0.0,0.0,0.0,0.0,0.0,0.0,0.0,0.0,0.0,0.0,0.0,0.0,0.0,0.0,0.0,0.0,0.0,0.0,2.004,0.0,0.0,0.0,0.0,0.0,0.0,5431.0,-564146705793024.0,6939.0,-0.0,0.0,2.004,2.004,0.0,0.0,0.0,0.0,69,0.059,-0.0,0.0,0.0,0.0,0.0,0.0,0.0,0.0,0,0,0,0.0,0.0,0.0,0.0,0.0,0.0,0.0,0.0,0.0,0.0,0.0,0.0,0.0,0.0,0.0,0.0,0,-107875648.0,69,0.0,138,0.0,2.012,ERR,ERR,ERR,ERR,ERR,ERR,ERR,ERR,ERR,ERR,ERR,ERR,ERR,ERR,ERR,ERR,ERR,ERR,ERR,ERR,ERR,ERR,ERR,ERR,ERR,ERR,ERR,ERR,ERR,ERR,ERR,ERR,ERR,ERR,ERR,ERR,ERR,ERR,ERR,ERR,ERR,ERR,ERR,ERR,ERR,ERR,ERR,ERR,ERR,ERR,ERR,ERR,ERR,ERR,ERR,ERR,ERR,ERR,ERR,ERR,ERR,ERR,ERR,ERR,ERR,ERR,ERR,60.0,60.0,35,0.0,0.0,0.0,0.0,0.0,0.0,0.0,0.0,0.0,0.0,0.0,0.0,0.0,0.0,0.0,0.0,65.2,0,115,56,34,65476,0,300,0,0,8,20529,65476,0,0,2621,60.0,0.0,0.0,0.0,0.0,0.0
2026-07-09T15:54:04,ERR,ERR,ERR,ERR,ERR,ERR,ERR,ERR,ERR,ERR,ERR,ERR,ERR,ERR,ERR,ERR,ERR,ERR,ERR,ERR,ERR,ERR,ERR,ERR,ERR,ERR,ERR,ERR,ERR,ERR,ERR,ERR,ERR,ERR,ERR,ERR,ERR,ERR,ERR,ERR,ERR,ERR,ERR,ERR,ERR,ERR,ERR,ERR,ERR,ERR,ERR,ERR,ERR,ERR,ERR,ERR,ERR,ERR,ERR,ERR,ERR,ERR,ERR,ERR,ERR,ERR,ERR,ERR,ERR,ERR,ERR,ERR,ERR,ERR,ERR,ERR,ERR,ERR,ERR,ERR,ERR,ERR,ERR,ERR,ERR,ERR,ERR,ERR,ERR,ERR,ERR,ERR,ERR,ERR,ERR,ERR,ERR,ERR,ERR,ERR,ERR,ERR,ERR,ERR,ERR,ERR,ERR,ERR,ERR,ERR,ERR,ERR,ERR,ERR,ERR,ERR,ERR,ERR,ERR,ERR,ERR,ERR,ERR,ERR,ERR,-0.0,-107616104.0,0.0,2.7183478752108883e+23,0.0,4.0968480357060517e+36,-0.0,100743289765888.0,0,0,4,17334,7116,0.0,100,0.0,0.0,2.7183478752108883e+23,0.0,0.0,0,0,0,0,0.0,0,0,0,0,0,0,0,0,0,0,0,0,0,0,0,0,0,0,0,0,0,0,0,0,0,0,0,0,0,0,0,0,0,31,40,40,71,65476,0,300,0,0,8,21553,0.0,-107605600.0,0.0,0.0,0.0,0.0,0.0,0.0,0.0,0.0,0.0,0.0,0.0,0.0,0.0,0.0,0.0,0.0,0.0,0.0,0.0,0.0,0.0,-2.004,0.0,0.0,0.0,0.0,0.0,0.0,5431.0,-2.422991651527172e+24,6941.0,-0.0,0.0,2.004,2.004,0.0,0.0,0.0,0.0,69,0.0,4.0668600804329706e+29,0.0,0.0,0.0,0.0,0.0,0.0,0.0,0,0,0,0.0,0.0,0.0,0.0,0.0,0.0,0.0,0.0,0.0,0.0,0.0,0.0,0.0,0.0,0.0,0.0,0,-107875648.0,69,0.0,138,0.0,2.012,ERR,ERR,ERR,ERR,ERR,ERR,ERR,ERR,ERR,ERR,ERR,ERR,ERR,ERR,ERR,ERR,ERR,ERR,ERR,ERR,ERR,ERR,ERR,ERR,ERR,ERR,ERR,ERR,ERR,ERR,ERR,ERR,ERR,ERR,ERR,ERR,ERR,ERR,ERR,ERR,ERR,ERR,ERR,ERR,ERR,ERR,ERR,ERR,ERR,ERR,ERR,ERR,ERR,ERR,ERR,ERR,ERR,ERR,ERR,ERR,ERR,ERR,ERR,ERR,ERR,ERR,ERR,60.0,60.0,35,0.0,0.0,0.0,0.0,0.0,0.0,0.0,0.0,0.0,0.0,0.0,0.0,0.0,0.0,0.0,0.0,65.2,0,115,56,34,65476,0,300,0,0,8,20529,65476,0,0,2621,60.0,0.0,0.0,0.0,0.0,0.0
2026-07-09T15:54:05,ERR,ERR,ERR,ERR,ERR,ERR,ERR,ERR,ERR,ERR,ERR,ERR,ERR,ERR,ERR,ERR,ERR,ERR,ERR,ERR,ERR,ERR,ERR,ERR,ERR,ERR,ERR,ERR,ERR,ERR,ERR,ERR,ERR,ERR,ERR,ERR,ERR,ERR,ERR,ERR,ERR,ERR,ERR,ERR,ERR,ERR,ERR,ERR,ERR,ERR,ERR,ERR,ERR,ERR,ERR,ERR,ERR,ERR,ERR,ERR,ERR,ERR,ERR,ERR,ERR,ERR,ERR,ERR,ERR,ERR,ERR,ERR,ERR,ERR,ERR,ERR,ERR,ERR,ERR,ERR,ERR,ERR,ERR,ERR,ERR,ERR,ERR,ERR,ERR,ERR,ERR,ERR,ERR,ERR,ERR,ERR,ERR,ERR,ERR,ERR,ERR,ERR,ERR,ERR,ERR,ERR,ERR,ERR,ERR,ERR,ERR,ERR,ERR,ERR,ERR,ERR,ERR,ERR,ERR,ERR,ERR,ERR,ERR,ERR,ERR,-0.0,-107616104.0,0.0,2.7183478752108883e+23,0.0,4.0968480357060517e+36,-0.0,100743289765888.0,0,0,4,17334,7116,0.0,100,0.0,0.0,2.7183478752108883e+23,0.0,0.0,0,0,0,0,0.0,0,0,0,0,0,0,0,0,0,0,0,0,0,0,0,0,0,0,0,0,0,0,0,0,0,0,0,0,0,0,0,0,0,31,40,40,71,65476,0,300,0,0,8,21553,0.0,-107605600.0,0.0,0.0,0.0,0.0,0.0,0.0,0.0,0.0,0.0,0.0,0.0,0.0,0.0,0.0,0.0,0.0,0.0,0.0,0.0,0.0,0.0,-2.004,0.0,0.0,0.0,0.0,0.0,0.0,5431.0,-2.422991651527172e+24,6941.0,-0.0,0.0,2.004,2.004,0.0,0.0,0.0,0.0,69,0.0,4.0668600804329706e+29,0.0,0.0,0.0,0.0,0.0,0.0,0.0,0,0,0,0.0,0.0,0.0,0.0,0.0,0.0,0.0,0.0,0.0,0.0,0.0,0.0,0.0,0.0,0.0,0.0,0,-107875648.0,69,0.0,138,0.0,2.012,ERR,ERR,ERR,ERR,ERR,ERR,ERR,ERR,ERR,ERR,ERR,ERR,ERR,ERR,ERR,ERR,ERR,ERR,ERR,ERR,ERR,ERR,ERR,ERR,ERR,ERR,ERR,ERR,ERR,ERR,ERR,ERR,ERR,ERR,ERR,ERR,ERR,ERR,ERR,ERR,ERR,ERR,ERR,ERR,ERR,ERR,ERR,ERR,ERR,ERR,ERR,ERR,ERR,ERR,ERR,ERR,ERR,ERR,ERR,ERR,ERR,ERR,ERR,ERR,ERR,ERR,ERR,60.0,60.0,35,0.0,0.0,0.0,0.0,0.0,0.0,0.0,0.0,0.0,0.0,0.0,0.0,0.0,0.0,0.0,0.0,65.2,0,115,56,34,65476,0,300,0,0,8,20529,65476,0,0,2621,60.0,0.0,0.0,0.0,0.0,0.0
2026-07-09T15:54:06,ERR,ERR,ERR,ERR,ERR,ERR,ERR,ERR,ERR,ERR,ERR,ERR,ERR,ERR,ERR,ERR,ERR,ERR,ERR,ERR,ERR,ERR,ERR,ERR,ERR,ERR,ERR,ERR,ERR,ERR,ERR,ERR,ERR,ERR,ERR,ERR,ERR,ERR,ERR,ERR,ERR,ERR,ERR,ERR,ERR,ERR,ERR,ERR,ERR,ERR,ERR,ERR,ERR,ERR,ERR,ERR,ERR,ERR,ERR,ERR,ERR,ERR,ERR,ERR,ERR,ERR,ERR,ERR,ERR,ERR,ERR,ERR,ERR,ERR,ERR,ERR,ERR,ERR,ERR,ERR,ERR,ERR,ERR,ERR,ERR,ERR,ERR,ERR,ERR,ERR,ERR,ERR,ERR,ERR,ERR,ERR,ERR,ERR,ERR,ERR,ERR,ERR,ERR,ERR,ERR,ERR,ERR,ERR,ERR,ERR,ERR,ERR,ERR,ERR,ERR,ERR,ERR,ERR,ERR,ERR,ERR,ERR,ERR,ERR,ERR,-0.0,-107616104.0,0.0,2.7183478752108883e+23,0.0,4.0968480357060517e+36,-0.0,100743289765888.0,0,0,4,17334,7116,0.0,100,0.0,0.0,2.7183478752108883e+23,0.0,0.0,0,0,0,0,0.0,0,0,0,0,0,0,0,0,0,0,0,0,0,0,0,0,0,0,0,0,0,0,0,0,0,0,0,0,0,0,0,0,0,31,40,40,71,65476,0,300,0,0,8,21553,0.0,-107605600.0,0.0,0.0,0.0,0.0,0.0,0.0,0.0,0.0,0.0,0.0,0.0,0.0,0.0,0.0,0.0,0.0,0.0,0.0,0.0,0.0,0.0,-2.004,0.0,0.0,0.0,0.0,0.0,0.0,5431.0,-2.422991651527172e+24,6941.0,-0.0,0.0,2.004,2.004,0.0,0.0,0.0,0.0,69,0.0,4.0668600804329706e+29,0.0,0.0,0.0,0.0,0.0,0.0,0.0,0,0,0,0.0,0.0,0.0,0.0,0.0,0.0,0.0,0.0,0.0,0.0,0.0,0.0,0.0,0.0,0.0,0.0,0,-107875648.0,69,0.0,138,0.0,2.012,ERR,ERR,ERR,ERR,ERR,ERR,ERR,ERR,ERR,ERR,ERR,ERR,ERR,ERR,ERR,ERR,ERR,ERR,ERR,ERR,ERR,ERR,ERR,ERR,ERR,ERR,ERR,ERR,ERR,ERR,ERR,ERR,ERR,ERR,ERR,ERR,ERR,ERR,ERR,ERR,ERR,ERR,ERR,ERR,ERR,ERR,ERR,ERR,ERR,ERR,ERR,ERR,ERR,ERR,ERR,ERR,ERR,ERR,ERR,ERR,ERR,ERR,ERR,ERR,ERR,ERR,ERR,60.0,60.0,35,0.0,0.0,0.0,0.0,0.0,0.0,0.0,0.0,0.0,0.0,0.0,0.0,0.0,0.0,0.0,0.0,65.2,0,115,56,34,65476,0,300,0,0,8,20529,65476,0,0,2621,60.0,0.0,0.0,0.0,0.0,0.0
2026-07-09T15:54:07,ERR,ERR,ERR,ERR,ERR,ERR,ERR,ERR,ERR,ERR,ERR,ERR,ERR,ERR,ERR,ERR,ERR,ERR,ERR,ERR,ERR,ERR,ERR,ERR,ERR,ERR,ERR,ERR,ERR,ERR,ERR,ERR,ERR,ERR,ERR,ERR,ERR,ERR,ERR,ERR,ERR,ERR,ERR,ERR,ERR,ERR,ERR,ERR,ERR,ERR,ERR,ERR,ERR,ERR,ERR,ERR,ERR,ERR,ERR,ERR,ERR,ERR,ERR,ERR,ERR,ERR,ERR,ERR,ERR,ERR,ERR,ERR,ERR,ERR,ERR,ERR,ERR,ERR,ERR,ERR,ERR,ERR,ERR,ERR,ERR,ERR,ERR,ERR,ERR,ERR,ERR,ERR,ERR,ERR,ERR,ERR,ERR,ERR,ERR,ERR,ERR,ERR,ERR,ERR,ERR,ERR,ERR,ERR,ERR,ERR,ERR,ERR,ERR,ERR,ERR,ERR,ERR,ERR,ERR,ERR,ERR,ERR,ERR,ERR,ERR,-0.0,-107616104.0,0.0,2.7183478752108883e+23,0.0,4.0968480357060517e+36,-0.0,100743289765888.0,0,0,4,17334,7116,0.0,100,0.0,0.0,2.7183478752108883e+23,0.0,0.0,0,0,0,0,0.0,0,0,0,0,0,0,0,0,0,0,0,0,0,0,0,0,0,0,0,0,0,0,0,0,0,0,0,0,0,0,0,0,0,31,40,40,71,65476,0,300,0,0,8,21553,0.0,-107605600.0,0.0,0.0,0.0,0.0,0.0,0.0,0.0,0.0,0.0,0.0,0.0,0.0,0.0,0.0,0.0,0.0,0.0,0.0,0.0,0.0,0.0,-2.004,0.0,0.0,0.0,0.0,0.0,0.0,5431.0,-2.422991651527172e+24,6941.0,-0.0,0.0,2.004,2.004,0.0,0.0,0.0,0.0,69,0.0,4.0668600804329706e+29,0.0,0.0,0.0,0.0,0.0,0.0,0.0,0,0,0,0.0,0.0,0.0,0.0,0.0,0.0,0.0,0.0,0.0,0.0,0.0,0.0,0.0,0.0,0.0,0.0,0,-107875648.0,69,0.0,138,0.0,2.012,ERR,ERR,ERR,ERR,ERR,ERR,ERR,ERR,ERR,ERR,ERR,ERR,ERR,ERR,ERR,ERR,ERR,ERR,ERR,ERR,ERR,ERR,ERR,ERR,ERR,ERR,ERR,ERR,ERR,ERR,ERR,ERR,ERR,ERR,ERR,ERR,ERR,ERR,ERR,ERR,ERR,ERR,ERR,ERR,ERR,ERR,ERR,ERR,ERR,ERR,ERR,ERR,ERR,ERR,ERR,ERR,ERR,ERR,ERR,ERR,ERR,ERR,ERR,ERR,ERR,ERR,ERR,60.0,60.0,35,0.0,0.0,0.0,0.0,0.0,0.0,0.0,0.0,0.0,0.0,0.0,0.0,0.0,0.0,0.0,0.0,65.2,0,115,56,34,65476,0,300,0,0,8,20529,65476,0,0,2621,60.0,0.0,0.0,0.0,0.0,0.0
2026-07-09T15:54:08,ERR,ERR,ERR,ERR,ERR,ERR,ERR,ERR,ERR,ERR,ERR,ERR,ERR,ERR,ERR,ERR,ERR,ERR,ERR,ERR,ERR,ERR,ERR,ERR,ERR,ERR,ERR,ERR,ERR,ERR,ERR,ERR,ERR,ERR,ERR,ERR,ERR,ERR,ERR,ERR,ERR,ERR,ERR,ERR,ERR,ERR,ERR,ERR,ERR,ERR,ERR,ERR,ERR,ERR,ERR,ERR,ERR,ERR,ERR,ERR,ERR,ERR,ERR,ERR,ERR,ERR,ERR,ERR,ERR,ERR,ERR,ERR,ERR,ERR,ERR,ERR,ERR,ERR,ERR,ERR,ERR,ERR,ERR,ERR,ERR,ERR,ERR,ERR,ERR,ERR,ERR,ERR,ERR,ERR,ERR,ERR,ERR,ERR,ERR,ERR,ERR,ERR,ERR,ERR,ERR,ERR,ERR,ERR,ERR,ERR,ERR,ERR,ERR,ERR,ERR,ERR,ERR,ERR,ERR,ERR,ERR,ERR,ERR,ERR,ERR,-0.0,-107616104.0,0.0,2.7183478752108883e+23,0.0,4.0968480357060517e+36,-0.0,100743289765888.0,0,0,4,17334,7116,0.0,100,0.0,0.0,2.7183478752108883e+23,0.0,0.0,0,0,0,0,0.0,0,0,0,0,0,0,0,0,0,0,0,0,0,0,0,0,0,0,0,0,0,0,0,0,0,0,0,0,0,0,0,0,0,31,40,40,71,65476,0,300,0,0,8,21553,0.0,-107605600.0,0.0,0.0,0.0,0.0,0.0,0.0,0.0,0.0,0.0,0.0,0.0,0.0,0.0,0.0,0.0,0.0,0.0,0.0,0.0,0.0,0.0,-2.004,0.0,0.0,0.0,0.0,0.0,0.0,5431.0,-2.422991651527172e+24,6941.0,-0.0,0.0,2.004,2.004,0.0,0.0,0.0,0.0,69,0.0,4.0668600804329706e+29,0.0,0.0,0.0,0.0,0.0,0.0,0.0,0,0,0,0.0,0.0,0.0,0.0,0.0,0.0,0.0,0.0,0.0,0.0,0.0,0.0,0.0,0.0,0.0,0.0,0,-107875648.0,69,0.0,138,0.0,2.012,ERR,ERR,ERR,ERR,ERR,ERR,ERR,ERR,ERR,ERR,ERR,ERR,ERR,ERR,ERR,ERR,ERR,ERR,ERR,ERR,ERR,ERR,ERR,ERR,ERR,ERR,ERR,ERR,ERR,ERR,ERR,ERR,ERR,ERR,ERR,ERR,ERR,ERR,ERR,ERR,ERR,ERR,ERR,ERR,ERR,ERR,ERR,ERR,ERR,ERR,ERR,ERR,ERR,ERR,ERR,ERR,ERR,ERR,ERR,ERR,ERR,ERR,ERR,ERR,ERR,ERR,ERR,60.0,60.0,35,0.0,0.0,0.0,0.0,0.0,0.0,0.0,0.0,0.0,0.0,0.0,0.0,0.0,0.0,0.0,0.0,65.2,0,115,56,34,65476,0,300,0,0,8,20529,65476,0,0,2621,60.0,0.0,0.0,0.0,0.0,0.0
2026-07-09T15:54:09,ERR,ERR,ERR,ERR,ERR,ERR,ERR,ERR,ERR,ERR,ERR,ERR,ERR,ERR,ERR,ERR,ERR,ERR,ERR,ERR,ERR,ERR,ERR,ERR,ERR,ERR,ERR,ERR,ERR,ERR,ERR,ERR,ERR,ERR,ERR,ERR,ERR,ERR,ERR,ERR,ERR,ERR,ERR,ERR,ERR,ERR,ERR,ERR,ERR,ERR,ERR,ERR,ERR,ERR,ERR,ERR,ERR,ERR,ERR,ERR,ERR,ERR,ERR,ERR,ERR,ERR,ERR,ERR,ERR,ERR,ERR,ERR,ERR,ERR,ERR,ERR,ERR,ERR,ERR,ERR,ERR,ERR,ERR,ERR,ERR,ERR,ERR,ERR,ERR,ERR,ERR,ERR,ERR,ERR,ERR,ERR,ERR,ERR,ERR,ERR,ERR,ERR,ERR,ERR,ERR,ERR,ERR,ERR,ERR,ERR,ERR,ERR,ERR,ERR,ERR,ERR,ERR,ERR,ERR,ERR,ERR,ERR,ERR,ERR,ERR,-0.0,-107616112.0,0.0,2.7183478752108883e+23,-0.0,-0.0,-51753730965504.0,-9.603881873058751e+20,0,0,4,17335,7116,0.0,100,0.0,0.0,2.7183478752108883e+23,0.0,0.0,0,0,0,0,0.0,0,0,0,0,0,0,0,0,0,0,0,0,0,0,0,0,0,0,0,0,0,0,0,0,0,0,0,0,0,0,0,0,0,31,40,40,71,65476,0,300,0,0,8,21553,0.0,-107605600.0,0.0,0.0,0.0,0.0,0.0,0.0,0.0,0.0,0.0,0.0,0.0,0.0,0.0,0.0,0.0,0.0,0.0,0.0,0.0,0.0,0.0,3.697070465001456e+19,0.0,0.0,0.0,0.0,0.0,0.0,5429.0,-564146705793024.0,6939.0,-0.0,0.0,2.004,2.004,0.0,0.0,0.0,0.0,69,0.0,2.7184204732368815e+23,0.0,0.0,0.0,0.0,0.0,0.0,0.0,0,0,0,0.0,0.0,0.0,0.0,0.0,0.0,0.0,0.0,0.0,0.0,0.0,0.0,0.0,0.0,0.0,0.0,0,-107875648.0,69,0.0,138,0.0,2.012,ERR,ERR,ERR,ERR,ERR,ERR,ERR,ERR,ERR,ERR,ERR,ERR,ERR,ERR,ERR,ERR,ERR,ERR,ERR,ERR,ERR,ERR,ERR,ERR,ERR,ERR,ERR,ERR,ERR,ERR,ERR,ERR,ERR,ERR,ERR,ERR,ERR,ERR,ERR,ERR,ERR,ERR,ERR,ERR,ERR,ERR,ERR,ERR,ERR,ERR,ERR,ERR,ERR,ERR,ERR,ERR,ERR,ERR,ERR,ERR,ERR,ERR,ERR,ERR,ERR,ERR,ERR,60.0,60.0,35,0.0,0.0,0.0,0.0,0.0,0.0,0.0,0.0,0.0,0.0,0.0,0.0,0.0,0.0,0.0,0.0,65.2,0,115,56,34,65476,0,300,0,0,8,20529,65476,0,0,2621,60.0,0.0,0.0,0.0,0.0,0.0
2026-07-09T15:54:10,ERR,ERR,ERR,ERR,ERR,ERR,ERR,ERR,ERR,ERR,ERR,ERR,ERR,ERR,ERR,ERR,ERR,ERR,ERR,ERR,ERR,ERR,ERR,ERR,ERR,ERR,ERR,ERR,ERR,ERR,ERR,ERR,ERR,ERR,ERR,ERR,ERR,ERR,ERR,ERR,ERR,ERR,ERR,ERR,ERR,ERR,ERR,ERR,ERR,ERR,ERR,ERR,ERR,ERR,ERR,ERR,ERR,ERR,ERR,ERR,ERR,ERR,ERR,ERR,ERR,ERR,ERR,ERR,ERR,ERR,ERR,ERR,ERR,ERR,ERR,ERR,ERR,ERR,ERR,ERR,ERR,ERR,ERR,ERR,ERR,ERR,ERR,ERR,ERR,ERR,ERR,ERR,ERR,ERR,ERR,ERR,ERR,ERR,ERR,ERR,ERR,ERR,ERR,ERR,ERR,ERR,ERR,ERR,ERR,ERR,ERR,ERR,ERR,ERR,ERR,ERR,ERR,ERR,ERR,ERR,ERR,ERR,ERR,ERR,ERR,-0.0,-107616112.0,0.0,2.7183478752108883e+23,-0.0,-0.0,-51753730965504.0,-9.603881873058751e+20,0,0,4,17335,7116,0.0,100,0.0,0.0,2.7183478752108883e+23,0.0,0.0,0,0,0,0,0.0,0,0,0,0,0,0,0,0,0,0,0,0,0,0,0,0,0,0,0,0,0,0,0,0,0,0,0,0,0,0,0,0,0,31,40,40,71,65476,0,300,0,0,8,21553,0.0,-107605600.0,0.0,0.0,0.0,0.0,0.0,0.0,0.0,0.0,0.0,0.0,0.0,0.0,0.0,0.0,0.0,0.0,0.0,0.0,0.0,0.0,0.0,3.697070465001456e+19,0.0,0.0,0.0,0.0,0.0,0.0,5429.0,-564146705793024.0,6939.0,-0.0,0.0,2.004,2.004,0.0,0.0,0.0,0.0,69,0.0,2.7184204732368815e+23,0.0,0.0,0.0,0.0,0.0,0.0,0.0,0,0,0,0.0,0.0,0.0,0.0,0.0,0.0,0.0,0.0,0.0,0.0,0.0,0.0,0.0,0.0,0.0,0.0,0,-107875648.0,69,0.0,138,0.0,2.012,ERR,ERR,ERR,ERR,ERR,ERR,ERR,ERR,ERR,ERR,ERR,ERR,ERR,ERR,ERR,ERR,ERR,ERR,ERR,ERR,ERR,ERR,ERR,ERR,ERR,ERR,ERR,ERR,ERR,ERR,ERR,ERR,ERR,ERR,ERR,ERR,ERR,ERR,ERR,ERR,ERR,ERR,ERR,ERR,ERR,ERR,ERR,ERR,ERR,ERR,ERR,ERR,ERR,ERR,ERR,ERR,ERR,ERR,ERR,ERR,ERR,ERR,ERR,ERR,ERR,ERR,ERR,60.0,60.0,35,0.0,0.0,0.0,0.0,0.0,0.0,0.0,0.0,0.0,0.0,0.0,0.0,0.0,0.0,0.0,0.0,65.2,0,115,56,34,65476,0,300,0,0,8,20529,65476,0,0,2621,60.0,0.0,0.0,0.0,0.0,0.0
2026-07-09T15:54:11,ERR,ERR,ERR,ERR,ERR,ERR,ERR,ERR,ERR,ERR,ERR,ERR,ERR,ERR,ERR,ERR,ERR,ERR,ERR,ERR,ERR,ERR,ERR,ERR,ERR,ERR,ERR,ERR,ERR,ERR,ERR,ERR,ERR,ERR,ERR,ERR,ERR,ERR,ERR,ERR,ERR,ERR,ERR,ERR,ERR,ERR,ERR,ERR,ERR,ERR,ERR,ERR,ERR,ERR,ERR,ERR,ERR,ERR,ERR,ERR,ERR,ERR,ERR,ERR,ERR,ERR,ERR,ERR,ERR,ERR,ERR,ERR,ERR,ERR,ERR,ERR,ERR,ERR,ERR,ERR,ERR,ERR,ERR,ERR,ERR,ERR,ERR,ERR,ERR,ERR,ERR,ERR,ERR,ERR,ERR,ERR,ERR,ERR,ERR,ERR,ERR,ERR,ERR,ERR,ERR,ERR,ERR,ERR,ERR,ERR,ERR,ERR,ERR,ERR,ERR,ERR,ERR,ERR,ERR,ERR,ERR,ERR,ERR,ERR,ERR,-0.0,-107616112.0,0.0,2.7183478752108883e+23,-0.0,-0.0,-51753730965504.0,-9.603881873058751e+20,0,0,4,17335,7116,0.0,100,0.0,0.0,2.7183478752108883e+23,0.0,0.0,0,0,0,0,0.0,0,0,0,0,0,0,0,0,0,0,0,0,0,0,0,0,0,0,0,0,0,0,0,0,0,0,0,0,0,0,0,0,0,31,40,40,71,65476,0,300,0,0,8,21553,0.0,-107605600.0,0.0,0.0,0.0,0.0,0.0,0.0,0.0,0.0,0.0,0.0,0.0,0.0,0.0,0.0,0.0,0.0,0.0,0.0,0.0,0.0,0.0,3.697070465001456e+19,0.0,0.0,0.0,0.0,0.0,0.0,5429.0,-564146705793024.0,6939.0,-0.0,0.0,2.004,2.004,0.0,0.0,0.0,0.0,69,0.0,2.7184204732368815e+23,0.0,0.0,0.0,0.0,0.0,0.0,0.0,0,0,0,0.0,0.0,0.0,0.0,0.0,0.0,0.0,0.0,0.0,0.0,0.0,0.0,0.0,0.0,0.0,0.0,0,-107875648.0,69,0.0,138,0.0,2.012,ERR,ERR,ERR,ERR,ERR,ERR,ERR,ERR,ERR,ERR,ERR,ERR,ERR,ERR,ERR,ERR,ERR,ERR,ERR,ERR,ERR,ERR,ERR,ERR,ERR,ERR,ERR,ERR,ERR,ERR,ERR,ERR,ERR,ERR,ERR,ERR,ERR,ERR,ERR,ERR,ERR,ERR,ERR,ERR,ERR,ERR,ERR,ERR,ERR,ERR,ERR,ERR,ERR,ERR,ERR,ERR,ERR,ERR,ERR,ERR,ERR,ERR,ERR,ERR,ERR,ERR,ERR,60.0,60.0,35,0.0,0.0,0.0,0.0,0.0,0.0,0.0,0.0,0.0,0.0,0.0,0.0,0.0,0.0,0.0,0.0,65.2,0,115,56,34,65476,0,300,0,0,8,20529,65476,0,0,2621,60.0,0.0,0.0,0.0,0.0,0.0
2026-07-09T15:54:12,ERR,ERR,ERR,ERR,ERR,ERR,ERR,ERR,ERR,ERR,ERR,ERR,ERR,ERR,ERR,ERR,ERR,ERR,ERR,ERR,ERR,ERR,ERR,ERR,ERR,ERR,ERR,ERR,ERR,ERR,ERR,ERR,ERR,ERR,ERR,ERR,ERR,ERR,ERR,ERR,ERR,ERR,ERR,ERR,ERR,ERR,ERR,ERR,ERR,ERR,ERR,ERR,ERR,ERR,ERR,ERR,ERR,ERR,ERR,ERR,ERR,ERR,ERR,ERR,ERR,ERR,ERR,ERR,ERR,ERR,ERR,ERR,ERR,ERR,ERR,ERR,ERR,ERR,ERR,ERR,ERR,ERR,ERR,ERR,ERR,ERR,ERR,ERR,ERR,ERR,ERR,ERR,ERR,ERR,ERR,ERR,ERR,ERR,ERR,ERR,ERR,ERR,ERR,ERR,ERR,ERR,ERR,ERR,ERR,ERR,ERR,ERR,ERR,ERR,ERR,ERR,ERR,ERR,ERR,ERR,ERR,ERR,ERR,ERR,ERR,-0.0,-107616112.0,0.0,2.7183478752108883e+23,-0.0,-0.0,-51753730965504.0,-9.603881873058751e+20,0,0,4,17335,7116,0.0,100,0.0,0.0,2.7183478752108883e+23,0.0,0.0,0,0,0,0,0.0,0,0,0,0,0,0,0,0,0,0,0,0,0,0,0,0,0,0,0,0,0,0,0,0,0,0,0,0,0,0,0,0,0,31,40,40,71,65476,0,300,0,0,8,21553,0.0,-107605600.0,0.0,0.0,0.0,0.0,0.0,0.0,0.0,0.0,0.0,0.0,0.0,0.0,0.0,0.0,0.0,0.0,0.0,0.0,0.0,0.0,0.0,3.697070465001456e+19,0.0,0.0,0.0,0.0,0.0,0.0,5429.0,-564146705793024.0,6939.0,-0.0,0.0,2.004,2.004,0.0,0.0,0.0,0.0,69,0.0,2.7184204732368815e+23,0.0,0.0,0.0,0.0,0.0,0.0,0.0,0,0,0,0.0,0.0,0.0,0.0,0.0,0.0,0.0,0.0,0.0,0.0,0.0,0.0,0.0,0.0,0.0,0.0,0,-107875648.0,69,0.0,138,0.0,2.012,ERR,ERR,ERR,ERR,ERR,ERR,ERR,ERR,ERR,ERR,ERR,ERR,ERR,ERR,ERR,ERR,ERR,ERR,ERR,ERR,ERR,ERR,ERR,ERR,ERR,ERR,ERR,ERR,ERR,ERR,ERR,ERR,ERR,ERR,ERR,ERR,ERR,ERR,ERR,ERR,ERR,ERR,ERR,ERR,ERR,ERR,ERR,ERR,ERR,ERR,ERR,ERR,ERR,ERR,ERR,ERR,ERR,ERR,ERR,ERR,ERR,ERR,ERR,ERR,ERR,ERR,ERR,60.0,60.0,35,0.0,0.0,0.0,0.0,0.0,0.0,0.0,0.0,0.0,0.0,0.0,0.0,0.0,0.0,0.0,0.0,65.2,0,115,56,34,65476,0,300,0,0,8,20529,65476,0,0,2621,60.0,0.0,0.0,0.0,0.0,0.0
2026-07-09T15:54:13,ERR,ERR,ERR,ERR,ERR,ERR,ERR,ERR,ERR,ERR,ERR,ERR,ERR,ERR,ERR,ERR,ERR,ERR,ERR,ERR,ERR,ERR,ERR,ERR,ERR,ERR,ERR,ERR,ERR,ERR,ERR,ERR,ERR,ERR,ERR,ERR,ERR,ERR,ERR,ERR,ERR,ERR,ERR,ERR,ERR,ERR,ERR,ERR,ERR,ERR,ERR,ERR,ERR,ERR,ERR,ERR,ERR,ERR,ERR,ERR,ERR,ERR,ERR,ERR,ERR,ERR,ERR,ERR,ERR,ERR,ERR,ERR,ERR,ERR,ERR,ERR,ERR,ERR,ERR,ERR,ERR,ERR,ERR,ERR,ERR,ERR,ERR,ERR,ERR,ERR,ERR,ERR,ERR,ERR,ERR,ERR,ERR,ERR,ERR,ERR,ERR,ERR,ERR,ERR,ERR,ERR,ERR,ERR,ERR,ERR,ERR,ERR,ERR,ERR,ERR,ERR,ERR,ERR,ERR,ERR,ERR,ERR,ERR,ERR,ERR,-0.0,-107616112.0,0.0,2.7183478752108883e+23,-0.0,-0.0,-51753730965504.0,-9.603881873058751e+20,0,0,4,17335,7116,0.0,100,0.0,0.0,2.7183478752108883e+23,0.0,0.0,0,0,0,0,0.0,0,0,0,0,0,0,0,0,0,0,0,0,0,0,0,0,0,0,0,0,0,0,0,0,0,0,0,0,0,0,0,0,0,31,40,40,71,65476,0,300,0,0,8,21553,0.0,-107605600.0,0.0,0.0,0.0,0.0,0.0,0.0,0.0,0.0,0.0,0.0,0.0,0.0,0.0,0.0,0.0,0.0,0.0,0.0,0.0,0.0,0.0,3.697070465001456e+19,0.0,0.0,0.0,0.0,0.0,0.0,5429.0,-564146705793024.0,6939.0,-0.0,0.0,2.004,2.004,0.0,0.0,0.0,0.0,69,0.0,2.7184204732368815e+23,0.0,0.0,0.0,0.0,0.0,0.0,0.0,0,0,0,0.0,0.0,0.0,0.0,0.0,0.0,0.0,0.0,0.0,0.0,0.0,0.0,0.0,0.0,0.0,0.0,0,-107875648.0,69,0.0,138,0.0,2.012,ERR,ERR,ERR,ERR,ERR,ERR,ERR,ERR,ERR,ERR,ERR,ERR,ERR,ERR,ERR,ERR,ERR,ERR,ERR,ERR,ERR,ERR,ERR,ERR,ERR,ERR,ERR,ERR,ERR,ERR,ERR,ERR,ERR,ERR,ERR,ERR,ERR,ERR,ERR,ERR,ERR,ERR,ERR,ERR,ERR,ERR,ERR,ERR,ERR,ERR,ERR,ERR,ERR,ERR,ERR,ERR,ERR,ERR,ERR,ERR,ERR,ERR,ERR,ERR,ERR,ERR,ERR,60.0,60.0,35,0.0,0.0,0.0,0.0,0.0,0.0,0.0,0.0,0.0,0.0,0.0,0.0,0.0,0.0,0.0,0.0,65.2,0,115,56,34,65476,0,300,0,0,8,20529,65476,0,0,2621,60.0,0.0,0.0,0.0,0.0,0.0
2026-07-09T15:54:14,ERR,ERR,ERR,ERR,ERR,ERR,ERR,ERR,ERR,ERR,ERR,ERR,ERR,ERR,ERR,ERR,ERR,ERR,ERR,ERR,ERR,ERR,ERR,ERR,ERR,ERR,ERR,ERR,ERR,ERR,ERR,ERR,ERR,ERR,ERR,ERR,ERR,ERR,ERR,ERR,ERR,ERR,ERR,ERR,ERR,ERR,ERR,ERR,ERR,ERR,ERR,ERR,ERR,ERR,ERR,ERR,ERR,ERR,ERR,ERR,ERR,ERR,ERR,ERR,ERR,ERR,ERR,ERR,ERR,ERR,ERR,ERR,ERR,ERR,ERR,ERR,ERR,ERR,ERR,ERR,ERR,ERR,ERR,ERR,ERR,ERR,ERR,ERR,ERR,ERR,ERR,ERR,ERR,ERR,ERR,ERR,ERR,ERR,ERR,ERR,ERR,ERR,ERR,ERR,ERR,ERR,ERR,ERR,ERR,ERR,ERR,ERR,ERR,ERR,ERR,ERR,ERR,ERR,ERR,ERR,ERR,ERR,ERR,ERR,ERR,-0.0,-0.0,-0.0,-0.0,-0.0,1.4876559571312644e+36,-0.0,2.5551251660464995e+31,0,0,4,17334,7116,0.0,100,0.0,0.0,-0.0,0.0,0.0,0,0,0,0,0.0,0,0,0,0,0,0,0,0,0,0,0,0,0,0,0,0,0,0,0,0,0,0,0,0,0,0,0,0,0,0,0,0,0,31,40,40,71,65476,0,300,0,0,8,21553,0.0,-107605600.0,0.0,0.0,0.0,0.0,0.0,0.0,0.0,0.0,0.0,0.0,0.0,0.0,0.0,0.0,0.0,0.0,0.0,0.0,0.0,0.0,0.0,0.0,0.0,0.0,0.0,0.0,0.0,0.0,5426.0,-2.422991651527172e+24,6941.0,-0.0,0.0,2.004,2.004,0.0,0.0,0.0,0.0,69,-3.222006825527464e+26,5.848062417553205e+35,0.0,0.0,0.0,0.0,0.0,0.0,0.0,0,0,0,0.0,0.0,0.0,0.0,0.0,0.0,0.0,0.0,0.0,0.0,0.0,0.0,0.0,0.0,0.0,0.0,0,-107875648.0,69,0.0,138,0.0,2.012,ERR,ERR,ERR,ERR,ERR,ERR,ERR,ERR,ERR,ERR,ERR,ERR,ERR,ERR,ERR,ERR,ERR,ERR,ERR,ERR,ERR,ERR,ERR,ERR,ERR,ERR,ERR,ERR,ERR,ERR,ERR,ERR,ERR,ERR,ERR,ERR,ERR,ERR,ERR,ERR,ERR,ERR,ERR,ERR,ERR,ERR,ERR,ERR,ERR,ERR,ERR,ERR,ERR,ERR,ERR,ERR,ERR,ERR,ERR,ERR,ERR,ERR,ERR,ERR,ERR,ERR,ERR,60.0,60.0,35,0.0,0.0,0.0,0.0,0.0,0.0,0.0,0.0,0.0,0.0,0.0,0.0,0.0,0.0,0.0,0.0,65.2,0,115,56,34,65476,0,300,0,0,8,20529,65476,0,0,2621,60.0,0.0,0.0,0.0,0.0,0.0
2026-07-09T15:54:15,ERR,ERR,ERR,ERR,ERR,ERR,ERR,ERR,ERR,ERR,ERR,ERR,ERR,ERR,ERR,ERR,ERR,ERR,ERR,ERR,ERR,ERR,ERR,ERR,ERR,ERR,ERR,ERR,ERR,ERR,ERR,ERR,ERR,ERR,ERR,ERR,ERR,ERR,ERR,ERR,ERR,ERR,ERR,ERR,ERR,ERR,ERR,ERR,ERR,ERR,ERR,ERR,ERR,ERR,ERR,ERR,ERR,ERR,ERR,ERR,ERR,ERR,ERR,ERR,ERR,ERR,ERR,ERR,ERR,ERR,ERR,ERR,ERR,ERR,ERR,ERR,ERR,ERR,ERR,ERR,ERR,ERR,ERR,ERR,ERR,ERR,ERR,ERR,ERR,ERR,ERR,ERR,ERR,ERR,ERR,ERR,ERR,ERR,ERR,ERR,ERR,ERR,ERR,ERR,ERR,ERR,ERR,ERR,ERR,ERR,ERR,ERR,ERR,ERR,ERR,ERR,ERR,ERR,ERR,ERR,ERR,ERR,ERR,ERR,ERR,-0.0,-0.0,-0.0,-0.0,-0.0,1.4876559571312644e+36,-0.0,2.5551251660464995e+31,0,0,4,17334,7116,0.0,100,0.0,0.0,-0.0,0.0,0.0,0,0,0,0,0.0,0,0,0,0,0,0,0,0,0,0,0,0,0,0,0,0,0,0,0,0,0,0,0,0,0,0,0,0,0,0,0,0,0,31,40,40,71,65476,0,300,0,0,8,21553,0.0,-107605600.0,0.0,0.0,0.0,0.0,0.0,0.0,0.0,0.0,0.0,0.0,0.0,0.0,0.0,0.0,0.0,0.0,0.0,0.0,0.0,0.0,0.0,0.0,0.0,0.0,0.0,0.0,0.0,0.0,5426.0,-2.422991651527172e+24,6941.0,-0.0,0.0,2.004,2.004,0.0,0.0,0.0,0.0,69,-3.222006825527464e+26,5.848062417553205e+35,0.0,0.0,0.0,0.0,0.0,0.0,0.0,0,0,0,0.0,0.0,0.0,0.0,0.0,0.0,0.0,0.0,0.0,0.0,0.0,0.0,0.0,0.0,0.0,0.0,0,-107875648.0,69,0.0,138,0.0,2.012,ERR,ERR,ERR,ERR,ERR,ERR,ERR,ERR,ERR,ERR,ERR,ERR,ERR,ERR,ERR,ERR,ERR,ERR,ERR,ERR,ERR,ERR,ERR,ERR,ERR,ERR,ERR,ERR,ERR,ERR,ERR,ERR,ERR,ERR,ERR,ERR,ERR,ERR,ERR,ERR,ERR,ERR,ERR,ERR,ERR,ERR,ERR,ERR,ERR,ERR,ERR,ERR,ERR,ERR,ERR,ERR,ERR,ERR,ERR,ERR,ERR,ERR,ERR,ERR,ERR,ERR,ERR,60.0,60.0,35,0.0,0.0,0.0,0.0,0.0,0.0,0.0,0.0,0.0,0.0,0.0,0.0,0.0,0.0,0.0,0.0,65.6,0,115,56,34,65476,0,300,0,0,8,20529,65476,0,0,2621,60.0,0.0,0.0,0.0,0.0,0.0
2026-07-09T15:54:16,ERR,ERR,ERR,ERR,ERR,ERR,ERR,ERR,ERR,ERR,ERR,ERR,ERR,ERR,ERR,ERR,ERR,ERR,ERR,ERR,ERR,ERR,ERR,ERR,ERR,ERR,ERR,ERR,ERR,ERR,ERR,ERR,ERR,ERR,ERR,ERR,ERR,ERR,ERR,ERR,ERR,ERR,ERR,ERR,ERR,ERR,ERR,ERR,ERR,ERR,ERR,ERR,ERR,ERR,ERR,ERR,ERR,ERR,ERR,ERR,ERR,ERR,ERR,ERR,ERR,ERR,ERR,ERR,ERR,ERR,ERR,ERR,ERR,ERR,ERR,ERR,ERR,ERR,ERR,ERR,ERR,ERR,ERR,ERR,ERR,ERR,ERR,ERR,ERR,ERR,ERR,ERR,ERR,ERR,ERR,ERR,ERR,ERR,ERR,ERR,ERR,ERR,ERR,ERR,ERR,ERR,ERR,ERR,ERR,ERR,ERR,ERR,ERR,ERR,ERR,ERR,ERR,ERR,ERR,ERR,ERR,ERR,ERR,ERR,ERR,-0.0,-0.0,-0.0,-0.0,-0.0,1.4876559571312644e+36,-0.0,2.5551251660464995e+31,0,0,4,17334,7116,0.0,100,0.0,0.0,-0.0,0.0,0.0,0,0,0,0,0.0,0,0,0,0,0,0,0,0,0,0,0,0,0,0,0,0,0,0,0,0,0,0,0,0,0,0,0,0,0,0,0,0,0,31,40,40,71,65476,0,300,0,0,8,21553,0.0,-107605600.0,0.0,0.0,0.0,0.0,0.0,0.0,0.0,0.0,0.0,0.0,0.0,0.0,0.0,0.0,0.0,0.0,0.0,0.0,0.0,0.0,0.0,0.0,0.0,0.0,0.0,0.0,0.0,0.0,5426.0,-2.422991651527172e+24,6941.0,-0.0,0.0,2.004,2.004,0.0,0.0,0.0,0.0,69,-3.222006825527464e+26,5.848062417553205e+35,0.0,0.0,0.0,0.0,0.0,0.0,0.0,0,0,0,0.0,0.0,0.0,0.0,0.0,0.0,0.0,0.0,0.0,0.0,0.0,0.0,0.0,0.0,0.0,0.0,0,-107875648.0,69,0.0,138,0.0,2.012,ERR,ERR,ERR,ERR,ERR,ERR,ERR,ERR,ERR,ERR,ERR,ERR,ERR,ERR,ERR,ERR,ERR,ERR,ERR,ERR,ERR,ERR,ERR,ERR,ERR,ERR,ERR,ERR,ERR,ERR,ERR,ERR,ERR,ERR,ERR,ERR,ERR,ERR,ERR,ERR,ERR,ERR,ERR,ERR,ERR,ERR,ERR,ERR,ERR,ERR,ERR,ERR,ERR,ERR,ERR,ERR,ERR,ERR,ERR,ERR,ERR,ERR,ERR,ERR,ERR,ERR,ERR,60.0,60.0,35,0.0,0.0,0.0,0.0,0.0,0.0,0.0,0.0,0.0,0.0,0.0,0.0,0.0,0.0,0.0,0.0,65.6,0,115,56,34,65476,0,300,0,0,8,20529,65476,0,0,2621,60.0,0.0,0.0,0.0,0.0,0.0
2026-07-09T15:54:17,ERR,ERR,ERR,ERR,ERR,ERR,ERR,ERR,ERR,ERR,ERR,ERR,ERR,ERR,ERR,ERR,ERR,ERR,ERR,ERR,ERR,ERR,ERR,ERR,ERR,ERR,ERR,ERR,ERR,ERR,ERR,ERR,ERR,ERR,ERR,ERR,ERR,ERR,ERR,ERR,ERR,ERR,ERR,ERR,ERR,ERR,ERR,ERR,ERR,ERR,ERR,ERR,ERR,ERR,ERR,ERR,ERR,ERR,ERR,ERR,ERR,ERR,ERR,ERR,ERR,ERR,ERR,ERR,ERR,ERR,ERR,ERR,ERR,ERR,ERR,ERR,ERR,ERR,ERR,ERR,ERR,ERR,ERR,ERR,ERR,ERR,ERR,ERR,ERR,ERR,ERR,ERR,ERR,ERR,ERR,ERR,ERR,ERR,ERR,ERR,ERR,ERR,ERR,ERR,ERR,ERR,ERR,ERR,ERR,ERR,ERR,ERR,ERR,ERR,ERR,ERR,ERR,ERR,ERR,ERR,ERR,ERR,ERR,ERR,ERR,-0.0,-0.0,-0.0,-0.0,-0.0,1.4876559571312644e+36,-0.0,2.5551251660464995e+31,0,0,4,17334,7116,0.0,100,0.0,0.0,-0.0,0.0,0.0,0,0,0,0,0.0,0,0,0,0,0,0,0,0,0,0,0,0,0,0,0,0,0,0,0,0,0,0,0,0,0,0,0,0,0,0,0,0,0,31,40,40,71,65476,0,300,0,0,8,21553,0.0,-107605600.0,0.0,0.0,0.0,0.0,0.0,0.0,0.0,0.0,0.0,0.0,0.0,0.0,0.0,0.0,0.0,0.0,0.0,0.0,0.0,0.0,0.0,0.0,0.0,0.0,0.0,0.0,0.0,0.0,5426.0,-2.422991651527172e+24,6941.0,-0.0,0.0,2.004,2.004,0.0,0.0,0.0,0.0,69,-3.222006825527464e+26,5.848062417553205e+35,0.0,0.0,0.0,0.0,0.0,0.0,0.0,0,0,0,0.0,0.0,0.0,0.0,0.0,0.0,0.0,0.0,0.0,0.0,0.0,0.0,0.0,0.0,0.0,0.0,0,-107875648.0,69,0.0,138,0.0,2.012,ERR,ERR,ERR,ERR,ERR,ERR,ERR,ERR,ERR,ERR,ERR,ERR,ERR,ERR,ERR,ERR,ERR,ERR,ERR,ERR,ERR,ERR,ERR,ERR,ERR,ERR,ERR,ERR,ERR,ERR,ERR,ERR,ERR,ERR,ERR,ERR,ERR,ERR,ERR,ERR,ERR,ERR,ERR,ERR,ERR,ERR,ERR,ERR,ERR,ERR,ERR,ERR,ERR,ERR,ERR,ERR,ERR,ERR,ERR,ERR,ERR,ERR,ERR,ERR,ERR,ERR,ERR,60.0,60.0,35,0.0,0.0,0.0,0.0,0.0,0.0,0.0,0.0,0.0,0.0,0.0,0.0,0.0,0.0,0.0,0.0,65.2,0,115,56,34,65476,0,300,0,0,8,20529,65476,0,0,2621,60.0,0.0,0.0,0.0,0.0,0.0
2026-07-09T15:54:18,ERR,ERR,ERR,ERR,ERR,ERR,ERR,ERR,ERR,ERR,ERR,ERR,ERR,ERR,ERR,ERR,ERR,ERR,ERR,ERR,ERR,ERR,ERR,ERR,ERR,ERR,ERR,ERR,ERR,ERR,ERR,ERR,ERR,ERR,ERR,ERR,ERR,ERR,ERR,ERR,ERR,ERR,ERR,ERR,ERR,ERR,ERR,ERR,ERR,ERR,ERR,ERR,ERR,ERR,ERR,ERR,ERR,ERR,ERR,ERR,ERR,ERR,ERR,ERR,ERR,ERR,ERR,ERR,ERR,ERR,ERR,ERR,ERR,ERR,ERR,ERR,ERR,ERR,ERR,ERR,ERR,ERR,ERR,ERR,ERR,ERR,ERR,ERR,ERR,ERR,ERR,ERR,ERR,ERR,ERR,ERR,ERR,ERR,ERR,ERR,ERR,ERR,ERR,ERR,ERR,ERR,ERR,ERR,ERR,ERR,ERR,ERR,ERR,ERR,ERR,ERR,ERR,ERR,ERR,ERR,ERR,ERR,ERR,ERR,ERR,-0.0,-0.0,-0.0,-0.0,-0.0,1.4876559571312644e+36,-0.0,2.5551251660464995e+31,0,0,4,17334,7116,0.0,100,0.0,0.0,-0.0,0.0,0.0,0,0,0,0,0.0,0,0,0,0,0,0,0,0,0,0,0,0,0,0,0,0,0,0,0,0,0,0,0,0,0,0,0,0,0,0,0,0,0,31,40,40,71,65476,0,300,0,0,8,21553,0.0,-107605600.0,0.0,0.0,0.0,0.0,0.0,0.0,0.0,0.0,0.0,0.0,0.0,0.0,0.0,0.0,0.0,0.0,0.0,0.0,0.0,0.0,0.0,0.0,0.0,0.0,0.0,0.0,0.0,0.0,5426.0,-2.422991651527172e+24,6941.0,-0.0,0.0,2.004,2.004,0.0,0.0,0.0,0.0,69,-3.222006825527464e+26,5.848062417553205e+35,0.0,0.0,0.0,0.0,0.0,0.0,0.0,0,0,0,0.0,0.0,0.0,0.0,0.0,0.0,0.0,0.0,0.0,0.0,0.0,0.0,0.0,0.0,0.0,0.0,0,-107875648.0,69,0.0,138,0.0,2.012,ERR,ERR,ERR,ERR,ERR,ERR,ERR,ERR,ERR,ERR,ERR,ERR,ERR,ERR,ERR,ERR,ERR,ERR,ERR,ERR,ERR,ERR,ERR,ERR,ERR,ERR,ERR,ERR,ERR,ERR,ERR,ERR,ERR,ERR,ERR,ERR,ERR,ERR,ERR,ERR,ERR,ERR,ERR,ERR,ERR,ERR,ERR,ERR,ERR,ERR,ERR,ERR,ERR,ERR,ERR,ERR,ERR,ERR,ERR,ERR,ERR,ERR,ERR,ERR,ERR,ERR,ERR,60.0,60.0,35,0.0,0.0,0.0,0.0,0.0,0.0,0.0,0.0,0.0,0.0,0.0,0.0,0.0,0.0,0.0,0.0,65.2,0,115,56,34,65476,0,300,0,0,8,20529,65476,0,0,2621,60.0,0.0,0.0,0.0,0.0,0.0
2026-07-09T15:54:19,ERR,ERR,ERR,ERR,ERR,ERR,ERR,ERR,ERR,ERR,ERR,ERR,ERR,ERR,ERR,ERR,ERR,ERR,ERR,ERR,ERR,ERR,ERR,ERR,ERR,ERR,ERR,ERR,ERR,ERR,ERR,ERR,ERR,ERR,ERR,ERR,ERR,ERR,ERR,ERR,ERR,ERR,ERR,ERR,ERR,ERR,ERR,ERR,ERR,ERR,ERR,ERR,ERR,ERR,ERR,ERR,ERR,ERR,ERR,ERR,ERR,ERR,ERR,ERR,ERR,ERR,ERR,ERR,ERR,ERR,ERR,ERR,ERR,ERR,ERR,ERR,ERR,ERR,ERR,ERR,ERR,ERR,ERR,ERR,ERR,ERR,ERR,ERR,ERR,ERR,ERR,ERR,ERR,ERR,ERR,ERR,ERR,ERR,ERR,ERR,ERR,ERR,ERR,ERR,ERR,ERR,ERR,ERR,ERR,ERR,ERR,ERR,ERR,ERR,ERR,ERR,ERR,ERR,ERR,ERR,ERR,ERR,ERR,ERR,ERR,-0.0,2.7184476749786308e+23,0.0,0.0,0.0,1.5549006836974763e+31,-0.0,1.9211580773867877e+37,0,0,4,17341,7116,0.0,100,0.0,0.0,0.0,0.0,0.0,0,0,0,0,0.0,0,0,0,0,0,0,0,0,0,0,0,0,0,0,0,0,0,0,0,0,0,0,0,0,0,0,0,0,0,0,0,0,0,31,40,40,71,65476,0,300,0,0,8,21553,0.0,-107605600.0,0.0,0.0,0.0,0.0,0.0,0.0,0.0,0.0,0.0,0.0,0.0,0.0,0.0,0.0,0.0,0.0,0.0,0.0,0.0,0.0,0.0,3.697070904806107e+19,0.0,0.0,0.0,0.0,0.0,0.0,5464.0,0.0,6913.0,-0.0,-107616128.0,2.004,2.004,0.0,0.0,0.0,0.0,69,0.0,-0.0,0.0,0.0,0.0,0.0,0.0,0.0,0.0,0,0,0,0.0,0.0,0.0,0.0,0.0,0.0,0.0,0.0,0.0,0.0,0.0,0.0,0.0,0.0,0.0,0.0,0,-107875648.0,69,0.0,138,0.0,2.012,ERR,ERR,ERR,ERR,ERR,ERR,ERR,ERR,ERR,ERR,ERR,ERR,ERR,ERR,ERR,ERR,ERR,ERR,ERR,ERR,ERR,ERR,ERR,ERR,ERR,ERR,ERR,ERR,ERR,ERR,ERR,ERR,ERR,ERR,ERR,ERR,ERR,ERR,ERR,ERR,ERR,ERR,ERR,ERR,ERR,ERR,ERR,ERR,ERR,ERR,ERR,ERR,ERR,ERR,ERR,ERR,ERR,ERR,ERR,ERR,ERR,ERR,ERR,ERR,ERR,ERR,ERR,60.0,60.0,35,0.0,0.0,0.0,0.0,0.0,0.0,0.0,0.0,0.0,0.0,0.0,0.0,0.0,0.0,0.0,0.0,65.6,0,115,56,34,65476,0,300,0,0,8,20529,65476,0,0,2621,60.0,0.0,0.0,0.0,0.0,0.0
2026-07-09T15:54:20,ERR,ERR,ERR,ERR,ERR,ERR,ERR,ERR,ERR,ERR,ERR,ERR,ERR,ERR,ERR,ERR,ERR,ERR,ERR,ERR,ERR,ERR,ERR,ERR,ERR,ERR,ERR,ERR,ERR,ERR,ERR,ERR,ERR,ERR,ERR,ERR,ERR,ERR,ERR,ERR,ERR,ERR,ERR,ERR,ERR,ERR,ERR,ERR,ERR,ERR,ERR,ERR,ERR,ERR,ERR,ERR,ERR,ERR,ERR,ERR,ERR,ERR,ERR,ERR,ERR,ERR,ERR,ERR,ERR,ERR,ERR,ERR,ERR,ERR,ERR,ERR,ERR,ERR,ERR,ERR,ERR,ERR,ERR,ERR,ERR,ERR,ERR,ERR,ERR,ERR,ERR,ERR,ERR,ERR,ERR,ERR,ERR,ERR,ERR,ERR,ERR,ERR,ERR,ERR,ERR,ERR,ERR,ERR,ERR,ERR,ERR,ERR,ERR,ERR,ERR,ERR,ERR,ERR,ERR,ERR,ERR,ERR,ERR,ERR,ERR,-0.0,2.7184476749786308e+23,0.0,0.0,0.0,1.5549006836974763e+31,-0.0,1.9211580773867877e+37,0,0,4,17341,7116,0.0,100,0.0,0.0,0.0,0.0,0.0,0,0,0,0,0.0,0,0,0,0,0,0,0,0,0,0,0,0,0,0,0,0,0,0,0,0,0,0,0,0,0,0,0,0,0,0,0,0,0,31,40,40,71,65476,0,300,0,0,8,21553,0.0,-107605600.0,0.0,0.0,0.0,0.0,0.0,0.0,0.0,0.0,0.0,0.0,0.0,0.0,0.0,0.0,0.0,0.0,0.0,0.0,0.0,0.0,0.0,3.697070904806107e+19,0.0,0.0,0.0,0.0,0.0,0.0,5464.0,0.0,6913.0,-0.0,-107616128.0,2.004,2.004,0.0,0.0,0.0,0.0,69,0.0,-0.0,0.0,0.0,0.0,0.0,0.0,0.0,0.0,0,0,0,0.0,0.0,0.0,0.0,0.0,0.0,0.0,0.0,0.0,0.0,0.0,0.0,0.0,0.0,0.0,0.0,0,-107875648.0,69,0.0,138,0.0,2.012,ERR,ERR,ERR,ERR,ERR,ERR,ERR,ERR,ERR,ERR,ERR,ERR,ERR,ERR,ERR,ERR,ERR,ERR,ERR,ERR,ERR,ERR,ERR,ERR,ERR,ERR,ERR,ERR,ERR,ERR,ERR,ERR,ERR,ERR,ERR,ERR,ERR,ERR,ERR,ERR,ERR,ERR,ERR,ERR,ERR,ERR,ERR,ERR,ERR,ERR,ERR,ERR,ERR,ERR,ERR,ERR,ERR,ERR,ERR,ERR,ERR,ERR,ERR,ERR,ERR,ERR,ERR,60.0,60.0,35,0.0,0.0,0.0,0.0,0.0,0.0,0.0,0.0,0.0,0.0,0.0,0.0,0.0,0.0,0.0,0.0,65.2,0,115,56,34,65476,0,300,0,0,8,20529,65476,0,0,2621,60.0,0.0,0.0,0.0,0.0,0.0
2026-07-09T15:54:21,ERR,ERR,ERR,ERR,ERR,ERR,ERR,ERR,ERR,ERR,ERR,ERR,ERR,ERR,ERR,ERR,ERR,ERR,ERR,ERR,ERR,ERR,ERR,ERR,ERR,ERR,ERR,ERR,ERR,ERR,ERR,ERR,ERR,ERR,ERR,ERR,ERR,ERR,ERR,ERR,ERR,ERR,ERR,ERR,ERR,ERR,ERR,ERR,ERR,ERR,ERR,ERR,ERR,ERR,ERR,ERR,ERR,ERR,ERR,ERR,ERR,ERR,ERR,ERR,ERR,ERR,ERR,ERR,ERR,ERR,ERR,ERR,ERR,ERR,ERR,ERR,ERR,ERR,ERR,ERR,ERR,ERR,ERR,ERR,ERR,ERR,ERR,ERR,ERR,ERR,ERR,ERR,ERR,ERR,ERR,ERR,ERR,ERR,ERR,ERR,ERR,ERR,ERR,ERR,ERR,ERR,ERR,ERR,ERR,ERR,ERR,ERR,ERR,ERR,ERR,ERR,ERR,ERR,ERR,ERR,ERR,ERR,ERR,ERR,ERR,-0.0,2.7184476749786308e+23,0.0,0.0,0.0,1.5549006836974763e+31,-0.0,1.9211580773867877e+37,0,0,4,17341,7116,0.0,100,0.0,0.0,0.0,0.0,0.0,0,0,0,0,0.0,0,0,0,0,0,0,0,0,0,0,0,0,0,0,0,0,0,0,0,0,0,0,0,0,0,0,0,0,0,0,0,0,0,31,40,40,71,65476,0,300,0,0,8,21553,0.0,-107605600.0,0.0,0.0,0.0,0.0,0.0,0.0,0.0,0.0,0.0,0.0,0.0,0.0,0.0,0.0,0.0,0.0,0.0,0.0,0.0,0.0,0.0,3.697070904806107e+19,0.0,0.0,0.0,0.0,0.0,0.0,5464.0,0.0,6913.0,-0.0,-107616128.0,2.004,2.004,0.0,0.0,0.0,0.0,69,0.0,-0.0,0.0,0.0,0.0,0.0,0.0,0.0,0.0,0,0,0,0.0,0.0,0.0,0.0,0.0,0.0,0.0,0.0,0.0,0.0,0.0,0.0,0.0,0.0,0.0,0.0,0,-107875648.0,69,0.0,138,0.0,2.012,ERR,ERR,ERR,ERR,ERR,ERR,ERR,ERR,ERR,ERR,ERR,ERR,ERR,ERR,ERR,ERR,ERR,ERR,ERR,ERR,ERR,ERR,ERR,ERR,ERR,ERR,ERR,ERR,ERR,ERR,ERR,ERR,ERR,ERR,ERR,ERR,ERR,ERR,ERR,ERR,ERR,ERR,ERR,ERR,ERR,ERR,ERR,ERR,ERR,ERR,ERR,ERR,ERR,ERR,ERR,ERR,ERR,ERR,ERR,ERR,ERR,ERR,ERR,ERR,ERR,ERR,ERR,60.0,60.0,35,0.0,0.0,0.0,0.0,0.0,0.0,0.0,0.0,0.0,0.0,0.0,0.0,0.0,0.0,0.0,0.0,65.2,0,115,56,34,65476,0,300,0,0,8,20529,65476,0,0,2621,60.0,0.0,0.0,0.0,0.0,0.0
2026-07-09T15:54:22,ERR,ERR,ERR,ERR,ERR,ERR,ERR,ERR,ERR,ERR,ERR,ERR,ERR,ERR,ERR,ERR,ERR,ERR,ERR,ERR,ERR,ERR,ERR,ERR,ERR,ERR,ERR,ERR,ERR,ERR,ERR,ERR,ERR,ERR,ERR,ERR,ERR,ERR,ERR,ERR,ERR,ERR,ERR,ERR,ERR,ERR,ERR,ERR,ERR,ERR,ERR,ERR,ERR,ERR,ERR,ERR,ERR,ERR,ERR,ERR,ERR,ERR,ERR,ERR,ERR,ERR,ERR,ERR,ERR,ERR,ERR,ERR,ERR,ERR,ERR,ERR,ERR,ERR,ERR,ERR,ERR,ERR,ERR,ERR,ERR,ERR,ERR,ERR,ERR,ERR,ERR,ERR,ERR,ERR,ERR,ERR,ERR,ERR,ERR,ERR,ERR,ERR,ERR,ERR,ERR,ERR,ERR,ERR,ERR,ERR,ERR,ERR,ERR,ERR,ERR,ERR,ERR,ERR,ERR,ERR,ERR,ERR,ERR,ERR,ERR,-0.0,2.7184476749786308e+23,0.0,0.0,0.0,1.5549006836974763e+31,-0.0,1.9211580773867877e+37,0,0,4,17341,7116,0.0,100,0.0,0.0,0.0,0.0,0.0,0,0,0,0,0.0,0,0,0,0,0,0,0,0,0,0,0,0,0,0,0,0,0,0,0,0,0,0,0,0,0,0,0,0,0,0,0,0,0,31,40,40,71,65476,0,300,0,0,8,21553,0.0,-107605600.0,0.0,0.0,0.0,0.0,0.0,0.0,0.0,0.0,0.0,0.0,0.0,0.0,0.0,0.0,0.0,0.0,0.0,0.0,0.0,0.0,0.0,3.697070904806107e+19,0.0,0.0,0.0,0.0,0.0,0.0,5464.0,0.0,6913.0,-0.0,-107616128.0,2.004,2.004,0.0,0.0,0.0,0.0,69,0.0,-0.0,0.0,0.0,0.0,0.0,0.0,0.0,0.0,0,0,0,0.0,0.0,0.0,0.0,0.0,0.0,0.0,0.0,0.0,0.0,0.0,0.0,0.0,0.0,0.0,0.0,0,-107875648.0,69,0.0,138,0.0,2.012,ERR,ERR,ERR,ERR,ERR,ERR,ERR,ERR,ERR,ERR,ERR,ERR,ERR,ERR,ERR,ERR,ERR,ERR,ERR,ERR,ERR,ERR,ERR,ERR,ERR,ERR,ERR,ERR,ERR,ERR,ERR,ERR,ERR,ERR,ERR,ERR,ERR,ERR,ERR,ERR,ERR,ERR,ERR,ERR,ERR,ERR,ERR,ERR,ERR,ERR,ERR,ERR,ERR,ERR,ERR,ERR,ERR,ERR,ERR,ERR,ERR,ERR,ERR,ERR,ERR,ERR,ERR,60.0,60.0,35,0.0,0.0,0.0,0.0,0.0,0.0,0.0,0.0,0.0,0.0,0.0,0.0,0.0,0.0,0.0,0.0,65.2,0,115,56,34,65476,0,300,0,0,8,20529,65476,0,0,2621,60.0,0.0,0.0,0.0,0.0,0.0
2026-07-09T15:54:23,ERR,ERR,ERR,ERR,ERR,ERR,ERR,ERR,ERR,ERR,ERR,ERR,ERR,ERR,ERR,ERR,ERR,ERR,ERR,ERR,ERR,ERR,ERR,ERR,ERR,ERR,ERR,ERR,ERR,ERR,ERR,ERR,ERR,ERR,ERR,ERR,ERR,ERR,ERR,ERR,ERR,ERR,ERR,ERR,ERR,ERR,ERR,ERR,ERR,ERR,ERR,ERR,ERR,ERR,ERR,ERR,ERR,ERR,ERR,ERR,ERR,ERR,ERR,ERR,ERR,ERR,ERR,ERR,ERR,ERR,ERR,ERR,ERR,ERR,ERR,ERR,ERR,ERR,ERR,ERR,ERR,ERR,ERR,ERR,ERR,ERR,ERR,ERR,ERR,ERR,ERR,ERR,ERR,ERR,ERR,ERR,ERR,ERR,ERR,ERR,ERR,ERR,ERR,ERR,ERR,ERR,ERR,ERR,ERR,ERR,ERR,ERR,ERR,ERR,ERR,ERR,ERR,ERR,ERR,ERR,ERR,ERR,ERR,ERR,ERR,-0.0,2.7184476749786308e+23,0.0,0.0,0.0,1.5549006836974763e+31,-0.0,1.9211580773867877e+37,0,0,4,17341,7116,0.0,100,0.0,0.0,0.0,0.0,0.0,0,0,0,0,0.0,0,0,0,0,0,0,0,0,0,0,0,0,0,0,0,0,0,0,0,0,0,0,0,0,0,0,0,0,0,0,0,0,0,31,40,40,71,65476,0,300,0,0,8,21553,0.0,-107605600.0,0.0,0.0,0.0,0.0,0.0,0.0,0.0,0.0,0.0,0.0,0.0,0.0,0.0,0.0,0.0,0.0,0.0,0.0,0.0,0.0,0.0,3.697070904806107e+19,0.0,0.0,0.0,0.0,0.0,0.0,5464.0,0.0,6913.0,-0.0,-107616128.0,2.004,2.004,0.0,0.0,0.0,0.0,69,0.0,-0.0,0.0,0.0,0.0,0.0,0.0,0.0,0.0,0,0,0,0.0,0.0,0.0,0.0,0.0,0.0,0.0,0.0,0.0,0.0,0.0,0.0,0.0,0.0,0.0,0.0,0,-107875648.0,69,0.0,138,0.0,2.012,ERR,ERR,ERR,ERR,ERR,ERR,ERR,ERR,ERR,ERR,ERR,ERR,ERR,ERR,ERR,ERR,ERR,ERR,ERR,ERR,ERR,ERR,ERR,ERR,ERR,ERR,ERR,ERR,ERR,ERR,ERR,ERR,ERR,ERR,ERR,ERR,ERR,ERR,ERR,ERR,ERR,ERR,ERR,ERR,ERR,ERR,ERR,ERR,ERR,ERR,ERR,ERR,ERR,ERR,ERR,ERR,ERR,ERR,ERR,ERR,ERR,ERR,ERR,ERR,ERR,ERR,ERR,60.0,60.0,35,0.0,0.0,0.0,0.0,0.0,0.0,0.0,0.0,0.0,0.0,0.0,0.0,0.0,0.0,0.0,0.0,65.2,0,115,56,34,65476,0,300,0,0,8,20529,65476,0,0,2621,60.0,0.0,0.0,0.0,0.0,0.0
2026-07-09T15:54:24,ERR,ERR,ERR,ERR,ERR,ERR,ERR,ERR,ERR,ERR,ERR,ERR,ERR,ERR,ERR,ERR,ERR,ERR,ERR,ERR,ERR,ERR,ERR,ERR,ERR,ERR,ERR,ERR,ERR,ERR,ERR,ERR,ERR,ERR,ERR,ERR,ERR,ERR,ERR,ERR,ERR,ERR,ERR,ERR,ERR,ERR,ERR,ERR,ERR,ERR,ERR,ERR,ERR,ERR,ERR,ERR,ERR,ERR,ERR,ERR,ERR,ERR,ERR,ERR,ERR,ERR,ERR,ERR,ERR,ERR,ERR,ERR,ERR,ERR,ERR,ERR,ERR,ERR,ERR,ERR,ERR,ERR,ERR,ERR,ERR,ERR,ERR,ERR,ERR,ERR,ERR,ERR,ERR,ERR,ERR,ERR,ERR,ERR,ERR,ERR,ERR,ERR,ERR,ERR,ERR,ERR,ERR,ERR,ERR,ERR,ERR,ERR,ERR,ERR,ERR,ERR,ERR,ERR,ERR,ERR,ERR,ERR,ERR,ERR,ERR,-0.0,0.0,-107090816.0,-0.0,0.0,3.491277732360854e+19,-0.0,41280.285,0,0,4,17336,7116,0.0,100,0.0,0.0,2.7183478752108883e+23,0.0,0.0,0,0,0,0,0.0,0,0,0,0,0,0,0,0,0,0,0,0,0,0,0,0,0,0,0,0,0,0,0,0,0,0,0,0,0,0,0,0,0,31,40,40,71,65476,0,300,0,0,8,21553,0.0,-107605600.0,0.0,0.0,0.0,0.0,0.0,0.0,0.0,0.0,0.0,0.0,0.0,0.0,0.0,0.0,0.0,0.0,0.0,0.0,0.0,0.0,0.0,-3.697070904806107e+19,0.0,0.0,0.0,0.0,0.0,0.0,5463.0,0.0,6913.0,-0.0,2.718447855122616e+23,2.004,2.004,0.0,0.0,0.0,0.0,69,0.0,-0.0,0.0,0.0,0.0,0.0,0.0,0.0,0.0,0,0,0,0.0,0.0,0.0,0.0,0.0,0.0,0.0,0.0,0.0,0.0,0.0,0.0,0.0,0.0,0.0,0.0,0,-107875648.0,69,0.0,138,0.0,2.012,ERR,ERR,ERR,ERR,ERR,ERR,ERR,ERR,ERR,ERR,ERR,ERR,ERR,ERR,ERR,ERR,ERR,ERR,ERR,ERR,ERR,ERR,ERR,ERR,ERR,ERR,ERR,ERR,ERR,ERR,ERR,ERR,ERR,ERR,ERR,ERR,ERR,ERR,ERR,ERR,ERR,ERR,ERR,ERR,ERR,ERR,ERR,ERR,ERR,ERR,ERR,ERR,ERR,ERR,ERR,ERR,ERR,ERR,ERR,ERR,ERR,ERR,ERR,ERR,ERR,ERR,ERR,60.0,60.0,35,0.0,0.0,0.0,0.0,0.0,0.0,0.0,0.0,0.0,0.0,0.0,0.0,0.0,0.0,0.0,0.0,65.6,0,115,56,34,65476,0,300,0,0,8,20529,65476,0,0,2621,60.0,0.0,0.0,0.0,0.0,0.0
2026-07-09T15:54:25,ERR,ERR,ERR,ERR,ERR,ERR,ERR,ERR,ERR,ERR,ERR,ERR,ERR,ERR,ERR,ERR,ERR,ERR,ERR,ERR,ERR,ERR,ERR,ERR,ERR,ERR,ERR,ERR,ERR,ERR,ERR,ERR,ERR,ERR,ERR,ERR,ERR,ERR,ERR,ERR,ERR,ERR,ERR,ERR,ERR,ERR,ERR,ERR,ERR,ERR,ERR,ERR,ERR,ERR,ERR,ERR,ERR,ERR,ERR,ERR,ERR,ERR,ERR,ERR,ERR,ERR,ERR,ERR,ERR,ERR,ERR,ERR,ERR,ERR,ERR,ERR,ERR,ERR,ERR,ERR,ERR,ERR,ERR,ERR,ERR,ERR,ERR,ERR,ERR,ERR,ERR,ERR,ERR,ERR,ERR,ERR,ERR,ERR,ERR,ERR,ERR,ERR,ERR,ERR,ERR,ERR,ERR,ERR,ERR,ERR,ERR,ERR,ERR,ERR,ERR,ERR,ERR,ERR,ERR,ERR,ERR,ERR,ERR,ERR,ERR,-0.0,0.0,-107090816.0,-0.0,0.0,3.491277732360854e+19,-0.0,41280.285,0,0,4,17336,7116,0.0,100,0.0,0.0,2.7183478752108883e+23,0.0,0.0,0,0,0,0,0.0,0,0,0,0,0,0,0,0,0,0,0,0,0,0,0,0,0,0,0,0,0,0,0,0,0,0,0,0,0,0,0,0,0,31,40,40,71,65476,0,300,0,0,8,21553,0.0,-107605600.0,0.0,0.0,0.0,0.0,0.0,0.0,0.0,0.0,0.0,0.0,0.0,0.0,0.0,0.0,0.0,0.0,0.0,0.0,0.0,0.0,0.0,-3.697070904806107e+19,0.0,0.0,0.0,0.0,0.0,0.0,5463.0,0.0,6913.0,-0.0,2.718447855122616e+23,2.004,2.004,0.0,0.0,0.0,0.0,69,0.0,-0.0,0.0,0.0,0.0,0.0,0.0,0.0,0.0,0,0,0,0.0,0.0,0.0,0.0,0.0,0.0,0.0,0.0,0.0,0.0,0.0,0.0,0.0,0.0,0.0,0.0,0,-107875648.0,69,0.0,138,0.0,2.012,ERR,ERR,ERR,ERR,ERR,ERR,ERR,ERR,ERR,ERR,ERR,ERR,ERR,ERR,ERR,ERR,ERR,ERR,ERR,ERR,ERR,ERR,ERR,ERR,ERR,ERR,ERR,ERR,ERR,ERR,ERR,ERR,ERR,ERR,ERR,ERR,ERR,ERR,ERR,ERR,ERR,ERR,ERR,ERR,ERR,ERR,ERR,ERR,ERR,ERR,ERR,ERR,ERR,ERR,ERR,ERR,ERR,ERR,ERR,ERR,ERR,ERR,ERR,ERR,ERR,ERR,ERR,60.0,60.0,35,0.0,0.0,0.0,0.0,0.0,0.0,0.0,0.0,0.0,0.0,0.0,0.0,0.0,0.0,0.0,0.0,65.6,0,115,56,34,65476,0,300,0,0,8,20529,65476,0,0,2621,60.0,0.0,0.0,0.0,0.0,0.0
2026-07-09T15:54:26,ERR,ERR,ERR,ERR,ERR,ERR,ERR,ERR,ERR,ERR,ERR,ERR,ERR,ERR,ERR,ERR,ERR,ERR,ERR,ERR,ERR,ERR,ERR,ERR,ERR,ERR,ERR,ERR,ERR,ERR,ERR,ERR,ERR,ERR,ERR,ERR,ERR,ERR,ERR,ERR,ERR,ERR,ERR,ERR,ERR,ERR,ERR,ERR,ERR,ERR,ERR,ERR,ERR,ERR,ERR,ERR,ERR,ERR,ERR,ERR,ERR,ERR,ERR,ERR,ERR,ERR,ERR,ERR,ERR,ERR,ERR,ERR,ERR,ERR,ERR,ERR,ERR,ERR,ERR,ERR,ERR,ERR,ERR,ERR,ERR,ERR,ERR,ERR,ERR,ERR,ERR,ERR,ERR,ERR,ERR,ERR,ERR,ERR,ERR,ERR,ERR,ERR,ERR,ERR,ERR,ERR,ERR,ERR,ERR,ERR,ERR,ERR,ERR,ERR,ERR,ERR,ERR,ERR,ERR,ERR,ERR,ERR,ERR,ERR,ERR,-0.0,0.0,-107090816.0,-0.0,0.0,3.491277732360854e+19,-0.0,41280.285,0,0,4,17336,7116,0.0,100,0.0,0.0,2.7183478752108883e+23,0.0,0.0,0,0,0,0,0.0,0,0,0,0,0,0,0,0,0,0,0,0,0,0,0,0,0,0,0,0,0,0,0,0,0,0,0,0,0,0,0,0,0,31,40,40,71,65476,0,300,0,0,8,21553,0.0,-107605600.0,0.0,0.0,0.0,0.0,0.0,0.0,0.0,0.0,0.0,0.0,0.0,0.0,0.0,0.0,0.0,0.0,0.0,0.0,0.0,0.0,0.0,-3.697070904806107e+19,0.0,0.0,0.0,0.0,0.0,0.0,5463.0,0.0,6913.0,-0.0,2.718447855122616e+23,2.004,2.004,0.0,0.0,0.0,0.0,69,0.0,-0.0,0.0,0.0,0.0,0.0,0.0,0.0,0.0,0,0,0,0.0,0.0,0.0,0.0,0.0,0.0,0.0,0.0,0.0,0.0,0.0,0.0,0.0,0.0,0.0,0.0,0,-107875648.0,69,0.0,138,0.0,2.012,ERR,ERR,ERR,ERR,ERR,ERR,ERR,ERR,ERR,ERR,ERR,ERR,ERR,ERR,ERR,ERR,ERR,ERR,ERR,ERR,ERR,ERR,ERR,ERR,ERR,ERR,ERR,ERR,ERR,ERR,ERR,ERR,ERR,ERR,ERR,ERR,ERR,ERR,ERR,ERR,ERR,ERR,ERR,ERR,ERR,ERR,ERR,ERR,ERR,ERR,ERR,ERR,ERR,ERR,ERR,ERR,ERR,ERR,ERR,ERR,ERR,ERR,ERR,ERR,ERR,ERR,ERR,60.0,60.0,35,0.0,0.0,0.0,0.0,0.0,0.0,0.0,0.0,0.0,0.0,0.0,0.0,0.0,0.0,0.0,0.0,65.6,0,115,56,34,65476,0,300,0,0,8,20529,65476,0,0,2621,60.0,0.0,0.0,0.0,0.0,0.0
2026-07-09T15:54:27,ERR,ERR,ERR,ERR,ERR,ERR,ERR,ERR,ERR,ERR,ERR,ERR,ERR,ERR,ERR,ERR,ERR,ERR,ERR,ERR,ERR,ERR,ERR,ERR,ERR,ERR,ERR,ERR,ERR,ERR,ERR,ERR,ERR,ERR,ERR,ERR,ERR,ERR,ERR,ERR,ERR,ERR,ERR,ERR,ERR,ERR,ERR,ERR,ERR,ERR,ERR,ERR,ERR,ERR,ERR,ERR,ERR,ERR,ERR,ERR,ERR,ERR,ERR,ERR,ERR,ERR,ERR,ERR,ERR,ERR,ERR,ERR,ERR,ERR,ERR,ERR,ERR,ERR,ERR,ERR,ERR,ERR,ERR,ERR,ERR,ERR,ERR,ERR,ERR,ERR,ERR,ERR,ERR,ERR,ERR,ERR,ERR,ERR,ERR,ERR,ERR,ERR,ERR,ERR,ERR,ERR,ERR,ERR,ERR,ERR,ERR,ERR,ERR,ERR,ERR,ERR,ERR,ERR,ERR,ERR,ERR,ERR,ERR,ERR,ERR,-0.0,0.0,-107090816.0,-0.0,0.0,3.491277732360854e+19,-0.0,41280.285,0,0,4,17336,7116,0.0,100,0.0,0.0,2.7183478752108883e+23,0.0,0.0,0,0,0,0,0.0,0,0,0,0,0,0,0,0,0,0,0,0,0,0,0,0,0,0,0,0,0,0,0,0,0,0,0,0,0,0,0,0,0,31,40,40,71,65476,0,300,0,0,8,21553,0.0,-107605600.0,0.0,0.0,0.0,0.0,0.0,0.0,0.0,0.0,0.0,0.0,0.0,0.0,0.0,0.0,0.0,0.0,0.0,0.0,0.0,0.0,0.0,-3.697070904806107e+19,0.0,0.0,0.0,0.0,0.0,0.0,5463.0,0.0,6913.0,-0.0,2.718447855122616e+23,2.004,2.004,0.0,0.0,0.0,0.0,69,0.0,-0.0,0.0,0.0,0.0,0.0,0.0,0.0,0.0,0,0,0,0.0,0.0,0.0,0.0,0.0,0.0,0.0,0.0,0.0,0.0,0.0,0.0,0.0,0.0,0.0,0.0,0,-107875648.0,69,0.0,138,0.0,2.012,ERR,ERR,ERR,ERR,ERR,ERR,ERR,ERR,ERR,ERR,ERR,ERR,ERR,ERR,ERR,ERR,ERR,ERR,ERR,ERR,ERR,ERR,ERR,ERR,ERR,ERR,ERR,ERR,ERR,ERR,ERR,ERR,ERR,ERR,ERR,ERR,ERR,ERR,ERR,ERR,ERR,ERR,ERR,ERR,ERR,ERR,ERR,ERR,ERR,ERR,ERR,ERR,ERR,ERR,ERR,ERR,ERR,ERR,ERR,ERR,ERR,ERR,ERR,ERR,ERR,ERR,ERR,60.0,60.0,35,0.0,0.0,0.0,0.0,0.0,0.0,0.0,0.0,0.0,0.0,0.0,0.0,0.0,0.0,0.0,0.0,65.6,0,115,56,34,65476,0,300,0,0,8,20529,65476,0,0,2621,60.0,0.0,0.0,0.0,0.0,0.0
2026-07-09T15:54:28,ERR,ERR,ERR,ERR,ERR,ERR,ERR,ERR,ERR,ERR,ERR,ERR,ERR,ERR,ERR,ERR,ERR,ERR,ERR,ERR,ERR,ERR,ERR,ERR,ERR,ERR,ERR,ERR,ERR,ERR,ERR,ERR,ERR,ERR,ERR,ERR,ERR,ERR,ERR,ERR,ERR,ERR,ERR,ERR,ERR,ERR,ERR,ERR,ERR,ERR,ERR,ERR,ERR,ERR,ERR,ERR,ERR,ERR,ERR,ERR,ERR,ERR,ERR,ERR,ERR,ERR,ERR,ERR,ERR,ERR,ERR,ERR,ERR,ERR,ERR,ERR,ERR,ERR,ERR,ERR,ERR,ERR,ERR,ERR,ERR,ERR,ERR,ERR,ERR,ERR,ERR,ERR,ERR,ERR,ERR,ERR,ERR,ERR,ERR,ERR,ERR,ERR,ERR,ERR,ERR,ERR,ERR,ERR,ERR,ERR,ERR,ERR,ERR,ERR,ERR,ERR,ERR,ERR,ERR,ERR,ERR,ERR,ERR,ERR,ERR,-0.0,0.0,-107090816.0,-0.0,0.0,3.491277732360854e+19,-0.0,41280.285,0,0,4,17336,7116,0.0,100,0.0,0.0,2.7183478752108883e+23,0.0,0.0,0,0,0,0,0.0,0,0,0,0,0,0,0,0,0,0,0,0,0,0,0,0,0,0,0,0,0,0,0,0,0,0,0,0,0,0,0,0,0,31,40,40,71,65476,0,300,0,0,8,21553,0.0,-107605600.0,0.0,0.0,0.0,0.0,0.0,0.0,0.0,0.0,0.0,0.0,0.0,0.0,0.0,0.0,0.0,0.0,0.0,0.0,0.0,0.0,0.0,-3.697070904806107e+19,0.0,0.0,0.0,0.0,0.0,0.0,5463.0,0.0,6913.0,-0.0,2.718447855122616e+23,2.004,2.004,0.0,0.0,0.0,0.0,69,0.0,-0.0,0.0,0.0,0.0,0.0,0.0,0.0,0.0,0,0,0,0.0,0.0,0.0,0.0,0.0,0.0,0.0,0.0,0.0,0.0,0.0,0.0,0.0,0.0,0.0,0.0,0,-107875648.0,69,0.0,138,0.0,2.012,ERR,ERR,ERR,ERR,ERR,ERR,ERR,ERR,ERR,ERR,ERR,ERR,ERR,ERR,ERR,ERR,ERR,ERR,ERR,ERR,ERR,ERR,ERR,ERR,ERR,ERR,ERR,ERR,ERR,ERR,ERR,ERR,ERR,ERR,ERR,ERR,ERR,ERR,ERR,ERR,ERR,ERR,ERR,ERR,ERR,ERR,ERR,ERR,ERR,ERR,ERR,ERR,ERR,ERR,ERR,ERR,ERR,ERR,ERR,ERR,ERR,ERR,ERR,ERR,ERR,ERR,ERR,60.0,60.0,35,0.0,0.0,0.0,0.0,0.0,0.0,0.0,0.0,0.0,0.0,0.0,0.0,0.0,0.0,0.0,0.0,65.6,0,115,56,34,65476,0,300,0,0,8,20529,65476,0,0,2621,60.0,0.0,0.0,0.0,0.0,0.0
2026-07-09T15:54:29,ERR,ERR,ERR,ERR,ERR,ERR,ERR,ERR,ERR,ERR,ERR,ERR,ERR,ERR,ERR,ERR,ERR,ERR,ERR,ERR,ERR,ERR,ERR,ERR,ERR,ERR,ERR,ERR,ERR,ERR,ERR,ERR,ERR,ERR,ERR,ERR,ERR,ERR,ERR,ERR,ERR,ERR,ERR,ERR,ERR,ERR,ERR,ERR,ERR,ERR,ERR,ERR,ERR,ERR,ERR,ERR,ERR,ERR,ERR,ERR,ERR,ERR,ERR,ERR,ERR,ERR,ERR,ERR,ERR,ERR,ERR,ERR,ERR,ERR,ERR,ERR,ERR,ERR,ERR,ERR,ERR,ERR,ERR,ERR,ERR,ERR,ERR,ERR,ERR,ERR,ERR,ERR,ERR,ERR,ERR,ERR,ERR,ERR,ERR,ERR,ERR,ERR,ERR,ERR,ERR,ERR,ERR,ERR,ERR,ERR,ERR,ERR,ERR,ERR,ERR,ERR,ERR,ERR,ERR,ERR,ERR,ERR,ERR,ERR,ERR,0.0,-0.0,0.0,2.7183478752108883e+23,0.0,0.157,8608656384.0,19.656,0,0,4,17340,7116,0.0,100,0.0,0.0,2.7183478752108883e+23,0.0,0.0,0,0,0,0,0.0,0,0,0,0,0,0,0,0,0,0,0,0,0,0,0,0,0,0,0,0,0,0,0,0,0,0,0,0,0,0,0,0,0,31,40,40,71,65476,0,300,0,0,8,21553,0.0,-107605600.0,0.0,0.0,0.0,0.0,0.0,0.0,0.0,0.0,0.0,0.0,0.0,0.0,0.0,0.0,0.0,0.0,0.0,0.0,0.0,0.0,-2.004,0.0,0.0,0.0,0.0,0.0,0.0,0.0,5461.0,0.0,6915.0,0.0,-107616136.0,2.004,2.004,0.0,0.0,0.0,0.0,69,0.0,-0.0,0.0,0.0,0.0,0.0,0.0,0.0,0.0,0,0,0,0.0,0.0,0.0,0.0,0.0,0.0,0.0,0.0,0.0,0.0,0.0,0.0,0.0,0.0,0.0,0.0,0,-107875648.0,69,0.0,138,0.0,2.012,ERR,ERR,ERR,ERR,ERR,ERR,ERR,ERR,ERR,ERR,ERR,ERR,ERR,ERR,ERR,ERR,ERR,ERR,ERR,ERR,ERR,ERR,ERR,ERR,ERR,ERR,ERR,ERR,ERR,ERR,ERR,ERR,ERR,ERR,ERR,ERR,ERR,ERR,ERR,ERR,ERR,ERR,ERR,ERR,ERR,ERR,ERR,ERR,ERR,ERR,ERR,ERR,ERR,ERR,ERR,ERR,ERR,ERR,ERR,ERR,ERR,ERR,ERR,ERR,ERR,ERR,ERR,60.0,60.0,35,0.0,0.0,0.0,0.0,0.0,0.0,0.0,0.0,0.0,0.0,0.0,0.0,0.0,0.0,0.0,0.0,65.2,0,115,56,34,65476,0,300,0,0,8,20529,65476,0,0,2621,60.0,0.0,0.0,0.0,0.0,0.0
2026-07-09T15:54:30,ERR,ERR,ERR,ERR,ERR,ERR,ERR,ERR,ERR,ERR,ERR,ERR,ERR,ERR,ERR,ERR,ERR,ERR,ERR,ERR,ERR,ERR,ERR,ERR,ERR,ERR,ERR,ERR,ERR,ERR,ERR,ERR,ERR,ERR,ERR,ERR,ERR,ERR,ERR,ERR,ERR,ERR,ERR,ERR,ERR,ERR,ERR,ERR,ERR,ERR,ERR,ERR,ERR,ERR,ERR,ERR,ERR,ERR,ERR,ERR,ERR,ERR,ERR,ERR,ERR,ERR,ERR,ERR,ERR,ERR,ERR,ERR,ERR,ERR,ERR,ERR,ERR,ERR,ERR,ERR,ERR,ERR,ERR,ERR,ERR,ERR,ERR,ERR,ERR,ERR,ERR,ERR,ERR,ERR,ERR,ERR,ERR,ERR,ERR,ERR,ERR,ERR,ERR,ERR,ERR,ERR,ERR,ERR,ERR,ERR,ERR,ERR,ERR,ERR,ERR,ERR,ERR,ERR,ERR,ERR,ERR,ERR,ERR,ERR,ERR,0.0,-0.0,0.0,2.7183478752108883e+23,0.0,0.157,8608656384.0,19.656,0,0,4,17340,7116,0.0,100,0.0,0.0,2.7183478752108883e+23,0.0,0.0,0,0,0,0,0.0,0,0,0,0,0,0,0,0,0,0,0,0,0,0,0,0,0,0,0,0,0,0,0,0,0,0,0,0,0,0,0,0,0,31,40,40,71,65476,0,300,0,0,8,21553,0.0,-107605600.0,0.0,0.0,0.0,0.0,0.0,0.0,0.0,0.0,0.0,0.0,0.0,0.0,0.0,0.0,0.0,0.0,0.0,0.0,0.0,0.0,-2.004,0.0,0.0,0.0,0.0,0.0,0.0,0.0,5461.0,0.0,6915.0,0.0,-107616136.0,2.004,2.004,0.0,0.0,0.0,0.0,69,0.0,-0.0,0.0,0.0,0.0,0.0,0.0,0.0,0.0,0,0,0,0.0,0.0,0.0,0.0,0.0,0.0,0.0,0.0,0.0,0.0,0.0,0.0,0.0,0.0,0.0,0.0,0,-107875648.0,69,0.0,138,0.0,2.012,ERR,ERR,ERR,ERR,ERR,ERR,ERR,ERR,ERR,ERR,ERR,ERR,ERR,ERR,ERR,ERR,ERR,ERR,ERR,ERR,ERR,ERR,ERR,ERR,ERR,ERR,ERR,ERR,ERR,ERR,ERR,ERR,ERR,ERR,ERR,ERR,ERR,ERR,ERR,ERR,ERR,ERR,ERR,ERR,ERR,ERR,ERR,ERR,ERR,ERR,ERR,ERR,ERR,ERR,ERR,ERR,ERR,ERR,ERR,ERR,ERR,ERR,ERR,ERR,ERR,ERR,ERR,60.0,60.0,35,0.0,0.0,0.0,0.0,0.0,0.0,0.0,0.0,0.0,0.0,0.0,0.0,0.0,0.0,0.0,0.0,65.2,0,115,56,34,65476,0,300,0,0,8,20529,65476,0,0,2621,60.0,0.0,0.0,0.0,0.0,0.0
2026-07-09T15:54:31,ERR,ERR,ERR,ERR,ERR,ERR,ERR,ERR,ERR,ERR,ERR,ERR,ERR,ERR,ERR,ERR,ERR,ERR,ERR,ERR,ERR,ERR,ERR,ERR,ERR,ERR,ERR,ERR,ERR,ERR,ERR,ERR,ERR,ERR,ERR,ERR,ERR,ERR,ERR,ERR,ERR,ERR,ERR,ERR,ERR,ERR,ERR,ERR,ERR,ERR,ERR,ERR,ERR,ERR,ERR,ERR,ERR,ERR,ERR,ERR,ERR,ERR,ERR,ERR,ERR,ERR,ERR,ERR,ERR,ERR,ERR,ERR,ERR,ERR,ERR,ERR,ERR,ERR,ERR,ERR,ERR,ERR,ERR,ERR,ERR,ERR,ERR,ERR,ERR,ERR,ERR,ERR,ERR,ERR,ERR,ERR,ERR,ERR,ERR,ERR,ERR,ERR,ERR,ERR,ERR,ERR,ERR,ERR,ERR,ERR,ERR,ERR,ERR,ERR,ERR,ERR,ERR,ERR,ERR,ERR,ERR,ERR,ERR,ERR,ERR,0.0,-0.0,0.0,2.7183478752108883e+23,0.0,0.157,8608656384.0,19.656,0,0,4,17340,7116,0.0,100,0.0,0.0,2.7183478752108883e+23,0.0,0.0,0,0,0,0,0.0,0,0,0,0,0,0,0,0,0,0,0,0,0,0,0,0,0,0,0,0,0,0,0,0,0,0,0,0,0,0,0,0,0,31,40,40,71,65476,0,300,0,0,8,21553,0.0,-107605600.0,0.0,0.0,0.0,0.0,0.0,0.0,0.0,0.0,0.0,0.0,0.0,0.0,0.0,0.0,0.0,0.0,0.0,0.0,0.0,0.0,-2.004,0.0,0.0,0.0,0.0,0.0,0.0,0.0,5461.0,0.0,6915.0,0.0,-107616136.0,2.004,2.004,0.0,0.0,0.0,0.0,69,0.0,-0.0,0.0,0.0,0.0,0.0,0.0,0.0,0.0,0,0,0,0.0,0.0,0.0,0.0,0.0,0.0,0.0,0.0,0.0,0.0,0.0,0.0,0.0,0.0,0.0,0.0,0,-107875648.0,69,0.0,138,0.0,2.012,ERR,ERR,ERR,ERR,ERR,ERR,ERR,ERR,ERR,ERR,ERR,ERR,ERR,ERR,ERR,ERR,ERR,ERR,ERR,ERR,ERR,ERR,ERR,ERR,ERR,ERR,ERR,ERR,ERR,ERR,ERR,ERR,ERR,ERR,ERR,ERR,ERR,ERR,ERR,ERR,ERR,ERR,ERR,ERR,ERR,ERR,ERR,ERR,ERR,ERR,ERR,ERR,ERR,ERR,ERR,ERR,ERR,ERR,ERR,ERR,ERR,ERR,ERR,ERR,ERR,ERR,ERR,60.0,60.0,35,0.0,0.0,0.0,0.0,0.0,0.0,0.0,0.0,0.0,0.0,0.0,0.0,0.0,0.0,0.0,0.0,65.2,0,115,56,34,65476,0,300,0,0,8,20529,65476,0,0,2621,60.0,0.0,0.0,0.0,0.0,0.0
2026-07-09T15:54:32,ERR,ERR,ERR,ERR,ERR,ERR,ERR,ERR,ERR,ERR,ERR,ERR,ERR,ERR,ERR,ERR,ERR,ERR,ERR,ERR,ERR,ERR,ERR,ERR,ERR,ERR,ERR,ERR,ERR,ERR,ERR,ERR,ERR,ERR,ERR,ERR,ERR,ERR,ERR,ERR,ERR,ERR,ERR,ERR,ERR,ERR,ERR,ERR,ERR,ERR,ERR,ERR,ERR,ERR,ERR,ERR,ERR,ERR,ERR,ERR,ERR,ERR,ERR,ERR,ERR,ERR,ERR,ERR,ERR,ERR,ERR,ERR,ERR,ERR,ERR,ERR,ERR,ERR,ERR,ERR,ERR,ERR,ERR,ERR,ERR,ERR,ERR,ERR,ERR,ERR,ERR,ERR,ERR,ERR,ERR,ERR,ERR,ERR,ERR,ERR,ERR,ERR,ERR,ERR,ERR,ERR,ERR,ERR,ERR,ERR,ERR,ERR,ERR,ERR,ERR,ERR,ERR,ERR,ERR,ERR,ERR,ERR,ERR,ERR,ERR,0.0,-0.0,0.0,2.7183478752108883e+23,0.0,0.157,8608656384.0,19.656,0,0,4,17340,7116,0.0,100,0.0,0.0,2.7183478752108883e+23,0.0,0.0,0,0,0,0,0.0,0,0,0,0,0,0,0,0,0,0,0,0,0,0,0,0,0,0,0,0,0,0,0,0,0,0,0,0,0,0,0,0,0,31,40,40,71,65476,0,300,0,0,8,21553,0.0,-107605600.0,0.0,0.0,0.0,0.0,0.0,0.0,0.0,0.0,0.0,0.0,0.0,0.0,0.0,0.0,0.0,0.0,0.0,0.0,0.0,0.0,-2.004,0.0,0.0,0.0,0.0,0.0,0.0,0.0,5461.0,0.0,6915.0,0.0,-107616136.0,2.004,2.004,0.0,0.0,0.0,0.0,69,0.0,-0.0,0.0,0.0,0.0,0.0,0.0,0.0,0.0,0,0,0,0.0,0.0,0.0,0.0,0.0,0.0,0.0,0.0,0.0,0.0,0.0,0.0,0.0,0.0,0.0,0.0,0,-107875648.0,69,0.0,138,0.0,2.012,ERR,ERR,ERR,ERR,ERR,ERR,ERR,ERR,ERR,ERR,ERR,ERR,ERR,ERR,ERR,ERR,ERR,ERR,ERR,ERR,ERR,ERR,ERR,ERR,ERR,ERR,ERR,ERR,ERR,ERR,ERR,ERR,ERR,ERR,ERR,ERR,ERR,ERR,ERR,ERR,ERR,ERR,ERR,ERR,ERR,ERR,ERR,ERR,ERR,ERR,ERR,ERR,ERR,ERR,ERR,ERR,ERR,ERR,ERR,ERR,ERR,ERR,ERR,ERR,ERR,ERR,ERR,60.0,60.0,35,0.0,0.0,0.0,0.0,0.0,0.0,0.0,0.0,0.0,0.0,0.0,0.0,0.0,0.0,0.0,0.0,65.2,0,115,56,34,65476,0,300,0,0,8,20529,65476,0,0,2621,60.0,0.0,0.0,0.0,0.0,0.0
2026-07-09T15:54:33,ERR,ERR,ERR,ERR,ERR,ERR,ERR,ERR,ERR,ERR,ERR,ERR,ERR,ERR,ERR,ERR,ERR,ERR,ERR,ERR,ERR,ERR,ERR,ERR,ERR,ERR,ERR,ERR,ERR,ERR,ERR,ERR,ERR,ERR,ERR,ERR,ERR,ERR,ERR,ERR,ERR,ERR,ERR,ERR,ERR,ERR,ERR,ERR,ERR,ERR,ERR,ERR,ERR,ERR,ERR,ERR,ERR,ERR,ERR,ERR,ERR,ERR,ERR,ERR,ERR,ERR,ERR,ERR,ERR,ERR,ERR,ERR,ERR,ERR,ERR,ERR,ERR,ERR,ERR,ERR,ERR,ERR,ERR,ERR,ERR,ERR,ERR,ERR,ERR,ERR,ERR,ERR,ERR,ERR,ERR,ERR,ERR,ERR,ERR,ERR,ERR,ERR,ERR,ERR,ERR,ERR,ERR,ERR,ERR,ERR,ERR,ERR,ERR,ERR,ERR,ERR,ERR,ERR,ERR,ERR,ERR,ERR,ERR,ERR,ERR,0.0,-0.0,0.0,2.7183478752108883e+23,0.0,0.157,8608656384.0,19.656,0,0,4,17340,7116,0.0,100,0.0,0.0,2.7183478752108883e+23,0.0,0.0,0,0,0,0,0.0,0,0,0,0,0,0,0,0,0,0,0,0,0,0,0,0,0,0,0,0,0,0,0,0,0,0,0,0,0,0,0,0,0,31,40,40,71,65476,0,300,0,0,8,21553,0.0,-107605600.0,0.0,0.0,0.0,0.0,0.0,0.0,0.0,0.0,0.0,0.0,0.0,0.0,0.0,0.0,0.0,0.0,0.0,0.0,0.0,0.0,-2.004,0.0,0.0,0.0,0.0,0.0,0.0,0.0,5461.0,0.0,6915.0,0.0,-107616136.0,2.004,2.004,0.0,0.0,0.0,0.0,69,0.0,-0.0,0.0,0.0,0.0,0.0,0.0,0.0,0.0,0,0,0,0.0,0.0,0.0,0.0,0.0,0.0,0.0,0.0,0.0,0.0,0.0,0.0,0.0,0.0,0.0,0.0,0,-107875648.0,69,0.0,138,0.0,2.012,ERR,ERR,ERR,ERR,ERR,ERR,ERR,ERR,ERR,ERR,ERR,ERR,ERR,ERR,ERR,ERR,ERR,ERR,ERR,ERR,ERR,ERR,ERR,ERR,ERR,ERR,ERR,ERR,ERR,ERR,ERR,ERR,ERR,ERR,ERR,ERR,ERR,ERR,ERR,ERR,ERR,ERR,ERR,ERR,ERR,ERR,ERR,ERR,ERR,ERR,ERR,ERR,ERR,ERR,ERR,ERR,ERR,ERR,ERR,ERR,ERR,ERR,ERR,ERR,ERR,ERR,ERR,60.0,60.0,35,0.0,0.0,0.0,0.0,0.0,0.0,0.0,0.0,0.0,0.0,0.0,0.0,0.0,0.0,0.0,0.0,65.2,0,115,56,34,65476,0,300,0,0,8,20529,65476,0,0,2621,60.0,0.0,0.0,0.0,0.0,0.0
2026-07-09T15:54:34,ERR,ERR,ERR,ERR,ERR,ERR,ERR,ERR,ERR,ERR,ERR,ERR,ERR,ERR,ERR,ERR,ERR,ERR,ERR,ERR,ERR,ERR,ERR,ERR,ERR,ERR,ERR,ERR,ERR,ERR,ERR,ERR,ERR,ERR,ERR,ERR,ERR,ERR,ERR,ERR,ERR,ERR,ERR,ERR,ERR,ERR,ERR,ERR,ERR,ERR,ERR,ERR,ERR,ERR,ERR,ERR,ERR,ERR,ERR,ERR,ERR,ERR,ERR,ERR,ERR,ERR,ERR,ERR,ERR,ERR,ERR,ERR,ERR,ERR,ERR,ERR,ERR,ERR,ERR,ERR,ERR,ERR,ERR,ERR,ERR,ERR,ERR,ERR,ERR,ERR,ERR,ERR,ERR,ERR,ERR,ERR,ERR,ERR,ERR,ERR,ERR,ERR,ERR,ERR,ERR,ERR,ERR,ERR,ERR,ERR,ERR,ERR,ERR,ERR,ERR,ERR,ERR,ERR,ERR,ERR,ERR,ERR,ERR,ERR,ERR,0.0,0.0,0.0,2.7183478752108883e+23,0.0,0.239,18827925504.0,0.148,0,0,4,17338,7116,0.0,100,0.0,0.0,0.0,0.0,0.0,0,0,0,0,0.0,0,0,0,0,0,0,0,0,0,0,0,0,0,0,0,0,0,0,0,0,0,0,0,0,0,0,0,0,0,0,0,0,0,31,40,40,71,65476,0,300,0,0,8,21553,0.0,-107605600.0,0.0,0.0,0.0,0.0,0.0,0.0,0.0,0.0,0.0,0.0,0.0,0.0,0.0,0.0,0.0,0.0,0.0,0.0,0.0,0.0,-2.004,-0.0,0.0,0.0,0.0,0.0,0.0,0.0,5458.0,0.0,6919.0,0.0,-0.0,2.004,2.004,0.0,0.0,0.0,0.0,69,-3.222006825527464e+26,-2.308831042013338e+20,0.0,0.0,0.0,0.0,0.0,0.0,0.0,0,0,0,0.0,0.0,0.0,0.0,0.0,0.0,0.0,0.0,0.0,0.0,0.0,0.0,0.0,0.0,0.0,0.0,0,-107875648.0,69,0.0,138,0.0,2.012,ERR,ERR,ERR,ERR,ERR,ERR,ERR,ERR,ERR,ERR,ERR,ERR,ERR,ERR,ERR,ERR,ERR,ERR,ERR,ERR,ERR,ERR,ERR,ERR,ERR,ERR,ERR,ERR,ERR,ERR,ERR,ERR,ERR,ERR,ERR,ERR,ERR,ERR,ERR,ERR,ERR,ERR,ERR,ERR,ERR,ERR,ERR,ERR,ERR,ERR,ERR,ERR,ERR,ERR,ERR,ERR,ERR,ERR,ERR,ERR,ERR,ERR,ERR,ERR,ERR,ERR,ERR,60.0,60.0,35,0.0,0.0,0.0,0.0,0.0,0.0,0.0,0.0,0.0,0.0,0.0,0.0,0.0,0.0,0.0,0.0,65.6,0,115,56,34,65476,0,300,0,0,8,20529,65476,0,0,2621,60.0,0.0,0.0,0.0,0.0,0.0
2026-07-09T15:54:35,ERR,ERR,ERR,ERR,ERR,ERR,ERR,ERR,ERR,ERR,ERR,ERR,ERR,ERR,ERR,ERR,ERR,ERR,ERR,ERR,ERR,ERR,ERR,ERR,ERR,ERR,ERR,ERR,ERR,ERR,ERR,ERR,ERR,ERR,ERR,ERR,ERR,ERR,ERR,ERR,ERR,ERR,ERR,ERR,ERR,ERR,ERR,ERR,ERR,ERR,ERR,ERR,ERR,ERR,ERR,ERR,ERR,ERR,ERR,ERR,ERR,ERR,ERR,ERR,ERR,ERR,ERR,ERR,ERR,ERR,ERR,ERR,ERR,ERR,ERR,ERR,ERR,ERR,ERR,ERR,ERR,ERR,ERR,ERR,ERR,ERR,ERR,ERR,ERR,ERR,ERR,ERR,ERR,ERR,ERR,ERR,ERR,ERR,ERR,ERR,ERR,ERR,ERR,ERR,ERR,ERR,ERR,ERR,ERR,ERR,ERR,ERR,ERR,ERR,ERR,ERR,ERR,ERR,ERR,ERR,ERR,ERR,ERR,ERR,ERR,0.0,0.0,0.0,2.7183478752108883e+23,0.0,0.239,18827925504.0,0.148,0,0,4,17338,7116,0.0,100,0.0,0.0,0.0,0.0,0.0,0,0,0,0,0.0,0,0,0,0,0,0,0,0,0,0,0,0,0,0,0,0,0,0,0,0,0,0,0,0,0,0,0,0,0,0,0,0,0,31,40,40,71,65476,0,300,0,0,8,21553,0.0,-107605600.0,0.0,0.0,0.0,0.0,0.0,0.0,0.0,0.0,0.0,0.0,0.0,0.0,0.0,0.0,0.0,0.0,0.0,0.0,0.0,0.0,-2.004,-0.0,0.0,0.0,0.0,0.0,0.0,0.0,5458.0,0.0,6919.0,0.0,-0.0,2.004,2.004,0.0,0.0,0.0,0.0,69,-3.222006825527464e+26,-2.308831042013338e+20,0.0,0.0,0.0,0.0,0.0,0.0,0.0,0,0,0,0.0,0.0,0.0,0.0,0.0,0.0,0.0,0.0,0.0,0.0,0.0,0.0,0.0,0.0,0.0,0.0,0,-107875648.0,69,0.0,138,0.0,2.012,ERR,ERR,ERR,ERR,ERR,ERR,ERR,ERR,ERR,ERR,ERR,ERR,ERR,ERR,ERR,ERR,ERR,ERR,ERR,ERR,ERR,ERR,ERR,ERR,ERR,ERR,ERR,ERR,ERR,ERR,ERR,ERR,ERR,ERR,ERR,ERR,ERR,ERR,ERR,ERR,ERR,ERR,ERR,ERR,ERR,ERR,ERR,ERR,ERR,ERR,ERR,ERR,ERR,ERR,ERR,ERR,ERR,ERR,ERR,ERR,ERR,ERR,ERR,ERR,ERR,ERR,ERR,60.0,60.0,35,0.0,0.0,0.0,0.0,0.0,0.0,0.0,0.0,0.0,0.0,0.0,0.0,0.0,0.0,0.0,0.0,65.6,0,115,56,34,65476,0,300,0,0,8,20529,65476,0,0,2621,60.0,0.0,0.0,0.0,0.0,0.0
2026-07-09T15:54:36,ERR,ERR,ERR,ERR,ERR,ERR,ERR,ERR,ERR,ERR,ERR,ERR,ERR,ERR,ERR,ERR,ERR,ERR,ERR,ERR,ERR,ERR,ERR,ERR,ERR,ERR,ERR,ERR,ERR,ERR,ERR,ERR,ERR,ERR,ERR,ERR,ERR,ERR,ERR,ERR,ERR,ERR,ERR,ERR,ERR,ERR,ERR,ERR,ERR,ERR,ERR,ERR,ERR,ERR,ERR,ERR,ERR,ERR,ERR,ERR,ERR,ERR,ERR,ERR,ERR,ERR,ERR,ERR,ERR,ERR,ERR,ERR,ERR,ERR,ERR,ERR,ERR,ERR,ERR,ERR,ERR,ERR,ERR,ERR,ERR,ERR,ERR,ERR,ERR,ERR,ERR,ERR,ERR,ERR,ERR,ERR,ERR,ERR,ERR,ERR,ERR,ERR,ERR,ERR,ERR,ERR,ERR,ERR,ERR,ERR,ERR,ERR,ERR,ERR,ERR,ERR,ERR,ERR,ERR,ERR,ERR,ERR,ERR,ERR,ERR,0.0,0.0,0.0,2.7183478752108883e+23,0.0,0.239,18827925504.0,0.148,0,0,4,17338,7116,0.0,100,0.0,0.0,0.0,0.0,0.0,0,0,0,0,0.0,0,0,0,0,0,0,0,0,0,0,0,0,0,0,0,0,0,0,0,0,0,0,0,0,0,0,0,0,0,0,0,0,0,31,40,40,71,65476,0,300,0,0,8,21553,0.0,-107605600.0,0.0,0.0,0.0,0.0,0.0,0.0,0.0,0.0,0.0,0.0,0.0,0.0,0.0,0.0,0.0,0.0,0.0,0.0,0.0,0.0,-2.004,-0.0,0.0,0.0,0.0,0.0,0.0,0.0,5458.0,0.0,6919.0,0.0,-0.0,2.004,2.004,0.0,0.0,0.0,0.0,69,-3.222006825527464e+26,-2.308831042013338e+20,0.0,0.0,0.0,0.0,0.0,0.0,0.0,0,0,0,0.0,0.0,0.0,0.0,0.0,0.0,0.0,0.0,0.0,0.0,0.0,0.0,0.0,0.0,0.0,0.0,0,-107875648.0,69,0.0,138,0.0,2.012,ERR,ERR,ERR,ERR,ERR,ERR,ERR,ERR,ERR,ERR,ERR,ERR,ERR,ERR,ERR,ERR,ERR,ERR,ERR,ERR,ERR,ERR,ERR,ERR,ERR,ERR,ERR,ERR,ERR,ERR,ERR,ERR,ERR,ERR,ERR,ERR,ERR,ERR,ERR,ERR,ERR,ERR,ERR,ERR,ERR,ERR,ERR,ERR,ERR,ERR,ERR,ERR,ERR,ERR,ERR,ERR,ERR,ERR,ERR,ERR,ERR,ERR,ERR,ERR,ERR,ERR,ERR,60.0,60.0,35,0.0,0.0,0.0,0.0,0.0,0.0,0.0,0.0,0.0,0.0,0.0,0.0,0.0,0.0,0.0,0.0,65.2,0,115,56,34,65476,0,300,0,0,8,20529,65476,0,0,2621,60.0,0.0,0.0,0.0,0.0,0.0
2026-07-09T15:54:37,ERR,ERR,ERR,ERR,ERR,ERR,ERR,ERR,ERR,ERR,ERR,ERR,ERR,ERR,ERR,ERR,ERR,ERR,ERR,ERR,ERR,ERR,ERR,ERR,ERR,ERR,ERR,ERR,ERR,ERR,ERR,ERR,ERR,ERR,ERR,ERR,ERR,ERR,ERR,ERR,ERR,ERR,ERR,ERR,ERR,ERR,ERR,ERR,ERR,ERR,ERR,ERR,ERR,ERR,ERR,ERR,ERR,ERR,ERR,ERR,ERR,ERR,ERR,ERR,ERR,ERR,ERR,ERR,ERR,ERR,ERR,ERR,ERR,ERR,ERR,ERR,ERR,ERR,ERR,ERR,ERR,ERR,ERR,ERR,ERR,ERR,ERR,ERR,ERR,ERR,ERR,ERR,ERR,ERR,ERR,ERR,ERR,ERR,ERR,ERR,ERR,ERR,ERR,ERR,ERR,ERR,ERR,ERR,ERR,ERR,ERR,ERR,ERR,ERR,ERR,ERR,ERR,ERR,ERR,ERR,ERR,ERR,ERR,ERR,ERR,0.0,0.0,0.0,2.7183478752108883e+23,0.0,0.239,18827925504.0,0.148,0,0,4,17338,7116,0.0,100,0.0,0.0,0.0,0.0,0.0,0,0,0,0,0.0,0,0,0,0,0,0,0,0,0,0,0,0,0,0,0,0,0,0,0,0,0,0,0,0,0,0,0,0,0,0,0,0,0,31,40,40,71,65476,0,300,0,0,8,21553,0.0,-107605600.0,0.0,0.0,0.0,0.0,0.0,0.0,0.0,0.0,0.0,0.0,0.0,0.0,0.0,0.0,0.0,0.0,0.0,0.0,0.0,0.0,-2.004,-0.0,0.0,0.0,0.0,0.0,0.0,0.0,5458.0,0.0,6919.0,0.0,-0.0,2.004,2.004,0.0,0.0,0.0,0.0,69,-3.222006825527464e+26,-2.308831042013338e+20,0.0,0.0,0.0,0.0,0.0,0.0,0.0,0,0,0,0.0,0.0,0.0,0.0,0.0,0.0,0.0,0.0,0.0,0.0,0.0,0.0,0.0,0.0,0.0,0.0,0,-107875648.0,69,0.0,138,0.0,2.012,ERR,ERR,ERR,ERR,ERR,ERR,ERR,ERR,ERR,ERR,ERR,ERR,ERR,ERR,ERR,ERR,ERR,ERR,ERR,ERR,ERR,ERR,ERR,ERR,ERR,ERR,ERR,ERR,ERR,ERR,ERR,ERR,ERR,ERR,ERR,ERR,ERR,ERR,ERR,ERR,ERR,ERR,ERR,ERR,ERR,ERR,ERR,ERR,ERR,ERR,ERR,ERR,ERR,ERR,ERR,ERR,ERR,ERR,ERR,ERR,ERR,ERR,ERR,ERR,ERR,ERR,ERR,60.0,60.0,35,0.0,0.0,0.0,0.0,0.0,0.0,0.0,0.0,0.0,0.0,0.0,0.0,0.0,0.0,0.0,0.0,65.2,0,115,56,34,65476,0,300,0,0,8,20529,65476,0,0,2621,60.0,0.0,0.0,0.0,0.0,0.0
2026-07-09T15:54:38,ERR,ERR,ERR,ERR,ERR,ERR,ERR,ERR,ERR,ERR,ERR,ERR,ERR,ERR,ERR,ERR,ERR,ERR,ERR,ERR,ERR,ERR,ERR,ERR,ERR,ERR,ERR,ERR,ERR,ERR,ERR,ERR,ERR,ERR,ERR,ERR,ERR,ERR,ERR,ERR,ERR,ERR,ERR,ERR,ERR,ERR,ERR,ERR,ERR,ERR,ERR,ERR,ERR,ERR,ERR,ERR,ERR,ERR,ERR,ERR,ERR,ERR,ERR,ERR,ERR,ERR,ERR,ERR,ERR,ERR,ERR,ERR,ERR,ERR,ERR,ERR,ERR,ERR,ERR,ERR,ERR,ERR,ERR,ERR,ERR,ERR,ERR,ERR,ERR,ERR,ERR,ERR,ERR,ERR,ERR,ERR,ERR,ERR,ERR,ERR,ERR,ERR,ERR,ERR,ERR,ERR,ERR,ERR,ERR,ERR,ERR,ERR,ERR,ERR,ERR,ERR,ERR,ERR,ERR,ERR,ERR,ERR,ERR,ERR,ERR,0.0,0.0,0.0,2.7183478752108883e+23,0.0,0.239,18827925504.0,0.148,0,0,4,17338,7116,0.0,100,0.0,0.0,0.0,0.0,0.0,0,0,0,0,0.0,0,0,0,0,0,0,0,0,0,0,0,0,0,0,0,0,0,0,0,0,0,0,0,0,0,0,0,0,0,0,0,0,0,31,40,40,71,65476,0,300,0,0,8,21553,0.0,-107605600.0,0.0,0.0,0.0,0.0,0.0,0.0,0.0,0.0,0.0,0.0,0.0,0.0,0.0,0.0,0.0,0.0,0.0,0.0,0.0,0.0,-2.004,-0.0,0.0,0.0,0.0,0.0,0.0,0.0,5458.0,0.0,6919.0,0.0,-0.0,2.004,2.004,0.0,0.0,0.0,0.0,69,-3.222006825527464e+26,-2.308831042013338e+20,0.0,0.0,0.0,0.0,0.0,0.0,0.0,0,0,0,0.0,0.0,0.0,0.0,0.0,0.0,0.0,0.0,0.0,0.0,0.0,0.0,0.0,0.0,0.0,0.0,0,-107875648.0,69,0.0,138,0.0,2.012,ERR,ERR,ERR,ERR,ERR,ERR,ERR,ERR,ERR,ERR,ERR,ERR,ERR,ERR,ERR,ERR,ERR,ERR,ERR,ERR,ERR,ERR,ERR,ERR,ERR,ERR,ERR,ERR,ERR,ERR,ERR,ERR,ERR,ERR,ERR,ERR,ERR,ERR,ERR,ERR,ERR,ERR,ERR,ERR,ERR,ERR,ERR,ERR,ERR,ERR,ERR,ERR,ERR,ERR,ERR,ERR,ERR,ERR,ERR,ERR,ERR,ERR,ERR,ERR,ERR,ERR,ERR,60.0,60.0,35,0.0,0.0,0.0,0.0,0.0,0.0,0.0,0.0,0.0,0.0,0.0,0.0,0.0,0.0,0.0,0.0,65.2,0,115,56,34,65476,0,300,0,0,8,20529,65476,0,0,2621,60.0,0.0,0.0,0.0,0.0,0.0
2026-07-09T15:54:39,ERR,ERR,ERR,ERR,ERR,ERR,ERR,ERR,ERR,ERR,ERR,ERR,ERR,ERR,ERR,ERR,ERR,ERR,ERR,ERR,ERR,ERR,ERR,ERR,ERR,ERR,ERR,ERR,ERR,ERR,ERR,ERR,ERR,ERR,ERR,ERR,ERR,ERR,ERR,ERR,ERR,ERR,ERR,ERR,ERR,ERR,ERR,ERR,ERR,ERR,ERR,ERR,ERR,ERR,ERR,ERR,ERR,ERR,ERR,ERR,ERR,ERR,ERR,ERR,ERR,ERR,ERR,ERR,ERR,ERR,ERR,ERR,ERR,ERR,ERR,ERR,ERR,ERR,ERR,ERR,ERR,ERR,ERR,ERR,ERR,ERR,ERR,ERR,ERR,ERR,ERR,ERR,ERR,ERR,ERR,ERR,ERR,ERR,ERR,ERR,ERR,ERR,ERR,ERR,ERR,ERR,ERR,ERR,ERR,ERR,ERR,ERR,ERR,ERR,ERR,ERR,ERR,ERR,ERR,ERR,ERR,ERR,ERR,ERR,ERR,0.0,0.0,-107615136.0,2.7183478752108883e+23,8210.056,0.0,26.66,-0.0,0,0,4,17338,7116,0.0,100,0.0,0.0,2.7183478752108883e+23,0.0,0.0,0,0,0,0,0.0,0,0,0,0,0,0,0,0,0,0,0,0,0,0,0,0,0,0,0,0,0,0,0,0,0,0,0,0,0,0,0,0,0,31,40,40,71,65476,0,300,0,0,8,21553,0.0,-107605600.0,0.0,0.0,0.0,0.0,0.0,0.0,0.0,0.0,0.0,0.0,0.0,0.0,0.0,0.0,0.0,0.0,0.0,0.0,0.0,0.0,-2.004,0.0,0.0,0.0,0.0,0.0,0.0,0.0,5456.0,0.0,6918.0,0.0,0.0,2.004,2.004,0.0,0.0,0.0,0.0,69,-152017464983552.0,-152017565646848.0,0.0,0.0,0.0,0.0,0.0,0.0,0.0,0,0,0,0.0,0.0,0.0,0.0,0.0,0.0,0.0,0.0,0.0,0.0,0.0,0.0,0.0,0.0,0.0,0.0,0,-107875648.0,69,0.0,138,0.0,2.012,ERR,ERR,ERR,ERR,ERR,ERR,ERR,ERR,ERR,ERR,ERR,ERR,ERR,ERR,ERR,ERR,ERR,ERR,ERR,ERR,ERR,ERR,ERR,ERR,ERR,ERR,ERR,ERR,ERR,ERR,ERR,ERR,ERR,ERR,ERR,ERR,ERR,ERR,ERR,ERR,ERR,ERR,ERR,ERR,ERR,ERR,ERR,ERR,ERR,ERR,ERR,ERR,ERR,ERR,ERR,ERR,ERR,ERR,ERR,ERR,ERR,ERR,ERR,ERR,ERR,ERR,ERR,60.0,60.0,35,0.0,0.0,0.0,0.0,0.0,0.0,0.0,0.0,0.0,0.0,0.0,0.0,0.0,0.0,0.0,0.0,65.2,0,115,56,34,65476,0,300,0,0,8,20529,65476,0,0,2621,60.0,0.0,0.0,0.0,0.0,0.0
2026-07-09T15:54:40,ERR,ERR,ERR,ERR,ERR,ERR,ERR,ERR,ERR,ERR,ERR,ERR,ERR,ERR,ERR,ERR,ERR,ERR,ERR,ERR,ERR,ERR,ERR,ERR,ERR,ERR,ERR,ERR,ERR,ERR,ERR,ERR,ERR,ERR,ERR,ERR,ERR,ERR,ERR,ERR,ERR,ERR,ERR,ERR,ERR,ERR,ERR,ERR,ERR,ERR,ERR,ERR,ERR,ERR,ERR,ERR,ERR,ERR,ERR,ERR,ERR,ERR,ERR,ERR,ERR,ERR,ERR,ERR,ERR,ERR,ERR,ERR,ERR,ERR,ERR,ERR,ERR,ERR,ERR,ERR,ERR,ERR,ERR,ERR,ERR,ERR,ERR,ERR,ERR,ERR,ERR,ERR,ERR,ERR,ERR,ERR,ERR,ERR,ERR,ERR,ERR,ERR,ERR,ERR,ERR,ERR,ERR,ERR,ERR,ERR,ERR,ERR,ERR,ERR,ERR,ERR,ERR,ERR,ERR,ERR,ERR,ERR,ERR,ERR,ERR,0.0,0.0,-107615136.0,2.7183478752108883e+23,8210.056,0.0,26.66,-0.0,0,0,4,17338,7116,0.0,100,0.0,0.0,2.7183478752108883e+23,0.0,0.0,0,0,0,0,0.0,0,0,0,0,0,0,0,0,0,0,0,0,0,0,0,0,0,0,0,0,0,0,0,0,0,0,0,0,0,0,0,0,0,31,40,40,71,65476,0,300,0,0,8,21553,0.0,-107605600.0,0.0,0.0,0.0,0.0,0.0,0.0,0.0,0.0,0.0,0.0,0.0,0.0,0.0,0.0,0.0,0.0,0.0,0.0,0.0,0.0,-2.004,0.0,0.0,0.0,0.0,0.0,0.0,0.0,5456.0,0.0,6918.0,0.0,0.0,2.004,2.004,0.0,0.0,0.0,0.0,69,-152017464983552.0,-152017565646848.0,0.0,0.0,0.0,0.0,0.0,0.0,0.0,0,0,0,0.0,0.0,0.0,0.0,0.0,0.0,0.0,0.0,0.0,0.0,0.0,0.0,0.0,0.0,0.0,0.0,0,-107875648.0,69,0.0,138,0.0,2.012,ERR,ERR,ERR,ERR,ERR,ERR,ERR,ERR,ERR,ERR,ERR,ERR,ERR,ERR,ERR,ERR,ERR,ERR,ERR,ERR,ERR,ERR,ERR,ERR,ERR,ERR,ERR,ERR,ERR,ERR,ERR,ERR,ERR,ERR,ERR,ERR,ERR,ERR,ERR,ERR,ERR,ERR,ERR,ERR,ERR,ERR,ERR,ERR,ERR,ERR,ERR,ERR,ERR,ERR,ERR,ERR,ERR,ERR,ERR,ERR,ERR,ERR,ERR,ERR,ERR,ERR,ERR,60.0,60.0,35,0.0,0.0,0.0,0.0,0.0,0.0,0.0,0.0,0.0,0.0,0.0,0.0,0.0,0.0,0.0,0.0,65.2,0,115,56,34,65476,0,300,0,0,8,20529,65476,0,0,2621,60.0,0.0,0.0,0.0,0.0,0.0
2026-07-09T15:54:41,ERR,ERR,ERR,ERR,ERR,ERR,ERR,ERR,ERR,ERR,ERR,ERR,ERR,ERR,ERR,ERR,ERR,ERR,ERR,ERR,ERR,ERR,ERR,ERR,ERR,ERR,ERR,ERR,ERR,ERR,ERR,ERR,ERR,ERR,ERR,ERR,ERR,ERR,ERR,ERR,ERR,ERR,ERR,ERR,ERR,ERR,ERR,ERR,ERR,ERR,ERR,ERR,ERR,ERR,ERR,ERR,ERR,ERR,ERR,ERR,ERR,ERR,ERR,ERR,ERR,ERR,ERR,ERR,ERR,ERR,ERR,ERR,ERR,ERR,ERR,ERR,ERR,ERR,ERR,ERR,ERR,ERR,ERR,ERR,ERR,ERR,ERR,ERR,ERR,ERR,ERR,ERR,ERR,ERR,ERR,ERR,ERR,ERR,ERR,ERR,ERR,ERR,ERR,ERR,ERR,ERR,ERR,ERR,ERR,ERR,ERR,ERR,ERR,ERR,ERR,ERR,ERR,ERR,ERR,ERR,ERR,ERR,ERR,ERR,ERR,0.0,0.0,-107615136.0,2.7183478752108883e+23,8210.056,0.0,26.66,-0.0,0,0,4,17338,7116,0.0,100,0.0,0.0,2.7183478752108883e+23,0.0,0.0,0,0,0,0,0.0,0,0,0,0,0,0,0,0,0,0,0,0,0,0,0,0,0,0,0,0,0,0,0,0,0,0,0,0,0,0,0,0,0,31,40,40,71,65476,0,300,0,0,8,21553,0.0,-107605600.0,0.0,0.0,0.0,0.0,0.0,0.0,0.0,0.0,0.0,0.0,0.0,0.0,0.0,0.0,0.0,0.0,0.0,0.0,0.0,0.0,-2.004,0.0,0.0,0.0,0.0,0.0,0.0,0.0,5456.0,0.0,6918.0,0.0,0.0,2.004,2.004,0.0,0.0,0.0,0.0,69,-152017464983552.0,-152017565646848.0,0.0,0.0,0.0,0.0,0.0,0.0,0.0,0,0,0,0.0,0.0,0.0,0.0,0.0,0.0,0.0,0.0,0.0,0.0,0.0,0.0,0.0,0.0,0.0,0.0,0,-107875648.0,69,0.0,138,0.0,2.012,ERR,ERR,ERR,ERR,ERR,ERR,ERR,ERR,ERR,ERR,ERR,ERR,ERR,ERR,ERR,ERR,ERR,ERR,ERR,ERR,ERR,ERR,ERR,ERR,ERR,ERR,ERR,ERR,ERR,ERR,ERR,ERR,ERR,ERR,ERR,ERR,ERR,ERR,ERR,ERR,ERR,ERR,ERR,ERR,ERR,ERR,ERR,ERR,ERR,ERR,ERR,ERR,ERR,ERR,ERR,ERR,ERR,ERR,ERR,ERR,ERR,ERR,ERR,ERR,ERR,ERR,ERR,60.0,60.0,35,0.0,0.0,0.0,0.0,0.0,0.0,0.0,0.0,0.0,0.0,0.0,0.0,0.0,0.0,0.0,0.0,65.6,0,115,56,34,65476,0,300,0,0,8,20529,65476,0,0,2621,60.0,0.0,0.0,0.0,0.0,0.0
2026-07-09T15:54:42,ERR,ERR,ERR,ERR,ERR,ERR,ERR,ERR,ERR,ERR,ERR,ERR,ERR,ERR,ERR,ERR,ERR,ERR,ERR,ERR,ERR,ERR,ERR,ERR,ERR,ERR,ERR,ERR,ERR,ERR,ERR,ERR,ERR,ERR,ERR,ERR,ERR,ERR,ERR,ERR,ERR,ERR,ERR,ERR,ERR,ERR,ERR,ERR,ERR,ERR,ERR,ERR,ERR,ERR,ERR,ERR,ERR,ERR,ERR,ERR,ERR,ERR,ERR,ERR,ERR,ERR,ERR,ERR,ERR,ERR,ERR,ERR,ERR,ERR,ERR,ERR,ERR,ERR,ERR,ERR,ERR,ERR,ERR,ERR,ERR,ERR,ERR,ERR,ERR,ERR,ERR,ERR,ERR,ERR,ERR,ERR,ERR,ERR,ERR,ERR,ERR,ERR,ERR,ERR,ERR,ERR,ERR,ERR,ERR,ERR,ERR,ERR,ERR,ERR,ERR,ERR,ERR,ERR,ERR,ERR,ERR,ERR,ERR,ERR,ERR,0.0,0.0,-107615136.0,2.7183478752108883e+23,8210.056,0.0,26.66,-0.0,0,0,4,17338,7116,0.0,100,0.0,0.0,2.7183478752108883e+23,0.0,0.0,0,0,0,0,0.0,0,0,0,0,0,0,0,0,0,0,0,0,0,0,0,0,0,0,0,0,0,0,0,0,0,0,0,0,0,0,0,0,0,31,40,40,71,65476,0,300,0,0,8,21553,0.0,-107605600.0,0.0,0.0,0.0,0.0,0.0,0.0,0.0,0.0,0.0,0.0,0.0,0.0,0.0,0.0,0.0,0.0,0.0,0.0,0.0,0.0,-2.004,0.0,0.0,0.0,0.0,0.0,0.0,0.0,5456.0,0.0,6918.0,0.0,0.0,2.004,2.004,0.0,0.0,0.0,0.0,69,-152017464983552.0,-152017565646848.0,0.0,0.0,0.0,0.0,0.0,0.0,0.0,0,0,0,0.0,0.0,0.0,0.0,0.0,0.0,0.0,0.0,0.0,0.0,0.0,0.0,0.0,0.0,0.0,0.0,0,-107875648.0,69,0.0,138,0.0,2.012,ERR,ERR,ERR,ERR,ERR,ERR,ERR,ERR,ERR,ERR,ERR,ERR,ERR,ERR,ERR,ERR,ERR,ERR,ERR,ERR,ERR,ERR,ERR,ERR,ERR,ERR,ERR,ERR,ERR,ERR,ERR,ERR,ERR,ERR,ERR,ERR,ERR,ERR,ERR,ERR,ERR,ERR,ERR,ERR,ERR,ERR,ERR,ERR,ERR,ERR,ERR,ERR,ERR,ERR,ERR,ERR,ERR,ERR,ERR,ERR,ERR,ERR,ERR,ERR,ERR,ERR,ERR,60.0,60.0,35,0.0,0.0,0.0,0.0,0.0,0.0,0.0,0.0,0.0,0.0,0.0,0.0,0.0,0.0,0.0,0.0,65.2,0,115,56,34,65476,0,300,0,0,8,20529,65476,0,0,2621,60.0,0.0,0.0,0.0,0.0,0.0
2026-07-09T15:54:43,ERR,ERR,ERR,ERR,ERR,ERR,ERR,ERR,ERR,ERR,ERR,ERR,ERR,ERR,ERR,ERR,ERR,ERR,ERR,ERR,ERR,ERR,ERR,ERR,ERR,ERR,ERR,ERR,ERR,ERR,ERR,ERR,ERR,ERR,ERR,ERR,ERR,ERR,ERR,ERR,ERR,ERR,ERR,ERR,ERR,ERR,ERR,ERR,ERR,ERR,ERR,ERR,ERR,ERR,ERR,ERR,ERR,ERR,ERR,ERR,ERR,ERR,ERR,ERR,ERR,ERR,ERR,ERR,ERR,ERR,ERR,ERR,ERR,ERR,ERR,ERR,ERR,ERR,ERR,ERR,ERR,ERR,ERR,ERR,ERR,ERR,ERR,ERR,ERR,ERR,ERR,ERR,ERR,ERR,ERR,ERR,ERR,ERR,ERR,ERR,ERR,ERR,ERR,ERR,ERR,ERR,ERR,ERR,ERR,ERR,ERR,ERR,ERR,ERR,ERR,ERR,ERR,ERR,ERR,ERR,ERR,ERR,ERR,ERR,ERR,0.0,0.0,-107615136.0,2.7183478752108883e+23,8210.056,0.0,26.66,-0.0,0,0,4,17338,7116,0.0,100,0.0,0.0,2.7183478752108883e+23,0.0,0.0,0,0,0,0,0.0,0,0,0,0,0,0,0,0,0,0,0,0,0,0,0,0,0,0,0,0,0,0,0,0,0,0,0,0,0,0,0,0,0,31,40,40,71,65476,0,300,0,0,8,21553,0.0,-107605600.0,0.0,0.0,0.0,0.0,0.0,0.0,0.0,0.0,0.0,0.0,0.0,0.0,0.0,0.0,0.0,0.0,0.0,0.0,0.0,0.0,-2.004,0.0,0.0,0.0,0.0,0.0,0.0,0.0,5456.0,0.0,6918.0,0.0,0.0,2.004,2.004,0.0,0.0,0.0,0.0,69,-152017464983552.0,-152017565646848.0,0.0,0.0,0.0,0.0,0.0,0.0,0.0,0,0,0,0.0,0.0,0.0,0.0,0.0,0.0,0.0,0.0,0.0,0.0,0.0,0.0,0.0,0.0,0.0,0.0,0,-107875648.0,69,0.0,138,0.0,2.012,ERR,ERR,ERR,ERR,ERR,ERR,ERR,ERR,ERR,ERR,ERR,ERR,ERR,ERR,ERR,ERR,ERR,ERR,ERR,ERR,ERR,ERR,ERR,ERR,ERR,ERR,ERR,ERR,ERR,ERR,ERR,ERR,ERR,ERR,ERR,ERR,ERR,ERR,ERR,ERR,ERR,ERR,ERR,ERR,ERR,ERR,ERR,ERR,ERR,ERR,ERR,ERR,ERR,ERR,ERR,ERR,ERR,ERR,ERR,ERR,ERR,ERR,ERR,ERR,ERR,ERR,ERR,60.0,60.0,35,0.0,0.0,0.0,0.0,0.0,0.0,0.0,0.0,0.0,0.0,0.0,0.0,0.0,0.0,0.0,0.0,65.2,0,115,56,34,65476,0,300,0,0,8,20529,65476,0,0,2621,60.0,0.0,0.0,0.0,0.0,0.0
2026-07-09T15:54:44,ERR,ERR,ERR,ERR,ERR,ERR,ERR,ERR,ERR,ERR,ERR,ERR,ERR,ERR,ERR,ERR,ERR,ERR,ERR,ERR,ERR,ERR,ERR,ERR,ERR,ERR,ERR,ERR,ERR,ERR,ERR,ERR,ERR,ERR,ERR,ERR,ERR,ERR,ERR,ERR,ERR,ERR,ERR,ERR,ERR,ERR,ERR,ERR,ERR,ERR,ERR,ERR,ERR,ERR,ERR,ERR,ERR,ERR,ERR,ERR,ERR,ERR,ERR,ERR,ERR,ERR,ERR,ERR,ERR,ERR,ERR,ERR,ERR,ERR,ERR,ERR,ERR,ERR,ERR,ERR,ERR,ERR,ERR,ERR,ERR,ERR,ERR,ERR,ERR,ERR,ERR,ERR,ERR,ERR,ERR,ERR,ERR,ERR,ERR,ERR,ERR,ERR,ERR,ERR,ERR,ERR,ERR,ERR,ERR,ERR,ERR,ERR,ERR,ERR,ERR,ERR,ERR,ERR,ERR,ERR,ERR,ERR,ERR,ERR,ERR,0.0,0.0,0.0,0.0,-0.0,-0.0,-0.0,2.1746628798435865e+24,0,0,4,17339,7116,0.0,100,0.0,0.0,0.0,0.0,0.0,0,0,0,0,0.0,0,0,0,0,0,0,0,0,0,0,0,0,0,0,0,0,0,0,0,0,0,0,0,0,0,0,0,0,0,0,0,0,0,31,40,40,71,65476,0,300,0,0,8,21553,0.0,-107605600.0,0.0,0.0,0.0,0.0,0.0,0.0,0.0,0.0,0.0,0.0,0.0,0.0,0.0,0.0,0.0,0.0,0.0,0.0,0.0,0.0,-0.0,0.0,0.0,0.0,0.0,0.0,0.0,0.0,5465.0,0.0,6919.0,-107615104.0,0.0,2.004,2.004,0.0,0.0,0.0,0.0,69,0.0,-152017565646848.0,0.0,0.0,0.0,0.0,0.0,0.0,0.0,0,0,0,0.0,0.0,0.0,0.0,0.0,0.0,0.0,0.0,0.0,0.0,0.0,0.0,0.0,0.0,0.0,0.0,0,-107875648.0,69,0.0,138,0.0,2.012,ERR,ERR,ERR,ERR,ERR,ERR,ERR,ERR,ERR,ERR,ERR,ERR,ERR,ERR,ERR,ERR,ERR,ERR,ERR,ERR,ERR,ERR,ERR,ERR,ERR,ERR,ERR,ERR,ERR,ERR,ERR,ERR,ERR,ERR,ERR,ERR,ERR,ERR,ERR,ERR,ERR,ERR,ERR,ERR,ERR,ERR,ERR,ERR,ERR,ERR,ERR,ERR,ERR,ERR,ERR,ERR,ERR,ERR,ERR,ERR,ERR,ERR,ERR,ERR,ERR,ERR,ERR,60.0,60.0,35,0.0,0.0,0.0,0.0,0.0,0.0,0.0,0.0,0.0,0.0,0.0,0.0,0.0,0.0,0.0,0.0,65.2,0,115,56,34,65476,0,300,0,0,8,20529,65476,0,0,2621,60.0,0.0,0.0,0.0,0.0,0.0
2026-07-09T15:54:45,ERR,ERR,ERR,ERR,ERR,ERR,ERR,ERR,ERR,ERR,ERR,ERR,ERR,ERR,ERR,ERR,ERR,ERR,ERR,ERR,ERR,ERR,ERR,ERR,ERR,ERR,ERR,ERR,ERR,ERR,ERR,ERR,ERR,ERR,ERR,ERR,ERR,ERR,ERR,ERR,ERR,ERR,ERR,ERR,ERR,ERR,ERR,ERR,ERR,ERR,ERR,ERR,ERR,ERR,ERR,ERR,ERR,ERR,ERR,ERR,ERR,ERR,ERR,ERR,ERR,ERR,ERR,ERR,ERR,ERR,ERR,ERR,ERR,ERR,ERR,ERR,ERR,ERR,ERR,ERR,ERR,ERR,ERR,ERR,ERR,ERR,ERR,ERR,ERR,ERR,ERR,ERR,ERR,ERR,ERR,ERR,ERR,ERR,ERR,ERR,ERR,ERR,ERR,ERR,ERR,ERR,ERR,ERR,ERR,ERR,ERR,ERR,ERR,ERR,ERR,ERR,ERR,ERR,ERR,ERR,ERR,ERR,ERR,ERR,ERR,0.0,0.0,0.0,0.0,-0.0,-0.0,-0.0,2.1746628798435865e+24,0,0,4,17339,7116,0.0,100,0.0,0.0,0.0,0.0,0.0,0,0,0,0,0.0,0,0,0,0,0,0,0,0,0,0,0,0,0,0,0,0,0,0,0,0,0,0,0,0,0,0,0,0,0,0,0,0,0,31,40,40,71,65476,0,300,0,0,8,21553,0.0,-107605600.0,0.0,0.0,0.0,0.0,0.0,0.0,0.0,0.0,0.0,0.0,0.0,0.0,0.0,0.0,0.0,0.0,0.0,0.0,0.0,0.0,-0.0,0.0,0.0,0.0,0.0,0.0,0.0,0.0,5465.0,0.0,6919.0,-107615104.0,0.0,2.004,2.004,0.0,0.0,0.0,0.0,69,0.0,-152017565646848.0,0.0,0.0,0.0,0.0,0.0,0.0,0.0,0,0,0,0.0,0.0,0.0,0.0,0.0,0.0,0.0,0.0,0.0,0.0,0.0,0.0,0.0,0.0,0.0,0.0,0,-107875648.0,69,0.0,138,0.0,2.012,ERR,ERR,ERR,ERR,ERR,ERR,ERR,ERR,ERR,ERR,ERR,ERR,ERR,ERR,ERR,ERR,ERR,ERR,ERR,ERR,ERR,ERR,ERR,ERR,ERR,ERR,ERR,ERR,ERR,ERR,ERR,ERR,ERR,ERR,ERR,ERR,ERR,ERR,ERR,ERR,ERR,ERR,ERR,ERR,ERR,ERR,ERR,ERR,ERR,ERR,ERR,ERR,ERR,ERR,ERR,ERR,ERR,ERR,ERR,ERR,ERR,ERR,ERR,ERR,ERR,ERR,ERR,60.0,60.0,35,0.0,0.0,0.0,0.0,0.0,0.0,0.0,0.0,0.0,0.0,0.0,0.0,0.0,0.0,0.0,0.0,65.2,0,115,56,34,65476,0,300,0,0,8,20529,65476,0,0,2621,60.0,0.0,0.0,0.0,0.0,0.0
2026-07-09T15:54:46,ERR,ERR,ERR,ERR,ERR,ERR,ERR,ERR,ERR,ERR,ERR,ERR,ERR,ERR,ERR,ERR,ERR,ERR,ERR,ERR,ERR,ERR,ERR,ERR,ERR,ERR,ERR,ERR,ERR,ERR,ERR,ERR,ERR,ERR,ERR,ERR,ERR,ERR,ERR,ERR,ERR,ERR,ERR,ERR,ERR,ERR,ERR,ERR,ERR,ERR,ERR,ERR,ERR,ERR,ERR,ERR,ERR,ERR,ERR,ERR,ERR,ERR,ERR,ERR,ERR,ERR,ERR,ERR,ERR,ERR,ERR,ERR,ERR,ERR,ERR,ERR,ERR,ERR,ERR,ERR,ERR,ERR,ERR,ERR,ERR,ERR,ERR,ERR,ERR,ERR,ERR,ERR,ERR,ERR,ERR,ERR,ERR,ERR,ERR,ERR,ERR,ERR,ERR,ERR,ERR,ERR,ERR,ERR,ERR,ERR,ERR,ERR,ERR,ERR,ERR,ERR,ERR,ERR,ERR,ERR,ERR,ERR,ERR,ERR,ERR,0.0,0.0,0.0,0.0,-0.0,-0.0,-0.0,2.1746628798435865e+24,0,0,4,17339,7116,0.0,100,0.0,0.0,0.0,0.0,0.0,0,0,0,0,0.0,0,0,0,0,0,0,0,0,0,0,0,0,0,0,0,0,0,0,0,0,0,0,0,0,0,0,0,0,0,0,0,0,0,31,40,40,71,65476,0,300,0,0,8,21553,0.0,-107605600.0,0.0,0.0,0.0,0.0,0.0,0.0,0.0,0.0,0.0,0.0,0.0,0.0,0.0,0.0,0.0,0.0,0.0,0.0,0.0,0.0,-0.0,0.0,0.0,0.0,0.0,0.0,0.0,0.0,5465.0,0.0,6919.0,-107615104.0,0.0,2.004,2.004,0.0,0.0,0.0,0.0,69,0.0,-152017565646848.0,0.0,0.0,0.0,0.0,0.0,0.0,0.0,0,0,0,0.0,0.0,0.0,0.0,0.0,0.0,0.0,0.0,0.0,0.0,0.0,0.0,0.0,0.0,0.0,0.0,0,-107875648.0,69,0.0,138,0.0,2.012,ERR,ERR,ERR,ERR,ERR,ERR,ERR,ERR,ERR,ERR,ERR,ERR,ERR,ERR,ERR,ERR,ERR,ERR,ERR,ERR,ERR,ERR,ERR,ERR,ERR,ERR,ERR,ERR,ERR,ERR,ERR,ERR,ERR,ERR,ERR,ERR,ERR,ERR,ERR,ERR,ERR,ERR,ERR,ERR,ERR,ERR,ERR,ERR,ERR,ERR,ERR,ERR,ERR,ERR,ERR,ERR,ERR,ERR,ERR,ERR,ERR,ERR,ERR,ERR,ERR,ERR,ERR,60.0,60.0,35,0.0,0.0,0.0,0.0,0.0,0.0,0.0,0.0,0.0,0.0,0.0,0.0,0.0,0.0,0.0,0.0,65.2,0,115,56,34,65476,0,300,0,0,8,20529,65476,0,0,2621,60.0,0.0,0.0,0.0,0.0,0.0
2026-07-09T15:54:47,ERR,ERR,ERR,ERR,ERR,ERR,ERR,ERR,ERR,ERR,ERR,ERR,ERR,ERR,ERR,ERR,ERR,ERR,ERR,ERR,ERR,ERR,ERR,ERR,ERR,ERR,ERR,ERR,ERR,ERR,ERR,ERR,ERR,ERR,ERR,ERR,ERR,ERR,ERR,ERR,ERR,ERR,ERR,ERR,ERR,ERR,ERR,ERR,ERR,ERR,ERR,ERR,ERR,ERR,ERR,ERR,ERR,ERR,ERR,ERR,ERR,ERR,ERR,ERR,ERR,ERR,ERR,ERR,ERR,ERR,ERR,ERR,ERR,ERR,ERR,ERR,ERR,ERR,ERR,ERR,ERR,ERR,ERR,ERR,ERR,ERR,ERR,ERR,ERR,ERR,ERR,ERR,ERR,ERR,ERR,ERR,ERR,ERR,ERR,ERR,ERR,ERR,ERR,ERR,ERR,ERR,ERR,ERR,ERR,ERR,ERR,ERR,ERR,ERR,ERR,ERR,ERR,ERR,ERR,ERR,ERR,ERR,ERR,ERR,ERR,0.0,0.0,0.0,0.0,-0.0,-0.0,-0.0,2.1746628798435865e+24,0,0,4,17339,7116,0.0,100,0.0,0.0,0.0,0.0,0.0,0,0,0,0,0.0,0,0,0,0,0,0,0,0,0,0,0,0,0,0,0,0,0,0,0,0,0,0,0,0,0,0,0,0,0,0,0,0,0,31,40,40,71,65476,0,300,0,0,8,21553,0.0,-107605600.0,0.0,0.0,0.0,0.0,0.0,0.0,0.0,0.0,0.0,0.0,0.0,0.0,0.0,0.0,0.0,0.0,0.0,0.0,0.0,0.0,-0.0,0.0,0.0,0.0,0.0,0.0,0.0,0.0,5465.0,0.0,6919.0,-107615104.0,0.0,2.004,2.004,0.0,0.0,0.0,0.0,69,0.0,-152017565646848.0,0.0,0.0,0.0,0.0,0.0,0.0,0.0,0,0,0,0.0,0.0,0.0,0.0,0.0,0.0,0.0,0.0,0.0,0.0,0.0,0.0,0.0,0.0,0.0,0.0,0,-107875648.0,69,0.0,138,0.0,2.012,ERR,ERR,ERR,ERR,ERR,ERR,ERR,ERR,ERR,ERR,ERR,ERR,ERR,ERR,ERR,ERR,ERR,ERR,ERR,ERR,ERR,ERR,ERR,ERR,ERR,ERR,ERR,ERR,ERR,ERR,ERR,ERR,ERR,ERR,ERR,ERR,ERR,ERR,ERR,ERR,ERR,ERR,ERR,ERR,ERR,ERR,ERR,ERR,ERR,ERR,ERR,ERR,ERR,ERR,ERR,ERR,ERR,ERR,ERR,ERR,ERR,ERR,ERR,ERR,ERR,ERR,ERR,60.0,60.0,35,0.0,0.0,0.0,0.0,0.0,0.0,0.0,0.0,0.0,0.0,0.0,0.0,0.0,0.0,0.0,0.0,65.6,0,115,56,34,65476,0,300,0,0,8,20529,65476,0,0,2621,60.0,0.0,0.0,0.0,0.0,0.0
2026-07-09T15:54:48,ERR,ERR,ERR,ERR,ERR,ERR,ERR,ERR,ERR,ERR,ERR,ERR,ERR,ERR,ERR,ERR,ERR,ERR,ERR,ERR,ERR,ERR,ERR,ERR,ERR,ERR,ERR,ERR,ERR,ERR,ERR,ERR,ERR,ERR,ERR,ERR,ERR,ERR,ERR,ERR,ERR,ERR,ERR,ERR,ERR,ERR,ERR,ERR,ERR,ERR,ERR,ERR,ERR,ERR,ERR,ERR,ERR,ERR,ERR,ERR,ERR,ERR,ERR,ERR,ERR,ERR,ERR,ERR,ERR,ERR,ERR,ERR,ERR,ERR,ERR,ERR,ERR,ERR,ERR,ERR,ERR,ERR,ERR,ERR,ERR,ERR,ERR,ERR,ERR,ERR,ERR,ERR,ERR,ERR,ERR,ERR,ERR,ERR,ERR,ERR,ERR,ERR,ERR,ERR,ERR,ERR,ERR,ERR,ERR,ERR,ERR,ERR,ERR,ERR,ERR,ERR,ERR,ERR,ERR,ERR,ERR,ERR,ERR,ERR,ERR,0.0,0.0,0.0,0.0,-0.0,-0.0,-0.0,2.1746628798435865e+24,0,0,4,17339,7116,0.0,100,0.0,0.0,0.0,0.0,0.0,0,0,0,0,0.0,0,0,0,0,0,0,0,0,0,0,0,0,0,0,0,0,0,0,0,0,0,0,0,0,0,0,0,0,0,0,0,0,0,31,40,40,71,65476,0,300,0,0,8,21553,0.0,-107605600.0,0.0,0.0,0.0,0.0,0.0,0.0,0.0,0.0,0.0,0.0,0.0,0.0,0.0,0.0,0.0,0.0,0.0,0.0,0.0,0.0,-0.0,0.0,0.0,0.0,0.0,0.0,0.0,0.0,5465.0,0.0,6919.0,-107615104.0,0.0,2.004,2.004,0.0,0.0,0.0,0.0,69,0.0,-152017565646848.0,0.0,0.0,0.0,0.0,0.0,0.0,0.0,0,0,0,0.0,0.0,0.0,0.0,0.0,0.0,0.0,0.0,0.0,0.0,0.0,0.0,0.0,0.0,0.0,0.0,0,-107875648.0,69,0.0,138,0.0,2.012,ERR,ERR,ERR,ERR,ERR,ERR,ERR,ERR,ERR,ERR,ERR,ERR,ERR,ERR,ERR,ERR,ERR,ERR,ERR,ERR,ERR,ERR,ERR,ERR,ERR,ERR,ERR,ERR,ERR,ERR,ERR,ERR,ERR,ERR,ERR,ERR,ERR,ERR,ERR,ERR,ERR,ERR,ERR,ERR,ERR,ERR,ERR,ERR,ERR,ERR,ERR,ERR,ERR,ERR,ERR,ERR,ERR,ERR,ERR,ERR,ERR,ERR,ERR,ERR,ERR,ERR,ERR,60.0,60.0,35,0.0,0.0,0.0,0.0,0.0,0.0,0.0,0.0,0.0,0.0,0.0,0.0,0.0,0.0,0.0,0.0,65.6,0,115,56,34,65476,0,300,0,0,8,20529,65476,0,0,2621,60.0,0.0,0.0,0.0,0.0,0.0
2026-07-09T15:54:49,ERR,ERR,ERR,ERR,ERR,ERR,ERR,ERR,ERR,ERR,ERR,ERR,ERR,ERR,ERR,ERR,ERR,ERR,ERR,ERR,ERR,ERR,ERR,ERR,ERR,ERR,ERR,ERR,ERR,ERR,ERR,ERR,ERR,ERR,ERR,ERR,ERR,ERR,ERR,ERR,ERR,ERR,ERR,ERR,ERR,ERR,ERR,ERR,ERR,ERR,ERR,ERR,ERR,ERR,ERR,ERR,ERR,ERR,ERR,ERR,ERR,ERR,ERR,ERR,ERR,ERR,ERR,ERR,ERR,ERR,ERR,ERR,ERR,ERR,ERR,ERR,ERR,ERR,ERR,ERR,ERR,ERR,ERR,ERR,ERR,ERR,ERR,ERR,ERR,ERR,ERR,ERR,ERR,ERR,ERR,ERR,ERR,ERR,ERR,ERR,ERR,ERR,ERR,ERR,ERR,ERR,ERR,ERR,ERR,ERR,ERR,ERR,ERR,ERR,ERR,ERR,ERR,ERR,ERR,ERR,ERR,ERR,ERR,ERR,ERR,-107615104.0,2.718448215410586e+23,nan,0.0,0.0,809.023,1369680000.0,0.0,0,0,4,17339,7116,0.0,100,0.0,0.0,0.0,0.0,0.0,0,0,0,0,0.0,0,0,0,0,0,0,0,0,0,0,0,0,0,0,0,0,0,0,0,0,0,0,0,0,0,0,0,0,0,0,0,0,0,31,40,40,71,65476,0,300,0,0,8,21553,0.0,-107605600.0,0.0,0.0,0.0,0.0,0.0,0.0,0.0,0.0,0.0,0.0,0.0,0.0,0.0,0.0,0.0,0.0,0.0,0.0,0.0,0.0,-0.0,2.004,0.0,0.0,0.0,0.0,0.0,0.0,5465.0,2.004,6920.0,-107615104.0,-0.0,2.004,2.004,0.0,0.0,0.0,0.0,69,0.0,-3.222009039136753e+26,0.0,0.0,0.0,0.0,0.0,0.0,0.0,0,0,0,0.0,0.0,0.0,0.0,0.0,0.0,0.0,0.0,0.0,0.0,0.0,0.0,0.0,0.0,0.0,0.0,0,-107875648.0,69,0.0,138,0.0,2.012,ERR,ERR,ERR,ERR,ERR,ERR,ERR,ERR,ERR,ERR,ERR,ERR,ERR,ERR,ERR,ERR,ERR,ERR,ERR,ERR,ERR,ERR,ERR,ERR,ERR,ERR,ERR,ERR,ERR,ERR,ERR,ERR,ERR,ERR,ERR,ERR,ERR,ERR,ERR,ERR,ERR,ERR,ERR,ERR,ERR,ERR,ERR,ERR,ERR,ERR,ERR,ERR,ERR,ERR,ERR,ERR,ERR,ERR,ERR,ERR,ERR,ERR,ERR,ERR,ERR,ERR,ERR,60.0,60.0,35,0.0,0.0,0.0,0.0,0.0,0.0,0.0,0.0,0.0,0.0,0.0,0.0,0.0,0.0,0.0,0.0,65.2,0,115,56,34,65476,0,300,0,0,8,20529,65476,0,0,2621,60.0,0.0,0.0,0.0,0.0,0.0
2026-07-09T15:54:50,ERR,ERR,ERR,ERR,ERR,ERR,ERR,ERR,ERR,ERR,ERR,ERR,ERR,ERR,ERR,ERR,ERR,ERR,ERR,ERR,ERR,ERR,ERR,ERR,ERR,ERR,ERR,ERR,ERR,ERR,ERR,ERR,ERR,ERR,ERR,ERR,ERR,ERR,ERR,ERR,ERR,ERR,ERR,ERR,ERR,ERR,ERR,ERR,ERR,ERR,ERR,ERR,ERR,ERR,ERR,ERR,ERR,ERR,ERR,ERR,ERR,ERR,ERR,ERR,ERR,ERR,ERR,ERR,ERR,ERR,ERR,ERR,ERR,ERR,ERR,ERR,ERR,ERR,ERR,ERR,ERR,ERR,ERR,ERR,ERR,ERR,ERR,ERR,ERR,ERR,ERR,ERR,ERR,ERR,ERR,ERR,ERR,ERR,ERR,ERR,ERR,ERR,ERR,ERR,ERR,ERR,ERR,ERR,ERR,ERR,ERR,ERR,ERR,ERR,ERR,ERR,ERR,ERR,ERR,ERR,ERR,ERR,ERR,ERR,ERR,-107615104.0,2.718448215410586e+23,nan,0.0,0.0,809.023,1369680000.0,0.0,0,0,4,17339,7116,0.0,100,0.0,0.0,0.0,0.0,0.0,0,0,0,0,0.0,0,0,0,0,0,0,0,0,0,0,0,0,0,0,0,0,0,0,0,0,0,0,0,0,0,0,0,0,0,0,0,0,0,31,40,40,71,65476,0,300,0,0,8,21553,0.0,-107605600.0,0.0,0.0,0.0,0.0,0.0,0.0,0.0,0.0,0.0,0.0,0.0,0.0,0.0,0.0,0.0,0.0,0.0,0.0,0.0,0.0,-0.0,2.004,0.0,0.0,0.0,0.0,0.0,0.0,5465.0,2.004,6920.0,-107615104.0,-0.0,2.004,2.004,0.0,0.0,0.0,0.0,69,0.0,-3.222009039136753e+26,0.0,0.0,0.0,0.0,0.0,0.0,0.0,0,0,0,0.0,0.0,0.0,0.0,0.0,0.0,0.0,0.0,0.0,0.0,0.0,0.0,0.0,0.0,0.0,0.0,0,-107875648.0,69,0.0,138,0.0,2.012,ERR,ERR,ERR,ERR,ERR,ERR,ERR,ERR,ERR,ERR,ERR,ERR,ERR,ERR,ERR,ERR,ERR,ERR,ERR,ERR,ERR,ERR,ERR,ERR,ERR,ERR,ERR,ERR,ERR,ERR,ERR,ERR,ERR,ERR,ERR,ERR,ERR,ERR,ERR,ERR,ERR,ERR,ERR,ERR,ERR,ERR,ERR,ERR,ERR,ERR,ERR,ERR,ERR,ERR,ERR,ERR,ERR,ERR,ERR,ERR,ERR,ERR,ERR,ERR,ERR,ERR,ERR,60.0,60.0,35,0.0,0.0,0.0,0.0,0.0,0.0,0.0,0.0,0.0,0.0,0.0,0.0,0.0,0.0,0.0,0.0,65.2,0,115,56,34,65476,0,300,0,0,8,20529,65476,0,0,2621,60.0,0.0,0.0,0.0,0.0,0.0
2026-07-09T15:54:51,ERR,ERR,ERR,ERR,ERR,ERR,ERR,ERR,ERR,ERR,ERR,ERR,ERR,ERR,ERR,ERR,ERR,ERR,ERR,ERR,ERR,ERR,ERR,ERR,ERR,ERR,ERR,ERR,ERR,ERR,ERR,ERR,ERR,ERR,ERR,ERR,ERR,ERR,ERR,ERR,ERR,ERR,ERR,ERR,ERR,ERR,ERR,ERR,ERR,ERR,ERR,ERR,ERR,ERR,ERR,ERR,ERR,ERR,ERR,ERR,ERR,ERR,ERR,ERR,ERR,ERR,ERR,ERR,ERR,ERR,ERR,ERR,ERR,ERR,ERR,ERR,ERR,ERR,ERR,ERR,ERR,ERR,ERR,ERR,ERR,ERR,ERR,ERR,ERR,ERR,ERR,ERR,ERR,ERR,ERR,ERR,ERR,ERR,ERR,ERR,ERR,ERR,ERR,ERR,ERR,ERR,ERR,ERR,ERR,ERR,ERR,ERR,ERR,ERR,ERR,ERR,ERR,ERR,ERR,ERR,ERR,ERR,ERR,ERR,ERR,-107615104.0,2.718448215410586e+23,nan,0.0,0.0,809.023,1369680000.0,0.0,0,0,4,17339,7116,0.0,100,0.0,0.0,0.0,0.0,0.0,0,0,0,0,0.0,0,0,0,0,0,0,0,0,0,0,0,0,0,0,0,0,0,0,0,0,0,0,0,0,0,0,0,0,0,0,0,0,0,31,40,40,71,65476,0,300,0,0,8,21553,0.0,-107605600.0,0.0,0.0,0.0,0.0,0.0,0.0,0.0,0.0,0.0,0.0,0.0,0.0,0.0,0.0,0.0,0.0,0.0,0.0,0.0,0.0,-0.0,2.004,0.0,0.0,0.0,0.0,0.0,0.0,5465.0,2.004,6920.0,-107615104.0,-0.0,2.004,2.004,0.0,0.0,0.0,0.0,69,0.0,-3.222009039136753e+26,0.0,0.0,0.0,0.0,0.0,0.0,0.0,0,0,0,0.0,0.0,0.0,0.0,0.0,0.0,0.0,0.0,0.0,0.0,0.0,0.0,0.0,0.0,0.0,0.0,0,-107875648.0,69,0.0,138,0.0,2.012,ERR,ERR,ERR,ERR,ERR,ERR,ERR,ERR,ERR,ERR,ERR,ERR,ERR,ERR,ERR,ERR,ERR,ERR,ERR,ERR,ERR,ERR,ERR,ERR,ERR,ERR,ERR,ERR,ERR,ERR,ERR,ERR,ERR,ERR,ERR,ERR,ERR,ERR,ERR,ERR,ERR,ERR,ERR,ERR,ERR,ERR,ERR,ERR,ERR,ERR,ERR,ERR,ERR,ERR,ERR,ERR,ERR,ERR,ERR,ERR,ERR,ERR,ERR,ERR,ERR,ERR,ERR,60.0,60.0,35,0.0,0.0,0.0,0.0,0.0,0.0,0.0,0.0,0.0,0.0,0.0,0.0,0.0,0.0,0.0,0.0,65.6,0,115,56,34,65476,0,300,0,0,8,20529,65476,0,0,2621,60.0,0.0,0.0,0.0,0.0,0.0
2026-07-09T15:54:52,ERR,ERR,ERR,ERR,ERR,ERR,ERR,ERR,ERR,ERR,ERR,ERR,ERR,ERR,ERR,ERR,ERR,ERR,ERR,ERR,ERR,ERR,ERR,ERR,ERR,ERR,ERR,ERR,ERR,ERR,ERR,ERR,ERR,ERR,ERR,ERR,ERR,ERR,ERR,ERR,ERR,ERR,ERR,ERR,ERR,ERR,ERR,ERR,ERR,ERR,ERR,ERR,ERR,ERR,ERR,ERR,ERR,ERR,ERR,ERR,ERR,ERR,ERR,ERR,ERR,ERR,ERR,ERR,ERR,ERR,ERR,ERR,ERR,ERR,ERR,ERR,ERR,ERR,ERR,ERR,ERR,ERR,ERR,ERR,ERR,ERR,ERR,ERR,ERR,ERR,ERR,ERR,ERR,ERR,ERR,ERR,ERR,ERR,ERR,ERR,ERR,ERR,ERR,ERR,ERR,ERR,ERR,ERR,ERR,ERR,ERR,ERR,ERR,ERR,ERR,ERR,ERR,ERR,ERR,ERR,ERR,ERR,ERR,ERR,ERR,-107615104.0,2.718448215410586e+23,nan,0.0,0.0,809.023,1369680000.0,0.0,0,0,4,17339,7116,0.0,100,0.0,0.0,0.0,0.0,0.0,0,0,0,0,0.0,0,0,0,0,0,0,0,0,0,0,0,0,0,0,0,0,0,0,0,0,0,0,0,0,0,0,0,0,0,0,0,0,0,31,40,40,71,65476,0,300,0,0,8,21553,0.0,-107605600.0,0.0,0.0,0.0,0.0,0.0,0.0,0.0,0.0,0.0,0.0,0.0,0.0,0.0,0.0,0.0,0.0,0.0,0.0,0.0,0.0,-0.0,2.004,0.0,0.0,0.0,0.0,0.0,0.0,5465.0,2.004,6920.0,-107615104.0,-0.0,2.004,2.004,0.0,0.0,0.0,0.0,69,0.0,-3.222009039136753e+26,0.0,0.0,0.0,0.0,0.0,0.0,0.0,0,0,0,0.0,0.0,0.0,0.0,0.0,0.0,0.0,0.0,0.0,0.0,0.0,0.0,0.0,0.0,0.0,0.0,0,-107875648.0,69,0.0,138,0.0,2.012,ERR,ERR,ERR,ERR,ERR,ERR,ERR,ERR,ERR,ERR,ERR,ERR,ERR,ERR,ERR,ERR,ERR,ERR,ERR,ERR,ERR,ERR,ERR,ERR,ERR,ERR,ERR,ERR,ERR,ERR,ERR,ERR,ERR,ERR,ERR,ERR,ERR,ERR,ERR,ERR,ERR,ERR,ERR,ERR,ERR,ERR,ERR,ERR,ERR,ERR,ERR,ERR,ERR,ERR,ERR,ERR,ERR,ERR,ERR,ERR,ERR,ERR,ERR,ERR,ERR,ERR,ERR,60.0,60.0,35,0.0,0.0,0.0,0.0,0.0,0.0,0.0,0.0,0.0,0.0,0.0,0.0,0.0,0.0,0.0,0.0,65.2,0,115,56,34,65476,0,300,0,0,8,20529,65476,0,0,2621,60.0,0.0,0.0,0.0,0.0,0.0
2026-07-09T15:54:53,ERR,ERR,ERR,ERR,ERR,ERR,ERR,ERR,ERR,ERR,ERR,ERR,ERR,ERR,ERR,ERR,ERR,ERR,ERR,ERR,ERR,ERR,ERR,ERR,ERR,ERR,ERR,ERR,ERR,ERR,ERR,ERR,ERR,ERR,ERR,ERR,ERR,ERR,ERR,ERR,ERR,ERR,ERR,ERR,ERR,ERR,ERR,ERR,ERR,ERR,ERR,ERR,ERR,ERR,ERR,ERR,ERR,ERR,ERR,ERR,ERR,ERR,ERR,ERR,ERR,ERR,ERR,ERR,ERR,ERR,ERR,ERR,ERR,ERR,ERR,ERR,ERR,ERR,ERR,ERR,ERR,ERR,ERR,ERR,ERR,ERR,ERR,ERR,ERR,ERR,ERR,ERR,ERR,ERR,ERR,ERR,ERR,ERR,ERR,ERR,ERR,ERR,ERR,ERR,ERR,ERR,ERR,ERR,ERR,ERR,ERR,ERR,ERR,ERR,ERR,ERR,ERR,ERR,ERR,ERR,ERR,ERR,ERR,ERR,ERR,-107615104.0,2.718448215410586e+23,nan,0.0,0.0,809.023,1369680000.0,0.0,0,0,4,17339,7116,0.0,100,0.0,0.0,0.0,0.0,0.0,0,0,0,0,0.0,0,0,0,0,0,0,0,0,0,0,0,0,0,0,0,0,0,0,0,0,0,0,0,0,0,0,0,0,0,0,0,0,0,31,40,40,71,65476,0,300,0,0,8,21553,0.0,-107605600.0,0.0,0.0,0.0,0.0,0.0,0.0,0.0,0.0,0.0,0.0,0.0,0.0,0.0,0.0,0.0,0.0,0.0,0.0,0.0,0.0,-0.0,2.004,0.0,0.0,0.0,0.0,0.0,0.0,5465.0,2.004,6920.0,-107615104.0,-0.0,2.004,2.004,0.0,0.0,0.0,0.0,69,0.0,-3.222009039136753e+26,0.0,0.0,0.0,0.0,0.0,0.0,0.0,0,0,0,0.0,0.0,0.0,0.0,0.0,0.0,0.0,0.0,0.0,0.0,0.0,0.0,0.0,0.0,0.0,0.0,0,-107875648.0,69,0.0,138,0.0,2.012,ERR,ERR,ERR,ERR,ERR,ERR,ERR,ERR,ERR,ERR,ERR,ERR,ERR,ERR,ERR,ERR,ERR,ERR,ERR,ERR,ERR,ERR,ERR,ERR,ERR,ERR,ERR,ERR,ERR,ERR,ERR,ERR,ERR,ERR,ERR,ERR,ERR,ERR,ERR,ERR,ERR,ERR,ERR,ERR,ERR,ERR,ERR,ERR,ERR,ERR,ERR,ERR,ERR,ERR,ERR,ERR,ERR,ERR,ERR,ERR,ERR,ERR,ERR,ERR,ERR,ERR,ERR,60.0,60.0,35,0.0,0.0,0.0,0.0,0.0,0.0,0.0,0.0,0.0,0.0,0.0,0.0,0.0,0.0,0.0,0.0,65.2,0,115,56,34,65476,0,300,0,0,8,20529,65476,0,0,2621,60.0,0.0,0.0,0.0,0.0,0.0
2026-07-09T15:54:54,ERR,ERR,ERR,ERR,ERR,ERR,ERR,ERR,ERR,ERR,ERR,ERR,ERR,ERR,ERR,ERR,ERR,ERR,ERR,ERR,ERR,ERR,ERR,ERR,ERR,ERR,ERR,ERR,ERR,ERR,ERR,ERR,ERR,ERR,ERR,ERR,ERR,ERR,ERR,ERR,ERR,ERR,ERR,ERR,ERR,ERR,ERR,ERR,ERR,ERR,ERR,ERR,ERR,ERR,ERR,ERR,ERR,ERR,ERR,ERR,ERR,ERR,ERR,ERR,ERR,ERR,ERR,ERR,ERR,ERR,ERR,ERR,ERR,ERR,ERR,ERR,ERR,ERR,ERR,ERR,ERR,ERR,ERR,ERR,ERR,ERR,ERR,ERR,ERR,ERR,ERR,ERR,ERR,ERR,ERR,ERR,ERR,ERR,ERR,ERR,ERR,ERR,ERR,ERR,ERR,ERR,ERR,ERR,ERR,ERR,ERR,ERR,ERR,ERR,ERR,ERR,ERR,ERR,ERR,ERR,ERR,ERR,ERR,ERR,ERR,2.7184246165485387e+23,-107616152.0,0.0,0.0,0.0,-0.0,-2502990975991808.0,-2.247656842831664e+28,0,0,4,17340,7116,0.0,100,0.0,0.0,0.0,0.0,0.0,0,0,0,0,0.0,0,0,0,0,0,0,0,0,0,0,0,0,0,0,0,0,0,0,0,0,0,0,0,0,0,0,0,0,0,0,0,0,0,31,40,40,71,65476,0,300,0,0,8,21553,0.0,-107605600.0,0.0,0.0,0.0,0.0,0.0,0.0,0.0,0.0,0.0,0.0,0.0,0.0,0.0,0.0,0.0,0.0,0.0,0.0,0.0,0.0,2.004,-0.0,0.0,0.0,0.0,0.0,0.0,0.0,5466.0,0.0,6918.0,2.7184246165485387e+23,0.0,2.004,2.004,0.0,0.0,0.0,0.0,69,0.059,-152017565646848.0,0.0,0.0,0.0,0.0,0.0,0.0,0.0,0,0,0,0.0,0.0,0.0,0.0,0.0,0.0,0.0,0.0,0.0,0.0,0.0,0.0,0.0,0.0,0.0,0.0,0,-107875648.0,69,0.0,138,0.0,2.012,ERR,ERR,ERR,ERR,ERR,ERR,ERR,ERR,ERR,ERR,ERR,ERR,ERR,ERR,ERR,ERR,ERR,ERR,ERR,ERR,ERR,ERR,ERR,ERR,ERR,ERR,ERR,ERR,ERR,ERR,ERR,ERR,ERR,ERR,ERR,ERR,ERR,ERR,ERR,ERR,ERR,ERR,ERR,ERR,ERR,ERR,ERR,ERR,ERR,ERR,ERR,ERR,ERR,ERR,ERR,ERR,ERR,ERR,ERR,ERR,ERR,ERR,ERR,ERR,ERR,ERR,ERR,60.0,60.0,35,0.0,0.0,0.0,0.0,0.0,0.0,0.0,0.0,0.0,0.0,0.0,0.0,0.0,0.0,0.0,0.0,65.6,0,115,56,34,65476,0,300,0,0,8,20529,65476,0,0,2621,60.0,0.0,0.0,0.0,0.0,0.0
2026-07-09T15:54:55,ERR,ERR,ERR,ERR,ERR,ERR,ERR,ERR,ERR,ERR,ERR,ERR,ERR,ERR,ERR,ERR,ERR,ERR,ERR,ERR,ERR,ERR,ERR,ERR,ERR,ERR,ERR,ERR,ERR,ERR,ERR,ERR,ERR,ERR,ERR,ERR,ERR,ERR,ERR,ERR,ERR,ERR,ERR,ERR,ERR,ERR,ERR,ERR,ERR,ERR,ERR,ERR,ERR,ERR,ERR,ERR,ERR,ERR,ERR,ERR,ERR,ERR,ERR,ERR,ERR,ERR,ERR,ERR,ERR,ERR,ERR,ERR,ERR,ERR,ERR,ERR,ERR,ERR,ERR,ERR,ERR,ERR,ERR,ERR,ERR,ERR,ERR,ERR,ERR,ERR,ERR,ERR,ERR,ERR,ERR,ERR,ERR,ERR,ERR,ERR,ERR,ERR,ERR,ERR,ERR,ERR,ERR,ERR,ERR,ERR,ERR,ERR,ERR,ERR,ERR,ERR,ERR,ERR,ERR,ERR,ERR,ERR,ERR,ERR,ERR,2.7184246165485387e+23,-107616152.0,0.0,0.0,0.0,-0.0,-2502990975991808.0,-2.247656842831664e+28,0,0,4,17340,7116,0.0,100,0.0,0.0,0.0,0.0,0.0,0,0,0,0,0.0,0,0,0,0,0,0,0,0,0,0,0,0,0,0,0,0,0,0,0,0,0,0,0,0,0,0,0,0,0,0,0,0,0,31,40,40,71,65476,0,300,0,0,8,21553,0.0,-107605600.0,0.0,0.0,0.0,0.0,0.0,0.0,0.0,0.0,0.0,0.0,0.0,0.0,0.0,0.0,0.0,0.0,0.0,0.0,0.0,0.0,2.004,-0.0,0.0,0.0,0.0,0.0,0.0,0.0,5466.0,0.0,6918.0,2.7184246165485387e+23,0.0,2.004,2.004,0.0,0.0,0.0,0.0,69,0.059,-152017565646848.0,0.0,0.0,0.0,0.0,0.0,0.0,0.0,0,0,0,0.0,0.0,0.0,0.0,0.0,0.0,0.0,0.0,0.0,0.0,0.0,0.0,0.0,0.0,0.0,0.0,0,-107875648.0,69,0.0,138,0.0,2.012,ERR,ERR,ERR,ERR,ERR,ERR,ERR,ERR,ERR,ERR,ERR,ERR,ERR,ERR,ERR,ERR,ERR,ERR,ERR,ERR,ERR,ERR,ERR,ERR,ERR,ERR,ERR,ERR,ERR,ERR,ERR,ERR,ERR,ERR,ERR,ERR,ERR,ERR,ERR,ERR,ERR,ERR,ERR,ERR,ERR,ERR,ERR,ERR,ERR,ERR,ERR,ERR,ERR,ERR,ERR,ERR,ERR,ERR,ERR,ERR,ERR,ERR,ERR,ERR,ERR,ERR,ERR,60.0,60.0,35,0.0,0.0,0.0,0.0,0.0,0.0,0.0,0.0,0.0,0.0,0.0,0.0,0.0,0.0,0.0,0.0,65.2,0,115,56,34,65476,0,300,0,0,8,20529,65476,0,0,2621,60.0,0.0,0.0,0.0,0.0,0.0
2026-07-09T15:54:56,ERR,ERR,ERR,ERR,ERR,ERR,ERR,ERR,ERR,ERR,ERR,ERR,ERR,ERR,ERR,ERR,ERR,ERR,ERR,ERR,ERR,ERR,ERR,ERR,ERR,ERR,ERR,ERR,ERR,ERR,ERR,ERR,ERR,ERR,ERR,ERR,ERR,ERR,ERR,ERR,ERR,ERR,ERR,ERR,ERR,ERR,ERR,ERR,ERR,ERR,ERR,ERR,ERR,ERR,ERR,ERR,ERR,ERR,ERR,ERR,ERR,ERR,ERR,ERR,ERR,ERR,ERR,ERR,ERR,ERR,ERR,ERR,ERR,ERR,ERR,ERR,ERR,ERR,ERR,ERR,ERR,ERR,ERR,ERR,ERR,ERR,ERR,ERR,ERR,ERR,ERR,ERR,ERR,ERR,ERR,ERR,ERR,ERR,ERR,ERR,ERR,ERR,ERR,ERR,ERR,ERR,ERR,ERR,ERR,ERR,ERR,ERR,ERR,ERR,ERR,ERR,ERR,ERR,ERR,ERR,ERR,ERR,ERR,ERR,ERR,2.7184246165485387e+23,-107616152.0,0.0,0.0,0.0,-0.0,-2502990975991808.0,-2.247656842831664e+28,0,0,4,17340,7116,0.0,100,0.0,0.0,0.0,0.0,0.0,0,0,0,0,0.0,0,0,0,0,0,0,0,0,0,0,0,0,0,0,0,0,0,0,0,0,0,0,0,0,0,0,0,0,0,0,0,0,0,31,40,40,71,65476,0,300,0,0,8,21553,0.0,-107605600.0,0.0,0.0,0.0,0.0,0.0,0.0,0.0,0.0,0.0,0.0,0.0,0.0,0.0,0.0,0.0,0.0,0.0,0.0,0.0,0.0,2.004,-0.0,0.0,0.0,0.0,0.0,0.0,0.0,5466.0,0.0,6918.0,2.7184246165485387e+23,0.0,2.004,2.004,0.0,0.0,0.0,0.0,69,0.059,-152017565646848.0,0.0,0.0,0.0,0.0,0.0,0.0,0.0,0,0,0,0.0,0.0,0.0,0.0,0.0,0.0,0.0,0.0,0.0,0.0,0.0,0.0,0.0,0.0,0.0,0.0,0,-107875648.0,69,0.0,138,0.0,2.012,ERR,ERR,ERR,ERR,ERR,ERR,ERR,ERR,ERR,ERR,ERR,ERR,ERR,ERR,ERR,ERR,ERR,ERR,ERR,ERR,ERR,ERR,ERR,ERR,ERR,ERR,ERR,ERR,ERR,ERR,ERR,ERR,ERR,ERR,ERR,ERR,ERR,ERR,ERR,ERR,ERR,ERR,ERR,ERR,ERR,ERR,ERR,ERR,ERR,ERR,ERR,ERR,ERR,ERR,ERR,ERR,ERR,ERR,ERR,ERR,ERR,ERR,ERR,ERR,ERR,ERR,ERR,60.0,60.0,35,0.0,0.0,0.0,0.0,0.0,0.0,0.0,0.0,0.0,0.0,0.0,0.0,0.0,0.0,0.0,0.0,65.2,0,115,56,34,65476,0,300,0,0,8,20529,65476,0,0,2621,60.0,0.0,0.0,0.0,0.0,0.0
2026-07-09T15:54:57,ERR,ERR,ERR,ERR,ERR,ERR,ERR,ERR,ERR,ERR,ERR,ERR,ERR,ERR,ERR,ERR,ERR,ERR,ERR,ERR,ERR,ERR,ERR,ERR,ERR,ERR,ERR,ERR,ERR,ERR,ERR,ERR,ERR,ERR,ERR,ERR,ERR,ERR,ERR,ERR,ERR,ERR,ERR,ERR,ERR,ERR,ERR,ERR,ERR,ERR,ERR,ERR,ERR,ERR,ERR,ERR,ERR,ERR,ERR,ERR,ERR,ERR,ERR,ERR,ERR,ERR,ERR,ERR,ERR,ERR,ERR,ERR,ERR,ERR,ERR,ERR,ERR,ERR,ERR,ERR,ERR,ERR,ERR,ERR,ERR,ERR,ERR,ERR,ERR,ERR,ERR,ERR,ERR,ERR,ERR,ERR,ERR,ERR,ERR,ERR,ERR,ERR,ERR,ERR,ERR,ERR,ERR,ERR,ERR,ERR,ERR,ERR,ERR,ERR,ERR,ERR,ERR,ERR,ERR,ERR,ERR,ERR,ERR,ERR,ERR,2.7184246165485387e+23,-107616152.0,0.0,0.0,0.0,-0.0,-2502990975991808.0,-2.247656842831664e+28,0,0,4,17340,7116,0.0,100,0.0,0.0,0.0,0.0,0.0,0,0,0,0,0.0,0,0,0,0,0,0,0,0,0,0,0,0,0,0,0,0,0,0,0,0,0,0,0,0,0,0,0,0,0,0,0,0,0,31,40,40,71,65476,0,300,0,0,8,21553,0.0,-107605600.0,0.0,0.0,0.0,0.0,0.0,0.0,0.0,0.0,0.0,0.0,0.0,0.0,0.0,0.0,0.0,0.0,0.0,0.0,0.0,0.0,2.004,-0.0,0.0,0.0,0.0,0.0,0.0,0.0,5466.0,0.0,6918.0,2.7184246165485387e+23,0.0,2.004,2.004,0.0,0.0,0.0,0.0,69,0.059,-152017565646848.0,0.0,0.0,0.0,0.0,0.0,0.0,0.0,0,0,0,0.0,0.0,0.0,0.0,0.0,0.0,0.0,0.0,0.0,0.0,0.0,0.0,0.0,0.0,0.0,0.0,0,-107875648.0,69,0.0,138,0.0,2.012,ERR,ERR,ERR,ERR,ERR,ERR,ERR,ERR,ERR,ERR,ERR,ERR,ERR,ERR,ERR,ERR,ERR,ERR,ERR,ERR,ERR,ERR,ERR,ERR,ERR,ERR,ERR,ERR,ERR,ERR,ERR,ERR,ERR,ERR,ERR,ERR,ERR,ERR,ERR,ERR,ERR,ERR,ERR,ERR,ERR,ERR,ERR,ERR,ERR,ERR,ERR,ERR,ERR,ERR,ERR,ERR,ERR,ERR,ERR,ERR,ERR,ERR,ERR,ERR,ERR,ERR,ERR,60.0,60.0,35,0.0,0.0,0.0,0.0,0.0,0.0,0.0,0.0,0.0,0.0,0.0,0.0,0.0,0.0,0.0,0.0,65.6,0,115,56,34,65476,0,300,0,0,8,20529,65476,0,0,2621,60.0,0.0,0.0,0.0,0.0,0.0
2026-07-09T15:54:58,ERR,ERR,ERR,ERR,ERR,ERR,ERR,ERR,ERR,ERR,ERR,ERR,ERR,ERR,ERR,ERR,ERR,ERR,ERR,ERR,ERR,ERR,ERR,ERR,ERR,ERR,ERR,ERR,ERR,ERR,ERR,ERR,ERR,ERR,ERR,ERR,ERR,ERR,ERR,ERR,ERR,ERR,ERR,ERR,ERR,ERR,ERR,ERR,ERR,ERR,ERR,ERR,ERR,ERR,ERR,ERR,ERR,ERR,ERR,ERR,ERR,ERR,ERR,ERR,ERR,ERR,ERR,ERR,ERR,ERR,ERR,ERR,ERR,ERR,ERR,ERR,ERR,ERR,ERR,ERR,ERR,ERR,ERR,ERR,ERR,ERR,ERR,ERR,ERR,ERR,ERR,ERR,ERR,ERR,ERR,ERR,ERR,ERR,ERR,ERR,ERR,ERR,ERR,ERR,ERR,ERR,ERR,ERR,ERR,ERR,ERR,ERR,ERR,ERR,ERR,ERR,ERR,ERR,ERR,ERR,ERR,ERR,ERR,ERR,ERR,2.7184246165485387e+23,-107616152.0,0.0,0.0,0.0,-0.0,-2502990975991808.0,-2.247656842831664e+28,0,0,4,17340,7116,0.0,100,0.0,0.0,0.0,0.0,0.0,0,0,0,0,0.0,0,0,0,0,0,0,0,0,0,0,0,0,0,0,0,0,0,0,0,0,0,0,0,0,0,0,0,0,0,0,0,0,0,31,40,40,71,65476,0,300,0,0,8,21553,0.0,-107605600.0,0.0,0.0,0.0,0.0,0.0,0.0,0.0,0.0,0.0,0.0,0.0,0.0,0.0,0.0,0.0,0.0,0.0,0.0,0.0,0.0,2.004,-0.0,0.0,0.0,0.0,0.0,0.0,0.0,5466.0,0.0,6918.0,2.7184246165485387e+23,0.0,2.004,2.004,0.0,0.0,0.0,0.0,69,0.059,-152017565646848.0,0.0,0.0,0.0,0.0,0.0,0.0,0.0,0,0,0,0.0,0.0,0.0,0.0,0.0,0.0,0.0,0.0,0.0,0.0,0.0,0.0,0.0,0.0,0.0,0.0,0,-107875648.0,69,0.0,138,0.0,2.012,ERR,ERR,ERR,ERR,ERR,ERR,ERR,ERR,ERR,ERR,ERR,ERR,ERR,ERR,ERR,ERR,ERR,ERR,ERR,ERR,ERR,ERR,ERR,ERR,ERR,ERR,ERR,ERR,ERR,ERR,ERR,ERR,ERR,ERR,ERR,ERR,ERR,ERR,ERR,ERR,ERR,ERR,ERR,ERR,ERR,ERR,ERR,ERR,ERR,ERR,ERR,ERR,ERR,ERR,ERR,ERR,ERR,ERR,ERR,ERR,ERR,ERR,ERR,ERR,ERR,ERR,ERR,60.0,60.0,35,0.0,0.0,0.0,0.0,0.0,0.0,0.0,0.0,0.0,0.0,0.0,0.0,0.0,0.0,0.0,0.0,65.6,0,115,56,34,65476,0,300,0,0,8,20529,65476,0,0,2621,60.0,0.0,0.0,0.0,0.0,0.0
2026-07-09T15:54:59,ERR,ERR,ERR,ERR,ERR,ERR,ERR,ERR,ERR,ERR,ERR,ERR,ERR,ERR,ERR,ERR,ERR,ERR,ERR,ERR,ERR,ERR,ERR,ERR,ERR,ERR,ERR,ERR,ERR,ERR,ERR,ERR,ERR,ERR,ERR,ERR,ERR,ERR,ERR,ERR,ERR,ERR,ERR,ERR,ERR,ERR,ERR,ERR,ERR,ERR,ERR,ERR,ERR,ERR,ERR,ERR,ERR,ERR,ERR,ERR,ERR,ERR,ERR,ERR,ERR,ERR,ERR,ERR,ERR,ERR,ERR,ERR,ERR,ERR,ERR,ERR,ERR,ERR,ERR,ERR,ERR,ERR,ERR,ERR,ERR,ERR,ERR,ERR,ERR,ERR,ERR,ERR,ERR,ERR,ERR,ERR,ERR,ERR,ERR,ERR,ERR,ERR,ERR,ERR,ERR,ERR,ERR,ERR,ERR,ERR,ERR,ERR,ERR,ERR,ERR,ERR,ERR,ERR,ERR,ERR,ERR,ERR,ERR,ERR,ERR,2.7184246165485387e+23,0.0,-0.0,2.7183478752108883e+23,1.8931103961833435e+22,1.852748547252018e+26,-0.0,-5.200459835153875e+34,0,0,4,17344,7116,0.0,100,0.0,0.0,2.7183478752108883e+23,0.0,0.0,0,0,0,0,0.0,0,0,0,0,0,0,0,0,0,0,0,0,0,0,0,0,0,0,0,0,0,0,0,0,0,0,0,0,0,0,0,0,0,31,40,40,71,65476,0,300,0,0,8,21553,0.0,-107605600.0,0.0,0.0,0.0,0.0,0.0,0.0,0.0,0.0,0.0,0.0,0.0,0.0,0.0,0.0,0.0,0.0,0.0,0.0,0.0,0.0,2.004,-0.0,0.0,0.0,0.0,0.0,0.0,0.0,5465.0,3.697192290889813e+19,6924.0,2.7184246165485387e+23,0.0,2.004,2.004,0.0,0.0,0.0,0.0,69,0.0,0.0,0.0,0.0,0.0,0.0,0.0,0.0,0.0,0,0,0,0.0,0.0,0.0,0.0,0.0,0.0,0.0,0.0,0.0,0.0,0.0,0.0,0.0,0.0,0.0,0.0,0,-107875648.0,69,0.0,138,0.0,2.012,ERR,ERR,ERR,ERR,ERR,ERR,ERR,ERR,ERR,ERR,ERR,ERR,ERR,ERR,ERR,ERR,ERR,ERR,ERR,ERR,ERR,ERR,ERR,ERR,ERR,ERR,ERR,ERR,ERR,ERR,ERR,ERR,ERR,ERR,ERR,ERR,ERR,ERR,ERR,ERR,ERR,ERR,ERR,ERR,ERR,ERR,ERR,ERR,ERR,ERR,ERR,ERR,ERR,ERR,ERR,ERR,ERR,ERR,ERR,ERR,ERR,ERR,ERR,ERR,ERR,ERR,ERR,60.0,60.0,35,0.0,0.0,0.0,0.0,0.0,0.0,0.0,0.0,0.0,0.0,0.0,0.0,0.0,0.0,0.0,0.0,65.6,0,115,56,34,65476,0,300,0,0,8,20529,65476,0,0,2621,60.0,0.0,0.0,0.0,0.0,0.0
2026-07-09T15:55:00,ERR,ERR,ERR,ERR,ERR,ERR,ERR,ERR,ERR,ERR,ERR,ERR,ERR,ERR,ERR,ERR,ERR,ERR,ERR,ERR,ERR,ERR,ERR,ERR,ERR,ERR,ERR,ERR,ERR,ERR,ERR,ERR,ERR,ERR,ERR,ERR,ERR,ERR,ERR,ERR,ERR,ERR,ERR,ERR,ERR,ERR,ERR,ERR,ERR,ERR,ERR,ERR,ERR,ERR,ERR,ERR,ERR,ERR,ERR,ERR,ERR,ERR,ERR,ERR,ERR,ERR,ERR,ERR,ERR,ERR,ERR,ERR,ERR,ERR,ERR,ERR,ERR,ERR,ERR,ERR,ERR,ERR,ERR,ERR,ERR,ERR,ERR,ERR,ERR,ERR,ERR,ERR,ERR,ERR,ERR,ERR,ERR,ERR,ERR,ERR,ERR,ERR,ERR,ERR,ERR,ERR,ERR,ERR,ERR,ERR,ERR,ERR,ERR,ERR,ERR,ERR,ERR,ERR,ERR,ERR,ERR,ERR,ERR,ERR,ERR,2.7184246165485387e+23,0.0,-0.0,2.7183478752108883e+23,1.8931103961833435e+22,1.852748547252018e+26,-0.0,-5.200459835153875e+34,0,0,4,17344,7116,0.0,100,0.0,0.0,2.7183478752108883e+23,0.0,0.0,0,0,0,0,0.0,0,0,0,0,0,0,0,0,0,0,0,0,0,0,0,0,0,0,0,0,0,0,0,0,0,0,0,0,0,0,0,0,0,31,40,40,71,65476,0,300,0,0,8,21553,0.0,-107605600.0,0.0,0.0,0.0,0.0,0.0,0.0,0.0,0.0,0.0,0.0,0.0,0.0,0.0,0.0,0.0,0.0,0.0,0.0,0.0,0.0,2.004,-0.0,0.0,0.0,0.0,0.0,0.0,0.0,5465.0,3.697192290889813e+19,6924.0,2.7184246165485387e+23,0.0,2.004,2.004,0.0,0.0,0.0,0.0,69,0.0,0.0,0.0,0.0,0.0,0.0,0.0,0.0,0.0,0,0,0,0.0,0.0,0.0,0.0,0.0,0.0,0.0,0.0,0.0,0.0,0.0,0.0,0.0,0.0,0.0,0.0,0,-107875648.0,69,0.0,138,0.0,2.012,ERR,ERR,ERR,ERR,ERR,ERR,ERR,ERR,ERR,ERR,ERR,ERR,ERR,ERR,ERR,ERR,ERR,ERR,ERR,ERR,ERR,ERR,ERR,ERR,ERR,ERR,ERR,ERR,ERR,ERR,ERR,ERR,ERR,ERR,ERR,ERR,ERR,ERR,ERR,ERR,ERR,ERR,ERR,ERR,ERR,ERR,ERR,ERR,ERR,ERR,ERR,ERR,ERR,ERR,ERR,ERR,ERR,ERR,ERR,ERR,ERR,ERR,ERR,ERR,ERR,ERR,ERR,60.0,60.0,35,0.0,0.0,0.0,0.0,0.0,0.0,0.0,0.0,0.0,0.0,0.0,0.0,0.0,0.0,0.0,0.0,65.2,0,115,56,34,65476,0,300,0,0,8,20529,65476,0,0,2621,60.0,0.0,0.0,0.0,0.0,0.0
2026-07-09T15:55:01,ERR,ERR,ERR,ERR,ERR,ERR,ERR,ERR,ERR,ERR,ERR,ERR,ERR,ERR,ERR,ERR,ERR,ERR,ERR,ERR,ERR,ERR,ERR,ERR,ERR,ERR,ERR,ERR,ERR,ERR,ERR,ERR,ERR,ERR,ERR,ERR,ERR,ERR,ERR,ERR,ERR,ERR,ERR,ERR,ERR,ERR,ERR,ERR,ERR,ERR,ERR,ERR,ERR,ERR,ERR,ERR,ERR,ERR,ERR,ERR,ERR,ERR,ERR,ERR,ERR,ERR,ERR,ERR,ERR,ERR,ERR,ERR,ERR,ERR,ERR,ERR,ERR,ERR,ERR,ERR,ERR,ERR,ERR,ERR,ERR,ERR,ERR,ERR,ERR,ERR,ERR,ERR,ERR,ERR,ERR,ERR,ERR,ERR,ERR,ERR,ERR,ERR,ERR,ERR,ERR,ERR,ERR,ERR,ERR,ERR,ERR,ERR,ERR,ERR,ERR,ERR,ERR,ERR,ERR,ERR,ERR,ERR,ERR,ERR,ERR,2.7184246165485387e+23,0.0,-0.0,2.7183478752108883e+23,1.8931103961833435e+22,1.852748547252018e+26,-0.0,-5.200459835153875e+34,0,0,4,17344,7116,0.0,100,0.0,0.0,2.7183478752108883e+23,0.0,0.0,0,0,0,0,0.0,0,0,0,0,0,0,0,0,0,0,0,0,0,0,0,0,0,0,0,0,0,0,0,0,0,0,0,0,0,0,0,0,0,31,40,40,71,65476,0,300,0,0,8,21553,0.0,-107605600.0,0.0,0.0,0.0,0.0,0.0,0.0,0.0,0.0,0.0,0.0,0.0,0.0,0.0,0.0,0.0,0.0,0.0,0.0,0.0,0.0,2.004,-0.0,0.0,0.0,0.0,0.0,0.0,0.0,5465.0,3.697192290889813e+19,6924.0,2.7184246165485387e+23,0.0,2.004,2.004,0.0,0.0,0.0,0.0,69,0.0,0.0,0.0,0.0,0.0,0.0,0.0,0.0,0.0,0,0,0,0.0,0.0,0.0,0.0,0.0,0.0,0.0,0.0,0.0,0.0,0.0,0.0,0.0,0.0,0.0,0.0,0,-107875648.0,69,0.0,138,0.0,2.012,ERR,ERR,ERR,ERR,ERR,ERR,ERR,ERR,ERR,ERR,ERR,ERR,ERR,ERR,ERR,ERR,ERR,ERR,ERR,ERR,ERR,ERR,ERR,ERR,ERR,ERR,ERR,ERR,ERR,ERR,ERR,ERR,ERR,ERR,ERR,ERR,ERR,ERR,ERR,ERR,ERR,ERR,ERR,ERR,ERR,ERR,ERR,ERR,ERR,ERR,ERR,ERR,ERR,ERR,ERR,ERR,ERR,ERR,ERR,ERR,ERR,ERR,ERR,ERR,ERR,ERR,ERR,60.0,60.0,35,0.0,0.0,0.0,0.0,0.0,0.0,0.0,0.0,0.0,0.0,0.0,0.0,0.0,0.0,0.0,0.0,65.2,0,115,56,34,65476,0,300,0,0,8,20529,65476,0,0,2621,60.0,0.0,0.0,0.0,0.0,0.0
2026-07-09T15:55:02,ERR,ERR,ERR,ERR,ERR,ERR,ERR,ERR,ERR,ERR,ERR,ERR,ERR,ERR,ERR,ERR,ERR,ERR,ERR,ERR,ERR,ERR,ERR,ERR,ERR,ERR,ERR,ERR,ERR,ERR,ERR,ERR,ERR,ERR,ERR,ERR,ERR,ERR,ERR,ERR,ERR,ERR,ERR,ERR,ERR,ERR,ERR,ERR,ERR,ERR,ERR,ERR,ERR,ERR,ERR,ERR,ERR,ERR,ERR,ERR,ERR,ERR,ERR,ERR,ERR,ERR,ERR,ERR,ERR,ERR,ERR,ERR,ERR,ERR,ERR,ERR,ERR,ERR,ERR,ERR,ERR,ERR,ERR,ERR,ERR,ERR,ERR,ERR,ERR,ERR,ERR,ERR,ERR,ERR,ERR,ERR,ERR,ERR,ERR,ERR,ERR,ERR,ERR,ERR,ERR,ERR,ERR,ERR,ERR,ERR,ERR,ERR,ERR,ERR,ERR,ERR,ERR,ERR,ERR,ERR,ERR,ERR,ERR,ERR,ERR,2.7184246165485387e+23,0.0,-0.0,2.7183478752108883e+23,1.8931103961833435e+22,1.852748547252018e+26,-0.0,-5.200459835153875e+34,0,0,4,17344,7116,0.0,100,0.0,0.0,2.7183478752108883e+23,0.0,0.0,0,0,0,0,0.0,0,0,0,0,0,0,0,0,0,0,0,0,0,0,0,0,0,0,0,0,0,0,0,0,0,0,0,0,0,0,0,0,0,31,40,40,71,65476,0,300,0,0,8,21553,0.0,-107605600.0,0.0,0.0,0.0,0.0,0.0,0.0,0.0,0.0,0.0,0.0,0.0,0.0,0.0,0.0,0.0,0.0,0.0,0.0,0.0,0.0,2.004,-0.0,0.0,0.0,0.0,0.0,0.0,0.0,5465.0,3.697192290889813e+19,6924.0,2.7184246165485387e+23,0.0,2.004,2.004,0.0,0.0,0.0,0.0,69,0.0,0.0,0.0,0.0,0.0,0.0,0.0,0.0,0.0,0,0,0,0.0,0.0,0.0,0.0,0.0,0.0,0.0,0.0,0.0,0.0,0.0,0.0,0.0,0.0,0.0,0.0,0,-107875648.0,69,0.0,138,0.0,2.012,ERR,ERR,ERR,ERR,ERR,ERR,ERR,ERR,ERR,ERR,ERR,ERR,ERR,ERR,ERR,ERR,ERR,ERR,ERR,ERR,ERR,ERR,ERR,ERR,ERR,ERR,ERR,ERR,ERR,ERR,ERR,ERR,ERR,ERR,ERR,ERR,ERR,ERR,ERR,ERR,ERR,ERR,ERR,ERR,ERR,ERR,ERR,ERR,ERR,ERR,ERR,ERR,ERR,ERR,ERR,ERR,ERR,ERR,ERR,ERR,ERR,ERR,ERR,ERR,ERR,ERR,ERR,60.0,60.0,35,0.0,0.0,0.0,0.0,0.0,0.0,0.0,0.0,0.0,0.0,0.0,0.0,0.0,0.0,0.0,0.0,65.6,0,116,56,34,65476,0,300,0,0,8,20529,65476,0,0,2621,60.0,0.0,0.0,0.0,0.0,0.0
2026-07-09T15:55:03,ERR,ERR,ERR,ERR,ERR,ERR,ERR,ERR,ERR,ERR,ERR,ERR,ERR,ERR,ERR,ERR,ERR,ERR,ERR,ERR,ERR,ERR,ERR,ERR,ERR,ERR,ERR,ERR,ERR,ERR,ERR,ERR,ERR,ERR,ERR,ERR,ERR,ERR,ERR,ERR,ERR,ERR,ERR,ERR,ERR,ERR,ERR,ERR,ERR,ERR,ERR,ERR,ERR,ERR,ERR,ERR,ERR,ERR,ERR,ERR,ERR,ERR,ERR,ERR,ERR,ERR,ERR,ERR,ERR,ERR,ERR,ERR,ERR,ERR,ERR,ERR,ERR,ERR,ERR,ERR,ERR,ERR,ERR,ERR,ERR,ERR,ERR,ERR,ERR,ERR,ERR,ERR,ERR,ERR,ERR,ERR,ERR,ERR,ERR,ERR,ERR,ERR,ERR,ERR,ERR,ERR,ERR,ERR,ERR,ERR,ERR,ERR,ERR,ERR,ERR,ERR,ERR,ERR,ERR,ERR,ERR,ERR,ERR,ERR,ERR,2.7184246165485387e+23,2.7184483955545712e+23,2.7184260577004195e+23,2.7183478752108883e+23,nan,-2.18333344776093e+38,1.572,0.0,0,0,4,17342,7116,0.0,100,0.0,0.0,2.7183478752108883e+23,0.0,0.0,0,0,0,0,0.0,0,0,0,0,0,0,0,0,0,0,0,0,0,0,0,0,0,0,0,0,0,0,0,0,0,0,0,0,0,0,0,0,0,31,40,40,71,65476,0,300,0,0,8,21553,0.0,-107605600.0,0.0,0.0,0.0,0.0,0.0,0.0,0.0,0.0,0.0,0.0,0.0,0.0,0.0,0.0,0.0,0.0,0.0,0.0,0.0,0.0,0.0,-3.697071784415409e+19,0.0,0.0,0.0,0.0,0.0,0.0,5463.0,1.040667113973027e+34,6927.0,0.0,-0.0,2.004,2.004,0.0,0.0,0.0,0.0,69,0.0,89220.703,0.0,0.0,0.0,0.0,0.0,0.0,0.0,0,0,0,0.0,0.0,0.0,0.0,0.0,0.0,0.0,0.0,0.0,0.0,0.0,0.0,0.0,0.0,0.0,0.0,0,-107875648.0,69,0.0,138,0.0,2.012,ERR,ERR,ERR,ERR,ERR,ERR,ERR,ERR,ERR,ERR,ERR,ERR,ERR,ERR,ERR,ERR,ERR,ERR,ERR,ERR,ERR,ERR,ERR,ERR,ERR,ERR,ERR,ERR,ERR,ERR,ERR,ERR,ERR,ERR,ERR,ERR,ERR,ERR,ERR,ERR,ERR,ERR,ERR,ERR,ERR,ERR,ERR,ERR,ERR,ERR,ERR,ERR,ERR,ERR,ERR,ERR,ERR,ERR,ERR,ERR,ERR,ERR,ERR,ERR,ERR,ERR,ERR,60.0,60.0,35,0.0,0.0,0.0,0.0,0.0,0.0,0.0,0.0,0.0,0.0,0.0,0.0,0.0,0.0,0.0,0.0,65.6,0,116,56,34,65476,0,300,0,0,8,20529,65476,0,0,2621,60.0,0.0,0.0,0.0,0.0,0.0
2026-07-09T15:55:04,ERR,ERR,ERR,ERR,ERR,ERR,ERR,ERR,ERR,ERR,ERR,ERR,ERR,ERR,ERR,ERR,ERR,ERR,ERR,ERR,ERR,ERR,ERR,ERR,ERR,ERR,ERR,ERR,ERR,ERR,ERR,ERR,ERR,ERR,ERR,ERR,ERR,ERR,ERR,ERR,ERR,ERR,ERR,ERR,ERR,ERR,ERR,ERR,ERR,ERR,ERR,ERR,ERR,ERR,ERR,ERR,ERR,ERR,ERR,ERR,ERR,ERR,ERR,ERR,ERR,ERR,ERR,ERR,ERR,ERR,ERR,ERR,ERR,ERR,ERR,ERR,ERR,ERR,ERR,ERR,ERR,ERR,ERR,ERR,ERR,ERR,ERR,ERR,ERR,ERR,ERR,ERR,ERR,ERR,ERR,ERR,ERR,ERR,ERR,ERR,ERR,ERR,ERR,ERR,ERR,ERR,ERR,ERR,ERR,ERR,ERR,ERR,ERR,ERR,ERR,ERR,ERR,ERR,ERR,ERR,ERR,ERR,ERR,ERR,ERR,2.7184246165485387e+23,2.7184483955545712e+23,2.7184260577004195e+23,2.7183478752108883e+23,nan,-2.18333344776093e+38,1.572,0.0,0,0,4,17342,7116,0.0,100,0.0,0.0,2.7183478752108883e+23,0.0,0.0,0,0,0,0,0.0,0,0,0,0,0,0,0,0,0,0,0,0,0,0,0,0,0,0,0,0,0,0,0,0,0,0,0,0,0,0,0,0,0,31,40,40,71,65476,0,300,0,0,8,21553,0.0,-107605600.0,0.0,0.0,0.0,0.0,0.0,0.0,0.0,0.0,0.0,0.0,0.0,0.0,0.0,0.0,0.0,0.0,0.0,0.0,0.0,0.0,0.0,-3.697071784415409e+19,0.0,0.0,0.0,0.0,0.0,0.0,5463.0,1.040667113973027e+34,6927.0,0.0,-0.0,2.004,2.004,0.0,0.0,0.0,0.0,69,0.0,89220.703,0.0,0.0,0.0,0.0,0.0,0.0,0.0,0,0,0,0.0,0.0,0.0,0.0,0.0,0.0,0.0,0.0,0.0,0.0,0.0,0.0,0.0,0.0,0.0,0.0,0,-107875648.0,69,0.0,138,0.0,2.012,ERR,ERR,ERR,ERR,ERR,ERR,ERR,ERR,ERR,ERR,ERR,ERR,ERR,ERR,ERR,ERR,ERR,ERR,ERR,ERR,ERR,ERR,ERR,ERR,ERR,ERR,ERR,ERR,ERR,ERR,ERR,ERR,ERR,ERR,ERR,ERR,ERR,ERR,ERR,ERR,ERR,ERR,ERR,ERR,ERR,ERR,ERR,ERR,ERR,ERR,ERR,ERR,ERR,ERR,ERR,ERR,ERR,ERR,ERR,ERR,ERR,ERR,ERR,ERR,ERR,ERR,ERR,60.0,60.0,35,0.0,0.0,0.0,0.0,0.0,0.0,0.0,0.0,0.0,0.0,0.0,0.0,0.0,0.0,0.0,0.0,65.2,0,116,56,34,65476,0,300,0,0,8,20529,65476,0,0,2621,60.0,0.0,0.0,0.0,0.0,0.0
2026-07-09T15:55:05,ERR,ERR,ERR,ERR,ERR,ERR,ERR,ERR,ERR,ERR,ERR,ERR,ERR,ERR,ERR,ERR,ERR,ERR,ERR,ERR,ERR,ERR,ERR,ERR,ERR,ERR,ERR,ERR,ERR,ERR,ERR,ERR,ERR,ERR,ERR,ERR,ERR,ERR,ERR,ERR,ERR,ERR,ERR,ERR,ERR,ERR,ERR,ERR,ERR,ERR,ERR,ERR,ERR,ERR,ERR,ERR,ERR,ERR,ERR,ERR,ERR,ERR,ERR,ERR,ERR,ERR,ERR,ERR,ERR,ERR,ERR,ERR,ERR,ERR,ERR,ERR,ERR,ERR,ERR,ERR,ERR,ERR,ERR,ERR,ERR,ERR,ERR,ERR,ERR,ERR,ERR,ERR,ERR,ERR,ERR,ERR,ERR,ERR,ERR,ERR,ERR,ERR,ERR,ERR,ERR,ERR,ERR,ERR,ERR,ERR,ERR,ERR,ERR,ERR,ERR,ERR,ERR,ERR,ERR,ERR,ERR,ERR,ERR,ERR,ERR,2.7184246165485387e+23,2.7184483955545712e+23,2.7184260577004195e+23,2.7183478752108883e+23,nan,-2.18333344776093e+38,1.572,0.0,0,0,4,17342,7116,0.0,100,0.0,0.0,2.7183478752108883e+23,0.0,0.0,0,0,0,0,0.0,0,0,0,0,0,0,0,0,0,0,0,0,0,0,0,0,0,0,0,0,0,0,0,0,0,0,0,0,0,0,0,0,0,31,40,40,71,65476,0,300,0,0,8,21553,0.0,-107605600.0,0.0,0.0,0.0,0.0,0.0,0.0,0.0,0.0,0.0,0.0,0.0,0.0,0.0,0.0,0.0,0.0,0.0,0.0,0.0,0.0,0.0,-3.697071784415409e+19,0.0,0.0,0.0,0.0,0.0,0.0,5463.0,1.040667113973027e+34,6927.0,0.0,-0.0,2.004,2.004,0.0,0.0,0.0,0.0,69,0.0,89220.703,0.0,0.0,0.0,0.0,0.0,0.0,0.0,0,0,0,0.0,0.0,0.0,0.0,0.0,0.0,0.0,0.0,0.0,0.0,0.0,0.0,0.0,0.0,0.0,0.0,0,-107875648.0,69,0.0,138,0.0,2.012,ERR,ERR,ERR,ERR,ERR,ERR,ERR,ERR,ERR,ERR,ERR,ERR,ERR,ERR,ERR,ERR,ERR,ERR,ERR,ERR,ERR,ERR,ERR,ERR,ERR,ERR,ERR,ERR,ERR,ERR,ERR,ERR,ERR,ERR,ERR,ERR,ERR,ERR,ERR,ERR,ERR,ERR,ERR,ERR,ERR,ERR,ERR,ERR,ERR,ERR,ERR,ERR,ERR,ERR,ERR,ERR,ERR,ERR,ERR,ERR,ERR,ERR,ERR,ERR,ERR,ERR,ERR,60.0,60.0,35,0.0,0.0,0.0,0.0,0.0,0.0,0.0,0.0,0.0,0.0,0.0,0.0,0.0,0.0,0.0,0.0,65.2,0,116,56,34,65476,0,300,0,0,8,20529,65476,0,0,2621,60.0,0.0,0.0,0.0,0.0,0.0
2026-07-09T15:55:06,ERR,ERR,ERR,ERR,ERR,ERR,ERR,ERR,ERR,ERR,ERR,ERR,ERR,ERR,ERR,ERR,ERR,ERR,ERR,ERR,ERR,ERR,ERR,ERR,ERR,ERR,ERR,ERR,ERR,ERR,ERR,ERR,ERR,ERR,ERR,ERR,ERR,ERR,ERR,ERR,ERR,ERR,ERR,ERR,ERR,ERR,ERR,ERR,ERR,ERR,ERR,ERR,ERR,ERR,ERR,ERR,ERR,ERR,ERR,ERR,ERR,ERR,ERR,ERR,ERR,ERR,ERR,ERR,ERR,ERR,ERR,ERR,ERR,ERR,ERR,ERR,ERR,ERR,ERR,ERR,ERR,ERR,ERR,ERR,ERR,ERR,ERR,ERR,ERR,ERR,ERR,ERR,ERR,ERR,ERR,ERR,ERR,ERR,ERR,ERR,ERR,ERR,ERR,ERR,ERR,ERR,ERR,ERR,ERR,ERR,ERR,ERR,ERR,ERR,ERR,ERR,ERR,ERR,ERR,ERR,ERR,ERR,ERR,ERR,ERR,2.7184246165485387e+23,2.7184483955545712e+23,2.7184260577004195e+23,2.7183478752108883e+23,nan,-2.18333344776093e+38,1.572,0.0,0,0,4,17342,7116,0.0,100,0.0,0.0,2.7183478752108883e+23,0.0,0.0,0,0,0,0,0.0,0,0,0,0,0,0,0,0,0,0,0,0,0,0,0,0,0,0,0,0,0,0,0,0,0,0,0,0,0,0,0,0,0,31,40,40,71,65476,0,300,0,0,8,21553,0.0,-107605600.0,0.0,0.0,0.0,0.0,0.0,0.0,0.0,0.0,0.0,0.0,0.0,0.0,0.0,0.0,0.0,0.0,0.0,0.0,0.0,0.0,0.0,-3.697071784415409e+19,0.0,0.0,0.0,0.0,0.0,0.0,5463.0,1.040667113973027e+34,6927.0,0.0,-0.0,2.004,2.004,0.0,0.0,0.0,0.0,69,0.0,89220.703,0.0,0.0,0.0,0.0,0.0,0.0,0.0,0,0,0,0.0,0.0,0.0,0.0,0.0,0.0,0.0,0.0,0.0,0.0,0.0,0.0,0.0,0.0,0.0,0.0,0,-107875648.0,69,0.0,138,0.0,2.012,ERR,ERR,ERR,ERR,ERR,ERR,ERR,ERR,ERR,ERR,ERR,ERR,ERR,ERR,ERR,ERR,ERR,ERR,ERR,ERR,ERR,ERR,ERR,ERR,ERR,ERR,ERR,ERR,ERR,ERR,ERR,ERR,ERR,ERR,ERR,ERR,ERR,ERR,ERR,ERR,ERR,ERR,ERR,ERR,ERR,ERR,ERR,ERR,ERR,ERR,ERR,ERR,ERR,ERR,ERR,ERR,ERR,ERR,ERR,ERR,ERR,ERR,ERR,ERR,ERR,ERR,ERR,60.0,60.0,35,0.0,0.0,0.0,0.0,0.0,0.0,0.0,0.0,0.0,0.0,0.0,0.0,0.0,0.0,0.0,0.0,65.2,0,116,56,34,65476,0,300,0,0,8,20529,65476,0,0,2621,60.0,0.0,0.0,0.0,0.0,0.0
2026-07-09T15:55:07,ERR,ERR,ERR,ERR,ERR,ERR,ERR,ERR,ERR,ERR,ERR,ERR,ERR,ERR,ERR,ERR,ERR,ERR,ERR,ERR,ERR,ERR,ERR,ERR,ERR,ERR,ERR,ERR,ERR,ERR,ERR,ERR,ERR,ERR,ERR,ERR,ERR,ERR,ERR,ERR,ERR,ERR,ERR,ERR,ERR,ERR,ERR,ERR,ERR,ERR,ERR,ERR,ERR,ERR,ERR,ERR,ERR,ERR,ERR,ERR,ERR,ERR,ERR,ERR,ERR,ERR,ERR,ERR,ERR,ERR,ERR,ERR,ERR,ERR,ERR,ERR,ERR,ERR,ERR,ERR,ERR,ERR,ERR,ERR,ERR,ERR,ERR,ERR,ERR,ERR,ERR,ERR,ERR,ERR,ERR,ERR,ERR,ERR,ERR,ERR,ERR,ERR,ERR,ERR,ERR,ERR,ERR,ERR,ERR,ERR,ERR,ERR,ERR,ERR,ERR,ERR,ERR,ERR,ERR,ERR,ERR,ERR,ERR,ERR,ERR,2.7184246165485387e+23,2.7184483955545712e+23,2.7184260577004195e+23,2.7183478752108883e+23,nan,-2.18333344776093e+38,1.572,0.0,0,0,4,17342,7116,0.0,100,0.0,0.0,2.7183478752108883e+23,0.0,0.0,0,0,0,0,0.0,0,0,0,0,0,0,0,0,0,0,0,0,0,0,0,0,0,0,0,0,0,0,0,0,0,0,0,0,0,0,0,0,0,31,40,40,71,65476,0,300,0,0,8,21553,0.0,-107605600.0,0.0,0.0,0.0,0.0,0.0,0.0,0.0,0.0,0.0,0.0,0.0,0.0,0.0,0.0,0.0,0.0,0.0,0.0,0.0,0.0,0.0,-3.697071784415409e+19,0.0,0.0,0.0,0.0,0.0,0.0,5463.0,1.040667113973027e+34,6927.0,0.0,-0.0,2.004,2.004,0.0,0.0,0.0,0.0,69,0.0,89220.703,0.0,0.0,0.0,0.0,0.0,0.0,0.0,0,0,0,0.0,0.0,0.0,0.0,0.0,0.0,0.0,0.0,0.0,0.0,0.0,0.0,0.0,0.0,0.0,0.0,0,-107875648.0,69,0.0,138,0.0,2.012,ERR,ERR,ERR,ERR,ERR,ERR,ERR,ERR,ERR,ERR,ERR,ERR,ERR,ERR,ERR,ERR,ERR,ERR,ERR,ERR,ERR,ERR,ERR,ERR,ERR,ERR,ERR,ERR,ERR,ERR,ERR,ERR,ERR,ERR,ERR,ERR,ERR,ERR,ERR,ERR,ERR,ERR,ERR,ERR,ERR,ERR,ERR,ERR,ERR,ERR,ERR,ERR,ERR,ERR,ERR,ERR,ERR,ERR,ERR,ERR,ERR,ERR,ERR,ERR,ERR,ERR,ERR,60.0,60.0,35,0.0,0.0,0.0,0.0,0.0,0.0,0.0,0.0,0.0,0.0,0.0,0.0,0.0,0.0,0.0,0.0,65.6,0,116,56,34,65476,0,300,0,0,8,20529,65476,0,0,2621,60.0,0.0,0.0,0.0,0.0,0.0
2026-07-09T15:55:08,ERR,ERR,ERR,ERR,ERR,ERR,ERR,ERR,ERR,ERR,ERR,ERR,ERR,ERR,ERR,ERR,ERR,ERR,ERR,ERR,ERR,ERR,ERR,ERR,ERR,ERR,ERR,ERR,ERR,ERR,ERR,ERR,ERR,ERR,ERR,ERR,ERR,ERR,ERR,ERR,ERR,ERR,ERR,ERR,ERR,ERR,ERR,ERR,ERR,ERR,ERR,ERR,ERR,ERR,ERR,ERR,ERR,ERR,ERR,ERR,ERR,ERR,ERR,ERR,ERR,ERR,ERR,ERR,ERR,ERR,ERR,ERR,ERR,ERR,ERR,ERR,ERR,ERR,ERR,ERR,ERR,ERR,ERR,ERR,ERR,ERR,ERR,ERR,ERR,ERR,ERR,ERR,ERR,ERR,ERR,ERR,ERR,ERR,ERR,ERR,ERR,ERR,ERR,ERR,ERR,ERR,ERR,ERR,ERR,ERR,ERR,ERR,ERR,ERR,ERR,ERR,ERR,ERR,ERR,ERR,ERR,ERR,ERR,ERR,ERR,0.0,-0.0,0.0,2.7183478752108883e+23,-0.0,-0.0,-2.495664669069067e+28,0.0,0,0,4,17342,7116,0.0,100,0.0,0.0,0.0,0.0,0.0,0,0,0,0,0.0,0,0,0,0,0,0,0,0,0,0,0,0,0,0,0,0,0,0,0,0,0,0,0,0,0,0,0,0,0,0,0,0,0,31,40,40,71,65476,0,300,0,0,8,21553,0.0,-107605600.0,0.0,0.0,0.0,0.0,0.0,0.0,0.0,0.0,0.0,0.0,0.0,0.0,0.0,0.0,0.0,0.0,0.0,0.0,0.0,0.0,0.0,0.0,0.0,0.0,0.0,0.0,0.0,0.0,5469.0,-0.0,6934.0,0.0,-107616160.0,2.004,2.004,0.0,0.0,0.0,0.0,69,1.9056879843514778e+17,-0.0,0.0,0.0,0.0,0.0,0.0,0.0,0.0,0,0,0,0.0,0.0,0.0,0.0,0.0,0.0,0.0,0.0,0.0,0.0,0.0,0.0,0.0,0.0,0.0,0.0,0,-107875648.0,69,0.0,138,0.0,2.012,ERR,ERR,ERR,ERR,ERR,ERR,ERR,ERR,ERR,ERR,ERR,ERR,ERR,ERR,ERR,ERR,ERR,ERR,ERR,ERR,ERR,ERR,ERR,ERR,ERR,ERR,ERR,ERR,ERR,ERR,ERR,ERR,ERR,ERR,ERR,ERR,ERR,ERR,ERR,ERR,ERR,ERR,ERR,ERR,ERR,ERR,ERR,ERR,ERR,ERR,ERR,ERR,ERR,ERR,ERR,ERR,ERR,ERR,ERR,ERR,ERR,ERR,ERR,ERR,ERR,ERR,ERR,60.0,60.0,35,0.0,0.0,0.0,0.0,0.0,0.0,0.0,0.0,0.0,0.0,0.0,0.0,0.0,0.0,0.0,0.0,65.6,0,116,56,34,65476,0,300,0,0,8,20529,65476,0,0,2621,60.0,0.0,0.0,0.0,0.0,0.0
2026-07-09T15:55:09,ERR,ERR,ERR,ERR,ERR,ERR,ERR,ERR,ERR,ERR,ERR,ERR,ERR,ERR,ERR,ERR,ERR,ERR,ERR,ERR,ERR,ERR,ERR,ERR,ERR,ERR,ERR,ERR,ERR,ERR,ERR,ERR,ERR,ERR,ERR,ERR,ERR,ERR,ERR,ERR,ERR,ERR,ERR,ERR,ERR,ERR,ERR,ERR,ERR,ERR,ERR,ERR,ERR,ERR,ERR,ERR,ERR,ERR,ERR,ERR,ERR,ERR,ERR,ERR,ERR,ERR,ERR,ERR,ERR,ERR,ERR,ERR,ERR,ERR,ERR,ERR,ERR,ERR,ERR,ERR,ERR,ERR,ERR,ERR,ERR,ERR,ERR,ERR,ERR,ERR,ERR,ERR,ERR,ERR,ERR,ERR,ERR,ERR,ERR,ERR,ERR,ERR,ERR,ERR,ERR,ERR,ERR,ERR,ERR,ERR,ERR,ERR,ERR,ERR,ERR,ERR,ERR,ERR,ERR,ERR,ERR,ERR,ERR,ERR,ERR,0.0,-0.0,0.0,2.7183478752108883e+23,-0.0,-0.0,-2.495664669069067e+28,0.0,0,0,4,17342,7116,0.0,100,0.0,0.0,0.0,0.0,0.0,0,0,0,0,0.0,0,0,0,0,0,0,0,0,0,0,0,0,0,0,0,0,0,0,0,0,0,0,0,0,0,0,0,0,0,0,0,0,0,31,40,40,71,65476,0,300,0,0,8,21553,0.0,-107605600.0,0.0,0.0,0.0,0.0,0.0,0.0,0.0,0.0,0.0,0.0,0.0,0.0,0.0,0.0,0.0,0.0,0.0,0.0,0.0,0.0,0.0,0.0,0.0,0.0,0.0,0.0,0.0,0.0,5469.0,-0.0,6934.0,0.0,-107616160.0,2.004,2.004,0.0,0.0,0.0,0.0,69,1.9056879843514778e+17,-0.0,0.0,0.0,0.0,0.0,0.0,0.0,0.0,0,0,0,0.0,0.0,0.0,0.0,0.0,0.0,0.0,0.0,0.0,0.0,0.0,0.0,0.0,0.0,0.0,0.0,0,-107875648.0,69,0.0,138,0.0,2.012,ERR,ERR,ERR,ERR,ERR,ERR,ERR,ERR,ERR,ERR,ERR,ERR,ERR,ERR,ERR,ERR,ERR,ERR,ERR,ERR,ERR,ERR,ERR,ERR,ERR,ERR,ERR,ERR,ERR,ERR,ERR,ERR,ERR,ERR,ERR,ERR,ERR,ERR,ERR,ERR,ERR,ERR,ERR,ERR,ERR,ERR,ERR,ERR,ERR,ERR,ERR,ERR,ERR,ERR,ERR,ERR,ERR,ERR,ERR,ERR,ERR,ERR,ERR,ERR,ERR,ERR,ERR,60.0,60.0,35,0.0,0.0,0.0,0.0,0.0,0.0,0.0,0.0,0.0,0.0,0.0,0.0,0.0,0.0,0.0,0.0,65.6,0,116,56,34,65476,0,300,0,0,8,20529,65476,0,0,2621,60.0,0.0,0.0,0.0,0.0,0.0
2026-07-09T15:55:10,ERR,ERR,ERR,ERR,ERR,ERR,ERR,ERR,ERR,ERR,ERR,ERR,ERR,ERR,ERR,ERR,ERR,ERR,ERR,ERR,ERR,ERR,ERR,ERR,ERR,ERR,ERR,ERR,ERR,ERR,ERR,ERR,ERR,ERR,ERR,ERR,ERR,ERR,ERR,ERR,ERR,ERR,ERR,ERR,ERR,ERR,ERR,ERR,ERR,ERR,ERR,ERR,ERR,ERR,ERR,ERR,ERR,ERR,ERR,ERR,ERR,ERR,ERR,ERR,ERR,ERR,ERR,ERR,ERR,ERR,ERR,ERR,ERR,ERR,ERR,ERR,ERR,ERR,ERR,ERR,ERR,ERR,ERR,ERR,ERR,ERR,ERR,ERR,ERR,ERR,ERR,ERR,ERR,ERR,ERR,ERR,ERR,ERR,ERR,ERR,ERR,ERR,ERR,ERR,ERR,ERR,ERR,ERR,ERR,ERR,ERR,ERR,ERR,ERR,ERR,ERR,ERR,ERR,ERR,ERR,ERR,ERR,ERR,ERR,ERR,0.0,-0.0,0.0,2.7183478752108883e+23,-0.0,-0.0,-2.495664669069067e+28,0.0,0,0,4,17342,7116,0.0,100,0.0,0.0,0.0,0.0,0.0,0,0,0,0,0.0,0,0,0,0,0,0,0,0,0,0,0,0,0,0,0,0,0,0,0,0,0,0,0,0,0,0,0,0,0,0,0,0,0,31,40,40,71,65476,0,300,0,0,8,21553,0.0,-107605600.0,0.0,0.0,0.0,0.0,0.0,0.0,0.0,0.0,0.0,0.0,0.0,0.0,0.0,0.0,0.0,0.0,0.0,0.0,0.0,0.0,0.0,0.0,0.0,0.0,0.0,0.0,0.0,0.0,5469.0,-0.0,6934.0,0.0,-107616160.0,2.004,2.004,0.0,0.0,0.0,0.0,69,1.9056879843514778e+17,-0.0,0.0,0.0,0.0,0.0,0.0,0.0,0.0,0,0,0,0.0,0.0,0.0,0.0,0.0,0.0,0.0,0.0,0.0,0.0,0.0,0.0,0.0,0.0,0.0,0.0,0,-107875648.0,69,0.0,138,0.0,2.012,ERR,ERR,ERR,ERR,ERR,ERR,ERR,ERR,ERR,ERR,ERR,ERR,ERR,ERR,ERR,ERR,ERR,ERR,ERR,ERR,ERR,ERR,ERR,ERR,ERR,ERR,ERR,ERR,ERR,ERR,ERR,ERR,ERR,ERR,ERR,ERR,ERR,ERR,ERR,ERR,ERR,ERR,ERR,ERR,ERR,ERR,ERR,ERR,ERR,ERR,ERR,ERR,ERR,ERR,ERR,ERR,ERR,ERR,ERR,ERR,ERR,ERR,ERR,ERR,ERR,ERR,ERR,60.0,60.0,35,0.0,0.0,0.0,0.0,0.0,0.0,0.0,0.0,0.0,0.0,0.0,0.0,0.0,0.0,0.0,0.0,65.2,0,116,56,34,65476,0,300,0,0,8,20529,65476,0,0,2621,60.0,0.0,0.0,0.0,0.0,0.0
2026-07-09T15:55:11,ERR,ERR,ERR,ERR,ERR,ERR,ERR,ERR,ERR,ERR,ERR,ERR,ERR,ERR,ERR,ERR,ERR,ERR,ERR,ERR,ERR,ERR,ERR,ERR,ERR,ERR,ERR,ERR,ERR,ERR,ERR,ERR,ERR,ERR,ERR,ERR,ERR,ERR,ERR,ERR,ERR,ERR,ERR,ERR,ERR,ERR,ERR,ERR,ERR,ERR,ERR,ERR,ERR,ERR,ERR,ERR,ERR,ERR,ERR,ERR,ERR,ERR,ERR,ERR,ERR,ERR,ERR,ERR,ERR,ERR,ERR,ERR,ERR,ERR,ERR,ERR,ERR,ERR,ERR,ERR,ERR,ERR,ERR,ERR,ERR,ERR,ERR,ERR,ERR,ERR,ERR,ERR,ERR,ERR,ERR,ERR,ERR,ERR,ERR,ERR,ERR,ERR,ERR,ERR,ERR,ERR,ERR,ERR,ERR,ERR,ERR,ERR,ERR,ERR,ERR,ERR,ERR,ERR,ERR,ERR,ERR,ERR,ERR,ERR,ERR,0.0,-0.0,0.0,2.7183478752108883e+23,-0.0,-0.0,-2.495664669069067e+28,0.0,0,0,4,17342,7116,0.0,100,0.0,0.0,0.0,0.0,0.0,0,0,0,0,0.0,0,0,0,0,0,0,0,0,0,0,0,0,0,0,0,0,0,0,0,0,0,0,0,0,0,0,0,0,0,0,0,0,0,31,40,40,71,65476,0,300,0,0,8,21553,0.0,-107605600.0,0.0,0.0,0.0,0.0,0.0,0.0,0.0,0.0,0.0,0.0,0.0,0.0,0.0,0.0,0.0,0.0,0.0,0.0,0.0,0.0,0.0,0.0,0.0,0.0,0.0,0.0,0.0,0.0,5469.0,-0.0,6934.0,0.0,-107616160.0,2.004,2.004,0.0,0.0,0.0,0.0,69,1.9056879843514778e+17,-0.0,0.0,0.0,0.0,0.0,0.0,0.0,0.0,0,0,0,0.0,0.0,0.0,0.0,0.0,0.0,0.0,0.0,0.0,0.0,0.0,0.0,0.0,0.0,0.0,0.0,0,-107875648.0,69,0.0,138,0.0,2.012,ERR,ERR,ERR,ERR,ERR,ERR,ERR,ERR,ERR,ERR,ERR,ERR,ERR,ERR,ERR,ERR,ERR,ERR,ERR,ERR,ERR,ERR,ERR,ERR,ERR,ERR,ERR,ERR,ERR,ERR,ERR,ERR,ERR,ERR,ERR,ERR,ERR,ERR,ERR,ERR,ERR,ERR,ERR,ERR,ERR,ERR,ERR,ERR,ERR,ERR,ERR,ERR,ERR,ERR,ERR,ERR,ERR,ERR,ERR,ERR,ERR,ERR,ERR,ERR,ERR,ERR,ERR,60.0,60.0,35,0.0,0.0,0.0,0.0,0.0,0.0,0.0,0.0,0.0,0.0,0.0,0.0,0.0,0.0,0.0,0.0,65.6,0,116,56,34,65476,0,300,0,0,8,20529,65476,0,0,2621,60.0,0.0,0.0,0.0,0.0,0.0
2026-07-09T15:55:12,ERR,ERR,ERR,ERR,ERR,ERR,ERR,ERR,ERR,ERR,ERR,ERR,ERR,ERR,ERR,ERR,ERR,ERR,ERR,ERR,ERR,ERR,ERR,ERR,ERR,ERR,ERR,ERR,ERR,ERR,ERR,ERR,ERR,ERR,ERR,ERR,ERR,ERR,ERR,ERR,ERR,ERR,ERR,ERR,ERR,ERR,ERR,ERR,ERR,ERR,ERR,ERR,ERR,ERR,ERR,ERR,ERR,ERR,ERR,ERR,ERR,ERR,ERR,ERR,ERR,ERR,ERR,ERR,ERR,ERR,ERR,ERR,ERR,ERR,ERR,ERR,ERR,ERR,ERR,ERR,ERR,ERR,ERR,ERR,ERR,ERR,ERR,ERR,ERR,ERR,ERR,ERR,ERR,ERR,ERR,ERR,ERR,ERR,ERR,ERR,ERR,ERR,ERR,ERR,ERR,ERR,ERR,ERR,ERR,ERR,ERR,ERR,ERR,ERR,ERR,ERR,ERR,ERR,ERR,ERR,ERR,ERR,ERR,ERR,ERR,0.0,-0.0,0.0,2.7183478752108883e+23,-0.0,-0.0,-2.495664669069067e+28,0.0,0,0,4,17342,7116,0.0,100,0.0,0.0,0.0,0.0,0.0,0,0,0,0,0.0,0,0,0,0,0,0,0,0,0,0,0,0,0,0,0,0,0,0,0,0,0,0,0,0,0,0,0,0,0,0,0,0,0,31,40,40,71,65476,0,300,0,0,8,21553,0.0,-107605600.0,0.0,0.0,0.0,0.0,0.0,0.0,0.0,0.0,0.0,0.0,0.0,0.0,0.0,0.0,0.0,0.0,0.0,0.0,0.0,0.0,0.0,0.0,0.0,0.0,0.0,0.0,0.0,0.0,5469.0,-0.0,6934.0,0.0,-107616160.0,2.004,2.004,0.0,0.0,0.0,0.0,69,1.9056879843514778e+17,-0.0,0.0,0.0,0.0,0.0,0.0,0.0,0.0,0,0,0,0.0,0.0,0.0,0.0,0.0,0.0,0.0,0.0,0.0,0.0,0.0,0.0,0.0,0.0,0.0,0.0,0,-107875648.0,69,0.0,138,0.0,2.012,ERR,ERR,ERR,ERR,ERR,ERR,ERR,ERR,ERR,ERR,ERR,ERR,ERR,ERR,ERR,ERR,ERR,ERR,ERR,ERR,ERR,ERR,ERR,ERR,ERR,ERR,ERR,ERR,ERR,ERR,ERR,ERR,ERR,ERR,ERR,ERR,ERR,ERR,ERR,ERR,ERR,ERR,ERR,ERR,ERR,ERR,ERR,ERR,ERR,ERR,ERR,ERR,ERR,ERR,ERR,ERR,ERR,ERR,ERR,ERR,ERR,ERR,ERR,ERR,ERR,ERR,ERR,60.0,60.0,35,0.0,0.0,0.0,0.0,0.0,0.0,0.0,0.0,0.0,0.0,0.0,0.0,0.0,0.0,0.0,0.0,65.6,0,116,56,34,65476,0,300,0,0,8,20529,65476,0,0,2621,60.0,0.0,0.0,0.0,0.0,0.0
2026-07-09T15:55:13,ERR,ERR,ERR,ERR,ERR,ERR,ERR,ERR,ERR,ERR,ERR,ERR,ERR,ERR,ERR,ERR,ERR,ERR,ERR,ERR,ERR,ERR,ERR,ERR,ERR,ERR,ERR,ERR,ERR,ERR,ERR,ERR,ERR,ERR,ERR,ERR,ERR,ERR,ERR,ERR,ERR,ERR,ERR,ERR,ERR,ERR,ERR,ERR,ERR,ERR,ERR,ERR,ERR,ERR,ERR,ERR,ERR,ERR,ERR,ERR,ERR,ERR,ERR,ERR,ERR,ERR,ERR,ERR,ERR,ERR,ERR,ERR,ERR,ERR,ERR,ERR,ERR,ERR,ERR,ERR,ERR,ERR,ERR,ERR,ERR,ERR,ERR,ERR,ERR,ERR,ERR,ERR,ERR,ERR,ERR,ERR,ERR,ERR,ERR,ERR,ERR,ERR,ERR,ERR,ERR,ERR,ERR,ERR,ERR,ERR,ERR,ERR,ERR,ERR,ERR,ERR,ERR,ERR,ERR,ERR,ERR,ERR,ERR,ERR,ERR,-0.0,-107616160.0,0.0,0.0,0.0,-91405328384.0,-1850.228,-0.003,0,0,4,17342,7116,0.0,100,0.0,0.0,0.0,0.0,0.0,0,0,0,0,0.0,0,0,0,0,0,0,0,0,0,0,0,0,0,0,0,0,0,0,0,0,0,0,0,0,0,0,0,0,0,0,0,0,0,31,40,40,71,65476,0,300,0,0,8,21553,0.0,-107605600.0,0.0,0.0,0.0,0.0,0.0,0.0,0.0,0.0,0.0,0.0,0.0,0.0,0.0,0.0,0.0,0.0,0.0,0.0,0.0,0.0,-2.004,0.0,0.0,0.0,0.0,0.0,0.0,0.0,5444.0,-2.422991939757548e+24,6941.0,-0.0,-107616160.0,2.004,2.004,0.0,0.0,0.0,0.0,69,-107614880.0,-107614928.0,0.0,0.0,0.0,0.0,0.0,0.0,0.0,0,0,0,0.0,0.0,0.0,0.0,0.0,0.0,0.0,0.0,0.0,0.0,0.0,0.0,0.0,0.0,0.0,0.0,0,-107875648.0,69,0.0,138,0.0,2.012,ERR,ERR,ERR,ERR,ERR,ERR,ERR,ERR,ERR,ERR,ERR,ERR,ERR,ERR,ERR,ERR,ERR,ERR,ERR,ERR,ERR,ERR,ERR,ERR,ERR,ERR,ERR,ERR,ERR,ERR,ERR,ERR,ERR,ERR,ERR,ERR,ERR,ERR,ERR,ERR,ERR,ERR,ERR,ERR,ERR,ERR,ERR,ERR,ERR,ERR,ERR,ERR,ERR,ERR,ERR,ERR,ERR,ERR,ERR,ERR,ERR,ERR,ERR,ERR,ERR,ERR,ERR,60.0,60.0,35,0.0,0.0,0.0,0.0,0.0,0.0,0.0,0.0,0.0,0.0,0.0,0.0,0.0,0.0,0.0,0.0,65.6,0,117,56,34,65476,0,300,0,0,8,20529,65476,0,0,2621,60.0,0.0,0.0,0.0,0.0,0.0
2026-07-09T15:55:14,ERR,ERR,ERR,ERR,ERR,ERR,ERR,ERR,ERR,ERR,ERR,ERR,ERR,ERR,ERR,ERR,ERR,ERR,ERR,ERR,ERR,ERR,ERR,ERR,ERR,ERR,ERR,ERR,ERR,ERR,ERR,ERR,ERR,ERR,ERR,ERR,ERR,ERR,ERR,ERR,ERR,ERR,ERR,ERR,ERR,ERR,ERR,ERR,ERR,ERR,ERR,ERR,ERR,ERR,ERR,ERR,ERR,ERR,ERR,ERR,ERR,ERR,ERR,ERR,ERR,ERR,ERR,ERR,ERR,ERR,ERR,ERR,ERR,ERR,ERR,ERR,ERR,ERR,ERR,ERR,ERR,ERR,ERR,ERR,ERR,ERR,ERR,ERR,ERR,ERR,ERR,ERR,ERR,ERR,ERR,ERR,ERR,ERR,ERR,ERR,ERR,ERR,ERR,ERR,ERR,ERR,ERR,ERR,ERR,ERR,ERR,ERR,ERR,ERR,ERR,ERR,ERR,ERR,ERR,ERR,ERR,ERR,ERR,ERR,ERR,-0.0,-107616160.0,0.0,0.0,0.0,-91405328384.0,-1850.228,-0.003,0,0,4,17342,7116,0.0,100,0.0,0.0,0.0,0.0,0.0,0,0,0,0,0.0,0,0,0,0,0,0,0,0,0,0,0,0,0,0,0,0,0,0,0,0,0,0,0,0,0,0,0,0,0,0,0,0,0,31,40,40,71,65476,0,300,0,0,8,21553,0.0,-107605600.0,0.0,0.0,0.0,0.0,0.0,0.0,0.0,0.0,0.0,0.0,0.0,0.0,0.0,0.0,0.0,0.0,0.0,0.0,0.0,0.0,-2.004,0.0,0.0,0.0,0.0,0.0,0.0,0.0,5444.0,-2.422991939757548e+24,6941.0,-0.0,-107616160.0,2.004,2.004,0.0,0.0,0.0,0.0,69,-107614880.0,-107614928.0,0.0,0.0,0.0,0.0,0.0,0.0,0.0,0,0,0,0.0,0.0,0.0,0.0,0.0,0.0,0.0,0.0,0.0,0.0,0.0,0.0,0.0,0.0,0.0,0.0,0,-107875648.0,69,0.0,138,0.0,2.012,ERR,ERR,ERR,ERR,ERR,ERR,ERR,ERR,ERR,ERR,ERR,ERR,ERR,ERR,ERR,ERR,ERR,ERR,ERR,ERR,ERR,ERR,ERR,ERR,ERR,ERR,ERR,ERR,ERR,ERR,ERR,ERR,ERR,ERR,ERR,ERR,ERR,ERR,ERR,ERR,ERR,ERR,ERR,ERR,ERR,ERR,ERR,ERR,ERR,ERR,ERR,ERR,ERR,ERR,ERR,ERR,ERR,ERR,ERR,ERR,ERR,ERR,ERR,ERR,ERR,ERR,ERR,60.0,60.0,35,0.0,0.0,0.0,0.0,0.0,0.0,0.0,0.0,0.0,0.0,0.0,0.0,0.0,0.0,0.0,0.0,65.6,0,117,56,34,65476,0,300,0,0,8,20529,65476,0,0,2621,60.0,0.0,0.0,0.0,0.0,0.0
2026-07-09T15:55:15,ERR,ERR,ERR,ERR,ERR,ERR,ERR,ERR,ERR,ERR,ERR,ERR,ERR,ERR,ERR,ERR,ERR,ERR,ERR,ERR,ERR,ERR,ERR,ERR,ERR,ERR,ERR,ERR,ERR,ERR,ERR,ERR,ERR,ERR,ERR,ERR,ERR,ERR,ERR,ERR,ERR,ERR,ERR,ERR,ERR,ERR,ERR,ERR,ERR,ERR,ERR,ERR,ERR,ERR,ERR,ERR,ERR,ERR,ERR,ERR,ERR,ERR,ERR,ERR,ERR,ERR,ERR,ERR,ERR,ERR,ERR,ERR,ERR,ERR,ERR,ERR,ERR,ERR,ERR,ERR,ERR,ERR,ERR,ERR,ERR,ERR,ERR,ERR,ERR,ERR,ERR,ERR,ERR,ERR,ERR,ERR,ERR,ERR,ERR,ERR,ERR,ERR,ERR,ERR,ERR,ERR,ERR,ERR,ERR,ERR,ERR,ERR,ERR,ERR,ERR,ERR,ERR,ERR,ERR,ERR,ERR,ERR,ERR,ERR,ERR,-0.0,-107616160.0,0.0,0.0,0.0,-91405328384.0,-1850.228,-0.003,0,0,4,17342,7116,0.0,100,0.0,0.0,0.0,0.0,0.0,0,0,0,0,0.0,0,0,0,0,0,0,0,0,0,0,0,0,0,0,0,0,0,0,0,0,0,0,0,0,0,0,0,0,0,0,0,0,0,31,40,40,71,65476,0,300,0,0,8,21553,0.0,-107605600.0,0.0,0.0,0.0,0.0,0.0,0.0,0.0,0.0,0.0,0.0,0.0,0.0,0.0,0.0,0.0,0.0,0.0,0.0,0.0,0.0,-2.004,0.0,0.0,0.0,0.0,0.0,0.0,0.0,5444.0,-2.422991939757548e+24,6941.0,-0.0,-107616160.0,2.004,2.004,0.0,0.0,0.0,0.0,69,-107614880.0,-107614928.0,0.0,0.0,0.0,0.0,0.0,0.0,0.0,0,0,0,0.0,0.0,0.0,0.0,0.0,0.0,0.0,0.0,0.0,0.0,0.0,0.0,0.0,0.0,0.0,0.0,0,-107875648.0,69,0.0,138,0.0,2.012,ERR,ERR,ERR,ERR,ERR,ERR,ERR,ERR,ERR,ERR,ERR,ERR,ERR,ERR,ERR,ERR,ERR,ERR,ERR,ERR,ERR,ERR,ERR,ERR,ERR,ERR,ERR,ERR,ERR,ERR,ERR,ERR,ERR,ERR,ERR,ERR,ERR,ERR,ERR,ERR,ERR,ERR,ERR,ERR,ERR,ERR,ERR,ERR,ERR,ERR,ERR,ERR,ERR,ERR,ERR,ERR,ERR,ERR,ERR,ERR,ERR,ERR,ERR,ERR,ERR,ERR,ERR,60.0,60.0,35,0.0,0.0,0.0,0.0,0.0,0.0,0.0,0.0,0.0,0.0,0.0,0.0,0.0,0.0,0.0,0.0,65.6,0,117,56,34,65476,0,300,0,0,8,20529,65476,0,0,2621,60.0,0.0,0.0,0.0,0.0,0.0
2026-07-09T15:55:16,ERR,ERR,ERR,ERR,ERR,ERR,ERR,ERR,ERR,ERR,ERR,ERR,ERR,ERR,ERR,ERR,ERR,ERR,ERR,ERR,ERR,ERR,ERR,ERR,ERR,ERR,ERR,ERR,ERR,ERR,ERR,ERR,ERR,ERR,ERR,ERR,ERR,ERR,ERR,ERR,ERR,ERR,ERR,ERR,ERR,ERR,ERR,ERR,ERR,ERR,ERR,ERR,ERR,ERR,ERR,ERR,ERR,ERR,ERR,ERR,ERR,ERR,ERR,ERR,ERR,ERR,ERR,ERR,ERR,ERR,ERR,ERR,ERR,ERR,ERR,ERR,ERR,ERR,ERR,ERR,ERR,ERR,ERR,ERR,ERR,ERR,ERR,ERR,ERR,ERR,ERR,ERR,ERR,ERR,ERR,ERR,ERR,ERR,ERR,ERR,ERR,ERR,ERR,ERR,ERR,ERR,ERR,ERR,ERR,ERR,ERR,ERR,ERR,ERR,ERR,ERR,ERR,ERR,ERR,ERR,ERR,ERR,ERR,ERR,ERR,-0.0,-107616160.0,0.0,0.0,0.0,-91405328384.0,-1850.228,-0.003,0,0,4,17342,7116,0.0,100,0.0,0.0,0.0,0.0,0.0,0,0,0,0,0.0,0,0,0,0,0,0,0,0,0,0,0,0,0,0,0,0,0,0,0,0,0,0,0,0,0,0,0,0,0,0,0,0,0,31,40,40,71,65476,0,300,0,0,8,21553,0.0,-107605600.0,0.0,0.0,0.0,0.0,0.0,0.0,0.0,0.0,0.0,0.0,0.0,0.0,0.0,0.0,0.0,0.0,0.0,0.0,0.0,0.0,-2.004,0.0,0.0,0.0,0.0,0.0,0.0,0.0,5444.0,-2.422991939757548e+24,6941.0,-0.0,-107616160.0,2.004,2.004,0.0,0.0,0.0,0.0,69,-107614880.0,-107614928.0,0.0,0.0,0.0,0.0,0.0,0.0,0.0,0,0,0,0.0,0.0,0.0,0.0,0.0,0.0,0.0,0.0,0.0,0.0,0.0,0.0,0.0,0.0,0.0,0.0,0,-107875648.0,69,0.0,138,0.0,2.012,ERR,ERR,ERR,ERR,ERR,ERR,ERR,ERR,ERR,ERR,ERR,ERR,ERR,ERR,ERR,ERR,ERR,ERR,ERR,ERR,ERR,ERR,ERR,ERR,ERR,ERR,ERR,ERR,ERR,ERR,ERR,ERR,ERR,ERR,ERR,ERR,ERR,ERR,ERR,ERR,ERR,ERR,ERR,ERR,ERR,ERR,ERR,ERR,ERR,ERR,ERR,ERR,ERR,ERR,ERR,ERR,ERR,ERR,ERR,ERR,ERR,ERR,ERR,ERR,ERR,ERR,ERR,60.0,60.0,35,0.0,0.0,0.0,0.0,0.0,0.0,0.0,0.0,0.0,0.0,0.0,0.0,0.0,0.0,0.0,0.0,65.6,0,117,56,34,65476,0,300,0,0,8,20529,65476,0,0,2621,60.0,0.0,0.0,0.0,0.0,0.0
2026-07-09T15:55:17,ERR,ERR,ERR,ERR,ERR,ERR,ERR,ERR,ERR,ERR,ERR,ERR,ERR,ERR,ERR,ERR,ERR,ERR,ERR,ERR,ERR,ERR,ERR,ERR,ERR,ERR,ERR,ERR,ERR,ERR,ERR,ERR,ERR,ERR,ERR,ERR,ERR,ERR,ERR,ERR,ERR,ERR,ERR,ERR,ERR,ERR,ERR,ERR,ERR,ERR,ERR,ERR,ERR,ERR,ERR,ERR,ERR,ERR,ERR,ERR,ERR,ERR,ERR,ERR,ERR,ERR,ERR,ERR,ERR,ERR,ERR,ERR,ERR,ERR,ERR,ERR,ERR,ERR,ERR,ERR,ERR,ERR,ERR,ERR,ERR,ERR,ERR,ERR,ERR,ERR,ERR,ERR,ERR,ERR,ERR,ERR,ERR,ERR,ERR,ERR,ERR,ERR,ERR,ERR,ERR,ERR,ERR,ERR,ERR,ERR,ERR,ERR,ERR,ERR,ERR,ERR,ERR,ERR,ERR,ERR,ERR,ERR,ERR,ERR,ERR,-0.0,-107616160.0,0.0,0.0,0.0,-91405328384.0,-1850.228,-0.003,0,0,4,17342,7116,0.0,100,0.0,0.0,0.0,0.0,0.0,0,0,0,0,0.0,0,0,0,0,0,0,0,0,0,0,0,0,0,0,0,0,0,0,0,0,0,0,0,0,0,0,0,0,0,0,0,0,0,31,40,40,71,65476,0,300,0,0,8,21553,0.0,-107605600.0,0.0,0.0,0.0,0.0,0.0,0.0,0.0,0.0,0.0,0.0,0.0,0.0,0.0,0.0,0.0,0.0,0.0,0.0,0.0,0.0,-2.004,0.0,0.0,0.0,0.0,0.0,0.0,0.0,5444.0,-2.422991939757548e+24,6941.0,-0.0,-107616160.0,2.004,2.004,0.0,0.0,0.0,0.0,69,-107614880.0,-107614928.0,0.0,0.0,0.0,0.0,0.0,0.0,0.0,0,0,0,0.0,0.0,0.0,0.0,0.0,0.0,0.0,0.0,0.0,0.0,0.0,0.0,0.0,0.0,0.0,0.0,0,-107875648.0,69,0.0,138,0.0,2.012,ERR,ERR,ERR,ERR,ERR,ERR,ERR,ERR,ERR,ERR,ERR,ERR,ERR,ERR,ERR,ERR,ERR,ERR,ERR,ERR,ERR,ERR,ERR,ERR,ERR,ERR,ERR,ERR,ERR,ERR,ERR,ERR,ERR,ERR,ERR,ERR,ERR,ERR,ERR,ERR,ERR,ERR,ERR,ERR,ERR,ERR,ERR,ERR,ERR,ERR,ERR,ERR,ERR,ERR,ERR,ERR,ERR,ERR,ERR,ERR,ERR,ERR,ERR,ERR,ERR,ERR,ERR,60.0,60.0,35,0.0,0.0,0.0,0.0,0.0,0.0,0.0,0.0,0.0,0.0,0.0,0.0,0.0,0.0,0.0,0.0,66.0,0,117,56,34,65476,0,300,0,0,8,20529,65476,0,0,2621,60.0,0.0,0.0,0.0,0.0,0.0
2026-07-09T15:55:18,ERR,ERR,ERR,ERR,ERR,ERR,ERR,ERR,ERR,ERR,ERR,ERR,ERR,ERR,ERR,ERR,ERR,ERR,ERR,ERR,ERR,ERR,ERR,ERR,ERR,ERR,ERR,ERR,ERR,ERR,ERR,ERR,ERR,ERR,ERR,ERR,ERR,ERR,ERR,ERR,ERR,ERR,ERR,ERR,ERR,ERR,ERR,ERR,ERR,ERR,ERR,ERR,ERR,ERR,ERR,ERR,ERR,ERR,ERR,ERR,ERR,ERR,ERR,ERR,ERR,ERR,ERR,ERR,ERR,ERR,ERR,ERR,ERR,ERR,ERR,ERR,ERR,ERR,ERR,ERR,ERR,ERR,ERR,ERR,ERR,ERR,ERR,ERR,ERR,ERR,ERR,ERR,ERR,ERR,ERR,ERR,ERR,ERR,ERR,ERR,ERR,ERR,ERR,ERR,ERR,ERR,ERR,ERR,ERR,ERR,ERR,ERR,ERR,ERR,ERR,ERR,ERR,ERR,ERR,ERR,ERR,ERR,ERR,ERR,ERR,-0.0,0.0,2.7184264179883896e+23,0.0,8.130846272184408e+31,-0.0,-0.0,1.1581679459711545e+24,0,0,4,17346,7116,0.0,100,0.0,0.0,0.0,0.0,0.0,0,0,0,0,0.0,0,0,0,0,0,0,0,0,0,0,0,0,0,0,0,0,0,0,0,0,0,0,0,0,0,0,0,0,0,0,0,0,0,31,40,40,71,65476,0,300,0,0,8,21553,0.0,-107605600.0,0.0,0.0,0.0,0.0,0.0,0.0,0.0,0.0,0.0,0.0,0.0,0.0,0.0,0.0,0.0,0.0,0.0,0.0,0.0,0.0,-2.004,0.0,0.0,0.0,0.0,0.0,0.0,0.0,5482.0,0.0,6917.0,-0.0,0.0,2.004,2.004,0.0,0.0,0.0,0.0,69,-2.3088301624040358e+20,0.0,0.0,0.0,0.0,0.0,0.0,0.0,0.0,0,0,0,0.0,0.0,0.0,0.0,0.0,0.0,0.0,0.0,0.0,0.0,0.0,0.0,0.0,0.0,0.0,0.0,0,-107875648.0,69,0.0,138,0.0,2.012,ERR,ERR,ERR,ERR,ERR,ERR,ERR,ERR,ERR,ERR,ERR,ERR,ERR,ERR,ERR,ERR,ERR,ERR,ERR,ERR,ERR,ERR,ERR,ERR,ERR,ERR,ERR,ERR,ERR,ERR,ERR,ERR,ERR,ERR,ERR,ERR,ERR,ERR,ERR,ERR,ERR,ERR,ERR,ERR,ERR,ERR,ERR,ERR,ERR,ERR,ERR,ERR,ERR,ERR,ERR,ERR,ERR,ERR,ERR,ERR,ERR,ERR,ERR,ERR,ERR,ERR,ERR,60.0,60.0,35,0.0,0.0,0.0,0.0,0.0,0.0,0.0,0.0,0.0,0.0,0.0,0.0,0.0,0.0,0.0,0.0,65.6,0,117,56,34,65476,0,300,0,0,8,20529,65476,0,0,2621,60.0,0.0,0.0,0.0,0.0,0.0
2026-07-09T15:55:19,ERR,ERR,ERR,ERR,ERR,ERR,ERR,ERR,ERR,ERR,ERR,ERR,ERR,ERR,ERR,ERR,ERR,ERR,ERR,ERR,ERR,ERR,ERR,ERR,ERR,ERR,ERR,ERR,ERR,ERR,ERR,ERR,ERR,ERR,ERR,ERR,ERR,ERR,ERR,ERR,ERR,ERR,ERR,ERR,ERR,ERR,ERR,ERR,ERR,ERR,ERR,ERR,ERR,ERR,ERR,ERR,ERR,ERR,ERR,ERR,ERR,ERR,ERR,ERR,ERR,ERR,ERR,ERR,ERR,ERR,ERR,ERR,ERR,ERR,ERR,ERR,ERR,ERR,ERR,ERR,ERR,ERR,ERR,ERR,ERR,ERR,ERR,ERR,ERR,ERR,ERR,ERR,ERR,ERR,ERR,ERR,ERR,ERR,ERR,ERR,ERR,ERR,ERR,ERR,ERR,ERR,ERR,ERR,ERR,ERR,ERR,ERR,ERR,ERR,ERR,ERR,ERR,ERR,ERR,ERR,ERR,ERR,ERR,ERR,ERR,-0.0,0.0,2.7184264179883896e+23,0.0,8.130846272184408e+31,-0.0,-0.0,1.1581679459711545e+24,0,0,4,17346,7116,0.0,100,0.0,0.0,0.0,0.0,0.0,0,0,0,0,0.0,0,0,0,0,0,0,0,0,0,0,0,0,0,0,0,0,0,0,0,0,0,0,0,0,0,0,0,0,0,0,0,0,0,31,40,40,71,65476,0,300,0,0,8,21553,0.0,-107605600.0,0.0,0.0,0.0,0.0,0.0,0.0,0.0,0.0,0.0,0.0,0.0,0.0,0.0,0.0,0.0,0.0,0.0,0.0,0.0,0.0,-2.004,0.0,0.0,0.0,0.0,0.0,0.0,0.0,5482.0,0.0,6917.0,-0.0,0.0,2.004,2.004,0.0,0.0,0.0,0.0,69,-2.3088301624040358e+20,0.0,0.0,0.0,0.0,0.0,0.0,0.0,0.0,0,0,0,0.0,0.0,0.0,0.0,0.0,0.0,0.0,0.0,0.0,0.0,0.0,0.0,0.0,0.0,0.0,0.0,0,-107875648.0,69,0.0,138,0.0,2.012,ERR,ERR,ERR,ERR,ERR,ERR,ERR,ERR,ERR,ERR,ERR,ERR,ERR,ERR,ERR,ERR,ERR,ERR,ERR,ERR,ERR,ERR,ERR,ERR,ERR,ERR,ERR,ERR,ERR,ERR,ERR,ERR,ERR,ERR,ERR,ERR,ERR,ERR,ERR,ERR,ERR,ERR,ERR,ERR,ERR,ERR,ERR,ERR,ERR,ERR,ERR,ERR,ERR,ERR,ERR,ERR,ERR,ERR,ERR,ERR,ERR,ERR,ERR,ERR,ERR,ERR,ERR,60.0,60.0,35,0.0,0.0,0.0,0.0,0.0,0.0,0.0,0.0,0.0,0.0,0.0,0.0,0.0,0.0,0.0,0.0,65.6,0,117,56,34,65476,0,300,0,0,8,20529,65476,0,0,2621,60.0,0.0,0.0,0.0,0.0,0.0
2026-07-09T15:55:20,ERR,ERR,ERR,ERR,ERR,ERR,ERR,ERR,ERR,ERR,ERR,ERR,ERR,ERR,ERR,ERR,ERR,ERR,ERR,ERR,ERR,ERR,ERR,ERR,ERR,ERR,ERR,ERR,ERR,ERR,ERR,ERR,ERR,ERR,ERR,ERR,ERR,ERR,ERR,ERR,ERR,ERR,ERR,ERR,ERR,ERR,ERR,ERR,ERR,ERR,ERR,ERR,ERR,ERR,ERR,ERR,ERR,ERR,ERR,ERR,ERR,ERR,ERR,ERR,ERR,ERR,ERR,ERR,ERR,ERR,ERR,ERR,ERR,ERR,ERR,ERR,ERR,ERR,ERR,ERR,ERR,ERR,ERR,ERR,ERR,ERR,ERR,ERR,ERR,ERR,ERR,ERR,ERR,ERR,ERR,ERR,ERR,ERR,ERR,ERR,ERR,ERR,ERR,ERR,ERR,ERR,ERR,ERR,ERR,ERR,ERR,ERR,ERR,ERR,ERR,ERR,ERR,ERR,ERR,ERR,ERR,ERR,ERR,ERR,ERR,-0.0,0.0,2.7184264179883896e+23,0.0,8.130846272184408e+31,-0.0,-0.0,1.1581679459711545e+24,0,0,4,17346,7116,0.0,100,0.0,0.0,0.0,0.0,0.0,0,0,0,0,0.0,0,0,0,0,0,0,0,0,0,0,0,0,0,0,0,0,0,0,0,0,0,0,0,0,0,0,0,0,0,0,0,0,0,31,40,40,71,65476,0,300,0,0,8,21553,0.0,-107605600.0,0.0,0.0,0.0,0.0,0.0,0.0,0.0,0.0,0.0,0.0,0.0,0.0,0.0,0.0,0.0,0.0,0.0,0.0,0.0,0.0,-2.004,0.0,0.0,0.0,0.0,0.0,0.0,0.0,5482.0,0.0,6917.0,-0.0,0.0,2.004,2.004,0.0,0.0,0.0,0.0,69,-2.3088301624040358e+20,0.0,0.0,0.0,0.0,0.0,0.0,0.0,0.0,0,0,0,0.0,0.0,0.0,0.0,0.0,0.0,0.0,0.0,0.0,0.0,0.0,0.0,0.0,0.0,0.0,0.0,0,-107875648.0,69,0.0,138,0.0,2.012,ERR,ERR,ERR,ERR,ERR,ERR,ERR,ERR,ERR,ERR,ERR,ERR,ERR,ERR,ERR,ERR,ERR,ERR,ERR,ERR,ERR,ERR,ERR,ERR,ERR,ERR,ERR,ERR,ERR,ERR,ERR,ERR,ERR,ERR,ERR,ERR,ERR,ERR,ERR,ERR,ERR,ERR,ERR,ERR,ERR,ERR,ERR,ERR,ERR,ERR,ERR,ERR,ERR,ERR,ERR,ERR,ERR,ERR,ERR,ERR,ERR,ERR,ERR,ERR,ERR,ERR,ERR,60.0,60.0,35,0.0,0.0,0.0,0.0,0.0,0.0,0.0,0.0,0.0,0.0,0.0,0.0,0.0,0.0,0.0,0.0,65.2,0,117,56,34,65476,0,300,0,0,8,20529,65476,0,0,2621,60.0,0.0,0.0,0.0,0.0,0.0
2026-07-09T15:55:21,ERR,ERR,ERR,ERR,ERR,ERR,ERR,ERR,ERR,ERR,ERR,ERR,ERR,ERR,ERR,ERR,ERR,ERR,ERR,ERR,ERR,ERR,ERR,ERR,ERR,ERR,ERR,ERR,ERR,ERR,ERR,ERR,ERR,ERR,ERR,ERR,ERR,ERR,ERR,ERR,ERR,ERR,ERR,ERR,ERR,ERR,ERR,ERR,ERR,ERR,ERR,ERR,ERR,ERR,ERR,ERR,ERR,ERR,ERR,ERR,ERR,ERR,ERR,ERR,ERR,ERR,ERR,ERR,ERR,ERR,ERR,ERR,ERR,ERR,ERR,ERR,ERR,ERR,ERR,ERR,ERR,ERR,ERR,ERR,ERR,ERR,ERR,ERR,ERR,ERR,ERR,ERR,ERR,ERR,ERR,ERR,ERR,ERR,ERR,ERR,ERR,ERR,ERR,ERR,ERR,ERR,ERR,ERR,ERR,ERR,ERR,ERR,ERR,ERR,ERR,ERR,ERR,ERR,ERR,ERR,ERR,ERR,ERR,ERR,ERR,-0.0,0.0,2.7184264179883896e+23,0.0,8.130846272184408e+31,-0.0,-0.0,1.1581679459711545e+24,0,0,4,17346,7116,0.0,100,0.0,0.0,0.0,0.0,0.0,0,0,0,0,0.0,0,0,0,0,0,0,0,0,0,0,0,0,0,0,0,0,0,0,0,0,0,0,0,0,0,0,0,0,0,0,0,0,0,31,40,40,71,65476,0,300,0,0,8,21553,0.0,-107605600.0,0.0,0.0,0.0,0.0,0.0,0.0,0.0,0.0,0.0,0.0,0.0,0.0,0.0,0.0,0.0,0.0,0.0,0.0,0.0,0.0,-2.004,0.0,0.0,0.0,0.0,0.0,0.0,0.0,5482.0,0.0,6917.0,-0.0,0.0,2.004,2.004,0.0,0.0,0.0,0.0,69,-2.3088301624040358e+20,0.0,0.0,0.0,0.0,0.0,0.0,0.0,0.0,0,0,0,0.0,0.0,0.0,0.0,0.0,0.0,0.0,0.0,0.0,0.0,0.0,0.0,0.0,0.0,0.0,0.0,0,-107875648.0,69,0.0,138,0.0,2.012,ERR,ERR,ERR,ERR,ERR,ERR,ERR,ERR,ERR,ERR,ERR,ERR,ERR,ERR,ERR,ERR,ERR,ERR,ERR,ERR,ERR,ERR,ERR,ERR,ERR,ERR,ERR,ERR,ERR,ERR,ERR,ERR,ERR,ERR,ERR,ERR,ERR,ERR,ERR,ERR,ERR,ERR,ERR,ERR,ERR,ERR,ERR,ERR,ERR,ERR,ERR,ERR,ERR,ERR,ERR,ERR,ERR,ERR,ERR,ERR,ERR,ERR,ERR,ERR,ERR,ERR,ERR,60.0,60.0,35,0.0,0.0,0.0,0.0,0.0,0.0,0.0,0.0,0.0,0.0,0.0,0.0,0.0,0.0,0.0,0.0,65.2,0,117,56,34,65476,0,300,0,0,8,20529,65476,0,0,2621,60.0,0.0,0.0,0.0,0.0,0.0
2026-07-09T15:55:22,ERR,ERR,ERR,ERR,ERR,ERR,ERR,ERR,ERR,ERR,ERR,ERR,ERR,ERR,ERR,ERR,ERR,ERR,ERR,ERR,ERR,ERR,ERR,ERR,ERR,ERR,ERR,ERR,ERR,ERR,ERR,ERR,ERR,ERR,ERR,ERR,ERR,ERR,ERR,ERR,ERR,ERR,ERR,ERR,ERR,ERR,ERR,ERR,ERR,ERR,ERR,ERR,ERR,ERR,ERR,ERR,ERR,ERR,ERR,ERR,ERR,ERR,ERR,ERR,ERR,ERR,ERR,ERR,ERR,ERR,ERR,ERR,ERR,ERR,ERR,ERR,ERR,ERR,ERR,ERR,ERR,ERR,ERR,ERR,ERR,ERR,ERR,ERR,ERR,ERR,ERR,ERR,ERR,ERR,ERR,ERR,ERR,ERR,ERR,ERR,ERR,ERR,ERR,ERR,ERR,ERR,ERR,ERR,ERR,ERR,ERR,ERR,ERR,ERR,ERR,ERR,ERR,ERR,ERR,ERR,ERR,ERR,ERR,ERR,ERR,-0.0,0.0,2.7184264179883896e+23,0.0,8.130846272184408e+31,-0.0,-0.0,1.1581679459711545e+24,0,0,4,17346,7116,0.0,100,0.0,0.0,0.0,0.0,0.0,0,0,0,0,0.0,0,0,0,0,0,0,0,0,0,0,0,0,0,0,0,0,0,0,0,0,0,0,0,0,0,0,0,0,0,0,0,0,0,31,40,40,71,65476,0,300,0,0,8,21553,0.0,-107605600.0,0.0,0.0,0.0,0.0,0.0,0.0,0.0,0.0,0.0,0.0,0.0,0.0,0.0,0.0,0.0,0.0,0.0,0.0,0.0,0.0,-2.004,0.0,0.0,0.0,0.0,0.0,0.0,0.0,5482.0,0.0,6917.0,-0.0,0.0,2.004,2.004,0.0,0.0,0.0,0.0,69,-2.3088301624040358e+20,0.0,0.0,0.0,0.0,0.0,0.0,0.0,0.0,0,0,0,0.0,0.0,0.0,0.0,0.0,0.0,0.0,0.0,0.0,0.0,0.0,0.0,0.0,0.0,0.0,0.0,0,-107875648.0,69,0.0,138,0.0,2.012,ERR,ERR,ERR,ERR,ERR,ERR,ERR,ERR,ERR,ERR,ERR,ERR,ERR,ERR,ERR,ERR,ERR,ERR,ERR,ERR,ERR,ERR,ERR,ERR,ERR,ERR,ERR,ERR,ERR,ERR,ERR,ERR,ERR,ERR,ERR,ERR,ERR,ERR,ERR,ERR,ERR,ERR,ERR,ERR,ERR,ERR,ERR,ERR,ERR,ERR,ERR,ERR,ERR,ERR,ERR,ERR,ERR,ERR,ERR,ERR,ERR,ERR,ERR,ERR,ERR,ERR,ERR,60.0,60.0,35,0.0,0.0,0.0,0.0,0.0,0.0,0.0,0.0,0.0,0.0,0.0,0.0,0.0,0.0,0.0,0.0,65.2,0,117,56,34,65476,0,300,0,0,8,20529,65476,0,0,2621,60.0,0.0,0.0,0.0,0.0,0.0
2026-07-09T15:55:23,ERR,ERR,ERR,ERR,ERR,ERR,ERR,ERR,ERR,ERR,ERR,ERR,ERR,ERR,ERR,ERR,ERR,ERR,ERR,ERR,ERR,ERR,ERR,ERR,ERR,ERR,ERR,ERR,ERR,ERR,ERR,ERR,ERR,ERR,ERR,ERR,ERR,ERR,ERR,ERR,ERR,ERR,ERR,ERR,ERR,ERR,ERR,ERR,ERR,ERR,ERR,ERR,ERR,ERR,ERR,ERR,ERR,ERR,ERR,ERR,ERR,ERR,ERR,ERR,ERR,ERR,ERR,ERR,ERR,ERR,ERR,ERR,ERR,ERR,ERR,ERR,ERR,ERR,ERR,ERR,ERR,ERR,ERR,ERR,ERR,ERR,ERR,ERR,ERR,ERR,ERR,ERR,ERR,ERR,ERR,ERR,ERR,ERR,ERR,ERR,ERR,ERR,ERR,ERR,ERR,ERR,ERR,ERR,ERR,ERR,ERR,ERR,ERR,ERR,ERR,ERR,ERR,ERR,ERR,ERR,ERR,ERR,ERR,ERR,ERR,0.0,0.0,-107615184.0,0.0,-6.009,0.0,0.0,0.0,0,0,4,17343,7116,0.0,100,0.0,0.0,0.0,0.0,0.0,0,0,0,0,0.0,0,0,0,0,0,0,0,0,0,0,0,0,0,0,0,0,0,0,0,0,0,0,0,0,0,0,0,0,0,0,0,0,0,31,40,40,71,65476,0,300,0,0,8,21553,0.0,-107605600.0,0.0,0.0,0.0,0.0,0.0,0.0,0.0,0.0,0.0,0.0,0.0,0.0,0.0,0.0,0.0,0.0,0.0,0.0,0.0,0.0,-0.0,0.0,0.0,0.0,0.0,0.0,0.0,0.0,5487.0,-0.0,6930.0,0.0,0.0,2.004,2.004,0.0,0.0,0.0,0.0,69,0.0,-0.0,0.0,0.0,0.0,0.0,0.0,0.0,0.0,0,0,0,0.0,0.0,0.0,0.0,0.0,0.0,0.0,0.0,0.0,0.0,0.0,0.0,0.0,0.0,0.0,0.0,0,-107875648.0,69,0.0,138,0.0,2.012,ERR,ERR,ERR,ERR,ERR,ERR,ERR,ERR,ERR,ERR,ERR,ERR,ERR,ERR,ERR,ERR,ERR,ERR,ERR,ERR,ERR,ERR,ERR,ERR,ERR,ERR,ERR,ERR,ERR,ERR,ERR,ERR,ERR,ERR,ERR,ERR,ERR,ERR,ERR,ERR,ERR,ERR,ERR,ERR,ERR,ERR,ERR,ERR,ERR,ERR,ERR,ERR,ERR,ERR,ERR,ERR,ERR,ERR,ERR,ERR,ERR,ERR,ERR,ERR,ERR,ERR,ERR,60.0,60.0,35,0.0,0.0,0.0,0.0,0.0,0.0,0.0,0.0,0.0,0.0,0.0,0.0,0.0,0.0,0.0,0.0,65.6,0,117,56,34,65476,0,300,0,0,8,20529,65476,0,0,2621,60.0,0.0,0.0,0.0,0.0,0.0
2026-07-09T15:55:24,ERR,ERR,ERR,ERR,ERR,ERR,ERR,ERR,ERR,ERR,ERR,ERR,ERR,ERR,ERR,ERR,ERR,ERR,ERR,ERR,ERR,ERR,ERR,ERR,ERR,ERR,ERR,ERR,ERR,ERR,ERR,ERR,ERR,ERR,ERR,ERR,ERR,ERR,ERR,ERR,ERR,ERR,ERR,ERR,ERR,ERR,ERR,ERR,ERR,ERR,ERR,ERR,ERR,ERR,ERR,ERR,ERR,ERR,ERR,ERR,ERR,ERR,ERR,ERR,ERR,ERR,ERR,ERR,ERR,ERR,ERR,ERR,ERR,ERR,ERR,ERR,ERR,ERR,ERR,ERR,ERR,ERR,ERR,ERR,ERR,ERR,ERR,ERR,ERR,ERR,ERR,ERR,ERR,ERR,ERR,ERR,ERR,ERR,ERR,ERR,ERR,ERR,ERR,ERR,ERR,ERR,ERR,ERR,ERR,ERR,ERR,ERR,ERR,ERR,ERR,ERR,ERR,ERR,ERR,ERR,ERR,ERR,ERR,ERR,ERR,0.0,0.0,-107615184.0,0.0,-6.009,0.0,0.0,0.0,0,0,4,17343,7116,0.0,100,0.0,0.0,0.0,0.0,0.0,0,0,0,0,0.0,0,0,0,0,0,0,0,0,0,0,0,0,0,0,0,0,0,0,0,0,0,0,0,0,0,0,0,0,0,0,0,0,0,31,40,40,71,65476,0,300,0,0,8,21553,0.0,-107605600.0,0.0,0.0,0.0,0.0,0.0,0.0,0.0,0.0,0.0,0.0,0.0,0.0,0.0,0.0,0.0,0.0,0.0,0.0,0.0,0.0,-0.0,0.0,0.0,0.0,0.0,0.0,0.0,0.0,5487.0,-0.0,6930.0,0.0,0.0,2.004,2.004,0.0,0.0,0.0,0.0,69,0.0,-0.0,0.0,0.0,0.0,0.0,0.0,0.0,0.0,0,0,0,0.0,0.0,0.0,0.0,0.0,0.0,0.0,0.0,0.0,0.0,0.0,0.0,0.0,0.0,0.0,0.0,0,-107875648.0,69,0.0,138,0.0,2.012,ERR,ERR,ERR,ERR,ERR,ERR,ERR,ERR,ERR,ERR,ERR,ERR,ERR,ERR,ERR,ERR,ERR,ERR,ERR,ERR,ERR,ERR,ERR,ERR,ERR,ERR,ERR,ERR,ERR,ERR,ERR,ERR,ERR,ERR,ERR,ERR,ERR,ERR,ERR,ERR,ERR,ERR,ERR,ERR,ERR,ERR,ERR,ERR,ERR,ERR,ERR,ERR,ERR,ERR,ERR,ERR,ERR,ERR,ERR,ERR,ERR,ERR,ERR,ERR,ERR,ERR,ERR,60.0,60.0,35,0.0,0.0,0.0,0.0,0.0,0.0,0.0,0.0,0.0,0.0,0.0,0.0,0.0,0.0,0.0,0.0,65.6,0,117,56,34,65476,0,300,0,0,8,20529,65476,0,0,2621,60.0,0.0,0.0,0.0,0.0,0.0
2026-07-09T15:55:25,ERR,ERR,ERR,ERR,ERR,ERR,ERR,ERR,ERR,ERR,ERR,ERR,ERR,ERR,ERR,ERR,ERR,ERR,ERR,ERR,ERR,ERR,ERR,ERR,ERR,ERR,ERR,ERR,ERR,ERR,ERR,ERR,ERR,ERR,ERR,ERR,ERR,ERR,ERR,ERR,ERR,ERR,ERR,ERR,ERR,ERR,ERR,ERR,ERR,ERR,ERR,ERR,ERR,ERR,ERR,ERR,ERR,ERR,ERR,ERR,ERR,ERR,ERR,ERR,ERR,ERR,ERR,ERR,ERR,ERR,ERR,ERR,ERR,ERR,ERR,ERR,ERR,ERR,ERR,ERR,ERR,ERR,ERR,ERR,ERR,ERR,ERR,ERR,ERR,ERR,ERR,ERR,ERR,ERR,ERR,ERR,ERR,ERR,ERR,ERR,ERR,ERR,ERR,ERR,ERR,ERR,ERR,ERR,ERR,ERR,ERR,ERR,ERR,ERR,ERR,ERR,ERR,ERR,ERR,ERR,ERR,ERR,ERR,ERR,ERR,0.0,0.0,-107615184.0,0.0,-6.009,0.0,0.0,0.0,0,0,4,17343,7116,0.0,100,0.0,0.0,0.0,0.0,0.0,0,0,0,0,0.0,0,0,0,0,0,0,0,0,0,0,0,0,0,0,0,0,0,0,0,0,0,0,0,0,0,0,0,0,0,0,0,0,0,31,40,40,71,65476,0,300,0,0,8,21553,0.0,-107605600.0,0.0,0.0,0.0,0.0,0.0,0.0,0.0,0.0,0.0,0.0,0.0,0.0,0.0,0.0,0.0,0.0,0.0,0.0,0.0,0.0,-0.0,0.0,0.0,0.0,0.0,0.0,0.0,0.0,5487.0,-0.0,6930.0,0.0,0.0,2.004,2.004,0.0,0.0,0.0,0.0,69,0.0,-0.0,0.0,0.0,0.0,0.0,0.0,0.0,0.0,0,0,0,0.0,0.0,0.0,0.0,0.0,0.0,0.0,0.0,0.0,0.0,0.0,0.0,0.0,0.0,0.0,0.0,0,-107875648.0,69,0.0,138,0.0,2.012,ERR,ERR,ERR,ERR,ERR,ERR,ERR,ERR,ERR,ERR,ERR,ERR,ERR,ERR,ERR,ERR,ERR,ERR,ERR,ERR,ERR,ERR,ERR,ERR,ERR,ERR,ERR,ERR,ERR,ERR,ERR,ERR,ERR,ERR,ERR,ERR,ERR,ERR,ERR,ERR,ERR,ERR,ERR,ERR,ERR,ERR,ERR,ERR,ERR,ERR,ERR,ERR,ERR,ERR,ERR,ERR,ERR,ERR,ERR,ERR,ERR,ERR,ERR,ERR,ERR,ERR,ERR,60.0,60.0,35,0.0,0.0,0.0,0.0,0.0,0.0,0.0,0.0,0.0,0.0,0.0,0.0,0.0,0.0,0.0,0.0,65.6,0,117,56,34,65476,0,300,0,0,8,20529,65476,0,0,2621,60.0,0.0,0.0,0.0,0.0,0.0
2026-07-09T15:55:26,ERR,ERR,ERR,ERR,ERR,ERR,ERR,ERR,ERR,ERR,ERR,ERR,ERR,ERR,ERR,ERR,ERR,ERR,ERR,ERR,ERR,ERR,ERR,ERR,ERR,ERR,ERR,ERR,ERR,ERR,ERR,ERR,ERR,ERR,ERR,ERR,ERR,ERR,ERR,ERR,ERR,ERR,ERR,ERR,ERR,ERR,ERR,ERR,ERR,ERR,ERR,ERR,ERR,ERR,ERR,ERR,ERR,ERR,ERR,ERR,ERR,ERR,ERR,ERR,ERR,ERR,ERR,ERR,ERR,ERR,ERR,ERR,ERR,ERR,ERR,ERR,ERR,ERR,ERR,ERR,ERR,ERR,ERR,ERR,ERR,ERR,ERR,ERR,ERR,ERR,ERR,ERR,ERR,ERR,ERR,ERR,ERR,ERR,ERR,ERR,ERR,ERR,ERR,ERR,ERR,ERR,ERR,ERR,ERR,ERR,ERR,ERR,ERR,ERR,ERR,ERR,ERR,ERR,ERR,ERR,ERR,ERR,ERR,ERR,ERR,0.0,0.0,-107615184.0,0.0,-6.009,0.0,0.0,0.0,0,0,4,17343,7116,0.0,100,0.0,0.0,0.0,0.0,0.0,0,0,0,0,0.0,0,0,0,0,0,0,0,0,0,0,0,0,0,0,0,0,0,0,0,0,0,0,0,0,0,0,0,0,0,0,0,0,0,31,40,40,71,65476,0,300,0,0,8,21553,0.0,-107605600.0,0.0,0.0,0.0,0.0,0.0,0.0,0.0,0.0,0.0,0.0,0.0,0.0,0.0,0.0,0.0,0.0,0.0,0.0,0.0,0.0,-0.0,0.0,0.0,0.0,0.0,0.0,0.0,0.0,5487.0,-0.0,6930.0,0.0,0.0,2.004,2.004,0.0,0.0,0.0,0.0,69,0.0,-0.0,0.0,0.0,0.0,0.0,0.0,0.0,0.0,0,0,0,0.0,0.0,0.0,0.0,0.0,0.0,0.0,0.0,0.0,0.0,0.0,0.0,0.0,0.0,0.0,0.0,0,-107875648.0,69,0.0,138,0.0,2.012,ERR,ERR,ERR,ERR,ERR,ERR,ERR,ERR,ERR,ERR,ERR,ERR,ERR,ERR,ERR,ERR,ERR,ERR,ERR,ERR,ERR,ERR,ERR,ERR,ERR,ERR,ERR,ERR,ERR,ERR,ERR,ERR,ERR,ERR,ERR,ERR,ERR,ERR,ERR,ERR,ERR,ERR,ERR,ERR,ERR,ERR,ERR,ERR,ERR,ERR,ERR,ERR,ERR,ERR,ERR,ERR,ERR,ERR,ERR,ERR,ERR,ERR,ERR,ERR,ERR,ERR,ERR,60.0,60.0,35,0.0,0.0,0.0,0.0,0.0,0.0,0.0,0.0,0.0,0.0,0.0,0.0,0.0,0.0,0.0,0.0,65.6,0,117,56,34,65476,0,300,0,0,8,20529,65476,0,0,2621,60.0,0.0,0.0,0.0,0.0,0.0
2026-07-09T15:55:27,ERR,ERR,ERR,ERR,ERR,ERR,ERR,ERR,ERR,ERR,ERR,ERR,ERR,ERR,ERR,ERR,ERR,ERR,ERR,ERR,ERR,ERR,ERR,ERR,ERR,ERR,ERR,ERR,ERR,ERR,ERR,ERR,ERR,ERR,ERR,ERR,ERR,ERR,ERR,ERR,ERR,ERR,ERR,ERR,ERR,ERR,ERR,ERR,ERR,ERR,ERR,ERR,ERR,ERR,ERR,ERR,ERR,ERR,ERR,ERR,ERR,ERR,ERR,ERR,ERR,ERR,ERR,ERR,ERR,ERR,ERR,ERR,ERR,ERR,ERR,ERR,ERR,ERR,ERR,ERR,ERR,ERR,ERR,ERR,ERR,ERR,ERR,ERR,ERR,ERR,ERR,ERR,ERR,ERR,ERR,ERR,ERR,ERR,ERR,ERR,ERR,ERR,ERR,ERR,ERR,ERR,ERR,ERR,ERR,ERR,ERR,ERR,ERR,ERR,ERR,ERR,ERR,ERR,ERR,ERR,ERR,ERR,ERR,ERR,ERR,0.0,0.0,-107615184.0,0.0,-6.009,0.0,0.0,0.0,0,0,4,17343,7116,0.0,100,0.0,0.0,0.0,0.0,0.0,0,0,0,0,0.0,0,0,0,0,0,0,0,0,0,0,0,0,0,0,0,0,0,0,0,0,0,0,0,0,0,0,0,0,0,0,0,0,0,31,40,40,71,65476,0,300,0,0,8,21553,0.0,-107605600.0,0.0,0.0,0.0,0.0,0.0,0.0,0.0,0.0,0.0,0.0,0.0,0.0,0.0,0.0,0.0,0.0,0.0,0.0,0.0,0.0,-0.0,0.0,0.0,0.0,0.0,0.0,0.0,0.0,5487.0,-0.0,6930.0,0.0,0.0,2.004,2.004,0.0,0.0,0.0,0.0,69,0.0,-0.0,0.0,0.0,0.0,0.0,0.0,0.0,0.0,0,0,0,0.0,0.0,0.0,0.0,0.0,0.0,0.0,0.0,0.0,0.0,0.0,0.0,0.0,0.0,0.0,0.0,0,-107875648.0,69,0.0,138,0.0,2.012,ERR,ERR,ERR,ERR,ERR,ERR,ERR,ERR,ERR,ERR,ERR,ERR,ERR,ERR,ERR,ERR,ERR,ERR,ERR,ERR,ERR,ERR,ERR,ERR,ERR,ERR,ERR,ERR,ERR,ERR,ERR,ERR,ERR,ERR,ERR,ERR,ERR,ERR,ERR,ERR,ERR,ERR,ERR,ERR,ERR,ERR,ERR,ERR,ERR,ERR,ERR,ERR,ERR,ERR,ERR,ERR,ERR,ERR,ERR,ERR,ERR,ERR,ERR,ERR,ERR,ERR,ERR,60.0,60.0,35,0.0,0.0,0.0,0.0,0.0,0.0,0.0,0.0,0.0,0.0,0.0,0.0,0.0,0.0,0.0,0.0,65.6,0,117,56,34,65476,0,300,0,0,8,20529,65476,0,0,2621,60.0,0.0,0.0,0.0,0.0,0.0
2026-07-09T15:55:28,ERR,ERR,ERR,ERR,ERR,ERR,ERR,ERR,ERR,ERR,ERR,ERR,ERR,ERR,ERR,ERR,ERR,ERR,ERR,ERR,ERR,ERR,ERR,ERR,ERR,ERR,ERR,ERR,ERR,ERR,ERR,ERR,ERR,ERR,ERR,ERR,ERR,ERR,ERR,ERR,ERR,ERR,ERR,ERR,ERR,ERR,ERR,ERR,ERR,ERR,ERR,ERR,ERR,ERR,ERR,ERR,ERR,ERR,ERR,ERR,ERR,ERR,ERR,ERR,ERR,ERR,ERR,ERR,ERR,ERR,ERR,ERR,ERR,ERR,ERR,ERR,ERR,ERR,ERR,ERR,ERR,ERR,ERR,ERR,ERR,ERR,ERR,ERR,ERR,ERR,ERR,ERR,ERR,ERR,ERR,ERR,ERR,ERR,ERR,ERR,ERR,ERR,ERR,ERR,ERR,ERR,ERR,ERR,ERR,ERR,ERR,ERR,ERR,ERR,ERR,ERR,ERR,ERR,ERR,ERR,ERR,ERR,ERR,ERR,ERR,0.0,0.0,-107615184.0,0.0,-6.009,-6.4970088086239796e+35,0.0,17952.207,0,0,4,17343,7116,0.0,100,0.0,0.0,0.0,0.0,0.0,0,0,0,0,0.0,0,0,0,0,0,0,0,0,0,0,0,0,0,0,0,0,0,0,0,0,0,0,0,0,0,0,0,0,0,0,0,0,0,31,40,40,71,65476,0,300,0,0,8,21553,0.0,-107605600.0,0.0,0.0,0.0,0.0,0.0,0.0,0.0,0.0,0.0,0.0,0.0,0.0,-2.596148429267414e+33,0.0,0.0,0.0,0.0,0.0,0.0,0.0,-0.0,0.0,0.0,0.0,0.0,0.0,0.0,0.0,5487.0,-0.0,6934.0,0.0,0.0,2.004,2.004,0.0,0.0,0.0,0.0,69,0.0,-71.63,0.0,0.0,0.0,0.0,0.0,0.0,0.0,0,0,0,0.0,0.0,0.0,0.0,0.0,0.0,0.0,0.0,0.0,0.0,0.0,0.0,0.0,0.0,0.0,0.0,0,-107875648.0,69,0.0,138,0.0,2.012,ERR,ERR,ERR,ERR,ERR,ERR,ERR,ERR,ERR,ERR,ERR,ERR,ERR,ERR,ERR,ERR,ERR,ERR,ERR,ERR,ERR,ERR,ERR,ERR,ERR,ERR,ERR,ERR,ERR,ERR,ERR,ERR,ERR,ERR,ERR,ERR,ERR,ERR,ERR,ERR,ERR,ERR,ERR,ERR,ERR,ERR,ERR,ERR,ERR,ERR,ERR,ERR,ERR,ERR,ERR,ERR,ERR,ERR,ERR,ERR,ERR,ERR,ERR,ERR,ERR,ERR,ERR,60.0,60.0,35,0.0,0.0,0.0,0.0,0.0,0.0,0.0,0.0,0.0,0.0,0.0,0.0,0.0,0.0,0.0,0.0,65.2,0,117,56,34,65476,0,300,0,0,8,20529,65476,0,0,2621,60.0,0.0,0.0,0.0,0.0,0.0
2026-07-09T15:55:29,ERR,ERR,ERR,ERR,ERR,ERR,ERR,ERR,ERR,ERR,ERR,ERR,ERR,ERR,ERR,ERR,ERR,ERR,ERR,ERR,ERR,ERR,ERR,ERR,ERR,ERR,ERR,ERR,ERR,ERR,ERR,ERR,ERR,ERR,ERR,ERR,ERR,ERR,ERR,ERR,ERR,ERR,ERR,ERR,ERR,ERR,ERR,ERR,ERR,ERR,ERR,ERR,ERR,ERR,ERR,ERR,ERR,ERR,ERR,ERR,ERR,ERR,ERR,ERR,ERR,ERR,ERR,ERR,ERR,ERR,ERR,ERR,ERR,ERR,ERR,ERR,ERR,ERR,ERR,ERR,ERR,ERR,ERR,ERR,ERR,ERR,ERR,ERR,ERR,ERR,ERR,ERR,ERR,ERR,ERR,ERR,ERR,ERR,ERR,ERR,ERR,ERR,ERR,ERR,ERR,ERR,ERR,ERR,ERR,ERR,ERR,ERR,ERR,ERR,ERR,ERR,ERR,ERR,ERR,ERR,ERR,ERR,ERR,ERR,ERR,0.0,0.0,-107615184.0,0.0,-6.009,-6.4970088086239796e+35,0.0,17952.207,0,0,4,17343,7116,0.0,100,0.0,0.0,0.0,0.0,0.0,0,0,0,0,0.0,0,0,0,0,0,0,0,0,0,0,0,0,0,0,0,0,0,0,0,0,0,0,0,0,0,0,0,0,0,0,0,0,0,31,40,40,71,65476,0,300,0,0,8,21553,0.0,-107605600.0,0.0,0.0,0.0,0.0,0.0,0.0,0.0,0.0,0.0,0.0,0.0,0.0,-2.596148429267414e+33,0.0,0.0,0.0,0.0,0.0,0.0,0.0,-0.0,0.0,0.0,0.0,0.0,0.0,0.0,0.0,5487.0,-0.0,6934.0,0.0,0.0,2.004,2.004,0.0,0.0,0.0,0.0,69,0.0,-71.63,0.0,0.0,0.0,0.0,0.0,0.0,0.0,0,0,0,0.0,0.0,0.0,0.0,0.0,0.0,0.0,0.0,0.0,0.0,0.0,0.0,0.0,0.0,0.0,0.0,0,-107875648.0,69,0.0,138,0.0,2.012,ERR,ERR,ERR,ERR,ERR,ERR,ERR,ERR,ERR,ERR,ERR,ERR,ERR,ERR,ERR,ERR,ERR,ERR,ERR,ERR,ERR,ERR,ERR,ERR,ERR,ERR,ERR,ERR,ERR,ERR,ERR,ERR,ERR,ERR,ERR,ERR,ERR,ERR,ERR,ERR,ERR,ERR,ERR,ERR,ERR,ERR,ERR,ERR,ERR,ERR,ERR,ERR,ERR,ERR,ERR,ERR,ERR,ERR,ERR,ERR,ERR,ERR,ERR,ERR,ERR,ERR,ERR,60.0,60.0,35,0.0,0.0,0.0,0.0,0.0,0.0,0.0,0.0,0.0,0.0,0.0,0.0,0.0,0.0,0.0,0.0,65.2,0,117,56,34,65476,0,300,0,0,8,20529,65476,0,0,2621,60.0,0.0,0.0,0.0,0.0,0.0
2026-07-09T15:55:30,ERR,ERR,ERR,ERR,ERR,ERR,ERR,ERR,ERR,ERR,ERR,ERR,ERR,ERR,ERR,ERR,ERR,ERR,ERR,ERR,ERR,ERR,ERR,ERR,ERR,ERR,ERR,ERR,ERR,ERR,ERR,ERR,ERR,ERR,ERR,ERR,ERR,ERR,ERR,ERR,ERR,ERR,ERR,ERR,ERR,ERR,ERR,ERR,ERR,ERR,ERR,ERR,ERR,ERR,ERR,ERR,ERR,ERR,ERR,ERR,ERR,ERR,ERR,ERR,ERR,ERR,ERR,ERR,ERR,ERR,ERR,ERR,ERR,ERR,ERR,ERR,ERR,ERR,ERR,ERR,ERR,ERR,ERR,ERR,ERR,ERR,ERR,ERR,ERR,ERR,ERR,ERR,ERR,ERR,ERR,ERR,ERR,ERR,ERR,ERR,ERR,ERR,ERR,ERR,ERR,ERR,ERR,ERR,ERR,ERR,ERR,ERR,ERR,ERR,ERR,ERR,ERR,ERR,ERR,ERR,ERR,ERR,ERR,ERR,ERR,0.0,0.0,-107615184.0,0.0,-6.009,-6.4970088086239796e+35,0.0,17952.207,0,0,4,17343,7116,0.0,100,0.0,0.0,0.0,0.0,0.0,0,0,0,0,0.0,0,0,0,0,0,0,0,0,0,0,0,0,0,0,0,0,0,0,0,0,0,0,0,0,0,0,0,0,0,0,0,0,0,31,40,40,71,65476,0,300,0,0,8,21553,0.0,-107605600.0,0.0,0.0,0.0,0.0,0.0,0.0,0.0,0.0,0.0,0.0,0.0,0.0,-2.596148429267414e+33,0.0,0.0,0.0,0.0,0.0,0.0,0.0,-0.0,0.0,0.0,0.0,0.0,0.0,0.0,0.0,5487.0,-0.0,6934.0,0.0,0.0,2.004,2.004,0.0,0.0,0.0,0.0,69,0.0,-71.63,0.0,0.0,0.0,0.0,0.0,0.0,0.0,0,0,0,0.0,0.0,0.0,0.0,0.0,0.0,0.0,0.0,0.0,0.0,0.0,0.0,0.0,0.0,0.0,0.0,0,-107875648.0,69,0.0,138,0.0,2.012,ERR,ERR,ERR,ERR,ERR,ERR,ERR,ERR,ERR,ERR,ERR,ERR,ERR,ERR,ERR,ERR,ERR,ERR,ERR,ERR,ERR,ERR,ERR,ERR,ERR,ERR,ERR,ERR,ERR,ERR,ERR,ERR,ERR,ERR,ERR,ERR,ERR,ERR,ERR,ERR,ERR,ERR,ERR,ERR,ERR,ERR,ERR,ERR,ERR,ERR,ERR,ERR,ERR,ERR,ERR,ERR,ERR,ERR,ERR,ERR,ERR,ERR,ERR,ERR,ERR,ERR,ERR,60.0,60.0,35,0.0,0.0,0.0,0.0,0.0,0.0,0.0,0.0,0.0,0.0,0.0,0.0,0.0,0.0,0.0,0.0,65.6,0,117,56,34,65476,0,300,0,0,8,20529,65476,0,0,2621,60.0,0.0,0.0,0.0,0.0,0.0
2026-07-09T15:55:31,ERR,ERR,ERR,ERR,ERR,ERR,ERR,ERR,ERR,ERR,ERR,ERR,ERR,ERR,ERR,ERR,ERR,ERR,ERR,ERR,ERR,ERR,ERR,ERR,ERR,ERR,ERR,ERR,ERR,ERR,ERR,ERR,ERR,ERR,ERR,ERR,ERR,ERR,ERR,ERR,ERR,ERR,ERR,ERR,ERR,ERR,ERR,ERR,ERR,ERR,ERR,ERR,ERR,ERR,ERR,ERR,ERR,ERR,ERR,ERR,ERR,ERR,ERR,ERR,ERR,ERR,ERR,ERR,ERR,ERR,ERR,ERR,ERR,ERR,ERR,ERR,ERR,ERR,ERR,ERR,ERR,ERR,ERR,ERR,ERR,ERR,ERR,ERR,ERR,ERR,ERR,ERR,ERR,ERR,ERR,ERR,ERR,ERR,ERR,ERR,ERR,ERR,ERR,ERR,ERR,ERR,ERR,ERR,ERR,ERR,ERR,ERR,ERR,ERR,ERR,ERR,ERR,ERR,ERR,ERR,ERR,ERR,ERR,ERR,ERR,0.0,0.0,-107615184.0,0.0,-6.009,-6.4970088086239796e+35,0.0,17952.207,0,0,4,17343,7116,0.0,100,0.0,0.0,0.0,0.0,0.0,0,0,0,0,0.0,0,0,0,0,0,0,0,0,0,0,0,0,0,0,0,0,0,0,0,0,0,0,0,0,0,0,0,0,0,0,0,0,0,31,40,40,71,65476,0,300,0,0,8,21553,0.0,-107605600.0,0.0,0.0,0.0,0.0,0.0,0.0,0.0,0.0,0.0,0.0,0.0,0.0,-2.596148429267414e+33,0.0,0.0,0.0,0.0,0.0,0.0,0.0,-0.0,0.0,0.0,0.0,0.0,0.0,0.0,0.0,5487.0,-0.0,6934.0,0.0,0.0,2.004,2.004,0.0,0.0,0.0,0.0,69,0.0,-71.63,0.0,0.0,0.0,0.0,0.0,0.0,0.0,0,0,0,0.0,0.0,0.0,0.0,0.0,0.0,0.0,0.0,0.0,0.0,0.0,0.0,0.0,0.0,0.0,0.0,0,-107875648.0,69,0.0,138,0.0,2.012,ERR,ERR,ERR,ERR,ERR,ERR,ERR,ERR,ERR,ERR,ERR,ERR,ERR,ERR,ERR,ERR,ERR,ERR,ERR,ERR,ERR,ERR,ERR,ERR,ERR,ERR,ERR,ERR,ERR,ERR,ERR,ERR,ERR,ERR,ERR,ERR,ERR,ERR,ERR,ERR,ERR,ERR,ERR,ERR,ERR,ERR,ERR,ERR,ERR,ERR,ERR,ERR,ERR,ERR,ERR,ERR,ERR,ERR,ERR,ERR,ERR,ERR,ERR,ERR,ERR,ERR,ERR,60.0,60.0,35,0.0,0.0,0.0,0.0,0.0,0.0,0.0,0.0,0.0,0.0,0.0,0.0,0.0,0.0,0.0,0.0,65.2,0,117,56,34,65476,0,300,0,0,8,20529,65476,0,0,2621,60.0,0.0,0.0,0.0,0.0,0.0
2026-07-09T15:55:32,ERR,ERR,ERR,ERR,ERR,ERR,ERR,ERR,ERR,ERR,ERR,ERR,ERR,ERR,ERR,ERR,ERR,ERR,ERR,ERR,ERR,ERR,ERR,ERR,ERR,ERR,ERR,ERR,ERR,ERR,ERR,ERR,ERR,ERR,ERR,ERR,ERR,ERR,ERR,ERR,ERR,ERR,ERR,ERR,ERR,ERR,ERR,ERR,ERR,ERR,ERR,ERR,ERR,ERR,ERR,ERR,ERR,ERR,ERR,ERR,ERR,ERR,ERR,ERR,ERR,ERR,ERR,ERR,ERR,ERR,ERR,ERR,ERR,ERR,ERR,ERR,ERR,ERR,ERR,ERR,ERR,ERR,ERR,ERR,ERR,ERR,ERR,ERR,ERR,ERR,ERR,ERR,ERR,ERR,ERR,ERR,ERR,ERR,ERR,ERR,ERR,ERR,ERR,ERR,ERR,ERR,ERR,ERR,ERR,ERR,ERR,ERR,ERR,ERR,ERR,ERR,ERR,ERR,ERR,ERR,ERR,ERR,ERR,ERR,ERR,0.0,0.0,-107615184.0,0.0,-6.009,-6.4970088086239796e+35,0.0,17952.207,0,0,4,17343,7116,0.0,100,0.0,0.0,0.0,0.0,0.0,0,0,0,0,0.0,0,0,0,0,0,0,0,0,0,0,0,0,0,0,0,0,0,0,0,0,0,0,0,0,0,0,0,0,0,0,0,0,0,31,40,40,71,65476,0,300,0,0,8,21553,0.0,-107605600.0,0.0,0.0,0.0,0.0,0.0,0.0,0.0,0.0,0.0,0.0,0.0,0.0,-2.596148429267414e+33,0.0,0.0,0.0,0.0,0.0,0.0,0.0,-0.0,0.0,0.0,0.0,0.0,0.0,0.0,0.0,5487.0,-0.0,6934.0,0.0,0.0,2.004,2.004,0.0,0.0,0.0,0.0,69,0.0,-71.63,0.0,0.0,0.0,0.0,0.0,0.0,0.0,0,0,0,0.0,0.0,0.0,0.0,0.0,0.0,0.0,0.0,0.0,0.0,0.0,0.0,0.0,0.0,0.0,0.0,0,-107875648.0,69,0.0,138,0.0,2.012,ERR,ERR,ERR,ERR,ERR,ERR,ERR,ERR,ERR,ERR,ERR,ERR,ERR,ERR,ERR,ERR,ERR,ERR,ERR,ERR,ERR,ERR,ERR,ERR,ERR,ERR,ERR,ERR,ERR,ERR,ERR,ERR,ERR,ERR,ERR,ERR,ERR,ERR,ERR,ERR,ERR,ERR,ERR,ERR,ERR,ERR,ERR,ERR,ERR,ERR,ERR,ERR,ERR,ERR,ERR,ERR,ERR,ERR,ERR,ERR,ERR,ERR,ERR,ERR,ERR,ERR,ERR,60.0,60.0,35,0.0,0.0,0.0,0.0,0.0,0.0,0.0,0.0,0.0,0.0,0.0,0.0,0.0,0.0,0.0,0.0,65.2,0,117,56,34,65476,0,300,0,0,8,20529,65476,0,0,2621,60.0,0.0,0.0,0.0,0.0,0.0
2026-07-09T15:55:33,ERR,ERR,ERR,ERR,ERR,ERR,ERR,ERR,ERR,ERR,ERR,ERR,ERR,ERR,ERR,ERR,ERR,ERR,ERR,ERR,ERR,ERR,ERR,ERR,ERR,ERR,ERR,ERR,ERR,ERR,ERR,ERR,ERR,ERR,ERR,ERR,ERR,ERR,ERR,ERR,ERR,ERR,ERR,ERR,ERR,ERR,ERR,ERR,ERR,ERR,ERR,ERR,ERR,ERR,ERR,ERR,ERR,ERR,ERR,ERR,ERR,ERR,ERR,ERR,ERR,ERR,ERR,ERR,ERR,ERR,ERR,ERR,ERR,ERR,ERR,ERR,ERR,ERR,ERR,ERR,ERR,ERR,ERR,ERR,ERR,ERR,ERR,ERR,ERR,ERR,ERR,ERR,ERR,ERR,ERR,ERR,ERR,ERR,ERR,ERR,ERR,ERR,ERR,ERR,ERR,ERR,ERR,ERR,ERR,ERR,ERR,ERR,ERR,ERR,ERR,ERR,ERR,ERR,ERR,ERR,ERR,ERR,ERR,ERR,ERR,0.0,-107616160.0,2.7302323341955638e+23,2.7183478752108883e+23,-0.0,-64030160.0,-2.5179324200593214e+26,-2.693662975517646e+25,0,0,4,17342,7116,0.0,100,0.0,0.0,2.7183478752108883e+23,0.0,0.0,0,0,0,0,0.0,0,0,0,0,0,0,0,0,0,0,0,0,0,0,0,0,0,0,0,0,0,0,0,0,0,0,0,0,0,0,0,0,0,31,40,40,71,65476,0,300,0,0,8,21553,0.0,-107605600.0,0.0,0.0,0.0,0.0,0.0,0.0,0.0,0.0,0.0,0.0,0.0,0.0,0.0,0.0,0.0,0.0,0.0,0.0,0.0,0.0,-0.0,0.0,0.0,0.0,0.0,0.0,0.0,0.0,5495.0,-131350.672,6937.0,0.0,-107616160.0,2.004,2.004,0.0,0.0,0.0,0.0,69,2.718419752660941e+23,-2.308831393857059e+20,0.0,0.0,0.0,0.0,0.0,0.0,0.0,0,0,0,0.0,0.0,0.0,0.0,0.0,0.0,0.0,0.0,0.0,0.0,0.0,0.0,0.0,0.0,0.0,0.0,0,-107875648.0,69,0.0,138,0.0,2.012,ERR,ERR,ERR,ERR,ERR,ERR,ERR,ERR,ERR,ERR,ERR,ERR,ERR,ERR,ERR,ERR,ERR,ERR,ERR,ERR,ERR,ERR,ERR,ERR,ERR,ERR,ERR,ERR,ERR,ERR,ERR,ERR,ERR,ERR,ERR,ERR,ERR,ERR,ERR,ERR,ERR,ERR,ERR,ERR,ERR,ERR,ERR,ERR,ERR,ERR,ERR,ERR,ERR,ERR,ERR,ERR,ERR,ERR,ERR,ERR,ERR,ERR,ERR,ERR,ERR,ERR,ERR,60.0,60.0,35,0.0,0.0,0.0,0.0,0.0,0.0,0.0,0.0,0.0,0.0,0.0,0.0,0.0,0.0,0.0,0.0,65.6,0,117,56,34,65476,0,300,0,0,8,20529,65476,0,0,2621,60.0,0.0,0.0,0.0,0.0,0.0
2026-07-09T15:55:34,ERR,ERR,ERR,ERR,ERR,ERR,ERR,ERR,ERR,ERR,ERR,ERR,ERR,ERR,ERR,ERR,ERR,ERR,ERR,ERR,ERR,ERR,ERR,ERR,ERR,ERR,ERR,ERR,ERR,ERR,ERR,ERR,ERR,ERR,ERR,ERR,ERR,ERR,ERR,ERR,ERR,ERR,ERR,ERR,ERR,ERR,ERR,ERR,ERR,ERR,ERR,ERR,ERR,ERR,ERR,ERR,ERR,ERR,ERR,ERR,ERR,ERR,ERR,ERR,ERR,ERR,ERR,ERR,ERR,ERR,ERR,ERR,ERR,ERR,ERR,ERR,ERR,ERR,ERR,ERR,ERR,ERR,ERR,ERR,ERR,ERR,ERR,ERR,ERR,ERR,ERR,ERR,ERR,ERR,ERR,ERR,ERR,ERR,ERR,ERR,ERR,ERR,ERR,ERR,ERR,ERR,ERR,ERR,ERR,ERR,ERR,ERR,ERR,ERR,ERR,ERR,ERR,ERR,ERR,ERR,ERR,ERR,ERR,ERR,ERR,0.0,-107616160.0,2.7302323341955638e+23,2.7183478752108883e+23,-0.0,-64030160.0,-2.5179324200593214e+26,-2.693662975517646e+25,0,0,4,17342,7116,0.0,100,0.0,0.0,2.7183478752108883e+23,0.0,0.0,0,0,0,0,0.0,0,0,0,0,0,0,0,0,0,0,0,0,0,0,0,0,0,0,0,0,0,0,0,0,0,0,0,0,0,0,0,0,0,31,40,40,71,65476,0,300,0,0,8,21553,0.0,-107605600.0,0.0,0.0,0.0,0.0,0.0,0.0,0.0,0.0,0.0,0.0,0.0,0.0,0.0,0.0,0.0,0.0,0.0,0.0,0.0,0.0,-0.0,0.0,0.0,0.0,0.0,0.0,0.0,0.0,5495.0,-131350.672,6937.0,0.0,-107616160.0,2.004,2.004,0.0,0.0,0.0,0.0,69,2.718419752660941e+23,-2.308831393857059e+20,0.0,0.0,0.0,0.0,0.0,0.0,0.0,0,0,0,0.0,0.0,0.0,0.0,0.0,0.0,0.0,0.0,0.0,0.0,0.0,0.0,0.0,0.0,0.0,0.0,0,-107875648.0,69,0.0,138,0.0,2.012,ERR,ERR,ERR,ERR,ERR,ERR,ERR,ERR,ERR,ERR,ERR,ERR,ERR,ERR,ERR,ERR,ERR,ERR,ERR,ERR,ERR,ERR,ERR,ERR,ERR,ERR,ERR,ERR,ERR,ERR,ERR,ERR,ERR,ERR,ERR,ERR,ERR,ERR,ERR,ERR,ERR,ERR,ERR,ERR,ERR,ERR,ERR,ERR,ERR,ERR,ERR,ERR,ERR,ERR,ERR,ERR,ERR,ERR,ERR,ERR,ERR,ERR,ERR,ERR,ERR,ERR,ERR,60.0,60.0,35,0.0,0.0,0.0,0.0,0.0,0.0,0.0,0.0,0.0,0.0,0.0,0.0,0.0,0.0,0.0,0.0,65.6,0,117,56,34,65476,0,300,0,0,8,20529,65476,0,0,2621,60.0,0.0,0.0,0.0,0.0,0.0
2026-07-09T15:55:35,ERR,ERR,ERR,ERR,ERR,ERR,ERR,ERR,ERR,ERR,ERR,ERR,ERR,ERR,ERR,ERR,ERR,ERR,ERR,ERR,ERR,ERR,ERR,ERR,ERR,ERR,ERR,ERR,ERR,ERR,ERR,ERR,ERR,ERR,ERR,ERR,ERR,ERR,ERR,ERR,ERR,ERR,ERR,ERR,ERR,ERR,ERR,ERR,ERR,ERR,ERR,ERR,ERR,ERR,ERR,ERR,ERR,ERR,ERR,ERR,ERR,ERR,ERR,ERR,ERR,ERR,ERR,ERR,ERR,ERR,ERR,ERR,ERR,ERR,ERR,ERR,ERR,ERR,ERR,ERR,ERR,ERR,ERR,ERR,ERR,ERR,ERR,ERR,ERR,ERR,ERR,ERR,ERR,ERR,ERR,ERR,ERR,ERR,ERR,ERR,ERR,ERR,ERR,ERR,ERR,ERR,ERR,ERR,ERR,ERR,ERR,ERR,ERR,ERR,ERR,ERR,ERR,ERR,ERR,ERR,ERR,ERR,ERR,ERR,ERR,0.0,-107616160.0,2.7302323341955638e+23,2.7183478752108883e+23,-0.0,-64030160.0,-2.5179324200593214e+26,-2.693662975517646e+25,0,0,4,17342,7116,0.0,100,0.0,0.0,2.7183478752108883e+23,0.0,0.0,0,0,0,0,0.0,0,0,0,0,0,0,0,0,0,0,0,0,0,0,0,0,0,0,0,0,0,0,0,0,0,0,0,0,0,0,0,0,0,31,40,40,71,65476,0,300,0,0,8,21553,0.0,-107605600.0,0.0,0.0,0.0,0.0,0.0,0.0,0.0,0.0,0.0,0.0,0.0,0.0,0.0,0.0,0.0,0.0,0.0,0.0,0.0,0.0,-0.0,0.0,0.0,0.0,0.0,0.0,0.0,0.0,5495.0,-131350.672,6937.0,0.0,-107616160.0,2.004,2.004,0.0,0.0,0.0,0.0,69,2.718419752660941e+23,-2.308831393857059e+20,0.0,0.0,0.0,0.0,0.0,0.0,0.0,0,0,0,0.0,0.0,0.0,0.0,0.0,0.0,0.0,0.0,0.0,0.0,0.0,0.0,0.0,0.0,0.0,0.0,0,-107875648.0,69,0.0,138,0.0,2.012,ERR,ERR,ERR,ERR,ERR,ERR,ERR,ERR,ERR,ERR,ERR,ERR,ERR,ERR,ERR,ERR,ERR,ERR,ERR,ERR,ERR,ERR,ERR,ERR,ERR,ERR,ERR,ERR,ERR,ERR,ERR,ERR,ERR,ERR,ERR,ERR,ERR,ERR,ERR,ERR,ERR,ERR,ERR,ERR,ERR,ERR,ERR,ERR,ERR,ERR,ERR,ERR,ERR,ERR,ERR,ERR,ERR,ERR,ERR,ERR,ERR,ERR,ERR,ERR,ERR,ERR,ERR,60.0,60.0,35,0.0,0.0,0.0,0.0,0.0,0.0,0.0,0.0,0.0,0.0,0.0,0.0,0.0,0.0,0.0,0.0,65.6,0,117,56,34,65476,0,300,0,0,8,20529,65476,0,0,2621,60.0,0.0,0.0,0.0,0.0,0.0
2026-07-09T15:55:36,ERR,ERR,ERR,ERR,ERR,ERR,ERR,ERR,ERR,ERR,ERR,ERR,ERR,ERR,ERR,ERR,ERR,ERR,ERR,ERR,ERR,ERR,ERR,ERR,ERR,ERR,ERR,ERR,ERR,ERR,ERR,ERR,ERR,ERR,ERR,ERR,ERR,ERR,ERR,ERR,ERR,ERR,ERR,ERR,ERR,ERR,ERR,ERR,ERR,ERR,ERR,ERR,ERR,ERR,ERR,ERR,ERR,ERR,ERR,ERR,ERR,ERR,ERR,ERR,ERR,ERR,ERR,ERR,ERR,ERR,ERR,ERR,ERR,ERR,ERR,ERR,ERR,ERR,ERR,ERR,ERR,ERR,ERR,ERR,ERR,ERR,ERR,ERR,ERR,ERR,ERR,ERR,ERR,ERR,ERR,ERR,ERR,ERR,ERR,ERR,ERR,ERR,ERR,ERR,ERR,ERR,ERR,ERR,ERR,ERR,ERR,ERR,ERR,ERR,ERR,ERR,ERR,ERR,ERR,ERR,ERR,ERR,ERR,ERR,ERR,0.0,-107616160.0,2.7302323341955638e+23,2.7183478752108883e+23,-0.0,-64030160.0,-2.5179324200593214e+26,-2.693662975517646e+25,0,0,4,17342,7116,0.0,100,0.0,0.0,2.7183478752108883e+23,0.0,0.0,0,0,0,0,0.0,0,0,0,0,0,0,0,0,0,0,0,0,0,0,0,0,0,0,0,0,0,0,0,0,0,0,0,0,0,0,0,0,0,31,40,40,71,65476,0,300,0,0,8,21553,0.0,-107605600.0,0.0,0.0,0.0,0.0,0.0,0.0,0.0,0.0,0.0,0.0,0.0,0.0,0.0,0.0,0.0,0.0,0.0,0.0,0.0,0.0,-0.0,0.0,0.0,0.0,0.0,0.0,0.0,0.0,5495.0,-131350.672,6937.0,0.0,-107616160.0,2.004,2.004,0.0,0.0,0.0,0.0,69,2.718419752660941e+23,-2.308831393857059e+20,0.0,0.0,0.0,0.0,0.0,0.0,0.0,0,0,0,0.0,0.0,0.0,0.0,0.0,0.0,0.0,0.0,0.0,0.0,0.0,0.0,0.0,0.0,0.0,0.0,0,-107875648.0,69,0.0,138,0.0,2.012,ERR,ERR,ERR,ERR,ERR,ERR,ERR,ERR,ERR,ERR,ERR,ERR,ERR,ERR,ERR,ERR,ERR,ERR,ERR,ERR,ERR,ERR,ERR,ERR,ERR,ERR,ERR,ERR,ERR,ERR,ERR,ERR,ERR,ERR,ERR,ERR,ERR,ERR,ERR,ERR,ERR,ERR,ERR,ERR,ERR,ERR,ERR,ERR,ERR,ERR,ERR,ERR,ERR,ERR,ERR,ERR,ERR,ERR,ERR,ERR,ERR,ERR,ERR,ERR,ERR,ERR,ERR,60.0,60.0,35,0.0,0.0,0.0,0.0,0.0,0.0,0.0,0.0,0.0,0.0,0.0,0.0,0.0,0.0,0.0,0.0,65.2,0,117,57,34,65476,0,300,0,0,8,20529,65476,0,0,2621,60.0,0.0,0.0,0.0,0.0,0.0
2026-07-09T15:55:37,ERR,ERR,ERR,ERR,ERR,ERR,ERR,ERR,ERR,ERR,ERR,ERR,ERR,ERR,ERR,ERR,ERR,ERR,ERR,ERR,ERR,ERR,ERR,ERR,ERR,ERR,ERR,ERR,ERR,ERR,ERR,ERR,ERR,ERR,ERR,ERR,ERR,ERR,ERR,ERR,ERR,ERR,ERR,ERR,ERR,ERR,ERR,ERR,ERR,ERR,ERR,ERR,ERR,ERR,ERR,ERR,ERR,ERR,ERR,ERR,ERR,ERR,ERR,ERR,ERR,ERR,ERR,ERR,ERR,ERR,ERR,ERR,ERR,ERR,ERR,ERR,ERR,ERR,ERR,ERR,ERR,ERR,ERR,ERR,ERR,ERR,ERR,ERR,ERR,ERR,ERR,ERR,ERR,ERR,ERR,ERR,ERR,ERR,ERR,ERR,ERR,ERR,ERR,ERR,ERR,ERR,ERR,ERR,ERR,ERR,ERR,ERR,ERR,ERR,ERR,ERR,ERR,ERR,ERR,ERR,ERR,ERR,ERR,ERR,ERR,0.0,-107616160.0,2.7302323341955638e+23,2.7183478752108883e+23,-0.0,-64030160.0,-2.5179324200593214e+26,-2.693662975517646e+25,0,0,4,17342,7116,0.0,100,0.0,0.0,2.7183478752108883e+23,0.0,0.0,0,0,0,0,0.0,0,0,0,0,0,0,0,0,0,0,0,0,0,0,0,0,0,0,0,0,0,0,0,0,0,0,0,0,0,0,0,0,0,31,40,40,71,65476,0,300,0,0,8,21553,0.0,-107605600.0,0.0,0.0,0.0,0.0,0.0,0.0,0.0,0.0,0.0,0.0,0.0,0.0,0.0,0.0,0.0,0.0,0.0,0.0,0.0,0.0,-0.0,0.0,0.0,0.0,0.0,0.0,0.0,0.0,5495.0,-131350.672,6937.0,0.0,-107616160.0,2.004,2.004,0.0,0.0,0.0,0.0,69,2.718419752660941e+23,-2.308831393857059e+20,0.0,0.0,0.0,0.0,0.0,0.0,0.0,0,0,0,0.0,0.0,0.0,0.0,0.0,0.0,0.0,0.0,0.0,0.0,0.0,0.0,0.0,0.0,0.0,0.0,0,-107875648.0,69,0.0,138,0.0,2.012,ERR,ERR,ERR,ERR,ERR,ERR,ERR,ERR,ERR,ERR,ERR,ERR,ERR,ERR,ERR,ERR,ERR,ERR,ERR,ERR,ERR,ERR,ERR,ERR,ERR,ERR,ERR,ERR,ERR,ERR,ERR,ERR,ERR,ERR,ERR,ERR,ERR,ERR,ERR,ERR,ERR,ERR,ERR,ERR,ERR,ERR,ERR,ERR,ERR,ERR,ERR,ERR,ERR,ERR,ERR,ERR,ERR,ERR,ERR,ERR,ERR,ERR,ERR,ERR,ERR,ERR,ERR,60.0,60.0,35,0.0,0.0,0.0,0.0,0.0,0.0,0.0,0.0,0.0,0.0,0.0,0.0,0.0,0.0,0.0,0.0,65.2,0,117,57,34,65476,0,300,0,0,8,20529,65476,0,0,2621,60.0,0.0,0.0,0.0,0.0,0.0
2026-07-09T15:55:38,ERR,ERR,ERR,ERR,ERR,ERR,ERR,ERR,ERR,ERR,ERR,ERR,ERR,ERR,ERR,ERR,ERR,ERR,ERR,ERR,ERR,ERR,ERR,ERR,ERR,ERR,ERR,ERR,ERR,ERR,ERR,ERR,ERR,ERR,ERR,ERR,ERR,ERR,ERR,ERR,ERR,ERR,ERR,ERR,ERR,ERR,ERR,ERR,ERR,ERR,ERR,ERR,ERR,ERR,ERR,ERR,ERR,ERR,ERR,ERR,ERR,ERR,ERR,ERR,ERR,ERR,ERR,ERR,ERR,ERR,ERR,ERR,ERR,ERR,ERR,ERR,ERR,ERR,ERR,ERR,ERR,ERR,ERR,ERR,ERR,ERR,ERR,ERR,ERR,ERR,ERR,ERR,ERR,ERR,ERR,ERR,ERR,ERR,ERR,ERR,ERR,ERR,ERR,ERR,ERR,ERR,ERR,ERR,ERR,ERR,ERR,ERR,ERR,ERR,ERR,ERR,ERR,ERR,ERR,ERR,ERR,ERR,ERR,ERR,ERR,0.0,0.0,0.0,0.0,-0.0,-81204772864.0,-9.363684878740392e+28,-6.228434935265991e+28,0,0,4,17341,7116,0.0,100,0.0,0.0,0.0,0.0,0.0,0,0,0,0,0.0,0,0,0,0,0,0,0,0,0,0,0,0,0,0,0,0,0,0,0,0,0,0,0,0,0,0,0,0,0,0,0,0,0,31,40,40,71,65476,0,300,0,0,8,21553,0.0,-107605600.0,0.0,0.0,0.0,0.0,0.0,0.0,0.0,0.0,0.0,0.0,0.0,0.0,0.0,0.0,0.0,0.0,0.0,0.0,0.0,0.0,2.004,-0.0,0.0,0.0,0.0,0.0,0.0,0.0,5501.0,-2.422992227987924e+24,6943.0,-107615088.0,-107616152.0,2.004,2.004,0.0,0.0,0.0,0.0,69,-0.0,0.0,0.0,0.0,0.0,0.0,0.0,0.0,0.0,0,0,0,0.0,0.0,0.0,0.0,0.0,0.0,0.0,0.0,0.0,0.0,0.0,0.0,0.0,0.0,0.0,0.0,0,-107875648.0,69,0.0,138,0.0,2.012,ERR,ERR,ERR,ERR,ERR,ERR,ERR,ERR,ERR,ERR,ERR,ERR,ERR,ERR,ERR,ERR,ERR,ERR,ERR,ERR,ERR,ERR,ERR,ERR,ERR,ERR,ERR,ERR,ERR,ERR,ERR,ERR,ERR,ERR,ERR,ERR,ERR,ERR,ERR,ERR,ERR,ERR,ERR,ERR,ERR,ERR,ERR,ERR,ERR,ERR,ERR,ERR,ERR,ERR,ERR,ERR,ERR,ERR,ERR,ERR,ERR,ERR,ERR,ERR,ERR,ERR,ERR,60.0,60.0,35,0.0,0.0,0.0,0.0,0.0,0.0,0.0,0.0,0.0,0.0,0.0,0.0,0.0,0.0,0.0,0.0,65.2,0,117,57,34,65476,0,300,0,0,8,20529,65476,0,0,2621,60.0,0.0,0.0,0.0,0.0,0.0
2026-07-09T15:55:39,ERR,ERR,ERR,ERR,ERR,ERR,ERR,ERR,ERR,ERR,ERR,ERR,ERR,ERR,ERR,ERR,ERR,ERR,ERR,ERR,ERR,ERR,ERR,ERR,ERR,ERR,ERR,ERR,ERR,ERR,ERR,ERR,ERR,ERR,ERR,ERR,ERR,ERR,ERR,ERR,ERR,ERR,ERR,ERR,ERR,ERR,ERR,ERR,ERR,ERR,ERR,ERR,ERR,ERR,ERR,ERR,ERR,ERR,ERR,ERR,ERR,ERR,ERR,ERR,ERR,ERR,ERR,ERR,ERR,ERR,ERR,ERR,ERR,ERR,ERR,ERR,ERR,ERR,ERR,ERR,ERR,ERR,ERR,ERR,ERR,ERR,ERR,ERR,ERR,ERR,ERR,ERR,ERR,ERR,ERR,ERR,ERR,ERR,ERR,ERR,ERR,ERR,ERR,ERR,ERR,ERR,ERR,ERR,ERR,ERR,ERR,ERR,ERR,ERR,ERR,ERR,ERR,ERR,ERR,ERR,ERR,ERR,ERR,ERR,ERR,0.0,0.0,0.0,0.0,-0.0,-81204772864.0,-9.363684878740392e+28,-6.228434935265991e+28,0,0,4,17341,7116,0.0,100,0.0,0.0,0.0,0.0,0.0,0,0,0,0,0.0,0,0,0,0,0,0,0,0,0,0,0,0,0,0,0,0,0,0,0,0,0,0,0,0,0,0,0,0,0,0,0,0,0,31,40,40,71,65476,0,300,0,0,8,21553,0.0,-107605600.0,0.0,0.0,0.0,0.0,0.0,0.0,0.0,0.0,0.0,0.0,0.0,0.0,0.0,0.0,0.0,0.0,0.0,0.0,0.0,0.0,2.004,-0.0,0.0,0.0,0.0,0.0,0.0,0.0,5501.0,-2.422992227987924e+24,6943.0,-107615088.0,-107616152.0,2.004,2.004,0.0,0.0,0.0,0.0,69,-0.0,0.0,0.0,0.0,0.0,0.0,0.0,0.0,0.0,0,0,0,0.0,0.0,0.0,0.0,0.0,0.0,0.0,0.0,0.0,0.0,0.0,0.0,0.0,0.0,0.0,0.0,0,-107875648.0,69,0.0,138,0.0,2.012,ERR,ERR,ERR,ERR,ERR,ERR,ERR,ERR,ERR,ERR,ERR,ERR,ERR,ERR,ERR,ERR,ERR,ERR,ERR,ERR,ERR,ERR,ERR,ERR,ERR,ERR,ERR,ERR,ERR,ERR,ERR,ERR,ERR,ERR,ERR,ERR,ERR,ERR,ERR,ERR,ERR,ERR,ERR,ERR,ERR,ERR,ERR,ERR,ERR,ERR,ERR,ERR,ERR,ERR,ERR,ERR,ERR,ERR,ERR,ERR,ERR,ERR,ERR,ERR,ERR,ERR,ERR,60.0,60.0,35,0.0,0.0,0.0,0.0,0.0,0.0,0.0,0.0,0.0,0.0,0.0,0.0,0.0,0.0,0.0,0.0,65.6,0,117,57,34,65476,0,300,0,0,8,20529,65476,0,0,2621,60.0,0.0,0.0,0.0,0.0,0.0
2026-07-09T15:55:40,ERR,ERR,ERR,ERR,ERR,ERR,ERR,ERR,ERR,ERR,ERR,ERR,ERR,ERR,ERR,ERR,ERR,ERR,ERR,ERR,ERR,ERR,ERR,ERR,ERR,ERR,ERR,ERR,ERR,ERR,ERR,ERR,ERR,ERR,ERR,ERR,ERR,ERR,ERR,ERR,ERR,ERR,ERR,ERR,ERR,ERR,ERR,ERR,ERR,ERR,ERR,ERR,ERR,ERR,ERR,ERR,ERR,ERR,ERR,ERR,ERR,ERR,ERR,ERR,ERR,ERR,ERR,ERR,ERR,ERR,ERR,ERR,ERR,ERR,ERR,ERR,ERR,ERR,ERR,ERR,ERR,ERR,ERR,ERR,ERR,ERR,ERR,ERR,ERR,ERR,ERR,ERR,ERR,ERR,ERR,ERR,ERR,ERR,ERR,ERR,ERR,ERR,ERR,ERR,ERR,ERR,ERR,ERR,ERR,ERR,ERR,ERR,ERR,ERR,ERR,ERR,ERR,ERR,ERR,ERR,ERR,ERR,ERR,ERR,ERR,0.0,0.0,0.0,0.0,-0.0,-81204772864.0,-9.363684878740392e+28,-6.228434935265991e+28,0,0,4,17341,7116,0.0,100,0.0,0.0,0.0,0.0,0.0,0,0,0,0,0.0,0,0,0,0,0,0,0,0,0,0,0,0,0,0,0,0,0,0,0,0,0,0,0,0,0,0,0,0,0,0,0,0,0,31,40,40,71,65476,0,300,0,0,8,21553,0.0,-107605600.0,0.0,0.0,0.0,0.0,0.0,0.0,0.0,0.0,0.0,0.0,0.0,0.0,0.0,0.0,0.0,0.0,0.0,0.0,0.0,0.0,2.004,-0.0,0.0,0.0,0.0,0.0,0.0,0.0,5501.0,-2.422992227987924e+24,6943.0,-107615088.0,-107616152.0,2.004,2.004,0.0,0.0,0.0,0.0,69,-0.0,0.0,0.0,0.0,0.0,0.0,0.0,0.0,0.0,0,0,0,0.0,0.0,0.0,0.0,0.0,0.0,0.0,0.0,0.0,0.0,0.0,0.0,0.0,0.0,0.0,0.0,0,-107875648.0,69,0.0,138,0.0,2.012,ERR,ERR,ERR,ERR,ERR,ERR,ERR,ERR,ERR,ERR,ERR,ERR,ERR,ERR,ERR,ERR,ERR,ERR,ERR,ERR,ERR,ERR,ERR,ERR,ERR,ERR,ERR,ERR,ERR,ERR,ERR,ERR,ERR,ERR,ERR,ERR,ERR,ERR,ERR,ERR,ERR,ERR,ERR,ERR,ERR,ERR,ERR,ERR,ERR,ERR,ERR,ERR,ERR,ERR,ERR,ERR,ERR,ERR,ERR,ERR,ERR,ERR,ERR,ERR,ERR,ERR,ERR,60.0,60.0,35,0.0,0.0,0.0,0.0,0.0,0.0,0.0,0.0,0.0,0.0,0.0,0.0,0.0,0.0,0.0,0.0,65.6,0,117,57,34,65476,0,300,0,0,8,20529,65476,0,0,2621,60.0,0.0,0.0,0.0,0.0,0.0
2026-07-09T15:55:41,ERR,ERR,ERR,ERR,ERR,ERR,ERR,ERR,ERR,ERR,ERR,ERR,ERR,ERR,ERR,ERR,ERR,ERR,ERR,ERR,ERR,ERR,ERR,ERR,ERR,ERR,ERR,ERR,ERR,ERR,ERR,ERR,ERR,ERR,ERR,ERR,ERR,ERR,ERR,ERR,ERR,ERR,ERR,ERR,ERR,ERR,ERR,ERR,ERR,ERR,ERR,ERR,ERR,ERR,ERR,ERR,ERR,ERR,ERR,ERR,ERR,ERR,ERR,ERR,ERR,ERR,ERR,ERR,ERR,ERR,ERR,ERR,ERR,ERR,ERR,ERR,ERR,ERR,ERR,ERR,ERR,ERR,ERR,ERR,ERR,ERR,ERR,ERR,ERR,ERR,ERR,ERR,ERR,ERR,ERR,ERR,ERR,ERR,ERR,ERR,ERR,ERR,ERR,ERR,ERR,ERR,ERR,ERR,ERR,ERR,ERR,ERR,ERR,ERR,ERR,ERR,ERR,ERR,ERR,ERR,ERR,ERR,ERR,ERR,ERR,0.0,0.0,0.0,0.0,-0.0,-81204772864.0,-9.363684878740392e+28,-6.228434935265991e+28,0,0,4,17341,7116,0.0,100,0.0,0.0,0.0,0.0,0.0,0,0,0,0,0.0,0,0,0,0,0,0,0,0,0,0,0,0,0,0,0,0,0,0,0,0,0,0,0,0,0,0,0,0,0,0,0,0,0,31,40,40,71,65476,0,300,0,0,8,21553,0.0,-107605600.0,0.0,0.0,0.0,0.0,0.0,0.0,0.0,0.0,0.0,0.0,0.0,0.0,0.0,0.0,0.0,0.0,0.0,0.0,0.0,0.0,2.004,-0.0,0.0,0.0,0.0,0.0,0.0,0.0,5501.0,-2.422992227987924e+24,6943.0,-107615088.0,-107616152.0,2.004,2.004,0.0,0.0,0.0,0.0,69,-0.0,0.0,0.0,0.0,0.0,0.0,0.0,0.0,0.0,0,0,0,0.0,0.0,0.0,0.0,0.0,0.0,0.0,0.0,0.0,0.0,0.0,0.0,0.0,0.0,0.0,0.0,0,-107875648.0,69,0.0,138,0.0,2.012,ERR,ERR,ERR,ERR,ERR,ERR,ERR,ERR,ERR,ERR,ERR,ERR,ERR,ERR,ERR,ERR,ERR,ERR,ERR,ERR,ERR,ERR,ERR,ERR,ERR,ERR,ERR,ERR,ERR,ERR,ERR,ERR,ERR,ERR,ERR,ERR,ERR,ERR,ERR,ERR,ERR,ERR,ERR,ERR,ERR,ERR,ERR,ERR,ERR,ERR,ERR,ERR,ERR,ERR,ERR,ERR,ERR,ERR,ERR,ERR,ERR,ERR,ERR,ERR,ERR,ERR,ERR,60.0,60.0,35,0.0,0.0,0.0,0.0,0.0,0.0,0.0,0.0,0.0,0.0,0.0,0.0,0.0,0.0,0.0,0.0,65.6,0,117,57,34,65476,0,300,0,0,8,20529,65476,0,0,2621,60.0,0.0,0.0,0.0,0.0,0.0
2026-07-09T15:55:42,ERR,ERR,ERR,ERR,ERR,ERR,ERR,ERR,ERR,ERR,ERR,ERR,ERR,ERR,ERR,ERR,ERR,ERR,ERR,ERR,ERR,ERR,ERR,ERR,ERR,ERR,ERR,ERR,ERR,ERR,ERR,ERR,ERR,ERR,ERR,ERR,ERR,ERR,ERR,ERR,ERR,ERR,ERR,ERR,ERR,ERR,ERR,ERR,ERR,ERR,ERR,ERR,ERR,ERR,ERR,ERR,ERR,ERR,ERR,ERR,ERR,ERR,ERR,ERR,ERR,ERR,ERR,ERR,ERR,ERR,ERR,ERR,ERR,ERR,ERR,ERR,ERR,ERR,ERR,ERR,ERR,ERR,ERR,ERR,ERR,ERR,ERR,ERR,ERR,ERR,ERR,ERR,ERR,ERR,ERR,ERR,ERR,ERR,ERR,ERR,ERR,ERR,ERR,ERR,ERR,ERR,ERR,ERR,ERR,ERR,ERR,ERR,ERR,ERR,ERR,ERR,ERR,ERR,ERR,ERR,ERR,ERR,ERR,ERR,ERR,0.0,0.0,0.0,0.0,-0.0,-81204772864.0,-9.363684878740392e+28,-6.228434935265991e+28,0,0,4,17341,7116,0.0,100,0.0,0.0,0.0,0.0,0.0,0,0,0,0,0.0,0,0,0,0,0,0,0,0,0,0,0,0,0,0,0,0,0,0,0,0,0,0,0,0,0,0,0,0,0,0,0,0,0,31,40,40,71,65476,0,300,0,0,8,21553,0.0,-107605600.0,0.0,0.0,0.0,0.0,0.0,0.0,0.0,0.0,0.0,0.0,0.0,0.0,0.0,0.0,0.0,0.0,0.0,0.0,0.0,0.0,2.004,-0.0,0.0,0.0,0.0,0.0,0.0,0.0,5501.0,-2.422992227987924e+24,6943.0,-107615088.0,-107616152.0,2.004,2.004,0.0,0.0,0.0,0.0,69,-0.0,0.0,0.0,0.0,0.0,0.0,0.0,0.0,0.0,0,0,0,0.0,0.0,0.0,0.0,0.0,0.0,0.0,0.0,0.0,0.0,0.0,0.0,0.0,0.0,0.0,0.0,0,-107875648.0,69,0.0,138,0.0,2.012,ERR,ERR,ERR,ERR,ERR,ERR,ERR,ERR,ERR,ERR,ERR,ERR,ERR,ERR,ERR,ERR,ERR,ERR,ERR,ERR,ERR,ERR,ERR,ERR,ERR,ERR,ERR,ERR,ERR,ERR,ERR,ERR,ERR,ERR,ERR,ERR,ERR,ERR,ERR,ERR,ERR,ERR,ERR,ERR,ERR,ERR,ERR,ERR,ERR,ERR,ERR,ERR,ERR,ERR,ERR,ERR,ERR,ERR,ERR,ERR,ERR,ERR,ERR,ERR,ERR,ERR,ERR,60.0,60.0,35,0.0,0.0,0.0,0.0,0.0,0.0,0.0,0.0,0.0,0.0,0.0,0.0,0.0,0.0,0.0,0.0,65.6,0,117,57,34,65476,0,300,0,0,8,20529,65476,0,0,2621,60.0,0.0,0.0,0.0,0.0,0.0
2026-07-09T15:55:43,ERR,ERR,ERR,ERR,ERR,ERR,ERR,ERR,ERR,ERR,ERR,ERR,ERR,ERR,ERR,ERR,ERR,ERR,ERR,ERR,ERR,ERR,ERR,ERR,ERR,ERR,ERR,ERR,ERR,ERR,ERR,ERR,ERR,ERR,ERR,ERR,ERR,ERR,ERR,ERR,ERR,ERR,ERR,ERR,ERR,ERR,ERR,ERR,ERR,ERR,ERR,ERR,ERR,ERR,ERR,ERR,ERR,ERR,ERR,ERR,ERR,ERR,ERR,ERR,ERR,ERR,ERR,ERR,ERR,ERR,ERR,ERR,ERR,ERR,ERR,ERR,ERR,ERR,ERR,ERR,ERR,ERR,ERR,ERR,ERR,ERR,ERR,ERR,ERR,ERR,ERR,ERR,ERR,ERR,ERR,ERR,ERR,ERR,ERR,ERR,ERR,ERR,ERR,ERR,ERR,ERR,ERR,ERR,ERR,ERR,ERR,ERR,ERR,ERR,ERR,ERR,ERR,ERR,ERR,ERR,ERR,ERR,ERR,ERR,ERR,-107615088.0,0.0,-0.0,0.0,6.891664116109279e+18,0.0,0.0,0.0,0,0,4,17339,7116,0.0,100,0.0,0.0,0.0,0.0,0.0,0,0,0,0,0.0,0,0,0,0,0,0,0,0,0,0,0,0,0,0,0,0,0,0,0,0,0,0,0,0,0,0,0,0,0,0,0,0,0,31,40,40,71,65476,0,300,0,0,8,21553,0.0,-107605600.0,0.0,0.0,0.0,0.0,0.0,0.0,0.0,0.0,0.0,0.0,0.0,0.0,0.0,0.0,0.0,0.0,0.0,0.0,0.0,0.0,2.004,-3.697071344610758e+19,0.0,0.0,0.0,0.0,0.0,0.0,5511.0,0.0,6912.0,-107615088.0,-107616144.0,2.004,2.004,0.0,0.0,0.0,0.0,69,0.0,0.0,0.0,0.0,0.0,0.0,0.0,0.0,0.0,0,0,0,0.0,0.0,0.0,0.0,0.0,0.0,0.0,0.0,0.0,0.0,0.0,0.0,0.0,0.0,0.0,0.0,0,-107875648.0,69,0.0,138,0.0,2.012,ERR,ERR,ERR,ERR,ERR,ERR,ERR,ERR,ERR,ERR,ERR,ERR,ERR,ERR,ERR,ERR,ERR,ERR,ERR,ERR,ERR,ERR,ERR,ERR,ERR,ERR,ERR,ERR,ERR,ERR,ERR,ERR,ERR,ERR,ERR,ERR,ERR,ERR,ERR,ERR,ERR,ERR,ERR,ERR,ERR,ERR,ERR,ERR,ERR,ERR,ERR,ERR,ERR,ERR,ERR,ERR,ERR,ERR,ERR,ERR,ERR,ERR,ERR,ERR,ERR,ERR,ERR,60.0,60.0,35,0.0,0.0,0.0,0.0,0.0,0.0,0.0,0.0,0.0,0.0,0.0,0.0,0.0,0.0,0.0,0.0,65.6,0,117,57,34,65476,0,300,0,0,8,20529,65476,0,0,2621,60.0,0.0,0.0,0.0,0.0,0.0
2026-07-09T15:55:44,ERR,ERR,ERR,ERR,ERR,ERR,ERR,ERR,ERR,ERR,ERR,ERR,ERR,ERR,ERR,ERR,ERR,ERR,ERR,ERR,ERR,ERR,ERR,ERR,ERR,ERR,ERR,ERR,ERR,ERR,ERR,ERR,ERR,ERR,ERR,ERR,ERR,ERR,ERR,ERR,ERR,ERR,ERR,ERR,ERR,ERR,ERR,ERR,ERR,ERR,ERR,ERR,ERR,ERR,ERR,ERR,ERR,ERR,ERR,ERR,ERR,ERR,ERR,ERR,ERR,ERR,ERR,ERR,ERR,ERR,ERR,ERR,ERR,ERR,ERR,ERR,ERR,ERR,ERR,ERR,ERR,ERR,ERR,ERR,ERR,ERR,ERR,ERR,ERR,ERR,ERR,ERR,ERR,ERR,ERR,ERR,ERR,ERR,ERR,ERR,ERR,ERR,ERR,ERR,ERR,ERR,ERR,ERR,ERR,ERR,ERR,ERR,ERR,ERR,ERR,ERR,ERR,ERR,ERR,ERR,ERR,ERR,ERR,ERR,ERR,-107615088.0,0.0,-0.0,0.0,6.891664116109279e+18,0.0,0.0,0.0,0,0,4,17339,7116,0.0,100,0.0,0.0,0.0,0.0,0.0,0,0,0,0,0.0,0,0,0,0,0,0,0,0,0,0,0,0,0,0,0,0,0,0,0,0,0,0,0,0,0,0,0,0,0,0,0,0,0,31,40,40,71,65476,0,300,0,0,8,21553,0.0,-107605600.0,0.0,0.0,0.0,0.0,0.0,0.0,0.0,0.0,0.0,0.0,0.0,0.0,0.0,0.0,0.0,0.0,0.0,0.0,0.0,0.0,2.004,-3.697071344610758e+19,0.0,0.0,0.0,0.0,0.0,0.0,5511.0,0.0,6912.0,-107615088.0,-107616144.0,2.004,2.004,0.0,0.0,0.0,0.0,69,0.0,0.0,0.0,0.0,0.0,0.0,0.0,0.0,0.0,0,0,0,0.0,0.0,0.0,0.0,0.0,0.0,0.0,0.0,0.0,0.0,0.0,0.0,0.0,0.0,0.0,0.0,0,-107875648.0,69,0.0,138,0.0,2.012,ERR,ERR,ERR,ERR,ERR,ERR,ERR,ERR,ERR,ERR,ERR,ERR,ERR,ERR,ERR,ERR,ERR,ERR,ERR,ERR,ERR,ERR,ERR,ERR,ERR,ERR,ERR,ERR,ERR,ERR,ERR,ERR,ERR,ERR,ERR,ERR,ERR,ERR,ERR,ERR,ERR,ERR,ERR,ERR,ERR,ERR,ERR,ERR,ERR,ERR,ERR,ERR,ERR,ERR,ERR,ERR,ERR,ERR,ERR,ERR,ERR,ERR,ERR,ERR,ERR,ERR,ERR,60.0,60.0,35,0.0,0.0,0.0,0.0,0.0,0.0,0.0,0.0,0.0,0.0,0.0,0.0,0.0,0.0,0.0,0.0,65.6,0,117,57,34,65476,0,300,0,0,8,20529,65476,0,0,2621,60.0,0.0,0.0,0.0,0.0,0.0
2026-07-09T15:55:45,ERR,ERR,ERR,ERR,ERR,ERR,ERR,ERR,ERR,ERR,ERR,ERR,ERR,ERR,ERR,ERR,ERR,ERR,ERR,ERR,ERR,ERR,ERR,ERR,ERR,ERR,ERR,ERR,ERR,ERR,ERR,ERR,ERR,ERR,ERR,ERR,ERR,ERR,ERR,ERR,ERR,ERR,ERR,ERR,ERR,ERR,ERR,ERR,ERR,ERR,ERR,ERR,ERR,ERR,ERR,ERR,ERR,ERR,ERR,ERR,ERR,ERR,ERR,ERR,ERR,ERR,ERR,ERR,ERR,ERR,ERR,ERR,ERR,ERR,ERR,ERR,ERR,ERR,ERR,ERR,ERR,ERR,ERR,ERR,ERR,ERR,ERR,ERR,ERR,ERR,ERR,ERR,ERR,ERR,ERR,ERR,ERR,ERR,ERR,ERR,ERR,ERR,ERR,ERR,ERR,ERR,ERR,ERR,ERR,ERR,ERR,ERR,ERR,ERR,ERR,ERR,ERR,ERR,ERR,ERR,ERR,ERR,ERR,ERR,ERR,-107615088.0,0.0,-0.0,0.0,6.891664116109279e+18,0.0,0.0,0.0,0,0,4,17339,7116,0.0,100,0.0,0.0,0.0,0.0,0.0,0,0,0,0,0.0,0,0,0,0,0,0,0,0,0,0,0,0,0,0,0,0,0,0,0,0,0,0,0,0,0,0,0,0,0,0,0,0,0,31,40,40,71,65476,0,300,0,0,8,21553,0.0,-107605600.0,0.0,0.0,0.0,0.0,0.0,0.0,0.0,0.0,0.0,0.0,0.0,0.0,0.0,0.0,0.0,0.0,0.0,0.0,0.0,0.0,2.004,-3.697071344610758e+19,0.0,0.0,0.0,0.0,0.0,0.0,5511.0,0.0,6912.0,-107615088.0,-107616144.0,2.004,2.004,0.0,0.0,0.0,0.0,69,0.0,0.0,0.0,0.0,0.0,0.0,0.0,0.0,0.0,0,0,0,0.0,0.0,0.0,0.0,0.0,0.0,0.0,0.0,0.0,0.0,0.0,0.0,0.0,0.0,0.0,0.0,0,-107875648.0,69,0.0,138,0.0,2.012,ERR,ERR,ERR,ERR,ERR,ERR,ERR,ERR,ERR,ERR,ERR,ERR,ERR,ERR,ERR,ERR,ERR,ERR,ERR,ERR,ERR,ERR,ERR,ERR,ERR,ERR,ERR,ERR,ERR,ERR,ERR,ERR,ERR,ERR,ERR,ERR,ERR,ERR,ERR,ERR,ERR,ERR,ERR,ERR,ERR,ERR,ERR,ERR,ERR,ERR,ERR,ERR,ERR,ERR,ERR,ERR,ERR,ERR,ERR,ERR,ERR,ERR,ERR,ERR,ERR,ERR,ERR,60.0,60.0,35,0.0,0.0,0.0,0.0,0.0,0.0,0.0,0.0,0.0,0.0,0.0,0.0,0.0,0.0,0.0,0.0,65.6,0,117,57,34,65476,0,300,0,0,8,20529,65476,0,0,2621,60.0,0.0,0.0,0.0,0.0,0.0
2026-07-09T15:55:46,ERR,ERR,ERR,ERR,ERR,ERR,ERR,ERR,ERR,ERR,ERR,ERR,ERR,ERR,ERR,ERR,ERR,ERR,ERR,ERR,ERR,ERR,ERR,ERR,ERR,ERR,ERR,ERR,ERR,ERR,ERR,ERR,ERR,ERR,ERR,ERR,ERR,ERR,ERR,ERR,ERR,ERR,ERR,ERR,ERR,ERR,ERR,ERR,ERR,ERR,ERR,ERR,ERR,ERR,ERR,ERR,ERR,ERR,ERR,ERR,ERR,ERR,ERR,ERR,ERR,ERR,ERR,ERR,ERR,ERR,ERR,ERR,ERR,ERR,ERR,ERR,ERR,ERR,ERR,ERR,ERR,ERR,ERR,ERR,ERR,ERR,ERR,ERR,ERR,ERR,ERR,ERR,ERR,ERR,ERR,ERR,ERR,ERR,ERR,ERR,ERR,ERR,ERR,ERR,ERR,ERR,ERR,ERR,ERR,ERR,ERR,ERR,ERR,ERR,ERR,ERR,ERR,ERR,ERR,ERR,ERR,ERR,ERR,ERR,ERR,-107615088.0,0.0,-0.0,0.0,6.891664116109279e+18,0.0,0.0,0.0,0,0,4,17339,7116,0.0,100,0.0,0.0,0.0,0.0,0.0,0,0,0,0,0.0,0,0,0,0,0,0,0,0,0,0,0,0,0,0,0,0,0,0,0,0,0,0,0,0,0,0,0,0,0,0,0,0,0,31,40,40,71,65476,0,300,0,0,8,21553,0.0,-107605600.0,0.0,0.0,0.0,0.0,0.0,0.0,0.0,0.0,0.0,0.0,0.0,0.0,0.0,0.0,0.0,0.0,0.0,0.0,0.0,0.0,2.004,-3.697071344610758e+19,0.0,0.0,0.0,0.0,0.0,0.0,5511.0,0.0,6912.0,-107615088.0,-107616144.0,2.004,2.004,0.0,0.0,0.0,0.0,69,0.0,0.0,0.0,0.0,0.0,0.0,0.0,0.0,0.0,0,0,0,0.0,0.0,0.0,0.0,0.0,0.0,0.0,0.0,0.0,0.0,0.0,0.0,0.0,0.0,0.0,0.0,0,-107875648.0,69,0.0,138,0.0,2.012,ERR,ERR,ERR,ERR,ERR,ERR,ERR,ERR,ERR,ERR,ERR,ERR,ERR,ERR,ERR,ERR,ERR,ERR,ERR,ERR,ERR,ERR,ERR,ERR,ERR,ERR,ERR,ERR,ERR,ERR,ERR,ERR,ERR,ERR,ERR,ERR,ERR,ERR,ERR,ERR,ERR,ERR,ERR,ERR,ERR,ERR,ERR,ERR,ERR,ERR,ERR,ERR,ERR,ERR,ERR,ERR,ERR,ERR,ERR,ERR,ERR,ERR,ERR,ERR,ERR,ERR,ERR,60.0,60.0,35,0.0,0.0,0.0,0.0,0.0,0.0,0.0,0.0,0.0,0.0,0.0,0.0,0.0,0.0,0.0,0.0,65.6,0,117,57,34,65476,0,300,0,0,8,20529,65476,0,0,2621,60.0,0.0,0.0,0.0,0.0,0.0
2026-07-09T15:55:47,ERR,ERR,ERR,ERR,ERR,ERR,ERR,ERR,ERR,ERR,ERR,ERR,ERR,ERR,ERR,ERR,ERR,ERR,ERR,ERR,ERR,ERR,ERR,ERR,ERR,ERR,ERR,ERR,ERR,ERR,ERR,ERR,ERR,ERR,ERR,ERR,ERR,ERR,ERR,ERR,ERR,ERR,ERR,ERR,ERR,ERR,ERR,ERR,ERR,ERR,ERR,ERR,ERR,ERR,ERR,ERR,ERR,ERR,ERR,ERR,ERR,ERR,ERR,ERR,ERR,ERR,ERR,ERR,ERR,ERR,ERR,ERR,ERR,ERR,ERR,ERR,ERR,ERR,ERR,ERR,ERR,ERR,ERR,ERR,ERR,ERR,ERR,ERR,ERR,ERR,ERR,ERR,ERR,ERR,ERR,ERR,ERR,ERR,ERR,ERR,ERR,ERR,ERR,ERR,ERR,ERR,ERR,ERR,ERR,ERR,ERR,ERR,ERR,ERR,ERR,ERR,ERR,ERR,ERR,ERR,ERR,ERR,ERR,ERR,ERR,-107615088.0,0.0,-0.0,0.0,-5.915964358573414e+20,0.0,0.0,-0.0,0,0,4,17338,7116,0.0,100,0.0,0.0,0.0,0.0,0.0,0,0,0,0,0.0,0,0,0,0,0,0,0,0,0,0,0,0,0,0,0,0,0,0,0,0,0,0,0,0,0,0,0,0,0,0,0,0,0,31,40,40,71,65476,0,300,0,0,8,21553,0.0,-107605600.0,0.0,0.0,0.0,0.0,0.0,0.0,0.0,0.0,0.0,0.0,0.0,0.0,0.0,0.0,0.0,0.0,0.0,0.0,0.0,0.0,2.004,0.0,0.0,0.0,0.0,0.0,0.0,0.0,5524.0,0.0,6916.0,-107615088.0,-0.0,2.004,2.004,0.0,0.0,0.0,0.0,69,-0.0,126840700928.0,0.0,0.0,0.0,0.0,0.0,0.0,0.0,0,0,0,0.0,0.0,0.0,0.0,0.0,0.0,0.0,0.0,0.0,0.0,0.0,0.0,0.0,0.0,0.0,0.0,0,-107875648.0,69,0.0,138,0.0,2.012,ERR,ERR,ERR,ERR,ERR,ERR,ERR,ERR,ERR,ERR,ERR,ERR,ERR,ERR,ERR,ERR,ERR,ERR,ERR,ERR,ERR,ERR,ERR,ERR,ERR,ERR,ERR,ERR,ERR,ERR,ERR,ERR,ERR,ERR,ERR,ERR,ERR,ERR,ERR,ERR,ERR,ERR,ERR,ERR,ERR,ERR,ERR,ERR,ERR,ERR,ERR,ERR,ERR,ERR,ERR,ERR,ERR,ERR,ERR,ERR,ERR,ERR,ERR,ERR,ERR,ERR,ERR,60.0,60.0,35,0.0,0.0,0.0,0.0,0.0,0.0,0.0,0.0,0.0,0.0,0.0,0.0,0.0,0.0,0.0,0.0,65.6,0,117,57,34,65476,0,300,0,0,8,20529,65476,0,0,2621,60.0,0.0,0.0,0.0,0.0,0.0
2026-07-09T15:55:48,ERR,ERR,ERR,ERR,ERR,ERR,ERR,ERR,ERR,ERR,ERR,ERR,ERR,ERR,ERR,ERR,ERR,ERR,ERR,ERR,ERR,ERR,ERR,ERR,ERR,ERR,ERR,ERR,ERR,ERR,ERR,ERR,ERR,ERR,ERR,ERR,ERR,ERR,ERR,ERR,ERR,ERR,ERR,ERR,ERR,ERR,ERR,ERR,ERR,ERR,ERR,ERR,ERR,ERR,ERR,ERR,ERR,ERR,ERR,ERR,ERR,ERR,ERR,ERR,ERR,ERR,ERR,ERR,ERR,ERR,ERR,ERR,ERR,ERR,ERR,ERR,ERR,ERR,ERR,ERR,ERR,ERR,ERR,ERR,ERR,ERR,ERR,ERR,ERR,ERR,ERR,ERR,ERR,ERR,ERR,ERR,ERR,ERR,ERR,ERR,ERR,ERR,ERR,ERR,ERR,ERR,ERR,ERR,ERR,ERR,ERR,ERR,ERR,ERR,ERR,ERR,ERR,ERR,ERR,ERR,ERR,ERR,ERR,ERR,ERR,-107615088.0,0.0,-0.0,0.0,-5.915964358573414e+20,0.0,0.0,-0.0,0,0,4,17338,7116,0.0,100,0.0,0.0,0.0,0.0,0.0,0,0,0,0,0.0,0,0,0,0,0,0,0,0,0,0,0,0,0,0,0,0,0,0,0,0,0,0,0,0,0,0,0,0,0,0,0,0,0,31,40,40,71,65476,0,300,0,0,8,21553,0.0,-107605600.0,0.0,0.0,0.0,0.0,0.0,0.0,0.0,0.0,0.0,0.0,0.0,0.0,0.0,0.0,0.0,0.0,0.0,0.0,0.0,0.0,2.004,0.0,0.0,0.0,0.0,0.0,0.0,0.0,5524.0,0.0,6916.0,-107615088.0,-0.0,2.004,2.004,0.0,0.0,0.0,0.0,69,-0.0,126840700928.0,0.0,0.0,0.0,0.0,0.0,0.0,0.0,0,0,0,0.0,0.0,0.0,0.0,0.0,0.0,0.0,0.0,0.0,0.0,0.0,0.0,0.0,0.0,0.0,0.0,0,-107875648.0,69,0.0,138,0.0,2.012,ERR,ERR,ERR,ERR,ERR,ERR,ERR,ERR,ERR,ERR,ERR,ERR,ERR,ERR,ERR,ERR,ERR,ERR,ERR,ERR,ERR,ERR,ERR,ERR,ERR,ERR,ERR,ERR,ERR,ERR,ERR,ERR,ERR,ERR,ERR,ERR,ERR,ERR,ERR,ERR,ERR,ERR,ERR,ERR,ERR,ERR,ERR,ERR,ERR,ERR,ERR,ERR,ERR,ERR,ERR,ERR,ERR,ERR,ERR,ERR,ERR,ERR,ERR,ERR,ERR,ERR,ERR,60.0,60.0,35,0.0,0.0,0.0,0.0,0.0,0.0,0.0,0.0,0.0,0.0,0.0,0.0,0.0,0.0,0.0,0.0,65.6,0,117,57,34,65476,0,300,0,0,8,20529,65476,0,0,2621,60.0,0.0,0.0,0.0,0.0,0.0
2026-07-09T15:55:49,ERR,ERR,ERR,ERR,ERR,ERR,ERR,ERR,ERR,ERR,ERR,ERR,ERR,ERR,ERR,ERR,ERR,ERR,ERR,ERR,ERR,ERR,ERR,ERR,ERR,ERR,ERR,ERR,ERR,ERR,ERR,ERR,ERR,ERR,ERR,ERR,ERR,ERR,ERR,ERR,ERR,ERR,ERR,ERR,ERR,ERR,ERR,ERR,ERR,ERR,ERR,ERR,ERR,ERR,ERR,ERR,ERR,ERR,ERR,ERR,ERR,ERR,ERR,ERR,ERR,ERR,ERR,ERR,ERR,ERR,ERR,ERR,ERR,ERR,ERR,ERR,ERR,ERR,ERR,ERR,ERR,ERR,ERR,ERR,ERR,ERR,ERR,ERR,ERR,ERR,ERR,ERR,ERR,ERR,ERR,ERR,ERR,ERR,ERR,ERR,ERR,ERR,ERR,ERR,ERR,ERR,ERR,ERR,ERR,ERR,ERR,ERR,ERR,ERR,ERR,ERR,ERR,ERR,ERR,ERR,ERR,ERR,ERR,ERR,ERR,-107615088.0,0.0,-0.0,0.0,-5.915964358573414e+20,0.0,0.0,-0.0,0,0,4,17338,7116,0.0,100,0.0,0.0,0.0,0.0,0.0,0,0,0,0,0.0,0,0,0,0,0,0,0,0,0,0,0,0,0,0,0,0,0,0,0,0,0,0,0,0,0,0,0,0,0,0,0,0,0,31,40,40,71,65476,0,300,0,0,8,21553,0.0,-107605600.0,0.0,0.0,0.0,0.0,0.0,0.0,0.0,0.0,0.0,0.0,0.0,0.0,0.0,0.0,0.0,0.0,0.0,0.0,0.0,0.0,2.004,0.0,0.0,0.0,0.0,0.0,0.0,0.0,5524.0,0.0,6916.0,-107615088.0,-0.0,2.004,2.004,0.0,0.0,0.0,0.0,69,-0.0,126840700928.0,0.0,0.0,0.0,0.0,0.0,0.0,0.0,0,0,0,0.0,0.0,0.0,0.0,0.0,0.0,0.0,0.0,0.0,0.0,0.0,0.0,0.0,0.0,0.0,0.0,0,-107875648.0,69,0.0,138,0.0,2.012,ERR,ERR,ERR,ERR,ERR,ERR,ERR,ERR,ERR,ERR,ERR,ERR,ERR,ERR,ERR,ERR,ERR,ERR,ERR,ERR,ERR,ERR,ERR,ERR,ERR,ERR,ERR,ERR,ERR,ERR,ERR,ERR,ERR,ERR,ERR,ERR,ERR,ERR,ERR,ERR,ERR,ERR,ERR,ERR,ERR,ERR,ERR,ERR,ERR,ERR,ERR,ERR,ERR,ERR,ERR,ERR,ERR,ERR,ERR,ERR,ERR,ERR,ERR,ERR,ERR,ERR,ERR,60.0,60.0,35,0.0,0.0,0.0,0.0,0.0,0.0,0.0,0.0,0.0,0.0,0.0,0.0,0.0,0.0,0.0,0.0,65.6,0,118,57,34,65476,0,300,0,0,8,20529,65476,0,0,2621,60.0,0.0,0.0,0.0,0.0,0.0
2026-07-09T15:55:50,ERR,ERR,ERR,ERR,ERR,ERR,ERR,ERR,ERR,ERR,ERR,ERR,ERR,ERR,ERR,ERR,ERR,ERR,ERR,ERR,ERR,ERR,ERR,ERR,ERR,ERR,ERR,ERR,ERR,ERR,ERR,ERR,ERR,ERR,ERR,ERR,ERR,ERR,ERR,ERR,ERR,ERR,ERR,ERR,ERR,ERR,ERR,ERR,ERR,ERR,ERR,ERR,ERR,ERR,ERR,ERR,ERR,ERR,ERR,ERR,ERR,ERR,ERR,ERR,ERR,ERR,ERR,ERR,ERR,ERR,ERR,ERR,ERR,ERR,ERR,ERR,ERR,ERR,ERR,ERR,ERR,ERR,ERR,ERR,ERR,ERR,ERR,ERR,ERR,ERR,ERR,ERR,ERR,ERR,ERR,ERR,ERR,ERR,ERR,ERR,ERR,ERR,ERR,ERR,ERR,ERR,ERR,ERR,ERR,ERR,ERR,ERR,ERR,ERR,ERR,ERR,ERR,ERR,ERR,ERR,ERR,ERR,ERR,ERR,ERR,-107615088.0,0.0,-0.0,0.0,-5.915964358573414e+20,0.0,0.0,-0.0,0,0,4,17338,7116,0.0,100,0.0,0.0,0.0,0.0,0.0,0,0,0,0,0.0,0,0,0,0,0,0,0,0,0,0,0,0,0,0,0,0,0,0,0,0,0,0,0,0,0,0,0,0,0,0,0,0,0,31,40,40,71,65476,0,300,0,0,8,21553,0.0,-107605600.0,0.0,0.0,0.0,0.0,0.0,0.0,0.0,0.0,0.0,0.0,0.0,0.0,0.0,0.0,0.0,0.0,0.0,0.0,0.0,0.0,2.004,0.0,0.0,0.0,0.0,0.0,0.0,0.0,5524.0,0.0,6916.0,-107615088.0,-0.0,2.004,2.004,0.0,0.0,0.0,0.0,69,-0.0,126840700928.0,0.0,0.0,0.0,0.0,0.0,0.0,0.0,0,0,0,0.0,0.0,0.0,0.0,0.0,0.0,0.0,0.0,0.0,0.0,0.0,0.0,0.0,0.0,0.0,0.0,0,-107875648.0,69,0.0,138,0.0,2.012,ERR,ERR,ERR,ERR,ERR,ERR,ERR,ERR,ERR,ERR,ERR,ERR,ERR,ERR,ERR,ERR,ERR,ERR,ERR,ERR,ERR,ERR,ERR,ERR,ERR,ERR,ERR,ERR,ERR,ERR,ERR,ERR,ERR,ERR,ERR,ERR,ERR,ERR,ERR,ERR,ERR,ERR,ERR,ERR,ERR,ERR,ERR,ERR,ERR,ERR,ERR,ERR,ERR,ERR,ERR,ERR,ERR,ERR,ERR,ERR,ERR,ERR,ERR,ERR,ERR,ERR,ERR,60.0,60.0,35,0.0,0.0,0.0,0.0,0.0,0.0,0.0,0.0,0.0,0.0,0.0,0.0,0.0,0.0,0.0,0.0,65.6,0,118,57,34,65476,0,300,0,0,8,20529,65476,0,0,2621,60.0,0.0,0.0,0.0,0.0,0.0
2026-07-09T15:55:51,ERR,ERR,ERR,ERR,ERR,ERR,ERR,ERR,ERR,ERR,ERR,ERR,ERR,ERR,ERR,ERR,ERR,ERR,ERR,ERR,ERR,ERR,ERR,ERR,ERR,ERR,ERR,ERR,ERR,ERR,ERR,ERR,ERR,ERR,ERR,ERR,ERR,ERR,ERR,ERR,ERR,ERR,ERR,ERR,ERR,ERR,ERR,ERR,ERR,ERR,ERR,ERR,ERR,ERR,ERR,ERR,ERR,ERR,ERR,ERR,ERR,ERR,ERR,ERR,ERR,ERR,ERR,ERR,ERR,ERR,ERR,ERR,ERR,ERR,ERR,ERR,ERR,ERR,ERR,ERR,ERR,ERR,ERR,ERR,ERR,ERR,ERR,ERR,ERR,ERR,ERR,ERR,ERR,ERR,ERR,ERR,ERR,ERR,ERR,ERR,ERR,ERR,ERR,ERR,ERR,ERR,ERR,ERR,ERR,ERR,ERR,ERR,ERR,ERR,ERR,ERR,ERR,ERR,ERR,ERR,ERR,ERR,ERR,ERR,ERR,-107615088.0,0.0,-0.0,0.0,-5.915964358573414e+20,0.0,0.0,-0.0,0,0,4,17338,7116,0.0,100,0.0,0.0,0.0,0.0,0.0,0,0,0,0,0.0,0,0,0,0,0,0,0,0,0,0,0,0,0,0,0,0,0,0,0,0,0,0,0,0,0,0,0,0,0,0,0,0,0,31,40,40,71,65476,0,300,0,0,8,21553,0.0,-107605600.0,0.0,0.0,0.0,0.0,0.0,0.0,0.0,0.0,0.0,0.0,0.0,0.0,0.0,0.0,0.0,0.0,0.0,0.0,0.0,0.0,2.004,0.0,0.0,0.0,0.0,0.0,0.0,0.0,5524.0,0.0,6916.0,-107615088.0,-0.0,2.004,2.004,0.0,0.0,0.0,0.0,69,-0.0,126840700928.0,0.0,0.0,0.0,0.0,0.0,0.0,0.0,0,0,0,0.0,0.0,0.0,0.0,0.0,0.0,0.0,0.0,0.0,0.0,0.0,0.0,0.0,0.0,0.0,0.0,0,-107875648.0,69,0.0,138,0.0,2.012,ERR,ERR,ERR,ERR,ERR,ERR,ERR,ERR,ERR,ERR,ERR,ERR,ERR,ERR,ERR,ERR,ERR,ERR,ERR,ERR,ERR,ERR,ERR,ERR,ERR,ERR,ERR,ERR,ERR,ERR,ERR,ERR,ERR,ERR,ERR,ERR,ERR,ERR,ERR,ERR,ERR,ERR,ERR,ERR,ERR,ERR,ERR,ERR,ERR,ERR,ERR,ERR,ERR,ERR,ERR,ERR,ERR,ERR,ERR,ERR,ERR,ERR,ERR,ERR,ERR,ERR,ERR,60.0,60.0,35,0.0,0.0,0.0,0.0,0.0,0.0,0.0,0.0,0.0,0.0,0.0,0.0,0.0,0.0,0.0,0.0,65.6,0,118,57,34,65476,0,300,0,0,8,20529,65476,0,0,2621,60.0,0.0,0.0,0.0,0.0,0.0
2026-07-09T15:55:52,ERR,ERR,ERR,ERR,ERR,ERR,ERR,ERR,ERR,ERR,ERR,ERR,ERR,ERR,ERR,ERR,ERR,ERR,ERR,ERR,ERR,ERR,ERR,ERR,ERR,ERR,ERR,ERR,ERR,ERR,ERR,ERR,ERR,ERR,ERR,ERR,ERR,ERR,ERR,ERR,ERR,ERR,ERR,ERR,ERR,ERR,ERR,ERR,ERR,ERR,ERR,ERR,ERR,ERR,ERR,ERR,ERR,ERR,ERR,ERR,ERR,ERR,ERR,ERR,ERR,ERR,ERR,ERR,ERR,ERR,ERR,ERR,ERR,ERR,ERR,ERR,ERR,ERR,ERR,ERR,ERR,ERR,ERR,ERR,ERR,ERR,ERR,ERR,ERR,ERR,ERR,ERR,ERR,ERR,ERR,ERR,ERR,ERR,ERR,ERR,ERR,ERR,ERR,ERR,ERR,ERR,ERR,ERR,ERR,ERR,ERR,ERR,ERR,ERR,ERR,ERR,ERR,ERR,ERR,ERR,ERR,ERR,ERR,ERR,ERR,2.7184242562605685e+23,-0.0,-108139408.0,0.0,-25333864.0,0.0,0.0,-0.0,0,0,4,17338,7116,0.0,100,0.0,0.0,0.0,0.0,0.0,0,0,0,0,0.0,0,0,0,0,0,0,0,0,0,0,0,0,0,0,0,0,0,0,0,0,0,0,0,0,0,0,0,0,0,0,0,0,0,31,40,40,71,65476,0,300,0,0,8,21553,0.0,-107605600.0,0.0,0.0,0.0,0.0,0.0,0.0,0.0,0.0,0.0,0.0,0.0,0.0,0.0,0.0,0.0,0.0,0.0,0.0,0.0,0.0,0.0,0.0,0.0,0.0,0.0,0.0,0.0,0.0,5529.0,0.0,6915.0,-107615088.0,0.0,2.004,2.004,0.0,0.0,0.0,0.0,69,-71.63,89220.719,0.0,0.0,0.0,0.0,0.0,0.0,0.0,0,0,0,0.0,0.0,0.0,0.0,0.0,0.0,0.0,0.0,0.0,0.0,0.0,0.0,0.0,0.0,0.0,0.0,0,-107875648.0,69,0.0,138,0.0,2.012,ERR,ERR,ERR,ERR,ERR,ERR,ERR,ERR,ERR,ERR,ERR,ERR,ERR,ERR,ERR,ERR,ERR,ERR,ERR,ERR,ERR,ERR,ERR,ERR,ERR,ERR,ERR,ERR,ERR,ERR,ERR,ERR,ERR,ERR,ERR,ERR,ERR,ERR,ERR,ERR,ERR,ERR,ERR,ERR,ERR,ERR,ERR,ERR,ERR,ERR,ERR,ERR,ERR,ERR,ERR,ERR,ERR,ERR,ERR,ERR,ERR,ERR,ERR,ERR,ERR,ERR,ERR,60.0,60.0,35,0.0,0.0,0.0,0.0,0.0,0.0,0.0,0.0,0.0,0.0,0.0,0.0,0.0,0.0,0.0,0.0,65.6,0,118,57,34,65476,0,300,0,0,8,20529,65476,0,0,2621,60.0,0.0,0.0,0.0,0.0,0.0
2026-07-09T15:55:53,ERR,ERR,ERR,ERR,ERR,ERR,ERR,ERR,ERR,ERR,ERR,ERR,ERR,ERR,ERR,ERR,ERR,ERR,ERR,ERR,ERR,ERR,ERR,ERR,ERR,ERR,ERR,ERR,ERR,ERR,ERR,ERR,ERR,ERR,ERR,ERR,ERR,ERR,ERR,ERR,ERR,ERR,ERR,ERR,ERR,ERR,ERR,ERR,ERR,ERR,ERR,ERR,ERR,ERR,ERR,ERR,ERR,ERR,ERR,ERR,ERR,ERR,ERR,ERR,ERR,ERR,ERR,ERR,ERR,ERR,ERR,ERR,ERR,ERR,ERR,ERR,ERR,ERR,ERR,ERR,ERR,ERR,ERR,ERR,ERR,ERR,ERR,ERR,ERR,ERR,ERR,ERR,ERR,ERR,ERR,ERR,ERR,ERR,ERR,ERR,ERR,ERR,ERR,ERR,ERR,ERR,ERR,ERR,ERR,ERR,ERR,ERR,ERR,ERR,ERR,ERR,ERR,ERR,ERR,ERR,ERR,ERR,ERR,ERR,ERR,2.7184242562605685e+23,-0.0,-108139408.0,0.0,-25333864.0,0.0,0.0,-0.0,0,0,4,17338,7116,0.0,100,0.0,0.0,0.0,0.0,0.0,0,0,0,0,0.0,0,0,0,0,0,0,0,0,0,0,0,0,0,0,0,0,0,0,0,0,0,0,0,0,0,0,0,0,0,0,0,0,0,31,40,40,71,65476,0,300,0,0,8,21553,0.0,-107605600.0,0.0,0.0,0.0,0.0,0.0,0.0,0.0,0.0,0.0,0.0,0.0,0.0,0.0,0.0,0.0,0.0,0.0,0.0,0.0,0.0,0.0,0.0,0.0,0.0,0.0,0.0,0.0,0.0,5529.0,0.0,6915.0,-107615088.0,0.0,2.004,2.004,0.0,0.0,0.0,0.0,69,-71.63,89220.719,0.0,0.0,0.0,0.0,0.0,0.0,0.0,0,0,0,0.0,0.0,0.0,0.0,0.0,0.0,0.0,0.0,0.0,0.0,0.0,0.0,0.0,0.0,0.0,0.0,0,-107875648.0,69,0.0,138,0.0,2.012,ERR,ERR,ERR,ERR,ERR,ERR,ERR,ERR,ERR,ERR,ERR,ERR,ERR,ERR,ERR,ERR,ERR,ERR,ERR,ERR,ERR,ERR,ERR,ERR,ERR,ERR,ERR,ERR,ERR,ERR,ERR,ERR,ERR,ERR,ERR,ERR,ERR,ERR,ERR,ERR,ERR,ERR,ERR,ERR,ERR,ERR,ERR,ERR,ERR,ERR,ERR,ERR,ERR,ERR,ERR,ERR,ERR,ERR,ERR,ERR,ERR,ERR,ERR,ERR,ERR,ERR,ERR,60.0,60.0,35,0.0,0.0,0.0,0.0,0.0,0.0,0.0,0.0,0.0,0.0,0.0,0.0,0.0,0.0,0.0,0.0,65.6,0,118,57,34,65476,0,300,0,0,8,20529,65476,0,0,2621,60.0,0.0,0.0,0.0,0.0,0.0
2026-07-09T15:55:54,ERR,ERR,ERR,ERR,ERR,ERR,ERR,ERR,ERR,ERR,ERR,ERR,ERR,ERR,ERR,ERR,ERR,ERR,ERR,ERR,ERR,ERR,ERR,ERR,ERR,ERR,ERR,ERR,ERR,ERR,ERR,ERR,ERR,ERR,ERR,ERR,ERR,ERR,ERR,ERR,ERR,ERR,ERR,ERR,ERR,ERR,ERR,ERR,ERR,ERR,ERR,ERR,ERR,ERR,ERR,ERR,ERR,ERR,ERR,ERR,ERR,ERR,ERR,ERR,ERR,ERR,ERR,ERR,ERR,ERR,ERR,ERR,ERR,ERR,ERR,ERR,ERR,ERR,ERR,ERR,ERR,ERR,ERR,ERR,ERR,ERR,ERR,ERR,ERR,ERR,ERR,ERR,ERR,ERR,ERR,ERR,ERR,ERR,ERR,ERR,ERR,ERR,ERR,ERR,ERR,ERR,ERR,ERR,ERR,ERR,ERR,ERR,ERR,ERR,ERR,ERR,ERR,ERR,ERR,ERR,ERR,ERR,ERR,ERR,ERR,2.7184242562605685e+23,-0.0,-108139408.0,0.0,-25333864.0,0.0,0.0,-0.0,0,0,4,17338,7116,0.0,100,0.0,0.0,0.0,0.0,0.0,0,0,0,0,0.0,0,0,0,0,0,0,0,0,0,0,0,0,0,0,0,0,0,0,0,0,0,0,0,0,0,0,0,0,0,0,0,0,0,31,40,40,71,65476,0,300,0,0,8,21553,0.0,-107605600.0,0.0,0.0,0.0,0.0,0.0,0.0,0.0,0.0,0.0,0.0,0.0,0.0,0.0,0.0,0.0,0.0,0.0,0.0,0.0,0.0,0.0,0.0,0.0,0.0,0.0,0.0,0.0,0.0,5529.0,0.0,6915.0,-107615088.0,0.0,2.004,2.004,0.0,0.0,0.0,0.0,69,-71.63,89220.719,0.0,0.0,0.0,0.0,0.0,0.0,0.0,0,0,0,0.0,0.0,0.0,0.0,0.0,0.0,0.0,0.0,0.0,0.0,0.0,0.0,0.0,0.0,0.0,0.0,0,-107875648.0,69,0.0,138,0.0,2.012,ERR,ERR,ERR,ERR,ERR,ERR,ERR,ERR,ERR,ERR,ERR,ERR,ERR,ERR,ERR,ERR,ERR,ERR,ERR,ERR,ERR,ERR,ERR,ERR,ERR,ERR,ERR,ERR,ERR,ERR,ERR,ERR,ERR,ERR,ERR,ERR,ERR,ERR,ERR,ERR,ERR,ERR,ERR,ERR,ERR,ERR,ERR,ERR,ERR,ERR,ERR,ERR,ERR,ERR,ERR,ERR,ERR,ERR,ERR,ERR,ERR,ERR,ERR,ERR,ERR,ERR,ERR,60.0,60.0,35,0.0,0.0,0.0,0.0,0.0,0.0,0.0,0.0,0.0,0.0,0.0,0.0,0.0,0.0,0.0,0.0,65.6,0,118,57,34,65476,0,300,0,0,8,20529,65476,0,0,2621,60.0,0.0,0.0,0.0,0.0,0.0
2026-07-09T15:55:55,ERR,ERR,ERR,ERR,ERR,ERR,ERR,ERR,ERR,ERR,ERR,ERR,ERR,ERR,ERR,ERR,ERR,ERR,ERR,ERR,ERR,ERR,ERR,ERR,ERR,ERR,ERR,ERR,ERR,ERR,ERR,ERR,ERR,ERR,ERR,ERR,ERR,ERR,ERR,ERR,ERR,ERR,ERR,ERR,ERR,ERR,ERR,ERR,ERR,ERR,ERR,ERR,ERR,ERR,ERR,ERR,ERR,ERR,ERR,ERR,ERR,ERR,ERR,ERR,ERR,ERR,ERR,ERR,ERR,ERR,ERR,ERR,ERR,ERR,ERR,ERR,ERR,ERR,ERR,ERR,ERR,ERR,ERR,ERR,ERR,ERR,ERR,ERR,ERR,ERR,ERR,ERR,ERR,ERR,ERR,ERR,ERR,ERR,ERR,ERR,ERR,ERR,ERR,ERR,ERR,ERR,ERR,ERR,ERR,ERR,ERR,ERR,ERR,ERR,ERR,ERR,ERR,ERR,ERR,ERR,ERR,ERR,ERR,ERR,ERR,2.7184242562605685e+23,-0.0,-108139408.0,0.0,-25333864.0,0.0,0.0,-0.0,0,0,4,17338,7116,0.0,100,0.0,0.0,0.0,0.0,0.0,0,0,0,0,0.0,0,0,0,0,0,0,0,0,0,0,0,0,0,0,0,0,0,0,0,0,0,0,0,0,0,0,0,0,0,0,0,0,0,31,40,40,71,65476,0,300,0,0,8,21553,0.0,-107605600.0,0.0,0.0,0.0,0.0,0.0,0.0,0.0,0.0,0.0,0.0,0.0,0.0,0.0,0.0,0.0,0.0,0.0,0.0,0.0,0.0,0.0,0.0,0.0,0.0,0.0,0.0,0.0,0.0,5529.0,0.0,6915.0,-107615088.0,0.0,2.004,2.004,0.0,0.0,0.0,0.0,69,-71.63,89220.719,0.0,0.0,0.0,0.0,0.0,0.0,0.0,0,0,0,0.0,0.0,0.0,0.0,0.0,0.0,0.0,0.0,0.0,0.0,0.0,0.0,0.0,0.0,0.0,0.0,0,-107875648.0,69,0.0,138,0.0,2.012,ERR,ERR,ERR,ERR,ERR,ERR,ERR,ERR,ERR,ERR,ERR,ERR,ERR,ERR,ERR,ERR,ERR,ERR,ERR,ERR,ERR,ERR,ERR,ERR,ERR,ERR,ERR,ERR,ERR,ERR,ERR,ERR,ERR,ERR,ERR,ERR,ERR,ERR,ERR,ERR,ERR,ERR,ERR,ERR,ERR,ERR,ERR,ERR,ERR,ERR,ERR,ERR,ERR,ERR,ERR,ERR,ERR,ERR,ERR,ERR,ERR,ERR,ERR,ERR,ERR,ERR,ERR,60.0,60.0,35,0.0,0.0,0.0,0.0,0.0,0.0,0.0,0.0,0.0,0.0,0.0,0.0,0.0,0.0,0.0,0.0,65.6,0,118,57,34,65476,0,300,0,0,8,20529,65476,0,0,2621,60.0,0.0,0.0,0.0,0.0,0.0
2026-07-09T15:55:56,ERR,ERR,ERR,ERR,ERR,ERR,ERR,ERR,ERR,ERR,ERR,ERR,ERR,ERR,ERR,ERR,ERR,ERR,ERR,ERR,ERR,ERR,ERR,ERR,ERR,ERR,ERR,ERR,ERR,ERR,ERR,ERR,ERR,ERR,ERR,ERR,ERR,ERR,ERR,ERR,ERR,ERR,ERR,ERR,ERR,ERR,ERR,ERR,ERR,ERR,ERR,ERR,ERR,ERR,ERR,ERR,ERR,ERR,ERR,ERR,ERR,ERR,ERR,ERR,ERR,ERR,ERR,ERR,ERR,ERR,ERR,ERR,ERR,ERR,ERR,ERR,ERR,ERR,ERR,ERR,ERR,ERR,ERR,ERR,ERR,ERR,ERR,ERR,ERR,ERR,ERR,ERR,ERR,ERR,ERR,ERR,ERR,ERR,ERR,ERR,ERR,ERR,ERR,ERR,ERR,ERR,ERR,ERR,ERR,ERR,ERR,ERR,ERR,ERR,ERR,ERR,ERR,ERR,ERR,ERR,ERR,ERR,ERR,ERR,ERR,2.7184242562605685e+23,-0.0,-108139408.0,0.0,-25333864.0,0.0,0.0,-0.0,0,0,4,17338,7116,0.0,100,0.0,0.0,0.0,0.0,0.0,0,0,0,0,0.0,0,0,0,0,0,0,0,0,0,0,0,0,0,0,0,0,0,0,0,0,0,0,0,0,0,0,0,0,0,0,0,0,0,31,40,40,71,65476,0,300,0,0,8,21553,0.0,-107605600.0,0.0,0.0,0.0,0.0,0.0,0.0,0.0,0.0,0.0,0.0,0.0,0.0,0.0,0.0,0.0,0.0,0.0,0.0,0.0,0.0,0.0,0.0,0.0,0.0,0.0,0.0,0.0,0.0,5529.0,0.0,6915.0,-107615088.0,0.0,2.004,2.004,0.0,0.0,0.0,0.0,69,-71.63,89220.719,0.0,0.0,0.0,0.0,0.0,0.0,0.0,0,0,0,0.0,0.0,0.0,0.0,0.0,0.0,0.0,0.0,0.0,0.0,0.0,0.0,0.0,0.0,0.0,0.0,0,-107875648.0,69,0.0,138,0.0,2.012,ERR,ERR,ERR,ERR,ERR,ERR,ERR,ERR,ERR,ERR,ERR,ERR,ERR,ERR,ERR,ERR,ERR,ERR,ERR,ERR,ERR,ERR,ERR,ERR,ERR,ERR,ERR,ERR,ERR,ERR,ERR,ERR,ERR,ERR,ERR,ERR,ERR,ERR,ERR,ERR,ERR,ERR,ERR,ERR,ERR,ERR,ERR,ERR,ERR,ERR,ERR,ERR,ERR,ERR,ERR,ERR,ERR,ERR,ERR,ERR,ERR,ERR,ERR,ERR,ERR,ERR,ERR,60.0,60.0,35,0.0,0.0,0.0,0.0,0.0,0.0,0.0,0.0,0.0,0.0,0.0,0.0,0.0,0.0,0.0,0.0,65.6,0,118,57,34,65476,0,300,0,0,8,20529,65476,0,0,2621,60.0,0.0,0.0,0.0,0.0,0.0
2026-07-09T15:55:57,ERR,ERR,ERR,ERR,ERR,ERR,ERR,ERR,ERR,ERR,ERR,ERR,ERR,ERR,ERR,ERR,ERR,ERR,ERR,ERR,ERR,ERR,ERR,ERR,ERR,ERR,ERR,ERR,ERR,ERR,ERR,ERR,ERR,ERR,ERR,ERR,ERR,ERR,ERR,ERR,ERR,ERR,ERR,ERR,ERR,ERR,ERR,ERR,ERR,ERR,ERR,ERR,ERR,ERR,ERR,ERR,ERR,ERR,ERR,ERR,ERR,ERR,ERR,ERR,ERR,ERR,ERR,ERR,ERR,ERR,ERR,ERR,ERR,ERR,ERR,ERR,ERR,ERR,ERR,ERR,ERR,ERR,ERR,ERR,ERR,ERR,ERR,ERR,ERR,ERR,ERR,ERR,ERR,ERR,ERR,ERR,ERR,ERR,ERR,ERR,ERR,ERR,ERR,ERR,ERR,ERR,ERR,ERR,ERR,ERR,ERR,ERR,ERR,ERR,ERR,ERR,ERR,ERR,ERR,ERR,ERR,ERR,ERR,ERR,ERR,2.7184242562605685e+23,-107616112.0,0.0,2.7183478752108883e+23,0.0,0.0,0.0,0.0,0,0,4,17332,7116,0.0,100,0.0,0.0,2.7183478752108883e+23,0.0,0.0,0,0,0,0,0.0,0,0,0,0,0,0,0,0,0,0,0,0,0,0,0,0,0,0,0,0,0,0,0,0,0,0,0,0,0,0,0,0,0,31,40,40,71,65476,0,300,0,0,8,21553,0.0,-107605600.0,0.0,0.0,0.0,0.0,0.0,0.0,0.0,0.0,0.0,0.0,0.0,0.0,0.0,0.0,0.0,0.0,0.0,0.0,0.0,0.0,0.0,-3.6970700251968045e+19,0.0,0.0,0.0,0.0,0.0,0.0,5473.0,-1.040667237767031e+34,6943.0,2.7184242562605685e+23,0.0,2.004,2.004,0.0,0.0,0.0,0.0,69,0.0,0.0,0.0,0.0,0.0,0.0,0.0,0.0,0.0,0,0,0,0.0,0.0,0.0,0.0,0.0,0.0,0.0,0.0,0.0,0.0,0.0,0.0,0.0,0.0,0.0,0.0,0,-107875648.0,69,0.0,138,0.0,2.012,ERR,ERR,ERR,ERR,ERR,ERR,ERR,ERR,ERR,ERR,ERR,ERR,ERR,ERR,ERR,ERR,ERR,ERR,ERR,ERR,ERR,ERR,ERR,ERR,ERR,ERR,ERR,ERR,ERR,ERR,ERR,ERR,ERR,ERR,ERR,ERR,ERR,ERR,ERR,ERR,ERR,ERR,ERR,ERR,ERR,ERR,ERR,ERR,ERR,ERR,ERR,ERR,ERR,ERR,ERR,ERR,ERR,ERR,ERR,ERR,ERR,ERR,ERR,ERR,ERR,ERR,ERR,60.0,60.0,35,0.0,0.0,0.0,0.0,0.0,0.0,0.0,0.0,0.0,0.0,0.0,0.0,0.0,0.0,0.0,0.0,65.6,0,118,57,34,65476,0,300,0,0,8,20529,65476,0,0,2621,60.0,0.0,0.0,0.0,0.0,0.0
2026-07-09T15:55:58,ERR,ERR,ERR,ERR,ERR,ERR,ERR,ERR,ERR,ERR,ERR,ERR,ERR,ERR,ERR,ERR,ERR,ERR,ERR,ERR,ERR,ERR,ERR,ERR,ERR,ERR,ERR,ERR,ERR,ERR,ERR,ERR,ERR,ERR,ERR,ERR,ERR,ERR,ERR,ERR,ERR,ERR,ERR,ERR,ERR,ERR,ERR,ERR,ERR,ERR,ERR,ERR,ERR,ERR,ERR,ERR,ERR,ERR,ERR,ERR,ERR,ERR,ERR,ERR,ERR,ERR,ERR,ERR,ERR,ERR,ERR,ERR,ERR,ERR,ERR,ERR,ERR,ERR,ERR,ERR,ERR,ERR,ERR,ERR,ERR,ERR,ERR,ERR,ERR,ERR,ERR,ERR,ERR,ERR,ERR,ERR,ERR,ERR,ERR,ERR,ERR,ERR,ERR,ERR,ERR,ERR,ERR,ERR,ERR,ERR,ERR,ERR,ERR,ERR,ERR,ERR,ERR,ERR,ERR,ERR,ERR,ERR,ERR,ERR,ERR,2.7184242562605685e+23,-107616112.0,0.0,2.7183478752108883e+23,0.0,0.0,0.0,0.0,0,0,4,17332,7116,0.0,100,0.0,0.0,2.7183478752108883e+23,0.0,0.0,0,0,0,0,0.0,0,0,0,0,0,0,0,0,0,0,0,0,0,0,0,0,0,0,0,0,0,0,0,0,0,0,0,0,0,0,0,0,0,31,40,40,71,65476,0,300,0,0,8,21553,0.0,-107605600.0,0.0,0.0,0.0,0.0,0.0,0.0,0.0,0.0,0.0,0.0,0.0,0.0,0.0,0.0,0.0,0.0,0.0,0.0,0.0,0.0,0.0,-3.6970700251968045e+19,0.0,0.0,0.0,0.0,0.0,0.0,5473.0,-1.040667237767031e+34,6943.0,2.7184242562605685e+23,0.0,2.004,2.004,0.0,0.0,0.0,0.0,69,0.0,0.0,0.0,0.0,0.0,0.0,0.0,0.0,0.0,0,0,0,0.0,0.0,0.0,0.0,0.0,0.0,0.0,0.0,0.0,0.0,0.0,0.0,0.0,0.0,0.0,0.0,0,-107875648.0,69,0.0,138,0.0,2.012,ERR,ERR,ERR,ERR,ERR,ERR,ERR,ERR,ERR,ERR,ERR,ERR,ERR,ERR,ERR,ERR,ERR,ERR,ERR,ERR,ERR,ERR,ERR,ERR,ERR,ERR,ERR,ERR,ERR,ERR,ERR,ERR,ERR,ERR,ERR,ERR,ERR,ERR,ERR,ERR,ERR,ERR,ERR,ERR,ERR,ERR,ERR,ERR,ERR,ERR,ERR,ERR,ERR,ERR,ERR,ERR,ERR,ERR,ERR,ERR,ERR,ERR,ERR,ERR,ERR,ERR,ERR,60.0,60.0,35,0.0,0.0,0.0,0.0,0.0,0.0,0.0,0.0,0.0,0.0,0.0,0.0,0.0,0.0,0.0,0.0,65.6,0,118,57,35,65476,0,300,0,0,8,20529,65476,0,0,2621,60.0,0.0,0.0,0.0,0.0,0.0
2026-07-09T15:55:59,ERR,ERR,ERR,ERR,ERR,ERR,ERR,ERR,ERR,ERR,ERR,ERR,ERR,ERR,ERR,ERR,ERR,ERR,ERR,ERR,ERR,ERR,ERR,ERR,ERR,ERR,ERR,ERR,ERR,ERR,ERR,ERR,ERR,ERR,ERR,ERR,ERR,ERR,ERR,ERR,ERR,ERR,ERR,ERR,ERR,ERR,ERR,ERR,ERR,ERR,ERR,ERR,ERR,ERR,ERR,ERR,ERR,ERR,ERR,ERR,ERR,ERR,ERR,ERR,ERR,ERR,ERR,ERR,ERR,ERR,ERR,ERR,ERR,ERR,ERR,ERR,ERR,ERR,ERR,ERR,ERR,ERR,ERR,ERR,ERR,ERR,ERR,ERR,ERR,ERR,ERR,ERR,ERR,ERR,ERR,ERR,ERR,ERR,ERR,ERR,ERR,ERR,ERR,ERR,ERR,ERR,ERR,ERR,ERR,ERR,ERR,ERR,ERR,ERR,ERR,ERR,ERR,ERR,ERR,ERR,ERR,ERR,ERR,ERR,ERR,2.7184242562605685e+23,-107616112.0,0.0,2.7183478752108883e+23,0.0,0.0,0.0,0.0,0,0,4,17332,7116,0.0,100,0.0,0.0,2.7183478752108883e+23,0.0,0.0,0,0,0,0,0.0,0,0,0,0,0,0,0,0,0,0,0,0,0,0,0,0,0,0,0,0,0,0,0,0,0,0,0,0,0,0,0,0,0,31,40,40,71,65476,0,300,0,0,8,21553,0.0,-107605600.0,0.0,0.0,0.0,0.0,0.0,0.0,0.0,0.0,0.0,0.0,0.0,0.0,0.0,0.0,0.0,0.0,0.0,0.0,0.0,0.0,0.0,-3.6970700251968045e+19,0.0,0.0,0.0,0.0,0.0,0.0,5473.0,-1.040667237767031e+34,6943.0,2.7184242562605685e+23,0.0,2.004,2.004,0.0,0.0,0.0,0.0,69,0.0,0.0,0.0,0.0,0.0,0.0,0.0,0.0,0.0,0,0,0,0.0,0.0,0.0,0.0,0.0,0.0,0.0,0.0,0.0,0.0,0.0,0.0,0.0,0.0,0.0,0.0,0,-107875648.0,69,0.0,138,0.0,2.012,ERR,ERR,ERR,ERR,ERR,ERR,ERR,ERR,ERR,ERR,ERR,ERR,ERR,ERR,ERR,ERR,ERR,ERR,ERR,ERR,ERR,ERR,ERR,ERR,ERR,ERR,ERR,ERR,ERR,ERR,ERR,ERR,ERR,ERR,ERR,ERR,ERR,ERR,ERR,ERR,ERR,ERR,ERR,ERR,ERR,ERR,ERR,ERR,ERR,ERR,ERR,ERR,ERR,ERR,ERR,ERR,ERR,ERR,ERR,ERR,ERR,ERR,ERR,ERR,ERR,ERR,ERR,60.0,60.0,35,0.0,0.0,0.0,0.0,0.0,0.0,0.0,0.0,0.0,0.0,0.0,0.0,0.0,0.0,0.0,0.0,65.2,0,118,57,35,65476,0,300,0,0,8,20529,65476,0,0,2621,60.0,0.0,0.0,0.0,0.0,0.0
2026-07-09T15:56:00,ERR,ERR,ERR,ERR,ERR,ERR,ERR,ERR,ERR,ERR,ERR,ERR,ERR,ERR,ERR,ERR,ERR,ERR,ERR,ERR,ERR,ERR,ERR,ERR,ERR,ERR,ERR,ERR,ERR,ERR,ERR,ERR,ERR,ERR,ERR,ERR,ERR,ERR,ERR,ERR,ERR,ERR,ERR,ERR,ERR,ERR,ERR,ERR,ERR,ERR,ERR,ERR,ERR,ERR,ERR,ERR,ERR,ERR,ERR,ERR,ERR,ERR,ERR,ERR,ERR,ERR,ERR,ERR,ERR,ERR,ERR,ERR,ERR,ERR,ERR,ERR,ERR,ERR,ERR,ERR,ERR,ERR,ERR,ERR,ERR,ERR,ERR,ERR,ERR,ERR,ERR,ERR,ERR,ERR,ERR,ERR,ERR,ERR,ERR,ERR,ERR,ERR,ERR,ERR,ERR,ERR,ERR,ERR,ERR,ERR,ERR,ERR,ERR,ERR,ERR,ERR,ERR,ERR,ERR,ERR,ERR,ERR,ERR,ERR,ERR,2.7184242562605685e+23,-107616112.0,0.0,2.7183478752108883e+23,0.0,0.0,0.0,0.0,0,0,4,17332,7116,0.0,100,0.0,0.0,2.7183478752108883e+23,0.0,0.0,0,0,0,0,0.0,0,0,0,0,0,0,0,0,0,0,0,0,0,0,0,0,0,0,0,0,0,0,0,0,0,0,0,0,0,0,0,0,0,31,40,40,71,65476,0,300,0,0,8,21553,0.0,-107605600.0,0.0,0.0,0.0,0.0,0.0,0.0,0.0,0.0,0.0,0.0,0.0,0.0,0.0,0.0,0.0,0.0,0.0,0.0,0.0,0.0,0.0,-3.6970700251968045e+19,0.0,0.0,0.0,0.0,0.0,0.0,5473.0,-1.040667237767031e+34,6943.0,2.7184242562605685e+23,0.0,2.004,2.004,0.0,0.0,0.0,0.0,69,0.0,0.0,0.0,0.0,0.0,0.0,0.0,0.0,0.0,0,0,0,0.0,0.0,0.0,0.0,0.0,0.0,0.0,0.0,0.0,0.0,0.0,0.0,0.0,0.0,0.0,0.0,0,-107875648.0,69,0.0,138,0.0,2.012,ERR,ERR,ERR,ERR,ERR,ERR,ERR,ERR,ERR,ERR,ERR,ERR,ERR,ERR,ERR,ERR,ERR,ERR,ERR,ERR,ERR,ERR,ERR,ERR,ERR,ERR,ERR,ERR,ERR,ERR,ERR,ERR,ERR,ERR,ERR,ERR,ERR,ERR,ERR,ERR,ERR,ERR,ERR,ERR,ERR,ERR,ERR,ERR,ERR,ERR,ERR,ERR,ERR,ERR,ERR,ERR,ERR,ERR,ERR,ERR,ERR,ERR,ERR,ERR,ERR,ERR,ERR,60.0,60.0,35,0.0,0.0,0.0,0.0,0.0,0.0,0.0,0.0,0.0,0.0,0.0,0.0,0.0,0.0,0.0,0.0,65.2,0,118,57,35,65476,0,300,0,0,8,20529,65476,0,0,2621,60.0,0.0,0.0,0.0,0.0,0.0
2026-07-09T15:56:01,ERR,ERR,ERR,ERR,ERR,ERR,ERR,ERR,ERR,ERR,ERR,ERR,ERR,ERR,ERR,ERR,ERR,ERR,ERR,ERR,ERR,ERR,ERR,ERR,ERR,ERR,ERR,ERR,ERR,ERR,ERR,ERR,ERR,ERR,ERR,ERR,ERR,ERR,ERR,ERR,ERR,ERR,ERR,ERR,ERR,ERR,ERR,ERR,ERR,ERR,ERR,ERR,ERR,ERR,ERR,ERR,ERR,ERR,ERR,ERR,ERR,ERR,ERR,ERR,ERR,ERR,ERR,ERR,ERR,ERR,ERR,ERR,ERR,ERR,ERR,ERR,ERR,ERR,ERR,ERR,ERR,ERR,ERR,ERR,ERR,ERR,ERR,ERR,ERR,ERR,ERR,ERR,ERR,ERR,ERR,ERR,ERR,ERR,ERR,ERR,ERR,ERR,ERR,ERR,ERR,ERR,ERR,ERR,ERR,ERR,ERR,ERR,ERR,ERR,ERR,ERR,ERR,ERR,ERR,ERR,ERR,ERR,ERR,ERR,ERR,2.7184242562605685e+23,-107616112.0,0.0,2.7183478752108883e+23,0.0,0.0,0.0,0.0,0,0,4,17332,7116,0.0,100,0.0,0.0,2.7183478752108883e+23,0.0,0.0,0,0,0,0,0.0,0,0,0,0,0,0,0,0,0,0,0,0,0,0,0,0,0,0,0,0,0,0,0,0,0,0,0,0,0,0,0,0,0,31,40,40,71,65476,0,300,0,0,8,21553,0.0,-107605600.0,0.0,0.0,0.0,0.0,0.0,0.0,0.0,0.0,0.0,0.0,0.0,0.0,0.0,0.0,0.0,0.0,0.0,0.0,0.0,0.0,0.0,-3.6970700251968045e+19,0.0,0.0,0.0,0.0,0.0,0.0,5473.0,-1.040667237767031e+34,6943.0,2.7184242562605685e+23,0.0,2.004,2.004,0.0,0.0,0.0,0.0,69,0.0,0.0,0.0,0.0,0.0,0.0,0.0,0.0,0.0,0,0,0,0.0,0.0,0.0,0.0,0.0,0.0,0.0,0.0,0.0,0.0,0.0,0.0,0.0,0.0,0.0,0.0,0,-107875648.0,69,0.0,138,0.0,2.012,ERR,ERR,ERR,ERR,ERR,ERR,ERR,ERR,ERR,ERR,ERR,ERR,ERR,ERR,ERR,ERR,ERR,ERR,ERR,ERR,ERR,ERR,ERR,ERR,ERR,ERR,ERR,ERR,ERR,ERR,ERR,ERR,ERR,ERR,ERR,ERR,ERR,ERR,ERR,ERR,ERR,ERR,ERR,ERR,ERR,ERR,ERR,ERR,ERR,ERR,ERR,ERR,ERR,ERR,ERR,ERR,ERR,ERR,ERR,ERR,ERR,ERR,ERR,ERR,ERR,ERR,ERR,60.0,60.0,35,0.0,0.0,0.0,0.0,0.0,0.0,0.0,0.0,0.0,0.0,0.0,0.0,0.0,0.0,0.0,0.0,65.2,0,118,57,35,65476,0,300,0,0,8,20529,65476,0,0,2621,60.0,0.0,0.0,0.0,0.0,0.0
2026-07-09T15:56:02,ERR,ERR,ERR,ERR,ERR,ERR,ERR,ERR,ERR,ERR,ERR,ERR,ERR,ERR,ERR,ERR,ERR,ERR,ERR,ERR,ERR,ERR,ERR,ERR,ERR,ERR,ERR,ERR,ERR,ERR,ERR,ERR,ERR,ERR,ERR,ERR,ERR,ERR,ERR,ERR,ERR,ERR,ERR,ERR,ERR,ERR,ERR,ERR,ERR,ERR,ERR,ERR,ERR,ERR,ERR,ERR,ERR,ERR,ERR,ERR,ERR,ERR,ERR,ERR,ERR,ERR,ERR,ERR,ERR,ERR,ERR,ERR,ERR,ERR,ERR,ERR,ERR,ERR,ERR,ERR,ERR,ERR,ERR,ERR,ERR,ERR,ERR,ERR,ERR,ERR,ERR,ERR,ERR,ERR,ERR,ERR,ERR,ERR,ERR,ERR,ERR,ERR,ERR,ERR,ERR,ERR,ERR,ERR,ERR,ERR,ERR,ERR,ERR,ERR,ERR,ERR,ERR,ERR,ERR,ERR,ERR,ERR,ERR,ERR,ERR,2.7184242562605685e+23,-0.0,-108139344.0,0.0,-105708120965120.0,-8.38263267482794e+37,0.0,53486137344.0,0,0,4,17329,7116,0.0,100,0.0,0.0,0.0,0.0,0.0,0,0,0,0,0.0,0,0,0,0,0,0,0,0,0,0,0,0,0,0,0,0,0,0,0,0,0,0,0,0,0,0,0,0,0,0,0,0,0,31,40,40,71,65476,0,300,0,0,8,21553,0.0,-107605600.0,0.0,0.0,0.0,0.0,0.0,0.0,0.0,0.0,0.0,0.0,0.0,0.0,0.0,0.0,0.0,0.0,0.0,0.0,0.0,0.0,0.0,-0.0,0.0,0.0,0.0,0.0,0.0,0.0,5481.0,-3.697192730694464e+19,6940.0,2.7184242562605685e+23,0.0,2.004,2.004,0.0,0.0,0.0,0.0,69,2.7184201129489113e+23,0.0,0.0,0.0,0.0,0.0,0.0,0.0,0.0,0,0,0,0.0,0.0,0.0,0.0,0.0,0.0,0.0,0.0,0.0,0.0,0.0,0.0,0.0,0.0,0.0,0.0,0,-107875648.0,69,0.0,138,0.0,2.012,ERR,ERR,ERR,ERR,ERR,ERR,ERR,ERR,ERR,ERR,ERR,ERR,ERR,ERR,ERR,ERR,ERR,ERR,ERR,ERR,ERR,ERR,ERR,ERR,ERR,ERR,ERR,ERR,ERR,ERR,ERR,ERR,ERR,ERR,ERR,ERR,ERR,ERR,ERR,ERR,ERR,ERR,ERR,ERR,ERR,ERR,ERR,ERR,ERR,ERR,ERR,ERR,ERR,ERR,ERR,ERR,ERR,ERR,ERR,ERR,ERR,ERR,ERR,ERR,ERR,ERR,ERR,60.0,60.0,35,0.0,0.0,0.0,0.0,0.0,0.0,0.0,0.0,0.0,0.0,0.0,0.0,0.0,0.0,0.0,0.0,65.2,0,118,57,35,65476,0,300,0,0,8,20529,65476,0,0,2621,60.0,0.0,0.0,0.0,0.0,0.0
2026-07-09T15:56:03,ERR,ERR,ERR,ERR,ERR,ERR,ERR,ERR,ERR,ERR,ERR,ERR,ERR,ERR,ERR,ERR,ERR,ERR,ERR,ERR,ERR,ERR,ERR,ERR,ERR,ERR,ERR,ERR,ERR,ERR,ERR,ERR,ERR,ERR,ERR,ERR,ERR,ERR,ERR,ERR,ERR,ERR,ERR,ERR,ERR,ERR,ERR,ERR,ERR,ERR,ERR,ERR,ERR,ERR,ERR,ERR,ERR,ERR,ERR,ERR,ERR,ERR,ERR,ERR,ERR,ERR,ERR,ERR,ERR,ERR,ERR,ERR,ERR,ERR,ERR,ERR,ERR,ERR,ERR,ERR,ERR,ERR,ERR,ERR,ERR,ERR,ERR,ERR,ERR,ERR,ERR,ERR,ERR,ERR,ERR,ERR,ERR,ERR,ERR,ERR,ERR,ERR,ERR,ERR,ERR,ERR,ERR,ERR,ERR,ERR,ERR,ERR,ERR,ERR,ERR,ERR,ERR,ERR,ERR,ERR,ERR,ERR,ERR,ERR,ERR,2.7184242562605685e+23,-0.0,-108139344.0,0.0,-105708120965120.0,-8.38263267482794e+37,0.0,53486137344.0,0,0,4,17329,7116,0.0,100,0.0,0.0,0.0,0.0,0.0,0,0,0,0,0.0,0,0,0,0,0,0,0,0,0,0,0,0,0,0,0,0,0,0,0,0,0,0,0,0,0,0,0,0,0,0,0,0,0,31,40,40,71,65476,0,300,0,0,8,21553,0.0,-107605600.0,0.0,0.0,0.0,0.0,0.0,0.0,0.0,0.0,0.0,0.0,0.0,0.0,0.0,0.0,0.0,0.0,0.0,0.0,0.0,0.0,0.0,-0.0,0.0,0.0,0.0,0.0,0.0,0.0,5481.0,-3.697192730694464e+19,6940.0,2.7184242562605685e+23,0.0,2.004,2.004,0.0,0.0,0.0,0.0,69,2.7184201129489113e+23,0.0,0.0,0.0,0.0,0.0,0.0,0.0,0.0,0,0,0,0.0,0.0,0.0,0.0,0.0,0.0,0.0,0.0,0.0,0.0,0.0,0.0,0.0,0.0,0.0,0.0,0,-107875648.0,69,0.0,138,0.0,2.012,ERR,ERR,ERR,ERR,ERR,ERR,ERR,ERR,ERR,ERR,ERR,ERR,ERR,ERR,ERR,ERR,ERR,ERR,ERR,ERR,ERR,ERR,ERR,ERR,ERR,ERR,ERR,ERR,ERR,ERR,ERR,ERR,ERR,ERR,ERR,ERR,ERR,ERR,ERR,ERR,ERR,ERR,ERR,ERR,ERR,ERR,ERR,ERR,ERR,ERR,ERR,ERR,ERR,ERR,ERR,ERR,ERR,ERR,ERR,ERR,ERR,ERR,ERR,ERR,ERR,ERR,ERR,60.0,60.0,35,0.0,0.0,0.0,0.0,0.0,0.0,0.0,0.0,0.0,0.0,0.0,0.0,0.0,0.0,0.0,0.0,65.6,0,118,57,35,65476,0,300,0,0,8,20529,65476,0,0,2621,60.0,0.0,0.0,0.0,0.0,0.0
2026-07-09T15:56:04,ERR,ERR,ERR,ERR,ERR,ERR,ERR,ERR,ERR,ERR,ERR,ERR,ERR,ERR,ERR,ERR,ERR,ERR,ERR,ERR,ERR,ERR,ERR,ERR,ERR,ERR,ERR,ERR,ERR,ERR,ERR,ERR,ERR,ERR,ERR,ERR,ERR,ERR,ERR,ERR,ERR,ERR,ERR,ERR,ERR,ERR,ERR,ERR,ERR,ERR,ERR,ERR,ERR,ERR,ERR,ERR,ERR,ERR,ERR,ERR,ERR,ERR,ERR,ERR,ERR,ERR,ERR,ERR,ERR,ERR,ERR,ERR,ERR,ERR,ERR,ERR,ERR,ERR,ERR,ERR,ERR,ERR,ERR,ERR,ERR,ERR,ERR,ERR,ERR,ERR,ERR,ERR,ERR,ERR,ERR,ERR,ERR,ERR,ERR,ERR,ERR,ERR,ERR,ERR,ERR,ERR,ERR,ERR,ERR,ERR,ERR,ERR,ERR,ERR,ERR,ERR,ERR,ERR,ERR,ERR,ERR,ERR,ERR,ERR,ERR,2.7184242562605685e+23,-0.0,-108139344.0,0.0,-105708120965120.0,-8.38263267482794e+37,0.0,53486137344.0,0,0,4,17329,7116,0.0,100,0.0,0.0,0.0,0.0,0.0,0,0,0,0,0.0,0,0,0,0,0,0,0,0,0,0,0,0,0,0,0,0,0,0,0,0,0,0,0,0,0,0,0,0,0,0,0,0,0,31,40,40,71,65476,0,300,0,0,8,21553,0.0,-107605600.0,0.0,0.0,0.0,0.0,0.0,0.0,0.0,0.0,0.0,0.0,0.0,0.0,0.0,0.0,0.0,0.0,0.0,0.0,0.0,0.0,0.0,-0.0,0.0,0.0,0.0,0.0,0.0,0.0,5481.0,-3.697192730694464e+19,6940.0,2.7184242562605685e+23,0.0,2.004,2.004,0.0,0.0,0.0,0.0,69,2.7184201129489113e+23,0.0,0.0,0.0,0.0,0.0,0.0,0.0,0.0,0,0,0,0.0,0.0,0.0,0.0,0.0,0.0,0.0,0.0,0.0,0.0,0.0,0.0,0.0,0.0,0.0,0.0,0,-107875648.0,69,0.0,138,0.0,2.012,ERR,ERR,ERR,ERR,ERR,ERR,ERR,ERR,ERR,ERR,ERR,ERR,ERR,ERR,ERR,ERR,ERR,ERR,ERR,ERR,ERR,ERR,ERR,ERR,ERR,ERR,ERR,ERR,ERR,ERR,ERR,ERR,ERR,ERR,ERR,ERR,ERR,ERR,ERR,ERR,ERR,ERR,ERR,ERR,ERR,ERR,ERR,ERR,ERR,ERR,ERR,ERR,ERR,ERR,ERR,ERR,ERR,ERR,ERR,ERR,ERR,ERR,ERR,ERR,ERR,ERR,ERR,60.0,60.0,35,0.0,0.0,0.0,0.0,0.0,0.0,0.0,0.0,0.0,0.0,0.0,0.0,0.0,0.0,0.0,0.0,65.2,0,119,57,35,65476,0,300,0,0,8,20529,65476,0,0,2621,60.0,0.0,0.0,0.0,0.0,0.0
2026-07-09T15:56:05,ERR,ERR,ERR,ERR,ERR,ERR,ERR,ERR,ERR,ERR,ERR,ERR,ERR,ERR,ERR,ERR,ERR,ERR,ERR,ERR,ERR,ERR,ERR,ERR,ERR,ERR,ERR,ERR,ERR,ERR,ERR,ERR,ERR,ERR,ERR,ERR,ERR,ERR,ERR,ERR,ERR,ERR,ERR,ERR,ERR,ERR,ERR,ERR,ERR,ERR,ERR,ERR,ERR,ERR,ERR,ERR,ERR,ERR,ERR,ERR,ERR,ERR,ERR,ERR,ERR,ERR,ERR,ERR,ERR,ERR,ERR,ERR,ERR,ERR,ERR,ERR,ERR,ERR,ERR,ERR,ERR,ERR,ERR,ERR,ERR,ERR,ERR,ERR,ERR,ERR,ERR,ERR,ERR,ERR,ERR,ERR,ERR,ERR,ERR,ERR,ERR,ERR,ERR,ERR,ERR,ERR,ERR,ERR,ERR,ERR,ERR,ERR,ERR,ERR,ERR,ERR,ERR,ERR,ERR,ERR,ERR,ERR,ERR,ERR,ERR,2.7184242562605685e+23,-0.0,-108139344.0,0.0,-105708120965120.0,-8.38263267482794e+37,0.0,53486137344.0,0,0,4,17329,7116,0.0,100,0.0,0.0,0.0,0.0,0.0,0,0,0,0,0.0,0,0,0,0,0,0,0,0,0,0,0,0,0,0,0,0,0,0,0,0,0,0,0,0,0,0,0,0,0,0,0,0,0,31,40,40,71,65476,0,300,0,0,8,21553,0.0,-107605600.0,0.0,0.0,0.0,0.0,0.0,0.0,0.0,0.0,0.0,0.0,0.0,0.0,0.0,0.0,0.0,0.0,0.0,0.0,0.0,0.0,0.0,-0.0,0.0,0.0,0.0,0.0,0.0,0.0,5481.0,-3.697192730694464e+19,6940.0,2.7184242562605685e+23,0.0,2.004,2.004,0.0,0.0,0.0,0.0,69,2.7184201129489113e+23,0.0,0.0,0.0,0.0,0.0,0.0,0.0,0.0,0,0,0,0.0,0.0,0.0,0.0,0.0,0.0,0.0,0.0,0.0,0.0,0.0,0.0,0.0,0.0,0.0,0.0,0,-107875648.0,69,0.0,138,0.0,2.012,ERR,ERR,ERR,ERR,ERR,ERR,ERR,ERR,ERR,ERR,ERR,ERR,ERR,ERR,ERR,ERR,ERR,ERR,ERR,ERR,ERR,ERR,ERR,ERR,ERR,ERR,ERR,ERR,ERR,ERR,ERR,ERR,ERR,ERR,ERR,ERR,ERR,ERR,ERR,ERR,ERR,ERR,ERR,ERR,ERR,ERR,ERR,ERR,ERR,ERR,ERR,ERR,ERR,ERR,ERR,ERR,ERR,ERR,ERR,ERR,ERR,ERR,ERR,ERR,ERR,ERR,ERR,60.0,60.0,35,0.0,0.0,0.0,0.0,0.0,0.0,0.0,0.0,0.0,0.0,0.0,0.0,0.0,0.0,0.0,0.0,65.2,0,119,57,35,65476,0,300,0,0,8,20529,65476,0,0,2621,60.0,0.0,0.0,0.0,0.0,0.0
2026-07-09T15:56:06,ERR,ERR,ERR,ERR,ERR,ERR,ERR,ERR,ERR,ERR,ERR,ERR,ERR,ERR,ERR,ERR,ERR,ERR,ERR,ERR,ERR,ERR,ERR,ERR,ERR,ERR,ERR,ERR,ERR,ERR,ERR,ERR,ERR,ERR,ERR,ERR,ERR,ERR,ERR,ERR,ERR,ERR,ERR,ERR,ERR,ERR,ERR,ERR,ERR,ERR,ERR,ERR,ERR,ERR,ERR,ERR,ERR,ERR,ERR,ERR,ERR,ERR,ERR,ERR,ERR,ERR,ERR,ERR,ERR,ERR,ERR,ERR,ERR,ERR,ERR,ERR,ERR,ERR,ERR,ERR,ERR,ERR,ERR,ERR,ERR,ERR,ERR,ERR,ERR,ERR,ERR,ERR,ERR,ERR,ERR,ERR,ERR,ERR,ERR,ERR,ERR,ERR,ERR,ERR,ERR,ERR,ERR,ERR,ERR,ERR,ERR,ERR,ERR,ERR,ERR,ERR,ERR,ERR,ERR,ERR,ERR,ERR,ERR,ERR,ERR,2.7184242562605685e+23,-0.0,-108139344.0,0.0,-105708120965120.0,-8.38263267482794e+37,0.0,53486137344.0,0,0,4,17329,7116,0.0,100,0.0,0.0,0.0,0.0,0.0,0,0,0,0,0.0,0,0,0,0,0,0,0,0,0,0,0,0,0,0,0,0,0,0,0,0,0,0,0,0,0,0,0,0,0,0,0,0,0,31,40,40,71,65476,0,300,0,0,8,21553,0.0,-107605600.0,0.0,0.0,0.0,0.0,0.0,0.0,0.0,0.0,0.0,0.0,0.0,0.0,0.0,0.0,0.0,0.0,0.0,0.0,0.0,0.0,0.0,-0.0,0.0,0.0,0.0,0.0,0.0,0.0,5481.0,-3.697192730694464e+19,6940.0,2.7184242562605685e+23,0.0,2.004,2.004,0.0,0.0,0.0,0.0,69,2.7184201129489113e+23,0.0,0.0,0.0,0.0,0.0,0.0,0.0,0.0,0,0,0,0.0,0.0,0.0,0.0,0.0,0.0,0.0,0.0,0.0,0.0,0.0,0.0,0.0,0.0,0.0,0.0,0,-107875648.0,69,0.0,138,0.0,2.012,ERR,ERR,ERR,ERR,ERR,ERR,ERR,ERR,ERR,ERR,ERR,ERR,ERR,ERR,ERR,ERR,ERR,ERR,ERR,ERR,ERR,ERR,ERR,ERR,ERR,ERR,ERR,ERR,ERR,ERR,ERR,ERR,ERR,ERR,ERR,ERR,ERR,ERR,ERR,ERR,ERR,ERR,ERR,ERR,ERR,ERR,ERR,ERR,ERR,ERR,ERR,ERR,ERR,ERR,ERR,ERR,ERR,ERR,ERR,ERR,ERR,ERR,ERR,ERR,ERR,ERR,ERR,60.0,60.0,35,0.0,0.0,0.0,0.0,0.0,0.0,0.0,0.0,0.0,0.0,0.0,0.0,0.0,0.0,0.0,0.0,66.0,0,119,57,35,65476,0,300,0,0,8,20529,65476,0,0,2621,60.0,0.0,0.0,0.0,0.0,0.0
2026-07-09T15:56:07,ERR,ERR,ERR,ERR,ERR,ERR,ERR,ERR,ERR,ERR,ERR,ERR,ERR,ERR,ERR,ERR,ERR,ERR,ERR,ERR,ERR,ERR,ERR,ERR,ERR,ERR,ERR,ERR,ERR,ERR,ERR,ERR,ERR,ERR,ERR,ERR,ERR,ERR,ERR,ERR,ERR,ERR,ERR,ERR,ERR,ERR,ERR,ERR,ERR,ERR,ERR,ERR,ERR,ERR,ERR,ERR,ERR,ERR,ERR,ERR,ERR,ERR,ERR,ERR,ERR,ERR,ERR,ERR,ERR,ERR,ERR,ERR,ERR,ERR,ERR,ERR,ERR,ERR,ERR,ERR,ERR,ERR,ERR,ERR,ERR,ERR,ERR,ERR,ERR,ERR,ERR,ERR,ERR,ERR,ERR,ERR,ERR,ERR,ERR,ERR,ERR,ERR,ERR,ERR,ERR,ERR,ERR,ERR,ERR,ERR,ERR,ERR,ERR,ERR,ERR,ERR,ERR,ERR,ERR,ERR,ERR,ERR,ERR,ERR,ERR,2.7184242562605685e+23,0.0,0.0,0.0,-6.203330864557847e+26,0.026,487994.375,-1.934297178534789e+29,0,0,4,17327,7116,0.0,100,0.0,0.0,0.0,0.0,0.0,0,0,0,0,0.0,0,0,0,0,0,0,0,0,0,0,0,0,0,0,0,0,0,0,0,0,0,0,0,0,0,0,0,0,0,0,0,0,0,31,40,40,71,65476,0,300,0,0,8,21553,0.0,-107605600.0,0.0,0.0,0.0,0.0,0.0,0.0,0.0,0.0,0.0,0.0,0.0,0.0,0.0,0.0,0.0,0.0,0.0,0.0,0.0,0.0,0.0,-2.004,0.0,0.0,0.0,0.0,0.0,0.0,5485.0,-1.587932186534166e+29,6942.0,2.7184242562605685e+23,-107616080.0,2.004,2.004,0.0,0.0,0.0,0.0,69,-0.0,0.0,0.0,0.0,0.0,0.0,0.0,0.0,0.0,0,0,0,0.0,0.0,0.0,0.0,0.0,0.0,0.0,0.0,0.0,0.0,0.0,0.0,0.0,0.0,0.0,0.0,0,-107875648.0,69,0.0,138,0.0,2.012,ERR,ERR,ERR,ERR,ERR,ERR,ERR,ERR,ERR,ERR,ERR,ERR,ERR,ERR,ERR,ERR,ERR,ERR,ERR,ERR,ERR,ERR,ERR,ERR,ERR,ERR,ERR,ERR,ERR,ERR,ERR,ERR,ERR,ERR,ERR,ERR,ERR,ERR,ERR,ERR,ERR,ERR,ERR,ERR,ERR,ERR,ERR,ERR,ERR,ERR,ERR,ERR,ERR,ERR,ERR,ERR,ERR,ERR,ERR,ERR,ERR,ERR,ERR,ERR,ERR,ERR,ERR,60.0,60.0,35,0.0,0.0,0.0,0.0,0.0,0.0,0.0,0.0,0.0,0.0,0.0,0.0,0.0,0.0,0.0,0.0,65.2,0,119,57,35,65476,0,300,0,0,8,20529,65476,0,0,2621,60.0,0.0,0.0,0.0,0.0,0.0
2026-07-09T15:56:08,ERR,ERR,ERR,ERR,ERR,ERR,ERR,ERR,ERR,ERR,ERR,ERR,ERR,ERR,ERR,ERR,ERR,ERR,ERR,ERR,ERR,ERR,ERR,ERR,ERR,ERR,ERR,ERR,ERR,ERR,ERR,ERR,ERR,ERR,ERR,ERR,ERR,ERR,ERR,ERR,ERR,ERR,ERR,ERR,ERR,ERR,ERR,ERR,ERR,ERR,ERR,ERR,ERR,ERR,ERR,ERR,ERR,ERR,ERR,ERR,ERR,ERR,ERR,ERR,ERR,ERR,ERR,ERR,ERR,ERR,ERR,ERR,ERR,ERR,ERR,ERR,ERR,ERR,ERR,ERR,ERR,ERR,ERR,ERR,ERR,ERR,ERR,ERR,ERR,ERR,ERR,ERR,ERR,ERR,ERR,ERR,ERR,ERR,ERR,ERR,ERR,ERR,ERR,ERR,ERR,ERR,ERR,ERR,ERR,ERR,ERR,ERR,ERR,ERR,ERR,ERR,ERR,ERR,ERR,ERR,ERR,ERR,ERR,ERR,ERR,2.7184242562605685e+23,0.0,0.0,0.0,-6.203330864557847e+26,0.026,487994.375,-1.934297178534789e+29,0,0,4,17327,7116,0.0,100,0.0,0.0,0.0,0.0,0.0,0,0,0,0,0.0,0,0,0,0,0,0,0,0,0,0,0,0,0,0,0,0,0,0,0,0,0,0,0,0,0,0,0,0,0,0,0,0,0,31,40,40,71,65476,0,300,0,0,8,21553,0.0,-107605600.0,0.0,0.0,0.0,0.0,0.0,0.0,0.0,0.0,0.0,0.0,0.0,0.0,0.0,0.0,0.0,0.0,0.0,0.0,0.0,0.0,0.0,-2.004,0.0,0.0,0.0,0.0,0.0,0.0,5485.0,-1.587932186534166e+29,6942.0,2.7184242562605685e+23,-107616080.0,2.004,2.004,0.0,0.0,0.0,0.0,69,-0.0,0.0,0.0,0.0,0.0,0.0,0.0,0.0,0.0,0,0,0,0.0,0.0,0.0,0.0,0.0,0.0,0.0,0.0,0.0,0.0,0.0,0.0,0.0,0.0,0.0,0.0,0,-107875648.0,69,0.0,138,0.0,2.012,ERR,ERR,ERR,ERR,ERR,ERR,ERR,ERR,ERR,ERR,ERR,ERR,ERR,ERR,ERR,ERR,ERR,ERR,ERR,ERR,ERR,ERR,ERR,ERR,ERR,ERR,ERR,ERR,ERR,ERR,ERR,ERR,ERR,ERR,ERR,ERR,ERR,ERR,ERR,ERR,ERR,ERR,ERR,ERR,ERR,ERR,ERR,ERR,ERR,ERR,ERR,ERR,ERR,ERR,ERR,ERR,ERR,ERR,ERR,ERR,ERR,ERR,ERR,ERR,ERR,ERR,ERR,60.0,60.0,35,0.0,0.0,0.0,0.0,0.0,0.0,0.0,0.0,0.0,0.0,0.0,0.0,0.0,0.0,0.0,0.0,65.2,0,119,57,35,65476,0,300,0,0,8,20529,65476,0,0,2621,60.0,0.0,0.0,0.0,0.0,0.0
2026-07-09T15:56:09,ERR,ERR,ERR,ERR,ERR,ERR,ERR,ERR,ERR,ERR,ERR,ERR,ERR,ERR,ERR,ERR,ERR,ERR,ERR,ERR,ERR,ERR,ERR,ERR,ERR,ERR,ERR,ERR,ERR,ERR,ERR,ERR,ERR,ERR,ERR,ERR,ERR,ERR,ERR,ERR,ERR,ERR,ERR,ERR,ERR,ERR,ERR,ERR,ERR,ERR,ERR,ERR,ERR,ERR,ERR,ERR,ERR,ERR,ERR,ERR,ERR,ERR,ERR,ERR,ERR,ERR,ERR,ERR,ERR,ERR,ERR,ERR,ERR,ERR,ERR,ERR,ERR,ERR,ERR,ERR,ERR,ERR,ERR,ERR,ERR,ERR,ERR,ERR,ERR,ERR,ERR,ERR,ERR,ERR,ERR,ERR,ERR,ERR,ERR,ERR,ERR,ERR,ERR,ERR,ERR,ERR,ERR,ERR,ERR,ERR,ERR,ERR,ERR,ERR,ERR,ERR,ERR,ERR,ERR,ERR,ERR,ERR,ERR,ERR,ERR,2.7184242562605685e+23,0.0,0.0,0.0,-6.203330864557847e+26,0.026,487994.375,-1.934297178534789e+29,0,0,4,17327,7116,0.0,100,0.0,0.0,0.0,0.0,0.0,0,0,0,0,0.0,0,0,0,0,0,0,0,0,0,0,0,0,0,0,0,0,0,0,0,0,0,0,0,0,0,0,0,0,0,0,0,0,0,31,40,40,71,65476,0,300,0,0,8,21553,0.0,-107605600.0,0.0,0.0,0.0,0.0,0.0,0.0,0.0,0.0,0.0,0.0,0.0,0.0,0.0,0.0,0.0,0.0,0.0,0.0,0.0,0.0,0.0,-2.004,0.0,0.0,0.0,0.0,0.0,0.0,5485.0,-1.587932186534166e+29,6942.0,2.7184242562605685e+23,-107616080.0,2.004,2.004,0.0,0.0,0.0,0.0,69,-0.0,0.0,0.0,0.0,0.0,0.0,0.0,0.0,0.0,0,0,0,0.0,0.0,0.0,0.0,0.0,0.0,0.0,0.0,0.0,0.0,0.0,0.0,0.0,0.0,0.0,0.0,0,-107875648.0,69,0.0,138,0.0,2.012,ERR,ERR,ERR,ERR,ERR,ERR,ERR,ERR,ERR,ERR,ERR,ERR,ERR,ERR,ERR,ERR,ERR,ERR,ERR,ERR,ERR,ERR,ERR,ERR,ERR,ERR,ERR,ERR,ERR,ERR,ERR,ERR,ERR,ERR,ERR,ERR,ERR,ERR,ERR,ERR,ERR,ERR,ERR,ERR,ERR,ERR,ERR,ERR,ERR,ERR,ERR,ERR,ERR,ERR,ERR,ERR,ERR,ERR,ERR,ERR,ERR,ERR,ERR,ERR,ERR,ERR,ERR,60.0,60.0,35,0.0,0.0,0.0,0.0,0.0,0.0,0.0,0.0,0.0,0.0,0.0,0.0,0.0,0.0,0.0,0.0,65.6,0,119,57,35,65476,0,300,0,0,8,20529,65476,0,0,2621,60.0,0.0,0.0,0.0,0.0,0.0
2026-07-09T15:56:10,ERR,ERR,ERR,ERR,ERR,ERR,ERR,ERR,ERR,ERR,ERR,ERR,ERR,ERR,ERR,ERR,ERR,ERR,ERR,ERR,ERR,ERR,ERR,ERR,ERR,ERR,ERR,ERR,ERR,ERR,ERR,ERR,ERR,ERR,ERR,ERR,ERR,ERR,ERR,ERR,ERR,ERR,ERR,ERR,ERR,ERR,ERR,ERR,ERR,ERR,ERR,ERR,ERR,ERR,ERR,ERR,ERR,ERR,ERR,ERR,ERR,ERR,ERR,ERR,ERR,ERR,ERR,ERR,ERR,ERR,ERR,ERR,ERR,ERR,ERR,ERR,ERR,ERR,ERR,ERR,ERR,ERR,ERR,ERR,ERR,ERR,ERR,ERR,ERR,ERR,ERR,ERR,ERR,ERR,ERR,ERR,ERR,ERR,ERR,ERR,ERR,ERR,ERR,ERR,ERR,ERR,ERR,ERR,ERR,ERR,ERR,ERR,ERR,ERR,ERR,ERR,ERR,ERR,ERR,ERR,ERR,ERR,ERR,ERR,ERR,2.7184242562605685e+23,0.0,0.0,0.0,-6.203330864557847e+26,0.026,487994.375,-1.934297178534789e+29,0,0,4,17327,7116,0.0,100,0.0,0.0,0.0,0.0,0.0,0,0,0,0,0.0,0,0,0,0,0,0,0,0,0,0,0,0,0,0,0,0,0,0,0,0,0,0,0,0,0,0,0,0,0,0,0,0,0,31,40,40,71,65476,0,300,0,0,8,21553,0.0,-107605600.0,0.0,0.0,0.0,0.0,0.0,0.0,0.0,0.0,0.0,0.0,0.0,0.0,0.0,0.0,0.0,0.0,0.0,0.0,0.0,0.0,0.0,-2.004,0.0,0.0,0.0,0.0,0.0,0.0,5485.0,-1.587932186534166e+29,6942.0,2.7184242562605685e+23,-107616080.0,2.004,2.004,0.0,0.0,0.0,0.0,69,-0.0,0.0,0.0,0.0,0.0,0.0,0.0,0.0,0.0,0,0,0,0.0,0.0,0.0,0.0,0.0,0.0,0.0,0.0,0.0,0.0,0.0,0.0,0.0,0.0,0.0,0.0,0,-107875648.0,69,0.0,138,0.0,2.012,ERR,ERR,ERR,ERR,ERR,ERR,ERR,ERR,ERR,ERR,ERR,ERR,ERR,ERR,ERR,ERR,ERR,ERR,ERR,ERR,ERR,ERR,ERR,ERR,ERR,ERR,ERR,ERR,ERR,ERR,ERR,ERR,ERR,ERR,ERR,ERR,ERR,ERR,ERR,ERR,ERR,ERR,ERR,ERR,ERR,ERR,ERR,ERR,ERR,ERR,ERR,ERR,ERR,ERR,ERR,ERR,ERR,ERR,ERR,ERR,ERR,ERR,ERR,ERR,ERR,ERR,ERR,60.0,60.0,35,0.0,0.0,0.0,0.0,0.0,0.0,0.0,0.0,0.0,0.0,0.0,0.0,0.0,0.0,0.0,0.0,65.6,0,119,57,35,65476,0,300,0,0,8,20529,65476,0,0,2621,60.0,0.0,0.0,0.0,0.0,0.0
2026-07-09T15:56:11,ERR,ERR,ERR,ERR,ERR,ERR,ERR,ERR,ERR,ERR,ERR,ERR,ERR,ERR,ERR,ERR,ERR,ERR,ERR,ERR,ERR,ERR,ERR,ERR,ERR,ERR,ERR,ERR,ERR,ERR,ERR,ERR,ERR,ERR,ERR,ERR,ERR,ERR,ERR,ERR,ERR,ERR,ERR,ERR,ERR,ERR,ERR,ERR,ERR,ERR,ERR,ERR,ERR,ERR,ERR,ERR,ERR,ERR,ERR,ERR,ERR,ERR,ERR,ERR,ERR,ERR,ERR,ERR,ERR,ERR,ERR,ERR,ERR,ERR,ERR,ERR,ERR,ERR,ERR,ERR,ERR,ERR,ERR,ERR,ERR,ERR,ERR,ERR,ERR,ERR,ERR,ERR,ERR,ERR,ERR,ERR,ERR,ERR,ERR,ERR,ERR,ERR,ERR,ERR,ERR,ERR,ERR,ERR,ERR,ERR,ERR,ERR,ERR,ERR,ERR,ERR,ERR,ERR,ERR,ERR,ERR,ERR,ERR,ERR,ERR,2.7184242562605685e+23,0.0,0.0,0.0,-6.203330864557847e+26,0.026,487994.375,-1.934297178534789e+29,0,0,4,17327,7116,0.0,100,0.0,0.0,0.0,0.0,0.0,0,0,0,0,0.0,0,0,0,0,0,0,0,0,0,0,0,0,0,0,0,0,0,0,0,0,0,0,0,0,0,0,0,0,0,0,0,0,0,31,40,40,71,65476,0,300,0,0,8,21553,0.0,-107605600.0,0.0,0.0,0.0,0.0,0.0,0.0,0.0,0.0,0.0,0.0,0.0,0.0,0.0,0.0,0.0,0.0,0.0,0.0,0.0,0.0,0.0,-2.004,0.0,0.0,0.0,0.0,0.0,0.0,5485.0,-1.587932186534166e+29,6942.0,2.7184242562605685e+23,-107616080.0,2.004,2.004,0.0,0.0,0.0,0.0,69,-0.0,0.0,0.0,0.0,0.0,0.0,0.0,0.0,0.0,0,0,0,0.0,0.0,0.0,0.0,0.0,0.0,0.0,0.0,0.0,0.0,0.0,0.0,0.0,0.0,0.0,0.0,0,-107875648.0,69,0.0,138,0.0,2.012,ERR,ERR,ERR,ERR,ERR,ERR,ERR,ERR,ERR,ERR,ERR,ERR,ERR,ERR,ERR,ERR,ERR,ERR,ERR,ERR,ERR,ERR,ERR,ERR,ERR,ERR,ERR,ERR,ERR,ERR,ERR,ERR,ERR,ERR,ERR,ERR,ERR,ERR,ERR,ERR,ERR,ERR,ERR,ERR,ERR,ERR,ERR,ERR,ERR,ERR,ERR,ERR,ERR,ERR,ERR,ERR,ERR,ERR,ERR,ERR,ERR,ERR,ERR,ERR,ERR,ERR,ERR,60.0,60.0,35,0.0,0.0,0.0,0.0,0.0,0.0,0.0,0.0,0.0,0.0,0.0,0.0,0.0,0.0,0.0,0.0,65.6,0,119,57,35,65476,0,300,0,0,8,20529,65476,0,0,2621,60.0,0.0,0.0,0.0,0.0,0.0
2026-07-09T15:56:12,ERR,ERR,ERR,ERR,ERR,ERR,ERR,ERR,ERR,ERR,ERR,ERR,ERR,ERR,ERR,ERR,ERR,ERR,ERR,ERR,ERR,ERR,ERR,ERR,ERR,ERR,ERR,ERR,ERR,ERR,ERR,ERR,ERR,ERR,ERR,ERR,ERR,ERR,ERR,ERR,ERR,ERR,ERR,ERR,ERR,ERR,ERR,ERR,ERR,ERR,ERR,ERR,ERR,ERR,ERR,ERR,ERR,ERR,ERR,ERR,ERR,ERR,ERR,ERR,ERR,ERR,ERR,ERR,ERR,ERR,ERR,ERR,ERR,ERR,ERR,ERR,ERR,ERR,ERR,ERR,ERR,ERR,ERR,ERR,ERR,ERR,ERR,ERR,ERR,ERR,ERR,ERR,ERR,ERR,ERR,ERR,ERR,ERR,ERR,ERR,ERR,ERR,ERR,ERR,ERR,ERR,ERR,ERR,ERR,ERR,ERR,ERR,ERR,ERR,ERR,ERR,ERR,ERR,ERR,ERR,ERR,ERR,ERR,ERR,ERR,2.7184242562605685e+23,0.0,-0.0,2.7183478752108883e+23,-2052.511,-0.0,-0.0,7.770767039813731e+32,0,0,4,17328,7116,0.0,100,0.0,0.0,2.7183478752108883e+23,0.0,0.0,0,0,0,0,0.0,0,0,0,0,0,0,0,0,0,0,0,0,0,0,0,0,0,0,0,0,0,0,0,0,0,0,0,0,0,0,0,0,0,31,40,40,71,65476,0,300,0,0,8,21553,0.0,-107605600.0,0.0,0.0,0.0,0.0,0.0,0.0,0.0,0.0,0.0,0.0,0.0,0.0,0.0,0.0,0.0,0.0,0.0,0.0,0.0,0.0,-2.004,0.0,0.0,0.0,0.0,0.0,0.0,0.0,5492.0,-0.0,6934.0,2.7184242562605685e+23,0.0,2.004,2.004,0.0,0.0,0.0,0.0,69,-152017532092416.0,-71.63,0.0,0.0,0.0,0.0,0.0,0.0,0.0,0,0,0,0.0,0.0,0.0,0.0,0.0,0.0,0.0,0.0,0.0,0.0,0.0,0.0,0.0,0.0,0.0,0.0,0,-107875648.0,69,0.0,138,0.0,2.012,ERR,ERR,ERR,ERR,ERR,ERR,ERR,ERR,ERR,ERR,ERR,ERR,ERR,ERR,ERR,ERR,ERR,ERR,ERR,ERR,ERR,ERR,ERR,ERR,ERR,ERR,ERR,ERR,ERR,ERR,ERR,ERR,ERR,ERR,ERR,ERR,ERR,ERR,ERR,ERR,ERR,ERR,ERR,ERR,ERR,ERR,ERR,ERR,ERR,ERR,ERR,ERR,ERR,ERR,ERR,ERR,ERR,ERR,ERR,ERR,ERR,ERR,ERR,ERR,ERR,ERR,ERR,60.0,60.0,35,0.0,0.0,0.0,0.0,0.0,0.0,0.0,0.0,0.0,0.0,0.0,0.0,0.0,0.0,0.0,0.0,65.6,0,119,57,35,65476,0,300,0,0,8,20529,65476,0,0,2621,60.0,0.0,0.0,0.0,0.0,0.0
2026-07-09T15:56:13,ERR,ERR,ERR,ERR,ERR,ERR,ERR,ERR,ERR,ERR,ERR,ERR,ERR,ERR,ERR,ERR,ERR,ERR,ERR,ERR,ERR,ERR,ERR,ERR,ERR,ERR,ERR,ERR,ERR,ERR,ERR,ERR,ERR,ERR,ERR,ERR,ERR,ERR,ERR,ERR,ERR,ERR,ERR,ERR,ERR,ERR,ERR,ERR,ERR,ERR,ERR,ERR,ERR,ERR,ERR,ERR,ERR,ERR,ERR,ERR,ERR,ERR,ERR,ERR,ERR,ERR,ERR,ERR,ERR,ERR,ERR,ERR,ERR,ERR,ERR,ERR,ERR,ERR,ERR,ERR,ERR,ERR,ERR,ERR,ERR,ERR,ERR,ERR,ERR,ERR,ERR,ERR,ERR,ERR,ERR,ERR,ERR,ERR,ERR,ERR,ERR,ERR,ERR,ERR,ERR,ERR,ERR,ERR,ERR,ERR,ERR,ERR,ERR,ERR,ERR,ERR,ERR,ERR,ERR,ERR,ERR,ERR,ERR,ERR,ERR,2.7184242562605685e+23,0.0,-0.0,2.7183478752108883e+23,-2052.511,-0.0,-0.0,7.770767039813731e+32,0,0,4,17328,7116,0.0,100,0.0,0.0,2.7183478752108883e+23,0.0,0.0,0,0,0,0,0.0,0,0,0,0,0,0,0,0,0,0,0,0,0,0,0,0,0,0,0,0,0,0,0,0,0,0,0,0,0,0,0,0,0,31,40,40,71,65476,0,300,0,0,8,21553,0.0,-107605600.0,0.0,0.0,0.0,0.0,0.0,0.0,0.0,0.0,0.0,0.0,0.0,0.0,0.0,0.0,0.0,0.0,0.0,0.0,0.0,0.0,-2.004,0.0,0.0,0.0,0.0,0.0,0.0,0.0,5492.0,-0.0,6934.0,2.7184242562605685e+23,0.0,2.004,2.004,0.0,0.0,0.0,0.0,69,-152017532092416.0,-71.63,0.0,0.0,0.0,0.0,0.0,0.0,0.0,0,0,0,0.0,0.0,0.0,0.0,0.0,0.0,0.0,0.0,0.0,0.0,0.0,0.0,0.0,0.0,0.0,0.0,0,-107875648.0,69,0.0,138,0.0,2.012,ERR,ERR,ERR,ERR,ERR,ERR,ERR,ERR,ERR,ERR,ERR,ERR,ERR,ERR,ERR,ERR,ERR,ERR,ERR,ERR,ERR,ERR,ERR,ERR,ERR,ERR,ERR,ERR,ERR,ERR,ERR,ERR,ERR,ERR,ERR,ERR,ERR,ERR,ERR,ERR,ERR,ERR,ERR,ERR,ERR,ERR,ERR,ERR,ERR,ERR,ERR,ERR,ERR,ERR,ERR,ERR,ERR,ERR,ERR,ERR,ERR,ERR,ERR,ERR,ERR,ERR,ERR,60.0,60.0,35,0.0,0.0,0.0,0.0,0.0,0.0,0.0,0.0,0.0,0.0,0.0,0.0,0.0,0.0,0.0,0.0,65.6,0,119,57,35,65476,0,300,0,0,8,20529,65476,0,0,2621,60.0,0.0,0.0,0.0,0.0,0.0
2026-07-09T15:56:14,ERR,ERR,ERR,ERR,ERR,ERR,ERR,ERR,ERR,ERR,ERR,ERR,ERR,ERR,ERR,ERR,ERR,ERR,ERR,ERR,ERR,ERR,ERR,ERR,ERR,ERR,ERR,ERR,ERR,ERR,ERR,ERR,ERR,ERR,ERR,ERR,ERR,ERR,ERR,ERR,ERR,ERR,ERR,ERR,ERR,ERR,ERR,ERR,ERR,ERR,ERR,ERR,ERR,ERR,ERR,ERR,ERR,ERR,ERR,ERR,ERR,ERR,ERR,ERR,ERR,ERR,ERR,ERR,ERR,ERR,ERR,ERR,ERR,ERR,ERR,ERR,ERR,ERR,ERR,ERR,ERR,ERR,ERR,ERR,ERR,ERR,ERR,ERR,ERR,ERR,ERR,ERR,ERR,ERR,ERR,ERR,ERR,ERR,ERR,ERR,ERR,ERR,ERR,ERR,ERR,ERR,ERR,ERR,ERR,ERR,ERR,ERR,ERR,ERR,ERR,ERR,ERR,ERR,ERR,ERR,ERR,ERR,ERR,ERR,ERR,2.7184242562605685e+23,0.0,-0.0,2.7183478752108883e+23,-2052.511,-0.0,-0.0,7.770767039813731e+32,0,0,4,17328,7116,0.0,100,0.0,0.0,2.7183478752108883e+23,0.0,0.0,0,0,0,0,0.0,0,0,0,0,0,0,0,0,0,0,0,0,0,0,0,0,0,0,0,0,0,0,0,0,0,0,0,0,0,0,0,0,0,31,40,40,71,65476,0,300,0,0,8,21553,0.0,-107605600.0,0.0,0.0,0.0,0.0,0.0,0.0,0.0,0.0,0.0,0.0,0.0,0.0,0.0,0.0,0.0,0.0,0.0,0.0,0.0,0.0,-2.004,0.0,0.0,0.0,0.0,0.0,0.0,0.0,5492.0,-0.0,6934.0,2.7184242562605685e+23,0.0,2.004,2.004,0.0,0.0,0.0,0.0,69,-152017532092416.0,-71.63,0.0,0.0,0.0,0.0,0.0,0.0,0.0,0,0,0,0.0,0.0,0.0,0.0,0.0,0.0,0.0,0.0,0.0,0.0,0.0,0.0,0.0,0.0,0.0,0.0,0,-107875648.0,69,0.0,138,0.0,2.012,ERR,ERR,ERR,ERR,ERR,ERR,ERR,ERR,ERR,ERR,ERR,ERR,ERR,ERR,ERR,ERR,ERR,ERR,ERR,ERR,ERR,ERR,ERR,ERR,ERR,ERR,ERR,ERR,ERR,ERR,ERR,ERR,ERR,ERR,ERR,ERR,ERR,ERR,ERR,ERR,ERR,ERR,ERR,ERR,ERR,ERR,ERR,ERR,ERR,ERR,ERR,ERR,ERR,ERR,ERR,ERR,ERR,ERR,ERR,ERR,ERR,ERR,ERR,ERR,ERR,ERR,ERR,60.0,60.0,35,0.0,0.0,0.0,0.0,0.0,0.0,0.0,0.0,0.0,0.0,0.0,0.0,0.0,0.0,0.0,0.0,65.6,0,119,57,35,65476,0,300,0,0,8,20529,65476,0,0,2621,60.0,0.0,0.0,0.0,0.0,0.0
2026-07-09T15:56:15,ERR,ERR,ERR,ERR,ERR,ERR,ERR,ERR,ERR,ERR,ERR,ERR,ERR,ERR,ERR,ERR,ERR,ERR,ERR,ERR,ERR,ERR,ERR,ERR,ERR,ERR,ERR,ERR,ERR,ERR,ERR,ERR,ERR,ERR,ERR,ERR,ERR,ERR,ERR,ERR,ERR,ERR,ERR,ERR,ERR,ERR,ERR,ERR,ERR,ERR,ERR,ERR,ERR,ERR,ERR,ERR,ERR,ERR,ERR,ERR,ERR,ERR,ERR,ERR,ERR,ERR,ERR,ERR,ERR,ERR,ERR,ERR,ERR,ERR,ERR,ERR,ERR,ERR,ERR,ERR,ERR,ERR,ERR,ERR,ERR,ERR,ERR,ERR,ERR,ERR,ERR,ERR,ERR,ERR,ERR,ERR,ERR,ERR,ERR,ERR,ERR,ERR,ERR,ERR,ERR,ERR,ERR,ERR,ERR,ERR,ERR,ERR,ERR,ERR,ERR,ERR,ERR,ERR,ERR,ERR,ERR,ERR,ERR,ERR,ERR,2.7184242562605685e+23,0.0,-0.0,2.7183478752108883e+23,-2052.511,-0.0,-0.0,7.770767039813731e+32,0,0,4,17328,7116,0.0,100,0.0,0.0,2.7183478752108883e+23,0.0,0.0,0,0,0,0,0.0,0,0,0,0,0,0,0,0,0,0,0,0,0,0,0,0,0,0,0,0,0,0,0,0,0,0,0,0,0,0,0,0,0,31,40,40,71,65476,0,300,0,0,8,21553,0.0,-107605600.0,0.0,0.0,0.0,0.0,0.0,0.0,0.0,0.0,0.0,0.0,0.0,0.0,0.0,0.0,0.0,0.0,0.0,0.0,0.0,0.0,-2.004,0.0,0.0,0.0,0.0,0.0,0.0,0.0,5492.0,-0.0,6934.0,2.7184242562605685e+23,0.0,2.004,2.004,0.0,0.0,0.0,0.0,69,-152017532092416.0,-71.63,0.0,0.0,0.0,0.0,0.0,0.0,0.0,0,0,0,0.0,0.0,0.0,0.0,0.0,0.0,0.0,0.0,0.0,0.0,0.0,0.0,0.0,0.0,0.0,0.0,0,-107875648.0,69,0.0,138,0.0,2.012,ERR,ERR,ERR,ERR,ERR,ERR,ERR,ERR,ERR,ERR,ERR,ERR,ERR,ERR,ERR,ERR,ERR,ERR,ERR,ERR,ERR,ERR,ERR,ERR,ERR,ERR,ERR,ERR,ERR,ERR,ERR,ERR,ERR,ERR,ERR,ERR,ERR,ERR,ERR,ERR,ERR,ERR,ERR,ERR,ERR,ERR,ERR,ERR,ERR,ERR,ERR,ERR,ERR,ERR,ERR,ERR,ERR,ERR,ERR,ERR,ERR,ERR,ERR,ERR,ERR,ERR,ERR,60.0,60.0,35,0.0,0.0,0.0,0.0,0.0,0.0,0.0,0.0,0.0,0.0,0.0,0.0,0.0,0.0,0.0,0.0,66.0,0,119,57,35,65476,0,300,0,0,8,20529,65476,0,0,2621,60.0,0.0,0.0,0.0,0.0,0.0
2026-07-09T15:56:16,ERR,ERR,ERR,ERR,ERR,ERR,ERR,ERR,ERR,ERR,ERR,ERR,ERR,ERR,ERR,ERR,ERR,ERR,ERR,ERR,ERR,ERR,ERR,ERR,ERR,ERR,ERR,ERR,ERR,ERR,ERR,ERR,ERR,ERR,ERR,ERR,ERR,ERR,ERR,ERR,ERR,ERR,ERR,ERR,ERR,ERR,ERR,ERR,ERR,ERR,ERR,ERR,ERR,ERR,ERR,ERR,ERR,ERR,ERR,ERR,ERR,ERR,ERR,ERR,ERR,ERR,ERR,ERR,ERR,ERR,ERR,ERR,ERR,ERR,ERR,ERR,ERR,ERR,ERR,ERR,ERR,ERR,ERR,ERR,ERR,ERR,ERR,ERR,ERR,ERR,ERR,ERR,ERR,ERR,ERR,ERR,ERR,ERR,ERR,ERR,ERR,ERR,ERR,ERR,ERR,ERR,ERR,ERR,ERR,ERR,ERR,ERR,ERR,ERR,ERR,ERR,ERR,ERR,ERR,ERR,ERR,ERR,ERR,ERR,ERR,2.7184242562605685e+23,0.0,-0.0,2.7183478752108883e+23,-2052.511,-0.0,-0.0,7.770767039813731e+32,0,0,4,17328,7116,0.0,100,0.0,0.0,2.7183478752108883e+23,0.0,0.0,0,0,0,0,0.0,0,0,0,0,0,0,0,0,0,0,0,0,0,0,0,0,0,0,0,0,0,0,0,0,0,0,0,0,0,0,0,0,0,31,40,40,71,65476,0,300,0,0,8,21553,0.0,-107605600.0,0.0,0.0,0.0,0.0,0.0,0.0,0.0,0.0,0.0,0.0,0.0,0.0,0.0,0.0,0.0,0.0,0.0,0.0,0.0,0.0,-2.004,0.0,0.0,0.0,0.0,0.0,0.0,0.0,5492.0,-0.0,6934.0,2.7184242562605685e+23,0.0,2.004,2.004,0.0,0.0,0.0,0.0,69,-152017532092416.0,-71.63,0.0,0.0,0.0,0.0,0.0,0.0,0.0,0,0,0,0.0,0.0,0.0,0.0,0.0,0.0,0.0,0.0,0.0,0.0,0.0,0.0,0.0,0.0,0.0,0.0,0,-107875648.0,69,0.0,138,0.0,2.012,ERR,ERR,ERR,ERR,ERR,ERR,ERR,ERR,ERR,ERR,ERR,ERR,ERR,ERR,ERR,ERR,ERR,ERR,ERR,ERR,ERR,ERR,ERR,ERR,ERR,ERR,ERR,ERR,ERR,ERR,ERR,ERR,ERR,ERR,ERR,ERR,ERR,ERR,ERR,ERR,ERR,ERR,ERR,ERR,ERR,ERR,ERR,ERR,ERR,ERR,ERR,ERR,ERR,ERR,ERR,ERR,ERR,ERR,ERR,ERR,ERR,ERR,ERR,ERR,ERR,ERR,ERR,60.0,60.0,35,0.0,0.0,0.0,0.0,0.0,0.0,0.0,0.0,0.0,0.0,0.0,0.0,0.0,0.0,0.0,0.0,66.0,0,119,57,35,65476,0,300,0,0,8,20529,65476,0,0,2621,60.0,0.0,0.0,0.0,0.0,0.0
2026-07-09T15:56:17,ERR,ERR,ERR,ERR,ERR,ERR,ERR,ERR,ERR,ERR,ERR,ERR,ERR,ERR,ERR,ERR,ERR,ERR,ERR,ERR,ERR,ERR,ERR,ERR,ERR,ERR,ERR,ERR,ERR,ERR,ERR,ERR,ERR,ERR,ERR,ERR,ERR,ERR,ERR,ERR,ERR,ERR,ERR,ERR,ERR,ERR,ERR,ERR,ERR,ERR,ERR,ERR,ERR,ERR,ERR,ERR,ERR,ERR,ERR,ERR,ERR,ERR,ERR,ERR,ERR,ERR,ERR,ERR,ERR,ERR,ERR,ERR,ERR,ERR,ERR,ERR,ERR,ERR,ERR,ERR,ERR,ERR,ERR,ERR,ERR,ERR,ERR,ERR,ERR,ERR,ERR,ERR,ERR,ERR,ERR,ERR,ERR,ERR,ERR,ERR,ERR,ERR,ERR,ERR,ERR,ERR,ERR,ERR,ERR,ERR,ERR,ERR,ERR,ERR,ERR,ERR,ERR,ERR,ERR,ERR,ERR,ERR,ERR,ERR,ERR,0.0,0.0,0.0,2.7183478752108883e+23,0.0,-0.0,-0.0,0.0,0,0,4,17325,7116,0.0,100,0.0,0.0,2.7183478752108883e+23,0.0,0.0,0,0,0,0,0.0,0,0,0,0,0,0,0,0,0,0,0,0,0,0,0,0,0,0,0,0,0,0,0,0,0,0,0,0,0,0,0,0,0,31,40,40,71,65476,0,300,0,0,8,21553,0.0,-107605600.0,0.0,0.0,0.0,0.0,0.0,0.0,0.0,0.0,0.0,0.0,0.0,0.0,0.0,0.0,0.0,0.0,0.0,0.0,0.0,0.0,-2.004,-2.004,0.0,0.0,0.0,0.0,0.0,0.0,5503.0,-0.0,6932.0,2.7184242562605685e+23,-0.0,2.004,2.004,0.0,0.0,0.0,0.0,69,1.905688671546245e+17,-0.0,0.0,0.0,0.0,0.0,0.0,0.0,0.0,0,0,0,0.0,0.0,0.0,0.0,0.0,0.0,0.0,0.0,0.0,0.0,0.0,0.0,0.0,0.0,0.0,0.0,0,-107875648.0,69,0.0,138,0.0,2.012,ERR,ERR,ERR,ERR,ERR,ERR,ERR,ERR,ERR,ERR,ERR,ERR,ERR,ERR,ERR,ERR,ERR,ERR,ERR,ERR,ERR,ERR,ERR,ERR,ERR,ERR,ERR,ERR,ERR,ERR,ERR,ERR,ERR,ERR,ERR,ERR,ERR,ERR,ERR,ERR,ERR,ERR,ERR,ERR,ERR,ERR,ERR,ERR,ERR,ERR,ERR,ERR,ERR,ERR,ERR,ERR,ERR,ERR,ERR,ERR,ERR,ERR,ERR,ERR,ERR,ERR,ERR,60.0,60.0,35,0.0,0.0,0.0,0.0,0.0,0.0,0.0,0.0,0.0,0.0,0.0,0.0,0.0,0.0,0.0,0.0,65.6,0,119,58,35,65476,0,300,0,0,8,20529,65476,0,0,2621,60.0,0.0,0.0,0.0,0.0,0.0
2026-07-09T15:56:18,ERR,ERR,ERR,ERR,ERR,ERR,ERR,ERR,ERR,ERR,ERR,ERR,ERR,ERR,ERR,ERR,ERR,ERR,ERR,ERR,ERR,ERR,ERR,ERR,ERR,ERR,ERR,ERR,ERR,ERR,ERR,ERR,ERR,ERR,ERR,ERR,ERR,ERR,ERR,ERR,ERR,ERR,ERR,ERR,ERR,ERR,ERR,ERR,ERR,ERR,ERR,ERR,ERR,ERR,ERR,ERR,ERR,ERR,ERR,ERR,ERR,ERR,ERR,ERR,ERR,ERR,ERR,ERR,ERR,ERR,ERR,ERR,ERR,ERR,ERR,ERR,ERR,ERR,ERR,ERR,ERR,ERR,ERR,ERR,ERR,ERR,ERR,ERR,ERR,ERR,ERR,ERR,ERR,ERR,ERR,ERR,ERR,ERR,ERR,ERR,ERR,ERR,ERR,ERR,ERR,ERR,ERR,ERR,ERR,ERR,ERR,ERR,ERR,ERR,ERR,ERR,ERR,ERR,ERR,ERR,ERR,ERR,ERR,ERR,ERR,0.0,0.0,0.0,2.7183478752108883e+23,0.0,-0.0,-0.0,0.0,0,0,4,17325,7116,0.0,100,0.0,0.0,2.7183478752108883e+23,0.0,0.0,0,0,0,0,0.0,0,0,0,0,0,0,0,0,0,0,0,0,0,0,0,0,0,0,0,0,0,0,0,0,0,0,0,0,0,0,0,0,0,31,40,40,71,65476,0,300,0,0,8,21553,0.0,-107605600.0,0.0,0.0,0.0,0.0,0.0,0.0,0.0,0.0,0.0,0.0,0.0,0.0,0.0,0.0,0.0,0.0,0.0,0.0,0.0,0.0,-2.004,-2.004,0.0,0.0,0.0,0.0,0.0,0.0,5503.0,-0.0,6932.0,2.7184242562605685e+23,-0.0,2.004,2.004,0.0,0.0,0.0,0.0,69,1.905688671546245e+17,-0.0,0.0,0.0,0.0,0.0,0.0,0.0,0.0,0,0,0,0.0,0.0,0.0,0.0,0.0,0.0,0.0,0.0,0.0,0.0,0.0,0.0,0.0,0.0,0.0,0.0,0,-107875648.0,69,0.0,138,0.0,2.012,ERR,ERR,ERR,ERR,ERR,ERR,ERR,ERR,ERR,ERR,ERR,ERR,ERR,ERR,ERR,ERR,ERR,ERR,ERR,ERR,ERR,ERR,ERR,ERR,ERR,ERR,ERR,ERR,ERR,ERR,ERR,ERR,ERR,ERR,ERR,ERR,ERR,ERR,ERR,ERR,ERR,ERR,ERR,ERR,ERR,ERR,ERR,ERR,ERR,ERR,ERR,ERR,ERR,ERR,ERR,ERR,ERR,ERR,ERR,ERR,ERR,ERR,ERR,ERR,ERR,ERR,ERR,60.0,60.0,35,0.0,0.0,0.0,0.0,0.0,0.0,0.0,0.0,0.0,0.0,0.0,0.0,0.0,0.0,0.0,0.0,65.6,0,119,58,35,65476,0,300,0,0,8,20529,65476,0,0,2621,60.0,0.0,0.0,0.0,0.0,0.0
2026-07-09T15:56:19,ERR,ERR,ERR,ERR,ERR,ERR,ERR,ERR,ERR,ERR,ERR,ERR,ERR,ERR,ERR,ERR,ERR,ERR,ERR,ERR,ERR,ERR,ERR,ERR,ERR,ERR,ERR,ERR,ERR,ERR,ERR,ERR,ERR,ERR,ERR,ERR,ERR,ERR,ERR,ERR,ERR,ERR,ERR,ERR,ERR,ERR,ERR,ERR,ERR,ERR,ERR,ERR,ERR,ERR,ERR,ERR,ERR,ERR,ERR,ERR,ERR,ERR,ERR,ERR,ERR,ERR,ERR,ERR,ERR,ERR,ERR,ERR,ERR,ERR,ERR,ERR,ERR,ERR,ERR,ERR,ERR,ERR,ERR,ERR,ERR,ERR,ERR,ERR,ERR,ERR,ERR,ERR,ERR,ERR,ERR,ERR,ERR,ERR,ERR,ERR,ERR,ERR,ERR,ERR,ERR,ERR,ERR,ERR,ERR,ERR,ERR,ERR,ERR,ERR,ERR,ERR,ERR,ERR,ERR,ERR,ERR,ERR,ERR,ERR,ERR,0.0,0.0,0.0,2.7183478752108883e+23,0.0,-0.0,-0.0,0.0,0,0,4,17325,7116,0.0,100,0.0,0.0,2.7183478752108883e+23,0.0,0.0,0,0,0,0,0.0,0,0,0,0,0,0,0,0,0,0,0,0,0,0,0,0,0,0,0,0,0,0,0,0,0,0,0,0,0,0,0,0,0,31,40,40,71,65476,0,300,0,0,8,21553,0.0,-107605600.0,0.0,0.0,0.0,0.0,0.0,0.0,0.0,0.0,0.0,0.0,0.0,0.0,0.0,0.0,0.0,0.0,0.0,0.0,0.0,0.0,-2.004,-2.004,0.0,0.0,0.0,0.0,0.0,0.0,5503.0,-0.0,6932.0,2.7184242562605685e+23,-0.0,2.004,2.004,0.0,0.0,0.0,0.0,69,1.905688671546245e+17,-0.0,0.0,0.0,0.0,0.0,0.0,0.0,0.0,0,0,0,0.0,0.0,0.0,0.0,0.0,0.0,0.0,0.0,0.0,0.0,0.0,0.0,0.0,0.0,0.0,0.0,0,-107875648.0,69,0.0,138,0.0,2.012,ERR,ERR,ERR,ERR,ERR,ERR,ERR,ERR,ERR,ERR,ERR,ERR,ERR,ERR,ERR,ERR,ERR,ERR,ERR,ERR,ERR,ERR,ERR,ERR,ERR,ERR,ERR,ERR,ERR,ERR,ERR,ERR,ERR,ERR,ERR,ERR,ERR,ERR,ERR,ERR,ERR,ERR,ERR,ERR,ERR,ERR,ERR,ERR,ERR,ERR,ERR,ERR,ERR,ERR,ERR,ERR,ERR,ERR,ERR,ERR,ERR,ERR,ERR,ERR,ERR,ERR,ERR,60.0,60.0,35,0.0,0.0,0.0,0.0,0.0,0.0,0.0,0.0,0.0,0.0,0.0,0.0,0.0,0.0,0.0,0.0,65.6,0,119,58,35,65476,0,300,0,0,8,20529,65476,0,0,2621,60.0,0.0,0.0,0.0,0.0,0.0
2026-07-09T15:56:20,ERR,ERR,ERR,ERR,ERR,ERR,ERR,ERR,ERR,ERR,ERR,ERR,ERR,ERR,ERR,ERR,ERR,ERR,ERR,ERR,ERR,ERR,ERR,ERR,ERR,ERR,ERR,ERR,ERR,ERR,ERR,ERR,ERR,ERR,ERR,ERR,ERR,ERR,ERR,ERR,ERR,ERR,ERR,ERR,ERR,ERR,ERR,ERR,ERR,ERR,ERR,ERR,ERR,ERR,ERR,ERR,ERR,ERR,ERR,ERR,ERR,ERR,ERR,ERR,ERR,ERR,ERR,ERR,ERR,ERR,ERR,ERR,ERR,ERR,ERR,ERR,ERR,ERR,ERR,ERR,ERR,ERR,ERR,ERR,ERR,ERR,ERR,ERR,ERR,ERR,ERR,ERR,ERR,ERR,ERR,ERR,ERR,ERR,ERR,ERR,ERR,ERR,ERR,ERR,ERR,ERR,ERR,ERR,ERR,ERR,ERR,ERR,ERR,ERR,ERR,ERR,ERR,ERR,ERR,ERR,ERR,ERR,ERR,ERR,ERR,0.0,0.0,0.0,2.7183478752108883e+23,0.0,-0.0,-0.0,0.0,0,0,4,17325,7116,0.0,100,0.0,0.0,2.7183478752108883e+23,0.0,0.0,0,0,0,0,0.0,0,0,0,0,0,0,0,0,0,0,0,0,0,0,0,0,0,0,0,0,0,0,0,0,0,0,0,0,0,0,0,0,0,31,40,40,71,65476,0,300,0,0,8,21553,0.0,-107605600.0,0.0,0.0,0.0,0.0,0.0,0.0,0.0,0.0,0.0,0.0,0.0,0.0,0.0,0.0,0.0,0.0,0.0,0.0,0.0,0.0,-2.004,-2.004,0.0,0.0,0.0,0.0,0.0,0.0,5503.0,-0.0,6932.0,2.7184242562605685e+23,-0.0,2.004,2.004,0.0,0.0,0.0,0.0,69,1.905688671546245e+17,-0.0,0.0,0.0,0.0,0.0,0.0,0.0,0.0,0,0,0,0.0,0.0,0.0,0.0,0.0,0.0,0.0,0.0,0.0,0.0,0.0,0.0,0.0,0.0,0.0,0.0,0,-107875648.0,69,0.0,138,0.0,2.012,ERR,ERR,ERR,ERR,ERR,ERR,ERR,ERR,ERR,ERR,ERR,ERR,ERR,ERR,ERR,ERR,ERR,ERR,ERR,ERR,ERR,ERR,ERR,ERR,ERR,ERR,ERR,ERR,ERR,ERR,ERR,ERR,ERR,ERR,ERR,ERR,ERR,ERR,ERR,ERR,ERR,ERR,ERR,ERR,ERR,ERR,ERR,ERR,ERR,ERR,ERR,ERR,ERR,ERR,ERR,ERR,ERR,ERR,ERR,ERR,ERR,ERR,ERR,ERR,ERR,ERR,ERR,60.0,60.0,35,0.0,0.0,0.0,0.0,0.0,0.0,0.0,0.0,0.0,0.0,0.0,0.0,0.0,0.0,0.0,0.0,65.6,0,119,58,35,65476,0,300,0,0,8,20529,65476,0,0,2621,60.0,0.0,0.0,0.0,0.0,0.0
2026-07-09T15:56:21,ERR,ERR,ERR,ERR,ERR,ERR,ERR,ERR,ERR,ERR,ERR,ERR,ERR,ERR,ERR,ERR,ERR,ERR,ERR,ERR,ERR,ERR,ERR,ERR,ERR,ERR,ERR,ERR,ERR,ERR,ERR,ERR,ERR,ERR,ERR,ERR,ERR,ERR,ERR,ERR,ERR,ERR,ERR,ERR,ERR,ERR,ERR,ERR,ERR,ERR,ERR,ERR,ERR,ERR,ERR,ERR,ERR,ERR,ERR,ERR,ERR,ERR,ERR,ERR,ERR,ERR,ERR,ERR,ERR,ERR,ERR,ERR,ERR,ERR,ERR,ERR,ERR,ERR,ERR,ERR,ERR,ERR,ERR,ERR,ERR,ERR,ERR,ERR,ERR,ERR,ERR,ERR,ERR,ERR,ERR,ERR,ERR,ERR,ERR,ERR,ERR,ERR,ERR,ERR,ERR,ERR,ERR,ERR,ERR,ERR,ERR,ERR,ERR,ERR,ERR,ERR,ERR,ERR,ERR,ERR,ERR,ERR,ERR,ERR,ERR,0.0,0.0,0.0,2.7183478752108883e+23,0.0,-0.0,-0.0,0.0,0,0,4,17325,7116,0.0,100,0.0,0.0,2.7183478752108883e+23,0.0,0.0,0,0,0,0,0.0,0,0,0,0,0,0,0,0,0,0,0,0,0,0,0,0,0,0,0,0,0,0,0,0,0,0,0,0,0,0,0,0,0,31,40,40,71,65476,0,300,0,0,8,21553,0.0,-107605600.0,0.0,0.0,0.0,0.0,0.0,0.0,0.0,0.0,0.0,0.0,0.0,0.0,0.0,0.0,0.0,0.0,0.0,0.0,0.0,0.0,-2.004,-2.004,0.0,0.0,0.0,0.0,0.0,0.0,5503.0,-0.0,6932.0,2.7184242562605685e+23,-0.0,2.004,2.004,0.0,0.0,0.0,0.0,69,1.905688671546245e+17,-0.0,0.0,0.0,0.0,0.0,0.0,0.0,0.0,0,0,0,0.0,0.0,0.0,0.0,0.0,0.0,0.0,0.0,0.0,0.0,0.0,0.0,0.0,0.0,0.0,0.0,0,-107875648.0,69,0.0,138,0.0,2.012,ERR,ERR,ERR,ERR,ERR,ERR,ERR,ERR,ERR,ERR,ERR,ERR,ERR,ERR,ERR,ERR,ERR,ERR,ERR,ERR,ERR,ERR,ERR,ERR,ERR,ERR,ERR,ERR,ERR,ERR,ERR,ERR,ERR,ERR,ERR,ERR,ERR,ERR,ERR,ERR,ERR,ERR,ERR,ERR,ERR,ERR,ERR,ERR,ERR,ERR,ERR,ERR,ERR,ERR,ERR,ERR,ERR,ERR,ERR,ERR,ERR,ERR,ERR,ERR,ERR,ERR,ERR,60.0,60.0,35,0.0,0.0,0.0,0.0,0.0,0.0,0.0,0.0,0.0,0.0,0.0,0.0,0.0,0.0,0.0,0.0,65.6,0,119,58,35,65476,0,300,0,0,8,20529,65476,0,0,2621,60.0,0.0,0.0,0.0,0.0,0.0
2026-07-09T15:56:22,ERR,ERR,ERR,ERR,ERR,ERR,ERR,ERR,ERR,ERR,ERR,ERR,ERR,ERR,ERR,ERR,ERR,ERR,ERR,ERR,ERR,ERR,ERR,ERR,ERR,ERR,ERR,ERR,ERR,ERR,ERR,ERR,ERR,ERR,ERR,ERR,ERR,ERR,ERR,ERR,ERR,ERR,ERR,ERR,ERR,ERR,ERR,ERR,ERR,ERR,ERR,ERR,ERR,ERR,ERR,ERR,ERR,ERR,ERR,ERR,ERR,ERR,ERR,ERR,ERR,ERR,ERR,ERR,ERR,ERR,ERR,ERR,ERR,ERR,ERR,ERR,ERR,ERR,ERR,ERR,ERR,ERR,ERR,ERR,ERR,ERR,ERR,ERR,ERR,ERR,ERR,ERR,ERR,ERR,ERR,ERR,ERR,ERR,ERR,ERR,ERR,ERR,ERR,ERR,ERR,ERR,ERR,ERR,ERR,ERR,ERR,ERR,ERR,ERR,ERR,ERR,ERR,ERR,ERR,ERR,ERR,ERR,ERR,ERR,ERR,0.0,-0.0,0.0,0.0,0.0,1.8009158852790515e+21,5.035119499424345e+24,0.0,0,0,4,17321,7116,0.0,100,0.0,0.0,0.0,0.0,0.0,0,0,0,0,0.0,0,0,0,0,0,0,0,0,0,0,0,0,0,0,0,0,0,0,0,0,0,0,0,0,0,0,0,0,0,0,0,0,0,31,40,40,71,65476,0,300,0,0,8,21553,0.0,-107605600.0,0.0,0.0,0.0,0.0,0.0,0.0,0.0,0.0,0.0,0.0,0.0,0.0,0.0,0.0,0.0,0.0,0.0,0.0,0.0,0.0,-2.004,0.0,0.0,0.0,0.0,0.0,0.0,0.0,5480.0,-0.0,6929.0,0.0,2.71844587353878e+23,2.004,2.004,0.0,0.0,0.0,0.0,69,-2.3088308660914776e+20,-0.0,0.0,0.0,0.0,0.0,0.0,0.0,0.0,0,0,0,0.0,0.0,0.0,0.0,0.0,0.0,0.0,0.0,0.0,0.0,0.0,0.0,0.0,0.0,0.0,0.0,0,-107875648.0,69,0.0,138,0.0,2.012,ERR,ERR,ERR,ERR,ERR,ERR,ERR,ERR,ERR,ERR,ERR,ERR,ERR,ERR,ERR,ERR,ERR,ERR,ERR,ERR,ERR,ERR,ERR,ERR,ERR,ERR,ERR,ERR,ERR,ERR,ERR,ERR,ERR,ERR,ERR,ERR,ERR,ERR,ERR,ERR,ERR,ERR,ERR,ERR,ERR,ERR,ERR,ERR,ERR,ERR,ERR,ERR,ERR,ERR,ERR,ERR,ERR,ERR,ERR,ERR,ERR,ERR,ERR,ERR,ERR,ERR,ERR,60.0,60.0,35,0.0,0.0,0.0,0.0,0.0,0.0,0.0,0.0,0.0,0.0,0.0,0.0,0.0,0.0,0.0,0.0,65.6,0,119,58,35,65476,0,300,0,0,8,20529,65476,0,0,2621,60.0,0.0,0.0,0.0,0.0,0.0
2026-07-09T15:56:23,ERR,ERR,ERR,ERR,ERR,ERR,ERR,ERR,ERR,ERR,ERR,ERR,ERR,ERR,ERR,ERR,ERR,ERR,ERR,ERR,ERR,ERR,ERR,ERR,ERR,ERR,ERR,ERR,ERR,ERR,ERR,ERR,ERR,ERR,ERR,ERR,ERR,ERR,ERR,ERR,ERR,ERR,ERR,ERR,ERR,ERR,ERR,ERR,ERR,ERR,ERR,ERR,ERR,ERR,ERR,ERR,ERR,ERR,ERR,ERR,ERR,ERR,ERR,ERR,ERR,ERR,ERR,ERR,ERR,ERR,ERR,ERR,ERR,ERR,ERR,ERR,ERR,ERR,ERR,ERR,ERR,ERR,ERR,ERR,ERR,ERR,ERR,ERR,ERR,ERR,ERR,ERR,ERR,ERR,ERR,ERR,ERR,ERR,ERR,ERR,ERR,ERR,ERR,ERR,ERR,ERR,ERR,ERR,ERR,ERR,ERR,ERR,ERR,ERR,ERR,ERR,ERR,ERR,ERR,ERR,ERR,ERR,ERR,ERR,ERR,0.0,-0.0,0.0,0.0,0.0,1.8009158852790515e+21,5.035119499424345e+24,0.0,0,0,4,17321,7116,0.0,100,0.0,0.0,0.0,0.0,0.0,0,0,0,0,0.0,0,0,0,0,0,0,0,0,0,0,0,0,0,0,0,0,0,0,0,0,0,0,0,0,0,0,0,0,0,0,0,0,0,31,40,40,71,65476,0,300,0,0,8,21553,0.0,-107605600.0,0.0,0.0,0.0,0.0,0.0,0.0,0.0,0.0,0.0,0.0,0.0,0.0,0.0,0.0,0.0,0.0,0.0,0.0,0.0,0.0,-2.004,0.0,0.0,0.0,0.0,0.0,0.0,0.0,5480.0,-0.0,6929.0,0.0,2.71844587353878e+23,2.004,2.004,0.0,0.0,0.0,0.0,69,-2.3088308660914776e+20,-0.0,0.0,0.0,0.0,0.0,0.0,0.0,0.0,0,0,0,0.0,0.0,0.0,0.0,0.0,0.0,0.0,0.0,0.0,0.0,0.0,0.0,0.0,0.0,0.0,0.0,0,-107875648.0,69,0.0,138,0.0,2.012,ERR,ERR,ERR,ERR,ERR,ERR,ERR,ERR,ERR,ERR,ERR,ERR,ERR,ERR,ERR,ERR,ERR,ERR,ERR,ERR,ERR,ERR,ERR,ERR,ERR,ERR,ERR,ERR,ERR,ERR,ERR,ERR,ERR,ERR,ERR,ERR,ERR,ERR,ERR,ERR,ERR,ERR,ERR,ERR,ERR,ERR,ERR,ERR,ERR,ERR,ERR,ERR,ERR,ERR,ERR,ERR,ERR,ERR,ERR,ERR,ERR,ERR,ERR,ERR,ERR,ERR,ERR,60.0,60.0,35,0.0,0.0,0.0,0.0,0.0,0.0,0.0,0.0,0.0,0.0,0.0,0.0,0.0,0.0,0.0,0.0,65.6,0,119,58,35,65476,0,300,0,0,8,20529,65476,0,0,2621,60.0,0.0,0.0,0.0,0.0,0.0
2026-07-09T15:56:24,ERR,ERR,ERR,ERR,ERR,ERR,ERR,ERR,ERR,ERR,ERR,ERR,ERR,ERR,ERR,ERR,ERR,ERR,ERR,ERR,ERR,ERR,ERR,ERR,ERR,ERR,ERR,ERR,ERR,ERR,ERR,ERR,ERR,ERR,ERR,ERR,ERR,ERR,ERR,ERR,ERR,ERR,ERR,ERR,ERR,ERR,ERR,ERR,ERR,ERR,ERR,ERR,ERR,ERR,ERR,ERR,ERR,ERR,ERR,ERR,ERR,ERR,ERR,ERR,ERR,ERR,ERR,ERR,ERR,ERR,ERR,ERR,ERR,ERR,ERR,ERR,ERR,ERR,ERR,ERR,ERR,ERR,ERR,ERR,ERR,ERR,ERR,ERR,ERR,ERR,ERR,ERR,ERR,ERR,ERR,ERR,ERR,ERR,ERR,ERR,ERR,ERR,ERR,ERR,ERR,ERR,ERR,ERR,ERR,ERR,ERR,ERR,ERR,ERR,ERR,ERR,ERR,ERR,ERR,ERR,ERR,ERR,ERR,ERR,ERR,0.0,-0.0,0.0,0.0,0.0,1.8009158852790515e+21,5.035119499424345e+24,0.0,0,0,4,17321,7116,0.0,100,0.0,0.0,0.0,0.0,0.0,0,0,0,0,0.0,0,0,0,0,0,0,0,0,0,0,0,0,0,0,0,0,0,0,0,0,0,0,0,0,0,0,0,0,0,0,0,0,0,31,40,40,71,65476,0,300,0,0,8,21553,0.0,-107605600.0,0.0,0.0,0.0,0.0,0.0,0.0,0.0,0.0,0.0,0.0,0.0,0.0,0.0,0.0,0.0,0.0,0.0,0.0,0.0,0.0,-2.004,0.0,0.0,0.0,0.0,0.0,0.0,0.0,5480.0,-0.0,6929.0,0.0,2.71844587353878e+23,2.004,2.004,0.0,0.0,0.0,0.0,69,-2.3088308660914776e+20,-0.0,0.0,0.0,0.0,0.0,0.0,0.0,0.0,0,0,0,0.0,0.0,0.0,0.0,0.0,0.0,0.0,0.0,0.0,0.0,0.0,0.0,0.0,0.0,0.0,0.0,0,-107875648.0,69,0.0,138,0.0,2.012,ERR,ERR,ERR,ERR,ERR,ERR,ERR,ERR,ERR,ERR,ERR,ERR,ERR,ERR,ERR,ERR,ERR,ERR,ERR,ERR,ERR,ERR,ERR,ERR,ERR,ERR,ERR,ERR,ERR,ERR,ERR,ERR,ERR,ERR,ERR,ERR,ERR,ERR,ERR,ERR,ERR,ERR,ERR,ERR,ERR,ERR,ERR,ERR,ERR,ERR,ERR,ERR,ERR,ERR,ERR,ERR,ERR,ERR,ERR,ERR,ERR,ERR,ERR,ERR,ERR,ERR,ERR,60.0,60.0,35,0.0,0.0,0.0,0.0,0.0,0.0,0.0,0.0,0.0,0.0,0.0,0.0,0.0,0.0,0.0,0.0,65.6,0,119,58,35,65476,0,300,0,0,8,20529,65476,0,0,2621,60.0,0.0,0.0,0.0,0.0,0.0
2026-07-09T15:56:25,ERR,ERR,ERR,ERR,ERR,ERR,ERR,ERR,ERR,ERR,ERR,ERR,ERR,ERR,ERR,ERR,ERR,ERR,ERR,ERR,ERR,ERR,ERR,ERR,ERR,ERR,ERR,ERR,ERR,ERR,ERR,ERR,ERR,ERR,ERR,ERR,ERR,ERR,ERR,ERR,ERR,ERR,ERR,ERR,ERR,ERR,ERR,ERR,ERR,ERR,ERR,ERR,ERR,ERR,ERR,ERR,ERR,ERR,ERR,ERR,ERR,ERR,ERR,ERR,ERR,ERR,ERR,ERR,ERR,ERR,ERR,ERR,ERR,ERR,ERR,ERR,ERR,ERR,ERR,ERR,ERR,ERR,ERR,ERR,ERR,ERR,ERR,ERR,ERR,ERR,ERR,ERR,ERR,ERR,ERR,ERR,ERR,ERR,ERR,ERR,ERR,ERR,ERR,ERR,ERR,ERR,ERR,ERR,ERR,ERR,ERR,ERR,ERR,ERR,ERR,ERR,ERR,ERR,ERR,ERR,ERR,ERR,ERR,ERR,ERR,0.0,-0.0,0.0,0.0,0.0,1.8009158852790515e+21,5.035119499424345e+24,0.0,0,0,4,17321,7116,0.0,100,0.0,0.0,0.0,0.0,0.0,0,0,0,0,0.0,0,0,0,0,0,0,0,0,0,0,0,0,0,0,0,0,0,0,0,0,0,0,0,0,0,0,0,0,0,0,0,0,0,31,40,40,71,65476,0,300,0,0,8,21553,0.0,-107605600.0,0.0,0.0,0.0,0.0,0.0,0.0,0.0,0.0,0.0,0.0,0.0,0.0,0.0,0.0,0.0,0.0,0.0,0.0,0.0,0.0,-2.004,0.0,0.0,0.0,0.0,0.0,0.0,0.0,5480.0,-0.0,6929.0,0.0,2.71844587353878e+23,2.004,2.004,0.0,0.0,0.0,0.0,69,-2.3088308660914776e+20,-0.0,0.0,0.0,0.0,0.0,0.0,0.0,0.0,0,0,0,0.0,0.0,0.0,0.0,0.0,0.0,0.0,0.0,0.0,0.0,0.0,0.0,0.0,0.0,0.0,0.0,0,-107875648.0,69,0.0,138,0.0,2.012,ERR,ERR,ERR,ERR,ERR,ERR,ERR,ERR,ERR,ERR,ERR,ERR,ERR,ERR,ERR,ERR,ERR,ERR,ERR,ERR,ERR,ERR,ERR,ERR,ERR,ERR,ERR,ERR,ERR,ERR,ERR,ERR,ERR,ERR,ERR,ERR,ERR,ERR,ERR,ERR,ERR,ERR,ERR,ERR,ERR,ERR,ERR,ERR,ERR,ERR,ERR,ERR,ERR,ERR,ERR,ERR,ERR,ERR,ERR,ERR,ERR,ERR,ERR,ERR,ERR,ERR,ERR,60.0,60.0,35,0.0,0.0,0.0,0.0,0.0,0.0,0.0,0.0,0.0,0.0,0.0,0.0,0.0,0.0,0.0,0.0,66.0,0,120,58,35,65476,0,300,0,0,8,20529,65476,0,0,2621,60.0,0.0,0.0,0.0,0.0,0.0
2026-07-09T15:56:26,ERR,ERR,ERR,ERR,ERR,ERR,ERR,ERR,ERR,ERR,ERR,ERR,ERR,ERR,ERR,ERR,ERR,ERR,ERR,ERR,ERR,ERR,ERR,ERR,ERR,ERR,ERR,ERR,ERR,ERR,ERR,ERR,ERR,ERR,ERR,ERR,ERR,ERR,ERR,ERR,ERR,ERR,ERR,ERR,ERR,ERR,ERR,ERR,ERR,ERR,ERR,ERR,ERR,ERR,ERR,ERR,ERR,ERR,ERR,ERR,ERR,ERR,ERR,ERR,ERR,ERR,ERR,ERR,ERR,ERR,ERR,ERR,ERR,ERR,ERR,ERR,ERR,ERR,ERR,ERR,ERR,ERR,ERR,ERR,ERR,ERR,ERR,ERR,ERR,ERR,ERR,ERR,ERR,ERR,ERR,ERR,ERR,ERR,ERR,ERR,ERR,ERR,ERR,ERR,ERR,ERR,ERR,ERR,ERR,ERR,ERR,ERR,ERR,ERR,ERR,ERR,ERR,ERR,ERR,ERR,ERR,ERR,ERR,ERR,ERR,0.0,-0.0,0.0,0.0,0.0,1.8009158852790515e+21,5.035119499424345e+24,0.0,0,0,4,17321,7116,0.0,100,0.0,0.0,0.0,0.0,0.0,0,0,0,0,0.0,0,0,0,0,0,0,0,0,0,0,0,0,0,0,0,0,0,0,0,0,0,0,0,0,0,0,0,0,0,0,0,0,0,31,40,40,71,65476,0,300,0,0,8,21553,0.0,-107605600.0,0.0,0.0,0.0,0.0,0.0,0.0,0.0,0.0,0.0,0.0,0.0,0.0,0.0,0.0,0.0,0.0,0.0,0.0,0.0,0.0,-2.004,0.0,0.0,0.0,0.0,0.0,0.0,0.0,5480.0,-0.0,6929.0,0.0,2.71844587353878e+23,2.004,2.004,0.0,0.0,0.0,0.0,69,-2.3088308660914776e+20,-0.0,0.0,0.0,0.0,0.0,0.0,0.0,0.0,0,0,0,0.0,0.0,0.0,0.0,0.0,0.0,0.0,0.0,0.0,0.0,0.0,0.0,0.0,0.0,0.0,0.0,0,-107875648.0,69,0.0,138,0.0,2.012,ERR,ERR,ERR,ERR,ERR,ERR,ERR,ERR,ERR,ERR,ERR,ERR,ERR,ERR,ERR,ERR,ERR,ERR,ERR,ERR,ERR,ERR,ERR,ERR,ERR,ERR,ERR,ERR,ERR,ERR,ERR,ERR,ERR,ERR,ERR,ERR,ERR,ERR,ERR,ERR,ERR,ERR,ERR,ERR,ERR,ERR,ERR,ERR,ERR,ERR,ERR,ERR,ERR,ERR,ERR,ERR,ERR,ERR,ERR,ERR,ERR,ERR,ERR,ERR,ERR,ERR,ERR,60.0,60.0,35,0.0,0.0,0.0,0.0,0.0,0.0,0.0,0.0,0.0,0.0,0.0,0.0,0.0,0.0,0.0,0.0,66.0,0,120,58,35,65476,0,300,0,0,8,20529,65476,0,0,2621,60.0,0.0,0.0,0.0,0.0,0.0
2026-07-09T15:56:27,ERR,ERR,ERR,ERR,ERR,ERR,ERR,ERR,ERR,ERR,ERR,ERR,ERR,ERR,ERR,ERR,ERR,ERR,ERR,ERR,ERR,ERR,ERR,ERR,ERR,ERR,ERR,ERR,ERR,ERR,ERR,ERR,ERR,ERR,ERR,ERR,ERR,ERR,ERR,ERR,ERR,ERR,ERR,ERR,ERR,ERR,ERR,ERR,ERR,ERR,ERR,ERR,ERR,ERR,ERR,ERR,ERR,ERR,ERR,ERR,ERR,ERR,ERR,ERR,ERR,ERR,ERR,ERR,ERR,ERR,ERR,ERR,ERR,ERR,ERR,ERR,ERR,ERR,ERR,ERR,ERR,ERR,ERR,ERR,ERR,ERR,ERR,ERR,ERR,ERR,ERR,ERR,ERR,ERR,ERR,ERR,ERR,ERR,ERR,ERR,ERR,ERR,ERR,ERR,ERR,ERR,ERR,ERR,ERR,ERR,ERR,ERR,ERR,ERR,ERR,ERR,ERR,ERR,ERR,ERR,ERR,ERR,ERR,ERR,ERR,2.7184242562605685e+23,0.0,-0.0,0.0,0.0,-0.0,-0.0,-0.0,0,0,4,17323,7116,0.0,100,0.0,0.0,0.0,0.0,0.0,0,0,0,0,0.0,0,0,0,0,0,0,0,0,0,0,0,0,0,0,0,0,0,0,0,0,0,0,0,0,0,0,0,0,0,0,0,0,0,31,40,40,71,65476,0,300,0,0,8,21553,0.0,-107605600.0,0.0,0.0,0.0,0.0,0.0,0.0,0.0,0.0,0.0,0.0,0.0,0.0,0.0,0.0,0.0,0.0,0.0,0.0,0.0,0.0,0.0,-0.0,0.0,0.0,0.0,0.0,0.0,0.0,5491.0,-0.0,6929.0,2.7184242562605685e+23,-107616040.0,2.004,2.004,0.0,0.0,0.0,0.0,69,0.0,-0.0,0.0,0.0,0.0,0.0,0.0,0.0,0.0,0,0,0,0.0,0.0,0.0,0.0,0.0,0.0,0.0,0.0,0.0,0.0,0.0,0.0,0.0,0.0,0.0,0.0,0,-107875648.0,69,0.0,138,0.0,2.012,ERR,ERR,ERR,ERR,ERR,ERR,ERR,ERR,ERR,ERR,ERR,ERR,ERR,ERR,ERR,ERR,ERR,ERR,ERR,ERR,ERR,ERR,ERR,ERR,ERR,ERR,ERR,ERR,ERR,ERR,ERR,ERR,ERR,ERR,ERR,ERR,ERR,ERR,ERR,ERR,ERR,ERR,ERR,ERR,ERR,ERR,ERR,ERR,ERR,ERR,ERR,ERR,ERR,ERR,ERR,ERR,ERR,ERR,ERR,ERR,ERR,ERR,ERR,ERR,ERR,ERR,ERR,60.0,60.0,35,0.0,0.0,0.0,0.0,0.0,0.0,0.0,0.0,0.0,0.0,0.0,0.0,0.0,0.0,0.0,0.0,65.6,0,120,58,35,65476,0,300,0,0,8,20529,65476,0,0,2621,60.0,0.0,0.0,0.0,0.0,0.0
2026-07-09T15:56:28,ERR,ERR,ERR,ERR,ERR,ERR,ERR,ERR,ERR,ERR,ERR,ERR,ERR,ERR,ERR,ERR,ERR,ERR,ERR,ERR,ERR,ERR,ERR,ERR,ERR,ERR,ERR,ERR,ERR,ERR,ERR,ERR,ERR,ERR,ERR,ERR,ERR,ERR,ERR,ERR,ERR,ERR,ERR,ERR,ERR,ERR,ERR,ERR,ERR,ERR,ERR,ERR,ERR,ERR,ERR,ERR,ERR,ERR,ERR,ERR,ERR,ERR,ERR,ERR,ERR,ERR,ERR,ERR,ERR,ERR,ERR,ERR,ERR,ERR,ERR,ERR,ERR,ERR,ERR,ERR,ERR,ERR,ERR,ERR,ERR,ERR,ERR,ERR,ERR,ERR,ERR,ERR,ERR,ERR,ERR,ERR,ERR,ERR,ERR,ERR,ERR,ERR,ERR,ERR,ERR,ERR,ERR,ERR,ERR,ERR,ERR,ERR,ERR,ERR,ERR,ERR,ERR,ERR,ERR,ERR,ERR,ERR,ERR,ERR,ERR,2.7184242562605685e+23,0.0,-0.0,0.0,0.0,-0.0,-0.0,-0.0,0,0,4,17323,7116,0.0,100,0.0,0.0,0.0,0.0,0.0,0,0,0,0,0.0,0,0,0,0,0,0,0,0,0,0,0,0,0,0,0,0,0,0,0,0,0,0,0,0,0,0,0,0,0,0,0,0,0,31,40,40,71,65476,0,300,0,0,8,21553,0.0,-107605600.0,0.0,0.0,0.0,0.0,0.0,0.0,0.0,0.0,0.0,0.0,0.0,0.0,0.0,0.0,0.0,0.0,0.0,0.0,0.0,0.0,0.0,-0.0,0.0,0.0,0.0,0.0,0.0,0.0,5491.0,-0.0,6929.0,2.7184242562605685e+23,-107616040.0,2.004,2.004,0.0,0.0,0.0,0.0,69,0.0,-0.0,0.0,0.0,0.0,0.0,0.0,0.0,0.0,0,0,0,0.0,0.0,0.0,0.0,0.0,0.0,0.0,0.0,0.0,0.0,0.0,0.0,0.0,0.0,0.0,0.0,0,-107875648.0,69,0.0,138,0.0,2.012,ERR,ERR,ERR,ERR,ERR,ERR,ERR,ERR,ERR,ERR,ERR,ERR,ERR,ERR,ERR,ERR,ERR,ERR,ERR,ERR,ERR,ERR,ERR,ERR,ERR,ERR,ERR,ERR,ERR,ERR,ERR,ERR,ERR,ERR,ERR,ERR,ERR,ERR,ERR,ERR,ERR,ERR,ERR,ERR,ERR,ERR,ERR,ERR,ERR,ERR,ERR,ERR,ERR,ERR,ERR,ERR,ERR,ERR,ERR,ERR,ERR,ERR,ERR,ERR,ERR,ERR,ERR,60.0,60.0,35,0.0,0.0,0.0,0.0,0.0,0.0,0.0,0.0,0.0,0.0,0.0,0.0,0.0,0.0,0.0,0.0,65.6,0,120,58,35,65476,0,300,0,0,8,20529,65476,0,0,2621,60.0,0.0,0.0,0.0,0.0,0.0
2026-07-09T15:56:29,ERR,ERR,ERR,ERR,ERR,ERR,ERR,ERR,ERR,ERR,ERR,ERR,ERR,ERR,ERR,ERR,ERR,ERR,ERR,ERR,ERR,ERR,ERR,ERR,ERR,ERR,ERR,ERR,ERR,ERR,ERR,ERR,ERR,ERR,ERR,ERR,ERR,ERR,ERR,ERR,ERR,ERR,ERR,ERR,ERR,ERR,ERR,ERR,ERR,ERR,ERR,ERR,ERR,ERR,ERR,ERR,ERR,ERR,ERR,ERR,ERR,ERR,ERR,ERR,ERR,ERR,ERR,ERR,ERR,ERR,ERR,ERR,ERR,ERR,ERR,ERR,ERR,ERR,ERR,ERR,ERR,ERR,ERR,ERR,ERR,ERR,ERR,ERR,ERR,ERR,ERR,ERR,ERR,ERR,ERR,ERR,ERR,ERR,ERR,ERR,ERR,ERR,ERR,ERR,ERR,ERR,ERR,ERR,ERR,ERR,ERR,ERR,ERR,ERR,ERR,ERR,ERR,ERR,ERR,ERR,ERR,ERR,ERR,ERR,ERR,2.7184242562605685e+23,0.0,-0.0,0.0,0.0,-0.0,-0.0,-0.0,0,0,4,17323,7116,0.0,100,0.0,0.0,0.0,0.0,0.0,0,0,0,0,0.0,0,0,0,0,0,0,0,0,0,0,0,0,0,0,0,0,0,0,0,0,0,0,0,0,0,0,0,0,0,0,0,0,0,31,40,40,71,65476,0,300,0,0,8,21553,0.0,-107605600.0,0.0,0.0,0.0,0.0,0.0,0.0,0.0,0.0,0.0,0.0,0.0,0.0,0.0,0.0,0.0,0.0,0.0,0.0,0.0,0.0,0.0,-0.0,0.0,0.0,0.0,0.0,0.0,0.0,5491.0,-0.0,6929.0,2.7184242562605685e+23,-107616040.0,2.004,2.004,0.0,0.0,0.0,0.0,69,0.0,-0.0,0.0,0.0,0.0,0.0,0.0,0.0,0.0,0,0,0,0.0,0.0,0.0,0.0,0.0,0.0,0.0,0.0,0.0,0.0,0.0,0.0,0.0,0.0,0.0,0.0,0,-107875648.0,69,0.0,138,0.0,2.012,ERR,ERR,ERR,ERR,ERR,ERR,ERR,ERR,ERR,ERR,ERR,ERR,ERR,ERR,ERR,ERR,ERR,ERR,ERR,ERR,ERR,ERR,ERR,ERR,ERR,ERR,ERR,ERR,ERR,ERR,ERR,ERR,ERR,ERR,ERR,ERR,ERR,ERR,ERR,ERR,ERR,ERR,ERR,ERR,ERR,ERR,ERR,ERR,ERR,ERR,ERR,ERR,ERR,ERR,ERR,ERR,ERR,ERR,ERR,ERR,ERR,ERR,ERR,ERR,ERR,ERR,ERR,60.0,60.0,35,0.0,0.0,0.0,0.0,0.0,0.0,0.0,0.0,0.0,0.0,0.0,0.0,0.0,0.0,0.0,0.0,65.6,0,120,58,35,65476,0,300,0,0,8,20529,65476,0,0,2621,60.0,0.0,0.0,0.0,0.0,0.0
2026-07-09T15:56:30,ERR,ERR,ERR,ERR,ERR,ERR,ERR,ERR,ERR,ERR,ERR,ERR,ERR,ERR,ERR,ERR,ERR,ERR,ERR,ERR,ERR,ERR,ERR,ERR,ERR,ERR,ERR,ERR,ERR,ERR,ERR,ERR,ERR,ERR,ERR,ERR,ERR,ERR,ERR,ERR,ERR,ERR,ERR,ERR,ERR,ERR,ERR,ERR,ERR,ERR,ERR,ERR,ERR,ERR,ERR,ERR,ERR,ERR,ERR,ERR,ERR,ERR,ERR,ERR,ERR,ERR,ERR,ERR,ERR,ERR,ERR,ERR,ERR,ERR,ERR,ERR,ERR,ERR,ERR,ERR,ERR,ERR,ERR,ERR,ERR,ERR,ERR,ERR,ERR,ERR,ERR,ERR,ERR,ERR,ERR,ERR,ERR,ERR,ERR,ERR,ERR,ERR,ERR,ERR,ERR,ERR,ERR,ERR,ERR,ERR,ERR,ERR,ERR,ERR,ERR,ERR,ERR,ERR,ERR,ERR,ERR,ERR,ERR,ERR,ERR,2.7184242562605685e+23,0.0,-0.0,0.0,0.0,-0.0,-0.0,-0.0,0,0,4,17323,7116,0.0,100,0.0,0.0,0.0,0.0,0.0,0,0,0,0,0.0,0,0,0,0,0,0,0,0,0,0,0,0,0,0,0,0,0,0,0,0,0,0,0,0,0,0,0,0,0,0,0,0,0,31,40,40,71,65476,0,300,0,0,8,21553,0.0,-107605600.0,0.0,0.0,0.0,0.0,0.0,0.0,0.0,0.0,0.0,0.0,0.0,0.0,0.0,0.0,0.0,0.0,0.0,0.0,0.0,0.0,0.0,-0.0,0.0,0.0,0.0,0.0,0.0,0.0,5491.0,-0.0,6929.0,2.7184242562605685e+23,-107616040.0,2.004,2.004,0.0,0.0,0.0,0.0,69,0.0,-0.0,0.0,0.0,0.0,0.0,0.0,0.0,0.0,0,0,0,0.0,0.0,0.0,0.0,0.0,0.0,0.0,0.0,0.0,0.0,0.0,0.0,0.0,0.0,0.0,0.0,0,-107875648.0,69,0.0,138,0.0,2.012,ERR,ERR,ERR,ERR,ERR,ERR,ERR,ERR,ERR,ERR,ERR,ERR,ERR,ERR,ERR,ERR,ERR,ERR,ERR,ERR,ERR,ERR,ERR,ERR,ERR,ERR,ERR,ERR,ERR,ERR,ERR,ERR,ERR,ERR,ERR,ERR,ERR,ERR,ERR,ERR,ERR,ERR,ERR,ERR,ERR,ERR,ERR,ERR,ERR,ERR,ERR,ERR,ERR,ERR,ERR,ERR,ERR,ERR,ERR,ERR,ERR,ERR,ERR,ERR,ERR,ERR,ERR,60.0,60.0,35,0.0,0.0,0.0,0.0,0.0,0.0,0.0,0.0,0.0,0.0,0.0,0.0,0.0,0.0,0.0,0.0,65.6,0,120,58,35,65476,0,300,0,0,8,20529,65476,0,0,2621,60.0,0.0,0.0,0.0,0.0,0.0
2026-07-09T15:56:31,ERR,ERR,ERR,ERR,ERR,ERR,ERR,ERR,ERR,ERR,ERR,ERR,ERR,ERR,ERR,ERR,ERR,ERR,ERR,ERR,ERR,ERR,ERR,ERR,ERR,ERR,ERR,ERR,ERR,ERR,ERR,ERR,ERR,ERR,ERR,ERR,ERR,ERR,ERR,ERR,ERR,ERR,ERR,ERR,ERR,ERR,ERR,ERR,ERR,ERR,ERR,ERR,ERR,ERR,ERR,ERR,ERR,ERR,ERR,ERR,ERR,ERR,ERR,ERR,ERR,ERR,ERR,ERR,ERR,ERR,ERR,ERR,ERR,ERR,ERR,ERR,ERR,ERR,ERR,ERR,ERR,ERR,ERR,ERR,ERR,ERR,ERR,ERR,ERR,ERR,ERR,ERR,ERR,ERR,ERR,ERR,ERR,ERR,ERR,ERR,ERR,ERR,ERR,ERR,ERR,ERR,ERR,ERR,ERR,ERR,ERR,ERR,ERR,ERR,ERR,ERR,ERR,ERR,ERR,ERR,ERR,ERR,ERR,ERR,ERR,2.7184242562605685e+23,0.0,-0.0,0.0,0.0,-0.0,-0.0,-0.0,0,0,4,17323,7116,0.0,100,0.0,0.0,0.0,0.0,0.0,0,0,0,0,0.0,0,0,0,0,0,0,0,0,0,0,0,0,0,0,0,0,0,0,0,0,0,0,0,0,0,0,0,0,0,0,0,0,0,31,40,40,71,65476,0,300,0,0,8,21553,0.0,-107605600.0,0.0,0.0,0.0,0.0,0.0,0.0,0.0,0.0,0.0,0.0,0.0,0.0,0.0,0.0,0.0,0.0,0.0,0.0,0.0,0.0,0.0,-0.0,0.0,0.0,0.0,0.0,0.0,0.0,5491.0,-0.0,6929.0,2.7184242562605685e+23,-107616040.0,2.004,2.004,0.0,0.0,0.0,0.0,69,0.0,-0.0,0.0,0.0,0.0,0.0,0.0,0.0,0.0,0,0,0,0.0,0.0,0.0,0.0,0.0,0.0,0.0,0.0,0.0,0.0,0.0,0.0,0.0,0.0,0.0,0.0,0,-107875648.0,69,0.0,138,0.0,2.012,ERR,ERR,ERR,ERR,ERR,ERR,ERR,ERR,ERR,ERR,ERR,ERR,ERR,ERR,ERR,ERR,ERR,ERR,ERR,ERR,ERR,ERR,ERR,ERR,ERR,ERR,ERR,ERR,ERR,ERR,ERR,ERR,ERR,ERR,ERR,ERR,ERR,ERR,ERR,ERR,ERR,ERR,ERR,ERR,ERR,ERR,ERR,ERR,ERR,ERR,ERR,ERR,ERR,ERR,ERR,ERR,ERR,ERR,ERR,ERR,ERR,ERR,ERR,ERR,ERR,ERR,ERR,60.0,60.0,35,0.0,0.0,0.0,0.0,0.0,0.0,0.0,0.0,0.0,0.0,0.0,0.0,0.0,0.0,0.0,0.0,65.6,0,120,58,35,65476,0,300,0,0,8,20529,65476,0,0,2621,60.0,0.0,0.0,0.0,0.0,0.0
2026-07-09T15:56:32,ERR,ERR,ERR,ERR,ERR,ERR,ERR,ERR,ERR,ERR,ERR,ERR,ERR,ERR,ERR,ERR,ERR,ERR,ERR,ERR,ERR,ERR,ERR,ERR,ERR,ERR,ERR,ERR,ERR,ERR,ERR,ERR,ERR,ERR,ERR,ERR,ERR,ERR,ERR,ERR,ERR,ERR,ERR,ERR,ERR,ERR,ERR,ERR,ERR,ERR,ERR,ERR,ERR,ERR,ERR,ERR,ERR,ERR,ERR,ERR,ERR,ERR,ERR,ERR,ERR,ERR,ERR,ERR,ERR,ERR,ERR,ERR,ERR,ERR,ERR,ERR,ERR,ERR,ERR,ERR,ERR,ERR,ERR,ERR,ERR,ERR,ERR,ERR,ERR,ERR,ERR,ERR,ERR,ERR,ERR,ERR,ERR,ERR,ERR,ERR,ERR,ERR,ERR,ERR,ERR,ERR,ERR,ERR,ERR,ERR,ERR,ERR,ERR,ERR,ERR,ERR,ERR,ERR,ERR,ERR,ERR,ERR,ERR,ERR,ERR,2.7184242562605685e+23,0.0,-0.0,2.7183478752108883e+23,0.0,1.1714359910277533e+29,1.6818435767083646e+31,0.0,0,0,4,17321,7116,0.0,100,0.0,0.0,2.7183478752108883e+23,0.0,0.0,0,0,0,0,0.0,0,0,0,0,0,0,0,0,0,0,0,0,0,0,0,0,0,0,0,0,0,0,0,0,0,0,0,0,0,0,0,0,0,31,40,40,71,65476,0,300,0,0,8,21553,0.0,-107605600.0,0.0,0.0,0.0,0.0,0.0,0.0,0.0,0.0,0.0,0.0,0.0,0.0,0.0,0.0,0.0,0.0,0.0,0.0,0.0,0.0,0.0,0.0,0.0,0.0,0.0,0.0,0.0,0.0,5494.0,3.697192730694464e+19,6924.0,2.7184242562605685e+23,-107616032.0,2.004,2.004,0.0,0.0,0.0,0.0,69,89220.695,126840692736.0,0.0,0.0,0.0,0.0,0.0,0.0,0.0,0,0,0,0.0,0.0,0.0,0.0,0.0,0.0,0.0,0.0,0.0,0.0,0.0,0.0,0.0,0.0,0.0,0.0,0,-107875648.0,69,0.0,138,0.0,2.012,ERR,ERR,ERR,ERR,ERR,ERR,ERR,ERR,ERR,ERR,ERR,ERR,ERR,ERR,ERR,ERR,ERR,ERR,ERR,ERR,ERR,ERR,ERR,ERR,ERR,ERR,ERR,ERR,ERR,ERR,ERR,ERR,ERR,ERR,ERR,ERR,ERR,ERR,ERR,ERR,ERR,ERR,ERR,ERR,ERR,ERR,ERR,ERR,ERR,ERR,ERR,ERR,ERR,ERR,ERR,ERR,ERR,ERR,ERR,ERR,ERR,ERR,ERR,ERR,ERR,ERR,ERR,60.0,60.0,35,0.0,0.0,0.0,0.0,0.0,0.0,0.0,0.0,0.0,0.0,0.0,0.0,0.0,0.0,0.0,0.0,65.6,0,120,58,35,65476,0,300,0,0,8,20529,65476,0,0,2621,60.0,0.0,0.0,0.0,0.0,0.0
2026-07-09T15:56:33,ERR,ERR,ERR,ERR,ERR,ERR,ERR,ERR,ERR,ERR,ERR,ERR,ERR,ERR,ERR,ERR,ERR,ERR,ERR,ERR,ERR,ERR,ERR,ERR,ERR,ERR,ERR,ERR,ERR,ERR,ERR,ERR,ERR,ERR,ERR,ERR,ERR,ERR,ERR,ERR,ERR,ERR,ERR,ERR,ERR,ERR,ERR,ERR,ERR,ERR,ERR,ERR,ERR,ERR,ERR,ERR,ERR,ERR,ERR,ERR,ERR,ERR,ERR,ERR,ERR,ERR,ERR,ERR,ERR,ERR,ERR,ERR,ERR,ERR,ERR,ERR,ERR,ERR,ERR,ERR,ERR,ERR,ERR,ERR,ERR,ERR,ERR,ERR,ERR,ERR,ERR,ERR,ERR,ERR,ERR,ERR,ERR,ERR,ERR,ERR,ERR,ERR,ERR,ERR,ERR,ERR,ERR,ERR,ERR,ERR,ERR,ERR,ERR,ERR,ERR,ERR,ERR,ERR,ERR,ERR,ERR,ERR,ERR,ERR,ERR,2.7184242562605685e+23,0.0,-0.0,2.7183478752108883e+23,0.0,1.1714359910277533e+29,1.6818435767083646e+31,0.0,0,0,4,17321,7116,0.0,100,0.0,0.0,2.7183478752108883e+23,0.0,0.0,0,0,0,0,0.0,0,0,0,0,0,0,0,0,0,0,0,0,0,0,0,0,0,0,0,0,0,0,0,0,0,0,0,0,0,0,0,0,0,31,40,40,71,65476,0,300,0,0,8,21553,0.0,-107605600.0,0.0,0.0,0.0,0.0,0.0,0.0,0.0,0.0,0.0,0.0,0.0,0.0,0.0,0.0,0.0,0.0,0.0,0.0,0.0,0.0,0.0,0.0,0.0,0.0,0.0,0.0,0.0,0.0,5494.0,3.697192730694464e+19,6924.0,2.7184242562605685e+23,-107616032.0,2.004,2.004,0.0,0.0,0.0,0.0,69,89220.695,126840692736.0,0.0,0.0,0.0,0.0,0.0,0.0,0.0,0,0,0,0.0,0.0,0.0,0.0,0.0,0.0,0.0,0.0,0.0,0.0,0.0,0.0,0.0,0.0,0.0,0.0,0,-107875648.0,69,0.0,138,0.0,2.012,ERR,ERR,ERR,ERR,ERR,ERR,ERR,ERR,ERR,ERR,ERR,ERR,ERR,ERR,ERR,ERR,ERR,ERR,ERR,ERR,ERR,ERR,ERR,ERR,ERR,ERR,ERR,ERR,ERR,ERR,ERR,ERR,ERR,ERR,ERR,ERR,ERR,ERR,ERR,ERR,ERR,ERR,ERR,ERR,ERR,ERR,ERR,ERR,ERR,ERR,ERR,ERR,ERR,ERR,ERR,ERR,ERR,ERR,ERR,ERR,ERR,ERR,ERR,ERR,ERR,ERR,ERR,60.0,60.0,35,0.0,0.0,0.0,0.0,0.0,0.0,0.0,0.0,0.0,0.0,0.0,0.0,0.0,0.0,0.0,0.0,65.6,0,120,58,35,65476,0,300,0,0,8,20529,65476,0,0,2621,60.0,0.0,0.0,0.0,0.0,0.0
2026-07-09T15:56:34,ERR,ERR,ERR,ERR,ERR,ERR,ERR,ERR,ERR,ERR,ERR,ERR,ERR,ERR,ERR,ERR,ERR,ERR,ERR,ERR,ERR,ERR,ERR,ERR,ERR,ERR,ERR,ERR,ERR,ERR,ERR,ERR,ERR,ERR,ERR,ERR,ERR,ERR,ERR,ERR,ERR,ERR,ERR,ERR,ERR,ERR,ERR,ERR,ERR,ERR,ERR,ERR,ERR,ERR,ERR,ERR,ERR,ERR,ERR,ERR,ERR,ERR,ERR,ERR,ERR,ERR,ERR,ERR,ERR,ERR,ERR,ERR,ERR,ERR,ERR,ERR,ERR,ERR,ERR,ERR,ERR,ERR,ERR,ERR,ERR,ERR,ERR,ERR,ERR,ERR,ERR,ERR,ERR,ERR,ERR,ERR,ERR,ERR,ERR,ERR,ERR,ERR,ERR,ERR,ERR,ERR,ERR,ERR,ERR,ERR,ERR,ERR,ERR,ERR,ERR,ERR,ERR,ERR,ERR,ERR,ERR,ERR,ERR,ERR,ERR,2.7184242562605685e+23,0.0,-0.0,2.7183478752108883e+23,0.0,1.1714359910277533e+29,1.6818435767083646e+31,0.0,0,0,4,17321,7116,0.0,100,0.0,0.0,2.7183478752108883e+23,0.0,0.0,0,0,0,0,0.0,0,0,0,0,0,0,0,0,0,0,0,0,0,0,0,0,0,0,0,0,0,0,0,0,0,0,0,0,0,0,0,0,0,31,40,40,71,65476,0,300,0,0,8,21553,0.0,-107605600.0,0.0,0.0,0.0,0.0,0.0,0.0,0.0,0.0,0.0,0.0,0.0,0.0,0.0,0.0,0.0,0.0,0.0,0.0,0.0,0.0,0.0,0.0,0.0,0.0,0.0,0.0,0.0,0.0,5494.0,3.697192730694464e+19,6924.0,2.7184242562605685e+23,-107616032.0,2.004,2.004,0.0,0.0,0.0,0.0,69,89220.695,126840692736.0,0.0,0.0,0.0,0.0,0.0,0.0,0.0,0,0,0,0.0,0.0,0.0,0.0,0.0,0.0,0.0,0.0,0.0,0.0,0.0,0.0,0.0,0.0,0.0,0.0,0,-107875648.0,69,0.0,138,0.0,2.012,ERR,ERR,ERR,ERR,ERR,ERR,ERR,ERR,ERR,ERR,ERR,ERR,ERR,ERR,ERR,ERR,ERR,ERR,ERR,ERR,ERR,ERR,ERR,ERR,ERR,ERR,ERR,ERR,ERR,ERR,ERR,ERR,ERR,ERR,ERR,ERR,ERR,ERR,ERR,ERR,ERR,ERR,ERR,ERR,ERR,ERR,ERR,ERR,ERR,ERR,ERR,ERR,ERR,ERR,ERR,ERR,ERR,ERR,ERR,ERR,ERR,ERR,ERR,ERR,ERR,ERR,ERR,60.0,60.0,35,0.0,0.0,0.0,0.0,0.0,0.0,0.0,0.0,0.0,0.0,0.0,0.0,0.0,0.0,0.0,0.0,65.6,0,120,58,35,65476,0,300,0,0,8,20529,65476,0,0,2621,60.0,0.0,0.0,0.0,0.0,0.0
2026-07-09T15:56:35,ERR,ERR,ERR,ERR,ERR,ERR,ERR,ERR,ERR,ERR,ERR,ERR,ERR,ERR,ERR,ERR,ERR,ERR,ERR,ERR,ERR,ERR,ERR,ERR,ERR,ERR,ERR,ERR,ERR,ERR,ERR,ERR,ERR,ERR,ERR,ERR,ERR,ERR,ERR,ERR,ERR,ERR,ERR,ERR,ERR,ERR,ERR,ERR,ERR,ERR,ERR,ERR,ERR,ERR,ERR,ERR,ERR,ERR,ERR,ERR,ERR,ERR,ERR,ERR,ERR,ERR,ERR,ERR,ERR,ERR,ERR,ERR,ERR,ERR,ERR,ERR,ERR,ERR,ERR,ERR,ERR,ERR,ERR,ERR,ERR,ERR,ERR,ERR,ERR,ERR,ERR,ERR,ERR,ERR,ERR,ERR,ERR,ERR,ERR,ERR,ERR,ERR,ERR,ERR,ERR,ERR,ERR,ERR,ERR,ERR,ERR,ERR,ERR,ERR,ERR,ERR,ERR,ERR,ERR,ERR,ERR,ERR,ERR,ERR,ERR,2.7184242562605685e+23,0.0,-0.0,2.7183478752108883e+23,0.0,1.1714359910277533e+29,1.6818435767083646e+31,0.0,0,0,4,17321,7116,0.0,100,0.0,0.0,2.7183478752108883e+23,0.0,0.0,0,0,0,0,0.0,0,0,0,0,0,0,0,0,0,0,0,0,0,0,0,0,0,0,0,0,0,0,0,0,0,0,0,0,0,0,0,0,0,31,40,40,71,65476,0,300,0,0,8,21553,0.0,-107605600.0,0.0,0.0,0.0,0.0,0.0,0.0,0.0,0.0,0.0,0.0,0.0,0.0,0.0,0.0,0.0,0.0,0.0,0.0,0.0,0.0,0.0,0.0,0.0,0.0,0.0,0.0,0.0,0.0,5494.0,3.697192730694464e+19,6924.0,2.7184242562605685e+23,-107616032.0,2.004,2.004,0.0,0.0,0.0,0.0,69,89220.695,126840692736.0,0.0,0.0,0.0,0.0,0.0,0.0,0.0,0,0,0,0.0,0.0,0.0,0.0,0.0,0.0,0.0,0.0,0.0,0.0,0.0,0.0,0.0,0.0,0.0,0.0,0,-107875648.0,69,0.0,138,0.0,2.012,ERR,ERR,ERR,ERR,ERR,ERR,ERR,ERR,ERR,ERR,ERR,ERR,ERR,ERR,ERR,ERR,ERR,ERR,ERR,ERR,ERR,ERR,ERR,ERR,ERR,ERR,ERR,ERR,ERR,ERR,ERR,ERR,ERR,ERR,ERR,ERR,ERR,ERR,ERR,ERR,ERR,ERR,ERR,ERR,ERR,ERR,ERR,ERR,ERR,ERR,ERR,ERR,ERR,ERR,ERR,ERR,ERR,ERR,ERR,ERR,ERR,ERR,ERR,ERR,ERR,ERR,ERR,60.0,60.0,35,0.0,0.0,0.0,0.0,0.0,0.0,0.0,0.0,0.0,0.0,0.0,0.0,0.0,0.0,0.0,0.0,65.6,0,120,58,35,65476,0,300,0,0,8,20529,65476,0,0,2621,60.0,0.0,0.0,0.0,0.0,0.0
2026-07-09T15:56:36,ERR,ERR,ERR,ERR,ERR,ERR,ERR,ERR,ERR,ERR,ERR,ERR,ERR,ERR,ERR,ERR,ERR,ERR,ERR,ERR,ERR,ERR,ERR,ERR,ERR,ERR,ERR,ERR,ERR,ERR,ERR,ERR,ERR,ERR,ERR,ERR,ERR,ERR,ERR,ERR,ERR,ERR,ERR,ERR,ERR,ERR,ERR,ERR,ERR,ERR,ERR,ERR,ERR,ERR,ERR,ERR,ERR,ERR,ERR,ERR,ERR,ERR,ERR,ERR,ERR,ERR,ERR,ERR,ERR,ERR,ERR,ERR,ERR,ERR,ERR,ERR,ERR,ERR,ERR,ERR,ERR,ERR,ERR,ERR,ERR,ERR,ERR,ERR,ERR,ERR,ERR,ERR,ERR,ERR,ERR,ERR,ERR,ERR,ERR,ERR,ERR,ERR,ERR,ERR,ERR,ERR,ERR,ERR,ERR,ERR,ERR,ERR,ERR,ERR,ERR,ERR,ERR,ERR,ERR,ERR,ERR,ERR,ERR,ERR,ERR,2.7184242562605685e+23,2.7184455132508097e+23,2.7184206533808666e+23,0.0,-0.0,8397187584.0,1963978485923840.0,-0.007,0,0,4,17318,7116,0.0,100,0.0,0.0,0.0,0.0,0.0,0,0,0,0,0.0,0,0,0,0,0,0,0,0,0,0,0,0,0,0,0,0,0,0,0,0,0,0,0,0,0,0,0,0,0,0,0,0,0,31,40,40,71,65476,0,300,0,0,8,21553,0.0,-107605600.0,0.0,0.0,0.0,0.0,0.0,0.0,0.0,0.0,0.0,0.0,0.0,0.0,0.0,0.0,0.0,0.0,0.0,0.0,0.0,0.0,0.0,-0.0,0.0,0.0,0.0,0.0,0.0,0.0,5503.0,3.697192730694464e+19,6924.0,2.7184242562605685e+23,0.0,2.004,2.004,0.0,0.0,0.0,0.0,69,-0.0,1.9056891869423206e+17,0.0,0.0,0.0,0.0,0.0,0.0,0.0,0,0,0,0.0,0.0,0.0,0.0,0.0,0.0,0.0,0.0,0.0,0.0,0.0,0.0,0.0,0.0,0.0,0.0,0,-107875648.0,69,0.0,138,0.0,2.012,ERR,ERR,ERR,ERR,ERR,ERR,ERR,ERR,ERR,ERR,ERR,ERR,ERR,ERR,ERR,ERR,ERR,ERR,ERR,ERR,ERR,ERR,ERR,ERR,ERR,ERR,ERR,ERR,ERR,ERR,ERR,ERR,ERR,ERR,ERR,ERR,ERR,ERR,ERR,ERR,ERR,ERR,ERR,ERR,ERR,ERR,ERR,ERR,ERR,ERR,ERR,ERR,ERR,ERR,ERR,ERR,ERR,ERR,ERR,ERR,ERR,ERR,ERR,ERR,ERR,ERR,ERR,60.0,60.0,35,0.0,0.0,0.0,0.0,0.0,0.0,0.0,0.0,0.0,0.0,0.0,0.0,0.0,0.0,0.0,0.0,65.6,0,120,58,35,65476,0,300,0,0,8,20529,65476,0,0,2621,60.0,0.0,0.0,0.0,0.0,0.0
2026-07-09T15:56:37,ERR,ERR,ERR,ERR,ERR,ERR,ERR,ERR,ERR,ERR,ERR,ERR,ERR,ERR,ERR,ERR,ERR,ERR,ERR,ERR,ERR,ERR,ERR,ERR,ERR,ERR,ERR,ERR,ERR,ERR,ERR,ERR,ERR,ERR,ERR,ERR,ERR,ERR,ERR,ERR,ERR,ERR,ERR,ERR,ERR,ERR,ERR,ERR,ERR,ERR,ERR,ERR,ERR,ERR,ERR,ERR,ERR,ERR,ERR,ERR,ERR,ERR,ERR,ERR,ERR,ERR,ERR,ERR,ERR,ERR,ERR,ERR,ERR,ERR,ERR,ERR,ERR,ERR,ERR,ERR,ERR,ERR,ERR,ERR,ERR,ERR,ERR,ERR,ERR,ERR,ERR,ERR,ERR,ERR,ERR,ERR,ERR,ERR,ERR,ERR,ERR,ERR,ERR,ERR,ERR,ERR,ERR,ERR,ERR,ERR,ERR,ERR,ERR,ERR,ERR,ERR,ERR,ERR,ERR,ERR,ERR,ERR,ERR,ERR,ERR,2.7184242562605685e+23,2.7184455132508097e+23,2.7184206533808666e+23,0.0,-0.0,8397187584.0,1963978485923840.0,-0.007,0,0,4,17318,7116,0.0,100,0.0,0.0,0.0,0.0,0.0,0,0,0,0,0.0,0,0,0,0,0,0,0,0,0,0,0,0,0,0,0,0,0,0,0,0,0,0,0,0,0,0,0,0,0,0,0,0,0,31,40,40,71,65476,0,300,0,0,8,21553,0.0,-107605600.0,0.0,0.0,0.0,0.0,0.0,0.0,0.0,0.0,0.0,0.0,0.0,0.0,0.0,0.0,0.0,0.0,0.0,0.0,0.0,0.0,0.0,-0.0,0.0,0.0,0.0,0.0,0.0,0.0,5503.0,3.697192730694464e+19,6924.0,2.7184242562605685e+23,0.0,2.004,2.004,0.0,0.0,0.0,0.0,69,-0.0,1.9056891869423206e+17,0.0,0.0,0.0,0.0,0.0,0.0,0.0,0,0,0,0.0,0.0,0.0,0.0,0.0,0.0,0.0,0.0,0.0,0.0,0.0,0.0,0.0,0.0,0.0,0.0,0,-107875648.0,69,0.0,138,0.0,2.012,ERR,ERR,ERR,ERR,ERR,ERR,ERR,ERR,ERR,ERR,ERR,ERR,ERR,ERR,ERR,ERR,ERR,ERR,ERR,ERR,ERR,ERR,ERR,ERR,ERR,ERR,ERR,ERR,ERR,ERR,ERR,ERR,ERR,ERR,ERR,ERR,ERR,ERR,ERR,ERR,ERR,ERR,ERR,ERR,ERR,ERR,ERR,ERR,ERR,ERR,ERR,ERR,ERR,ERR,ERR,ERR,ERR,ERR,ERR,ERR,ERR,ERR,ERR,ERR,ERR,ERR,ERR,60.0,60.0,35,0.0,0.0,0.0,0.0,0.0,0.0,0.0,0.0,0.0,0.0,0.0,0.0,0.0,0.0,0.0,0.0,65.6,0,120,58,35,65476,0,300,0,0,8,20529,65476,0,0,2621,60.0,0.0,0.0,0.0,0.0,0.0
2026-07-09T15:56:38,ERR,ERR,ERR,ERR,ERR,ERR,ERR,ERR,ERR,ERR,ERR,ERR,ERR,ERR,ERR,ERR,ERR,ERR,ERR,ERR,ERR,ERR,ERR,ERR,ERR,ERR,ERR,ERR,ERR,ERR,ERR,ERR,ERR,ERR,ERR,ERR,ERR,ERR,ERR,ERR,ERR,ERR,ERR,ERR,ERR,ERR,ERR,ERR,ERR,ERR,ERR,ERR,ERR,ERR,ERR,ERR,ERR,ERR,ERR,ERR,ERR,ERR,ERR,ERR,ERR,ERR,ERR,ERR,ERR,ERR,ERR,ERR,ERR,ERR,ERR,ERR,ERR,ERR,ERR,ERR,ERR,ERR,ERR,ERR,ERR,ERR,ERR,ERR,ERR,ERR,ERR,ERR,ERR,ERR,ERR,ERR,ERR,ERR,ERR,ERR,ERR,ERR,ERR,ERR,ERR,ERR,ERR,ERR,ERR,ERR,ERR,ERR,ERR,ERR,ERR,ERR,ERR,ERR,ERR,ERR,ERR,ERR,ERR,ERR,ERR,2.7184242562605685e+23,2.7184455132508097e+23,2.7184206533808666e+23,0.0,-0.0,8397187584.0,1963978485923840.0,-0.007,0,0,4,17318,7116,0.0,100,0.0,0.0,0.0,0.0,0.0,0,0,0,0,0.0,0,0,0,0,0,0,0,0,0,0,0,0,0,0,0,0,0,0,0,0,0,0,0,0,0,0,0,0,0,0,0,0,0,31,40,40,71,65476,0,300,0,0,8,21553,0.0,-107605600.0,0.0,0.0,0.0,0.0,0.0,0.0,0.0,0.0,0.0,0.0,0.0,0.0,0.0,0.0,0.0,0.0,0.0,0.0,0.0,0.0,0.0,-0.0,0.0,0.0,0.0,0.0,0.0,0.0,5503.0,3.697192730694464e+19,6924.0,2.7184242562605685e+23,0.0,2.004,2.004,0.0,0.0,0.0,0.0,69,-0.0,1.9056891869423206e+17,0.0,0.0,0.0,0.0,0.0,0.0,0.0,0,0,0,0.0,0.0,0.0,0.0,0.0,0.0,0.0,0.0,0.0,0.0,0.0,0.0,0.0,0.0,0.0,0.0,0,-107875648.0,69,0.0,138,0.0,2.012,ERR,ERR,ERR,ERR,ERR,ERR,ERR,ERR,ERR,ERR,ERR,ERR,ERR,ERR,ERR,ERR,ERR,ERR,ERR,ERR,ERR,ERR,ERR,ERR,ERR,ERR,ERR,ERR,ERR,ERR,ERR,ERR,ERR,ERR,ERR,ERR,ERR,ERR,ERR,ERR,ERR,ERR,ERR,ERR,ERR,ERR,ERR,ERR,ERR,ERR,ERR,ERR,ERR,ERR,ERR,ERR,ERR,ERR,ERR,ERR,ERR,ERR,ERR,ERR,ERR,ERR,ERR,60.0,60.0,35,0.0,0.0,0.0,0.0,0.0,0.0,0.0,0.0,0.0,0.0,0.0,0.0,0.0,0.0,0.0,0.0,65.6,0,120,58,35,65476,0,300,0,0,8,20529,65476,0,0,2621,60.0,0.0,0.0,0.0,0.0,0.0
2026-07-09T15:56:39,ERR,ERR,ERR,ERR,ERR,ERR,ERR,ERR,ERR,ERR,ERR,ERR,ERR,ERR,ERR,ERR,ERR,ERR,ERR,ERR,ERR,ERR,ERR,ERR,ERR,ERR,ERR,ERR,ERR,ERR,ERR,ERR,ERR,ERR,ERR,ERR,ERR,ERR,ERR,ERR,ERR,ERR,ERR,ERR,ERR,ERR,ERR,ERR,ERR,ERR,ERR,ERR,ERR,ERR,ERR,ERR,ERR,ERR,ERR,ERR,ERR,ERR,ERR,ERR,ERR,ERR,ERR,ERR,ERR,ERR,ERR,ERR,ERR,ERR,ERR,ERR,ERR,ERR,ERR,ERR,ERR,ERR,ERR,ERR,ERR,ERR,ERR,ERR,ERR,ERR,ERR,ERR,ERR,ERR,ERR,ERR,ERR,ERR,ERR,ERR,ERR,ERR,ERR,ERR,ERR,ERR,ERR,ERR,ERR,ERR,ERR,ERR,ERR,ERR,ERR,ERR,ERR,ERR,ERR,ERR,ERR,ERR,ERR,ERR,ERR,2.7184242562605685e+23,2.7184455132508097e+23,2.7184206533808666e+23,0.0,-0.0,8397187584.0,1963978485923840.0,-0.007,0,0,4,17318,7116,0.0,100,0.0,0.0,0.0,0.0,0.0,0,0,0,0,0.0,0,0,0,0,0,0,0,0,0,0,0,0,0,0,0,0,0,0,0,0,0,0,0,0,0,0,0,0,0,0,0,0,0,31,40,40,71,65476,0,300,0,0,8,21553,0.0,-107605600.0,0.0,0.0,0.0,0.0,0.0,0.0,0.0,0.0,0.0,0.0,0.0,0.0,0.0,0.0,0.0,0.0,0.0,0.0,0.0,0.0,0.0,-0.0,0.0,0.0,0.0,0.0,0.0,0.0,5503.0,3.697192730694464e+19,6924.0,2.7184242562605685e+23,0.0,2.004,2.004,0.0,0.0,0.0,0.0,69,-0.0,1.9056891869423206e+17,0.0,0.0,0.0,0.0,0.0,0.0,0.0,0,0,0,0.0,0.0,0.0,0.0,0.0,0.0,0.0,0.0,0.0,0.0,0.0,0.0,0.0,0.0,0.0,0.0,0,-107875648.0,69,0.0,138,0.0,2.012,ERR,ERR,ERR,ERR,ERR,ERR,ERR,ERR,ERR,ERR,ERR,ERR,ERR,ERR,ERR,ERR,ERR,ERR,ERR,ERR,ERR,ERR,ERR,ERR,ERR,ERR,ERR,ERR,ERR,ERR,ERR,ERR,ERR,ERR,ERR,ERR,ERR,ERR,ERR,ERR,ERR,ERR,ERR,ERR,ERR,ERR,ERR,ERR,ERR,ERR,ERR,ERR,ERR,ERR,ERR,ERR,ERR,ERR,ERR,ERR,ERR,ERR,ERR,ERR,ERR,ERR,ERR,60.0,60.0,35,0.0,0.0,0.0,0.0,0.0,0.0,0.0,0.0,0.0,0.0,0.0,0.0,0.0,0.0,0.0,0.0,65.6,0,120,58,35,65476,0,300,0,0,8,20529,65476,0,0,2621,60.0,0.0,0.0,0.0,0.0,0.0
2026-07-09T15:56:40,ERR,ERR,ERR,ERR,ERR,ERR,ERR,ERR,ERR,ERR,ERR,ERR,ERR,ERR,ERR,ERR,ERR,ERR,ERR,ERR,ERR,ERR,ERR,ERR,ERR,ERR,ERR,ERR,ERR,ERR,ERR,ERR,ERR,ERR,ERR,ERR,ERR,ERR,ERR,ERR,ERR,ERR,ERR,ERR,ERR,ERR,ERR,ERR,ERR,ERR,ERR,ERR,ERR,ERR,ERR,ERR,ERR,ERR,ERR,ERR,ERR,ERR,ERR,ERR,ERR,ERR,ERR,ERR,ERR,ERR,ERR,ERR,ERR,ERR,ERR,ERR,ERR,ERR,ERR,ERR,ERR,ERR,ERR,ERR,ERR,ERR,ERR,ERR,ERR,ERR,ERR,ERR,ERR,ERR,ERR,ERR,ERR,ERR,ERR,ERR,ERR,ERR,ERR,ERR,ERR,ERR,ERR,ERR,ERR,ERR,ERR,ERR,ERR,ERR,ERR,ERR,ERR,ERR,ERR,ERR,ERR,ERR,ERR,ERR,ERR,2.7184242562605685e+23,2.7184455132508097e+23,2.7184206533808666e+23,0.0,-0.0,8397187584.0,1963978485923840.0,-0.007,0,0,4,17318,7116,0.0,100,0.0,0.0,0.0,0.0,0.0,0,0,0,0,0.0,0,0,0,0,0,0,0,0,0,0,0,0,0,0,0,0,0,0,0,0,0,0,0,0,0,0,0,0,0,0,0,0,0,31,40,40,71,65476,0,300,0,0,8,21553,0.0,-107605600.0,0.0,0.0,0.0,0.0,0.0,0.0,0.0,0.0,0.0,0.0,0.0,0.0,0.0,0.0,0.0,0.0,0.0,0.0,0.0,0.0,0.0,-0.0,0.0,0.0,0.0,0.0,0.0,0.0,5503.0,3.697192730694464e+19,6924.0,2.7184242562605685e+23,0.0,2.004,2.004,0.0,0.0,0.0,0.0,69,-0.0,1.9056891869423206e+17,0.0,0.0,0.0,0.0,0.0,0.0,0.0,0,0,0,0.0,0.0,0.0,0.0,0.0,0.0,0.0,0.0,0.0,0.0,0.0,0.0,0.0,0.0,0.0,0.0,0,-107875648.0,69,0.0,138,0.0,2.012,ERR,ERR,ERR,ERR,ERR,ERR,ERR,ERR,ERR,ERR,ERR,ERR,ERR,ERR,ERR,ERR,ERR,ERR,ERR,ERR,ERR,ERR,ERR,ERR,ERR,ERR,ERR,ERR,ERR,ERR,ERR,ERR,ERR,ERR,ERR,ERR,ERR,ERR,ERR,ERR,ERR,ERR,ERR,ERR,ERR,ERR,ERR,ERR,ERR,ERR,ERR,ERR,ERR,ERR,ERR,ERR,ERR,ERR,ERR,ERR,ERR,ERR,ERR,ERR,ERR,ERR,ERR,60.0,60.0,35,0.0,0.0,0.0,0.0,0.0,0.0,0.0,0.0,0.0,0.0,0.0,0.0,0.0,0.0,0.0,0.0,65.6,0,120,58,35,65476,0,300,0,0,8,20529,65476,0,0,2621,60.0,0.0,0.0,0.0,0.0,0.0
2026-07-09T15:56:41,ERR,ERR,ERR,ERR,ERR,ERR,ERR,ERR,ERR,ERR,ERR,ERR,ERR,ERR,ERR,ERR,ERR,ERR,ERR,ERR,ERR,ERR,ERR,ERR,ERR,ERR,ERR,ERR,ERR,ERR,ERR,ERR,ERR,ERR,ERR,ERR,ERR,ERR,ERR,ERR,ERR,ERR,ERR,ERR,ERR,ERR,ERR,ERR,ERR,ERR,ERR,ERR,ERR,ERR,ERR,ERR,ERR,ERR,ERR,ERR,ERR,ERR,ERR,ERR,ERR,ERR,ERR,ERR,ERR,ERR,ERR,ERR,ERR,ERR,ERR,ERR,ERR,ERR,ERR,ERR,ERR,ERR,ERR,ERR,ERR,ERR,ERR,ERR,ERR,ERR,ERR,ERR,ERR,ERR,ERR,ERR,ERR,ERR,ERR,ERR,ERR,ERR,ERR,ERR,ERR,ERR,ERR,ERR,ERR,ERR,ERR,ERR,ERR,ERR,ERR,ERR,ERR,ERR,ERR,ERR,ERR,ERR,ERR,ERR,ERR,2.7184242562605685e+23,0.0,0.0,0.0,3286195765248.0,-0.0,-0.0,0.0,0,0,4,17314,7116,0.0,100,0.0,0.0,0.0,0.0,0.0,0,0,0,0,0.0,0,0,0,0,0,0,0,0,0,0,0,0,0,0,0,0,0,0,0,0,0,0,0,0,0,0,0,0,0,0,0,0,0,31,40,40,71,65476,0,300,0,0,8,21553,0.0,-107605600.0,0.0,0.0,0.0,0.0,0.0,0.0,0.0,0.0,0.0,0.0,0.0,0.0,0.0,0.0,0.0,0.0,0.0,0.0,0.0,0.0,0.0,-0.0,0.0,0.0,0.0,0.0,0.0,0.0,5488.0,0.0,6915.0,2.7184242562605685e+23,0.0,2.004,2.004,0.0,0.0,0.0,0.0,69,0.059,0.0,0.0,0.0,0.0,0.0,0.0,0.0,0.0,0,0,0,0.0,0.0,0.0,0.0,0.0,0.0,0.0,0.0,0.0,0.0,0.0,0.0,0.0,0.0,0.0,0.0,0,-107875648.0,69,0.0,138,0.0,2.012,ERR,ERR,ERR,ERR,ERR,ERR,ERR,ERR,ERR,ERR,ERR,ERR,ERR,ERR,ERR,ERR,ERR,ERR,ERR,ERR,ERR,ERR,ERR,ERR,ERR,ERR,ERR,ERR,ERR,ERR,ERR,ERR,ERR,ERR,ERR,ERR,ERR,ERR,ERR,ERR,ERR,ERR,ERR,ERR,ERR,ERR,ERR,ERR,ERR,ERR,ERR,ERR,ERR,ERR,ERR,ERR,ERR,ERR,ERR,ERR,ERR,ERR,ERR,ERR,ERR,ERR,ERR,60.0,60.0,35,0.0,0.0,0.0,0.0,0.0,0.0,0.0,0.0,0.0,0.0,0.0,0.0,0.0,0.0,0.0,0.0,65.6,0,120,58,35,65476,0,300,0,0,8,20529,65476,0,0,2621,60.0,0.0,0.0,0.0,0.0,0.0
2026-07-09T15:56:42,ERR,ERR,ERR,ERR,ERR,ERR,ERR,ERR,ERR,ERR,ERR,ERR,ERR,ERR,ERR,ERR,ERR,ERR,ERR,ERR,ERR,ERR,ERR,ERR,ERR,ERR,ERR,ERR,ERR,ERR,ERR,ERR,ERR,ERR,ERR,ERR,ERR,ERR,ERR,ERR,ERR,ERR,ERR,ERR,ERR,ERR,ERR,ERR,ERR,ERR,ERR,ERR,ERR,ERR,ERR,ERR,ERR,ERR,ERR,ERR,ERR,ERR,ERR,ERR,ERR,ERR,ERR,ERR,ERR,ERR,ERR,ERR,ERR,ERR,ERR,ERR,ERR,ERR,ERR,ERR,ERR,ERR,ERR,ERR,ERR,ERR,ERR,ERR,ERR,ERR,ERR,ERR,ERR,ERR,ERR,ERR,ERR,ERR,ERR,ERR,ERR,ERR,ERR,ERR,ERR,ERR,ERR,ERR,ERR,ERR,ERR,ERR,ERR,ERR,ERR,ERR,ERR,ERR,ERR,ERR,ERR,ERR,ERR,ERR,ERR,2.7184242562605685e+23,0.0,0.0,0.0,3286195765248.0,-0.0,-0.0,0.0,0,0,4,17314,7116,0.0,100,0.0,0.0,0.0,0.0,0.0,0,0,0,0,0.0,0,0,0,0,0,0,0,0,0,0,0,0,0,0,0,0,0,0,0,0,0,0,0,0,0,0,0,0,0,0,0,0,0,31,40,40,71,65476,0,300,0,0,8,21553,0.0,-107605600.0,0.0,0.0,0.0,0.0,0.0,0.0,0.0,0.0,0.0,0.0,0.0,0.0,0.0,0.0,0.0,0.0,0.0,0.0,0.0,0.0,0.0,-0.0,0.0,0.0,0.0,0.0,0.0,0.0,5488.0,0.0,6915.0,2.7184242562605685e+23,0.0,2.004,2.004,0.0,0.0,0.0,0.0,69,0.059,0.0,0.0,0.0,0.0,0.0,0.0,0.0,0.0,0,0,0,0.0,0.0,0.0,0.0,0.0,0.0,0.0,0.0,0.0,0.0,0.0,0.0,0.0,0.0,0.0,0.0,0,-107875648.0,69,0.0,138,0.0,2.012,ERR,ERR,ERR,ERR,ERR,ERR,ERR,ERR,ERR,ERR,ERR,ERR,ERR,ERR,ERR,ERR,ERR,ERR,ERR,ERR,ERR,ERR,ERR,ERR,ERR,ERR,ERR,ERR,ERR,ERR,ERR,ERR,ERR,ERR,ERR,ERR,ERR,ERR,ERR,ERR,ERR,ERR,ERR,ERR,ERR,ERR,ERR,ERR,ERR,ERR,ERR,ERR,ERR,ERR,ERR,ERR,ERR,ERR,ERR,ERR,ERR,ERR,ERR,ERR,ERR,ERR,ERR,60.0,60.0,35,0.0,0.0,0.0,0.0,0.0,0.0,0.0,0.0,0.0,0.0,0.0,0.0,0.0,0.0,0.0,0.0,65.6,0,120,58,35,65476,0,300,0,0,8,20529,65476,0,0,2621,60.0,0.0,0.0,0.0,0.0,0.0
2026-07-09T15:56:43,ERR,ERR,ERR,ERR,ERR,ERR,ERR,ERR,ERR,ERR,ERR,ERR,ERR,ERR,ERR,ERR,ERR,ERR,ERR,ERR,ERR,ERR,ERR,ERR,ERR,ERR,ERR,ERR,ERR,ERR,ERR,ERR,ERR,ERR,ERR,ERR,ERR,ERR,ERR,ERR,ERR,ERR,ERR,ERR,ERR,ERR,ERR,ERR,ERR,ERR,ERR,ERR,ERR,ERR,ERR,ERR,ERR,ERR,ERR,ERR,ERR,ERR,ERR,ERR,ERR,ERR,ERR,ERR,ERR,ERR,ERR,ERR,ERR,ERR,ERR,ERR,ERR,ERR,ERR,ERR,ERR,ERR,ERR,ERR,ERR,ERR,ERR,ERR,ERR,ERR,ERR,ERR,ERR,ERR,ERR,ERR,ERR,ERR,ERR,ERR,ERR,ERR,ERR,ERR,ERR,ERR,ERR,ERR,ERR,ERR,ERR,ERR,ERR,ERR,ERR,ERR,ERR,ERR,ERR,ERR,ERR,ERR,ERR,ERR,ERR,2.7184242562605685e+23,0.0,0.0,0.0,3286195765248.0,-0.0,-0.0,0.0,0,0,4,17314,7116,0.0,100,0.0,0.0,0.0,0.0,0.0,0,0,0,0,0.0,0,0,0,0,0,0,0,0,0,0,0,0,0,0,0,0,0,0,0,0,0,0,0,0,0,0,0,0,0,0,0,0,0,31,40,40,71,65476,0,300,0,0,8,21553,0.0,-107605600.0,0.0,0.0,0.0,0.0,0.0,0.0,0.0,0.0,0.0,0.0,0.0,0.0,0.0,0.0,0.0,0.0,0.0,0.0,0.0,0.0,0.0,-0.0,0.0,0.0,0.0,0.0,0.0,0.0,5488.0,0.0,6915.0,2.7184242562605685e+23,0.0,2.004,2.004,0.0,0.0,0.0,0.0,69,0.059,0.0,0.0,0.0,0.0,0.0,0.0,0.0,0.0,0,0,0,0.0,0.0,0.0,0.0,0.0,0.0,0.0,0.0,0.0,0.0,0.0,0.0,0.0,0.0,0.0,0.0,0,-107875648.0,69,0.0,138,0.0,2.012,ERR,ERR,ERR,ERR,ERR,ERR,ERR,ERR,ERR,ERR,ERR,ERR,ERR,ERR,ERR,ERR,ERR,ERR,ERR,ERR,ERR,ERR,ERR,ERR,ERR,ERR,ERR,ERR,ERR,ERR,ERR,ERR,ERR,ERR,ERR,ERR,ERR,ERR,ERR,ERR,ERR,ERR,ERR,ERR,ERR,ERR,ERR,ERR,ERR,ERR,ERR,ERR,ERR,ERR,ERR,ERR,ERR,ERR,ERR,ERR,ERR,ERR,ERR,ERR,ERR,ERR,ERR,60.0,60.0,35,0.0,0.0,0.0,0.0,0.0,0.0,0.0,0.0,0.0,0.0,0.0,0.0,0.0,0.0,0.0,0.0,66.0,0,121,58,35,65476,0,300,0,0,8,20529,65476,0,0,2621,60.0,0.0,0.0,0.0,0.0,0.0
2026-07-09T15:56:44,ERR,ERR,ERR,ERR,ERR,ERR,ERR,ERR,ERR,ERR,ERR,ERR,ERR,ERR,ERR,ERR,ERR,ERR,ERR,ERR,ERR,ERR,ERR,ERR,ERR,ERR,ERR,ERR,ERR,ERR,ERR,ERR,ERR,ERR,ERR,ERR,ERR,ERR,ERR,ERR,ERR,ERR,ERR,ERR,ERR,ERR,ERR,ERR,ERR,ERR,ERR,ERR,ERR,ERR,ERR,ERR,ERR,ERR,ERR,ERR,ERR,ERR,ERR,ERR,ERR,ERR,ERR,ERR,ERR,ERR,ERR,ERR,ERR,ERR,ERR,ERR,ERR,ERR,ERR,ERR,ERR,ERR,ERR,ERR,ERR,ERR,ERR,ERR,ERR,ERR,ERR,ERR,ERR,ERR,ERR,ERR,ERR,ERR,ERR,ERR,ERR,ERR,ERR,ERR,ERR,ERR,ERR,ERR,ERR,ERR,ERR,ERR,ERR,ERR,ERR,ERR,ERR,ERR,ERR,ERR,ERR,ERR,ERR,ERR,ERR,2.7184242562605685e+23,0.0,0.0,0.0,3286195765248.0,-0.0,-0.0,0.0,0,0,4,17314,7116,0.0,100,0.0,0.0,0.0,0.0,0.0,0,0,0,0,0.0,0,0,0,0,0,0,0,0,0,0,0,0,0,0,0,0,0,0,0,0,0,0,0,0,0,0,0,0,0,0,0,0,0,31,40,40,71,65476,0,300,0,0,8,21553,0.0,-107605600.0,0.0,0.0,0.0,0.0,0.0,0.0,0.0,0.0,0.0,0.0,0.0,0.0,0.0,0.0,0.0,0.0,0.0,0.0,0.0,0.0,0.0,-0.0,0.0,0.0,0.0,0.0,0.0,0.0,5488.0,0.0,6915.0,2.7184242562605685e+23,0.0,2.004,2.004,0.0,0.0,0.0,0.0,69,0.059,0.0,0.0,0.0,0.0,0.0,0.0,0.0,0.0,0,0,0,0.0,0.0,0.0,0.0,0.0,0.0,0.0,0.0,0.0,0.0,0.0,0.0,0.0,0.0,0.0,0.0,0,-107875648.0,69,0.0,138,0.0,2.012,ERR,ERR,ERR,ERR,ERR,ERR,ERR,ERR,ERR,ERR,ERR,ERR,ERR,ERR,ERR,ERR,ERR,ERR,ERR,ERR,ERR,ERR,ERR,ERR,ERR,ERR,ERR,ERR,ERR,ERR,ERR,ERR,ERR,ERR,ERR,ERR,ERR,ERR,ERR,ERR,ERR,ERR,ERR,ERR,ERR,ERR,ERR,ERR,ERR,ERR,ERR,ERR,ERR,ERR,ERR,ERR,ERR,ERR,ERR,ERR,ERR,ERR,ERR,ERR,ERR,ERR,ERR,60.0,60.0,35,0.0,0.0,0.0,0.0,0.0,0.0,0.0,0.0,0.0,0.0,0.0,0.0,0.0,0.0,0.0,0.0,66.0,0,121,58,35,65476,0,300,0,0,8,20529,65476,0,0,2621,60.0,0.0,0.0,0.0,0.0,0.0
2026-07-09T15:56:45,ERR,ERR,ERR,ERR,ERR,ERR,ERR,ERR,ERR,ERR,ERR,ERR,ERR,ERR,ERR,ERR,ERR,ERR,ERR,ERR,ERR,ERR,ERR,ERR,ERR,ERR,ERR,ERR,ERR,ERR,ERR,ERR,ERR,ERR,ERR,ERR,ERR,ERR,ERR,ERR,ERR,ERR,ERR,ERR,ERR,ERR,ERR,ERR,ERR,ERR,ERR,ERR,ERR,ERR,ERR,ERR,ERR,ERR,ERR,ERR,ERR,ERR,ERR,ERR,ERR,ERR,ERR,ERR,ERR,ERR,ERR,ERR,ERR,ERR,ERR,ERR,ERR,ERR,ERR,ERR,ERR,ERR,ERR,ERR,ERR,ERR,ERR,ERR,ERR,ERR,ERR,ERR,ERR,ERR,ERR,ERR,ERR,ERR,ERR,ERR,ERR,ERR,ERR,ERR,ERR,ERR,ERR,ERR,ERR,ERR,ERR,ERR,ERR,ERR,ERR,ERR,ERR,ERR,ERR,ERR,ERR,ERR,ERR,ERR,ERR,2.7184242562605685e+23,0.0,0.0,0.0,3286195765248.0,-0.0,-0.0,0.0,0,0,4,17314,7116,0.0,100,0.0,0.0,0.0,0.0,0.0,0,0,0,0,0.0,0,0,0,0,0,0,0,0,0,0,0,0,0,0,0,0,0,0,0,0,0,0,0,0,0,0,0,0,0,0,0,0,0,31,40,40,71,65476,0,300,0,0,8,21553,0.0,-107605600.0,0.0,0.0,0.0,0.0,0.0,0.0,0.0,0.0,0.0,0.0,0.0,0.0,0.0,0.0,0.0,0.0,0.0,0.0,0.0,0.0,0.0,-0.0,0.0,0.0,0.0,0.0,0.0,0.0,5488.0,0.0,6915.0,2.7184242562605685e+23,0.0,2.004,2.004,0.0,0.0,0.0,0.0,69,0.059,0.0,0.0,0.0,0.0,0.0,0.0,0.0,0.0,0,0,0,0.0,0.0,0.0,0.0,0.0,0.0,0.0,0.0,0.0,0.0,0.0,0.0,0.0,0.0,0.0,0.0,0,-107875648.0,69,0.0,138,0.0,2.012,ERR,ERR,ERR,ERR,ERR,ERR,ERR,ERR,ERR,ERR,ERR,ERR,ERR,ERR,ERR,ERR,ERR,ERR,ERR,ERR,ERR,ERR,ERR,ERR,ERR,ERR,ERR,ERR,ERR,ERR,ERR,ERR,ERR,ERR,ERR,ERR,ERR,ERR,ERR,ERR,ERR,ERR,ERR,ERR,ERR,ERR,ERR,ERR,ERR,ERR,ERR,ERR,ERR,ERR,ERR,ERR,ERR,ERR,ERR,ERR,ERR,ERR,ERR,ERR,ERR,ERR,ERR,60.0,60.0,35,0.0,0.0,0.0,0.0,0.0,0.0,0.0,0.0,0.0,0.0,0.0,0.0,0.0,0.0,0.0,0.0,65.2,0,121,58,35,65476,0,300,0,0,8,20529,65476,0,0,2621,60.0,0.0,0.0,0.0,0.0,0.0
2026-07-09T15:56:46,ERR,ERR,ERR,ERR,ERR,ERR,ERR,ERR,ERR,ERR,ERR,ERR,ERR,ERR,ERR,ERR,ERR,ERR,ERR,ERR,ERR,ERR,ERR,ERR,ERR,ERR,ERR,ERR,ERR,ERR,ERR,ERR,ERR,ERR,ERR,ERR,ERR,ERR,ERR,ERR,ERR,ERR,ERR,ERR,ERR,ERR,ERR,ERR,ERR,ERR,ERR,ERR,ERR,ERR,ERR,ERR,ERR,ERR,ERR,ERR,ERR,ERR,ERR,ERR,ERR,ERR,ERR,ERR,ERR,ERR,ERR,ERR,ERR,ERR,ERR,ERR,ERR,ERR,ERR,ERR,ERR,ERR,ERR,ERR,ERR,ERR,ERR,ERR,ERR,ERR,ERR,ERR,ERR,ERR,ERR,ERR,ERR,ERR,ERR,ERR,ERR,ERR,ERR,ERR,ERR,ERR,ERR,ERR,ERR,ERR,ERR,ERR,ERR,ERR,ERR,ERR,ERR,ERR,ERR,ERR,ERR,ERR,ERR,ERR,ERR,-107615088.0,-107616024.0,-107614912.0,0.0,7.940255950847671e+28,0.0,0.0,-0.0,0,0,4,17316,7116,0.0,100,0.0,0.0,0.0,0.0,0.0,0,0,0,0,0.0,0,0,0,0,0,0,0,0,0,0,0,0,0,0,0,0,0,0,0,0,0,0,0,0,0,0,0,0,0,0,0,0,0,31,40,40,71,65476,0,300,0,0,8,21553,0.0,-107605600.0,0.0,0.0,0.0,0.0,0.0,0.0,0.0,0.0,0.0,0.0,0.0,0.0,0.0,0.0,0.0,0.0,0.0,0.0,0.0,0.0,2.004,2.004,0.0,0.0,0.0,0.0,0.0,0.0,5497.0,0.0,6917.0,-107615088.0,-0.0,2.004,2.004,0.0,0.0,0.0,0.0,69,-0.0,0.0,0.0,0.0,0.0,0.0,0.0,0.0,0.0,0,0,0,0.0,0.0,0.0,0.0,0.0,0.0,0.0,0.0,0.0,0.0,0.0,0.0,0.0,0.0,0.0,0.0,0,-107875648.0,69,0.0,138,0.0,2.012,ERR,ERR,ERR,ERR,ERR,ERR,ERR,ERR,ERR,ERR,ERR,ERR,ERR,ERR,ERR,ERR,ERR,ERR,ERR,ERR,ERR,ERR,ERR,ERR,ERR,ERR,ERR,ERR,ERR,ERR,ERR,ERR,ERR,ERR,ERR,ERR,ERR,ERR,ERR,ERR,ERR,ERR,ERR,ERR,ERR,ERR,ERR,ERR,ERR,ERR,ERR,ERR,ERR,ERR,ERR,ERR,ERR,ERR,ERR,ERR,ERR,ERR,ERR,ERR,ERR,ERR,ERR,60.0,60.0,35,0.0,0.0,0.0,0.0,0.0,0.0,0.0,0.0,0.0,0.0,0.0,0.0,0.0,0.0,0.0,0.0,66.0,0,121,58,35,65476,0,300,0,0,8,20529,65476,0,0,2621,60.0,0.0,0.0,0.0,0.0,0.0
2026-07-09T15:56:47,ERR,ERR,ERR,ERR,ERR,ERR,ERR,ERR,ERR,ERR,ERR,ERR,ERR,ERR,ERR,ERR,ERR,ERR,ERR,ERR,ERR,ERR,ERR,ERR,ERR,ERR,ERR,ERR,ERR,ERR,ERR,ERR,ERR,ERR,ERR,ERR,ERR,ERR,ERR,ERR,ERR,ERR,ERR,ERR,ERR,ERR,ERR,ERR,ERR,ERR,ERR,ERR,ERR,ERR,ERR,ERR,ERR,ERR,ERR,ERR,ERR,ERR,ERR,ERR,ERR,ERR,ERR,ERR,ERR,ERR,ERR,ERR,ERR,ERR,ERR,ERR,ERR,ERR,ERR,ERR,ERR,ERR,ERR,ERR,ERR,ERR,ERR,ERR,ERR,ERR,ERR,ERR,ERR,ERR,ERR,ERR,ERR,ERR,ERR,ERR,ERR,ERR,ERR,ERR,ERR,ERR,ERR,ERR,ERR,ERR,ERR,ERR,ERR,ERR,ERR,ERR,ERR,ERR,ERR,ERR,ERR,ERR,ERR,ERR,ERR,-107615088.0,-107616024.0,-107614912.0,0.0,7.940255950847671e+28,0.0,0.0,-0.0,0,0,4,17316,7116,0.0,100,0.0,0.0,0.0,0.0,0.0,0,0,0,0,0.0,0,0,0,0,0,0,0,0,0,0,0,0,0,0,0,0,0,0,0,0,0,0,0,0,0,0,0,0,0,0,0,0,0,31,40,40,71,65476,0,300,0,0,8,21553,0.0,-107605600.0,0.0,0.0,0.0,0.0,0.0,0.0,0.0,0.0,0.0,0.0,0.0,0.0,0.0,0.0,0.0,0.0,0.0,0.0,0.0,0.0,2.004,2.004,0.0,0.0,0.0,0.0,0.0,0.0,5497.0,0.0,6917.0,-107615088.0,-0.0,2.004,2.004,0.0,0.0,0.0,0.0,69,-0.0,0.0,0.0,0.0,0.0,0.0,0.0,0.0,0.0,0,0,0,0.0,0.0,0.0,0.0,0.0,0.0,0.0,0.0,0.0,0.0,0.0,0.0,0.0,0.0,0.0,0.0,0,-107875648.0,69,0.0,138,0.0,2.012,ERR,ERR,ERR,ERR,ERR,ERR,ERR,ERR,ERR,ERR,ERR,ERR,ERR,ERR,ERR,ERR,ERR,ERR,ERR,ERR,ERR,ERR,ERR,ERR,ERR,ERR,ERR,ERR,ERR,ERR,ERR,ERR,ERR,ERR,ERR,ERR,ERR,ERR,ERR,ERR,ERR,ERR,ERR,ERR,ERR,ERR,ERR,ERR,ERR,ERR,ERR,ERR,ERR,ERR,ERR,ERR,ERR,ERR,ERR,ERR,ERR,ERR,ERR,ERR,ERR,ERR,ERR,60.0,60.0,35,0.0,0.0,0.0,0.0,0.0,0.0,0.0,0.0,0.0,0.0,0.0,0.0,0.0,0.0,0.0,0.0,66.0,0,121,58,35,65476,0,300,0,0,8,20529,65476,0,0,2621,60.0,0.0,0.0,0.0,0.0,0.0
2026-07-09T15:56:48,ERR,ERR,ERR,ERR,ERR,ERR,ERR,ERR,ERR,ERR,ERR,ERR,ERR,ERR,ERR,ERR,ERR,ERR,ERR,ERR,ERR,ERR,ERR,ERR,ERR,ERR,ERR,ERR,ERR,ERR,ERR,ERR,ERR,ERR,ERR,ERR,ERR,ERR,ERR,ERR,ERR,ERR,ERR,ERR,ERR,ERR,ERR,ERR,ERR,ERR,ERR,ERR,ERR,ERR,ERR,ERR,ERR,ERR,ERR,ERR,ERR,ERR,ERR,ERR,ERR,ERR,ERR,ERR,ERR,ERR,ERR,ERR,ERR,ERR,ERR,ERR,ERR,ERR,ERR,ERR,ERR,ERR,ERR,ERR,ERR,ERR,ERR,ERR,ERR,ERR,ERR,ERR,ERR,ERR,ERR,ERR,ERR,ERR,ERR,ERR,ERR,ERR,ERR,ERR,ERR,ERR,ERR,ERR,ERR,ERR,ERR,ERR,ERR,ERR,ERR,ERR,ERR,ERR,ERR,ERR,ERR,ERR,ERR,ERR,ERR,-107615088.0,-107616024.0,-107614912.0,0.0,7.940255950847671e+28,0.0,0.0,-0.0,0,0,4,17316,7116,0.0,100,0.0,0.0,0.0,0.0,0.0,0,0,0,0,0.0,0,0,0,0,0,0,0,0,0,0,0,0,0,0,0,0,0,0,0,0,0,0,0,0,0,0,0,0,0,0,0,0,0,31,40,40,71,65476,0,300,0,0,8,21553,0.0,-107605600.0,0.0,0.0,0.0,0.0,0.0,0.0,0.0,0.0,0.0,0.0,0.0,0.0,0.0,0.0,0.0,0.0,0.0,0.0,0.0,0.0,2.004,2.004,0.0,0.0,0.0,0.0,0.0,0.0,5497.0,0.0,6917.0,-107615088.0,-0.0,2.004,2.004,0.0,0.0,0.0,0.0,69,-0.0,0.0,0.0,0.0,0.0,0.0,0.0,0.0,0.0,0,0,0,0.0,0.0,0.0,0.0,0.0,0.0,0.0,0.0,0.0,0.0,0.0,0.0,0.0,0.0,0.0,0.0,0,-107875648.0,69,0.0,138,0.0,2.012,ERR,ERR,ERR,ERR,ERR,ERR,ERR,ERR,ERR,ERR,ERR,ERR,ERR,ERR,ERR,ERR,ERR,ERR,ERR,ERR,ERR,ERR,ERR,ERR,ERR,ERR,ERR,ERR,ERR,ERR,ERR,ERR,ERR,ERR,ERR,ERR,ERR,ERR,ERR,ERR,ERR,ERR,ERR,ERR,ERR,ERR,ERR,ERR,ERR,ERR,ERR,ERR,ERR,ERR,ERR,ERR,ERR,ERR,ERR,ERR,ERR,ERR,ERR,ERR,ERR,ERR,ERR,60.0,60.0,35,0.0,0.0,0.0,0.0,0.0,0.0,0.0,0.0,0.0,0.0,0.0,0.0,0.0,0.0,0.0,0.0,65.6,0,121,58,35,65476,0,300,0,0,8,20529,65476,0,0,2621,60.0,0.0,0.0,0.0,0.0,0.0
2026-07-09T15:56:49,ERR,ERR,ERR,ERR,ERR,ERR,ERR,ERR,ERR,ERR,ERR,ERR,ERR,ERR,ERR,ERR,ERR,ERR,ERR,ERR,ERR,ERR,ERR,ERR,ERR,ERR,ERR,ERR,ERR,ERR,ERR,ERR,ERR,ERR,ERR,ERR,ERR,ERR,ERR,ERR,ERR,ERR,ERR,ERR,ERR,ERR,ERR,ERR,ERR,ERR,ERR,ERR,ERR,ERR,ERR,ERR,ERR,ERR,ERR,ERR,ERR,ERR,ERR,ERR,ERR,ERR,ERR,ERR,ERR,ERR,ERR,ERR,ERR,ERR,ERR,ERR,ERR,ERR,ERR,ERR,ERR,ERR,ERR,ERR,ERR,ERR,ERR,ERR,ERR,ERR,ERR,ERR,ERR,ERR,ERR,ERR,ERR,ERR,ERR,ERR,ERR,ERR,ERR,ERR,ERR,ERR,ERR,ERR,ERR,ERR,ERR,ERR,ERR,ERR,ERR,ERR,ERR,ERR,ERR,ERR,ERR,ERR,ERR,ERR,ERR,-107615088.0,-107616024.0,-107614912.0,0.0,7.940255950847671e+28,0.0,0.0,-0.0,0,0,4,17316,7116,0.0,100,0.0,0.0,0.0,0.0,0.0,0,0,0,0,0.0,0,0,0,0,0,0,0,0,0,0,0,0,0,0,0,0,0,0,0,0,0,0,0,0,0,0,0,0,0,0,0,0,0,31,40,40,71,65476,0,300,0,0,8,21553,0.0,-107605600.0,0.0,0.0,0.0,0.0,0.0,0.0,0.0,0.0,0.0,0.0,0.0,0.0,0.0,0.0,0.0,0.0,0.0,0.0,0.0,0.0,2.004,2.004,0.0,0.0,0.0,0.0,0.0,0.0,5497.0,0.0,6917.0,-107615088.0,-0.0,2.004,2.004,0.0,0.0,0.0,0.0,69,-0.0,0.0,0.0,0.0,0.0,0.0,0.0,0.0,0.0,0,0,0,0.0,0.0,0.0,0.0,0.0,0.0,0.0,0.0,0.0,0.0,0.0,0.0,0.0,0.0,0.0,0.0,0,-107875648.0,69,0.0,138,0.0,2.012,ERR,ERR,ERR,ERR,ERR,ERR,ERR,ERR,ERR,ERR,ERR,ERR,ERR,ERR,ERR,ERR,ERR,ERR,ERR,ERR,ERR,ERR,ERR,ERR,ERR,ERR,ERR,ERR,ERR,ERR,ERR,ERR,ERR,ERR,ERR,ERR,ERR,ERR,ERR,ERR,ERR,ERR,ERR,ERR,ERR,ERR,ERR,ERR,ERR,ERR,ERR,ERR,ERR,ERR,ERR,ERR,ERR,ERR,ERR,ERR,ERR,ERR,ERR,ERR,ERR,ERR,ERR,60.0,60.0,35,0.0,0.0,0.0,0.0,0.0,0.0,0.0,0.0,0.0,0.0,0.0,0.0,0.0,0.0,0.0,0.0,65.6,0,121,58,35,65476,0,300,0,0,8,20529,65476,0,0,2621,60.0,0.0,0.0,0.0,0.0,0.0
2026-07-09T15:56:50,ERR,ERR,ERR,ERR,ERR,ERR,ERR,ERR,ERR,ERR,ERR,ERR,ERR,ERR,ERR,ERR,ERR,ERR,ERR,ERR,ERR,ERR,ERR,ERR,ERR,ERR,ERR,ERR,ERR,ERR,ERR,ERR,ERR,ERR,ERR,ERR,ERR,ERR,ERR,ERR,ERR,ERR,ERR,ERR,ERR,ERR,ERR,ERR,ERR,ERR,ERR,ERR,ERR,ERR,ERR,ERR,ERR,ERR,ERR,ERR,ERR,ERR,ERR,ERR,ERR,ERR,ERR,ERR,ERR,ERR,ERR,ERR,ERR,ERR,ERR,ERR,ERR,ERR,ERR,ERR,ERR,ERR,ERR,ERR,ERR,ERR,ERR,ERR,ERR,ERR,ERR,ERR,ERR,ERR,ERR,ERR,ERR,ERR,ERR,ERR,ERR,ERR,ERR,ERR,ERR,ERR,ERR,ERR,ERR,ERR,ERR,ERR,ERR,ERR,ERR,ERR,ERR,ERR,ERR,ERR,ERR,ERR,ERR,ERR,ERR,-107615088.0,-107616024.0,-107614912.0,0.0,7.940255950847671e+28,0.0,0.0,-0.0,0,0,4,17316,7116,0.0,100,0.0,0.0,0.0,0.0,0.0,0,0,0,0,0.0,0,0,0,0,0,0,0,0,0,0,0,0,0,0,0,0,0,0,0,0,0,0,0,0,0,0,0,0,0,0,0,0,0,31,40,40,71,65476,0,300,0,0,8,21553,0.0,-107605600.0,0.0,0.0,0.0,0.0,0.0,0.0,0.0,0.0,0.0,0.0,0.0,0.0,0.0,0.0,0.0,0.0,0.0,0.0,0.0,0.0,2.004,2.004,0.0,0.0,0.0,0.0,0.0,0.0,5497.0,0.0,6917.0,-107615088.0,-0.0,2.004,2.004,0.0,0.0,0.0,0.0,69,-0.0,0.0,0.0,0.0,0.0,0.0,0.0,0.0,0.0,0,0,0,0.0,0.0,0.0,0.0,0.0,0.0,0.0,0.0,0.0,0.0,0.0,0.0,0.0,0.0,0.0,0.0,0,-107875648.0,69,0.0,138,0.0,2.012,ERR,ERR,ERR,ERR,ERR,ERR,ERR,ERR,ERR,ERR,ERR,ERR,ERR,ERR,ERR,ERR,ERR,ERR,ERR,ERR,ERR,ERR,ERR,ERR,ERR,ERR,ERR,ERR,ERR,ERR,ERR,ERR,ERR,ERR,ERR,ERR,ERR,ERR,ERR,ERR,ERR,ERR,ERR,ERR,ERR,ERR,ERR,ERR,ERR,ERR,ERR,ERR,ERR,ERR,ERR,ERR,ERR,ERR,ERR,ERR,ERR,ERR,ERR,ERR,ERR,ERR,ERR,60.0,60.0,35,0.0,0.0,0.0,0.0,0.0,0.0,0.0,0.0,0.0,0.0,0.0,0.0,0.0,0.0,0.0,0.0,65.6,0,121,58,35,65476,0,300,0,0,8,20529,65476,0,0,2621,60.0,0.0,0.0,0.0,0.0,0.0
2026-07-09T15:56:51,ERR,ERR,ERR,ERR,ERR,ERR,ERR,ERR,ERR,ERR,ERR,ERR,ERR,ERR,ERR,ERR,ERR,ERR,ERR,ERR,ERR,ERR,ERR,ERR,ERR,ERR,ERR,ERR,ERR,ERR,ERR,ERR,ERR,ERR,ERR,ERR,ERR,ERR,ERR,ERR,ERR,ERR,ERR,ERR,ERR,ERR,ERR,ERR,ERR,ERR,ERR,ERR,ERR,ERR,ERR,ERR,ERR,ERR,ERR,ERR,ERR,ERR,ERR,ERR,ERR,ERR,ERR,ERR,ERR,ERR,ERR,ERR,ERR,ERR,ERR,ERR,ERR,ERR,ERR,ERR,ERR,ERR,ERR,ERR,ERR,ERR,ERR,ERR,ERR,ERR,ERR,ERR,ERR,ERR,ERR,ERR,ERR,ERR,ERR,ERR,ERR,ERR,ERR,ERR,ERR,ERR,ERR,ERR,ERR,ERR,ERR,ERR,ERR,ERR,ERR,ERR,ERR,ERR,ERR,ERR,ERR,ERR,ERR,ERR,ERR,0.0,2.7184453331068246e+23,-0.0,2.7183478752108883e+23,0.0,2.082,0.0,-0.0,0,0,4,17316,7116,0.0,100,0.0,0.0,2.7183478752108883e+23,0.0,0.0,0,0,0,0,0.0,0,0,0,0,0,0,0,0,0,0,0,0,0,0,0,0,0,0,0,0,0,0,0,0,0,0,0,0,0,0,0,0,0,31,40,40,71,65476,0,300,0,0,8,21553,0.0,-107605600.0,0.0,0.0,0.0,0.0,0.0,0.0,0.0,0.0,0.0,0.0,0.0,0.0,0.0,0.0,0.0,0.0,0.0,0.0,0.0,0.0,-0.0,0.0,0.0,0.0,0.0,0.0,0.0,0.0,5441.0,-1.040667113973027e+34,6943.0,0.0,0.0,2.004,2.004,0.0,0.0,0.0,0.0,69,-4.9504084813611264e+32,-2.3088312179351985e+20,0.0,0.0,0.0,0.0,0.0,0.0,0.0,0,0,0,0.0,0.0,0.0,0.0,0.0,0.0,0.0,0.0,0.0,0.0,0.0,0.0,0.0,0.0,0.0,0.0,0,-107875648.0,69,0.0,138,0.0,2.012,ERR,ERR,ERR,ERR,ERR,ERR,ERR,ERR,ERR,ERR,ERR,ERR,ERR,ERR,ERR,ERR,ERR,ERR,ERR,ERR,ERR,ERR,ERR,ERR,ERR,ERR,ERR,ERR,ERR,ERR,ERR,ERR,ERR,ERR,ERR,ERR,ERR,ERR,ERR,ERR,ERR,ERR,ERR,ERR,ERR,ERR,ERR,ERR,ERR,ERR,ERR,ERR,ERR,ERR,ERR,ERR,ERR,ERR,ERR,ERR,ERR,ERR,ERR,ERR,ERR,ERR,ERR,60.0,60.0,35,0.0,0.0,0.0,0.0,0.0,0.0,0.0,0.0,0.0,0.0,0.0,0.0,0.0,0.0,0.0,0.0,65.6,0,121,58,35,65476,0,300,0,0,8,20529,65476,0,0,2621,60.0,0.0,0.0,0.0,0.0,0.0
2026-07-09T15:56:52,ERR,ERR,ERR,ERR,ERR,ERR,ERR,ERR,ERR,ERR,ERR,ERR,ERR,ERR,ERR,ERR,ERR,ERR,ERR,ERR,ERR,ERR,ERR,ERR,ERR,ERR,ERR,ERR,ERR,ERR,ERR,ERR,ERR,ERR,ERR,ERR,ERR,ERR,ERR,ERR,ERR,ERR,ERR,ERR,ERR,ERR,ERR,ERR,ERR,ERR,ERR,ERR,ERR,ERR,ERR,ERR,ERR,ERR,ERR,ERR,ERR,ERR,ERR,ERR,ERR,ERR,ERR,ERR,ERR,ERR,ERR,ERR,ERR,ERR,ERR,ERR,ERR,ERR,ERR,ERR,ERR,ERR,ERR,ERR,ERR,ERR,ERR,ERR,ERR,ERR,ERR,ERR,ERR,ERR,ERR,ERR,ERR,ERR,ERR,ERR,ERR,ERR,ERR,ERR,ERR,ERR,ERR,ERR,ERR,ERR,ERR,ERR,ERR,ERR,ERR,ERR,ERR,ERR,ERR,ERR,ERR,ERR,ERR,ERR,ERR,0.0,2.7184453331068246e+23,-0.0,2.7183478752108883e+23,0.0,2.082,0.0,-0.0,0,0,4,17316,7116,0.0,100,0.0,0.0,2.7183478752108883e+23,0.0,0.0,0,0,0,0,0.0,0,0,0,0,0,0,0,0,0,0,0,0,0,0,0,0,0,0,0,0,0,0,0,0,0,0,0,0,0,0,0,0,0,31,40,40,71,65476,0,300,0,0,8,21553,0.0,-107605600.0,0.0,0.0,0.0,0.0,0.0,0.0,0.0,0.0,0.0,0.0,0.0,0.0,0.0,0.0,0.0,0.0,0.0,0.0,0.0,0.0,-0.0,0.0,0.0,0.0,0.0,0.0,0.0,0.0,5441.0,-1.040667113973027e+34,6943.0,0.0,0.0,2.004,2.004,0.0,0.0,0.0,0.0,69,-4.9504084813611264e+32,-2.3088312179351985e+20,0.0,0.0,0.0,0.0,0.0,0.0,0.0,0,0,0,0.0,0.0,0.0,0.0,0.0,0.0,0.0,0.0,0.0,0.0,0.0,0.0,0.0,0.0,0.0,0.0,0,-107875648.0,69,0.0,138,0.0,2.012,ERR,ERR,ERR,ERR,ERR,ERR,ERR,ERR,ERR,ERR,ERR,ERR,ERR,ERR,ERR,ERR,ERR,ERR,ERR,ERR,ERR,ERR,ERR,ERR,ERR,ERR,ERR,ERR,ERR,ERR,ERR,ERR,ERR,ERR,ERR,ERR,ERR,ERR,ERR,ERR,ERR,ERR,ERR,ERR,ERR,ERR,ERR,ERR,ERR,ERR,ERR,ERR,ERR,ERR,ERR,ERR,ERR,ERR,ERR,ERR,ERR,ERR,ERR,ERR,ERR,ERR,ERR,60.0,60.0,35,0.0,0.0,0.0,0.0,0.0,0.0,0.0,0.0,0.0,0.0,0.0,0.0,0.0,0.0,0.0,0.0,65.6,0,121,58,35,65476,0,300,0,0,8,20529,65476,0,0,2621,60.0,0.0,0.0,0.0,0.0,0.0
2026-07-09T15:56:53,ERR,ERR,ERR,ERR,ERR,ERR,ERR,ERR,ERR,ERR,ERR,ERR,ERR,ERR,ERR,ERR,ERR,ERR,ERR,ERR,ERR,ERR,ERR,ERR,ERR,ERR,ERR,ERR,ERR,ERR,ERR,ERR,ERR,ERR,ERR,ERR,ERR,ERR,ERR,ERR,ERR,ERR,ERR,ERR,ERR,ERR,ERR,ERR,ERR,ERR,ERR,ERR,ERR,ERR,ERR,ERR,ERR,ERR,ERR,ERR,ERR,ERR,ERR,ERR,ERR,ERR,ERR,ERR,ERR,ERR,ERR,ERR,ERR,ERR,ERR,ERR,ERR,ERR,ERR,ERR,ERR,ERR,ERR,ERR,ERR,ERR,ERR,ERR,ERR,ERR,ERR,ERR,ERR,ERR,ERR,ERR,ERR,ERR,ERR,ERR,ERR,ERR,ERR,ERR,ERR,ERR,ERR,ERR,ERR,ERR,ERR,ERR,ERR,ERR,ERR,ERR,ERR,ERR,ERR,ERR,ERR,ERR,ERR,ERR,ERR,0.0,2.7184453331068246e+23,-0.0,2.7183478752108883e+23,0.0,2.082,0.0,-0.0,0,0,4,17316,7116,0.0,100,0.0,0.0,2.7183478752108883e+23,0.0,0.0,0,0,0,0,0.0,0,0,0,0,0,0,0,0,0,0,0,0,0,0,0,0,0,0,0,0,0,0,0,0,0,0,0,0,0,0,0,0,0,31,40,40,71,65476,0,300,0,0,8,21553,0.0,-107605600.0,0.0,0.0,0.0,0.0,0.0,0.0,0.0,0.0,0.0,0.0,0.0,0.0,0.0,0.0,0.0,0.0,0.0,0.0,0.0,0.0,-0.0,0.0,0.0,0.0,0.0,0.0,0.0,0.0,5441.0,-1.040667113973027e+34,6943.0,0.0,0.0,2.004,2.004,0.0,0.0,0.0,0.0,69,-4.9504084813611264e+32,-2.3088312179351985e+20,0.0,0.0,0.0,0.0,0.0,0.0,0.0,0,0,0,0.0,0.0,0.0,0.0,0.0,0.0,0.0,0.0,0.0,0.0,0.0,0.0,0.0,0.0,0.0,0.0,0,-107875648.0,69,0.0,138,0.0,2.012,ERR,ERR,ERR,ERR,ERR,ERR,ERR,ERR,ERR,ERR,ERR,ERR,ERR,ERR,ERR,ERR,ERR,ERR,ERR,ERR,ERR,ERR,ERR,ERR,ERR,ERR,ERR,ERR,ERR,ERR,ERR,ERR,ERR,ERR,ERR,ERR,ERR,ERR,ERR,ERR,ERR,ERR,ERR,ERR,ERR,ERR,ERR,ERR,ERR,ERR,ERR,ERR,ERR,ERR,ERR,ERR,ERR,ERR,ERR,ERR,ERR,ERR,ERR,ERR,ERR,ERR,ERR,60.0,60.0,35,0.0,0.0,0.0,0.0,0.0,0.0,0.0,0.0,0.0,0.0,0.0,0.0,0.0,0.0,0.0,0.0,66.0,0,121,59,36,65476,0,300,0,0,8,20529,65476,0,0,2621,60.0,0.0,0.0,0.0,0.0,0.0
2026-07-09T15:56:54,ERR,ERR,ERR,ERR,ERR,ERR,ERR,ERR,ERR,ERR,ERR,ERR,ERR,ERR,ERR,ERR,ERR,ERR,ERR,ERR,ERR,ERR,ERR,ERR,ERR,ERR,ERR,ERR,ERR,ERR,ERR,ERR,ERR,ERR,ERR,ERR,ERR,ERR,ERR,ERR,ERR,ERR,ERR,ERR,ERR,ERR,ERR,ERR,ERR,ERR,ERR,ERR,ERR,ERR,ERR,ERR,ERR,ERR,ERR,ERR,ERR,ERR,ERR,ERR,ERR,ERR,ERR,ERR,ERR,ERR,ERR,ERR,ERR,ERR,ERR,ERR,ERR,ERR,ERR,ERR,ERR,ERR,ERR,ERR,ERR,ERR,ERR,ERR,ERR,ERR,ERR,ERR,ERR,ERR,ERR,ERR,ERR,ERR,ERR,ERR,ERR,ERR,ERR,ERR,ERR,ERR,ERR,ERR,ERR,ERR,ERR,ERR,ERR,ERR,ERR,ERR,ERR,ERR,ERR,ERR,ERR,ERR,ERR,ERR,ERR,0.0,2.7184453331068246e+23,-0.0,2.7183478752108883e+23,0.0,2.082,0.0,-0.0,0,0,4,17316,7116,0.0,100,0.0,0.0,2.7183478752108883e+23,0.0,0.0,0,0,0,0,0.0,0,0,0,0,0,0,0,0,0,0,0,0,0,0,0,0,0,0,0,0,0,0,0,0,0,0,0,0,0,0,0,0,0,31,40,40,71,65476,0,300,0,0,8,21553,0.0,-107605600.0,0.0,0.0,0.0,0.0,0.0,0.0,0.0,0.0,0.0,0.0,0.0,0.0,0.0,0.0,0.0,0.0,0.0,0.0,0.0,0.0,-0.0,0.0,0.0,0.0,0.0,0.0,0.0,0.0,5441.0,-1.040667113973027e+34,6943.0,0.0,0.0,2.004,2.004,0.0,0.0,0.0,0.0,69,-4.9504084813611264e+32,-2.3088312179351985e+20,0.0,0.0,0.0,0.0,0.0,0.0,0.0,0,0,0,0.0,0.0,0.0,0.0,0.0,0.0,0.0,0.0,0.0,0.0,0.0,0.0,0.0,0.0,0.0,0.0,0,-107875648.0,69,0.0,138,0.0,2.012,ERR,ERR,ERR,ERR,ERR,ERR,ERR,ERR,ERR,ERR,ERR,ERR,ERR,ERR,ERR,ERR,ERR,ERR,ERR,ERR,ERR,ERR,ERR,ERR,ERR,ERR,ERR,ERR,ERR,ERR,ERR,ERR,ERR,ERR,ERR,ERR,ERR,ERR,ERR,ERR,ERR,ERR,ERR,ERR,ERR,ERR,ERR,ERR,ERR,ERR,ERR,ERR,ERR,ERR,ERR,ERR,ERR,ERR,ERR,ERR,ERR,ERR,ERR,ERR,ERR,ERR,ERR,60.0,60.0,35,0.0,0.0,0.0,0.0,0.0,0.0,0.0,0.0,0.0,0.0,0.0,0.0,0.0,0.0,0.0,0.0,66.0,0,121,59,36,65476,0,300,0,0,8,20529,65476,0,0,2621,60.0,0.0,0.0,0.0,0.0,0.0
2026-07-09T15:56:55,ERR,ERR,ERR,ERR,ERR,ERR,ERR,ERR,ERR,ERR,ERR,ERR,ERR,ERR,ERR,ERR,ERR,ERR,ERR,ERR,ERR,ERR,ERR,ERR,ERR,ERR,ERR,ERR,ERR,ERR,ERR,ERR,ERR,ERR,ERR,ERR,ERR,ERR,ERR,ERR,ERR,ERR,ERR,ERR,ERR,ERR,ERR,ERR,ERR,ERR,ERR,ERR,ERR,ERR,ERR,ERR,ERR,ERR,ERR,ERR,ERR,ERR,ERR,ERR,ERR,ERR,ERR,ERR,ERR,ERR,ERR,ERR,ERR,ERR,ERR,ERR,ERR,ERR,ERR,ERR,ERR,ERR,ERR,ERR,ERR,ERR,ERR,ERR,ERR,ERR,ERR,ERR,ERR,ERR,ERR,ERR,ERR,ERR,ERR,ERR,ERR,ERR,ERR,ERR,ERR,ERR,ERR,ERR,ERR,ERR,ERR,ERR,ERR,ERR,ERR,ERR,ERR,ERR,ERR,ERR,ERR,ERR,ERR,ERR,ERR,0.0,2.7184453331068246e+23,-0.0,2.7183478752108883e+23,0.0,2.082,0.0,-0.0,0,0,4,17316,7116,0.0,100,0.0,0.0,2.7183478752108883e+23,0.0,0.0,0,0,0,0,0.0,0,0,0,0,0,0,0,0,0,0,0,0,0,0,0,0,0,0,0,0,0,0,0,0,0,0,0,0,0,0,0,0,0,31,40,40,71,65476,0,300,0,0,8,21553,0.0,-107605600.0,0.0,0.0,0.0,0.0,0.0,0.0,0.0,0.0,0.0,0.0,0.0,0.0,0.0,0.0,0.0,0.0,0.0,0.0,0.0,0.0,-0.0,0.0,0.0,0.0,0.0,0.0,0.0,0.0,5441.0,-1.040667113973027e+34,6943.0,0.0,0.0,2.004,2.004,0.0,0.0,0.0,0.0,69,-4.9504084813611264e+32,-2.3088312179351985e+20,0.0,0.0,0.0,0.0,0.0,0.0,0.0,0,0,0,0.0,0.0,0.0,0.0,0.0,0.0,0.0,0.0,0.0,0.0,0.0,0.0,0.0,0.0,0.0,0.0,0,-107875648.0,69,0.0,138,0.0,2.012,ERR,ERR,ERR,ERR,ERR,ERR,ERR,ERR,ERR,ERR,ERR,ERR,ERR,ERR,ERR,ERR,ERR,ERR,ERR,ERR,ERR,ERR,ERR,ERR,ERR,ERR,ERR,ERR,ERR,ERR,ERR,ERR,ERR,ERR,ERR,ERR,ERR,ERR,ERR,ERR,ERR,ERR,ERR,ERR,ERR,ERR,ERR,ERR,ERR,ERR,ERR,ERR,ERR,ERR,ERR,ERR,ERR,ERR,ERR,ERR,ERR,ERR,ERR,ERR,ERR,ERR,ERR,60.0,60.0,35,0.0,0.0,0.0,0.0,0.0,0.0,0.0,0.0,0.0,0.0,0.0,0.0,0.0,0.0,0.0,0.0,65.6,0,121,59,36,65476,0,300,0,0,8,20529,65476,0,0,2621,60.0,0.0,0.0,0.0,0.0,0.0
2026-07-09T15:56:56,ERR,ERR,ERR,ERR,ERR,ERR,ERR,ERR,ERR,ERR,ERR,ERR,ERR,ERR,ERR,ERR,ERR,ERR,ERR,ERR,ERR,ERR,ERR,ERR,ERR,ERR,ERR,ERR,ERR,ERR,ERR,ERR,ERR,ERR,ERR,ERR,ERR,ERR,ERR,ERR,ERR,ERR,ERR,ERR,ERR,ERR,ERR,ERR,ERR,ERR,ERR,ERR,ERR,ERR,ERR,ERR,ERR,ERR,ERR,ERR,ERR,ERR,ERR,ERR,ERR,ERR,ERR,ERR,ERR,ERR,ERR,ERR,ERR,ERR,ERR,ERR,ERR,ERR,ERR,ERR,ERR,ERR,ERR,ERR,ERR,ERR,ERR,ERR,ERR,ERR,ERR,ERR,ERR,ERR,ERR,ERR,ERR,ERR,ERR,ERR,ERR,ERR,ERR,ERR,ERR,ERR,ERR,ERR,ERR,ERR,ERR,ERR,ERR,ERR,ERR,ERR,ERR,ERR,ERR,ERR,ERR,ERR,ERR,ERR,ERR,0.0,0.0,-107614896.0,0.0,550965673984.0,4.028286408048488e+24,58.32,0.0,0,0,4,17312,7116,0.0,100,0.0,0.0,0.0,0.0,0.0,0,0,0,0,0.0,0,0,0,0,0,0,0,0,0,0,0,0,0,0,0,0,0,0,0,0,0,0,0,0,0,0,0,0,0,0,0,0,0,31,40,40,71,65476,0,300,0,0,8,21553,0.0,-107605600.0,0.0,0.0,0.0,0.0,0.0,0.0,0.0,0.0,0.0,0.0,0.0,0.0,0.0,0.0,0.0,0.0,0.0,0.0,0.0,0.0,-0.0,-3.697066946564247e+19,0.0,0.0,0.0,0.0,0.0,0.0,5448.0,-2.422991939757548e+24,6939.0,0.0,0.0,2.004,2.004,0.0,0.0,0.0,0.0,69,1.9056891869423206e+17,-0.0,0.0,0.0,0.0,0.0,0.0,0.0,0.0,0,0,0,0.0,0.0,0.0,0.0,0.0,0.0,0.0,0.0,0.0,0.0,0.0,0.0,0.0,0.0,0.0,0.0,0,-107875648.0,69,0.0,138,0.0,2.012,ERR,ERR,ERR,ERR,ERR,ERR,ERR,ERR,ERR,ERR,ERR,ERR,ERR,ERR,ERR,ERR,ERR,ERR,ERR,ERR,ERR,ERR,ERR,ERR,ERR,ERR,ERR,ERR,ERR,ERR,ERR,ERR,ERR,ERR,ERR,ERR,ERR,ERR,ERR,ERR,ERR,ERR,ERR,ERR,ERR,ERR,ERR,ERR,ERR,ERR,ERR,ERR,ERR,ERR,ERR,ERR,ERR,ERR,ERR,ERR,ERR,ERR,ERR,ERR,ERR,ERR,ERR,60.0,60.0,35,0.0,0.0,0.0,0.0,0.0,0.0,0.0,0.0,0.0,0.0,0.0,0.0,0.0,0.0,0.0,0.0,66.0,0,121,59,36,65476,0,300,0,0,8,20529,65476,0,0,2621,60.0,0.0,0.0,0.0,0.0,0.0
2026-07-09T15:56:57,ERR,ERR,ERR,ERR,ERR,ERR,ERR,ERR,ERR,ERR,ERR,ERR,ERR,ERR,ERR,ERR,ERR,ERR,ERR,ERR,ERR,ERR,ERR,ERR,ERR,ERR,ERR,ERR,ERR,ERR,ERR,ERR,ERR,ERR,ERR,ERR,ERR,ERR,ERR,ERR,ERR,ERR,ERR,ERR,ERR,ERR,ERR,ERR,ERR,ERR,ERR,ERR,ERR,ERR,ERR,ERR,ERR,ERR,ERR,ERR,ERR,ERR,ERR,ERR,ERR,ERR,ERR,ERR,ERR,ERR,ERR,ERR,ERR,ERR,ERR,ERR,ERR,ERR,ERR,ERR,ERR,ERR,ERR,ERR,ERR,ERR,ERR,ERR,ERR,ERR,ERR,ERR,ERR,ERR,ERR,ERR,ERR,ERR,ERR,ERR,ERR,ERR,ERR,ERR,ERR,ERR,ERR,ERR,ERR,ERR,ERR,ERR,ERR,ERR,ERR,ERR,ERR,ERR,ERR,ERR,ERR,ERR,ERR,ERR,ERR,0.0,0.0,-107614896.0,0.0,550965673984.0,4.028286408048488e+24,58.32,0.0,0,0,4,17312,7116,0.0,100,0.0,0.0,0.0,0.0,0.0,0,0,0,0,0.0,0,0,0,0,0,0,0,0,0,0,0,0,0,0,0,0,0,0,0,0,0,0,0,0,0,0,0,0,0,0,0,0,0,31,40,40,71,65476,0,300,0,0,8,21553,0.0,-107605600.0,0.0,0.0,0.0,0.0,0.0,0.0,0.0,0.0,0.0,0.0,0.0,0.0,0.0,0.0,0.0,0.0,0.0,0.0,0.0,0.0,-0.0,-3.697066946564247e+19,0.0,0.0,0.0,0.0,0.0,0.0,5448.0,-2.422991939757548e+24,6939.0,0.0,0.0,2.004,2.004,0.0,0.0,0.0,0.0,69,1.9056891869423206e+17,-0.0,0.0,0.0,0.0,0.0,0.0,0.0,0.0,0,0,0,0.0,0.0,0.0,0.0,0.0,0.0,0.0,0.0,0.0,0.0,0.0,0.0,0.0,0.0,0.0,0.0,0,-107875648.0,69,0.0,138,0.0,2.012,ERR,ERR,ERR,ERR,ERR,ERR,ERR,ERR,ERR,ERR,ERR,ERR,ERR,ERR,ERR,ERR,ERR,ERR,ERR,ERR,ERR,ERR,ERR,ERR,ERR,ERR,ERR,ERR,ERR,ERR,ERR,ERR,ERR,ERR,ERR,ERR,ERR,ERR,ERR,ERR,ERR,ERR,ERR,ERR,ERR,ERR,ERR,ERR,ERR,ERR,ERR,ERR,ERR,ERR,ERR,ERR,ERR,ERR,ERR,ERR,ERR,ERR,ERR,ERR,ERR,ERR,ERR,60.0,60.0,35,0.0,0.0,0.0,0.0,0.0,0.0,0.0,0.0,0.0,0.0,0.0,0.0,0.0,0.0,0.0,0.0,66.0,0,121,59,36,65476,0,300,0,0,8,20529,65476,0,0,2621,60.0,0.0,0.0,0.0,0.0,0.0
2026-07-09T15:56:58,ERR,ERR,ERR,ERR,ERR,ERR,ERR,ERR,ERR,ERR,ERR,ERR,ERR,ERR,ERR,ERR,ERR,ERR,ERR,ERR,ERR,ERR,ERR,ERR,ERR,ERR,ERR,ERR,ERR,ERR,ERR,ERR,ERR,ERR,ERR,ERR,ERR,ERR,ERR,ERR,ERR,ERR,ERR,ERR,ERR,ERR,ERR,ERR,ERR,ERR,ERR,ERR,ERR,ERR,ERR,ERR,ERR,ERR,ERR,ERR,ERR,ERR,ERR,ERR,ERR,ERR,ERR,ERR,ERR,ERR,ERR,ERR,ERR,ERR,ERR,ERR,ERR,ERR,ERR,ERR,ERR,ERR,ERR,ERR,ERR,ERR,ERR,ERR,ERR,ERR,ERR,ERR,ERR,ERR,ERR,ERR,ERR,ERR,ERR,ERR,ERR,ERR,ERR,ERR,ERR,ERR,ERR,ERR,ERR,ERR,ERR,ERR,ERR,ERR,ERR,ERR,ERR,ERR,ERR,ERR,ERR,ERR,ERR,ERR,ERR,0.0,0.0,-107614896.0,0.0,550965673984.0,4.028286408048488e+24,58.32,0.0,0,0,4,17312,7116,0.0,100,0.0,0.0,0.0,0.0,0.0,0,0,0,0,0.0,0,0,0,0,0,0,0,0,0,0,0,0,0,0,0,0,0,0,0,0,0,0,0,0,0,0,0,0,0,0,0,0,0,31,40,40,71,65476,0,300,0,0,8,21553,0.0,-107605600.0,0.0,0.0,0.0,0.0,0.0,0.0,0.0,0.0,0.0,0.0,0.0,0.0,0.0,0.0,0.0,0.0,0.0,0.0,0.0,0.0,-0.0,-3.697066946564247e+19,0.0,0.0,0.0,0.0,0.0,0.0,5448.0,-2.422991939757548e+24,6939.0,0.0,0.0,2.004,2.004,0.0,0.0,0.0,0.0,69,1.9056891869423206e+17,-0.0,0.0,0.0,0.0,0.0,0.0,0.0,0.0,0,0,0,0.0,0.0,0.0,0.0,0.0,0.0,0.0,0.0,0.0,0.0,0.0,0.0,0.0,0.0,0.0,0.0,0,-107875648.0,69,0.0,138,0.0,2.012,ERR,ERR,ERR,ERR,ERR,ERR,ERR,ERR,ERR,ERR,ERR,ERR,ERR,ERR,ERR,ERR,ERR,ERR,ERR,ERR,ERR,ERR,ERR,ERR,ERR,ERR,ERR,ERR,ERR,ERR,ERR,ERR,ERR,ERR,ERR,ERR,ERR,ERR,ERR,ERR,ERR,ERR,ERR,ERR,ERR,ERR,ERR,ERR,ERR,ERR,ERR,ERR,ERR,ERR,ERR,ERR,ERR,ERR,ERR,ERR,ERR,ERR,ERR,ERR,ERR,ERR,ERR,60.0,60.0,35,0.0,0.0,0.0,0.0,0.0,0.0,0.0,0.0,0.0,0.0,0.0,0.0,0.0,0.0,0.0,0.0,66.0,0,121,59,36,65476,0,300,0,0,8,20529,65476,0,0,2621,60.0,0.0,0.0,0.0,0.0,0.0
2026-07-09T15:56:59,ERR,ERR,ERR,ERR,ERR,ERR,ERR,ERR,ERR,ERR,ERR,ERR,ERR,ERR,ERR,ERR,ERR,ERR,ERR,ERR,ERR,ERR,ERR,ERR,ERR,ERR,ERR,ERR,ERR,ERR,ERR,ERR,ERR,ERR,ERR,ERR,ERR,ERR,ERR,ERR,ERR,ERR,ERR,ERR,ERR,ERR,ERR,ERR,ERR,ERR,ERR,ERR,ERR,ERR,ERR,ERR,ERR,ERR,ERR,ERR,ERR,ERR,ERR,ERR,ERR,ERR,ERR,ERR,ERR,ERR,ERR,ERR,ERR,ERR,ERR,ERR,ERR,ERR,ERR,ERR,ERR,ERR,ERR,ERR,ERR,ERR,ERR,ERR,ERR,ERR,ERR,ERR,ERR,ERR,ERR,ERR,ERR,ERR,ERR,ERR,ERR,ERR,ERR,ERR,ERR,ERR,ERR,ERR,ERR,ERR,ERR,ERR,ERR,ERR,ERR,ERR,ERR,ERR,ERR,ERR,ERR,ERR,ERR,ERR,ERR,0.0,0.0,-107614896.0,0.0,550965673984.0,4.028286408048488e+24,58.32,0.0,0,0,4,17312,7116,0.0,100,0.0,0.0,0.0,0.0,0.0,0,0,0,0,0.0,0,0,0,0,0,0,0,0,0,0,0,0,0,0,0,0,0,0,0,0,0,0,0,0,0,0,0,0,0,0,0,0,0,31,40,40,71,65476,0,300,0,0,8,21553,0.0,-107605600.0,0.0,0.0,0.0,0.0,0.0,0.0,0.0,0.0,0.0,0.0,0.0,0.0,0.0,0.0,0.0,0.0,0.0,0.0,0.0,0.0,-0.0,-3.697066946564247e+19,0.0,0.0,0.0,0.0,0.0,0.0,5448.0,-2.422991939757548e+24,6939.0,0.0,0.0,2.004,2.004,0.0,0.0,0.0,0.0,69,1.9056891869423206e+17,-0.0,0.0,0.0,0.0,0.0,0.0,0.0,0.0,0,0,0,0.0,0.0,0.0,0.0,0.0,0.0,0.0,0.0,0.0,0.0,0.0,0.0,0.0,0.0,0.0,0.0,0,-107875648.0,69,0.0,138,0.0,2.012,ERR,ERR,ERR,ERR,ERR,ERR,ERR,ERR,ERR,ERR,ERR,ERR,ERR,ERR,ERR,ERR,ERR,ERR,ERR,ERR,ERR,ERR,ERR,ERR,ERR,ERR,ERR,ERR,ERR,ERR,ERR,ERR,ERR,ERR,ERR,ERR,ERR,ERR,ERR,ERR,ERR,ERR,ERR,ERR,ERR,ERR,ERR,ERR,ERR,ERR,ERR,ERR,ERR,ERR,ERR,ERR,ERR,ERR,ERR,ERR,ERR,ERR,ERR,ERR,ERR,ERR,ERR,60.0,60.0,35,0.0,0.0,0.0,0.0,0.0,0.0,0.0,0.0,0.0,0.0,0.0,0.0,0.0,0.0,0.0,0.0,66.0,0,121,59,36,65476,0,300,0,0,8,20529,65476,0,0,2621,60.0,0.0,0.0,0.0,0.0,0.0
2026-07-09T15:57:00,ERR,ERR,ERR,ERR,ERR,ERR,ERR,ERR,ERR,ERR,ERR,ERR,ERR,ERR,ERR,ERR,ERR,ERR,ERR,ERR,ERR,ERR,ERR,ERR,ERR,ERR,ERR,ERR,ERR,ERR,ERR,ERR,ERR,ERR,ERR,ERR,ERR,ERR,ERR,ERR,ERR,ERR,ERR,ERR,ERR,ERR,ERR,ERR,ERR,ERR,ERR,ERR,ERR,ERR,ERR,ERR,ERR,ERR,ERR,ERR,ERR,ERR,ERR,ERR,ERR,ERR,ERR,ERR,ERR,ERR,ERR,ERR,ERR,ERR,ERR,ERR,ERR,ERR,ERR,ERR,ERR,ERR,ERR,ERR,ERR,ERR,ERR,ERR,ERR,ERR,ERR,ERR,ERR,ERR,ERR,ERR,ERR,ERR,ERR,ERR,ERR,ERR,ERR,ERR,ERR,ERR,ERR,ERR,ERR,ERR,ERR,ERR,ERR,ERR,ERR,ERR,ERR,ERR,ERR,ERR,ERR,ERR,ERR,ERR,ERR,0.0,0.0,-107614896.0,0.0,550965673984.0,4.028286408048488e+24,58.32,0.0,0,0,4,17312,7116,0.0,100,0.0,0.0,0.0,0.0,0.0,0,0,0,0,0.0,0,0,0,0,0,0,0,0,0,0,0,0,0,0,0,0,0,0,0,0,0,0,0,0,0,0,0,0,0,0,0,0,0,31,40,40,71,65476,0,300,0,0,8,21553,0.0,-107605600.0,0.0,0.0,0.0,0.0,0.0,0.0,0.0,0.0,0.0,0.0,0.0,0.0,0.0,0.0,0.0,0.0,0.0,0.0,0.0,0.0,-0.0,-3.697066946564247e+19,0.0,0.0,0.0,0.0,0.0,0.0,5448.0,-2.422991939757548e+24,6939.0,0.0,0.0,2.004,2.004,0.0,0.0,0.0,0.0,69,1.9056891869423206e+17,-0.0,0.0,0.0,0.0,0.0,0.0,0.0,0.0,0,0,0,0.0,0.0,0.0,0.0,0.0,0.0,0.0,0.0,0.0,0.0,0.0,0.0,0.0,0.0,0.0,0.0,0,-107875648.0,69,0.0,138,0.0,2.012,ERR,ERR,ERR,ERR,ERR,ERR,ERR,ERR,ERR,ERR,ERR,ERR,ERR,ERR,ERR,ERR,ERR,ERR,ERR,ERR,ERR,ERR,ERR,ERR,ERR,ERR,ERR,ERR,ERR,ERR,ERR,ERR,ERR,ERR,ERR,ERR,ERR,ERR,ERR,ERR,ERR,ERR,ERR,ERR,ERR,ERR,ERR,ERR,ERR,ERR,ERR,ERR,ERR,ERR,ERR,ERR,ERR,ERR,ERR,ERR,ERR,ERR,ERR,ERR,ERR,ERR,ERR,60.0,60.0,35,0.0,0.0,0.0,0.0,0.0,0.0,0.0,0.0,0.0,0.0,0.0,0.0,0.0,0.0,0.0,0.0,66.0,0,122,59,36,65476,0,300,0,0,8,20529,65476,0,0,2621,60.0,0.0,0.0,0.0,0.0,0.0
2026-07-09T15:57:01,ERR,ERR,ERR,ERR,ERR,ERR,ERR,ERR,ERR,ERR,ERR,ERR,ERR,ERR,ERR,ERR,ERR,ERR,ERR,ERR,ERR,ERR,ERR,ERR,ERR,ERR,ERR,ERR,ERR,ERR,ERR,ERR,ERR,ERR,ERR,ERR,ERR,ERR,ERR,ERR,ERR,ERR,ERR,ERR,ERR,ERR,ERR,ERR,ERR,ERR,ERR,ERR,ERR,ERR,ERR,ERR,ERR,ERR,ERR,ERR,ERR,ERR,ERR,ERR,ERR,ERR,ERR,ERR,ERR,ERR,ERR,ERR,ERR,ERR,ERR,ERR,ERR,ERR,ERR,ERR,ERR,ERR,ERR,ERR,ERR,ERR,ERR,ERR,ERR,ERR,ERR,ERR,ERR,ERR,ERR,ERR,ERR,ERR,ERR,ERR,ERR,ERR,ERR,ERR,ERR,ERR,ERR,ERR,ERR,ERR,ERR,ERR,ERR,ERR,ERR,ERR,ERR,ERR,ERR,ERR,ERR,ERR,ERR,ERR,ERR,-0.0,0.0,2.7184199328049262e+23,0.0,-0.0,-4.820817528076894e+19,-0.0,-0.016,0,0,4,17318,7116,0.0,100,0.0,0.0,0.0,0.0,0.0,0,0,0,0,0.0,0,0,0,0,0,0,0,0,0,0,0,0,0,0,0,0,0,0,0,0,0,0,0,0,0,0,0,0,0,0,0,0,0,31,40,40,71,65476,0,300,0,0,8,21553,0.0,-107605600.0,0.0,0.0,0.0,0.0,0.0,0.0,0.0,0.0,0.0,0.0,0.0,0.0,0.0,0.0,0.0,0.0,0.0,0.0,0.0,0.0,-2.004,-3.697066946564247e+19,0.0,0.0,0.0,0.0,0.0,0.0,5456.0,-2.004,6936.0,-0.0,0.0,2.004,2.004,0.0,0.0,0.0,0.0,69,-0.0,-0.0,0.0,0.0,0.0,0.0,0.0,0.0,0.0,0,0,0,0.0,0.0,0.0,0.0,0.0,0.0,0.0,0.0,0.0,0.0,0.0,0.0,0.0,0.0,0.0,0.0,0,-107875648.0,69,0.0,138,0.0,2.012,ERR,ERR,ERR,ERR,ERR,ERR,ERR,ERR,ERR,ERR,ERR,ERR,ERR,ERR,ERR,ERR,ERR,ERR,ERR,ERR,ERR,ERR,ERR,ERR,ERR,ERR,ERR,ERR,ERR,ERR,ERR,ERR,ERR,ERR,ERR,ERR,ERR,ERR,ERR,ERR,ERR,ERR,ERR,ERR,ERR,ERR,ERR,ERR,ERR,ERR,ERR,ERR,ERR,ERR,ERR,ERR,ERR,ERR,ERR,ERR,ERR,ERR,ERR,ERR,ERR,ERR,ERR,60.0,60.0,35,0.0,0.0,0.0,0.0,0.0,0.0,0.0,0.0,0.0,0.0,0.0,0.0,0.0,0.0,0.0,0.0,65.6,0,122,59,36,65476,0,300,0,0,8,20529,65476,0,0,2621,60.0,0.0,0.0,0.0,0.0,0.0
2026-07-09T15:57:02,ERR,ERR,ERR,ERR,ERR,ERR,ERR,ERR,ERR,ERR,ERR,ERR,ERR,ERR,ERR,ERR,ERR,ERR,ERR,ERR,ERR,ERR,ERR,ERR,ERR,ERR,ERR,ERR,ERR,ERR,ERR,ERR,ERR,ERR,ERR,ERR,ERR,ERR,ERR,ERR,ERR,ERR,ERR,ERR,ERR,ERR,ERR,ERR,ERR,ERR,ERR,ERR,ERR,ERR,ERR,ERR,ERR,ERR,ERR,ERR,ERR,ERR,ERR,ERR,ERR,ERR,ERR,ERR,ERR,ERR,ERR,ERR,ERR,ERR,ERR,ERR,ERR,ERR,ERR,ERR,ERR,ERR,ERR,ERR,ERR,ERR,ERR,ERR,ERR,ERR,ERR,ERR,ERR,ERR,ERR,ERR,ERR,ERR,ERR,ERR,ERR,ERR,ERR,ERR,ERR,ERR,ERR,ERR,ERR,ERR,ERR,ERR,ERR,ERR,ERR,ERR,ERR,ERR,ERR,ERR,ERR,ERR,ERR,ERR,ERR,-0.0,0.0,2.7184199328049262e+23,0.0,-0.0,-4.820817528076894e+19,-0.0,-0.016,0,0,4,17318,7116,0.0,100,0.0,0.0,0.0,0.0,0.0,0,0,0,0,0.0,0,0,0,0,0,0,0,0,0,0,0,0,0,0,0,0,0,0,0,0,0,0,0,0,0,0,0,0,0,0,0,0,0,31,40,40,71,65476,0,300,0,0,8,21553,0.0,-107605600.0,0.0,0.0,0.0,0.0,0.0,0.0,0.0,0.0,0.0,0.0,0.0,0.0,0.0,0.0,0.0,0.0,0.0,0.0,0.0,0.0,-2.004,-3.697066946564247e+19,0.0,0.0,0.0,0.0,0.0,0.0,5456.0,-2.004,6936.0,-0.0,0.0,2.004,2.004,0.0,0.0,0.0,0.0,69,-0.0,-0.0,0.0,0.0,0.0,0.0,0.0,0.0,0.0,0,0,0,0.0,0.0,0.0,0.0,0.0,0.0,0.0,0.0,0.0,0.0,0.0,0.0,0.0,0.0,0.0,0.0,0,-107875648.0,69,0.0,138,0.0,2.012,ERR,ERR,ERR,ERR,ERR,ERR,ERR,ERR,ERR,ERR,ERR,ERR,ERR,ERR,ERR,ERR,ERR,ERR,ERR,ERR,ERR,ERR,ERR,ERR,ERR,ERR,ERR,ERR,ERR,ERR,ERR,ERR,ERR,ERR,ERR,ERR,ERR,ERR,ERR,ERR,ERR,ERR,ERR,ERR,ERR,ERR,ERR,ERR,ERR,ERR,ERR,ERR,ERR,ERR,ERR,ERR,ERR,ERR,ERR,ERR,ERR,ERR,ERR,ERR,ERR,ERR,ERR,60.0,60.0,35,0.0,0.0,0.0,0.0,0.0,0.0,0.0,0.0,0.0,0.0,0.0,0.0,0.0,0.0,0.0,0.0,65.6,0,122,59,36,65476,0,300,0,0,8,20529,65476,0,0,2621,60.0,0.0,0.0,0.0,0.0,0.0
2026-07-09T15:57:03,ERR,ERR,ERR,ERR,ERR,ERR,ERR,ERR,ERR,ERR,ERR,ERR,ERR,ERR,ERR,ERR,ERR,ERR,ERR,ERR,ERR,ERR,ERR,ERR,ERR,ERR,ERR,ERR,ERR,ERR,ERR,ERR,ERR,ERR,ERR,ERR,ERR,ERR,ERR,ERR,ERR,ERR,ERR,ERR,ERR,ERR,ERR,ERR,ERR,ERR,ERR,ERR,ERR,ERR,ERR,ERR,ERR,ERR,ERR,ERR,ERR,ERR,ERR,ERR,ERR,ERR,ERR,ERR,ERR,ERR,ERR,ERR,ERR,ERR,ERR,ERR,ERR,ERR,ERR,ERR,ERR,ERR,ERR,ERR,ERR,ERR,ERR,ERR,ERR,ERR,ERR,ERR,ERR,ERR,ERR,ERR,ERR,ERR,ERR,ERR,ERR,ERR,ERR,ERR,ERR,ERR,ERR,ERR,ERR,ERR,ERR,ERR,ERR,ERR,ERR,ERR,ERR,ERR,ERR,ERR,ERR,ERR,ERR,ERR,ERR,-0.0,0.0,2.7184199328049262e+23,0.0,-0.0,-4.820817528076894e+19,-0.0,-0.016,0,0,4,17318,7116,0.0,100,0.0,0.0,0.0,0.0,0.0,0,0,0,0,0.0,0,0,0,0,0,0,0,0,0,0,0,0,0,0,0,0,0,0,0,0,0,0,0,0,0,0,0,0,0,0,0,0,0,31,40,40,71,65476,0,300,0,0,8,21553,0.0,-107605600.0,0.0,0.0,0.0,0.0,0.0,0.0,0.0,0.0,0.0,0.0,0.0,0.0,0.0,0.0,0.0,0.0,0.0,0.0,0.0,0.0,-2.004,-3.697066946564247e+19,0.0,0.0,0.0,0.0,0.0,0.0,5456.0,-2.004,6936.0,-0.0,0.0,2.004,2.004,0.0,0.0,0.0,0.0,69,-0.0,-0.0,0.0,0.0,0.0,0.0,0.0,0.0,0.0,0,0,0,0.0,0.0,0.0,0.0,0.0,0.0,0.0,0.0,0.0,0.0,0.0,0.0,0.0,0.0,0.0,0.0,0,-107875648.0,69,0.0,138,0.0,2.012,ERR,ERR,ERR,ERR,ERR,ERR,ERR,ERR,ERR,ERR,ERR,ERR,ERR,ERR,ERR,ERR,ERR,ERR,ERR,ERR,ERR,ERR,ERR,ERR,ERR,ERR,ERR,ERR,ERR,ERR,ERR,ERR,ERR,ERR,ERR,ERR,ERR,ERR,ERR,ERR,ERR,ERR,ERR,ERR,ERR,ERR,ERR,ERR,ERR,ERR,ERR,ERR,ERR,ERR,ERR,ERR,ERR,ERR,ERR,ERR,ERR,ERR,ERR,ERR,ERR,ERR,ERR,60.0,60.0,35,0.0,0.0,0.0,0.0,0.0,0.0,0.0,0.0,0.0,0.0,0.0,0.0,0.0,0.0,0.0,0.0,65.6,0,122,59,36,65476,0,300,0,0,8,20529,65476,0,0,2621,60.0,0.0,0.0,0.0,0.0,0.0
2026-07-09T15:57:04,ERR,ERR,ERR,ERR,ERR,ERR,ERR,ERR,ERR,ERR,ERR,ERR,ERR,ERR,ERR,ERR,ERR,ERR,ERR,ERR,ERR,ERR,ERR,ERR,ERR,ERR,ERR,ERR,ERR,ERR,ERR,ERR,ERR,ERR,ERR,ERR,ERR,ERR,ERR,ERR,ERR,ERR,ERR,ERR,ERR,ERR,ERR,ERR,ERR,ERR,ERR,ERR,ERR,ERR,ERR,ERR,ERR,ERR,ERR,ERR,ERR,ERR,ERR,ERR,ERR,ERR,ERR,ERR,ERR,ERR,ERR,ERR,ERR,ERR,ERR,ERR,ERR,ERR,ERR,ERR,ERR,ERR,ERR,ERR,ERR,ERR,ERR,ERR,ERR,ERR,ERR,ERR,ERR,ERR,ERR,ERR,ERR,ERR,ERR,ERR,ERR,ERR,ERR,ERR,ERR,ERR,ERR,ERR,ERR,ERR,ERR,ERR,ERR,ERR,ERR,ERR,ERR,ERR,ERR,ERR,ERR,ERR,ERR,ERR,ERR,-0.0,0.0,2.7184199328049262e+23,0.0,-0.0,-4.820817528076894e+19,-0.0,-0.016,0,0,4,17318,7116,0.0,100,0.0,0.0,0.0,0.0,0.0,0,0,0,0,0.0,0,0,0,0,0,0,0,0,0,0,0,0,0,0,0,0,0,0,0,0,0,0,0,0,0,0,0,0,0,0,0,0,0,31,40,40,71,65476,0,300,0,0,8,21553,0.0,-107605600.0,0.0,0.0,0.0,0.0,0.0,0.0,0.0,0.0,0.0,0.0,0.0,0.0,0.0,0.0,0.0,0.0,0.0,0.0,0.0,0.0,-2.004,-3.697066946564247e+19,0.0,0.0,0.0,0.0,0.0,0.0,5456.0,-2.004,6936.0,-0.0,0.0,2.004,2.004,0.0,0.0,0.0,0.0,69,-0.0,-0.0,0.0,0.0,0.0,0.0,0.0,0.0,0.0,0,0,0,0.0,0.0,0.0,0.0,0.0,0.0,0.0,0.0,0.0,0.0,0.0,0.0,0.0,0.0,0.0,0.0,0,-107875648.0,69,0.0,138,0.0,2.012,ERR,ERR,ERR,ERR,ERR,ERR,ERR,ERR,ERR,ERR,ERR,ERR,ERR,ERR,ERR,ERR,ERR,ERR,ERR,ERR,ERR,ERR,ERR,ERR,ERR,ERR,ERR,ERR,ERR,ERR,ERR,ERR,ERR,ERR,ERR,ERR,ERR,ERR,ERR,ERR,ERR,ERR,ERR,ERR,ERR,ERR,ERR,ERR,ERR,ERR,ERR,ERR,ERR,ERR,ERR,ERR,ERR,ERR,ERR,ERR,ERR,ERR,ERR,ERR,ERR,ERR,ERR,60.0,60.0,35,0.0,0.0,0.0,0.0,0.0,0.0,0.0,0.0,0.0,0.0,0.0,0.0,0.0,0.0,0.0,0.0,65.6,0,122,59,36,65476,0,300,0,0,8,20529,65476,0,0,2621,60.0,0.0,0.0,0.0,0.0,0.0
2026-07-09T15:57:05,ERR,ERR,ERR,ERR,ERR,ERR,ERR,ERR,ERR,ERR,ERR,ERR,ERR,ERR,ERR,ERR,ERR,ERR,ERR,ERR,ERR,ERR,ERR,ERR,ERR,ERR,ERR,ERR,ERR,ERR,ERR,ERR,ERR,ERR,ERR,ERR,ERR,ERR,ERR,ERR,ERR,ERR,ERR,ERR,ERR,ERR,ERR,ERR,ERR,ERR,ERR,ERR,ERR,ERR,ERR,ERR,ERR,ERR,ERR,ERR,ERR,ERR,ERR,ERR,ERR,ERR,ERR,ERR,ERR,ERR,ERR,ERR,ERR,ERR,ERR,ERR,ERR,ERR,ERR,ERR,ERR,ERR,ERR,ERR,ERR,ERR,ERR,ERR,ERR,ERR,ERR,ERR,ERR,ERR,ERR,ERR,ERR,ERR,ERR,ERR,ERR,ERR,ERR,ERR,ERR,ERR,ERR,ERR,ERR,ERR,ERR,ERR,ERR,ERR,ERR,ERR,ERR,ERR,ERR,ERR,ERR,ERR,ERR,ERR,ERR,-0.0,0.0,2.7184199328049262e+23,0.0,-0.0,-4.820817528076894e+19,-0.0,-0.016,0,0,4,17318,7116,0.0,100,0.0,0.0,0.0,0.0,0.0,0,0,0,0,0.0,0,0,0,0,0,0,0,0,0,0,0,0,0,0,0,0,0,0,0,0,0,0,0,0,0,0,0,0,0,0,0,0,0,31,40,40,71,65476,0,300,0,0,8,21553,0.0,-107605600.0,0.0,0.0,0.0,0.0,0.0,0.0,0.0,0.0,0.0,0.0,0.0,0.0,0.0,0.0,0.0,0.0,0.0,0.0,0.0,0.0,-2.004,-3.697066946564247e+19,0.0,0.0,0.0,0.0,0.0,0.0,5456.0,-2.004,6936.0,-0.0,0.0,2.004,2.004,0.0,0.0,0.0,0.0,69,-0.0,-0.0,0.0,0.0,0.0,0.0,0.0,0.0,0.0,0,0,0,0.0,0.0,0.0,0.0,0.0,0.0,0.0,0.0,0.0,0.0,0.0,0.0,0.0,0.0,0.0,0.0,0,-107875648.0,69,0.0,138,0.0,2.012,ERR,ERR,ERR,ERR,ERR,ERR,ERR,ERR,ERR,ERR,ERR,ERR,ERR,ERR,ERR,ERR,ERR,ERR,ERR,ERR,ERR,ERR,ERR,ERR,ERR,ERR,ERR,ERR,ERR,ERR,ERR,ERR,ERR,ERR,ERR,ERR,ERR,ERR,ERR,ERR,ERR,ERR,ERR,ERR,ERR,ERR,ERR,ERR,ERR,ERR,ERR,ERR,ERR,ERR,ERR,ERR,ERR,ERR,ERR,ERR,ERR,ERR,ERR,ERR,ERR,ERR,ERR,60.0,60.0,35,0.0,0.0,0.0,0.0,0.0,0.0,0.0,0.0,0.0,0.0,0.0,0.0,0.0,0.0,0.0,0.0,65.6,0,122,59,36,65476,0,300,0,0,8,20529,65476,0,0,2621,60.0,0.0,0.0,0.0,0.0,0.0
2026-07-09T15:57:06,ERR,ERR,ERR,ERR,ERR,ERR,ERR,ERR,ERR,ERR,ERR,ERR,ERR,ERR,ERR,ERR,ERR,ERR,ERR,ERR,ERR,ERR,ERR,ERR,ERR,ERR,ERR,ERR,ERR,ERR,ERR,ERR,ERR,ERR,ERR,ERR,ERR,ERR,ERR,ERR,ERR,ERR,ERR,ERR,ERR,ERR,ERR,ERR,ERR,ERR,ERR,ERR,ERR,ERR,ERR,ERR,ERR,ERR,ERR,ERR,ERR,ERR,ERR,ERR,ERR,ERR,ERR,ERR,ERR,ERR,ERR,ERR,ERR,ERR,ERR,ERR,ERR,ERR,ERR,ERR,ERR,ERR,ERR,ERR,ERR,ERR,ERR,ERR,ERR,ERR,ERR,ERR,ERR,ERR,ERR,ERR,ERR,ERR,ERR,ERR,ERR,ERR,ERR,ERR,ERR,ERR,ERR,ERR,ERR,ERR,ERR,ERR,ERR,ERR,ERR,ERR,ERR,ERR,ERR,ERR,ERR,ERR,ERR,ERR,ERR,0.0,-107616016.0,-0.0,2.7183478752108883e+23,-0.0,-94338.922,-0.0,73149259776.0,0,0,4,17312,7116,0.0,100,0.0,0.0,2.7183478752108883e+23,0.0,0.0,0,0,0,0,0.0,0,0,0,0,0,0,0,0,0,0,0,0,0,0,0,0,0,0,0,0,0,0,0,0,0,0,0,0,0,0,0,0,0,31,40,40,71,65476,0,300,0,0,8,21553,0.0,-107605600.0,0.0,0.0,0.0,0.0,0.0,0.0,0.0,0.0,0.0,0.0,0.0,0.0,0.0,0.0,0.0,0.0,0.0,0.0,0.0,0.0,0.0,-2.004,0.0,0.0,0.0,0.0,0.0,0.0,5467.0,-0.0,6934.0,0.0,-107616016.0,2.004,2.004,0.0,0.0,0.0,0.0,69,-4.950408868217389e+32,4.066860458222289e+29,0.0,0.0,0.0,0.0,0.0,0.0,0.0,0,0,0,0.0,0.0,0.0,0.0,0.0,0.0,0.0,0.0,0.0,0.0,0.0,0.0,0.0,0.0,0.0,0.0,0,-107875648.0,69,0.0,138,0.0,2.012,ERR,ERR,ERR,ERR,ERR,ERR,ERR,ERR,ERR,ERR,ERR,ERR,ERR,ERR,ERR,ERR,ERR,ERR,ERR,ERR,ERR,ERR,ERR,ERR,ERR,ERR,ERR,ERR,ERR,ERR,ERR,ERR,ERR,ERR,ERR,ERR,ERR,ERR,ERR,ERR,ERR,ERR,ERR,ERR,ERR,ERR,ERR,ERR,ERR,ERR,ERR,ERR,ERR,ERR,ERR,ERR,ERR,ERR,ERR,ERR,ERR,ERR,ERR,ERR,ERR,ERR,ERR,60.0,60.0,35,0.0,0.0,0.0,0.0,0.0,0.0,0.0,0.0,0.0,0.0,0.0,0.0,0.0,0.0,0.0,0.0,65.6,0,122,59,36,65476,0,300,0,0,8,20529,65476,0,0,2621,60.0,0.0,0.0,0.0,0.0,0.0
2026-07-09T15:57:07,ERR,ERR,ERR,ERR,ERR,ERR,ERR,ERR,ERR,ERR,ERR,ERR,ERR,ERR,ERR,ERR,ERR,ERR,ERR,ERR,ERR,ERR,ERR,ERR,ERR,ERR,ERR,ERR,ERR,ERR,ERR,ERR,ERR,ERR,ERR,ERR,ERR,ERR,ERR,ERR,ERR,ERR,ERR,ERR,ERR,ERR,ERR,ERR,ERR,ERR,ERR,ERR,ERR,ERR,ERR,ERR,ERR,ERR,ERR,ERR,ERR,ERR,ERR,ERR,ERR,ERR,ERR,ERR,ERR,ERR,ERR,ERR,ERR,ERR,ERR,ERR,ERR,ERR,ERR,ERR,ERR,ERR,ERR,ERR,ERR,ERR,ERR,ERR,ERR,ERR,ERR,ERR,ERR,ERR,ERR,ERR,ERR,ERR,ERR,ERR,ERR,ERR,ERR,ERR,ERR,ERR,ERR,ERR,ERR,ERR,ERR,ERR,ERR,ERR,ERR,ERR,ERR,ERR,ERR,ERR,ERR,ERR,ERR,ERR,ERR,0.0,-107616016.0,-0.0,2.7183478752108883e+23,-0.0,-94338.922,-0.0,73149259776.0,0,0,4,17312,7116,0.0,100,0.0,0.0,2.7183478752108883e+23,0.0,0.0,0,0,0,0,0.0,0,0,0,0,0,0,0,0,0,0,0,0,0,0,0,0,0,0,0,0,0,0,0,0,0,0,0,0,0,0,0,0,0,31,40,40,71,65476,0,300,0,0,8,21553,0.0,-107605600.0,0.0,0.0,0.0,0.0,0.0,0.0,0.0,0.0,0.0,0.0,0.0,0.0,0.0,0.0,0.0,0.0,0.0,0.0,0.0,0.0,0.0,-2.004,0.0,0.0,0.0,0.0,0.0,0.0,5467.0,-0.0,6934.0,0.0,-107616016.0,2.004,2.004,0.0,0.0,0.0,0.0,69,-4.950408868217389e+32,4.066860458222289e+29,0.0,0.0,0.0,0.0,0.0,0.0,0.0,0,0,0,0.0,0.0,0.0,0.0,0.0,0.0,0.0,0.0,0.0,0.0,0.0,0.0,0.0,0.0,0.0,0.0,0,-107875648.0,69,0.0,138,0.0,2.012,ERR,ERR,ERR,ERR,ERR,ERR,ERR,ERR,ERR,ERR,ERR,ERR,ERR,ERR,ERR,ERR,ERR,ERR,ERR,ERR,ERR,ERR,ERR,ERR,ERR,ERR,ERR,ERR,ERR,ERR,ERR,ERR,ERR,ERR,ERR,ERR,ERR,ERR,ERR,ERR,ERR,ERR,ERR,ERR,ERR,ERR,ERR,ERR,ERR,ERR,ERR,ERR,ERR,ERR,ERR,ERR,ERR,ERR,ERR,ERR,ERR,ERR,ERR,ERR,ERR,ERR,ERR,60.0,60.0,35,0.0,0.0,0.0,0.0,0.0,0.0,0.0,0.0,0.0,0.0,0.0,0.0,0.0,0.0,0.0,0.0,65.6,0,122,59,36,65476,0,300,0,0,8,20529,65476,0,0,2621,60.0,0.0,0.0,0.0,0.0,0.0
2026-07-09T15:57:08,ERR,ERR,ERR,ERR,ERR,ERR,ERR,ERR,ERR,ERR,ERR,ERR,ERR,ERR,ERR,ERR,ERR,ERR,ERR,ERR,ERR,ERR,ERR,ERR,ERR,ERR,ERR,ERR,ERR,ERR,ERR,ERR,ERR,ERR,ERR,ERR,ERR,ERR,ERR,ERR,ERR,ERR,ERR,ERR,ERR,ERR,ERR,ERR,ERR,ERR,ERR,ERR,ERR,ERR,ERR,ERR,ERR,ERR,ERR,ERR,ERR,ERR,ERR,ERR,ERR,ERR,ERR,ERR,ERR,ERR,ERR,ERR,ERR,ERR,ERR,ERR,ERR,ERR,ERR,ERR,ERR,ERR,ERR,ERR,ERR,ERR,ERR,ERR,ERR,ERR,ERR,ERR,ERR,ERR,ERR,ERR,ERR,ERR,ERR,ERR,ERR,ERR,ERR,ERR,ERR,ERR,ERR,ERR,ERR,ERR,ERR,ERR,ERR,ERR,ERR,ERR,ERR,ERR,ERR,ERR,ERR,ERR,ERR,ERR,ERR,0.0,-107616016.0,-0.0,2.7183478752108883e+23,-0.0,-94338.922,-0.0,73149259776.0,0,0,4,17312,7116,0.0,100,0.0,0.0,2.7183478752108883e+23,0.0,0.0,0,0,0,0,0.0,0,0,0,0,0,0,0,0,0,0,0,0,0,0,0,0,0,0,0,0,0,0,0,0,0,0,0,0,0,0,0,0,0,31,40,40,71,65476,0,300,0,0,8,21553,0.0,-107605600.0,0.0,0.0,0.0,0.0,0.0,0.0,0.0,0.0,0.0,0.0,0.0,0.0,0.0,0.0,0.0,0.0,0.0,0.0,0.0,0.0,0.0,-2.004,0.0,0.0,0.0,0.0,0.0,0.0,5467.0,-0.0,6934.0,0.0,-107616016.0,2.004,2.004,0.0,0.0,0.0,0.0,69,-4.950408868217389e+32,4.066860458222289e+29,0.0,0.0,0.0,0.0,0.0,0.0,0.0,0,0,0,0.0,0.0,0.0,0.0,0.0,0.0,0.0,0.0,0.0,0.0,0.0,0.0,0.0,0.0,0.0,0.0,0,-107875648.0,69,0.0,138,0.0,2.012,ERR,ERR,ERR,ERR,ERR,ERR,ERR,ERR,ERR,ERR,ERR,ERR,ERR,ERR,ERR,ERR,ERR,ERR,ERR,ERR,ERR,ERR,ERR,ERR,ERR,ERR,ERR,ERR,ERR,ERR,ERR,ERR,ERR,ERR,ERR,ERR,ERR,ERR,ERR,ERR,ERR,ERR,ERR,ERR,ERR,ERR,ERR,ERR,ERR,ERR,ERR,ERR,ERR,ERR,ERR,ERR,ERR,ERR,ERR,ERR,ERR,ERR,ERR,ERR,ERR,ERR,ERR,60.0,60.0,35,0.0,0.0,0.0,0.0,0.0,0.0,0.0,0.0,0.0,0.0,0.0,0.0,0.0,0.0,0.0,0.0,66.0,0,122,59,36,65476,0,300,0,0,8,20529,65476,0,0,2621,60.0,0.0,0.0,0.0,0.0,0.0
2026-07-09T15:57:09,ERR,ERR,ERR,ERR,ERR,ERR,ERR,ERR,ERR,ERR,ERR,ERR,ERR,ERR,ERR,ERR,ERR,ERR,ERR,ERR,ERR,ERR,ERR,ERR,ERR,ERR,ERR,ERR,ERR,ERR,ERR,ERR,ERR,ERR,ERR,ERR,ERR,ERR,ERR,ERR,ERR,ERR,ERR,ERR,ERR,ERR,ERR,ERR,ERR,ERR,ERR,ERR,ERR,ERR,ERR,ERR,ERR,ERR,ERR,ERR,ERR,ERR,ERR,ERR,ERR,ERR,ERR,ERR,ERR,ERR,ERR,ERR,ERR,ERR,ERR,ERR,ERR,ERR,ERR,ERR,ERR,ERR,ERR,ERR,ERR,ERR,ERR,ERR,ERR,ERR,ERR,ERR,ERR,ERR,ERR,ERR,ERR,ERR,ERR,ERR,ERR,ERR,ERR,ERR,ERR,ERR,ERR,ERR,ERR,ERR,ERR,ERR,ERR,ERR,ERR,ERR,ERR,ERR,ERR,ERR,ERR,ERR,ERR,ERR,ERR,0.0,-107616016.0,-0.0,2.7183478752108883e+23,-0.0,-94338.922,-0.0,73149259776.0,0,0,4,17312,7116,0.0,100,0.0,0.0,2.7183478752108883e+23,0.0,0.0,0,0,0,0,0.0,0,0,0,0,0,0,0,0,0,0,0,0,0,0,0,0,0,0,0,0,0,0,0,0,0,0,0,0,0,0,0,0,0,31,40,40,71,65476,0,300,0,0,8,21553,0.0,-107605600.0,0.0,0.0,0.0,0.0,0.0,0.0,0.0,0.0,0.0,0.0,0.0,0.0,0.0,0.0,0.0,0.0,0.0,0.0,0.0,0.0,0.0,-2.004,0.0,0.0,0.0,0.0,0.0,0.0,5467.0,-0.0,6934.0,0.0,-107616016.0,2.004,2.004,0.0,0.0,0.0,0.0,69,-4.950408868217389e+32,4.066860458222289e+29,0.0,0.0,0.0,0.0,0.0,0.0,0.0,0,0,0,0.0,0.0,0.0,0.0,0.0,0.0,0.0,0.0,0.0,0.0,0.0,0.0,0.0,0.0,0.0,0.0,0,-107875648.0,69,0.0,138,0.0,2.012,ERR,ERR,ERR,ERR,ERR,ERR,ERR,ERR,ERR,ERR,ERR,ERR,ERR,ERR,ERR,ERR,ERR,ERR,ERR,ERR,ERR,ERR,ERR,ERR,ERR,ERR,ERR,ERR,ERR,ERR,ERR,ERR,ERR,ERR,ERR,ERR,ERR,ERR,ERR,ERR,ERR,ERR,ERR,ERR,ERR,ERR,ERR,ERR,ERR,ERR,ERR,ERR,ERR,ERR,ERR,ERR,ERR,ERR,ERR,ERR,ERR,ERR,ERR,ERR,ERR,ERR,ERR,60.0,60.0,35,0.0,0.0,0.0,0.0,0.0,0.0,0.0,0.0,0.0,0.0,0.0,0.0,0.0,0.0,0.0,0.0,65.6,0,122,59,36,65476,0,300,0,0,8,20529,65476,0,0,2621,60.0,0.0,0.0,0.0,0.0,0.0
2026-07-09T15:57:10,ERR,ERR,ERR,ERR,ERR,ERR,ERR,ERR,ERR,ERR,ERR,ERR,ERR,ERR,ERR,ERR,ERR,ERR,ERR,ERR,ERR,ERR,ERR,ERR,ERR,ERR,ERR,ERR,ERR,ERR,ERR,ERR,ERR,ERR,ERR,ERR,ERR,ERR,ERR,ERR,ERR,ERR,ERR,ERR,ERR,ERR,ERR,ERR,ERR,ERR,ERR,ERR,ERR,ERR,ERR,ERR,ERR,ERR,ERR,ERR,ERR,ERR,ERR,ERR,ERR,ERR,ERR,ERR,ERR,ERR,ERR,ERR,ERR,ERR,ERR,ERR,ERR,ERR,ERR,ERR,ERR,ERR,ERR,ERR,ERR,ERR,ERR,ERR,ERR,ERR,ERR,ERR,ERR,ERR,ERR,ERR,ERR,ERR,ERR,ERR,ERR,ERR,ERR,ERR,ERR,ERR,ERR,ERR,ERR,ERR,ERR,ERR,ERR,ERR,ERR,ERR,ERR,ERR,ERR,ERR,ERR,ERR,ERR,ERR,ERR,2.7184246165485387e+23,-107616016.0,0.0,0.0,0.0,-47349288140800.0,-0.0,5.810430157650533e+25,0,0,4,17311,7116,0.0,100,0.0,0.0,0.0,0.0,0.0,0,0,0,0,0.0,0,0,0,0,0,0,0,0,0,0,0,0,0,0,0,0,0,0,0,0,0,0,0,0,0,0,0,0,0,0,0,0,0,31,40,40,71,65476,0,300,0,0,8,21553,0.0,-107605600.0,0.0,0.0,0.0,0.0,0.0,0.0,0.0,0.0,0.0,0.0,0.0,0.0,0.0,0.0,0.0,0.0,0.0,0.0,0.0,0.0,2.004,-2.004,0.0,0.0,0.0,0.0,0.0,0.0,5443.0,-0.0,6930.0,2.7184246165485387e+23,-107616016.0,2.004,2.004,0.0,0.0,0.0,0.0,69,89220.719,126840684544.0,0.0,0.0,0.0,0.0,0.0,0.0,0.0,0,0,0,0.0,0.0,0.0,0.0,0.0,0.0,0.0,0.0,0.0,0.0,0.0,0.0,0.0,0.0,0.0,0.0,0,-107875648.0,69,0.0,138,0.0,2.012,ERR,ERR,ERR,ERR,ERR,ERR,ERR,ERR,ERR,ERR,ERR,ERR,ERR,ERR,ERR,ERR,ERR,ERR,ERR,ERR,ERR,ERR,ERR,ERR,ERR,ERR,ERR,ERR,ERR,ERR,ERR,ERR,ERR,ERR,ERR,ERR,ERR,ERR,ERR,ERR,ERR,ERR,ERR,ERR,ERR,ERR,ERR,ERR,ERR,ERR,ERR,ERR,ERR,ERR,ERR,ERR,ERR,ERR,ERR,ERR,ERR,ERR,ERR,ERR,ERR,ERR,ERR,60.0,60.0,35,0.0,0.0,0.0,0.0,0.0,0.0,0.0,0.0,0.0,0.0,0.0,0.0,0.0,0.0,0.0,0.0,65.6,0,122,59,36,65476,0,300,0,0,8,20529,65476,0,0,2621,60.0,0.0,0.0,0.0,0.0,0.0
2026-07-09T15:57:11,ERR,ERR,ERR,ERR,ERR,ERR,ERR,ERR,ERR,ERR,ERR,ERR,ERR,ERR,ERR,ERR,ERR,ERR,ERR,ERR,ERR,ERR,ERR,ERR,ERR,ERR,ERR,ERR,ERR,ERR,ERR,ERR,ERR,ERR,ERR,ERR,ERR,ERR,ERR,ERR,ERR,ERR,ERR,ERR,ERR,ERR,ERR,ERR,ERR,ERR,ERR,ERR,ERR,ERR,ERR,ERR,ERR,ERR,ERR,ERR,ERR,ERR,ERR,ERR,ERR,ERR,ERR,ERR,ERR,ERR,ERR,ERR,ERR,ERR,ERR,ERR,ERR,ERR,ERR,ERR,ERR,ERR,ERR,ERR,ERR,ERR,ERR,ERR,ERR,ERR,ERR,ERR,ERR,ERR,ERR,ERR,ERR,ERR,ERR,ERR,ERR,ERR,ERR,ERR,ERR,ERR,ERR,ERR,ERR,ERR,ERR,ERR,ERR,ERR,ERR,ERR,ERR,ERR,ERR,ERR,ERR,ERR,ERR,ERR,ERR,2.7184246165485387e+23,-107616016.0,0.0,0.0,0.0,-47349288140800.0,-0.0,5.810430157650533e+25,0,0,4,17311,7116,0.0,100,0.0,0.0,0.0,0.0,0.0,0,0,0,0,0.0,0,0,0,0,0,0,0,0,0,0,0,0,0,0,0,0,0,0,0,0,0,0,0,0,0,0,0,0,0,0,0,0,0,31,40,40,71,65476,0,300,0,0,8,21553,0.0,-107605600.0,0.0,0.0,0.0,0.0,0.0,0.0,0.0,0.0,0.0,0.0,0.0,0.0,0.0,0.0,0.0,0.0,0.0,0.0,0.0,0.0,2.004,-2.004,0.0,0.0,0.0,0.0,0.0,0.0,5443.0,-0.0,6930.0,2.7184246165485387e+23,-107616016.0,2.004,2.004,0.0,0.0,0.0,0.0,69,89220.719,126840684544.0,0.0,0.0,0.0,0.0,0.0,0.0,0.0,0,0,0,0.0,0.0,0.0,0.0,0.0,0.0,0.0,0.0,0.0,0.0,0.0,0.0,0.0,0.0,0.0,0.0,0,-107875648.0,69,0.0,138,0.0,2.012,ERR,ERR,ERR,ERR,ERR,ERR,ERR,ERR,ERR,ERR,ERR,ERR,ERR,ERR,ERR,ERR,ERR,ERR,ERR,ERR,ERR,ERR,ERR,ERR,ERR,ERR,ERR,ERR,ERR,ERR,ERR,ERR,ERR,ERR,ERR,ERR,ERR,ERR,ERR,ERR,ERR,ERR,ERR,ERR,ERR,ERR,ERR,ERR,ERR,ERR,ERR,ERR,ERR,ERR,ERR,ERR,ERR,ERR,ERR,ERR,ERR,ERR,ERR,ERR,ERR,ERR,ERR,60.0,60.0,35,0.0,0.0,0.0,0.0,0.0,0.0,0.0,0.0,0.0,0.0,0.0,0.0,0.0,0.0,0.0,0.0,65.6,0,122,59,36,65476,0,300,0,0,8,20529,65476,0,0,2621,60.0,0.0,0.0,0.0,0.0,0.0
2026-07-09T15:57:12,ERR,ERR,ERR,ERR,ERR,ERR,ERR,ERR,ERR,ERR,ERR,ERR,ERR,ERR,ERR,ERR,ERR,ERR,ERR,ERR,ERR,ERR,ERR,ERR,ERR,ERR,ERR,ERR,ERR,ERR,ERR,ERR,ERR,ERR,ERR,ERR,ERR,ERR,ERR,ERR,ERR,ERR,ERR,ERR,ERR,ERR,ERR,ERR,ERR,ERR,ERR,ERR,ERR,ERR,ERR,ERR,ERR,ERR,ERR,ERR,ERR,ERR,ERR,ERR,ERR,ERR,ERR,ERR,ERR,ERR,ERR,ERR,ERR,ERR,ERR,ERR,ERR,ERR,ERR,ERR,ERR,ERR,ERR,ERR,ERR,ERR,ERR,ERR,ERR,ERR,ERR,ERR,ERR,ERR,ERR,ERR,ERR,ERR,ERR,ERR,ERR,ERR,ERR,ERR,ERR,ERR,ERR,ERR,ERR,ERR,ERR,ERR,ERR,ERR,ERR,ERR,ERR,ERR,ERR,ERR,ERR,ERR,ERR,ERR,ERR,2.7184246165485387e+23,-107616016.0,0.0,0.0,0.0,-47349288140800.0,-0.0,5.810430157650533e+25,0,0,4,17311,7116,0.0,100,0.0,0.0,0.0,0.0,0.0,0,0,0,0,0.0,0,0,0,0,0,0,0,0,0,0,0,0,0,0,0,0,0,0,0,0,0,0,0,0,0,0,0,0,0,0,0,0,0,31,40,40,71,65476,0,300,0,0,8,21553,0.0,-107605600.0,0.0,0.0,0.0,0.0,0.0,0.0,0.0,0.0,0.0,0.0,0.0,0.0,0.0,0.0,0.0,0.0,0.0,0.0,0.0,0.0,2.004,-2.004,0.0,0.0,0.0,0.0,0.0,0.0,5443.0,-0.0,6930.0,2.7184246165485387e+23,-107616016.0,2.004,2.004,0.0,0.0,0.0,0.0,69,89220.719,126840684544.0,0.0,0.0,0.0,0.0,0.0,0.0,0.0,0,0,0,0.0,0.0,0.0,0.0,0.0,0.0,0.0,0.0,0.0,0.0,0.0,0.0,0.0,0.0,0.0,0.0,0,-107875648.0,69,0.0,138,0.0,2.012,ERR,ERR,ERR,ERR,ERR,ERR,ERR,ERR,ERR,ERR,ERR,ERR,ERR,ERR,ERR,ERR,ERR,ERR,ERR,ERR,ERR,ERR,ERR,ERR,ERR,ERR,ERR,ERR,ERR,ERR,ERR,ERR,ERR,ERR,ERR,ERR,ERR,ERR,ERR,ERR,ERR,ERR,ERR,ERR,ERR,ERR,ERR,ERR,ERR,ERR,ERR,ERR,ERR,ERR,ERR,ERR,ERR,ERR,ERR,ERR,ERR,ERR,ERR,ERR,ERR,ERR,ERR,60.0,60.0,35,0.0,0.0,0.0,0.0,0.0,0.0,0.0,0.0,0.0,0.0,0.0,0.0,0.0,0.0,0.0,0.0,65.6,0,122,59,36,65476,0,300,0,0,8,20529,65476,0,0,2621,60.0,0.0,0.0,0.0,0.0,0.0
2026-07-09T15:57:13,ERR,ERR,ERR,ERR,ERR,ERR,ERR,ERR,ERR,ERR,ERR,ERR,ERR,ERR,ERR,ERR,ERR,ERR,ERR,ERR,ERR,ERR,ERR,ERR,ERR,ERR,ERR,ERR,ERR,ERR,ERR,ERR,ERR,ERR,ERR,ERR,ERR,ERR,ERR,ERR,ERR,ERR,ERR,ERR,ERR,ERR,ERR,ERR,ERR,ERR,ERR,ERR,ERR,ERR,ERR,ERR,ERR,ERR,ERR,ERR,ERR,ERR,ERR,ERR,ERR,ERR,ERR,ERR,ERR,ERR,ERR,ERR,ERR,ERR,ERR,ERR,ERR,ERR,ERR,ERR,ERR,ERR,ERR,ERR,ERR,ERR,ERR,ERR,ERR,ERR,ERR,ERR,ERR,ERR,ERR,ERR,ERR,ERR,ERR,ERR,ERR,ERR,ERR,ERR,ERR,ERR,ERR,ERR,ERR,ERR,ERR,ERR,ERR,ERR,ERR,ERR,ERR,ERR,ERR,ERR,ERR,ERR,ERR,ERR,ERR,2.7184246165485387e+23,-107616016.0,0.0,0.0,0.0,-47349288140800.0,-0.0,5.810430157650533e+25,0,0,4,17311,7116,0.0,100,0.0,0.0,0.0,0.0,0.0,0,0,0,0,0.0,0,0,0,0,0,0,0,0,0,0,0,0,0,0,0,0,0,0,0,0,0,0,0,0,0,0,0,0,0,0,0,0,0,31,40,40,71,65476,0,300,0,0,8,21553,0.0,-107605600.0,0.0,0.0,0.0,0.0,0.0,0.0,0.0,0.0,0.0,0.0,0.0,0.0,0.0,0.0,0.0,0.0,0.0,0.0,0.0,0.0,2.004,-2.004,0.0,0.0,0.0,0.0,0.0,0.0,5443.0,-0.0,6930.0,2.7184246165485387e+23,-107616016.0,2.004,2.004,0.0,0.0,0.0,0.0,69,89220.719,126840684544.0,0.0,0.0,0.0,0.0,0.0,0.0,0.0,0,0,0,0.0,0.0,0.0,0.0,0.0,0.0,0.0,0.0,0.0,0.0,0.0,0.0,0.0,0.0,0.0,0.0,0,-107875648.0,69,0.0,138,0.0,2.012,ERR,ERR,ERR,ERR,ERR,ERR,ERR,ERR,ERR,ERR,ERR,ERR,ERR,ERR,ERR,ERR,ERR,ERR,ERR,ERR,ERR,ERR,ERR,ERR,ERR,ERR,ERR,ERR,ERR,ERR,ERR,ERR,ERR,ERR,ERR,ERR,ERR,ERR,ERR,ERR,ERR,ERR,ERR,ERR,ERR,ERR,ERR,ERR,ERR,ERR,ERR,ERR,ERR,ERR,ERR,ERR,ERR,ERR,ERR,ERR,ERR,ERR,ERR,ERR,ERR,ERR,ERR,60.0,60.0,35,0.0,0.0,0.0,0.0,0.0,0.0,0.0,0.0,0.0,0.0,0.0,0.0,0.0,0.0,0.0,0.0,65.6,0,122,59,36,65476,0,300,0,0,8,20529,65476,0,0,2621,60.0,0.0,0.0,0.0,0.0,0.0
2026-07-09T15:57:14,ERR,ERR,ERR,ERR,ERR,ERR,ERR,ERR,ERR,ERR,ERR,ERR,ERR,ERR,ERR,ERR,ERR,ERR,ERR,ERR,ERR,ERR,ERR,ERR,ERR,ERR,ERR,ERR,ERR,ERR,ERR,ERR,ERR,ERR,ERR,ERR,ERR,ERR,ERR,ERR,ERR,ERR,ERR,ERR,ERR,ERR,ERR,ERR,ERR,ERR,ERR,ERR,ERR,ERR,ERR,ERR,ERR,ERR,ERR,ERR,ERR,ERR,ERR,ERR,ERR,ERR,ERR,ERR,ERR,ERR,ERR,ERR,ERR,ERR,ERR,ERR,ERR,ERR,ERR,ERR,ERR,ERR,ERR,ERR,ERR,ERR,ERR,ERR,ERR,ERR,ERR,ERR,ERR,ERR,ERR,ERR,ERR,ERR,ERR,ERR,ERR,ERR,ERR,ERR,ERR,ERR,ERR,ERR,ERR,ERR,ERR,ERR,ERR,ERR,ERR,ERR,ERR,ERR,ERR,ERR,ERR,ERR,ERR,ERR,ERR,2.7184246165485387e+23,-107616016.0,0.0,0.0,0.0,-47349288140800.0,-0.0,5.810430157650533e+25,0,0,4,17311,7116,0.0,100,0.0,0.0,0.0,0.0,0.0,0,0,0,0,0.0,0,0,0,0,0,0,0,0,0,0,0,0,0,0,0,0,0,0,0,0,0,0,0,0,0,0,0,0,0,0,0,0,0,31,40,40,71,65476,0,300,0,0,8,21553,0.0,-107605600.0,0.0,0.0,0.0,0.0,0.0,0.0,0.0,0.0,0.0,0.0,0.0,0.0,0.0,0.0,0.0,0.0,0.0,0.0,0.0,0.0,2.004,-2.004,0.0,0.0,0.0,0.0,0.0,0.0,5443.0,-0.0,6930.0,2.7184246165485387e+23,-107616016.0,2.004,2.004,0.0,0.0,0.0,0.0,69,89220.719,126840684544.0,0.0,0.0,0.0,0.0,0.0,0.0,0.0,0,0,0,0.0,0.0,0.0,0.0,0.0,0.0,0.0,0.0,0.0,0.0,0.0,0.0,0.0,0.0,0.0,0.0,0,-107875648.0,69,0.0,138,0.0,2.012,ERR,ERR,ERR,ERR,ERR,ERR,ERR,ERR,ERR,ERR,ERR,ERR,ERR,ERR,ERR,ERR,ERR,ERR,ERR,ERR,ERR,ERR,ERR,ERR,ERR,ERR,ERR,ERR,ERR,ERR,ERR,ERR,ERR,ERR,ERR,ERR,ERR,ERR,ERR,ERR,ERR,ERR,ERR,ERR,ERR,ERR,ERR,ERR,ERR,ERR,ERR,ERR,ERR,ERR,ERR,ERR,ERR,ERR,ERR,ERR,ERR,ERR,ERR,ERR,ERR,ERR,ERR,60.0,60.0,35,0.0,0.0,0.0,0.0,0.0,0.0,0.0,0.0,0.0,0.0,0.0,0.0,0.0,0.0,0.0,0.0,65.6,0,122,59,36,65476,0,300,0,0,8,20529,65476,0,0,2621,60.0,0.0,0.0,0.0,0.0,0.0
2026-07-09T15:57:15,ERR,ERR,ERR,ERR,ERR,ERR,ERR,ERR,ERR,ERR,ERR,ERR,ERR,ERR,ERR,ERR,ERR,ERR,ERR,ERR,ERR,ERR,ERR,ERR,ERR,ERR,ERR,ERR,ERR,ERR,ERR,ERR,ERR,ERR,ERR,ERR,ERR,ERR,ERR,ERR,ERR,ERR,ERR,ERR,ERR,ERR,ERR,ERR,ERR,ERR,ERR,ERR,ERR,ERR,ERR,ERR,ERR,ERR,ERR,ERR,ERR,ERR,ERR,ERR,ERR,ERR,ERR,ERR,ERR,ERR,ERR,ERR,ERR,ERR,ERR,ERR,ERR,ERR,ERR,ERR,ERR,ERR,ERR,ERR,ERR,ERR,ERR,ERR,ERR,ERR,ERR,ERR,ERR,ERR,ERR,ERR,ERR,ERR,ERR,ERR,ERR,ERR,ERR,ERR,ERR,ERR,ERR,ERR,ERR,ERR,ERR,ERR,ERR,ERR,ERR,ERR,ERR,ERR,ERR,ERR,ERR,ERR,ERR,ERR,ERR,2.7184246165485387e+23,-107616016.0,0.0,2.7183478752108883e+23,7.277915713359053e+16,155.256,-2.698023219272357e+34,-0.0,0,0,4,17314,7116,0.0,100,0.0,0.0,2.7183478752108883e+23,0.0,0.0,0,0,0,0,0.0,0,0,0,0,0,0,0,0,0,0,0,0,0,0,0,0,0,0,0,0,0,0,0,0,0,0,0,0,0,0,0,0,0,31,40,40,71,65476,0,300,0,0,8,21553,0.0,-107605600.0,0.0,0.0,0.0,0.0,0.0,0.0,0.0,0.0,0.0,0.0,0.0,0.0,0.0,0.0,0.0,0.0,0.0,0.0,0.0,0.0,2.004,-2.004,0.0,0.0,0.0,0.0,0.0,0.0,5456.0,1.040667113973027e+34,6927.0,2.7184246165485387e+23,-107616016.0,2.004,2.004,0.0,0.0,0.0,0.0,69,-107614944.0,0.0,0.0,0.0,0.0,0.0,0.0,0.0,0.0,0,0,0,0.0,0.0,0.0,0.0,0.0,0.0,0.0,0.0,0.0,0.0,0.0,0.0,0.0,0.0,0.0,0.0,0,-107875648.0,69,0.0,138,0.0,2.012,ERR,ERR,ERR,ERR,ERR,ERR,ERR,ERR,ERR,ERR,ERR,ERR,ERR,ERR,ERR,ERR,ERR,ERR,ERR,ERR,ERR,ERR,ERR,ERR,ERR,ERR,ERR,ERR,ERR,ERR,ERR,ERR,ERR,ERR,ERR,ERR,ERR,ERR,ERR,ERR,ERR,ERR,ERR,ERR,ERR,ERR,ERR,ERR,ERR,ERR,ERR,ERR,ERR,ERR,ERR,ERR,ERR,ERR,ERR,ERR,ERR,ERR,ERR,ERR,ERR,ERR,ERR,60.0,60.0,35,0.0,0.0,0.0,0.0,0.0,0.0,0.0,0.0,0.0,0.0,0.0,0.0,0.0,0.0,0.0,0.0,65.6,0,122,59,36,65476,0,300,0,0,8,20529,65476,0,0,2621,60.0,0.0,0.0,0.0,0.0,0.0
2026-07-09T15:57:16,ERR,ERR,ERR,ERR,ERR,ERR,ERR,ERR,ERR,ERR,ERR,ERR,ERR,ERR,ERR,ERR,ERR,ERR,ERR,ERR,ERR,ERR,ERR,ERR,ERR,ERR,ERR,ERR,ERR,ERR,ERR,ERR,ERR,ERR,ERR,ERR,ERR,ERR,ERR,ERR,ERR,ERR,ERR,ERR,ERR,ERR,ERR,ERR,ERR,ERR,ERR,ERR,ERR,ERR,ERR,ERR,ERR,ERR,ERR,ERR,ERR,ERR,ERR,ERR,ERR,ERR,ERR,ERR,ERR,ERR,ERR,ERR,ERR,ERR,ERR,ERR,ERR,ERR,ERR,ERR,ERR,ERR,ERR,ERR,ERR,ERR,ERR,ERR,ERR,ERR,ERR,ERR,ERR,ERR,ERR,ERR,ERR,ERR,ERR,ERR,ERR,ERR,ERR,ERR,ERR,ERR,ERR,ERR,ERR,ERR,ERR,ERR,ERR,ERR,ERR,ERR,ERR,ERR,ERR,ERR,ERR,ERR,ERR,ERR,ERR,2.7184246165485387e+23,-107616016.0,0.0,2.7183478752108883e+23,7.277915713359053e+16,155.256,-2.698023219272357e+34,-0.0,0,0,4,17314,7116,0.0,100,0.0,0.0,2.7183478752108883e+23,0.0,0.0,0,0,0,0,0.0,0,0,0,0,0,0,0,0,0,0,0,0,0,0,0,0,0,0,0,0,0,0,0,0,0,0,0,0,0,0,0,0,0,31,40,40,71,65476,0,300,0,0,8,21553,0.0,-107605600.0,0.0,0.0,0.0,0.0,0.0,0.0,0.0,0.0,0.0,0.0,0.0,0.0,0.0,0.0,0.0,0.0,0.0,0.0,0.0,0.0,2.004,-2.004,0.0,0.0,0.0,0.0,0.0,0.0,5456.0,1.040667113973027e+34,6927.0,2.7184246165485387e+23,-107616016.0,2.004,2.004,0.0,0.0,0.0,0.0,69,-107614944.0,0.0,0.0,0.0,0.0,0.0,0.0,0.0,0.0,0,0,0,0.0,0.0,0.0,0.0,0.0,0.0,0.0,0.0,0.0,0.0,0.0,0.0,0.0,0.0,0.0,0.0,0,-107875648.0,69,0.0,138,0.0,2.012,ERR,ERR,ERR,ERR,ERR,ERR,ERR,ERR,ERR,ERR,ERR,ERR,ERR,ERR,ERR,ERR,ERR,ERR,ERR,ERR,ERR,ERR,ERR,ERR,ERR,ERR,ERR,ERR,ERR,ERR,ERR,ERR,ERR,ERR,ERR,ERR,ERR,ERR,ERR,ERR,ERR,ERR,ERR,ERR,ERR,ERR,ERR,ERR,ERR,ERR,ERR,ERR,ERR,ERR,ERR,ERR,ERR,ERR,ERR,ERR,ERR,ERR,ERR,ERR,ERR,ERR,ERR,60.0,60.0,35,0.0,0.0,0.0,0.0,0.0,0.0,0.0,0.0,0.0,0.0,0.0,0.0,0.0,0.0,0.0,0.0,65.6,0,122,59,36,65476,0,300,0,0,8,20529,65476,0,0,2621,60.0,0.0,0.0,0.0,0.0,0.0
2026-07-09T15:57:17,ERR,ERR,ERR,ERR,ERR,ERR,ERR,ERR,ERR,ERR,ERR,ERR,ERR,ERR,ERR,ERR,ERR,ERR,ERR,ERR,ERR,ERR,ERR,ERR,ERR,ERR,ERR,ERR,ERR,ERR,ERR,ERR,ERR,ERR,ERR,ERR,ERR,ERR,ERR,ERR,ERR,ERR,ERR,ERR,ERR,ERR,ERR,ERR,ERR,ERR,ERR,ERR,ERR,ERR,ERR,ERR,ERR,ERR,ERR,ERR,ERR,ERR,ERR,ERR,ERR,ERR,ERR,ERR,ERR,ERR,ERR,ERR,ERR,ERR,ERR,ERR,ERR,ERR,ERR,ERR,ERR,ERR,ERR,ERR,ERR,ERR,ERR,ERR,ERR,ERR,ERR,ERR,ERR,ERR,ERR,ERR,ERR,ERR,ERR,ERR,ERR,ERR,ERR,ERR,ERR,ERR,ERR,ERR,ERR,ERR,ERR,ERR,ERR,ERR,ERR,ERR,ERR,ERR,ERR,ERR,ERR,ERR,ERR,ERR,ERR,2.7184246165485387e+23,-107616016.0,0.0,2.7183478752108883e+23,7.277915713359053e+16,155.256,-2.698023219272357e+34,-0.0,0,0,4,17314,7116,0.0,100,0.0,0.0,2.7183478752108883e+23,0.0,0.0,0,0,0,0,0.0,0,0,0,0,0,0,0,0,0,0,0,0,0,0,0,0,0,0,0,0,0,0,0,0,0,0,0,0,0,0,0,0,0,31,40,40,71,65476,0,300,0,0,8,21553,0.0,-107605600.0,0.0,0.0,0.0,0.0,0.0,0.0,0.0,0.0,0.0,0.0,0.0,0.0,0.0,0.0,0.0,0.0,0.0,0.0,0.0,0.0,2.004,-2.004,0.0,0.0,0.0,0.0,0.0,0.0,5456.0,1.040667113973027e+34,6927.0,2.7184246165485387e+23,-107616016.0,2.004,2.004,0.0,0.0,0.0,0.0,69,-107614944.0,0.0,0.0,0.0,0.0,0.0,0.0,0.0,0.0,0,0,0,0.0,0.0,0.0,0.0,0.0,0.0,0.0,0.0,0.0,0.0,0.0,0.0,0.0,0.0,0.0,0.0,0,-107875648.0,69,0.0,138,0.0,2.012,ERR,ERR,ERR,ERR,ERR,ERR,ERR,ERR,ERR,ERR,ERR,ERR,ERR,ERR,ERR,ERR,ERR,ERR,ERR,ERR,ERR,ERR,ERR,ERR,ERR,ERR,ERR,ERR,ERR,ERR,ERR,ERR,ERR,ERR,ERR,ERR,ERR,ERR,ERR,ERR,ERR,ERR,ERR,ERR,ERR,ERR,ERR,ERR,ERR,ERR,ERR,ERR,ERR,ERR,ERR,ERR,ERR,ERR,ERR,ERR,ERR,ERR,ERR,ERR,ERR,ERR,ERR,60.0,60.0,35,0.0,0.0,0.0,0.0,0.0,0.0,0.0,0.0,0.0,0.0,0.0,0.0,0.0,0.0,0.0,0.0,65.6,0,122,59,36,65476,0,300,0,0,8,20529,65476,0,0,2621,60.0,0.0,0.0,0.0,0.0,0.0
2026-07-09T15:57:18,ERR,ERR,ERR,ERR,ERR,ERR,ERR,ERR,ERR,ERR,ERR,ERR,ERR,ERR,ERR,ERR,ERR,ERR,ERR,ERR,ERR,ERR,ERR,ERR,ERR,ERR,ERR,ERR,ERR,ERR,ERR,ERR,ERR,ERR,ERR,ERR,ERR,ERR,ERR,ERR,ERR,ERR,ERR,ERR,ERR,ERR,ERR,ERR,ERR,ERR,ERR,ERR,ERR,ERR,ERR,ERR,ERR,ERR,ERR,ERR,ERR,ERR,ERR,ERR,ERR,ERR,ERR,ERR,ERR,ERR,ERR,ERR,ERR,ERR,ERR,ERR,ERR,ERR,ERR,ERR,ERR,ERR,ERR,ERR,ERR,ERR,ERR,ERR,ERR,ERR,ERR,ERR,ERR,ERR,ERR,ERR,ERR,ERR,ERR,ERR,ERR,ERR,ERR,ERR,ERR,ERR,ERR,ERR,ERR,ERR,ERR,ERR,ERR,ERR,ERR,ERR,ERR,ERR,ERR,ERR,ERR,ERR,ERR,ERR,ERR,2.7184246165485387e+23,-107616016.0,0.0,2.7183478752108883e+23,7.277915713359053e+16,155.256,-2.698023219272357e+34,-0.0,0,0,4,17314,7116,0.0,100,0.0,0.0,2.7183478752108883e+23,0.0,0.0,0,0,0,0,0.0,0,0,0,0,0,0,0,0,0,0,0,0,0,0,0,0,0,0,0,0,0,0,0,0,0,0,0,0,0,0,0,0,0,31,40,40,71,65476,0,300,0,0,8,21553,0.0,-107605600.0,0.0,0.0,0.0,0.0,0.0,0.0,0.0,0.0,0.0,0.0,0.0,0.0,0.0,0.0,0.0,0.0,0.0,0.0,0.0,0.0,2.004,-2.004,0.0,0.0,0.0,0.0,0.0,0.0,5456.0,1.040667113973027e+34,6927.0,2.7184246165485387e+23,-107616016.0,2.004,2.004,0.0,0.0,0.0,0.0,69,-107614944.0,0.0,0.0,0.0,0.0,0.0,0.0,0.0,0.0,0,0,0,0.0,0.0,0.0,0.0,0.0,0.0,0.0,0.0,0.0,0.0,0.0,0.0,0.0,0.0,0.0,0.0,0,-107875648.0,69,0.0,138,0.0,2.012,ERR,ERR,ERR,ERR,ERR,ERR,ERR,ERR,ERR,ERR,ERR,ERR,ERR,ERR,ERR,ERR,ERR,ERR,ERR,ERR,ERR,ERR,ERR,ERR,ERR,ERR,ERR,ERR,ERR,ERR,ERR,ERR,ERR,ERR,ERR,ERR,ERR,ERR,ERR,ERR,ERR,ERR,ERR,ERR,ERR,ERR,ERR,ERR,ERR,ERR,ERR,ERR,ERR,ERR,ERR,ERR,ERR,ERR,ERR,ERR,ERR,ERR,ERR,ERR,ERR,ERR,ERR,60.0,60.0,35,0.0,0.0,0.0,0.0,0.0,0.0,0.0,0.0,0.0,0.0,0.0,0.0,0.0,0.0,0.0,0.0,65.6,0,122,59,36,65476,0,300,0,0,8,20529,65476,0,0,2621,60.0,0.0,0.0,0.0,0.0,0.0
2026-07-09T15:57:19,ERR,ERR,ERR,ERR,ERR,ERR,ERR,ERR,ERR,ERR,ERR,ERR,ERR,ERR,ERR,ERR,ERR,ERR,ERR,ERR,ERR,ERR,ERR,ERR,ERR,ERR,ERR,ERR,ERR,ERR,ERR,ERR,ERR,ERR,ERR,ERR,ERR,ERR,ERR,ERR,ERR,ERR,ERR,ERR,ERR,ERR,ERR,ERR,ERR,ERR,ERR,ERR,ERR,ERR,ERR,ERR,ERR,ERR,ERR,ERR,ERR,ERR,ERR,ERR,ERR,ERR,ERR,ERR,ERR,ERR,ERR,ERR,ERR,ERR,ERR,ERR,ERR,ERR,ERR,ERR,ERR,ERR,ERR,ERR,ERR,ERR,ERR,ERR,ERR,ERR,ERR,ERR,ERR,ERR,ERR,ERR,ERR,ERR,ERR,ERR,ERR,ERR,ERR,ERR,ERR,ERR,ERR,ERR,ERR,ERR,ERR,ERR,ERR,ERR,ERR,ERR,ERR,ERR,ERR,ERR,ERR,ERR,ERR,ERR,ERR,2.7184246165485387e+23,-107616016.0,0.0,2.7183478752108883e+23,7.277915713359053e+16,155.256,-2.698023219272357e+34,-0.0,0,0,4,17314,7116,0.0,100,0.0,0.0,2.7183478752108883e+23,0.0,0.0,0,0,0,0,0.0,0,0,0,0,0,0,0,0,0,0,0,0,0,0,0,0,0,0,0,0,0,0,0,0,0,0,0,0,0,0,0,0,0,31,40,40,71,65476,0,300,0,0,8,21553,0.0,-107605600.0,0.0,0.0,0.0,0.0,0.0,0.0,0.0,0.0,0.0,0.0,0.0,0.0,0.0,0.0,0.0,0.0,0.0,0.0,0.0,0.0,2.004,-2.004,0.0,0.0,0.0,0.0,0.0,0.0,5456.0,1.040667113973027e+34,6927.0,2.7184246165485387e+23,-107616016.0,2.004,2.004,0.0,0.0,0.0,0.0,69,-107614944.0,0.0,0.0,0.0,0.0,0.0,0.0,0.0,0.0,0,0,0,0.0,0.0,0.0,0.0,0.0,0.0,0.0,0.0,0.0,0.0,0.0,0.0,0.0,0.0,0.0,0.0,0,-107875648.0,69,0.0,138,0.0,2.012,ERR,ERR,ERR,ERR,ERR,ERR,ERR,ERR,ERR,ERR,ERR,ERR,ERR,ERR,ERR,ERR,ERR,ERR,ERR,ERR,ERR,ERR,ERR,ERR,ERR,ERR,ERR,ERR,ERR,ERR,ERR,ERR,ERR,ERR,ERR,ERR,ERR,ERR,ERR,ERR,ERR,ERR,ERR,ERR,ERR,ERR,ERR,ERR,ERR,ERR,ERR,ERR,ERR,ERR,ERR,ERR,ERR,ERR,ERR,ERR,ERR,ERR,ERR,ERR,ERR,ERR,ERR,60.0,60.0,35,0.0,0.0,0.0,0.0,0.0,0.0,0.0,0.0,0.0,0.0,0.0,0.0,0.0,0.0,0.0,0.0,66.0,0,122,59,36,65476,0,300,0,0,8,20529,65476,0,0,2621,60.0,0.0,0.0,0.0,0.0,0.0
2026-07-09T15:57:20,ERR,ERR,ERR,ERR,ERR,ERR,ERR,ERR,ERR,ERR,ERR,ERR,ERR,ERR,ERR,ERR,ERR,ERR,ERR,ERR,ERR,ERR,ERR,ERR,ERR,ERR,ERR,ERR,ERR,ERR,ERR,ERR,ERR,ERR,ERR,ERR,ERR,ERR,ERR,ERR,ERR,ERR,ERR,ERR,ERR,ERR,ERR,ERR,ERR,ERR,ERR,ERR,ERR,ERR,ERR,ERR,ERR,ERR,ERR,ERR,ERR,ERR,ERR,ERR,ERR,ERR,ERR,ERR,ERR,ERR,ERR,ERR,ERR,ERR,ERR,ERR,ERR,ERR,ERR,ERR,ERR,ERR,ERR,ERR,ERR,ERR,ERR,ERR,ERR,ERR,ERR,ERR,ERR,ERR,ERR,ERR,ERR,ERR,ERR,ERR,ERR,ERR,ERR,ERR,ERR,ERR,ERR,ERR,ERR,ERR,ERR,ERR,ERR,ERR,ERR,ERR,ERR,ERR,ERR,ERR,ERR,ERR,ERR,ERR,ERR,2.7184246165485387e+23,-0.0,-108139168.0,0.0,1.638840344451492e+32,5.733416943094955e+22,0.0,-101293079134208.0,0,0,4,17316,7116,0.0,100,0.0,0.0,0.0,0.0,0.0,0,0,0,0,0.0,0,0,0,0,0,0,0,0,0,0,0,0,0,0,0,0,0,0,0,0,0,0,0,0,0,0,0,0,0,0,0,0,0,31,40,40,71,65476,0,300,0,0,8,21553,0.0,-107605600.0,0.0,0.0,0.0,0.0,0.0,0.0,0.0,0.0,0.0,0.0,0.0,0.0,0.0,0.0,0.0,0.0,0.0,0.0,0.0,0.0,-0.0,-0.0,0.0,0.0,0.0,0.0,0.0,0.0,5462.0,3.697192290889813e+19,6923.0,-107615104.0,-0.0,2.004,2.004,0.0,0.0,0.0,0.0,69,0.0,0.0,0.0,0.0,0.0,0.0,0.0,0.0,0.0,0,0,0,0.0,0.0,0.0,0.0,0.0,0.0,0.0,0.0,0.0,0.0,0.0,0.0,0.0,0.0,0.0,0.0,0,-107875648.0,69,0.0,138,0.0,2.012,ERR,ERR,ERR,ERR,ERR,ERR,ERR,ERR,ERR,ERR,ERR,ERR,ERR,ERR,ERR,ERR,ERR,ERR,ERR,ERR,ERR,ERR,ERR,ERR,ERR,ERR,ERR,ERR,ERR,ERR,ERR,ERR,ERR,ERR,ERR,ERR,ERR,ERR,ERR,ERR,ERR,ERR,ERR,ERR,ERR,ERR,ERR,ERR,ERR,ERR,ERR,ERR,ERR,ERR,ERR,ERR,ERR,ERR,ERR,ERR,ERR,ERR,ERR,ERR,ERR,ERR,ERR,60.0,60.0,35,0.0,0.0,0.0,0.0,0.0,0.0,0.0,0.0,0.0,0.0,0.0,0.0,0.0,0.0,0.0,0.0,66.0,0,122,59,36,65476,0,300,0,0,8,20529,65476,0,0,2621,60.0,0.0,0.0,0.0,0.0,0.0
2026-07-09T15:57:21,ERR,ERR,ERR,ERR,ERR,ERR,ERR,ERR,ERR,ERR,ERR,ERR,ERR,ERR,ERR,ERR,ERR,ERR,ERR,ERR,ERR,ERR,ERR,ERR,ERR,ERR,ERR,ERR,ERR,ERR,ERR,ERR,ERR,ERR,ERR,ERR,ERR,ERR,ERR,ERR,ERR,ERR,ERR,ERR,ERR,ERR,ERR,ERR,ERR,ERR,ERR,ERR,ERR,ERR,ERR,ERR,ERR,ERR,ERR,ERR,ERR,ERR,ERR,ERR,ERR,ERR,ERR,ERR,ERR,ERR,ERR,ERR,ERR,ERR,ERR,ERR,ERR,ERR,ERR,ERR,ERR,ERR,ERR,ERR,ERR,ERR,ERR,ERR,ERR,ERR,ERR,ERR,ERR,ERR,ERR,ERR,ERR,ERR,ERR,ERR,ERR,ERR,ERR,ERR,ERR,ERR,ERR,ERR,ERR,ERR,ERR,ERR,ERR,ERR,ERR,ERR,ERR,ERR,ERR,ERR,ERR,ERR,ERR,ERR,ERR,2.7184246165485387e+23,-0.0,-108139168.0,0.0,1.638840344451492e+32,5.733416943094955e+22,0.0,-101293079134208.0,0,0,4,17316,7116,0.0,100,0.0,0.0,0.0,0.0,0.0,0,0,0,0,0.0,0,0,0,0,0,0,0,0,0,0,0,0,0,0,0,0,0,0,0,0,0,0,0,0,0,0,0,0,0,0,0,0,0,31,40,40,71,65476,0,300,0,0,8,21553,0.0,-107605600.0,0.0,0.0,0.0,0.0,0.0,0.0,0.0,0.0,0.0,0.0,0.0,0.0,0.0,0.0,0.0,0.0,0.0,0.0,0.0,0.0,-0.0,-0.0,0.0,0.0,0.0,0.0,0.0,0.0,5462.0,3.697192290889813e+19,6923.0,-107615104.0,-0.0,2.004,2.004,0.0,0.0,0.0,0.0,69,0.0,0.0,0.0,0.0,0.0,0.0,0.0,0.0,0.0,0,0,0,0.0,0.0,0.0,0.0,0.0,0.0,0.0,0.0,0.0,0.0,0.0,0.0,0.0,0.0,0.0,0.0,0,-107875648.0,69,0.0,138,0.0,2.012,ERR,ERR,ERR,ERR,ERR,ERR,ERR,ERR,ERR,ERR,ERR,ERR,ERR,ERR,ERR,ERR,ERR,ERR,ERR,ERR,ERR,ERR,ERR,ERR,ERR,ERR,ERR,ERR,ERR,ERR,ERR,ERR,ERR,ERR,ERR,ERR,ERR,ERR,ERR,ERR,ERR,ERR,ERR,ERR,ERR,ERR,ERR,ERR,ERR,ERR,ERR,ERR,ERR,ERR,ERR,ERR,ERR,ERR,ERR,ERR,ERR,ERR,ERR,ERR,ERR,ERR,ERR,60.0,60.0,35,0.0,0.0,0.0,0.0,0.0,0.0,0.0,0.0,0.0,0.0,0.0,0.0,0.0,0.0,0.0,0.0,66.0,0,122,59,36,65476,0,300,0,0,8,20529,65476,0,0,2621,60.0,0.0,0.0,0.0,0.0,0.0
2026-07-09T15:57:22,ERR,ERR,ERR,ERR,ERR,ERR,ERR,ERR,ERR,ERR,ERR,ERR,ERR,ERR,ERR,ERR,ERR,ERR,ERR,ERR,ERR,ERR,ERR,ERR,ERR,ERR,ERR,ERR,ERR,ERR,ERR,ERR,ERR,ERR,ERR,ERR,ERR,ERR,ERR,ERR,ERR,ERR,ERR,ERR,ERR,ERR,ERR,ERR,ERR,ERR,ERR,ERR,ERR,ERR,ERR,ERR,ERR,ERR,ERR,ERR,ERR,ERR,ERR,ERR,ERR,ERR,ERR,ERR,ERR,ERR,ERR,ERR,ERR,ERR,ERR,ERR,ERR,ERR,ERR,ERR,ERR,ERR,ERR,ERR,ERR,ERR,ERR,ERR,ERR,ERR,ERR,ERR,ERR,ERR,ERR,ERR,ERR,ERR,ERR,ERR,ERR,ERR,ERR,ERR,ERR,ERR,ERR,ERR,ERR,ERR,ERR,ERR,ERR,ERR,ERR,ERR,ERR,ERR,ERR,ERR,ERR,ERR,ERR,ERR,ERR,2.7184246165485387e+23,-0.0,-108139168.0,0.0,1.638840344451492e+32,5.733416943094955e+22,0.0,-101293079134208.0,0,0,4,17316,7116,0.0,100,0.0,0.0,0.0,0.0,0.0,0,0,0,0,0.0,0,0,0,0,0,0,0,0,0,0,0,0,0,0,0,0,0,0,0,0,0,0,0,0,0,0,0,0,0,0,0,0,0,31,40,40,71,65476,0,300,0,0,8,21553,0.0,-107605600.0,0.0,0.0,0.0,0.0,0.0,0.0,0.0,0.0,0.0,0.0,0.0,0.0,0.0,0.0,0.0,0.0,0.0,0.0,0.0,0.0,-0.0,-0.0,0.0,0.0,0.0,0.0,0.0,0.0,5462.0,3.697192290889813e+19,6923.0,-107615104.0,-0.0,2.004,2.004,0.0,0.0,0.0,0.0,69,0.0,0.0,0.0,0.0,0.0,0.0,0.0,0.0,0.0,0,0,0,0.0,0.0,0.0,0.0,0.0,0.0,0.0,0.0,0.0,0.0,0.0,0.0,0.0,0.0,0.0,0.0,0,-107875648.0,69,0.0,138,0.0,2.012,ERR,ERR,ERR,ERR,ERR,ERR,ERR,ERR,ERR,ERR,ERR,ERR,ERR,ERR,ERR,ERR,ERR,ERR,ERR,ERR,ERR,ERR,ERR,ERR,ERR,ERR,ERR,ERR,ERR,ERR,ERR,ERR,ERR,ERR,ERR,ERR,ERR,ERR,ERR,ERR,ERR,ERR,ERR,ERR,ERR,ERR,ERR,ERR,ERR,ERR,ERR,ERR,ERR,ERR,ERR,ERR,ERR,ERR,ERR,ERR,ERR,ERR,ERR,ERR,ERR,ERR,ERR,60.0,60.0,35,0.0,0.0,0.0,0.0,0.0,0.0,0.0,0.0,0.0,0.0,0.0,0.0,0.0,0.0,0.0,0.0,65.6,0,122,59,36,65476,0,300,0,0,8,20529,65476,0,0,2621,60.0,0.0,0.0,0.0,0.0,0.0
2026-07-09T15:57:23,ERR,ERR,ERR,ERR,ERR,ERR,ERR,ERR,ERR,ERR,ERR,ERR,ERR,ERR,ERR,ERR,ERR,ERR,ERR,ERR,ERR,ERR,ERR,ERR,ERR,ERR,ERR,ERR,ERR,ERR,ERR,ERR,ERR,ERR,ERR,ERR,ERR,ERR,ERR,ERR,ERR,ERR,ERR,ERR,ERR,ERR,ERR,ERR,ERR,ERR,ERR,ERR,ERR,ERR,ERR,ERR,ERR,ERR,ERR,ERR,ERR,ERR,ERR,ERR,ERR,ERR,ERR,ERR,ERR,ERR,ERR,ERR,ERR,ERR,ERR,ERR,ERR,ERR,ERR,ERR,ERR,ERR,ERR,ERR,ERR,ERR,ERR,ERR,ERR,ERR,ERR,ERR,ERR,ERR,ERR,ERR,ERR,ERR,ERR,ERR,ERR,ERR,ERR,ERR,ERR,ERR,ERR,ERR,ERR,ERR,ERR,ERR,ERR,ERR,ERR,ERR,ERR,ERR,ERR,ERR,ERR,ERR,ERR,ERR,ERR,2.7184246165485387e+23,-0.0,-108139168.0,0.0,1.638840344451492e+32,5.733416943094955e+22,0.0,-101293079134208.0,0,0,4,17316,7116,0.0,100,0.0,0.0,0.0,0.0,0.0,0,0,0,0,0.0,0,0,0,0,0,0,0,0,0,0,0,0,0,0,0,0,0,0,0,0,0,0,0,0,0,0,0,0,0,0,0,0,0,31,40,40,71,65476,0,300,0,0,8,21553,0.0,-107605600.0,0.0,0.0,0.0,0.0,0.0,0.0,0.0,0.0,0.0,0.0,0.0,0.0,0.0,0.0,0.0,0.0,0.0,0.0,0.0,0.0,-0.0,-0.0,0.0,0.0,0.0,0.0,0.0,0.0,5462.0,3.697192290889813e+19,6923.0,-107615104.0,-0.0,2.004,2.004,0.0,0.0,0.0,0.0,69,0.0,0.0,0.0,0.0,0.0,0.0,0.0,0.0,0.0,0,0,0,0.0,0.0,0.0,0.0,0.0,0.0,0.0,0.0,0.0,0.0,0.0,0.0,0.0,0.0,0.0,0.0,0,-107875648.0,69,0.0,138,0.0,2.012,ERR,ERR,ERR,ERR,ERR,ERR,ERR,ERR,ERR,ERR,ERR,ERR,ERR,ERR,ERR,ERR,ERR,ERR,ERR,ERR,ERR,ERR,ERR,ERR,ERR,ERR,ERR,ERR,ERR,ERR,ERR,ERR,ERR,ERR,ERR,ERR,ERR,ERR,ERR,ERR,ERR,ERR,ERR,ERR,ERR,ERR,ERR,ERR,ERR,ERR,ERR,ERR,ERR,ERR,ERR,ERR,ERR,ERR,ERR,ERR,ERR,ERR,ERR,ERR,ERR,ERR,ERR,60.0,60.0,35,0.0,0.0,0.0,0.0,0.0,0.0,0.0,0.0,0.0,0.0,0.0,0.0,0.0,0.0,0.0,0.0,65.6,0,122,59,36,65476,0,300,0,0,8,20529,65476,0,0,2621,60.0,0.0,0.0,0.0,0.0,0.0
2026-07-09T15:57:24,ERR,ERR,ERR,ERR,ERR,ERR,ERR,ERR,ERR,ERR,ERR,ERR,ERR,ERR,ERR,ERR,ERR,ERR,ERR,ERR,ERR,ERR,ERR,ERR,ERR,ERR,ERR,ERR,ERR,ERR,ERR,ERR,ERR,ERR,ERR,ERR,ERR,ERR,ERR,ERR,ERR,ERR,ERR,ERR,ERR,ERR,ERR,ERR,ERR,ERR,ERR,ERR,ERR,ERR,ERR,ERR,ERR,ERR,ERR,ERR,ERR,ERR,ERR,ERR,ERR,ERR,ERR,ERR,ERR,ERR,ERR,ERR,ERR,ERR,ERR,ERR,ERR,ERR,ERR,ERR,ERR,ERR,ERR,ERR,ERR,ERR,ERR,ERR,ERR,ERR,ERR,ERR,ERR,ERR,ERR,ERR,ERR,ERR,ERR,ERR,ERR,ERR,ERR,ERR,ERR,ERR,ERR,ERR,ERR,ERR,ERR,ERR,ERR,ERR,ERR,ERR,ERR,ERR,ERR,ERR,ERR,ERR,ERR,ERR,ERR,2.7184246165485387e+23,-0.0,-108139168.0,0.0,1.638840344451492e+32,5.733416943094955e+22,0.0,-101293079134208.0,0,0,4,17316,7116,0.0,100,0.0,0.0,0.0,0.0,0.0,0,0,0,0,0.0,0,0,0,0,0,0,0,0,0,0,0,0,0,0,0,0,0,0,0,0,0,0,0,0,0,0,0,0,0,0,0,0,0,31,40,40,71,65476,0,300,0,0,8,21553,0.0,-107605600.0,0.0,0.0,0.0,0.0,0.0,0.0,0.0,0.0,0.0,0.0,0.0,0.0,0.0,0.0,0.0,0.0,0.0,0.0,0.0,0.0,-0.0,-0.0,0.0,0.0,0.0,0.0,0.0,0.0,5462.0,3.697192290889813e+19,6923.0,-107615104.0,-0.0,2.004,2.004,0.0,0.0,0.0,0.0,69,0.0,0.0,0.0,0.0,0.0,0.0,0.0,0.0,0.0,0,0,0,0.0,0.0,0.0,0.0,0.0,0.0,0.0,0.0,0.0,0.0,0.0,0.0,0.0,0.0,0.0,0.0,0,-107875648.0,69,0.0,138,0.0,2.012,ERR,ERR,ERR,ERR,ERR,ERR,ERR,ERR,ERR,ERR,ERR,ERR,ERR,ERR,ERR,ERR,ERR,ERR,ERR,ERR,ERR,ERR,ERR,ERR,ERR,ERR,ERR,ERR,ERR,ERR,ERR,ERR,ERR,ERR,ERR,ERR,ERR,ERR,ERR,ERR,ERR,ERR,ERR,ERR,ERR,ERR,ERR,ERR,ERR,ERR,ERR,ERR,ERR,ERR,ERR,ERR,ERR,ERR,ERR,ERR,ERR,ERR,ERR,ERR,ERR,ERR,ERR,60.0,60.0,35,0.0,0.0,0.0,0.0,0.0,0.0,0.0,0.0,0.0,0.0,0.0,0.0,0.0,0.0,0.0,0.0,65.6,0,122,59,36,65476,0,300,0,0,8,20529,65476,0,0,2621,60.0,0.0,0.0,0.0,0.0,0.0
2026-07-09T15:57:25,ERR,ERR,ERR,ERR,ERR,ERR,ERR,ERR,ERR,ERR,ERR,ERR,ERR,ERR,ERR,ERR,ERR,ERR,ERR,ERR,ERR,ERR,ERR,ERR,ERR,ERR,ERR,ERR,ERR,ERR,ERR,ERR,ERR,ERR,ERR,ERR,ERR,ERR,ERR,ERR,ERR,ERR,ERR,ERR,ERR,ERR,ERR,ERR,ERR,ERR,ERR,ERR,ERR,ERR,ERR,ERR,ERR,ERR,ERR,ERR,ERR,ERR,ERR,ERR,ERR,ERR,ERR,ERR,ERR,ERR,ERR,ERR,ERR,ERR,ERR,ERR,ERR,ERR,ERR,ERR,ERR,ERR,ERR,ERR,ERR,ERR,ERR,ERR,ERR,ERR,ERR,ERR,ERR,ERR,ERR,ERR,ERR,ERR,ERR,ERR,ERR,ERR,ERR,ERR,ERR,ERR,ERR,ERR,ERR,ERR,ERR,ERR,ERR,ERR,ERR,ERR,ERR,ERR,ERR,ERR,ERR,ERR,ERR,ERR,ERR,0.0,-0.0,0.0,2.7183478752108883e+23,1.01635264081592e+31,-1.0466094737496048e+35,-0.0,-2236416046137344.0,0,0,4,17313,7116,0.0,100,0.0,0.0,2.7183478752108883e+23,0.0,0.0,0,0,0,0,0.0,0,0,0,0,0,0,0,0,0,0,0,0,0,0,0,0,0,0,0,0,0,0,0,0,0,0,0,0,0,0,0,0,0,31,40,40,71,65476,0,300,0,0,8,21553,0.0,-107605600.0,0.0,0.0,0.0,0.0,0.0,0.0,0.0,0.0,0.0,0.0,0.0,0.0,0.0,0.0,0.0,0.0,0.0,0.0,0.0,0.0,-2.004,-0.0,0.0,0.0,0.0,0.0,0.0,0.0,5440.0,0.0,6912.0,0.0,-0.0,2.004,2.004,0.0,0.0,0.0,0.0,69,-0.0,-0.0,0.0,0.0,0.0,0.0,0.0,0.0,0.0,0,0,0,0.0,0.0,0.0,0.0,0.0,0.0,0.0,0.0,0.0,0.0,0.0,0.0,0.0,0.0,0.0,0.0,0,-107875648.0,69,0.0,138,0.0,2.012,ERR,ERR,ERR,ERR,ERR,ERR,ERR,ERR,ERR,ERR,ERR,ERR,ERR,ERR,ERR,ERR,ERR,ERR,ERR,ERR,ERR,ERR,ERR,ERR,ERR,ERR,ERR,ERR,ERR,ERR,ERR,ERR,ERR,ERR,ERR,ERR,ERR,ERR,ERR,ERR,ERR,ERR,ERR,ERR,ERR,ERR,ERR,ERR,ERR,ERR,ERR,ERR,ERR,ERR,ERR,ERR,ERR,ERR,ERR,ERR,ERR,ERR,ERR,ERR,ERR,ERR,ERR,60.0,60.0,35,0.0,0.0,0.0,0.0,0.0,0.0,0.0,0.0,0.0,0.0,0.0,0.0,0.0,0.0,0.0,0.0,65.6,0,122,59,36,65476,0,300,0,0,8,20529,65476,0,0,2621,60.0,0.0,0.0,0.0,0.0,0.0
2026-07-09T15:57:26,ERR,ERR,ERR,ERR,ERR,ERR,ERR,ERR,ERR,ERR,ERR,ERR,ERR,ERR,ERR,ERR,ERR,ERR,ERR,ERR,ERR,ERR,ERR,ERR,ERR,ERR,ERR,ERR,ERR,ERR,ERR,ERR,ERR,ERR,ERR,ERR,ERR,ERR,ERR,ERR,ERR,ERR,ERR,ERR,ERR,ERR,ERR,ERR,ERR,ERR,ERR,ERR,ERR,ERR,ERR,ERR,ERR,ERR,ERR,ERR,ERR,ERR,ERR,ERR,ERR,ERR,ERR,ERR,ERR,ERR,ERR,ERR,ERR,ERR,ERR,ERR,ERR,ERR,ERR,ERR,ERR,ERR,ERR,ERR,ERR,ERR,ERR,ERR,ERR,ERR,ERR,ERR,ERR,ERR,ERR,ERR,ERR,ERR,ERR,ERR,ERR,ERR,ERR,ERR,ERR,ERR,ERR,ERR,ERR,ERR,ERR,ERR,ERR,ERR,ERR,ERR,ERR,ERR,ERR,ERR,ERR,ERR,ERR,ERR,ERR,0.0,-0.0,0.0,2.7183478752108883e+23,1.01635264081592e+31,-1.0466094737496048e+35,-0.0,-2236416046137344.0,0,0,4,17313,7116,0.0,100,0.0,0.0,2.7183478752108883e+23,0.0,0.0,0,0,0,0,0.0,0,0,0,0,0,0,0,0,0,0,0,0,0,0,0,0,0,0,0,0,0,0,0,0,0,0,0,0,0,0,0,0,0,31,40,40,71,65476,0,300,0,0,8,21553,0.0,-107605600.0,0.0,0.0,0.0,0.0,0.0,0.0,0.0,0.0,0.0,0.0,0.0,0.0,0.0,0.0,0.0,0.0,0.0,0.0,0.0,0.0,-2.004,-0.0,0.0,0.0,0.0,0.0,0.0,0.0,5440.0,0.0,6912.0,0.0,-0.0,2.004,2.004,0.0,0.0,0.0,0.0,69,-0.0,-0.0,0.0,0.0,0.0,0.0,0.0,0.0,0.0,0,0,0,0.0,0.0,0.0,0.0,0.0,0.0,0.0,0.0,0.0,0.0,0.0,0.0,0.0,0.0,0.0,0.0,0,-107875648.0,69,0.0,138,0.0,2.012,ERR,ERR,ERR,ERR,ERR,ERR,ERR,ERR,ERR,ERR,ERR,ERR,ERR,ERR,ERR,ERR,ERR,ERR,ERR,ERR,ERR,ERR,ERR,ERR,ERR,ERR,ERR,ERR,ERR,ERR,ERR,ERR,ERR,ERR,ERR,ERR,ERR,ERR,ERR,ERR,ERR,ERR,ERR,ERR,ERR,ERR,ERR,ERR,ERR,ERR,ERR,ERR,ERR,ERR,ERR,ERR,ERR,ERR,ERR,ERR,ERR,ERR,ERR,ERR,ERR,ERR,ERR,60.0,60.0,35,0.0,0.0,0.0,0.0,0.0,0.0,0.0,0.0,0.0,0.0,0.0,0.0,0.0,0.0,0.0,0.0,65.6,0,122,59,36,65476,0,300,0,0,8,20529,65476,0,0,2621,60.0,0.0,0.0,0.0,0.0,0.0
2026-07-09T15:57:27,ERR,ERR,ERR,ERR,ERR,ERR,ERR,ERR,ERR,ERR,ERR,ERR,ERR,ERR,ERR,ERR,ERR,ERR,ERR,ERR,ERR,ERR,ERR,ERR,ERR,ERR,ERR,ERR,ERR,ERR,ERR,ERR,ERR,ERR,ERR,ERR,ERR,ERR,ERR,ERR,ERR,ERR,ERR,ERR,ERR,ERR,ERR,ERR,ERR,ERR,ERR,ERR,ERR,ERR,ERR,ERR,ERR,ERR,ERR,ERR,ERR,ERR,ERR,ERR,ERR,ERR,ERR,ERR,ERR,ERR,ERR,ERR,ERR,ERR,ERR,ERR,ERR,ERR,ERR,ERR,ERR,ERR,ERR,ERR,ERR,ERR,ERR,ERR,ERR,ERR,ERR,ERR,ERR,ERR,ERR,ERR,ERR,ERR,ERR,ERR,ERR,ERR,ERR,ERR,ERR,ERR,ERR,ERR,ERR,ERR,ERR,ERR,ERR,ERR,ERR,ERR,ERR,ERR,ERR,ERR,ERR,ERR,ERR,ERR,ERR,0.0,-0.0,0.0,2.7183478752108883e+23,1.01635264081592e+31,-1.0466094737496048e+35,-0.0,-2236416046137344.0,0,0,4,17313,7116,0.0,100,0.0,0.0,2.7183478752108883e+23,0.0,0.0,0,0,0,0,0.0,0,0,0,0,0,0,0,0,0,0,0,0,0,0,0,0,0,0,0,0,0,0,0,0,0,0,0,0,0,0,0,0,0,31,40,40,71,65476,0,300,0,0,8,21553,0.0,-107605600.0,0.0,0.0,0.0,0.0,0.0,0.0,0.0,0.0,0.0,0.0,0.0,0.0,0.0,0.0,0.0,0.0,0.0,0.0,0.0,0.0,-2.004,-0.0,0.0,0.0,0.0,0.0,0.0,0.0,5440.0,0.0,6912.0,0.0,-0.0,2.004,2.004,0.0,0.0,0.0,0.0,69,-0.0,-0.0,0.0,0.0,0.0,0.0,0.0,0.0,0.0,0,0,0,0.0,0.0,0.0,0.0,0.0,0.0,0.0,0.0,0.0,0.0,0.0,0.0,0.0,0.0,0.0,0.0,0,-107875648.0,69,0.0,138,0.0,2.012,ERR,ERR,ERR,ERR,ERR,ERR,ERR,ERR,ERR,ERR,ERR,ERR,ERR,ERR,ERR,ERR,ERR,ERR,ERR,ERR,ERR,ERR,ERR,ERR,ERR,ERR,ERR,ERR,ERR,ERR,ERR,ERR,ERR,ERR,ERR,ERR,ERR,ERR,ERR,ERR,ERR,ERR,ERR,ERR,ERR,ERR,ERR,ERR,ERR,ERR,ERR,ERR,ERR,ERR,ERR,ERR,ERR,ERR,ERR,ERR,ERR,ERR,ERR,ERR,ERR,ERR,ERR,60.0,60.0,35,0.0,0.0,0.0,0.0,0.0,0.0,0.0,0.0,0.0,0.0,0.0,0.0,0.0,0.0,0.0,0.0,65.6,0,122,59,36,65476,0,300,0,0,8,20529,65476,0,0,2621,60.0,0.0,0.0,0.0,0.0,0.0
2026-07-09T15:57:28,ERR,ERR,ERR,ERR,ERR,ERR,ERR,ERR,ERR,ERR,ERR,ERR,ERR,ERR,ERR,ERR,ERR,ERR,ERR,ERR,ERR,ERR,ERR,ERR,ERR,ERR,ERR,ERR,ERR,ERR,ERR,ERR,ERR,ERR,ERR,ERR,ERR,ERR,ERR,ERR,ERR,ERR,ERR,ERR,ERR,ERR,ERR,ERR,ERR,ERR,ERR,ERR,ERR,ERR,ERR,ERR,ERR,ERR,ERR,ERR,ERR,ERR,ERR,ERR,ERR,ERR,ERR,ERR,ERR,ERR,ERR,ERR,ERR,ERR,ERR,ERR,ERR,ERR,ERR,ERR,ERR,ERR,ERR,ERR,ERR,ERR,ERR,ERR,ERR,ERR,ERR,ERR,ERR,ERR,ERR,ERR,ERR,ERR,ERR,ERR,ERR,ERR,ERR,ERR,ERR,ERR,ERR,ERR,ERR,ERR,ERR,ERR,ERR,ERR,ERR,ERR,ERR,ERR,ERR,ERR,ERR,ERR,ERR,ERR,ERR,0.0,-0.0,0.0,2.7183478752108883e+23,1.01635264081592e+31,-1.0466094737496048e+35,-0.0,-2236416046137344.0,0,0,4,17313,7116,0.0,100,0.0,0.0,2.7183478752108883e+23,0.0,0.0,0,0,0,0,0.0,0,0,0,0,0,0,0,0,0,0,0,0,0,0,0,0,0,0,0,0,0,0,0,0,0,0,0,0,0,0,0,0,0,31,40,40,71,65476,0,300,0,0,8,21553,0.0,-107605600.0,0.0,0.0,0.0,0.0,0.0,0.0,0.0,0.0,0.0,0.0,0.0,0.0,0.0,0.0,0.0,0.0,0.0,0.0,0.0,0.0,-2.004,-0.0,0.0,0.0,0.0,0.0,0.0,0.0,5440.0,0.0,6912.0,0.0,-0.0,2.004,2.004,0.0,0.0,0.0,0.0,69,-0.0,-0.0,0.0,0.0,0.0,0.0,0.0,0.0,0.0,0,0,0,0.0,0.0,0.0,0.0,0.0,0.0,0.0,0.0,0.0,0.0,0.0,0.0,0.0,0.0,0.0,0.0,0,-107875648.0,69,0.0,138,0.0,2.012,ERR,ERR,ERR,ERR,ERR,ERR,ERR,ERR,ERR,ERR,ERR,ERR,ERR,ERR,ERR,ERR,ERR,ERR,ERR,ERR,ERR,ERR,ERR,ERR,ERR,ERR,ERR,ERR,ERR,ERR,ERR,ERR,ERR,ERR,ERR,ERR,ERR,ERR,ERR,ERR,ERR,ERR,ERR,ERR,ERR,ERR,ERR,ERR,ERR,ERR,ERR,ERR,ERR,ERR,ERR,ERR,ERR,ERR,ERR,ERR,ERR,ERR,ERR,ERR,ERR,ERR,ERR,60.0,60.0,35,0.0,0.0,0.0,0.0,0.0,0.0,0.0,0.0,0.0,0.0,0.0,0.0,0.0,0.0,0.0,0.0,65.6,0,122,59,36,65476,0,300,0,0,8,20529,65476,0,0,2621,60.0,0.0,0.0,0.0,0.0,0.0
2026-07-09T15:57:29,ERR,ERR,ERR,ERR,ERR,ERR,ERR,ERR,ERR,ERR,ERR,ERR,ERR,ERR,ERR,ERR,ERR,ERR,ERR,ERR,ERR,ERR,ERR,ERR,ERR,ERR,ERR,ERR,ERR,ERR,ERR,ERR,ERR,ERR,ERR,ERR,ERR,ERR,ERR,ERR,ERR,ERR,ERR,ERR,ERR,ERR,ERR,ERR,ERR,ERR,ERR,ERR,ERR,ERR,ERR,ERR,ERR,ERR,ERR,ERR,ERR,ERR,ERR,ERR,ERR,ERR,ERR,ERR,ERR,ERR,ERR,ERR,ERR,ERR,ERR,ERR,ERR,ERR,ERR,ERR,ERR,ERR,ERR,ERR,ERR,ERR,ERR,ERR,ERR,ERR,ERR,ERR,ERR,ERR,ERR,ERR,ERR,ERR,ERR,ERR,ERR,ERR,ERR,ERR,ERR,ERR,ERR,ERR,ERR,ERR,ERR,ERR,ERR,ERR,ERR,ERR,ERR,ERR,ERR,ERR,ERR,ERR,ERR,ERR,ERR,0.0,-0.0,0.0,2.7183478752108883e+23,1.01635264081592e+31,-1.0466094737496048e+35,-0.0,-2236416046137344.0,0,0,4,17313,7116,0.0,100,0.0,0.0,2.7183478752108883e+23,0.0,0.0,0,0,0,0,0.0,0,0,0,0,0,0,0,0,0,0,0,0,0,0,0,0,0,0,0,0,0,0,0,0,0,0,0,0,0,0,0,0,0,31,40,40,71,65476,0,300,0,0,8,21553,0.0,-107605600.0,0.0,0.0,0.0,0.0,0.0,0.0,0.0,0.0,0.0,0.0,0.0,0.0,0.0,0.0,0.0,0.0,0.0,0.0,0.0,0.0,-2.004,-0.0,0.0,0.0,0.0,0.0,0.0,0.0,5440.0,0.0,6912.0,0.0,-0.0,2.004,2.004,0.0,0.0,0.0,0.0,69,-0.0,-0.0,0.0,0.0,0.0,0.0,0.0,0.0,0.0,0,0,0,0.0,0.0,0.0,0.0,0.0,0.0,0.0,0.0,0.0,0.0,0.0,0.0,0.0,0.0,0.0,0.0,0,-107875648.0,69,0.0,138,0.0,2.012,ERR,ERR,ERR,ERR,ERR,ERR,ERR,ERR,ERR,ERR,ERR,ERR,ERR,ERR,ERR,ERR,ERR,ERR,ERR,ERR,ERR,ERR,ERR,ERR,ERR,ERR,ERR,ERR,ERR,ERR,ERR,ERR,ERR,ERR,ERR,ERR,ERR,ERR,ERR,ERR,ERR,ERR,ERR,ERR,ERR,ERR,ERR,ERR,ERR,ERR,ERR,ERR,ERR,ERR,ERR,ERR,ERR,ERR,ERR,ERR,ERR,ERR,ERR,ERR,ERR,ERR,ERR,60.0,60.0,35,0.0,0.0,0.0,0.0,0.0,0.0,0.0,0.0,0.0,0.0,0.0,0.0,0.0,0.0,0.0,0.0,66.0,0,122,59,36,65476,0,300,0,0,8,20529,65476,0,0,2621,60.0,0.0,0.0,0.0,0.0,0.0
2026-07-09T15:57:30,ERR,ERR,ERR,ERR,ERR,ERR,ERR,ERR,ERR,ERR,ERR,ERR,ERR,ERR,ERR,ERR,ERR,ERR,ERR,ERR,ERR,ERR,ERR,ERR,ERR,ERR,ERR,ERR,ERR,ERR,ERR,ERR,ERR,ERR,ERR,ERR,ERR,ERR,ERR,ERR,ERR,ERR,ERR,ERR,ERR,ERR,ERR,ERR,ERR,ERR,ERR,ERR,ERR,ERR,ERR,ERR,ERR,ERR,ERR,ERR,ERR,ERR,ERR,ERR,ERR,ERR,ERR,ERR,ERR,ERR,ERR,ERR,ERR,ERR,ERR,ERR,ERR,ERR,ERR,ERR,ERR,ERR,ERR,ERR,ERR,ERR,ERR,ERR,ERR,ERR,ERR,ERR,ERR,ERR,ERR,ERR,ERR,ERR,ERR,ERR,ERR,ERR,ERR,ERR,ERR,ERR,ERR,ERR,ERR,ERR,ERR,ERR,ERR,ERR,ERR,ERR,ERR,ERR,ERR,ERR,ERR,ERR,ERR,ERR,ERR,0.0,-0.0,0.0,2.7183478752108883e+23,1.01635264081592e+31,-0.0,-9.138380524501731e+33,1.1259080432286695e+19,0,0,4,17313,7116,0.0,100,0.0,0.0,2.7183478752108883e+23,0.0,0.0,0,0,0,0,0.0,0,0,0,0,0,0,0,0,0,0,0,0,0,0,0,0,0,0,0,0,0,0,0,0,0,0,0,0,0,0,0,0,0,31,40,40,71,65476,0,300,0,0,8,21553,0.0,-107605600.0,0.0,0.0,0.0,0.0,0.0,0.0,0.0,0.0,0.0,0.0,0.0,0.0,0.0,0.0,0.0,0.0,0.0,0.0,0.0,0.0,0.0,-0.0,0.0,0.0,0.0,0.0,0.0,0.0,5446.0,0.0,6939.0,-0.0,-0.0,2.004,2.004,0.0,0.0,0.0,0.0,69,-2.3088317457007798e+20,2.7184204732368815e+23,0.0,0.0,0.0,0.0,0.0,0.0,0.0,0,0,0,0.0,0.0,0.0,0.0,0.0,0.0,0.0,0.0,0.0,0.0,0.0,0.0,0.0,0.0,0.0,0.0,0,-107875648.0,69,0.0,138,0.0,2.012,ERR,ERR,ERR,ERR,ERR,ERR,ERR,ERR,ERR,ERR,ERR,ERR,ERR,ERR,ERR,ERR,ERR,ERR,ERR,ERR,ERR,ERR,ERR,ERR,ERR,ERR,ERR,ERR,ERR,ERR,ERR,ERR,ERR,ERR,ERR,ERR,ERR,ERR,ERR,ERR,ERR,ERR,ERR,ERR,ERR,ERR,ERR,ERR,ERR,ERR,ERR,ERR,ERR,ERR,ERR,ERR,ERR,ERR,ERR,ERR,ERR,ERR,ERR,ERR,ERR,ERR,ERR,60.0,60.0,35,0.0,0.0,0.0,0.0,0.0,0.0,0.0,0.0,0.0,0.0,0.0,0.0,0.0,0.0,0.0,0.0,66.0,0,122,59,36,65476,0,300,0,0,8,20529,65476,0,0,2621,60.0,0.0,0.0,0.0,0.0,0.0
2026-07-09T15:57:31,ERR,ERR,ERR,ERR,ERR,ERR,ERR,ERR,ERR,ERR,ERR,ERR,ERR,ERR,ERR,ERR,ERR,ERR,ERR,ERR,ERR,ERR,ERR,ERR,ERR,ERR,ERR,ERR,ERR,ERR,ERR,ERR,ERR,ERR,ERR,ERR,ERR,ERR,ERR,ERR,ERR,ERR,ERR,ERR,ERR,ERR,ERR,ERR,ERR,ERR,ERR,ERR,ERR,ERR,ERR,ERR,ERR,ERR,ERR,ERR,ERR,ERR,ERR,ERR,ERR,ERR,ERR,ERR,ERR,ERR,ERR,ERR,ERR,ERR,ERR,ERR,ERR,ERR,ERR,ERR,ERR,ERR,ERR,ERR,ERR,ERR,ERR,ERR,ERR,ERR,ERR,ERR,ERR,ERR,ERR,ERR,ERR,ERR,ERR,ERR,ERR,ERR,ERR,ERR,ERR,ERR,ERR,ERR,ERR,ERR,ERR,ERR,ERR,ERR,ERR,ERR,ERR,ERR,ERR,ERR,ERR,ERR,ERR,ERR,ERR,0.0,-0.0,0.0,2.7183478752108883e+23,1.01635264081592e+31,-0.0,-9.138380524501731e+33,1.1259080432286695e+19,0,0,4,17313,7116,0.0,100,0.0,0.0,2.7183478752108883e+23,0.0,0.0,0,0,0,0,0.0,0,0,0,0,0,0,0,0,0,0,0,0,0,0,0,0,0,0,0,0,0,0,0,0,0,0,0,0,0,0,0,0,0,31,40,40,71,65476,0,300,0,0,8,21553,0.0,-107605600.0,0.0,0.0,0.0,0.0,0.0,0.0,0.0,0.0,0.0,0.0,0.0,0.0,0.0,0.0,0.0,0.0,0.0,0.0,0.0,0.0,0.0,-0.0,0.0,0.0,0.0,0.0,0.0,0.0,5446.0,0.0,6939.0,-0.0,-0.0,2.004,2.004,0.0,0.0,0.0,0.0,69,-2.3088317457007798e+20,2.7184204732368815e+23,0.0,0.0,0.0,0.0,0.0,0.0,0.0,0,0,0,0.0,0.0,0.0,0.0,0.0,0.0,0.0,0.0,0.0,0.0,0.0,0.0,0.0,0.0,0.0,0.0,0,-107875648.0,69,0.0,138,0.0,2.012,ERR,ERR,ERR,ERR,ERR,ERR,ERR,ERR,ERR,ERR,ERR,ERR,ERR,ERR,ERR,ERR,ERR,ERR,ERR,ERR,ERR,ERR,ERR,ERR,ERR,ERR,ERR,ERR,ERR,ERR,ERR,ERR,ERR,ERR,ERR,ERR,ERR,ERR,ERR,ERR,ERR,ERR,ERR,ERR,ERR,ERR,ERR,ERR,ERR,ERR,ERR,ERR,ERR,ERR,ERR,ERR,ERR,ERR,ERR,ERR,ERR,ERR,ERR,ERR,ERR,ERR,ERR,60.0,60.0,35,0.0,0.0,0.0,0.0,0.0,0.0,0.0,0.0,0.0,0.0,0.0,0.0,0.0,0.0,0.0,0.0,66.0,0,122,59,36,65476,0,300,0,0,8,20529,65476,0,0,2621,60.0,0.0,0.0,0.0,0.0,0.0
2026-07-09T15:57:32,ERR,ERR,ERR,ERR,ERR,ERR,ERR,ERR,ERR,ERR,ERR,ERR,ERR,ERR,ERR,ERR,ERR,ERR,ERR,ERR,ERR,ERR,ERR,ERR,ERR,ERR,ERR,ERR,ERR,ERR,ERR,ERR,ERR,ERR,ERR,ERR,ERR,ERR,ERR,ERR,ERR,ERR,ERR,ERR,ERR,ERR,ERR,ERR,ERR,ERR,ERR,ERR,ERR,ERR,ERR,ERR,ERR,ERR,ERR,ERR,ERR,ERR,ERR,ERR,ERR,ERR,ERR,ERR,ERR,ERR,ERR,ERR,ERR,ERR,ERR,ERR,ERR,ERR,ERR,ERR,ERR,ERR,ERR,ERR,ERR,ERR,ERR,ERR,ERR,ERR,ERR,ERR,ERR,ERR,ERR,ERR,ERR,ERR,ERR,ERR,ERR,ERR,ERR,ERR,ERR,ERR,ERR,ERR,ERR,ERR,ERR,ERR,ERR,ERR,ERR,ERR,ERR,ERR,ERR,ERR,ERR,ERR,ERR,ERR,ERR,0.0,-0.0,0.0,2.7183478752108883e+23,1.01635264081592e+31,-0.0,-9.138380524501731e+33,1.1259080432286695e+19,0,0,4,17313,7116,0.0,100,0.0,0.0,2.7183478752108883e+23,0.0,0.0,0,0,0,0,0.0,0,0,0,0,0,0,0,0,0,0,0,0,0,0,0,0,0,0,0,0,0,0,0,0,0,0,0,0,0,0,0,0,0,31,40,40,71,65476,0,300,0,0,8,21553,0.0,-107605600.0,0.0,0.0,0.0,0.0,0.0,0.0,0.0,0.0,0.0,0.0,0.0,0.0,0.0,0.0,0.0,0.0,0.0,0.0,0.0,0.0,0.0,-0.0,0.0,0.0,0.0,0.0,0.0,0.0,5446.0,0.0,6939.0,-0.0,-0.0,2.004,2.004,0.0,0.0,0.0,0.0,69,-2.3088317457007798e+20,2.7184204732368815e+23,0.0,0.0,0.0,0.0,0.0,0.0,0.0,0,0,0,0.0,0.0,0.0,0.0,0.0,0.0,0.0,0.0,0.0,0.0,0.0,0.0,0.0,0.0,0.0,0.0,0,-107875648.0,69,0.0,138,0.0,2.012,ERR,ERR,ERR,ERR,ERR,ERR,ERR,ERR,ERR,ERR,ERR,ERR,ERR,ERR,ERR,ERR,ERR,ERR,ERR,ERR,ERR,ERR,ERR,ERR,ERR,ERR,ERR,ERR,ERR,ERR,ERR,ERR,ERR,ERR,ERR,ERR,ERR,ERR,ERR,ERR,ERR,ERR,ERR,ERR,ERR,ERR,ERR,ERR,ERR,ERR,ERR,ERR,ERR,ERR,ERR,ERR,ERR,ERR,ERR,ERR,ERR,ERR,ERR,ERR,ERR,ERR,ERR,60.0,60.0,35,0.0,0.0,0.0,0.0,0.0,0.0,0.0,0.0,0.0,0.0,0.0,0.0,0.0,0.0,0.0,0.0,65.6,0,123,59,36,65476,0,300,0,0,8,20529,65476,0,0,2621,60.0,0.0,0.0,0.0,0.0,0.0
2026-07-09T15:57:33,ERR,ERR,ERR,ERR,ERR,ERR,ERR,ERR,ERR,ERR,ERR,ERR,ERR,ERR,ERR,ERR,ERR,ERR,ERR,ERR,ERR,ERR,ERR,ERR,ERR,ERR,ERR,ERR,ERR,ERR,ERR,ERR,ERR,ERR,ERR,ERR,ERR,ERR,ERR,ERR,ERR,ERR,ERR,ERR,ERR,ERR,ERR,ERR,ERR,ERR,ERR,ERR,ERR,ERR,ERR,ERR,ERR,ERR,ERR,ERR,ERR,ERR,ERR,ERR,ERR,ERR,ERR,ERR,ERR,ERR,ERR,ERR,ERR,ERR,ERR,ERR,ERR,ERR,ERR,ERR,ERR,ERR,ERR,ERR,ERR,ERR,ERR,ERR,ERR,ERR,ERR,ERR,ERR,ERR,ERR,ERR,ERR,ERR,ERR,ERR,ERR,ERR,ERR,ERR,ERR,ERR,ERR,ERR,ERR,ERR,ERR,ERR,ERR,ERR,ERR,ERR,ERR,ERR,ERR,ERR,ERR,ERR,ERR,ERR,ERR,0.0,-0.0,0.0,2.7183478752108883e+23,1.01635264081592e+31,-0.0,-9.138380524501731e+33,1.1259080432286695e+19,0,0,4,17313,7116,0.0,100,0.0,0.0,2.7183478752108883e+23,0.0,0.0,0,0,0,0,0.0,0,0,0,0,0,0,0,0,0,0,0,0,0,0,0,0,0,0,0,0,0,0,0,0,0,0,0,0,0,0,0,0,0,31,40,40,71,65476,0,300,0,0,8,21553,0.0,-107605600.0,0.0,0.0,0.0,0.0,0.0,0.0,0.0,0.0,0.0,0.0,0.0,0.0,0.0,0.0,0.0,0.0,0.0,0.0,0.0,0.0,0.0,-0.0,0.0,0.0,0.0,0.0,0.0,0.0,5446.0,0.0,6939.0,-0.0,-0.0,2.004,2.004,0.0,0.0,0.0,0.0,69,-2.3088317457007798e+20,2.7184204732368815e+23,0.0,0.0,0.0,0.0,0.0,0.0,0.0,0,0,0,0.0,0.0,0.0,0.0,0.0,0.0,0.0,0.0,0.0,0.0,0.0,0.0,0.0,0.0,0.0,0.0,0,-107875648.0,69,0.0,138,0.0,2.012,ERR,ERR,ERR,ERR,ERR,ERR,ERR,ERR,ERR,ERR,ERR,ERR,ERR,ERR,ERR,ERR,ERR,ERR,ERR,ERR,ERR,ERR,ERR,ERR,ERR,ERR,ERR,ERR,ERR,ERR,ERR,ERR,ERR,ERR,ERR,ERR,ERR,ERR,ERR,ERR,ERR,ERR,ERR,ERR,ERR,ERR,ERR,ERR,ERR,ERR,ERR,ERR,ERR,ERR,ERR,ERR,ERR,ERR,ERR,ERR,ERR,ERR,ERR,ERR,ERR,ERR,ERR,60.0,60.0,35,0.0,0.0,0.0,0.0,0.0,0.0,0.0,0.0,0.0,0.0,0.0,0.0,0.0,0.0,0.0,0.0,65.6,0,123,59,36,65476,0,300,0,0,8,20529,65476,0,0,2621,60.0,0.0,0.0,0.0,0.0,0.0
2026-07-09T15:57:34,ERR,ERR,ERR,ERR,ERR,ERR,ERR,ERR,ERR,ERR,ERR,ERR,ERR,ERR,ERR,ERR,ERR,ERR,ERR,ERR,ERR,ERR,ERR,ERR,ERR,ERR,ERR,ERR,ERR,ERR,ERR,ERR,ERR,ERR,ERR,ERR,ERR,ERR,ERR,ERR,ERR,ERR,ERR,ERR,ERR,ERR,ERR,ERR,ERR,ERR,ERR,ERR,ERR,ERR,ERR,ERR,ERR,ERR,ERR,ERR,ERR,ERR,ERR,ERR,ERR,ERR,ERR,ERR,ERR,ERR,ERR,ERR,ERR,ERR,ERR,ERR,ERR,ERR,ERR,ERR,ERR,ERR,ERR,ERR,ERR,ERR,ERR,ERR,ERR,ERR,ERR,ERR,ERR,ERR,ERR,ERR,ERR,ERR,ERR,ERR,ERR,ERR,ERR,ERR,ERR,ERR,ERR,ERR,ERR,ERR,ERR,ERR,ERR,ERR,ERR,ERR,ERR,ERR,ERR,ERR,ERR,ERR,ERR,ERR,ERR,0.0,-0.0,0.0,2.7183478752108883e+23,1.01635264081592e+31,-0.0,-9.138380524501731e+33,1.1259080432286695e+19,0,0,4,17313,7116,0.0,100,0.0,0.0,2.7183478752108883e+23,0.0,0.0,0,0,0,0,0.0,0,0,0,0,0,0,0,0,0,0,0,0,0,0,0,0,0,0,0,0,0,0,0,0,0,0,0,0,0,0,0,0,0,31,40,40,71,65476,0,300,0,0,8,21553,0.0,-107605600.0,0.0,0.0,0.0,0.0,0.0,0.0,0.0,0.0,0.0,0.0,0.0,0.0,0.0,0.0,0.0,0.0,0.0,0.0,0.0,0.0,0.0,-0.0,0.0,0.0,0.0,0.0,0.0,0.0,5446.0,0.0,6939.0,-0.0,-0.0,2.004,2.004,0.0,0.0,0.0,0.0,69,-2.3088317457007798e+20,2.7184204732368815e+23,0.0,0.0,0.0,0.0,0.0,0.0,0.0,0,0,0,0.0,0.0,0.0,0.0,0.0,0.0,0.0,0.0,0.0,0.0,0.0,0.0,0.0,0.0,0.0,0.0,0,-107875648.0,69,0.0,138,0.0,2.012,ERR,ERR,ERR,ERR,ERR,ERR,ERR,ERR,ERR,ERR,ERR,ERR,ERR,ERR,ERR,ERR,ERR,ERR,ERR,ERR,ERR,ERR,ERR,ERR,ERR,ERR,ERR,ERR,ERR,ERR,ERR,ERR,ERR,ERR,ERR,ERR,ERR,ERR,ERR,ERR,ERR,ERR,ERR,ERR,ERR,ERR,ERR,ERR,ERR,ERR,ERR,ERR,ERR,ERR,ERR,ERR,ERR,ERR,ERR,ERR,ERR,ERR,ERR,ERR,ERR,ERR,ERR,60.0,60.0,35,0.0,0.0,0.0,0.0,0.0,0.0,0.0,0.0,0.0,0.0,0.0,0.0,0.0,0.0,0.0,0.0,65.6,0,123,59,36,65476,0,300,0,0,8,20529,65476,0,0,2621,60.0,0.0,0.0,0.0,0.0,0.0
2026-07-09T15:57:35,ERR,ERR,ERR,ERR,ERR,ERR,ERR,ERR,ERR,ERR,ERR,ERR,ERR,ERR,ERR,ERR,ERR,ERR,ERR,ERR,ERR,ERR,ERR,ERR,ERR,ERR,ERR,ERR,ERR,ERR,ERR,ERR,ERR,ERR,ERR,ERR,ERR,ERR,ERR,ERR,ERR,ERR,ERR,ERR,ERR,ERR,ERR,ERR,ERR,ERR,ERR,ERR,ERR,ERR,ERR,ERR,ERR,ERR,ERR,ERR,ERR,ERR,ERR,ERR,ERR,ERR,ERR,ERR,ERR,ERR,ERR,ERR,ERR,ERR,ERR,ERR,ERR,ERR,ERR,ERR,ERR,ERR,ERR,ERR,ERR,ERR,ERR,ERR,ERR,ERR,ERR,ERR,ERR,ERR,ERR,ERR,ERR,ERR,ERR,ERR,ERR,ERR,ERR,ERR,ERR,ERR,ERR,ERR,ERR,ERR,ERR,ERR,ERR,ERR,ERR,ERR,ERR,ERR,ERR,ERR,ERR,ERR,ERR,ERR,ERR,-0.0,2.7184451529628395e+23,0.0,2.7183478752108883e+23,-561370445643776.0,0.0,-0.0,-0.0,0,0,4,17313,7116,0.0,100,0.0,0.0,2.7183478752108883e+23,0.0,0.0,0,0,0,0,0.0,0,0,0,0,0,0,0,0,0,0,0,0,0,0,0,0,0,0,0,0,0,0,0,0,0,0,0,0,0,0,0,0,0,31,40,40,71,65476,0,300,0,0,8,21553,0.0,-107605600.0,0.0,0.0,0.0,0.0,0.0,0.0,0.0,0.0,0.0,0.0,0.0,0.0,0.0,0.0,0.0,0.0,0.0,0.0,0.0,0.0,0.0,-0.0,0.0,0.0,0.0,0.0,0.0,0.0,5425.0,-8608195584.0,6938.0,-0.0,2.7184451529628395e+23,2.004,2.004,0.0,0.0,0.0,0.0,69,0.0,126840676352.0,0.0,0.0,0.0,0.0,0.0,0.0,0.0,0,0,0,0.0,0.0,0.0,0.0,0.0,0.0,0.0,0.0,0.0,0.0,0.0,0.0,0.0,0.0,0.0,0.0,0,-107875648.0,69,0.0,138,0.0,2.012,ERR,ERR,ERR,ERR,ERR,ERR,ERR,ERR,ERR,ERR,ERR,ERR,ERR,ERR,ERR,ERR,ERR,ERR,ERR,ERR,ERR,ERR,ERR,ERR,ERR,ERR,ERR,ERR,ERR,ERR,ERR,ERR,ERR,ERR,ERR,ERR,ERR,ERR,ERR,ERR,ERR,ERR,ERR,ERR,ERR,ERR,ERR,ERR,ERR,ERR,ERR,ERR,ERR,ERR,ERR,ERR,ERR,ERR,ERR,ERR,ERR,ERR,ERR,ERR,ERR,ERR,ERR,60.0,60.0,35,0.0,0.0,0.0,0.0,0.0,0.0,0.0,0.0,0.0,0.0,0.0,0.0,0.0,0.0,0.0,0.0,65.6,0,123,59,36,65476,0,300,0,0,8,20529,65476,0,0,2621,60.0,0.0,0.0,0.0,0.0,0.0
2026-07-09T15:57:36,ERR,ERR,ERR,ERR,ERR,ERR,ERR,ERR,ERR,ERR,ERR,ERR,ERR,ERR,ERR,ERR,ERR,ERR,ERR,ERR,ERR,ERR,ERR,ERR,ERR,ERR,ERR,ERR,ERR,ERR,ERR,ERR,ERR,ERR,ERR,ERR,ERR,ERR,ERR,ERR,ERR,ERR,ERR,ERR,ERR,ERR,ERR,ERR,ERR,ERR,ERR,ERR,ERR,ERR,ERR,ERR,ERR,ERR,ERR,ERR,ERR,ERR,ERR,ERR,ERR,ERR,ERR,ERR,ERR,ERR,ERR,ERR,ERR,ERR,ERR,ERR,ERR,ERR,ERR,ERR,ERR,ERR,ERR,ERR,ERR,ERR,ERR,ERR,ERR,ERR,ERR,ERR,ERR,ERR,ERR,ERR,ERR,ERR,ERR,ERR,ERR,ERR,ERR,ERR,ERR,ERR,ERR,ERR,ERR,ERR,ERR,ERR,ERR,ERR,ERR,ERR,ERR,ERR,ERR,ERR,ERR,ERR,ERR,ERR,ERR,-0.0,2.7184451529628395e+23,0.0,2.7183478752108883e+23,-561370445643776.0,0.0,-0.0,-0.0,0,0,4,17313,7116,0.0,100,0.0,0.0,2.7183478752108883e+23,0.0,0.0,0,0,0,0,0.0,0,0,0,0,0,0,0,0,0,0,0,0,0,0,0,0,0,0,0,0,0,0,0,0,0,0,0,0,0,0,0,0,0,31,40,40,71,65476,0,300,0,0,8,21553,0.0,-107605600.0,0.0,0.0,0.0,0.0,0.0,0.0,0.0,0.0,0.0,0.0,0.0,0.0,0.0,0.0,0.0,0.0,0.0,0.0,0.0,0.0,0.0,-0.0,0.0,0.0,0.0,0.0,0.0,0.0,5425.0,-8608195584.0,6938.0,-0.0,2.7184451529628395e+23,2.004,2.004,0.0,0.0,0.0,0.0,69,0.0,126840676352.0,0.0,0.0,0.0,0.0,0.0,0.0,0.0,0,0,0,0.0,0.0,0.0,0.0,0.0,0.0,0.0,0.0,0.0,0.0,0.0,0.0,0.0,0.0,0.0,0.0,0,-107875648.0,69,0.0,138,0.0,2.012,ERR,ERR,ERR,ERR,ERR,ERR,ERR,ERR,ERR,ERR,ERR,ERR,ERR,ERR,ERR,ERR,ERR,ERR,ERR,ERR,ERR,ERR,ERR,ERR,ERR,ERR,ERR,ERR,ERR,ERR,ERR,ERR,ERR,ERR,ERR,ERR,ERR,ERR,ERR,ERR,ERR,ERR,ERR,ERR,ERR,ERR,ERR,ERR,ERR,ERR,ERR,ERR,ERR,ERR,ERR,ERR,ERR,ERR,ERR,ERR,ERR,ERR,ERR,ERR,ERR,ERR,ERR,60.0,60.0,35,0.0,0.0,0.0,0.0,0.0,0.0,0.0,0.0,0.0,0.0,0.0,0.0,0.0,0.0,0.0,0.0,65.6,0,123,59,36,65476,0,300,0,0,8,20529,65476,0,0,2621,60.0,0.0,0.0,0.0,0.0,0.0
2026-07-09T15:57:37,ERR,ERR,ERR,ERR,ERR,ERR,ERR,ERR,ERR,ERR,ERR,ERR,ERR,ERR,ERR,ERR,ERR,ERR,ERR,ERR,ERR,ERR,ERR,ERR,ERR,ERR,ERR,ERR,ERR,ERR,ERR,ERR,ERR,ERR,ERR,ERR,ERR,ERR,ERR,ERR,ERR,ERR,ERR,ERR,ERR,ERR,ERR,ERR,ERR,ERR,ERR,ERR,ERR,ERR,ERR,ERR,ERR,ERR,ERR,ERR,ERR,ERR,ERR,ERR,ERR,ERR,ERR,ERR,ERR,ERR,ERR,ERR,ERR,ERR,ERR,ERR,ERR,ERR,ERR,ERR,ERR,ERR,ERR,ERR,ERR,ERR,ERR,ERR,ERR,ERR,ERR,ERR,ERR,ERR,ERR,ERR,ERR,ERR,ERR,ERR,ERR,ERR,ERR,ERR,ERR,ERR,ERR,ERR,ERR,ERR,ERR,ERR,ERR,ERR,ERR,ERR,ERR,ERR,ERR,ERR,ERR,ERR,ERR,ERR,ERR,-0.0,2.7184451529628395e+23,0.0,2.7183478752108883e+23,-561370445643776.0,0.0,-0.0,-0.0,0,0,4,17313,7116,0.0,100,0.0,0.0,2.7183478752108883e+23,0.0,0.0,0,0,0,0,0.0,0,0,0,0,0,0,0,0,0,0,0,0,0,0,0,0,0,0,0,0,0,0,0,0,0,0,0,0,0,0,0,0,0,31,40,40,71,65476,0,300,0,0,8,21553,0.0,-107605600.0,0.0,0.0,0.0,0.0,0.0,0.0,0.0,0.0,0.0,0.0,0.0,0.0,0.0,0.0,0.0,0.0,0.0,0.0,0.0,0.0,0.0,-0.0,0.0,0.0,0.0,0.0,0.0,0.0,5425.0,-8608195584.0,6938.0,-0.0,2.7184451529628395e+23,2.004,2.004,0.0,0.0,0.0,0.0,69,0.0,126840676352.0,0.0,0.0,0.0,0.0,0.0,0.0,0.0,0,0,0,0.0,0.0,0.0,0.0,0.0,0.0,0.0,0.0,0.0,0.0,0.0,0.0,0.0,0.0,0.0,0.0,0,-107875648.0,69,0.0,138,0.0,2.012,ERR,ERR,ERR,ERR,ERR,ERR,ERR,ERR,ERR,ERR,ERR,ERR,ERR,ERR,ERR,ERR,ERR,ERR,ERR,ERR,ERR,ERR,ERR,ERR,ERR,ERR,ERR,ERR,ERR,ERR,ERR,ERR,ERR,ERR,ERR,ERR,ERR,ERR,ERR,ERR,ERR,ERR,ERR,ERR,ERR,ERR,ERR,ERR,ERR,ERR,ERR,ERR,ERR,ERR,ERR,ERR,ERR,ERR,ERR,ERR,ERR,ERR,ERR,ERR,ERR,ERR,ERR,60.0,60.0,35,0.0,0.0,0.0,0.0,0.0,0.0,0.0,0.0,0.0,0.0,0.0,0.0,0.0,0.0,0.0,0.0,65.6,0,123,59,36,65476,0,300,0,0,8,20529,65476,0,0,2621,60.0,0.0,0.0,0.0,0.0,0.0
2026-07-09T15:57:38,ERR,ERR,ERR,ERR,ERR,ERR,ERR,ERR,ERR,ERR,ERR,ERR,ERR,ERR,ERR,ERR,ERR,ERR,ERR,ERR,ERR,ERR,ERR,ERR,ERR,ERR,ERR,ERR,ERR,ERR,ERR,ERR,ERR,ERR,ERR,ERR,ERR,ERR,ERR,ERR,ERR,ERR,ERR,ERR,ERR,ERR,ERR,ERR,ERR,ERR,ERR,ERR,ERR,ERR,ERR,ERR,ERR,ERR,ERR,ERR,ERR,ERR,ERR,ERR,ERR,ERR,ERR,ERR,ERR,ERR,ERR,ERR,ERR,ERR,ERR,ERR,ERR,ERR,ERR,ERR,ERR,ERR,ERR,ERR,ERR,ERR,ERR,ERR,ERR,ERR,ERR,ERR,ERR,ERR,ERR,ERR,ERR,ERR,ERR,ERR,ERR,ERR,ERR,ERR,ERR,ERR,ERR,ERR,ERR,ERR,ERR,ERR,ERR,ERR,ERR,ERR,ERR,ERR,ERR,ERR,ERR,ERR,ERR,ERR,ERR,-0.0,2.7184451529628395e+23,0.0,2.7183478752108883e+23,-561370445643776.0,0.0,-0.0,-0.0,0,0,4,17313,7116,0.0,100,0.0,0.0,2.7183478752108883e+23,0.0,0.0,0,0,0,0,0.0,0,0,0,0,0,0,0,0,0,0,0,0,0,0,0,0,0,0,0,0,0,0,0,0,0,0,0,0,0,0,0,0,0,31,40,40,71,65476,0,300,0,0,8,21553,0.0,-107605600.0,0.0,0.0,0.0,0.0,0.0,0.0,0.0,0.0,0.0,0.0,0.0,0.0,0.0,0.0,0.0,0.0,0.0,0.0,0.0,0.0,0.0,-0.0,0.0,0.0,0.0,0.0,0.0,0.0,5425.0,-8608195584.0,6938.0,-0.0,2.7184451529628395e+23,2.004,2.004,0.0,0.0,0.0,0.0,69,0.0,126840676352.0,0.0,0.0,0.0,0.0,0.0,0.0,0.0,0,0,0,0.0,0.0,0.0,0.0,0.0,0.0,0.0,0.0,0.0,0.0,0.0,0.0,0.0,0.0,0.0,0.0,0,-107875648.0,69,0.0,138,0.0,2.012,ERR,ERR,ERR,ERR,ERR,ERR,ERR,ERR,ERR,ERR,ERR,ERR,ERR,ERR,ERR,ERR,ERR,ERR,ERR,ERR,ERR,ERR,ERR,ERR,ERR,ERR,ERR,ERR,ERR,ERR,ERR,ERR,ERR,ERR,ERR,ERR,ERR,ERR,ERR,ERR,ERR,ERR,ERR,ERR,ERR,ERR,ERR,ERR,ERR,ERR,ERR,ERR,ERR,ERR,ERR,ERR,ERR,ERR,ERR,ERR,ERR,ERR,ERR,ERR,ERR,ERR,ERR,60.0,60.0,35,0.0,0.0,0.0,0.0,0.0,0.0,0.0,0.0,0.0,0.0,0.0,0.0,0.0,0.0,0.0,0.0,65.6,0,123,59,36,65476,0,300,0,0,8,20529,65476,0,0,2621,60.0,0.0,0.0,0.0,0.0,0.0
2026-07-09T15:57:39,ERR,ERR,ERR,ERR,ERR,ERR,ERR,ERR,ERR,ERR,ERR,ERR,ERR,ERR,ERR,ERR,ERR,ERR,ERR,ERR,ERR,ERR,ERR,ERR,ERR,ERR,ERR,ERR,ERR,ERR,ERR,ERR,ERR,ERR,ERR,ERR,ERR,ERR,ERR,ERR,ERR,ERR,ERR,ERR,ERR,ERR,ERR,ERR,ERR,ERR,ERR,ERR,ERR,ERR,ERR,ERR,ERR,ERR,ERR,ERR,ERR,ERR,ERR,ERR,ERR,ERR,ERR,ERR,ERR,ERR,ERR,ERR,ERR,ERR,ERR,ERR,ERR,ERR,ERR,ERR,ERR,ERR,ERR,ERR,ERR,ERR,ERR,ERR,ERR,ERR,ERR,ERR,ERR,ERR,ERR,ERR,ERR,ERR,ERR,ERR,ERR,ERR,ERR,ERR,ERR,ERR,ERR,ERR,ERR,ERR,ERR,ERR,ERR,ERR,ERR,ERR,ERR,ERR,ERR,ERR,ERR,ERR,ERR,ERR,ERR,-0.0,2.7184451529628395e+23,0.0,2.7183478752108883e+23,-561370445643776.0,0.0,-0.0,-0.0,0,0,4,17313,7116,0.0,100,0.0,0.0,2.7183478752108883e+23,0.0,0.0,0,0,0,0,0.0,0,0,0,0,0,0,0,0,0,0,0,0,0,0,0,0,0,0,0,0,0,0,0,0,0,0,0,0,0,0,0,0,0,31,40,40,71,65476,0,300,0,0,8,21553,0.0,-107605600.0,0.0,0.0,0.0,0.0,0.0,0.0,0.0,0.0,0.0,0.0,0.0,0.0,0.0,0.0,0.0,0.0,0.0,0.0,0.0,0.0,0.0,-0.0,0.0,0.0,0.0,0.0,0.0,0.0,5425.0,-8608195584.0,6938.0,-0.0,2.7184451529628395e+23,2.004,2.004,0.0,0.0,0.0,0.0,69,0.0,126840676352.0,0.0,0.0,0.0,0.0,0.0,0.0,0.0,0,0,0,0.0,0.0,0.0,0.0,0.0,0.0,0.0,0.0,0.0,0.0,0.0,0.0,0.0,0.0,0.0,0.0,0,-107875648.0,69,0.0,138,0.0,2.012,ERR,ERR,ERR,ERR,ERR,ERR,ERR,ERR,ERR,ERR,ERR,ERR,ERR,ERR,ERR,ERR,ERR,ERR,ERR,ERR,ERR,ERR,ERR,ERR,ERR,ERR,ERR,ERR,ERR,ERR,ERR,ERR,ERR,ERR,ERR,ERR,ERR,ERR,ERR,ERR,ERR,ERR,ERR,ERR,ERR,ERR,ERR,ERR,ERR,ERR,ERR,ERR,ERR,ERR,ERR,ERR,ERR,ERR,ERR,ERR,ERR,ERR,ERR,ERR,ERR,ERR,ERR,60.0,60.0,35,0.0,0.0,0.0,0.0,0.0,0.0,0.0,0.0,0.0,0.0,0.0,0.0,0.0,0.0,0.0,0.0,65.6,0,123,59,36,65476,0,300,0,0,8,20529,65476,0,0,2621,60.0,0.0,0.0,0.0,0.0,0.0
2026-07-09T15:57:40,ERR,ERR,ERR,ERR,ERR,ERR,ERR,ERR,ERR,ERR,ERR,ERR,ERR,ERR,ERR,ERR,ERR,ERR,ERR,ERR,ERR,ERR,ERR,ERR,ERR,ERR,ERR,ERR,ERR,ERR,ERR,ERR,ERR,ERR,ERR,ERR,ERR,ERR,ERR,ERR,ERR,ERR,ERR,ERR,ERR,ERR,ERR,ERR,ERR,ERR,ERR,ERR,ERR,ERR,ERR,ERR,ERR,ERR,ERR,ERR,ERR,ERR,ERR,ERR,ERR,ERR,ERR,ERR,ERR,ERR,ERR,ERR,ERR,ERR,ERR,ERR,ERR,ERR,ERR,ERR,ERR,ERR,ERR,ERR,ERR,ERR,ERR,ERR,ERR,ERR,ERR,ERR,ERR,ERR,ERR,ERR,ERR,ERR,ERR,ERR,ERR,ERR,ERR,ERR,ERR,ERR,ERR,ERR,ERR,ERR,ERR,ERR,ERR,ERR,ERR,ERR,ERR,ERR,ERR,ERR,ERR,ERR,ERR,ERR,ERR,-0.0,2.7184451529628395e+23,0.0,0.0,510.563,23.407,0.0,8.382425669527523e+31,0,0,4,17313,7116,0.0,100,0.0,0.0,0.0,0.0,0.0,0,0,0,0,0.0,0,0,0,0,0,0,0,0,0,0,0,0,0,0,0,0,0,0,0,0,0,0,0,0,0,0,0,0,0,0,0,0,0,31,40,40,71,65476,0,300,0,0,8,21553,0.0,-107605600.0,0.0,0.0,0.0,0.0,0.0,0.0,0.0,0.0,0.0,0.0,0.0,0.0,0.0,0.0,0.0,0.0,0.0,0.0,0.0,0.0,0.0,-0.0,0.0,0.0,0.0,0.0,0.0,0.0,5436.0,-0.0,6933.0,-0.0,2.7184451529628395e+23,2.004,2.004,0.0,0.0,0.0,0.0,69,-0.0,0.0,0.0,0.0,0.0,0.0,0.0,0.0,0.0,0,0,0,0.0,0.0,0.0,0.0,0.0,0.0,0.0,0.0,0.0,0.0,0.0,0.0,0.0,0.0,0.0,0.0,0,-107875648.0,69,0.0,138,0.0,2.012,ERR,ERR,ERR,ERR,ERR,ERR,ERR,ERR,ERR,ERR,ERR,ERR,ERR,ERR,ERR,ERR,ERR,ERR,ERR,ERR,ERR,ERR,ERR,ERR,ERR,ERR,ERR,ERR,ERR,ERR,ERR,ERR,ERR,ERR,ERR,ERR,ERR,ERR,ERR,ERR,ERR,ERR,ERR,ERR,ERR,ERR,ERR,ERR,ERR,ERR,ERR,ERR,ERR,ERR,ERR,ERR,ERR,ERR,ERR,ERR,ERR,ERR,ERR,ERR,ERR,ERR,ERR,60.0,60.0,35,0.0,0.0,0.0,0.0,0.0,0.0,0.0,0.0,0.0,0.0,0.0,0.0,0.0,0.0,0.0,0.0,65.6,0,123,59,36,65476,0,300,0,0,8,20529,65476,0,0,2621,60.0,0.0,0.0,0.0,0.0,0.0
2026-07-09T15:57:41,ERR,ERR,ERR,ERR,ERR,ERR,ERR,ERR,ERR,ERR,ERR,ERR,ERR,ERR,ERR,ERR,ERR,ERR,ERR,ERR,ERR,ERR,ERR,ERR,ERR,ERR,ERR,ERR,ERR,ERR,ERR,ERR,ERR,ERR,ERR,ERR,ERR,ERR,ERR,ERR,ERR,ERR,ERR,ERR,ERR,ERR,ERR,ERR,ERR,ERR,ERR,ERR,ERR,ERR,ERR,ERR,ERR,ERR,ERR,ERR,ERR,ERR,ERR,ERR,ERR,ERR,ERR,ERR,ERR,ERR,ERR,ERR,ERR,ERR,ERR,ERR,ERR,ERR,ERR,ERR,ERR,ERR,ERR,ERR,ERR,ERR,ERR,ERR,ERR,ERR,ERR,ERR,ERR,ERR,ERR,ERR,ERR,ERR,ERR,ERR,ERR,ERR,ERR,ERR,ERR,ERR,ERR,ERR,ERR,ERR,ERR,ERR,ERR,ERR,ERR,ERR,ERR,ERR,ERR,ERR,ERR,ERR,ERR,ERR,ERR,-0.0,2.7184451529628395e+23,0.0,0.0,510.563,23.407,0.0,8.382425669527523e+31,0,0,4,17313,7116,0.0,100,0.0,0.0,0.0,0.0,0.0,0,0,0,0,0.0,0,0,0,0,0,0,0,0,0,0,0,0,0,0,0,0,0,0,0,0,0,0,0,0,0,0,0,0,0,0,0,0,0,31,40,40,71,65476,0,300,0,0,8,21553,0.0,-107605600.0,0.0,0.0,0.0,0.0,0.0,0.0,0.0,0.0,0.0,0.0,0.0,0.0,0.0,0.0,0.0,0.0,0.0,0.0,0.0,0.0,0.0,-0.0,0.0,0.0,0.0,0.0,0.0,0.0,5436.0,-0.0,6933.0,-0.0,2.7184451529628395e+23,2.004,2.004,0.0,0.0,0.0,0.0,69,-0.0,0.0,0.0,0.0,0.0,0.0,0.0,0.0,0.0,0,0,0,0.0,0.0,0.0,0.0,0.0,0.0,0.0,0.0,0.0,0.0,0.0,0.0,0.0,0.0,0.0,0.0,0,-107875648.0,69,0.0,138,0.0,2.012,ERR,ERR,ERR,ERR,ERR,ERR,ERR,ERR,ERR,ERR,ERR,ERR,ERR,ERR,ERR,ERR,ERR,ERR,ERR,ERR,ERR,ERR,ERR,ERR,ERR,ERR,ERR,ERR,ERR,ERR,ERR,ERR,ERR,ERR,ERR,ERR,ERR,ERR,ERR,ERR,ERR,ERR,ERR,ERR,ERR,ERR,ERR,ERR,ERR,ERR,ERR,ERR,ERR,ERR,ERR,ERR,ERR,ERR,ERR,ERR,ERR,ERR,ERR,ERR,ERR,ERR,ERR,60.0,60.0,35,0.0,0.0,0.0,0.0,0.0,0.0,0.0,0.0,0.0,0.0,0.0,0.0,0.0,0.0,0.0,0.0,66.0,0,123,59,37,65476,0,300,0,0,8,20529,65476,0,0,2621,60.0,0.0,0.0,0.0,0.0,0.0
2026-07-09T15:57:42,ERR,ERR,ERR,ERR,ERR,ERR,ERR,ERR,ERR,ERR,ERR,ERR,ERR,ERR,ERR,ERR,ERR,ERR,ERR,ERR,ERR,ERR,ERR,ERR,ERR,ERR,ERR,ERR,ERR,ERR,ERR,ERR,ERR,ERR,ERR,ERR,ERR,ERR,ERR,ERR,ERR,ERR,ERR,ERR,ERR,ERR,ERR,ERR,ERR,ERR,ERR,ERR,ERR,ERR,ERR,ERR,ERR,ERR,ERR,ERR,ERR,ERR,ERR,ERR,ERR,ERR,ERR,ERR,ERR,ERR,ERR,ERR,ERR,ERR,ERR,ERR,ERR,ERR,ERR,ERR,ERR,ERR,ERR,ERR,ERR,ERR,ERR,ERR,ERR,ERR,ERR,ERR,ERR,ERR,ERR,ERR,ERR,ERR,ERR,ERR,ERR,ERR,ERR,ERR,ERR,ERR,ERR,ERR,ERR,ERR,ERR,ERR,ERR,ERR,ERR,ERR,ERR,ERR,ERR,ERR,ERR,ERR,ERR,ERR,ERR,-0.0,2.7184451529628395e+23,0.0,0.0,510.563,23.407,0.0,8.382425669527523e+31,0,0,4,17313,7116,0.0,100,0.0,0.0,0.0,0.0,0.0,0,0,0,0,0.0,0,0,0,0,0,0,0,0,0,0,0,0,0,0,0,0,0,0,0,0,0,0,0,0,0,0,0,0,0,0,0,0,0,31,40,40,71,65476,0,300,0,0,8,21553,0.0,-107605600.0,0.0,0.0,0.0,0.0,0.0,0.0,0.0,0.0,0.0,0.0,0.0,0.0,0.0,0.0,0.0,0.0,0.0,0.0,0.0,0.0,0.0,-0.0,0.0,0.0,0.0,0.0,0.0,0.0,5436.0,-0.0,6933.0,-0.0,2.7184451529628395e+23,2.004,2.004,0.0,0.0,0.0,0.0,69,-0.0,0.0,0.0,0.0,0.0,0.0,0.0,0.0,0.0,0,0,0,0.0,0.0,0.0,0.0,0.0,0.0,0.0,0.0,0.0,0.0,0.0,0.0,0.0,0.0,0.0,0.0,0,-107875648.0,69,0.0,138,0.0,2.012,ERR,ERR,ERR,ERR,ERR,ERR,ERR,ERR,ERR,ERR,ERR,ERR,ERR,ERR,ERR,ERR,ERR,ERR,ERR,ERR,ERR,ERR,ERR,ERR,ERR,ERR,ERR,ERR,ERR,ERR,ERR,ERR,ERR,ERR,ERR,ERR,ERR,ERR,ERR,ERR,ERR,ERR,ERR,ERR,ERR,ERR,ERR,ERR,ERR,ERR,ERR,ERR,ERR,ERR,ERR,ERR,ERR,ERR,ERR,ERR,ERR,ERR,ERR,ERR,ERR,ERR,ERR,60.0,60.0,35,0.0,0.0,0.0,0.0,0.0,0.0,0.0,0.0,0.0,0.0,0.0,0.0,0.0,0.0,0.0,0.0,66.0,0,123,59,37,65476,0,300,0,0,8,20529,65476,0,0,2621,60.0,0.0,0.0,0.0,0.0,0.0
2026-07-09T15:57:43,ERR,ERR,ERR,ERR,ERR,ERR,ERR,ERR,ERR,ERR,ERR,ERR,ERR,ERR,ERR,ERR,ERR,ERR,ERR,ERR,ERR,ERR,ERR,ERR,ERR,ERR,ERR,ERR,ERR,ERR,ERR,ERR,ERR,ERR,ERR,ERR,ERR,ERR,ERR,ERR,ERR,ERR,ERR,ERR,ERR,ERR,ERR,ERR,ERR,ERR,ERR,ERR,ERR,ERR,ERR,ERR,ERR,ERR,ERR,ERR,ERR,ERR,ERR,ERR,ERR,ERR,ERR,ERR,ERR,ERR,ERR,ERR,ERR,ERR,ERR,ERR,ERR,ERR,ERR,ERR,ERR,ERR,ERR,ERR,ERR,ERR,ERR,ERR,ERR,ERR,ERR,ERR,ERR,ERR,ERR,ERR,ERR,ERR,ERR,ERR,ERR,ERR,ERR,ERR,ERR,ERR,ERR,ERR,ERR,ERR,ERR,ERR,ERR,ERR,ERR,ERR,ERR,ERR,ERR,ERR,ERR,ERR,ERR,ERR,ERR,-0.0,2.7184451529628395e+23,0.0,0.0,510.563,23.407,0.0,8.382425669527523e+31,0,0,4,17313,7116,0.0,100,0.0,0.0,0.0,0.0,0.0,0,0,0,0,0.0,0,0,0,0,0,0,0,0,0,0,0,0,0,0,0,0,0,0,0,0,0,0,0,0,0,0,0,0,0,0,0,0,0,31,40,40,71,65476,0,300,0,0,8,21553,0.0,-107605600.0,0.0,0.0,0.0,0.0,0.0,0.0,0.0,0.0,0.0,0.0,0.0,0.0,0.0,0.0,0.0,0.0,0.0,0.0,0.0,0.0,0.0,-0.0,0.0,0.0,0.0,0.0,0.0,0.0,5436.0,-0.0,6933.0,-0.0,2.7184451529628395e+23,2.004,2.004,0.0,0.0,0.0,0.0,69,-0.0,0.0,0.0,0.0,0.0,0.0,0.0,0.0,0.0,0,0,0,0.0,0.0,0.0,0.0,0.0,0.0,0.0,0.0,0.0,0.0,0.0,0.0,0.0,0.0,0.0,0.0,0,-107875648.0,69,0.0,138,0.0,2.012,ERR,ERR,ERR,ERR,ERR,ERR,ERR,ERR,ERR,ERR,ERR,ERR,ERR,ERR,ERR,ERR,ERR,ERR,ERR,ERR,ERR,ERR,ERR,ERR,ERR,ERR,ERR,ERR,ERR,ERR,ERR,ERR,ERR,ERR,ERR,ERR,ERR,ERR,ERR,ERR,ERR,ERR,ERR,ERR,ERR,ERR,ERR,ERR,ERR,ERR,ERR,ERR,ERR,ERR,ERR,ERR,ERR,ERR,ERR,ERR,ERR,ERR,ERR,ERR,ERR,ERR,ERR,60.0,60.0,35,0.0,0.0,0.0,0.0,0.0,0.0,0.0,0.0,0.0,0.0,0.0,0.0,0.0,0.0,0.0,0.0,65.6,0,123,59,37,65476,0,300,0,0,8,20529,65476,0,0,2621,60.0,0.0,0.0,0.0,0.0,0.0
2026-07-09T15:57:44,ERR,ERR,ERR,ERR,ERR,ERR,ERR,ERR,ERR,ERR,ERR,ERR,ERR,ERR,ERR,ERR,ERR,ERR,ERR,ERR,ERR,ERR,ERR,ERR,ERR,ERR,ERR,ERR,ERR,ERR,ERR,ERR,ERR,ERR,ERR,ERR,ERR,ERR,ERR,ERR,ERR,ERR,ERR,ERR,ERR,ERR,ERR,ERR,ERR,ERR,ERR,ERR,ERR,ERR,ERR,ERR,ERR,ERR,ERR,ERR,ERR,ERR,ERR,ERR,ERR,ERR,ERR,ERR,ERR,ERR,ERR,ERR,ERR,ERR,ERR,ERR,ERR,ERR,ERR,ERR,ERR,ERR,ERR,ERR,ERR,ERR,ERR,ERR,ERR,ERR,ERR,ERR,ERR,ERR,ERR,ERR,ERR,ERR,ERR,ERR,ERR,ERR,ERR,ERR,ERR,ERR,ERR,ERR,ERR,ERR,ERR,ERR,ERR,ERR,ERR,ERR,ERR,ERR,ERR,ERR,ERR,ERR,ERR,ERR,ERR,-0.0,2.7184451529628395e+23,0.0,0.0,510.563,23.407,0.0,8.382425669527523e+31,0,0,4,17313,7116,0.0,100,0.0,0.0,0.0,0.0,0.0,0,0,0,0,0.0,0,0,0,0,0,0,0,0,0,0,0,0,0,0,0,0,0,0,0,0,0,0,0,0,0,0,0,0,0,0,0,0,0,31,40,40,71,65476,0,300,0,0,8,21553,0.0,-107605600.0,0.0,0.0,0.0,0.0,0.0,0.0,0.0,0.0,0.0,0.0,0.0,0.0,0.0,0.0,0.0,0.0,0.0,0.0,0.0,0.0,0.0,-0.0,0.0,0.0,0.0,0.0,0.0,0.0,5436.0,-0.0,6933.0,-0.0,2.7184451529628395e+23,2.004,2.004,0.0,0.0,0.0,0.0,69,-0.0,0.0,0.0,0.0,0.0,0.0,0.0,0.0,0.0,0,0,0,0.0,0.0,0.0,0.0,0.0,0.0,0.0,0.0,0.0,0.0,0.0,0.0,0.0,0.0,0.0,0.0,0,-107875648.0,69,0.0,138,0.0,2.012,ERR,ERR,ERR,ERR,ERR,ERR,ERR,ERR,ERR,ERR,ERR,ERR,ERR,ERR,ERR,ERR,ERR,ERR,ERR,ERR,ERR,ERR,ERR,ERR,ERR,ERR,ERR,ERR,ERR,ERR,ERR,ERR,ERR,ERR,ERR,ERR,ERR,ERR,ERR,ERR,ERR,ERR,ERR,ERR,ERR,ERR,ERR,ERR,ERR,ERR,ERR,ERR,ERR,ERR,ERR,ERR,ERR,ERR,ERR,ERR,ERR,ERR,ERR,ERR,ERR,ERR,ERR,60.0,60.0,35,0.0,0.0,0.0,0.0,0.0,0.0,0.0,0.0,0.0,0.0,0.0,0.0,0.0,0.0,0.0,0.0,65.6,0,123,59,37,65476,0,300,0,0,8,20529,65476,0,0,2621,60.0,0.0,0.0,0.0,0.0,0.0
2026-07-09T15:57:45,ERR,ERR,ERR,ERR,ERR,ERR,ERR,ERR,ERR,ERR,ERR,ERR,ERR,ERR,ERR,ERR,ERR,ERR,ERR,ERR,ERR,ERR,ERR,ERR,ERR,ERR,ERR,ERR,ERR,ERR,ERR,ERR,ERR,ERR,ERR,ERR,ERR,ERR,ERR,ERR,ERR,ERR,ERR,ERR,ERR,ERR,ERR,ERR,ERR,ERR,ERR,ERR,ERR,ERR,ERR,ERR,ERR,ERR,ERR,ERR,ERR,ERR,ERR,ERR,ERR,ERR,ERR,ERR,ERR,ERR,ERR,ERR,ERR,ERR,ERR,ERR,ERR,ERR,ERR,ERR,ERR,ERR,ERR,ERR,ERR,ERR,ERR,ERR,ERR,ERR,ERR,ERR,ERR,ERR,ERR,ERR,ERR,ERR,ERR,ERR,ERR,ERR,ERR,ERR,ERR,ERR,ERR,ERR,ERR,ERR,ERR,ERR,ERR,ERR,ERR,ERR,ERR,ERR,ERR,ERR,ERR,ERR,ERR,ERR,ERR,-0.0,-107616016.0,0.0,0.0,-2.888646912817234e+17,0.0,0.0,3.235695759042489e+32,0,0,4,17313,7116,0.0,100,0.0,0.0,0.0,0.0,0.0,0,0,0,0,0.0,0,0,0,0,0,0,0,0,0,0,0,0,0,0,0,0,0,0,0,0,0,0,0,0,0,0,0,0,0,0,0,0,0,31,40,40,71,65476,0,300,0,0,8,21553,0.0,-107605600.0,0.0,0.0,0.0,0.0,0.0,0.0,0.0,0.0,0.0,0.0,0.0,0.0,0.0,0.0,0.0,0.0,0.0,0.0,0.0,0.0,0.0,-2.004,0.0,0.0,0.0,0.0,0.0,0.0,5410.0,-0.0,6932.0,-0.0,-107616016.0,2.004,2.004,0.0,0.0,0.0,0.0,69,-107614960.0,0.0,0.0,0.0,0.0,0.0,0.0,0.0,0.0,0,0,0,0.0,0.0,0.0,0.0,0.0,0.0,0.0,0.0,0.0,0.0,0.0,0.0,0.0,0.0,0.0,0.0,0,-107875648.0,69,0.0,138,0.0,2.012,ERR,ERR,ERR,ERR,ERR,ERR,ERR,ERR,ERR,ERR,ERR,ERR,ERR,ERR,ERR,ERR,ERR,ERR,ERR,ERR,ERR,ERR,ERR,ERR,ERR,ERR,ERR,ERR,ERR,ERR,ERR,ERR,ERR,ERR,ERR,ERR,ERR,ERR,ERR,ERR,ERR,ERR,ERR,ERR,ERR,ERR,ERR,ERR,ERR,ERR,ERR,ERR,ERR,ERR,ERR,ERR,ERR,ERR,ERR,ERR,ERR,ERR,ERR,ERR,ERR,ERR,ERR,60.0,60.0,35,0.0,0.0,0.0,0.0,0.0,0.0,0.0,0.0,0.0,0.0,0.0,0.0,0.0,0.0,0.0,0.0,65.6,0,123,59,37,65476,0,300,0,0,8,20529,65476,0,0,2621,60.0,0.0,0.0,0.0,0.0,0.0
2026-07-09T15:57:46,ERR,ERR,ERR,ERR,ERR,ERR,ERR,ERR,ERR,ERR,ERR,ERR,ERR,ERR,ERR,ERR,ERR,ERR,ERR,ERR,ERR,ERR,ERR,ERR,ERR,ERR,ERR,ERR,ERR,ERR,ERR,ERR,ERR,ERR,ERR,ERR,ERR,ERR,ERR,ERR,ERR,ERR,ERR,ERR,ERR,ERR,ERR,ERR,ERR,ERR,ERR,ERR,ERR,ERR,ERR,ERR,ERR,ERR,ERR,ERR,ERR,ERR,ERR,ERR,ERR,ERR,ERR,ERR,ERR,ERR,ERR,ERR,ERR,ERR,ERR,ERR,ERR,ERR,ERR,ERR,ERR,ERR,ERR,ERR,ERR,ERR,ERR,ERR,ERR,ERR,ERR,ERR,ERR,ERR,ERR,ERR,ERR,ERR,ERR,ERR,ERR,ERR,ERR,ERR,ERR,ERR,ERR,ERR,ERR,ERR,ERR,ERR,ERR,ERR,ERR,ERR,ERR,ERR,ERR,ERR,ERR,ERR,ERR,ERR,ERR,-0.0,-107616016.0,0.0,0.0,-2.888646912817234e+17,0.0,0.0,3.235695759042489e+32,0,0,4,17313,7116,0.0,100,0.0,0.0,0.0,0.0,0.0,0,0,0,0,0.0,0,0,0,0,0,0,0,0,0,0,0,0,0,0,0,0,0,0,0,0,0,0,0,0,0,0,0,0,0,0,0,0,0,31,40,40,71,65476,0,300,0,0,8,21553,0.0,-107605600.0,0.0,0.0,0.0,0.0,0.0,0.0,0.0,0.0,0.0,0.0,0.0,0.0,0.0,0.0,0.0,0.0,0.0,0.0,0.0,0.0,0.0,-2.004,0.0,0.0,0.0,0.0,0.0,0.0,5410.0,-0.0,6932.0,-0.0,-107616016.0,2.004,2.004,0.0,0.0,0.0,0.0,69,-107614960.0,0.0,0.0,0.0,0.0,0.0,0.0,0.0,0.0,0,0,0,0.0,0.0,0.0,0.0,0.0,0.0,0.0,0.0,0.0,0.0,0.0,0.0,0.0,0.0,0.0,0.0,0,-107875648.0,69,0.0,138,0.0,2.012,ERR,ERR,ERR,ERR,ERR,ERR,ERR,ERR,ERR,ERR,ERR,ERR,ERR,ERR,ERR,ERR,ERR,ERR,ERR,ERR,ERR,ERR,ERR,ERR,ERR,ERR,ERR,ERR,ERR,ERR,ERR,ERR,ERR,ERR,ERR,ERR,ERR,ERR,ERR,ERR,ERR,ERR,ERR,ERR,ERR,ERR,ERR,ERR,ERR,ERR,ERR,ERR,ERR,ERR,ERR,ERR,ERR,ERR,ERR,ERR,ERR,ERR,ERR,ERR,ERR,ERR,ERR,60.0,60.0,35,0.0,0.0,0.0,0.0,0.0,0.0,0.0,0.0,0.0,0.0,0.0,0.0,0.0,0.0,0.0,0.0,65.6,0,123,59,37,65476,0,300,0,0,8,20529,65476,0,0,2621,60.0,0.0,0.0,0.0,0.0,0.0
2026-07-09T15:57:47,ERR,ERR,ERR,ERR,ERR,ERR,ERR,ERR,ERR,ERR,ERR,ERR,ERR,ERR,ERR,ERR,ERR,ERR,ERR,ERR,ERR,ERR,ERR,ERR,ERR,ERR,ERR,ERR,ERR,ERR,ERR,ERR,ERR,ERR,ERR,ERR,ERR,ERR,ERR,ERR,ERR,ERR,ERR,ERR,ERR,ERR,ERR,ERR,ERR,ERR,ERR,ERR,ERR,ERR,ERR,ERR,ERR,ERR,ERR,ERR,ERR,ERR,ERR,ERR,ERR,ERR,ERR,ERR,ERR,ERR,ERR,ERR,ERR,ERR,ERR,ERR,ERR,ERR,ERR,ERR,ERR,ERR,ERR,ERR,ERR,ERR,ERR,ERR,ERR,ERR,ERR,ERR,ERR,ERR,ERR,ERR,ERR,ERR,ERR,ERR,ERR,ERR,ERR,ERR,ERR,ERR,ERR,ERR,ERR,ERR,ERR,ERR,ERR,ERR,ERR,ERR,ERR,ERR,ERR,ERR,ERR,ERR,ERR,ERR,ERR,-0.0,-107616016.0,0.0,0.0,-2.888646912817234e+17,0.0,0.0,3.235695759042489e+32,0,0,4,17313,7116,0.0,100,0.0,0.0,0.0,0.0,0.0,0,0,0,0,0.0,0,0,0,0,0,0,0,0,0,0,0,0,0,0,0,0,0,0,0,0,0,0,0,0,0,0,0,0,0,0,0,0,0,31,40,40,71,65476,0,300,0,0,8,21553,0.0,-107605600.0,0.0,0.0,0.0,0.0,0.0,0.0,0.0,0.0,0.0,0.0,0.0,0.0,0.0,0.0,0.0,0.0,0.0,0.0,0.0,0.0,0.0,-2.004,0.0,0.0,0.0,0.0,0.0,0.0,5410.0,-0.0,6932.0,-0.0,-107616016.0,2.004,2.004,0.0,0.0,0.0,0.0,69,-107614960.0,0.0,0.0,0.0,0.0,0.0,0.0,0.0,0.0,0,0,0,0.0,0.0,0.0,0.0,0.0,0.0,0.0,0.0,0.0,0.0,0.0,0.0,0.0,0.0,0.0,0.0,0,-107875648.0,69,0.0,138,0.0,2.012,ERR,ERR,ERR,ERR,ERR,ERR,ERR,ERR,ERR,ERR,ERR,ERR,ERR,ERR,ERR,ERR,ERR,ERR,ERR,ERR,ERR,ERR,ERR,ERR,ERR,ERR,ERR,ERR,ERR,ERR,ERR,ERR,ERR,ERR,ERR,ERR,ERR,ERR,ERR,ERR,ERR,ERR,ERR,ERR,ERR,ERR,ERR,ERR,ERR,ERR,ERR,ERR,ERR,ERR,ERR,ERR,ERR,ERR,ERR,ERR,ERR,ERR,ERR,ERR,ERR,ERR,ERR,60.0,60.0,35,0.0,0.0,0.0,0.0,0.0,0.0,0.0,0.0,0.0,0.0,0.0,0.0,0.0,0.0,0.0,0.0,65.6,0,123,59,37,65476,0,300,0,0,8,20529,65476,0,0,2621,60.0,0.0,0.0,0.0,0.0,0.0
2026-07-09T15:57:48,ERR,ERR,ERR,ERR,ERR,ERR,ERR,ERR,ERR,ERR,ERR,ERR,ERR,ERR,ERR,ERR,ERR,ERR,ERR,ERR,ERR,ERR,ERR,ERR,ERR,ERR,ERR,ERR,ERR,ERR,ERR,ERR,ERR,ERR,ERR,ERR,ERR,ERR,ERR,ERR,ERR,ERR,ERR,ERR,ERR,ERR,ERR,ERR,ERR,ERR,ERR,ERR,ERR,ERR,ERR,ERR,ERR,ERR,ERR,ERR,ERR,ERR,ERR,ERR,ERR,ERR,ERR,ERR,ERR,ERR,ERR,ERR,ERR,ERR,ERR,ERR,ERR,ERR,ERR,ERR,ERR,ERR,ERR,ERR,ERR,ERR,ERR,ERR,ERR,ERR,ERR,ERR,ERR,ERR,ERR,ERR,ERR,ERR,ERR,ERR,ERR,ERR,ERR,ERR,ERR,ERR,ERR,ERR,ERR,ERR,ERR,ERR,ERR,ERR,ERR,ERR,ERR,ERR,ERR,ERR,ERR,ERR,ERR,ERR,ERR,-0.0,-107616016.0,0.0,0.0,-2.888646912817234e+17,0.0,0.0,3.235695759042489e+32,0,0,4,17313,7116,0.0,100,0.0,0.0,0.0,0.0,0.0,0,0,0,0,0.0,0,0,0,0,0,0,0,0,0,0,0,0,0,0,0,0,0,0,0,0,0,0,0,0,0,0,0,0,0,0,0,0,0,31,40,40,71,65476,0,300,0,0,8,21553,0.0,-107605600.0,0.0,0.0,0.0,0.0,0.0,0.0,0.0,0.0,0.0,0.0,0.0,0.0,0.0,0.0,0.0,0.0,0.0,0.0,0.0,0.0,0.0,-2.004,0.0,0.0,0.0,0.0,0.0,0.0,5410.0,-0.0,6932.0,-0.0,-107616016.0,2.004,2.004,0.0,0.0,0.0,0.0,69,-107614960.0,0.0,0.0,0.0,0.0,0.0,0.0,0.0,0.0,0,0,0,0.0,0.0,0.0,0.0,0.0,0.0,0.0,0.0,0.0,0.0,0.0,0.0,0.0,0.0,0.0,0.0,0,-107875648.0,69,0.0,138,0.0,2.012,ERR,ERR,ERR,ERR,ERR,ERR,ERR,ERR,ERR,ERR,ERR,ERR,ERR,ERR,ERR,ERR,ERR,ERR,ERR,ERR,ERR,ERR,ERR,ERR,ERR,ERR,ERR,ERR,ERR,ERR,ERR,ERR,ERR,ERR,ERR,ERR,ERR,ERR,ERR,ERR,ERR,ERR,ERR,ERR,ERR,ERR,ERR,ERR,ERR,ERR,ERR,ERR,ERR,ERR,ERR,ERR,ERR,ERR,ERR,ERR,ERR,ERR,ERR,ERR,ERR,ERR,ERR,60.0,60.0,35,0.0,0.0,0.0,0.0,0.0,0.0,0.0,0.0,0.0,0.0,0.0,0.0,0.0,0.0,0.0,0.0,65.6,0,123,59,37,65476,0,300,0,0,8,20529,65476,0,0,2621,60.0,0.0,0.0,0.0,0.0,0.0
2026-07-09T15:57:49,ERR,ERR,ERR,ERR,ERR,ERR,ERR,ERR,ERR,ERR,ERR,ERR,ERR,ERR,ERR,ERR,ERR,ERR,ERR,ERR,ERR,ERR,ERR,ERR,ERR,ERR,ERR,ERR,ERR,ERR,ERR,ERR,ERR,ERR,ERR,ERR,ERR,ERR,ERR,ERR,ERR,ERR,ERR,ERR,ERR,ERR,ERR,ERR,ERR,ERR,ERR,ERR,ERR,ERR,ERR,ERR,ERR,ERR,ERR,ERR,ERR,ERR,ERR,ERR,ERR,ERR,ERR,ERR,ERR,ERR,ERR,ERR,ERR,ERR,ERR,ERR,ERR,ERR,ERR,ERR,ERR,ERR,ERR,ERR,ERR,ERR,ERR,ERR,ERR,ERR,ERR,ERR,ERR,ERR,ERR,ERR,ERR,ERR,ERR,ERR,ERR,ERR,ERR,ERR,ERR,ERR,ERR,ERR,ERR,ERR,ERR,ERR,ERR,ERR,ERR,ERR,ERR,ERR,ERR,ERR,ERR,ERR,ERR,ERR,ERR,-0.0,-107616016.0,0.0,0.0,-2.888646912817234e+17,0.0,0.0,3.235695759042489e+32,0,0,4,17313,7116,0.0,100,0.0,0.0,0.0,0.0,0.0,0,0,0,0,0.0,0,0,0,0,0,0,0,0,0,0,0,0,0,0,0,0,0,0,0,0,0,0,0,0,0,0,0,0,0,0,0,0,0,31,40,40,71,65476,0,300,0,0,8,21553,0.0,-107605600.0,0.0,0.0,0.0,0.0,0.0,0.0,0.0,0.0,0.0,0.0,0.0,0.0,0.0,0.0,0.0,0.0,0.0,0.0,0.0,0.0,0.0,-2.004,0.0,0.0,0.0,0.0,0.0,0.0,5410.0,-0.0,6932.0,-0.0,-107616016.0,2.004,2.004,0.0,0.0,0.0,0.0,69,-107614960.0,0.0,0.0,0.0,0.0,0.0,0.0,0.0,0.0,0,0,0,0.0,0.0,0.0,0.0,0.0,0.0,0.0,0.0,0.0,0.0,0.0,0.0,0.0,0.0,0.0,0.0,0,-107875648.0,69,0.0,138,0.0,2.012,ERR,ERR,ERR,ERR,ERR,ERR,ERR,ERR,ERR,ERR,ERR,ERR,ERR,ERR,ERR,ERR,ERR,ERR,ERR,ERR,ERR,ERR,ERR,ERR,ERR,ERR,ERR,ERR,ERR,ERR,ERR,ERR,ERR,ERR,ERR,ERR,ERR,ERR,ERR,ERR,ERR,ERR,ERR,ERR,ERR,ERR,ERR,ERR,ERR,ERR,ERR,ERR,ERR,ERR,ERR,ERR,ERR,ERR,ERR,ERR,ERR,ERR,ERR,ERR,ERR,ERR,ERR,60.0,60.0,35,0.0,0.0,0.0,0.0,0.0,0.0,0.0,0.0,0.0,0.0,0.0,0.0,0.0,0.0,0.0,0.0,65.6,0,123,60,37,65476,0,300,0,0,8,20529,65476,0,0,2621,60.0,0.0,0.0,0.0,0.0,0.0
2026-07-09T15:57:50,ERR,ERR,ERR,ERR,ERR,ERR,ERR,ERR,ERR,ERR,ERR,ERR,ERR,ERR,ERR,ERR,ERR,ERR,ERR,ERR,ERR,ERR,ERR,ERR,ERR,ERR,ERR,ERR,ERR,ERR,ERR,ERR,ERR,ERR,ERR,ERR,ERR,ERR,ERR,ERR,ERR,ERR,ERR,ERR,ERR,ERR,ERR,ERR,ERR,ERR,ERR,ERR,ERR,ERR,ERR,ERR,ERR,ERR,ERR,ERR,ERR,ERR,ERR,ERR,ERR,ERR,ERR,ERR,ERR,ERR,ERR,ERR,ERR,ERR,ERR,ERR,ERR,ERR,ERR,ERR,ERR,ERR,ERR,ERR,ERR,ERR,ERR,ERR,ERR,ERR,ERR,ERR,ERR,ERR,ERR,ERR,ERR,ERR,ERR,ERR,ERR,ERR,ERR,ERR,ERR,ERR,ERR,ERR,ERR,ERR,ERR,ERR,ERR,ERR,ERR,ERR,ERR,ERR,ERR,ERR,ERR,ERR,ERR,ERR,ERR,-0.0,-107616016.0,0.0,0.0,-2.888646912817234e+17,0.0,256284.859,4.328345310816721e+37,0,0,4,17316,7116,0.0,100,0.0,0.0,0.0,0.0,0.0,0,0,0,0,0.0,0,0,0,0,0,0,0,0,0,0,0,0,0,0,0,0,0,0,0,0,0,0,0,0,0,0,0,0,0,0,0,0,0,31,40,40,71,65476,0,300,0,0,8,21553,0.0,-107605600.0,0.0,0.0,0.0,0.0,0.0,0.0,0.0,0.0,0.0,0.0,0.0,0.0,0.0,0.0,0.0,0.0,0.0,0.0,0.0,0.0,2.004,-3.697066946564247e+19,0.0,0.0,0.0,0.0,0.0,0.0,5423.0,-0.0,6933.0,0.0,0.0,2.004,2.004,0.0,0.0,0.0,0.0,69,1.905689874137088e+17,0.0,0.0,0.0,0.0,0.0,0.0,0.0,0.0,0,0,0,0.0,0.0,0.0,0.0,0.0,0.0,0.0,0.0,0.0,0.0,0.0,0.0,0.0,0.0,0.0,0.0,0,-107875648.0,69,0.0,138,0.0,2.012,ERR,ERR,ERR,ERR,ERR,ERR,ERR,ERR,ERR,ERR,ERR,ERR,ERR,ERR,ERR,ERR,ERR,ERR,ERR,ERR,ERR,ERR,ERR,ERR,ERR,ERR,ERR,ERR,ERR,ERR,ERR,ERR,ERR,ERR,ERR,ERR,ERR,ERR,ERR,ERR,ERR,ERR,ERR,ERR,ERR,ERR,ERR,ERR,ERR,ERR,ERR,ERR,ERR,ERR,ERR,ERR,ERR,ERR,ERR,ERR,ERR,ERR,ERR,ERR,ERR,ERR,ERR,60.0,60.0,35,0.0,0.0,0.0,0.0,0.0,0.0,0.0,0.0,0.0,0.0,0.0,0.0,0.0,0.0,0.0,0.0,65.6,0,123,60,37,65476,0,300,0,0,8,20529,65476,0,0,2621,60.0,0.0,0.0,0.0,0.0,0.0
2026-07-09T15:57:51,ERR,ERR,ERR,ERR,ERR,ERR,ERR,ERR,ERR,ERR,ERR,ERR,ERR,ERR,ERR,ERR,ERR,ERR,ERR,ERR,ERR,ERR,ERR,ERR,ERR,ERR,ERR,ERR,ERR,ERR,ERR,ERR,ERR,ERR,ERR,ERR,ERR,ERR,ERR,ERR,ERR,ERR,ERR,ERR,ERR,ERR,ERR,ERR,ERR,ERR,ERR,ERR,ERR,ERR,ERR,ERR,ERR,ERR,ERR,ERR,ERR,ERR,ERR,ERR,ERR,ERR,ERR,ERR,ERR,ERR,ERR,ERR,ERR,ERR,ERR,ERR,ERR,ERR,ERR,ERR,ERR,ERR,ERR,ERR,ERR,ERR,ERR,ERR,ERR,ERR,ERR,ERR,ERR,ERR,ERR,ERR,ERR,ERR,ERR,ERR,ERR,ERR,ERR,ERR,ERR,ERR,ERR,ERR,ERR,ERR,ERR,ERR,ERR,ERR,ERR,ERR,ERR,ERR,ERR,ERR,ERR,ERR,ERR,ERR,ERR,-0.0,-107616016.0,0.0,0.0,-2.888646912817234e+17,0.0,256284.859,4.328345310816721e+37,0,0,4,17316,7116,0.0,100,0.0,0.0,0.0,0.0,0.0,0,0,0,0,0.0,0,0,0,0,0,0,0,0,0,0,0,0,0,0,0,0,0,0,0,0,0,0,0,0,0,0,0,0,0,0,0,0,0,31,40,40,71,65476,0,300,0,0,8,21553,0.0,-107605600.0,0.0,0.0,0.0,0.0,0.0,0.0,0.0,0.0,0.0,0.0,0.0,0.0,0.0,0.0,0.0,0.0,0.0,0.0,0.0,0.0,2.004,-3.697066946564247e+19,0.0,0.0,0.0,0.0,0.0,0.0,5423.0,-0.0,6933.0,0.0,0.0,2.004,2.004,0.0,0.0,0.0,0.0,69,1.905689874137088e+17,0.0,0.0,0.0,0.0,0.0,0.0,0.0,0.0,0,0,0,0.0,0.0,0.0,0.0,0.0,0.0,0.0,0.0,0.0,0.0,0.0,0.0,0.0,0.0,0.0,0.0,0,-107875648.0,69,0.0,138,0.0,2.012,ERR,ERR,ERR,ERR,ERR,ERR,ERR,ERR,ERR,ERR,ERR,ERR,ERR,ERR,ERR,ERR,ERR,ERR,ERR,ERR,ERR,ERR,ERR,ERR,ERR,ERR,ERR,ERR,ERR,ERR,ERR,ERR,ERR,ERR,ERR,ERR,ERR,ERR,ERR,ERR,ERR,ERR,ERR,ERR,ERR,ERR,ERR,ERR,ERR,ERR,ERR,ERR,ERR,ERR,ERR,ERR,ERR,ERR,ERR,ERR,ERR,ERR,ERR,ERR,ERR,ERR,ERR,60.0,60.0,35,0.0,0.0,0.0,0.0,0.0,0.0,0.0,0.0,0.0,0.0,0.0,0.0,0.0,0.0,0.0,0.0,65.6,0,123,60,37,65476,0,300,0,0,8,20529,65476,0,0,2621,60.0,0.0,0.0,0.0,0.0,0.0
2026-07-09T15:57:52,ERR,ERR,ERR,ERR,ERR,ERR,ERR,ERR,ERR,ERR,ERR,ERR,ERR,ERR,ERR,ERR,ERR,ERR,ERR,ERR,ERR,ERR,ERR,ERR,ERR,ERR,ERR,ERR,ERR,ERR,ERR,ERR,ERR,ERR,ERR,ERR,ERR,ERR,ERR,ERR,ERR,ERR,ERR,ERR,ERR,ERR,ERR,ERR,ERR,ERR,ERR,ERR,ERR,ERR,ERR,ERR,ERR,ERR,ERR,ERR,ERR,ERR,ERR,ERR,ERR,ERR,ERR,ERR,ERR,ERR,ERR,ERR,ERR,ERR,ERR,ERR,ERR,ERR,ERR,ERR,ERR,ERR,ERR,ERR,ERR,ERR,ERR,ERR,ERR,ERR,ERR,ERR,ERR,ERR,ERR,ERR,ERR,ERR,ERR,ERR,ERR,ERR,ERR,ERR,ERR,ERR,ERR,ERR,ERR,ERR,ERR,ERR,ERR,ERR,ERR,ERR,ERR,ERR,ERR,ERR,ERR,ERR,ERR,ERR,ERR,-0.0,-107616016.0,0.0,0.0,-2.888646912817234e+17,0.0,256284.859,4.328345310816721e+37,0,0,4,17316,7116,0.0,100,0.0,0.0,0.0,0.0,0.0,0,0,0,0,0.0,0,0,0,0,0,0,0,0,0,0,0,0,0,0,0,0,0,0,0,0,0,0,0,0,0,0,0,0,0,0,0,0,0,31,40,40,71,65476,0,300,0,0,8,21553,0.0,-107605600.0,0.0,0.0,0.0,0.0,0.0,0.0,0.0,0.0,0.0,0.0,0.0,0.0,0.0,0.0,0.0,0.0,0.0,0.0,0.0,0.0,2.004,-3.697066946564247e+19,0.0,0.0,0.0,0.0,0.0,0.0,5423.0,-0.0,6933.0,0.0,0.0,2.004,2.004,0.0,0.0,0.0,0.0,69,1.905689874137088e+17,0.0,0.0,0.0,0.0,0.0,0.0,0.0,0.0,0,0,0,0.0,0.0,0.0,0.0,0.0,0.0,0.0,0.0,0.0,0.0,0.0,0.0,0.0,0.0,0.0,0.0,0,-107875648.0,69,0.0,138,0.0,2.012,ERR,ERR,ERR,ERR,ERR,ERR,ERR,ERR,ERR,ERR,ERR,ERR,ERR,ERR,ERR,ERR,ERR,ERR,ERR,ERR,ERR,ERR,ERR,ERR,ERR,ERR,ERR,ERR,ERR,ERR,ERR,ERR,ERR,ERR,ERR,ERR,ERR,ERR,ERR,ERR,ERR,ERR,ERR,ERR,ERR,ERR,ERR,ERR,ERR,ERR,ERR,ERR,ERR,ERR,ERR,ERR,ERR,ERR,ERR,ERR,ERR,ERR,ERR,ERR,ERR,ERR,ERR,60.0,60.0,35,0.0,0.0,0.0,0.0,0.0,0.0,0.0,0.0,0.0,0.0,0.0,0.0,0.0,0.0,0.0,0.0,65.6,0,123,60,37,65476,0,300,0,0,8,20529,65476,0,0,2621,60.0,0.0,0.0,0.0,0.0,0.0
2026-07-09T15:57:53,ERR,ERR,ERR,ERR,ERR,ERR,ERR,ERR,ERR,ERR,ERR,ERR,ERR,ERR,ERR,ERR,ERR,ERR,ERR,ERR,ERR,ERR,ERR,ERR,ERR,ERR,ERR,ERR,ERR,ERR,ERR,ERR,ERR,ERR,ERR,ERR,ERR,ERR,ERR,ERR,ERR,ERR,ERR,ERR,ERR,ERR,ERR,ERR,ERR,ERR,ERR,ERR,ERR,ERR,ERR,ERR,ERR,ERR,ERR,ERR,ERR,ERR,ERR,ERR,ERR,ERR,ERR,ERR,ERR,ERR,ERR,ERR,ERR,ERR,ERR,ERR,ERR,ERR,ERR,ERR,ERR,ERR,ERR,ERR,ERR,ERR,ERR,ERR,ERR,ERR,ERR,ERR,ERR,ERR,ERR,ERR,ERR,ERR,ERR,ERR,ERR,ERR,ERR,ERR,ERR,ERR,ERR,ERR,ERR,ERR,ERR,ERR,ERR,ERR,ERR,ERR,ERR,ERR,ERR,ERR,ERR,ERR,ERR,ERR,ERR,-0.0,-107616016.0,0.0,0.0,-2.888646912817234e+17,0.0,256284.859,4.328345310816721e+37,0,0,4,17316,7116,0.0,100,0.0,0.0,0.0,0.0,0.0,0,0,0,0,0.0,0,0,0,0,0,0,0,0,0,0,0,0,0,0,0,0,0,0,0,0,0,0,0,0,0,0,0,0,0,0,0,0,0,31,40,40,71,65476,0,300,0,0,8,21553,0.0,-107605600.0,0.0,0.0,0.0,0.0,0.0,0.0,0.0,0.0,0.0,0.0,0.0,0.0,0.0,0.0,0.0,0.0,0.0,0.0,0.0,0.0,2.004,-3.697066946564247e+19,0.0,0.0,0.0,0.0,0.0,0.0,5423.0,-0.0,6933.0,0.0,0.0,2.004,2.004,0.0,0.0,0.0,0.0,69,1.905689874137088e+17,0.0,0.0,0.0,0.0,0.0,0.0,0.0,0.0,0,0,0,0.0,0.0,0.0,0.0,0.0,0.0,0.0,0.0,0.0,0.0,0.0,0.0,0.0,0.0,0.0,0.0,0,-107875648.0,69,0.0,138,0.0,2.012,ERR,ERR,ERR,ERR,ERR,ERR,ERR,ERR,ERR,ERR,ERR,ERR,ERR,ERR,ERR,ERR,ERR,ERR,ERR,ERR,ERR,ERR,ERR,ERR,ERR,ERR,ERR,ERR,ERR,ERR,ERR,ERR,ERR,ERR,ERR,ERR,ERR,ERR,ERR,ERR,ERR,ERR,ERR,ERR,ERR,ERR,ERR,ERR,ERR,ERR,ERR,ERR,ERR,ERR,ERR,ERR,ERR,ERR,ERR,ERR,ERR,ERR,ERR,ERR,ERR,ERR,ERR,60.0,60.0,35,0.0,0.0,0.0,0.0,0.0,0.0,0.0,0.0,0.0,0.0,0.0,0.0,0.0,0.0,0.0,0.0,65.6,0,124,60,37,65476,0,300,0,0,8,20529,65476,0,0,2621,60.0,0.0,0.0,0.0,0.0,0.0
2026-07-09T15:57:54,ERR,ERR,ERR,ERR,ERR,ERR,ERR,ERR,ERR,ERR,ERR,ERR,ERR,ERR,ERR,ERR,ERR,ERR,ERR,ERR,ERR,ERR,ERR,ERR,ERR,ERR,ERR,ERR,ERR,ERR,ERR,ERR,ERR,ERR,ERR,ERR,ERR,ERR,ERR,ERR,ERR,ERR,ERR,ERR,ERR,ERR,ERR,ERR,ERR,ERR,ERR,ERR,ERR,ERR,ERR,ERR,ERR,ERR,ERR,ERR,ERR,ERR,ERR,ERR,ERR,ERR,ERR,ERR,ERR,ERR,ERR,ERR,ERR,ERR,ERR,ERR,ERR,ERR,ERR,ERR,ERR,ERR,ERR,ERR,ERR,ERR,ERR,ERR,ERR,ERR,ERR,ERR,ERR,ERR,ERR,ERR,ERR,ERR,ERR,ERR,ERR,ERR,ERR,ERR,ERR,ERR,ERR,ERR,ERR,ERR,ERR,ERR,ERR,ERR,ERR,ERR,ERR,ERR,ERR,ERR,ERR,ERR,ERR,ERR,ERR,-0.0,-107616016.0,0.0,0.0,-2.888646912817234e+17,0.0,256284.859,4.328345310816721e+37,0,0,4,17316,7116,0.0,100,0.0,0.0,0.0,0.0,0.0,0,0,0,0,0.0,0,0,0,0,0,0,0,0,0,0,0,0,0,0,0,0,0,0,0,0,0,0,0,0,0,0,0,0,0,0,0,0,0,31,40,40,71,65476,0,300,0,0,8,21553,0.0,-107605600.0,0.0,0.0,0.0,0.0,0.0,0.0,0.0,0.0,0.0,0.0,0.0,0.0,0.0,0.0,0.0,0.0,0.0,0.0,0.0,0.0,2.004,-3.697066946564247e+19,0.0,0.0,0.0,0.0,0.0,0.0,5423.0,-0.0,6933.0,0.0,0.0,2.004,2.004,0.0,0.0,0.0,0.0,69,1.905689874137088e+17,0.0,0.0,0.0,0.0,0.0,0.0,0.0,0.0,0,0,0,0.0,0.0,0.0,0.0,0.0,0.0,0.0,0.0,0.0,0.0,0.0,0.0,0.0,0.0,0.0,0.0,0,-107875648.0,69,0.0,138,0.0,2.012,ERR,ERR,ERR,ERR,ERR,ERR,ERR,ERR,ERR,ERR,ERR,ERR,ERR,ERR,ERR,ERR,ERR,ERR,ERR,ERR,ERR,ERR,ERR,ERR,ERR,ERR,ERR,ERR,ERR,ERR,ERR,ERR,ERR,ERR,ERR,ERR,ERR,ERR,ERR,ERR,ERR,ERR,ERR,ERR,ERR,ERR,ERR,ERR,ERR,ERR,ERR,ERR,ERR,ERR,ERR,ERR,ERR,ERR,ERR,ERR,ERR,ERR,ERR,ERR,ERR,ERR,ERR,60.0,60.0,35,0.0,0.0,0.0,0.0,0.0,0.0,0.0,0.0,0.0,0.0,0.0,0.0,0.0,0.0,0.0,0.0,65.6,0,124,60,37,65476,0,300,0,0,8,20529,65476,0,0,2621,60.0,0.0,0.0,0.0,0.0,0.0
2026-07-09T15:57:55,ERR,ERR,ERR,ERR,ERR,ERR,ERR,ERR,ERR,ERR,ERR,ERR,ERR,ERR,ERR,ERR,ERR,ERR,ERR,ERR,ERR,ERR,ERR,ERR,ERR,ERR,ERR,ERR,ERR,ERR,ERR,ERR,ERR,ERR,ERR,ERR,ERR,ERR,ERR,ERR,ERR,ERR,ERR,ERR,ERR,ERR,ERR,ERR,ERR,ERR,ERR,ERR,ERR,ERR,ERR,ERR,ERR,ERR,ERR,ERR,ERR,ERR,ERR,ERR,ERR,ERR,ERR,ERR,ERR,ERR,ERR,ERR,ERR,ERR,ERR,ERR,ERR,ERR,ERR,ERR,ERR,ERR,ERR,ERR,ERR,ERR,ERR,ERR,ERR,ERR,ERR,ERR,ERR,ERR,ERR,ERR,ERR,ERR,ERR,ERR,ERR,ERR,ERR,ERR,ERR,ERR,ERR,ERR,ERR,ERR,ERR,ERR,ERR,ERR,ERR,ERR,ERR,ERR,ERR,ERR,ERR,ERR,ERR,ERR,ERR,0.0,0.0,0.0,2.7183478752108883e+23,1.0112751523735385e+31,0.0,-0.0,-1.4979219546451455e+30,0,0,4,17313,7116,0.0,100,0.0,0.0,2.7183478752108883e+23,0.0,0.0,0,0,0,0,0.0,0,0,0,0,0,0,0,0,0,0,0,0,0,0,0,0,0,0,0,0,0,0,0,0,0,0,0,0,0,0,0,0,0,31,40,40,71,65476,0,300,0,0,8,21553,0.0,-107605600.0,0.0,0.0,0.0,0.0,0.0,0.0,0.0,0.0,0.0,0.0,0.0,0.0,0.0,0.0,0.0,0.0,0.0,0.0,0.0,0.0,2.004,-3.697066946564247e+19,0.0,0.0,0.0,0.0,0.0,0.0,5432.0,-0.0,6932.0,0.0,0.0,2.004,2.004,0.0,0.0,0.0,0.0,69,-71.63,0.0,0.0,0.0,0.0,0.0,0.0,0.0,0.0,0,0,0,0.0,0.0,0.0,0.0,0.0,0.0,0.0,0.0,0.0,0.0,0.0,0.0,0.0,0.0,0.0,0.0,0,-107875648.0,69,0.0,138,0.0,2.012,ERR,ERR,ERR,ERR,ERR,ERR,ERR,ERR,ERR,ERR,ERR,ERR,ERR,ERR,ERR,ERR,ERR,ERR,ERR,ERR,ERR,ERR,ERR,ERR,ERR,ERR,ERR,ERR,ERR,ERR,ERR,ERR,ERR,ERR,ERR,ERR,ERR,ERR,ERR,ERR,ERR,ERR,ERR,ERR,ERR,ERR,ERR,ERR,ERR,ERR,ERR,ERR,ERR,ERR,ERR,ERR,ERR,ERR,ERR,ERR,ERR,ERR,ERR,ERR,ERR,ERR,ERR,60.0,60.0,35,0.0,0.0,0.0,0.0,0.0,0.0,0.0,0.0,0.0,0.0,0.0,0.0,0.0,0.0,0.0,0.0,65.6,0,124,60,37,65476,0,300,0,0,8,20529,65476,0,0,2621,60.0,0.0,0.0,0.0,0.0,0.0
2026-07-09T15:57:56,ERR,ERR,ERR,ERR,ERR,ERR,ERR,ERR,ERR,ERR,ERR,ERR,ERR,ERR,ERR,ERR,ERR,ERR,ERR,ERR,ERR,ERR,ERR,ERR,ERR,ERR,ERR,ERR,ERR,ERR,ERR,ERR,ERR,ERR,ERR,ERR,ERR,ERR,ERR,ERR,ERR,ERR,ERR,ERR,ERR,ERR,ERR,ERR,ERR,ERR,ERR,ERR,ERR,ERR,ERR,ERR,ERR,ERR,ERR,ERR,ERR,ERR,ERR,ERR,ERR,ERR,ERR,ERR,ERR,ERR,ERR,ERR,ERR,ERR,ERR,ERR,ERR,ERR,ERR,ERR,ERR,ERR,ERR,ERR,ERR,ERR,ERR,ERR,ERR,ERR,ERR,ERR,ERR,ERR,ERR,ERR,ERR,ERR,ERR,ERR,ERR,ERR,ERR,ERR,ERR,ERR,ERR,ERR,ERR,ERR,ERR,ERR,ERR,ERR,ERR,ERR,ERR,ERR,ERR,ERR,ERR,ERR,ERR,ERR,ERR,0.0,0.0,0.0,2.7183478752108883e+23,1.0112751523735385e+31,0.0,-0.0,-1.4979219546451455e+30,0,0,4,17313,7116,0.0,100,0.0,0.0,2.7183478752108883e+23,0.0,0.0,0,0,0,0,0.0,0,0,0,0,0,0,0,0,0,0,0,0,0,0,0,0,0,0,0,0,0,0,0,0,0,0,0,0,0,0,0,0,0,31,40,40,71,65476,0,300,0,0,8,21553,0.0,-107605600.0,0.0,0.0,0.0,0.0,0.0,0.0,0.0,0.0,0.0,0.0,0.0,0.0,0.0,0.0,0.0,0.0,0.0,0.0,0.0,0.0,2.004,-3.697066946564247e+19,0.0,0.0,0.0,0.0,0.0,0.0,5432.0,-0.0,6932.0,0.0,0.0,2.004,2.004,0.0,0.0,0.0,0.0,69,-71.63,0.0,0.0,0.0,0.0,0.0,0.0,0.0,0.0,0,0,0,0.0,0.0,0.0,0.0,0.0,0.0,0.0,0.0,0.0,0.0,0.0,0.0,0.0,0.0,0.0,0.0,0,-107875648.0,69,0.0,138,0.0,2.012,ERR,ERR,ERR,ERR,ERR,ERR,ERR,ERR,ERR,ERR,ERR,ERR,ERR,ERR,ERR,ERR,ERR,ERR,ERR,ERR,ERR,ERR,ERR,ERR,ERR,ERR,ERR,ERR,ERR,ERR,ERR,ERR,ERR,ERR,ERR,ERR,ERR,ERR,ERR,ERR,ERR,ERR,ERR,ERR,ERR,ERR,ERR,ERR,ERR,ERR,ERR,ERR,ERR,ERR,ERR,ERR,ERR,ERR,ERR,ERR,ERR,ERR,ERR,ERR,ERR,ERR,ERR,60.0,60.0,35,0.0,0.0,0.0,0.0,0.0,0.0,0.0,0.0,0.0,0.0,0.0,0.0,0.0,0.0,0.0,0.0,65.6,0,124,60,37,65476,0,300,0,0,8,20529,65476,0,0,2621,60.0,0.0,0.0,0.0,0.0,0.0
2026-07-09T15:57:57,ERR,ERR,ERR,ERR,ERR,ERR,ERR,ERR,ERR,ERR,ERR,ERR,ERR,ERR,ERR,ERR,ERR,ERR,ERR,ERR,ERR,ERR,ERR,ERR,ERR,ERR,ERR,ERR,ERR,ERR,ERR,ERR,ERR,ERR,ERR,ERR,ERR,ERR,ERR,ERR,ERR,ERR,ERR,ERR,ERR,ERR,ERR,ERR,ERR,ERR,ERR,ERR,ERR,ERR,ERR,ERR,ERR,ERR,ERR,ERR,ERR,ERR,ERR,ERR,ERR,ERR,ERR,ERR,ERR,ERR,ERR,ERR,ERR,ERR,ERR,ERR,ERR,ERR,ERR,ERR,ERR,ERR,ERR,ERR,ERR,ERR,ERR,ERR,ERR,ERR,ERR,ERR,ERR,ERR,ERR,ERR,ERR,ERR,ERR,ERR,ERR,ERR,ERR,ERR,ERR,ERR,ERR,ERR,ERR,ERR,ERR,ERR,ERR,ERR,ERR,ERR,ERR,ERR,ERR,ERR,ERR,ERR,ERR,ERR,ERR,0.0,0.0,0.0,2.7183478752108883e+23,1.0112751523735385e+31,0.0,-0.0,-1.4979219546451455e+30,0,0,4,17313,7116,0.0,100,0.0,0.0,2.7183478752108883e+23,0.0,0.0,0,0,0,0,0.0,0,0,0,0,0,0,0,0,0,0,0,0,0,0,0,0,0,0,0,0,0,0,0,0,0,0,0,0,0,0,0,0,0,31,40,40,71,65476,0,300,0,0,8,21553,0.0,-107605600.0,0.0,0.0,0.0,0.0,0.0,0.0,0.0,0.0,0.0,0.0,0.0,0.0,0.0,0.0,0.0,0.0,0.0,0.0,0.0,0.0,2.004,-3.697066946564247e+19,0.0,0.0,0.0,0.0,0.0,0.0,5432.0,-0.0,6932.0,0.0,0.0,2.004,2.004,0.0,0.0,0.0,0.0,69,-71.63,0.0,0.0,0.0,0.0,0.0,0.0,0.0,0.0,0,0,0,0.0,0.0,0.0,0.0,0.0,0.0,0.0,0.0,0.0,0.0,0.0,0.0,0.0,0.0,0.0,0.0,0,-107875648.0,69,0.0,138,0.0,2.012,ERR,ERR,ERR,ERR,ERR,ERR,ERR,ERR,ERR,ERR,ERR,ERR,ERR,ERR,ERR,ERR,ERR,ERR,ERR,ERR,ERR,ERR,ERR,ERR,ERR,ERR,ERR,ERR,ERR,ERR,ERR,ERR,ERR,ERR,ERR,ERR,ERR,ERR,ERR,ERR,ERR,ERR,ERR,ERR,ERR,ERR,ERR,ERR,ERR,ERR,ERR,ERR,ERR,ERR,ERR,ERR,ERR,ERR,ERR,ERR,ERR,ERR,ERR,ERR,ERR,ERR,ERR,60.0,60.0,35,0.0,0.0,0.0,0.0,0.0,0.0,0.0,0.0,0.0,0.0,0.0,0.0,0.0,0.0,0.0,0.0,65.6,0,124,60,37,65476,0,300,0,0,8,20529,65476,0,0,2621,60.0,0.0,0.0,0.0,0.0,0.0
2026-07-09T15:57:58,ERR,ERR,ERR,ERR,ERR,ERR,ERR,ERR,ERR,ERR,ERR,ERR,ERR,ERR,ERR,ERR,ERR,ERR,ERR,ERR,ERR,ERR,ERR,ERR,ERR,ERR,ERR,ERR,ERR,ERR,ERR,ERR,ERR,ERR,ERR,ERR,ERR,ERR,ERR,ERR,ERR,ERR,ERR,ERR,ERR,ERR,ERR,ERR,ERR,ERR,ERR,ERR,ERR,ERR,ERR,ERR,ERR,ERR,ERR,ERR,ERR,ERR,ERR,ERR,ERR,ERR,ERR,ERR,ERR,ERR,ERR,ERR,ERR,ERR,ERR,ERR,ERR,ERR,ERR,ERR,ERR,ERR,ERR,ERR,ERR,ERR,ERR,ERR,ERR,ERR,ERR,ERR,ERR,ERR,ERR,ERR,ERR,ERR,ERR,ERR,ERR,ERR,ERR,ERR,ERR,ERR,ERR,ERR,ERR,ERR,ERR,ERR,ERR,ERR,ERR,ERR,ERR,ERR,ERR,ERR,ERR,ERR,ERR,ERR,ERR,0.0,0.0,0.0,2.7183478752108883e+23,1.0112751523735385e+31,0.0,-0.0,-1.4979219546451455e+30,0,0,4,17313,7116,0.0,100,0.0,0.0,2.7183478752108883e+23,0.0,0.0,0,0,0,0,0.0,0,0,0,0,0,0,0,0,0,0,0,0,0,0,0,0,0,0,0,0,0,0,0,0,0,0,0,0,0,0,0,0,0,31,40,40,71,65476,0,300,0,0,8,21553,0.0,-107605600.0,0.0,0.0,0.0,0.0,0.0,0.0,0.0,0.0,0.0,0.0,0.0,0.0,0.0,0.0,0.0,0.0,0.0,0.0,0.0,0.0,2.004,-3.697066946564247e+19,0.0,0.0,0.0,0.0,0.0,0.0,5432.0,-0.0,6932.0,0.0,0.0,2.004,2.004,0.0,0.0,0.0,0.0,69,-71.63,0.0,0.0,0.0,0.0,0.0,0.0,0.0,0.0,0,0,0,0.0,0.0,0.0,0.0,0.0,0.0,0.0,0.0,0.0,0.0,0.0,0.0,0.0,0.0,0.0,0.0,0,-107875648.0,69,0.0,138,0.0,2.012,ERR,ERR,ERR,ERR,ERR,ERR,ERR,ERR,ERR,ERR,ERR,ERR,ERR,ERR,ERR,ERR,ERR,ERR,ERR,ERR,ERR,ERR,ERR,ERR,ERR,ERR,ERR,ERR,ERR,ERR,ERR,ERR,ERR,ERR,ERR,ERR,ERR,ERR,ERR,ERR,ERR,ERR,ERR,ERR,ERR,ERR,ERR,ERR,ERR,ERR,ERR,ERR,ERR,ERR,ERR,ERR,ERR,ERR,ERR,ERR,ERR,ERR,ERR,ERR,ERR,ERR,ERR,60.0,60.0,35,0.0,0.0,0.0,0.0,0.0,0.0,0.0,0.0,0.0,0.0,0.0,0.0,0.0,0.0,0.0,0.0,66.0,0,124,60,37,65476,0,300,0,0,8,20529,65476,0,0,2621,60.0,0.0,0.0,0.0,0.0,0.0
2026-07-09T15:57:59,ERR,ERR,ERR,ERR,ERR,ERR,ERR,ERR,ERR,ERR,ERR,ERR,ERR,ERR,ERR,ERR,ERR,ERR,ERR,ERR,ERR,ERR,ERR,ERR,ERR,ERR,ERR,ERR,ERR,ERR,ERR,ERR,ERR,ERR,ERR,ERR,ERR,ERR,ERR,ERR,ERR,ERR,ERR,ERR,ERR,ERR,ERR,ERR,ERR,ERR,ERR,ERR,ERR,ERR,ERR,ERR,ERR,ERR,ERR,ERR,ERR,ERR,ERR,ERR,ERR,ERR,ERR,ERR,ERR,ERR,ERR,ERR,ERR,ERR,ERR,ERR,ERR,ERR,ERR,ERR,ERR,ERR,ERR,ERR,ERR,ERR,ERR,ERR,ERR,ERR,ERR,ERR,ERR,ERR,ERR,ERR,ERR,ERR,ERR,ERR,ERR,ERR,ERR,ERR,ERR,ERR,ERR,ERR,ERR,ERR,ERR,ERR,ERR,ERR,ERR,ERR,ERR,ERR,ERR,ERR,ERR,ERR,ERR,ERR,ERR,0.0,0.0,0.0,2.7183478752108883e+23,1.0112751523735385e+31,0.0,-0.0,-1.4979219546451455e+30,0,0,4,17313,7116,0.0,100,0.0,0.0,2.7183478752108883e+23,0.0,0.0,0,0,0,0,0.0,0,0,0,0,0,0,0,0,0,0,0,0,0,0,0,0,0,0,0,0,0,0,0,0,0,0,0,0,0,0,0,0,0,31,40,40,71,65476,0,300,0,0,8,21553,0.0,-107605600.0,0.0,0.0,0.0,0.0,0.0,0.0,0.0,0.0,0.0,0.0,0.0,0.0,0.0,0.0,0.0,0.0,0.0,0.0,0.0,0.0,2.004,-3.697066946564247e+19,0.0,0.0,0.0,0.0,0.0,0.0,5432.0,-0.0,6932.0,0.0,0.0,2.004,2.004,0.0,0.0,0.0,0.0,69,-71.63,0.0,0.0,0.0,0.0,0.0,0.0,0.0,0.0,0,0,0,0.0,0.0,0.0,0.0,0.0,0.0,0.0,0.0,0.0,0.0,0.0,0.0,0.0,0.0,0.0,0.0,0,-107875648.0,69,0.0,138,0.0,2.012,ERR,ERR,ERR,ERR,ERR,ERR,ERR,ERR,ERR,ERR,ERR,ERR,ERR,ERR,ERR,ERR,ERR,ERR,ERR,ERR,ERR,ERR,ERR,ERR,ERR,ERR,ERR,ERR,ERR,ERR,ERR,ERR,ERR,ERR,ERR,ERR,ERR,ERR,ERR,ERR,ERR,ERR,ERR,ERR,ERR,ERR,ERR,ERR,ERR,ERR,ERR,ERR,ERR,ERR,ERR,ERR,ERR,ERR,ERR,ERR,ERR,ERR,ERR,ERR,ERR,ERR,ERR,60.0,60.0,35,0.0,0.0,0.0,0.0,0.0,0.0,0.0,0.0,0.0,0.0,0.0,0.0,0.0,0.0,0.0,0.0,65.6,0,124,60,37,65476,0,300,0,0,8,20529,65476,0,0,2621,60.0,0.0,0.0,0.0,0.0,0.0
2026-07-09T15:58:00,ERR,ERR,ERR,ERR,ERR,ERR,ERR,ERR,ERR,ERR,ERR,ERR,ERR,ERR,ERR,ERR,ERR,ERR,ERR,ERR,ERR,ERR,ERR,ERR,ERR,ERR,ERR,ERR,ERR,ERR,ERR,ERR,ERR,ERR,ERR,ERR,ERR,ERR,ERR,ERR,ERR,ERR,ERR,ERR,ERR,ERR,ERR,ERR,ERR,ERR,ERR,ERR,ERR,ERR,ERR,ERR,ERR,ERR,ERR,ERR,ERR,ERR,ERR,ERR,ERR,ERR,ERR,ERR,ERR,ERR,ERR,ERR,ERR,ERR,ERR,ERR,ERR,ERR,ERR,ERR,ERR,ERR,ERR,ERR,ERR,ERR,ERR,ERR,ERR,ERR,ERR,ERR,ERR,ERR,ERR,ERR,ERR,ERR,ERR,ERR,ERR,ERR,ERR,ERR,ERR,ERR,ERR,ERR,ERR,ERR,ERR,ERR,ERR,ERR,ERR,ERR,ERR,ERR,ERR,ERR,ERR,ERR,ERR,ERR,ERR,0.0,0.0,0.0,0.0,-2.888646912817234e+17,-0.0,0.0,-5.88990383086633e+16,0,0,4,17313,7116,0.0,100,0.0,0.0,0.0,0.0,0.0,0,0,0,0,0.0,0,0,0,0,0,0,0,0,0,0,0,0,0,0,0,0,0,0,0,0,0,0,0,0,0,0,0,0,0,0,0,0,0,31,40,40,71,65476,0,300,0,0,8,21553,0.0,-107605600.0,0.0,0.0,0.0,0.0,0.0,0.0,0.0,0.0,0.0,0.0,0.0,0.0,0.0,0.0,0.0,0.0,0.0,0.0,0.0,0.0,2.004,-3.697066946564247e+19,0.0,0.0,0.0,0.0,0.0,0.0,5437.0,-0.0,6933.0,0.0,0.0,2.004,2.004,0.0,0.0,0.0,0.0,69,-4.950410415642438e+32,0.059,0.0,0.0,0.0,0.0,0.0,0.0,0.0,0,0,0,0.0,0.0,0.0,0.0,0.0,0.0,0.0,0.0,0.0,0.0,0.0,0.0,0.0,0.0,0.0,0.0,0,-107875648.0,69,0.0,138,0.0,2.012,ERR,ERR,ERR,ERR,ERR,ERR,ERR,ERR,ERR,ERR,ERR,ERR,ERR,ERR,ERR,ERR,ERR,ERR,ERR,ERR,ERR,ERR,ERR,ERR,ERR,ERR,ERR,ERR,ERR,ERR,ERR,ERR,ERR,ERR,ERR,ERR,ERR,ERR,ERR,ERR,ERR,ERR,ERR,ERR,ERR,ERR,ERR,ERR,ERR,ERR,ERR,ERR,ERR,ERR,ERR,ERR,ERR,ERR,ERR,ERR,ERR,ERR,ERR,ERR,ERR,ERR,ERR,60.0,60.0,35,0.0,0.0,0.0,0.0,0.0,0.0,0.0,0.0,0.0,0.0,0.0,0.0,0.0,0.0,0.0,0.0,65.6,0,124,60,37,65476,0,300,0,0,8,20529,65476,0,0,2621,60.0,0.0,0.0,0.0,0.0,0.0
2026-07-09T15:58:01,ERR,ERR,ERR,ERR,ERR,ERR,ERR,ERR,ERR,ERR,ERR,ERR,ERR,ERR,ERR,ERR,ERR,ERR,ERR,ERR,ERR,ERR,ERR,ERR,ERR,ERR,ERR,ERR,ERR,ERR,ERR,ERR,ERR,ERR,ERR,ERR,ERR,ERR,ERR,ERR,ERR,ERR,ERR,ERR,ERR,ERR,ERR,ERR,ERR,ERR,ERR,ERR,ERR,ERR,ERR,ERR,ERR,ERR,ERR,ERR,ERR,ERR,ERR,ERR,ERR,ERR,ERR,ERR,ERR,ERR,ERR,ERR,ERR,ERR,ERR,ERR,ERR,ERR,ERR,ERR,ERR,ERR,ERR,ERR,ERR,ERR,ERR,ERR,ERR,ERR,ERR,ERR,ERR,ERR,ERR,ERR,ERR,ERR,ERR,ERR,ERR,ERR,ERR,ERR,ERR,ERR,ERR,ERR,ERR,ERR,ERR,ERR,ERR,ERR,ERR,ERR,ERR,ERR,ERR,ERR,ERR,ERR,ERR,ERR,ERR,0.0,0.0,0.0,0.0,-2.888646912817234e+17,-0.0,0.0,-5.88990383086633e+16,0,0,4,17313,7116,0.0,100,0.0,0.0,0.0,0.0,0.0,0,0,0,0,0.0,0,0,0,0,0,0,0,0,0,0,0,0,0,0,0,0,0,0,0,0,0,0,0,0,0,0,0,0,0,0,0,0,0,31,40,40,71,65476,0,300,0,0,8,21553,0.0,-107605600.0,0.0,0.0,0.0,0.0,0.0,0.0,0.0,0.0,0.0,0.0,0.0,0.0,0.0,0.0,0.0,0.0,0.0,0.0,0.0,0.0,2.004,-3.697066946564247e+19,0.0,0.0,0.0,0.0,0.0,0.0,5437.0,-0.0,6933.0,0.0,0.0,2.004,2.004,0.0,0.0,0.0,0.0,69,-4.950410415642438e+32,0.059,0.0,0.0,0.0,0.0,0.0,0.0,0.0,0,0,0,0.0,0.0,0.0,0.0,0.0,0.0,0.0,0.0,0.0,0.0,0.0,0.0,0.0,0.0,0.0,0.0,0,-107875648.0,69,0.0,138,0.0,2.012,ERR,ERR,ERR,ERR,ERR,ERR,ERR,ERR,ERR,ERR,ERR,ERR,ERR,ERR,ERR,ERR,ERR,ERR,ERR,ERR,ERR,ERR,ERR,ERR,ERR,ERR,ERR,ERR,ERR,ERR,ERR,ERR,ERR,ERR,ERR,ERR,ERR,ERR,ERR,ERR,ERR,ERR,ERR,ERR,ERR,ERR,ERR,ERR,ERR,ERR,ERR,ERR,ERR,ERR,ERR,ERR,ERR,ERR,ERR,ERR,ERR,ERR,ERR,ERR,ERR,ERR,ERR,60.0,60.0,35,0.0,0.0,0.0,0.0,0.0,0.0,0.0,0.0,0.0,0.0,0.0,0.0,0.0,0.0,0.0,0.0,66.0,0,124,60,37,65476,0,300,0,0,8,20529,65476,0,0,2621,60.0,0.0,0.0,0.0,0.0,0.0
2026-07-09T15:58:02,ERR,ERR,ERR,ERR,ERR,ERR,ERR,ERR,ERR,ERR,ERR,ERR,ERR,ERR,ERR,ERR,ERR,ERR,ERR,ERR,ERR,ERR,ERR,ERR,ERR,ERR,ERR,ERR,ERR,ERR,ERR,ERR,ERR,ERR,ERR,ERR,ERR,ERR,ERR,ERR,ERR,ERR,ERR,ERR,ERR,ERR,ERR,ERR,ERR,ERR,ERR,ERR,ERR,ERR,ERR,ERR,ERR,ERR,ERR,ERR,ERR,ERR,ERR,ERR,ERR,ERR,ERR,ERR,ERR,ERR,ERR,ERR,ERR,ERR,ERR,ERR,ERR,ERR,ERR,ERR,ERR,ERR,ERR,ERR,ERR,ERR,ERR,ERR,ERR,ERR,ERR,ERR,ERR,ERR,ERR,ERR,ERR,ERR,ERR,ERR,ERR,ERR,ERR,ERR,ERR,ERR,ERR,ERR,ERR,ERR,ERR,ERR,ERR,ERR,ERR,ERR,ERR,ERR,ERR,ERR,ERR,ERR,ERR,ERR,ERR,0.0,0.0,0.0,0.0,-2.888646912817234e+17,-0.0,0.0,-5.88990383086633e+16,0,0,4,17313,7116,0.0,100,0.0,0.0,0.0,0.0,0.0,0,0,0,0,0.0,0,0,0,0,0,0,0,0,0,0,0,0,0,0,0,0,0,0,0,0,0,0,0,0,0,0,0,0,0,0,0,0,0,31,40,40,71,65476,0,300,0,0,8,21553,0.0,-107605600.0,0.0,0.0,0.0,0.0,0.0,0.0,0.0,0.0,0.0,0.0,0.0,0.0,0.0,0.0,0.0,0.0,0.0,0.0,0.0,0.0,2.004,-3.697066946564247e+19,0.0,0.0,0.0,0.0,0.0,0.0,5437.0,-0.0,6933.0,0.0,0.0,2.004,2.004,0.0,0.0,0.0,0.0,69,-4.950410415642438e+32,0.059,0.0,0.0,0.0,0.0,0.0,0.0,0.0,0,0,0,0.0,0.0,0.0,0.0,0.0,0.0,0.0,0.0,0.0,0.0,0.0,0.0,0.0,0.0,0.0,0.0,0,-107875648.0,69,0.0,138,0.0,2.012,ERR,ERR,ERR,ERR,ERR,ERR,ERR,ERR,ERR,ERR,ERR,ERR,ERR,ERR,ERR,ERR,ERR,ERR,ERR,ERR,ERR,ERR,ERR,ERR,ERR,ERR,ERR,ERR,ERR,ERR,ERR,ERR,ERR,ERR,ERR,ERR,ERR,ERR,ERR,ERR,ERR,ERR,ERR,ERR,ERR,ERR,ERR,ERR,ERR,ERR,ERR,ERR,ERR,ERR,ERR,ERR,ERR,ERR,ERR,ERR,ERR,ERR,ERR,ERR,ERR,ERR,ERR,60.0,60.0,35,0.0,0.0,0.0,0.0,0.0,0.0,0.0,0.0,0.0,0.0,0.0,0.0,0.0,0.0,0.0,0.0,66.0,0,124,60,37,65476,0,300,0,0,8,20529,65476,0,0,2621,60.0,0.0,0.0,0.0,0.0,0.0
2026-07-09T15:58:03,ERR,ERR,ERR,ERR,ERR,ERR,ERR,ERR,ERR,ERR,ERR,ERR,ERR,ERR,ERR,ERR,ERR,ERR,ERR,ERR,ERR,ERR,ERR,ERR,ERR,ERR,ERR,ERR,ERR,ERR,ERR,ERR,ERR,ERR,ERR,ERR,ERR,ERR,ERR,ERR,ERR,ERR,ERR,ERR,ERR,ERR,ERR,ERR,ERR,ERR,ERR,ERR,ERR,ERR,ERR,ERR,ERR,ERR,ERR,ERR,ERR,ERR,ERR,ERR,ERR,ERR,ERR,ERR,ERR,ERR,ERR,ERR,ERR,ERR,ERR,ERR,ERR,ERR,ERR,ERR,ERR,ERR,ERR,ERR,ERR,ERR,ERR,ERR,ERR,ERR,ERR,ERR,ERR,ERR,ERR,ERR,ERR,ERR,ERR,ERR,ERR,ERR,ERR,ERR,ERR,ERR,ERR,ERR,ERR,ERR,ERR,ERR,ERR,ERR,ERR,ERR,ERR,ERR,ERR,ERR,ERR,ERR,ERR,ERR,ERR,0.0,0.0,0.0,0.0,-2.888646912817234e+17,-0.0,0.0,-5.88990383086633e+16,0,0,4,17313,7116,0.0,100,0.0,0.0,0.0,0.0,0.0,0,0,0,0,0.0,0,0,0,0,0,0,0,0,0,0,0,0,0,0,0,0,0,0,0,0,0,0,0,0,0,0,0,0,0,0,0,0,0,31,40,40,71,65476,0,300,0,0,8,21553,0.0,-107605600.0,0.0,0.0,0.0,0.0,0.0,0.0,0.0,0.0,0.0,0.0,0.0,0.0,0.0,0.0,0.0,0.0,0.0,0.0,0.0,0.0,2.004,-3.697066946564247e+19,0.0,0.0,0.0,0.0,0.0,0.0,5437.0,-0.0,6933.0,0.0,0.0,2.004,2.004,0.0,0.0,0.0,0.0,69,-4.950410415642438e+32,0.059,0.0,0.0,0.0,0.0,0.0,0.0,0.0,0,0,0,0.0,0.0,0.0,0.0,0.0,0.0,0.0,0.0,0.0,0.0,0.0,0.0,0.0,0.0,0.0,0.0,0,-107875648.0,69,0.0,138,0.0,2.012,ERR,ERR,ERR,ERR,ERR,ERR,ERR,ERR,ERR,ERR,ERR,ERR,ERR,ERR,ERR,ERR,ERR,ERR,ERR,ERR,ERR,ERR,ERR,ERR,ERR,ERR,ERR,ERR,ERR,ERR,ERR,ERR,ERR,ERR,ERR,ERR,ERR,ERR,ERR,ERR,ERR,ERR,ERR,ERR,ERR,ERR,ERR,ERR,ERR,ERR,ERR,ERR,ERR,ERR,ERR,ERR,ERR,ERR,ERR,ERR,ERR,ERR,ERR,ERR,ERR,ERR,ERR,60.0,60.0,35,0.0,0.0,0.0,0.0,0.0,0.0,0.0,0.0,0.0,0.0,0.0,0.0,0.0,0.0,0.0,0.0,65.6,0,124,60,37,65476,0,300,0,0,8,20529,65476,0,0,2621,60.0,0.0,0.0,0.0,0.0,0.0
2026-07-09T15:58:04,ERR,ERR,ERR,ERR,ERR,ERR,ERR,ERR,ERR,ERR,ERR,ERR,ERR,ERR,ERR,ERR,ERR,ERR,ERR,ERR,ERR,ERR,ERR,ERR,ERR,ERR,ERR,ERR,ERR,ERR,ERR,ERR,ERR,ERR,ERR,ERR,ERR,ERR,ERR,ERR,ERR,ERR,ERR,ERR,ERR,ERR,ERR,ERR,ERR,ERR,ERR,ERR,ERR,ERR,ERR,ERR,ERR,ERR,ERR,ERR,ERR,ERR,ERR,ERR,ERR,ERR,ERR,ERR,ERR,ERR,ERR,ERR,ERR,ERR,ERR,ERR,ERR,ERR,ERR,ERR,ERR,ERR,ERR,ERR,ERR,ERR,ERR,ERR,ERR,ERR,ERR,ERR,ERR,ERR,ERR,ERR,ERR,ERR,ERR,ERR,ERR,ERR,ERR,ERR,ERR,ERR,ERR,ERR,ERR,ERR,ERR,ERR,ERR,ERR,ERR,ERR,ERR,ERR,ERR,ERR,ERR,ERR,ERR,ERR,ERR,0.0,0.0,0.0,0.0,-2.888646912817234e+17,-0.0,0.0,-5.88990383086633e+16,0,0,4,17313,7116,0.0,100,0.0,0.0,0.0,0.0,0.0,0,0,0,0,0.0,0,0,0,0,0,0,0,0,0,0,0,0,0,0,0,0,0,0,0,0,0,0,0,0,0,0,0,0,0,0,0,0,0,31,40,40,71,65476,0,300,0,0,8,21553,0.0,-107605600.0,0.0,0.0,0.0,0.0,0.0,0.0,0.0,0.0,0.0,0.0,0.0,0.0,0.0,0.0,0.0,0.0,0.0,0.0,0.0,0.0,2.004,-3.697066946564247e+19,0.0,0.0,0.0,0.0,0.0,0.0,5437.0,-0.0,6933.0,0.0,0.0,2.004,2.004,0.0,0.0,0.0,0.0,69,-4.950410415642438e+32,0.059,0.0,0.0,0.0,0.0,0.0,0.0,0.0,0,0,0,0.0,0.0,0.0,0.0,0.0,0.0,0.0,0.0,0.0,0.0,0.0,0.0,0.0,0.0,0.0,0.0,0,-107875648.0,69,0.0,138,0.0,2.012,ERR,ERR,ERR,ERR,ERR,ERR,ERR,ERR,ERR,ERR,ERR,ERR,ERR,ERR,ERR,ERR,ERR,ERR,ERR,ERR,ERR,ERR,ERR,ERR,ERR,ERR,ERR,ERR,ERR,ERR,ERR,ERR,ERR,ERR,ERR,ERR,ERR,ERR,ERR,ERR,ERR,ERR,ERR,ERR,ERR,ERR,ERR,ERR,ERR,ERR,ERR,ERR,ERR,ERR,ERR,ERR,ERR,ERR,ERR,ERR,ERR,ERR,ERR,ERR,ERR,ERR,ERR,60.0,60.0,35,0.0,0.0,0.0,0.0,0.0,0.0,0.0,0.0,0.0,0.0,0.0,0.0,0.0,0.0,0.0,0.0,65.6,0,124,60,37,65476,0,300,0,0,8,20529,65476,0,0,2621,60.0,0.0,0.0,0.0,0.0,0.0
2026-07-09T15:58:05,ERR,ERR,ERR,ERR,ERR,ERR,ERR,ERR,ERR,ERR,ERR,ERR,ERR,ERR,ERR,ERR,ERR,ERR,ERR,ERR,ERR,ERR,ERR,ERR,ERR,ERR,ERR,ERR,ERR,ERR,ERR,ERR,ERR,ERR,ERR,ERR,ERR,ERR,ERR,ERR,ERR,ERR,ERR,ERR,ERR,ERR,ERR,ERR,ERR,ERR,ERR,ERR,ERR,ERR,ERR,ERR,ERR,ERR,ERR,ERR,ERR,ERR,ERR,ERR,ERR,ERR,ERR,ERR,ERR,ERR,ERR,ERR,ERR,ERR,ERR,ERR,ERR,ERR,ERR,ERR,ERR,ERR,ERR,ERR,ERR,ERR,ERR,ERR,ERR,ERR,ERR,ERR,ERR,ERR,ERR,ERR,ERR,ERR,ERR,ERR,ERR,ERR,ERR,ERR,ERR,ERR,ERR,ERR,ERR,ERR,ERR,ERR,ERR,ERR,ERR,ERR,ERR,ERR,ERR,ERR,ERR,ERR,ERR,ERR,ERR,0.0,0.0,0.0,0.0,-2.888646912817234e+17,-8.989254193061157e+37,-0.0,-0.0,0,0,4,17313,7116,0.0,100,0.0,0.0,0.0,0.0,0.0,0,0,0,0,0.0,0,0,0,0,0,0,0,0,0,0,0,0,0,0,0,0,0,0,0,0,0,0,0,0,0,0,0,0,0,0,0,0,0,31,40,40,71,65476,0,300,0,0,8,21553,0.0,-107605600.0,0.0,0.0,0.0,0.0,0.0,0.0,0.0,0.0,0.0,0.0,0.0,0.0,0.0,0.0,0.0,0.0,0.0,0.0,0.0,0.0,2.004,-3.697066946564247e+19,0.0,0.0,0.0,0.0,0.0,0.0,5421.0,-8608195584.0,6938.0,0.0,0.0,2.004,2.004,0.0,0.0,0.0,0.0,69,-0.0,1.905688843344937e+17,0.0,0.0,0.0,0.0,0.0,0.0,0.0,0,0,0,0.0,0.0,0.0,0.0,0.0,0.0,0.0,0.0,0.0,0.0,0.0,0.0,0.0,0.0,0.0,0.0,0,-107875648.0,69,0.0,138,0.0,2.012,ERR,ERR,ERR,ERR,ERR,ERR,ERR,ERR,ERR,ERR,ERR,ERR,ERR,ERR,ERR,ERR,ERR,ERR,ERR,ERR,ERR,ERR,ERR,ERR,ERR,ERR,ERR,ERR,ERR,ERR,ERR,ERR,ERR,ERR,ERR,ERR,ERR,ERR,ERR,ERR,ERR,ERR,ERR,ERR,ERR,ERR,ERR,ERR,ERR,ERR,ERR,ERR,ERR,ERR,ERR,ERR,ERR,ERR,ERR,ERR,ERR,ERR,ERR,ERR,ERR,ERR,ERR,60.0,60.0,35,0.0,0.0,0.0,0.0,0.0,0.0,0.0,0.0,0.0,0.0,0.0,0.0,0.0,0.0,0.0,0.0,65.6,0,124,60,37,65476,0,300,0,0,8,20529,65476,0,0,2621,60.0,0.0,0.0,0.0,0.0,0.0
2026-07-09T15:58:06,ERR,ERR,ERR,ERR,ERR,ERR,ERR,ERR,ERR,ERR,ERR,ERR,ERR,ERR,ERR,ERR,ERR,ERR,ERR,ERR,ERR,ERR,ERR,ERR,ERR,ERR,ERR,ERR,ERR,ERR,ERR,ERR,ERR,ERR,ERR,ERR,ERR,ERR,ERR,ERR,ERR,ERR,ERR,ERR,ERR,ERR,ERR,ERR,ERR,ERR,ERR,ERR,ERR,ERR,ERR,ERR,ERR,ERR,ERR,ERR,ERR,ERR,ERR,ERR,ERR,ERR,ERR,ERR,ERR,ERR,ERR,ERR,ERR,ERR,ERR,ERR,ERR,ERR,ERR,ERR,ERR,ERR,ERR,ERR,ERR,ERR,ERR,ERR,ERR,ERR,ERR,ERR,ERR,ERR,ERR,ERR,ERR,ERR,ERR,ERR,ERR,ERR,ERR,ERR,ERR,ERR,ERR,ERR,ERR,ERR,ERR,ERR,ERR,ERR,ERR,ERR,ERR,ERR,ERR,ERR,ERR,ERR,ERR,ERR,ERR,0.0,0.0,0.0,0.0,-2.888646912817234e+17,-8.989254193061157e+37,-0.0,-0.0,0,0,4,17313,7116,0.0,100,0.0,0.0,0.0,0.0,0.0,0,0,0,0,0.0,0,0,0,0,0,0,0,0,0,0,0,0,0,0,0,0,0,0,0,0,0,0,0,0,0,0,0,0,0,0,0,0,0,31,40,40,71,65476,0,300,0,0,8,21553,0.0,-107605600.0,0.0,0.0,0.0,0.0,0.0,0.0,0.0,0.0,0.0,0.0,0.0,0.0,0.0,0.0,0.0,0.0,0.0,0.0,0.0,0.0,2.004,-3.697066946564247e+19,0.0,0.0,0.0,0.0,0.0,0.0,5421.0,-8608195584.0,6938.0,0.0,0.0,2.004,2.004,0.0,0.0,0.0,0.0,69,-0.0,1.905688843344937e+17,0.0,0.0,0.0,0.0,0.0,0.0,0.0,0,0,0,0.0,0.0,0.0,0.0,0.0,0.0,0.0,0.0,0.0,0.0,0.0,0.0,0.0,0.0,0.0,0.0,0,-107875648.0,69,0.0,138,0.0,2.012,ERR,ERR,ERR,ERR,ERR,ERR,ERR,ERR,ERR,ERR,ERR,ERR,ERR,ERR,ERR,ERR,ERR,ERR,ERR,ERR,ERR,ERR,ERR,ERR,ERR,ERR,ERR,ERR,ERR,ERR,ERR,ERR,ERR,ERR,ERR,ERR,ERR,ERR,ERR,ERR,ERR,ERR,ERR,ERR,ERR,ERR,ERR,ERR,ERR,ERR,ERR,ERR,ERR,ERR,ERR,ERR,ERR,ERR,ERR,ERR,ERR,ERR,ERR,ERR,ERR,ERR,ERR,60.0,60.0,35,0.0,0.0,0.0,0.0,0.0,0.0,0.0,0.0,0.0,0.0,0.0,0.0,0.0,0.0,0.0,0.0,66.0,0,124,60,37,65476,0,300,0,0,8,20529,65476,0,0,2621,60.0,0.0,0.0,0.0,0.0,0.0
2026-07-09T15:58:07,ERR,ERR,ERR,ERR,ERR,ERR,ERR,ERR,ERR,ERR,ERR,ERR,ERR,ERR,ERR,ERR,ERR,ERR,ERR,ERR,ERR,ERR,ERR,ERR,ERR,ERR,ERR,ERR,ERR,ERR,ERR,ERR,ERR,ERR,ERR,ERR,ERR,ERR,ERR,ERR,ERR,ERR,ERR,ERR,ERR,ERR,ERR,ERR,ERR,ERR,ERR,ERR,ERR,ERR,ERR,ERR,ERR,ERR,ERR,ERR,ERR,ERR,ERR,ERR,ERR,ERR,ERR,ERR,ERR,ERR,ERR,ERR,ERR,ERR,ERR,ERR,ERR,ERR,ERR,ERR,ERR,ERR,ERR,ERR,ERR,ERR,ERR,ERR,ERR,ERR,ERR,ERR,ERR,ERR,ERR,ERR,ERR,ERR,ERR,ERR,ERR,ERR,ERR,ERR,ERR,ERR,ERR,ERR,ERR,ERR,ERR,ERR,ERR,ERR,ERR,ERR,ERR,ERR,ERR,ERR,ERR,ERR,ERR,ERR,ERR,0.0,0.0,0.0,0.0,-2.888646912817234e+17,-8.989254193061157e+37,-0.0,-0.0,0,0,4,17313,7116,0.0,100,0.0,0.0,0.0,0.0,0.0,0,0,0,0,0.0,0,0,0,0,0,0,0,0,0,0,0,0,0,0,0,0,0,0,0,0,0,0,0,0,0,0,0,0,0,0,0,0,0,31,40,40,71,65476,0,300,0,0,8,21553,0.0,-107605600.0,0.0,0.0,0.0,0.0,0.0,0.0,0.0,0.0,0.0,0.0,0.0,0.0,0.0,0.0,0.0,0.0,0.0,0.0,0.0,0.0,2.004,-3.697066946564247e+19,0.0,0.0,0.0,0.0,0.0,0.0,5421.0,-8608195584.0,6938.0,0.0,0.0,2.004,2.004,0.0,0.0,0.0,0.0,69,-0.0,1.905688843344937e+17,0.0,0.0,0.0,0.0,0.0,0.0,0.0,0,0,0,0.0,0.0,0.0,0.0,0.0,0.0,0.0,0.0,0.0,0.0,0.0,0.0,0.0,0.0,0.0,0.0,0,-107875648.0,69,0.0,138,0.0,2.012,ERR,ERR,ERR,ERR,ERR,ERR,ERR,ERR,ERR,ERR,ERR,ERR,ERR,ERR,ERR,ERR,ERR,ERR,ERR,ERR,ERR,ERR,ERR,ERR,ERR,ERR,ERR,ERR,ERR,ERR,ERR,ERR,ERR,ERR,ERR,ERR,ERR,ERR,ERR,ERR,ERR,ERR,ERR,ERR,ERR,ERR,ERR,ERR,ERR,ERR,ERR,ERR,ERR,ERR,ERR,ERR,ERR,ERR,ERR,ERR,ERR,ERR,ERR,ERR,ERR,ERR,ERR,60.0,60.0,35,0.0,0.0,0.0,0.0,0.0,0.0,0.0,0.0,0.0,0.0,0.0,0.0,0.0,0.0,0.0,0.0,66.0,0,124,60,37,65476,0,300,0,0,8,20529,65476,0,0,2621,60.0,0.0,0.0,0.0,0.0,0.0
2026-07-09T15:58:08,ERR,ERR,ERR,ERR,ERR,ERR,ERR,ERR,ERR,ERR,ERR,ERR,ERR,ERR,ERR,ERR,ERR,ERR,ERR,ERR,ERR,ERR,ERR,ERR,ERR,ERR,ERR,ERR,ERR,ERR,ERR,ERR,ERR,ERR,ERR,ERR,ERR,ERR,ERR,ERR,ERR,ERR,ERR,ERR,ERR,ERR,ERR,ERR,ERR,ERR,ERR,ERR,ERR,ERR,ERR,ERR,ERR,ERR,ERR,ERR,ERR,ERR,ERR,ERR,ERR,ERR,ERR,ERR,ERR,ERR,ERR,ERR,ERR,ERR,ERR,ERR,ERR,ERR,ERR,ERR,ERR,ERR,ERR,ERR,ERR,ERR,ERR,ERR,ERR,ERR,ERR,ERR,ERR,ERR,ERR,ERR,ERR,ERR,ERR,ERR,ERR,ERR,ERR,ERR,ERR,ERR,ERR,ERR,ERR,ERR,ERR,ERR,ERR,ERR,ERR,ERR,ERR,ERR,ERR,ERR,ERR,ERR,ERR,ERR,ERR,0.0,0.0,0.0,0.0,-2.888646912817234e+17,-8.989254193061157e+37,-0.0,-0.0,0,0,4,17313,7116,0.0,100,0.0,0.0,0.0,0.0,0.0,0,0,0,0,0.0,0,0,0,0,0,0,0,0,0,0,0,0,0,0,0,0,0,0,0,0,0,0,0,0,0,0,0,0,0,0,0,0,0,31,40,40,71,65476,0,300,0,0,8,21553,0.0,-107605600.0,0.0,0.0,0.0,0.0,0.0,0.0,0.0,0.0,0.0,0.0,0.0,0.0,0.0,0.0,0.0,0.0,0.0,0.0,0.0,0.0,2.004,-3.697066946564247e+19,0.0,0.0,0.0,0.0,0.0,0.0,5421.0,-8608195584.0,6938.0,0.0,0.0,2.004,2.004,0.0,0.0,0.0,0.0,69,-0.0,1.905688843344937e+17,0.0,0.0,0.0,0.0,0.0,0.0,0.0,0,0,0,0.0,0.0,0.0,0.0,0.0,0.0,0.0,0.0,0.0,0.0,0.0,0.0,0.0,0.0,0.0,0.0,0,-107875648.0,69,0.0,138,0.0,2.012,ERR,ERR,ERR,ERR,ERR,ERR,ERR,ERR,ERR,ERR,ERR,ERR,ERR,ERR,ERR,ERR,ERR,ERR,ERR,ERR,ERR,ERR,ERR,ERR,ERR,ERR,ERR,ERR,ERR,ERR,ERR,ERR,ERR,ERR,ERR,ERR,ERR,ERR,ERR,ERR,ERR,ERR,ERR,ERR,ERR,ERR,ERR,ERR,ERR,ERR,ERR,ERR,ERR,ERR,ERR,ERR,ERR,ERR,ERR,ERR,ERR,ERR,ERR,ERR,ERR,ERR,ERR,60.0,60.0,35,0.0,0.0,0.0,0.0,0.0,0.0,0.0,0.0,0.0,0.0,0.0,0.0,0.0,0.0,0.0,0.0,65.6,0,124,60,37,65476,0,300,0,0,8,20529,65476,0,0,2621,60.0,0.0,0.0,0.0,0.0,0.0
2026-07-09T15:58:09,ERR,ERR,ERR,ERR,ERR,ERR,ERR,ERR,ERR,ERR,ERR,ERR,ERR,ERR,ERR,ERR,ERR,ERR,ERR,ERR,ERR,ERR,ERR,ERR,ERR,ERR,ERR,ERR,ERR,ERR,ERR,ERR,ERR,ERR,ERR,ERR,ERR,ERR,ERR,ERR,ERR,ERR,ERR,ERR,ERR,ERR,ERR,ERR,ERR,ERR,ERR,ERR,ERR,ERR,ERR,ERR,ERR,ERR,ERR,ERR,ERR,ERR,ERR,ERR,ERR,ERR,ERR,ERR,ERR,ERR,ERR,ERR,ERR,ERR,ERR,ERR,ERR,ERR,ERR,ERR,ERR,ERR,ERR,ERR,ERR,ERR,ERR,ERR,ERR,ERR,ERR,ERR,ERR,ERR,ERR,ERR,ERR,ERR,ERR,ERR,ERR,ERR,ERR,ERR,ERR,ERR,ERR,ERR,ERR,ERR,ERR,ERR,ERR,ERR,ERR,ERR,ERR,ERR,ERR,ERR,ERR,ERR,ERR,ERR,ERR,0.0,0.0,0.0,0.0,-2.888646912817234e+17,-8.989254193061157e+37,-0.0,-0.0,0,0,4,17313,7116,0.0,100,0.0,0.0,0.0,0.0,0.0,0,0,0,0,0.0,0,0,0,0,0,0,0,0,0,0,0,0,0,0,0,0,0,0,0,0,0,0,0,0,0,0,0,0,0,0,0,0,0,31,40,40,71,65476,0,300,0,0,8,21553,0.0,-107605600.0,0.0,0.0,0.0,0.0,0.0,0.0,0.0,0.0,0.0,0.0,0.0,0.0,0.0,0.0,0.0,0.0,0.0,0.0,0.0,0.0,2.004,-3.697066946564247e+19,0.0,0.0,0.0,0.0,0.0,0.0,5421.0,-8608195584.0,6938.0,0.0,0.0,2.004,2.004,0.0,0.0,0.0,0.0,69,-0.0,1.905688843344937e+17,0.0,0.0,0.0,0.0,0.0,0.0,0.0,0,0,0,0.0,0.0,0.0,0.0,0.0,0.0,0.0,0.0,0.0,0.0,0.0,0.0,0.0,0.0,0.0,0.0,0,-107875648.0,69,0.0,138,0.0,2.012,ERR,ERR,ERR,ERR,ERR,ERR,ERR,ERR,ERR,ERR,ERR,ERR,ERR,ERR,ERR,ERR,ERR,ERR,ERR,ERR,ERR,ERR,ERR,ERR,ERR,ERR,ERR,ERR,ERR,ERR,ERR,ERR,ERR,ERR,ERR,ERR,ERR,ERR,ERR,ERR,ERR,ERR,ERR,ERR,ERR,ERR,ERR,ERR,ERR,ERR,ERR,ERR,ERR,ERR,ERR,ERR,ERR,ERR,ERR,ERR,ERR,ERR,ERR,ERR,ERR,ERR,ERR,60.0,60.0,35,0.0,0.0,0.0,0.0,0.0,0.0,0.0,0.0,0.0,0.0,0.0,0.0,0.0,0.0,0.0,0.0,65.6,0,124,60,37,65476,0,300,0,0,8,20529,65476,0,0,2621,60.0,0.0,0.0,0.0,0.0,0.0
2026-07-09T15:58:10,ERR,ERR,ERR,ERR,ERR,ERR,ERR,ERR,ERR,ERR,ERR,ERR,ERR,ERR,ERR,ERR,ERR,ERR,ERR,ERR,ERR,ERR,ERR,ERR,ERR,ERR,ERR,ERR,ERR,ERR,ERR,ERR,ERR,ERR,ERR,ERR,ERR,ERR,ERR,ERR,ERR,ERR,ERR,ERR,ERR,ERR,ERR,ERR,ERR,ERR,ERR,ERR,ERR,ERR,ERR,ERR,ERR,ERR,ERR,ERR,ERR,ERR,ERR,ERR,ERR,ERR,ERR,ERR,ERR,ERR,ERR,ERR,ERR,ERR,ERR,ERR,ERR,ERR,ERR,ERR,ERR,ERR,ERR,ERR,ERR,ERR,ERR,ERR,ERR,ERR,ERR,ERR,ERR,ERR,ERR,ERR,ERR,ERR,ERR,ERR,ERR,ERR,ERR,ERR,ERR,ERR,ERR,ERR,ERR,ERR,ERR,ERR,ERR,ERR,ERR,ERR,ERR,ERR,ERR,ERR,ERR,ERR,ERR,ERR,ERR,2.718424976836509e+23,-107616016.0,0.0,0.0,517.127,2.767603560463333e+36,0.0,0.001,0,0,4,17312,7116,0.0,100,0.0,0.0,0.0,0.0,0.0,0,0,0,0,0.0,0,0,0,0,0,0,0,0,0,0,0,0,0,0,0,0,0,0,0,0,0,0,0,0,0,0,0,0,0,0,0,0,0,31,40,40,71,65476,0,300,0,0,8,21553,0.0,-107605600.0,0.0,0.0,0.0,0.0,0.0,0.0,0.0,0.0,0.0,0.0,0.0,0.0,0.0,0.0,0.0,0.0,0.0,0.0,0.0,0.0,2.004,-2.004,0.0,0.0,0.0,0.0,0.0,0.0,5425.0,-0.0,6934.0,0.0,-0.0,2.004,2.004,0.0,0.0,0.0,0.0,69,-0.0,0.0,0.0,0.0,0.0,0.0,0.0,0.0,0.0,0,0,0,0.0,0.0,0.0,0.0,0.0,0.0,0.0,0.0,0.0,0.0,0.0,0.0,0.0,0.0,0.0,0.0,0,-107875648.0,69,0.0,138,0.0,2.012,ERR,ERR,ERR,ERR,ERR,ERR,ERR,ERR,ERR,ERR,ERR,ERR,ERR,ERR,ERR,ERR,ERR,ERR,ERR,ERR,ERR,ERR,ERR,ERR,ERR,ERR,ERR,ERR,ERR,ERR,ERR,ERR,ERR,ERR,ERR,ERR,ERR,ERR,ERR,ERR,ERR,ERR,ERR,ERR,ERR,ERR,ERR,ERR,ERR,ERR,ERR,ERR,ERR,ERR,ERR,ERR,ERR,ERR,ERR,ERR,ERR,ERR,ERR,ERR,ERR,ERR,ERR,60.0,60.0,35,0.0,0.0,0.0,0.0,0.0,0.0,0.0,0.0,0.0,0.0,0.0,0.0,0.0,0.0,0.0,0.0,65.6,0,124,60,37,65476,0,300,0,0,8,20529,65476,0,0,2621,60.0,0.0,0.0,0.0,0.0,0.0
2026-07-09T15:58:11,ERR,ERR,ERR,ERR,ERR,ERR,ERR,ERR,ERR,ERR,ERR,ERR,ERR,ERR,ERR,ERR,ERR,ERR,ERR,ERR,ERR,ERR,ERR,ERR,ERR,ERR,ERR,ERR,ERR,ERR,ERR,ERR,ERR,ERR,ERR,ERR,ERR,ERR,ERR,ERR,ERR,ERR,ERR,ERR,ERR,ERR,ERR,ERR,ERR,ERR,ERR,ERR,ERR,ERR,ERR,ERR,ERR,ERR,ERR,ERR,ERR,ERR,ERR,ERR,ERR,ERR,ERR,ERR,ERR,ERR,ERR,ERR,ERR,ERR,ERR,ERR,ERR,ERR,ERR,ERR,ERR,ERR,ERR,ERR,ERR,ERR,ERR,ERR,ERR,ERR,ERR,ERR,ERR,ERR,ERR,ERR,ERR,ERR,ERR,ERR,ERR,ERR,ERR,ERR,ERR,ERR,ERR,ERR,ERR,ERR,ERR,ERR,ERR,ERR,ERR,ERR,ERR,ERR,ERR,ERR,ERR,ERR,ERR,ERR,ERR,2.718424976836509e+23,-107616016.0,0.0,0.0,517.127,2.767603560463333e+36,0.0,0.001,0,0,4,17312,7116,0.0,100,0.0,0.0,0.0,0.0,0.0,0,0,0,0,0.0,0,0,0,0,0,0,0,0,0,0,0,0,0,0,0,0,0,0,0,0,0,0,0,0,0,0,0,0,0,0,0,0,0,31,40,40,71,65476,0,300,0,0,8,21553,0.0,-107605600.0,0.0,0.0,0.0,0.0,0.0,0.0,0.0,0.0,0.0,0.0,0.0,0.0,0.0,0.0,0.0,0.0,0.0,0.0,0.0,0.0,2.004,-2.004,0.0,0.0,0.0,0.0,0.0,0.0,5425.0,-0.0,6934.0,0.0,-0.0,2.004,2.004,0.0,0.0,0.0,0.0,69,-0.0,0.0,0.0,0.0,0.0,0.0,0.0,0.0,0.0,0,0,0,0.0,0.0,0.0,0.0,0.0,0.0,0.0,0.0,0.0,0.0,0.0,0.0,0.0,0.0,0.0,0.0,0,-107875648.0,69,0.0,138,0.0,2.012,ERR,ERR,ERR,ERR,ERR,ERR,ERR,ERR,ERR,ERR,ERR,ERR,ERR,ERR,ERR,ERR,ERR,ERR,ERR,ERR,ERR,ERR,ERR,ERR,ERR,ERR,ERR,ERR,ERR,ERR,ERR,ERR,ERR,ERR,ERR,ERR,ERR,ERR,ERR,ERR,ERR,ERR,ERR,ERR,ERR,ERR,ERR,ERR,ERR,ERR,ERR,ERR,ERR,ERR,ERR,ERR,ERR,ERR,ERR,ERR,ERR,ERR,ERR,ERR,ERR,ERR,ERR,60.0,60.0,35,0.0,0.0,0.0,0.0,0.0,0.0,0.0,0.0,0.0,0.0,0.0,0.0,0.0,0.0,0.0,0.0,66.0,0,124,60,37,65476,0,300,0,0,8,20529,65476,0,0,2621,60.0,0.0,0.0,0.0,0.0,0.0
2026-07-09T15:58:12,ERR,ERR,ERR,ERR,ERR,ERR,ERR,ERR,ERR,ERR,ERR,ERR,ERR,ERR,ERR,ERR,ERR,ERR,ERR,ERR,ERR,ERR,ERR,ERR,ERR,ERR,ERR,ERR,ERR,ERR,ERR,ERR,ERR,ERR,ERR,ERR,ERR,ERR,ERR,ERR,ERR,ERR,ERR,ERR,ERR,ERR,ERR,ERR,ERR,ERR,ERR,ERR,ERR,ERR,ERR,ERR,ERR,ERR,ERR,ERR,ERR,ERR,ERR,ERR,ERR,ERR,ERR,ERR,ERR,ERR,ERR,ERR,ERR,ERR,ERR,ERR,ERR,ERR,ERR,ERR,ERR,ERR,ERR,ERR,ERR,ERR,ERR,ERR,ERR,ERR,ERR,ERR,ERR,ERR,ERR,ERR,ERR,ERR,ERR,ERR,ERR,ERR,ERR,ERR,ERR,ERR,ERR,ERR,ERR,ERR,ERR,ERR,ERR,ERR,ERR,ERR,ERR,ERR,ERR,ERR,ERR,ERR,ERR,ERR,ERR,2.718424976836509e+23,-107616016.0,0.0,0.0,517.127,2.767603560463333e+36,0.0,0.001,0,0,4,17312,7116,0.0,100,0.0,0.0,0.0,0.0,0.0,0,0,0,0,0.0,0,0,0,0,0,0,0,0,0,0,0,0,0,0,0,0,0,0,0,0,0,0,0,0,0,0,0,0,0,0,0,0,0,31,40,40,71,65476,0,300,0,0,8,21553,0.0,-107605600.0,0.0,0.0,0.0,0.0,0.0,0.0,0.0,0.0,0.0,0.0,0.0,0.0,0.0,0.0,0.0,0.0,0.0,0.0,0.0,0.0,2.004,-2.004,0.0,0.0,0.0,0.0,0.0,0.0,5425.0,-0.0,6934.0,0.0,-0.0,2.004,2.004,0.0,0.0,0.0,0.0,69,-0.0,0.0,0.0,0.0,0.0,0.0,0.0,0.0,0.0,0,0,0,0.0,0.0,0.0,0.0,0.0,0.0,0.0,0.0,0.0,0.0,0.0,0.0,0.0,0.0,0.0,0.0,0,-107875648.0,69,0.0,138,0.0,2.012,ERR,ERR,ERR,ERR,ERR,ERR,ERR,ERR,ERR,ERR,ERR,ERR,ERR,ERR,ERR,ERR,ERR,ERR,ERR,ERR,ERR,ERR,ERR,ERR,ERR,ERR,ERR,ERR,ERR,ERR,ERR,ERR,ERR,ERR,ERR,ERR,ERR,ERR,ERR,ERR,ERR,ERR,ERR,ERR,ERR,ERR,ERR,ERR,ERR,ERR,ERR,ERR,ERR,ERR,ERR,ERR,ERR,ERR,ERR,ERR,ERR,ERR,ERR,ERR,ERR,ERR,ERR,60.0,60.0,35,0.0,0.0,0.0,0.0,0.0,0.0,0.0,0.0,0.0,0.0,0.0,0.0,0.0,0.0,0.0,0.0,66.0,0,124,60,37,65476,0,300,0,0,8,20529,65476,0,0,2621,60.0,0.0,0.0,0.0,0.0,0.0
2026-07-09T15:58:13,ERR,ERR,ERR,ERR,ERR,ERR,ERR,ERR,ERR,ERR,ERR,ERR,ERR,ERR,ERR,ERR,ERR,ERR,ERR,ERR,ERR,ERR,ERR,ERR,ERR,ERR,ERR,ERR,ERR,ERR,ERR,ERR,ERR,ERR,ERR,ERR,ERR,ERR,ERR,ERR,ERR,ERR,ERR,ERR,ERR,ERR,ERR,ERR,ERR,ERR,ERR,ERR,ERR,ERR,ERR,ERR,ERR,ERR,ERR,ERR,ERR,ERR,ERR,ERR,ERR,ERR,ERR,ERR,ERR,ERR,ERR,ERR,ERR,ERR,ERR,ERR,ERR,ERR,ERR,ERR,ERR,ERR,ERR,ERR,ERR,ERR,ERR,ERR,ERR,ERR,ERR,ERR,ERR,ERR,ERR,ERR,ERR,ERR,ERR,ERR,ERR,ERR,ERR,ERR,ERR,ERR,ERR,ERR,ERR,ERR,ERR,ERR,ERR,ERR,ERR,ERR,ERR,ERR,ERR,ERR,ERR,ERR,ERR,ERR,ERR,2.718424976836509e+23,-107616016.0,0.0,0.0,517.127,2.767603560463333e+36,0.0,0.001,0,0,4,17312,7116,0.0,100,0.0,0.0,0.0,0.0,0.0,0,0,0,0,0.0,0,0,0,0,0,0,0,0,0,0,0,0,0,0,0,0,0,0,0,0,0,0,0,0,0,0,0,0,0,0,0,0,0,31,40,40,71,65476,0,300,0,0,8,21553,0.0,-107605600.0,0.0,0.0,0.0,0.0,0.0,0.0,0.0,0.0,0.0,0.0,0.0,0.0,0.0,0.0,0.0,0.0,0.0,0.0,0.0,0.0,2.004,-2.004,0.0,0.0,0.0,0.0,0.0,0.0,5425.0,-0.0,6934.0,0.0,-0.0,2.004,2.004,0.0,0.0,0.0,0.0,69,-0.0,0.0,0.0,0.0,0.0,0.0,0.0,0.0,0.0,0,0,0,0.0,0.0,0.0,0.0,0.0,0.0,0.0,0.0,0.0,0.0,0.0,0.0,0.0,0.0,0.0,0.0,0,-107875648.0,69,0.0,138,0.0,2.012,ERR,ERR,ERR,ERR,ERR,ERR,ERR,ERR,ERR,ERR,ERR,ERR,ERR,ERR,ERR,ERR,ERR,ERR,ERR,ERR,ERR,ERR,ERR,ERR,ERR,ERR,ERR,ERR,ERR,ERR,ERR,ERR,ERR,ERR,ERR,ERR,ERR,ERR,ERR,ERR,ERR,ERR,ERR,ERR,ERR,ERR,ERR,ERR,ERR,ERR,ERR,ERR,ERR,ERR,ERR,ERR,ERR,ERR,ERR,ERR,ERR,ERR,ERR,ERR,ERR,ERR,ERR,60.0,60.0,35,0.0,0.0,0.0,0.0,0.0,0.0,0.0,0.0,0.0,0.0,0.0,0.0,0.0,0.0,0.0,0.0,65.6,0,125,60,37,65476,0,300,0,0,8,20529,65476,0,0,2621,60.0,0.0,0.0,0.0,0.0,0.0
2026-07-09T15:58:14,ERR,ERR,ERR,ERR,ERR,ERR,ERR,ERR,ERR,ERR,ERR,ERR,ERR,ERR,ERR,ERR,ERR,ERR,ERR,ERR,ERR,ERR,ERR,ERR,ERR,ERR,ERR,ERR,ERR,ERR,ERR,ERR,ERR,ERR,ERR,ERR,ERR,ERR,ERR,ERR,ERR,ERR,ERR,ERR,ERR,ERR,ERR,ERR,ERR,ERR,ERR,ERR,ERR,ERR,ERR,ERR,ERR,ERR,ERR,ERR,ERR,ERR,ERR,ERR,ERR,ERR,ERR,ERR,ERR,ERR,ERR,ERR,ERR,ERR,ERR,ERR,ERR,ERR,ERR,ERR,ERR,ERR,ERR,ERR,ERR,ERR,ERR,ERR,ERR,ERR,ERR,ERR,ERR,ERR,ERR,ERR,ERR,ERR,ERR,ERR,ERR,ERR,ERR,ERR,ERR,ERR,ERR,ERR,ERR,ERR,ERR,ERR,ERR,ERR,ERR,ERR,ERR,ERR,ERR,ERR,ERR,ERR,ERR,ERR,ERR,2.718424976836509e+23,-107616016.0,0.0,0.0,517.127,2.767603560463333e+36,0.0,0.001,0,0,4,17312,7116,0.0,100,0.0,0.0,0.0,0.0,0.0,0,0,0,0,0.0,0,0,0,0,0,0,0,0,0,0,0,0,0,0,0,0,0,0,0,0,0,0,0,0,0,0,0,0,0,0,0,0,0,31,40,40,71,65476,0,300,0,0,8,21553,0.0,-107605600.0,0.0,0.0,0.0,0.0,0.0,0.0,0.0,0.0,0.0,0.0,0.0,0.0,0.0,0.0,0.0,0.0,0.0,0.0,0.0,0.0,2.004,-2.004,0.0,0.0,0.0,0.0,0.0,0.0,5425.0,-0.0,6934.0,0.0,-0.0,2.004,2.004,0.0,0.0,0.0,0.0,69,-0.0,0.0,0.0,0.0,0.0,0.0,0.0,0.0,0.0,0,0,0,0.0,0.0,0.0,0.0,0.0,0.0,0.0,0.0,0.0,0.0,0.0,0.0,0.0,0.0,0.0,0.0,0,-107875648.0,69,0.0,138,0.0,2.012,ERR,ERR,ERR,ERR,ERR,ERR,ERR,ERR,ERR,ERR,ERR,ERR,ERR,ERR,ERR,ERR,ERR,ERR,ERR,ERR,ERR,ERR,ERR,ERR,ERR,ERR,ERR,ERR,ERR,ERR,ERR,ERR,ERR,ERR,ERR,ERR,ERR,ERR,ERR,ERR,ERR,ERR,ERR,ERR,ERR,ERR,ERR,ERR,ERR,ERR,ERR,ERR,ERR,ERR,ERR,ERR,ERR,ERR,ERR,ERR,ERR,ERR,ERR,ERR,ERR,ERR,ERR,60.0,60.0,35,0.0,0.0,0.0,0.0,0.0,0.0,0.0,0.0,0.0,0.0,0.0,0.0,0.0,0.0,0.0,0.0,65.6,0,125,60,38,65476,0,300,0,0,8,20529,65476,0,0,2621,60.0,0.0,0.0,0.0,0.0,0.0
2026-07-09T15:58:15,ERR,ERR,ERR,ERR,ERR,ERR,ERR,ERR,ERR,ERR,ERR,ERR,ERR,ERR,ERR,ERR,ERR,ERR,ERR,ERR,ERR,ERR,ERR,ERR,ERR,ERR,ERR,ERR,ERR,ERR,ERR,ERR,ERR,ERR,ERR,ERR,ERR,ERR,ERR,ERR,ERR,ERR,ERR,ERR,ERR,ERR,ERR,ERR,ERR,ERR,ERR,ERR,ERR,ERR,ERR,ERR,ERR,ERR,ERR,ERR,ERR,ERR,ERR,ERR,ERR,ERR,ERR,ERR,ERR,ERR,ERR,ERR,ERR,ERR,ERR,ERR,ERR,ERR,ERR,ERR,ERR,ERR,ERR,ERR,ERR,ERR,ERR,ERR,ERR,ERR,ERR,ERR,ERR,ERR,ERR,ERR,ERR,ERR,ERR,ERR,ERR,ERR,ERR,ERR,ERR,ERR,ERR,ERR,ERR,ERR,ERR,ERR,ERR,ERR,ERR,ERR,ERR,ERR,ERR,ERR,ERR,ERR,ERR,ERR,ERR,0.0,0.0,2.718419212228986e+23,0.0,-0.0,-0.0,0.0,2.522739450367181e+16,0,0,4,17311,7116,0.0,100,0.0,0.0,0.0,0.0,0.0,0,0,0,0,0.0,0,0,0,0,0,0,0,0,0,0,0,0,0,0,0,0,0,0,0,0,0,0,0,0,0,0,0,0,0,0,0,0,0,31,40,40,71,65476,0,300,0,0,8,21553,0.0,-107605600.0,0.0,0.0,0.0,0.0,0.0,0.0,0.0,0.0,0.0,0.0,0.0,0.0,0.0,0.0,0.0,0.0,0.0,0.0,0.0,0.0,2.004,2.004,0.0,0.0,0.0,0.0,0.0,0.0,5408.0,-1.0406669901790231e+34,6943.0,2.718424976836509e+23,0.0,2.004,2.004,0.0,0.0,0.0,0.0,69,89220.758,-0.0,0.0,0.0,0.0,0.0,0.0,0.0,0.0,0,0,0,0.0,0.0,0.0,0.0,0.0,0.0,0.0,0.0,0.0,0.0,0.0,0.0,0.0,0.0,0.0,0.0,0,-107875648.0,69,0.0,138,0.0,2.012,ERR,ERR,ERR,ERR,ERR,ERR,ERR,ERR,ERR,ERR,ERR,ERR,ERR,ERR,ERR,ERR,ERR,ERR,ERR,ERR,ERR,ERR,ERR,ERR,ERR,ERR,ERR,ERR,ERR,ERR,ERR,ERR,ERR,ERR,ERR,ERR,ERR,ERR,ERR,ERR,ERR,ERR,ERR,ERR,ERR,ERR,ERR,ERR,ERR,ERR,ERR,ERR,ERR,ERR,ERR,ERR,ERR,ERR,ERR,ERR,ERR,ERR,ERR,ERR,ERR,ERR,ERR,60.0,60.0,35,0.0,0.0,0.0,0.0,0.0,0.0,0.0,0.0,0.0,0.0,0.0,0.0,0.0,0.0,0.0,0.0,65.6,0,125,60,38,65476,0,300,0,0,8,20529,65476,0,0,2621,60.0,0.0,0.0,0.0,0.0,0.0
2026-07-09T15:58:16,ERR,ERR,ERR,ERR,ERR,ERR,ERR,ERR,ERR,ERR,ERR,ERR,ERR,ERR,ERR,ERR,ERR,ERR,ERR,ERR,ERR,ERR,ERR,ERR,ERR,ERR,ERR,ERR,ERR,ERR,ERR,ERR,ERR,ERR,ERR,ERR,ERR,ERR,ERR,ERR,ERR,ERR,ERR,ERR,ERR,ERR,ERR,ERR,ERR,ERR,ERR,ERR,ERR,ERR,ERR,ERR,ERR,ERR,ERR,ERR,ERR,ERR,ERR,ERR,ERR,ERR,ERR,ERR,ERR,ERR,ERR,ERR,ERR,ERR,ERR,ERR,ERR,ERR,ERR,ERR,ERR,ERR,ERR,ERR,ERR,ERR,ERR,ERR,ERR,ERR,ERR,ERR,ERR,ERR,ERR,ERR,ERR,ERR,ERR,ERR,ERR,ERR,ERR,ERR,ERR,ERR,ERR,ERR,ERR,ERR,ERR,ERR,ERR,ERR,ERR,ERR,ERR,ERR,ERR,ERR,ERR,ERR,ERR,ERR,ERR,0.0,0.0,2.718419212228986e+23,0.0,-0.0,-0.0,0.0,2.522739450367181e+16,0,0,4,17311,7116,0.0,100,0.0,0.0,0.0,0.0,0.0,0,0,0,0,0.0,0,0,0,0,0,0,0,0,0,0,0,0,0,0,0,0,0,0,0,0,0,0,0,0,0,0,0,0,0,0,0,0,0,31,40,40,71,65476,0,300,0,0,8,21553,0.0,-107605600.0,0.0,0.0,0.0,0.0,0.0,0.0,0.0,0.0,0.0,0.0,0.0,0.0,0.0,0.0,0.0,0.0,0.0,0.0,0.0,0.0,2.004,2.004,0.0,0.0,0.0,0.0,0.0,0.0,5408.0,-1.0406669901790231e+34,6943.0,2.718424976836509e+23,0.0,2.004,2.004,0.0,0.0,0.0,0.0,69,89220.758,-0.0,0.0,0.0,0.0,0.0,0.0,0.0,0.0,0,0,0,0.0,0.0,0.0,0.0,0.0,0.0,0.0,0.0,0.0,0.0,0.0,0.0,0.0,0.0,0.0,0.0,0,-107875648.0,69,0.0,138,0.0,2.012,ERR,ERR,ERR,ERR,ERR,ERR,ERR,ERR,ERR,ERR,ERR,ERR,ERR,ERR,ERR,ERR,ERR,ERR,ERR,ERR,ERR,ERR,ERR,ERR,ERR,ERR,ERR,ERR,ERR,ERR,ERR,ERR,ERR,ERR,ERR,ERR,ERR,ERR,ERR,ERR,ERR,ERR,ERR,ERR,ERR,ERR,ERR,ERR,ERR,ERR,ERR,ERR,ERR,ERR,ERR,ERR,ERR,ERR,ERR,ERR,ERR,ERR,ERR,ERR,ERR,ERR,ERR,60.0,60.0,35,0.0,0.0,0.0,0.0,0.0,0.0,0.0,0.0,0.0,0.0,0.0,0.0,0.0,0.0,0.0,0.0,65.6,0,125,60,38,65476,0,300,0,0,8,20529,65476,0,0,2621,60.0,0.0,0.0,0.0,0.0,0.0
2026-07-09T15:58:17,ERR,ERR,ERR,ERR,ERR,ERR,ERR,ERR,ERR,ERR,ERR,ERR,ERR,ERR,ERR,ERR,ERR,ERR,ERR,ERR,ERR,ERR,ERR,ERR,ERR,ERR,ERR,ERR,ERR,ERR,ERR,ERR,ERR,ERR,ERR,ERR,ERR,ERR,ERR,ERR,ERR,ERR,ERR,ERR,ERR,ERR,ERR,ERR,ERR,ERR,ERR,ERR,ERR,ERR,ERR,ERR,ERR,ERR,ERR,ERR,ERR,ERR,ERR,ERR,ERR,ERR,ERR,ERR,ERR,ERR,ERR,ERR,ERR,ERR,ERR,ERR,ERR,ERR,ERR,ERR,ERR,ERR,ERR,ERR,ERR,ERR,ERR,ERR,ERR,ERR,ERR,ERR,ERR,ERR,ERR,ERR,ERR,ERR,ERR,ERR,ERR,ERR,ERR,ERR,ERR,ERR,ERR,ERR,ERR,ERR,ERR,ERR,ERR,ERR,ERR,ERR,ERR,ERR,ERR,ERR,ERR,ERR,ERR,ERR,ERR,0.0,0.0,2.718419212228986e+23,0.0,-0.0,-0.0,0.0,2.522739450367181e+16,0,0,4,17311,7116,0.0,100,0.0,0.0,0.0,0.0,0.0,0,0,0,0,0.0,0,0,0,0,0,0,0,0,0,0,0,0,0,0,0,0,0,0,0,0,0,0,0,0,0,0,0,0,0,0,0,0,0,31,40,40,71,65476,0,300,0,0,8,21553,0.0,-107605600.0,0.0,0.0,0.0,0.0,0.0,0.0,0.0,0.0,0.0,0.0,0.0,0.0,0.0,0.0,0.0,0.0,0.0,0.0,0.0,0.0,2.004,2.004,0.0,0.0,0.0,0.0,0.0,0.0,5408.0,-1.0406669901790231e+34,6943.0,2.718424976836509e+23,0.0,2.004,2.004,0.0,0.0,0.0,0.0,69,89220.758,-0.0,0.0,0.0,0.0,0.0,0.0,0.0,0.0,0,0,0,0.0,0.0,0.0,0.0,0.0,0.0,0.0,0.0,0.0,0.0,0.0,0.0,0.0,0.0,0.0,0.0,0,-107875648.0,69,0.0,138,0.0,2.012,ERR,ERR,ERR,ERR,ERR,ERR,ERR,ERR,ERR,ERR,ERR,ERR,ERR,ERR,ERR,ERR,ERR,ERR,ERR,ERR,ERR,ERR,ERR,ERR,ERR,ERR,ERR,ERR,ERR,ERR,ERR,ERR,ERR,ERR,ERR,ERR,ERR,ERR,ERR,ERR,ERR,ERR,ERR,ERR,ERR,ERR,ERR,ERR,ERR,ERR,ERR,ERR,ERR,ERR,ERR,ERR,ERR,ERR,ERR,ERR,ERR,ERR,ERR,ERR,ERR,ERR,ERR,60.0,60.0,35,0.0,0.0,0.0,0.0,0.0,0.0,0.0,0.0,0.0,0.0,0.0,0.0,0.0,0.0,0.0,0.0,65.6,0,125,60,38,65476,0,300,0,0,8,20529,65476,0,0,2621,60.0,0.0,0.0,0.0,0.0,0.0
2026-07-09T15:58:18,ERR,ERR,ERR,ERR,ERR,ERR,ERR,ERR,ERR,ERR,ERR,ERR,ERR,ERR,ERR,ERR,ERR,ERR,ERR,ERR,ERR,ERR,ERR,ERR,ERR,ERR,ERR,ERR,ERR,ERR,ERR,ERR,ERR,ERR,ERR,ERR,ERR,ERR,ERR,ERR,ERR,ERR,ERR,ERR,ERR,ERR,ERR,ERR,ERR,ERR,ERR,ERR,ERR,ERR,ERR,ERR,ERR,ERR,ERR,ERR,ERR,ERR,ERR,ERR,ERR,ERR,ERR,ERR,ERR,ERR,ERR,ERR,ERR,ERR,ERR,ERR,ERR,ERR,ERR,ERR,ERR,ERR,ERR,ERR,ERR,ERR,ERR,ERR,ERR,ERR,ERR,ERR,ERR,ERR,ERR,ERR,ERR,ERR,ERR,ERR,ERR,ERR,ERR,ERR,ERR,ERR,ERR,ERR,ERR,ERR,ERR,ERR,ERR,ERR,ERR,ERR,ERR,ERR,ERR,ERR,ERR,ERR,ERR,ERR,ERR,0.0,0.0,2.718419212228986e+23,0.0,-0.0,-0.0,0.0,2.522739450367181e+16,0,0,4,17311,7116,0.0,100,0.0,0.0,0.0,0.0,0.0,0,0,0,0,0.0,0,0,0,0,0,0,0,0,0,0,0,0,0,0,0,0,0,0,0,0,0,0,0,0,0,0,0,0,0,0,0,0,0,31,40,40,71,65476,0,300,0,0,8,21553,0.0,-107605600.0,0.0,0.0,0.0,0.0,0.0,0.0,0.0,0.0,0.0,0.0,0.0,0.0,0.0,0.0,0.0,0.0,0.0,0.0,0.0,0.0,2.004,2.004,0.0,0.0,0.0,0.0,0.0,0.0,5408.0,-1.0406669901790231e+34,6943.0,2.718424976836509e+23,0.0,2.004,2.004,0.0,0.0,0.0,0.0,69,89220.758,-0.0,0.0,0.0,0.0,0.0,0.0,0.0,0.0,0,0,0,0.0,0.0,0.0,0.0,0.0,0.0,0.0,0.0,0.0,0.0,0.0,0.0,0.0,0.0,0.0,0.0,0,-107875648.0,69,0.0,138,0.0,2.012,ERR,ERR,ERR,ERR,ERR,ERR,ERR,ERR,ERR,ERR,ERR,ERR,ERR,ERR,ERR,ERR,ERR,ERR,ERR,ERR,ERR,ERR,ERR,ERR,ERR,ERR,ERR,ERR,ERR,ERR,ERR,ERR,ERR,ERR,ERR,ERR,ERR,ERR,ERR,ERR,ERR,ERR,ERR,ERR,ERR,ERR,ERR,ERR,ERR,ERR,ERR,ERR,ERR,ERR,ERR,ERR,ERR,ERR,ERR,ERR,ERR,ERR,ERR,ERR,ERR,ERR,ERR,60.0,60.0,35,0.0,0.0,0.0,0.0,0.0,0.0,0.0,0.0,0.0,0.0,0.0,0.0,0.0,0.0,0.0,0.0,65.6,0,125,60,38,65476,0,300,0,0,8,20529,65476,0,0,2621,60.0,0.0,0.0,0.0,0.0,0.0
2026-07-09T15:58:19,ERR,ERR,ERR,ERR,ERR,ERR,ERR,ERR,ERR,ERR,ERR,ERR,ERR,ERR,ERR,ERR,ERR,ERR,ERR,ERR,ERR,ERR,ERR,ERR,ERR,ERR,ERR,ERR,ERR,ERR,ERR,ERR,ERR,ERR,ERR,ERR,ERR,ERR,ERR,ERR,ERR,ERR,ERR,ERR,ERR,ERR,ERR,ERR,ERR,ERR,ERR,ERR,ERR,ERR,ERR,ERR,ERR,ERR,ERR,ERR,ERR,ERR,ERR,ERR,ERR,ERR,ERR,ERR,ERR,ERR,ERR,ERR,ERR,ERR,ERR,ERR,ERR,ERR,ERR,ERR,ERR,ERR,ERR,ERR,ERR,ERR,ERR,ERR,ERR,ERR,ERR,ERR,ERR,ERR,ERR,ERR,ERR,ERR,ERR,ERR,ERR,ERR,ERR,ERR,ERR,ERR,ERR,ERR,ERR,ERR,ERR,ERR,ERR,ERR,ERR,ERR,ERR,ERR,ERR,ERR,ERR,ERR,ERR,ERR,ERR,0.0,0.0,2.718419212228986e+23,0.0,-0.0,-0.0,0.0,2.522739450367181e+16,0,0,4,17311,7116,0.0,100,0.0,0.0,0.0,0.0,0.0,0,0,0,0,0.0,0,0,0,0,0,0,0,0,0,0,0,0,0,0,0,0,0,0,0,0,0,0,0,0,0,0,0,0,0,0,0,0,0,31,40,40,71,65476,0,300,0,0,8,21553,0.0,-107605600.0,0.0,0.0,0.0,0.0,0.0,0.0,0.0,0.0,0.0,0.0,0.0,0.0,0.0,0.0,0.0,0.0,0.0,0.0,0.0,0.0,2.004,2.004,0.0,0.0,0.0,0.0,0.0,0.0,5408.0,-1.0406669901790231e+34,6943.0,2.718424976836509e+23,0.0,2.004,2.004,0.0,0.0,0.0,0.0,69,89220.758,-0.0,0.0,0.0,0.0,0.0,0.0,0.0,0.0,0,0,0,0.0,0.0,0.0,0.0,0.0,0.0,0.0,0.0,0.0,0.0,0.0,0.0,0.0,0.0,0.0,0.0,0,-107875648.0,69,0.0,138,0.0,2.012,ERR,ERR,ERR,ERR,ERR,ERR,ERR,ERR,ERR,ERR,ERR,ERR,ERR,ERR,ERR,ERR,ERR,ERR,ERR,ERR,ERR,ERR,ERR,ERR,ERR,ERR,ERR,ERR,ERR,ERR,ERR,ERR,ERR,ERR,ERR,ERR,ERR,ERR,ERR,ERR,ERR,ERR,ERR,ERR,ERR,ERR,ERR,ERR,ERR,ERR,ERR,ERR,ERR,ERR,ERR,ERR,ERR,ERR,ERR,ERR,ERR,ERR,ERR,ERR,ERR,ERR,ERR,60.0,60.0,35,0.0,0.0,0.0,0.0,0.0,0.0,0.0,0.0,0.0,0.0,0.0,0.0,0.0,0.0,0.0,0.0,65.6,0,125,60,38,65476,0,300,0,0,8,20529,65476,0,0,2621,60.0,0.0,0.0,0.0,0.0,0.0
2026-07-09T15:58:20,ERR,ERR,ERR,ERR,ERR,ERR,ERR,ERR,ERR,ERR,ERR,ERR,ERR,ERR,ERR,ERR,ERR,ERR,ERR,ERR,ERR,ERR,ERR,ERR,ERR,ERR,ERR,ERR,ERR,ERR,ERR,ERR,ERR,ERR,ERR,ERR,ERR,ERR,ERR,ERR,ERR,ERR,ERR,ERR,ERR,ERR,ERR,ERR,ERR,ERR,ERR,ERR,ERR,ERR,ERR,ERR,ERR,ERR,ERR,ERR,ERR,ERR,ERR,ERR,ERR,ERR,ERR,ERR,ERR,ERR,ERR,ERR,ERR,ERR,ERR,ERR,ERR,ERR,ERR,ERR,ERR,ERR,ERR,ERR,ERR,ERR,ERR,ERR,ERR,ERR,ERR,ERR,ERR,ERR,ERR,ERR,ERR,ERR,ERR,ERR,ERR,ERR,ERR,ERR,ERR,ERR,ERR,ERR,ERR,ERR,ERR,ERR,ERR,ERR,ERR,ERR,ERR,ERR,ERR,ERR,ERR,ERR,ERR,ERR,ERR,0.0,-0.0,0.0,0.0,-24612.053,-0.0,9717557.0,-8.853328118265742e+33,0,0,4,17308,7116,0.0,100,0.0,0.0,0.0,0.0,0.0,0,0,0,0,0.0,0,0,0,0,0,0,0,0,0,0,0,0,0,0,0,0,0,0,0,0,0,0,0,0,0,0,0,0,0,0,0,0,0,31,40,40,71,65476,0,300,0,0,8,21553,0.0,-107605600.0,0.0,0.0,0.0,0.0,0.0,0.0,0.0,0.0,0.0,0.0,0.0,0.0,0.0,0.0,0.0,0.0,0.0,0.0,0.0,0.0,2.004,0.0,0.0,0.0,0.0,0.0,0.0,0.0,5454.0,0.0,6915.0,0.0,-0.0,2.004,2.004,0.0,0.0,0.0,0.0,69,-152017699864576.0,-0.0,0.0,0.0,0.0,0.0,0.0,0.0,0.0,0,0,0,0.0,0.0,0.0,0.0,0.0,0.0,0.0,0.0,0.0,0.0,0.0,0.0,0.0,0.0,0.0,0.0,0,-107875648.0,69,0.0,138,0.0,2.012,ERR,ERR,ERR,ERR,ERR,ERR,ERR,ERR,ERR,ERR,ERR,ERR,ERR,ERR,ERR,ERR,ERR,ERR,ERR,ERR,ERR,ERR,ERR,ERR,ERR,ERR,ERR,ERR,ERR,ERR,ERR,ERR,ERR,ERR,ERR,ERR,ERR,ERR,ERR,ERR,ERR,ERR,ERR,ERR,ERR,ERR,ERR,ERR,ERR,ERR,ERR,ERR,ERR,ERR,ERR,ERR,ERR,ERR,ERR,ERR,ERR,ERR,ERR,ERR,ERR,ERR,ERR,60.0,60.0,35,0.0,0.0,0.0,0.0,0.0,0.0,0.0,0.0,0.0,0.0,0.0,0.0,0.0,0.0,0.0,0.0,65.6,0,125,60,38,65476,0,300,0,0,8,20529,65476,0,0,2621,60.0,0.0,0.0,0.0,0.0,0.0
2026-07-09T15:58:21,ERR,ERR,ERR,ERR,ERR,ERR,ERR,ERR,ERR,ERR,ERR,ERR,ERR,ERR,ERR,ERR,ERR,ERR,ERR,ERR,ERR,ERR,ERR,ERR,ERR,ERR,ERR,ERR,ERR,ERR,ERR,ERR,ERR,ERR,ERR,ERR,ERR,ERR,ERR,ERR,ERR,ERR,ERR,ERR,ERR,ERR,ERR,ERR,ERR,ERR,ERR,ERR,ERR,ERR,ERR,ERR,ERR,ERR,ERR,ERR,ERR,ERR,ERR,ERR,ERR,ERR,ERR,ERR,ERR,ERR,ERR,ERR,ERR,ERR,ERR,ERR,ERR,ERR,ERR,ERR,ERR,ERR,ERR,ERR,ERR,ERR,ERR,ERR,ERR,ERR,ERR,ERR,ERR,ERR,ERR,ERR,ERR,ERR,ERR,ERR,ERR,ERR,ERR,ERR,ERR,ERR,ERR,ERR,ERR,ERR,ERR,ERR,ERR,ERR,ERR,ERR,ERR,ERR,ERR,ERR,ERR,ERR,ERR,ERR,ERR,0.0,-0.0,0.0,0.0,-24612.053,-0.0,9717557.0,-8.853328118265742e+33,0,0,4,17308,7116,0.0,100,0.0,0.0,0.0,0.0,0.0,0,0,0,0,0.0,0,0,0,0,0,0,0,0,0,0,0,0,0,0,0,0,0,0,0,0,0,0,0,0,0,0,0,0,0,0,0,0,0,31,40,40,71,65476,0,300,0,0,8,21553,0.0,-107605600.0,0.0,0.0,0.0,0.0,0.0,0.0,0.0,0.0,0.0,0.0,0.0,0.0,0.0,0.0,0.0,0.0,0.0,0.0,0.0,0.0,2.004,0.0,0.0,0.0,0.0,0.0,0.0,0.0,5454.0,0.0,6915.0,0.0,-0.0,2.004,2.004,0.0,0.0,0.0,0.0,69,-152017699864576.0,-0.0,0.0,0.0,0.0,0.0,0.0,0.0,0.0,0,0,0,0.0,0.0,0.0,0.0,0.0,0.0,0.0,0.0,0.0,0.0,0.0,0.0,0.0,0.0,0.0,0.0,0,-107875648.0,69,0.0,138,0.0,2.012,ERR,ERR,ERR,ERR,ERR,ERR,ERR,ERR,ERR,ERR,ERR,ERR,ERR,ERR,ERR,ERR,ERR,ERR,ERR,ERR,ERR,ERR,ERR,ERR,ERR,ERR,ERR,ERR,ERR,ERR,ERR,ERR,ERR,ERR,ERR,ERR,ERR,ERR,ERR,ERR,ERR,ERR,ERR,ERR,ERR,ERR,ERR,ERR,ERR,ERR,ERR,ERR,ERR,ERR,ERR,ERR,ERR,ERR,ERR,ERR,ERR,ERR,ERR,ERR,ERR,ERR,ERR,60.0,60.0,35,0.0,0.0,0.0,0.0,0.0,0.0,0.0,0.0,0.0,0.0,0.0,0.0,0.0,0.0,0.0,0.0,65.6,0,125,60,38,65476,0,300,0,0,8,20529,65476,0,0,2621,60.0,0.0,0.0,0.0,0.0,0.0
2026-07-09T15:58:22,ERR,ERR,ERR,ERR,ERR,ERR,ERR,ERR,ERR,ERR,ERR,ERR,ERR,ERR,ERR,ERR,ERR,ERR,ERR,ERR,ERR,ERR,ERR,ERR,ERR,ERR,ERR,ERR,ERR,ERR,ERR,ERR,ERR,ERR,ERR,ERR,ERR,ERR,ERR,ERR,ERR,ERR,ERR,ERR,ERR,ERR,ERR,ERR,ERR,ERR,ERR,ERR,ERR,ERR,ERR,ERR,ERR,ERR,ERR,ERR,ERR,ERR,ERR,ERR,ERR,ERR,ERR,ERR,ERR,ERR,ERR,ERR,ERR,ERR,ERR,ERR,ERR,ERR,ERR,ERR,ERR,ERR,ERR,ERR,ERR,ERR,ERR,ERR,ERR,ERR,ERR,ERR,ERR,ERR,ERR,ERR,ERR,ERR,ERR,ERR,ERR,ERR,ERR,ERR,ERR,ERR,ERR,ERR,ERR,ERR,ERR,ERR,ERR,ERR,ERR,ERR,ERR,ERR,ERR,ERR,ERR,ERR,ERR,ERR,ERR,0.0,-0.0,0.0,0.0,-24612.053,-0.0,9717557.0,-8.853328118265742e+33,0,0,4,17308,7116,0.0,100,0.0,0.0,0.0,0.0,0.0,0,0,0,0,0.0,0,0,0,0,0,0,0,0,0,0,0,0,0,0,0,0,0,0,0,0,0,0,0,0,0,0,0,0,0,0,0,0,0,31,40,40,71,65476,0,300,0,0,8,21553,0.0,-107605600.0,0.0,0.0,0.0,0.0,0.0,0.0,0.0,0.0,0.0,0.0,0.0,0.0,0.0,0.0,0.0,0.0,0.0,0.0,0.0,0.0,2.004,0.0,0.0,0.0,0.0,0.0,0.0,0.0,5454.0,0.0,6915.0,0.0,-0.0,2.004,2.004,0.0,0.0,0.0,0.0,69,-152017699864576.0,-0.0,0.0,0.0,0.0,0.0,0.0,0.0,0.0,0,0,0,0.0,0.0,0.0,0.0,0.0,0.0,0.0,0.0,0.0,0.0,0.0,0.0,0.0,0.0,0.0,0.0,0,-107875648.0,69,0.0,138,0.0,2.012,ERR,ERR,ERR,ERR,ERR,ERR,ERR,ERR,ERR,ERR,ERR,ERR,ERR,ERR,ERR,ERR,ERR,ERR,ERR,ERR,ERR,ERR,ERR,ERR,ERR,ERR,ERR,ERR,ERR,ERR,ERR,ERR,ERR,ERR,ERR,ERR,ERR,ERR,ERR,ERR,ERR,ERR,ERR,ERR,ERR,ERR,ERR,ERR,ERR,ERR,ERR,ERR,ERR,ERR,ERR,ERR,ERR,ERR,ERR,ERR,ERR,ERR,ERR,ERR,ERR,ERR,ERR,60.0,60.0,35,0.0,0.0,0.0,0.0,0.0,0.0,0.0,0.0,0.0,0.0,0.0,0.0,0.0,0.0,0.0,0.0,65.6,0,125,60,38,65476,0,300,0,0,8,20529,65476,0,0,2621,60.0,0.0,0.0,0.0,0.0,0.0
2026-07-09T15:58:23,ERR,ERR,ERR,ERR,ERR,ERR,ERR,ERR,ERR,ERR,ERR,ERR,ERR,ERR,ERR,ERR,ERR,ERR,ERR,ERR,ERR,ERR,ERR,ERR,ERR,ERR,ERR,ERR,ERR,ERR,ERR,ERR,ERR,ERR,ERR,ERR,ERR,ERR,ERR,ERR,ERR,ERR,ERR,ERR,ERR,ERR,ERR,ERR,ERR,ERR,ERR,ERR,ERR,ERR,ERR,ERR,ERR,ERR,ERR,ERR,ERR,ERR,ERR,ERR,ERR,ERR,ERR,ERR,ERR,ERR,ERR,ERR,ERR,ERR,ERR,ERR,ERR,ERR,ERR,ERR,ERR,ERR,ERR,ERR,ERR,ERR,ERR,ERR,ERR,ERR,ERR,ERR,ERR,ERR,ERR,ERR,ERR,ERR,ERR,ERR,ERR,ERR,ERR,ERR,ERR,ERR,ERR,ERR,ERR,ERR,ERR,ERR,ERR,ERR,ERR,ERR,ERR,ERR,ERR,ERR,ERR,ERR,ERR,ERR,ERR,0.0,-0.0,0.0,0.0,-24612.053,-0.0,9717557.0,-8.853328118265742e+33,0,0,4,17308,7116,0.0,100,0.0,0.0,0.0,0.0,0.0,0,0,0,0,0.0,0,0,0,0,0,0,0,0,0,0,0,0,0,0,0,0,0,0,0,0,0,0,0,0,0,0,0,0,0,0,0,0,0,31,40,40,71,65476,0,300,0,0,8,21553,0.0,-107605600.0,0.0,0.0,0.0,0.0,0.0,0.0,0.0,0.0,0.0,0.0,0.0,0.0,0.0,0.0,0.0,0.0,0.0,0.0,0.0,0.0,2.004,0.0,0.0,0.0,0.0,0.0,0.0,0.0,5454.0,0.0,6915.0,0.0,-0.0,2.004,2.004,0.0,0.0,0.0,0.0,69,-152017699864576.0,-0.0,0.0,0.0,0.0,0.0,0.0,0.0,0.0,0,0,0,0.0,0.0,0.0,0.0,0.0,0.0,0.0,0.0,0.0,0.0,0.0,0.0,0.0,0.0,0.0,0.0,0,-107875648.0,69,0.0,138,0.0,2.012,ERR,ERR,ERR,ERR,ERR,ERR,ERR,ERR,ERR,ERR,ERR,ERR,ERR,ERR,ERR,ERR,ERR,ERR,ERR,ERR,ERR,ERR,ERR,ERR,ERR,ERR,ERR,ERR,ERR,ERR,ERR,ERR,ERR,ERR,ERR,ERR,ERR,ERR,ERR,ERR,ERR,ERR,ERR,ERR,ERR,ERR,ERR,ERR,ERR,ERR,ERR,ERR,ERR,ERR,ERR,ERR,ERR,ERR,ERR,ERR,ERR,ERR,ERR,ERR,ERR,ERR,ERR,60.0,60.0,35,0.0,0.0,0.0,0.0,0.0,0.0,0.0,0.0,0.0,0.0,0.0,0.0,0.0,0.0,0.0,0.0,65.6,0,125,60,38,65476,0,300,0,0,8,20529,65476,0,0,2621,60.0,0.0,0.0,0.0,0.0,0.0
2026-07-09T15:58:24,ERR,ERR,ERR,ERR,ERR,ERR,ERR,ERR,ERR,ERR,ERR,ERR,ERR,ERR,ERR,ERR,ERR,ERR,ERR,ERR,ERR,ERR,ERR,ERR,ERR,ERR,ERR,ERR,ERR,ERR,ERR,ERR,ERR,ERR,ERR,ERR,ERR,ERR,ERR,ERR,ERR,ERR,ERR,ERR,ERR,ERR,ERR,ERR,ERR,ERR,ERR,ERR,ERR,ERR,ERR,ERR,ERR,ERR,ERR,ERR,ERR,ERR,ERR,ERR,ERR,ERR,ERR,ERR,ERR,ERR,ERR,ERR,ERR,ERR,ERR,ERR,ERR,ERR,ERR,ERR,ERR,ERR,ERR,ERR,ERR,ERR,ERR,ERR,ERR,ERR,ERR,ERR,ERR,ERR,ERR,ERR,ERR,ERR,ERR,ERR,ERR,ERR,ERR,ERR,ERR,ERR,ERR,ERR,ERR,ERR,ERR,ERR,ERR,ERR,ERR,ERR,ERR,ERR,ERR,ERR,ERR,ERR,ERR,ERR,ERR,0.0,-0.0,0.0,0.0,-24612.053,-0.0,9717557.0,-8.853328118265742e+33,0,0,4,17308,7116,0.0,100,0.0,0.0,0.0,0.0,0.0,0,0,0,0,0.0,0,0,0,0,0,0,0,0,0,0,0,0,0,0,0,0,0,0,0,0,0,0,0,0,0,0,0,0,0,0,0,0,0,31,40,40,71,65476,0,300,0,0,8,21553,0.0,-107605600.0,0.0,0.0,0.0,0.0,0.0,0.0,0.0,0.0,0.0,0.0,0.0,0.0,0.0,0.0,0.0,0.0,0.0,0.0,0.0,0.0,2.004,0.0,0.0,0.0,0.0,0.0,0.0,0.0,5454.0,0.0,6915.0,0.0,-0.0,2.004,2.004,0.0,0.0,0.0,0.0,69,-152017699864576.0,-0.0,0.0,0.0,0.0,0.0,0.0,0.0,0.0,0,0,0,0.0,0.0,0.0,0.0,0.0,0.0,0.0,0.0,0.0,0.0,0.0,0.0,0.0,0.0,0.0,0.0,0,-107875648.0,69,0.0,138,0.0,2.012,ERR,ERR,ERR,ERR,ERR,ERR,ERR,ERR,ERR,ERR,ERR,ERR,ERR,ERR,ERR,ERR,ERR,ERR,ERR,ERR,ERR,ERR,ERR,ERR,ERR,ERR,ERR,ERR,ERR,ERR,ERR,ERR,ERR,ERR,ERR,ERR,ERR,ERR,ERR,ERR,ERR,ERR,ERR,ERR,ERR,ERR,ERR,ERR,ERR,ERR,ERR,ERR,ERR,ERR,ERR,ERR,ERR,ERR,ERR,ERR,ERR,ERR,ERR,ERR,ERR,ERR,ERR,60.0,60.0,35,0.0,0.0,0.0,0.0,0.0,0.0,0.0,0.0,0.0,0.0,0.0,0.0,0.0,0.0,0.0,0.0,65.6,0,125,60,38,65476,0,300,0,0,8,20529,65476,0,0,2621,60.0,0.0,0.0,0.0,0.0,0.0
2026-07-09T15:58:25,ERR,ERR,ERR,ERR,ERR,ERR,ERR,ERR,ERR,ERR,ERR,ERR,ERR,ERR,ERR,ERR,ERR,ERR,ERR,ERR,ERR,ERR,ERR,ERR,ERR,ERR,ERR,ERR,ERR,ERR,ERR,ERR,ERR,ERR,ERR,ERR,ERR,ERR,ERR,ERR,ERR,ERR,ERR,ERR,ERR,ERR,ERR,ERR,ERR,ERR,ERR,ERR,ERR,ERR,ERR,ERR,ERR,ERR,ERR,ERR,ERR,ERR,ERR,ERR,ERR,ERR,ERR,ERR,ERR,ERR,ERR,ERR,ERR,ERR,ERR,ERR,ERR,ERR,ERR,ERR,ERR,ERR,ERR,ERR,ERR,ERR,ERR,ERR,ERR,ERR,ERR,ERR,ERR,ERR,ERR,ERR,ERR,ERR,ERR,ERR,ERR,ERR,ERR,ERR,ERR,ERR,ERR,ERR,ERR,ERR,ERR,ERR,ERR,ERR,ERR,ERR,ERR,ERR,ERR,ERR,ERR,ERR,ERR,ERR,ERR,0.0,0.0,2.7184188519410157e+23,0.0,0.0,-0.223,5.010093089181789e+20,0.0,0,0,4,17310,7116,0.0,100,0.0,0.0,0.0,0.0,0.0,0,0,0,0,0.0,0,0,0,0,0,0,0,0,0,0,0,0,0,0,0,0,0,0,0,0,0,0,0,0,0,0,0,0,0,0,0,0,0,31,40,40,71,65476,0,300,0,0,8,21553,0.0,-107605600.0,0.0,0.0,0.0,0.0,0.0,0.0,0.0,0.0,0.0,0.0,0.0,0.0,0.0,0.0,0.0,0.0,0.0,0.0,0.0,0.0,2.004,-2.004,0.0,0.0,0.0,0.0,0.0,0.0,5460.0,0.0,6914.0,0.0,0.0,2.004,2.004,0.0,0.0,0.0,0.0,69,0.0,-0.0,0.0,0.0,0.0,0.0,0.0,0.0,0.0,0,0,0,0.0,0.0,0.0,0.0,0.0,0.0,0.0,0.0,0.0,0.0,0.0,0.0,0.0,0.0,0.0,0.0,0,-107875648.0,69,0.0,138,0.0,2.012,ERR,ERR,ERR,ERR,ERR,ERR,ERR,ERR,ERR,ERR,ERR,ERR,ERR,ERR,ERR,ERR,ERR,ERR,ERR,ERR,ERR,ERR,ERR,ERR,ERR,ERR,ERR,ERR,ERR,ERR,ERR,ERR,ERR,ERR,ERR,ERR,ERR,ERR,ERR,ERR,ERR,ERR,ERR,ERR,ERR,ERR,ERR,ERR,ERR,ERR,ERR,ERR,ERR,ERR,ERR,ERR,ERR,ERR,ERR,ERR,ERR,ERR,ERR,ERR,ERR,ERR,ERR,60.0,60.0,35,0.0,0.0,0.0,0.0,0.0,0.0,0.0,0.0,0.0,0.0,0.0,0.0,0.0,0.0,0.0,0.0,65.6,0,125,60,38,65476,0,300,0,0,8,20529,65476,0,0,2621,60.0,0.0,0.0,0.0,0.0,0.0
2026-07-09T15:58:26,ERR,ERR,ERR,ERR,ERR,ERR,ERR,ERR,ERR,ERR,ERR,ERR,ERR,ERR,ERR,ERR,ERR,ERR,ERR,ERR,ERR,ERR,ERR,ERR,ERR,ERR,ERR,ERR,ERR,ERR,ERR,ERR,ERR,ERR,ERR,ERR,ERR,ERR,ERR,ERR,ERR,ERR,ERR,ERR,ERR,ERR,ERR,ERR,ERR,ERR,ERR,ERR,ERR,ERR,ERR,ERR,ERR,ERR,ERR,ERR,ERR,ERR,ERR,ERR,ERR,ERR,ERR,ERR,ERR,ERR,ERR,ERR,ERR,ERR,ERR,ERR,ERR,ERR,ERR,ERR,ERR,ERR,ERR,ERR,ERR,ERR,ERR,ERR,ERR,ERR,ERR,ERR,ERR,ERR,ERR,ERR,ERR,ERR,ERR,ERR,ERR,ERR,ERR,ERR,ERR,ERR,ERR,ERR,ERR,ERR,ERR,ERR,ERR,ERR,ERR,ERR,ERR,ERR,ERR,ERR,ERR,ERR,ERR,ERR,ERR,0.0,0.0,2.7184188519410157e+23,0.0,0.0,-0.223,5.010093089181789e+20,0.0,0,0,4,17310,7116,0.0,100,0.0,0.0,0.0,0.0,0.0,0,0,0,0,0.0,0,0,0,0,0,0,0,0,0,0,0,0,0,0,0,0,0,0,0,0,0,0,0,0,0,0,0,0,0,0,0,0,0,31,40,40,71,65476,0,300,0,0,8,21553,0.0,-107605600.0,0.0,0.0,0.0,0.0,0.0,0.0,0.0,0.0,0.0,0.0,0.0,0.0,0.0,0.0,0.0,0.0,0.0,0.0,0.0,0.0,2.004,-2.004,0.0,0.0,0.0,0.0,0.0,0.0,5460.0,0.0,6914.0,0.0,0.0,2.004,2.004,0.0,0.0,0.0,0.0,69,0.0,-0.0,0.0,0.0,0.0,0.0,0.0,0.0,0.0,0,0,0,0.0,0.0,0.0,0.0,0.0,0.0,0.0,0.0,0.0,0.0,0.0,0.0,0.0,0.0,0.0,0.0,0,-107875648.0,69,0.0,138,0.0,2.012,ERR,ERR,ERR,ERR,ERR,ERR,ERR,ERR,ERR,ERR,ERR,ERR,ERR,ERR,ERR,ERR,ERR,ERR,ERR,ERR,ERR,ERR,ERR,ERR,ERR,ERR,ERR,ERR,ERR,ERR,ERR,ERR,ERR,ERR,ERR,ERR,ERR,ERR,ERR,ERR,ERR,ERR,ERR,ERR,ERR,ERR,ERR,ERR,ERR,ERR,ERR,ERR,ERR,ERR,ERR,ERR,ERR,ERR,ERR,ERR,ERR,ERR,ERR,ERR,ERR,ERR,ERR,60.0,60.0,35,0.0,0.0,0.0,0.0,0.0,0.0,0.0,0.0,0.0,0.0,0.0,0.0,0.0,0.0,0.0,0.0,66.0,0,126,61,38,65476,0,300,0,0,8,20529,65476,0,0,2621,60.0,0.0,0.0,0.0,0.0,0.0
2026-07-09T15:58:27,ERR,ERR,ERR,ERR,ERR,ERR,ERR,ERR,ERR,ERR,ERR,ERR,ERR,ERR,ERR,ERR,ERR,ERR,ERR,ERR,ERR,ERR,ERR,ERR,ERR,ERR,ERR,ERR,ERR,ERR,ERR,ERR,ERR,ERR,ERR,ERR,ERR,ERR,ERR,ERR,ERR,ERR,ERR,ERR,ERR,ERR,ERR,ERR,ERR,ERR,ERR,ERR,ERR,ERR,ERR,ERR,ERR,ERR,ERR,ERR,ERR,ERR,ERR,ERR,ERR,ERR,ERR,ERR,ERR,ERR,ERR,ERR,ERR,ERR,ERR,ERR,ERR,ERR,ERR,ERR,ERR,ERR,ERR,ERR,ERR,ERR,ERR,ERR,ERR,ERR,ERR,ERR,ERR,ERR,ERR,ERR,ERR,ERR,ERR,ERR,ERR,ERR,ERR,ERR,ERR,ERR,ERR,ERR,ERR,ERR,ERR,ERR,ERR,ERR,ERR,ERR,ERR,ERR,ERR,ERR,ERR,ERR,ERR,ERR,ERR,0.0,0.0,2.7184188519410157e+23,0.0,0.0,-0.223,5.010093089181789e+20,0.0,0,0,4,17310,7116,0.0,100,0.0,0.0,0.0,0.0,0.0,0,0,0,0,0.0,0,0,0,0,0,0,0,0,0,0,0,0,0,0,0,0,0,0,0,0,0,0,0,0,0,0,0,0,0,0,0,0,0,31,40,40,71,65476,0,300,0,0,8,21553,0.0,-107605600.0,0.0,0.0,0.0,0.0,0.0,0.0,0.0,0.0,0.0,0.0,0.0,0.0,0.0,0.0,0.0,0.0,0.0,0.0,0.0,0.0,2.004,-2.004,0.0,0.0,0.0,0.0,0.0,0.0,5460.0,0.0,6914.0,0.0,0.0,2.004,2.004,0.0,0.0,0.0,0.0,69,0.0,-0.0,0.0,0.0,0.0,0.0,0.0,0.0,0.0,0,0,0,0.0,0.0,0.0,0.0,0.0,0.0,0.0,0.0,0.0,0.0,0.0,0.0,0.0,0.0,0.0,0.0,0,-107875648.0,69,0.0,138,0.0,2.012,ERR,ERR,ERR,ERR,ERR,ERR,ERR,ERR,ERR,ERR,ERR,ERR,ERR,ERR,ERR,ERR,ERR,ERR,ERR,ERR,ERR,ERR,ERR,ERR,ERR,ERR,ERR,ERR,ERR,ERR,ERR,ERR,ERR,ERR,ERR,ERR,ERR,ERR,ERR,ERR,ERR,ERR,ERR,ERR,ERR,ERR,ERR,ERR,ERR,ERR,ERR,ERR,ERR,ERR,ERR,ERR,ERR,ERR,ERR,ERR,ERR,ERR,ERR,ERR,ERR,ERR,ERR,60.0,60.0,35,0.0,0.0,0.0,0.0,0.0,0.0,0.0,0.0,0.0,0.0,0.0,0.0,0.0,0.0,0.0,0.0,66.0,0,126,61,38,65476,0,300,0,0,8,20529,65476,0,0,2621,60.0,0.0,0.0,0.0,0.0,0.0
2026-07-09T15:58:28,ERR,ERR,ERR,ERR,ERR,ERR,ERR,ERR,ERR,ERR,ERR,ERR,ERR,ERR,ERR,ERR,ERR,ERR,ERR,ERR,ERR,ERR,ERR,ERR,ERR,ERR,ERR,ERR,ERR,ERR,ERR,ERR,ERR,ERR,ERR,ERR,ERR,ERR,ERR,ERR,ERR,ERR,ERR,ERR,ERR,ERR,ERR,ERR,ERR,ERR,ERR,ERR,ERR,ERR,ERR,ERR,ERR,ERR,ERR,ERR,ERR,ERR,ERR,ERR,ERR,ERR,ERR,ERR,ERR,ERR,ERR,ERR,ERR,ERR,ERR,ERR,ERR,ERR,ERR,ERR,ERR,ERR,ERR,ERR,ERR,ERR,ERR,ERR,ERR,ERR,ERR,ERR,ERR,ERR,ERR,ERR,ERR,ERR,ERR,ERR,ERR,ERR,ERR,ERR,ERR,ERR,ERR,ERR,ERR,ERR,ERR,ERR,ERR,ERR,ERR,ERR,ERR,ERR,ERR,ERR,ERR,ERR,ERR,ERR,ERR,0.0,0.0,2.7184188519410157e+23,0.0,0.0,-0.223,5.010093089181789e+20,0.0,0,0,4,17310,7116,0.0,100,0.0,0.0,0.0,0.0,0.0,0,0,0,0,0.0,0,0,0,0,0,0,0,0,0,0,0,0,0,0,0,0,0,0,0,0,0,0,0,0,0,0,0,0,0,0,0,0,0,31,40,40,71,65476,0,300,0,0,8,21553,0.0,-107605600.0,0.0,0.0,0.0,0.0,0.0,0.0,0.0,0.0,0.0,0.0,0.0,0.0,0.0,0.0,0.0,0.0,0.0,0.0,0.0,0.0,2.004,-2.004,0.0,0.0,0.0,0.0,0.0,0.0,5460.0,0.0,6914.0,0.0,0.0,2.004,2.004,0.0,0.0,0.0,0.0,69,0.0,-0.0,0.0,0.0,0.0,0.0,0.0,0.0,0.0,0,0,0,0.0,0.0,0.0,0.0,0.0,0.0,0.0,0.0,0.0,0.0,0.0,0.0,0.0,0.0,0.0,0.0,0,-107875648.0,69,0.0,138,0.0,2.012,ERR,ERR,ERR,ERR,ERR,ERR,ERR,ERR,ERR,ERR,ERR,ERR,ERR,ERR,ERR,ERR,ERR,ERR,ERR,ERR,ERR,ERR,ERR,ERR,ERR,ERR,ERR,ERR,ERR,ERR,ERR,ERR,ERR,ERR,ERR,ERR,ERR,ERR,ERR,ERR,ERR,ERR,ERR,ERR,ERR,ERR,ERR,ERR,ERR,ERR,ERR,ERR,ERR,ERR,ERR,ERR,ERR,ERR,ERR,ERR,ERR,ERR,ERR,ERR,ERR,ERR,ERR,60.0,60.0,35,0.0,0.0,0.0,0.0,0.0,0.0,0.0,0.0,0.0,0.0,0.0,0.0,0.0,0.0,0.0,0.0,65.6,0,125,60,38,65476,0,300,0,0,8,20529,65476,0,0,2621,60.0,0.0,0.0,0.0,0.0,0.0
2026-07-09T15:58:29,ERR,ERR,ERR,ERR,ERR,ERR,ERR,ERR,ERR,ERR,ERR,ERR,ERR,ERR,ERR,ERR,ERR,ERR,ERR,ERR,ERR,ERR,ERR,ERR,ERR,ERR,ERR,ERR,ERR,ERR,ERR,ERR,ERR,ERR,ERR,ERR,ERR,ERR,ERR,ERR,ERR,ERR,ERR,ERR,ERR,ERR,ERR,ERR,ERR,ERR,ERR,ERR,ERR,ERR,ERR,ERR,ERR,ERR,ERR,ERR,ERR,ERR,ERR,ERR,ERR,ERR,ERR,ERR,ERR,ERR,ERR,ERR,ERR,ERR,ERR,ERR,ERR,ERR,ERR,ERR,ERR,ERR,ERR,ERR,ERR,ERR,ERR,ERR,ERR,ERR,ERR,ERR,ERR,ERR,ERR,ERR,ERR,ERR,ERR,ERR,ERR,ERR,ERR,ERR,ERR,ERR,ERR,ERR,ERR,ERR,ERR,ERR,ERR,ERR,ERR,ERR,ERR,ERR,ERR,ERR,ERR,ERR,ERR,ERR,ERR,0.0,0.0,2.7184188519410157e+23,0.0,0.0,-0.223,5.010093089181789e+20,0.0,0,0,4,17310,7116,0.0,100,0.0,0.0,0.0,0.0,0.0,0,0,0,0,0.0,0,0,0,0,0,0,0,0,0,0,0,0,0,0,0,0,0,0,0,0,0,0,0,0,0,0,0,0,0,0,0,0,0,31,40,40,71,65476,0,300,0,0,8,21553,0.0,-107605600.0,0.0,0.0,0.0,0.0,0.0,0.0,0.0,0.0,0.0,0.0,0.0,0.0,0.0,0.0,0.0,0.0,0.0,0.0,0.0,0.0,2.004,-2.004,0.0,0.0,0.0,0.0,0.0,0.0,5460.0,0.0,6914.0,0.0,0.0,2.004,2.004,0.0,0.0,0.0,0.0,69,0.0,-0.0,0.0,0.0,0.0,0.0,0.0,0.0,0.0,0,0,0,0.0,0.0,0.0,0.0,0.0,0.0,0.0,0.0,0.0,0.0,0.0,0.0,0.0,0.0,0.0,0.0,0,-107875648.0,69,0.0,138,0.0,2.012,ERR,ERR,ERR,ERR,ERR,ERR,ERR,ERR,ERR,ERR,ERR,ERR,ERR,ERR,ERR,ERR,ERR,ERR,ERR,ERR,ERR,ERR,ERR,ERR,ERR,ERR,ERR,ERR,ERR,ERR,ERR,ERR,ERR,ERR,ERR,ERR,ERR,ERR,ERR,ERR,ERR,ERR,ERR,ERR,ERR,ERR,ERR,ERR,ERR,ERR,ERR,ERR,ERR,ERR,ERR,ERR,ERR,ERR,ERR,ERR,ERR,ERR,ERR,ERR,ERR,ERR,ERR,60.0,60.0,35,0.0,0.0,0.0,0.0,0.0,0.0,0.0,0.0,0.0,0.0,0.0,0.0,0.0,0.0,0.0,0.0,65.6,0,125,60,38,65476,0,300,0,0,8,20529,65476,0,0,2621,60.0,0.0,0.0,0.0,0.0,0.0
2026-07-09T15:58:30,ERR,ERR,ERR,ERR,ERR,ERR,ERR,ERR,ERR,ERR,ERR,ERR,ERR,ERR,ERR,ERR,ERR,ERR,ERR,ERR,ERR,ERR,ERR,ERR,ERR,ERR,ERR,ERR,ERR,ERR,ERR,ERR,ERR,ERR,ERR,ERR,ERR,ERR,ERR,ERR,ERR,ERR,ERR,ERR,ERR,ERR,ERR,ERR,ERR,ERR,ERR,ERR,ERR,ERR,ERR,ERR,ERR,ERR,ERR,ERR,ERR,ERR,ERR,ERR,ERR,ERR,ERR,ERR,ERR,ERR,ERR,ERR,ERR,ERR,ERR,ERR,ERR,ERR,ERR,ERR,ERR,ERR,ERR,ERR,ERR,ERR,ERR,ERR,ERR,ERR,ERR,ERR,ERR,ERR,ERR,ERR,ERR,ERR,ERR,ERR,ERR,ERR,ERR,ERR,ERR,ERR,ERR,ERR,ERR,ERR,ERR,ERR,ERR,ERR,ERR,ERR,ERR,ERR,ERR,ERR,ERR,ERR,ERR,ERR,ERR,0.0,-0.0,0.0,0.0,1050883.25,-234476642762752.0,1.6254135694141503e+33,-0.0,0,0,4,17309,7116,0.0,100,0.0,0.0,0.0,0.0,0.0,0,0,0,0,0.0,0,0,0,0,0,0,0,0,0,0,0,0,0,0,0,0,0,0,0,0,0,0,0,0,0,0,0,0,0,0,0,0,0,31,40,40,71,65476,0,300,0,0,8,21553,0.0,-107605600.0,0.0,0.0,0.0,0.0,0.0,0.0,0.0,0.0,0.0,0.0,0.0,0.0,0.0,0.0,0.0,0.0,0.0,0.0,0.0,0.0,2.004,2.004,0.0,0.0,0.0,0.0,0.0,0.0,5470.0,2.004,6920.0,0.0,2.7184447926748693e+23,2.004,2.004,0.0,0.0,0.0,0.0,69,5.848065982820518e+35,-3.222009039136753e+26,0.0,0.0,0.0,0.0,0.0,0.0,0.0,0,0,0,0.0,0.0,0.0,0.0,0.0,0.0,0.0,0.0,0.0,0.0,0.0,0.0,0.0,0.0,0.0,0.0,0,-107875648.0,69,0.0,138,0.0,2.012,ERR,ERR,ERR,ERR,ERR,ERR,ERR,ERR,ERR,ERR,ERR,ERR,ERR,ERR,ERR,ERR,ERR,ERR,ERR,ERR,ERR,ERR,ERR,ERR,ERR,ERR,ERR,ERR,ERR,ERR,ERR,ERR,ERR,ERR,ERR,ERR,ERR,ERR,ERR,ERR,ERR,ERR,ERR,ERR,ERR,ERR,ERR,ERR,ERR,ERR,ERR,ERR,ERR,ERR,ERR,ERR,ERR,ERR,ERR,ERR,ERR,ERR,ERR,ERR,ERR,ERR,ERR,60.0,60.0,35,0.0,0.0,0.0,0.0,0.0,0.0,0.0,0.0,0.0,0.0,0.0,0.0,0.0,0.0,0.0,0.0,65.6,0,125,60,38,65476,0,300,0,0,8,20529,65476,0,0,2621,60.0,0.0,0.0,0.0,0.0,0.0
2026-07-09T15:58:31,ERR,ERR,ERR,ERR,ERR,ERR,ERR,ERR,ERR,ERR,ERR,ERR,ERR,ERR,ERR,ERR,ERR,ERR,ERR,ERR,ERR,ERR,ERR,ERR,ERR,ERR,ERR,ERR,ERR,ERR,ERR,ERR,ERR,ERR,ERR,ERR,ERR,ERR,ERR,ERR,ERR,ERR,ERR,ERR,ERR,ERR,ERR,ERR,ERR,ERR,ERR,ERR,ERR,ERR,ERR,ERR,ERR,ERR,ERR,ERR,ERR,ERR,ERR,ERR,ERR,ERR,ERR,ERR,ERR,ERR,ERR,ERR,ERR,ERR,ERR,ERR,ERR,ERR,ERR,ERR,ERR,ERR,ERR,ERR,ERR,ERR,ERR,ERR,ERR,ERR,ERR,ERR,ERR,ERR,ERR,ERR,ERR,ERR,ERR,ERR,ERR,ERR,ERR,ERR,ERR,ERR,ERR,ERR,ERR,ERR,ERR,ERR,ERR,ERR,ERR,ERR,ERR,ERR,ERR,ERR,ERR,ERR,ERR,ERR,ERR,0.0,-0.0,0.0,0.0,1050883.25,-234476642762752.0,1.6254135694141503e+33,-0.0,0,0,4,17309,7116,0.0,100,0.0,0.0,0.0,0.0,0.0,0,0,0,0,0.0,0,0,0,0,0,0,0,0,0,0,0,0,0,0,0,0,0,0,0,0,0,0,0,0,0,0,0,0,0,0,0,0,0,31,40,40,71,65476,0,300,0,0,8,21553,0.0,-107605600.0,0.0,0.0,0.0,0.0,0.0,0.0,0.0,0.0,0.0,0.0,0.0,0.0,0.0,0.0,0.0,0.0,0.0,0.0,0.0,0.0,2.004,2.004,0.0,0.0,0.0,0.0,0.0,0.0,5470.0,2.004,6920.0,0.0,2.7184447926748693e+23,2.004,2.004,0.0,0.0,0.0,0.0,69,5.848065982820518e+35,-3.222009039136753e+26,0.0,0.0,0.0,0.0,0.0,0.0,0.0,0,0,0,0.0,0.0,0.0,0.0,0.0,0.0,0.0,0.0,0.0,0.0,0.0,0.0,0.0,0.0,0.0,0.0,0,-107875648.0,69,0.0,138,0.0,2.012,ERR,ERR,ERR,ERR,ERR,ERR,ERR,ERR,ERR,ERR,ERR,ERR,ERR,ERR,ERR,ERR,ERR,ERR,ERR,ERR,ERR,ERR,ERR,ERR,ERR,ERR,ERR,ERR,ERR,ERR,ERR,ERR,ERR,ERR,ERR,ERR,ERR,ERR,ERR,ERR,ERR,ERR,ERR,ERR,ERR,ERR,ERR,ERR,ERR,ERR,ERR,ERR,ERR,ERR,ERR,ERR,ERR,ERR,ERR,ERR,ERR,ERR,ERR,ERR,ERR,ERR,ERR,60.0,60.0,35,0.0,0.0,0.0,0.0,0.0,0.0,0.0,0.0,0.0,0.0,0.0,0.0,0.0,0.0,0.0,0.0,66.0,0,125,60,38,65476,0,300,0,0,8,20529,65476,0,0,2621,60.0,0.0,0.0,0.0,0.0,0.0
2026-07-09T15:58:32,ERR,ERR,ERR,ERR,ERR,ERR,ERR,ERR,ERR,ERR,ERR,ERR,ERR,ERR,ERR,ERR,ERR,ERR,ERR,ERR,ERR,ERR,ERR,ERR,ERR,ERR,ERR,ERR,ERR,ERR,ERR,ERR,ERR,ERR,ERR,ERR,ERR,ERR,ERR,ERR,ERR,ERR,ERR,ERR,ERR,ERR,ERR,ERR,ERR,ERR,ERR,ERR,ERR,ERR,ERR,ERR,ERR,ERR,ERR,ERR,ERR,ERR,ERR,ERR,ERR,ERR,ERR,ERR,ERR,ERR,ERR,ERR,ERR,ERR,ERR,ERR,ERR,ERR,ERR,ERR,ERR,ERR,ERR,ERR,ERR,ERR,ERR,ERR,ERR,ERR,ERR,ERR,ERR,ERR,ERR,ERR,ERR,ERR,ERR,ERR,ERR,ERR,ERR,ERR,ERR,ERR,ERR,ERR,ERR,ERR,ERR,ERR,ERR,ERR,ERR,ERR,ERR,ERR,ERR,ERR,ERR,ERR,ERR,ERR,ERR,0.0,-0.0,0.0,0.0,1050883.25,-234476642762752.0,1.6254135694141503e+33,-0.0,0,0,4,17309,7116,0.0,100,0.0,0.0,0.0,0.0,0.0,0,0,0,0,0.0,0,0,0,0,0,0,0,0,0,0,0,0,0,0,0,0,0,0,0,0,0,0,0,0,0,0,0,0,0,0,0,0,0,31,40,40,71,65476,0,300,0,0,8,21553,0.0,-107605600.0,0.0,0.0,0.0,0.0,0.0,0.0,0.0,0.0,0.0,0.0,0.0,0.0,0.0,0.0,0.0,0.0,0.0,0.0,0.0,0.0,2.004,2.004,0.0,0.0,0.0,0.0,0.0,0.0,5470.0,2.004,6920.0,0.0,2.7184447926748693e+23,2.004,2.004,0.0,0.0,0.0,0.0,69,5.848065982820518e+35,-3.222009039136753e+26,0.0,0.0,0.0,0.0,0.0,0.0,0.0,0,0,0,0.0,0.0,0.0,0.0,0.0,0.0,0.0,0.0,0.0,0.0,0.0,0.0,0.0,0.0,0.0,0.0,0,-107875648.0,69,0.0,138,0.0,2.012,ERR,ERR,ERR,ERR,ERR,ERR,ERR,ERR,ERR,ERR,ERR,ERR,ERR,ERR,ERR,ERR,ERR,ERR,ERR,ERR,ERR,ERR,ERR,ERR,ERR,ERR,ERR,ERR,ERR,ERR,ERR,ERR,ERR,ERR,ERR,ERR,ERR,ERR,ERR,ERR,ERR,ERR,ERR,ERR,ERR,ERR,ERR,ERR,ERR,ERR,ERR,ERR,ERR,ERR,ERR,ERR,ERR,ERR,ERR,ERR,ERR,ERR,ERR,ERR,ERR,ERR,ERR,60.0,60.0,35,0.0,0.0,0.0,0.0,0.0,0.0,0.0,0.0,0.0,0.0,0.0,0.0,0.0,0.0,0.0,0.0,66.0,0,125,60,38,65476,0,300,0,0,8,20529,65476,0,0,2621,60.0,0.0,0.0,0.0,0.0,0.0
2026-07-09T15:58:33,ERR,ERR,ERR,ERR,ERR,ERR,ERR,ERR,ERR,ERR,ERR,ERR,ERR,ERR,ERR,ERR,ERR,ERR,ERR,ERR,ERR,ERR,ERR,ERR,ERR,ERR,ERR,ERR,ERR,ERR,ERR,ERR,ERR,ERR,ERR,ERR,ERR,ERR,ERR,ERR,ERR,ERR,ERR,ERR,ERR,ERR,ERR,ERR,ERR,ERR,ERR,ERR,ERR,ERR,ERR,ERR,ERR,ERR,ERR,ERR,ERR,ERR,ERR,ERR,ERR,ERR,ERR,ERR,ERR,ERR,ERR,ERR,ERR,ERR,ERR,ERR,ERR,ERR,ERR,ERR,ERR,ERR,ERR,ERR,ERR,ERR,ERR,ERR,ERR,ERR,ERR,ERR,ERR,ERR,ERR,ERR,ERR,ERR,ERR,ERR,ERR,ERR,ERR,ERR,ERR,ERR,ERR,ERR,ERR,ERR,ERR,ERR,ERR,ERR,ERR,ERR,ERR,ERR,ERR,ERR,ERR,ERR,ERR,ERR,ERR,0.0,-0.0,0.0,0.0,1050883.25,-234476642762752.0,1.6254135694141503e+33,-0.0,0,0,4,17309,7116,0.0,100,0.0,0.0,0.0,0.0,0.0,0,0,0,0,0.0,0,0,0,0,0,0,0,0,0,0,0,0,0,0,0,0,0,0,0,0,0,0,0,0,0,0,0,0,0,0,0,0,0,31,40,40,71,65476,0,300,0,0,8,21553,0.0,-107605600.0,0.0,0.0,0.0,0.0,0.0,0.0,0.0,0.0,0.0,0.0,0.0,0.0,0.0,0.0,0.0,0.0,0.0,0.0,0.0,0.0,2.004,2.004,0.0,0.0,0.0,0.0,0.0,0.0,5470.0,2.004,6920.0,0.0,2.7184447926748693e+23,2.004,2.004,0.0,0.0,0.0,0.0,69,5.848065982820518e+35,-3.222009039136753e+26,0.0,0.0,0.0,0.0,0.0,0.0,0.0,0,0,0,0.0,0.0,0.0,0.0,0.0,0.0,0.0,0.0,0.0,0.0,0.0,0.0,0.0,0.0,0.0,0.0,0,-107875648.0,69,0.0,138,0.0,2.012,ERR,ERR,ERR,ERR,ERR,ERR,ERR,ERR,ERR,ERR,ERR,ERR,ERR,ERR,ERR,ERR,ERR,ERR,ERR,ERR,ERR,ERR,ERR,ERR,ERR,ERR,ERR,ERR,ERR,ERR,ERR,ERR,ERR,ERR,ERR,ERR,ERR,ERR,ERR,ERR,ERR,ERR,ERR,ERR,ERR,ERR,ERR,ERR,ERR,ERR,ERR,ERR,ERR,ERR,ERR,ERR,ERR,ERR,ERR,ERR,ERR,ERR,ERR,ERR,ERR,ERR,ERR,60.0,60.0,35,0.0,0.0,0.0,0.0,0.0,0.0,0.0,0.0,0.0,0.0,0.0,0.0,0.0,0.0,0.0,0.0,66.0,0,125,60,38,65476,0,300,0,0,8,20529,65476,0,0,2621,60.0,0.0,0.0,0.0,0.0,0.0
2026-07-09T15:58:34,ERR,ERR,ERR,ERR,ERR,ERR,ERR,ERR,ERR,ERR,ERR,ERR,ERR,ERR,ERR,ERR,ERR,ERR,ERR,ERR,ERR,ERR,ERR,ERR,ERR,ERR,ERR,ERR,ERR,ERR,ERR,ERR,ERR,ERR,ERR,ERR,ERR,ERR,ERR,ERR,ERR,ERR,ERR,ERR,ERR,ERR,ERR,ERR,ERR,ERR,ERR,ERR,ERR,ERR,ERR,ERR,ERR,ERR,ERR,ERR,ERR,ERR,ERR,ERR,ERR,ERR,ERR,ERR,ERR,ERR,ERR,ERR,ERR,ERR,ERR,ERR,ERR,ERR,ERR,ERR,ERR,ERR,ERR,ERR,ERR,ERR,ERR,ERR,ERR,ERR,ERR,ERR,ERR,ERR,ERR,ERR,ERR,ERR,ERR,ERR,ERR,ERR,ERR,ERR,ERR,ERR,ERR,ERR,ERR,ERR,ERR,ERR,ERR,ERR,ERR,ERR,ERR,ERR,ERR,ERR,ERR,ERR,ERR,ERR,ERR,0.0,-0.0,0.0,0.0,1050883.25,-234476642762752.0,1.6254135694141503e+33,-0.0,0,0,4,17309,7116,0.0,100,0.0,0.0,0.0,0.0,0.0,0,0,0,0,0.0,0,0,0,0,0,0,0,0,0,0,0,0,0,0,0,0,0,0,0,0,0,0,0,0,0,0,0,0,0,0,0,0,0,31,40,40,71,65476,0,300,0,0,8,21553,0.0,-107605600.0,0.0,0.0,0.0,0.0,0.0,0.0,0.0,0.0,0.0,0.0,0.0,0.0,0.0,0.0,0.0,0.0,0.0,0.0,0.0,0.0,2.004,2.004,0.0,0.0,0.0,0.0,0.0,0.0,5470.0,2.004,6920.0,0.0,2.7184447926748693e+23,2.004,2.004,0.0,0.0,0.0,0.0,69,5.848065982820518e+35,-3.222009039136753e+26,0.0,0.0,0.0,0.0,0.0,0.0,0.0,0,0,0,0.0,0.0,0.0,0.0,0.0,0.0,0.0,0.0,0.0,0.0,0.0,0.0,0.0,0.0,0.0,0.0,0,-107875648.0,69,0.0,138,0.0,2.012,ERR,ERR,ERR,ERR,ERR,ERR,ERR,ERR,ERR,ERR,ERR,ERR,ERR,ERR,ERR,ERR,ERR,ERR,ERR,ERR,ERR,ERR,ERR,ERR,ERR,ERR,ERR,ERR,ERR,ERR,ERR,ERR,ERR,ERR,ERR,ERR,ERR,ERR,ERR,ERR,ERR,ERR,ERR,ERR,ERR,ERR,ERR,ERR,ERR,ERR,ERR,ERR,ERR,ERR,ERR,ERR,ERR,ERR,ERR,ERR,ERR,ERR,ERR,ERR,ERR,ERR,ERR,60.0,60.0,35,0.0,0.0,0.0,0.0,0.0,0.0,0.0,0.0,0.0,0.0,0.0,0.0,0.0,0.0,0.0,0.0,66.0,0,125,60,38,65476,0,300,0,0,8,20529,65476,0,0,2621,60.0,0.0,0.0,0.0,0.0,0.0
2026-07-09T15:58:35,ERR,ERR,ERR,ERR,ERR,ERR,ERR,ERR,ERR,ERR,ERR,ERR,ERR,ERR,ERR,ERR,ERR,ERR,ERR,ERR,ERR,ERR,ERR,ERR,ERR,ERR,ERR,ERR,ERR,ERR,ERR,ERR,ERR,ERR,ERR,ERR,ERR,ERR,ERR,ERR,ERR,ERR,ERR,ERR,ERR,ERR,ERR,ERR,ERR,ERR,ERR,ERR,ERR,ERR,ERR,ERR,ERR,ERR,ERR,ERR,ERR,ERR,ERR,ERR,ERR,ERR,ERR,ERR,ERR,ERR,ERR,ERR,ERR,ERR,ERR,ERR,ERR,ERR,ERR,ERR,ERR,ERR,ERR,ERR,ERR,ERR,ERR,ERR,ERR,ERR,ERR,ERR,ERR,ERR,ERR,ERR,ERR,ERR,ERR,ERR,ERR,ERR,ERR,ERR,ERR,ERR,ERR,ERR,ERR,ERR,ERR,ERR,ERR,ERR,ERR,ERR,ERR,ERR,ERR,ERR,ERR,ERR,ERR,ERR,ERR,0.0,-107615992.0,-0.0,0.0,0.0,0.0,-0.007,-0.0,0,0,4,17310,7116,0.0,100,0.0,0.0,0.0,0.0,0.0,0,0,0,0,0.0,0,0,0,0,0,0,0,0,0,0,0,0,0,0,0,0,0,0,0,0,0,0,0,0,0,0,0,0,0,0,0,0,0,31,40,40,71,65476,0,300,0,0,8,21553,0.0,-107605600.0,0.0,0.0,0.0,0.0,0.0,0.0,0.0,0.0,0.0,0.0,0.0,0.0,-2.596148429267414e+33,0.0,0.0,0.0,0.0,0.0,0.0,0.0,2.004,-2.004,0.0,0.0,0.0,0.0,0.0,0.0,5447.0,131350.656,6921.0,0.0,-0.0,2.004,2.004,0.0,0.0,0.0,0.0,69,-152017716641792.0,-4.950408094504864e+32,0.0,0.0,0.0,0.0,0.0,0.0,0.0,0,0,0,0.0,0.0,0.0,0.0,0.0,0.0,0.0,0.0,0.0,0.0,0.0,0.0,0.0,0.0,0.0,0.0,0,-107875648.0,69,0.0,138,0.0,2.012,ERR,ERR,ERR,ERR,ERR,ERR,ERR,ERR,ERR,ERR,ERR,ERR,ERR,ERR,ERR,ERR,ERR,ERR,ERR,ERR,ERR,ERR,ERR,ERR,ERR,ERR,ERR,ERR,ERR,ERR,ERR,ERR,ERR,ERR,ERR,ERR,ERR,ERR,ERR,ERR,ERR,ERR,ERR,ERR,ERR,ERR,ERR,ERR,ERR,ERR,ERR,ERR,ERR,ERR,ERR,ERR,ERR,ERR,ERR,ERR,ERR,ERR,ERR,ERR,ERR,ERR,ERR,60.0,60.0,35,0.0,0.0,0.0,0.0,0.0,0.0,0.0,0.0,0.0,0.0,0.0,0.0,0.0,0.0,0.0,0.0,65.6,0,126,61,38,65476,0,300,0,0,8,20529,65476,0,0,2621,60.0,0.0,0.0,0.0,0.0,0.0
2026-07-09T15:58:36,ERR,ERR,ERR,ERR,ERR,ERR,ERR,ERR,ERR,ERR,ERR,ERR,ERR,ERR,ERR,ERR,ERR,ERR,ERR,ERR,ERR,ERR,ERR,ERR,ERR,ERR,ERR,ERR,ERR,ERR,ERR,ERR,ERR,ERR,ERR,ERR,ERR,ERR,ERR,ERR,ERR,ERR,ERR,ERR,ERR,ERR,ERR,ERR,ERR,ERR,ERR,ERR,ERR,ERR,ERR,ERR,ERR,ERR,ERR,ERR,ERR,ERR,ERR,ERR,ERR,ERR,ERR,ERR,ERR,ERR,ERR,ERR,ERR,ERR,ERR,ERR,ERR,ERR,ERR,ERR,ERR,ERR,ERR,ERR,ERR,ERR,ERR,ERR,ERR,ERR,ERR,ERR,ERR,ERR,ERR,ERR,ERR,ERR,ERR,ERR,ERR,ERR,ERR,ERR,ERR,ERR,ERR,ERR,ERR,ERR,ERR,ERR,ERR,ERR,ERR,ERR,ERR,ERR,ERR,ERR,ERR,ERR,ERR,ERR,ERR,0.0,-107615992.0,-0.0,0.0,0.0,0.0,-0.007,-0.0,0,0,4,17310,7116,0.0,100,0.0,0.0,0.0,0.0,0.0,0,0,0,0,0.0,0,0,0,0,0,0,0,0,0,0,0,0,0,0,0,0,0,0,0,0,0,0,0,0,0,0,0,0,0,0,0,0,0,31,40,40,71,65476,0,300,0,0,8,21553,0.0,-107605600.0,0.0,0.0,0.0,0.0,0.0,0.0,0.0,0.0,0.0,0.0,0.0,0.0,-2.596148429267414e+33,0.0,0.0,0.0,0.0,0.0,0.0,0.0,2.004,-2.004,0.0,0.0,0.0,0.0,0.0,0.0,5447.0,131350.656,6921.0,0.0,-0.0,2.004,2.004,0.0,0.0,0.0,0.0,69,-152017716641792.0,-4.950408094504864e+32,0.0,0.0,0.0,0.0,0.0,0.0,0.0,0,0,0,0.0,0.0,0.0,0.0,0.0,0.0,0.0,0.0,0.0,0.0,0.0,0.0,0.0,0.0,0.0,0.0,0,-107875648.0,69,0.0,138,0.0,2.012,ERR,ERR,ERR,ERR,ERR,ERR,ERR,ERR,ERR,ERR,ERR,ERR,ERR,ERR,ERR,ERR,ERR,ERR,ERR,ERR,ERR,ERR,ERR,ERR,ERR,ERR,ERR,ERR,ERR,ERR,ERR,ERR,ERR,ERR,ERR,ERR,ERR,ERR,ERR,ERR,ERR,ERR,ERR,ERR,ERR,ERR,ERR,ERR,ERR,ERR,ERR,ERR,ERR,ERR,ERR,ERR,ERR,ERR,ERR,ERR,ERR,ERR,ERR,ERR,ERR,ERR,ERR,60.0,60.0,35,0.0,0.0,0.0,0.0,0.0,0.0,0.0,0.0,0.0,0.0,0.0,0.0,0.0,0.0,0.0,0.0,65.6,0,126,61,38,65476,0,300,0,0,8,20529,65476,0,0,2621,60.0,0.0,0.0,0.0,0.0,0.0
2026-07-09T15:58:37,ERR,ERR,ERR,ERR,ERR,ERR,ERR,ERR,ERR,ERR,ERR,ERR,ERR,ERR,ERR,ERR,ERR,ERR,ERR,ERR,ERR,ERR,ERR,ERR,ERR,ERR,ERR,ERR,ERR,ERR,ERR,ERR,ERR,ERR,ERR,ERR,ERR,ERR,ERR,ERR,ERR,ERR,ERR,ERR,ERR,ERR,ERR,ERR,ERR,ERR,ERR,ERR,ERR,ERR,ERR,ERR,ERR,ERR,ERR,ERR,ERR,ERR,ERR,ERR,ERR,ERR,ERR,ERR,ERR,ERR,ERR,ERR,ERR,ERR,ERR,ERR,ERR,ERR,ERR,ERR,ERR,ERR,ERR,ERR,ERR,ERR,ERR,ERR,ERR,ERR,ERR,ERR,ERR,ERR,ERR,ERR,ERR,ERR,ERR,ERR,ERR,ERR,ERR,ERR,ERR,ERR,ERR,ERR,ERR,ERR,ERR,ERR,ERR,ERR,ERR,ERR,ERR,ERR,ERR,ERR,ERR,ERR,ERR,ERR,ERR,0.0,-107615992.0,-0.0,0.0,0.0,0.0,-0.007,-0.0,0,0,4,17310,7116,0.0,100,0.0,0.0,0.0,0.0,0.0,0,0,0,0,0.0,0,0,0,0,0,0,0,0,0,0,0,0,0,0,0,0,0,0,0,0,0,0,0,0,0,0,0,0,0,0,0,0,0,31,40,40,71,65476,0,300,0,0,8,21553,0.0,-107605600.0,0.0,0.0,0.0,0.0,0.0,0.0,0.0,0.0,0.0,0.0,0.0,0.0,-2.596148429267414e+33,0.0,0.0,0.0,0.0,0.0,0.0,0.0,2.004,-2.004,0.0,0.0,0.0,0.0,0.0,0.0,5447.0,131350.656,6921.0,0.0,-0.0,2.004,2.004,0.0,0.0,0.0,0.0,69,-152017716641792.0,-4.950408094504864e+32,0.0,0.0,0.0,0.0,0.0,0.0,0.0,0,0,0,0.0,0.0,0.0,0.0,0.0,0.0,0.0,0.0,0.0,0.0,0.0,0.0,0.0,0.0,0.0,0.0,0,-107875648.0,69,0.0,138,0.0,2.012,ERR,ERR,ERR,ERR,ERR,ERR,ERR,ERR,ERR,ERR,ERR,ERR,ERR,ERR,ERR,ERR,ERR,ERR,ERR,ERR,ERR,ERR,ERR,ERR,ERR,ERR,ERR,ERR,ERR,ERR,ERR,ERR,ERR,ERR,ERR,ERR,ERR,ERR,ERR,ERR,ERR,ERR,ERR,ERR,ERR,ERR,ERR,ERR,ERR,ERR,ERR,ERR,ERR,ERR,ERR,ERR,ERR,ERR,ERR,ERR,ERR,ERR,ERR,ERR,ERR,ERR,ERR,60.0,60.0,35,0.0,0.0,0.0,0.0,0.0,0.0,0.0,0.0,0.0,0.0,0.0,0.0,0.0,0.0,0.0,0.0,65.6,0,126,61,38,65476,0,300,0,0,8,20529,65476,0,0,2621,60.0,0.0,0.0,0.0,0.0,0.0
2026-07-09T15:58:38,ERR,ERR,ERR,ERR,ERR,ERR,ERR,ERR,ERR,ERR,ERR,ERR,ERR,ERR,ERR,ERR,ERR,ERR,ERR,ERR,ERR,ERR,ERR,ERR,ERR,ERR,ERR,ERR,ERR,ERR,ERR,ERR,ERR,ERR,ERR,ERR,ERR,ERR,ERR,ERR,ERR,ERR,ERR,ERR,ERR,ERR,ERR,ERR,ERR,ERR,ERR,ERR,ERR,ERR,ERR,ERR,ERR,ERR,ERR,ERR,ERR,ERR,ERR,ERR,ERR,ERR,ERR,ERR,ERR,ERR,ERR,ERR,ERR,ERR,ERR,ERR,ERR,ERR,ERR,ERR,ERR,ERR,ERR,ERR,ERR,ERR,ERR,ERR,ERR,ERR,ERR,ERR,ERR,ERR,ERR,ERR,ERR,ERR,ERR,ERR,ERR,ERR,ERR,ERR,ERR,ERR,ERR,ERR,ERR,ERR,ERR,ERR,ERR,ERR,ERR,ERR,ERR,ERR,ERR,ERR,ERR,ERR,ERR,ERR,ERR,0.0,-107615992.0,-0.0,0.0,0.0,0.0,-0.007,-0.0,0,0,4,17310,7116,0.0,100,0.0,0.0,0.0,0.0,0.0,0,0,0,0,0.0,0,0,0,0,0,0,0,0,0,0,0,0,0,0,0,0,0,0,0,0,0,0,0,0,0,0,0,0,0,0,0,0,0,31,40,40,71,65476,0,300,0,0,8,21553,0.0,-107605600.0,0.0,0.0,0.0,0.0,0.0,0.0,0.0,0.0,0.0,0.0,0.0,0.0,-2.596148429267414e+33,0.0,0.0,0.0,0.0,0.0,0.0,0.0,2.004,-2.004,0.0,0.0,0.0,0.0,0.0,0.0,5447.0,131350.656,6921.0,0.0,-0.0,2.004,2.004,0.0,0.0,0.0,0.0,69,-152017716641792.0,-4.950408094504864e+32,0.0,0.0,0.0,0.0,0.0,0.0,0.0,0,0,0,0.0,0.0,0.0,0.0,0.0,0.0,0.0,0.0,0.0,0.0,0.0,0.0,0.0,0.0,0.0,0.0,0,-107875648.0,69,0.0,138,0.0,2.012,ERR,ERR,ERR,ERR,ERR,ERR,ERR,ERR,ERR,ERR,ERR,ERR,ERR,ERR,ERR,ERR,ERR,ERR,ERR,ERR,ERR,ERR,ERR,ERR,ERR,ERR,ERR,ERR,ERR,ERR,ERR,ERR,ERR,ERR,ERR,ERR,ERR,ERR,ERR,ERR,ERR,ERR,ERR,ERR,ERR,ERR,ERR,ERR,ERR,ERR,ERR,ERR,ERR,ERR,ERR,ERR,ERR,ERR,ERR,ERR,ERR,ERR,ERR,ERR,ERR,ERR,ERR,60.0,60.0,35,0.0,0.0,0.0,0.0,0.0,0.0,0.0,0.0,0.0,0.0,0.0,0.0,0.0,0.0,0.0,0.0,65.6,0,126,61,38,65476,0,300,0,0,8,20529,65476,0,0,2621,60.0,0.0,0.0,0.0,0.0,0.0
2026-07-09T15:58:39,ERR,ERR,ERR,ERR,ERR,ERR,ERR,ERR,ERR,ERR,ERR,ERR,ERR,ERR,ERR,ERR,ERR,ERR,ERR,ERR,ERR,ERR,ERR,ERR,ERR,ERR,ERR,ERR,ERR,ERR,ERR,ERR,ERR,ERR,ERR,ERR,ERR,ERR,ERR,ERR,ERR,ERR,ERR,ERR,ERR,ERR,ERR,ERR,ERR,ERR,ERR,ERR,ERR,ERR,ERR,ERR,ERR,ERR,ERR,ERR,ERR,ERR,ERR,ERR,ERR,ERR,ERR,ERR,ERR,ERR,ERR,ERR,ERR,ERR,ERR,ERR,ERR,ERR,ERR,ERR,ERR,ERR,ERR,ERR,ERR,ERR,ERR,ERR,ERR,ERR,ERR,ERR,ERR,ERR,ERR,ERR,ERR,ERR,ERR,ERR,ERR,ERR,ERR,ERR,ERR,ERR,ERR,ERR,ERR,ERR,ERR,ERR,ERR,ERR,ERR,ERR,ERR,ERR,ERR,ERR,ERR,ERR,ERR,ERR,ERR,0.0,-107615992.0,-0.0,0.0,0.0,0.0,-0.007,-0.0,0,0,4,17310,7116,0.0,100,0.0,0.0,0.0,0.0,0.0,0,0,0,0,0.0,0,0,0,0,0,0,0,0,0,0,0,0,0,0,0,0,0,0,0,0,0,0,0,0,0,0,0,0,0,0,0,0,0,31,40,40,71,65476,0,300,0,0,8,21553,0.0,-107605600.0,0.0,0.0,0.0,0.0,0.0,0.0,0.0,0.0,0.0,0.0,0.0,0.0,-2.596148429267414e+33,0.0,0.0,0.0,0.0,0.0,0.0,0.0,2.004,-2.004,0.0,0.0,0.0,0.0,0.0,0.0,5447.0,131350.656,6921.0,0.0,-0.0,2.004,2.004,0.0,0.0,0.0,0.0,69,-152017716641792.0,-4.950408094504864e+32,0.0,0.0,0.0,0.0,0.0,0.0,0.0,0,0,0,0.0,0.0,0.0,0.0,0.0,0.0,0.0,0.0,0.0,0.0,0.0,0.0,0.0,0.0,0.0,0.0,0,-107875648.0,69,0.0,138,0.0,2.012,ERR,ERR,ERR,ERR,ERR,ERR,ERR,ERR,ERR,ERR,ERR,ERR,ERR,ERR,ERR,ERR,ERR,ERR,ERR,ERR,ERR,ERR,ERR,ERR,ERR,ERR,ERR,ERR,ERR,ERR,ERR,ERR,ERR,ERR,ERR,ERR,ERR,ERR,ERR,ERR,ERR,ERR,ERR,ERR,ERR,ERR,ERR,ERR,ERR,ERR,ERR,ERR,ERR,ERR,ERR,ERR,ERR,ERR,ERR,ERR,ERR,ERR,ERR,ERR,ERR,ERR,ERR,60.0,60.0,35,0.0,0.0,0.0,0.0,0.0,0.0,0.0,0.0,0.0,0.0,0.0,0.0,0.0,0.0,0.0,0.0,65.6,0,126,61,38,65476,0,300,0,0,8,20529,65476,0,0,2621,60.0,0.0,0.0,0.0,0.0,0.0
2026-07-09T15:58:40,ERR,ERR,ERR,ERR,ERR,ERR,ERR,ERR,ERR,ERR,ERR,ERR,ERR,ERR,ERR,ERR,ERR,ERR,ERR,ERR,ERR,ERR,ERR,ERR,ERR,ERR,ERR,ERR,ERR,ERR,ERR,ERR,ERR,ERR,ERR,ERR,ERR,ERR,ERR,ERR,ERR,ERR,ERR,ERR,ERR,ERR,ERR,ERR,ERR,ERR,ERR,ERR,ERR,ERR,ERR,ERR,ERR,ERR,ERR,ERR,ERR,ERR,ERR,ERR,ERR,ERR,ERR,ERR,ERR,ERR,ERR,ERR,ERR,ERR,ERR,ERR,ERR,ERR,ERR,ERR,ERR,ERR,ERR,ERR,ERR,ERR,ERR,ERR,ERR,ERR,ERR,ERR,ERR,ERR,ERR,ERR,ERR,ERR,ERR,ERR,ERR,ERR,ERR,ERR,ERR,ERR,ERR,ERR,ERR,ERR,ERR,ERR,ERR,ERR,ERR,ERR,ERR,ERR,ERR,ERR,ERR,ERR,ERR,ERR,ERR,0.0,2.7184446125308842e+23,-107090528.0,2.7183478752108883e+23,nan,3.087068407126503e+34,-1.2318466963802032e+37,0.0,0,0,4,17305,7116,0.0,100,0.0,0.0,2.7183478752108883e+23,0.0,0.0,0,0,0,0,0.0,0,0,0,0,0,0,0,0,0,0,0,0,0,0,0,0,0,0,0,0,0,0,0,0,0,0,0,0,0,0,0,0,0,31,40,40,71,65476,0,300,0,0,8,21553,0.0,-107605600.0,0.0,0.0,0.0,0.0,0.0,0.0,0.0,0.0,0.0,0.0,0.0,0.0,0.0,0.0,0.0,0.0,0.0,0.0,0.0,0.0,2.004,-0.0,0.0,0.0,0.0,0.0,0.0,0.0,5456.0,3.697192290889813e+19,6924.0,0.0,0.0,2.004,2.004,0.0,0.0,0.0,0.0,69,0.0,0.0,0.0,0.0,0.0,0.0,0.0,0.0,0.0,0,0,0,0.0,0.0,0.0,0.0,0.0,0.0,0.0,0.0,0.0,0.0,0.0,0.0,0.0,0.0,0.0,0.0,0,-107875648.0,69,0.0,138,0.0,2.012,ERR,ERR,ERR,ERR,ERR,ERR,ERR,ERR,ERR,ERR,ERR,ERR,ERR,ERR,ERR,ERR,ERR,ERR,ERR,ERR,ERR,ERR,ERR,ERR,ERR,ERR,ERR,ERR,ERR,ERR,ERR,ERR,ERR,ERR,ERR,ERR,ERR,ERR,ERR,ERR,ERR,ERR,ERR,ERR,ERR,ERR,ERR,ERR,ERR,ERR,ERR,ERR,ERR,ERR,ERR,ERR,ERR,ERR,ERR,ERR,ERR,ERR,ERR,ERR,ERR,ERR,ERR,60.0,60.0,35,0.0,0.0,0.0,0.0,0.0,0.0,0.0,0.0,0.0,0.0,0.0,0.0,0.0,0.0,0.0,0.0,65.6,0,126,61,38,65476,0,300,0,0,8,20529,65476,0,0,2621,60.0,0.0,0.0,0.0,0.0,0.0
2026-07-09T15:58:41,ERR,ERR,ERR,ERR,ERR,ERR,ERR,ERR,ERR,ERR,ERR,ERR,ERR,ERR,ERR,ERR,ERR,ERR,ERR,ERR,ERR,ERR,ERR,ERR,ERR,ERR,ERR,ERR,ERR,ERR,ERR,ERR,ERR,ERR,ERR,ERR,ERR,ERR,ERR,ERR,ERR,ERR,ERR,ERR,ERR,ERR,ERR,ERR,ERR,ERR,ERR,ERR,ERR,ERR,ERR,ERR,ERR,ERR,ERR,ERR,ERR,ERR,ERR,ERR,ERR,ERR,ERR,ERR,ERR,ERR,ERR,ERR,ERR,ERR,ERR,ERR,ERR,ERR,ERR,ERR,ERR,ERR,ERR,ERR,ERR,ERR,ERR,ERR,ERR,ERR,ERR,ERR,ERR,ERR,ERR,ERR,ERR,ERR,ERR,ERR,ERR,ERR,ERR,ERR,ERR,ERR,ERR,ERR,ERR,ERR,ERR,ERR,ERR,ERR,ERR,ERR,ERR,ERR,ERR,ERR,ERR,ERR,ERR,ERR,ERR,0.0,2.7184446125308842e+23,-107090528.0,2.7183478752108883e+23,nan,3.087068407126503e+34,-1.2318466963802032e+37,0.0,0,0,4,17305,7116,0.0,100,0.0,0.0,2.7183478752108883e+23,0.0,0.0,0,0,0,0,0.0,0,0,0,0,0,0,0,0,0,0,0,0,0,0,0,0,0,0,0,0,0,0,0,0,0,0,0,0,0,0,0,0,0,31,40,40,71,65476,0,300,0,0,8,21553,0.0,-107605600.0,0.0,0.0,0.0,0.0,0.0,0.0,0.0,0.0,0.0,0.0,0.0,0.0,0.0,0.0,0.0,0.0,0.0,0.0,0.0,0.0,2.004,-0.0,0.0,0.0,0.0,0.0,0.0,0.0,5456.0,3.697192290889813e+19,6924.0,0.0,0.0,2.004,2.004,0.0,0.0,0.0,0.0,69,0.0,0.0,0.0,0.0,0.0,0.0,0.0,0.0,0.0,0,0,0,0.0,0.0,0.0,0.0,0.0,0.0,0.0,0.0,0.0,0.0,0.0,0.0,0.0,0.0,0.0,0.0,0,-107875648.0,69,0.0,138,0.0,2.012,ERR,ERR,ERR,ERR,ERR,ERR,ERR,ERR,ERR,ERR,ERR,ERR,ERR,ERR,ERR,ERR,ERR,ERR,ERR,ERR,ERR,ERR,ERR,ERR,ERR,ERR,ERR,ERR,ERR,ERR,ERR,ERR,ERR,ERR,ERR,ERR,ERR,ERR,ERR,ERR,ERR,ERR,ERR,ERR,ERR,ERR,ERR,ERR,ERR,ERR,ERR,ERR,ERR,ERR,ERR,ERR,ERR,ERR,ERR,ERR,ERR,ERR,ERR,ERR,ERR,ERR,ERR,60.0,60.0,35,0.0,0.0,0.0,0.0,0.0,0.0,0.0,0.0,0.0,0.0,0.0,0.0,0.0,0.0,0.0,0.0,65.6,0,126,61,38,65476,0,300,0,0,8,20529,65476,0,0,2621,60.0,0.0,0.0,0.0,0.0,0.0
2026-07-09T15:58:42,ERR,ERR,ERR,ERR,ERR,ERR,ERR,ERR,ERR,ERR,ERR,ERR,ERR,ERR,ERR,ERR,ERR,ERR,ERR,ERR,ERR,ERR,ERR,ERR,ERR,ERR,ERR,ERR,ERR,ERR,ERR,ERR,ERR,ERR,ERR,ERR,ERR,ERR,ERR,ERR,ERR,ERR,ERR,ERR,ERR,ERR,ERR,ERR,ERR,ERR,ERR,ERR,ERR,ERR,ERR,ERR,ERR,ERR,ERR,ERR,ERR,ERR,ERR,ERR,ERR,ERR,ERR,ERR,ERR,ERR,ERR,ERR,ERR,ERR,ERR,ERR,ERR,ERR,ERR,ERR,ERR,ERR,ERR,ERR,ERR,ERR,ERR,ERR,ERR,ERR,ERR,ERR,ERR,ERR,ERR,ERR,ERR,ERR,ERR,ERR,ERR,ERR,ERR,ERR,ERR,ERR,ERR,ERR,ERR,ERR,ERR,ERR,ERR,ERR,ERR,ERR,ERR,ERR,ERR,ERR,ERR,ERR,ERR,ERR,ERR,0.0,2.7184446125308842e+23,-107090528.0,2.7183478752108883e+23,nan,3.087068407126503e+34,-1.2318466963802032e+37,0.0,0,0,4,17305,7116,0.0,100,0.0,0.0,2.7183478752108883e+23,0.0,0.0,0,0,0,0,0.0,0,0,0,0,0,0,0,0,0,0,0,0,0,0,0,0,0,0,0,0,0,0,0,0,0,0,0,0,0,0,0,0,0,31,40,40,71,65476,0,300,0,0,8,21553,0.0,-107605600.0,0.0,0.0,0.0,0.0,0.0,0.0,0.0,0.0,0.0,0.0,0.0,0.0,0.0,0.0,0.0,0.0,0.0,0.0,0.0,0.0,2.004,-0.0,0.0,0.0,0.0,0.0,0.0,0.0,5456.0,3.697192290889813e+19,6924.0,0.0,0.0,2.004,2.004,0.0,0.0,0.0,0.0,69,0.0,0.0,0.0,0.0,0.0,0.0,0.0,0.0,0.0,0,0,0,0.0,0.0,0.0,0.0,0.0,0.0,0.0,0.0,0.0,0.0,0.0,0.0,0.0,0.0,0.0,0.0,0,-107875648.0,69,0.0,138,0.0,2.012,ERR,ERR,ERR,ERR,ERR,ERR,ERR,ERR,ERR,ERR,ERR,ERR,ERR,ERR,ERR,ERR,ERR,ERR,ERR,ERR,ERR,ERR,ERR,ERR,ERR,ERR,ERR,ERR,ERR,ERR,ERR,ERR,ERR,ERR,ERR,ERR,ERR,ERR,ERR,ERR,ERR,ERR,ERR,ERR,ERR,ERR,ERR,ERR,ERR,ERR,ERR,ERR,ERR,ERR,ERR,ERR,ERR,ERR,ERR,ERR,ERR,ERR,ERR,ERR,ERR,ERR,ERR,60.0,60.0,35,0.0,0.0,0.0,0.0,0.0,0.0,0.0,0.0,0.0,0.0,0.0,0.0,0.0,0.0,0.0,0.0,65.6,0,126,61,38,65476,0,300,0,0,8,20529,65476,0,0,2621,60.0,0.0,0.0,0.0,0.0,0.0
2026-07-09T15:58:43,ERR,ERR,ERR,ERR,ERR,ERR,ERR,ERR,ERR,ERR,ERR,ERR,ERR,ERR,ERR,ERR,ERR,ERR,ERR,ERR,ERR,ERR,ERR,ERR,ERR,ERR,ERR,ERR,ERR,ERR,ERR,ERR,ERR,ERR,ERR,ERR,ERR,ERR,ERR,ERR,ERR,ERR,ERR,ERR,ERR,ERR,ERR,ERR,ERR,ERR,ERR,ERR,ERR,ERR,ERR,ERR,ERR,ERR,ERR,ERR,ERR,ERR,ERR,ERR,ERR,ERR,ERR,ERR,ERR,ERR,ERR,ERR,ERR,ERR,ERR,ERR,ERR,ERR,ERR,ERR,ERR,ERR,ERR,ERR,ERR,ERR,ERR,ERR,ERR,ERR,ERR,ERR,ERR,ERR,ERR,ERR,ERR,ERR,ERR,ERR,ERR,ERR,ERR,ERR,ERR,ERR,ERR,ERR,ERR,ERR,ERR,ERR,ERR,ERR,ERR,ERR,ERR,ERR,ERR,ERR,ERR,ERR,ERR,ERR,ERR,0.0,2.7184446125308842e+23,-107090528.0,2.7183478752108883e+23,nan,3.087068407126503e+34,-1.2318466963802032e+37,0.0,0,0,4,17305,7116,0.0,100,0.0,0.0,2.7183478752108883e+23,0.0,0.0,0,0,0,0,0.0,0,0,0,0,0,0,0,0,0,0,0,0,0,0,0,0,0,0,0,0,0,0,0,0,0,0,0,0,0,0,0,0,0,31,40,40,71,65476,0,300,0,0,8,21553,0.0,-107605600.0,0.0,0.0,0.0,0.0,0.0,0.0,0.0,0.0,0.0,0.0,0.0,0.0,0.0,0.0,0.0,0.0,0.0,0.0,0.0,0.0,2.004,-0.0,0.0,0.0,0.0,0.0,0.0,0.0,5456.0,3.697192290889813e+19,6924.0,0.0,0.0,2.004,2.004,0.0,0.0,0.0,0.0,69,0.0,0.0,0.0,0.0,0.0,0.0,0.0,0.0,0.0,0,0,0,0.0,0.0,0.0,0.0,0.0,0.0,0.0,0.0,0.0,0.0,0.0,0.0,0.0,0.0,0.0,0.0,0,-107875648.0,69,0.0,138,0.0,2.012,ERR,ERR,ERR,ERR,ERR,ERR,ERR,ERR,ERR,ERR,ERR,ERR,ERR,ERR,ERR,ERR,ERR,ERR,ERR,ERR,ERR,ERR,ERR,ERR,ERR,ERR,ERR,ERR,ERR,ERR,ERR,ERR,ERR,ERR,ERR,ERR,ERR,ERR,ERR,ERR,ERR,ERR,ERR,ERR,ERR,ERR,ERR,ERR,ERR,ERR,ERR,ERR,ERR,ERR,ERR,ERR,ERR,ERR,ERR,ERR,ERR,ERR,ERR,ERR,ERR,ERR,ERR,60.0,60.0,35,0.0,0.0,0.0,0.0,0.0,0.0,0.0,0.0,0.0,0.0,0.0,0.0,0.0,0.0,0.0,0.0,65.6,0,126,61,38,65476,0,300,0,0,8,20529,65476,0,0,2621,60.0,0.0,0.0,0.0,0.0,0.0
2026-07-09T15:58:44,ERR,ERR,ERR,ERR,ERR,ERR,ERR,ERR,ERR,ERR,ERR,ERR,ERR,ERR,ERR,ERR,ERR,ERR,ERR,ERR,ERR,ERR,ERR,ERR,ERR,ERR,ERR,ERR,ERR,ERR,ERR,ERR,ERR,ERR,ERR,ERR,ERR,ERR,ERR,ERR,ERR,ERR,ERR,ERR,ERR,ERR,ERR,ERR,ERR,ERR,ERR,ERR,ERR,ERR,ERR,ERR,ERR,ERR,ERR,ERR,ERR,ERR,ERR,ERR,ERR,ERR,ERR,ERR,ERR,ERR,ERR,ERR,ERR,ERR,ERR,ERR,ERR,ERR,ERR,ERR,ERR,ERR,ERR,ERR,ERR,ERR,ERR,ERR,ERR,ERR,ERR,ERR,ERR,ERR,ERR,ERR,ERR,ERR,ERR,ERR,ERR,ERR,ERR,ERR,ERR,ERR,ERR,ERR,ERR,ERR,ERR,ERR,ERR,ERR,ERR,ERR,ERR,ERR,ERR,ERR,ERR,ERR,ERR,ERR,ERR,0.0,2.7184446125308842e+23,-107090528.0,2.7183478752108883e+23,nan,3.087068407126503e+34,-1.2318466963802032e+37,0.0,0,0,4,17305,7116,0.0,100,0.0,0.0,2.7183478752108883e+23,0.0,0.0,0,0,0,0,0.0,0,0,0,0,0,0,0,0,0,0,0,0,0,0,0,0,0,0,0,0,0,0,0,0,0,0,0,0,0,0,0,0,0,31,40,40,71,65476,0,300,0,0,8,21553,0.0,-107605600.0,0.0,0.0,0.0,0.0,0.0,0.0,0.0,0.0,0.0,0.0,0.0,0.0,0.0,0.0,0.0,0.0,0.0,0.0,0.0,0.0,2.004,-0.0,0.0,0.0,0.0,0.0,0.0,0.0,5456.0,3.697192290889813e+19,6924.0,0.0,0.0,2.004,2.004,0.0,0.0,0.0,0.0,69,0.0,0.0,0.0,0.0,0.0,0.0,0.0,0.0,0.0,0,0,0,0.0,0.0,0.0,0.0,0.0,0.0,0.0,0.0,0.0,0.0,0.0,0.0,0.0,0.0,0.0,0.0,0,-107875648.0,69,0.0,138,0.0,2.012,ERR,ERR,ERR,ERR,ERR,ERR,ERR,ERR,ERR,ERR,ERR,ERR,ERR,ERR,ERR,ERR,ERR,ERR,ERR,ERR,ERR,ERR,ERR,ERR,ERR,ERR,ERR,ERR,ERR,ERR,ERR,ERR,ERR,ERR,ERR,ERR,ERR,ERR,ERR,ERR,ERR,ERR,ERR,ERR,ERR,ERR,ERR,ERR,ERR,ERR,ERR,ERR,ERR,ERR,ERR,ERR,ERR,ERR,ERR,ERR,ERR,ERR,ERR,ERR,ERR,ERR,ERR,60.0,60.0,35,0.0,0.0,0.0,0.0,0.0,0.0,0.0,0.0,0.0,0.0,0.0,0.0,0.0,0.0,0.0,0.0,65.6,0,126,61,38,65476,0,300,0,0,8,20529,65476,0,0,2621,60.0,0.0,0.0,0.0,0.0,0.0
2026-07-09T15:58:45,ERR,ERR,ERR,ERR,ERR,ERR,ERR,ERR,ERR,ERR,ERR,ERR,ERR,ERR,ERR,ERR,ERR,ERR,ERR,ERR,ERR,ERR,ERR,ERR,ERR,ERR,ERR,ERR,ERR,ERR,ERR,ERR,ERR,ERR,ERR,ERR,ERR,ERR,ERR,ERR,ERR,ERR,ERR,ERR,ERR,ERR,ERR,ERR,ERR,ERR,ERR,ERR,ERR,ERR,ERR,ERR,ERR,ERR,ERR,ERR,ERR,ERR,ERR,ERR,ERR,ERR,ERR,ERR,ERR,ERR,ERR,ERR,ERR,ERR,ERR,ERR,ERR,ERR,ERR,ERR,ERR,ERR,ERR,ERR,ERR,ERR,ERR,ERR,ERR,ERR,ERR,ERR,ERR,ERR,ERR,ERR,ERR,ERR,ERR,ERR,ERR,ERR,ERR,ERR,ERR,ERR,ERR,ERR,ERR,ERR,ERR,ERR,ERR,ERR,ERR,ERR,ERR,ERR,ERR,ERR,ERR,ERR,ERR,ERR,ERR,0.0,0.0,0.0,0.0,-1.211585465410569e+24,-0.0,0.0,-0.0,0,0,4,17307,7116,0.0,100,0.0,0.0,0.0,0.0,0.0,0,0,0,0,0.0,0,0,0,0,0,0,0,0,0,0,0,0,0,0,0,0,0,0,0,0,0,0,0,0,0,0,0,0,0,0,0,0,0,31,40,40,71,65476,0,300,0,0,8,21553,0.0,-107605600.0,0.0,0.0,0.0,0.0,0.0,0.0,0.0,0.0,0.0,0.0,0.0,0.0,0.0,0.0,0.0,0.0,0.0,0.0,0.0,0.0,2.004,3.6970660669549445e+19,0.0,0.0,0.0,0.0,0.0,0.0,5462.0,-0.0,6931.0,0.0,0.0,2.004,2.004,0.0,0.0,0.0,0.0,69,4.066863858326157e+29,1.9056890151436288e+17,0.0,0.0,0.0,0.0,0.0,0.0,0.0,0,0,0,0.0,0.0,0.0,0.0,0.0,0.0,0.0,0.0,0.0,0.0,0.0,0.0,0.0,0.0,0.0,0.0,0,-107875648.0,69,0.0,138,0.0,2.012,ERR,ERR,ERR,ERR,ERR,ERR,ERR,ERR,ERR,ERR,ERR,ERR,ERR,ERR,ERR,ERR,ERR,ERR,ERR,ERR,ERR,ERR,ERR,ERR,ERR,ERR,ERR,ERR,ERR,ERR,ERR,ERR,ERR,ERR,ERR,ERR,ERR,ERR,ERR,ERR,ERR,ERR,ERR,ERR,ERR,ERR,ERR,ERR,ERR,ERR,ERR,ERR,ERR,ERR,ERR,ERR,ERR,ERR,ERR,ERR,ERR,ERR,ERR,ERR,ERR,ERR,ERR,60.0,60.0,35,0.0,0.0,0.0,0.0,0.0,0.0,0.0,0.0,0.0,0.0,0.0,0.0,0.0,0.0,0.0,0.0,66.0,0,126,61,38,65476,0,300,0,0,8,20529,65476,0,0,2621,60.0,0.0,0.0,0.0,0.0,0.0
2026-07-09T15:58:46,ERR,ERR,ERR,ERR,ERR,ERR,ERR,ERR,ERR,ERR,ERR,ERR,ERR,ERR,ERR,ERR,ERR,ERR,ERR,ERR,ERR,ERR,ERR,ERR,ERR,ERR,ERR,ERR,ERR,ERR,ERR,ERR,ERR,ERR,ERR,ERR,ERR,ERR,ERR,ERR,ERR,ERR,ERR,ERR,ERR,ERR,ERR,ERR,ERR,ERR,ERR,ERR,ERR,ERR,ERR,ERR,ERR,ERR,ERR,ERR,ERR,ERR,ERR,ERR,ERR,ERR,ERR,ERR,ERR,ERR,ERR,ERR,ERR,ERR,ERR,ERR,ERR,ERR,ERR,ERR,ERR,ERR,ERR,ERR,ERR,ERR,ERR,ERR,ERR,ERR,ERR,ERR,ERR,ERR,ERR,ERR,ERR,ERR,ERR,ERR,ERR,ERR,ERR,ERR,ERR,ERR,ERR,ERR,ERR,ERR,ERR,ERR,ERR,ERR,ERR,ERR,ERR,ERR,ERR,ERR,ERR,ERR,ERR,ERR,ERR,0.0,0.0,0.0,0.0,-1.211585465410569e+24,-0.0,0.0,-0.0,0,0,4,17307,7116,0.0,100,0.0,0.0,0.0,0.0,0.0,0,0,0,0,0.0,0,0,0,0,0,0,0,0,0,0,0,0,0,0,0,0,0,0,0,0,0,0,0,0,0,0,0,0,0,0,0,0,0,31,40,40,71,65476,0,300,0,0,8,21553,0.0,-107605600.0,0.0,0.0,0.0,0.0,0.0,0.0,0.0,0.0,0.0,0.0,0.0,0.0,0.0,0.0,0.0,0.0,0.0,0.0,0.0,0.0,2.004,3.6970660669549445e+19,0.0,0.0,0.0,0.0,0.0,0.0,5462.0,-0.0,6931.0,0.0,0.0,2.004,2.004,0.0,0.0,0.0,0.0,69,4.066863858326157e+29,1.9056890151436288e+17,0.0,0.0,0.0,0.0,0.0,0.0,0.0,0,0,0,0.0,0.0,0.0,0.0,0.0,0.0,0.0,0.0,0.0,0.0,0.0,0.0,0.0,0.0,0.0,0.0,0,-107875648.0,69,0.0,138,0.0,2.012,ERR,ERR,ERR,ERR,ERR,ERR,ERR,ERR,ERR,ERR,ERR,ERR,ERR,ERR,ERR,ERR,ERR,ERR,ERR,ERR,ERR,ERR,ERR,ERR,ERR,ERR,ERR,ERR,ERR,ERR,ERR,ERR,ERR,ERR,ERR,ERR,ERR,ERR,ERR,ERR,ERR,ERR,ERR,ERR,ERR,ERR,ERR,ERR,ERR,ERR,ERR,ERR,ERR,ERR,ERR,ERR,ERR,ERR,ERR,ERR,ERR,ERR,ERR,ERR,ERR,ERR,ERR,60.0,60.0,35,0.0,0.0,0.0,0.0,0.0,0.0,0.0,0.0,0.0,0.0,0.0,0.0,0.0,0.0,0.0,0.0,66.0,0,126,61,38,65476,0,300,0,0,8,20529,65476,0,0,2621,60.0,0.0,0.0,0.0,0.0,0.0
2026-07-09T15:58:47,ERR,ERR,ERR,ERR,ERR,ERR,ERR,ERR,ERR,ERR,ERR,ERR,ERR,ERR,ERR,ERR,ERR,ERR,ERR,ERR,ERR,ERR,ERR,ERR,ERR,ERR,ERR,ERR,ERR,ERR,ERR,ERR,ERR,ERR,ERR,ERR,ERR,ERR,ERR,ERR,ERR,ERR,ERR,ERR,ERR,ERR,ERR,ERR,ERR,ERR,ERR,ERR,ERR,ERR,ERR,ERR,ERR,ERR,ERR,ERR,ERR,ERR,ERR,ERR,ERR,ERR,ERR,ERR,ERR,ERR,ERR,ERR,ERR,ERR,ERR,ERR,ERR,ERR,ERR,ERR,ERR,ERR,ERR,ERR,ERR,ERR,ERR,ERR,ERR,ERR,ERR,ERR,ERR,ERR,ERR,ERR,ERR,ERR,ERR,ERR,ERR,ERR,ERR,ERR,ERR,ERR,ERR,ERR,ERR,ERR,ERR,ERR,ERR,ERR,ERR,ERR,ERR,ERR,ERR,ERR,ERR,ERR,ERR,ERR,ERR,0.0,0.0,0.0,0.0,-1.211585465410569e+24,-0.0,0.0,-0.0,0,0,4,17307,7116,0.0,100,0.0,0.0,0.0,0.0,0.0,0,0,0,0,0.0,0,0,0,0,0,0,0,0,0,0,0,0,0,0,0,0,0,0,0,0,0,0,0,0,0,0,0,0,0,0,0,0,0,31,40,40,71,65476,0,300,0,0,8,21553,0.0,-107605600.0,0.0,0.0,0.0,0.0,0.0,0.0,0.0,0.0,0.0,0.0,0.0,0.0,0.0,0.0,0.0,0.0,0.0,0.0,0.0,0.0,2.004,3.6970660669549445e+19,0.0,0.0,0.0,0.0,0.0,0.0,5462.0,-0.0,6931.0,0.0,0.0,2.004,2.004,0.0,0.0,0.0,0.0,69,4.066863858326157e+29,1.9056890151436288e+17,0.0,0.0,0.0,0.0,0.0,0.0,0.0,0,0,0,0.0,0.0,0.0,0.0,0.0,0.0,0.0,0.0,0.0,0.0,0.0,0.0,0.0,0.0,0.0,0.0,0,-107875648.0,69,0.0,138,0.0,2.012,ERR,ERR,ERR,ERR,ERR,ERR,ERR,ERR,ERR,ERR,ERR,ERR,ERR,ERR,ERR,ERR,ERR,ERR,ERR,ERR,ERR,ERR,ERR,ERR,ERR,ERR,ERR,ERR,ERR,ERR,ERR,ERR,ERR,ERR,ERR,ERR,ERR,ERR,ERR,ERR,ERR,ERR,ERR,ERR,ERR,ERR,ERR,ERR,ERR,ERR,ERR,ERR,ERR,ERR,ERR,ERR,ERR,ERR,ERR,ERR,ERR,ERR,ERR,ERR,ERR,ERR,ERR,60.0,60.0,35,0.0,0.0,0.0,0.0,0.0,0.0,0.0,0.0,0.0,0.0,0.0,0.0,0.0,0.0,0.0,0.0,65.6,0,126,61,38,65476,0,300,0,0,8,20529,65476,0,0,2621,60.0,0.0,0.0,0.0,0.0,0.0
2026-07-09T15:58:48,ERR,ERR,ERR,ERR,ERR,ERR,ERR,ERR,ERR,ERR,ERR,ERR,ERR,ERR,ERR,ERR,ERR,ERR,ERR,ERR,ERR,ERR,ERR,ERR,ERR,ERR,ERR,ERR,ERR,ERR,ERR,ERR,ERR,ERR,ERR,ERR,ERR,ERR,ERR,ERR,ERR,ERR,ERR,ERR,ERR,ERR,ERR,ERR,ERR,ERR,ERR,ERR,ERR,ERR,ERR,ERR,ERR,ERR,ERR,ERR,ERR,ERR,ERR,ERR,ERR,ERR,ERR,ERR,ERR,ERR,ERR,ERR,ERR,ERR,ERR,ERR,ERR,ERR,ERR,ERR,ERR,ERR,ERR,ERR,ERR,ERR,ERR,ERR,ERR,ERR,ERR,ERR,ERR,ERR,ERR,ERR,ERR,ERR,ERR,ERR,ERR,ERR,ERR,ERR,ERR,ERR,ERR,ERR,ERR,ERR,ERR,ERR,ERR,ERR,ERR,ERR,ERR,ERR,ERR,ERR,ERR,ERR,ERR,ERR,ERR,0.0,0.0,0.0,0.0,-1.211585465410569e+24,-0.0,0.0,-0.0,0,0,4,17307,7116,0.0,100,0.0,0.0,0.0,0.0,0.0,0,0,0,0,0.0,0,0,0,0,0,0,0,0,0,0,0,0,0,0,0,0,0,0,0,0,0,0,0,0,0,0,0,0,0,0,0,0,0,31,40,40,71,65476,0,300,0,0,8,21553,0.0,-107605600.0,0.0,0.0,0.0,0.0,0.0,0.0,0.0,0.0,0.0,0.0,0.0,0.0,0.0,0.0,0.0,0.0,0.0,0.0,0.0,0.0,2.004,3.6970660669549445e+19,0.0,0.0,0.0,0.0,0.0,0.0,5462.0,-0.0,6931.0,0.0,0.0,2.004,2.004,0.0,0.0,0.0,0.0,69,4.066863858326157e+29,1.9056890151436288e+17,0.0,0.0,0.0,0.0,0.0,0.0,0.0,0,0,0,0.0,0.0,0.0,0.0,0.0,0.0,0.0,0.0,0.0,0.0,0.0,0.0,0.0,0.0,0.0,0.0,0,-107875648.0,69,0.0,138,0.0,2.012,ERR,ERR,ERR,ERR,ERR,ERR,ERR,ERR,ERR,ERR,ERR,ERR,ERR,ERR,ERR,ERR,ERR,ERR,ERR,ERR,ERR,ERR,ERR,ERR,ERR,ERR,ERR,ERR,ERR,ERR,ERR,ERR,ERR,ERR,ERR,ERR,ERR,ERR,ERR,ERR,ERR,ERR,ERR,ERR,ERR,ERR,ERR,ERR,ERR,ERR,ERR,ERR,ERR,ERR,ERR,ERR,ERR,ERR,ERR,ERR,ERR,ERR,ERR,ERR,ERR,ERR,ERR,60.0,60.0,35,0.0,0.0,0.0,0.0,0.0,0.0,0.0,0.0,0.0,0.0,0.0,0.0,0.0,0.0,0.0,0.0,65.6,0,126,61,38,65476,0,300,0,0,8,20529,65476,0,0,2621,60.0,0.0,0.0,0.0,0.0,0.0
2026-07-09T15:58:49,ERR,ERR,ERR,ERR,ERR,ERR,ERR,ERR,ERR,ERR,ERR,ERR,ERR,ERR,ERR,ERR,ERR,ERR,ERR,ERR,ERR,ERR,ERR,ERR,ERR,ERR,ERR,ERR,ERR,ERR,ERR,ERR,ERR,ERR,ERR,ERR,ERR,ERR,ERR,ERR,ERR,ERR,ERR,ERR,ERR,ERR,ERR,ERR,ERR,ERR,ERR,ERR,ERR,ERR,ERR,ERR,ERR,ERR,ERR,ERR,ERR,ERR,ERR,ERR,ERR,ERR,ERR,ERR,ERR,ERR,ERR,ERR,ERR,ERR,ERR,ERR,ERR,ERR,ERR,ERR,ERR,ERR,ERR,ERR,ERR,ERR,ERR,ERR,ERR,ERR,ERR,ERR,ERR,ERR,ERR,ERR,ERR,ERR,ERR,ERR,ERR,ERR,ERR,ERR,ERR,ERR,ERR,ERR,ERR,ERR,ERR,ERR,ERR,ERR,ERR,ERR,ERR,ERR,ERR,ERR,ERR,ERR,ERR,ERR,ERR,0.0,0.0,0.0,0.0,-1.211585465410569e+24,-0.0,0.0,-0.0,0,0,4,17307,7116,0.0,100,0.0,0.0,0.0,0.0,0.0,0,0,0,0,0.0,0,0,0,0,0,0,0,0,0,0,0,0,0,0,0,0,0,0,0,0,0,0,0,0,0,0,0,0,0,0,0,0,0,31,40,40,71,65476,0,300,0,0,8,21553,0.0,-107605600.0,0.0,0.0,0.0,0.0,0.0,0.0,0.0,0.0,0.0,0.0,0.0,0.0,0.0,0.0,0.0,0.0,0.0,0.0,0.0,0.0,2.004,3.6970660669549445e+19,0.0,0.0,0.0,0.0,0.0,0.0,5462.0,-0.0,6931.0,0.0,0.0,2.004,2.004,0.0,0.0,0.0,0.0,69,4.066863858326157e+29,1.9056890151436288e+17,0.0,0.0,0.0,0.0,0.0,0.0,0.0,0,0,0,0.0,0.0,0.0,0.0,0.0,0.0,0.0,0.0,0.0,0.0,0.0,0.0,0.0,0.0,0.0,0.0,0,-107875648.0,69,0.0,138,0.0,2.012,ERR,ERR,ERR,ERR,ERR,ERR,ERR,ERR,ERR,ERR,ERR,ERR,ERR,ERR,ERR,ERR,ERR,ERR,ERR,ERR,ERR,ERR,ERR,ERR,ERR,ERR,ERR,ERR,ERR,ERR,ERR,ERR,ERR,ERR,ERR,ERR,ERR,ERR,ERR,ERR,ERR,ERR,ERR,ERR,ERR,ERR,ERR,ERR,ERR,ERR,ERR,ERR,ERR,ERR,ERR,ERR,ERR,ERR,ERR,ERR,ERR,ERR,ERR,ERR,ERR,ERR,ERR,60.0,60.0,35,0.0,0.0,0.0,0.0,0.0,0.0,0.0,0.0,0.0,0.0,0.0,0.0,0.0,0.0,0.0,0.0,65.6,0,126,61,38,65476,0,300,0,0,8,20529,65476,0,0,2621,60.0,0.0,0.0,0.0,0.0,0.0
2026-07-09T15:58:50,ERR,ERR,ERR,ERR,ERR,ERR,ERR,ERR,ERR,ERR,ERR,ERR,ERR,ERR,ERR,ERR,ERR,ERR,ERR,ERR,ERR,ERR,ERR,ERR,ERR,ERR,ERR,ERR,ERR,ERR,ERR,ERR,ERR,ERR,ERR,ERR,ERR,ERR,ERR,ERR,ERR,ERR,ERR,ERR,ERR,ERR,ERR,ERR,ERR,ERR,ERR,ERR,ERR,ERR,ERR,ERR,ERR,ERR,ERR,ERR,ERR,ERR,ERR,ERR,ERR,ERR,ERR,ERR,ERR,ERR,ERR,ERR,ERR,ERR,ERR,ERR,ERR,ERR,ERR,ERR,ERR,ERR,ERR,ERR,ERR,ERR,ERR,ERR,ERR,ERR,ERR,ERR,ERR,ERR,ERR,ERR,ERR,ERR,ERR,ERR,ERR,ERR,ERR,ERR,ERR,ERR,ERR,ERR,ERR,ERR,ERR,ERR,ERR,ERR,ERR,ERR,ERR,ERR,ERR,ERR,ERR,ERR,ERR,ERR,ERR,0.0,-107615984.0,-0.0,0.0,-0.0,0.0,-0.0,-0.0,0,0,4,17309,7116,0.0,100,0.0,0.0,0.0,0.0,0.0,0,0,0,0,0.0,0,0,0,0,0,0,0,0,0,0,0,0,0,0,0,0,0,0,0,0,0,0,0,0,0,0,0,0,0,0,0,0,0,31,40,40,71,65476,0,300,0,0,8,21553,0.0,-107605600.0,0.0,0.0,0.0,0.0,0.0,0.0,0.0,0.0,0.0,0.0,0.0,0.0,0.0,0.0,0.0,0.0,0.0,0.0,0.0,0.0,0.0,2.004,0.0,0.0,0.0,0.0,0.0,0.0,5442.0,-0.0,6928.0,0.0,-107615984.0,2.004,2.004,0.0,0.0,0.0,0.0,69,-4.950411963067487e+32,89220.703,0.0,0.0,0.0,0.0,0.0,0.0,0.0,0,0,0,0.0,0.0,0.0,0.0,0.0,0.0,0.0,0.0,0.0,0.0,0.0,0.0,0.0,0.0,0.0,0.0,0,-107875648.0,69,0.0,138,0.0,2.012,ERR,ERR,ERR,ERR,ERR,ERR,ERR,ERR,ERR,ERR,ERR,ERR,ERR,ERR,ERR,ERR,ERR,ERR,ERR,ERR,ERR,ERR,ERR,ERR,ERR,ERR,ERR,ERR,ERR,ERR,ERR,ERR,ERR,ERR,ERR,ERR,ERR,ERR,ERR,ERR,ERR,ERR,ERR,ERR,ERR,ERR,ERR,ERR,ERR,ERR,ERR,ERR,ERR,ERR,ERR,ERR,ERR,ERR,ERR,ERR,ERR,ERR,ERR,ERR,ERR,ERR,ERR,60.0,60.0,35,0.0,0.0,0.0,0.0,0.0,0.0,0.0,0.0,0.0,0.0,0.0,0.0,0.0,0.0,0.0,0.0,65.6,0,126,61,38,65476,0,300,0,0,8,20529,65476,0,0,2621,60.0,0.0,0.0,0.0,0.0,0.0
2026-07-09T15:58:51,ERR,ERR,ERR,ERR,ERR,ERR,ERR,ERR,ERR,ERR,ERR,ERR,ERR,ERR,ERR,ERR,ERR,ERR,ERR,ERR,ERR,ERR,ERR,ERR,ERR,ERR,ERR,ERR,ERR,ERR,ERR,ERR,ERR,ERR,ERR,ERR,ERR,ERR,ERR,ERR,ERR,ERR,ERR,ERR,ERR,ERR,ERR,ERR,ERR,ERR,ERR,ERR,ERR,ERR,ERR,ERR,ERR,ERR,ERR,ERR,ERR,ERR,ERR,ERR,ERR,ERR,ERR,ERR,ERR,ERR,ERR,ERR,ERR,ERR,ERR,ERR,ERR,ERR,ERR,ERR,ERR,ERR,ERR,ERR,ERR,ERR,ERR,ERR,ERR,ERR,ERR,ERR,ERR,ERR,ERR,ERR,ERR,ERR,ERR,ERR,ERR,ERR,ERR,ERR,ERR,ERR,ERR,ERR,ERR,ERR,ERR,ERR,ERR,ERR,ERR,ERR,ERR,ERR,ERR,ERR,ERR,ERR,ERR,ERR,ERR,0.0,-107615984.0,-0.0,0.0,-0.0,0.0,-0.0,-0.0,0,0,4,17309,7116,0.0,100,0.0,0.0,0.0,0.0,0.0,0,0,0,0,0.0,0,0,0,0,0,0,0,0,0,0,0,0,0,0,0,0,0,0,0,0,0,0,0,0,0,0,0,0,0,0,0,0,0,31,40,40,71,65476,0,300,0,0,8,21553,0.0,-107605600.0,0.0,0.0,0.0,0.0,0.0,0.0,0.0,0.0,0.0,0.0,0.0,0.0,0.0,0.0,0.0,0.0,0.0,0.0,0.0,0.0,0.0,2.004,0.0,0.0,0.0,0.0,0.0,0.0,5442.0,-0.0,6928.0,0.0,-107615984.0,2.004,2.004,0.0,0.0,0.0,0.0,69,-4.950411963067487e+32,89220.703,0.0,0.0,0.0,0.0,0.0,0.0,0.0,0,0,0,0.0,0.0,0.0,0.0,0.0,0.0,0.0,0.0,0.0,0.0,0.0,0.0,0.0,0.0,0.0,0.0,0,-107875648.0,69,0.0,138,0.0,2.012,ERR,ERR,ERR,ERR,ERR,ERR,ERR,ERR,ERR,ERR,ERR,ERR,ERR,ERR,ERR,ERR,ERR,ERR,ERR,ERR,ERR,ERR,ERR,ERR,ERR,ERR,ERR,ERR,ERR,ERR,ERR,ERR,ERR,ERR,ERR,ERR,ERR,ERR,ERR,ERR,ERR,ERR,ERR,ERR,ERR,ERR,ERR,ERR,ERR,ERR,ERR,ERR,ERR,ERR,ERR,ERR,ERR,ERR,ERR,ERR,ERR,ERR,ERR,ERR,ERR,ERR,ERR,60.0,60.0,35,0.0,0.0,0.0,0.0,0.0,0.0,0.0,0.0,0.0,0.0,0.0,0.0,0.0,0.0,0.0,0.0,65.6,0,126,61,38,65476,0,300,0,0,8,20529,65476,0,0,2621,60.0,0.0,0.0,0.0,0.0,0.0
2026-07-09T15:58:52,ERR,ERR,ERR,ERR,ERR,ERR,ERR,ERR,ERR,ERR,ERR,ERR,ERR,ERR,ERR,ERR,ERR,ERR,ERR,ERR,ERR,ERR,ERR,ERR,ERR,ERR,ERR,ERR,ERR,ERR,ERR,ERR,ERR,ERR,ERR,ERR,ERR,ERR,ERR,ERR,ERR,ERR,ERR,ERR,ERR,ERR,ERR,ERR,ERR,ERR,ERR,ERR,ERR,ERR,ERR,ERR,ERR,ERR,ERR,ERR,ERR,ERR,ERR,ERR,ERR,ERR,ERR,ERR,ERR,ERR,ERR,ERR,ERR,ERR,ERR,ERR,ERR,ERR,ERR,ERR,ERR,ERR,ERR,ERR,ERR,ERR,ERR,ERR,ERR,ERR,ERR,ERR,ERR,ERR,ERR,ERR,ERR,ERR,ERR,ERR,ERR,ERR,ERR,ERR,ERR,ERR,ERR,ERR,ERR,ERR,ERR,ERR,ERR,ERR,ERR,ERR,ERR,ERR,ERR,ERR,ERR,ERR,ERR,ERR,ERR,0.0,-107615984.0,-0.0,0.0,-0.0,0.0,-0.0,-0.0,0,0,4,17309,7116,0.0,100,0.0,0.0,0.0,0.0,0.0,0,0,0,0,0.0,0,0,0,0,0,0,0,0,0,0,0,0,0,0,0,0,0,0,0,0,0,0,0,0,0,0,0,0,0,0,0,0,0,31,40,40,71,65476,0,300,0,0,8,21553,0.0,-107605600.0,0.0,0.0,0.0,0.0,0.0,0.0,0.0,0.0,0.0,0.0,0.0,0.0,0.0,0.0,0.0,0.0,0.0,0.0,0.0,0.0,0.0,2.004,0.0,0.0,0.0,0.0,0.0,0.0,5442.0,-0.0,6928.0,0.0,-107615984.0,2.004,2.004,0.0,0.0,0.0,0.0,69,-4.950411963067487e+32,89220.703,0.0,0.0,0.0,0.0,0.0,0.0,0.0,0,0,0,0.0,0.0,0.0,0.0,0.0,0.0,0.0,0.0,0.0,0.0,0.0,0.0,0.0,0.0,0.0,0.0,0,-107875648.0,69,0.0,138,0.0,2.012,ERR,ERR,ERR,ERR,ERR,ERR,ERR,ERR,ERR,ERR,ERR,ERR,ERR,ERR,ERR,ERR,ERR,ERR,ERR,ERR,ERR,ERR,ERR,ERR,ERR,ERR,ERR,ERR,ERR,ERR,ERR,ERR,ERR,ERR,ERR,ERR,ERR,ERR,ERR,ERR,ERR,ERR,ERR,ERR,ERR,ERR,ERR,ERR,ERR,ERR,ERR,ERR,ERR,ERR,ERR,ERR,ERR,ERR,ERR,ERR,ERR,ERR,ERR,ERR,ERR,ERR,ERR,60.0,60.0,35,0.0,0.0,0.0,0.0,0.0,0.0,0.0,0.0,0.0,0.0,0.0,0.0,0.0,0.0,0.0,0.0,65.6,0,126,61,39,65476,0,300,0,0,8,20529,65476,0,0,2621,60.0,0.0,0.0,0.0,0.0,0.0
2026-07-09T15:58:53,ERR,ERR,ERR,ERR,ERR,ERR,ERR,ERR,ERR,ERR,ERR,ERR,ERR,ERR,ERR,ERR,ERR,ERR,ERR,ERR,ERR,ERR,ERR,ERR,ERR,ERR,ERR,ERR,ERR,ERR,ERR,ERR,ERR,ERR,ERR,ERR,ERR,ERR,ERR,ERR,ERR,ERR,ERR,ERR,ERR,ERR,ERR,ERR,ERR,ERR,ERR,ERR,ERR,ERR,ERR,ERR,ERR,ERR,ERR,ERR,ERR,ERR,ERR,ERR,ERR,ERR,ERR,ERR,ERR,ERR,ERR,ERR,ERR,ERR,ERR,ERR,ERR,ERR,ERR,ERR,ERR,ERR,ERR,ERR,ERR,ERR,ERR,ERR,ERR,ERR,ERR,ERR,ERR,ERR,ERR,ERR,ERR,ERR,ERR,ERR,ERR,ERR,ERR,ERR,ERR,ERR,ERR,ERR,ERR,ERR,ERR,ERR,ERR,ERR,ERR,ERR,ERR,ERR,ERR,ERR,ERR,ERR,ERR,ERR,ERR,0.0,-107615984.0,-0.0,0.0,-0.0,0.0,-0.0,-0.0,0,0,4,17309,7116,0.0,100,0.0,0.0,0.0,0.0,0.0,0,0,0,0,0.0,0,0,0,0,0,0,0,0,0,0,0,0,0,0,0,0,0,0,0,0,0,0,0,0,0,0,0,0,0,0,0,0,0,31,40,40,71,65476,0,300,0,0,8,21553,0.0,-107605600.0,0.0,0.0,0.0,0.0,0.0,0.0,0.0,0.0,0.0,0.0,0.0,0.0,0.0,0.0,0.0,0.0,0.0,0.0,0.0,0.0,0.0,2.004,0.0,0.0,0.0,0.0,0.0,0.0,5442.0,-0.0,6928.0,0.0,-107615984.0,2.004,2.004,0.0,0.0,0.0,0.0,69,-4.950411963067487e+32,89220.703,0.0,0.0,0.0,0.0,0.0,0.0,0.0,0,0,0,0.0,0.0,0.0,0.0,0.0,0.0,0.0,0.0,0.0,0.0,0.0,0.0,0.0,0.0,0.0,0.0,0,-107875648.0,69,0.0,138,0.0,2.012,ERR,ERR,ERR,ERR,ERR,ERR,ERR,ERR,ERR,ERR,ERR,ERR,ERR,ERR,ERR,ERR,ERR,ERR,ERR,ERR,ERR,ERR,ERR,ERR,ERR,ERR,ERR,ERR,ERR,ERR,ERR,ERR,ERR,ERR,ERR,ERR,ERR,ERR,ERR,ERR,ERR,ERR,ERR,ERR,ERR,ERR,ERR,ERR,ERR,ERR,ERR,ERR,ERR,ERR,ERR,ERR,ERR,ERR,ERR,ERR,ERR,ERR,ERR,ERR,ERR,ERR,ERR,60.0,60.0,35,0.0,0.0,0.0,0.0,0.0,0.0,0.0,0.0,0.0,0.0,0.0,0.0,0.0,0.0,0.0,0.0,65.6,0,126,61,39,65476,0,300,0,0,8,20529,65476,0,0,2621,60.0,0.0,0.0,0.0,0.0,0.0
2026-07-09T15:58:54,ERR,ERR,ERR,ERR,ERR,ERR,ERR,ERR,ERR,ERR,ERR,ERR,ERR,ERR,ERR,ERR,ERR,ERR,ERR,ERR,ERR,ERR,ERR,ERR,ERR,ERR,ERR,ERR,ERR,ERR,ERR,ERR,ERR,ERR,ERR,ERR,ERR,ERR,ERR,ERR,ERR,ERR,ERR,ERR,ERR,ERR,ERR,ERR,ERR,ERR,ERR,ERR,ERR,ERR,ERR,ERR,ERR,ERR,ERR,ERR,ERR,ERR,ERR,ERR,ERR,ERR,ERR,ERR,ERR,ERR,ERR,ERR,ERR,ERR,ERR,ERR,ERR,ERR,ERR,ERR,ERR,ERR,ERR,ERR,ERR,ERR,ERR,ERR,ERR,ERR,ERR,ERR,ERR,ERR,ERR,ERR,ERR,ERR,ERR,ERR,ERR,ERR,ERR,ERR,ERR,ERR,ERR,ERR,ERR,ERR,ERR,ERR,ERR,ERR,ERR,ERR,ERR,ERR,ERR,ERR,ERR,ERR,ERR,ERR,ERR,0.0,-107615984.0,-0.0,0.0,-0.0,0.0,-0.0,-0.0,0,0,4,17309,7116,0.0,100,0.0,0.0,0.0,0.0,0.0,0,0,0,0,0.0,0,0,0,0,0,0,0,0,0,0,0,0,0,0,0,0,0,0,0,0,0,0,0,0,0,0,0,0,0,0,0,0,0,31,40,40,71,65476,0,300,0,0,8,21553,0.0,-107605600.0,0.0,0.0,0.0,0.0,0.0,0.0,0.0,0.0,0.0,0.0,0.0,0.0,0.0,0.0,0.0,0.0,0.0,0.0,0.0,0.0,0.0,2.004,0.0,0.0,0.0,0.0,0.0,0.0,5442.0,-0.0,6928.0,0.0,-107615984.0,2.004,2.004,0.0,0.0,0.0,0.0,69,-4.950411963067487e+32,89220.703,0.0,0.0,0.0,0.0,0.0,0.0,0.0,0,0,0,0.0,0.0,0.0,0.0,0.0,0.0,0.0,0.0,0.0,0.0,0.0,0.0,0.0,0.0,0.0,0.0,0,-107875648.0,69,0.0,138,0.0,2.012,ERR,ERR,ERR,ERR,ERR,ERR,ERR,ERR,ERR,ERR,ERR,ERR,ERR,ERR,ERR,ERR,ERR,ERR,ERR,ERR,ERR,ERR,ERR,ERR,ERR,ERR,ERR,ERR,ERR,ERR,ERR,ERR,ERR,ERR,ERR,ERR,ERR,ERR,ERR,ERR,ERR,ERR,ERR,ERR,ERR,ERR,ERR,ERR,ERR,ERR,ERR,ERR,ERR,ERR,ERR,ERR,ERR,ERR,ERR,ERR,ERR,ERR,ERR,ERR,ERR,ERR,ERR,60.0,60.0,35,0.0,0.0,0.0,0.0,0.0,0.0,0.0,0.0,0.0,0.0,0.0,0.0,0.0,0.0,0.0,0.0,65.6,0,126,61,39,65476,0,300,0,0,8,20529,65476,0,0,2621,60.0,0.0,0.0,0.0,0.0,0.0
2026-07-09T15:58:55,ERR,ERR,ERR,ERR,ERR,ERR,ERR,ERR,ERR,ERR,ERR,ERR,ERR,ERR,ERR,ERR,ERR,ERR,ERR,ERR,ERR,ERR,ERR,ERR,ERR,ERR,ERR,ERR,ERR,ERR,ERR,ERR,ERR,ERR,ERR,ERR,ERR,ERR,ERR,ERR,ERR,ERR,ERR,ERR,ERR,ERR,ERR,ERR,ERR,ERR,ERR,ERR,ERR,ERR,ERR,ERR,ERR,ERR,ERR,ERR,ERR,ERR,ERR,ERR,ERR,ERR,ERR,ERR,ERR,ERR,ERR,ERR,ERR,ERR,ERR,ERR,ERR,ERR,ERR,ERR,ERR,ERR,ERR,ERR,ERR,ERR,ERR,ERR,ERR,ERR,ERR,ERR,ERR,ERR,ERR,ERR,ERR,ERR,ERR,ERR,ERR,ERR,ERR,ERR,ERR,ERR,ERR,ERR,ERR,ERR,ERR,ERR,ERR,ERR,ERR,ERR,ERR,ERR,ERR,ERR,ERR,ERR,ERR,ERR,ERR,-0.0,-107615984.0,0.0,0.0,-1.211585465410569e+24,2.209638181324718e+17,-0.001,-23924482048.0,0,0,4,17309,7116,0.0,100,0.0,0.0,0.0,0.0,0.0,0,0,0,0,0.0,0,0,0,0,0,0,0,0,0,0,0,0,0,0,0,0,0,0,0,0,0,0,0,0,0,0,0,0,0,0,0,0,0,31,40,40,71,65476,0,300,0,0,8,21553,0.0,-107605600.0,0.0,0.0,0.0,0.0,0.0,0.0,0.0,0.0,0.0,0.0,0.0,0.0,0.0,0.0,0.0,0.0,0.0,0.0,0.0,0.0,0.0,0.0,0.0,0.0,0.0,0.0,0.0,0.0,5458.0,1.040667113973027e+34,6927.0,-0.0,-0.0,2.004,2.004,0.0,0.0,0.0,0.0,69,-0.0,0.0,0.0,0.0,0.0,0.0,0.0,0.0,0.0,0,0,0,0.0,0.0,0.0,0.0,0.0,0.0,0.0,0.0,0.0,0.0,0.0,0.0,0.0,0.0,0.0,0.0,0,-107875648.0,69,0.0,138,0.0,2.012,ERR,ERR,ERR,ERR,ERR,ERR,ERR,ERR,ERR,ERR,ERR,ERR,ERR,ERR,ERR,ERR,ERR,ERR,ERR,ERR,ERR,ERR,ERR,ERR,ERR,ERR,ERR,ERR,ERR,ERR,ERR,ERR,ERR,ERR,ERR,ERR,ERR,ERR,ERR,ERR,ERR,ERR,ERR,ERR,ERR,ERR,ERR,ERR,ERR,ERR,ERR,ERR,ERR,ERR,ERR,ERR,ERR,ERR,ERR,ERR,ERR,ERR,ERR,ERR,ERR,ERR,ERR,60.0,60.0,35,0.0,0.0,0.0,0.0,0.0,0.0,0.0,0.0,0.0,0.0,0.0,0.0,0.0,0.0,0.0,0.0,66.0,0,126,61,39,65476,0,300,0,0,8,20529,65476,0,0,2621,60.0,0.0,0.0,0.0,0.0,0.0
2026-07-09T15:58:56,ERR,ERR,ERR,ERR,ERR,ERR,ERR,ERR,ERR,ERR,ERR,ERR,ERR,ERR,ERR,ERR,ERR,ERR,ERR,ERR,ERR,ERR,ERR,ERR,ERR,ERR,ERR,ERR,ERR,ERR,ERR,ERR,ERR,ERR,ERR,ERR,ERR,ERR,ERR,ERR,ERR,ERR,ERR,ERR,ERR,ERR,ERR,ERR,ERR,ERR,ERR,ERR,ERR,ERR,ERR,ERR,ERR,ERR,ERR,ERR,ERR,ERR,ERR,ERR,ERR,ERR,ERR,ERR,ERR,ERR,ERR,ERR,ERR,ERR,ERR,ERR,ERR,ERR,ERR,ERR,ERR,ERR,ERR,ERR,ERR,ERR,ERR,ERR,ERR,ERR,ERR,ERR,ERR,ERR,ERR,ERR,ERR,ERR,ERR,ERR,ERR,ERR,ERR,ERR,ERR,ERR,ERR,ERR,ERR,ERR,ERR,ERR,ERR,ERR,ERR,ERR,ERR,ERR,ERR,ERR,ERR,ERR,ERR,ERR,ERR,-0.0,-107615984.0,0.0,0.0,-1.211585465410569e+24,2.209638181324718e+17,-0.001,-23924482048.0,0,0,4,17309,7116,0.0,100,0.0,0.0,0.0,0.0,0.0,0,0,0,0,0.0,0,0,0,0,0,0,0,0,0,0,0,0,0,0,0,0,0,0,0,0,0,0,0,0,0,0,0,0,0,0,0,0,0,31,40,40,71,65476,0,300,0,0,8,21553,0.0,-107605600.0,0.0,0.0,0.0,0.0,0.0,0.0,0.0,0.0,0.0,0.0,0.0,0.0,0.0,0.0,0.0,0.0,0.0,0.0,0.0,0.0,0.0,0.0,0.0,0.0,0.0,0.0,0.0,0.0,5458.0,1.040667113973027e+34,6927.0,-0.0,-0.0,2.004,2.004,0.0,0.0,0.0,0.0,69,-0.0,0.0,0.0,0.0,0.0,0.0,0.0,0.0,0.0,0,0,0,0.0,0.0,0.0,0.0,0.0,0.0,0.0,0.0,0.0,0.0,0.0,0.0,0.0,0.0,0.0,0.0,0,-107875648.0,69,0.0,138,0.0,2.012,ERR,ERR,ERR,ERR,ERR,ERR,ERR,ERR,ERR,ERR,ERR,ERR,ERR,ERR,ERR,ERR,ERR,ERR,ERR,ERR,ERR,ERR,ERR,ERR,ERR,ERR,ERR,ERR,ERR,ERR,ERR,ERR,ERR,ERR,ERR,ERR,ERR,ERR,ERR,ERR,ERR,ERR,ERR,ERR,ERR,ERR,ERR,ERR,ERR,ERR,ERR,ERR,ERR,ERR,ERR,ERR,ERR,ERR,ERR,ERR,ERR,ERR,ERR,ERR,ERR,ERR,ERR,60.0,60.0,35,0.0,0.0,0.0,0.0,0.0,0.0,0.0,0.0,0.0,0.0,0.0,0.0,0.0,0.0,0.0,0.0,66.0,0,126,61,39,65476,0,300,0,0,8,20529,65476,0,0,2621,60.0,0.0,0.0,0.0,0.0,0.0
2026-07-09T15:58:57,ERR,ERR,ERR,ERR,ERR,ERR,ERR,ERR,ERR,ERR,ERR,ERR,ERR,ERR,ERR,ERR,ERR,ERR,ERR,ERR,ERR,ERR,ERR,ERR,ERR,ERR,ERR,ERR,ERR,ERR,ERR,ERR,ERR,ERR,ERR,ERR,ERR,ERR,ERR,ERR,ERR,ERR,ERR,ERR,ERR,ERR,ERR,ERR,ERR,ERR,ERR,ERR,ERR,ERR,ERR,ERR,ERR,ERR,ERR,ERR,ERR,ERR,ERR,ERR,ERR,ERR,ERR,ERR,ERR,ERR,ERR,ERR,ERR,ERR,ERR,ERR,ERR,ERR,ERR,ERR,ERR,ERR,ERR,ERR,ERR,ERR,ERR,ERR,ERR,ERR,ERR,ERR,ERR,ERR,ERR,ERR,ERR,ERR,ERR,ERR,ERR,ERR,ERR,ERR,ERR,ERR,ERR,ERR,ERR,ERR,ERR,ERR,ERR,ERR,ERR,ERR,ERR,ERR,ERR,ERR,ERR,ERR,ERR,ERR,ERR,-0.0,-107615984.0,0.0,0.0,-1.211585465410569e+24,2.209638181324718e+17,-0.001,-23924482048.0,0,0,4,17309,7116,0.0,100,0.0,0.0,0.0,0.0,0.0,0,0,0,0,0.0,0,0,0,0,0,0,0,0,0,0,0,0,0,0,0,0,0,0,0,0,0,0,0,0,0,0,0,0,0,0,0,0,0,31,40,40,71,65476,0,300,0,0,8,21553,0.0,-107605600.0,0.0,0.0,0.0,0.0,0.0,0.0,0.0,0.0,0.0,0.0,0.0,0.0,0.0,0.0,0.0,0.0,0.0,0.0,0.0,0.0,0.0,0.0,0.0,0.0,0.0,0.0,0.0,0.0,5458.0,1.040667113973027e+34,6927.0,-0.0,-0.0,2.004,2.004,0.0,0.0,0.0,0.0,69,-0.0,0.0,0.0,0.0,0.0,0.0,0.0,0.0,0.0,0,0,0,0.0,0.0,0.0,0.0,0.0,0.0,0.0,0.0,0.0,0.0,0.0,0.0,0.0,0.0,0.0,0.0,0,-107875648.0,69,0.0,138,0.0,2.012,ERR,ERR,ERR,ERR,ERR,ERR,ERR,ERR,ERR,ERR,ERR,ERR,ERR,ERR,ERR,ERR,ERR,ERR,ERR,ERR,ERR,ERR,ERR,ERR,ERR,ERR,ERR,ERR,ERR,ERR,ERR,ERR,ERR,ERR,ERR,ERR,ERR,ERR,ERR,ERR,ERR,ERR,ERR,ERR,ERR,ERR,ERR,ERR,ERR,ERR,ERR,ERR,ERR,ERR,ERR,ERR,ERR,ERR,ERR,ERR,ERR,ERR,ERR,ERR,ERR,ERR,ERR,60.0,60.0,35,0.0,0.0,0.0,0.0,0.0,0.0,0.0,0.0,0.0,0.0,0.0,0.0,0.0,0.0,0.0,0.0,65.6,0,126,61,39,65476,0,300,0,0,8,20529,65476,0,0,2621,60.0,0.0,0.0,0.0,0.0,0.0
2026-07-09T15:58:58,ERR,ERR,ERR,ERR,ERR,ERR,ERR,ERR,ERR,ERR,ERR,ERR,ERR,ERR,ERR,ERR,ERR,ERR,ERR,ERR,ERR,ERR,ERR,ERR,ERR,ERR,ERR,ERR,ERR,ERR,ERR,ERR,ERR,ERR,ERR,ERR,ERR,ERR,ERR,ERR,ERR,ERR,ERR,ERR,ERR,ERR,ERR,ERR,ERR,ERR,ERR,ERR,ERR,ERR,ERR,ERR,ERR,ERR,ERR,ERR,ERR,ERR,ERR,ERR,ERR,ERR,ERR,ERR,ERR,ERR,ERR,ERR,ERR,ERR,ERR,ERR,ERR,ERR,ERR,ERR,ERR,ERR,ERR,ERR,ERR,ERR,ERR,ERR,ERR,ERR,ERR,ERR,ERR,ERR,ERR,ERR,ERR,ERR,ERR,ERR,ERR,ERR,ERR,ERR,ERR,ERR,ERR,ERR,ERR,ERR,ERR,ERR,ERR,ERR,ERR,ERR,ERR,ERR,ERR,ERR,ERR,ERR,ERR,ERR,ERR,-0.0,-107615984.0,0.0,0.0,-1.211585465410569e+24,2.209638181324718e+17,-0.001,-23924482048.0,0,0,4,17309,7116,0.0,100,0.0,0.0,0.0,0.0,0.0,0,0,0,0,0.0,0,0,0,0,0,0,0,0,0,0,0,0,0,0,0,0,0,0,0,0,0,0,0,0,0,0,0,0,0,0,0,0,0,31,40,40,71,65476,0,300,0,0,8,21553,0.0,-107605600.0,0.0,0.0,0.0,0.0,0.0,0.0,0.0,0.0,0.0,0.0,0.0,0.0,0.0,0.0,0.0,0.0,0.0,0.0,0.0,0.0,0.0,0.0,0.0,0.0,0.0,0.0,0.0,0.0,5458.0,1.040667113973027e+34,6927.0,-0.0,-0.0,2.004,2.004,0.0,0.0,0.0,0.0,69,-0.0,0.0,0.0,0.0,0.0,0.0,0.0,0.0,0.0,0,0,0,0.0,0.0,0.0,0.0,0.0,0.0,0.0,0.0,0.0,0.0,0.0,0.0,0.0,0.0,0.0,0.0,0,-107875648.0,69,0.0,138,0.0,2.012,ERR,ERR,ERR,ERR,ERR,ERR,ERR,ERR,ERR,ERR,ERR,ERR,ERR,ERR,ERR,ERR,ERR,ERR,ERR,ERR,ERR,ERR,ERR,ERR,ERR,ERR,ERR,ERR,ERR,ERR,ERR,ERR,ERR,ERR,ERR,ERR,ERR,ERR,ERR,ERR,ERR,ERR,ERR,ERR,ERR,ERR,ERR,ERR,ERR,ERR,ERR,ERR,ERR,ERR,ERR,ERR,ERR,ERR,ERR,ERR,ERR,ERR,ERR,ERR,ERR,ERR,ERR,60.0,60.0,35,0.0,0.0,0.0,0.0,0.0,0.0,0.0,0.0,0.0,0.0,0.0,0.0,0.0,0.0,0.0,0.0,65.6,0,126,61,39,65476,0,300,0,0,8,20529,65476,0,0,2621,60.0,0.0,0.0,0.0,0.0,0.0
2026-07-09T15:58:59,ERR,ERR,ERR,ERR,ERR,ERR,ERR,ERR,ERR,ERR,ERR,ERR,ERR,ERR,ERR,ERR,ERR,ERR,ERR,ERR,ERR,ERR,ERR,ERR,ERR,ERR,ERR,ERR,ERR,ERR,ERR,ERR,ERR,ERR,ERR,ERR,ERR,ERR,ERR,ERR,ERR,ERR,ERR,ERR,ERR,ERR,ERR,ERR,ERR,ERR,ERR,ERR,ERR,ERR,ERR,ERR,ERR,ERR,ERR,ERR,ERR,ERR,ERR,ERR,ERR,ERR,ERR,ERR,ERR,ERR,ERR,ERR,ERR,ERR,ERR,ERR,ERR,ERR,ERR,ERR,ERR,ERR,ERR,ERR,ERR,ERR,ERR,ERR,ERR,ERR,ERR,ERR,ERR,ERR,ERR,ERR,ERR,ERR,ERR,ERR,ERR,ERR,ERR,ERR,ERR,ERR,ERR,ERR,ERR,ERR,ERR,ERR,ERR,ERR,ERR,ERR,ERR,ERR,ERR,ERR,ERR,ERR,ERR,ERR,ERR,-0.0,-107615984.0,0.0,0.0,-1.211585465410569e+24,2.209638181324718e+17,-0.001,-23924482048.0,0,0,4,17309,7116,0.0,100,0.0,0.0,0.0,0.0,0.0,0,0,0,0,0.0,0,0,0,0,0,0,0,0,0,0,0,0,0,0,0,0,0,0,0,0,0,0,0,0,0,0,0,0,0,0,0,0,0,31,40,40,71,65476,0,300,0,0,8,21553,0.0,-107605600.0,0.0,0.0,0.0,0.0,0.0,0.0,0.0,0.0,0.0,0.0,0.0,0.0,0.0,0.0,0.0,0.0,0.0,0.0,0.0,0.0,0.0,0.0,0.0,0.0,0.0,0.0,0.0,0.0,5458.0,1.040667113973027e+34,6927.0,-0.0,-0.0,2.004,2.004,0.0,0.0,0.0,0.0,69,-0.0,0.0,0.0,0.0,0.0,0.0,0.0,0.0,0.0,0,0,0,0.0,0.0,0.0,0.0,0.0,0.0,0.0,0.0,0.0,0.0,0.0,0.0,0.0,0.0,0.0,0.0,0,-107875648.0,69,0.0,138,0.0,2.012,ERR,ERR,ERR,ERR,ERR,ERR,ERR,ERR,ERR,ERR,ERR,ERR,ERR,ERR,ERR,ERR,ERR,ERR,ERR,ERR,ERR,ERR,ERR,ERR,ERR,ERR,ERR,ERR,ERR,ERR,ERR,ERR,ERR,ERR,ERR,ERR,ERR,ERR,ERR,ERR,ERR,ERR,ERR,ERR,ERR,ERR,ERR,ERR,ERR,ERR,ERR,ERR,ERR,ERR,ERR,ERR,ERR,ERR,ERR,ERR,ERR,ERR,ERR,ERR,ERR,ERR,ERR,60.0,60.0,35,0.0,0.0,0.0,0.0,0.0,0.0,0.0,0.0,0.0,0.0,0.0,0.0,0.0,0.0,0.0,0.0,65.6,0,126,61,39,65476,0,300,0,0,8,20529,65476,0,0,2621,60.0,0.0,0.0,0.0,0.0,0.0
2026-07-09T15:59:00,ERR,ERR,ERR,ERR,ERR,ERR,ERR,ERR,ERR,ERR,ERR,ERR,ERR,ERR,ERR,ERR,ERR,ERR,ERR,ERR,ERR,ERR,ERR,ERR,ERR,ERR,ERR,ERR,ERR,ERR,ERR,ERR,ERR,ERR,ERR,ERR,ERR,ERR,ERR,ERR,ERR,ERR,ERR,ERR,ERR,ERR,ERR,ERR,ERR,ERR,ERR,ERR,ERR,ERR,ERR,ERR,ERR,ERR,ERR,ERR,ERR,ERR,ERR,ERR,ERR,ERR,ERR,ERR,ERR,ERR,ERR,ERR,ERR,ERR,ERR,ERR,ERR,ERR,ERR,ERR,ERR,ERR,ERR,ERR,ERR,ERR,ERR,ERR,ERR,ERR,ERR,ERR,ERR,ERR,ERR,ERR,ERR,ERR,ERR,ERR,ERR,ERR,ERR,ERR,ERR,ERR,ERR,ERR,ERR,ERR,ERR,ERR,ERR,ERR,ERR,ERR,ERR,ERR,ERR,ERR,ERR,ERR,ERR,ERR,ERR,-0.0,-107615984.0,0.0,0.0,-1.211585465410569e+24,2.209638181324718e+17,-0.001,-23924482048.0,0,0,4,17309,7116,0.0,100,0.0,0.0,0.0,0.0,0.0,0,0,0,0,0.0,0,0,0,0,0,0,0,0,0,0,0,0,0,0,0,0,0,0,0,0,0,0,0,0,0,0,0,0,0,0,0,0,0,31,40,40,71,65476,0,300,0,0,8,21553,0.0,-107605600.0,0.0,0.0,0.0,0.0,0.0,0.0,0.0,0.0,0.0,0.0,0.0,0.0,0.0,0.0,0.0,0.0,0.0,0.0,0.0,0.0,0.0,0.0,0.0,0.0,0.0,0.0,0.0,0.0,5458.0,1.040667113973027e+34,6927.0,-0.0,-0.0,2.004,2.004,0.0,0.0,0.0,0.0,69,-0.0,0.0,0.0,0.0,0.0,0.0,0.0,0.0,0.0,0,0,0,0.0,0.0,0.0,0.0,0.0,0.0,0.0,0.0,0.0,0.0,0.0,0.0,0.0,0.0,0.0,0.0,0,-107875648.0,69,0.0,138,0.0,2.012,ERR,ERR,ERR,ERR,ERR,ERR,ERR,ERR,ERR,ERR,ERR,ERR,ERR,ERR,ERR,ERR,ERR,ERR,ERR,ERR,ERR,ERR,ERR,ERR,ERR,ERR,ERR,ERR,ERR,ERR,ERR,ERR,ERR,ERR,ERR,ERR,ERR,ERR,ERR,ERR,ERR,ERR,ERR,ERR,ERR,ERR,ERR,ERR,ERR,ERR,ERR,ERR,ERR,ERR,ERR,ERR,ERR,ERR,ERR,ERR,ERR,ERR,ERR,ERR,ERR,ERR,ERR,60.0,60.0,35,0.0,0.0,0.0,0.0,0.0,0.0,0.0,0.0,0.0,0.0,0.0,0.0,0.0,0.0,0.0,0.0,65.6,0,126,61,39,65476,0,300,0,0,8,20529,65476,0,0,2621,60.0,0.0,0.0,0.0,0.0,0.0
2026-07-09T15:59:01,ERR,ERR,ERR,ERR,ERR,ERR,ERR,ERR,ERR,ERR,ERR,ERR,ERR,ERR,ERR,ERR,ERR,ERR,ERR,ERR,ERR,ERR,ERR,ERR,ERR,ERR,ERR,ERR,ERR,ERR,ERR,ERR,ERR,ERR,ERR,ERR,ERR,ERR,ERR,ERR,ERR,ERR,ERR,ERR,ERR,ERR,ERR,ERR,ERR,ERR,ERR,ERR,ERR,ERR,ERR,ERR,ERR,ERR,ERR,ERR,ERR,ERR,ERR,ERR,ERR,ERR,ERR,ERR,ERR,ERR,ERR,ERR,ERR,ERR,ERR,ERR,ERR,ERR,ERR,ERR,ERR,ERR,ERR,ERR,ERR,ERR,ERR,ERR,ERR,ERR,ERR,ERR,ERR,ERR,ERR,ERR,ERR,ERR,ERR,ERR,ERR,ERR,ERR,ERR,ERR,ERR,ERR,ERR,ERR,ERR,ERR,ERR,ERR,ERR,ERR,ERR,ERR,ERR,ERR,ERR,ERR,ERR,ERR,ERR,ERR,-0.0,2.718444432386899e+23,0.0,2.7183478752108883e+23,-2091267.125,-0.0,-3.1220163184512115e+24,0.528,0,0,4,17307,7116,0.0,100,0.0,0.0,2.7183478752108883e+23,0.0,0.0,0,0,0,0,0.0,0,0,0,0,0,0,0,0,0,0,0,0,0,0,0,0,0,0,0,0,0,0,0,0,0,0,0,0,0,0,0,0,0,31,40,40,71,65476,0,300,0,0,8,21553,0.0,-107605600.0,0.0,0.0,0.0,0.0,0.0,0.0,0.0,0.0,0.0,0.0,0.0,0.0,0.0,0.0,0.0,0.0,0.0,0.0,0.0,0.0,0.0,0.0,0.0,0.0,0.0,0.0,0.0,0.0,5467.0,-0.0,6933.0,-0.0,-0.0,2.004,2.004,0.0,0.0,0.0,0.0,69,-4.950412349923749e+32,4.066860458222289e+29,0.0,0.0,0.0,0.0,0.0,0.0,0.0,0,0,0,0.0,0.0,0.0,0.0,0.0,0.0,0.0,0.0,0.0,0.0,0.0,0.0,0.0,0.0,0.0,0.0,0,-107875648.0,69,0.0,138,0.0,2.012,ERR,ERR,ERR,ERR,ERR,ERR,ERR,ERR,ERR,ERR,ERR,ERR,ERR,ERR,ERR,ERR,ERR,ERR,ERR,ERR,ERR,ERR,ERR,ERR,ERR,ERR,ERR,ERR,ERR,ERR,ERR,ERR,ERR,ERR,ERR,ERR,ERR,ERR,ERR,ERR,ERR,ERR,ERR,ERR,ERR,ERR,ERR,ERR,ERR,ERR,ERR,ERR,ERR,ERR,ERR,ERR,ERR,ERR,ERR,ERR,ERR,ERR,ERR,ERR,ERR,ERR,ERR,60.0,60.0,35,0.0,0.0,0.0,0.0,0.0,0.0,0.0,0.0,0.0,0.0,0.0,0.0,0.0,0.0,0.0,0.0,65.6,0,126,61,39,65476,0,300,0,0,8,20529,65476,0,0,2621,60.0,0.0,0.0,0.0,0.0,0.0
2026-07-09T15:59:02,ERR,ERR,ERR,ERR,ERR,ERR,ERR,ERR,ERR,ERR,ERR,ERR,ERR,ERR,ERR,ERR,ERR,ERR,ERR,ERR,ERR,ERR,ERR,ERR,ERR,ERR,ERR,ERR,ERR,ERR,ERR,ERR,ERR,ERR,ERR,ERR,ERR,ERR,ERR,ERR,ERR,ERR,ERR,ERR,ERR,ERR,ERR,ERR,ERR,ERR,ERR,ERR,ERR,ERR,ERR,ERR,ERR,ERR,ERR,ERR,ERR,ERR,ERR,ERR,ERR,ERR,ERR,ERR,ERR,ERR,ERR,ERR,ERR,ERR,ERR,ERR,ERR,ERR,ERR,ERR,ERR,ERR,ERR,ERR,ERR,ERR,ERR,ERR,ERR,ERR,ERR,ERR,ERR,ERR,ERR,ERR,ERR,ERR,ERR,ERR,ERR,ERR,ERR,ERR,ERR,ERR,ERR,ERR,ERR,ERR,ERR,ERR,ERR,ERR,ERR,ERR,ERR,ERR,ERR,ERR,ERR,ERR,ERR,ERR,ERR,-0.0,2.718444432386899e+23,0.0,2.7183478752108883e+23,-2091267.125,-0.0,-3.1220163184512115e+24,0.528,0,0,4,17307,7116,0.0,100,0.0,0.0,2.7183478752108883e+23,0.0,0.0,0,0,0,0,0.0,0,0,0,0,0,0,0,0,0,0,0,0,0,0,0,0,0,0,0,0,0,0,0,0,0,0,0,0,0,0,0,0,0,31,40,40,71,65476,0,300,0,0,8,21553,0.0,-107605600.0,0.0,0.0,0.0,0.0,0.0,0.0,0.0,0.0,0.0,0.0,0.0,0.0,0.0,0.0,0.0,0.0,0.0,0.0,0.0,0.0,0.0,0.0,0.0,0.0,0.0,0.0,0.0,0.0,5467.0,-0.0,6933.0,-0.0,-0.0,2.004,2.004,0.0,0.0,0.0,0.0,69,-4.950412349923749e+32,4.066860458222289e+29,0.0,0.0,0.0,0.0,0.0,0.0,0.0,0,0,0,0.0,0.0,0.0,0.0,0.0,0.0,0.0,0.0,0.0,0.0,0.0,0.0,0.0,0.0,0.0,0.0,0,-107875648.0,69,0.0,138,0.0,2.012,ERR,ERR,ERR,ERR,ERR,ERR,ERR,ERR,ERR,ERR,ERR,ERR,ERR,ERR,ERR,ERR,ERR,ERR,ERR,ERR,ERR,ERR,ERR,ERR,ERR,ERR,ERR,ERR,ERR,ERR,ERR,ERR,ERR,ERR,ERR,ERR,ERR,ERR,ERR,ERR,ERR,ERR,ERR,ERR,ERR,ERR,ERR,ERR,ERR,ERR,ERR,ERR,ERR,ERR,ERR,ERR,ERR,ERR,ERR,ERR,ERR,ERR,ERR,ERR,ERR,ERR,ERR,60.0,60.0,35,0.0,0.0,0.0,0.0,0.0,0.0,0.0,0.0,0.0,0.0,0.0,0.0,0.0,0.0,0.0,0.0,65.6,0,127,61,39,65476,0,300,0,0,8,20529,65476,0,0,2621,60.0,0.0,0.0,0.0,0.0,0.0
2026-07-09T15:59:03,ERR,ERR,ERR,ERR,ERR,ERR,ERR,ERR,ERR,ERR,ERR,ERR,ERR,ERR,ERR,ERR,ERR,ERR,ERR,ERR,ERR,ERR,ERR,ERR,ERR,ERR,ERR,ERR,ERR,ERR,ERR,ERR,ERR,ERR,ERR,ERR,ERR,ERR,ERR,ERR,ERR,ERR,ERR,ERR,ERR,ERR,ERR,ERR,ERR,ERR,ERR,ERR,ERR,ERR,ERR,ERR,ERR,ERR,ERR,ERR,ERR,ERR,ERR,ERR,ERR,ERR,ERR,ERR,ERR,ERR,ERR,ERR,ERR,ERR,ERR,ERR,ERR,ERR,ERR,ERR,ERR,ERR,ERR,ERR,ERR,ERR,ERR,ERR,ERR,ERR,ERR,ERR,ERR,ERR,ERR,ERR,ERR,ERR,ERR,ERR,ERR,ERR,ERR,ERR,ERR,ERR,ERR,ERR,ERR,ERR,ERR,ERR,ERR,ERR,ERR,ERR,ERR,ERR,ERR,ERR,ERR,ERR,ERR,ERR,ERR,-0.0,2.718444432386899e+23,0.0,2.7183478752108883e+23,-2091267.125,-0.0,-3.1220163184512115e+24,0.528,0,0,4,17307,7116,0.0,100,0.0,0.0,2.7183478752108883e+23,0.0,0.0,0,0,0,0,0.0,0,0,0,0,0,0,0,0,0,0,0,0,0,0,0,0,0,0,0,0,0,0,0,0,0,0,0,0,0,0,0,0,0,31,40,40,71,65476,0,300,0,0,8,21553,0.0,-107605600.0,0.0,0.0,0.0,0.0,0.0,0.0,0.0,0.0,0.0,0.0,0.0,0.0,0.0,0.0,0.0,0.0,0.0,0.0,0.0,0.0,0.0,0.0,0.0,0.0,0.0,0.0,0.0,0.0,5467.0,-0.0,6933.0,-0.0,-0.0,2.004,2.004,0.0,0.0,0.0,0.0,69,-4.950412349923749e+32,4.066860458222289e+29,0.0,0.0,0.0,0.0,0.0,0.0,0.0,0,0,0,0.0,0.0,0.0,0.0,0.0,0.0,0.0,0.0,0.0,0.0,0.0,0.0,0.0,0.0,0.0,0.0,0,-107875648.0,69,0.0,138,0.0,2.012,ERR,ERR,ERR,ERR,ERR,ERR,ERR,ERR,ERR,ERR,ERR,ERR,ERR,ERR,ERR,ERR,ERR,ERR,ERR,ERR,ERR,ERR,ERR,ERR,ERR,ERR,ERR,ERR,ERR,ERR,ERR,ERR,ERR,ERR,ERR,ERR,ERR,ERR,ERR,ERR,ERR,ERR,ERR,ERR,ERR,ERR,ERR,ERR,ERR,ERR,ERR,ERR,ERR,ERR,ERR,ERR,ERR,ERR,ERR,ERR,ERR,ERR,ERR,ERR,ERR,ERR,ERR,60.0,60.0,35,0.0,0.0,0.0,0.0,0.0,0.0,0.0,0.0,0.0,0.0,0.0,0.0,0.0,0.0,0.0,0.0,65.6,0,127,61,39,65476,0,300,0,0,8,20529,65476,0,0,2621,60.0,0.0,0.0,0.0,0.0,0.0
2026-07-09T15:59:04,ERR,ERR,ERR,ERR,ERR,ERR,ERR,ERR,ERR,ERR,ERR,ERR,ERR,ERR,ERR,ERR,ERR,ERR,ERR,ERR,ERR,ERR,ERR,ERR,ERR,ERR,ERR,ERR,ERR,ERR,ERR,ERR,ERR,ERR,ERR,ERR,ERR,ERR,ERR,ERR,ERR,ERR,ERR,ERR,ERR,ERR,ERR,ERR,ERR,ERR,ERR,ERR,ERR,ERR,ERR,ERR,ERR,ERR,ERR,ERR,ERR,ERR,ERR,ERR,ERR,ERR,ERR,ERR,ERR,ERR,ERR,ERR,ERR,ERR,ERR,ERR,ERR,ERR,ERR,ERR,ERR,ERR,ERR,ERR,ERR,ERR,ERR,ERR,ERR,ERR,ERR,ERR,ERR,ERR,ERR,ERR,ERR,ERR,ERR,ERR,ERR,ERR,ERR,ERR,ERR,ERR,ERR,ERR,ERR,ERR,ERR,ERR,ERR,ERR,ERR,ERR,ERR,ERR,ERR,ERR,ERR,ERR,ERR,ERR,ERR,-0.0,2.718444432386899e+23,0.0,2.7183478752108883e+23,-2091267.125,-0.0,-3.1220163184512115e+24,0.528,0,0,4,17307,7116,0.0,100,0.0,0.0,2.7183478752108883e+23,0.0,0.0,0,0,0,0,0.0,0,0,0,0,0,0,0,0,0,0,0,0,0,0,0,0,0,0,0,0,0,0,0,0,0,0,0,0,0,0,0,0,0,31,40,40,71,65476,0,300,0,0,8,21553,0.0,-107605600.0,0.0,0.0,0.0,0.0,0.0,0.0,0.0,0.0,0.0,0.0,0.0,0.0,0.0,0.0,0.0,0.0,0.0,0.0,0.0,0.0,0.0,0.0,0.0,0.0,0.0,0.0,0.0,0.0,5467.0,-0.0,6933.0,-0.0,-0.0,2.004,2.004,0.0,0.0,0.0,0.0,69,-4.950412349923749e+32,4.066860458222289e+29,0.0,0.0,0.0,0.0,0.0,0.0,0.0,0,0,0,0.0,0.0,0.0,0.0,0.0,0.0,0.0,0.0,0.0,0.0,0.0,0.0,0.0,0.0,0.0,0.0,0,-107875648.0,69,0.0,138,0.0,2.012,ERR,ERR,ERR,ERR,ERR,ERR,ERR,ERR,ERR,ERR,ERR,ERR,ERR,ERR,ERR,ERR,ERR,ERR,ERR,ERR,ERR,ERR,ERR,ERR,ERR,ERR,ERR,ERR,ERR,ERR,ERR,ERR,ERR,ERR,ERR,ERR,ERR,ERR,ERR,ERR,ERR,ERR,ERR,ERR,ERR,ERR,ERR,ERR,ERR,ERR,ERR,ERR,ERR,ERR,ERR,ERR,ERR,ERR,ERR,ERR,ERR,ERR,ERR,ERR,ERR,ERR,ERR,60.0,60.0,35,0.0,0.0,0.0,0.0,0.0,0.0,0.0,0.0,0.0,0.0,0.0,0.0,0.0,0.0,0.0,0.0,65.6,0,127,61,39,65476,0,300,0,0,8,20529,65476,0,0,2621,60.0,0.0,0.0,0.0,0.0,0.0
2026-07-09T15:59:05,ERR,ERR,ERR,ERR,ERR,ERR,ERR,ERR,ERR,ERR,ERR,ERR,ERR,ERR,ERR,ERR,ERR,ERR,ERR,ERR,ERR,ERR,ERR,ERR,ERR,ERR,ERR,ERR,ERR,ERR,ERR,ERR,ERR,ERR,ERR,ERR,ERR,ERR,ERR,ERR,ERR,ERR,ERR,ERR,ERR,ERR,ERR,ERR,ERR,ERR,ERR,ERR,ERR,ERR,ERR,ERR,ERR,ERR,ERR,ERR,ERR,ERR,ERR,ERR,ERR,ERR,ERR,ERR,ERR,ERR,ERR,ERR,ERR,ERR,ERR,ERR,ERR,ERR,ERR,ERR,ERR,ERR,ERR,ERR,ERR,ERR,ERR,ERR,ERR,ERR,ERR,ERR,ERR,ERR,ERR,ERR,ERR,ERR,ERR,ERR,ERR,ERR,ERR,ERR,ERR,ERR,ERR,ERR,ERR,ERR,ERR,ERR,ERR,ERR,ERR,ERR,ERR,ERR,ERR,ERR,ERR,ERR,ERR,ERR,ERR,-0.0,2.718444432386899e+23,0.0,2.7183478752108883e+23,-2091267.125,-0.0,-3.1220163184512115e+24,0.528,0,0,4,17307,7116,0.0,100,0.0,0.0,2.7183478752108883e+23,0.0,0.0,0,0,0,0,0.0,0,0,0,0,0,0,0,0,0,0,0,0,0,0,0,0,0,0,0,0,0,0,0,0,0,0,0,0,0,0,0,0,0,31,40,40,71,65476,0,300,0,0,8,21553,0.0,-107605600.0,0.0,0.0,0.0,0.0,0.0,0.0,0.0,0.0,0.0,0.0,0.0,0.0,0.0,0.0,0.0,0.0,0.0,0.0,0.0,0.0,0.0,0.0,0.0,0.0,0.0,0.0,0.0,0.0,5467.0,-0.0,6933.0,-0.0,-0.0,2.004,2.004,0.0,0.0,0.0,0.0,69,-4.950412349923749e+32,4.066860458222289e+29,0.0,0.0,0.0,0.0,0.0,0.0,0.0,0,0,0,0.0,0.0,0.0,0.0,0.0,0.0,0.0,0.0,0.0,0.0,0.0,0.0,0.0,0.0,0.0,0.0,0,-107875648.0,69,0.0,138,0.0,2.012,ERR,ERR,ERR,ERR,ERR,ERR,ERR,ERR,ERR,ERR,ERR,ERR,ERR,ERR,ERR,ERR,ERR,ERR,ERR,ERR,ERR,ERR,ERR,ERR,ERR,ERR,ERR,ERR,ERR,ERR,ERR,ERR,ERR,ERR,ERR,ERR,ERR,ERR,ERR,ERR,ERR,ERR,ERR,ERR,ERR,ERR,ERR,ERR,ERR,ERR,ERR,ERR,ERR,ERR,ERR,ERR,ERR,ERR,ERR,ERR,ERR,ERR,ERR,ERR,ERR,ERR,ERR,60.0,60.0,35,0.0,0.0,0.0,0.0,0.0,0.0,0.0,0.0,0.0,0.0,0.0,0.0,0.0,0.0,0.0,0.0,65.6,0,127,61,39,65476,0,300,0,0,8,20529,65476,0,0,2621,60.0,0.0,0.0,0.0,0.0,0.0
2026-07-09T15:59:06,ERR,ERR,ERR,ERR,ERR,ERR,ERR,ERR,ERR,ERR,ERR,ERR,ERR,ERR,ERR,ERR,ERR,ERR,ERR,ERR,ERR,ERR,ERR,ERR,ERR,ERR,ERR,ERR,ERR,ERR,ERR,ERR,ERR,ERR,ERR,ERR,ERR,ERR,ERR,ERR,ERR,ERR,ERR,ERR,ERR,ERR,ERR,ERR,ERR,ERR,ERR,ERR,ERR,ERR,ERR,ERR,ERR,ERR,ERR,ERR,ERR,ERR,ERR,ERR,ERR,ERR,ERR,ERR,ERR,ERR,ERR,ERR,ERR,ERR,ERR,ERR,ERR,ERR,ERR,ERR,ERR,ERR,ERR,ERR,ERR,ERR,ERR,ERR,ERR,ERR,ERR,ERR,ERR,ERR,ERR,ERR,ERR,ERR,ERR,ERR,ERR,ERR,ERR,ERR,ERR,ERR,ERR,ERR,ERR,ERR,ERR,ERR,ERR,ERR,ERR,ERR,ERR,ERR,ERR,ERR,ERR,ERR,ERR,ERR,ERR,-0.0,-107615984.0,0.0,0.0,-1.211585465410569e+24,6.92488739925881e+19,-0.146,-87687840.0,0,0,4,17307,7116,0.0,100,0.0,0.0,0.0,0.0,0.0,0,0,0,0,0.0,0,0,0,0,0,0,0,0,0,0,0,0,0,0,0,0,0,0,0,0,0,0,0,0,0,0,0,0,0,0,0,0,0,31,40,40,71,65476,0,300,0,0,8,21553,0.0,-107605600.0,0.0,0.0,0.0,0.0,0.0,0.0,0.0,0.0,0.0,0.0,0.0,0.0,0.0,0.0,0.0,0.0,0.0,0.0,0.0,0.0,0.0,2.004,0.0,0.0,0.0,0.0,0.0,0.0,5441.0,-0.0,6935.0,-0.0,-107615984.0,2.004,2.004,0.0,0.0,0.0,0.0,69,0.0,-0.0,0.0,0.0,0.0,0.0,0.0,0.0,0.0,0,0,0,0.0,0.0,0.0,0.0,0.0,0.0,0.0,0.0,0.0,0.0,0.0,0.0,0.0,0.0,0.0,0.0,0,-107875648.0,69,0.0,138,0.0,2.012,ERR,ERR,ERR,ERR,ERR,ERR,ERR,ERR,ERR,ERR,ERR,ERR,ERR,ERR,ERR,ERR,ERR,ERR,ERR,ERR,ERR,ERR,ERR,ERR,ERR,ERR,ERR,ERR,ERR,ERR,ERR,ERR,ERR,ERR,ERR,ERR,ERR,ERR,ERR,ERR,ERR,ERR,ERR,ERR,ERR,ERR,ERR,ERR,ERR,ERR,ERR,ERR,ERR,ERR,ERR,ERR,ERR,ERR,ERR,ERR,ERR,ERR,ERR,ERR,ERR,ERR,ERR,60.0,60.0,35,0.0,0.0,0.0,0.0,0.0,0.0,0.0,0.0,0.0,0.0,0.0,0.0,0.0,0.0,0.0,0.0,65.6,0,127,61,39,65476,0,300,0,0,8,20529,65476,0,0,2621,60.0,0.0,0.0,0.0,0.0,0.0
2026-07-09T15:59:07,ERR,ERR,ERR,ERR,ERR,ERR,ERR,ERR,ERR,ERR,ERR,ERR,ERR,ERR,ERR,ERR,ERR,ERR,ERR,ERR,ERR,ERR,ERR,ERR,ERR,ERR,ERR,ERR,ERR,ERR,ERR,ERR,ERR,ERR,ERR,ERR,ERR,ERR,ERR,ERR,ERR,ERR,ERR,ERR,ERR,ERR,ERR,ERR,ERR,ERR,ERR,ERR,ERR,ERR,ERR,ERR,ERR,ERR,ERR,ERR,ERR,ERR,ERR,ERR,ERR,ERR,ERR,ERR,ERR,ERR,ERR,ERR,ERR,ERR,ERR,ERR,ERR,ERR,ERR,ERR,ERR,ERR,ERR,ERR,ERR,ERR,ERR,ERR,ERR,ERR,ERR,ERR,ERR,ERR,ERR,ERR,ERR,ERR,ERR,ERR,ERR,ERR,ERR,ERR,ERR,ERR,ERR,ERR,ERR,ERR,ERR,ERR,ERR,ERR,ERR,ERR,ERR,ERR,ERR,ERR,ERR,ERR,ERR,ERR,ERR,-0.0,-107615984.0,0.0,0.0,-1.211585465410569e+24,6.92488739925881e+19,-0.146,-87687840.0,0,0,4,17307,7116,0.0,100,0.0,0.0,0.0,0.0,0.0,0,0,0,0,0.0,0,0,0,0,0,0,0,0,0,0,0,0,0,0,0,0,0,0,0,0,0,0,0,0,0,0,0,0,0,0,0,0,0,31,40,40,71,65476,0,300,0,0,8,21553,0.0,-107605600.0,0.0,0.0,0.0,0.0,0.0,0.0,0.0,0.0,0.0,0.0,0.0,0.0,0.0,0.0,0.0,0.0,0.0,0.0,0.0,0.0,0.0,2.004,0.0,0.0,0.0,0.0,0.0,0.0,5441.0,-0.0,6935.0,-0.0,-107615984.0,2.004,2.004,0.0,0.0,0.0,0.0,69,0.0,-0.0,0.0,0.0,0.0,0.0,0.0,0.0,0.0,0,0,0,0.0,0.0,0.0,0.0,0.0,0.0,0.0,0.0,0.0,0.0,0.0,0.0,0.0,0.0,0.0,0.0,0,-107875648.0,69,0.0,138,0.0,2.012,ERR,ERR,ERR,ERR,ERR,ERR,ERR,ERR,ERR,ERR,ERR,ERR,ERR,ERR,ERR,ERR,ERR,ERR,ERR,ERR,ERR,ERR,ERR,ERR,ERR,ERR,ERR,ERR,ERR,ERR,ERR,ERR,ERR,ERR,ERR,ERR,ERR,ERR,ERR,ERR,ERR,ERR,ERR,ERR,ERR,ERR,ERR,ERR,ERR,ERR,ERR,ERR,ERR,ERR,ERR,ERR,ERR,ERR,ERR,ERR,ERR,ERR,ERR,ERR,ERR,ERR,ERR,60.0,60.0,35,0.0,0.0,0.0,0.0,0.0,0.0,0.0,0.0,0.0,0.0,0.0,0.0,0.0,0.0,0.0,0.0,66.0,0,127,61,39,65476,0,300,0,0,8,20529,65476,0,0,2621,60.0,0.0,0.0,0.0,0.0,0.0
2026-07-09T15:59:08,ERR,ERR,ERR,ERR,ERR,ERR,ERR,ERR,ERR,ERR,ERR,ERR,ERR,ERR,ERR,ERR,ERR,ERR,ERR,ERR,ERR,ERR,ERR,ERR,ERR,ERR,ERR,ERR,ERR,ERR,ERR,ERR,ERR,ERR,ERR,ERR,ERR,ERR,ERR,ERR,ERR,ERR,ERR,ERR,ERR,ERR,ERR,ERR,ERR,ERR,ERR,ERR,ERR,ERR,ERR,ERR,ERR,ERR,ERR,ERR,ERR,ERR,ERR,ERR,ERR,ERR,ERR,ERR,ERR,ERR,ERR,ERR,ERR,ERR,ERR,ERR,ERR,ERR,ERR,ERR,ERR,ERR,ERR,ERR,ERR,ERR,ERR,ERR,ERR,ERR,ERR,ERR,ERR,ERR,ERR,ERR,ERR,ERR,ERR,ERR,ERR,ERR,ERR,ERR,ERR,ERR,ERR,ERR,ERR,ERR,ERR,ERR,ERR,ERR,ERR,ERR,ERR,ERR,ERR,ERR,ERR,ERR,ERR,ERR,ERR,-0.0,-107615984.0,0.0,0.0,-1.211585465410569e+24,6.92488739925881e+19,-0.146,-87687840.0,0,0,4,17307,7116,0.0,100,0.0,0.0,0.0,0.0,0.0,0,0,0,0,0.0,0,0,0,0,0,0,0,0,0,0,0,0,0,0,0,0,0,0,0,0,0,0,0,0,0,0,0,0,0,0,0,0,0,31,40,40,71,65476,0,300,0,0,8,21553,0.0,-107605600.0,0.0,0.0,0.0,0.0,0.0,0.0,0.0,0.0,0.0,0.0,0.0,0.0,0.0,0.0,0.0,0.0,0.0,0.0,0.0,0.0,0.0,2.004,0.0,0.0,0.0,0.0,0.0,0.0,5441.0,-0.0,6935.0,-0.0,-107615984.0,2.004,2.004,0.0,0.0,0.0,0.0,69,0.0,-0.0,0.0,0.0,0.0,0.0,0.0,0.0,0.0,0,0,0,0.0,0.0,0.0,0.0,0.0,0.0,0.0,0.0,0.0,0.0,0.0,0.0,0.0,0.0,0.0,0.0,0,-107875648.0,69,0.0,138,0.0,2.012,ERR,ERR,ERR,ERR,ERR,ERR,ERR,ERR,ERR,ERR,ERR,ERR,ERR,ERR,ERR,ERR,ERR,ERR,ERR,ERR,ERR,ERR,ERR,ERR,ERR,ERR,ERR,ERR,ERR,ERR,ERR,ERR,ERR,ERR,ERR,ERR,ERR,ERR,ERR,ERR,ERR,ERR,ERR,ERR,ERR,ERR,ERR,ERR,ERR,ERR,ERR,ERR,ERR,ERR,ERR,ERR,ERR,ERR,ERR,ERR,ERR,ERR,ERR,ERR,ERR,ERR,ERR,60.0,60.0,35,0.0,0.0,0.0,0.0,0.0,0.0,0.0,0.0,0.0,0.0,0.0,0.0,0.0,0.0,0.0,0.0,66.0,0,127,61,39,65476,0,300,0,0,8,20529,65476,0,0,2621,60.0,0.0,0.0,0.0,0.0,0.0
2026-07-09T15:59:09,ERR,ERR,ERR,ERR,ERR,ERR,ERR,ERR,ERR,ERR,ERR,ERR,ERR,ERR,ERR,ERR,ERR,ERR,ERR,ERR,ERR,ERR,ERR,ERR,ERR,ERR,ERR,ERR,ERR,ERR,ERR,ERR,ERR,ERR,ERR,ERR,ERR,ERR,ERR,ERR,ERR,ERR,ERR,ERR,ERR,ERR,ERR,ERR,ERR,ERR,ERR,ERR,ERR,ERR,ERR,ERR,ERR,ERR,ERR,ERR,ERR,ERR,ERR,ERR,ERR,ERR,ERR,ERR,ERR,ERR,ERR,ERR,ERR,ERR,ERR,ERR,ERR,ERR,ERR,ERR,ERR,ERR,ERR,ERR,ERR,ERR,ERR,ERR,ERR,ERR,ERR,ERR,ERR,ERR,ERR,ERR,ERR,ERR,ERR,ERR,ERR,ERR,ERR,ERR,ERR,ERR,ERR,ERR,ERR,ERR,ERR,ERR,ERR,ERR,ERR,ERR,ERR,ERR,ERR,ERR,ERR,ERR,ERR,ERR,ERR,-0.0,-107615984.0,0.0,0.0,-1.211585465410569e+24,6.92488739925881e+19,-0.146,-87687840.0,0,0,4,17307,7116,0.0,100,0.0,0.0,0.0,0.0,0.0,0,0,0,0,0.0,0,0,0,0,0,0,0,0,0,0,0,0,0,0,0,0,0,0,0,0,0,0,0,0,0,0,0,0,0,0,0,0,0,31,40,40,71,65476,0,300,0,0,8,21553,0.0,-107605600.0,0.0,0.0,0.0,0.0,0.0,0.0,0.0,0.0,0.0,0.0,0.0,0.0,0.0,0.0,0.0,0.0,0.0,0.0,0.0,0.0,0.0,2.004,0.0,0.0,0.0,0.0,0.0,0.0,5441.0,-0.0,6935.0,-0.0,-107615984.0,2.004,2.004,0.0,0.0,0.0,0.0,69,0.0,-0.0,0.0,0.0,0.0,0.0,0.0,0.0,0.0,0,0,0,0.0,0.0,0.0,0.0,0.0,0.0,0.0,0.0,0.0,0.0,0.0,0.0,0.0,0.0,0.0,0.0,0,-107875648.0,69,0.0,138,0.0,2.012,ERR,ERR,ERR,ERR,ERR,ERR,ERR,ERR,ERR,ERR,ERR,ERR,ERR,ERR,ERR,ERR,ERR,ERR,ERR,ERR,ERR,ERR,ERR,ERR,ERR,ERR,ERR,ERR,ERR,ERR,ERR,ERR,ERR,ERR,ERR,ERR,ERR,ERR,ERR,ERR,ERR,ERR,ERR,ERR,ERR,ERR,ERR,ERR,ERR,ERR,ERR,ERR,ERR,ERR,ERR,ERR,ERR,ERR,ERR,ERR,ERR,ERR,ERR,ERR,ERR,ERR,ERR,60.0,60.0,35,0.0,0.0,0.0,0.0,0.0,0.0,0.0,0.0,0.0,0.0,0.0,0.0,0.0,0.0,0.0,0.0,65.6,0,127,61,39,65476,0,300,0,0,8,20529,65476,0,0,2621,60.0,0.0,0.0,0.0,0.0,0.0
2026-07-09T15:59:10,ERR,ERR,ERR,ERR,ERR,ERR,ERR,ERR,ERR,ERR,ERR,ERR,ERR,ERR,ERR,ERR,ERR,ERR,ERR,ERR,ERR,ERR,ERR,ERR,ERR,ERR,ERR,ERR,ERR,ERR,ERR,ERR,ERR,ERR,ERR,ERR,ERR,ERR,ERR,ERR,ERR,ERR,ERR,ERR,ERR,ERR,ERR,ERR,ERR,ERR,ERR,ERR,ERR,ERR,ERR,ERR,ERR,ERR,ERR,ERR,ERR,ERR,ERR,ERR,ERR,ERR,ERR,ERR,ERR,ERR,ERR,ERR,ERR,ERR,ERR,ERR,ERR,ERR,ERR,ERR,ERR,ERR,ERR,ERR,ERR,ERR,ERR,ERR,ERR,ERR,ERR,ERR,ERR,ERR,ERR,ERR,ERR,ERR,ERR,ERR,ERR,ERR,ERR,ERR,ERR,ERR,ERR,ERR,ERR,ERR,ERR,ERR,ERR,ERR,ERR,ERR,ERR,ERR,ERR,ERR,ERR,ERR,ERR,ERR,ERR,-0.0,-107615984.0,0.0,0.0,-1.211585465410569e+24,6.92488739925881e+19,-0.146,-87687840.0,0,0,4,17307,7116,0.0,100,0.0,0.0,0.0,0.0,0.0,0,0,0,0,0.0,0,0,0,0,0,0,0,0,0,0,0,0,0,0,0,0,0,0,0,0,0,0,0,0,0,0,0,0,0,0,0,0,0,31,40,40,71,65476,0,300,0,0,8,21553,0.0,-107605600.0,0.0,0.0,0.0,0.0,0.0,0.0,0.0,0.0,0.0,0.0,0.0,0.0,0.0,0.0,0.0,0.0,0.0,0.0,0.0,0.0,0.0,2.004,0.0,0.0,0.0,0.0,0.0,0.0,5441.0,-0.0,6935.0,-0.0,-107615984.0,2.004,2.004,0.0,0.0,0.0,0.0,69,0.0,-0.0,0.0,0.0,0.0,0.0,0.0,0.0,0.0,0,0,0,0.0,0.0,0.0,0.0,0.0,0.0,0.0,0.0,0.0,0.0,0.0,0.0,0.0,0.0,0.0,0.0,0,-107875648.0,69,0.0,138,0.0,2.012,ERR,ERR,ERR,ERR,ERR,ERR,ERR,ERR,ERR,ERR,ERR,ERR,ERR,ERR,ERR,ERR,ERR,ERR,ERR,ERR,ERR,ERR,ERR,ERR,ERR,ERR,ERR,ERR,ERR,ERR,ERR,ERR,ERR,ERR,ERR,ERR,ERR,ERR,ERR,ERR,ERR,ERR,ERR,ERR,ERR,ERR,ERR,ERR,ERR,ERR,ERR,ERR,ERR,ERR,ERR,ERR,ERR,ERR,ERR,ERR,ERR,ERR,ERR,ERR,ERR,ERR,ERR,60.0,60.0,35,0.0,0.0,0.0,0.0,0.0,0.0,0.0,0.0,0.0,0.0,0.0,0.0,0.0,0.0,0.0,0.0,65.6,0,127,61,39,65476,0,300,0,0,8,20529,65476,0,0,2621,60.0,0.0,0.0,0.0,0.0,0.0
2026-07-09T15:59:11,ERR,ERR,ERR,ERR,ERR,ERR,ERR,ERR,ERR,ERR,ERR,ERR,ERR,ERR,ERR,ERR,ERR,ERR,ERR,ERR,ERR,ERR,ERR,ERR,ERR,ERR,ERR,ERR,ERR,ERR,ERR,ERR,ERR,ERR,ERR,ERR,ERR,ERR,ERR,ERR,ERR,ERR,ERR,ERR,ERR,ERR,ERR,ERR,ERR,ERR,ERR,ERR,ERR,ERR,ERR,ERR,ERR,ERR,ERR,ERR,ERR,ERR,ERR,ERR,ERR,ERR,ERR,ERR,ERR,ERR,ERR,ERR,ERR,ERR,ERR,ERR,ERR,ERR,ERR,ERR,ERR,ERR,ERR,ERR,ERR,ERR,ERR,ERR,ERR,ERR,ERR,ERR,ERR,ERR,ERR,ERR,ERR,ERR,ERR,ERR,ERR,ERR,ERR,ERR,ERR,ERR,ERR,ERR,ERR,ERR,ERR,ERR,ERR,ERR,ERR,ERR,ERR,ERR,ERR,ERR,ERR,ERR,ERR,ERR,ERR,-0.0,-107615984.0,0.0,0.0,-1.211585465410569e+24,-0.481,0.0,7.836223917281987e+29,0,0,4,17307,7116,0.0,100,0.0,0.0,0.0,0.0,0.0,0,0,0,0,0.0,0,0,0,0,0,0,0,0,0,0,0,0,0,0,0,0,0,0,0,0,0,0,0,0,0,0,0,0,0,0,0,0,0,31,40,40,71,65476,0,300,0,0,8,21553,0.0,-107605600.0,0.0,0.0,0.0,0.0,0.0,0.0,0.0,0.0,0.0,0.0,0.0,0.0,0.0,0.0,0.0,0.0,0.0,0.0,0.0,0.0,0.0,2.004,0.0,0.0,0.0,0.0,0.0,0.0,5456.0,-0.0,6934.0,-0.0,-107615984.0,2.004,2.004,0.0,0.0,0.0,0.0,69,-71.63,5.8480628136940176e+35,0.0,0.0,0.0,0.0,0.0,0.0,0.0,0,0,0,0.0,0.0,0.0,0.0,0.0,0.0,0.0,0.0,0.0,0.0,0.0,0.0,0.0,0.0,0.0,0.0,0,-107875648.0,69,0.0,138,0.0,2.012,ERR,ERR,ERR,ERR,ERR,ERR,ERR,ERR,ERR,ERR,ERR,ERR,ERR,ERR,ERR,ERR,ERR,ERR,ERR,ERR,ERR,ERR,ERR,ERR,ERR,ERR,ERR,ERR,ERR,ERR,ERR,ERR,ERR,ERR,ERR,ERR,ERR,ERR,ERR,ERR,ERR,ERR,ERR,ERR,ERR,ERR,ERR,ERR,ERR,ERR,ERR,ERR,ERR,ERR,ERR,ERR,ERR,ERR,ERR,ERR,ERR,ERR,ERR,ERR,ERR,ERR,ERR,60.0,60.0,35,0.0,0.0,0.0,0.0,0.0,0.0,0.0,0.0,0.0,0.0,0.0,0.0,0.0,0.0,0.0,0.0,66.0,0,127,61,39,65476,0,300,0,0,8,20529,65476,0,0,2621,60.0,0.0,0.0,0.0,0.0,0.0
2026-07-09T15:59:12,ERR,ERR,ERR,ERR,ERR,ERR,ERR,ERR,ERR,ERR,ERR,ERR,ERR,ERR,ERR,ERR,ERR,ERR,ERR,ERR,ERR,ERR,ERR,ERR,ERR,ERR,ERR,ERR,ERR,ERR,ERR,ERR,ERR,ERR,ERR,ERR,ERR,ERR,ERR,ERR,ERR,ERR,ERR,ERR,ERR,ERR,ERR,ERR,ERR,ERR,ERR,ERR,ERR,ERR,ERR,ERR,ERR,ERR,ERR,ERR,ERR,ERR,ERR,ERR,ERR,ERR,ERR,ERR,ERR,ERR,ERR,ERR,ERR,ERR,ERR,ERR,ERR,ERR,ERR,ERR,ERR,ERR,ERR,ERR,ERR,ERR,ERR,ERR,ERR,ERR,ERR,ERR,ERR,ERR,ERR,ERR,ERR,ERR,ERR,ERR,ERR,ERR,ERR,ERR,ERR,ERR,ERR,ERR,ERR,ERR,ERR,ERR,ERR,ERR,ERR,ERR,ERR,ERR,ERR,ERR,ERR,ERR,ERR,ERR,ERR,-0.0,-107615984.0,0.0,0.0,-1.211585465410569e+24,-0.481,0.0,7.836223917281987e+29,0,0,4,17307,7116,0.0,100,0.0,0.0,0.0,0.0,0.0,0,0,0,0,0.0,0,0,0,0,0,0,0,0,0,0,0,0,0,0,0,0,0,0,0,0,0,0,0,0,0,0,0,0,0,0,0,0,0,31,40,40,71,65476,0,300,0,0,8,21553,0.0,-107605600.0,0.0,0.0,0.0,0.0,0.0,0.0,0.0,0.0,0.0,0.0,0.0,0.0,0.0,0.0,0.0,0.0,0.0,0.0,0.0,0.0,0.0,2.004,0.0,0.0,0.0,0.0,0.0,0.0,5456.0,-0.0,6934.0,-0.0,-107615984.0,2.004,2.004,0.0,0.0,0.0,0.0,69,-71.63,5.8480628136940176e+35,0.0,0.0,0.0,0.0,0.0,0.0,0.0,0,0,0,0.0,0.0,0.0,0.0,0.0,0.0,0.0,0.0,0.0,0.0,0.0,0.0,0.0,0.0,0.0,0.0,0,-107875648.0,69,0.0,138,0.0,2.012,ERR,ERR,ERR,ERR,ERR,ERR,ERR,ERR,ERR,ERR,ERR,ERR,ERR,ERR,ERR,ERR,ERR,ERR,ERR,ERR,ERR,ERR,ERR,ERR,ERR,ERR,ERR,ERR,ERR,ERR,ERR,ERR,ERR,ERR,ERR,ERR,ERR,ERR,ERR,ERR,ERR,ERR,ERR,ERR,ERR,ERR,ERR,ERR,ERR,ERR,ERR,ERR,ERR,ERR,ERR,ERR,ERR,ERR,ERR,ERR,ERR,ERR,ERR,ERR,ERR,ERR,ERR,60.0,60.0,35,0.0,0.0,0.0,0.0,0.0,0.0,0.0,0.0,0.0,0.0,0.0,0.0,0.0,0.0,0.0,0.0,65.6,0,127,61,39,65476,0,300,0,0,8,20529,65476,0,0,2621,60.0,0.0,0.0,0.0,0.0,0.0
2026-07-09T15:59:13,ERR,ERR,ERR,ERR,ERR,ERR,ERR,ERR,ERR,ERR,ERR,ERR,ERR,ERR,ERR,ERR,ERR,ERR,ERR,ERR,ERR,ERR,ERR,ERR,ERR,ERR,ERR,ERR,ERR,ERR,ERR,ERR,ERR,ERR,ERR,ERR,ERR,ERR,ERR,ERR,ERR,ERR,ERR,ERR,ERR,ERR,ERR,ERR,ERR,ERR,ERR,ERR,ERR,ERR,ERR,ERR,ERR,ERR,ERR,ERR,ERR,ERR,ERR,ERR,ERR,ERR,ERR,ERR,ERR,ERR,ERR,ERR,ERR,ERR,ERR,ERR,ERR,ERR,ERR,ERR,ERR,ERR,ERR,ERR,ERR,ERR,ERR,ERR,ERR,ERR,ERR,ERR,ERR,ERR,ERR,ERR,ERR,ERR,ERR,ERR,ERR,ERR,ERR,ERR,ERR,ERR,ERR,ERR,ERR,ERR,ERR,ERR,ERR,ERR,ERR,ERR,ERR,ERR,ERR,ERR,ERR,ERR,ERR,ERR,ERR,-0.0,-107615984.0,0.0,0.0,-1.211585465410569e+24,-0.481,0.0,7.836223917281987e+29,0,0,4,17307,7116,0.0,100,0.0,0.0,0.0,0.0,0.0,0,0,0,0,0.0,0,0,0,0,0,0,0,0,0,0,0,0,0,0,0,0,0,0,0,0,0,0,0,0,0,0,0,0,0,0,0,0,0,31,40,40,71,65476,0,300,0,0,8,21553,0.0,-107605600.0,0.0,0.0,0.0,0.0,0.0,0.0,0.0,0.0,0.0,0.0,0.0,0.0,0.0,0.0,0.0,0.0,0.0,0.0,0.0,0.0,0.0,2.004,0.0,0.0,0.0,0.0,0.0,0.0,5456.0,-0.0,6934.0,-0.0,-107615984.0,2.004,2.004,0.0,0.0,0.0,0.0,69,-71.63,5.8480628136940176e+35,0.0,0.0,0.0,0.0,0.0,0.0,0.0,0,0,0,0.0,0.0,0.0,0.0,0.0,0.0,0.0,0.0,0.0,0.0,0.0,0.0,0.0,0.0,0.0,0.0,0,-107875648.0,69,0.0,138,0.0,2.012,ERR,ERR,ERR,ERR,ERR,ERR,ERR,ERR,ERR,ERR,ERR,ERR,ERR,ERR,ERR,ERR,ERR,ERR,ERR,ERR,ERR,ERR,ERR,ERR,ERR,ERR,ERR,ERR,ERR,ERR,ERR,ERR,ERR,ERR,ERR,ERR,ERR,ERR,ERR,ERR,ERR,ERR,ERR,ERR,ERR,ERR,ERR,ERR,ERR,ERR,ERR,ERR,ERR,ERR,ERR,ERR,ERR,ERR,ERR,ERR,ERR,ERR,ERR,ERR,ERR,ERR,ERR,60.0,60.0,35,0.0,0.0,0.0,0.0,0.0,0.0,0.0,0.0,0.0,0.0,0.0,0.0,0.0,0.0,0.0,0.0,65.6,0,127,61,39,65476,0,300,0,0,8,20529,65476,0,0,2621,60.0,0.0,0.0,0.0,0.0,0.0
2026-07-09T15:59:14,ERR,ERR,ERR,ERR,ERR,ERR,ERR,ERR,ERR,ERR,ERR,ERR,ERR,ERR,ERR,ERR,ERR,ERR,ERR,ERR,ERR,ERR,ERR,ERR,ERR,ERR,ERR,ERR,ERR,ERR,ERR,ERR,ERR,ERR,ERR,ERR,ERR,ERR,ERR,ERR,ERR,ERR,ERR,ERR,ERR,ERR,ERR,ERR,ERR,ERR,ERR,ERR,ERR,ERR,ERR,ERR,ERR,ERR,ERR,ERR,ERR,ERR,ERR,ERR,ERR,ERR,ERR,ERR,ERR,ERR,ERR,ERR,ERR,ERR,ERR,ERR,ERR,ERR,ERR,ERR,ERR,ERR,ERR,ERR,ERR,ERR,ERR,ERR,ERR,ERR,ERR,ERR,ERR,ERR,ERR,ERR,ERR,ERR,ERR,ERR,ERR,ERR,ERR,ERR,ERR,ERR,ERR,ERR,ERR,ERR,ERR,ERR,ERR,ERR,ERR,ERR,ERR,ERR,ERR,ERR,ERR,ERR,ERR,ERR,ERR,-0.0,-107615984.0,0.0,0.0,-1.211585465410569e+24,-0.481,0.0,7.836223917281987e+29,0,0,4,17307,7116,0.0,100,0.0,0.0,0.0,0.0,0.0,0,0,0,0,0.0,0,0,0,0,0,0,0,0,0,0,0,0,0,0,0,0,0,0,0,0,0,0,0,0,0,0,0,0,0,0,0,0,0,31,40,40,71,65476,0,300,0,0,8,21553,0.0,-107605600.0,0.0,0.0,0.0,0.0,0.0,0.0,0.0,0.0,0.0,0.0,0.0,0.0,0.0,0.0,0.0,0.0,0.0,0.0,0.0,0.0,0.0,2.004,0.0,0.0,0.0,0.0,0.0,0.0,5456.0,-0.0,6934.0,-0.0,-107615984.0,2.004,2.004,0.0,0.0,0.0,0.0,69,-71.63,5.8480628136940176e+35,0.0,0.0,0.0,0.0,0.0,0.0,0.0,0,0,0,0.0,0.0,0.0,0.0,0.0,0.0,0.0,0.0,0.0,0.0,0.0,0.0,0.0,0.0,0.0,0.0,0,-107875648.0,69,0.0,138,0.0,2.012,ERR,ERR,ERR,ERR,ERR,ERR,ERR,ERR,ERR,ERR,ERR,ERR,ERR,ERR,ERR,ERR,ERR,ERR,ERR,ERR,ERR,ERR,ERR,ERR,ERR,ERR,ERR,ERR,ERR,ERR,ERR,ERR,ERR,ERR,ERR,ERR,ERR,ERR,ERR,ERR,ERR,ERR,ERR,ERR,ERR,ERR,ERR,ERR,ERR,ERR,ERR,ERR,ERR,ERR,ERR,ERR,ERR,ERR,ERR,ERR,ERR,ERR,ERR,ERR,ERR,ERR,ERR,60.0,60.0,35,0.0,0.0,0.0,0.0,0.0,0.0,0.0,0.0,0.0,0.0,0.0,0.0,0.0,0.0,0.0,0.0,66.0,0,127,61,39,65476,0,300,0,0,8,20529,65476,0,0,2621,60.0,0.0,0.0,0.0,0.0,0.0
2026-07-09T15:59:15,ERR,ERR,ERR,ERR,ERR,ERR,ERR,ERR,ERR,ERR,ERR,ERR,ERR,ERR,ERR,ERR,ERR,ERR,ERR,ERR,ERR,ERR,ERR,ERR,ERR,ERR,ERR,ERR,ERR,ERR,ERR,ERR,ERR,ERR,ERR,ERR,ERR,ERR,ERR,ERR,ERR,ERR,ERR,ERR,ERR,ERR,ERR,ERR,ERR,ERR,ERR,ERR,ERR,ERR,ERR,ERR,ERR,ERR,ERR,ERR,ERR,ERR,ERR,ERR,ERR,ERR,ERR,ERR,ERR,ERR,ERR,ERR,ERR,ERR,ERR,ERR,ERR,ERR,ERR,ERR,ERR,ERR,ERR,ERR,ERR,ERR,ERR,ERR,ERR,ERR,ERR,ERR,ERR,ERR,ERR,ERR,ERR,ERR,ERR,ERR,ERR,ERR,ERR,ERR,ERR,ERR,ERR,ERR,ERR,ERR,ERR,ERR,ERR,ERR,ERR,ERR,ERR,ERR,ERR,ERR,ERR,ERR,ERR,ERR,ERR,-0.0,-107615984.0,0.0,0.0,-1.211585465410569e+24,-0.481,0.0,7.836223917281987e+29,0,0,4,17307,7116,0.0,100,0.0,0.0,0.0,0.0,0.0,0,0,0,0,0.0,0,0,0,0,0,0,0,0,0,0,0,0,0,0,0,0,0,0,0,0,0,0,0,0,0,0,0,0,0,0,0,0,0,31,40,40,71,65476,0,300,0,0,8,21553,0.0,-107605600.0,0.0,0.0,0.0,0.0,0.0,0.0,0.0,0.0,0.0,0.0,0.0,0.0,0.0,0.0,0.0,0.0,0.0,0.0,0.0,0.0,0.0,2.004,0.0,0.0,0.0,0.0,0.0,0.0,5456.0,-0.0,6934.0,-0.0,-107615984.0,2.004,2.004,0.0,0.0,0.0,0.0,69,-71.63,5.8480628136940176e+35,0.0,0.0,0.0,0.0,0.0,0.0,0.0,0,0,0,0.0,0.0,0.0,0.0,0.0,0.0,0.0,0.0,0.0,0.0,0.0,0.0,0.0,0.0,0.0,0.0,0,-107875648.0,69,0.0,138,0.0,2.012,ERR,ERR,ERR,ERR,ERR,ERR,ERR,ERR,ERR,ERR,ERR,ERR,ERR,ERR,ERR,ERR,ERR,ERR,ERR,ERR,ERR,ERR,ERR,ERR,ERR,ERR,ERR,ERR,ERR,ERR,ERR,ERR,ERR,ERR,ERR,ERR,ERR,ERR,ERR,ERR,ERR,ERR,ERR,ERR,ERR,ERR,ERR,ERR,ERR,ERR,ERR,ERR,ERR,ERR,ERR,ERR,ERR,ERR,ERR,ERR,ERR,ERR,ERR,ERR,ERR,ERR,ERR,60.0,60.0,35,0.0,0.0,0.0,0.0,0.0,0.0,0.0,0.0,0.0,0.0,0.0,0.0,0.0,0.0,0.0,0.0,66.0,0,127,61,39,65476,0,300,0,0,8,20529,65476,0,0,2621,60.0,0.0,0.0,0.0,0.0,0.0
2026-07-09T15:59:16,ERR,ERR,ERR,ERR,ERR,ERR,ERR,ERR,ERR,ERR,ERR,ERR,ERR,ERR,ERR,ERR,ERR,ERR,ERR,ERR,ERR,ERR,ERR,ERR,ERR,ERR,ERR,ERR,ERR,ERR,ERR,ERR,ERR,ERR,ERR,ERR,ERR,ERR,ERR,ERR,ERR,ERR,ERR,ERR,ERR,ERR,ERR,ERR,ERR,ERR,ERR,ERR,ERR,ERR,ERR,ERR,ERR,ERR,ERR,ERR,ERR,ERR,ERR,ERR,ERR,ERR,ERR,ERR,ERR,ERR,ERR,ERR,ERR,ERR,ERR,ERR,ERR,ERR,ERR,ERR,ERR,ERR,ERR,ERR,ERR,ERR,ERR,ERR,ERR,ERR,ERR,ERR,ERR,ERR,ERR,ERR,ERR,ERR,ERR,ERR,ERR,ERR,ERR,ERR,ERR,ERR,ERR,ERR,ERR,ERR,ERR,ERR,ERR,ERR,ERR,ERR,ERR,ERR,ERR,ERR,ERR,ERR,ERR,ERR,ERR,-0.0,-0.0,-0.0,2.7183478752108883e+23,0.0,-1263659.375,0.0,5.558681538495604e+32,0,0,4,17304,7116,0.0,100,0.0,0.0,2.7183478752108883e+23,0.0,0.0,0,0,0,0,0.0,0,0,0,0,0,0,0,0,0,0,0,0,0,0,0,0,0,0,0,0,0,0,0,0,0,0,0,0,0,0,0,0,0,31,40,40,71,65476,0,300,0,0,8,21553,0.0,-107605600.0,0.0,0.0,0.0,0.0,0.0,0.0,0.0,0.0,0.0,0.0,0.0,0.0,0.0,0.0,0.0,0.0,0.0,0.0,0.0,0.0,0.0,0.0,0.0,0.0,0.0,0.0,0.0,0.0,5461.0,-0.0,6933.0,-0.0,2.718444432386899e+23,2.004,2.004,0.0,0.0,0.0,0.0,69,0.0,4.066860458222289e+29,0.0,0.0,0.0,0.0,0.0,0.0,0.0,0,0,0,0.0,0.0,0.0,0.0,0.0,0.0,0.0,0.0,0.0,0.0,0.0,0.0,0.0,0.0,0.0,0.0,0,-107875648.0,69,0.0,138,0.0,2.012,ERR,ERR,ERR,ERR,ERR,ERR,ERR,ERR,ERR,ERR,ERR,ERR,ERR,ERR,ERR,ERR,ERR,ERR,ERR,ERR,ERR,ERR,ERR,ERR,ERR,ERR,ERR,ERR,ERR,ERR,ERR,ERR,ERR,ERR,ERR,ERR,ERR,ERR,ERR,ERR,ERR,ERR,ERR,ERR,ERR,ERR,ERR,ERR,ERR,ERR,ERR,ERR,ERR,ERR,ERR,ERR,ERR,ERR,ERR,ERR,ERR,ERR,ERR,ERR,ERR,ERR,ERR,60.0,60.0,35,0.0,0.0,0.0,0.0,0.0,0.0,0.0,0.0,0.0,0.0,0.0,0.0,0.0,0.0,0.0,0.0,65.6,0,127,61,39,65476,0,300,0,0,8,20529,65476,0,0,2621,60.0,0.0,0.0,0.0,0.0,0.0
2026-07-09T15:59:17,ERR,ERR,ERR,ERR,ERR,ERR,ERR,ERR,ERR,ERR,ERR,ERR,ERR,ERR,ERR,ERR,ERR,ERR,ERR,ERR,ERR,ERR,ERR,ERR,ERR,ERR,ERR,ERR,ERR,ERR,ERR,ERR,ERR,ERR,ERR,ERR,ERR,ERR,ERR,ERR,ERR,ERR,ERR,ERR,ERR,ERR,ERR,ERR,ERR,ERR,ERR,ERR,ERR,ERR,ERR,ERR,ERR,ERR,ERR,ERR,ERR,ERR,ERR,ERR,ERR,ERR,ERR,ERR,ERR,ERR,ERR,ERR,ERR,ERR,ERR,ERR,ERR,ERR,ERR,ERR,ERR,ERR,ERR,ERR,ERR,ERR,ERR,ERR,ERR,ERR,ERR,ERR,ERR,ERR,ERR,ERR,ERR,ERR,ERR,ERR,ERR,ERR,ERR,ERR,ERR,ERR,ERR,ERR,ERR,ERR,ERR,ERR,ERR,ERR,ERR,ERR,ERR,ERR,ERR,ERR,ERR,ERR,ERR,ERR,ERR,-0.0,-0.0,-0.0,2.7183478752108883e+23,0.0,-1263659.375,0.0,5.558681538495604e+32,0,0,4,17304,7116,0.0,100,0.0,0.0,2.7183478752108883e+23,0.0,0.0,0,0,0,0,0.0,0,0,0,0,0,0,0,0,0,0,0,0,0,0,0,0,0,0,0,0,0,0,0,0,0,0,0,0,0,0,0,0,0,31,40,40,71,65476,0,300,0,0,8,21553,0.0,-107605600.0,0.0,0.0,0.0,0.0,0.0,0.0,0.0,0.0,0.0,0.0,0.0,0.0,0.0,0.0,0.0,0.0,0.0,0.0,0.0,0.0,0.0,0.0,0.0,0.0,0.0,0.0,0.0,0.0,5461.0,-0.0,6933.0,-0.0,2.718444432386899e+23,2.004,2.004,0.0,0.0,0.0,0.0,69,0.0,4.066860458222289e+29,0.0,0.0,0.0,0.0,0.0,0.0,0.0,0,0,0,0.0,0.0,0.0,0.0,0.0,0.0,0.0,0.0,0.0,0.0,0.0,0.0,0.0,0.0,0.0,0.0,0,-107875648.0,69,0.0,138,0.0,2.012,ERR,ERR,ERR,ERR,ERR,ERR,ERR,ERR,ERR,ERR,ERR,ERR,ERR,ERR,ERR,ERR,ERR,ERR,ERR,ERR,ERR,ERR,ERR,ERR,ERR,ERR,ERR,ERR,ERR,ERR,ERR,ERR,ERR,ERR,ERR,ERR,ERR,ERR,ERR,ERR,ERR,ERR,ERR,ERR,ERR,ERR,ERR,ERR,ERR,ERR,ERR,ERR,ERR,ERR,ERR,ERR,ERR,ERR,ERR,ERR,ERR,ERR,ERR,ERR,ERR,ERR,ERR,60.0,60.0,35,0.0,0.0,0.0,0.0,0.0,0.0,0.0,0.0,0.0,0.0,0.0,0.0,0.0,0.0,0.0,0.0,65.6,0,128,61,39,65476,0,300,0,0,8,20529,65476,0,0,2621,60.0,0.0,0.0,0.0,0.0,0.0
2026-07-09T15:59:18,ERR,ERR,ERR,ERR,ERR,ERR,ERR,ERR,ERR,ERR,ERR,ERR,ERR,ERR,ERR,ERR,ERR,ERR,ERR,ERR,ERR,ERR,ERR,ERR,ERR,ERR,ERR,ERR,ERR,ERR,ERR,ERR,ERR,ERR,ERR,ERR,ERR,ERR,ERR,ERR,ERR,ERR,ERR,ERR,ERR,ERR,ERR,ERR,ERR,ERR,ERR,ERR,ERR,ERR,ERR,ERR,ERR,ERR,ERR,ERR,ERR,ERR,ERR,ERR,ERR,ERR,ERR,ERR,ERR,ERR,ERR,ERR,ERR,ERR,ERR,ERR,ERR,ERR,ERR,ERR,ERR,ERR,ERR,ERR,ERR,ERR,ERR,ERR,ERR,ERR,ERR,ERR,ERR,ERR,ERR,ERR,ERR,ERR,ERR,ERR,ERR,ERR,ERR,ERR,ERR,ERR,ERR,ERR,ERR,ERR,ERR,ERR,ERR,ERR,ERR,ERR,ERR,ERR,ERR,ERR,ERR,ERR,ERR,ERR,ERR,-0.0,-0.0,-0.0,2.7183478752108883e+23,0.0,-1263659.375,0.0,5.558681538495604e+32,0,0,4,17304,7116,0.0,100,0.0,0.0,2.7183478752108883e+23,0.0,0.0,0,0,0,0,0.0,0,0,0,0,0,0,0,0,0,0,0,0,0,0,0,0,0,0,0,0,0,0,0,0,0,0,0,0,0,0,0,0,0,31,40,40,71,65476,0,300,0,0,8,21553,0.0,-107605600.0,0.0,0.0,0.0,0.0,0.0,0.0,0.0,0.0,0.0,0.0,0.0,0.0,0.0,0.0,0.0,0.0,0.0,0.0,0.0,0.0,0.0,0.0,0.0,0.0,0.0,0.0,0.0,0.0,5461.0,-0.0,6933.0,-0.0,2.718444432386899e+23,2.004,2.004,0.0,0.0,0.0,0.0,69,0.0,4.066860458222289e+29,0.0,0.0,0.0,0.0,0.0,0.0,0.0,0,0,0,0.0,0.0,0.0,0.0,0.0,0.0,0.0,0.0,0.0,0.0,0.0,0.0,0.0,0.0,0.0,0.0,0,-107875648.0,69,0.0,138,0.0,2.012,ERR,ERR,ERR,ERR,ERR,ERR,ERR,ERR,ERR,ERR,ERR,ERR,ERR,ERR,ERR,ERR,ERR,ERR,ERR,ERR,ERR,ERR,ERR,ERR,ERR,ERR,ERR,ERR,ERR,ERR,ERR,ERR,ERR,ERR,ERR,ERR,ERR,ERR,ERR,ERR,ERR,ERR,ERR,ERR,ERR,ERR,ERR,ERR,ERR,ERR,ERR,ERR,ERR,ERR,ERR,ERR,ERR,ERR,ERR,ERR,ERR,ERR,ERR,ERR,ERR,ERR,ERR,60.0,60.0,35,0.0,0.0,0.0,0.0,0.0,0.0,0.0,0.0,0.0,0.0,0.0,0.0,0.0,0.0,0.0,0.0,65.6,0,128,61,39,65476,0,300,0,0,8,20529,65476,0,0,2621,60.0,0.0,0.0,0.0,0.0,0.0
2026-07-09T15:59:19,ERR,ERR,ERR,ERR,ERR,ERR,ERR,ERR,ERR,ERR,ERR,ERR,ERR,ERR,ERR,ERR,ERR,ERR,ERR,ERR,ERR,ERR,ERR,ERR,ERR,ERR,ERR,ERR,ERR,ERR,ERR,ERR,ERR,ERR,ERR,ERR,ERR,ERR,ERR,ERR,ERR,ERR,ERR,ERR,ERR,ERR,ERR,ERR,ERR,ERR,ERR,ERR,ERR,ERR,ERR,ERR,ERR,ERR,ERR,ERR,ERR,ERR,ERR,ERR,ERR,ERR,ERR,ERR,ERR,ERR,ERR,ERR,ERR,ERR,ERR,ERR,ERR,ERR,ERR,ERR,ERR,ERR,ERR,ERR,ERR,ERR,ERR,ERR,ERR,ERR,ERR,ERR,ERR,ERR,ERR,ERR,ERR,ERR,ERR,ERR,ERR,ERR,ERR,ERR,ERR,ERR,ERR,ERR,ERR,ERR,ERR,ERR,ERR,ERR,ERR,ERR,ERR,ERR,ERR,ERR,ERR,ERR,ERR,ERR,ERR,-0.0,-0.0,-0.0,2.7183478752108883e+23,0.0,-1263659.375,0.0,5.558681538495604e+32,0,0,4,17304,7116,0.0,100,0.0,0.0,2.7183478752108883e+23,0.0,0.0,0,0,0,0,0.0,0,0,0,0,0,0,0,0,0,0,0,0,0,0,0,0,0,0,0,0,0,0,0,0,0,0,0,0,0,0,0,0,0,31,40,40,71,65476,0,300,0,0,8,21553,0.0,-107605600.0,0.0,0.0,0.0,0.0,0.0,0.0,0.0,0.0,0.0,0.0,0.0,0.0,0.0,0.0,0.0,0.0,0.0,0.0,0.0,0.0,0.0,0.0,0.0,0.0,0.0,0.0,0.0,0.0,5461.0,-0.0,6933.0,-0.0,2.718444432386899e+23,2.004,2.004,0.0,0.0,0.0,0.0,69,0.0,4.066860458222289e+29,0.0,0.0,0.0,0.0,0.0,0.0,0.0,0,0,0,0.0,0.0,0.0,0.0,0.0,0.0,0.0,0.0,0.0,0.0,0.0,0.0,0.0,0.0,0.0,0.0,0,-107875648.0,69,0.0,138,0.0,2.012,ERR,ERR,ERR,ERR,ERR,ERR,ERR,ERR,ERR,ERR,ERR,ERR,ERR,ERR,ERR,ERR,ERR,ERR,ERR,ERR,ERR,ERR,ERR,ERR,ERR,ERR,ERR,ERR,ERR,ERR,ERR,ERR,ERR,ERR,ERR,ERR,ERR,ERR,ERR,ERR,ERR,ERR,ERR,ERR,ERR,ERR,ERR,ERR,ERR,ERR,ERR,ERR,ERR,ERR,ERR,ERR,ERR,ERR,ERR,ERR,ERR,ERR,ERR,ERR,ERR,ERR,ERR,60.0,60.0,35,0.0,0.0,0.0,0.0,0.0,0.0,0.0,0.0,0.0,0.0,0.0,0.0,0.0,0.0,0.0,0.0,65.6,0,128,61,39,65476,0,300,0,0,8,20529,65476,0,0,2621,60.0,0.0,0.0,0.0,0.0,0.0
2026-07-09T15:59:20,ERR,ERR,ERR,ERR,ERR,ERR,ERR,ERR,ERR,ERR,ERR,ERR,ERR,ERR,ERR,ERR,ERR,ERR,ERR,ERR,ERR,ERR,ERR,ERR,ERR,ERR,ERR,ERR,ERR,ERR,ERR,ERR,ERR,ERR,ERR,ERR,ERR,ERR,ERR,ERR,ERR,ERR,ERR,ERR,ERR,ERR,ERR,ERR,ERR,ERR,ERR,ERR,ERR,ERR,ERR,ERR,ERR,ERR,ERR,ERR,ERR,ERR,ERR,ERR,ERR,ERR,ERR,ERR,ERR,ERR,ERR,ERR,ERR,ERR,ERR,ERR,ERR,ERR,ERR,ERR,ERR,ERR,ERR,ERR,ERR,ERR,ERR,ERR,ERR,ERR,ERR,ERR,ERR,ERR,ERR,ERR,ERR,ERR,ERR,ERR,ERR,ERR,ERR,ERR,ERR,ERR,ERR,ERR,ERR,ERR,ERR,ERR,ERR,ERR,ERR,ERR,ERR,ERR,ERR,ERR,ERR,ERR,ERR,ERR,ERR,-0.0,-0.0,-0.0,2.7183478752108883e+23,0.0,-1263659.375,0.0,5.558681538495604e+32,0,0,4,17304,7116,0.0,100,0.0,0.0,2.7183478752108883e+23,0.0,0.0,0,0,0,0,0.0,0,0,0,0,0,0,0,0,0,0,0,0,0,0,0,0,0,0,0,0,0,0,0,0,0,0,0,0,0,0,0,0,0,31,40,40,71,65476,0,300,0,0,8,21553,0.0,-107605600.0,0.0,0.0,0.0,0.0,0.0,0.0,0.0,0.0,0.0,0.0,0.0,0.0,0.0,0.0,0.0,0.0,0.0,0.0,0.0,0.0,0.0,0.0,0.0,0.0,0.0,0.0,0.0,0.0,5461.0,-0.0,6933.0,-0.0,2.718444432386899e+23,2.004,2.004,0.0,0.0,0.0,0.0,69,0.0,4.066860458222289e+29,0.0,0.0,0.0,0.0,0.0,0.0,0.0,0,0,0,0.0,0.0,0.0,0.0,0.0,0.0,0.0,0.0,0.0,0.0,0.0,0.0,0.0,0.0,0.0,0.0,0,-107875648.0,69,0.0,138,0.0,2.012,ERR,ERR,ERR,ERR,ERR,ERR,ERR,ERR,ERR,ERR,ERR,ERR,ERR,ERR,ERR,ERR,ERR,ERR,ERR,ERR,ERR,ERR,ERR,ERR,ERR,ERR,ERR,ERR,ERR,ERR,ERR,ERR,ERR,ERR,ERR,ERR,ERR,ERR,ERR,ERR,ERR,ERR,ERR,ERR,ERR,ERR,ERR,ERR,ERR,ERR,ERR,ERR,ERR,ERR,ERR,ERR,ERR,ERR,ERR,ERR,ERR,ERR,ERR,ERR,ERR,ERR,ERR,60.0,60.0,35,0.0,0.0,0.0,0.0,0.0,0.0,0.0,0.0,0.0,0.0,0.0,0.0,0.0,0.0,0.0,0.0,65.6,0,128,61,39,65476,0,300,0,0,8,20529,65476,0,0,2621,60.0,0.0,0.0,0.0,0.0,0.0
2026-07-09T15:59:21,ERR,ERR,ERR,ERR,ERR,ERR,ERR,ERR,ERR,ERR,ERR,ERR,ERR,ERR,ERR,ERR,ERR,ERR,ERR,ERR,ERR,ERR,ERR,ERR,ERR,ERR,ERR,ERR,ERR,ERR,ERR,ERR,ERR,ERR,ERR,ERR,ERR,ERR,ERR,ERR,ERR,ERR,ERR,ERR,ERR,ERR,ERR,ERR,ERR,ERR,ERR,ERR,ERR,ERR,ERR,ERR,ERR,ERR,ERR,ERR,ERR,ERR,ERR,ERR,ERR,ERR,ERR,ERR,ERR,ERR,ERR,ERR,ERR,ERR,ERR,ERR,ERR,ERR,ERR,ERR,ERR,ERR,ERR,ERR,ERR,ERR,ERR,ERR,ERR,ERR,ERR,ERR,ERR,ERR,ERR,ERR,ERR,ERR,ERR,ERR,ERR,ERR,ERR,ERR,ERR,ERR,ERR,ERR,ERR,ERR,ERR,ERR,ERR,ERR,ERR,ERR,ERR,ERR,ERR,ERR,ERR,ERR,ERR,ERR,ERR,0.0,2.718444432386899e+23,-0.0,0.0,-0.0,-2.6003155545929263e+23,0.0,-7.328293817443313e+19,0,0,4,17309,7116,0.0,100,0.0,0.0,0.0,0.0,0.0,0,0,0,0,0.0,0,0,0,0,0,0,0,0,0,0,0,0,0,0,0,0,0,0,0,0,0,0,0,0,0,0,0,0,0,0,0,0,0,31,40,40,71,65476,0,300,0,0,8,21553,0.0,-107605600.0,0.0,0.0,0.0,0.0,0.0,0.0,0.0,0.0,0.0,0.0,0.0,0.0,0.0,0.0,0.0,0.0,0.0,0.0,0.0,0.0,-2.004,0.0,0.0,0.0,0.0,0.0,0.0,0.0,5470.0,-0.0,6935.0,0.0,-0.0,2.004,2.004,0.0,0.0,0.0,0.0,69,2.7184228151086877e+23,-0.0,0.0,0.0,0.0,0.0,0.0,0.0,0.0,0,0,0,0.0,0.0,0.0,0.0,0.0,0.0,0.0,0.0,0.0,0.0,0.0,0.0,0.0,0.0,0.0,0.0,0,-107875648.0,69,0.0,138,0.0,2.012,ERR,ERR,ERR,ERR,ERR,ERR,ERR,ERR,ERR,ERR,ERR,ERR,ERR,ERR,ERR,ERR,ERR,ERR,ERR,ERR,ERR,ERR,ERR,ERR,ERR,ERR,ERR,ERR,ERR,ERR,ERR,ERR,ERR,ERR,ERR,ERR,ERR,ERR,ERR,ERR,ERR,ERR,ERR,ERR,ERR,ERR,ERR,ERR,ERR,ERR,ERR,ERR,ERR,ERR,ERR,ERR,ERR,ERR,ERR,ERR,ERR,ERR,ERR,ERR,ERR,ERR,ERR,60.0,60.0,35,0.0,0.0,0.0,0.0,0.0,0.0,0.0,0.0,0.0,0.0,0.0,0.0,0.0,0.0,0.0,0.0,65.6,0,128,61,39,65476,0,300,0,0,8,20529,65476,0,0,2621,60.0,0.0,0.0,0.0,0.0,0.0
2026-07-09T15:59:22,ERR,ERR,ERR,ERR,ERR,ERR,ERR,ERR,ERR,ERR,ERR,ERR,ERR,ERR,ERR,ERR,ERR,ERR,ERR,ERR,ERR,ERR,ERR,ERR,ERR,ERR,ERR,ERR,ERR,ERR,ERR,ERR,ERR,ERR,ERR,ERR,ERR,ERR,ERR,ERR,ERR,ERR,ERR,ERR,ERR,ERR,ERR,ERR,ERR,ERR,ERR,ERR,ERR,ERR,ERR,ERR,ERR,ERR,ERR,ERR,ERR,ERR,ERR,ERR,ERR,ERR,ERR,ERR,ERR,ERR,ERR,ERR,ERR,ERR,ERR,ERR,ERR,ERR,ERR,ERR,ERR,ERR,ERR,ERR,ERR,ERR,ERR,ERR,ERR,ERR,ERR,ERR,ERR,ERR,ERR,ERR,ERR,ERR,ERR,ERR,ERR,ERR,ERR,ERR,ERR,ERR,ERR,ERR,ERR,ERR,ERR,ERR,ERR,ERR,ERR,ERR,ERR,ERR,ERR,ERR,ERR,ERR,ERR,ERR,ERR,0.0,2.718444432386899e+23,-0.0,0.0,-0.0,-2.6003155545929263e+23,0.0,-7.328293817443313e+19,0,0,4,17309,7116,0.0,100,0.0,0.0,0.0,0.0,0.0,0,0,0,0,0.0,0,0,0,0,0,0,0,0,0,0,0,0,0,0,0,0,0,0,0,0,0,0,0,0,0,0,0,0,0,0,0,0,0,31,40,40,71,65476,0,300,0,0,8,21553,0.0,-107605600.0,0.0,0.0,0.0,0.0,0.0,0.0,0.0,0.0,0.0,0.0,0.0,0.0,0.0,0.0,0.0,0.0,0.0,0.0,0.0,0.0,-2.004,0.0,0.0,0.0,0.0,0.0,0.0,0.0,5470.0,-0.0,6935.0,0.0,-0.0,2.004,2.004,0.0,0.0,0.0,0.0,69,2.7184228151086877e+23,-0.0,0.0,0.0,0.0,0.0,0.0,0.0,0.0,0,0,0,0.0,0.0,0.0,0.0,0.0,0.0,0.0,0.0,0.0,0.0,0.0,0.0,0.0,0.0,0.0,0.0,0,-107875648.0,69,0.0,138,0.0,2.012,ERR,ERR,ERR,ERR,ERR,ERR,ERR,ERR,ERR,ERR,ERR,ERR,ERR,ERR,ERR,ERR,ERR,ERR,ERR,ERR,ERR,ERR,ERR,ERR,ERR,ERR,ERR,ERR,ERR,ERR,ERR,ERR,ERR,ERR,ERR,ERR,ERR,ERR,ERR,ERR,ERR,ERR,ERR,ERR,ERR,ERR,ERR,ERR,ERR,ERR,ERR,ERR,ERR,ERR,ERR,ERR,ERR,ERR,ERR,ERR,ERR,ERR,ERR,ERR,ERR,ERR,ERR,60.0,60.0,35,0.0,0.0,0.0,0.0,0.0,0.0,0.0,0.0,0.0,0.0,0.0,0.0,0.0,0.0,0.0,0.0,65.6,0,128,61,39,65476,0,300,0,0,8,20529,65476,0,0,2621,60.0,0.0,0.0,0.0,0.0,0.0
2026-07-09T15:59:23,ERR,ERR,ERR,ERR,ERR,ERR,ERR,ERR,ERR,ERR,ERR,ERR,ERR,ERR,ERR,ERR,ERR,ERR,ERR,ERR,ERR,ERR,ERR,ERR,ERR,ERR,ERR,ERR,ERR,ERR,ERR,ERR,ERR,ERR,ERR,ERR,ERR,ERR,ERR,ERR,ERR,ERR,ERR,ERR,ERR,ERR,ERR,ERR,ERR,ERR,ERR,ERR,ERR,ERR,ERR,ERR,ERR,ERR,ERR,ERR,ERR,ERR,ERR,ERR,ERR,ERR,ERR,ERR,ERR,ERR,ERR,ERR,ERR,ERR,ERR,ERR,ERR,ERR,ERR,ERR,ERR,ERR,ERR,ERR,ERR,ERR,ERR,ERR,ERR,ERR,ERR,ERR,ERR,ERR,ERR,ERR,ERR,ERR,ERR,ERR,ERR,ERR,ERR,ERR,ERR,ERR,ERR,ERR,ERR,ERR,ERR,ERR,ERR,ERR,ERR,ERR,ERR,ERR,ERR,ERR,ERR,ERR,ERR,ERR,ERR,0.0,2.718444432386899e+23,-0.0,0.0,-0.0,-2.6003155545929263e+23,0.0,-7.328293817443313e+19,0,0,4,17309,7116,0.0,100,0.0,0.0,0.0,0.0,0.0,0,0,0,0,0.0,0,0,0,0,0,0,0,0,0,0,0,0,0,0,0,0,0,0,0,0,0,0,0,0,0,0,0,0,0,0,0,0,0,31,40,40,71,65476,0,300,0,0,8,21553,0.0,-107605600.0,0.0,0.0,0.0,0.0,0.0,0.0,0.0,0.0,0.0,0.0,0.0,0.0,0.0,0.0,0.0,0.0,0.0,0.0,0.0,0.0,-2.004,0.0,0.0,0.0,0.0,0.0,0.0,0.0,5470.0,-0.0,6935.0,0.0,-0.0,2.004,2.004,0.0,0.0,0.0,0.0,69,2.7184228151086877e+23,-0.0,0.0,0.0,0.0,0.0,0.0,0.0,0.0,0,0,0,0.0,0.0,0.0,0.0,0.0,0.0,0.0,0.0,0.0,0.0,0.0,0.0,0.0,0.0,0.0,0.0,0,-107875648.0,69,0.0,138,0.0,2.012,ERR,ERR,ERR,ERR,ERR,ERR,ERR,ERR,ERR,ERR,ERR,ERR,ERR,ERR,ERR,ERR,ERR,ERR,ERR,ERR,ERR,ERR,ERR,ERR,ERR,ERR,ERR,ERR,ERR,ERR,ERR,ERR,ERR,ERR,ERR,ERR,ERR,ERR,ERR,ERR,ERR,ERR,ERR,ERR,ERR,ERR,ERR,ERR,ERR,ERR,ERR,ERR,ERR,ERR,ERR,ERR,ERR,ERR,ERR,ERR,ERR,ERR,ERR,ERR,ERR,ERR,ERR,60.0,60.0,35,0.0,0.0,0.0,0.0,0.0,0.0,0.0,0.0,0.0,0.0,0.0,0.0,0.0,0.0,0.0,0.0,65.6,0,128,61,39,65476,0,300,0,0,8,20529,65476,0,0,2621,60.0,0.0,0.0,0.0,0.0,0.0
2026-07-09T15:59:24,ERR,ERR,ERR,ERR,ERR,ERR,ERR,ERR,ERR,ERR,ERR,ERR,ERR,ERR,ERR,ERR,ERR,ERR,ERR,ERR,ERR,ERR,ERR,ERR,ERR,ERR,ERR,ERR,ERR,ERR,ERR,ERR,ERR,ERR,ERR,ERR,ERR,ERR,ERR,ERR,ERR,ERR,ERR,ERR,ERR,ERR,ERR,ERR,ERR,ERR,ERR,ERR,ERR,ERR,ERR,ERR,ERR,ERR,ERR,ERR,ERR,ERR,ERR,ERR,ERR,ERR,ERR,ERR,ERR,ERR,ERR,ERR,ERR,ERR,ERR,ERR,ERR,ERR,ERR,ERR,ERR,ERR,ERR,ERR,ERR,ERR,ERR,ERR,ERR,ERR,ERR,ERR,ERR,ERR,ERR,ERR,ERR,ERR,ERR,ERR,ERR,ERR,ERR,ERR,ERR,ERR,ERR,ERR,ERR,ERR,ERR,ERR,ERR,ERR,ERR,ERR,ERR,ERR,ERR,ERR,ERR,ERR,ERR,ERR,ERR,0.0,2.718444432386899e+23,-0.0,0.0,-0.0,-2.6003155545929263e+23,0.0,-7.328293817443313e+19,0,0,4,17309,7116,0.0,100,0.0,0.0,0.0,0.0,0.0,0,0,0,0,0.0,0,0,0,0,0,0,0,0,0,0,0,0,0,0,0,0,0,0,0,0,0,0,0,0,0,0,0,0,0,0,0,0,0,31,40,40,71,65476,0,300,0,0,8,21553,0.0,-107605600.0,0.0,0.0,0.0,0.0,0.0,0.0,0.0,0.0,0.0,0.0,0.0,0.0,0.0,0.0,0.0,0.0,0.0,0.0,0.0,0.0,-2.004,0.0,0.0,0.0,0.0,0.0,0.0,0.0,5470.0,-0.0,6935.0,0.0,-0.0,2.004,2.004,0.0,0.0,0.0,0.0,69,2.7184228151086877e+23,-0.0,0.0,0.0,0.0,0.0,0.0,0.0,0.0,0,0,0,0.0,0.0,0.0,0.0,0.0,0.0,0.0,0.0,0.0,0.0,0.0,0.0,0.0,0.0,0.0,0.0,0,-107875648.0,69,0.0,138,0.0,2.012,ERR,ERR,ERR,ERR,ERR,ERR,ERR,ERR,ERR,ERR,ERR,ERR,ERR,ERR,ERR,ERR,ERR,ERR,ERR,ERR,ERR,ERR,ERR,ERR,ERR,ERR,ERR,ERR,ERR,ERR,ERR,ERR,ERR,ERR,ERR,ERR,ERR,ERR,ERR,ERR,ERR,ERR,ERR,ERR,ERR,ERR,ERR,ERR,ERR,ERR,ERR,ERR,ERR,ERR,ERR,ERR,ERR,ERR,ERR,ERR,ERR,ERR,ERR,ERR,ERR,ERR,ERR,60.0,60.0,35,0.0,0.0,0.0,0.0,0.0,0.0,0.0,0.0,0.0,0.0,0.0,0.0,0.0,0.0,0.0,0.0,65.6,0,128,62,39,65476,0,300,0,0,8,20529,65476,0,0,2621,60.0,0.0,0.0,0.0,0.0,0.0
2026-07-09T15:59:25,ERR,ERR,ERR,ERR,ERR,ERR,ERR,ERR,ERR,ERR,ERR,ERR,ERR,ERR,ERR,ERR,ERR,ERR,ERR,ERR,ERR,ERR,ERR,ERR,ERR,ERR,ERR,ERR,ERR,ERR,ERR,ERR,ERR,ERR,ERR,ERR,ERR,ERR,ERR,ERR,ERR,ERR,ERR,ERR,ERR,ERR,ERR,ERR,ERR,ERR,ERR,ERR,ERR,ERR,ERR,ERR,ERR,ERR,ERR,ERR,ERR,ERR,ERR,ERR,ERR,ERR,ERR,ERR,ERR,ERR,ERR,ERR,ERR,ERR,ERR,ERR,ERR,ERR,ERR,ERR,ERR,ERR,ERR,ERR,ERR,ERR,ERR,ERR,ERR,ERR,ERR,ERR,ERR,ERR,ERR,ERR,ERR,ERR,ERR,ERR,ERR,ERR,ERR,ERR,ERR,ERR,ERR,ERR,ERR,ERR,ERR,ERR,ERR,ERR,ERR,ERR,ERR,ERR,ERR,ERR,ERR,ERR,ERR,ERR,ERR,0.0,2.718444432386899e+23,-0.0,0.0,-0.0,-2.6003155545929263e+23,0.0,-7.328293817443313e+19,0,0,4,17309,7116,0.0,100,0.0,0.0,0.0,0.0,0.0,0,0,0,0,0.0,0,0,0,0,0,0,0,0,0,0,0,0,0,0,0,0,0,0,0,0,0,0,0,0,0,0,0,0,0,0,0,0,0,31,40,40,71,65476,0,300,0,0,8,21553,0.0,-107605600.0,0.0,0.0,0.0,0.0,0.0,0.0,0.0,0.0,0.0,0.0,0.0,0.0,0.0,0.0,0.0,0.0,0.0,0.0,0.0,0.0,-2.004,0.0,0.0,0.0,0.0,0.0,0.0,0.0,5470.0,-0.0,6935.0,0.0,-0.0,2.004,2.004,0.0,0.0,0.0,0.0,69,2.7184228151086877e+23,-0.0,0.0,0.0,0.0,0.0,0.0,0.0,0.0,0,0,0,0.0,0.0,0.0,0.0,0.0,0.0,0.0,0.0,0.0,0.0,0.0,0.0,0.0,0.0,0.0,0.0,0,-107875648.0,69,0.0,138,0.0,2.012,ERR,ERR,ERR,ERR,ERR,ERR,ERR,ERR,ERR,ERR,ERR,ERR,ERR,ERR,ERR,ERR,ERR,ERR,ERR,ERR,ERR,ERR,ERR,ERR,ERR,ERR,ERR,ERR,ERR,ERR,ERR,ERR,ERR,ERR,ERR,ERR,ERR,ERR,ERR,ERR,ERR,ERR,ERR,ERR,ERR,ERR,ERR,ERR,ERR,ERR,ERR,ERR,ERR,ERR,ERR,ERR,ERR,ERR,ERR,ERR,ERR,ERR,ERR,ERR,ERR,ERR,ERR,60.0,60.0,35,0.0,0.0,0.0,0.0,0.0,0.0,0.0,0.0,0.0,0.0,0.0,0.0,0.0,0.0,0.0,0.0,65.6,0,128,62,39,65476,0,300,0,0,8,20529,65476,0,0,2621,60.0,0.0,0.0,0.0,0.0,0.0
2026-07-09T15:59:26,ERR,ERR,ERR,ERR,ERR,ERR,ERR,ERR,ERR,ERR,ERR,ERR,ERR,ERR,ERR,ERR,ERR,ERR,ERR,ERR,ERR,ERR,ERR,ERR,ERR,ERR,ERR,ERR,ERR,ERR,ERR,ERR,ERR,ERR,ERR,ERR,ERR,ERR,ERR,ERR,ERR,ERR,ERR,ERR,ERR,ERR,ERR,ERR,ERR,ERR,ERR,ERR,ERR,ERR,ERR,ERR,ERR,ERR,ERR,ERR,ERR,ERR,ERR,ERR,ERR,ERR,ERR,ERR,ERR,ERR,ERR,ERR,ERR,ERR,ERR,ERR,ERR,ERR,ERR,ERR,ERR,ERR,ERR,ERR,ERR,ERR,ERR,ERR,ERR,ERR,ERR,ERR,ERR,ERR,ERR,ERR,ERR,ERR,ERR,ERR,ERR,ERR,ERR,ERR,ERR,ERR,ERR,ERR,ERR,ERR,ERR,ERR,ERR,ERR,ERR,ERR,ERR,ERR,ERR,ERR,ERR,ERR,ERR,ERR,ERR,0.0,2.718444432386899e+23,-0.0,2.7183478752108883e+23,0.0,0.0,3921789321216.0,0.0,0,0,4,17307,7116,0.0,100,0.0,0.0,2.7183478752108883e+23,0.0,0.0,0,0,0,0,0.0,0,0,0,0,0,0,0,0,0,0,0,0,0,0,0,0,0,0,0,0,0,0,0,0,0,0,0,0,0,0,0,0,0,31,40,40,71,65476,0,300,0,0,8,21553,0.0,-107605600.0,0.0,0.0,0.0,0.0,0.0,0.0,0.0,0.0,0.0,0.0,0.0,0.0,0.0,0.0,0.0,0.0,0.0,0.0,0.0,0.0,-2.004,0.0,0.0,0.0,0.0,0.0,0.0,0.0,5450.0,-0.0,6934.0,0.0,2.718444432386899e+23,2.004,2.004,0.0,0.0,0.0,0.0,69,-2.3088333289975238e+20,5.8480628136940176e+35,0.0,0.0,0.0,0.0,0.0,0.0,0.0,0,0,0,0.0,0.0,0.0,0.0,0.0,0.0,0.0,0.0,0.0,0.0,0.0,0.0,0.0,0.0,0.0,0.0,0,-107875648.0,69,0.0,138,0.0,2.012,ERR,ERR,ERR,ERR,ERR,ERR,ERR,ERR,ERR,ERR,ERR,ERR,ERR,ERR,ERR,ERR,ERR,ERR,ERR,ERR,ERR,ERR,ERR,ERR,ERR,ERR,ERR,ERR,ERR,ERR,ERR,ERR,ERR,ERR,ERR,ERR,ERR,ERR,ERR,ERR,ERR,ERR,ERR,ERR,ERR,ERR,ERR,ERR,ERR,ERR,ERR,ERR,ERR,ERR,ERR,ERR,ERR,ERR,ERR,ERR,ERR,ERR,ERR,ERR,ERR,ERR,ERR,60.0,60.0,35,0.0,0.0,0.0,0.0,0.0,0.0,0.0,0.0,0.0,0.0,0.0,0.0,0.0,0.0,0.0,0.0,65.6,0,128,62,39,65476,0,300,0,0,8,20529,65476,0,0,2621,60.0,0.0,0.0,0.0,0.0,0.0
2026-07-09T15:59:27,ERR,ERR,ERR,ERR,ERR,ERR,ERR,ERR,ERR,ERR,ERR,ERR,ERR,ERR,ERR,ERR,ERR,ERR,ERR,ERR,ERR,ERR,ERR,ERR,ERR,ERR,ERR,ERR,ERR,ERR,ERR,ERR,ERR,ERR,ERR,ERR,ERR,ERR,ERR,ERR,ERR,ERR,ERR,ERR,ERR,ERR,ERR,ERR,ERR,ERR,ERR,ERR,ERR,ERR,ERR,ERR,ERR,ERR,ERR,ERR,ERR,ERR,ERR,ERR,ERR,ERR,ERR,ERR,ERR,ERR,ERR,ERR,ERR,ERR,ERR,ERR,ERR,ERR,ERR,ERR,ERR,ERR,ERR,ERR,ERR,ERR,ERR,ERR,ERR,ERR,ERR,ERR,ERR,ERR,ERR,ERR,ERR,ERR,ERR,ERR,ERR,ERR,ERR,ERR,ERR,ERR,ERR,ERR,ERR,ERR,ERR,ERR,ERR,ERR,ERR,ERR,ERR,ERR,ERR,ERR,ERR,ERR,ERR,ERR,ERR,0.0,2.718444432386899e+23,-0.0,2.7183478752108883e+23,0.0,0.0,3921789321216.0,0.0,0,0,4,17307,7116,0.0,100,0.0,0.0,2.7183478752108883e+23,0.0,0.0,0,0,0,0,0.0,0,0,0,0,0,0,0,0,0,0,0,0,0,0,0,0,0,0,0,0,0,0,0,0,0,0,0,0,0,0,0,0,0,31,40,40,71,65476,0,300,0,0,8,21553,0.0,-107605600.0,0.0,0.0,0.0,0.0,0.0,0.0,0.0,0.0,0.0,0.0,0.0,0.0,0.0,0.0,0.0,0.0,0.0,0.0,0.0,0.0,-2.004,0.0,0.0,0.0,0.0,0.0,0.0,0.0,5450.0,-0.0,6934.0,0.0,2.718444432386899e+23,2.004,2.004,0.0,0.0,0.0,0.0,69,-2.3088333289975238e+20,5.8480628136940176e+35,0.0,0.0,0.0,0.0,0.0,0.0,0.0,0,0,0,0.0,0.0,0.0,0.0,0.0,0.0,0.0,0.0,0.0,0.0,0.0,0.0,0.0,0.0,0.0,0.0,0,-107875648.0,69,0.0,138,0.0,2.012,ERR,ERR,ERR,ERR,ERR,ERR,ERR,ERR,ERR,ERR,ERR,ERR,ERR,ERR,ERR,ERR,ERR,ERR,ERR,ERR,ERR,ERR,ERR,ERR,ERR,ERR,ERR,ERR,ERR,ERR,ERR,ERR,ERR,ERR,ERR,ERR,ERR,ERR,ERR,ERR,ERR,ERR,ERR,ERR,ERR,ERR,ERR,ERR,ERR,ERR,ERR,ERR,ERR,ERR,ERR,ERR,ERR,ERR,ERR,ERR,ERR,ERR,ERR,ERR,ERR,ERR,ERR,60.0,60.0,35,0.0,0.0,0.0,0.0,0.0,0.0,0.0,0.0,0.0,0.0,0.0,0.0,0.0,0.0,0.0,0.0,65.6,0,128,62,39,65476,0,300,0,0,8,20529,65476,0,0,2621,60.0,0.0,0.0,0.0,0.0,0.0
2026-07-09T15:59:28,ERR,ERR,ERR,ERR,ERR,ERR,ERR,ERR,ERR,ERR,ERR,ERR,ERR,ERR,ERR,ERR,ERR,ERR,ERR,ERR,ERR,ERR,ERR,ERR,ERR,ERR,ERR,ERR,ERR,ERR,ERR,ERR,ERR,ERR,ERR,ERR,ERR,ERR,ERR,ERR,ERR,ERR,ERR,ERR,ERR,ERR,ERR,ERR,ERR,ERR,ERR,ERR,ERR,ERR,ERR,ERR,ERR,ERR,ERR,ERR,ERR,ERR,ERR,ERR,ERR,ERR,ERR,ERR,ERR,ERR,ERR,ERR,ERR,ERR,ERR,ERR,ERR,ERR,ERR,ERR,ERR,ERR,ERR,ERR,ERR,ERR,ERR,ERR,ERR,ERR,ERR,ERR,ERR,ERR,ERR,ERR,ERR,ERR,ERR,ERR,ERR,ERR,ERR,ERR,ERR,ERR,ERR,ERR,ERR,ERR,ERR,ERR,ERR,ERR,ERR,ERR,ERR,ERR,ERR,ERR,ERR,ERR,ERR,ERR,ERR,0.0,2.718444432386899e+23,-0.0,2.7183478752108883e+23,0.0,0.0,3921789321216.0,0.0,0,0,4,17307,7116,0.0,100,0.0,0.0,2.7183478752108883e+23,0.0,0.0,0,0,0,0,0.0,0,0,0,0,0,0,0,0,0,0,0,0,0,0,0,0,0,0,0,0,0,0,0,0,0,0,0,0,0,0,0,0,0,31,40,40,71,65476,0,300,0,0,8,21553,0.0,-107605600.0,0.0,0.0,0.0,0.0,0.0,0.0,0.0,0.0,0.0,0.0,0.0,0.0,0.0,0.0,0.0,0.0,0.0,0.0,0.0,0.0,-2.004,0.0,0.0,0.0,0.0,0.0,0.0,0.0,5450.0,-0.0,6934.0,0.0,2.718444432386899e+23,2.004,2.004,0.0,0.0,0.0,0.0,69,-2.3088333289975238e+20,5.8480628136940176e+35,0.0,0.0,0.0,0.0,0.0,0.0,0.0,0,0,0,0.0,0.0,0.0,0.0,0.0,0.0,0.0,0.0,0.0,0.0,0.0,0.0,0.0,0.0,0.0,0.0,0,-107875648.0,69,0.0,138,0.0,2.012,ERR,ERR,ERR,ERR,ERR,ERR,ERR,ERR,ERR,ERR,ERR,ERR,ERR,ERR,ERR,ERR,ERR,ERR,ERR,ERR,ERR,ERR,ERR,ERR,ERR,ERR,ERR,ERR,ERR,ERR,ERR,ERR,ERR,ERR,ERR,ERR,ERR,ERR,ERR,ERR,ERR,ERR,ERR,ERR,ERR,ERR,ERR,ERR,ERR,ERR,ERR,ERR,ERR,ERR,ERR,ERR,ERR,ERR,ERR,ERR,ERR,ERR,ERR,ERR,ERR,ERR,ERR,60.0,60.0,35,0.0,0.0,0.0,0.0,0.0,0.0,0.0,0.0,0.0,0.0,0.0,0.0,0.0,0.0,0.0,0.0,65.6,0,128,62,39,65476,0,300,0,0,8,20529,65476,0,0,2621,60.0,0.0,0.0,0.0,0.0,0.0
2026-07-09T15:59:29,ERR,ERR,ERR,ERR,ERR,ERR,ERR,ERR,ERR,ERR,ERR,ERR,ERR,ERR,ERR,ERR,ERR,ERR,ERR,ERR,ERR,ERR,ERR,ERR,ERR,ERR,ERR,ERR,ERR,ERR,ERR,ERR,ERR,ERR,ERR,ERR,ERR,ERR,ERR,ERR,ERR,ERR,ERR,ERR,ERR,ERR,ERR,ERR,ERR,ERR,ERR,ERR,ERR,ERR,ERR,ERR,ERR,ERR,ERR,ERR,ERR,ERR,ERR,ERR,ERR,ERR,ERR,ERR,ERR,ERR,ERR,ERR,ERR,ERR,ERR,ERR,ERR,ERR,ERR,ERR,ERR,ERR,ERR,ERR,ERR,ERR,ERR,ERR,ERR,ERR,ERR,ERR,ERR,ERR,ERR,ERR,ERR,ERR,ERR,ERR,ERR,ERR,ERR,ERR,ERR,ERR,ERR,ERR,ERR,ERR,ERR,ERR,ERR,ERR,ERR,ERR,ERR,ERR,ERR,ERR,ERR,ERR,ERR,ERR,ERR,0.0,2.718444432386899e+23,-0.0,2.7183478752108883e+23,0.0,0.0,3921789321216.0,0.0,0,0,4,17307,7116,0.0,100,0.0,0.0,2.7183478752108883e+23,0.0,0.0,0,0,0,0,0.0,0,0,0,0,0,0,0,0,0,0,0,0,0,0,0,0,0,0,0,0,0,0,0,0,0,0,0,0,0,0,0,0,0,31,40,40,71,65476,0,300,0,0,8,21553,0.0,-107605600.0,0.0,0.0,0.0,0.0,0.0,0.0,0.0,0.0,0.0,0.0,0.0,0.0,0.0,0.0,0.0,0.0,0.0,0.0,0.0,0.0,-2.004,0.0,0.0,0.0,0.0,0.0,0.0,0.0,5450.0,-0.0,6934.0,0.0,2.718444432386899e+23,2.004,2.004,0.0,0.0,0.0,0.0,69,-2.3088333289975238e+20,5.8480628136940176e+35,0.0,0.0,0.0,0.0,0.0,0.0,0.0,0,0,0,0.0,0.0,0.0,0.0,0.0,0.0,0.0,0.0,0.0,0.0,0.0,0.0,0.0,0.0,0.0,0.0,0,-107875648.0,69,0.0,138,0.0,2.012,ERR,ERR,ERR,ERR,ERR,ERR,ERR,ERR,ERR,ERR,ERR,ERR,ERR,ERR,ERR,ERR,ERR,ERR,ERR,ERR,ERR,ERR,ERR,ERR,ERR,ERR,ERR,ERR,ERR,ERR,ERR,ERR,ERR,ERR,ERR,ERR,ERR,ERR,ERR,ERR,ERR,ERR,ERR,ERR,ERR,ERR,ERR,ERR,ERR,ERR,ERR,ERR,ERR,ERR,ERR,ERR,ERR,ERR,ERR,ERR,ERR,ERR,ERR,ERR,ERR,ERR,ERR,60.0,60.0,35,0.0,0.0,0.0,0.0,0.0,0.0,0.0,0.0,0.0,0.0,0.0,0.0,0.0,0.0,0.0,0.0,65.6,0,128,62,40,65476,0,300,0,0,8,20529,65476,0,0,2621,60.0,0.0,0.0,0.0,0.0,0.0
2026-07-09T15:59:30,ERR,ERR,ERR,ERR,ERR,ERR,ERR,ERR,ERR,ERR,ERR,ERR,ERR,ERR,ERR,ERR,ERR,ERR,ERR,ERR,ERR,ERR,ERR,ERR,ERR,ERR,ERR,ERR,ERR,ERR,ERR,ERR,ERR,ERR,ERR,ERR,ERR,ERR,ERR,ERR,ERR,ERR,ERR,ERR,ERR,ERR,ERR,ERR,ERR,ERR,ERR,ERR,ERR,ERR,ERR,ERR,ERR,ERR,ERR,ERR,ERR,ERR,ERR,ERR,ERR,ERR,ERR,ERR,ERR,ERR,ERR,ERR,ERR,ERR,ERR,ERR,ERR,ERR,ERR,ERR,ERR,ERR,ERR,ERR,ERR,ERR,ERR,ERR,ERR,ERR,ERR,ERR,ERR,ERR,ERR,ERR,ERR,ERR,ERR,ERR,ERR,ERR,ERR,ERR,ERR,ERR,ERR,ERR,ERR,ERR,ERR,ERR,ERR,ERR,ERR,ERR,ERR,ERR,ERR,ERR,ERR,ERR,ERR,ERR,ERR,0.0,2.718444432386899e+23,-0.0,2.7183478752108883e+23,0.0,0.0,3921789321216.0,0.0,0,0,4,17307,7116,0.0,100,0.0,0.0,2.7183478752108883e+23,0.0,0.0,0,0,0,0,0.0,0,0,0,0,0,0,0,0,0,0,0,0,0,0,0,0,0,0,0,0,0,0,0,0,0,0,0,0,0,0,0,0,0,31,40,40,71,65476,0,300,0,0,8,21553,0.0,-107605600.0,0.0,0.0,0.0,0.0,0.0,0.0,0.0,0.0,0.0,0.0,0.0,0.0,0.0,0.0,0.0,0.0,0.0,0.0,0.0,0.0,-2.004,0.0,0.0,0.0,0.0,0.0,0.0,0.0,5450.0,-0.0,6934.0,0.0,2.718444432386899e+23,2.004,2.004,0.0,0.0,0.0,0.0,69,-2.3088333289975238e+20,5.8480628136940176e+35,0.0,0.0,0.0,0.0,0.0,0.0,0.0,0,0,0,0.0,0.0,0.0,0.0,0.0,0.0,0.0,0.0,0.0,0.0,0.0,0.0,0.0,0.0,0.0,0.0,0,-107875648.0,69,0.0,138,0.0,2.012,ERR,ERR,ERR,ERR,ERR,ERR,ERR,ERR,ERR,ERR,ERR,ERR,ERR,ERR,ERR,ERR,ERR,ERR,ERR,ERR,ERR,ERR,ERR,ERR,ERR,ERR,ERR,ERR,ERR,ERR,ERR,ERR,ERR,ERR,ERR,ERR,ERR,ERR,ERR,ERR,ERR,ERR,ERR,ERR,ERR,ERR,ERR,ERR,ERR,ERR,ERR,ERR,ERR,ERR,ERR,ERR,ERR,ERR,ERR,ERR,ERR,ERR,ERR,ERR,ERR,ERR,ERR,60.0,60.0,35,0.0,0.0,0.0,0.0,0.0,0.0,0.0,0.0,0.0,0.0,0.0,0.0,0.0,0.0,0.0,0.0,65.6,0,128,62,40,65476,0,300,0,0,8,20529,65476,0,0,2621,60.0,0.0,0.0,0.0,0.0,0.0
2026-07-09T15:59:31,ERR,ERR,ERR,ERR,ERR,ERR,ERR,ERR,ERR,ERR,ERR,ERR,ERR,ERR,ERR,ERR,ERR,ERR,ERR,ERR,ERR,ERR,ERR,ERR,ERR,ERR,ERR,ERR,ERR,ERR,ERR,ERR,ERR,ERR,ERR,ERR,ERR,ERR,ERR,ERR,ERR,ERR,ERR,ERR,ERR,ERR,ERR,ERR,ERR,ERR,ERR,ERR,ERR,ERR,ERR,ERR,ERR,ERR,ERR,ERR,ERR,ERR,ERR,ERR,ERR,ERR,ERR,ERR,ERR,ERR,ERR,ERR,ERR,ERR,ERR,ERR,ERR,ERR,ERR,ERR,ERR,ERR,ERR,ERR,ERR,ERR,ERR,ERR,ERR,ERR,ERR,ERR,ERR,ERR,ERR,ERR,ERR,ERR,ERR,ERR,ERR,ERR,ERR,ERR,ERR,ERR,ERR,ERR,ERR,ERR,ERR,ERR,ERR,ERR,ERR,ERR,ERR,ERR,ERR,ERR,ERR,ERR,ERR,ERR,ERR,0.0,-0.0,0.0,2.7183478752108883e+23,3.786205930487917e+22,0.0,7011477739274240.0,-0.0,0,0,4,17310,7116,0.0,100,0.0,0.0,2.7183478752108883e+23,0.0,0.0,0,0,0,0,0.0,0,0,0,0,0,0,0,0,0,0,0,0,0,0,0,0,0,0,0,0,0,0,0,0,0,0,0,0,0,0,0,0,0,31,40,40,71,65476,0,300,0,0,8,21553,0.0,-107605600.0,0.0,0.0,0.0,0.0,0.0,0.0,0.0,0.0,0.0,0.0,0.0,0.0,0.0,0.0,0.0,0.0,0.0,0.0,0.0,0.0,-0.0,0.0,0.0,0.0,0.0,0.0,0.0,0.0,5459.0,-2.004,6936.0,-107615104.0,-0.0,2.004,2.004,0.0,0.0,0.0,0.0,69,89220.805,-0.0,0.0,0.0,0.0,0.0,0.0,0.0,0.0,0,0,0,0.0,0.0,0.0,0.0,0.0,0.0,0.0,0.0,0.0,0.0,0.0,0.0,0.0,0.0,0.0,0.0,0,-107875648.0,69,0.0,138,0.0,2.012,ERR,ERR,ERR,ERR,ERR,ERR,ERR,ERR,ERR,ERR,ERR,ERR,ERR,ERR,ERR,ERR,ERR,ERR,ERR,ERR,ERR,ERR,ERR,ERR,ERR,ERR,ERR,ERR,ERR,ERR,ERR,ERR,ERR,ERR,ERR,ERR,ERR,ERR,ERR,ERR,ERR,ERR,ERR,ERR,ERR,ERR,ERR,ERR,ERR,ERR,ERR,ERR,ERR,ERR,ERR,ERR,ERR,ERR,ERR,ERR,ERR,ERR,ERR,ERR,ERR,ERR,ERR,60.0,60.0,35,0.0,0.0,0.0,0.0,0.0,0.0,0.0,0.0,0.0,0.0,0.0,0.0,0.0,0.0,0.0,0.0,65.6,0,128,62,40,65476,0,300,0,0,8,20529,65476,0,0,2621,60.0,0.0,0.0,0.0,0.0,0.0
2026-07-09T15:59:32,ERR,ERR,ERR,ERR,ERR,ERR,ERR,ERR,ERR,ERR,ERR,ERR,ERR,ERR,ERR,ERR,ERR,ERR,ERR,ERR,ERR,ERR,ERR,ERR,ERR,ERR,ERR,ERR,ERR,ERR,ERR,ERR,ERR,ERR,ERR,ERR,ERR,ERR,ERR,ERR,ERR,ERR,ERR,ERR,ERR,ERR,ERR,ERR,ERR,ERR,ERR,ERR,ERR,ERR,ERR,ERR,ERR,ERR,ERR,ERR,ERR,ERR,ERR,ERR,ERR,ERR,ERR,ERR,ERR,ERR,ERR,ERR,ERR,ERR,ERR,ERR,ERR,ERR,ERR,ERR,ERR,ERR,ERR,ERR,ERR,ERR,ERR,ERR,ERR,ERR,ERR,ERR,ERR,ERR,ERR,ERR,ERR,ERR,ERR,ERR,ERR,ERR,ERR,ERR,ERR,ERR,ERR,ERR,ERR,ERR,ERR,ERR,ERR,ERR,ERR,ERR,ERR,ERR,ERR,ERR,ERR,ERR,ERR,ERR,ERR,0.0,-0.0,0.0,2.7183478752108883e+23,3.786205930487917e+22,0.0,7011477739274240.0,-0.0,0,0,4,17310,7116,0.0,100,0.0,0.0,2.7183478752108883e+23,0.0,0.0,0,0,0,0,0.0,0,0,0,0,0,0,0,0,0,0,0,0,0,0,0,0,0,0,0,0,0,0,0,0,0,0,0,0,0,0,0,0,0,31,40,40,71,65476,0,300,0,0,8,21553,0.0,-107605600.0,0.0,0.0,0.0,0.0,0.0,0.0,0.0,0.0,0.0,0.0,0.0,0.0,0.0,0.0,0.0,0.0,0.0,0.0,0.0,0.0,-0.0,0.0,0.0,0.0,0.0,0.0,0.0,0.0,5459.0,-2.004,6936.0,-107615104.0,-0.0,2.004,2.004,0.0,0.0,0.0,0.0,69,89220.805,-0.0,0.0,0.0,0.0,0.0,0.0,0.0,0.0,0,0,0,0.0,0.0,0.0,0.0,0.0,0.0,0.0,0.0,0.0,0.0,0.0,0.0,0.0,0.0,0.0,0.0,0,-107875648.0,69,0.0,138,0.0,2.012,ERR,ERR,ERR,ERR,ERR,ERR,ERR,ERR,ERR,ERR,ERR,ERR,ERR,ERR,ERR,ERR,ERR,ERR,ERR,ERR,ERR,ERR,ERR,ERR,ERR,ERR,ERR,ERR,ERR,ERR,ERR,ERR,ERR,ERR,ERR,ERR,ERR,ERR,ERR,ERR,ERR,ERR,ERR,ERR,ERR,ERR,ERR,ERR,ERR,ERR,ERR,ERR,ERR,ERR,ERR,ERR,ERR,ERR,ERR,ERR,ERR,ERR,ERR,ERR,ERR,ERR,ERR,60.0,60.0,35,0.0,0.0,0.0,0.0,0.0,0.0,0.0,0.0,0.0,0.0,0.0,0.0,0.0,0.0,0.0,0.0,65.6,0,128,62,40,65476,0,300,0,0,8,20529,65476,0,0,2621,60.0,0.0,0.0,0.0,0.0,0.0
2026-07-09T15:59:33,ERR,ERR,ERR,ERR,ERR,ERR,ERR,ERR,ERR,ERR,ERR,ERR,ERR,ERR,ERR,ERR,ERR,ERR,ERR,ERR,ERR,ERR,ERR,ERR,ERR,ERR,ERR,ERR,ERR,ERR,ERR,ERR,ERR,ERR,ERR,ERR,ERR,ERR,ERR,ERR,ERR,ERR,ERR,ERR,ERR,ERR,ERR,ERR,ERR,ERR,ERR,ERR,ERR,ERR,ERR,ERR,ERR,ERR,ERR,ERR,ERR,ERR,ERR,ERR,ERR,ERR,ERR,ERR,ERR,ERR,ERR,ERR,ERR,ERR,ERR,ERR,ERR,ERR,ERR,ERR,ERR,ERR,ERR,ERR,ERR,ERR,ERR,ERR,ERR,ERR,ERR,ERR,ERR,ERR,ERR,ERR,ERR,ERR,ERR,ERR,ERR,ERR,ERR,ERR,ERR,ERR,ERR,ERR,ERR,ERR,ERR,ERR,ERR,ERR,ERR,ERR,ERR,ERR,ERR,ERR,ERR,ERR,ERR,ERR,ERR,0.0,-0.0,0.0,2.7183478752108883e+23,3.786205930487917e+22,0.0,7011477739274240.0,-0.0,0,0,4,17310,7116,0.0,100,0.0,0.0,2.7183478752108883e+23,0.0,0.0,0,0,0,0,0.0,0,0,0,0,0,0,0,0,0,0,0,0,0,0,0,0,0,0,0,0,0,0,0,0,0,0,0,0,0,0,0,0,0,31,40,40,71,65476,0,300,0,0,8,21553,0.0,-107605600.0,0.0,0.0,0.0,0.0,0.0,0.0,0.0,0.0,0.0,0.0,0.0,0.0,0.0,0.0,0.0,0.0,0.0,0.0,0.0,0.0,-0.0,0.0,0.0,0.0,0.0,0.0,0.0,0.0,5459.0,-2.004,6936.0,-107615104.0,-0.0,2.004,2.004,0.0,0.0,0.0,0.0,69,89220.805,-0.0,0.0,0.0,0.0,0.0,0.0,0.0,0.0,0,0,0,0.0,0.0,0.0,0.0,0.0,0.0,0.0,0.0,0.0,0.0,0.0,0.0,0.0,0.0,0.0,0.0,0,-107875648.0,69,0.0,138,0.0,2.012,ERR,ERR,ERR,ERR,ERR,ERR,ERR,ERR,ERR,ERR,ERR,ERR,ERR,ERR,ERR,ERR,ERR,ERR,ERR,ERR,ERR,ERR,ERR,ERR,ERR,ERR,ERR,ERR,ERR,ERR,ERR,ERR,ERR,ERR,ERR,ERR,ERR,ERR,ERR,ERR,ERR,ERR,ERR,ERR,ERR,ERR,ERR,ERR,ERR,ERR,ERR,ERR,ERR,ERR,ERR,ERR,ERR,ERR,ERR,ERR,ERR,ERR,ERR,ERR,ERR,ERR,ERR,60.0,60.0,35,0.0,0.0,0.0,0.0,0.0,0.0,0.0,0.0,0.0,0.0,0.0,0.0,0.0,0.0,0.0,0.0,65.6,0,128,62,40,65476,0,300,0,0,8,20529,65476,0,0,2621,60.0,0.0,0.0,0.0,0.0,0.0
2026-07-09T15:59:34,ERR,ERR,ERR,ERR,ERR,ERR,ERR,ERR,ERR,ERR,ERR,ERR,ERR,ERR,ERR,ERR,ERR,ERR,ERR,ERR,ERR,ERR,ERR,ERR,ERR,ERR,ERR,ERR,ERR,ERR,ERR,ERR,ERR,ERR,ERR,ERR,ERR,ERR,ERR,ERR,ERR,ERR,ERR,ERR,ERR,ERR,ERR,ERR,ERR,ERR,ERR,ERR,ERR,ERR,ERR,ERR,ERR,ERR,ERR,ERR,ERR,ERR,ERR,ERR,ERR,ERR,ERR,ERR,ERR,ERR,ERR,ERR,ERR,ERR,ERR,ERR,ERR,ERR,ERR,ERR,ERR,ERR,ERR,ERR,ERR,ERR,ERR,ERR,ERR,ERR,ERR,ERR,ERR,ERR,ERR,ERR,ERR,ERR,ERR,ERR,ERR,ERR,ERR,ERR,ERR,ERR,ERR,ERR,ERR,ERR,ERR,ERR,ERR,ERR,ERR,ERR,ERR,ERR,ERR,ERR,ERR,ERR,ERR,ERR,ERR,0.0,-0.0,0.0,2.7183478752108883e+23,3.786205930487917e+22,0.0,7011477739274240.0,-0.0,0,0,4,17310,7116,0.0,100,0.0,0.0,2.7183478752108883e+23,0.0,0.0,0,0,0,0,0.0,0,0,0,0,0,0,0,0,0,0,0,0,0,0,0,0,0,0,0,0,0,0,0,0,0,0,0,0,0,0,0,0,0,31,40,40,71,65476,0,300,0,0,8,21553,0.0,-107605600.0,0.0,0.0,0.0,0.0,0.0,0.0,0.0,0.0,0.0,0.0,0.0,0.0,0.0,0.0,0.0,0.0,0.0,0.0,0.0,0.0,-0.0,0.0,0.0,0.0,0.0,0.0,0.0,0.0,5459.0,-2.004,6936.0,-107615104.0,-0.0,2.004,2.004,0.0,0.0,0.0,0.0,69,89220.805,-0.0,0.0,0.0,0.0,0.0,0.0,0.0,0.0,0,0,0,0.0,0.0,0.0,0.0,0.0,0.0,0.0,0.0,0.0,0.0,0.0,0.0,0.0,0.0,0.0,0.0,0,-107875648.0,69,0.0,138,0.0,2.012,ERR,ERR,ERR,ERR,ERR,ERR,ERR,ERR,ERR,ERR,ERR,ERR,ERR,ERR,ERR,ERR,ERR,ERR,ERR,ERR,ERR,ERR,ERR,ERR,ERR,ERR,ERR,ERR,ERR,ERR,ERR,ERR,ERR,ERR,ERR,ERR,ERR,ERR,ERR,ERR,ERR,ERR,ERR,ERR,ERR,ERR,ERR,ERR,ERR,ERR,ERR,ERR,ERR,ERR,ERR,ERR,ERR,ERR,ERR,ERR,ERR,ERR,ERR,ERR,ERR,ERR,ERR,60.0,60.0,35,0.0,0.0,0.0,0.0,0.0,0.0,0.0,0.0,0.0,0.0,0.0,0.0,0.0,0.0,0.0,0.0,65.6,0,128,62,40,65476,0,300,0,0,8,20529,65476,0,0,2621,60.0,0.0,0.0,0.0,0.0,0.0
2026-07-09T15:59:35,ERR,ERR,ERR,ERR,ERR,ERR,ERR,ERR,ERR,ERR,ERR,ERR,ERR,ERR,ERR,ERR,ERR,ERR,ERR,ERR,ERR,ERR,ERR,ERR,ERR,ERR,ERR,ERR,ERR,ERR,ERR,ERR,ERR,ERR,ERR,ERR,ERR,ERR,ERR,ERR,ERR,ERR,ERR,ERR,ERR,ERR,ERR,ERR,ERR,ERR,ERR,ERR,ERR,ERR,ERR,ERR,ERR,ERR,ERR,ERR,ERR,ERR,ERR,ERR,ERR,ERR,ERR,ERR,ERR,ERR,ERR,ERR,ERR,ERR,ERR,ERR,ERR,ERR,ERR,ERR,ERR,ERR,ERR,ERR,ERR,ERR,ERR,ERR,ERR,ERR,ERR,ERR,ERR,ERR,ERR,ERR,ERR,ERR,ERR,ERR,ERR,ERR,ERR,ERR,ERR,ERR,ERR,ERR,ERR,ERR,ERR,ERR,ERR,ERR,ERR,ERR,ERR,ERR,ERR,ERR,ERR,ERR,ERR,ERR,ERR,-107615104.0,-0.0,2.7302240475722494e+23,2.7183478752108883e+23,-0.0,0.0,6.423148467618578e+18,-1.9978281160380313e+34,0,0,4,17308,7116,0.0,100,0.0,0.0,2.7183478752108883e+23,0.0,0.0,0,0,0,0,0.0,0,0,0,0,0,0,0,0,0,0,0,0,0,0,0,0,0,0,0,0,0,0,0,0,0,0,0,0,0,0,0,0,0,31,40,40,71,65476,0,300,0,0,8,21553,0.0,-107605600.0,0.0,0.0,0.0,0.0,0.0,0.0,0.0,0.0,0.0,0.0,0.0,0.0,0.0,0.0,0.0,0.0,0.0,0.0,0.0,0.0,-0.0,0.0,0.0,0.0,0.0,0.0,0.0,0.0,5440.0,-0.0,6929.0,-107615104.0,-107615984.0,2.004,2.004,0.0,0.0,0.0,0.0,69,-0.0,89220.703,0.0,0.0,0.0,0.0,0.0,0.0,0.0,0,0,0,0.0,0.0,0.0,0.0,0.0,0.0,0.0,0.0,0.0,0.0,0.0,0.0,0.0,0.0,0.0,0.0,0,-107875648.0,69,0.0,138,0.0,2.012,ERR,ERR,ERR,ERR,ERR,ERR,ERR,ERR,ERR,ERR,ERR,ERR,ERR,ERR,ERR,ERR,ERR,ERR,ERR,ERR,ERR,ERR,ERR,ERR,ERR,ERR,ERR,ERR,ERR,ERR,ERR,ERR,ERR,ERR,ERR,ERR,ERR,ERR,ERR,ERR,ERR,ERR,ERR,ERR,ERR,ERR,ERR,ERR,ERR,ERR,ERR,ERR,ERR,ERR,ERR,ERR,ERR,ERR,ERR,ERR,ERR,ERR,ERR,ERR,ERR,ERR,ERR,60.0,60.0,35,0.0,0.0,0.0,0.0,0.0,0.0,0.0,0.0,0.0,0.0,0.0,0.0,0.0,0.0,0.0,0.0,65.6,0,128,62,40,65476,0,300,0,0,8,20529,65476,0,0,2621,60.0,0.0,0.0,0.0,0.0,0.0
2026-07-09T15:59:36,ERR,ERR,ERR,ERR,ERR,ERR,ERR,ERR,ERR,ERR,ERR,ERR,ERR,ERR,ERR,ERR,ERR,ERR,ERR,ERR,ERR,ERR,ERR,ERR,ERR,ERR,ERR,ERR,ERR,ERR,ERR,ERR,ERR,ERR,ERR,ERR,ERR,ERR,ERR,ERR,ERR,ERR,ERR,ERR,ERR,ERR,ERR,ERR,ERR,ERR,ERR,ERR,ERR,ERR,ERR,ERR,ERR,ERR,ERR,ERR,ERR,ERR,ERR,ERR,ERR,ERR,ERR,ERR,ERR,ERR,ERR,ERR,ERR,ERR,ERR,ERR,ERR,ERR,ERR,ERR,ERR,ERR,ERR,ERR,ERR,ERR,ERR,ERR,ERR,ERR,ERR,ERR,ERR,ERR,ERR,ERR,ERR,ERR,ERR,ERR,ERR,ERR,ERR,ERR,ERR,ERR,ERR,ERR,ERR,ERR,ERR,ERR,ERR,ERR,ERR,ERR,ERR,ERR,ERR,ERR,ERR,ERR,ERR,ERR,ERR,-107615104.0,-0.0,2.7302240475722494e+23,2.7183478752108883e+23,-0.0,0.0,6.423148467618578e+18,-1.9978281160380313e+34,0,0,4,17308,7116,0.0,100,0.0,0.0,2.7183478752108883e+23,0.0,0.0,0,0,0,0,0.0,0,0,0,0,0,0,0,0,0,0,0,0,0,0,0,0,0,0,0,0,0,0,0,0,0,0,0,0,0,0,0,0,0,31,40,40,71,65476,0,300,0,0,8,21553,0.0,-107605600.0,0.0,0.0,0.0,0.0,0.0,0.0,0.0,0.0,0.0,0.0,0.0,0.0,0.0,0.0,0.0,0.0,0.0,0.0,0.0,0.0,-0.0,0.0,0.0,0.0,0.0,0.0,0.0,0.0,5440.0,-0.0,6929.0,-107615104.0,-107615984.0,2.004,2.004,0.0,0.0,0.0,0.0,69,-0.0,89220.703,0.0,0.0,0.0,0.0,0.0,0.0,0.0,0,0,0,0.0,0.0,0.0,0.0,0.0,0.0,0.0,0.0,0.0,0.0,0.0,0.0,0.0,0.0,0.0,0.0,0,-107875648.0,69,0.0,138,0.0,2.012,ERR,ERR,ERR,ERR,ERR,ERR,ERR,ERR,ERR,ERR,ERR,ERR,ERR,ERR,ERR,ERR,ERR,ERR,ERR,ERR,ERR,ERR,ERR,ERR,ERR,ERR,ERR,ERR,ERR,ERR,ERR,ERR,ERR,ERR,ERR,ERR,ERR,ERR,ERR,ERR,ERR,ERR,ERR,ERR,ERR,ERR,ERR,ERR,ERR,ERR,ERR,ERR,ERR,ERR,ERR,ERR,ERR,ERR,ERR,ERR,ERR,ERR,ERR,ERR,ERR,ERR,ERR,60.0,60.0,35,0.0,0.0,0.0,0.0,0.0,0.0,0.0,0.0,0.0,0.0,0.0,0.0,0.0,0.0,0.0,0.0,65.6,0,128,62,40,65476,0,300,0,0,8,20529,65476,0,0,2621,60.0,0.0,0.0,0.0,0.0,0.0
2026-07-09T15:59:37,ERR,ERR,ERR,ERR,ERR,ERR,ERR,ERR,ERR,ERR,ERR,ERR,ERR,ERR,ERR,ERR,ERR,ERR,ERR,ERR,ERR,ERR,ERR,ERR,ERR,ERR,ERR,ERR,ERR,ERR,ERR,ERR,ERR,ERR,ERR,ERR,ERR,ERR,ERR,ERR,ERR,ERR,ERR,ERR,ERR,ERR,ERR,ERR,ERR,ERR,ERR,ERR,ERR,ERR,ERR,ERR,ERR,ERR,ERR,ERR,ERR,ERR,ERR,ERR,ERR,ERR,ERR,ERR,ERR,ERR,ERR,ERR,ERR,ERR,ERR,ERR,ERR,ERR,ERR,ERR,ERR,ERR,ERR,ERR,ERR,ERR,ERR,ERR,ERR,ERR,ERR,ERR,ERR,ERR,ERR,ERR,ERR,ERR,ERR,ERR,ERR,ERR,ERR,ERR,ERR,ERR,ERR,ERR,ERR,ERR,ERR,ERR,ERR,ERR,ERR,ERR,ERR,ERR,ERR,ERR,ERR,ERR,ERR,ERR,ERR,-107615104.0,-0.0,2.7302240475722494e+23,2.7183478752108883e+23,-0.0,0.0,6.423148467618578e+18,-1.9978281160380313e+34,0,0,4,17308,7116,0.0,100,0.0,0.0,2.7183478752108883e+23,0.0,0.0,0,0,0,0,0.0,0,0,0,0,0,0,0,0,0,0,0,0,0,0,0,0,0,0,0,0,0,0,0,0,0,0,0,0,0,0,0,0,0,31,40,40,71,65476,0,300,0,0,8,21553,0.0,-107605600.0,0.0,0.0,0.0,0.0,0.0,0.0,0.0,0.0,0.0,0.0,0.0,0.0,0.0,0.0,0.0,0.0,0.0,0.0,0.0,0.0,-0.0,0.0,0.0,0.0,0.0,0.0,0.0,0.0,5440.0,-0.0,6929.0,-107615104.0,-107615984.0,2.004,2.004,0.0,0.0,0.0,0.0,69,-0.0,89220.703,0.0,0.0,0.0,0.0,0.0,0.0,0.0,0,0,0,0.0,0.0,0.0,0.0,0.0,0.0,0.0,0.0,0.0,0.0,0.0,0.0,0.0,0.0,0.0,0.0,0,-107875648.0,69,0.0,138,0.0,2.012,ERR,ERR,ERR,ERR,ERR,ERR,ERR,ERR,ERR,ERR,ERR,ERR,ERR,ERR,ERR,ERR,ERR,ERR,ERR,ERR,ERR,ERR,ERR,ERR,ERR,ERR,ERR,ERR,ERR,ERR,ERR,ERR,ERR,ERR,ERR,ERR,ERR,ERR,ERR,ERR,ERR,ERR,ERR,ERR,ERR,ERR,ERR,ERR,ERR,ERR,ERR,ERR,ERR,ERR,ERR,ERR,ERR,ERR,ERR,ERR,ERR,ERR,ERR,ERR,ERR,ERR,ERR,60.0,60.0,35,0.0,0.0,0.0,0.0,0.0,0.0,0.0,0.0,0.0,0.0,0.0,0.0,0.0,0.0,0.0,0.0,66.0,0,128,62,40,65476,0,300,0,0,8,20529,65476,0,0,2621,60.0,0.0,0.0,0.0,0.0,0.0
2026-07-09T15:59:38,ERR,ERR,ERR,ERR,ERR,ERR,ERR,ERR,ERR,ERR,ERR,ERR,ERR,ERR,ERR,ERR,ERR,ERR,ERR,ERR,ERR,ERR,ERR,ERR,ERR,ERR,ERR,ERR,ERR,ERR,ERR,ERR,ERR,ERR,ERR,ERR,ERR,ERR,ERR,ERR,ERR,ERR,ERR,ERR,ERR,ERR,ERR,ERR,ERR,ERR,ERR,ERR,ERR,ERR,ERR,ERR,ERR,ERR,ERR,ERR,ERR,ERR,ERR,ERR,ERR,ERR,ERR,ERR,ERR,ERR,ERR,ERR,ERR,ERR,ERR,ERR,ERR,ERR,ERR,ERR,ERR,ERR,ERR,ERR,ERR,ERR,ERR,ERR,ERR,ERR,ERR,ERR,ERR,ERR,ERR,ERR,ERR,ERR,ERR,ERR,ERR,ERR,ERR,ERR,ERR,ERR,ERR,ERR,ERR,ERR,ERR,ERR,ERR,ERR,ERR,ERR,ERR,ERR,ERR,ERR,ERR,ERR,ERR,ERR,ERR,-107615104.0,-0.0,2.7302240475722494e+23,2.7183478752108883e+23,-0.0,0.0,6.423148467618578e+18,-1.9978281160380313e+34,0,0,4,17308,7116,0.0,100,0.0,0.0,2.7183478752108883e+23,0.0,0.0,0,0,0,0,0.0,0,0,0,0,0,0,0,0,0,0,0,0,0,0,0,0,0,0,0,0,0,0,0,0,0,0,0,0,0,0,0,0,0,31,40,40,71,65476,0,300,0,0,8,21553,0.0,-107605600.0,0.0,0.0,0.0,0.0,0.0,0.0,0.0,0.0,0.0,0.0,0.0,0.0,0.0,0.0,0.0,0.0,0.0,0.0,0.0,0.0,-0.0,0.0,0.0,0.0,0.0,0.0,0.0,0.0,5440.0,-0.0,6929.0,-107615104.0,-107615984.0,2.004,2.004,0.0,0.0,0.0,0.0,69,-0.0,89220.703,0.0,0.0,0.0,0.0,0.0,0.0,0.0,0,0,0,0.0,0.0,0.0,0.0,0.0,0.0,0.0,0.0,0.0,0.0,0.0,0.0,0.0,0.0,0.0,0.0,0,-107875648.0,69,0.0,138,0.0,2.012,ERR,ERR,ERR,ERR,ERR,ERR,ERR,ERR,ERR,ERR,ERR,ERR,ERR,ERR,ERR,ERR,ERR,ERR,ERR,ERR,ERR,ERR,ERR,ERR,ERR,ERR,ERR,ERR,ERR,ERR,ERR,ERR,ERR,ERR,ERR,ERR,ERR,ERR,ERR,ERR,ERR,ERR,ERR,ERR,ERR,ERR,ERR,ERR,ERR,ERR,ERR,ERR,ERR,ERR,ERR,ERR,ERR,ERR,ERR,ERR,ERR,ERR,ERR,ERR,ERR,ERR,ERR,60.0,60.0,35,0.0,0.0,0.0,0.0,0.0,0.0,0.0,0.0,0.0,0.0,0.0,0.0,0.0,0.0,0.0,0.0,66.0,0,128,62,40,65476,0,300,0,0,8,20529,65476,0,0,2621,60.0,0.0,0.0,0.0,0.0,0.0
2026-07-09T15:59:39,ERR,ERR,ERR,ERR,ERR,ERR,ERR,ERR,ERR,ERR,ERR,ERR,ERR,ERR,ERR,ERR,ERR,ERR,ERR,ERR,ERR,ERR,ERR,ERR,ERR,ERR,ERR,ERR,ERR,ERR,ERR,ERR,ERR,ERR,ERR,ERR,ERR,ERR,ERR,ERR,ERR,ERR,ERR,ERR,ERR,ERR,ERR,ERR,ERR,ERR,ERR,ERR,ERR,ERR,ERR,ERR,ERR,ERR,ERR,ERR,ERR,ERR,ERR,ERR,ERR,ERR,ERR,ERR,ERR,ERR,ERR,ERR,ERR,ERR,ERR,ERR,ERR,ERR,ERR,ERR,ERR,ERR,ERR,ERR,ERR,ERR,ERR,ERR,ERR,ERR,ERR,ERR,ERR,ERR,ERR,ERR,ERR,ERR,ERR,ERR,ERR,ERR,ERR,ERR,ERR,ERR,ERR,ERR,ERR,ERR,ERR,ERR,ERR,ERR,ERR,ERR,ERR,ERR,ERR,ERR,ERR,ERR,ERR,ERR,ERR,-107615104.0,-0.0,2.7302240475722494e+23,2.7183478752108883e+23,-0.0,0.0,6.423148467618578e+18,-1.9978281160380313e+34,0,0,4,17308,7116,0.0,100,0.0,0.0,2.7183478752108883e+23,0.0,0.0,0,0,0,0,0.0,0,0,0,0,0,0,0,0,0,0,0,0,0,0,0,0,0,0,0,0,0,0,0,0,0,0,0,0,0,0,0,0,0,31,40,40,71,65476,0,300,0,0,8,21553,0.0,-107605600.0,0.0,0.0,0.0,0.0,0.0,0.0,0.0,0.0,0.0,0.0,0.0,0.0,0.0,0.0,0.0,0.0,0.0,0.0,0.0,0.0,-0.0,0.0,0.0,0.0,0.0,0.0,0.0,0.0,5440.0,-0.0,6929.0,-107615104.0,-107615984.0,2.004,2.004,0.0,0.0,0.0,0.0,69,-0.0,89220.703,0.0,0.0,0.0,0.0,0.0,0.0,0.0,0,0,0,0.0,0.0,0.0,0.0,0.0,0.0,0.0,0.0,0.0,0.0,0.0,0.0,0.0,0.0,0.0,0.0,0,-107875648.0,69,0.0,138,0.0,2.012,ERR,ERR,ERR,ERR,ERR,ERR,ERR,ERR,ERR,ERR,ERR,ERR,ERR,ERR,ERR,ERR,ERR,ERR,ERR,ERR,ERR,ERR,ERR,ERR,ERR,ERR,ERR,ERR,ERR,ERR,ERR,ERR,ERR,ERR,ERR,ERR,ERR,ERR,ERR,ERR,ERR,ERR,ERR,ERR,ERR,ERR,ERR,ERR,ERR,ERR,ERR,ERR,ERR,ERR,ERR,ERR,ERR,ERR,ERR,ERR,ERR,ERR,ERR,ERR,ERR,ERR,ERR,60.0,60.0,35,0.0,0.0,0.0,0.0,0.0,0.0,0.0,0.0,0.0,0.0,0.0,0.0,0.0,0.0,0.0,0.0,66.0,0,128,62,40,65476,0,300,0,0,8,20529,65476,0,0,2621,60.0,0.0,0.0,0.0,0.0,0.0
2026-07-09T15:59:40,ERR,ERR,ERR,ERR,ERR,ERR,ERR,ERR,ERR,ERR,ERR,ERR,ERR,ERR,ERR,ERR,ERR,ERR,ERR,ERR,ERR,ERR,ERR,ERR,ERR,ERR,ERR,ERR,ERR,ERR,ERR,ERR,ERR,ERR,ERR,ERR,ERR,ERR,ERR,ERR,ERR,ERR,ERR,ERR,ERR,ERR,ERR,ERR,ERR,ERR,ERR,ERR,ERR,ERR,ERR,ERR,ERR,ERR,ERR,ERR,ERR,ERR,ERR,ERR,ERR,ERR,ERR,ERR,ERR,ERR,ERR,ERR,ERR,ERR,ERR,ERR,ERR,ERR,ERR,ERR,ERR,ERR,ERR,ERR,ERR,ERR,ERR,ERR,ERR,ERR,ERR,ERR,ERR,ERR,ERR,ERR,ERR,ERR,ERR,ERR,ERR,ERR,ERR,ERR,ERR,ERR,ERR,ERR,ERR,ERR,ERR,ERR,ERR,ERR,ERR,ERR,ERR,ERR,ERR,ERR,ERR,ERR,ERR,ERR,ERR,-107615104.0,-107615984.0,-107614816.0,0.0,-0.0,7784.17,1.6389230236194538e+37,-352.503,0,0,4,17308,7116,0.0,100,0.0,0.0,0.0,0.0,0.0,0,0,0,0,0.0,0,0,0,0,0,0,0,0,0,0,0,0,0,0,0,0,0,0,0,0,0,0,0,0,0,0,0,0,0,0,0,0,0,31,40,40,71,65476,0,300,0,0,8,21553,0.0,-107605600.0,0.0,0.0,0.0,0.0,0.0,0.0,0.0,0.0,0.0,0.0,0.0,0.0,0.0,0.0,0.0,0.0,0.0,0.0,0.0,0.0,-0.0,2.004,0.0,0.0,0.0,0.0,0.0,0.0,5449.0,-0.0,6935.0,-107615104.0,0.0,2.004,2.004,0.0,0.0,0.0,0.0,69,89220.812,-0.0,0.0,0.0,0.0,0.0,0.0,0.0,0.0,0,0,0,0.0,0.0,0.0,0.0,0.0,0.0,0.0,0.0,0.0,0.0,0.0,0.0,0.0,0.0,0.0,0.0,0,-107875648.0,69,0.0,138,0.0,2.012,ERR,ERR,ERR,ERR,ERR,ERR,ERR,ERR,ERR,ERR,ERR,ERR,ERR,ERR,ERR,ERR,ERR,ERR,ERR,ERR,ERR,ERR,ERR,ERR,ERR,ERR,ERR,ERR,ERR,ERR,ERR,ERR,ERR,ERR,ERR,ERR,ERR,ERR,ERR,ERR,ERR,ERR,ERR,ERR,ERR,ERR,ERR,ERR,ERR,ERR,ERR,ERR,ERR,ERR,ERR,ERR,ERR,ERR,ERR,ERR,ERR,ERR,ERR,ERR,ERR,ERR,ERR,60.0,60.0,35,0.0,0.0,0.0,0.0,0.0,0.0,0.0,0.0,0.0,0.0,0.0,0.0,0.0,0.0,0.0,0.0,66.0,0,128,62,40,65476,0,300,0,0,8,20529,65476,0,0,2621,60.0,0.0,0.0,0.0,0.0,0.0
2026-07-09T15:59:41,ERR,ERR,ERR,ERR,ERR,ERR,ERR,ERR,ERR,ERR,ERR,ERR,ERR,ERR,ERR,ERR,ERR,ERR,ERR,ERR,ERR,ERR,ERR,ERR,ERR,ERR,ERR,ERR,ERR,ERR,ERR,ERR,ERR,ERR,ERR,ERR,ERR,ERR,ERR,ERR,ERR,ERR,ERR,ERR,ERR,ERR,ERR,ERR,ERR,ERR,ERR,ERR,ERR,ERR,ERR,ERR,ERR,ERR,ERR,ERR,ERR,ERR,ERR,ERR,ERR,ERR,ERR,ERR,ERR,ERR,ERR,ERR,ERR,ERR,ERR,ERR,ERR,ERR,ERR,ERR,ERR,ERR,ERR,ERR,ERR,ERR,ERR,ERR,ERR,ERR,ERR,ERR,ERR,ERR,ERR,ERR,ERR,ERR,ERR,ERR,ERR,ERR,ERR,ERR,ERR,ERR,ERR,ERR,ERR,ERR,ERR,ERR,ERR,ERR,ERR,ERR,ERR,ERR,ERR,ERR,ERR,ERR,ERR,ERR,ERR,-107615104.0,-107615984.0,-107614816.0,0.0,-0.0,7784.17,1.6389230236194538e+37,-352.503,0,0,4,17308,7116,0.0,100,0.0,0.0,0.0,0.0,0.0,0,0,0,0,0.0,0,0,0,0,0,0,0,0,0,0,0,0,0,0,0,0,0,0,0,0,0,0,0,0,0,0,0,0,0,0,0,0,0,31,40,40,71,65476,0,300,0,0,8,21553,0.0,-107605600.0,0.0,0.0,0.0,0.0,0.0,0.0,0.0,0.0,0.0,0.0,0.0,0.0,0.0,0.0,0.0,0.0,0.0,0.0,0.0,0.0,-0.0,2.004,0.0,0.0,0.0,0.0,0.0,0.0,5449.0,-0.0,6935.0,-107615104.0,0.0,2.004,2.004,0.0,0.0,0.0,0.0,69,89220.812,-0.0,0.0,0.0,0.0,0.0,0.0,0.0,0.0,0,0,0,0.0,0.0,0.0,0.0,0.0,0.0,0.0,0.0,0.0,0.0,0.0,0.0,0.0,0.0,0.0,0.0,0,-107875648.0,69,0.0,138,0.0,2.012,ERR,ERR,ERR,ERR,ERR,ERR,ERR,ERR,ERR,ERR,ERR,ERR,ERR,ERR,ERR,ERR,ERR,ERR,ERR,ERR,ERR,ERR,ERR,ERR,ERR,ERR,ERR,ERR,ERR,ERR,ERR,ERR,ERR,ERR,ERR,ERR,ERR,ERR,ERR,ERR,ERR,ERR,ERR,ERR,ERR,ERR,ERR,ERR,ERR,ERR,ERR,ERR,ERR,ERR,ERR,ERR,ERR,ERR,ERR,ERR,ERR,ERR,ERR,ERR,ERR,ERR,ERR,60.0,60.0,35,0.0,0.0,0.0,0.0,0.0,0.0,0.0,0.0,0.0,0.0,0.0,0.0,0.0,0.0,0.0,0.0,66.0,0,128,62,40,65476,0,300,0,0,8,20529,65476,0,0,2621,60.0,0.0,0.0,0.0,0.0,0.0
2026-07-09T15:59:42,ERR,ERR,ERR,ERR,ERR,ERR,ERR,ERR,ERR,ERR,ERR,ERR,ERR,ERR,ERR,ERR,ERR,ERR,ERR,ERR,ERR,ERR,ERR,ERR,ERR,ERR,ERR,ERR,ERR,ERR,ERR,ERR,ERR,ERR,ERR,ERR,ERR,ERR,ERR,ERR,ERR,ERR,ERR,ERR,ERR,ERR,ERR,ERR,ERR,ERR,ERR,ERR,ERR,ERR,ERR,ERR,ERR,ERR,ERR,ERR,ERR,ERR,ERR,ERR,ERR,ERR,ERR,ERR,ERR,ERR,ERR,ERR,ERR,ERR,ERR,ERR,ERR,ERR,ERR,ERR,ERR,ERR,ERR,ERR,ERR,ERR,ERR,ERR,ERR,ERR,ERR,ERR,ERR,ERR,ERR,ERR,ERR,ERR,ERR,ERR,ERR,ERR,ERR,ERR,ERR,ERR,ERR,ERR,ERR,ERR,ERR,ERR,ERR,ERR,ERR,ERR,ERR,ERR,ERR,ERR,ERR,ERR,ERR,ERR,ERR,-107615104.0,-107615984.0,-107614816.0,0.0,-0.0,7784.17,1.6389230236194538e+37,-352.503,0,0,4,17308,7116,0.0,100,0.0,0.0,0.0,0.0,0.0,0,0,0,0,0.0,0,0,0,0,0,0,0,0,0,0,0,0,0,0,0,0,0,0,0,0,0,0,0,0,0,0,0,0,0,0,0,0,0,31,40,40,71,65476,0,300,0,0,8,21553,0.0,-107605600.0,0.0,0.0,0.0,0.0,0.0,0.0,0.0,0.0,0.0,0.0,0.0,0.0,0.0,0.0,0.0,0.0,0.0,0.0,0.0,0.0,-0.0,2.004,0.0,0.0,0.0,0.0,0.0,0.0,5449.0,-0.0,6935.0,-107615104.0,0.0,2.004,2.004,0.0,0.0,0.0,0.0,69,89220.812,-0.0,0.0,0.0,0.0,0.0,0.0,0.0,0.0,0,0,0,0.0,0.0,0.0,0.0,0.0,0.0,0.0,0.0,0.0,0.0,0.0,0.0,0.0,0.0,0.0,0.0,0,-107875648.0,69,0.0,138,0.0,2.012,ERR,ERR,ERR,ERR,ERR,ERR,ERR,ERR,ERR,ERR,ERR,ERR,ERR,ERR,ERR,ERR,ERR,ERR,ERR,ERR,ERR,ERR,ERR,ERR,ERR,ERR,ERR,ERR,ERR,ERR,ERR,ERR,ERR,ERR,ERR,ERR,ERR,ERR,ERR,ERR,ERR,ERR,ERR,ERR,ERR,ERR,ERR,ERR,ERR,ERR,ERR,ERR,ERR,ERR,ERR,ERR,ERR,ERR,ERR,ERR,ERR,ERR,ERR,ERR,ERR,ERR,ERR,60.0,60.0,35,0.0,0.0,0.0,0.0,0.0,0.0,0.0,0.0,0.0,0.0,0.0,0.0,0.0,0.0,0.0,0.0,65.6,0,128,62,40,65476,0,300,0,0,8,20529,65476,0,0,2621,60.0,0.0,0.0,0.0,0.0,0.0
2026-07-09T15:59:43,ERR,ERR,ERR,ERR,ERR,ERR,ERR,ERR,ERR,ERR,ERR,ERR,ERR,ERR,ERR,ERR,ERR,ERR,ERR,ERR,ERR,ERR,ERR,ERR,ERR,ERR,ERR,ERR,ERR,ERR,ERR,ERR,ERR,ERR,ERR,ERR,ERR,ERR,ERR,ERR,ERR,ERR,ERR,ERR,ERR,ERR,ERR,ERR,ERR,ERR,ERR,ERR,ERR,ERR,ERR,ERR,ERR,ERR,ERR,ERR,ERR,ERR,ERR,ERR,ERR,ERR,ERR,ERR,ERR,ERR,ERR,ERR,ERR,ERR,ERR,ERR,ERR,ERR,ERR,ERR,ERR,ERR,ERR,ERR,ERR,ERR,ERR,ERR,ERR,ERR,ERR,ERR,ERR,ERR,ERR,ERR,ERR,ERR,ERR,ERR,ERR,ERR,ERR,ERR,ERR,ERR,ERR,ERR,ERR,ERR,ERR,ERR,ERR,ERR,ERR,ERR,ERR,ERR,ERR,ERR,ERR,ERR,ERR,ERR,ERR,-107615104.0,-107615984.0,-107614816.0,0.0,-0.0,7784.17,1.6389230236194538e+37,-352.503,0,0,4,17308,7116,0.0,100,0.0,0.0,0.0,0.0,0.0,0,0,0,0,0.0,0,0,0,0,0,0,0,0,0,0,0,0,0,0,0,0,0,0,0,0,0,0,0,0,0,0,0,0,0,0,0,0,0,31,40,40,71,65476,0,300,0,0,8,21553,0.0,-107605600.0,0.0,0.0,0.0,0.0,0.0,0.0,0.0,0.0,0.0,0.0,0.0,0.0,0.0,0.0,0.0,0.0,0.0,0.0,0.0,0.0,-0.0,2.004,0.0,0.0,0.0,0.0,0.0,0.0,5449.0,-0.0,6935.0,-107615104.0,0.0,2.004,2.004,0.0,0.0,0.0,0.0,69,89220.812,-0.0,0.0,0.0,0.0,0.0,0.0,0.0,0.0,0,0,0,0.0,0.0,0.0,0.0,0.0,0.0,0.0,0.0,0.0,0.0,0.0,0.0,0.0,0.0,0.0,0.0,0,-107875648.0,69,0.0,138,0.0,2.012,ERR,ERR,ERR,ERR,ERR,ERR,ERR,ERR,ERR,ERR,ERR,ERR,ERR,ERR,ERR,ERR,ERR,ERR,ERR,ERR,ERR,ERR,ERR,ERR,ERR,ERR,ERR,ERR,ERR,ERR,ERR,ERR,ERR,ERR,ERR,ERR,ERR,ERR,ERR,ERR,ERR,ERR,ERR,ERR,ERR,ERR,ERR,ERR,ERR,ERR,ERR,ERR,ERR,ERR,ERR,ERR,ERR,ERR,ERR,ERR,ERR,ERR,ERR,ERR,ERR,ERR,ERR,60.0,60.0,35,0.0,0.0,0.0,0.0,0.0,0.0,0.0,0.0,0.0,0.0,0.0,0.0,0.0,0.0,0.0,0.0,65.6,0,128,62,40,65476,0,300,0,0,8,20529,65476,0,0,2621,60.0,0.0,0.0,0.0,0.0,0.0
2026-07-09T15:59:44,ERR,ERR,ERR,ERR,ERR,ERR,ERR,ERR,ERR,ERR,ERR,ERR,ERR,ERR,ERR,ERR,ERR,ERR,ERR,ERR,ERR,ERR,ERR,ERR,ERR,ERR,ERR,ERR,ERR,ERR,ERR,ERR,ERR,ERR,ERR,ERR,ERR,ERR,ERR,ERR,ERR,ERR,ERR,ERR,ERR,ERR,ERR,ERR,ERR,ERR,ERR,ERR,ERR,ERR,ERR,ERR,ERR,ERR,ERR,ERR,ERR,ERR,ERR,ERR,ERR,ERR,ERR,ERR,ERR,ERR,ERR,ERR,ERR,ERR,ERR,ERR,ERR,ERR,ERR,ERR,ERR,ERR,ERR,ERR,ERR,ERR,ERR,ERR,ERR,ERR,ERR,ERR,ERR,ERR,ERR,ERR,ERR,ERR,ERR,ERR,ERR,ERR,ERR,ERR,ERR,ERR,ERR,ERR,ERR,ERR,ERR,ERR,ERR,ERR,ERR,ERR,ERR,ERR,ERR,ERR,ERR,ERR,ERR,ERR,ERR,-107615104.0,-107615984.0,-107614816.0,0.0,-0.0,7784.17,1.6389230236194538e+37,-352.503,0,0,4,17308,7116,0.0,100,0.0,0.0,0.0,0.0,0.0,0,0,0,0,0.0,0,0,0,0,0,0,0,0,0,0,0,0,0,0,0,0,0,0,0,0,0,0,0,0,0,0,0,0,0,0,0,0,0,31,40,40,71,65476,0,300,0,0,8,21553,0.0,-107605600.0,0.0,0.0,0.0,0.0,0.0,0.0,0.0,0.0,0.0,0.0,0.0,0.0,0.0,0.0,0.0,0.0,0.0,0.0,0.0,0.0,-0.0,2.004,0.0,0.0,0.0,0.0,0.0,0.0,5449.0,-0.0,6935.0,-107615104.0,0.0,2.004,2.004,0.0,0.0,0.0,0.0,69,89220.812,-0.0,0.0,0.0,0.0,0.0,0.0,0.0,0.0,0,0,0,0.0,0.0,0.0,0.0,0.0,0.0,0.0,0.0,0.0,0.0,0.0,0.0,0.0,0.0,0.0,0.0,0,-107875648.0,69,0.0,138,0.0,2.012,ERR,ERR,ERR,ERR,ERR,ERR,ERR,ERR,ERR,ERR,ERR,ERR,ERR,ERR,ERR,ERR,ERR,ERR,ERR,ERR,ERR,ERR,ERR,ERR,ERR,ERR,ERR,ERR,ERR,ERR,ERR,ERR,ERR,ERR,ERR,ERR,ERR,ERR,ERR,ERR,ERR,ERR,ERR,ERR,ERR,ERR,ERR,ERR,ERR,ERR,ERR,ERR,ERR,ERR,ERR,ERR,ERR,ERR,ERR,ERR,ERR,ERR,ERR,ERR,ERR,ERR,ERR,60.0,60.0,35,0.0,0.0,0.0,0.0,0.0,0.0,0.0,0.0,0.0,0.0,0.0,0.0,0.0,0.0,0.0,0.0,65.6,0,128,62,40,65476,0,300,0,0,8,20529,65476,0,0,2621,60.0,0.0,0.0,0.0,0.0,0.0
2026-07-09T15:59:45,ERR,ERR,ERR,ERR,ERR,ERR,ERR,ERR,ERR,ERR,ERR,ERR,ERR,ERR,ERR,ERR,ERR,ERR,ERR,ERR,ERR,ERR,ERR,ERR,ERR,ERR,ERR,ERR,ERR,ERR,ERR,ERR,ERR,ERR,ERR,ERR,ERR,ERR,ERR,ERR,ERR,ERR,ERR,ERR,ERR,ERR,ERR,ERR,ERR,ERR,ERR,ERR,ERR,ERR,ERR,ERR,ERR,ERR,ERR,ERR,ERR,ERR,ERR,ERR,ERR,ERR,ERR,ERR,ERR,ERR,ERR,ERR,ERR,ERR,ERR,ERR,ERR,ERR,ERR,ERR,ERR,ERR,ERR,ERR,ERR,ERR,ERR,ERR,ERR,ERR,ERR,ERR,ERR,ERR,ERR,ERR,ERR,ERR,ERR,ERR,ERR,ERR,ERR,ERR,ERR,ERR,ERR,ERR,ERR,ERR,ERR,ERR,ERR,ERR,ERR,ERR,ERR,ERR,ERR,ERR,ERR,ERR,ERR,ERR,ERR,2.7184246165485387e+23,0.0,-0.0,0.0,0.0,0.782,7.434646357364617e+33,-0.0,0,0,4,17308,7116,0.0,100,0.0,0.0,0.0,0.0,0.0,0,0,0,0,0.0,0,0,0,0,0,0,0,0,0,0,0,0,0,0,0,0,0,0,0,0,0,0,0,0,0,0,0,0,0,0,0,0,0,31,40,40,71,65476,0,300,0,0,8,21553,0.0,-107605600.0,0.0,0.0,0.0,0.0,0.0,0.0,0.0,0.0,0.0,0.0,0.0,0.0,0.0,0.0,0.0,0.0,0.0,0.0,0.0,0.0,2.004,3.6970660669549445e+19,0.0,0.0,0.0,0.0,0.0,0.0,5462.0,-0.0,6933.0,2.7184246165485387e+23,0.0,2.004,2.004,0.0,0.0,0.0,0.0,69,-71.63,126840684544.0,0.0,0.0,0.0,0.0,0.0,0.0,0.0,0,0,0,0.0,0.0,0.0,0.0,0.0,0.0,0.0,0.0,0.0,0.0,0.0,0.0,0.0,0.0,0.0,0.0,0,-107875648.0,69,0.0,138,0.0,2.012,ERR,ERR,ERR,ERR,ERR,ERR,ERR,ERR,ERR,ERR,ERR,ERR,ERR,ERR,ERR,ERR,ERR,ERR,ERR,ERR,ERR,ERR,ERR,ERR,ERR,ERR,ERR,ERR,ERR,ERR,ERR,ERR,ERR,ERR,ERR,ERR,ERR,ERR,ERR,ERR,ERR,ERR,ERR,ERR,ERR,ERR,ERR,ERR,ERR,ERR,ERR,ERR,ERR,ERR,ERR,ERR,ERR,ERR,ERR,ERR,ERR,ERR,ERR,ERR,ERR,ERR,ERR,60.0,60.0,35,0.0,0.0,0.0,0.0,0.0,0.0,0.0,0.0,0.0,0.0,0.0,0.0,0.0,0.0,0.0,0.0,65.6,0,128,62,40,65476,0,300,0,0,8,20529,65476,0,0,2621,60.0,0.0,0.0,0.0,0.0,0.0
2026-07-09T15:59:46,ERR,ERR,ERR,ERR,ERR,ERR,ERR,ERR,ERR,ERR,ERR,ERR,ERR,ERR,ERR,ERR,ERR,ERR,ERR,ERR,ERR,ERR,ERR,ERR,ERR,ERR,ERR,ERR,ERR,ERR,ERR,ERR,ERR,ERR,ERR,ERR,ERR,ERR,ERR,ERR,ERR,ERR,ERR,ERR,ERR,ERR,ERR,ERR,ERR,ERR,ERR,ERR,ERR,ERR,ERR,ERR,ERR,ERR,ERR,ERR,ERR,ERR,ERR,ERR,ERR,ERR,ERR,ERR,ERR,ERR,ERR,ERR,ERR,ERR,ERR,ERR,ERR,ERR,ERR,ERR,ERR,ERR,ERR,ERR,ERR,ERR,ERR,ERR,ERR,ERR,ERR,ERR,ERR,ERR,ERR,ERR,ERR,ERR,ERR,ERR,ERR,ERR,ERR,ERR,ERR,ERR,ERR,ERR,ERR,ERR,ERR,ERR,ERR,ERR,ERR,ERR,ERR,ERR,ERR,ERR,ERR,ERR,ERR,ERR,ERR,2.7184246165485387e+23,0.0,-0.0,0.0,0.0,0.782,7.434646357364617e+33,-0.0,0,0,4,17308,7116,0.0,100,0.0,0.0,0.0,0.0,0.0,0,0,0,0,0.0,0,0,0,0,0,0,0,0,0,0,0,0,0,0,0,0,0,0,0,0,0,0,0,0,0,0,0,0,0,0,0,0,0,31,40,40,71,65476,0,300,0,0,8,21553,0.0,-107605600.0,0.0,0.0,0.0,0.0,0.0,0.0,0.0,0.0,0.0,0.0,0.0,0.0,0.0,0.0,0.0,0.0,0.0,0.0,0.0,0.0,2.004,3.6970660669549445e+19,0.0,0.0,0.0,0.0,0.0,0.0,5462.0,-0.0,6933.0,2.7184246165485387e+23,0.0,2.004,2.004,0.0,0.0,0.0,0.0,69,-71.63,126840684544.0,0.0,0.0,0.0,0.0,0.0,0.0,0.0,0,0,0,0.0,0.0,0.0,0.0,0.0,0.0,0.0,0.0,0.0,0.0,0.0,0.0,0.0,0.0,0.0,0.0,0,-107875648.0,69,0.0,138,0.0,2.012,ERR,ERR,ERR,ERR,ERR,ERR,ERR,ERR,ERR,ERR,ERR,ERR,ERR,ERR,ERR,ERR,ERR,ERR,ERR,ERR,ERR,ERR,ERR,ERR,ERR,ERR,ERR,ERR,ERR,ERR,ERR,ERR,ERR,ERR,ERR,ERR,ERR,ERR,ERR,ERR,ERR,ERR,ERR,ERR,ERR,ERR,ERR,ERR,ERR,ERR,ERR,ERR,ERR,ERR,ERR,ERR,ERR,ERR,ERR,ERR,ERR,ERR,ERR,ERR,ERR,ERR,ERR,60.0,60.0,35,0.0,0.0,0.0,0.0,0.0,0.0,0.0,0.0,0.0,0.0,0.0,0.0,0.0,0.0,0.0,0.0,66.0,0,128,62,40,65476,0,300,0,0,8,20529,65476,0,0,2621,60.0,0.0,0.0,0.0,0.0,0.0
2026-07-09T15:59:47,ERR,ERR,ERR,ERR,ERR,ERR,ERR,ERR,ERR,ERR,ERR,ERR,ERR,ERR,ERR,ERR,ERR,ERR,ERR,ERR,ERR,ERR,ERR,ERR,ERR,ERR,ERR,ERR,ERR,ERR,ERR,ERR,ERR,ERR,ERR,ERR,ERR,ERR,ERR,ERR,ERR,ERR,ERR,ERR,ERR,ERR,ERR,ERR,ERR,ERR,ERR,ERR,ERR,ERR,ERR,ERR,ERR,ERR,ERR,ERR,ERR,ERR,ERR,ERR,ERR,ERR,ERR,ERR,ERR,ERR,ERR,ERR,ERR,ERR,ERR,ERR,ERR,ERR,ERR,ERR,ERR,ERR,ERR,ERR,ERR,ERR,ERR,ERR,ERR,ERR,ERR,ERR,ERR,ERR,ERR,ERR,ERR,ERR,ERR,ERR,ERR,ERR,ERR,ERR,ERR,ERR,ERR,ERR,ERR,ERR,ERR,ERR,ERR,ERR,ERR,ERR,ERR,ERR,ERR,ERR,ERR,ERR,ERR,ERR,ERR,2.7184246165485387e+23,0.0,-0.0,0.0,0.0,0.782,7.434646357364617e+33,-0.0,0,0,4,17308,7116,0.0,100,0.0,0.0,0.0,0.0,0.0,0,0,0,0,0.0,0,0,0,0,0,0,0,0,0,0,0,0,0,0,0,0,0,0,0,0,0,0,0,0,0,0,0,0,0,0,0,0,0,31,40,40,71,65476,0,300,0,0,8,21553,0.0,-107605600.0,0.0,0.0,0.0,0.0,0.0,0.0,0.0,0.0,0.0,0.0,0.0,0.0,0.0,0.0,0.0,0.0,0.0,0.0,0.0,0.0,2.004,3.6970660669549445e+19,0.0,0.0,0.0,0.0,0.0,0.0,5462.0,-0.0,6933.0,2.7184246165485387e+23,0.0,2.004,2.004,0.0,0.0,0.0,0.0,69,-71.63,126840684544.0,0.0,0.0,0.0,0.0,0.0,0.0,0.0,0,0,0,0.0,0.0,0.0,0.0,0.0,0.0,0.0,0.0,0.0,0.0,0.0,0.0,0.0,0.0,0.0,0.0,0,-107875648.0,69,0.0,138,0.0,2.012,ERR,ERR,ERR,ERR,ERR,ERR,ERR,ERR,ERR,ERR,ERR,ERR,ERR,ERR,ERR,ERR,ERR,ERR,ERR,ERR,ERR,ERR,ERR,ERR,ERR,ERR,ERR,ERR,ERR,ERR,ERR,ERR,ERR,ERR,ERR,ERR,ERR,ERR,ERR,ERR,ERR,ERR,ERR,ERR,ERR,ERR,ERR,ERR,ERR,ERR,ERR,ERR,ERR,ERR,ERR,ERR,ERR,ERR,ERR,ERR,ERR,ERR,ERR,ERR,ERR,ERR,ERR,60.0,60.0,35,0.0,0.0,0.0,0.0,0.0,0.0,0.0,0.0,0.0,0.0,0.0,0.0,0.0,0.0,0.0,0.0,66.0,0,128,62,40,65476,0,300,0,0,8,20529,65476,0,0,2621,60.0,0.0,0.0,0.0,0.0,0.0
2026-07-09T15:59:48,ERR,ERR,ERR,ERR,ERR,ERR,ERR,ERR,ERR,ERR,ERR,ERR,ERR,ERR,ERR,ERR,ERR,ERR,ERR,ERR,ERR,ERR,ERR,ERR,ERR,ERR,ERR,ERR,ERR,ERR,ERR,ERR,ERR,ERR,ERR,ERR,ERR,ERR,ERR,ERR,ERR,ERR,ERR,ERR,ERR,ERR,ERR,ERR,ERR,ERR,ERR,ERR,ERR,ERR,ERR,ERR,ERR,ERR,ERR,ERR,ERR,ERR,ERR,ERR,ERR,ERR,ERR,ERR,ERR,ERR,ERR,ERR,ERR,ERR,ERR,ERR,ERR,ERR,ERR,ERR,ERR,ERR,ERR,ERR,ERR,ERR,ERR,ERR,ERR,ERR,ERR,ERR,ERR,ERR,ERR,ERR,ERR,ERR,ERR,ERR,ERR,ERR,ERR,ERR,ERR,ERR,ERR,ERR,ERR,ERR,ERR,ERR,ERR,ERR,ERR,ERR,ERR,ERR,ERR,ERR,ERR,ERR,ERR,ERR,ERR,2.7184246165485387e+23,0.0,-0.0,0.0,0.0,0.782,7.434646357364617e+33,-0.0,0,0,4,17308,7116,0.0,100,0.0,0.0,0.0,0.0,0.0,0,0,0,0,0.0,0,0,0,0,0,0,0,0,0,0,0,0,0,0,0,0,0,0,0,0,0,0,0,0,0,0,0,0,0,0,0,0,0,31,40,40,71,65476,0,300,0,0,8,21553,0.0,-107605600.0,0.0,0.0,0.0,0.0,0.0,0.0,0.0,0.0,0.0,0.0,0.0,0.0,0.0,0.0,0.0,0.0,0.0,0.0,0.0,0.0,2.004,3.6970660669549445e+19,0.0,0.0,0.0,0.0,0.0,0.0,5462.0,-0.0,6933.0,2.7184246165485387e+23,0.0,2.004,2.004,0.0,0.0,0.0,0.0,69,-71.63,126840684544.0,0.0,0.0,0.0,0.0,0.0,0.0,0.0,0,0,0,0.0,0.0,0.0,0.0,0.0,0.0,0.0,0.0,0.0,0.0,0.0,0.0,0.0,0.0,0.0,0.0,0,-107875648.0,69,0.0,138,0.0,2.012,ERR,ERR,ERR,ERR,ERR,ERR,ERR,ERR,ERR,ERR,ERR,ERR,ERR,ERR,ERR,ERR,ERR,ERR,ERR,ERR,ERR,ERR,ERR,ERR,ERR,ERR,ERR,ERR,ERR,ERR,ERR,ERR,ERR,ERR,ERR,ERR,ERR,ERR,ERR,ERR,ERR,ERR,ERR,ERR,ERR,ERR,ERR,ERR,ERR,ERR,ERR,ERR,ERR,ERR,ERR,ERR,ERR,ERR,ERR,ERR,ERR,ERR,ERR,ERR,ERR,ERR,ERR,60.0,60.0,35,0.0,0.0,0.0,0.0,0.0,0.0,0.0,0.0,0.0,0.0,0.0,0.0,0.0,0.0,0.0,0.0,66.0,0,128,62,40,65476,0,300,0,0,8,20529,65476,0,0,2621,60.0,0.0,0.0,0.0,0.0,0.0
2026-07-09T15:59:49,ERR,ERR,ERR,ERR,ERR,ERR,ERR,ERR,ERR,ERR,ERR,ERR,ERR,ERR,ERR,ERR,ERR,ERR,ERR,ERR,ERR,ERR,ERR,ERR,ERR,ERR,ERR,ERR,ERR,ERR,ERR,ERR,ERR,ERR,ERR,ERR,ERR,ERR,ERR,ERR,ERR,ERR,ERR,ERR,ERR,ERR,ERR,ERR,ERR,ERR,ERR,ERR,ERR,ERR,ERR,ERR,ERR,ERR,ERR,ERR,ERR,ERR,ERR,ERR,ERR,ERR,ERR,ERR,ERR,ERR,ERR,ERR,ERR,ERR,ERR,ERR,ERR,ERR,ERR,ERR,ERR,ERR,ERR,ERR,ERR,ERR,ERR,ERR,ERR,ERR,ERR,ERR,ERR,ERR,ERR,ERR,ERR,ERR,ERR,ERR,ERR,ERR,ERR,ERR,ERR,ERR,ERR,ERR,ERR,ERR,ERR,ERR,ERR,ERR,ERR,ERR,ERR,ERR,ERR,ERR,ERR,ERR,ERR,ERR,ERR,2.7184246165485387e+23,0.0,-0.0,0.0,0.0,0.782,7.434646357364617e+33,-0.0,0,0,4,17308,7116,0.0,100,0.0,0.0,0.0,0.0,0.0,0,0,0,0,0.0,0,0,0,0,0,0,0,0,0,0,0,0,0,0,0,0,0,0,0,0,0,0,0,0,0,0,0,0,0,0,0,0,0,31,40,40,71,65476,0,300,0,0,8,21553,0.0,-107605600.0,0.0,0.0,0.0,0.0,0.0,0.0,0.0,0.0,0.0,0.0,0.0,0.0,0.0,0.0,0.0,0.0,0.0,0.0,0.0,0.0,2.004,3.6970660669549445e+19,0.0,0.0,0.0,0.0,0.0,0.0,5462.0,-0.0,6933.0,2.7184246165485387e+23,0.0,2.004,2.004,0.0,0.0,0.0,0.0,69,-71.63,126840684544.0,0.0,0.0,0.0,0.0,0.0,0.0,0.0,0,0,0,0.0,0.0,0.0,0.0,0.0,0.0,0.0,0.0,0.0,0.0,0.0,0.0,0.0,0.0,0.0,0.0,0,-107875648.0,69,0.0,138,0.0,2.012,ERR,ERR,ERR,ERR,ERR,ERR,ERR,ERR,ERR,ERR,ERR,ERR,ERR,ERR,ERR,ERR,ERR,ERR,ERR,ERR,ERR,ERR,ERR,ERR,ERR,ERR,ERR,ERR,ERR,ERR,ERR,ERR,ERR,ERR,ERR,ERR,ERR,ERR,ERR,ERR,ERR,ERR,ERR,ERR,ERR,ERR,ERR,ERR,ERR,ERR,ERR,ERR,ERR,ERR,ERR,ERR,ERR,ERR,ERR,ERR,ERR,ERR,ERR,ERR,ERR,ERR,ERR,60.0,60.0,35,0.0,0.0,0.0,0.0,0.0,0.0,0.0,0.0,0.0,0.0,0.0,0.0,0.0,0.0,0.0,0.0,65.6,0,128,62,40,65476,0,300,0,0,8,20529,65476,0,0,2621,60.0,0.0,0.0,0.0,0.0,0.0
2026-07-09T15:59:50,ERR,ERR,ERR,ERR,ERR,ERR,ERR,ERR,ERR,ERR,ERR,ERR,ERR,ERR,ERR,ERR,ERR,ERR,ERR,ERR,ERR,ERR,ERR,ERR,ERR,ERR,ERR,ERR,ERR,ERR,ERR,ERR,ERR,ERR,ERR,ERR,ERR,ERR,ERR,ERR,ERR,ERR,ERR,ERR,ERR,ERR,ERR,ERR,ERR,ERR,ERR,ERR,ERR,ERR,ERR,ERR,ERR,ERR,ERR,ERR,ERR,ERR,ERR,ERR,ERR,ERR,ERR,ERR,ERR,ERR,ERR,ERR,ERR,ERR,ERR,ERR,ERR,ERR,ERR,ERR,ERR,ERR,ERR,ERR,ERR,ERR,ERR,ERR,ERR,ERR,ERR,ERR,ERR,ERR,ERR,ERR,ERR,ERR,ERR,ERR,ERR,ERR,ERR,ERR,ERR,ERR,ERR,ERR,ERR,ERR,ERR,ERR,ERR,ERR,ERR,ERR,ERR,ERR,ERR,ERR,ERR,ERR,ERR,ERR,ERR,2.7184246165485387e+23,-107615984.0,0.0,2.7183478752108883e+23,269026144.0,1.3097931498370856e+30,-0.0,-0.0,0,0,4,17308,7116,0.0,100,0.0,0.0,2.7183478752108883e+23,0.0,0.0,0,0,0,0,0.0,0,0,0,0,0,0,0,0,0,0,0,0,0,0,0,0,0,0,0,0,0,0,0,0,0,0,0,0,0,0,0,0,0,31,40,40,71,65476,0,300,0,0,8,21553,0.0,-107605600.0,0.0,0.0,0.0,0.0,0.0,0.0,0.0,0.0,0.0,0.0,0.0,0.0,0.0,0.0,0.0,0.0,0.0,0.0,0.0,0.0,2.004,2.004,0.0,0.0,0.0,0.0,0.0,0.0,5471.0,1.040667113973027e+34,6927.0,2.7184246165485387e+23,-107615984.0,2.004,2.004,0.0,0.0,0.0,0.0,69,0.0,0.059,0.0,0.0,0.0,0.0,0.0,0.0,0.0,0,0,0,0.0,0.0,0.0,0.0,0.0,0.0,0.0,0.0,0.0,0.0,0.0,0.0,0.0,0.0,0.0,0.0,0,-107875648.0,69,0.0,138,0.0,2.012,ERR,ERR,ERR,ERR,ERR,ERR,ERR,ERR,ERR,ERR,ERR,ERR,ERR,ERR,ERR,ERR,ERR,ERR,ERR,ERR,ERR,ERR,ERR,ERR,ERR,ERR,ERR,ERR,ERR,ERR,ERR,ERR,ERR,ERR,ERR,ERR,ERR,ERR,ERR,ERR,ERR,ERR,ERR,ERR,ERR,ERR,ERR,ERR,ERR,ERR,ERR,ERR,ERR,ERR,ERR,ERR,ERR,ERR,ERR,ERR,ERR,ERR,ERR,ERR,ERR,ERR,ERR,60.0,60.0,35,0.0,0.0,0.0,0.0,0.0,0.0,0.0,0.0,0.0,0.0,0.0,0.0,0.0,0.0,0.0,0.0,65.6,0,128,62,40,65476,0,300,0,0,8,20529,65476,0,0,2621,60.0,0.0,0.0,0.0,0.0,0.0
2026-07-09T15:59:51,ERR,ERR,ERR,ERR,ERR,ERR,ERR,ERR,ERR,ERR,ERR,ERR,ERR,ERR,ERR,ERR,ERR,ERR,ERR,ERR,ERR,ERR,ERR,ERR,ERR,ERR,ERR,ERR,ERR,ERR,ERR,ERR,ERR,ERR,ERR,ERR,ERR,ERR,ERR,ERR,ERR,ERR,ERR,ERR,ERR,ERR,ERR,ERR,ERR,ERR,ERR,ERR,ERR,ERR,ERR,ERR,ERR,ERR,ERR,ERR,ERR,ERR,ERR,ERR,ERR,ERR,ERR,ERR,ERR,ERR,ERR,ERR,ERR,ERR,ERR,ERR,ERR,ERR,ERR,ERR,ERR,ERR,ERR,ERR,ERR,ERR,ERR,ERR,ERR,ERR,ERR,ERR,ERR,ERR,ERR,ERR,ERR,ERR,ERR,ERR,ERR,ERR,ERR,ERR,ERR,ERR,ERR,ERR,ERR,ERR,ERR,ERR,ERR,ERR,ERR,ERR,ERR,ERR,ERR,ERR,ERR,ERR,ERR,ERR,ERR,2.7184246165485387e+23,-107615984.0,0.0,2.7183478752108883e+23,269026144.0,1.3097931498370856e+30,-0.0,-0.0,0,0,4,17308,7116,0.0,100,0.0,0.0,2.7183478752108883e+23,0.0,0.0,0,0,0,0,0.0,0,0,0,0,0,0,0,0,0,0,0,0,0,0,0,0,0,0,0,0,0,0,0,0,0,0,0,0,0,0,0,0,0,31,40,40,71,65476,0,300,0,0,8,21553,0.0,-107605600.0,0.0,0.0,0.0,0.0,0.0,0.0,0.0,0.0,0.0,0.0,0.0,0.0,0.0,0.0,0.0,0.0,0.0,0.0,0.0,0.0,2.004,2.004,0.0,0.0,0.0,0.0,0.0,0.0,5471.0,1.040667113973027e+34,6927.0,2.7184246165485387e+23,-107615984.0,2.004,2.004,0.0,0.0,0.0,0.0,69,0.0,0.059,0.0,0.0,0.0,0.0,0.0,0.0,0.0,0,0,0,0.0,0.0,0.0,0.0,0.0,0.0,0.0,0.0,0.0,0.0,0.0,0.0,0.0,0.0,0.0,0.0,0,-107875648.0,69,0.0,138,0.0,2.012,ERR,ERR,ERR,ERR,ERR,ERR,ERR,ERR,ERR,ERR,ERR,ERR,ERR,ERR,ERR,ERR,ERR,ERR,ERR,ERR,ERR,ERR,ERR,ERR,ERR,ERR,ERR,ERR,ERR,ERR,ERR,ERR,ERR,ERR,ERR,ERR,ERR,ERR,ERR,ERR,ERR,ERR,ERR,ERR,ERR,ERR,ERR,ERR,ERR,ERR,ERR,ERR,ERR,ERR,ERR,ERR,ERR,ERR,ERR,ERR,ERR,ERR,ERR,ERR,ERR,ERR,ERR,60.0,60.0,35,0.0,0.0,0.0,0.0,0.0,0.0,0.0,0.0,0.0,0.0,0.0,0.0,0.0,0.0,0.0,0.0,65.6,0,128,62,40,65476,0,300,0,0,8,20529,65476,0,0,2621,60.0,0.0,0.0,0.0,0.0,0.0
2026-07-09T15:59:52,ERR,ERR,ERR,ERR,ERR,ERR,ERR,ERR,ERR,ERR,ERR,ERR,ERR,ERR,ERR,ERR,ERR,ERR,ERR,ERR,ERR,ERR,ERR,ERR,ERR,ERR,ERR,ERR,ERR,ERR,ERR,ERR,ERR,ERR,ERR,ERR,ERR,ERR,ERR,ERR,ERR,ERR,ERR,ERR,ERR,ERR,ERR,ERR,ERR,ERR,ERR,ERR,ERR,ERR,ERR,ERR,ERR,ERR,ERR,ERR,ERR,ERR,ERR,ERR,ERR,ERR,ERR,ERR,ERR,ERR,ERR,ERR,ERR,ERR,ERR,ERR,ERR,ERR,ERR,ERR,ERR,ERR,ERR,ERR,ERR,ERR,ERR,ERR,ERR,ERR,ERR,ERR,ERR,ERR,ERR,ERR,ERR,ERR,ERR,ERR,ERR,ERR,ERR,ERR,ERR,ERR,ERR,ERR,ERR,ERR,ERR,ERR,ERR,ERR,ERR,ERR,ERR,ERR,ERR,ERR,ERR,ERR,ERR,ERR,ERR,2.7184246165485387e+23,-107615984.0,0.0,2.7183478752108883e+23,269026144.0,1.3097931498370856e+30,-0.0,-0.0,0,0,4,17308,7116,0.0,100,0.0,0.0,2.7183478752108883e+23,0.0,0.0,0,0,0,0,0.0,0,0,0,0,0,0,0,0,0,0,0,0,0,0,0,0,0,0,0,0,0,0,0,0,0,0,0,0,0,0,0,0,0,31,40,40,71,65476,0,300,0,0,8,21553,0.0,-107605600.0,0.0,0.0,0.0,0.0,0.0,0.0,0.0,0.0,0.0,0.0,0.0,0.0,0.0,0.0,0.0,0.0,0.0,0.0,0.0,0.0,2.004,2.004,0.0,0.0,0.0,0.0,0.0,0.0,5471.0,1.040667113973027e+34,6927.0,2.7184246165485387e+23,-107615984.0,2.004,2.004,0.0,0.0,0.0,0.0,69,0.0,0.059,0.0,0.0,0.0,0.0,0.0,0.0,0.0,0,0,0,0.0,0.0,0.0,0.0,0.0,0.0,0.0,0.0,0.0,0.0,0.0,0.0,0.0,0.0,0.0,0.0,0,-107875648.0,69,0.0,138,0.0,2.012,ERR,ERR,ERR,ERR,ERR,ERR,ERR,ERR,ERR,ERR,ERR,ERR,ERR,ERR,ERR,ERR,ERR,ERR,ERR,ERR,ERR,ERR,ERR,ERR,ERR,ERR,ERR,ERR,ERR,ERR,ERR,ERR,ERR,ERR,ERR,ERR,ERR,ERR,ERR,ERR,ERR,ERR,ERR,ERR,ERR,ERR,ERR,ERR,ERR,ERR,ERR,ERR,ERR,ERR,ERR,ERR,ERR,ERR,ERR,ERR,ERR,ERR,ERR,ERR,ERR,ERR,ERR,60.0,60.0,35,0.0,0.0,0.0,0.0,0.0,0.0,0.0,0.0,0.0,0.0,0.0,0.0,0.0,0.0,0.0,0.0,65.6,0,128,62,40,65476,0,300,0,0,8,20529,65476,0,0,2621,60.0,0.0,0.0,0.0,0.0,0.0
2026-07-09T15:59:53,ERR,ERR,ERR,ERR,ERR,ERR,ERR,ERR,ERR,ERR,ERR,ERR,ERR,ERR,ERR,ERR,ERR,ERR,ERR,ERR,ERR,ERR,ERR,ERR,ERR,ERR,ERR,ERR,ERR,ERR,ERR,ERR,ERR,ERR,ERR,ERR,ERR,ERR,ERR,ERR,ERR,ERR,ERR,ERR,ERR,ERR,ERR,ERR,ERR,ERR,ERR,ERR,ERR,ERR,ERR,ERR,ERR,ERR,ERR,ERR,ERR,ERR,ERR,ERR,ERR,ERR,ERR,ERR,ERR,ERR,ERR,ERR,ERR,ERR,ERR,ERR,ERR,ERR,ERR,ERR,ERR,ERR,ERR,ERR,ERR,ERR,ERR,ERR,ERR,ERR,ERR,ERR,ERR,ERR,ERR,ERR,ERR,ERR,ERR,ERR,ERR,ERR,ERR,ERR,ERR,ERR,ERR,ERR,ERR,ERR,ERR,ERR,ERR,ERR,ERR,ERR,ERR,ERR,ERR,ERR,ERR,ERR,ERR,ERR,ERR,2.7184246165485387e+23,-107615984.0,0.0,2.7183478752108883e+23,269026144.0,1.3097931498370856e+30,-0.0,-0.0,0,0,4,17308,7116,0.0,100,0.0,0.0,2.7183478752108883e+23,0.0,0.0,0,0,0,0,0.0,0,0,0,0,0,0,0,0,0,0,0,0,0,0,0,0,0,0,0,0,0,0,0,0,0,0,0,0,0,0,0,0,0,31,40,40,71,65476,0,300,0,0,8,21553,0.0,-107605600.0,0.0,0.0,0.0,0.0,0.0,0.0,0.0,0.0,0.0,0.0,0.0,0.0,0.0,0.0,0.0,0.0,0.0,0.0,0.0,0.0,2.004,2.004,0.0,0.0,0.0,0.0,0.0,0.0,5471.0,1.040667113973027e+34,6927.0,2.7184246165485387e+23,-107615984.0,2.004,2.004,0.0,0.0,0.0,0.0,69,0.0,0.059,0.0,0.0,0.0,0.0,0.0,0.0,0.0,0,0,0,0.0,0.0,0.0,0.0,0.0,0.0,0.0,0.0,0.0,0.0,0.0,0.0,0.0,0.0,0.0,0.0,0,-107875648.0,69,0.0,138,0.0,2.012,ERR,ERR,ERR,ERR,ERR,ERR,ERR,ERR,ERR,ERR,ERR,ERR,ERR,ERR,ERR,ERR,ERR,ERR,ERR,ERR,ERR,ERR,ERR,ERR,ERR,ERR,ERR,ERR,ERR,ERR,ERR,ERR,ERR,ERR,ERR,ERR,ERR,ERR,ERR,ERR,ERR,ERR,ERR,ERR,ERR,ERR,ERR,ERR,ERR,ERR,ERR,ERR,ERR,ERR,ERR,ERR,ERR,ERR,ERR,ERR,ERR,ERR,ERR,ERR,ERR,ERR,ERR,60.0,60.0,35,0.0,0.0,0.0,0.0,0.0,0.0,0.0,0.0,0.0,0.0,0.0,0.0,0.0,0.0,0.0,0.0,65.6,0,128,62,40,65476,0,300,0,0,8,20529,65476,0,0,2621,60.0,0.0,0.0,0.0,0.0,0.0
2026-07-09T15:59:54,ERR,ERR,ERR,ERR,ERR,ERR,ERR,ERR,ERR,ERR,ERR,ERR,ERR,ERR,ERR,ERR,ERR,ERR,ERR,ERR,ERR,ERR,ERR,ERR,ERR,ERR,ERR,ERR,ERR,ERR,ERR,ERR,ERR,ERR,ERR,ERR,ERR,ERR,ERR,ERR,ERR,ERR,ERR,ERR,ERR,ERR,ERR,ERR,ERR,ERR,ERR,ERR,ERR,ERR,ERR,ERR,ERR,ERR,ERR,ERR,ERR,ERR,ERR,ERR,ERR,ERR,ERR,ERR,ERR,ERR,ERR,ERR,ERR,ERR,ERR,ERR,ERR,ERR,ERR,ERR,ERR,ERR,ERR,ERR,ERR,ERR,ERR,ERR,ERR,ERR,ERR,ERR,ERR,ERR,ERR,ERR,ERR,ERR,ERR,ERR,ERR,ERR,ERR,ERR,ERR,ERR,ERR,ERR,ERR,ERR,ERR,ERR,ERR,ERR,ERR,ERR,ERR,ERR,ERR,ERR,ERR,ERR,ERR,ERR,ERR,2.7184246165485387e+23,-107615984.0,0.0,2.7183478752108883e+23,269026144.0,1.3097931498370856e+30,-0.0,-0.0,0,0,4,17308,7116,0.0,100,0.0,0.0,2.7183478752108883e+23,0.0,0.0,0,0,0,0,0.0,0,0,0,0,0,0,0,0,0,0,0,0,0,0,0,0,0,0,0,0,0,0,0,0,0,0,0,0,0,0,0,0,0,31,40,40,71,65476,0,300,0,0,8,21553,0.0,-107605600.0,0.0,0.0,0.0,0.0,0.0,0.0,0.0,0.0,0.0,0.0,0.0,0.0,0.0,0.0,0.0,0.0,0.0,0.0,0.0,0.0,2.004,2.004,0.0,0.0,0.0,0.0,0.0,0.0,5471.0,1.040667113973027e+34,6927.0,2.7184246165485387e+23,-107615984.0,2.004,2.004,0.0,0.0,0.0,0.0,69,0.0,0.059,0.0,0.0,0.0,0.0,0.0,0.0,0.0,0,0,0,0.0,0.0,0.0,0.0,0.0,0.0,0.0,0.0,0.0,0.0,0.0,0.0,0.0,0.0,0.0,0.0,0,-107875648.0,69,0.0,138,0.0,2.012,ERR,ERR,ERR,ERR,ERR,ERR,ERR,ERR,ERR,ERR,ERR,ERR,ERR,ERR,ERR,ERR,ERR,ERR,ERR,ERR,ERR,ERR,ERR,ERR,ERR,ERR,ERR,ERR,ERR,ERR,ERR,ERR,ERR,ERR,ERR,ERR,ERR,ERR,ERR,ERR,ERR,ERR,ERR,ERR,ERR,ERR,ERR,ERR,ERR,ERR,ERR,ERR,ERR,ERR,ERR,ERR,ERR,ERR,ERR,ERR,ERR,ERR,ERR,ERR,ERR,ERR,ERR,60.0,60.0,35,0.0,0.0,0.0,0.0,0.0,0.0,0.0,0.0,0.0,0.0,0.0,0.0,0.0,0.0,0.0,0.0,65.6,0,128,62,40,65476,0,300,0,0,8,20529,65476,0,0,2621,60.0,0.0,0.0,0.0,0.0,0.0
2026-07-09T15:59:55,ERR,ERR,ERR,ERR,ERR,ERR,ERR,ERR,ERR,ERR,ERR,ERR,ERR,ERR,ERR,ERR,ERR,ERR,ERR,ERR,ERR,ERR,ERR,ERR,ERR,ERR,ERR,ERR,ERR,ERR,ERR,ERR,ERR,ERR,ERR,ERR,ERR,ERR,ERR,ERR,ERR,ERR,ERR,ERR,ERR,ERR,ERR,ERR,ERR,ERR,ERR,ERR,ERR,ERR,ERR,ERR,ERR,ERR,ERR,ERR,ERR,ERR,ERR,ERR,ERR,ERR,ERR,ERR,ERR,ERR,ERR,ERR,ERR,ERR,ERR,ERR,ERR,ERR,ERR,ERR,ERR,ERR,ERR,ERR,ERR,ERR,ERR,ERR,ERR,ERR,ERR,ERR,ERR,ERR,ERR,ERR,ERR,ERR,ERR,ERR,ERR,ERR,ERR,ERR,ERR,ERR,ERR,ERR,ERR,ERR,ERR,ERR,ERR,ERR,ERR,ERR,ERR,ERR,ERR,ERR,ERR,ERR,ERR,ERR,ERR,2.7184246165485387e+23,-107615984.0,0.0,-107611616.0,-1575170.375,-3.835246022544589e+16,-7.927280263208097e+34,-0.0,0,0,4,17309,7116,0.0,100,0.0,0.0,-107611616.0,0.0,0.0,0,0,0,0,0.0,0,0,0,0,0,0,0,0,0,0,0,0,0,0,0,0,0,0,0,0,0,0,0,0,0,0,0,0,0,0,0,0,0,31,40,40,71,65476,0,300,0,0,8,21553,0.0,-107605600.0,0.0,0.0,0.0,0.0,0.0,0.0,0.0,0.0,0.0,0.0,0.0,0.0,0.0,0.0,0.0,0.0,0.0,0.0,0.0,0.0,2.004,2.004,0.0,0.0,0.0,0.0,0.0,0.0,5451.0,564146772901888.0,6923.0,2.7184246165485387e+23,-107615984.0,2.004,2.004,0.0,0.0,0.0,0.0,69,2.718423355540643e+23,0.0,0.0,0.0,0.0,0.0,0.0,0.0,0.0,0,0,0,0.0,0.0,0.0,0.0,0.0,0.0,0.0,0.0,0.0,0.0,0.0,0.0,0.0,0.0,0.0,0.0,0,-107875648.0,69,0.0,138,0.0,2.012,ERR,ERR,ERR,ERR,ERR,ERR,ERR,ERR,ERR,ERR,ERR,ERR,ERR,ERR,ERR,ERR,ERR,ERR,ERR,ERR,ERR,ERR,ERR,ERR,ERR,ERR,ERR,ERR,ERR,ERR,ERR,ERR,ERR,ERR,ERR,ERR,ERR,ERR,ERR,ERR,ERR,ERR,ERR,ERR,ERR,ERR,ERR,ERR,ERR,ERR,ERR,ERR,ERR,ERR,ERR,ERR,ERR,ERR,ERR,ERR,ERR,ERR,ERR,ERR,ERR,ERR,ERR,60.0,60.0,35,0.0,0.0,0.0,0.0,0.0,0.0,0.0,0.0,0.0,0.0,0.0,0.0,0.0,0.0,0.0,0.0,65.6,0,128,62,40,65476,0,300,0,0,8,20529,65476,0,0,2621,60.0,0.0,0.0,0.0,0.0,0.0
2026-07-09T15:59:56,ERR,ERR,ERR,ERR,ERR,ERR,ERR,ERR,ERR,ERR,ERR,ERR,ERR,ERR,ERR,ERR,ERR,ERR,ERR,ERR,ERR,ERR,ERR,ERR,ERR,ERR,ERR,ERR,ERR,ERR,ERR,ERR,ERR,ERR,ERR,ERR,ERR,ERR,ERR,ERR,ERR,ERR,ERR,ERR,ERR,ERR,ERR,ERR,ERR,ERR,ERR,ERR,ERR,ERR,ERR,ERR,ERR,ERR,ERR,ERR,ERR,ERR,ERR,ERR,ERR,ERR,ERR,ERR,ERR,ERR,ERR,ERR,ERR,ERR,ERR,ERR,ERR,ERR,ERR,ERR,ERR,ERR,ERR,ERR,ERR,ERR,ERR,ERR,ERR,ERR,ERR,ERR,ERR,ERR,ERR,ERR,ERR,ERR,ERR,ERR,ERR,ERR,ERR,ERR,ERR,ERR,ERR,ERR,ERR,ERR,ERR,ERR,ERR,ERR,ERR,ERR,ERR,ERR,ERR,ERR,ERR,ERR,ERR,ERR,ERR,2.7184246165485387e+23,-107615984.0,0.0,-107611616.0,-1575170.375,-3.835246022544589e+16,-7.927280263208097e+34,-0.0,0,0,4,17309,7116,0.0,100,0.0,0.0,-107611616.0,0.0,0.0,0,0,0,0,0.0,0,0,0,0,0,0,0,0,0,0,0,0,0,0,0,0,0,0,0,0,0,0,0,0,0,0,0,0,0,0,0,0,0,31,40,40,71,65476,0,300,0,0,8,21553,0.0,-107605600.0,0.0,0.0,0.0,0.0,0.0,0.0,0.0,0.0,0.0,0.0,0.0,0.0,0.0,0.0,0.0,0.0,0.0,0.0,0.0,0.0,2.004,2.004,0.0,0.0,0.0,0.0,0.0,0.0,5451.0,564146772901888.0,6923.0,2.7184246165485387e+23,-107615984.0,2.004,2.004,0.0,0.0,0.0,0.0,69,2.718423355540643e+23,0.0,0.0,0.0,0.0,0.0,0.0,0.0,0.0,0,0,0,0.0,0.0,0.0,0.0,0.0,0.0,0.0,0.0,0.0,0.0,0.0,0.0,0.0,0.0,0.0,0.0,0,-107875648.0,69,0.0,138,0.0,2.012,ERR,ERR,ERR,ERR,ERR,ERR,ERR,ERR,ERR,ERR,ERR,ERR,ERR,ERR,ERR,ERR,ERR,ERR,ERR,ERR,ERR,ERR,ERR,ERR,ERR,ERR,ERR,ERR,ERR,ERR,ERR,ERR,ERR,ERR,ERR,ERR,ERR,ERR,ERR,ERR,ERR,ERR,ERR,ERR,ERR,ERR,ERR,ERR,ERR,ERR,ERR,ERR,ERR,ERR,ERR,ERR,ERR,ERR,ERR,ERR,ERR,ERR,ERR,ERR,ERR,ERR,ERR,60.0,60.0,35,0.0,0.0,0.0,0.0,0.0,0.0,0.0,0.0,0.0,0.0,0.0,0.0,0.0,0.0,0.0,0.0,65.6,0,129,62,40,65476,0,300,0,0,8,20529,65476,0,0,2621,60.0,0.0,0.0,0.0,0.0,0.0
2026-07-09T15:59:57,ERR,ERR,ERR,ERR,ERR,ERR,ERR,ERR,ERR,ERR,ERR,ERR,ERR,ERR,ERR,ERR,ERR,ERR,ERR,ERR,ERR,ERR,ERR,ERR,ERR,ERR,ERR,ERR,ERR,ERR,ERR,ERR,ERR,ERR,ERR,ERR,ERR,ERR,ERR,ERR,ERR,ERR,ERR,ERR,ERR,ERR,ERR,ERR,ERR,ERR,ERR,ERR,ERR,ERR,ERR,ERR,ERR,ERR,ERR,ERR,ERR,ERR,ERR,ERR,ERR,ERR,ERR,ERR,ERR,ERR,ERR,ERR,ERR,ERR,ERR,ERR,ERR,ERR,ERR,ERR,ERR,ERR,ERR,ERR,ERR,ERR,ERR,ERR,ERR,ERR,ERR,ERR,ERR,ERR,ERR,ERR,ERR,ERR,ERR,ERR,ERR,ERR,ERR,ERR,ERR,ERR,ERR,ERR,ERR,ERR,ERR,ERR,ERR,ERR,ERR,ERR,ERR,ERR,ERR,ERR,ERR,ERR,ERR,ERR,ERR,2.7184246165485387e+23,-107615984.0,0.0,-107611616.0,-1575170.375,-3.835246022544589e+16,-7.927280263208097e+34,-0.0,0,0,4,17309,7116,0.0,100,0.0,0.0,-107611616.0,0.0,0.0,0,0,0,0,0.0,0,0,0,0,0,0,0,0,0,0,0,0,0,0,0,0,0,0,0,0,0,0,0,0,0,0,0,0,0,0,0,0,0,31,40,40,71,65476,0,300,0,0,8,21553,0.0,-107605600.0,0.0,0.0,0.0,0.0,0.0,0.0,0.0,0.0,0.0,0.0,0.0,0.0,0.0,0.0,0.0,0.0,0.0,0.0,0.0,0.0,2.004,2.004,0.0,0.0,0.0,0.0,0.0,0.0,5451.0,564146772901888.0,6923.0,2.7184246165485387e+23,-107615984.0,2.004,2.004,0.0,0.0,0.0,0.0,69,2.718423355540643e+23,0.0,0.0,0.0,0.0,0.0,0.0,0.0,0.0,0,0,0,0.0,0.0,0.0,0.0,0.0,0.0,0.0,0.0,0.0,0.0,0.0,0.0,0.0,0.0,0.0,0.0,0,-107875648.0,69,0.0,138,0.0,2.012,ERR,ERR,ERR,ERR,ERR,ERR,ERR,ERR,ERR,ERR,ERR,ERR,ERR,ERR,ERR,ERR,ERR,ERR,ERR,ERR,ERR,ERR,ERR,ERR,ERR,ERR,ERR,ERR,ERR,ERR,ERR,ERR,ERR,ERR,ERR,ERR,ERR,ERR,ERR,ERR,ERR,ERR,ERR,ERR,ERR,ERR,ERR,ERR,ERR,ERR,ERR,ERR,ERR,ERR,ERR,ERR,ERR,ERR,ERR,ERR,ERR,ERR,ERR,ERR,ERR,ERR,ERR,60.0,60.0,35,0.0,0.0,0.0,0.0,0.0,0.0,0.0,0.0,0.0,0.0,0.0,0.0,0.0,0.0,0.0,0.0,65.6,0,129,62,40,65476,0,300,0,0,8,20529,65476,0,0,2621,60.0,0.0,0.0,0.0,0.0,0.0
2026-07-09T15:59:58,ERR,ERR,ERR,ERR,ERR,ERR,ERR,ERR,ERR,ERR,ERR,ERR,ERR,ERR,ERR,ERR,ERR,ERR,ERR,ERR,ERR,ERR,ERR,ERR,ERR,ERR,ERR,ERR,ERR,ERR,ERR,ERR,ERR,ERR,ERR,ERR,ERR,ERR,ERR,ERR,ERR,ERR,ERR,ERR,ERR,ERR,ERR,ERR,ERR,ERR,ERR,ERR,ERR,ERR,ERR,ERR,ERR,ERR,ERR,ERR,ERR,ERR,ERR,ERR,ERR,ERR,ERR,ERR,ERR,ERR,ERR,ERR,ERR,ERR,ERR,ERR,ERR,ERR,ERR,ERR,ERR,ERR,ERR,ERR,ERR,ERR,ERR,ERR,ERR,ERR,ERR,ERR,ERR,ERR,ERR,ERR,ERR,ERR,ERR,ERR,ERR,ERR,ERR,ERR,ERR,ERR,ERR,ERR,ERR,ERR,ERR,ERR,ERR,ERR,ERR,ERR,ERR,ERR,ERR,ERR,ERR,ERR,ERR,ERR,ERR,2.7184246165485387e+23,-107615984.0,0.0,-107611616.0,-1575170.375,-3.835246022544589e+16,-7.927280263208097e+34,-0.0,0,0,4,17309,7116,0.0,100,0.0,0.0,-107611616.0,0.0,0.0,0,0,0,0,0.0,0,0,0,0,0,0,0,0,0,0,0,0,0,0,0,0,0,0,0,0,0,0,0,0,0,0,0,0,0,0,0,0,0,31,40,40,71,65476,0,300,0,0,8,21553,0.0,-107605600.0,0.0,0.0,0.0,0.0,0.0,0.0,0.0,0.0,0.0,0.0,0.0,0.0,0.0,0.0,0.0,0.0,0.0,0.0,0.0,0.0,2.004,2.004,0.0,0.0,0.0,0.0,0.0,0.0,5451.0,564146772901888.0,6923.0,2.7184246165485387e+23,-107615984.0,2.004,2.004,0.0,0.0,0.0,0.0,69,2.718423355540643e+23,0.0,0.0,0.0,0.0,0.0,0.0,0.0,0.0,0,0,0,0.0,0.0,0.0,0.0,0.0,0.0,0.0,0.0,0.0,0.0,0.0,0.0,0.0,0.0,0.0,0.0,0,-107875648.0,69,0.0,138,0.0,2.012,ERR,ERR,ERR,ERR,ERR,ERR,ERR,ERR,ERR,ERR,ERR,ERR,ERR,ERR,ERR,ERR,ERR,ERR,ERR,ERR,ERR,ERR,ERR,ERR,ERR,ERR,ERR,ERR,ERR,ERR,ERR,ERR,ERR,ERR,ERR,ERR,ERR,ERR,ERR,ERR,ERR,ERR,ERR,ERR,ERR,ERR,ERR,ERR,ERR,ERR,ERR,ERR,ERR,ERR,ERR,ERR,ERR,ERR,ERR,ERR,ERR,ERR,ERR,ERR,ERR,ERR,ERR,60.0,60.0,35,0.0,0.0,0.0,0.0,0.0,0.0,0.0,0.0,0.0,0.0,0.0,0.0,0.0,0.0,0.0,0.0,66.0,0,129,62,40,65476,0,300,0,0,8,20529,65476,0,0,2621,60.0,0.0,0.0,0.0,0.0,0.0
2026-07-09T15:59:59,ERR,ERR,ERR,ERR,ERR,ERR,ERR,ERR,ERR,ERR,ERR,ERR,ERR,ERR,ERR,ERR,ERR,ERR,ERR,ERR,ERR,ERR,ERR,ERR,ERR,ERR,ERR,ERR,ERR,ERR,ERR,ERR,ERR,ERR,ERR,ERR,ERR,ERR,ERR,ERR,ERR,ERR,ERR,ERR,ERR,ERR,ERR,ERR,ERR,ERR,ERR,ERR,ERR,ERR,ERR,ERR,ERR,ERR,ERR,ERR,ERR,ERR,ERR,ERR,ERR,ERR,ERR,ERR,ERR,ERR,ERR,ERR,ERR,ERR,ERR,ERR,ERR,ERR,ERR,ERR,ERR,ERR,ERR,ERR,ERR,ERR,ERR,ERR,ERR,ERR,ERR,ERR,ERR,ERR,ERR,ERR,ERR,ERR,ERR,ERR,ERR,ERR,ERR,ERR,ERR,ERR,ERR,ERR,ERR,ERR,ERR,ERR,ERR,ERR,ERR,ERR,ERR,ERR,ERR,ERR,ERR,ERR,ERR,ERR,ERR,2.7184246165485387e+23,-107615984.0,0.0,-107611616.0,-1575170.375,-3.835246022544589e+16,-7.927280263208097e+34,-0.0,0,0,4,17309,7116,0.0,100,0.0,0.0,-107611616.0,0.0,0.0,0,0,0,0,0.0,0,0,0,0,0,0,0,0,0,0,0,0,0,0,0,0,0,0,0,0,0,0,0,0,0,0,0,0,0,0,0,0,0,31,40,40,71,65476,0,300,0,0,8,21553,0.0,-107605600.0,0.0,0.0,0.0,0.0,0.0,0.0,0.0,0.0,0.0,0.0,0.0,0.0,0.0,0.0,0.0,0.0,0.0,0.0,0.0,0.0,2.004,2.004,0.0,0.0,0.0,0.0,0.0,0.0,5451.0,564146772901888.0,6923.0,2.7184246165485387e+23,-107615984.0,2.004,2.004,0.0,0.0,0.0,0.0,69,2.718423355540643e+23,0.0,0.0,0.0,0.0,0.0,0.0,0.0,0.0,0,0,0,0.0,0.0,0.0,0.0,0.0,0.0,0.0,0.0,0.0,0.0,0.0,0.0,0.0,0.0,0.0,0.0,0,-107875648.0,69,0.0,138,0.0,2.012,ERR,ERR,ERR,ERR,ERR,ERR,ERR,ERR,ERR,ERR,ERR,ERR,ERR,ERR,ERR,ERR,ERR,ERR,ERR,ERR,ERR,ERR,ERR,ERR,ERR,ERR,ERR,ERR,ERR,ERR,ERR,ERR,ERR,ERR,ERR,ERR,ERR,ERR,ERR,ERR,ERR,ERR,ERR,ERR,ERR,ERR,ERR,ERR,ERR,ERR,ERR,ERR,ERR,ERR,ERR,ERR,ERR,ERR,ERR,ERR,ERR,ERR,ERR,ERR,ERR,ERR,ERR,60.0,60.0,35,0.0,0.0,0.0,0.0,0.0,0.0,0.0,0.0,0.0,0.0,0.0,0.0,0.0,0.0,0.0,0.0,65.6,0,129,62,40,65476,0,300,0,0,8,20529,65476,0,0,2621,60.0,0.0,0.0,0.0,0.0,0.0
